MFeature_0,MFeature_1,MFeature_2,MFeature_3,MFeature_4,MFeature_5,MFeature_6,MFeature_7,MFeature_8,MFeature_9,MFeature_10,MFeature_11,MFeature_12,MFeature_13,MFeature_14,MFeature_15,MFeature_16,MFeature_17,MFeature_18,MFeature_19,MFeature_20,MFeature_21,MFeature_22,MFeature_23,MFeature_24,MFeature_25,MFeature_26,MFeature_27,MFeature_28,MFeature_29,MFeature_30,MFeature_31,MFeature_32,MFeature_33,MFeature_34,MFeature_35,MFeature_36,MFeature_37,MFeature_38,MFeature_39,MFeature_40,MFeature_41,MFeature_42,MFeature_43,MFeature_44,MFeature_45,MFeature_46,MFeature_47,MFeature_48,MFeature_49,MFeature_50,MFeature_51,MFeature_52,MFeature_53,MFeature_54,MFeature_55,MFeature_56,MFeature_57,MFeature_58,MFeature_59,MFeature_60,MFeature_61,MFeature_62,MFeature_63,MFeature_64,MFeature_65,MFeature_66,MFeature_67,MFeature_68,MFeature_69,MFeature_70,MFeature_71,MFeature_72,MFeature_73,MFeature_74,MFeature_75,MFeature_76,MFeature_77,MFeature_78,MFeature_79,MFeature_80,MFeature_81,MFeature_82,MFeature_83,MFeature_84,MFeature_85,MFeature_86,MFeature_87,MFeature_88,MFeature_89,MFeature_90,MFeature_91,MFeature_92,MFeature_93,MFeature_94,MFeature_95,MFeature_96,MFeature_97,MFeature_98,MFeature_99,MFeature_100,MFeature_101,MFeature_102,MFeature_103,MFeature_104,MFeature_105,MFeature_106,MFeature_107,MFeature_108,MFeature_109,MFeature_110,MFeature_111,MFeature_112,MFeature_113,MFeature_114,MFeature_115,MFeature_116,MFeature_117,MFeature_118,MFeature_119,MFeature_120,MFeature_121,MFeature_122,MFeature_123,MFeature_124,MFeature_125,MFeature_126,MFeature_127,MFeature_128,MFeature_129,MFeature_130,MFeature_131,MFeature_132,MFeature_133,MFeature_134,MFeature_135,MFeature_136,MFeature_137,MFeature_138,MFeature_139,MFeature_140,MFeature_141,MFeature_142,MFeature_143,MFeature_144,MFeature_145,MFeature_146,MFeature_147,MFeature_148,MFeature_149,MFeature_150,MFeature_151,MFeature_152,MFeature_153,MFeature_154,MFeature_155,MFeature_156,MFeature_157,MFeature_158,MFeature_159,MFeature_160,MFeature_161,MFeature_162,MFeature_163,MFeature_164,MFeature_165,MFeature_166,MFeature_167,MFeature_168,MFeature_169,MFeature_170,MFeature_171,MFeature_172,MFeature_173,MFeature_174,MFeature_175,MFeature_176,MFeature_177,MFeature_178,MFeature_179,MFeature_180,MFeature_181,MFeature_182,MFeature_183,MFeature_184,MFeature_185,MFeature_186,MFeature_187,MFeature_188,MFeature_189,MFeature_190,MFeature_191,MFeature_192,MFeature_193,MFeature_194,MFeature_195,MFeature_196,MFeature_197,MFeature_198,MFeature_199,MFeature_200,MFeature_201,MFeature_202,MFeature_203,MFeature_204,MFeature_205,MFeature_206,MFeature_207,MFeature_208,MFeature_209,MFeature_210,MFeature_211,MFeature_212,MFeature_213,MFeature_214,MFeature_215,MFeature_216,MFeature_217,MFeature_218,MFeature_219,MFeature_220,MFeature_221,MFeature_222,MFeature_223,MFeature_224,MFeature_225,MFeature_226,MFeature_227,MFeature_228,MFeature_229,MFeature_230,MFeature_231,MFeature_232,MFeature_233,MFeature_234,MFeature_235,MFeature_236,MFeature_237,MFeature_238,MFeature_239,MFeature_240,MFeature_241,MFeature_242,MFeature_243,MFeature_244,MFeature_245,MFeature_246,MFeature_247,MFeature_248,MFeature_249,MFeature_250,MFeature_251,MFeature_252,MFeature_253,MFeature_254,MFeature_255,MFeature_256,MFeature_257,MFeature_258,MFeature_259,MFeature_260,MFeature_261,MFeature_262,MFeature_263,MFeature_264,MFeature_265,MFeature_266,MFeature_267,MFeature_268,MFeature_269,MFeature_270,MFeature_271,MFeature_272,MFeature_273,MFeature_274,MFeature_275,MFeature_276,MFeature_277,MFeature_278,MFeature_279,MFeature_280,MFeature_281,MFeature_282,MFeature_283,MFeature_284,MFeature_285,MFeature_286,MFeature_287,MFeature_288,MFeature_289,MFeature_290,MFeature_291,MFeature_292,MFeature_293,MFeature_294,MFeature_295,MFeature_296,MFeature_297,MFeature_298,MFeature_299,MFeature_300,MFeature_301,MFeature_302,MFeature_303,MFeature_304,MFeature_305,MFeature_306,MFeature_307,MFeature_308,MFeature_309,MFeature_310,MFeature_311,MFeature_312,MFeature_313,MFeature_314,MFeature_315,MFeature_316,MFeature_317,MFeature_318,MFeature_319,MFeature_320,MFeature_321,MFeature_322,MFeature_323,MFeature_324,MFeature_325,MFeature_326,MFeature_327,MFeature_328,MFeature_329,MFeature_330,MFeature_331,MFeature_332,MFeature_333,MFeature_334,MFeature_335,MFeature_336,MFeature_337,MFeature_338,MFeature_339,MFeature_340,MFeature_341,MFeature_342,MFeature_343,MFeature_344,MFeature_345,MFeature_346,MFeature_347,MFeature_348,MFeature_349,MFeature_350,MFeature_351,MFeature_352,MFeature_353,MFeature_354,MFeature_355,MFeature_356,MFeature_357,MFeature_358,MFeature_359,MFeature_360,MFeature_361,MFeature_362,MFeature_363,MFeature_364,MFeature_365,MFeature_366,MFeature_367,MFeature_368,MFeature_369,MFeature_370,MFeature_371,MFeature_372,MFeature_373,MFeature_374,MFeature_375,MFeature_376,MFeature_377,MFeature_378,MFeature_379,MFeature_380,MFeature_381,MFeature_382,MFeature_383,MFeature_384,MFeature_385,MFeature_386,MFeature_387,MFeature_388,MFeature_389,MFeature_390,MFeature_391,MFeature_392,MFeature_393,MFeature_394,MFeature_395,MFeature_396,MFeature_397,MFeature_398,MFeature_399,MFeature_400,MFeature_401,MFeature_402,MFeature_403,MFeature_404,MFeature_405,MFeature_406,MFeature_407,MFeature_408,MFeature_409,MFeature_410,MFeature_411,MFeature_412,MFeature_413,MFeature_414,MFeature_415,MFeature_416,MFeature_417,MFeature_418,MFeature_419,MFeature_420,MFeature_421,MFeature_422,MFeature_423,MFeature_424,MFeature_425,MFeature_426,MFeature_427,MFeature_428,MFeature_429,MFeature_430,MFeature_431,MFeature_432,MFeature_433,MFeature_434,MFeature_435,MFeature_436,MFeature_437,MFeature_438,MFeature_439,MFeature_440,MFeature_441,MFeature_442,MFeature_443,MFeature_444,MFeature_445,MFeature_446,MFeature_447,MFeature_448,MFeature_449,MFeature_450,MFeature_451,MFeature_452,MFeature_453,MFeature_454,MFeature_455,MFeature_456,MFeature_457,MFeature_458,MFeature_459,MFeature_460,MFeature_461,MFeature_462,MFeature_463,MFeature_464,MFeature_465,MFeature_466,MFeature_467,MFeature_468,MFeature_469,MFeature_470,MFeature_471,MFeature_472,MFeature_473,MFeature_474,MFeature_475,MFeature_476,MFeature_477,MFeature_478,MFeature_479,MFeature_480,MFeature_481,MFeature_482,MFeature_483,MFeature_484,MFeature_485,MFeature_486,MFeature_487,MFeature_488,MFeature_489,MFeature_490,MFeature_491,MFeature_492,MFeature_493,MFeature_494,MFeature_495,MFeature_496,MFeature_497,MFeature_498,MFeature_499,MFeature_500,MFeature_501,MFeature_502,MFeature_503,MFeature_504,MFeature_505,MFeature_506,MFeature_507,MFeature_508,MFeature_509,MFeature_510,MFeature_511,MFeature_512,MFeature_513,MFeature_514,MFeature_515,MFeature_516,MFeature_517,MFeature_518,MFeature_519,MFeature_520,MFeature_521,MFeature_522,MFeature_523,MFeature_524,MFeature_525,MFeature_526,MFeature_527,MFeature_528,MFeature_529,MFeature_530,MFeature_531,MFeature_532,MFeature_533,MFeature_534,MFeature_535,MFeature_536,MFeature_537,MFeature_538,MFeature_539,MFeature_540,MFeature_541,MFeature_542,MFeature_543,MFeature_544,MFeature_545,MFeature_546,MFeature_547,MFeature_548,MFeature_549,MFeature_550,MFeature_551,MFeature_552,MFeature_553,MFeature_554,MFeature_555,MFeature_556,MFeature_557,MFeature_558,MFeature_559,MFeature_560,MFeature_561,MFeature_562,MFeature_563,MFeature_564,MFeature_565,MFeature_566,MFeature_567,MFeature_568,MFeature_569,MFeature_570,MFeature_571,MFeature_572,MFeature_573,MFeature_574,MFeature_575,MFeature_576,MFeature_577,MFeature_578,MFeature_579,MFeature_580,MFeature_581,MFeature_582,MFeature_583,MFeature_584,MFeature_585,MFeature_586,MFeature_587,MFeature_588,MFeature_589,MFeature_590,MFeature_591,MFeature_592,MFeature_593,MFeature_594,MFeature_595,MFeature_596,MFeature_597,MFeature_598,MFeature_599,MFeature_600,MFeature_601,MFeature_602,MFeature_603,MFeature_604,MFeature_605,MFeature_606,MFeature_607,MFeature_608,MFeature_609,MFeature_610,MFeature_611,MFeature_612,MFeature_613,MFeature_614,MFeature_615,MFeature_616,MFeature_617,MFeature_618,MFeature_619,MFeature_620,MFeature_621,MFeature_622,MFeature_623,MFeature_624,MFeature_625,MFeature_626,MFeature_627,MFeature_628,MFeature_629,MFeature_630,MFeature_631,MFeature_632,MFeature_633,MFeature_634,MFeature_635,MFeature_636,MFeature_637,MFeature_638,MFeature_639,MFeature_640,MFeature_641,MFeature_642,MFeature_643,MFeature_644,MFeature_645,MFeature_646,MFeature_647,MFeature_648,MFeature_649,MFeature_650,MFeature_651,MFeature_652,MFeature_653,MFeature_654,MFeature_655,MFeature_656,MFeature_657,MFeature_658,MFeature_659,MFeature_660,MFeature_661,MFeature_662,MFeature_663,MFeature_664,MFeature_665,MFeature_666,MFeature_667,MFeature_668,MFeature_669,MFeature_670,MFeature_671,MFeature_672,MFeature_673,MFeature_674,MFeature_675,MFeature_676,MFeature_677,MFeature_678,MFeature_679,MFeature_680,MFeature_681,MFeature_682,MFeature_683,MFeature_684,MFeature_685,MFeature_686,MFeature_687,MFeature_688,MFeature_689,MFeature_690,MFeature_691,MFeature_692,MFeature_693,MFeature_694,MFeature_695,MFeature_696,MFeature_697,MFeature_698,MFeature_699,MFeature_700,MFeature_701,MFeature_702,MFeature_703,MFeature_704,MFeature_705,MFeature_706,MFeature_707,MFeature_708,MFeature_709,MFeature_710,MFeature_711,MFeature_712,MFeature_713,MFeature_714,MFeature_715,MFeature_716,MFeature_717,MFeature_718,MFeature_719,MFeature_720,MFeature_721,MFeature_722,MFeature_723,MFeature_724,MFeature_725,MFeature_726,MFeature_727,MFeature_728,MFeature_729,MFeature_730,MFeature_731,MFeature_732,MFeature_733,MFeature_734,MFeature_735,MFeature_736,MFeature_737,MFeature_738,MFeature_739,MFeature_740,MFeature_741,MFeature_742,MFeature_743,MFeature_744,MFeature_745,MFeature_746,MFeature_747,MFeature_748,MFeature_749,MFeature_750,MFeature_751,MFeature_752,MFeature_753,MFeature_754,MFeature_755,MFeature_756,MFeature_757,MFeature_758,MFeature_759,MFeature_760,MFeature_761,MFeature_762,MFeature_763,MFeature_764,MFeature_765,MFeature_766,MFeature_767,Accent
0.5296596884727478,0.2130906283855438,0.4559382796287536,-0.3788235783576965,0.0963736400008201,0.229296863079071,0.2386744916439056,0.2548413276672363,-0.0763473808765411,-0.5995948910713196,0.3987560868263244,-0.4263967275619507,0.4475667774677276,-0.2476707696914672,0.6969519257545471,-0.0656861960887909,0.0709809884428978,-0.1644545197486877,-0.0108748702332377,-0.3702743947505951,-0.7576481103897095,-0.413432627916336,0.3180697858333587,0.3614082336425781,0.053830225020647,-0.3144461810588836,0.024836154654622,0.22332763671875,-0.1629917174577713,0.0653100684285163,-0.163625493645668,-0.366718590259552,-0.2875009775161743,-0.143985703587532,-0.1412046998739242,0.7164433598518372,0.0447980128228664,-0.334321528673172,-0.048272281885147,-0.4448588788509369,0.2024504095315933,-0.0392537266016006,-0.0778143554925918,-0.4906745254993438,-0.4244580864906311,0.3569748103618622,0.1421144604682922,0.4508043527603149,0.3910716772079468,0.065802477300167,-0.2395339757204055,0.3987994194030761,0.2064034640789032,0.0377097837626934,0.5504782795906067,-0.1333968788385391,0.3774928748607635,-0.541711688041687,-0.0768055692315101,0.2613519728183746,-0.3717130422592163,-0.2485538125038147,0.521899402141571,-0.136066272854805,0.0811342075467109,0.026225758716464,-0.2150810807943344,-0.1482564061880111,0.0450063794851303,-0.7747994661331177,-0.2178253978490829,0.2925040125846863,0.3747594952583313,-0.3835846185684204,0.6918500065803528,-0.3065555095672607,0.2237822115421295,0.1153149232268333,0.2371601611375808,-0.2251027226448059,-0.3462476432323456,0.2766848802566528,0.2552945911884308,-0.7245570421218872,0.0226185377687215,0.0493616014719009,-0.4940282702445984,-0.9880563616752625,0.452703058719635,-0.3511286675930023,-0.0228992886841297,0.0741178765892982,0.2153235077857971,0.2377034276723861,0.0652189552783966,0.1718862056732177,0.1264184862375259,-0.2441621720790863,-0.2346249967813491,0.2505479454994201,0.0868691354990005,0.4093315303325653,0.32750204205513,-0.1709804832935333,-0.2634230852127075,0.0760699585080146,-0.1548914760351181,0.2174850106239318,0.2510367929935455,0.0809057801961898,-0.3745799660682678,-0.2978120148181915,-0.4654948711395263,0.2725546658039093,-0.0209189262241125,0.1435899883508682,-0.198187306523323,0.3388965129852295,-0.4349301159381866,0.6078699827194214,-0.2538466453552246,0.7915907502174377,-0.0356875881552696,0.3047783374786377,0.2150291949510574,0.5052955746650696,0.0175789315253496,-0.0272460542619228,-0.1284803003072738,-0.2572053372859955,0.0357783772051334,-0.0579200908541679,-0.6814077496528625,0.0921545028686523,-0.2537298202514648,0.9225340485572816,-0.0114336526021361,-0.0479016825556755,-0.136097177863121,-0.4668779373168945,-0.1524674445390701,-0.1324257403612136,0.2752945125102997,-0.4046907126903534,-0.1197020336985588,0.1626258939504623,-0.2094656676054,-0.4744023382663727,0.4888186752796173,0.3426395952701568,-0.391703337430954,0.8269580006599426,-0.7304170727729797,0.0575210861861705,-0.0262061338871717,0.3646568357944488,-0.7473659515380859,0.1510887295007705,0.0498598143458366,0.5594866871833801,0.0929848328232765,-0.4336896538734436,0.1997489929199218,0.3209051787853241,0.1022119894623756,0.4263670146465301,0.4947990477085113,0.234954759478569,0.1953546553850174,0.4709454476833343,0.0561673045158386,0.4962971210479736,0.0458567067980766,-0.2137681096792221,0.4985187947750091,0.2918106913566589,0.1293936520814895,0.2646268904209137,0.0680747330188751,-0.5479270219802856,-0.0365224033594131,-0.1630211323499679,-0.0103595312684774,-0.1495637893676757,0.4607514441013336,-0.16131691634655,-0.0502539128065109,0.1145083829760551,-0.2079464346170425,0.1704038232564926,0.0367571040987968,-0.262583464384079,0.3753058016300201,-0.6912090182304382,0.0999286249279975,-0.3194076120853424,-0.3274402320384979,-0.3803856372833252,-0.302856832742691,0.3924706578254699,0.0625739246606826,-0.0227741338312625,-0.1504396349191665,-0.1841774731874466,-0.8772600889205933,-0.3443240523338318,0.072902612388134,0.655198872089386,0.360122412443161,0.2266106456518173,0.0718065351247787,0.2478867173194885,0.4675061106681824,0.0748334527015686,0.1430813670158386,-0.0019422065233811,-0.2316767424345016,-0.1867131143808365,0.1263024359941482,-0.1210856661200523,0.4201357662677765,-0.0982303693890571,0.3487502336502075,-0.0542345009744167,-0.406590849161148,0.2436564266681671,0.0867293998599052,-0.3940061628818512,0.0503381453454494,0.7268115282058716,-0.2607754468917846,-0.6348714232444763,-0.4985277056694031,-0.0947990268468856,-0.6508302092552185,0.0662958398461341,-0.268383651971817,0.2855084538459778,-0.349700003862381,0.112674169242382,-0.1744929105043411,-0.4754193425178528,-0.1815786063671112,-0.2118682861328125,0.0328344888985157,0.1429506987333297,-0.0228110589087009,-0.1918207108974456,-0.51520836353302,-0.035258699208498,-0.3487142920494079,-0.4789979457855224,-0.0031026471406221,-0.5512425303459167,0.4469566941261291,0.2267684787511825,0.519576370716095,-0.0401957146823406,0.2230084687471389,-0.021178001537919,-0.0647084936499595,-0.8502422571182251,-0.1223883181810379,-0.082101322710514,-0.5005362629890442,-0.0289797261357307,0.0161732789129018,-0.4629672467708587,-0.3051377236843109,-0.4279847145080566,-0.0537696257233619,-0.4275308847427368,-0.4585559368133545,0.0507671535015106,-0.0609349831938743,0.121000550687313,-0.1441505849361419,0.4983959794044494,-0.4443674683570862,0.157625675201416,-0.6233783960342407,0.1977990418672561,-0.6939910650253296,-0.2582651376724243,0.0102615738287568,-0.2509933710098266,-0.385790079832077,0.1677277833223343,-0.4675479829311371,0.3769758343696594,0.3340494334697723,0.0589170567691326,-0.4295046031475067,-0.0234155897051095,-0.379841536283493,0.1281551122665405,0.2171487510204315,0.7272565960884094,0.2176287770271301,-0.0618875958025455,0.1726910173892974,0.4014920890331268,0.1911408603191375,0.1473643630743026,-0.1017887517809867,-0.2969529330730438,0.0840102732181549,0.055018100887537,0.6373216509819031,0.1061175316572189,-0.0175985414534807,1.0461182594299316,-0.3499410450458526,0.2470925748348236,0.49268639087677,0.2864406108856201,-1.7427469491958618,0.0124134626239538,-0.1290074437856674,0.0475340001285076,-0.2400045990943908,0.28074511885643,-0.0035546065773814,0.137170597910881,-0.459278792142868,-0.5403351783752441,0.9039117693901062,0.2878541350364685,-0.0093382988125085,-0.5122708082199097,0.3493413031101227,-0.2350283712148666,0.0298427008092403,-0.4780119359493255,0.2126775383949279,0.4782304167747497,-0.4107668399810791,0.0539882034063339,-0.1659918874502182,-0.537499725818634,-0.083966925740242,0.1677630394697189,0.1615692526102066,0.247225672006607,-0.5302152037620544,0.1380523741245269,0.3138780891895294,0.4008596837520599,0.7858495712280273,0.3039855659008026,-0.0616408102214336,0.0577767044305801,0.4450687170028686,0.1350419074296951,0.4254122972488403,-0.2856252193450928,0.1758316755294799,-0.0475820116698741,0.8534377217292786,0.0125897396355867,0.0911166295409202,-0.0015497871208935,0.1213041767477989,0.2295670956373214,-0.081953153014183,0.3548986315727234,0.1464321017265319,0.0478751249611377,0.1907066702842712,0.5322242379188538,0.5807309746742249,0.1449556350708007,-0.2838995158672333,-0.3661825656890869,0.0364569164812564,-0.321286529302597,-0.6244051456451416,-0.3386206030845642,-0.3438629508018493,-0.1222211271524429,-0.4495676457881927,0.2929139733314514,-0.0296255443245172,-0.5183850526809692,0.0549229495227336,-0.3556650280952453,-0.4252268970012665,0.3321499228477478,-0.0532559305429458,-0.7333111763000488,0.5861435532569885,0.2217282354831695,0.2881442606449127,-0.5338570475578308,-0.6530799865722656,-0.0423921756446361,-0.2733902633190155,-0.3039427995681762,0.1676573008298874,-0.3308295905590057,-0.0540301539003849,0.3473367393016815,-0.0784889757633209,-0.0932381302118301,-0.3437794744968414,-0.2950970530509949,-0.7089868783950806,0.1887605041265487,-0.0504166632890701,0.3232135474681854,0.0219684243202209,0.2221865206956863,0.2203065305948257,0.0448722839355468,-0.2711859345436096,0.0839256197214126,-0.3249978721141815,0.5804333090782166,0.3907267451286316,0.1664255708456039,0.581920862197876,0.4442465603351593,0.2811322212219238,0.5245891809463501,0.0202089324593544,0.0134099787101149,-0.610522449016571,-0.3011751174926758,0.7100160717964172,-0.0379120931029319,0.2432178258895874,-0.107879638671875,-0.0181926805526018,0.6090810298919678,-0.0324829034507274,-0.5741919279098511,0.0005142665468156,0.0738754346966743,-0.1841550320386886,0.262513518333435,0.6575903296470642,0.8228428959846497,-0.0232491437345743,0.0209028869867324,-0.140678659081459,-0.1875307261943817,0.3151618540287018,-0.1306444257497787,-0.1179750114679336,-0.2945268750190735,0.0095409927889704,0.2994397580623626,0.6596575975418091,0.2006724327802658,0.6231606602668762,0.3094731569290161,-0.3437167704105377,0.2674251198768616,0.435273140668869,0.4795292615890503,-0.2945265173912048,-0.2899815738201141,-0.3539811670780182,0.0258303135633468,-0.3896693289279938,-0.0662572011351585,0.6731356978416443,-0.1594995409250259,0.1768974959850311,0.0076765068806707,-0.6110824346542358,-0.6220504641532898,-0.3782775104045868,0.1608152389526367,-0.0992601439356803,0.1433831602334976,0.2025719732046127,-0.0135760903358459,-0.4930251836776733,0.1857774257659912,0.0561464726924896,0.2988999783992767,0.5034912824630737,-0.1536019593477249,-0.0901676565408706,0.0035907886922359,0.0382498726248741,0.0676893964409828,-0.1810710877180099,0.0458883009850978,-0.2628243565559387,-0.4944120943546295,0.0162131208926439,0.1840128451585769,0.2542142868041992,-0.1465330421924591,0.6534149646759033,0.1324674189090728,-0.5132039189338684,-0.565060019493103,-0.237240582704544,-0.2221661806106567,-0.0452727153897285,-0.4980322420597076,-0.0901912376284599,0.0443757846951484,0.3667648136615753,0.0876772403717041,0.2802462577819824,-0.3576146960258484,0.0792291760444641,0.2387515604496002,0.6340348720550537,-0.1300701349973678,0.2300144582986831,-0.1985842436552047,0.0217490531504154,0.0881654992699623,0.0755990594625473,0.0594925098121166,-0.1432090848684311,-0.536220908164978,-0.6978509426116943,-0.3783296048641205,-0.1789586842060089,-1.0786592960357666,0.5394381880760193,0.1386258453130722,0.2410538047552108,-0.4676302969455719,-0.4629960358142853,-0.147763043642044,0.3010770082473755,-0.115580216050148,0.4248737096786499,-0.2177674025297165,-0.5781479477882385,-0.0497000403702259,0.1251947283744812,-0.6601473689079285,0.9405031204223632,0.2545405626296997,-0.4916508197784424,-0.3954956829547882,0.387395292520523,0.1958344131708145,-0.2218459993600845,0.1072808057069778,-0.1325920820236206,-0.5393648147583008,0.1550326347351074,-0.3469339609146118,0.3210111856460571,-0.1543601602315902,-3.526743239490315e-05,-0.1246603056788444,0.5851903557777405,0.3443279862403869,0.2443006783723831,0.0775589197874069,-0.2279006391763687,-0.2089708745479583,-0.2480691522359848,0.3257020711898803,0.1407943069934845,0.3850536048412323,-0.1766823679208755,0.3162503838539123,0.5831259489059448,-0.8466090559959412,0.0867414474487304,0.7604172825813293,0.4110320210456848,0.444315493106842,-0.1525647640228271,0.03209038823843,-0.8170374035835266,0.1355699896812439,0.1418216824531555,-0.0172215569764375,0.4570207893848419,-0.0356507040560245,-0.1375111788511276,-0.4097650349140167,-0.0168074183166027,0.4003950655460357,0.1728287488222122,0.0364892520010471,0.4355419874191284,-0.1556229144334793,0.5133227705955505,0.3383309543132782,-0.2615169286727905,-0.3602937161922455,0.0543467439711093,0.4090258181095123,0.7752847075462341,0.1817598491907119,0.3601688146591186,-0.7150218486785889,-0.6305393576622009,0.3012827634811401,0.0831094086170196,0.3051785230636596,0.5014293193817139,-0.2748686373233795,-0.0627902820706367,0.6112644672393799,0.2978948354721069,-0.0707817524671554,-0.3294468224048614,-0.4165408909320831,-0.1707163900136947,-0.2366679608821869,-0.5008911490440369,0.2017518132925033,0.0845913216471672,-0.0467947907745838,0.2117699682712555,0.0154199143871665,0.0983888357877731,0.5822260975837708,0.0028719732072204,-0.305047333240509,0.2047902196645736,0.0614336542785167,-0.0901422724127769,0.0808300226926803,-0.2235193252563476,-0.2465935945510864,-0.0241717658936977,0.2415190041065216,-0.1573673337697982,0.2025086134672165,0.0340979881584644,0.1619161665439605,0.3305917084217071,-0.4448821544647217,-0.1901049017906189,-0.314644455909729,-0.3174638450145721,-0.1307286322116851,-0.6577920317649841,-0.3597747385501861,-0.0309588555246591,-0.0471150875091552,-0.1592544317245483,-0.05937360227108,-0.4678713381290436,-0.2325161099433899,-0.4492211043834686,0.2522855401039123,-0.1734455525875091,-0.8417651653289795,0.3823029398918152,0.2627186775207519,-0.1252967417240142,-1.1999207735061646,0.247536301612854,0.1704616248607635,0.2441152334213256,0.1721053123474121,0.704698920249939,-0.3422385454177856,-0.2607019543647766,0.0875810459256172,-0.2855316996574402,0.2547450661659241,-10.516351699829102,0.1059780791401863,-0.4225786030292511,-0.3998930752277374,-0.3504877388477325,0.3931498527526855,0.6256321668624878,0.5662823915481567,-0.1955859363079071,0.1214233934879303,-0.0340548641979694,0.0915949419140815,-0.0144770285114645,0.6837878823280334,-0.5207838416099548,-0.3065536618232727,-0.2305571138858795,-0.0215277168899774,-0.0403221026062965,-0.2391912043094635,0.1143146902322769,-0.284472644329071,0.5086359977722168,0.7366798520088196,0.5462241768836975,-0.4084236323833465,-0.2611879706382751,0.0024734144099056,-0.2027534991502761,0.5919749736785889,-0.6013648509979248,0.5325713157653809,0.0364352501928806,0.3010843992233276,-0.1525362879037857,0.2529691159725189,-0.4028312265872955,0.6683297157287598,-0.0390014834702014,0.4041423201560974,0.3153025507926941,0.4241274297237396,-0.025679500773549,-0.0304168835282325,0.1748992651700973,0.2391737103462219,0.469064712524414,0.0111696710810065,0.5418323874473572,-0.2422156333923339,-0.1271032989025116,0.1338433921337127,0.0682288780808448,-0.0943486765027046,0.4556112885475158,-0.0305458642542362,0.6394035816192627,-0.6745585203170776,-0.031642060726881,0.0643760710954666,0.3380284905433655,-0.0773757696151733,0.3833673596382141,0.444365918636322,0.30074143409729,0.4105566740036011,0.5217416882514954,0.3653739690780639,-0.9130431413650512,-0.2377991825342178,0.1625676453113556,0.471616268157959,-0.0950486809015274,0.3251329064369201,-0.2567318379878998,0.3133965134620666,0.3614666759967804,-0.2959363758563995,0.0550640672445297,-0.0280053783208131,0.2839506864547729,-0.3029759228229522,0.0833558365702629,0.2407184094190597,-0.621874213218689,0.0487202405929565,-0.0832330659031868,-0.04812478646636,0.259869247674942,-0.4461257457733154,0.2382365614175796,0.0838035121560096,-0.5344372987747192,0.5065318942070007,0.4480125904083252,0.0181824807077646,-0.121032990515232,0.2265196144580841,0.4854059219360351,-0.0247120037674903,0
0.7160406708717346,0.5496041178703308,1.0600578784942627,-0.4431724548339844,0.0448430813848972,0.3219568729400635,0.2715650498867035,0.0062799644656479,-0.6299976110458374,-0.2329137921333313,0.5505568981170654,-0.5564342141151428,-0.2968236804008484,-0.1863660514354705,0.32614865899086,0.0199595429003238,-0.1589935719966888,-0.4174444079399109,0.3077236413955688,-0.4441926181316376,-1.435692310333252,-0.5543021559715271,-0.1952914595603943,0.1669474244117736,-0.3150492012500763,-0.4724974632263183,0.2600679993629455,0.0922654122114181,0.3445742428302765,-0.343114972114563,-0.6205287575721741,-0.1694863736629486,0.0276246853172779,0.1345271468162536,-0.5564649701118469,0.5066118240356445,0.0104094464331865,-0.3863275647163391,0.7529186010360718,0.190581202507019,-0.0434430949389934,-0.0062533719465136,-0.1106757670640945,-0.0010885586962103,-0.2329510599374771,0.1116471886634826,0.1652374267578125,0.3185009360313415,-0.0247206445783376,-0.4215655922889709,-0.8240092396736145,0.5963747501373291,0.3773230612277984,-0.0269231144338846,0.1930460333824157,-0.2094836086034774,0.954737663269043,-1.0668796300888062,0.130802184343338,0.3891322314739227,-0.6298655867576599,-0.3246212005615234,0.4780248403549194,-0.1246212720870971,-0.186718076467514,0.2396682798862457,0.023499870672822,-0.0045924559235572,0.492657870054245,-0.536670446395874,0.445383220911026,0.137165293097496,-0.1062554866075515,-0.7000160217285156,0.588559627532959,-0.2727632224559784,0.112935334444046,0.3397274315357208,0.1951669007539749,0.0292498487979173,0.1833639442920684,0.1893945634365081,0.1850089281797409,-0.4678379893302917,-0.4566177427768707,0.1382855623960495,-0.7634050250053406,-1.0278390645980835,0.5832114815711975,-0.3624027371406555,0.033557940274477,0.273272693157196,0.3222914934158325,-0.1099065691232681,0.4741979241371155,0.2392270714044571,0.0166855566203594,-0.0043402756564319,-0.3339742422103882,0.031827837228775,-0.3185054659843445,0.0691365972161293,0.1393540650606155,-0.4681010246276855,0.1093716472387313,-0.1714517027139663,-0.3932948112487793,0.5831077694892883,0.3211843073368072,0.2408215552568435,-0.3932655453681946,-0.3886343240737915,-0.544151246547699,-0.2606160640716553,0.48261159658432,0.0443647839128971,-0.5017679333686829,0.6238043904304504,-0.3327780663967132,0.5301656126976013,0.1648320406675338,0.3450007140636444,-0.046100802719593,-0.4880585074424743,-0.1340521574020385,0.6939308643341064,0.2395305931568145,-0.0871166661381721,0.2279672026634216,-0.1759323179721832,-0.1812437176704406,-0.7236559987068176,-0.0606303624808788,-0.1284232586622238,-0.4148086905479431,0.7964227795600891,0.3081644177436828,0.0459326207637786,0.2721553444862366,-0.5111276507377625,-0.5176360011100769,-0.2339594066143036,0.4802360832691192,-0.6775243282318115,0.1863149553537368,0.4573135673999786,-0.3242950141429901,-0.2710474133491516,0.719058096408844,0.344485729932785,-0.0405073091387748,1.221623778343201,-0.5083168148994446,-0.0042150439694523,-0.1091043278574943,0.5945374369621277,-0.7333052158355713,0.3256069421768188,0.537666380405426,0.4378291070461273,0.7361007332801819,-0.0103426575660705,0.0524857640266418,0.4433907568454742,0.0224078278988599,0.2883355915546417,0.1595441699028015,-0.4797025620937347,-0.3036799728870392,0.4212587773799896,0.1494921743869781,0.548896074295044,0.3409509360790252,-0.0871381014585495,-0.3950188457965851,0.1619779616594314,0.8203318119049072,-0.1802835911512375,0.2675783336162567,-0.7529749870300293,-0.2787104547023773,0.1595818102359771,0.562970757484436,-0.6086323857307434,0.4922395646572113,-0.0607765987515449,0.0525845624506473,-0.1430233120918274,-0.1919663548469543,0.0997748300433158,-0.3555605113506317,-0.5002982020378113,0.5069612860679626,-0.5319347977638245,-0.3023192584514618,-0.4192430675029754,0.3326950073242187,0.1380854696035385,-0.4933838248252868,0.6112861037254333,0.3284007012844085,0.1616570353507995,-0.1621584892272949,-0.5787858963012695,-0.9845398664474488,-0.0654933899641037,-0.0381376333534717,0.2911118865013122,0.2583819925785064,0.3827478885650635,-0.5706953406333923,0.0709239393472671,0.0739507302641868,0.2867769598960876,0.6943717002868652,0.3660307824611664,-0.2548193037509918,-0.4564126431941986,-0.0378085523843765,-0.0454684756696224,0.1466283947229385,-0.2530595660209656,0.3082716763019562,0.1777791380882263,0.0423457957804203,0.1954853534698486,0.1800612956285476,-0.4829595685005188,-0.4469911456108093,0.4224537014961242,-0.5547980070114136,-0.6095532178878784,-0.2875030934810638,-0.0714776515960693,-0.6480852365493774,-0.5900214314460754,-0.388478547334671,-0.0270618125796318,-0.2967996299266815,0.5098548531532288,-0.22074955701828,-0.3468151390552521,0.4216444194316864,-0.3038881123065948,-0.2978987097740173,0.3927764594554901,-0.0596282370388507,0.0485152229666709,-0.271362692117691,-0.1802142113447189,-0.4851191937923431,-0.550102710723877,-0.1460640579462051,-0.0548247061669826,0.3206359446048736,0.4962250292301178,0.4854024350643158,-0.2992788553237915,0.3813333511352539,-0.3735303878784179,-0.4477134048938751,-0.5849761962890625,-0.1867894977331161,-0.1529820263385772,0.0660977810621261,0.1695452481508255,-0.0759079530835151,-0.3525299727916717,-0.7251498699188232,-0.4507409930229187,0.0721923410892486,-0.0167071856558322,-0.0582984127104282,-0.1752388924360275,0.1764365881681442,0.088075466454029,0.1377533078193664,0.4123290479183197,-0.4051860272884369,-0.0089038852602243,-0.2578047215938568,0.5319944024085999,-0.6913993954658508,0.1426066905260086,0.0091378083452582,0.4740738272666931,-0.6846185922622681,0.0018326811259612,-0.4535423517227173,0.7378843426704407,0.5011321902275085,-0.5561357140541077,0.0602494962513446,-0.1660566180944442,-0.9421035051345824,-0.2076736837625503,0.6045069694519043,-0.0015955511480569,0.4080990850925445,-0.1184548586606979,0.392930656671524,0.4433785676956177,0.8906248211860657,-0.0674004629254341,-0.0112778441980481,-0.3926476240158081,0.1577012240886688,0.18877674639225,0.5445039868354797,-0.1628527790307998,0.2813944816589355,0.5108756422996521,-0.6430280208587646,0.3158159852027893,0.840604305267334,0.4549330472946167,-1.77802836894989,-0.315490573644638,0.509924590587616,0.1881543546915054,-0.3583788871765136,-0.2123126238584518,0.2246962636709213,0.3304974436759949,-0.335794448852539,-0.4867393374443054,1.282496452331543,0.2578581869602203,0.1956936717033386,-0.4181706011295318,0.1126364842057228,-0.0562515445053577,-0.1417088061571121,-0.5214462280273438,0.3383252024650574,0.4104311168193817,-0.7612400054931641,-0.0065445792861282,-0.2192858457565307,-0.3208435773849487,-0.5579304099082947,0.3383762538433075,-0.6222559809684753,-0.0154126929119229,-0.3610038161277771,-0.1238558292388916,0.0644548162817955,1.1989210844039917,0.8737666010856628,0.1136054247617721,-0.7855727672576904,-0.187774196267128,-0.0542365722358226,-0.3299339711666107,0.1715893447399139,-0.0471077673137187,-0.1403587460517883,-0.1254177391529083,0.349879503250122,0.1097924038767814,0.1692365705966949,-0.0903558135032653,-0.6123674511909485,-0.1054280996322631,-0.1606510132551193,0.7271825075149536,0.9391486644744872,0.14202481508255,-0.0107327075675129,0.541143000125885,0.9442161917686462,0.3771333396434784,0.1176036745309829,-0.6484299302101135,-0.3322542309761047,-0.4627679288387298,0.0766859427094459,-0.2493514865636825,-0.4175941050052643,0.5562111735343933,-0.149287611246109,0.0368744879961013,0.1740822345018386,-0.8228632807731628,0.4122907519340515,-0.5090331435203552,-0.2347524166107177,-0.2065445333719253,-0.1703664511442184,-0.4299764633178711,0.7415841221809387,0.2431784123182296,0.3587514758110046,-0.3153972923755646,-0.9576084613800048,0.662799596786499,-0.1861715912818908,-0.1347865611314773,0.1952444016933441,0.1569215804338455,-0.0130145577713847,0.1553108692169189,-0.0591698288917541,-0.3216509222984314,-0.8687087297439575,-0.3008919656276703,-0.4204065799713135,-0.0636451244354248,-0.0857962518930435,0.6063085794448853,0.0167367029935121,0.1617683470249176,0.2566567361354828,0.3890993893146515,-0.1402439773082733,-0.2968016266822815,-0.5630148649215698,0.4061540067195892,0.3248182237148285,0.9648025631904602,0.4040554761886596,0.0078669795766472,0.523979902267456,0.0174883659929037,0.0857487842440605,0.1283589303493499,-0.6166248917579651,-0.4257988929748535,0.9454864859580994,-0.4247202277183532,-0.2155346870422363,0.3162325918674469,0.1190092638134956,0.5508721470832825,-0.3955748677253723,-1.002431869506836,0.5232201814651489,-0.32157102227211,0.2513957917690277,1.0220986604690552,0.245553657412529,0.1295281499624252,0.2352876216173172,0.0230562891811132,-0.4232050478458404,-0.2769336402416229,-0.3289223313331604,-0.509810745716095,0.4113638401031494,-0.1826494336128235,0.6000717282295227,0.4723854959011078,0.5991536378860474,-0.0493774935603141,0.3512018322944641,0.2943974733352661,-0.5445080995559692,0.4768691956996918,0.6148988604545593,0.3768306672573089,-0.2980268001556396,0.4510954320430755,-0.4618158936500549,0.0261024199426174,-0.2566526234149933,-0.2924006581306457,1.0113605260849,-0.0366128347814083,0.5851088762283325,-0.7223637104034424,-0.3120304346084595,-0.4959334135055542,-0.4941413402557373,-0.192767396569252,-0.2274348884820938,0.075365774333477,0.2839587926864624,-0.3671100735664367,-0.6587124466896057,0.2883949875831604,0.5989701747894287,0.4797096848487854,-0.0510609298944473,-0.306638240814209,-0.2423850893974304,0.1443103551864624,-0.7134082317352295,-0.5081197619438171,0.575716495513916,0.1336457133293151,-0.3493250012397766,-0.8854405879974365,-0.3180863857269287,-0.1379755288362503,0.1805661469697952,-0.4811800122261047,0.0465103425085544,-0.290102869272232,-0.7400475144386292,-0.273175984621048,-0.4847550988197326,-0.1200441569089889,-0.6421060562133789,-0.3723041415214538,-0.2524562776088714,-0.4793320596218109,0.0046251476742327,0.6948128938674927,0.7403450012207031,-0.4985497891902923,-0.2380929142236709,0.1256924271583557,0.1686508506536483,-0.2385175079107284,0.1640942096710205,-0.3254446983337402,-0.15774767100811,-0.5756934881210327,0.2040051966905594,-0.2761629521846771,-0.0652704909443855,-0.0876909717917442,-0.7345484495162964,-0.4659005403518677,0.0324366055428981,-0.8098662495613098,0.1941544115543365,-0.0571203343570232,0.9315574169158936,-0.5274169445037842,0.1283146440982818,-0.0506936982274055,-0.2374493926763534,-0.5599507689476013,0.5276247262954712,-0.3125468492507934,-1.1585813760757446,0.3610887229442596,0.1456747502088546,-0.4961353838443756,1.2421517372131348,0.209113210439682,-0.6299748420715332,-0.1049925908446312,0.1299864202737808,0.1624376773834228,-0.2304719090461731,0.148638442158699,0.0389331430196762,0.3440857827663421,0.4437224268913269,-0.4375099241733551,0.6193323135375977,-0.0035915866028517,-0.2298985421657562,-0.1354523450136184,0.3424294590950012,0.344156265258789,0.6829055547714233,0.12941475212574,-0.6262499690055847,-0.2232080549001693,-0.325437992811203,-0.0677823722362518,-0.0049347216263413,0.3359613120555877,-0.5255427360534668,0.8923746943473816,0.5958791375160217,-0.5636972188949585,0.3588937222957611,1.2114043235778809,-0.0423423871397972,1.0033893585205078,0.1732223331928253,0.0411442294716835,-0.6278747916221619,0.1510212868452072,0.0785162672400474,0.1135732382535934,-0.0704819783568382,0.0616788268089294,-0.2950425446033478,-0.2071893513202667,0.8606039881706238,-0.121087297797203,-0.3264497816562652,0.0848917290568351,0.2585770785808563,-0.2899852097034454,0.8567606806755066,0.3068051636219024,-0.0136516513302922,-0.1718943417072296,0.3325474560260772,0.6210667490959167,1.231739163398743,-0.4219981729984283,0.3740526735782623,-0.3315471112728119,-0.5471270680427551,0.1436841785907745,0.1501275300979614,-0.086452841758728,0.6012153625488281,-0.6972745656967163,-0.080488696694374,0.7731828093528748,0.2369479686021804,0.0300097912549972,-0.0737051516771316,-0.507893443107605,0.1773186177015304,-0.4614638090133667,-0.1801935732364654,0.0458078272640705,0.3561922907829284,0.7271630764007568,0.4086967706680298,-0.1531369239091873,-0.0661972314119339,0.8011471033096313,-0.0996110737323761,-0.4934886693954468,-0.0796970874071121,-0.1862915009260177,0.0393057391047477,-0.0520649850368499,0.3480192124843597,-0.0210816878825426,-0.2200969457626342,0.696488618850708,-0.226593941450119,0.0158699993044137,-0.2685171365737915,0.3712647557258606,0.1123125925660133,-0.1102825403213501,0.2151762098073959,-0.2132675051689148,0.2190783023834228,-0.0080466317012906,-0.8187978267669678,0.0576216056942939,0.149572268128395,0.0899965018033981,-0.5050914883613586,0.0059439134784042,-0.469350129365921,-0.3574584424495697,-0.1228241100907325,0.1757557243108749,-1.184923768043518,-0.7962396144866943,0.4043115377426147,-0.011384311132133,-0.2222319096326828,-1.394122838973999,0.6045659780502319,0.3704037368297577,-0.0332081988453865,-0.189859390258789,0.2785438597202301,-0.0624178387224674,-0.202721819281578,-0.1569465845823288,-0.201258510351181,0.3423085212707519,-9.881769180297852,0.1127707585692405,0.0250407438725233,-0.6226008534431458,-0.2768200933933258,-0.1419197618961334,1.0979472398757937,0.8698919415473938,-0.1874127089977264,0.4062471985816955,-0.2014871686697006,-0.032834593206644,0.4222115576267242,0.6477712392807007,0.0165358241647481,-0.0757811218500137,-0.2083810418844223,0.1534511595964431,0.1103512644767761,-0.0812371745705604,-0.6076298952102661,-0.3319518268108368,0.7044028043746948,0.2135204225778579,0.3321336805820465,-0.5609503388404846,-0.5385086536407471,0.7213151454925537,0.0239347964525222,0.2181130796670913,-1.00224506855011,0.2961472272872925,0.1261317133903503,0.414044439792633,-0.1122713387012481,0.3906683623790741,0.1047024503350257,0.8875852227210999,-0.0642447471618652,0.1892401129007339,0.1089766845107078,0.4443552494049072,0.0705834999680519,0.0431388765573501,0.3937809765338897,-0.0631690770387649,0.0285484418272972,0.4789966642856598,0.8089115023612976,-0.2491255849599838,-0.4232617020606994,-0.2744500041007995,0.4650739133358001,-0.2509323358535766,0.1578381657600402,-0.0456525050103664,0.6443071961402893,-0.9439181089401244,0.1452423185110092,0.1493725925683975,0.3029784858226776,0.556549608707428,0.6303580403327942,0.7066295146942139,-0.1501513719558715,0.4653829634189605,0.5707411170005798,0.0543890185654163,-1.228846788406372,-0.416785180568695,0.3502748012542724,0.3190977275371551,0.2799139320850372,0.202869564294815,0.1534282565116882,0.3137082159519195,-0.2311029434204101,0.1965452134609222,0.2695147693157196,0.1904399096965789,0.6270903944969177,-0.4208428859710693,0.1835490614175796,0.6611534357070923,-0.5122352838516235,0.3420845568180084,0.2134129106998443,-0.2768934667110443,0.2211164534091949,-0.5829900503158569,0.6009411811828613,0.1985925585031509,-0.5658319592475891,0.4262440502643585,0.4988217055797577,-0.1246670633554458,-0.0260311178863048,0.0708031207323074,0.206412062048912,-0.3707110583782196,1
0.2413127571344375,0.1787703335285186,0.4631074070930481,-0.2309708595275879,0.2003732621669769,0.277688056230545,0.122989721596241,0.308803528547287,-0.009906692430377,-0.619081437587738,0.7028918266296387,-0.3670854270458221,-0.6940755248069763,0.2042390406131744,0.3712596893310547,-0.3850686252117157,0.0479442365467548,-0.0029694295953959,-0.0235241279006004,-0.6805608868598938,-0.7096894383430481,-0.3323213160037994,0.133449524641037,0.3075015842914581,-0.0579979717731475,-0.3176624774932861,0.2532162666320801,0.3636884987354278,-0.06850615888834,0.0407397486269474,-0.3937130868434906,-0.2223573923110962,0.1632612198591232,0.0832343325018882,-0.0201122909784317,0.4200762808322906,-0.0385860241949558,-0.0719058960676193,-0.1453847140073776,-0.0582923367619514,0.0135667948052287,-0.1084998920559883,-0.4628358781337738,-0.1235483288764953,0.0751526281237602,0.5497376322746277,0.2003061473369598,0.1607071906328201,0.6362603902816772,0.1629896461963653,-0.1024657636880874,0.2144966721534729,0.3965997397899627,-0.1590530276298523,0.2973221242427826,-0.1747583895921707,0.4911096692085266,-0.2990573942661285,-0.181793212890625,-0.0168553367257118,-0.1853495240211486,-0.18560691177845,0.1348696798086166,-0.1999842971563339,-0.0588796064257621,-0.5896822214126587,0.2047021836042404,-0.1098772808909416,-0.2945514619350433,-0.8377299904823303,-0.4084526896476745,0.0486794635653495,0.1980382204055786,-0.3737556040287018,0.6239222884178162,-0.4078696072101593,0.3511313796043396,0.1782393455505371,-0.0216964837163686,0.0487788133323192,0.0719891414046287,0.4078477323055267,0.0116257676854729,-0.4409614205360412,0.4782087206840515,-0.0275317933410406,-0.2514725029468536,-0.7447549104690552,0.2051654756069183,-0.3792103826999664,-0.1349472403526306,-0.0864250659942627,0.7027817964553833,0.0751868039369583,-0.0480694435536861,-0.092638686299324,0.0666812807321548,-0.296792209148407,-0.1828226745128631,0.4300658702850342,0.1845071017742157,0.2618727385997772,0.3073272109031677,-0.108279675245285,-0.1922115236520767,0.051080334931612,-0.2113365679979324,0.1311621814966201,0.1733545213937759,-0.1695635020732879,-0.0520379804074764,-0.4638365507125854,-0.7414183020591736,0.243459939956665,-0.2268925160169601,-0.0013846431393176,-0.0529135353863239,0.2848470211029053,-0.6557327508926392,0.5488384366035461,0.4753878116607666,0.4563406705856323,0.0971252173185348,-0.2150113582611084,-0.1586046665906906,0.3361483812332153,-0.1139255836606025,-0.1999377310276031,-0.1110959947109222,-0.1130072101950645,-0.624144971370697,0.1062829121947288,-0.1758894622325897,0.0410359315574169,-0.0410412959754467,0.6244069337844849,0.232682392001152,-0.3461590707302093,-0.2464451789855957,-0.4861814081668854,-0.039217859506607,-0.4130640625953674,0.2633273899555206,-0.3577988147735595,-0.2995397448539734,0.4134209454059601,-0.3359703719615936,-0.6493031978607178,0.5211266875267029,0.313008189201355,-0.2839158177375793,0.7572974562644958,-0.5182087421417236,-0.06156961992383,0.1027121022343635,0.017388368025422,-0.5008480548858643,0.0049629779532551,-0.2358529269695282,0.1593533754348755,0.0162526108324527,-0.3121871650218963,0.1381345838308334,0.7075648903846741,-0.035793200135231,0.2624489068984985,0.4848371744155884,0.3598402142524719,-0.1327529996633529,0.3693170547485351,0.173502579331398,0.3283210694789886,0.1605433970689773,-0.1474442332983017,0.2038976699113845,0.4113959968090057,0.1904880404472351,0.1232999190688133,0.1739604622125625,-0.6162610054016113,-0.1287829428911209,-0.5904178023338318,-0.2561262249946594,-0.4298394918441772,0.0668615847826004,-0.0496128797531127,0.1180369034409523,-0.0869859009981155,-0.009336482733488,-0.6274248361587524,0.1896704584360122,-0.3846854865550995,0.0583632625639438,-0.341237872838974,-0.0775578394532203,-0.1159388944506645,-0.1863009631633758,-0.1251313388347625,-0.1304588466882705,0.6321461200714111,0.0707256495952606,0.2466509938240051,-0.1562853902578354,-0.2597391903400421,-0.9400139451026917,-0.2574775516986847,0.3049747347831726,0.2313425093889236,0.5142185688018799,0.2665613889694214,-0.276700347661972,0.5655514597892761,0.2455798685550689,0.1894823908805847,0.1442545801401138,0.4631680250167846,-0.4667972028255462,-0.4875037968158722,0.3424248993396759,-0.045272622257471,0.2025156915187835,-0.1735217124223709,0.4550232887268066,0.1352211833000183,0.1277494728565216,0.3906180262565613,0.3952604830265045,-0.0449961349368095,-0.2838775217533111,0.581055760383606,-0.2730138301849365,-0.3001729249954223,-0.5723670125007629,-0.2318571507930755,-0.7001567482948303,-0.1541214883327484,-0.3089911937713623,0.3295716643333435,-0.3614890575408935,0.0553109087049961,0.2006274759769439,-0.2713775038719177,-0.0228559263050556,-0.3499003052711487,0.1026369631290435,0.018752571195364,-0.0759266689419746,0.0073384214192628,-0.1255257278680801,0.0043984237127006,-0.5807868242263794,-0.5806497931480408,0.0001522223901702,-0.5368183851242065,0.3955245316028595,0.3873147368431091,0.5032966732978821,-0.1842720657587051,0.1282427310943603,-0.6778523921966553,-0.097983032464981,-0.6286552548408508,-0.2052749395370483,-0.3768730163574219,0.0444958433508873,0.060356218367815,-0.1927465051412582,-0.4949775636196136,-0.3392795324325561,-0.273395836353302,-0.0742387548089027,-0.2183254659175872,-0.1790715306997299,0.2235536277294159,0.0046378392726182,0.0427511520683765,-0.5416058897972107,0.2387636601924896,-0.132682591676712,0.3067868947982788,-0.62679123878479,0.1875622719526291,-0.6922306418418884,0.41200852394104,0.1021604314446449,-0.2388453632593155,-0.2053805440664291,-0.6097872853279114,-0.1929580569267273,0.3759879171848297,0.1185566857457161,-0.3626678884029388,-0.5758072733879089,0.1323152780532837,-0.1763930320739746,-0.0173126719892025,0.0449931807816028,0.3379239737987518,0.3768601715564728,0.1699140965938568,0.1931411623954773,0.4403726756572723,0.0646395236253738,-0.2482482194900512,-0.2538265883922577,-0.3352954089641571,-0.3866178095340729,-0.1763036847114563,0.4713699221611023,-0.3018929064273834,-0.1224082186818122,0.684111475944519,-0.2768462002277374,0.3288931250572204,0.2130254954099655,0.2835222780704498,-1.904072999954224,0.1054731979966163,0.3875754475593567,0.0553796254098415,-0.1157830283045768,0.6769788265228271,0.193166971206665,0.2563250958919525,-0.5997396111488342,-0.5158461928367615,0.6794787645339966,0.4471501111984253,-0.1428871601819992,-0.031478077173233,0.4068558514118194,-0.15891133248806,-0.0096568493172526,-0.7697862982749939,0.1979604065418243,0.3812753856182098,0.1119302734732627,-0.1508769989013672,0.092798575758934,-0.2917239964008331,0.0856456458568573,0.0926432013511657,0.1707013547420501,0.5206187963485718,-0.743687093257904,-0.0502448417246341,0.0522429123520851,0.8600127696990967,0.8047516942024231,0.4540750682353973,0.0550342835485935,-0.2378327548503875,0.2510644495487213,0.7954850196838379,0.4641810953617096,-0.1454514563083648,0.0224768798798322,-0.1577703207731247,0.5330590605735779,0.2399826198816299,-0.1744367033243179,-0.0078560700640082,0.2891948521137237,0.2068371325731277,-0.1853278279304504,0.6378749012947083,0.7026211023330688,0.1643740087747573,0.2274199575185775,0.1122594624757766,1.0803776979446411,0.0167354959994554,-0.1720712631940841,-0.6439107656478882,-0.0693342164158821,-0.3772121667861938,0.0281704869121313,0.0341115146875381,0.1204939261078834,0.3888536691665649,-0.26344895362854,0.2356073856353759,0.1882521957159042,-0.141860157251358,0.3511867523193359,-0.5903806090354919,-0.4722960591316223,-0.1884626150131225,0.0787147358059883,-0.7799350619316101,0.4340822100639343,0.3551900088787079,0.4194347858428955,-0.1693917661905288,-0.418043315410614,0.0821450799703598,-0.1838152557611465,-0.1405083686113357,-0.1368604600429535,0.2683771848678589,0.0035926848649978,-0.3261288106441498,0.1754208654165268,-0.4795490205287933,-0.4578913748264313,-0.0307402648031711,-0.9618868231773376,-0.1040217950940132,-0.1706620752811432,0.563137412071228,-0.1736572682857513,-0.0861991345882415,0.1741252243518829,-0.0278803668916225,-0.1509958058595657,-0.1282553821802139,-0.5938723683357239,0.4089792668819427,0.0829112455248832,0.1023548021912574,0.3406684398651123,0.322893887758255,0.223098412156105,0.3688583970069885,-0.5460566282272339,0.0554232895374298,-0.6036502718925476,-0.3188444375991821,0.6694896221160889,-0.1693537682294845,0.2791080772876739,0.0025752088986337,-0.1787163913249969,0.542557954788208,-0.2638455331325531,-0.5683379173278809,-0.1815653145313263,0.6087106466293335,0.0767980962991714,0.6428160071372986,0.3767095804214477,0.7915942072868347,-0.1173194795846939,0.4403795003890991,-0.0117283333092927,-0.0706030502915382,0.4441592097282409,-0.6632746458053589,0.086125947535038,-0.0458831451833248,0.1410325169563293,0.4225548207759857,0.2312281280755996,0.1681516319513321,0.2723524868488312,0.204196348786354,-0.1137217283248901,0.2081228494644165,0.2457365095615387,0.4334879219532013,-0.3478754460811615,-0.6161081194877625,-0.3627859354019165,0.0360947698354721,-0.4686858057975769,-0.1440361589193344,0.6839170455932617,-0.0683362036943435,0.0923455953598022,-0.230743795633316,-0.726019024848938,-0.4816818833351135,-0.4784334897994995,-0.2105551660060882,0.0735890418291091,0.4203126728534698,0.572357177734375,0.0075897825881838,-0.9132795929908752,0.3101041913032532,0.1929487884044647,0.4606478214263916,0.1261327117681503,-0.2455170452594757,-0.1573473215103149,0.0669548138976097,-0.0716644003987312,-0.1940649151802063,0.1808452606201172,0.0132692204788327,-0.0506711341440677,-0.4842084348201751,0.1540281176567077,-0.2623700499534607,0.147505834698677,-0.2539973258972168,0.5185579657554626,0.1032202765345573,-0.7609311938285828,-0.3099862039089203,0.1274624466896057,-0.2596737444400787,-0.130606472492218,-0.6116222143173218,0.1900205761194229,-0.3813090324401855,-0.1310446858406067,0.289544016122818,0.5359349846839905,-0.292400449514389,-0.1346074938774109,0.3891332149505615,0.569875955581665,-0.0460829734802246,0.0397218838334083,-0.0701807290315628,-0.2849186658859253,-0.1758468896150589,0.042526826262474,-0.1490150094032287,-0.1989455670118332,-0.0196695402264595,-0.7796398997306824,-0.2522390782833099,0.0596350096166133,-0.8661103248596191,0.6774477958679199,0.1855203956365585,0.5301793217658997,-0.5003162026405334,-0.0892804190516471,-0.2446640431880951,-0.055185467004776,-0.0067036617547273,0.4187356233596802,-0.0389188192784786,-0.7822460532188416,-0.0678139701485633,-0.4740712940692901,-0.4957434237003326,0.4799340665340423,0.3959895372390747,-0.403847336769104,0.0971675738692283,0.3388460874557495,-0.2263126224279403,-0.14765365421772,0.0829782858490943,-0.1345392167568206,0.1110608279705047,0.2892637252807617,0.0348658375442028,0.2147877961397171,0.2842249870300293,-0.3344732522964477,0.1853161603212356,0.2598049938678741,0.6585676670074463,0.2961028516292572,-0.0005682099144905,0.0101207103580236,-0.0323925204575061,-0.557614266872406,0.4538787305355072,0.2717209458351135,0.5444968938827515,-0.3912653625011444,0.6192585825920105,0.6213282346725464,-0.4582399129867553,0.3543581068515777,0.6622916460037231,0.4146571457386017,0.3334271311759949,-0.0352933555841445,-0.0612291432917118,-0.7317131757736206,0.2767074108123779,-0.030510202050209,0.2554322183132171,-0.0355859622359275,-0.03243850171566,-0.1068602353334426,-0.2455630004405975,0.0175148211419582,0.3637334406375885,0.3277826011180877,0.1446813493967056,0.3021716773509979,-0.377583771944046,0.4751031100749969,0.4331249892711639,0.0210160855203866,-0.1459994614124298,0.2460961192846298,0.3802261054515838,0.6374589800834656,0.0314390994608402,0.3572412133216858,-0.2072588503360748,-1.0218791961669922,0.0856554731726646,0.0102315852418541,0.3644465208053589,0.5951054692268372,-0.5780338048934937,-0.2023299187421798,0.1860213130712509,0.5037203431129456,-0.2873859405517578,-0.0941149368882179,-0.4399446547031402,0.1732430458068847,0.2615323066711426,-0.1303068548440933,0.0727578476071357,0.1291072368621826,0.3212997913360595,-0.1634944677352905,0.1456749439239502,0.2130679488182068,0.7299164533615112,0.1362379342317581,0.0912676230072975,0.0425005368888378,-0.2699767649173736,-0.4450969099998474,0.0519218407571315,0.0658692419528961,-0.3387294709682464,-0.4071281552314758,0.0378243289887905,-0.3907216489315033,0.1473091691732406,-0.2990520000457763,0.2549092173576355,0.3078309893608093,0.057633202522993,-0.0366539470851421,-0.4790743589401245,-0.0632993876934051,-0.0242817495018243,-0.7737974524497986,0.0951301604509353,-0.2579847872257232,0.1720798462629318,-0.2192899286746978,0.0213155206292867,-0.4729840755462646,-0.2633458077907562,-0.367784172296524,0.5505667924880981,-0.1218723282217979,-0.4214291572570801,0.4173358082771301,0.3114523291587829,-0.1264443844556808,-0.9922773838043212,0.3278978765010834,0.3606756329536438,0.5684622526168823,-0.2312356829643249,0.509494423866272,-0.3745315074920654,0.2229006588459015,0.1008925884962081,-0.4160842299461365,0.5262504816055298,-10.464190483093262,-0.4213390946388244,-0.4990895688533783,-0.2991828024387359,-0.523726224899292,0.3393937647342682,0.6275897026062012,0.3310806453227997,-0.4008956253528595,0.1503154784440994,0.0772168710827827,0.4325231611728668,0.3527701199054718,0.3085150718688965,-0.5929360389709473,0.1288890391588211,-0.3219438791275024,-0.482525885105133,0.0016949117416515,-0.2160532176494598,0.1131066754460334,-0.6644826531410217,0.5310324430465698,0.5345878601074219,0.1479681879281997,-0.1676557660102844,-0.139973372220993,0.4004792869091034,-0.031229430809617,0.2987416684627533,-0.8072220683097839,0.4482598602771759,-0.1692170053720474,0.4520938098430633,-0.2333208620548248,0.0534967370331287,-0.2512939572334289,0.5023176074028015,0.0249905418604612,0.3453520238399505,0.3133562207221985,0.4285598397254944,0.0775187611579895,-0.117707647383213,-0.2019536346197128,0.3702673316001892,0.1418785601854324,0.3137893378734588,0.5656222105026245,-0.0047943969257175,0.0482669658958911,-0.1866386830806732,-0.2593395709991455,-0.3541021943092346,0.2779557704925537,-0.0045330733992159,0.7600528597831726,-0.7735229134559631,-0.0309431999921798,0.1052391529083252,0.3330523669719696,-0.145843043923378,0.9523369073867798,0.8970859050750732,0.2635754644870758,0.160239428281784,0.4378549754619598,0.3983334004878998,-0.3247032165527344,-0.1075038537383079,0.3310868144035339,0.5564315915107727,-0.0966658219695091,0.2015350461006164,0.1424711048603058,0.7568235397338867,0.0272642467170953,-0.2367813438177108,0.2114190310239792,-0.2960522174835205,0.4381178021430969,-0.1655402332544326,-0.2865816056728363,0.1388946920633316,-0.6065528392791748,0.2488703578710556,0.0686032027006149,0.3074870109558105,0.1111298725008964,-0.5870758891105652,0.4450457394123077,-0.1704249233007431,-0.2904482185840606,0.4092161357402801,0.2255211770534515,-0.2218035459518432,-0.1488069295883178,0.3035394251346588,0.3374594748020172,0.0487138368189334,1
0.0648852065205574,0.7035254240036011,0.4712594747543335,-0.5475382804870605,0.159046471118927,0.3983789384365082,0.3516373038291931,0.1230262815952301,-0.0236791316419839,-0.5605530738830566,0.6916403770446777,-0.182065725326538,-0.3695733845233917,-0.4816430211067199,0.5012007355690002,0.0213964376598596,0.060660071671009,-0.3494442403316498,0.0808935090899467,-0.4406334459781647,-0.8895779848098755,-0.5165688395500183,-0.2661830186843872,-0.1126970499753952,0.0520015619695186,-0.565481424331665,0.1075268164277076,0.0608377531170845,-0.2720945477485657,0.1094129383563995,-0.1461329460144043,-0.5175169706344604,0.0158073138445615,0.2165822833776474,-0.3974581360816955,0.142894834280014,0.3707327842712402,0.0952575802803039,-0.0872540697455406,-0.0089115975424647,-0.1786278784275055,-0.2461543679237365,-0.1566752046346664,-0.2897273600101471,-0.3175949454307556,0.5588154792785645,0.2791037857532501,0.211603581905365,0.3493315875530243,0.2054760158061981,-0.1156577318906784,0.5249888300895691,0.1536309123039245,-0.0692296996712684,0.2368091493844986,-0.1020296588540077,-0.0125966863706707,-0.3041947185993194,-0.315399706363678,0.3457387387752533,-0.7240349650382996,-0.2794842422008514,0.1947132796049118,0.0192494969815015,-0.2238133698701858,-0.0714084729552269,0.0090548070147633,-0.1172169893980026,0.0939084142446518,-0.7125075459480286,0.24566550552845,0.16375033557415,0.0041453535668551,-0.7423335909843445,0.8383400440216064,-0.4343532919883728,0.4013092517852783,-0.0771496891975402,0.2783533334732055,0.1198773011565208,-0.3972549736499786,0.5623978972434998,0.1228711530566215,-0.6203539371490479,-0.1695971637964248,0.2420136481523513,-0.3805654644966125,-0.6627863049507141,0.3452689945697784,-0.3598125874996185,0.0576520599424839,0.0200124494731426,0.1917700320482254,0.3702609241008758,-0.1341761350631714,-0.1516888439655304,0.4498142302036285,-0.5212644338607788,0.0130199361592531,0.3714965581893921,0.0015353302005678,-0.2446013838052749,0.1044385582208633,-0.1651811748743057,0.0410203039646148,0.1103887259960174,-0.2764322757720947,0.2558739483356476,0.0137467123568058,0.1843705028295517,-0.2210141867399215,-0.4207691252231598,-0.4753669500350952,0.0586740970611572,0.219318613409996,0.0520587302744388,-0.2344735264778137,0.5728998184204102,0.2102686911821365,0.103446215391159,0.0141941122710704,0.6295061111450195,-0.3811309039592743,-0.2468281537294387,0.059036124497652,0.4163442552089691,0.1493714302778244,-0.1430320143699646,-0.2417795658111572,-0.2608487606048584,-0.3128129541873932,-0.2840716540813446,-0.2446134686470031,0.1259421557188034,-0.289646714925766,0.4501760601997375,0.0504773594439029,-0.3529983162879944,0.1138990223407745,-0.6542359590530396,-0.1337671726942062,0.3232095837593078,0.3248696327209472,-0.207984060049057,-0.0904217213392257,0.2758062183856964,-0.1100581884384155,-0.1760434955358505,0.4691634178161621,0.3713214695453644,-0.3159648180007934,1.188944697380066,-0.0977653041481971,-0.2365292906761169,0.4285502135753631,0.1521444469690323,-0.4275278747081756,-0.1244289055466651,-0.3291798532009125,0.5476692914962769,0.1096686571836471,-0.5160374045372009,-0.1809324026107788,0.6723102927207947,0.1644700020551681,0.4191581904888153,0.514015793800354,0.0593434758484363,-0.3188272416591644,0.6711301803588867,0.6820576786994934,0.3044437170028686,0.0905157700181007,-0.4315429329872131,0.1521157920360565,0.3787359297275543,0.4825846254825592,0.281445562839508,0.0389888361096382,-0.3127680122852325,-0.1061535626649856,-0.3034140467643738,-0.0886566042900085,-0.5089245438575745,0.1785750687122345,-0.1682691723108291,-0.0445346795022487,0.3660987615585327,0.1186715513467788,-0.3542804419994354,0.0491569675505161,-0.7281267642974854,0.2736172378063202,-0.4562174379825592,-0.4035131633281708,-0.3320280611515045,-0.0910236090421676,-0.0160996541380882,-0.316254198551178,0.7653443813323975,0.2082264423370361,0.222663477063179,-0.4621096849441528,-0.503148078918457,-0.7040464282035828,-0.4177868366241455,0.1927558481693267,0.3255803883075714,0.2745088338851928,0.2982934117317199,-0.1401118338108062,0.7325036525726318,0.436888724565506,0.1040650904178619,0.663826584815979,0.111908346414566,-0.5294345021247864,-0.1585965454578399,0.1365384459495544,-0.2717105150222778,0.0168289095163345,-0.143857330083847,0.2231877744197845,0.2196982055902481,0.4914810061454773,0.1397870182991027,0.3447716832160949,-0.2917183935642242,0.0003477990394458,0.466008573770523,-0.6528882384300232,-0.5498502254486084,-0.6406992673873901,0.1279291063547134,-0.6494531631469727,-0.3092299103736877,-0.2264051735401153,0.5861459970474243,-0.3014874160289764,0.3050029277801513,-0.1716019362211227,0.0522212050855159,0.2629806697368622,-0.4791663289070129,-0.0400644652545452,0.3016579747200012,-0.3867668807506561,-0.0675783678889274,-0.5167735815048218,-0.2280135452747345,-0.7076441049575806,-0.6665599346160889,0.3558297455310821,-0.4612964391708374,0.8448110222816467,0.4263072907924652,0.3717327117919922,-0.2130816727876663,0.2136790454387664,-0.4395650625228882,-0.1379182338714599,-0.4234719574451446,-0.0356907024979591,-0.0357493087649345,0.0064392061904072,0.5184308886528015,0.1779772788286209,-0.7041186094284058,-0.8204681277275085,-0.7476833462715149,0.0028904560022056,-0.4270059168338775,-0.4488175809383392,-0.0126862684264779,-0.1405869871377945,0.2082284390926361,-0.32215017080307,0.7395684719085693,-0.5396336913108826,0.2316128015518188,-0.4953520894050598,0.5771022439002991,-0.40202397108078,0.0810956805944442,0.1583993881940841,0.5331422686576843,-0.6833771467208862,0.0398928970098495,-0.4100192487239837,0.6165415644645691,0.6220531463623047,-0.3406687676906585,-0.7225481867790222,0.0585577301681041,-0.3179209530353546,-0.0281351935118436,0.5417642593383789,0.181391179561615,-0.2234051078557968,0.5440122485160828,-0.0567818656563758,-0.0207478310912847,0.1077798977494239,-0.1515886783599853,-0.2793209552764892,-0.6692509055137634,0.041555069386959,-0.0770800858736038,0.4217200577259063,-0.2459312081336975,0.1563572287559509,0.6292005777359009,-0.5004769563674927,0.3277264535427093,0.6858276724815369,0.1780090034008026,-1.3446673154830933,-0.0347803831100463,0.970336377620697,0.0402741618454456,-0.0142233790829777,0.3643267154693603,0.2377026528120041,0.6112226843833923,-0.3202166557312011,-0.2539277970790863,0.8578062057495117,0.2869665920734405,-0.3538528382778168,-0.0495684295892715,0.4075995087623596,-0.2346916049718856,0.1206443160772323,-0.1432274580001831,-0.2500223815441131,0.4777505397796631,-0.2252148240804672,-0.04609190300107,0.1738491207361221,-0.6797765493392944,-0.4630770087242126,0.471773236989975,0.0156606994569301,-0.0488553382456302,-0.7318642735481262,-0.3651100993156433,0.3015706539154053,1.102678894996643,0.6135445833206177,0.5639049410820007,-0.2992725968360901,-0.5780555009841919,0.5964652299880981,0.0001506157714175,0.4029400944709778,-0.275426983833313,-0.5335673689842224,-0.1483619958162307,0.4492460191249847,-0.0620859935879707,-0.2083703130483627,0.1510203629732132,0.2353299409151077,0.2071498334407806,-0.261694073677063,0.2415539920330047,0.7686607837677002,0.0504842214286327,0.2833902537822723,0.3924749195575714,0.820503294467926,0.2193351536989212,0.1430072337388992,-0.1700319647789001,-0.107781633734703,-0.0464503653347492,0.7001138925552368,0.3850071430206299,0.0388053469359874,0.2073328346014022,0.1031020283699035,-0.0878358855843544,-0.3717678487300873,-0.1384674906730651,-0.0457870326936244,-0.6777955293655396,-0.686381995677948,-0.138799250125885,-0.0120216766372323,-0.7045502066612244,0.473073273897171,0.3419715464115143,0.4307880401611328,-0.5315377116203308,-0.1250596195459365,0.5039930939674377,-0.1763982623815536,-0.3417385518550873,-0.1693855822086334,0.3543617725372314,-0.5939717888832092,-0.2229674905538559,-0.2577818036079407,-0.357987642288208,-0.3167111873626709,-0.0947636142373085,-0.8816103339195251,0.2206939756870269,0.1561333090066909,0.556351900100708,-0.0249521769583225,0.1050672605633735,0.2073166817426681,-0.110191561281681,-0.0443511642515659,-0.0873317718505859,-0.1366418302059173,0.0270251370966434,0.4362976551055908,0.4538975059986114,0.4011185467243194,0.4229632318019867,-0.0197619330137968,-0.3554701805114746,-0.2132369726896286,0.2449856996536255,-0.4821258187294006,-0.5262017846107483,0.7479609251022339,-0.156482920050621,0.0460313037037849,-0.2654120028018951,-0.0534625314176082,0.803116500377655,-0.2670457363128662,-0.1756482869386673,-0.051705002784729,0.0671064257621765,0.0957477837800979,0.4147038161754608,0.3733814358711242,0.959229290485382,-0.0159511547535657,0.0813415795564651,-0.0627298504114151,-0.2355812638998031,0.4483131170272827,-0.4812310338020324,0.2091173082590103,-0.0879557281732559,0.2811487913131714,0.9076653718948364,0.3419735729694366,0.2447381913661956,0.1398565918207168,-0.1145596578717231,-0.2829235196113586,0.1402857899665832,0.8493282198905945,0.0695818588137626,-0.3929468989372253,-0.0177651233971118,-0.4741891920566559,0.1980562061071396,-0.0619919262826442,-0.0501796342432498,0.0437217652797699,-0.5344532132148743,0.4956914186477661,-0.4106553792953491,-0.4851008653640747,-0.739810585975647,-0.7049449682235718,0.2712744474411011,-0.1837588548660278,0.0518123544752597,0.4887271523475647,0.4544070661067962,-0.5846787691116333,0.3876837193965912,0.3218720555305481,0.3573938310146332,0.3553830087184906,-0.3799982964992523,-0.3474487960338592,0.4077852666378021,-0.0878432542085647,-0.2300858348608017,0.0811518728733062,-0.077950395643711,-0.3456917405128479,-0.3997458517551422,0.0990882962942123,0.0089356638491153,-0.0458664000034332,-0.0993360579013824,0.1967685520648956,0.0282615888863801,-0.4263617992401123,-0.2708835303783417,-0.3111379444599151,0.0178970415145158,-0.139445349574089,-0.5245065093040466,-0.2021433711051941,-0.1232845932245254,0.5057178735733032,0.4112260043621063,0.4578993320465088,-0.2590113878250122,0.2669944167137146,0.3359394073486328,0.5423370599746704,-0.3525971472263336,-0.0929851979017257,-0.2864218056201935,-0.5184913873672485,0.2444619089365005,0.5577283501625061,-0.0399972684681415,-0.0680266693234443,-0.5231679081916809,-0.683489978313446,-0.0734597668051719,-0.1042894050478935,-0.9446498155593872,0.3004504144191742,0.3428196012973785,0.5223770141601562,-0.5121788382530212,0.1714802533388137,-0.1728483885526657,0.4421372413635254,0.1618828326463699,0.2459248751401901,0.2218044847249984,-0.6905056238174438,-0.1066251844167709,-0.0904255658388137,-0.5260455012321472,0.7962231636047363,0.4665993452072143,-0.4816798567771911,0.3228500187397003,0.7024955749511719,0.176348477602005,-0.4628303349018097,0.1372342705726623,-0.4230745732784271,-0.2605915367603302,0.1086388006806373,0.4986057579517364,0.1531921178102493,0.1121822074055671,-0.2572976052761078,0.0310910213738679,0.6210033297538757,0.5431952476501465,0.2993086874485016,-0.011157751083374,-0.0905102044343948,-0.2918620109558105,-0.359261155128479,0.4765995442867279,0.3135992288589477,0.9275248050689696,-0.6948481202125549,0.8270947337150574,0.417987197637558,-0.3516790270805359,0.5475863218307495,0.8275810480117798,-0.1295352131128311,0.3588325381278991,-0.3821957409381866,0.064886063337326,-0.912461519241333,0.0441856309771537,-0.2212532311677932,-0.0143553661182522,-0.1201798990368843,-0.0609278529882431,0.004015864804387,-0.4199044704437256,0.2204073518514633,0.0230938773602247,0.0410899668931961,-0.019476206973195,0.3957511484622955,-0.475532591342926,0.7654542326927185,0.3582446873188019,-0.3600449860095978,-0.1573605239391327,0.1476099491119384,0.087788887321949,0.7888616323471069,-0.2477010488510131,0.4315614104270935,0.0922671258449554,-0.8847265839576721,0.1002267077565193,0.0895279422402381,-0.0947557389736175,0.6437154412269592,-0.3262166082859039,-0.3809820115566253,0.3472054898738861,0.9383267164230348,0.2875902056694031,-0.3568570613861084,-0.5209187269210815,-0.0570540651679039,-0.4023283720016479,-0.3859650492668152,0.0292511992156505,0.1276062428951263,0.4225535094738006,-0.1213698908686637,-0.0419671200215816,0.1576462239027023,0.403877705335617,0.1310643404722213,0.1157403141260147,0.042076501995325,0.0924983173608779,-0.273703396320343,0.1220830157399177,0.3158020973205566,-0.4917131662368774,-0.1744960844516754,0.7196577191352844,-0.1164612844586372,0.2353215664625167,0.0578406751155853,0.2041558921337127,0.1030446588993072,0.1119522377848625,-0.1834087073802948,-0.6722075939178467,-0.3497683405876159,0.4408051371574402,-0.8758087158203125,-0.1174071803689003,0.1080517321825027,0.3653841316699981,0.1020702868700027,-0.0060884314589202,-0.5854359865188599,-0.2722901105880737,-0.1771976202726364,0.3641877174377441,-0.4985266625881195,-0.6596727967262268,0.6454887986183167,-0.088888369500637,-0.4597136676311493,-1.2287819385528564,0.5890169739723206,0.0776873603463172,0.5915550589561462,0.1351224184036255,0.1538237184286117,0.1059198677539825,0.2237645983695984,0.0037742669228464,-0.2173176407814026,0.581588625907898,-10.289658546447754,-0.3003974854946136,-0.3242519795894623,-0.7455151677131653,-0.3652228415012359,0.2694185078144073,0.6051923632621765,0.1781440675258636,-0.4923450648784637,0.1491096913814544,-0.3996672034263611,0.0590169504284858,0.1558715552091598,0.1004372909665107,-0.3681308627128601,0.3068011403083801,-0.3219028413295746,-0.2939372062683105,-0.3147366940975189,0.0405683368444442,-0.4046725928783417,-0.3304223716259002,0.7073029279708862,0.1135795414447784,-0.0477767586708068,-0.3105928897857666,-0.0543449595570564,0.096657320857048,-0.3457956314086914,0.2954535782337188,-0.3798690140247345,0.5762261748313904,-0.1736059039831161,-0.1127649620175361,-0.4583718776702881,-0.1888875365257263,0.0478667467832565,-0.4949324131011963,-0.1944606155157089,0.5718844532966614,0.442748486995697,0.6001575589179993,0.0038139026146382,-0.124246634542942,0.2433841079473495,-0.0014174034586176,0.0019126454135403,0.0463049300014972,0.6046343445777893,-0.2788213491439819,0.4446240961551666,-0.2662782073020935,0.237011581659317,-0.186130553483963,0.263404369354248,0.2885286211967468,0.7916185259819031,-1.0048638582229614,-0.1511134207248687,0.2246227115392685,0.1177573800086975,0.110612116754055,1.0127406120300293,0.0812015458941459,-0.0826491713523864,0.3211994469165802,0.3936371207237243,0.1789993792772293,-0.4705178439617157,-0.6871199011802673,0.3974434733390808,0.4097597002983093,0.1838757097721099,0.1602386534214019,-0.3042787313461303,0.4773211181163788,-0.0504228137433528,0.317943125963211,0.172936737537384,0.0184958018362522,0.6552831530570984,-0.3927880823612213,-0.2618248164653778,0.1869706809520721,-0.8683280348777771,0.1728643476963043,-0.1377306431531906,-0.2829202115535736,0.312147855758667,-0.7298805117607117,0.3388964235782623,0.1424144953489303,-0.1129440441727638,0.3945612907409668,0.4246352910995483,-0.2910743355751037,-0.1674259603023529,0.4524502754211426,0.3383530974388122,-0.4104370474815368,1
0.2413127571344375,0.1787703335285186,0.4631074070930481,-0.2309708595275879,0.2003732621669769,0.277688056230545,0.122989721596241,0.308803528547287,-0.009906692430377,-0.619081437587738,0.7028918266296387,-0.3670854270458221,-0.6940755248069763,0.2042390406131744,0.3712596893310547,-0.3850686252117157,0.0479442365467548,-0.0029694295953959,-0.0235241279006004,-0.6805608868598938,-0.7096894383430481,-0.3323213160037994,0.133449524641037,0.3075015842914581,-0.0579979717731475,-0.3176624774932861,0.2532162666320801,0.3636884987354278,-0.06850615888834,0.0407397486269474,-0.3937130868434906,-0.2223573923110962,0.1632612198591232,0.0832343325018882,-0.0201122909784317,0.4200762808322906,-0.0385860241949558,-0.0719058960676193,-0.1453847140073776,-0.0582923367619514,0.0135667948052287,-0.1084998920559883,-0.4628358781337738,-0.1235483288764953,0.0751526281237602,0.5497376322746277,0.2003061473369598,0.1607071906328201,0.6362603902816772,0.1629896461963653,-0.1024657636880874,0.2144966721534729,0.3965997397899627,-0.1590530276298523,0.2973221242427826,-0.1747583895921707,0.4911096692085266,-0.2990573942661285,-0.181793212890625,-0.0168553367257118,-0.1853495240211486,-0.18560691177845,0.1348696798086166,-0.1999842971563339,-0.0588796064257621,-0.5896822214126587,0.2047021836042404,-0.1098772808909416,-0.2945514619350433,-0.8377299904823303,-0.4084526896476745,0.0486794635653495,0.1980382204055786,-0.3737556040287018,0.6239222884178162,-0.4078696072101593,0.3511313796043396,0.1782393455505371,-0.0216964837163686,0.0487788133323192,0.0719891414046287,0.4078477323055267,0.0116257676854729,-0.4409614205360412,0.4782087206840515,-0.0275317933410406,-0.2514725029468536,-0.7447549104690552,0.2051654756069183,-0.3792103826999664,-0.1349472403526306,-0.0864250659942627,0.7027817964553833,0.0751868039369583,-0.0480694435536861,-0.092638686299324,0.0666812807321548,-0.296792209148407,-0.1828226745128631,0.4300658702850342,0.1845071017742157,0.2618727385997772,0.3073272109031677,-0.108279675245285,-0.1922115236520767,0.051080334931612,-0.2113365679979324,0.1311621814966201,0.1733545213937759,-0.1695635020732879,-0.0520379804074764,-0.4638365507125854,-0.7414183020591736,0.243459939956665,-0.2268925160169601,-0.0013846431393176,-0.0529135353863239,0.2848470211029053,-0.6557327508926392,0.5488384366035461,0.4753878116607666,0.4563406705856323,0.0971252173185348,-0.2150113582611084,-0.1586046665906906,0.3361483812332153,-0.1139255836606025,-0.1999377310276031,-0.1110959947109222,-0.1130072101950645,-0.624144971370697,0.1062829121947288,-0.1758894622325897,0.0410359315574169,-0.0410412959754467,0.6244069337844849,0.232682392001152,-0.3461590707302093,-0.2464451789855957,-0.4861814081668854,-0.039217859506607,-0.4130640625953674,0.2633273899555206,-0.3577988147735595,-0.2995397448539734,0.4134209454059601,-0.3359703719615936,-0.6493031978607178,0.5211266875267029,0.313008189201355,-0.2839158177375793,0.7572974562644958,-0.5182087421417236,-0.06156961992383,0.1027121022343635,0.017388368025422,-0.5008480548858643,0.0049629779532551,-0.2358529269695282,0.1593533754348755,0.0162526108324527,-0.3121871650218963,0.1381345838308334,0.7075648903846741,-0.035793200135231,0.2624489068984985,0.4848371744155884,0.3598402142524719,-0.1327529996633529,0.3693170547485351,0.173502579331398,0.3283210694789886,0.1605433970689773,-0.1474442332983017,0.2038976699113845,0.4113959968090057,0.1904880404472351,0.1232999190688133,0.1739604622125625,-0.6162610054016113,-0.1287829428911209,-0.5904178023338318,-0.2561262249946594,-0.4298394918441772,0.0668615847826004,-0.0496128797531127,0.1180369034409523,-0.0869859009981155,-0.009336482733488,-0.6274248361587524,0.1896704584360122,-0.3846854865550995,0.0583632625639438,-0.341237872838974,-0.0775578394532203,-0.1159388944506645,-0.1863009631633758,-0.1251313388347625,-0.1304588466882705,0.6321461200714111,0.0707256495952606,0.2466509938240051,-0.1562853902578354,-0.2597391903400421,-0.9400139451026917,-0.2574775516986847,0.3049747347831726,0.2313425093889236,0.5142185688018799,0.2665613889694214,-0.276700347661972,0.5655514597892761,0.2455798685550689,0.1894823908805847,0.1442545801401138,0.4631680250167846,-0.4667972028255462,-0.4875037968158722,0.3424248993396759,-0.045272622257471,0.2025156915187835,-0.1735217124223709,0.4550232887268066,0.1352211833000183,0.1277494728565216,0.3906180262565613,0.3952604830265045,-0.0449961349368095,-0.2838775217533111,0.581055760383606,-0.2730138301849365,-0.3001729249954223,-0.5723670125007629,-0.2318571507930755,-0.7001567482948303,-0.1541214883327484,-0.3089911937713623,0.3295716643333435,-0.3614890575408935,0.0553109087049961,0.2006274759769439,-0.2713775038719177,-0.0228559263050556,-0.3499003052711487,0.1026369631290435,0.018752571195364,-0.0759266689419746,0.0073384214192628,-0.1255257278680801,0.0043984237127006,-0.5807868242263794,-0.5806497931480408,0.0001522223901702,-0.5368183851242065,0.3955245316028595,0.3873147368431091,0.5032966732978821,-0.1842720657587051,0.1282427310943603,-0.6778523921966553,-0.097983032464981,-0.6286552548408508,-0.2052749395370483,-0.3768730163574219,0.0444958433508873,0.060356218367815,-0.1927465051412582,-0.4949775636196136,-0.3392795324325561,-0.273395836353302,-0.0742387548089027,-0.2183254659175872,-0.1790715306997299,0.2235536277294159,0.0046378392726182,0.0427511520683765,-0.5416058897972107,0.2387636601924896,-0.132682591676712,0.3067868947982788,-0.62679123878479,0.1875622719526291,-0.6922306418418884,0.41200852394104,0.1021604314446449,-0.2388453632593155,-0.2053805440664291,-0.6097872853279114,-0.1929580569267273,0.3759879171848297,0.1185566857457161,-0.3626678884029388,-0.5758072733879089,0.1323152780532837,-0.1763930320739746,-0.0173126719892025,0.0449931807816028,0.3379239737987518,0.3768601715564728,0.1699140965938568,0.1931411623954773,0.4403726756572723,0.0646395236253738,-0.2482482194900512,-0.2538265883922577,-0.3352954089641571,-0.3866178095340729,-0.1763036847114563,0.4713699221611023,-0.3018929064273834,-0.1224082186818122,0.684111475944519,-0.2768462002277374,0.3288931250572204,0.2130254954099655,0.2835222780704498,-1.904072999954224,0.1054731979966163,0.3875754475593567,0.0553796254098415,-0.1157830283045768,0.6769788265228271,0.193166971206665,0.2563250958919525,-0.5997396111488342,-0.5158461928367615,0.6794787645339966,0.4471501111984253,-0.1428871601819992,-0.031478077173233,0.4068558514118194,-0.15891133248806,-0.0096568493172526,-0.7697862982749939,0.1979604065418243,0.3812753856182098,0.1119302734732627,-0.1508769989013672,0.092798575758934,-0.2917239964008331,0.0856456458568573,0.0926432013511657,0.1707013547420501,0.5206187963485718,-0.743687093257904,-0.0502448417246341,0.0522429123520851,0.8600127696990967,0.8047516942024231,0.4540750682353973,0.0550342835485935,-0.2378327548503875,0.2510644495487213,0.7954850196838379,0.4641810953617096,-0.1454514563083648,0.0224768798798322,-0.1577703207731247,0.5330590605735779,0.2399826198816299,-0.1744367033243179,-0.0078560700640082,0.2891948521137237,0.2068371325731277,-0.1853278279304504,0.6378749012947083,0.7026211023330688,0.1643740087747573,0.2274199575185775,0.1122594624757766,1.0803776979446411,0.0167354959994554,-0.1720712631940841,-0.6439107656478882,-0.0693342164158821,-0.3772121667861938,0.0281704869121313,0.0341115146875381,0.1204939261078834,0.3888536691665649,-0.26344895362854,0.2356073856353759,0.1882521957159042,-0.141860157251358,0.3511867523193359,-0.5903806090354919,-0.4722960591316223,-0.1884626150131225,0.0787147358059883,-0.7799350619316101,0.4340822100639343,0.3551900088787079,0.4194347858428955,-0.1693917661905288,-0.418043315410614,0.0821450799703598,-0.1838152557611465,-0.1405083686113357,-0.1368604600429535,0.2683771848678589,0.0035926848649978,-0.3261288106441498,0.1754208654165268,-0.4795490205287933,-0.4578913748264313,-0.0307402648031711,-0.9618868231773376,-0.1040217950940132,-0.1706620752811432,0.563137412071228,-0.1736572682857513,-0.0861991345882415,0.1741252243518829,-0.0278803668916225,-0.1509958058595657,-0.1282553821802139,-0.5938723683357239,0.4089792668819427,0.0829112455248832,0.1023548021912574,0.3406684398651123,0.322893887758255,0.223098412156105,0.3688583970069885,-0.5460566282272339,0.0554232895374298,-0.6036502718925476,-0.3188444375991821,0.6694896221160889,-0.1693537682294845,0.2791080772876739,0.0025752088986337,-0.1787163913249969,0.542557954788208,-0.2638455331325531,-0.5683379173278809,-0.1815653145313263,0.6087106466293335,0.0767980962991714,0.6428160071372986,0.3767095804214477,0.7915942072868347,-0.1173194795846939,0.4403795003890991,-0.0117283333092927,-0.0706030502915382,0.4441592097282409,-0.6632746458053589,0.086125947535038,-0.0458831451833248,0.1410325169563293,0.4225548207759857,0.2312281280755996,0.1681516319513321,0.2723524868488312,0.204196348786354,-0.1137217283248901,0.2081228494644165,0.2457365095615387,0.4334879219532013,-0.3478754460811615,-0.6161081194877625,-0.3627859354019165,0.0360947698354721,-0.4686858057975769,-0.1440361589193344,0.6839170455932617,-0.0683362036943435,0.0923455953598022,-0.230743795633316,-0.726019024848938,-0.4816818833351135,-0.4784334897994995,-0.2105551660060882,0.0735890418291091,0.4203126728534698,0.572357177734375,0.0075897825881838,-0.9132795929908752,0.3101041913032532,0.1929487884044647,0.4606478214263916,0.1261327117681503,-0.2455170452594757,-0.1573473215103149,0.0669548138976097,-0.0716644003987312,-0.1940649151802063,0.1808452606201172,0.0132692204788327,-0.0506711341440677,-0.4842084348201751,0.1540281176567077,-0.2623700499534607,0.147505834698677,-0.2539973258972168,0.5185579657554626,0.1032202765345573,-0.7609311938285828,-0.3099862039089203,0.1274624466896057,-0.2596737444400787,-0.130606472492218,-0.6116222143173218,0.1900205761194229,-0.3813090324401855,-0.1310446858406067,0.289544016122818,0.5359349846839905,-0.292400449514389,-0.1346074938774109,0.3891332149505615,0.569875955581665,-0.0460829734802246,0.0397218838334083,-0.0701807290315628,-0.2849186658859253,-0.1758468896150589,0.042526826262474,-0.1490150094032287,-0.1989455670118332,-0.0196695402264595,-0.7796398997306824,-0.2522390782833099,0.0596350096166133,-0.8661103248596191,0.6774477958679199,0.1855203956365585,0.5301793217658997,-0.5003162026405334,-0.0892804190516471,-0.2446640431880951,-0.055185467004776,-0.0067036617547273,0.4187356233596802,-0.0389188192784786,-0.7822460532188416,-0.0678139701485633,-0.4740712940692901,-0.4957434237003326,0.4799340665340423,0.3959895372390747,-0.403847336769104,0.0971675738692283,0.3388460874557495,-0.2263126224279403,-0.14765365421772,0.0829782858490943,-0.1345392167568206,0.1110608279705047,0.2892637252807617,0.0348658375442028,0.2147877961397171,0.2842249870300293,-0.3344732522964477,0.1853161603212356,0.2598049938678741,0.6585676670074463,0.2961028516292572,-0.0005682099144905,0.0101207103580236,-0.0323925204575061,-0.557614266872406,0.4538787305355072,0.2717209458351135,0.5444968938827515,-0.3912653625011444,0.6192585825920105,0.6213282346725464,-0.4582399129867553,0.3543581068515777,0.6622916460037231,0.4146571457386017,0.3334271311759949,-0.0352933555841445,-0.0612291432917118,-0.7317131757736206,0.2767074108123779,-0.030510202050209,0.2554322183132171,-0.0355859622359275,-0.03243850171566,-0.1068602353334426,-0.2455630004405975,0.0175148211419582,0.3637334406375885,0.3277826011180877,0.1446813493967056,0.3021716773509979,-0.377583771944046,0.4751031100749969,0.4331249892711639,0.0210160855203866,-0.1459994614124298,0.2460961192846298,0.3802261054515838,0.6374589800834656,0.0314390994608402,0.3572412133216858,-0.2072588503360748,-1.0218791961669922,0.0856554731726646,0.0102315852418541,0.3644465208053589,0.5951054692268372,-0.5780338048934937,-0.2023299187421798,0.1860213130712509,0.5037203431129456,-0.2873859405517578,-0.0941149368882179,-0.4399446547031402,0.1732430458068847,0.2615323066711426,-0.1303068548440933,0.0727578476071357,0.1291072368621826,0.3212997913360595,-0.1634944677352905,0.1456749439239502,0.2130679488182068,0.7299164533615112,0.1362379342317581,0.0912676230072975,0.0425005368888378,-0.2699767649173736,-0.4450969099998474,0.0519218407571315,0.0658692419528961,-0.3387294709682464,-0.4071281552314758,0.0378243289887905,-0.3907216489315033,0.1473091691732406,-0.2990520000457763,0.2549092173576355,0.3078309893608093,0.057633202522993,-0.0366539470851421,-0.4790743589401245,-0.0632993876934051,-0.0242817495018243,-0.7737974524497986,0.0951301604509353,-0.2579847872257232,0.1720798462629318,-0.2192899286746978,0.0213155206292867,-0.4729840755462646,-0.2633458077907562,-0.367784172296524,0.5505667924880981,-0.1218723282217979,-0.4214291572570801,0.4173358082771301,0.3114523291587829,-0.1264443844556808,-0.9922773838043212,0.3278978765010834,0.3606756329536438,0.5684622526168823,-0.2312356829643249,0.509494423866272,-0.3745315074920654,0.2229006588459015,0.1008925884962081,-0.4160842299461365,0.5262504816055298,-10.464190483093262,-0.4213390946388244,-0.4990895688533783,-0.2991828024387359,-0.523726224899292,0.3393937647342682,0.6275897026062012,0.3310806453227997,-0.4008956253528595,0.1503154784440994,0.0772168710827827,0.4325231611728668,0.3527701199054718,0.3085150718688965,-0.5929360389709473,0.1288890391588211,-0.3219438791275024,-0.482525885105133,0.0016949117416515,-0.2160532176494598,0.1131066754460334,-0.6644826531410217,0.5310324430465698,0.5345878601074219,0.1479681879281997,-0.1676557660102844,-0.139973372220993,0.4004792869091034,-0.031229430809617,0.2987416684627533,-0.8072220683097839,0.4482598602771759,-0.1692170053720474,0.4520938098430633,-0.2333208620548248,0.0534967370331287,-0.2512939572334289,0.5023176074028015,0.0249905418604612,0.3453520238399505,0.3133562207221985,0.4285598397254944,0.0775187611579895,-0.117707647383213,-0.2019536346197128,0.3702673316001892,0.1418785601854324,0.3137893378734588,0.5656222105026245,-0.0047943969257175,0.0482669658958911,-0.1866386830806732,-0.2593395709991455,-0.3541021943092346,0.2779557704925537,-0.0045330733992159,0.7600528597831726,-0.7735229134559631,-0.0309431999921798,0.1052391529083252,0.3330523669719696,-0.145843043923378,0.9523369073867798,0.8970859050750732,0.2635754644870758,0.160239428281784,0.4378549754619598,0.3983334004878998,-0.3247032165527344,-0.1075038537383079,0.3310868144035339,0.5564315915107727,-0.0966658219695091,0.2015350461006164,0.1424711048603058,0.7568235397338867,0.0272642467170953,-0.2367813438177108,0.2114190310239792,-0.2960522174835205,0.4381178021430969,-0.1655402332544326,-0.2865816056728363,0.1388946920633316,-0.6065528392791748,0.2488703578710556,0.0686032027006149,0.3074870109558105,0.1111298725008964,-0.5870758891105652,0.4450457394123077,-0.1704249233007431,-0.2904482185840606,0.4092161357402801,0.2255211770534515,-0.2218035459518432,-0.1488069295883178,0.3035394251346588,0.3374594748020172,0.0487138368189334,1
0.3586235046386719,-0.0246663745492696,0.7754485011100769,-0.8844077587127686,0.0205631572753191,0.3392025232315063,-0.1355293840169906,-0.0529141798615455,-0.4171533584594726,0.307938814163208,0.7799731492996216,-0.1584917306900024,0.2739543914794922,-0.6795698404312134,0.6546946167945862,-0.5095005631446838,0.2791526913642883,-0.1557860970497131,0.0791591852903366,-0.4014647603034973,-0.8990652561187744,-0.9262132048606871,-0.1831101924180984,0.154470607638359,-0.0902618244290351,0.0137811098247766,0.0121721886098384,0.2656416893005371,-0.1975154876708984,0.0017380045028403,-0.1448732018470764,-0.5539519786834717,-0.1022625416517257,0.0579993426799774,-1.0950565338134766,-0.195033997297287,0.1503302156925201,-0.1417342275381088,-0.0951748266816139,-0.5363784432411194,0.3325586020946502,0.0311147775501012,-0.6130945086479187,-0.1334844380617141,-0.1431507021188736,0.5453366041183472,-0.229549840092659,0.367545485496521,-0.0144952787086367,-0.0786912739276886,-0.4052870869636535,0.160253420472145,0.1486576050519943,0.1468552052974701,0.1350431591272354,-0.3601643145084381,0.1212152615189552,-0.8884081244468689,-0.0386912338435649,0.0089029129594564,-0.4122975766658783,0.1841042041778564,0.2635621130466461,0.3959721624851227,-0.2631439566612243,0.0452321544289588,0.0961821600794792,-0.0472497045993804,0.0739715620875358,-0.6487445831298828,-0.0336413718760013,0.164206326007843,0.1290869265794754,-0.4542910456657409,0.7616341710090637,-0.2880868315696716,0.1886349618434906,-0.151704654097557,0.3141540884971618,-0.0434453412890434,-0.4349846839904785,0.1722281128168106,-0.1459560394287109,-0.3821792304515838,-0.2669380307197571,0.1747135072946548,-0.4731841683387756,-0.8139368891716003,0.8416064381599426,-0.1633704453706741,0.398811787366867,0.3357173204421997,0.1424184739589691,0.2348209768533706,-0.3758234977722168,0.1531011164188385,0.1802000254392624,-0.0568276718258857,-0.3802551031112671,0.6075312495231628,-0.1827001422643661,0.0576381757855415,-0.0303319804370403,-0.2173190414905548,0.3214604556560516,-0.3659038841724396,-0.3783417344093323,0.1673703789710998,0.3260456919670105,-0.177744448184967,-0.4289966523647308,-0.3378853797912597,-0.5367929935455322,0.3362517654895782,0.3132054209709167,-0.0323720835149288,-0.2094873338937759,0.2365705668926239,0.0392595268785953,0.4166017472743988,0.2066131979227066,0.5641819834709167,-0.1325835436582565,0.0099416654556989,-0.0932277664542198,0.4952303469181061,0.0901037603616714,-0.6326240301132202,0.158358559012413,-0.2867668867111206,-0.0173558443784713,0.107340008020401,-0.0451720394194126,-0.1583792865276336,-0.3470660746097564,1.0091145038604736,-0.1720819026231765,0.0428343191742897,-0.1088468357920646,-0.5532451868057251,-0.0317088961601257,0.1576555669307708,0.2147662192583084,-0.2545504868030548,0.1049708873033523,0.2996875941753387,0.1895471960306167,-0.7632226347923279,0.0111502408981323,0.1368252038955688,-0.1470520794391632,1.066796898841858,-0.7711522579193115,0.2616840302944183,-0.2608645856380462,-0.040651224553585,-0.5023216605186462,0.088080994784832,0.501655638217926,0.4692065119743347,0.1573397517204284,-0.5436323881149292,0.5917591452598572,0.5716028809547424,0.4121880233287811,0.3372128307819366,0.0857105329632759,-0.2183679044246673,-0.1453911662101745,0.2892410457134247,-0.2568687200546264,0.1158893778920173,0.1483827829360962,-0.454930305480957,0.1390462219715118,0.4084529876708984,0.268079936504364,-0.1322606205940246,0.4458299577236175,-0.9173943996429444,0.0121634928509593,-0.1293108463287353,-0.2407212853431701,-0.655108630657196,0.5757667422294617,-0.1570649445056915,-0.2027263194322586,-0.2569780647754669,0.0370329581201076,-0.5157102346420288,0.095952495932579,0.0432647280395031,0.684190571308136,-0.1562862247228622,-0.1192012578248977,-0.4013515114784241,0.1618971526622772,-0.143419474363327,0.0497052147984504,0.56205153465271,0.1374651789665222,0.1464396864175796,0.0063964049331843,-1.1057502031326294,-0.5280543565750122,0.1395886838436126,0.7025129795074463,0.6469906568527222,0.3365605473518371,0.3559617102146148,-0.3146827220916748,-0.2045052647590637,0.2062235176563263,0.3486829698085785,0.5529441237449646,-0.016566663980484,-0.7394495606422424,-0.3700011372566223,0.3480413854122162,-0.1952962279319763,0.3645149171352386,-0.3964727222919464,0.1479096561670303,-0.1230077594518661,-0.1660883575677871,0.3021289706230163,0.2427328675985336,-0.432539165019989,-0.1254675686359405,0.7219329476356506,-0.5374917984008789,-0.3943407833576202,-0.6420092582702637,0.1480622142553329,-0.3879353404045105,0.1265142112970352,-0.3879170715808868,0.2455029189586639,-0.5147812366485596,0.1670347154140472,0.2136788368225097,-0.0973865538835525,0.1902671456336975,-0.3023533821105957,-0.1986513286828994,0.2059695422649383,-0.0491631291806697,0.1524078249931335,-0.3032713234424591,-0.0656548961997032,-0.5807090997695923,-0.4501806795597076,0.1670434176921844,-0.3809289634227752,0.6607704162597656,0.1631241738796234,0.1359750479459762,-0.0701999813318252,0.3478787839412689,-0.6328304409980774,-0.1447628289461136,-0.4550751149654388,0.2436263114213943,-0.0120690781623125,0.3931418061256408,0.2132409363985061,0.0869434028863906,-0.4913892447948456,-0.4093371629714966,-0.4929644167423248,0.2152226120233535,-0.2128570526838302,-0.2557368278503418,-0.1298930346965789,-0.024274805560708,0.04751892760396,-0.2410119771957397,0.3789639770984649,-0.6740599870681763,0.3417744934558868,-0.1215574964880943,0.5535191297531128,-0.4472485780715942,-0.1685982942581176,0.3951951265335083,-0.049195297062397,-0.4267884194850921,-0.414090096950531,-0.2033648788928985,0.2097956538200378,0.388204962015152,-0.6768291592597961,-0.2198648601770401,0.3544965386390686,-0.4503610134124756,-0.0210239253938198,0.5212361812591553,0.0284831039607524,0.0804966911673545,0.2866666316986084,-0.089926429092884,0.1582807600498199,0.5975357294082642,-0.5801597237586975,-0.2414451092481613,-0.5601361989974976,-0.0293470304459333,-0.3483292758464813,0.556526780128479,0.0230383947491645,0.1481944918632507,0.7260949611663818,-0.4633060693740845,-0.0925065577030181,0.9196696877479552,0.5360009670257568,-1.6513739824295044,0.289298415184021,0.6973103880882263,-0.1962223649024963,-0.2482532858848571,0.0548110119998455,0.0119285555556416,-0.0102505404502153,-0.2157996147871017,-0.7553359270095825,0.8927761912345886,0.2450911849737167,-0.2065581828355789,-0.2450914531946182,0.4924006760120392,0.0727382153272628,0.0552626326680183,-0.4773213267326355,-0.2581067681312561,0.3700799643993377,0.2186993211507797,-0.1692437827587127,-0.2959271967411041,-0.1563395708799362,-0.5493754148483276,0.1432756632566452,-0.2391412258148193,0.2105724662542343,-0.4816707372665405,0.0363241843879222,0.3828274607658386,1.131384015083313,0.3203997015953064,0.5801156759262085,-0.3884201049804687,-0.0716237649321556,0.8466631770133972,0.457819789648056,0.4994423389434814,0.3784675598144531,-0.2813080549240112,-0.2930530309677124,0.6196814775466919,-0.050277542322874,-0.3033430278301239,0.3204991817474365,-0.1048931702971458,0.2078468948602676,-0.1034251824021339,0.0694383829832077,0.1110826358199119,-0.1496219038963318,0.1321352124214172,0.7338179349899292,0.6123164892196655,0.1744691282510757,-0.0940590947866439,-0.4335092604160309,0.0579937808215618,-0.1725084483623504,0.255798876285553,0.4385444521903991,-0.2900402843952179,-0.2993480265140533,-0.1937111467123031,-0.2491368055343628,-0.2325776368379593,-0.3403624296188354,-0.400767982006073,-0.9239010810852052,-1.0663666725158691,0.0514844134449958,0.0364310033619403,-0.7813575267791748,0.2973428666591644,0.1253112405538559,0.6626867055892944,-0.4192781746387481,-0.5313348174095154,0.1362084597349167,-0.469912588596344,0.0440434291958808,-0.1709395498037338,0.040976446121931,-0.254860371351242,0.288720041513443,-0.5707607269287109,-0.2336601018905639,-0.3975604176521301,-0.2706895470619201,-0.4771449267864227,0.0833981111645698,0.1562682390213012,0.7864431142807007,0.0329351238906383,0.2744109034538269,-0.0830293223261833,0.1661955714225769,-0.1352051496505737,-0.1193107739090919,-0.6013108491897583,0.3270958065986633,0.6027277708053589,0.7362671494483948,0.2225320637226104,0.4853352904319763,-0.0107432296499609,-0.1678165048360824,0.2710961103439331,-0.2332077175378799,-0.286459356546402,-0.2649374604225158,0.5488170385360718,-0.4618846178054809,0.2983710467815399,-0.3070251047611236,-0.0251187942922115,0.8155043721199036,-0.2759130299091339,-0.6447542309761047,0.019334452226758,0.4444313943386078,0.2741967439651489,0.2018985152244568,0.2217877656221389,1.1126266717910769,-0.1611074060201645,0.6747143268585205,0.2079386562108993,-0.3065947294235229,0.0153259988874197,-0.2526099681854248,0.0108531191945075,0.1808147132396698,0.5403428673744202,0.8989946842193604,0.2680794596672058,0.387798011302948,0.4225503504276275,0.0394640564918518,-0.3098432421684265,-0.0448453351855278,0.5020272731781006,0.0876635760068893,-0.5822703838348389,0.0671888217329979,-0.4893506169319153,-0.3110739886760711,-0.3760032653808594,-0.1529198884963989,0.2548675239086151,-0.1874099820852279,0.4831192791461944,-0.4073148667812347,-0.6556465029716492,-0.4325756430625915,-0.7924972772598267,0.1225211918354034,-0.1237589567899704,0.2850375175476074,0.5576971769332886,0.5667896866798401,0.151675283908844,0.0797831639647483,0.305660992860794,0.7309637069702148,0.2399234920740127,-0.1629074960947036,-0.1688187420368194,0.3584931790828705,0.1539022028446197,0.4346175491809845,0.2286254167556762,0.0695969685912132,-0.3132855296134949,-0.5330155491828918,-0.3979867100715637,0.1479430347681045,0.0100019462406635,-0.0302755665034055,0.3525822162628174,0.0273273456841707,-0.1545535176992416,-0.5193030834197998,-0.2445397675037384,-0.3318242728710174,-0.1690635979175567,-0.7040066123008728,-0.1218400225043296,-0.5307708978652954,0.1147366911172866,0.4098197817802429,0.4931957721710205,-0.5638531446456909,0.1662935465574264,0.3007017076015472,0.1204905360937118,-0.0154460817575454,0.1163259223103523,-0.0711223110556602,-0.2879864573478699,-0.0643923953175544,0.0923106297850608,-0.0817050263285636,0.6598289608955383,0.1591884344816208,-0.5559541583061218,-0.2439369857311248,0.115936778485775,-0.9041750431060792,0.433933824300766,-0.1377756744623184,0.1395601332187652,-0.6946619749069214,0.1776384264230728,0.0566961802542209,0.0287550706416368,-0.234372466802597,0.1439073234796524,0.1385184079408645,-0.7581139206886292,0.3103348016738891,-0.1813197135925293,-0.3846227824687958,0.7979161143302917,0.5467738509178162,-0.1853010505437851,0.2618381977081299,0.5007081031799316,0.0613263137638568,-0.4154864549636841,0.3247176110744476,-0.1609259694814682,0.1054156497120857,0.3049433827400207,-0.1889155358076095,0.5684009790420532,0.1683012545108795,0.1198823079466819,0.1038140431046485,0.3489070832729339,0.6846362352371216,0.4384132027626037,0.2534331381320953,-0.1556078344583511,-0.470798522233963,-0.7940940260887146,0.0376302748918533,0.2783031463623047,0.5752158761024475,-0.3884532749652862,0.5000850558280945,0.6709069013595581,-0.0261370316147804,0.3636739552021026,0.921187937259674,0.1954237669706344,0.4207964837551117,-0.4991807341575622,0.0607120133936405,-0.9316931366920472,0.4198193550109863,0.3131798803806305,-0.0941114202141761,-0.1071772128343582,0.1388003677129745,-0.5112866163253784,-0.4666632413864136,0.1720971912145614,-0.1056281924247741,-0.1700824797153473,-0.2413229346275329,0.6426102519035339,-0.1109598949551582,0.9409220218658448,0.3932240307331085,0.0111649427562952,-0.4847569167613983,0.1631693243980407,-0.1479229778051376,0.6438269019126892,0.0549303963780403,0.4049669504165649,-0.2156396359205246,-1.03778874874115,-0.4044138193130493,0.2613549530506134,0.2089057564735412,0.286806046962738,-0.5070863962173462,-0.0036206315271556,0.4516017735004425,0.5596505403518677,0.2337265461683273,-0.1101813688874244,-0.4991564750671386,0.0602733492851257,-0.1417141854763031,-0.2067635357379913,0.3999647796154022,0.0863533318042755,0.3394351601600647,0.3769959211349487,-0.1770133674144745,0.0854547098278999,0.4841074049472809,0.1963625401258468,-0.1337948441505432,0.6522935032844543,0.0557423271238803,-0.1153806075453758,0.068910077214241,0.0201813541352748,-0.2673791050910949,0.0112823247909545,0.6305686235427856,-0.0938891470432281,-0.018041593953967,-0.5155843496322632,0.3149875104427337,-0.0319119431078434,0.1470301896333694,-0.4010014533996582,-0.4669030606746673,0.2831065356731415,0.2526891231536865,-0.3539333045482635,0.0224920939654111,-0.2453508973121643,-0.2295989990234375,-0.3570439219474792,-0.3350311815738678,-0.5432419180870056,-0.1944839358329773,-0.3953049778938293,0.4299406409263611,-0.770074725151062,-0.5165455937385559,0.4467598795890808,-0.1453765481710434,-0.1557761132717132,-1.1232340335845947,0.6056432723999023,-0.400147795677185,0.636294960975647,-0.1855069398880005,-0.096103236079216,0.0183214973658323,-0.3138656318187713,-0.322945773601532,-0.5746438503265381,0.4832221865653991,-10.23126220703125,-0.1531709879636764,-0.2061832696199417,-0.6949334144592285,-0.3927797973155975,-0.1074967384338378,1.0815861225128174,0.0150632699951529,-0.5576997995376587,0.1200396791100502,-0.2452751398086547,0.1355503350496292,0.534533679485321,0.3761050999164581,-0.0703593641519546,-0.030170764774084,-0.1402267664670944,-0.5821368098258972,-0.3437755107879638,-0.1215213239192962,-0.077371560037136,-0.1950564831495285,0.6719056367874146,-0.0401544831693172,0.0759009197354316,-0.3982008695602417,-0.1598372608423233,0.2665517330169678,0.1228524073958396,0.4765311181545257,-0.2146400511264801,0.8284003734588623,-0.1778043061494827,0.0664553940296173,-0.1844103336334228,-0.0297167152166366,-0.0254587046802043,0.4636370539665222,-0.1103347167372703,0.490783154964447,0.3837138414382934,0.358788251876831,0.1400733739137649,0.0472070164978504,0.3781290054321289,0.4283336102962494,0.1367486715316772,0.32080739736557,0.7621679902076721,-0.0751866400241851,0.4969749450683594,-0.7559500932693481,0.3250588178634643,0.068393275141716,-0.4673557579517364,0.0409008339047431,0.932538628578186,-0.5532816052436829,0.0047107227146625,0.2532929480075836,0.3740162253379822,-0.0409752391278743,1.1663835048675537,0.404410570859909,-0.2600726783275604,0.3022530674934387,0.1110511496663093,0.122262954711914,-0.4746184349060058,-0.4054569900035858,0.3808251917362213,0.0147620821371674,0.1461379677057266,0.3145440816879272,-0.3718342185020447,-0.085900068283081,-0.0263521336019039,0.2055089026689529,0.3818835616111755,-0.0679506063461303,0.8542038798332214,0.0212811939418315,-0.41378915309906,0.4242964386940002,-0.5259703397750854,0.1248574405908584,0.1416054666042328,-0.0715519413352012,0.5414227843284607,-0.6794898509979248,0.7729988694190979,-0.3009038865566253,-0.3189559578895569,0.7000997066497803,0.3129055202007293,-0.5655158162117004,0.31784188747406,0.1308512240648269,0.0886329114437103,-0.2186778038740158,0
-0.0904624909162521,0.2914348542690277,0.9042829275131226,-0.5265315175056458,0.3029417991638183,0.6859896183013916,0.0658910945057869,0.644199013710022,-0.1463227272033691,-0.5398451685905457,0.5751404166221619,-0.5787258744239807,-0.1043607145547866,-0.1212496757507324,0.4423528015613556,-0.2366373240947723,0.1128721460700035,-0.129227265715599,0.0509248785674572,-0.8192031383514404,-1.004662036895752,-0.3251353502273559,-0.1077804490923881,0.318066269159317,0.1638715118169784,-0.3804258406162262,-0.3342246413230896,0.2382932305335998,0.016279499977827,-0.0378982834517955,-0.2233155965805053,-0.0167192164808511,0.0280671939253807,-0.1333400160074234,-0.2482261806726455,0.1374882012605667,0.3361428380012512,-0.1651189178228378,0.1008641719818115,-0.2568379342556,-0.0223948955535888,0.291657418012619,0.2876970469951629,-0.1480404734611511,-0.0636554807424545,0.8940709829330444,-0.0104083335027098,0.5541645884513855,0.5447234511375427,0.0492274388670921,-0.3076902329921722,0.3060892224311828,0.2014267742633819,0.2501636445522308,0.3285885751247406,-0.1710619479417801,0.5226285457611084,-0.7249751687049866,-0.349913626909256,0.2627546489238739,-0.5103700757026672,-0.4830107390880584,0.4546530246734619,0.4366473853588104,-0.2435269057750702,-0.4471869170665741,0.0996631607413292,-0.5927037596702576,0.0182454977184534,-0.9455112218856812,-0.1680867075920105,0.3946008086204529,0.2533335983753204,-0.4070121645927429,0.5962045788764954,-0.2494092434644699,-0.1738327443599701,0.2459849119186401,-0.035057321190834,-0.1090946868062019,0.2185200601816177,0.1934568434953689,0.1403253972530365,-0.2345869541168213,0.0491658858954906,0.0881952792406082,-0.3376710116863251,-0.4962426722049713,0.3559324443340301,-0.4258038103580475,-0.1925810277462005,0.1263825297355651,0.3926200568675995,-0.5402572751045227,0.0422997958958148,-0.2370509952306747,0.1698733568191528,-0.3930214345455169,-0.2394787967205047,0.074012853205204,-0.1467602401971817,-0.1839894652366638,0.392607569694519,0.136662095785141,-0.1053941845893859,0.2906131446361542,-0.4010188281536102,0.3196265697479248,-0.2316954731941223,0.1131918802857399,-0.4603136479854584,-0.4104042649269104,-0.0745987221598625,0.1970182657241821,-0.2103473842144012,0.4162154495716095,-0.1638394147157669,0.3708224296569824,-0.3478519916534424,0.2074092328548431,0.4670157730579376,0.3493570685386657,-0.2652909159660339,-0.0805102661252021,-0.2120340466499328,0.2750294804573059,-0.2003699243068695,0.0563736855983734,-0.3373311460018158,-0.4216986894607544,-0.0646777004003524,0.0301258750259876,-0.3001488149166107,-0.2139191776514053,-0.1317937225103378,1.1519120931625366,0.0189576260745525,-0.1841553002595901,-0.0866636559367179,-0.5577600002288818,-0.5187437534332275,0.4108311831951141,-0.0763097777962684,0.0487296879291534,0.1625753492116928,0.5497424006462097,-0.2403791844844818,-0.3443998992443084,-0.0110672041773796,0.4872322678565979,-0.3716241419315338,0.9817892909049988,-0.7860966920852661,0.2862178385257721,0.1123876199126243,0.1311323493719101,-0.6785119771957397,0.1746017187833786,0.0895658060908317,0.4822838008403778,0.4107579886913299,-0.2463894635438919,0.041016362607479,0.2820586264133453,-0.0689423084259033,0.0354495458304882,0.2548383176326751,0.2032129317522049,-0.0695834532380104,0.3426210880279541,0.1447527110576629,0.3174274861812591,0.1664595901966095,-0.1247897818684578,0.3890511095523834,0.1872013956308365,0.2098928838968277,0.1676358431577682,0.0529015399515628,-0.3450662195682525,0.1102545857429504,-0.4132079184055328,0.192251443862915,-0.4572228789329529,0.4041145145893097,-0.0247576087713241,-0.1048895567655563,0.2226686626672744,-0.4788624942302704,0.1660966426134109,-0.2253588289022445,-0.4399170875549316,0.1901737600564956,-0.531242847442627,0.2118552774190902,-0.5359876155853271,0.293876439332962,-0.4928672909736633,-0.2157508283853531,0.5712244510650635,-0.0512602813541889,0.377107173204422,-0.0945263877511024,-0.419214516878128,-0.5005181431770325,-0.2164317071437835,0.0042975191026926,0.3506579995155334,0.3519232869148254,0.3965585231781006,0.0283405594527721,0.8557401299476624,0.4130304753780365,-0.0299773924052715,0.0893852412700653,-0.0599222406744957,-0.3800110220909118,-0.7586547136306763,0.4944515526294708,-0.6636819839477539,0.1798807680606842,-0.3139596581459045,0.3653121292591095,0.0930416509509086,0.4320382475852966,0.4634808897972107,0.0689244493842125,-0.4078691005706787,-0.2407831847667694,0.0191179662942886,-0.5736492872238159,-0.8063799738883972,-0.4187020361423492,-0.0534186176955699,-0.7155433893203735,-0.1486134678125381,0.0815653577446937,0.2062425166368484,-0.5052817463874817,0.4491123557090759,0.5074562430381775,-0.2244113087654113,0.1605028212070465,-0.6096404790878296,-0.179380789399147,0.1548497080802917,0.3553395569324493,-0.2577355802059173,-0.2092109620571136,0.0395354554057121,-0.5288247466087341,-0.4166260957717895,0.5038336515426636,-0.5668504238128662,1.1367641687393188,0.4629729688167572,0.6138557195663452,-0.348984956741333,0.0871286168694496,-0.3185581862926483,-0.2358259856700897,-1.1552138328552246,-0.020163832232356,0.2705949544906616,0.1451490670442581,-0.2108276933431625,0.4108844399452209,-0.4290265738964081,-0.1406421810388565,-0.3781771063804626,0.760002076625824,-0.0134463468566536,0.1670171320438385,0.1854815185070037,-0.2596975266933441,0.2736896276473999,-0.2384300231933593,0.5487073659896851,-0.2559525966644287,0.1322875767946243,-0.6875477433204651,0.0826127007603645,-0.6871238946914673,0.1638538241386413,-0.1534013003110885,-0.1060012131929397,-0.3227623105049133,-0.0341239683330059,-0.4999503195285797,0.3267504274845123,0.560471773147583,-0.3977236449718475,-0.1827516108751297,-0.2466110587120056,-0.3423759341239929,0.159855917096138,0.3717649281024933,0.3668314218521118,-0.6804065108299255,0.0020917281508445,-0.0055588162504136,0.5194578170776367,0.1373953074216842,-0.124314896762371,-0.0733662471175193,-0.5359795093536377,-0.2632194459438324,-0.1965821236371994,0.0759749561548233,-0.3168580234050751,-0.1814859509468078,0.6680972576141357,-0.6269761919975281,0.4128217995166778,0.258027970790863,0.5630234479904175,-1.2905980348587036,-0.3667156994342804,0.3513939082622528,0.2589236199855804,-0.467196524143219,0.3139374554157257,-0.0362828560173511,0.2387593984603881,-0.2159920930862426,-0.2309617400169372,0.8402861952781677,0.2381415516138076,-0.1639311462640762,-0.6296332478523254,0.4339693486690521,0.2286807596683502,0.4888211190700531,-0.4458367526531219,0.1875439882278442,0.5855319499969482,-0.1419876515865326,0.0659430846571922,0.1006730794906616,-0.464237779378891,0.027066646143794,0.1697381287813186,0.4216361343860626,0.4660759270191192,-0.1675224304199218,-0.1035868525505065,0.2109532207250595,0.6986196637153625,0.9891156554222108,0.6033322811126709,-0.0764152333140373,-0.2534029185771942,0.0743955299258232,0.503931999206543,0.3383760154247284,-0.2288940250873565,-0.0642153024673461,-0.0277762711048126,0.6556435227394104,-0.0756156221032142,0.2792944610118866,0.2189347445964813,0.3679870069026947,0.0307341627776622,0.1585189998149871,-0.0174270942807197,0.3416876494884491,0.3031043410301208,0.0687781795859336,0.3628217577934265,0.9835038185119628,0.0668450370430946,-0.7607727646827698,-0.5690375566482544,-0.0279689449816942,-0.3985065817832947,-0.2829473614692688,-0.2528550624847412,-0.2385101318359375,0.0943529531359672,-0.0904832333326339,-0.1522963494062423,0.1562311947345733,-0.4078515768051147,0.0357277281582355,-0.1572018265724182,-0.7202507853507996,-0.2564665377140045,0.0272460915148258,-0.5985473394393921,1.1029949188232422,0.0500133857131004,0.4257314503192901,-0.3613067269325256,-0.3360375165939331,-0.1773878782987594,-0.8166588544845581,-0.2190120667219162,-0.0862146168947219,0.390553206205368,-0.3915800750255584,0.1926491111516952,-0.4274401366710663,-0.3580740690231323,-0.4613469839096069,-0.011969388462603,-0.4975057542324066,0.0080907978117465,0.3407109677791595,0.9393126964569092,0.2210823893547058,0.2714911103248596,0.3709895312786102,-0.0618120990693569,-0.7104451656341553,0.2790409922599792,-0.6456839442253113,0.2674353420734405,0.0038563082925975,-0.0072023011744022,0.3971083760261535,0.7229209542274475,0.4728432595729828,0.3393757343292236,0.4042707681655884,-0.2895070016384125,-0.5732150673866272,-0.4247560501098633,0.753117561340332,-0.2681972682476043,0.4873961508274078,-0.157304584980011,0.2379738241434097,0.5030801892280579,-0.2444040328264236,0.1038163900375366,0.2528286278247833,0.2065490931272506,-0.4532310962677002,0.0456806868314743,0.4231827855110168,0.6666966080665588,0.3670901358127594,-0.100858986377716,-0.201791450381279,-0.2484352588653564,0.5081061124801636,0.4235527515411377,-0.1823441535234451,0.0891690403223037,0.0900240018963813,0.7338998913764954,0.4763159453868866,0.1319311410188675,0.4949811100959778,0.451987087726593,0.2155277729034423,0.1767886281013488,0.2268822789192199,-0.0114835826680064,-0.2092504054307937,-0.0367237739264965,-0.43978351354599,-0.3437489569187164,-0.2563125193119049,0.0771972760558128,0.3571338653564453,0.1897206604480743,0.3621518909931183,-0.0480001270771026,-0.6339271664619446,-0.7820520401000977,-0.8222736716270447,0.1216430962085723,-0.5955580472946167,-0.0240201912820339,0.7102537751197815,0.1783839017152786,-0.2726053595542907,0.9348994493484496,0.149844154715538,0.0229564756155014,0.5006316900253296,-0.8065794110298157,-0.1471769511699676,0.2820498645305633,-0.1413670480251312,-0.1860545575618744,0.4983738362789154,0.0605515055358409,-0.4908679723739624,-0.9553271532058716,0.3362506330013275,-0.2580791711807251,0.1980268061161041,-0.4732087254524231,0.4310984313488006,0.333318680524826,-0.7752567529678345,-0.5724588632583618,-0.0805055797100067,-0.0292891673743724,0.221863716840744,-0.340204119682312,0.194220021367073,0.1863291263580322,0.2946448624134063,0.2539586424827575,0.9138773083686828,-0.2997905313968658,0.3082966804504394,0.4082290530204773,0.5579416751861572,-0.3353551030158996,0.210405096411705,0.1900667995214462,-0.2841611802577972,-0.0523403845727443,0.28673255443573,-0.3256092667579651,-0.0934688076376915,-0.0989334881305694,-0.6394514441490173,-0.3241853713989258,0.0162494890391826,-1.0587092638015747,0.7130382061004639,0.2653181552886963,0.5310068726539612,0.152613490819931,-0.1849259138107299,-0.2862891852855682,0.2436521053314209,0.0994746387004852,0.3667478263378143,-0.3276220262050628,-0.8641722202301025,0.5537452697753906,-0.4184079468250274,-0.8957991003990173,1.1917693614959717,0.6073634624481201,-0.4145885407924652,-0.1981982141733169,0.2631306648254394,-0.0671490654349327,0.1993575990200042,0.1975889503955841,-0.3912653625011444,-0.544865608215332,0.2524952888488769,0.0898089781403541,0.0308265350759029,-0.0424858815968036,-0.4880644679069519,-0.1832621544599533,0.444537878036499,0.3106210231781006,0.1766120046377182,0.0364897288382053,0.1008015796542167,-0.2940951585769653,-0.1284317374229431,0.4437766373157501,-0.1150968596339225,0.6022598147392273,-0.149721086025238,0.3519835472106933,0.7572748064994812,-0.7213563323020935,0.2956966161727905,0.4519300758838653,0.5448276400566101,0.4808900356292724,-0.0815318673849105,-0.13706836104393,-0.6857854127883911,0.1806217432022094,0.2869791090488434,0.0248027369379997,0.3681441843509674,-0.1221340596675872,0.0545647256076335,-0.3873177170753479,0.0090355053544044,-0.0145806828513741,0.2049410194158554,0.2514050602912903,0.274554580450058,-0.1196329444646835,0.1694527119398117,0.2071972638368606,-0.019986068829894,-0.4833220541477203,-0.2583203315734863,0.377114862203598,1.1269046068191528,0.0218795705586671,0.4283007085323334,-0.6482842564582825,-0.8988929986953735,0.3103123009204864,0.0084778107702732,0.1815921068191528,0.6792067289352417,-0.227202370762825,-0.3045380413532257,0.7449535131454468,-0.0776117295026779,0.0687526166439056,-0.507163941860199,-0.3711107969284057,-0.105400338768959,-0.2477559447288513,-0.6033014059066772,0.3400307893753052,0.1411968022584915,0.4541874527931213,0.2631691098213196,0.0541853792965412,-0.2669032514095306,1.004542589187622,0.2815003991127014,0.1840220242738723,0.1943087875843048,-0.0586784183979034,0.1669033765792846,0.0405731610953807,0.3238861262798309,-0.428726851940155,-0.5904447436332703,-0.0388059429824352,-0.556958794593811,-0.1690805256366729,-0.0343567542731761,0.2932038903236389,0.3987009227275848,-0.2092013657093048,-0.2017080634832382,-0.7808136343955994,-0.4765915274620056,-0.221159815788269,-0.6412548422813416,-0.1107942909002304,-0.3009142279624939,0.1593085676431656,-0.0705694630742073,-0.065823882818222,-0.8682823777198792,-0.3421393930912018,-0.0449051074683666,0.3797978162765503,-0.4994765520095825,-0.2799455523490906,0.4721048474311828,-0.0250942651182413,0.0997405499219894,-1.3209149837493896,0.1447140574455261,0.1039775982499122,0.1591875106096267,-0.2089003622531891,0.5778836607933044,-0.4944071769714355,0.3925453126430511,0.0591462142765522,-0.2144272178411483,-0.1758216023445129,-10.195903778076172,-0.1171791851520538,-0.3684019744396209,-0.4963542819023132,-0.2174567431211471,0.3311242759227752,0.4051301181316376,0.3149828612804413,-0.2290693521499633,0.0961148366332054,-0.2786165177822113,0.3794465661048889,0.4637976288795471,0.4897248148918152,-0.7993727922439575,-0.0723662227392196,-0.331849455833435,-0.0793876647949218,0.3460274636745453,0.462670087814331,-0.1913790702819824,-0.6157441139221191,0.5151804685592651,0.0852451026439666,0.465062141418457,-0.5881404876708984,-0.8459103107452393,-0.0557419843971729,-0.4899263679981231,0.1337936222553253,-1.0607634782791138,0.2661552429199219,0.1468967050313949,0.3587058484554291,-0.4050166606903076,-0.1763021498918533,-0.2400463074445724,0.1988032311201095,-0.3409290313720703,0.2023395001888275,0.131910815834999,0.2657855153083801,0.0239998511970043,0.1704800873994827,-0.0640340894460678,0.1500251442193985,0.1912308782339096,0.2482452690601349,0.8901605606079102,0.2119199782609939,0.2064417004585266,-0.0202858261764049,-0.0488318353891372,-0.0385941602289676,0.1255405247211456,-0.4787294864654541,0.4334735572338104,-0.4736551344394684,-0.0607443191111087,0.0104414001107215,0.3339530825614929,0.0251757781952619,0.8018687963485718,0.4740272164344787,0.6407812237739563,0.3210649192333221,0.3777634799480438,0.3084906339645386,-0.7059242129325867,-0.4060247838497162,0.0903865247964859,0.256279319524765,-0.3962750732898712,0.1333533227443695,0.0315283313393592,0.5156116485595703,0.4509681463241577,0.0336551629006862,0.1862815469503402,-0.0474302358925342,0.5402597188949585,-0.8166006803512573,0.3138451874256134,0.5013903379440308,-0.7229624390602112,-0.2820299565792084,-0.0545421354472637,0.2240045070648193,0.0701425150036811,-0.6010129451751709,0.1234044656157493,-0.4758801758289337,-0.5402576327323914,0.3047515451908111,0.8828150629997253,-0.2072817683219909,-0.5595740079879761,0.3291369974613189,0.0799122303724289,-0.0102398926392197,1
0.4871029257774353,0.3112438321113586,0.6418967247009277,-0.2556582987308502,-0.2658005058765411,0.4899188876152038,0.4236130118370056,-0.1525091677904129,-0.7580079436302185,0.052619319409132,0.8789860010147095,0.0158182885497808,-0.6489512920379639,0.0048701292835175,0.1287331283092498,-0.0917625278234481,0.1066539287567138,-0.2342146933078766,-0.0232696756720542,-0.0129869543015956,-0.5899919271469116,-0.212751880288124,-0.2258172929286956,0.6775805354118347,0.0299185868352651,-0.1018071621656417,-0.2578838169574737,0.5048170685768127,0.1958919912576675,0.0571742504835128,0.1502678394317627,-0.0304121486842632,-0.1197897568345069,-0.1161973476409912,-0.4109673202037811,0.2948071956634521,-0.0572437159717083,0.05080571398139,0.3518440723419189,0.1749065667390823,-0.0335266627371311,-0.2326549142599105,-0.539196789264679,-0.1533224135637283,-0.1208617314696312,0.2532053589820862,-0.3155933320522308,0.1978977024555206,0.0416663512587547,0.3158732950687408,-0.4199742972850799,0.2476316392421722,0.5251737236976624,0.2763620615005493,0.0860089436173439,-0.1845084130764007,0.8094395995140076,-0.750835657119751,-0.0073943524621427,0.6532958149909973,-1.1295076608657837,0.2262719869613647,-0.2964073419570923,-0.045218925923109,-0.0816813260316848,-0.1675745993852615,-0.0904666557908058,-0.1344543546438217,0.622959554195404,-0.6758260130882263,0.1665610820055008,-0.3049917817115783,-0.4265114963054657,-0.4626910984516144,0.1613782197237014,-0.4636359214782715,0.0219851434230804,0.547964334487915,0.9302532076835632,0.3348749876022339,-0.5613253116607666,0.3776678740978241,-0.0695181712508201,-0.7276908755302429,-0.4357565343379974,-0.0048336805775761,-0.9616498947143556,-0.6335716843605042,0.6302002668380737,-0.2444955855607986,-0.3732101023197174,-0.7225612998008728,0.2581343352794647,0.1187081038951873,0.7053924202919006,-0.0253477916121482,-0.2438835054636001,0.027056761085987,-0.0336368195712566,0.2745828628540039,-0.7686008810997009,0.3541084825992584,0.7190836071968079,-0.0718512162566185,-0.2065120786428451,-0.0018187621608376,-0.1872269362211227,0.397638738155365,0.4309074580669403,0.5468270778656006,0.2219927012920379,-0.8018908500671387,-0.9759647250175476,-0.4734072685241699,0.2083161324262619,-0.0377684906125068,-0.1185806989669799,0.2885502278804779,-0.1798402369022369,0.6878290772438049,0.1897077858448028,0.6301215887069702,-0.2091690599918365,-0.722944438457489,-0.3673590719699859,0.4424038529396057,0.3752502202987671,-0.1676991283893585,-0.4459718763828277,-0.4431300461292267,-0.7770759463310242,-0.0673386603593826,-0.3171449303627014,-0.4294436872005462,-0.5217902660369873,0.8094475269317627,-0.2512924969196319,0.1075090393424034,-0.4025917053222656,-0.4018430411815643,-0.466763973236084,0.2779311835765838,0.0454577282071113,-0.654930830001831,-0.044775117188692,0.0182618666440248,-0.1461863368749618,-0.3534509539604187,0.3655516505241394,0.4585763216018677,0.038303080946207,1.1507761478424072,-0.7051618695259094,0.5010988116264343,0.1114377006888389,-0.1240318939089775,-0.637571394443512,-0.1164587289094924,0.103160485625267,0.0029246993362903,0.27631476521492,0.0490697436034679,0.3067949712276459,1.1473218202590942,0.2200698107481002,0.1146855354309082,-0.054234005510807,0.0093141850084066,0.2357895672321319,0.7931244969367981,0.9288544058799744,0.2657651007175445,0.7831446528434753,-0.5178368091583252,0.1429086625576019,0.3797582685947418,0.5708256363868713,0.0189598482102155,-0.2144011408090591,-0.2801067531108856,-0.052637368440628,-0.3254095315933227,0.2340656816959381,-0.5054588317871094,0.6047118902206421,0.2007045149803161,0.4485276341438293,-0.1534082591533661,-0.1056542620062828,-0.0211676489561796,0.0489759519696235,-0.536264181137085,0.2355049401521682,-0.5773724913597107,-0.3042028844356537,-0.2597787976264953,0.4161090850830078,0.4371704757213592,-0.1982328742742538,0.2009575814008712,0.11663219332695,-0.2995975613594055,-0.015353363007307,-0.852346658706665,-0.2523526549339294,-0.2512937188148498,0.0604821182787418,0.4706586599349975,0.1505519896745681,0.0846910700201988,-0.1784964650869369,-0.3232850730419159,-0.0210635960102081,-0.1855963766574859,0.6927430033683777,-0.6860296130180359,-0.752128541469574,-0.6004267334938049,-0.1781690865755081,0.176661878824234,0.5300585627555847,-0.294614315032959,0.0418475419282913,-0.3430668413639068,0.3032206296920776,0.3980767428874969,0.5035474300384521,-0.1453271657228469,-0.6162866353988647,0.1141750663518905,-0.4648641645908355,-0.6513643860816956,-0.5748369693756104,0.1390192955732345,-0.6865306496620178,-0.7188555002212524,-0.0162003524601459,0.2561909258365631,-0.1578685045242309,-0.0249113645404577,0.558117687702179,-0.4452366828918457,0.5371310710906982,-0.4229345023632049,-0.5338836908340454,0.3808674216270447,-0.4377933442592621,-0.0793895795941352,0.1639578640460968,-0.1228517219424247,-0.7344483137130737,-0.1510647386312484,0.0286140590906143,-0.0342519618570804,0.9116819500923156,0.6522166728973389,0.904354214668274,-0.3602615892887115,0.2949974238872528,-0.7336243987083435,-0.237593725323677,-0.5255631804466248,-0.2727871239185333,-0.0693399533629417,0.1877327859401703,-0.1907364726066589,-0.4590455889701843,-1.075838327407837,-1.0332036018371582,-0.4220397174358368,0.0344428680837154,-0.0979672968387603,-0.153228685259819,-0.2957656383514404,0.1623664200305938,0.5445863604545593,-0.5729798674583435,0.6523600816726685,-0.3408239483833313,0.9851572513580322,-0.481229156255722,0.4011480510234833,-0.7459119558334351,-0.2729512453079223,-0.0208285823464393,0.5046341419219971,-0.7048631310462952,-0.5099693536758423,-0.4516530632972717,0.5084946155548096,0.7076864242553711,-0.7811751365661621,0.0191884879022836,0.0766404271125793,-0.6479899883270264,0.3435512781143188,0.2791961431503296,-0.1827924847602844,0.1731383949518203,-0.0243612807244062,0.4026594758033752,-0.416874498128891,0.4068607985973358,-0.0795387327671051,0.0487347170710563,-0.3546027541160583,0.0398236811161041,0.3165858387947082,0.3399744033813476,-0.307458758354187,0.6749665141105652,0.4790500402450561,-0.4889535009860992,-0.0736426562070846,0.6046435236930847,0.4842948019504547,-1.687179446220398,0.1725722998380661,0.48698890209198,0.076337456703186,-0.4583398401737213,0.384485512971878,0.5825582146644592,0.5674645900726318,0.1395272761583328,-0.892349123954773,1.3817840814590454,0.1117706894874572,-0.5031810998916626,0.1963310539722442,0.2763651907444,-0.1240781471133232,0.0228829495608806,-0.6274163126945496,0.0666640177369117,0.5147969126701355,-0.1712956130504608,-0.0622882097959518,0.101601094007492,-0.3973147273063659,-0.0347880385816097,0.6591439843177795,-0.7945539951324463,-0.3309025764465332,-0.6230839490890503,-0.147895947098732,0.3651831746101379,1.676709771156311,0.1523522585630417,0.5257534980773926,-0.7202920317649841,-0.23840993642807,-0.4747266769409179,-0.0877086222171783,0.0577413626015186,-0.495049238204956,0.0359099134802818,-0.4449571967124939,0.2496489584445953,0.2661591172218323,0.1785660535097122,-0.12789286673069,0.2914387881755829,0.2759785652160644,-0.0963191762566566,-0.0027752553578466,0.6358041167259216,-0.079516053199768,0.3349685668945312,0.1781617254018783,0.7129798531532288,0.8594394326210022,0.129124030470848,-0.1741911768913269,0.2292324006557464,-0.9371184706687928,0.4224268198013305,0.5195561647415161,-0.388682097196579,0.4205546677112579,0.080777458846569,-0.0475782640278339,-0.0432050041854381,-0.5159657597541809,0.4319249391555786,-0.5302548408508301,-0.6946197748184204,-0.2556244134902954,0.3964457213878631,-0.0218339581042528,0.7941288948059082,0.6027892231941223,0.5558668375015259,-0.5528475046157837,-0.4494167864322662,0.4720392525196075,-0.0278069116175174,0.6454340219497681,-0.3102744221687317,0.4741364419460296,-0.1930988579988479,-0.0816230103373527,-0.3306300044059753,-1.1016929149627686,-1.1328061819076538,-0.3527359664440155,-0.8437162041664124,0.0883318409323692,0.0166179332882165,0.5260935425758362,-0.3568281829357147,0.3089243471622467,0.4339423179626465,0.0885413289070129,-0.1924438327550888,-0.8673501014709473,0.0152217717841267,0.0992809236049652,0.1531584709882736,0.1446982324123382,0.3812558352947235,0.4379046559333801,-0.2328591793775558,-0.5454654097557068,0.3187895715236664,0.2324008196592331,-0.2125420719385147,-0.7398461103439331,0.2901666462421417,-0.1754992604255676,-0.2768450379371643,-0.0700312927365303,0.2613284289836883,1.2252193689346311,-0.0009075250709429,-0.6644392013549805,-0.0606603696942329,0.2543105483055115,-0.1092960909008979,1.0831310749053955,0.547250509262085,0.4560775756835937,-0.2520927488803863,0.0764947459101677,-0.258932501077652,-0.1018154695630073,0.045557901263237,-0.1341677755117416,0.6166885495185852,0.1234696507453918,0.3937031030654907,1.0730894804000854,-0.0708035752177238,0.4182968139648437,0.1894800961017608,0.5416486859321594,-0.5783624053001404,0.4311995208263397,-0.6220143437385559,-0.3889636695384979,-0.4045604765415191,0.273272305727005,-0.6448376774787903,-0.4883438646793365,0.0748318880796432,-0.0559296607971191,0.3655585944652557,0.0947508066892623,0.3347433507442474,-0.4867055118083954,-0.7516680955886841,-0.6947751045227051,-0.8651110529899597,-0.1331499963998794,-0.7601132988929749,-0.0770404860377311,1.1819701194763184,0.1875740587711334,-0.6374523043632507,-0.2221080660820007,-0.2064822614192962,0.4502861499786377,0.0212032590061426,-0.0214349161833524,-0.4263295829296112,0.4196648895740509,-0.5261693000793457,-0.061623927205801,0.219854399561882,0.0290658865123987,-0.4521681368350982,-0.7936022877693176,-0.7372019290924072,0.0023609229829162,0.2143869698047638,-0.5866208672523499,0.4461150467395782,0.2373750954866409,-0.4823496043682098,0.2236660420894622,0.1765279769897461,-0.4172260761260986,-0.1361928582191467,-0.5139825344085693,-0.1692083179950714,-0.2422839701175689,0.0809249952435493,0.0438421554863452,0.5074209570884705,-0.4115377962589264,-0.2900601923465729,0.9956235885620116,0.0885742232203483,0.0695859119296073,0.5985785722732544,0.030906518921256,-0.5308222770690918,-0.0320099927484989,0.552023708820343,0.5252487063407898,0.5485820770263672,0.18540720641613,-0.7003619074821472,-0.5911814570426941,-0.0854389667510986,-0.7716334462165833,0.6794939637184143,0.1723127216100692,0.822359025478363,-0.8295876383781433,0.2449977248907089,-0.0635278820991516,0.4558557868003845,-0.147618755698204,0.5592444539070129,0.3894344270229339,-1.012048602104187,-0.7715059518814087,-0.3534023463726043,-0.4530357122421264,0.5879379510879517,0.5101774334907532,-0.6036399006843567,0.1739322692155838,0.7949813604354858,0.3542305529117584,-0.6280215978622437,-0.0455308780074119,-0.4542135298252105,0.0779537260532379,0.8994118571281433,0.025979246944189,0.364872545003891,0.6617834568023682,-0.8723545670509338,0.4205503463745117,0.0646677836775779,0.7142137885093689,0.1112603694200515,-0.01350640039891,-0.3336399495601654,0.1852497458457946,-0.9368104338645936,-0.4135599732398987,0.2353415787220001,0.0102262273430824,-0.4041323959827423,0.5863099098205566,0.687199056148529,-0.4467338919639587,-0.171096384525299,1.1963224411010742,0.6934413909912109,1.1727560758590698,0.0693421214818954,0.2632206082344055,-0.6312238574028015,0.5046777725219727,0.0999296307563781,0.1138162463903427,-0.4361141920089721,-0.0496457181870937,-0.0317858234047889,-0.5102942585945129,0.284287542104721,0.3047030568122864,-0.004713037982583,0.1997137814760208,-0.2329429686069488,-0.0444165877997875,1.1387462615966797,0.1279442459344864,0.0908200591802597,-0.1361284703016281,-0.083695076406002,0.7815958857536316,0.387852668762207,0.1136531084775924,0.2873326241970062,0.0116083063185215,-0.5783442258834839,0.1750727593898773,-0.3806222975254059,0.4018998146057129,0.5458876490592957,-0.6939646601676941,-0.8114388585090637,0.598314642906189,0.5786677598953247,0.2320148348808288,-0.0150028467178344,-0.6393182277679443,-0.1019391268491745,-0.0547196604311466,0.20533187687397,-0.0808889269828796,0.2012906223535537,0.2769282460212707,-0.1144013479351997,-0.4044199287891388,0.2067251056432724,0.3964733779430389,-0.0710416734218597,-0.6280693411827087,-0.1215648129582405,-0.1576318144798278,0.3057627081871032,0.1288700848817825,0.3105970919132232,0.0048235789872705,-0.2383773326873779,0.4694837927818298,-0.185609757900238,-0.3795554339885711,-0.2565902173519134,0.8335814476013184,0.2388144731521606,-0.005740042310208,0.2247727811336517,-0.4345863163471222,-0.0482878759503364,0.1456689685583114,-0.7986185550689697,-0.0886615663766861,0.3918721079826355,-0.3647620379924774,-0.286167711019516,0.3897396922111511,-0.6758683323860168,0.2997846305370331,0.1210987418889999,0.5831829905509949,-0.6072447896003723,-0.4771528244018554,0.4599668383598327,-0.0151549009606242,-0.2357513904571533,-1.4835104942321775,0.5753331184387207,0.1726105362176895,0.3982391953468323,0.0732976347208023,0.3291622996330261,0.2275152057409286,-0.297334611415863,0.3334373235702514,-0.3543940782546997,0.2686825692653656,-9.623371124267578,-0.3366906344890594,-0.2500040829181671,-0.3443638682365417,-0.3097512722015381,-0.1928163766860962,1.178856372833252,0.7910993099212646,-0.3517414033412933,0.1092985719442367,-0.5064831972122192,-0.5399105548858643,0.4728935062885284,-0.1594906747341156,0.0034422050230205,0.3760254681110382,-0.8666298389434814,-0.5093941688537598,-0.5065591931343079,0.2625578045845032,-0.1960121095180511,-0.0777080804109573,0.8864417672157288,0.0880405902862548,0.027871211990714,0.2879453897476196,0.4378581345081329,0.146378219127655,-0.0659997090697288,0.7545938491821289,-0.5527205467224121,0.4259957373142242,-0.0724203586578369,0.5263580679893494,-0.3624927699565887,0.1432782262563705,0.1114511638879776,-0.0039803097024559,-0.9822444915771484,0.7614712119102478,0.478391170501709,0.6143478155136108,0.1772196888923645,0.3317575454711914,-0.1949498057365417,-0.4198912978172302,-0.0906330421566963,0.2136856019496917,0.2229172438383102,-0.0746719539165496,0.0072870454750955,-0.5786659717559814,0.4518012106418609,-0.3779958188533783,0.45679771900177,-0.2503117322921753,0.6148054003715515,-0.480902761220932,0.6734774708747864,-0.0168807562440633,-0.0396499373018741,0.4694781899452209,0.6351075172424316,0.2969510555267334,-0.8252557516098022,0.5729717016220093,-0.2366446405649185,-0.1976436823606491,-0.6048322916030884,-0.4438560903072357,0.9195287227630616,-0.0117217293009161,0.3220738172531128,0.0544641278684139,0.4767098724842071,0.3851261436939239,-0.0530833415687084,0.2269264161586761,0.4393853843212127,0.1783817261457443,0.8094233870506287,-0.4462828040122986,-0.0675133988261222,0.1706312596797943,-0.7234871983528137,0.0018726208945736,0.520968496799469,-0.2995092868804931,0.1369046121835708,-0.6005504131317139,1.1353840827941897,0.5056543350219727,-0.8691042065620422,-0.042039431631565,0.3116087317466736,-0.0870124399662017,-0.0416175536811351,0.2896248400211334,0.3131852149963379,-0.1629267632961273,0
-0.0904624909162521,0.2914348542690277,0.9042829275131226,-0.5265315175056458,0.3029417991638183,0.6859896183013916,0.0658910945057869,0.644199013710022,-0.1463227272033691,-0.5398451685905457,0.5751404166221619,-0.5787258744239807,-0.1043607145547866,-0.1212496757507324,0.4423528015613556,-0.2366373240947723,0.1128721460700035,-0.129227265715599,0.0509248785674572,-0.8192031383514404,-1.004662036895752,-0.3251353502273559,-0.1077804490923881,0.318066269159317,0.1638715118169784,-0.3804258406162262,-0.3342246413230896,0.2382932305335998,0.016279499977827,-0.0378982834517955,-0.2233155965805053,-0.0167192164808511,0.0280671939253807,-0.1333400160074234,-0.2482261806726455,0.1374882012605667,0.3361428380012512,-0.1651189178228378,0.1008641719818115,-0.2568379342556,-0.0223948955535888,0.291657418012619,0.2876970469951629,-0.1480404734611511,-0.0636554807424545,0.8940709829330444,-0.0104083335027098,0.5541645884513855,0.5447234511375427,0.0492274388670921,-0.3076902329921722,0.3060892224311828,0.2014267742633819,0.2501636445522308,0.3285885751247406,-0.1710619479417801,0.5226285457611084,-0.7249751687049866,-0.349913626909256,0.2627546489238739,-0.5103700757026672,-0.4830107390880584,0.4546530246734619,0.4366473853588104,-0.2435269057750702,-0.4471869170665741,0.0996631607413292,-0.5927037596702576,0.0182454977184534,-0.9455112218856812,-0.1680867075920105,0.3946008086204529,0.2533335983753204,-0.4070121645927429,0.5962045788764954,-0.2494092434644699,-0.1738327443599701,0.2459849119186401,-0.035057321190834,-0.1090946868062019,0.2185200601816177,0.1934568434953689,0.1403253972530365,-0.2345869541168213,0.0491658858954906,0.0881952792406082,-0.3376710116863251,-0.4962426722049713,0.3559324443340301,-0.4258038103580475,-0.1925810277462005,0.1263825297355651,0.3926200568675995,-0.5402572751045227,0.0422997958958148,-0.2370509952306747,0.1698733568191528,-0.3930214345455169,-0.2394787967205047,0.074012853205204,-0.1467602401971817,-0.1839894652366638,0.392607569694519,0.136662095785141,-0.1053941845893859,0.2906131446361542,-0.4010188281536102,0.3196265697479248,-0.2316954731941223,0.1131918802857399,-0.4603136479854584,-0.4104042649269104,-0.0745987221598625,0.1970182657241821,-0.2103473842144012,0.4162154495716095,-0.1638394147157669,0.3708224296569824,-0.3478519916534424,0.2074092328548431,0.4670157730579376,0.3493570685386657,-0.2652909159660339,-0.0805102661252021,-0.2120340466499328,0.2750294804573059,-0.2003699243068695,0.0563736855983734,-0.3373311460018158,-0.4216986894607544,-0.0646777004003524,0.0301258750259876,-0.3001488149166107,-0.2139191776514053,-0.1317937225103378,1.1519120931625366,0.0189576260745525,-0.1841553002595901,-0.0866636559367179,-0.5577600002288818,-0.5187437534332275,0.4108311831951141,-0.0763097777962684,0.0487296879291534,0.1625753492116928,0.5497424006462097,-0.2403791844844818,-0.3443998992443084,-0.0110672041773796,0.4872322678565979,-0.3716241419315338,0.9817892909049988,-0.7860966920852661,0.2862178385257721,0.1123876199126243,0.1311323493719101,-0.6785119771957397,0.1746017187833786,0.0895658060908317,0.4822838008403778,0.4107579886913299,-0.2463894635438919,0.041016362607479,0.2820586264133453,-0.0689423084259033,0.0354495458304882,0.2548383176326751,0.2032129317522049,-0.0695834532380104,0.3426210880279541,0.1447527110576629,0.3174274861812591,0.1664595901966095,-0.1247897818684578,0.3890511095523834,0.1872013956308365,0.2098928838968277,0.1676358431577682,0.0529015399515628,-0.3450662195682525,0.1102545857429504,-0.4132079184055328,0.192251443862915,-0.4572228789329529,0.4041145145893097,-0.0247576087713241,-0.1048895567655563,0.2226686626672744,-0.4788624942302704,0.1660966426134109,-0.2253588289022445,-0.4399170875549316,0.1901737600564956,-0.531242847442627,0.2118552774190902,-0.5359876155853271,0.293876439332962,-0.4928672909736633,-0.2157508283853531,0.5712244510650635,-0.0512602813541889,0.377107173204422,-0.0945263877511024,-0.419214516878128,-0.5005181431770325,-0.2164317071437835,0.0042975191026926,0.3506579995155334,0.3519232869148254,0.3965585231781006,0.0283405594527721,0.8557401299476624,0.4130304753780365,-0.0299773924052715,0.0893852412700653,-0.0599222406744957,-0.3800110220909118,-0.7586547136306763,0.4944515526294708,-0.6636819839477539,0.1798807680606842,-0.3139596581459045,0.3653121292591095,0.0930416509509086,0.4320382475852966,0.4634808897972107,0.0689244493842125,-0.4078691005706787,-0.2407831847667694,0.0191179662942886,-0.5736492872238159,-0.8063799738883972,-0.4187020361423492,-0.0534186176955699,-0.7155433893203735,-0.1486134678125381,0.0815653577446937,0.2062425166368484,-0.5052817463874817,0.4491123557090759,0.5074562430381775,-0.2244113087654113,0.1605028212070465,-0.6096404790878296,-0.179380789399147,0.1548497080802917,0.3553395569324493,-0.2577355802059173,-0.2092109620571136,0.0395354554057121,-0.5288247466087341,-0.4166260957717895,0.5038336515426636,-0.5668504238128662,1.1367641687393188,0.4629729688167572,0.6138557195663452,-0.348984956741333,0.0871286168694496,-0.3185581862926483,-0.2358259856700897,-1.1552138328552246,-0.020163832232356,0.2705949544906616,0.1451490670442581,-0.2108276933431625,0.4108844399452209,-0.4290265738964081,-0.1406421810388565,-0.3781771063804626,0.760002076625824,-0.0134463468566536,0.1670171320438385,0.1854815185070037,-0.2596975266933441,0.2736896276473999,-0.2384300231933593,0.5487073659896851,-0.2559525966644287,0.1322875767946243,-0.6875477433204651,0.0826127007603645,-0.6871238946914673,0.1638538241386413,-0.1534013003110885,-0.1060012131929397,-0.3227623105049133,-0.0341239683330059,-0.4999503195285797,0.3267504274845123,0.560471773147583,-0.3977236449718475,-0.1827516108751297,-0.2466110587120056,-0.3423759341239929,0.159855917096138,0.3717649281024933,0.3668314218521118,-0.6804065108299255,0.0020917281508445,-0.0055588162504136,0.5194578170776367,0.1373953074216842,-0.124314896762371,-0.0733662471175193,-0.5359795093536377,-0.2632194459438324,-0.1965821236371994,0.0759749561548233,-0.3168580234050751,-0.1814859509468078,0.6680972576141357,-0.6269761919975281,0.4128217995166778,0.258027970790863,0.5630234479904175,-1.2905980348587036,-0.3667156994342804,0.3513939082622528,0.2589236199855804,-0.467196524143219,0.3139374554157257,-0.0362828560173511,0.2387593984603881,-0.2159920930862426,-0.2309617400169372,0.8402861952781677,0.2381415516138076,-0.1639311462640762,-0.6296332478523254,0.4339693486690521,0.2286807596683502,0.4888211190700531,-0.4458367526531219,0.1875439882278442,0.5855319499969482,-0.1419876515865326,0.0659430846571922,0.1006730794906616,-0.464237779378891,0.027066646143794,0.1697381287813186,0.4216361343860626,0.4660759270191192,-0.1675224304199218,-0.1035868525505065,0.2109532207250595,0.6986196637153625,0.9891156554222108,0.6033322811126709,-0.0764152333140373,-0.2534029185771942,0.0743955299258232,0.503931999206543,0.3383760154247284,-0.2288940250873565,-0.0642153024673461,-0.0277762711048126,0.6556435227394104,-0.0756156221032142,0.2792944610118866,0.2189347445964813,0.3679870069026947,0.0307341627776622,0.1585189998149871,-0.0174270942807197,0.3416876494884491,0.3031043410301208,0.0687781795859336,0.3628217577934265,0.9835038185119628,0.0668450370430946,-0.7607727646827698,-0.5690375566482544,-0.0279689449816942,-0.3985065817832947,-0.2829473614692688,-0.2528550624847412,-0.2385101318359375,0.0943529531359672,-0.0904832333326339,-0.1522963494062423,0.1562311947345733,-0.4078515768051147,0.0357277281582355,-0.1572018265724182,-0.7202507853507996,-0.2564665377140045,0.0272460915148258,-0.5985473394393921,1.1029949188232422,0.0500133857131004,0.4257314503192901,-0.3613067269325256,-0.3360375165939331,-0.1773878782987594,-0.8166588544845581,-0.2190120667219162,-0.0862146168947219,0.390553206205368,-0.3915800750255584,0.1926491111516952,-0.4274401366710663,-0.3580740690231323,-0.4613469839096069,-0.011969388462603,-0.4975057542324066,0.0080907978117465,0.3407109677791595,0.9393126964569092,0.2210823893547058,0.2714911103248596,0.3709895312786102,-0.0618120990693569,-0.7104451656341553,0.2790409922599792,-0.6456839442253113,0.2674353420734405,0.0038563082925975,-0.0072023011744022,0.3971083760261535,0.7229209542274475,0.4728432595729828,0.3393757343292236,0.4042707681655884,-0.2895070016384125,-0.5732150673866272,-0.4247560501098633,0.753117561340332,-0.2681972682476043,0.4873961508274078,-0.157304584980011,0.2379738241434097,0.5030801892280579,-0.2444040328264236,0.1038163900375366,0.2528286278247833,0.2065490931272506,-0.4532310962677002,0.0456806868314743,0.4231827855110168,0.6666966080665588,0.3670901358127594,-0.100858986377716,-0.201791450381279,-0.2484352588653564,0.5081061124801636,0.4235527515411377,-0.1823441535234451,0.0891690403223037,0.0900240018963813,0.7338998913764954,0.4763159453868866,0.1319311410188675,0.4949811100959778,0.451987087726593,0.2155277729034423,0.1767886281013488,0.2268822789192199,-0.0114835826680064,-0.2092504054307937,-0.0367237739264965,-0.43978351354599,-0.3437489569187164,-0.2563125193119049,0.0771972760558128,0.3571338653564453,0.1897206604480743,0.3621518909931183,-0.0480001270771026,-0.6339271664619446,-0.7820520401000977,-0.8222736716270447,0.1216430962085723,-0.5955580472946167,-0.0240201912820339,0.7102537751197815,0.1783839017152786,-0.2726053595542907,0.9348994493484496,0.149844154715538,0.0229564756155014,0.5006316900253296,-0.8065794110298157,-0.1471769511699676,0.2820498645305633,-0.1413670480251312,-0.1860545575618744,0.4983738362789154,0.0605515055358409,-0.4908679723739624,-0.9553271532058716,0.3362506330013275,-0.2580791711807251,0.1980268061161041,-0.4732087254524231,0.4310984313488006,0.333318680524826,-0.7752567529678345,-0.5724588632583618,-0.0805055797100067,-0.0292891673743724,0.221863716840744,-0.340204119682312,0.194220021367073,0.1863291263580322,0.2946448624134063,0.2539586424827575,0.9138773083686828,-0.2997905313968658,0.3082966804504394,0.4082290530204773,0.5579416751861572,-0.3353551030158996,0.210405096411705,0.1900667995214462,-0.2841611802577972,-0.0523403845727443,0.28673255443573,-0.3256092667579651,-0.0934688076376915,-0.0989334881305694,-0.6394514441490173,-0.3241853713989258,0.0162494890391826,-1.0587092638015747,0.7130382061004639,0.2653181552886963,0.5310068726539612,0.152613490819931,-0.1849259138107299,-0.2862891852855682,0.2436521053314209,0.0994746387004852,0.3667478263378143,-0.3276220262050628,-0.8641722202301025,0.5537452697753906,-0.4184079468250274,-0.8957991003990173,1.1917693614959717,0.6073634624481201,-0.4145885407924652,-0.1981982141733169,0.2631306648254394,-0.0671490654349327,0.1993575990200042,0.1975889503955841,-0.3912653625011444,-0.544865608215332,0.2524952888488769,0.0898089781403541,0.0308265350759029,-0.0424858815968036,-0.4880644679069519,-0.1832621544599533,0.444537878036499,0.3106210231781006,0.1766120046377182,0.0364897288382053,0.1008015796542167,-0.2940951585769653,-0.1284317374229431,0.4437766373157501,-0.1150968596339225,0.6022598147392273,-0.149721086025238,0.3519835472106933,0.7572748064994812,-0.7213563323020935,0.2956966161727905,0.4519300758838653,0.5448276400566101,0.4808900356292724,-0.0815318673849105,-0.13706836104393,-0.6857854127883911,0.1806217432022094,0.2869791090488434,0.0248027369379997,0.3681441843509674,-0.1221340596675872,0.0545647256076335,-0.3873177170753479,0.0090355053544044,-0.0145806828513741,0.2049410194158554,0.2514050602912903,0.274554580450058,-0.1196329444646835,0.1694527119398117,0.2071972638368606,-0.019986068829894,-0.4833220541477203,-0.2583203315734863,0.377114862203598,1.1269046068191528,0.0218795705586671,0.4283007085323334,-0.6482842564582825,-0.8988929986953735,0.3103123009204864,0.0084778107702732,0.1815921068191528,0.6792067289352417,-0.227202370762825,-0.3045380413532257,0.7449535131454468,-0.0776117295026779,0.0687526166439056,-0.507163941860199,-0.3711107969284057,-0.105400338768959,-0.2477559447288513,-0.6033014059066772,0.3400307893753052,0.1411968022584915,0.4541874527931213,0.2631691098213196,0.0541853792965412,-0.2669032514095306,1.004542589187622,0.2815003991127014,0.1840220242738723,0.1943087875843048,-0.0586784183979034,0.1669033765792846,0.0405731610953807,0.3238861262798309,-0.428726851940155,-0.5904447436332703,-0.0388059429824352,-0.556958794593811,-0.1690805256366729,-0.0343567542731761,0.2932038903236389,0.3987009227275848,-0.2092013657093048,-0.2017080634832382,-0.7808136343955994,-0.4765915274620056,-0.221159815788269,-0.6412548422813416,-0.1107942909002304,-0.3009142279624939,0.1593085676431656,-0.0705694630742073,-0.065823882818222,-0.8682823777198792,-0.3421393930912018,-0.0449051074683666,0.3797978162765503,-0.4994765520095825,-0.2799455523490906,0.4721048474311828,-0.0250942651182413,0.0997405499219894,-1.3209149837493896,0.1447140574455261,0.1039775982499122,0.1591875106096267,-0.2089003622531891,0.5778836607933044,-0.4944071769714355,0.3925453126430511,0.0591462142765522,-0.2144272178411483,-0.1758216023445129,-10.195903778076172,-0.1171791851520538,-0.3684019744396209,-0.4963542819023132,-0.2174567431211471,0.3311242759227752,0.4051301181316376,0.3149828612804413,-0.2290693521499633,0.0961148366332054,-0.2786165177822113,0.3794465661048889,0.4637976288795471,0.4897248148918152,-0.7993727922439575,-0.0723662227392196,-0.331849455833435,-0.0793876647949218,0.3460274636745453,0.462670087814331,-0.1913790702819824,-0.6157441139221191,0.5151804685592651,0.0852451026439666,0.465062141418457,-0.5881404876708984,-0.8459103107452393,-0.0557419843971729,-0.4899263679981231,0.1337936222553253,-1.0607634782791138,0.2661552429199219,0.1468967050313949,0.3587058484554291,-0.4050166606903076,-0.1763021498918533,-0.2400463074445724,0.1988032311201095,-0.3409290313720703,0.2023395001888275,0.131910815834999,0.2657855153083801,0.0239998511970043,0.1704800873994827,-0.0640340894460678,0.1500251442193985,0.1912308782339096,0.2482452690601349,0.8901605606079102,0.2119199782609939,0.2064417004585266,-0.0202858261764049,-0.0488318353891372,-0.0385941602289676,0.1255405247211456,-0.4787294864654541,0.4334735572338104,-0.4736551344394684,-0.0607443191111087,0.0104414001107215,0.3339530825614929,0.0251757781952619,0.8018687963485718,0.4740272164344787,0.6407812237739563,0.3210649192333221,0.3777634799480438,0.3084906339645386,-0.7059242129325867,-0.4060247838497162,0.0903865247964859,0.256279319524765,-0.3962750732898712,0.1333533227443695,0.0315283313393592,0.5156116485595703,0.4509681463241577,0.0336551629006862,0.1862815469503402,-0.0474302358925342,0.5402597188949585,-0.8166006803512573,0.3138451874256134,0.5013903379440308,-0.7229624390602112,-0.2820299565792084,-0.0545421354472637,0.2240045070648193,0.0701425150036811,-0.6010129451751709,0.1234044656157493,-0.4758801758289337,-0.5402576327323914,0.3047515451908111,0.8828150629997253,-0.2072817683219909,-0.5595740079879761,0.3291369974613189,0.0799122303724289,-0.0102398926392197,0
0.6195648908615112,0.3489904701709747,1.0567883253097534,-0.4765182733535766,-0.5891979932785034,-0.1809852719306945,0.0059980759397149,0.3481148183345794,-0.8365700244903564,-0.6619139313697815,-0.2249849289655685,-0.709401547908783,-0.0504682175815105,-0.4271685481071472,0.7363948225975037,0.4460712671279907,-0.5139725804328918,0.4701919853687286,0.1286108493804931,-0.3889336884021759,-0.8025297522544861,-0.7192121744155884,-0.5512325763702393,0.1941795796155929,-0.4240441024303436,-0.9229090809822084,-0.5777475237846375,-0.2258715033531189,0.0061606224626302,0.1903616487979889,0.2632638216018677,-0.4594249129295349,-0.3370295763015747,0.3261558711528778,-0.7294156551361084,0.6906647086143494,0.1098550781607627,0.2041232734918594,0.4162230789661407,-0.5478252172470093,-0.3630021214485168,0.5252999663352966,-0.6012375354766846,-0.5337058305740356,-0.1171065792441368,0.041893757879734,-0.1703510880470276,-0.031400877982378,-0.1483786702156067,-0.3944182395935058,-0.7106783986091614,0.7770763635635376,0.3953070640563965,0.1971932351589203,0.425059050321579,0.3488447666168213,1.0091537237167358,0.0231695063412189,0.0251429192721843,-0.2772858142852783,-0.7284931540489197,0.1356604993343353,0.3728354871273041,0.1996486485004425,-0.592863142490387,0.3532702028751373,-0.1977674067020416,0.5270116329193115,0.4377854466438293,-0.1567492187023162,0.5720683932304382,0.3822307288646698,0.2298650741577148,-0.3820671439170837,0.2723013460636139,-1.026605486869812,0.4222369492053985,-0.3067958056926727,0.2783031761646271,0.1548672318458557,-0.239579826593399,-0.1771947145462036,0.1182410269975662,-0.3522379100322723,-0.6739863157272339,-0.3207395672798157,-1.280389428138733,-0.1314788162708282,0.1092400550842285,0.1847828775644302,0.0771256908774375,-0.437089592218399,0.370442658662796,-0.3064039647579193,1.0832984447479248,0.4152913391590118,0.3117563426494598,-0.1497225910425186,0.3455894887447357,0.2241485565900802,-1.3417664766311646,0.5552119016647339,-0.0222490578889846,-0.8507680296897888,-0.5020774602890015,-0.1633059084415435,-0.2702930569648742,0.9135725498199464,0.5686036944389343,0.4233021438121795,0.0308378841727972,-0.2613431215286255,-0.8987371921539307,0.1841257512569427,-0.0797238424420356,0.4295142292976379,-0.5939999222755432,-0.1568807661533355,0.0380602180957794,0.1479811817407608,0.2256724238395691,0.58320552110672,-0.4946492314338684,-0.1372482478618621,0.271740585565567,0.1917717903852462,0.1432688981294632,0.3522486984729767,0.2582482099533081,-0.6036713719367981,0.3547253906726837,-0.6765661239624023,-0.4382753372192383,0.0448752231895923,-0.6328389644622803,0.965863823890686,0.2955978512763977,-0.4536164700984955,0.0455907583236694,0.1167070865631103,-0.4535581469535827,-0.1906919628381729,0.8190338611602783,-0.4693425297737121,-0.1263845413923263,0.4840159714221954,-0.3180535137653351,-0.3546625971794128,0.4179584980010986,0.3845674991607666,-0.1171512454748153,1.1854907274246216,-0.5989495515823364,0.4140498638153076,0.3314343392848968,0.4171215295791626,0.197724312543869,0.2486430704593658,0.3477166593074798,0.0276961978524923,0.411643385887146,0.0632825419306755,0.118790403008461,1.0481526851654053,0.6594823598861694,-0.0155564593151211,0.6942266225814819,-0.1477566659450531,0.1065890714526176,0.9082752466201782,0.5210177898406982,0.6927188038825989,0.2869593799114227,-0.080572210252285,-0.143041580915451,0.5369226336479187,1.0504631996154783,0.4520522058010101,-0.3815566003322601,-1.0843147039413452,0.4242238998413086,0.4428893625736236,0.7727795243263245,-0.11271483451128,0.5963641405105591,-0.5336257219314575,-0.4145865440368652,-0.0930271968245506,0.4222430884838104,0.1927646398544311,-0.4035003781318664,-0.4110448360443115,0.1082634553313255,-0.0029858634807169,0.0524127073585987,0.166703388094902,0.1684794872999191,0.3491660058498382,-0.12071093916893,0.3308565616607666,0.5550510287284851,-0.018241224810481,-0.1458954364061355,-0.93206387758255,-1.468620777130127,-0.5858704447746277,-0.053965974599123,0.1871979236602783,0.1993109285831451,0.6862973570823669,-0.7204278707504272,-0.1594906896352768,0.1600438356399536,-0.4500786960124969,0.8950967788696289,0.483115404844284,-0.3662504553794861,-0.1398576647043228,-0.0772723108530044,-0.0402719527482986,0.1948870122432708,-0.6461538076400757,0.3496512472629547,0.1929983347654342,-0.292580246925354,0.8708901405334473,0.5928434133529663,-0.952753245830536,-0.5800488591194153,0.2994386255741119,-0.7095662951469421,-0.3877021372318268,-0.1414899677038192,-0.1187630221247673,-0.226882517337799,-0.9625067114830016,-0.6216272711753845,0.1769756227731704,-0.3720604479312897,0.6183730959892273,-0.2944242060184479,-0.2436751723289489,0.3913763761520386,0.3015227615833282,0.3717937469482422,0.2275534719228744,-0.1137370243668556,-0.4073820412158966,-0.9319515228271484,-0.1594752222299575,-0.6824278235435486,-0.4467746615409851,-0.298469603061676,0.5496417880058289,0.4088552594184875,-0.3417203724384308,0.3422651588916778,-0.8266787528991699,-0.2169264554977417,-0.944948673248291,0.300152450799942,-0.2175954282283783,0.4510443806648254,0.2433313578367233,-0.5626786351203918,0.1603416502475738,0.3203263878822326,-0.2135343700647354,-0.4064880609512329,-0.1030912548303604,0.1624127775430679,0.153968408703804,0.3976919949054718,-0.4147221446037292,-0.0498390197753906,0.1031231135129928,0.6804152131080627,1.0598911046981812,-0.1469211876392364,-0.6755654811859131,-0.4156228601932525,0.7218894958496094,-0.8200952410697937,-0.5111777186393738,0.0852808803319931,1.0379979610443115,-0.4341500699520111,-0.0093580558896064,-0.0931151360273361,-0.2131607830524444,0.1918867975473404,-0.6069152355194092,0.0588084161281585,0.1086339578032493,-1.049772024154663,-0.0527109093964099,0.4001291394233703,0.2348199486732483,0.3815994262695312,-0.1056061089038848,0.2873418629169464,-0.2647623121738434,0.0589905194938182,0.1709464490413665,-0.1004977151751518,-0.5174713134765625,-0.1428467333316803,0.6444472670555115,0.2665767967700958,-0.8470263481140137,-0.1114944517612457,0.6196324229240417,-1.261491298675537,-0.3067860305309295,0.4951604306697845,0.4625239670276642,-0.806296706199646,0.3060609698295593,0.7664307355880737,0.5978373289108276,-0.3235744833946228,-0.4803456664085388,0.4361900687217712,0.680817723274231,-0.3462209403514862,-0.766511082649231,0.4465742707252502,0.1413706839084625,-0.1029802933335304,-0.540488064289093,-0.4225925207138061,0.2654396593570709,-0.0956962928175926,-0.2448957860469818,-0.4192146956920624,-0.1646664142608642,-0.3066335022449493,-0.1862993538379669,0.2451054602861404,-0.0318525545299053,-0.0467939153313636,0.695682168006897,-0.4298053383827209,0.2943534851074219,-0.7330169677734375,-0.4372770488262176,0.266561895608902,1.275129795074463,0.4799474477767944,0.6537413001060486,-0.7526010274887085,-0.1445199996232986,0.5737951993942261,-0.2828126549720764,0.7841343879699707,-0.7082526087760925,0.3595519959926605,-0.2249900996685028,0.4486998617649078,0.1162942722439765,-0.312129944562912,0.2356796860694885,-0.7608378529548645,-0.673935055732727,0.2672902941703796,-0.0121579803526401,0.5657185316085815,0.1676893681287765,0.0501080378890037,1.1467639207839966,0.0960680320858955,0.2769872546195984,-0.271636962890625,-1.2229118347167969,-0.2898721396923065,-0.818493664264679,-0.0662508532404899,-0.1926941573619842,-0.1408600509166717,0.6379884481430054,-0.5304189920425415,0.1868663430213928,-0.1202046424150466,-0.4112637639045715,0.2442872375249862,-0.3000135421752929,-0.6347482204437256,0.0767916440963745,-0.0052538914605975,-0.5005415678024292,0.9109095931053162,-0.0007811538525857,0.5739177465438843,-0.3620568215847015,-0.639089047908783,0.5519065260887146,-0.296102374792099,0.0041193105280399,-0.0016299751587212,0.1267074197530746,-0.2287810444831848,-0.2666354477405548,-0.1437699347734451,0.0704218074679374,-1.0117563009262085,0.5357574224472046,-0.4320216178894043,0.0675554797053337,-0.0848605036735534,-0.2459176182746887,-0.7839255928993225,-0.2140903323888778,0.0649926662445068,-0.1526171118021011,0.1472381502389907,0.3655463755130768,0.192785158753395,-0.4598661065101623,0.4447408616542816,0.5818700790405273,0.773893415927887,-0.2916417717933655,0.6764229536056519,-0.2633430957794189,0.1170301362872123,0.3807166218757629,-0.636992871761322,-0.5004210472106934,0.4088150560855865,0.2970898449420929,-0.4510889947414398,-0.2047666013240814,-0.3112285435199737,1.1695051193237305,-0.2776446640491485,-0.454189658164978,0.902678370475769,-0.3502555191516876,0.3743431270122528,1.0348628759384155,0.7548885345458984,-0.3306185603141784,0.8137053847312927,0.2189303785562515,0.4164632558822632,0.0481533221900463,-0.4062684178352356,-0.2302813231945037,0.8682974576950073,-0.0690934285521507,0.0666430816054344,0.7246530055999756,0.2387608587741851,0.2063861191272735,0.304114431142807,-0.0526445172727108,0.0919842198491096,0.3205940127372741,-0.1039949804544448,-0.344978004693985,-0.0909045413136482,-0.1859214305877685,-0.3086766302585602,-0.1104165613651275,-0.4009558856487274,0.3755174279212951,1.0586365461349487,-0.69407057762146,0.3782074749469757,-0.9081338047981262,-0.5527552962303162,-0.1388085484504699,-0.1920015960931778,0.0875670760869979,-0.8221295475959778,-0.3547230660915375,0.0455889664590358,0.100279651582241,-0.4144933223724365,0.1088500693440437,0.3550724685192108,-0.2159822881221771,-0.3159510493278503,-0.813616156578064,0.1168316379189491,0.7964914441108704,-0.5838242173194885,-0.3934233486652374,0.060257464647293,0.1438681185245514,0.7519621849060059,-0.8378763198852539,-0.4993960857391357,-0.388970673084259,-0.1639347821474075,-0.7298585176467896,-0.0774035155773162,0.1874646097421646,-0.6804988384246826,0.2744324803352356,0.0274815335869789,-0.2773340940475464,-0.6969039440155029,-0.2621581554412842,-0.1018723174929618,-0.5727987289428711,0.2523036897182464,0.1731978803873062,-0.2328196913003921,0.108727253973484,-0.1145984902977943,0.3019725382328033,0.7329968214035034,-0.3828904032707214,0.8873105049133301,0.0118421558290719,0.352819412946701,-0.810456395149231,0.5460114479064941,-0.7754442095756531,0.2387319207191467,-0.7294042706489563,-0.6843485832214355,-0.7158702611923218,-0.5920957326889038,-0.4448314309120178,0.6941059827804565,1.415650486946106,0.5825144052505493,-0.6701879501342773,0.2146046459674835,-0.1199929490685463,-0.4598611295223236,-0.5141260623931885,0.0787957608699798,0.0287131275981664,-1.562509536743164,-0.1510507017374038,0.1109620109200477,-0.5994253754615784,1.3839061260223389,-0.1814644634723663,-0.5518447160720825,-0.2039219886064529,0.4202861785888672,0.3994800150394439,-0.4896880388259887,0.0579875633120536,0.6398654580116272,0.2553820610046386,0.8101413249969482,-0.274228572845459,0.0906463786959648,0.1436778157949447,0.1233146637678146,0.0946904346346855,0.4151434302330017,0.4983032047748565,0.0801388993859291,0.8776180744171143,-0.6998874545097351,-0.6978878974914551,-0.6231597661972046,0.3570880591869354,0.1529397666454315,0.689155638217926,0.2196631878614425,0.7957811951637268,0.6500939130783081,-0.1513335853815078,0.0573428571224212,0.8899685144424438,-0.0597225539386272,1.2249330282211304,-0.5518271327018738,0.1374015361070633,-0.7722051739692688,-0.0206141173839569,0.9322041273117064,0.7353374361991882,-0.0895386338233947,-0.1536366045475006,-0.030578788369894,-0.5362865924835205,0.6016854047775269,0.3558008670806885,-0.1032327115535736,0.3825442492961883,0.2989633977413177,-0.4406847059726715,1.0371015071868896,-0.0341293402016162,0.2658805251121521,-0.6539269685745239,-0.0679441913962364,0.7289755940437317,0.4150844812393188,0.0939821302890777,0.7793418169021606,-0.2908057868480682,-0.6848353743553162,-0.1627069562673568,0.4638008773326874,-0.5895224809646606,0.6393943428993225,-0.0029510802123695,-0.5359312891960144,0.7100718021392822,0.655490517616272,0.3547017872333526,0.3587740361690521,-0.5897667407989502,0.1178450062870979,-0.1086761206388473,-0.1629100739955902,0.3958805501461029,0.2954218983650207,0.4053311049938202,0.0414086431264877,-0.8010706305503845,0.4483011364936828,1.3589962720870972,-0.0052117416635155,-0.092074379324913,0.3095720112323761,0.0476359650492668,-0.3680016994476318,0.1139998286962509,0.3104340732097626,-0.2435269206762313,0.2289800196886062,-0.2655230164527893,-0.3084410727024078,-0.1917210221290588,-0.1111677139997482,0.836298406124115,0.1016987338662147,-0.1079253777861595,-0.1257338672876358,-0.0497482158243656,-0.7834899425506592,-0.0943723171949386,-1.2535018920898438,-0.8204447031021118,-0.0228514838963747,0.079421080648899,0.1268144994974136,-0.0876045674085617,-1.0506716966629028,-0.3635828495025635,-0.3436509370803833,-0.780060350894928,-0.2888449728488922,0.2456021755933761,0.4450479447841644,-0.0233513191342353,-0.6451221704483032,-0.3198616802692413,0.4667545855045318,0.4408571124076843,0.2822818756103515,0.2906259596347809,-0.4739277958869934,-0.2051218152046203,-0.0680044218897819,0.5647624731063843,-0.0696877837181091,-0.4178608059883117,-9.239850997924805,0.4858905375003814,-0.6960218548774719,-0.0361793711781501,-0.2908546030521393,0.1097744330763816,0.7458534836769104,0.9021535515785216,-0.8397974967956543,0.8337070345878601,-0.4177514016628265,0.3903300762176513,0.6950947642326355,0.6229278445243835,-0.6647345423698425,0.0440518483519554,0.3326362371444702,-0.1166946589946746,0.6179511547088623,-0.1337971836328506,-0.4723475575447082,-0.8308966755867004,0.333613246679306,-0.35804483294487,-0.5387967228889465,0.3511967658996582,0.7182985544204712,0.211320474743843,-0.3411101400852203,0.7431811690330505,-0.708786129951477,0.2283969521522522,-0.0462522357702255,-0.4464648962020874,-0.3448687195777893,0.6354577541351318,0.4750964045524597,0.5005751252174377,-0.6288119554519653,-0.0984638035297393,-0.2708901166915893,0.7006009221076965,0.0804221704602241,0.0824451893568039,-0.1221666112542152,-0.0991153195500373,-0.1915300339460373,-0.0420115441083908,0.9884529113769532,-0.290996104478836,-0.0704822018742561,-0.7775848507881165,0.459912896156311,-0.9610315561294556,-0.3412564992904663,0.0553800277411937,-0.5966173410415649,-0.8167950510978699,-0.3448605835437774,0.1789460480213165,0.4906902015209198,0.3579187393188476,0.6264480352401733,0.1931654512882232,0.0191162060946226,0.154929056763649,0.4830325841903686,0.4936136901378631,-0.3643776178359985,-0.4921980798244476,-0.0711397528648376,0.0291632562875747,-0.4733636081218719,-0.1612384468317031,-0.1430217027664184,0.0011700104223564,-0.6814314723014832,-0.2017345577478408,0.7151430249214172,-0.0283666495233774,1.094463586807251,-0.1716654151678085,0.0287442691624164,-0.3106435239315033,0.1182713881134986,0.03754448518157,0.8500673770904541,0.6016170382499695,-0.007225947920233,-0.7786552309989929,0.437221348285675,0.5968304872512817,0.606789231300354,0.6270705461502075,0.1220488622784614,0.0347596146166324,0.8286532759666443,-0.122065931558609,0.8150589466094971,0.1964781284332275,0
-0.0299661550670862,0.2355797737836837,0.216267853975296,-0.4623011648654938,0.1465029567480087,0.1590572595596313,0.4888431429862976,0.0343817882239818,0.2314295917749405,-0.4759552180767059,0.9655014276504515,0.1445874869823455,-0.3044161796569824,0.2189700305461883,0.576633870601654,-0.0743149146437645,0.1229664981365203,-0.2058374583721161,0.3064872324466705,-0.6469168663024902,-0.4757871031761169,-0.4265144169330597,-0.3738117814064026,0.030898455530405,0.0109216663986444,-0.2931042015552521,-0.3614349067211151,-0.0565030053257942,0.0321628078818321,-0.3505898118019104,-0.199837788939476,-0.4792525172233581,-0.0199252478778362,0.0612472258508205,-0.1204092502593994,0.6159122586250305,0.1486607640981674,-0.0746806189417839,-0.2119930386543274,-0.2977423369884491,0.1133873462677002,-0.1358265876770019,-0.6363552808761597,-0.4453445672988891,-0.0216307081282138,0.6858723163604736,0.2617878913879394,0.103010170161724,0.2791837751865387,0.0458381362259388,-0.3350329399108886,0.0532670803368091,0.1205242276191711,-0.1077892631292343,-0.140848159790039,0.2162220776081085,0.2499522119760513,-0.2180299013853073,0.1128206253051757,0.0573501959443092,-0.0749453455209732,-0.190446987748146,0.1855106949806213,-0.2764393389225006,-0.1089432686567306,-0.289292573928833,-0.0018514724215492,-0.1425076127052307,0.0378167368471622,-0.5242213010787964,0.1774463355541229,0.0551392175257205,0.1343036741018295,-0.2229597717523574,0.5375440120697021,-0.6022578477859497,0.1935707926750183,-0.0520524643361568,0.509709894657135,-0.1051743850111961,-0.0881144702434539,0.3530352711677551,-0.1232519596815109,-1.0264198780059814,0.2464129030704498,0.0685964822769165,-0.4199430048465729,-0.6873281002044678,0.4393539726734161,-0.2583076059818268,0.1436595320701599,-0.1167098507285118,0.1215236559510231,0.2037247866392135,-0.1739794462919235,-0.3899840414524078,0.1050542965531349,-0.4063800871372223,-0.0228427778929471,0.0906861573457717,-0.1991038173437118,-0.1664947420358657,0.2539658844470978,-0.08316221088171,-0.2956099510192871,0.0766281485557556,-0.1890882402658462,0.2165932804346084,-0.010529525578022,0.1928633153438568,-0.2466240525245666,-0.7365819215774536,-0.6684548854827881,0.1535235941410064,0.1628547310829162,0.0169706754386425,-0.4629513621330261,0.3333367109298706,-0.292251855134964,0.3582746684551239,0.3380059599876404,0.4424749612808227,-0.2912670373916626,-0.3035025596618652,-0.3535375595092773,0.3237355351448059,0.2829291224479675,-0.0915389433503151,-0.1753126233816146,-0.467682272195816,0.1643853634595871,0.1346490383148193,-0.4423128366470337,0.0967956036329269,-0.139187291264534,0.6486086249351501,-0.0397078618407249,-0.1598468124866485,-0.2538869678974151,-0.638386070728302,0.0789156705141067,-0.0854528099298477,0.2547546029090881,0.0989833548665046,-0.3243342041969299,0.1430806070566177,-0.2329152375459671,-0.3564623296260834,0.1027843877673149,0.2768904864788055,-0.3188938796520233,0.8764433860778809,-0.2851174473762512,0.0630542263388633,0.5699432492256165,0.3915766179561615,-0.3984412252902984,0.2929694354534149,0.2510489225387573,0.3469375669956207,0.4383452832698822,-0.2636390924453735,0.1758026182651519,0.6372343897819519,0.0620617568492889,0.48999685049057,0.2634426057338714,0.1884945780038833,0.1005852743983268,0.5908862948417664,0.5550056099891663,0.733949601650238,0.3010013103485107,-0.3433351516723633,0.0500806532800197,0.2688963413238525,0.4469868540763855,0.2316191047430038,0.3136959075927734,-0.5935907363891602,-0.0061111184768378,-0.2248520404100418,0.0215833894908428,-0.0638685598969459,0.2728357315063476,-0.3050146400928497,-0.1886419057846069,0.0410682037472724,-0.1337005794048309,-0.1175947338342666,0.1645332723855972,-0.3792347908020019,-0.0136827323585748,-0.4534050524234772,-0.1512115150690078,-0.7354983687400818,0.2089379280805587,-0.201926901936531,-0.195111408829689,0.6643656492233276,-0.0806749388575553,0.1936513036489486,-0.1682331562042236,-0.5786277055740356,-0.8636887669563293,-0.5785698294639587,-0.1077366322278976,0.7041559219360352,0.5881813168525696,-0.074565976858139,0.1790602207183838,0.5251115560531616,0.2506594061851501,0.4124622941017151,0.1574108302593231,0.3484959602355957,-0.3538091480731964,-0.4027343988418579,0.5561660528182983,-0.0032326912041753,-0.050000574439764,-0.0567764267325401,0.539637565612793,0.2047712653875351,-0.2075197547674179,0.501338005065918,0.2387416064739227,0.1707339286804199,0.0699376761913299,0.7663633823394775,0.0118161113932728,-0.5861421823501587,-0.8611670136451721,-0.1384404450654983,-0.6185033917427063,0.2196169197559356,-0.4590725898742676,0.619849443435669,-0.004469471052289,0.2171162962913513,0.3878980875015259,-0.2124979943037033,0.1408550590276718,-0.7155495882034302,-0.268750786781311,-0.0620127320289611,0.0147290946915745,-0.0814034938812255,-0.1755184531211853,0.2299305945634842,-0.6103234887123108,-0.6310575008392334,0.1718595325946808,-0.4531665742397308,0.7357653379440308,0.2593086063861847,0.1987525820732116,-0.1235239952802658,0.3813154399394989,0.0503578297793865,-0.1351619958877563,-0.76896733045578,0.3926174342632293,-0.0643246844410896,-0.420342355966568,-0.0233181565999984,-0.0891819521784782,-0.5954908728599548,-0.4393798112869262,-0.3947541415691376,-0.1844253838062286,-0.3759275674819946,-0.5307303667068481,0.209036111831665,-0.1575206518173217,0.0715329423546791,-0.1290616989135742,0.4829116761684418,-0.435601532459259,0.2915761172771454,-0.7298199534416199,0.3351056575775146,-0.6409491896629333,-0.0948633402585983,-0.0631974413990974,-0.3413468897342682,-0.4442508518695831,-0.3955142498016357,-0.138266921043396,0.5761252641677856,0.2624053657054901,-0.1727059036493301,-0.5694354176521301,0.1490887403488159,-0.2580437660217285,0.1368192285299301,0.4621648490428924,0.1363303512334823,-0.0016341850860044,0.3118806183338165,0.4157231152057647,-0.1283486783504486,0.0241879075765609,-0.1079807430505752,-0.0169175192713737,-0.8130832314491272,-0.0653277188539505,-0.174520656466484,0.3462107479572296,-0.3703004121780395,-0.186801478266716,0.6856415867805481,-0.4231734573841095,0.5928168892860413,0.1722813844680786,0.2522653937339782,-1.4458192586898804,0.3850231170654297,0.1902194321155548,0.2978443503379822,0.0877886041998863,0.145401656627655,0.1110279932618141,-0.0574938990175724,-0.6784340143203735,-0.7602683305740356,0.7410281896591187,0.4468783140182495,-0.2336687594652176,0.2003991454839706,0.4540141224861145,-0.1062330156564712,0.2083266228437423,-0.2769695520401001,-0.3360543847084045,0.3228040635585785,0.4577924609184265,-0.0467718914151191,0.0027676047757267,-0.4149630069732666,-0.6250078082084656,0.5216419696807861,0.1651156842708587,-0.0309191048145294,-0.805808424949646,-0.0320819281041622,0.5924155712127686,0.8439977765083313,0.392516553401947,0.6698557138442993,0.2775563299655914,-0.3474680781364441,0.5768970847129822,0.5228627920150757,0.4868215918540954,0.03578532487154,0.1690186113119125,-0.3014212846755981,0.4699837863445282,0.2595841586589813,-0.1956651657819748,-0.0530209802091121,0.3263609707355499,0.386536180973053,-0.4391086101531982,-0.0086375335231423,0.6735122799873352,-0.0543981790542602,0.3627974390983581,0.5088064670562744,0.8520067930221558,0.0919913947582244,-0.1247157827019691,-0.4458746612071991,0.0389481149613857,-0.4721504747867584,-0.0464070290327072,0.249437928199768,0.643545925617218,0.1800780594348907,-0.3934841752052307,-0.4670685529708862,-0.3885264992713928,-0.4552167654037475,0.2360793203115463,-0.3041359484195709,-0.5053081512451172,0.1081565469503402,-0.348840981721878,-0.2525558173656463,0.0502934604883194,0.2953578531742096,0.4809640049934387,-0.4886140525341034,-0.2775174379348755,0.1847987622022628,-0.1730887740850448,-0.0953997746109962,0.1686501502990722,0.0675341263413429,-0.2792035639286041,-0.0033767158165574,-0.3075100779533386,-0.4163493812084198,-0.1236598715186119,-0.1286482959985733,-0.7282843589782715,0.3613770008087158,-0.0337164178490638,0.3184811174869537,-0.1117653399705886,0.212363600730896,-0.0579021796584129,-0.0061240564100444,-0.6834000945091248,0.2511175572872162,-0.5140464901924133,0.5098023414611816,0.2025010138750076,0.3701967298984527,0.0270219277590513,0.229741096496582,-0.0173004437237977,0.2236130237579345,-0.5740880370140076,0.1039561480283737,-0.3941324353218078,-0.1114313974976539,0.5262124538421631,-0.6533365249633789,0.3769093751907348,0.1186664551496505,-0.5494594573974609,0.7205423712730408,-0.3262954652309418,0.0280928704887628,-0.1272196620702743,0.3666795194149017,-0.4741651117801666,0.1335203051567077,0.5624035000801086,0.8154804110527039,-0.3181961178779602,0.4573160111904144,0.200192391872406,-0.1783058047294616,0.5119811296463013,-0.3314288854598999,0.0466658994555473,0.0006661119987256,0.090524286031723,0.4370368123054504,0.1267444938421249,0.4231581687927246,0.2319242507219314,-0.0515421032905578,0.2109686881303787,0.1311448812484741,0.0346457287669181,0.2261936366558075,-0.4267447888851166,-0.0513709113001823,-0.0142823681235313,-0.1931653022766113,0.101279892027378,-0.0532419122755527,0.6217305064201355,0.2308204621076584,0.3738999664783478,-0.3550546169281006,-0.5417635440826416,-0.3832451999187469,-0.9607998132705688,0.1315565109252929,-0.0790663212537765,-0.0163276195526123,0.6908462643623352,0.0588578544557094,-0.7221126556396484,0.2358367294073104,0.0272128488868474,0.2919761836528778,0.4030832052230835,-0.2154425978660583,0.0709559470415115,0.3989721238613128,-0.1261267066001892,0.1628637611865997,0.0112107601016759,-0.0319076515734195,-0.1294136494398117,-0.7251904010772705,-0.0746306777000427,0.0096906684339046,-0.1382598876953125,0.0486339218914508,-0.048696331679821,0.5179319381713867,-0.3248773217201233,-0.4770655930042267,-0.2669460475444793,-0.0978841260075569,-0.1597490012645721,-0.5272042155265808,-0.0882906317710876,-0.2667059898376465,-0.0370777919888496,0.5537228584289551,0.1262123137712478,-0.1799259036779403,0.3518047928810119,0.8112396001815796,0.3290017247200012,-0.2761339545249939,-0.1773284524679184,0.0283513944596052,-0.0239449124783277,0.0181579496711492,0.3367016911506653,0.1055769845843315,-0.0592071339488029,-0.0249660667032003,-0.641791820526123,-0.3773595988750458,-0.0498495139181613,-1.006864070892334,0.7867650985717773,0.1421998292207718,0.3271629512310028,-0.591947615146637,-0.4256160855293274,-0.0556285195052623,-0.0950140357017517,0.0657174363732338,0.3921764194965362,0.2685150504112243,-0.4433587193489074,-0.1544989049434662,-0.6509629487991333,-0.7227164506912231,0.2660917639732361,0.5065808892250061,-0.4473633766174316,0.0718003883957862,0.3014001250267029,0.0906874164938926,-0.0854358300566673,-0.1149730756878852,-0.2023268938064575,-0.3828028440475464,0.3161835670471191,0.3471236228942871,0.2675949037075043,0.391975075006485,0.011751047335565,0.3493061065673828,0.4068383276462555,0.6521065831184387,0.6776092648506165,0.2067282646894455,-0.295980304479599,-0.0338719859719276,-0.3017910420894623,0.2979480922222137,0.3519406914710998,-0.0679865255951881,-0.816438615322113,0.1296375095844268,0.359595239162445,-0.4224462807178497,0.3534362316131592,0.415180891752243,0.4235478043556213,0.595414936542511,-0.382038801908493,-0.0782274976372718,-0.7612597346305847,0.175590232014656,0.1187469810247421,0.0028290546033531,-0.3044798672199249,0.0316141918301582,0.091457150876522,-0.4568507373332977,-0.2213291525840759,0.2107302099466323,0.2459942996501922,0.1576231718063354,0.3493745923042297,-0.4129485785961151,0.5970923900604248,0.4303675591945648,-0.268079549074173,-0.2922296822071075,-0.1487938165664672,0.2311183363199234,0.4304578602313995,0.1590847969055175,0.357093870639801,-0.3773427903652191,-0.8445432782173157,-0.0218009445816278,-0.0130999134853482,0.265737384557724,0.7062705755233765,-0.81659996509552,-0.0497601069509983,0.5133703947067261,0.8080490827560425,-0.0522131584584713,-0.2979108095169067,-0.5252598524093628,-0.1884275376796722,-0.1352876871824264,-0.3311863839626312,0.3624251782894134,0.0446477718651294,0.5876405239105225,-0.0318144932389259,-0.116054967045784,-0.1953674256801605,0.8123372793197632,0.4073009192943573,0.0067221829667687,0.2081695050001144,0.0349424257874488,-0.4434836208820343,-0.0718753933906555,0.2721533179283142,-0.3703674674034118,-0.1548699587583542,0.1745146065950393,-0.3938381969928741,-0.1147098317742347,-0.1866552680730819,-0.0502172261476516,0.3511002361774444,-0.1540873050689697,-0.4240161776542663,-0.3418281078338623,-0.053463727235794,0.3640183210372925,-0.8195244669914246,-0.1772152483463287,-0.2284370958805084,0.1855793297290802,0.042220301926136,-0.1656990796327591,-0.4804145395755768,-0.5628264546394348,-0.4529979526996612,0.1406483501195907,0.1401218175888061,-0.481932133436203,0.4718159139156341,0.1960797160863876,-0.1483888775110244,-1.191425085067749,0.4968118071556091,0.1027939319610595,0.7110983729362488,-0.2558439373970032,0.3216203451156616,-0.0103126298636198,0.1246227771043777,-0.1625712811946869,-0.4507423043251037,0.666210949420929,-10.44359302520752,-0.3572226464748382,-0.5081060528755188,-0.1702241748571396,-0.3904321789741516,0.4770566523075104,0.1895525455474853,0.4223089218139648,-0.0044883918017148,-0.0646698474884033,0.0686290264129638,0.1073669865727424,0.1401628106832504,0.1497767865657806,-0.220811665058136,-0.0743995681405067,-0.373730331659317,-0.2494992762804031,-0.6559740900993347,-0.0684830918908119,0.1967051476240158,-0.3565899133682251,0.2966203391551971,0.3354876935482025,0.1996874958276748,0.070408284664154,0.3587600886821747,0.0580973513424396,-0.3103875517845154,0.5274375081062317,-0.0937580168247222,0.2019408792257309,-0.1024221777915954,0.2935628890991211,-0.5404207110404968,0.0252985451370477,0.0993592366576194,-0.016658442094922,-0.2296444326639175,0.5848070383071899,0.2089521139860153,0.4409377872943878,0.0392607785761356,-0.2712676525115967,0.3376539051532745,0.3442116677761078,0.2341883927583694,-0.0845958963036537,0.4305688440799713,0.0724609494209289,0.0871606618165969,-0.199142187833786,-0.1008294522762298,0.0345502868294715,0.1310538351535797,-0.035108808428049,0.3422837257385254,-0.8668643832206726,-0.1784586757421493,-0.097401238977909,0.231044664978981,0.0835519805550575,1.2275302410125732,0.3874486982822418,0.0501337796449661,0.2668848633766174,0.2135286778211593,0.0218898374587297,-0.4018953144550323,-0.30861297249794,0.4914284646511078,0.2120136320590973,-0.2327475100755691,0.1834315359592437,-0.0817566886544227,0.5747364163398743,0.3350679576396942,0.1577409952878952,0.2364269644021988,0.0189588703215122,0.5004974007606506,0.1825479567050933,0.0591266863048076,0.2704173028469085,-0.7462111711502075,0.0026831240393221,0.3723088800907135,0.1898520141839981,0.480819433927536,-0.5403976440429688,0.6073251366615295,-0.3687469661235809,-0.2229479849338531,0.4329991936683655,0.3822138607501983,0.0522193759679794,0.0458044558763504,0.1620650291442871,0.4006999433040619,-0.0565884411334991,1
0.2505481839179992,0.4489372670650482,0.1492974162101745,-0.5586414337158203,-0.0013604935957118,0.0918458104133606,0.3721223175525665,-0.0234025865793228,0.0832772254943847,-0.4972952902317047,0.922433853149414,0.0710767582058906,-0.3678937554359436,-0.0582557208836078,0.4592601954936981,0.0477102994918823,0.3026152551174164,-0.0985034108161926,-0.3389739096164703,-0.3084463775157928,-0.4294740259647369,-0.4628788530826568,0.0032123664859682,0.1254025250673294,0.4180895090103149,-0.4004127383232116,-0.0911752507090568,0.2276809960603714,-0.1435918509960174,-0.1566646099090576,-0.3757165074348449,-0.3744196891784668,-0.1879740059375763,-0.2184703797101974,-0.278684914112091,0.8278489112854004,0.1410537958145141,-0.2761842608451843,0.0495626181364059,-0.0305525045841932,-0.2750777900218963,-0.103702962398529,0.1346310377120971,-0.2775102853775024,-0.3408503830432892,0.5337256789207458,0.0850845575332641,0.2999982237815857,0.3017307221889496,-0.0298516284674406,-0.4111286401748657,0.4123713672161102,0.2305360287427902,-0.0554429590702056,-0.0002612370881251,-0.1306027173995971,-0.1068493500351905,-0.177051767706871,0.1526751071214676,-0.0106077278032898,-0.080419547855854,-0.2179279178380966,0.1381518840789795,-0.0645262748003006,-0.4898168444633484,-0.2554144263267517,0.0158404614776372,0.0089113507419824,-0.1771092265844345,-0.5936737656593323,-0.3995041847229004,0.2752134203910827,0.1364410668611526,-0.409847617149353,0.4420993030071258,-0.3259541392326355,0.3144108355045318,-0.1611713469028473,-0.1378859132528305,-0.1059435307979583,-0.2272272706031799,0.4182016253471374,-0.1328671723604202,-0.6189823150634766,0.1171788424253463,0.0059523768723011,0.1065851971507072,-0.4834829270839691,0.3780913650989532,-0.5386707186698914,-0.3544098436832428,0.272403359413147,0.5725651383399963,0.3448121547698974,-0.2858032286167145,0.0702245160937309,0.1583373248577118,-0.2321749329566955,-0.2503252625465393,-0.1264444589614868,0.5010859966278076,-0.3914403915405273,0.1215318441390991,-0.1627832204103469,-0.1635713726282119,0.1289453953504562,-0.4897728264331817,0.5729210376739502,-0.0315574333071708,-0.1191677451133728,-0.2018569260835647,-0.2577365636825561,-0.3563779592514038,0.4040128290653229,-0.2662290036678314,-0.1149513870477676,-0.1682388335466385,0.3997953832149505,-0.2984249293804168,0.1948220431804657,0.2346782982349395,0.2928614318370819,0.0676141455769538,0.1553054451942443,-0.0961431860923767,0.5456915497779846,-0.2279289662837982,-0.0558218955993652,0.0611917041242122,-0.2349888235330581,0.2706878185272217,0.0724034383893013,-0.3393912613391876,-0.1392006874084472,-0.5784204006195068,0.2526203095912933,-0.155659407377243,0.0599726513028144,-0.0823525488376617,-0.5838775634765625,0.047910239547491,-0.2668199837207794,0.2308844178915023,0.1897561997175216,0.0472326166927814,0.0304461829364299,0.4092461466789245,-0.2077170759439468,0.446753054857254,0.1353139877319336,-0.0519040711224079,0.783359169960022,-0.3722396194934845,-0.2989800870418548,-0.2798097133636474,0.042486522346735,-0.3434524536132812,0.0400078408420085,0.0653272718191146,0.4727227985858917,0.2746033072471618,-0.6966155767440796,0.0782220959663391,0.4430415630340576,0.2624966502189636,0.7815207242965698,0.1209591776132583,-0.0958712175488472,-0.0241772830486297,0.5504213571548462,0.2618978321552276,0.4256070256233215,0.1255105286836624,-0.5663151741027832,0.2344573885202407,0.5653722882270813,0.1362340450286865,0.1511902064085006,0.2922266721725464,-0.4613509178161621,0.1085969433188438,-0.4493367969989776,-0.2269296944141388,-0.4779540002346039,0.5775596499443054,-0.1593138724565506,-0.1407499462366104,0.0492161028087139,0.0404408201575279,0.0006456886767409,-0.5783886313438416,0.0301188584417104,0.5472155809402466,-0.4307481944561004,-0.0494826287031173,-0.1220207810401916,-0.0579941235482692,-0.3472139537334442,-0.1853754818439483,0.5233907103538513,-0.0871587991714477,0.2898628711700439,-0.2703546583652496,-0.2009024322032928,-1.124642014503479,-0.222978800535202,0.2935783565044403,0.4990005493164062,0.2641696035861969,0.1191057860851287,-0.4838886857032776,0.2278601378202438,0.4431247413158417,0.4852368533611297,0.0213789027184247,0.0502767190337181,-0.2780689299106598,0.179585114121437,0.3599025011062622,-0.5641339421272278,0.0423757135868072,-0.1109554767608642,0.0774233862757682,0.3421428501605987,-0.2297710478305816,-0.103759691119194,-0.0296202395111322,0.0609361641108989,-0.1472322195768356,0.7782184481620789,0.2733465433120727,-0.0964207574725151,-0.5749717950820923,-0.4450890123844147,-0.9197883009910583,0.2412146925926208,-0.1610824167728424,0.22455695271492,0.3092661798000335,0.297025203704834,0.2582457661628723,-0.2680031061172485,-0.1428358107805252,-0.2700835466384887,-0.2408133894205093,0.3363486230373382,0.1937740296125412,-0.1581805199384689,-0.5909778475761414,0.3315999209880829,-0.5108320713043213,-0.2683800160884857,0.6358513236045837,-0.1435994505882263,0.5744237899780273,0.1409382820129394,0.4897727072238922,-0.0853540748357772,-0.1874617785215377,-0.0955950766801834,0.0436156764626503,-0.4138393998146057,-0.1069721728563308,-0.2344851791858673,0.0109996134415268,0.1046502217650413,0.0584264323115348,-0.636326253414154,-0.0737071558833122,-0.3163428604602813,0.1024644523859024,-0.5688919425010681,-0.0704476460814476,0.230291873216629,-0.3569014072418213,0.250668466091156,-0.1041097939014434,0.3356075882911682,-0.2991388738155365,-0.0898166894912719,-1.0346769094467163,0.462022066116333,-0.7326732873916626,0.3542755842208862,0.1198809146881103,-0.1020419746637344,-0.0654364451766014,-0.1256033927202224,-0.1999105513095855,0.5118235349655151,0.1648826599121093,-0.2880998849868774,-0.5125777721405029,-0.0331790335476398,-0.1484315097332,0.0892459005117416,0.1570788919925689,-0.2203528583049774,0.0077931177802383,0.118221990764141,0.5483359098434448,0.1169387027621269,0.1514610946178436,-0.168676421046257,-0.3166066408157348,-0.8211398720741272,-0.174249917268753,0.1659409701824188,0.6097294688224792,-0.3898724913597107,-0.1515483856201172,1.065920114517212,-0.1712241768836975,-0.2753693759441376,0.2073781341314315,0.4925227761268616,-1.4006301164627075,0.1897653192281723,0.588225245475769,0.0082712536677718,0.0532373040914535,0.3261024951934814,0.305587887763977,0.3564168214797973,-0.5224007368087769,-0.0392370522022247,0.3144610822200775,0.3735979497432709,-0.0036170836538076,-0.3670718371868133,0.3963320851325989,-0.0700402110815048,0.0745707526803016,-0.612056314945221,-0.3191026151180267,0.4119139909744262,-0.0874440968036651,0.0874632224440574,-0.0170665271580219,-0.3100562393665313,0.0694663971662521,-0.2886847555637359,0.2692031264305115,-0.325777143239975,-0.2060827612876892,-0.2726702988147735,0.2635100781917572,0.449198842048645,0.661635160446167,0.5164912939071655,0.3551589548587799,0.2686977684497833,0.4473485052585602,0.3802987933158874,0.4603124260902405,0.3109914064407348,-0.1063156351447105,0.0195352584123611,0.5475675463676453,0.3219617009162903,0.2603946328163147,-0.0276618730276823,-0.2409785836935043,0.6404382586479187,-0.0342877991497516,0.4841922223567962,0.4391713440418243,0.6220520734786987,0.3925226628780365,0.2461102455854416,0.4162329435348511,-0.1992395222187042,-0.1421195566654205,-0.3447634279727936,0.2172411680221557,-0.2869605720043182,-0.159542977809906,-0.1537368595600128,0.2500409781932831,-0.1458094269037246,-0.51259446144104,0.1407272219657898,-0.4438359141349792,-0.0136881181970238,0.1929426491260528,-0.2214354574680328,-0.5873409509658813,-0.4135623872280121,-0.4071406424045563,-0.5993702411651611,0.487648457288742,0.2242782115936279,0.1675911098718643,-0.5403475761413574,0.1199017167091369,0.1179696023464202,0.1697641909122467,-0.1759710162878036,0.0114829167723655,-0.1525502800941467,0.0282090436667203,-0.1229961067438125,0.0094847762957215,-0.6527937650680542,-0.4276649355888366,-0.5186935663223267,-0.8451845645904541,-0.1182984411716461,0.1161651164293289,0.3922761380672455,-0.0325253829360008,0.1955144107341766,0.1770944148302078,0.2159095853567123,-0.2994886338710785,-0.1859803646802902,-0.8119920492172241,-0.0156768765300512,0.2146668434143066,0.2322666496038437,0.232969045639038,0.1962420046329498,0.1099632307887077,-0.0482075437903404,-0.2861345410346985,-0.012153910472989,-0.2400132715702057,-0.2711018323898315,0.9789894223213196,-0.2605230808258056,0.4552047252655029,-0.1963374316692352,0.1221195682883262,0.3167569637298584,-0.1554841697216034,-0.112817458808422,-0.0907303839921951,0.4706625342369079,-0.1368854939937591,-0.1007928028702735,0.0552294701337814,0.4654022455215454,-0.323762983083725,0.1653086394071579,-0.0653367415070533,0.1071037575602531,0.2053379118442535,-0.0762300416827201,-0.1510095745325088,-0.2405013442039489,0.1477335095405578,0.2341473698616027,0.2862294316291809,0.2517187595367431,0.2906464636325836,0.603635311126709,0.0465304367244243,0.2981800138950348,0.2586971819400787,0.7238072156906128,-0.2899322211742401,-0.2150292694568634,-0.4939345717430115,-0.0892949178814888,-0.4694490730762481,-0.1574169397354126,0.5626305937767029,-0.2203343510627746,0.2118527293205261,-0.1339785903692245,-0.6529372930526733,-0.0651318654417991,0.0051952362991869,0.0690673440694809,0.0703841000795364,0.3648920953273773,0.4399062097072601,-0.0126997204497456,-0.6327009201049805,0.5944579839706421,-0.3083150088787079,0.5145155787467957,0.3459455370903015,-0.5750617384910583,-0.2742610871791839,-0.0764722600579261,0.0789083093404769,0.0509687885642051,0.2437104284763336,0.5642279982566833,-0.3491406440734863,-1.0541503429412842,-0.1875897049903869,0.253937304019928,-0.1902288049459457,-0.4174838066101074,0.2181191146373748,0.1227318570017814,-0.9403929114341736,-0.6611847281455994,-0.3907082676887512,-0.2368012964725494,-0.0750048086047172,-0.9417609572410583,0.2107371240854263,0.0918762311339378,-0.0685869976878166,0.4357554912567138,0.0065562450326979,0.0523173697292804,0.2633278965950012,0.4124357998371124,0.32712522149086,-0.5278412699699402,-0.0882996395230293,0.1802866458892822,-0.0107608418911695,0.0757314711809158,0.4335595369338989,0.0022350514773279,0.1346089839935302,-0.0360789820551872,-0.6570267677307129,-0.1326983571052551,-0.3951635062694549,-0.8622023463249207,0.3906485438346863,-0.0485257804393768,0.2440661787986755,-0.4389907419681549,0.3586048185825348,-0.2363224476575851,0.0419668890535831,0.1436831504106521,0.0125273689627647,0.0706452205777168,-0.6102577447891235,0.3147449195384979,-0.4907277226448059,-0.4119032323360443,0.8037401437759399,0.6327239871025085,-0.277031272649765,0.0262137148529291,0.3444098234176636,0.0450162589550018,-0.3139759302139282,0.0423781313002109,-0.0282185282558202,-0.0554161630570888,-0.1430779546499252,0.2068943828344345,0.3075024485588074,0.0210439786314964,-0.2298358529806137,-0.2397428303956985,0.5746675133705139,0.4281243979930877,0.2773855924606323,-0.1015438437461853,-0.0849071964621543,-0.2149445414543151,-0.3835354745388031,0.1777462214231491,0.1371704339981079,0.6504777669906616,-0.1978227198123932,0.90113627910614,-0.1241719648241996,-0.3456954061985016,0.2918019294738769,0.6946764588356018,-0.100216694176197,0.2651370167732239,0.1185874417424202,0.1118910908699035,-0.889651358127594,0.1925767362117767,-0.256352037191391,0.2200701981782913,0.1242488473653793,0.4356253743171692,0.467876672744751,-0.6214590072631836,-0.260323166847229,-0.1672984957695007,0.1883513331413269,0.0608341209590435,0.5436148047447205,-0.025854293256998,0.0934903025627136,0.2462126761674881,-0.1927277445793151,-0.0298794582486152,0.1243695616722107,0.0780878812074661,0.8339083194732666,0.2224399149417877,0.0871190205216407,-0.2118162512779235,-0.8105356693267822,0.3458636999130249,-0.0689836740493774,0.018697315827012,0.4625156223773956,-0.282231330871582,0.1249693036079406,0.3071497082710266,0.6096946001052856,0.1468066424131393,-0.2993062138557434,-0.793890118598938,0.1002339199185371,-0.0204421188682317,-0.0992076396942138,0.2560797929763794,-0.0415349118411541,0.3648510277271271,0.203915536403656,-0.1634592562913894,0.0352919995784759,0.5447142124176025,-0.1733648031949997,0.0036587237846106,0.304246574640274,0.1871929317712783,-0.4307031333446502,0.0009281226666644,-0.2076293379068374,-0.4050754308700561,-0.4266373217105865,-0.2039306312799453,-0.2270745187997818,-0.0535288043320179,-0.1840565502643585,-0.0797881931066513,0.2254985123872757,0.1304506063461303,-0.1006392464041709,-0.3923006653785705,-0.3506778478622436,0.5158728361129761,-0.7764759063720703,-0.1357771307229995,-0.1237556636333465,0.0765950009226799,-0.1074878200888633,-0.0110861044377088,-0.3666615784168243,-0.1664658933877945,-0.1050653979182243,0.1489000916481018,0.0398935228586196,-0.416027158498764,0.2048544883728027,0.2299579083919525,-0.1175116971135139,-0.788458526134491,0.1993530094623565,-0.0932439640164375,0.6569687724113464,-0.1900956332683563,0.2818269431591034,-0.2750597894191742,0.2358642965555191,-0.3131818175315857,-0.1302007734775543,0.0328198932111263,-10.583672523498535,-0.0490938015282154,-0.445158988237381,-0.1263294517993927,-0.4172158241271972,0.4067028164863586,0.6914451718330383,0.2893685698509216,-0.4186541438102722,0.0356551110744476,0.3733002245426178,0.3360385596752167,0.267772227525711,0.3577016592025757,-0.6444789171218872,-0.2057143747806549,0.1316499561071396,-0.0891802087426185,-0.1396465450525283,-0.2161887139081955,0.2653757333755493,-0.0017534146318212,0.2895424365997314,0.6346953511238098,0.0794324725866317,-0.5257126092910767,-0.4686369895935058,0.2963267862796783,0.0342756062746048,0.2951556444168091,-0.3470078706741333,0.142052948474884,0.0479567125439643,0.319089412689209,-0.3116777241230011,-0.2718498408794403,-0.1247318685054779,0.3276664912700653,0.1142612621188163,0.191989004611969,0.2599020004272461,0.657625675201416,0.285983681678772,0.0854373276233673,0.2722641825675964,0.4464370608329773,0.5172173380851746,0.294055163860321,0.6834058165550232,-0.0487478226423263,0.0203231442719697,0.3268148303031921,-0.1709272563457489,-0.1003255695104599,0.3273875713348388,0.0490538142621517,0.7690467834472656,-0.6563530564308167,-0.44570192694664,0.073697306215763,-0.0454915389418602,0.0713259354233741,0.9178944230079652,0.5181217193603516,0.0308233760297298,-0.0776502043008804,0.312881737947464,0.4847948849201202,-0.5009794235229492,-0.2229619175195694,-0.0355613268911838,0.2150739580392837,0.0117330383509397,-0.0769709050655365,-0.5127115845680237,0.275899589061737,-0.004084981046617,-0.2585968971252441,0.3279469013214111,0.2067940235137939,0.1488009393215179,0.2203200012445449,0.015926444903016,0.1426022797822952,-0.5167419910430908,0.1087146177887916,-0.2099006623029709,0.1725313067436218,0.0848772972822189,-0.4644400477409363,-0.07003665715456,-0.2248544692993164,-0.0309130512177944,0.7703751921653748,0.4164022207260132,-0.0329809635877609,-0.0987273156642913,0.102551057934761,0.5012519955635071,0.0252322237938642,0
-0.1470723152160644,0.5753136873245239,-0.5212481617927551,-0.1349704265594482,0.1312607675790786,0.2577691376209259,0.3268173635005951,0.1482601910829544,-0.2250448614358902,-0.4316786229610443,0.6890115141868591,-0.0512766949832439,-0.4757921397686004,-0.0523244999349117,0.5102407336235046,-0.197657361626625,-0.1203166991472244,-0.4076121151447296,-0.1972495168447494,-0.1657385677099228,-0.039572823792696,-1.0433868169784546,0.2130837738513946,-0.0871345475316047,-0.1852637082338333,-0.101879209280014,0.4158925116062164,0.104606419801712,0.0929540246725082,-0.4896233677864074,-0.3835763037204742,-0.8456203937530518,-0.1470952033996582,-0.0623506717383861,-0.0038505040574818,0.1817594468593597,0.1070817410945892,-0.0717732310295105,-0.172551080584526,-0.4597308337688446,-0.1020845174789428,-0.1116037145256996,-0.3666593432426452,0.0121595282107591,-0.2334853559732437,0.4333839118480682,0.1600983738899231,0.5521554350852966,0.4109862744808197,0.2392799258232116,-0.2142314016819,0.3349999487400055,0.1557000428438186,0.0824182704091072,0.5477074980735779,0.0334315635263919,0.1298023909330368,0.1506242603063583,0.186079517006874,0.3603650629520416,-0.1610633879899978,-0.3725651800632477,-0.0682954564690589,0.092729277908802,0.1711399406194687,0.0066656647250056,-0.0674349665641784,0.2909353375434875,-0.5185901522636414,-0.6396147012710571,-0.0496369861066341,-0.2817323505878448,-0.46990767121315,-0.0492565222084522,0.9404584169387816,-0.1195078194141388,0.3035253584384918,-0.3598605990409851,0.4396676123142242,0.0554378703236579,-0.2499715685844421,0.4992086887359619,-0.134438619017601,-0.4384430944919586,0.043057482689619,0.0224689710885286,-0.3483123183250427,-0.7722132802009583,0.3957694768905639,-0.172121450304985,-0.1547536849975586,0.0111075164750218,0.2689228951931,0.5033850073814392,0.0635063201189041,0.2130312472581863,0.1172207370400428,-0.0479521490633487,-0.1241981387138366,-0.0654402077198028,-0.0364677533507347,-0.6453960537910461,0.3596567511558532,-0.2896470725536346,-0.2541077435016632,-0.0947857499122619,-0.0338440611958503,-0.0327488631010055,-0.0129992272704839,-0.3751325011253357,-0.2945586740970611,-0.2629499733448028,-0.695237934589386,0.2737936079502105,0.2938021123409271,0.3224413990974426,-0.0427515991032123,0.2421036809682846,0.2245867103338241,0.0213261358439922,0.2913074791431427,0.579784095287323,-0.0140306800603866,-0.2250321358442306,-0.0942460373044014,0.2493128031492233,0.0708542093634605,-0.1117767542600631,-0.1975280791521072,-0.3950541317462921,-0.000651832728181,0.213520660996437,-0.5351094007492065,0.2050530463457107,-0.2241537719964981,0.3444534242153168,0.1969180256128311,0.3043090403079986,-0.2567114531993866,-0.6186442375183105,0.0004295388644095,-0.1496522575616836,0.1578252464532852,-0.088336668908596,-0.3523904979228973,0.0917297229170799,-0.1091625019907951,-0.1913997381925583,0.7224681377410889,0.4653590619564056,-0.5730587840080261,0.9898049235343932,-0.0396136045455932,-0.6264975070953369,0.6624065637588501,0.4268114268779754,-0.5835440158843994,0.2548621594905853,-0.4624745845794678,0.3481493294239044,0.1839968264102935,-0.2648601233959198,0.0524788983166217,0.5569279193878174,0.2807663083076477,0.7707979083061218,0.525698184967041,-0.0229895543307065,0.2983609735965729,0.4977951943874359,0.1354328840970993,0.3329333961009979,0.1741350144147873,-0.3075099885463714,0.447403222322464,0.5126705765724182,0.3893578648567199,0.2202337980270385,0.3007696866989136,-0.5987311601638794,-0.0829467847943306,-0.4337164461612701,-0.0626543462276458,-0.1654423028230667,0.3135940134525299,-0.3380564749240875,0.2982248365879059,0.3629026710987091,-0.3110324740409851,0.044643472880125,-0.2152244299650192,-0.2302211970090866,-0.2096363306045532,-0.4888348877429962,-0.4407468438148498,0.3367178738117218,-0.2681810259819031,0.1141729801893234,-0.0991851016879081,0.3970687687397003,0.1436765044927597,-0.1217063441872596,-0.3922138512134552,-0.5971980690956116,-1.0271320343017578,0.0614317208528518,0.292838454246521,0.6236118078231812,0.4986434280872345,-0.0188124738633632,-0.2304569631814956,0.0634951367974281,0.2657253444194793,0.0412778630852699,-0.004755257628858,0.1470388025045395,0.2838291823863983,-0.2850970327854156,0.2687233984470367,-0.0876785069704055,0.1069414615631103,0.1123449429869651,0.0009941392345353,0.3455799520015716,-0.1296788156032562,0.0663770884275436,0.233628511428833,-0.0005152327939867,0.3075896203517914,0.8020876049995422,-0.0955221503973007,-0.3593977391719818,-0.8502488732337952,0.1079251989722251,-0.6527573466300964,0.4487364888191223,-0.6080232858657837,0.6677048206329346,0.0680162012577056,-0.008688879199326,-0.1889413595199585,0.1230804547667503,0.0735836401581764,-0.1016716957092285,-0.0078113158233463,0.6049680709838867,-0.2377282530069351,-0.1558548957109451,-0.6465192437171936,-0.036167424172163,-0.8764796257019043,-0.8469150066375732,0.3494834899902344,-0.1204576566815376,0.4799160063266754,0.1860144436359405,0.2159640938043594,0.1738172769546508,0.0741865560412406,-0.3591962158679962,-0.2170591950416565,-0.1738379001617431,0.0662450641393661,-0.2165610045194625,-0.1269441992044448,0.5547777414321899,-0.0374120473861694,-0.4175638556480407,-0.8055662512779236,-0.7719002366065979,-0.1000799462199211,-0.1366854906082153,-0.271049439907074,-0.3274557590484619,-0.4898267686367035,0.0420654751360416,-0.1085502654314041,0.3968132734298706,-0.1845594495534896,-0.1778793781995773,-0.3076957762241363,0.4899119734764099,-0.272659420967102,0.0275203790515661,-0.1724337190389633,0.0180674605071544,-0.3553619980812073,-0.3554229438304901,-0.236428216099739,0.3332222700119018,0.0879387110471725,-0.4529330134391784,0.0563376098871231,0.0914094895124435,-0.5075029730796814,0.2510671615600586,0.235719084739685,0.037994410842657,0.1693950891494751,0.3626568019390106,0.435796707868576,-0.0002712677523959,0.4518639743328094,-0.4077390730381012,0.0786772519350051,-0.666547417640686,0.0652878805994987,-0.2617402374744415,0.7149935960769653,-0.5343042016029358,0.1824118345975875,1.1708877086639404,-0.419228196144104,0.401512861251831,0.4010901749134063,0.1600893437862396,-2.1533524990081787,0.1940134018659591,0.4852283000946045,0.1948397159576416,0.0985415205359458,0.1680407524108886,0.3587412536144256,-0.0169417522847652,-0.1606334894895553,-0.4839875996112823,0.6795558333396912,0.6015225648880005,-0.3910667598247528,-0.4523934423923492,0.6339942216873169,-0.1935679018497467,0.3606164157390594,-0.3461406230926513,-0.2018513828516006,0.5285933613777161,-0.5361364483833313,-0.070104569196701,0.0337296873331069,-0.1633884012699127,-0.3671697080135345,0.4601563811302185,0.4906672537326813,0.5713236927986145,-0.3962299227714538,-0.5146846771240234,0.0828024521470069,0.7622188925743103,0.7332878112792969,0.2904329299926758,0.0583425387740135,-0.0901671200990676,0.5063040256500244,0.603380560874939,0.5152208209037781,0.1153150275349617,0.0655774995684623,-0.3025014102458954,0.5777760148048401,0.2658856511116028,-0.1804595291614532,0.0423559881746768,0.2660759091377258,0.4218476414680481,-0.1820331662893295,0.5630763173103333,0.4290219247341156,0.4414937198162079,0.1917210072278976,0.3223976790904999,0.1037801280617713,0.0474574044346809,-0.381709337234497,-0.2476163655519485,0.4457556009292602,-0.3597570955753326,0.016926746815443,0.1392803788185119,0.1645577847957611,5.262670310912654e-05,-0.0214124955236911,0.0749721154570579,0.0115256644785404,-0.1001623645424842,-0.3037634789943695,-0.4806354641914367,-0.2672453224658966,-0.20415098965168,-0.4947362542152405,-0.6236740350723267,0.033879954367876,0.6764603853225708,0.181580901145935,-0.8657511472702026,-0.4922376275062561,-0.1911353170871734,-0.1567852646112442,-0.0119695141911506,0.2661439478397369,-0.1145399361848831,-0.3168305456638336,-0.3962976634502411,-0.0966711044311523,-0.0542460121214389,-0.3774141371250152,-0.1207311525940895,-0.3059197068214416,0.0338103137910366,0.0679254606366157,0.7816022038459778,-0.3606950640678406,0.2086095213890075,0.058134987950325,0.3856914341449737,-0.6497951745986938,-0.2314319908618927,-0.4157564342021942,0.4879966676235199,0.5225355625152588,0.1891406625509262,0.3448252081871032,0.7543442249298096,0.154289573431015,0.2489072531461715,-0.1100703701376915,-0.1554369181394577,-0.2822108566761017,-0.0216826722025871,0.6217584609985352,-0.2179076820611953,0.2431089133024215,0.4563598036766052,-0.7460177540779114,0.7314386963844299,-0.1814892888069152,-1.0402040481567385,-0.1671543717384338,0.4764448702335357,0.3298389017581939,0.2118380665779113,0.0586459599435329,0.940555989742279,-0.4975887537002563,0.2915136516094208,0.551896333694458,0.1772360354661941,0.248571366071701,-0.0416966043412685,-0.2305670380592346,-0.3591850101947784,0.2123766839504242,0.1738286763429641,0.5102182030677795,0.422972708940506,0.020371938124299,0.3491940498352051,-0.5054399371147156,0.3813815712928772,0.4290796220302582,0.2842541933059692,-0.4760375022888183,-0.5315061807632446,-0.0696058496832847,-0.119279146194458,-0.3840673565864563,-0.1155083999037742,0.1169897988438606,-0.0132652660831809,0.1050288081169128,-0.1054932847619056,-0.9257127046585084,-0.0328543931245803,-0.4146808683872223,-0.1542195081710815,0.002874000929296,0.432210773229599,-0.1728803515434265,-0.0484487079083919,-0.4663447141647339,0.1198684424161911,0.2634061276912689,0.6283199191093445,0.6528918743133545,-0.2722384035587311,-0.2271910011768341,0.2242471873760223,0.2272843569517135,0.226543977856636,-0.1276618987321853,0.3475286066532135,-0.220016673207283,-0.0579783394932746,-0.0619702376425266,0.1368722319602966,0.0039482479915022,-0.2837414741516113,0.1521054953336715,0.1718901991844177,-0.1684500277042389,-0.3343317806720733,-0.4927311837673187,0.0425623245537281,0.4675042331218719,-0.6250045895576477,-0.4326266348361969,-0.0662029683589935,-0.2642204463481903,0.6789133548736572,0.054057665169239,-0.378487229347229,0.3006767928600311,0.3520593047142029,0.568984866142273,-0.1517652869224548,0.4280011653900146,0.1570930778980255,-0.3330368101596832,0.1429180353879928,0.5649977326393127,-0.114273652434349,0.0940997973084449,-0.4553291797637939,-0.6169440150260925,0.1492207795381546,0.0565345883369445,-0.962338387966156,0.6003583669662476,-0.3571015298366546,0.2729968428611755,-0.8350427746772766,0.2172426730394363,-0.2551794946193695,-0.0198104120790958,0.0925754979252815,-0.0647379010915756,-0.2770137190818786,-0.3772380948066711,-0.1897566169500351,-0.5400667190551758,-1.0292260646820068,0.3891482353210449,0.1588395982980728,-0.5452346205711365,-0.1802332252264022,-0.2410878092050552,0.0689277052879333,-0.3474845886230469,0.0519256293773651,-0.322365939617157,-0.1114879623055458,0.071399375796318,0.0425550639629364,0.2355147153139114,0.4481355845928192,-0.1478218734264373,-0.1668764352798462,0.732357382774353,0.1153438314795494,0.0730310380458831,0.2570847272872925,-0.2038006335496902,0.4057609736919403,-0.2998486459255218,0.5990121960639954,0.4456203281879425,0.4377288818359375,-0.2039589881896972,0.284757524728775,0.522420346736908,-0.5313945412635803,-0.0494217611849308,0.786327600479126,0.039439495652914,0.6151790618896484,-0.234857827425003,-0.1588198989629745,-1.1139593124389648,-0.2290743887424469,-0.0718446597456932,-0.17291060090065,-0.1283190101385116,-0.4374133646488189,-0.1220989823341369,-0.2178326994180679,-0.2145858854055404,-0.0797112360596656,0.0644407048821449,0.4582694172859192,0.3930222392082214,-0.4920071959495544,0.5718063116073608,0.1415035426616668,-0.6481606364250183,0.5302870869636536,-0.0941019877791404,0.2206342369318008,0.362464964389801,0.4748729169368744,0.1775042414665222,-0.2973423898220062,-1.026236653327942,-0.2849023342132568,-0.0907724872231483,-0.0021650865674018,0.7057198882102966,-0.4102908074855804,0.1340803653001785,0.3268201649188995,0.5409889221191406,-0.0047502387315034,-0.1285037845373153,-0.9402479529380798,0.4058701694011688,0.1825439482927322,-0.5191853642463684,-0.0193061605095863,0.163416787981987,0.3663143515586853,-0.2273250073194503,0.2690171301364898,-0.0207315385341644,0.2537862658500671,0.0326044335961341,-0.1020627096295356,0.2885697185993194,-0.0251115281134843,-0.0350638553500175,0.0372393205761909,-0.0052156089805066,-0.1310612559318542,-0.1175529733300209,0.2975846529006958,-0.3001966178417206,0.0036603091284632,-0.0653159841895103,0.1437948495149612,0.0144158899784088,0.3021966814994812,-0.647218644618988,-0.4902502000331878,0.1291753351688385,0.0350540019571781,-1.009310007095337,-0.0441597364842891,-0.3103455901145935,0.1338818818330764,-0.0031689978204667,-0.1403193324804306,-0.1320196539163589,-0.172416478395462,-0.3549500405788421,0.228659525513649,0.0636777579784393,-1.0301892757415771,0.2692911028861999,-0.0434711836278438,0.113130122423172,-0.7542529106140137,0.3496574461460113,0.0270859897136688,0.571217954158783,-0.161570206284523,0.3250508308410644,-0.2681293487548828,0.3423914313316345,0.1008806228637695,-0.5633565783500671,0.4788122177124023,-10.335641860961914,0.0021131634712219,-0.6580588817596436,-0.0798045247793197,-0.1389524638652801,-0.0933259800076484,0.7748111486434937,-0.100606732070446,-0.3717268705368042,-0.2180174440145492,-0.4031381011009216,0.5019501447677612,0.3459887206554413,0.5828354954719543,-0.3383328318595886,-0.398246169090271,0.1698339879512787,-0.4420164823532104,-0.2182280570268631,-0.6256293058395386,0.1244980096817016,-0.0011747458484023,0.5822768211364746,0.5837348103523254,-0.5827685594558716,-0.5460145473480225,-0.08290596306324,0.1746183633804321,-0.2953310310840606,0.4800878167152405,-0.431561529636383,1.0295618772506714,-0.2911981642246246,0.067232146859169,-0.196516141295433,0.0197127033025026,-0.2976506650447845,0.0934672057628631,0.0742480531334877,0.2488181293010711,0.2430896311998367,0.5405318140983582,0.1190333142876625,-0.0968177616596221,0.349108874797821,0.0834354981780052,0.1608586907386779,0.6255673766136169,0.1092845275998115,0.1862100213766098,-0.1919685751199722,0.0899425446987152,0.1015946939587593,0.0283215586096048,0.0493235923349857,0.0841687694191932,0.6191232204437256,-0.7827157378196716,-0.2469104975461959,-0.0473319925367832,0.4944464266300201,-0.4297826886177063,0.5100800395011902,0.3655085265636444,0.030396468937397,0.3045035600662231,0.3328195214271545,0.7331775426864624,-0.7229715585708618,-0.3514090776443481,0.6053581237792969,0.2641913592815399,-0.3019911348819732,-0.1047536507248878,-0.325831651687622,0.5737754702568054,0.2060411125421524,-0.0616220459342002,0.4414136707782745,0.1722539216279983,0.1799021512269973,-0.2349196374416351,0.2552339136600494,0.1192791014909744,-0.6672942638397217,0.6286444664001465,-0.2076839804649353,0.0974795371294021,0.3992010056972503,-0.5561439394950867,0.4271158277988434,0.0076867030002176,0.137207880616188,0.3625836372375488,0.3007138073444366,-0.3724802136421203,0.3048161566257477,0.0677814036607742,0.5057527422904968,0.2235237061977386,0
0.5296596884727478,0.2130906283855438,0.4559382796287536,-0.3788235783576965,0.0963736400008201,0.229296863079071,0.2386744916439056,0.2548413276672363,-0.0763473808765411,-0.5995948910713196,0.3987560868263244,-0.4263967275619507,0.4475667774677276,-0.2476707696914672,0.6969519257545471,-0.0656861960887909,0.0709809884428978,-0.1644545197486877,-0.0108748702332377,-0.3702743947505951,-0.7576481103897095,-0.413432627916336,0.3180697858333587,0.3614082336425781,0.053830225020647,-0.3144461810588836,0.024836154654622,0.22332763671875,-0.1629917174577713,0.0653100684285163,-0.163625493645668,-0.366718590259552,-0.2875009775161743,-0.143985703587532,-0.1412046998739242,0.7164433598518372,0.0447980128228664,-0.334321528673172,-0.048272281885147,-0.4448588788509369,0.2024504095315933,-0.0392537266016006,-0.0778143554925918,-0.4906745254993438,-0.4244580864906311,0.3569748103618622,0.1421144604682922,0.4508043527603149,0.3910716772079468,0.065802477300167,-0.2395339757204055,0.3987994194030761,0.2064034640789032,0.0377097837626934,0.5504782795906067,-0.1333968788385391,0.3774928748607635,-0.541711688041687,-0.0768055692315101,0.2613519728183746,-0.3717130422592163,-0.2485538125038147,0.521899402141571,-0.136066272854805,0.0811342075467109,0.026225758716464,-0.2150810807943344,-0.1482564061880111,0.0450063794851303,-0.7747994661331177,-0.2178253978490829,0.2925040125846863,0.3747594952583313,-0.3835846185684204,0.6918500065803528,-0.3065555095672607,0.2237822115421295,0.1153149232268333,0.2371601611375808,-0.2251027226448059,-0.3462476432323456,0.2766848802566528,0.2552945911884308,-0.7245570421218872,0.0226185377687215,0.0493616014719009,-0.4940282702445984,-0.9880563616752625,0.452703058719635,-0.3511286675930023,-0.0228992886841297,0.0741178765892982,0.2153235077857971,0.2377034276723861,0.0652189552783966,0.1718862056732177,0.1264184862375259,-0.2441621720790863,-0.2346249967813491,0.2505479454994201,0.0868691354990005,0.4093315303325653,0.32750204205513,-0.1709804832935333,-0.2634230852127075,0.0760699585080146,-0.1548914760351181,0.2174850106239318,0.2510367929935455,0.0809057801961898,-0.3745799660682678,-0.2978120148181915,-0.4654948711395263,0.2725546658039093,-0.0209189262241125,0.1435899883508682,-0.198187306523323,0.3388965129852295,-0.4349301159381866,0.6078699827194214,-0.2538466453552246,0.7915907502174377,-0.0356875881552696,0.3047783374786377,0.2150291949510574,0.5052955746650696,0.0175789315253496,-0.0272460542619228,-0.1284803003072738,-0.2572053372859955,0.0357783772051334,-0.0579200908541679,-0.6814077496528625,0.0921545028686523,-0.2537298202514648,0.9225340485572816,-0.0114336526021361,-0.0479016825556755,-0.136097177863121,-0.4668779373168945,-0.1524674445390701,-0.1324257403612136,0.2752945125102997,-0.4046907126903534,-0.1197020336985588,0.1626258939504623,-0.2094656676054,-0.4744023382663727,0.4888186752796173,0.3426395952701568,-0.391703337430954,0.8269580006599426,-0.7304170727729797,0.0575210861861705,-0.0262061338871717,0.3646568357944488,-0.7473659515380859,0.1510887295007705,0.0498598143458366,0.5594866871833801,0.0929848328232765,-0.4336896538734436,0.1997489929199218,0.3209051787853241,0.1022119894623756,0.4263670146465301,0.4947990477085113,0.234954759478569,0.1953546553850174,0.4709454476833343,0.0561673045158386,0.4962971210479736,0.0458567067980766,-0.2137681096792221,0.4985187947750091,0.2918106913566589,0.1293936520814895,0.2646268904209137,0.0680747330188751,-0.5479270219802856,-0.0365224033594131,-0.1630211323499679,-0.0103595312684774,-0.1495637893676757,0.4607514441013336,-0.16131691634655,-0.0502539128065109,0.1145083829760551,-0.2079464346170425,0.1704038232564926,0.0367571040987968,-0.262583464384079,0.3753058016300201,-0.6912090182304382,0.0999286249279975,-0.3194076120853424,-0.3274402320384979,-0.3803856372833252,-0.302856832742691,0.3924706578254699,0.0625739246606826,-0.0227741338312625,-0.1504396349191665,-0.1841774731874466,-0.8772600889205933,-0.3443240523338318,0.072902612388134,0.655198872089386,0.360122412443161,0.2266106456518173,0.0718065351247787,0.2478867173194885,0.4675061106681824,0.0748334527015686,0.1430813670158386,-0.0019422065233811,-0.2316767424345016,-0.1867131143808365,0.1263024359941482,-0.1210856661200523,0.4201357662677765,-0.0982303693890571,0.3487502336502075,-0.0542345009744167,-0.406590849161148,0.2436564266681671,0.0867293998599052,-0.3940061628818512,0.0503381453454494,0.7268115282058716,-0.2607754468917846,-0.6348714232444763,-0.4985277056694031,-0.0947990268468856,-0.6508302092552185,0.0662958398461341,-0.268383651971817,0.2855084538459778,-0.349700003862381,0.112674169242382,-0.1744929105043411,-0.4754193425178528,-0.1815786063671112,-0.2118682861328125,0.0328344888985157,0.1429506987333297,-0.0228110589087009,-0.1918207108974456,-0.51520836353302,-0.035258699208498,-0.3487142920494079,-0.4789979457855224,-0.0031026471406221,-0.5512425303459167,0.4469566941261291,0.2267684787511825,0.519576370716095,-0.0401957146823406,0.2230084687471389,-0.021178001537919,-0.0647084936499595,-0.8502422571182251,-0.1223883181810379,-0.082101322710514,-0.5005362629890442,-0.0289797261357307,0.0161732789129018,-0.4629672467708587,-0.3051377236843109,-0.4279847145080566,-0.0537696257233619,-0.4275308847427368,-0.4585559368133545,0.0507671535015106,-0.0609349831938743,0.121000550687313,-0.1441505849361419,0.4983959794044494,-0.4443674683570862,0.157625675201416,-0.6233783960342407,0.1977990418672561,-0.6939910650253296,-0.2582651376724243,0.0102615738287568,-0.2509933710098266,-0.385790079832077,0.1677277833223343,-0.4675479829311371,0.3769758343696594,0.3340494334697723,0.0589170567691326,-0.4295046031475067,-0.0234155897051095,-0.379841536283493,0.1281551122665405,0.2171487510204315,0.7272565960884094,0.2176287770271301,-0.0618875958025455,0.1726910173892974,0.4014920890331268,0.1911408603191375,0.1473643630743026,-0.1017887517809867,-0.2969529330730438,0.0840102732181549,0.055018100887537,0.6373216509819031,0.1061175316572189,-0.0175985414534807,1.0461182594299316,-0.3499410450458526,0.2470925748348236,0.49268639087677,0.2864406108856201,-1.7427469491958618,0.0124134626239538,-0.1290074437856674,0.0475340001285076,-0.2400045990943908,0.28074511885643,-0.0035546065773814,0.137170597910881,-0.459278792142868,-0.5403351783752441,0.9039117693901062,0.2878541350364685,-0.0093382988125085,-0.5122708082199097,0.3493413031101227,-0.2350283712148666,0.0298427008092403,-0.4780119359493255,0.2126775383949279,0.4782304167747497,-0.4107668399810791,0.0539882034063339,-0.1659918874502182,-0.537499725818634,-0.083966925740242,0.1677630394697189,0.1615692526102066,0.247225672006607,-0.5302152037620544,0.1380523741245269,0.3138780891895294,0.4008596837520599,0.7858495712280273,0.3039855659008026,-0.0616408102214336,0.0577767044305801,0.4450687170028686,0.1350419074296951,0.4254122972488403,-0.2856252193450928,0.1758316755294799,-0.0475820116698741,0.8534377217292786,0.0125897396355867,0.0911166295409202,-0.0015497871208935,0.1213041767477989,0.2295670956373214,-0.081953153014183,0.3548986315727234,0.1464321017265319,0.0478751249611377,0.1907066702842712,0.5322242379188538,0.5807309746742249,0.1449556350708007,-0.2838995158672333,-0.3661825656890869,0.0364569164812564,-0.321286529302597,-0.6244051456451416,-0.3386206030845642,-0.3438629508018493,-0.1222211271524429,-0.4495676457881927,0.2929139733314514,-0.0296255443245172,-0.5183850526809692,0.0549229495227336,-0.3556650280952453,-0.4252268970012665,0.3321499228477478,-0.0532559305429458,-0.7333111763000488,0.5861435532569885,0.2217282354831695,0.2881442606449127,-0.5338570475578308,-0.6530799865722656,-0.0423921756446361,-0.2733902633190155,-0.3039427995681762,0.1676573008298874,-0.3308295905590057,-0.0540301539003849,0.3473367393016815,-0.0784889757633209,-0.0932381302118301,-0.3437794744968414,-0.2950970530509949,-0.7089868783950806,0.1887605041265487,-0.0504166632890701,0.3232135474681854,0.0219684243202209,0.2221865206956863,0.2203065305948257,0.0448722839355468,-0.2711859345436096,0.0839256197214126,-0.3249978721141815,0.5804333090782166,0.3907267451286316,0.1664255708456039,0.581920862197876,0.4442465603351593,0.2811322212219238,0.5245891809463501,0.0202089324593544,0.0134099787101149,-0.610522449016571,-0.3011751174926758,0.7100160717964172,-0.0379120931029319,0.2432178258895874,-0.107879638671875,-0.0181926805526018,0.6090810298919678,-0.0324829034507274,-0.5741919279098511,0.0005142665468156,0.0738754346966743,-0.1841550320386886,0.262513518333435,0.6575903296470642,0.8228428959846497,-0.0232491437345743,0.0209028869867324,-0.140678659081459,-0.1875307261943817,0.3151618540287018,-0.1306444257497787,-0.1179750114679336,-0.2945268750190735,0.0095409927889704,0.2994397580623626,0.6596575975418091,0.2006724327802658,0.6231606602668762,0.3094731569290161,-0.3437167704105377,0.2674251198768616,0.435273140668869,0.4795292615890503,-0.2945265173912048,-0.2899815738201141,-0.3539811670780182,0.0258303135633468,-0.3896693289279938,-0.0662572011351585,0.6731356978416443,-0.1594995409250259,0.1768974959850311,0.0076765068806707,-0.6110824346542358,-0.6220504641532898,-0.3782775104045868,0.1608152389526367,-0.0992601439356803,0.1433831602334976,0.2025719732046127,-0.0135760903358459,-0.4930251836776733,0.1857774257659912,0.0561464726924896,0.2988999783992767,0.5034912824630737,-0.1536019593477249,-0.0901676565408706,0.0035907886922359,0.0382498726248741,0.0676893964409828,-0.1810710877180099,0.0458883009850978,-0.2628243565559387,-0.4944120943546295,0.0162131208926439,0.1840128451585769,0.2542142868041992,-0.1465330421924591,0.6534149646759033,0.1324674189090728,-0.5132039189338684,-0.565060019493103,-0.237240582704544,-0.2221661806106567,-0.0452727153897285,-0.4980322420597076,-0.0901912376284599,0.0443757846951484,0.3667648136615753,0.0876772403717041,0.2802462577819824,-0.3576146960258484,0.0792291760444641,0.2387515604496002,0.6340348720550537,-0.1300701349973678,0.2300144582986831,-0.1985842436552047,0.0217490531504154,0.0881654992699623,0.0755990594625473,0.0594925098121166,-0.1432090848684311,-0.536220908164978,-0.6978509426116943,-0.3783296048641205,-0.1789586842060089,-1.0786592960357666,0.5394381880760193,0.1386258453130722,0.2410538047552108,-0.4676302969455719,-0.4629960358142853,-0.147763043642044,0.3010770082473755,-0.115580216050148,0.4248737096786499,-0.2177674025297165,-0.5781479477882385,-0.0497000403702259,0.1251947283744812,-0.6601473689079285,0.9405031204223632,0.2545405626296997,-0.4916508197784424,-0.3954956829547882,0.387395292520523,0.1958344131708145,-0.2218459993600845,0.1072808057069778,-0.1325920820236206,-0.5393648147583008,0.1550326347351074,-0.3469339609146118,0.3210111856460571,-0.1543601602315902,-3.526743239490315e-05,-0.1246603056788444,0.5851903557777405,0.3443279862403869,0.2443006783723831,0.0775589197874069,-0.2279006391763687,-0.2089708745479583,-0.2480691522359848,0.3257020711898803,0.1407943069934845,0.3850536048412323,-0.1766823679208755,0.3162503838539123,0.5831259489059448,-0.8466090559959412,0.0867414474487304,0.7604172825813293,0.4110320210456848,0.444315493106842,-0.1525647640228271,0.03209038823843,-0.8170374035835266,0.1355699896812439,0.1418216824531555,-0.0172215569764375,0.4570207893848419,-0.0356507040560245,-0.1375111788511276,-0.4097650349140167,-0.0168074183166027,0.4003950655460357,0.1728287488222122,0.0364892520010471,0.4355419874191284,-0.1556229144334793,0.5133227705955505,0.3383309543132782,-0.2615169286727905,-0.3602937161922455,0.0543467439711093,0.4090258181095123,0.7752847075462341,0.1817598491907119,0.3601688146591186,-0.7150218486785889,-0.6305393576622009,0.3012827634811401,0.0831094086170196,0.3051785230636596,0.5014293193817139,-0.2748686373233795,-0.0627902820706367,0.6112644672393799,0.2978948354721069,-0.0707817524671554,-0.3294468224048614,-0.4165408909320831,-0.1707163900136947,-0.2366679608821869,-0.5008911490440369,0.2017518132925033,0.0845913216471672,-0.0467947907745838,0.2117699682712555,0.0154199143871665,0.0983888357877731,0.5822260975837708,0.0028719732072204,-0.305047333240509,0.2047902196645736,0.0614336542785167,-0.0901422724127769,0.0808300226926803,-0.2235193252563476,-0.2465935945510864,-0.0241717658936977,0.2415190041065216,-0.1573673337697982,0.2025086134672165,0.0340979881584644,0.1619161665439605,0.3305917084217071,-0.4448821544647217,-0.1901049017906189,-0.314644455909729,-0.3174638450145721,-0.1307286322116851,-0.6577920317649841,-0.3597747385501861,-0.0309588555246591,-0.0471150875091552,-0.1592544317245483,-0.05937360227108,-0.4678713381290436,-0.2325161099433899,-0.4492211043834686,0.2522855401039123,-0.1734455525875091,-0.8417651653289795,0.3823029398918152,0.2627186775207519,-0.1252967417240142,-1.1999207735061646,0.247536301612854,0.1704616248607635,0.2441152334213256,0.1721053123474121,0.704698920249939,-0.3422385454177856,-0.2607019543647766,0.0875810459256172,-0.2855316996574402,0.2547450661659241,-10.516351699829102,0.1059780791401863,-0.4225786030292511,-0.3998930752277374,-0.3504877388477325,0.3931498527526855,0.6256321668624878,0.5662823915481567,-0.1955859363079071,0.1214233934879303,-0.0340548641979694,0.0915949419140815,-0.0144770285114645,0.6837878823280334,-0.5207838416099548,-0.3065536618232727,-0.2305571138858795,-0.0215277168899774,-0.0403221026062965,-0.2391912043094635,0.1143146902322769,-0.284472644329071,0.5086359977722168,0.7366798520088196,0.5462241768836975,-0.4084236323833465,-0.2611879706382751,0.0024734144099056,-0.2027534991502761,0.5919749736785889,-0.6013648509979248,0.5325713157653809,0.0364352501928806,0.3010843992233276,-0.1525362879037857,0.2529691159725189,-0.4028312265872955,0.6683297157287598,-0.0390014834702014,0.4041423201560974,0.3153025507926941,0.4241274297237396,-0.025679500773549,-0.0304168835282325,0.1748992651700973,0.2391737103462219,0.469064712524414,0.0111696710810065,0.5418323874473572,-0.2422156333923339,-0.1271032989025116,0.1338433921337127,0.0682288780808448,-0.0943486765027046,0.4556112885475158,-0.0305458642542362,0.6394035816192627,-0.6745585203170776,-0.031642060726881,0.0643760710954666,0.3380284905433655,-0.0773757696151733,0.3833673596382141,0.444365918636322,0.30074143409729,0.4105566740036011,0.5217416882514954,0.3653739690780639,-0.9130431413650512,-0.2377991825342178,0.1625676453113556,0.471616268157959,-0.0950486809015274,0.3251329064369201,-0.2567318379878998,0.3133965134620666,0.3614666759967804,-0.2959363758563995,0.0550640672445297,-0.0280053783208131,0.2839506864547729,-0.3029759228229522,0.0833558365702629,0.2407184094190597,-0.621874213218689,0.0487202405929565,-0.0832330659031868,-0.04812478646636,0.259869247674942,-0.4461257457733154,0.2382365614175796,0.0838035121560096,-0.5344372987747192,0.5065318942070007,0.4480125904083252,0.0181824807077646,-0.121032990515232,0.2265196144580841,0.4854059219360351,-0.0247120037674903,0
0.7160406708717346,0.5496041178703308,1.0600578784942627,-0.4431724548339844,0.0448430813848972,0.3219568729400635,0.2715650498867035,0.0062799644656479,-0.6299976110458374,-0.2329137921333313,0.5505568981170654,-0.5564342141151428,-0.2968236804008484,-0.1863660514354705,0.32614865899086,0.0199595429003238,-0.1589935719966888,-0.4174444079399109,0.3077236413955688,-0.4441926181316376,-1.435692310333252,-0.5543021559715271,-0.1952914595603943,0.1669474244117736,-0.3150492012500763,-0.4724974632263183,0.2600679993629455,0.0922654122114181,0.3445742428302765,-0.343114972114563,-0.6205287575721741,-0.1694863736629486,0.0276246853172779,0.1345271468162536,-0.5564649701118469,0.5066118240356445,0.0104094464331865,-0.3863275647163391,0.7529186010360718,0.190581202507019,-0.0434430949389934,-0.0062533719465136,-0.1106757670640945,-0.0010885586962103,-0.2329510599374771,0.1116471886634826,0.1652374267578125,0.3185009360313415,-0.0247206445783376,-0.4215655922889709,-0.8240092396736145,0.5963747501373291,0.3773230612277984,-0.0269231144338846,0.1930460333824157,-0.2094836086034774,0.954737663269043,-1.0668796300888062,0.130802184343338,0.3891322314739227,-0.6298655867576599,-0.3246212005615234,0.4780248403549194,-0.1246212720870971,-0.186718076467514,0.2396682798862457,0.023499870672822,-0.0045924559235572,0.492657870054245,-0.536670446395874,0.445383220911026,0.137165293097496,-0.1062554866075515,-0.7000160217285156,0.588559627532959,-0.2727632224559784,0.112935334444046,0.3397274315357208,0.1951669007539749,0.0292498487979173,0.1833639442920684,0.1893945634365081,0.1850089281797409,-0.4678379893302917,-0.4566177427768707,0.1382855623960495,-0.7634050250053406,-1.0278390645980835,0.5832114815711975,-0.3624027371406555,0.033557940274477,0.273272693157196,0.3222914934158325,-0.1099065691232681,0.4741979241371155,0.2392270714044571,0.0166855566203594,-0.0043402756564319,-0.3339742422103882,0.031827837228775,-0.3185054659843445,0.0691365972161293,0.1393540650606155,-0.4681010246276855,0.1093716472387313,-0.1714517027139663,-0.3932948112487793,0.5831077694892883,0.3211843073368072,0.2408215552568435,-0.3932655453681946,-0.3886343240737915,-0.544151246547699,-0.2606160640716553,0.48261159658432,0.0443647839128971,-0.5017679333686829,0.6238043904304504,-0.3327780663967132,0.5301656126976013,0.1648320406675338,0.3450007140636444,-0.046100802719593,-0.4880585074424743,-0.1340521574020385,0.6939308643341064,0.2395305931568145,-0.0871166661381721,0.2279672026634216,-0.1759323179721832,-0.1812437176704406,-0.7236559987068176,-0.0606303624808788,-0.1284232586622238,-0.4148086905479431,0.7964227795600891,0.3081644177436828,0.0459326207637786,0.2721553444862366,-0.5111276507377625,-0.5176360011100769,-0.2339594066143036,0.4802360832691192,-0.6775243282318115,0.1863149553537368,0.4573135673999786,-0.3242950141429901,-0.2710474133491516,0.719058096408844,0.344485729932785,-0.0405073091387748,1.221623778343201,-0.5083168148994446,-0.0042150439694523,-0.1091043278574943,0.5945374369621277,-0.7333052158355713,0.3256069421768188,0.537666380405426,0.4378291070461273,0.7361007332801819,-0.0103426575660705,0.0524857640266418,0.4433907568454742,0.0224078278988599,0.2883355915546417,0.1595441699028015,-0.4797025620937347,-0.3036799728870392,0.4212587773799896,0.1494921743869781,0.548896074295044,0.3409509360790252,-0.0871381014585495,-0.3950188457965851,0.1619779616594314,0.8203318119049072,-0.1802835911512375,0.2675783336162567,-0.7529749870300293,-0.2787104547023773,0.1595818102359771,0.562970757484436,-0.6086323857307434,0.4922395646572113,-0.0607765987515449,0.0525845624506473,-0.1430233120918274,-0.1919663548469543,0.0997748300433158,-0.3555605113506317,-0.5002982020378113,0.5069612860679626,-0.5319347977638245,-0.3023192584514618,-0.4192430675029754,0.3326950073242187,0.1380854696035385,-0.4933838248252868,0.6112861037254333,0.3284007012844085,0.1616570353507995,-0.1621584892272949,-0.5787858963012695,-0.9845398664474488,-0.0654933899641037,-0.0381376333534717,0.2911118865013122,0.2583819925785064,0.3827478885650635,-0.5706953406333923,0.0709239393472671,0.0739507302641868,0.2867769598960876,0.6943717002868652,0.3660307824611664,-0.2548193037509918,-0.4564126431941986,-0.0378085523843765,-0.0454684756696224,0.1466283947229385,-0.2530595660209656,0.3082716763019562,0.1777791380882263,0.0423457957804203,0.1954853534698486,0.1800612956285476,-0.4829595685005188,-0.4469911456108093,0.4224537014961242,-0.5547980070114136,-0.6095532178878784,-0.2875030934810638,-0.0714776515960693,-0.6480852365493774,-0.5900214314460754,-0.388478547334671,-0.0270618125796318,-0.2967996299266815,0.5098548531532288,-0.22074955701828,-0.3468151390552521,0.4216444194316864,-0.3038881123065948,-0.2978987097740173,0.3927764594554901,-0.0596282370388507,0.0485152229666709,-0.271362692117691,-0.1802142113447189,-0.4851191937923431,-0.550102710723877,-0.1460640579462051,-0.0548247061669826,0.3206359446048736,0.4962250292301178,0.4854024350643158,-0.2992788553237915,0.3813333511352539,-0.3735303878784179,-0.4477134048938751,-0.5849761962890625,-0.1867894977331161,-0.1529820263385772,0.0660977810621261,0.1695452481508255,-0.0759079530835151,-0.3525299727916717,-0.7251498699188232,-0.4507409930229187,0.0721923410892486,-0.0167071856558322,-0.0582984127104282,-0.1752388924360275,0.1764365881681442,0.088075466454029,0.1377533078193664,0.4123290479183197,-0.4051860272884369,-0.0089038852602243,-0.2578047215938568,0.5319944024085999,-0.6913993954658508,0.1426066905260086,0.0091378083452582,0.4740738272666931,-0.6846185922622681,0.0018326811259612,-0.4535423517227173,0.7378843426704407,0.5011321902275085,-0.5561357140541077,0.0602494962513446,-0.1660566180944442,-0.9421035051345824,-0.2076736837625503,0.6045069694519043,-0.0015955511480569,0.4080990850925445,-0.1184548586606979,0.392930656671524,0.4433785676956177,0.8906248211860657,-0.0674004629254341,-0.0112778441980481,-0.3926476240158081,0.1577012240886688,0.18877674639225,0.5445039868354797,-0.1628527790307998,0.2813944816589355,0.5108756422996521,-0.6430280208587646,0.3158159852027893,0.840604305267334,0.4549330472946167,-1.77802836894989,-0.315490573644638,0.509924590587616,0.1881543546915054,-0.3583788871765136,-0.2123126238584518,0.2246962636709213,0.3304974436759949,-0.335794448852539,-0.4867393374443054,1.282496452331543,0.2578581869602203,0.1956936717033386,-0.4181706011295318,0.1126364842057228,-0.0562515445053577,-0.1417088061571121,-0.5214462280273438,0.3383252024650574,0.4104311168193817,-0.7612400054931641,-0.0065445792861282,-0.2192858457565307,-0.3208435773849487,-0.5579304099082947,0.3383762538433075,-0.6222559809684753,-0.0154126929119229,-0.3610038161277771,-0.1238558292388916,0.0644548162817955,1.1989210844039917,0.8737666010856628,0.1136054247617721,-0.7855727672576904,-0.187774196267128,-0.0542365722358226,-0.3299339711666107,0.1715893447399139,-0.0471077673137187,-0.1403587460517883,-0.1254177391529083,0.349879503250122,0.1097924038767814,0.1692365705966949,-0.0903558135032653,-0.6123674511909485,-0.1054280996322631,-0.1606510132551193,0.7271825075149536,0.9391486644744872,0.14202481508255,-0.0107327075675129,0.541143000125885,0.9442161917686462,0.3771333396434784,0.1176036745309829,-0.6484299302101135,-0.3322542309761047,-0.4627679288387298,0.0766859427094459,-0.2493514865636825,-0.4175941050052643,0.5562111735343933,-0.149287611246109,0.0368744879961013,0.1740822345018386,-0.8228632807731628,0.4122907519340515,-0.5090331435203552,-0.2347524166107177,-0.2065445333719253,-0.1703664511442184,-0.4299764633178711,0.7415841221809387,0.2431784123182296,0.3587514758110046,-0.3153972923755646,-0.9576084613800048,0.662799596786499,-0.1861715912818908,-0.1347865611314773,0.1952444016933441,0.1569215804338455,-0.0130145577713847,0.1553108692169189,-0.0591698288917541,-0.3216509222984314,-0.8687087297439575,-0.3008919656276703,-0.4204065799713135,-0.0636451244354248,-0.0857962518930435,0.6063085794448853,0.0167367029935121,0.1617683470249176,0.2566567361354828,0.3890993893146515,-0.1402439773082733,-0.2968016266822815,-0.5630148649215698,0.4061540067195892,0.3248182237148285,0.9648025631904602,0.4040554761886596,0.0078669795766472,0.523979902267456,0.0174883659929037,0.0857487842440605,0.1283589303493499,-0.6166248917579651,-0.4257988929748535,0.9454864859580994,-0.4247202277183532,-0.2155346870422363,0.3162325918674469,0.1190092638134956,0.5508721470832825,-0.3955748677253723,-1.002431869506836,0.5232201814651489,-0.32157102227211,0.2513957917690277,1.0220986604690552,0.245553657412529,0.1295281499624252,0.2352876216173172,0.0230562891811132,-0.4232050478458404,-0.2769336402416229,-0.3289223313331604,-0.509810745716095,0.4113638401031494,-0.1826494336128235,0.6000717282295227,0.4723854959011078,0.5991536378860474,-0.0493774935603141,0.3512018322944641,0.2943974733352661,-0.5445080995559692,0.4768691956996918,0.6148988604545593,0.3768306672573089,-0.2980268001556396,0.4510954320430755,-0.4618158936500549,0.0261024199426174,-0.2566526234149933,-0.2924006581306457,1.0113605260849,-0.0366128347814083,0.5851088762283325,-0.7223637104034424,-0.3120304346084595,-0.4959334135055542,-0.4941413402557373,-0.192767396569252,-0.2274348884820938,0.075365774333477,0.2839587926864624,-0.3671100735664367,-0.6587124466896057,0.2883949875831604,0.5989701747894287,0.4797096848487854,-0.0510609298944473,-0.306638240814209,-0.2423850893974304,0.1443103551864624,-0.7134082317352295,-0.5081197619438171,0.575716495513916,0.1336457133293151,-0.3493250012397766,-0.8854405879974365,-0.3180863857269287,-0.1379755288362503,0.1805661469697952,-0.4811800122261047,0.0465103425085544,-0.290102869272232,-0.7400475144386292,-0.273175984621048,-0.4847550988197326,-0.1200441569089889,-0.6421060562133789,-0.3723041415214538,-0.2524562776088714,-0.4793320596218109,0.0046251476742327,0.6948128938674927,0.7403450012207031,-0.4985497891902923,-0.2380929142236709,0.1256924271583557,0.1686508506536483,-0.2385175079107284,0.1640942096710205,-0.3254446983337402,-0.15774767100811,-0.5756934881210327,0.2040051966905594,-0.2761629521846771,-0.0652704909443855,-0.0876909717917442,-0.7345484495162964,-0.4659005403518677,0.0324366055428981,-0.8098662495613098,0.1941544115543365,-0.0571203343570232,0.9315574169158936,-0.5274169445037842,0.1283146440982818,-0.0506936982274055,-0.2374493926763534,-0.5599507689476013,0.5276247262954712,-0.3125468492507934,-1.1585813760757446,0.3610887229442596,0.1456747502088546,-0.4961353838443756,1.2421517372131348,0.209113210439682,-0.6299748420715332,-0.1049925908446312,0.1299864202737808,0.1624376773834228,-0.2304719090461731,0.148638442158699,0.0389331430196762,0.3440857827663421,0.4437224268913269,-0.4375099241733551,0.6193323135375977,-0.0035915866028517,-0.2298985421657562,-0.1354523450136184,0.3424294590950012,0.344156265258789,0.6829055547714233,0.12941475212574,-0.6262499690055847,-0.2232080549001693,-0.325437992811203,-0.0677823722362518,-0.0049347216263413,0.3359613120555877,-0.5255427360534668,0.8923746943473816,0.5958791375160217,-0.5636972188949585,0.3588937222957611,1.2114043235778809,-0.0423423871397972,1.0033893585205078,0.1732223331928253,0.0411442294716835,-0.6278747916221619,0.1510212868452072,0.0785162672400474,0.1135732382535934,-0.0704819783568382,0.0616788268089294,-0.2950425446033478,-0.2071893513202667,0.8606039881706238,-0.121087297797203,-0.3264497816562652,0.0848917290568351,0.2585770785808563,-0.2899852097034454,0.8567606806755066,0.3068051636219024,-0.0136516513302922,-0.1718943417072296,0.3325474560260772,0.6210667490959167,1.231739163398743,-0.4219981729984283,0.3740526735782623,-0.3315471112728119,-0.5471270680427551,0.1436841785907745,0.1501275300979614,-0.086452841758728,0.6012153625488281,-0.6972745656967163,-0.080488696694374,0.7731828093528748,0.2369479686021804,0.0300097912549972,-0.0737051516771316,-0.507893443107605,0.1773186177015304,-0.4614638090133667,-0.1801935732364654,0.0458078272640705,0.3561922907829284,0.7271630764007568,0.4086967706680298,-0.1531369239091873,-0.0661972314119339,0.8011471033096313,-0.0996110737323761,-0.4934886693954468,-0.0796970874071121,-0.1862915009260177,0.0393057391047477,-0.0520649850368499,0.3480192124843597,-0.0210816878825426,-0.2200969457626342,0.696488618850708,-0.226593941450119,0.0158699993044137,-0.2685171365737915,0.3712647557258606,0.1123125925660133,-0.1102825403213501,0.2151762098073959,-0.2132675051689148,0.2190783023834228,-0.0080466317012906,-0.8187978267669678,0.0576216056942939,0.149572268128395,0.0899965018033981,-0.5050914883613586,0.0059439134784042,-0.469350129365921,-0.3574584424495697,-0.1228241100907325,0.1757557243108749,-1.184923768043518,-0.7962396144866943,0.4043115377426147,-0.011384311132133,-0.2222319096326828,-1.394122838973999,0.6045659780502319,0.3704037368297577,-0.0332081988453865,-0.189859390258789,0.2785438597202301,-0.0624178387224674,-0.202721819281578,-0.1569465845823288,-0.201258510351181,0.3423085212707519,-9.881769180297852,0.1127707585692405,0.0250407438725233,-0.6226008534431458,-0.2768200933933258,-0.1419197618961334,1.0979472398757937,0.8698919415473938,-0.1874127089977264,0.4062471985816955,-0.2014871686697006,-0.032834593206644,0.4222115576267242,0.6477712392807007,0.0165358241647481,-0.0757811218500137,-0.2083810418844223,0.1534511595964431,0.1103512644767761,-0.0812371745705604,-0.6076298952102661,-0.3319518268108368,0.7044028043746948,0.2135204225778579,0.3321336805820465,-0.5609503388404846,-0.5385086536407471,0.7213151454925537,0.0239347964525222,0.2181130796670913,-1.00224506855011,0.2961472272872925,0.1261317133903503,0.414044439792633,-0.1122713387012481,0.3906683623790741,0.1047024503350257,0.8875852227210999,-0.0642447471618652,0.1892401129007339,0.1089766845107078,0.4443552494049072,0.0705834999680519,0.0431388765573501,0.3937809765338897,-0.0631690770387649,0.0285484418272972,0.4789966642856598,0.8089115023612976,-0.2491255849599838,-0.4232617020606994,-0.2744500041007995,0.4650739133358001,-0.2509323358535766,0.1578381657600402,-0.0456525050103664,0.6443071961402893,-0.9439181089401244,0.1452423185110092,0.1493725925683975,0.3029784858226776,0.556549608707428,0.6303580403327942,0.7066295146942139,-0.1501513719558715,0.4653829634189605,0.5707411170005798,0.0543890185654163,-1.228846788406372,-0.416785180568695,0.3502748012542724,0.3190977275371551,0.2799139320850372,0.202869564294815,0.1534282565116882,0.3137082159519195,-0.2311029434204101,0.1965452134609222,0.2695147693157196,0.1904399096965789,0.6270903944969177,-0.4208428859710693,0.1835490614175796,0.6611534357070923,-0.5122352838516235,0.3420845568180084,0.2134129106998443,-0.2768934667110443,0.2211164534091949,-0.5829900503158569,0.6009411811828613,0.1985925585031509,-0.5658319592475891,0.4262440502643585,0.4988217055797577,-0.1246670633554458,-0.0260311178863048,0.0708031207323074,0.206412062048912,-0.3707110583782196,0
0.2429837435483932,0.6616470813751221,0.4144341945648193,-0.5313122272491455,0.1043398976325988,0.1102759465575218,0.1062611937522888,-0.2478341162204742,-0.2821229696273803,-0.1260201185941696,0.3784200251102447,0.1037749797105789,-0.10788494348526,-0.294757604598999,0.5367764234542847,-0.928157925605774,0.1167352274060249,0.0656434595584869,-0.1832303702831268,-0.2120799869298935,-0.4948760271072387,-0.4055013060569763,-0.4894960820674896,0.4153940379619598,0.2371083348989486,0.0990686863660812,0.3000172078609466,0.2303175777196884,-0.1508395671844482,-0.4304077327251434,0.1607287675142288,-0.3669348955154419,-0.0078871855512261,-0.2883332073688507,-0.2220017313957214,0.4118724763393402,0.0157045312225818,-0.3442846238613128,0.6697462797164917,0.3244195282459259,0.492513507604599,-0.0104946829378604,-0.1454022377729416,-0.4759864807128906,-0.1838628053665161,-0.025675805285573,0.026679765433073,-0.2451867908239364,-0.145347774028778,0.2870108783245086,-0.0690131187438964,0.1475712805986404,0.2691896855831146,-0.0975613892078399,-0.1410095989704132,-0.2098197638988495,0.4573187530040741,-0.1174774765968322,0.0793971195816993,0.1471655964851379,-0.6074702143669128,-0.0248136818408966,-0.2856194376945495,0.2636463046073913,-0.1505414545536041,0.2051240503787994,0.1775323301553726,-0.1433065384626388,-0.0035859446506947,0.1596288084983825,-0.0907938554883003,0.2541209459304809,-0.4107077419757843,0.0826245546340942,0.4377497136592865,0.1316197663545608,0.1347358673810959,-0.6244744658470154,0.205821231007576,0.193708449602127,-0.1448723077774047,0.6121870279312134,-0.1083380207419395,-0.923694670200348,-0.3283492922782898,0.4229500889778137,-0.855821430683136,-0.6492044925689697,0.7465376257896423,0.1914977729320526,0.3263177573680877,-0.1214522197842598,0.1692380011081695,0.051663763821125,0.4650666713714599,0.0560071654617786,0.1095112487673759,0.000639735138975,0.0553719326853752,0.4078894555568695,-0.5672503709793091,-0.1987964212894439,0.2265511900186538,0.0204362273216247,-0.2532869279384613,0.102281630039215,-0.1485786437988281,0.2984353899955749,0.5234402418136597,0.1864424645900726,0.0229677036404609,-0.5233455300331116,-1.037511110305786,-0.0380867198109626,-0.5107100009918213,-0.0620136447250843,-0.146765798330307,0.2129094898700714,-0.0059054959565401,0.958530604839325,0.1520959734916687,0.6953815221786499,-0.2734029293060303,-0.4183167219161987,-0.6107425689697266,-0.0333437174558639,0.2114969491958618,-0.0050072912126779,0.2974022030830383,-0.5956506133079529,-0.1555178463459015,-0.3459401130676269,-0.4776040613651275,0.1496871560811996,-0.2893439829349518,1.3273342847824097,-0.2777860164642334,-0.3315542042255401,-0.1166881397366523,-0.7165441513061523,-0.3890847563743591,0.2689749002456665,0.4938358068466186,-0.3202112317085266,-0.355864554643631,0.2386700063943863,0.2283650189638137,-0.1370262056589126,0.3486682474613189,0.2297505736351013,0.070768654346466,0.7893009781837463,-0.4187586605548858,0.2134864628314972,-0.0380802862346172,-0.2275033444166183,-0.4241217076778412,0.8129070401191711,-0.0552768632769584,0.1299701780080795,0.4829398691654205,-0.3331312537193298,0.0883076786994934,0.6621437072753906,0.192182183265686,0.3532751500606537,0.5633125305175781,0.0806767791509628,0.5191296339035034,0.84903883934021,0.1574263125658035,0.1920378357172012,0.2674828171730041,-0.0119606144726276,-0.0179694071412086,0.3758255541324615,0.1096233204007148,-0.1509265750646591,0.0598473697900772,-0.6680653095245361,0.0179712958633899,-0.4222248792648315,0.2690566480159759,-0.6090359687805176,0.4296282827854156,0.1820018142461776,0.2575974762439728,-0.0080163571983575,0.2309181541204452,0.2193805873394012,0.0711452215909957,-0.1978735029697418,0.3086549341678619,-0.305957019329071,-0.2482561767101287,-0.040400955826044,-0.1866161823272705,-0.1047106832265853,-0.3690989017486572,0.6217343211174011,-0.0149576058611273,0.0208998396992683,0.1553537398576736,-1.0083690881729126,-0.6598727703094482,-0.0307220090180635,0.0740824490785598,0.2435399740934372,0.2011950463056564,0.4041383564472198,-0.3810803890228271,0.3071947991847992,0.2138439565896988,0.2134152352809906,0.7393538355827332,0.124230146408081,-0.4999823570251465,-0.6200705170631409,0.6957839727401733,-0.4209252595901489,0.2966658174991607,0.287886381149292,0.1154162883758544,-0.3496742844581604,-0.5425217747688293,0.3033263981342315,0.6870912313461304,-0.1928041577339172,0.2805252969264984,0.786598801612854,-0.2743557393550873,-0.7091795206069946,-0.755965530872345,0.4028015732765198,-0.5773530602455139,-0.0032976644579321,-0.1895332485437393,0.3897786438465118,0.103490449488163,0.4466934204101562,-0.2233365625143051,0.0843053236603736,0.1237956285476684,0.0208829268813133,-0.295165866613388,0.1247735247015953,-0.2412090301513672,-0.6967189311981201,-0.2191511392593383,-0.5633196234703064,-0.7809281349182129,0.2351743131875991,-0.0793177708983421,-0.6614803075790405,0.7603803873062134,-0.1348340362310409,0.1946591436862945,0.3506882488727569,0.6989926099777222,-0.2840446829795837,-0.9344939589500428,-0.6188869476318359,-0.109934501349926,-0.2047150284051895,-0.2345944344997406,0.2682673633098602,0.1313077062368393,-0.2012358456850052,-0.9308447241783142,-0.3641413450241089,0.5580544471740723,-0.4756347835063934,-0.2437719404697418,-0.0948891788721084,-0.5024368166923523,-0.1324057281017303,0.0524689331650733,0.6777330636978149,-0.5296950340270996,0.4793498516082763,-0.6652148962020874,0.2199455201625824,-0.9174380898475648,-0.3692097067832947,0.2431943714618683,-0.2337118685245514,-0.2766892313957214,-0.6346429586410522,-0.2657560408115387,0.0116315418854355,0.1325128227472305,-1.0660030841827393,-0.1120108589529991,-0.0864522457122802,-0.2063036113977432,0.5902285575866699,0.2407087236642837,0.3161251246929168,-0.2273279726505279,0.0248950850218534,0.1730425208806991,0.0993838012218475,0.4278195202350616,-0.1964274644851684,-0.2368857413530349,0.0010892205173149,-0.0591033622622489,-0.3960906863212585,0.5078621506690979,-0.163101851940155,0.2188931852579116,0.4486396014690399,-0.5537123680114746,-0.0463178567588329,1.2444818019866943,0.3487429320812225,-1.5020153522491455,0.5995408296585083,0.2303229719400406,0.4922672510147095,-0.0242355950176715,0.8289330005645752,0.1658795326948166,0.2400076240301132,-0.1751780658960342,-0.4951502084732055,0.8983199000358582,0.5475347638130188,-0.3157324492931366,0.4954361021518707,0.7171089053153992,-0.2827208042144775,0.3410134017467499,-0.6121780872344971,0.0275671202689409,0.3620475828647613,-0.1288771480321884,0.0586671493947505,-0.3593015968799591,-0.4158864617347717,-0.3234583139419555,0.2186788320541381,-0.054381426423788,0.3666248917579651,-0.6259625554084778,-0.3300541043281555,0.0359206236898899,0.905072808265686,0.7259753346443176,0.6455700397491455,-0.8034408688545227,-0.3687601089477539,0.3280030786991119,0.3391102850437164,-0.1116150394082069,-0.0498237125575542,0.3112061023712158,-0.6004527807235718,0.7444670796394348,0.004943897947669,-0.2737416625022888,0.4370934069156647,0.2138765752315521,-0.1150262430310249,-0.1550572216510772,0.3714747726917267,0.5801296234130859,0.0133970277383923,0.3824444711208343,0.1665427237749099,0.5571229457855225,0.0155771458521485,-0.3926637768745422,-0.2148728370666504,0.5078781247138977,-0.6612591743469238,-0.1466124355792999,-0.0399776212871074,-0.4440430402755737,0.3932904601097107,0.0550920702517032,0.1107166036963462,-0.4616883993148803,-0.0968769788742065,-0.3807919919490814,-0.3492355346679687,-0.7859245538711548,0.1585797220468521,-0.102816417813301,0.1691825091838836,0.0684942007064819,0.0590056367218494,0.6421015858650208,-0.3890002369880676,-0.694823145866394,0.49764084815979,-0.2100668847560882,0.616585910320282,0.1529806107282638,0.3491581380367279,-0.0853445529937744,0.5202713012695312,0.0830933153629303,-0.3337989449501037,-0.9165831804275512,-0.016295026987791,-0.7332712411880493,0.042853370308876,-0.1878782957792282,0.6519651412963867,-0.1901039034128189,0.1041358187794685,-0.2169331759214401,-0.1172236055135726,-0.6708835959434509,-0.4083777666091919,-0.0215285513550043,0.4125701189041137,0.1186963841319084,0.2391372174024582,0.0760342478752136,0.2227817773818969,-0.1969287544488906,-0.1205940619111061,0.2048063576221466,-0.2838293313980102,-0.2153407633304596,-0.3133227825164795,0.3032082021236419,0.2229405045509338,0.1993780732154846,0.1405640542507171,0.1348936557769775,0.9171162843704224,-0.0040773986838757,-0.5683957934379578,-0.202481135725975,0.0748540014028549,-0.5582358837127686,0.6207622289657593,0.603394627571106,0.3168795704841614,-0.2125132828950882,-0.0288510210812091,0.3115122616291046,0.2210391759872436,0.2493517100811004,-0.2543894052505493,-0.0992610976099968,-0.1656071990728378,0.6284988522529602,1.0713316202163696,0.2836301922798157,-0.1074520945549011,0.0900056660175323,0.4166778028011322,-0.3198823630809784,0.2921349704265594,-0.0971302092075347,-0.2276584059000015,-0.1310792714357376,0.1182970181107521,-0.0538550391793251,-0.6497675776481628,-0.0252242423593997,-0.2644214630126953,0.0595304928719997,0.1227905079722404,-0.0516981892287731,0.1294545233249664,-0.2900190353393554,-0.094262309372425,-0.1633104383945465,-0.1553844809532165,-0.4451681971549988,-0.0710231885313987,0.4448330998420715,0.2612958550453186,-0.5230633616447449,-0.1095476970076561,-0.5029499530792236,0.2451343834400177,0.2199645638465881,-0.973588764667511,-0.0070733963511884,0.4774846136569977,-0.4497261941432953,0.3073701560497284,0.7928303480148315,0.0182920433580875,-0.1018890142440795,-0.6858155727386475,-0.1857819855213165,0.0109096784144639,0.1317808181047439,-0.6567697525024414,0.8301150798797607,0.1016561090946197,-0.5717026591300964,-0.1149327009916305,-0.2627092003822326,0.034024178981781,0.0031094052828848,-0.3713329434394836,-0.3024531900882721,0.1304530352354049,-0.0712276026606559,0.3358756899833679,0.3019727170467376,-0.3836082518100738,0.5502412915229797,0.476828396320343,-0.1813965141773224,-0.2056408822536468,0.1381787955760955,0.1300579309463501,-0.2510866522789001,-0.490662008523941,0.5847228169441223,0.0990990921854972,0.4542977511882782,-0.5019312500953674,-0.4525839984416961,-0.9553918242454528,-0.3081034123897552,-0.4120027124881744,1.0101089477539062,0.106171153485775,0.5920789241790771,-0.5466233491897583,0.0369764156639575,-0.2334018349647522,-0.4807859659194946,0.0340243764221668,-0.00066391605651,0.1705408543348312,-0.5426018834114075,0.0597610399127006,-0.0566765144467353,-0.5716797709465027,0.5897325873374939,0.2156503498554229,-0.5519767999649048,0.214102029800415,0.3325624465942383,0.4883544743061065,-0.3271539509296417,-0.004443631041795,0.028824022039771,-0.4150506258010864,0.4931075572967529,0.598717451095581,-0.0168216433376073,0.0082954056560993,-0.4523566663265228,0.1862673312425613,0.4561715424060821,0.0995494574308395,0.5674883723258972,-0.1299070566892624,0.3055258095264435,-0.393447607755661,-0.5910243988037109,-0.1656953394412994,0.5245293974876404,-0.0361129119992256,-0.2305850982666015,0.520514965057373,0.812446653842926,-0.4471359252929687,-0.2025977224111557,0.5878554582595825,0.5430659055709839,0.5173218250274658,-0.1239184811711311,-0.0395412445068359,-0.1178594082593917,0.3187896609306335,0.1799277663230896,0.0406401194632053,0.0795059874653816,-0.3792600333690643,0.1649370342493057,0.0250375401228666,-0.0221073124557733,0.0572055093944072,-0.1905837059020996,-0.2511022388935089,-0.0188268590718507,-0.090795986354351,0.9667328000068665,-0.0944556295871734,-0.0823743417859077,-0.1619880199432373,0.0251872967928648,0.7463778853416443,0.3581504225730896,0.5912224054336548,-0.2392962276935577,-0.158086210489273,-1.1010819673538208,0.1275637000799179,0.313126653432846,0.2486414015293121,0.4778515994548797,-0.5838837027549744,-0.4259118437767029,0.1567355543375015,-0.0280694551765918,0.2171958833932876,-0.3518778383731842,-0.3050165474414825,-0.0396391414105892,-0.1147433742880821,-0.6355258226394653,0.1865203827619552,0.0695757940411567,0.2216122150421142,-0.2658445537090301,-0.1083803921937942,0.0552495196461677,0.7241560816764832,0.0491474531590938,-0.1668150871992111,0.4289432168006897,-0.5209513902664185,-0.3094995319843292,-0.2502380311489105,0.4035990536212921,-0.1378433555364608,-0.2864646017551422,-0.1820030808448791,-0.2839915752410888,-0.1860846579074859,0.1142166927456855,0.7544969916343689,0.3308906853199005,-0.4474155604839325,-0.2436137497425079,-0.6800034046173096,0.1107430011034011,-0.0449113100767135,-0.2781331539154053,-0.1667873561382293,0.0878268927335739,0.1511742919683456,-0.0381850898265838,-0.4347122609615326,-0.9467491507530212,0.2705251574516296,0.0103676039725542,-0.0074499985203146,-0.5324368476867676,-0.2000237107276916,0.1846408545970916,-0.1127865463495254,-0.0611799508333206,-1.416852951049805,0.2163655906915664,0.2854018211364746,0.474258691072464,-0.5205056667327881,-0.1401354521512985,-0.3134582340717315,0.079124741256237,-0.0675518810749054,-0.3643983602523803,0.2236636132001876,-10.126229286193848,-0.5954090356826782,-0.2013663649559021,0.1831450760364532,-0.6076692938804626,-0.0956417769193649,0.7921034097671509,0.413495659828186,-0.7086025476455688,0.2050848752260208,0.0776176750659942,-0.0283153001219034,0.3393615484237671,0.749784529209137,-0.4074761271476745,0.0213155783712863,-0.1998467445373535,0.0702861994504928,0.0554596148431301,0.2280466705560684,-0.0689334645867347,-0.4802581667900085,0.7317725419998169,0.0283301267772912,-0.0139087084680795,-0.2485344260931015,-0.0482468679547309,-0.0003126022929791,-0.2205953449010849,0.558956503868103,-0.9520581364631652,0.6147222518920898,0.0145301884040236,0.0522126071155071,-0.5024722814559937,-0.1647526025772094,0.0200219843536615,0.3842663764953613,-0.5653843879699707,0.1704603135585785,-0.1715089976787567,0.7515622973442078,-0.0378189496695995,0.3845742642879486,0.2855170965194702,0.2306790500879287,0.3776623606681824,0.3391391634941101,0.4178454279899597,-0.1351577639579773,0.1267131716012954,-0.8318745493888855,0.7936612963676453,-0.3537940979003906,0.0752086713910102,0.0817460492253303,0.5929507613182068,-0.4896476566791534,0.2425201833248138,0.0449772663414478,0.5130683183670044,0.2265548110008239,0.5212042927742004,0.771906316280365,-0.0512834563851356,0.0863157957792282,0.1183015257120132,0.1627729535102844,-0.6374534368515015,-0.1275700479745865,0.4738827049732208,0.3821472823619842,-0.1575829535722732,0.3601088225841522,-0.1020923852920532,0.0407757274806499,0.1951898038387298,0.284396082162857,0.6152212619781494,-0.1505789905786514,0.5937989950180054,-0.6158877611160278,0.3322451710700989,0.316054105758667,-0.8139500021934509,0.3925434052944183,-0.1298147588968277,0.0886130779981613,0.3968512415885925,-0.6393334865570068,0.7390257716178894,0.8232161402702332,-0.4749906957149505,0.1071046143770217,0.4608772695064544,-0.3346630036830902,0.1829065084457397,-0.0594441927969455,0.5927159786224365,-0.0158273372799158,1
-0.0299661550670862,0.2355797737836837,0.216267853975296,-0.4623011648654938,0.1465029567480087,0.1590572595596313,0.4888431429862976,0.0343817882239818,0.2314295917749405,-0.4759552180767059,0.9655014276504515,0.1445874869823455,-0.3044161796569824,0.2189700305461883,0.576633870601654,-0.0743149146437645,0.1229664981365203,-0.2058374583721161,0.3064872324466705,-0.6469168663024902,-0.4757871031761169,-0.4265144169330597,-0.3738117814064026,0.030898455530405,0.0109216663986444,-0.2931042015552521,-0.3614349067211151,-0.0565030053257942,0.0321628078818321,-0.3505898118019104,-0.199837788939476,-0.4792525172233581,-0.0199252478778362,0.0612472258508205,-0.1204092502593994,0.6159122586250305,0.1486607640981674,-0.0746806189417839,-0.2119930386543274,-0.2977423369884491,0.1133873462677002,-0.1358265876770019,-0.6363552808761597,-0.4453445672988891,-0.0216307081282138,0.6858723163604736,0.2617878913879394,0.103010170161724,0.2791837751865387,0.0458381362259388,-0.3350329399108886,0.0532670803368091,0.1205242276191711,-0.1077892631292343,-0.140848159790039,0.2162220776081085,0.2499522119760513,-0.2180299013853073,0.1128206253051757,0.0573501959443092,-0.0749453455209732,-0.190446987748146,0.1855106949806213,-0.2764393389225006,-0.1089432686567306,-0.289292573928833,-0.0018514724215492,-0.1425076127052307,0.0378167368471622,-0.5242213010787964,0.1774463355541229,0.0551392175257205,0.1343036741018295,-0.2229597717523574,0.5375440120697021,-0.6022578477859497,0.1935707926750183,-0.0520524643361568,0.509709894657135,-0.1051743850111961,-0.0881144702434539,0.3530352711677551,-0.1232519596815109,-1.0264198780059814,0.2464129030704498,0.0685964822769165,-0.4199430048465729,-0.6873281002044678,0.4393539726734161,-0.2583076059818268,0.1436595320701599,-0.1167098507285118,0.1215236559510231,0.2037247866392135,-0.1739794462919235,-0.3899840414524078,0.1050542965531349,-0.4063800871372223,-0.0228427778929471,0.0906861573457717,-0.1991038173437118,-0.1664947420358657,0.2539658844470978,-0.08316221088171,-0.2956099510192871,0.0766281485557556,-0.1890882402658462,0.2165932804346084,-0.010529525578022,0.1928633153438568,-0.2466240525245666,-0.7365819215774536,-0.6684548854827881,0.1535235941410064,0.1628547310829162,0.0169706754386425,-0.4629513621330261,0.3333367109298706,-0.292251855134964,0.3582746684551239,0.3380059599876404,0.4424749612808227,-0.2912670373916626,-0.3035025596618652,-0.3535375595092773,0.3237355351448059,0.2829291224479675,-0.0915389433503151,-0.1753126233816146,-0.467682272195816,0.1643853634595871,0.1346490383148193,-0.4423128366470337,0.0967956036329269,-0.139187291264534,0.6486086249351501,-0.0397078618407249,-0.1598468124866485,-0.2538869678974151,-0.638386070728302,0.0789156705141067,-0.0854528099298477,0.2547546029090881,0.0989833548665046,-0.3243342041969299,0.1430806070566177,-0.2329152375459671,-0.3564623296260834,0.1027843877673149,0.2768904864788055,-0.3188938796520233,0.8764433860778809,-0.2851174473762512,0.0630542263388633,0.5699432492256165,0.3915766179561615,-0.3984412252902984,0.2929694354534149,0.2510489225387573,0.3469375669956207,0.4383452832698822,-0.2636390924453735,0.1758026182651519,0.6372343897819519,0.0620617568492889,0.48999685049057,0.2634426057338714,0.1884945780038833,0.1005852743983268,0.5908862948417664,0.5550056099891663,0.733949601650238,0.3010013103485107,-0.3433351516723633,0.0500806532800197,0.2688963413238525,0.4469868540763855,0.2316191047430038,0.3136959075927734,-0.5935907363891602,-0.0061111184768378,-0.2248520404100418,0.0215833894908428,-0.0638685598969459,0.2728357315063476,-0.3050146400928497,-0.1886419057846069,0.0410682037472724,-0.1337005794048309,-0.1175947338342666,0.1645332723855972,-0.3792347908020019,-0.0136827323585748,-0.4534050524234772,-0.1512115150690078,-0.7354983687400818,0.2089379280805587,-0.201926901936531,-0.195111408829689,0.6643656492233276,-0.0806749388575553,0.1936513036489486,-0.1682331562042236,-0.5786277055740356,-0.8636887669563293,-0.5785698294639587,-0.1077366322278976,0.7041559219360352,0.5881813168525696,-0.074565976858139,0.1790602207183838,0.5251115560531616,0.2506594061851501,0.4124622941017151,0.1574108302593231,0.3484959602355957,-0.3538091480731964,-0.4027343988418579,0.5561660528182983,-0.0032326912041753,-0.050000574439764,-0.0567764267325401,0.539637565612793,0.2047712653875351,-0.2075197547674179,0.501338005065918,0.2387416064739227,0.1707339286804199,0.0699376761913299,0.7663633823394775,0.0118161113932728,-0.5861421823501587,-0.8611670136451721,-0.1384404450654983,-0.6185033917427063,0.2196169197559356,-0.4590725898742676,0.619849443435669,-0.004469471052289,0.2171162962913513,0.3878980875015259,-0.2124979943037033,0.1408550590276718,-0.7155495882034302,-0.268750786781311,-0.0620127320289611,0.0147290946915745,-0.0814034938812255,-0.1755184531211853,0.2299305945634842,-0.6103234887123108,-0.6310575008392334,0.1718595325946808,-0.4531665742397308,0.7357653379440308,0.2593086063861847,0.1987525820732116,-0.1235239952802658,0.3813154399394989,0.0503578297793865,-0.1351619958877563,-0.76896733045578,0.3926174342632293,-0.0643246844410896,-0.420342355966568,-0.0233181565999984,-0.0891819521784782,-0.5954908728599548,-0.4393798112869262,-0.3947541415691376,-0.1844253838062286,-0.3759275674819946,-0.5307303667068481,0.209036111831665,-0.1575206518173217,0.0715329423546791,-0.1290616989135742,0.4829116761684418,-0.435601532459259,0.2915761172771454,-0.7298199534416199,0.3351056575775146,-0.6409491896629333,-0.0948633402585983,-0.0631974413990974,-0.3413468897342682,-0.4442508518695831,-0.3955142498016357,-0.138266921043396,0.5761252641677856,0.2624053657054901,-0.1727059036493301,-0.5694354176521301,0.1490887403488159,-0.2580437660217285,0.1368192285299301,0.4621648490428924,0.1363303512334823,-0.0016341850860044,0.3118806183338165,0.4157231152057647,-0.1283486783504486,0.0241879075765609,-0.1079807430505752,-0.0169175192713737,-0.8130832314491272,-0.0653277188539505,-0.174520656466484,0.3462107479572296,-0.3703004121780395,-0.186801478266716,0.6856415867805481,-0.4231734573841095,0.5928168892860413,0.1722813844680786,0.2522653937339782,-1.4458192586898804,0.3850231170654297,0.1902194321155548,0.2978443503379822,0.0877886041998863,0.145401656627655,0.1110279932618141,-0.0574938990175724,-0.6784340143203735,-0.7602683305740356,0.7410281896591187,0.4468783140182495,-0.2336687594652176,0.2003991454839706,0.4540141224861145,-0.1062330156564712,0.2083266228437423,-0.2769695520401001,-0.3360543847084045,0.3228040635585785,0.4577924609184265,-0.0467718914151191,0.0027676047757267,-0.4149630069732666,-0.6250078082084656,0.5216419696807861,0.1651156842708587,-0.0309191048145294,-0.805808424949646,-0.0320819281041622,0.5924155712127686,0.8439977765083313,0.392516553401947,0.6698557138442993,0.2775563299655914,-0.3474680781364441,0.5768970847129822,0.5228627920150757,0.4868215918540954,0.03578532487154,0.1690186113119125,-0.3014212846755981,0.4699837863445282,0.2595841586589813,-0.1956651657819748,-0.0530209802091121,0.3263609707355499,0.386536180973053,-0.4391086101531982,-0.0086375335231423,0.6735122799873352,-0.0543981790542602,0.3627974390983581,0.5088064670562744,0.8520067930221558,0.0919913947582244,-0.1247157827019691,-0.4458746612071991,0.0389481149613857,-0.4721504747867584,-0.0464070290327072,0.249437928199768,0.643545925617218,0.1800780594348907,-0.3934841752052307,-0.4670685529708862,-0.3885264992713928,-0.4552167654037475,0.2360793203115463,-0.3041359484195709,-0.5053081512451172,0.1081565469503402,-0.348840981721878,-0.2525558173656463,0.0502934604883194,0.2953578531742096,0.4809640049934387,-0.4886140525341034,-0.2775174379348755,0.1847987622022628,-0.1730887740850448,-0.0953997746109962,0.1686501502990722,0.0675341263413429,-0.2792035639286041,-0.0033767158165574,-0.3075100779533386,-0.4163493812084198,-0.1236598715186119,-0.1286482959985733,-0.7282843589782715,0.3613770008087158,-0.0337164178490638,0.3184811174869537,-0.1117653399705886,0.212363600730896,-0.0579021796584129,-0.0061240564100444,-0.6834000945091248,0.2511175572872162,-0.5140464901924133,0.5098023414611816,0.2025010138750076,0.3701967298984527,0.0270219277590513,0.229741096496582,-0.0173004437237977,0.2236130237579345,-0.5740880370140076,0.1039561480283737,-0.3941324353218078,-0.1114313974976539,0.5262124538421631,-0.6533365249633789,0.3769093751907348,0.1186664551496505,-0.5494594573974609,0.7205423712730408,-0.3262954652309418,0.0280928704887628,-0.1272196620702743,0.3666795194149017,-0.4741651117801666,0.1335203051567077,0.5624035000801086,0.8154804110527039,-0.3181961178779602,0.4573160111904144,0.200192391872406,-0.1783058047294616,0.5119811296463013,-0.3314288854598999,0.0466658994555473,0.0006661119987256,0.090524286031723,0.4370368123054504,0.1267444938421249,0.4231581687927246,0.2319242507219314,-0.0515421032905578,0.2109686881303787,0.1311448812484741,0.0346457287669181,0.2261936366558075,-0.4267447888851166,-0.0513709113001823,-0.0142823681235313,-0.1931653022766113,0.101279892027378,-0.0532419122755527,0.6217305064201355,0.2308204621076584,0.3738999664783478,-0.3550546169281006,-0.5417635440826416,-0.3832451999187469,-0.9607998132705688,0.1315565109252929,-0.0790663212537765,-0.0163276195526123,0.6908462643623352,0.0588578544557094,-0.7221126556396484,0.2358367294073104,0.0272128488868474,0.2919761836528778,0.4030832052230835,-0.2154425978660583,0.0709559470415115,0.3989721238613128,-0.1261267066001892,0.1628637611865997,0.0112107601016759,-0.0319076515734195,-0.1294136494398117,-0.7251904010772705,-0.0746306777000427,0.0096906684339046,-0.1382598876953125,0.0486339218914508,-0.048696331679821,0.5179319381713867,-0.3248773217201233,-0.4770655930042267,-0.2669460475444793,-0.0978841260075569,-0.1597490012645721,-0.5272042155265808,-0.0882906317710876,-0.2667059898376465,-0.0370777919888496,0.5537228584289551,0.1262123137712478,-0.1799259036779403,0.3518047928810119,0.8112396001815796,0.3290017247200012,-0.2761339545249939,-0.1773284524679184,0.0283513944596052,-0.0239449124783277,0.0181579496711492,0.3367016911506653,0.1055769845843315,-0.0592071339488029,-0.0249660667032003,-0.641791820526123,-0.3773595988750458,-0.0498495139181613,-1.006864070892334,0.7867650985717773,0.1421998292207718,0.3271629512310028,-0.591947615146637,-0.4256160855293274,-0.0556285195052623,-0.0950140357017517,0.0657174363732338,0.3921764194965362,0.2685150504112243,-0.4433587193489074,-0.1544989049434662,-0.6509629487991333,-0.7227164506912231,0.2660917639732361,0.5065808892250061,-0.4473633766174316,0.0718003883957862,0.3014001250267029,0.0906874164938926,-0.0854358300566673,-0.1149730756878852,-0.2023268938064575,-0.3828028440475464,0.3161835670471191,0.3471236228942871,0.2675949037075043,0.391975075006485,0.011751047335565,0.3493061065673828,0.4068383276462555,0.6521065831184387,0.6776092648506165,0.2067282646894455,-0.295980304479599,-0.0338719859719276,-0.3017910420894623,0.2979480922222137,0.3519406914710998,-0.0679865255951881,-0.816438615322113,0.1296375095844268,0.359595239162445,-0.4224462807178497,0.3534362316131592,0.415180891752243,0.4235478043556213,0.595414936542511,-0.382038801908493,-0.0782274976372718,-0.7612597346305847,0.175590232014656,0.1187469810247421,0.0028290546033531,-0.3044798672199249,0.0316141918301582,0.091457150876522,-0.4568507373332977,-0.2213291525840759,0.2107302099466323,0.2459942996501922,0.1576231718063354,0.3493745923042297,-0.4129485785961151,0.5970923900604248,0.4303675591945648,-0.268079549074173,-0.2922296822071075,-0.1487938165664672,0.2311183363199234,0.4304578602313995,0.1590847969055175,0.357093870639801,-0.3773427903652191,-0.8445432782173157,-0.0218009445816278,-0.0130999134853482,0.265737384557724,0.7062705755233765,-0.81659996509552,-0.0497601069509983,0.5133703947067261,0.8080490827560425,-0.0522131584584713,-0.2979108095169067,-0.5252598524093628,-0.1884275376796722,-0.1352876871824264,-0.3311863839626312,0.3624251782894134,0.0446477718651294,0.5876405239105225,-0.0318144932389259,-0.116054967045784,-0.1953674256801605,0.8123372793197632,0.4073009192943573,0.0067221829667687,0.2081695050001144,0.0349424257874488,-0.4434836208820343,-0.0718753933906555,0.2721533179283142,-0.3703674674034118,-0.1548699587583542,0.1745146065950393,-0.3938381969928741,-0.1147098317742347,-0.1866552680730819,-0.0502172261476516,0.3511002361774444,-0.1540873050689697,-0.4240161776542663,-0.3418281078338623,-0.053463727235794,0.3640183210372925,-0.8195244669914246,-0.1772152483463287,-0.2284370958805084,0.1855793297290802,0.042220301926136,-0.1656990796327591,-0.4804145395755768,-0.5628264546394348,-0.4529979526996612,0.1406483501195907,0.1401218175888061,-0.481932133436203,0.4718159139156341,0.1960797160863876,-0.1483888775110244,-1.191425085067749,0.4968118071556091,0.1027939319610595,0.7110983729362488,-0.2558439373970032,0.3216203451156616,-0.0103126298636198,0.1246227771043777,-0.1625712811946869,-0.4507423043251037,0.666210949420929,-10.44359302520752,-0.3572226464748382,-0.5081060528755188,-0.1702241748571396,-0.3904321789741516,0.4770566523075104,0.1895525455474853,0.4223089218139648,-0.0044883918017148,-0.0646698474884033,0.0686290264129638,0.1073669865727424,0.1401628106832504,0.1497767865657806,-0.220811665058136,-0.0743995681405067,-0.373730331659317,-0.2494992762804031,-0.6559740900993347,-0.0684830918908119,0.1967051476240158,-0.3565899133682251,0.2966203391551971,0.3354876935482025,0.1996874958276748,0.070408284664154,0.3587600886821747,0.0580973513424396,-0.3103875517845154,0.5274375081062317,-0.0937580168247222,0.2019408792257309,-0.1024221777915954,0.2935628890991211,-0.5404207110404968,0.0252985451370477,0.0993592366576194,-0.016658442094922,-0.2296444326639175,0.5848070383071899,0.2089521139860153,0.4409377872943878,0.0392607785761356,-0.2712676525115967,0.3376539051532745,0.3442116677761078,0.2341883927583694,-0.0845958963036537,0.4305688440799713,0.0724609494209289,0.0871606618165969,-0.199142187833786,-0.1008294522762298,0.0345502868294715,0.1310538351535797,-0.035108808428049,0.3422837257385254,-0.8668643832206726,-0.1784586757421493,-0.097401238977909,0.231044664978981,0.0835519805550575,1.2275302410125732,0.3874486982822418,0.0501337796449661,0.2668848633766174,0.2135286778211593,0.0218898374587297,-0.4018953144550323,-0.30861297249794,0.4914284646511078,0.2120136320590973,-0.2327475100755691,0.1834315359592437,-0.0817566886544227,0.5747364163398743,0.3350679576396942,0.1577409952878952,0.2364269644021988,0.0189588703215122,0.5004974007606506,0.1825479567050933,0.0591266863048076,0.2704173028469085,-0.7462111711502075,0.0026831240393221,0.3723088800907135,0.1898520141839981,0.480819433927536,-0.5403976440429688,0.6073251366615295,-0.3687469661235809,-0.2229479849338531,0.4329991936683655,0.3822138607501983,0.0522193759679794,0.0458044558763504,0.1620650291442871,0.4006999433040619,-0.0565884411334991,1
0.1059571653604507,0.3400538563728332,0.2309443056583404,-0.5771924257278442,0.3838703334331512,0.2666478753089905,-0.1735000908374786,0.1951106339693069,-0.0843930467963218,-0.3147010803222656,0.8027382493019104,-0.2645193636417389,-0.1719714552164077,-0.3638120293617248,0.4976372718811035,-0.0530947782099247,0.3921075463294983,0.034434974193573,0.0571922846138477,0.0535839758813381,-0.2755184173583984,-0.8965079188346863,-0.2734876871109009,0.6938999891281128,0.353704422712326,-0.6102827191352844,0.1340668350458145,0.5534462928771973,0.1715666949748993,0.0417400822043418,-0.7571069598197937,-0.2751629054546356,-0.5032557249069214,0.2917308807373047,-0.4609568119049072,0.2657385766506195,0.2567656636238098,-0.2057435065507888,-0.1637833714485168,-0.3165516257286072,-0.0615312047302722,-0.0047376514412462,0.1095427945256233,-0.1818056851625442,0.113456904888153,0.099284790456295,-0.2168059945106506,0.1542026847600937,0.5288239121437073,-0.1707174777984619,0.0193405617028474,0.3253199160099029,0.2735639810562134,-0.2362971305847168,0.0093983169645071,0.1325944364070892,0.7681185603141785,0.0570726096630096,-0.2052086293697357,-0.2216740101575851,-0.3640479445457458,-0.0021080868318676,-0.3836055696010589,0.1155076995491981,-0.3564522564411163,-0.0704809054732322,-0.2865083515644073,-0.0657990276813507,-0.63179612159729,-0.3985957503318786,-0.3286933004856109,0.2192962765693664,-0.1271819323301315,-0.0750274062156677,0.6588200926780701,-0.1309004724025726,-0.262359619140625,0.1577576845884323,0.4839895069599151,-0.4926526546478271,-0.8461741805076599,0.4437356293201446,-0.439153254032135,-0.2883462905883789,0.1821458339691162,-0.0146640660241246,-0.3787900507450104,-0.4052824378013611,0.2969857156276703,-0.0586355999112129,0.0902661606669426,0.3410567045211792,0.1275450438261032,-0.2217815071344375,-0.3090598583221435,0.3730552792549133,0.2873484492301941,-0.5103719830513,-0.3562077581882477,0.1969900876283645,-0.0006037247367203,-0.0352663025259971,0.2951134443283081,0.1048066020011901,-0.0245320107787847,-0.087751604616642,0.0103533407673239,0.2079409509897232,0.088148646056652,-0.166606068611145,-0.5467268824577332,-0.6684709191322327,-0.070369154214859,0.0593598149716854,-0.0870667472481727,-0.1695784032344818,-0.1780161559581756,0.4334149062633514,-0.5036294460296631,0.1156553998589515,0.0042271176353096,-0.0527548938989639,-0.1981828212738037,-0.0797740742564201,-0.0224983748048543,0.3282719254493713,-0.0090785780921578,-0.1147875860333442,-0.2434912025928497,-0.3864939212799072,0.0551508329808712,-0.0266456268727779,-0.2535417079925537,0.2476914077997207,-0.3482769727706909,0.2774668037891388,0.0815193578600883,-0.100045345723629,-0.3195858001708984,-0.6961678266525269,-0.2319762855768203,0.1287014782428741,-0.1306047588586807,-0.108367346227169,-0.3012636303901672,0.1317061185836792,0.1703453958034515,-0.0821683555841445,0.5687766671180725,0.6305144429206848,-0.3826445937156677,0.7813477516174316,-0.1385732889175415,-0.6531199216842651,0.2466904670000076,0.1983786076307296,-0.7285078167915344,0.2113118171691894,0.0982494056224823,0.5660445094108582,-0.0644169524312019,-0.0212488081306219,0.0676087364554405,0.3937152028083801,0.2340177744626999,0.6167125701904297,0.2586544752120971,0.0978830307722091,0.1979928761720657,0.3845890164375305,-0.2289746254682541,0.4046419858932495,0.1383172869682312,-0.4629587531089782,-0.0180749148130416,0.238206997513771,-0.1637164056301117,0.1796968579292297,0.3807401061058044,-0.552869439125061,0.047571811825037,-0.2819766402244568,0.135278582572937,-0.1515090316534042,0.1951124817132949,-0.2231865972280502,0.0969530269503593,-0.1926213055849075,0.1001612693071365,-0.0401294231414794,-0.3744893968105316,-0.2877252399921417,0.2855384349822998,-0.1697675883769989,-0.1497691124677658,-0.0579272359609603,0.0490153431892395,-0.2826198637485504,-0.1906986385583877,0.3478758037090301,0.172385960817337,0.212730661034584,-0.2242172211408615,-0.1318263411521911,-0.9882841110229492,-0.048592522740364,0.029861444607377,0.3792737126350403,0.1659673452377319,0.2678952515125274,-0.2351045310497284,0.1906478106975555,0.3108884692192077,0.1774364411830902,0.0167052969336509,-0.0494879893958568,-0.6719102263450623,-0.4103013575077057,0.6472107768058777,-0.4403210878372192,-0.118621714413166,-0.2530803680419922,0.1957572102546692,0.4501052796840668,-0.1938936859369278,0.0424554236233234,0.3124758899211883,-0.041583988815546,0.0007571410387754,0.2262646108865738,-0.2040574550628662,-0.2400078922510147,-0.9391317367553712,0.0026036538183689,-0.4152588248252868,0.3876334726810455,-0.681658923625946,0.3880289196968078,-0.0324342958629131,0.196527674794197,0.3469210863113403,0.0634388998150825,0.0641265884041786,-0.2145391255617141,-0.1037872806191444,0.2776774168014526,-0.0539604909718036,-0.1479257494211197,-0.266260951757431,0.358363538980484,-0.6517946124076843,-0.7177068591117859,0.2591176033020019,-0.5843756198883057,0.3382629454135895,0.121803417801857,0.0525153949856758,0.0511007942259311,0.1032933518290519,-0.2415840327739715,-0.2410765141248703,-0.7802421450614929,-0.017749723047018,-0.1794995665550232,0.0293822959065437,0.0887054055929184,0.2524709105491638,-0.4165751039981842,-0.2814168632030487,0.0799126252532005,-0.0191104691475629,-0.2916401624679565,-0.1803065687417984,0.1164290830492973,-0.6932247281074524,-0.0767013356089592,-0.0529033094644546,0.5940852165222168,-0.6380890607833862,-0.0908126831054687,-0.758761465549469,0.6661263704299927,-0.661527693271637,0.1103249564766883,-0.1251478046178817,0.1523359417915344,-0.2009061425924301,-0.6525549292564392,0.0550641119480133,0.2237908244132995,0.6273515224456787,-0.4230823516845703,-0.426233559846878,-0.352253794670105,-0.2910065054893493,-0.0513292327523231,0.4960323870182037,0.1077206954360008,-0.1669824570417404,-0.0206979569047689,0.2043613195419311,0.2179169505834579,0.2041508704423904,-0.3387033641338348,-0.2892106473445892,-0.3300189673900604,-0.0662595033645629,-0.2987061142921448,0.8422017693519592,0.0322278626263141,-0.0874947980046272,0.9466583132743835,-0.5454639792442322,0.0870389193296432,0.5819045305252075,0.2000969499349594,-2.047168493270874,-0.1033317819237709,0.05845333263278,0.4854371547698974,-0.3314176201820373,0.3784265518188476,0.354712426662445,0.5397021770477295,-0.0863233655691146,-0.3490740656852722,0.6388276219367981,0.7761021256446838,-0.2194031774997711,-0.4746674597263336,0.2453248053789138,0.0650144889950752,0.2697949111461639,-0.6023880243301392,-0.1580047011375427,0.1618616133928299,0.1444800645112991,0.083244152367115,-0.1922890245914459,-0.5669565796852112,0.2928471565246582,-0.2410579621791839,0.2577365934848785,0.434993714094162,-0.4438458085060119,-0.0917096361517906,0.3795478641986847,0.4857932329177856,0.5103922486305237,1.0124081373214722,-0.2783331274986267,0.1552206575870514,0.5012499690055847,0.4235322773456573,0.3322260975837707,-0.0334758572280406,0.0160164404660463,-0.1646855920553207,0.479555070400238,0.3866126239299774,0.4413031339645386,0.1791224926710128,0.6388351321220398,0.0984200313687324,-0.0413713119924068,0.4633150398731231,0.2384280264377594,0.3008832335472107,0.5992024540901184,0.4029504954814911,0.439857006072998,0.0989842861890792,-0.3794116675853729,-0.2716012597084045,0.3487310409545898,-0.3229025900363922,-0.2052622735500335,0.2634295523166656,0.3249772787094116,-0.3106406927108764,-0.4349835813045501,0.0747896060347557,0.2361587136983871,-0.3890628218650818,-0.2196258902549743,-0.4768176078796386,-0.6820852756500244,0.0887865275144577,-0.5716986060142517,-0.9163685441017152,0.0613403730094432,-0.0102463383227586,0.3357308804988861,-0.2484477162361145,-0.5951440930366516,0.3427809476852417,-0.396180123090744,0.0879837796092033,-0.0494026504456996,-0.1437525749206543,-0.2178219556808471,0.2060196101665496,-0.1418224573135376,-0.0009865944739431,-0.2737459242343902,0.2979185283184051,0.034730739891529,-0.0665253251791,0.2084787636995315,0.2208558022975921,-0.1145813688635826,0.1445261389017105,-0.0466415882110595,-0.2929684221744537,-0.2494706660509109,0.2093340307474136,-0.8327392935752869,0.1250572502613067,0.0105184288695454,0.0124474354088306,0.4486328661441803,0.1652565598487854,0.6687241196632385,-0.1654854714870453,-0.1891048550605774,0.2979645729064941,-0.0415671057999134,-0.3798434436321258,0.7898012399673462,0.022899093106389,0.2413435131311416,-0.2352110147476196,0.1407174319028854,0.4582234919071197,-0.4627985954284668,-0.3111014664173126,0.290492832660675,-0.0453866571187973,-0.276922345161438,-0.1090871393680572,0.1479161530733108,0.9469146728515624,-0.5337070822715759,0.4899646937847137,0.1442008018493652,-0.180379718542099,0.1259381026029586,-0.2053383737802505,-0.2272995412349701,-0.3227701187133789,0.3168374896049499,0.2461184114217758,0.5081591606140137,-0.0795721188187599,0.1354317218065261,0.6793567538261414,-0.0565627962350845,0.1801158338785171,0.6301148533821106,0.2520212531089782,-0.2277378290891647,-0.6106905341148376,-0.4821702241897583,-0.1590699553489685,-0.4832443594932556,0.2742177844047546,0.1704631149768829,-0.1025941520929336,-0.2147477865219116,-0.1614643782377243,-0.27772918343544,-0.1435036212205886,-0.3160096406936645,0.0644951313734054,0.3289828300476074,0.2703443765640259,0.4721486568450928,0.1399042606353759,-0.284279465675354,0.2281328588724136,0.1522262096405029,0.5974050760269165,0.414104700088501,-0.2239081263542175,-0.3233785927295685,0.1999104470014572,-0.0716648027300834,-0.2649140954017639,-0.1928761899471283,0.4473563134670257,-0.0654338002204895,-0.0852353498339653,0.2112231850624084,0.2126767337322235,-0.3635460138320923,0.3620560467243194,0.005001884419471,-0.0368710272014141,-0.4408215880393982,-0.796744704246521,-0.5997400879859924,-0.2538684904575348,0.2107051759958267,-0.5933626890182495,0.0352531261742115,0.0279194302856922,-0.019096391275525,-0.0312988795340061,0.0073923463933169,-0.2650518119335174,-0.0674720406532287,0.5596599578857422,0.46162149310112,-0.2523075640201568,-0.0654356852173805,0.1910900920629501,0.109083354473114,0.0888506323099136,0.5516899228096008,0.0808266699314117,0.1234796270728111,-0.1668127179145813,-0.6386042237281799,0.1584585756063461,-0.1135457009077072,-1.1642258167266846,0.1972486227750778,0.0009148342069238,-0.0134316449984908,-0.2050182819366455,0.0905603840947151,0.1139087900519371,-0.2253737300634384,0.0325983650982379,0.2289625257253646,-0.087312713265419,-0.7382491827011108,0.4090926349163055,-0.0950387418270111,-0.4141454994678497,-0.0854952707886695,0.1996116489171981,-0.4759863317012787,-0.0396056026220321,-0.0349299237132072,0.1682693362236023,-0.1657952070236206,0.3649616539478302,-0.3950811922550201,-0.2567009329795837,0.4965659081935882,0.0296402070671319,0.1355801224708557,0.2577840983867645,-0.4003247022628784,0.1220423653721809,0.4047800600528717,0.7447879314422607,0.2780249118804931,-0.0576530434191226,-0.0606102645397186,-0.1945437788963318,-0.6275726556777954,0.5117283463478088,0.6967383027076721,0.3208017945289612,-0.3727966248989105,0.3812443315982818,0.3662632703781128,-0.507493793964386,0.6383531093597412,1.1102690696716309,0.3562947511672973,0.3124137222766876,-0.0839640274643898,0.0297488383948802,-0.7996014356613159,0.0840087383985519,-0.0400531142950058,0.6436910033226013,-0.0840645506978035,-0.0463601313531398,0.5039343237876892,0.1580976992845535,-0.2768726050853729,0.1814708858728408,0.2368687838315963,0.0980499610304832,0.26227867603302,0.2389337420463562,0.6560611724853516,0.189102366566658,0.1351083219051361,-0.2778794467449188,0.0363457612693309,0.0640146434307098,0.5191914439201355,-0.2345632314682006,0.3239462673664093,-0.1593889147043228,-0.94009131193161,-0.4990561902523041,-0.1031642332673072,0.3380523025989532,0.3726098537445068,0.2413626611232757,-0.395672857761383,0.1770281791687011,0.4501660466194153,0.0364853106439113,-0.3136026263236999,-0.4997383952140808,0.0284145474433898,-0.1361332386732101,-0.1611880511045456,0.1359979063272476,-0.4097647964954376,0.5148715376853943,0.097862534224987,0.3833812773227691,0.4241642355918884,0.7933186292648315,0.1569468528032302,0.0939410477876663,0.4693675339221954,0.0077596451155841,-0.3924800753593445,0.2216277569532394,0.3095201253890991,-0.1817280203104019,-0.0709444209933281,0.2518294751644134,-0.1703017652034759,-0.0868276730179786,0.1354048103094101,-0.2165524810552597,0.5541257858276367,-0.0624028109014034,-0.5181902647018433,-0.2939152717590332,-0.2121781110763549,0.0148552320897579,-0.7585910558700562,-0.1129884794354438,-0.2627875804901123,0.2011488974094391,-0.0096868593245744,-0.3735319375991821,-0.4186031520366668,-0.1606371849775314,-0.3655887246131897,0.3483074307441711,-0.2857531309127807,-0.337914228439331,-0.0186379961669445,0.629578709602356,-0.5196065306663513,-1.205642819404602,0.4386274814605713,0.2140254378318786,0.6964661478996277,-0.2597257196903229,0.3156619966030121,-0.1779707372188568,0.2723940312862396,0.1679078489542007,-0.2602838277816772,0.1538334041833877,-10.47197151184082,-0.01582682877779,-0.4364051222801208,-0.2119185626506805,-0.1538925170898437,0.5954983830451965,0.2159894108772277,0.0540154762566089,0.0241162832826375,0.2674185037612915,0.466568261384964,0.3982570767402649,0.5198328495025635,0.560923159122467,-0.440689355134964,-0.1870642453432083,-0.0151860360056161,-0.2911134362220764,0.1745216697454452,0.3801847100257873,0.3455916345119476,-0.1749753952026367,0.4759343862533569,0.5878525972366333,0.0819604843854904,-0.3523178994655609,-0.4849379658699035,0.1386933922767639,-0.3309721052646637,0.2567238211631775,-0.299211323261261,0.2453407347202301,-0.4839208424091339,0.6034390926361084,-0.3368691802024841,0.0910930037498474,-0.1722019463777542,0.1448059380054474,0.1254611611366272,0.456928551197052,0.1785778105258941,0.0831786543130874,-0.0092899361625313,0.0365067012608051,0.257893830537796,0.4729359447956085,0.1236770153045654,0.1346370428800583,0.2615242302417755,0.1386225074529647,-0.0942716002464294,-0.5109432935714722,0.3946022093296051,-0.2368938773870468,0.1176411658525466,0.3680230975151062,0.3773775994777679,-0.6562960147857666,0.0522089526057243,-0.1633338332176208,0.0603837557137012,-0.2444898188114166,0.5168721675872803,0.2117209136486053,0.136465698480606,0.0634612739086151,0.5022547841072083,0.5422195196151733,-0.2557250261306762,-0.1038306578993797,0.1844304949045181,-0.03320849314332,-0.2522164285182953,-0.1746121793985366,-0.293649822473526,0.6714987754821777,-0.3955292403697967,0.2074478268623352,-0.2823221087455749,-0.017865115776658,0.3507514894008636,-0.2120216935873031,-0.5207259654998779,0.6787790656089783,-0.1957950592041015,-0.2379001528024673,-0.2160743474960327,0.2369860559701919,0.7229220867156982,-0.6137766242027283,0.2694832384586334,-0.3009182214736938,-0.0321903079748153,0.247115209698677,0.4210285246372223,0.286464512348175,-0.2624143362045288,0.3637314438819885,0.3997511267662048,0.1564647257328033,1
0.2413127571344375,0.1787703335285186,0.4631074070930481,-0.2309708595275879,0.2003732621669769,0.277688056230545,0.122989721596241,0.308803528547287,-0.009906692430377,-0.619081437587738,0.7028918266296387,-0.3670854270458221,-0.6940755248069763,0.2042390406131744,0.3712596893310547,-0.3850686252117157,0.0479442365467548,-0.0029694295953959,-0.0235241279006004,-0.6805608868598938,-0.7096894383430481,-0.3323213160037994,0.133449524641037,0.3075015842914581,-0.0579979717731475,-0.3176624774932861,0.2532162666320801,0.3636884987354278,-0.06850615888834,0.0407397486269474,-0.3937130868434906,-0.2223573923110962,0.1632612198591232,0.0832343325018882,-0.0201122909784317,0.4200762808322906,-0.0385860241949558,-0.0719058960676193,-0.1453847140073776,-0.0582923367619514,0.0135667948052287,-0.1084998920559883,-0.4628358781337738,-0.1235483288764953,0.0751526281237602,0.5497376322746277,0.2003061473369598,0.1607071906328201,0.6362603902816772,0.1629896461963653,-0.1024657636880874,0.2144966721534729,0.3965997397899627,-0.1590530276298523,0.2973221242427826,-0.1747583895921707,0.4911096692085266,-0.2990573942661285,-0.181793212890625,-0.0168553367257118,-0.1853495240211486,-0.18560691177845,0.1348696798086166,-0.1999842971563339,-0.0588796064257621,-0.5896822214126587,0.2047021836042404,-0.1098772808909416,-0.2945514619350433,-0.8377299904823303,-0.4084526896476745,0.0486794635653495,0.1980382204055786,-0.3737556040287018,0.6239222884178162,-0.4078696072101593,0.3511313796043396,0.1782393455505371,-0.0216964837163686,0.0487788133323192,0.0719891414046287,0.4078477323055267,0.0116257676854729,-0.4409614205360412,0.4782087206840515,-0.0275317933410406,-0.2514725029468536,-0.7447549104690552,0.2051654756069183,-0.3792103826999664,-0.1349472403526306,-0.0864250659942627,0.7027817964553833,0.0751868039369583,-0.0480694435536861,-0.092638686299324,0.0666812807321548,-0.296792209148407,-0.1828226745128631,0.4300658702850342,0.1845071017742157,0.2618727385997772,0.3073272109031677,-0.108279675245285,-0.1922115236520767,0.051080334931612,-0.2113365679979324,0.1311621814966201,0.1733545213937759,-0.1695635020732879,-0.0520379804074764,-0.4638365507125854,-0.7414183020591736,0.243459939956665,-0.2268925160169601,-0.0013846431393176,-0.0529135353863239,0.2848470211029053,-0.6557327508926392,0.5488384366035461,0.4753878116607666,0.4563406705856323,0.0971252173185348,-0.2150113582611084,-0.1586046665906906,0.3361483812332153,-0.1139255836606025,-0.1999377310276031,-0.1110959947109222,-0.1130072101950645,-0.624144971370697,0.1062829121947288,-0.1758894622325897,0.0410359315574169,-0.0410412959754467,0.6244069337844849,0.232682392001152,-0.3461590707302093,-0.2464451789855957,-0.4861814081668854,-0.039217859506607,-0.4130640625953674,0.2633273899555206,-0.3577988147735595,-0.2995397448539734,0.4134209454059601,-0.3359703719615936,-0.6493031978607178,0.5211266875267029,0.313008189201355,-0.2839158177375793,0.7572974562644958,-0.5182087421417236,-0.06156961992383,0.1027121022343635,0.017388368025422,-0.5008480548858643,0.0049629779532551,-0.2358529269695282,0.1593533754348755,0.0162526108324527,-0.3121871650218963,0.1381345838308334,0.7075648903846741,-0.035793200135231,0.2624489068984985,0.4848371744155884,0.3598402142524719,-0.1327529996633529,0.3693170547485351,0.173502579331398,0.3283210694789886,0.1605433970689773,-0.1474442332983017,0.2038976699113845,0.4113959968090057,0.1904880404472351,0.1232999190688133,0.1739604622125625,-0.6162610054016113,-0.1287829428911209,-0.5904178023338318,-0.2561262249946594,-0.4298394918441772,0.0668615847826004,-0.0496128797531127,0.1180369034409523,-0.0869859009981155,-0.009336482733488,-0.6274248361587524,0.1896704584360122,-0.3846854865550995,0.0583632625639438,-0.341237872838974,-0.0775578394532203,-0.1159388944506645,-0.1863009631633758,-0.1251313388347625,-0.1304588466882705,0.6321461200714111,0.0707256495952606,0.2466509938240051,-0.1562853902578354,-0.2597391903400421,-0.9400139451026917,-0.2574775516986847,0.3049747347831726,0.2313425093889236,0.5142185688018799,0.2665613889694214,-0.276700347661972,0.5655514597892761,0.2455798685550689,0.1894823908805847,0.1442545801401138,0.4631680250167846,-0.4667972028255462,-0.4875037968158722,0.3424248993396759,-0.045272622257471,0.2025156915187835,-0.1735217124223709,0.4550232887268066,0.1352211833000183,0.1277494728565216,0.3906180262565613,0.3952604830265045,-0.0449961349368095,-0.2838775217533111,0.581055760383606,-0.2730138301849365,-0.3001729249954223,-0.5723670125007629,-0.2318571507930755,-0.7001567482948303,-0.1541214883327484,-0.3089911937713623,0.3295716643333435,-0.3614890575408935,0.0553109087049961,0.2006274759769439,-0.2713775038719177,-0.0228559263050556,-0.3499003052711487,0.1026369631290435,0.018752571195364,-0.0759266689419746,0.0073384214192628,-0.1255257278680801,0.0043984237127006,-0.5807868242263794,-0.5806497931480408,0.0001522223901702,-0.5368183851242065,0.3955245316028595,0.3873147368431091,0.5032966732978821,-0.1842720657587051,0.1282427310943603,-0.6778523921966553,-0.097983032464981,-0.6286552548408508,-0.2052749395370483,-0.3768730163574219,0.0444958433508873,0.060356218367815,-0.1927465051412582,-0.4949775636196136,-0.3392795324325561,-0.273395836353302,-0.0742387548089027,-0.2183254659175872,-0.1790715306997299,0.2235536277294159,0.0046378392726182,0.0427511520683765,-0.5416058897972107,0.2387636601924896,-0.132682591676712,0.3067868947982788,-0.62679123878479,0.1875622719526291,-0.6922306418418884,0.41200852394104,0.1021604314446449,-0.2388453632593155,-0.2053805440664291,-0.6097872853279114,-0.1929580569267273,0.3759879171848297,0.1185566857457161,-0.3626678884029388,-0.5758072733879089,0.1323152780532837,-0.1763930320739746,-0.0173126719892025,0.0449931807816028,0.3379239737987518,0.3768601715564728,0.1699140965938568,0.1931411623954773,0.4403726756572723,0.0646395236253738,-0.2482482194900512,-0.2538265883922577,-0.3352954089641571,-0.3866178095340729,-0.1763036847114563,0.4713699221611023,-0.3018929064273834,-0.1224082186818122,0.684111475944519,-0.2768462002277374,0.3288931250572204,0.2130254954099655,0.2835222780704498,-1.904072999954224,0.1054731979966163,0.3875754475593567,0.0553796254098415,-0.1157830283045768,0.6769788265228271,0.193166971206665,0.2563250958919525,-0.5997396111488342,-0.5158461928367615,0.6794787645339966,0.4471501111984253,-0.1428871601819992,-0.031478077173233,0.4068558514118194,-0.15891133248806,-0.0096568493172526,-0.7697862982749939,0.1979604065418243,0.3812753856182098,0.1119302734732627,-0.1508769989013672,0.092798575758934,-0.2917239964008331,0.0856456458568573,0.0926432013511657,0.1707013547420501,0.5206187963485718,-0.743687093257904,-0.0502448417246341,0.0522429123520851,0.8600127696990967,0.8047516942024231,0.4540750682353973,0.0550342835485935,-0.2378327548503875,0.2510644495487213,0.7954850196838379,0.4641810953617096,-0.1454514563083648,0.0224768798798322,-0.1577703207731247,0.5330590605735779,0.2399826198816299,-0.1744367033243179,-0.0078560700640082,0.2891948521137237,0.2068371325731277,-0.1853278279304504,0.6378749012947083,0.7026211023330688,0.1643740087747573,0.2274199575185775,0.1122594624757766,1.0803776979446411,0.0167354959994554,-0.1720712631940841,-0.6439107656478882,-0.0693342164158821,-0.3772121667861938,0.0281704869121313,0.0341115146875381,0.1204939261078834,0.3888536691665649,-0.26344895362854,0.2356073856353759,0.1882521957159042,-0.141860157251358,0.3511867523193359,-0.5903806090354919,-0.4722960591316223,-0.1884626150131225,0.0787147358059883,-0.7799350619316101,0.4340822100639343,0.3551900088787079,0.4194347858428955,-0.1693917661905288,-0.418043315410614,0.0821450799703598,-0.1838152557611465,-0.1405083686113357,-0.1368604600429535,0.2683771848678589,0.0035926848649978,-0.3261288106441498,0.1754208654165268,-0.4795490205287933,-0.4578913748264313,-0.0307402648031711,-0.9618868231773376,-0.1040217950940132,-0.1706620752811432,0.563137412071228,-0.1736572682857513,-0.0861991345882415,0.1741252243518829,-0.0278803668916225,-0.1509958058595657,-0.1282553821802139,-0.5938723683357239,0.4089792668819427,0.0829112455248832,0.1023548021912574,0.3406684398651123,0.322893887758255,0.223098412156105,0.3688583970069885,-0.5460566282272339,0.0554232895374298,-0.6036502718925476,-0.3188444375991821,0.6694896221160889,-0.1693537682294845,0.2791080772876739,0.0025752088986337,-0.1787163913249969,0.542557954788208,-0.2638455331325531,-0.5683379173278809,-0.1815653145313263,0.6087106466293335,0.0767980962991714,0.6428160071372986,0.3767095804214477,0.7915942072868347,-0.1173194795846939,0.4403795003890991,-0.0117283333092927,-0.0706030502915382,0.4441592097282409,-0.6632746458053589,0.086125947535038,-0.0458831451833248,0.1410325169563293,0.4225548207759857,0.2312281280755996,0.1681516319513321,0.2723524868488312,0.204196348786354,-0.1137217283248901,0.2081228494644165,0.2457365095615387,0.4334879219532013,-0.3478754460811615,-0.6161081194877625,-0.3627859354019165,0.0360947698354721,-0.4686858057975769,-0.1440361589193344,0.6839170455932617,-0.0683362036943435,0.0923455953598022,-0.230743795633316,-0.726019024848938,-0.4816818833351135,-0.4784334897994995,-0.2105551660060882,0.0735890418291091,0.4203126728534698,0.572357177734375,0.0075897825881838,-0.9132795929908752,0.3101041913032532,0.1929487884044647,0.4606478214263916,0.1261327117681503,-0.2455170452594757,-0.1573473215103149,0.0669548138976097,-0.0716644003987312,-0.1940649151802063,0.1808452606201172,0.0132692204788327,-0.0506711341440677,-0.4842084348201751,0.1540281176567077,-0.2623700499534607,0.147505834698677,-0.2539973258972168,0.5185579657554626,0.1032202765345573,-0.7609311938285828,-0.3099862039089203,0.1274624466896057,-0.2596737444400787,-0.130606472492218,-0.6116222143173218,0.1900205761194229,-0.3813090324401855,-0.1310446858406067,0.289544016122818,0.5359349846839905,-0.292400449514389,-0.1346074938774109,0.3891332149505615,0.569875955581665,-0.0460829734802246,0.0397218838334083,-0.0701807290315628,-0.2849186658859253,-0.1758468896150589,0.042526826262474,-0.1490150094032287,-0.1989455670118332,-0.0196695402264595,-0.7796398997306824,-0.2522390782833099,0.0596350096166133,-0.8661103248596191,0.6774477958679199,0.1855203956365585,0.5301793217658997,-0.5003162026405334,-0.0892804190516471,-0.2446640431880951,-0.055185467004776,-0.0067036617547273,0.4187356233596802,-0.0389188192784786,-0.7822460532188416,-0.0678139701485633,-0.4740712940692901,-0.4957434237003326,0.4799340665340423,0.3959895372390747,-0.403847336769104,0.0971675738692283,0.3388460874557495,-0.2263126224279403,-0.14765365421772,0.0829782858490943,-0.1345392167568206,0.1110608279705047,0.2892637252807617,0.0348658375442028,0.2147877961397171,0.2842249870300293,-0.3344732522964477,0.1853161603212356,0.2598049938678741,0.6585676670074463,0.2961028516292572,-0.0005682099144905,0.0101207103580236,-0.0323925204575061,-0.557614266872406,0.4538787305355072,0.2717209458351135,0.5444968938827515,-0.3912653625011444,0.6192585825920105,0.6213282346725464,-0.4582399129867553,0.3543581068515777,0.6622916460037231,0.4146571457386017,0.3334271311759949,-0.0352933555841445,-0.0612291432917118,-0.7317131757736206,0.2767074108123779,-0.030510202050209,0.2554322183132171,-0.0355859622359275,-0.03243850171566,-0.1068602353334426,-0.2455630004405975,0.0175148211419582,0.3637334406375885,0.3277826011180877,0.1446813493967056,0.3021716773509979,-0.377583771944046,0.4751031100749969,0.4331249892711639,0.0210160855203866,-0.1459994614124298,0.2460961192846298,0.3802261054515838,0.6374589800834656,0.0314390994608402,0.3572412133216858,-0.2072588503360748,-1.0218791961669922,0.0856554731726646,0.0102315852418541,0.3644465208053589,0.5951054692268372,-0.5780338048934937,-0.2023299187421798,0.1860213130712509,0.5037203431129456,-0.2873859405517578,-0.0941149368882179,-0.4399446547031402,0.1732430458068847,0.2615323066711426,-0.1303068548440933,0.0727578476071357,0.1291072368621826,0.3212997913360595,-0.1634944677352905,0.1456749439239502,0.2130679488182068,0.7299164533615112,0.1362379342317581,0.0912676230072975,0.0425005368888378,-0.2699767649173736,-0.4450969099998474,0.0519218407571315,0.0658692419528961,-0.3387294709682464,-0.4071281552314758,0.0378243289887905,-0.3907216489315033,0.1473091691732406,-0.2990520000457763,0.2549092173576355,0.3078309893608093,0.057633202522993,-0.0366539470851421,-0.4790743589401245,-0.0632993876934051,-0.0242817495018243,-0.7737974524497986,0.0951301604509353,-0.2579847872257232,0.1720798462629318,-0.2192899286746978,0.0213155206292867,-0.4729840755462646,-0.2633458077907562,-0.367784172296524,0.5505667924880981,-0.1218723282217979,-0.4214291572570801,0.4173358082771301,0.3114523291587829,-0.1264443844556808,-0.9922773838043212,0.3278978765010834,0.3606756329536438,0.5684622526168823,-0.2312356829643249,0.509494423866272,-0.3745315074920654,0.2229006588459015,0.1008925884962081,-0.4160842299461365,0.5262504816055298,-10.464190483093262,-0.4213390946388244,-0.4990895688533783,-0.2991828024387359,-0.523726224899292,0.3393937647342682,0.6275897026062012,0.3310806453227997,-0.4008956253528595,0.1503154784440994,0.0772168710827827,0.4325231611728668,0.3527701199054718,0.3085150718688965,-0.5929360389709473,0.1288890391588211,-0.3219438791275024,-0.482525885105133,0.0016949117416515,-0.2160532176494598,0.1131066754460334,-0.6644826531410217,0.5310324430465698,0.5345878601074219,0.1479681879281997,-0.1676557660102844,-0.139973372220993,0.4004792869091034,-0.031229430809617,0.2987416684627533,-0.8072220683097839,0.4482598602771759,-0.1692170053720474,0.4520938098430633,-0.2333208620548248,0.0534967370331287,-0.2512939572334289,0.5023176074028015,0.0249905418604612,0.3453520238399505,0.3133562207221985,0.4285598397254944,0.0775187611579895,-0.117707647383213,-0.2019536346197128,0.3702673316001892,0.1418785601854324,0.3137893378734588,0.5656222105026245,-0.0047943969257175,0.0482669658958911,-0.1866386830806732,-0.2593395709991455,-0.3541021943092346,0.2779557704925537,-0.0045330733992159,0.7600528597831726,-0.7735229134559631,-0.0309431999921798,0.1052391529083252,0.3330523669719696,-0.145843043923378,0.9523369073867798,0.8970859050750732,0.2635754644870758,0.160239428281784,0.4378549754619598,0.3983334004878998,-0.3247032165527344,-0.1075038537383079,0.3310868144035339,0.5564315915107727,-0.0966658219695091,0.2015350461006164,0.1424711048603058,0.7568235397338867,0.0272642467170953,-0.2367813438177108,0.2114190310239792,-0.2960522174835205,0.4381178021430969,-0.1655402332544326,-0.2865816056728363,0.1388946920633316,-0.6065528392791748,0.2488703578710556,0.0686032027006149,0.3074870109558105,0.1111298725008964,-0.5870758891105652,0.4450457394123077,-0.1704249233007431,-0.2904482185840606,0.4092161357402801,0.2255211770534515,-0.2218035459518432,-0.1488069295883178,0.3035394251346588,0.3374594748020172,0.0487138368189334,1
-0.0008475066861137,0.0242939926683902,0.2925958335399627,-0.8140795230865479,-0.1904487013816833,0.0169514883309602,-0.1974855810403823,0.0823104232549667,-0.0256802886724472,-0.3115681409835815,0.989377498626709,-0.3986585140228271,-0.7404648661613464,-0.2208072990179062,0.0086369821801781,-0.2986468970775604,0.4274653196334839,0.0722979828715324,0.0694795846939086,-0.0250536650419235,-0.154569461941719,-0.9572513699531556,-0.0699210539460182,-0.1180362850427627,0.1726506203413009,-0.2131431102752685,-0.0914977863430976,0.4075624346733093,-0.0235810820013284,-0.1207833141088485,-0.0525771453976631,-0.557964563369751,0.1833526194095611,-0.4808337688446045,-0.383052796125412,0.2276892960071563,0.0666377544403076,-0.1856231242418289,0.0421090833842754,0.1067506074905395,-0.1604862660169601,-0.7084961533546448,-0.1835581958293914,-0.1344616115093231,-0.3832307457923889,0.8179663419723511,-0.1044874414801597,0.4733944535255432,0.934944212436676,-0.0790410041809082,0.1323044598102569,0.9530642032623292,0.4842250645160675,0.0836067646741867,-0.2111028283834457,-0.3160949051380157,0.6458864212036133,0.1096552461385726,0.0607465580105781,0.1681699156761169,-0.8208270072937012,-0.1673226058483123,-0.0696369707584381,0.3017742335796356,-0.1592964828014373,0.1270046383142471,0.6299847364425659,-0.0448810160160064,-0.358839601278305,-0.2634540498256683,0.0450156293809413,0.0523348487913608,-0.1792338341474533,0.097939595580101,0.3946984708309173,-0.110990971326828,0.4480011165142059,0.078185461461544,0.0376926958560943,-0.0698037892580032,0.0610019601881504,0.6938095092773438,-0.300615519285202,-0.5837172269821167,0.4896634221076965,0.3192973732948303,-0.9865172505378724,-0.6308928728103638,0.2039653062820434,-0.4850320518016815,-0.3438297510147095,0.4044266045093536,0.5637600421905518,0.174714520573616,-0.2540699541568756,-0.0055485083721578,-0.4071516394615173,-0.3971801400184631,-0.0696826577186584,-0.1037759482860565,-0.0429990403354167,-0.3084158897399902,0.081077441573143,-0.6279299855232239,-0.0631677284836769,0.4426031410694122,0.0922260805964469,-0.1079939678311348,-0.0802938714623451,0.421695739030838,0.0382215902209281,-0.2910900413990021,-0.5156115293502808,0.4723816215991974,0.3052631914615631,-0.2420199513435363,0.2227119952440261,0.2470013201236724,0.2084304839372635,0.2262341678142547,-0.1006590873003006,0.3792663514614105,0.1742380112409591,0.0836182534694671,-0.0133942598477005,0.2392553389072418,-0.1309396177530288,-0.2664305865764618,0.0750697776675224,-0.0444466136395931,-0.1250586509704589,-0.2967196404933929,-0.1867547333240509,0.0462284870445728,-0.1548952162265777,0.5730024576187134,-0.3156222105026245,0.7704555988311768,-0.0320683196187019,-0.082779936492443,-0.3322986662387848,0.0783412009477615,0.5612232089042664,-0.1405930817127227,-0.1478074342012405,0.0712252706289291,0.1114687845110893,0.1490392684936523,0.594648540019989,0.7884244918823242,-0.391317754983902,0.6910431385040283,-0.4835081100463867,-0.428604394197464,-0.231125608086586,-0.2829138040542602,-0.2637505233287811,-0.0704973116517067,0.1476931422948837,0.4357079565525055,0.1040400341153144,-0.0018590955296531,0.3510555624961853,0.5785667300224304,0.3564932346343994,0.6934914588928223,0.679336667060852,0.0104836616665124,0.0564589947462081,0.7340412735939026,0.1752452552318573,0.2012858837842941,-0.0871088057756424,-0.3348755538463592,0.3416852355003357,0.4577639102935791,0.0921465083956718,-0.3791273832321167,0.1978586614131927,-0.3546416461467743,0.022784799337387,0.1496625989675521,-0.1252868771553039,-0.5897769331932068,-0.1402485072612762,-0.3272507786750793,-0.0684032961726188,-0.3228187263011932,0.0190828200429677,-0.2642982602119446,-0.1895128786563873,0.4754997789859772,0.5465635061264038,-0.3432522714138031,-0.4947033226490021,0.0661941245198249,0.1486280560493469,-0.2436039745807647,0.0329280830919742,0.3342507183551788,0.0609131380915641,-0.1993527859449386,-0.1038708686828613,-0.1225041300058364,-0.7654577493667603,-0.1809513568878173,0.1823080629110336,0.5486641526222229,0.6670817136764526,0.0836969092488288,-0.4102867245674133,-0.1596604883670807,0.0641829669475555,0.41860231757164,0.4693977534770965,0.0235138665884733,-0.2178714871406555,-0.1163903400301933,0.1123312413692474,0.0234616789966821,-0.4307290911674499,0.4540130794048309,0.0891013666987419,0.0694965943694114,0.1876751631498336,-0.3531686067581177,0.0571272075176239,0.099262423813343,0.2436669766902923,0.4375408589839935,-0.1751574277877807,-0.2531989812850952,-1.1579662561416626,-0.1474110037088394,-0.4238226115703583,0.240944430232048,-0.0229290518909692,0.2703250348567962,-0.0288698673248291,0.0300190560519695,0.1063414216041565,0.0921325087547302,-0.0048435442149639,-0.0115073593333363,-0.6693958640098572,0.6478696465492249,0.3731890618801117,-0.0399430766701698,-0.2551764845848083,0.0868210196495056,-0.6690106987953186,-0.8683549165725708,0.4485820829868316,0.0327773801982402,0.4756841659545898,-0.1879514008760452,0.6306437849998474,-0.1764864474534988,0.3404259085655212,-0.2414940297603607,0.1455051600933075,-0.2490084022283554,-0.0335902050137519,0.0357912965118885,0.1189820393919944,0.2900749742984772,0.1725076138973236,-0.2291601449251175,-0.8257033824920654,-0.539578914642334,0.2128918915987014,0.1579566001892089,-0.0846386104822158,0.3606202304363251,-0.2936067283153534,0.1427958160638809,0.1351746618747711,-0.050179373472929,-0.7020211815834045,-0.1100041419267654,-0.2611162066459656,0.1687016189098358,-0.2937432825565338,-0.277439534664154,-0.1802654564380645,-0.188336968421936,-0.2858226001262665,-0.413237452507019,-0.2191290557384491,0.5132681131362915,0.2143925279378891,-0.3704860508441925,0.2131724655628204,-0.2270429283380508,-0.1162884011864662,0.1732624322175979,0.5905160903930664,0.2449256777763366,-0.0542839206755161,-0.6695424914360046,0.5975235104560852,0.3616766631603241,0.6715648174285889,-0.2781699895858764,-0.1996998339891433,-0.1764185428619384,-0.1549039781093597,-0.0907438024878501,0.2669422328472137,-0.6086944341659546,-0.5302732586860657,0.6358405947685242,-0.8042719960212708,0.306021898984909,0.3997741937637329,0.0580411031842231,-1.2747043371200562,-0.1770750284194946,0.0199602469801902,-0.0559020899236202,-0.7632868885993958,0.330546498298645,0.5242547988891602,0.176424041390419,-0.2666557729244232,-0.0371856838464736,0.381560355424881,0.649979293346405,0.0438561961054801,0.4345723390579223,0.0830164030194282,-0.241769328713417,0.1650094091892242,-0.4878402650356293,0.0510681867599487,0.2032794803380966,0.1219325885176658,-0.3967243432998657,0.0546043291687965,-0.6941237449645996,-0.2262191176414489,-0.0231471564620733,0.2784491181373596,0.3060267567634582,0.1006729826331138,-0.4909739792346954,0.2384723871946334,0.3490345776081085,0.2425585836172104,0.74299156665802,-0.3225443661212921,0.5069049000740051,-0.1016110479831695,0.2088725566864013,0.2729969620704651,0.0713843405246734,-0.3157123625278473,-0.1088915988802909,0.5544337630271912,0.3192695379257202,-0.3193883001804352,0.0770788788795471,-0.0413034334778785,0.0208734218031168,-0.2058800309896469,0.3822902143001556,0.5489621162414551,0.5076118111610413,0.4455747902393341,0.142261192202568,0.0956121906638145,-0.0756447166204452,-0.0784140229225158,-0.2992359399795532,0.1259585469961166,-0.9253584146499634,0.5292537808418274,-0.0202331785112619,0.2881367802619934,0.0305612701922655,-0.2739304006099701,-0.386917382478714,0.2486032545566558,-0.4988083839416504,-0.2838663160800934,-0.5094550251960754,-0.6843681335449219,-0.3061971366405487,-0.4652871489524841,-0.3746517300605774,0.0358070209622383,0.4714184999465942,0.1892691850662231,-0.5829437375068665,-0.5172565579414368,0.293249249458313,-0.0378361195325851,0.1895539462566375,0.1276949942111969,0.1623629778623581,-0.0314908251166343,-0.1710988134145736,-0.3388093113899231,-0.3713483214378357,-0.4751995801925659,-0.2896473407745361,-0.4340380430221557,0.0490949600934982,0.2893665432929992,0.5014861226081848,0.0267183482646942,-0.0503257401287555,0.0109760574996471,0.2304404526948928,-0.1981668919324875,-0.2665379047393799,-0.6875424981117249,0.1115221455693245,0.0345836654305458,-0.0621969886124134,0.0899233594536781,0.2763842642307281,0.2269110679626464,0.356235146522522,0.1980555206537246,-0.1195008009672164,-0.2947919964790344,-0.1336406618356704,0.3473753035068512,0.1018130779266357,0.5739050507545471,0.2617577016353607,0.1019985154271125,0.5320674180984497,0.0117770312353968,-0.7196062803268433,-0.307098925113678,0.2341420352458953,-0.3885571360588074,0.5452584624290466,0.3111253082752228,0.6458250284194946,0.0471418239176273,0.5328022241592407,0.3870441913604736,-0.0384281948208808,0.0060584237799048,-0.1849270612001419,-0.0792526751756668,0.2982241809368133,0.6680914163589478,0.3049430847167969,0.2766245305538177,0.2434167563915252,-0.2800417840480804,0.3939050734043121,0.0169157776981592,0.1569184958934784,0.3212917745113373,0.425111174583435,-0.3546846508979797,-0.1959741115570068,-0.0065610501915216,-0.1796686053276062,-0.6911113262176514,-0.030459301546216,0.3639238178730011,0.0577213317155838,0.0138374436646699,-0.0617824643850326,-0.3145966529846191,0.0575002320110797,-0.1562371402978897,0.0846666693687439,-0.0297804344445467,0.6676607728004456,0.5267125368118286,-0.1246670931577682,-0.5650449395179749,-0.0783725380897522,0.0070767970755696,0.5110058188438416,0.2314977943897247,-0.4168170988559723,-0.4203201234340668,0.5463919639587402,-0.1777871549129486,-0.3023037016391754,0.2992358207702636,0.4873916208744049,0.1902102828025818,-0.6523327231407166,-0.1312676519155502,0.2423440068960189,-0.069863922894001,-0.2317517697811126,0.1511891335248947,0.3226082026958465,-0.6729677319526672,-0.2051405161619186,-0.3296384215354919,-0.5316594243049622,-0.1288014650344848,-0.90593421459198,0.0122679648920893,-0.3130879700183868,-0.0398196391761302,0.116017498075962,0.1164209470152854,-0.4427445828914642,0.2454299032688141,0.18927963078022,0.5480904579162598,0.3001657724380493,-0.0467945896089077,0.0027781857643276,-0.4207446575164795,-0.2943643629550934,0.525679349899292,-0.0789788588881492,0.0241179056465625,-0.5657721757888794,-0.7641564607620239,-0.195248082280159,-0.4141111969947815,-0.7125152945518494,0.346152126789093,0.3568065464496612,0.4127761125564575,-0.1853696405887603,0.4510211646556854,-0.4175134599208832,0.0134009951725602,0.0945235639810562,-0.3259897828102112,-0.5003342032432556,-0.6877703666687012,0.4156336486339569,-0.4148946404457092,-0.5546296834945679,0.533082902431488,0.7362151145935059,-0.6056790351867676,-0.4704314172267914,-0.3471020758152008,-0.2913931906223297,-0.4879886209964752,-0.0791056752204895,-0.1527263224124908,0.5108745694160461,0.2999103963375091,0.217180922627449,0.1677300035953521,-0.1342612951993942,-0.3614626824855804,-0.550509512424469,0.5579860806465149,0.3149150311946869,-0.1140775680541992,-0.0431632287800312,-0.1668785810470581,-0.2226364761590957,-0.876133382320404,0.3561354577541351,0.1662034541368484,0.2313094139099121,0.3397119641304016,0.4534662663936615,0.7042503952980042,-0.6991370916366577,-0.0977260768413543,0.3352156281471252,0.2906300127506256,0.2743159830570221,-0.2033537924289703,-0.1723652482032776,-0.8640047311782837,0.4594247043132782,-0.3346432149410248,0.2345033138990402,0.0886781588196754,-0.3827914297580719,0.2816191613674164,-0.3254708349704742,-0.3263168931007385,0.1017235368490219,-0.1844791024923324,0.1158222630620002,-0.1190980970859527,-0.3666764795780182,0.1756670027971267,-0.004540666937828,-0.110253058373928,-0.0217340104281902,-0.1461906880140304,-0.1675453931093216,0.5465918779373169,-0.1147160828113555,0.3251822590827942,0.0742973536252975,-1.253794550895691,0.144153892993927,-0.5998491644859314,0.0984874367713928,0.6865691542625427,0.0954359173774719,-0.0119657963514328,0.07819814234972,0.1667274832725525,0.1513860374689102,0.0979283154010772,-0.5023730993270874,0.5600545406341553,-0.0706957057118415,0.0247862823307514,-0.0192125607281923,0.5468743443489075,0.6666253209114075,0.1507400870323181,0.1339886486530304,-0.0905893072485923,0.5733475685119629,0.1007451340556144,-0.163917988538742,-0.1307977735996246,0.1112219169735908,0.4734780788421631,-0.0464152880012989,-0.0021004502195864,-0.4986327588558197,-0.316165417432785,0.1277067959308624,-0.5954380035400391,0.3214931488037109,0.2718501091003418,-0.3457782864570617,0.3641980290412903,0.2738633453845978,-0.0964826121926307,-0.3169559836387634,-0.2691870927810669,0.4478247761726379,-0.8518441319465637,-0.1738712638616562,-0.2506546080112457,-0.4870877563953399,-0.1009065508842468,-0.1731685101985931,-0.3787652552127838,0.3187853395938873,-0.4104363322257995,0.0724791884422302,-0.1777455806732177,-0.0974716022610664,-0.0207787565886974,0.2082187235355377,-0.310959905385971,-1.1831117868423462,-0.018887560814619,0.1997989863157272,0.5480372905731201,-0.1685795038938522,0.290980577468872,-0.1588540375232696,0.5085758566856384,0.581818163394928,-0.0495408847928047,-0.0191274844110012,-10.395748138427734,-0.3648514747619629,-0.1699609607458114,-0.5694424510002136,-0.2486298680305481,0.2238756269216537,0.8748603463172913,0.0219626016914844,-0.4872210621833801,0.6392317414283752,-0.0414543189108371,0.7799879908561707,0.2678171098232269,0.879665732383728,-0.4302240312099457,-0.1823977082967758,0.6826649308204651,-0.1672426462173462,0.3250682651996612,0.2803526520729065,0.1035856530070304,-0.5126528143882751,0.4772702157497406,0.4918653666973114,-0.072167307138443,-0.7077496647834778,-0.4305875897407532,0.541725218296051,-0.2961243987083435,0.5258428454399109,-0.3643198609352112,0.7311316132545471,-0.1226826533675193,0.6116001009941101,-0.3015701472759247,-0.2191014587879181,0.1333093494176864,0.0602326914668083,0.3467763364315033,0.363430768251419,0.3494818806648254,0.2821201682090759,0.1826737225055694,-0.3562747240066528,0.211686223745346,0.0805666297674179,0.3654796183109283,0.3229259550571441,0.6227075457572937,0.4204259514808655,0.2006885260343551,-0.3788065314292907,-0.0361131429672241,0.0680233314633369,0.0061718095093965,-0.2934602200984955,0.0381616130471229,-0.699855387210846,-0.3737648725509643,-0.2717403471469879,0.5420739054679871,-0.198461040854454,0.2194374054670334,0.4790965914726257,-0.2034834325313568,-0.0642513632774353,0.2128674387931823,0.3906774520874023,-0.3277942240238189,-0.1685505807399749,0.5945935249328613,0.1773629933595657,0.0763745903968811,0.5214588046073914,-0.4542233943939209,0.2043546885251999,-0.1271895170211792,0.0358935743570327,0.6773524284362793,0.00500895595178,0.3620086908340454,0.519858717918396,0.0754419043660163,0.7712356448173523,-0.8363032937049866,-0.0285395178943872,-0.0694998428225517,0.2663995921611786,0.0498742461204528,-0.4347313642501831,0.0865727961063385,0.3080612123012543,-0.2451309412717819,0.0233193971216678,0.6832821369171143,-0.1553211957216262,0.1308640241622924,0.2323853522539138,0.7078955173492432,-0.2662933468818664,0
0.4868707358837127,0.2079494297504425,0.4883789420127868,-0.550900399684906,0.4626130163669586,0.121281012892723,0.0912269577383995,-0.1813520938158035,-0.0467244423925876,-0.4795567691326141,0.6885204911231995,-0.3099619746208191,0.0151986768469214,0.0246261153370142,0.3350607752799988,-0.3567440807819366,0.2615514695644378,-0.224953681230545,0.0896363854408264,-0.4717234373092651,-0.6567620038986206,-0.1281601190567016,-0.201838806271553,0.1762697547674179,0.0885178595781326,0.0099206529557704,-0.4736396372318268,-0.0735934898257255,-0.0685933008790016,-0.2143206894397735,-0.605719268321991,-0.3406910598278045,0.286326915025711,0.3111657202243805,-0.1167178973555564,0.2430902570486068,0.1077812016010284,-0.098121665418148,0.2638300359249115,-0.3867271542549133,0.0454277284443378,-0.02167852781713,-0.2648947536945343,-0.0970964804291725,-0.2957008183002472,0.8406780362129211,0.2340423464775085,0.3421628773212433,0.7341201901435852,-0.2025543004274368,-0.4249922037124634,0.3469067811965942,0.1500661969184875,-0.0303254034370183,0.4063856303691864,-0.1771214455366134,0.2077113091945648,-0.5447958111763,-0.2614684998989105,0.3543164134025574,-0.5532571077346802,-0.2449434846639633,0.7746521830558777,-0.0899620279669761,-0.0516972951591014,-0.342397004365921,0.0441427901387214,-0.1556743681430816,0.0106326714158058,-0.8261442184448242,-0.6571635007858276,-0.0567122437059879,-0.1262668371200561,-0.2640563547611236,1.251482605934143,-0.1538983136415481,0.1740613132715225,0.3963647186756134,0.3224512338638305,-0.1065797880291938,0.0997388288378715,0.4761493802070617,0.0683448016643524,-0.7463029026985168,0.0736038610339164,0.3169881701469421,-0.1347614079713821,-0.5592920780181885,0.3807528018951416,-0.4066742956638336,-0.5342354774475098,0.6104951500892639,0.6117584705352783,0.2628654837608337,-0.0787698924541473,-0.0027540798764675,-0.000994143076241,-0.3117029666900635,-0.4542104303836822,0.0181202944368124,-0.053630881011486,-0.1093823760747909,0.200402483344078,0.4620646834373474,0.4107337892055511,0.0381456390023231,-0.3808303475379944,0.032655082643032,0.1720614731311798,0.0905015170574188,-0.2240355759859085,-0.4512054324150085,-0.4160735011100769,0.6146683096885681,-0.2297453731298446,-0.102816954255104,-0.1949191391468048,0.0440123341977596,-0.1912465393543243,0.6322449445724487,0.210728257894516,0.2032429426908493,0.2747454941272735,-0.2248293906450271,0.1163965910673141,0.6398226618766785,0.1713525354862213,-0.3835619390010834,-0.366873949766159,0.0832146629691124,-0.1861176490783691,0.2873241007328033,-0.0894091725349426,-0.2028216868638992,-0.5224685668945312,1.0417276620864868,-0.2008852958679199,-0.0539882369339466,-0.3321657180786133,-0.4509543478488922,-0.360283225774765,-0.0357839204370975,0.1271926760673523,-0.1759262084960937,0.1487833708524704,0.0932709723711013,-0.487331360578537,-0.4072125256061554,-0.079468660056591,-0.3014562726020813,-0.1201192215085029,1.0405274629592896,-0.8401033282279968,0.0393184460699558,-0.0702311769127845,-0.0206679720431566,-0.9087058305740356,0.0924965441226959,0.3321253657341003,0.2915297448635101,0.2183434814214706,-0.81412672996521,0.1714003682136535,0.6007859706878662,-0.2182059437036514,0.4350793361663818,0.0848536789417266,0.4531989991664886,0.082535520195961,0.6636136174201965,-0.1421514749526977,0.4049449265003204,0.1521109342575073,-0.2731350064277649,0.6085896492004395,0.3035077452659607,0.2097351849079132,0.0043528163805603,0.1939515471458435,-0.5537717938423157,-0.0350065790116786,0.0048167295753955,-0.3198368549346924,-0.5149656534194946,0.3396261930465698,-0.1161999925971031,0.1428730636835098,0.1778001189231872,-0.2779326736927032,0.1015555784106254,0.1639135777950287,-0.4183435440063476,0.4518981873989105,-0.0596767701208591,-0.2373472452163696,-0.7151142954826355,-0.3101483583450317,0.1565800756216049,-0.6126844882965088,0.6996737718582153,0.1960583925247192,0.0637141391634941,-0.2737035453319549,-0.5005072355270386,-0.6061068177223206,-0.3094664514064789,0.5522167682647705,-0.0065893726423382,0.2296792119741439,0.6124159097671509,-0.2390262931585312,0.2118097096681594,0.4045111835002899,0.2100452035665512,0.2675347626209259,0.2248073518276214,0.0018500502919778,-0.0633225962519645,0.3355198502540588,-0.7833343744277954,0.4635674655437469,-0.2890464067459106,0.4364186227321625,-0.1116339713335037,0.269094169139862,0.1870846450328827,-0.0080717513337731,-0.2900806963443756,-0.044090699404478,0.508892297744751,-0.5143128037452698,-0.3169381618499756,-0.9389352202415466,0.2775562703609466,-0.7697796821594238,0.1346524953842163,-0.0469939112663269,0.5006145238876343,-0.4950182139873504,0.5215675830841064,0.2497805804014206,-0.1121799573302269,0.2993261516094208,-0.2915922999382019,-0.0916415154933929,-0.0137067204341292,-0.0765860900282859,0.0293723177164793,-0.2950349748134613,0.3774317502975464,-0.5782741904258728,-0.4878269135951996,0.5255984663963318,-0.3891220986843109,0.6915884017944336,0.5459463596343994,0.3344857692718506,-0.1865251213312149,0.437023252248764,-0.4372636079788208,0.3625898659229278,-0.3918406665325165,-0.0733695477247238,-0.0378590486943721,-0.1140413433313369,0.1915168017148971,-0.0274605024605989,-0.6746289134025574,0.1513894498348236,-0.7363781332969666,0.5484305024147034,-0.4287079274654388,-0.1917788237333297,-0.1972842365503311,-0.211388275027275,0.1662224680185318,-0.2983362078666687,0.2068521827459335,-0.3026696145534515,0.2002725452184677,-0.7448209524154663,0.0799385607242584,-0.5306863784790039,-0.0227033384144306,-0.0928113162517547,-0.2776319682598114,-0.2214412093162536,0.066002644598484,-0.2130155563354492,0.4492154419422149,0.1799887716770172,-0.0885716453194618,-0.4200237393379211,0.0934969633817672,-0.3711792528629303,-0.1364453136920929,0.3391126692295074,0.4445263743400574,-0.2260433286428451,0.2087699770927429,-0.0311610177159309,0.4582980573177337,-0.1269419640302658,-0.0319482386112213,0.1574471294879913,-0.3849587440490722,-0.2987823784351349,-0.3764740526676178,0.3070196807384491,-0.328237384557724,-0.1249945014715194,0.7787013053894043,-0.354297012090683,0.0250440724194049,0.207493707537651,0.5394543409347534,-1.3197681903839111,0.0487489700317382,-0.018678119406104,-0.2795045971870422,-0.3830400109291076,0.6313517689704895,0.0210742410272359,0.0693660303950309,-0.3499996960163116,-0.4297904372215271,1.099228858947754,0.2384929358959198,-0.2421613186597824,-0.3423108160495758,0.4468829035758972,0.1891531646251678,-0.0084758773446083,-0.6150385141372681,-0.1383856832981109,0.3683922886848449,-0.1461763083934784,0.1832056939601898,0.2646670341491699,-0.2887140214443207,-0.1536682695150375,0.5394020676612854,-0.1372655034065246,0.577667236328125,-0.1409267336130142,-0.1161870956420898,0.0201383903622627,0.9951343536376952,1.1601394414901731,0.790808379650116,-0.2944014370441437,-0.0795457363128662,0.4861855804920196,0.5656149387359619,0.6665995717048645,-0.1730534732341766,0.0565650537610054,0.0295314732939004,0.4956611394882202,0.4778467118740082,-0.2280270904302597,0.1681633740663528,0.4915581047534942,0.8236240148544312,0.3244971036911011,0.1710482537746429,0.2501628398895263,0.3326368331909179,0.0866409242153167,0.3806838095188141,0.8059060573577881,0.298864334821701,-0.3805890381336212,-0.4380350708961487,-0.359504759311676,0.0047465036623179,-0.1668532788753509,-0.2002646476030349,-0.2723799347877502,-0.0804928988218307,-0.4306133091449737,0.0921047404408454,-0.0181933417916297,-0.4223751127719879,-0.2116104662418365,-0.673562228679657,-0.4095958769321441,-0.1947224289178848,0.079605795443058,-1.0541467666625977,0.4862031936645508,0.3770010769367218,0.42972132563591,-0.4699141383171081,-0.5458283424377441,0.1056305095553398,-0.3782083690166473,-0.0783784613013267,0.0083168447017669,0.3076265454292297,-0.1923711150884628,0.0385910719633102,-0.3073025345802307,-0.1761689931154251,-0.4490758180618286,-0.0604020878672599,-0.9064345955848694,-0.4911035895347595,0.0078222183510661,0.3159095346927643,-0.1263137608766555,0.1429377198219299,0.1221012249588966,0.5545070171356201,-0.3269628584384918,0.0004388684756122,-0.6396679282188416,0.4578623175621032,0.7329128384590149,-0.1588564366102218,0.4051835536956787,0.4882889688014984,0.1835133284330368,0.36062753200531,0.032995332032442,0.3531346619129181,-0.6653755307197571,-0.1120981946587562,0.7203813791275024,-0.260905772447586,0.2898926436901092,0.0110164107754826,-0.4164025485515594,0.2027633190155029,-0.4261585474014282,-0.2665686011314392,-0.2817472219467163,0.1154417023062706,-0.1803697943687439,-0.0221825372427701,0.3615373373031616,0.6952488422393799,-0.0921077653765678,0.5078432559967041,0.0901524722576141,-0.1617416441440582,0.6478137373924255,0.3509836196899414,-0.5201947689056396,0.164731964468956,-0.0546946860849857,0.3945431709289551,0.2971109747886657,0.2715695798397064,0.6533185839653015,0.4222796559333801,-0.1568081825971603,0.2983610332012176,0.2899158298969269,0.420342355966568,-0.2567653656005859,-0.5781151056289673,-0.0652232766151428,0.0114136701449751,-0.472823828458786,-0.2424145936965942,0.361390471458435,-0.0224036015570163,0.3369963467121124,-0.0070771384052932,-0.8400317430496216,-0.6168509721755981,-0.6446452140808105,-0.0474027879536151,-0.1570484042167663,-0.0025475255679339,0.8258790373802185,-0.0861581787467002,-0.7353359460830688,0.6563680768013,0.1821232885122299,0.2819777727127075,0.44384765625,-0.1382059603929519,-0.0779041498899459,0.3110784590244293,0.243604838848114,0.0747796297073364,0.4721215069293976,0.0263671297580003,-0.2087450921535492,-0.6663817763328552,0.4957854747772217,-0.0516476221382617,0.1760611683130264,-0.2939028739929199,0.530614972114563,0.0126364398747682,-0.6596765518188477,-0.631372332572937,-0.0175144113600254,-0.102907471358776,0.0185661539435386,0.0208101850003004,-0.1216693893074989,0.0761394500732421,0.3096867501735687,0.3455348312854767,0.7779531478881836,-0.3516948819160461,0.1715013235807418,0.6859332323074341,0.6577200293540955,-0.2240976244211197,-0.0760074034333229,-0.4059945046901703,-0.3623499274253845,-0.3564415276050567,0.269671082496643,-0.1866178810596466,-0.2471917569637298,-0.4588161706924438,-1.0668716430664062,-0.5941849946975708,0.0688545107841491,-0.6164239048957825,0.3201131224632263,0.2799863517284393,0.1850476115942001,-0.290233314037323,-0.1905516535043716,-0.4886767864227295,0.3714143335819244,-0.000700740434695,0.2670102715492248,0.0769363790750503,-0.4736100137233734,0.1334388107061386,-0.7450750470161438,-0.4259662926197052,0.8520615100860596,0.7533650994300842,-0.6253885626792908,-0.1405572742223739,0.4068232178688049,-0.4351517558097839,-0.5251708030700684,-0.3288036584854126,-0.0574375465512275,0.0308558363467454,-0.0577387623488903,-0.2683954536914825,0.2904980778694153,0.1612909436225891,0.2099916934967041,-0.0457261577248573,0.4514992833137512,0.3842048645019531,0.5719150900840759,0.108089730143547,-0.1362495273351669,0.0670223534107208,-0.5864270925521851,0.4911938905715942,0.2613664269447326,0.4047932922840118,-0.3859580457210541,0.209836721420288,0.8785381317138672,-0.5356251001358032,0.4175658226013183,0.5217072367668152,0.4872502982616424,0.505094051361084,-0.5262318253517151,-0.0125313699245452,-0.8846436142921448,0.0686695277690887,0.0464947000145912,0.017620800063014,0.4847925007343292,0.0637591779232025,-0.3195553719997406,-0.5455775856971741,-0.5255492925643921,0.3507944345474243,0.4249826371669769,0.4179239571094513,-0.0877870917320251,-0.0220574438571929,0.5461474061012268,0.3953705132007599,0.089684210717678,-0.4367555975914001,0.1704565286636352,0.2641899585723877,0.7814040184020996,-0.1995824724435806,0.5438302755355835,-0.7517011761665344,-1.190768122673035,0.2655358910560608,0.0868844389915466,0.0274184700101614,0.3622595369815826,-0.4814813435077667,0.0794841274619102,0.1429188996553421,0.3315563797950744,0.0180438328534364,-0.4928358495235443,-0.8237752914428711,-0.0786128267645835,0.0957009717822074,-0.5681291818618774,0.0364212617278099,0.0151638844981789,0.91337388753891,0.4651232063770294,-0.1341239809989929,-0.2419827580451965,1.049137830734253,0.1455228477716446,0.120935209095478,-0.1442812234163284,-0.0421544015407562,0.1299348920583725,0.2267729938030243,0.1315604895353317,-0.4520497918128967,-0.333946019411087,0.2573505938053131,-0.5299175381660461,0.061383381485939,-0.2560333609580993,0.0177683308720588,0.1509685218334198,-0.0113515425473451,-0.2675824463367462,-0.3721432983875274,-0.1486816704273224,-0.1724599599838256,-0.7157665491104126,0.2660408616065979,0.0126407612115144,-0.0204727593809366,-0.3715798556804657,-0.0151869971305131,-0.5965896844863892,-0.3341116607189178,0.0075120339170098,0.5591555833816528,-0.7135568857192993,-0.6283758878707886,0.5806432366371155,-0.2137820124626159,-0.2620254158973694,-0.7189838290214539,0.1424958854913711,0.0816798731684684,0.5325878262519836,-0.2107699066400528,0.2723670303821563,-0.3993126153945923,-0.0150620993226766,0.1067553237080574,-0.1090158149600029,0.5568524599075317,-10.187359809875488,0.1711428612470626,-0.4464468657970428,-1.1386390924453735,-0.0665484443306922,0.1588861644268036,0.4510736763477325,0.338424950838089,-0.2204774916172027,-0.0847415477037429,-0.0601294562220573,0.4050852954387665,0.3033035099506378,0.322946548461914,-0.9586413502693176,-0.1252761930227279,-0.3609889447689056,-0.2083401083946228,0.0664683803915977,-0.670790433883667,-0.2609117031097412,-0.4504331052303314,0.6067798733711243,0.637122392654419,0.035034779459238,-0.3592955470085144,-0.4894201159477234,0.231084331870079,0.0089098559692502,0.2508890628814697,-0.6307515501976013,0.652456521987915,0.1432319730520248,0.4516701102256775,0.086641140282154,-0.0974258258938789,-0.2713007032871246,0.6257935166358948,-0.3700024485588074,0.342485100030899,0.2646548449993133,0.3656089305877685,-0.3202582597732544,-0.0797861963510513,0.0659766569733619,0.0707174837589263,0.5855342149734497,0.2202647626399994,0.6852136254310608,0.0700863301753997,-0.1763507574796676,0.2850565612316131,-0.2577462792396545,0.0563963055610656,-0.0028930585831403,0.073710024356842,0.8301398158073425,-0.1715298146009445,-0.2740088701248169,0.1091502457857132,0.4211184680461883,-0.0583479963243007,0.4832911193370819,0.7381985187530518,0.2021373361349105,0.0653232485055923,0.4991310834884643,0.5631673336029053,-0.6763712763786316,-0.1979986131191253,0.2104098498821258,0.2619231641292572,-0.0863594114780426,0.3745808899402618,-0.316290020942688,0.5314692258834839,0.043662205338478,-0.1058293581008911,-0.0781411826610565,0.2980992496013641,0.8347527384757996,-0.4990279078483581,0.1110679805278778,0.3549347519874573,-1.2934144735336304,0.0375192873179912,-0.0784960836172103,0.2693603634834289,0.2120212465524673,-0.7358568906784058,0.4592650830745697,-0.5310732126235962,-0.60149747133255,0.306140661239624,0.4003915786743164,-0.3961745202541351,-0.1143051609396934,0.1391668319702148,0.390625387430191,-0.202238991856575,0
0.2505481839179992,0.4489372670650482,0.1492974162101745,-0.5586414337158203,-0.0013604935957118,0.0918458104133606,0.3721223175525665,-0.0234025865793228,0.0832772254943847,-0.4972952902317047,0.922433853149414,0.0710767582058906,-0.3678937554359436,-0.0582557208836078,0.4592601954936981,0.0477102994918823,0.3026152551174164,-0.0985034108161926,-0.3389739096164703,-0.3084463775157928,-0.4294740259647369,-0.4628788530826568,0.0032123664859682,0.1254025250673294,0.4180895090103149,-0.4004127383232116,-0.0911752507090568,0.2276809960603714,-0.1435918509960174,-0.1566646099090576,-0.3757165074348449,-0.3744196891784668,-0.1879740059375763,-0.2184703797101974,-0.278684914112091,0.8278489112854004,0.1410537958145141,-0.2761842608451843,0.0495626181364059,-0.0305525045841932,-0.2750777900218963,-0.103702962398529,0.1346310377120971,-0.2775102853775024,-0.3408503830432892,0.5337256789207458,0.0850845575332641,0.2999982237815857,0.3017307221889496,-0.0298516284674406,-0.4111286401748657,0.4123713672161102,0.2305360287427902,-0.0554429590702056,-0.0002612370881251,-0.1306027173995971,-0.1068493500351905,-0.177051767706871,0.1526751071214676,-0.0106077278032898,-0.080419547855854,-0.2179279178380966,0.1381518840789795,-0.0645262748003006,-0.4898168444633484,-0.2554144263267517,0.0158404614776372,0.0089113507419824,-0.1771092265844345,-0.5936737656593323,-0.3995041847229004,0.2752134203910827,0.1364410668611526,-0.409847617149353,0.4420993030071258,-0.3259541392326355,0.3144108355045318,-0.1611713469028473,-0.1378859132528305,-0.1059435307979583,-0.2272272706031799,0.4182016253471374,-0.1328671723604202,-0.6189823150634766,0.1171788424253463,0.0059523768723011,0.1065851971507072,-0.4834829270839691,0.3780913650989532,-0.5386707186698914,-0.3544098436832428,0.272403359413147,0.5725651383399963,0.3448121547698974,-0.2858032286167145,0.0702245160937309,0.1583373248577118,-0.2321749329566955,-0.2503252625465393,-0.1264444589614868,0.5010859966278076,-0.3914403915405273,0.1215318441390991,-0.1627832204103469,-0.1635713726282119,0.1289453953504562,-0.4897728264331817,0.5729210376739502,-0.0315574333071708,-0.1191677451133728,-0.2018569260835647,-0.2577365636825561,-0.3563779592514038,0.4040128290653229,-0.2662290036678314,-0.1149513870477676,-0.1682388335466385,0.3997953832149505,-0.2984249293804168,0.1948220431804657,0.2346782982349395,0.2928614318370819,0.0676141455769538,0.1553054451942443,-0.0961431860923767,0.5456915497779846,-0.2279289662837982,-0.0558218955993652,0.0611917041242122,-0.2349888235330581,0.2706878185272217,0.0724034383893013,-0.3393912613391876,-0.1392006874084472,-0.5784204006195068,0.2526203095912933,-0.155659407377243,0.0599726513028144,-0.0823525488376617,-0.5838775634765625,0.047910239547491,-0.2668199837207794,0.2308844178915023,0.1897561997175216,0.0472326166927814,0.0304461829364299,0.4092461466789245,-0.2077170759439468,0.446753054857254,0.1353139877319336,-0.0519040711224079,0.783359169960022,-0.3722396194934845,-0.2989800870418548,-0.2798097133636474,0.042486522346735,-0.3434524536132812,0.0400078408420085,0.0653272718191146,0.4727227985858917,0.2746033072471618,-0.6966155767440796,0.0782220959663391,0.4430415630340576,0.2624966502189636,0.7815207242965698,0.1209591776132583,-0.0958712175488472,-0.0241772830486297,0.5504213571548462,0.2618978321552276,0.4256070256233215,0.1255105286836624,-0.5663151741027832,0.2344573885202407,0.5653722882270813,0.1362340450286865,0.1511902064085006,0.2922266721725464,-0.4613509178161621,0.1085969433188438,-0.4493367969989776,-0.2269296944141388,-0.4779540002346039,0.5775596499443054,-0.1593138724565506,-0.1407499462366104,0.0492161028087139,0.0404408201575279,0.0006456886767409,-0.5783886313438416,0.0301188584417104,0.5472155809402466,-0.4307481944561004,-0.0494826287031173,-0.1220207810401916,-0.0579941235482692,-0.3472139537334442,-0.1853754818439483,0.5233907103538513,-0.0871587991714477,0.2898628711700439,-0.2703546583652496,-0.2009024322032928,-1.124642014503479,-0.222978800535202,0.2935783565044403,0.4990005493164062,0.2641696035861969,0.1191057860851287,-0.4838886857032776,0.2278601378202438,0.4431247413158417,0.4852368533611297,0.0213789027184247,0.0502767190337181,-0.2780689299106598,0.179585114121437,0.3599025011062622,-0.5641339421272278,0.0423757135868072,-0.1109554767608642,0.0774233862757682,0.3421428501605987,-0.2297710478305816,-0.103759691119194,-0.0296202395111322,0.0609361641108989,-0.1472322195768356,0.7782184481620789,0.2733465433120727,-0.0964207574725151,-0.5749717950820923,-0.4450890123844147,-0.9197883009910583,0.2412146925926208,-0.1610824167728424,0.22455695271492,0.3092661798000335,0.297025203704834,0.2582457661628723,-0.2680031061172485,-0.1428358107805252,-0.2700835466384887,-0.2408133894205093,0.3363486230373382,0.1937740296125412,-0.1581805199384689,-0.5909778475761414,0.3315999209880829,-0.5108320713043213,-0.2683800160884857,0.6358513236045837,-0.1435994505882263,0.5744237899780273,0.1409382820129394,0.4897727072238922,-0.0853540748357772,-0.1874617785215377,-0.0955950766801834,0.0436156764626503,-0.4138393998146057,-0.1069721728563308,-0.2344851791858673,0.0109996134415268,0.1046502217650413,0.0584264323115348,-0.636326253414154,-0.0737071558833122,-0.3163428604602813,0.1024644523859024,-0.5688919425010681,-0.0704476460814476,0.230291873216629,-0.3569014072418213,0.250668466091156,-0.1041097939014434,0.3356075882911682,-0.2991388738155365,-0.0898166894912719,-1.0346769094467163,0.462022066116333,-0.7326732873916626,0.3542755842208862,0.1198809146881103,-0.1020419746637344,-0.0654364451766014,-0.1256033927202224,-0.1999105513095855,0.5118235349655151,0.1648826599121093,-0.2880998849868774,-0.5125777721405029,-0.0331790335476398,-0.1484315097332,0.0892459005117416,0.1570788919925689,-0.2203528583049774,0.0077931177802383,0.118221990764141,0.5483359098434448,0.1169387027621269,0.1514610946178436,-0.168676421046257,-0.3166066408157348,-0.8211398720741272,-0.174249917268753,0.1659409701824188,0.6097294688224792,-0.3898724913597107,-0.1515483856201172,1.065920114517212,-0.1712241768836975,-0.2753693759441376,0.2073781341314315,0.4925227761268616,-1.4006301164627075,0.1897653192281723,0.588225245475769,0.0082712536677718,0.0532373040914535,0.3261024951934814,0.305587887763977,0.3564168214797973,-0.5224007368087769,-0.0392370522022247,0.3144610822200775,0.3735979497432709,-0.0036170836538076,-0.3670718371868133,0.3963320851325989,-0.0700402110815048,0.0745707526803016,-0.612056314945221,-0.3191026151180267,0.4119139909744262,-0.0874440968036651,0.0874632224440574,-0.0170665271580219,-0.3100562393665313,0.0694663971662521,-0.2886847555637359,0.2692031264305115,-0.325777143239975,-0.2060827612876892,-0.2726702988147735,0.2635100781917572,0.449198842048645,0.661635160446167,0.5164912939071655,0.3551589548587799,0.2686977684497833,0.4473485052585602,0.3802987933158874,0.4603124260902405,0.3109914064407348,-0.1063156351447105,0.0195352584123611,0.5475675463676453,0.3219617009162903,0.2603946328163147,-0.0276618730276823,-0.2409785836935043,0.6404382586479187,-0.0342877991497516,0.4841922223567962,0.4391713440418243,0.6220520734786987,0.3925226628780365,0.2461102455854416,0.4162329435348511,-0.1992395222187042,-0.1421195566654205,-0.3447634279727936,0.2172411680221557,-0.2869605720043182,-0.159542977809906,-0.1537368595600128,0.2500409781932831,-0.1458094269037246,-0.51259446144104,0.1407272219657898,-0.4438359141349792,-0.0136881181970238,0.1929426491260528,-0.2214354574680328,-0.5873409509658813,-0.4135623872280121,-0.4071406424045563,-0.5993702411651611,0.487648457288742,0.2242782115936279,0.1675911098718643,-0.5403475761413574,0.1199017167091369,0.1179696023464202,0.1697641909122467,-0.1759710162878036,0.0114829167723655,-0.1525502800941467,0.0282090436667203,-0.1229961067438125,0.0094847762957215,-0.6527937650680542,-0.4276649355888366,-0.5186935663223267,-0.8451845645904541,-0.1182984411716461,0.1161651164293289,0.3922761380672455,-0.0325253829360008,0.1955144107341766,0.1770944148302078,0.2159095853567123,-0.2994886338710785,-0.1859803646802902,-0.8119920492172241,-0.0156768765300512,0.2146668434143066,0.2322666496038437,0.232969045639038,0.1962420046329498,0.1099632307887077,-0.0482075437903404,-0.2861345410346985,-0.012153910472989,-0.2400132715702057,-0.2711018323898315,0.9789894223213196,-0.2605230808258056,0.4552047252655029,-0.1963374316692352,0.1221195682883262,0.3167569637298584,-0.1554841697216034,-0.112817458808422,-0.0907303839921951,0.4706625342369079,-0.1368854939937591,-0.1007928028702735,0.0552294701337814,0.4654022455215454,-0.323762983083725,0.1653086394071579,-0.0653367415070533,0.1071037575602531,0.2053379118442535,-0.0762300416827201,-0.1510095745325088,-0.2405013442039489,0.1477335095405578,0.2341473698616027,0.2862294316291809,0.2517187595367431,0.2906464636325836,0.603635311126709,0.0465304367244243,0.2981800138950348,0.2586971819400787,0.7238072156906128,-0.2899322211742401,-0.2150292694568634,-0.4939345717430115,-0.0892949178814888,-0.4694490730762481,-0.1574169397354126,0.5626305937767029,-0.2203343510627746,0.2118527293205261,-0.1339785903692245,-0.6529372930526733,-0.0651318654417991,0.0051952362991869,0.0690673440694809,0.0703841000795364,0.3648920953273773,0.4399062097072601,-0.0126997204497456,-0.6327009201049805,0.5944579839706421,-0.3083150088787079,0.5145155787467957,0.3459455370903015,-0.5750617384910583,-0.2742610871791839,-0.0764722600579261,0.0789083093404769,0.0509687885642051,0.2437104284763336,0.5642279982566833,-0.3491406440734863,-1.0541503429412842,-0.1875897049903869,0.253937304019928,-0.1902288049459457,-0.4174838066101074,0.2181191146373748,0.1227318570017814,-0.9403929114341736,-0.6611847281455994,-0.3907082676887512,-0.2368012964725494,-0.0750048086047172,-0.9417609572410583,0.2107371240854263,0.0918762311339378,-0.0685869976878166,0.4357554912567138,0.0065562450326979,0.0523173697292804,0.2633278965950012,0.4124357998371124,0.32712522149086,-0.5278412699699402,-0.0882996395230293,0.1802866458892822,-0.0107608418911695,0.0757314711809158,0.4335595369338989,0.0022350514773279,0.1346089839935302,-0.0360789820551872,-0.6570267677307129,-0.1326983571052551,-0.3951635062694549,-0.8622023463249207,0.3906485438346863,-0.0485257804393768,0.2440661787986755,-0.4389907419681549,0.3586048185825348,-0.2363224476575851,0.0419668890535831,0.1436831504106521,0.0125273689627647,0.0706452205777168,-0.6102577447891235,0.3147449195384979,-0.4907277226448059,-0.4119032323360443,0.8037401437759399,0.6327239871025085,-0.277031272649765,0.0262137148529291,0.3444098234176636,0.0450162589550018,-0.3139759302139282,0.0423781313002109,-0.0282185282558202,-0.0554161630570888,-0.1430779546499252,0.2068943828344345,0.3075024485588074,0.0210439786314964,-0.2298358529806137,-0.2397428303956985,0.5746675133705139,0.4281243979930877,0.2773855924606323,-0.1015438437461853,-0.0849071964621543,-0.2149445414543151,-0.3835354745388031,0.1777462214231491,0.1371704339981079,0.6504777669906616,-0.1978227198123932,0.90113627910614,-0.1241719648241996,-0.3456954061985016,0.2918019294738769,0.6946764588356018,-0.100216694176197,0.2651370167732239,0.1185874417424202,0.1118910908699035,-0.889651358127594,0.1925767362117767,-0.256352037191391,0.2200701981782913,0.1242488473653793,0.4356253743171692,0.467876672744751,-0.6214590072631836,-0.260323166847229,-0.1672984957695007,0.1883513331413269,0.0608341209590435,0.5436148047447205,-0.025854293256998,0.0934903025627136,0.2462126761674881,-0.1927277445793151,-0.0298794582486152,0.1243695616722107,0.0780878812074661,0.8339083194732666,0.2224399149417877,0.0871190205216407,-0.2118162512779235,-0.8105356693267822,0.3458636999130249,-0.0689836740493774,0.018697315827012,0.4625156223773956,-0.282231330871582,0.1249693036079406,0.3071497082710266,0.6096946001052856,0.1468066424131393,-0.2993062138557434,-0.793890118598938,0.1002339199185371,-0.0204421188682317,-0.0992076396942138,0.2560797929763794,-0.0415349118411541,0.3648510277271271,0.203915536403656,-0.1634592562913894,0.0352919995784759,0.5447142124176025,-0.1733648031949997,0.0036587237846106,0.304246574640274,0.1871929317712783,-0.4307031333446502,0.0009281226666644,-0.2076293379068374,-0.4050754308700561,-0.4266373217105865,-0.2039306312799453,-0.2270745187997818,-0.0535288043320179,-0.1840565502643585,-0.0797881931066513,0.2254985123872757,0.1304506063461303,-0.1006392464041709,-0.3923006653785705,-0.3506778478622436,0.5158728361129761,-0.7764759063720703,-0.1357771307229995,-0.1237556636333465,0.0765950009226799,-0.1074878200888633,-0.0110861044377088,-0.3666615784168243,-0.1664658933877945,-0.1050653979182243,0.1489000916481018,0.0398935228586196,-0.416027158498764,0.2048544883728027,0.2299579083919525,-0.1175116971135139,-0.788458526134491,0.1993530094623565,-0.0932439640164375,0.6569687724113464,-0.1900956332683563,0.2818269431591034,-0.2750597894191742,0.2358642965555191,-0.3131818175315857,-0.1302007734775543,0.0328198932111263,-10.583672523498535,-0.0490938015282154,-0.445158988237381,-0.1263294517993927,-0.4172158241271972,0.4067028164863586,0.6914451718330383,0.2893685698509216,-0.4186541438102722,0.0356551110744476,0.3733002245426178,0.3360385596752167,0.267772227525711,0.3577016592025757,-0.6444789171218872,-0.2057143747806549,0.1316499561071396,-0.0891802087426185,-0.1396465450525283,-0.2161887139081955,0.2653757333755493,-0.0017534146318212,0.2895424365997314,0.6346953511238098,0.0794324725866317,-0.5257126092910767,-0.4686369895935058,0.2963267862796783,0.0342756062746048,0.2951556444168091,-0.3470078706741333,0.142052948474884,0.0479567125439643,0.319089412689209,-0.3116777241230011,-0.2718498408794403,-0.1247318685054779,0.3276664912700653,0.1142612621188163,0.191989004611969,0.2599020004272461,0.657625675201416,0.285983681678772,0.0854373276233673,0.2722641825675964,0.4464370608329773,0.5172173380851746,0.294055163860321,0.6834058165550232,-0.0487478226423263,0.0203231442719697,0.3268148303031921,-0.1709272563457489,-0.1003255695104599,0.3273875713348388,0.0490538142621517,0.7690467834472656,-0.6563530564308167,-0.44570192694664,0.073697306215763,-0.0454915389418602,0.0713259354233741,0.9178944230079652,0.5181217193603516,0.0308233760297298,-0.0776502043008804,0.312881737947464,0.4847948849201202,-0.5009794235229492,-0.2229619175195694,-0.0355613268911838,0.2150739580392837,0.0117330383509397,-0.0769709050655365,-0.5127115845680237,0.275899589061737,-0.004084981046617,-0.2585968971252441,0.3279469013214111,0.2067940235137939,0.1488009393215179,0.2203200012445449,0.015926444903016,0.1426022797822952,-0.5167419910430908,0.1087146177887916,-0.2099006623029709,0.1725313067436218,0.0848772972822189,-0.4644400477409363,-0.07003665715456,-0.2248544692993164,-0.0309130512177944,0.7703751921653748,0.4164022207260132,-0.0329809635877609,-0.0987273156642913,0.102551057934761,0.5012519955635071,0.0252322237938642,0
0.1059571653604507,0.3400538563728332,0.2309443056583404,-0.5771924257278442,0.3838703334331512,0.2666478753089905,-0.1735000908374786,0.1951106339693069,-0.0843930467963218,-0.3147010803222656,0.8027382493019104,-0.2645193636417389,-0.1719714552164077,-0.3638120293617248,0.4976372718811035,-0.0530947782099247,0.3921075463294983,0.034434974193573,0.0571922846138477,0.0535839758813381,-0.2755184173583984,-0.8965079188346863,-0.2734876871109009,0.6938999891281128,0.353704422712326,-0.6102827191352844,0.1340668350458145,0.5534462928771973,0.1715666949748993,0.0417400822043418,-0.7571069598197937,-0.2751629054546356,-0.5032557249069214,0.2917308807373047,-0.4609568119049072,0.2657385766506195,0.2567656636238098,-0.2057435065507888,-0.1637833714485168,-0.3165516257286072,-0.0615312047302722,-0.0047376514412462,0.1095427945256233,-0.1818056851625442,0.113456904888153,0.099284790456295,-0.2168059945106506,0.1542026847600937,0.5288239121437073,-0.1707174777984619,0.0193405617028474,0.3253199160099029,0.2735639810562134,-0.2362971305847168,0.0093983169645071,0.1325944364070892,0.7681185603141785,0.0570726096630096,-0.2052086293697357,-0.2216740101575851,-0.3640479445457458,-0.0021080868318676,-0.3836055696010589,0.1155076995491981,-0.3564522564411163,-0.0704809054732322,-0.2865083515644073,-0.0657990276813507,-0.63179612159729,-0.3985957503318786,-0.3286933004856109,0.2192962765693664,-0.1271819323301315,-0.0750274062156677,0.6588200926780701,-0.1309004724025726,-0.262359619140625,0.1577576845884323,0.4839895069599151,-0.4926526546478271,-0.8461741805076599,0.4437356293201446,-0.439153254032135,-0.2883462905883789,0.1821458339691162,-0.0146640660241246,-0.3787900507450104,-0.4052824378013611,0.2969857156276703,-0.0586355999112129,0.0902661606669426,0.3410567045211792,0.1275450438261032,-0.2217815071344375,-0.3090598583221435,0.3730552792549133,0.2873484492301941,-0.5103719830513,-0.3562077581882477,0.1969900876283645,-0.0006037247367203,-0.0352663025259971,0.2951134443283081,0.1048066020011901,-0.0245320107787847,-0.087751604616642,0.0103533407673239,0.2079409509897232,0.088148646056652,-0.166606068611145,-0.5467268824577332,-0.6684709191322327,-0.070369154214859,0.0593598149716854,-0.0870667472481727,-0.1695784032344818,-0.1780161559581756,0.4334149062633514,-0.5036294460296631,0.1156553998589515,0.0042271176353096,-0.0527548938989639,-0.1981828212738037,-0.0797740742564201,-0.0224983748048543,0.3282719254493713,-0.0090785780921578,-0.1147875860333442,-0.2434912025928497,-0.3864939212799072,0.0551508329808712,-0.0266456268727779,-0.2535417079925537,0.2476914077997207,-0.3482769727706909,0.2774668037891388,0.0815193578600883,-0.100045345723629,-0.3195858001708984,-0.6961678266525269,-0.2319762855768203,0.1287014782428741,-0.1306047588586807,-0.108367346227169,-0.3012636303901672,0.1317061185836792,0.1703453958034515,-0.0821683555841445,0.5687766671180725,0.6305144429206848,-0.3826445937156677,0.7813477516174316,-0.1385732889175415,-0.6531199216842651,0.2466904670000076,0.1983786076307296,-0.7285078167915344,0.2113118171691894,0.0982494056224823,0.5660445094108582,-0.0644169524312019,-0.0212488081306219,0.0676087364554405,0.3937152028083801,0.2340177744626999,0.6167125701904297,0.2586544752120971,0.0978830307722091,0.1979928761720657,0.3845890164375305,-0.2289746254682541,0.4046419858932495,0.1383172869682312,-0.4629587531089782,-0.0180749148130416,0.238206997513771,-0.1637164056301117,0.1796968579292297,0.3807401061058044,-0.552869439125061,0.047571811825037,-0.2819766402244568,0.135278582572937,-0.1515090316534042,0.1951124817132949,-0.2231865972280502,0.0969530269503593,-0.1926213055849075,0.1001612693071365,-0.0401294231414794,-0.3744893968105316,-0.2877252399921417,0.2855384349822998,-0.1697675883769989,-0.1497691124677658,-0.0579272359609603,0.0490153431892395,-0.2826198637485504,-0.1906986385583877,0.3478758037090301,0.172385960817337,0.212730661034584,-0.2242172211408615,-0.1318263411521911,-0.9882841110229492,-0.048592522740364,0.029861444607377,0.3792737126350403,0.1659673452377319,0.2678952515125274,-0.2351045310497284,0.1906478106975555,0.3108884692192077,0.1774364411830902,0.0167052969336509,-0.0494879893958568,-0.6719102263450623,-0.4103013575077057,0.6472107768058777,-0.4403210878372192,-0.118621714413166,-0.2530803680419922,0.1957572102546692,0.4501052796840668,-0.1938936859369278,0.0424554236233234,0.3124758899211883,-0.041583988815546,0.0007571410387754,0.2262646108865738,-0.2040574550628662,-0.2400078922510147,-0.9391317367553712,0.0026036538183689,-0.4152588248252868,0.3876334726810455,-0.681658923625946,0.3880289196968078,-0.0324342958629131,0.196527674794197,0.3469210863113403,0.0634388998150825,0.0641265884041786,-0.2145391255617141,-0.1037872806191444,0.2776774168014526,-0.0539604909718036,-0.1479257494211197,-0.266260951757431,0.358363538980484,-0.6517946124076843,-0.7177068591117859,0.2591176033020019,-0.5843756198883057,0.3382629454135895,0.121803417801857,0.0525153949856758,0.0511007942259311,0.1032933518290519,-0.2415840327739715,-0.2410765141248703,-0.7802421450614929,-0.017749723047018,-0.1794995665550232,0.0293822959065437,0.0887054055929184,0.2524709105491638,-0.4165751039981842,-0.2814168632030487,0.0799126252532005,-0.0191104691475629,-0.2916401624679565,-0.1803065687417984,0.1164290830492973,-0.6932247281074524,-0.0767013356089592,-0.0529033094644546,0.5940852165222168,-0.6380890607833862,-0.0908126831054687,-0.758761465549469,0.6661263704299927,-0.661527693271637,0.1103249564766883,-0.1251478046178817,0.1523359417915344,-0.2009061425924301,-0.6525549292564392,0.0550641119480133,0.2237908244132995,0.6273515224456787,-0.4230823516845703,-0.426233559846878,-0.352253794670105,-0.2910065054893493,-0.0513292327523231,0.4960323870182037,0.1077206954360008,-0.1669824570417404,-0.0206979569047689,0.2043613195419311,0.2179169505834579,0.2041508704423904,-0.3387033641338348,-0.2892106473445892,-0.3300189673900604,-0.0662595033645629,-0.2987061142921448,0.8422017693519592,0.0322278626263141,-0.0874947980046272,0.9466583132743835,-0.5454639792442322,0.0870389193296432,0.5819045305252075,0.2000969499349594,-2.047168493270874,-0.1033317819237709,0.05845333263278,0.4854371547698974,-0.3314176201820373,0.3784265518188476,0.354712426662445,0.5397021770477295,-0.0863233655691146,-0.3490740656852722,0.6388276219367981,0.7761021256446838,-0.2194031774997711,-0.4746674597263336,0.2453248053789138,0.0650144889950752,0.2697949111461639,-0.6023880243301392,-0.1580047011375427,0.1618616133928299,0.1444800645112991,0.083244152367115,-0.1922890245914459,-0.5669565796852112,0.2928471565246582,-0.2410579621791839,0.2577365934848785,0.434993714094162,-0.4438458085060119,-0.0917096361517906,0.3795478641986847,0.4857932329177856,0.5103922486305237,1.0124081373214722,-0.2783331274986267,0.1552206575870514,0.5012499690055847,0.4235322773456573,0.3322260975837707,-0.0334758572280406,0.0160164404660463,-0.1646855920553207,0.479555070400238,0.3866126239299774,0.4413031339645386,0.1791224926710128,0.6388351321220398,0.0984200313687324,-0.0413713119924068,0.4633150398731231,0.2384280264377594,0.3008832335472107,0.5992024540901184,0.4029504954814911,0.439857006072998,0.0989842861890792,-0.3794116675853729,-0.2716012597084045,0.3487310409545898,-0.3229025900363922,-0.2052622735500335,0.2634295523166656,0.3249772787094116,-0.3106406927108764,-0.4349835813045501,0.0747896060347557,0.2361587136983871,-0.3890628218650818,-0.2196258902549743,-0.4768176078796386,-0.6820852756500244,0.0887865275144577,-0.5716986060142517,-0.9163685441017152,0.0613403730094432,-0.0102463383227586,0.3357308804988861,-0.2484477162361145,-0.5951440930366516,0.3427809476852417,-0.396180123090744,0.0879837796092033,-0.0494026504456996,-0.1437525749206543,-0.2178219556808471,0.2060196101665496,-0.1418224573135376,-0.0009865944739431,-0.2737459242343902,0.2979185283184051,0.034730739891529,-0.0665253251791,0.2084787636995315,0.2208558022975921,-0.1145813688635826,0.1445261389017105,-0.0466415882110595,-0.2929684221744537,-0.2494706660509109,0.2093340307474136,-0.8327392935752869,0.1250572502613067,0.0105184288695454,0.0124474354088306,0.4486328661441803,0.1652565598487854,0.6687241196632385,-0.1654854714870453,-0.1891048550605774,0.2979645729064941,-0.0415671057999134,-0.3798434436321258,0.7898012399673462,0.022899093106389,0.2413435131311416,-0.2352110147476196,0.1407174319028854,0.4582234919071197,-0.4627985954284668,-0.3111014664173126,0.290492832660675,-0.0453866571187973,-0.276922345161438,-0.1090871393680572,0.1479161530733108,0.9469146728515624,-0.5337070822715759,0.4899646937847137,0.1442008018493652,-0.180379718542099,0.1259381026029586,-0.2053383737802505,-0.2272995412349701,-0.3227701187133789,0.3168374896049499,0.2461184114217758,0.5081591606140137,-0.0795721188187599,0.1354317218065261,0.6793567538261414,-0.0565627962350845,0.1801158338785171,0.6301148533821106,0.2520212531089782,-0.2277378290891647,-0.6106905341148376,-0.4821702241897583,-0.1590699553489685,-0.4832443594932556,0.2742177844047546,0.1704631149768829,-0.1025941520929336,-0.2147477865219116,-0.1614643782377243,-0.27772918343544,-0.1435036212205886,-0.3160096406936645,0.0644951313734054,0.3289828300476074,0.2703443765640259,0.4721486568450928,0.1399042606353759,-0.284279465675354,0.2281328588724136,0.1522262096405029,0.5974050760269165,0.414104700088501,-0.2239081263542175,-0.3233785927295685,0.1999104470014572,-0.0716648027300834,-0.2649140954017639,-0.1928761899471283,0.4473563134670257,-0.0654338002204895,-0.0852353498339653,0.2112231850624084,0.2126767337322235,-0.3635460138320923,0.3620560467243194,0.005001884419471,-0.0368710272014141,-0.4408215880393982,-0.796744704246521,-0.5997400879859924,-0.2538684904575348,0.2107051759958267,-0.5933626890182495,0.0352531261742115,0.0279194302856922,-0.019096391275525,-0.0312988795340061,0.0073923463933169,-0.2650518119335174,-0.0674720406532287,0.5596599578857422,0.46162149310112,-0.2523075640201568,-0.0654356852173805,0.1910900920629501,0.109083354473114,0.0888506323099136,0.5516899228096008,0.0808266699314117,0.1234796270728111,-0.1668127179145813,-0.6386042237281799,0.1584585756063461,-0.1135457009077072,-1.1642258167266846,0.1972486227750778,0.0009148342069238,-0.0134316449984908,-0.2050182819366455,0.0905603840947151,0.1139087900519371,-0.2253737300634384,0.0325983650982379,0.2289625257253646,-0.087312713265419,-0.7382491827011108,0.4090926349163055,-0.0950387418270111,-0.4141454994678497,-0.0854952707886695,0.1996116489171981,-0.4759863317012787,-0.0396056026220321,-0.0349299237132072,0.1682693362236023,-0.1657952070236206,0.3649616539478302,-0.3950811922550201,-0.2567009329795837,0.4965659081935882,0.0296402070671319,0.1355801224708557,0.2577840983867645,-0.4003247022628784,0.1220423653721809,0.4047800600528717,0.7447879314422607,0.2780249118804931,-0.0576530434191226,-0.0606102645397186,-0.1945437788963318,-0.6275726556777954,0.5117283463478088,0.6967383027076721,0.3208017945289612,-0.3727966248989105,0.3812443315982818,0.3662632703781128,-0.507493793964386,0.6383531093597412,1.1102690696716309,0.3562947511672973,0.3124137222766876,-0.0839640274643898,0.0297488383948802,-0.7996014356613159,0.0840087383985519,-0.0400531142950058,0.6436910033226013,-0.0840645506978035,-0.0463601313531398,0.5039343237876892,0.1580976992845535,-0.2768726050853729,0.1814708858728408,0.2368687838315963,0.0980499610304832,0.26227867603302,0.2389337420463562,0.6560611724853516,0.189102366566658,0.1351083219051361,-0.2778794467449188,0.0363457612693309,0.0640146434307098,0.5191914439201355,-0.2345632314682006,0.3239462673664093,-0.1593889147043228,-0.94009131193161,-0.4990561902523041,-0.1031642332673072,0.3380523025989532,0.3726098537445068,0.2413626611232757,-0.395672857761383,0.1770281791687011,0.4501660466194153,0.0364853106439113,-0.3136026263236999,-0.4997383952140808,0.0284145474433898,-0.1361332386732101,-0.1611880511045456,0.1359979063272476,-0.4097647964954376,0.5148715376853943,0.097862534224987,0.3833812773227691,0.4241642355918884,0.7933186292648315,0.1569468528032302,0.0939410477876663,0.4693675339221954,0.0077596451155841,-0.3924800753593445,0.2216277569532394,0.3095201253890991,-0.1817280203104019,-0.0709444209933281,0.2518294751644134,-0.1703017652034759,-0.0868276730179786,0.1354048103094101,-0.2165524810552597,0.5541257858276367,-0.0624028109014034,-0.5181902647018433,-0.2939152717590332,-0.2121781110763549,0.0148552320897579,-0.7585910558700562,-0.1129884794354438,-0.2627875804901123,0.2011488974094391,-0.0096868593245744,-0.3735319375991821,-0.4186031520366668,-0.1606371849775314,-0.3655887246131897,0.3483074307441711,-0.2857531309127807,-0.337914228439331,-0.0186379961669445,0.629578709602356,-0.5196065306663513,-1.205642819404602,0.4386274814605713,0.2140254378318786,0.6964661478996277,-0.2597257196903229,0.3156619966030121,-0.1779707372188568,0.2723940312862396,0.1679078489542007,-0.2602838277816772,0.1538334041833877,-10.47197151184082,-0.01582682877779,-0.4364051222801208,-0.2119185626506805,-0.1538925170898437,0.5954983830451965,0.2159894108772277,0.0540154762566089,0.0241162832826375,0.2674185037612915,0.466568261384964,0.3982570767402649,0.5198328495025635,0.560923159122467,-0.440689355134964,-0.1870642453432083,-0.0151860360056161,-0.2911134362220764,0.1745216697454452,0.3801847100257873,0.3455916345119476,-0.1749753952026367,0.4759343862533569,0.5878525972366333,0.0819604843854904,-0.3523178994655609,-0.4849379658699035,0.1386933922767639,-0.3309721052646637,0.2567238211631775,-0.299211323261261,0.2453407347202301,-0.4839208424091339,0.6034390926361084,-0.3368691802024841,0.0910930037498474,-0.1722019463777542,0.1448059380054474,0.1254611611366272,0.456928551197052,0.1785778105258941,0.0831786543130874,-0.0092899361625313,0.0365067012608051,0.257893830537796,0.4729359447956085,0.1236770153045654,0.1346370428800583,0.2615242302417755,0.1386225074529647,-0.0942716002464294,-0.5109432935714722,0.3946022093296051,-0.2368938773870468,0.1176411658525466,0.3680230975151062,0.3773775994777679,-0.6562960147857666,0.0522089526057243,-0.1633338332176208,0.0603837557137012,-0.2444898188114166,0.5168721675872803,0.2117209136486053,0.136465698480606,0.0634612739086151,0.5022547841072083,0.5422195196151733,-0.2557250261306762,-0.1038306578993797,0.1844304949045181,-0.03320849314332,-0.2522164285182953,-0.1746121793985366,-0.293649822473526,0.6714987754821777,-0.3955292403697967,0.2074478268623352,-0.2823221087455749,-0.017865115776658,0.3507514894008636,-0.2120216935873031,-0.5207259654998779,0.6787790656089783,-0.1957950592041015,-0.2379001528024673,-0.2160743474960327,0.2369860559701919,0.7229220867156982,-0.6137766242027283,0.2694832384586334,-0.3009182214736938,-0.0321903079748153,0.247115209698677,0.4210285246372223,0.286464512348175,-0.2624143362045288,0.3637314438819885,0.3997511267662048,0.1564647257328033,0
-0.0827001184225082,0.1633421033620834,0.5935986638069153,-0.4623022079467773,0.1396664083003997,0.4563512504100799,0.0761629939079284,0.0259100925177335,-0.4732711911201477,-0.3885889947414398,0.6812142729759216,-0.1507796347141266,-0.3545354306697845,-0.0940122604370117,0.0622866302728652,-0.3126882910728454,0.0312589481472969,0.0728805288672447,-0.1205787137150764,-0.2191766649484634,-0.6034142374992371,-0.4610695838928222,-0.5292299389839172,0.2906429767608642,0.4167847335338592,-0.5714404582977295,0.0579594634473323,0.0908421203494072,-0.1879155933856964,-0.2317517697811126,-0.2490373998880386,-0.2900771498680115,-0.1230949461460113,0.1209793537855148,-0.0758971571922302,0.1954044997692108,0.2597788870334625,-0.2457129806280136,0.6925367712974548,-0.0322994589805603,0.1643765866756439,0.1923071593046188,-0.0507204942405223,-0.0074700661934912,-0.3649356663227081,0.364705353975296,-0.0019317768746986,0.1739207208156585,0.8811371326446533,-0.2565104365348816,-0.2081288546323776,0.5572906732559204,0.0511284694075584,0.0740488246083259,0.3741181790828705,-0.0609033517539501,0.6347842812538147,-0.6748493313789368,-0.1892635226249694,0.3711074292659759,-0.6155254244804382,-0.1298251748085022,0.2367134541273117,0.2935099005699157,-0.0068034497089684,0.0200853291898965,-0.1408452242612838,0.3131570219993591,-0.3636257648468017,-0.3741019666194916,-0.0289027616381645,0.2297895103693008,-0.2332250475883484,0.0515499413013458,0.7717118859291077,-0.019284164533019,0.6209997534751892,0.3087804019451141,-0.1018510311841964,-0.3331530094146728,0.118019513785839,0.6121708750724792,-0.1093553975224495,-0.3229541480541229,0.1146784499287605,0.4950600862503052,-0.7955435514450073,-0.3741519749164581,0.4906653761863708,-0.4099272489547729,-0.4650927782058716,0.3340679407119751,0.1288112103939056,0.2108790278434753,0.4340342581272125,0.0196141563355922,0.2008063197135925,-0.3124238848686218,0.015606602653861,0.3167064785957336,0.3713544607162475,-0.2646261155605316,0.1523228734731674,-0.4299747943878174,-0.0391734428703784,0.3124816119670868,-0.0553329847753047,0.3261770904064178,-0.1538904905319214,0.2461506426334381,0.0813657715916633,-0.6547448039054871,-0.1862629354000091,0.1577203273773193,0.1668237894773483,0.052942618727684,-0.2333258688449859,0.0861796662211418,-0.5844782590866089,0.6773378849029541,-0.1532943993806839,0.3800000548362732,-0.2040178775787353,-0.5010361075401306,-0.0211584586650133,0.2496849149465561,0.1294818222522735,-0.0939929187297821,-0.0635142549872398,-0.4911605715751648,0.0879260823130607,-0.4717366695404053,-0.4525281488895416,0.0178366359323263,-0.42374187707901,0.9012395143508912,0.034790888428688,0.5049671530723572,-0.1414918601512909,-0.8352862000465393,-0.5626147389411926,-0.3318546712398529,0.1550615429878235,-0.2731148302555084,0.3054865300655365,0.3633427321910858,-0.0206677448004484,-0.1580757647752761,0.0485764928162097,0.3675248324871063,-0.3386231064796448,1.1616376638412476,-0.5645619034767151,-0.2143465280532837,0.6869408488273621,0.1118006855249404,-0.3195880949497223,0.2534098625183105,0.2473472952842712,0.4609370529651642,0.6024712324142456,-0.4035855233669281,-0.056059893220663,0.0613694414496421,0.0471612624824047,0.9341248273849488,0.7514629364013672,-0.0021828156895935,0.6354301571846008,0.973549485206604,0.6281258463859558,0.7845030426979065,-0.1472923904657364,-0.167959839105606,0.2247104793787002,0.5694038271903992,0.1029877960681915,0.1345407217741012,0.2512378990650177,-1.0612090826034546,-0.5794985294342041,0.1981047540903091,-0.3099810779094696,-0.4088409543037414,0.115252673625946,-0.2180434316396713,0.0750891789793968,0.390774518251419,-0.0479872711002826,-0.2165063917636871,0.0098316697403788,-0.6454265117645264,0.7884970903396606,-0.2192549854516983,-0.161468967795372,-0.280024766921997,-0.224687784910202,-0.2751892209053039,-0.6812881827354431,0.2747716009616852,0.0768482461571693,0.1745750308036804,-0.601283609867096,-0.5148224234580994,-0.3215678334236145,-0.0613715499639511,-0.0976576060056686,0.1540303379297256,-0.1257015466690063,-0.0769209414720535,-0.2058689296245575,0.2216469645500183,0.1248459890484809,0.0450567305088043,0.4862880110740661,-0.0624157153069973,-1.1225982904434204,-0.0649003461003303,0.2854889333248138,-0.1196429803967475,0.2860413789749145,0.2341455817222595,0.3260817229747772,-0.1453645825386047,-0.0188289582729339,0.2040299624204635,0.4244195520877838,-0.7356704473495483,0.3841453790664673,0.4477953016757965,-0.4053727984428406,-0.4963732361793518,-0.9502303004264832,-0.139663279056549,-0.3363460004329681,-0.1423532962799072,-0.073539063334465,0.8265941143035889,-0.4186640381813049,0.310891330242157,-0.1309480369091034,-0.1258594095706939,-0.0628867745399475,-0.3989419043064117,-0.0740968286991119,-0.0035971694160252,-0.0990840569138526,0.1634520292282104,-0.9048664569854736,0.1254974752664566,-0.7419788837432861,-0.4456831812858581,0.5503135323524475,-0.1521089226007461,0.6138656139373779,0.3739625513553619,0.1640827059745788,0.0465237386524677,0.5749568939208984,0.1252751350402832,-0.0662147179245948,-0.3914189040660858,-0.1910824179649353,-0.2951557636260986,-0.2225194126367569,0.3604174852371216,-0.0819627046585083,-0.4876025319099426,-0.3773248493671417,-0.3970499336719513,0.7939735054969788,-0.3309207260608673,-0.199240043759346,-0.0438617542386055,-0.2206025421619415,0.0602884367108345,-0.2083346545696258,0.9712180495262146,-0.6354053020477295,0.3395082056522369,-0.764667809009552,0.7814022302627563,-0.6486940979957581,-0.045638307929039,0.2241111993789672,-0.0861245542764663,-0.1012458205223083,-0.5848526358604431,-0.516110897064209,0.5779208540916443,0.4387488067150116,-0.0192143563181161,0.1907573789358139,-0.6066200137138367,-0.6513431668281555,0.0833741649985313,0.2936450541019439,0.4826444387435913,0.0324188582599163,0.2645554542541504,0.0120133599266409,0.183336541056633,0.2698746919631958,-0.1650805473327636,-0.177530288696289,-0.3718242943286896,0.5389918684959412,-0.0173495206981897,0.0936963334679603,-0.7936633229255676,-0.3872405886650085,1.0428738594055176,-0.6893078684806824,0.3328931629657745,0.545411229133606,0.2854858338832855,-1.3217206001281738,-0.0327341072261333,0.2278066277503967,0.3583178222179413,-0.2522902190685272,0.6640087366104126,0.4271330833435058,0.4109695851802826,-0.0974254980683326,-0.0858964622020721,0.4525653719902038,-0.147355705499649,-0.6373114585876465,-0.0391739308834075,0.0884404927492141,-0.2160146832466125,0.3806238770484924,-0.3020178377628326,0.031406994909048,0.5975388288497925,-1.2289831638336182,-0.089331068098545,0.072462759912014,-0.4737752676010132,-0.2761652767658233,0.2328585088253021,0.1732511818408966,-0.3668185770511627,-0.3290113806724548,-0.305366575717926,0.2909386157989502,0.6419183611869812,0.9382662773132324,0.790097177028656,-0.6499301195144653,-0.1318175792694091,0.6652336120605469,0.0007171981269493,0.2008584588766098,-0.285483181476593,-0.0827966704964637,-0.0058619598858058,1.0233148336410522,-0.0157175008207559,-0.1072526797652244,0.2313428819179535,0.0386256650090217,0.2930741310119629,-0.2480023354291916,-0.2100765705108642,0.5225784778594971,0.1767342239618301,0.3939941227436065,0.3752306699752807,0.8434537053108215,-0.2648733556270599,-0.0731941238045692,-0.5537152290344238,-0.0140874460339546,-0.6698137521743774,0.0150581859052181,-0.282478928565979,-0.425761878490448,-0.1224502995610237,-0.6720259785652161,-0.3879297971725464,-0.2308296859264373,-0.2625578641891479,0.1716736108064651,-0.7711940407752991,-0.7931661009788513,-0.2380818426609039,-0.4280306100845337,-0.8724119663238525,0.3224578499794006,0.0190450828522443,0.2867384850978851,-0.7892943620681763,-0.1143901050090789,0.2274472862482071,-0.291917473077774,-0.0754761472344398,0.0978571698069572,0.1663564294576645,-0.5214174389839172,0.5132918357849121,-0.2530875504016876,-0.2184907793998718,-0.4839962422847748,0.0010564472759142,-0.8320362567901611,-0.2400335073471069,-0.0002953729999717,0.1870554089546203,-0.5745438933372498,0.1968961507081985,-0.199150264263153,0.1458538770675659,-0.2638685703277588,-0.3546596169471741,-0.1950527131557464,-0.2160170376300811,0.4670735001564026,-0.0602985359728336,0.8718447685241699,0.1129975542426109,0.0653106421232223,0.2192571610212326,-0.0351746268570423,0.7637224197387695,-0.6628738045692444,0.0243983287364244,0.3760194778442383,-0.1520886868238449,0.1334733366966247,-0.0444055497646331,-0.1736573129892349,0.1368099898099899,0.0239638090133667,-0.0933094471693039,-0.5531762838363647,0.0855219736695289,-0.0922085642814636,0.2693082392215729,0.6454158425331116,0.7838518619537354,-0.4219191372394562,0.2949335873126983,0.0856478214263916,-0.7848037481307983,0.2866219878196716,0.0952172726392746,-0.4346544146537781,-0.3436988592147827,0.3914926946163177,0.4793947339057922,0.5136899352073669,0.0544372089207172,0.2086254805326461,0.4295737147331238,-0.375571608543396,0.6996651291847229,0.076911985874176,0.0884451791644096,-0.2099439352750778,-0.2835749685764313,-0.5158740878105164,0.010192179121077,-0.6692358255386353,-0.0175135917961597,0.5953548550605774,0.287290871143341,0.5501812696456909,-0.4792857468128204,-0.6521878838539124,-0.5798643231391907,-0.6143156290054321,0.2921507358551025,-0.0009807954775169,0.0797012448310852,0.4448832869529724,0.0099817886948585,-0.9197250604629515,0.6831954717636108,-0.3611789345741272,0.5350266695022583,0.4995991587638855,-1.1406601667404177,-0.1505622416734695,0.4252313375473022,-0.5863543748855591,0.248917356133461,0.128559723496437,0.8124971985816956,-0.4058121740818023,-0.3090803623199463,0.6842690110206604,-0.2233768105506897,0.2085466831922531,-0.5096668601036072,0.4475128054618835,-0.117661103606224,-0.8957418203353882,-0.1628179103136062,-0.243858054280281,-0.0331045538187027,-0.1724766343832016,-0.2241579294204712,0.1681405752897262,0.1472973972558975,0.9604985117912292,0.4327840805053711,0.5039366483688354,-0.650144100189209,0.1992107927799224,0.0954011231660842,0.4597965180873871,-0.2320508509874344,0.0326407514512538,-0.2321361750364303,0.0757596641778945,0.4754495024681091,0.6285728216171265,-0.175050213932991,0.2049817889928817,-0.2467541694641113,-1.0731327533721924,-0.1171090751886367,-0.3075349926948547,-0.6075517535209656,0.4239257276058197,-0.0776286348700523,0.5115746855735779,-0.5030979514122009,-0.045641254633665,-0.752580463886261,0.5342628955841064,0.0884707793593406,0.1407019048929214,0.081679455935955,-0.6368104815483093,0.0177846532315015,-0.6766901016235352,-0.3866138458251953,0.6568536758422852,0.3770051300525665,-0.8195516467094421,-0.3840592205524444,0.1080069988965988,0.3565275073051452,-0.6883445978164673,-0.7005205154418945,-0.1214644908905029,0.2478840202093124,0.3809520602226257,0.3553978502750397,0.0949756130576133,0.2723816931247711,-0.2807933688163757,0.2417599409818649,0.9329173564910888,0.4164730906486511,0.1768114417791366,0.1291512697935104,-0.1891760379076004,-0.0402310602366924,-0.7175574898719788,0.6533122062683105,0.5335408449172974,0.4070555865764618,-0.0174018554389476,0.3734083771705627,0.7759429216384888,-0.4442653656005859,0.2542485296726227,1.0099328756332395,-0.0751323327422142,0.4456224739551544,-0.0624502934515476,-0.32779061794281,-0.6648407578468323,0.3885217905044555,-0.3222516477108001,-0.2125392109155655,0.315764456987381,-0.0721098184585571,0.0551570914685726,-0.3864970803260803,-0.0522980280220508,0.2558565735816955,0.6213640570640564,0.4891573786735534,0.2912129461765289,-0.0049162982031702,0.6148979067802429,0.0791245400905609,-0.4089137613773346,-0.2090549021959304,-0.0994897112250328,0.0185098908841609,1.0391316413879397,0.3362661898136139,0.5095731019973755,-0.1904554218053817,-1.2777597904205322,0.3783833086490631,-0.1592543125152588,0.0249097887426614,0.5049432516098022,-0.0903396978974342,-0.1481491029262542,0.0969685167074203,0.338519811630249,-0.1138344705104827,-0.0447569191455841,-0.7116084694862366,-0.2299777865409851,-0.0219235029071569,-0.604494571685791,0.3808809816837311,0.3804021775722503,0.5116105675697327,-0.1416582763195037,-0.5570988655090332,-0.3714419305324554,0.7601423263549805,-0.248325228691101,-0.6376960277557373,-0.0566601753234863,0.2361485809087753,-0.1233536526560783,0.2882334589958191,-0.1094738468527793,-0.5722518563270569,0.1338035613298416,0.0827727243304252,-0.899930477142334,0.1173403933644294,0.4514548778533935,0.3277073502540588,0.4006133079528808,-0.153518870472908,0.0038809657562524,-0.4446981549263,-0.106500931084156,0.3099370002746582,-0.8344634175300598,-0.3159103989601135,-0.2217589318752288,-0.0113977128639817,0.0404080040752887,0.0264832880347967,-0.0598565302789211,-0.0973303243517875,-0.5939579010009766,0.1170989945530891,-0.4927276968955993,-0.2717683911323547,0.1786715686321258,0.1482783854007721,-0.5309648513793945,-1.417708158493042,-0.0721718668937683,0.3412956297397613,0.2750052511692047,0.0769899487495422,0.154719203710556,-0.132020354270935,0.1631523668766021,0.9198624491691588,-0.3216523230075836,0.680655300617218,-9.94049072265625,-0.3473322689533233,-0.8557149767875671,-0.3289571106433868,-0.4931897521018982,0.4924290180206299,0.7628121376037598,0.5239864587783813,-0.0560896098613739,0.5577214956283569,0.2116540074348449,0.8989691734313965,0.4518221616744995,0.5687220692634583,-0.6230292916297913,0.1514733433723449,0.664195716381073,-0.3548190295696258,-0.1039375439286232,-0.097277283668518,-0.2816133201122284,-0.48722904920578,0.643563449382782,0.2972660064697265,0.0814530998468399,-0.3630465567111969,-0.128889575600624,0.4130294024944305,-0.4555618166923523,0.4125919044017792,-0.7050036191940308,0.7494903802871704,0.0623624771833419,0.3806191086769104,-0.5307762622833252,-0.3605309724807739,-0.3198666870594024,0.1008324697613716,0.0193124338984489,0.5366365909576416,-0.6230379939079285,0.9555200338363647,-0.2680287361145019,-0.276610404253006,-0.0448778755962848,0.202643796801567,0.6986173987388611,0.2065518498420715,0.6115283370018005,0.2167849987745285,0.0389566048979759,-0.4016399979591369,-0.0014162674779072,-0.444786787033081,0.3225553929805755,-0.0741254836320877,0.6173818707466125,-0.4605922400951385,0.2892743945121765,0.3176941275596618,0.9847034215927124,-0.3314009010791778,1.0001182556152344,0.5093428492546082,-0.1444356739521026,0.1830146759748459,0.1314327418804168,0.4863737225532532,-0.6796188354492188,-0.5239243507385254,0.56791090965271,0.4369361698627472,-0.1678608208894729,-0.0509642027318477,-0.4633718729019165,0.2810462415218353,0.3665120303630829,-0.0835415571928024,0.131270095705986,0.3123591840267181,0.6505427360534668,-0.1861647069454193,-0.0414111465215683,0.1204778030514717,-1.5168688297271729,0.2434851229190826,0.039442241191864,0.2413270473480224,0.2725158631801605,-0.7737473845481873,0.5053496956825256,-0.0590775497257709,-0.3068858683109283,0.2102052122354507,0.5229501724243164,-0.270906001329422,0.0811141952872276,0.4154713749885559,0.6243618130683899,0.1338469237089157,0
