MFeature_0,MFeature_1,MFeature_2,MFeature_3,MFeature_4,MFeature_5,MFeature_6,MFeature_7,MFeature_8,MFeature_9,MFeature_10,MFeature_11,MFeature_12,MFeature_13,MFeature_14,MFeature_15,MFeature_16,MFeature_17,MFeature_18,MFeature_19,MFeature_20,MFeature_21,MFeature_22,MFeature_23,MFeature_24,MFeature_25,MFeature_26,MFeature_27,MFeature_28,MFeature_29,MFeature_30,MFeature_31,MFeature_32,MFeature_33,MFeature_34,MFeature_35,MFeature_36,MFeature_37,MFeature_38,MFeature_39,MFeature_40,MFeature_41,MFeature_42,MFeature_43,MFeature_44,MFeature_45,MFeature_46,MFeature_47,MFeature_48,MFeature_49,MFeature_50,MFeature_51,MFeature_52,MFeature_53,MFeature_54,MFeature_55,MFeature_56,MFeature_57,MFeature_58,MFeature_59,MFeature_60,MFeature_61,MFeature_62,MFeature_63,MFeature_64,MFeature_65,MFeature_66,MFeature_67,MFeature_68,MFeature_69,MFeature_70,MFeature_71,MFeature_72,MFeature_73,MFeature_74,MFeature_75,MFeature_76,MFeature_77,MFeature_78,MFeature_79,MFeature_80,MFeature_81,MFeature_82,MFeature_83,MFeature_84,MFeature_85,MFeature_86,MFeature_87,MFeature_88,MFeature_89,MFeature_90,MFeature_91,MFeature_92,MFeature_93,MFeature_94,MFeature_95,MFeature_96,MFeature_97,MFeature_98,MFeature_99,MFeature_100,MFeature_101,MFeature_102,MFeature_103,MFeature_104,MFeature_105,MFeature_106,MFeature_107,MFeature_108,MFeature_109,MFeature_110,MFeature_111,MFeature_112,MFeature_113,MFeature_114,MFeature_115,MFeature_116,MFeature_117,MFeature_118,MFeature_119,MFeature_120,MFeature_121,MFeature_122,MFeature_123,MFeature_124,MFeature_125,MFeature_126,MFeature_127,MFeature_128,MFeature_129,MFeature_130,MFeature_131,MFeature_132,MFeature_133,MFeature_134,MFeature_135,MFeature_136,MFeature_137,MFeature_138,MFeature_139,MFeature_140,MFeature_141,MFeature_142,MFeature_143,MFeature_144,MFeature_145,MFeature_146,MFeature_147,MFeature_148,MFeature_149,MFeature_150,MFeature_151,MFeature_152,MFeature_153,MFeature_154,MFeature_155,MFeature_156,MFeature_157,MFeature_158,MFeature_159,MFeature_160,MFeature_161,MFeature_162,MFeature_163,MFeature_164,MFeature_165,MFeature_166,MFeature_167,MFeature_168,MFeature_169,MFeature_170,MFeature_171,MFeature_172,MFeature_173,MFeature_174,MFeature_175,MFeature_176,MFeature_177,MFeature_178,MFeature_179,MFeature_180,MFeature_181,MFeature_182,MFeature_183,MFeature_184,MFeature_185,MFeature_186,MFeature_187,MFeature_188,MFeature_189,MFeature_190,MFeature_191,MFeature_192,MFeature_193,MFeature_194,MFeature_195,MFeature_196,MFeature_197,MFeature_198,MFeature_199,MFeature_200,MFeature_201,MFeature_202,MFeature_203,MFeature_204,MFeature_205,MFeature_206,MFeature_207,MFeature_208,MFeature_209,MFeature_210,MFeature_211,MFeature_212,MFeature_213,MFeature_214,MFeature_215,MFeature_216,MFeature_217,MFeature_218,MFeature_219,MFeature_220,MFeature_221,MFeature_222,MFeature_223,MFeature_224,MFeature_225,MFeature_226,MFeature_227,MFeature_228,MFeature_229,MFeature_230,MFeature_231,MFeature_232,MFeature_233,MFeature_234,MFeature_235,MFeature_236,MFeature_237,MFeature_238,MFeature_239,MFeature_240,MFeature_241,MFeature_242,MFeature_243,MFeature_244,MFeature_245,MFeature_246,MFeature_247,MFeature_248,MFeature_249,MFeature_250,MFeature_251,MFeature_252,MFeature_253,MFeature_254,MFeature_255,MFeature_256,MFeature_257,MFeature_258,MFeature_259,MFeature_260,MFeature_261,MFeature_262,MFeature_263,MFeature_264,MFeature_265,MFeature_266,MFeature_267,MFeature_268,MFeature_269,MFeature_270,MFeature_271,MFeature_272,MFeature_273,MFeature_274,MFeature_275,MFeature_276,MFeature_277,MFeature_278,MFeature_279,MFeature_280,MFeature_281,MFeature_282,MFeature_283,MFeature_284,MFeature_285,MFeature_286,MFeature_287,MFeature_288,MFeature_289,MFeature_290,MFeature_291,MFeature_292,MFeature_293,MFeature_294,MFeature_295,MFeature_296,MFeature_297,MFeature_298,MFeature_299,MFeature_300,MFeature_301,MFeature_302,MFeature_303,MFeature_304,MFeature_305,MFeature_306,MFeature_307,MFeature_308,MFeature_309,MFeature_310,MFeature_311,MFeature_312,MFeature_313,MFeature_314,MFeature_315,MFeature_316,MFeature_317,MFeature_318,MFeature_319,MFeature_320,MFeature_321,MFeature_322,MFeature_323,MFeature_324,MFeature_325,MFeature_326,MFeature_327,MFeature_328,MFeature_329,MFeature_330,MFeature_331,MFeature_332,MFeature_333,MFeature_334,MFeature_335,MFeature_336,MFeature_337,MFeature_338,MFeature_339,MFeature_340,MFeature_341,MFeature_342,MFeature_343,MFeature_344,MFeature_345,MFeature_346,MFeature_347,MFeature_348,MFeature_349,MFeature_350,MFeature_351,MFeature_352,MFeature_353,MFeature_354,MFeature_355,MFeature_356,MFeature_357,MFeature_358,MFeature_359,MFeature_360,MFeature_361,MFeature_362,MFeature_363,MFeature_364,MFeature_365,MFeature_366,MFeature_367,MFeature_368,MFeature_369,MFeature_370,MFeature_371,MFeature_372,MFeature_373,MFeature_374,MFeature_375,MFeature_376,MFeature_377,MFeature_378,MFeature_379,MFeature_380,MFeature_381,MFeature_382,MFeature_383,MFeature_384,MFeature_385,MFeature_386,MFeature_387,MFeature_388,MFeature_389,MFeature_390,MFeature_391,MFeature_392,MFeature_393,MFeature_394,MFeature_395,MFeature_396,MFeature_397,MFeature_398,MFeature_399,MFeature_400,MFeature_401,MFeature_402,MFeature_403,MFeature_404,MFeature_405,MFeature_406,MFeature_407,MFeature_408,MFeature_409,MFeature_410,MFeature_411,MFeature_412,MFeature_413,MFeature_414,MFeature_415,MFeature_416,MFeature_417,MFeature_418,MFeature_419,MFeature_420,MFeature_421,MFeature_422,MFeature_423,MFeature_424,MFeature_425,MFeature_426,MFeature_427,MFeature_428,MFeature_429,MFeature_430,MFeature_431,MFeature_432,MFeature_433,MFeature_434,MFeature_435,MFeature_436,MFeature_437,MFeature_438,MFeature_439,MFeature_440,MFeature_441,MFeature_442,MFeature_443,MFeature_444,MFeature_445,MFeature_446,MFeature_447,MFeature_448,MFeature_449,MFeature_450,MFeature_451,MFeature_452,MFeature_453,MFeature_454,MFeature_455,MFeature_456,MFeature_457,MFeature_458,MFeature_459,MFeature_460,MFeature_461,MFeature_462,MFeature_463,MFeature_464,MFeature_465,MFeature_466,MFeature_467,MFeature_468,MFeature_469,MFeature_470,MFeature_471,MFeature_472,MFeature_473,MFeature_474,MFeature_475,MFeature_476,MFeature_477,MFeature_478,MFeature_479,MFeature_480,MFeature_481,MFeature_482,MFeature_483,MFeature_484,MFeature_485,MFeature_486,MFeature_487,MFeature_488,MFeature_489,MFeature_490,MFeature_491,MFeature_492,MFeature_493,MFeature_494,MFeature_495,MFeature_496,MFeature_497,MFeature_498,MFeature_499,MFeature_500,MFeature_501,MFeature_502,MFeature_503,MFeature_504,MFeature_505,MFeature_506,MFeature_507,MFeature_508,MFeature_509,MFeature_510,MFeature_511,MFeature_512,MFeature_513,MFeature_514,MFeature_515,MFeature_516,MFeature_517,MFeature_518,MFeature_519,MFeature_520,MFeature_521,MFeature_522,MFeature_523,MFeature_524,MFeature_525,MFeature_526,MFeature_527,MFeature_528,MFeature_529,MFeature_530,MFeature_531,MFeature_532,MFeature_533,MFeature_534,MFeature_535,MFeature_536,MFeature_537,MFeature_538,MFeature_539,MFeature_540,MFeature_541,MFeature_542,MFeature_543,MFeature_544,MFeature_545,MFeature_546,MFeature_547,MFeature_548,MFeature_549,MFeature_550,MFeature_551,MFeature_552,MFeature_553,MFeature_554,MFeature_555,MFeature_556,MFeature_557,MFeature_558,MFeature_559,MFeature_560,MFeature_561,MFeature_562,MFeature_563,MFeature_564,MFeature_565,MFeature_566,MFeature_567,MFeature_568,MFeature_569,MFeature_570,MFeature_571,MFeature_572,MFeature_573,MFeature_574,MFeature_575,MFeature_576,MFeature_577,MFeature_578,MFeature_579,MFeature_580,MFeature_581,MFeature_582,MFeature_583,MFeature_584,MFeature_585,MFeature_586,MFeature_587,MFeature_588,MFeature_589,MFeature_590,MFeature_591,MFeature_592,MFeature_593,MFeature_594,MFeature_595,MFeature_596,MFeature_597,MFeature_598,MFeature_599,MFeature_600,MFeature_601,MFeature_602,MFeature_603,MFeature_604,MFeature_605,MFeature_606,MFeature_607,MFeature_608,MFeature_609,MFeature_610,MFeature_611,MFeature_612,MFeature_613,MFeature_614,MFeature_615,MFeature_616,MFeature_617,MFeature_618,MFeature_619,MFeature_620,MFeature_621,MFeature_622,MFeature_623,MFeature_624,MFeature_625,MFeature_626,MFeature_627,MFeature_628,MFeature_629,MFeature_630,MFeature_631,MFeature_632,MFeature_633,MFeature_634,MFeature_635,MFeature_636,MFeature_637,MFeature_638,MFeature_639,MFeature_640,MFeature_641,MFeature_642,MFeature_643,MFeature_644,MFeature_645,MFeature_646,MFeature_647,MFeature_648,MFeature_649,MFeature_650,MFeature_651,MFeature_652,MFeature_653,MFeature_654,MFeature_655,MFeature_656,MFeature_657,MFeature_658,MFeature_659,MFeature_660,MFeature_661,MFeature_662,MFeature_663,MFeature_664,MFeature_665,MFeature_666,MFeature_667,MFeature_668,MFeature_669,MFeature_670,MFeature_671,MFeature_672,MFeature_673,MFeature_674,MFeature_675,MFeature_676,MFeature_677,MFeature_678,MFeature_679,MFeature_680,MFeature_681,MFeature_682,MFeature_683,MFeature_684,MFeature_685,MFeature_686,MFeature_687,MFeature_688,MFeature_689,MFeature_690,MFeature_691,MFeature_692,MFeature_693,MFeature_694,MFeature_695,MFeature_696,MFeature_697,MFeature_698,MFeature_699,MFeature_700,MFeature_701,MFeature_702,MFeature_703,MFeature_704,MFeature_705,MFeature_706,MFeature_707,MFeature_708,MFeature_709,MFeature_710,MFeature_711,MFeature_712,MFeature_713,MFeature_714,MFeature_715,MFeature_716,MFeature_717,MFeature_718,MFeature_719,MFeature_720,MFeature_721,MFeature_722,MFeature_723,MFeature_724,MFeature_725,MFeature_726,MFeature_727,MFeature_728,MFeature_729,MFeature_730,MFeature_731,MFeature_732,MFeature_733,MFeature_734,MFeature_735,MFeature_736,MFeature_737,MFeature_738,MFeature_739,MFeature_740,MFeature_741,MFeature_742,MFeature_743,MFeature_744,MFeature_745,MFeature_746,MFeature_747,MFeature_748,MFeature_749,MFeature_750,MFeature_751,MFeature_752,MFeature_753,MFeature_754,MFeature_755,MFeature_756,MFeature_757,MFeature_758,MFeature_759,MFeature_760,MFeature_761,MFeature_762,MFeature_763,MFeature_764,MFeature_765,MFeature_766,MFeature_767,Accent
0.4868707358837127,0.2079494297504425,0.4883789420127868,-0.550900399684906,0.4626130163669586,0.121281012892723,0.0912269577383995,-0.1813520938158035,-0.0467244423925876,-0.4795567691326141,0.6885204911231995,-0.3099619746208191,0.0151986768469214,0.0246261153370142,0.3350607752799988,-0.3567440807819366,0.2615514695644378,-0.224953681230545,0.0896363854408264,-0.4717234373092651,-0.6567620038986206,-0.1281601190567016,-0.201838806271553,0.1762697547674179,0.0885178595781326,0.0099206529557704,-0.4736396372318268,-0.0735934898257255,-0.0685933008790016,-0.2143206894397735,-0.605719268321991,-0.3406910598278045,0.286326915025711,0.3111657202243805,-0.1167178973555564,0.2430902570486068,0.1077812016010284,-0.098121665418148,0.2638300359249115,-0.3867271542549133,0.0454277284443378,-0.02167852781713,-0.2648947536945343,-0.0970964804291725,-0.2957008183002472,0.8406780362129211,0.2340423464775085,0.3421628773212433,0.7341201901435852,-0.2025543004274368,-0.4249922037124634,0.3469067811965942,0.1500661969184875,-0.0303254034370183,0.4063856303691864,-0.1771214455366134,0.2077113091945648,-0.5447958111763,-0.2614684998989105,0.3543164134025574,-0.5532571077346802,-0.2449434846639633,0.7746521830558777,-0.0899620279669761,-0.0516972951591014,-0.342397004365921,0.0441427901387214,-0.1556743681430816,0.0106326714158058,-0.8261442184448242,-0.6571635007858276,-0.0567122437059879,-0.1262668371200561,-0.2640563547611236,1.251482605934143,-0.1538983136415481,0.1740613132715225,0.3963647186756134,0.3224512338638305,-0.1065797880291938,0.0997388288378715,0.4761493802070617,0.0683448016643524,-0.7463029026985168,0.0736038610339164,0.3169881701469421,-0.1347614079713821,-0.5592920780181885,0.3807528018951416,-0.4066742956638336,-0.5342354774475098,0.6104951500892639,0.6117584705352783,0.2628654837608337,-0.0787698924541473,-0.0027540798764675,-0.000994143076241,-0.3117029666900635,-0.4542104303836822,0.0181202944368124,-0.053630881011486,-0.1093823760747909,0.200402483344078,0.4620646834373474,0.4107337892055511,0.0381456390023231,-0.3808303475379944,0.032655082643032,0.1720614731311798,0.0905015170574188,-0.2240355759859085,-0.4512054324150085,-0.4160735011100769,0.6146683096885681,-0.2297453731298446,-0.102816954255104,-0.1949191391468048,0.0440123341977596,-0.1912465393543243,0.6322449445724487,0.210728257894516,0.2032429426908493,0.2747454941272735,-0.2248293906450271,0.1163965910673141,0.6398226618766785,0.1713525354862213,-0.3835619390010834,-0.366873949766159,0.0832146629691124,-0.1861176490783691,0.2873241007328033,-0.0894091725349426,-0.2028216868638992,-0.5224685668945312,1.0417276620864868,-0.2008852958679199,-0.0539882369339466,-0.3321657180786133,-0.4509543478488922,-0.360283225774765,-0.0357839204370975,0.1271926760673523,-0.1759262084960937,0.1487833708524704,0.0932709723711013,-0.487331360578537,-0.4072125256061554,-0.079468660056591,-0.3014562726020813,-0.1201192215085029,1.0405274629592896,-0.8401033282279968,0.0393184460699558,-0.0702311769127845,-0.0206679720431566,-0.9087058305740356,0.0924965441226959,0.3321253657341003,0.2915297448635101,0.2183434814214706,-0.81412672996521,0.1714003682136535,0.6007859706878662,-0.2182059437036514,0.4350793361663818,0.0848536789417266,0.4531989991664886,0.082535520195961,0.6636136174201965,-0.1421514749526977,0.4049449265003204,0.1521109342575073,-0.2731350064277649,0.6085896492004395,0.3035077452659607,0.2097351849079132,0.0043528163805603,0.1939515471458435,-0.5537717938423157,-0.0350065790116786,0.0048167295753955,-0.3198368549346924,-0.5149656534194946,0.3396261930465698,-0.1161999925971031,0.1428730636835098,0.1778001189231872,-0.2779326736927032,0.1015555784106254,0.1639135777950287,-0.4183435440063476,0.4518981873989105,-0.0596767701208591,-0.2373472452163696,-0.7151142954826355,-0.3101483583450317,0.1565800756216049,-0.6126844882965088,0.6996737718582153,0.1960583925247192,0.0637141391634941,-0.2737035453319549,-0.5005072355270386,-0.6061068177223206,-0.3094664514064789,0.5522167682647705,-0.0065893726423382,0.2296792119741439,0.6124159097671509,-0.2390262931585312,0.2118097096681594,0.4045111835002899,0.2100452035665512,0.2675347626209259,0.2248073518276214,0.0018500502919778,-0.0633225962519645,0.3355198502540588,-0.7833343744277954,0.4635674655437469,-0.2890464067459106,0.4364186227321625,-0.1116339713335037,0.269094169139862,0.1870846450328827,-0.0080717513337731,-0.2900806963443756,-0.044090699404478,0.508892297744751,-0.5143128037452698,-0.3169381618499756,-0.9389352202415466,0.2775562703609466,-0.7697796821594238,0.1346524953842163,-0.0469939112663269,0.5006145238876343,-0.4950182139873504,0.5215675830841064,0.2497805804014206,-0.1121799573302269,0.2993261516094208,-0.2915922999382019,-0.0916415154933929,-0.0137067204341292,-0.0765860900282859,0.0293723177164793,-0.2950349748134613,0.3774317502975464,-0.5782741904258728,-0.4878269135951996,0.5255984663963318,-0.3891220986843109,0.6915884017944336,0.5459463596343994,0.3344857692718506,-0.1865251213312149,0.437023252248764,-0.4372636079788208,0.3625898659229278,-0.3918406665325165,-0.0733695477247238,-0.0378590486943721,-0.1140413433313369,0.1915168017148971,-0.0274605024605989,-0.6746289134025574,0.1513894498348236,-0.7363781332969666,0.5484305024147034,-0.4287079274654388,-0.1917788237333297,-0.1972842365503311,-0.211388275027275,0.1662224680185318,-0.2983362078666687,0.2068521827459335,-0.3026696145534515,0.2002725452184677,-0.7448209524154663,0.0799385607242584,-0.5306863784790039,-0.0227033384144306,-0.0928113162517547,-0.2776319682598114,-0.2214412093162536,0.066002644598484,-0.2130155563354492,0.4492154419422149,0.1799887716770172,-0.0885716453194618,-0.4200237393379211,0.0934969633817672,-0.3711792528629303,-0.1364453136920929,0.3391126692295074,0.4445263743400574,-0.2260433286428451,0.2087699770927429,-0.0311610177159309,0.4582980573177337,-0.1269419640302658,-0.0319482386112213,0.1574471294879913,-0.3849587440490722,-0.2987823784351349,-0.3764740526676178,0.3070196807384491,-0.328237384557724,-0.1249945014715194,0.7787013053894043,-0.354297012090683,0.0250440724194049,0.207493707537651,0.5394543409347534,-1.3197681903839111,0.0487489700317382,-0.018678119406104,-0.2795045971870422,-0.3830400109291076,0.6313517689704895,0.0210742410272359,0.0693660303950309,-0.3499996960163116,-0.4297904372215271,1.099228858947754,0.2384929358959198,-0.2421613186597824,-0.3423108160495758,0.4468829035758972,0.1891531646251678,-0.0084758773446083,-0.6150385141372681,-0.1383856832981109,0.3683922886848449,-0.1461763083934784,0.1832056939601898,0.2646670341491699,-0.2887140214443207,-0.1536682695150375,0.5394020676612854,-0.1372655034065246,0.577667236328125,-0.1409267336130142,-0.1161870956420898,0.0201383903622627,0.9951343536376952,1.1601394414901731,0.790808379650116,-0.2944014370441437,-0.0795457363128662,0.4861855804920196,0.5656149387359619,0.6665995717048645,-0.1730534732341766,0.0565650537610054,0.0295314732939004,0.4956611394882202,0.4778467118740082,-0.2280270904302597,0.1681633740663528,0.4915581047534942,0.8236240148544312,0.3244971036911011,0.1710482537746429,0.2501628398895263,0.3326368331909179,0.0866409242153167,0.3806838095188141,0.8059060573577881,0.298864334821701,-0.3805890381336212,-0.4380350708961487,-0.359504759311676,0.0047465036623179,-0.1668532788753509,-0.2002646476030349,-0.2723799347877502,-0.0804928988218307,-0.4306133091449737,0.0921047404408454,-0.0181933417916297,-0.4223751127719879,-0.2116104662418365,-0.673562228679657,-0.4095958769321441,-0.1947224289178848,0.079605795443058,-1.0541467666625977,0.4862031936645508,0.3770010769367218,0.42972132563591,-0.4699141383171081,-0.5458283424377441,0.1056305095553398,-0.3782083690166473,-0.0783784613013267,0.0083168447017669,0.3076265454292297,-0.1923711150884628,0.0385910719633102,-0.3073025345802307,-0.1761689931154251,-0.4490758180618286,-0.0604020878672599,-0.9064345955848694,-0.4911035895347595,0.0078222183510661,0.3159095346927643,-0.1263137608766555,0.1429377198219299,0.1221012249588966,0.5545070171356201,-0.3269628584384918,0.0004388684756122,-0.6396679282188416,0.4578623175621032,0.7329128384590149,-0.1588564366102218,0.4051835536956787,0.4882889688014984,0.1835133284330368,0.36062753200531,0.032995332032442,0.3531346619129181,-0.6653755307197571,-0.1120981946587562,0.7203813791275024,-0.260905772447586,0.2898926436901092,0.0110164107754826,-0.4164025485515594,0.2027633190155029,-0.4261585474014282,-0.2665686011314392,-0.2817472219467163,0.1154417023062706,-0.1803697943687439,-0.0221825372427701,0.3615373373031616,0.6952488422393799,-0.0921077653765678,0.5078432559967041,0.0901524722576141,-0.1617416441440582,0.6478137373924255,0.3509836196899414,-0.5201947689056396,0.164731964468956,-0.0546946860849857,0.3945431709289551,0.2971109747886657,0.2715695798397064,0.6533185839653015,0.4222796559333801,-0.1568081825971603,0.2983610332012176,0.2899158298969269,0.420342355966568,-0.2567653656005859,-0.5781151056289673,-0.0652232766151428,0.0114136701449751,-0.472823828458786,-0.2424145936965942,0.361390471458435,-0.0224036015570163,0.3369963467121124,-0.0070771384052932,-0.8400317430496216,-0.6168509721755981,-0.6446452140808105,-0.0474027879536151,-0.1570484042167663,-0.0025475255679339,0.8258790373802185,-0.0861581787467002,-0.7353359460830688,0.6563680768013,0.1821232885122299,0.2819777727127075,0.44384765625,-0.1382059603929519,-0.0779041498899459,0.3110784590244293,0.243604838848114,0.0747796297073364,0.4721215069293976,0.0263671297580003,-0.2087450921535492,-0.6663817763328552,0.4957854747772217,-0.0516476221382617,0.1760611683130264,-0.2939028739929199,0.530614972114563,0.0126364398747682,-0.6596765518188477,-0.631372332572937,-0.0175144113600254,-0.102907471358776,0.0185661539435386,0.0208101850003004,-0.1216693893074989,0.0761394500732421,0.3096867501735687,0.3455348312854767,0.7779531478881836,-0.3516948819160461,0.1715013235807418,0.6859332323074341,0.6577200293540955,-0.2240976244211197,-0.0760074034333229,-0.4059945046901703,-0.3623499274253845,-0.3564415276050567,0.269671082496643,-0.1866178810596466,-0.2471917569637298,-0.4588161706924438,-1.0668716430664062,-0.5941849946975708,0.0688545107841491,-0.6164239048957825,0.3201131224632263,0.2799863517284393,0.1850476115942001,-0.290233314037323,-0.1905516535043716,-0.4886767864227295,0.3714143335819244,-0.000700740434695,0.2670102715492248,0.0769363790750503,-0.4736100137233734,0.1334388107061386,-0.7450750470161438,-0.4259662926197052,0.8520615100860596,0.7533650994300842,-0.6253885626792908,-0.1405572742223739,0.4068232178688049,-0.4351517558097839,-0.5251708030700684,-0.3288036584854126,-0.0574375465512275,0.0308558363467454,-0.0577387623488903,-0.2683954536914825,0.2904980778694153,0.1612909436225891,0.2099916934967041,-0.0457261577248573,0.4514992833137512,0.3842048645019531,0.5719150900840759,0.108089730143547,-0.1362495273351669,0.0670223534107208,-0.5864270925521851,0.4911938905715942,0.2613664269447326,0.4047932922840118,-0.3859580457210541,0.209836721420288,0.8785381317138672,-0.5356251001358032,0.4175658226013183,0.5217072367668152,0.4872502982616424,0.505094051361084,-0.5262318253517151,-0.0125313699245452,-0.8846436142921448,0.0686695277690887,0.0464947000145912,0.017620800063014,0.4847925007343292,0.0637591779232025,-0.3195553719997406,-0.5455775856971741,-0.5255492925643921,0.3507944345474243,0.4249826371669769,0.4179239571094513,-0.0877870917320251,-0.0220574438571929,0.5461474061012268,0.3953705132007599,0.089684210717678,-0.4367555975914001,0.1704565286636352,0.2641899585723877,0.7814040184020996,-0.1995824724435806,0.5438302755355835,-0.7517011761665344,-1.190768122673035,0.2655358910560608,0.0868844389915466,0.0274184700101614,0.3622595369815826,-0.4814813435077667,0.0794841274619102,0.1429188996553421,0.3315563797950744,0.0180438328534364,-0.4928358495235443,-0.8237752914428711,-0.0786128267645835,0.0957009717822074,-0.5681291818618774,0.0364212617278099,0.0151638844981789,0.91337388753891,0.4651232063770294,-0.1341239809989929,-0.2419827580451965,1.049137830734253,0.1455228477716446,0.120935209095478,-0.1442812234163284,-0.0421544015407562,0.1299348920583725,0.2267729938030243,0.1315604895353317,-0.4520497918128967,-0.333946019411087,0.2573505938053131,-0.5299175381660461,0.061383381485939,-0.2560333609580993,0.0177683308720588,0.1509685218334198,-0.0113515425473451,-0.2675824463367462,-0.3721432983875274,-0.1486816704273224,-0.1724599599838256,-0.7157665491104126,0.2660408616065979,0.0126407612115144,-0.0204727593809366,-0.3715798556804657,-0.0151869971305131,-0.5965896844863892,-0.3341116607189178,0.0075120339170098,0.5591555833816528,-0.7135568857192993,-0.6283758878707886,0.5806432366371155,-0.2137820124626159,-0.2620254158973694,-0.7189838290214539,0.1424958854913711,0.0816798731684684,0.5325878262519836,-0.2107699066400528,0.2723670303821563,-0.3993126153945923,-0.0150620993226766,0.1067553237080574,-0.1090158149600029,0.5568524599075317,-10.187359809875488,0.1711428612470626,-0.4464468657970428,-1.1386390924453735,-0.0665484443306922,0.1588861644268036,0.4510736763477325,0.338424950838089,-0.2204774916172027,-0.0847415477037429,-0.0601294562220573,0.4050852954387665,0.3033035099506378,0.322946548461914,-0.9586413502693176,-0.1252761930227279,-0.3609889447689056,-0.2083401083946228,0.0664683803915977,-0.670790433883667,-0.2609117031097412,-0.4504331052303314,0.6067798733711243,0.637122392654419,0.035034779459238,-0.3592955470085144,-0.4894201159477234,0.231084331870079,0.0089098559692502,0.2508890628814697,-0.6307515501976013,0.652456521987915,0.1432319730520248,0.4516701102256775,0.086641140282154,-0.0974258258938789,-0.2713007032871246,0.6257935166358948,-0.3700024485588074,0.342485100030899,0.2646548449993133,0.3656089305877685,-0.3202582597732544,-0.0797861963510513,0.0659766569733619,0.0707174837589263,0.5855342149734497,0.2202647626399994,0.6852136254310608,0.0700863301753997,-0.1763507574796676,0.2850565612316131,-0.2577462792396545,0.0563963055610656,-0.0028930585831403,0.073710024356842,0.8301398158073425,-0.1715298146009445,-0.2740088701248169,0.1091502457857132,0.4211184680461883,-0.0583479963243007,0.4832911193370819,0.7381985187530518,0.2021373361349105,0.0653232485055923,0.4991310834884643,0.5631673336029053,-0.6763712763786316,-0.1979986131191253,0.2104098498821258,0.2619231641292572,-0.0863594114780426,0.3745808899402618,-0.316290020942688,0.5314692258834839,0.043662205338478,-0.1058293581008911,-0.0781411826610565,0.2980992496013641,0.8347527384757996,-0.4990279078483581,0.1110679805278778,0.3549347519874573,-1.2934144735336304,0.0375192873179912,-0.0784960836172103,0.2693603634834289,0.2120212465524673,-0.7358568906784058,0.4592650830745697,-0.5310732126235962,-0.60149747133255,0.306140661239624,0.4003915786743164,-0.3961745202541351,-0.1143051609396934,0.1391668319702148,0.390625387430191,-0.202238991856575,0
0.0031761368736624,-0.0607978403568267,0.0868006199598312,-0.661807656288147,0.0111189065501093,0.3265124261379242,0.1916644126176834,-0.4045667350292206,-0.4292081892490387,-0.4083045125007629,0.5463610291481018,0.2070582807064056,-0.3826923966407776,0.0625517517328262,0.7951143980026245,-0.442884236574173,0.3125962615013122,0.3438512980937958,-0.0523972958326339,0.0517843142151832,0.0978624746203422,-0.5571790337562561,-0.2747199833393097,0.0472691729664802,-0.0459600277245044,-0.3686332702636719,0.2244462519884109,-0.082312487065792,0.0983265489339828,-0.2376643419265747,0.1591430008411407,-0.4425821006298065,-0.0801399499177932,-0.2665002346038818,-0.0309830289334058,0.0108848055824637,-0.0690804943442344,0.2679064273834228,0.2063704431056976,0.1932753026485443,0.1479707956314087,0.0076370746828615,0.1948626637458801,-0.1712042689323425,-0.0528566688299179,0.1627152562141418,-0.0894470736384391,0.1004108041524887,0.591101348400116,-0.2889629006385803,0.1374229490756988,0.5501917600631714,0.4750784933567047,0.1716260015964508,-0.0601437613368034,0.3185002207756042,0.8224498629570007,-0.557417631149292,-0.1149771809577941,0.1276140511035919,-0.5706307291984558,0.2014473527669906,-0.3595708608627319,0.2332155704498291,-0.2315685451030731,0.1064353063702583,0.0359065234661102,-0.1417602002620697,-0.3781137466430664,-0.3540096879005432,-0.0274864323437213,0.402396023273468,-0.6046552658081055,-0.3359215855598449,0.5048612952232361,-0.1393412053585052,0.3976526856422424,-0.1794541180133819,0.0227434691041708,0.1814790219068527,-0.1187740936875343,0.2268717288970947,-0.0903581604361534,-0.6762161254882812,0.0569993667304515,0.0246051810681819,-0.2300129532814026,-0.5120596289634705,0.1248785406351089,-0.4493535459041595,-0.1133277118206024,-0.2073936313390731,0.3074301481246948,0.0145306037738919,-0.1841437220573425,0.1837277859449386,-0.0620439946651458,-0.2285856008529663,-0.0833185613155365,-0.0128377340734004,-0.4649055302143097,0.2861506342887878,0.1150683984160423,0.1076434478163719,0.0551507472991943,0.1075687184929847,-0.1809568107128143,0.3812497854232788,-0.139119878411293,0.4462940990924835,0.2862721383571625,-0.2635545432567596,-0.2679628133773803,0.0520831122994422,-0.1249072924256324,0.0026477477513253,0.0267717316746711,0.2469020783901214,0.0302001107484102,0.3710814416408539,-0.1098586171865463,0.4699374139308929,0.0058718807995319,-0.0616717003285884,-0.2280991375446319,-0.1406721770763397,0.0704468786716461,-0.3091879487037658,-0.0072021726518869,-0.3812822103500366,0.1617260724306106,-0.0414503291249275,-0.5856931209564209,0.2547442615032196,-0.1138062626123428,0.4811491072177887,0.130574569106102,0.0783994868397712,-0.391741931438446,-0.5688015818595886,-0.0319120548665523,-0.2438270598649978,0.3643069565296173,0.0948860645294189,-0.1718646436929702,0.2716177403926849,0.3198012709617615,0.1311369985342025,0.7376388907432556,0.5044369697570801,-0.2001553475856781,0.7393048405647278,-0.4966245889663696,-0.0050921100191771,0.2593344748020172,-0.1624211370944976,-0.4992667436599731,0.4151813089847564,-0.1086982414126396,0.6080097556114197,0.1552628129720688,-0.3181414604187011,0.2967957556247711,0.8420257568359375,0.1295166760683059,0.7175630331039429,0.3213450014591217,0.4221847653388977,0.605125904083252,0.5966471433639526,-0.1656567007303238,0.5463995337486267,0.3133746683597564,-0.3287399113178253,0.2963298261165619,0.005749715026468,0.0374555811285972,0.5076952576637268,0.1681631803512573,-0.9266054034233092,-0.1957228630781173,0.1941849142313003,0.052257839590311,-0.4191427528858185,0.7755953073501587,0.0066946446895599,0.5302921533584595,0.2605101466178894,-0.0696816518902778,-0.184170588850975,-0.0372766554355621,-0.0098567195236682,0.2622301578521728,-0.4053263068199157,-0.5704964995384216,-0.1914510577917099,0.0944606438279151,0.0508277006447315,-0.4833554029464721,0.4180681705474853,0.3133998513221741,-0.036971129477024,-0.2730249464511871,-0.8953977227210999,-0.8142644166946411,-0.2519980072975158,-0.1531452983617782,0.2973617613315582,0.0147576453164219,0.0984799936413765,-0.2799798250198364,-0.3443861305713653,0.3409165143966675,0.0603276640176773,0.2964895069599151,-0.0570669658482074,-0.9990729689598083,0.0238197539001703,0.0489080734550952,-0.0346764251589775,0.1864619255065918,0.0158124044537544,0.2862429022789001,-0.5115312337875366,-0.2338037192821502,0.1353099048137664,0.1608468294143676,-0.2106554061174392,0.1547987461090088,0.5374172329902649,-0.066332496702671,-0.1900498867034912,-0.8293370604515076,0.2218030542135238,-0.0450445711612701,0.4054462313652038,-0.6599977016448975,0.6992177963256836,0.018104126676917,-0.002429557731375,0.5482659935951233,0.3278791010379791,0.1139019280672073,0.2349071204662323,-0.3641423285007477,0.3448559641838074,0.1526006162166595,-0.4325889348983764,-0.6531708836555481,-0.5379634499549866,-0.927617609500885,-0.3598898649215698,-0.0856102630496025,0.1103380993008613,0.4773735404014587,0.0974730402231216,0.2282249182462692,-0.4778967201709747,0.1223301813006401,-0.3653758764266968,-0.3753630220890045,-0.4723738431930542,-0.2525172531604767,0.0311940945684909,-0.1930955797433853,-0.2202931046485901,0.0085229333490133,-0.555094838142395,-0.7384956479072571,0.1608379185199737,0.0788786187767982,-0.3683903217315674,-0.4114533364772796,0.0641935840249061,-0.1213461458683013,-0.3295978009700775,-0.011258372105658,0.254391461610794,-0.3797242045402527,-0.0208807196468114,-0.6492891907691956,0.6138627529144287,-0.6307557225227356,-0.3399337232112884,-0.1044942960143089,0.0166841223835945,-0.1446605622768402,-0.4678792357444763,-0.1896993815898895,0.7635605931282043,0.2990688681602478,-0.138578861951828,-0.3641351163387298,-0.4979437291622162,-0.5783031582832336,0.4369446933269501,0.4176512956619262,0.1074473783373832,0.0878961756825447,0.402312695980072,0.5334050059318542,0.1978185474872589,0.2844682931900024,-0.1847484111785888,-0.2366843223571777,-0.2725338637828827,-0.1306344270706176,0.0627033412456512,0.4482207596302032,-0.305838406085968,-0.122567318379879,0.9938422441482544,-0.4593415260314941,-0.3654066920280456,0.7318883538246155,-0.0670155808329582,-1.3997195959091189,0.2089877426624298,0.4641358256340027,0.339649885892868,-0.481524795293808,0.7123547792434692,0.1878018230199813,0.5769309997558594,-0.2344101518392563,-0.4898486137390136,0.5672318339347839,-0.1247627809643745,-0.4136821627616882,0.4254004061222076,0.1543496400117874,-0.5032008290290833,-0.0087127489969134,-0.4590893089771271,-0.2126435190439224,0.4482419192790985,-0.1862764656543731,-0.0274078119546175,0.0112516330555081,-0.4013431370258331,-0.24400494992733,0.3090179860591888,-0.0148792658001184,-0.5374107956886292,-0.5534104108810425,-0.2894331514835357,0.3393507897853851,1.0581037998199463,0.144974336028099,0.6220086216926575,-0.4687284231185913,0.4528188407421112,0.3884975910186767,0.1073685884475708,0.5571797490119934,0.2764184772968292,-0.2424703538417816,-0.2158079594373703,0.5627112984657288,0.415305495262146,0.106074534356594,-0.0443860217928886,0.1336534172296524,0.0635653510689735,0.1826259046792984,-0.1055840924382209,0.6502776145935059,-0.141808420419693,0.3536523282527923,0.5146189332008362,0.2330994606018066,-0.0900570750236511,0.0781622529029846,-0.4576899111270904,0.1094290018081665,-0.8406364917755127,0.5045748353004456,-0.0283449869602918,-0.0218085329979658,-0.0520893447101116,-0.1031492948532104,-0.4371600151062011,-0.017949478700757,-0.1399894803762436,0.2675392627716064,-0.5081573128700256,-0.5338950753211975,0.1077740564942359,-0.0689213573932647,-0.283149242401123,0.171120136976242,0.3129028677940368,0.4287918210029602,-0.5326884388923645,-0.4094868898391723,0.7733538150787354,0.0162159632891416,-0.0072541129775345,0.5614296197891235,0.1175485625863075,-0.0760221034288406,-0.211329385638237,-0.4428883790969848,-0.2046450078487396,-0.7780249118804932,-0.3564236462116241,-0.4528417289257049,0.2160809636116027,0.2362763434648513,0.3225845992565155,-0.1116638481616973,-0.0470034219324588,0.0703728720545768,0.1373246610164642,-0.0632245987653732,-0.65218186378479,0.2310350388288498,-0.1592269390821457,0.5896809101104736,0.8067646026611328,0.1587326377630233,-0.2732491493225097,-0.1715768128633499,0.2116468995809555,0.2313543707132339,0.1230284571647644,-0.6485904455184937,0.0193797163665294,0.5927419066429138,-0.0951088666915893,-0.2243158966302871,0.1123715043067932,0.3114649355411529,0.461230456829071,-0.276660680770874,-0.382485032081604,-0.0353952907025814,0.3318245410919189,-0.0521954633295536,0.3872840106487274,0.0941041409969329,1.028633952140808,0.2518595159053802,-0.0752753987908363,0.2339671552181244,-0.3081791698932647,-0.0724743828177452,-0.2201147973537445,0.2931573987007141,0.1904922127723693,0.0927618965506553,0.5092480778694153,0.1100455299019813,-0.3637725114822387,-0.2760427296161651,-0.0828023701906204,0.3296189904212951,0.1685519069433212,0.0973466262221336,0.2866364419460296,-0.5149614810943604,-0.0037491263356059,-0.3459472954273224,-0.4577270150184631,-0.1330947428941726,0.1084762662649154,0.6005651950836182,0.1605362296104431,0.5439375638961792,-0.5331707000732422,-0.3257345259189605,-0.3711455166339874,-0.4540835320949554,-0.1340912729501724,-0.2620345950126648,0.2089841961860656,0.1866414099931717,0.1436269432306289,-0.4567202031612396,-0.3661319315433502,-0.0883623957633972,0.3650775253772735,0.0215740874409675,-1.0030871629714966,-0.4105854034423828,0.6311589479446411,-0.1848551332950592,-0.3698974549770355,0.1036599949002265,0.236632689833641,0.1726095229387283,-0.2160039544105529,-0.0213409829884767,-0.168961226940155,0.3041289746761322,-0.0161232110112905,0.4921342730522156,-0.09644266217947,-0.2044597864151001,-0.332964688539505,0.0566480383276939,-0.2578245103359222,-0.3340344727039337,-0.572498619556427,-0.3068805336952209,-0.0457549095153808,0.1794564574956894,0.1167832538485527,0.4510316550731659,-0.2446545511484146,0.4985246956348419,0.031571552157402,0.1467853039503097,-0.0906953960657119,0.2868809998035431,-0.2875887453556061,-0.1965115219354629,-0.1932107657194137,0.5326632857322693,0.2681797444820404,0.3176998496055603,-0.2003336399793625,-0.5330439209938049,-0.1281498223543167,-0.2392009794712066,-0.519485592842102,0.5827149152755737,0.0900339633226394,0.5456182360649109,-0.1836076378822326,0.2240788340568542,-0.1907528638839721,-0.0015128852101042,-0.3930225670337677,-0.1054306253790855,-0.1078258082270622,-0.8340499997138977,-0.186623215675354,-0.3212255537509918,-0.4420482516288757,0.5200933218002319,0.2669086158275604,-0.6013787388801575,-0.3170128464698791,0.1425212919712066,-0.034273512661457,-0.4507310092449188,-0.0893237888813018,-0.5125720500946045,0.1827784180641174,0.487899512052536,0.4282651841640472,0.4144729077816009,-0.2689167261123657,-0.6819618940353394,0.1487437039613723,0.7066802978515625,0.1276256442070007,0.2586115002632141,0.1338995993137359,-0.0630201920866966,0.0068775373511016,-0.3611669242382049,0.5995979905128479,0.3284713923931122,0.6112343668937683,-0.1593673080205917,0.5796571373939514,0.5704997777938843,-0.2039690464735031,0.27096688747406,0.9044501185417176,0.39722540974617,0.6367554068565369,-0.0577708259224891,0.036823458969593,-0.5470572113990784,0.2953176200389862,-0.2784082591533661,0.2505327463150024,0.2955975830554962,-0.3873145580291748,-0.0106711722910404,-0.4470608234405517,0.0582158118486404,0.3540639281272888,-0.2572919130325317,0.0640492439270019,-0.1530279666185379,-0.5277718901634216,0.3817476332187652,-0.158414676785469,-0.0710591152310371,0.1840384602546692,-0.0350280739367008,0.4537293612957001,0.528607189655304,0.2899109721183777,-0.0413019880652427,0.2188134342432022,-0.6566449999809265,0.0871488004922866,-0.4678245782852173,0.2556524276733398,0.8074514269828796,0.1066321358084678,-0.7058013081550598,0.1147244274616241,0.7123931646347046,-0.3560422956943512,0.0612720251083374,-1.0915507078170776,-0.1837315112352371,-0.1110924184322357,0.1160295903682708,0.1151471585035324,-0.1754621565341949,0.4969201385974884,-0.3079700171947479,-0.1208853498101234,-0.2617020308971405,0.7547056078910828,0.0675808936357498,-0.2036011964082718,-0.0834806710481643,0.0529114045202732,-0.0520556680858135,0.2553771734237671,0.0519331432878971,-0.4064322412014007,0.1175331100821495,-0.0400002636015415,-0.2948659062385559,-0.0202174540609121,0.4066607654094696,0.1878072172403335,0.0256806910037994,0.2268457561731338,-0.0400772243738174,-0.8691291809082031,-0.2082367241382599,0.3324902355670929,-0.942822277545929,-0.0735208243131637,-0.1429763734340667,-0.1136432737112045,0.3548907041549682,-0.1476150751113891,-0.3494469225406647,0.015733528882265,-0.295113205909729,-0.0524454191327095,-0.1219716221094131,-0.5856705904006958,-0.0685122907161712,0.2011014968156814,-0.0997806042432785,-1.0749133825302124,0.1433800905942917,0.1807161569595337,0.3349646627902984,0.0505462624132633,0.51595139503479,0.2372927665710449,0.0397394374012947,0.4213206768035888,-0.229931965470314,0.179247185587883,-10.382081985473633,-0.4448930025100708,-0.3652932643890381,-0.183305487036705,-0.3692849576473236,0.4921149015426636,0.6921905279159546,0.3035148084163666,-0.2524159848690033,0.4128586649894714,-0.3018664121627807,0.2482895404100418,0.1434746235609054,0.9373087286949158,-0.4286087155342102,-0.1827657520771026,0.3007826209068298,0.082112118601799,0.0640494301915168,0.3107931613922119,-0.2130162268877029,-0.4070342779159546,0.6020965576171875,0.0759041309356689,-0.0683071687817573,-0.3665779531002044,-0.2489219903945922,0.2341049611568451,-0.1814572066068649,0.1103604510426521,-0.6091642379760742,0.5347440242767334,0.1003084331750869,0.3639244735240936,-0.7448790669441223,-0.2301767915487289,-0.0891357064247131,0.2333881556987762,0.3847591280937195,0.5595882534980774,-0.0836476907134056,0.6774351000785828,0.2649302184581756,-0.4228098094463348,0.853337287902832,-0.2344857007265091,0.3338377773761749,0.5192164182662964,0.2750162482261657,0.1354071348905563,-0.1363216787576675,-0.6438022255897522,0.0042162416502833,-0.4347541332244873,-0.1330995559692382,-0.1422829777002334,0.3304428160190582,-0.6977059245109558,0.0330822952091693,-0.1127327904105186,0.4786390364170074,-0.273013710975647,0.6636946201324463,-0.0587224513292312,-0.3250734508037567,-0.1605715006589889,0.0656867250800132,0.6946278810501099,-0.5975626111030579,-0.2920809686183929,0.5590290427207947,-0.2730327248573303,0.2166372835636139,0.4055890440940857,-0.4609197080135345,0.2656212449073791,-0.1926836967468261,-0.177279993891716,1.1196138858795166,0.0746123492717742,0.4504166543483734,-0.0480197295546531,-0.4257279634475708,0.1747554093599319,-1.0736651420593262,0.4939015209674835,-0.1731966435909271,0.1242589876055717,0.3955589532852173,-0.4195772707462311,0.582466721534729,0.0015246457187458,-0.3316822946071625,0.1182079017162323,0.481196790933609,0.0666705295443534,0.4595232307910919,0.0795234888792038,0.923289954662323,0.1367945075035095,1
0.4584005177021026,0.6068600416183472,0.6540945172309875,-0.1979266703128814,0.0371634028851985,0.4148586392402649,0.8523632287979126,-0.3692471981048584,-0.9798730611801147,-0.0008894583443179,0.7762646079063416,-0.1498967409133911,-0.5566980838775635,0.3039248883724212,0.538227915763855,-0.1528572291135788,-0.2765080630779266,-0.0341567881405353,-0.5616655349731445,-0.3624241650104522,-0.6381006240844727,-0.4404411315917969,0.0155496057122945,0.5906223654747009,0.2501792013645172,-0.4856312572956085,-0.4847123026847839,0.3450714647769928,0.0194150824099779,-0.1920924931764602,-0.1520655453205108,-0.211948275566101,-0.5834081172943115,0.0977973490953445,-0.2578718960285187,0.2324703633785247,-1.0426311492919922,-0.1411476582288742,0.192517951130867,0.1383581012487411,-0.0995559841394424,-0.3432340323925018,0.0386885032057762,0.1344214379787445,-0.3770844638347626,0.1665234267711639,0.0189575925469398,-0.3201064467430115,-0.0061231791041791,-0.2825465798377991,-0.1177031546831131,0.5970259308815002,0.4876460134983063,0.6847511529922485,-0.2108345925807953,0.054809346795082,0.6815118193626404,-1.0992708206176758,0.1559639424085617,0.4991836547851562,-0.5482352375984192,-0.2335859686136245,-0.023327175527811,0.3431836664676666,0.0566656030714511,-0.0520145669579505,-0.6059450507164001,-0.118689976632595,0.5359420776367188,0.0671898424625396,0.4197313189506531,-0.2361689656972885,-0.1259959936141967,-0.2720822691917419,0.6424387097358704,-0.4231085777282715,0.5660738348960876,0.0161272343248128,0.5920824408531189,-0.3243602216243744,-0.0500263646245002,-0.0770516917109489,-0.1287921518087387,-0.489391028881073,-0.4585957825183868,0.7114890813827515,-0.8610582947731018,-1.3303613662719729,0.5248424410820007,-0.2788920700550079,-0.4381560683250427,-0.1722854375839233,-0.100493386387825,0.0217989329248666,0.9898541569709778,0.4127951562404632,0.1366836875677108,0.1402850300073623,0.103427268564701,0.5898630023002625,-0.1094588786363601,0.4385375678539276,0.2027075886726379,-0.2816493511199951,-0.1034258902072906,0.0186371710151433,-0.1114945188164711,0.0969098284840583,-0.06846284866333,0.6588926911354065,0.1913847774267196,-0.215453028678894,-0.7272444367408752,-0.5519933700561523,0.3910149335861206,-0.155851662158966,-0.0753041058778762,0.4155957698822021,-0.4283689260482788,0.8515154719352722,0.0617723017930984,0.3307995200157165,0.3261284530162811,-0.8540834188461304,0.2580912709236145,-0.0738131552934646,0.156520739197731,-0.2671801149845123,-0.0420619621872901,-0.1073298156261444,-0.660365104675293,-0.9764756560325624,-0.1512773782014846,-0.2648814916610718,-0.8553153276443481,1.134892821311951,0.3172479569911957,0.3880175352096557,-0.8397544026374817,-0.3013007640838623,-0.3711803555488586,0.3153825998306274,0.5934211015701294,-0.7802194952964783,0.1440425664186477,0.1799754798412323,-0.1617102324962616,-0.5080538988113403,0.1640356928110122,0.0180641394108533,0.2271745502948761,0.8956618905067444,-1.0206242799758911,0.7324531674385071,0.1137729063630104,0.2267948538064956,-0.1827643662691116,0.181497722864151,0.213035449385643,-0.0881641283631324,0.7289732098579407,-0.0141115635633468,0.3953237533569336,0.8180615901947021,-0.1917637586593628,0.7242363691329956,0.7374895811080933,-0.3791415095329284,0.7459970712661743,0.8775174617767334,1.20547616481781,0.3439008891582489,0.4901431500911712,-0.345109224319458,-0.1652706116437912,0.0882444828748703,1.2486251592636108,-0.1197502091526985,0.1152960509061813,-0.6174924373626709,-0.4209655225276947,0.0080090127885341,0.1764021664857864,-0.2296320497989654,0.8811943531036377,-0.0763689205050468,0.2993402779102325,-0.1432012468576431,-0.0766301751136779,0.8353068828582764,-0.4041392505168915,-0.408011645078659,0.453060507774353,-0.8222589492797852,-0.2891635000705719,0.1675726622343063,-0.291931003332138,0.633328914642334,-0.3593395948410034,0.8754162788391113,0.4145517647266388,-0.3398477137088775,-0.3109614849090576,-1.254003643989563,-0.7125627994537354,-0.2103234827518463,-0.1745898127555847,0.7359428405761719,-0.6176245212554932,0.3750456571578979,-0.4905411005020141,0.120614044368267,0.3688717782497406,-0.1592284590005874,0.65317702293396,0.1624990105628967,-0.5245394706726074,-0.4933618605136871,0.1545635461807251,-0.1522471159696579,0.707087516784668,-0.0862258300185203,0.1667607277631759,0.036972127854824,0.1472660154104232,0.4508861899375915,0.6447356939315796,-0.8717337250709534,-0.3858667314052582,0.2960793673992157,-0.3826280236244201,-0.297852098941803,-0.8828015923500061,0.742232620716095,-0.566615104675293,-0.4321951568126678,0.0983250215649604,-0.1129075139760971,-0.1383981108665466,0.7355702519416809,-0.2824490964412689,-0.2302460223436355,0.5264033079147339,-0.3194938600063324,-0.5772688388824463,0.3003978133201599,0.2798177599906921,-0.4077572524547577,-0.5747770071029663,-0.3471738696098327,-0.2870897352695465,-0.1329627037048339,-0.1934438496828079,-0.4140693247318268,0.484009176492691,0.6815416216850281,0.5325454473495483,-0.6220295429229736,0.6103649139404297,-0.2561775743961334,-0.5123502016067505,-0.370883047580719,0.0747028291225433,0.1573724150657653,-0.0427131466567516,-0.2278991341590881,-0.2853848934173584,-0.2236283123493194,-1.0720813274383545,-0.07528617978096,-0.0619571506977081,-0.2179088592529297,-0.3121378421783447,-0.3194135427474975,0.3125024139881134,-0.1137749627232551,-0.6306310296058655,0.769493579864502,-0.3132527470588684,0.4976572692394256,0.1816273480653762,0.0924203693866729,-0.7638193964958191,-0.3187982738018036,0.0915515348315239,0.2376749664545059,-0.6094143390655518,-0.72358638048172,0.0473818331956863,0.5052310824394226,0.3319241404533386,-0.9228996634483336,-0.1032544299960136,-0.0782552883028984,-0.7976570129394531,0.4126307666301727,0.3854740560054779,0.194755882024765,0.2673971951007843,-0.2932171523571014,0.4066148102283478,0.1571128666400909,0.7593804001808167,0.1507040709257125,0.3307735621929168,-0.1725698411464691,0.3473936021327972,0.762445867061615,0.3772301971912384,-0.7422272562980652,0.4786767959594726,0.7023107409477234,-0.8022606372833252,-0.2847665548324585,0.4144279062747955,0.4735960960388183,-1.7061058282852173,-0.3404128551483154,0.7082400918006897,0.170973315834999,0.0577785409986972,0.2119436115026474,0.2854850888252258,0.4096503555774688,0.3631237149238586,-0.7565966248512268,0.8864758014678955,-0.1305179595947265,-0.0348743647336959,-0.4981717467308044,0.4241715371608734,-0.4158363938331604,0.0646746754646301,-0.6263888478279114,0.4104113280773163,0.5180907845497131,-0.3669058382511139,-0.3112810850143432,-0.226902887225151,-0.6003457307815552,0.1678534001111984,0.3168642520904541,-0.4257639050483703,0.1894312649965286,-0.4527235329151153,0.0081921191886067,0.3373124301433563,1.4880083799362185,0.1331221908330917,0.547389030456543,-0.8795989155769348,-0.2353594005107879,-0.4441710114479065,-0.8360081911087036,-0.2657624185085296,-0.3537144064903259,0.1572752147912979,-0.6941246390342712,0.7269331216812134,0.0022916786838322,0.2499756813049316,0.2693927586078644,-0.1587540060281753,-0.1428984105587005,-0.5341075658798218,0.1663108617067337,0.9067373871803284,-0.2435541898012161,-0.2270650118589401,0.3364887833595276,0.4963492155075073,0.0081331059336662,0.1505205780267715,-0.527171790599823,0.2522756159305572,-0.7972220778465271,0.1721642613410949,-0.238845020532608,-0.9071068167686462,0.4117044508457184,-0.5612473487854004,0.3696989715099334,0.0485333278775215,-0.2121196091175079,0.8143339157104492,-0.0086126737296581,-0.1571649760007858,0.3488775491714477,0.6995864510536194,-0.4356578588485718,0.4356266856193542,0.6039578914642334,0.6059603691101074,-0.3011232316493988,-0.9956685900688172,0.2813479602336883,-0.0781871750950813,0.5396325588226318,-0.2255962640047073,0.7109352350234985,-0.4125146865844726,0.0876441374421119,0.0302993170917034,-0.5215179324150085,-0.8620301485061646,-0.1267453134059906,-1.2325212955474854,0.2250725030899047,-0.1969701945781707,0.3294578194618225,-0.4908627867698669,-0.2452638745307922,0.0232611093670129,0.4586274623870849,-0.556229829788208,-0.8881868124008179,0.386600524187088,0.4842104315757751,0.0758289024233818,1.116971135139465,0.3711024224758148,-0.0667290091514587,0.1413575410842895,-0.0218269396573305,0.3608662486076355,0.2972046434879303,-0.36187744140625,-0.3535853326320648,-0.1263877302408218,-0.467408686876297,-0.4611627161502838,0.6103957891464233,0.149003118276596,0.8352214097976685,-0.4554452300071716,-0.9295650124549866,0.3385094702243805,-0.0940762907266616,-0.1331038922071457,0.8442094922065735,0.1499762237071991,0.5731534361839294,0.3751749992370605,-0.1064645051956176,-0.3037163615226745,-0.1479409635066986,-0.3876076340675354,-0.4339147806167602,-0.3306855261325836,0.1832686960697174,0.3772224485874176,0.9154782295227052,0.1943717151880264,0.2558437585830688,0.5042397975921631,0.3107376992702484,-0.4992663860321045,0.4376295804977417,-0.3641621172428131,-0.0007292291265912,-0.2409098446369171,0.9352483749389648,-0.5408114194869995,-0.6262905597686768,0.0788415297865867,-0.4220105111598968,0.3977032601833343,0.2884084284305572,0.4248114824295044,-0.7776639461517334,-0.7864999175071716,-0.5349707007408142,-0.8759726881980896,0.0099938455969095,-0.6413745284080505,-0.2612638771533966,-0.1174555569887161,0.3655964434146881,-0.3851774930953979,0.1847859919071197,-0.0614660903811454,0.1177941635251045,-0.2524961531162262,-0.8231236934661865,-0.6154857873916626,0.6350480318069458,-0.5698253512382507,-0.2693982422351837,0.483195036649704,0.7063618302345276,-0.0714887231588363,-0.7912255525588989,-0.2478390634059906,-0.2939006388187408,0.4423361420631408,-0.9716439247131348,0.6686766743659973,0.1649917513132095,-1.1041306257247925,0.5466040968894958,-0.4627670347690582,-0.1696918308734893,0.3680172860622406,-0.1218443512916565,-0.0075775547884404,-0.4656360149383545,0.8255313038825989,0.1203943938016891,0.8979209065437317,-0.4901963472366333,-0.0410791337490081,0.2003344148397445,-0.2016689330339431,0.0981299951672554,0.0357221588492393,-0.6654583811759949,-0.0663770586252212,-0.1390846073627472,0.2063473314046859,-0.1846171021461486,0.7377747893333435,-0.0430226102471351,-1.2202932834625244,-0.5736923813819885,0.144277736544609,-0.469269186258316,0.6842907071113586,0.0476878732442855,0.5757511258125305,-0.948566436767578,0.1608318537473678,-0.310964971780777,0.2372632026672363,-0.2413028925657272,0.1792467683553695,0.5219724178314209,-0.8885990977287292,-0.2419576495885849,0.1623536348342895,-0.5805898904800415,1.0746068954467771,0.5803259015083313,-0.7084954977035522,0.1494669467210769,0.3529830574989319,0.6573694348335266,-0.4564561247825622,-0.6678273677825928,-0.0128632588312029,0.1936217546463012,0.5722329616546631,-0.2088586539030075,0.4709310233592987,0.6651274561882019,-0.5744503736495972,-0.2252647578716278,0.9431009888648988,0.3491215109825134,0.5810620188713074,0.0641975030303001,-0.4544165730476379,0.1056722998619079,-0.7959194779396057,-0.4606161117553711,-0.0658347830176353,0.2511886656284332,-0.8174324035644531,0.7202024459838867,0.1233894228935241,0.0846161916851997,-0.015094680711627,0.8127996921539307,0.4315218031406402,1.192846655845642,0.3576069474220276,0.2278106659650802,-0.0833776071667671,0.3844968676567077,0.3833029866218567,-0.1198212504386901,-0.6905237436294556,-0.2845936417579651,0.0247571039944887,-0.358022928237915,0.3650374412536621,0.2105081379413604,-0.4841082990169525,0.5735231637954712,-0.326752245426178,-0.1931249350309372,1.1248817443847656,-0.181699052453041,0.0624922811985015,-0.046108029782772,-0.0132650956511497,0.6188536882400513,0.526099443435669,0.0861080735921859,0.2643508017063141,-0.1720021665096283,-0.5700074434280396,0.2820744514465332,-0.100138321518898,-0.519056499004364,0.3722560405731201,-0.3311730921268463,-0.1426869481801986,0.2311113327741623,0.4657268226146698,-0.4209647476673126,-0.1773817986249923,-0.8903256058692932,-0.0645880624651908,-0.3793385922908783,0.0882129371166229,0.1867644339799881,0.3100967705249786,0.6955606937408447,0.3778241574764251,-1.060850977897644,0.4728814959526062,0.3097863793373108,-0.3618364334106445,-0.7633584141731262,-0.177019864320755,-0.1129104644060134,-0.1873960047960281,0.1082159876823425,0.2869229018688202,0.2428042888641357,-0.2058637291193008,0.193380206823349,-0.0520062521100044,-0.2771276235580444,-0.1269221752882003,0.8186615109443665,-0.0876113101840019,0.015019210986793,0.3751673698425293,-0.4242981672286987,-0.1459161043167114,-0.0870993882417678,-0.7953484058380127,-0.1475475579500198,0.1305629760026931,-0.0978868529200553,-0.0875521898269653,0.2886409163475036,-0.3666962087154388,-0.3194868564605713,-0.093723751604557,-0.2415404766798019,-1.2962932586669922,-0.261516809463501,0.3542269766330719,0.1282502114772796,-0.491860955953598,-1.3701506853103638,0.4519633054733276,0.2187259942293167,0.196785107254982,0.1001196801662445,0.2304547429084777,-0.105826698243618,-0.3750117123126983,0.1166244819760322,-0.5779324173927307,-0.3546543419361114,-9.376434326171877,0.0651367977261543,-0.3258205652236938,0.0164320655167102,-0.3344656825065613,-0.7557252049446106,1.377924561500549,1.066581130027771,-0.4734392464160919,0.5328446626663208,-0.1283230483531952,0.3067136704921722,0.2931745946407318,0.1833537518978119,-0.13980732858181,0.4142200052738189,-0.3792128562927246,0.2181543707847595,0.06451465934515,-0.33189857006073,-0.200861394405365,-0.0202080346643924,0.7180583477020264,-0.0082581490278244,-0.1946638822555542,-0.0924816653132438,0.5221387147903442,0.3848300874233246,0.0884851366281509,0.8013741374015808,-0.8360506296157837,0.8105651140213013,-0.4873232841491699,0.6034466028213501,-0.1508166491985321,0.0303171779960393,0.028016772121191,0.8121113777160645,-0.8108493089675903,0.847545862197876,-0.4104151725769043,0.8868398070335388,0.6777662634849548,0.077513188123703,0.6078146696090698,-0.3032098412513733,0.2044364213943481,0.3274392485618591,0.5834867358207703,-0.8478491902351379,-0.1906910538673401,0.0299624241888523,0.2889414131641388,0.0070484806783497,-0.0171587374061346,-0.2149161100387573,0.2291739732027053,-0.7505106925964355,0.8822256326675415,0.635977029800415,0.7249918580055237,0.3651466369628906,0.4086719751358032,0.6557764410972595,0.0111001227051019,0.6294556260108948,-0.271518349647522,-0.0357427261769771,-0.7548178434371948,0.1427672058343887,0.4018731713294983,0.3515939712524414,0.3453514277935028,-0.5683026313781738,0.4222944974899292,0.3578053116798401,-0.1669995784759521,0.2571975290775299,0.4447971880435943,0.4921353757381439,0.7057548761367798,-0.4049351215362549,0.1975415349006652,-0.1656797379255294,-0.6089068055152893,0.5812652707099915,0.3909514248371124,-0.4488804042339325,-0.1564796268939972,-0.2361334264278412,1.0025250911712646,0.4212086498737335,-1.1960684061050415,0.193647488951683,-0.185629740357399,-0.1075327396392822,-0.1817699521780014,-0.371109664440155,0.4316400289535522,-0.6251847743988037,1
0.7160406708717346,0.5496041178703308,1.0600578784942627,-0.4431724548339844,0.0448430813848972,0.3219568729400635,0.2715650498867035,0.0062799644656479,-0.6299976110458374,-0.2329137921333313,0.5505568981170654,-0.5564342141151428,-0.2968236804008484,-0.1863660514354705,0.32614865899086,0.0199595429003238,-0.1589935719966888,-0.4174444079399109,0.3077236413955688,-0.4441926181316376,-1.435692310333252,-0.5543021559715271,-0.1952914595603943,0.1669474244117736,-0.3150492012500763,-0.4724974632263183,0.2600679993629455,0.0922654122114181,0.3445742428302765,-0.343114972114563,-0.6205287575721741,-0.1694863736629486,0.0276246853172779,0.1345271468162536,-0.5564649701118469,0.5066118240356445,0.0104094464331865,-0.3863275647163391,0.7529186010360718,0.190581202507019,-0.0434430949389934,-0.0062533719465136,-0.1106757670640945,-0.0010885586962103,-0.2329510599374771,0.1116471886634826,0.1652374267578125,0.3185009360313415,-0.0247206445783376,-0.4215655922889709,-0.8240092396736145,0.5963747501373291,0.3773230612277984,-0.0269231144338846,0.1930460333824157,-0.2094836086034774,0.954737663269043,-1.0668796300888062,0.130802184343338,0.3891322314739227,-0.6298655867576599,-0.3246212005615234,0.4780248403549194,-0.1246212720870971,-0.186718076467514,0.2396682798862457,0.023499870672822,-0.0045924559235572,0.492657870054245,-0.536670446395874,0.445383220911026,0.137165293097496,-0.1062554866075515,-0.7000160217285156,0.588559627532959,-0.2727632224559784,0.112935334444046,0.3397274315357208,0.1951669007539749,0.0292498487979173,0.1833639442920684,0.1893945634365081,0.1850089281797409,-0.4678379893302917,-0.4566177427768707,0.1382855623960495,-0.7634050250053406,-1.0278390645980835,0.5832114815711975,-0.3624027371406555,0.033557940274477,0.273272693157196,0.3222914934158325,-0.1099065691232681,0.4741979241371155,0.2392270714044571,0.0166855566203594,-0.0043402756564319,-0.3339742422103882,0.031827837228775,-0.3185054659843445,0.0691365972161293,0.1393540650606155,-0.4681010246276855,0.1093716472387313,-0.1714517027139663,-0.3932948112487793,0.5831077694892883,0.3211843073368072,0.2408215552568435,-0.3932655453681946,-0.3886343240737915,-0.544151246547699,-0.2606160640716553,0.48261159658432,0.0443647839128971,-0.5017679333686829,0.6238043904304504,-0.3327780663967132,0.5301656126976013,0.1648320406675338,0.3450007140636444,-0.046100802719593,-0.4880585074424743,-0.1340521574020385,0.6939308643341064,0.2395305931568145,-0.0871166661381721,0.2279672026634216,-0.1759323179721832,-0.1812437176704406,-0.7236559987068176,-0.0606303624808788,-0.1284232586622238,-0.4148086905479431,0.7964227795600891,0.3081644177436828,0.0459326207637786,0.2721553444862366,-0.5111276507377625,-0.5176360011100769,-0.2339594066143036,0.4802360832691192,-0.6775243282318115,0.1863149553537368,0.4573135673999786,-0.3242950141429901,-0.2710474133491516,0.719058096408844,0.344485729932785,-0.0405073091387748,1.221623778343201,-0.5083168148994446,-0.0042150439694523,-0.1091043278574943,0.5945374369621277,-0.7333052158355713,0.3256069421768188,0.537666380405426,0.4378291070461273,0.7361007332801819,-0.0103426575660705,0.0524857640266418,0.4433907568454742,0.0224078278988599,0.2883355915546417,0.1595441699028015,-0.4797025620937347,-0.3036799728870392,0.4212587773799896,0.1494921743869781,0.548896074295044,0.3409509360790252,-0.0871381014585495,-0.3950188457965851,0.1619779616594314,0.8203318119049072,-0.1802835911512375,0.2675783336162567,-0.7529749870300293,-0.2787104547023773,0.1595818102359771,0.562970757484436,-0.6086323857307434,0.4922395646572113,-0.0607765987515449,0.0525845624506473,-0.1430233120918274,-0.1919663548469543,0.0997748300433158,-0.3555605113506317,-0.5002982020378113,0.5069612860679626,-0.5319347977638245,-0.3023192584514618,-0.4192430675029754,0.3326950073242187,0.1380854696035385,-0.4933838248252868,0.6112861037254333,0.3284007012844085,0.1616570353507995,-0.1621584892272949,-0.5787858963012695,-0.9845398664474488,-0.0654933899641037,-0.0381376333534717,0.2911118865013122,0.2583819925785064,0.3827478885650635,-0.5706953406333923,0.0709239393472671,0.0739507302641868,0.2867769598960876,0.6943717002868652,0.3660307824611664,-0.2548193037509918,-0.4564126431941986,-0.0378085523843765,-0.0454684756696224,0.1466283947229385,-0.2530595660209656,0.3082716763019562,0.1777791380882263,0.0423457957804203,0.1954853534698486,0.1800612956285476,-0.4829595685005188,-0.4469911456108093,0.4224537014961242,-0.5547980070114136,-0.6095532178878784,-0.2875030934810638,-0.0714776515960693,-0.6480852365493774,-0.5900214314460754,-0.388478547334671,-0.0270618125796318,-0.2967996299266815,0.5098548531532288,-0.22074955701828,-0.3468151390552521,0.4216444194316864,-0.3038881123065948,-0.2978987097740173,0.3927764594554901,-0.0596282370388507,0.0485152229666709,-0.271362692117691,-0.1802142113447189,-0.4851191937923431,-0.550102710723877,-0.1460640579462051,-0.0548247061669826,0.3206359446048736,0.4962250292301178,0.4854024350643158,-0.2992788553237915,0.3813333511352539,-0.3735303878784179,-0.4477134048938751,-0.5849761962890625,-0.1867894977331161,-0.1529820263385772,0.0660977810621261,0.1695452481508255,-0.0759079530835151,-0.3525299727916717,-0.7251498699188232,-0.4507409930229187,0.0721923410892486,-0.0167071856558322,-0.0582984127104282,-0.1752388924360275,0.1764365881681442,0.088075466454029,0.1377533078193664,0.4123290479183197,-0.4051860272884369,-0.0089038852602243,-0.2578047215938568,0.5319944024085999,-0.6913993954658508,0.1426066905260086,0.0091378083452582,0.4740738272666931,-0.6846185922622681,0.0018326811259612,-0.4535423517227173,0.7378843426704407,0.5011321902275085,-0.5561357140541077,0.0602494962513446,-0.1660566180944442,-0.9421035051345824,-0.2076736837625503,0.6045069694519043,-0.0015955511480569,0.4080990850925445,-0.1184548586606979,0.392930656671524,0.4433785676956177,0.8906248211860657,-0.0674004629254341,-0.0112778441980481,-0.3926476240158081,0.1577012240886688,0.18877674639225,0.5445039868354797,-0.1628527790307998,0.2813944816589355,0.5108756422996521,-0.6430280208587646,0.3158159852027893,0.840604305267334,0.4549330472946167,-1.77802836894989,-0.315490573644638,0.509924590587616,0.1881543546915054,-0.3583788871765136,-0.2123126238584518,0.2246962636709213,0.3304974436759949,-0.335794448852539,-0.4867393374443054,1.282496452331543,0.2578581869602203,0.1956936717033386,-0.4181706011295318,0.1126364842057228,-0.0562515445053577,-0.1417088061571121,-0.5214462280273438,0.3383252024650574,0.4104311168193817,-0.7612400054931641,-0.0065445792861282,-0.2192858457565307,-0.3208435773849487,-0.5579304099082947,0.3383762538433075,-0.6222559809684753,-0.0154126929119229,-0.3610038161277771,-0.1238558292388916,0.0644548162817955,1.1989210844039917,0.8737666010856628,0.1136054247617721,-0.7855727672576904,-0.187774196267128,-0.0542365722358226,-0.3299339711666107,0.1715893447399139,-0.0471077673137187,-0.1403587460517883,-0.1254177391529083,0.349879503250122,0.1097924038767814,0.1692365705966949,-0.0903558135032653,-0.6123674511909485,-0.1054280996322631,-0.1606510132551193,0.7271825075149536,0.9391486644744872,0.14202481508255,-0.0107327075675129,0.541143000125885,0.9442161917686462,0.3771333396434784,0.1176036745309829,-0.6484299302101135,-0.3322542309761047,-0.4627679288387298,0.0766859427094459,-0.2493514865636825,-0.4175941050052643,0.5562111735343933,-0.149287611246109,0.0368744879961013,0.1740822345018386,-0.8228632807731628,0.4122907519340515,-0.5090331435203552,-0.2347524166107177,-0.2065445333719253,-0.1703664511442184,-0.4299764633178711,0.7415841221809387,0.2431784123182296,0.3587514758110046,-0.3153972923755646,-0.9576084613800048,0.662799596786499,-0.1861715912818908,-0.1347865611314773,0.1952444016933441,0.1569215804338455,-0.0130145577713847,0.1553108692169189,-0.0591698288917541,-0.3216509222984314,-0.8687087297439575,-0.3008919656276703,-0.4204065799713135,-0.0636451244354248,-0.0857962518930435,0.6063085794448853,0.0167367029935121,0.1617683470249176,0.2566567361354828,0.3890993893146515,-0.1402439773082733,-0.2968016266822815,-0.5630148649215698,0.4061540067195892,0.3248182237148285,0.9648025631904602,0.4040554761886596,0.0078669795766472,0.523979902267456,0.0174883659929037,0.0857487842440605,0.1283589303493499,-0.6166248917579651,-0.4257988929748535,0.9454864859580994,-0.4247202277183532,-0.2155346870422363,0.3162325918674469,0.1190092638134956,0.5508721470832825,-0.3955748677253723,-1.002431869506836,0.5232201814651489,-0.32157102227211,0.2513957917690277,1.0220986604690552,0.245553657412529,0.1295281499624252,0.2352876216173172,0.0230562891811132,-0.4232050478458404,-0.2769336402416229,-0.3289223313331604,-0.509810745716095,0.4113638401031494,-0.1826494336128235,0.6000717282295227,0.4723854959011078,0.5991536378860474,-0.0493774935603141,0.3512018322944641,0.2943974733352661,-0.5445080995559692,0.4768691956996918,0.6148988604545593,0.3768306672573089,-0.2980268001556396,0.4510954320430755,-0.4618158936500549,0.0261024199426174,-0.2566526234149933,-0.2924006581306457,1.0113605260849,-0.0366128347814083,0.5851088762283325,-0.7223637104034424,-0.3120304346084595,-0.4959334135055542,-0.4941413402557373,-0.192767396569252,-0.2274348884820938,0.075365774333477,0.2839587926864624,-0.3671100735664367,-0.6587124466896057,0.2883949875831604,0.5989701747894287,0.4797096848487854,-0.0510609298944473,-0.306638240814209,-0.2423850893974304,0.1443103551864624,-0.7134082317352295,-0.5081197619438171,0.575716495513916,0.1336457133293151,-0.3493250012397766,-0.8854405879974365,-0.3180863857269287,-0.1379755288362503,0.1805661469697952,-0.4811800122261047,0.0465103425085544,-0.290102869272232,-0.7400475144386292,-0.273175984621048,-0.4847550988197326,-0.1200441569089889,-0.6421060562133789,-0.3723041415214538,-0.2524562776088714,-0.4793320596218109,0.0046251476742327,0.6948128938674927,0.7403450012207031,-0.4985497891902923,-0.2380929142236709,0.1256924271583557,0.1686508506536483,-0.2385175079107284,0.1640942096710205,-0.3254446983337402,-0.15774767100811,-0.5756934881210327,0.2040051966905594,-0.2761629521846771,-0.0652704909443855,-0.0876909717917442,-0.7345484495162964,-0.4659005403518677,0.0324366055428981,-0.8098662495613098,0.1941544115543365,-0.0571203343570232,0.9315574169158936,-0.5274169445037842,0.1283146440982818,-0.0506936982274055,-0.2374493926763534,-0.5599507689476013,0.5276247262954712,-0.3125468492507934,-1.1585813760757446,0.3610887229442596,0.1456747502088546,-0.4961353838443756,1.2421517372131348,0.209113210439682,-0.6299748420715332,-0.1049925908446312,0.1299864202737808,0.1624376773834228,-0.2304719090461731,0.148638442158699,0.0389331430196762,0.3440857827663421,0.4437224268913269,-0.4375099241733551,0.6193323135375977,-0.0035915866028517,-0.2298985421657562,-0.1354523450136184,0.3424294590950012,0.344156265258789,0.6829055547714233,0.12941475212574,-0.6262499690055847,-0.2232080549001693,-0.325437992811203,-0.0677823722362518,-0.0049347216263413,0.3359613120555877,-0.5255427360534668,0.8923746943473816,0.5958791375160217,-0.5636972188949585,0.3588937222957611,1.2114043235778809,-0.0423423871397972,1.0033893585205078,0.1732223331928253,0.0411442294716835,-0.6278747916221619,0.1510212868452072,0.0785162672400474,0.1135732382535934,-0.0704819783568382,0.0616788268089294,-0.2950425446033478,-0.2071893513202667,0.8606039881706238,-0.121087297797203,-0.3264497816562652,0.0848917290568351,0.2585770785808563,-0.2899852097034454,0.8567606806755066,0.3068051636219024,-0.0136516513302922,-0.1718943417072296,0.3325474560260772,0.6210667490959167,1.231739163398743,-0.4219981729984283,0.3740526735782623,-0.3315471112728119,-0.5471270680427551,0.1436841785907745,0.1501275300979614,-0.086452841758728,0.6012153625488281,-0.6972745656967163,-0.080488696694374,0.7731828093528748,0.2369479686021804,0.0300097912549972,-0.0737051516771316,-0.507893443107605,0.1773186177015304,-0.4614638090133667,-0.1801935732364654,0.0458078272640705,0.3561922907829284,0.7271630764007568,0.4086967706680298,-0.1531369239091873,-0.0661972314119339,0.8011471033096313,-0.0996110737323761,-0.4934886693954468,-0.0796970874071121,-0.1862915009260177,0.0393057391047477,-0.0520649850368499,0.3480192124843597,-0.0210816878825426,-0.2200969457626342,0.696488618850708,-0.226593941450119,0.0158699993044137,-0.2685171365737915,0.3712647557258606,0.1123125925660133,-0.1102825403213501,0.2151762098073959,-0.2132675051689148,0.2190783023834228,-0.0080466317012906,-0.8187978267669678,0.0576216056942939,0.149572268128395,0.0899965018033981,-0.5050914883613586,0.0059439134784042,-0.469350129365921,-0.3574584424495697,-0.1228241100907325,0.1757557243108749,-1.184923768043518,-0.7962396144866943,0.4043115377426147,-0.011384311132133,-0.2222319096326828,-1.394122838973999,0.6045659780502319,0.3704037368297577,-0.0332081988453865,-0.189859390258789,0.2785438597202301,-0.0624178387224674,-0.202721819281578,-0.1569465845823288,-0.201258510351181,0.3423085212707519,-9.881769180297852,0.1127707585692405,0.0250407438725233,-0.6226008534431458,-0.2768200933933258,-0.1419197618961334,1.0979472398757937,0.8698919415473938,-0.1874127089977264,0.4062471985816955,-0.2014871686697006,-0.032834593206644,0.4222115576267242,0.6477712392807007,0.0165358241647481,-0.0757811218500137,-0.2083810418844223,0.1534511595964431,0.1103512644767761,-0.0812371745705604,-0.6076298952102661,-0.3319518268108368,0.7044028043746948,0.2135204225778579,0.3321336805820465,-0.5609503388404846,-0.5385086536407471,0.7213151454925537,0.0239347964525222,0.2181130796670913,-1.00224506855011,0.2961472272872925,0.1261317133903503,0.414044439792633,-0.1122713387012481,0.3906683623790741,0.1047024503350257,0.8875852227210999,-0.0642447471618652,0.1892401129007339,0.1089766845107078,0.4443552494049072,0.0705834999680519,0.0431388765573501,0.3937809765338897,-0.0631690770387649,0.0285484418272972,0.4789966642856598,0.8089115023612976,-0.2491255849599838,-0.4232617020606994,-0.2744500041007995,0.4650739133358001,-0.2509323358535766,0.1578381657600402,-0.0456525050103664,0.6443071961402893,-0.9439181089401244,0.1452423185110092,0.1493725925683975,0.3029784858226776,0.556549608707428,0.6303580403327942,0.7066295146942139,-0.1501513719558715,0.4653829634189605,0.5707411170005798,0.0543890185654163,-1.228846788406372,-0.416785180568695,0.3502748012542724,0.3190977275371551,0.2799139320850372,0.202869564294815,0.1534282565116882,0.3137082159519195,-0.2311029434204101,0.1965452134609222,0.2695147693157196,0.1904399096965789,0.6270903944969177,-0.4208428859710693,0.1835490614175796,0.6611534357070923,-0.5122352838516235,0.3420845568180084,0.2134129106998443,-0.2768934667110443,0.2211164534091949,-0.5829900503158569,0.6009411811828613,0.1985925585031509,-0.5658319592475891,0.4262440502643585,0.4988217055797577,-0.1246670633554458,-0.0260311178863048,0.0708031207323074,0.206412062048912,-0.3707110583782196,0
0.4871029257774353,0.3112438321113586,0.6418967247009277,-0.2556582987308502,-0.2658005058765411,0.4899188876152038,0.4236130118370056,-0.1525091677904129,-0.7580079436302185,0.052619319409132,0.8789860010147095,0.0158182885497808,-0.6489512920379639,0.0048701292835175,0.1287331283092498,-0.0917625278234481,0.1066539287567138,-0.2342146933078766,-0.0232696756720542,-0.0129869543015956,-0.5899919271469116,-0.212751880288124,-0.2258172929286956,0.6775805354118347,0.0299185868352651,-0.1018071621656417,-0.2578838169574737,0.5048170685768127,0.1958919912576675,0.0571742504835128,0.1502678394317627,-0.0304121486842632,-0.1197897568345069,-0.1161973476409912,-0.4109673202037811,0.2948071956634521,-0.0572437159717083,0.05080571398139,0.3518440723419189,0.1749065667390823,-0.0335266627371311,-0.2326549142599105,-0.539196789264679,-0.1533224135637283,-0.1208617314696312,0.2532053589820862,-0.3155933320522308,0.1978977024555206,0.0416663512587547,0.3158732950687408,-0.4199742972850799,0.2476316392421722,0.5251737236976624,0.2763620615005493,0.0860089436173439,-0.1845084130764007,0.8094395995140076,-0.750835657119751,-0.0073943524621427,0.6532958149909973,-1.1295076608657837,0.2262719869613647,-0.2964073419570923,-0.045218925923109,-0.0816813260316848,-0.1675745993852615,-0.0904666557908058,-0.1344543546438217,0.622959554195404,-0.6758260130882263,0.1665610820055008,-0.3049917817115783,-0.4265114963054657,-0.4626910984516144,0.1613782197237014,-0.4636359214782715,0.0219851434230804,0.547964334487915,0.9302532076835632,0.3348749876022339,-0.5613253116607666,0.3776678740978241,-0.0695181712508201,-0.7276908755302429,-0.4357565343379974,-0.0048336805775761,-0.9616498947143556,-0.6335716843605042,0.6302002668380737,-0.2444955855607986,-0.3732101023197174,-0.7225612998008728,0.2581343352794647,0.1187081038951873,0.7053924202919006,-0.0253477916121482,-0.2438835054636001,0.027056761085987,-0.0336368195712566,0.2745828628540039,-0.7686008810997009,0.3541084825992584,0.7190836071968079,-0.0718512162566185,-0.2065120786428451,-0.0018187621608376,-0.1872269362211227,0.397638738155365,0.4309074580669403,0.5468270778656006,0.2219927012920379,-0.8018908500671387,-0.9759647250175476,-0.4734072685241699,0.2083161324262619,-0.0377684906125068,-0.1185806989669799,0.2885502278804779,-0.1798402369022369,0.6878290772438049,0.1897077858448028,0.6301215887069702,-0.2091690599918365,-0.722944438457489,-0.3673590719699859,0.4424038529396057,0.3752502202987671,-0.1676991283893585,-0.4459718763828277,-0.4431300461292267,-0.7770759463310242,-0.0673386603593826,-0.3171449303627014,-0.4294436872005462,-0.5217902660369873,0.8094475269317627,-0.2512924969196319,0.1075090393424034,-0.4025917053222656,-0.4018430411815643,-0.466763973236084,0.2779311835765838,0.0454577282071113,-0.654930830001831,-0.044775117188692,0.0182618666440248,-0.1461863368749618,-0.3534509539604187,0.3655516505241394,0.4585763216018677,0.038303080946207,1.1507761478424072,-0.7051618695259094,0.5010988116264343,0.1114377006888389,-0.1240318939089775,-0.637571394443512,-0.1164587289094924,0.103160485625267,0.0029246993362903,0.27631476521492,0.0490697436034679,0.3067949712276459,1.1473218202590942,0.2200698107481002,0.1146855354309082,-0.054234005510807,0.0093141850084066,0.2357895672321319,0.7931244969367981,0.9288544058799744,0.2657651007175445,0.7831446528434753,-0.5178368091583252,0.1429086625576019,0.3797582685947418,0.5708256363868713,0.0189598482102155,-0.2144011408090591,-0.2801067531108856,-0.052637368440628,-0.3254095315933227,0.2340656816959381,-0.5054588317871094,0.6047118902206421,0.2007045149803161,0.4485276341438293,-0.1534082591533661,-0.1056542620062828,-0.0211676489561796,0.0489759519696235,-0.536264181137085,0.2355049401521682,-0.5773724913597107,-0.3042028844356537,-0.2597787976264953,0.4161090850830078,0.4371704757213592,-0.1982328742742538,0.2009575814008712,0.11663219332695,-0.2995975613594055,-0.015353363007307,-0.852346658706665,-0.2523526549339294,-0.2512937188148498,0.0604821182787418,0.4706586599349975,0.1505519896745681,0.0846910700201988,-0.1784964650869369,-0.3232850730419159,-0.0210635960102081,-0.1855963766574859,0.6927430033683777,-0.6860296130180359,-0.752128541469574,-0.6004267334938049,-0.1781690865755081,0.176661878824234,0.5300585627555847,-0.294614315032959,0.0418475419282913,-0.3430668413639068,0.3032206296920776,0.3980767428874969,0.5035474300384521,-0.1453271657228469,-0.6162866353988647,0.1141750663518905,-0.4648641645908355,-0.6513643860816956,-0.5748369693756104,0.1390192955732345,-0.6865306496620178,-0.7188555002212524,-0.0162003524601459,0.2561909258365631,-0.1578685045242309,-0.0249113645404577,0.558117687702179,-0.4452366828918457,0.5371310710906982,-0.4229345023632049,-0.5338836908340454,0.3808674216270447,-0.4377933442592621,-0.0793895795941352,0.1639578640460968,-0.1228517219424247,-0.7344483137130737,-0.1510647386312484,0.0286140590906143,-0.0342519618570804,0.9116819500923156,0.6522166728973389,0.904354214668274,-0.3602615892887115,0.2949974238872528,-0.7336243987083435,-0.237593725323677,-0.5255631804466248,-0.2727871239185333,-0.0693399533629417,0.1877327859401703,-0.1907364726066589,-0.4590455889701843,-1.075838327407837,-1.0332036018371582,-0.4220397174358368,0.0344428680837154,-0.0979672968387603,-0.153228685259819,-0.2957656383514404,0.1623664200305938,0.5445863604545593,-0.5729798674583435,0.6523600816726685,-0.3408239483833313,0.9851572513580322,-0.481229156255722,0.4011480510234833,-0.7459119558334351,-0.2729512453079223,-0.0208285823464393,0.5046341419219971,-0.7048631310462952,-0.5099693536758423,-0.4516530632972717,0.5084946155548096,0.7076864242553711,-0.7811751365661621,0.0191884879022836,0.0766404271125793,-0.6479899883270264,0.3435512781143188,0.2791961431503296,-0.1827924847602844,0.1731383949518203,-0.0243612807244062,0.4026594758033752,-0.416874498128891,0.4068607985973358,-0.0795387327671051,0.0487347170710563,-0.3546027541160583,0.0398236811161041,0.3165858387947082,0.3399744033813476,-0.307458758354187,0.6749665141105652,0.4790500402450561,-0.4889535009860992,-0.0736426562070846,0.6046435236930847,0.4842948019504547,-1.687179446220398,0.1725722998380661,0.48698890209198,0.076337456703186,-0.4583398401737213,0.384485512971878,0.5825582146644592,0.5674645900726318,0.1395272761583328,-0.892349123954773,1.3817840814590454,0.1117706894874572,-0.5031810998916626,0.1963310539722442,0.2763651907444,-0.1240781471133232,0.0228829495608806,-0.6274163126945496,0.0666640177369117,0.5147969126701355,-0.1712956130504608,-0.0622882097959518,0.101601094007492,-0.3973147273063659,-0.0347880385816097,0.6591439843177795,-0.7945539951324463,-0.3309025764465332,-0.6230839490890503,-0.147895947098732,0.3651831746101379,1.676709771156311,0.1523522585630417,0.5257534980773926,-0.7202920317649841,-0.23840993642807,-0.4747266769409179,-0.0877086222171783,0.0577413626015186,-0.495049238204956,0.0359099134802818,-0.4449571967124939,0.2496489584445953,0.2661591172218323,0.1785660535097122,-0.12789286673069,0.2914387881755829,0.2759785652160644,-0.0963191762566566,-0.0027752553578466,0.6358041167259216,-0.079516053199768,0.3349685668945312,0.1781617254018783,0.7129798531532288,0.8594394326210022,0.129124030470848,-0.1741911768913269,0.2292324006557464,-0.9371184706687928,0.4224268198013305,0.5195561647415161,-0.388682097196579,0.4205546677112579,0.080777458846569,-0.0475782640278339,-0.0432050041854381,-0.5159657597541809,0.4319249391555786,-0.5302548408508301,-0.6946197748184204,-0.2556244134902954,0.3964457213878631,-0.0218339581042528,0.7941288948059082,0.6027892231941223,0.5558668375015259,-0.5528475046157837,-0.4494167864322662,0.4720392525196075,-0.0278069116175174,0.6454340219497681,-0.3102744221687317,0.4741364419460296,-0.1930988579988479,-0.0816230103373527,-0.3306300044059753,-1.1016929149627686,-1.1328061819076538,-0.3527359664440155,-0.8437162041664124,0.0883318409323692,0.0166179332882165,0.5260935425758362,-0.3568281829357147,0.3089243471622467,0.4339423179626465,0.0885413289070129,-0.1924438327550888,-0.8673501014709473,0.0152217717841267,0.0992809236049652,0.1531584709882736,0.1446982324123382,0.3812558352947235,0.4379046559333801,-0.2328591793775558,-0.5454654097557068,0.3187895715236664,0.2324008196592331,-0.2125420719385147,-0.7398461103439331,0.2901666462421417,-0.1754992604255676,-0.2768450379371643,-0.0700312927365303,0.2613284289836883,1.2252193689346311,-0.0009075250709429,-0.6644392013549805,-0.0606603696942329,0.2543105483055115,-0.1092960909008979,1.0831310749053955,0.547250509262085,0.4560775756835937,-0.2520927488803863,0.0764947459101677,-0.258932501077652,-0.1018154695630073,0.045557901263237,-0.1341677755117416,0.6166885495185852,0.1234696507453918,0.3937031030654907,1.0730894804000854,-0.0708035752177238,0.4182968139648437,0.1894800961017608,0.5416486859321594,-0.5783624053001404,0.4311995208263397,-0.6220143437385559,-0.3889636695384979,-0.4045604765415191,0.273272305727005,-0.6448376774787903,-0.4883438646793365,0.0748318880796432,-0.0559296607971191,0.3655585944652557,0.0947508066892623,0.3347433507442474,-0.4867055118083954,-0.7516680955886841,-0.6947751045227051,-0.8651110529899597,-0.1331499963998794,-0.7601132988929749,-0.0770404860377311,1.1819701194763184,0.1875740587711334,-0.6374523043632507,-0.2221080660820007,-0.2064822614192962,0.4502861499786377,0.0212032590061426,-0.0214349161833524,-0.4263295829296112,0.4196648895740509,-0.5261693000793457,-0.061623927205801,0.219854399561882,0.0290658865123987,-0.4521681368350982,-0.7936022877693176,-0.7372019290924072,0.0023609229829162,0.2143869698047638,-0.5866208672523499,0.4461150467395782,0.2373750954866409,-0.4823496043682098,0.2236660420894622,0.1765279769897461,-0.4172260761260986,-0.1361928582191467,-0.5139825344085693,-0.1692083179950714,-0.2422839701175689,0.0809249952435493,0.0438421554863452,0.5074209570884705,-0.4115377962589264,-0.2900601923465729,0.9956235885620116,0.0885742232203483,0.0695859119296073,0.5985785722732544,0.030906518921256,-0.5308222770690918,-0.0320099927484989,0.552023708820343,0.5252487063407898,0.5485820770263672,0.18540720641613,-0.7003619074821472,-0.5911814570426941,-0.0854389667510986,-0.7716334462165833,0.6794939637184143,0.1723127216100692,0.822359025478363,-0.8295876383781433,0.2449977248907089,-0.0635278820991516,0.4558557868003845,-0.147618755698204,0.5592444539070129,0.3894344270229339,-1.012048602104187,-0.7715059518814087,-0.3534023463726043,-0.4530357122421264,0.5879379510879517,0.5101774334907532,-0.6036399006843567,0.1739322692155838,0.7949813604354858,0.3542305529117584,-0.6280215978622437,-0.0455308780074119,-0.4542135298252105,0.0779537260532379,0.8994118571281433,0.025979246944189,0.364872545003891,0.6617834568023682,-0.8723545670509338,0.4205503463745117,0.0646677836775779,0.7142137885093689,0.1112603694200515,-0.01350640039891,-0.3336399495601654,0.1852497458457946,-0.9368104338645936,-0.4135599732398987,0.2353415787220001,0.0102262273430824,-0.4041323959827423,0.5863099098205566,0.687199056148529,-0.4467338919639587,-0.171096384525299,1.1963224411010742,0.6934413909912109,1.1727560758590698,0.0693421214818954,0.2632206082344055,-0.6312238574028015,0.5046777725219727,0.0999296307563781,0.1138162463903427,-0.4361141920089721,-0.0496457181870937,-0.0317858234047889,-0.5102942585945129,0.284287542104721,0.3047030568122864,-0.004713037982583,0.1997137814760208,-0.2329429686069488,-0.0444165877997875,1.1387462615966797,0.1279442459344864,0.0908200591802597,-0.1361284703016281,-0.083695076406002,0.7815958857536316,0.387852668762207,0.1136531084775924,0.2873326241970062,0.0116083063185215,-0.5783442258834839,0.1750727593898773,-0.3806222975254059,0.4018998146057129,0.5458876490592957,-0.6939646601676941,-0.8114388585090637,0.598314642906189,0.5786677598953247,0.2320148348808288,-0.0150028467178344,-0.6393182277679443,-0.1019391268491745,-0.0547196604311466,0.20533187687397,-0.0808889269828796,0.2012906223535537,0.2769282460212707,-0.1144013479351997,-0.4044199287891388,0.2067251056432724,0.3964733779430389,-0.0710416734218597,-0.6280693411827087,-0.1215648129582405,-0.1576318144798278,0.3057627081871032,0.1288700848817825,0.3105970919132232,0.0048235789872705,-0.2383773326873779,0.4694837927818298,-0.185609757900238,-0.3795554339885711,-0.2565902173519134,0.8335814476013184,0.2388144731521606,-0.005740042310208,0.2247727811336517,-0.4345863163471222,-0.0482878759503364,0.1456689685583114,-0.7986185550689697,-0.0886615663766861,0.3918721079826355,-0.3647620379924774,-0.286167711019516,0.3897396922111511,-0.6758683323860168,0.2997846305370331,0.1210987418889999,0.5831829905509949,-0.6072447896003723,-0.4771528244018554,0.4599668383598327,-0.0151549009606242,-0.2357513904571533,-1.4835104942321775,0.5753331184387207,0.1726105362176895,0.3982391953468323,0.0732976347208023,0.3291622996330261,0.2275152057409286,-0.297334611415863,0.3334373235702514,-0.3543940782546997,0.2686825692653656,-9.623371124267578,-0.3366906344890594,-0.2500040829181671,-0.3443638682365417,-0.3097512722015381,-0.1928163766860962,1.178856372833252,0.7910993099212646,-0.3517414033412933,0.1092985719442367,-0.5064831972122192,-0.5399105548858643,0.4728935062885284,-0.1594906747341156,0.0034422050230205,0.3760254681110382,-0.8666298389434814,-0.5093941688537598,-0.5065591931343079,0.2625578045845032,-0.1960121095180511,-0.0777080804109573,0.8864417672157288,0.0880405902862548,0.027871211990714,0.2879453897476196,0.4378581345081329,0.146378219127655,-0.0659997090697288,0.7545938491821289,-0.5527205467224121,0.4259957373142242,-0.0724203586578369,0.5263580679893494,-0.3624927699565887,0.1432782262563705,0.1114511638879776,-0.0039803097024559,-0.9822444915771484,0.7614712119102478,0.478391170501709,0.6143478155136108,0.1772196888923645,0.3317575454711914,-0.1949498057365417,-0.4198912978172302,-0.0906330421566963,0.2136856019496917,0.2229172438383102,-0.0746719539165496,0.0072870454750955,-0.5786659717559814,0.4518012106418609,-0.3779958188533783,0.45679771900177,-0.2503117322921753,0.6148054003715515,-0.480902761220932,0.6734774708747864,-0.0168807562440633,-0.0396499373018741,0.4694781899452209,0.6351075172424316,0.2969510555267334,-0.8252557516098022,0.5729717016220093,-0.2366446405649185,-0.1976436823606491,-0.6048322916030884,-0.4438560903072357,0.9195287227630616,-0.0117217293009161,0.3220738172531128,0.0544641278684139,0.4767098724842071,0.3851261436939239,-0.0530833415687084,0.2269264161586761,0.4393853843212127,0.1783817261457443,0.8094233870506287,-0.4462828040122986,-0.0675133988261222,0.1706312596797943,-0.7234871983528137,0.0018726208945736,0.520968496799469,-0.2995092868804931,0.1369046121835708,-0.6005504131317139,1.1353840827941897,0.5056543350219727,-0.8691042065620422,-0.042039431631565,0.3116087317466736,-0.0870124399662017,-0.0416175536811351,0.2896248400211334,0.3131852149963379,-0.1629267632961273,0
0.2413127571344375,0.1787703335285186,0.4631074070930481,-0.2309708595275879,0.2003732621669769,0.277688056230545,0.122989721596241,0.308803528547287,-0.009906692430377,-0.619081437587738,0.7028918266296387,-0.3670854270458221,-0.6940755248069763,0.2042390406131744,0.3712596893310547,-0.3850686252117157,0.0479442365467548,-0.0029694295953959,-0.0235241279006004,-0.6805608868598938,-0.7096894383430481,-0.3323213160037994,0.133449524641037,0.3075015842914581,-0.0579979717731475,-0.3176624774932861,0.2532162666320801,0.3636884987354278,-0.06850615888834,0.0407397486269474,-0.3937130868434906,-0.2223573923110962,0.1632612198591232,0.0832343325018882,-0.0201122909784317,0.4200762808322906,-0.0385860241949558,-0.0719058960676193,-0.1453847140073776,-0.0582923367619514,0.0135667948052287,-0.1084998920559883,-0.4628358781337738,-0.1235483288764953,0.0751526281237602,0.5497376322746277,0.2003061473369598,0.1607071906328201,0.6362603902816772,0.1629896461963653,-0.1024657636880874,0.2144966721534729,0.3965997397899627,-0.1590530276298523,0.2973221242427826,-0.1747583895921707,0.4911096692085266,-0.2990573942661285,-0.181793212890625,-0.0168553367257118,-0.1853495240211486,-0.18560691177845,0.1348696798086166,-0.1999842971563339,-0.0588796064257621,-0.5896822214126587,0.2047021836042404,-0.1098772808909416,-0.2945514619350433,-0.8377299904823303,-0.4084526896476745,0.0486794635653495,0.1980382204055786,-0.3737556040287018,0.6239222884178162,-0.4078696072101593,0.3511313796043396,0.1782393455505371,-0.0216964837163686,0.0487788133323192,0.0719891414046287,0.4078477323055267,0.0116257676854729,-0.4409614205360412,0.4782087206840515,-0.0275317933410406,-0.2514725029468536,-0.7447549104690552,0.2051654756069183,-0.3792103826999664,-0.1349472403526306,-0.0864250659942627,0.7027817964553833,0.0751868039369583,-0.0480694435536861,-0.092638686299324,0.0666812807321548,-0.296792209148407,-0.1828226745128631,0.4300658702850342,0.1845071017742157,0.2618727385997772,0.3073272109031677,-0.108279675245285,-0.1922115236520767,0.051080334931612,-0.2113365679979324,0.1311621814966201,0.1733545213937759,-0.1695635020732879,-0.0520379804074764,-0.4638365507125854,-0.7414183020591736,0.243459939956665,-0.2268925160169601,-0.0013846431393176,-0.0529135353863239,0.2848470211029053,-0.6557327508926392,0.5488384366035461,0.4753878116607666,0.4563406705856323,0.0971252173185348,-0.2150113582611084,-0.1586046665906906,0.3361483812332153,-0.1139255836606025,-0.1999377310276031,-0.1110959947109222,-0.1130072101950645,-0.624144971370697,0.1062829121947288,-0.1758894622325897,0.0410359315574169,-0.0410412959754467,0.6244069337844849,0.232682392001152,-0.3461590707302093,-0.2464451789855957,-0.4861814081668854,-0.039217859506607,-0.4130640625953674,0.2633273899555206,-0.3577988147735595,-0.2995397448539734,0.4134209454059601,-0.3359703719615936,-0.6493031978607178,0.5211266875267029,0.313008189201355,-0.2839158177375793,0.7572974562644958,-0.5182087421417236,-0.06156961992383,0.1027121022343635,0.017388368025422,-0.5008480548858643,0.0049629779532551,-0.2358529269695282,0.1593533754348755,0.0162526108324527,-0.3121871650218963,0.1381345838308334,0.7075648903846741,-0.035793200135231,0.2624489068984985,0.4848371744155884,0.3598402142524719,-0.1327529996633529,0.3693170547485351,0.173502579331398,0.3283210694789886,0.1605433970689773,-0.1474442332983017,0.2038976699113845,0.4113959968090057,0.1904880404472351,0.1232999190688133,0.1739604622125625,-0.6162610054016113,-0.1287829428911209,-0.5904178023338318,-0.2561262249946594,-0.4298394918441772,0.0668615847826004,-0.0496128797531127,0.1180369034409523,-0.0869859009981155,-0.009336482733488,-0.6274248361587524,0.1896704584360122,-0.3846854865550995,0.0583632625639438,-0.341237872838974,-0.0775578394532203,-0.1159388944506645,-0.1863009631633758,-0.1251313388347625,-0.1304588466882705,0.6321461200714111,0.0707256495952606,0.2466509938240051,-0.1562853902578354,-0.2597391903400421,-0.9400139451026917,-0.2574775516986847,0.3049747347831726,0.2313425093889236,0.5142185688018799,0.2665613889694214,-0.276700347661972,0.5655514597892761,0.2455798685550689,0.1894823908805847,0.1442545801401138,0.4631680250167846,-0.4667972028255462,-0.4875037968158722,0.3424248993396759,-0.045272622257471,0.2025156915187835,-0.1735217124223709,0.4550232887268066,0.1352211833000183,0.1277494728565216,0.3906180262565613,0.3952604830265045,-0.0449961349368095,-0.2838775217533111,0.581055760383606,-0.2730138301849365,-0.3001729249954223,-0.5723670125007629,-0.2318571507930755,-0.7001567482948303,-0.1541214883327484,-0.3089911937713623,0.3295716643333435,-0.3614890575408935,0.0553109087049961,0.2006274759769439,-0.2713775038719177,-0.0228559263050556,-0.3499003052711487,0.1026369631290435,0.018752571195364,-0.0759266689419746,0.0073384214192628,-0.1255257278680801,0.0043984237127006,-0.5807868242263794,-0.5806497931480408,0.0001522223901702,-0.5368183851242065,0.3955245316028595,0.3873147368431091,0.5032966732978821,-0.1842720657587051,0.1282427310943603,-0.6778523921966553,-0.097983032464981,-0.6286552548408508,-0.2052749395370483,-0.3768730163574219,0.0444958433508873,0.060356218367815,-0.1927465051412582,-0.4949775636196136,-0.3392795324325561,-0.273395836353302,-0.0742387548089027,-0.2183254659175872,-0.1790715306997299,0.2235536277294159,0.0046378392726182,0.0427511520683765,-0.5416058897972107,0.2387636601924896,-0.132682591676712,0.3067868947982788,-0.62679123878479,0.1875622719526291,-0.6922306418418884,0.41200852394104,0.1021604314446449,-0.2388453632593155,-0.2053805440664291,-0.6097872853279114,-0.1929580569267273,0.3759879171848297,0.1185566857457161,-0.3626678884029388,-0.5758072733879089,0.1323152780532837,-0.1763930320739746,-0.0173126719892025,0.0449931807816028,0.3379239737987518,0.3768601715564728,0.1699140965938568,0.1931411623954773,0.4403726756572723,0.0646395236253738,-0.2482482194900512,-0.2538265883922577,-0.3352954089641571,-0.3866178095340729,-0.1763036847114563,0.4713699221611023,-0.3018929064273834,-0.1224082186818122,0.684111475944519,-0.2768462002277374,0.3288931250572204,0.2130254954099655,0.2835222780704498,-1.904072999954224,0.1054731979966163,0.3875754475593567,0.0553796254098415,-0.1157830283045768,0.6769788265228271,0.193166971206665,0.2563250958919525,-0.5997396111488342,-0.5158461928367615,0.6794787645339966,0.4471501111984253,-0.1428871601819992,-0.031478077173233,0.4068558514118194,-0.15891133248806,-0.0096568493172526,-0.7697862982749939,0.1979604065418243,0.3812753856182098,0.1119302734732627,-0.1508769989013672,0.092798575758934,-0.2917239964008331,0.0856456458568573,0.0926432013511657,0.1707013547420501,0.5206187963485718,-0.743687093257904,-0.0502448417246341,0.0522429123520851,0.8600127696990967,0.8047516942024231,0.4540750682353973,0.0550342835485935,-0.2378327548503875,0.2510644495487213,0.7954850196838379,0.4641810953617096,-0.1454514563083648,0.0224768798798322,-0.1577703207731247,0.5330590605735779,0.2399826198816299,-0.1744367033243179,-0.0078560700640082,0.2891948521137237,0.2068371325731277,-0.1853278279304504,0.6378749012947083,0.7026211023330688,0.1643740087747573,0.2274199575185775,0.1122594624757766,1.0803776979446411,0.0167354959994554,-0.1720712631940841,-0.6439107656478882,-0.0693342164158821,-0.3772121667861938,0.0281704869121313,0.0341115146875381,0.1204939261078834,0.3888536691665649,-0.26344895362854,0.2356073856353759,0.1882521957159042,-0.141860157251358,0.3511867523193359,-0.5903806090354919,-0.4722960591316223,-0.1884626150131225,0.0787147358059883,-0.7799350619316101,0.4340822100639343,0.3551900088787079,0.4194347858428955,-0.1693917661905288,-0.418043315410614,0.0821450799703598,-0.1838152557611465,-0.1405083686113357,-0.1368604600429535,0.2683771848678589,0.0035926848649978,-0.3261288106441498,0.1754208654165268,-0.4795490205287933,-0.4578913748264313,-0.0307402648031711,-0.9618868231773376,-0.1040217950940132,-0.1706620752811432,0.563137412071228,-0.1736572682857513,-0.0861991345882415,0.1741252243518829,-0.0278803668916225,-0.1509958058595657,-0.1282553821802139,-0.5938723683357239,0.4089792668819427,0.0829112455248832,0.1023548021912574,0.3406684398651123,0.322893887758255,0.223098412156105,0.3688583970069885,-0.5460566282272339,0.0554232895374298,-0.6036502718925476,-0.3188444375991821,0.6694896221160889,-0.1693537682294845,0.2791080772876739,0.0025752088986337,-0.1787163913249969,0.542557954788208,-0.2638455331325531,-0.5683379173278809,-0.1815653145313263,0.6087106466293335,0.0767980962991714,0.6428160071372986,0.3767095804214477,0.7915942072868347,-0.1173194795846939,0.4403795003890991,-0.0117283333092927,-0.0706030502915382,0.4441592097282409,-0.6632746458053589,0.086125947535038,-0.0458831451833248,0.1410325169563293,0.4225548207759857,0.2312281280755996,0.1681516319513321,0.2723524868488312,0.204196348786354,-0.1137217283248901,0.2081228494644165,0.2457365095615387,0.4334879219532013,-0.3478754460811615,-0.6161081194877625,-0.3627859354019165,0.0360947698354721,-0.4686858057975769,-0.1440361589193344,0.6839170455932617,-0.0683362036943435,0.0923455953598022,-0.230743795633316,-0.726019024848938,-0.4816818833351135,-0.4784334897994995,-0.2105551660060882,0.0735890418291091,0.4203126728534698,0.572357177734375,0.0075897825881838,-0.9132795929908752,0.3101041913032532,0.1929487884044647,0.4606478214263916,0.1261327117681503,-0.2455170452594757,-0.1573473215103149,0.0669548138976097,-0.0716644003987312,-0.1940649151802063,0.1808452606201172,0.0132692204788327,-0.0506711341440677,-0.4842084348201751,0.1540281176567077,-0.2623700499534607,0.147505834698677,-0.2539973258972168,0.5185579657554626,0.1032202765345573,-0.7609311938285828,-0.3099862039089203,0.1274624466896057,-0.2596737444400787,-0.130606472492218,-0.6116222143173218,0.1900205761194229,-0.3813090324401855,-0.1310446858406067,0.289544016122818,0.5359349846839905,-0.292400449514389,-0.1346074938774109,0.3891332149505615,0.569875955581665,-0.0460829734802246,0.0397218838334083,-0.0701807290315628,-0.2849186658859253,-0.1758468896150589,0.042526826262474,-0.1490150094032287,-0.1989455670118332,-0.0196695402264595,-0.7796398997306824,-0.2522390782833099,0.0596350096166133,-0.8661103248596191,0.6774477958679199,0.1855203956365585,0.5301793217658997,-0.5003162026405334,-0.0892804190516471,-0.2446640431880951,-0.055185467004776,-0.0067036617547273,0.4187356233596802,-0.0389188192784786,-0.7822460532188416,-0.0678139701485633,-0.4740712940692901,-0.4957434237003326,0.4799340665340423,0.3959895372390747,-0.403847336769104,0.0971675738692283,0.3388460874557495,-0.2263126224279403,-0.14765365421772,0.0829782858490943,-0.1345392167568206,0.1110608279705047,0.2892637252807617,0.0348658375442028,0.2147877961397171,0.2842249870300293,-0.3344732522964477,0.1853161603212356,0.2598049938678741,0.6585676670074463,0.2961028516292572,-0.0005682099144905,0.0101207103580236,-0.0323925204575061,-0.557614266872406,0.4538787305355072,0.2717209458351135,0.5444968938827515,-0.3912653625011444,0.6192585825920105,0.6213282346725464,-0.4582399129867553,0.3543581068515777,0.6622916460037231,0.4146571457386017,0.3334271311759949,-0.0352933555841445,-0.0612291432917118,-0.7317131757736206,0.2767074108123779,-0.030510202050209,0.2554322183132171,-0.0355859622359275,-0.03243850171566,-0.1068602353334426,-0.2455630004405975,0.0175148211419582,0.3637334406375885,0.3277826011180877,0.1446813493967056,0.3021716773509979,-0.377583771944046,0.4751031100749969,0.4331249892711639,0.0210160855203866,-0.1459994614124298,0.2460961192846298,0.3802261054515838,0.6374589800834656,0.0314390994608402,0.3572412133216858,-0.2072588503360748,-1.0218791961669922,0.0856554731726646,0.0102315852418541,0.3644465208053589,0.5951054692268372,-0.5780338048934937,-0.2023299187421798,0.1860213130712509,0.5037203431129456,-0.2873859405517578,-0.0941149368882179,-0.4399446547031402,0.1732430458068847,0.2615323066711426,-0.1303068548440933,0.0727578476071357,0.1291072368621826,0.3212997913360595,-0.1634944677352905,0.1456749439239502,0.2130679488182068,0.7299164533615112,0.1362379342317581,0.0912676230072975,0.0425005368888378,-0.2699767649173736,-0.4450969099998474,0.0519218407571315,0.0658692419528961,-0.3387294709682464,-0.4071281552314758,0.0378243289887905,-0.3907216489315033,0.1473091691732406,-0.2990520000457763,0.2549092173576355,0.3078309893608093,0.057633202522993,-0.0366539470851421,-0.4790743589401245,-0.0632993876934051,-0.0242817495018243,-0.7737974524497986,0.0951301604509353,-0.2579847872257232,0.1720798462629318,-0.2192899286746978,0.0213155206292867,-0.4729840755462646,-0.2633458077907562,-0.367784172296524,0.5505667924880981,-0.1218723282217979,-0.4214291572570801,0.4173358082771301,0.3114523291587829,-0.1264443844556808,-0.9922773838043212,0.3278978765010834,0.3606756329536438,0.5684622526168823,-0.2312356829643249,0.509494423866272,-0.3745315074920654,0.2229006588459015,0.1008925884962081,-0.4160842299461365,0.5262504816055298,-10.464190483093262,-0.4213390946388244,-0.4990895688533783,-0.2991828024387359,-0.523726224899292,0.3393937647342682,0.6275897026062012,0.3310806453227997,-0.4008956253528595,0.1503154784440994,0.0772168710827827,0.4325231611728668,0.3527701199054718,0.3085150718688965,-0.5929360389709473,0.1288890391588211,-0.3219438791275024,-0.482525885105133,0.0016949117416515,-0.2160532176494598,0.1131066754460334,-0.6644826531410217,0.5310324430465698,0.5345878601074219,0.1479681879281997,-0.1676557660102844,-0.139973372220993,0.4004792869091034,-0.031229430809617,0.2987416684627533,-0.8072220683097839,0.4482598602771759,-0.1692170053720474,0.4520938098430633,-0.2333208620548248,0.0534967370331287,-0.2512939572334289,0.5023176074028015,0.0249905418604612,0.3453520238399505,0.3133562207221985,0.4285598397254944,0.0775187611579895,-0.117707647383213,-0.2019536346197128,0.3702673316001892,0.1418785601854324,0.3137893378734588,0.5656222105026245,-0.0047943969257175,0.0482669658958911,-0.1866386830806732,-0.2593395709991455,-0.3541021943092346,0.2779557704925537,-0.0045330733992159,0.7600528597831726,-0.7735229134559631,-0.0309431999921798,0.1052391529083252,0.3330523669719696,-0.145843043923378,0.9523369073867798,0.8970859050750732,0.2635754644870758,0.160239428281784,0.4378549754619598,0.3983334004878998,-0.3247032165527344,-0.1075038537383079,0.3310868144035339,0.5564315915107727,-0.0966658219695091,0.2015350461006164,0.1424711048603058,0.7568235397338867,0.0272642467170953,-0.2367813438177108,0.2114190310239792,-0.2960522174835205,0.4381178021430969,-0.1655402332544326,-0.2865816056728363,0.1388946920633316,-0.6065528392791748,0.2488703578710556,0.0686032027006149,0.3074870109558105,0.1111298725008964,-0.5870758891105652,0.4450457394123077,-0.1704249233007431,-0.2904482185840606,0.4092161357402801,0.2255211770534515,-0.2218035459518432,-0.1488069295883178,0.3035394251346588,0.3374594748020172,0.0487138368189334,0
0.1231138110160827,0.4492609798908233,0.3884042799472809,0.0412229038774967,0.0758494585752487,0.5558128356933594,0.2306105643510818,0.1551999896764755,-0.4046125411987304,-0.4644301831722259,0.0374848321080207,-0.1543157696723938,-0.2079087793827057,0.6230141520500183,0.0749955996870994,-0.0330402813851833,-0.2268550395965576,-0.1624379307031631,-0.3136763870716095,-0.2009812891483307,-0.4487609565258026,-0.3970475792884826,-0.4971101582050323,0.4764551222324371,-0.2808994054794311,-0.0796614587306976,-0.0104049891233444,0.1680516749620437,0.2500545084476471,-0.1148869171738624,-0.0953003466129303,-0.4020711779594421,-0.5611262321472168,0.0101643595844507,-0.6131436824798584,-0.0841822996735572,-0.4243415892124176,-0.1154774501919746,0.2670247554779053,0.0216015093028545,-0.0181246995925903,-0.1735791265964508,-0.3490122854709625,-0.333618551492691,-0.0702253431081771,0.4099800288677215,0.2204208374023437,0.3000068664550781,0.2423617392778396,0.0448936149477958,-0.0321125537157058,0.3012973070144653,0.192337691783905,0.0826527848839759,0.4473689198493957,-0.5930591821670532,0.8809794783592224,-0.8074719309806824,0.2130884379148483,0.5514248013496399,-0.6567736268043518,-0.3907581865787506,0.1432421207427978,0.2119351327419281,-0.093148149549961,-0.2198729664087295,0.3205922842025757,-0.022681538015604,0.1360212862491607,-0.7621728181838989,0.2123498320579528,-0.1271419823169708,-0.0643603503704071,-0.1578206121921539,0.2649607956409454,-0.7738043665885925,0.3087517917156219,-0.1347953975200653,-0.0922530516982078,0.4323457479476928,-0.6077329516410828,0.8605305552482605,0.1024291589856147,-0.4221510291099548,-0.0294526703655719,-0.123188279569149,-0.6463356018066406,-0.8160682916641235,0.4599822163581848,-0.2753682434558868,0.2812662720680237,0.3788725137710571,0.1458035409450531,0.7601058483123779,0.0165413618087768,0.0440185964107513,0.3510110378265381,0.387873113155365,0.0899581685662269,0.3239330947399139,-0.462004005908966,-0.0534325987100601,0.5842787623405457,-0.8378627896308899,-0.1350140571594238,0.0442395322024822,-0.4432619512081146,0.4669585824012756,0.1385521590709686,0.0495200753211975,-0.2713117301464081,-0.2956724762916565,-0.3439642786979675,0.2891451716423034,0.2782316505908966,0.3838802874088287,-0.0002128552878275,0.3526578843593597,-0.2968418300151825,0.4204418957233429,0.1402692347764969,0.6628037691116333,0.0109529132023453,-0.2493162453174591,-0.7611669898033142,-0.1784507483243942,0.2513410449028015,0.2485608905553817,0.0415656119585037,-0.8785262107849121,0.1427153050899505,-0.036750178784132,-0.5656404495239258,-0.1953497976064682,-0.3722878396511078,0.6866252422332764,-0.0380434580147266,0.1799145638942718,-0.1077672466635704,-0.458080381155014,-0.6979972124099731,0.2590562403202057,-0.1680516898632049,-0.0491655878722667,-0.2135801017284393,-0.0960002318024635,-0.0139121320098638,0.1986266672611236,0.6022095680236816,0.5109342336654663,-0.1990288496017456,1.0830914974212646,-0.4651145339012146,0.0338232852518558,0.3894877731800079,0.1737095117568969,-0.5139617919921875,-0.0087816445156931,0.2318317294120788,0.5932332277297974,0.5720173120498657,-0.4909519255161285,0.355887770652771,0.9361818432807922,0.0049250083975493,0.2354423254728317,0.4689258635044098,-0.1164900213479995,0.3047364354133606,0.5328068137168884,0.5977091193199158,0.5410733819007874,0.0592143833637237,-0.2418918311595916,0.010082459077239,0.5177382826805115,0.7239014506340027,0.0804607421159744,0.1661899983882904,-0.5361214876174927,0.0783840641379356,-0.0655987709760665,-0.0093996971845626,-0.8041617274284363,0.2197591960430145,-0.3057252764701843,0.1525004506111145,-0.0831784009933471,-0.2190597802400589,0.0048233796842396,-0.2455145269632339,-0.142656996846199,0.1653960347175598,-0.1805367618799209,0.0226214379072189,0.252815306186676,0.1008603945374488,-0.0736695155501365,-0.3125497698783874,0.0027908934280276,-0.2689207196235657,0.0918744355440139,-0.0830516815185546,-1.101097583770752,-0.9538522958755492,0.1038811057806015,0.5318265557289124,0.4946764707565307,0.3651838898658752,-0.0952106788754463,-0.2399941682815551,0.2045545428991317,0.7216549515724182,0.1952834278345108,0.4752112329006195,0.4693156778812408,-0.5757101774215698,-0.1049781814217567,0.1779050976037979,0.3130639493465423,-0.0979202687740325,0.082808680832386,0.0422740578651428,-0.0802398845553398,-0.0945495218038559,0.8080146312713623,0.1936263293027877,-0.1150619089603424,0.0054282308556139,0.7240721583366394,-0.7917774319648743,-0.2525116801261902,-0.5103409886360168,-0.2524421513080597,0.0004336121783126,-0.1393671780824661,-0.5123047828674316,0.512993574142456,-0.0856382101774215,-0.0278315190225839,-0.4146546721458435,-0.2266345173120498,0.5573171377182007,-0.5894581079483032,0.2186111509799957,0.2767102420330047,-0.1298295557498932,0.034149307757616,-0.5827338099479675,-0.1074302047491073,-0.4650209546089172,-0.5124746561050415,0.095265544950962,-0.2727013528347015,0.877055287361145,0.0307052470743656,0.7117515802383423,-0.1736073940992355,0.1399305462837219,-0.2337078005075454,-0.1700103282928466,-0.4660062491893768,-0.3893087208271026,-0.3200649917125702,0.36192587018013,0.2422608286142349,0.5455904603004456,-0.2525476515293121,-1.6800079345703125,-0.0829514935612678,0.0901246294379234,-0.590021550655365,-0.1166232600808143,-0.134414792060852,-0.1570027023553848,-0.3502565920352936,-0.0730955302715301,0.7539610862731934,-0.6830848455429077,-0.1346728652715683,-0.2110080420970916,0.4071735441684723,-0.4598382413387298,0.0623786784708499,0.1153885349631309,0.4106982946395874,-0.1908294707536697,-0.6963496804237366,-0.3930406868457794,0.0179575663059949,0.1430064439773559,0.0185511503368616,-0.4818713068962097,-0.014843457378447,-0.4170853197574615,0.2829124331474304,0.1637875735759735,-0.4432901740074157,0.3415219485759735,0.3085688650608063,0.6146608591079712,0.5549052357673645,0.5430335402488708,-0.1672431081533432,-0.6714587807655334,0.2201706171035766,0.1896889805793762,-0.3027598261833191,0.559830367565155,-0.5565181374549866,0.3516184091567993,0.342310756444931,-0.3357832729816437,0.2908375561237335,0.6458819508552551,-0.0310758836567401,-1.572529911994934,-0.2528011500835418,0.3623014986515045,0.2087958753108978,-0.3817519247531891,0.1319604963064193,0.1576255410909652,0.3442347347736358,-0.5063840746879578,-0.2880071401596069,0.5498164296150208,0.1964365392923355,0.2621631324291229,-0.1872194111347198,0.5826170444488525,-0.5048829913139343,0.0397969894111156,-0.6787499785423279,-0.0171617232263088,0.4861078262329101,-0.2345322966575622,-0.1444097906351089,0.265208750963211,-0.3782488405704498,-0.2671854197978973,0.4098029434680938,-0.1968329399824142,0.0528481900691986,-0.2974405884742737,-0.0400130189955234,0.2802795171737671,1.4972728490829468,0.5008471608161926,0.6121992468833923,-0.323981761932373,-0.3650017976760864,0.2641220986843109,0.1231701672077179,0.3433264493942261,-0.3920523524284363,-0.1274280995130539,-0.3564356565475464,0.0299845319241285,-0.0609694756567478,0.0171967726200819,-0.0190320536494255,-0.2858986556529999,0.1662586331367492,-0.461461454629898,0.2694081962108612,0.4638465940952301,0.0398641116917133,0.2293373197317123,0.6746375560760498,0.5301793813705444,0.2003440409898758,-0.2477969080209732,-0.5393532514572144,-0.0063035571947693,-0.5178176164627075,0.377795934677124,0.0354310274124145,-0.0208152793347835,0.3716359138488769,-0.301368772983551,0.1769916862249374,0.0036387762520462,-0.2827593982219696,0.0379030369222164,-0.5908679366111755,-0.3027498126029968,-0.1490825861692428,0.0798156931996345,-0.3840076625347137,0.2991436719894409,0.4653516709804535,0.5443713665008545,-0.3986534774303436,-0.392270028591156,0.0972675308585167,-0.0983534157276153,0.1271000504493713,0.0717663019895553,0.2141284644603729,-0.0405843406915664,-0.1314437687397003,-0.5324204564094543,-0.4545006453990936,-0.6074473857879639,-0.0998709499835968,-0.4864875674247741,-0.2520653307437897,0.2662206590175628,0.6392948627471924,-0.0061220834031701,-0.0002625654451549,0.2046940177679062,0.2406426519155502,-0.427702397108078,-0.5291266441345215,-0.0238432958722114,0.3131350576877594,0.5644910335540771,0.3777675032615661,0.5966751575469971,0.1175851374864578,0.3224056363105774,-0.0339446403086185,0.1585583239793777,0.3659508824348449,-0.3815783858299255,-0.299306184053421,1.030006766319275,-0.4189485609531402,-0.0196306072175502,-0.1873382329940796,0.1946061700582504,0.7992408275604248,-0.2151150107383728,-0.7935209274291992,0.418662279844284,0.0426677353680133,0.2311915755271911,0.6340779662132263,0.4241951704025268,1.04574716091156,0.288774311542511,0.4176480174064636,0.3807947933673858,-0.2010767459869384,0.1479807496070861,-0.3861715495586395,-0.0557927750051021,-0.1404449790716171,0.3929578959941864,0.7641176581382751,0.3738381564617157,0.2858656346797943,0.0353921093046665,0.4459830820560455,-0.5208247900009155,0.1525947600603103,0.383240669965744,-0.202982485294342,-0.5346816182136536,0.218737781047821,-0.972753882408142,-0.8207621574401855,-0.1421180963516235,-0.0154181104153394,0.4628665149211883,0.0081729851663112,0.3942067325115204,-0.5851307511329651,-0.7573434114456177,-0.478797048330307,-0.9843683242797852,-0.0697788372635841,0.0517299473285675,-0.19020776450634,0.5906980037689209,0.300529271364212,-0.9819388389587402,0.461364597082138,0.3210695385932922,0.48450767993927,0.1785139143466949,-0.3847949206829071,-0.321662425994873,0.8443519473075867,-0.5014409422874451,-0.4166518449783325,0.750177800655365,-0.0743482336401939,-0.0699120983481407,-0.3655387163162231,-0.2019563913345337,0.1565447747707367,0.4733108282089233,-0.1820834279060363,0.2548277080059051,-0.0231193322688341,-0.4221740365028381,-0.2792053520679474,-0.2625077366828918,-0.3165677189826965,0.2979778945446014,-0.8846938014030457,-0.2044506818056106,-0.2526279389858246,-0.1218877434730529,0.6885345578193665,0.6429525017738342,-0.2151956707239151,0.0918591320514679,0.7153148055076599,0.1788139045238495,-0.2660667896270752,-0.0331308916211128,0.0755949541926384,-0.3624329268932342,-0.2606484889984131,0.0119486786425113,0.3902390599250793,0.2846006453037262,0.3447838723659515,-0.7184575200080872,-0.3535074293613434,-0.1424677819013595,-0.7829322814941406,0.4006941318511963,0.0192137602716684,0.524908721446991,-0.9151397943496704,0.1733862459659576,-0.1486841440200805,0.3275986909866333,0.1396800130605697,-0.0200174562633037,-0.0763090774416923,-1.4075360298156738,0.0534817576408386,-0.4918538331985473,-0.7902896404266357,0.5318777561187744,-0.2848229110240936,-0.6919559836387634,0.2178936302661895,0.1768209189176559,-0.0917976275086402,0.0921580791473388,-0.0385496318340301,-0.4900764226913452,-0.042287316173315,0.4481016993522644,-0.1261456757783889,-0.1064321026206016,0.4720658361911773,-0.3878652453422546,0.0398647002875804,0.603585422039032,0.5249636769294739,0.1717052012681961,0.1215288713574409,-0.0735646188259124,0.0501642189919948,-0.786901593208313,0.1556357145309448,0.0870108231902122,0.4399442374706268,-0.3945975601673126,0.2235125601291656,0.6525632739067078,-0.3681321144104004,-0.0519896671175956,0.8495214581489563,0.1558186113834381,0.6384768486022949,0.0111140543594956,-0.2351629585027694,-0.8818499445915222,0.4974597990512848,0.4136258959770202,0.2622667253017425,-0.3039504289627075,0.2893498837947845,-0.1052259653806686,-0.4882786571979522,0.2411974370479583,-0.0667811557650566,-0.064834177494049,0.4654918611049652,0.4328020513057709,0.1599184870719909,0.7770379185676575,0.6601337790489197,-0.3099386990070343,0.4009592533111572,0.1443146169185638,0.2567755579948425,0.9159109592437744,-0.0673000141978263,0.5176604986190796,-0.3365890383720398,-0.7841489911079407,0.2950450778007507,0.1969319880008697,0.3568305671215057,1.1737850904464722,0.1396821588277816,-0.3988161087036133,0.5462249517440796,0.8059064745903015,-0.0751746743917465,0.1154990270733833,-0.4927742481231689,-0.0536334104835987,-0.0812551900744438,-0.2035188674926757,-0.0750195607542991,-0.0683854147791862,0.0823175758123397,-0.1193918213248252,0.1936592906713485,-0.2463523298501968,0.4719513356685638,-0.4209035634994507,-0.3078163266181946,0.3759004473686218,-0.002961597405374,0.3020261228084564,-0.0533858947455883,0.4790732264518738,-0.3208807706832886,-0.2082509845495224,0.4283637106418609,-0.407904177904129,-0.4388944208621979,-0.0532719641923904,0.3547323942184448,-0.0368370115756988,-0.0052372380159795,0.0940156653523445,-0.3612267076969147,-0.211391806602478,0.2542731165885925,-0.5569307208061218,0.3658948242664337,-0.0642438754439354,0.2677868604660034,0.1883809864521026,0.0471253059804439,-0.4177459180355072,-0.2764428257942199,-0.5471877455711365,0.1430089622735977,-0.396871268749237,-0.6322588324546814,0.4642121195793152,-0.0183759145438671,-0.3485398292541504,-1.5665051937103271,0.6561968922615051,-0.1743222624063491,0.3859342932701111,-0.1879439949989318,0.1425675898790359,-0.0521857179701328,0.0290188640356063,0.1428416967391967,-0.44991534948349,-0.0334871858358383,-10.106772422790527,0.0311617329716682,-0.7103382349014282,-0.5038667917251587,-0.026438895612955,0.0103408712893724,0.8339167237281799,0.5296981930732727,-0.3991149663925171,0.017071871086955,-0.4222870469093323,0.2256660610437393,0.2735041081905365,0.5720398426055908,-0.0424214042723178,-0.3598330616950989,-0.3359643220901489,-0.5068827867507935,-0.0967234298586845,-0.3829208612442016,-0.0620862655341625,-0.0616059638559818,0.8082335591316223,0.175922617316246,-0.1417668014764785,-0.4456749558448791,-0.3426142036914825,0.3715060949325561,-0.1455613672733307,0.1725504249334335,-1.1235413551330566,0.902729630470276,-0.3657998740673065,-0.382174015045166,-0.4527009129524231,0.2521111965179443,-0.010334450751543,0.2842535078525543,-0.0591973848640918,0.601249098777771,0.2945119440555572,0.6637018918991089,-0.1598019748926162,-0.3018046021461487,0.1331110447645187,0.4781384766101837,-0.1138777434825897,0.2863802015781402,0.2445801645517349,-0.1813361495733261,0.1402642875909805,-0.3990349471569061,0.2809138000011444,-0.1469828486442566,-0.0133303431794047,-0.1942400634288787,0.7767208814620972,-0.7879253029823303,0.0311534497886896,0.1072991862893104,0.2392787486314773,-0.1930221021175384,0.4252275824546814,0.208171546459198,-0.3237896859645843,0.4729270040988922,0.1399933397769928,0.23618184030056,-0.7695155739784241,-0.2419710606336593,0.3645013272762298,0.1336968094110489,0.1556989699602127,0.1743565052747726,-0.024681793525815,0.5745055675506592,-0.1888916194438934,0.0466608963906765,0.0775435715913772,0.281894326210022,0.4171482026576996,-0.4694114327430725,-0.6455208659172058,0.1391593664884567,-0.1641565710306167,0.4069516956806183,-0.1344774216413498,0.3288237750530243,0.0753167793154716,-0.4625642895698547,0.3396262526512146,-0.455998957157135,-0.6298967599868774,-0.1371355205774307,-0.0455033481121063,-0.3143453001976013,0.2219788879156112,0.2289328575134277,0.3692764937877655,0.4943829774856567,0
-0.0299661550670862,0.2355797737836837,0.216267853975296,-0.4623011648654938,0.1465029567480087,0.1590572595596313,0.4888431429862976,0.0343817882239818,0.2314295917749405,-0.4759552180767059,0.9655014276504515,0.1445874869823455,-0.3044161796569824,0.2189700305461883,0.576633870601654,-0.0743149146437645,0.1229664981365203,-0.2058374583721161,0.3064872324466705,-0.6469168663024902,-0.4757871031761169,-0.4265144169330597,-0.3738117814064026,0.030898455530405,0.0109216663986444,-0.2931042015552521,-0.3614349067211151,-0.0565030053257942,0.0321628078818321,-0.3505898118019104,-0.199837788939476,-0.4792525172233581,-0.0199252478778362,0.0612472258508205,-0.1204092502593994,0.6159122586250305,0.1486607640981674,-0.0746806189417839,-0.2119930386543274,-0.2977423369884491,0.1133873462677002,-0.1358265876770019,-0.6363552808761597,-0.4453445672988891,-0.0216307081282138,0.6858723163604736,0.2617878913879394,0.103010170161724,0.2791837751865387,0.0458381362259388,-0.3350329399108886,0.0532670803368091,0.1205242276191711,-0.1077892631292343,-0.140848159790039,0.2162220776081085,0.2499522119760513,-0.2180299013853073,0.1128206253051757,0.0573501959443092,-0.0749453455209732,-0.190446987748146,0.1855106949806213,-0.2764393389225006,-0.1089432686567306,-0.289292573928833,-0.0018514724215492,-0.1425076127052307,0.0378167368471622,-0.5242213010787964,0.1774463355541229,0.0551392175257205,0.1343036741018295,-0.2229597717523574,0.5375440120697021,-0.6022578477859497,0.1935707926750183,-0.0520524643361568,0.509709894657135,-0.1051743850111961,-0.0881144702434539,0.3530352711677551,-0.1232519596815109,-1.0264198780059814,0.2464129030704498,0.0685964822769165,-0.4199430048465729,-0.6873281002044678,0.4393539726734161,-0.2583076059818268,0.1436595320701599,-0.1167098507285118,0.1215236559510231,0.2037247866392135,-0.1739794462919235,-0.3899840414524078,0.1050542965531349,-0.4063800871372223,-0.0228427778929471,0.0906861573457717,-0.1991038173437118,-0.1664947420358657,0.2539658844470978,-0.08316221088171,-0.2956099510192871,0.0766281485557556,-0.1890882402658462,0.2165932804346084,-0.010529525578022,0.1928633153438568,-0.2466240525245666,-0.7365819215774536,-0.6684548854827881,0.1535235941410064,0.1628547310829162,0.0169706754386425,-0.4629513621330261,0.3333367109298706,-0.292251855134964,0.3582746684551239,0.3380059599876404,0.4424749612808227,-0.2912670373916626,-0.3035025596618652,-0.3535375595092773,0.3237355351448059,0.2829291224479675,-0.0915389433503151,-0.1753126233816146,-0.467682272195816,0.1643853634595871,0.1346490383148193,-0.4423128366470337,0.0967956036329269,-0.139187291264534,0.6486086249351501,-0.0397078618407249,-0.1598468124866485,-0.2538869678974151,-0.638386070728302,0.0789156705141067,-0.0854528099298477,0.2547546029090881,0.0989833548665046,-0.3243342041969299,0.1430806070566177,-0.2329152375459671,-0.3564623296260834,0.1027843877673149,0.2768904864788055,-0.3188938796520233,0.8764433860778809,-0.2851174473762512,0.0630542263388633,0.5699432492256165,0.3915766179561615,-0.3984412252902984,0.2929694354534149,0.2510489225387573,0.3469375669956207,0.4383452832698822,-0.2636390924453735,0.1758026182651519,0.6372343897819519,0.0620617568492889,0.48999685049057,0.2634426057338714,0.1884945780038833,0.1005852743983268,0.5908862948417664,0.5550056099891663,0.733949601650238,0.3010013103485107,-0.3433351516723633,0.0500806532800197,0.2688963413238525,0.4469868540763855,0.2316191047430038,0.3136959075927734,-0.5935907363891602,-0.0061111184768378,-0.2248520404100418,0.0215833894908428,-0.0638685598969459,0.2728357315063476,-0.3050146400928497,-0.1886419057846069,0.0410682037472724,-0.1337005794048309,-0.1175947338342666,0.1645332723855972,-0.3792347908020019,-0.0136827323585748,-0.4534050524234772,-0.1512115150690078,-0.7354983687400818,0.2089379280805587,-0.201926901936531,-0.195111408829689,0.6643656492233276,-0.0806749388575553,0.1936513036489486,-0.1682331562042236,-0.5786277055740356,-0.8636887669563293,-0.5785698294639587,-0.1077366322278976,0.7041559219360352,0.5881813168525696,-0.074565976858139,0.1790602207183838,0.5251115560531616,0.2506594061851501,0.4124622941017151,0.1574108302593231,0.3484959602355957,-0.3538091480731964,-0.4027343988418579,0.5561660528182983,-0.0032326912041753,-0.050000574439764,-0.0567764267325401,0.539637565612793,0.2047712653875351,-0.2075197547674179,0.501338005065918,0.2387416064739227,0.1707339286804199,0.0699376761913299,0.7663633823394775,0.0118161113932728,-0.5861421823501587,-0.8611670136451721,-0.1384404450654983,-0.6185033917427063,0.2196169197559356,-0.4590725898742676,0.619849443435669,-0.004469471052289,0.2171162962913513,0.3878980875015259,-0.2124979943037033,0.1408550590276718,-0.7155495882034302,-0.268750786781311,-0.0620127320289611,0.0147290946915745,-0.0814034938812255,-0.1755184531211853,0.2299305945634842,-0.6103234887123108,-0.6310575008392334,0.1718595325946808,-0.4531665742397308,0.7357653379440308,0.2593086063861847,0.1987525820732116,-0.1235239952802658,0.3813154399394989,0.0503578297793865,-0.1351619958877563,-0.76896733045578,0.3926174342632293,-0.0643246844410896,-0.420342355966568,-0.0233181565999984,-0.0891819521784782,-0.5954908728599548,-0.4393798112869262,-0.3947541415691376,-0.1844253838062286,-0.3759275674819946,-0.5307303667068481,0.209036111831665,-0.1575206518173217,0.0715329423546791,-0.1290616989135742,0.4829116761684418,-0.435601532459259,0.2915761172771454,-0.7298199534416199,0.3351056575775146,-0.6409491896629333,-0.0948633402585983,-0.0631974413990974,-0.3413468897342682,-0.4442508518695831,-0.3955142498016357,-0.138266921043396,0.5761252641677856,0.2624053657054901,-0.1727059036493301,-0.5694354176521301,0.1490887403488159,-0.2580437660217285,0.1368192285299301,0.4621648490428924,0.1363303512334823,-0.0016341850860044,0.3118806183338165,0.4157231152057647,-0.1283486783504486,0.0241879075765609,-0.1079807430505752,-0.0169175192713737,-0.8130832314491272,-0.0653277188539505,-0.174520656466484,0.3462107479572296,-0.3703004121780395,-0.186801478266716,0.6856415867805481,-0.4231734573841095,0.5928168892860413,0.1722813844680786,0.2522653937339782,-1.4458192586898804,0.3850231170654297,0.1902194321155548,0.2978443503379822,0.0877886041998863,0.145401656627655,0.1110279932618141,-0.0574938990175724,-0.6784340143203735,-0.7602683305740356,0.7410281896591187,0.4468783140182495,-0.2336687594652176,0.2003991454839706,0.4540141224861145,-0.1062330156564712,0.2083266228437423,-0.2769695520401001,-0.3360543847084045,0.3228040635585785,0.4577924609184265,-0.0467718914151191,0.0027676047757267,-0.4149630069732666,-0.6250078082084656,0.5216419696807861,0.1651156842708587,-0.0309191048145294,-0.805808424949646,-0.0320819281041622,0.5924155712127686,0.8439977765083313,0.392516553401947,0.6698557138442993,0.2775563299655914,-0.3474680781364441,0.5768970847129822,0.5228627920150757,0.4868215918540954,0.03578532487154,0.1690186113119125,-0.3014212846755981,0.4699837863445282,0.2595841586589813,-0.1956651657819748,-0.0530209802091121,0.3263609707355499,0.386536180973053,-0.4391086101531982,-0.0086375335231423,0.6735122799873352,-0.0543981790542602,0.3627974390983581,0.5088064670562744,0.8520067930221558,0.0919913947582244,-0.1247157827019691,-0.4458746612071991,0.0389481149613857,-0.4721504747867584,-0.0464070290327072,0.249437928199768,0.643545925617218,0.1800780594348907,-0.3934841752052307,-0.4670685529708862,-0.3885264992713928,-0.4552167654037475,0.2360793203115463,-0.3041359484195709,-0.5053081512451172,0.1081565469503402,-0.348840981721878,-0.2525558173656463,0.0502934604883194,0.2953578531742096,0.4809640049934387,-0.4886140525341034,-0.2775174379348755,0.1847987622022628,-0.1730887740850448,-0.0953997746109962,0.1686501502990722,0.0675341263413429,-0.2792035639286041,-0.0033767158165574,-0.3075100779533386,-0.4163493812084198,-0.1236598715186119,-0.1286482959985733,-0.7282843589782715,0.3613770008087158,-0.0337164178490638,0.3184811174869537,-0.1117653399705886,0.212363600730896,-0.0579021796584129,-0.0061240564100444,-0.6834000945091248,0.2511175572872162,-0.5140464901924133,0.5098023414611816,0.2025010138750076,0.3701967298984527,0.0270219277590513,0.229741096496582,-0.0173004437237977,0.2236130237579345,-0.5740880370140076,0.1039561480283737,-0.3941324353218078,-0.1114313974976539,0.5262124538421631,-0.6533365249633789,0.3769093751907348,0.1186664551496505,-0.5494594573974609,0.7205423712730408,-0.3262954652309418,0.0280928704887628,-0.1272196620702743,0.3666795194149017,-0.4741651117801666,0.1335203051567077,0.5624035000801086,0.8154804110527039,-0.3181961178779602,0.4573160111904144,0.200192391872406,-0.1783058047294616,0.5119811296463013,-0.3314288854598999,0.0466658994555473,0.0006661119987256,0.090524286031723,0.4370368123054504,0.1267444938421249,0.4231581687927246,0.2319242507219314,-0.0515421032905578,0.2109686881303787,0.1311448812484741,0.0346457287669181,0.2261936366558075,-0.4267447888851166,-0.0513709113001823,-0.0142823681235313,-0.1931653022766113,0.101279892027378,-0.0532419122755527,0.6217305064201355,0.2308204621076584,0.3738999664783478,-0.3550546169281006,-0.5417635440826416,-0.3832451999187469,-0.9607998132705688,0.1315565109252929,-0.0790663212537765,-0.0163276195526123,0.6908462643623352,0.0588578544557094,-0.7221126556396484,0.2358367294073104,0.0272128488868474,0.2919761836528778,0.4030832052230835,-0.2154425978660583,0.0709559470415115,0.3989721238613128,-0.1261267066001892,0.1628637611865997,0.0112107601016759,-0.0319076515734195,-0.1294136494398117,-0.7251904010772705,-0.0746306777000427,0.0096906684339046,-0.1382598876953125,0.0486339218914508,-0.048696331679821,0.5179319381713867,-0.3248773217201233,-0.4770655930042267,-0.2669460475444793,-0.0978841260075569,-0.1597490012645721,-0.5272042155265808,-0.0882906317710876,-0.2667059898376465,-0.0370777919888496,0.5537228584289551,0.1262123137712478,-0.1799259036779403,0.3518047928810119,0.8112396001815796,0.3290017247200012,-0.2761339545249939,-0.1773284524679184,0.0283513944596052,-0.0239449124783277,0.0181579496711492,0.3367016911506653,0.1055769845843315,-0.0592071339488029,-0.0249660667032003,-0.641791820526123,-0.3773595988750458,-0.0498495139181613,-1.006864070892334,0.7867650985717773,0.1421998292207718,0.3271629512310028,-0.591947615146637,-0.4256160855293274,-0.0556285195052623,-0.0950140357017517,0.0657174363732338,0.3921764194965362,0.2685150504112243,-0.4433587193489074,-0.1544989049434662,-0.6509629487991333,-0.7227164506912231,0.2660917639732361,0.5065808892250061,-0.4473633766174316,0.0718003883957862,0.3014001250267029,0.0906874164938926,-0.0854358300566673,-0.1149730756878852,-0.2023268938064575,-0.3828028440475464,0.3161835670471191,0.3471236228942871,0.2675949037075043,0.391975075006485,0.011751047335565,0.3493061065673828,0.4068383276462555,0.6521065831184387,0.6776092648506165,0.2067282646894455,-0.295980304479599,-0.0338719859719276,-0.3017910420894623,0.2979480922222137,0.3519406914710998,-0.0679865255951881,-0.816438615322113,0.1296375095844268,0.359595239162445,-0.4224462807178497,0.3534362316131592,0.415180891752243,0.4235478043556213,0.595414936542511,-0.382038801908493,-0.0782274976372718,-0.7612597346305847,0.175590232014656,0.1187469810247421,0.0028290546033531,-0.3044798672199249,0.0316141918301582,0.091457150876522,-0.4568507373332977,-0.2213291525840759,0.2107302099466323,0.2459942996501922,0.1576231718063354,0.3493745923042297,-0.4129485785961151,0.5970923900604248,0.4303675591945648,-0.268079549074173,-0.2922296822071075,-0.1487938165664672,0.2311183363199234,0.4304578602313995,0.1590847969055175,0.357093870639801,-0.3773427903652191,-0.8445432782173157,-0.0218009445816278,-0.0130999134853482,0.265737384557724,0.7062705755233765,-0.81659996509552,-0.0497601069509983,0.5133703947067261,0.8080490827560425,-0.0522131584584713,-0.2979108095169067,-0.5252598524093628,-0.1884275376796722,-0.1352876871824264,-0.3311863839626312,0.3624251782894134,0.0446477718651294,0.5876405239105225,-0.0318144932389259,-0.116054967045784,-0.1953674256801605,0.8123372793197632,0.4073009192943573,0.0067221829667687,0.2081695050001144,0.0349424257874488,-0.4434836208820343,-0.0718753933906555,0.2721533179283142,-0.3703674674034118,-0.1548699587583542,0.1745146065950393,-0.3938381969928741,-0.1147098317742347,-0.1866552680730819,-0.0502172261476516,0.3511002361774444,-0.1540873050689697,-0.4240161776542663,-0.3418281078338623,-0.053463727235794,0.3640183210372925,-0.8195244669914246,-0.1772152483463287,-0.2284370958805084,0.1855793297290802,0.042220301926136,-0.1656990796327591,-0.4804145395755768,-0.5628264546394348,-0.4529979526996612,0.1406483501195907,0.1401218175888061,-0.481932133436203,0.4718159139156341,0.1960797160863876,-0.1483888775110244,-1.191425085067749,0.4968118071556091,0.1027939319610595,0.7110983729362488,-0.2558439373970032,0.3216203451156616,-0.0103126298636198,0.1246227771043777,-0.1625712811946869,-0.4507423043251037,0.666210949420929,-10.44359302520752,-0.3572226464748382,-0.5081060528755188,-0.1702241748571396,-0.3904321789741516,0.4770566523075104,0.1895525455474853,0.4223089218139648,-0.0044883918017148,-0.0646698474884033,0.0686290264129638,0.1073669865727424,0.1401628106832504,0.1497767865657806,-0.220811665058136,-0.0743995681405067,-0.373730331659317,-0.2494992762804031,-0.6559740900993347,-0.0684830918908119,0.1967051476240158,-0.3565899133682251,0.2966203391551971,0.3354876935482025,0.1996874958276748,0.070408284664154,0.3587600886821747,0.0580973513424396,-0.3103875517845154,0.5274375081062317,-0.0937580168247222,0.2019408792257309,-0.1024221777915954,0.2935628890991211,-0.5404207110404968,0.0252985451370477,0.0993592366576194,-0.016658442094922,-0.2296444326639175,0.5848070383071899,0.2089521139860153,0.4409377872943878,0.0392607785761356,-0.2712676525115967,0.3376539051532745,0.3442116677761078,0.2341883927583694,-0.0845958963036537,0.4305688440799713,0.0724609494209289,0.0871606618165969,-0.199142187833786,-0.1008294522762298,0.0345502868294715,0.1310538351535797,-0.035108808428049,0.3422837257385254,-0.8668643832206726,-0.1784586757421493,-0.097401238977909,0.231044664978981,0.0835519805550575,1.2275302410125732,0.3874486982822418,0.0501337796449661,0.2668848633766174,0.2135286778211593,0.0218898374587297,-0.4018953144550323,-0.30861297249794,0.4914284646511078,0.2120136320590973,-0.2327475100755691,0.1834315359592437,-0.0817566886544227,0.5747364163398743,0.3350679576396942,0.1577409952878952,0.2364269644021988,0.0189588703215122,0.5004974007606506,0.1825479567050933,0.0591266863048076,0.2704173028469085,-0.7462111711502075,0.0026831240393221,0.3723088800907135,0.1898520141839981,0.480819433927536,-0.5403976440429688,0.6073251366615295,-0.3687469661235809,-0.2229479849338531,0.4329991936683655,0.3822138607501983,0.0522193759679794,0.0458044558763504,0.1620650291442871,0.4006999433040619,-0.0565884411334991,0
0.2505481839179992,0.4489372670650482,0.1492974162101745,-0.5586414337158203,-0.0013604935957118,0.0918458104133606,0.3721223175525665,-0.0234025865793228,0.0832772254943847,-0.4972952902317047,0.922433853149414,0.0710767582058906,-0.3678937554359436,-0.0582557208836078,0.4592601954936981,0.0477102994918823,0.3026152551174164,-0.0985034108161926,-0.3389739096164703,-0.3084463775157928,-0.4294740259647369,-0.4628788530826568,0.0032123664859682,0.1254025250673294,0.4180895090103149,-0.4004127383232116,-0.0911752507090568,0.2276809960603714,-0.1435918509960174,-0.1566646099090576,-0.3757165074348449,-0.3744196891784668,-0.1879740059375763,-0.2184703797101974,-0.278684914112091,0.8278489112854004,0.1410537958145141,-0.2761842608451843,0.0495626181364059,-0.0305525045841932,-0.2750777900218963,-0.103702962398529,0.1346310377120971,-0.2775102853775024,-0.3408503830432892,0.5337256789207458,0.0850845575332641,0.2999982237815857,0.3017307221889496,-0.0298516284674406,-0.4111286401748657,0.4123713672161102,0.2305360287427902,-0.0554429590702056,-0.0002612370881251,-0.1306027173995971,-0.1068493500351905,-0.177051767706871,0.1526751071214676,-0.0106077278032898,-0.080419547855854,-0.2179279178380966,0.1381518840789795,-0.0645262748003006,-0.4898168444633484,-0.2554144263267517,0.0158404614776372,0.0089113507419824,-0.1771092265844345,-0.5936737656593323,-0.3995041847229004,0.2752134203910827,0.1364410668611526,-0.409847617149353,0.4420993030071258,-0.3259541392326355,0.3144108355045318,-0.1611713469028473,-0.1378859132528305,-0.1059435307979583,-0.2272272706031799,0.4182016253471374,-0.1328671723604202,-0.6189823150634766,0.1171788424253463,0.0059523768723011,0.1065851971507072,-0.4834829270839691,0.3780913650989532,-0.5386707186698914,-0.3544098436832428,0.272403359413147,0.5725651383399963,0.3448121547698974,-0.2858032286167145,0.0702245160937309,0.1583373248577118,-0.2321749329566955,-0.2503252625465393,-0.1264444589614868,0.5010859966278076,-0.3914403915405273,0.1215318441390991,-0.1627832204103469,-0.1635713726282119,0.1289453953504562,-0.4897728264331817,0.5729210376739502,-0.0315574333071708,-0.1191677451133728,-0.2018569260835647,-0.2577365636825561,-0.3563779592514038,0.4040128290653229,-0.2662290036678314,-0.1149513870477676,-0.1682388335466385,0.3997953832149505,-0.2984249293804168,0.1948220431804657,0.2346782982349395,0.2928614318370819,0.0676141455769538,0.1553054451942443,-0.0961431860923767,0.5456915497779846,-0.2279289662837982,-0.0558218955993652,0.0611917041242122,-0.2349888235330581,0.2706878185272217,0.0724034383893013,-0.3393912613391876,-0.1392006874084472,-0.5784204006195068,0.2526203095912933,-0.155659407377243,0.0599726513028144,-0.0823525488376617,-0.5838775634765625,0.047910239547491,-0.2668199837207794,0.2308844178915023,0.1897561997175216,0.0472326166927814,0.0304461829364299,0.4092461466789245,-0.2077170759439468,0.446753054857254,0.1353139877319336,-0.0519040711224079,0.783359169960022,-0.3722396194934845,-0.2989800870418548,-0.2798097133636474,0.042486522346735,-0.3434524536132812,0.0400078408420085,0.0653272718191146,0.4727227985858917,0.2746033072471618,-0.6966155767440796,0.0782220959663391,0.4430415630340576,0.2624966502189636,0.7815207242965698,0.1209591776132583,-0.0958712175488472,-0.0241772830486297,0.5504213571548462,0.2618978321552276,0.4256070256233215,0.1255105286836624,-0.5663151741027832,0.2344573885202407,0.5653722882270813,0.1362340450286865,0.1511902064085006,0.2922266721725464,-0.4613509178161621,0.1085969433188438,-0.4493367969989776,-0.2269296944141388,-0.4779540002346039,0.5775596499443054,-0.1593138724565506,-0.1407499462366104,0.0492161028087139,0.0404408201575279,0.0006456886767409,-0.5783886313438416,0.0301188584417104,0.5472155809402466,-0.4307481944561004,-0.0494826287031173,-0.1220207810401916,-0.0579941235482692,-0.3472139537334442,-0.1853754818439483,0.5233907103538513,-0.0871587991714477,0.2898628711700439,-0.2703546583652496,-0.2009024322032928,-1.124642014503479,-0.222978800535202,0.2935783565044403,0.4990005493164062,0.2641696035861969,0.1191057860851287,-0.4838886857032776,0.2278601378202438,0.4431247413158417,0.4852368533611297,0.0213789027184247,0.0502767190337181,-0.2780689299106598,0.179585114121437,0.3599025011062622,-0.5641339421272278,0.0423757135868072,-0.1109554767608642,0.0774233862757682,0.3421428501605987,-0.2297710478305816,-0.103759691119194,-0.0296202395111322,0.0609361641108989,-0.1472322195768356,0.7782184481620789,0.2733465433120727,-0.0964207574725151,-0.5749717950820923,-0.4450890123844147,-0.9197883009910583,0.2412146925926208,-0.1610824167728424,0.22455695271492,0.3092661798000335,0.297025203704834,0.2582457661628723,-0.2680031061172485,-0.1428358107805252,-0.2700835466384887,-0.2408133894205093,0.3363486230373382,0.1937740296125412,-0.1581805199384689,-0.5909778475761414,0.3315999209880829,-0.5108320713043213,-0.2683800160884857,0.6358513236045837,-0.1435994505882263,0.5744237899780273,0.1409382820129394,0.4897727072238922,-0.0853540748357772,-0.1874617785215377,-0.0955950766801834,0.0436156764626503,-0.4138393998146057,-0.1069721728563308,-0.2344851791858673,0.0109996134415268,0.1046502217650413,0.0584264323115348,-0.636326253414154,-0.0737071558833122,-0.3163428604602813,0.1024644523859024,-0.5688919425010681,-0.0704476460814476,0.230291873216629,-0.3569014072418213,0.250668466091156,-0.1041097939014434,0.3356075882911682,-0.2991388738155365,-0.0898166894912719,-1.0346769094467163,0.462022066116333,-0.7326732873916626,0.3542755842208862,0.1198809146881103,-0.1020419746637344,-0.0654364451766014,-0.1256033927202224,-0.1999105513095855,0.5118235349655151,0.1648826599121093,-0.2880998849868774,-0.5125777721405029,-0.0331790335476398,-0.1484315097332,0.0892459005117416,0.1570788919925689,-0.2203528583049774,0.0077931177802383,0.118221990764141,0.5483359098434448,0.1169387027621269,0.1514610946178436,-0.168676421046257,-0.3166066408157348,-0.8211398720741272,-0.174249917268753,0.1659409701824188,0.6097294688224792,-0.3898724913597107,-0.1515483856201172,1.065920114517212,-0.1712241768836975,-0.2753693759441376,0.2073781341314315,0.4925227761268616,-1.4006301164627075,0.1897653192281723,0.588225245475769,0.0082712536677718,0.0532373040914535,0.3261024951934814,0.305587887763977,0.3564168214797973,-0.5224007368087769,-0.0392370522022247,0.3144610822200775,0.3735979497432709,-0.0036170836538076,-0.3670718371868133,0.3963320851325989,-0.0700402110815048,0.0745707526803016,-0.612056314945221,-0.3191026151180267,0.4119139909744262,-0.0874440968036651,0.0874632224440574,-0.0170665271580219,-0.3100562393665313,0.0694663971662521,-0.2886847555637359,0.2692031264305115,-0.325777143239975,-0.2060827612876892,-0.2726702988147735,0.2635100781917572,0.449198842048645,0.661635160446167,0.5164912939071655,0.3551589548587799,0.2686977684497833,0.4473485052585602,0.3802987933158874,0.4603124260902405,0.3109914064407348,-0.1063156351447105,0.0195352584123611,0.5475675463676453,0.3219617009162903,0.2603946328163147,-0.0276618730276823,-0.2409785836935043,0.6404382586479187,-0.0342877991497516,0.4841922223567962,0.4391713440418243,0.6220520734786987,0.3925226628780365,0.2461102455854416,0.4162329435348511,-0.1992395222187042,-0.1421195566654205,-0.3447634279727936,0.2172411680221557,-0.2869605720043182,-0.159542977809906,-0.1537368595600128,0.2500409781932831,-0.1458094269037246,-0.51259446144104,0.1407272219657898,-0.4438359141349792,-0.0136881181970238,0.1929426491260528,-0.2214354574680328,-0.5873409509658813,-0.4135623872280121,-0.4071406424045563,-0.5993702411651611,0.487648457288742,0.2242782115936279,0.1675911098718643,-0.5403475761413574,0.1199017167091369,0.1179696023464202,0.1697641909122467,-0.1759710162878036,0.0114829167723655,-0.1525502800941467,0.0282090436667203,-0.1229961067438125,0.0094847762957215,-0.6527937650680542,-0.4276649355888366,-0.5186935663223267,-0.8451845645904541,-0.1182984411716461,0.1161651164293289,0.3922761380672455,-0.0325253829360008,0.1955144107341766,0.1770944148302078,0.2159095853567123,-0.2994886338710785,-0.1859803646802902,-0.8119920492172241,-0.0156768765300512,0.2146668434143066,0.2322666496038437,0.232969045639038,0.1962420046329498,0.1099632307887077,-0.0482075437903404,-0.2861345410346985,-0.012153910472989,-0.2400132715702057,-0.2711018323898315,0.9789894223213196,-0.2605230808258056,0.4552047252655029,-0.1963374316692352,0.1221195682883262,0.3167569637298584,-0.1554841697216034,-0.112817458808422,-0.0907303839921951,0.4706625342369079,-0.1368854939937591,-0.1007928028702735,0.0552294701337814,0.4654022455215454,-0.323762983083725,0.1653086394071579,-0.0653367415070533,0.1071037575602531,0.2053379118442535,-0.0762300416827201,-0.1510095745325088,-0.2405013442039489,0.1477335095405578,0.2341473698616027,0.2862294316291809,0.2517187595367431,0.2906464636325836,0.603635311126709,0.0465304367244243,0.2981800138950348,0.2586971819400787,0.7238072156906128,-0.2899322211742401,-0.2150292694568634,-0.4939345717430115,-0.0892949178814888,-0.4694490730762481,-0.1574169397354126,0.5626305937767029,-0.2203343510627746,0.2118527293205261,-0.1339785903692245,-0.6529372930526733,-0.0651318654417991,0.0051952362991869,0.0690673440694809,0.0703841000795364,0.3648920953273773,0.4399062097072601,-0.0126997204497456,-0.6327009201049805,0.5944579839706421,-0.3083150088787079,0.5145155787467957,0.3459455370903015,-0.5750617384910583,-0.2742610871791839,-0.0764722600579261,0.0789083093404769,0.0509687885642051,0.2437104284763336,0.5642279982566833,-0.3491406440734863,-1.0541503429412842,-0.1875897049903869,0.253937304019928,-0.1902288049459457,-0.4174838066101074,0.2181191146373748,0.1227318570017814,-0.9403929114341736,-0.6611847281455994,-0.3907082676887512,-0.2368012964725494,-0.0750048086047172,-0.9417609572410583,0.2107371240854263,0.0918762311339378,-0.0685869976878166,0.4357554912567138,0.0065562450326979,0.0523173697292804,0.2633278965950012,0.4124357998371124,0.32712522149086,-0.5278412699699402,-0.0882996395230293,0.1802866458892822,-0.0107608418911695,0.0757314711809158,0.4335595369338989,0.0022350514773279,0.1346089839935302,-0.0360789820551872,-0.6570267677307129,-0.1326983571052551,-0.3951635062694549,-0.8622023463249207,0.3906485438346863,-0.0485257804393768,0.2440661787986755,-0.4389907419681549,0.3586048185825348,-0.2363224476575851,0.0419668890535831,0.1436831504106521,0.0125273689627647,0.0706452205777168,-0.6102577447891235,0.3147449195384979,-0.4907277226448059,-0.4119032323360443,0.8037401437759399,0.6327239871025085,-0.277031272649765,0.0262137148529291,0.3444098234176636,0.0450162589550018,-0.3139759302139282,0.0423781313002109,-0.0282185282558202,-0.0554161630570888,-0.1430779546499252,0.2068943828344345,0.3075024485588074,0.0210439786314964,-0.2298358529806137,-0.2397428303956985,0.5746675133705139,0.4281243979930877,0.2773855924606323,-0.1015438437461853,-0.0849071964621543,-0.2149445414543151,-0.3835354745388031,0.1777462214231491,0.1371704339981079,0.6504777669906616,-0.1978227198123932,0.90113627910614,-0.1241719648241996,-0.3456954061985016,0.2918019294738769,0.6946764588356018,-0.100216694176197,0.2651370167732239,0.1185874417424202,0.1118910908699035,-0.889651358127594,0.1925767362117767,-0.256352037191391,0.2200701981782913,0.1242488473653793,0.4356253743171692,0.467876672744751,-0.6214590072631836,-0.260323166847229,-0.1672984957695007,0.1883513331413269,0.0608341209590435,0.5436148047447205,-0.025854293256998,0.0934903025627136,0.2462126761674881,-0.1927277445793151,-0.0298794582486152,0.1243695616722107,0.0780878812074661,0.8339083194732666,0.2224399149417877,0.0871190205216407,-0.2118162512779235,-0.8105356693267822,0.3458636999130249,-0.0689836740493774,0.018697315827012,0.4625156223773956,-0.282231330871582,0.1249693036079406,0.3071497082710266,0.6096946001052856,0.1468066424131393,-0.2993062138557434,-0.793890118598938,0.1002339199185371,-0.0204421188682317,-0.0992076396942138,0.2560797929763794,-0.0415349118411541,0.3648510277271271,0.203915536403656,-0.1634592562913894,0.0352919995784759,0.5447142124176025,-0.1733648031949997,0.0036587237846106,0.304246574640274,0.1871929317712783,-0.4307031333446502,0.0009281226666644,-0.2076293379068374,-0.4050754308700561,-0.4266373217105865,-0.2039306312799453,-0.2270745187997818,-0.0535288043320179,-0.1840565502643585,-0.0797881931066513,0.2254985123872757,0.1304506063461303,-0.1006392464041709,-0.3923006653785705,-0.3506778478622436,0.5158728361129761,-0.7764759063720703,-0.1357771307229995,-0.1237556636333465,0.0765950009226799,-0.1074878200888633,-0.0110861044377088,-0.3666615784168243,-0.1664658933877945,-0.1050653979182243,0.1489000916481018,0.0398935228586196,-0.416027158498764,0.2048544883728027,0.2299579083919525,-0.1175116971135139,-0.788458526134491,0.1993530094623565,-0.0932439640164375,0.6569687724113464,-0.1900956332683563,0.2818269431591034,-0.2750597894191742,0.2358642965555191,-0.3131818175315857,-0.1302007734775543,0.0328198932111263,-10.583672523498535,-0.0490938015282154,-0.445158988237381,-0.1263294517993927,-0.4172158241271972,0.4067028164863586,0.6914451718330383,0.2893685698509216,-0.4186541438102722,0.0356551110744476,0.3733002245426178,0.3360385596752167,0.267772227525711,0.3577016592025757,-0.6444789171218872,-0.2057143747806549,0.1316499561071396,-0.0891802087426185,-0.1396465450525283,-0.2161887139081955,0.2653757333755493,-0.0017534146318212,0.2895424365997314,0.6346953511238098,0.0794324725866317,-0.5257126092910767,-0.4686369895935058,0.2963267862796783,0.0342756062746048,0.2951556444168091,-0.3470078706741333,0.142052948474884,0.0479567125439643,0.319089412689209,-0.3116777241230011,-0.2718498408794403,-0.1247318685054779,0.3276664912700653,0.1142612621188163,0.191989004611969,0.2599020004272461,0.657625675201416,0.285983681678772,0.0854373276233673,0.2722641825675964,0.4464370608329773,0.5172173380851746,0.294055163860321,0.6834058165550232,-0.0487478226423263,0.0203231442719697,0.3268148303031921,-0.1709272563457489,-0.1003255695104599,0.3273875713348388,0.0490538142621517,0.7690467834472656,-0.6563530564308167,-0.44570192694664,0.073697306215763,-0.0454915389418602,0.0713259354233741,0.9178944230079652,0.5181217193603516,0.0308233760297298,-0.0776502043008804,0.312881737947464,0.4847948849201202,-0.5009794235229492,-0.2229619175195694,-0.0355613268911838,0.2150739580392837,0.0117330383509397,-0.0769709050655365,-0.5127115845680237,0.275899589061737,-0.004084981046617,-0.2585968971252441,0.3279469013214111,0.2067940235137939,0.1488009393215179,0.2203200012445449,0.015926444903016,0.1426022797822952,-0.5167419910430908,0.1087146177887916,-0.2099006623029709,0.1725313067436218,0.0848772972822189,-0.4644400477409363,-0.07003665715456,-0.2248544692993164,-0.0309130512177944,0.7703751921653748,0.4164022207260132,-0.0329809635877609,-0.0987273156642913,0.102551057934761,0.5012519955635071,0.0252322237938642,1
0.4871029257774353,0.3112438321113586,0.6418967247009277,-0.2556582987308502,-0.2658005058765411,0.4899188876152038,0.4236130118370056,-0.1525091677904129,-0.7580079436302185,0.052619319409132,0.8789860010147095,0.0158182885497808,-0.6489512920379639,0.0048701292835175,0.1287331283092498,-0.0917625278234481,0.1066539287567138,-0.2342146933078766,-0.0232696756720542,-0.0129869543015956,-0.5899919271469116,-0.212751880288124,-0.2258172929286956,0.6775805354118347,0.0299185868352651,-0.1018071621656417,-0.2578838169574737,0.5048170685768127,0.1958919912576675,0.0571742504835128,0.1502678394317627,-0.0304121486842632,-0.1197897568345069,-0.1161973476409912,-0.4109673202037811,0.2948071956634521,-0.0572437159717083,0.05080571398139,0.3518440723419189,0.1749065667390823,-0.0335266627371311,-0.2326549142599105,-0.539196789264679,-0.1533224135637283,-0.1208617314696312,0.2532053589820862,-0.3155933320522308,0.1978977024555206,0.0416663512587547,0.3158732950687408,-0.4199742972850799,0.2476316392421722,0.5251737236976624,0.2763620615005493,0.0860089436173439,-0.1845084130764007,0.8094395995140076,-0.750835657119751,-0.0073943524621427,0.6532958149909973,-1.1295076608657837,0.2262719869613647,-0.2964073419570923,-0.045218925923109,-0.0816813260316848,-0.1675745993852615,-0.0904666557908058,-0.1344543546438217,0.622959554195404,-0.6758260130882263,0.1665610820055008,-0.3049917817115783,-0.4265114963054657,-0.4626910984516144,0.1613782197237014,-0.4636359214782715,0.0219851434230804,0.547964334487915,0.9302532076835632,0.3348749876022339,-0.5613253116607666,0.3776678740978241,-0.0695181712508201,-0.7276908755302429,-0.4357565343379974,-0.0048336805775761,-0.9616498947143556,-0.6335716843605042,0.6302002668380737,-0.2444955855607986,-0.3732101023197174,-0.7225612998008728,0.2581343352794647,0.1187081038951873,0.7053924202919006,-0.0253477916121482,-0.2438835054636001,0.027056761085987,-0.0336368195712566,0.2745828628540039,-0.7686008810997009,0.3541084825992584,0.7190836071968079,-0.0718512162566185,-0.2065120786428451,-0.0018187621608376,-0.1872269362211227,0.397638738155365,0.4309074580669403,0.5468270778656006,0.2219927012920379,-0.8018908500671387,-0.9759647250175476,-0.4734072685241699,0.2083161324262619,-0.0377684906125068,-0.1185806989669799,0.2885502278804779,-0.1798402369022369,0.6878290772438049,0.1897077858448028,0.6301215887069702,-0.2091690599918365,-0.722944438457489,-0.3673590719699859,0.4424038529396057,0.3752502202987671,-0.1676991283893585,-0.4459718763828277,-0.4431300461292267,-0.7770759463310242,-0.0673386603593826,-0.3171449303627014,-0.4294436872005462,-0.5217902660369873,0.8094475269317627,-0.2512924969196319,0.1075090393424034,-0.4025917053222656,-0.4018430411815643,-0.466763973236084,0.2779311835765838,0.0454577282071113,-0.654930830001831,-0.044775117188692,0.0182618666440248,-0.1461863368749618,-0.3534509539604187,0.3655516505241394,0.4585763216018677,0.038303080946207,1.1507761478424072,-0.7051618695259094,0.5010988116264343,0.1114377006888389,-0.1240318939089775,-0.637571394443512,-0.1164587289094924,0.103160485625267,0.0029246993362903,0.27631476521492,0.0490697436034679,0.3067949712276459,1.1473218202590942,0.2200698107481002,0.1146855354309082,-0.054234005510807,0.0093141850084066,0.2357895672321319,0.7931244969367981,0.9288544058799744,0.2657651007175445,0.7831446528434753,-0.5178368091583252,0.1429086625576019,0.3797582685947418,0.5708256363868713,0.0189598482102155,-0.2144011408090591,-0.2801067531108856,-0.052637368440628,-0.3254095315933227,0.2340656816959381,-0.5054588317871094,0.6047118902206421,0.2007045149803161,0.4485276341438293,-0.1534082591533661,-0.1056542620062828,-0.0211676489561796,0.0489759519696235,-0.536264181137085,0.2355049401521682,-0.5773724913597107,-0.3042028844356537,-0.2597787976264953,0.4161090850830078,0.4371704757213592,-0.1982328742742538,0.2009575814008712,0.11663219332695,-0.2995975613594055,-0.015353363007307,-0.852346658706665,-0.2523526549339294,-0.2512937188148498,0.0604821182787418,0.4706586599349975,0.1505519896745681,0.0846910700201988,-0.1784964650869369,-0.3232850730419159,-0.0210635960102081,-0.1855963766574859,0.6927430033683777,-0.6860296130180359,-0.752128541469574,-0.6004267334938049,-0.1781690865755081,0.176661878824234,0.5300585627555847,-0.294614315032959,0.0418475419282913,-0.3430668413639068,0.3032206296920776,0.3980767428874969,0.5035474300384521,-0.1453271657228469,-0.6162866353988647,0.1141750663518905,-0.4648641645908355,-0.6513643860816956,-0.5748369693756104,0.1390192955732345,-0.6865306496620178,-0.7188555002212524,-0.0162003524601459,0.2561909258365631,-0.1578685045242309,-0.0249113645404577,0.558117687702179,-0.4452366828918457,0.5371310710906982,-0.4229345023632049,-0.5338836908340454,0.3808674216270447,-0.4377933442592621,-0.0793895795941352,0.1639578640460968,-0.1228517219424247,-0.7344483137130737,-0.1510647386312484,0.0286140590906143,-0.0342519618570804,0.9116819500923156,0.6522166728973389,0.904354214668274,-0.3602615892887115,0.2949974238872528,-0.7336243987083435,-0.237593725323677,-0.5255631804466248,-0.2727871239185333,-0.0693399533629417,0.1877327859401703,-0.1907364726066589,-0.4590455889701843,-1.075838327407837,-1.0332036018371582,-0.4220397174358368,0.0344428680837154,-0.0979672968387603,-0.153228685259819,-0.2957656383514404,0.1623664200305938,0.5445863604545593,-0.5729798674583435,0.6523600816726685,-0.3408239483833313,0.9851572513580322,-0.481229156255722,0.4011480510234833,-0.7459119558334351,-0.2729512453079223,-0.0208285823464393,0.5046341419219971,-0.7048631310462952,-0.5099693536758423,-0.4516530632972717,0.5084946155548096,0.7076864242553711,-0.7811751365661621,0.0191884879022836,0.0766404271125793,-0.6479899883270264,0.3435512781143188,0.2791961431503296,-0.1827924847602844,0.1731383949518203,-0.0243612807244062,0.4026594758033752,-0.416874498128891,0.4068607985973358,-0.0795387327671051,0.0487347170710563,-0.3546027541160583,0.0398236811161041,0.3165858387947082,0.3399744033813476,-0.307458758354187,0.6749665141105652,0.4790500402450561,-0.4889535009860992,-0.0736426562070846,0.6046435236930847,0.4842948019504547,-1.687179446220398,0.1725722998380661,0.48698890209198,0.076337456703186,-0.4583398401737213,0.384485512971878,0.5825582146644592,0.5674645900726318,0.1395272761583328,-0.892349123954773,1.3817840814590454,0.1117706894874572,-0.5031810998916626,0.1963310539722442,0.2763651907444,-0.1240781471133232,0.0228829495608806,-0.6274163126945496,0.0666640177369117,0.5147969126701355,-0.1712956130504608,-0.0622882097959518,0.101601094007492,-0.3973147273063659,-0.0347880385816097,0.6591439843177795,-0.7945539951324463,-0.3309025764465332,-0.6230839490890503,-0.147895947098732,0.3651831746101379,1.676709771156311,0.1523522585630417,0.5257534980773926,-0.7202920317649841,-0.23840993642807,-0.4747266769409179,-0.0877086222171783,0.0577413626015186,-0.495049238204956,0.0359099134802818,-0.4449571967124939,0.2496489584445953,0.2661591172218323,0.1785660535097122,-0.12789286673069,0.2914387881755829,0.2759785652160644,-0.0963191762566566,-0.0027752553578466,0.6358041167259216,-0.079516053199768,0.3349685668945312,0.1781617254018783,0.7129798531532288,0.8594394326210022,0.129124030470848,-0.1741911768913269,0.2292324006557464,-0.9371184706687928,0.4224268198013305,0.5195561647415161,-0.388682097196579,0.4205546677112579,0.080777458846569,-0.0475782640278339,-0.0432050041854381,-0.5159657597541809,0.4319249391555786,-0.5302548408508301,-0.6946197748184204,-0.2556244134902954,0.3964457213878631,-0.0218339581042528,0.7941288948059082,0.6027892231941223,0.5558668375015259,-0.5528475046157837,-0.4494167864322662,0.4720392525196075,-0.0278069116175174,0.6454340219497681,-0.3102744221687317,0.4741364419460296,-0.1930988579988479,-0.0816230103373527,-0.3306300044059753,-1.1016929149627686,-1.1328061819076538,-0.3527359664440155,-0.8437162041664124,0.0883318409323692,0.0166179332882165,0.5260935425758362,-0.3568281829357147,0.3089243471622467,0.4339423179626465,0.0885413289070129,-0.1924438327550888,-0.8673501014709473,0.0152217717841267,0.0992809236049652,0.1531584709882736,0.1446982324123382,0.3812558352947235,0.4379046559333801,-0.2328591793775558,-0.5454654097557068,0.3187895715236664,0.2324008196592331,-0.2125420719385147,-0.7398461103439331,0.2901666462421417,-0.1754992604255676,-0.2768450379371643,-0.0700312927365303,0.2613284289836883,1.2252193689346311,-0.0009075250709429,-0.6644392013549805,-0.0606603696942329,0.2543105483055115,-0.1092960909008979,1.0831310749053955,0.547250509262085,0.4560775756835937,-0.2520927488803863,0.0764947459101677,-0.258932501077652,-0.1018154695630073,0.045557901263237,-0.1341677755117416,0.6166885495185852,0.1234696507453918,0.3937031030654907,1.0730894804000854,-0.0708035752177238,0.4182968139648437,0.1894800961017608,0.5416486859321594,-0.5783624053001404,0.4311995208263397,-0.6220143437385559,-0.3889636695384979,-0.4045604765415191,0.273272305727005,-0.6448376774787903,-0.4883438646793365,0.0748318880796432,-0.0559296607971191,0.3655585944652557,0.0947508066892623,0.3347433507442474,-0.4867055118083954,-0.7516680955886841,-0.6947751045227051,-0.8651110529899597,-0.1331499963998794,-0.7601132988929749,-0.0770404860377311,1.1819701194763184,0.1875740587711334,-0.6374523043632507,-0.2221080660820007,-0.2064822614192962,0.4502861499786377,0.0212032590061426,-0.0214349161833524,-0.4263295829296112,0.4196648895740509,-0.5261693000793457,-0.061623927205801,0.219854399561882,0.0290658865123987,-0.4521681368350982,-0.7936022877693176,-0.7372019290924072,0.0023609229829162,0.2143869698047638,-0.5866208672523499,0.4461150467395782,0.2373750954866409,-0.4823496043682098,0.2236660420894622,0.1765279769897461,-0.4172260761260986,-0.1361928582191467,-0.5139825344085693,-0.1692083179950714,-0.2422839701175689,0.0809249952435493,0.0438421554863452,0.5074209570884705,-0.4115377962589264,-0.2900601923465729,0.9956235885620116,0.0885742232203483,0.0695859119296073,0.5985785722732544,0.030906518921256,-0.5308222770690918,-0.0320099927484989,0.552023708820343,0.5252487063407898,0.5485820770263672,0.18540720641613,-0.7003619074821472,-0.5911814570426941,-0.0854389667510986,-0.7716334462165833,0.6794939637184143,0.1723127216100692,0.822359025478363,-0.8295876383781433,0.2449977248907089,-0.0635278820991516,0.4558557868003845,-0.147618755698204,0.5592444539070129,0.3894344270229339,-1.012048602104187,-0.7715059518814087,-0.3534023463726043,-0.4530357122421264,0.5879379510879517,0.5101774334907532,-0.6036399006843567,0.1739322692155838,0.7949813604354858,0.3542305529117584,-0.6280215978622437,-0.0455308780074119,-0.4542135298252105,0.0779537260532379,0.8994118571281433,0.025979246944189,0.364872545003891,0.6617834568023682,-0.8723545670509338,0.4205503463745117,0.0646677836775779,0.7142137885093689,0.1112603694200515,-0.01350640039891,-0.3336399495601654,0.1852497458457946,-0.9368104338645936,-0.4135599732398987,0.2353415787220001,0.0102262273430824,-0.4041323959827423,0.5863099098205566,0.687199056148529,-0.4467338919639587,-0.171096384525299,1.1963224411010742,0.6934413909912109,1.1727560758590698,0.0693421214818954,0.2632206082344055,-0.6312238574028015,0.5046777725219727,0.0999296307563781,0.1138162463903427,-0.4361141920089721,-0.0496457181870937,-0.0317858234047889,-0.5102942585945129,0.284287542104721,0.3047030568122864,-0.004713037982583,0.1997137814760208,-0.2329429686069488,-0.0444165877997875,1.1387462615966797,0.1279442459344864,0.0908200591802597,-0.1361284703016281,-0.083695076406002,0.7815958857536316,0.387852668762207,0.1136531084775924,0.2873326241970062,0.0116083063185215,-0.5783442258834839,0.1750727593898773,-0.3806222975254059,0.4018998146057129,0.5458876490592957,-0.6939646601676941,-0.8114388585090637,0.598314642906189,0.5786677598953247,0.2320148348808288,-0.0150028467178344,-0.6393182277679443,-0.1019391268491745,-0.0547196604311466,0.20533187687397,-0.0808889269828796,0.2012906223535537,0.2769282460212707,-0.1144013479351997,-0.4044199287891388,0.2067251056432724,0.3964733779430389,-0.0710416734218597,-0.6280693411827087,-0.1215648129582405,-0.1576318144798278,0.3057627081871032,0.1288700848817825,0.3105970919132232,0.0048235789872705,-0.2383773326873779,0.4694837927818298,-0.185609757900238,-0.3795554339885711,-0.2565902173519134,0.8335814476013184,0.2388144731521606,-0.005740042310208,0.2247727811336517,-0.4345863163471222,-0.0482878759503364,0.1456689685583114,-0.7986185550689697,-0.0886615663766861,0.3918721079826355,-0.3647620379924774,-0.286167711019516,0.3897396922111511,-0.6758683323860168,0.2997846305370331,0.1210987418889999,0.5831829905509949,-0.6072447896003723,-0.4771528244018554,0.4599668383598327,-0.0151549009606242,-0.2357513904571533,-1.4835104942321775,0.5753331184387207,0.1726105362176895,0.3982391953468323,0.0732976347208023,0.3291622996330261,0.2275152057409286,-0.297334611415863,0.3334373235702514,-0.3543940782546997,0.2686825692653656,-9.623371124267578,-0.3366906344890594,-0.2500040829181671,-0.3443638682365417,-0.3097512722015381,-0.1928163766860962,1.178856372833252,0.7910993099212646,-0.3517414033412933,0.1092985719442367,-0.5064831972122192,-0.5399105548858643,0.4728935062885284,-0.1594906747341156,0.0034422050230205,0.3760254681110382,-0.8666298389434814,-0.5093941688537598,-0.5065591931343079,0.2625578045845032,-0.1960121095180511,-0.0777080804109573,0.8864417672157288,0.0880405902862548,0.027871211990714,0.2879453897476196,0.4378581345081329,0.146378219127655,-0.0659997090697288,0.7545938491821289,-0.5527205467224121,0.4259957373142242,-0.0724203586578369,0.5263580679893494,-0.3624927699565887,0.1432782262563705,0.1114511638879776,-0.0039803097024559,-0.9822444915771484,0.7614712119102478,0.478391170501709,0.6143478155136108,0.1772196888923645,0.3317575454711914,-0.1949498057365417,-0.4198912978172302,-0.0906330421566963,0.2136856019496917,0.2229172438383102,-0.0746719539165496,0.0072870454750955,-0.5786659717559814,0.4518012106418609,-0.3779958188533783,0.45679771900177,-0.2503117322921753,0.6148054003715515,-0.480902761220932,0.6734774708747864,-0.0168807562440633,-0.0396499373018741,0.4694781899452209,0.6351075172424316,0.2969510555267334,-0.8252557516098022,0.5729717016220093,-0.2366446405649185,-0.1976436823606491,-0.6048322916030884,-0.4438560903072357,0.9195287227630616,-0.0117217293009161,0.3220738172531128,0.0544641278684139,0.4767098724842071,0.3851261436939239,-0.0530833415687084,0.2269264161586761,0.4393853843212127,0.1783817261457443,0.8094233870506287,-0.4462828040122986,-0.0675133988261222,0.1706312596797943,-0.7234871983528137,0.0018726208945736,0.520968496799469,-0.2995092868804931,0.1369046121835708,-0.6005504131317139,1.1353840827941897,0.5056543350219727,-0.8691042065620422,-0.042039431631565,0.3116087317466736,-0.0870124399662017,-0.0416175536811351,0.2896248400211334,0.3131852149963379,-0.1629267632961273,1
0.0031761368736624,-0.0607978403568267,0.0868006199598312,-0.661807656288147,0.0111189065501093,0.3265124261379242,0.1916644126176834,-0.4045667350292206,-0.4292081892490387,-0.4083045125007629,0.5463610291481018,0.2070582807064056,-0.3826923966407776,0.0625517517328262,0.7951143980026245,-0.442884236574173,0.3125962615013122,0.3438512980937958,-0.0523972958326339,0.0517843142151832,0.0978624746203422,-0.5571790337562561,-0.2747199833393097,0.0472691729664802,-0.0459600277245044,-0.3686332702636719,0.2244462519884109,-0.082312487065792,0.0983265489339828,-0.2376643419265747,0.1591430008411407,-0.4425821006298065,-0.0801399499177932,-0.2665002346038818,-0.0309830289334058,0.0108848055824637,-0.0690804943442344,0.2679064273834228,0.2063704431056976,0.1932753026485443,0.1479707956314087,0.0076370746828615,0.1948626637458801,-0.1712042689323425,-0.0528566688299179,0.1627152562141418,-0.0894470736384391,0.1004108041524887,0.591101348400116,-0.2889629006385803,0.1374229490756988,0.5501917600631714,0.4750784933567047,0.1716260015964508,-0.0601437613368034,0.3185002207756042,0.8224498629570007,-0.557417631149292,-0.1149771809577941,0.1276140511035919,-0.5706307291984558,0.2014473527669906,-0.3595708608627319,0.2332155704498291,-0.2315685451030731,0.1064353063702583,0.0359065234661102,-0.1417602002620697,-0.3781137466430664,-0.3540096879005432,-0.0274864323437213,0.402396023273468,-0.6046552658081055,-0.3359215855598449,0.5048612952232361,-0.1393412053585052,0.3976526856422424,-0.1794541180133819,0.0227434691041708,0.1814790219068527,-0.1187740936875343,0.2268717288970947,-0.0903581604361534,-0.6762161254882812,0.0569993667304515,0.0246051810681819,-0.2300129532814026,-0.5120596289634705,0.1248785406351089,-0.4493535459041595,-0.1133277118206024,-0.2073936313390731,0.3074301481246948,0.0145306037738919,-0.1841437220573425,0.1837277859449386,-0.0620439946651458,-0.2285856008529663,-0.0833185613155365,-0.0128377340734004,-0.4649055302143097,0.2861506342887878,0.1150683984160423,0.1076434478163719,0.0551507472991943,0.1075687184929847,-0.1809568107128143,0.3812497854232788,-0.139119878411293,0.4462940990924835,0.2862721383571625,-0.2635545432567596,-0.2679628133773803,0.0520831122994422,-0.1249072924256324,0.0026477477513253,0.0267717316746711,0.2469020783901214,0.0302001107484102,0.3710814416408539,-0.1098586171865463,0.4699374139308929,0.0058718807995319,-0.0616717003285884,-0.2280991375446319,-0.1406721770763397,0.0704468786716461,-0.3091879487037658,-0.0072021726518869,-0.3812822103500366,0.1617260724306106,-0.0414503291249275,-0.5856931209564209,0.2547442615032196,-0.1138062626123428,0.4811491072177887,0.130574569106102,0.0783994868397712,-0.391741931438446,-0.5688015818595886,-0.0319120548665523,-0.2438270598649978,0.3643069565296173,0.0948860645294189,-0.1718646436929702,0.2716177403926849,0.3198012709617615,0.1311369985342025,0.7376388907432556,0.5044369697570801,-0.2001553475856781,0.7393048405647278,-0.4966245889663696,-0.0050921100191771,0.2593344748020172,-0.1624211370944976,-0.4992667436599731,0.4151813089847564,-0.1086982414126396,0.6080097556114197,0.1552628129720688,-0.3181414604187011,0.2967957556247711,0.8420257568359375,0.1295166760683059,0.7175630331039429,0.3213450014591217,0.4221847653388977,0.605125904083252,0.5966471433639526,-0.1656567007303238,0.5463995337486267,0.3133746683597564,-0.3287399113178253,0.2963298261165619,0.005749715026468,0.0374555811285972,0.5076952576637268,0.1681631803512573,-0.9266054034233092,-0.1957228630781173,0.1941849142313003,0.052257839590311,-0.4191427528858185,0.7755953073501587,0.0066946446895599,0.5302921533584595,0.2605101466178894,-0.0696816518902778,-0.184170588850975,-0.0372766554355621,-0.0098567195236682,0.2622301578521728,-0.4053263068199157,-0.5704964995384216,-0.1914510577917099,0.0944606438279151,0.0508277006447315,-0.4833554029464721,0.4180681705474853,0.3133998513221741,-0.036971129477024,-0.2730249464511871,-0.8953977227210999,-0.8142644166946411,-0.2519980072975158,-0.1531452983617782,0.2973617613315582,0.0147576453164219,0.0984799936413765,-0.2799798250198364,-0.3443861305713653,0.3409165143966675,0.0603276640176773,0.2964895069599151,-0.0570669658482074,-0.9990729689598083,0.0238197539001703,0.0489080734550952,-0.0346764251589775,0.1864619255065918,0.0158124044537544,0.2862429022789001,-0.5115312337875366,-0.2338037192821502,0.1353099048137664,0.1608468294143676,-0.2106554061174392,0.1547987461090088,0.5374172329902649,-0.066332496702671,-0.1900498867034912,-0.8293370604515076,0.2218030542135238,-0.0450445711612701,0.4054462313652038,-0.6599977016448975,0.6992177963256836,0.018104126676917,-0.002429557731375,0.5482659935951233,0.3278791010379791,0.1139019280672073,0.2349071204662323,-0.3641423285007477,0.3448559641838074,0.1526006162166595,-0.4325889348983764,-0.6531708836555481,-0.5379634499549866,-0.927617609500885,-0.3598898649215698,-0.0856102630496025,0.1103380993008613,0.4773735404014587,0.0974730402231216,0.2282249182462692,-0.4778967201709747,0.1223301813006401,-0.3653758764266968,-0.3753630220890045,-0.4723738431930542,-0.2525172531604767,0.0311940945684909,-0.1930955797433853,-0.2202931046485901,0.0085229333490133,-0.555094838142395,-0.7384956479072571,0.1608379185199737,0.0788786187767982,-0.3683903217315674,-0.4114533364772796,0.0641935840249061,-0.1213461458683013,-0.3295978009700775,-0.011258372105658,0.254391461610794,-0.3797242045402527,-0.0208807196468114,-0.6492891907691956,0.6138627529144287,-0.6307557225227356,-0.3399337232112884,-0.1044942960143089,0.0166841223835945,-0.1446605622768402,-0.4678792357444763,-0.1896993815898895,0.7635605931282043,0.2990688681602478,-0.138578861951828,-0.3641351163387298,-0.4979437291622162,-0.5783031582832336,0.4369446933269501,0.4176512956619262,0.1074473783373832,0.0878961756825447,0.402312695980072,0.5334050059318542,0.1978185474872589,0.2844682931900024,-0.1847484111785888,-0.2366843223571777,-0.2725338637828827,-0.1306344270706176,0.0627033412456512,0.4482207596302032,-0.305838406085968,-0.122567318379879,0.9938422441482544,-0.4593415260314941,-0.3654066920280456,0.7318883538246155,-0.0670155808329582,-1.3997195959091189,0.2089877426624298,0.4641358256340027,0.339649885892868,-0.481524795293808,0.7123547792434692,0.1878018230199813,0.5769309997558594,-0.2344101518392563,-0.4898486137390136,0.5672318339347839,-0.1247627809643745,-0.4136821627616882,0.4254004061222076,0.1543496400117874,-0.5032008290290833,-0.0087127489969134,-0.4590893089771271,-0.2126435190439224,0.4482419192790985,-0.1862764656543731,-0.0274078119546175,0.0112516330555081,-0.4013431370258331,-0.24400494992733,0.3090179860591888,-0.0148792658001184,-0.5374107956886292,-0.5534104108810425,-0.2894331514835357,0.3393507897853851,1.0581037998199463,0.144974336028099,0.6220086216926575,-0.4687284231185913,0.4528188407421112,0.3884975910186767,0.1073685884475708,0.5571797490119934,0.2764184772968292,-0.2424703538417816,-0.2158079594373703,0.5627112984657288,0.415305495262146,0.106074534356594,-0.0443860217928886,0.1336534172296524,0.0635653510689735,0.1826259046792984,-0.1055840924382209,0.6502776145935059,-0.141808420419693,0.3536523282527923,0.5146189332008362,0.2330994606018066,-0.0900570750236511,0.0781622529029846,-0.4576899111270904,0.1094290018081665,-0.8406364917755127,0.5045748353004456,-0.0283449869602918,-0.0218085329979658,-0.0520893447101116,-0.1031492948532104,-0.4371600151062011,-0.017949478700757,-0.1399894803762436,0.2675392627716064,-0.5081573128700256,-0.5338950753211975,0.1077740564942359,-0.0689213573932647,-0.283149242401123,0.171120136976242,0.3129028677940368,0.4287918210029602,-0.5326884388923645,-0.4094868898391723,0.7733538150787354,0.0162159632891416,-0.0072541129775345,0.5614296197891235,0.1175485625863075,-0.0760221034288406,-0.211329385638237,-0.4428883790969848,-0.2046450078487396,-0.7780249118804932,-0.3564236462116241,-0.4528417289257049,0.2160809636116027,0.2362763434648513,0.3225845992565155,-0.1116638481616973,-0.0470034219324588,0.0703728720545768,0.1373246610164642,-0.0632245987653732,-0.65218186378479,0.2310350388288498,-0.1592269390821457,0.5896809101104736,0.8067646026611328,0.1587326377630233,-0.2732491493225097,-0.1715768128633499,0.2116468995809555,0.2313543707132339,0.1230284571647644,-0.6485904455184937,0.0193797163665294,0.5927419066429138,-0.0951088666915893,-0.2243158966302871,0.1123715043067932,0.3114649355411529,0.461230456829071,-0.276660680770874,-0.382485032081604,-0.0353952907025814,0.3318245410919189,-0.0521954633295536,0.3872840106487274,0.0941041409969329,1.028633952140808,0.2518595159053802,-0.0752753987908363,0.2339671552181244,-0.3081791698932647,-0.0724743828177452,-0.2201147973537445,0.2931573987007141,0.1904922127723693,0.0927618965506553,0.5092480778694153,0.1100455299019813,-0.3637725114822387,-0.2760427296161651,-0.0828023701906204,0.3296189904212951,0.1685519069433212,0.0973466262221336,0.2866364419460296,-0.5149614810943604,-0.0037491263356059,-0.3459472954273224,-0.4577270150184631,-0.1330947428941726,0.1084762662649154,0.6005651950836182,0.1605362296104431,0.5439375638961792,-0.5331707000732422,-0.3257345259189605,-0.3711455166339874,-0.4540835320949554,-0.1340912729501724,-0.2620345950126648,0.2089841961860656,0.1866414099931717,0.1436269432306289,-0.4567202031612396,-0.3661319315433502,-0.0883623957633972,0.3650775253772735,0.0215740874409675,-1.0030871629714966,-0.4105854034423828,0.6311589479446411,-0.1848551332950592,-0.3698974549770355,0.1036599949002265,0.236632689833641,0.1726095229387283,-0.2160039544105529,-0.0213409829884767,-0.168961226940155,0.3041289746761322,-0.0161232110112905,0.4921342730522156,-0.09644266217947,-0.2044597864151001,-0.332964688539505,0.0566480383276939,-0.2578245103359222,-0.3340344727039337,-0.572498619556427,-0.3068805336952209,-0.0457549095153808,0.1794564574956894,0.1167832538485527,0.4510316550731659,-0.2446545511484146,0.4985246956348419,0.031571552157402,0.1467853039503097,-0.0906953960657119,0.2868809998035431,-0.2875887453556061,-0.1965115219354629,-0.1932107657194137,0.5326632857322693,0.2681797444820404,0.3176998496055603,-0.2003336399793625,-0.5330439209938049,-0.1281498223543167,-0.2392009794712066,-0.519485592842102,0.5827149152755737,0.0900339633226394,0.5456182360649109,-0.1836076378822326,0.2240788340568542,-0.1907528638839721,-0.0015128852101042,-0.3930225670337677,-0.1054306253790855,-0.1078258082270622,-0.8340499997138977,-0.186623215675354,-0.3212255537509918,-0.4420482516288757,0.5200933218002319,0.2669086158275604,-0.6013787388801575,-0.3170128464698791,0.1425212919712066,-0.034273512661457,-0.4507310092449188,-0.0893237888813018,-0.5125720500946045,0.1827784180641174,0.487899512052536,0.4282651841640472,0.4144729077816009,-0.2689167261123657,-0.6819618940353394,0.1487437039613723,0.7066802978515625,0.1276256442070007,0.2586115002632141,0.1338995993137359,-0.0630201920866966,0.0068775373511016,-0.3611669242382049,0.5995979905128479,0.3284713923931122,0.6112343668937683,-0.1593673080205917,0.5796571373939514,0.5704997777938843,-0.2039690464735031,0.27096688747406,0.9044501185417176,0.39722540974617,0.6367554068565369,-0.0577708259224891,0.036823458969593,-0.5470572113990784,0.2953176200389862,-0.2784082591533661,0.2505327463150024,0.2955975830554962,-0.3873145580291748,-0.0106711722910404,-0.4470608234405517,0.0582158118486404,0.3540639281272888,-0.2572919130325317,0.0640492439270019,-0.1530279666185379,-0.5277718901634216,0.3817476332187652,-0.158414676785469,-0.0710591152310371,0.1840384602546692,-0.0350280739367008,0.4537293612957001,0.528607189655304,0.2899109721183777,-0.0413019880652427,0.2188134342432022,-0.6566449999809265,0.0871488004922866,-0.4678245782852173,0.2556524276733398,0.8074514269828796,0.1066321358084678,-0.7058013081550598,0.1147244274616241,0.7123931646347046,-0.3560422956943512,0.0612720251083374,-1.0915507078170776,-0.1837315112352371,-0.1110924184322357,0.1160295903682708,0.1151471585035324,-0.1754621565341949,0.4969201385974884,-0.3079700171947479,-0.1208853498101234,-0.2617020308971405,0.7547056078910828,0.0675808936357498,-0.2036011964082718,-0.0834806710481643,0.0529114045202732,-0.0520556680858135,0.2553771734237671,0.0519331432878971,-0.4064322412014007,0.1175331100821495,-0.0400002636015415,-0.2948659062385559,-0.0202174540609121,0.4066607654094696,0.1878072172403335,0.0256806910037994,0.2268457561731338,-0.0400772243738174,-0.8691291809082031,-0.2082367241382599,0.3324902355670929,-0.942822277545929,-0.0735208243131637,-0.1429763734340667,-0.1136432737112045,0.3548907041549682,-0.1476150751113891,-0.3494469225406647,0.015733528882265,-0.295113205909729,-0.0524454191327095,-0.1219716221094131,-0.5856705904006958,-0.0685122907161712,0.2011014968156814,-0.0997806042432785,-1.0749133825302124,0.1433800905942917,0.1807161569595337,0.3349646627902984,0.0505462624132633,0.51595139503479,0.2372927665710449,0.0397394374012947,0.4213206768035888,-0.229931965470314,0.179247185587883,-10.382081985473633,-0.4448930025100708,-0.3652932643890381,-0.183305487036705,-0.3692849576473236,0.4921149015426636,0.6921905279159546,0.3035148084163666,-0.2524159848690033,0.4128586649894714,-0.3018664121627807,0.2482895404100418,0.1434746235609054,0.9373087286949158,-0.4286087155342102,-0.1827657520771026,0.3007826209068298,0.082112118601799,0.0640494301915168,0.3107931613922119,-0.2130162268877029,-0.4070342779159546,0.6020965576171875,0.0759041309356689,-0.0683071687817573,-0.3665779531002044,-0.2489219903945922,0.2341049611568451,-0.1814572066068649,0.1103604510426521,-0.6091642379760742,0.5347440242767334,0.1003084331750869,0.3639244735240936,-0.7448790669441223,-0.2301767915487289,-0.0891357064247131,0.2333881556987762,0.3847591280937195,0.5595882534980774,-0.0836476907134056,0.6774351000785828,0.2649302184581756,-0.4228098094463348,0.853337287902832,-0.2344857007265091,0.3338377773761749,0.5192164182662964,0.2750162482261657,0.1354071348905563,-0.1363216787576675,-0.6438022255897522,0.0042162416502833,-0.4347541332244873,-0.1330995559692382,-0.1422829777002334,0.3304428160190582,-0.6977059245109558,0.0330822952091693,-0.1127327904105186,0.4786390364170074,-0.273013710975647,0.6636946201324463,-0.0587224513292312,-0.3250734508037567,-0.1605715006589889,0.0656867250800132,0.6946278810501099,-0.5975626111030579,-0.2920809686183929,0.5590290427207947,-0.2730327248573303,0.2166372835636139,0.4055890440940857,-0.4609197080135345,0.2656212449073791,-0.1926836967468261,-0.177279993891716,1.1196138858795166,0.0746123492717742,0.4504166543483734,-0.0480197295546531,-0.4257279634475708,0.1747554093599319,-1.0736651420593262,0.4939015209674835,-0.1731966435909271,0.1242589876055717,0.3955589532852173,-0.4195772707462311,0.582466721534729,0.0015246457187458,-0.3316822946071625,0.1182079017162323,0.481196790933609,0.0666705295443534,0.4595232307910919,0.0795234888792038,0.923289954662323,0.1367945075035095,1
0.1231138110160827,0.4492609798908233,0.3884042799472809,0.0412229038774967,0.0758494585752487,0.5558128356933594,0.2306105643510818,0.1551999896764755,-0.4046125411987304,-0.4644301831722259,0.0374848321080207,-0.1543157696723938,-0.2079087793827057,0.6230141520500183,0.0749955996870994,-0.0330402813851833,-0.2268550395965576,-0.1624379307031631,-0.3136763870716095,-0.2009812891483307,-0.4487609565258026,-0.3970475792884826,-0.4971101582050323,0.4764551222324371,-0.2808994054794311,-0.0796614587306976,-0.0104049891233444,0.1680516749620437,0.2500545084476471,-0.1148869171738624,-0.0953003466129303,-0.4020711779594421,-0.5611262321472168,0.0101643595844507,-0.6131436824798584,-0.0841822996735572,-0.4243415892124176,-0.1154774501919746,0.2670247554779053,0.0216015093028545,-0.0181246995925903,-0.1735791265964508,-0.3490122854709625,-0.333618551492691,-0.0702253431081771,0.4099800288677215,0.2204208374023437,0.3000068664550781,0.2423617392778396,0.0448936149477958,-0.0321125537157058,0.3012973070144653,0.192337691783905,0.0826527848839759,0.4473689198493957,-0.5930591821670532,0.8809794783592224,-0.8074719309806824,0.2130884379148483,0.5514248013496399,-0.6567736268043518,-0.3907581865787506,0.1432421207427978,0.2119351327419281,-0.093148149549961,-0.2198729664087295,0.3205922842025757,-0.022681538015604,0.1360212862491607,-0.7621728181838989,0.2123498320579528,-0.1271419823169708,-0.0643603503704071,-0.1578206121921539,0.2649607956409454,-0.7738043665885925,0.3087517917156219,-0.1347953975200653,-0.0922530516982078,0.4323457479476928,-0.6077329516410828,0.8605305552482605,0.1024291589856147,-0.4221510291099548,-0.0294526703655719,-0.123188279569149,-0.6463356018066406,-0.8160682916641235,0.4599822163581848,-0.2753682434558868,0.2812662720680237,0.3788725137710571,0.1458035409450531,0.7601058483123779,0.0165413618087768,0.0440185964107513,0.3510110378265381,0.387873113155365,0.0899581685662269,0.3239330947399139,-0.462004005908966,-0.0534325987100601,0.5842787623405457,-0.8378627896308899,-0.1350140571594238,0.0442395322024822,-0.4432619512081146,0.4669585824012756,0.1385521590709686,0.0495200753211975,-0.2713117301464081,-0.2956724762916565,-0.3439642786979675,0.2891451716423034,0.2782316505908966,0.3838802874088287,-0.0002128552878275,0.3526578843593597,-0.2968418300151825,0.4204418957233429,0.1402692347764969,0.6628037691116333,0.0109529132023453,-0.2493162453174591,-0.7611669898033142,-0.1784507483243942,0.2513410449028015,0.2485608905553817,0.0415656119585037,-0.8785262107849121,0.1427153050899505,-0.036750178784132,-0.5656404495239258,-0.1953497976064682,-0.3722878396511078,0.6866252422332764,-0.0380434580147266,0.1799145638942718,-0.1077672466635704,-0.458080381155014,-0.6979972124099731,0.2590562403202057,-0.1680516898632049,-0.0491655878722667,-0.2135801017284393,-0.0960002318024635,-0.0139121320098638,0.1986266672611236,0.6022095680236816,0.5109342336654663,-0.1990288496017456,1.0830914974212646,-0.4651145339012146,0.0338232852518558,0.3894877731800079,0.1737095117568969,-0.5139617919921875,-0.0087816445156931,0.2318317294120788,0.5932332277297974,0.5720173120498657,-0.4909519255161285,0.355887770652771,0.9361818432807922,0.0049250083975493,0.2354423254728317,0.4689258635044098,-0.1164900213479995,0.3047364354133606,0.5328068137168884,0.5977091193199158,0.5410733819007874,0.0592143833637237,-0.2418918311595916,0.010082459077239,0.5177382826805115,0.7239014506340027,0.0804607421159744,0.1661899983882904,-0.5361214876174927,0.0783840641379356,-0.0655987709760665,-0.0093996971845626,-0.8041617274284363,0.2197591960430145,-0.3057252764701843,0.1525004506111145,-0.0831784009933471,-0.2190597802400589,0.0048233796842396,-0.2455145269632339,-0.142656996846199,0.1653960347175598,-0.1805367618799209,0.0226214379072189,0.252815306186676,0.1008603945374488,-0.0736695155501365,-0.3125497698783874,0.0027908934280276,-0.2689207196235657,0.0918744355440139,-0.0830516815185546,-1.101097583770752,-0.9538522958755492,0.1038811057806015,0.5318265557289124,0.4946764707565307,0.3651838898658752,-0.0952106788754463,-0.2399941682815551,0.2045545428991317,0.7216549515724182,0.1952834278345108,0.4752112329006195,0.4693156778812408,-0.5757101774215698,-0.1049781814217567,0.1779050976037979,0.3130639493465423,-0.0979202687740325,0.082808680832386,0.0422740578651428,-0.0802398845553398,-0.0945495218038559,0.8080146312713623,0.1936263293027877,-0.1150619089603424,0.0054282308556139,0.7240721583366394,-0.7917774319648743,-0.2525116801261902,-0.5103409886360168,-0.2524421513080597,0.0004336121783126,-0.1393671780824661,-0.5123047828674316,0.512993574142456,-0.0856382101774215,-0.0278315190225839,-0.4146546721458435,-0.2266345173120498,0.5573171377182007,-0.5894581079483032,0.2186111509799957,0.2767102420330047,-0.1298295557498932,0.034149307757616,-0.5827338099479675,-0.1074302047491073,-0.4650209546089172,-0.5124746561050415,0.095265544950962,-0.2727013528347015,0.877055287361145,0.0307052470743656,0.7117515802383423,-0.1736073940992355,0.1399305462837219,-0.2337078005075454,-0.1700103282928466,-0.4660062491893768,-0.3893087208271026,-0.3200649917125702,0.36192587018013,0.2422608286142349,0.5455904603004456,-0.2525476515293121,-1.6800079345703125,-0.0829514935612678,0.0901246294379234,-0.590021550655365,-0.1166232600808143,-0.134414792060852,-0.1570027023553848,-0.3502565920352936,-0.0730955302715301,0.7539610862731934,-0.6830848455429077,-0.1346728652715683,-0.2110080420970916,0.4071735441684723,-0.4598382413387298,0.0623786784708499,0.1153885349631309,0.4106982946395874,-0.1908294707536697,-0.6963496804237366,-0.3930406868457794,0.0179575663059949,0.1430064439773559,0.0185511503368616,-0.4818713068962097,-0.014843457378447,-0.4170853197574615,0.2829124331474304,0.1637875735759735,-0.4432901740074157,0.3415219485759735,0.3085688650608063,0.6146608591079712,0.5549052357673645,0.5430335402488708,-0.1672431081533432,-0.6714587807655334,0.2201706171035766,0.1896889805793762,-0.3027598261833191,0.559830367565155,-0.5565181374549866,0.3516184091567993,0.342310756444931,-0.3357832729816437,0.2908375561237335,0.6458819508552551,-0.0310758836567401,-1.572529911994934,-0.2528011500835418,0.3623014986515045,0.2087958753108978,-0.3817519247531891,0.1319604963064193,0.1576255410909652,0.3442347347736358,-0.5063840746879578,-0.2880071401596069,0.5498164296150208,0.1964365392923355,0.2621631324291229,-0.1872194111347198,0.5826170444488525,-0.5048829913139343,0.0397969894111156,-0.6787499785423279,-0.0171617232263088,0.4861078262329101,-0.2345322966575622,-0.1444097906351089,0.265208750963211,-0.3782488405704498,-0.2671854197978973,0.4098029434680938,-0.1968329399824142,0.0528481900691986,-0.2974405884742737,-0.0400130189955234,0.2802795171737671,1.4972728490829468,0.5008471608161926,0.6121992468833923,-0.323981761932373,-0.3650017976760864,0.2641220986843109,0.1231701672077179,0.3433264493942261,-0.3920523524284363,-0.1274280995130539,-0.3564356565475464,0.0299845319241285,-0.0609694756567478,0.0171967726200819,-0.0190320536494255,-0.2858986556529999,0.1662586331367492,-0.461461454629898,0.2694081962108612,0.4638465940952301,0.0398641116917133,0.2293373197317123,0.6746375560760498,0.5301793813705444,0.2003440409898758,-0.2477969080209732,-0.5393532514572144,-0.0063035571947693,-0.5178176164627075,0.377795934677124,0.0354310274124145,-0.0208152793347835,0.3716359138488769,-0.301368772983551,0.1769916862249374,0.0036387762520462,-0.2827593982219696,0.0379030369222164,-0.5908679366111755,-0.3027498126029968,-0.1490825861692428,0.0798156931996345,-0.3840076625347137,0.2991436719894409,0.4653516709804535,0.5443713665008545,-0.3986534774303436,-0.392270028591156,0.0972675308585167,-0.0983534157276153,0.1271000504493713,0.0717663019895553,0.2141284644603729,-0.0405843406915664,-0.1314437687397003,-0.5324204564094543,-0.4545006453990936,-0.6074473857879639,-0.0998709499835968,-0.4864875674247741,-0.2520653307437897,0.2662206590175628,0.6392948627471924,-0.0061220834031701,-0.0002625654451549,0.2046940177679062,0.2406426519155502,-0.427702397108078,-0.5291266441345215,-0.0238432958722114,0.3131350576877594,0.5644910335540771,0.3777675032615661,0.5966751575469971,0.1175851374864578,0.3224056363105774,-0.0339446403086185,0.1585583239793777,0.3659508824348449,-0.3815783858299255,-0.299306184053421,1.030006766319275,-0.4189485609531402,-0.0196306072175502,-0.1873382329940796,0.1946061700582504,0.7992408275604248,-0.2151150107383728,-0.7935209274291992,0.418662279844284,0.0426677353680133,0.2311915755271911,0.6340779662132263,0.4241951704025268,1.04574716091156,0.288774311542511,0.4176480174064636,0.3807947933673858,-0.2010767459869384,0.1479807496070861,-0.3861715495586395,-0.0557927750051021,-0.1404449790716171,0.3929578959941864,0.7641176581382751,0.3738381564617157,0.2858656346797943,0.0353921093046665,0.4459830820560455,-0.5208247900009155,0.1525947600603103,0.383240669965744,-0.202982485294342,-0.5346816182136536,0.218737781047821,-0.972753882408142,-0.8207621574401855,-0.1421180963516235,-0.0154181104153394,0.4628665149211883,0.0081729851663112,0.3942067325115204,-0.5851307511329651,-0.7573434114456177,-0.478797048330307,-0.9843683242797852,-0.0697788372635841,0.0517299473285675,-0.19020776450634,0.5906980037689209,0.300529271364212,-0.9819388389587402,0.461364597082138,0.3210695385932922,0.48450767993927,0.1785139143466949,-0.3847949206829071,-0.321662425994873,0.8443519473075867,-0.5014409422874451,-0.4166518449783325,0.750177800655365,-0.0743482336401939,-0.0699120983481407,-0.3655387163162231,-0.2019563913345337,0.1565447747707367,0.4733108282089233,-0.1820834279060363,0.2548277080059051,-0.0231193322688341,-0.4221740365028381,-0.2792053520679474,-0.2625077366828918,-0.3165677189826965,0.2979778945446014,-0.8846938014030457,-0.2044506818056106,-0.2526279389858246,-0.1218877434730529,0.6885345578193665,0.6429525017738342,-0.2151956707239151,0.0918591320514679,0.7153148055076599,0.1788139045238495,-0.2660667896270752,-0.0331308916211128,0.0755949541926384,-0.3624329268932342,-0.2606484889984131,0.0119486786425113,0.3902390599250793,0.2846006453037262,0.3447838723659515,-0.7184575200080872,-0.3535074293613434,-0.1424677819013595,-0.7829322814941406,0.4006941318511963,0.0192137602716684,0.524908721446991,-0.9151397943496704,0.1733862459659576,-0.1486841440200805,0.3275986909866333,0.1396800130605697,-0.0200174562633037,-0.0763090774416923,-1.4075360298156738,0.0534817576408386,-0.4918538331985473,-0.7902896404266357,0.5318777561187744,-0.2848229110240936,-0.6919559836387634,0.2178936302661895,0.1768209189176559,-0.0917976275086402,0.0921580791473388,-0.0385496318340301,-0.4900764226913452,-0.042287316173315,0.4481016993522644,-0.1261456757783889,-0.1064321026206016,0.4720658361911773,-0.3878652453422546,0.0398647002875804,0.603585422039032,0.5249636769294739,0.1717052012681961,0.1215288713574409,-0.0735646188259124,0.0501642189919948,-0.786901593208313,0.1556357145309448,0.0870108231902122,0.4399442374706268,-0.3945975601673126,0.2235125601291656,0.6525632739067078,-0.3681321144104004,-0.0519896671175956,0.8495214581489563,0.1558186113834381,0.6384768486022949,0.0111140543594956,-0.2351629585027694,-0.8818499445915222,0.4974597990512848,0.4136258959770202,0.2622667253017425,-0.3039504289627075,0.2893498837947845,-0.1052259653806686,-0.4882786571979522,0.2411974370479583,-0.0667811557650566,-0.064834177494049,0.4654918611049652,0.4328020513057709,0.1599184870719909,0.7770379185676575,0.6601337790489197,-0.3099386990070343,0.4009592533111572,0.1443146169185638,0.2567755579948425,0.9159109592437744,-0.0673000141978263,0.5176604986190796,-0.3365890383720398,-0.7841489911079407,0.2950450778007507,0.1969319880008697,0.3568305671215057,1.1737850904464722,0.1396821588277816,-0.3988161087036133,0.5462249517440796,0.8059064745903015,-0.0751746743917465,0.1154990270733833,-0.4927742481231689,-0.0536334104835987,-0.0812551900744438,-0.2035188674926757,-0.0750195607542991,-0.0683854147791862,0.0823175758123397,-0.1193918213248252,0.1936592906713485,-0.2463523298501968,0.4719513356685638,-0.4209035634994507,-0.3078163266181946,0.3759004473686218,-0.002961597405374,0.3020261228084564,-0.0533858947455883,0.4790732264518738,-0.3208807706832886,-0.2082509845495224,0.4283637106418609,-0.407904177904129,-0.4388944208621979,-0.0532719641923904,0.3547323942184448,-0.0368370115756988,-0.0052372380159795,0.0940156653523445,-0.3612267076969147,-0.211391806602478,0.2542731165885925,-0.5569307208061218,0.3658948242664337,-0.0642438754439354,0.2677868604660034,0.1883809864521026,0.0471253059804439,-0.4177459180355072,-0.2764428257942199,-0.5471877455711365,0.1430089622735977,-0.396871268749237,-0.6322588324546814,0.4642121195793152,-0.0183759145438671,-0.3485398292541504,-1.5665051937103271,0.6561968922615051,-0.1743222624063491,0.3859342932701111,-0.1879439949989318,0.1425675898790359,-0.0521857179701328,0.0290188640356063,0.1428416967391967,-0.44991534948349,-0.0334871858358383,-10.106772422790527,0.0311617329716682,-0.7103382349014282,-0.5038667917251587,-0.026438895612955,0.0103408712893724,0.8339167237281799,0.5296981930732727,-0.3991149663925171,0.017071871086955,-0.4222870469093323,0.2256660610437393,0.2735041081905365,0.5720398426055908,-0.0424214042723178,-0.3598330616950989,-0.3359643220901489,-0.5068827867507935,-0.0967234298586845,-0.3829208612442016,-0.0620862655341625,-0.0616059638559818,0.8082335591316223,0.175922617316246,-0.1417668014764785,-0.4456749558448791,-0.3426142036914825,0.3715060949325561,-0.1455613672733307,0.1725504249334335,-1.1235413551330566,0.902729630470276,-0.3657998740673065,-0.382174015045166,-0.4527009129524231,0.2521111965179443,-0.010334450751543,0.2842535078525543,-0.0591973848640918,0.601249098777771,0.2945119440555572,0.6637018918991089,-0.1598019748926162,-0.3018046021461487,0.1331110447645187,0.4781384766101837,-0.1138777434825897,0.2863802015781402,0.2445801645517349,-0.1813361495733261,0.1402642875909805,-0.3990349471569061,0.2809138000011444,-0.1469828486442566,-0.0133303431794047,-0.1942400634288787,0.7767208814620972,-0.7879253029823303,0.0311534497886896,0.1072991862893104,0.2392787486314773,-0.1930221021175384,0.4252275824546814,0.208171546459198,-0.3237896859645843,0.4729270040988922,0.1399933397769928,0.23618184030056,-0.7695155739784241,-0.2419710606336593,0.3645013272762298,0.1336968094110489,0.1556989699602127,0.1743565052747726,-0.024681793525815,0.5745055675506592,-0.1888916194438934,0.0466608963906765,0.0775435715913772,0.281894326210022,0.4171482026576996,-0.4694114327430725,-0.6455208659172058,0.1391593664884567,-0.1641565710306167,0.4069516956806183,-0.1344774216413498,0.3288237750530243,0.0753167793154716,-0.4625642895698547,0.3396262526512146,-0.455998957157135,-0.6298967599868774,-0.1371355205774307,-0.0455033481121063,-0.3143453001976013,0.2219788879156112,0.2289328575134277,0.3692764937877655,0.4943829774856567,1
0.2505481839179992,0.4489372670650482,0.1492974162101745,-0.5586414337158203,-0.0013604935957118,0.0918458104133606,0.3721223175525665,-0.0234025865793228,0.0832772254943847,-0.4972952902317047,0.922433853149414,0.0710767582058906,-0.3678937554359436,-0.0582557208836078,0.4592601954936981,0.0477102994918823,0.3026152551174164,-0.0985034108161926,-0.3389739096164703,-0.3084463775157928,-0.4294740259647369,-0.4628788530826568,0.0032123664859682,0.1254025250673294,0.4180895090103149,-0.4004127383232116,-0.0911752507090568,0.2276809960603714,-0.1435918509960174,-0.1566646099090576,-0.3757165074348449,-0.3744196891784668,-0.1879740059375763,-0.2184703797101974,-0.278684914112091,0.8278489112854004,0.1410537958145141,-0.2761842608451843,0.0495626181364059,-0.0305525045841932,-0.2750777900218963,-0.103702962398529,0.1346310377120971,-0.2775102853775024,-0.3408503830432892,0.5337256789207458,0.0850845575332641,0.2999982237815857,0.3017307221889496,-0.0298516284674406,-0.4111286401748657,0.4123713672161102,0.2305360287427902,-0.0554429590702056,-0.0002612370881251,-0.1306027173995971,-0.1068493500351905,-0.177051767706871,0.1526751071214676,-0.0106077278032898,-0.080419547855854,-0.2179279178380966,0.1381518840789795,-0.0645262748003006,-0.4898168444633484,-0.2554144263267517,0.0158404614776372,0.0089113507419824,-0.1771092265844345,-0.5936737656593323,-0.3995041847229004,0.2752134203910827,0.1364410668611526,-0.409847617149353,0.4420993030071258,-0.3259541392326355,0.3144108355045318,-0.1611713469028473,-0.1378859132528305,-0.1059435307979583,-0.2272272706031799,0.4182016253471374,-0.1328671723604202,-0.6189823150634766,0.1171788424253463,0.0059523768723011,0.1065851971507072,-0.4834829270839691,0.3780913650989532,-0.5386707186698914,-0.3544098436832428,0.272403359413147,0.5725651383399963,0.3448121547698974,-0.2858032286167145,0.0702245160937309,0.1583373248577118,-0.2321749329566955,-0.2503252625465393,-0.1264444589614868,0.5010859966278076,-0.3914403915405273,0.1215318441390991,-0.1627832204103469,-0.1635713726282119,0.1289453953504562,-0.4897728264331817,0.5729210376739502,-0.0315574333071708,-0.1191677451133728,-0.2018569260835647,-0.2577365636825561,-0.3563779592514038,0.4040128290653229,-0.2662290036678314,-0.1149513870477676,-0.1682388335466385,0.3997953832149505,-0.2984249293804168,0.1948220431804657,0.2346782982349395,0.2928614318370819,0.0676141455769538,0.1553054451942443,-0.0961431860923767,0.5456915497779846,-0.2279289662837982,-0.0558218955993652,0.0611917041242122,-0.2349888235330581,0.2706878185272217,0.0724034383893013,-0.3393912613391876,-0.1392006874084472,-0.5784204006195068,0.2526203095912933,-0.155659407377243,0.0599726513028144,-0.0823525488376617,-0.5838775634765625,0.047910239547491,-0.2668199837207794,0.2308844178915023,0.1897561997175216,0.0472326166927814,0.0304461829364299,0.4092461466789245,-0.2077170759439468,0.446753054857254,0.1353139877319336,-0.0519040711224079,0.783359169960022,-0.3722396194934845,-0.2989800870418548,-0.2798097133636474,0.042486522346735,-0.3434524536132812,0.0400078408420085,0.0653272718191146,0.4727227985858917,0.2746033072471618,-0.6966155767440796,0.0782220959663391,0.4430415630340576,0.2624966502189636,0.7815207242965698,0.1209591776132583,-0.0958712175488472,-0.0241772830486297,0.5504213571548462,0.2618978321552276,0.4256070256233215,0.1255105286836624,-0.5663151741027832,0.2344573885202407,0.5653722882270813,0.1362340450286865,0.1511902064085006,0.2922266721725464,-0.4613509178161621,0.1085969433188438,-0.4493367969989776,-0.2269296944141388,-0.4779540002346039,0.5775596499443054,-0.1593138724565506,-0.1407499462366104,0.0492161028087139,0.0404408201575279,0.0006456886767409,-0.5783886313438416,0.0301188584417104,0.5472155809402466,-0.4307481944561004,-0.0494826287031173,-0.1220207810401916,-0.0579941235482692,-0.3472139537334442,-0.1853754818439483,0.5233907103538513,-0.0871587991714477,0.2898628711700439,-0.2703546583652496,-0.2009024322032928,-1.124642014503479,-0.222978800535202,0.2935783565044403,0.4990005493164062,0.2641696035861969,0.1191057860851287,-0.4838886857032776,0.2278601378202438,0.4431247413158417,0.4852368533611297,0.0213789027184247,0.0502767190337181,-0.2780689299106598,0.179585114121437,0.3599025011062622,-0.5641339421272278,0.0423757135868072,-0.1109554767608642,0.0774233862757682,0.3421428501605987,-0.2297710478305816,-0.103759691119194,-0.0296202395111322,0.0609361641108989,-0.1472322195768356,0.7782184481620789,0.2733465433120727,-0.0964207574725151,-0.5749717950820923,-0.4450890123844147,-0.9197883009910583,0.2412146925926208,-0.1610824167728424,0.22455695271492,0.3092661798000335,0.297025203704834,0.2582457661628723,-0.2680031061172485,-0.1428358107805252,-0.2700835466384887,-0.2408133894205093,0.3363486230373382,0.1937740296125412,-0.1581805199384689,-0.5909778475761414,0.3315999209880829,-0.5108320713043213,-0.2683800160884857,0.6358513236045837,-0.1435994505882263,0.5744237899780273,0.1409382820129394,0.4897727072238922,-0.0853540748357772,-0.1874617785215377,-0.0955950766801834,0.0436156764626503,-0.4138393998146057,-0.1069721728563308,-0.2344851791858673,0.0109996134415268,0.1046502217650413,0.0584264323115348,-0.636326253414154,-0.0737071558833122,-0.3163428604602813,0.1024644523859024,-0.5688919425010681,-0.0704476460814476,0.230291873216629,-0.3569014072418213,0.250668466091156,-0.1041097939014434,0.3356075882911682,-0.2991388738155365,-0.0898166894912719,-1.0346769094467163,0.462022066116333,-0.7326732873916626,0.3542755842208862,0.1198809146881103,-0.1020419746637344,-0.0654364451766014,-0.1256033927202224,-0.1999105513095855,0.5118235349655151,0.1648826599121093,-0.2880998849868774,-0.5125777721405029,-0.0331790335476398,-0.1484315097332,0.0892459005117416,0.1570788919925689,-0.2203528583049774,0.0077931177802383,0.118221990764141,0.5483359098434448,0.1169387027621269,0.1514610946178436,-0.168676421046257,-0.3166066408157348,-0.8211398720741272,-0.174249917268753,0.1659409701824188,0.6097294688224792,-0.3898724913597107,-0.1515483856201172,1.065920114517212,-0.1712241768836975,-0.2753693759441376,0.2073781341314315,0.4925227761268616,-1.4006301164627075,0.1897653192281723,0.588225245475769,0.0082712536677718,0.0532373040914535,0.3261024951934814,0.305587887763977,0.3564168214797973,-0.5224007368087769,-0.0392370522022247,0.3144610822200775,0.3735979497432709,-0.0036170836538076,-0.3670718371868133,0.3963320851325989,-0.0700402110815048,0.0745707526803016,-0.612056314945221,-0.3191026151180267,0.4119139909744262,-0.0874440968036651,0.0874632224440574,-0.0170665271580219,-0.3100562393665313,0.0694663971662521,-0.2886847555637359,0.2692031264305115,-0.325777143239975,-0.2060827612876892,-0.2726702988147735,0.2635100781917572,0.449198842048645,0.661635160446167,0.5164912939071655,0.3551589548587799,0.2686977684497833,0.4473485052585602,0.3802987933158874,0.4603124260902405,0.3109914064407348,-0.1063156351447105,0.0195352584123611,0.5475675463676453,0.3219617009162903,0.2603946328163147,-0.0276618730276823,-0.2409785836935043,0.6404382586479187,-0.0342877991497516,0.4841922223567962,0.4391713440418243,0.6220520734786987,0.3925226628780365,0.2461102455854416,0.4162329435348511,-0.1992395222187042,-0.1421195566654205,-0.3447634279727936,0.2172411680221557,-0.2869605720043182,-0.159542977809906,-0.1537368595600128,0.2500409781932831,-0.1458094269037246,-0.51259446144104,0.1407272219657898,-0.4438359141349792,-0.0136881181970238,0.1929426491260528,-0.2214354574680328,-0.5873409509658813,-0.4135623872280121,-0.4071406424045563,-0.5993702411651611,0.487648457288742,0.2242782115936279,0.1675911098718643,-0.5403475761413574,0.1199017167091369,0.1179696023464202,0.1697641909122467,-0.1759710162878036,0.0114829167723655,-0.1525502800941467,0.0282090436667203,-0.1229961067438125,0.0094847762957215,-0.6527937650680542,-0.4276649355888366,-0.5186935663223267,-0.8451845645904541,-0.1182984411716461,0.1161651164293289,0.3922761380672455,-0.0325253829360008,0.1955144107341766,0.1770944148302078,0.2159095853567123,-0.2994886338710785,-0.1859803646802902,-0.8119920492172241,-0.0156768765300512,0.2146668434143066,0.2322666496038437,0.232969045639038,0.1962420046329498,0.1099632307887077,-0.0482075437903404,-0.2861345410346985,-0.012153910472989,-0.2400132715702057,-0.2711018323898315,0.9789894223213196,-0.2605230808258056,0.4552047252655029,-0.1963374316692352,0.1221195682883262,0.3167569637298584,-0.1554841697216034,-0.112817458808422,-0.0907303839921951,0.4706625342369079,-0.1368854939937591,-0.1007928028702735,0.0552294701337814,0.4654022455215454,-0.323762983083725,0.1653086394071579,-0.0653367415070533,0.1071037575602531,0.2053379118442535,-0.0762300416827201,-0.1510095745325088,-0.2405013442039489,0.1477335095405578,0.2341473698616027,0.2862294316291809,0.2517187595367431,0.2906464636325836,0.603635311126709,0.0465304367244243,0.2981800138950348,0.2586971819400787,0.7238072156906128,-0.2899322211742401,-0.2150292694568634,-0.4939345717430115,-0.0892949178814888,-0.4694490730762481,-0.1574169397354126,0.5626305937767029,-0.2203343510627746,0.2118527293205261,-0.1339785903692245,-0.6529372930526733,-0.0651318654417991,0.0051952362991869,0.0690673440694809,0.0703841000795364,0.3648920953273773,0.4399062097072601,-0.0126997204497456,-0.6327009201049805,0.5944579839706421,-0.3083150088787079,0.5145155787467957,0.3459455370903015,-0.5750617384910583,-0.2742610871791839,-0.0764722600579261,0.0789083093404769,0.0509687885642051,0.2437104284763336,0.5642279982566833,-0.3491406440734863,-1.0541503429412842,-0.1875897049903869,0.253937304019928,-0.1902288049459457,-0.4174838066101074,0.2181191146373748,0.1227318570017814,-0.9403929114341736,-0.6611847281455994,-0.3907082676887512,-0.2368012964725494,-0.0750048086047172,-0.9417609572410583,0.2107371240854263,0.0918762311339378,-0.0685869976878166,0.4357554912567138,0.0065562450326979,0.0523173697292804,0.2633278965950012,0.4124357998371124,0.32712522149086,-0.5278412699699402,-0.0882996395230293,0.1802866458892822,-0.0107608418911695,0.0757314711809158,0.4335595369338989,0.0022350514773279,0.1346089839935302,-0.0360789820551872,-0.6570267677307129,-0.1326983571052551,-0.3951635062694549,-0.8622023463249207,0.3906485438346863,-0.0485257804393768,0.2440661787986755,-0.4389907419681549,0.3586048185825348,-0.2363224476575851,0.0419668890535831,0.1436831504106521,0.0125273689627647,0.0706452205777168,-0.6102577447891235,0.3147449195384979,-0.4907277226448059,-0.4119032323360443,0.8037401437759399,0.6327239871025085,-0.277031272649765,0.0262137148529291,0.3444098234176636,0.0450162589550018,-0.3139759302139282,0.0423781313002109,-0.0282185282558202,-0.0554161630570888,-0.1430779546499252,0.2068943828344345,0.3075024485588074,0.0210439786314964,-0.2298358529806137,-0.2397428303956985,0.5746675133705139,0.4281243979930877,0.2773855924606323,-0.1015438437461853,-0.0849071964621543,-0.2149445414543151,-0.3835354745388031,0.1777462214231491,0.1371704339981079,0.6504777669906616,-0.1978227198123932,0.90113627910614,-0.1241719648241996,-0.3456954061985016,0.2918019294738769,0.6946764588356018,-0.100216694176197,0.2651370167732239,0.1185874417424202,0.1118910908699035,-0.889651358127594,0.1925767362117767,-0.256352037191391,0.2200701981782913,0.1242488473653793,0.4356253743171692,0.467876672744751,-0.6214590072631836,-0.260323166847229,-0.1672984957695007,0.1883513331413269,0.0608341209590435,0.5436148047447205,-0.025854293256998,0.0934903025627136,0.2462126761674881,-0.1927277445793151,-0.0298794582486152,0.1243695616722107,0.0780878812074661,0.8339083194732666,0.2224399149417877,0.0871190205216407,-0.2118162512779235,-0.8105356693267822,0.3458636999130249,-0.0689836740493774,0.018697315827012,0.4625156223773956,-0.282231330871582,0.1249693036079406,0.3071497082710266,0.6096946001052856,0.1468066424131393,-0.2993062138557434,-0.793890118598938,0.1002339199185371,-0.0204421188682317,-0.0992076396942138,0.2560797929763794,-0.0415349118411541,0.3648510277271271,0.203915536403656,-0.1634592562913894,0.0352919995784759,0.5447142124176025,-0.1733648031949997,0.0036587237846106,0.304246574640274,0.1871929317712783,-0.4307031333446502,0.0009281226666644,-0.2076293379068374,-0.4050754308700561,-0.4266373217105865,-0.2039306312799453,-0.2270745187997818,-0.0535288043320179,-0.1840565502643585,-0.0797881931066513,0.2254985123872757,0.1304506063461303,-0.1006392464041709,-0.3923006653785705,-0.3506778478622436,0.5158728361129761,-0.7764759063720703,-0.1357771307229995,-0.1237556636333465,0.0765950009226799,-0.1074878200888633,-0.0110861044377088,-0.3666615784168243,-0.1664658933877945,-0.1050653979182243,0.1489000916481018,0.0398935228586196,-0.416027158498764,0.2048544883728027,0.2299579083919525,-0.1175116971135139,-0.788458526134491,0.1993530094623565,-0.0932439640164375,0.6569687724113464,-0.1900956332683563,0.2818269431591034,-0.2750597894191742,0.2358642965555191,-0.3131818175315857,-0.1302007734775543,0.0328198932111263,-10.583672523498535,-0.0490938015282154,-0.445158988237381,-0.1263294517993927,-0.4172158241271972,0.4067028164863586,0.6914451718330383,0.2893685698509216,-0.4186541438102722,0.0356551110744476,0.3733002245426178,0.3360385596752167,0.267772227525711,0.3577016592025757,-0.6444789171218872,-0.2057143747806549,0.1316499561071396,-0.0891802087426185,-0.1396465450525283,-0.2161887139081955,0.2653757333755493,-0.0017534146318212,0.2895424365997314,0.6346953511238098,0.0794324725866317,-0.5257126092910767,-0.4686369895935058,0.2963267862796783,0.0342756062746048,0.2951556444168091,-0.3470078706741333,0.142052948474884,0.0479567125439643,0.319089412689209,-0.3116777241230011,-0.2718498408794403,-0.1247318685054779,0.3276664912700653,0.1142612621188163,0.191989004611969,0.2599020004272461,0.657625675201416,0.285983681678772,0.0854373276233673,0.2722641825675964,0.4464370608329773,0.5172173380851746,0.294055163860321,0.6834058165550232,-0.0487478226423263,0.0203231442719697,0.3268148303031921,-0.1709272563457489,-0.1003255695104599,0.3273875713348388,0.0490538142621517,0.7690467834472656,-0.6563530564308167,-0.44570192694664,0.073697306215763,-0.0454915389418602,0.0713259354233741,0.9178944230079652,0.5181217193603516,0.0308233760297298,-0.0776502043008804,0.312881737947464,0.4847948849201202,-0.5009794235229492,-0.2229619175195694,-0.0355613268911838,0.2150739580392837,0.0117330383509397,-0.0769709050655365,-0.5127115845680237,0.275899589061737,-0.004084981046617,-0.2585968971252441,0.3279469013214111,0.2067940235137939,0.1488009393215179,0.2203200012445449,0.015926444903016,0.1426022797822952,-0.5167419910430908,0.1087146177887916,-0.2099006623029709,0.1725313067436218,0.0848772972822189,-0.4644400477409363,-0.07003665715456,-0.2248544692993164,-0.0309130512177944,0.7703751921653748,0.4164022207260132,-0.0329809635877609,-0.0987273156642913,0.102551057934761,0.5012519955635071,0.0252322237938642,0
0.8428535461425781,0.14724762737751,0.914772927761078,-0.1446096450090408,0.0110466703772544,0.0093072764575481,0.1530058830976486,0.1015284731984138,-0.1414278000593185,-0.5697547197341919,1.065681219100952,-0.0850517898797988,-0.2417025417089462,0.2058632671833038,0.7536882162094116,-0.2418379187583923,0.3925280570983886,0.0309720393270254,-0.3245392739772796,-0.4360237419605255,-0.5933851599693298,-0.5338149666786194,-0.3874240219593048,0.5213273167610168,0.0146444160491228,-0.5230896472930908,0.2999711036682129,0.3084985911846161,0.2305364906787872,-0.0575638972222805,-0.2633035778999328,-0.3461081981658935,-0.1724962145090103,0.1839372515678405,-0.3182743787765503,0.2442292720079422,0.0362192057073116,-0.1567654758691787,-0.1057023033499717,-0.1612598448991775,0.0770212486386299,0.0094878878444433,0.2924465537071228,0.0098749976605176,-0.2765757143497467,0.8209189176559448,-0.1102399453520774,0.1899501532316208,0.2017050385475158,0.0164486821740865,-0.0229494981467723,0.2235471606254577,0.1238044053316116,0.4186111986637115,-0.0871918648481369,0.053845215588808,0.4983358681201935,-0.443732887506485,-0.0684826597571373,0.3208995163440704,-0.0599387660622596,-0.0959830731153488,0.0703244879841804,-0.4191700220108032,0.0345207713544368,-0.3537854254245758,-0.1240004301071167,-0.0707898065447807,-0.119190976023674,-0.5592365264892578,-0.49446702003479,0.0992212742567062,0.2855228185653686,-0.5798616409301758,0.8567506670951843,-0.3002824783325195,-0.2109236866235733,0.1735016405582428,-0.0624107904732227,-0.09706512093544,-0.0653534531593322,0.3751562833786011,-0.082525685429573,-0.7611671686172485,-0.0290810726583004,0.2612559497356415,-0.491557776927948,-0.4898227453231811,-0.007385809905827,-0.4104330241680145,0.1723001152276992,0.2238434553146362,0.1149868443608284,-0.4604622423648834,0.0290198288857936,0.1481990665197372,-0.0779963210225105,-0.3238734602928161,-0.0675454810261726,0.2618071138858795,0.2826297879219055,0.1163330078125,0.234429270029068,0.1147943511605262,0.0545557104051113,0.1976007968187332,-0.0644290372729301,-0.1604019403457641,0.1842176765203476,0.2962197363376617,-0.1187959685921669,0.1160254478454589,-0.5236945748329163,0.1923601627349853,0.0684427767992019,-0.041261650621891,-0.4966122508049011,0.2173822224140167,-0.255562275648117,0.525975227355957,0.1760977059602737,0.3248126804828644,-0.1590698510408401,-0.2609193027019501,1.5810472177690826e-05,0.3217147290706634,-0.2695903182029724,-0.1688292324542999,-0.3075852692127228,-0.6250006556510925,-0.0241208188235759,0.0034810721408575,-0.523842990398407,-0.0208071656525135,0.0734094902873039,0.4476232826709747,-0.0328529924154281,-0.2017801403999328,-0.1783410310745239,-0.3751823306083679,-0.2119773775339126,0.0823509842157363,-0.3193364143371582,0.1574371308088302,0.0867023915052414,0.4207979738712311,0.0388737916946411,-0.6382851004600525,0.222518190741539,0.3211826384067535,-0.8249050974845886,0.7675848007202148,-0.3871922194957733,-0.0914063528180122,0.5938925743103027,0.2369312047958374,-0.5637731552124023,0.1383925229310989,-0.0970321297645568,0.3788193762302398,-0.0830970406532287,-0.1937310844659805,0.3662143051624298,0.1933426111936569,0.1212225630879402,0.1178300902247428,0.268019825220108,0.33194300532341,0.0186075568199157,0.0889475122094154,0.1759225130081176,0.7941156029701233,0.634880006313324,-0.1915655881166458,0.1070166900753974,0.0806391835212707,0.6924725770950317,-0.3180087506771087,0.4662345051765442,-0.6232848167419434,0.0098408060148358,-0.3563567996025085,0.0523331090807914,-0.2804619669914245,-0.0293134041130542,0.0119207054376602,-0.2609263062477112,0.2805769741535187,-0.1917134523391723,0.6687575578689575,0.0965749621391296,-0.1246963143348693,0.2676842212677002,-0.2996567189693451,-0.1517939865589141,-0.4820320606231689,-0.1413478106260299,-0.2310256063938141,-0.4266738891601562,-0.0134970396757125,0.5261303186416626,-0.0450966395437717,-0.1831406652927398,-0.2456250637769699,-0.7902971506118774,0.024423748254776,0.2058810591697693,0.402921050786972,0.3850396275520324,0.0697951763868331,-0.5126736164093018,0.3964976072311401,0.5394122004508972,0.1907079070806503,-0.0664450600743293,0.3307293355464935,0.0489521659910678,-0.4587816298007965,0.2073107212781906,-0.6930342316627502,0.5817712545394897,-0.3592620491981506,-0.0868642404675483,-0.3295090794563293,0.0895883217453956,0.1078618690371513,-0.0688109397888183,-0.3149998188018799,-0.5338008403778076,0.5761033892631531,-0.7417436838150024,-0.6712297797203064,-0.2257560044527053,-0.2870853245258331,-0.8685229420661926,0.0127885080873966,-0.5036101341247559,0.2330738306045532,-0.2940353453159332,0.14636991918087,0.2434293031692505,0.0030777736101299,-0.2661753594875335,-0.6125774383544922,-0.2341812998056411,-0.3112350404262543,-0.3007319569587707,0.0572306141257286,-0.334857314825058,-0.0240968987345695,-0.4926822483539581,-0.4404675960540771,0.1106903776526451,-0.1186909675598144,0.9443458318710328,0.4091784954071045,0.4415057897567749,-0.3931320011615753,0.0665241032838821,-0.7282801866531372,0.1801710277795791,-0.7886556386947632,0.3176657259464264,0.127290204167366,-0.0991805717349052,0.2116015702486038,-0.163839116692543,-0.5939183831214905,-0.2177930176258087,-0.2278593927621841,-0.2390162348747253,-0.4142943024635315,-0.5297264456748962,0.182474210858345,0.216857761144638,0.545738160610199,-0.2190729528665542,0.4684882164001465,-0.4957364499568939,0.1056086122989654,-0.5215521454811096,0.1107179746031761,-0.4535125195980072,-0.3599477708339691,-0.0686781257390976,0.127522736787796,-0.3975832760334015,0.2912800312042236,-0.0963909551501274,0.385229229927063,0.4265028238296509,-0.228554829955101,-0.7079148888587952,-0.1396674215793609,-0.1969772428274154,0.3272117078304291,0.2600263953208923,0.2852014899253845,-0.0696388781070709,0.173271507024765,0.889493465423584,0.1502064168453216,-0.2740601301193237,0.0156508013606071,0.2585019767284393,-0.3727951049804687,-0.1044305711984634,-0.2667835354804992,0.6339572668075562,-0.3434532284736633,-0.1224403828382492,0.6537509560585022,-0.3525537252426147,-0.0394293963909149,0.154287502169609,0.0710458010435104,-1.7220999002456665,-0.3483351767063141,0.1919002830982208,0.174204334616661,0.0176689177751541,0.149718552827835,0.1010403633117675,0.2501252889633178,-0.0673146247863769,-0.5037276744842529,0.7261840105056763,0.146741509437561,-0.1666327863931656,-0.1251677870750427,0.6751115322113037,0.1034785360097885,0.001220726291649,-0.8301251530647278,0.2944329679012298,0.628052830696106,0.3939188420772552,0.1056861281394958,-0.1659457236528396,-0.3022599816322326,0.0629619061946868,-0.0094521157443523,0.0890965089201927,0.6669979691505432,-0.7794858813285828,0.0398215912282466,0.1016763225197792,0.7421470880508423,0.5771476030349731,0.6708850264549255,-0.1984913349151611,-0.0925130993127822,0.2182628661394119,0.3301615118980407,0.4148378670215606,-0.1697184294462204,0.1827566176652908,-0.3083256781101227,0.4460107088088989,0.0583860874176025,0.2838477194309234,-0.0701364427804946,-0.020753813907504,0.3800641298294067,0.1061497256159782,0.524531900882721,0.91005140542984,0.3884528577327728,0.4630708396434784,0.1901292651891708,0.7940971851348877,0.4036495685577392,-0.3311356604099273,-0.6594009399414062,-0.1423183530569076,-0.4381342232227325,-0.1445309221744537,-0.3437572419643402,-0.2379638254642486,-0.1142576560378074,-0.3509154915809631,0.1251454800367355,-0.0647215917706489,-0.3683803677558899,0.272853285074234,-0.4432365298271179,-0.5335108041763306,-0.4980075359344482,-0.1221818551421165,-0.56495600938797,0.0530169419944286,0.0483399033546447,0.1952083110809326,0.0427548550069332,-0.657188355922699,0.1448244899511337,-0.0611797161400318,-0.2768385112285614,-0.1343580782413482,0.201644092798233,-0.3195215761661529,0.240187868475914,-0.0026956475339829,-0.4210850298404693,-0.375089168548584,0.0099769188091158,-0.589247465133667,-0.3506070971488952,-0.1315280497074127,0.7865917086601257,-0.3531465828418731,-0.2003547400236129,0.0050890343263745,0.1128545776009559,-0.7548702955245972,0.0642917230725288,-0.7343674898147583,0.5232497453689575,0.4936108887195587,-0.0589960701763629,0.3913268446922302,0.6954641342163086,0.3375476002693176,0.1984389275312423,-0.3774689733982086,-0.2719437479972839,-0.2588716149330139,-0.5379176735877991,0.7702919840812683,-0.2490190714597702,0.7269302010536194,0.4283779263496399,0.2892250716686249,0.5300412774085999,-0.3460382521152496,-0.2438388168811798,0.1909966319799423,0.6566975712776184,-0.0794098079204559,-0.0520551912486553,0.1548321694135666,0.6620549559593201,-0.0442051254212856,0.3663160800933838,0.0802531167864799,-0.1267841607332229,0.2598989307880401,-0.1017756462097168,0.3252965807914734,-0.1984061598777771,0.0067928321659564,0.1837203651666641,0.4564310312271118,0.0412425622344017,0.4583513438701629,0.4672901630401611,0.3414145708084106,0.314640998840332,0.1895072907209396,0.5585919618606567,-0.1771994531154632,-0.2297801375389099,0.1280644237995147,0.2987040281295776,-0.3272932469844818,-0.0160891842097044,0.4949380159378052,-0.3363653719425201,0.3075313568115234,-0.489090621471405,-0.5833665132522583,-0.3166956603527069,-0.4406675994396209,-0.0678697526454925,-0.4406477212905884,-0.1183252707123756,0.1957014203071594,-0.0446809902787208,-0.6854885816574097,0.3724976480007171,-0.3453564643859863,0.3833151757717132,0.5171678066253662,-0.5152450203895569,-0.0472607128322124,0.2874491810798645,-0.0381245911121368,-0.1154327690601348,0.0645733401179313,-0.1976570039987564,-0.3230129182338714,-0.934554159641266,-0.2400369793176651,0.0442837886512279,-0.0991789177060127,-0.2871673107147217,0.5115631222724915,0.092045284807682,-0.5145739316940308,-0.2278452962636947,-0.5241068601608276,-0.2787428796291351,-0.2082561999559402,-0.6647779941558838,-0.0834841281175613,0.1696593463420868,-0.0506255999207496,0.6498787999153137,0.3963914215564728,0.104845717549324,0.1723600775003433,0.1785944104194641,0.3938924372196197,-0.0350173339247703,-0.2009407430887222,-0.1641648560762405,-0.1621904820203781,-0.0830324739217758,-0.0867351815104484,0.2591311633586883,0.0097455726936459,-0.3070038557052612,-0.9516222476959229,-0.0418761484324932,-0.3816653192043304,-0.9026296734809875,0.4849019646644592,-0.1907128542661667,0.1880556792020797,-0.6730779409408569,-0.0792931988835334,0.022609444335103,0.3118946552276611,-0.241324707865715,0.5967952609062195,0.1383103877305984,-0.7269365787506104,0.2737921178340912,-0.3295099437236786,-0.3302815854549408,1.0264590978622437,0.3439094126224518,-0.1569504737854004,0.2397739291191101,0.465257853269577,0.3393100798130035,0.0740174204111099,0.1507294774055481,-0.325138509273529,-0.1439951360225677,0.6574992537498474,-0.1816409677267074,0.351689338684082,0.1076793894171714,-0.1690734475851059,-0.1951170414686203,0.6104441285133362,0.2678468525409698,-0.0060361051000654,-0.0265005528926849,-0.1154527217149734,-0.2361890971660614,-0.1014176905155181,0.4698155522346496,0.1661379337310791,0.6599980592727661,-0.3308554589748382,0.3556314408779144,0.2923442423343658,-0.4547017812728882,0.0148122161626815,0.5182251930236816,0.1812173724174499,0.2160294353961944,-0.1175724640488624,0.3649737238883972,-0.7021845579147339,0.3829113245010376,0.2949365675449371,-0.0953113362193107,0.3274129033088684,0.2308294922113418,-0.1615501195192337,0.0067298356443643,-0.2062727212905883,-0.0785578042268753,-0.1429717689752578,0.372656762599945,0.409796267747879,0.3846979439258575,0.6473320722579956,0.3991507589817047,-0.4763088524341583,-0.1153056398034095,-0.04938755184412,0.3297649025917053,0.8122866153717041,-0.0535163581371307,0.2944476008415222,-0.2604421079158783,-1.199391484260559,0.4936768412590027,-0.5033524632453918,0.2325495332479477,0.7066571116447449,-0.1928885132074356,0.0674138516187667,0.3218953609466553,0.0984575748443603,-0.0980831310153007,-0.8193907141685486,-0.5776545405387878,0.0975599586963653,-0.207587331533432,-0.1709236353635788,-0.0121096633374691,-0.1803231239318847,0.222211942076683,0.7724243998527527,0.2271577715873718,0.0284070689231157,0.5157057642936707,0.1516990661621093,-0.0176018178462982,0.5948288440704346,-0.1016211956739425,-0.1829369813203811,-0.1207126304507255,0.1017409712076187,-0.4903645813465118,-0.5075136423110962,0.2191217541694641,0.0238668601959943,0.1757555156946182,-0.4105032384395599,0.0540925189852714,0.5895481705665588,0.0993738621473312,0.2173951864242553,-0.576776921749115,-0.1098375543951988,-0.2083437591791153,-0.7775993347167969,-0.4112895429134369,-0.0088854348286986,-0.1211929395794868,-0.0123786143958568,-0.6658076643943787,-0.6159895658493042,-0.1353680938482284,-0.3060471713542938,-0.0121462987735867,-0.289894163608551,-0.5220229625701904,0.3902445435523987,0.2849881947040558,0.0848667100071907,-1.1524152755737305,0.6948121786117554,-0.4332935810089111,0.6286507248878479,-0.2955699265003204,0.0633084326982498,-0.242312416434288,-0.4822821319103241,-0.1343346834182739,0.0787879675626754,-0.389260321855545,-10.363531112670898,-0.2107219398021698,-0.3731524646282196,0.1085914671421051,-0.0196045264601707,-0.0853371322154998,0.644160807132721,0.3894230723381042,-0.6294508576393127,0.2475399225950241,0.0378472916781902,0.2934749126434326,0.5160931944847107,0.3897602260112762,-0.4041062891483307,-0.532547116279602,-0.0218108743429183,-0.2983573079109192,0.286106675863266,0.0744397267699241,-0.0861763283610344,-0.2740868628025055,0.5573378205299377,0.3563971221446991,0.6098764538764954,0.0139250680804252,0.3499718010425567,0.3595214784145355,0.0536108054220676,0.2993812263011932,-0.71188884973526,0.4022751152515411,-0.2591966986656189,0.5334731936454773,-0.2216607332229614,-0.06512301415205,0.0376212000846862,0.188887670636177,0.0058062486350536,0.5027866363525391,0.3324476182460785,0.0799217149615287,-0.2490074336528778,-0.095552384853363,0.5236090421676636,0.8779920339584351,0.1671588122844696,0.7025971412658691,0.8045728206634521,0.0684360936284065,-0.0179562643170356,-0.1114026680588722,-0.16382996737957,-0.0887001752853393,0.0108162378892302,0.318409115076065,0.4870165288448334,-0.4019095003604889,-0.045327890664339,-0.1225586161017417,0.2121551483869552,-0.1075054258108139,0.7862293124198914,0.5843040347099304,0.4009985327720642,0.1098467260599136,0.040939837694168,0.62126225233078,-0.526177167892456,-0.3923641145229339,0.0602347552776336,0.5118566155433655,-0.2878681421279907,-0.400768518447876,-0.0598073489964008,0.6335875391960144,0.1778720021247863,-0.260413646697998,0.3379950821399688,-0.0571728609502315,0.7973161339759827,-0.2151548862457275,-0.0770865231752395,0.6467709541320801,-0.7263981103897095,-0.1425137966871261,-0.2054347693920135,0.1441833823919296,0.4026038646697998,-0.3976402580738067,0.5589066743850708,-0.0159731749445199,-0.2493696957826614,0.0530163012444973,0.5961054563522339,0.125937819480896,-0.1188389882445335,0.5601615309715271,0.1340842545032501,-0.5928417444229126,1
0.7867145538330078,0.0708349272608757,0.742893397808075,-0.1838691085577011,0.1011911258101463,0.2392100542783737,0.1923132240772247,0.2130631059408188,-0.3269410729408264,-0.0891355201601982,0.746151864528656,-0.4699705839157104,-0.3176074624061584,-0.0209833998233079,0.2547239363193512,-0.2693190574645996,0.118726298213005,-0.1646081060171127,-0.1753565967082977,-0.4720112085342407,-0.911198914051056,-0.3484183251857757,-0.2336014956235885,0.4054262042045593,0.1208108365535736,-0.6871124505996704,0.1998245269060135,0.0655777156352996,0.3151849210262298,-0.4275963008403778,-0.4248006641864776,-0.2068347930908203,-0.1021264120936393,-0.1935146450996399,-0.5420680642127991,0.3193194568157196,0.2704769372940063,-0.5580419898033142,0.2905867993831634,0.1411934942007064,0.286115825176239,-0.5992151498794556,-0.4335915148258209,-0.1251053363084793,-0.2856943309307098,0.2833120226860046,0.0016067487886175,-0.0081587750464677,-0.1917414665222168,0.1153637617826461,-0.4507743418216705,0.4625769555568695,0.2477190792560577,0.2116083651781082,-0.0117613011971116,-0.1962929219007492,0.5633139610290527,-0.5857250094413757,0.3440095484256744,-0.0379705391824245,-0.1354264169931411,-0.0096352472901344,0.4313397109508514,0.1513674408197403,-0.0747178196907043,-0.442377358675003,0.0142631446942687,-0.2476664036512375,0.0865586623549461,-0.181779608130455,0.1979971826076507,0.4168930053710937,-0.225948616862297,-0.5069829821586609,0.4392899572849273,-0.4065687358379364,0.0799621418118476,0.5694052577018738,0.2505086064338684,0.1232812404632568,-0.2342156767845153,0.4308616518974304,0.3337282240390777,-1.049006104469299,-0.0953195244073867,0.6748930811882019,-0.5405322909355164,-0.973404049873352,0.2239858508110046,-0.1637958735227584,0.1225029453635215,-0.0006660738145001,0.0842236429452896,0.555625855922699,0.2164641618728637,-0.0850918963551521,0.1721726506948471,-0.0853357315063476,-0.1753840446472168,0.019828351214528,-0.0060572708025574,0.649299681186676,0.3868525922298431,-0.2103165537118911,0.0275844950228929,-0.0069196573458611,-0.4675975143909454,0.1809847801923751,-0.1081095412373542,0.256448894739151,-0.2815978229045868,-0.6744349002838135,-0.7941291928291321,-0.3054988086223602,0.3202062249183655,0.1177051216363906,-0.4827282726764679,0.5573588609695435,-0.3808158636093139,0.7893625497817993,0.1537065804004669,0.0135673442855477,0.2884730398654938,-0.5348156690597534,-0.2561828792095184,0.6619635224342346,-0.0410815849900245,0.1901703029870987,-0.0020437880884855,0.1049129068851471,-0.4388051927089691,-0.6097515821456909,-0.4100975096225738,-0.1050836369395256,-0.339493840932846,0.5588281750679016,-0.0101566230878233,-0.1728275269269943,-0.2831816077232361,-0.4435604214668274,-0.2787855863571167,-0.0090914629399776,0.3269920945167541,-0.2441711574792862,-0.0855772569775581,0.2058939933776855,-0.239526554942131,-0.7222209572792053,0.0762970745563507,0.244294986128807,-0.0723672807216644,0.8207871913909912,-0.7421607971191406,0.1113266199827194,0.0707470998167991,0.3743141293525696,-0.5620604753494263,-0.1206672638654708,0.0424097590148448,0.1892085522413253,0.1680011600255966,-0.4175454378128052,0.0263867918401956,1.1678292751312256,0.4886824190616607,0.6675014495849609,0.1892476081848144,0.1243494600057601,-0.3463293612003326,1.0126423835754397,0.3886906206607818,-0.1347672790288925,-0.0364661701023578,-0.2684782147407532,-0.2270053178071975,0.2461842149496078,0.7007574439048767,0.2092982083559036,0.0551032163202762,-0.3221490085124969,0.0303785298019647,-0.1289931684732437,0.2473182827234268,-0.6812049746513367,0.3266906440258026,-0.0049880915321409,0.0222484208643436,0.1812639385461807,-0.0156607124954462,0.0116939190775156,-0.0434721857309341,-0.5908963084220886,0.2351284176111221,0.1040264591574668,-0.2904166877269745,-0.2520527243614197,-0.1166572943329811,0.1683895587921142,-0.5054659843444824,0.7311071157455444,-0.0875383988022804,-0.0520121939480304,-0.1950419694185257,-0.7629533410072327,-0.9581972360610962,-0.1446371078491211,0.2345387786626815,0.9014295339584352,0.4078212082386017,0.6297563314437866,-0.4107007980346679,-0.0121088838204741,0.074426993727684,0.4308149218559265,0.6970040798187256,0.5146234035491943,-0.3770841360092163,-0.8354176878929138,0.6880303025245667,-0.3194916248321533,0.0711719840764999,-0.1090176030993461,0.4695009887218475,-0.0505524761974811,0.1773953884840011,0.176179900765419,0.5706157684326172,0.0172787699848413,-0.5293285846710205,0.6128889322280884,-0.5870900750160217,-0.7013711333274841,-0.650608241558075,0.1065723001956939,-0.8748494386672974,-0.3048478960990906,-0.017015827819705,0.3616439998149872,-0.2669620811939239,0.4073687493801117,0.1168466806411743,-0.4032041728496551,0.2622803449630737,-0.8026021122932434,0.1716596931219101,0.3988494873046875,-0.2462335973978042,0.0328189507126808,0.0833067372441291,0.4262923896312713,-0.3853625059127807,-0.3274657726287842,-0.3033361136913299,-0.4361858665943146,0.6585824489593506,0.1540664136409759,0.5070618391036987,-0.1957564353942871,0.5581788420677185,-0.6439541578292847,-0.1431386023759842,-0.5079178810119629,-0.0754758194088935,0.2681684792041778,0.0673800930380821,0.1013691872358322,0.2607496082782745,-0.0047584250569343,-0.2044828534126281,-0.4275454580783844,0.1867600530385971,-0.1469260603189468,-0.261572390794754,0.0870727375149726,-0.0983484983444213,0.120090328156948,-0.2587153911590576,0.5614445805549622,-0.3469077050685882,0.3717933893203735,-0.1987410932779312,0.4716575443744659,-0.4950082898139953,-0.2135708034038543,0.1298293173313141,-0.1679901629686355,-0.7254625558853149,0.136007472872734,-0.4956276416778564,0.7112587094306946,0.3246582746505737,-0.6437545418739319,-0.661221981048584,0.0075717116706073,-0.2565708756446838,-0.1094778105616569,0.0973891392350196,0.0141657162457704,0.5288934707641602,-0.2003094255924224,0.4805301129817962,0.237599566578865,0.5381987690925598,-0.124152772128582,0.1200235486030578,-0.4060524404048919,-0.0036058844998478,0.3620941638946533,0.4942193329334259,-0.015687059611082,0.2780960202217102,0.6448803544044495,-0.0793284103274345,0.4855852127075195,0.2900719940662384,0.604702889919281,-1.9486045837402344,-0.6136404871940613,0.4680359959602356,-0.2084487825632095,-0.3929048180580139,0.1378044039011001,0.2854048311710357,0.1845850944519043,-0.2273610383272171,-0.698093593120575,1.1570940017700195,0.3653018772602081,-0.1664785593748092,0.0456408113241195,0.4505418837070465,-0.1291229873895645,-0.0482037886977195,-0.9379285573959352,0.4552870094776153,0.7139964699745178,0.0319093838334083,-0.5190733671188354,-0.299164354801178,-0.4727130234241485,-0.2011853158473968,0.2588784098625183,-0.4195295572280884,0.1730094701051712,-0.7935397624969482,-0.1287556737661361,0.0034102678764611,1.132369041442871,0.6842933297157288,0.7060613036155701,-0.6035739183425903,-0.1532079875469207,-0.3311269879341125,0.1575557589530944,-0.0415466278791427,-0.2444469630718231,0.0901303514838218,-0.432672381401062,0.0630003660917282,-0.1784032136201858,0.0859770700335502,0.0211934242397546,0.0395099967718124,0.5363450050354004,-0.5915959477424622,0.2900856137275696,0.5916993618011475,-0.1293477714061737,0.297405332326889,0.2670274376869201,0.8876358866691589,0.0820816829800605,0.179935410618782,-0.7895864248275757,0.049771100282669,-0.3302003443241119,-0.0763139203190803,-0.1491705179214477,-0.0581076890230178,0.6235506534576416,-0.3177649676799774,-0.0110785504803061,-0.0975172370672226,-0.382246732711792,0.1637555658817291,-0.3304032683372497,-0.2539927959442138,-0.1462448686361313,0.1670363843441009,-0.4310989379882812,0.5967812538146973,0.444889634847641,0.4733264148235321,0.0224231593310832,-0.2643353939056396,0.4162861108779907,-0.1178639605641365,0.3723043203353882,0.1648788154125213,0.4629753828048706,-0.4953939914703369,-0.1047522947192192,-0.149253562092781,-0.5999587774276733,-0.4272370934486389,-0.0219944939017295,-0.8272181153297424,-0.1670113503932953,-0.2919632196426391,0.6536985635757446,-0.1041442602872848,-0.4664764106273651,0.4502754509449005,0.1886263489723205,-0.6232830882072449,-0.598511815071106,-0.3798168003559112,0.5324031710624695,-0.3095170259475708,0.3824144303798675,0.5041793584823608,0.4456467032432556,0.0598533526062965,-0.093937799334526,-0.0858146548271179,-0.328860193490982,-0.4893925786018371,-0.33736452460289,0.8164399266242981,-0.1996804624795913,-0.0874824225902557,-0.1796621978282928,0.1207812428474426,0.9838067293167114,-0.2461814433336258,-0.706167995929718,0.184776484966278,0.2787455916404724,-0.0908841267228126,0.6497904658317566,0.4030901789665222,0.9488667249679564,0.2290819734334945,-0.0304198693484067,-0.3102377951145172,-0.0430306196212768,0.0252798795700073,-0.2755571901798248,-0.012264285236597,0.0114261703565716,0.6224654912948608,0.7527875900268555,0.2857550084590912,0.5345831513404846,0.4288434386253357,0.1180370971560478,-0.5089569687843323,0.3326673805713653,-0.0716354697942733,0.1971228122711181,-0.063369907438755,0.432701975107193,-0.371223509311676,-0.0299541018903255,-0.1156221255660057,-0.4708086848258972,0.541847825050354,-0.1694121956825256,0.4195210933685303,-0.442405492067337,-0.4311137795448303,-0.6673926711082458,-0.5927627682685852,0.2937128841876983,-0.254387766122818,-0.1351501792669296,0.3849182426929474,-0.2619296014308929,-0.7117601633071899,0.0597695671021938,0.5861673355102539,0.7700503468513489,-0.0132831567898392,-0.6066745519638062,-0.1960651129484176,0.6873921751976013,-0.547984778881073,-0.5400975346565247,0.4154466986656189,0.1076263710856437,-0.1662546545267105,-1.2700328826904297,-0.5140187740325928,0.0381118841469287,0.2047514766454696,0.0872189998626709,0.3042427599430084,0.313170462846756,-0.7684974074363708,-0.0522592365741729,-0.2107192426919937,-0.4208403527736664,-0.0082399751991033,-0.6725155711174011,-0.0168707463890314,-0.0056731821969151,-0.0502896383404731,0.3623483777046203,0.4671494662761688,-0.5879364013671875,-0.5686380863189697,0.6638633608818054,0.0826817974448204,-0.0766754001379013,0.1549256592988968,-0.0659083724021911,-0.0700471103191375,-0.0809440687298774,0.2502497732639313,0.0181322004646062,-0.0143737588077783,-0.1956687569618225,-0.9357731342315674,-0.3335310220718384,-0.0495368614792823,-0.5991264581680298,0.2720220685005188,0.4337344765663147,0.3985464572906494,-0.5557474493980408,-0.2119863927364349,-0.0220101401209831,0.1050223112106323,-0.0233714487403631,0.2616032660007477,-0.2120182663202285,-0.7458323836326599,0.3161114454269409,-0.0066794292069971,-0.6431190967559814,0.9986083507537842,0.4705783128738403,-0.4478468000888824,0.2538035809993744,0.5429999828338623,-0.075812354683876,-0.0241908878087997,-0.1497900038957595,-0.1301266849040985,0.4301778972148895,0.5897316932678223,-0.0673604309558868,0.4001072347164154,0.54787278175354,-0.5966002345085144,0.2296280264854431,0.3668725788593292,0.4745544493198395,0.3966063261032104,0.2037197351455688,-0.2617100179195404,-0.6149609088897705,-0.4631447792053222,0.5094165205955505,0.0765738114714622,0.4165362119674682,-0.6902557015419006,0.5529535412788391,0.6345256567001343,-0.4805977344512939,0.2621365487575531,0.7586119174957275,0.3902497291564941,0.6201915740966797,0.0615557804703712,-0.0530609637498855,-0.8092895150184631,0.2745731174945831,0.2870551645755768,0.2036870270967483,-0.463621586561203,0.1886362582445144,0.2509280145168304,-0.1919727176427841,0.6649855971336365,0.0093972347676754,0.1728203147649765,-0.2495463490486145,0.0424697063863277,-0.3905650079250335,1.095055341720581,0.1733011454343795,0.0476333647966384,-0.0253128428012132,0.0183791108429431,0.7762298583984375,0.9556653499603271,0.0234649702906608,0.5158916711807251,-0.4353120625019073,-0.8015168309211731,0.198608323931694,-0.0879543423652648,0.1093062981963157,0.3635066151618957,-0.7275462746620178,-0.6553463339805603,0.4987103939056396,0.5516265034675598,0.0049676499329507,-0.4832227826118469,-0.6145856380462646,0.2443915605545044,-0.3449739217758178,0.1444388031959533,-0.068714939057827,0.3258285820484161,0.4650343954563141,-0.1741984039545059,0.1132619380950927,0.1343716830015182,0.9526219367980956,0.1169881522655487,-0.117631010711193,0.0568449087440967,-0.0661344826221466,-0.1289691030979156,0.3504373431205749,0.4047816395759582,-0.1433710008859634,-0.3543340861797333,0.3738506138324737,-0.375341534614563,0.053299032151699,-0.2983351945877075,0.0710311606526374,-0.0395378246903419,-0.3438209593296051,0.3279116153717041,-0.3511159121990204,0.1414878219366073,-0.0454248748719692,-0.6893982887268066,-0.2800306677818298,0.2413385510444641,0.1046139150857925,-0.23984195291996,-0.0424303598701953,-0.4170655608177185,-0.3412121534347534,-0.1443758010864257,0.4417863190174103,-1.0503523349761963,-0.4566903114318847,0.6966690421104431,0.3707581460475921,-0.1649820506572723,-1.7377703189849854,0.502282440662384,0.2026951909065246,0.2344203293323516,0.1433061212301254,0.161909744143486,-0.270626038312912,-0.0602383725345134,-0.324645847082138,-0.4478770792484283,-0.1939189136028289,-10.064741134643556,-0.118980161845684,-0.044458944350481,-0.6670801639556885,-0.4677652716636657,-0.2124282419681549,0.815504252910614,0.3467740714550018,-0.0198790207505226,-0.0943387746810913,-0.5059342384338379,0.2101556360721588,0.2575380206108093,0.0340120829641819,-0.2781917750835418,0.0262715313583612,-0.6753649711608887,-0.3389057219028473,-0.2077060937881469,-0.0290699582546949,-0.1534727811813354,-0.3773875832557678,0.394524872303009,0.4312243461608886,0.6899039149284363,-0.2915534675121307,-0.2736877202987671,0.1792792975902557,-0.2194414883852005,0.7218489050865173,-0.6439197659492493,0.1900515705347061,-0.3986168503761291,0.5046277046203613,-0.3047820925712585,0.1331530809402465,0.4443447589874267,0.4245266914367676,-0.0812497064471244,0.6314818263053894,0.337121307849884,0.1262087672948837,0.2933252155780792,-0.1764897853136062,0.1930235922336578,0.1012420132756233,0.4318543076515198,0.0651801154017448,0.9178564548492432,-0.2311295419931411,-0.3736739754676819,0.0102076102048158,-0.0517674833536148,-0.2916453182697296,0.1447509378194809,0.2727953791618347,0.4968677163124084,-0.6255561113357544,0.2618257105350494,0.1186563149094581,0.3850005865097046,0.4584890007972717,0.9727123975753784,0.8037772178649902,-0.0570654310286045,0.422381579875946,0.031741689890623,0.1411834806203842,-0.8406851291656494,-0.4607540071010589,0.3384617269039154,0.6102051734924316,0.0350587368011474,0.3055108487606048,0.1851014792919159,0.3750440776348114,-0.1586963385343551,0.0874420329928398,0.1666809320449829,0.0276464819908142,0.1760093867778778,-0.3346437811851501,0.081030361354351,0.3944560885429382,-0.7959666848182678,-0.2167527824640274,0.1910678148269653,-0.0385501720011234,0.1602315604686737,-0.6398369669914246,0.7045271396636963,0.2658992111682892,-0.5752713084220886,0.3087821006774902,0.3162032067775726,-0.08292156457901,-0.3179875612258911,0.0082502365112304,0.3814301192760467,-0.3947063088417053,1
0.1436021029949188,0.4760147333145141,0.520443856716156,-0.040516085922718,0.1355667561292648,0.4121549129486084,0.2470580786466598,0.0393412262201309,-0.2449682801961898,-0.3183111250400543,0.4733277261257171,-0.2806175351142883,-0.0095649398863315,0.2804759740829468,0.4656943678855896,0.0333313457667827,0.1601976454257965,0.0166907031089067,0.081805020570755,-0.2609046399593353,-0.5244802832603455,-0.3851250410079956,-0.0681594386696815,0.553932785987854,-0.1129333302378654,-0.2900026142597198,0.2208314090967178,0.2348780632019043,0.1452268362045288,-0.2682205736637115,-0.5381882190704346,-0.1142109408974647,-0.2560537755489349,-0.146924614906311,-0.6629698872566223,0.1607761234045028,-0.2345646470785141,-0.4355545938014984,0.1949432492256164,-0.0649727806448936,-0.3724585771560669,-0.5184357166290283,-0.3657861948013305,0.2535678744316101,-0.2670301795005798,0.647985577583313,0.2868636548519134,0.0120322350412607,-0.0360344611108303,-0.1444292068481445,-0.4475191831588745,0.3806394636631012,0.5236448645591736,0.2222788035869598,0.4632014036178589,0.0392754822969436,0.438151091337204,-0.4537147283554077,-0.0896975770592689,0.3005534410476684,-0.3493469953536987,-0.3320157527923584,0.2071469724178314,0.1773217171430587,-0.2782520651817322,-0.2870227992534637,-0.2737636268138885,-0.2506910562515259,0.3539777100086212,-0.4801340699195862,0.2309203445911407,0.0690744519233703,0.0244809407740831,-0.4773127734661102,0.7760274410247803,-0.4716142416000366,0.1061046496033668,0.6697618365287781,0.1925138533115387,-0.50040602684021,-0.3059767782688141,0.3817823231220245,0.0695223584771156,-0.5225314497947693,0.0268813259899616,0.4844503104686737,-0.2765300869941711,-0.6400526165962219,0.2573601007461548,-0.2693850100040436,0.1697877198457718,-0.0314377322793006,-0.0867879763245582,0.1090522781014442,0.2577772736549377,0.0512136742472648,0.2261030375957489,-0.3760348558425903,-0.5389561653137207,0.5311377644538879,2.51044039032422e-05,0.3542061150074005,-0.0739018768072128,-0.3581577241420746,-0.32047900557518,-0.2437103688716888,-0.3489379584789276,0.1253686547279358,0.1414273977279663,0.02456477843225,-0.4848189353942871,-0.4828318357467651,-0.5036418437957764,0.1290945261716842,0.301603227853775,0.4359334707260132,-0.2958017289638519,0.8389654159545898,-0.6990072131156921,0.263516902923584,0.1916245073080063,0.1630425006151199,-0.1184428259730339,-0.7734029293060303,-0.3936260342597961,0.3836346566677093,0.0105268890038132,-0.3602735996246338,-0.2673345506191253,-0.2120362818241119,-0.2694811224937439,-0.7639397382736206,-0.2018875032663345,0.1060771718621254,-0.5572187900543213,0.8400313258171082,0.214869275689125,0.0345688387751579,-0.2118367701768875,-0.5979709625244141,-0.2139784395694732,0.1804542392492294,0.1810496151447296,-0.4719362258911133,0.153009682893753,-0.1642559170722961,-0.5661556124687195,-0.1956063359975814,0.4010720551013946,0.3133334517478943,-0.2390900254249572,1.0713328123092651,-0.5404099225997925,0.3497320413589477,0.2893838286399841,0.3755028545856476,-0.5911185145378113,0.4701931178569793,0.1913316398859024,0.4683494567871094,0.4915212392807007,-0.4738372564315796,0.1579657346010208,0.84047532081604,0.1735986173152923,0.9700894951820374,0.3409384787082672,0.1323056519031524,-0.1251498311758041,0.2837282121181488,-0.112132504582405,0.1164272427558898,0.2942061424255371,0.0247102379798889,-0.2115636169910431,0.148512378334999,0.6580195426940918,0.0461067035794258,0.1119595468044281,-0.7581301927566528,-0.1707891374826431,-0.1043240651488304,-0.0631945133209228,-0.3720611333847046,0.1069155260920524,-0.1938517242670059,0.1037309616804122,-0.1769759804010391,-0.2621369659900665,0.0367826037108898,-0.0544879473745822,-0.3002191185951233,0.0892605856060981,-0.2272365391254425,-0.0074302842840552,-0.0999141260981559,-0.1090022474527359,0.3781091272830963,-0.3289460837841034,0.1254525929689407,0.0452589020133018,0.1746404021978378,0.1426068991422653,-0.4202957153320312,-0.9804330468177797,0.1611795872449875,0.3522931337356567,0.5061672925949097,0.3872371315956116,0.476538747549057,-0.4680519700050354,-0.1165817975997924,0.3253138661384582,0.2915424704551697,0.0952239632606506,0.0721261575818061,-0.5008885264396667,-0.0355026759207248,0.1754001528024673,-0.1561048477888107,0.3525710105895996,-0.3148148953914642,0.0433689467608928,-0.0323833413422107,-0.1419145166873932,0.3383619487285614,-0.0094999074935913,0.0198075175285339,-0.3670475482940674,0.7035617232322693,-0.6241352558135986,-0.4338922500610351,-0.30593341588974,0.0842372551560401,-0.5286091566085815,-0.1505713760852813,-0.2348440289497375,-0.0514954626560211,-0.2274276316165924,0.3515615165233612,-0.0833070501685142,-0.4917574822902679,0.3569442331790924,-0.4175748825073242,-0.115273967385292,0.2419755905866623,0.2825775146484375,-0.018309973180294,-0.4075641632080078,-0.1036663874983787,-0.4949061572551727,-0.279055505990982,0.0056330910883843,-0.0678305178880691,-0.0513651818037033,0.3704349994659424,0.2042995542287826,-0.3847377300262451,0.0355272628366947,-0.2044546455144882,-0.3028552234172821,-0.529238224029541,0.0182055421173572,0.2599003911018371,-0.3725984096527099,0.0917545482516288,0.1857430189847946,-0.2930662035942077,-0.3502245843410492,-0.5989937782287598,-0.1797903478145599,-0.4264715611934662,-0.1899461150169372,-0.0320223048329353,-0.2142766416072845,-0.0985549688339233,0.0369618013501167,0.5879033803939819,0.0230570212006568,0.2875877320766449,-0.6197651624679565,0.7361361384391785,-0.6082935333251953,0.0676687806844711,0.061276588588953,0.0132670383900403,-0.277873545885086,-0.0273220259696245,-0.1518689543008804,0.3704155087471008,0.3220193684101105,-0.3361058235168457,-0.7740427255630493,0.2637606859207153,-0.5001668334007263,0.0005189199582673,0.3942046761512756,0.1086084097623825,0.1444110125303268,0.4720957577228546,0.3073595762252807,0.3235714137554168,0.2221800982952118,-0.2374111264944076,0.0178797859698534,-0.5314709544181824,-0.2353055775165558,0.2235418707132339,0.2002186477184295,-0.5355784893035889,0.6545559763908386,0.8804174661636353,-0.3138393461704254,0.3077026307582855,0.6682865619659424,0.4998513758182525,-1.5672883987426758,-0.5532787442207336,0.5607146620750427,-0.0290586464107036,-0.2579805552959442,0.2894728481769562,0.1668670028448104,-0.1158513650298118,-0.258879154920578,-0.5370262265205383,1.0704467296600342,0.3892701268196106,-0.5149626731872559,-0.1512017250061035,0.4118695259094238,-0.4666384160518646,-0.053821749985218,-0.4337458312511444,0.2321127355098724,0.2746247053146362,-0.1530755013227462,-0.1062830612063407,-0.0978514030575752,-0.2574749588966369,-0.475186824798584,0.1475206166505813,-0.1578989028930664,0.1769176572561264,-0.7736076712608337,0.1362100839614868,0.5630185604095459,0.8862203359603882,0.545750081539154,0.0919663161039352,-0.490884929895401,-0.1934563070535659,0.1070753410458564,-0.1331032514572143,0.1477452516555786,0.1042016521096229,-0.1481118202209472,-0.3976559937000274,0.1007650643587112,0.2914299070835113,0.0358782783150672,-0.2461219280958175,0.2414776980876922,0.2418257147073745,-0.3718934655189514,0.6004109978675842,0.6032012701034546,0.2418727278709411,0.0543709732592105,0.4719774127006531,0.4318602681159973,0.1429002285003662,0.1427491009235382,-0.6793275475502014,-0.1882162094116211,-0.6503918170928955,0.4768767952919006,0.0489878058433532,-0.0098654786124825,0.1056298688054084,-0.4701403677463531,-0.1118633523583412,-0.2348924577236175,-0.5514304637908936,0.2146954387426376,-0.6098799109458923,-0.1148558855056762,0.1246750727295875,0.0024774100165814,-0.7247506976127625,0.7292687892913818,0.4217943847179413,0.2291190177202224,-0.0316538736224174,-0.504948079586029,0.3413230180740356,-0.06593569368124,0.2844223380088806,-0.1331911236047744,0.1863025277853012,-0.2007573544979095,-0.1654170006513595,-0.1414541751146316,-0.4378226101398468,-0.2382577359676361,-0.2414361387491226,-0.6665494441986084,0.0339692719280719,-0.2988805770874023,0.5970770716667175,-0.0321839340031147,-0.0281089358031749,0.1595696955919265,-0.0218652412295341,-0.7275266647338867,0.2239963561296463,-0.2137190401554107,0.5042117238044739,-0.0590324290096759,0.3673605918884277,0.4306186735630035,0.3792304396629333,0.4776923954486847,-0.3136328160762787,-0.2489316612482071,0.049545407295227,-0.2037493586540222,-0.4218508899211883,0.4289617240428924,-0.1665335446596145,0.3513250350952148,0.1480431258678436,-0.0644152536988258,0.7453367710113525,-0.3863460123538971,-0.590925395488739,0.3703120648860931,0.1343785375356674,-0.3288425803184509,0.5917515158653259,0.5026572942733765,1.114573955535889,0.1152034699916839,0.0042184432968497,-0.0213708374649286,-0.4204188883304596,-0.1956131309270858,-0.3392222821712494,0.1684875786304474,0.0804361701011657,0.1213329136371612,0.29220911860466,0.3026862740516662,0.236103281378746,0.4002711176872253,0.4376147091388702,-0.1330475360155105,0.1911417692899704,0.1711851358413696,0.5151563882827759,-0.2853544354438782,0.2195437103509903,-0.4552189707756042,0.0833936929702758,-0.1818427890539169,-0.1858322024345398,0.464251697063446,0.1226116046309471,0.5885836482048035,-0.2604917585849762,-0.4415898621082306,-0.6523540019989014,-0.4901044368743896,0.1916620880365371,0.0257072281092405,0.2635956406593323,0.3684702515602112,0.2614016830921173,-0.5787962675094604,0.4720767438411712,0.5493373274803162,0.5441653728485107,-0.2819323241710663,-0.3391910195350647,-0.3314475119113922,0.3988560438156128,-0.3144572079181671,-0.028528157621622,0.1782623380422592,-0.1487679034471511,-0.454703688621521,-0.7674251794815063,-0.256890594959259,-0.1064234003424644,0.3024682700634002,-0.2608542442321777,0.2231449633836746,0.2081652879714965,-0.5326858162879944,-0.0439787246286869,-0.2681263089179992,-0.0024158479645848,-0.118186704814434,-0.6096467971801758,0.0867198631167411,0.008563382551074,0.1492009758949279,0.3676314949989319,0.3950444459915161,-0.411272644996643,-0.1504712998867035,0.7607854604721069,0.2570199966430664,-0.3157401382923126,-0.0443465039134025,-0.1181658953428268,0.0071139284409582,0.1263914257287979,0.3083916306495666,0.136229321360588,0.1074943989515304,-0.0745394006371498,-0.9373021125793456,0.0810179114341735,0.2071069031953811,-0.9186394214630128,0.626550018787384,0.221743494272232,0.3904305100440979,-0.5586326718330383,0.0089258877560496,-0.1464002579450607,0.1471201628446579,-0.0286505911499261,0.2440633475780487,-0.0029731357935816,-0.782563328742981,0.193731740117073,-0.0496804527938365,-0.5582283139228821,0.5717092752456665,0.1661548167467117,-0.4570542871952057,0.6033976078033447,0.7643110752105713,0.1273874044418335,-0.1116436198353767,0.1948781609535217,-0.248559221625328,-0.1731459945440292,0.3787604868412018,-0.2007319927215576,0.3682032227516174,0.726856529712677,-0.1941127628087997,0.0770600959658622,0.6824701428413391,0.28345587849617,0.6207801699638367,0.216732919216156,-0.322537213563919,-0.151516854763031,-0.458547830581665,0.1660729348659515,0.3028993606567383,0.4395976662635803,-0.7409238219261169,0.7944380044937134,0.3855474293231964,-0.4022370278835296,0.1852138042449951,1.2202502489089966,0.0075051747262477,0.547075629234314,0.1792142689228058,-0.0196984410285949,-0.8127650618553162,0.051783014088869,0.3300349712371826,-0.0844670981168747,-0.395940214395523,0.0198776014149189,-0.2779872119426727,-0.2427293807268142,0.0772854089736938,0.0358061864972114,0.1624953597784042,0.4404417276382446,0.8211683034896851,-0.0991571545600891,0.5420050024986267,0.1010403037071228,0.3800553977489471,0.1059740781784057,0.1522393375635147,0.8990647792816162,0.8475915789604187,0.0957222431898117,0.5670256614685059,-0.3074091970920563,-0.6257753968238831,-0.0145964697003364,0.084911324083805,-0.2425645589828491,0.4353976845741272,-0.195100724697113,-0.6292625069618225,0.937519073486328,0.4565671980381012,-0.2204028218984604,-0.3532623946666717,-0.6342969536781311,-0.0746966376900672,-0.104963444173336,-0.3011061549186706,0.1134302616119384,-0.0528447963297367,0.2998591661453247,0.0571296960115432,-0.5632373094558716,0.2013960480690002,0.6452521681785583,0.0856429114937782,-0.4861589968204498,0.0669129565358161,0.313488245010376,-0.0120544591918587,0.2230754494667053,0.3972301185131073,-0.0359833985567092,0.084679290652275,0.0046821422874927,-0.3153759837150574,-0.2360379248857498,-0.1220315247774124,0.3916496932506561,0.2240438014268875,-0.3605740070343017,-0.2840528488159179,-0.5430475473403931,0.4000204801559448,-0.1045521423220634,-0.4443171620368957,-0.1876736283302307,-0.1943604201078415,0.0454037003219127,-0.2651733458042145,-0.170264258980751,-0.6938270330429077,-0.2417116016149521,-0.4194343388080597,0.0297287926077842,-1.0108808279037476,-0.3623041212558746,0.3389360010623932,0.0947883278131485,-0.1927342861890792,-1.177979826927185,0.7673126459121704,0.1398207545280456,0.0411359742283821,-0.0010035516461357,0.1532678604125976,0.1918054372072219,-0.1739877015352249,-0.163382425904274,-0.5492359399795532,0.1756602674722671,-10.347471237182615,0.0249925479292869,-0.1965235322713852,-0.2133492529392242,-0.1466896086931228,-0.1480572074651718,0.3369010388851166,0.4971202313899994,-0.2494784891605377,0.2352823466062545,-0.3665112257003784,0.1195748373866081,0.3874350488185882,0.4736702144145965,-0.5762146711349487,-0.2978186905384063,-0.3613316118717193,-0.3120526075363159,-0.433671772480011,-0.1018822416663169,-0.4009851217269897,-0.150986835360527,0.456144243478775,0.2690716385841369,0.3736689388751983,-0.7613019943237305,0.0615807697176933,0.0794048756361007,-0.0647756457328796,0.4634198248386383,-0.7395608425140381,0.5345278382301331,-0.180346205830574,0.5743720531463623,-0.1988144367933273,0.2693160474300384,0.0717712417244911,0.9688467383384703,-0.3133595287799835,0.8121024966239929,0.105990245938301,0.2381305545568466,-0.1226010769605636,-0.1609797179698944,0.294128268957138,0.1116446554660797,0.1965523511171341,0.1474090963602066,0.3622747659683227,0.0451815202832222,-0.0563434772193431,-0.0835579633712768,0.2544997632503509,-0.3592097163200378,0.2684912383556366,0.0063286526128649,0.4149268865585327,-0.5996145606040955,0.1556549668312072,0.066417820751667,0.1400555223226547,0.2827346622943878,0.9318172931671144,0.4507248997688293,0.056461289525032,0.4597067534923553,-0.2881715595722198,-0.1909134984016418,-0.5835733413696289,-0.0211839079856872,0.3071167469024658,0.3946160674095154,0.0545001626014709,0.2184887826442718,-0.1364253014326095,0.3006928265094757,-0.1609694063663482,0.1998888999223709,0.2610785663127899,0.1336904466152191,0.6101908683776855,-0.538430392742157,-0.1358560472726822,0.308918297290802,-0.3431371450424194,-0.1367070823907852,-0.0287137608975172,-0.0075504528358578,0.4211878180503845,-0.4826637208461761,0.6333653330802917,-0.0693775936961174,-0.5321402549743652,0.4439545273780823,0.3355056643486023,-0.6278597712516785,0.1577340215444564,0.4782171249389648,0.0658742189407348,-0.446895033121109,1
0.2532706260681152,0.0987377539277076,0.695462167263031,-0.788378119468689,0.2845889627933502,0.2739372551441192,0.5229560732841492,0.0308304708451032,0.329807847738266,-0.0047568748705089,0.8151411414146423,-0.5771900415420532,-0.3108467757701874,0.0118641965091228,0.8121463656425476,-0.0799373686313629,0.0662725940346717,-0.3579889833927154,0.2810685336589813,-0.4047544002532959,-0.898082971572876,-0.4622021019458771,-0.1811175048351287,0.4407342970371246,0.0405904427170753,-0.3358346819877624,-0.2216216474771499,0.1015611737966537,-0.0268296990543603,-0.1423835605382919,-0.1249073669314384,-0.0003216134209651,-0.1280248165130615,0.2588240802288055,-0.2769311964511871,0.4170865416526794,-0.1586385071277618,-0.3565927147865295,0.3772844076156616,-0.0922773405909538,0.066784419119358,-0.1347412019968032,-0.5744683146476746,-0.1443625092506408,-0.4192698895931244,0.1109077781438827,0.1844979077577591,-0.0178516265004873,0.0975063443183898,-0.0561684519052505,-0.0695068016648292,0.2375513613224029,0.3325744867324829,0.0622163414955139,0.5577507019042969,-0.2280598431825637,0.6069426536560059,-0.5550383925437927,0.1489911675453186,0.2966927886009216,-0.2745700776576996,-0.4716651439666748,-0.0222448799759149,-0.0160193610936403,0.0210027657449245,0.1788352280855178,-0.2300526797771453,-0.2054558545351028,0.062745377421379,-0.7878321409225464,-0.0567941181361675,-0.4089924693107605,0.1188134476542472,-0.5437332391738892,0.6642235517501831,-0.6891169548034668,0.0436958484351635,0.3674329221248626,0.351985365152359,0.0289693027734756,0.0356173738837242,0.5893229246139526,-0.0582076497375965,-0.7171617150306702,0.3383505344390869,0.4423727989196777,-0.6668835878372192,-0.7380755543708801,0.5011488795280457,-0.1539530903100967,-0.0566951856017112,0.245523989200592,0.3910331726074219,0.2632933259010315,0.1935956329107284,-0.0808111652731895,0.1623323112726211,0.0795813649892807,-0.1746549308300018,0.2877536714076996,-0.0189735908061265,0.1992611438035965,0.5635280609130859,-0.3354761302471161,-0.2567151486873626,0.2298184782266616,0.0276396125555038,0.2482610791921615,0.0117512764409184,-0.0018338343361392,-0.2761610448360443,-0.5926923155784607,-0.7283720970153809,-0.2936768233776092,0.2310864180326461,-0.1952164322137832,-0.3658513724803924,0.7645565867424011,-0.5874225497245789,0.5376728773117065,-0.1070760637521743,0.1925259381532669,-0.0016020741313695,-0.6449110507965088,-0.0439450852572917,0.3632254898548126,0.0686226487159729,0.0415229722857475,-0.5548744797706604,-0.1741340905427932,-0.3752830028533935,-0.2127263993024826,-0.0316730551421642,-0.0864915996789932,-0.373455137014389,1.1571969985961914,-0.097740963101387,-0.0951070711016655,-0.2000003159046173,-0.6002620458602905,-0.2613614797592163,0.1089162975549697,0.0531519390642643,-0.3723576366901397,-0.1141867041587829,0.0115593979135155,-0.3976087868213653,-0.4829869568347931,0.1370451897382736,0.5222105979919434,-0.2626397907733917,0.57652747631073,-0.6167981028556824,0.1627831906080246,0.7411280274391174,0.2015890032052993,-0.6246767640113831,-0.0569022260606288,-0.0529121756553649,0.0288467202335596,0.3883481025695801,-0.0622968822717666,0.4679118394851684,0.6140761375427246,0.1569973081350326,0.310498833656311,0.5609771013259888,0.2981100678443908,-0.0072326641529798,0.7158469557762146,0.5763144493103027,0.43195840716362,0.115408144891262,0.0740832239389419,0.0743823423981666,0.0270756967365741,0.4962116479873657,0.2338863313198089,0.0778639242053031,-0.8886308670043945,-0.2126546800136566,-0.1301453709602356,0.0364229902625083,-0.7401298880577087,0.2935038805007934,0.022360797971487,0.086565151810646,-0.0575080290436744,-0.2426249384880066,-0.3027923107147217,0.1581906527280807,-0.5247434973716736,0.0502157770097255,-0.1854927092790603,-0.1930140554904937,-0.3623448312282562,0.0948902890086174,-0.1174862757325172,-0.9546682834625244,0.6524492502212524,0.1671255379915237,0.2455084770917892,-0.0862253233790397,-0.7541435956954956,-0.9996516108512878,-0.2930129468441009,-0.3918368518352508,0.0852741971611976,0.1768232583999633,0.5676061511039734,-0.1594313979148864,0.6562680006027222,0.2106885313987732,0.0470487363636493,0.518510639667511,0.3330311179161072,-0.4140934348106384,-0.5879434943199158,0.44040247797966,-0.3552228808403015,0.1249063834547996,0.0959924459457397,0.0463635064661502,0.2098229676485061,-0.1418901234865188,0.6370053887367249,0.6892861127853394,-0.0222339127212762,-0.3681532442569732,0.2879819571971893,-0.7261726260185242,-0.5229018926620483,-0.8680969476699829,-0.0679086074233055,-0.6883446574211121,-0.0201859418302774,-0.4460278153419494,0.1422391682863235,-0.513913631439209,0.1165496483445167,-0.1568323671817779,-0.197795107960701,-0.0366561599075794,-0.2543551325798034,-0.0991805121302604,0.3934505581855774,-0.3036240339279175,0.0169656351208686,-0.0490956716239452,0.1903905719518661,-0.4490347802639007,-0.2930056154727936,-0.1993537098169326,-0.1879448145627975,0.8190457224845886,0.3757774531841278,0.5096253752708435,-0.2915777266025543,0.3047144711017608,-0.595760703086853,-0.2113314568996429,-0.5668776631355286,0.0254399832338094,0.1521657407283783,-0.1082426533102989,0.1603581011295318,0.4886753261089325,-0.2900901436805725,-0.2551992237567901,-0.4541031718254089,-0.3060418367385864,-0.4377330839633941,-0.1361687034368515,-0.1341603249311447,-0.1757345795631408,-0.0758554339408874,-0.159386321902275,0.5477481484413147,-0.4633041024208069,0.5534378886222839,-0.5546610355377197,0.5923728346824646,-0.5685274004936218,-0.1347612291574478,-0.0025372437667101,-0.071004681289196,-0.6563525795936584,0.1880975663661956,-0.2660448253154754,0.4703210890293121,0.3350112438201904,-0.2538422644138336,-0.598699688911438,-0.0232988242059946,-0.0641149654984474,0.060272429138422,0.4363966584205627,-0.0683801770210266,0.1888559162616729,-0.1943584233522415,0.2120733708143234,0.3690426647663116,0.2868625819683075,0.2486688643693924,0.075394831597805,-0.1290331333875656,0.0138281537219882,-0.1021203696727752,0.5818308591842651,-0.1828913688659668,0.087082915008068,0.3968253433704376,-0.1202116534113884,0.8358070254325867,0.2473534196615219,0.2957504391670227,-2.020251512527466,-0.1786451488733291,0.5817697048187256,0.4256747364997864,-0.118711918592453,-0.0179369524121284,0.2898993194103241,0.3879290819168091,-0.4409017562866211,-0.6311237215995789,0.7173903584480286,0.0663825199007988,-0.2339789867401123,0.0945433229207992,0.2724086046218872,-0.528950035572052,-0.2289851009845733,-0.6272159814834595,0.3259004950523376,0.3261635303497314,-0.138554573059082,0.1693844199180603,-0.141314223408699,-0.3627247810363769,-0.1893465220928192,0.198416456580162,-0.1102242544293403,0.147545039653778,-0.3262853026390075,-0.1539093106985092,0.109817273914814,1.0552998781204224,0.814586341381073,0.776242733001709,-0.6050745248794556,-0.2913560569286346,0.1989247798919677,-0.0188326071947813,0.4067989289760589,-0.3291022777557373,-0.2606699764728546,-0.2374615371227264,0.1233339607715606,0.1134742870926857,-0.2659570276737213,0.3477733433246612,0.1086361333727836,0.2113602012395858,0.1642369627952575,0.2803328931331634,0.8354799151420593,0.0136864874511957,0.2617038488388061,0.1903945207595825,0.6998818516731262,-0.1251602172851562,-0.2027150839567184,-0.5031578540802002,-0.0973147079348564,-0.3982111811637878,0.4508980214595794,-0.0145898507907986,-0.4809547662734985,0.967228353023529,-0.631411075592041,0.0229471046477556,-0.0796091556549072,-0.8494340777397156,0.0667261555790901,-0.6475000977516174,-0.5113223195075989,-0.1117895767092704,0.0623994618654251,-0.3420248329639435,0.8333590030670166,0.4696038961410522,0.3454782366752624,-0.1749974191188812,-0.425815999507904,0.2032478898763656,-0.2558255791664123,-0.1189568191766738,0.2537873089313507,0.1977614164352417,-0.2993888556957245,0.4389089047908783,-0.0479048006236553,-0.0451583601534366,-0.0842034816741943,0.1014230176806449,-0.6623100638389587,-0.1300254017114639,-0.3639821410179138,0.3879884481430053,-0.1465943753719329,-0.0079006925225257,0.264993280172348,0.2083969116210937,-0.3124489784240722,-0.2195201814174652,-0.5180662274360657,0.3404393494129181,0.5172236561775208,0.6039378046989441,0.3499276041984558,0.4126749038696289,0.1655406802892685,0.1384489983320236,-0.1425452381372451,-0.1895144581794738,-0.697188675403595,-0.4061895906925201,0.641554594039917,-0.3978472948074341,0.4145642518997192,0.1585064828395843,-0.3193343579769134,0.559643566608429,-0.3402338922023773,-0.6002998352050781,0.1456852257251739,-0.1490272581577301,-0.0228659324347972,0.677009642124176,0.3242879211902618,0.5955796837806702,-0.1784624308347702,0.3520129919052124,-0.2714016437530517,-0.1328338235616684,0.3526303172111511,-0.4063422679901123,-0.2712548077106476,-0.1278199851512909,0.6897587180137634,0.4252327382564544,0.57049959897995,-0.1547170728445053,0.1959076225757599,0.2570126354694366,0.0477967634797096,0.5085016489028931,0.212759867310524,0.4212331175804138,-0.1007137447595596,0.0740931332111358,0.0424261689186096,0.3129554688930511,-0.1835649311542511,-0.0673314779996872,0.4640933275222778,-0.0965812131762504,0.1915635764598846,-0.4042709469795227,-0.5198997855186462,-0.5844088196754456,-0.7990305423736572,-0.085508182644844,-0.4080610871315002,-0.1791247129440307,0.3411083519458771,-0.1379453986883163,-0.8542823195457458,0.384833812713623,0.5820035338401794,0.4037805497646332,0.0046177455224096,-0.4181258082389831,-0.2042261362075805,0.4808001220226288,-0.6637538075447083,-0.5639190077781677,0.3904752433300018,-0.1858015805482864,-0.2967082858085632,-0.6603965163230896,-0.0561350509524345,-0.0324935242533683,0.1721220165491104,0.4071244299411773,0.2922839522361755,0.1666185855865478,-0.7016850113868713,-0.2682046890258789,0.0328103117644786,-0.0671117752790451,-0.2682165205478668,-0.5044615268707275,0.0887793377041816,0.1946971714496612,-0.0399043001234531,0.9694170951843262,0.601988673210144,-0.1941685974597931,-0.0345485620200634,0.1649303585290908,0.2807846665382385,-0.577812671661377,-0.3480718433856964,-0.1399733126163482,0.0165531374514102,0.2639556527137756,0.3049851953983307,0.4276651442050934,-0.1273596286773681,0.1302716583013534,-0.8541355729103088,-0.1211500763893127,0.1938444226980209,-0.8813349604606628,0.475998967885971,0.3574241399765014,0.3801551461219787,-0.5731029510498047,-0.3336079120635986,-0.1658072620630264,0.0058364258147776,0.0952580273151397,0.4235550761222839,-0.1102072373032569,-0.7596131563186646,0.1128843277692794,-0.0955019816756248,-0.7349411845207214,0.8560672998428345,0.080874502658844,-0.15021812915802,0.4306968450546264,0.6076554656028748,-0.1369597017765045,-0.6785984635353088,0.2332697510719299,-0.6413567662239075,0.2122153341770172,0.4102717041969299,-0.2345986515283584,0.487755686044693,0.4002706408500671,-0.078540526330471,-0.0764096081256866,0.2724423706531524,0.5841503739356995,0.6275725960731506,0.1791280657052993,-0.129294216632843,0.0426231920719146,-0.4053936898708343,0.2163338661193847,0.0956493467092514,0.490267813205719,-0.8582172393798828,0.4232311546802521,0.813017725944519,-0.1733649671077728,0.2934611439704895,0.6261663436889648,0.0053694085218012,0.4276522994041443,-0.0662788525223732,0.0245866160839796,-0.7677519917488098,-0.0055866027250885,-0.2524584233760834,0.2224869579076767,-0.357456237077713,-0.0999850928783416,-0.2182814329862594,-0.1435237973928451,0.3530179858207702,0.1560963541269302,0.212538793683052,0.1890817582607269,0.2296523153781891,0.000207888893783,0.3542346358299255,0.4711443483829498,-0.3778266012668609,-0.0770725607872009,0.0742701888084411,0.6616275906562805,1.209641933441162,-0.087912879884243,0.2223187088966369,-0.3241991102695465,-0.6356528401374817,0.20099937915802,-0.3099284768104553,-0.2028025686740875,0.6353564858436584,-0.4642383158206939,-0.4211028516292572,0.720435619354248,0.5569702982902527,-0.1122596189379692,-0.335921049118042,-0.6789876818656921,0.3064512908458709,-0.3645256459712982,-0.0358039699494838,-0.180355817079544,0.171331912279129,0.610625147819519,0.0939211472868919,-0.2659443020820617,0.2795200645923614,0.2603947520256042,0.2074338048696518,-0.2944416403770447,0.426446259021759,0.3471634984016418,-0.1667355895042419,-0.2200981974601745,0.385380744934082,-0.5667834877967834,0.0728470310568809,0.6288888454437256,-0.3506180047988891,0.0230734758079051,-0.2788820266723633,0.5178975462913513,0.2655262351036072,-0.4333501756191253,-0.1251368522644043,-0.0558462217450141,0.1861028224229812,-0.1403570473194122,-0.3923693001270294,-0.0288898944854736,-0.0997362285852432,0.4373029172420501,0.0280037112534046,-0.0913358926773071,-0.6388508081436157,-0.4535933434963226,-0.5089301466941833,0.3431868553161621,-0.7353134155273438,-0.4752563238143921,0.490795224905014,-0.0036998414434492,-0.3830293118953705,-1.6215091943740845,0.611397385597229,0.1808617562055587,0.6054509282112122,-0.3519787192344665,0.1456091254949569,-0.1435514688491821,0.0344983451068401,0.0513985343277454,-0.2357434630393982,-0.0522996224462986,-10.219598770141602,0.0156664215028285,-0.2581032514572143,-0.5848661065101624,-0.3376686871051788,0.0620149336755275,0.6576822996139526,0.7729461789131165,-0.3146578073501587,0.4328012466430664,-0.2544274926185608,0.2174075692892074,0.3063734769821167,0.1622301638126373,0.0017183710588142,-0.1237581521272659,-0.2380910813808441,-0.2006743848323822,0.086128182709217,-0.1362071186304092,-0.4530825316905975,-0.5120074152946472,0.7517042756080627,0.2526982128620147,0.2176697850227356,-0.5295992493629456,-0.1853656321763992,0.4672966003417969,-0.1791441887617111,0.2496297359466552,-0.5725317597389221,0.3190526366233825,0.0167583376169204,0.3781613707542419,-0.373111367225647,-0.1352471560239792,0.3851295709609985,-0.0300110895186662,-0.0711425021290779,0.5282049775123596,0.173106238245964,0.2248717993497848,-0.045459359884262,-0.2821187078952789,0.8622176647186279,-0.0490557737648487,-0.080817312002182,0.154214009642601,0.6697948575019836,-0.1314888894557953,-0.116734966635704,-0.39342200756073,0.1688199490308761,-0.089091919362545,0.2086450010538101,-0.3155266046524048,0.3690418303012848,-0.8311924934387207,0.1901748478412628,0.1392320990562439,0.6711832284927368,0.1469493210315704,0.6424481868743896,0.7694492340087891,0.0902850776910781,0.2917851209640503,0.4187970757484436,-0.022094290703535,-0.2411062717437744,-0.174841895699501,0.3503516316413879,0.6631569266319275,-0.2369278669357299,0.054011907428503,0.0384159237146377,0.3050693571567535,0.0060562989674508,-0.0862767398357391,-0.0560752265155315,0.2086593061685562,0.525546669960022,-0.3600848615169525,-0.3099071383476257,0.4158210158348083,-0.4793710112571716,-0.0806445032358169,0.1260488778352737,0.3137144446372986,0.0892589390277862,-0.6076187491416931,0.516116738319397,-0.2219393253326416,-0.5502403378486633,0.4251792728900909,0.6095340251922607,-0.3401385247707367,-0.2818612456321716,0.1433808803558349,0.4594053924083709,0.0951334238052368,1
0.2399881780147552,0.498018354177475,0.8955079913139343,0.005041497759521,-0.2969804406166076,-0.1288875639438629,0.8377258777618408,-0.2465835809707641,-0.6963340044021606,-0.3838145136833191,0.5023658871650696,-0.2319454699754715,-0.2090045362710952,0.0123188756406307,0.3375872373580932,0.0955833196640014,-0.2994687259197235,-0.3320967853069305,0.105328544974327,-0.3356218636035919,-1.199247121810913,-0.4857733249664306,-0.014517749659717,0.0603932812809944,0.0599503107368946,-0.78136146068573,0.1385903805494308,0.0701314210891723,0.1482769697904586,-0.4499062299728393,-0.5657681226730347,0.0919201374053955,-0.1736220568418502,0.0030534949619323,-0.4910091757774353,0.6131080389022827,0.015275546349585,-0.0971176624298095,0.5189294815063477,0.1481046974658966,0.0030237135943025,-0.1044567003846168,0.0200241766870021,0.041071742773056,-0.100732646882534,0.4264664351940155,0.132814809679985,0.496850311756134,-0.1855993121862411,-0.1612194776535034,-0.3438955247402191,0.3898206353187561,0.5209559798240662,0.1577526032924652,0.192417174577713,0.0655715242028236,0.8847101330757141,-0.6201813220977783,0.2481703907251358,0.445669949054718,-0.4492683410644531,-0.5545591711997986,0.2076460719108581,0.0906073600053787,-0.3409030437469482,0.4919306635856628,-0.5973501801490784,-0.1568299680948257,0.4562695026397705,-0.5391255617141724,0.0492937266826629,-0.2538284361362457,0.144734114408493,-0.7692111730575562,0.5159355401992798,-0.4594015777111053,0.1821346580982208,-0.1125316768884658,-0.0764267742633819,0.1738098114728927,0.2126527577638626,0.2442357540130615,0.0553750321269035,-0.6869986653327942,-0.3677364289760589,0.6940591335296631,-0.9101846218109132,-1.0816364288330078,0.8663680553436279,-0.2362627536058426,-0.1768848001956939,0.3000737726688385,0.1569752246141433,0.0842565894126892,0.670451819896698,0.6204149723052979,0.0854531079530716,0.2576430439949035,0.0282056499272584,0.2926505506038666,-0.3810499310493469,-0.2817577421665191,0.3634460270404815,-0.3957997858524322,-0.4156117737293243,0.2613184750080108,-0.18729268014431,0.3636125922203064,0.0976108461618423,0.4044984877109527,-0.2066918462514877,-0.9868265986442566,-0.2262287437915802,0.1464495509862899,0.5395494699478149,0.2332690209150314,-0.1634886115789413,0.3493140339851379,-0.2618437111377716,0.2535730302333832,0.1716625392436981,0.5832396149635315,-0.0342006832361221,-1.1091642379760742,0.0796048045158386,0.3212693035602569,-0.0885724648833274,0.0260915197432041,-0.1137551367282867,-0.1529953628778457,-0.4824707508087158,-0.6091140508651733,-0.3289887309074402,-0.0974496304988861,-0.60126131772995,0.651743471622467,0.6650561094284058,0.5216874480247498,0.0827017351984977,-0.281015008687973,-0.6038870811462402,-0.0620010271668434,0.4018469750881195,-0.3225410282611847,0.6033268570899963,-0.0102281784638762,-0.4963041245937347,-0.4260859787464142,0.162226527929306,0.1483174860477447,-0.1598769277334213,0.80233234167099,-0.7591325640678406,-0.061724979430437,0.1537837088108062,0.451979249715805,-0.7278866171836853,0.169708713889122,0.2764085531234741,0.1890266835689544,0.7832756638526917,0.3377169668674469,0.1770556718111038,0.7063726782798767,0.3589708805084228,0.3684092462062835,0.3855596780776977,-0.3533316552639007,0.0153440618887543,0.4558740854263305,0.3503834903240204,0.2179538458585739,0.7681988477706909,0.1386443674564361,-0.5556210279464722,0.6621384024620056,1.071463704109192,-0.3012385964393616,-0.2049427926540374,-0.5722112059593201,-0.2706075012683868,-0.2144170552492141,0.5491052269935608,-0.7793207168579102,0.5074599385261536,-0.0006776891532354,0.000281504180748,-0.2342703640460968,0.1572796255350113,0.6060560941696167,-0.4203536808490753,-0.5844647288322449,0.2661496698856354,-0.5123875737190247,-0.2070800513029098,-0.2717030048370361,-0.2051060050725937,0.2209423929452896,-0.9210068583488464,0.3236485123634338,0.4330968856811523,0.073336474597454,-0.1983409821987152,-0.4938555061817169,-0.6892940998077393,0.0602587014436721,-0.0897126719355583,0.3994076550006866,-0.1870185732841491,0.0892463326454162,-0.2997252643108368,-0.1554416865110397,0.3474860787391662,0.2821784913539886,0.4196942150592804,0.155134379863739,-0.1165054142475128,-0.1757172346115112,0.3276111483573913,0.0551695227622985,0.3733872175216675,-0.1666144132614135,0.0150819709524512,-0.2423607110977172,0.1224497780203819,0.5370935797691345,0.3706514537334442,-0.6751798391342163,-0.2304879873991012,0.4684117436408996,-0.6569773554801941,-0.8943758010864258,-0.5819957852363586,-0.1027029827237129,-0.5708690881729126,-0.5742595195770264,-0.4286757409572601,0.2313897460699081,-0.5876480937004089,0.527140200138092,-0.1354325413703918,-0.3490617573261261,0.2205250561237335,-0.5164347887039185,-0.2158338129520416,0.1988855898380279,0.1232568025588989,-0.1676084250211715,-0.6289826035499573,-0.2826015055179596,-0.2267360836267471,-0.2499215751886367,0.1019749343395233,-0.3679527044296264,0.5211003422737122,0.7176828384399414,0.8670651316642761,-0.1786787658929824,0.3087609708309173,-0.3622464835643768,-0.4940388202667236,-0.6561098694801331,0.0756227597594261,0.1844679564237594,-0.096898503601551,0.04713986068964,-0.1329451650381088,-0.2873137891292572,-0.9781805872917176,-0.319053590297699,0.3318533599376678,-0.2461916804313659,0.0173809994012117,-0.1850131452083587,0.4622901380062103,0.1793286204338073,0.2592511773109436,0.7661769390106201,-0.3640256524085998,0.27199786901474,-0.3022246360778808,0.2611386179924011,-0.611751914024353,0.1417306810617447,-0.1542247682809829,0.4245662093162536,-0.510331392288208,-0.5345093607902527,-0.533447265625,0.716960072517395,0.4460596144199371,-0.6074992418289185,0.2070235908031463,-0.1222982481122016,-0.5591508150100708,0.4849247932434082,0.3392638266086578,0.0201661754399538,0.2770930826663971,-0.0716230198740959,0.6288016438484192,0.2935670912265777,0.8059220314025879,-0.0894927382469177,-0.2002018988132476,-0.1224767044186592,0.1709357798099517,0.7128282785415649,0.1837633997201919,-0.802681028842926,0.6803693771362305,0.3822384774684906,-0.5349481105804443,0.3936195373535156,0.5953669548034668,0.587542712688446,-1.3823076486587524,-0.1753514409065246,0.6864405870437622,0.7565538883209229,-0.6600862741470337,-7.142586582631338e-06,0.2971343398094177,0.3123375475406647,-0.1888991296291351,-0.2407542616128921,1.2328671216964722,-0.0909240394830703,-0.0652929991483688,-0.222514733672142,-0.0749331563711166,-0.3393189311027527,0.2482902556657791,-0.3786711990833282,0.0935624241828918,0.4356390237808227,-0.5850790143013,-0.1831747442483902,-0.3180065453052521,-0.2905949354171753,-0.424087792634964,0.6385433673858643,-0.5369762778282166,-0.1305275112390518,-0.0190998502075672,-0.4493971765041351,-0.1478213220834732,1.0692458152770996,1.1102465391159058,0.1682927459478378,-0.8284353017807007,-0.7258700728416443,0.1027304828166961,-0.3827482461929321,-0.0908938646316528,-0.5365722179412842,0.1473941653966903,-0.2610086500644684,-0.2499143332242965,-0.0199813451617956,0.0439121536910533,0.1047793179750442,-0.2141801863908767,0.1834008693695068,-0.3466436266899109,0.388646125793457,1.0327752828598022,0.0349547788500785,0.3688464760780334,0.6388689279556274,0.672288179397583,0.3386959135532379,0.065013088285923,-0.8786070346832275,0.0681200474500656,-0.5904049873352051,0.495224267244339,-0.088651955127716,-0.7305606603622437,0.907346785068512,-0.0863807573914527,0.1661152392625808,-0.3564050495624542,-0.511898934841156,0.2590500712394714,-0.4335880279541015,-0.0134439598768949,0.183345764875412,0.1517754644155502,-0.1977767348289489,0.7999216914176941,0.4202208518981933,0.6377631425857544,-0.4777056872844696,-0.7689921259880066,-0.1673790961503982,-0.3213671445846557,0.1558387279510498,0.3721858263015747,0.5082894563674927,-0.0948093011975288,-0.1153046339750289,0.0159989353269338,0.2064537405967712,-0.95878005027771,0.0685359314084053,-0.651793360710144,0.0704318657517433,0.0730981156229972,0.2113152742385864,0.031522374600172,0.0527812577784061,0.3189178705215454,0.5808015465736389,-0.7783799767494202,-0.1613888293504715,0.1788643896579742,0.3199944794178009,0.3388553261756897,0.6496179699897766,0.5549226999282837,0.0590652748942375,0.5409660339355469,-0.2235772311687469,0.3465896248817444,0.1655871570110321,0.1747461408376693,-0.5205464959144592,0.9497072100639344,-0.4511545896530151,-0.0876128524541854,0.1544488072395324,0.0602484680712223,0.5611934661865234,-0.4675502181053161,-0.8076052069664001,0.4199115633964538,-0.1826090663671493,0.561552107334137,1.1829746961593628,-0.0805006995797157,0.2960154712200165,-0.0464479625225067,0.1875627934932708,-0.2053208500146865,0.3647632896900177,-0.1009399890899658,-0.6398433446884155,0.427743911743164,0.1481426209211349,0.2722767889499664,1.4112900495529177,0.0862573981285095,0.2672679126262665,0.1452893763780594,0.241290807723999,-0.3223082423210144,-0.0955208763480186,-0.3009140789508819,0.1278165876865387,-0.1152070388197898,0.8357356786727905,-0.6288214921951294,0.0530882254242897,-0.1288283914327621,0.0524586625397205,0.6772114038467407,0.4081891775131225,0.0012743080733343,-0.3657405972480774,-0.5746895670890808,-0.413478672504425,-0.4503512978553772,0.0139700667932629,-0.6152694225311279,-0.0508028306066989,-0.2447485029697418,0.0497177429497242,-0.9581451416015624,0.4678661227226257,0.4893801808357239,0.0627292096614837,0.1946627050638198,-0.5680791735649109,-0.1699132323265075,0.5439184904098511,-0.685943603515625,-0.636755108833313,0.270639419555664,0.0615531913936138,-0.3260607123374939,-0.957592248916626,-0.1974907964468002,-0.3581154346466064,0.2891275584697723,-0.4286392629146576,0.1623032540082931,0.0123498197644948,-0.565133810043335,-0.1754132211208343,-0.5328487753868103,-0.3943957686424255,-0.0778370648622512,-0.1529422849416732,-0.0435021519660949,-0.2341650277376175,0.0455569177865982,0.8609870076179504,0.5781028866767883,-0.3404849469661712,-0.0678211376070976,0.6001311540603638,0.0134011348709464,-0.3031742870807647,0.1346807926893234,-0.144233226776123,-0.5261630415916443,0.4355503916740417,0.5091544985771179,-0.0833733230829238,0.2180920392274856,0.2670896351337433,-0.7991225719451904,-0.4180024862289428,-0.3345060050487518,-1.050958514213562,0.4238246083259582,-0.3562321662902832,0.8672330975532532,-0.5954985022544861,0.4309892952442169,-0.4024232923984527,0.3909869194030761,0.0171622540801763,0.4163903295993805,-0.4857703149318695,-1.3232897520065308,-0.3382763564586639,-0.2781261503696441,-0.6342113614082336,1.0885275602340698,-0.1200270429253578,-0.7550294399261475,0.2689781486988067,0.2818595767021179,0.183319553732872,-0.2465816736221313,0.2268478572368621,-0.0390494316816329,-0.0169130768626928,0.008017498999834,-0.1576659828424453,0.3537449538707733,0.3585444390773773,0.178397536277771,-0.0097616231068968,0.8249403238296509,0.3854309320449829,0.1550318151712417,0.1726711988449096,-0.452601820230484,0.2316302210092544,-0.0850178897380828,-0.2921363413333893,-0.1442154943943023,0.4841728210449219,-0.4870316684246063,0.5140367150306702,0.3830854296684265,-0.8019239902496338,-0.1514890193939209,1.1948102712631226,0.2635453939437866,0.6823922395706177,0.0765335336327552,-0.0981333404779434,-0.6144131422042847,0.0781684964895248,0.595352292060852,-0.1323657780885696,-0.447791576385498,0.1941670179367065,-0.136386290192604,-0.0078218821436166,0.7715087532997131,-0.0365745723247528,-0.1183796897530555,0.3819184601306915,0.0633423402905464,-0.3294958472251892,0.9611512422561646,0.0925962179899215,-0.3062328100204468,0.0292535964399576,-0.0550469979643821,0.420026034116745,0.4790914952754974,0.1943640857934951,0.4590746760368347,-0.0140517381951212,-0.5848106741905212,0.0721693634986877,0.396188884973526,-0.2210362255573272,0.891806423664093,-0.3367661237716675,-0.2763691842556,0.6258436441421509,0.3863765597343445,0.1282980144023895,-0.0149681763723492,-0.7286804914474487,-0.2715208828449249,-0.6282907128334045,0.0671744421124458,0.1371153444051742,0.4392257630825043,0.3184598386287689,0.1893894374370575,-0.4350124895572662,0.3687155544757843,0.321261316537857,-0.1682348549365997,-0.3007729351520538,0.0684005171060562,0.2578999996185303,0.2626895010471344,0.1784130334854126,0.2423498481512069,0.0831109434366226,-0.4748173952102661,0.7601574063301086,-0.2581839859485626,-0.1072468012571334,-0.09479521214962,0.175308957695961,0.59159916639328,-0.2410508245229721,0.3209672570228576,0.0749908313155174,-0.0473887808620929,0.0560566000640392,-0.4479458630084991,0.1063652485609054,-0.20023974776268,0.0028138619381934,-0.2556470036506653,0.084066055715084,-0.6800851821899414,-0.8131122589111328,-0.0201230570673942,0.40631964802742,-0.4025742411613464,-0.5078088641166687,0.4864073097705841,-0.1204340755939483,-0.5760420560836792,-1.5662147998809814,0.5193831324577332,0.0815850645303726,0.0106269372627139,0.0105899330228567,-0.22087924182415,-0.2326550334692001,-0.1760053634643554,0.2459411770105362,-0.6746455430984497,-0.3293901979923248,-9.807195663452148,-0.0124987848103046,-0.5163050889968872,-0.1690342277288437,-0.1281996369361877,-0.4532968699932098,1.1393678188323977,0.8253955841064453,-0.536453127861023,0.3240262567996979,-0.5628291368484497,0.2936359345912933,0.5911865830421448,0.3530381917953491,0.4281627237796783,-0.3939273357391357,-0.067873790860176,0.0666920915246009,0.3080798983573913,0.1399819999933242,-0.1826901137828827,-0.1620252579450607,1.0195213556289673,0.314514696598053,0.0664615780115127,-0.6188612580299377,-0.1658964902162552,0.6420120000839233,-0.2043704092502594,0.2019911706447601,-0.9699943661689758,0.9677385687828064,-0.1644393503665924,0.0563455335795879,-0.4271545708179474,0.1414322853088379,-0.0807258337736129,-0.0451164245605468,-0.8572476506233215,0.4816361367702484,0.0363676100969314,-0.0011551573406904,0.2120583206415176,-0.0737558528780937,0.4536486566066742,-0.2475725561380386,-0.1137004643678665,0.2647754549980163,0.3160045444965362,-0.0187130738049745,-0.1756884008646011,0.2808996438980102,0.6086269021034241,-0.5372304916381836,0.3729364573955536,-0.7106446623802185,0.3599810898303985,-0.9493100047111512,0.2192019671201706,-0.2922466993331909,0.0507802776992321,0.1272028684616089,0.5295270085334778,0.747220516204834,-0.0787647441029548,0.5490385890007019,-0.0020413962192833,-0.6292516589164734,-0.6555565595626831,-0.1589002907276153,0.3971392512321472,0.1711445152759552,0.0227958634495735,-0.240527719259262,0.1442629247903823,0.4694149494171142,-0.0082037206739187,0.3554873168468475,0.7015735507011414,-0.2771918177604675,0.740035355091095,-0.510673463344574,0.3534307181835174,0.5597468018531799,-0.7759509682655334,0.3758062124252319,0.1695676892995834,-0.1911898702383041,-0.021022655069828,-0.7556512355804443,0.4545226097106933,-0.2344045490026474,-0.2773563861846924,0.0750988349318504,-0.168514609336853,0.1701342612504959,-0.0815538763999939,-0.1397444307804107,0.0923962071537971,-0.5649541020393372,1
0.6195648908615112,0.3489904701709747,1.0567883253097534,-0.4765182733535766,-0.5891979932785034,-0.1809852719306945,0.0059980759397149,0.3481148183345794,-0.8365700244903564,-0.6619139313697815,-0.2249849289655685,-0.709401547908783,-0.0504682175815105,-0.4271685481071472,0.7363948225975037,0.4460712671279907,-0.5139725804328918,0.4701919853687286,0.1286108493804931,-0.3889336884021759,-0.8025297522544861,-0.7192121744155884,-0.5512325763702393,0.1941795796155929,-0.4240441024303436,-0.9229090809822084,-0.5777475237846375,-0.2258715033531189,0.0061606224626302,0.1903616487979889,0.2632638216018677,-0.4594249129295349,-0.3370295763015747,0.3261558711528778,-0.7294156551361084,0.6906647086143494,0.1098550781607627,0.2041232734918594,0.4162230789661407,-0.5478252172470093,-0.3630021214485168,0.5252999663352966,-0.6012375354766846,-0.5337058305740356,-0.1171065792441368,0.041893757879734,-0.1703510880470276,-0.031400877982378,-0.1483786702156067,-0.3944182395935058,-0.7106783986091614,0.7770763635635376,0.3953070640563965,0.1971932351589203,0.425059050321579,0.3488447666168213,1.0091537237167358,0.0231695063412189,0.0251429192721843,-0.2772858142852783,-0.7284931540489197,0.1356604993343353,0.3728354871273041,0.1996486485004425,-0.592863142490387,0.3532702028751373,-0.1977674067020416,0.5270116329193115,0.4377854466438293,-0.1567492187023162,0.5720683932304382,0.3822307288646698,0.2298650741577148,-0.3820671439170837,0.2723013460636139,-1.026605486869812,0.4222369492053985,-0.3067958056926727,0.2783031761646271,0.1548672318458557,-0.239579826593399,-0.1771947145462036,0.1182410269975662,-0.3522379100322723,-0.6739863157272339,-0.3207395672798157,-1.280389428138733,-0.1314788162708282,0.1092400550842285,0.1847828775644302,0.0771256908774375,-0.437089592218399,0.370442658662796,-0.3064039647579193,1.0832984447479248,0.4152913391590118,0.3117563426494598,-0.1497225910425186,0.3455894887447357,0.2241485565900802,-1.3417664766311646,0.5552119016647339,-0.0222490578889846,-0.8507680296897888,-0.5020774602890015,-0.1633059084415435,-0.2702930569648742,0.9135725498199464,0.5686036944389343,0.4233021438121795,0.0308378841727972,-0.2613431215286255,-0.8987371921539307,0.1841257512569427,-0.0797238424420356,0.4295142292976379,-0.5939999222755432,-0.1568807661533355,0.0380602180957794,0.1479811817407608,0.2256724238395691,0.58320552110672,-0.4946492314338684,-0.1372482478618621,0.271740585565567,0.1917717903852462,0.1432688981294632,0.3522486984729767,0.2582482099533081,-0.6036713719367981,0.3547253906726837,-0.6765661239624023,-0.4382753372192383,0.0448752231895923,-0.6328389644622803,0.965863823890686,0.2955978512763977,-0.4536164700984955,0.0455907583236694,0.1167070865631103,-0.4535581469535827,-0.1906919628381729,0.8190338611602783,-0.4693425297737121,-0.1263845413923263,0.4840159714221954,-0.3180535137653351,-0.3546625971794128,0.4179584980010986,0.3845674991607666,-0.1171512454748153,1.1854907274246216,-0.5989495515823364,0.4140498638153076,0.3314343392848968,0.4171215295791626,0.197724312543869,0.2486430704593658,0.3477166593074798,0.0276961978524923,0.411643385887146,0.0632825419306755,0.118790403008461,1.0481526851654053,0.6594823598861694,-0.0155564593151211,0.6942266225814819,-0.1477566659450531,0.1065890714526176,0.9082752466201782,0.5210177898406982,0.6927188038825989,0.2869593799114227,-0.080572210252285,-0.143041580915451,0.5369226336479187,1.0504631996154783,0.4520522058010101,-0.3815566003322601,-1.0843147039413452,0.4242238998413086,0.4428893625736236,0.7727795243263245,-0.11271483451128,0.5963641405105591,-0.5336257219314575,-0.4145865440368652,-0.0930271968245506,0.4222430884838104,0.1927646398544311,-0.4035003781318664,-0.4110448360443115,0.1082634553313255,-0.0029858634807169,0.0524127073585987,0.166703388094902,0.1684794872999191,0.3491660058498382,-0.12071093916893,0.3308565616607666,0.5550510287284851,-0.018241224810481,-0.1458954364061355,-0.93206387758255,-1.468620777130127,-0.5858704447746277,-0.053965974599123,0.1871979236602783,0.1993109285831451,0.6862973570823669,-0.7204278707504272,-0.1594906896352768,0.1600438356399536,-0.4500786960124969,0.8950967788696289,0.483115404844284,-0.3662504553794861,-0.1398576647043228,-0.0772723108530044,-0.0402719527482986,0.1948870122432708,-0.6461538076400757,0.3496512472629547,0.1929983347654342,-0.292580246925354,0.8708901405334473,0.5928434133529663,-0.952753245830536,-0.5800488591194153,0.2994386255741119,-0.7095662951469421,-0.3877021372318268,-0.1414899677038192,-0.1187630221247673,-0.226882517337799,-0.9625067114830016,-0.6216272711753845,0.1769756227731704,-0.3720604479312897,0.6183730959892273,-0.2944242060184479,-0.2436751723289489,0.3913763761520386,0.3015227615833282,0.3717937469482422,0.2275534719228744,-0.1137370243668556,-0.4073820412158966,-0.9319515228271484,-0.1594752222299575,-0.6824278235435486,-0.4467746615409851,-0.298469603061676,0.5496417880058289,0.4088552594184875,-0.3417203724384308,0.3422651588916778,-0.8266787528991699,-0.2169264554977417,-0.944948673248291,0.300152450799942,-0.2175954282283783,0.4510443806648254,0.2433313578367233,-0.5626786351203918,0.1603416502475738,0.3203263878822326,-0.2135343700647354,-0.4064880609512329,-0.1030912548303604,0.1624127775430679,0.153968408703804,0.3976919949054718,-0.4147221446037292,-0.0498390197753906,0.1031231135129928,0.6804152131080627,1.0598911046981812,-0.1469211876392364,-0.6755654811859131,-0.4156228601932525,0.7218894958496094,-0.8200952410697937,-0.5111777186393738,0.0852808803319931,1.0379979610443115,-0.4341500699520111,-0.0093580558896064,-0.0931151360273361,-0.2131607830524444,0.1918867975473404,-0.6069152355194092,0.0588084161281585,0.1086339578032493,-1.049772024154663,-0.0527109093964099,0.4001291394233703,0.2348199486732483,0.3815994262695312,-0.1056061089038848,0.2873418629169464,-0.2647623121738434,0.0589905194938182,0.1709464490413665,-0.1004977151751518,-0.5174713134765625,-0.1428467333316803,0.6444472670555115,0.2665767967700958,-0.8470263481140137,-0.1114944517612457,0.6196324229240417,-1.261491298675537,-0.3067860305309295,0.4951604306697845,0.4625239670276642,-0.806296706199646,0.3060609698295593,0.7664307355880737,0.5978373289108276,-0.3235744833946228,-0.4803456664085388,0.4361900687217712,0.680817723274231,-0.3462209403514862,-0.766511082649231,0.4465742707252502,0.1413706839084625,-0.1029802933335304,-0.540488064289093,-0.4225925207138061,0.2654396593570709,-0.0956962928175926,-0.2448957860469818,-0.4192146956920624,-0.1646664142608642,-0.3066335022449493,-0.1862993538379669,0.2451054602861404,-0.0318525545299053,-0.0467939153313636,0.695682168006897,-0.4298053383827209,0.2943534851074219,-0.7330169677734375,-0.4372770488262176,0.266561895608902,1.275129795074463,0.4799474477767944,0.6537413001060486,-0.7526010274887085,-0.1445199996232986,0.5737951993942261,-0.2828126549720764,0.7841343879699707,-0.7082526087760925,0.3595519959926605,-0.2249900996685028,0.4486998617649078,0.1162942722439765,-0.312129944562912,0.2356796860694885,-0.7608378529548645,-0.673935055732727,0.2672902941703796,-0.0121579803526401,0.5657185316085815,0.1676893681287765,0.0501080378890037,1.1467639207839966,0.0960680320858955,0.2769872546195984,-0.271636962890625,-1.2229118347167969,-0.2898721396923065,-0.818493664264679,-0.0662508532404899,-0.1926941573619842,-0.1408600509166717,0.6379884481430054,-0.5304189920425415,0.1868663430213928,-0.1202046424150466,-0.4112637639045715,0.2442872375249862,-0.3000135421752929,-0.6347482204437256,0.0767916440963745,-0.0052538914605975,-0.5005415678024292,0.9109095931053162,-0.0007811538525857,0.5739177465438843,-0.3620568215847015,-0.639089047908783,0.5519065260887146,-0.296102374792099,0.0041193105280399,-0.0016299751587212,0.1267074197530746,-0.2287810444831848,-0.2666354477405548,-0.1437699347734451,0.0704218074679374,-1.0117563009262085,0.5357574224472046,-0.4320216178894043,0.0675554797053337,-0.0848605036735534,-0.2459176182746887,-0.7839255928993225,-0.2140903323888778,0.0649926662445068,-0.1526171118021011,0.1472381502389907,0.3655463755130768,0.192785158753395,-0.4598661065101623,0.4447408616542816,0.5818700790405273,0.773893415927887,-0.2916417717933655,0.6764229536056519,-0.2633430957794189,0.1170301362872123,0.3807166218757629,-0.636992871761322,-0.5004210472106934,0.4088150560855865,0.2970898449420929,-0.4510889947414398,-0.2047666013240814,-0.3112285435199737,1.1695051193237305,-0.2776446640491485,-0.454189658164978,0.902678370475769,-0.3502555191516876,0.3743431270122528,1.0348628759384155,0.7548885345458984,-0.3306185603141784,0.8137053847312927,0.2189303785562515,0.4164632558822632,0.0481533221900463,-0.4062684178352356,-0.2302813231945037,0.8682974576950073,-0.0690934285521507,0.0666430816054344,0.7246530055999756,0.2387608587741851,0.2063861191272735,0.304114431142807,-0.0526445172727108,0.0919842198491096,0.3205940127372741,-0.1039949804544448,-0.344978004693985,-0.0909045413136482,-0.1859214305877685,-0.3086766302585602,-0.1104165613651275,-0.4009558856487274,0.3755174279212951,1.0586365461349487,-0.69407057762146,0.3782074749469757,-0.9081338047981262,-0.5527552962303162,-0.1388085484504699,-0.1920015960931778,0.0875670760869979,-0.8221295475959778,-0.3547230660915375,0.0455889664590358,0.100279651582241,-0.4144933223724365,0.1088500693440437,0.3550724685192108,-0.2159822881221771,-0.3159510493278503,-0.813616156578064,0.1168316379189491,0.7964914441108704,-0.5838242173194885,-0.3934233486652374,0.060257464647293,0.1438681185245514,0.7519621849060059,-0.8378763198852539,-0.4993960857391357,-0.388970673084259,-0.1639347821474075,-0.7298585176467896,-0.0774035155773162,0.1874646097421646,-0.6804988384246826,0.2744324803352356,0.0274815335869789,-0.2773340940475464,-0.6969039440155029,-0.2621581554412842,-0.1018723174929618,-0.5727987289428711,0.2523036897182464,0.1731978803873062,-0.2328196913003921,0.108727253973484,-0.1145984902977943,0.3019725382328033,0.7329968214035034,-0.3828904032707214,0.8873105049133301,0.0118421558290719,0.352819412946701,-0.810456395149231,0.5460114479064941,-0.7754442095756531,0.2387319207191467,-0.7294042706489563,-0.6843485832214355,-0.7158702611923218,-0.5920957326889038,-0.4448314309120178,0.6941059827804565,1.415650486946106,0.5825144052505493,-0.6701879501342773,0.2146046459674835,-0.1199929490685463,-0.4598611295223236,-0.5141260623931885,0.0787957608699798,0.0287131275981664,-1.562509536743164,-0.1510507017374038,0.1109620109200477,-0.5994253754615784,1.3839061260223389,-0.1814644634723663,-0.5518447160720825,-0.2039219886064529,0.4202861785888672,0.3994800150394439,-0.4896880388259887,0.0579875633120536,0.6398654580116272,0.2553820610046386,0.8101413249969482,-0.274228572845459,0.0906463786959648,0.1436778157949447,0.1233146637678146,0.0946904346346855,0.4151434302330017,0.4983032047748565,0.0801388993859291,0.8776180744171143,-0.6998874545097351,-0.6978878974914551,-0.6231597661972046,0.3570880591869354,0.1529397666454315,0.689155638217926,0.2196631878614425,0.7957811951637268,0.6500939130783081,-0.1513335853815078,0.0573428571224212,0.8899685144424438,-0.0597225539386272,1.2249330282211304,-0.5518271327018738,0.1374015361070633,-0.7722051739692688,-0.0206141173839569,0.9322041273117064,0.7353374361991882,-0.0895386338233947,-0.1536366045475006,-0.030578788369894,-0.5362865924835205,0.6016854047775269,0.3558008670806885,-0.1032327115535736,0.3825442492961883,0.2989633977413177,-0.4406847059726715,1.0371015071868896,-0.0341293402016162,0.2658805251121521,-0.6539269685745239,-0.0679441913962364,0.7289755940437317,0.4150844812393188,0.0939821302890777,0.7793418169021606,-0.2908057868480682,-0.6848353743553162,-0.1627069562673568,0.4638008773326874,-0.5895224809646606,0.6393943428993225,-0.0029510802123695,-0.5359312891960144,0.7100718021392822,0.655490517616272,0.3547017872333526,0.3587740361690521,-0.5897667407989502,0.1178450062870979,-0.1086761206388473,-0.1629100739955902,0.3958805501461029,0.2954218983650207,0.4053311049938202,0.0414086431264877,-0.8010706305503845,0.4483011364936828,1.3589962720870972,-0.0052117416635155,-0.092074379324913,0.3095720112323761,0.0476359650492668,-0.3680016994476318,0.1139998286962509,0.3104340732097626,-0.2435269206762313,0.2289800196886062,-0.2655230164527893,-0.3084410727024078,-0.1917210221290588,-0.1111677139997482,0.836298406124115,0.1016987338662147,-0.1079253777861595,-0.1257338672876358,-0.0497482158243656,-0.7834899425506592,-0.0943723171949386,-1.2535018920898438,-0.8204447031021118,-0.0228514838963747,0.079421080648899,0.1268144994974136,-0.0876045674085617,-1.0506716966629028,-0.3635828495025635,-0.3436509370803833,-0.780060350894928,-0.2888449728488922,0.2456021755933761,0.4450479447841644,-0.0233513191342353,-0.6451221704483032,-0.3198616802692413,0.4667545855045318,0.4408571124076843,0.2822818756103515,0.2906259596347809,-0.4739277958869934,-0.2051218152046203,-0.0680044218897819,0.5647624731063843,-0.0696877837181091,-0.4178608059883117,-9.239850997924805,0.4858905375003814,-0.6960218548774719,-0.0361793711781501,-0.2908546030521393,0.1097744330763816,0.7458534836769104,0.9021535515785216,-0.8397974967956543,0.8337070345878601,-0.4177514016628265,0.3903300762176513,0.6950947642326355,0.6229278445243835,-0.6647345423698425,0.0440518483519554,0.3326362371444702,-0.1166946589946746,0.6179511547088623,-0.1337971836328506,-0.4723475575447082,-0.8308966755867004,0.333613246679306,-0.35804483294487,-0.5387967228889465,0.3511967658996582,0.7182985544204712,0.211320474743843,-0.3411101400852203,0.7431811690330505,-0.708786129951477,0.2283969521522522,-0.0462522357702255,-0.4464648962020874,-0.3448687195777893,0.6354577541351318,0.4750964045524597,0.5005751252174377,-0.6288119554519653,-0.0984638035297393,-0.2708901166915893,0.7006009221076965,0.0804221704602241,0.0824451893568039,-0.1221666112542152,-0.0991153195500373,-0.1915300339460373,-0.0420115441083908,0.9884529113769532,-0.290996104478836,-0.0704822018742561,-0.7775848507881165,0.459912896156311,-0.9610315561294556,-0.3412564992904663,0.0553800277411937,-0.5966173410415649,-0.8167950510978699,-0.3448605835437774,0.1789460480213165,0.4906902015209198,0.3579187393188476,0.6264480352401733,0.1931654512882232,0.0191162060946226,0.154929056763649,0.4830325841903686,0.4936136901378631,-0.3643776178359985,-0.4921980798244476,-0.0711397528648376,0.0291632562875747,-0.4733636081218719,-0.1612384468317031,-0.1430217027664184,0.0011700104223564,-0.6814314723014832,-0.2017345577478408,0.7151430249214172,-0.0283666495233774,1.094463586807251,-0.1716654151678085,0.0287442691624164,-0.3106435239315033,0.1182713881134986,0.03754448518157,0.8500673770904541,0.6016170382499695,-0.007225947920233,-0.7786552309989929,0.437221348285675,0.5968304872512817,0.606789231300354,0.6270705461502075,0.1220488622784614,0.0347596146166324,0.8286532759666443,-0.122065931558609,0.8150589466094971,0.1964781284332275,0
0.2399881780147552,0.498018354177475,0.8955079913139343,0.005041497759521,-0.2969804406166076,-0.1288875639438629,0.8377258777618408,-0.2465835809707641,-0.6963340044021606,-0.3838145136833191,0.5023658871650696,-0.2319454699754715,-0.2090045362710952,0.0123188756406307,0.3375872373580932,0.0955833196640014,-0.2994687259197235,-0.3320967853069305,0.105328544974327,-0.3356218636035919,-1.199247121810913,-0.4857733249664306,-0.014517749659717,0.0603932812809944,0.0599503107368946,-0.78136146068573,0.1385903805494308,0.0701314210891723,0.1482769697904586,-0.4499062299728393,-0.5657681226730347,0.0919201374053955,-0.1736220568418502,0.0030534949619323,-0.4910091757774353,0.6131080389022827,0.015275546349585,-0.0971176624298095,0.5189294815063477,0.1481046974658966,0.0030237135943025,-0.1044567003846168,0.0200241766870021,0.041071742773056,-0.100732646882534,0.4264664351940155,0.132814809679985,0.496850311756134,-0.1855993121862411,-0.1612194776535034,-0.3438955247402191,0.3898206353187561,0.5209559798240662,0.1577526032924652,0.192417174577713,0.0655715242028236,0.8847101330757141,-0.6201813220977783,0.2481703907251358,0.445669949054718,-0.4492683410644531,-0.5545591711997986,0.2076460719108581,0.0906073600053787,-0.3409030437469482,0.4919306635856628,-0.5973501801490784,-0.1568299680948257,0.4562695026397705,-0.5391255617141724,0.0492937266826629,-0.2538284361362457,0.144734114408493,-0.7692111730575562,0.5159355401992798,-0.4594015777111053,0.1821346580982208,-0.1125316768884658,-0.0764267742633819,0.1738098114728927,0.2126527577638626,0.2442357540130615,0.0553750321269035,-0.6869986653327942,-0.3677364289760589,0.6940591335296631,-0.9101846218109132,-1.0816364288330078,0.8663680553436279,-0.2362627536058426,-0.1768848001956939,0.3000737726688385,0.1569752246141433,0.0842565894126892,0.670451819896698,0.6204149723052979,0.0854531079530716,0.2576430439949035,0.0282056499272584,0.2926505506038666,-0.3810499310493469,-0.2817577421665191,0.3634460270404815,-0.3957997858524322,-0.4156117737293243,0.2613184750080108,-0.18729268014431,0.3636125922203064,0.0976108461618423,0.4044984877109527,-0.2066918462514877,-0.9868265986442566,-0.2262287437915802,0.1464495509862899,0.5395494699478149,0.2332690209150314,-0.1634886115789413,0.3493140339851379,-0.2618437111377716,0.2535730302333832,0.1716625392436981,0.5832396149635315,-0.0342006832361221,-1.1091642379760742,0.0796048045158386,0.3212693035602569,-0.0885724648833274,0.0260915197432041,-0.1137551367282867,-0.1529953628778457,-0.4824707508087158,-0.6091140508651733,-0.3289887309074402,-0.0974496304988861,-0.60126131772995,0.651743471622467,0.6650561094284058,0.5216874480247498,0.0827017351984977,-0.281015008687973,-0.6038870811462402,-0.0620010271668434,0.4018469750881195,-0.3225410282611847,0.6033268570899963,-0.0102281784638762,-0.4963041245937347,-0.4260859787464142,0.162226527929306,0.1483174860477447,-0.1598769277334213,0.80233234167099,-0.7591325640678406,-0.061724979430437,0.1537837088108062,0.451979249715805,-0.7278866171836853,0.169708713889122,0.2764085531234741,0.1890266835689544,0.7832756638526917,0.3377169668674469,0.1770556718111038,0.7063726782798767,0.3589708805084228,0.3684092462062835,0.3855596780776977,-0.3533316552639007,0.0153440618887543,0.4558740854263305,0.3503834903240204,0.2179538458585739,0.7681988477706909,0.1386443674564361,-0.5556210279464722,0.6621384024620056,1.071463704109192,-0.3012385964393616,-0.2049427926540374,-0.5722112059593201,-0.2706075012683868,-0.2144170552492141,0.5491052269935608,-0.7793207168579102,0.5074599385261536,-0.0006776891532354,0.000281504180748,-0.2342703640460968,0.1572796255350113,0.6060560941696167,-0.4203536808490753,-0.5844647288322449,0.2661496698856354,-0.5123875737190247,-0.2070800513029098,-0.2717030048370361,-0.2051060050725937,0.2209423929452896,-0.9210068583488464,0.3236485123634338,0.4330968856811523,0.073336474597454,-0.1983409821987152,-0.4938555061817169,-0.6892940998077393,0.0602587014436721,-0.0897126719355583,0.3994076550006866,-0.1870185732841491,0.0892463326454162,-0.2997252643108368,-0.1554416865110397,0.3474860787391662,0.2821784913539886,0.4196942150592804,0.155134379863739,-0.1165054142475128,-0.1757172346115112,0.3276111483573913,0.0551695227622985,0.3733872175216675,-0.1666144132614135,0.0150819709524512,-0.2423607110977172,0.1224497780203819,0.5370935797691345,0.3706514537334442,-0.6751798391342163,-0.2304879873991012,0.4684117436408996,-0.6569773554801941,-0.8943758010864258,-0.5819957852363586,-0.1027029827237129,-0.5708690881729126,-0.5742595195770264,-0.4286757409572601,0.2313897460699081,-0.5876480937004089,0.527140200138092,-0.1354325413703918,-0.3490617573261261,0.2205250561237335,-0.5164347887039185,-0.2158338129520416,0.1988855898380279,0.1232568025588989,-0.1676084250211715,-0.6289826035499573,-0.2826015055179596,-0.2267360836267471,-0.2499215751886367,0.1019749343395233,-0.3679527044296264,0.5211003422737122,0.7176828384399414,0.8670651316642761,-0.1786787658929824,0.3087609708309173,-0.3622464835643768,-0.4940388202667236,-0.6561098694801331,0.0756227597594261,0.1844679564237594,-0.096898503601551,0.04713986068964,-0.1329451650381088,-0.2873137891292572,-0.9781805872917176,-0.319053590297699,0.3318533599376678,-0.2461916804313659,0.0173809994012117,-0.1850131452083587,0.4622901380062103,0.1793286204338073,0.2592511773109436,0.7661769390106201,-0.3640256524085998,0.27199786901474,-0.3022246360778808,0.2611386179924011,-0.611751914024353,0.1417306810617447,-0.1542247682809829,0.4245662093162536,-0.510331392288208,-0.5345093607902527,-0.533447265625,0.716960072517395,0.4460596144199371,-0.6074992418289185,0.2070235908031463,-0.1222982481122016,-0.5591508150100708,0.4849247932434082,0.3392638266086578,0.0201661754399538,0.2770930826663971,-0.0716230198740959,0.6288016438484192,0.2935670912265777,0.8059220314025879,-0.0894927382469177,-0.2002018988132476,-0.1224767044186592,0.1709357798099517,0.7128282785415649,0.1837633997201919,-0.802681028842926,0.6803693771362305,0.3822384774684906,-0.5349481105804443,0.3936195373535156,0.5953669548034668,0.587542712688446,-1.3823076486587524,-0.1753514409065246,0.6864405870437622,0.7565538883209229,-0.6600862741470337,-7.142586582631338e-06,0.2971343398094177,0.3123375475406647,-0.1888991296291351,-0.2407542616128921,1.2328671216964722,-0.0909240394830703,-0.0652929991483688,-0.222514733672142,-0.0749331563711166,-0.3393189311027527,0.2482902556657791,-0.3786711990833282,0.0935624241828918,0.4356390237808227,-0.5850790143013,-0.1831747442483902,-0.3180065453052521,-0.2905949354171753,-0.424087792634964,0.6385433673858643,-0.5369762778282166,-0.1305275112390518,-0.0190998502075672,-0.4493971765041351,-0.1478213220834732,1.0692458152770996,1.1102465391159058,0.1682927459478378,-0.8284353017807007,-0.7258700728416443,0.1027304828166961,-0.3827482461929321,-0.0908938646316528,-0.5365722179412842,0.1473941653966903,-0.2610086500644684,-0.2499143332242965,-0.0199813451617956,0.0439121536910533,0.1047793179750442,-0.2141801863908767,0.1834008693695068,-0.3466436266899109,0.388646125793457,1.0327752828598022,0.0349547788500785,0.3688464760780334,0.6388689279556274,0.672288179397583,0.3386959135532379,0.065013088285923,-0.8786070346832275,0.0681200474500656,-0.5904049873352051,0.495224267244339,-0.088651955127716,-0.7305606603622437,0.907346785068512,-0.0863807573914527,0.1661152392625808,-0.3564050495624542,-0.511898934841156,0.2590500712394714,-0.4335880279541015,-0.0134439598768949,0.183345764875412,0.1517754644155502,-0.1977767348289489,0.7999216914176941,0.4202208518981933,0.6377631425857544,-0.4777056872844696,-0.7689921259880066,-0.1673790961503982,-0.3213671445846557,0.1558387279510498,0.3721858263015747,0.5082894563674927,-0.0948093011975288,-0.1153046339750289,0.0159989353269338,0.2064537405967712,-0.95878005027771,0.0685359314084053,-0.651793360710144,0.0704318657517433,0.0730981156229972,0.2113152742385864,0.031522374600172,0.0527812577784061,0.3189178705215454,0.5808015465736389,-0.7783799767494202,-0.1613888293504715,0.1788643896579742,0.3199944794178009,0.3388553261756897,0.6496179699897766,0.5549226999282837,0.0590652748942375,0.5409660339355469,-0.2235772311687469,0.3465896248817444,0.1655871570110321,0.1747461408376693,-0.5205464959144592,0.9497072100639344,-0.4511545896530151,-0.0876128524541854,0.1544488072395324,0.0602484680712223,0.5611934661865234,-0.4675502181053161,-0.8076052069664001,0.4199115633964538,-0.1826090663671493,0.561552107334137,1.1829746961593628,-0.0805006995797157,0.2960154712200165,-0.0464479625225067,0.1875627934932708,-0.2053208500146865,0.3647632896900177,-0.1009399890899658,-0.6398433446884155,0.427743911743164,0.1481426209211349,0.2722767889499664,1.4112900495529177,0.0862573981285095,0.2672679126262665,0.1452893763780594,0.241290807723999,-0.3223082423210144,-0.0955208763480186,-0.3009140789508819,0.1278165876865387,-0.1152070388197898,0.8357356786727905,-0.6288214921951294,0.0530882254242897,-0.1288283914327621,0.0524586625397205,0.6772114038467407,0.4081891775131225,0.0012743080733343,-0.3657405972480774,-0.5746895670890808,-0.413478672504425,-0.4503512978553772,0.0139700667932629,-0.6152694225311279,-0.0508028306066989,-0.2447485029697418,0.0497177429497242,-0.9581451416015624,0.4678661227226257,0.4893801808357239,0.0627292096614837,0.1946627050638198,-0.5680791735649109,-0.1699132323265075,0.5439184904098511,-0.685943603515625,-0.636755108833313,0.270639419555664,0.0615531913936138,-0.3260607123374939,-0.957592248916626,-0.1974907964468002,-0.3581154346466064,0.2891275584697723,-0.4286392629146576,0.1623032540082931,0.0123498197644948,-0.565133810043335,-0.1754132211208343,-0.5328487753868103,-0.3943957686424255,-0.0778370648622512,-0.1529422849416732,-0.0435021519660949,-0.2341650277376175,0.0455569177865982,0.8609870076179504,0.5781028866767883,-0.3404849469661712,-0.0678211376070976,0.6001311540603638,0.0134011348709464,-0.3031742870807647,0.1346807926893234,-0.144233226776123,-0.5261630415916443,0.4355503916740417,0.5091544985771179,-0.0833733230829238,0.2180920392274856,0.2670896351337433,-0.7991225719451904,-0.4180024862289428,-0.3345060050487518,-1.050958514213562,0.4238246083259582,-0.3562321662902832,0.8672330975532532,-0.5954985022544861,0.4309892952442169,-0.4024232923984527,0.3909869194030761,0.0171622540801763,0.4163903295993805,-0.4857703149318695,-1.3232897520065308,-0.3382763564586639,-0.2781261503696441,-0.6342113614082336,1.0885275602340698,-0.1200270429253578,-0.7550294399261475,0.2689781486988067,0.2818595767021179,0.183319553732872,-0.2465816736221313,0.2268478572368621,-0.0390494316816329,-0.0169130768626928,0.008017498999834,-0.1576659828424453,0.3537449538707733,0.3585444390773773,0.178397536277771,-0.0097616231068968,0.8249403238296509,0.3854309320449829,0.1550318151712417,0.1726711988449096,-0.452601820230484,0.2316302210092544,-0.0850178897380828,-0.2921363413333893,-0.1442154943943023,0.4841728210449219,-0.4870316684246063,0.5140367150306702,0.3830854296684265,-0.8019239902496338,-0.1514890193939209,1.1948102712631226,0.2635453939437866,0.6823922395706177,0.0765335336327552,-0.0981333404779434,-0.6144131422042847,0.0781684964895248,0.595352292060852,-0.1323657780885696,-0.447791576385498,0.1941670179367065,-0.136386290192604,-0.0078218821436166,0.7715087532997131,-0.0365745723247528,-0.1183796897530555,0.3819184601306915,0.0633423402905464,-0.3294958472251892,0.9611512422561646,0.0925962179899215,-0.3062328100204468,0.0292535964399576,-0.0550469979643821,0.420026034116745,0.4790914952754974,0.1943640857934951,0.4590746760368347,-0.0140517381951212,-0.5848106741905212,0.0721693634986877,0.396188884973526,-0.2210362255573272,0.891806423664093,-0.3367661237716675,-0.2763691842556,0.6258436441421509,0.3863765597343445,0.1282980144023895,-0.0149681763723492,-0.7286804914474487,-0.2715208828449249,-0.6282907128334045,0.0671744421124458,0.1371153444051742,0.4392257630825043,0.3184598386287689,0.1893894374370575,-0.4350124895572662,0.3687155544757843,0.321261316537857,-0.1682348549365997,-0.3007729351520538,0.0684005171060562,0.2578999996185303,0.2626895010471344,0.1784130334854126,0.2423498481512069,0.0831109434366226,-0.4748173952102661,0.7601574063301086,-0.2581839859485626,-0.1072468012571334,-0.09479521214962,0.175308957695961,0.59159916639328,-0.2410508245229721,0.3209672570228576,0.0749908313155174,-0.0473887808620929,0.0560566000640392,-0.4479458630084991,0.1063652485609054,-0.20023974776268,0.0028138619381934,-0.2556470036506653,0.084066055715084,-0.6800851821899414,-0.8131122589111328,-0.0201230570673942,0.40631964802742,-0.4025742411613464,-0.5078088641166687,0.4864073097705841,-0.1204340755939483,-0.5760420560836792,-1.5662147998809814,0.5193831324577332,0.0815850645303726,0.0106269372627139,0.0105899330228567,-0.22087924182415,-0.2326550334692001,-0.1760053634643554,0.2459411770105362,-0.6746455430984497,-0.3293901979923248,-9.807195663452148,-0.0124987848103046,-0.5163050889968872,-0.1690342277288437,-0.1281996369361877,-0.4532968699932098,1.1393678188323977,0.8253955841064453,-0.536453127861023,0.3240262567996979,-0.5628291368484497,0.2936359345912933,0.5911865830421448,0.3530381917953491,0.4281627237796783,-0.3939273357391357,-0.067873790860176,0.0666920915246009,0.3080798983573913,0.1399819999933242,-0.1826901137828827,-0.1620252579450607,1.0195213556289673,0.314514696598053,0.0664615780115127,-0.6188612580299377,-0.1658964902162552,0.6420120000839233,-0.2043704092502594,0.2019911706447601,-0.9699943661689758,0.9677385687828064,-0.1644393503665924,0.0563455335795879,-0.4271545708179474,0.1414322853088379,-0.0807258337736129,-0.0451164245605468,-0.8572476506233215,0.4816361367702484,0.0363676100969314,-0.0011551573406904,0.2120583206415176,-0.0737558528780937,0.4536486566066742,-0.2475725561380386,-0.1137004643678665,0.2647754549980163,0.3160045444965362,-0.0187130738049745,-0.1756884008646011,0.2808996438980102,0.6086269021034241,-0.5372304916381836,0.3729364573955536,-0.7106446623802185,0.3599810898303985,-0.9493100047111512,0.2192019671201706,-0.2922466993331909,0.0507802776992321,0.1272028684616089,0.5295270085334778,0.747220516204834,-0.0787647441029548,0.5490385890007019,-0.0020413962192833,-0.6292516589164734,-0.6555565595626831,-0.1589002907276153,0.3971392512321472,0.1711445152759552,0.0227958634495735,-0.240527719259262,0.1442629247903823,0.4694149494171142,-0.0082037206739187,0.3554873168468475,0.7015735507011414,-0.2771918177604675,0.740035355091095,-0.510673463344574,0.3534307181835174,0.5597468018531799,-0.7759509682655334,0.3758062124252319,0.1695676892995834,-0.1911898702383041,-0.021022655069828,-0.7556512355804443,0.4545226097106933,-0.2344045490026474,-0.2773563861846924,0.0750988349318504,-0.168514609336853,0.1701342612504959,-0.0815538763999939,-0.1397444307804107,0.0923962071537971,-0.5649541020393372,1
-0.0658295080065727,0.3727781772613525,0.1820217818021774,-0.3231799900531769,0.1048140153288841,0.4803318083286285,0.2954777479171753,0.269492506980896,-0.2279169857501983,-0.5552364587783813,0.3613447248935699,-0.1313182860612869,-0.6648635268211365,-0.157437726855278,0.3039659857749939,-0.4401148557662964,-0.011361145414412,0.1675038486719131,-0.1239802166819572,-0.5978418588638306,-0.5118571519851685,-0.7423837184906006,-0.1538135409355163,-0.0006395557429641,0.1998566389083862,-0.2996295392513275,-0.0339202135801315,0.2877093851566314,-0.0087793562561273,0.1057148054242134,-0.455078661441803,-0.6094731092453003,-0.0916380286216735,-0.2596672177314758,-0.23637256026268,0.4015308022499084,0.2547053098678589,0.1233869642019271,-0.1030066162347793,-0.143205240368843,-0.0107604339718818,-0.1447812467813491,-0.0002442722325213,-0.482069581747055,-0.0479154847562313,0.4805055856704712,0.0226407293230295,0.5036157369613647,0.6195411682128906,0.1838929653167724,-0.1344747543334961,0.2043724954128265,-0.0426079891622066,-0.1481453031301498,0.1937111467123031,-0.2385956197977066,0.1770272105932235,0.04678351059556,-0.1853498667478561,0.0877698361873626,-0.4384409189224243,-0.0536066591739654,0.1951536685228347,0.1529992967844009,-0.0680411458015441,-0.153000459074974,0.3122202455997467,0.0966205894947052,-0.3820744156837463,-0.3411880135536194,-0.099683754146099,0.2740922570228576,-0.1118244528770446,-0.4482243359088897,0.6309581398963928,-0.0408659800887107,0.3846130073070526,-0.3164611458778381,0.2309573590755462,-0.0654704943299293,-0.4424191117286682,0.3592330515384674,-0.2406888604164123,-0.3830885589122772,0.0929616466164588,0.1842977255582809,-0.5880761742591858,-0.3337173163890838,0.1804332137107849,-0.1621767580509185,0.0391140989959239,-0.1652831435203552,0.4864691495895386,0.2037660628557205,-0.1784384995698928,-0.0174682270735502,0.1521671414375305,-0.145687848329544,-0.1619734168052673,0.1949164271354675,-0.0537099577486515,-0.1833405047655105,0.2959067225456238,-0.1343835443258285,-0.2094364017248153,0.1392971277236938,-0.24271821975708,0.0978012457489967,0.271152913570404,0.0915098041296005,-0.2020752876996994,-0.2891029119491577,-0.2571722865104675,0.3256334066390991,-0.0495517142117023,-0.1230191588401794,-0.0583152920007705,0.150816336274147,-0.1598357260227203,-0.0180488526821136,0.3264259397983551,0.7299681901931763,-0.1900831460952758,0.0286410748958587,-0.1209347546100616,0.1578655987977981,-0.1006241887807846,-0.2947370707988739,-0.0122186848893761,-0.4770813584327698,0.0195815712213516,0.2064094990491867,-0.5167272090911865,-0.1215863451361656,-0.1746526360511779,0.7224404215812683,0.0509730130434036,-0.2190470248460769,-0.0387035347521305,-0.6486588716506958,-0.0719963982701301,-0.0243320930749177,0.1956795156002044,-0.3043764531612396,-0.265672355890274,0.1739631295204162,0.1574280112981796,-0.4799981415271759,0.4624036252498626,0.2310358434915542,-0.776454746723175,0.592460572719574,-0.2934477925300598,-0.1248100623488426,0.0863439738750457,0.2149036526679992,-0.7706925272941589,0.3675260543823242,0.1065178513526916,0.4524675905704498,0.063852310180664,-0.471879631280899,-0.0066507374867796,0.6895626187324524,0.0303649045526981,0.4969528913497925,0.3329762816429138,0.1629658341407776,0.1743135601282119,0.9596006274223328,0.116002082824707,0.5148956179618835,0.1628177016973495,-0.2172230184078216,0.2759045958518982,0.5261096358299255,0.1476666629314422,0.4377096593379974,0.1246682479977607,-0.5039135217666626,0.2703656256198883,-0.284602403640747,-0.1363686174154281,-0.2152746766805648,0.1899828761816024,-0.3215941786766052,0.1010772287845611,0.2926722764968872,0.1898968815803527,-0.0189282614737749,-0.1521623134613037,-0.3392734229564667,0.228938490152359,-0.4231446981430053,0.0181547906249761,-0.0381597690284252,-0.1892533302307129,-0.3146688640117645,0.2336065173149109,0.1850523054599762,-0.0194207746535539,0.2095986008644104,-0.5196244120597839,-0.5775746703147888,-1.1620255708694458,-0.2555267214775085,0.0330076180398464,0.5525133013725281,0.292695015668869,-0.1625193655490875,-0.2080204635858535,0.2885724008083343,0.3524894416332245,0.0318059399724006,-0.054841473698616,0.0530523508787155,-0.1886952817440033,-0.3205054998397827,0.3158417046070099,0.0565083734691143,0.1996946632862091,-0.2054108679294586,0.2902629673480987,0.1413685977458953,0.0397998578846454,-0.0123134683817625,0.3200984001159668,-0.0684689506888389,0.0054744728840887,0.8834001421928406,-0.2639713883399963,-0.0837037935853004,-0.6226381063461304,0.0197143871337175,-0.4065604507923126,0.3065736889839172,-0.2829142808914184,0.7125959396362305,0.1658595204353332,0.1505544930696487,0.1828110069036483,-0.0914656966924667,0.0107409721240401,-0.1342235505580902,0.2173799723386764,0.5636968016624451,-0.0965611636638641,-0.5359139442443848,-0.5237990617752075,-0.475816011428833,-0.6068110466003418,-0.6133045554161072,0.5455913543701172,-0.3696243166923523,0.5248888731002808,0.2008311003446579,0.2059062272310257,0.0090564070269465,0.0885922610759735,-0.0796209499239921,-0.0848273932933807,-0.3207927644252777,0.0135321849957108,0.0663520991802215,-0.1104762479662895,0.2605995833873749,-0.0125735374167561,-0.600527286529541,-0.565441906452179,-0.5215566158294678,0.1158358976244926,-0.441416323184967,-0.0482972003519535,-0.2234791368246078,-0.5682407021522522,-0.0599476359784603,-0.4342172145843506,0.4134348928928375,-0.1812445819377899,-0.0651630759239196,-0.4662235677242279,0.1484834849834442,-0.5689880847930908,0.4833921194076538,0.2026037573814392,-0.030814865604043,-0.0408102497458457,-0.5578581690788269,-0.0365929380059242,0.3370717465877533,0.0882330536842346,-0.6650933027267456,-0.2167494744062423,0.1034020036458969,-0.4997816085815429,0.2596655786037445,0.2352014183998108,-0.018112190067768,-0.1017043516039848,0.5721641778945923,0.1978795677423477,0.3084843158721924,0.4328417778015136,-0.5692842602729797,-0.2331994771957397,-0.5521700978279114,0.1186048686504364,-0.1982850134372711,0.5712950229644775,-0.3833231031894684,-0.1013907864689827,0.9187564253807068,-0.3040426075458526,-0.1500260829925537,0.1370282024145126,0.2988726794719696,-1.286617398262024,0.1559664160013198,-0.1316949278116226,-0.0430871918797493,0.0456142276525497,0.434307724237442,0.1277707070112228,0.325902909040451,-0.3293476402759552,-0.2657631933689117,0.4817551672458648,0.2975426316261291,-0.0429015308618545,-0.3066093921661377,0.4035414755344391,-0.0280947424471378,0.1616032719612121,-0.3403233587741852,-0.0979852601885795,0.309594988822937,-0.178478330373764,0.1895683854818344,-0.0095162764191627,-0.4479319751262665,-0.4278611540794372,0.1216701194643974,0.4709453880786896,0.2842410802841186,-0.4412818253040313,-0.3714920878410339,0.3318605124950409,0.5055931806564331,0.7787067890167236,0.6282499432563782,0.0677845105528831,-0.1836357861757278,0.5722609162330627,0.8099288940429688,0.2793542146682739,-0.0957497060298919,-0.0058093760162591,-0.3549184203147888,0.7025589942932129,0.1048214063048362,-0.1965148299932479,-0.0156660210341215,0.4026091694831848,0.1600510627031326,0.1584176421165466,0.3581005036830902,0.3314990997314453,0.2551620006561279,0.3584474623203277,0.4073816835880279,0.2420545071363449,-0.0170701593160629,-0.4626917243003845,-0.1284084469079971,0.2848055958747864,-0.4426848590373993,0.0609680525958538,-0.1836325526237487,0.4312595427036285,-0.0261046700179576,-0.4910936951637268,-0.1362154185771942,-0.0021881472785025,-0.1250050812959671,-0.1788805574178695,-0.5293254852294922,-0.2910920083522796,0.0573946982622146,-0.3244378268718719,-0.5540183186531067,0.1108871847391128,0.0698532164096832,0.7022281885147095,-0.4073484241962433,-0.0582247711718082,0.0363635942339897,-0.0959387347102165,0.0085172010585665,-0.1063875406980514,-0.0362407192587852,-0.1809574514627456,-0.0693124830722808,-0.1858343929052353,-0.4118639528751373,-0.7072042226791382,-0.1924597918987274,-0.5996353030204773,0.0846023559570312,0.1365507394075393,0.3416391909122467,-0.3431665301322937,-0.0105992062017321,0.2008740007877349,0.1099748611450195,-0.0702215582132339,-0.1044218614697456,-0.4962834417819977,0.0521746501326561,0.6235902905464172,0.1989780813455581,0.2549144327640533,0.4346591830253601,-0.1230125650763511,0.2241075783967971,-0.3375579416751861,0.0491364076733589,-0.4921305477619171,-0.5336874723434448,0.8031032085418701,-0.2285980731248855,0.0549755617976188,0.1422539949417114,-0.016320439055562,0.4913935661315918,-0.1786239594221115,-0.4488377869129181,0.0021971536334604,0.5626557469367981,0.2513958811759949,0.3945915997028351,0.5067300200462341,1.0395631790161133,-0.600898027420044,0.2399883717298507,0.507253885269165,0.1423267871141433,0.4184766113758087,-0.0866876542568206,0.1023027002811431,-0.2185024321079254,0.1734088957309723,0.2730538249015808,0.0742037743330001,0.0180801972746849,0.3591750264167785,0.4189509153366089,-0.2941698133945465,0.2351832091808319,0.0267423372715711,0.4187816977500915,-0.4974288642406463,-0.8011637926101685,-0.5555623173713684,-0.3073553144931793,-0.7556048631668091,0.2554283440113067,0.4006425738334656,-0.0065784230828285,0.1434909105300903,-0.394364058971405,-0.934372901916504,-0.3849530220031738,-0.1800099015235901,0.3592594265937805,-0.2097887247800827,0.3925747871398926,0.488543838262558,0.1737706065177917,-0.8453036546707153,0.3623209595680237,-0.3280881941318512,0.3562944233417511,0.6706825494766235,-0.5050353407859802,-0.1319217979907989,0.3883167505264282,0.2648176252841949,0.2149577289819717,-0.0804751142859458,0.3222064971923828,-0.0920152589678764,-0.4401400089263916,0.0648980438709259,0.1620655953884124,0.1299288272857666,-0.4694461524486542,0.2799407243728637,0.1767307519912719,-0.3380746245384216,-0.4703567922115326,-0.16065514087677,-0.3347105979919433,0.0067802318371832,-0.3661509752273559,-0.1879582107067108,-0.0339670069515705,0.104503221809864,0.1751274615526199,0.266236275434494,-0.314026415348053,0.2849544286727905,0.3657740950584411,0.2520716786384582,-0.2831495702266693,0.2149923592805862,0.0810703113675117,-0.2730809450149536,0.2559533417224884,0.3851118683815002,-0.2589382231235504,-0.0253613945096731,-0.1925959289073944,-0.6243411898612976,0.0573893077671527,-0.2901930510997772,-0.8525079488754272,0.607277512550354,0.0383671075105667,0.0777931213378906,-0.4175307750701904,0.4496486783027649,-0.3952295780181885,0.2704024314880371,0.4180679023265838,0.1908625215291977,-0.2539109587669372,-0.7403110861778259,0.0161511413753032,-0.3064710795879364,-0.7265169024467468,0.5016233325004578,0.3038114607334137,-0.522838830947876,-0.2061790525913238,0.0596643313765525,0.3197767436504364,-0.1739855855703354,-0.1207372546195983,-0.6004470586776733,-0.3799546658992767,0.3399257361888885,0.4598093330860138,0.1010702922940254,-0.1357536166906356,-0.2062080055475235,-0.2670919299125671,0.654408872127533,0.6075674891471863,0.3750844895839691,-0.3449025750160217,0.0676187202334404,0.1675634384155273,-0.454778641462326,0.4353981614112854,0.1976518779993057,0.2944069802761078,0.1120794489979744,0.429997444152832,0.3618904948234558,-0.2818728983402252,0.0921506881713867,0.5070221424102783,0.2706049680709839,0.3641081750392914,-0.1913463324308395,-0.3245731592178345,-0.6777781844139099,0.4389567673206329,-0.0580630712211132,0.1219135671854019,-0.1220016553997993,-0.1369608342647552,0.2642320394515991,-0.3931630849838257,-0.4106499552726745,0.2509951889514923,0.2416254132986068,0.4225063621997833,0.0975071415305137,0.2491381615400314,0.4243958294391632,0.3803125321865082,-0.2857418358325958,0.1272618621587753,-0.0099975578486919,0.2531330585479736,0.6812724471092224,0.1009899973869323,0.1408724784851074,-0.3650930225849151,-1.1892848014831543,0.2115997225046157,-0.0057143326848745,0.3776504695415497,0.5890851616859436,-0.523371696472168,-0.4161609411239624,0.2256602346897125,0.6280369162559509,0.0010873185237869,-0.2439730912446975,-0.8009830117225647,0.0430466495454311,-0.2779676914215088,-0.4047461748123169,0.1584407687187194,0.1240023449063301,0.322475254535675,-0.2330525815486908,0.1313162744045257,0.1130019724369049,0.8146194219589233,0.0353416465222835,-0.1502699255943298,0.1310764104127884,-0.1768890172243118,-0.6126103401184082,0.0567315705120563,0.272871196269989,-0.3322493731975555,-0.0610788725316524,0.0417167395353317,-0.1828555017709732,0.086749792098999,0.0662692561745643,0.1187225058674812,0.246244803071022,0.0620200857520103,-0.451751172542572,-0.6626248955726624,-0.0119186481460928,0.1399063616991043,-0.8577488660812378,-0.1862054467201233,-0.0751260071992874,0.0898517742753028,0.07701126486063,-0.2019897401332855,-0.5521318912506104,-0.054762527346611,-0.3012158274650574,0.2841993570327759,-0.1412556320428848,-0.5182007551193237,0.374956727027893,0.5986433625221252,0.0643034353852272,-0.9141584038734436,0.2787756025791168,0.0553678497672081,0.5898736715316772,-0.0485914684832096,0.3624900281429291,-0.409991979598999,0.1087455749511718,0.0206418465822935,-0.1148634925484657,0.1829000860452652,-10.50829029083252,-0.4135403335094452,-0.383588045835495,-0.1842554062604904,-0.3384233117103576,0.1416395306587219,0.6390616297721863,0.0088398214429616,-0.1254999041557312,-0.0649336948990821,0.1472363620996475,0.7580432891845703,0.6037808060646057,0.8181231617927551,-0.3629984259605407,-0.214781180024147,-0.1873287707567215,-0.0924891382455825,-0.2220335453748703,0.0350309461355209,0.6562420129776001,-0.0732783079147338,0.4488974511623382,0.3611211478710174,-0.2760809659957886,-0.4076366424560547,-0.314083456993103,0.4992977082729339,-0.2332305014133453,0.477178543806076,-0.6796555519104004,0.7389819025993347,0.0893662348389625,0.0322254188358783,-0.4022021889686584,-0.1781482696533203,-0.3815683424472809,-0.1508479565382003,-0.1526713967323303,0.5416696071624756,0.2025618553161621,0.6494252681732178,-0.0196713954210281,0.1723731160163879,0.0849036797881126,0.0004325492482166,-0.0464189536869525,0.3583945631980896,0.4489233195781708,0.1655675619840622,-0.0259712822735309,0.0179818011820316,0.040005873888731,-0.3927996158599853,0.6653119921684265,0.1205821111798286,0.572458028793335,-0.5687554478645325,0.0649551749229431,0.0273863486945629,0.4017722904682159,-0.2873733639717102,0.9069095849990844,0.5454157590866089,0.2569486796855926,0.0724860280752182,0.2242748290300369,0.6789483428001404,-0.4633307456970215,-0.2902532517910003,0.2009803354740142,0.2457408756017685,-0.0259161032736301,0.176471546292305,-0.1095935180783271,0.5634013414382935,0.0300128646194934,-0.3564961850643158,0.5859701633453369,-0.0153175378218293,0.3844973742961883,0.1108311116695404,-0.1509934663772583,0.039451714605093,-0.9916585087776184,0.2142680883407592,-0.2075977325439453,0.0078334296122193,0.2993974089622497,-0.7098628878593445,0.2787651121616363,-0.1917260438203811,-0.0418018512427806,0.532159149646759,0.339629054069519,-0.0193620882928371,0.0796488225460052,0.442235916852951,0.7183797359466553,0.0471167936921119,0
0.0031761368736624,-0.0607978403568267,0.0868006199598312,-0.661807656288147,0.0111189065501093,0.3265124261379242,0.1916644126176834,-0.4045667350292206,-0.4292081892490387,-0.4083045125007629,0.5463610291481018,0.2070582807064056,-0.3826923966407776,0.0625517517328262,0.7951143980026245,-0.442884236574173,0.3125962615013122,0.3438512980937958,-0.0523972958326339,0.0517843142151832,0.0978624746203422,-0.5571790337562561,-0.2747199833393097,0.0472691729664802,-0.0459600277245044,-0.3686332702636719,0.2244462519884109,-0.082312487065792,0.0983265489339828,-0.2376643419265747,0.1591430008411407,-0.4425821006298065,-0.0801399499177932,-0.2665002346038818,-0.0309830289334058,0.0108848055824637,-0.0690804943442344,0.2679064273834228,0.2063704431056976,0.1932753026485443,0.1479707956314087,0.0076370746828615,0.1948626637458801,-0.1712042689323425,-0.0528566688299179,0.1627152562141418,-0.0894470736384391,0.1004108041524887,0.591101348400116,-0.2889629006385803,0.1374229490756988,0.5501917600631714,0.4750784933567047,0.1716260015964508,-0.0601437613368034,0.3185002207756042,0.8224498629570007,-0.557417631149292,-0.1149771809577941,0.1276140511035919,-0.5706307291984558,0.2014473527669906,-0.3595708608627319,0.2332155704498291,-0.2315685451030731,0.1064353063702583,0.0359065234661102,-0.1417602002620697,-0.3781137466430664,-0.3540096879005432,-0.0274864323437213,0.402396023273468,-0.6046552658081055,-0.3359215855598449,0.5048612952232361,-0.1393412053585052,0.3976526856422424,-0.1794541180133819,0.0227434691041708,0.1814790219068527,-0.1187740936875343,0.2268717288970947,-0.0903581604361534,-0.6762161254882812,0.0569993667304515,0.0246051810681819,-0.2300129532814026,-0.5120596289634705,0.1248785406351089,-0.4493535459041595,-0.1133277118206024,-0.2073936313390731,0.3074301481246948,0.0145306037738919,-0.1841437220573425,0.1837277859449386,-0.0620439946651458,-0.2285856008529663,-0.0833185613155365,-0.0128377340734004,-0.4649055302143097,0.2861506342887878,0.1150683984160423,0.1076434478163719,0.0551507472991943,0.1075687184929847,-0.1809568107128143,0.3812497854232788,-0.139119878411293,0.4462940990924835,0.2862721383571625,-0.2635545432567596,-0.2679628133773803,0.0520831122994422,-0.1249072924256324,0.0026477477513253,0.0267717316746711,0.2469020783901214,0.0302001107484102,0.3710814416408539,-0.1098586171865463,0.4699374139308929,0.0058718807995319,-0.0616717003285884,-0.2280991375446319,-0.1406721770763397,0.0704468786716461,-0.3091879487037658,-0.0072021726518869,-0.3812822103500366,0.1617260724306106,-0.0414503291249275,-0.5856931209564209,0.2547442615032196,-0.1138062626123428,0.4811491072177887,0.130574569106102,0.0783994868397712,-0.391741931438446,-0.5688015818595886,-0.0319120548665523,-0.2438270598649978,0.3643069565296173,0.0948860645294189,-0.1718646436929702,0.2716177403926849,0.3198012709617615,0.1311369985342025,0.7376388907432556,0.5044369697570801,-0.2001553475856781,0.7393048405647278,-0.4966245889663696,-0.0050921100191771,0.2593344748020172,-0.1624211370944976,-0.4992667436599731,0.4151813089847564,-0.1086982414126396,0.6080097556114197,0.1552628129720688,-0.3181414604187011,0.2967957556247711,0.8420257568359375,0.1295166760683059,0.7175630331039429,0.3213450014591217,0.4221847653388977,0.605125904083252,0.5966471433639526,-0.1656567007303238,0.5463995337486267,0.3133746683597564,-0.3287399113178253,0.2963298261165619,0.005749715026468,0.0374555811285972,0.5076952576637268,0.1681631803512573,-0.9266054034233092,-0.1957228630781173,0.1941849142313003,0.052257839590311,-0.4191427528858185,0.7755953073501587,0.0066946446895599,0.5302921533584595,0.2605101466178894,-0.0696816518902778,-0.184170588850975,-0.0372766554355621,-0.0098567195236682,0.2622301578521728,-0.4053263068199157,-0.5704964995384216,-0.1914510577917099,0.0944606438279151,0.0508277006447315,-0.4833554029464721,0.4180681705474853,0.3133998513221741,-0.036971129477024,-0.2730249464511871,-0.8953977227210999,-0.8142644166946411,-0.2519980072975158,-0.1531452983617782,0.2973617613315582,0.0147576453164219,0.0984799936413765,-0.2799798250198364,-0.3443861305713653,0.3409165143966675,0.0603276640176773,0.2964895069599151,-0.0570669658482074,-0.9990729689598083,0.0238197539001703,0.0489080734550952,-0.0346764251589775,0.1864619255065918,0.0158124044537544,0.2862429022789001,-0.5115312337875366,-0.2338037192821502,0.1353099048137664,0.1608468294143676,-0.2106554061174392,0.1547987461090088,0.5374172329902649,-0.066332496702671,-0.1900498867034912,-0.8293370604515076,0.2218030542135238,-0.0450445711612701,0.4054462313652038,-0.6599977016448975,0.6992177963256836,0.018104126676917,-0.002429557731375,0.5482659935951233,0.3278791010379791,0.1139019280672073,0.2349071204662323,-0.3641423285007477,0.3448559641838074,0.1526006162166595,-0.4325889348983764,-0.6531708836555481,-0.5379634499549866,-0.927617609500885,-0.3598898649215698,-0.0856102630496025,0.1103380993008613,0.4773735404014587,0.0974730402231216,0.2282249182462692,-0.4778967201709747,0.1223301813006401,-0.3653758764266968,-0.3753630220890045,-0.4723738431930542,-0.2525172531604767,0.0311940945684909,-0.1930955797433853,-0.2202931046485901,0.0085229333490133,-0.555094838142395,-0.7384956479072571,0.1608379185199737,0.0788786187767982,-0.3683903217315674,-0.4114533364772796,0.0641935840249061,-0.1213461458683013,-0.3295978009700775,-0.011258372105658,0.254391461610794,-0.3797242045402527,-0.0208807196468114,-0.6492891907691956,0.6138627529144287,-0.6307557225227356,-0.3399337232112884,-0.1044942960143089,0.0166841223835945,-0.1446605622768402,-0.4678792357444763,-0.1896993815898895,0.7635605931282043,0.2990688681602478,-0.138578861951828,-0.3641351163387298,-0.4979437291622162,-0.5783031582832336,0.4369446933269501,0.4176512956619262,0.1074473783373832,0.0878961756825447,0.402312695980072,0.5334050059318542,0.1978185474872589,0.2844682931900024,-0.1847484111785888,-0.2366843223571777,-0.2725338637828827,-0.1306344270706176,0.0627033412456512,0.4482207596302032,-0.305838406085968,-0.122567318379879,0.9938422441482544,-0.4593415260314941,-0.3654066920280456,0.7318883538246155,-0.0670155808329582,-1.3997195959091189,0.2089877426624298,0.4641358256340027,0.339649885892868,-0.481524795293808,0.7123547792434692,0.1878018230199813,0.5769309997558594,-0.2344101518392563,-0.4898486137390136,0.5672318339347839,-0.1247627809643745,-0.4136821627616882,0.4254004061222076,0.1543496400117874,-0.5032008290290833,-0.0087127489969134,-0.4590893089771271,-0.2126435190439224,0.4482419192790985,-0.1862764656543731,-0.0274078119546175,0.0112516330555081,-0.4013431370258331,-0.24400494992733,0.3090179860591888,-0.0148792658001184,-0.5374107956886292,-0.5534104108810425,-0.2894331514835357,0.3393507897853851,1.0581037998199463,0.144974336028099,0.6220086216926575,-0.4687284231185913,0.4528188407421112,0.3884975910186767,0.1073685884475708,0.5571797490119934,0.2764184772968292,-0.2424703538417816,-0.2158079594373703,0.5627112984657288,0.415305495262146,0.106074534356594,-0.0443860217928886,0.1336534172296524,0.0635653510689735,0.1826259046792984,-0.1055840924382209,0.6502776145935059,-0.141808420419693,0.3536523282527923,0.5146189332008362,0.2330994606018066,-0.0900570750236511,0.0781622529029846,-0.4576899111270904,0.1094290018081665,-0.8406364917755127,0.5045748353004456,-0.0283449869602918,-0.0218085329979658,-0.0520893447101116,-0.1031492948532104,-0.4371600151062011,-0.017949478700757,-0.1399894803762436,0.2675392627716064,-0.5081573128700256,-0.5338950753211975,0.1077740564942359,-0.0689213573932647,-0.283149242401123,0.171120136976242,0.3129028677940368,0.4287918210029602,-0.5326884388923645,-0.4094868898391723,0.7733538150787354,0.0162159632891416,-0.0072541129775345,0.5614296197891235,0.1175485625863075,-0.0760221034288406,-0.211329385638237,-0.4428883790969848,-0.2046450078487396,-0.7780249118804932,-0.3564236462116241,-0.4528417289257049,0.2160809636116027,0.2362763434648513,0.3225845992565155,-0.1116638481616973,-0.0470034219324588,0.0703728720545768,0.1373246610164642,-0.0632245987653732,-0.65218186378479,0.2310350388288498,-0.1592269390821457,0.5896809101104736,0.8067646026611328,0.1587326377630233,-0.2732491493225097,-0.1715768128633499,0.2116468995809555,0.2313543707132339,0.1230284571647644,-0.6485904455184937,0.0193797163665294,0.5927419066429138,-0.0951088666915893,-0.2243158966302871,0.1123715043067932,0.3114649355411529,0.461230456829071,-0.276660680770874,-0.382485032081604,-0.0353952907025814,0.3318245410919189,-0.0521954633295536,0.3872840106487274,0.0941041409969329,1.028633952140808,0.2518595159053802,-0.0752753987908363,0.2339671552181244,-0.3081791698932647,-0.0724743828177452,-0.2201147973537445,0.2931573987007141,0.1904922127723693,0.0927618965506553,0.5092480778694153,0.1100455299019813,-0.3637725114822387,-0.2760427296161651,-0.0828023701906204,0.3296189904212951,0.1685519069433212,0.0973466262221336,0.2866364419460296,-0.5149614810943604,-0.0037491263356059,-0.3459472954273224,-0.4577270150184631,-0.1330947428941726,0.1084762662649154,0.6005651950836182,0.1605362296104431,0.5439375638961792,-0.5331707000732422,-0.3257345259189605,-0.3711455166339874,-0.4540835320949554,-0.1340912729501724,-0.2620345950126648,0.2089841961860656,0.1866414099931717,0.1436269432306289,-0.4567202031612396,-0.3661319315433502,-0.0883623957633972,0.3650775253772735,0.0215740874409675,-1.0030871629714966,-0.4105854034423828,0.6311589479446411,-0.1848551332950592,-0.3698974549770355,0.1036599949002265,0.236632689833641,0.1726095229387283,-0.2160039544105529,-0.0213409829884767,-0.168961226940155,0.3041289746761322,-0.0161232110112905,0.4921342730522156,-0.09644266217947,-0.2044597864151001,-0.332964688539505,0.0566480383276939,-0.2578245103359222,-0.3340344727039337,-0.572498619556427,-0.3068805336952209,-0.0457549095153808,0.1794564574956894,0.1167832538485527,0.4510316550731659,-0.2446545511484146,0.4985246956348419,0.031571552157402,0.1467853039503097,-0.0906953960657119,0.2868809998035431,-0.2875887453556061,-0.1965115219354629,-0.1932107657194137,0.5326632857322693,0.2681797444820404,0.3176998496055603,-0.2003336399793625,-0.5330439209938049,-0.1281498223543167,-0.2392009794712066,-0.519485592842102,0.5827149152755737,0.0900339633226394,0.5456182360649109,-0.1836076378822326,0.2240788340568542,-0.1907528638839721,-0.0015128852101042,-0.3930225670337677,-0.1054306253790855,-0.1078258082270622,-0.8340499997138977,-0.186623215675354,-0.3212255537509918,-0.4420482516288757,0.5200933218002319,0.2669086158275604,-0.6013787388801575,-0.3170128464698791,0.1425212919712066,-0.034273512661457,-0.4507310092449188,-0.0893237888813018,-0.5125720500946045,0.1827784180641174,0.487899512052536,0.4282651841640472,0.4144729077816009,-0.2689167261123657,-0.6819618940353394,0.1487437039613723,0.7066802978515625,0.1276256442070007,0.2586115002632141,0.1338995993137359,-0.0630201920866966,0.0068775373511016,-0.3611669242382049,0.5995979905128479,0.3284713923931122,0.6112343668937683,-0.1593673080205917,0.5796571373939514,0.5704997777938843,-0.2039690464735031,0.27096688747406,0.9044501185417176,0.39722540974617,0.6367554068565369,-0.0577708259224891,0.036823458969593,-0.5470572113990784,0.2953176200389862,-0.2784082591533661,0.2505327463150024,0.2955975830554962,-0.3873145580291748,-0.0106711722910404,-0.4470608234405517,0.0582158118486404,0.3540639281272888,-0.2572919130325317,0.0640492439270019,-0.1530279666185379,-0.5277718901634216,0.3817476332187652,-0.158414676785469,-0.0710591152310371,0.1840384602546692,-0.0350280739367008,0.4537293612957001,0.528607189655304,0.2899109721183777,-0.0413019880652427,0.2188134342432022,-0.6566449999809265,0.0871488004922866,-0.4678245782852173,0.2556524276733398,0.8074514269828796,0.1066321358084678,-0.7058013081550598,0.1147244274616241,0.7123931646347046,-0.3560422956943512,0.0612720251083374,-1.0915507078170776,-0.1837315112352371,-0.1110924184322357,0.1160295903682708,0.1151471585035324,-0.1754621565341949,0.4969201385974884,-0.3079700171947479,-0.1208853498101234,-0.2617020308971405,0.7547056078910828,0.0675808936357498,-0.2036011964082718,-0.0834806710481643,0.0529114045202732,-0.0520556680858135,0.2553771734237671,0.0519331432878971,-0.4064322412014007,0.1175331100821495,-0.0400002636015415,-0.2948659062385559,-0.0202174540609121,0.4066607654094696,0.1878072172403335,0.0256806910037994,0.2268457561731338,-0.0400772243738174,-0.8691291809082031,-0.2082367241382599,0.3324902355670929,-0.942822277545929,-0.0735208243131637,-0.1429763734340667,-0.1136432737112045,0.3548907041549682,-0.1476150751113891,-0.3494469225406647,0.015733528882265,-0.295113205909729,-0.0524454191327095,-0.1219716221094131,-0.5856705904006958,-0.0685122907161712,0.2011014968156814,-0.0997806042432785,-1.0749133825302124,0.1433800905942917,0.1807161569595337,0.3349646627902984,0.0505462624132633,0.51595139503479,0.2372927665710449,0.0397394374012947,0.4213206768035888,-0.229931965470314,0.179247185587883,-10.382081985473633,-0.4448930025100708,-0.3652932643890381,-0.183305487036705,-0.3692849576473236,0.4921149015426636,0.6921905279159546,0.3035148084163666,-0.2524159848690033,0.4128586649894714,-0.3018664121627807,0.2482895404100418,0.1434746235609054,0.9373087286949158,-0.4286087155342102,-0.1827657520771026,0.3007826209068298,0.082112118601799,0.0640494301915168,0.3107931613922119,-0.2130162268877029,-0.4070342779159546,0.6020965576171875,0.0759041309356689,-0.0683071687817573,-0.3665779531002044,-0.2489219903945922,0.2341049611568451,-0.1814572066068649,0.1103604510426521,-0.6091642379760742,0.5347440242767334,0.1003084331750869,0.3639244735240936,-0.7448790669441223,-0.2301767915487289,-0.0891357064247131,0.2333881556987762,0.3847591280937195,0.5595882534980774,-0.0836476907134056,0.6774351000785828,0.2649302184581756,-0.4228098094463348,0.853337287902832,-0.2344857007265091,0.3338377773761749,0.5192164182662964,0.2750162482261657,0.1354071348905563,-0.1363216787576675,-0.6438022255897522,0.0042162416502833,-0.4347541332244873,-0.1330995559692382,-0.1422829777002334,0.3304428160190582,-0.6977059245109558,0.0330822952091693,-0.1127327904105186,0.4786390364170074,-0.273013710975647,0.6636946201324463,-0.0587224513292312,-0.3250734508037567,-0.1605715006589889,0.0656867250800132,0.6946278810501099,-0.5975626111030579,-0.2920809686183929,0.5590290427207947,-0.2730327248573303,0.2166372835636139,0.4055890440940857,-0.4609197080135345,0.2656212449073791,-0.1926836967468261,-0.177279993891716,1.1196138858795166,0.0746123492717742,0.4504166543483734,-0.0480197295546531,-0.4257279634475708,0.1747554093599319,-1.0736651420593262,0.4939015209674835,-0.1731966435909271,0.1242589876055717,0.3955589532852173,-0.4195772707462311,0.582466721534729,0.0015246457187458,-0.3316822946071625,0.1182079017162323,0.481196790933609,0.0666705295443534,0.4595232307910919,0.0795234888792038,0.923289954662323,0.1367945075035095,0
-0.0340031236410141,0.8183595538139343,0.2433686256408691,-0.5561447143554688,0.2802871465682983,0.6069374680519104,0.6057878136634827,-0.6498515009880066,-0.5274603366851807,-0.087485633790493,0.5277066826820374,-0.1518214493989944,-0.3976146578788757,0.0472632050514221,0.2966916859149933,-0.4141279458999634,0.2939834594726562,-0.0302294623106718,0.0346110872924327,-0.2148605436086654,-0.4736972749233246,-0.9393248558044434,0.1819484978914261,-0.0629787817597389,0.1376109272241592,-0.5495492219924927,0.0773554146289825,0.3990333676338196,0.2394121438264846,-0.1204172298312187,-0.0343516841530799,-0.6025769710540771,-0.1766440719366073,-0.5221533179283142,-0.0869409441947937,-0.2001602947711944,-0.1847722381353378,0.1021099090576171,-0.2839568257331848,-0.4356396198272705,0.0691074132919311,-0.1340977698564529,-0.4789541661739349,-0.0677442923188209,-0.0704328864812851,0.5955693125724792,-0.1120096072554588,0.5034266710281372,0.4221847057342529,0.2600983679294586,-0.282476395368576,0.2817046046257019,0.487569510936737,0.3008280992507934,0.0540202818810939,-0.1705782115459442,-0.0220259428024292,-0.1351057589054107,-0.2677259445190429,0.0610149316489696,-0.6938619613647461,-0.1240047886967659,-0.0449293702840805,0.2433164864778518,-0.3293831646442413,0.2824154198169708,-0.2802900969982147,-0.050543013960123,-0.0480194613337516,-0.6974805593490601,0.3621856570243835,-0.186056300997734,-0.3159201443195343,0.0936432480812072,1.1232609748840332,-0.3044705390930176,0.3986206948757171,-0.6243464946746826,0.4297222197055816,-0.0946053937077522,-0.4320188760757446,0.4253063797950744,-0.2564952373504638,-0.5731629729270935,-0.1995331346988678,0.5594104528427124,-0.8605560064315796,-0.8517721891403198,0.7521985173225403,0.0316954106092453,0.1146657839417457,0.1722393482923507,0.2203297615051269,0.3439126908779144,0.1820033937692642,-0.3973152339458465,0.2981396913528442,0.0717239156365394,-0.0453803241252899,0.6213529109954834,-0.547691822052002,-0.3270001113414764,0.1197584271430969,0.1090586930513382,0.2521000504493713,0.060041069984436,-0.5943869352340698,0.5301752686500549,0.1436663419008255,0.356762558221817,-0.1056319326162338,-0.5691098570823669,-0.5391380190849304,0.1870022118091583,0.2958047986030578,-0.1872135549783706,0.0966304689645767,0.3558715283870697,0.1035567373037338,0.6967304348945618,-0.1131389886140823,0.5107061862945557,-0.0445971302688121,-0.2875761985778808,-0.1721107810735702,-0.1586776822805404,0.6383427977561951,-0.5430346727371216,-0.2401546984910965,-0.6306242942810059,-0.1484814137220382,0.3846207559108734,-0.8772335052490234,0.1549317687749862,-0.3266439139842987,0.6349375247955322,-0.2287134975194931,0.5758288502693176,-0.507465660572052,-0.6152151823043823,-0.1733145117759704,0.1262280941009521,0.7106241583824158,-0.8495229482650757,0.0233728121966123,0.1522354930639267,0.0007958691567182,-0.1546593308448791,0.7762715220451355,0.4533135890960693,-0.0208476968109607,0.6053337454795837,-0.7553942203521729,0.1840923428535461,-0.1235842183232307,-0.0977719277143478,-0.4354102313518524,0.6226243376731873,0.0795721709728241,0.9358035922050476,0.179002583026886,-0.3639645874500274,0.2905438840389251,0.8882123231887817,0.1021220088005065,0.3869930505752563,0.6231674551963806,0.2506987750530243,0.5901870727539062,0.8353998064994812,-0.0245349071919918,0.6254921555519104,0.3349493741989136,-0.4877169132232666,0.1490896791219711,0.5924546122550964,0.5168889760971069,-0.0316922403872013,0.1873729079961776,-0.3480761051177978,-0.300012856721878,-0.1274639964103698,-0.3677489459514618,-0.5244307518005371,0.5279595851898193,-0.6383877396583557,0.0331762693822383,0.2402998059988021,0.0682033598423004,-0.0742740109562873,-0.1411427557468414,-0.3529611527919769,0.2400992959737777,-0.6403679251670837,-0.444272518157959,0.2436493933200836,-0.4155641198158264,0.1550244241952896,0.2128624022006988,0.2951393127441406,-0.1171310693025589,-0.1791588515043258,-0.4974051117897033,-1.40239155292511,-1.1121594905853271,0.201140746474266,0.2422089576721191,0.0974566042423248,0.1299090832471847,0.1414601802825927,-0.2572685778141022,0.0215118564665317,-0.0061117275618016,-0.0877538472414016,0.3592338562011719,-0.0725206136703491,-0.8138288259506226,-0.0657663121819496,0.4472335278987884,-0.0912438035011291,0.3201605081558227,-0.3822491466999054,0.2720367312431335,0.0585039779543876,-0.4547987580299377,0.3145098686218261,0.2304123640060424,-0.4066919684410095,-0.0803591907024383,0.4826646745204925,-0.2941773235797882,-0.5430424213409424,-0.927678406238556,0.1456206887960434,-0.3890388607978821,0.2608943581581116,-0.3139927685260772,0.3506138324737549,-0.2995033860206604,0.4876782894134521,-0.1009906381368637,-0.5688871145248413,-0.0237294547259807,-0.2468496859073639,-0.016034360975027,0.4771899878978729,0.0960796624422073,-0.2209601998329162,-0.721571147441864,0.1237160265445709,-0.8587709665298462,-0.3702521622180938,0.2084938287734985,-0.125054270029068,0.8561576008796692,0.3545325398445129,0.098218947649002,-0.1303649991750717,-0.0967959985136985,0.035430796444416,-0.485871285200119,-0.5665261745452881,0.0779870674014091,-0.2448350489139557,0.2387376874685287,-0.1702984273433685,-0.0843780785799026,-0.7326935529708862,-0.7162457704544067,-0.3566745221614837,-0.0507580563426017,-0.1114444211125373,-0.3715841174125671,-0.3268958330154419,-0.395800918340683,0.3832271993160248,-0.1375539153814315,0.6400394439697266,-0.3324882686138153,0.4136174321174621,0.0378613770008087,0.5311905741691589,-1.2227998971939087,0.2423387318849563,0.2643733024597168,-0.090776652097702,-0.2555358707904815,-1.0790878534317017,-0.3856020867824554,0.4622474610805511,0.1391490399837494,-0.3347684144973755,-0.1343449801206588,-0.0755908712744712,-0.3671323657035827,-0.1547251641750335,-0.1537169814109802,0.1455210745334625,-0.0318582169711589,0.4836118817329407,0.2976148128509521,0.1736702173948288,0.2587470710277557,-0.4899360239505768,-0.5400435328483582,0.0129702212288975,0.132869467139244,-0.1389400362968444,0.6009823679924011,0.0774345844984054,-0.0049581113271415,1.1982955932617188,-0.753678023815155,-0.1699552088975906,1.047492265701294,0.021575316786766,-1.3781263828277588,0.2430467307567596,0.5067936778068542,0.1910175383090973,-0.1753830164670944,0.8416633009910583,0.1722878515720367,0.2553046941757202,-0.4198486804962158,-0.4210230112075805,1.1585345268249512,0.2639740407466888,-0.5317935943603516,-0.2449529320001602,0.7173960208892822,-0.1825700849294662,0.460462361574173,-0.2998168766498565,-0.4181250631809234,0.3802643716335296,-0.3565736413002014,-0.097490444779396,0.0203913953155279,-0.3031749427318573,-0.7905824184417725,0.4337897896766662,-0.1926117241382599,0.5280560255050659,-0.7425007224082947,-0.2979576289653778,0.4027956426143646,1.205311298370361,0.6395196318626404,0.6795264482498169,-0.2822528779506683,0.0215375516563653,0.7731603980064392,0.0630646646022796,0.4176326096057892,0.1847046464681625,0.1459806710481643,-0.4251129627227783,0.9144890308380128,-0.1272546201944351,-0.4637171030044555,0.3191159069538116,0.5118274092674255,0.6511702537536621,0.0109212165698409,-0.2184841930866241,0.4718876779079437,0.0835557430982589,0.7722237706184387,0.9567552208900452,0.6269862651824951,0.0676405504345893,0.2783718705177307,-0.2525599300861358,0.7704999446868896,-0.5130504965782166,0.0404873602092266,0.1691445857286453,-0.0506784245371818,-0.4096050262451172,-0.7896668910980225,-0.0951197668910026,-0.190251737833023,-0.4232967793941498,-0.4163311719894409,-0.904510736465454,-0.8187723755836487,0.2476653605699539,0.4802009463310241,-0.7863510847091675,0.1253589242696762,0.2823011577129364,0.3999513387680053,-0.5533230900764465,-0.2056994438171386,0.2420236021280288,-0.4316062927246094,0.1183766797184944,0.1866742670536041,0.4331836402416229,-0.4527700841426849,0.0833026096224784,-0.4700226187705993,-0.2195780426263809,-0.930724024772644,-0.6145902276039124,-0.48273366689682,0.0883011817932128,0.2604240775108337,0.4405651688575744,0.1609053760766983,0.4128524363040924,-0.2534724175930023,0.0670503824949264,-0.1848768293857574,-0.4453849494457245,-0.1389960646629333,0.467279851436615,0.2476060837507248,0.631031334400177,0.1701588481664657,0.5189031958580017,0.0359810627996921,0.0001593940833117,0.0637744069099426,-0.0433488115668296,-0.3509524762630462,-0.3590390086174011,0.6874834299087524,-0.1527695059776306,-0.1093897968530654,-0.032236274331808,-0.0438390485942363,0.7215205430984497,-0.0634018927812576,-1.1009061336517334,-0.1578927338123321,0.3412964046001434,0.086253210902214,0.3658733069896698,0.3955022394657135,1.095646858215332,-0.2067486047744751,0.2040024846792221,0.5863773226737976,-0.0785374492406845,0.7585672736167908,-0.0316875278949737,-0.2848192453384399,-0.3171622157096863,0.1475665122270584,0.6658414602279663,0.0679170861840248,-0.1075601354241371,0.2487683594226837,0.4160451889038086,-0.2993917167186737,-0.1975582689046859,0.3300756514072418,-0.0990340039134025,-0.6717370748519897,-0.3461562693119049,-0.5350250005722046,-0.6363522410392761,-0.1347622871398925,0.3775000274181366,0.2809948623180389,-0.0043147327378392,0.4331027269363403,-0.6108114719390869,-0.6757115721702576,-0.4988411366939544,-0.949790060520172,0.3834239244461059,-0.204540878534317,0.566437304019928,0.56732177734375,0.051968615502119,-0.5260674357414246,0.2733159363269806,-0.1199569478631019,0.437942624092102,0.8928155899047852,-0.3022160828113556,-0.1618416905403137,0.4910007119178772,-0.1365165412425995,0.6803961396217346,-0.2313521206378936,0.173795685172081,-0.3022543787956238,-0.0317599214613437,-0.0861420556902885,0.1398086249828338,0.0332722030580043,-0.5364129543304443,0.8430767059326172,0.1158542856574058,-0.3748884499073028,-0.4092483222484588,-0.6426430344581604,-0.1108079925179481,0.4495895206928253,-0.7456057667732239,0.0217578317970037,-0.6096863150596619,0.1936643421649933,0.6532236933708191,0.8423157334327698,-0.693938136100769,0.4560171663761139,0.1893327087163925,0.0764791220426559,-0.1876739710569381,0.2293040305376052,-0.3870456516742706,-0.3213069140911102,0.0400711372494697,0.5270309448242188,0.1770189553499221,0.6846286058425903,-0.5615328550338745,-0.8350558280944824,-0.0550360083580017,-0.2283198535442352,-0.6278354525566101,0.3529067635536194,0.0703449323773384,0.2998480200767517,-0.5315501093864441,0.21905018389225,-0.7149791717529297,0.5290278196334839,0.3577248752117157,0.1506180614233017,0.0988623574376106,-0.747942328453064,-0.1628214567899704,-0.4417280256748199,-0.9568366408348083,0.463358998298645,0.4129658639431,-0.8096800446510315,0.0292298663407564,0.4387030601501465,0.5181941986083984,-0.6921684741973877,-0.5763434171676636,-0.3937412798404693,0.0918499454855918,0.4852310121059418,0.2012185007333755,-0.0292095225304365,0.0014059082604944,-0.3015966713428497,0.1659068763256073,0.5815778374671936,0.6984782814979553,0.6661532521247864,0.093969352543354,-0.0294664017856121,0.1551216542720794,-0.7050092220306396,0.0515378005802631,-0.2038450837135315,-0.1349681764841079,-0.0561633892357349,0.9253513216972352,0.5316236019134521,-0.4030947983264923,-0.1510088890790939,0.9344865679740906,0.4135709404945373,0.8285344243049622,-0.4161840379238128,-0.179562360048294,-0.4568018615245819,0.4439434111118316,0.1185143068432807,-0.2827330231666565,-0.0111502949148416,-0.1118798106908798,-0.3399610817432403,-0.2813072800636291,-0.3189838528633117,0.275723248720169,0.0629651471972465,0.2881417572498321,0.1762231439352035,-0.262073814868927,0.4365310370922088,-0.249325543642044,-0.4775751829147339,-0.189346969127655,0.4378216862678528,0.1738985180854797,0.7869111895561218,0.2153527587652206,0.2706262767314911,-0.3228563368320465,-0.9982818961143494,-0.3618471026420593,0.3107124865055084,0.3703764379024505,0.7742481827735901,-0.7681684494018555,-0.5580154061317444,0.1159905046224594,0.2893818616867065,-0.0541180036962032,0.0931880623102188,-0.9020599722862244,-0.3801321387290954,0.1893595606088638,-0.6947675943374634,0.3493660092353821,0.2778467833995819,0.1849676221609115,-0.2186990082263946,-0.4491661489009857,0.0659638345241546,0.5699921250343323,-0.1784543246030807,-0.5488167405128479,0.3589185774326324,-0.0475102439522743,-0.0517831854522228,0.153852641582489,0.1201682537794113,-0.0557288192212581,-0.0342426635324955,0.1678056418895721,-0.4462345242500305,0.0553899183869361,-0.2601107358932495,0.395022451877594,0.0024176747538149,0.2881033718585968,-0.1590177863836288,-1.040870189666748,0.0851010456681251,-0.0117336260154843,-0.4974397718906402,-0.3010345697402954,-0.2175718694925308,-0.3181649446487427,-0.0154365450143814,-0.1197224855422973,-0.2467281967401504,0.3238625824451446,-0.317559152841568,0.5852050185203552,-0.12265095859766,-0.6328884363174438,0.3056196570396423,0.3998624980449676,-0.3827398121356964,-0.8353005051612854,0.3577028810977936,0.4121659100055694,0.4390000700950622,-0.0357071831822395,0.0517107285559177,0.1340836137533188,0.3389334678649902,0.4900949597358703,-0.6081032156944275,0.5324382781982422,-9.796019554138184,-0.3710661232471466,-0.6012843251228333,-0.3195273876190185,-0.3207091391086578,-0.058256696909666,1.07630455493927,0.0674293786287307,-0.1247841790318489,-0.1629563421010971,-0.0872951075434684,-0.0150995729491114,0.490367978811264,0.8817635178565979,-0.6942055225372314,-0.5374621152877808,-0.071591280400753,-0.3044888377189636,-0.4261961579322815,-0.1006945148110389,0.0400756448507308,-0.2514041364192962,1.0619125366210938,-0.0617653802037239,-0.338840126991272,-0.3505962789058685,0.1020156890153884,-0.0128545742481946,-0.2467370778322219,0.8902862668037415,-0.7341428995132446,1.4908009767532349,0.1811008304357528,-0.095840536057949,-0.2637326717376709,0.078388825058937,-0.0842657387256622,0.383993536233902,-0.6185378432273865,0.5441694855690002,0.1768823564052581,1.0294491052627563,-0.2234426140785217,-0.123551994562149,0.535986065864563,-0.0185154695063829,0.4372779726982116,0.1871225237846374,0.2563006579875946,-0.169576495885849,-0.1905618011951446,-0.4083457291126251,0.147109717130661,-0.1906646192073822,0.1804751604795456,-0.1623864918947219,0.6506508588790894,-0.6856341361999512,0.0207714401185512,0.0801436305046081,0.5251412391662598,-0.1489992588758468,0.5699613690376282,0.6552631258964539,-0.4029736816883087,0.0719710811972618,0.2270816564559936,0.0152651006355881,-0.5923919677734375,-0.2474207729101181,0.2751559019088745,0.0559971444308757,0.0935863703489303,0.3795277774333954,-0.3104695081710815,0.5262947082519531,-0.1554690450429916,-0.3090550303459167,0.7421126365661621,0.3248776197433471,1.0074902772903442,-0.1159013956785202,-0.0603499189019203,0.1926866769790649,-0.8887192606925964,0.4231337010860443,-0.1655093878507614,0.3203942477703094,0.579544723033905,-0.6267620921134949,1.0005608797073364,0.0516397580504417,-0.056191861629486,0.2780204117298126,-0.0257949437946081,-0.1430043429136276,0.6821844577789307,0.556321382522583,0.535772442817688,0.1373044699430465,0
0.2601964771747589,0.7716675400733948,1.1591545343399048,-0.2490427196025848,0.6242895722389221,0.5124413371086121,0.2772069573402405,0.0134479375556111,-0.6325500011444092,-0.3895764648914337,0.5369018912315369,-0.404379665851593,-0.396104484796524,-0.0910567492246627,0.0537040866911411,-0.2777827978134155,-0.3012771606445312,-0.4784837365150451,0.0834780931472778,-0.1909854412078857,-0.834200382232666,-0.4679176807403564,-0.5020633339881897,0.9456928372383118,0.210563376545906,-0.6258668899536133,-0.1731959581375122,0.2517300546169281,0.5088326334953308,-0.4245054423809051,-0.1459442377090454,-0.0404359847307205,0.167103886604309,0.1442810446023941,-0.6581206917762756,0.2515282332897186,-0.078828826546669,-0.1900695413351059,0.4837754368782043,0.5080987215042114,0.2041688114404678,-0.4527918398380279,-0.1881830841302871,0.2095185965299606,-0.2644474804401397,0.6208105087280273,0.2297912985086441,0.1752271950244903,-0.0829321965575218,-0.6430364847183228,0.0122299417853355,0.3860097825527191,0.2557885944843292,0.3050517439842224,0.1449098736047744,-0.4554262459278106,0.76121985912323,-1.0294541120529177,-0.4803099632263183,0.7949559688568115,-0.7316218018531799,0.0513282716274261,-0.211315244436264,0.1320650577545166,-0.6685051918029785,0.2892091274261474,-0.0587130486965179,-0.5324853658676147,-0.0773560255765914,-0.4111736416816711,0.7183042764663696,-0.196817085146904,-0.096265472471714,-0.5998209118843079,0.93379145860672,-0.5390411019325256,0.182269811630249,0.3392490744590759,0.1852248162031173,0.0401392988860607,0.0288879070430994,0.3593163788318634,0.4713896214962005,-0.3885548114776611,-0.1484255343675613,0.1462392359972,-0.8089075684547424,-0.9694101810455322,0.6656703352928162,-0.0196126922965049,0.0164390243589878,0.0429009683430194,-0.4784901738166809,0.0878115370869636,1.0273886919021606,0.1293212920427322,0.3397265076637268,-0.3997782170772552,0.1173193231225013,0.4924879968166351,-0.2667233347892761,0.141569048166275,-0.3211722671985626,-0.3361550867557525,-0.0384912230074405,-0.0882785022258758,-0.5779410600662231,0.1522940099239349,0.2696743011474609,0.3354161381721496,-0.3325579464435577,-1.02678644657135,-0.5031058192253113,-0.2538363933563232,0.7983214259147644,0.064379945397377,-0.8851882815361023,0.3565098345279693,-0.8110129237174988,0.2155167758464813,-0.101303294301033,0.1714270114898681,-0.3548565506935119,-0.6919399499893188,-0.0187597312033176,0.1371993273496627,0.3809421360492706,-0.4754588901996612,-0.1685718446969986,-0.7141278386116028,-0.7252212166786194,-0.4962208867073059,-0.6804234385490417,0.3396865129470825,-0.6469278335571289,0.9907531142234802,-0.012185076251626,0.1518786996603012,0.0980211049318313,-0.4145057201385498,-0.8676518201828003,0.028614692389965,0.415253221988678,-0.6418198347091675,-0.0138866323977708,0.2562667727470398,0.0787621960043907,-0.1174865067005157,0.4666122198104858,0.1274997740983963,-0.0092818271368741,1.069156527519226,-0.7106303572654724,0.1170868948101997,0.5021846294403076,0.2519029676914215,-0.4767220020294189,0.4217033684253692,0.3188081383705139,0.416269987821579,0.325423926115036,-0.0251908022910356,-0.3737809658050537,0.6916077733039856,0.3371544182300567,0.4900538027286529,0.5342527627944946,-0.029758570715785,-0.0911524444818496,0.3343603610992431,0.327062726020813,-0.0391871556639671,0.2242729663848877,0.0260772313922643,-0.2710334062576294,0.0689779445528984,0.5183835625648499,-0.0916298180818557,0.0555247515439987,-1.153109073638916,-0.2775963246822357,0.1017253473401069,0.664962887763977,-0.6389026641845703,0.8360575437545776,0.0876204371452331,0.1322063654661178,0.3170809745788574,0.3774223029613495,-0.1905486434698104,-0.3846108913421631,-0.4603400230407715,0.6857805848121643,-0.5970818400382996,-0.4961616396903991,-0.1134495660662651,0.519355297088623,0.3193412125110626,-0.531963586807251,0.4343504309654236,0.4539114236831665,0.417395144701004,0.1000203788280487,-0.7704975008964539,-0.5926470756530762,-0.32489213347435,-0.1046395525336265,0.3545795977115631,0.4358235597610473,0.1672981679439544,-0.1975950747728347,0.1507244557142257,0.2212463915348053,0.3735207319259643,1.1885721683502195,0.2576204836368561,-1.0946272611618042,-0.3113104104995727,0.6799831390380859,-0.4022638201713562,0.4393674731254577,-0.6532114148139954,-0.4152394831180572,-0.1701459884643554,-0.0568780861794948,0.7398430705070496,0.4843018651008606,-0.7103230357170105,-0.1642018556594848,0.4482544660568237,-0.73977130651474,-0.7217811346054077,-0.3261362016201019,0.4184364974498749,-0.3652968108654022,-0.1917474865913391,-0.5450551509857178,0.0588369071483612,-1.1698850393295288,0.5660350322723389,-0.6710236668586731,-0.489876389503479,0.3795583844184875,-0.455694168806076,0.047511987388134,-0.1226101741194725,-0.4226889610290527,-0.4262320697307586,-0.574466347694397,-0.0452838689088821,-0.1623226404190063,-0.30068039894104,0.1425822079181671,-0.4819738268852234,0.6339452862739563,0.8741349577903748,0.4001090228557586,-0.0672254413366317,0.2557882070541382,-0.5253933072090149,-0.1784392446279525,-0.7809383869171143,-0.2096228152513504,-0.1427619755268097,0.1988403350114822,0.8017328977584839,0.1154204383492469,-0.1523918956518173,-1.1573235988616943,-0.3845580220222473,0.5947550535202026,-0.1391258686780929,-0.1822718828916549,0.2094863057136535,-0.2732803225517273,0.3066556751728058,-0.3466778099536896,1.1702228784561155,-0.1488174498081207,0.5596212148666382,-0.4773547649383545,0.8751404285430908,-1.0252439975738523,-0.2382192015647888,-0.2597119510173797,0.5175034999847412,-0.3037024140357971,-0.5819077491760254,-0.29946368932724,0.6067160964012146,0.9384274482727052,-0.5277605056762695,0.1936603337526321,-0.4492890238761902,-0.0376345366239547,0.2783607840538025,0.5022274851799011,0.0447737276554107,0.0464513227343559,0.0630439296364784,0.5367921590805054,0.3566792905330658,0.3203383386135101,-0.5047087073326111,0.209250271320343,-0.542144775390625,0.0340330973267555,0.3846865594387054,-0.2016554027795791,-0.3671661019325256,0.2500276267528534,0.6098120808601379,-0.6008380055427551,0.0378953218460083,1.3185583353042605,0.1704170256853103,-1.2425636053085327,0.1166798397898674,0.2197559624910354,0.6595691442489624,-0.7384922504425049,0.244466170668602,0.1448394656181335,0.6157307028770447,-0.6255227327346802,-0.6871852278709412,1.2810161113739014,0.4095411598682403,0.1444949656724929,0.1718177646398544,0.3210488855838775,-0.4711584746837616,0.156625211238861,-0.5008877515792847,0.3024103343486786,0.2653266191482544,-0.8699522614479065,-0.0663931593298912,-0.0814085379242897,-0.9160877466201782,-0.8883458375930786,0.4669428765773773,-0.2875518500804901,0.4959858059883117,-0.7722448110580444,-0.1440795511007309,0.6313294768333435,1.44879150390625,0.7459650039672852,0.6294519305229187,-1.0806553363800049,-0.3688786327838897,0.1754558384418487,-0.0657195597887039,-0.0338567830622196,-0.1755558550357818,0.2047699391841888,-0.2757882475852966,0.0618297010660171,-0.1674783378839492,0.3578948676586151,0.0502398274838924,-0.118345245718956,0.216492161154747,-0.2382357120513916,0.2444372624158859,0.355245977640152,-0.0294780675321817,0.2637642025947571,0.5592740774154663,1.1165114641189575,0.1100249662995338,-0.0190357360988855,-0.6459223628044128,-0.0345478244125843,-0.8436300158500671,0.3676209449768066,0.0651250481605529,-0.3253545463085174,0.478100061416626,0.0718282461166381,-0.3297016620635986,-0.04544423148036,-0.5062267780303955,0.0844847708940506,-0.401085615158081,-0.5096754431724548,0.3127480447292328,0.210587739944458,-0.0452464520931243,0.4976827800273895,0.4919727146625519,0.4291309118270874,-0.523398756980896,-0.943262815475464,0.3379921615123749,-0.242254227399826,0.0142103694379329,0.1511914730072021,0.3454184830188751,-0.5329079627990723,-0.1078366115689277,-0.5055347084999084,-0.4694585800170898,-0.5396525859832764,0.0290536303073167,-0.6770147681236267,0.0359861105680465,0.1319330632686615,0.7239803075790405,-0.6603553295135498,0.2532439529895782,-0.1373676359653473,0.1345330476760864,-0.3997921645641327,-0.7690853476524353,-0.2519575655460357,0.5198513865470886,0.231317862868309,0.5032919645309448,0.4875179529190063,-0.1256764382123947,0.5173438191413879,-0.1470139920711517,0.4803507328033447,0.6586858630180359,-0.3879271447658539,-0.3438239395618438,0.7232455611228943,-0.0787359699606895,0.4007488787174225,0.1852861642837524,0.2032687216997146,0.6855928301811218,-0.3868885636329651,-0.717055082321167,0.074904941022396,-0.2598093152046203,-0.4254417717456817,0.8187243938446045,0.823091447353363,0.4549587666988373,-0.3322716951370239,0.5208785533905029,0.1171120405197143,-0.2200700491666793,-0.1446550190448761,-0.7647825479507446,0.4552333652973175,0.1714992374181747,1.0670262575149536,0.8117987513542175,0.2606683373451233,-0.1066507846117019,0.2760120332241058,0.2933485507965088,-0.6363772749900818,0.3159745931625366,0.5018146634101868,-0.2125376611948013,-0.4411213994026184,0.4284920394420624,-0.4842215180397033,0.0177771355956792,0.4306398034095764,0.0011792115401476,0.5701517462730408,0.1190207153558731,0.2978163957595825,-0.9600476622581482,-0.5824791789054871,-0.8003200888633728,-0.7151087522506714,0.3547765910625458,-0.3095428347587585,-0.0058747273869812,0.5378076434135437,0.1719048023223877,-0.609015703201294,0.7108872532844543,0.0142351780086755,0.2613120675086975,0.1113084927201271,-1.254183292388916,-0.0623344928026199,0.4328422546386719,-0.5138615369796753,-0.5947858095169067,-0.1979426592588424,0.0750741437077522,-0.5794800519943237,-0.4515449702739715,0.502276599407196,-0.4556305408477783,0.1864230185747146,-0.3650542199611664,0.4559695422649383,-0.1440150737762451,-0.8318368792533875,-0.1599677205085754,-0.1752644330263137,-0.0415147617459297,-0.6440781950950623,-0.3740312457084656,-0.174108475446701,-0.1471574902534485,0.2328444868326187,0.5378982424736023,0.5309615731239319,-0.2830321788787842,0.5263422727584839,0.1691173166036605,0.6709350347518921,-0.5538651347160339,0.0076780337840318,-0.4527483284473419,-0.3908379077911377,-0.1000224575400352,0.8300713300704956,-0.0619895234704017,0.1634740829467773,0.1637341827154159,-1.0156677961349487,-0.6258406639099121,-0.096090592443943,-0.7745623588562012,0.5637669563293457,0.2982174456119537,1.096544623374939,-1.023145079612732,0.2118412405252456,-0.3168109655380249,0.3215086162090301,0.3137198090553283,0.2706270217895508,0.3078014254570007,-1.2697547674179075,-0.3488260209560394,-0.1986478269100189,-0.9023205637931824,1.3746393918991089,-0.0114572457969188,-0.6701784133911133,0.8007376790046692,0.9206933975219728,0.4087737500667572,-0.3795710206031799,-0.0217764172703027,-0.0964465960860252,0.0828632116317749,0.1047423258423805,-0.084023505449295,0.39506995677948,0.3740825951099396,-0.113686978816986,0.2499356269836425,0.1856027096509933,0.9281864166259766,0.5368247628211975,-0.1605207473039627,-0.1507079154253006,-0.3414604663848877,-0.4615748822689056,0.0012386603048071,-0.0776219367980957,0.3673667907714844,-1.0136717557907104,1.1397279500961304,0.5711464881896973,-0.2257633060216903,0.6361523270606995,0.8225521445274353,0.1151933073997497,0.8864908218383789,0.0629400238394737,-0.461571455001831,-0.4161486029624939,0.3115420043468475,0.370331734418869,0.5370334982872009,-0.3267718851566314,0.036059733480215,-0.5360196828842163,0.1437736898660659,0.7080637812614441,-0.2596994340419769,-0.057965625077486,0.0479259341955184,0.465667575597763,-0.329204112291336,0.6097540855407715,0.1795294284820556,-0.3872417509555816,0.0016755922697484,0.3521803319454193,0.9326184988021852,1.3803850412368774,0.1614990830421447,0.5338764786720276,-0.1915417611598968,-0.4733914136886596,0.0701276957988739,0.0329782329499721,0.1643308848142624,0.8213740587234497,-0.0189902111887931,-0.6164161562919617,0.7617213726043701,0.1765824258327484,0.1814892888069152,-0.3075031042098999,-0.7292532324790955,-0.1656290143728256,-0.1366206407546997,-0.6081900000572205,0.2079646438360214,0.5843433737754822,0.4702260494232178,-0.1506119072437286,-0.6722562909126282,-0.2116758525371551,0.5799766182899475,-0.0292512588202953,0.0126929972320795,0.2700232565402984,-0.4339153468608856,-0.0051264641806483,0.0901865363121032,0.3135825991630554,-0.3707472383975982,0.0541979558765888,0.1986272931098938,-0.6521261930465698,0.1681795269250869,-0.1146176382899284,0.7386447191238403,0.2633908689022064,-0.0481293015182018,0.2828205227851867,-0.8681786060333252,-0.4640745222568512,0.0413243658840656,-0.5055402517318726,0.1559618413448333,-0.2029827088117599,-0.6607381701469421,-0.5911625027656555,-0.3492030203342438,-0.8141156435012817,-0.3056051135063171,-0.1342716962099075,0.4944316446781158,-0.8597952723503113,-0.1580573618412017,0.1369164437055587,-0.0223080180585384,-0.4806141555309295,-1.4932730197906494,0.1740379333496093,0.2448061853647232,0.0447381138801574,0.610779345035553,-0.0147978896275162,0.1628817170858383,-0.1633743792772293,0.2247444838285446,-0.3936573565006256,-0.535556972026825,-9.42827606201172,0.0191608816385269,-0.4048793613910675,-0.6887878775596619,-0.2456473708152771,-1.073501706123352,1.009339690208435,1.07252037525177,-0.4291646778583526,0.3822269141674042,-0.034221276640892,0.0063276458531618,0.7398654222488403,0.3311055302619934,-0.066605195403099,-0.1160739436745643,-0.2623418867588043,0.0428433120250701,-0.4008525311946869,0.1412759572267532,-0.965386927127838,-0.2797446250915527,0.3088605403900146,-0.1534778475761413,0.2844469845294952,-0.4537075757980346,0.3943725228309631,0.1089145839214325,-0.0997073873877525,0.2902457416057586,-0.6193747520446777,0.3798222839832306,-0.1247166991233825,-0.036256406456232,-0.6955757737159729,0.6298542618751526,0.6800215244293213,-0.0690756812691688,-0.2167994678020477,0.5422770977020264,0.3447732031345367,0.6133348345756531,0.0427318476140499,-0.098197616636753,0.0867847725749015,-0.3296495676040649,0.4413673281669616,0.4500584602355957,0.6732885837554932,0.0353333428502082,0.0105393771082162,-0.63661128282547,0.1806047856807708,-0.435551255941391,0.291910707950592,-0.3821401596069336,0.4180054664611816,-0.495882511138916,0.2797812819480896,0.1087309792637825,0.4244888722896576,0.1696864366531372,0.8885639309883118,0.4118261337280273,-0.3509717881679535,1.145036697387695,-0.1696304827928543,-0.1659910678863525,-0.0380303487181663,-0.1433157920837402,0.0141743309795856,0.1369375139474868,-0.0312920100986957,0.3232018053531647,-0.291940301656723,0.3646182715892792,-0.0224745664745569,0.3830815553665161,0.2656103670597076,0.1135009080171585,0.503313422203064,-0.5484411120414734,0.1841158717870712,0.1809925884008407,-0.6599748730659485,0.286986231803894,0.5200598835945129,-0.4629605710506439,0.0247530192136764,-0.1957879662513733,0.847390353679657,-0.1782170534133911,-0.2313891351222992,-0.0086311353370547,0.0618851855397224,-0.5654031038284302,0.2221276611089706,0.6006233096122742,-0.1652425974607467,-0.5081158876419067,1
0.2414170950651168,1.045377492904663,-0.2041688114404678,-0.7386936545372009,0.3635542094707489,0.5967591404914856,0.2787812948226928,0.1017280966043472,-0.3475594818592071,-0.7300465106964111,0.607978880405426,-0.1155774369835853,-0.2826862037181854,-0.264969140291214,0.2602697908878326,-0.2408477813005447,0.5384482741355896,-0.0897789001464843,-0.1395509243011474,0.089593768119812,-0.5300318598747253,-0.298773854970932,-0.3673667013645172,0.2173587381839752,0.5403215289115906,-0.498152494430542,-0.2305815517902374,0.0637390911579132,-0.2774674892425537,-0.3241915702819824,-0.5417088866233826,-0.3377534449100494,-0.1871796697378158,-0.2643747627735138,0.1512639224529266,0.0837450996041297,0.2761144340038299,-0.0026017061900347,0.2697900235652923,-0.2229943871498108,0.036024197936058,0.0939062535762786,-0.0378691256046295,-0.195443570613861,0.1775604635477066,0.4893795549869537,-0.3238413035869598,0.4654183387756347,0.6573375463485718,-0.02458331361413,-0.0274614486843347,0.2599862813949585,0.052230279892683,0.090601697564125,-0.4328849017620086,-0.4834955334663391,0.2377095967531204,-0.532453179359436,-0.1101943477988243,-0.1426582038402557,-0.3044340014457702,-0.136352851986885,0.4212523102760315,0.2325078248977661,-0.5566915273666382,-0.1351560652256012,0.2190219461917877,0.2012244313955307,-0.4856440126895904,-0.3888753652572632,-0.4827879071235657,0.1888749599456787,0.0890784785151481,-0.0664154440164566,0.7941351532936096,-0.6116823554039001,-0.1524928361177444,-0.1215511262416839,-0.1046184748411178,-0.0988547280430793,-0.0451927110552787,0.0430326573550701,-0.1487519443035125,-0.3038500845432281,0.3808056712150574,0.1757355332374572,-0.1420923024415969,-0.3367084264755249,-0.0382422469556331,-0.1340794414281845,-0.0107842553406953,0.0877174586057663,0.2289231419563293,-0.4724642634391784,-0.4636604487895965,0.2666885256767273,0.4463303983211517,-0.4202686548233032,0.1279327422380447,0.3688708245754242,0.4559359848499298,-0.0688810646533966,0.4825960695743561,-0.5039413571357727,-0.210226684808731,0.0831601321697235,-0.5709048509597778,0.4383035898208618,0.0495494157075881,-0.3460521996021271,-0.1544824838638305,-0.1812055706977844,-0.1470368653535843,0.2555746734142303,-0.352939635515213,-0.0944131463766098,0.1555151790380478,0.4511882662773132,-0.6829021573066711,0.6833376884460449,0.2319139987230301,0.0660788416862487,-0.0320749655365943,-0.1596311330795288,-0.1571288704872131,0.4656131565570831,-0.6606751680374146,0.0296336710453033,-0.6372278332710266,0.1694008558988571,-0.0600452534854412,0.1834670752286911,-0.1165862306952476,0.1739723980426788,-0.4753120541572571,0.8647938966751099,-0.1735997051000595,0.2786552608013153,-0.3642836213111877,-0.2832955718040466,-0.1643188148736953,-0.0701829269528389,-0.1315893679857254,0.0119411470368504,-0.1623014211654663,0.1807569861412048,0.0193832572549581,-0.4954771101474762,0.2764841914176941,-0.1242910623550415,-0.3012847006320953,0.70191890001297,-0.6368494629859924,-0.0943675711750984,0.2846225798130035,0.1784869730472564,-0.623684287071228,-0.1617877781391143,-0.0642456263303756,0.2592504918575287,-0.0703199803829193,-0.6643818020820618,0.1574030667543411,0.5956879258155823,0.1698882728815078,0.5033986568450928,0.4469490349292755,0.2919433116912842,0.2264395803213119,0.88747239112854,0.2293743342161178,-0.0176028180867433,-0.1353192627429962,-0.2203155905008316,0.2674809098243713,0.3087299764156341,0.2441571503877639,-0.1404090970754623,0.7382614016532898,-0.3981674909591675,-0.1246832981705665,0.222598597407341,-0.2279925942420959,-0.6006575226783752,0.174549788236618,-0.4359801709651947,-0.0781800895929336,0.0013502937508746,0.1712012887001037,-0.0117808915674686,-1.040717840194702,-0.1668479740619659,0.2551991045475006,-0.7445863485336304,-0.1634315699338913,-0.2555058896541595,0.0735720172524452,-0.4236215949058532,-0.2903838455677032,0.3090918362140655,0.5032207369804382,0.0449655205011367,0.1275466382503509,-0.2358424216508865,-0.9568623304367064,-0.4066352248191833,0.6394959092140198,0.3383040428161621,0.1963886022567749,0.187097817659378,-0.4191887378692627,0.7210063338279724,0.5950143933296204,-0.0253216233104467,0.2335129082202911,0.513708770275116,-0.4011405110359192,-0.2784161269664764,0.2381215989589691,-0.3436401784420013,0.2171725928783416,-0.0126653164625167,0.534750759601593,0.3803045153617859,-0.3150323331356048,0.0423622094094753,0.2791999876499176,-0.612977147102356,0.0131361875683069,0.3126220107078552,-0.3432782888412475,-0.625882625579834,-0.5424941778182983,-0.2164076715707779,-0.3990492522716522,0.1609515249729156,0.1776853799819946,0.4304097890853882,0.1938892155885696,0.3000272512435913,0.0973834544420242,-0.0361728817224502,-0.2077905237674713,-0.1072801947593689,0.004336561076343,0.003422690089792,-0.0683329775929451,0.2212149798870086,-0.2692011892795563,-0.1413844972848892,-0.4486801624298095,-0.3869335055351257,0.1678232848644256,-0.6636675000190735,0.3936152756214142,0.1534106880426406,0.0910512879490852,0.0301863942295312,0.0936153456568718,-0.0599176660180091,0.3055178523063659,-0.701228141784668,0.1097430735826492,-0.0128405354917049,-0.019274877384305,0.5714321732521057,-0.4428311586380005,-0.5219027996063232,-0.3267797827720642,-0.231174349784851,0.4016216695308685,-0.5167473554611206,0.1804385632276535,0.2998541295528412,-0.4451210796833038,0.5024155378341675,0.0424402132630348,0.575363039970398,-0.5599624514579773,-0.3569044768810272,-0.789853036403656,0.3630835115909576,-0.54362553358078,0.2387405037879943,0.2934151589870453,-0.007872661575675,0.0174394380301237,-0.2877440154552459,-0.1354510933160781,0.2354379445314407,0.1121532097458839,-0.4333181083202362,0.000694997375831,-0.0434543453156948,-0.1208005473017692,-0.1432911157608032,0.278886616230011,-0.0793908610939979,-0.2337821424007415,0.2792276442050934,0.4119060635566711,0.3748273551464081,0.4713307321071625,0.0936765819787979,-0.7052931785583496,-0.4471850097179413,-0.1865780800580978,-0.0927857831120491,0.6104737520217896,-0.5988173484802246,-0.0528547763824462,0.9207717180252076,-0.3250447511672973,-0.1304521709680557,0.3944673240184784,0.14714977145195,-1.2144438028335571,0.2691903114318847,0.5420464873313904,-0.215175598859787,0.1444583237171173,0.5860795378684998,0.5041601061820984,0.6133049130439758,-0.7322813272476196,-0.3563245832920074,0.4862186014652252,0.1625890731811523,0.0264008715748786,-0.4576477110385895,0.0297342352569103,0.1253467351198196,0.4603395462036133,-0.1669839471578598,0.1034874469041824,0.4881637394428253,-0.4205851256847381,0.1405328065156936,0.2685695588588714,-0.2918138206005096,-0.2510979473590851,-0.0927386283874511,0.4090847074985504,-0.1807825267314911,-0.5268675684928894,-0.4943996667861938,0.2780105769634247,0.7053969502449036,0.5817534327507019,1.081306219100952,0.2560634911060333,-0.2089072614908218,0.4584091305732727,0.7969880700111389,0.2520698606967926,-0.1460940539836883,0.4802421927452087,0.1733322143554687,0.5056731700897217,0.0167352780699729,0.5594367384910583,-0.0453801527619361,-0.3859029710292816,0.2287964522838592,0.2010592371225357,0.5022561550140381,0.3569681644439697,0.2396796345710754,0.5145627856254578,0.166790172457695,0.5718879103660583,-0.025365475565195,-0.4117375016212463,-0.1827073097229004,-0.2193422615528106,-0.1846821159124374,-0.711972177028656,-0.0697823017835617,0.0582596957683563,-0.2447253912687301,-0.4720251858234405,0.1191086918115615,0.5010607242584229,-0.1163791716098785,-0.3110675811767578,-0.358382374048233,-0.3547585010528564,-0.1374514997005462,-0.2175873667001724,-0.4288448393344879,0.146046757698059,-0.3900351524353027,1.021991491317749,-0.4485865533351898,0.1225054934620857,-0.2854319214820862,-0.300072580575943,-0.0856393352150917,0.0222371127456426,0.3009031414985657,-0.308231920003891,0.0241720881313085,-0.3524744212627411,-0.2562219798564911,-0.2614144086837768,-0.2433284670114517,-0.4237270951271057,0.3106465339660644,-0.029215469956398,0.2319718897342682,-0.8003135919570923,0.1063480824232101,0.1283111423254013,-0.0797355696558952,0.0382315330207347,-0.3670672476291656,-0.6904119849205017,-0.1241699159145355,0.3516401946544647,0.6154369115829468,0.2231257110834121,0.1452808529138565,0.0738902688026428,0.18096923828125,-0.4043910801410675,0.166209191083908,0.0312441159039735,-0.8087601065635681,0.7372453212738037,0.1221540048718452,0.2328812330961227,-0.2733846008777618,0.4082168042659759,0.1611484587192535,-0.184151604771614,-0.0446636565029621,-0.3030449748039245,0.3354899883270263,0.0322497710585594,0.453719824552536,0.0030505687464028,0.6085939407348633,-0.0918401926755905,0.2764540314674377,-0.02720164693892,-0.0324118807911872,0.3509441912174225,0.13200244307518,0.2411022186279297,0.1132119372487068,0.1264806538820266,0.0443045198917388,0.098609872162342,-0.0792075991630554,-0.1373632699251175,0.6409786343574524,-0.0049203103408217,0.262487530708313,0.5445477366447449,0.4768642783164978,0.3371388614177704,-0.381229043006897,-0.2397930175065994,0.1445369571447372,-0.7247147560119629,-0.0085465516895055,0.1834649592638015,-0.3427322506904602,0.3847591280937195,-0.490011990070343,-0.8135671019554138,0.1120509430766105,-0.326555848121643,-0.1534461081027984,0.1841722875833511,0.3738798797130584,0.0541927814483642,0.0818234458565712,-0.7091994881629944,0.4292470514774322,-0.2907715141773224,0.3155053853988647,0.0587204545736312,-0.4690621495246887,-0.2202863097190857,-0.0933713763952255,0.1637471616268158,-0.1255234777927398,0.2495305091142654,0.7355414628982544,-0.3177341818809509,-0.2719514667987823,0.3810864984989166,0.092452771961689,0.0794371739029884,-0.5395999550819397,0.1832626760005951,-0.0632060840725898,-0.5056434273719788,-0.4342638850212097,-0.1406568437814712,-0.226474791765213,-0.4905308783054352,-0.1720816493034362,-0.008278994821012,0.0331544019281864,0.1656244397163391,0.7006374001502991,0.1603177934885025,-0.2431819289922714,0.1945211142301559,0.6369498372077942,0.3826898336410522,-0.0860524252057075,-0.048477616161108,-0.1944504678249359,-0.4700958132743835,-0.6068914532661438,0.3194604218006134,-0.1044679880142211,0.1683347970247268,-0.1830527037382125,-0.3982867896556854,-0.2640765309333801,-0.5988998413085938,-0.9755125641822816,0.4781089723110199,0.0873982831835746,0.3755436539649963,-0.4678871929645538,0.2999628782272339,-0.3910682797431946,0.0640470907092094,0.6312106847763062,-0.2724382877349853,-0.4006159901618957,-1.0594433546066284,0.0776204466819763,0.0975421592593193,-0.4259325265884399,0.5454162955284119,0.0304756443947553,-0.4342634081840515,-0.1144226267933845,0.0614177919924259,-0.1547308266162872,-0.2761662602424621,-0.1681278049945831,-0.6909186840057373,0.104210652410984,0.0887149944901466,-0.1376462280750274,-0.1155048012733459,0.3968997299671173,-0.2753105163574219,-0.3241659700870514,0.7614075541496277,0.3069037795066833,0.2407697886228561,0.2383030354976654,0.0871319770812988,-0.193692922592163,-0.317866563796997,0.1151735335588455,0.3339020013809204,0.5925952196121216,-0.2781616747379303,0.4896912574768066,0.484074592590332,-0.1764899492263794,0.2948072552680969,0.3421728312969208,0.1937686949968338,0.365563154220581,-0.0387556254863739,0.1949326992034912,-0.7422522306442261,0.0992700383067131,-0.0162726920098066,0.4370713233947754,-0.0776351243257522,0.3540380597114563,-0.1170810386538505,-0.2936755418777466,-0.4882081151008606,0.2354923337697982,0.2883214652538299,0.2440997213125229,0.3763644993305206,0.2292239665985107,0.3419511914253235,0.861466109752655,-0.1690342724323272,-0.3248926401138305,0.1399130970239639,-0.1488300561904907,0.9680034518241882,0.1908153295516967,0.2683057487010956,-0.1133181825280189,-0.8794299960136414,0.3581106662750244,0.2997540533542633,0.0454327948391437,-0.0020734288264065,-0.5202216506004333,0.1322007030248642,0.4529356956481933,0.3097259998321533,0.0713613331317901,-0.2263363748788833,-0.4502802193164825,0.5022746920585632,-0.0855376273393631,-0.1366796642541885,0.2785996496677398,-0.0373287089169025,0.6119533777236938,-0.0266034137457609,-0.2565897107124328,0.0046929758973419,0.5391481518745422,-0.1189454346895217,0.3013502359390259,0.3884893953800201,0.0785365924239158,-0.7452281713485718,0.0746575370430946,0.1348113417625427,-0.3770003318786621,-0.4833013713359833,-0.081814706325531,-0.187315434217453,-0.1729533374309539,-0.0633797049522399,-0.2998309731483459,0.2043395042419433,0.3697974383831024,-0.4249120950698852,-0.3586920499801636,-0.022174809128046,-0.1695520281791687,-0.9097853302955629,-0.2591548860073089,0.1029332056641578,0.4651965498924255,-0.1377075910568237,-0.0379129983484745,-0.5498591065406799,-0.0099031589925289,-0.1013202592730522,-0.0200170464813709,-0.1887329220771789,-0.7347361445426941,0.1886450052261352,0.188582569360733,0.1557915210723877,-1.024620532989502,0.2051923424005508,-0.0144013445824384,0.3237145543098449,-0.5667546987533569,0.3570901155471802,-0.7823324799537659,0.398685872554779,-0.404639184474945,-0.322357565164566,0.1373528689146042,-10.391700744628906,-0.1434656381607055,-0.2634425163269043,-0.2657496035099029,-0.3346739411354065,0.1454744338989257,0.6262630820274353,0.2053076177835464,-0.6540204286575317,0.3203926086425781,0.1471112668514251,0.4873016774654388,0.6350700259208679,0.3677304983139038,-0.5537559390068054,-0.1569142490625381,-0.2434971034526825,0.247531309723854,0.31642746925354,-0.3324176073074341,0.1147478148341178,-0.0783646702766418,0.2637392878532409,0.6937715411186218,-0.1809256821870803,-0.2758326530456543,-0.2473447918891906,0.5021965503692627,0.0221934989094734,-0.0120112355798482,-0.6330866813659668,0.02012624964118,-0.1716846227645874,0.1594273597002029,-0.1996657848358154,-0.2222423255443573,-0.0492156222462654,-0.2444168478250503,0.3132661283016205,0.7730064988136292,-0.2893360257148742,0.2974491417407989,0.2093431949615478,0.1401326805353164,0.7595347166061401,0.7554536461830139,0.2875427305698395,0.6793620586395264,1.0456706285476685,-0.1533967107534408,0.1173537597060203,0.1202537938952446,-0.1158484742045402,0.2373331785202026,0.0851291790604591,0.0272064134478569,0.5319281220436096,0.0706012547016143,0.083707295358181,0.5150617957115173,0.5776602625846863,-0.1146835163235664,0.8425686955451965,0.6140442490577698,-0.1455908715724945,0.1948197335004806,0.1477269977331161,0.767120897769928,-0.5278546214103699,-0.0086557287722826,-0.3073878884315491,0.6878677010536194,-0.0584590695798397,-0.3752138614654541,-0.2314997315406799,0.1414661705493927,0.0999568626284599,-0.2179166823625564,0.3464969396591186,-0.1166616976261138,0.3178003430366516,0.3843297660350799,-0.4430500864982605,0.018519839271903,-0.5342577695846558,-0.0517334342002868,-0.2036378681659698,-0.1066706925630569,0.3409926295280456,-0.6823834776878357,0.2849465608596802,-0.3283508121967315,0.0519237890839576,0.5499127507209778,0.0861731097102165,0.3759700059890747,0.2174123525619506,0.0637853667140007,0.0501671135425567,-0.1173980832099914,1
0.7160406708717346,0.5496041178703308,1.0600578784942627,-0.4431724548339844,0.0448430813848972,0.3219568729400635,0.2715650498867035,0.0062799644656479,-0.6299976110458374,-0.2329137921333313,0.5505568981170654,-0.5564342141151428,-0.2968236804008484,-0.1863660514354705,0.32614865899086,0.0199595429003238,-0.1589935719966888,-0.4174444079399109,0.3077236413955688,-0.4441926181316376,-1.435692310333252,-0.5543021559715271,-0.1952914595603943,0.1669474244117736,-0.3150492012500763,-0.4724974632263183,0.2600679993629455,0.0922654122114181,0.3445742428302765,-0.343114972114563,-0.6205287575721741,-0.1694863736629486,0.0276246853172779,0.1345271468162536,-0.5564649701118469,0.5066118240356445,0.0104094464331865,-0.3863275647163391,0.7529186010360718,0.190581202507019,-0.0434430949389934,-0.0062533719465136,-0.1106757670640945,-0.0010885586962103,-0.2329510599374771,0.1116471886634826,0.1652374267578125,0.3185009360313415,-0.0247206445783376,-0.4215655922889709,-0.8240092396736145,0.5963747501373291,0.3773230612277984,-0.0269231144338846,0.1930460333824157,-0.2094836086034774,0.954737663269043,-1.0668796300888062,0.130802184343338,0.3891322314739227,-0.6298655867576599,-0.3246212005615234,0.4780248403549194,-0.1246212720870971,-0.186718076467514,0.2396682798862457,0.023499870672822,-0.0045924559235572,0.492657870054245,-0.536670446395874,0.445383220911026,0.137165293097496,-0.1062554866075515,-0.7000160217285156,0.588559627532959,-0.2727632224559784,0.112935334444046,0.3397274315357208,0.1951669007539749,0.0292498487979173,0.1833639442920684,0.1893945634365081,0.1850089281797409,-0.4678379893302917,-0.4566177427768707,0.1382855623960495,-0.7634050250053406,-1.0278390645980835,0.5832114815711975,-0.3624027371406555,0.033557940274477,0.273272693157196,0.3222914934158325,-0.1099065691232681,0.4741979241371155,0.2392270714044571,0.0166855566203594,-0.0043402756564319,-0.3339742422103882,0.031827837228775,-0.3185054659843445,0.0691365972161293,0.1393540650606155,-0.4681010246276855,0.1093716472387313,-0.1714517027139663,-0.3932948112487793,0.5831077694892883,0.3211843073368072,0.2408215552568435,-0.3932655453681946,-0.3886343240737915,-0.544151246547699,-0.2606160640716553,0.48261159658432,0.0443647839128971,-0.5017679333686829,0.6238043904304504,-0.3327780663967132,0.5301656126976013,0.1648320406675338,0.3450007140636444,-0.046100802719593,-0.4880585074424743,-0.1340521574020385,0.6939308643341064,0.2395305931568145,-0.0871166661381721,0.2279672026634216,-0.1759323179721832,-0.1812437176704406,-0.7236559987068176,-0.0606303624808788,-0.1284232586622238,-0.4148086905479431,0.7964227795600891,0.3081644177436828,0.0459326207637786,0.2721553444862366,-0.5111276507377625,-0.5176360011100769,-0.2339594066143036,0.4802360832691192,-0.6775243282318115,0.1863149553537368,0.4573135673999786,-0.3242950141429901,-0.2710474133491516,0.719058096408844,0.344485729932785,-0.0405073091387748,1.221623778343201,-0.5083168148994446,-0.0042150439694523,-0.1091043278574943,0.5945374369621277,-0.7333052158355713,0.3256069421768188,0.537666380405426,0.4378291070461273,0.7361007332801819,-0.0103426575660705,0.0524857640266418,0.4433907568454742,0.0224078278988599,0.2883355915546417,0.1595441699028015,-0.4797025620937347,-0.3036799728870392,0.4212587773799896,0.1494921743869781,0.548896074295044,0.3409509360790252,-0.0871381014585495,-0.3950188457965851,0.1619779616594314,0.8203318119049072,-0.1802835911512375,0.2675783336162567,-0.7529749870300293,-0.2787104547023773,0.1595818102359771,0.562970757484436,-0.6086323857307434,0.4922395646572113,-0.0607765987515449,0.0525845624506473,-0.1430233120918274,-0.1919663548469543,0.0997748300433158,-0.3555605113506317,-0.5002982020378113,0.5069612860679626,-0.5319347977638245,-0.3023192584514618,-0.4192430675029754,0.3326950073242187,0.1380854696035385,-0.4933838248252868,0.6112861037254333,0.3284007012844085,0.1616570353507995,-0.1621584892272949,-0.5787858963012695,-0.9845398664474488,-0.0654933899641037,-0.0381376333534717,0.2911118865013122,0.2583819925785064,0.3827478885650635,-0.5706953406333923,0.0709239393472671,0.0739507302641868,0.2867769598960876,0.6943717002868652,0.3660307824611664,-0.2548193037509918,-0.4564126431941986,-0.0378085523843765,-0.0454684756696224,0.1466283947229385,-0.2530595660209656,0.3082716763019562,0.1777791380882263,0.0423457957804203,0.1954853534698486,0.1800612956285476,-0.4829595685005188,-0.4469911456108093,0.4224537014961242,-0.5547980070114136,-0.6095532178878784,-0.2875030934810638,-0.0714776515960693,-0.6480852365493774,-0.5900214314460754,-0.388478547334671,-0.0270618125796318,-0.2967996299266815,0.5098548531532288,-0.22074955701828,-0.3468151390552521,0.4216444194316864,-0.3038881123065948,-0.2978987097740173,0.3927764594554901,-0.0596282370388507,0.0485152229666709,-0.271362692117691,-0.1802142113447189,-0.4851191937923431,-0.550102710723877,-0.1460640579462051,-0.0548247061669826,0.3206359446048736,0.4962250292301178,0.4854024350643158,-0.2992788553237915,0.3813333511352539,-0.3735303878784179,-0.4477134048938751,-0.5849761962890625,-0.1867894977331161,-0.1529820263385772,0.0660977810621261,0.1695452481508255,-0.0759079530835151,-0.3525299727916717,-0.7251498699188232,-0.4507409930229187,0.0721923410892486,-0.0167071856558322,-0.0582984127104282,-0.1752388924360275,0.1764365881681442,0.088075466454029,0.1377533078193664,0.4123290479183197,-0.4051860272884369,-0.0089038852602243,-0.2578047215938568,0.5319944024085999,-0.6913993954658508,0.1426066905260086,0.0091378083452582,0.4740738272666931,-0.6846185922622681,0.0018326811259612,-0.4535423517227173,0.7378843426704407,0.5011321902275085,-0.5561357140541077,0.0602494962513446,-0.1660566180944442,-0.9421035051345824,-0.2076736837625503,0.6045069694519043,-0.0015955511480569,0.4080990850925445,-0.1184548586606979,0.392930656671524,0.4433785676956177,0.8906248211860657,-0.0674004629254341,-0.0112778441980481,-0.3926476240158081,0.1577012240886688,0.18877674639225,0.5445039868354797,-0.1628527790307998,0.2813944816589355,0.5108756422996521,-0.6430280208587646,0.3158159852027893,0.840604305267334,0.4549330472946167,-1.77802836894989,-0.315490573644638,0.509924590587616,0.1881543546915054,-0.3583788871765136,-0.2123126238584518,0.2246962636709213,0.3304974436759949,-0.335794448852539,-0.4867393374443054,1.282496452331543,0.2578581869602203,0.1956936717033386,-0.4181706011295318,0.1126364842057228,-0.0562515445053577,-0.1417088061571121,-0.5214462280273438,0.3383252024650574,0.4104311168193817,-0.7612400054931641,-0.0065445792861282,-0.2192858457565307,-0.3208435773849487,-0.5579304099082947,0.3383762538433075,-0.6222559809684753,-0.0154126929119229,-0.3610038161277771,-0.1238558292388916,0.0644548162817955,1.1989210844039917,0.8737666010856628,0.1136054247617721,-0.7855727672576904,-0.187774196267128,-0.0542365722358226,-0.3299339711666107,0.1715893447399139,-0.0471077673137187,-0.1403587460517883,-0.1254177391529083,0.349879503250122,0.1097924038767814,0.1692365705966949,-0.0903558135032653,-0.6123674511909485,-0.1054280996322631,-0.1606510132551193,0.7271825075149536,0.9391486644744872,0.14202481508255,-0.0107327075675129,0.541143000125885,0.9442161917686462,0.3771333396434784,0.1176036745309829,-0.6484299302101135,-0.3322542309761047,-0.4627679288387298,0.0766859427094459,-0.2493514865636825,-0.4175941050052643,0.5562111735343933,-0.149287611246109,0.0368744879961013,0.1740822345018386,-0.8228632807731628,0.4122907519340515,-0.5090331435203552,-0.2347524166107177,-0.2065445333719253,-0.1703664511442184,-0.4299764633178711,0.7415841221809387,0.2431784123182296,0.3587514758110046,-0.3153972923755646,-0.9576084613800048,0.662799596786499,-0.1861715912818908,-0.1347865611314773,0.1952444016933441,0.1569215804338455,-0.0130145577713847,0.1553108692169189,-0.0591698288917541,-0.3216509222984314,-0.8687087297439575,-0.3008919656276703,-0.4204065799713135,-0.0636451244354248,-0.0857962518930435,0.6063085794448853,0.0167367029935121,0.1617683470249176,0.2566567361354828,0.3890993893146515,-0.1402439773082733,-0.2968016266822815,-0.5630148649215698,0.4061540067195892,0.3248182237148285,0.9648025631904602,0.4040554761886596,0.0078669795766472,0.523979902267456,0.0174883659929037,0.0857487842440605,0.1283589303493499,-0.6166248917579651,-0.4257988929748535,0.9454864859580994,-0.4247202277183532,-0.2155346870422363,0.3162325918674469,0.1190092638134956,0.5508721470832825,-0.3955748677253723,-1.002431869506836,0.5232201814651489,-0.32157102227211,0.2513957917690277,1.0220986604690552,0.245553657412529,0.1295281499624252,0.2352876216173172,0.0230562891811132,-0.4232050478458404,-0.2769336402416229,-0.3289223313331604,-0.509810745716095,0.4113638401031494,-0.1826494336128235,0.6000717282295227,0.4723854959011078,0.5991536378860474,-0.0493774935603141,0.3512018322944641,0.2943974733352661,-0.5445080995559692,0.4768691956996918,0.6148988604545593,0.3768306672573089,-0.2980268001556396,0.4510954320430755,-0.4618158936500549,0.0261024199426174,-0.2566526234149933,-0.2924006581306457,1.0113605260849,-0.0366128347814083,0.5851088762283325,-0.7223637104034424,-0.3120304346084595,-0.4959334135055542,-0.4941413402557373,-0.192767396569252,-0.2274348884820938,0.075365774333477,0.2839587926864624,-0.3671100735664367,-0.6587124466896057,0.2883949875831604,0.5989701747894287,0.4797096848487854,-0.0510609298944473,-0.306638240814209,-0.2423850893974304,0.1443103551864624,-0.7134082317352295,-0.5081197619438171,0.575716495513916,0.1336457133293151,-0.3493250012397766,-0.8854405879974365,-0.3180863857269287,-0.1379755288362503,0.1805661469697952,-0.4811800122261047,0.0465103425085544,-0.290102869272232,-0.7400475144386292,-0.273175984621048,-0.4847550988197326,-0.1200441569089889,-0.6421060562133789,-0.3723041415214538,-0.2524562776088714,-0.4793320596218109,0.0046251476742327,0.6948128938674927,0.7403450012207031,-0.4985497891902923,-0.2380929142236709,0.1256924271583557,0.1686508506536483,-0.2385175079107284,0.1640942096710205,-0.3254446983337402,-0.15774767100811,-0.5756934881210327,0.2040051966905594,-0.2761629521846771,-0.0652704909443855,-0.0876909717917442,-0.7345484495162964,-0.4659005403518677,0.0324366055428981,-0.8098662495613098,0.1941544115543365,-0.0571203343570232,0.9315574169158936,-0.5274169445037842,0.1283146440982818,-0.0506936982274055,-0.2374493926763534,-0.5599507689476013,0.5276247262954712,-0.3125468492507934,-1.1585813760757446,0.3610887229442596,0.1456747502088546,-0.4961353838443756,1.2421517372131348,0.209113210439682,-0.6299748420715332,-0.1049925908446312,0.1299864202737808,0.1624376773834228,-0.2304719090461731,0.148638442158699,0.0389331430196762,0.3440857827663421,0.4437224268913269,-0.4375099241733551,0.6193323135375977,-0.0035915866028517,-0.2298985421657562,-0.1354523450136184,0.3424294590950012,0.344156265258789,0.6829055547714233,0.12941475212574,-0.6262499690055847,-0.2232080549001693,-0.325437992811203,-0.0677823722362518,-0.0049347216263413,0.3359613120555877,-0.5255427360534668,0.8923746943473816,0.5958791375160217,-0.5636972188949585,0.3588937222957611,1.2114043235778809,-0.0423423871397972,1.0033893585205078,0.1732223331928253,0.0411442294716835,-0.6278747916221619,0.1510212868452072,0.0785162672400474,0.1135732382535934,-0.0704819783568382,0.0616788268089294,-0.2950425446033478,-0.2071893513202667,0.8606039881706238,-0.121087297797203,-0.3264497816562652,0.0848917290568351,0.2585770785808563,-0.2899852097034454,0.8567606806755066,0.3068051636219024,-0.0136516513302922,-0.1718943417072296,0.3325474560260772,0.6210667490959167,1.231739163398743,-0.4219981729984283,0.3740526735782623,-0.3315471112728119,-0.5471270680427551,0.1436841785907745,0.1501275300979614,-0.086452841758728,0.6012153625488281,-0.6972745656967163,-0.080488696694374,0.7731828093528748,0.2369479686021804,0.0300097912549972,-0.0737051516771316,-0.507893443107605,0.1773186177015304,-0.4614638090133667,-0.1801935732364654,0.0458078272640705,0.3561922907829284,0.7271630764007568,0.4086967706680298,-0.1531369239091873,-0.0661972314119339,0.8011471033096313,-0.0996110737323761,-0.4934886693954468,-0.0796970874071121,-0.1862915009260177,0.0393057391047477,-0.0520649850368499,0.3480192124843597,-0.0210816878825426,-0.2200969457626342,0.696488618850708,-0.226593941450119,0.0158699993044137,-0.2685171365737915,0.3712647557258606,0.1123125925660133,-0.1102825403213501,0.2151762098073959,-0.2132675051689148,0.2190783023834228,-0.0080466317012906,-0.8187978267669678,0.0576216056942939,0.149572268128395,0.0899965018033981,-0.5050914883613586,0.0059439134784042,-0.469350129365921,-0.3574584424495697,-0.1228241100907325,0.1757557243108749,-1.184923768043518,-0.7962396144866943,0.4043115377426147,-0.011384311132133,-0.2222319096326828,-1.394122838973999,0.6045659780502319,0.3704037368297577,-0.0332081988453865,-0.189859390258789,0.2785438597202301,-0.0624178387224674,-0.202721819281578,-0.1569465845823288,-0.201258510351181,0.3423085212707519,-9.881769180297852,0.1127707585692405,0.0250407438725233,-0.6226008534431458,-0.2768200933933258,-0.1419197618961334,1.0979472398757937,0.8698919415473938,-0.1874127089977264,0.4062471985816955,-0.2014871686697006,-0.032834593206644,0.4222115576267242,0.6477712392807007,0.0165358241647481,-0.0757811218500137,-0.2083810418844223,0.1534511595964431,0.1103512644767761,-0.0812371745705604,-0.6076298952102661,-0.3319518268108368,0.7044028043746948,0.2135204225778579,0.3321336805820465,-0.5609503388404846,-0.5385086536407471,0.7213151454925537,0.0239347964525222,0.2181130796670913,-1.00224506855011,0.2961472272872925,0.1261317133903503,0.414044439792633,-0.1122713387012481,0.3906683623790741,0.1047024503350257,0.8875852227210999,-0.0642447471618652,0.1892401129007339,0.1089766845107078,0.4443552494049072,0.0705834999680519,0.0431388765573501,0.3937809765338897,-0.0631690770387649,0.0285484418272972,0.4789966642856598,0.8089115023612976,-0.2491255849599838,-0.4232617020606994,-0.2744500041007995,0.4650739133358001,-0.2509323358535766,0.1578381657600402,-0.0456525050103664,0.6443071961402893,-0.9439181089401244,0.1452423185110092,0.1493725925683975,0.3029784858226776,0.556549608707428,0.6303580403327942,0.7066295146942139,-0.1501513719558715,0.4653829634189605,0.5707411170005798,0.0543890185654163,-1.228846788406372,-0.416785180568695,0.3502748012542724,0.3190977275371551,0.2799139320850372,0.202869564294815,0.1534282565116882,0.3137082159519195,-0.2311029434204101,0.1965452134609222,0.2695147693157196,0.1904399096965789,0.6270903944969177,-0.4208428859710693,0.1835490614175796,0.6611534357070923,-0.5122352838516235,0.3420845568180084,0.2134129106998443,-0.2768934667110443,0.2211164534091949,-0.5829900503158569,0.6009411811828613,0.1985925585031509,-0.5658319592475891,0.4262440502643585,0.4988217055797577,-0.1246670633554458,-0.0260311178863048,0.0708031207323074,0.206412062048912,-0.3707110583782196,1
0.4868707358837127,0.2079494297504425,0.4883789420127868,-0.550900399684906,0.4626130163669586,0.121281012892723,0.0912269577383995,-0.1813520938158035,-0.0467244423925876,-0.4795567691326141,0.6885204911231995,-0.3099619746208191,0.0151986768469214,0.0246261153370142,0.3350607752799988,-0.3567440807819366,0.2615514695644378,-0.224953681230545,0.0896363854408264,-0.4717234373092651,-0.6567620038986206,-0.1281601190567016,-0.201838806271553,0.1762697547674179,0.0885178595781326,0.0099206529557704,-0.4736396372318268,-0.0735934898257255,-0.0685933008790016,-0.2143206894397735,-0.605719268321991,-0.3406910598278045,0.286326915025711,0.3111657202243805,-0.1167178973555564,0.2430902570486068,0.1077812016010284,-0.098121665418148,0.2638300359249115,-0.3867271542549133,0.0454277284443378,-0.02167852781713,-0.2648947536945343,-0.0970964804291725,-0.2957008183002472,0.8406780362129211,0.2340423464775085,0.3421628773212433,0.7341201901435852,-0.2025543004274368,-0.4249922037124634,0.3469067811965942,0.1500661969184875,-0.0303254034370183,0.4063856303691864,-0.1771214455366134,0.2077113091945648,-0.5447958111763,-0.2614684998989105,0.3543164134025574,-0.5532571077346802,-0.2449434846639633,0.7746521830558777,-0.0899620279669761,-0.0516972951591014,-0.342397004365921,0.0441427901387214,-0.1556743681430816,0.0106326714158058,-0.8261442184448242,-0.6571635007858276,-0.0567122437059879,-0.1262668371200561,-0.2640563547611236,1.251482605934143,-0.1538983136415481,0.1740613132715225,0.3963647186756134,0.3224512338638305,-0.1065797880291938,0.0997388288378715,0.4761493802070617,0.0683448016643524,-0.7463029026985168,0.0736038610339164,0.3169881701469421,-0.1347614079713821,-0.5592920780181885,0.3807528018951416,-0.4066742956638336,-0.5342354774475098,0.6104951500892639,0.6117584705352783,0.2628654837608337,-0.0787698924541473,-0.0027540798764675,-0.000994143076241,-0.3117029666900635,-0.4542104303836822,0.0181202944368124,-0.053630881011486,-0.1093823760747909,0.200402483344078,0.4620646834373474,0.4107337892055511,0.0381456390023231,-0.3808303475379944,0.032655082643032,0.1720614731311798,0.0905015170574188,-0.2240355759859085,-0.4512054324150085,-0.4160735011100769,0.6146683096885681,-0.2297453731298446,-0.102816954255104,-0.1949191391468048,0.0440123341977596,-0.1912465393543243,0.6322449445724487,0.210728257894516,0.2032429426908493,0.2747454941272735,-0.2248293906450271,0.1163965910673141,0.6398226618766785,0.1713525354862213,-0.3835619390010834,-0.366873949766159,0.0832146629691124,-0.1861176490783691,0.2873241007328033,-0.0894091725349426,-0.2028216868638992,-0.5224685668945312,1.0417276620864868,-0.2008852958679199,-0.0539882369339466,-0.3321657180786133,-0.4509543478488922,-0.360283225774765,-0.0357839204370975,0.1271926760673523,-0.1759262084960937,0.1487833708524704,0.0932709723711013,-0.487331360578537,-0.4072125256061554,-0.079468660056591,-0.3014562726020813,-0.1201192215085029,1.0405274629592896,-0.8401033282279968,0.0393184460699558,-0.0702311769127845,-0.0206679720431566,-0.9087058305740356,0.0924965441226959,0.3321253657341003,0.2915297448635101,0.2183434814214706,-0.81412672996521,0.1714003682136535,0.6007859706878662,-0.2182059437036514,0.4350793361663818,0.0848536789417266,0.4531989991664886,0.082535520195961,0.6636136174201965,-0.1421514749526977,0.4049449265003204,0.1521109342575073,-0.2731350064277649,0.6085896492004395,0.3035077452659607,0.2097351849079132,0.0043528163805603,0.1939515471458435,-0.5537717938423157,-0.0350065790116786,0.0048167295753955,-0.3198368549346924,-0.5149656534194946,0.3396261930465698,-0.1161999925971031,0.1428730636835098,0.1778001189231872,-0.2779326736927032,0.1015555784106254,0.1639135777950287,-0.4183435440063476,0.4518981873989105,-0.0596767701208591,-0.2373472452163696,-0.7151142954826355,-0.3101483583450317,0.1565800756216049,-0.6126844882965088,0.6996737718582153,0.1960583925247192,0.0637141391634941,-0.2737035453319549,-0.5005072355270386,-0.6061068177223206,-0.3094664514064789,0.5522167682647705,-0.0065893726423382,0.2296792119741439,0.6124159097671509,-0.2390262931585312,0.2118097096681594,0.4045111835002899,0.2100452035665512,0.2675347626209259,0.2248073518276214,0.0018500502919778,-0.0633225962519645,0.3355198502540588,-0.7833343744277954,0.4635674655437469,-0.2890464067459106,0.4364186227321625,-0.1116339713335037,0.269094169139862,0.1870846450328827,-0.0080717513337731,-0.2900806963443756,-0.044090699404478,0.508892297744751,-0.5143128037452698,-0.3169381618499756,-0.9389352202415466,0.2775562703609466,-0.7697796821594238,0.1346524953842163,-0.0469939112663269,0.5006145238876343,-0.4950182139873504,0.5215675830841064,0.2497805804014206,-0.1121799573302269,0.2993261516094208,-0.2915922999382019,-0.0916415154933929,-0.0137067204341292,-0.0765860900282859,0.0293723177164793,-0.2950349748134613,0.3774317502975464,-0.5782741904258728,-0.4878269135951996,0.5255984663963318,-0.3891220986843109,0.6915884017944336,0.5459463596343994,0.3344857692718506,-0.1865251213312149,0.437023252248764,-0.4372636079788208,0.3625898659229278,-0.3918406665325165,-0.0733695477247238,-0.0378590486943721,-0.1140413433313369,0.1915168017148971,-0.0274605024605989,-0.6746289134025574,0.1513894498348236,-0.7363781332969666,0.5484305024147034,-0.4287079274654388,-0.1917788237333297,-0.1972842365503311,-0.211388275027275,0.1662224680185318,-0.2983362078666687,0.2068521827459335,-0.3026696145534515,0.2002725452184677,-0.7448209524154663,0.0799385607242584,-0.5306863784790039,-0.0227033384144306,-0.0928113162517547,-0.2776319682598114,-0.2214412093162536,0.066002644598484,-0.2130155563354492,0.4492154419422149,0.1799887716770172,-0.0885716453194618,-0.4200237393379211,0.0934969633817672,-0.3711792528629303,-0.1364453136920929,0.3391126692295074,0.4445263743400574,-0.2260433286428451,0.2087699770927429,-0.0311610177159309,0.4582980573177337,-0.1269419640302658,-0.0319482386112213,0.1574471294879913,-0.3849587440490722,-0.2987823784351349,-0.3764740526676178,0.3070196807384491,-0.328237384557724,-0.1249945014715194,0.7787013053894043,-0.354297012090683,0.0250440724194049,0.207493707537651,0.5394543409347534,-1.3197681903839111,0.0487489700317382,-0.018678119406104,-0.2795045971870422,-0.3830400109291076,0.6313517689704895,0.0210742410272359,0.0693660303950309,-0.3499996960163116,-0.4297904372215271,1.099228858947754,0.2384929358959198,-0.2421613186597824,-0.3423108160495758,0.4468829035758972,0.1891531646251678,-0.0084758773446083,-0.6150385141372681,-0.1383856832981109,0.3683922886848449,-0.1461763083934784,0.1832056939601898,0.2646670341491699,-0.2887140214443207,-0.1536682695150375,0.5394020676612854,-0.1372655034065246,0.577667236328125,-0.1409267336130142,-0.1161870956420898,0.0201383903622627,0.9951343536376952,1.1601394414901731,0.790808379650116,-0.2944014370441437,-0.0795457363128662,0.4861855804920196,0.5656149387359619,0.6665995717048645,-0.1730534732341766,0.0565650537610054,0.0295314732939004,0.4956611394882202,0.4778467118740082,-0.2280270904302597,0.1681633740663528,0.4915581047534942,0.8236240148544312,0.3244971036911011,0.1710482537746429,0.2501628398895263,0.3326368331909179,0.0866409242153167,0.3806838095188141,0.8059060573577881,0.298864334821701,-0.3805890381336212,-0.4380350708961487,-0.359504759311676,0.0047465036623179,-0.1668532788753509,-0.2002646476030349,-0.2723799347877502,-0.0804928988218307,-0.4306133091449737,0.0921047404408454,-0.0181933417916297,-0.4223751127719879,-0.2116104662418365,-0.673562228679657,-0.4095958769321441,-0.1947224289178848,0.079605795443058,-1.0541467666625977,0.4862031936645508,0.3770010769367218,0.42972132563591,-0.4699141383171081,-0.5458283424377441,0.1056305095553398,-0.3782083690166473,-0.0783784613013267,0.0083168447017669,0.3076265454292297,-0.1923711150884628,0.0385910719633102,-0.3073025345802307,-0.1761689931154251,-0.4490758180618286,-0.0604020878672599,-0.9064345955848694,-0.4911035895347595,0.0078222183510661,0.3159095346927643,-0.1263137608766555,0.1429377198219299,0.1221012249588966,0.5545070171356201,-0.3269628584384918,0.0004388684756122,-0.6396679282188416,0.4578623175621032,0.7329128384590149,-0.1588564366102218,0.4051835536956787,0.4882889688014984,0.1835133284330368,0.36062753200531,0.032995332032442,0.3531346619129181,-0.6653755307197571,-0.1120981946587562,0.7203813791275024,-0.260905772447586,0.2898926436901092,0.0110164107754826,-0.4164025485515594,0.2027633190155029,-0.4261585474014282,-0.2665686011314392,-0.2817472219467163,0.1154417023062706,-0.1803697943687439,-0.0221825372427701,0.3615373373031616,0.6952488422393799,-0.0921077653765678,0.5078432559967041,0.0901524722576141,-0.1617416441440582,0.6478137373924255,0.3509836196899414,-0.5201947689056396,0.164731964468956,-0.0546946860849857,0.3945431709289551,0.2971109747886657,0.2715695798397064,0.6533185839653015,0.4222796559333801,-0.1568081825971603,0.2983610332012176,0.2899158298969269,0.420342355966568,-0.2567653656005859,-0.5781151056289673,-0.0652232766151428,0.0114136701449751,-0.472823828458786,-0.2424145936965942,0.361390471458435,-0.0224036015570163,0.3369963467121124,-0.0070771384052932,-0.8400317430496216,-0.6168509721755981,-0.6446452140808105,-0.0474027879536151,-0.1570484042167663,-0.0025475255679339,0.8258790373802185,-0.0861581787467002,-0.7353359460830688,0.6563680768013,0.1821232885122299,0.2819777727127075,0.44384765625,-0.1382059603929519,-0.0779041498899459,0.3110784590244293,0.243604838848114,0.0747796297073364,0.4721215069293976,0.0263671297580003,-0.2087450921535492,-0.6663817763328552,0.4957854747772217,-0.0516476221382617,0.1760611683130264,-0.2939028739929199,0.530614972114563,0.0126364398747682,-0.6596765518188477,-0.631372332572937,-0.0175144113600254,-0.102907471358776,0.0185661539435386,0.0208101850003004,-0.1216693893074989,0.0761394500732421,0.3096867501735687,0.3455348312854767,0.7779531478881836,-0.3516948819160461,0.1715013235807418,0.6859332323074341,0.6577200293540955,-0.2240976244211197,-0.0760074034333229,-0.4059945046901703,-0.3623499274253845,-0.3564415276050567,0.269671082496643,-0.1866178810596466,-0.2471917569637298,-0.4588161706924438,-1.0668716430664062,-0.5941849946975708,0.0688545107841491,-0.6164239048957825,0.3201131224632263,0.2799863517284393,0.1850476115942001,-0.290233314037323,-0.1905516535043716,-0.4886767864227295,0.3714143335819244,-0.000700740434695,0.2670102715492248,0.0769363790750503,-0.4736100137233734,0.1334388107061386,-0.7450750470161438,-0.4259662926197052,0.8520615100860596,0.7533650994300842,-0.6253885626792908,-0.1405572742223739,0.4068232178688049,-0.4351517558097839,-0.5251708030700684,-0.3288036584854126,-0.0574375465512275,0.0308558363467454,-0.0577387623488903,-0.2683954536914825,0.2904980778694153,0.1612909436225891,0.2099916934967041,-0.0457261577248573,0.4514992833137512,0.3842048645019531,0.5719150900840759,0.108089730143547,-0.1362495273351669,0.0670223534107208,-0.5864270925521851,0.4911938905715942,0.2613664269447326,0.4047932922840118,-0.3859580457210541,0.209836721420288,0.8785381317138672,-0.5356251001358032,0.4175658226013183,0.5217072367668152,0.4872502982616424,0.505094051361084,-0.5262318253517151,-0.0125313699245452,-0.8846436142921448,0.0686695277690887,0.0464947000145912,0.017620800063014,0.4847925007343292,0.0637591779232025,-0.3195553719997406,-0.5455775856971741,-0.5255492925643921,0.3507944345474243,0.4249826371669769,0.4179239571094513,-0.0877870917320251,-0.0220574438571929,0.5461474061012268,0.3953705132007599,0.089684210717678,-0.4367555975914001,0.1704565286636352,0.2641899585723877,0.7814040184020996,-0.1995824724435806,0.5438302755355835,-0.7517011761665344,-1.190768122673035,0.2655358910560608,0.0868844389915466,0.0274184700101614,0.3622595369815826,-0.4814813435077667,0.0794841274619102,0.1429188996553421,0.3315563797950744,0.0180438328534364,-0.4928358495235443,-0.8237752914428711,-0.0786128267645835,0.0957009717822074,-0.5681291818618774,0.0364212617278099,0.0151638844981789,0.91337388753891,0.4651232063770294,-0.1341239809989929,-0.2419827580451965,1.049137830734253,0.1455228477716446,0.120935209095478,-0.1442812234163284,-0.0421544015407562,0.1299348920583725,0.2267729938030243,0.1315604895353317,-0.4520497918128967,-0.333946019411087,0.2573505938053131,-0.5299175381660461,0.061383381485939,-0.2560333609580993,0.0177683308720588,0.1509685218334198,-0.0113515425473451,-0.2675824463367462,-0.3721432983875274,-0.1486816704273224,-0.1724599599838256,-0.7157665491104126,0.2660408616065979,0.0126407612115144,-0.0204727593809366,-0.3715798556804657,-0.0151869971305131,-0.5965896844863892,-0.3341116607189178,0.0075120339170098,0.5591555833816528,-0.7135568857192993,-0.6283758878707886,0.5806432366371155,-0.2137820124626159,-0.2620254158973694,-0.7189838290214539,0.1424958854913711,0.0816798731684684,0.5325878262519836,-0.2107699066400528,0.2723670303821563,-0.3993126153945923,-0.0150620993226766,0.1067553237080574,-0.1090158149600029,0.5568524599075317,-10.187359809875488,0.1711428612470626,-0.4464468657970428,-1.1386390924453735,-0.0665484443306922,0.1588861644268036,0.4510736763477325,0.338424950838089,-0.2204774916172027,-0.0847415477037429,-0.0601294562220573,0.4050852954387665,0.3033035099506378,0.322946548461914,-0.9586413502693176,-0.1252761930227279,-0.3609889447689056,-0.2083401083946228,0.0664683803915977,-0.670790433883667,-0.2609117031097412,-0.4504331052303314,0.6067798733711243,0.637122392654419,0.035034779459238,-0.3592955470085144,-0.4894201159477234,0.231084331870079,0.0089098559692502,0.2508890628814697,-0.6307515501976013,0.652456521987915,0.1432319730520248,0.4516701102256775,0.086641140282154,-0.0974258258938789,-0.2713007032871246,0.6257935166358948,-0.3700024485588074,0.342485100030899,0.2646548449993133,0.3656089305877685,-0.3202582597732544,-0.0797861963510513,0.0659766569733619,0.0707174837589263,0.5855342149734497,0.2202647626399994,0.6852136254310608,0.0700863301753997,-0.1763507574796676,0.2850565612316131,-0.2577462792396545,0.0563963055610656,-0.0028930585831403,0.073710024356842,0.8301398158073425,-0.1715298146009445,-0.2740088701248169,0.1091502457857132,0.4211184680461883,-0.0583479963243007,0.4832911193370819,0.7381985187530518,0.2021373361349105,0.0653232485055923,0.4991310834884643,0.5631673336029053,-0.6763712763786316,-0.1979986131191253,0.2104098498821258,0.2619231641292572,-0.0863594114780426,0.3745808899402618,-0.316290020942688,0.5314692258834839,0.043662205338478,-0.1058293581008911,-0.0781411826610565,0.2980992496013641,0.8347527384757996,-0.4990279078483581,0.1110679805278778,0.3549347519874573,-1.2934144735336304,0.0375192873179912,-0.0784960836172103,0.2693603634834289,0.2120212465524673,-0.7358568906784058,0.4592650830745697,-0.5310732126235962,-0.60149747133255,0.306140661239624,0.4003915786743164,-0.3961745202541351,-0.1143051609396934,0.1391668319702148,0.390625387430191,-0.202238991856575,1
0.5930546522140503,0.6319737434387207,1.0374304056167605,-0.3383469581604004,-0.3173145055770874,0.1539123505353927,0.3153692781925201,0.1515471637248993,-0.4578653573989868,-0.2202220112085342,0.5763997435569763,-0.3914760649204254,-0.1334523111581802,0.279024213552475,0.3356066644191742,0.1374870091676712,0.261563777923584,-0.228357583284378,0.0492620840668678,-0.7415341734886169,-0.9501937627792358,-0.612515389919281,-0.4344922602176666,0.4547875821590423,0.0751314908266067,-0.2520163059234619,-0.4934850931167602,0.6057757139205933,-0.1709099560976028,-0.6646323800086975,-0.3495495319366455,-0.1441269516944885,-0.0062627103179693,-0.2704456448554992,-0.4186931848526001,0.3660819232463836,-0.0908106416463851,-0.167567566037178,0.2112042009830474,-0.3609657287597656,-0.0011444424744695,-0.2149135321378708,-0.4878867268562317,0.2321127206087112,-0.4773766100406647,0.6705694198608398,-0.0940615907311439,0.1549710631370544,0.2920421063899994,0.0608545802533626,-0.301110178232193,0.6008332967758179,-0.1358134150505066,0.0839150249958038,0.4559266269207001,-0.4414195418357849,0.2604157924652099,-0.4718002080917358,-0.1638858616352081,0.1065220534801483,-0.1598249673843383,-0.117468774318695,0.4507288932800293,0.1673110127449035,-0.1664277017116546,-0.2495895326137542,0.2202233672142028,-0.1808768361806869,0.1080668717622757,-0.9672194123268129,-0.1319510638713836,-0.0258802082389593,-0.1504610329866409,-0.4684182703495025,0.4988673627376556,0.0243514459580183,0.0468619428575038,0.281541645526886,0.3764991760253906,0.0390359312295913,-0.0303812641650438,0.5560542941093445,0.2749850749969482,-0.651585042476654,-0.1586238443851471,0.2885416150093078,-0.5720490217208862,-0.9294161200523376,0.2649970650672912,-0.2499710768461227,0.1539921909570694,0.0467643775045871,0.1222413778305053,0.1437198668718338,-0.0880763903260231,0.0817514434456825,-0.0137730427086353,0.0303064100444316,-0.1829750686883926,0.2707027494907379,-0.1065154671669006,0.1084117665886879,0.2143130898475647,-0.4609081149101257,-0.1057035401463508,0.4346997737884521,-0.3124888837337494,0.1877999454736709,0.2352217584848404,0.0921714007854461,-0.1803275495767593,-0.1840845793485641,-0.7123745679855347,0.1502789556980133,0.276150643825531,0.174813911318779,0.0092162927612662,0.3546351790428161,-0.4534464478492737,0.4601621031761169,0.0543807819485664,0.4500854909420013,0.1634600013494491,-0.5355239510536194,-0.2583604454994201,0.4782887399196625,0.1057405769824981,-0.0972614884376525,-0.3854002952575683,-0.0368733704090118,-0.514321506023407,-0.1660285741090774,-0.2616156935691833,-0.2344823181629181,-0.1488438099622726,0.975131094455719,0.0155135244131088,0.0206181351095438,-0.0267561897635459,-0.0891184881329536,-0.6971913576126099,0.3064770698547363,0.1040750816464424,-0.3078424334526062,0.2364470064640045,0.0845491215586662,-0.6164693236351013,-0.0115081584081053,-0.0982868075370788,0.4136125445365906,-0.235832080245018,0.9884220361709596,-0.7586669921875,0.4721824824810028,0.3416218757629394,0.2273471504449844,-0.4137569367885589,0.0671729147434234,0.2239904552698135,0.2378989607095718,0.3375002145767212,-0.3559703230857849,0.247457280755043,0.5228894948959351,0.1553430408239364,0.3290236294269562,0.676953911781311,0.103399820625782,0.1686213165521621,0.62786465883255,0.2534085512161255,0.4748419821262359,0.4065767228603363,-0.2254323065280914,0.1255124062299728,0.1808753758668899,0.3665626943111419,0.0411012805998325,0.0633999481797218,-0.3038116693496704,0.4024868905544281,0.2254656553268432,0.3915956318378448,-0.3898278176784515,0.1647123843431472,-0.0910687670111656,-0.0617955885827541,0.0792720392346382,0.0214447602629661,-0.0055477647110819,-0.1618338823318481,-0.1388651579618454,0.3173314034938812,-0.3409028053283691,-0.1761266440153122,-0.6223565340042114,0.0821443051099777,0.0842387229204177,-0.567101240158081,0.241387128829956,0.0837173238396644,0.0320969186723232,-0.0850063040852546,-0.6650980710983276,-0.9847548604011536,0.0360095836222171,0.2418181151151657,0.608451783657074,0.8069567680358887,0.2817661762237549,-0.0929860472679138,0.0025327710900455,0.4189474284648895,0.1991522014141082,0.485445111989975,0.1928444653749466,-0.3371909856796264,-0.4526413679122925,0.0030248225666582,-0.2514255344867706,0.3635325133800506,-0.0099133113399147,0.2246678471565246,0.0934928953647613,0.3120204508304596,0.5910230278968811,0.2896163165569305,-0.3115378618240356,-0.1828919202089309,0.1783300340175628,-0.4448637664318084,-0.4783354699611664,-0.6947966814041138,-0.2774333655834198,-1.0658609867095947,-0.0827516540884971,-0.1445768922567367,0.4428964853286743,-0.3884681761264801,0.1798025071620941,0.0841944590210914,-0.2345711141824722,0.1725807636976242,-0.6224339008331299,-0.0922546982765197,0.2920223474502563,-0.2571264207363128,0.0242164116352796,-0.225935161113739,0.0769189149141311,-0.1192925572395324,-0.6405526399612427,0.4774881899356842,-0.2450895309448242,0.589251697063446,0.2126409113407135,0.4180489480495453,-0.5161406397819519,0.4680569469928741,-0.6232519149780273,0.1649843901395797,-0.4072391092777252,-0.2560926079750061,-0.1045086085796356,0.0366087295114994,-0.0440852269530296,-0.0167182590812444,-0.7414343357086182,-0.7632670402526855,-0.6710200309753418,0.4081059396266937,-0.377534419298172,-0.1795195043087005,-0.2686818540096283,0.0910318791866302,0.1884925812482834,-0.3949028551578522,0.3077177703380584,-0.4483177959918976,0.0859495624899864,-0.3695685863494873,0.0150235658511519,-0.4445623755455017,-0.0799343436956405,-0.2071684449911117,-0.120681457221508,-0.3154639303684234,-0.2612346708774566,-0.4708123803138733,0.5485602617263794,0.3390340507030487,-0.5005316138267517,-0.1777542978525161,0.2373637408018112,-0.6711920499801636,0.5024250745773315,0.4335138201713562,0.5079692602157593,0.0920075923204422,-0.2375938147306442,0.1147491335868835,0.4105258882045746,0.1949232220649719,-0.5020098090171814,-0.0919230952858924,-0.2798886001110077,0.165445014834404,-0.1503764688968658,0.30274698138237,-0.0891336649656295,0.0801515132188797,0.800420343875885,-0.7201858758926392,0.3820748329162597,0.4184666275978088,0.6245318055152893,-1.5815598964691162,-0.1632732599973678,0.3239909410476684,0.1566168069839477,-0.2857618629932403,0.2133903056383133,0.6225133538246155,0.1327646970748901,-0.507827639579773,-0.6074549555778503,0.7863492965698242,-0.1371297836303711,-0.0402927659451961,0.1294665932655334,0.4333170354366302,0.0955873802304267,-0.0722486898303031,-0.239398568868637,0.2700161635875702,0.3449332118034363,-0.4141068756580353,-0.1102446392178535,0.1782326102256775,-0.4787282347679138,-0.5979381203651428,0.5346753001213074,-0.2813994288444519,0.0462422184646129,-0.5265087485313416,-0.2266714721918106,0.2631429135799408,1.2355531454086304,0.9064568877220154,0.4722028374671936,-0.4690961837768554,0.0397255606949329,0.2951527535915375,0.092758722603321,0.4366799890995025,-0.4568349719047546,-0.0590069852769374,-0.2201783955097198,0.2607977390289306,-0.0003320178657304,-0.206950381398201,-0.2997709512710571,0.0006510087405331,-0.2240550220012664,0.1381222307682037,0.1757456362247467,0.6392369270324707,0.5888489484786987,0.0719190686941146,0.2771028578281402,0.5820664763450623,0.2163119614124298,-0.1702637523412704,-0.640766441822052,-0.2304135411977768,-0.5685872435569763,0.0290704946964979,-0.3389539420604706,0.0312527008354663,0.1812687963247299,-0.0644818320870399,-0.2559150457382202,-0.190084308385849,-0.7557110786437988,-0.0313365347683429,-0.6441577672958374,-0.1468411535024643,-0.4338350892066955,-0.1419647932052612,-0.5825140476226807,0.5226696133613586,0.2565320134162903,0.4118370413780212,-0.2655712366104126,-0.6843339800834656,0.3323074281215668,-0.4003994166851043,0.2062298655509948,-0.1335920840501785,0.2605097889900207,-0.4813299477100372,0.0242689289152622,-0.0752809643745422,-0.4781084060668945,-0.5651113986968994,-0.088708259165287,-1.045231580734253,-0.0479845367372036,-0.2665314972400665,0.8264502882957458,-0.0327674336731433,0.285120278596878,0.0431138947606086,0.2529205977916717,-0.152341291308403,-0.3423779010772705,-0.2893217504024505,0.3020348250865936,0.6612731218338013,0.5661771297454834,0.5040283203125,0.3274131119251251,0.3739674389362335,0.2123314440250396,0.3675148487091064,-0.077611893415451,-0.7367231249809265,-0.1211641952395439,0.4992361962795257,-0.1675801277160644,0.1143235266208648,0.1704015135765075,0.1820055246353149,0.7767773270606995,-0.4027236700057983,-1.3625963926315308,-0.036233089864254,0.2313139140605926,-0.0061171520501375,0.395618587732315,0.6893584728240967,0.6493796110153198,0.1688758134841919,0.3078279197216034,0.1799433827400207,0.0588066093623638,0.348358154296875,-0.1077641621232032,0.4429264068603515,0.1758044362068176,0.4120401740074157,0.5611658096313477,0.2704443037509918,0.3965398371219635,0.7224353551864624,0.5814869999885559,-0.3756316006183624,0.3890821933746338,0.2342062145471573,-0.0645181462168693,-0.4640446305274963,0.3887246251106262,-0.532438337802887,-0.1560401171445846,-0.4403444826602936,0.1383714377880096,0.8855701088905334,-0.3944266736507416,0.4827744364738464,-0.3917814791202545,-0.3315642774105072,-0.5335702896118164,-0.6436577439308167,0.225389301776886,-0.3714775443077087,0.004747531376779,0.4039610922336578,0.0167642422020435,-0.6071538329124451,0.1637975424528122,0.3150565326213836,0.5812759399414062,0.1684347242116928,-0.3420390486717224,-0.0363199412822723,0.5715809464454651,-0.2086262553930282,-0.0129445828497409,0.173548474907875,-0.0556816048920154,-0.2279419898986816,-0.9748454689979552,-0.5031415224075317,-0.1166454181075096,0.0946948006749153,-0.5069720149040222,0.675150454044342,0.4821428060531616,-0.5622348785400391,-0.2528059482574463,-0.3165469169616699,-0.0573950409889221,-0.0856062024831771,-0.5313248634338379,0.103178858757019,-0.0795996412634849,-0.0123421298339962,0.6556701064109802,0.5359843373298645,-0.4287244081497192,-0.0557401143014431,0.5663303732872009,0.3626473546028137,0.042487870901823,0.2001436948776245,-0.4511834979057312,-0.4796603918075561,0.0560747161507606,0.2924157381057739,-0.089206226170063,-0.1261716783046722,-0.2473555207252502,-0.5904003977775574,-0.5416514277458191,-0.3029631376266479,-1.245996356010437,0.4305896759033203,-0.0474571697413921,0.3658763170242309,-1.0936464071273804,0.2656297981739044,-0.1482317149639129,0.4529084265232086,-0.1175688505172729,0.5350407958030701,-0.0783148407936096,-0.8816331028938293,-0.0290599912405014,0.2554600834846496,-0.4953828155994415,1.0187796354293823,0.5998725891113281,-0.3338018357753753,-0.2952187061309814,0.2195363789796829,0.1347533464431762,-0.1538268029689788,0.1619288921356201,-0.2186457812786102,-0.3780580461025238,0.0816185697913169,-0.0991635993123054,0.3998847305774688,0.3499682545661926,0.0132835768163204,0.0784867256879806,0.7465474605560303,0.167585402727127,0.5677454471588135,0.3431079685688019,-0.6401307582855225,-0.0630431696772575,-0.4246980249881744,0.2371137887239456,0.1239999681711196,0.7866754531860352,-0.2244578599929809,0.34340900182724,0.6815798878669739,-0.2369484007358551,-0.1116271018981933,0.549222469329834,0.0797847285866737,0.3611436784267425,-0.1648872792720794,0.0869230479001998,-0.979767382144928,0.3181458711624145,0.2978108525276184,0.1512073874473571,0.0599983111023902,0.1215851306915283,0.0128585761412978,-0.8224067091941833,0.2650946974754333,0.0652206242084503,-0.265663743019104,0.2789573669433594,0.324606329202652,-0.0627619698643684,0.8225252628326416,0.3374103605747223,-0.2739810645580292,-0.0544343329966068,-0.1593586653470993,0.8004461526870728,0.8542128205299377,-0.137147456407547,0.4373861253261566,-0.4904538989067077,-0.8217084407806396,0.2437671273946762,0.1175533384084701,0.3254854381084442,0.608734130859375,-0.4999359846115112,-0.3563725054264068,0.648382842540741,0.2604873180389404,0.1238970682024955,-0.2658562362194061,-0.4231884777545929,0.3213720619678497,-0.0952896773815155,-0.0999052971601486,0.2133684456348419,0.2749728560447693,0.5598160028457642,0.474202036857605,0.1232558265328407,-0.3892777860164642,0.7708496451377869,0.0401249155402183,-0.4257298409938812,0.1605914384126663,-0.6243446469306946,0.1913665384054184,0.2539394497871399,0.3622981011867523,0.1147514209151268,-0.3004081547260284,0.2212794125080108,-0.3058556020259857,-0.1422671228647232,-0.3531127870082855,0.4561539590358734,0.1532309055328369,-0.0816366374492645,-0.2919953167438507,-0.506588339805603,-0.2151989787817001,-0.022124245762825,-0.8622197508811951,-0.062067974358797,0.0931381061673164,0.248438075184822,-0.2223546653985977,-0.0184063073247671,-0.7270002365112305,-0.3781671822071075,-0.3258433640003204,0.3780666291713714,-0.7069383859634399,-0.3961071372032165,0.5641794204711914,0.0921429172158241,-0.0190799348056316,-1.3055930137634275,0.5102050304412842,-0.0726425573229789,0.244777649641037,-0.1593020558357238,0.1414137631654739,-0.4171003997325897,0.0453599132597446,0.0863836333155632,-0.2981536984443664,0.0865919068455696,-10.187033653259276,0.2162238210439682,-0.5153321027755737,-0.4303008615970611,-0.500162661075592,-0.0747401714324951,0.8724194765090942,0.4472564160823822,-0.1867846846580505,0.6053003072738647,-0.1999603658914566,0.610309898853302,0.3539019823074341,0.026266511529684,-0.1964733153581619,0.0974662229418754,-0.2961273491382599,-0.0557382181286811,-0.2707590460777282,-0.0954452827572822,-0.4605646729469299,-0.3728103935718536,0.7333937287330627,0.4507887959480285,0.629659116268158,-0.1577025353908538,0.1320483535528183,0.413061648607254,-0.3313141167163849,0.3687202632427215,-1.037243366241455,0.5492420196533203,-0.3114286065101623,0.7603781819343567,0.1523233950138092,0.0801357626914978,0.0627902969717979,0.1707354187965393,-0.2683981657028198,0.4237218797206878,0.4935589134693146,-0.0309099871665239,-0.0772415921092033,0.0353514850139617,-0.298044204711914,0.0358415953814983,-0.1193246468901634,0.075347863137722,0.5912200212478638,-0.2721285223960876,-0.0493429005146026,-0.1865812689065933,0.133067637681961,-0.2255179733037948,0.2005201876163482,0.1497281491756439,0.8183289170265198,-0.664590060710907,-0.3175504505634308,0.0987665951251983,0.5905869603157043,-0.0658743679523468,0.4694211781024933,0.6204165816307068,0.104325532913208,0.5022666454315186,0.3527027368545532,0.2424290180206298,-1.142908215522766,-0.2231483608484268,0.3112803101539612,0.7615343332290649,-0.0210704356431961,0.0310787577182054,-0.168237954378128,0.2661822736263275,0.1296748220920562,0.1882065534591674,0.4320928156375885,-0.0768738389015197,0.1991636008024215,-0.185180589556694,-0.0695248767733573,0.5907264351844788,-0.708386242389679,0.1378110945224762,-0.0611194148659706,-0.3213564157485962,0.2627412974834442,-0.4816176295280456,0.314485490322113,-0.1782543659210205,-0.8476414680480957,0.5249963998794556,0.7515106797218323,-0.3503181636333465,-0.3775286376476288,-0.0929861590266227,0.2224091589450836,-0.2934626340866089,0
0.0455315075814724,1.1175543069839478,0.2325765341520309,-0.321958839893341,0.747614860534668,0.5107995867729187,0.1951319724321365,0.0109812263399362,-0.3303559720516205,-0.0902393981814384,0.3311777114868164,-0.0015401996206492,-0.4198918640613556,-0.3242538273334503,0.4574458003044128,-0.4273644685745239,-0.4099558293819427,-0.2057999372482299,0.1019970253109932,-0.6086897850036621,-0.4500450491905212,-0.3549587726593017,-0.2984206676483154,0.3724991083145141,0.3646463751792907,-0.5112116932868958,-0.0615701936185359,0.322499930858612,0.2217138558626175,-0.7518659234046936,-0.013034900650382,-0.961925446987152,-0.2461553066968917,-0.1083445623517036,-0.616706371307373,0.2940328121185303,-0.0627324879169464,-0.0504684746265411,0.3318443894386291,-0.1417364776134491,0.0870209857821464,-0.2001831233501434,-0.1663881540298462,0.1271122843027115,-0.1487127691507339,0.4606211483478546,0.2230027168989181,0.7755510807037354,0.3539197444915771,-0.2195370346307754,-0.2516695261001587,0.5801104307174683,0.1614971309900283,0.3065470457077026,0.4126994907855987,-0.115309439599514,0.6868404150009155,-0.6642836928367615,-0.1219765618443489,-0.0832865089178085,-0.672163188457489,-0.4823794364929199,-0.4391419887542724,0.0809119865298271,-0.353929340839386,0.4284028112888336,-0.4964272081851959,0.5209512710571289,0.3448817729949951,-0.4056634902954101,0.1556282937526703,0.015681667253375,-0.5535604953765869,-0.3538996279239654,0.5106313824653625,-0.2079082578420639,0.781936526298523,-0.5400033593177795,0.1527150273323059,0.1549205780029297,-0.3537373542785644,0.4766199886798858,0.1141009628772735,-0.6124151349067688,-0.285712718963623,-0.147426500916481,-0.943577527999878,-0.965062379837036,0.4605044424533844,-0.2851279973983764,-0.2084430009126663,0.4805363118648529,0.0270960107445716,0.4443755447864532,0.124381810426712,0.2169470191001892,0.2405572235584259,-0.4318039417266845,-0.1268830895423889,0.1476866751909256,-0.2157085686922073,0.1000795736908912,0.5205799341201782,-0.1787111312150955,-0.0807533785700798,0.4914059937000274,-0.3109026849269867,0.5696818828582764,0.0987765863537788,0.343720942735672,-0.140485405921936,-0.6204702258110046,-0.3938969373703003,-0.0563206486403942,0.112670823931694,-0.0525189004838466,-0.1389060914516449,0.7540714144706726,-0.4682648777961731,0.4741203188896179,-0.1119724586606025,0.2145509719848632,0.0024005062878131,-0.5455455780029297,-0.1418904960155487,0.4550658762454986,0.3628882765769958,-0.0300867315381765,-0.0249312203377485,-0.3261997401714325,-0.2329958379268646,-0.2681523561477661,-0.048154067248106,0.3386151492595672,-0.6891162991523743,0.389741986989975,-0.1611758768558502,0.2854285836219787,-0.1872318089008331,-0.3448472321033478,-0.3351587653160095,0.1142513379454612,0.5946415662765503,-0.5951827764511108,-0.2751908004283905,0.4201895594596863,0.0940943956375122,-0.5694199800491333,0.2704859375953674,0.3653586208820343,0.0055153667926788,1.1025208234786987,-0.7917729616165161,-0.2900809943675995,0.4765264689922333,0.2501073181629181,-0.3622004985809326,-0.0411701537668705,-0.0145468544214963,0.8144916892051697,0.0086846826598048,0.0034729908220469,0.2122578620910644,0.4267374277114868,0.0706742405891418,0.532699704170227,0.706891655921936,-0.1886726021766662,0.234730988740921,0.5825573801994324,0.3376866281032562,0.2605981826782226,-0.1750976145267486,-0.3822024166584015,0.176600381731987,0.2468520998954773,0.7394819259643555,0.0187200158834457,0.5617770552635193,-0.3733085989952087,-0.3516234159469604,0.0832774639129638,0.4029149115085602,-0.9025039076805116,0.7073366641998291,-0.0121645107865333,0.1551996171474456,0.2909378707408905,-0.3799813389778137,0.0420105718076229,-0.10633285343647,-0.1208904534578323,-0.2279907464981079,-0.5231273770332336,-0.3769713044166565,0.1654401272535324,0.3231292068958282,0.3302077054977417,-0.5134289860725403,0.3677839040756225,0.1659961193799972,0.2965326309204101,-0.4662032127380371,-0.8117588758468628,-0.80178302526474,-0.327615886926651,0.2715726196765899,0.4000090062618255,0.3103974163532257,0.1142814382910728,-0.0672237575054168,-0.0680930614471435,0.3739965856075287,0.0351493619382381,1.0818688869476318,-0.2299467176198959,-1.188935160636902,-0.7127354741096497,-0.0195729825645685,-0.3283471465110779,-0.1624859422445297,0.0581881217658519,0.4633974730968475,-0.0989036634564399,-0.0756534710526466,0.4224700331687927,0.7586838603019714,-0.013124463148415,-0.1838424652814865,0.4147783517837524,-0.2774235606193542,-0.7323428988456726,-0.8953189253807068,0.1463925540447235,-0.5188272595405579,0.2326965034008026,0.0514056608080863,0.5127249956130981,-0.0208409391343593,0.626272439956665,-0.1199624091386795,0.2503420114517212,0.4029049277305603,-0.4225622415542602,0.2435778081417083,0.0915516540408134,-0.3765914738178253,-0.0926035866141319,-0.1812033802270889,-0.3659915030002594,-0.7283136248588562,-0.5407643914222717,0.0818124115467071,-0.1253870129585266,0.3475573658943176,0.6984785795211792,-0.0986943244934082,-0.0126807428896427,0.1139702722430229,-0.1949403136968612,-0.5877236723899841,-0.8357660174369812,-0.2662153244018554,0.3991923630237579,-0.0262882616370916,0.0698470845818519,0.2777641415596008,0.0545241571962833,-0.23258838057518,-0.578888475894928,-0.0094529902562499,-0.5434525609016418,-0.5668824911117554,-0.2209994792938232,-0.5421855449676514,-0.1018156111240387,0.2533567249774933,0.5667189955711365,-0.1356098651885986,0.2619675993919372,-0.0285428762435913,0.8782750964164734,-0.5517147779464722,-0.146154299378395,0.0940372496843338,-0.0941233485937118,-0.2543298602104187,-0.7309643030166626,-0.94452166557312,0.2082440257072448,0.1728475242853164,-0.1896143108606338,-0.3169149160385132,-0.0717748180031776,-0.7129061818122864,0.4769045114517212,0.2165798842906952,-0.2841429412364959,0.2911025285720825,0.1104235351085662,0.6535633206367493,0.4119903147220611,0.4196681678295135,-0.1488365828990936,-0.721823513507843,-0.4044329226016998,-0.2541827857494354,0.5500367879867554,0.0790183246135711,-0.2650423049926758,0.3598866462707519,0.8038336634635925,-0.3302856385707855,-0.1558562666177749,0.9207034111022948,0.2734770774841308,-1.4805554151535034,-0.20988330245018,0.985985279083252,0.4445755183696747,-0.3682593703269958,0.5194039940834045,-0.0520439781248569,0.1651623547077179,-0.1760438978672027,-0.5381021499633789,0.7421826720237732,-0.2759897112846374,-0.2503120601177215,-0.2474103569984436,0.1037688180804252,-0.0315879210829734,0.2600655555725097,-0.3549881279468536,0.4377956390380859,0.3691094815731048,-0.9823299646377563,-0.0429556705057621,0.337161660194397,-0.0554540641605854,-0.0780307948589325,0.329323261976242,0.3200457990169525,0.308395504951477,-0.5041836500167847,-0.2367658019065857,0.1196507439017295,1.2129497528076172,0.4747537076473236,0.4973355829715729,-0.08211200684309,-0.3805084824562073,0.5109261870384216,-0.0198383629322052,0.1543348878622055,-0.2962080538272857,0.0167447347193956,0.0860470682382583,0.1681884676218032,-0.1648395657539367,0.4233582317829132,0.014312726445496,-0.2774331569671631,0.2300112545490265,0.3627772927284241,0.2595144510269165,0.6917176842689514,-0.1108885183930397,0.2757092118263244,0.4162983000278473,0.2543519735336303,0.0960005894303321,0.0329575538635253,-0.0581822544336319,0.2166727632284164,-0.2640514075756073,0.0254324041306972,-0.3626424074172973,-0.1788670867681503,0.310761034488678,-0.1030682697892189,-0.2656514048576355,-0.0660433024168014,-0.203510582447052,-0.2602041363716125,-0.6521186232566833,-0.1964324712753296,0.0502503626048564,0.1160042956471443,-0.5469347238540649,0.2835505604743957,0.5818809866905212,0.3764885663986206,-0.1376861035823822,-0.2119706571102142,0.2324293106794357,-0.2804586887359619,0.051751721650362,0.5408540368080139,0.0681786313652992,-0.1128862425684928,-0.2368355393409729,-0.2430522143840789,-0.2802642285823822,-0.8585717678070068,-0.6987009644508362,-0.7877196669578552,0.1544900834560394,0.0378914959728717,0.5916378498077393,-0.2830476760864258,0.2721945643424988,0.3836231827735901,0.6063663959503174,-0.4162346720695495,-0.6454130411148071,-0.370604008436203,0.1326417028903961,-0.1516561210155487,0.0063075730577111,0.2567414343357086,0.3211713135242462,0.2618796229362488,0.2725178301334381,-0.3003163635730743,0.3727655112743377,-0.2796677052974701,-0.26469886302948,0.6816144585609436,-0.2631819546222687,0.0282554533332586,-0.0506602562963962,0.0460825599730014,0.793179988861084,-0.4625865519046783,-0.816000759601593,-0.0575939118862152,0.0332432053983211,-0.3448951840400696,0.8198394775390625,0.1982053965330124,0.7849797010421753,-0.0980474948883056,0.1961674988269806,0.0887225568294525,-0.3448120653629303,0.7091010808944702,-0.6765449047088623,0.1678442060947418,-0.0721417516469955,0.5226016640663147,0.3866955637931824,0.5438390374183655,0.167074978351593,-0.2051983475685119,0.0763194113969802,-0.8179563879966736,0.1878270506858825,0.5143283009529114,0.4637903571128845,-0.2112567275762558,0.2533266544342041,-0.3817557692527771,0.2925004065036773,-0.0736772045493125,-0.0582855567336082,0.3245844841003418,0.538300096988678,0.3778060674667358,-0.3393431305885315,-0.5894132256507874,-0.1951863467693328,-0.8908965587615967,0.295145034790039,-0.1338858157396316,0.1021996438503265,0.2980543375015259,0.3325025737285614,-0.5387396812438965,0.2912223637104034,0.1382803171873092,0.3085575997829437,0.0549443624913692,-0.4473009407520294,-0.3002046942710876,0.5777251124382019,0.1796595901250839,0.0394515618681907,0.2074304670095443,0.7313966751098633,-0.5129265189170837,-0.2864033579826355,0.3728856146335602,-0.1205205395817756,-0.0117090791463851,-0.3282413482666015,0.5404403209686279,0.2359071373939514,-0.4130578935146332,-0.0163695458322763,-0.238099455833435,-0.4496550858020782,0.390577495098114,-0.154896393418312,-0.3616662621498108,-0.0063275345601141,-0.1751339882612228,0.3904368579387665,0.7496381998062134,-0.5300766825675964,-0.2817255854606628,0.3076498806476593,0.1623582541942596,-0.2880517244338989,0.2394263297319412,-0.3191624581813812,0.0756315141916275,-0.0280314851552248,0.5383016467094421,-0.0584745071828365,0.2687322795391083,-0.0735778585076332,-1.0887682437896729,-0.1720889955759048,-0.2881066501140594,-0.9145275354385376,0.1733898967504501,0.212015688419342,0.7235971093177795,-0.7805041670799255,0.1405557245016098,-0.4639767110347748,0.1718633472919464,-0.0403306484222412,0.2078387290239334,-0.1134375631809234,-0.8726469874382019,-0.2701577544212341,-0.4019319713115692,-0.9182761907577516,0.5219843983650208,0.010713449679315,-0.595794141292572,0.351455956697464,0.4693972170352936,0.2181684970855713,-0.2674684226512909,-0.2599606513977051,-0.1192156001925468,0.2928438782691955,0.0306437872350215,-0.0915895998477935,0.40849769115448,0.5222240090370178,-0.4919257760047912,0.2041821777820587,0.8309110999107361,0.5288292765617371,0.7856940031051636,0.4861606657505035,-0.1921689808368683,-0.0758914276957511,-0.5126572251319885,0.2845155596733093,0.1906210482120514,0.4560867547988891,-0.3047322332859039,0.1790972650051117,0.0196817889809608,-0.162735179066658,0.2570498585700989,0.9361453652381896,0.220835879445076,0.8452736139297485,-0.0966596528887748,0.0599004067480564,-0.9070988297462464,-0.070899561047554,0.0259755291044712,-0.4935101270675659,-0.2289415448904037,-0.2777734696865082,0.158618688583374,0.0368444509804248,0.3468851447105407,-0.0476304441690444,-0.1037746220827102,-0.1641524732112884,0.3501935601234436,-0.2029095888137817,0.5388820767402649,0.5218778252601624,-0.7199658751487732,0.3785703182220459,-0.1830896139144897,0.3524298965930938,0.7730013132095337,0.1214381754398346,0.4322194159030914,-0.2508563697338104,-0.6101042032241821,0.4246176183223724,0.0548097901046276,-0.0077521675266325,0.4320252239704132,-0.3002508580684662,0.1312854140996933,0.3741210401058197,0.356966495513916,-0.1186246126890182,-0.0393697172403335,-0.8000832796096802,0.2206048965454101,-0.0344235263764858,-0.8080744743347168,0.0020657966379076,0.0473022535443306,0.1757123172283172,-0.2068644315004348,-0.5541287660598755,0.3287437558174133,-0.0238005369901657,-0.0347273163497448,-0.226674735546112,0.3851144313812256,0.1625716984272003,0.1187734901905059,0.3422637581825256,0.6194897294044495,-0.0018338013906031,-0.1326817125082016,0.5439576506614685,-0.122049331665039,-0.373058021068573,0.3414466977119446,0.4075458943843841,-0.0999799445271492,-0.3877361118793487,0.1990829855203628,-0.3446079790592193,0.23886638879776,-0.3227376341819763,-0.4219337403774261,-0.0151335597038269,-0.0628197342157363,0.2550224065780639,0.3456182479858398,-0.0663866028189659,-0.4386299848556518,-0.4689908027648926,-0.1896841824054718,-0.1882172524929046,-0.7868798971176147,-0.2482917308807373,0.4739726483821869,-0.2765526473522186,-0.2791586816310882,-1.2407870292663574,0.3887535333633423,0.1736384928226471,-0.0019299775594845,-0.4556089341640472,0.5018712878227234,0.0257328432053327,0.1036653816699981,-0.1637576520442962,-0.5178689360618591,0.433847963809967,-10.11057186126709,0.0614515952765941,-0.5471542477607727,-0.5841525197029114,0.1625095605850219,0.1765201687812805,0.9392297267913818,0.4491185843944549,-0.2859230935573578,0.0645708069205284,-0.3969210386276245,0.1578892320394516,0.2046604007482528,0.6156607866287231,0.0576042719185352,0.0188562404364347,-0.2821327447891235,0.0188882127404212,-0.4067748785018921,-0.0325595214962959,-0.1903561800718307,-0.3479089736938476,0.8186470866203308,0.3506888151168823,-0.1975292861461639,-0.4104492664337158,-0.1664002686738968,-0.3639521896839142,-0.3628124594688415,0.1205072551965713,-1.09540057182312,1.1438374519348145,0.2032972276210785,0.0598883107304573,0.0553371533751487,-0.1919859647750854,-0.0152093470096588,0.0145486667752265,-0.5308952331542969,0.4766812026500702,0.1706983149051666,0.838994562625885,0.1979933530092239,-0.524232804775238,0.3744852244853973,-0.0277686659246683,0.3910696804523468,0.0195419136434793,0.1713891476392746,-0.3361426889896393,-0.2950870990753174,-0.0116306105628609,0.2424388080835342,-0.2211416512727737,0.2981369495391845,-0.6063294410705566,0.1609453558921814,-0.952497661113739,0.3128738403320312,0.085082970559597,0.4787277281284332,-0.1171562597155571,0.6273343563079834,0.3147062659263611,0.0876415818929672,0.6824437975883484,-0.1288322806358337,0.2484146952629089,-0.320647269487381,0.1929227262735366,0.3816426694393158,-0.1735038757324218,0.0588144361972808,0.0853994190692901,-0.4158560633659363,-0.0712278336286544,0.2573342323303222,-0.0590681284666061,0.6683207154273987,0.0781078487634658,0.3009865880012512,-0.2357814610004425,-0.0986617356538772,0.2432466894388198,-0.7737350463867188,0.0372999049723148,0.0221975389868021,-0.6018051505088806,0.4073432683944702,-0.4908314347267151,0.3369404375553131,-0.2122879922389984,-0.3896515369415283,0.1257895976305008,0.3831341564655304,-0.061175387352705,0.4568758904933929,0.600942850112915,0.3942444622516632,-0.4954294562339782,0
0.5296596884727478,0.2130906283855438,0.4559382796287536,-0.3788235783576965,0.0963736400008201,0.229296863079071,0.2386744916439056,0.2548413276672363,-0.0763473808765411,-0.5995948910713196,0.3987560868263244,-0.4263967275619507,0.4475667774677276,-0.2476707696914672,0.6969519257545471,-0.0656861960887909,0.0709809884428978,-0.1644545197486877,-0.0108748702332377,-0.3702743947505951,-0.7576481103897095,-0.413432627916336,0.3180697858333587,0.3614082336425781,0.053830225020647,-0.3144461810588836,0.024836154654622,0.22332763671875,-0.1629917174577713,0.0653100684285163,-0.163625493645668,-0.366718590259552,-0.2875009775161743,-0.143985703587532,-0.1412046998739242,0.7164433598518372,0.0447980128228664,-0.334321528673172,-0.048272281885147,-0.4448588788509369,0.2024504095315933,-0.0392537266016006,-0.0778143554925918,-0.4906745254993438,-0.4244580864906311,0.3569748103618622,0.1421144604682922,0.4508043527603149,0.3910716772079468,0.065802477300167,-0.2395339757204055,0.3987994194030761,0.2064034640789032,0.0377097837626934,0.5504782795906067,-0.1333968788385391,0.3774928748607635,-0.541711688041687,-0.0768055692315101,0.2613519728183746,-0.3717130422592163,-0.2485538125038147,0.521899402141571,-0.136066272854805,0.0811342075467109,0.026225758716464,-0.2150810807943344,-0.1482564061880111,0.0450063794851303,-0.7747994661331177,-0.2178253978490829,0.2925040125846863,0.3747594952583313,-0.3835846185684204,0.6918500065803528,-0.3065555095672607,0.2237822115421295,0.1153149232268333,0.2371601611375808,-0.2251027226448059,-0.3462476432323456,0.2766848802566528,0.2552945911884308,-0.7245570421218872,0.0226185377687215,0.0493616014719009,-0.4940282702445984,-0.9880563616752625,0.452703058719635,-0.3511286675930023,-0.0228992886841297,0.0741178765892982,0.2153235077857971,0.2377034276723861,0.0652189552783966,0.1718862056732177,0.1264184862375259,-0.2441621720790863,-0.2346249967813491,0.2505479454994201,0.0868691354990005,0.4093315303325653,0.32750204205513,-0.1709804832935333,-0.2634230852127075,0.0760699585080146,-0.1548914760351181,0.2174850106239318,0.2510367929935455,0.0809057801961898,-0.3745799660682678,-0.2978120148181915,-0.4654948711395263,0.2725546658039093,-0.0209189262241125,0.1435899883508682,-0.198187306523323,0.3388965129852295,-0.4349301159381866,0.6078699827194214,-0.2538466453552246,0.7915907502174377,-0.0356875881552696,0.3047783374786377,0.2150291949510574,0.5052955746650696,0.0175789315253496,-0.0272460542619228,-0.1284803003072738,-0.2572053372859955,0.0357783772051334,-0.0579200908541679,-0.6814077496528625,0.0921545028686523,-0.2537298202514648,0.9225340485572816,-0.0114336526021361,-0.0479016825556755,-0.136097177863121,-0.4668779373168945,-0.1524674445390701,-0.1324257403612136,0.2752945125102997,-0.4046907126903534,-0.1197020336985588,0.1626258939504623,-0.2094656676054,-0.4744023382663727,0.4888186752796173,0.3426395952701568,-0.391703337430954,0.8269580006599426,-0.7304170727729797,0.0575210861861705,-0.0262061338871717,0.3646568357944488,-0.7473659515380859,0.1510887295007705,0.0498598143458366,0.5594866871833801,0.0929848328232765,-0.4336896538734436,0.1997489929199218,0.3209051787853241,0.1022119894623756,0.4263670146465301,0.4947990477085113,0.234954759478569,0.1953546553850174,0.4709454476833343,0.0561673045158386,0.4962971210479736,0.0458567067980766,-0.2137681096792221,0.4985187947750091,0.2918106913566589,0.1293936520814895,0.2646268904209137,0.0680747330188751,-0.5479270219802856,-0.0365224033594131,-0.1630211323499679,-0.0103595312684774,-0.1495637893676757,0.4607514441013336,-0.16131691634655,-0.0502539128065109,0.1145083829760551,-0.2079464346170425,0.1704038232564926,0.0367571040987968,-0.262583464384079,0.3753058016300201,-0.6912090182304382,0.0999286249279975,-0.3194076120853424,-0.3274402320384979,-0.3803856372833252,-0.302856832742691,0.3924706578254699,0.0625739246606826,-0.0227741338312625,-0.1504396349191665,-0.1841774731874466,-0.8772600889205933,-0.3443240523338318,0.072902612388134,0.655198872089386,0.360122412443161,0.2266106456518173,0.0718065351247787,0.2478867173194885,0.4675061106681824,0.0748334527015686,0.1430813670158386,-0.0019422065233811,-0.2316767424345016,-0.1867131143808365,0.1263024359941482,-0.1210856661200523,0.4201357662677765,-0.0982303693890571,0.3487502336502075,-0.0542345009744167,-0.406590849161148,0.2436564266681671,0.0867293998599052,-0.3940061628818512,0.0503381453454494,0.7268115282058716,-0.2607754468917846,-0.6348714232444763,-0.4985277056694031,-0.0947990268468856,-0.6508302092552185,0.0662958398461341,-0.268383651971817,0.2855084538459778,-0.349700003862381,0.112674169242382,-0.1744929105043411,-0.4754193425178528,-0.1815786063671112,-0.2118682861328125,0.0328344888985157,0.1429506987333297,-0.0228110589087009,-0.1918207108974456,-0.51520836353302,-0.035258699208498,-0.3487142920494079,-0.4789979457855224,-0.0031026471406221,-0.5512425303459167,0.4469566941261291,0.2267684787511825,0.519576370716095,-0.0401957146823406,0.2230084687471389,-0.021178001537919,-0.0647084936499595,-0.8502422571182251,-0.1223883181810379,-0.082101322710514,-0.5005362629890442,-0.0289797261357307,0.0161732789129018,-0.4629672467708587,-0.3051377236843109,-0.4279847145080566,-0.0537696257233619,-0.4275308847427368,-0.4585559368133545,0.0507671535015106,-0.0609349831938743,0.121000550687313,-0.1441505849361419,0.4983959794044494,-0.4443674683570862,0.157625675201416,-0.6233783960342407,0.1977990418672561,-0.6939910650253296,-0.2582651376724243,0.0102615738287568,-0.2509933710098266,-0.385790079832077,0.1677277833223343,-0.4675479829311371,0.3769758343696594,0.3340494334697723,0.0589170567691326,-0.4295046031475067,-0.0234155897051095,-0.379841536283493,0.1281551122665405,0.2171487510204315,0.7272565960884094,0.2176287770271301,-0.0618875958025455,0.1726910173892974,0.4014920890331268,0.1911408603191375,0.1473643630743026,-0.1017887517809867,-0.2969529330730438,0.0840102732181549,0.055018100887537,0.6373216509819031,0.1061175316572189,-0.0175985414534807,1.0461182594299316,-0.3499410450458526,0.2470925748348236,0.49268639087677,0.2864406108856201,-1.7427469491958618,0.0124134626239538,-0.1290074437856674,0.0475340001285076,-0.2400045990943908,0.28074511885643,-0.0035546065773814,0.137170597910881,-0.459278792142868,-0.5403351783752441,0.9039117693901062,0.2878541350364685,-0.0093382988125085,-0.5122708082199097,0.3493413031101227,-0.2350283712148666,0.0298427008092403,-0.4780119359493255,0.2126775383949279,0.4782304167747497,-0.4107668399810791,0.0539882034063339,-0.1659918874502182,-0.537499725818634,-0.083966925740242,0.1677630394697189,0.1615692526102066,0.247225672006607,-0.5302152037620544,0.1380523741245269,0.3138780891895294,0.4008596837520599,0.7858495712280273,0.3039855659008026,-0.0616408102214336,0.0577767044305801,0.4450687170028686,0.1350419074296951,0.4254122972488403,-0.2856252193450928,0.1758316755294799,-0.0475820116698741,0.8534377217292786,0.0125897396355867,0.0911166295409202,-0.0015497871208935,0.1213041767477989,0.2295670956373214,-0.081953153014183,0.3548986315727234,0.1464321017265319,0.0478751249611377,0.1907066702842712,0.5322242379188538,0.5807309746742249,0.1449556350708007,-0.2838995158672333,-0.3661825656890869,0.0364569164812564,-0.321286529302597,-0.6244051456451416,-0.3386206030845642,-0.3438629508018493,-0.1222211271524429,-0.4495676457881927,0.2929139733314514,-0.0296255443245172,-0.5183850526809692,0.0549229495227336,-0.3556650280952453,-0.4252268970012665,0.3321499228477478,-0.0532559305429458,-0.7333111763000488,0.5861435532569885,0.2217282354831695,0.2881442606449127,-0.5338570475578308,-0.6530799865722656,-0.0423921756446361,-0.2733902633190155,-0.3039427995681762,0.1676573008298874,-0.3308295905590057,-0.0540301539003849,0.3473367393016815,-0.0784889757633209,-0.0932381302118301,-0.3437794744968414,-0.2950970530509949,-0.7089868783950806,0.1887605041265487,-0.0504166632890701,0.3232135474681854,0.0219684243202209,0.2221865206956863,0.2203065305948257,0.0448722839355468,-0.2711859345436096,0.0839256197214126,-0.3249978721141815,0.5804333090782166,0.3907267451286316,0.1664255708456039,0.581920862197876,0.4442465603351593,0.2811322212219238,0.5245891809463501,0.0202089324593544,0.0134099787101149,-0.610522449016571,-0.3011751174926758,0.7100160717964172,-0.0379120931029319,0.2432178258895874,-0.107879638671875,-0.0181926805526018,0.6090810298919678,-0.0324829034507274,-0.5741919279098511,0.0005142665468156,0.0738754346966743,-0.1841550320386886,0.262513518333435,0.6575903296470642,0.8228428959846497,-0.0232491437345743,0.0209028869867324,-0.140678659081459,-0.1875307261943817,0.3151618540287018,-0.1306444257497787,-0.1179750114679336,-0.2945268750190735,0.0095409927889704,0.2994397580623626,0.6596575975418091,0.2006724327802658,0.6231606602668762,0.3094731569290161,-0.3437167704105377,0.2674251198768616,0.435273140668869,0.4795292615890503,-0.2945265173912048,-0.2899815738201141,-0.3539811670780182,0.0258303135633468,-0.3896693289279938,-0.0662572011351585,0.6731356978416443,-0.1594995409250259,0.1768974959850311,0.0076765068806707,-0.6110824346542358,-0.6220504641532898,-0.3782775104045868,0.1608152389526367,-0.0992601439356803,0.1433831602334976,0.2025719732046127,-0.0135760903358459,-0.4930251836776733,0.1857774257659912,0.0561464726924896,0.2988999783992767,0.5034912824630737,-0.1536019593477249,-0.0901676565408706,0.0035907886922359,0.0382498726248741,0.0676893964409828,-0.1810710877180099,0.0458883009850978,-0.2628243565559387,-0.4944120943546295,0.0162131208926439,0.1840128451585769,0.2542142868041992,-0.1465330421924591,0.6534149646759033,0.1324674189090728,-0.5132039189338684,-0.565060019493103,-0.237240582704544,-0.2221661806106567,-0.0452727153897285,-0.4980322420597076,-0.0901912376284599,0.0443757846951484,0.3667648136615753,0.0876772403717041,0.2802462577819824,-0.3576146960258484,0.0792291760444641,0.2387515604496002,0.6340348720550537,-0.1300701349973678,0.2300144582986831,-0.1985842436552047,0.0217490531504154,0.0881654992699623,0.0755990594625473,0.0594925098121166,-0.1432090848684311,-0.536220908164978,-0.6978509426116943,-0.3783296048641205,-0.1789586842060089,-1.0786592960357666,0.5394381880760193,0.1386258453130722,0.2410538047552108,-0.4676302969455719,-0.4629960358142853,-0.147763043642044,0.3010770082473755,-0.115580216050148,0.4248737096786499,-0.2177674025297165,-0.5781479477882385,-0.0497000403702259,0.1251947283744812,-0.6601473689079285,0.9405031204223632,0.2545405626296997,-0.4916508197784424,-0.3954956829547882,0.387395292520523,0.1958344131708145,-0.2218459993600845,0.1072808057069778,-0.1325920820236206,-0.5393648147583008,0.1550326347351074,-0.3469339609146118,0.3210111856460571,-0.1543601602315902,-3.526743239490315e-05,-0.1246603056788444,0.5851903557777405,0.3443279862403869,0.2443006783723831,0.0775589197874069,-0.2279006391763687,-0.2089708745479583,-0.2480691522359848,0.3257020711898803,0.1407943069934845,0.3850536048412323,-0.1766823679208755,0.3162503838539123,0.5831259489059448,-0.8466090559959412,0.0867414474487304,0.7604172825813293,0.4110320210456848,0.444315493106842,-0.1525647640228271,0.03209038823843,-0.8170374035835266,0.1355699896812439,0.1418216824531555,-0.0172215569764375,0.4570207893848419,-0.0356507040560245,-0.1375111788511276,-0.4097650349140167,-0.0168074183166027,0.4003950655460357,0.1728287488222122,0.0364892520010471,0.4355419874191284,-0.1556229144334793,0.5133227705955505,0.3383309543132782,-0.2615169286727905,-0.3602937161922455,0.0543467439711093,0.4090258181095123,0.7752847075462341,0.1817598491907119,0.3601688146591186,-0.7150218486785889,-0.6305393576622009,0.3012827634811401,0.0831094086170196,0.3051785230636596,0.5014293193817139,-0.2748686373233795,-0.0627902820706367,0.6112644672393799,0.2978948354721069,-0.0707817524671554,-0.3294468224048614,-0.4165408909320831,-0.1707163900136947,-0.2366679608821869,-0.5008911490440369,0.2017518132925033,0.0845913216471672,-0.0467947907745838,0.2117699682712555,0.0154199143871665,0.0983888357877731,0.5822260975837708,0.0028719732072204,-0.305047333240509,0.2047902196645736,0.0614336542785167,-0.0901422724127769,0.0808300226926803,-0.2235193252563476,-0.2465935945510864,-0.0241717658936977,0.2415190041065216,-0.1573673337697982,0.2025086134672165,0.0340979881584644,0.1619161665439605,0.3305917084217071,-0.4448821544647217,-0.1901049017906189,-0.314644455909729,-0.3174638450145721,-0.1307286322116851,-0.6577920317649841,-0.3597747385501861,-0.0309588555246591,-0.0471150875091552,-0.1592544317245483,-0.05937360227108,-0.4678713381290436,-0.2325161099433899,-0.4492211043834686,0.2522855401039123,-0.1734455525875091,-0.8417651653289795,0.3823029398918152,0.2627186775207519,-0.1252967417240142,-1.1999207735061646,0.247536301612854,0.1704616248607635,0.2441152334213256,0.1721053123474121,0.704698920249939,-0.3422385454177856,-0.2607019543647766,0.0875810459256172,-0.2855316996574402,0.2547450661659241,-10.516351699829102,0.1059780791401863,-0.4225786030292511,-0.3998930752277374,-0.3504877388477325,0.3931498527526855,0.6256321668624878,0.5662823915481567,-0.1955859363079071,0.1214233934879303,-0.0340548641979694,0.0915949419140815,-0.0144770285114645,0.6837878823280334,-0.5207838416099548,-0.3065536618232727,-0.2305571138858795,-0.0215277168899774,-0.0403221026062965,-0.2391912043094635,0.1143146902322769,-0.284472644329071,0.5086359977722168,0.7366798520088196,0.5462241768836975,-0.4084236323833465,-0.2611879706382751,0.0024734144099056,-0.2027534991502761,0.5919749736785889,-0.6013648509979248,0.5325713157653809,0.0364352501928806,0.3010843992233276,-0.1525362879037857,0.2529691159725189,-0.4028312265872955,0.6683297157287598,-0.0390014834702014,0.4041423201560974,0.3153025507926941,0.4241274297237396,-0.025679500773549,-0.0304168835282325,0.1748992651700973,0.2391737103462219,0.469064712524414,0.0111696710810065,0.5418323874473572,-0.2422156333923339,-0.1271032989025116,0.1338433921337127,0.0682288780808448,-0.0943486765027046,0.4556112885475158,-0.0305458642542362,0.6394035816192627,-0.6745585203170776,-0.031642060726881,0.0643760710954666,0.3380284905433655,-0.0773757696151733,0.3833673596382141,0.444365918636322,0.30074143409729,0.4105566740036011,0.5217416882514954,0.3653739690780639,-0.9130431413650512,-0.2377991825342178,0.1625676453113556,0.471616268157959,-0.0950486809015274,0.3251329064369201,-0.2567318379878998,0.3133965134620666,0.3614666759967804,-0.2959363758563995,0.0550640672445297,-0.0280053783208131,0.2839506864547729,-0.3029759228229522,0.0833558365702629,0.2407184094190597,-0.621874213218689,0.0487202405929565,-0.0832330659031868,-0.04812478646636,0.259869247674942,-0.4461257457733154,0.2382365614175796,0.0838035121560096,-0.5344372987747192,0.5065318942070007,0.4480125904083252,0.0181824807077646,-0.121032990515232,0.2265196144580841,0.4854059219360351,-0.0247120037674903,0
0.6195648908615112,0.3489904701709747,1.0567883253097534,-0.4765182733535766,-0.5891979932785034,-0.1809852719306945,0.0059980759397149,0.3481148183345794,-0.8365700244903564,-0.6619139313697815,-0.2249849289655685,-0.709401547908783,-0.0504682175815105,-0.4271685481071472,0.7363948225975037,0.4460712671279907,-0.5139725804328918,0.4701919853687286,0.1286108493804931,-0.3889336884021759,-0.8025297522544861,-0.7192121744155884,-0.5512325763702393,0.1941795796155929,-0.4240441024303436,-0.9229090809822084,-0.5777475237846375,-0.2258715033531189,0.0061606224626302,0.1903616487979889,0.2632638216018677,-0.4594249129295349,-0.3370295763015747,0.3261558711528778,-0.7294156551361084,0.6906647086143494,0.1098550781607627,0.2041232734918594,0.4162230789661407,-0.5478252172470093,-0.3630021214485168,0.5252999663352966,-0.6012375354766846,-0.5337058305740356,-0.1171065792441368,0.041893757879734,-0.1703510880470276,-0.031400877982378,-0.1483786702156067,-0.3944182395935058,-0.7106783986091614,0.7770763635635376,0.3953070640563965,0.1971932351589203,0.425059050321579,0.3488447666168213,1.0091537237167358,0.0231695063412189,0.0251429192721843,-0.2772858142852783,-0.7284931540489197,0.1356604993343353,0.3728354871273041,0.1996486485004425,-0.592863142490387,0.3532702028751373,-0.1977674067020416,0.5270116329193115,0.4377854466438293,-0.1567492187023162,0.5720683932304382,0.3822307288646698,0.2298650741577148,-0.3820671439170837,0.2723013460636139,-1.026605486869812,0.4222369492053985,-0.3067958056926727,0.2783031761646271,0.1548672318458557,-0.239579826593399,-0.1771947145462036,0.1182410269975662,-0.3522379100322723,-0.6739863157272339,-0.3207395672798157,-1.280389428138733,-0.1314788162708282,0.1092400550842285,0.1847828775644302,0.0771256908774375,-0.437089592218399,0.370442658662796,-0.3064039647579193,1.0832984447479248,0.4152913391590118,0.3117563426494598,-0.1497225910425186,0.3455894887447357,0.2241485565900802,-1.3417664766311646,0.5552119016647339,-0.0222490578889846,-0.8507680296897888,-0.5020774602890015,-0.1633059084415435,-0.2702930569648742,0.9135725498199464,0.5686036944389343,0.4233021438121795,0.0308378841727972,-0.2613431215286255,-0.8987371921539307,0.1841257512569427,-0.0797238424420356,0.4295142292976379,-0.5939999222755432,-0.1568807661533355,0.0380602180957794,0.1479811817407608,0.2256724238395691,0.58320552110672,-0.4946492314338684,-0.1372482478618621,0.271740585565567,0.1917717903852462,0.1432688981294632,0.3522486984729767,0.2582482099533081,-0.6036713719367981,0.3547253906726837,-0.6765661239624023,-0.4382753372192383,0.0448752231895923,-0.6328389644622803,0.965863823890686,0.2955978512763977,-0.4536164700984955,0.0455907583236694,0.1167070865631103,-0.4535581469535827,-0.1906919628381729,0.8190338611602783,-0.4693425297737121,-0.1263845413923263,0.4840159714221954,-0.3180535137653351,-0.3546625971794128,0.4179584980010986,0.3845674991607666,-0.1171512454748153,1.1854907274246216,-0.5989495515823364,0.4140498638153076,0.3314343392848968,0.4171215295791626,0.197724312543869,0.2486430704593658,0.3477166593074798,0.0276961978524923,0.411643385887146,0.0632825419306755,0.118790403008461,1.0481526851654053,0.6594823598861694,-0.0155564593151211,0.6942266225814819,-0.1477566659450531,0.1065890714526176,0.9082752466201782,0.5210177898406982,0.6927188038825989,0.2869593799114227,-0.080572210252285,-0.143041580915451,0.5369226336479187,1.0504631996154783,0.4520522058010101,-0.3815566003322601,-1.0843147039413452,0.4242238998413086,0.4428893625736236,0.7727795243263245,-0.11271483451128,0.5963641405105591,-0.5336257219314575,-0.4145865440368652,-0.0930271968245506,0.4222430884838104,0.1927646398544311,-0.4035003781318664,-0.4110448360443115,0.1082634553313255,-0.0029858634807169,0.0524127073585987,0.166703388094902,0.1684794872999191,0.3491660058498382,-0.12071093916893,0.3308565616607666,0.5550510287284851,-0.018241224810481,-0.1458954364061355,-0.93206387758255,-1.468620777130127,-0.5858704447746277,-0.053965974599123,0.1871979236602783,0.1993109285831451,0.6862973570823669,-0.7204278707504272,-0.1594906896352768,0.1600438356399536,-0.4500786960124969,0.8950967788696289,0.483115404844284,-0.3662504553794861,-0.1398576647043228,-0.0772723108530044,-0.0402719527482986,0.1948870122432708,-0.6461538076400757,0.3496512472629547,0.1929983347654342,-0.292580246925354,0.8708901405334473,0.5928434133529663,-0.952753245830536,-0.5800488591194153,0.2994386255741119,-0.7095662951469421,-0.3877021372318268,-0.1414899677038192,-0.1187630221247673,-0.226882517337799,-0.9625067114830016,-0.6216272711753845,0.1769756227731704,-0.3720604479312897,0.6183730959892273,-0.2944242060184479,-0.2436751723289489,0.3913763761520386,0.3015227615833282,0.3717937469482422,0.2275534719228744,-0.1137370243668556,-0.4073820412158966,-0.9319515228271484,-0.1594752222299575,-0.6824278235435486,-0.4467746615409851,-0.298469603061676,0.5496417880058289,0.4088552594184875,-0.3417203724384308,0.3422651588916778,-0.8266787528991699,-0.2169264554977417,-0.944948673248291,0.300152450799942,-0.2175954282283783,0.4510443806648254,0.2433313578367233,-0.5626786351203918,0.1603416502475738,0.3203263878822326,-0.2135343700647354,-0.4064880609512329,-0.1030912548303604,0.1624127775430679,0.153968408703804,0.3976919949054718,-0.4147221446037292,-0.0498390197753906,0.1031231135129928,0.6804152131080627,1.0598911046981812,-0.1469211876392364,-0.6755654811859131,-0.4156228601932525,0.7218894958496094,-0.8200952410697937,-0.5111777186393738,0.0852808803319931,1.0379979610443115,-0.4341500699520111,-0.0093580558896064,-0.0931151360273361,-0.2131607830524444,0.1918867975473404,-0.6069152355194092,0.0588084161281585,0.1086339578032493,-1.049772024154663,-0.0527109093964099,0.4001291394233703,0.2348199486732483,0.3815994262695312,-0.1056061089038848,0.2873418629169464,-0.2647623121738434,0.0589905194938182,0.1709464490413665,-0.1004977151751518,-0.5174713134765625,-0.1428467333316803,0.6444472670555115,0.2665767967700958,-0.8470263481140137,-0.1114944517612457,0.6196324229240417,-1.261491298675537,-0.3067860305309295,0.4951604306697845,0.4625239670276642,-0.806296706199646,0.3060609698295593,0.7664307355880737,0.5978373289108276,-0.3235744833946228,-0.4803456664085388,0.4361900687217712,0.680817723274231,-0.3462209403514862,-0.766511082649231,0.4465742707252502,0.1413706839084625,-0.1029802933335304,-0.540488064289093,-0.4225925207138061,0.2654396593570709,-0.0956962928175926,-0.2448957860469818,-0.4192146956920624,-0.1646664142608642,-0.3066335022449493,-0.1862993538379669,0.2451054602861404,-0.0318525545299053,-0.0467939153313636,0.695682168006897,-0.4298053383827209,0.2943534851074219,-0.7330169677734375,-0.4372770488262176,0.266561895608902,1.275129795074463,0.4799474477767944,0.6537413001060486,-0.7526010274887085,-0.1445199996232986,0.5737951993942261,-0.2828126549720764,0.7841343879699707,-0.7082526087760925,0.3595519959926605,-0.2249900996685028,0.4486998617649078,0.1162942722439765,-0.312129944562912,0.2356796860694885,-0.7608378529548645,-0.673935055732727,0.2672902941703796,-0.0121579803526401,0.5657185316085815,0.1676893681287765,0.0501080378890037,1.1467639207839966,0.0960680320858955,0.2769872546195984,-0.271636962890625,-1.2229118347167969,-0.2898721396923065,-0.818493664264679,-0.0662508532404899,-0.1926941573619842,-0.1408600509166717,0.6379884481430054,-0.5304189920425415,0.1868663430213928,-0.1202046424150466,-0.4112637639045715,0.2442872375249862,-0.3000135421752929,-0.6347482204437256,0.0767916440963745,-0.0052538914605975,-0.5005415678024292,0.9109095931053162,-0.0007811538525857,0.5739177465438843,-0.3620568215847015,-0.639089047908783,0.5519065260887146,-0.296102374792099,0.0041193105280399,-0.0016299751587212,0.1267074197530746,-0.2287810444831848,-0.2666354477405548,-0.1437699347734451,0.0704218074679374,-1.0117563009262085,0.5357574224472046,-0.4320216178894043,0.0675554797053337,-0.0848605036735534,-0.2459176182746887,-0.7839255928993225,-0.2140903323888778,0.0649926662445068,-0.1526171118021011,0.1472381502389907,0.3655463755130768,0.192785158753395,-0.4598661065101623,0.4447408616542816,0.5818700790405273,0.773893415927887,-0.2916417717933655,0.6764229536056519,-0.2633430957794189,0.1170301362872123,0.3807166218757629,-0.636992871761322,-0.5004210472106934,0.4088150560855865,0.2970898449420929,-0.4510889947414398,-0.2047666013240814,-0.3112285435199737,1.1695051193237305,-0.2776446640491485,-0.454189658164978,0.902678370475769,-0.3502555191516876,0.3743431270122528,1.0348628759384155,0.7548885345458984,-0.3306185603141784,0.8137053847312927,0.2189303785562515,0.4164632558822632,0.0481533221900463,-0.4062684178352356,-0.2302813231945037,0.8682974576950073,-0.0690934285521507,0.0666430816054344,0.7246530055999756,0.2387608587741851,0.2063861191272735,0.304114431142807,-0.0526445172727108,0.0919842198491096,0.3205940127372741,-0.1039949804544448,-0.344978004693985,-0.0909045413136482,-0.1859214305877685,-0.3086766302585602,-0.1104165613651275,-0.4009558856487274,0.3755174279212951,1.0586365461349487,-0.69407057762146,0.3782074749469757,-0.9081338047981262,-0.5527552962303162,-0.1388085484504699,-0.1920015960931778,0.0875670760869979,-0.8221295475959778,-0.3547230660915375,0.0455889664590358,0.100279651582241,-0.4144933223724365,0.1088500693440437,0.3550724685192108,-0.2159822881221771,-0.3159510493278503,-0.813616156578064,0.1168316379189491,0.7964914441108704,-0.5838242173194885,-0.3934233486652374,0.060257464647293,0.1438681185245514,0.7519621849060059,-0.8378763198852539,-0.4993960857391357,-0.388970673084259,-0.1639347821474075,-0.7298585176467896,-0.0774035155773162,0.1874646097421646,-0.6804988384246826,0.2744324803352356,0.0274815335869789,-0.2773340940475464,-0.6969039440155029,-0.2621581554412842,-0.1018723174929618,-0.5727987289428711,0.2523036897182464,0.1731978803873062,-0.2328196913003921,0.108727253973484,-0.1145984902977943,0.3019725382328033,0.7329968214035034,-0.3828904032707214,0.8873105049133301,0.0118421558290719,0.352819412946701,-0.810456395149231,0.5460114479064941,-0.7754442095756531,0.2387319207191467,-0.7294042706489563,-0.6843485832214355,-0.7158702611923218,-0.5920957326889038,-0.4448314309120178,0.6941059827804565,1.415650486946106,0.5825144052505493,-0.6701879501342773,0.2146046459674835,-0.1199929490685463,-0.4598611295223236,-0.5141260623931885,0.0787957608699798,0.0287131275981664,-1.562509536743164,-0.1510507017374038,0.1109620109200477,-0.5994253754615784,1.3839061260223389,-0.1814644634723663,-0.5518447160720825,-0.2039219886064529,0.4202861785888672,0.3994800150394439,-0.4896880388259887,0.0579875633120536,0.6398654580116272,0.2553820610046386,0.8101413249969482,-0.274228572845459,0.0906463786959648,0.1436778157949447,0.1233146637678146,0.0946904346346855,0.4151434302330017,0.4983032047748565,0.0801388993859291,0.8776180744171143,-0.6998874545097351,-0.6978878974914551,-0.6231597661972046,0.3570880591869354,0.1529397666454315,0.689155638217926,0.2196631878614425,0.7957811951637268,0.6500939130783081,-0.1513335853815078,0.0573428571224212,0.8899685144424438,-0.0597225539386272,1.2249330282211304,-0.5518271327018738,0.1374015361070633,-0.7722051739692688,-0.0206141173839569,0.9322041273117064,0.7353374361991882,-0.0895386338233947,-0.1536366045475006,-0.030578788369894,-0.5362865924835205,0.6016854047775269,0.3558008670806885,-0.1032327115535736,0.3825442492961883,0.2989633977413177,-0.4406847059726715,1.0371015071868896,-0.0341293402016162,0.2658805251121521,-0.6539269685745239,-0.0679441913962364,0.7289755940437317,0.4150844812393188,0.0939821302890777,0.7793418169021606,-0.2908057868480682,-0.6848353743553162,-0.1627069562673568,0.4638008773326874,-0.5895224809646606,0.6393943428993225,-0.0029510802123695,-0.5359312891960144,0.7100718021392822,0.655490517616272,0.3547017872333526,0.3587740361690521,-0.5897667407989502,0.1178450062870979,-0.1086761206388473,-0.1629100739955902,0.3958805501461029,0.2954218983650207,0.4053311049938202,0.0414086431264877,-0.8010706305503845,0.4483011364936828,1.3589962720870972,-0.0052117416635155,-0.092074379324913,0.3095720112323761,0.0476359650492668,-0.3680016994476318,0.1139998286962509,0.3104340732097626,-0.2435269206762313,0.2289800196886062,-0.2655230164527893,-0.3084410727024078,-0.1917210221290588,-0.1111677139997482,0.836298406124115,0.1016987338662147,-0.1079253777861595,-0.1257338672876358,-0.0497482158243656,-0.7834899425506592,-0.0943723171949386,-1.2535018920898438,-0.8204447031021118,-0.0228514838963747,0.079421080648899,0.1268144994974136,-0.0876045674085617,-1.0506716966629028,-0.3635828495025635,-0.3436509370803833,-0.780060350894928,-0.2888449728488922,0.2456021755933761,0.4450479447841644,-0.0233513191342353,-0.6451221704483032,-0.3198616802692413,0.4667545855045318,0.4408571124076843,0.2822818756103515,0.2906259596347809,-0.4739277958869934,-0.2051218152046203,-0.0680044218897819,0.5647624731063843,-0.0696877837181091,-0.4178608059883117,-9.239850997924805,0.4858905375003814,-0.6960218548774719,-0.0361793711781501,-0.2908546030521393,0.1097744330763816,0.7458534836769104,0.9021535515785216,-0.8397974967956543,0.8337070345878601,-0.4177514016628265,0.3903300762176513,0.6950947642326355,0.6229278445243835,-0.6647345423698425,0.0440518483519554,0.3326362371444702,-0.1166946589946746,0.6179511547088623,-0.1337971836328506,-0.4723475575447082,-0.8308966755867004,0.333613246679306,-0.35804483294487,-0.5387967228889465,0.3511967658996582,0.7182985544204712,0.211320474743843,-0.3411101400852203,0.7431811690330505,-0.708786129951477,0.2283969521522522,-0.0462522357702255,-0.4464648962020874,-0.3448687195777893,0.6354577541351318,0.4750964045524597,0.5005751252174377,-0.6288119554519653,-0.0984638035297393,-0.2708901166915893,0.7006009221076965,0.0804221704602241,0.0824451893568039,-0.1221666112542152,-0.0991153195500373,-0.1915300339460373,-0.0420115441083908,0.9884529113769532,-0.290996104478836,-0.0704822018742561,-0.7775848507881165,0.459912896156311,-0.9610315561294556,-0.3412564992904663,0.0553800277411937,-0.5966173410415649,-0.8167950510978699,-0.3448605835437774,0.1789460480213165,0.4906902015209198,0.3579187393188476,0.6264480352401733,0.1931654512882232,0.0191162060946226,0.154929056763649,0.4830325841903686,0.4936136901378631,-0.3643776178359985,-0.4921980798244476,-0.0711397528648376,0.0291632562875747,-0.4733636081218719,-0.1612384468317031,-0.1430217027664184,0.0011700104223564,-0.6814314723014832,-0.2017345577478408,0.7151430249214172,-0.0283666495233774,1.094463586807251,-0.1716654151678085,0.0287442691624164,-0.3106435239315033,0.1182713881134986,0.03754448518157,0.8500673770904541,0.6016170382499695,-0.007225947920233,-0.7786552309989929,0.437221348285675,0.5968304872512817,0.606789231300354,0.6270705461502075,0.1220488622784614,0.0347596146166324,0.8286532759666443,-0.122065931558609,0.8150589466094971,0.1964781284332275,0
0.2505481839179992,0.4489372670650482,0.1492974162101745,-0.5586414337158203,-0.0013604935957118,0.0918458104133606,0.3721223175525665,-0.0234025865793228,0.0832772254943847,-0.4972952902317047,0.922433853149414,0.0710767582058906,-0.3678937554359436,-0.0582557208836078,0.4592601954936981,0.0477102994918823,0.3026152551174164,-0.0985034108161926,-0.3389739096164703,-0.3084463775157928,-0.4294740259647369,-0.4628788530826568,0.0032123664859682,0.1254025250673294,0.4180895090103149,-0.4004127383232116,-0.0911752507090568,0.2276809960603714,-0.1435918509960174,-0.1566646099090576,-0.3757165074348449,-0.3744196891784668,-0.1879740059375763,-0.2184703797101974,-0.278684914112091,0.8278489112854004,0.1410537958145141,-0.2761842608451843,0.0495626181364059,-0.0305525045841932,-0.2750777900218963,-0.103702962398529,0.1346310377120971,-0.2775102853775024,-0.3408503830432892,0.5337256789207458,0.0850845575332641,0.2999982237815857,0.3017307221889496,-0.0298516284674406,-0.4111286401748657,0.4123713672161102,0.2305360287427902,-0.0554429590702056,-0.0002612370881251,-0.1306027173995971,-0.1068493500351905,-0.177051767706871,0.1526751071214676,-0.0106077278032898,-0.080419547855854,-0.2179279178380966,0.1381518840789795,-0.0645262748003006,-0.4898168444633484,-0.2554144263267517,0.0158404614776372,0.0089113507419824,-0.1771092265844345,-0.5936737656593323,-0.3995041847229004,0.2752134203910827,0.1364410668611526,-0.409847617149353,0.4420993030071258,-0.3259541392326355,0.3144108355045318,-0.1611713469028473,-0.1378859132528305,-0.1059435307979583,-0.2272272706031799,0.4182016253471374,-0.1328671723604202,-0.6189823150634766,0.1171788424253463,0.0059523768723011,0.1065851971507072,-0.4834829270839691,0.3780913650989532,-0.5386707186698914,-0.3544098436832428,0.272403359413147,0.5725651383399963,0.3448121547698974,-0.2858032286167145,0.0702245160937309,0.1583373248577118,-0.2321749329566955,-0.2503252625465393,-0.1264444589614868,0.5010859966278076,-0.3914403915405273,0.1215318441390991,-0.1627832204103469,-0.1635713726282119,0.1289453953504562,-0.4897728264331817,0.5729210376739502,-0.0315574333071708,-0.1191677451133728,-0.2018569260835647,-0.2577365636825561,-0.3563779592514038,0.4040128290653229,-0.2662290036678314,-0.1149513870477676,-0.1682388335466385,0.3997953832149505,-0.2984249293804168,0.1948220431804657,0.2346782982349395,0.2928614318370819,0.0676141455769538,0.1553054451942443,-0.0961431860923767,0.5456915497779846,-0.2279289662837982,-0.0558218955993652,0.0611917041242122,-0.2349888235330581,0.2706878185272217,0.0724034383893013,-0.3393912613391876,-0.1392006874084472,-0.5784204006195068,0.2526203095912933,-0.155659407377243,0.0599726513028144,-0.0823525488376617,-0.5838775634765625,0.047910239547491,-0.2668199837207794,0.2308844178915023,0.1897561997175216,0.0472326166927814,0.0304461829364299,0.4092461466789245,-0.2077170759439468,0.446753054857254,0.1353139877319336,-0.0519040711224079,0.783359169960022,-0.3722396194934845,-0.2989800870418548,-0.2798097133636474,0.042486522346735,-0.3434524536132812,0.0400078408420085,0.0653272718191146,0.4727227985858917,0.2746033072471618,-0.6966155767440796,0.0782220959663391,0.4430415630340576,0.2624966502189636,0.7815207242965698,0.1209591776132583,-0.0958712175488472,-0.0241772830486297,0.5504213571548462,0.2618978321552276,0.4256070256233215,0.1255105286836624,-0.5663151741027832,0.2344573885202407,0.5653722882270813,0.1362340450286865,0.1511902064085006,0.2922266721725464,-0.4613509178161621,0.1085969433188438,-0.4493367969989776,-0.2269296944141388,-0.4779540002346039,0.5775596499443054,-0.1593138724565506,-0.1407499462366104,0.0492161028087139,0.0404408201575279,0.0006456886767409,-0.5783886313438416,0.0301188584417104,0.5472155809402466,-0.4307481944561004,-0.0494826287031173,-0.1220207810401916,-0.0579941235482692,-0.3472139537334442,-0.1853754818439483,0.5233907103538513,-0.0871587991714477,0.2898628711700439,-0.2703546583652496,-0.2009024322032928,-1.124642014503479,-0.222978800535202,0.2935783565044403,0.4990005493164062,0.2641696035861969,0.1191057860851287,-0.4838886857032776,0.2278601378202438,0.4431247413158417,0.4852368533611297,0.0213789027184247,0.0502767190337181,-0.2780689299106598,0.179585114121437,0.3599025011062622,-0.5641339421272278,0.0423757135868072,-0.1109554767608642,0.0774233862757682,0.3421428501605987,-0.2297710478305816,-0.103759691119194,-0.0296202395111322,0.0609361641108989,-0.1472322195768356,0.7782184481620789,0.2733465433120727,-0.0964207574725151,-0.5749717950820923,-0.4450890123844147,-0.9197883009910583,0.2412146925926208,-0.1610824167728424,0.22455695271492,0.3092661798000335,0.297025203704834,0.2582457661628723,-0.2680031061172485,-0.1428358107805252,-0.2700835466384887,-0.2408133894205093,0.3363486230373382,0.1937740296125412,-0.1581805199384689,-0.5909778475761414,0.3315999209880829,-0.5108320713043213,-0.2683800160884857,0.6358513236045837,-0.1435994505882263,0.5744237899780273,0.1409382820129394,0.4897727072238922,-0.0853540748357772,-0.1874617785215377,-0.0955950766801834,0.0436156764626503,-0.4138393998146057,-0.1069721728563308,-0.2344851791858673,0.0109996134415268,0.1046502217650413,0.0584264323115348,-0.636326253414154,-0.0737071558833122,-0.3163428604602813,0.1024644523859024,-0.5688919425010681,-0.0704476460814476,0.230291873216629,-0.3569014072418213,0.250668466091156,-0.1041097939014434,0.3356075882911682,-0.2991388738155365,-0.0898166894912719,-1.0346769094467163,0.462022066116333,-0.7326732873916626,0.3542755842208862,0.1198809146881103,-0.1020419746637344,-0.0654364451766014,-0.1256033927202224,-0.1999105513095855,0.5118235349655151,0.1648826599121093,-0.2880998849868774,-0.5125777721405029,-0.0331790335476398,-0.1484315097332,0.0892459005117416,0.1570788919925689,-0.2203528583049774,0.0077931177802383,0.118221990764141,0.5483359098434448,0.1169387027621269,0.1514610946178436,-0.168676421046257,-0.3166066408157348,-0.8211398720741272,-0.174249917268753,0.1659409701824188,0.6097294688224792,-0.3898724913597107,-0.1515483856201172,1.065920114517212,-0.1712241768836975,-0.2753693759441376,0.2073781341314315,0.4925227761268616,-1.4006301164627075,0.1897653192281723,0.588225245475769,0.0082712536677718,0.0532373040914535,0.3261024951934814,0.305587887763977,0.3564168214797973,-0.5224007368087769,-0.0392370522022247,0.3144610822200775,0.3735979497432709,-0.0036170836538076,-0.3670718371868133,0.3963320851325989,-0.0700402110815048,0.0745707526803016,-0.612056314945221,-0.3191026151180267,0.4119139909744262,-0.0874440968036651,0.0874632224440574,-0.0170665271580219,-0.3100562393665313,0.0694663971662521,-0.2886847555637359,0.2692031264305115,-0.325777143239975,-0.2060827612876892,-0.2726702988147735,0.2635100781917572,0.449198842048645,0.661635160446167,0.5164912939071655,0.3551589548587799,0.2686977684497833,0.4473485052585602,0.3802987933158874,0.4603124260902405,0.3109914064407348,-0.1063156351447105,0.0195352584123611,0.5475675463676453,0.3219617009162903,0.2603946328163147,-0.0276618730276823,-0.2409785836935043,0.6404382586479187,-0.0342877991497516,0.4841922223567962,0.4391713440418243,0.6220520734786987,0.3925226628780365,0.2461102455854416,0.4162329435348511,-0.1992395222187042,-0.1421195566654205,-0.3447634279727936,0.2172411680221557,-0.2869605720043182,-0.159542977809906,-0.1537368595600128,0.2500409781932831,-0.1458094269037246,-0.51259446144104,0.1407272219657898,-0.4438359141349792,-0.0136881181970238,0.1929426491260528,-0.2214354574680328,-0.5873409509658813,-0.4135623872280121,-0.4071406424045563,-0.5993702411651611,0.487648457288742,0.2242782115936279,0.1675911098718643,-0.5403475761413574,0.1199017167091369,0.1179696023464202,0.1697641909122467,-0.1759710162878036,0.0114829167723655,-0.1525502800941467,0.0282090436667203,-0.1229961067438125,0.0094847762957215,-0.6527937650680542,-0.4276649355888366,-0.5186935663223267,-0.8451845645904541,-0.1182984411716461,0.1161651164293289,0.3922761380672455,-0.0325253829360008,0.1955144107341766,0.1770944148302078,0.2159095853567123,-0.2994886338710785,-0.1859803646802902,-0.8119920492172241,-0.0156768765300512,0.2146668434143066,0.2322666496038437,0.232969045639038,0.1962420046329498,0.1099632307887077,-0.0482075437903404,-0.2861345410346985,-0.012153910472989,-0.2400132715702057,-0.2711018323898315,0.9789894223213196,-0.2605230808258056,0.4552047252655029,-0.1963374316692352,0.1221195682883262,0.3167569637298584,-0.1554841697216034,-0.112817458808422,-0.0907303839921951,0.4706625342369079,-0.1368854939937591,-0.1007928028702735,0.0552294701337814,0.4654022455215454,-0.323762983083725,0.1653086394071579,-0.0653367415070533,0.1071037575602531,0.2053379118442535,-0.0762300416827201,-0.1510095745325088,-0.2405013442039489,0.1477335095405578,0.2341473698616027,0.2862294316291809,0.2517187595367431,0.2906464636325836,0.603635311126709,0.0465304367244243,0.2981800138950348,0.2586971819400787,0.7238072156906128,-0.2899322211742401,-0.2150292694568634,-0.4939345717430115,-0.0892949178814888,-0.4694490730762481,-0.1574169397354126,0.5626305937767029,-0.2203343510627746,0.2118527293205261,-0.1339785903692245,-0.6529372930526733,-0.0651318654417991,0.0051952362991869,0.0690673440694809,0.0703841000795364,0.3648920953273773,0.4399062097072601,-0.0126997204497456,-0.6327009201049805,0.5944579839706421,-0.3083150088787079,0.5145155787467957,0.3459455370903015,-0.5750617384910583,-0.2742610871791839,-0.0764722600579261,0.0789083093404769,0.0509687885642051,0.2437104284763336,0.5642279982566833,-0.3491406440734863,-1.0541503429412842,-0.1875897049903869,0.253937304019928,-0.1902288049459457,-0.4174838066101074,0.2181191146373748,0.1227318570017814,-0.9403929114341736,-0.6611847281455994,-0.3907082676887512,-0.2368012964725494,-0.0750048086047172,-0.9417609572410583,0.2107371240854263,0.0918762311339378,-0.0685869976878166,0.4357554912567138,0.0065562450326979,0.0523173697292804,0.2633278965950012,0.4124357998371124,0.32712522149086,-0.5278412699699402,-0.0882996395230293,0.1802866458892822,-0.0107608418911695,0.0757314711809158,0.4335595369338989,0.0022350514773279,0.1346089839935302,-0.0360789820551872,-0.6570267677307129,-0.1326983571052551,-0.3951635062694549,-0.8622023463249207,0.3906485438346863,-0.0485257804393768,0.2440661787986755,-0.4389907419681549,0.3586048185825348,-0.2363224476575851,0.0419668890535831,0.1436831504106521,0.0125273689627647,0.0706452205777168,-0.6102577447891235,0.3147449195384979,-0.4907277226448059,-0.4119032323360443,0.8037401437759399,0.6327239871025085,-0.277031272649765,0.0262137148529291,0.3444098234176636,0.0450162589550018,-0.3139759302139282,0.0423781313002109,-0.0282185282558202,-0.0554161630570888,-0.1430779546499252,0.2068943828344345,0.3075024485588074,0.0210439786314964,-0.2298358529806137,-0.2397428303956985,0.5746675133705139,0.4281243979930877,0.2773855924606323,-0.1015438437461853,-0.0849071964621543,-0.2149445414543151,-0.3835354745388031,0.1777462214231491,0.1371704339981079,0.6504777669906616,-0.1978227198123932,0.90113627910614,-0.1241719648241996,-0.3456954061985016,0.2918019294738769,0.6946764588356018,-0.100216694176197,0.2651370167732239,0.1185874417424202,0.1118910908699035,-0.889651358127594,0.1925767362117767,-0.256352037191391,0.2200701981782913,0.1242488473653793,0.4356253743171692,0.467876672744751,-0.6214590072631836,-0.260323166847229,-0.1672984957695007,0.1883513331413269,0.0608341209590435,0.5436148047447205,-0.025854293256998,0.0934903025627136,0.2462126761674881,-0.1927277445793151,-0.0298794582486152,0.1243695616722107,0.0780878812074661,0.8339083194732666,0.2224399149417877,0.0871190205216407,-0.2118162512779235,-0.8105356693267822,0.3458636999130249,-0.0689836740493774,0.018697315827012,0.4625156223773956,-0.282231330871582,0.1249693036079406,0.3071497082710266,0.6096946001052856,0.1468066424131393,-0.2993062138557434,-0.793890118598938,0.1002339199185371,-0.0204421188682317,-0.0992076396942138,0.2560797929763794,-0.0415349118411541,0.3648510277271271,0.203915536403656,-0.1634592562913894,0.0352919995784759,0.5447142124176025,-0.1733648031949997,0.0036587237846106,0.304246574640274,0.1871929317712783,-0.4307031333446502,0.0009281226666644,-0.2076293379068374,-0.4050754308700561,-0.4266373217105865,-0.2039306312799453,-0.2270745187997818,-0.0535288043320179,-0.1840565502643585,-0.0797881931066513,0.2254985123872757,0.1304506063461303,-0.1006392464041709,-0.3923006653785705,-0.3506778478622436,0.5158728361129761,-0.7764759063720703,-0.1357771307229995,-0.1237556636333465,0.0765950009226799,-0.1074878200888633,-0.0110861044377088,-0.3666615784168243,-0.1664658933877945,-0.1050653979182243,0.1489000916481018,0.0398935228586196,-0.416027158498764,0.2048544883728027,0.2299579083919525,-0.1175116971135139,-0.788458526134491,0.1993530094623565,-0.0932439640164375,0.6569687724113464,-0.1900956332683563,0.2818269431591034,-0.2750597894191742,0.2358642965555191,-0.3131818175315857,-0.1302007734775543,0.0328198932111263,-10.583672523498535,-0.0490938015282154,-0.445158988237381,-0.1263294517993927,-0.4172158241271972,0.4067028164863586,0.6914451718330383,0.2893685698509216,-0.4186541438102722,0.0356551110744476,0.3733002245426178,0.3360385596752167,0.267772227525711,0.3577016592025757,-0.6444789171218872,-0.2057143747806549,0.1316499561071396,-0.0891802087426185,-0.1396465450525283,-0.2161887139081955,0.2653757333755493,-0.0017534146318212,0.2895424365997314,0.6346953511238098,0.0794324725866317,-0.5257126092910767,-0.4686369895935058,0.2963267862796783,0.0342756062746048,0.2951556444168091,-0.3470078706741333,0.142052948474884,0.0479567125439643,0.319089412689209,-0.3116777241230011,-0.2718498408794403,-0.1247318685054779,0.3276664912700653,0.1142612621188163,0.191989004611969,0.2599020004272461,0.657625675201416,0.285983681678772,0.0854373276233673,0.2722641825675964,0.4464370608329773,0.5172173380851746,0.294055163860321,0.6834058165550232,-0.0487478226423263,0.0203231442719697,0.3268148303031921,-0.1709272563457489,-0.1003255695104599,0.3273875713348388,0.0490538142621517,0.7690467834472656,-0.6563530564308167,-0.44570192694664,0.073697306215763,-0.0454915389418602,0.0713259354233741,0.9178944230079652,0.5181217193603516,0.0308233760297298,-0.0776502043008804,0.312881737947464,0.4847948849201202,-0.5009794235229492,-0.2229619175195694,-0.0355613268911838,0.2150739580392837,0.0117330383509397,-0.0769709050655365,-0.5127115845680237,0.275899589061737,-0.004084981046617,-0.2585968971252441,0.3279469013214111,0.2067940235137939,0.1488009393215179,0.2203200012445449,0.015926444903016,0.1426022797822952,-0.5167419910430908,0.1087146177887916,-0.2099006623029709,0.1725313067436218,0.0848772972822189,-0.4644400477409363,-0.07003665715456,-0.2248544692993164,-0.0309130512177944,0.7703751921653748,0.4164022207260132,-0.0329809635877609,-0.0987273156642913,0.102551057934761,0.5012519955635071,0.0252322237938642,0
0.2505481839179992,0.4489372670650482,0.1492974162101745,-0.5586414337158203,-0.0013604935957118,0.0918458104133606,0.3721223175525665,-0.0234025865793228,0.0832772254943847,-0.4972952902317047,0.922433853149414,0.0710767582058906,-0.3678937554359436,-0.0582557208836078,0.4592601954936981,0.0477102994918823,0.3026152551174164,-0.0985034108161926,-0.3389739096164703,-0.3084463775157928,-0.4294740259647369,-0.4628788530826568,0.0032123664859682,0.1254025250673294,0.4180895090103149,-0.4004127383232116,-0.0911752507090568,0.2276809960603714,-0.1435918509960174,-0.1566646099090576,-0.3757165074348449,-0.3744196891784668,-0.1879740059375763,-0.2184703797101974,-0.278684914112091,0.8278489112854004,0.1410537958145141,-0.2761842608451843,0.0495626181364059,-0.0305525045841932,-0.2750777900218963,-0.103702962398529,0.1346310377120971,-0.2775102853775024,-0.3408503830432892,0.5337256789207458,0.0850845575332641,0.2999982237815857,0.3017307221889496,-0.0298516284674406,-0.4111286401748657,0.4123713672161102,0.2305360287427902,-0.0554429590702056,-0.0002612370881251,-0.1306027173995971,-0.1068493500351905,-0.177051767706871,0.1526751071214676,-0.0106077278032898,-0.080419547855854,-0.2179279178380966,0.1381518840789795,-0.0645262748003006,-0.4898168444633484,-0.2554144263267517,0.0158404614776372,0.0089113507419824,-0.1771092265844345,-0.5936737656593323,-0.3995041847229004,0.2752134203910827,0.1364410668611526,-0.409847617149353,0.4420993030071258,-0.3259541392326355,0.3144108355045318,-0.1611713469028473,-0.1378859132528305,-0.1059435307979583,-0.2272272706031799,0.4182016253471374,-0.1328671723604202,-0.6189823150634766,0.1171788424253463,0.0059523768723011,0.1065851971507072,-0.4834829270839691,0.3780913650989532,-0.5386707186698914,-0.3544098436832428,0.272403359413147,0.5725651383399963,0.3448121547698974,-0.2858032286167145,0.0702245160937309,0.1583373248577118,-0.2321749329566955,-0.2503252625465393,-0.1264444589614868,0.5010859966278076,-0.3914403915405273,0.1215318441390991,-0.1627832204103469,-0.1635713726282119,0.1289453953504562,-0.4897728264331817,0.5729210376739502,-0.0315574333071708,-0.1191677451133728,-0.2018569260835647,-0.2577365636825561,-0.3563779592514038,0.4040128290653229,-0.2662290036678314,-0.1149513870477676,-0.1682388335466385,0.3997953832149505,-0.2984249293804168,0.1948220431804657,0.2346782982349395,0.2928614318370819,0.0676141455769538,0.1553054451942443,-0.0961431860923767,0.5456915497779846,-0.2279289662837982,-0.0558218955993652,0.0611917041242122,-0.2349888235330581,0.2706878185272217,0.0724034383893013,-0.3393912613391876,-0.1392006874084472,-0.5784204006195068,0.2526203095912933,-0.155659407377243,0.0599726513028144,-0.0823525488376617,-0.5838775634765625,0.047910239547491,-0.2668199837207794,0.2308844178915023,0.1897561997175216,0.0472326166927814,0.0304461829364299,0.4092461466789245,-0.2077170759439468,0.446753054857254,0.1353139877319336,-0.0519040711224079,0.783359169960022,-0.3722396194934845,-0.2989800870418548,-0.2798097133636474,0.042486522346735,-0.3434524536132812,0.0400078408420085,0.0653272718191146,0.4727227985858917,0.2746033072471618,-0.6966155767440796,0.0782220959663391,0.4430415630340576,0.2624966502189636,0.7815207242965698,0.1209591776132583,-0.0958712175488472,-0.0241772830486297,0.5504213571548462,0.2618978321552276,0.4256070256233215,0.1255105286836624,-0.5663151741027832,0.2344573885202407,0.5653722882270813,0.1362340450286865,0.1511902064085006,0.2922266721725464,-0.4613509178161621,0.1085969433188438,-0.4493367969989776,-0.2269296944141388,-0.4779540002346039,0.5775596499443054,-0.1593138724565506,-0.1407499462366104,0.0492161028087139,0.0404408201575279,0.0006456886767409,-0.5783886313438416,0.0301188584417104,0.5472155809402466,-0.4307481944561004,-0.0494826287031173,-0.1220207810401916,-0.0579941235482692,-0.3472139537334442,-0.1853754818439483,0.5233907103538513,-0.0871587991714477,0.2898628711700439,-0.2703546583652496,-0.2009024322032928,-1.124642014503479,-0.222978800535202,0.2935783565044403,0.4990005493164062,0.2641696035861969,0.1191057860851287,-0.4838886857032776,0.2278601378202438,0.4431247413158417,0.4852368533611297,0.0213789027184247,0.0502767190337181,-0.2780689299106598,0.179585114121437,0.3599025011062622,-0.5641339421272278,0.0423757135868072,-0.1109554767608642,0.0774233862757682,0.3421428501605987,-0.2297710478305816,-0.103759691119194,-0.0296202395111322,0.0609361641108989,-0.1472322195768356,0.7782184481620789,0.2733465433120727,-0.0964207574725151,-0.5749717950820923,-0.4450890123844147,-0.9197883009910583,0.2412146925926208,-0.1610824167728424,0.22455695271492,0.3092661798000335,0.297025203704834,0.2582457661628723,-0.2680031061172485,-0.1428358107805252,-0.2700835466384887,-0.2408133894205093,0.3363486230373382,0.1937740296125412,-0.1581805199384689,-0.5909778475761414,0.3315999209880829,-0.5108320713043213,-0.2683800160884857,0.6358513236045837,-0.1435994505882263,0.5744237899780273,0.1409382820129394,0.4897727072238922,-0.0853540748357772,-0.1874617785215377,-0.0955950766801834,0.0436156764626503,-0.4138393998146057,-0.1069721728563308,-0.2344851791858673,0.0109996134415268,0.1046502217650413,0.0584264323115348,-0.636326253414154,-0.0737071558833122,-0.3163428604602813,0.1024644523859024,-0.5688919425010681,-0.0704476460814476,0.230291873216629,-0.3569014072418213,0.250668466091156,-0.1041097939014434,0.3356075882911682,-0.2991388738155365,-0.0898166894912719,-1.0346769094467163,0.462022066116333,-0.7326732873916626,0.3542755842208862,0.1198809146881103,-0.1020419746637344,-0.0654364451766014,-0.1256033927202224,-0.1999105513095855,0.5118235349655151,0.1648826599121093,-0.2880998849868774,-0.5125777721405029,-0.0331790335476398,-0.1484315097332,0.0892459005117416,0.1570788919925689,-0.2203528583049774,0.0077931177802383,0.118221990764141,0.5483359098434448,0.1169387027621269,0.1514610946178436,-0.168676421046257,-0.3166066408157348,-0.8211398720741272,-0.174249917268753,0.1659409701824188,0.6097294688224792,-0.3898724913597107,-0.1515483856201172,1.065920114517212,-0.1712241768836975,-0.2753693759441376,0.2073781341314315,0.4925227761268616,-1.4006301164627075,0.1897653192281723,0.588225245475769,0.0082712536677718,0.0532373040914535,0.3261024951934814,0.305587887763977,0.3564168214797973,-0.5224007368087769,-0.0392370522022247,0.3144610822200775,0.3735979497432709,-0.0036170836538076,-0.3670718371868133,0.3963320851325989,-0.0700402110815048,0.0745707526803016,-0.612056314945221,-0.3191026151180267,0.4119139909744262,-0.0874440968036651,0.0874632224440574,-0.0170665271580219,-0.3100562393665313,0.0694663971662521,-0.2886847555637359,0.2692031264305115,-0.325777143239975,-0.2060827612876892,-0.2726702988147735,0.2635100781917572,0.449198842048645,0.661635160446167,0.5164912939071655,0.3551589548587799,0.2686977684497833,0.4473485052585602,0.3802987933158874,0.4603124260902405,0.3109914064407348,-0.1063156351447105,0.0195352584123611,0.5475675463676453,0.3219617009162903,0.2603946328163147,-0.0276618730276823,-0.2409785836935043,0.6404382586479187,-0.0342877991497516,0.4841922223567962,0.4391713440418243,0.6220520734786987,0.3925226628780365,0.2461102455854416,0.4162329435348511,-0.1992395222187042,-0.1421195566654205,-0.3447634279727936,0.2172411680221557,-0.2869605720043182,-0.159542977809906,-0.1537368595600128,0.2500409781932831,-0.1458094269037246,-0.51259446144104,0.1407272219657898,-0.4438359141349792,-0.0136881181970238,0.1929426491260528,-0.2214354574680328,-0.5873409509658813,-0.4135623872280121,-0.4071406424045563,-0.5993702411651611,0.487648457288742,0.2242782115936279,0.1675911098718643,-0.5403475761413574,0.1199017167091369,0.1179696023464202,0.1697641909122467,-0.1759710162878036,0.0114829167723655,-0.1525502800941467,0.0282090436667203,-0.1229961067438125,0.0094847762957215,-0.6527937650680542,-0.4276649355888366,-0.5186935663223267,-0.8451845645904541,-0.1182984411716461,0.1161651164293289,0.3922761380672455,-0.0325253829360008,0.1955144107341766,0.1770944148302078,0.2159095853567123,-0.2994886338710785,-0.1859803646802902,-0.8119920492172241,-0.0156768765300512,0.2146668434143066,0.2322666496038437,0.232969045639038,0.1962420046329498,0.1099632307887077,-0.0482075437903404,-0.2861345410346985,-0.012153910472989,-0.2400132715702057,-0.2711018323898315,0.9789894223213196,-0.2605230808258056,0.4552047252655029,-0.1963374316692352,0.1221195682883262,0.3167569637298584,-0.1554841697216034,-0.112817458808422,-0.0907303839921951,0.4706625342369079,-0.1368854939937591,-0.1007928028702735,0.0552294701337814,0.4654022455215454,-0.323762983083725,0.1653086394071579,-0.0653367415070533,0.1071037575602531,0.2053379118442535,-0.0762300416827201,-0.1510095745325088,-0.2405013442039489,0.1477335095405578,0.2341473698616027,0.2862294316291809,0.2517187595367431,0.2906464636325836,0.603635311126709,0.0465304367244243,0.2981800138950348,0.2586971819400787,0.7238072156906128,-0.2899322211742401,-0.2150292694568634,-0.4939345717430115,-0.0892949178814888,-0.4694490730762481,-0.1574169397354126,0.5626305937767029,-0.2203343510627746,0.2118527293205261,-0.1339785903692245,-0.6529372930526733,-0.0651318654417991,0.0051952362991869,0.0690673440694809,0.0703841000795364,0.3648920953273773,0.4399062097072601,-0.0126997204497456,-0.6327009201049805,0.5944579839706421,-0.3083150088787079,0.5145155787467957,0.3459455370903015,-0.5750617384910583,-0.2742610871791839,-0.0764722600579261,0.0789083093404769,0.0509687885642051,0.2437104284763336,0.5642279982566833,-0.3491406440734863,-1.0541503429412842,-0.1875897049903869,0.253937304019928,-0.1902288049459457,-0.4174838066101074,0.2181191146373748,0.1227318570017814,-0.9403929114341736,-0.6611847281455994,-0.3907082676887512,-0.2368012964725494,-0.0750048086047172,-0.9417609572410583,0.2107371240854263,0.0918762311339378,-0.0685869976878166,0.4357554912567138,0.0065562450326979,0.0523173697292804,0.2633278965950012,0.4124357998371124,0.32712522149086,-0.5278412699699402,-0.0882996395230293,0.1802866458892822,-0.0107608418911695,0.0757314711809158,0.4335595369338989,0.0022350514773279,0.1346089839935302,-0.0360789820551872,-0.6570267677307129,-0.1326983571052551,-0.3951635062694549,-0.8622023463249207,0.3906485438346863,-0.0485257804393768,0.2440661787986755,-0.4389907419681549,0.3586048185825348,-0.2363224476575851,0.0419668890535831,0.1436831504106521,0.0125273689627647,0.0706452205777168,-0.6102577447891235,0.3147449195384979,-0.4907277226448059,-0.4119032323360443,0.8037401437759399,0.6327239871025085,-0.277031272649765,0.0262137148529291,0.3444098234176636,0.0450162589550018,-0.3139759302139282,0.0423781313002109,-0.0282185282558202,-0.0554161630570888,-0.1430779546499252,0.2068943828344345,0.3075024485588074,0.0210439786314964,-0.2298358529806137,-0.2397428303956985,0.5746675133705139,0.4281243979930877,0.2773855924606323,-0.1015438437461853,-0.0849071964621543,-0.2149445414543151,-0.3835354745388031,0.1777462214231491,0.1371704339981079,0.6504777669906616,-0.1978227198123932,0.90113627910614,-0.1241719648241996,-0.3456954061985016,0.2918019294738769,0.6946764588356018,-0.100216694176197,0.2651370167732239,0.1185874417424202,0.1118910908699035,-0.889651358127594,0.1925767362117767,-0.256352037191391,0.2200701981782913,0.1242488473653793,0.4356253743171692,0.467876672744751,-0.6214590072631836,-0.260323166847229,-0.1672984957695007,0.1883513331413269,0.0608341209590435,0.5436148047447205,-0.025854293256998,0.0934903025627136,0.2462126761674881,-0.1927277445793151,-0.0298794582486152,0.1243695616722107,0.0780878812074661,0.8339083194732666,0.2224399149417877,0.0871190205216407,-0.2118162512779235,-0.8105356693267822,0.3458636999130249,-0.0689836740493774,0.018697315827012,0.4625156223773956,-0.282231330871582,0.1249693036079406,0.3071497082710266,0.6096946001052856,0.1468066424131393,-0.2993062138557434,-0.793890118598938,0.1002339199185371,-0.0204421188682317,-0.0992076396942138,0.2560797929763794,-0.0415349118411541,0.3648510277271271,0.203915536403656,-0.1634592562913894,0.0352919995784759,0.5447142124176025,-0.1733648031949997,0.0036587237846106,0.304246574640274,0.1871929317712783,-0.4307031333446502,0.0009281226666644,-0.2076293379068374,-0.4050754308700561,-0.4266373217105865,-0.2039306312799453,-0.2270745187997818,-0.0535288043320179,-0.1840565502643585,-0.0797881931066513,0.2254985123872757,0.1304506063461303,-0.1006392464041709,-0.3923006653785705,-0.3506778478622436,0.5158728361129761,-0.7764759063720703,-0.1357771307229995,-0.1237556636333465,0.0765950009226799,-0.1074878200888633,-0.0110861044377088,-0.3666615784168243,-0.1664658933877945,-0.1050653979182243,0.1489000916481018,0.0398935228586196,-0.416027158498764,0.2048544883728027,0.2299579083919525,-0.1175116971135139,-0.788458526134491,0.1993530094623565,-0.0932439640164375,0.6569687724113464,-0.1900956332683563,0.2818269431591034,-0.2750597894191742,0.2358642965555191,-0.3131818175315857,-0.1302007734775543,0.0328198932111263,-10.583672523498535,-0.0490938015282154,-0.445158988237381,-0.1263294517993927,-0.4172158241271972,0.4067028164863586,0.6914451718330383,0.2893685698509216,-0.4186541438102722,0.0356551110744476,0.3733002245426178,0.3360385596752167,0.267772227525711,0.3577016592025757,-0.6444789171218872,-0.2057143747806549,0.1316499561071396,-0.0891802087426185,-0.1396465450525283,-0.2161887139081955,0.2653757333755493,-0.0017534146318212,0.2895424365997314,0.6346953511238098,0.0794324725866317,-0.5257126092910767,-0.4686369895935058,0.2963267862796783,0.0342756062746048,0.2951556444168091,-0.3470078706741333,0.142052948474884,0.0479567125439643,0.319089412689209,-0.3116777241230011,-0.2718498408794403,-0.1247318685054779,0.3276664912700653,0.1142612621188163,0.191989004611969,0.2599020004272461,0.657625675201416,0.285983681678772,0.0854373276233673,0.2722641825675964,0.4464370608329773,0.5172173380851746,0.294055163860321,0.6834058165550232,-0.0487478226423263,0.0203231442719697,0.3268148303031921,-0.1709272563457489,-0.1003255695104599,0.3273875713348388,0.0490538142621517,0.7690467834472656,-0.6563530564308167,-0.44570192694664,0.073697306215763,-0.0454915389418602,0.0713259354233741,0.9178944230079652,0.5181217193603516,0.0308233760297298,-0.0776502043008804,0.312881737947464,0.4847948849201202,-0.5009794235229492,-0.2229619175195694,-0.0355613268911838,0.2150739580392837,0.0117330383509397,-0.0769709050655365,-0.5127115845680237,0.275899589061737,-0.004084981046617,-0.2585968971252441,0.3279469013214111,0.2067940235137939,0.1488009393215179,0.2203200012445449,0.015926444903016,0.1426022797822952,-0.5167419910430908,0.1087146177887916,-0.2099006623029709,0.1725313067436218,0.0848772972822189,-0.4644400477409363,-0.07003665715456,-0.2248544692993164,-0.0309130512177944,0.7703751921653748,0.4164022207260132,-0.0329809635877609,-0.0987273156642913,0.102551057934761,0.5012519955635071,0.0252322237938642,1
0.7867145538330078,0.0708349272608757,0.742893397808075,-0.1838691085577011,0.1011911258101463,0.2392100542783737,0.1923132240772247,0.2130631059408188,-0.3269410729408264,-0.0891355201601982,0.746151864528656,-0.4699705839157104,-0.3176074624061584,-0.0209833998233079,0.2547239363193512,-0.2693190574645996,0.118726298213005,-0.1646081060171127,-0.1753565967082977,-0.4720112085342407,-0.911198914051056,-0.3484183251857757,-0.2336014956235885,0.4054262042045593,0.1208108365535736,-0.6871124505996704,0.1998245269060135,0.0655777156352996,0.3151849210262298,-0.4275963008403778,-0.4248006641864776,-0.2068347930908203,-0.1021264120936393,-0.1935146450996399,-0.5420680642127991,0.3193194568157196,0.2704769372940063,-0.5580419898033142,0.2905867993831634,0.1411934942007064,0.286115825176239,-0.5992151498794556,-0.4335915148258209,-0.1251053363084793,-0.2856943309307098,0.2833120226860046,0.0016067487886175,-0.0081587750464677,-0.1917414665222168,0.1153637617826461,-0.4507743418216705,0.4625769555568695,0.2477190792560577,0.2116083651781082,-0.0117613011971116,-0.1962929219007492,0.5633139610290527,-0.5857250094413757,0.3440095484256744,-0.0379705391824245,-0.1354264169931411,-0.0096352472901344,0.4313397109508514,0.1513674408197403,-0.0747178196907043,-0.442377358675003,0.0142631446942687,-0.2476664036512375,0.0865586623549461,-0.181779608130455,0.1979971826076507,0.4168930053710937,-0.225948616862297,-0.5069829821586609,0.4392899572849273,-0.4065687358379364,0.0799621418118476,0.5694052577018738,0.2505086064338684,0.1232812404632568,-0.2342156767845153,0.4308616518974304,0.3337282240390777,-1.049006104469299,-0.0953195244073867,0.6748930811882019,-0.5405322909355164,-0.973404049873352,0.2239858508110046,-0.1637958735227584,0.1225029453635215,-0.0006660738145001,0.0842236429452896,0.555625855922699,0.2164641618728637,-0.0850918963551521,0.1721726506948471,-0.0853357315063476,-0.1753840446472168,0.019828351214528,-0.0060572708025574,0.649299681186676,0.3868525922298431,-0.2103165537118911,0.0275844950228929,-0.0069196573458611,-0.4675975143909454,0.1809847801923751,-0.1081095412373542,0.256448894739151,-0.2815978229045868,-0.6744349002838135,-0.7941291928291321,-0.3054988086223602,0.3202062249183655,0.1177051216363906,-0.4827282726764679,0.5573588609695435,-0.3808158636093139,0.7893625497817993,0.1537065804004669,0.0135673442855477,0.2884730398654938,-0.5348156690597534,-0.2561828792095184,0.6619635224342346,-0.0410815849900245,0.1901703029870987,-0.0020437880884855,0.1049129068851471,-0.4388051927089691,-0.6097515821456909,-0.4100975096225738,-0.1050836369395256,-0.339493840932846,0.5588281750679016,-0.0101566230878233,-0.1728275269269943,-0.2831816077232361,-0.4435604214668274,-0.2787855863571167,-0.0090914629399776,0.3269920945167541,-0.2441711574792862,-0.0855772569775581,0.2058939933776855,-0.239526554942131,-0.7222209572792053,0.0762970745563507,0.244294986128807,-0.0723672807216644,0.8207871913909912,-0.7421607971191406,0.1113266199827194,0.0707470998167991,0.3743141293525696,-0.5620604753494263,-0.1206672638654708,0.0424097590148448,0.1892085522413253,0.1680011600255966,-0.4175454378128052,0.0263867918401956,1.1678292751312256,0.4886824190616607,0.6675014495849609,0.1892476081848144,0.1243494600057601,-0.3463293612003326,1.0126423835754397,0.3886906206607818,-0.1347672790288925,-0.0364661701023578,-0.2684782147407532,-0.2270053178071975,0.2461842149496078,0.7007574439048767,0.2092982083559036,0.0551032163202762,-0.3221490085124969,0.0303785298019647,-0.1289931684732437,0.2473182827234268,-0.6812049746513367,0.3266906440258026,-0.0049880915321409,0.0222484208643436,0.1812639385461807,-0.0156607124954462,0.0116939190775156,-0.0434721857309341,-0.5908963084220886,0.2351284176111221,0.1040264591574668,-0.2904166877269745,-0.2520527243614197,-0.1166572943329811,0.1683895587921142,-0.5054659843444824,0.7311071157455444,-0.0875383988022804,-0.0520121939480304,-0.1950419694185257,-0.7629533410072327,-0.9581972360610962,-0.1446371078491211,0.2345387786626815,0.9014295339584352,0.4078212082386017,0.6297563314437866,-0.4107007980346679,-0.0121088838204741,0.074426993727684,0.4308149218559265,0.6970040798187256,0.5146234035491943,-0.3770841360092163,-0.8354176878929138,0.6880303025245667,-0.3194916248321533,0.0711719840764999,-0.1090176030993461,0.4695009887218475,-0.0505524761974811,0.1773953884840011,0.176179900765419,0.5706157684326172,0.0172787699848413,-0.5293285846710205,0.6128889322280884,-0.5870900750160217,-0.7013711333274841,-0.650608241558075,0.1065723001956939,-0.8748494386672974,-0.3048478960990906,-0.017015827819705,0.3616439998149872,-0.2669620811939239,0.4073687493801117,0.1168466806411743,-0.4032041728496551,0.2622803449630737,-0.8026021122932434,0.1716596931219101,0.3988494873046875,-0.2462335973978042,0.0328189507126808,0.0833067372441291,0.4262923896312713,-0.3853625059127807,-0.3274657726287842,-0.3033361136913299,-0.4361858665943146,0.6585824489593506,0.1540664136409759,0.5070618391036987,-0.1957564353942871,0.5581788420677185,-0.6439541578292847,-0.1431386023759842,-0.5079178810119629,-0.0754758194088935,0.2681684792041778,0.0673800930380821,0.1013691872358322,0.2607496082782745,-0.0047584250569343,-0.2044828534126281,-0.4275454580783844,0.1867600530385971,-0.1469260603189468,-0.261572390794754,0.0870727375149726,-0.0983484983444213,0.120090328156948,-0.2587153911590576,0.5614445805549622,-0.3469077050685882,0.3717933893203735,-0.1987410932779312,0.4716575443744659,-0.4950082898139953,-0.2135708034038543,0.1298293173313141,-0.1679901629686355,-0.7254625558853149,0.136007472872734,-0.4956276416778564,0.7112587094306946,0.3246582746505737,-0.6437545418739319,-0.661221981048584,0.0075717116706073,-0.2565708756446838,-0.1094778105616569,0.0973891392350196,0.0141657162457704,0.5288934707641602,-0.2003094255924224,0.4805301129817962,0.237599566578865,0.5381987690925598,-0.124152772128582,0.1200235486030578,-0.4060524404048919,-0.0036058844998478,0.3620941638946533,0.4942193329334259,-0.015687059611082,0.2780960202217102,0.6448803544044495,-0.0793284103274345,0.4855852127075195,0.2900719940662384,0.604702889919281,-1.9486045837402344,-0.6136404871940613,0.4680359959602356,-0.2084487825632095,-0.3929048180580139,0.1378044039011001,0.2854048311710357,0.1845850944519043,-0.2273610383272171,-0.698093593120575,1.1570940017700195,0.3653018772602081,-0.1664785593748092,0.0456408113241195,0.4505418837070465,-0.1291229873895645,-0.0482037886977195,-0.9379285573959352,0.4552870094776153,0.7139964699745178,0.0319093838334083,-0.5190733671188354,-0.299164354801178,-0.4727130234241485,-0.2011853158473968,0.2588784098625183,-0.4195295572280884,0.1730094701051712,-0.7935397624969482,-0.1287556737661361,0.0034102678764611,1.132369041442871,0.6842933297157288,0.7060613036155701,-0.6035739183425903,-0.1532079875469207,-0.3311269879341125,0.1575557589530944,-0.0415466278791427,-0.2444469630718231,0.0901303514838218,-0.432672381401062,0.0630003660917282,-0.1784032136201858,0.0859770700335502,0.0211934242397546,0.0395099967718124,0.5363450050354004,-0.5915959477424622,0.2900856137275696,0.5916993618011475,-0.1293477714061737,0.297405332326889,0.2670274376869201,0.8876358866691589,0.0820816829800605,0.179935410618782,-0.7895864248275757,0.049771100282669,-0.3302003443241119,-0.0763139203190803,-0.1491705179214477,-0.0581076890230178,0.6235506534576416,-0.3177649676799774,-0.0110785504803061,-0.0975172370672226,-0.382246732711792,0.1637555658817291,-0.3304032683372497,-0.2539927959442138,-0.1462448686361313,0.1670363843441009,-0.4310989379882812,0.5967812538146973,0.444889634847641,0.4733264148235321,0.0224231593310832,-0.2643353939056396,0.4162861108779907,-0.1178639605641365,0.3723043203353882,0.1648788154125213,0.4629753828048706,-0.4953939914703369,-0.1047522947192192,-0.149253562092781,-0.5999587774276733,-0.4272370934486389,-0.0219944939017295,-0.8272181153297424,-0.1670113503932953,-0.2919632196426391,0.6536985635757446,-0.1041442602872848,-0.4664764106273651,0.4502754509449005,0.1886263489723205,-0.6232830882072449,-0.598511815071106,-0.3798168003559112,0.5324031710624695,-0.3095170259475708,0.3824144303798675,0.5041793584823608,0.4456467032432556,0.0598533526062965,-0.093937799334526,-0.0858146548271179,-0.328860193490982,-0.4893925786018371,-0.33736452460289,0.8164399266242981,-0.1996804624795913,-0.0874824225902557,-0.1796621978282928,0.1207812428474426,0.9838067293167114,-0.2461814433336258,-0.706167995929718,0.184776484966278,0.2787455916404724,-0.0908841267228126,0.6497904658317566,0.4030901789665222,0.9488667249679564,0.2290819734334945,-0.0304198693484067,-0.3102377951145172,-0.0430306196212768,0.0252798795700073,-0.2755571901798248,-0.012264285236597,0.0114261703565716,0.6224654912948608,0.7527875900268555,0.2857550084590912,0.5345831513404846,0.4288434386253357,0.1180370971560478,-0.5089569687843323,0.3326673805713653,-0.0716354697942733,0.1971228122711181,-0.063369907438755,0.432701975107193,-0.371223509311676,-0.0299541018903255,-0.1156221255660057,-0.4708086848258972,0.541847825050354,-0.1694121956825256,0.4195210933685303,-0.442405492067337,-0.4311137795448303,-0.6673926711082458,-0.5927627682685852,0.2937128841876983,-0.254387766122818,-0.1351501792669296,0.3849182426929474,-0.2619296014308929,-0.7117601633071899,0.0597695671021938,0.5861673355102539,0.7700503468513489,-0.0132831567898392,-0.6066745519638062,-0.1960651129484176,0.6873921751976013,-0.547984778881073,-0.5400975346565247,0.4154466986656189,0.1076263710856437,-0.1662546545267105,-1.2700328826904297,-0.5140187740325928,0.0381118841469287,0.2047514766454696,0.0872189998626709,0.3042427599430084,0.313170462846756,-0.7684974074363708,-0.0522592365741729,-0.2107192426919937,-0.4208403527736664,-0.0082399751991033,-0.6725155711174011,-0.0168707463890314,-0.0056731821969151,-0.0502896383404731,0.3623483777046203,0.4671494662761688,-0.5879364013671875,-0.5686380863189697,0.6638633608818054,0.0826817974448204,-0.0766754001379013,0.1549256592988968,-0.0659083724021911,-0.0700471103191375,-0.0809440687298774,0.2502497732639313,0.0181322004646062,-0.0143737588077783,-0.1956687569618225,-0.9357731342315674,-0.3335310220718384,-0.0495368614792823,-0.5991264581680298,0.2720220685005188,0.4337344765663147,0.3985464572906494,-0.5557474493980408,-0.2119863927364349,-0.0220101401209831,0.1050223112106323,-0.0233714487403631,0.2616032660007477,-0.2120182663202285,-0.7458323836326599,0.3161114454269409,-0.0066794292069971,-0.6431190967559814,0.9986083507537842,0.4705783128738403,-0.4478468000888824,0.2538035809993744,0.5429999828338623,-0.075812354683876,-0.0241908878087997,-0.1497900038957595,-0.1301266849040985,0.4301778972148895,0.5897316932678223,-0.0673604309558868,0.4001072347164154,0.54787278175354,-0.5966002345085144,0.2296280264854431,0.3668725788593292,0.4745544493198395,0.3966063261032104,0.2037197351455688,-0.2617100179195404,-0.6149609088897705,-0.4631447792053222,0.5094165205955505,0.0765738114714622,0.4165362119674682,-0.6902557015419006,0.5529535412788391,0.6345256567001343,-0.4805977344512939,0.2621365487575531,0.7586119174957275,0.3902497291564941,0.6201915740966797,0.0615557804703712,-0.0530609637498855,-0.8092895150184631,0.2745731174945831,0.2870551645755768,0.2036870270967483,-0.463621586561203,0.1886362582445144,0.2509280145168304,-0.1919727176427841,0.6649855971336365,0.0093972347676754,0.1728203147649765,-0.2495463490486145,0.0424697063863277,-0.3905650079250335,1.095055341720581,0.1733011454343795,0.0476333647966384,-0.0253128428012132,0.0183791108429431,0.7762298583984375,0.9556653499603271,0.0234649702906608,0.5158916711807251,-0.4353120625019073,-0.8015168309211731,0.198608323931694,-0.0879543423652648,0.1093062981963157,0.3635066151618957,-0.7275462746620178,-0.6553463339805603,0.4987103939056396,0.5516265034675598,0.0049676499329507,-0.4832227826118469,-0.6145856380462646,0.2443915605545044,-0.3449739217758178,0.1444388031959533,-0.068714939057827,0.3258285820484161,0.4650343954563141,-0.1741984039545059,0.1132619380950927,0.1343716830015182,0.9526219367980956,0.1169881522655487,-0.117631010711193,0.0568449087440967,-0.0661344826221466,-0.1289691030979156,0.3504373431205749,0.4047816395759582,-0.1433710008859634,-0.3543340861797333,0.3738506138324737,-0.375341534614563,0.053299032151699,-0.2983351945877075,0.0710311606526374,-0.0395378246903419,-0.3438209593296051,0.3279116153717041,-0.3511159121990204,0.1414878219366073,-0.0454248748719692,-0.6893982887268066,-0.2800306677818298,0.2413385510444641,0.1046139150857925,-0.23984195291996,-0.0424303598701953,-0.4170655608177185,-0.3412121534347534,-0.1443758010864257,0.4417863190174103,-1.0503523349761963,-0.4566903114318847,0.6966690421104431,0.3707581460475921,-0.1649820506572723,-1.7377703189849854,0.502282440662384,0.2026951909065246,0.2344203293323516,0.1433061212301254,0.161909744143486,-0.270626038312912,-0.0602383725345134,-0.324645847082138,-0.4478770792484283,-0.1939189136028289,-10.064741134643556,-0.118980161845684,-0.044458944350481,-0.6670801639556885,-0.4677652716636657,-0.2124282419681549,0.815504252910614,0.3467740714550018,-0.0198790207505226,-0.0943387746810913,-0.5059342384338379,0.2101556360721588,0.2575380206108093,0.0340120829641819,-0.2781917750835418,0.0262715313583612,-0.6753649711608887,-0.3389057219028473,-0.2077060937881469,-0.0290699582546949,-0.1534727811813354,-0.3773875832557678,0.394524872303009,0.4312243461608886,0.6899039149284363,-0.2915534675121307,-0.2736877202987671,0.1792792975902557,-0.2194414883852005,0.7218489050865173,-0.6439197659492493,0.1900515705347061,-0.3986168503761291,0.5046277046203613,-0.3047820925712585,0.1331530809402465,0.4443447589874267,0.4245266914367676,-0.0812497064471244,0.6314818263053894,0.337121307849884,0.1262087672948837,0.2933252155780792,-0.1764897853136062,0.1930235922336578,0.1012420132756233,0.4318543076515198,0.0651801154017448,0.9178564548492432,-0.2311295419931411,-0.3736739754676819,0.0102076102048158,-0.0517674833536148,-0.2916453182697296,0.1447509378194809,0.2727953791618347,0.4968677163124084,-0.6255561113357544,0.2618257105350494,0.1186563149094581,0.3850005865097046,0.4584890007972717,0.9727123975753784,0.8037772178649902,-0.0570654310286045,0.422381579875946,0.031741689890623,0.1411834806203842,-0.8406851291656494,-0.4607540071010589,0.3384617269039154,0.6102051734924316,0.0350587368011474,0.3055108487606048,0.1851014792919159,0.3750440776348114,-0.1586963385343551,0.0874420329928398,0.1666809320449829,0.0276464819908142,0.1760093867778778,-0.3346437811851501,0.081030361354351,0.3944560885429382,-0.7959666848182678,-0.2167527824640274,0.1910678148269653,-0.0385501720011234,0.1602315604686737,-0.6398369669914246,0.7045271396636963,0.2658992111682892,-0.5752713084220886,0.3087821006774902,0.3162032067775726,-0.08292156457901,-0.3179875612258911,0.0082502365112304,0.3814301192760467,-0.3947063088417053,1
0.6034827828407288,0.0750778391957283,0.8657544255256653,-0.3678527474403381,-0.0313357412815094,0.0785465538501739,0.3023997545242309,0.1341314166784286,-0.0150674358010292,0.1794959306716919,0.5327253937721252,-0.0546330027282238,-0.0090028950944542,-0.1984357684850692,0.4012514948844909,-0.3616842329502105,0.0017708534142002,-0.2547635734081268,-0.1755476742982864,-0.2963722348213196,-0.7017987370491028,-0.4959449172019958,0.0900995656847953,-0.0678692832589149,0.5468490123748779,-0.5644563436508179,0.0843673050403595,0.3800015449523926,-0.0727834179997444,-0.2994767725467682,-0.4494493305683136,-0.2137268185615539,-0.0988010093569755,-0.2648979723453522,-0.8406083583831787,0.321076363325119,-0.2116503715515136,-0.2594198882579803,-0.0166147779673337,-0.6252167820930481,-0.1629805564880371,-0.2735671699047088,-0.1306898742914199,0.2027148008346557,-0.2640228867530823,0.4681769013404846,0.3186984956264496,0.2199781984090805,0.1590713560581207,0.3783169388771057,-0.2190364152193069,0.4417745172977447,0.3228428363800049,0.0483717061579227,0.2766009569168091,-0.293256551027298,0.0194970220327377,-0.3499400615692138,0.051380880177021,0.6324642896652222,-0.1727774292230606,-0.3782002031803131,0.0908156633377075,0.4214170575141907,0.1470639556646347,0.0952928364276886,-0.0770568773150444,-0.3569855391979217,-0.0024191737174987,-0.9345948696136476,0.1054674610495567,-0.1814249157905578,0.1347778290510177,-0.5121384859085083,0.9192212224006652,-0.1132273972034454,0.5152490139007568,-0.0106139434501528,0.5689225792884827,-0.0215554423630237,0.1422233283519745,0.4946246147155761,-0.1477049738168716,-0.6141643524169922,-0.0316419005393981,0.1433631032705307,-0.2315422445535659,-0.8052089810371399,0.2334419935941696,-0.0100490115582942,0.0416909642517566,0.288483589887619,0.2873562276363373,0.5011584758758545,-0.0890111923217773,0.4297166168689728,0.2156285643577575,-0.2732447981834411,-0.4008235931396484,0.2421606630086898,0.0104161538183689,0.1166939809918403,0.2539656460285187,-0.0125807607546448,-0.354225754737854,0.1834481656551361,-0.2137883305549621,0.3058245182037353,0.0607062354683876,0.016571270301938,-0.3441768288612366,-0.6101165413856506,-0.9098912477493286,-0.1643927991390228,0.0461167208850383,-0.3002687692642212,-0.4222589135169983,0.7391008138656616,-0.3650001883506775,0.4872054755687713,0.2627048194408417,0.4744058549404144,-0.1802817285060882,-0.3436811566352844,-0.0989200696349144,0.3496215045452118,0.4674854874610901,-0.0337310284376144,-0.2539657950401306,-0.1530697494745254,-0.1126011088490486,-0.1008185073733329,-0.1988453865051269,-0.1834728419780731,-0.1859756112098693,1.0019562244415283,-0.2667397260665893,-0.0522280670702457,0.0221421010792255,-0.2407938241958618,-0.121945783495903,0.1448226422071457,0.6913648247718811,-0.3939955234527588,0.2216789275407791,-0.1399714201688766,-0.1281062513589859,-0.5362316370010376,-0.1395812332630157,0.3998737633228302,-0.3157594799995422,0.6487504839897156,-0.8809701800346375,-0.2126045376062393,0.2258440405130386,0.2880144417285919,-0.7001898288726807,0.1056503355503082,-0.1913360506296157,0.0378595292568206,0.0268137883394956,-0.5634580850601196,-0.0073304274119436,0.6009246706962585,0.1807908862829208,0.2881605327129364,0.1586738526821136,0.0785095691680908,-0.3303672671318054,0.8681853413581848,0.511932909488678,0.0099891992285847,0.1945490539073944,-0.0367480590939521,-0.010967057198286,0.2244033217430114,0.7548457384109497,0.359950989484787,-0.334017664194107,-0.4333972334861755,-0.384022057056427,-0.0326096005737781,0.1045397147536277,-0.6877201199531555,0.1180780604481697,0.2910391390323639,0.3983965516090393,0.3366944491863251,-0.3584904670715332,0.0164710283279418,0.1555396467447281,-0.7865625023841858,0.1052769497036933,-0.5746724009513855,-0.0178759582340717,-0.3101350367069244,-0.2689124345779419,-0.0294117908924818,-0.4702986478805542,0.879673421382904,0.0344816595315933,0.3251921534538269,-0.1996561735868454,-0.7094054222106934,-0.8463715314865112,0.1425738781690597,-0.10161142796278,-0.1238091588020324,0.3591572940349579,0.2223147898912429,-0.1085578128695488,0.175785556435585,0.6998524069786072,0.2151294201612472,0.6825213432312012,0.4518811404705047,-0.3791395723819732,-0.2934220135211944,0.4491629004478454,-0.6812587380409241,0.5171694159507751,-0.3814699947834015,0.2751484513282776,0.0894262120127677,-0.4749280512332916,0.4922092258930206,0.4074813425540924,-0.2321700155735016,-0.0602190718054771,0.7236948013305664,-0.5181476473808289,-0.3106818199157715,-0.9644609093666076,0.3610828518867492,-0.577052652835846,-0.0282045342028141,-0.1405972838401794,-0.2382441908121109,-0.5538663864135742,0.4035924077033996,0.0530608557164669,-0.0650336667895317,0.1128134876489639,-0.37974613904953,-0.2270873337984085,0.144732728600502,-0.4401654005050659,-0.5063103437423706,-0.1142496913671493,-0.0740144476294517,-0.0978259518742561,-0.2774339616298675,0.0230636540800333,-0.440977931022644,1.0684287548065186,0.5564851760864258,0.6356865167617798,-0.0223555583506822,0.1783395856618881,-0.1415370255708694,0.0456109419465065,-0.5141477584838867,0.1883867383003235,0.0597095638513565,-0.1815057694911956,0.1952510178089141,0.3119526505470276,-0.2785893082618713,-0.6507947444915771,-0.9219587445259094,0.0997645407915115,-0.6202857494354248,-0.0778116658329963,-0.0487549118697643,-0.473504364490509,-0.2878942489624023,-0.4061278700828552,0.8403850197792053,-0.1530055701732635,0.1211740672588348,-0.3376452326774597,0.6478351354598999,-0.5461059212684631,-0.3854315280914306,-0.1192429736256599,-0.0689709335565567,-0.6466272473335266,-0.14373479783535,-0.6436154246330261,0.5789369940757751,0.2714177668094635,-0.3288511335849762,-0.3607306778430938,0.5365675687789917,-0.1525389999151229,0.3727106750011444,0.305794894695282,-0.0124803753569722,0.4156901836395263,0.0130990268662571,0.0483854860067367,0.398985892534256,0.2581155002117157,-0.1875572800636291,0.0613583028316497,-0.5587813854217529,0.0501830987632274,0.1585660427808761,0.3721579611301422,-0.2235145270824432,0.4471069276332855,0.789029061794281,-0.4257601797580719,0.3631481528282165,0.325540691614151,0.8647564053535461,-1.6320197582244873,0.2422871142625808,0.3077225685119629,-0.0182281862944364,-0.3779305517673492,0.162742018699646,0.5018773674964905,-0.1500382721424102,-0.0089867850765585,-0.5964475870132446,0.7721530199050903,0.120200514793396,-0.0118414564058184,-0.1354780197143554,0.3769541382789612,-0.4087579548358917,0.2606328725814819,-0.3906883001327514,0.443256139755249,0.2728796601295471,-0.4299178123474121,-0.0726710930466651,0.1484448462724685,-0.4802765548229217,-0.2633105814456939,0.1061314418911933,-0.1347464174032211,0.1210457608103752,-0.5667712688446045,-0.2901121973991394,0.0845103338360786,0.5594958066940308,0.8658941984176636,0.5913154482841492,-0.4480279684066772,-0.2294298708438873,0.2076779901981353,0.1762100011110305,0.5203078389167786,-0.1820008754730224,-0.1051240861415863,-0.0627926886081695,0.5727033019065857,-0.0488503947854042,-0.1660609394311905,0.1992775946855545,0.1152427271008491,0.4405218958854675,-0.1966742873191833,0.0300865266472101,1.1923983097076416,-0.268284410238266,-0.13162662088871,0.2411096692085266,0.7372906804084778,0.3380445837974548,0.0311949849128723,-0.0610441043972969,-0.1054794639348983,-0.2466994225978851,-0.0484000220894813,0.1485935598611831,-0.4643492698669433,0.0946572422981262,-0.2567406296730041,-0.1056801378726959,-0.123014822602272,-0.1463367640972137,-0.1214188784360885,-0.5694536566734314,-0.5389914512634277,0.1876948326826095,0.0982346385717392,-0.6518548727035522,0.5742854475975037,0.3568605780601501,0.5404207110404968,-0.8067978620529175,-0.7520087361335754,-0.1347270905971527,-0.0785858333110809,-0.0754351839423179,0.1775768250226974,-0.0751150101423263,-0.6135401129722595,-0.1002246960997581,-0.2546331584453583,0.0585763305425643,-0.3846781253814697,-0.3166280388832092,-0.7551460266113281,0.1292170584201812,-0.293252170085907,0.780036449432373,-0.0462789572775363,-0.2303877919912338,0.2657456994056701,0.6775398254394531,-0.4065422117710113,-0.4495618641376495,-0.4584120512008667,0.8373240828514099,0.0512344539165496,0.3173268139362335,0.385352611541748,0.2748156487941742,0.2830776274204254,0.1819606721401214,-0.3985791802406311,-0.0157041735947132,-0.5556009411811829,-0.2081477642059326,0.3702368438243866,-0.0785902738571167,0.5781213045120239,-0.3293099701404571,-0.0456543043255806,0.7103759050369263,-0.3246232867240906,-0.7063472270965576,0.12338138371706,0.3657518327236175,-0.5330333113670349,0.4693048596382141,0.8696290850639343,0.769604504108429,-0.7394624948501587,-0.0199984926730394,-0.0491824597120285,0.0292065311223268,0.5893369317054749,-0.0741845443844795,0.0488187856972217,-0.1426861882209777,0.3648760616779327,0.6170795559883118,0.221597284078598,-0.0471688657999038,0.4615173935890198,0.2232668548822403,-0.3384721875190735,0.6513592600822449,-0.0357232876121997,0.300730437040329,-0.45834681391716,-0.1274605244398117,0.1129325404763221,-0.2202627807855606,-0.6643514037132263,-0.3386875689029693,0.1395236104726791,-0.2627438008785248,0.5947475433349609,-0.3828618824481964,-0.7533091902732849,-0.6318255066871643,-0.5088008046150208,0.1271135807037353,-0.1374127715826034,-0.0798821449279785,0.0102653671056032,0.1662863790988922,-0.4274555146694183,0.3237448036670685,-0.0807531997561454,0.1142224445939064,0.0820484235882759,-0.5486111044883728,0.4254395067691803,0.2334243208169937,0.0314912088215351,0.1671176254749298,0.0433287657797336,-0.1333120912313461,-0.8757457137107849,-0.6722213625907898,-0.0414260327816009,-0.3047709465026855,0.3394939303398132,0.0436046570539474,0.3915460407733917,0.2183481454849243,-0.6332376003265381,-0.298288881778717,-0.5024104714393616,-0.2461941838264465,0.168449118733406,-0.2257195562124252,0.2276105880737304,-0.0712011307477951,0.376390665769577,0.5094534158706665,0.7028288841247559,0.0056369793601334,0.0157313849776983,0.5789600610733032,0.4273936450481415,-0.5230504870414734,-0.3404727280139923,-0.1554687768220901,-0.3449896872043609,0.0959898084402084,0.4280674159526825,0.4014675915241241,-0.038503523916006,0.1964097917079925,-0.7710626125335693,-0.2982843816280365,-0.0100206090137362,-0.4969553649425506,0.5028594732284546,-0.3073532879352569,0.6047269105911255,-0.8835477232933044,0.2471556663513183,-0.1721460372209549,0.2979965209960937,0.0988359153270721,0.2505272626876831,0.0405870787799358,-0.5503985285758972,0.0078401193022727,-0.0282123908400535,-0.4133504033088684,0.48213991522789,0.5093300342559814,-0.564020574092865,-0.0630154311656951,0.7397372126579285,0.4950209558010101,-0.1479485630989074,-0.2041714489459991,-0.5524908900260925,-0.2461763322353363,-0.1651788502931594,0.0962053835391998,0.4927022755146026,0.0574981421232223,-0.4329172074794769,0.1347987204790115,0.6766618490219116,0.4353385269641876,0.7924428582191467,0.2495272010564804,-0.0503512285649776,0.1095496192574501,-0.2341724932193756,0.3761541843414306,0.1359458267688751,0.7105685472488403,-0.5681143403053284,0.7346940636634827,0.5131425261497498,-0.3905883431434631,0.1338603496551513,0.4927493631839752,0.1655526161193847,0.0331513099372386,-0.0668327286839485,0.21676005423069,-1.1577006578445437,-0.2070232182741165,0.4567450881004333,-0.108603686094284,0.349767804145813,-0.1468093991279602,-0.272512823343277,-0.3594733774662018,0.1256765872240066,0.1336356550455093,-0.0803120732307434,0.0717826709151268,0.4696975350379944,-0.3887090682983398,0.5619118809700012,0.3889592587947845,0.0070016589015722,0.1808483451604843,0.0728503689169883,0.7361040711402893,0.533949613571167,0.1084820255637168,0.4169452786445617,-0.3646301627159118,-0.9425081610679626,0.2984364032745361,0.0274211354553699,-0.4213316142559051,0.4637819826602936,-0.3018240332603454,-0.2471407651901245,0.3390486240386963,0.2031398862600326,0.0307705607265234,-0.1741285175085067,-0.6933572292327881,0.1380597352981567,-0.1937256455421447,-0.0442165583372116,0.2289419174194336,-0.2993386089801788,0.4781246185302734,-1.8821431240212403e-06,-0.0388729013502597,0.4249505698680877,0.6757005453109741,0.5005992650985718,-0.4437052309513092,0.3728569149971008,0.1247911676764488,-0.1848772317171096,0.150855153799057,0.351049393415451,0.0533195659518241,-0.0693046525120735,0.5249400734901428,-0.224432423710823,0.0193343479186296,-0.3187216818332672,0.4181233942508697,0.1985646933317184,-0.2660110592842102,-0.2695210874080658,-0.3208607137203216,0.4870755672454834,0.0571654662489891,-0.3261508643627167,-0.1408548355102539,0.0713569298386573,0.1925425380468368,0.1412426978349685,-0.4827492237091064,-0.5667328834533691,-0.5158524513244629,-0.2101653963327407,0.2888988256454468,-0.5078287124633789,-0.371027261018753,0.501457154750824,-0.1215050145983696,-0.1823085844516754,-1.5426088571548462,0.1391412317752838,-0.1983575224876403,0.3572340905666351,-0.2395525872707367,0.5764230489730835,0.2233718782663345,-0.084420807659626,-0.4390450417995453,0.0667186453938484,0.2911503314971924,-10.199799537658691,0.3088061809539795,-0.5409168601036072,-0.7815231084823608,-0.3371039628982544,-0.124379426240921,0.6968086361885071,0.3581056296825409,-0.2872464954853058,0.3523631393909454,-0.7251420617103577,0.41616091132164,0.5971251726150513,0.0970413088798523,-0.1099560633301734,-0.0877025201916694,-0.1905624270439148,-0.1242031678557396,-0.0928427651524543,0.1550261825323104,-0.255848228931427,-0.1528791785240173,0.6300467252731323,0.635814368724823,0.4549063742160797,-0.3584784269332886,0.0620031543076038,0.0982092320919036,0.4553763270378113,0.3091898560523987,-0.8943516612052917,0.647114634513855,-0.088815189898014,0.0694255456328392,-0.3161036670207977,-0.0389481931924819,0.0332068167626857,-0.0861871168017387,-0.5074703097343445,0.0814435109496116,0.5768760442733765,0.579755425453186,0.0115757444873452,0.1708525717258453,0.3499915599822998,-0.3767823874950409,-0.0237202029675245,-0.0745694041252136,0.7220386862754822,-0.4265865683555603,-0.0492623075842857,0.0808892473578453,-0.0173357240855693,0.0091804014518857,-0.1825318038463592,-0.2819981575012207,0.7245775461196899,-0.7030529379844666,0.2386891841888427,0.1236471831798553,0.6605232954025269,-0.0807105153799057,0.3659892976284027,0.7711077928543091,0.3688330948352813,0.4093636870384216,-0.1484010815620422,-0.1482061892747879,-0.6010558009147644,-0.3189830183982849,0.4094802439212799,0.7575972676277161,-0.3058397769927978,0.2721104025840759,0.0785079449415206,0.0028526014648377,0.08616304397583,-0.059882890433073,0.2011765539646148,0.2032788246870041,0.2285952121019363,0.1532840579748153,0.0307135768234729,0.6151642799377441,-1.058052897453308,-0.1103243082761764,0.0959193184971809,-0.3619970083236694,0.2754208743572235,-0.4584848284721374,0.7406895160675049,-0.3048589825630188,-0.6493950486183167,0.3040450811386108,0.4413687884807586,-0.2443837821483612,-0.1059194803237915,0.1633730828762054,0.4056206047534942,-0.5125148296356201,1
0.0031761368736624,-0.0607978403568267,0.0868006199598312,-0.661807656288147,0.0111189065501093,0.3265124261379242,0.1916644126176834,-0.4045667350292206,-0.4292081892490387,-0.4083045125007629,0.5463610291481018,0.2070582807064056,-0.3826923966407776,0.0625517517328262,0.7951143980026245,-0.442884236574173,0.3125962615013122,0.3438512980937958,-0.0523972958326339,0.0517843142151832,0.0978624746203422,-0.5571790337562561,-0.2747199833393097,0.0472691729664802,-0.0459600277245044,-0.3686332702636719,0.2244462519884109,-0.082312487065792,0.0983265489339828,-0.2376643419265747,0.1591430008411407,-0.4425821006298065,-0.0801399499177932,-0.2665002346038818,-0.0309830289334058,0.0108848055824637,-0.0690804943442344,0.2679064273834228,0.2063704431056976,0.1932753026485443,0.1479707956314087,0.0076370746828615,0.1948626637458801,-0.1712042689323425,-0.0528566688299179,0.1627152562141418,-0.0894470736384391,0.1004108041524887,0.591101348400116,-0.2889629006385803,0.1374229490756988,0.5501917600631714,0.4750784933567047,0.1716260015964508,-0.0601437613368034,0.3185002207756042,0.8224498629570007,-0.557417631149292,-0.1149771809577941,0.1276140511035919,-0.5706307291984558,0.2014473527669906,-0.3595708608627319,0.2332155704498291,-0.2315685451030731,0.1064353063702583,0.0359065234661102,-0.1417602002620697,-0.3781137466430664,-0.3540096879005432,-0.0274864323437213,0.402396023273468,-0.6046552658081055,-0.3359215855598449,0.5048612952232361,-0.1393412053585052,0.3976526856422424,-0.1794541180133819,0.0227434691041708,0.1814790219068527,-0.1187740936875343,0.2268717288970947,-0.0903581604361534,-0.6762161254882812,0.0569993667304515,0.0246051810681819,-0.2300129532814026,-0.5120596289634705,0.1248785406351089,-0.4493535459041595,-0.1133277118206024,-0.2073936313390731,0.3074301481246948,0.0145306037738919,-0.1841437220573425,0.1837277859449386,-0.0620439946651458,-0.2285856008529663,-0.0833185613155365,-0.0128377340734004,-0.4649055302143097,0.2861506342887878,0.1150683984160423,0.1076434478163719,0.0551507472991943,0.1075687184929847,-0.1809568107128143,0.3812497854232788,-0.139119878411293,0.4462940990924835,0.2862721383571625,-0.2635545432567596,-0.2679628133773803,0.0520831122994422,-0.1249072924256324,0.0026477477513253,0.0267717316746711,0.2469020783901214,0.0302001107484102,0.3710814416408539,-0.1098586171865463,0.4699374139308929,0.0058718807995319,-0.0616717003285884,-0.2280991375446319,-0.1406721770763397,0.0704468786716461,-0.3091879487037658,-0.0072021726518869,-0.3812822103500366,0.1617260724306106,-0.0414503291249275,-0.5856931209564209,0.2547442615032196,-0.1138062626123428,0.4811491072177887,0.130574569106102,0.0783994868397712,-0.391741931438446,-0.5688015818595886,-0.0319120548665523,-0.2438270598649978,0.3643069565296173,0.0948860645294189,-0.1718646436929702,0.2716177403926849,0.3198012709617615,0.1311369985342025,0.7376388907432556,0.5044369697570801,-0.2001553475856781,0.7393048405647278,-0.4966245889663696,-0.0050921100191771,0.2593344748020172,-0.1624211370944976,-0.4992667436599731,0.4151813089847564,-0.1086982414126396,0.6080097556114197,0.1552628129720688,-0.3181414604187011,0.2967957556247711,0.8420257568359375,0.1295166760683059,0.7175630331039429,0.3213450014591217,0.4221847653388977,0.605125904083252,0.5966471433639526,-0.1656567007303238,0.5463995337486267,0.3133746683597564,-0.3287399113178253,0.2963298261165619,0.005749715026468,0.0374555811285972,0.5076952576637268,0.1681631803512573,-0.9266054034233092,-0.1957228630781173,0.1941849142313003,0.052257839590311,-0.4191427528858185,0.7755953073501587,0.0066946446895599,0.5302921533584595,0.2605101466178894,-0.0696816518902778,-0.184170588850975,-0.0372766554355621,-0.0098567195236682,0.2622301578521728,-0.4053263068199157,-0.5704964995384216,-0.1914510577917099,0.0944606438279151,0.0508277006447315,-0.4833554029464721,0.4180681705474853,0.3133998513221741,-0.036971129477024,-0.2730249464511871,-0.8953977227210999,-0.8142644166946411,-0.2519980072975158,-0.1531452983617782,0.2973617613315582,0.0147576453164219,0.0984799936413765,-0.2799798250198364,-0.3443861305713653,0.3409165143966675,0.0603276640176773,0.2964895069599151,-0.0570669658482074,-0.9990729689598083,0.0238197539001703,0.0489080734550952,-0.0346764251589775,0.1864619255065918,0.0158124044537544,0.2862429022789001,-0.5115312337875366,-0.2338037192821502,0.1353099048137664,0.1608468294143676,-0.2106554061174392,0.1547987461090088,0.5374172329902649,-0.066332496702671,-0.1900498867034912,-0.8293370604515076,0.2218030542135238,-0.0450445711612701,0.4054462313652038,-0.6599977016448975,0.6992177963256836,0.018104126676917,-0.002429557731375,0.5482659935951233,0.3278791010379791,0.1139019280672073,0.2349071204662323,-0.3641423285007477,0.3448559641838074,0.1526006162166595,-0.4325889348983764,-0.6531708836555481,-0.5379634499549866,-0.927617609500885,-0.3598898649215698,-0.0856102630496025,0.1103380993008613,0.4773735404014587,0.0974730402231216,0.2282249182462692,-0.4778967201709747,0.1223301813006401,-0.3653758764266968,-0.3753630220890045,-0.4723738431930542,-0.2525172531604767,0.0311940945684909,-0.1930955797433853,-0.2202931046485901,0.0085229333490133,-0.555094838142395,-0.7384956479072571,0.1608379185199737,0.0788786187767982,-0.3683903217315674,-0.4114533364772796,0.0641935840249061,-0.1213461458683013,-0.3295978009700775,-0.011258372105658,0.254391461610794,-0.3797242045402527,-0.0208807196468114,-0.6492891907691956,0.6138627529144287,-0.6307557225227356,-0.3399337232112884,-0.1044942960143089,0.0166841223835945,-0.1446605622768402,-0.4678792357444763,-0.1896993815898895,0.7635605931282043,0.2990688681602478,-0.138578861951828,-0.3641351163387298,-0.4979437291622162,-0.5783031582832336,0.4369446933269501,0.4176512956619262,0.1074473783373832,0.0878961756825447,0.402312695980072,0.5334050059318542,0.1978185474872589,0.2844682931900024,-0.1847484111785888,-0.2366843223571777,-0.2725338637828827,-0.1306344270706176,0.0627033412456512,0.4482207596302032,-0.305838406085968,-0.122567318379879,0.9938422441482544,-0.4593415260314941,-0.3654066920280456,0.7318883538246155,-0.0670155808329582,-1.3997195959091189,0.2089877426624298,0.4641358256340027,0.339649885892868,-0.481524795293808,0.7123547792434692,0.1878018230199813,0.5769309997558594,-0.2344101518392563,-0.4898486137390136,0.5672318339347839,-0.1247627809643745,-0.4136821627616882,0.4254004061222076,0.1543496400117874,-0.5032008290290833,-0.0087127489969134,-0.4590893089771271,-0.2126435190439224,0.4482419192790985,-0.1862764656543731,-0.0274078119546175,0.0112516330555081,-0.4013431370258331,-0.24400494992733,0.3090179860591888,-0.0148792658001184,-0.5374107956886292,-0.5534104108810425,-0.2894331514835357,0.3393507897853851,1.0581037998199463,0.144974336028099,0.6220086216926575,-0.4687284231185913,0.4528188407421112,0.3884975910186767,0.1073685884475708,0.5571797490119934,0.2764184772968292,-0.2424703538417816,-0.2158079594373703,0.5627112984657288,0.415305495262146,0.106074534356594,-0.0443860217928886,0.1336534172296524,0.0635653510689735,0.1826259046792984,-0.1055840924382209,0.6502776145935059,-0.141808420419693,0.3536523282527923,0.5146189332008362,0.2330994606018066,-0.0900570750236511,0.0781622529029846,-0.4576899111270904,0.1094290018081665,-0.8406364917755127,0.5045748353004456,-0.0283449869602918,-0.0218085329979658,-0.0520893447101116,-0.1031492948532104,-0.4371600151062011,-0.017949478700757,-0.1399894803762436,0.2675392627716064,-0.5081573128700256,-0.5338950753211975,0.1077740564942359,-0.0689213573932647,-0.283149242401123,0.171120136976242,0.3129028677940368,0.4287918210029602,-0.5326884388923645,-0.4094868898391723,0.7733538150787354,0.0162159632891416,-0.0072541129775345,0.5614296197891235,0.1175485625863075,-0.0760221034288406,-0.211329385638237,-0.4428883790969848,-0.2046450078487396,-0.7780249118804932,-0.3564236462116241,-0.4528417289257049,0.2160809636116027,0.2362763434648513,0.3225845992565155,-0.1116638481616973,-0.0470034219324588,0.0703728720545768,0.1373246610164642,-0.0632245987653732,-0.65218186378479,0.2310350388288498,-0.1592269390821457,0.5896809101104736,0.8067646026611328,0.1587326377630233,-0.2732491493225097,-0.1715768128633499,0.2116468995809555,0.2313543707132339,0.1230284571647644,-0.6485904455184937,0.0193797163665294,0.5927419066429138,-0.0951088666915893,-0.2243158966302871,0.1123715043067932,0.3114649355411529,0.461230456829071,-0.276660680770874,-0.382485032081604,-0.0353952907025814,0.3318245410919189,-0.0521954633295536,0.3872840106487274,0.0941041409969329,1.028633952140808,0.2518595159053802,-0.0752753987908363,0.2339671552181244,-0.3081791698932647,-0.0724743828177452,-0.2201147973537445,0.2931573987007141,0.1904922127723693,0.0927618965506553,0.5092480778694153,0.1100455299019813,-0.3637725114822387,-0.2760427296161651,-0.0828023701906204,0.3296189904212951,0.1685519069433212,0.0973466262221336,0.2866364419460296,-0.5149614810943604,-0.0037491263356059,-0.3459472954273224,-0.4577270150184631,-0.1330947428941726,0.1084762662649154,0.6005651950836182,0.1605362296104431,0.5439375638961792,-0.5331707000732422,-0.3257345259189605,-0.3711455166339874,-0.4540835320949554,-0.1340912729501724,-0.2620345950126648,0.2089841961860656,0.1866414099931717,0.1436269432306289,-0.4567202031612396,-0.3661319315433502,-0.0883623957633972,0.3650775253772735,0.0215740874409675,-1.0030871629714966,-0.4105854034423828,0.6311589479446411,-0.1848551332950592,-0.3698974549770355,0.1036599949002265,0.236632689833641,0.1726095229387283,-0.2160039544105529,-0.0213409829884767,-0.168961226940155,0.3041289746761322,-0.0161232110112905,0.4921342730522156,-0.09644266217947,-0.2044597864151001,-0.332964688539505,0.0566480383276939,-0.2578245103359222,-0.3340344727039337,-0.572498619556427,-0.3068805336952209,-0.0457549095153808,0.1794564574956894,0.1167832538485527,0.4510316550731659,-0.2446545511484146,0.4985246956348419,0.031571552157402,0.1467853039503097,-0.0906953960657119,0.2868809998035431,-0.2875887453556061,-0.1965115219354629,-0.1932107657194137,0.5326632857322693,0.2681797444820404,0.3176998496055603,-0.2003336399793625,-0.5330439209938049,-0.1281498223543167,-0.2392009794712066,-0.519485592842102,0.5827149152755737,0.0900339633226394,0.5456182360649109,-0.1836076378822326,0.2240788340568542,-0.1907528638839721,-0.0015128852101042,-0.3930225670337677,-0.1054306253790855,-0.1078258082270622,-0.8340499997138977,-0.186623215675354,-0.3212255537509918,-0.4420482516288757,0.5200933218002319,0.2669086158275604,-0.6013787388801575,-0.3170128464698791,0.1425212919712066,-0.034273512661457,-0.4507310092449188,-0.0893237888813018,-0.5125720500946045,0.1827784180641174,0.487899512052536,0.4282651841640472,0.4144729077816009,-0.2689167261123657,-0.6819618940353394,0.1487437039613723,0.7066802978515625,0.1276256442070007,0.2586115002632141,0.1338995993137359,-0.0630201920866966,0.0068775373511016,-0.3611669242382049,0.5995979905128479,0.3284713923931122,0.6112343668937683,-0.1593673080205917,0.5796571373939514,0.5704997777938843,-0.2039690464735031,0.27096688747406,0.9044501185417176,0.39722540974617,0.6367554068565369,-0.0577708259224891,0.036823458969593,-0.5470572113990784,0.2953176200389862,-0.2784082591533661,0.2505327463150024,0.2955975830554962,-0.3873145580291748,-0.0106711722910404,-0.4470608234405517,0.0582158118486404,0.3540639281272888,-0.2572919130325317,0.0640492439270019,-0.1530279666185379,-0.5277718901634216,0.3817476332187652,-0.158414676785469,-0.0710591152310371,0.1840384602546692,-0.0350280739367008,0.4537293612957001,0.528607189655304,0.2899109721183777,-0.0413019880652427,0.2188134342432022,-0.6566449999809265,0.0871488004922866,-0.4678245782852173,0.2556524276733398,0.8074514269828796,0.1066321358084678,-0.7058013081550598,0.1147244274616241,0.7123931646347046,-0.3560422956943512,0.0612720251083374,-1.0915507078170776,-0.1837315112352371,-0.1110924184322357,0.1160295903682708,0.1151471585035324,-0.1754621565341949,0.4969201385974884,-0.3079700171947479,-0.1208853498101234,-0.2617020308971405,0.7547056078910828,0.0675808936357498,-0.2036011964082718,-0.0834806710481643,0.0529114045202732,-0.0520556680858135,0.2553771734237671,0.0519331432878971,-0.4064322412014007,0.1175331100821495,-0.0400002636015415,-0.2948659062385559,-0.0202174540609121,0.4066607654094696,0.1878072172403335,0.0256806910037994,0.2268457561731338,-0.0400772243738174,-0.8691291809082031,-0.2082367241382599,0.3324902355670929,-0.942822277545929,-0.0735208243131637,-0.1429763734340667,-0.1136432737112045,0.3548907041549682,-0.1476150751113891,-0.3494469225406647,0.015733528882265,-0.295113205909729,-0.0524454191327095,-0.1219716221094131,-0.5856705904006958,-0.0685122907161712,0.2011014968156814,-0.0997806042432785,-1.0749133825302124,0.1433800905942917,0.1807161569595337,0.3349646627902984,0.0505462624132633,0.51595139503479,0.2372927665710449,0.0397394374012947,0.4213206768035888,-0.229931965470314,0.179247185587883,-10.382081985473633,-0.4448930025100708,-0.3652932643890381,-0.183305487036705,-0.3692849576473236,0.4921149015426636,0.6921905279159546,0.3035148084163666,-0.2524159848690033,0.4128586649894714,-0.3018664121627807,0.2482895404100418,0.1434746235609054,0.9373087286949158,-0.4286087155342102,-0.1827657520771026,0.3007826209068298,0.082112118601799,0.0640494301915168,0.3107931613922119,-0.2130162268877029,-0.4070342779159546,0.6020965576171875,0.0759041309356689,-0.0683071687817573,-0.3665779531002044,-0.2489219903945922,0.2341049611568451,-0.1814572066068649,0.1103604510426521,-0.6091642379760742,0.5347440242767334,0.1003084331750869,0.3639244735240936,-0.7448790669441223,-0.2301767915487289,-0.0891357064247131,0.2333881556987762,0.3847591280937195,0.5595882534980774,-0.0836476907134056,0.6774351000785828,0.2649302184581756,-0.4228098094463348,0.853337287902832,-0.2344857007265091,0.3338377773761749,0.5192164182662964,0.2750162482261657,0.1354071348905563,-0.1363216787576675,-0.6438022255897522,0.0042162416502833,-0.4347541332244873,-0.1330995559692382,-0.1422829777002334,0.3304428160190582,-0.6977059245109558,0.0330822952091693,-0.1127327904105186,0.4786390364170074,-0.273013710975647,0.6636946201324463,-0.0587224513292312,-0.3250734508037567,-0.1605715006589889,0.0656867250800132,0.6946278810501099,-0.5975626111030579,-0.2920809686183929,0.5590290427207947,-0.2730327248573303,0.2166372835636139,0.4055890440940857,-0.4609197080135345,0.2656212449073791,-0.1926836967468261,-0.177279993891716,1.1196138858795166,0.0746123492717742,0.4504166543483734,-0.0480197295546531,-0.4257279634475708,0.1747554093599319,-1.0736651420593262,0.4939015209674835,-0.1731966435909271,0.1242589876055717,0.3955589532852173,-0.4195772707462311,0.582466721534729,0.0015246457187458,-0.3316822946071625,0.1182079017162323,0.481196790933609,0.0666705295443534,0.4595232307910919,0.0795234888792038,0.923289954662323,0.1367945075035095,1
0.1231138110160827,0.4492609798908233,0.3884042799472809,0.0412229038774967,0.0758494585752487,0.5558128356933594,0.2306105643510818,0.1551999896764755,-0.4046125411987304,-0.4644301831722259,0.0374848321080207,-0.1543157696723938,-0.2079087793827057,0.6230141520500183,0.0749955996870994,-0.0330402813851833,-0.2268550395965576,-0.1624379307031631,-0.3136763870716095,-0.2009812891483307,-0.4487609565258026,-0.3970475792884826,-0.4971101582050323,0.4764551222324371,-0.2808994054794311,-0.0796614587306976,-0.0104049891233444,0.1680516749620437,0.2500545084476471,-0.1148869171738624,-0.0953003466129303,-0.4020711779594421,-0.5611262321472168,0.0101643595844507,-0.6131436824798584,-0.0841822996735572,-0.4243415892124176,-0.1154774501919746,0.2670247554779053,0.0216015093028545,-0.0181246995925903,-0.1735791265964508,-0.3490122854709625,-0.333618551492691,-0.0702253431081771,0.4099800288677215,0.2204208374023437,0.3000068664550781,0.2423617392778396,0.0448936149477958,-0.0321125537157058,0.3012973070144653,0.192337691783905,0.0826527848839759,0.4473689198493957,-0.5930591821670532,0.8809794783592224,-0.8074719309806824,0.2130884379148483,0.5514248013496399,-0.6567736268043518,-0.3907581865787506,0.1432421207427978,0.2119351327419281,-0.093148149549961,-0.2198729664087295,0.3205922842025757,-0.022681538015604,0.1360212862491607,-0.7621728181838989,0.2123498320579528,-0.1271419823169708,-0.0643603503704071,-0.1578206121921539,0.2649607956409454,-0.7738043665885925,0.3087517917156219,-0.1347953975200653,-0.0922530516982078,0.4323457479476928,-0.6077329516410828,0.8605305552482605,0.1024291589856147,-0.4221510291099548,-0.0294526703655719,-0.123188279569149,-0.6463356018066406,-0.8160682916641235,0.4599822163581848,-0.2753682434558868,0.2812662720680237,0.3788725137710571,0.1458035409450531,0.7601058483123779,0.0165413618087768,0.0440185964107513,0.3510110378265381,0.387873113155365,0.0899581685662269,0.3239330947399139,-0.462004005908966,-0.0534325987100601,0.5842787623405457,-0.8378627896308899,-0.1350140571594238,0.0442395322024822,-0.4432619512081146,0.4669585824012756,0.1385521590709686,0.0495200753211975,-0.2713117301464081,-0.2956724762916565,-0.3439642786979675,0.2891451716423034,0.2782316505908966,0.3838802874088287,-0.0002128552878275,0.3526578843593597,-0.2968418300151825,0.4204418957233429,0.1402692347764969,0.6628037691116333,0.0109529132023453,-0.2493162453174591,-0.7611669898033142,-0.1784507483243942,0.2513410449028015,0.2485608905553817,0.0415656119585037,-0.8785262107849121,0.1427153050899505,-0.036750178784132,-0.5656404495239258,-0.1953497976064682,-0.3722878396511078,0.6866252422332764,-0.0380434580147266,0.1799145638942718,-0.1077672466635704,-0.458080381155014,-0.6979972124099731,0.2590562403202057,-0.1680516898632049,-0.0491655878722667,-0.2135801017284393,-0.0960002318024635,-0.0139121320098638,0.1986266672611236,0.6022095680236816,0.5109342336654663,-0.1990288496017456,1.0830914974212646,-0.4651145339012146,0.0338232852518558,0.3894877731800079,0.1737095117568969,-0.5139617919921875,-0.0087816445156931,0.2318317294120788,0.5932332277297974,0.5720173120498657,-0.4909519255161285,0.355887770652771,0.9361818432807922,0.0049250083975493,0.2354423254728317,0.4689258635044098,-0.1164900213479995,0.3047364354133606,0.5328068137168884,0.5977091193199158,0.5410733819007874,0.0592143833637237,-0.2418918311595916,0.010082459077239,0.5177382826805115,0.7239014506340027,0.0804607421159744,0.1661899983882904,-0.5361214876174927,0.0783840641379356,-0.0655987709760665,-0.0093996971845626,-0.8041617274284363,0.2197591960430145,-0.3057252764701843,0.1525004506111145,-0.0831784009933471,-0.2190597802400589,0.0048233796842396,-0.2455145269632339,-0.142656996846199,0.1653960347175598,-0.1805367618799209,0.0226214379072189,0.252815306186676,0.1008603945374488,-0.0736695155501365,-0.3125497698783874,0.0027908934280276,-0.2689207196235657,0.0918744355440139,-0.0830516815185546,-1.101097583770752,-0.9538522958755492,0.1038811057806015,0.5318265557289124,0.4946764707565307,0.3651838898658752,-0.0952106788754463,-0.2399941682815551,0.2045545428991317,0.7216549515724182,0.1952834278345108,0.4752112329006195,0.4693156778812408,-0.5757101774215698,-0.1049781814217567,0.1779050976037979,0.3130639493465423,-0.0979202687740325,0.082808680832386,0.0422740578651428,-0.0802398845553398,-0.0945495218038559,0.8080146312713623,0.1936263293027877,-0.1150619089603424,0.0054282308556139,0.7240721583366394,-0.7917774319648743,-0.2525116801261902,-0.5103409886360168,-0.2524421513080597,0.0004336121783126,-0.1393671780824661,-0.5123047828674316,0.512993574142456,-0.0856382101774215,-0.0278315190225839,-0.4146546721458435,-0.2266345173120498,0.5573171377182007,-0.5894581079483032,0.2186111509799957,0.2767102420330047,-0.1298295557498932,0.034149307757616,-0.5827338099479675,-0.1074302047491073,-0.4650209546089172,-0.5124746561050415,0.095265544950962,-0.2727013528347015,0.877055287361145,0.0307052470743656,0.7117515802383423,-0.1736073940992355,0.1399305462837219,-0.2337078005075454,-0.1700103282928466,-0.4660062491893768,-0.3893087208271026,-0.3200649917125702,0.36192587018013,0.2422608286142349,0.5455904603004456,-0.2525476515293121,-1.6800079345703125,-0.0829514935612678,0.0901246294379234,-0.590021550655365,-0.1166232600808143,-0.134414792060852,-0.1570027023553848,-0.3502565920352936,-0.0730955302715301,0.7539610862731934,-0.6830848455429077,-0.1346728652715683,-0.2110080420970916,0.4071735441684723,-0.4598382413387298,0.0623786784708499,0.1153885349631309,0.4106982946395874,-0.1908294707536697,-0.6963496804237366,-0.3930406868457794,0.0179575663059949,0.1430064439773559,0.0185511503368616,-0.4818713068962097,-0.014843457378447,-0.4170853197574615,0.2829124331474304,0.1637875735759735,-0.4432901740074157,0.3415219485759735,0.3085688650608063,0.6146608591079712,0.5549052357673645,0.5430335402488708,-0.1672431081533432,-0.6714587807655334,0.2201706171035766,0.1896889805793762,-0.3027598261833191,0.559830367565155,-0.5565181374549866,0.3516184091567993,0.342310756444931,-0.3357832729816437,0.2908375561237335,0.6458819508552551,-0.0310758836567401,-1.572529911994934,-0.2528011500835418,0.3623014986515045,0.2087958753108978,-0.3817519247531891,0.1319604963064193,0.1576255410909652,0.3442347347736358,-0.5063840746879578,-0.2880071401596069,0.5498164296150208,0.1964365392923355,0.2621631324291229,-0.1872194111347198,0.5826170444488525,-0.5048829913139343,0.0397969894111156,-0.6787499785423279,-0.0171617232263088,0.4861078262329101,-0.2345322966575622,-0.1444097906351089,0.265208750963211,-0.3782488405704498,-0.2671854197978973,0.4098029434680938,-0.1968329399824142,0.0528481900691986,-0.2974405884742737,-0.0400130189955234,0.2802795171737671,1.4972728490829468,0.5008471608161926,0.6121992468833923,-0.323981761932373,-0.3650017976760864,0.2641220986843109,0.1231701672077179,0.3433264493942261,-0.3920523524284363,-0.1274280995130539,-0.3564356565475464,0.0299845319241285,-0.0609694756567478,0.0171967726200819,-0.0190320536494255,-0.2858986556529999,0.1662586331367492,-0.461461454629898,0.2694081962108612,0.4638465940952301,0.0398641116917133,0.2293373197317123,0.6746375560760498,0.5301793813705444,0.2003440409898758,-0.2477969080209732,-0.5393532514572144,-0.0063035571947693,-0.5178176164627075,0.377795934677124,0.0354310274124145,-0.0208152793347835,0.3716359138488769,-0.301368772983551,0.1769916862249374,0.0036387762520462,-0.2827593982219696,0.0379030369222164,-0.5908679366111755,-0.3027498126029968,-0.1490825861692428,0.0798156931996345,-0.3840076625347137,0.2991436719894409,0.4653516709804535,0.5443713665008545,-0.3986534774303436,-0.392270028591156,0.0972675308585167,-0.0983534157276153,0.1271000504493713,0.0717663019895553,0.2141284644603729,-0.0405843406915664,-0.1314437687397003,-0.5324204564094543,-0.4545006453990936,-0.6074473857879639,-0.0998709499835968,-0.4864875674247741,-0.2520653307437897,0.2662206590175628,0.6392948627471924,-0.0061220834031701,-0.0002625654451549,0.2046940177679062,0.2406426519155502,-0.427702397108078,-0.5291266441345215,-0.0238432958722114,0.3131350576877594,0.5644910335540771,0.3777675032615661,0.5966751575469971,0.1175851374864578,0.3224056363105774,-0.0339446403086185,0.1585583239793777,0.3659508824348449,-0.3815783858299255,-0.299306184053421,1.030006766319275,-0.4189485609531402,-0.0196306072175502,-0.1873382329940796,0.1946061700582504,0.7992408275604248,-0.2151150107383728,-0.7935209274291992,0.418662279844284,0.0426677353680133,0.2311915755271911,0.6340779662132263,0.4241951704025268,1.04574716091156,0.288774311542511,0.4176480174064636,0.3807947933673858,-0.2010767459869384,0.1479807496070861,-0.3861715495586395,-0.0557927750051021,-0.1404449790716171,0.3929578959941864,0.7641176581382751,0.3738381564617157,0.2858656346797943,0.0353921093046665,0.4459830820560455,-0.5208247900009155,0.1525947600603103,0.383240669965744,-0.202982485294342,-0.5346816182136536,0.218737781047821,-0.972753882408142,-0.8207621574401855,-0.1421180963516235,-0.0154181104153394,0.4628665149211883,0.0081729851663112,0.3942067325115204,-0.5851307511329651,-0.7573434114456177,-0.478797048330307,-0.9843683242797852,-0.0697788372635841,0.0517299473285675,-0.19020776450634,0.5906980037689209,0.300529271364212,-0.9819388389587402,0.461364597082138,0.3210695385932922,0.48450767993927,0.1785139143466949,-0.3847949206829071,-0.321662425994873,0.8443519473075867,-0.5014409422874451,-0.4166518449783325,0.750177800655365,-0.0743482336401939,-0.0699120983481407,-0.3655387163162231,-0.2019563913345337,0.1565447747707367,0.4733108282089233,-0.1820834279060363,0.2548277080059051,-0.0231193322688341,-0.4221740365028381,-0.2792053520679474,-0.2625077366828918,-0.3165677189826965,0.2979778945446014,-0.8846938014030457,-0.2044506818056106,-0.2526279389858246,-0.1218877434730529,0.6885345578193665,0.6429525017738342,-0.2151956707239151,0.0918591320514679,0.7153148055076599,0.1788139045238495,-0.2660667896270752,-0.0331308916211128,0.0755949541926384,-0.3624329268932342,-0.2606484889984131,0.0119486786425113,0.3902390599250793,0.2846006453037262,0.3447838723659515,-0.7184575200080872,-0.3535074293613434,-0.1424677819013595,-0.7829322814941406,0.4006941318511963,0.0192137602716684,0.524908721446991,-0.9151397943496704,0.1733862459659576,-0.1486841440200805,0.3275986909866333,0.1396800130605697,-0.0200174562633037,-0.0763090774416923,-1.4075360298156738,0.0534817576408386,-0.4918538331985473,-0.7902896404266357,0.5318777561187744,-0.2848229110240936,-0.6919559836387634,0.2178936302661895,0.1768209189176559,-0.0917976275086402,0.0921580791473388,-0.0385496318340301,-0.4900764226913452,-0.042287316173315,0.4481016993522644,-0.1261456757783889,-0.1064321026206016,0.4720658361911773,-0.3878652453422546,0.0398647002875804,0.603585422039032,0.5249636769294739,0.1717052012681961,0.1215288713574409,-0.0735646188259124,0.0501642189919948,-0.786901593208313,0.1556357145309448,0.0870108231902122,0.4399442374706268,-0.3945975601673126,0.2235125601291656,0.6525632739067078,-0.3681321144104004,-0.0519896671175956,0.8495214581489563,0.1558186113834381,0.6384768486022949,0.0111140543594956,-0.2351629585027694,-0.8818499445915222,0.4974597990512848,0.4136258959770202,0.2622667253017425,-0.3039504289627075,0.2893498837947845,-0.1052259653806686,-0.4882786571979522,0.2411974370479583,-0.0667811557650566,-0.064834177494049,0.4654918611049652,0.4328020513057709,0.1599184870719909,0.7770379185676575,0.6601337790489197,-0.3099386990070343,0.4009592533111572,0.1443146169185638,0.2567755579948425,0.9159109592437744,-0.0673000141978263,0.5176604986190796,-0.3365890383720398,-0.7841489911079407,0.2950450778007507,0.1969319880008697,0.3568305671215057,1.1737850904464722,0.1396821588277816,-0.3988161087036133,0.5462249517440796,0.8059064745903015,-0.0751746743917465,0.1154990270733833,-0.4927742481231689,-0.0536334104835987,-0.0812551900744438,-0.2035188674926757,-0.0750195607542991,-0.0683854147791862,0.0823175758123397,-0.1193918213248252,0.1936592906713485,-0.2463523298501968,0.4719513356685638,-0.4209035634994507,-0.3078163266181946,0.3759004473686218,-0.002961597405374,0.3020261228084564,-0.0533858947455883,0.4790732264518738,-0.3208807706832886,-0.2082509845495224,0.4283637106418609,-0.407904177904129,-0.4388944208621979,-0.0532719641923904,0.3547323942184448,-0.0368370115756988,-0.0052372380159795,0.0940156653523445,-0.3612267076969147,-0.211391806602478,0.2542731165885925,-0.5569307208061218,0.3658948242664337,-0.0642438754439354,0.2677868604660034,0.1883809864521026,0.0471253059804439,-0.4177459180355072,-0.2764428257942199,-0.5471877455711365,0.1430089622735977,-0.396871268749237,-0.6322588324546814,0.4642121195793152,-0.0183759145438671,-0.3485398292541504,-1.5665051937103271,0.6561968922615051,-0.1743222624063491,0.3859342932701111,-0.1879439949989318,0.1425675898790359,-0.0521857179701328,0.0290188640356063,0.1428416967391967,-0.44991534948349,-0.0334871858358383,-10.106772422790527,0.0311617329716682,-0.7103382349014282,-0.5038667917251587,-0.026438895612955,0.0103408712893724,0.8339167237281799,0.5296981930732727,-0.3991149663925171,0.017071871086955,-0.4222870469093323,0.2256660610437393,0.2735041081905365,0.5720398426055908,-0.0424214042723178,-0.3598330616950989,-0.3359643220901489,-0.5068827867507935,-0.0967234298586845,-0.3829208612442016,-0.0620862655341625,-0.0616059638559818,0.8082335591316223,0.175922617316246,-0.1417668014764785,-0.4456749558448791,-0.3426142036914825,0.3715060949325561,-0.1455613672733307,0.1725504249334335,-1.1235413551330566,0.902729630470276,-0.3657998740673065,-0.382174015045166,-0.4527009129524231,0.2521111965179443,-0.010334450751543,0.2842535078525543,-0.0591973848640918,0.601249098777771,0.2945119440555572,0.6637018918991089,-0.1598019748926162,-0.3018046021461487,0.1331110447645187,0.4781384766101837,-0.1138777434825897,0.2863802015781402,0.2445801645517349,-0.1813361495733261,0.1402642875909805,-0.3990349471569061,0.2809138000011444,-0.1469828486442566,-0.0133303431794047,-0.1942400634288787,0.7767208814620972,-0.7879253029823303,0.0311534497886896,0.1072991862893104,0.2392787486314773,-0.1930221021175384,0.4252275824546814,0.208171546459198,-0.3237896859645843,0.4729270040988922,0.1399933397769928,0.23618184030056,-0.7695155739784241,-0.2419710606336593,0.3645013272762298,0.1336968094110489,0.1556989699602127,0.1743565052747726,-0.024681793525815,0.5745055675506592,-0.1888916194438934,0.0466608963906765,0.0775435715913772,0.281894326210022,0.4171482026576996,-0.4694114327430725,-0.6455208659172058,0.1391593664884567,-0.1641565710306167,0.4069516956806183,-0.1344774216413498,0.3288237750530243,0.0753167793154716,-0.4625642895698547,0.3396262526512146,-0.455998957157135,-0.6298967599868774,-0.1371355205774307,-0.0455033481121063,-0.3143453001976013,0.2219788879156112,0.2289328575134277,0.3692764937877655,0.4943829774856567,1
0.6195648908615112,0.3489904701709747,1.0567883253097534,-0.4765182733535766,-0.5891979932785034,-0.1809852719306945,0.0059980759397149,0.3481148183345794,-0.8365700244903564,-0.6619139313697815,-0.2249849289655685,-0.709401547908783,-0.0504682175815105,-0.4271685481071472,0.7363948225975037,0.4460712671279907,-0.5139725804328918,0.4701919853687286,0.1286108493804931,-0.3889336884021759,-0.8025297522544861,-0.7192121744155884,-0.5512325763702393,0.1941795796155929,-0.4240441024303436,-0.9229090809822084,-0.5777475237846375,-0.2258715033531189,0.0061606224626302,0.1903616487979889,0.2632638216018677,-0.4594249129295349,-0.3370295763015747,0.3261558711528778,-0.7294156551361084,0.6906647086143494,0.1098550781607627,0.2041232734918594,0.4162230789661407,-0.5478252172470093,-0.3630021214485168,0.5252999663352966,-0.6012375354766846,-0.5337058305740356,-0.1171065792441368,0.041893757879734,-0.1703510880470276,-0.031400877982378,-0.1483786702156067,-0.3944182395935058,-0.7106783986091614,0.7770763635635376,0.3953070640563965,0.1971932351589203,0.425059050321579,0.3488447666168213,1.0091537237167358,0.0231695063412189,0.0251429192721843,-0.2772858142852783,-0.7284931540489197,0.1356604993343353,0.3728354871273041,0.1996486485004425,-0.592863142490387,0.3532702028751373,-0.1977674067020416,0.5270116329193115,0.4377854466438293,-0.1567492187023162,0.5720683932304382,0.3822307288646698,0.2298650741577148,-0.3820671439170837,0.2723013460636139,-1.026605486869812,0.4222369492053985,-0.3067958056926727,0.2783031761646271,0.1548672318458557,-0.239579826593399,-0.1771947145462036,0.1182410269975662,-0.3522379100322723,-0.6739863157272339,-0.3207395672798157,-1.280389428138733,-0.1314788162708282,0.1092400550842285,0.1847828775644302,0.0771256908774375,-0.437089592218399,0.370442658662796,-0.3064039647579193,1.0832984447479248,0.4152913391590118,0.3117563426494598,-0.1497225910425186,0.3455894887447357,0.2241485565900802,-1.3417664766311646,0.5552119016647339,-0.0222490578889846,-0.8507680296897888,-0.5020774602890015,-0.1633059084415435,-0.2702930569648742,0.9135725498199464,0.5686036944389343,0.4233021438121795,0.0308378841727972,-0.2613431215286255,-0.8987371921539307,0.1841257512569427,-0.0797238424420356,0.4295142292976379,-0.5939999222755432,-0.1568807661533355,0.0380602180957794,0.1479811817407608,0.2256724238395691,0.58320552110672,-0.4946492314338684,-0.1372482478618621,0.271740585565567,0.1917717903852462,0.1432688981294632,0.3522486984729767,0.2582482099533081,-0.6036713719367981,0.3547253906726837,-0.6765661239624023,-0.4382753372192383,0.0448752231895923,-0.6328389644622803,0.965863823890686,0.2955978512763977,-0.4536164700984955,0.0455907583236694,0.1167070865631103,-0.4535581469535827,-0.1906919628381729,0.8190338611602783,-0.4693425297737121,-0.1263845413923263,0.4840159714221954,-0.3180535137653351,-0.3546625971794128,0.4179584980010986,0.3845674991607666,-0.1171512454748153,1.1854907274246216,-0.5989495515823364,0.4140498638153076,0.3314343392848968,0.4171215295791626,0.197724312543869,0.2486430704593658,0.3477166593074798,0.0276961978524923,0.411643385887146,0.0632825419306755,0.118790403008461,1.0481526851654053,0.6594823598861694,-0.0155564593151211,0.6942266225814819,-0.1477566659450531,0.1065890714526176,0.9082752466201782,0.5210177898406982,0.6927188038825989,0.2869593799114227,-0.080572210252285,-0.143041580915451,0.5369226336479187,1.0504631996154783,0.4520522058010101,-0.3815566003322601,-1.0843147039413452,0.4242238998413086,0.4428893625736236,0.7727795243263245,-0.11271483451128,0.5963641405105591,-0.5336257219314575,-0.4145865440368652,-0.0930271968245506,0.4222430884838104,0.1927646398544311,-0.4035003781318664,-0.4110448360443115,0.1082634553313255,-0.0029858634807169,0.0524127073585987,0.166703388094902,0.1684794872999191,0.3491660058498382,-0.12071093916893,0.3308565616607666,0.5550510287284851,-0.018241224810481,-0.1458954364061355,-0.93206387758255,-1.468620777130127,-0.5858704447746277,-0.053965974599123,0.1871979236602783,0.1993109285831451,0.6862973570823669,-0.7204278707504272,-0.1594906896352768,0.1600438356399536,-0.4500786960124969,0.8950967788696289,0.483115404844284,-0.3662504553794861,-0.1398576647043228,-0.0772723108530044,-0.0402719527482986,0.1948870122432708,-0.6461538076400757,0.3496512472629547,0.1929983347654342,-0.292580246925354,0.8708901405334473,0.5928434133529663,-0.952753245830536,-0.5800488591194153,0.2994386255741119,-0.7095662951469421,-0.3877021372318268,-0.1414899677038192,-0.1187630221247673,-0.226882517337799,-0.9625067114830016,-0.6216272711753845,0.1769756227731704,-0.3720604479312897,0.6183730959892273,-0.2944242060184479,-0.2436751723289489,0.3913763761520386,0.3015227615833282,0.3717937469482422,0.2275534719228744,-0.1137370243668556,-0.4073820412158966,-0.9319515228271484,-0.1594752222299575,-0.6824278235435486,-0.4467746615409851,-0.298469603061676,0.5496417880058289,0.4088552594184875,-0.3417203724384308,0.3422651588916778,-0.8266787528991699,-0.2169264554977417,-0.944948673248291,0.300152450799942,-0.2175954282283783,0.4510443806648254,0.2433313578367233,-0.5626786351203918,0.1603416502475738,0.3203263878822326,-0.2135343700647354,-0.4064880609512329,-0.1030912548303604,0.1624127775430679,0.153968408703804,0.3976919949054718,-0.4147221446037292,-0.0498390197753906,0.1031231135129928,0.6804152131080627,1.0598911046981812,-0.1469211876392364,-0.6755654811859131,-0.4156228601932525,0.7218894958496094,-0.8200952410697937,-0.5111777186393738,0.0852808803319931,1.0379979610443115,-0.4341500699520111,-0.0093580558896064,-0.0931151360273361,-0.2131607830524444,0.1918867975473404,-0.6069152355194092,0.0588084161281585,0.1086339578032493,-1.049772024154663,-0.0527109093964099,0.4001291394233703,0.2348199486732483,0.3815994262695312,-0.1056061089038848,0.2873418629169464,-0.2647623121738434,0.0589905194938182,0.1709464490413665,-0.1004977151751518,-0.5174713134765625,-0.1428467333316803,0.6444472670555115,0.2665767967700958,-0.8470263481140137,-0.1114944517612457,0.6196324229240417,-1.261491298675537,-0.3067860305309295,0.4951604306697845,0.4625239670276642,-0.806296706199646,0.3060609698295593,0.7664307355880737,0.5978373289108276,-0.3235744833946228,-0.4803456664085388,0.4361900687217712,0.680817723274231,-0.3462209403514862,-0.766511082649231,0.4465742707252502,0.1413706839084625,-0.1029802933335304,-0.540488064289093,-0.4225925207138061,0.2654396593570709,-0.0956962928175926,-0.2448957860469818,-0.4192146956920624,-0.1646664142608642,-0.3066335022449493,-0.1862993538379669,0.2451054602861404,-0.0318525545299053,-0.0467939153313636,0.695682168006897,-0.4298053383827209,0.2943534851074219,-0.7330169677734375,-0.4372770488262176,0.266561895608902,1.275129795074463,0.4799474477767944,0.6537413001060486,-0.7526010274887085,-0.1445199996232986,0.5737951993942261,-0.2828126549720764,0.7841343879699707,-0.7082526087760925,0.3595519959926605,-0.2249900996685028,0.4486998617649078,0.1162942722439765,-0.312129944562912,0.2356796860694885,-0.7608378529548645,-0.673935055732727,0.2672902941703796,-0.0121579803526401,0.5657185316085815,0.1676893681287765,0.0501080378890037,1.1467639207839966,0.0960680320858955,0.2769872546195984,-0.271636962890625,-1.2229118347167969,-0.2898721396923065,-0.818493664264679,-0.0662508532404899,-0.1926941573619842,-0.1408600509166717,0.6379884481430054,-0.5304189920425415,0.1868663430213928,-0.1202046424150466,-0.4112637639045715,0.2442872375249862,-0.3000135421752929,-0.6347482204437256,0.0767916440963745,-0.0052538914605975,-0.5005415678024292,0.9109095931053162,-0.0007811538525857,0.5739177465438843,-0.3620568215847015,-0.639089047908783,0.5519065260887146,-0.296102374792099,0.0041193105280399,-0.0016299751587212,0.1267074197530746,-0.2287810444831848,-0.2666354477405548,-0.1437699347734451,0.0704218074679374,-1.0117563009262085,0.5357574224472046,-0.4320216178894043,0.0675554797053337,-0.0848605036735534,-0.2459176182746887,-0.7839255928993225,-0.2140903323888778,0.0649926662445068,-0.1526171118021011,0.1472381502389907,0.3655463755130768,0.192785158753395,-0.4598661065101623,0.4447408616542816,0.5818700790405273,0.773893415927887,-0.2916417717933655,0.6764229536056519,-0.2633430957794189,0.1170301362872123,0.3807166218757629,-0.636992871761322,-0.5004210472106934,0.4088150560855865,0.2970898449420929,-0.4510889947414398,-0.2047666013240814,-0.3112285435199737,1.1695051193237305,-0.2776446640491485,-0.454189658164978,0.902678370475769,-0.3502555191516876,0.3743431270122528,1.0348628759384155,0.7548885345458984,-0.3306185603141784,0.8137053847312927,0.2189303785562515,0.4164632558822632,0.0481533221900463,-0.4062684178352356,-0.2302813231945037,0.8682974576950073,-0.0690934285521507,0.0666430816054344,0.7246530055999756,0.2387608587741851,0.2063861191272735,0.304114431142807,-0.0526445172727108,0.0919842198491096,0.3205940127372741,-0.1039949804544448,-0.344978004693985,-0.0909045413136482,-0.1859214305877685,-0.3086766302585602,-0.1104165613651275,-0.4009558856487274,0.3755174279212951,1.0586365461349487,-0.69407057762146,0.3782074749469757,-0.9081338047981262,-0.5527552962303162,-0.1388085484504699,-0.1920015960931778,0.0875670760869979,-0.8221295475959778,-0.3547230660915375,0.0455889664590358,0.100279651582241,-0.4144933223724365,0.1088500693440437,0.3550724685192108,-0.2159822881221771,-0.3159510493278503,-0.813616156578064,0.1168316379189491,0.7964914441108704,-0.5838242173194885,-0.3934233486652374,0.060257464647293,0.1438681185245514,0.7519621849060059,-0.8378763198852539,-0.4993960857391357,-0.388970673084259,-0.1639347821474075,-0.7298585176467896,-0.0774035155773162,0.1874646097421646,-0.6804988384246826,0.2744324803352356,0.0274815335869789,-0.2773340940475464,-0.6969039440155029,-0.2621581554412842,-0.1018723174929618,-0.5727987289428711,0.2523036897182464,0.1731978803873062,-0.2328196913003921,0.108727253973484,-0.1145984902977943,0.3019725382328033,0.7329968214035034,-0.3828904032707214,0.8873105049133301,0.0118421558290719,0.352819412946701,-0.810456395149231,0.5460114479064941,-0.7754442095756531,0.2387319207191467,-0.7294042706489563,-0.6843485832214355,-0.7158702611923218,-0.5920957326889038,-0.4448314309120178,0.6941059827804565,1.415650486946106,0.5825144052505493,-0.6701879501342773,0.2146046459674835,-0.1199929490685463,-0.4598611295223236,-0.5141260623931885,0.0787957608699798,0.0287131275981664,-1.562509536743164,-0.1510507017374038,0.1109620109200477,-0.5994253754615784,1.3839061260223389,-0.1814644634723663,-0.5518447160720825,-0.2039219886064529,0.4202861785888672,0.3994800150394439,-0.4896880388259887,0.0579875633120536,0.6398654580116272,0.2553820610046386,0.8101413249969482,-0.274228572845459,0.0906463786959648,0.1436778157949447,0.1233146637678146,0.0946904346346855,0.4151434302330017,0.4983032047748565,0.0801388993859291,0.8776180744171143,-0.6998874545097351,-0.6978878974914551,-0.6231597661972046,0.3570880591869354,0.1529397666454315,0.689155638217926,0.2196631878614425,0.7957811951637268,0.6500939130783081,-0.1513335853815078,0.0573428571224212,0.8899685144424438,-0.0597225539386272,1.2249330282211304,-0.5518271327018738,0.1374015361070633,-0.7722051739692688,-0.0206141173839569,0.9322041273117064,0.7353374361991882,-0.0895386338233947,-0.1536366045475006,-0.030578788369894,-0.5362865924835205,0.6016854047775269,0.3558008670806885,-0.1032327115535736,0.3825442492961883,0.2989633977413177,-0.4406847059726715,1.0371015071868896,-0.0341293402016162,0.2658805251121521,-0.6539269685745239,-0.0679441913962364,0.7289755940437317,0.4150844812393188,0.0939821302890777,0.7793418169021606,-0.2908057868480682,-0.6848353743553162,-0.1627069562673568,0.4638008773326874,-0.5895224809646606,0.6393943428993225,-0.0029510802123695,-0.5359312891960144,0.7100718021392822,0.655490517616272,0.3547017872333526,0.3587740361690521,-0.5897667407989502,0.1178450062870979,-0.1086761206388473,-0.1629100739955902,0.3958805501461029,0.2954218983650207,0.4053311049938202,0.0414086431264877,-0.8010706305503845,0.4483011364936828,1.3589962720870972,-0.0052117416635155,-0.092074379324913,0.3095720112323761,0.0476359650492668,-0.3680016994476318,0.1139998286962509,0.3104340732097626,-0.2435269206762313,0.2289800196886062,-0.2655230164527893,-0.3084410727024078,-0.1917210221290588,-0.1111677139997482,0.836298406124115,0.1016987338662147,-0.1079253777861595,-0.1257338672876358,-0.0497482158243656,-0.7834899425506592,-0.0943723171949386,-1.2535018920898438,-0.8204447031021118,-0.0228514838963747,0.079421080648899,0.1268144994974136,-0.0876045674085617,-1.0506716966629028,-0.3635828495025635,-0.3436509370803833,-0.780060350894928,-0.2888449728488922,0.2456021755933761,0.4450479447841644,-0.0233513191342353,-0.6451221704483032,-0.3198616802692413,0.4667545855045318,0.4408571124076843,0.2822818756103515,0.2906259596347809,-0.4739277958869934,-0.2051218152046203,-0.0680044218897819,0.5647624731063843,-0.0696877837181091,-0.4178608059883117,-9.239850997924805,0.4858905375003814,-0.6960218548774719,-0.0361793711781501,-0.2908546030521393,0.1097744330763816,0.7458534836769104,0.9021535515785216,-0.8397974967956543,0.8337070345878601,-0.4177514016628265,0.3903300762176513,0.6950947642326355,0.6229278445243835,-0.6647345423698425,0.0440518483519554,0.3326362371444702,-0.1166946589946746,0.6179511547088623,-0.1337971836328506,-0.4723475575447082,-0.8308966755867004,0.333613246679306,-0.35804483294487,-0.5387967228889465,0.3511967658996582,0.7182985544204712,0.211320474743843,-0.3411101400852203,0.7431811690330505,-0.708786129951477,0.2283969521522522,-0.0462522357702255,-0.4464648962020874,-0.3448687195777893,0.6354577541351318,0.4750964045524597,0.5005751252174377,-0.6288119554519653,-0.0984638035297393,-0.2708901166915893,0.7006009221076965,0.0804221704602241,0.0824451893568039,-0.1221666112542152,-0.0991153195500373,-0.1915300339460373,-0.0420115441083908,0.9884529113769532,-0.290996104478836,-0.0704822018742561,-0.7775848507881165,0.459912896156311,-0.9610315561294556,-0.3412564992904663,0.0553800277411937,-0.5966173410415649,-0.8167950510978699,-0.3448605835437774,0.1789460480213165,0.4906902015209198,0.3579187393188476,0.6264480352401733,0.1931654512882232,0.0191162060946226,0.154929056763649,0.4830325841903686,0.4936136901378631,-0.3643776178359985,-0.4921980798244476,-0.0711397528648376,0.0291632562875747,-0.4733636081218719,-0.1612384468317031,-0.1430217027664184,0.0011700104223564,-0.6814314723014832,-0.2017345577478408,0.7151430249214172,-0.0283666495233774,1.094463586807251,-0.1716654151678085,0.0287442691624164,-0.3106435239315033,0.1182713881134986,0.03754448518157,0.8500673770904541,0.6016170382499695,-0.007225947920233,-0.7786552309989929,0.437221348285675,0.5968304872512817,0.606789231300354,0.6270705461502075,0.1220488622784614,0.0347596146166324,0.8286532759666443,-0.122065931558609,0.8150589466094971,0.1964781284332275,0
0.2505481839179992,0.4489372670650482,0.1492974162101745,-0.5586414337158203,-0.0013604935957118,0.0918458104133606,0.3721223175525665,-0.0234025865793228,0.0832772254943847,-0.4972952902317047,0.922433853149414,0.0710767582058906,-0.3678937554359436,-0.0582557208836078,0.4592601954936981,0.0477102994918823,0.3026152551174164,-0.0985034108161926,-0.3389739096164703,-0.3084463775157928,-0.4294740259647369,-0.4628788530826568,0.0032123664859682,0.1254025250673294,0.4180895090103149,-0.4004127383232116,-0.0911752507090568,0.2276809960603714,-0.1435918509960174,-0.1566646099090576,-0.3757165074348449,-0.3744196891784668,-0.1879740059375763,-0.2184703797101974,-0.278684914112091,0.8278489112854004,0.1410537958145141,-0.2761842608451843,0.0495626181364059,-0.0305525045841932,-0.2750777900218963,-0.103702962398529,0.1346310377120971,-0.2775102853775024,-0.3408503830432892,0.5337256789207458,0.0850845575332641,0.2999982237815857,0.3017307221889496,-0.0298516284674406,-0.4111286401748657,0.4123713672161102,0.2305360287427902,-0.0554429590702056,-0.0002612370881251,-0.1306027173995971,-0.1068493500351905,-0.177051767706871,0.1526751071214676,-0.0106077278032898,-0.080419547855854,-0.2179279178380966,0.1381518840789795,-0.0645262748003006,-0.4898168444633484,-0.2554144263267517,0.0158404614776372,0.0089113507419824,-0.1771092265844345,-0.5936737656593323,-0.3995041847229004,0.2752134203910827,0.1364410668611526,-0.409847617149353,0.4420993030071258,-0.3259541392326355,0.3144108355045318,-0.1611713469028473,-0.1378859132528305,-0.1059435307979583,-0.2272272706031799,0.4182016253471374,-0.1328671723604202,-0.6189823150634766,0.1171788424253463,0.0059523768723011,0.1065851971507072,-0.4834829270839691,0.3780913650989532,-0.5386707186698914,-0.3544098436832428,0.272403359413147,0.5725651383399963,0.3448121547698974,-0.2858032286167145,0.0702245160937309,0.1583373248577118,-0.2321749329566955,-0.2503252625465393,-0.1264444589614868,0.5010859966278076,-0.3914403915405273,0.1215318441390991,-0.1627832204103469,-0.1635713726282119,0.1289453953504562,-0.4897728264331817,0.5729210376739502,-0.0315574333071708,-0.1191677451133728,-0.2018569260835647,-0.2577365636825561,-0.3563779592514038,0.4040128290653229,-0.2662290036678314,-0.1149513870477676,-0.1682388335466385,0.3997953832149505,-0.2984249293804168,0.1948220431804657,0.2346782982349395,0.2928614318370819,0.0676141455769538,0.1553054451942443,-0.0961431860923767,0.5456915497779846,-0.2279289662837982,-0.0558218955993652,0.0611917041242122,-0.2349888235330581,0.2706878185272217,0.0724034383893013,-0.3393912613391876,-0.1392006874084472,-0.5784204006195068,0.2526203095912933,-0.155659407377243,0.0599726513028144,-0.0823525488376617,-0.5838775634765625,0.047910239547491,-0.2668199837207794,0.2308844178915023,0.1897561997175216,0.0472326166927814,0.0304461829364299,0.4092461466789245,-0.2077170759439468,0.446753054857254,0.1353139877319336,-0.0519040711224079,0.783359169960022,-0.3722396194934845,-0.2989800870418548,-0.2798097133636474,0.042486522346735,-0.3434524536132812,0.0400078408420085,0.0653272718191146,0.4727227985858917,0.2746033072471618,-0.6966155767440796,0.0782220959663391,0.4430415630340576,0.2624966502189636,0.7815207242965698,0.1209591776132583,-0.0958712175488472,-0.0241772830486297,0.5504213571548462,0.2618978321552276,0.4256070256233215,0.1255105286836624,-0.5663151741027832,0.2344573885202407,0.5653722882270813,0.1362340450286865,0.1511902064085006,0.2922266721725464,-0.4613509178161621,0.1085969433188438,-0.4493367969989776,-0.2269296944141388,-0.4779540002346039,0.5775596499443054,-0.1593138724565506,-0.1407499462366104,0.0492161028087139,0.0404408201575279,0.0006456886767409,-0.5783886313438416,0.0301188584417104,0.5472155809402466,-0.4307481944561004,-0.0494826287031173,-0.1220207810401916,-0.0579941235482692,-0.3472139537334442,-0.1853754818439483,0.5233907103538513,-0.0871587991714477,0.2898628711700439,-0.2703546583652496,-0.2009024322032928,-1.124642014503479,-0.222978800535202,0.2935783565044403,0.4990005493164062,0.2641696035861969,0.1191057860851287,-0.4838886857032776,0.2278601378202438,0.4431247413158417,0.4852368533611297,0.0213789027184247,0.0502767190337181,-0.2780689299106598,0.179585114121437,0.3599025011062622,-0.5641339421272278,0.0423757135868072,-0.1109554767608642,0.0774233862757682,0.3421428501605987,-0.2297710478305816,-0.103759691119194,-0.0296202395111322,0.0609361641108989,-0.1472322195768356,0.7782184481620789,0.2733465433120727,-0.0964207574725151,-0.5749717950820923,-0.4450890123844147,-0.9197883009910583,0.2412146925926208,-0.1610824167728424,0.22455695271492,0.3092661798000335,0.297025203704834,0.2582457661628723,-0.2680031061172485,-0.1428358107805252,-0.2700835466384887,-0.2408133894205093,0.3363486230373382,0.1937740296125412,-0.1581805199384689,-0.5909778475761414,0.3315999209880829,-0.5108320713043213,-0.2683800160884857,0.6358513236045837,-0.1435994505882263,0.5744237899780273,0.1409382820129394,0.4897727072238922,-0.0853540748357772,-0.1874617785215377,-0.0955950766801834,0.0436156764626503,-0.4138393998146057,-0.1069721728563308,-0.2344851791858673,0.0109996134415268,0.1046502217650413,0.0584264323115348,-0.636326253414154,-0.0737071558833122,-0.3163428604602813,0.1024644523859024,-0.5688919425010681,-0.0704476460814476,0.230291873216629,-0.3569014072418213,0.250668466091156,-0.1041097939014434,0.3356075882911682,-0.2991388738155365,-0.0898166894912719,-1.0346769094467163,0.462022066116333,-0.7326732873916626,0.3542755842208862,0.1198809146881103,-0.1020419746637344,-0.0654364451766014,-0.1256033927202224,-0.1999105513095855,0.5118235349655151,0.1648826599121093,-0.2880998849868774,-0.5125777721405029,-0.0331790335476398,-0.1484315097332,0.0892459005117416,0.1570788919925689,-0.2203528583049774,0.0077931177802383,0.118221990764141,0.5483359098434448,0.1169387027621269,0.1514610946178436,-0.168676421046257,-0.3166066408157348,-0.8211398720741272,-0.174249917268753,0.1659409701824188,0.6097294688224792,-0.3898724913597107,-0.1515483856201172,1.065920114517212,-0.1712241768836975,-0.2753693759441376,0.2073781341314315,0.4925227761268616,-1.4006301164627075,0.1897653192281723,0.588225245475769,0.0082712536677718,0.0532373040914535,0.3261024951934814,0.305587887763977,0.3564168214797973,-0.5224007368087769,-0.0392370522022247,0.3144610822200775,0.3735979497432709,-0.0036170836538076,-0.3670718371868133,0.3963320851325989,-0.0700402110815048,0.0745707526803016,-0.612056314945221,-0.3191026151180267,0.4119139909744262,-0.0874440968036651,0.0874632224440574,-0.0170665271580219,-0.3100562393665313,0.0694663971662521,-0.2886847555637359,0.2692031264305115,-0.325777143239975,-0.2060827612876892,-0.2726702988147735,0.2635100781917572,0.449198842048645,0.661635160446167,0.5164912939071655,0.3551589548587799,0.2686977684497833,0.4473485052585602,0.3802987933158874,0.4603124260902405,0.3109914064407348,-0.1063156351447105,0.0195352584123611,0.5475675463676453,0.3219617009162903,0.2603946328163147,-0.0276618730276823,-0.2409785836935043,0.6404382586479187,-0.0342877991497516,0.4841922223567962,0.4391713440418243,0.6220520734786987,0.3925226628780365,0.2461102455854416,0.4162329435348511,-0.1992395222187042,-0.1421195566654205,-0.3447634279727936,0.2172411680221557,-0.2869605720043182,-0.159542977809906,-0.1537368595600128,0.2500409781932831,-0.1458094269037246,-0.51259446144104,0.1407272219657898,-0.4438359141349792,-0.0136881181970238,0.1929426491260528,-0.2214354574680328,-0.5873409509658813,-0.4135623872280121,-0.4071406424045563,-0.5993702411651611,0.487648457288742,0.2242782115936279,0.1675911098718643,-0.5403475761413574,0.1199017167091369,0.1179696023464202,0.1697641909122467,-0.1759710162878036,0.0114829167723655,-0.1525502800941467,0.0282090436667203,-0.1229961067438125,0.0094847762957215,-0.6527937650680542,-0.4276649355888366,-0.5186935663223267,-0.8451845645904541,-0.1182984411716461,0.1161651164293289,0.3922761380672455,-0.0325253829360008,0.1955144107341766,0.1770944148302078,0.2159095853567123,-0.2994886338710785,-0.1859803646802902,-0.8119920492172241,-0.0156768765300512,0.2146668434143066,0.2322666496038437,0.232969045639038,0.1962420046329498,0.1099632307887077,-0.0482075437903404,-0.2861345410346985,-0.012153910472989,-0.2400132715702057,-0.2711018323898315,0.9789894223213196,-0.2605230808258056,0.4552047252655029,-0.1963374316692352,0.1221195682883262,0.3167569637298584,-0.1554841697216034,-0.112817458808422,-0.0907303839921951,0.4706625342369079,-0.1368854939937591,-0.1007928028702735,0.0552294701337814,0.4654022455215454,-0.323762983083725,0.1653086394071579,-0.0653367415070533,0.1071037575602531,0.2053379118442535,-0.0762300416827201,-0.1510095745325088,-0.2405013442039489,0.1477335095405578,0.2341473698616027,0.2862294316291809,0.2517187595367431,0.2906464636325836,0.603635311126709,0.0465304367244243,0.2981800138950348,0.2586971819400787,0.7238072156906128,-0.2899322211742401,-0.2150292694568634,-0.4939345717430115,-0.0892949178814888,-0.4694490730762481,-0.1574169397354126,0.5626305937767029,-0.2203343510627746,0.2118527293205261,-0.1339785903692245,-0.6529372930526733,-0.0651318654417991,0.0051952362991869,0.0690673440694809,0.0703841000795364,0.3648920953273773,0.4399062097072601,-0.0126997204497456,-0.6327009201049805,0.5944579839706421,-0.3083150088787079,0.5145155787467957,0.3459455370903015,-0.5750617384910583,-0.2742610871791839,-0.0764722600579261,0.0789083093404769,0.0509687885642051,0.2437104284763336,0.5642279982566833,-0.3491406440734863,-1.0541503429412842,-0.1875897049903869,0.253937304019928,-0.1902288049459457,-0.4174838066101074,0.2181191146373748,0.1227318570017814,-0.9403929114341736,-0.6611847281455994,-0.3907082676887512,-0.2368012964725494,-0.0750048086047172,-0.9417609572410583,0.2107371240854263,0.0918762311339378,-0.0685869976878166,0.4357554912567138,0.0065562450326979,0.0523173697292804,0.2633278965950012,0.4124357998371124,0.32712522149086,-0.5278412699699402,-0.0882996395230293,0.1802866458892822,-0.0107608418911695,0.0757314711809158,0.4335595369338989,0.0022350514773279,0.1346089839935302,-0.0360789820551872,-0.6570267677307129,-0.1326983571052551,-0.3951635062694549,-0.8622023463249207,0.3906485438346863,-0.0485257804393768,0.2440661787986755,-0.4389907419681549,0.3586048185825348,-0.2363224476575851,0.0419668890535831,0.1436831504106521,0.0125273689627647,0.0706452205777168,-0.6102577447891235,0.3147449195384979,-0.4907277226448059,-0.4119032323360443,0.8037401437759399,0.6327239871025085,-0.277031272649765,0.0262137148529291,0.3444098234176636,0.0450162589550018,-0.3139759302139282,0.0423781313002109,-0.0282185282558202,-0.0554161630570888,-0.1430779546499252,0.2068943828344345,0.3075024485588074,0.0210439786314964,-0.2298358529806137,-0.2397428303956985,0.5746675133705139,0.4281243979930877,0.2773855924606323,-0.1015438437461853,-0.0849071964621543,-0.2149445414543151,-0.3835354745388031,0.1777462214231491,0.1371704339981079,0.6504777669906616,-0.1978227198123932,0.90113627910614,-0.1241719648241996,-0.3456954061985016,0.2918019294738769,0.6946764588356018,-0.100216694176197,0.2651370167732239,0.1185874417424202,0.1118910908699035,-0.889651358127594,0.1925767362117767,-0.256352037191391,0.2200701981782913,0.1242488473653793,0.4356253743171692,0.467876672744751,-0.6214590072631836,-0.260323166847229,-0.1672984957695007,0.1883513331413269,0.0608341209590435,0.5436148047447205,-0.025854293256998,0.0934903025627136,0.2462126761674881,-0.1927277445793151,-0.0298794582486152,0.1243695616722107,0.0780878812074661,0.8339083194732666,0.2224399149417877,0.0871190205216407,-0.2118162512779235,-0.8105356693267822,0.3458636999130249,-0.0689836740493774,0.018697315827012,0.4625156223773956,-0.282231330871582,0.1249693036079406,0.3071497082710266,0.6096946001052856,0.1468066424131393,-0.2993062138557434,-0.793890118598938,0.1002339199185371,-0.0204421188682317,-0.0992076396942138,0.2560797929763794,-0.0415349118411541,0.3648510277271271,0.203915536403656,-0.1634592562913894,0.0352919995784759,0.5447142124176025,-0.1733648031949997,0.0036587237846106,0.304246574640274,0.1871929317712783,-0.4307031333446502,0.0009281226666644,-0.2076293379068374,-0.4050754308700561,-0.4266373217105865,-0.2039306312799453,-0.2270745187997818,-0.0535288043320179,-0.1840565502643585,-0.0797881931066513,0.2254985123872757,0.1304506063461303,-0.1006392464041709,-0.3923006653785705,-0.3506778478622436,0.5158728361129761,-0.7764759063720703,-0.1357771307229995,-0.1237556636333465,0.0765950009226799,-0.1074878200888633,-0.0110861044377088,-0.3666615784168243,-0.1664658933877945,-0.1050653979182243,0.1489000916481018,0.0398935228586196,-0.416027158498764,0.2048544883728027,0.2299579083919525,-0.1175116971135139,-0.788458526134491,0.1993530094623565,-0.0932439640164375,0.6569687724113464,-0.1900956332683563,0.2818269431591034,-0.2750597894191742,0.2358642965555191,-0.3131818175315857,-0.1302007734775543,0.0328198932111263,-10.583672523498535,-0.0490938015282154,-0.445158988237381,-0.1263294517993927,-0.4172158241271972,0.4067028164863586,0.6914451718330383,0.2893685698509216,-0.4186541438102722,0.0356551110744476,0.3733002245426178,0.3360385596752167,0.267772227525711,0.3577016592025757,-0.6444789171218872,-0.2057143747806549,0.1316499561071396,-0.0891802087426185,-0.1396465450525283,-0.2161887139081955,0.2653757333755493,-0.0017534146318212,0.2895424365997314,0.6346953511238098,0.0794324725866317,-0.5257126092910767,-0.4686369895935058,0.2963267862796783,0.0342756062746048,0.2951556444168091,-0.3470078706741333,0.142052948474884,0.0479567125439643,0.319089412689209,-0.3116777241230011,-0.2718498408794403,-0.1247318685054779,0.3276664912700653,0.1142612621188163,0.191989004611969,0.2599020004272461,0.657625675201416,0.285983681678772,0.0854373276233673,0.2722641825675964,0.4464370608329773,0.5172173380851746,0.294055163860321,0.6834058165550232,-0.0487478226423263,0.0203231442719697,0.3268148303031921,-0.1709272563457489,-0.1003255695104599,0.3273875713348388,0.0490538142621517,0.7690467834472656,-0.6563530564308167,-0.44570192694664,0.073697306215763,-0.0454915389418602,0.0713259354233741,0.9178944230079652,0.5181217193603516,0.0308233760297298,-0.0776502043008804,0.312881737947464,0.4847948849201202,-0.5009794235229492,-0.2229619175195694,-0.0355613268911838,0.2150739580392837,0.0117330383509397,-0.0769709050655365,-0.5127115845680237,0.275899589061737,-0.004084981046617,-0.2585968971252441,0.3279469013214111,0.2067940235137939,0.1488009393215179,0.2203200012445449,0.015926444903016,0.1426022797822952,-0.5167419910430908,0.1087146177887916,-0.2099006623029709,0.1725313067436218,0.0848772972822189,-0.4644400477409363,-0.07003665715456,-0.2248544692993164,-0.0309130512177944,0.7703751921653748,0.4164022207260132,-0.0329809635877609,-0.0987273156642913,0.102551057934761,0.5012519955635071,0.0252322237938642,0
0.8428535461425781,0.14724762737751,0.914772927761078,-0.1446096450090408,0.0110466703772544,0.0093072764575481,0.1530058830976486,0.1015284731984138,-0.1414278000593185,-0.5697547197341919,1.065681219100952,-0.0850517898797988,-0.2417025417089462,0.2058632671833038,0.7536882162094116,-0.2418379187583923,0.3925280570983886,0.0309720393270254,-0.3245392739772796,-0.4360237419605255,-0.5933851599693298,-0.5338149666786194,-0.3874240219593048,0.5213273167610168,0.0146444160491228,-0.5230896472930908,0.2999711036682129,0.3084985911846161,0.2305364906787872,-0.0575638972222805,-0.2633035778999328,-0.3461081981658935,-0.1724962145090103,0.1839372515678405,-0.3182743787765503,0.2442292720079422,0.0362192057073116,-0.1567654758691787,-0.1057023033499717,-0.1612598448991775,0.0770212486386299,0.0094878878444433,0.2924465537071228,0.0098749976605176,-0.2765757143497467,0.8209189176559448,-0.1102399453520774,0.1899501532316208,0.2017050385475158,0.0164486821740865,-0.0229494981467723,0.2235471606254577,0.1238044053316116,0.4186111986637115,-0.0871918648481369,0.053845215588808,0.4983358681201935,-0.443732887506485,-0.0684826597571373,0.3208995163440704,-0.0599387660622596,-0.0959830731153488,0.0703244879841804,-0.4191700220108032,0.0345207713544368,-0.3537854254245758,-0.1240004301071167,-0.0707898065447807,-0.119190976023674,-0.5592365264892578,-0.49446702003479,0.0992212742567062,0.2855228185653686,-0.5798616409301758,0.8567506670951843,-0.3002824783325195,-0.2109236866235733,0.1735016405582428,-0.0624107904732227,-0.09706512093544,-0.0653534531593322,0.3751562833786011,-0.082525685429573,-0.7611671686172485,-0.0290810726583004,0.2612559497356415,-0.491557776927948,-0.4898227453231811,-0.007385809905827,-0.4104330241680145,0.1723001152276992,0.2238434553146362,0.1149868443608284,-0.4604622423648834,0.0290198288857936,0.1481990665197372,-0.0779963210225105,-0.3238734602928161,-0.0675454810261726,0.2618071138858795,0.2826297879219055,0.1163330078125,0.234429270029068,0.1147943511605262,0.0545557104051113,0.1976007968187332,-0.0644290372729301,-0.1604019403457641,0.1842176765203476,0.2962197363376617,-0.1187959685921669,0.1160254478454589,-0.5236945748329163,0.1923601627349853,0.0684427767992019,-0.041261650621891,-0.4966122508049011,0.2173822224140167,-0.255562275648117,0.525975227355957,0.1760977059602737,0.3248126804828644,-0.1590698510408401,-0.2609193027019501,1.5810472177690826e-05,0.3217147290706634,-0.2695903182029724,-0.1688292324542999,-0.3075852692127228,-0.6250006556510925,-0.0241208188235759,0.0034810721408575,-0.523842990398407,-0.0208071656525135,0.0734094902873039,0.4476232826709747,-0.0328529924154281,-0.2017801403999328,-0.1783410310745239,-0.3751823306083679,-0.2119773775339126,0.0823509842157363,-0.3193364143371582,0.1574371308088302,0.0867023915052414,0.4207979738712311,0.0388737916946411,-0.6382851004600525,0.222518190741539,0.3211826384067535,-0.8249050974845886,0.7675848007202148,-0.3871922194957733,-0.0914063528180122,0.5938925743103027,0.2369312047958374,-0.5637731552124023,0.1383925229310989,-0.0970321297645568,0.3788193762302398,-0.0830970406532287,-0.1937310844659805,0.3662143051624298,0.1933426111936569,0.1212225630879402,0.1178300902247428,0.268019825220108,0.33194300532341,0.0186075568199157,0.0889475122094154,0.1759225130081176,0.7941156029701233,0.634880006313324,-0.1915655881166458,0.1070166900753974,0.0806391835212707,0.6924725770950317,-0.3180087506771087,0.4662345051765442,-0.6232848167419434,0.0098408060148358,-0.3563567996025085,0.0523331090807914,-0.2804619669914245,-0.0293134041130542,0.0119207054376602,-0.2609263062477112,0.2805769741535187,-0.1917134523391723,0.6687575578689575,0.0965749621391296,-0.1246963143348693,0.2676842212677002,-0.2996567189693451,-0.1517939865589141,-0.4820320606231689,-0.1413478106260299,-0.2310256063938141,-0.4266738891601562,-0.0134970396757125,0.5261303186416626,-0.0450966395437717,-0.1831406652927398,-0.2456250637769699,-0.7902971506118774,0.024423748254776,0.2058810591697693,0.402921050786972,0.3850396275520324,0.0697951763868331,-0.5126736164093018,0.3964976072311401,0.5394122004508972,0.1907079070806503,-0.0664450600743293,0.3307293355464935,0.0489521659910678,-0.4587816298007965,0.2073107212781906,-0.6930342316627502,0.5817712545394897,-0.3592620491981506,-0.0868642404675483,-0.3295090794563293,0.0895883217453956,0.1078618690371513,-0.0688109397888183,-0.3149998188018799,-0.5338008403778076,0.5761033892631531,-0.7417436838150024,-0.6712297797203064,-0.2257560044527053,-0.2870853245258331,-0.8685229420661926,0.0127885080873966,-0.5036101341247559,0.2330738306045532,-0.2940353453159332,0.14636991918087,0.2434293031692505,0.0030777736101299,-0.2661753594875335,-0.6125774383544922,-0.2341812998056411,-0.3112350404262543,-0.3007319569587707,0.0572306141257286,-0.334857314825058,-0.0240968987345695,-0.4926822483539581,-0.4404675960540771,0.1106903776526451,-0.1186909675598144,0.9443458318710328,0.4091784954071045,0.4415057897567749,-0.3931320011615753,0.0665241032838821,-0.7282801866531372,0.1801710277795791,-0.7886556386947632,0.3176657259464264,0.127290204167366,-0.0991805717349052,0.2116015702486038,-0.163839116692543,-0.5939183831214905,-0.2177930176258087,-0.2278593927621841,-0.2390162348747253,-0.4142943024635315,-0.5297264456748962,0.182474210858345,0.216857761144638,0.545738160610199,-0.2190729528665542,0.4684882164001465,-0.4957364499568939,0.1056086122989654,-0.5215521454811096,0.1107179746031761,-0.4535125195980072,-0.3599477708339691,-0.0686781257390976,0.127522736787796,-0.3975832760334015,0.2912800312042236,-0.0963909551501274,0.385229229927063,0.4265028238296509,-0.228554829955101,-0.7079148888587952,-0.1396674215793609,-0.1969772428274154,0.3272117078304291,0.2600263953208923,0.2852014899253845,-0.0696388781070709,0.173271507024765,0.889493465423584,0.1502064168453216,-0.2740601301193237,0.0156508013606071,0.2585019767284393,-0.3727951049804687,-0.1044305711984634,-0.2667835354804992,0.6339572668075562,-0.3434532284736633,-0.1224403828382492,0.6537509560585022,-0.3525537252426147,-0.0394293963909149,0.154287502169609,0.0710458010435104,-1.7220999002456665,-0.3483351767063141,0.1919002830982208,0.174204334616661,0.0176689177751541,0.149718552827835,0.1010403633117675,0.2501252889633178,-0.0673146247863769,-0.5037276744842529,0.7261840105056763,0.146741509437561,-0.1666327863931656,-0.1251677870750427,0.6751115322113037,0.1034785360097885,0.001220726291649,-0.8301251530647278,0.2944329679012298,0.628052830696106,0.3939188420772552,0.1056861281394958,-0.1659457236528396,-0.3022599816322326,0.0629619061946868,-0.0094521157443523,0.0890965089201927,0.6669979691505432,-0.7794858813285828,0.0398215912282466,0.1016763225197792,0.7421470880508423,0.5771476030349731,0.6708850264549255,-0.1984913349151611,-0.0925130993127822,0.2182628661394119,0.3301615118980407,0.4148378670215606,-0.1697184294462204,0.1827566176652908,-0.3083256781101227,0.4460107088088989,0.0583860874176025,0.2838477194309234,-0.0701364427804946,-0.020753813907504,0.3800641298294067,0.1061497256159782,0.524531900882721,0.91005140542984,0.3884528577327728,0.4630708396434784,0.1901292651891708,0.7940971851348877,0.4036495685577392,-0.3311356604099273,-0.6594009399414062,-0.1423183530569076,-0.4381342232227325,-0.1445309221744537,-0.3437572419643402,-0.2379638254642486,-0.1142576560378074,-0.3509154915809631,0.1251454800367355,-0.0647215917706489,-0.3683803677558899,0.272853285074234,-0.4432365298271179,-0.5335108041763306,-0.4980075359344482,-0.1221818551421165,-0.56495600938797,0.0530169419944286,0.0483399033546447,0.1952083110809326,0.0427548550069332,-0.657188355922699,0.1448244899511337,-0.0611797161400318,-0.2768385112285614,-0.1343580782413482,0.201644092798233,-0.3195215761661529,0.240187868475914,-0.0026956475339829,-0.4210850298404693,-0.375089168548584,0.0099769188091158,-0.589247465133667,-0.3506070971488952,-0.1315280497074127,0.7865917086601257,-0.3531465828418731,-0.2003547400236129,0.0050890343263745,0.1128545776009559,-0.7548702955245972,0.0642917230725288,-0.7343674898147583,0.5232497453689575,0.4936108887195587,-0.0589960701763629,0.3913268446922302,0.6954641342163086,0.3375476002693176,0.1984389275312423,-0.3774689733982086,-0.2719437479972839,-0.2588716149330139,-0.5379176735877991,0.7702919840812683,-0.2490190714597702,0.7269302010536194,0.4283779263496399,0.2892250716686249,0.5300412774085999,-0.3460382521152496,-0.2438388168811798,0.1909966319799423,0.6566975712776184,-0.0794098079204559,-0.0520551912486553,0.1548321694135666,0.6620549559593201,-0.0442051254212856,0.3663160800933838,0.0802531167864799,-0.1267841607332229,0.2598989307880401,-0.1017756462097168,0.3252965807914734,-0.1984061598777771,0.0067928321659564,0.1837203651666641,0.4564310312271118,0.0412425622344017,0.4583513438701629,0.4672901630401611,0.3414145708084106,0.314640998840332,0.1895072907209396,0.5585919618606567,-0.1771994531154632,-0.2297801375389099,0.1280644237995147,0.2987040281295776,-0.3272932469844818,-0.0160891842097044,0.4949380159378052,-0.3363653719425201,0.3075313568115234,-0.489090621471405,-0.5833665132522583,-0.3166956603527069,-0.4406675994396209,-0.0678697526454925,-0.4406477212905884,-0.1183252707123756,0.1957014203071594,-0.0446809902787208,-0.6854885816574097,0.3724976480007171,-0.3453564643859863,0.3833151757717132,0.5171678066253662,-0.5152450203895569,-0.0472607128322124,0.2874491810798645,-0.0381245911121368,-0.1154327690601348,0.0645733401179313,-0.1976570039987564,-0.3230129182338714,-0.934554159641266,-0.2400369793176651,0.0442837886512279,-0.0991789177060127,-0.2871673107147217,0.5115631222724915,0.092045284807682,-0.5145739316940308,-0.2278452962636947,-0.5241068601608276,-0.2787428796291351,-0.2082561999559402,-0.6647779941558838,-0.0834841281175613,0.1696593463420868,-0.0506255999207496,0.6498787999153137,0.3963914215564728,0.104845717549324,0.1723600775003433,0.1785944104194641,0.3938924372196197,-0.0350173339247703,-0.2009407430887222,-0.1641648560762405,-0.1621904820203781,-0.0830324739217758,-0.0867351815104484,0.2591311633586883,0.0097455726936459,-0.3070038557052612,-0.9516222476959229,-0.0418761484324932,-0.3816653192043304,-0.9026296734809875,0.4849019646644592,-0.1907128542661667,0.1880556792020797,-0.6730779409408569,-0.0792931988835334,0.022609444335103,0.3118946552276611,-0.241324707865715,0.5967952609062195,0.1383103877305984,-0.7269365787506104,0.2737921178340912,-0.3295099437236786,-0.3302815854549408,1.0264590978622437,0.3439094126224518,-0.1569504737854004,0.2397739291191101,0.465257853269577,0.3393100798130035,0.0740174204111099,0.1507294774055481,-0.325138509273529,-0.1439951360225677,0.6574992537498474,-0.1816409677267074,0.351689338684082,0.1076793894171714,-0.1690734475851059,-0.1951170414686203,0.6104441285133362,0.2678468525409698,-0.0060361051000654,-0.0265005528926849,-0.1154527217149734,-0.2361890971660614,-0.1014176905155181,0.4698155522346496,0.1661379337310791,0.6599980592727661,-0.3308554589748382,0.3556314408779144,0.2923442423343658,-0.4547017812728882,0.0148122161626815,0.5182251930236816,0.1812173724174499,0.2160294353961944,-0.1175724640488624,0.3649737238883972,-0.7021845579147339,0.3829113245010376,0.2949365675449371,-0.0953113362193107,0.3274129033088684,0.2308294922113418,-0.1615501195192337,0.0067298356443643,-0.2062727212905883,-0.0785578042268753,-0.1429717689752578,0.372656762599945,0.409796267747879,0.3846979439258575,0.6473320722579956,0.3991507589817047,-0.4763088524341583,-0.1153056398034095,-0.04938755184412,0.3297649025917053,0.8122866153717041,-0.0535163581371307,0.2944476008415222,-0.2604421079158783,-1.199391484260559,0.4936768412590027,-0.5033524632453918,0.2325495332479477,0.7066571116447449,-0.1928885132074356,0.0674138516187667,0.3218953609466553,0.0984575748443603,-0.0980831310153007,-0.8193907141685486,-0.5776545405387878,0.0975599586963653,-0.207587331533432,-0.1709236353635788,-0.0121096633374691,-0.1803231239318847,0.222211942076683,0.7724243998527527,0.2271577715873718,0.0284070689231157,0.5157057642936707,0.1516990661621093,-0.0176018178462982,0.5948288440704346,-0.1016211956739425,-0.1829369813203811,-0.1207126304507255,0.1017409712076187,-0.4903645813465118,-0.5075136423110962,0.2191217541694641,0.0238668601959943,0.1757555156946182,-0.4105032384395599,0.0540925189852714,0.5895481705665588,0.0993738621473312,0.2173951864242553,-0.576776921749115,-0.1098375543951988,-0.2083437591791153,-0.7775993347167969,-0.4112895429134369,-0.0088854348286986,-0.1211929395794868,-0.0123786143958568,-0.6658076643943787,-0.6159895658493042,-0.1353680938482284,-0.3060471713542938,-0.0121462987735867,-0.289894163608551,-0.5220229625701904,0.3902445435523987,0.2849881947040558,0.0848667100071907,-1.1524152755737305,0.6948121786117554,-0.4332935810089111,0.6286507248878479,-0.2955699265003204,0.0633084326982498,-0.242312416434288,-0.4822821319103241,-0.1343346834182739,0.0787879675626754,-0.389260321855545,-10.363531112670898,-0.2107219398021698,-0.3731524646282196,0.1085914671421051,-0.0196045264601707,-0.0853371322154998,0.644160807132721,0.3894230723381042,-0.6294508576393127,0.2475399225950241,0.0378472916781902,0.2934749126434326,0.5160931944847107,0.3897602260112762,-0.4041062891483307,-0.532547116279602,-0.0218108743429183,-0.2983573079109192,0.286106675863266,0.0744397267699241,-0.0861763283610344,-0.2740868628025055,0.5573378205299377,0.3563971221446991,0.6098764538764954,0.0139250680804252,0.3499718010425567,0.3595214784145355,0.0536108054220676,0.2993812263011932,-0.71188884973526,0.4022751152515411,-0.2591966986656189,0.5334731936454773,-0.2216607332229614,-0.06512301415205,0.0376212000846862,0.188887670636177,0.0058062486350536,0.5027866363525391,0.3324476182460785,0.0799217149615287,-0.2490074336528778,-0.095552384853363,0.5236090421676636,0.8779920339584351,0.1671588122844696,0.7025971412658691,0.8045728206634521,0.0684360936284065,-0.0179562643170356,-0.1114026680588722,-0.16382996737957,-0.0887001752853393,0.0108162378892302,0.318409115076065,0.4870165288448334,-0.4019095003604889,-0.045327890664339,-0.1225586161017417,0.2121551483869552,-0.1075054258108139,0.7862293124198914,0.5843040347099304,0.4009985327720642,0.1098467260599136,0.040939837694168,0.62126225233078,-0.526177167892456,-0.3923641145229339,0.0602347552776336,0.5118566155433655,-0.2878681421279907,-0.400768518447876,-0.0598073489964008,0.6335875391960144,0.1778720021247863,-0.260413646697998,0.3379950821399688,-0.0571728609502315,0.7973161339759827,-0.2151548862457275,-0.0770865231752395,0.6467709541320801,-0.7263981103897095,-0.1425137966871261,-0.2054347693920135,0.1441833823919296,0.4026038646697998,-0.3976402580738067,0.5589066743850708,-0.0159731749445199,-0.2493696957826614,0.0530163012444973,0.5961054563522339,0.125937819480896,-0.1188389882445335,0.5601615309715271,0.1340842545032501,-0.5928417444229126,1
0.7867145538330078,0.0708349272608757,0.742893397808075,-0.1838691085577011,0.1011911258101463,0.2392100542783737,0.1923132240772247,0.2130631059408188,-0.3269410729408264,-0.0891355201601982,0.746151864528656,-0.4699705839157104,-0.3176074624061584,-0.0209833998233079,0.2547239363193512,-0.2693190574645996,0.118726298213005,-0.1646081060171127,-0.1753565967082977,-0.4720112085342407,-0.911198914051056,-0.3484183251857757,-0.2336014956235885,0.4054262042045593,0.1208108365535736,-0.6871124505996704,0.1998245269060135,0.0655777156352996,0.3151849210262298,-0.4275963008403778,-0.4248006641864776,-0.2068347930908203,-0.1021264120936393,-0.1935146450996399,-0.5420680642127991,0.3193194568157196,0.2704769372940063,-0.5580419898033142,0.2905867993831634,0.1411934942007064,0.286115825176239,-0.5992151498794556,-0.4335915148258209,-0.1251053363084793,-0.2856943309307098,0.2833120226860046,0.0016067487886175,-0.0081587750464677,-0.1917414665222168,0.1153637617826461,-0.4507743418216705,0.4625769555568695,0.2477190792560577,0.2116083651781082,-0.0117613011971116,-0.1962929219007492,0.5633139610290527,-0.5857250094413757,0.3440095484256744,-0.0379705391824245,-0.1354264169931411,-0.0096352472901344,0.4313397109508514,0.1513674408197403,-0.0747178196907043,-0.442377358675003,0.0142631446942687,-0.2476664036512375,0.0865586623549461,-0.181779608130455,0.1979971826076507,0.4168930053710937,-0.225948616862297,-0.5069829821586609,0.4392899572849273,-0.4065687358379364,0.0799621418118476,0.5694052577018738,0.2505086064338684,0.1232812404632568,-0.2342156767845153,0.4308616518974304,0.3337282240390777,-1.049006104469299,-0.0953195244073867,0.6748930811882019,-0.5405322909355164,-0.973404049873352,0.2239858508110046,-0.1637958735227584,0.1225029453635215,-0.0006660738145001,0.0842236429452896,0.555625855922699,0.2164641618728637,-0.0850918963551521,0.1721726506948471,-0.0853357315063476,-0.1753840446472168,0.019828351214528,-0.0060572708025574,0.649299681186676,0.3868525922298431,-0.2103165537118911,0.0275844950228929,-0.0069196573458611,-0.4675975143909454,0.1809847801923751,-0.1081095412373542,0.256448894739151,-0.2815978229045868,-0.6744349002838135,-0.7941291928291321,-0.3054988086223602,0.3202062249183655,0.1177051216363906,-0.4827282726764679,0.5573588609695435,-0.3808158636093139,0.7893625497817993,0.1537065804004669,0.0135673442855477,0.2884730398654938,-0.5348156690597534,-0.2561828792095184,0.6619635224342346,-0.0410815849900245,0.1901703029870987,-0.0020437880884855,0.1049129068851471,-0.4388051927089691,-0.6097515821456909,-0.4100975096225738,-0.1050836369395256,-0.339493840932846,0.5588281750679016,-0.0101566230878233,-0.1728275269269943,-0.2831816077232361,-0.4435604214668274,-0.2787855863571167,-0.0090914629399776,0.3269920945167541,-0.2441711574792862,-0.0855772569775581,0.2058939933776855,-0.239526554942131,-0.7222209572792053,0.0762970745563507,0.244294986128807,-0.0723672807216644,0.8207871913909912,-0.7421607971191406,0.1113266199827194,0.0707470998167991,0.3743141293525696,-0.5620604753494263,-0.1206672638654708,0.0424097590148448,0.1892085522413253,0.1680011600255966,-0.4175454378128052,0.0263867918401956,1.1678292751312256,0.4886824190616607,0.6675014495849609,0.1892476081848144,0.1243494600057601,-0.3463293612003326,1.0126423835754397,0.3886906206607818,-0.1347672790288925,-0.0364661701023578,-0.2684782147407532,-0.2270053178071975,0.2461842149496078,0.7007574439048767,0.2092982083559036,0.0551032163202762,-0.3221490085124969,0.0303785298019647,-0.1289931684732437,0.2473182827234268,-0.6812049746513367,0.3266906440258026,-0.0049880915321409,0.0222484208643436,0.1812639385461807,-0.0156607124954462,0.0116939190775156,-0.0434721857309341,-0.5908963084220886,0.2351284176111221,0.1040264591574668,-0.2904166877269745,-0.2520527243614197,-0.1166572943329811,0.1683895587921142,-0.5054659843444824,0.7311071157455444,-0.0875383988022804,-0.0520121939480304,-0.1950419694185257,-0.7629533410072327,-0.9581972360610962,-0.1446371078491211,0.2345387786626815,0.9014295339584352,0.4078212082386017,0.6297563314437866,-0.4107007980346679,-0.0121088838204741,0.074426993727684,0.4308149218559265,0.6970040798187256,0.5146234035491943,-0.3770841360092163,-0.8354176878929138,0.6880303025245667,-0.3194916248321533,0.0711719840764999,-0.1090176030993461,0.4695009887218475,-0.0505524761974811,0.1773953884840011,0.176179900765419,0.5706157684326172,0.0172787699848413,-0.5293285846710205,0.6128889322280884,-0.5870900750160217,-0.7013711333274841,-0.650608241558075,0.1065723001956939,-0.8748494386672974,-0.3048478960990906,-0.017015827819705,0.3616439998149872,-0.2669620811939239,0.4073687493801117,0.1168466806411743,-0.4032041728496551,0.2622803449630737,-0.8026021122932434,0.1716596931219101,0.3988494873046875,-0.2462335973978042,0.0328189507126808,0.0833067372441291,0.4262923896312713,-0.3853625059127807,-0.3274657726287842,-0.3033361136913299,-0.4361858665943146,0.6585824489593506,0.1540664136409759,0.5070618391036987,-0.1957564353942871,0.5581788420677185,-0.6439541578292847,-0.1431386023759842,-0.5079178810119629,-0.0754758194088935,0.2681684792041778,0.0673800930380821,0.1013691872358322,0.2607496082782745,-0.0047584250569343,-0.2044828534126281,-0.4275454580783844,0.1867600530385971,-0.1469260603189468,-0.261572390794754,0.0870727375149726,-0.0983484983444213,0.120090328156948,-0.2587153911590576,0.5614445805549622,-0.3469077050685882,0.3717933893203735,-0.1987410932779312,0.4716575443744659,-0.4950082898139953,-0.2135708034038543,0.1298293173313141,-0.1679901629686355,-0.7254625558853149,0.136007472872734,-0.4956276416778564,0.7112587094306946,0.3246582746505737,-0.6437545418739319,-0.661221981048584,0.0075717116706073,-0.2565708756446838,-0.1094778105616569,0.0973891392350196,0.0141657162457704,0.5288934707641602,-0.2003094255924224,0.4805301129817962,0.237599566578865,0.5381987690925598,-0.124152772128582,0.1200235486030578,-0.4060524404048919,-0.0036058844998478,0.3620941638946533,0.4942193329334259,-0.015687059611082,0.2780960202217102,0.6448803544044495,-0.0793284103274345,0.4855852127075195,0.2900719940662384,0.604702889919281,-1.9486045837402344,-0.6136404871940613,0.4680359959602356,-0.2084487825632095,-0.3929048180580139,0.1378044039011001,0.2854048311710357,0.1845850944519043,-0.2273610383272171,-0.698093593120575,1.1570940017700195,0.3653018772602081,-0.1664785593748092,0.0456408113241195,0.4505418837070465,-0.1291229873895645,-0.0482037886977195,-0.9379285573959352,0.4552870094776153,0.7139964699745178,0.0319093838334083,-0.5190733671188354,-0.299164354801178,-0.4727130234241485,-0.2011853158473968,0.2588784098625183,-0.4195295572280884,0.1730094701051712,-0.7935397624969482,-0.1287556737661361,0.0034102678764611,1.132369041442871,0.6842933297157288,0.7060613036155701,-0.6035739183425903,-0.1532079875469207,-0.3311269879341125,0.1575557589530944,-0.0415466278791427,-0.2444469630718231,0.0901303514838218,-0.432672381401062,0.0630003660917282,-0.1784032136201858,0.0859770700335502,0.0211934242397546,0.0395099967718124,0.5363450050354004,-0.5915959477424622,0.2900856137275696,0.5916993618011475,-0.1293477714061737,0.297405332326889,0.2670274376869201,0.8876358866691589,0.0820816829800605,0.179935410618782,-0.7895864248275757,0.049771100282669,-0.3302003443241119,-0.0763139203190803,-0.1491705179214477,-0.0581076890230178,0.6235506534576416,-0.3177649676799774,-0.0110785504803061,-0.0975172370672226,-0.382246732711792,0.1637555658817291,-0.3304032683372497,-0.2539927959442138,-0.1462448686361313,0.1670363843441009,-0.4310989379882812,0.5967812538146973,0.444889634847641,0.4733264148235321,0.0224231593310832,-0.2643353939056396,0.4162861108779907,-0.1178639605641365,0.3723043203353882,0.1648788154125213,0.4629753828048706,-0.4953939914703369,-0.1047522947192192,-0.149253562092781,-0.5999587774276733,-0.4272370934486389,-0.0219944939017295,-0.8272181153297424,-0.1670113503932953,-0.2919632196426391,0.6536985635757446,-0.1041442602872848,-0.4664764106273651,0.4502754509449005,0.1886263489723205,-0.6232830882072449,-0.598511815071106,-0.3798168003559112,0.5324031710624695,-0.3095170259475708,0.3824144303798675,0.5041793584823608,0.4456467032432556,0.0598533526062965,-0.093937799334526,-0.0858146548271179,-0.328860193490982,-0.4893925786018371,-0.33736452460289,0.8164399266242981,-0.1996804624795913,-0.0874824225902557,-0.1796621978282928,0.1207812428474426,0.9838067293167114,-0.2461814433336258,-0.706167995929718,0.184776484966278,0.2787455916404724,-0.0908841267228126,0.6497904658317566,0.4030901789665222,0.9488667249679564,0.2290819734334945,-0.0304198693484067,-0.3102377951145172,-0.0430306196212768,0.0252798795700073,-0.2755571901798248,-0.012264285236597,0.0114261703565716,0.6224654912948608,0.7527875900268555,0.2857550084590912,0.5345831513404846,0.4288434386253357,0.1180370971560478,-0.5089569687843323,0.3326673805713653,-0.0716354697942733,0.1971228122711181,-0.063369907438755,0.432701975107193,-0.371223509311676,-0.0299541018903255,-0.1156221255660057,-0.4708086848258972,0.541847825050354,-0.1694121956825256,0.4195210933685303,-0.442405492067337,-0.4311137795448303,-0.6673926711082458,-0.5927627682685852,0.2937128841876983,-0.254387766122818,-0.1351501792669296,0.3849182426929474,-0.2619296014308929,-0.7117601633071899,0.0597695671021938,0.5861673355102539,0.7700503468513489,-0.0132831567898392,-0.6066745519638062,-0.1960651129484176,0.6873921751976013,-0.547984778881073,-0.5400975346565247,0.4154466986656189,0.1076263710856437,-0.1662546545267105,-1.2700328826904297,-0.5140187740325928,0.0381118841469287,0.2047514766454696,0.0872189998626709,0.3042427599430084,0.313170462846756,-0.7684974074363708,-0.0522592365741729,-0.2107192426919937,-0.4208403527736664,-0.0082399751991033,-0.6725155711174011,-0.0168707463890314,-0.0056731821969151,-0.0502896383404731,0.3623483777046203,0.4671494662761688,-0.5879364013671875,-0.5686380863189697,0.6638633608818054,0.0826817974448204,-0.0766754001379013,0.1549256592988968,-0.0659083724021911,-0.0700471103191375,-0.0809440687298774,0.2502497732639313,0.0181322004646062,-0.0143737588077783,-0.1956687569618225,-0.9357731342315674,-0.3335310220718384,-0.0495368614792823,-0.5991264581680298,0.2720220685005188,0.4337344765663147,0.3985464572906494,-0.5557474493980408,-0.2119863927364349,-0.0220101401209831,0.1050223112106323,-0.0233714487403631,0.2616032660007477,-0.2120182663202285,-0.7458323836326599,0.3161114454269409,-0.0066794292069971,-0.6431190967559814,0.9986083507537842,0.4705783128738403,-0.4478468000888824,0.2538035809993744,0.5429999828338623,-0.075812354683876,-0.0241908878087997,-0.1497900038957595,-0.1301266849040985,0.4301778972148895,0.5897316932678223,-0.0673604309558868,0.4001072347164154,0.54787278175354,-0.5966002345085144,0.2296280264854431,0.3668725788593292,0.4745544493198395,0.3966063261032104,0.2037197351455688,-0.2617100179195404,-0.6149609088897705,-0.4631447792053222,0.5094165205955505,0.0765738114714622,0.4165362119674682,-0.6902557015419006,0.5529535412788391,0.6345256567001343,-0.4805977344512939,0.2621365487575531,0.7586119174957275,0.3902497291564941,0.6201915740966797,0.0615557804703712,-0.0530609637498855,-0.8092895150184631,0.2745731174945831,0.2870551645755768,0.2036870270967483,-0.463621586561203,0.1886362582445144,0.2509280145168304,-0.1919727176427841,0.6649855971336365,0.0093972347676754,0.1728203147649765,-0.2495463490486145,0.0424697063863277,-0.3905650079250335,1.095055341720581,0.1733011454343795,0.0476333647966384,-0.0253128428012132,0.0183791108429431,0.7762298583984375,0.9556653499603271,0.0234649702906608,0.5158916711807251,-0.4353120625019073,-0.8015168309211731,0.198608323931694,-0.0879543423652648,0.1093062981963157,0.3635066151618957,-0.7275462746620178,-0.6553463339805603,0.4987103939056396,0.5516265034675598,0.0049676499329507,-0.4832227826118469,-0.6145856380462646,0.2443915605545044,-0.3449739217758178,0.1444388031959533,-0.068714939057827,0.3258285820484161,0.4650343954563141,-0.1741984039545059,0.1132619380950927,0.1343716830015182,0.9526219367980956,0.1169881522655487,-0.117631010711193,0.0568449087440967,-0.0661344826221466,-0.1289691030979156,0.3504373431205749,0.4047816395759582,-0.1433710008859634,-0.3543340861797333,0.3738506138324737,-0.375341534614563,0.053299032151699,-0.2983351945877075,0.0710311606526374,-0.0395378246903419,-0.3438209593296051,0.3279116153717041,-0.3511159121990204,0.1414878219366073,-0.0454248748719692,-0.6893982887268066,-0.2800306677818298,0.2413385510444641,0.1046139150857925,-0.23984195291996,-0.0424303598701953,-0.4170655608177185,-0.3412121534347534,-0.1443758010864257,0.4417863190174103,-1.0503523349761963,-0.4566903114318847,0.6966690421104431,0.3707581460475921,-0.1649820506572723,-1.7377703189849854,0.502282440662384,0.2026951909065246,0.2344203293323516,0.1433061212301254,0.161909744143486,-0.270626038312912,-0.0602383725345134,-0.324645847082138,-0.4478770792484283,-0.1939189136028289,-10.064741134643556,-0.118980161845684,-0.044458944350481,-0.6670801639556885,-0.4677652716636657,-0.2124282419681549,0.815504252910614,0.3467740714550018,-0.0198790207505226,-0.0943387746810913,-0.5059342384338379,0.2101556360721588,0.2575380206108093,0.0340120829641819,-0.2781917750835418,0.0262715313583612,-0.6753649711608887,-0.3389057219028473,-0.2077060937881469,-0.0290699582546949,-0.1534727811813354,-0.3773875832557678,0.394524872303009,0.4312243461608886,0.6899039149284363,-0.2915534675121307,-0.2736877202987671,0.1792792975902557,-0.2194414883852005,0.7218489050865173,-0.6439197659492493,0.1900515705347061,-0.3986168503761291,0.5046277046203613,-0.3047820925712585,0.1331530809402465,0.4443447589874267,0.4245266914367676,-0.0812497064471244,0.6314818263053894,0.337121307849884,0.1262087672948837,0.2933252155780792,-0.1764897853136062,0.1930235922336578,0.1012420132756233,0.4318543076515198,0.0651801154017448,0.9178564548492432,-0.2311295419931411,-0.3736739754676819,0.0102076102048158,-0.0517674833536148,-0.2916453182697296,0.1447509378194809,0.2727953791618347,0.4968677163124084,-0.6255561113357544,0.2618257105350494,0.1186563149094581,0.3850005865097046,0.4584890007972717,0.9727123975753784,0.8037772178649902,-0.0570654310286045,0.422381579875946,0.031741689890623,0.1411834806203842,-0.8406851291656494,-0.4607540071010589,0.3384617269039154,0.6102051734924316,0.0350587368011474,0.3055108487606048,0.1851014792919159,0.3750440776348114,-0.1586963385343551,0.0874420329928398,0.1666809320449829,0.0276464819908142,0.1760093867778778,-0.3346437811851501,0.081030361354351,0.3944560885429382,-0.7959666848182678,-0.2167527824640274,0.1910678148269653,-0.0385501720011234,0.1602315604686737,-0.6398369669914246,0.7045271396636963,0.2658992111682892,-0.5752713084220886,0.3087821006774902,0.3162032067775726,-0.08292156457901,-0.3179875612258911,0.0082502365112304,0.3814301192760467,-0.3947063088417053,1
0.0749431177973747,0.5010326504707336,0.3710091114044189,-0.6560860276222229,-0.0393311083316803,0.1110338270664215,0.0859642401337623,0.0129492720589041,0.0309907756745815,-0.211056187748909,0.9358340501785278,0.1515482664108276,0.2768792510032654,-0.5607249140739441,0.5666325688362122,-0.4205234050750732,-0.0514361336827278,-0.409527987241745,0.0087934993207454,-0.2534026503562927,-0.662889838218689,-0.5673192143440247,-0.4004799723625183,0.3462963700294494,0.2720090448856354,-0.3106721639633178,-0.0153719121590256,0.1219049021601677,-0.0711736679077148,-0.1898295879364013,-0.5257799029350281,-0.5601031184196472,-0.0119114443659782,0.3211928606033325,-0.5740010142326355,0.2335926294326782,-0.0217736177146434,0.2182086557149887,0.381268709897995,-0.3959852457046509,0.1372956931591034,0.4798860251903534,-0.0752676799893379,-0.2060661315917968,-0.0997740179300308,0.5041969418525696,0.1902588605880737,0.2213988602161407,0.1714688241481781,0.0679966434836387,-0.4217140674591064,-0.0168467536568641,0.2043122053146362,-0.1903988867998123,0.0538444705307483,0.4335804581642151,0.0571286678314209,-0.5621520280838013,-0.0375801064074039,0.3367684483528137,-0.4257773756980896,-0.3871409296989441,-0.4007278382778168,0.4770677387714386,-0.31719970703125,-0.2118542194366455,-0.2097134888172149,0.0095695564523339,-0.440587431192398,0.0129947438836097,-0.3038898408412933,0.0424129404127597,-0.0943005010485649,-0.6754307746887207,0.8318064212799072,0.0375881008803844,0.4462927281856537,-0.6719961166381836,-0.1212290599942207,-0.1193667128682136,-0.5262832641601562,0.3429143130779266,-0.2234872728586197,-0.6913549304008484,-0.4837868809700012,0.3528997004032135,-0.6478340029716492,-0.7440022230148315,0.7960655689239502,-0.0685420781373977,0.0856943354010582,-0.0958595424890518,0.2736121714115143,0.4215126633644104,-0.1404181718826294,-0.0187079757452011,0.2700517773628235,0.0099487397819757,-0.0817176774144172,0.3633236289024353,-0.0221207719296216,-0.186085358262062,-0.0417227186262607,-0.0841543450951576,0.1982919126749038,-0.2140036225318908,-0.0435556881129741,0.1449015885591507,-0.0029432601295411,-0.0543723404407501,-0.1221221834421157,-0.7235029339790344,-0.2588759660720825,0.2878579795360565,0.1313011646270752,0.0211674720048904,-0.2963569760322571,0.8375142216682434,-0.4395132958889007,0.4824954271316528,0.0797572657465934,0.3578066527843475,-0.1532616764307022,-0.2701750993728637,-0.2237030118703842,0.574558675289154,-0.102646104991436,0.3830364048480987,0.1745470762252807,-0.5298358798027039,0.2133499234914779,-0.2185020595788955,-0.1887807995080948,0.4014162719249725,-0.0559132732450962,0.6713578701019287,0.2789525687694549,0.4715734720230102,0.3285359144210815,-0.7746561169624329,-0.0957909896969795,0.3114047646522522,0.2697217166423797,-0.3401710391044616,0.5627554059028625,-0.2159447371959686,0.2518156170845032,-0.0929246991872787,0.1412185430526733,0.3115687370300293,0.1791305094957351,1.2047104835510254,-0.2105723321437835,-0.1966185718774795,-0.2365557551383972,-0.051765888929367,-0.3071994185447693,0.1252636611461639,0.1052574664354324,0.4957506954669952,0.4416899681091308,-0.3907606899738312,0.0425344593822956,0.4740809500217438,-0.2821821570396423,0.6412449479103088,0.5071831941604614,0.0508637130260467,0.3439184427261352,0.6333444118499756,-0.0284297224134206,0.5089585781097412,-0.1086053624749183,-0.5634750723838806,-0.0309455096721649,0.7188382744789124,0.311085969209671,0.6358630657196045,0.6108752489089966,-0.8965632319450378,-0.1295465379953384,-0.1185513958334922,0.4232197403907776,-0.8145791888237,0.4032543897628784,-0.3262531161308288,0.0159038063138723,-0.214253544807434,0.1698854565620422,-0.1010085046291351,-0.698457658290863,-0.0076903025619685,0.1109161227941513,-0.1491693258285522,0.0695568621158599,-0.2233514934778213,-0.0167310871183872,-0.015342017635703,-0.4737337827682495,0.6624923944473267,-0.1559403836727142,0.2207432687282562,0.0569845475256443,-0.5219500660896301,-1.2316482067108154,-0.4402652084827423,0.1799165308475494,0.6104909181594849,0.1239572167396545,0.150706797838211,0.1248641982674598,0.5599746108055115,0.17961485683918,0.4113308787345886,0.8713894486427307,0.0085140224546194,-0.808025598526001,-0.4608233869075775,0.7838011384010315,-0.863122820854187,0.0805009827017784,0.1366147398948669,0.2772863805294037,0.1550791710615158,-0.7040775418281555,-0.0131914457306265,0.4275945723056793,-0.072159469127655,0.1844909191131591,0.793224573135376,-0.0839586034417152,-0.751721978187561,-1.2341216802597046,0.1730105280876159,-0.6860142946243286,0.2278774529695511,-0.5205190181732178,0.5394347906112671,-0.2303494960069656,0.7310740351676941,-0.1670832484960556,-0.0219035483896732,0.3549574315547943,-0.2393565475940704,-0.5964962244033813,0.2471265792846679,0.277322769165039,-0.6431230306625366,-0.8614026308059692,0.1485059857368469,-0.3955720067024231,-0.3469831049442291,0.5136789679527283,-0.1920532435178756,0.4309240579605102,0.2742425203323364,0.3554822504520416,0.2859397530555725,-0.1083761602640152,-0.1788811236619949,-0.4731722474098205,-0.5599711537361145,-0.2128765732049942,0.3954005241394043,0.357731431722641,0.4167017638683319,0.235432744026184,-0.5407547354698181,-0.7101407647132874,0.0172899886965751,0.2256495356559753,-0.8143934011459351,-0.1771579086780548,-0.4117016196250915,-0.3668525516986847,0.4502196907997131,-0.010294952429831,0.3205542862415313,-0.0579238422214984,0.6466991901397705,-0.3707708418369293,0.1495065540075302,-0.6712538599967957,-0.1695050746202469,0.0971602499485015,-0.1352232992649078,-0.5953330993652344,-0.5814643502235413,-0.6016782522201538,0.3324083983898163,0.27141934633255,0.1118214651942253,-0.450823575258255,0.162023589015007,-0.2617408037185669,0.1260527372360229,0.7692469954490662,-0.1068775355815887,0.0980919077992439,0.8634207248687744,0.2058811634778976,0.1528165489435196,0.1129610240459442,-0.2915551662445068,-0.0847493857145309,-0.6286470890045166,-0.3785236477851867,-0.3954266309738159,0.6105015277862549,-0.3894446492195129,-0.1456832438707351,1.0077064037322998,-0.1247380748391151,0.1983711421489715,0.8306106328964233,0.6311897039413452,-1.380234956741333,-0.0884410068392753,0.1388814002275467,-0.0937888920307159,-0.2333306223154068,0.3486403524875641,0.3726886212825775,0.0771161168813705,-0.1585301458835601,-0.2015129178762436,0.8199771046638489,0.6578356623649597,-0.3070632815361023,-0.4453116059303283,0.5956208109855652,0.1386835277080536,0.3188926875591278,0.0521704368293285,-0.1059231013059616,0.3507256507873535,-0.4518594443798065,0.2438142448663711,-0.4377323389053345,-0.2286379337310791,-0.1234437376260757,0.199282705783844,0.0153326885774731,0.3558323681354522,-0.1752387136220932,-0.1933534294366836,0.5626264810562134,0.920954167842865,0.3658363819122314,0.7407443523406982,-0.1070056408643722,-0.0405289568006992,0.2043249756097793,0.6213338971138,0.2409420162439346,0.1001663953065872,-0.5828248262405396,-0.2984749674797058,0.3780459463596344,-0.211902230978012,-0.4752582013607025,0.5304667949676514,0.1041564494371414,-0.2018498927354812,-0.477229505777359,0.7384042739868164,0.5590384006500244,-0.2059563547372818,0.6611539721488953,0.5554072856903076,0.6567457318305969,0.2722589671611786,-0.1388095766305923,-0.3048117458820343,-0.0825459584593772,-0.0733940079808235,-0.0752356722950935,0.1497256457805633,-0.3450393676757812,-0.2782748341560364,0.0019222253467887,0.0486252047121524,-0.4260407090187073,0.1734906882047653,-0.2195824682712555,-0.6376174688339233,-0.7793687582015991,-0.063861608505249,-0.5986669063568115,-0.4026835560798645,0.1535077095031738,0.3492183685302734,0.4964047968387604,-0.7464361190795898,-0.1271601021289825,0.251165896654129,-0.4921227097511291,-0.0871448442339897,0.3863778412342071,0.2233757823705673,-0.2901251018047333,0.3032810091972351,-0.3707574307918548,-0.4037947356700897,-0.5771791338920593,-0.044406022876501,-0.104837954044342,0.2173322588205337,0.4064656794071197,-0.2222395986318588,-0.0843929201364517,0.4954863786697387,-0.3509054481983185,-0.1521254926919937,-0.3213151395320892,-0.2467758059501648,-0.3823592960834503,-0.0004126716521568,0.2382006198167801,-0.0721666291356086,0.4457323253154754,0.12066450715065,0.2801474034786224,-0.2946795523166656,0.0558578930795192,-0.0915755033493042,-0.0672047361731529,-0.6947820782661438,1.043548822402954,-0.2698815464973449,0.6022354364395142,-0.1585612595081329,-0.1920691132545471,0.5223063826560974,0.1901698559522628,-0.3558352589607239,-0.0084017505869269,-0.0078360205516219,-0.7592402100563049,0.3996194899082184,0.1867904961109161,0.4296346008777618,-0.6996725797653198,0.2841742932796478,-0.0073746871203184,-0.3833093047142029,0.3453073799610138,0.0295856371521949,-0.0858638137578964,-0.176126018166542,0.2847397327423095,1.128198742866516,0.2592743933200836,0.5765736103057861,0.2231803685426712,0.0346827544271945,-0.2903764843940735,0.3834536373615265,0.5880371332168579,0.4451239109039306,-0.0262109413743019,0.0362952724099159,-0.5897907018661499,-0.1578114777803421,-0.2345291525125503,-0.1075652614235878,0.2756355404853821,-0.0312539003789424,0.4429961740970611,-0.2004246711730957,0.0638856515288353,-0.1451282352209091,-0.9031107425689696,0.1222156733274459,-0.1834559738636016,0.1905830055475235,0.6729186773300171,0.0866291671991348,-0.1776756793260574,0.6918963193893433,0.0155387427657842,0.2878796756267547,0.2941742241382599,-0.5048111081123352,-0.2961974442005157,0.0720140784978866,-0.2909269034862518,-0.0977205261588096,0.2293915599584579,0.3342984318733215,-0.4124390780925751,-0.684638261795044,0.3148770630359649,0.1597632616758346,-0.0436460860073566,-0.2034602612257003,0.176448568701744,-0.1126431450247764,-0.4202786982059479,-0.3832724690437317,-0.4151628315448761,-0.3104378879070282,0.1650653779506683,-1.2466304302215576,-0.2332406938076019,0.1884365230798721,-0.2688154578208923,-0.0736619308590889,0.4764087200164795,-0.3358447849750519,0.1452673226594925,0.2703050971031189,0.2237081676721573,-0.2590507268905639,0.0192719046026468,-0.0795586183667182,0.0360382497310638,-0.1438534706830978,0.817067563533783,0.1579559445381164,0.5941767692565918,0.3027631342411041,-0.7028121948242188,-0.5920444130897522,-0.4645710289478302,-0.7179806232452393,0.6742623448371887,0.2435949891805648,0.8040297627449036,-0.008918591775,-0.1653932631015777,-0.0711243376135826,0.4084788560867309,0.0711899250745773,0.060596790164709,0.1597693860530853,-0.2148708552122116,0.5213537216186523,-0.7979964017868042,-0.7235814332962036,0.6335520148277283,0.1019856408238411,-0.4841380715370178,0.1760994046926498,0.4590330421924591,0.1125073805451393,-0.3673014938831329,0.0359121635556221,0.0998397096991539,-0.3449825346469879,-0.1475851982831955,0.0724823996424675,0.337226003408432,0.2343750745058059,-0.284378707408905,-0.2747551798820495,0.8732015490531921,0.5530959367752075,0.3112063705921173,0.0513002574443817,0.0139406127855181,-0.0974974036216735,-0.3201525807380676,-0.0299951583147048,0.4052170515060425,0.5808098316192627,-0.0588267035782337,0.5734966397285461,0.3379321992397308,-0.4853165745735168,-0.1704242974519729,0.954895794391632,0.0769428685307502,0.4070640206336975,-0.3711090385913849,-0.2573497295379638,-0.7029648423194885,0.1889971941709518,-0.3051510155200958,0.0327525250613689,0.6434774994850159,0.399682879447937,0.3450816571712494,0.1136735007166862,0.1362553387880325,-0.0839655026793479,0.3553557097911834,0.2357159852981567,0.3322381377220154,-0.1449383348226547,0.177589938044548,0.3900604546070099,-0.3421905934810638,-0.4446595311164856,-0.1966626197099685,0.3757204711437225,0.7618974447250366,0.0669720694422721,-0.0896947532892227,-0.1943534165620803,-1.4250625371932983,0.0408629849553108,0.2390487492084503,-0.1056598871946334,0.6612232327461243,-0.3579338490962982,-0.0024675633758306,0.5101805329322815,0.7155277729034424,0.904975652694702,-0.3297808766365051,-0.7374759912490845,-0.150851309299469,-0.0983057022094726,-0.2111362665891647,0.3975003063678741,0.1607130616903305,0.3469347953796386,0.2551337778568268,0.019056286662817,-0.0540425591170787,0.6164014935493469,-0.0906426012516021,-0.1723643839359283,0.5014562606811523,0.208467498421669,-0.0607839860022068,0.0516667477786541,0.0861604735255241,-0.0767332762479782,-0.333077609539032,0.0226525943726301,-0.4775790572166443,-0.1980053484439849,-0.0786902010440826,-0.0766219198703765,0.2640433311462402,0.0717762410640716,-0.1749752908945083,-0.2701096832752228,-0.0458554662764072,0.2411010712385177,-0.5189756155014038,-0.4917986094951629,-0.1243263110518455,-0.0921150967478752,-0.1277189403772354,-0.3560868799686432,-0.8639858961105347,-0.74403977394104,-0.0318985469639301,0.0938406363129615,-0.6164048910140991,-0.4533934295177459,0.3096181154251098,0.3297369182109833,-0.1638644486665725,-1.0943195819854736,0.4664691388607025,0.0408923849463462,0.5658580660820007,-0.4973099529743194,0.1925394237041473,-0.2818112969398498,-0.0399208925664424,-0.6177926063537598,-0.3555668890476227,0.4475041925907135,-10.153399467468262,-0.3599840402603149,-0.7595536112785339,-0.6855631470680237,-0.2458588033914566,0.2240585684776306,1.2206475734710691,0.3808872699737549,-0.4861872792243957,0.0686450004577636,0.1692031621932983,0.2285959124565124,0.0912148728966713,0.6852289438247681,-0.3793286681175232,-0.3994357883930206,-0.1460523605346679,0.1557333469390869,-0.0443009510636329,0.1980044394731521,-0.2460727840662002,-0.1713671833276748,0.3375617563724518,0.2444052994251251,0.0044457670301198,-0.3166196942329407,-0.5726965069770813,-0.1580016314983368,-0.1992977410554886,-0.0791026130318641,-0.4226790964603424,0.2348426133394241,-0.2147015035152435,-0.1036305800080299,-0.292151540517807,-0.0128618264570832,-0.1198069527745246,0.0942057892680168,-0.8203505873680115,0.4572871029376983,0.3889889121055603,-0.1811655312776565,0.32080078125,0.0758871957659721,0.350387841463089,0.0100688440725207,0.8307955861091614,-0.1307865381240844,0.3256823122501373,-0.0503523461520671,0.3469188213348388,-0.5069632530212402,0.2867747247219085,-0.3743391335010528,-0.1176211014389991,-0.0606089197099208,0.8165594339370728,-0.8023248910903931,0.0516206808388233,0.102803461253643,0.0552830509841442,0.1893246471881866,0.6527770757675171,0.3593394458293915,-0.2308391034603119,0.0804167315363884,0.2592554092407226,0.0644260793924331,-0.4231237769126892,-0.2595343887805938,0.0551220141351223,0.1739334911108017,-0.1747120320796966,0.0012442307779565,-0.2372197359800338,0.4570473432540893,0.5787063241004944,0.4222153723239898,0.2878996431827545,0.0781440958380699,0.3834221065044403,-0.5836068987846375,0.3235379159450531,0.0089804455637931,-0.6085178852081299,0.2586498558521271,-0.2114227265119552,-0.0624385923147201,0.3221389055252075,-0.6665878295898438,0.635194718837738,-0.480550467967987,0.0325992666184902,0.278866171836853,0.6550256013870239,0.1526957303285598,-0.2973670959472656,0.0376310832798481,0.3147817552089691,0.097697764635086,0
0.0089554153382778,0.1939436793327331,-0.2193934172391891,-0.892130434513092,0.2426500469446182,0.8090804815292358,-0.0006461688317358,0.2059105336666107,0.1103751063346862,-0.4960032403469085,0.9617363214492798,0.3438442349433899,-0.0860624685883522,-0.3222886323928833,0.7872731685638428,-0.2823822498321533,0.1623154133558273,-0.2046204507350921,0.1291653960943222,0.1357299089431762,-0.5593015551567078,-0.7716518044471741,0.0471532978117466,0.5986023545265198,0.3549172580242157,-0.5780556797981262,0.2487049698829651,0.2216878086328506,-0.1113149970769882,0.1567638367414474,0.0653873309493064,-0.5548986196517944,0.0657591000199318,-0.408096581697464,-0.1881638914346695,0.5684396624565125,0.1580043733119964,-0.0112947979941964,-0.0664695054292678,-0.2631846070289612,-0.1660615652799606,-0.1197155714035034,-0.1676841676235199,-0.3762255609035492,-0.2971188127994537,0.3927555680274963,-0.2499871701002121,0.5849437713623047,0.3317283689975738,0.3255312442779541,-0.3314432799816131,0.3086915910243988,0.5327470898628235,-0.1731323897838592,-0.1804702877998352,-0.5745936036109924,0.1863718330860138,-0.4887060821056366,-0.1509477794170379,0.3312007486820221,-0.3013313114643097,-0.2362928539514541,0.1911569684743881,0.1281263679265976,-0.3288263380527496,0.0834068581461906,0.3564080595970154,-0.0896729975938797,-0.3487680852413177,-0.3754557967185974,-0.5943626761436462,0.2977727949619293,-0.2029802352190017,-0.1202201098203659,0.7733710408210754,-0.691891074180603,-0.1582495272159576,0.1307856887578964,0.129266157746315,0.179776906967163,-0.261399894952774,0.3057650327682495,-0.0999675914645195,-0.373337835073471,0.1245990842580795,0.4375348389148712,-0.1949544101953506,-0.6727452278137207,0.1449243426322937,-0.0880607590079307,0.1117881163954734,0.2104975432157516,-0.0901843756437301,0.2620703876018524,-0.3076165318489074,-0.1190997660160064,0.1794024109840393,-0.2009548395872116,0.2896222472190857,0.5201216340065002,-0.0178588442504405,-0.1175526157021522,0.2643328905105591,-0.0321151241660118,-0.1858051568269729,0.037453293800354,-0.532194197177887,0.4019044041633606,-0.058816809207201,-0.4000467956066131,-0.4044370353221893,-0.1294841170310974,-0.3230060636997223,0.3377116918563843,-0.0151133490726351,0.4915045499801636,-0.358000785112381,0.0789115205407142,-0.5358489751815796,0.6664966344833374,0.2892233431339264,0.2272322177886963,-0.2350341975688934,-0.1883149743080139,-0.0374681949615478,0.4136695265769958,-0.5037018060684204,-0.1584736406803131,-0.287291556596756,-0.3900687098503113,-0.3347787857055664,0.0566991604864597,-0.514350950717926,0.179104745388031,-0.4272096455097198,0.2676720917224884,-0.0008892610785551,-0.119334876537323,-0.0342761911451816,-0.3698295056819916,0.6141608953475952,0.030637776479125,-0.320189356803894,0.2113173454999923,0.0461371541023254,0.398370087146759,-0.214113175868988,-0.6932808756828308,0.7195062637329102,0.367898166179657,-0.548111617565155,0.6063113808631897,-0.7249165773391724,-0.1172510087490081,-0.163594901561737,-0.0741870552301406,-0.3895092904567718,0.3956390619277954,-0.1362478584051132,0.522060751914978,-0.3884695470333099,-0.6509543657302856,-0.0905016064643859,0.4577580690383911,-0.0745252072811126,0.6840958595275879,0.1851225048303604,-0.0991550236940383,0.3364947438240051,0.637281060218811,-0.0453508161008358,0.5295713543891907,0.1634165644645691,-0.4523137509822845,0.0446202680468559,0.3800104558467865,0.284567654132843,0.1254987865686416,0.5073771476745605,-0.4641390740871429,0.2480779737234115,-0.3822896182537079,-0.100916102528572,-0.6630884408950806,0.3797591626644134,0.0846238806843757,-0.1318268775939941,-0.0738795399665832,0.4522085189819336,-0.0492566935718059,-0.4892923533916473,-0.2397583127021789,0.4089611172676086,-0.3739085793495178,-0.0003141923516523,-0.2210182696580886,0.1859475374221801,-0.6739915609359741,0.1745838820934295,0.220360517501831,0.3807322680950165,-0.0570086054503917,-0.1237288936972618,-0.4595778286457062,-1.1483312845230105,-0.1460831612348556,0.7014099359512329,0.83683842420578,0.0783072561025619,0.3080491125583648,0.0015377762028947,0.5985416173934937,0.5874409079551697,0.1812830716371536,0.190099686384201,0.0373004861176013,-0.1218758150935173,0.1014582216739654,0.5281689167022705,-0.4943133592605591,0.1747933626174926,-0.2836597561836242,0.0985108017921447,0.2787056565284729,-0.1977821886539459,0.2921814322471618,0.4311996400356293,-0.2281941324472427,-0.3467642962932586,0.7514057159423828,-0.8000134825706482,-0.3450879454612732,-0.009347915649414,0.2900696396827698,-0.9353619813919068,0.6392756700515747,-0.2492270022630691,0.1082829087972641,-0.4890226125717163,0.0359387397766113,0.1801340728998184,-0.3585279583930969,0.1104844063520431,-0.6221851706504822,0.1228515431284904,0.2161178290843963,-0.0165604911744594,-0.5918678045272827,-0.6227045655250549,0.0214903783053159,-0.5298854112625122,-0.3639200329780578,0.7639522552490234,-0.5795010924339294,0.7762306332588196,0.3476709425449371,0.4019074738025665,-0.4657380878925323,-0.1669498533010482,-0.2760277986526489,0.1193528324365615,-0.9021141529083252,-0.1912649720907211,-0.5950599312782288,-0.1172133013606071,0.1430878639221191,0.1233772411942482,-0.7688897848129272,-0.7354635000228882,-0.1789389699697494,0.2603660523891449,-0.0042166076600551,-0.3103835880756378,0.1659796237945556,-0.3101548552513122,0.0252922773361206,-0.1007624864578247,0.2142903953790664,-0.6002864241600037,0.0724116042256355,-0.8211646676063538,0.1793502122163772,-0.5730201601982117,0.2574987113475799,0.3910787403583526,-0.0462004169821739,-0.0876006931066513,-0.0975300371646881,-0.1016468480229377,0.3967403769493103,0.5249233841896057,-0.4801513254642486,-0.7723743319511414,-0.055671326816082,0.0136875221505761,-0.0571516752243042,0.3413433134555816,0.2657767832279205,0.0421169660985469,0.1710550040006637,0.6340242028236389,0.2799536287784576,0.4707091450691223,-0.4334757030010223,-0.0673077553510665,-0.7172948718070984,-0.4154280424118042,-0.4803426265716553,0.9947332739830016,-0.2261528223752975,0.2403616905212402,1.3021985292434692,-0.2751008570194244,0.0932967960834503,0.7321251034736633,0.0016831944230943,-1.4337382316589355,0.1742880642414093,0.3827532529830932,0.4132084548473358,0.0696791559457779,0.3024963438510895,0.2778406143188476,0.4463664591312408,-0.1168526858091354,-0.2425277829170227,0.3244265615940094,0.5899599194526672,0.0496654845774173,-0.617261528968811,0.8245378732681274,0.2255584001541137,0.2680265307426452,-0.7746888399124146,-0.2026408314704895,0.5430367588996887,-0.0010325968032702,-0.1048668175935745,0.4138762652873993,-0.2566787004470825,-0.103787787258625,0.1203577071428299,0.3506484925746918,0.0290042459964752,-0.7879344820976257,-0.0909556150436401,0.1300715804100036,0.8856472373008728,0.8778288960456848,0.6831426620483398,0.2792248725891113,0.0440075062215328,0.1303082406520843,0.5566778182983398,0.2512948215007782,-0.1223691180348396,0.0570113584399223,-0.4873378574848175,0.1637439429759979,0.0484549850225448,0.1156986951828002,-0.5891779661178589,0.4568356275558471,0.6302958130836487,0.0585559792816638,0.824226975440979,0.304629772901535,0.4024071097373962,0.0829458087682724,0.2384218275547027,0.6345834732055664,0.1956893354654312,-0.3380899727344513,-0.5317067503929138,0.2160411775112152,0.0493471249938011,-0.221853882074356,-0.02583465911448,0.5467850565910339,0.2580340802669525,-0.4190973341464996,0.1458680480718612,0.3836770057678222,-0.0616870708763599,-0.2065752744674682,-0.5558835864067078,-0.4770741462707519,-0.6676740050315857,-0.2172219902276992,-0.753665030002594,0.146900326013565,0.100456528365612,0.4139447808265686,0.0750255212187767,-0.5526785254478455,-0.1661145240068435,-0.3633378148078918,-0.4284783601760864,-0.0671730786561966,0.0191703774034976,-0.2370837777853012,-0.0520790964365005,-0.2882414162158966,-0.4228926301002502,-0.3670439422130584,-0.2755053639411926,-0.3149448931217193,0.4823648631572723,0.1293221712112426,0.5752208828926086,-0.1062190011143684,-0.0015399476978927,-0.2033703178167343,-0.0299327652901411,-0.4370419681072235,-0.1116801798343658,-0.971891462802887,0.686314582824707,-0.0880109816789627,-0.1899833083152771,0.1447987705469131,0.5745759606361389,0.6484565138816833,0.2478493899106979,-0.059849202632904,-0.2137864828109741,0.0503655113279819,-0.5760780572891235,0.5633659958839417,-0.1351030617952346,0.6263390183448792,-0.2805357575416565,0.755492091178894,0.3448373973369598,-0.170314535498619,-0.1546093225479126,0.1700873970985412,0.5626100301742554,0.159848153591156,0.0025721793062984,0.3212217688560486,0.8514876365661621,-0.2384626716375351,0.3629963397979736,-0.2154732197523117,0.5963175892829895,0.5760573148727417,-0.2388592660427093,0.2666859626770019,-0.4242483675479889,0.2194554805755615,0.3001822531223297,0.5287933945655823,0.1616058498620987,0.4735806286334991,0.451240062713623,0.2986082136631012,0.5375964045524597,0.315589427947998,0.0714832171797752,-0.0380567088723182,-0.0804987475275993,-0.941788375377655,-0.0109886368736624,-0.1580452769994735,0.0599218979477882,0.374786913394928,-0.5962842106819153,-0.0410428903996944,-0.0652371048927307,-0.7644864320755005,-0.7148693799972534,-0.7939397692680359,-0.1061565801501274,-0.2387058287858963,0.0846536979079246,0.6289856433868408,0.3573974072933197,-0.6010023355484009,0.7245087623596191,-0.2205299735069275,0.7521306276321411,0.7965068817138672,-0.2417720556259155,0.0319433659315109,-0.0606076717376709,0.5573583245277405,0.0681068524718284,-0.2149157524108886,0.3274743854999542,-0.3377166092395782,-0.8510096073150635,-0.2493732422590255,0.6903465390205383,-0.3536029160022735,-0.4530978500843048,0.6913907527923584,-0.2197850495576858,-0.4711142182350158,-0.9469786882400512,-0.1042305007576942,-0.3892042636871338,-0.0367775112390518,-0.9603989124298096,-0.1532881557941436,0.0610974542796611,0.0220168903470039,0.2253399640321731,-0.0660680904984474,-0.117988608777523,0.158000573515892,0.6731314659118652,0.4489672780036926,-0.2163829505443573,0.0028803029563277,-0.1595053076744079,-0.2227129936218261,0.1855341643095016,0.329947829246521,0.4378122091293335,0.048679169267416,-0.0843349769711494,-0.8436931371688843,-0.2033517360687255,-0.8151254653930664,-1.060943365097046,0.0296236779540777,0.0121984211727976,0.6580050587654114,0.0858059749007225,0.0645452514290809,0.081458568572998,0.3754222393035888,0.4356490969657898,-0.0541432574391365,-0.1782771646976471,-1.0699797868728638,0.5052244067192078,-0.329275369644165,-0.4732583463191986,0.7103375196456909,-0.0672724097967147,-0.0404047146439552,0.3415814340114593,0.1774719655513763,-0.0499029532074928,-0.0452777631580829,0.3679766952991485,-0.1262805014848709,-0.1787403225898742,-0.1120196059346199,0.0712124705314636,0.067470796406269,0.1305374056100845,-0.7875770330429077,-0.287869393825531,0.4497101604938507,0.5701536536216736,0.0278291925787925,-0.257629781961441,0.0555600970983505,-0.1156580448150634,-0.3250406086444855,0.0239700376987457,0.2131179720163345,0.3540386855602264,-0.6282370090484619,0.4354308843612671,0.5328080058097839,-0.6255291700363159,0.3726008534431457,0.6569305658340454,0.447987288236618,0.3464375734329223,-0.0826312601566314,0.5278232097625732,-1.231490135192871,0.4108918607234955,0.4572261571884155,0.1051392704248428,0.1898313760757446,0.0374056287109851,0.1297614872455597,-0.4985046684741974,-0.4484615325927734,0.1290663480758667,-0.0684365034103393,0.5380885004997253,0.3252914249897003,0.3040666878223419,0.5544211864471436,0.8911846876144409,-0.1463435441255569,-0.0443869233131408,0.2671656310558319,-0.2792579531669616,1.1192423105239868,-0.2323697656393051,0.2132555097341537,-0.160199224948883,-0.8986796736717224,0.329925924539566,0.3822031319141388,-0.0639000087976455,0.8322954177856445,-0.2789399623870849,-0.1830359846353531,0.6643446087837219,0.3514379560947418,0.4319140315055847,-0.4011268019676208,-0.9307833909988404,-0.1246536746621131,-0.1892444938421249,-0.0544877350330352,0.1913336217403412,0.0124964993447065,0.2765724956989288,0.2173954248428344,0.0075536523945629,0.2295721769332885,0.733206570148468,0.326696902513504,0.0463561899960041,0.255257099866867,0.0263036601245403,-0.5050647854804993,-0.1246143355965614,0.1126625090837478,-0.2684059739112854,-0.5112488269805908,0.3904279768466949,-0.1249579936265945,-0.2794017791748047,0.0773320272564888,-0.305027574300766,0.2228762209415435,0.0762445032596588,-0.3174924552440643,-1.082621932029724,0.0216517392545938,-0.1389867812395095,-0.6159332990646362,-0.1184799522161483,-0.2913204431533813,-0.0232399385422468,-0.3378078043460846,-1.0702210664749146,-0.5516250133514404,0.2236312925815582,-0.4136366248130798,0.2747859060764313,-0.4481717944145202,-1.1580616235733032,0.2553902268409729,0.4109495878219604,-0.0642045140266418,-0.9181769490242004,0.2613958418369293,0.088971771299839,0.3436866700649261,-0.1951122134923935,0.3497662842273712,-0.4540547430515289,0.1738097816705703,-0.2475224286317825,-0.0588273964822292,-0.1013713851571083,-10.15874481201172,0.0772986337542533,-0.3866763412952423,-0.0697727650403976,-0.3086727857589721,0.0560729019343853,0.5754695534706116,0.5313887000083923,-0.1754971593618393,0.1452340632677078,0.1499291509389877,0.1246160045266151,0.1824256926774978,0.2906182706356048,-0.5009133815765381,-0.1276926398277282,-0.6558630466461182,-0.1718283742666244,-0.0053171636536717,0.2111367434263229,0.0747468620538711,0.1512689143419265,0.3463532626628876,0.5563478469848633,0.2827402651309967,-0.4469149112701416,-0.2932372391223907,0.3206714689731598,-0.3959000706672668,0.4110264778137207,-0.5485899448394775,0.1108571588993072,0.0251112282276153,0.4571645259857178,-0.3254336416721344,0.172176718711853,-0.1573193222284317,0.2649368047714233,0.345934122800827,0.1981503814458847,0.2115772813558578,0.1912645548582077,0.2055511623620987,0.0596089661121368,0.144676461815834,0.0531624220311641,0.2105614095926284,0.379570722579956,0.4094756841659546,0.0219456944614648,0.2211800962686538,-0.4739434123039245,0.0143642779439687,-0.3641282021999359,0.5714985132217407,0.2930380702018738,0.5575454831123352,-0.4731172919273376,-0.1425304263830185,0.1286281943321228,-0.2561348974704742,0.146199345588684,0.461464375257492,0.3113602995872497,-0.1503019034862518,0.4367438852787018,0.3194290101528168,0.3930483758449554,-0.1811354905366897,-0.3683565855026245,-0.1541863828897476,0.6007781624794006,-0.046747762709856,0.0733655989170074,-0.3318231999874115,0.2229252904653549,-0.0728904232382774,0.0502280332148075,0.1799504607915878,-0.4044448733329773,0.0383785553276538,-0.4283250868320465,-0.5955882668495178,0.1081421226263046,-0.8514079451560974,-0.0016018233727663,0.0004268751363269,0.2681510746479034,0.0098897572606801,-0.6363226175308228,0.3738816082477569,-0.5472381114959717,-0.0418695993721485,0.4586743712425232,-0.2135823518037796,-0.1286458522081375,0.1427406966686248,0.8457289338111877,0.444111704826355,-0.1456223726272583,0
0.4871029257774353,0.3112438321113586,0.6418967247009277,-0.2556582987308502,-0.2658005058765411,0.4899188876152038,0.4236130118370056,-0.1525091677904129,-0.7580079436302185,0.052619319409132,0.8789860010147095,0.0158182885497808,-0.6489512920379639,0.0048701292835175,0.1287331283092498,-0.0917625278234481,0.1066539287567138,-0.2342146933078766,-0.0232696756720542,-0.0129869543015956,-0.5899919271469116,-0.212751880288124,-0.2258172929286956,0.6775805354118347,0.0299185868352651,-0.1018071621656417,-0.2578838169574737,0.5048170685768127,0.1958919912576675,0.0571742504835128,0.1502678394317627,-0.0304121486842632,-0.1197897568345069,-0.1161973476409912,-0.4109673202037811,0.2948071956634521,-0.0572437159717083,0.05080571398139,0.3518440723419189,0.1749065667390823,-0.0335266627371311,-0.2326549142599105,-0.539196789264679,-0.1533224135637283,-0.1208617314696312,0.2532053589820862,-0.3155933320522308,0.1978977024555206,0.0416663512587547,0.3158732950687408,-0.4199742972850799,0.2476316392421722,0.5251737236976624,0.2763620615005493,0.0860089436173439,-0.1845084130764007,0.8094395995140076,-0.750835657119751,-0.0073943524621427,0.6532958149909973,-1.1295076608657837,0.2262719869613647,-0.2964073419570923,-0.045218925923109,-0.0816813260316848,-0.1675745993852615,-0.0904666557908058,-0.1344543546438217,0.622959554195404,-0.6758260130882263,0.1665610820055008,-0.3049917817115783,-0.4265114963054657,-0.4626910984516144,0.1613782197237014,-0.4636359214782715,0.0219851434230804,0.547964334487915,0.9302532076835632,0.3348749876022339,-0.5613253116607666,0.3776678740978241,-0.0695181712508201,-0.7276908755302429,-0.4357565343379974,-0.0048336805775761,-0.9616498947143556,-0.6335716843605042,0.6302002668380737,-0.2444955855607986,-0.3732101023197174,-0.7225612998008728,0.2581343352794647,0.1187081038951873,0.7053924202919006,-0.0253477916121482,-0.2438835054636001,0.027056761085987,-0.0336368195712566,0.2745828628540039,-0.7686008810997009,0.3541084825992584,0.7190836071968079,-0.0718512162566185,-0.2065120786428451,-0.0018187621608376,-0.1872269362211227,0.397638738155365,0.4309074580669403,0.5468270778656006,0.2219927012920379,-0.8018908500671387,-0.9759647250175476,-0.4734072685241699,0.2083161324262619,-0.0377684906125068,-0.1185806989669799,0.2885502278804779,-0.1798402369022369,0.6878290772438049,0.1897077858448028,0.6301215887069702,-0.2091690599918365,-0.722944438457489,-0.3673590719699859,0.4424038529396057,0.3752502202987671,-0.1676991283893585,-0.4459718763828277,-0.4431300461292267,-0.7770759463310242,-0.0673386603593826,-0.3171449303627014,-0.4294436872005462,-0.5217902660369873,0.8094475269317627,-0.2512924969196319,0.1075090393424034,-0.4025917053222656,-0.4018430411815643,-0.466763973236084,0.2779311835765838,0.0454577282071113,-0.654930830001831,-0.044775117188692,0.0182618666440248,-0.1461863368749618,-0.3534509539604187,0.3655516505241394,0.4585763216018677,0.038303080946207,1.1507761478424072,-0.7051618695259094,0.5010988116264343,0.1114377006888389,-0.1240318939089775,-0.637571394443512,-0.1164587289094924,0.103160485625267,0.0029246993362903,0.27631476521492,0.0490697436034679,0.3067949712276459,1.1473218202590942,0.2200698107481002,0.1146855354309082,-0.054234005510807,0.0093141850084066,0.2357895672321319,0.7931244969367981,0.9288544058799744,0.2657651007175445,0.7831446528434753,-0.5178368091583252,0.1429086625576019,0.3797582685947418,0.5708256363868713,0.0189598482102155,-0.2144011408090591,-0.2801067531108856,-0.052637368440628,-0.3254095315933227,0.2340656816959381,-0.5054588317871094,0.6047118902206421,0.2007045149803161,0.4485276341438293,-0.1534082591533661,-0.1056542620062828,-0.0211676489561796,0.0489759519696235,-0.536264181137085,0.2355049401521682,-0.5773724913597107,-0.3042028844356537,-0.2597787976264953,0.4161090850830078,0.4371704757213592,-0.1982328742742538,0.2009575814008712,0.11663219332695,-0.2995975613594055,-0.015353363007307,-0.852346658706665,-0.2523526549339294,-0.2512937188148498,0.0604821182787418,0.4706586599349975,0.1505519896745681,0.0846910700201988,-0.1784964650869369,-0.3232850730419159,-0.0210635960102081,-0.1855963766574859,0.6927430033683777,-0.6860296130180359,-0.752128541469574,-0.6004267334938049,-0.1781690865755081,0.176661878824234,0.5300585627555847,-0.294614315032959,0.0418475419282913,-0.3430668413639068,0.3032206296920776,0.3980767428874969,0.5035474300384521,-0.1453271657228469,-0.6162866353988647,0.1141750663518905,-0.4648641645908355,-0.6513643860816956,-0.5748369693756104,0.1390192955732345,-0.6865306496620178,-0.7188555002212524,-0.0162003524601459,0.2561909258365631,-0.1578685045242309,-0.0249113645404577,0.558117687702179,-0.4452366828918457,0.5371310710906982,-0.4229345023632049,-0.5338836908340454,0.3808674216270447,-0.4377933442592621,-0.0793895795941352,0.1639578640460968,-0.1228517219424247,-0.7344483137130737,-0.1510647386312484,0.0286140590906143,-0.0342519618570804,0.9116819500923156,0.6522166728973389,0.904354214668274,-0.3602615892887115,0.2949974238872528,-0.7336243987083435,-0.237593725323677,-0.5255631804466248,-0.2727871239185333,-0.0693399533629417,0.1877327859401703,-0.1907364726066589,-0.4590455889701843,-1.075838327407837,-1.0332036018371582,-0.4220397174358368,0.0344428680837154,-0.0979672968387603,-0.153228685259819,-0.2957656383514404,0.1623664200305938,0.5445863604545593,-0.5729798674583435,0.6523600816726685,-0.3408239483833313,0.9851572513580322,-0.481229156255722,0.4011480510234833,-0.7459119558334351,-0.2729512453079223,-0.0208285823464393,0.5046341419219971,-0.7048631310462952,-0.5099693536758423,-0.4516530632972717,0.5084946155548096,0.7076864242553711,-0.7811751365661621,0.0191884879022836,0.0766404271125793,-0.6479899883270264,0.3435512781143188,0.2791961431503296,-0.1827924847602844,0.1731383949518203,-0.0243612807244062,0.4026594758033752,-0.416874498128891,0.4068607985973358,-0.0795387327671051,0.0487347170710563,-0.3546027541160583,0.0398236811161041,0.3165858387947082,0.3399744033813476,-0.307458758354187,0.6749665141105652,0.4790500402450561,-0.4889535009860992,-0.0736426562070846,0.6046435236930847,0.4842948019504547,-1.687179446220398,0.1725722998380661,0.48698890209198,0.076337456703186,-0.4583398401737213,0.384485512971878,0.5825582146644592,0.5674645900726318,0.1395272761583328,-0.892349123954773,1.3817840814590454,0.1117706894874572,-0.5031810998916626,0.1963310539722442,0.2763651907444,-0.1240781471133232,0.0228829495608806,-0.6274163126945496,0.0666640177369117,0.5147969126701355,-0.1712956130504608,-0.0622882097959518,0.101601094007492,-0.3973147273063659,-0.0347880385816097,0.6591439843177795,-0.7945539951324463,-0.3309025764465332,-0.6230839490890503,-0.147895947098732,0.3651831746101379,1.676709771156311,0.1523522585630417,0.5257534980773926,-0.7202920317649841,-0.23840993642807,-0.4747266769409179,-0.0877086222171783,0.0577413626015186,-0.495049238204956,0.0359099134802818,-0.4449571967124939,0.2496489584445953,0.2661591172218323,0.1785660535097122,-0.12789286673069,0.2914387881755829,0.2759785652160644,-0.0963191762566566,-0.0027752553578466,0.6358041167259216,-0.079516053199768,0.3349685668945312,0.1781617254018783,0.7129798531532288,0.8594394326210022,0.129124030470848,-0.1741911768913269,0.2292324006557464,-0.9371184706687928,0.4224268198013305,0.5195561647415161,-0.388682097196579,0.4205546677112579,0.080777458846569,-0.0475782640278339,-0.0432050041854381,-0.5159657597541809,0.4319249391555786,-0.5302548408508301,-0.6946197748184204,-0.2556244134902954,0.3964457213878631,-0.0218339581042528,0.7941288948059082,0.6027892231941223,0.5558668375015259,-0.5528475046157837,-0.4494167864322662,0.4720392525196075,-0.0278069116175174,0.6454340219497681,-0.3102744221687317,0.4741364419460296,-0.1930988579988479,-0.0816230103373527,-0.3306300044059753,-1.1016929149627686,-1.1328061819076538,-0.3527359664440155,-0.8437162041664124,0.0883318409323692,0.0166179332882165,0.5260935425758362,-0.3568281829357147,0.3089243471622467,0.4339423179626465,0.0885413289070129,-0.1924438327550888,-0.8673501014709473,0.0152217717841267,0.0992809236049652,0.1531584709882736,0.1446982324123382,0.3812558352947235,0.4379046559333801,-0.2328591793775558,-0.5454654097557068,0.3187895715236664,0.2324008196592331,-0.2125420719385147,-0.7398461103439331,0.2901666462421417,-0.1754992604255676,-0.2768450379371643,-0.0700312927365303,0.2613284289836883,1.2252193689346311,-0.0009075250709429,-0.6644392013549805,-0.0606603696942329,0.2543105483055115,-0.1092960909008979,1.0831310749053955,0.547250509262085,0.4560775756835937,-0.2520927488803863,0.0764947459101677,-0.258932501077652,-0.1018154695630073,0.045557901263237,-0.1341677755117416,0.6166885495185852,0.1234696507453918,0.3937031030654907,1.0730894804000854,-0.0708035752177238,0.4182968139648437,0.1894800961017608,0.5416486859321594,-0.5783624053001404,0.4311995208263397,-0.6220143437385559,-0.3889636695384979,-0.4045604765415191,0.273272305727005,-0.6448376774787903,-0.4883438646793365,0.0748318880796432,-0.0559296607971191,0.3655585944652557,0.0947508066892623,0.3347433507442474,-0.4867055118083954,-0.7516680955886841,-0.6947751045227051,-0.8651110529899597,-0.1331499963998794,-0.7601132988929749,-0.0770404860377311,1.1819701194763184,0.1875740587711334,-0.6374523043632507,-0.2221080660820007,-0.2064822614192962,0.4502861499786377,0.0212032590061426,-0.0214349161833524,-0.4263295829296112,0.4196648895740509,-0.5261693000793457,-0.061623927205801,0.219854399561882,0.0290658865123987,-0.4521681368350982,-0.7936022877693176,-0.7372019290924072,0.0023609229829162,0.2143869698047638,-0.5866208672523499,0.4461150467395782,0.2373750954866409,-0.4823496043682098,0.2236660420894622,0.1765279769897461,-0.4172260761260986,-0.1361928582191467,-0.5139825344085693,-0.1692083179950714,-0.2422839701175689,0.0809249952435493,0.0438421554863452,0.5074209570884705,-0.4115377962589264,-0.2900601923465729,0.9956235885620116,0.0885742232203483,0.0695859119296073,0.5985785722732544,0.030906518921256,-0.5308222770690918,-0.0320099927484989,0.552023708820343,0.5252487063407898,0.5485820770263672,0.18540720641613,-0.7003619074821472,-0.5911814570426941,-0.0854389667510986,-0.7716334462165833,0.6794939637184143,0.1723127216100692,0.822359025478363,-0.8295876383781433,0.2449977248907089,-0.0635278820991516,0.4558557868003845,-0.147618755698204,0.5592444539070129,0.3894344270229339,-1.012048602104187,-0.7715059518814087,-0.3534023463726043,-0.4530357122421264,0.5879379510879517,0.5101774334907532,-0.6036399006843567,0.1739322692155838,0.7949813604354858,0.3542305529117584,-0.6280215978622437,-0.0455308780074119,-0.4542135298252105,0.0779537260532379,0.8994118571281433,0.025979246944189,0.364872545003891,0.6617834568023682,-0.8723545670509338,0.4205503463745117,0.0646677836775779,0.7142137885093689,0.1112603694200515,-0.01350640039891,-0.3336399495601654,0.1852497458457946,-0.9368104338645936,-0.4135599732398987,0.2353415787220001,0.0102262273430824,-0.4041323959827423,0.5863099098205566,0.687199056148529,-0.4467338919639587,-0.171096384525299,1.1963224411010742,0.6934413909912109,1.1727560758590698,0.0693421214818954,0.2632206082344055,-0.6312238574028015,0.5046777725219727,0.0999296307563781,0.1138162463903427,-0.4361141920089721,-0.0496457181870937,-0.0317858234047889,-0.5102942585945129,0.284287542104721,0.3047030568122864,-0.004713037982583,0.1997137814760208,-0.2329429686069488,-0.0444165877997875,1.1387462615966797,0.1279442459344864,0.0908200591802597,-0.1361284703016281,-0.083695076406002,0.7815958857536316,0.387852668762207,0.1136531084775924,0.2873326241970062,0.0116083063185215,-0.5783442258834839,0.1750727593898773,-0.3806222975254059,0.4018998146057129,0.5458876490592957,-0.6939646601676941,-0.8114388585090637,0.598314642906189,0.5786677598953247,0.2320148348808288,-0.0150028467178344,-0.6393182277679443,-0.1019391268491745,-0.0547196604311466,0.20533187687397,-0.0808889269828796,0.2012906223535537,0.2769282460212707,-0.1144013479351997,-0.4044199287891388,0.2067251056432724,0.3964733779430389,-0.0710416734218597,-0.6280693411827087,-0.1215648129582405,-0.1576318144798278,0.3057627081871032,0.1288700848817825,0.3105970919132232,0.0048235789872705,-0.2383773326873779,0.4694837927818298,-0.185609757900238,-0.3795554339885711,-0.2565902173519134,0.8335814476013184,0.2388144731521606,-0.005740042310208,0.2247727811336517,-0.4345863163471222,-0.0482878759503364,0.1456689685583114,-0.7986185550689697,-0.0886615663766861,0.3918721079826355,-0.3647620379924774,-0.286167711019516,0.3897396922111511,-0.6758683323860168,0.2997846305370331,0.1210987418889999,0.5831829905509949,-0.6072447896003723,-0.4771528244018554,0.4599668383598327,-0.0151549009606242,-0.2357513904571533,-1.4835104942321775,0.5753331184387207,0.1726105362176895,0.3982391953468323,0.0732976347208023,0.3291622996330261,0.2275152057409286,-0.297334611415863,0.3334373235702514,-0.3543940782546997,0.2686825692653656,-9.623371124267578,-0.3366906344890594,-0.2500040829181671,-0.3443638682365417,-0.3097512722015381,-0.1928163766860962,1.178856372833252,0.7910993099212646,-0.3517414033412933,0.1092985719442367,-0.5064831972122192,-0.5399105548858643,0.4728935062885284,-0.1594906747341156,0.0034422050230205,0.3760254681110382,-0.8666298389434814,-0.5093941688537598,-0.5065591931343079,0.2625578045845032,-0.1960121095180511,-0.0777080804109573,0.8864417672157288,0.0880405902862548,0.027871211990714,0.2879453897476196,0.4378581345081329,0.146378219127655,-0.0659997090697288,0.7545938491821289,-0.5527205467224121,0.4259957373142242,-0.0724203586578369,0.5263580679893494,-0.3624927699565887,0.1432782262563705,0.1114511638879776,-0.0039803097024559,-0.9822444915771484,0.7614712119102478,0.478391170501709,0.6143478155136108,0.1772196888923645,0.3317575454711914,-0.1949498057365417,-0.4198912978172302,-0.0906330421566963,0.2136856019496917,0.2229172438383102,-0.0746719539165496,0.0072870454750955,-0.5786659717559814,0.4518012106418609,-0.3779958188533783,0.45679771900177,-0.2503117322921753,0.6148054003715515,-0.480902761220932,0.6734774708747864,-0.0168807562440633,-0.0396499373018741,0.4694781899452209,0.6351075172424316,0.2969510555267334,-0.8252557516098022,0.5729717016220093,-0.2366446405649185,-0.1976436823606491,-0.6048322916030884,-0.4438560903072357,0.9195287227630616,-0.0117217293009161,0.3220738172531128,0.0544641278684139,0.4767098724842071,0.3851261436939239,-0.0530833415687084,0.2269264161586761,0.4393853843212127,0.1783817261457443,0.8094233870506287,-0.4462828040122986,-0.0675133988261222,0.1706312596797943,-0.7234871983528137,0.0018726208945736,0.520968496799469,-0.2995092868804931,0.1369046121835708,-0.6005504131317139,1.1353840827941897,0.5056543350219727,-0.8691042065620422,-0.042039431631565,0.3116087317466736,-0.0870124399662017,-0.0416175536811351,0.2896248400211334,0.3131852149963379,-0.1629267632961273,0
0.2283046543598175,0.7893311381340027,0.0002191139356,-0.6902463436126709,-0.0322711952030658,0.3078213036060333,-0.0776218995451927,0.1385055631399154,-0.307710587978363,-0.9315041303634644,0.3054232001304626,-0.1109748557209968,-0.4459404647350311,-0.0996417105197906,0.1776837706565857,-0.4852660298347473,0.0401610173285007,-0.0134229026734828,-0.0505378022789955,-0.0341332331299781,-0.2417245507240295,-0.556867778301239,-0.4496956169605255,0.2448222935199737,0.4373019635677337,-0.3461832702159881,-0.0142757790163159,0.0985774174332618,-0.5866209268569946,-0.3628644943237304,-0.4657578766345978,-0.5387494564056396,0.0494318343698978,-0.4167186021804809,0.4062129259109497,0.2994683682918548,-0.0870691910386085,0.0304260961711406,0.2669069766998291,-0.0707496330142021,-0.0080563453957438,-0.0702925696969032,-0.2776798009872436,-0.0727240741252899,-0.0792584493756294,0.8468161225318909,0.2511501610279083,0.2846473157405853,0.4308345913887024,-0.0018579602474346,-0.0010998815996572,-0.0467871390283107,0.3165131509304046,0.025285767391324,0.0120886946097016,0.0684144794940948,0.6536592245101929,-0.0144177405163645,-0.3476441502571106,0.0693854913115501,-0.4562488198280334,0.0313112847507,0.3036544919013977,0.005027262493968,-0.2192065566778183,-0.1500294804573059,0.4743776023387909,0.1473022252321243,-0.3359768092632293,-0.1785911619663238,0.0840024426579475,0.1593953073024749,-0.248061791062355,0.1610981374979019,0.6911993026733398,-0.3003669381141662,0.0133655928075313,-0.1470380574464798,0.1199872717261314,-0.3492861688137054,-0.361040711402893,0.4608188569545746,0.1373608857393264,-0.3317233920097351,0.0784028246998786,-0.0385733768343925,-0.7942039370536804,-0.6507061123847961,0.153903841972351,-0.3451766669750213,0.2203884273767471,-0.2594058513641357,0.7485365867614746,0.2210970520973205,-0.0954062342643737,-0.2304647862911224,0.0470966026186943,-0.3146321773529053,-0.2619018256664276,0.360745370388031,-0.0104028638452291,-0.1236327737569809,0.1224168241024017,0.0555003061890602,0.1953674703836441,-0.1366733312606811,-0.2703933119773865,0.1406367272138595,0.0569855943322181,0.2678821980953216,-0.0567926503717899,-0.2268359959125518,-0.2643816471099853,0.3920008540153503,-0.1269684582948684,0.058653887361288,0.1884495764970779,0.4199928045272827,-0.0137902041897177,0.4407359361648559,-0.0089259659871459,0.4899837374687195,0.0690595433115959,-0.1809606701135635,-0.4526049196720123,0.1499457210302353,0.1568612456321716,-0.1987604945898056,-0.0386988036334514,-0.0097035020589828,-0.2299094498157501,0.2878966629505157,-0.2240998744964599,-0.0721627920866012,-0.4704104959964752,0.3075213134288788,-0.2285592705011367,-0.1183796450495719,-0.1612482666969299,-0.3302449584007263,-0.1533427089452743,0.0167674571275711,0.3135737180709839,-0.0488338619470596,-0.2149965465068817,0.2336686849594116,-0.146126314997673,-0.2890873253345489,0.7907119393348694,0.5156090259552002,0.0441646166145801,0.9926066994667052,-0.4048353731632232,-0.0164082292467355,-0.0408914349973201,-0.085323691368103,0.1767033189535141,-0.0835229754447937,-0.3299405872821808,0.5364565253257751,0.0305974055081605,-0.5981964468955994,0.3848862051963806,0.4782348275184631,0.0437444932758808,0.3629408180713653,0.3760019540786743,-0.0739018321037292,0.3606743216514587,0.6854245066642761,0.4467895925045013,0.3419089615345001,0.2648241817951202,-0.3435311019420624,0.5591753721237183,0.5352741479873657,0.0664214417338371,0.2723070383071899,-0.0696397796273231,-0.4252884984016418,0.2615151703357696,-0.1976620703935623,0.2490762621164322,-0.0110025508329272,0.3466138541698456,-0.2575240731239319,-0.2253259420394897,-0.1380408853292465,-0.1302480399608612,-0.2735597789287567,-0.2346334606409073,-0.1058368980884552,0.2140947878360748,-0.4499097168445587,-0.2071635872125625,0.0303861573338508,-0.0363090261816978,-0.261761337518692,-0.0027403347194194,0.6906111836433411,0.2178129404783249,0.2085858136415481,0.2023651003837585,-0.8777275085449219,-0.6905498504638672,-0.0285399984568357,0.2766802012920379,0.5364653468132019,0.3545885980129242,0.1301662772893905,-0.5738493204116821,0.444399356842041,0.0830921977758407,-0.2423791140317917,0.3506858050823211,0.26165571808815,-0.5516838431358337,-0.0969077050685882,0.2517367303371429,-0.7458818554878235,0.3814282119274139,-0.4416746199131012,0.0491306893527507,0.0964123457670211,-0.130419909954071,-0.4384170174598694,0.590569257736206,-0.454621821641922,0.1001112088561058,0.5076991319656372,0.0770543739199638,-0.2555280327796936,-0.4941655397415161,0.0841438919305801,-0.5211338996887207,0.3275319039821625,0.0296561922878026,0.5841538310050964,-0.0498692505061626,0.2251309901475906,-0.0007702069124206,-0.1956908702850341,0.0250802244991064,-0.1009701862931251,-0.0066939466632902,0.2973273992538452,0.0469252578914165,-0.5135172605514526,-0.5822018384933472,-0.2278046458959579,-0.4494055211544037,-0.4620478749275207,0.2182368636131286,-0.2075344771146774,0.3641126751899719,0.2450850009918213,0.2029778510332107,-0.0646495446562767,-0.1067589223384857,-0.3980338871479034,-0.2232086956501007,-0.3236328065395355,-0.0355550982058048,-0.3148984313011169,-0.1440246403217315,0.2831401228904724,-0.0511541552841663,-0.6454958319664001,-0.776977002620697,-0.3136664628982544,0.266232281923294,-0.2930109202861786,-0.2161915451288223,-0.0470464713871479,-0.8787042498588562,0.1375002712011337,0.2781213521957397,0.4777769744396209,-0.5388261675834656,0.4779895544052124,-0.2943092882633209,0.487324059009552,-0.8336783051490784,0.372710645198822,0.0355157554149627,0.1918403357267379,-0.3146290779113769,-0.5882200598716736,-0.1250039637088775,0.2707288861274719,-0.1461087763309478,-0.759894847869873,-0.3211873471736908,-0.0041881646029651,-0.4493943452835083,0.1056969314813613,0.1310553252696991,-0.0794209018349647,0.1924642920494079,0.3947439193725586,0.0587829276919364,0.2271854132413864,0.2278058975934982,-0.5150237679481506,-0.3201245963573456,-0.6626177430152893,-0.2640285789966583,-0.0084026763215661,0.8492478132247925,-0.5168153047561646,-0.0820465162396431,1.0280847549438477,-0.6598988771438599,-0.254317045211792,0.7502868175506592,0.3146312832832336,-1.5349525213241575,0.1894625127315521,0.0681430771946907,-0.2865885198116302,0.0852154418826103,0.5281539559364319,0.4286777377128601,0.6415924429893494,-0.1050516217947006,-0.3596377372741699,0.6266733407974243,0.2974497675895691,-0.2554109394550323,-0.0201659649610519,0.4516245722770691,-0.3104978501796722,0.1587794572114944,-0.3007872402667999,0.0315588898956775,0.1700054556131363,0.0962942764163017,0.0487696789205074,-0.0565310604870319,-0.3429847657680511,-0.1284970343112945,0.1359197199344635,0.2262032777070999,0.6951914429664612,-0.1495798677206039,-0.0800636857748031,0.6032885909080505,0.7330511808395386,0.5510759949684143,0.5679128766059875,-0.3005177080631256,-0.0017830366268754,0.4293340444564819,0.2978668212890625,0.3726810812950134,0.1987997889518737,0.3377734720706939,0.2786547541618347,0.2916427850723266,-0.1997235119342804,0.2618058621883392,-0.3084448277950287,0.2982898354530334,0.0537675805389881,0.161340057849884,0.6686413884162903,0.450585275888443,0.4346163868904114,-0.1545670926570892,0.4564953744411468,0.6620067954063416,0.132509246468544,-0.0345741435885429,-0.434889554977417,0.0677131414413452,-0.1501843482255935,0.4730085432529449,-0.1120481416583061,0.8207640051841736,-0.401414155960083,-0.0167322997003793,-0.0192455258220434,0.2577264904975891,-0.2546326220035553,-0.4817886650562286,-0.2938423752784729,-0.8165203332901001,-0.683810293674469,-0.2418887168169021,-0.443853884935379,0.2533622980117798,0.1449041813611984,0.2122066617012024,-0.4587754905223846,-0.2672913372516632,0.1598013341426849,-0.2482963949441909,0.2002093493938446,-0.3952578604221344,0.4420726001262665,-0.0640022158622741,-0.0927467569708824,-0.0351452268660068,-0.1798297464847564,-0.6414347290992737,-0.3546015620231628,-0.6851749420166016,0.2118288427591323,0.2456304132938385,0.4648495018482208,-0.304945558309555,-0.0362503044307231,-0.153953805565834,0.1635227352380752,0.1321999877691269,-0.5975485444068909,-0.4176119565963745,0.2444899380207061,0.2468039989471435,0.3364176452159881,0.7047562003135681,0.1856750398874282,0.3355709314346313,0.1508931368589401,0.086035244166851,0.1071151718497276,-0.2374561727046966,-0.1689526736736297,0.6010875105857849,0.000431860476965,-0.0603410862386226,0.2297626435756683,0.0991856530308723,0.0655785575509071,-0.1913573741912841,-0.4712237417697906,0.0785098075866699,0.1002240404486656,-0.3137194216251373,0.3111961781978607,-0.0041013956069946,0.672519326210022,-0.3693390190601349,-0.0032523812260478,0.3604865670204162,0.2146955877542495,0.4006662964820862,-0.4733363687992096,0.006279504392296,-0.2570718228816986,0.2697454988956451,0.3470699489116668,0.3321685791015625,0.1208919063210487,0.339318037033081,0.6675978899002075,0.04086684435606,0.2713790237903595,0.2633883059024811,-0.0681295394897461,-0.4309864640235901,0.0380658507347106,-0.112614668905735,-0.0279084481298923,-0.4654761552810669,0.0936223864555358,0.1265539228916168,-0.0400786027312278,-0.0064239646308124,-0.2158211767673492,-0.4222986400127411,-0.2465416342020034,-0.190931349992752,0.0879986733198165,0.1785637587308883,0.258786678314209,0.3916025757789612,-0.1032566204667091,-0.4911548495292663,0.5598074197769165,-0.1283477991819381,-0.069366455078125,0.1802635192871093,-0.4588852524757385,-0.2436957508325576,0.3996288180351257,-0.0660810619592666,0.1386255472898483,-0.27130126953125,0.3960331380367279,-0.0706033930182457,-0.5956684947013855,-0.0844382643699646,-0.0033354628831148,-0.3174983561038971,-0.4006783366203308,0.7325326800346375,0.1402434110641479,-0.6115754842758179,-0.6784621477127075,-0.2734947204589844,-0.4313403069972992,-0.1498757153749466,-0.5048642158508301,-0.2235249876976013,-0.19141186773777,-0.1967945098876953,0.5738834142684937,0.2716981172561645,-0.4582567811012268,0.7074304223060608,0.4335181415081024,0.4153755903244018,-0.3400882184505462,-0.40520179271698,0.0468157269060611,-0.077451191842556,-0.3228339552879333,0.2224424928426742,-0.2000925242900848,-0.0283288545906543,-0.4559940993785858,-0.6941409111022949,-0.7710542678833008,-0.1857616901397705,-0.758069634437561,0.3773366212844848,0.2222668081521988,0.0231490135192871,-0.4691428542137146,0.3682703673839569,-0.3120962977409363,0.2781900763511657,0.2773261964321136,-0.1845925450325012,0.1148344203829765,-0.631893515586853,0.139800950884819,-0.4332737326622009,-0.998008668422699,0.8505892157554626,0.4705871045589447,-0.7456851005554199,-0.1980885416269302,-0.0569831393659114,0.1255358308553695,-0.3266188502311706,0.0593798421323299,-0.2255244553089141,0.1618250608444214,0.3880086541175842,0.3295420110225677,0.1866107583045959,0.1020288616418838,-0.375136137008667,-0.2008048444986343,0.2346640527248382,0.4567102789878845,0.736954391002655,-0.1439768373966217,0.0549518130719661,-0.2308725416660308,-0.2568402588367462,0.1859365105628967,0.1064822971820831,0.4346268475055694,0.0638484209775924,0.5723000168800354,0.6819393634796143,-0.243947371840477,0.3415144085884094,0.4825946688652038,0.2448949962854385,0.4752700328826904,-0.0457554534077644,0.0954469740390777,-1.0813030004501345,0.3502972722053528,-0.1145230382680893,0.2780557572841644,-0.1324570775032043,-0.2311864197254181,0.1668270230293274,-0.2044654488563537,-0.0420801676809787,0.1655645668506622,0.0392424054443836,0.4011772871017456,0.4279835224151611,-0.1208354011178016,0.6188877820968628,0.4183763563632965,-0.3216933608055115,-0.1768267601728439,-0.2135247141122818,-0.057449422776699,1.079925775527954,0.0151468478143215,0.0323776565492153,-0.1394792348146438,-0.8818488717079163,0.4731625318527221,0.0625792369246482,-0.4225859940052032,0.6786478161811829,-0.4513055384159088,-0.2988471388816833,0.7438033223152161,0.185499370098114,0.1246291622519493,-0.0918589532375335,-0.9956426024436952,0.2553341686725616,-0.1651704460382461,-0.0420912317931652,0.4175013601779938,0.2262026518583297,0.1834922879934311,-0.1640747189521789,-0.2679892778396606,-0.0801611244678497,0.6362928748130798,-0.1089105978608131,-0.3208322823047638,0.0077819726429879,-0.2405453622341156,0.0422936603426933,-0.048470601439476,-0.0045811706222593,-0.1017855107784271,-0.2086309641599655,0.1760303378105163,-0.4114229381084442,0.0744765400886535,0.0450449213385582,0.1509630382061004,0.0081340093165636,0.0595919378101825,-0.4358670115470886,-0.6818418502807617,-0.0269382689148187,0.3204091489315033,-0.7822955250740051,-0.1549045890569687,-0.2095700055360794,-0.1892410665750503,0.2134782671928405,-0.1095760911703109,-0.7792156934738159,0.0773057341575622,-0.6258324384689331,-0.025297213345766,-0.5203964710235596,-0.0582575276494026,0.3355436325073242,0.0532894134521484,-0.2036162763833999,-0.5566251873970032,0.2885313332080841,0.2149784713983535,0.423637181520462,-0.2098501324653625,-0.0619802810251712,-0.0213649831712245,0.4444200992584228,0.2942081391811371,-0.1771599352359771,0.1417105048894882,-10.402750015258787,-0.0077664330601692,-0.5414326190948486,-0.0669736638665199,-0.4270269870758056,0.1829641461372375,0.8268499970436096,0.1709399372339248,-0.2324569970369339,0.552730917930603,0.331491470336914,0.5395879745483398,0.5592255592346191,0.5407611131668091,-0.5489458441734314,-0.057997528463602,0.0845218151807785,0.1726946532726287,-0.513979434967041,-0.2652775943279266,0.0952647626399993,-0.3621502220630646,0.6749326586723328,0.2930800020694732,-0.1599786728620529,-0.6549948453903198,-0.3670540452003479,0.4938880801200866,-0.4274978637695312,0.1864371597766876,-0.5031628608703613,0.4682232141494751,-0.2186492532491684,0.1022763848304748,-0.6303516626358032,-0.1588874012231826,-0.071713201701641,-0.0084501523524522,0.0268280766904354,0.4023565351963043,-0.1264661848545074,0.6079275012016296,0.4686408638954162,-0.1834808886051178,0.3533813655376434,0.5853736996650696,0.2267607748508453,0.3187667429447174,0.5242153406143188,-0.1416100710630417,0.1227910071611404,-0.040171705186367,0.2680443227291107,-0.6839832663536072,0.419475108385086,0.257938802242279,0.6324306726455688,-0.7606148719787598,-0.3314964175224304,0.167871281504631,0.3142702877521515,-0.1882435232400894,0.9384612441062928,0.6297095417976379,-0.2359187304973602,0.5064928531646729,0.4082295298576355,0.1923223733901977,0.0555984489619731,-0.3947871625423431,0.4501593708992004,0.3644503653049469,-0.7323861122131348,0.3435741066932678,-0.5679139494895935,0.7753034830093384,0.0115990135818719,-0.0830778256058693,0.3380842804908752,-0.0936827212572097,0.2872688770294189,0.1856337189674377,0.1969535201787948,0.2477642148733139,-0.8873093128204346,0.3959076702594757,-0.5624526143074036,-0.2822060883045196,0.2594040334224701,-0.6390024423599243,0.1025163382291793,0.2662487030029297,-0.2828689515590668,0.4093946516513824,0.456691712141037,-0.3387525081634521,0.1220334097743034,0.2254482805728912,0.2622737288475036,0.0777414664626121,0
0.1851204484701156,0.1133526414632797,0.3478733003139496,-0.5811458230018616,-0.244980126619339,0.4547251462936401,-0.0103359408676624,0.2148422598838806,-0.7347105145454407,-0.4837225973606109,0.6892787218093872,-0.474003255367279,-0.2098341435194015,0.2453430593013763,0.3778699338436126,0.3445931077003479,0.5749905705451965,-0.2465146780014038,-0.1488621979951858,-0.1835439503192901,-0.0518599450588226,-0.673219621181488,0.0510039143264293,0.1598623394966125,0.4323884546756744,-0.5140773057937622,-0.0228753145784139,0.4426533579826355,0.2080189883708953,-0.7300447821617126,0.003016760572791,-0.3719601333141327,-0.1503772586584091,-0.5845406651496887,-0.0532236546277999,0.1332100927829742,-0.160389095544815,-0.39256152510643,0.1328223198652267,-0.130472183227539,-0.4006915986537933,-0.2139456868171692,-0.155746042728424,-0.3230737447738647,-0.3329036831855774,-0.2813690602779388,-0.0682237446308136,0.1344091445207595,0.4241651594638824,-0.2506929934024811,-0.1289710402488708,0.6270773410797119,0.1109735593199729,0.0846665278077125,0.0962047725915908,-0.2414155453443527,0.5031254291534424,-0.0992229357361793,-0.0727533549070358,0.04318418353796,-0.2841477394104004,0.1678799241781234,0.3045068979263305,0.1265400052070617,0.2525502443313598,-0.2406668365001678,-0.3690701127052307,-0.0076708043925464,0.0575610809028148,-0.2263452708721161,-0.1165214106440544,0.3473661541938782,-0.4862887561321258,-0.3158794343471527,0.8000378012657166,-0.3074031770229339,0.1797145754098892,-0.2136898189783096,0.1898558735847473,-0.3421576619148254,-0.2233357429504394,0.3125046193599701,-0.4702343344688415,-0.6171981692314148,0.1865459978580474,0.4648457765579223,-0.0691788867115974,-0.8012034893035889,0.3734908401966095,-0.1611838936805725,-0.1327449977397918,0.4282073974609375,0.777197539806366,0.705671489238739,0.0976214706897735,0.2228665798902511,-0.0390330329537391,-0.1619918942451477,-0.3921799957752228,0.480612963438034,0.0180583838373422,0.3385320603847503,0.1459471732378006,-0.0442774668335914,-0.0853733569383621,0.6176565885543823,0.0825229734182357,0.4475233554840088,0.0719624906778335,0.4145070016384125,0.0052636140026152,-0.22242471575737,-0.1490680426359176,-0.404739648103714,-0.1291601061820984,-0.0871874541044235,0.0067503838799893,0.3165315091609955,0.0263951197266578,0.1647645235061645,-0.326066255569458,0.4156587123870849,0.3734689354896545,-0.3959233164787292,-0.1646001040935516,0.2329041808843612,-0.2254178673028946,0.1211611032485961,-0.1203472539782524,-0.1905383318662643,-0.2867031991481781,-0.2961269617080688,-0.4234063029289245,-0.2241840064525604,-0.7433240413665771,0.8187216520309448,-0.7510870099067688,0.306235522031784,-0.3597295582294464,-0.401078999042511,-0.1613409966230392,-0.538882851600647,0.3436700701713562,-0.1720544248819351,-0.2953663170337677,0.0410047434270381,0.0620025657117366,-0.2414631843566894,0.7119744420051575,0.373368352651596,-0.2583804726600647,0.6302230358123779,-0.6685402393341064,0.0948693826794624,0.0137262474745512,0.1452585756778717,-0.1341190636157989,-0.2123926281929016,0.0593380779027938,0.335695743560791,0.220536008477211,-0.4605607092380523,0.2239660769701004,0.4089579582214355,0.682949960231781,0.6853217482566833,0.0751315727829933,-0.1496205776929855,-0.1775009781122207,1.004672884941101,0.5541054010391235,0.7050824761390686,0.0715846642851829,-0.1335362643003463,0.2845095694065094,0.0310245305299758,-0.0739362239837646,0.0267554428428411,0.2677273154258728,-0.9117617011070251,-0.218978151679039,-0.1893627047538757,-0.377069741487503,0.3897095918655395,-0.3332099914550781,-0.1825220137834549,-0.0700478255748748,0.1158812865614891,-0.249281108379364,-0.0770910307765007,-0.1259907335042953,-0.4760015904903412,-0.0076201674528419,-0.4261358678340912,-0.5519376993179321,-0.2212291806936264,0.1084678322076797,-0.1728787422180175,0.1012222468852996,0.2050432413816452,-0.0555694289505481,-0.0499168708920478,-0.4099036455154419,-0.9846013784408568,-0.8199350833892822,0.0881478935480117,0.2635169923305511,0.0628496631979942,0.0186329819262027,0.3075393438339233,-0.3851872086524963,0.6430666446685791,0.1615558713674545,0.4284757971763611,0.2940661013126373,0.0931212529540062,-0.5460333824157715,-0.6484498381614685,0.1707452237606048,-0.1948963105678558,0.3796863555908203,-0.2814313769340515,0.3491011261940002,0.0662718787789344,-0.4348101615905761,0.0627677142620086,0.4784627258777618,-0.594511866569519,-0.0714865997433662,-0.4719659686088562,-0.4588923454284668,0.0264696609228849,-1.1940170526504517,-0.0167249534279108,-0.1575848013162613,-0.6375613808631897,-0.3360970616340637,0.1473422348499298,0.0318774506449699,0.4751473367214203,-0.0371101386845111,-0.0792370811104774,0.0541979819536209,-0.4463746547698974,-0.2653384506702423,0.1409233808517456,0.1635190695524215,0.3592414259910583,-0.3629826009273529,0.1902227103710174,-0.2876364886760711,-0.3417103886604309,-0.1326679438352584,0.0456598997116088,0.3801721334457397,0.2611142694950104,0.4544068574905395,0.1074479222297668,0.4102070927619934,-0.371486097574234,-0.0504036098718643,-0.342295378446579,-0.339034229516983,-0.2144327461719513,0.1962154656648636,0.319749116897583,0.4746172726154327,-0.0037973863072693,-0.4838686883449554,0.0350057892501354,0.5238361954689026,0.3323946595191955,-0.36949622631073,-0.0245472285896539,-0.3161850869655609,0.5672980546951294,0.1611077189445495,0.6932065486907959,-0.5128301382064819,-0.2195429503917694,-0.4667739570140838,0.0087234750390052,-0.8933624625205994,0.0433519147336483,0.0928921028971672,0.1696168929338455,-0.1508163213729858,-0.1478518396615982,-0.3297500610351562,0.4367550909519195,0.4220819473266601,-0.7799034714698792,-0.2922484278678894,0.2656966149806976,-0.0957681387662887,0.1971792429685592,-0.0620473772287368,0.3466018438339233,-0.4270668923854828,0.2464040666818618,-0.1447359025478363,-0.3211658000946045,0.3476603031158447,-0.4161267876625061,0.095413938164711,-0.0033453796058893,0.1015699431300163,-0.5018597841262817,0.202794924378395,-0.1169154420495033,-0.0086320023983716,0.9097577333450316,-0.6930106282234192,-0.1427887976169586,0.3350430727005005,0.4432355463504791,-1.9069759845733645,0.2741859555244446,0.5789223909378052,0.1156430020928382,-0.3071358501911163,0.4859797060489654,0.4133656919002533,0.568804919719696,0.0475228205323219,-0.5624336004257202,0.4120220839977264,0.3678272366523742,-1.0387423038482666,-0.1614401489496231,0.2158778756856918,-0.1985929161310196,0.1125222370028495,-0.6712509393692017,0.0013226749142631,0.2129195779561996,0.2512508332729339,-0.1391494274139404,0.0226407255977392,-0.8216893672943115,0.0345409922301769,-0.2560959756374359,0.5585600137710571,-0.4923241436481476,-0.5847320556640625,-0.7261739373207092,0.3763508200645447,0.1778390258550644,0.107175275683403,1.0373833179473877,-0.844487190246582,0.3000622689723968,0.3348320126533508,0.2339090704917907,0.5564220547676086,-0.0815690234303474,0.0606457293033599,-0.3348341882228851,0.9137864112854004,-0.5221717953681946,0.1972617208957672,0.2788868546485901,0.1086804568767547,0.0391965992748737,-0.1073033288121223,0.0127511518076062,0.450944721698761,0.4002836644649505,0.5620008111000061,-0.0885029062628746,0.0081058572977781,-0.5945995450019836,0.3380999565124511,-0.2531828582286834,0.4663649499416351,-0.6346111297607422,-0.00057962781284,-0.0326265655457973,-0.1666450500488281,0.1115647256374359,-0.7278528809547424,-0.2335031926631927,0.012793693691492,-0.9312540292739868,0.0625047013163566,-0.2575602233409881,-0.4826100170612335,-0.0785700753331184,-0.0778886377811431,-0.3392595946788788,0.604993462562561,0.2639054358005523,0.3867668211460113,-0.4870921969413757,-0.5686308741569519,0.3549324572086334,-0.41358682513237,-0.0698904916644096,0.0445661731064319,0.6186004877090454,-0.782745897769928,-0.0903949365019798,0.0082752034068107,0.0171855874359607,-0.0012059553992003,0.0022890157997608,-0.4954438209533691,-0.2753749191761017,-0.1766725778579712,0.2993229925632477,-0.1224089786410331,-0.2670062184333801,0.0797733664512634,0.1581833660602569,-0.9410179257392884,-0.2519262731075287,-0.2982804477214813,-0.0203201994299888,0.4574683606624603,0.7324722409248352,-0.3207776546478271,0.4864725172519684,-0.2692555487155914,-0.0947336331009864,0.2186460196971893,-0.2709843814373016,0.0273825749754905,-0.5419445633888245,0.5572724938392639,-0.0232378020882606,0.0422223284840583,-0.4411842823028564,0.192201092839241,0.594211995601654,0.2175827920436859,-0.6115928292274475,0.4309650361537933,0.359701007604599,-0.1855919808149337,0.3939768373966217,-0.1218092069029808,0.3850523829460144,-0.0964807420969009,0.3500396907329559,0.609777569770813,0.1683868169784546,0.0607981570065021,-0.1313752681016922,-0.077102705836296,-0.2233256101608276,0.2772882580757141,0.6315855383872986,0.7476449012756348,-0.4972939789295196,0.1993279159069061,0.3641148507595062,0.0279051642864942,0.1820326000452041,0.2302520275115966,0.5079627633094788,0.1294083893299102,-0.5504735112190247,0.0022321271244436,-0.4132207930088043,-0.6214587092399597,-0.359453946352005,0.452564001083374,-0.0093843750655651,0.2088608145713806,-0.3247521221637726,-0.9476535320281982,-0.1243445426225662,-0.7519022226333618,-0.1140545904636383,0.1584809273481369,-0.1896867007017135,-0.1229061782360076,0.2233829647302627,0.0175357814878225,-0.243805393576622,-0.3357371389865875,0.3616373240947723,0.4283893406391144,-0.9040032625198364,-0.318990409374237,1.034806251525879,0.2460199743509292,-0.0565574467182159,0.9602068066596984,0.4771187007427215,0.6363593339920044,-0.906616985797882,-0.0053865634836256,-0.2428794950246811,-0.0663866475224495,0.1178459748625755,0.8386086225509644,0.41789111495018,-0.2943928241729736,-0.2315568923950195,-0.2333507984876632,-0.21415875852108,0.0573376305401325,-0.3746655881404876,-0.0220610946416854,-0.4661785066127777,0.2006034255027771,0.6017204523086548,0.410130500793457,-0.6176286339759827,0.647590696811676,-0.4125845432281494,0.2870636582374573,-0.4295789897441864,-0.2025258541107177,0.2006732523441314,0.1172295659780502,-0.396082192659378,0.954744815826416,-0.2101258039474487,0.5523769855499268,-0.702308177947998,-0.6920813322067261,-0.1838677525520324,-0.1344482600688934,-0.7792618274688721,0.457703560590744,0.4013356566429138,0.1962707489728927,-0.9921370148658752,0.0344035364687442,-0.4800252914428711,-0.1749262511730194,0.0228537302464246,-0.0091744223609566,-0.0320199206471443,-0.8312985301017761,0.5570515394210815,-0.0652487277984619,-0.821787416934967,0.1197993606328964,0.332054078578949,-0.5650448203086853,-0.4109402298927307,-0.0824754983186721,0.2555250823497772,-0.7905123233795166,-0.0489809177815914,-0.5050501227378845,0.619213342666626,0.6805497407913208,0.6706543564796448,-0.1160068064928054,0.4903527498245239,-0.5707969665527344,-0.120829276740551,0.344122976064682,0.4028740525245666,0.5856778621673584,-0.1442456096410751,0.1032112017273902,0.1522101759910583,-0.4962373673915863,0.9896679520606996,0.7027183771133423,0.6930235028266907,0.015660123899579,0.4873404502868652,1.1271847486495972,-0.391912579536438,-0.1656073927879333,0.4438101053237915,-0.0100547512993216,0.2788073718547821,-0.0651020854711532,0.0800190567970275,-0.3817603588104248,0.2596588134765625,0.0963635295629501,0.372087687253952,-0.2345659136772155,-0.261847585439682,0.1495991349220276,-0.4322970807552337,0.1662604510784149,0.6854991912841797,-0.3320651352405548,0.2114636898040771,0.0789061561226844,0.0792999193072319,0.7756950855255127,-0.0352961458265781,-0.0114692347124218,-0.2821073234081268,0.0356826335191726,0.1451604068279266,0.5627909898757935,-0.3439945578575134,0.1878613829612732,-0.2460632622241974,-0.6099408864974976,0.4511119425296783,-0.2102598696947097,-0.0197493713349103,0.8666958808898926,-0.1628436148166656,-0.5673056244850159,0.5764637589454651,0.16697558760643,0.049440823495388,-0.0822696685791015,-1.2653743028640747,0.1473136693239212,0.3732979297637939,0.1553587019443512,-0.1482301205396652,-0.1419611722230911,-0.1178587973117828,-0.1662435680627823,-0.5858500003814697,-0.2479674220085144,0.747852623462677,0.2064280956983566,-0.5756826400756836,0.2094449549913406,0.1423092782497406,-0.1148327961564064,0.2739153504371643,-0.2410308420658111,-0.2802563011646271,0.0980306938290596,-0.01471384242177,-0.5095272064208984,0.0252704434096813,0.1877766102552414,0.0094575155526399,0.048806045204401,0.0480765216052532,-0.0298652052879333,-0.4084957838058471,-0.2442398220300674,0.1265240013599395,-0.7902072072029114,-0.0160786490887403,0.12472815066576,0.348185271024704,-0.182255819439888,0.0859074965119361,-0.5262537598609924,-0.1857954710721969,-0.4725711047649383,0.5111090540885925,-0.2798446416854858,-0.1261346340179443,0.2398341000080108,0.0122328354045748,-0.2790491878986358,-1.3726365566253662,-0.0364118069410324,-0.1027731969952583,0.5655457377433777,-0.3392535746097564,0.4096924364566803,-0.0419049374759197,0.2732201218605041,0.3161489963531494,-0.3596120178699493,-0.5141348242759705,-10.103970527648926,-0.1147670894861221,0.1676575094461441,-0.2567546367645263,0.0054337256588041,-0.0909584984183311,1.0634677410125732,0.1308674365282058,-0.4912706613540649,0.1614493876695633,-0.2417031079530716,0.1538862735033035,0.8037647008895874,0.6032930612564087,-0.3848005831241607,-0.3028520941734314,0.1471940726041793,-0.1960639506578445,-0.0954867899417877,-0.2364068776369094,0.2042136192321777,-0.2969937622547149,0.8363024592399597,0.7035012245178223,0.2611159682273865,-0.2208235710859298,-0.4329324960708618,0.2367829382419586,-0.0847854614257812,0.4129079282283783,-0.6196572780609131,0.6972617506980896,0.032418169081211,0.5835437774658203,-0.154353991150856,-0.2741225063800812,0.4323838055133819,0.4356813430786133,-0.1208800375461578,0.8178761005401611,0.3749984800815582,0.7281234860420227,0.1007287129759788,0.0059354132972657,0.1091866120696067,0.8418305516242981,-0.2896795570850372,0.4977284967899322,0.6932016611099243,0.0210481155663728,0.3588760197162628,-0.0545879378914833,-0.2126008570194244,0.4053488969802856,0.4776976704597473,0.2967559993267059,0.148663729429245,0.0600880309939384,0.2989813387393951,0.0973863303661346,1.0088578462600708,0.0405987873673439,0.8174417018890381,0.7666621804237366,-0.2653725445270538,-0.1565803736448288,-0.1863614320755005,0.6802580952644348,0.1158449649810791,-0.5041446089744568,0.1440654546022415,0.2689585387706756,-0.546373724937439,0.3252139985561371,-0.2667722105979919,0.2605569958686828,0.3241857290267944,-0.4040230810642242,0.6691726446151733,0.2689882814884186,0.5289976000785828,0.1547529548406601,-0.1785345077514648,0.2854135930538177,-0.950079083442688,0.0336717329919338,-0.0261015631258487,0.1993128061294555,0.1492418795824051,-0.3969517648220062,0.5395745635032654,0.2844503223896026,0.0226722229272127,0.1698359847068786,0.3431967794895172,-0.2382277548313141,0.158860370516777,0.1524660438299179,0.6408541798591614,-0.0887840017676353,1
0.2505481839179992,0.4489372670650482,0.1492974162101745,-0.5586414337158203,-0.0013604935957118,0.0918458104133606,0.3721223175525665,-0.0234025865793228,0.0832772254943847,-0.4972952902317047,0.922433853149414,0.0710767582058906,-0.3678937554359436,-0.0582557208836078,0.4592601954936981,0.0477102994918823,0.3026152551174164,-0.0985034108161926,-0.3389739096164703,-0.3084463775157928,-0.4294740259647369,-0.4628788530826568,0.0032123664859682,0.1254025250673294,0.4180895090103149,-0.4004127383232116,-0.0911752507090568,0.2276809960603714,-0.1435918509960174,-0.1566646099090576,-0.3757165074348449,-0.3744196891784668,-0.1879740059375763,-0.2184703797101974,-0.278684914112091,0.8278489112854004,0.1410537958145141,-0.2761842608451843,0.0495626181364059,-0.0305525045841932,-0.2750777900218963,-0.103702962398529,0.1346310377120971,-0.2775102853775024,-0.3408503830432892,0.5337256789207458,0.0850845575332641,0.2999982237815857,0.3017307221889496,-0.0298516284674406,-0.4111286401748657,0.4123713672161102,0.2305360287427902,-0.0554429590702056,-0.0002612370881251,-0.1306027173995971,-0.1068493500351905,-0.177051767706871,0.1526751071214676,-0.0106077278032898,-0.080419547855854,-0.2179279178380966,0.1381518840789795,-0.0645262748003006,-0.4898168444633484,-0.2554144263267517,0.0158404614776372,0.0089113507419824,-0.1771092265844345,-0.5936737656593323,-0.3995041847229004,0.2752134203910827,0.1364410668611526,-0.409847617149353,0.4420993030071258,-0.3259541392326355,0.3144108355045318,-0.1611713469028473,-0.1378859132528305,-0.1059435307979583,-0.2272272706031799,0.4182016253471374,-0.1328671723604202,-0.6189823150634766,0.1171788424253463,0.0059523768723011,0.1065851971507072,-0.4834829270839691,0.3780913650989532,-0.5386707186698914,-0.3544098436832428,0.272403359413147,0.5725651383399963,0.3448121547698974,-0.2858032286167145,0.0702245160937309,0.1583373248577118,-0.2321749329566955,-0.2503252625465393,-0.1264444589614868,0.5010859966278076,-0.3914403915405273,0.1215318441390991,-0.1627832204103469,-0.1635713726282119,0.1289453953504562,-0.4897728264331817,0.5729210376739502,-0.0315574333071708,-0.1191677451133728,-0.2018569260835647,-0.2577365636825561,-0.3563779592514038,0.4040128290653229,-0.2662290036678314,-0.1149513870477676,-0.1682388335466385,0.3997953832149505,-0.2984249293804168,0.1948220431804657,0.2346782982349395,0.2928614318370819,0.0676141455769538,0.1553054451942443,-0.0961431860923767,0.5456915497779846,-0.2279289662837982,-0.0558218955993652,0.0611917041242122,-0.2349888235330581,0.2706878185272217,0.0724034383893013,-0.3393912613391876,-0.1392006874084472,-0.5784204006195068,0.2526203095912933,-0.155659407377243,0.0599726513028144,-0.0823525488376617,-0.5838775634765625,0.047910239547491,-0.2668199837207794,0.2308844178915023,0.1897561997175216,0.0472326166927814,0.0304461829364299,0.4092461466789245,-0.2077170759439468,0.446753054857254,0.1353139877319336,-0.0519040711224079,0.783359169960022,-0.3722396194934845,-0.2989800870418548,-0.2798097133636474,0.042486522346735,-0.3434524536132812,0.0400078408420085,0.0653272718191146,0.4727227985858917,0.2746033072471618,-0.6966155767440796,0.0782220959663391,0.4430415630340576,0.2624966502189636,0.7815207242965698,0.1209591776132583,-0.0958712175488472,-0.0241772830486297,0.5504213571548462,0.2618978321552276,0.4256070256233215,0.1255105286836624,-0.5663151741027832,0.2344573885202407,0.5653722882270813,0.1362340450286865,0.1511902064085006,0.2922266721725464,-0.4613509178161621,0.1085969433188438,-0.4493367969989776,-0.2269296944141388,-0.4779540002346039,0.5775596499443054,-0.1593138724565506,-0.1407499462366104,0.0492161028087139,0.0404408201575279,0.0006456886767409,-0.5783886313438416,0.0301188584417104,0.5472155809402466,-0.4307481944561004,-0.0494826287031173,-0.1220207810401916,-0.0579941235482692,-0.3472139537334442,-0.1853754818439483,0.5233907103538513,-0.0871587991714477,0.2898628711700439,-0.2703546583652496,-0.2009024322032928,-1.124642014503479,-0.222978800535202,0.2935783565044403,0.4990005493164062,0.2641696035861969,0.1191057860851287,-0.4838886857032776,0.2278601378202438,0.4431247413158417,0.4852368533611297,0.0213789027184247,0.0502767190337181,-0.2780689299106598,0.179585114121437,0.3599025011062622,-0.5641339421272278,0.0423757135868072,-0.1109554767608642,0.0774233862757682,0.3421428501605987,-0.2297710478305816,-0.103759691119194,-0.0296202395111322,0.0609361641108989,-0.1472322195768356,0.7782184481620789,0.2733465433120727,-0.0964207574725151,-0.5749717950820923,-0.4450890123844147,-0.9197883009910583,0.2412146925926208,-0.1610824167728424,0.22455695271492,0.3092661798000335,0.297025203704834,0.2582457661628723,-0.2680031061172485,-0.1428358107805252,-0.2700835466384887,-0.2408133894205093,0.3363486230373382,0.1937740296125412,-0.1581805199384689,-0.5909778475761414,0.3315999209880829,-0.5108320713043213,-0.2683800160884857,0.6358513236045837,-0.1435994505882263,0.5744237899780273,0.1409382820129394,0.4897727072238922,-0.0853540748357772,-0.1874617785215377,-0.0955950766801834,0.0436156764626503,-0.4138393998146057,-0.1069721728563308,-0.2344851791858673,0.0109996134415268,0.1046502217650413,0.0584264323115348,-0.636326253414154,-0.0737071558833122,-0.3163428604602813,0.1024644523859024,-0.5688919425010681,-0.0704476460814476,0.230291873216629,-0.3569014072418213,0.250668466091156,-0.1041097939014434,0.3356075882911682,-0.2991388738155365,-0.0898166894912719,-1.0346769094467163,0.462022066116333,-0.7326732873916626,0.3542755842208862,0.1198809146881103,-0.1020419746637344,-0.0654364451766014,-0.1256033927202224,-0.1999105513095855,0.5118235349655151,0.1648826599121093,-0.2880998849868774,-0.5125777721405029,-0.0331790335476398,-0.1484315097332,0.0892459005117416,0.1570788919925689,-0.2203528583049774,0.0077931177802383,0.118221990764141,0.5483359098434448,0.1169387027621269,0.1514610946178436,-0.168676421046257,-0.3166066408157348,-0.8211398720741272,-0.174249917268753,0.1659409701824188,0.6097294688224792,-0.3898724913597107,-0.1515483856201172,1.065920114517212,-0.1712241768836975,-0.2753693759441376,0.2073781341314315,0.4925227761268616,-1.4006301164627075,0.1897653192281723,0.588225245475769,0.0082712536677718,0.0532373040914535,0.3261024951934814,0.305587887763977,0.3564168214797973,-0.5224007368087769,-0.0392370522022247,0.3144610822200775,0.3735979497432709,-0.0036170836538076,-0.3670718371868133,0.3963320851325989,-0.0700402110815048,0.0745707526803016,-0.612056314945221,-0.3191026151180267,0.4119139909744262,-0.0874440968036651,0.0874632224440574,-0.0170665271580219,-0.3100562393665313,0.0694663971662521,-0.2886847555637359,0.2692031264305115,-0.325777143239975,-0.2060827612876892,-0.2726702988147735,0.2635100781917572,0.449198842048645,0.661635160446167,0.5164912939071655,0.3551589548587799,0.2686977684497833,0.4473485052585602,0.3802987933158874,0.4603124260902405,0.3109914064407348,-0.1063156351447105,0.0195352584123611,0.5475675463676453,0.3219617009162903,0.2603946328163147,-0.0276618730276823,-0.2409785836935043,0.6404382586479187,-0.0342877991497516,0.4841922223567962,0.4391713440418243,0.6220520734786987,0.3925226628780365,0.2461102455854416,0.4162329435348511,-0.1992395222187042,-0.1421195566654205,-0.3447634279727936,0.2172411680221557,-0.2869605720043182,-0.159542977809906,-0.1537368595600128,0.2500409781932831,-0.1458094269037246,-0.51259446144104,0.1407272219657898,-0.4438359141349792,-0.0136881181970238,0.1929426491260528,-0.2214354574680328,-0.5873409509658813,-0.4135623872280121,-0.4071406424045563,-0.5993702411651611,0.487648457288742,0.2242782115936279,0.1675911098718643,-0.5403475761413574,0.1199017167091369,0.1179696023464202,0.1697641909122467,-0.1759710162878036,0.0114829167723655,-0.1525502800941467,0.0282090436667203,-0.1229961067438125,0.0094847762957215,-0.6527937650680542,-0.4276649355888366,-0.5186935663223267,-0.8451845645904541,-0.1182984411716461,0.1161651164293289,0.3922761380672455,-0.0325253829360008,0.1955144107341766,0.1770944148302078,0.2159095853567123,-0.2994886338710785,-0.1859803646802902,-0.8119920492172241,-0.0156768765300512,0.2146668434143066,0.2322666496038437,0.232969045639038,0.1962420046329498,0.1099632307887077,-0.0482075437903404,-0.2861345410346985,-0.012153910472989,-0.2400132715702057,-0.2711018323898315,0.9789894223213196,-0.2605230808258056,0.4552047252655029,-0.1963374316692352,0.1221195682883262,0.3167569637298584,-0.1554841697216034,-0.112817458808422,-0.0907303839921951,0.4706625342369079,-0.1368854939937591,-0.1007928028702735,0.0552294701337814,0.4654022455215454,-0.323762983083725,0.1653086394071579,-0.0653367415070533,0.1071037575602531,0.2053379118442535,-0.0762300416827201,-0.1510095745325088,-0.2405013442039489,0.1477335095405578,0.2341473698616027,0.2862294316291809,0.2517187595367431,0.2906464636325836,0.603635311126709,0.0465304367244243,0.2981800138950348,0.2586971819400787,0.7238072156906128,-0.2899322211742401,-0.2150292694568634,-0.4939345717430115,-0.0892949178814888,-0.4694490730762481,-0.1574169397354126,0.5626305937767029,-0.2203343510627746,0.2118527293205261,-0.1339785903692245,-0.6529372930526733,-0.0651318654417991,0.0051952362991869,0.0690673440694809,0.0703841000795364,0.3648920953273773,0.4399062097072601,-0.0126997204497456,-0.6327009201049805,0.5944579839706421,-0.3083150088787079,0.5145155787467957,0.3459455370903015,-0.5750617384910583,-0.2742610871791839,-0.0764722600579261,0.0789083093404769,0.0509687885642051,0.2437104284763336,0.5642279982566833,-0.3491406440734863,-1.0541503429412842,-0.1875897049903869,0.253937304019928,-0.1902288049459457,-0.4174838066101074,0.2181191146373748,0.1227318570017814,-0.9403929114341736,-0.6611847281455994,-0.3907082676887512,-0.2368012964725494,-0.0750048086047172,-0.9417609572410583,0.2107371240854263,0.0918762311339378,-0.0685869976878166,0.4357554912567138,0.0065562450326979,0.0523173697292804,0.2633278965950012,0.4124357998371124,0.32712522149086,-0.5278412699699402,-0.0882996395230293,0.1802866458892822,-0.0107608418911695,0.0757314711809158,0.4335595369338989,0.0022350514773279,0.1346089839935302,-0.0360789820551872,-0.6570267677307129,-0.1326983571052551,-0.3951635062694549,-0.8622023463249207,0.3906485438346863,-0.0485257804393768,0.2440661787986755,-0.4389907419681549,0.3586048185825348,-0.2363224476575851,0.0419668890535831,0.1436831504106521,0.0125273689627647,0.0706452205777168,-0.6102577447891235,0.3147449195384979,-0.4907277226448059,-0.4119032323360443,0.8037401437759399,0.6327239871025085,-0.277031272649765,0.0262137148529291,0.3444098234176636,0.0450162589550018,-0.3139759302139282,0.0423781313002109,-0.0282185282558202,-0.0554161630570888,-0.1430779546499252,0.2068943828344345,0.3075024485588074,0.0210439786314964,-0.2298358529806137,-0.2397428303956985,0.5746675133705139,0.4281243979930877,0.2773855924606323,-0.1015438437461853,-0.0849071964621543,-0.2149445414543151,-0.3835354745388031,0.1777462214231491,0.1371704339981079,0.6504777669906616,-0.1978227198123932,0.90113627910614,-0.1241719648241996,-0.3456954061985016,0.2918019294738769,0.6946764588356018,-0.100216694176197,0.2651370167732239,0.1185874417424202,0.1118910908699035,-0.889651358127594,0.1925767362117767,-0.256352037191391,0.2200701981782913,0.1242488473653793,0.4356253743171692,0.467876672744751,-0.6214590072631836,-0.260323166847229,-0.1672984957695007,0.1883513331413269,0.0608341209590435,0.5436148047447205,-0.025854293256998,0.0934903025627136,0.2462126761674881,-0.1927277445793151,-0.0298794582486152,0.1243695616722107,0.0780878812074661,0.8339083194732666,0.2224399149417877,0.0871190205216407,-0.2118162512779235,-0.8105356693267822,0.3458636999130249,-0.0689836740493774,0.018697315827012,0.4625156223773956,-0.282231330871582,0.1249693036079406,0.3071497082710266,0.6096946001052856,0.1468066424131393,-0.2993062138557434,-0.793890118598938,0.1002339199185371,-0.0204421188682317,-0.0992076396942138,0.2560797929763794,-0.0415349118411541,0.3648510277271271,0.203915536403656,-0.1634592562913894,0.0352919995784759,0.5447142124176025,-0.1733648031949997,0.0036587237846106,0.304246574640274,0.1871929317712783,-0.4307031333446502,0.0009281226666644,-0.2076293379068374,-0.4050754308700561,-0.4266373217105865,-0.2039306312799453,-0.2270745187997818,-0.0535288043320179,-0.1840565502643585,-0.0797881931066513,0.2254985123872757,0.1304506063461303,-0.1006392464041709,-0.3923006653785705,-0.3506778478622436,0.5158728361129761,-0.7764759063720703,-0.1357771307229995,-0.1237556636333465,0.0765950009226799,-0.1074878200888633,-0.0110861044377088,-0.3666615784168243,-0.1664658933877945,-0.1050653979182243,0.1489000916481018,0.0398935228586196,-0.416027158498764,0.2048544883728027,0.2299579083919525,-0.1175116971135139,-0.788458526134491,0.1993530094623565,-0.0932439640164375,0.6569687724113464,-0.1900956332683563,0.2818269431591034,-0.2750597894191742,0.2358642965555191,-0.3131818175315857,-0.1302007734775543,0.0328198932111263,-10.583672523498535,-0.0490938015282154,-0.445158988237381,-0.1263294517993927,-0.4172158241271972,0.4067028164863586,0.6914451718330383,0.2893685698509216,-0.4186541438102722,0.0356551110744476,0.3733002245426178,0.3360385596752167,0.267772227525711,0.3577016592025757,-0.6444789171218872,-0.2057143747806549,0.1316499561071396,-0.0891802087426185,-0.1396465450525283,-0.2161887139081955,0.2653757333755493,-0.0017534146318212,0.2895424365997314,0.6346953511238098,0.0794324725866317,-0.5257126092910767,-0.4686369895935058,0.2963267862796783,0.0342756062746048,0.2951556444168091,-0.3470078706741333,0.142052948474884,0.0479567125439643,0.319089412689209,-0.3116777241230011,-0.2718498408794403,-0.1247318685054779,0.3276664912700653,0.1142612621188163,0.191989004611969,0.2599020004272461,0.657625675201416,0.285983681678772,0.0854373276233673,0.2722641825675964,0.4464370608329773,0.5172173380851746,0.294055163860321,0.6834058165550232,-0.0487478226423263,0.0203231442719697,0.3268148303031921,-0.1709272563457489,-0.1003255695104599,0.3273875713348388,0.0490538142621517,0.7690467834472656,-0.6563530564308167,-0.44570192694664,0.073697306215763,-0.0454915389418602,0.0713259354233741,0.9178944230079652,0.5181217193603516,0.0308233760297298,-0.0776502043008804,0.312881737947464,0.4847948849201202,-0.5009794235229492,-0.2229619175195694,-0.0355613268911838,0.2150739580392837,0.0117330383509397,-0.0769709050655365,-0.5127115845680237,0.275899589061737,-0.004084981046617,-0.2585968971252441,0.3279469013214111,0.2067940235137939,0.1488009393215179,0.2203200012445449,0.015926444903016,0.1426022797822952,-0.5167419910430908,0.1087146177887916,-0.2099006623029709,0.1725313067436218,0.0848772972822189,-0.4644400477409363,-0.07003665715456,-0.2248544692993164,-0.0309130512177944,0.7703751921653748,0.4164022207260132,-0.0329809635877609,-0.0987273156642913,0.102551057934761,0.5012519955635071,0.0252322237938642,1
