MFeature_0,MFeature_1,MFeature_2,MFeature_3,MFeature_4,MFeature_5,MFeature_6,MFeature_7,MFeature_8,MFeature_9,MFeature_10,MFeature_11,MFeature_12,MFeature_13,MFeature_14,MFeature_15,MFeature_16,MFeature_17,MFeature_18,MFeature_19,MFeature_20,MFeature_21,MFeature_22,MFeature_23,MFeature_24,MFeature_25,MFeature_26,MFeature_27,MFeature_28,MFeature_29,MFeature_30,MFeature_31,MFeature_32,MFeature_33,MFeature_34,MFeature_35,MFeature_36,MFeature_37,MFeature_38,MFeature_39,MFeature_40,MFeature_41,MFeature_42,MFeature_43,MFeature_44,MFeature_45,MFeature_46,MFeature_47,MFeature_48,MFeature_49,MFeature_50,MFeature_51,MFeature_52,MFeature_53,MFeature_54,MFeature_55,MFeature_56,MFeature_57,MFeature_58,MFeature_59,MFeature_60,MFeature_61,MFeature_62,MFeature_63,MFeature_64,MFeature_65,MFeature_66,MFeature_67,MFeature_68,MFeature_69,MFeature_70,MFeature_71,MFeature_72,MFeature_73,MFeature_74,MFeature_75,MFeature_76,MFeature_77,MFeature_78,MFeature_79,MFeature_80,MFeature_81,MFeature_82,MFeature_83,MFeature_84,MFeature_85,MFeature_86,MFeature_87,MFeature_88,MFeature_89,MFeature_90,MFeature_91,MFeature_92,MFeature_93,MFeature_94,MFeature_95,MFeature_96,MFeature_97,MFeature_98,MFeature_99,MFeature_100,MFeature_101,MFeature_102,MFeature_103,MFeature_104,MFeature_105,MFeature_106,MFeature_107,MFeature_108,MFeature_109,MFeature_110,MFeature_111,MFeature_112,MFeature_113,MFeature_114,MFeature_115,MFeature_116,MFeature_117,MFeature_118,MFeature_119,MFeature_120,MFeature_121,MFeature_122,MFeature_123,MFeature_124,MFeature_125,MFeature_126,MFeature_127,MFeature_128,MFeature_129,MFeature_130,MFeature_131,MFeature_132,MFeature_133,MFeature_134,MFeature_135,MFeature_136,MFeature_137,MFeature_138,MFeature_139,MFeature_140,MFeature_141,MFeature_142,MFeature_143,MFeature_144,MFeature_145,MFeature_146,MFeature_147,MFeature_148,MFeature_149,MFeature_150,MFeature_151,MFeature_152,MFeature_153,MFeature_154,MFeature_155,MFeature_156,MFeature_157,MFeature_158,MFeature_159,MFeature_160,MFeature_161,MFeature_162,MFeature_163,MFeature_164,MFeature_165,MFeature_166,MFeature_167,MFeature_168,MFeature_169,MFeature_170,MFeature_171,MFeature_172,MFeature_173,MFeature_174,MFeature_175,MFeature_176,MFeature_177,MFeature_178,MFeature_179,MFeature_180,MFeature_181,MFeature_182,MFeature_183,MFeature_184,MFeature_185,MFeature_186,MFeature_187,MFeature_188,MFeature_189,MFeature_190,MFeature_191,MFeature_192,MFeature_193,MFeature_194,MFeature_195,MFeature_196,MFeature_197,MFeature_198,MFeature_199,MFeature_200,MFeature_201,MFeature_202,MFeature_203,MFeature_204,MFeature_205,MFeature_206,MFeature_207,MFeature_208,MFeature_209,MFeature_210,MFeature_211,MFeature_212,MFeature_213,MFeature_214,MFeature_215,MFeature_216,MFeature_217,MFeature_218,MFeature_219,MFeature_220,MFeature_221,MFeature_222,MFeature_223,MFeature_224,MFeature_225,MFeature_226,MFeature_227,MFeature_228,MFeature_229,MFeature_230,MFeature_231,MFeature_232,MFeature_233,MFeature_234,MFeature_235,MFeature_236,MFeature_237,MFeature_238,MFeature_239,MFeature_240,MFeature_241,MFeature_242,MFeature_243,MFeature_244,MFeature_245,MFeature_246,MFeature_247,MFeature_248,MFeature_249,MFeature_250,MFeature_251,MFeature_252,MFeature_253,MFeature_254,MFeature_255,MFeature_256,MFeature_257,MFeature_258,MFeature_259,MFeature_260,MFeature_261,MFeature_262,MFeature_263,MFeature_264,MFeature_265,MFeature_266,MFeature_267,MFeature_268,MFeature_269,MFeature_270,MFeature_271,MFeature_272,MFeature_273,MFeature_274,MFeature_275,MFeature_276,MFeature_277,MFeature_278,MFeature_279,MFeature_280,MFeature_281,MFeature_282,MFeature_283,MFeature_284,MFeature_285,MFeature_286,MFeature_287,MFeature_288,MFeature_289,MFeature_290,MFeature_291,MFeature_292,MFeature_293,MFeature_294,MFeature_295,MFeature_296,MFeature_297,MFeature_298,MFeature_299,MFeature_300,MFeature_301,MFeature_302,MFeature_303,MFeature_304,MFeature_305,MFeature_306,MFeature_307,MFeature_308,MFeature_309,MFeature_310,MFeature_311,MFeature_312,MFeature_313,MFeature_314,MFeature_315,MFeature_316,MFeature_317,MFeature_318,MFeature_319,MFeature_320,MFeature_321,MFeature_322,MFeature_323,MFeature_324,MFeature_325,MFeature_326,MFeature_327,MFeature_328,MFeature_329,MFeature_330,MFeature_331,MFeature_332,MFeature_333,MFeature_334,MFeature_335,MFeature_336,MFeature_337,MFeature_338,MFeature_339,MFeature_340,MFeature_341,MFeature_342,MFeature_343,MFeature_344,MFeature_345,MFeature_346,MFeature_347,MFeature_348,MFeature_349,MFeature_350,MFeature_351,MFeature_352,MFeature_353,MFeature_354,MFeature_355,MFeature_356,MFeature_357,MFeature_358,MFeature_359,MFeature_360,MFeature_361,MFeature_362,MFeature_363,MFeature_364,MFeature_365,MFeature_366,MFeature_367,MFeature_368,MFeature_369,MFeature_370,MFeature_371,MFeature_372,MFeature_373,MFeature_374,MFeature_375,MFeature_376,MFeature_377,MFeature_378,MFeature_379,MFeature_380,MFeature_381,MFeature_382,MFeature_383,MFeature_384,MFeature_385,MFeature_386,MFeature_387,MFeature_388,MFeature_389,MFeature_390,MFeature_391,MFeature_392,MFeature_393,MFeature_394,MFeature_395,MFeature_396,MFeature_397,MFeature_398,MFeature_399,MFeature_400,MFeature_401,MFeature_402,MFeature_403,MFeature_404,MFeature_405,MFeature_406,MFeature_407,MFeature_408,MFeature_409,MFeature_410,MFeature_411,MFeature_412,MFeature_413,MFeature_414,MFeature_415,MFeature_416,MFeature_417,MFeature_418,MFeature_419,MFeature_420,MFeature_421,MFeature_422,MFeature_423,MFeature_424,MFeature_425,MFeature_426,MFeature_427,MFeature_428,MFeature_429,MFeature_430,MFeature_431,MFeature_432,MFeature_433,MFeature_434,MFeature_435,MFeature_436,MFeature_437,MFeature_438,MFeature_439,MFeature_440,MFeature_441,MFeature_442,MFeature_443,MFeature_444,MFeature_445,MFeature_446,MFeature_447,MFeature_448,MFeature_449,MFeature_450,MFeature_451,MFeature_452,MFeature_453,MFeature_454,MFeature_455,MFeature_456,MFeature_457,MFeature_458,MFeature_459,MFeature_460,MFeature_461,MFeature_462,MFeature_463,MFeature_464,MFeature_465,MFeature_466,MFeature_467,MFeature_468,MFeature_469,MFeature_470,MFeature_471,MFeature_472,MFeature_473,MFeature_474,MFeature_475,MFeature_476,MFeature_477,MFeature_478,MFeature_479,MFeature_480,MFeature_481,MFeature_482,MFeature_483,MFeature_484,MFeature_485,MFeature_486,MFeature_487,MFeature_488,MFeature_489,MFeature_490,MFeature_491,MFeature_492,MFeature_493,MFeature_494,MFeature_495,MFeature_496,MFeature_497,MFeature_498,MFeature_499,MFeature_500,MFeature_501,MFeature_502,MFeature_503,MFeature_504,MFeature_505,MFeature_506,MFeature_507,MFeature_508,MFeature_509,MFeature_510,MFeature_511,MFeature_512,MFeature_513,MFeature_514,MFeature_515,MFeature_516,MFeature_517,MFeature_518,MFeature_519,MFeature_520,MFeature_521,MFeature_522,MFeature_523,MFeature_524,MFeature_525,MFeature_526,MFeature_527,MFeature_528,MFeature_529,MFeature_530,MFeature_531,MFeature_532,MFeature_533,MFeature_534,MFeature_535,MFeature_536,MFeature_537,MFeature_538,MFeature_539,MFeature_540,MFeature_541,MFeature_542,MFeature_543,MFeature_544,MFeature_545,MFeature_546,MFeature_547,MFeature_548,MFeature_549,MFeature_550,MFeature_551,MFeature_552,MFeature_553,MFeature_554,MFeature_555,MFeature_556,MFeature_557,MFeature_558,MFeature_559,MFeature_560,MFeature_561,MFeature_562,MFeature_563,MFeature_564,MFeature_565,MFeature_566,MFeature_567,MFeature_568,MFeature_569,MFeature_570,MFeature_571,MFeature_572,MFeature_573,MFeature_574,MFeature_575,MFeature_576,MFeature_577,MFeature_578,MFeature_579,MFeature_580,MFeature_581,MFeature_582,MFeature_583,MFeature_584,MFeature_585,MFeature_586,MFeature_587,MFeature_588,MFeature_589,MFeature_590,MFeature_591,MFeature_592,MFeature_593,MFeature_594,MFeature_595,MFeature_596,MFeature_597,MFeature_598,MFeature_599,MFeature_600,MFeature_601,MFeature_602,MFeature_603,MFeature_604,MFeature_605,MFeature_606,MFeature_607,MFeature_608,MFeature_609,MFeature_610,MFeature_611,MFeature_612,MFeature_613,MFeature_614,MFeature_615,MFeature_616,MFeature_617,MFeature_618,MFeature_619,MFeature_620,MFeature_621,MFeature_622,MFeature_623,MFeature_624,MFeature_625,MFeature_626,MFeature_627,MFeature_628,MFeature_629,MFeature_630,MFeature_631,MFeature_632,MFeature_633,MFeature_634,MFeature_635,MFeature_636,MFeature_637,MFeature_638,MFeature_639,MFeature_640,MFeature_641,MFeature_642,MFeature_643,MFeature_644,MFeature_645,MFeature_646,MFeature_647,MFeature_648,MFeature_649,MFeature_650,MFeature_651,MFeature_652,MFeature_653,MFeature_654,MFeature_655,MFeature_656,MFeature_657,MFeature_658,MFeature_659,MFeature_660,MFeature_661,MFeature_662,MFeature_663,MFeature_664,MFeature_665,MFeature_666,MFeature_667,MFeature_668,MFeature_669,MFeature_670,MFeature_671,MFeature_672,MFeature_673,MFeature_674,MFeature_675,MFeature_676,MFeature_677,MFeature_678,MFeature_679,MFeature_680,MFeature_681,MFeature_682,MFeature_683,MFeature_684,MFeature_685,MFeature_686,MFeature_687,MFeature_688,MFeature_689,MFeature_690,MFeature_691,MFeature_692,MFeature_693,MFeature_694,MFeature_695,MFeature_696,MFeature_697,MFeature_698,MFeature_699,MFeature_700,MFeature_701,MFeature_702,MFeature_703,MFeature_704,MFeature_705,MFeature_706,MFeature_707,MFeature_708,MFeature_709,MFeature_710,MFeature_711,MFeature_712,MFeature_713,MFeature_714,MFeature_715,MFeature_716,MFeature_717,MFeature_718,MFeature_719,MFeature_720,MFeature_721,MFeature_722,MFeature_723,MFeature_724,MFeature_725,MFeature_726,MFeature_727,MFeature_728,MFeature_729,MFeature_730,MFeature_731,MFeature_732,MFeature_733,MFeature_734,MFeature_735,MFeature_736,MFeature_737,MFeature_738,MFeature_739,MFeature_740,MFeature_741,MFeature_742,MFeature_743,MFeature_744,MFeature_745,MFeature_746,MFeature_747,MFeature_748,MFeature_749,MFeature_750,MFeature_751,MFeature_752,MFeature_753,MFeature_754,MFeature_755,MFeature_756,MFeature_757,MFeature_758,MFeature_759,MFeature_760,MFeature_761,MFeature_762,MFeature_763,MFeature_764,MFeature_765,MFeature_766,MFeature_767,Accent
0.2505481839179992,0.4489372670650482,0.1492974162101745,-0.5586414337158203,-0.0013604935957118,0.0918458104133606,0.3721223175525665,-0.0234025865793228,0.0832772254943847,-0.4972952902317047,0.922433853149414,0.0710767582058906,-0.3678937554359436,-0.0582557208836078,0.4592601954936981,0.0477102994918823,0.3026152551174164,-0.0985034108161926,-0.3389739096164703,-0.3084463775157928,-0.4294740259647369,-0.4628788530826568,0.0032123664859682,0.1254025250673294,0.4180895090103149,-0.4004127383232116,-0.0911752507090568,0.2276809960603714,-0.1435918509960174,-0.1566646099090576,-0.3757165074348449,-0.3744196891784668,-0.1879740059375763,-0.2184703797101974,-0.278684914112091,0.8278489112854004,0.1410537958145141,-0.2761842608451843,0.0495626181364059,-0.0305525045841932,-0.2750777900218963,-0.103702962398529,0.1346310377120971,-0.2775102853775024,-0.3408503830432892,0.5337256789207458,0.0850845575332641,0.2999982237815857,0.3017307221889496,-0.0298516284674406,-0.4111286401748657,0.4123713672161102,0.2305360287427902,-0.0554429590702056,-0.0002612370881251,-0.1306027173995971,-0.1068493500351905,-0.177051767706871,0.1526751071214676,-0.0106077278032898,-0.080419547855854,-0.2179279178380966,0.1381518840789795,-0.0645262748003006,-0.4898168444633484,-0.2554144263267517,0.0158404614776372,0.0089113507419824,-0.1771092265844345,-0.5936737656593323,-0.3995041847229004,0.2752134203910827,0.1364410668611526,-0.409847617149353,0.4420993030071258,-0.3259541392326355,0.3144108355045318,-0.1611713469028473,-0.1378859132528305,-0.1059435307979583,-0.2272272706031799,0.4182016253471374,-0.1328671723604202,-0.6189823150634766,0.1171788424253463,0.0059523768723011,0.1065851971507072,-0.4834829270839691,0.3780913650989532,-0.5386707186698914,-0.3544098436832428,0.272403359413147,0.5725651383399963,0.3448121547698974,-0.2858032286167145,0.0702245160937309,0.1583373248577118,-0.2321749329566955,-0.2503252625465393,-0.1264444589614868,0.5010859966278076,-0.3914403915405273,0.1215318441390991,-0.1627832204103469,-0.1635713726282119,0.1289453953504562,-0.4897728264331817,0.5729210376739502,-0.0315574333071708,-0.1191677451133728,-0.2018569260835647,-0.2577365636825561,-0.3563779592514038,0.4040128290653229,-0.2662290036678314,-0.1149513870477676,-0.1682388335466385,0.3997953832149505,-0.2984249293804168,0.1948220431804657,0.2346782982349395,0.2928614318370819,0.0676141455769538,0.1553054451942443,-0.0961431860923767,0.5456915497779846,-0.2279289662837982,-0.0558218955993652,0.0611917041242122,-0.2349888235330581,0.2706878185272217,0.0724034383893013,-0.3393912613391876,-0.1392006874084472,-0.5784204006195068,0.2526203095912933,-0.155659407377243,0.0599726513028144,-0.0823525488376617,-0.5838775634765625,0.047910239547491,-0.2668199837207794,0.2308844178915023,0.1897561997175216,0.0472326166927814,0.0304461829364299,0.4092461466789245,-0.2077170759439468,0.446753054857254,0.1353139877319336,-0.0519040711224079,0.783359169960022,-0.3722396194934845,-0.2989800870418548,-0.2798097133636474,0.042486522346735,-0.3434524536132812,0.0400078408420085,0.0653272718191146,0.4727227985858917,0.2746033072471618,-0.6966155767440796,0.0782220959663391,0.4430415630340576,0.2624966502189636,0.7815207242965698,0.1209591776132583,-0.0958712175488472,-0.0241772830486297,0.5504213571548462,0.2618978321552276,0.4256070256233215,0.1255105286836624,-0.5663151741027832,0.2344573885202407,0.5653722882270813,0.1362340450286865,0.1511902064085006,0.2922266721725464,-0.4613509178161621,0.1085969433188438,-0.4493367969989776,-0.2269296944141388,-0.4779540002346039,0.5775596499443054,-0.1593138724565506,-0.1407499462366104,0.0492161028087139,0.0404408201575279,0.0006456886767409,-0.5783886313438416,0.0301188584417104,0.5472155809402466,-0.4307481944561004,-0.0494826287031173,-0.1220207810401916,-0.0579941235482692,-0.3472139537334442,-0.1853754818439483,0.5233907103538513,-0.0871587991714477,0.2898628711700439,-0.2703546583652496,-0.2009024322032928,-1.124642014503479,-0.222978800535202,0.2935783565044403,0.4990005493164062,0.2641696035861969,0.1191057860851287,-0.4838886857032776,0.2278601378202438,0.4431247413158417,0.4852368533611297,0.0213789027184247,0.0502767190337181,-0.2780689299106598,0.179585114121437,0.3599025011062622,-0.5641339421272278,0.0423757135868072,-0.1109554767608642,0.0774233862757682,0.3421428501605987,-0.2297710478305816,-0.103759691119194,-0.0296202395111322,0.0609361641108989,-0.1472322195768356,0.7782184481620789,0.2733465433120727,-0.0964207574725151,-0.5749717950820923,-0.4450890123844147,-0.9197883009910583,0.2412146925926208,-0.1610824167728424,0.22455695271492,0.3092661798000335,0.297025203704834,0.2582457661628723,-0.2680031061172485,-0.1428358107805252,-0.2700835466384887,-0.2408133894205093,0.3363486230373382,0.1937740296125412,-0.1581805199384689,-0.5909778475761414,0.3315999209880829,-0.5108320713043213,-0.2683800160884857,0.6358513236045837,-0.1435994505882263,0.5744237899780273,0.1409382820129394,0.4897727072238922,-0.0853540748357772,-0.1874617785215377,-0.0955950766801834,0.0436156764626503,-0.4138393998146057,-0.1069721728563308,-0.2344851791858673,0.0109996134415268,0.1046502217650413,0.0584264323115348,-0.636326253414154,-0.0737071558833122,-0.3163428604602813,0.1024644523859024,-0.5688919425010681,-0.0704476460814476,0.230291873216629,-0.3569014072418213,0.250668466091156,-0.1041097939014434,0.3356075882911682,-0.2991388738155365,-0.0898166894912719,-1.0346769094467163,0.462022066116333,-0.7326732873916626,0.3542755842208862,0.1198809146881103,-0.1020419746637344,-0.0654364451766014,-0.1256033927202224,-0.1999105513095855,0.5118235349655151,0.1648826599121093,-0.2880998849868774,-0.5125777721405029,-0.0331790335476398,-0.1484315097332,0.0892459005117416,0.1570788919925689,-0.2203528583049774,0.0077931177802383,0.118221990764141,0.5483359098434448,0.1169387027621269,0.1514610946178436,-0.168676421046257,-0.3166066408157348,-0.8211398720741272,-0.174249917268753,0.1659409701824188,0.6097294688224792,-0.3898724913597107,-0.1515483856201172,1.065920114517212,-0.1712241768836975,-0.2753693759441376,0.2073781341314315,0.4925227761268616,-1.4006301164627075,0.1897653192281723,0.588225245475769,0.0082712536677718,0.0532373040914535,0.3261024951934814,0.305587887763977,0.3564168214797973,-0.5224007368087769,-0.0392370522022247,0.3144610822200775,0.3735979497432709,-0.0036170836538076,-0.3670718371868133,0.3963320851325989,-0.0700402110815048,0.0745707526803016,-0.612056314945221,-0.3191026151180267,0.4119139909744262,-0.0874440968036651,0.0874632224440574,-0.0170665271580219,-0.3100562393665313,0.0694663971662521,-0.2886847555637359,0.2692031264305115,-0.325777143239975,-0.2060827612876892,-0.2726702988147735,0.2635100781917572,0.449198842048645,0.661635160446167,0.5164912939071655,0.3551589548587799,0.2686977684497833,0.4473485052585602,0.3802987933158874,0.4603124260902405,0.3109914064407348,-0.1063156351447105,0.0195352584123611,0.5475675463676453,0.3219617009162903,0.2603946328163147,-0.0276618730276823,-0.2409785836935043,0.6404382586479187,-0.0342877991497516,0.4841922223567962,0.4391713440418243,0.6220520734786987,0.3925226628780365,0.2461102455854416,0.4162329435348511,-0.1992395222187042,-0.1421195566654205,-0.3447634279727936,0.2172411680221557,-0.2869605720043182,-0.159542977809906,-0.1537368595600128,0.2500409781932831,-0.1458094269037246,-0.51259446144104,0.1407272219657898,-0.4438359141349792,-0.0136881181970238,0.1929426491260528,-0.2214354574680328,-0.5873409509658813,-0.4135623872280121,-0.4071406424045563,-0.5993702411651611,0.487648457288742,0.2242782115936279,0.1675911098718643,-0.5403475761413574,0.1199017167091369,0.1179696023464202,0.1697641909122467,-0.1759710162878036,0.0114829167723655,-0.1525502800941467,0.0282090436667203,-0.1229961067438125,0.0094847762957215,-0.6527937650680542,-0.4276649355888366,-0.5186935663223267,-0.8451845645904541,-0.1182984411716461,0.1161651164293289,0.3922761380672455,-0.0325253829360008,0.1955144107341766,0.1770944148302078,0.2159095853567123,-0.2994886338710785,-0.1859803646802902,-0.8119920492172241,-0.0156768765300512,0.2146668434143066,0.2322666496038437,0.232969045639038,0.1962420046329498,0.1099632307887077,-0.0482075437903404,-0.2861345410346985,-0.012153910472989,-0.2400132715702057,-0.2711018323898315,0.9789894223213196,-0.2605230808258056,0.4552047252655029,-0.1963374316692352,0.1221195682883262,0.3167569637298584,-0.1554841697216034,-0.112817458808422,-0.0907303839921951,0.4706625342369079,-0.1368854939937591,-0.1007928028702735,0.0552294701337814,0.4654022455215454,-0.323762983083725,0.1653086394071579,-0.0653367415070533,0.1071037575602531,0.2053379118442535,-0.0762300416827201,-0.1510095745325088,-0.2405013442039489,0.1477335095405578,0.2341473698616027,0.2862294316291809,0.2517187595367431,0.2906464636325836,0.603635311126709,0.0465304367244243,0.2981800138950348,0.2586971819400787,0.7238072156906128,-0.2899322211742401,-0.2150292694568634,-0.4939345717430115,-0.0892949178814888,-0.4694490730762481,-0.1574169397354126,0.5626305937767029,-0.2203343510627746,0.2118527293205261,-0.1339785903692245,-0.6529372930526733,-0.0651318654417991,0.0051952362991869,0.0690673440694809,0.0703841000795364,0.3648920953273773,0.4399062097072601,-0.0126997204497456,-0.6327009201049805,0.5944579839706421,-0.3083150088787079,0.5145155787467957,0.3459455370903015,-0.5750617384910583,-0.2742610871791839,-0.0764722600579261,0.0789083093404769,0.0509687885642051,0.2437104284763336,0.5642279982566833,-0.3491406440734863,-1.0541503429412842,-0.1875897049903869,0.253937304019928,-0.1902288049459457,-0.4174838066101074,0.2181191146373748,0.1227318570017814,-0.9403929114341736,-0.6611847281455994,-0.3907082676887512,-0.2368012964725494,-0.0750048086047172,-0.9417609572410583,0.2107371240854263,0.0918762311339378,-0.0685869976878166,0.4357554912567138,0.0065562450326979,0.0523173697292804,0.2633278965950012,0.4124357998371124,0.32712522149086,-0.5278412699699402,-0.0882996395230293,0.1802866458892822,-0.0107608418911695,0.0757314711809158,0.4335595369338989,0.0022350514773279,0.1346089839935302,-0.0360789820551872,-0.6570267677307129,-0.1326983571052551,-0.3951635062694549,-0.8622023463249207,0.3906485438346863,-0.0485257804393768,0.2440661787986755,-0.4389907419681549,0.3586048185825348,-0.2363224476575851,0.0419668890535831,0.1436831504106521,0.0125273689627647,0.0706452205777168,-0.6102577447891235,0.3147449195384979,-0.4907277226448059,-0.4119032323360443,0.8037401437759399,0.6327239871025085,-0.277031272649765,0.0262137148529291,0.3444098234176636,0.0450162589550018,-0.3139759302139282,0.0423781313002109,-0.0282185282558202,-0.0554161630570888,-0.1430779546499252,0.2068943828344345,0.3075024485588074,0.0210439786314964,-0.2298358529806137,-0.2397428303956985,0.5746675133705139,0.4281243979930877,0.2773855924606323,-0.1015438437461853,-0.0849071964621543,-0.2149445414543151,-0.3835354745388031,0.1777462214231491,0.1371704339981079,0.6504777669906616,-0.1978227198123932,0.90113627910614,-0.1241719648241996,-0.3456954061985016,0.2918019294738769,0.6946764588356018,-0.100216694176197,0.2651370167732239,0.1185874417424202,0.1118910908699035,-0.889651358127594,0.1925767362117767,-0.256352037191391,0.2200701981782913,0.1242488473653793,0.4356253743171692,0.467876672744751,-0.6214590072631836,-0.260323166847229,-0.1672984957695007,0.1883513331413269,0.0608341209590435,0.5436148047447205,-0.025854293256998,0.0934903025627136,0.2462126761674881,-0.1927277445793151,-0.0298794582486152,0.1243695616722107,0.0780878812074661,0.8339083194732666,0.2224399149417877,0.0871190205216407,-0.2118162512779235,-0.8105356693267822,0.3458636999130249,-0.0689836740493774,0.018697315827012,0.4625156223773956,-0.282231330871582,0.1249693036079406,0.3071497082710266,0.6096946001052856,0.1468066424131393,-0.2993062138557434,-0.793890118598938,0.1002339199185371,-0.0204421188682317,-0.0992076396942138,0.2560797929763794,-0.0415349118411541,0.3648510277271271,0.203915536403656,-0.1634592562913894,0.0352919995784759,0.5447142124176025,-0.1733648031949997,0.0036587237846106,0.304246574640274,0.1871929317712783,-0.4307031333446502,0.0009281226666644,-0.2076293379068374,-0.4050754308700561,-0.4266373217105865,-0.2039306312799453,-0.2270745187997818,-0.0535288043320179,-0.1840565502643585,-0.0797881931066513,0.2254985123872757,0.1304506063461303,-0.1006392464041709,-0.3923006653785705,-0.3506778478622436,0.5158728361129761,-0.7764759063720703,-0.1357771307229995,-0.1237556636333465,0.0765950009226799,-0.1074878200888633,-0.0110861044377088,-0.3666615784168243,-0.1664658933877945,-0.1050653979182243,0.1489000916481018,0.0398935228586196,-0.416027158498764,0.2048544883728027,0.2299579083919525,-0.1175116971135139,-0.788458526134491,0.1993530094623565,-0.0932439640164375,0.6569687724113464,-0.1900956332683563,0.2818269431591034,-0.2750597894191742,0.2358642965555191,-0.3131818175315857,-0.1302007734775543,0.0328198932111263,-10.583672523498535,-0.0490938015282154,-0.445158988237381,-0.1263294517993927,-0.4172158241271972,0.4067028164863586,0.6914451718330383,0.2893685698509216,-0.4186541438102722,0.0356551110744476,0.3733002245426178,0.3360385596752167,0.267772227525711,0.3577016592025757,-0.6444789171218872,-0.2057143747806549,0.1316499561071396,-0.0891802087426185,-0.1396465450525283,-0.2161887139081955,0.2653757333755493,-0.0017534146318212,0.2895424365997314,0.6346953511238098,0.0794324725866317,-0.5257126092910767,-0.4686369895935058,0.2963267862796783,0.0342756062746048,0.2951556444168091,-0.3470078706741333,0.142052948474884,0.0479567125439643,0.319089412689209,-0.3116777241230011,-0.2718498408794403,-0.1247318685054779,0.3276664912700653,0.1142612621188163,0.191989004611969,0.2599020004272461,0.657625675201416,0.285983681678772,0.0854373276233673,0.2722641825675964,0.4464370608329773,0.5172173380851746,0.294055163860321,0.6834058165550232,-0.0487478226423263,0.0203231442719697,0.3268148303031921,-0.1709272563457489,-0.1003255695104599,0.3273875713348388,0.0490538142621517,0.7690467834472656,-0.6563530564308167,-0.44570192694664,0.073697306215763,-0.0454915389418602,0.0713259354233741,0.9178944230079652,0.5181217193603516,0.0308233760297298,-0.0776502043008804,0.312881737947464,0.4847948849201202,-0.5009794235229492,-0.2229619175195694,-0.0355613268911838,0.2150739580392837,0.0117330383509397,-0.0769709050655365,-0.5127115845680237,0.275899589061737,-0.004084981046617,-0.2585968971252441,0.3279469013214111,0.2067940235137939,0.1488009393215179,0.2203200012445449,0.015926444903016,0.1426022797822952,-0.5167419910430908,0.1087146177887916,-0.2099006623029709,0.1725313067436218,0.0848772972822189,-0.4644400477409363,-0.07003665715456,-0.2248544692993164,-0.0309130512177944,0.7703751921653748,0.4164022207260132,-0.0329809635877609,-0.0987273156642913,0.102551057934761,0.5012519955635071,0.0252322237938642,0
0.8428535461425781,0.14724762737751,0.914772927761078,-0.1446096450090408,0.0110466703772544,0.0093072764575481,0.1530058830976486,0.1015284731984138,-0.1414278000593185,-0.5697547197341919,1.065681219100952,-0.0850517898797988,-0.2417025417089462,0.2058632671833038,0.7536882162094116,-0.2418379187583923,0.3925280570983886,0.0309720393270254,-0.3245392739772796,-0.4360237419605255,-0.5933851599693298,-0.5338149666786194,-0.3874240219593048,0.5213273167610168,0.0146444160491228,-0.5230896472930908,0.2999711036682129,0.3084985911846161,0.2305364906787872,-0.0575638972222805,-0.2633035778999328,-0.3461081981658935,-0.1724962145090103,0.1839372515678405,-0.3182743787765503,0.2442292720079422,0.0362192057073116,-0.1567654758691787,-0.1057023033499717,-0.1612598448991775,0.0770212486386299,0.0094878878444433,0.2924465537071228,0.0098749976605176,-0.2765757143497467,0.8209189176559448,-0.1102399453520774,0.1899501532316208,0.2017050385475158,0.0164486821740865,-0.0229494981467723,0.2235471606254577,0.1238044053316116,0.4186111986637115,-0.0871918648481369,0.053845215588808,0.4983358681201935,-0.443732887506485,-0.0684826597571373,0.3208995163440704,-0.0599387660622596,-0.0959830731153488,0.0703244879841804,-0.4191700220108032,0.0345207713544368,-0.3537854254245758,-0.1240004301071167,-0.0707898065447807,-0.119190976023674,-0.5592365264892578,-0.49446702003479,0.0992212742567062,0.2855228185653686,-0.5798616409301758,0.8567506670951843,-0.3002824783325195,-0.2109236866235733,0.1735016405582428,-0.0624107904732227,-0.09706512093544,-0.0653534531593322,0.3751562833786011,-0.082525685429573,-0.7611671686172485,-0.0290810726583004,0.2612559497356415,-0.491557776927948,-0.4898227453231811,-0.007385809905827,-0.4104330241680145,0.1723001152276992,0.2238434553146362,0.1149868443608284,-0.4604622423648834,0.0290198288857936,0.1481990665197372,-0.0779963210225105,-0.3238734602928161,-0.0675454810261726,0.2618071138858795,0.2826297879219055,0.1163330078125,0.234429270029068,0.1147943511605262,0.0545557104051113,0.1976007968187332,-0.0644290372729301,-0.1604019403457641,0.1842176765203476,0.2962197363376617,-0.1187959685921669,0.1160254478454589,-0.5236945748329163,0.1923601627349853,0.0684427767992019,-0.041261650621891,-0.4966122508049011,0.2173822224140167,-0.255562275648117,0.525975227355957,0.1760977059602737,0.3248126804828644,-0.1590698510408401,-0.2609193027019501,1.5810472177690826e-05,0.3217147290706634,-0.2695903182029724,-0.1688292324542999,-0.3075852692127228,-0.6250006556510925,-0.0241208188235759,0.0034810721408575,-0.523842990398407,-0.0208071656525135,0.0734094902873039,0.4476232826709747,-0.0328529924154281,-0.2017801403999328,-0.1783410310745239,-0.3751823306083679,-0.2119773775339126,0.0823509842157363,-0.3193364143371582,0.1574371308088302,0.0867023915052414,0.4207979738712311,0.0388737916946411,-0.6382851004600525,0.222518190741539,0.3211826384067535,-0.8249050974845886,0.7675848007202148,-0.3871922194957733,-0.0914063528180122,0.5938925743103027,0.2369312047958374,-0.5637731552124023,0.1383925229310989,-0.0970321297645568,0.3788193762302398,-0.0830970406532287,-0.1937310844659805,0.3662143051624298,0.1933426111936569,0.1212225630879402,0.1178300902247428,0.268019825220108,0.33194300532341,0.0186075568199157,0.0889475122094154,0.1759225130081176,0.7941156029701233,0.634880006313324,-0.1915655881166458,0.1070166900753974,0.0806391835212707,0.6924725770950317,-0.3180087506771087,0.4662345051765442,-0.6232848167419434,0.0098408060148358,-0.3563567996025085,0.0523331090807914,-0.2804619669914245,-0.0293134041130542,0.0119207054376602,-0.2609263062477112,0.2805769741535187,-0.1917134523391723,0.6687575578689575,0.0965749621391296,-0.1246963143348693,0.2676842212677002,-0.2996567189693451,-0.1517939865589141,-0.4820320606231689,-0.1413478106260299,-0.2310256063938141,-0.4266738891601562,-0.0134970396757125,0.5261303186416626,-0.0450966395437717,-0.1831406652927398,-0.2456250637769699,-0.7902971506118774,0.024423748254776,0.2058810591697693,0.402921050786972,0.3850396275520324,0.0697951763868331,-0.5126736164093018,0.3964976072311401,0.5394122004508972,0.1907079070806503,-0.0664450600743293,0.3307293355464935,0.0489521659910678,-0.4587816298007965,0.2073107212781906,-0.6930342316627502,0.5817712545394897,-0.3592620491981506,-0.0868642404675483,-0.3295090794563293,0.0895883217453956,0.1078618690371513,-0.0688109397888183,-0.3149998188018799,-0.5338008403778076,0.5761033892631531,-0.7417436838150024,-0.6712297797203064,-0.2257560044527053,-0.2870853245258331,-0.8685229420661926,0.0127885080873966,-0.5036101341247559,0.2330738306045532,-0.2940353453159332,0.14636991918087,0.2434293031692505,0.0030777736101299,-0.2661753594875335,-0.6125774383544922,-0.2341812998056411,-0.3112350404262543,-0.3007319569587707,0.0572306141257286,-0.334857314825058,-0.0240968987345695,-0.4926822483539581,-0.4404675960540771,0.1106903776526451,-0.1186909675598144,0.9443458318710328,0.4091784954071045,0.4415057897567749,-0.3931320011615753,0.0665241032838821,-0.7282801866531372,0.1801710277795791,-0.7886556386947632,0.3176657259464264,0.127290204167366,-0.0991805717349052,0.2116015702486038,-0.163839116692543,-0.5939183831214905,-0.2177930176258087,-0.2278593927621841,-0.2390162348747253,-0.4142943024635315,-0.5297264456748962,0.182474210858345,0.216857761144638,0.545738160610199,-0.2190729528665542,0.4684882164001465,-0.4957364499568939,0.1056086122989654,-0.5215521454811096,0.1107179746031761,-0.4535125195980072,-0.3599477708339691,-0.0686781257390976,0.127522736787796,-0.3975832760334015,0.2912800312042236,-0.0963909551501274,0.385229229927063,0.4265028238296509,-0.228554829955101,-0.7079148888587952,-0.1396674215793609,-0.1969772428274154,0.3272117078304291,0.2600263953208923,0.2852014899253845,-0.0696388781070709,0.173271507024765,0.889493465423584,0.1502064168453216,-0.2740601301193237,0.0156508013606071,0.2585019767284393,-0.3727951049804687,-0.1044305711984634,-0.2667835354804992,0.6339572668075562,-0.3434532284736633,-0.1224403828382492,0.6537509560585022,-0.3525537252426147,-0.0394293963909149,0.154287502169609,0.0710458010435104,-1.7220999002456665,-0.3483351767063141,0.1919002830982208,0.174204334616661,0.0176689177751541,0.149718552827835,0.1010403633117675,0.2501252889633178,-0.0673146247863769,-0.5037276744842529,0.7261840105056763,0.146741509437561,-0.1666327863931656,-0.1251677870750427,0.6751115322113037,0.1034785360097885,0.001220726291649,-0.8301251530647278,0.2944329679012298,0.628052830696106,0.3939188420772552,0.1056861281394958,-0.1659457236528396,-0.3022599816322326,0.0629619061946868,-0.0094521157443523,0.0890965089201927,0.6669979691505432,-0.7794858813285828,0.0398215912282466,0.1016763225197792,0.7421470880508423,0.5771476030349731,0.6708850264549255,-0.1984913349151611,-0.0925130993127822,0.2182628661394119,0.3301615118980407,0.4148378670215606,-0.1697184294462204,0.1827566176652908,-0.3083256781101227,0.4460107088088989,0.0583860874176025,0.2838477194309234,-0.0701364427804946,-0.020753813907504,0.3800641298294067,0.1061497256159782,0.524531900882721,0.91005140542984,0.3884528577327728,0.4630708396434784,0.1901292651891708,0.7940971851348877,0.4036495685577392,-0.3311356604099273,-0.6594009399414062,-0.1423183530569076,-0.4381342232227325,-0.1445309221744537,-0.3437572419643402,-0.2379638254642486,-0.1142576560378074,-0.3509154915809631,0.1251454800367355,-0.0647215917706489,-0.3683803677558899,0.272853285074234,-0.4432365298271179,-0.5335108041763306,-0.4980075359344482,-0.1221818551421165,-0.56495600938797,0.0530169419944286,0.0483399033546447,0.1952083110809326,0.0427548550069332,-0.657188355922699,0.1448244899511337,-0.0611797161400318,-0.2768385112285614,-0.1343580782413482,0.201644092798233,-0.3195215761661529,0.240187868475914,-0.0026956475339829,-0.4210850298404693,-0.375089168548584,0.0099769188091158,-0.589247465133667,-0.3506070971488952,-0.1315280497074127,0.7865917086601257,-0.3531465828418731,-0.2003547400236129,0.0050890343263745,0.1128545776009559,-0.7548702955245972,0.0642917230725288,-0.7343674898147583,0.5232497453689575,0.4936108887195587,-0.0589960701763629,0.3913268446922302,0.6954641342163086,0.3375476002693176,0.1984389275312423,-0.3774689733982086,-0.2719437479972839,-0.2588716149330139,-0.5379176735877991,0.7702919840812683,-0.2490190714597702,0.7269302010536194,0.4283779263496399,0.2892250716686249,0.5300412774085999,-0.3460382521152496,-0.2438388168811798,0.1909966319799423,0.6566975712776184,-0.0794098079204559,-0.0520551912486553,0.1548321694135666,0.6620549559593201,-0.0442051254212856,0.3663160800933838,0.0802531167864799,-0.1267841607332229,0.2598989307880401,-0.1017756462097168,0.3252965807914734,-0.1984061598777771,0.0067928321659564,0.1837203651666641,0.4564310312271118,0.0412425622344017,0.4583513438701629,0.4672901630401611,0.3414145708084106,0.314640998840332,0.1895072907209396,0.5585919618606567,-0.1771994531154632,-0.2297801375389099,0.1280644237995147,0.2987040281295776,-0.3272932469844818,-0.0160891842097044,0.4949380159378052,-0.3363653719425201,0.3075313568115234,-0.489090621471405,-0.5833665132522583,-0.3166956603527069,-0.4406675994396209,-0.0678697526454925,-0.4406477212905884,-0.1183252707123756,0.1957014203071594,-0.0446809902787208,-0.6854885816574097,0.3724976480007171,-0.3453564643859863,0.3833151757717132,0.5171678066253662,-0.5152450203895569,-0.0472607128322124,0.2874491810798645,-0.0381245911121368,-0.1154327690601348,0.0645733401179313,-0.1976570039987564,-0.3230129182338714,-0.934554159641266,-0.2400369793176651,0.0442837886512279,-0.0991789177060127,-0.2871673107147217,0.5115631222724915,0.092045284807682,-0.5145739316940308,-0.2278452962636947,-0.5241068601608276,-0.2787428796291351,-0.2082561999559402,-0.6647779941558838,-0.0834841281175613,0.1696593463420868,-0.0506255999207496,0.6498787999153137,0.3963914215564728,0.104845717549324,0.1723600775003433,0.1785944104194641,0.3938924372196197,-0.0350173339247703,-0.2009407430887222,-0.1641648560762405,-0.1621904820203781,-0.0830324739217758,-0.0867351815104484,0.2591311633586883,0.0097455726936459,-0.3070038557052612,-0.9516222476959229,-0.0418761484324932,-0.3816653192043304,-0.9026296734809875,0.4849019646644592,-0.1907128542661667,0.1880556792020797,-0.6730779409408569,-0.0792931988835334,0.022609444335103,0.3118946552276611,-0.241324707865715,0.5967952609062195,0.1383103877305984,-0.7269365787506104,0.2737921178340912,-0.3295099437236786,-0.3302815854549408,1.0264590978622437,0.3439094126224518,-0.1569504737854004,0.2397739291191101,0.465257853269577,0.3393100798130035,0.0740174204111099,0.1507294774055481,-0.325138509273529,-0.1439951360225677,0.6574992537498474,-0.1816409677267074,0.351689338684082,0.1076793894171714,-0.1690734475851059,-0.1951170414686203,0.6104441285133362,0.2678468525409698,-0.0060361051000654,-0.0265005528926849,-0.1154527217149734,-0.2361890971660614,-0.1014176905155181,0.4698155522346496,0.1661379337310791,0.6599980592727661,-0.3308554589748382,0.3556314408779144,0.2923442423343658,-0.4547017812728882,0.0148122161626815,0.5182251930236816,0.1812173724174499,0.2160294353961944,-0.1175724640488624,0.3649737238883972,-0.7021845579147339,0.3829113245010376,0.2949365675449371,-0.0953113362193107,0.3274129033088684,0.2308294922113418,-0.1615501195192337,0.0067298356443643,-0.2062727212905883,-0.0785578042268753,-0.1429717689752578,0.372656762599945,0.409796267747879,0.3846979439258575,0.6473320722579956,0.3991507589817047,-0.4763088524341583,-0.1153056398034095,-0.04938755184412,0.3297649025917053,0.8122866153717041,-0.0535163581371307,0.2944476008415222,-0.2604421079158783,-1.199391484260559,0.4936768412590027,-0.5033524632453918,0.2325495332479477,0.7066571116447449,-0.1928885132074356,0.0674138516187667,0.3218953609466553,0.0984575748443603,-0.0980831310153007,-0.8193907141685486,-0.5776545405387878,0.0975599586963653,-0.207587331533432,-0.1709236353635788,-0.0121096633374691,-0.1803231239318847,0.222211942076683,0.7724243998527527,0.2271577715873718,0.0284070689231157,0.5157057642936707,0.1516990661621093,-0.0176018178462982,0.5948288440704346,-0.1016211956739425,-0.1829369813203811,-0.1207126304507255,0.1017409712076187,-0.4903645813465118,-0.5075136423110962,0.2191217541694641,0.0238668601959943,0.1757555156946182,-0.4105032384395599,0.0540925189852714,0.5895481705665588,0.0993738621473312,0.2173951864242553,-0.576776921749115,-0.1098375543951988,-0.2083437591791153,-0.7775993347167969,-0.4112895429134369,-0.0088854348286986,-0.1211929395794868,-0.0123786143958568,-0.6658076643943787,-0.6159895658493042,-0.1353680938482284,-0.3060471713542938,-0.0121462987735867,-0.289894163608551,-0.5220229625701904,0.3902445435523987,0.2849881947040558,0.0848667100071907,-1.1524152755737305,0.6948121786117554,-0.4332935810089111,0.6286507248878479,-0.2955699265003204,0.0633084326982498,-0.242312416434288,-0.4822821319103241,-0.1343346834182739,0.0787879675626754,-0.389260321855545,-10.363531112670898,-0.2107219398021698,-0.3731524646282196,0.1085914671421051,-0.0196045264601707,-0.0853371322154998,0.644160807132721,0.3894230723381042,-0.6294508576393127,0.2475399225950241,0.0378472916781902,0.2934749126434326,0.5160931944847107,0.3897602260112762,-0.4041062891483307,-0.532547116279602,-0.0218108743429183,-0.2983573079109192,0.286106675863266,0.0744397267699241,-0.0861763283610344,-0.2740868628025055,0.5573378205299377,0.3563971221446991,0.6098764538764954,0.0139250680804252,0.3499718010425567,0.3595214784145355,0.0536108054220676,0.2993812263011932,-0.71188884973526,0.4022751152515411,-0.2591966986656189,0.5334731936454773,-0.2216607332229614,-0.06512301415205,0.0376212000846862,0.188887670636177,0.0058062486350536,0.5027866363525391,0.3324476182460785,0.0799217149615287,-0.2490074336528778,-0.095552384853363,0.5236090421676636,0.8779920339584351,0.1671588122844696,0.7025971412658691,0.8045728206634521,0.0684360936284065,-0.0179562643170356,-0.1114026680588722,-0.16382996737957,-0.0887001752853393,0.0108162378892302,0.318409115076065,0.4870165288448334,-0.4019095003604889,-0.045327890664339,-0.1225586161017417,0.2121551483869552,-0.1075054258108139,0.7862293124198914,0.5843040347099304,0.4009985327720642,0.1098467260599136,0.040939837694168,0.62126225233078,-0.526177167892456,-0.3923641145229339,0.0602347552776336,0.5118566155433655,-0.2878681421279907,-0.400768518447876,-0.0598073489964008,0.6335875391960144,0.1778720021247863,-0.260413646697998,0.3379950821399688,-0.0571728609502315,0.7973161339759827,-0.2151548862457275,-0.0770865231752395,0.6467709541320801,-0.7263981103897095,-0.1425137966871261,-0.2054347693920135,0.1441833823919296,0.4026038646697998,-0.3976402580738067,0.5589066743850708,-0.0159731749445199,-0.2493696957826614,0.0530163012444973,0.5961054563522339,0.125937819480896,-0.1188389882445335,0.5601615309715271,0.1340842545032501,-0.5928417444229126,1
0.1209773644804954,0.4529292285442352,0.4012550711631775,-0.4765544235706329,0.0861533507704734,0.3463010787963867,0.2317739427089691,-0.102311834692955,-0.1861830055713653,-0.3110221028327942,0.2881753146648407,0.0274326875805854,-0.701203465461731,-0.1520788520574569,0.6665835976600647,-0.5267205834388733,0.0148164890706539,0.0837877914309501,0.0237792544066905,-0.4134374558925628,-0.6455976963043213,-0.4830205142498016,-0.0956778228282928,0.4120683372020721,0.2029711008071899,-0.286325454711914,0.1433539241552353,0.2760780453681946,-0.3087919354438782,-0.5284690856933594,-0.2432058453559875,0.0252840593457222,-0.2607723176479339,-0.2202124744653701,-0.3316689133644104,0.2312808632850647,0.0770034044981002,-0.142174944281578,0.1189073845744133,-0.4281295835971832,-0.3049205839633941,-0.302049845457077,-0.4953697025775909,-0.3210234045982361,-0.3470513224601745,0.5516443252563477,0.110747218132019,0.1943053752183914,0.41451096534729,0.1320016086101532,-0.2914512157440185,0.2228377312421798,0.6493025422096252,0.0917156413197517,0.4643069207668304,0.4603464603424072,0.6823397278785706,-0.2736202776432037,0.0204530544579029,0.2844258546829223,-0.2681339085102081,-0.3494188189506531,0.2552879452705383,-0.0222817063331604,0.0152004938572645,-0.205317273736,0.1634868681430816,-0.2451215535402298,-0.0259527917951345,-0.1305662989616394,-0.0128934681415557,0.3194172084331512,0.0768725201487541,-0.2662461698055267,0.8611418604850769,-0.1035055369138717,0.1728604286909103,0.1906487047672271,0.2767336368560791,-0.0222207456827163,-0.6506174802780151,0.4595411121845245,0.3189680278301239,-0.5938355922698975,-0.2321023344993591,0.6245796084403992,-0.6637274026870728,-0.7059544920921326,0.188279703259468,-0.282891035079956,-0.0800658911466598,-0.1642226427793502,0.1914079189300537,0.3162212371826172,0.3237049579620361,0.0020049063023179,0.3653544485569,-0.2425126582384109,-0.3126440048217773,0.4561987519264221,0.2203299254179,-0.1467355340719223,0.0513345822691917,-0.0119232637807726,0.0045205885544419,-0.1807510703802108,0.2769191861152649,0.0952421352267265,-0.0261248648166656,0.3303963541984558,-0.3034762740135193,-0.6957812309265137,-0.4336834251880646,0.2902907133102417,0.3345065712928772,0.1558749973773956,-0.0716953799128532,0.3807455003261566,-0.5114741921424866,-0.1110805943608284,0.1055414602160453,0.6523001194000244,0.0246416274458169,-0.5755304098129272,0.1744000315666198,0.23536317050457,0.4696656167507171,0.2246943861246109,-0.1278889030218124,-0.4286538660526275,0.0216576140373945,-0.014062943868339,-0.2757219970226288,0.0617802739143371,-0.5022157430648804,0.8031560182571411,-0.1917985826730728,-0.1055851429700851,-0.250044971704483,-0.7377938628196716,-0.0561265386641025,0.4141570031642914,0.254708468914032,-0.2368255406618118,-0.017901400104165,-0.048669509589672,-0.3977715373039245,-0.0055611645802855,0.2910864055156708,0.633572518825531,-0.2273252606391906,0.7231019139289856,-0.314055860042572,0.0439041666686534,0.2450011223554611,0.0473137535154819,-0.1748403012752533,0.4959868788719177,-0.1091710031032562,0.0040846411138772,0.1992399841547012,-0.6148200631141663,0.1392422169446945,0.7601124048233032,0.2415715903043747,0.7934588193893433,0.3158826231956482,-0.0007231755880638,0.1345594525337219,0.7510380148887634,0.2072169184684753,0.2260197103023529,0.1919984221458435,-0.3137206435203552,-0.0034807922784239,0.0677077919244766,0.4363968968391418,0.4001124799251556,0.09157145768404,-0.6147342920303345,-0.1089141517877578,-0.1548455655574798,-0.2229624390602111,-0.0129576604813337,0.3239196240901947,0.1334463506937027,-0.0957871228456497,0.050172634422779,-0.2242315411567688,-0.4543676376342773,-0.027576619759202,-0.443218857049942,0.0039197700098156,-0.2952091693878174,-0.2699376940727234,0.017708545550704,-0.2859808504581451,0.0637149736285209,-0.5990495681762695,0.3736428618431091,0.3025681376457214,-0.0224686041474342,0.0010364836780354,-0.7082770466804504,-0.5880163908004761,-0.5556203126907349,0.5441409945487976,0.8798486590385437,0.2111640721559524,0.6362594366073608,-0.6353514790534973,-0.239746868610382,0.034288190305233,-0.0288071483373641,0.4083975553512573,0.3286564350128174,-0.5053912997245789,-0.3702913522720337,0.2066249251365661,-0.2093915790319442,0.3101191222667694,-0.2852915227413177,0.2091486603021621,-0.1127256602048873,0.0243814494460821,0.4994577169418335,0.4024240970611572,-0.2194482684135437,-0.0830244123935699,0.3890104591846466,-0.1853003203868866,-0.6970951557159424,-0.6591088771820068,0.2664107978343963,-0.535917341709137,-0.0158468633890151,-0.0463841967284679,0.6351831555366516,-0.0898918956518173,0.3364124894142151,0.2760458588600158,-0.3674293756484985,-0.0417006984353065,-0.7009611129760742,-0.1196869537234306,0.042811706662178,0.29132941365242,-0.0192588940262794,-0.358733206987381,-0.2573401927947998,-0.986634373664856,-0.5037814378738403,0.0485899373888969,-0.2925467789173126,0.5440211892127991,0.1203654780983924,0.2254626750946045,0.0836078152060508,0.1209199801087379,-0.2431113719940185,-0.2197218686342239,-0.5708425045013428,0.110458917915821,0.0578975826501846,-0.7828860282897949,0.2731012105941772,0.144699826836586,-0.5535106062889099,-0.3311688303947449,-0.6939287185668945,0.1189165785908699,-0.1110608205199241,-0.4260064363479614,-0.0412569493055343,-0.6885771751403809,-0.1682817488908767,0.0627972111105918,0.311238020658493,-0.296042650938034,0.4275259971618652,-0.506105899810791,0.2683241069316864,-0.7065907120704651,-0.1288858652114868,-0.1658397018909454,0.1002799868583679,-0.6145368814468384,0.130132108926773,-0.3901943266391754,0.3389426469802856,0.4012200534343719,-0.5553345084190369,-0.4541760981082916,0.28116574883461,-0.3196072280406952,0.3189786076545715,0.5728419423103333,0.0048313993029296,0.530821681022644,0.1948021799325943,0.2148464769124984,0.2540489733219147,-0.0555688068270683,-0.2695542573928833,-0.2056335210800171,-0.5421376824378967,-0.0213127918541431,-0.077052965760231,0.6543838381767273,-0.5069986581802368,0.0504020154476165,1.069082736968994,-0.3389526307582855,0.2439770698547363,0.4697427153587341,0.387455552816391,-1.8471167087554927,-0.2284393161535263,0.7324023842811584,-0.0067459004931151,0.0215667635202407,0.5693442225456238,0.2956201732158661,-0.1842636168003082,0.1690652817487716,-0.579022228717804,0.6083312630653381,0.5421915650367737,-0.9165874719619752,0.168176531791687,0.2626212239265442,-0.2506576776504516,0.3777500092983246,-0.7100936770439148,-0.0899377986788749,0.5917699933052063,-0.1338128298521042,-0.274611085653305,-0.2188628315925598,-0.6071410179138184,-0.3910514712333679,0.4767647683620453,0.0743472278118133,-0.1634721904993057,-0.3905631303787231,-0.1846461743116378,0.351208359003067,1.133710503578186,0.4177775681018829,0.7143064737319946,-0.4802110493183136,0.0102421306073665,0.2988381683826446,0.3292728662490845,0.2250134795904159,-0.0733693540096283,0.1462559700012207,-0.5510868430137634,0.1458654105663299,0.0712748318910598,-0.0979251191020011,-0.1353631615638733,0.4710025191307068,0.2181132435798645,-0.2335284799337387,-0.0076251947320997,0.5487133860588074,-0.0669851377606391,-0.1124640479683876,0.3173585832118988,0.4063148200511932,-0.0262710712850093,-0.0555545799434185,-0.4898384809494018,0.2861089408397674,-0.4112598299980163,0.09682597219944,0.0059967436827719,-0.3626785576343536,-0.0184198636561632,-0.1820883154869079,0.0052190730348229,-0.1391223669052124,-0.5057789087295532,0.1773126572370529,-0.4680782854557037,-0.5262284874916077,-0.1742129474878311,0.1269686669111251,-0.7614017128944397,0.5151141285896301,0.4617752432823181,0.4526422023773193,-0.2303232848644256,-0.4139464199542999,0.2592444717884063,-0.1212042942643165,0.0703712552785873,0.1548669338226318,0.0118397437036037,-0.1505360901355743,0.116856925189495,-0.241350844502449,-0.2659692764282226,-0.7381271123886108,0.0186607297509908,-0.8822812438011169,0.2312903106212616,0.2184201925992965,0.6583213806152344,-0.1980706304311752,-0.2477188408374786,0.0413925945758819,-0.2920620739459991,-0.6729127764701843,-0.3445272445678711,-0.3825702369213104,0.1066701188683509,0.2035513073205948,0.4213907420635223,0.415810227394104,0.3303105533123016,0.2830452024936676,0.1427894085645675,0.0235659424215555,0.288446843624115,-0.2807233333587646,-0.2953024804592132,0.5377315878868103,-0.0284942518919706,0.2769523561000824,0.2261522561311721,-0.0279702190309762,0.731919527053833,-0.4278109073638916,-0.6540067791938782,0.1451141685247421,0.1641615629196167,-0.1494270861148834,0.1420459896326065,0.6070745587348938,1.1362537145614624,-0.337668776512146,0.2805430293083191,0.2416106313467025,-0.2161016017198562,0.3445677161216736,-0.225517600774765,-0.0813742652535438,-0.0518134348094463,0.1336874514818191,0.6646303534507751,0.5290610790252686,0.2521027326583862,-0.0667956843972206,0.4789199829101562,-0.3740586042404175,0.1873462051153183,0.1107294112443924,0.4549432396888733,-0.3434202671051025,-0.2136073559522628,0.134157508611679,0.3643873929977417,-0.3709147572517395,-0.2859184443950653,0.0427304171025753,0.0547825247049331,0.1873149871826172,0.2132059335708618,-0.3521625697612762,-0.6130185127258301,-0.5390518307685852,0.104230985045433,-0.3205406367778778,-0.074877806007862,0.4972792267799377,0.1932306438684463,-0.6633189916610718,0.2928004860877991,0.096850000321865,0.3937965035438537,0.4689570665359497,-0.807831883430481,-0.3786906599998474,0.0888809636235237,-0.0653953030705452,-0.0037596025504171,0.2395023852586746,-0.1631795912981033,-0.2765793204307556,-0.7412582039833069,-0.1721901297569275,-0.0824019461870193,-0.2791288793087005,-0.0922545865178108,0.3772854208946228,0.0363793559372425,-0.7696776986122131,-0.0105354664847254,-0.1619184762239456,-0.2057678997516632,-0.0161174908280372,-0.5070486068725586,0.0168243087828159,-0.1636033505201339,0.0842492505908012,0.561108410358429,0.2470391690731048,-0.3062161207199096,0.1370193064212799,0.5760220289230347,0.420392096042633,-0.138271763920784,-0.1549362540245056,0.0758321955800056,-0.1678314954042434,0.11375492811203,0.8199296593666077,0.1511972397565841,-0.2031316608190536,-0.400625616312027,-0.8110656142234802,-0.5294932723045349,0.0519344955682754,-1.4504915475845337,0.7030933499336243,0.2100579142570495,0.0466479249298572,-0.688427746295929,0.0484584122896194,0.0332649573683738,0.0169135946780443,0.0532311387360096,0.2610204517841339,0.2463519424200058,-0.3306621015071869,0.0751602426171302,-0.1753747165203094,-0.790249228477478,0.503319263458252,0.2630696594715118,-0.714001476764679,-0.035954225808382,0.5350772738456726,-0.1459154337644577,-0.3089384734630584,0.1086549237370491,0.1871974021196365,0.0533601641654968,0.3421373069286346,0.5117795467376709,-0.0312418080866336,0.8496485352516174,-0.3681653141975403,0.259647786617279,0.7276862859725952,0.2990024089813232,0.4435714483261108,0.0783718153834343,-0.5402167439460754,-0.2562820613384247,-0.5680587291717529,0.5723703503608704,0.3981853425502777,0.3577272295951843,-0.6106266975402832,0.4675325453281402,0.5367117524147034,-0.1848821640014648,0.1217911317944526,0.9438105225563048,0.0635360553860664,0.3680108785629272,-0.2206426113843917,0.0218878351151943,-0.8909121155738831,0.2621722519397735,-0.2028200775384903,-0.2065385282039642,-0.1367082595825195,-0.3564497828483581,0.113031581044197,-0.3302181661128998,-0.0287023112177848,0.2664686143398285,-0.0665837153792381,0.3604380190372467,0.0983591079711914,-0.0912034437060356,0.9253758192062378,0.1679921746253967,-0.3680699169635772,-0.2620797753334045,0.0605496726930141,0.2998579144477844,0.4468084871768951,0.0596114993095397,0.1201366260647773,-0.2967903316020965,-0.8406368494033813,0.3663315176963806,-0.143441841006279,-0.109314739704132,0.5752632021903992,-0.2528418600559234,-0.1358960270881652,0.4056007862091064,0.6094268560409546,-0.4248948395252228,-0.2423885464668274,-0.746225893497467,0.0933186560869216,-0.1646504551172256,-0.547387957572937,0.2945968210697174,0.0648399069905281,0.5127311944961548,-0.3546366393566131,-0.1595841199159622,0.57464200258255,0.7345032095909119,0.2117430865764618,-0.1117651611566543,0.0405453257262706,0.087242841720581,-0.2889134883880615,0.5290982127189636,0.4134594798088074,0.0157028827816247,0.2406356483697891,0.480221688747406,0.1497199237346649,0.1057996973395347,-0.0484530664980411,0.3510551452636719,0.0930639803409576,-0.1489763110876083,-0.2628049552440643,-0.3581601679325104,0.235560730099678,0.0047960025258362,-0.360601007938385,-0.175849512219429,-0.2338702380657196,0.3442830145359039,0.3228774070739746,-0.1102758273482322,-0.3871462643146515,-0.1385980397462844,-0.2928358912467956,0.1040267646312713,-0.3424364924430847,-0.1032215282320976,0.1875118166208267,0.2319524735212326,-0.3801961839199066,-1.0640724897384644,0.4185704886913299,0.4683269262313843,0.5268852114677429,-0.0184953901916742,0.0860236808657646,-0.4236513078212738,0.2355796992778778,0.0794001296162605,-0.6636658906936646,0.1259464919567108,-10.32216453552246,-0.2577009797096252,-0.1494932919740677,-0.4109483659267425,0.0542704239487648,0.0939150527119636,0.6510242223739624,0.48963063955307,-0.3448209762573242,0.4057590961456299,-0.1996698826551437,0.0556207261979579,0.1631739288568496,0.4345225095748901,-0.7934548854827881,-0.0750043168663978,-0.1785458922386169,-0.4157110452651977,-0.0547028593719005,0.2878486812114715,-0.0781793817877769,-0.2118427157402038,0.7215902209281921,0.4190334975719452,0.125021830201149,-0.347460925579071,0.0250267963856458,-0.1314450204372406,-0.0195550993084907,0.4908188879489898,-0.6375895738601685,0.6922239661216736,-0.406468391418457,0.3242535293102264,-0.4077735543251037,-0.0535357370972633,-0.1150390356779098,0.1458698660135269,-0.4539231061935425,0.8686978220939636,0.4564944207668304,-0.1504237949848175,0.0572806559503078,-0.2598984837532043,0.1892185062170028,0.2425340712070465,0.0137488450855016,0.4504218101501465,0.4034025073051452,-0.0605995282530784,-0.2447299510240554,0.0681126788258552,-0.4618398547172546,-0.2851600050926208,0.3031838238239288,0.38295778632164,0.2982418537139892,-1.0723191499710083,-0.0635932013392448,0.2584103941917419,0.387369304895401,0.2200675010681152,1.1362918615341189,0.1927399486303329,-0.0103879328817129,0.1094248965382576,0.0607799217104911,0.0250507444143295,-0.3751329779624939,0.009506644681096,0.8371982574462891,0.2538692951202392,0.1754724681377411,0.0318850092589855,-0.344433069229126,0.4770336747169494,0.0843614190816879,0.2811567783355713,0.5461887121200562,0.0538477972149848,0.2438205480575561,-0.0340741053223609,0.0557637028396129,0.3598111271858215,-0.7514276504516602,-0.1910793632268905,0.0156452413648366,-0.1050741001963615,0.2519956827163696,-0.5403168797492981,0.1864641308784485,0.4225054085254669,-0.3490598797798157,0.5259247422218323,0.3890579342842102,-0.3950564861297607,-0.3624185025691986,0.5162100195884705,0.2790236175060272,-0.4047873616218567,0
0.3204558789730072,0.4855282008647918,0.0386574491858482,-0.6651995182037354,0.0490829683840274,0.0940057858824729,0.6291446089744568,0.0650162622332573,-0.4896918833255768,-0.3034566342830658,0.531316339969635,-0.487235277891159,-0.4013601243495941,0.0521582029759883,0.101046934723854,-0.0911417379975318,0.0952261090278625,-0.081516221165657,0.0092748822644352,-0.2267258316278457,0.0284782815724611,-0.6868160367012024,-0.12941774725914,0.1220920085906982,-0.0853891372680664,-0.4033584892749786,-0.2690415978431701,0.5193651914596558,-0.1828631609678268,-0.1668718755245208,-0.5536885857582092,-0.4236160814762115,0.1363588869571685,-0.0043045855127274,0.2771356105804443,0.0777556598186492,-0.349789023399353,0.0405227653682231,0.2743625044822693,-0.4475827813148498,-0.3583854436874389,-0.3529216051101684,-0.3722110688686371,-0.0259282104671001,0.2640205323696136,0.0198842380195856,0.0364948809146881,0.3889755308628082,0.8042479753494263,0.328020304441452,0.0530457161366939,0.4032005071640014,0.2716283500194549,-0.0084155788645148,-0.1877461820840835,0.0536935292184352,0.6731001138687134,-0.2946824729442596,0.3388879895210266,-0.0479425154626369,-0.4568000435829162,-0.2460206449031829,-0.5809024572372437,-0.2073211371898651,-0.3003045916557312,0.5824452638626099,-0.0996634289622306,0.512287437915802,-0.1298250406980514,-0.1369018703699112,0.1159257143735885,0.0194971449673175,-0.2212868928909301,0.1427001506090164,0.4996728599071502,-0.4105642139911651,0.5981200337409973,0.1283487677574157,0.5325942039489746,-0.0166004542261362,-0.5264654755592346,0.4191180467605591,-0.0281153991818428,-0.7386475205421448,0.4002896249294281,0.3152879774570465,-0.8227277398109436,-0.5908923149108887,0.636773407459259,-0.2950717806816101,-0.5188850164413452,-0.2031677067279815,0.4348208010196686,0.6245151162147522,0.1119444742798805,-0.3088938891887665,0.1627254337072372,-0.1847617477178573,0.2049695700407028,-0.0259799268096685,-0.2985639572143554,-0.4027934670448303,0.8797925114631653,-0.8243235349655151,-0.2577989399433136,0.6186829209327698,-0.1281811743974685,0.289609283208847,0.2863149642944336,0.5281062126159668,0.5563815236091614,-0.7008782625198364,-0.2357297539710998,0.2597061097621918,0.2348428070545196,-0.152508333325386,0.3962023258209228,0.19699028134346,-0.1905360370874405,0.0706462562084198,0.2313521057367324,0.784801721572876,-0.1321071535348892,-0.0334127247333526,-0.2284151315689087,0.2117489576339721,0.4622076153755188,-0.1725536286830902,0.1420440375804901,-0.1547039598226547,-0.1596508175134658,0.2373322695493698,-0.0816425383090972,-0.1296053081750869,-0.2838131487369537,0.6191445589065552,0.0927719399333,0.3536352813243866,-0.1033345162868499,-0.7652285695075989,-0.2812616527080536,0.0512293651700019,0.5681259632110596,-0.1689401865005493,-0.2222278267145156,-0.2293010503053665,0.1710023880004882,-0.21061372756958,0.2614550292491913,0.5954231023788452,-0.3800278902053833,0.4955954551696777,-0.5650869011878967,-0.182464063167572,0.3847026228904724,-0.1075849682092666,-0.6303814053535461,0.1449606716632843,0.0765232965350151,0.235061764717102,0.3683367967605591,-0.5445741415023804,0.1096892431378364,0.3879322409629822,0.4546469748020172,0.8852307200431824,0.1491012126207351,-0.0920034945011138,0.3862189054489136,0.9726864695549012,0.6583338379859924,0.4995845258235931,0.7847920060157776,-0.4844141900539398,0.425960510969162,0.4844289422035217,0.1064777672290802,-0.3954795598983764,0.2428168207406997,-0.6542416214942932,-0.1510819792747497,0.1314856261014938,-0.3717618286609649,-0.3185774087905884,0.2693789303302765,-0.34159055352211,0.5524915456771851,0.031487051397562,-0.2094360142946243,0.1543981879949569,-0.3244028091430664,-0.4815765917301178,-0.1519664674997329,-0.2994093000888824,-0.6921188831329346,0.2445336878299713,-0.2722389698028564,0.0951792821288108,-0.0340509116649627,0.4660629034042358,-0.0307929329574108,-0.161566287279129,-0.8007506132125854,-0.5878145098686218,-0.6243646740913391,0.3358555734157562,0.1035802736878395,0.516731858253479,0.6170958280563354,0.0170042160898447,-0.0807152390480041,0.0012338972883298,0.2587902843952179,0.2374855130910873,0.4090365469455719,-0.3441594541072845,-0.4068492352962494,-0.1941809207201004,0.2163871228694915,0.6346567273139954,0.22193144261837,0.2320992946624755,0.6821820735931396,-0.0536699630320072,-0.055757962167263,0.3331465125083923,0.1477423906326294,0.1193944960832595,0.4756081402301788,0.0595162697136402,-0.1838242262601852,-0.4934022128582001,-0.8607501983642578,0.0587736815214157,-0.1936762183904647,0.0115055590867996,-0.3750826716423034,0.6437875032424927,0.5977579355239868,-0.0425830855965614,-0.1730849742889404,-0.1650083661079406,0.1536269783973693,0.0038658769335597,-0.5980100035667419,0.5353774428367615,0.1017486378550529,0.0274135824292898,-0.0706258341670036,0.0024264759849756,-0.8247966170310974,-0.615157425403595,0.1685298681259155,0.2022072821855545,0.3994459509849548,0.238968625664711,0.1545916199684143,-0.613805890083313,0.0557384863495826,-0.3769707381725311,-0.304839551448822,-0.7299122214317322,-0.3749963343143463,-0.3693147599697113,-0.2313769459724426,-0.0548492036759853,0.2487371265888214,-0.2830171287059784,-0.5715862512588501,-0.756170392036438,0.0153585886582732,-0.1776785850524902,-0.2373984009027481,0.1697172373533249,-0.5375492572784424,-0.0990006327629089,-0.1957247704267501,0.3692850768566131,-0.5263259410858154,0.0303290300071239,-0.4087697267532348,0.4963325560092926,-0.4010292887687683,0.2514719665050506,0.264965146780014,0.3724027872085571,-0.2489191442728042,-0.8029125928878784,-0.0911488234996795,0.3020965158939361,0.146323099732399,-0.3204164803028106,0.1378505378961563,-0.3395130336284637,-0.2293420583009719,-0.0827428698539733,0.4040572941303253,-0.2762787044048309,0.1909001171588897,0.0571515187621116,0.7910487055778503,-0.3184019923210144,0.6146313548088074,0.4848400950431824,-0.2616060376167297,-0.2662145793437958,-9.8771115517593e-06,-0.3455253839492798,0.2665778994560241,-0.2445309311151504,-0.0261648967862129,0.7650332450866699,-0.2633718848228454,-0.0145808709785342,0.071064181625843,0.2150448560714721,-1.7408852577209473,0.2825904190540313,0.1806997060775756,0.1667635291814804,-0.5117776393890381,0.839743435382843,0.4127210974693298,0.131881296634674,-0.1027156859636306,0.0299286730587482,0.5988833904266357,0.3725480437278747,-0.0759102553129196,0.3358051478862762,0.0693007335066795,-0.1527679413557052,0.0176132135093212,-0.3091727793216705,-0.0856363549828529,0.4915342330932617,-0.0247750766575336,-0.3229698836803436,0.061409406363964,-0.5409196615219116,0.1205413788557052,0.2121038138866424,-0.0461340174078941,0.0374266654253006,-0.1425399631261825,-0.6834052205085754,0.3118430972099304,0.7858701348304749,0.329594075679779,0.4992538690567016,-0.344457060098648,-0.2637880742549896,0.3265210688114166,-0.0684621706604957,0.0415456295013427,0.256737470626831,-0.1517443507909774,-0.1339569687843322,1.0280227661132812,0.5759252905845642,-0.2478446066379547,-0.0604220852255821,0.0214361604303121,0.0314754359424114,-0.2568363845348358,-0.2489981651306152,0.6615378856658936,-0.0313007272779941,0.2917622327804565,0.3394989669322967,0.4338203370571136,0.0062062963843345,-0.166797250509262,-0.1860204488039016,0.402532696723938,-0.8260523080825806,0.4708057641983032,-0.1749128997325897,-0.085546113550663,0.0928791463375091,-0.4375042617321014,-0.1466541737318039,0.1911525428295135,-0.3526182174682617,-0.2481541037559509,-0.5709146857261658,-0.1770616024732589,-0.228446215391159,-0.2800900936126709,-0.3503553867340088,0.2203634828329086,-0.1203128919005394,0.1211751848459243,-0.5081344246864319,-0.0503873154520988,0.3482100665569305,-0.1362237334251403,-0.056479774415493,0.1403346061706543,0.2924045026302337,-0.2017356008291244,-0.4534562826156616,-0.4401923716068268,-0.7485994696617126,-0.6471848487854004,-0.1862692236900329,-0.1717788428068161,-0.1724080592393875,0.0826343446969986,0.1674203425645828,0.0703337639570236,0.0390617400407791,-0.0128400810062885,0.3802587985992431,-0.4536420702934265,-0.782600998878479,-0.2814096212387085,0.5625092387199402,0.5053804516792297,-0.071104496717453,0.4473376870155334,0.1198411807417869,-0.0126887401565909,-0.2218373566865921,0.0578853264451026,0.3583618700504303,-0.8814335465431213,0.183538869023323,0.354167103767395,-0.0725191980600357,0.0535488687455654,0.2237451076507568,-0.1667503267526626,0.4656839072704315,-0.2989868819713592,-0.6985520720481873,-0.5028764605522156,0.1994774490594864,0.0291617959737777,0.6447843313217163,0.639089822769165,1.021400809288025,-0.5333119034767151,0.0190039481967687,0.4159266948699951,-0.3439691364765167,0.4859835803508758,0.0782874971628189,-0.528586745262146,-0.1930750012397766,0.3810518085956573,0.6707021594047546,0.3197977542877197,0.1903689205646515,-0.1064643934369087,0.0875580161809921,-0.3277841508388519,0.0650975033640861,0.2064768075942993,0.3195544481277466,-0.3385978043079376,0.372130274772644,-0.4096694886684418,0.0989624857902526,-0.4357123076915741,-0.3577343225479126,0.8118838667869568,0.2137626558542251,-0.0089520383626222,0.1701973527669906,-0.5677064061164856,-0.4176171720027923,-0.524898886680603,0.0073866927996277,-0.2905154526233673,0.4139170050621032,0.3097327351570129,-0.0186425764113664,-0.728797435760498,-0.0384173244237899,-0.0435743033885955,0.4856541156768799,0.7119395136833191,-0.5337306261062622,-0.1195085346698761,0.4539907574653625,-0.237971544265747,-0.0639684498310089,0.5981972217559814,0.4276098608970642,-0.0048958505503833,-0.6460533142089844,0.2525036036968231,0.3103735148906708,0.183103546500206,-0.2672407925128937,0.488578736782074,-0.0005249618552625,-0.6604204177856445,-0.0546648949384689,-0.3457785248756408,-0.3208663165569305,-0.1638485342264175,-0.5000569224357605,-0.202728733420372,-0.5749695897102356,0.1266409903764724,0.3845697343349457,0.7949180603027344,-0.7571551203727722,0.2227615118026733,0.2874870300292969,0.1111689507961273,0.4775233864784241,-0.0645553767681121,0.011907392181456,-0.2423970699310302,-0.1244736462831497,0.7176164388656616,0.0569379925727844,0.2117968648672104,-0.3096396625041961,-0.4825328886508941,0.2088540196418762,-0.355385810136795,-1.0420490503311155,0.7793564200401306,0.012664427049458,0.4132837951183319,-0.7081760764122009,0.1493453234434127,-0.7651697397232056,0.0032540704123675,-0.0914791077375412,0.0978366658091545,-0.1116545498371124,-0.8757041692733765,-0.3139916360378265,-0.1590943038463592,-0.566377580165863,0.5023816227912903,0.4602360129356384,-0.9821589589118958,-0.1582596749067306,-0.0070979255251586,-0.2531427443027496,-0.3604272902011871,-0.0941133052110672,-0.7887964248657227,0.2219288796186447,0.3755541443824768,0.5312511920928955,0.1598069667816162,0.259240984916687,-0.350378543138504,-0.4551799297332763,0.9467083811759948,0.2260780781507492,0.3708216845989227,0.2141226977109909,-0.2143303006887436,0.3571382462978363,-0.4924136102199554,0.4193252623081207,-0.2256555706262588,0.6135064363479614,-0.1030667945742607,0.5488178730010986,0.1625766605138778,-0.4677271842956543,0.0433758683502674,0.9873994588851928,0.4146472215652466,0.6221747994422913,-0.0347541160881519,-0.4455163180828094,-0.9752799272537231,0.619540274143219,-0.0752112418413162,0.0707108974456787,-0.2230593711137771,-0.1691255271434784,-0.0887128338217735,-0.7563556432723999,-0.2035101056098938,0.5691042542457581,0.1234966143965721,0.5359523296356201,0.0908351987600326,0.0026406394317746,0.8012840747833252,0.3362390697002411,-0.5438360571861267,0.0621774941682815,0.2115887254476547,-0.1348314434289932,0.3842018842697143,0.5099607110023499,0.2374593615531921,-0.068747267127037,-1.1411858797073364,-0.1129660159349441,-0.3909855484962463,0.4265235662460327,0.3410027325153351,-0.3351138830184936,-0.304574966430664,-0.2024471759796142,0.651141345500946,0.0118816122412681,-0.1180346608161926,-0.392895758152008,0.0802096873521804,0.018132084980607,-0.3096823394298553,-0.0404152870178222,0.3725655972957611,0.4211075901985168,-0.3595326542854309,-0.1722401231527328,-0.1530766189098358,0.2778626382350921,-0.3643953800201416,-0.484514445066452,0.2747633159160614,0.0699016153812408,-0.2016126662492752,-0.0232675895094871,0.1878821104764938,-0.4560297131538391,-0.1545212417840957,-0.068447008728981,-0.5711832046508789,-0.0774160549044609,0.2261106818914413,0.2770842909812927,0.1027728021144867,0.1369340270757675,0.0550413504242897,-0.3401311337947845,0.3451176881790161,0.1430452316999435,-0.9154706001281738,-0.1720589846372604,-2.547670010244473e-05,0.2424150258302688,0.4374765753746032,0.2343399673700332,-0.2358662784099578,0.1986692398786544,-0.5195231437683105,-0.0309079866856336,0.2128483802080154,-0.5266289114952087,0.2320677936077118,-0.0497545041143894,-0.4038551151752472,-1.2602094411849976,0.3594813644886017,0.0409864224493503,-0.1618845462799072,-0.1448629349470138,0.0241664592176675,-0.0381735749542713,0.2516963183879852,0.1248134076595306,-0.2569046020507812,0.2691390514373779,-10.183902740478516,-0.2567149996757507,-0.718460202217102,-0.6796305179595947,-0.3511599004268646,0.3789778351783752,0.6482551693916321,0.4523553848266601,-0.273004800081253,0.4895169138908386,-0.1091485396027565,0.3039752840995788,0.172423243522644,0.5182987451553345,0.0184263717383146,-0.007570412941277,0.214918777346611,-0.0909195467829704,-0.2019148916006088,-0.3108972012996673,-0.057962242513895,-0.1133148521184921,0.6724187731742859,0.0676067993044853,-0.039084319025278,-0.6405877470970154,-0.3950639069080353,0.3108253180980682,0.0564018674194812,0.5072709321975708,-0.550993800163269,1.0070217847824097,-0.4920615255832672,0.4789992272853851,-0.2841202616691589,-0.5646951198577881,-0.1350406557321548,0.1903202682733535,0.2129331231117248,0.6923608779907227,-0.0486094951629638,0.6786579489707947,0.1882403641939163,0.2139508873224258,0.3854463994503021,0.1514238715171814,0.2538774609565735,0.8112355470657349,0.2596268951892853,0.3866504430770874,-0.2082613259553909,-0.3068653047084808,0.2086789458990097,0.1304090172052383,0.0934861898422241,-0.1980829238891601,-0.1507054716348648,-0.8942746520042419,-0.3281747996807098,-0.2260064035654068,0.5080231428146362,-0.1447638124227523,0.7434154152870178,0.646694540977478,-0.4470295011997223,-0.255549818277359,0.3535367846488952,0.3171027600765228,-0.6138595342636108,-0.1941128969192505,0.554634153842926,-0.4736468493938446,-0.0534936599433422,0.1917922496795654,-0.6951208114624023,0.5464858412742615,0.273507684469223,-0.2494314759969711,0.7680690884590149,0.3176535069942474,0.6653170585632324,0.169256791472435,-0.4707120060920715,0.270485371351242,-0.9562456011772156,0.7431045174598694,0.0506362430751323,0.2953412234783172,-0.2512335777282715,-0.3254406154155731,0.6690670847892761,0.2440534085035324,-0.1781124770641327,0.124390073120594,0.2587287127971649,-0.5263398885726929,0.2787221074104309,0.3456564843654632,0.4044411778450012,0.208187848329544,0
0.1231138110160827,0.4492609798908233,0.3884042799472809,0.0412229038774967,0.0758494585752487,0.5558128356933594,0.2306105643510818,0.1551999896764755,-0.4046125411987304,-0.4644301831722259,0.0374848321080207,-0.1543157696723938,-0.2079087793827057,0.6230141520500183,0.0749955996870994,-0.0330402813851833,-0.2268550395965576,-0.1624379307031631,-0.3136763870716095,-0.2009812891483307,-0.4487609565258026,-0.3970475792884826,-0.4971101582050323,0.4764551222324371,-0.2808994054794311,-0.0796614587306976,-0.0104049891233444,0.1680516749620437,0.2500545084476471,-0.1148869171738624,-0.0953003466129303,-0.4020711779594421,-0.5611262321472168,0.0101643595844507,-0.6131436824798584,-0.0841822996735572,-0.4243415892124176,-0.1154774501919746,0.2670247554779053,0.0216015093028545,-0.0181246995925903,-0.1735791265964508,-0.3490122854709625,-0.333618551492691,-0.0702253431081771,0.4099800288677215,0.2204208374023437,0.3000068664550781,0.2423617392778396,0.0448936149477958,-0.0321125537157058,0.3012973070144653,0.192337691783905,0.0826527848839759,0.4473689198493957,-0.5930591821670532,0.8809794783592224,-0.8074719309806824,0.2130884379148483,0.5514248013496399,-0.6567736268043518,-0.3907581865787506,0.1432421207427978,0.2119351327419281,-0.093148149549961,-0.2198729664087295,0.3205922842025757,-0.022681538015604,0.1360212862491607,-0.7621728181838989,0.2123498320579528,-0.1271419823169708,-0.0643603503704071,-0.1578206121921539,0.2649607956409454,-0.7738043665885925,0.3087517917156219,-0.1347953975200653,-0.0922530516982078,0.4323457479476928,-0.6077329516410828,0.8605305552482605,0.1024291589856147,-0.4221510291099548,-0.0294526703655719,-0.123188279569149,-0.6463356018066406,-0.8160682916641235,0.4599822163581848,-0.2753682434558868,0.2812662720680237,0.3788725137710571,0.1458035409450531,0.7601058483123779,0.0165413618087768,0.0440185964107513,0.3510110378265381,0.387873113155365,0.0899581685662269,0.3239330947399139,-0.462004005908966,-0.0534325987100601,0.5842787623405457,-0.8378627896308899,-0.1350140571594238,0.0442395322024822,-0.4432619512081146,0.4669585824012756,0.1385521590709686,0.0495200753211975,-0.2713117301464081,-0.2956724762916565,-0.3439642786979675,0.2891451716423034,0.2782316505908966,0.3838802874088287,-0.0002128552878275,0.3526578843593597,-0.2968418300151825,0.4204418957233429,0.1402692347764969,0.6628037691116333,0.0109529132023453,-0.2493162453174591,-0.7611669898033142,-0.1784507483243942,0.2513410449028015,0.2485608905553817,0.0415656119585037,-0.8785262107849121,0.1427153050899505,-0.036750178784132,-0.5656404495239258,-0.1953497976064682,-0.3722878396511078,0.6866252422332764,-0.0380434580147266,0.1799145638942718,-0.1077672466635704,-0.458080381155014,-0.6979972124099731,0.2590562403202057,-0.1680516898632049,-0.0491655878722667,-0.2135801017284393,-0.0960002318024635,-0.0139121320098638,0.1986266672611236,0.6022095680236816,0.5109342336654663,-0.1990288496017456,1.0830914974212646,-0.4651145339012146,0.0338232852518558,0.3894877731800079,0.1737095117568969,-0.5139617919921875,-0.0087816445156931,0.2318317294120788,0.5932332277297974,0.5720173120498657,-0.4909519255161285,0.355887770652771,0.9361818432807922,0.0049250083975493,0.2354423254728317,0.4689258635044098,-0.1164900213479995,0.3047364354133606,0.5328068137168884,0.5977091193199158,0.5410733819007874,0.0592143833637237,-0.2418918311595916,0.010082459077239,0.5177382826805115,0.7239014506340027,0.0804607421159744,0.1661899983882904,-0.5361214876174927,0.0783840641379356,-0.0655987709760665,-0.0093996971845626,-0.8041617274284363,0.2197591960430145,-0.3057252764701843,0.1525004506111145,-0.0831784009933471,-0.2190597802400589,0.0048233796842396,-0.2455145269632339,-0.142656996846199,0.1653960347175598,-0.1805367618799209,0.0226214379072189,0.252815306186676,0.1008603945374488,-0.0736695155501365,-0.3125497698783874,0.0027908934280276,-0.2689207196235657,0.0918744355440139,-0.0830516815185546,-1.101097583770752,-0.9538522958755492,0.1038811057806015,0.5318265557289124,0.4946764707565307,0.3651838898658752,-0.0952106788754463,-0.2399941682815551,0.2045545428991317,0.7216549515724182,0.1952834278345108,0.4752112329006195,0.4693156778812408,-0.5757101774215698,-0.1049781814217567,0.1779050976037979,0.3130639493465423,-0.0979202687740325,0.082808680832386,0.0422740578651428,-0.0802398845553398,-0.0945495218038559,0.8080146312713623,0.1936263293027877,-0.1150619089603424,0.0054282308556139,0.7240721583366394,-0.7917774319648743,-0.2525116801261902,-0.5103409886360168,-0.2524421513080597,0.0004336121783126,-0.1393671780824661,-0.5123047828674316,0.512993574142456,-0.0856382101774215,-0.0278315190225839,-0.4146546721458435,-0.2266345173120498,0.5573171377182007,-0.5894581079483032,0.2186111509799957,0.2767102420330047,-0.1298295557498932,0.034149307757616,-0.5827338099479675,-0.1074302047491073,-0.4650209546089172,-0.5124746561050415,0.095265544950962,-0.2727013528347015,0.877055287361145,0.0307052470743656,0.7117515802383423,-0.1736073940992355,0.1399305462837219,-0.2337078005075454,-0.1700103282928466,-0.4660062491893768,-0.3893087208271026,-0.3200649917125702,0.36192587018013,0.2422608286142349,0.5455904603004456,-0.2525476515293121,-1.6800079345703125,-0.0829514935612678,0.0901246294379234,-0.590021550655365,-0.1166232600808143,-0.134414792060852,-0.1570027023553848,-0.3502565920352936,-0.0730955302715301,0.7539610862731934,-0.6830848455429077,-0.1346728652715683,-0.2110080420970916,0.4071735441684723,-0.4598382413387298,0.0623786784708499,0.1153885349631309,0.4106982946395874,-0.1908294707536697,-0.6963496804237366,-0.3930406868457794,0.0179575663059949,0.1430064439773559,0.0185511503368616,-0.4818713068962097,-0.014843457378447,-0.4170853197574615,0.2829124331474304,0.1637875735759735,-0.4432901740074157,0.3415219485759735,0.3085688650608063,0.6146608591079712,0.5549052357673645,0.5430335402488708,-0.1672431081533432,-0.6714587807655334,0.2201706171035766,0.1896889805793762,-0.3027598261833191,0.559830367565155,-0.5565181374549866,0.3516184091567993,0.342310756444931,-0.3357832729816437,0.2908375561237335,0.6458819508552551,-0.0310758836567401,-1.572529911994934,-0.2528011500835418,0.3623014986515045,0.2087958753108978,-0.3817519247531891,0.1319604963064193,0.1576255410909652,0.3442347347736358,-0.5063840746879578,-0.2880071401596069,0.5498164296150208,0.1964365392923355,0.2621631324291229,-0.1872194111347198,0.5826170444488525,-0.5048829913139343,0.0397969894111156,-0.6787499785423279,-0.0171617232263088,0.4861078262329101,-0.2345322966575622,-0.1444097906351089,0.265208750963211,-0.3782488405704498,-0.2671854197978973,0.4098029434680938,-0.1968329399824142,0.0528481900691986,-0.2974405884742737,-0.0400130189955234,0.2802795171737671,1.4972728490829468,0.5008471608161926,0.6121992468833923,-0.323981761932373,-0.3650017976760864,0.2641220986843109,0.1231701672077179,0.3433264493942261,-0.3920523524284363,-0.1274280995130539,-0.3564356565475464,0.0299845319241285,-0.0609694756567478,0.0171967726200819,-0.0190320536494255,-0.2858986556529999,0.1662586331367492,-0.461461454629898,0.2694081962108612,0.4638465940952301,0.0398641116917133,0.2293373197317123,0.6746375560760498,0.5301793813705444,0.2003440409898758,-0.2477969080209732,-0.5393532514572144,-0.0063035571947693,-0.5178176164627075,0.377795934677124,0.0354310274124145,-0.0208152793347835,0.3716359138488769,-0.301368772983551,0.1769916862249374,0.0036387762520462,-0.2827593982219696,0.0379030369222164,-0.5908679366111755,-0.3027498126029968,-0.1490825861692428,0.0798156931996345,-0.3840076625347137,0.2991436719894409,0.4653516709804535,0.5443713665008545,-0.3986534774303436,-0.392270028591156,0.0972675308585167,-0.0983534157276153,0.1271000504493713,0.0717663019895553,0.2141284644603729,-0.0405843406915664,-0.1314437687397003,-0.5324204564094543,-0.4545006453990936,-0.6074473857879639,-0.0998709499835968,-0.4864875674247741,-0.2520653307437897,0.2662206590175628,0.6392948627471924,-0.0061220834031701,-0.0002625654451549,0.2046940177679062,0.2406426519155502,-0.427702397108078,-0.5291266441345215,-0.0238432958722114,0.3131350576877594,0.5644910335540771,0.3777675032615661,0.5966751575469971,0.1175851374864578,0.3224056363105774,-0.0339446403086185,0.1585583239793777,0.3659508824348449,-0.3815783858299255,-0.299306184053421,1.030006766319275,-0.4189485609531402,-0.0196306072175502,-0.1873382329940796,0.1946061700582504,0.7992408275604248,-0.2151150107383728,-0.7935209274291992,0.418662279844284,0.0426677353680133,0.2311915755271911,0.6340779662132263,0.4241951704025268,1.04574716091156,0.288774311542511,0.4176480174064636,0.3807947933673858,-0.2010767459869384,0.1479807496070861,-0.3861715495586395,-0.0557927750051021,-0.1404449790716171,0.3929578959941864,0.7641176581382751,0.3738381564617157,0.2858656346797943,0.0353921093046665,0.4459830820560455,-0.5208247900009155,0.1525947600603103,0.383240669965744,-0.202982485294342,-0.5346816182136536,0.218737781047821,-0.972753882408142,-0.8207621574401855,-0.1421180963516235,-0.0154181104153394,0.4628665149211883,0.0081729851663112,0.3942067325115204,-0.5851307511329651,-0.7573434114456177,-0.478797048330307,-0.9843683242797852,-0.0697788372635841,0.0517299473285675,-0.19020776450634,0.5906980037689209,0.300529271364212,-0.9819388389587402,0.461364597082138,0.3210695385932922,0.48450767993927,0.1785139143466949,-0.3847949206829071,-0.321662425994873,0.8443519473075867,-0.5014409422874451,-0.4166518449783325,0.750177800655365,-0.0743482336401939,-0.0699120983481407,-0.3655387163162231,-0.2019563913345337,0.1565447747707367,0.4733108282089233,-0.1820834279060363,0.2548277080059051,-0.0231193322688341,-0.4221740365028381,-0.2792053520679474,-0.2625077366828918,-0.3165677189826965,0.2979778945446014,-0.8846938014030457,-0.2044506818056106,-0.2526279389858246,-0.1218877434730529,0.6885345578193665,0.6429525017738342,-0.2151956707239151,0.0918591320514679,0.7153148055076599,0.1788139045238495,-0.2660667896270752,-0.0331308916211128,0.0755949541926384,-0.3624329268932342,-0.2606484889984131,0.0119486786425113,0.3902390599250793,0.2846006453037262,0.3447838723659515,-0.7184575200080872,-0.3535074293613434,-0.1424677819013595,-0.7829322814941406,0.4006941318511963,0.0192137602716684,0.524908721446991,-0.9151397943496704,0.1733862459659576,-0.1486841440200805,0.3275986909866333,0.1396800130605697,-0.0200174562633037,-0.0763090774416923,-1.4075360298156738,0.0534817576408386,-0.4918538331985473,-0.7902896404266357,0.5318777561187744,-0.2848229110240936,-0.6919559836387634,0.2178936302661895,0.1768209189176559,-0.0917976275086402,0.0921580791473388,-0.0385496318340301,-0.4900764226913452,-0.042287316173315,0.4481016993522644,-0.1261456757783889,-0.1064321026206016,0.4720658361911773,-0.3878652453422546,0.0398647002875804,0.603585422039032,0.5249636769294739,0.1717052012681961,0.1215288713574409,-0.0735646188259124,0.0501642189919948,-0.786901593208313,0.1556357145309448,0.0870108231902122,0.4399442374706268,-0.3945975601673126,0.2235125601291656,0.6525632739067078,-0.3681321144104004,-0.0519896671175956,0.8495214581489563,0.1558186113834381,0.6384768486022949,0.0111140543594956,-0.2351629585027694,-0.8818499445915222,0.4974597990512848,0.4136258959770202,0.2622667253017425,-0.3039504289627075,0.2893498837947845,-0.1052259653806686,-0.4882786571979522,0.2411974370479583,-0.0667811557650566,-0.064834177494049,0.4654918611049652,0.4328020513057709,0.1599184870719909,0.7770379185676575,0.6601337790489197,-0.3099386990070343,0.4009592533111572,0.1443146169185638,0.2567755579948425,0.9159109592437744,-0.0673000141978263,0.5176604986190796,-0.3365890383720398,-0.7841489911079407,0.2950450778007507,0.1969319880008697,0.3568305671215057,1.1737850904464722,0.1396821588277816,-0.3988161087036133,0.5462249517440796,0.8059064745903015,-0.0751746743917465,0.1154990270733833,-0.4927742481231689,-0.0536334104835987,-0.0812551900744438,-0.2035188674926757,-0.0750195607542991,-0.0683854147791862,0.0823175758123397,-0.1193918213248252,0.1936592906713485,-0.2463523298501968,0.4719513356685638,-0.4209035634994507,-0.3078163266181946,0.3759004473686218,-0.002961597405374,0.3020261228084564,-0.0533858947455883,0.4790732264518738,-0.3208807706832886,-0.2082509845495224,0.4283637106418609,-0.407904177904129,-0.4388944208621979,-0.0532719641923904,0.3547323942184448,-0.0368370115756988,-0.0052372380159795,0.0940156653523445,-0.3612267076969147,-0.211391806602478,0.2542731165885925,-0.5569307208061218,0.3658948242664337,-0.0642438754439354,0.2677868604660034,0.1883809864521026,0.0471253059804439,-0.4177459180355072,-0.2764428257942199,-0.5471877455711365,0.1430089622735977,-0.396871268749237,-0.6322588324546814,0.4642121195793152,-0.0183759145438671,-0.3485398292541504,-1.5665051937103271,0.6561968922615051,-0.1743222624063491,0.3859342932701111,-0.1879439949989318,0.1425675898790359,-0.0521857179701328,0.0290188640356063,0.1428416967391967,-0.44991534948349,-0.0334871858358383,-10.106772422790527,0.0311617329716682,-0.7103382349014282,-0.5038667917251587,-0.026438895612955,0.0103408712893724,0.8339167237281799,0.5296981930732727,-0.3991149663925171,0.017071871086955,-0.4222870469093323,0.2256660610437393,0.2735041081905365,0.5720398426055908,-0.0424214042723178,-0.3598330616950989,-0.3359643220901489,-0.5068827867507935,-0.0967234298586845,-0.3829208612442016,-0.0620862655341625,-0.0616059638559818,0.8082335591316223,0.175922617316246,-0.1417668014764785,-0.4456749558448791,-0.3426142036914825,0.3715060949325561,-0.1455613672733307,0.1725504249334335,-1.1235413551330566,0.902729630470276,-0.3657998740673065,-0.382174015045166,-0.4527009129524231,0.2521111965179443,-0.010334450751543,0.2842535078525543,-0.0591973848640918,0.601249098777771,0.2945119440555572,0.6637018918991089,-0.1598019748926162,-0.3018046021461487,0.1331110447645187,0.4781384766101837,-0.1138777434825897,0.2863802015781402,0.2445801645517349,-0.1813361495733261,0.1402642875909805,-0.3990349471569061,0.2809138000011444,-0.1469828486442566,-0.0133303431794047,-0.1942400634288787,0.7767208814620972,-0.7879253029823303,0.0311534497886896,0.1072991862893104,0.2392787486314773,-0.1930221021175384,0.4252275824546814,0.208171546459198,-0.3237896859645843,0.4729270040988922,0.1399933397769928,0.23618184030056,-0.7695155739784241,-0.2419710606336593,0.3645013272762298,0.1336968094110489,0.1556989699602127,0.1743565052747726,-0.024681793525815,0.5745055675506592,-0.1888916194438934,0.0466608963906765,0.0775435715913772,0.281894326210022,0.4171482026576996,-0.4694114327430725,-0.6455208659172058,0.1391593664884567,-0.1641565710306167,0.4069516956806183,-0.1344774216413498,0.3288237750530243,0.0753167793154716,-0.4625642895698547,0.3396262526512146,-0.455998957157135,-0.6298967599868774,-0.1371355205774307,-0.0455033481121063,-0.3143453001976013,0.2219788879156112,0.2289328575134277,0.3692764937877655,0.4943829774856567,0
-0.2222528010606765,0.4774613678455353,0.2846729159355163,-0.5338392853736877,0.1407128274440765,-0.027978342026472,0.2621942162513733,0.0453696437180042,-0.0180960912257432,-0.4922957122325897,0.5743027329444885,-0.0723374411463737,-0.2508898079395294,-0.3656767606735229,0.2361236661672592,-0.2994526624679565,0.7187941074371338,-0.0844639986753463,-0.3767223060131073,-0.7450172901153564,-0.2236115485429763,-0.9219720959663392,-0.0502695962786674,0.1479004323482513,-0.1006876826286315,-0.2470047026872635,0.2035625725984573,0.162573367357254,0.3874097168445587,-0.4552150666713714,-0.2518156170845032,-0.0053531946614384,-0.0846577361226081,-0.5759016871452332,-0.0203655082732439,0.1238953992724418,-0.1815617978572845,-0.3146500289440155,0.1855837553739547,-0.2113803774118423,-0.4521411955356598,-0.1376691162586212,0.0832987651228904,-0.0702203959226608,-0.0142563236877322,0.5452094078063965,-0.0704390257596969,0.2640524506568908,0.6788688898086548,0.1254119724035263,-0.3701975047588348,-0.1308355927467346,0.3113717436790466,0.0655424296855926,0.040601048618555,-0.0640180185437202,0.3427297174930572,-0.1257094889879226,0.1488376855850219,-0.1773208975791931,-0.4969454705715179,-0.1641689240932464,0.1087222546339035,0.1072725132107734,-0.2507376372814178,-0.4448539912700653,0.0776362493634224,-0.2819988429546356,0.0550128184258937,-0.1118602007627487,0.2358798086643219,0.2022034972906112,-0.1607573628425598,0.0850280746817588,1.061294436454773,-0.2181654423475265,0.4180479943752289,0.1981929540634155,0.5500708818435669,-0.1700524985790252,-0.0544189438223838,0.3892174363136291,0.0181801244616508,-0.5625380277633667,0.1501268148422241,0.3591103255748749,0.1120950356125831,-0.8664215207099915,0.1240241080522537,0.016168013215065,-0.1526331454515457,0.0244368221610784,0.5248511433601379,-0.0204705316573381,-0.3866417407989502,-0.2467061281204223,-0.044485967606306,0.132779061794281,0.035731241106987,0.1719565689563751,-0.1708863675594329,0.3016214966773987,0.0801504552364349,-0.6325010061264038,-0.1889470815658569,0.347184807062149,-0.2690729200839996,0.1310341656208038,-0.1372296661138534,0.3208893239498138,-0.2407031655311584,-0.360576719045639,-0.0427028834819793,0.3351815342903137,-0.3587905168533325,0.0220130439847707,-0.1750593036413192,0.38090780377388,-0.2965784668922424,0.1862192451953888,0.2352034747600555,0.7205395698547363,-0.0328303389251232,-0.0053008021786808,-0.1033426597714424,0.0235779415816068,0.2552263140678406,0.0945911034941673,0.3143732845783233,0.0289971027523279,-0.423772931098938,-0.0069887172430753,-0.1225335150957107,0.2027165591716766,-0.3517963290214538,0.513335645198822,0.3325396776199341,0.4076646566390991,-0.2941778004169464,-0.1468381434679031,-0.0710865706205368,0.0862908214330673,0.2765591144561767,0.0533937104046344,-0.4095627665519714,0.5233935713768005,-0.2354356050491333,-0.3775096535682678,0.3923581540584564,0.2961090803146362,-0.5224389433860779,0.6494357585906982,-0.164069578051567,0.1238880529999733,0.1883903294801712,0.0164947137236595,-0.4871222376823425,0.1726835221052169,0.168077141046524,0.3019226193428039,0.1189491972327232,-0.7028582692146301,0.6160314679145813,0.8640277981758118,-0.0082981875166296,0.9358704090118408,0.377872109413147,-0.0964722409844398,-0.0394810028374195,0.8496875166893005,0.152501031756401,0.4679588675498962,0.3547160625457763,-0.3074656128883362,0.1140279471874237,0.140217050909996,0.297814279794693,0.1807660460472107,0.4338725507259369,-0.451000452041626,-0.1932429522275924,0.0480176657438278,-0.0758156925439834,-0.2665475606918335,-0.0845421701669693,0.0721422284841537,-0.0196941401809453,-0.4357420206069946,-0.24066723883152,0.3207072615623474,0.1533617377281189,-0.0345571897923946,0.0666078105568885,-0.5496270656585693,-0.4379465579986572,-0.1786601543426513,-0.1375521570444107,-0.1844068616628646,0.4395330250263214,0.1596365571022033,0.0968571081757545,-0.2193677574396133,-0.3072683215141296,-0.8852680325508118,-0.939111590385437,0.0145300049334764,0.1658240854740142,0.478655457496643,0.352173238992691,0.2455086708068847,-0.3768989741802215,0.2892662584781647,0.3144189715385437,-0.0786537379026413,0.1288552731275558,0.0269475448876619,-0.4241795837879181,-0.4745166003704071,0.2522337138652801,0.194434255361557,0.5733556151390076,0.0338113494217395,0.6147328019142151,0.3879157602787018,-0.001249247114174,0.2197662442922592,0.1931692212820053,-0.5913341045379639,0.1097361966967582,0.4800944924354553,-0.2201170474290847,-0.3930919468402862,-0.8541420102119446,0.1435679942369461,-0.2861928939819336,0.1257663518190384,0.1104253754019737,0.476107507944107,0.2409937530755996,0.4032341241836548,0.2953546047210693,-0.1371486932039261,-0.2852272093296051,-0.221810907125473,0.0145526267588138,0.350981593132019,0.0748833045363426,0.1100329011678695,-0.4611026048660278,0.2474903464317321,-0.8355616927146912,-0.4010774493217468,0.224624902009964,-0.2913287580013275,0.493802398443222,0.102313295006752,0.3165262341499328,-0.2681232094764709,0.4466059505939483,-0.3123617172241211,0.0576317273080349,-0.7508233189582825,0.3219610154628753,-0.3615201413631439,-0.0194039270281791,-0.2252863347530365,0.0758060663938522,-0.5137199759483337,-0.3316430449485779,-0.4951295256614685,0.1780063807964325,0.1618031114339828,0.1851430833339691,0.5218076705932617,-0.2437604516744613,0.13210529088974,0.2703191041946411,-0.0417770445346832,-0.3590162396430969,0.1741902977228164,-0.1641079783439636,0.0012357495725154,-0.911764919757843,0.5101583003997803,-0.05580660328269,0.0481389462947845,0.1036861091852188,-0.2519572675228119,-0.0660356506705284,0.1784282773733139,0.1878724694252014,-0.5875113010406494,-0.2543694972991943,0.1012911200523376,-0.2944889962673187,0.3462736010551452,0.1167214289307594,0.1415830701589584,-0.032123252749443,0.2730934917926788,0.1494532078504562,0.2281029224395752,0.6226618885993958,0.0149654950946569,0.0119178630411624,-0.1743693798780441,-0.0819612741470336,-0.16628497838974,0.1981168538331985,-0.8472737073898315,-0.0495785251259803,0.9087319374084472,-0.1110390052199363,0.1426167339086532,0.3807587027549743,0.2676263153553009,-1.5235882997512815,-0.3096315860748291,0.2907152473926544,-0.1577343195676803,-0.123684786260128,0.5521301627159119,0.1500066071748733,-0.1700051426887512,-0.2850587964057922,-0.4338802695274353,0.50770103931427,0.1380475759506225,-0.3178379237651825,0.0045099752023816,0.3672304153442383,-0.1202908977866172,0.1869880855083465,-0.4825598299503326,-0.0582801885902881,-0.077659972012043,-0.1159160137176513,-0.1343555450439453,0.4755497276782989,-0.3854744136333465,0.0774583518505096,0.3836101591587066,0.1376085579395294,-0.0036976700648665,-0.4772338569164276,-0.1415029615163803,0.1210104748606681,0.7054231762886047,0.1515555679798126,0.2447158098220825,-0.1872191876173019,-0.2213799655437469,0.3268555402755737,0.6394369006156921,0.6584712862968445,0.4151815474033355,-0.0593061409890651,-0.2978902459144592,0.5753341317176819,0.1926831901073455,-0.002314172219485,0.2969342470169067,0.22416852414608,0.4709194302558899,0.1523835062980651,0.0654554441571235,0.4469865560531616,0.4589549005031585,0.3275902867317199,0.4418517351150512,0.6918975710868835,-0.2169158607721328,0.0262980572879314,-0.3104169964790344,0.2551081776618957,-0.675926685333252,-0.0363283045589923,0.0445588342845439,0.1792043000459671,-0.0203059539198875,-0.4317060112953186,-0.1147998943924903,0.2259842008352279,-0.6471788883209229,0.1937308013439178,-0.6416256427764893,-0.3668214380741119,-0.1555281430482864,-0.2058556526899337,-0.704966127872467,0.4896759688854217,0.2068828344345092,0.5229383707046509,-0.4388151466846466,-0.4175955057144165,0.0345656126737594,-0.4152710139751434,-0.4532604217529297,0.0461416840553283,0.2537009119987488,-0.687380313873291,-0.1210071146488189,-0.300975352525711,-0.1964563429355621,-0.7704170346260071,0.1438065022230148,-0.4543852806091308,0.1708810329437255,0.3808635175228119,0.8047479391098022,-0.0072929649613797,-0.2846345901489258,0.0993983000516891,0.0648160949349403,-0.151721641421318,-0.3665967881679535,-0.4011518061161041,0.4701413214206695,0.5726847648620605,0.5441704988479614,-0.0350847989320755,0.369639903306961,0.1006323546171188,0.4558404386043548,0.157010480761528,0.0321258753538131,-0.1707116365432739,-0.0809486806392669,0.6825555562973022,0.0997306108474731,0.1941531598567962,0.1530532836914062,0.0447727777063846,0.216768130660057,-0.1781843900680542,-0.8901920914649963,-0.0439882352948188,0.1477890312671661,-0.1624320298433303,0.3704196512699127,0.5303295850753784,1.0367454290390017,0.0446426756680011,0.2567819356918335,0.1668917834758758,0.1471063047647476,0.47562375664711,-0.2356593161821365,-0.2624461948871612,0.1249793246388435,0.4482075870037079,0.7359059453010559,0.2478959262371063,0.2438373863697052,0.2584930062294006,0.1627380400896072,-0.0853483751416206,-0.3532913327217102,-0.138092964887619,0.1767197996377945,-0.4492537379264831,-0.1684676110744476,-0.2639999389648437,-0.1704087108373642,-0.383199393749237,-0.0859818384051323,0.6887480020523071,0.0879787355661392,-0.0623395554721355,0.1659747064113617,-0.4780972898006439,-0.2862967848777771,-0.471535176038742,0.020593149587512,-0.2521527707576751,-0.03110540099442,-0.0487925857305526,0.1347405314445495,-0.6308768391609192,-0.006156301125884,-0.1320878267288208,0.1016103848814964,0.3668164610862732,-0.5982440710067749,-0.2028645277023315,0.6168971657752991,0.2802484035491943,0.0902061089873313,0.509536623954773,0.3266162872314453,-0.3844996094703674,-0.7358635067939758,-0.2774468958377838,0.1960776895284652,0.368721067905426,-0.4349523484706878,0.443766325712204,0.0353622809052467,-0.4890430569648742,-0.2206037044525146,-0.40242600440979,-0.1942300945520401,0.3445405066013336,-0.4125125408172607,-0.0119464937597513,-0.2344537079334259,0.0959692448377609,0.2818674743175506,-0.0525268241763114,-0.1087740808725357,0.3248989582061767,0.153624877333641,0.6701545715332031,-0.1825728416442871,0.2273292243480682,-0.5034916400909424,-0.5143892168998718,-0.013146324083209,0.5066424012184143,-0.1221868470311164,-0.2071204930543899,-0.1060390323400497,-0.7558909058570862,-0.3023389279842376,-0.0782056972384452,-1.063998818397522,0.6568590402603149,-0.0648702755570411,0.654317319393158,-0.9381129145622252,-0.0792474374175071,-0.6354096531867981,-0.3264916241168976,0.2128744423389434,0.0102005125954747,-0.1846308261156082,-0.635307252407074,-0.2527216672897339,-0.1084781140089035,-1.1290115118026731,0.5772020220756531,0.2784537374973297,-0.761538028717041,-0.3953783214092254,-0.1238043829798698,0.1635441184043884,-0.346904844045639,0.1325928717851638,-0.4436797201633453,-0.1875937283039093,0.4873781502246856,0.3456912338733673,0.0766851976513862,0.4941249787807464,-0.1580972969532013,0.153859943151474,0.6674377918243408,0.2857580184936523,0.4368947148323059,-0.2800138890743255,-0.0002270847471663,-0.0459508672356605,-0.3575420379638672,0.6432620286941528,0.1595607846975326,0.2623391449451446,-0.5646979212760925,0.4875936806201935,0.8752527832984924,-0.700641930103302,-0.2121057212352752,0.5091903209686279,0.8952663540840149,0.3514890372753143,-0.057923886924982,-0.3364403247833252,-0.6621456146240234,-0.0425852760672569,0.0861828848719596,0.5080426335334778,-0.052310612052679,-0.3466527462005615,-0.2146396934986114,-0.3390606939792633,-0.4032915830612182,0.6074280738830566,-0.1911474913358688,0.1021612808108329,0.3327031433582306,-0.2304888516664505,1.038275957107544,-0.1601399034261703,-0.0894506424665451,-0.0550600253045558,-0.3106029033660888,0.1175979822874069,0.5573240518569946,-0.0970891341567039,-0.0974689051508903,-0.1365415900945663,-1.053721308708191,0.3810197412967682,-0.007105469238013,0.0035849511623382,0.6077449321746826,-0.2573814988136291,-0.1336918920278549,0.0077635240741074,-0.1004229336977005,-0.2261257767677307,0.0639543905854225,-0.951913833618164,0.4998007416725158,-0.1521071493625641,-0.4223460257053375,0.0471949987113475,-0.0700275152921676,0.5397701263427734,-0.683161735534668,-0.1731699854135513,-0.0389122404158115,1.1142362356185913,-0.1387283504009246,-0.1951026767492294,0.4460289478302002,-0.1326959282159805,-0.3908167481422424,0.2907778024673462,-0.2446718662977218,-0.3680627346038818,-0.0721438154578208,-0.1566586196422577,-0.0287197344005107,0.0239049531519413,-0.2590713202953338,0.1696411520242691,0.268165647983551,0.1740465313196182,-0.7778509259223938,-0.5193636417388916,-0.1081900671124458,-0.3478410840034485,-0.8314006328582764,-0.1912359297275543,-0.2353197038173675,-0.2132682055234909,0.1700856834650039,0.0590679720044136,-0.6378533840179443,-0.2413634359836578,-0.2844324111938476,0.4000102579593658,-0.2522853016853332,-0.1604064255952835,-0.1928673982620239,-0.1853560209274292,-0.2809424102306366,-0.9571592211723328,0.3791296184062958,0.0581690967082977,0.0155584532767534,-0.0419175438582897,0.6100336313247681,-0.6766027808189392,0.4020321369171142,0.0464314147830009,-0.8042682409286499,-0.201982095837593,-10.345311164855955,-0.2265547960996627,-0.5641708970069885,0.0382924154400825,-0.5187583565711975,-0.0023810935672372,0.7150816321372986,0.488398402929306,-0.2143466025590896,0.2339798361063003,0.0835283249616622,0.741214394569397,0.6408354043960571,0.582582950592041,-0.8309608101844788,0.0567009598016738,0.1738937199115753,-0.3364439904689789,0.0281073357909917,0.0403523780405521,-0.1373246014118194,-0.3007682263851166,0.164133071899414,0.3358617722988128,0.3575521111488342,-0.625676691532135,-0.1029393374919891,0.3661927282810211,-0.4121471047401428,0.694779634475708,-0.8860955238342285,0.9213082790374756,0.1185875236988067,0.215092733502388,-0.0482428185641765,-0.0420624874532222,0.1350456774234771,0.1173084452748298,0.1161656081676483,0.7344233393669128,0.4397996664047241,0.2482922971248626,-0.1212217286229133,-0.3039708733558655,0.0122934728860855,0.0554634928703308,0.147053524851799,0.4781879484653473,0.6100648641586304,-0.0208242498338222,-0.3812913596630096,0.4114012718200683,-0.1611244976520538,-0.2322015315294265,0.2552039623260498,-0.1566338241100311,0.5230555534362793,-0.3559120893478393,-0.3508295714855194,0.1042973324656486,0.3241031169891357,-0.0768891125917434,0.806643009185791,0.5711161494255066,-0.0358862429857254,0.3135381639003753,0.3835696280002594,0.2765194773674011,-0.5111398696899414,-0.2698849439620971,-0.0797957852482795,0.2722645103931427,-0.4694235026836395,0.2131120413541793,-0.669564962387085,0.4935464262962341,0.2749899327754974,0.321905106306076,0.9264543652534484,0.1467457711696624,0.5342535972595215,0.0952890962362289,0.3589682877063751,0.1552117764949798,-1.040259599685669,0.385796844959259,-0.3185881376266479,-0.0318945311009883,0.4062782824039459,-0.193504124879837,0.5733180642127991,0.1032314151525497,-0.1410595476627349,0.3559190034866333,0.4502268135547638,-0.4486997127532959,-0.135973110795021,0.296512246131897,0.0604362972080707,-0.5247895121574402,1
0.0089554153382778,0.1939436793327331,-0.2193934172391891,-0.892130434513092,0.2426500469446182,0.8090804815292358,-0.0006461688317358,0.2059105336666107,0.1103751063346862,-0.4960032403469085,0.9617363214492798,0.3438442349433899,-0.0860624685883522,-0.3222886323928833,0.7872731685638428,-0.2823822498321533,0.1623154133558273,-0.2046204507350921,0.1291653960943222,0.1357299089431762,-0.5593015551567078,-0.7716518044471741,0.0471532978117466,0.5986023545265198,0.3549172580242157,-0.5780556797981262,0.2487049698829651,0.2216878086328506,-0.1113149970769882,0.1567638367414474,0.0653873309493064,-0.5548986196517944,0.0657591000199318,-0.408096581697464,-0.1881638914346695,0.5684396624565125,0.1580043733119964,-0.0112947979941964,-0.0664695054292678,-0.2631846070289612,-0.1660615652799606,-0.1197155714035034,-0.1676841676235199,-0.3762255609035492,-0.2971188127994537,0.3927555680274963,-0.2499871701002121,0.5849437713623047,0.3317283689975738,0.3255312442779541,-0.3314432799816131,0.3086915910243988,0.5327470898628235,-0.1731323897838592,-0.1804702877998352,-0.5745936036109924,0.1863718330860138,-0.4887060821056366,-0.1509477794170379,0.3312007486820221,-0.3013313114643097,-0.2362928539514541,0.1911569684743881,0.1281263679265976,-0.3288263380527496,0.0834068581461906,0.3564080595970154,-0.0896729975938797,-0.3487680852413177,-0.3754557967185974,-0.5943626761436462,0.2977727949619293,-0.2029802352190017,-0.1202201098203659,0.7733710408210754,-0.691891074180603,-0.1582495272159576,0.1307856887578964,0.129266157746315,0.179776906967163,-0.261399894952774,0.3057650327682495,-0.0999675914645195,-0.373337835073471,0.1245990842580795,0.4375348389148712,-0.1949544101953506,-0.6727452278137207,0.1449243426322937,-0.0880607590079307,0.1117881163954734,0.2104975432157516,-0.0901843756437301,0.2620703876018524,-0.3076165318489074,-0.1190997660160064,0.1794024109840393,-0.2009548395872116,0.2896222472190857,0.5201216340065002,-0.0178588442504405,-0.1175526157021522,0.2643328905105591,-0.0321151241660118,-0.1858051568269729,0.037453293800354,-0.532194197177887,0.4019044041633606,-0.058816809207201,-0.4000467956066131,-0.4044370353221893,-0.1294841170310974,-0.3230060636997223,0.3377116918563843,-0.0151133490726351,0.4915045499801636,-0.358000785112381,0.0789115205407142,-0.5358489751815796,0.6664966344833374,0.2892233431339264,0.2272322177886963,-0.2350341975688934,-0.1883149743080139,-0.0374681949615478,0.4136695265769958,-0.5037018060684204,-0.1584736406803131,-0.287291556596756,-0.3900687098503113,-0.3347787857055664,0.0566991604864597,-0.514350950717926,0.179104745388031,-0.4272096455097198,0.2676720917224884,-0.0008892610785551,-0.119334876537323,-0.0342761911451816,-0.3698295056819916,0.6141608953475952,0.030637776479125,-0.320189356803894,0.2113173454999923,0.0461371541023254,0.398370087146759,-0.214113175868988,-0.6932808756828308,0.7195062637329102,0.367898166179657,-0.548111617565155,0.6063113808631897,-0.7249165773391724,-0.1172510087490081,-0.163594901561737,-0.0741870552301406,-0.3895092904567718,0.3956390619277954,-0.1362478584051132,0.522060751914978,-0.3884695470333099,-0.6509543657302856,-0.0905016064643859,0.4577580690383911,-0.0745252072811126,0.6840958595275879,0.1851225048303604,-0.0991550236940383,0.3364947438240051,0.637281060218811,-0.0453508161008358,0.5295713543891907,0.1634165644645691,-0.4523137509822845,0.0446202680468559,0.3800104558467865,0.284567654132843,0.1254987865686416,0.5073771476745605,-0.4641390740871429,0.2480779737234115,-0.3822896182537079,-0.100916102528572,-0.6630884408950806,0.3797591626644134,0.0846238806843757,-0.1318268775939941,-0.0738795399665832,0.4522085189819336,-0.0492566935718059,-0.4892923533916473,-0.2397583127021789,0.4089611172676086,-0.3739085793495178,-0.0003141923516523,-0.2210182696580886,0.1859475374221801,-0.6739915609359741,0.1745838820934295,0.220360517501831,0.3807322680950165,-0.0570086054503917,-0.1237288936972618,-0.4595778286457062,-1.1483312845230105,-0.1460831612348556,0.7014099359512329,0.83683842420578,0.0783072561025619,0.3080491125583648,0.0015377762028947,0.5985416173934937,0.5874409079551697,0.1812830716371536,0.190099686384201,0.0373004861176013,-0.1218758150935173,0.1014582216739654,0.5281689167022705,-0.4943133592605591,0.1747933626174926,-0.2836597561836242,0.0985108017921447,0.2787056565284729,-0.1977821886539459,0.2921814322471618,0.4311996400356293,-0.2281941324472427,-0.3467642962932586,0.7514057159423828,-0.8000134825706482,-0.3450879454612732,-0.009347915649414,0.2900696396827698,-0.9353619813919068,0.6392756700515747,-0.2492270022630691,0.1082829087972641,-0.4890226125717163,0.0359387397766113,0.1801340728998184,-0.3585279583930969,0.1104844063520431,-0.6221851706504822,0.1228515431284904,0.2161178290843963,-0.0165604911744594,-0.5918678045272827,-0.6227045655250549,0.0214903783053159,-0.5298854112625122,-0.3639200329780578,0.7639522552490234,-0.5795010924339294,0.7762306332588196,0.3476709425449371,0.4019074738025665,-0.4657380878925323,-0.1669498533010482,-0.2760277986526489,0.1193528324365615,-0.9021141529083252,-0.1912649720907211,-0.5950599312782288,-0.1172133013606071,0.1430878639221191,0.1233772411942482,-0.7688897848129272,-0.7354635000228882,-0.1789389699697494,0.2603660523891449,-0.0042166076600551,-0.3103835880756378,0.1659796237945556,-0.3101548552513122,0.0252922773361206,-0.1007624864578247,0.2142903953790664,-0.6002864241600037,0.0724116042256355,-0.8211646676063538,0.1793502122163772,-0.5730201601982117,0.2574987113475799,0.3910787403583526,-0.0462004169821739,-0.0876006931066513,-0.0975300371646881,-0.1016468480229377,0.3967403769493103,0.5249233841896057,-0.4801513254642486,-0.7723743319511414,-0.055671326816082,0.0136875221505761,-0.0571516752243042,0.3413433134555816,0.2657767832279205,0.0421169660985469,0.1710550040006637,0.6340242028236389,0.2799536287784576,0.4707091450691223,-0.4334757030010223,-0.0673077553510665,-0.7172948718070984,-0.4154280424118042,-0.4803426265716553,0.9947332739830016,-0.2261528223752975,0.2403616905212402,1.3021985292434692,-0.2751008570194244,0.0932967960834503,0.7321251034736633,0.0016831944230943,-1.4337382316589355,0.1742880642414093,0.3827532529830932,0.4132084548473358,0.0696791559457779,0.3024963438510895,0.2778406143188476,0.4463664591312408,-0.1168526858091354,-0.2425277829170227,0.3244265615940094,0.5899599194526672,0.0496654845774173,-0.617261528968811,0.8245378732681274,0.2255584001541137,0.2680265307426452,-0.7746888399124146,-0.2026408314704895,0.5430367588996887,-0.0010325968032702,-0.1048668175935745,0.4138762652873993,-0.2566787004470825,-0.103787787258625,0.1203577071428299,0.3506484925746918,0.0290042459964752,-0.7879344820976257,-0.0909556150436401,0.1300715804100036,0.8856472373008728,0.8778288960456848,0.6831426620483398,0.2792248725891113,0.0440075062215328,0.1303082406520843,0.5566778182983398,0.2512948215007782,-0.1223691180348396,0.0570113584399223,-0.4873378574848175,0.1637439429759979,0.0484549850225448,0.1156986951828002,-0.5891779661178589,0.4568356275558471,0.6302958130836487,0.0585559792816638,0.824226975440979,0.304629772901535,0.4024071097373962,0.0829458087682724,0.2384218275547027,0.6345834732055664,0.1956893354654312,-0.3380899727344513,-0.5317067503929138,0.2160411775112152,0.0493471249938011,-0.221853882074356,-0.02583465911448,0.5467850565910339,0.2580340802669525,-0.4190973341464996,0.1458680480718612,0.3836770057678222,-0.0616870708763599,-0.2065752744674682,-0.5558835864067078,-0.4770741462707519,-0.6676740050315857,-0.2172219902276992,-0.753665030002594,0.146900326013565,0.100456528365612,0.4139447808265686,0.0750255212187767,-0.5526785254478455,-0.1661145240068435,-0.3633378148078918,-0.4284783601760864,-0.0671730786561966,0.0191703774034976,-0.2370837777853012,-0.0520790964365005,-0.2882414162158966,-0.4228926301002502,-0.3670439422130584,-0.2755053639411926,-0.3149448931217193,0.4823648631572723,0.1293221712112426,0.5752208828926086,-0.1062190011143684,-0.0015399476978927,-0.2033703178167343,-0.0299327652901411,-0.4370419681072235,-0.1116801798343658,-0.971891462802887,0.686314582824707,-0.0880109816789627,-0.1899833083152771,0.1447987705469131,0.5745759606361389,0.6484565138816833,0.2478493899106979,-0.059849202632904,-0.2137864828109741,0.0503655113279819,-0.5760780572891235,0.5633659958839417,-0.1351030617952346,0.6263390183448792,-0.2805357575416565,0.755492091178894,0.3448373973369598,-0.170314535498619,-0.1546093225479126,0.1700873970985412,0.5626100301742554,0.159848153591156,0.0025721793062984,0.3212217688560486,0.8514876365661621,-0.2384626716375351,0.3629963397979736,-0.2154732197523117,0.5963175892829895,0.5760573148727417,-0.2388592660427093,0.2666859626770019,-0.4242483675479889,0.2194554805755615,0.3001822531223297,0.5287933945655823,0.1616058498620987,0.4735806286334991,0.451240062713623,0.2986082136631012,0.5375964045524597,0.315589427947998,0.0714832171797752,-0.0380567088723182,-0.0804987475275993,-0.941788375377655,-0.0109886368736624,-0.1580452769994735,0.0599218979477882,0.374786913394928,-0.5962842106819153,-0.0410428903996944,-0.0652371048927307,-0.7644864320755005,-0.7148693799972534,-0.7939397692680359,-0.1061565801501274,-0.2387058287858963,0.0846536979079246,0.6289856433868408,0.3573974072933197,-0.6010023355484009,0.7245087623596191,-0.2205299735069275,0.7521306276321411,0.7965068817138672,-0.2417720556259155,0.0319433659315109,-0.0606076717376709,0.5573583245277405,0.0681068524718284,-0.2149157524108886,0.3274743854999542,-0.3377166092395782,-0.8510096073150635,-0.2493732422590255,0.6903465390205383,-0.3536029160022735,-0.4530978500843048,0.6913907527923584,-0.2197850495576858,-0.4711142182350158,-0.9469786882400512,-0.1042305007576942,-0.3892042636871338,-0.0367775112390518,-0.9603989124298096,-0.1532881557941436,0.0610974542796611,0.0220168903470039,0.2253399640321731,-0.0660680904984474,-0.117988608777523,0.158000573515892,0.6731314659118652,0.4489672780036926,-0.2163829505443573,0.0028803029563277,-0.1595053076744079,-0.2227129936218261,0.1855341643095016,0.329947829246521,0.4378122091293335,0.048679169267416,-0.0843349769711494,-0.8436931371688843,-0.2033517360687255,-0.8151254653930664,-1.060943365097046,0.0296236779540777,0.0121984211727976,0.6580050587654114,0.0858059749007225,0.0645452514290809,0.081458568572998,0.3754222393035888,0.4356490969657898,-0.0541432574391365,-0.1782771646976471,-1.0699797868728638,0.5052244067192078,-0.329275369644165,-0.4732583463191986,0.7103375196456909,-0.0672724097967147,-0.0404047146439552,0.3415814340114593,0.1774719655513763,-0.0499029532074928,-0.0452777631580829,0.3679766952991485,-0.1262805014848709,-0.1787403225898742,-0.1120196059346199,0.0712124705314636,0.067470796406269,0.1305374056100845,-0.7875770330429077,-0.287869393825531,0.4497101604938507,0.5701536536216736,0.0278291925787925,-0.257629781961441,0.0555600970983505,-0.1156580448150634,-0.3250406086444855,0.0239700376987457,0.2131179720163345,0.3540386855602264,-0.6282370090484619,0.4354308843612671,0.5328080058097839,-0.6255291700363159,0.3726008534431457,0.6569305658340454,0.447987288236618,0.3464375734329223,-0.0826312601566314,0.5278232097625732,-1.231490135192871,0.4108918607234955,0.4572261571884155,0.1051392704248428,0.1898313760757446,0.0374056287109851,0.1297614872455597,-0.4985046684741974,-0.4484615325927734,0.1290663480758667,-0.0684365034103393,0.5380885004997253,0.3252914249897003,0.3040666878223419,0.5544211864471436,0.8911846876144409,-0.1463435441255569,-0.0443869233131408,0.2671656310558319,-0.2792579531669616,1.1192423105239868,-0.2323697656393051,0.2132555097341537,-0.160199224948883,-0.8986796736717224,0.329925924539566,0.3822031319141388,-0.0639000087976455,0.8322954177856445,-0.2789399623870849,-0.1830359846353531,0.6643446087837219,0.3514379560947418,0.4319140315055847,-0.4011268019676208,-0.9307833909988404,-0.1246536746621131,-0.1892444938421249,-0.0544877350330352,0.1913336217403412,0.0124964993447065,0.2765724956989288,0.2173954248428344,0.0075536523945629,0.2295721769332885,0.733206570148468,0.326696902513504,0.0463561899960041,0.255257099866867,0.0263036601245403,-0.5050647854804993,-0.1246143355965614,0.1126625090837478,-0.2684059739112854,-0.5112488269805908,0.3904279768466949,-0.1249579936265945,-0.2794017791748047,0.0773320272564888,-0.305027574300766,0.2228762209415435,0.0762445032596588,-0.3174924552440643,-1.082621932029724,0.0216517392545938,-0.1389867812395095,-0.6159332990646362,-0.1184799522161483,-0.2913204431533813,-0.0232399385422468,-0.3378078043460846,-1.0702210664749146,-0.5516250133514404,0.2236312925815582,-0.4136366248130798,0.2747859060764313,-0.4481717944145202,-1.1580616235733032,0.2553902268409729,0.4109495878219604,-0.0642045140266418,-0.9181769490242004,0.2613958418369293,0.088971771299839,0.3436866700649261,-0.1951122134923935,0.3497662842273712,-0.4540547430515289,0.1738097816705703,-0.2475224286317825,-0.0588273964822292,-0.1013713851571083,-10.15874481201172,0.0772986337542533,-0.3866763412952423,-0.0697727650403976,-0.3086727857589721,0.0560729019343853,0.5754695534706116,0.5313887000083923,-0.1754971593618393,0.1452340632677078,0.1499291509389877,0.1246160045266151,0.1824256926774978,0.2906182706356048,-0.5009133815765381,-0.1276926398277282,-0.6558630466461182,-0.1718283742666244,-0.0053171636536717,0.2111367434263229,0.0747468620538711,0.1512689143419265,0.3463532626628876,0.5563478469848633,0.2827402651309967,-0.4469149112701416,-0.2932372391223907,0.3206714689731598,-0.3959000706672668,0.4110264778137207,-0.5485899448394775,0.1108571588993072,0.0251112282276153,0.4571645259857178,-0.3254336416721344,0.172176718711853,-0.1573193222284317,0.2649368047714233,0.345934122800827,0.1981503814458847,0.2115772813558578,0.1912645548582077,0.2055511623620987,0.0596089661121368,0.144676461815834,0.0531624220311641,0.2105614095926284,0.379570722579956,0.4094756841659546,0.0219456944614648,0.2211800962686538,-0.4739434123039245,0.0143642779439687,-0.3641282021999359,0.5714985132217407,0.2930380702018738,0.5575454831123352,-0.4731172919273376,-0.1425304263830185,0.1286281943321228,-0.2561348974704742,0.146199345588684,0.461464375257492,0.3113602995872497,-0.1503019034862518,0.4367438852787018,0.3194290101528168,0.3930483758449554,-0.1811354905366897,-0.3683565855026245,-0.1541863828897476,0.6007781624794006,-0.046747762709856,0.0733655989170074,-0.3318231999874115,0.2229252904653549,-0.0728904232382774,0.0502280332148075,0.1799504607915878,-0.4044448733329773,0.0383785553276538,-0.4283250868320465,-0.5955882668495178,0.1081421226263046,-0.8514079451560974,-0.0016018233727663,0.0004268751363269,0.2681510746479034,0.0098897572606801,-0.6363226175308228,0.3738816082477569,-0.5472381114959717,-0.0418695993721485,0.4586743712425232,-0.2135823518037796,-0.1286458522081375,0.1427406966686248,0.8457289338111877,0.444111704826355,-0.1456223726272583,1
0.6195648908615112,0.3489904701709747,1.0567883253097534,-0.4765182733535766,-0.5891979932785034,-0.1809852719306945,0.0059980759397149,0.3481148183345794,-0.8365700244903564,-0.6619139313697815,-0.2249849289655685,-0.709401547908783,-0.0504682175815105,-0.4271685481071472,0.7363948225975037,0.4460712671279907,-0.5139725804328918,0.4701919853687286,0.1286108493804931,-0.3889336884021759,-0.8025297522544861,-0.7192121744155884,-0.5512325763702393,0.1941795796155929,-0.4240441024303436,-0.9229090809822084,-0.5777475237846375,-0.2258715033531189,0.0061606224626302,0.1903616487979889,0.2632638216018677,-0.4594249129295349,-0.3370295763015747,0.3261558711528778,-0.7294156551361084,0.6906647086143494,0.1098550781607627,0.2041232734918594,0.4162230789661407,-0.5478252172470093,-0.3630021214485168,0.5252999663352966,-0.6012375354766846,-0.5337058305740356,-0.1171065792441368,0.041893757879734,-0.1703510880470276,-0.031400877982378,-0.1483786702156067,-0.3944182395935058,-0.7106783986091614,0.7770763635635376,0.3953070640563965,0.1971932351589203,0.425059050321579,0.3488447666168213,1.0091537237167358,0.0231695063412189,0.0251429192721843,-0.2772858142852783,-0.7284931540489197,0.1356604993343353,0.3728354871273041,0.1996486485004425,-0.592863142490387,0.3532702028751373,-0.1977674067020416,0.5270116329193115,0.4377854466438293,-0.1567492187023162,0.5720683932304382,0.3822307288646698,0.2298650741577148,-0.3820671439170837,0.2723013460636139,-1.026605486869812,0.4222369492053985,-0.3067958056926727,0.2783031761646271,0.1548672318458557,-0.239579826593399,-0.1771947145462036,0.1182410269975662,-0.3522379100322723,-0.6739863157272339,-0.3207395672798157,-1.280389428138733,-0.1314788162708282,0.1092400550842285,0.1847828775644302,0.0771256908774375,-0.437089592218399,0.370442658662796,-0.3064039647579193,1.0832984447479248,0.4152913391590118,0.3117563426494598,-0.1497225910425186,0.3455894887447357,0.2241485565900802,-1.3417664766311646,0.5552119016647339,-0.0222490578889846,-0.8507680296897888,-0.5020774602890015,-0.1633059084415435,-0.2702930569648742,0.9135725498199464,0.5686036944389343,0.4233021438121795,0.0308378841727972,-0.2613431215286255,-0.8987371921539307,0.1841257512569427,-0.0797238424420356,0.4295142292976379,-0.5939999222755432,-0.1568807661533355,0.0380602180957794,0.1479811817407608,0.2256724238395691,0.58320552110672,-0.4946492314338684,-0.1372482478618621,0.271740585565567,0.1917717903852462,0.1432688981294632,0.3522486984729767,0.2582482099533081,-0.6036713719367981,0.3547253906726837,-0.6765661239624023,-0.4382753372192383,0.0448752231895923,-0.6328389644622803,0.965863823890686,0.2955978512763977,-0.4536164700984955,0.0455907583236694,0.1167070865631103,-0.4535581469535827,-0.1906919628381729,0.8190338611602783,-0.4693425297737121,-0.1263845413923263,0.4840159714221954,-0.3180535137653351,-0.3546625971794128,0.4179584980010986,0.3845674991607666,-0.1171512454748153,1.1854907274246216,-0.5989495515823364,0.4140498638153076,0.3314343392848968,0.4171215295791626,0.197724312543869,0.2486430704593658,0.3477166593074798,0.0276961978524923,0.411643385887146,0.0632825419306755,0.118790403008461,1.0481526851654053,0.6594823598861694,-0.0155564593151211,0.6942266225814819,-0.1477566659450531,0.1065890714526176,0.9082752466201782,0.5210177898406982,0.6927188038825989,0.2869593799114227,-0.080572210252285,-0.143041580915451,0.5369226336479187,1.0504631996154783,0.4520522058010101,-0.3815566003322601,-1.0843147039413452,0.4242238998413086,0.4428893625736236,0.7727795243263245,-0.11271483451128,0.5963641405105591,-0.5336257219314575,-0.4145865440368652,-0.0930271968245506,0.4222430884838104,0.1927646398544311,-0.4035003781318664,-0.4110448360443115,0.1082634553313255,-0.0029858634807169,0.0524127073585987,0.166703388094902,0.1684794872999191,0.3491660058498382,-0.12071093916893,0.3308565616607666,0.5550510287284851,-0.018241224810481,-0.1458954364061355,-0.93206387758255,-1.468620777130127,-0.5858704447746277,-0.053965974599123,0.1871979236602783,0.1993109285831451,0.6862973570823669,-0.7204278707504272,-0.1594906896352768,0.1600438356399536,-0.4500786960124969,0.8950967788696289,0.483115404844284,-0.3662504553794861,-0.1398576647043228,-0.0772723108530044,-0.0402719527482986,0.1948870122432708,-0.6461538076400757,0.3496512472629547,0.1929983347654342,-0.292580246925354,0.8708901405334473,0.5928434133529663,-0.952753245830536,-0.5800488591194153,0.2994386255741119,-0.7095662951469421,-0.3877021372318268,-0.1414899677038192,-0.1187630221247673,-0.226882517337799,-0.9625067114830016,-0.6216272711753845,0.1769756227731704,-0.3720604479312897,0.6183730959892273,-0.2944242060184479,-0.2436751723289489,0.3913763761520386,0.3015227615833282,0.3717937469482422,0.2275534719228744,-0.1137370243668556,-0.4073820412158966,-0.9319515228271484,-0.1594752222299575,-0.6824278235435486,-0.4467746615409851,-0.298469603061676,0.5496417880058289,0.4088552594184875,-0.3417203724384308,0.3422651588916778,-0.8266787528991699,-0.2169264554977417,-0.944948673248291,0.300152450799942,-0.2175954282283783,0.4510443806648254,0.2433313578367233,-0.5626786351203918,0.1603416502475738,0.3203263878822326,-0.2135343700647354,-0.4064880609512329,-0.1030912548303604,0.1624127775430679,0.153968408703804,0.3976919949054718,-0.4147221446037292,-0.0498390197753906,0.1031231135129928,0.6804152131080627,1.0598911046981812,-0.1469211876392364,-0.6755654811859131,-0.4156228601932525,0.7218894958496094,-0.8200952410697937,-0.5111777186393738,0.0852808803319931,1.0379979610443115,-0.4341500699520111,-0.0093580558896064,-0.0931151360273361,-0.2131607830524444,0.1918867975473404,-0.6069152355194092,0.0588084161281585,0.1086339578032493,-1.049772024154663,-0.0527109093964099,0.4001291394233703,0.2348199486732483,0.3815994262695312,-0.1056061089038848,0.2873418629169464,-0.2647623121738434,0.0589905194938182,0.1709464490413665,-0.1004977151751518,-0.5174713134765625,-0.1428467333316803,0.6444472670555115,0.2665767967700958,-0.8470263481140137,-0.1114944517612457,0.6196324229240417,-1.261491298675537,-0.3067860305309295,0.4951604306697845,0.4625239670276642,-0.806296706199646,0.3060609698295593,0.7664307355880737,0.5978373289108276,-0.3235744833946228,-0.4803456664085388,0.4361900687217712,0.680817723274231,-0.3462209403514862,-0.766511082649231,0.4465742707252502,0.1413706839084625,-0.1029802933335304,-0.540488064289093,-0.4225925207138061,0.2654396593570709,-0.0956962928175926,-0.2448957860469818,-0.4192146956920624,-0.1646664142608642,-0.3066335022449493,-0.1862993538379669,0.2451054602861404,-0.0318525545299053,-0.0467939153313636,0.695682168006897,-0.4298053383827209,0.2943534851074219,-0.7330169677734375,-0.4372770488262176,0.266561895608902,1.275129795074463,0.4799474477767944,0.6537413001060486,-0.7526010274887085,-0.1445199996232986,0.5737951993942261,-0.2828126549720764,0.7841343879699707,-0.7082526087760925,0.3595519959926605,-0.2249900996685028,0.4486998617649078,0.1162942722439765,-0.312129944562912,0.2356796860694885,-0.7608378529548645,-0.673935055732727,0.2672902941703796,-0.0121579803526401,0.5657185316085815,0.1676893681287765,0.0501080378890037,1.1467639207839966,0.0960680320858955,0.2769872546195984,-0.271636962890625,-1.2229118347167969,-0.2898721396923065,-0.818493664264679,-0.0662508532404899,-0.1926941573619842,-0.1408600509166717,0.6379884481430054,-0.5304189920425415,0.1868663430213928,-0.1202046424150466,-0.4112637639045715,0.2442872375249862,-0.3000135421752929,-0.6347482204437256,0.0767916440963745,-0.0052538914605975,-0.5005415678024292,0.9109095931053162,-0.0007811538525857,0.5739177465438843,-0.3620568215847015,-0.639089047908783,0.5519065260887146,-0.296102374792099,0.0041193105280399,-0.0016299751587212,0.1267074197530746,-0.2287810444831848,-0.2666354477405548,-0.1437699347734451,0.0704218074679374,-1.0117563009262085,0.5357574224472046,-0.4320216178894043,0.0675554797053337,-0.0848605036735534,-0.2459176182746887,-0.7839255928993225,-0.2140903323888778,0.0649926662445068,-0.1526171118021011,0.1472381502389907,0.3655463755130768,0.192785158753395,-0.4598661065101623,0.4447408616542816,0.5818700790405273,0.773893415927887,-0.2916417717933655,0.6764229536056519,-0.2633430957794189,0.1170301362872123,0.3807166218757629,-0.636992871761322,-0.5004210472106934,0.4088150560855865,0.2970898449420929,-0.4510889947414398,-0.2047666013240814,-0.3112285435199737,1.1695051193237305,-0.2776446640491485,-0.454189658164978,0.902678370475769,-0.3502555191516876,0.3743431270122528,1.0348628759384155,0.7548885345458984,-0.3306185603141784,0.8137053847312927,0.2189303785562515,0.4164632558822632,0.0481533221900463,-0.4062684178352356,-0.2302813231945037,0.8682974576950073,-0.0690934285521507,0.0666430816054344,0.7246530055999756,0.2387608587741851,0.2063861191272735,0.304114431142807,-0.0526445172727108,0.0919842198491096,0.3205940127372741,-0.1039949804544448,-0.344978004693985,-0.0909045413136482,-0.1859214305877685,-0.3086766302585602,-0.1104165613651275,-0.4009558856487274,0.3755174279212951,1.0586365461349487,-0.69407057762146,0.3782074749469757,-0.9081338047981262,-0.5527552962303162,-0.1388085484504699,-0.1920015960931778,0.0875670760869979,-0.8221295475959778,-0.3547230660915375,0.0455889664590358,0.100279651582241,-0.4144933223724365,0.1088500693440437,0.3550724685192108,-0.2159822881221771,-0.3159510493278503,-0.813616156578064,0.1168316379189491,0.7964914441108704,-0.5838242173194885,-0.3934233486652374,0.060257464647293,0.1438681185245514,0.7519621849060059,-0.8378763198852539,-0.4993960857391357,-0.388970673084259,-0.1639347821474075,-0.7298585176467896,-0.0774035155773162,0.1874646097421646,-0.6804988384246826,0.2744324803352356,0.0274815335869789,-0.2773340940475464,-0.6969039440155029,-0.2621581554412842,-0.1018723174929618,-0.5727987289428711,0.2523036897182464,0.1731978803873062,-0.2328196913003921,0.108727253973484,-0.1145984902977943,0.3019725382328033,0.7329968214035034,-0.3828904032707214,0.8873105049133301,0.0118421558290719,0.352819412946701,-0.810456395149231,0.5460114479064941,-0.7754442095756531,0.2387319207191467,-0.7294042706489563,-0.6843485832214355,-0.7158702611923218,-0.5920957326889038,-0.4448314309120178,0.6941059827804565,1.415650486946106,0.5825144052505493,-0.6701879501342773,0.2146046459674835,-0.1199929490685463,-0.4598611295223236,-0.5141260623931885,0.0787957608699798,0.0287131275981664,-1.562509536743164,-0.1510507017374038,0.1109620109200477,-0.5994253754615784,1.3839061260223389,-0.1814644634723663,-0.5518447160720825,-0.2039219886064529,0.4202861785888672,0.3994800150394439,-0.4896880388259887,0.0579875633120536,0.6398654580116272,0.2553820610046386,0.8101413249969482,-0.274228572845459,0.0906463786959648,0.1436778157949447,0.1233146637678146,0.0946904346346855,0.4151434302330017,0.4983032047748565,0.0801388993859291,0.8776180744171143,-0.6998874545097351,-0.6978878974914551,-0.6231597661972046,0.3570880591869354,0.1529397666454315,0.689155638217926,0.2196631878614425,0.7957811951637268,0.6500939130783081,-0.1513335853815078,0.0573428571224212,0.8899685144424438,-0.0597225539386272,1.2249330282211304,-0.5518271327018738,0.1374015361070633,-0.7722051739692688,-0.0206141173839569,0.9322041273117064,0.7353374361991882,-0.0895386338233947,-0.1536366045475006,-0.030578788369894,-0.5362865924835205,0.6016854047775269,0.3558008670806885,-0.1032327115535736,0.3825442492961883,0.2989633977413177,-0.4406847059726715,1.0371015071868896,-0.0341293402016162,0.2658805251121521,-0.6539269685745239,-0.0679441913962364,0.7289755940437317,0.4150844812393188,0.0939821302890777,0.7793418169021606,-0.2908057868480682,-0.6848353743553162,-0.1627069562673568,0.4638008773326874,-0.5895224809646606,0.6393943428993225,-0.0029510802123695,-0.5359312891960144,0.7100718021392822,0.655490517616272,0.3547017872333526,0.3587740361690521,-0.5897667407989502,0.1178450062870979,-0.1086761206388473,-0.1629100739955902,0.3958805501461029,0.2954218983650207,0.4053311049938202,0.0414086431264877,-0.8010706305503845,0.4483011364936828,1.3589962720870972,-0.0052117416635155,-0.092074379324913,0.3095720112323761,0.0476359650492668,-0.3680016994476318,0.1139998286962509,0.3104340732097626,-0.2435269206762313,0.2289800196886062,-0.2655230164527893,-0.3084410727024078,-0.1917210221290588,-0.1111677139997482,0.836298406124115,0.1016987338662147,-0.1079253777861595,-0.1257338672876358,-0.0497482158243656,-0.7834899425506592,-0.0943723171949386,-1.2535018920898438,-0.8204447031021118,-0.0228514838963747,0.079421080648899,0.1268144994974136,-0.0876045674085617,-1.0506716966629028,-0.3635828495025635,-0.3436509370803833,-0.780060350894928,-0.2888449728488922,0.2456021755933761,0.4450479447841644,-0.0233513191342353,-0.6451221704483032,-0.3198616802692413,0.4667545855045318,0.4408571124076843,0.2822818756103515,0.2906259596347809,-0.4739277958869934,-0.2051218152046203,-0.0680044218897819,0.5647624731063843,-0.0696877837181091,-0.4178608059883117,-9.239850997924805,0.4858905375003814,-0.6960218548774719,-0.0361793711781501,-0.2908546030521393,0.1097744330763816,0.7458534836769104,0.9021535515785216,-0.8397974967956543,0.8337070345878601,-0.4177514016628265,0.3903300762176513,0.6950947642326355,0.6229278445243835,-0.6647345423698425,0.0440518483519554,0.3326362371444702,-0.1166946589946746,0.6179511547088623,-0.1337971836328506,-0.4723475575447082,-0.8308966755867004,0.333613246679306,-0.35804483294487,-0.5387967228889465,0.3511967658996582,0.7182985544204712,0.211320474743843,-0.3411101400852203,0.7431811690330505,-0.708786129951477,0.2283969521522522,-0.0462522357702255,-0.4464648962020874,-0.3448687195777893,0.6354577541351318,0.4750964045524597,0.5005751252174377,-0.6288119554519653,-0.0984638035297393,-0.2708901166915893,0.7006009221076965,0.0804221704602241,0.0824451893568039,-0.1221666112542152,-0.0991153195500373,-0.1915300339460373,-0.0420115441083908,0.9884529113769532,-0.290996104478836,-0.0704822018742561,-0.7775848507881165,0.459912896156311,-0.9610315561294556,-0.3412564992904663,0.0553800277411937,-0.5966173410415649,-0.8167950510978699,-0.3448605835437774,0.1789460480213165,0.4906902015209198,0.3579187393188476,0.6264480352401733,0.1931654512882232,0.0191162060946226,0.154929056763649,0.4830325841903686,0.4936136901378631,-0.3643776178359985,-0.4921980798244476,-0.0711397528648376,0.0291632562875747,-0.4733636081218719,-0.1612384468317031,-0.1430217027664184,0.0011700104223564,-0.6814314723014832,-0.2017345577478408,0.7151430249214172,-0.0283666495233774,1.094463586807251,-0.1716654151678085,0.0287442691624164,-0.3106435239315033,0.1182713881134986,0.03754448518157,0.8500673770904541,0.6016170382499695,-0.007225947920233,-0.7786552309989929,0.437221348285675,0.5968304872512817,0.606789231300354,0.6270705461502075,0.1220488622784614,0.0347596146166324,0.8286532759666443,-0.122065931558609,0.8150589466094971,0.1964781284332275,0
0.3761236071586609,0.5581277012825012,0.5023878812789917,-0.4190848767757416,-0.237189769744873,0.2639411091804504,0.6226903796195984,-0.0525488890707492,-0.068571001291275,-0.2778314054012298,0.6024829149246216,-0.3194392323493957,-0.5275475978851318,0.2913360893726349,0.2926835119724273,0.0338352844119071,-0.1415626108646392,-0.0733345225453376,0.0160451028496027,0.1535545438528061,-0.9619926810264589,-0.2220953851938247,-0.1306666880846023,0.4353823065757751,0.16891610622406,-0.4804035723209381,-0.1433467268943786,-0.014533556997776,0.1920612454414367,-0.3707551658153534,-0.3626042902469635,0.4016873836517334,-0.0406456999480724,-0.204421728849411,-0.3865948617458343,0.3591485619544983,-0.1687502712011337,-0.3544642329216003,0.5219178199768066,-0.40271857380867,-0.2105027884244918,-0.2694501280784607,0.0114207724109292,-0.1657165139913559,-0.2775138914585113,0.3814382553100586,0.2568603157997131,0.0267217047512531,0.0294598899781703,0.1081575751304626,-0.0893486589193344,0.1323278993368148,0.3010189235210418,-0.2282762825489044,0.1828676462173462,-0.1680459380149841,0.1248099207878112,-0.5580914616584778,-0.0005691056721843,0.0383068583905696,-0.2618790566921234,-0.4858444631099701,0.3480199575424194,0.0158204492181539,-0.0945382192730903,-0.1675466895103454,-0.0222960859537124,-0.1270031780004501,0.473280668258667,-0.5277357697486877,0.3167333602905273,-0.0449543073773384,-0.0210503730922937,-0.3742827773094177,0.4106357395648956,-0.3164999186992645,0.4657888114452362,0.13236865401268,0.4572530388832092,0.262281596660614,-0.0057403910905122,0.2063523232936859,0.2646770775318146,-0.4870591163635254,-0.1089207381010055,-0.0108710965141654,-0.3441817164421081,-0.597275972366333,0.4214101731777191,-0.0987535491585731,0.1559052467346191,-0.0197323281317949,0.4863318502902984,0.2908581793308258,0.1177781000733375,0.5400353670120239,0.2290735691785812,-0.2343284040689468,-0.2288100719451904,0.1192396059632301,0.2408913820981979,-0.1058815419673919,0.5547375082969666,-0.3066819310188293,-0.2475846111774444,0.2151973694562912,-0.7521737217903137,0.5418626666069031,0.1133144274353981,0.0563225857913494,-0.2412148267030716,-0.4831386804580688,-0.5511255860328674,-0.4615779221057892,0.4591332972049713,0.0416004620492458,-0.0021095946431159,0.4593912959098816,-0.4817355871200561,0.3500966727733612,0.2283358424901962,0.494771271944046,-0.4684691429138183,-0.3663259446620941,0.0489499866962432,0.5004726648330688,0.358897864818573,0.2288083285093307,-0.0426733642816543,-0.0414143875241279,-0.1161916851997375,-0.0162242725491523,-0.087548092007637,0.1478495597839355,0.0398390814661979,0.7089492082595825,0.3355925977230072,-0.0915078669786453,0.1064340621232986,-0.5675722360610962,-0.2371576428413391,-0.2612515687942505,0.3699445426464081,-0.3385297954082489,0.0881510898470878,0.1163989081978797,-0.0743121206760406,-0.4870465099811554,0.4609293043613434,0.0185444429516792,0.0216143410652875,1.004985213279724,-0.42026087641716,0.1939533948898315,0.1488787680864334,0.4483642578125,-0.9046306014060974,-0.0090470472350716,0.0988406389951706,-0.0487338900566101,0.2583885490894317,-0.4934423565864563,0.0756338089704513,0.7775411605834961,0.1257815659046173,0.3216015100479126,0.345175951719284,-0.2161674052476883,-0.0376197770237922,0.4849214553833008,0.3525926172733307,0.5578527450561523,0.3644562363624573,-0.3435335755348205,-0.3224125504493713,0.1981877386569976,0.4569176733493805,0.4310328066349029,0.0299483388662338,-0.1080267354846,0.2510737180709839,-0.0104500716552138,0.2854707241058349,-0.608836829662323,0.4830351769924164,-0.1759166419506073,0.3272300362586975,-0.1336514502763748,-0.2294946610927581,-0.1795815080404281,-0.2651117444038391,-0.3098511099815368,0.2140791863203048,-0.4298804104328155,-0.1873537451028823,-0.6797065734863281,0.3188259601593017,0.223419189453125,-0.7298231720924377,0.4962486624717712,0.5428958535194397,-0.1130151152610778,-0.1101062521338462,-0.9312567114830016,-1.0159671306610107,-0.5897842645645142,-0.0901478826999664,0.4389148354530334,0.3511314988136291,0.4694721102714538,-0.3295157253742218,-0.0504175759851932,0.5699762105941772,0.3248844146728515,0.1815303862094879,-0.0307547375559806,-0.3163550794124603,-0.2442601025104522,0.0384279862046241,-0.4497099816799164,0.0196308568120002,-0.0870598778128624,0.5205919742584229,0.1590271443128585,0.0209660157561302,0.6388189196586609,0.0454602763056755,-0.0732677802443504,-0.2996266484260559,0.6670637130737305,-0.5270677804946899,-0.8736523985862732,-0.3742557168006897,-0.1668827086687088,-0.3335505425930023,-0.0560181625187397,-0.2278944849967956,0.1087978556752204,-0.2488002479076385,0.260280579328537,-0.076645441353321,-0.3636312186717987,0.4100163280963897,-0.4444346725940704,0.0869618654251098,0.3297158479690552,-0.0811166688799858,0.2812588214874267,-0.1781292706727981,0.0437347777187824,-0.5392847061157227,-0.4325569570064544,-0.2052968591451645,-0.4575991928577423,0.5293582677841187,0.4048460125923157,0.3397455215454101,-0.315350741147995,0.1880669891834259,-0.3405375778675079,-0.3041928112506866,-0.4914471507072449,-0.4475565254688263,-0.2487741112709045,0.1103201285004615,0.1844082623720169,-0.2079163640737533,-0.5588880181312561,-0.5085828900337219,-0.8609366416931152,0.2731040120124817,-0.5348182916641235,0.2110779285430908,0.03212596103549,-0.0944452509284019,0.0986703559756279,-0.4730581045150757,0.2536759376525879,-0.3520472943782806,0.0244915708899498,-0.6169869303703308,0.2159323990345001,-0.5433611273765564,0.0374430380761623,0.1320859789848327,0.2094132155179977,-0.2320721298456192,-0.1456568241119384,-0.4621908664703369,0.6132236123085022,0.1895307749509811,-0.4675927460193634,-0.506873607635498,0.0359303317964077,-0.9368267059326172,0.1440406888723373,0.6216996908187866,-0.0154900439083576,0.5802783370018005,-0.1342161297798156,0.4401788115501404,0.4701883196830749,0.0584952980279922,-0.3239523470401764,-0.0286226049065589,-0.6569550037384033,0.1987784206867218,0.0028712325729429,0.4836247265338897,-0.2267333567142486,0.1052750572562217,0.806576132774353,-0.1655691266059875,0.1216228455305099,0.1517003029584884,0.5016454458236694,-2.010338306427002,0.0107708815485239,0.2655082046985626,0.2247659862041473,-0.1630571484565735,-0.1702334582805633,0.7002928256988525,0.488029271364212,-0.5387812256813049,-0.4934167265892029,0.8667480945587158,-0.2190043926239013,-0.103013165295124,-0.1376098990440368,0.3959889411926269,-0.1843910664319992,0.0194543413817882,-0.447420060634613,0.1148416623473167,0.3735930025577545,-0.1856247335672378,0.0652813836932182,0.1168286949396133,-0.3635412752628326,-0.1739668697118759,0.1070848181843757,-0.4033336341381073,-0.2593881487846374,-0.4577696025371551,-0.3283284604549408,0.1173820942640304,0.976281762123108,0.5805339217185974,0.4649163782596588,-0.7548166513442993,-0.3478610515594482,-0.0201463848352432,0.2722406685352325,0.1869398653507232,0.0035315942950546,-0.0366815216839313,-0.230995237827301,0.3321556448936462,-0.0099434368312358,0.3429545164108276,-0.6072664856910706,-0.3816192150115967,0.3585444986820221,-0.1754076778888702,0.0545424483716487,0.6291162371635437,0.2264150530099868,0.0340126380324363,0.5867146253585815,0.5884144306182861,0.290572315454483,0.0095954407006502,-0.4250201880931854,0.0195517111569643,-0.1328060626983642,0.0520020723342895,-0.3633708953857422,-0.1432031840085983,0.4932225942611694,0.09024578332901,0.1149082407355308,0.0075519173406064,-0.4179743230342865,0.247008815407753,-0.4932028353214264,-0.1338894218206405,-0.0846770480275154,0.3229777812957763,-0.4544311761856079,0.2871257066726684,0.161736786365509,0.4530143737792969,-0.6611164212226868,-0.3096636235713959,0.0822263807058334,0.0101828314363956,0.2347609102725982,0.0417708605527877,0.3137062788009643,-0.1476553529500961,-0.4279979467391968,-0.1957435309886932,-0.7584076523780823,-0.4392496347427368,-0.4049168825149536,-0.6980710625648499,-0.0459249876439571,-0.0224016346037387,0.3416465520858764,-0.3145398497581482,0.0957275331020355,-0.1539794355630874,0.1886112987995147,-0.3101312816143036,-0.4375801086425781,-0.0502686686813831,0.6750075817108154,0.3817387223243713,0.6721209287643433,0.188597947359085,0.0825444906949997,0.460392415523529,0.3004414737224579,-0.2067600339651107,-0.1605687141418457,-0.5301331877708435,-0.4520013630390167,0.6264333128929138,-0.0275243408977985,-0.054679300636053,-0.119618684053421,0.13250432908535,0.5790992975234985,-0.4772233068943023,-0.7479684352874756,0.3379632532596588,0.5313045978546143,-0.1839143931865692,0.2524302899837494,0.2331270426511764,0.4999594688415527,0.0002359804930165,-0.0578771047294139,-0.0865561738610267,0.3894130289554596,0.0513037517666816,-0.345640480518341,-0.0428915098309516,0.0773789659142494,0.6115530729293823,0.5112097859382629,0.0381627790629863,0.4906448125839233,0.2366556674242019,0.3920589387416839,-0.5822783708572388,0.209018737077713,0.302609771490097,0.193195566534996,-0.3532524108886719,0.139111116528511,-0.1902752965688705,-0.3026885092258453,-0.0397372916340827,-0.1416692584753036,0.6447283029556274,0.1371727138757705,0.2062423080205917,-0.3608681559562683,-0.7189966440200806,-0.2399959713220596,-0.4074289202690124,-0.3307540416717529,-0.0660566911101341,0.2719713747501373,0.4581282138824463,0.118239939212799,-0.8788576126098633,0.5593600273132324,-0.0837336555123329,0.1502098739147186,0.2557059526443481,-0.2491641193628311,-0.1685128808021545,-0.1336662918329239,-0.0361298359930515,-0.6078077554702759,0.4930944442749023,0.0243985932320356,-0.3069387972354889,-0.5307114124298096,0.1336443126201629,-0.0141461584717035,0.3704252541065216,-0.5822080373764038,0.5070162415504456,0.2096255272626876,-0.7917040586471558,-0.0010591053869575,-0.1394703239202499,-0.2039565593004226,-0.1180969253182411,-0.3700939118862152,0.1120869740843772,-0.0892886742949485,0.0798018351197242,0.7284332513809204,0.3424468040466308,-0.1046828925609588,-0.102917268872261,0.6312653422355652,0.4017090499401092,-0.2031125575304031,-0.2319646030664444,-0.2272583544254303,-0.4848710000514984,-0.3049039840698242,-0.164748728275299,0.0684426873922348,0.2040161490440368,-0.357604056596756,-0.4981513321399688,-0.6298779249191284,0.0293831303715705,-1.0444624423980713,0.6374733448028564,-0.3280293643474579,0.2963383793830871,-0.7227250933647156,0.0965472087264061,-0.2329290807247162,-0.0710023716092109,0.0846583545207977,0.3193370699882507,-0.1204009726643562,-0.8733419179916382,-0.0061788228340446,-0.0042666578665375,-0.6014828681945801,0.7321967482566833,0.182781234383583,-0.5028519630432129,0.1899725347757339,0.3957028687000274,0.4287494719028473,-0.0772369503974914,0.2773495614528656,-0.5080941915512085,0.1807525604963302,-0.0093154264613986,-0.2135239690542221,0.2326081693172454,0.096884861588478,-0.077802188694477,-0.1938802897930145,0.7509496808052063,0.4459448456764221,0.8106203675270081,0.4533785283565521,-0.3912650942802429,0.0229769963771104,-0.4290740191936493,0.1583955585956573,-0.0805262774229049,0.7788342237472534,-0.1059243977069854,0.7477768659591675,0.3190858066082001,-0.7063279151916504,0.3783222436904907,1.1531046628952026,-0.2439856976270675,0.5217062830924988,-0.121252067387104,0.0208300054073333,-0.6504965424537659,0.0728494897484779,0.2166302949190139,0.116782858967781,-0.1794222742319107,0.0741716921329498,-0.3508969247341156,-0.3323245644569397,0.1467341929674148,0.0333259142935276,-0.0514929741621017,0.2894505262374878,0.2815490365028381,-0.2590599656105041,0.900873601436615,0.7946252822875977,-0.2125592827796936,-0.0457698032259941,0.0650607794523239,0.516819179058075,0.563714325428009,-0.2679072022438049,0.3500625491142273,-0.2406273782253265,-0.7548664212226868,0.4071339964866638,0.2877748906612396,0.2268942296504974,0.8403952717781067,-0.4811427891254425,-0.055789116770029,0.7074418663978577,0.490463376045227,0.0003124889626633,-0.2580097019672394,-0.6500214338302612,0.2500659525394439,0.0473876260221004,-0.0966321006417274,0.3590207695960998,0.0491607338190078,0.293560653924942,-0.0483907721936702,-0.1418974250555038,0.1559731811285019,0.8096100687980652,-0.205154687166214,0.1158513277769088,0.0840430781245231,-0.0837096720933914,-0.0607960820198059,0.1385279148817062,0.2898886501789093,-0.0952045619487762,-0.4355098307132721,0.43740114569664,-0.3816998600959778,0.0732257142663002,-0.4902267456054687,0.4042629301548004,0.1201228871941566,-0.0157380364835262,0.2576694786548614,-0.3860392570495605,0.2527630925178528,-0.3585950136184692,-0.8541034460067749,0.2488639205694198,0.3437736928462982,0.3625906407833099,0.3062231242656708,0.0518469586968421,-0.4738022983074188,-0.5843587517738342,0.0599474310874938,0.3292888104915619,-0.2089623808860778,-0.6028973460197449,0.7598887085914612,-0.1350541561841964,-0.2292216122150421,-1.315617918968201,0.1235142722725868,0.3366289138793945,0.3151494264602661,-0.188331052660942,0.6845226883888245,0.0464595593512058,0.048291303217411,-0.1774201244115829,-0.445265382528305,0.1857555955648422,-10.341691970825195,-0.0117195779457688,-0.4323802292346954,-0.2784017026424408,-0.497852474451065,-0.1246446892619133,0.6701638102531433,0.6445551514625549,-0.0551097020506858,0.3895603716373443,0.009255782701075,0.1367779821157455,0.2642787098884582,0.1692161858081817,-0.0109164658933877,-0.1010560244321823,-0.3044008612632751,0.1381528675556183,-0.0639832019805908,-0.3097392618656158,-0.1038342416286468,-0.1027206555008888,0.4419789612293243,0.2276911735534668,0.1547942906618118,-0.5049324035644531,0.4353142380714416,0.5598000288009644,-0.1142355129122734,0.3214970529079437,-0.9949598908424376,0.1674412190914154,0.0273501276969909,0.1471401154994964,-0.2549222111701965,-0.1128465086221695,-0.1335199028253555,0.1118322759866714,-0.1574645489454269,0.604668915271759,0.2068646401166916,0.2896646559238434,0.1217118725180625,0.1612893044948578,0.2298452109098434,0.0882808193564415,0.0506726950407028,0.2461097836494445,0.4981678426265716,0.0187578909099102,-0.4539493322372436,0.1163975074887275,0.0867422148585319,-0.1764035671949386,0.1693393290042877,0.1073748990893364,0.5127979516983032,-0.889742374420166,-0.1658309698104858,0.0863249078392982,0.1350072771310806,0.1900462508201599,0.5003310441970825,0.5184159874916077,-0.2768354713916778,0.839332640171051,0.2057040482759475,0.2888502180576324,-1.0420101881027222,0.3466793000698089,0.134575605392456,0.5553558468818665,-0.1864755749702453,0.1635509878396988,-0.117836982011795,0.6282227039337158,0.0171266589313745,-0.1654938608407974,0.3351868689060211,0.0056188432499766,0.2740504145622253,-0.2293682247400283,0.1956679373979568,0.1185269653797149,-0.6136970520019531,0.1522912383079528,0.1671563684940338,-0.0796797424554824,0.2432388812303543,-0.7361330986022949,0.4661961495876312,-0.2530403137207031,-0.5528477430343628,0.6038634181022644,0.2626257240772247,-0.4659341871738434,-0.3366899490356445,0.018636018037796,0.2035904824733734,-0.3351907134056091,0
0.2505481839179992,0.4489372670650482,0.1492974162101745,-0.5586414337158203,-0.0013604935957118,0.0918458104133606,0.3721223175525665,-0.0234025865793228,0.0832772254943847,-0.4972952902317047,0.922433853149414,0.0710767582058906,-0.3678937554359436,-0.0582557208836078,0.4592601954936981,0.0477102994918823,0.3026152551174164,-0.0985034108161926,-0.3389739096164703,-0.3084463775157928,-0.4294740259647369,-0.4628788530826568,0.0032123664859682,0.1254025250673294,0.4180895090103149,-0.4004127383232116,-0.0911752507090568,0.2276809960603714,-0.1435918509960174,-0.1566646099090576,-0.3757165074348449,-0.3744196891784668,-0.1879740059375763,-0.2184703797101974,-0.278684914112091,0.8278489112854004,0.1410537958145141,-0.2761842608451843,0.0495626181364059,-0.0305525045841932,-0.2750777900218963,-0.103702962398529,0.1346310377120971,-0.2775102853775024,-0.3408503830432892,0.5337256789207458,0.0850845575332641,0.2999982237815857,0.3017307221889496,-0.0298516284674406,-0.4111286401748657,0.4123713672161102,0.2305360287427902,-0.0554429590702056,-0.0002612370881251,-0.1306027173995971,-0.1068493500351905,-0.177051767706871,0.1526751071214676,-0.0106077278032898,-0.080419547855854,-0.2179279178380966,0.1381518840789795,-0.0645262748003006,-0.4898168444633484,-0.2554144263267517,0.0158404614776372,0.0089113507419824,-0.1771092265844345,-0.5936737656593323,-0.3995041847229004,0.2752134203910827,0.1364410668611526,-0.409847617149353,0.4420993030071258,-0.3259541392326355,0.3144108355045318,-0.1611713469028473,-0.1378859132528305,-0.1059435307979583,-0.2272272706031799,0.4182016253471374,-0.1328671723604202,-0.6189823150634766,0.1171788424253463,0.0059523768723011,0.1065851971507072,-0.4834829270839691,0.3780913650989532,-0.5386707186698914,-0.3544098436832428,0.272403359413147,0.5725651383399963,0.3448121547698974,-0.2858032286167145,0.0702245160937309,0.1583373248577118,-0.2321749329566955,-0.2503252625465393,-0.1264444589614868,0.5010859966278076,-0.3914403915405273,0.1215318441390991,-0.1627832204103469,-0.1635713726282119,0.1289453953504562,-0.4897728264331817,0.5729210376739502,-0.0315574333071708,-0.1191677451133728,-0.2018569260835647,-0.2577365636825561,-0.3563779592514038,0.4040128290653229,-0.2662290036678314,-0.1149513870477676,-0.1682388335466385,0.3997953832149505,-0.2984249293804168,0.1948220431804657,0.2346782982349395,0.2928614318370819,0.0676141455769538,0.1553054451942443,-0.0961431860923767,0.5456915497779846,-0.2279289662837982,-0.0558218955993652,0.0611917041242122,-0.2349888235330581,0.2706878185272217,0.0724034383893013,-0.3393912613391876,-0.1392006874084472,-0.5784204006195068,0.2526203095912933,-0.155659407377243,0.0599726513028144,-0.0823525488376617,-0.5838775634765625,0.047910239547491,-0.2668199837207794,0.2308844178915023,0.1897561997175216,0.0472326166927814,0.0304461829364299,0.4092461466789245,-0.2077170759439468,0.446753054857254,0.1353139877319336,-0.0519040711224079,0.783359169960022,-0.3722396194934845,-0.2989800870418548,-0.2798097133636474,0.042486522346735,-0.3434524536132812,0.0400078408420085,0.0653272718191146,0.4727227985858917,0.2746033072471618,-0.6966155767440796,0.0782220959663391,0.4430415630340576,0.2624966502189636,0.7815207242965698,0.1209591776132583,-0.0958712175488472,-0.0241772830486297,0.5504213571548462,0.2618978321552276,0.4256070256233215,0.1255105286836624,-0.5663151741027832,0.2344573885202407,0.5653722882270813,0.1362340450286865,0.1511902064085006,0.2922266721725464,-0.4613509178161621,0.1085969433188438,-0.4493367969989776,-0.2269296944141388,-0.4779540002346039,0.5775596499443054,-0.1593138724565506,-0.1407499462366104,0.0492161028087139,0.0404408201575279,0.0006456886767409,-0.5783886313438416,0.0301188584417104,0.5472155809402466,-0.4307481944561004,-0.0494826287031173,-0.1220207810401916,-0.0579941235482692,-0.3472139537334442,-0.1853754818439483,0.5233907103538513,-0.0871587991714477,0.2898628711700439,-0.2703546583652496,-0.2009024322032928,-1.124642014503479,-0.222978800535202,0.2935783565044403,0.4990005493164062,0.2641696035861969,0.1191057860851287,-0.4838886857032776,0.2278601378202438,0.4431247413158417,0.4852368533611297,0.0213789027184247,0.0502767190337181,-0.2780689299106598,0.179585114121437,0.3599025011062622,-0.5641339421272278,0.0423757135868072,-0.1109554767608642,0.0774233862757682,0.3421428501605987,-0.2297710478305816,-0.103759691119194,-0.0296202395111322,0.0609361641108989,-0.1472322195768356,0.7782184481620789,0.2733465433120727,-0.0964207574725151,-0.5749717950820923,-0.4450890123844147,-0.9197883009910583,0.2412146925926208,-0.1610824167728424,0.22455695271492,0.3092661798000335,0.297025203704834,0.2582457661628723,-0.2680031061172485,-0.1428358107805252,-0.2700835466384887,-0.2408133894205093,0.3363486230373382,0.1937740296125412,-0.1581805199384689,-0.5909778475761414,0.3315999209880829,-0.5108320713043213,-0.2683800160884857,0.6358513236045837,-0.1435994505882263,0.5744237899780273,0.1409382820129394,0.4897727072238922,-0.0853540748357772,-0.1874617785215377,-0.0955950766801834,0.0436156764626503,-0.4138393998146057,-0.1069721728563308,-0.2344851791858673,0.0109996134415268,0.1046502217650413,0.0584264323115348,-0.636326253414154,-0.0737071558833122,-0.3163428604602813,0.1024644523859024,-0.5688919425010681,-0.0704476460814476,0.230291873216629,-0.3569014072418213,0.250668466091156,-0.1041097939014434,0.3356075882911682,-0.2991388738155365,-0.0898166894912719,-1.0346769094467163,0.462022066116333,-0.7326732873916626,0.3542755842208862,0.1198809146881103,-0.1020419746637344,-0.0654364451766014,-0.1256033927202224,-0.1999105513095855,0.5118235349655151,0.1648826599121093,-0.2880998849868774,-0.5125777721405029,-0.0331790335476398,-0.1484315097332,0.0892459005117416,0.1570788919925689,-0.2203528583049774,0.0077931177802383,0.118221990764141,0.5483359098434448,0.1169387027621269,0.1514610946178436,-0.168676421046257,-0.3166066408157348,-0.8211398720741272,-0.174249917268753,0.1659409701824188,0.6097294688224792,-0.3898724913597107,-0.1515483856201172,1.065920114517212,-0.1712241768836975,-0.2753693759441376,0.2073781341314315,0.4925227761268616,-1.4006301164627075,0.1897653192281723,0.588225245475769,0.0082712536677718,0.0532373040914535,0.3261024951934814,0.305587887763977,0.3564168214797973,-0.5224007368087769,-0.0392370522022247,0.3144610822200775,0.3735979497432709,-0.0036170836538076,-0.3670718371868133,0.3963320851325989,-0.0700402110815048,0.0745707526803016,-0.612056314945221,-0.3191026151180267,0.4119139909744262,-0.0874440968036651,0.0874632224440574,-0.0170665271580219,-0.3100562393665313,0.0694663971662521,-0.2886847555637359,0.2692031264305115,-0.325777143239975,-0.2060827612876892,-0.2726702988147735,0.2635100781917572,0.449198842048645,0.661635160446167,0.5164912939071655,0.3551589548587799,0.2686977684497833,0.4473485052585602,0.3802987933158874,0.4603124260902405,0.3109914064407348,-0.1063156351447105,0.0195352584123611,0.5475675463676453,0.3219617009162903,0.2603946328163147,-0.0276618730276823,-0.2409785836935043,0.6404382586479187,-0.0342877991497516,0.4841922223567962,0.4391713440418243,0.6220520734786987,0.3925226628780365,0.2461102455854416,0.4162329435348511,-0.1992395222187042,-0.1421195566654205,-0.3447634279727936,0.2172411680221557,-0.2869605720043182,-0.159542977809906,-0.1537368595600128,0.2500409781932831,-0.1458094269037246,-0.51259446144104,0.1407272219657898,-0.4438359141349792,-0.0136881181970238,0.1929426491260528,-0.2214354574680328,-0.5873409509658813,-0.4135623872280121,-0.4071406424045563,-0.5993702411651611,0.487648457288742,0.2242782115936279,0.1675911098718643,-0.5403475761413574,0.1199017167091369,0.1179696023464202,0.1697641909122467,-0.1759710162878036,0.0114829167723655,-0.1525502800941467,0.0282090436667203,-0.1229961067438125,0.0094847762957215,-0.6527937650680542,-0.4276649355888366,-0.5186935663223267,-0.8451845645904541,-0.1182984411716461,0.1161651164293289,0.3922761380672455,-0.0325253829360008,0.1955144107341766,0.1770944148302078,0.2159095853567123,-0.2994886338710785,-0.1859803646802902,-0.8119920492172241,-0.0156768765300512,0.2146668434143066,0.2322666496038437,0.232969045639038,0.1962420046329498,0.1099632307887077,-0.0482075437903404,-0.2861345410346985,-0.012153910472989,-0.2400132715702057,-0.2711018323898315,0.9789894223213196,-0.2605230808258056,0.4552047252655029,-0.1963374316692352,0.1221195682883262,0.3167569637298584,-0.1554841697216034,-0.112817458808422,-0.0907303839921951,0.4706625342369079,-0.1368854939937591,-0.1007928028702735,0.0552294701337814,0.4654022455215454,-0.323762983083725,0.1653086394071579,-0.0653367415070533,0.1071037575602531,0.2053379118442535,-0.0762300416827201,-0.1510095745325088,-0.2405013442039489,0.1477335095405578,0.2341473698616027,0.2862294316291809,0.2517187595367431,0.2906464636325836,0.603635311126709,0.0465304367244243,0.2981800138950348,0.2586971819400787,0.7238072156906128,-0.2899322211742401,-0.2150292694568634,-0.4939345717430115,-0.0892949178814888,-0.4694490730762481,-0.1574169397354126,0.5626305937767029,-0.2203343510627746,0.2118527293205261,-0.1339785903692245,-0.6529372930526733,-0.0651318654417991,0.0051952362991869,0.0690673440694809,0.0703841000795364,0.3648920953273773,0.4399062097072601,-0.0126997204497456,-0.6327009201049805,0.5944579839706421,-0.3083150088787079,0.5145155787467957,0.3459455370903015,-0.5750617384910583,-0.2742610871791839,-0.0764722600579261,0.0789083093404769,0.0509687885642051,0.2437104284763336,0.5642279982566833,-0.3491406440734863,-1.0541503429412842,-0.1875897049903869,0.253937304019928,-0.1902288049459457,-0.4174838066101074,0.2181191146373748,0.1227318570017814,-0.9403929114341736,-0.6611847281455994,-0.3907082676887512,-0.2368012964725494,-0.0750048086047172,-0.9417609572410583,0.2107371240854263,0.0918762311339378,-0.0685869976878166,0.4357554912567138,0.0065562450326979,0.0523173697292804,0.2633278965950012,0.4124357998371124,0.32712522149086,-0.5278412699699402,-0.0882996395230293,0.1802866458892822,-0.0107608418911695,0.0757314711809158,0.4335595369338989,0.0022350514773279,0.1346089839935302,-0.0360789820551872,-0.6570267677307129,-0.1326983571052551,-0.3951635062694549,-0.8622023463249207,0.3906485438346863,-0.0485257804393768,0.2440661787986755,-0.4389907419681549,0.3586048185825348,-0.2363224476575851,0.0419668890535831,0.1436831504106521,0.0125273689627647,0.0706452205777168,-0.6102577447891235,0.3147449195384979,-0.4907277226448059,-0.4119032323360443,0.8037401437759399,0.6327239871025085,-0.277031272649765,0.0262137148529291,0.3444098234176636,0.0450162589550018,-0.3139759302139282,0.0423781313002109,-0.0282185282558202,-0.0554161630570888,-0.1430779546499252,0.2068943828344345,0.3075024485588074,0.0210439786314964,-0.2298358529806137,-0.2397428303956985,0.5746675133705139,0.4281243979930877,0.2773855924606323,-0.1015438437461853,-0.0849071964621543,-0.2149445414543151,-0.3835354745388031,0.1777462214231491,0.1371704339981079,0.6504777669906616,-0.1978227198123932,0.90113627910614,-0.1241719648241996,-0.3456954061985016,0.2918019294738769,0.6946764588356018,-0.100216694176197,0.2651370167732239,0.1185874417424202,0.1118910908699035,-0.889651358127594,0.1925767362117767,-0.256352037191391,0.2200701981782913,0.1242488473653793,0.4356253743171692,0.467876672744751,-0.6214590072631836,-0.260323166847229,-0.1672984957695007,0.1883513331413269,0.0608341209590435,0.5436148047447205,-0.025854293256998,0.0934903025627136,0.2462126761674881,-0.1927277445793151,-0.0298794582486152,0.1243695616722107,0.0780878812074661,0.8339083194732666,0.2224399149417877,0.0871190205216407,-0.2118162512779235,-0.8105356693267822,0.3458636999130249,-0.0689836740493774,0.018697315827012,0.4625156223773956,-0.282231330871582,0.1249693036079406,0.3071497082710266,0.6096946001052856,0.1468066424131393,-0.2993062138557434,-0.793890118598938,0.1002339199185371,-0.0204421188682317,-0.0992076396942138,0.2560797929763794,-0.0415349118411541,0.3648510277271271,0.203915536403656,-0.1634592562913894,0.0352919995784759,0.5447142124176025,-0.1733648031949997,0.0036587237846106,0.304246574640274,0.1871929317712783,-0.4307031333446502,0.0009281226666644,-0.2076293379068374,-0.4050754308700561,-0.4266373217105865,-0.2039306312799453,-0.2270745187997818,-0.0535288043320179,-0.1840565502643585,-0.0797881931066513,0.2254985123872757,0.1304506063461303,-0.1006392464041709,-0.3923006653785705,-0.3506778478622436,0.5158728361129761,-0.7764759063720703,-0.1357771307229995,-0.1237556636333465,0.0765950009226799,-0.1074878200888633,-0.0110861044377088,-0.3666615784168243,-0.1664658933877945,-0.1050653979182243,0.1489000916481018,0.0398935228586196,-0.416027158498764,0.2048544883728027,0.2299579083919525,-0.1175116971135139,-0.788458526134491,0.1993530094623565,-0.0932439640164375,0.6569687724113464,-0.1900956332683563,0.2818269431591034,-0.2750597894191742,0.2358642965555191,-0.3131818175315857,-0.1302007734775543,0.0328198932111263,-10.583672523498535,-0.0490938015282154,-0.445158988237381,-0.1263294517993927,-0.4172158241271972,0.4067028164863586,0.6914451718330383,0.2893685698509216,-0.4186541438102722,0.0356551110744476,0.3733002245426178,0.3360385596752167,0.267772227525711,0.3577016592025757,-0.6444789171218872,-0.2057143747806549,0.1316499561071396,-0.0891802087426185,-0.1396465450525283,-0.2161887139081955,0.2653757333755493,-0.0017534146318212,0.2895424365997314,0.6346953511238098,0.0794324725866317,-0.5257126092910767,-0.4686369895935058,0.2963267862796783,0.0342756062746048,0.2951556444168091,-0.3470078706741333,0.142052948474884,0.0479567125439643,0.319089412689209,-0.3116777241230011,-0.2718498408794403,-0.1247318685054779,0.3276664912700653,0.1142612621188163,0.191989004611969,0.2599020004272461,0.657625675201416,0.285983681678772,0.0854373276233673,0.2722641825675964,0.4464370608329773,0.5172173380851746,0.294055163860321,0.6834058165550232,-0.0487478226423263,0.0203231442719697,0.3268148303031921,-0.1709272563457489,-0.1003255695104599,0.3273875713348388,0.0490538142621517,0.7690467834472656,-0.6563530564308167,-0.44570192694664,0.073697306215763,-0.0454915389418602,0.0713259354233741,0.9178944230079652,0.5181217193603516,0.0308233760297298,-0.0776502043008804,0.312881737947464,0.4847948849201202,-0.5009794235229492,-0.2229619175195694,-0.0355613268911838,0.2150739580392837,0.0117330383509397,-0.0769709050655365,-0.5127115845680237,0.275899589061737,-0.004084981046617,-0.2585968971252441,0.3279469013214111,0.2067940235137939,0.1488009393215179,0.2203200012445449,0.015926444903016,0.1426022797822952,-0.5167419910430908,0.1087146177887916,-0.2099006623029709,0.1725313067436218,0.0848772972822189,-0.4644400477409363,-0.07003665715456,-0.2248544692993164,-0.0309130512177944,0.7703751921653748,0.4164022207260132,-0.0329809635877609,-0.0987273156642913,0.102551057934761,0.5012519955635071,0.0252322237938642,1
0.3761236071586609,0.5581277012825012,0.5023878812789917,-0.4190848767757416,-0.237189769744873,0.2639411091804504,0.6226903796195984,-0.0525488890707492,-0.068571001291275,-0.2778314054012298,0.6024829149246216,-0.3194392323493957,-0.5275475978851318,0.2913360893726349,0.2926835119724273,0.0338352844119071,-0.1415626108646392,-0.0733345225453376,0.0160451028496027,0.1535545438528061,-0.9619926810264589,-0.2220953851938247,-0.1306666880846023,0.4353823065757751,0.16891610622406,-0.4804035723209381,-0.1433467268943786,-0.014533556997776,0.1920612454414367,-0.3707551658153534,-0.3626042902469635,0.4016873836517334,-0.0406456999480724,-0.204421728849411,-0.3865948617458343,0.3591485619544983,-0.1687502712011337,-0.3544642329216003,0.5219178199768066,-0.40271857380867,-0.2105027884244918,-0.2694501280784607,0.0114207724109292,-0.1657165139913559,-0.2775138914585113,0.3814382553100586,0.2568603157997131,0.0267217047512531,0.0294598899781703,0.1081575751304626,-0.0893486589193344,0.1323278993368148,0.3010189235210418,-0.2282762825489044,0.1828676462173462,-0.1680459380149841,0.1248099207878112,-0.5580914616584778,-0.0005691056721843,0.0383068583905696,-0.2618790566921234,-0.4858444631099701,0.3480199575424194,0.0158204492181539,-0.0945382192730903,-0.1675466895103454,-0.0222960859537124,-0.1270031780004501,0.473280668258667,-0.5277357697486877,0.3167333602905273,-0.0449543073773384,-0.0210503730922937,-0.3742827773094177,0.4106357395648956,-0.3164999186992645,0.4657888114452362,0.13236865401268,0.4572530388832092,0.262281596660614,-0.0057403910905122,0.2063523232936859,0.2646770775318146,-0.4870591163635254,-0.1089207381010055,-0.0108710965141654,-0.3441817164421081,-0.597275972366333,0.4214101731777191,-0.0987535491585731,0.1559052467346191,-0.0197323281317949,0.4863318502902984,0.2908581793308258,0.1177781000733375,0.5400353670120239,0.2290735691785812,-0.2343284040689468,-0.2288100719451904,0.1192396059632301,0.2408913820981979,-0.1058815419673919,0.5547375082969666,-0.3066819310188293,-0.2475846111774444,0.2151973694562912,-0.7521737217903137,0.5418626666069031,0.1133144274353981,0.0563225857913494,-0.2412148267030716,-0.4831386804580688,-0.5511255860328674,-0.4615779221057892,0.4591332972049713,0.0416004620492458,-0.0021095946431159,0.4593912959098816,-0.4817355871200561,0.3500966727733612,0.2283358424901962,0.494771271944046,-0.4684691429138183,-0.3663259446620941,0.0489499866962432,0.5004726648330688,0.358897864818573,0.2288083285093307,-0.0426733642816543,-0.0414143875241279,-0.1161916851997375,-0.0162242725491523,-0.087548092007637,0.1478495597839355,0.0398390814661979,0.7089492082595825,0.3355925977230072,-0.0915078669786453,0.1064340621232986,-0.5675722360610962,-0.2371576428413391,-0.2612515687942505,0.3699445426464081,-0.3385297954082489,0.0881510898470878,0.1163989081978797,-0.0743121206760406,-0.4870465099811554,0.4609293043613434,0.0185444429516792,0.0216143410652875,1.004985213279724,-0.42026087641716,0.1939533948898315,0.1488787680864334,0.4483642578125,-0.9046306014060974,-0.0090470472350716,0.0988406389951706,-0.0487338900566101,0.2583885490894317,-0.4934423565864563,0.0756338089704513,0.7775411605834961,0.1257815659046173,0.3216015100479126,0.345175951719284,-0.2161674052476883,-0.0376197770237922,0.4849214553833008,0.3525926172733307,0.5578527450561523,0.3644562363624573,-0.3435335755348205,-0.3224125504493713,0.1981877386569976,0.4569176733493805,0.4310328066349029,0.0299483388662338,-0.1080267354846,0.2510737180709839,-0.0104500716552138,0.2854707241058349,-0.608836829662323,0.4830351769924164,-0.1759166419506073,0.3272300362586975,-0.1336514502763748,-0.2294946610927581,-0.1795815080404281,-0.2651117444038391,-0.3098511099815368,0.2140791863203048,-0.4298804104328155,-0.1873537451028823,-0.6797065734863281,0.3188259601593017,0.223419189453125,-0.7298231720924377,0.4962486624717712,0.5428958535194397,-0.1130151152610778,-0.1101062521338462,-0.9312567114830016,-1.0159671306610107,-0.5897842645645142,-0.0901478826999664,0.4389148354530334,0.3511314988136291,0.4694721102714538,-0.3295157253742218,-0.0504175759851932,0.5699762105941772,0.3248844146728515,0.1815303862094879,-0.0307547375559806,-0.3163550794124603,-0.2442601025104522,0.0384279862046241,-0.4497099816799164,0.0196308568120002,-0.0870598778128624,0.5205919742584229,0.1590271443128585,0.0209660157561302,0.6388189196586609,0.0454602763056755,-0.0732677802443504,-0.2996266484260559,0.6670637130737305,-0.5270677804946899,-0.8736523985862732,-0.3742557168006897,-0.1668827086687088,-0.3335505425930023,-0.0560181625187397,-0.2278944849967956,0.1087978556752204,-0.2488002479076385,0.260280579328537,-0.076645441353321,-0.3636312186717987,0.4100163280963897,-0.4444346725940704,0.0869618654251098,0.3297158479690552,-0.0811166688799858,0.2812588214874267,-0.1781292706727981,0.0437347777187824,-0.5392847061157227,-0.4325569570064544,-0.2052968591451645,-0.4575991928577423,0.5293582677841187,0.4048460125923157,0.3397455215454101,-0.315350741147995,0.1880669891834259,-0.3405375778675079,-0.3041928112506866,-0.4914471507072449,-0.4475565254688263,-0.2487741112709045,0.1103201285004615,0.1844082623720169,-0.2079163640737533,-0.5588880181312561,-0.5085828900337219,-0.8609366416931152,0.2731040120124817,-0.5348182916641235,0.2110779285430908,0.03212596103549,-0.0944452509284019,0.0986703559756279,-0.4730581045150757,0.2536759376525879,-0.3520472943782806,0.0244915708899498,-0.6169869303703308,0.2159323990345001,-0.5433611273765564,0.0374430380761623,0.1320859789848327,0.2094132155179977,-0.2320721298456192,-0.1456568241119384,-0.4621908664703369,0.6132236123085022,0.1895307749509811,-0.4675927460193634,-0.506873607635498,0.0359303317964077,-0.9368267059326172,0.1440406888723373,0.6216996908187866,-0.0154900439083576,0.5802783370018005,-0.1342161297798156,0.4401788115501404,0.4701883196830749,0.0584952980279922,-0.3239523470401764,-0.0286226049065589,-0.6569550037384033,0.1987784206867218,0.0028712325729429,0.4836247265338897,-0.2267333567142486,0.1052750572562217,0.806576132774353,-0.1655691266059875,0.1216228455305099,0.1517003029584884,0.5016454458236694,-2.010338306427002,0.0107708815485239,0.2655082046985626,0.2247659862041473,-0.1630571484565735,-0.1702334582805633,0.7002928256988525,0.488029271364212,-0.5387812256813049,-0.4934167265892029,0.8667480945587158,-0.2190043926239013,-0.103013165295124,-0.1376098990440368,0.3959889411926269,-0.1843910664319992,0.0194543413817882,-0.447420060634613,0.1148416623473167,0.3735930025577545,-0.1856247335672378,0.0652813836932182,0.1168286949396133,-0.3635412752628326,-0.1739668697118759,0.1070848181843757,-0.4033336341381073,-0.2593881487846374,-0.4577696025371551,-0.3283284604549408,0.1173820942640304,0.976281762123108,0.5805339217185974,0.4649163782596588,-0.7548166513442993,-0.3478610515594482,-0.0201463848352432,0.2722406685352325,0.1869398653507232,0.0035315942950546,-0.0366815216839313,-0.230995237827301,0.3321556448936462,-0.0099434368312358,0.3429545164108276,-0.6072664856910706,-0.3816192150115967,0.3585444986820221,-0.1754076778888702,0.0545424483716487,0.6291162371635437,0.2264150530099868,0.0340126380324363,0.5867146253585815,0.5884144306182861,0.290572315454483,0.0095954407006502,-0.4250201880931854,0.0195517111569643,-0.1328060626983642,0.0520020723342895,-0.3633708953857422,-0.1432031840085983,0.4932225942611694,0.09024578332901,0.1149082407355308,0.0075519173406064,-0.4179743230342865,0.247008815407753,-0.4932028353214264,-0.1338894218206405,-0.0846770480275154,0.3229777812957763,-0.4544311761856079,0.2871257066726684,0.161736786365509,0.4530143737792969,-0.6611164212226868,-0.3096636235713959,0.0822263807058334,0.0101828314363956,0.2347609102725982,0.0417708605527877,0.3137062788009643,-0.1476553529500961,-0.4279979467391968,-0.1957435309886932,-0.7584076523780823,-0.4392496347427368,-0.4049168825149536,-0.6980710625648499,-0.0459249876439571,-0.0224016346037387,0.3416465520858764,-0.3145398497581482,0.0957275331020355,-0.1539794355630874,0.1886112987995147,-0.3101312816143036,-0.4375801086425781,-0.0502686686813831,0.6750075817108154,0.3817387223243713,0.6721209287643433,0.188597947359085,0.0825444906949997,0.460392415523529,0.3004414737224579,-0.2067600339651107,-0.1605687141418457,-0.5301331877708435,-0.4520013630390167,0.6264333128929138,-0.0275243408977985,-0.054679300636053,-0.119618684053421,0.13250432908535,0.5790992975234985,-0.4772233068943023,-0.7479684352874756,0.3379632532596588,0.5313045978546143,-0.1839143931865692,0.2524302899837494,0.2331270426511764,0.4999594688415527,0.0002359804930165,-0.0578771047294139,-0.0865561738610267,0.3894130289554596,0.0513037517666816,-0.345640480518341,-0.0428915098309516,0.0773789659142494,0.6115530729293823,0.5112097859382629,0.0381627790629863,0.4906448125839233,0.2366556674242019,0.3920589387416839,-0.5822783708572388,0.209018737077713,0.302609771490097,0.193195566534996,-0.3532524108886719,0.139111116528511,-0.1902752965688705,-0.3026885092258453,-0.0397372916340827,-0.1416692584753036,0.6447283029556274,0.1371727138757705,0.2062423080205917,-0.3608681559562683,-0.7189966440200806,-0.2399959713220596,-0.4074289202690124,-0.3307540416717529,-0.0660566911101341,0.2719713747501373,0.4581282138824463,0.118239939212799,-0.8788576126098633,0.5593600273132324,-0.0837336555123329,0.1502098739147186,0.2557059526443481,-0.2491641193628311,-0.1685128808021545,-0.1336662918329239,-0.0361298359930515,-0.6078077554702759,0.4930944442749023,0.0243985932320356,-0.3069387972354889,-0.5307114124298096,0.1336443126201629,-0.0141461584717035,0.3704252541065216,-0.5822080373764038,0.5070162415504456,0.2096255272626876,-0.7917040586471558,-0.0010591053869575,-0.1394703239202499,-0.2039565593004226,-0.1180969253182411,-0.3700939118862152,0.1120869740843772,-0.0892886742949485,0.0798018351197242,0.7284332513809204,0.3424468040466308,-0.1046828925609588,-0.102917268872261,0.6312653422355652,0.4017090499401092,-0.2031125575304031,-0.2319646030664444,-0.2272583544254303,-0.4848710000514984,-0.3049039840698242,-0.164748728275299,0.0684426873922348,0.2040161490440368,-0.357604056596756,-0.4981513321399688,-0.6298779249191284,0.0293831303715705,-1.0444624423980713,0.6374733448028564,-0.3280293643474579,0.2963383793830871,-0.7227250933647156,0.0965472087264061,-0.2329290807247162,-0.0710023716092109,0.0846583545207977,0.3193370699882507,-0.1204009726643562,-0.8733419179916382,-0.0061788228340446,-0.0042666578665375,-0.6014828681945801,0.7321967482566833,0.182781234383583,-0.5028519630432129,0.1899725347757339,0.3957028687000274,0.4287494719028473,-0.0772369503974914,0.2773495614528656,-0.5080941915512085,0.1807525604963302,-0.0093154264613986,-0.2135239690542221,0.2326081693172454,0.096884861588478,-0.077802188694477,-0.1938802897930145,0.7509496808052063,0.4459448456764221,0.8106203675270081,0.4533785283565521,-0.3912650942802429,0.0229769963771104,-0.4290740191936493,0.1583955585956573,-0.0805262774229049,0.7788342237472534,-0.1059243977069854,0.7477768659591675,0.3190858066082001,-0.7063279151916504,0.3783222436904907,1.1531046628952026,-0.2439856976270675,0.5217062830924988,-0.121252067387104,0.0208300054073333,-0.6504965424537659,0.0728494897484779,0.2166302949190139,0.116782858967781,-0.1794222742319107,0.0741716921329498,-0.3508969247341156,-0.3323245644569397,0.1467341929674148,0.0333259142935276,-0.0514929741621017,0.2894505262374878,0.2815490365028381,-0.2590599656105041,0.900873601436615,0.7946252822875977,-0.2125592827796936,-0.0457698032259941,0.0650607794523239,0.516819179058075,0.563714325428009,-0.2679072022438049,0.3500625491142273,-0.2406273782253265,-0.7548664212226868,0.4071339964866638,0.2877748906612396,0.2268942296504974,0.8403952717781067,-0.4811427891254425,-0.055789116770029,0.7074418663978577,0.490463376045227,0.0003124889626633,-0.2580097019672394,-0.6500214338302612,0.2500659525394439,0.0473876260221004,-0.0966321006417274,0.3590207695960998,0.0491607338190078,0.293560653924942,-0.0483907721936702,-0.1418974250555038,0.1559731811285019,0.8096100687980652,-0.205154687166214,0.1158513277769088,0.0840430781245231,-0.0837096720933914,-0.0607960820198059,0.1385279148817062,0.2898886501789093,-0.0952045619487762,-0.4355098307132721,0.43740114569664,-0.3816998600959778,0.0732257142663002,-0.4902267456054687,0.4042629301548004,0.1201228871941566,-0.0157380364835262,0.2576694786548614,-0.3860392570495605,0.2527630925178528,-0.3585950136184692,-0.8541034460067749,0.2488639205694198,0.3437736928462982,0.3625906407833099,0.3062231242656708,0.0518469586968421,-0.4738022983074188,-0.5843587517738342,0.0599474310874938,0.3292888104915619,-0.2089623808860778,-0.6028973460197449,0.7598887085914612,-0.1350541561841964,-0.2292216122150421,-1.315617918968201,0.1235142722725868,0.3366289138793945,0.3151494264602661,-0.188331052660942,0.6845226883888245,0.0464595593512058,0.048291303217411,-0.1774201244115829,-0.445265382528305,0.1857555955648422,-10.341691970825195,-0.0117195779457688,-0.4323802292346954,-0.2784017026424408,-0.497852474451065,-0.1246446892619133,0.6701638102531433,0.6445551514625549,-0.0551097020506858,0.3895603716373443,0.009255782701075,0.1367779821157455,0.2642787098884582,0.1692161858081817,-0.0109164658933877,-0.1010560244321823,-0.3044008612632751,0.1381528675556183,-0.0639832019805908,-0.3097392618656158,-0.1038342416286468,-0.1027206555008888,0.4419789612293243,0.2276911735534668,0.1547942906618118,-0.5049324035644531,0.4353142380714416,0.5598000288009644,-0.1142355129122734,0.3214970529079437,-0.9949598908424376,0.1674412190914154,0.0273501276969909,0.1471401154994964,-0.2549222111701965,-0.1128465086221695,-0.1335199028253555,0.1118322759866714,-0.1574645489454269,0.604668915271759,0.2068646401166916,0.2896646559238434,0.1217118725180625,0.1612893044948578,0.2298452109098434,0.0882808193564415,0.0506726950407028,0.2461097836494445,0.4981678426265716,0.0187578909099102,-0.4539493322372436,0.1163975074887275,0.0867422148585319,-0.1764035671949386,0.1693393290042877,0.1073748990893364,0.5127979516983032,-0.889742374420166,-0.1658309698104858,0.0863249078392982,0.1350072771310806,0.1900462508201599,0.5003310441970825,0.5184159874916077,-0.2768354713916778,0.839332640171051,0.2057040482759475,0.2888502180576324,-1.0420101881027222,0.3466793000698089,0.134575605392456,0.5553558468818665,-0.1864755749702453,0.1635509878396988,-0.117836982011795,0.6282227039337158,0.0171266589313745,-0.1654938608407974,0.3351868689060211,0.0056188432499766,0.2740504145622253,-0.2293682247400283,0.1956679373979568,0.1185269653797149,-0.6136970520019531,0.1522912383079528,0.1671563684940338,-0.0796797424554824,0.2432388812303543,-0.7361330986022949,0.4661961495876312,-0.2530403137207031,-0.5528477430343628,0.6038634181022644,0.2626257240772247,-0.4659341871738434,-0.3366899490356445,0.018636018037796,0.2035904824733734,-0.3351907134056091,1
0.2505481839179992,0.4489372670650482,0.1492974162101745,-0.5586414337158203,-0.0013604935957118,0.0918458104133606,0.3721223175525665,-0.0234025865793228,0.0832772254943847,-0.4972952902317047,0.922433853149414,0.0710767582058906,-0.3678937554359436,-0.0582557208836078,0.4592601954936981,0.0477102994918823,0.3026152551174164,-0.0985034108161926,-0.3389739096164703,-0.3084463775157928,-0.4294740259647369,-0.4628788530826568,0.0032123664859682,0.1254025250673294,0.4180895090103149,-0.4004127383232116,-0.0911752507090568,0.2276809960603714,-0.1435918509960174,-0.1566646099090576,-0.3757165074348449,-0.3744196891784668,-0.1879740059375763,-0.2184703797101974,-0.278684914112091,0.8278489112854004,0.1410537958145141,-0.2761842608451843,0.0495626181364059,-0.0305525045841932,-0.2750777900218963,-0.103702962398529,0.1346310377120971,-0.2775102853775024,-0.3408503830432892,0.5337256789207458,0.0850845575332641,0.2999982237815857,0.3017307221889496,-0.0298516284674406,-0.4111286401748657,0.4123713672161102,0.2305360287427902,-0.0554429590702056,-0.0002612370881251,-0.1306027173995971,-0.1068493500351905,-0.177051767706871,0.1526751071214676,-0.0106077278032898,-0.080419547855854,-0.2179279178380966,0.1381518840789795,-0.0645262748003006,-0.4898168444633484,-0.2554144263267517,0.0158404614776372,0.0089113507419824,-0.1771092265844345,-0.5936737656593323,-0.3995041847229004,0.2752134203910827,0.1364410668611526,-0.409847617149353,0.4420993030071258,-0.3259541392326355,0.3144108355045318,-0.1611713469028473,-0.1378859132528305,-0.1059435307979583,-0.2272272706031799,0.4182016253471374,-0.1328671723604202,-0.6189823150634766,0.1171788424253463,0.0059523768723011,0.1065851971507072,-0.4834829270839691,0.3780913650989532,-0.5386707186698914,-0.3544098436832428,0.272403359413147,0.5725651383399963,0.3448121547698974,-0.2858032286167145,0.0702245160937309,0.1583373248577118,-0.2321749329566955,-0.2503252625465393,-0.1264444589614868,0.5010859966278076,-0.3914403915405273,0.1215318441390991,-0.1627832204103469,-0.1635713726282119,0.1289453953504562,-0.4897728264331817,0.5729210376739502,-0.0315574333071708,-0.1191677451133728,-0.2018569260835647,-0.2577365636825561,-0.3563779592514038,0.4040128290653229,-0.2662290036678314,-0.1149513870477676,-0.1682388335466385,0.3997953832149505,-0.2984249293804168,0.1948220431804657,0.2346782982349395,0.2928614318370819,0.0676141455769538,0.1553054451942443,-0.0961431860923767,0.5456915497779846,-0.2279289662837982,-0.0558218955993652,0.0611917041242122,-0.2349888235330581,0.2706878185272217,0.0724034383893013,-0.3393912613391876,-0.1392006874084472,-0.5784204006195068,0.2526203095912933,-0.155659407377243,0.0599726513028144,-0.0823525488376617,-0.5838775634765625,0.047910239547491,-0.2668199837207794,0.2308844178915023,0.1897561997175216,0.0472326166927814,0.0304461829364299,0.4092461466789245,-0.2077170759439468,0.446753054857254,0.1353139877319336,-0.0519040711224079,0.783359169960022,-0.3722396194934845,-0.2989800870418548,-0.2798097133636474,0.042486522346735,-0.3434524536132812,0.0400078408420085,0.0653272718191146,0.4727227985858917,0.2746033072471618,-0.6966155767440796,0.0782220959663391,0.4430415630340576,0.2624966502189636,0.7815207242965698,0.1209591776132583,-0.0958712175488472,-0.0241772830486297,0.5504213571548462,0.2618978321552276,0.4256070256233215,0.1255105286836624,-0.5663151741027832,0.2344573885202407,0.5653722882270813,0.1362340450286865,0.1511902064085006,0.2922266721725464,-0.4613509178161621,0.1085969433188438,-0.4493367969989776,-0.2269296944141388,-0.4779540002346039,0.5775596499443054,-0.1593138724565506,-0.1407499462366104,0.0492161028087139,0.0404408201575279,0.0006456886767409,-0.5783886313438416,0.0301188584417104,0.5472155809402466,-0.4307481944561004,-0.0494826287031173,-0.1220207810401916,-0.0579941235482692,-0.3472139537334442,-0.1853754818439483,0.5233907103538513,-0.0871587991714477,0.2898628711700439,-0.2703546583652496,-0.2009024322032928,-1.124642014503479,-0.222978800535202,0.2935783565044403,0.4990005493164062,0.2641696035861969,0.1191057860851287,-0.4838886857032776,0.2278601378202438,0.4431247413158417,0.4852368533611297,0.0213789027184247,0.0502767190337181,-0.2780689299106598,0.179585114121437,0.3599025011062622,-0.5641339421272278,0.0423757135868072,-0.1109554767608642,0.0774233862757682,0.3421428501605987,-0.2297710478305816,-0.103759691119194,-0.0296202395111322,0.0609361641108989,-0.1472322195768356,0.7782184481620789,0.2733465433120727,-0.0964207574725151,-0.5749717950820923,-0.4450890123844147,-0.9197883009910583,0.2412146925926208,-0.1610824167728424,0.22455695271492,0.3092661798000335,0.297025203704834,0.2582457661628723,-0.2680031061172485,-0.1428358107805252,-0.2700835466384887,-0.2408133894205093,0.3363486230373382,0.1937740296125412,-0.1581805199384689,-0.5909778475761414,0.3315999209880829,-0.5108320713043213,-0.2683800160884857,0.6358513236045837,-0.1435994505882263,0.5744237899780273,0.1409382820129394,0.4897727072238922,-0.0853540748357772,-0.1874617785215377,-0.0955950766801834,0.0436156764626503,-0.4138393998146057,-0.1069721728563308,-0.2344851791858673,0.0109996134415268,0.1046502217650413,0.0584264323115348,-0.636326253414154,-0.0737071558833122,-0.3163428604602813,0.1024644523859024,-0.5688919425010681,-0.0704476460814476,0.230291873216629,-0.3569014072418213,0.250668466091156,-0.1041097939014434,0.3356075882911682,-0.2991388738155365,-0.0898166894912719,-1.0346769094467163,0.462022066116333,-0.7326732873916626,0.3542755842208862,0.1198809146881103,-0.1020419746637344,-0.0654364451766014,-0.1256033927202224,-0.1999105513095855,0.5118235349655151,0.1648826599121093,-0.2880998849868774,-0.5125777721405029,-0.0331790335476398,-0.1484315097332,0.0892459005117416,0.1570788919925689,-0.2203528583049774,0.0077931177802383,0.118221990764141,0.5483359098434448,0.1169387027621269,0.1514610946178436,-0.168676421046257,-0.3166066408157348,-0.8211398720741272,-0.174249917268753,0.1659409701824188,0.6097294688224792,-0.3898724913597107,-0.1515483856201172,1.065920114517212,-0.1712241768836975,-0.2753693759441376,0.2073781341314315,0.4925227761268616,-1.4006301164627075,0.1897653192281723,0.588225245475769,0.0082712536677718,0.0532373040914535,0.3261024951934814,0.305587887763977,0.3564168214797973,-0.5224007368087769,-0.0392370522022247,0.3144610822200775,0.3735979497432709,-0.0036170836538076,-0.3670718371868133,0.3963320851325989,-0.0700402110815048,0.0745707526803016,-0.612056314945221,-0.3191026151180267,0.4119139909744262,-0.0874440968036651,0.0874632224440574,-0.0170665271580219,-0.3100562393665313,0.0694663971662521,-0.2886847555637359,0.2692031264305115,-0.325777143239975,-0.2060827612876892,-0.2726702988147735,0.2635100781917572,0.449198842048645,0.661635160446167,0.5164912939071655,0.3551589548587799,0.2686977684497833,0.4473485052585602,0.3802987933158874,0.4603124260902405,0.3109914064407348,-0.1063156351447105,0.0195352584123611,0.5475675463676453,0.3219617009162903,0.2603946328163147,-0.0276618730276823,-0.2409785836935043,0.6404382586479187,-0.0342877991497516,0.4841922223567962,0.4391713440418243,0.6220520734786987,0.3925226628780365,0.2461102455854416,0.4162329435348511,-0.1992395222187042,-0.1421195566654205,-0.3447634279727936,0.2172411680221557,-0.2869605720043182,-0.159542977809906,-0.1537368595600128,0.2500409781932831,-0.1458094269037246,-0.51259446144104,0.1407272219657898,-0.4438359141349792,-0.0136881181970238,0.1929426491260528,-0.2214354574680328,-0.5873409509658813,-0.4135623872280121,-0.4071406424045563,-0.5993702411651611,0.487648457288742,0.2242782115936279,0.1675911098718643,-0.5403475761413574,0.1199017167091369,0.1179696023464202,0.1697641909122467,-0.1759710162878036,0.0114829167723655,-0.1525502800941467,0.0282090436667203,-0.1229961067438125,0.0094847762957215,-0.6527937650680542,-0.4276649355888366,-0.5186935663223267,-0.8451845645904541,-0.1182984411716461,0.1161651164293289,0.3922761380672455,-0.0325253829360008,0.1955144107341766,0.1770944148302078,0.2159095853567123,-0.2994886338710785,-0.1859803646802902,-0.8119920492172241,-0.0156768765300512,0.2146668434143066,0.2322666496038437,0.232969045639038,0.1962420046329498,0.1099632307887077,-0.0482075437903404,-0.2861345410346985,-0.012153910472989,-0.2400132715702057,-0.2711018323898315,0.9789894223213196,-0.2605230808258056,0.4552047252655029,-0.1963374316692352,0.1221195682883262,0.3167569637298584,-0.1554841697216034,-0.112817458808422,-0.0907303839921951,0.4706625342369079,-0.1368854939937591,-0.1007928028702735,0.0552294701337814,0.4654022455215454,-0.323762983083725,0.1653086394071579,-0.0653367415070533,0.1071037575602531,0.2053379118442535,-0.0762300416827201,-0.1510095745325088,-0.2405013442039489,0.1477335095405578,0.2341473698616027,0.2862294316291809,0.2517187595367431,0.2906464636325836,0.603635311126709,0.0465304367244243,0.2981800138950348,0.2586971819400787,0.7238072156906128,-0.2899322211742401,-0.2150292694568634,-0.4939345717430115,-0.0892949178814888,-0.4694490730762481,-0.1574169397354126,0.5626305937767029,-0.2203343510627746,0.2118527293205261,-0.1339785903692245,-0.6529372930526733,-0.0651318654417991,0.0051952362991869,0.0690673440694809,0.0703841000795364,0.3648920953273773,0.4399062097072601,-0.0126997204497456,-0.6327009201049805,0.5944579839706421,-0.3083150088787079,0.5145155787467957,0.3459455370903015,-0.5750617384910583,-0.2742610871791839,-0.0764722600579261,0.0789083093404769,0.0509687885642051,0.2437104284763336,0.5642279982566833,-0.3491406440734863,-1.0541503429412842,-0.1875897049903869,0.253937304019928,-0.1902288049459457,-0.4174838066101074,0.2181191146373748,0.1227318570017814,-0.9403929114341736,-0.6611847281455994,-0.3907082676887512,-0.2368012964725494,-0.0750048086047172,-0.9417609572410583,0.2107371240854263,0.0918762311339378,-0.0685869976878166,0.4357554912567138,0.0065562450326979,0.0523173697292804,0.2633278965950012,0.4124357998371124,0.32712522149086,-0.5278412699699402,-0.0882996395230293,0.1802866458892822,-0.0107608418911695,0.0757314711809158,0.4335595369338989,0.0022350514773279,0.1346089839935302,-0.0360789820551872,-0.6570267677307129,-0.1326983571052551,-0.3951635062694549,-0.8622023463249207,0.3906485438346863,-0.0485257804393768,0.2440661787986755,-0.4389907419681549,0.3586048185825348,-0.2363224476575851,0.0419668890535831,0.1436831504106521,0.0125273689627647,0.0706452205777168,-0.6102577447891235,0.3147449195384979,-0.4907277226448059,-0.4119032323360443,0.8037401437759399,0.6327239871025085,-0.277031272649765,0.0262137148529291,0.3444098234176636,0.0450162589550018,-0.3139759302139282,0.0423781313002109,-0.0282185282558202,-0.0554161630570888,-0.1430779546499252,0.2068943828344345,0.3075024485588074,0.0210439786314964,-0.2298358529806137,-0.2397428303956985,0.5746675133705139,0.4281243979930877,0.2773855924606323,-0.1015438437461853,-0.0849071964621543,-0.2149445414543151,-0.3835354745388031,0.1777462214231491,0.1371704339981079,0.6504777669906616,-0.1978227198123932,0.90113627910614,-0.1241719648241996,-0.3456954061985016,0.2918019294738769,0.6946764588356018,-0.100216694176197,0.2651370167732239,0.1185874417424202,0.1118910908699035,-0.889651358127594,0.1925767362117767,-0.256352037191391,0.2200701981782913,0.1242488473653793,0.4356253743171692,0.467876672744751,-0.6214590072631836,-0.260323166847229,-0.1672984957695007,0.1883513331413269,0.0608341209590435,0.5436148047447205,-0.025854293256998,0.0934903025627136,0.2462126761674881,-0.1927277445793151,-0.0298794582486152,0.1243695616722107,0.0780878812074661,0.8339083194732666,0.2224399149417877,0.0871190205216407,-0.2118162512779235,-0.8105356693267822,0.3458636999130249,-0.0689836740493774,0.018697315827012,0.4625156223773956,-0.282231330871582,0.1249693036079406,0.3071497082710266,0.6096946001052856,0.1468066424131393,-0.2993062138557434,-0.793890118598938,0.1002339199185371,-0.0204421188682317,-0.0992076396942138,0.2560797929763794,-0.0415349118411541,0.3648510277271271,0.203915536403656,-0.1634592562913894,0.0352919995784759,0.5447142124176025,-0.1733648031949997,0.0036587237846106,0.304246574640274,0.1871929317712783,-0.4307031333446502,0.0009281226666644,-0.2076293379068374,-0.4050754308700561,-0.4266373217105865,-0.2039306312799453,-0.2270745187997818,-0.0535288043320179,-0.1840565502643585,-0.0797881931066513,0.2254985123872757,0.1304506063461303,-0.1006392464041709,-0.3923006653785705,-0.3506778478622436,0.5158728361129761,-0.7764759063720703,-0.1357771307229995,-0.1237556636333465,0.0765950009226799,-0.1074878200888633,-0.0110861044377088,-0.3666615784168243,-0.1664658933877945,-0.1050653979182243,0.1489000916481018,0.0398935228586196,-0.416027158498764,0.2048544883728027,0.2299579083919525,-0.1175116971135139,-0.788458526134491,0.1993530094623565,-0.0932439640164375,0.6569687724113464,-0.1900956332683563,0.2818269431591034,-0.2750597894191742,0.2358642965555191,-0.3131818175315857,-0.1302007734775543,0.0328198932111263,-10.583672523498535,-0.0490938015282154,-0.445158988237381,-0.1263294517993927,-0.4172158241271972,0.4067028164863586,0.6914451718330383,0.2893685698509216,-0.4186541438102722,0.0356551110744476,0.3733002245426178,0.3360385596752167,0.267772227525711,0.3577016592025757,-0.6444789171218872,-0.2057143747806549,0.1316499561071396,-0.0891802087426185,-0.1396465450525283,-0.2161887139081955,0.2653757333755493,-0.0017534146318212,0.2895424365997314,0.6346953511238098,0.0794324725866317,-0.5257126092910767,-0.4686369895935058,0.2963267862796783,0.0342756062746048,0.2951556444168091,-0.3470078706741333,0.142052948474884,0.0479567125439643,0.319089412689209,-0.3116777241230011,-0.2718498408794403,-0.1247318685054779,0.3276664912700653,0.1142612621188163,0.191989004611969,0.2599020004272461,0.657625675201416,0.285983681678772,0.0854373276233673,0.2722641825675964,0.4464370608329773,0.5172173380851746,0.294055163860321,0.6834058165550232,-0.0487478226423263,0.0203231442719697,0.3268148303031921,-0.1709272563457489,-0.1003255695104599,0.3273875713348388,0.0490538142621517,0.7690467834472656,-0.6563530564308167,-0.44570192694664,0.073697306215763,-0.0454915389418602,0.0713259354233741,0.9178944230079652,0.5181217193603516,0.0308233760297298,-0.0776502043008804,0.312881737947464,0.4847948849201202,-0.5009794235229492,-0.2229619175195694,-0.0355613268911838,0.2150739580392837,0.0117330383509397,-0.0769709050655365,-0.5127115845680237,0.275899589061737,-0.004084981046617,-0.2585968971252441,0.3279469013214111,0.2067940235137939,0.1488009393215179,0.2203200012445449,0.015926444903016,0.1426022797822952,-0.5167419910430908,0.1087146177887916,-0.2099006623029709,0.1725313067436218,0.0848772972822189,-0.4644400477409363,-0.07003665715456,-0.2248544692993164,-0.0309130512177944,0.7703751921653748,0.4164022207260132,-0.0329809635877609,-0.0987273156642913,0.102551057934761,0.5012519955635071,0.0252322237938642,1
0.3761236071586609,0.5581277012825012,0.5023878812789917,-0.4190848767757416,-0.237189769744873,0.2639411091804504,0.6226903796195984,-0.0525488890707492,-0.068571001291275,-0.2778314054012298,0.6024829149246216,-0.3194392323493957,-0.5275475978851318,0.2913360893726349,0.2926835119724273,0.0338352844119071,-0.1415626108646392,-0.0733345225453376,0.0160451028496027,0.1535545438528061,-0.9619926810264589,-0.2220953851938247,-0.1306666880846023,0.4353823065757751,0.16891610622406,-0.4804035723209381,-0.1433467268943786,-0.014533556997776,0.1920612454414367,-0.3707551658153534,-0.3626042902469635,0.4016873836517334,-0.0406456999480724,-0.204421728849411,-0.3865948617458343,0.3591485619544983,-0.1687502712011337,-0.3544642329216003,0.5219178199768066,-0.40271857380867,-0.2105027884244918,-0.2694501280784607,0.0114207724109292,-0.1657165139913559,-0.2775138914585113,0.3814382553100586,0.2568603157997131,0.0267217047512531,0.0294598899781703,0.1081575751304626,-0.0893486589193344,0.1323278993368148,0.3010189235210418,-0.2282762825489044,0.1828676462173462,-0.1680459380149841,0.1248099207878112,-0.5580914616584778,-0.0005691056721843,0.0383068583905696,-0.2618790566921234,-0.4858444631099701,0.3480199575424194,0.0158204492181539,-0.0945382192730903,-0.1675466895103454,-0.0222960859537124,-0.1270031780004501,0.473280668258667,-0.5277357697486877,0.3167333602905273,-0.0449543073773384,-0.0210503730922937,-0.3742827773094177,0.4106357395648956,-0.3164999186992645,0.4657888114452362,0.13236865401268,0.4572530388832092,0.262281596660614,-0.0057403910905122,0.2063523232936859,0.2646770775318146,-0.4870591163635254,-0.1089207381010055,-0.0108710965141654,-0.3441817164421081,-0.597275972366333,0.4214101731777191,-0.0987535491585731,0.1559052467346191,-0.0197323281317949,0.4863318502902984,0.2908581793308258,0.1177781000733375,0.5400353670120239,0.2290735691785812,-0.2343284040689468,-0.2288100719451904,0.1192396059632301,0.2408913820981979,-0.1058815419673919,0.5547375082969666,-0.3066819310188293,-0.2475846111774444,0.2151973694562912,-0.7521737217903137,0.5418626666069031,0.1133144274353981,0.0563225857913494,-0.2412148267030716,-0.4831386804580688,-0.5511255860328674,-0.4615779221057892,0.4591332972049713,0.0416004620492458,-0.0021095946431159,0.4593912959098816,-0.4817355871200561,0.3500966727733612,0.2283358424901962,0.494771271944046,-0.4684691429138183,-0.3663259446620941,0.0489499866962432,0.5004726648330688,0.358897864818573,0.2288083285093307,-0.0426733642816543,-0.0414143875241279,-0.1161916851997375,-0.0162242725491523,-0.087548092007637,0.1478495597839355,0.0398390814661979,0.7089492082595825,0.3355925977230072,-0.0915078669786453,0.1064340621232986,-0.5675722360610962,-0.2371576428413391,-0.2612515687942505,0.3699445426464081,-0.3385297954082489,0.0881510898470878,0.1163989081978797,-0.0743121206760406,-0.4870465099811554,0.4609293043613434,0.0185444429516792,0.0216143410652875,1.004985213279724,-0.42026087641716,0.1939533948898315,0.1488787680864334,0.4483642578125,-0.9046306014060974,-0.0090470472350716,0.0988406389951706,-0.0487338900566101,0.2583885490894317,-0.4934423565864563,0.0756338089704513,0.7775411605834961,0.1257815659046173,0.3216015100479126,0.345175951719284,-0.2161674052476883,-0.0376197770237922,0.4849214553833008,0.3525926172733307,0.5578527450561523,0.3644562363624573,-0.3435335755348205,-0.3224125504493713,0.1981877386569976,0.4569176733493805,0.4310328066349029,0.0299483388662338,-0.1080267354846,0.2510737180709839,-0.0104500716552138,0.2854707241058349,-0.608836829662323,0.4830351769924164,-0.1759166419506073,0.3272300362586975,-0.1336514502763748,-0.2294946610927581,-0.1795815080404281,-0.2651117444038391,-0.3098511099815368,0.2140791863203048,-0.4298804104328155,-0.1873537451028823,-0.6797065734863281,0.3188259601593017,0.223419189453125,-0.7298231720924377,0.4962486624717712,0.5428958535194397,-0.1130151152610778,-0.1101062521338462,-0.9312567114830016,-1.0159671306610107,-0.5897842645645142,-0.0901478826999664,0.4389148354530334,0.3511314988136291,0.4694721102714538,-0.3295157253742218,-0.0504175759851932,0.5699762105941772,0.3248844146728515,0.1815303862094879,-0.0307547375559806,-0.3163550794124603,-0.2442601025104522,0.0384279862046241,-0.4497099816799164,0.0196308568120002,-0.0870598778128624,0.5205919742584229,0.1590271443128585,0.0209660157561302,0.6388189196586609,0.0454602763056755,-0.0732677802443504,-0.2996266484260559,0.6670637130737305,-0.5270677804946899,-0.8736523985862732,-0.3742557168006897,-0.1668827086687088,-0.3335505425930023,-0.0560181625187397,-0.2278944849967956,0.1087978556752204,-0.2488002479076385,0.260280579328537,-0.076645441353321,-0.3636312186717987,0.4100163280963897,-0.4444346725940704,0.0869618654251098,0.3297158479690552,-0.0811166688799858,0.2812588214874267,-0.1781292706727981,0.0437347777187824,-0.5392847061157227,-0.4325569570064544,-0.2052968591451645,-0.4575991928577423,0.5293582677841187,0.4048460125923157,0.3397455215454101,-0.315350741147995,0.1880669891834259,-0.3405375778675079,-0.3041928112506866,-0.4914471507072449,-0.4475565254688263,-0.2487741112709045,0.1103201285004615,0.1844082623720169,-0.2079163640737533,-0.5588880181312561,-0.5085828900337219,-0.8609366416931152,0.2731040120124817,-0.5348182916641235,0.2110779285430908,0.03212596103549,-0.0944452509284019,0.0986703559756279,-0.4730581045150757,0.2536759376525879,-0.3520472943782806,0.0244915708899498,-0.6169869303703308,0.2159323990345001,-0.5433611273765564,0.0374430380761623,0.1320859789848327,0.2094132155179977,-0.2320721298456192,-0.1456568241119384,-0.4621908664703369,0.6132236123085022,0.1895307749509811,-0.4675927460193634,-0.506873607635498,0.0359303317964077,-0.9368267059326172,0.1440406888723373,0.6216996908187866,-0.0154900439083576,0.5802783370018005,-0.1342161297798156,0.4401788115501404,0.4701883196830749,0.0584952980279922,-0.3239523470401764,-0.0286226049065589,-0.6569550037384033,0.1987784206867218,0.0028712325729429,0.4836247265338897,-0.2267333567142486,0.1052750572562217,0.806576132774353,-0.1655691266059875,0.1216228455305099,0.1517003029584884,0.5016454458236694,-2.010338306427002,0.0107708815485239,0.2655082046985626,0.2247659862041473,-0.1630571484565735,-0.1702334582805633,0.7002928256988525,0.488029271364212,-0.5387812256813049,-0.4934167265892029,0.8667480945587158,-0.2190043926239013,-0.103013165295124,-0.1376098990440368,0.3959889411926269,-0.1843910664319992,0.0194543413817882,-0.447420060634613,0.1148416623473167,0.3735930025577545,-0.1856247335672378,0.0652813836932182,0.1168286949396133,-0.3635412752628326,-0.1739668697118759,0.1070848181843757,-0.4033336341381073,-0.2593881487846374,-0.4577696025371551,-0.3283284604549408,0.1173820942640304,0.976281762123108,0.5805339217185974,0.4649163782596588,-0.7548166513442993,-0.3478610515594482,-0.0201463848352432,0.2722406685352325,0.1869398653507232,0.0035315942950546,-0.0366815216839313,-0.230995237827301,0.3321556448936462,-0.0099434368312358,0.3429545164108276,-0.6072664856910706,-0.3816192150115967,0.3585444986820221,-0.1754076778888702,0.0545424483716487,0.6291162371635437,0.2264150530099868,0.0340126380324363,0.5867146253585815,0.5884144306182861,0.290572315454483,0.0095954407006502,-0.4250201880931854,0.0195517111569643,-0.1328060626983642,0.0520020723342895,-0.3633708953857422,-0.1432031840085983,0.4932225942611694,0.09024578332901,0.1149082407355308,0.0075519173406064,-0.4179743230342865,0.247008815407753,-0.4932028353214264,-0.1338894218206405,-0.0846770480275154,0.3229777812957763,-0.4544311761856079,0.2871257066726684,0.161736786365509,0.4530143737792969,-0.6611164212226868,-0.3096636235713959,0.0822263807058334,0.0101828314363956,0.2347609102725982,0.0417708605527877,0.3137062788009643,-0.1476553529500961,-0.4279979467391968,-0.1957435309886932,-0.7584076523780823,-0.4392496347427368,-0.4049168825149536,-0.6980710625648499,-0.0459249876439571,-0.0224016346037387,0.3416465520858764,-0.3145398497581482,0.0957275331020355,-0.1539794355630874,0.1886112987995147,-0.3101312816143036,-0.4375801086425781,-0.0502686686813831,0.6750075817108154,0.3817387223243713,0.6721209287643433,0.188597947359085,0.0825444906949997,0.460392415523529,0.3004414737224579,-0.2067600339651107,-0.1605687141418457,-0.5301331877708435,-0.4520013630390167,0.6264333128929138,-0.0275243408977985,-0.054679300636053,-0.119618684053421,0.13250432908535,0.5790992975234985,-0.4772233068943023,-0.7479684352874756,0.3379632532596588,0.5313045978546143,-0.1839143931865692,0.2524302899837494,0.2331270426511764,0.4999594688415527,0.0002359804930165,-0.0578771047294139,-0.0865561738610267,0.3894130289554596,0.0513037517666816,-0.345640480518341,-0.0428915098309516,0.0773789659142494,0.6115530729293823,0.5112097859382629,0.0381627790629863,0.4906448125839233,0.2366556674242019,0.3920589387416839,-0.5822783708572388,0.209018737077713,0.302609771490097,0.193195566534996,-0.3532524108886719,0.139111116528511,-0.1902752965688705,-0.3026885092258453,-0.0397372916340827,-0.1416692584753036,0.6447283029556274,0.1371727138757705,0.2062423080205917,-0.3608681559562683,-0.7189966440200806,-0.2399959713220596,-0.4074289202690124,-0.3307540416717529,-0.0660566911101341,0.2719713747501373,0.4581282138824463,0.118239939212799,-0.8788576126098633,0.5593600273132324,-0.0837336555123329,0.1502098739147186,0.2557059526443481,-0.2491641193628311,-0.1685128808021545,-0.1336662918329239,-0.0361298359930515,-0.6078077554702759,0.4930944442749023,0.0243985932320356,-0.3069387972354889,-0.5307114124298096,0.1336443126201629,-0.0141461584717035,0.3704252541065216,-0.5822080373764038,0.5070162415504456,0.2096255272626876,-0.7917040586471558,-0.0010591053869575,-0.1394703239202499,-0.2039565593004226,-0.1180969253182411,-0.3700939118862152,0.1120869740843772,-0.0892886742949485,0.0798018351197242,0.7284332513809204,0.3424468040466308,-0.1046828925609588,-0.102917268872261,0.6312653422355652,0.4017090499401092,-0.2031125575304031,-0.2319646030664444,-0.2272583544254303,-0.4848710000514984,-0.3049039840698242,-0.164748728275299,0.0684426873922348,0.2040161490440368,-0.357604056596756,-0.4981513321399688,-0.6298779249191284,0.0293831303715705,-1.0444624423980713,0.6374733448028564,-0.3280293643474579,0.2963383793830871,-0.7227250933647156,0.0965472087264061,-0.2329290807247162,-0.0710023716092109,0.0846583545207977,0.3193370699882507,-0.1204009726643562,-0.8733419179916382,-0.0061788228340446,-0.0042666578665375,-0.6014828681945801,0.7321967482566833,0.182781234383583,-0.5028519630432129,0.1899725347757339,0.3957028687000274,0.4287494719028473,-0.0772369503974914,0.2773495614528656,-0.5080941915512085,0.1807525604963302,-0.0093154264613986,-0.2135239690542221,0.2326081693172454,0.096884861588478,-0.077802188694477,-0.1938802897930145,0.7509496808052063,0.4459448456764221,0.8106203675270081,0.4533785283565521,-0.3912650942802429,0.0229769963771104,-0.4290740191936493,0.1583955585956573,-0.0805262774229049,0.7788342237472534,-0.1059243977069854,0.7477768659591675,0.3190858066082001,-0.7063279151916504,0.3783222436904907,1.1531046628952026,-0.2439856976270675,0.5217062830924988,-0.121252067387104,0.0208300054073333,-0.6504965424537659,0.0728494897484779,0.2166302949190139,0.116782858967781,-0.1794222742319107,0.0741716921329498,-0.3508969247341156,-0.3323245644569397,0.1467341929674148,0.0333259142935276,-0.0514929741621017,0.2894505262374878,0.2815490365028381,-0.2590599656105041,0.900873601436615,0.7946252822875977,-0.2125592827796936,-0.0457698032259941,0.0650607794523239,0.516819179058075,0.563714325428009,-0.2679072022438049,0.3500625491142273,-0.2406273782253265,-0.7548664212226868,0.4071339964866638,0.2877748906612396,0.2268942296504974,0.8403952717781067,-0.4811427891254425,-0.055789116770029,0.7074418663978577,0.490463376045227,0.0003124889626633,-0.2580097019672394,-0.6500214338302612,0.2500659525394439,0.0473876260221004,-0.0966321006417274,0.3590207695960998,0.0491607338190078,0.293560653924942,-0.0483907721936702,-0.1418974250555038,0.1559731811285019,0.8096100687980652,-0.205154687166214,0.1158513277769088,0.0840430781245231,-0.0837096720933914,-0.0607960820198059,0.1385279148817062,0.2898886501789093,-0.0952045619487762,-0.4355098307132721,0.43740114569664,-0.3816998600959778,0.0732257142663002,-0.4902267456054687,0.4042629301548004,0.1201228871941566,-0.0157380364835262,0.2576694786548614,-0.3860392570495605,0.2527630925178528,-0.3585950136184692,-0.8541034460067749,0.2488639205694198,0.3437736928462982,0.3625906407833099,0.3062231242656708,0.0518469586968421,-0.4738022983074188,-0.5843587517738342,0.0599474310874938,0.3292888104915619,-0.2089623808860778,-0.6028973460197449,0.7598887085914612,-0.1350541561841964,-0.2292216122150421,-1.315617918968201,0.1235142722725868,0.3366289138793945,0.3151494264602661,-0.188331052660942,0.6845226883888245,0.0464595593512058,0.048291303217411,-0.1774201244115829,-0.445265382528305,0.1857555955648422,-10.341691970825195,-0.0117195779457688,-0.4323802292346954,-0.2784017026424408,-0.497852474451065,-0.1246446892619133,0.6701638102531433,0.6445551514625549,-0.0551097020506858,0.3895603716373443,0.009255782701075,0.1367779821157455,0.2642787098884582,0.1692161858081817,-0.0109164658933877,-0.1010560244321823,-0.3044008612632751,0.1381528675556183,-0.0639832019805908,-0.3097392618656158,-0.1038342416286468,-0.1027206555008888,0.4419789612293243,0.2276911735534668,0.1547942906618118,-0.5049324035644531,0.4353142380714416,0.5598000288009644,-0.1142355129122734,0.3214970529079437,-0.9949598908424376,0.1674412190914154,0.0273501276969909,0.1471401154994964,-0.2549222111701965,-0.1128465086221695,-0.1335199028253555,0.1118322759866714,-0.1574645489454269,0.604668915271759,0.2068646401166916,0.2896646559238434,0.1217118725180625,0.1612893044948578,0.2298452109098434,0.0882808193564415,0.0506726950407028,0.2461097836494445,0.4981678426265716,0.0187578909099102,-0.4539493322372436,0.1163975074887275,0.0867422148585319,-0.1764035671949386,0.1693393290042877,0.1073748990893364,0.5127979516983032,-0.889742374420166,-0.1658309698104858,0.0863249078392982,0.1350072771310806,0.1900462508201599,0.5003310441970825,0.5184159874916077,-0.2768354713916778,0.839332640171051,0.2057040482759475,0.2888502180576324,-1.0420101881027222,0.3466793000698089,0.134575605392456,0.5553558468818665,-0.1864755749702453,0.1635509878396988,-0.117836982011795,0.6282227039337158,0.0171266589313745,-0.1654938608407974,0.3351868689060211,0.0056188432499766,0.2740504145622253,-0.2293682247400283,0.1956679373979568,0.1185269653797149,-0.6136970520019531,0.1522912383079528,0.1671563684940338,-0.0796797424554824,0.2432388812303543,-0.7361330986022949,0.4661961495876312,-0.2530403137207031,-0.5528477430343628,0.6038634181022644,0.2626257240772247,-0.4659341871738434,-0.3366899490356445,0.018636018037796,0.2035904824733734,-0.3351907134056091,1
0.2505481839179992,0.4489372670650482,0.1492974162101745,-0.5586414337158203,-0.0013604935957118,0.0918458104133606,0.3721223175525665,-0.0234025865793228,0.0832772254943847,-0.4972952902317047,0.922433853149414,0.0710767582058906,-0.3678937554359436,-0.0582557208836078,0.4592601954936981,0.0477102994918823,0.3026152551174164,-0.0985034108161926,-0.3389739096164703,-0.3084463775157928,-0.4294740259647369,-0.4628788530826568,0.0032123664859682,0.1254025250673294,0.4180895090103149,-0.4004127383232116,-0.0911752507090568,0.2276809960603714,-0.1435918509960174,-0.1566646099090576,-0.3757165074348449,-0.3744196891784668,-0.1879740059375763,-0.2184703797101974,-0.278684914112091,0.8278489112854004,0.1410537958145141,-0.2761842608451843,0.0495626181364059,-0.0305525045841932,-0.2750777900218963,-0.103702962398529,0.1346310377120971,-0.2775102853775024,-0.3408503830432892,0.5337256789207458,0.0850845575332641,0.2999982237815857,0.3017307221889496,-0.0298516284674406,-0.4111286401748657,0.4123713672161102,0.2305360287427902,-0.0554429590702056,-0.0002612370881251,-0.1306027173995971,-0.1068493500351905,-0.177051767706871,0.1526751071214676,-0.0106077278032898,-0.080419547855854,-0.2179279178380966,0.1381518840789795,-0.0645262748003006,-0.4898168444633484,-0.2554144263267517,0.0158404614776372,0.0089113507419824,-0.1771092265844345,-0.5936737656593323,-0.3995041847229004,0.2752134203910827,0.1364410668611526,-0.409847617149353,0.4420993030071258,-0.3259541392326355,0.3144108355045318,-0.1611713469028473,-0.1378859132528305,-0.1059435307979583,-0.2272272706031799,0.4182016253471374,-0.1328671723604202,-0.6189823150634766,0.1171788424253463,0.0059523768723011,0.1065851971507072,-0.4834829270839691,0.3780913650989532,-0.5386707186698914,-0.3544098436832428,0.272403359413147,0.5725651383399963,0.3448121547698974,-0.2858032286167145,0.0702245160937309,0.1583373248577118,-0.2321749329566955,-0.2503252625465393,-0.1264444589614868,0.5010859966278076,-0.3914403915405273,0.1215318441390991,-0.1627832204103469,-0.1635713726282119,0.1289453953504562,-0.4897728264331817,0.5729210376739502,-0.0315574333071708,-0.1191677451133728,-0.2018569260835647,-0.2577365636825561,-0.3563779592514038,0.4040128290653229,-0.2662290036678314,-0.1149513870477676,-0.1682388335466385,0.3997953832149505,-0.2984249293804168,0.1948220431804657,0.2346782982349395,0.2928614318370819,0.0676141455769538,0.1553054451942443,-0.0961431860923767,0.5456915497779846,-0.2279289662837982,-0.0558218955993652,0.0611917041242122,-0.2349888235330581,0.2706878185272217,0.0724034383893013,-0.3393912613391876,-0.1392006874084472,-0.5784204006195068,0.2526203095912933,-0.155659407377243,0.0599726513028144,-0.0823525488376617,-0.5838775634765625,0.047910239547491,-0.2668199837207794,0.2308844178915023,0.1897561997175216,0.0472326166927814,0.0304461829364299,0.4092461466789245,-0.2077170759439468,0.446753054857254,0.1353139877319336,-0.0519040711224079,0.783359169960022,-0.3722396194934845,-0.2989800870418548,-0.2798097133636474,0.042486522346735,-0.3434524536132812,0.0400078408420085,0.0653272718191146,0.4727227985858917,0.2746033072471618,-0.6966155767440796,0.0782220959663391,0.4430415630340576,0.2624966502189636,0.7815207242965698,0.1209591776132583,-0.0958712175488472,-0.0241772830486297,0.5504213571548462,0.2618978321552276,0.4256070256233215,0.1255105286836624,-0.5663151741027832,0.2344573885202407,0.5653722882270813,0.1362340450286865,0.1511902064085006,0.2922266721725464,-0.4613509178161621,0.1085969433188438,-0.4493367969989776,-0.2269296944141388,-0.4779540002346039,0.5775596499443054,-0.1593138724565506,-0.1407499462366104,0.0492161028087139,0.0404408201575279,0.0006456886767409,-0.5783886313438416,0.0301188584417104,0.5472155809402466,-0.4307481944561004,-0.0494826287031173,-0.1220207810401916,-0.0579941235482692,-0.3472139537334442,-0.1853754818439483,0.5233907103538513,-0.0871587991714477,0.2898628711700439,-0.2703546583652496,-0.2009024322032928,-1.124642014503479,-0.222978800535202,0.2935783565044403,0.4990005493164062,0.2641696035861969,0.1191057860851287,-0.4838886857032776,0.2278601378202438,0.4431247413158417,0.4852368533611297,0.0213789027184247,0.0502767190337181,-0.2780689299106598,0.179585114121437,0.3599025011062622,-0.5641339421272278,0.0423757135868072,-0.1109554767608642,0.0774233862757682,0.3421428501605987,-0.2297710478305816,-0.103759691119194,-0.0296202395111322,0.0609361641108989,-0.1472322195768356,0.7782184481620789,0.2733465433120727,-0.0964207574725151,-0.5749717950820923,-0.4450890123844147,-0.9197883009910583,0.2412146925926208,-0.1610824167728424,0.22455695271492,0.3092661798000335,0.297025203704834,0.2582457661628723,-0.2680031061172485,-0.1428358107805252,-0.2700835466384887,-0.2408133894205093,0.3363486230373382,0.1937740296125412,-0.1581805199384689,-0.5909778475761414,0.3315999209880829,-0.5108320713043213,-0.2683800160884857,0.6358513236045837,-0.1435994505882263,0.5744237899780273,0.1409382820129394,0.4897727072238922,-0.0853540748357772,-0.1874617785215377,-0.0955950766801834,0.0436156764626503,-0.4138393998146057,-0.1069721728563308,-0.2344851791858673,0.0109996134415268,0.1046502217650413,0.0584264323115348,-0.636326253414154,-0.0737071558833122,-0.3163428604602813,0.1024644523859024,-0.5688919425010681,-0.0704476460814476,0.230291873216629,-0.3569014072418213,0.250668466091156,-0.1041097939014434,0.3356075882911682,-0.2991388738155365,-0.0898166894912719,-1.0346769094467163,0.462022066116333,-0.7326732873916626,0.3542755842208862,0.1198809146881103,-0.1020419746637344,-0.0654364451766014,-0.1256033927202224,-0.1999105513095855,0.5118235349655151,0.1648826599121093,-0.2880998849868774,-0.5125777721405029,-0.0331790335476398,-0.1484315097332,0.0892459005117416,0.1570788919925689,-0.2203528583049774,0.0077931177802383,0.118221990764141,0.5483359098434448,0.1169387027621269,0.1514610946178436,-0.168676421046257,-0.3166066408157348,-0.8211398720741272,-0.174249917268753,0.1659409701824188,0.6097294688224792,-0.3898724913597107,-0.1515483856201172,1.065920114517212,-0.1712241768836975,-0.2753693759441376,0.2073781341314315,0.4925227761268616,-1.4006301164627075,0.1897653192281723,0.588225245475769,0.0082712536677718,0.0532373040914535,0.3261024951934814,0.305587887763977,0.3564168214797973,-0.5224007368087769,-0.0392370522022247,0.3144610822200775,0.3735979497432709,-0.0036170836538076,-0.3670718371868133,0.3963320851325989,-0.0700402110815048,0.0745707526803016,-0.612056314945221,-0.3191026151180267,0.4119139909744262,-0.0874440968036651,0.0874632224440574,-0.0170665271580219,-0.3100562393665313,0.0694663971662521,-0.2886847555637359,0.2692031264305115,-0.325777143239975,-0.2060827612876892,-0.2726702988147735,0.2635100781917572,0.449198842048645,0.661635160446167,0.5164912939071655,0.3551589548587799,0.2686977684497833,0.4473485052585602,0.3802987933158874,0.4603124260902405,0.3109914064407348,-0.1063156351447105,0.0195352584123611,0.5475675463676453,0.3219617009162903,0.2603946328163147,-0.0276618730276823,-0.2409785836935043,0.6404382586479187,-0.0342877991497516,0.4841922223567962,0.4391713440418243,0.6220520734786987,0.3925226628780365,0.2461102455854416,0.4162329435348511,-0.1992395222187042,-0.1421195566654205,-0.3447634279727936,0.2172411680221557,-0.2869605720043182,-0.159542977809906,-0.1537368595600128,0.2500409781932831,-0.1458094269037246,-0.51259446144104,0.1407272219657898,-0.4438359141349792,-0.0136881181970238,0.1929426491260528,-0.2214354574680328,-0.5873409509658813,-0.4135623872280121,-0.4071406424045563,-0.5993702411651611,0.487648457288742,0.2242782115936279,0.1675911098718643,-0.5403475761413574,0.1199017167091369,0.1179696023464202,0.1697641909122467,-0.1759710162878036,0.0114829167723655,-0.1525502800941467,0.0282090436667203,-0.1229961067438125,0.0094847762957215,-0.6527937650680542,-0.4276649355888366,-0.5186935663223267,-0.8451845645904541,-0.1182984411716461,0.1161651164293289,0.3922761380672455,-0.0325253829360008,0.1955144107341766,0.1770944148302078,0.2159095853567123,-0.2994886338710785,-0.1859803646802902,-0.8119920492172241,-0.0156768765300512,0.2146668434143066,0.2322666496038437,0.232969045639038,0.1962420046329498,0.1099632307887077,-0.0482075437903404,-0.2861345410346985,-0.012153910472989,-0.2400132715702057,-0.2711018323898315,0.9789894223213196,-0.2605230808258056,0.4552047252655029,-0.1963374316692352,0.1221195682883262,0.3167569637298584,-0.1554841697216034,-0.112817458808422,-0.0907303839921951,0.4706625342369079,-0.1368854939937591,-0.1007928028702735,0.0552294701337814,0.4654022455215454,-0.323762983083725,0.1653086394071579,-0.0653367415070533,0.1071037575602531,0.2053379118442535,-0.0762300416827201,-0.1510095745325088,-0.2405013442039489,0.1477335095405578,0.2341473698616027,0.2862294316291809,0.2517187595367431,0.2906464636325836,0.603635311126709,0.0465304367244243,0.2981800138950348,0.2586971819400787,0.7238072156906128,-0.2899322211742401,-0.2150292694568634,-0.4939345717430115,-0.0892949178814888,-0.4694490730762481,-0.1574169397354126,0.5626305937767029,-0.2203343510627746,0.2118527293205261,-0.1339785903692245,-0.6529372930526733,-0.0651318654417991,0.0051952362991869,0.0690673440694809,0.0703841000795364,0.3648920953273773,0.4399062097072601,-0.0126997204497456,-0.6327009201049805,0.5944579839706421,-0.3083150088787079,0.5145155787467957,0.3459455370903015,-0.5750617384910583,-0.2742610871791839,-0.0764722600579261,0.0789083093404769,0.0509687885642051,0.2437104284763336,0.5642279982566833,-0.3491406440734863,-1.0541503429412842,-0.1875897049903869,0.253937304019928,-0.1902288049459457,-0.4174838066101074,0.2181191146373748,0.1227318570017814,-0.9403929114341736,-0.6611847281455994,-0.3907082676887512,-0.2368012964725494,-0.0750048086047172,-0.9417609572410583,0.2107371240854263,0.0918762311339378,-0.0685869976878166,0.4357554912567138,0.0065562450326979,0.0523173697292804,0.2633278965950012,0.4124357998371124,0.32712522149086,-0.5278412699699402,-0.0882996395230293,0.1802866458892822,-0.0107608418911695,0.0757314711809158,0.4335595369338989,0.0022350514773279,0.1346089839935302,-0.0360789820551872,-0.6570267677307129,-0.1326983571052551,-0.3951635062694549,-0.8622023463249207,0.3906485438346863,-0.0485257804393768,0.2440661787986755,-0.4389907419681549,0.3586048185825348,-0.2363224476575851,0.0419668890535831,0.1436831504106521,0.0125273689627647,0.0706452205777168,-0.6102577447891235,0.3147449195384979,-0.4907277226448059,-0.4119032323360443,0.8037401437759399,0.6327239871025085,-0.277031272649765,0.0262137148529291,0.3444098234176636,0.0450162589550018,-0.3139759302139282,0.0423781313002109,-0.0282185282558202,-0.0554161630570888,-0.1430779546499252,0.2068943828344345,0.3075024485588074,0.0210439786314964,-0.2298358529806137,-0.2397428303956985,0.5746675133705139,0.4281243979930877,0.2773855924606323,-0.1015438437461853,-0.0849071964621543,-0.2149445414543151,-0.3835354745388031,0.1777462214231491,0.1371704339981079,0.6504777669906616,-0.1978227198123932,0.90113627910614,-0.1241719648241996,-0.3456954061985016,0.2918019294738769,0.6946764588356018,-0.100216694176197,0.2651370167732239,0.1185874417424202,0.1118910908699035,-0.889651358127594,0.1925767362117767,-0.256352037191391,0.2200701981782913,0.1242488473653793,0.4356253743171692,0.467876672744751,-0.6214590072631836,-0.260323166847229,-0.1672984957695007,0.1883513331413269,0.0608341209590435,0.5436148047447205,-0.025854293256998,0.0934903025627136,0.2462126761674881,-0.1927277445793151,-0.0298794582486152,0.1243695616722107,0.0780878812074661,0.8339083194732666,0.2224399149417877,0.0871190205216407,-0.2118162512779235,-0.8105356693267822,0.3458636999130249,-0.0689836740493774,0.018697315827012,0.4625156223773956,-0.282231330871582,0.1249693036079406,0.3071497082710266,0.6096946001052856,0.1468066424131393,-0.2993062138557434,-0.793890118598938,0.1002339199185371,-0.0204421188682317,-0.0992076396942138,0.2560797929763794,-0.0415349118411541,0.3648510277271271,0.203915536403656,-0.1634592562913894,0.0352919995784759,0.5447142124176025,-0.1733648031949997,0.0036587237846106,0.304246574640274,0.1871929317712783,-0.4307031333446502,0.0009281226666644,-0.2076293379068374,-0.4050754308700561,-0.4266373217105865,-0.2039306312799453,-0.2270745187997818,-0.0535288043320179,-0.1840565502643585,-0.0797881931066513,0.2254985123872757,0.1304506063461303,-0.1006392464041709,-0.3923006653785705,-0.3506778478622436,0.5158728361129761,-0.7764759063720703,-0.1357771307229995,-0.1237556636333465,0.0765950009226799,-0.1074878200888633,-0.0110861044377088,-0.3666615784168243,-0.1664658933877945,-0.1050653979182243,0.1489000916481018,0.0398935228586196,-0.416027158498764,0.2048544883728027,0.2299579083919525,-0.1175116971135139,-0.788458526134491,0.1993530094623565,-0.0932439640164375,0.6569687724113464,-0.1900956332683563,0.2818269431591034,-0.2750597894191742,0.2358642965555191,-0.3131818175315857,-0.1302007734775543,0.0328198932111263,-10.583672523498535,-0.0490938015282154,-0.445158988237381,-0.1263294517993927,-0.4172158241271972,0.4067028164863586,0.6914451718330383,0.2893685698509216,-0.4186541438102722,0.0356551110744476,0.3733002245426178,0.3360385596752167,0.267772227525711,0.3577016592025757,-0.6444789171218872,-0.2057143747806549,0.1316499561071396,-0.0891802087426185,-0.1396465450525283,-0.2161887139081955,0.2653757333755493,-0.0017534146318212,0.2895424365997314,0.6346953511238098,0.0794324725866317,-0.5257126092910767,-0.4686369895935058,0.2963267862796783,0.0342756062746048,0.2951556444168091,-0.3470078706741333,0.142052948474884,0.0479567125439643,0.319089412689209,-0.3116777241230011,-0.2718498408794403,-0.1247318685054779,0.3276664912700653,0.1142612621188163,0.191989004611969,0.2599020004272461,0.657625675201416,0.285983681678772,0.0854373276233673,0.2722641825675964,0.4464370608329773,0.5172173380851746,0.294055163860321,0.6834058165550232,-0.0487478226423263,0.0203231442719697,0.3268148303031921,-0.1709272563457489,-0.1003255695104599,0.3273875713348388,0.0490538142621517,0.7690467834472656,-0.6563530564308167,-0.44570192694664,0.073697306215763,-0.0454915389418602,0.0713259354233741,0.9178944230079652,0.5181217193603516,0.0308233760297298,-0.0776502043008804,0.312881737947464,0.4847948849201202,-0.5009794235229492,-0.2229619175195694,-0.0355613268911838,0.2150739580392837,0.0117330383509397,-0.0769709050655365,-0.5127115845680237,0.275899589061737,-0.004084981046617,-0.2585968971252441,0.3279469013214111,0.2067940235137939,0.1488009393215179,0.2203200012445449,0.015926444903016,0.1426022797822952,-0.5167419910430908,0.1087146177887916,-0.2099006623029709,0.1725313067436218,0.0848772972822189,-0.4644400477409363,-0.07003665715456,-0.2248544692993164,-0.0309130512177944,0.7703751921653748,0.4164022207260132,-0.0329809635877609,-0.0987273156642913,0.102551057934761,0.5012519955635071,0.0252322237938642,1
0.94775128364563,0.1173724234104156,1.316642999649048,-0.5017281174659729,-0.3689460754394531,0.3773109018802643,0.4919061958789825,0.0218652542680501,-0.6701852083206177,-0.388258546590805,0.4110503494739532,-0.6082220673561096,-0.2239027321338653,0.0021396484225988,0.4486876428127289,0.3260857462882995,0.1396327167749405,-0.0580708682537078,0.3864803910255432,-0.1840185970067978,-1.441098928451538,0.0032129483297467,-0.1135340332984924,0.4907000064849853,0.2903238534927368,-0.8052024245262146,-0.3805024921894073,0.2174103260040283,0.2277310788631439,-0.2582508325576782,-0.3997667729854584,0.0307863522320985,-0.3034184873104095,0.310472309589386,-0.8150948882102966,0.2950322329998016,-0.0864204242825508,-0.2391212731599807,0.5467090606689453,-0.2346615642309188,-0.5092453956604004,-0.3651424646377563,-0.2458496540784835,0.0250484980642795,-0.3836399614810943,0.4061118960380554,0.0486630946397781,0.3078769743442535,-0.197857454419136,-0.1264850795269012,-0.7915502190589905,0.5037461519241333,0.3707227408885956,0.2529644966125488,0.1934338510036468,-0.0269999038428068,0.8813539147377014,-0.9821504950523376,0.0848774835467338,0.1988138705492019,-0.1543801575899124,-0.4489288032054901,0.9525756239891052,-0.3061911761760711,-0.3852879405021667,0.0061098528094589,0.0189868658781051,-0.0998372137546539,0.8140808343887329,-0.4873258769512176,0.344953715801239,0.3151622116565704,0.0310182385146617,-0.5907379984855652,0.4138426184654236,-0.1672213524580001,0.1089688837528228,0.5058535933494568,-0.0674997791647911,-0.1316648423671722,0.3448272049427032,0.3038579821586609,0.2079891711473465,-0.2796406745910644,-0.4777310490608215,0.2567661702632904,-0.5231646299362183,-0.9273645281791688,0.4415215253829956,-0.2925563752651214,-0.0538848489522933,-0.1175196319818496,0.0734923109412193,0.116525687277317,0.461976557970047,0.0889632403850555,0.0371655523777008,0.0148884756490588,-0.4289518296718597,0.0856628566980362,-0.0710574984550476,0.0444853976368904,0.2986475825309753,-0.3397004306316376,0.2647976279258728,0.0749158188700676,-0.730405330657959,0.1759262084960937,0.2143139243125915,0.3802367448806762,-0.4679342806339264,-0.4221651256084442,-0.4808670282363891,-0.1362127810716629,0.4291914999485016,0.1207915768027305,-0.2129467129707336,0.3492516279220581,-0.1411748826503753,0.3885209858417511,0.0962946414947509,0.5547434687614441,0.002453860361129,-0.6714468598365784,-0.0555116161704063,0.7099156975746155,0.2608654201030731,-0.0216345302760601,-0.1543054282665252,-0.1704353094100952,-0.3158348202705383,-0.6510280966758728,-0.1548082381486892,-0.1528059840202331,-0.5972965955734253,0.4602174758911133,0.4048514664173126,-0.1352898031473159,0.01298972312361,-0.3717822134494781,-0.2705349326133728,0.0329854227602481,0.2751617133617401,-0.6006218194961548,0.3906432688236236,0.3406088054180145,-0.1427867263555526,-0.249962493777275,0.3837310671806335,0.2810518145561218,-0.0356912463903427,1.164789795875549,-0.8490410447120667,-0.0580755434930324,0.0007221431005746,0.4262295961380005,-0.9009002447128296,0.0691477507352829,0.4668187797069549,0.0882570445537567,0.4764738082885742,-0.2750900983810425,0.307360976934433,0.5119200348854065,0.3010843992233276,0.0418198630213737,0.199328139424324,-0.5934155583381653,-0.118900716304779,0.5268049240112305,0.4574305117130279,0.1648199558258056,0.4366768896579742,-0.1795542389154434,-0.2995133399963379,0.0599355995655059,1.3210430145263672,0.131308764219284,0.0058595780283212,-0.256692498922348,-0.1045788750052452,0.2693543136119842,0.3183890581130981,-0.4795559644699096,0.6003872156143188,-0.2974226176738739,0.4243681728839874,-0.0432594530284404,-0.2643187344074249,0.5357442498207092,-0.3717144131660461,-0.3282507956027984,0.4468185007572174,-0.4659784436225891,-0.2205624282360077,-0.6311503648757935,0.4972507357597351,0.1096862480044364,-0.676611602306366,0.43205526471138,0.1878221333026886,-0.307574450969696,-0.3271284997463226,-0.7429347634315491,-1.220770239830017,0.0458682365715503,0.1548320353031158,0.5692897439002991,0.0996578186750412,0.9358232617378236,-0.291261225938797,-0.1989966928958892,0.505968451499939,-0.0285303425043821,0.2987140119075775,-0.1682867109775543,-0.2884151935577392,-0.2473891228437423,0.0228896476328372,-0.466551810503006,0.2314996421337127,-0.400771826505661,0.1380075365304947,-0.0144428480416536,0.3250759243965149,0.6879263520240784,0.1789769679307937,-0.6184269785881042,-0.6871395111083984,0.1771272420883178,-0.892789363861084,-0.6030214428901672,-0.5983490347862244,0.0452367588877677,-0.5100491642951965,-0.7107734680175781,-0.2551888823509216,-0.026628665626049,-0.5758002996444702,0.704792857170105,-0.0401472933590412,-0.114395648241043,0.6105135679244995,-0.4791110157966614,-0.0474183745682239,0.5495051145553589,-0.15192811191082,0.2451046854257583,-0.2010300308465957,0.2171190977096557,-0.2154427766799926,-0.5596016049385071,0.028937442228198,-0.2809703946113586,0.6423804759979248,0.5641977190971375,0.8400527834892273,-0.6789668798446655,0.1634413748979568,-0.5081506371498108,-0.0548935942351818,-0.5110361576080322,0.0243724826723337,0.1101577505469322,0.1049648597836494,0.0590368285775184,-0.240217238664627,-0.2351835221052169,-0.3948086500167846,-0.7827419638633728,0.2921999990940094,-0.2143639326095581,-0.047423243522644,-0.3720040321350097,0.3671428561210632,0.0217059925198555,-0.5039645433425903,0.1623114049434662,-0.2507314085960388,-0.0461698547005653,-0.3694636821746826,0.4463103413581848,-0.6066151261329651,-0.2029113918542862,0.1732631921768188,0.203907236456871,-0.9895160794258118,0.1389112919569015,-0.3708057999610901,0.9550499320030212,0.6655372381210327,-0.6939769387245178,-0.1571587920188903,0.2295770496129989,-0.6140111088752747,0.1697186976671219,0.5241615772247314,-0.0134373940527439,0.682406485080719,0.1465516537427902,0.2888729572296142,0.8239008188247681,0.5796137452125549,0.104454219341278,-0.1271654665470123,-0.7269355654716492,-0.1870091557502746,0.3391287624835968,0.3795760869979858,0.1182256489992141,0.2604843080043793,0.9113913178443908,-0.5377025008201599,0.5646450519561768,0.8851120471954346,0.5391872525215149,-2.0579376220703125,-0.3423119783401489,0.5832024812698364,-0.0151042584329843,-0.759589672088623,-0.352277398109436,0.8209034204483032,0.5071016550064087,-0.2414571046829223,-0.6187499761581421,1.1440473794937134,0.3295051455497741,0.0613541863858699,-0.5434368252754211,0.095176100730896,-0.1873257756233215,-0.0404492057859897,-0.8191483616828918,0.3445096909999847,0.4255690574645996,-0.1087922528386116,-0.1732247322797775,0.076923944056034,-0.4785624742507934,-0.1412923783063888,0.2171568721532821,-0.8158102035522461,0.2320639044046402,-0.6630445122718811,-0.2896499931812286,-0.0403202250599861,0.8874858617782593,1.1063432693481443,0.1701773256063461,-0.9401575326919556,-0.6442153453826904,-0.646077036857605,-0.4406172633171081,0.0831818357110023,-0.352849394083023,-0.1805536746978759,-0.1730049401521682,0.3338890075683594,0.0542619936168193,0.1992109417915344,-0.5232218503952026,-0.2501255571842193,0.2529046535491943,-0.0438087508082389,0.5353254079818726,0.5611822009086609,0.1756169497966766,0.0674798414111137,0.4569131135940552,0.9648536443710328,0.3380883932113647,-0.0676516517996788,-0.7464489340782166,-0.1506033986806869,-0.5722528100013733,0.0340136066079139,-0.3090834021568298,-0.5844908952713013,0.6671366095542908,-0.4323138296604156,0.1775268465280532,-0.0575160570442676,-0.9385984539985656,0.2538460493087768,-0.3838684260845184,-0.2186372429132461,0.0112544456496834,0.196266770362854,-0.3066014051437378,1.3264989852905271,0.1582959592342376,0.5031972527503967,-0.4307092130184173,-1.043001651763916,0.3582607805728912,-0.2118205726146698,-0.0313922427594661,0.2178775519132614,0.1842791885137558,-0.2083347290754318,0.0049079498276114,-0.2088428288698196,-0.6047078371047974,-0.4797363579273224,-0.1741552203893661,-0.9646405577659608,-0.2052225023508072,-0.2893185615539551,0.5923017859458923,-0.2895740270614624,-0.0549882315099239,0.017693543806672,0.0998245403170585,-0.3994168639183044,-0.2871818542480469,-0.2183968126773834,0.3670180737972259,0.449763685464859,0.7569015026092529,0.2775266170501709,0.100539244711399,0.6747692227363586,-0.1866916567087173,0.3235169649124145,-0.274396151304245,-0.7075938582420349,-0.2073723673820495,0.9112719297409058,-0.5465337038040161,0.1461365669965744,0.1712982654571533,-0.089333675801754,0.4763753116130829,-0.3569649457931518,-0.927865505218506,0.4841615855693817,0.1008836925029754,0.2577694058418274,0.6376024484634399,0.4233948886394501,0.7172957062721252,0.5495918989181519,-0.0622022002935409,-0.2784615755081177,-0.0844631493091583,-0.2208123058080673,-0.1920157223939895,0.2061384171247482,-0.0982237234711647,0.3029255270957947,0.7171321511268616,0.3947082757949829,0.4324597120285034,0.7188161015510559,0.3858940899372101,-0.389268547296524,0.4747753441333771,0.1348943561315536,-0.0557727143168449,-0.1109421402215957,0.6605849862098694,-0.4082896709442138,0.3907800912857055,0.2065702229738235,-0.1813705563545227,0.5817940831184387,-0.0977762266993522,0.9398486018180848,-1.043189287185669,-0.5832615494728088,-0.626889705657959,-0.5796219706535339,-0.0027964443434029,-0.5658192038536072,-0.140582799911499,0.5280356407165527,-0.1176932230591774,-0.7761464715003967,0.0638950690627098,0.658113420009613,0.3885479569435119,-0.0449090227484703,-0.316041499376297,-0.2585292458534241,0.0431951954960823,-0.6868218779563904,-0.6616407632827759,0.1958622634410858,-0.1964258998632431,-0.4787997007369995,-0.8861027956008911,0.0074130594730377,-0.0103164622560143,0.6298323273658752,-0.4494985342025757,0.3327707946300506,0.2238941490650177,-0.4960865080356598,-0.2365241199731826,-0.3849330842494964,-0.2110832780599594,-0.3559989929199219,-0.331271082162857,-0.4221368730068207,-0.3721031844615936,0.1870522201061248,0.749828577041626,0.57932448387146,0.004015265032649,0.0753402188420295,0.4891727864742279,0.1869558990001678,-0.3290881514549255,0.0347938127815723,-0.459599882364273,-0.2827969193458557,-0.5156644582748413,-0.0107354875653982,-0.2543314099311828,0.0082873171195387,-0.2837506830692291,-1.1472055912017822,-0.5756711959838867,0.1146640032529831,-0.9890586137771606,0.336430937051773,-0.0570718497037887,0.6087896823883057,-0.8617693781852722,-0.0427790880203247,-0.2551881670951843,0.0427073463797569,-0.2691774070262909,0.5126655101776123,-0.3629481494426727,-0.8731046915054321,-0.0752403512597084,0.1398470252752304,-0.7469031810760498,1.3227258920669556,0.2702732980251312,-0.4243772029876709,0.3200898766517639,0.5918201208114624,0.3543504774570465,-0.4506686329841614,-0.0404456704854965,-0.1937918663024902,0.5224626660346985,0.1898347586393356,-0.4154056012630462,0.3864432871341705,-0.0893473774194717,-0.0332515574991703,0.0741094127297401,0.6888866424560547,0.1676843911409378,0.5645897388458252,0.6759856343269348,-0.7002256512641907,-0.0219210609793663,-0.56084144115448,0.0903962925076484,-0.0203517600893974,0.631005585193634,-0.5794175863265991,0.6931965947151184,0.4330489933490753,-0.6122232675552368,0.349486380815506,1.2386590242385864,-0.0071687996387481,0.9920008778572084,0.0020759857725352,0.1580575108528137,-0.4173475503921509,0.1612988859415054,0.4689893424510956,0.0249490030109882,0.3048522174358368,0.2278130501508712,-0.1708904802799224,-0.3457862734794616,0.4413183033466339,-0.1777487695217132,-0.3387014269828796,0.313405692577362,0.2557193040847778,-0.1922087222337722,0.860644519329071,0.431912362575531,0.4420181214809418,-0.1252801269292831,0.3504112660884857,0.6421331763267517,0.9770622849464417,0.0562372133135795,0.3010036945343017,-0.3268188238143921,-0.4130631685256958,0.4183343350887298,-0.0179550610482692,-0.1114342436194419,0.6509515643119812,-0.406890869140625,-0.3417459428310394,0.4774061441421509,0.3182330131530761,0.262900561094284,-0.178569346666336,-0.8125022053718567,0.0593070238828659,-0.2837048768997192,-0.0981518253684043,0.0321839228272438,0.1914244890213012,0.7979729175567627,0.3160221874713897,0.1596185564994812,0.2733621001243591,0.9783291220664978,-0.1242507174611091,-0.2472241073846817,0.0416438691318035,-0.0171143263578414,0.2451831698417663,0.0873798877000808,0.7011855244636536,-0.0443194583058357,-0.1437614411115646,0.6608770489692688,-0.2220726907253265,0.1619366407394409,-0.1955505609512329,0.3790335357189178,-0.0452921874821186,0.0818844512104988,0.1042823195457458,-0.1087192669510841,-0.0591908395290374,-0.2640201151371002,-0.9510142207145692,0.1158906146883964,0.2073425948619842,0.2250636368989944,-0.5712059140205383,0.1429078429937362,-0.4892480671405792,-0.5565018057823181,-0.193626195192337,0.5225298404693604,-1.1462353467941284,-0.7008061408996582,0.7900848388671875,0.0378482453525066,-0.4938881397247314,-1.2737497091293335,0.7529394626617432,0.4563989341259002,0.3972026407718658,0.1368719339370727,0.1930549144744873,-0.0734303593635559,-0.1710683703422546,-0.1105351075530052,-0.4500059485435486,-0.5432879328727722,-9.694493293762209,0.31403648853302,-0.2052793651819229,-0.4329672157764435,-0.1198763623833656,-0.4910621047019958,1.1029752492904663,0.922713577747345,-0.4386252164840698,0.6169313192367554,-0.3877057433128357,0.00970895960927,0.2820572555065155,0.2625912129878998,-0.2348571419715881,-0.0952555835247039,-0.6197619438171387,0.277277410030365,-0.0588202476501464,0.010323042050004,-0.6390373110771179,-0.2990011870861053,0.6788322925567627,0.126068577170372,0.4451174139976501,-0.4278421401977539,-0.1202281489968299,0.2633188664913177,0.3067159652709961,0.3486003875732422,-1.0898029804229736,0.4777397215366363,-0.0891677439212799,0.2930540442466736,-0.2903353869915008,0.4414325952529907,0.0791541188955307,0.4572458863258362,-0.1976640820503235,0.50599205493927,0.3323367834091186,0.1710262447595596,-0.1237399354577064,-0.140757605433464,0.3802380263805389,-0.1309256106615066,0.0007667838362976,0.2207339704036712,0.7491353750228882,-0.359279453754425,-0.4368247389793396,0.1314577311277389,0.3515811562538147,-0.3438516855239868,0.4336209297180176,0.0727652162313461,0.4582828879356384,-0.7198010087013245,0.1200947016477584,0.1198674142360687,0.4687196314334869,0.4256715178489685,0.4933706521987915,0.7920346856117249,-0.0918520241975784,0.5673166513442993,0.0178303513675928,0.1608434319496154,-1.1328779458999634,-0.1149405762553215,0.3954378068447113,0.2839181423187256,0.2034425586462021,0.1563435494899749,0.0008231900865212,0.0548231825232505,-0.1990682482719421,0.2183517217636108,-0.0294011756777763,0.144124150276184,0.3941380977630615,-0.4038606286048889,-0.1983039677143097,0.4366379678249359,-0.7118498682975769,0.3044184446334839,0.2141147553920745,-0.3410414457321167,0.3150749802589416,-0.5044310092926025,0.6409334540367126,-0.0832193717360496,-0.5852536559104919,0.6678462028503418,0.3726235628128052,-0.3012545704841614,-0.4017639458179474,-0.36842742562294,0.3341236114501953,-0.585013210773468,1
0.1059571653604507,0.3400538563728332,0.2309443056583404,-0.5771924257278442,0.3838703334331512,0.2666478753089905,-0.1735000908374786,0.1951106339693069,-0.0843930467963218,-0.3147010803222656,0.8027382493019104,-0.2645193636417389,-0.1719714552164077,-0.3638120293617248,0.4976372718811035,-0.0530947782099247,0.3921075463294983,0.034434974193573,0.0571922846138477,0.0535839758813381,-0.2755184173583984,-0.8965079188346863,-0.2734876871109009,0.6938999891281128,0.353704422712326,-0.6102827191352844,0.1340668350458145,0.5534462928771973,0.1715666949748993,0.0417400822043418,-0.7571069598197937,-0.2751629054546356,-0.5032557249069214,0.2917308807373047,-0.4609568119049072,0.2657385766506195,0.2567656636238098,-0.2057435065507888,-0.1637833714485168,-0.3165516257286072,-0.0615312047302722,-0.0047376514412462,0.1095427945256233,-0.1818056851625442,0.113456904888153,0.099284790456295,-0.2168059945106506,0.1542026847600937,0.5288239121437073,-0.1707174777984619,0.0193405617028474,0.3253199160099029,0.2735639810562134,-0.2362971305847168,0.0093983169645071,0.1325944364070892,0.7681185603141785,0.0570726096630096,-0.2052086293697357,-0.2216740101575851,-0.3640479445457458,-0.0021080868318676,-0.3836055696010589,0.1155076995491981,-0.3564522564411163,-0.0704809054732322,-0.2865083515644073,-0.0657990276813507,-0.63179612159729,-0.3985957503318786,-0.3286933004856109,0.2192962765693664,-0.1271819323301315,-0.0750274062156677,0.6588200926780701,-0.1309004724025726,-0.262359619140625,0.1577576845884323,0.4839895069599151,-0.4926526546478271,-0.8461741805076599,0.4437356293201446,-0.439153254032135,-0.2883462905883789,0.1821458339691162,-0.0146640660241246,-0.3787900507450104,-0.4052824378013611,0.2969857156276703,-0.0586355999112129,0.0902661606669426,0.3410567045211792,0.1275450438261032,-0.2217815071344375,-0.3090598583221435,0.3730552792549133,0.2873484492301941,-0.5103719830513,-0.3562077581882477,0.1969900876283645,-0.0006037247367203,-0.0352663025259971,0.2951134443283081,0.1048066020011901,-0.0245320107787847,-0.087751604616642,0.0103533407673239,0.2079409509897232,0.088148646056652,-0.166606068611145,-0.5467268824577332,-0.6684709191322327,-0.070369154214859,0.0593598149716854,-0.0870667472481727,-0.1695784032344818,-0.1780161559581756,0.4334149062633514,-0.5036294460296631,0.1156553998589515,0.0042271176353096,-0.0527548938989639,-0.1981828212738037,-0.0797740742564201,-0.0224983748048543,0.3282719254493713,-0.0090785780921578,-0.1147875860333442,-0.2434912025928497,-0.3864939212799072,0.0551508329808712,-0.0266456268727779,-0.2535417079925537,0.2476914077997207,-0.3482769727706909,0.2774668037891388,0.0815193578600883,-0.100045345723629,-0.3195858001708984,-0.6961678266525269,-0.2319762855768203,0.1287014782428741,-0.1306047588586807,-0.108367346227169,-0.3012636303901672,0.1317061185836792,0.1703453958034515,-0.0821683555841445,0.5687766671180725,0.6305144429206848,-0.3826445937156677,0.7813477516174316,-0.1385732889175415,-0.6531199216842651,0.2466904670000076,0.1983786076307296,-0.7285078167915344,0.2113118171691894,0.0982494056224823,0.5660445094108582,-0.0644169524312019,-0.0212488081306219,0.0676087364554405,0.3937152028083801,0.2340177744626999,0.6167125701904297,0.2586544752120971,0.0978830307722091,0.1979928761720657,0.3845890164375305,-0.2289746254682541,0.4046419858932495,0.1383172869682312,-0.4629587531089782,-0.0180749148130416,0.238206997513771,-0.1637164056301117,0.1796968579292297,0.3807401061058044,-0.552869439125061,0.047571811825037,-0.2819766402244568,0.135278582572937,-0.1515090316534042,0.1951124817132949,-0.2231865972280502,0.0969530269503593,-0.1926213055849075,0.1001612693071365,-0.0401294231414794,-0.3744893968105316,-0.2877252399921417,0.2855384349822998,-0.1697675883769989,-0.1497691124677658,-0.0579272359609603,0.0490153431892395,-0.2826198637485504,-0.1906986385583877,0.3478758037090301,0.172385960817337,0.212730661034584,-0.2242172211408615,-0.1318263411521911,-0.9882841110229492,-0.048592522740364,0.029861444607377,0.3792737126350403,0.1659673452377319,0.2678952515125274,-0.2351045310497284,0.1906478106975555,0.3108884692192077,0.1774364411830902,0.0167052969336509,-0.0494879893958568,-0.6719102263450623,-0.4103013575077057,0.6472107768058777,-0.4403210878372192,-0.118621714413166,-0.2530803680419922,0.1957572102546692,0.4501052796840668,-0.1938936859369278,0.0424554236233234,0.3124758899211883,-0.041583988815546,0.0007571410387754,0.2262646108865738,-0.2040574550628662,-0.2400078922510147,-0.9391317367553712,0.0026036538183689,-0.4152588248252868,0.3876334726810455,-0.681658923625946,0.3880289196968078,-0.0324342958629131,0.196527674794197,0.3469210863113403,0.0634388998150825,0.0641265884041786,-0.2145391255617141,-0.1037872806191444,0.2776774168014526,-0.0539604909718036,-0.1479257494211197,-0.266260951757431,0.358363538980484,-0.6517946124076843,-0.7177068591117859,0.2591176033020019,-0.5843756198883057,0.3382629454135895,0.121803417801857,0.0525153949856758,0.0511007942259311,0.1032933518290519,-0.2415840327739715,-0.2410765141248703,-0.7802421450614929,-0.017749723047018,-0.1794995665550232,0.0293822959065437,0.0887054055929184,0.2524709105491638,-0.4165751039981842,-0.2814168632030487,0.0799126252532005,-0.0191104691475629,-0.2916401624679565,-0.1803065687417984,0.1164290830492973,-0.6932247281074524,-0.0767013356089592,-0.0529033094644546,0.5940852165222168,-0.6380890607833862,-0.0908126831054687,-0.758761465549469,0.6661263704299927,-0.661527693271637,0.1103249564766883,-0.1251478046178817,0.1523359417915344,-0.2009061425924301,-0.6525549292564392,0.0550641119480133,0.2237908244132995,0.6273515224456787,-0.4230823516845703,-0.426233559846878,-0.352253794670105,-0.2910065054893493,-0.0513292327523231,0.4960323870182037,0.1077206954360008,-0.1669824570417404,-0.0206979569047689,0.2043613195419311,0.2179169505834579,0.2041508704423904,-0.3387033641338348,-0.2892106473445892,-0.3300189673900604,-0.0662595033645629,-0.2987061142921448,0.8422017693519592,0.0322278626263141,-0.0874947980046272,0.9466583132743835,-0.5454639792442322,0.0870389193296432,0.5819045305252075,0.2000969499349594,-2.047168493270874,-0.1033317819237709,0.05845333263278,0.4854371547698974,-0.3314176201820373,0.3784265518188476,0.354712426662445,0.5397021770477295,-0.0863233655691146,-0.3490740656852722,0.6388276219367981,0.7761021256446838,-0.2194031774997711,-0.4746674597263336,0.2453248053789138,0.0650144889950752,0.2697949111461639,-0.6023880243301392,-0.1580047011375427,0.1618616133928299,0.1444800645112991,0.083244152367115,-0.1922890245914459,-0.5669565796852112,0.2928471565246582,-0.2410579621791839,0.2577365934848785,0.434993714094162,-0.4438458085060119,-0.0917096361517906,0.3795478641986847,0.4857932329177856,0.5103922486305237,1.0124081373214722,-0.2783331274986267,0.1552206575870514,0.5012499690055847,0.4235322773456573,0.3322260975837707,-0.0334758572280406,0.0160164404660463,-0.1646855920553207,0.479555070400238,0.3866126239299774,0.4413031339645386,0.1791224926710128,0.6388351321220398,0.0984200313687324,-0.0413713119924068,0.4633150398731231,0.2384280264377594,0.3008832335472107,0.5992024540901184,0.4029504954814911,0.439857006072998,0.0989842861890792,-0.3794116675853729,-0.2716012597084045,0.3487310409545898,-0.3229025900363922,-0.2052622735500335,0.2634295523166656,0.3249772787094116,-0.3106406927108764,-0.4349835813045501,0.0747896060347557,0.2361587136983871,-0.3890628218650818,-0.2196258902549743,-0.4768176078796386,-0.6820852756500244,0.0887865275144577,-0.5716986060142517,-0.9163685441017152,0.0613403730094432,-0.0102463383227586,0.3357308804988861,-0.2484477162361145,-0.5951440930366516,0.3427809476852417,-0.396180123090744,0.0879837796092033,-0.0494026504456996,-0.1437525749206543,-0.2178219556808471,0.2060196101665496,-0.1418224573135376,-0.0009865944739431,-0.2737459242343902,0.2979185283184051,0.034730739891529,-0.0665253251791,0.2084787636995315,0.2208558022975921,-0.1145813688635826,0.1445261389017105,-0.0466415882110595,-0.2929684221744537,-0.2494706660509109,0.2093340307474136,-0.8327392935752869,0.1250572502613067,0.0105184288695454,0.0124474354088306,0.4486328661441803,0.1652565598487854,0.6687241196632385,-0.1654854714870453,-0.1891048550605774,0.2979645729064941,-0.0415671057999134,-0.3798434436321258,0.7898012399673462,0.022899093106389,0.2413435131311416,-0.2352110147476196,0.1407174319028854,0.4582234919071197,-0.4627985954284668,-0.3111014664173126,0.290492832660675,-0.0453866571187973,-0.276922345161438,-0.1090871393680572,0.1479161530733108,0.9469146728515624,-0.5337070822715759,0.4899646937847137,0.1442008018493652,-0.180379718542099,0.1259381026029586,-0.2053383737802505,-0.2272995412349701,-0.3227701187133789,0.3168374896049499,0.2461184114217758,0.5081591606140137,-0.0795721188187599,0.1354317218065261,0.6793567538261414,-0.0565627962350845,0.1801158338785171,0.6301148533821106,0.2520212531089782,-0.2277378290891647,-0.6106905341148376,-0.4821702241897583,-0.1590699553489685,-0.4832443594932556,0.2742177844047546,0.1704631149768829,-0.1025941520929336,-0.2147477865219116,-0.1614643782377243,-0.27772918343544,-0.1435036212205886,-0.3160096406936645,0.0644951313734054,0.3289828300476074,0.2703443765640259,0.4721486568450928,0.1399042606353759,-0.284279465675354,0.2281328588724136,0.1522262096405029,0.5974050760269165,0.414104700088501,-0.2239081263542175,-0.3233785927295685,0.1999104470014572,-0.0716648027300834,-0.2649140954017639,-0.1928761899471283,0.4473563134670257,-0.0654338002204895,-0.0852353498339653,0.2112231850624084,0.2126767337322235,-0.3635460138320923,0.3620560467243194,0.005001884419471,-0.0368710272014141,-0.4408215880393982,-0.796744704246521,-0.5997400879859924,-0.2538684904575348,0.2107051759958267,-0.5933626890182495,0.0352531261742115,0.0279194302856922,-0.019096391275525,-0.0312988795340061,0.0073923463933169,-0.2650518119335174,-0.0674720406532287,0.5596599578857422,0.46162149310112,-0.2523075640201568,-0.0654356852173805,0.1910900920629501,0.109083354473114,0.0888506323099136,0.5516899228096008,0.0808266699314117,0.1234796270728111,-0.1668127179145813,-0.6386042237281799,0.1584585756063461,-0.1135457009077072,-1.1642258167266846,0.1972486227750778,0.0009148342069238,-0.0134316449984908,-0.2050182819366455,0.0905603840947151,0.1139087900519371,-0.2253737300634384,0.0325983650982379,0.2289625257253646,-0.087312713265419,-0.7382491827011108,0.4090926349163055,-0.0950387418270111,-0.4141454994678497,-0.0854952707886695,0.1996116489171981,-0.4759863317012787,-0.0396056026220321,-0.0349299237132072,0.1682693362236023,-0.1657952070236206,0.3649616539478302,-0.3950811922550201,-0.2567009329795837,0.4965659081935882,0.0296402070671319,0.1355801224708557,0.2577840983867645,-0.4003247022628784,0.1220423653721809,0.4047800600528717,0.7447879314422607,0.2780249118804931,-0.0576530434191226,-0.0606102645397186,-0.1945437788963318,-0.6275726556777954,0.5117283463478088,0.6967383027076721,0.3208017945289612,-0.3727966248989105,0.3812443315982818,0.3662632703781128,-0.507493793964386,0.6383531093597412,1.1102690696716309,0.3562947511672973,0.3124137222766876,-0.0839640274643898,0.0297488383948802,-0.7996014356613159,0.0840087383985519,-0.0400531142950058,0.6436910033226013,-0.0840645506978035,-0.0463601313531398,0.5039343237876892,0.1580976992845535,-0.2768726050853729,0.1814708858728408,0.2368687838315963,0.0980499610304832,0.26227867603302,0.2389337420463562,0.6560611724853516,0.189102366566658,0.1351083219051361,-0.2778794467449188,0.0363457612693309,0.0640146434307098,0.5191914439201355,-0.2345632314682006,0.3239462673664093,-0.1593889147043228,-0.94009131193161,-0.4990561902523041,-0.1031642332673072,0.3380523025989532,0.3726098537445068,0.2413626611232757,-0.395672857761383,0.1770281791687011,0.4501660466194153,0.0364853106439113,-0.3136026263236999,-0.4997383952140808,0.0284145474433898,-0.1361332386732101,-0.1611880511045456,0.1359979063272476,-0.4097647964954376,0.5148715376853943,0.097862534224987,0.3833812773227691,0.4241642355918884,0.7933186292648315,0.1569468528032302,0.0939410477876663,0.4693675339221954,0.0077596451155841,-0.3924800753593445,0.2216277569532394,0.3095201253890991,-0.1817280203104019,-0.0709444209933281,0.2518294751644134,-0.1703017652034759,-0.0868276730179786,0.1354048103094101,-0.2165524810552597,0.5541257858276367,-0.0624028109014034,-0.5181902647018433,-0.2939152717590332,-0.2121781110763549,0.0148552320897579,-0.7585910558700562,-0.1129884794354438,-0.2627875804901123,0.2011488974094391,-0.0096868593245744,-0.3735319375991821,-0.4186031520366668,-0.1606371849775314,-0.3655887246131897,0.3483074307441711,-0.2857531309127807,-0.337914228439331,-0.0186379961669445,0.629578709602356,-0.5196065306663513,-1.205642819404602,0.4386274814605713,0.2140254378318786,0.6964661478996277,-0.2597257196903229,0.3156619966030121,-0.1779707372188568,0.2723940312862396,0.1679078489542007,-0.2602838277816772,0.1538334041833877,-10.47197151184082,-0.01582682877779,-0.4364051222801208,-0.2119185626506805,-0.1538925170898437,0.5954983830451965,0.2159894108772277,0.0540154762566089,0.0241162832826375,0.2674185037612915,0.466568261384964,0.3982570767402649,0.5198328495025635,0.560923159122467,-0.440689355134964,-0.1870642453432083,-0.0151860360056161,-0.2911134362220764,0.1745216697454452,0.3801847100257873,0.3455916345119476,-0.1749753952026367,0.4759343862533569,0.5878525972366333,0.0819604843854904,-0.3523178994655609,-0.4849379658699035,0.1386933922767639,-0.3309721052646637,0.2567238211631775,-0.299211323261261,0.2453407347202301,-0.4839208424091339,0.6034390926361084,-0.3368691802024841,0.0910930037498474,-0.1722019463777542,0.1448059380054474,0.1254611611366272,0.456928551197052,0.1785778105258941,0.0831786543130874,-0.0092899361625313,0.0365067012608051,0.257893830537796,0.4729359447956085,0.1236770153045654,0.1346370428800583,0.2615242302417755,0.1386225074529647,-0.0942716002464294,-0.5109432935714722,0.3946022093296051,-0.2368938773870468,0.1176411658525466,0.3680230975151062,0.3773775994777679,-0.6562960147857666,0.0522089526057243,-0.1633338332176208,0.0603837557137012,-0.2444898188114166,0.5168721675872803,0.2117209136486053,0.136465698480606,0.0634612739086151,0.5022547841072083,0.5422195196151733,-0.2557250261306762,-0.1038306578993797,0.1844304949045181,-0.03320849314332,-0.2522164285182953,-0.1746121793985366,-0.293649822473526,0.6714987754821777,-0.3955292403697967,0.2074478268623352,-0.2823221087455749,-0.017865115776658,0.3507514894008636,-0.2120216935873031,-0.5207259654998779,0.6787790656089783,-0.1957950592041015,-0.2379001528024673,-0.2160743474960327,0.2369860559701919,0.7229220867156982,-0.6137766242027283,0.2694832384586334,-0.3009182214736938,-0.0321903079748153,0.247115209698677,0.4210285246372223,0.286464512348175,-0.2624143362045288,0.3637314438819885,0.3997511267662048,0.1564647257328033,1
0.1231138110160827,0.4492609798908233,0.3884042799472809,0.0412229038774967,0.0758494585752487,0.5558128356933594,0.2306105643510818,0.1551999896764755,-0.4046125411987304,-0.4644301831722259,0.0374848321080207,-0.1543157696723938,-0.2079087793827057,0.6230141520500183,0.0749955996870994,-0.0330402813851833,-0.2268550395965576,-0.1624379307031631,-0.3136763870716095,-0.2009812891483307,-0.4487609565258026,-0.3970475792884826,-0.4971101582050323,0.4764551222324371,-0.2808994054794311,-0.0796614587306976,-0.0104049891233444,0.1680516749620437,0.2500545084476471,-0.1148869171738624,-0.0953003466129303,-0.4020711779594421,-0.5611262321472168,0.0101643595844507,-0.6131436824798584,-0.0841822996735572,-0.4243415892124176,-0.1154774501919746,0.2670247554779053,0.0216015093028545,-0.0181246995925903,-0.1735791265964508,-0.3490122854709625,-0.333618551492691,-0.0702253431081771,0.4099800288677215,0.2204208374023437,0.3000068664550781,0.2423617392778396,0.0448936149477958,-0.0321125537157058,0.3012973070144653,0.192337691783905,0.0826527848839759,0.4473689198493957,-0.5930591821670532,0.8809794783592224,-0.8074719309806824,0.2130884379148483,0.5514248013496399,-0.6567736268043518,-0.3907581865787506,0.1432421207427978,0.2119351327419281,-0.093148149549961,-0.2198729664087295,0.3205922842025757,-0.022681538015604,0.1360212862491607,-0.7621728181838989,0.2123498320579528,-0.1271419823169708,-0.0643603503704071,-0.1578206121921539,0.2649607956409454,-0.7738043665885925,0.3087517917156219,-0.1347953975200653,-0.0922530516982078,0.4323457479476928,-0.6077329516410828,0.8605305552482605,0.1024291589856147,-0.4221510291099548,-0.0294526703655719,-0.123188279569149,-0.6463356018066406,-0.8160682916641235,0.4599822163581848,-0.2753682434558868,0.2812662720680237,0.3788725137710571,0.1458035409450531,0.7601058483123779,0.0165413618087768,0.0440185964107513,0.3510110378265381,0.387873113155365,0.0899581685662269,0.3239330947399139,-0.462004005908966,-0.0534325987100601,0.5842787623405457,-0.8378627896308899,-0.1350140571594238,0.0442395322024822,-0.4432619512081146,0.4669585824012756,0.1385521590709686,0.0495200753211975,-0.2713117301464081,-0.2956724762916565,-0.3439642786979675,0.2891451716423034,0.2782316505908966,0.3838802874088287,-0.0002128552878275,0.3526578843593597,-0.2968418300151825,0.4204418957233429,0.1402692347764969,0.6628037691116333,0.0109529132023453,-0.2493162453174591,-0.7611669898033142,-0.1784507483243942,0.2513410449028015,0.2485608905553817,0.0415656119585037,-0.8785262107849121,0.1427153050899505,-0.036750178784132,-0.5656404495239258,-0.1953497976064682,-0.3722878396511078,0.6866252422332764,-0.0380434580147266,0.1799145638942718,-0.1077672466635704,-0.458080381155014,-0.6979972124099731,0.2590562403202057,-0.1680516898632049,-0.0491655878722667,-0.2135801017284393,-0.0960002318024635,-0.0139121320098638,0.1986266672611236,0.6022095680236816,0.5109342336654663,-0.1990288496017456,1.0830914974212646,-0.4651145339012146,0.0338232852518558,0.3894877731800079,0.1737095117568969,-0.5139617919921875,-0.0087816445156931,0.2318317294120788,0.5932332277297974,0.5720173120498657,-0.4909519255161285,0.355887770652771,0.9361818432807922,0.0049250083975493,0.2354423254728317,0.4689258635044098,-0.1164900213479995,0.3047364354133606,0.5328068137168884,0.5977091193199158,0.5410733819007874,0.0592143833637237,-0.2418918311595916,0.010082459077239,0.5177382826805115,0.7239014506340027,0.0804607421159744,0.1661899983882904,-0.5361214876174927,0.0783840641379356,-0.0655987709760665,-0.0093996971845626,-0.8041617274284363,0.2197591960430145,-0.3057252764701843,0.1525004506111145,-0.0831784009933471,-0.2190597802400589,0.0048233796842396,-0.2455145269632339,-0.142656996846199,0.1653960347175598,-0.1805367618799209,0.0226214379072189,0.252815306186676,0.1008603945374488,-0.0736695155501365,-0.3125497698783874,0.0027908934280276,-0.2689207196235657,0.0918744355440139,-0.0830516815185546,-1.101097583770752,-0.9538522958755492,0.1038811057806015,0.5318265557289124,0.4946764707565307,0.3651838898658752,-0.0952106788754463,-0.2399941682815551,0.2045545428991317,0.7216549515724182,0.1952834278345108,0.4752112329006195,0.4693156778812408,-0.5757101774215698,-0.1049781814217567,0.1779050976037979,0.3130639493465423,-0.0979202687740325,0.082808680832386,0.0422740578651428,-0.0802398845553398,-0.0945495218038559,0.8080146312713623,0.1936263293027877,-0.1150619089603424,0.0054282308556139,0.7240721583366394,-0.7917774319648743,-0.2525116801261902,-0.5103409886360168,-0.2524421513080597,0.0004336121783126,-0.1393671780824661,-0.5123047828674316,0.512993574142456,-0.0856382101774215,-0.0278315190225839,-0.4146546721458435,-0.2266345173120498,0.5573171377182007,-0.5894581079483032,0.2186111509799957,0.2767102420330047,-0.1298295557498932,0.034149307757616,-0.5827338099479675,-0.1074302047491073,-0.4650209546089172,-0.5124746561050415,0.095265544950962,-0.2727013528347015,0.877055287361145,0.0307052470743656,0.7117515802383423,-0.1736073940992355,0.1399305462837219,-0.2337078005075454,-0.1700103282928466,-0.4660062491893768,-0.3893087208271026,-0.3200649917125702,0.36192587018013,0.2422608286142349,0.5455904603004456,-0.2525476515293121,-1.6800079345703125,-0.0829514935612678,0.0901246294379234,-0.590021550655365,-0.1166232600808143,-0.134414792060852,-0.1570027023553848,-0.3502565920352936,-0.0730955302715301,0.7539610862731934,-0.6830848455429077,-0.1346728652715683,-0.2110080420970916,0.4071735441684723,-0.4598382413387298,0.0623786784708499,0.1153885349631309,0.4106982946395874,-0.1908294707536697,-0.6963496804237366,-0.3930406868457794,0.0179575663059949,0.1430064439773559,0.0185511503368616,-0.4818713068962097,-0.014843457378447,-0.4170853197574615,0.2829124331474304,0.1637875735759735,-0.4432901740074157,0.3415219485759735,0.3085688650608063,0.6146608591079712,0.5549052357673645,0.5430335402488708,-0.1672431081533432,-0.6714587807655334,0.2201706171035766,0.1896889805793762,-0.3027598261833191,0.559830367565155,-0.5565181374549866,0.3516184091567993,0.342310756444931,-0.3357832729816437,0.2908375561237335,0.6458819508552551,-0.0310758836567401,-1.572529911994934,-0.2528011500835418,0.3623014986515045,0.2087958753108978,-0.3817519247531891,0.1319604963064193,0.1576255410909652,0.3442347347736358,-0.5063840746879578,-0.2880071401596069,0.5498164296150208,0.1964365392923355,0.2621631324291229,-0.1872194111347198,0.5826170444488525,-0.5048829913139343,0.0397969894111156,-0.6787499785423279,-0.0171617232263088,0.4861078262329101,-0.2345322966575622,-0.1444097906351089,0.265208750963211,-0.3782488405704498,-0.2671854197978973,0.4098029434680938,-0.1968329399824142,0.0528481900691986,-0.2974405884742737,-0.0400130189955234,0.2802795171737671,1.4972728490829468,0.5008471608161926,0.6121992468833923,-0.323981761932373,-0.3650017976760864,0.2641220986843109,0.1231701672077179,0.3433264493942261,-0.3920523524284363,-0.1274280995130539,-0.3564356565475464,0.0299845319241285,-0.0609694756567478,0.0171967726200819,-0.0190320536494255,-0.2858986556529999,0.1662586331367492,-0.461461454629898,0.2694081962108612,0.4638465940952301,0.0398641116917133,0.2293373197317123,0.6746375560760498,0.5301793813705444,0.2003440409898758,-0.2477969080209732,-0.5393532514572144,-0.0063035571947693,-0.5178176164627075,0.377795934677124,0.0354310274124145,-0.0208152793347835,0.3716359138488769,-0.301368772983551,0.1769916862249374,0.0036387762520462,-0.2827593982219696,0.0379030369222164,-0.5908679366111755,-0.3027498126029968,-0.1490825861692428,0.0798156931996345,-0.3840076625347137,0.2991436719894409,0.4653516709804535,0.5443713665008545,-0.3986534774303436,-0.392270028591156,0.0972675308585167,-0.0983534157276153,0.1271000504493713,0.0717663019895553,0.2141284644603729,-0.0405843406915664,-0.1314437687397003,-0.5324204564094543,-0.4545006453990936,-0.6074473857879639,-0.0998709499835968,-0.4864875674247741,-0.2520653307437897,0.2662206590175628,0.6392948627471924,-0.0061220834031701,-0.0002625654451549,0.2046940177679062,0.2406426519155502,-0.427702397108078,-0.5291266441345215,-0.0238432958722114,0.3131350576877594,0.5644910335540771,0.3777675032615661,0.5966751575469971,0.1175851374864578,0.3224056363105774,-0.0339446403086185,0.1585583239793777,0.3659508824348449,-0.3815783858299255,-0.299306184053421,1.030006766319275,-0.4189485609531402,-0.0196306072175502,-0.1873382329940796,0.1946061700582504,0.7992408275604248,-0.2151150107383728,-0.7935209274291992,0.418662279844284,0.0426677353680133,0.2311915755271911,0.6340779662132263,0.4241951704025268,1.04574716091156,0.288774311542511,0.4176480174064636,0.3807947933673858,-0.2010767459869384,0.1479807496070861,-0.3861715495586395,-0.0557927750051021,-0.1404449790716171,0.3929578959941864,0.7641176581382751,0.3738381564617157,0.2858656346797943,0.0353921093046665,0.4459830820560455,-0.5208247900009155,0.1525947600603103,0.383240669965744,-0.202982485294342,-0.5346816182136536,0.218737781047821,-0.972753882408142,-0.8207621574401855,-0.1421180963516235,-0.0154181104153394,0.4628665149211883,0.0081729851663112,0.3942067325115204,-0.5851307511329651,-0.7573434114456177,-0.478797048330307,-0.9843683242797852,-0.0697788372635841,0.0517299473285675,-0.19020776450634,0.5906980037689209,0.300529271364212,-0.9819388389587402,0.461364597082138,0.3210695385932922,0.48450767993927,0.1785139143466949,-0.3847949206829071,-0.321662425994873,0.8443519473075867,-0.5014409422874451,-0.4166518449783325,0.750177800655365,-0.0743482336401939,-0.0699120983481407,-0.3655387163162231,-0.2019563913345337,0.1565447747707367,0.4733108282089233,-0.1820834279060363,0.2548277080059051,-0.0231193322688341,-0.4221740365028381,-0.2792053520679474,-0.2625077366828918,-0.3165677189826965,0.2979778945446014,-0.8846938014030457,-0.2044506818056106,-0.2526279389858246,-0.1218877434730529,0.6885345578193665,0.6429525017738342,-0.2151956707239151,0.0918591320514679,0.7153148055076599,0.1788139045238495,-0.2660667896270752,-0.0331308916211128,0.0755949541926384,-0.3624329268932342,-0.2606484889984131,0.0119486786425113,0.3902390599250793,0.2846006453037262,0.3447838723659515,-0.7184575200080872,-0.3535074293613434,-0.1424677819013595,-0.7829322814941406,0.4006941318511963,0.0192137602716684,0.524908721446991,-0.9151397943496704,0.1733862459659576,-0.1486841440200805,0.3275986909866333,0.1396800130605697,-0.0200174562633037,-0.0763090774416923,-1.4075360298156738,0.0534817576408386,-0.4918538331985473,-0.7902896404266357,0.5318777561187744,-0.2848229110240936,-0.6919559836387634,0.2178936302661895,0.1768209189176559,-0.0917976275086402,0.0921580791473388,-0.0385496318340301,-0.4900764226913452,-0.042287316173315,0.4481016993522644,-0.1261456757783889,-0.1064321026206016,0.4720658361911773,-0.3878652453422546,0.0398647002875804,0.603585422039032,0.5249636769294739,0.1717052012681961,0.1215288713574409,-0.0735646188259124,0.0501642189919948,-0.786901593208313,0.1556357145309448,0.0870108231902122,0.4399442374706268,-0.3945975601673126,0.2235125601291656,0.6525632739067078,-0.3681321144104004,-0.0519896671175956,0.8495214581489563,0.1558186113834381,0.6384768486022949,0.0111140543594956,-0.2351629585027694,-0.8818499445915222,0.4974597990512848,0.4136258959770202,0.2622667253017425,-0.3039504289627075,0.2893498837947845,-0.1052259653806686,-0.4882786571979522,0.2411974370479583,-0.0667811557650566,-0.064834177494049,0.4654918611049652,0.4328020513057709,0.1599184870719909,0.7770379185676575,0.6601337790489197,-0.3099386990070343,0.4009592533111572,0.1443146169185638,0.2567755579948425,0.9159109592437744,-0.0673000141978263,0.5176604986190796,-0.3365890383720398,-0.7841489911079407,0.2950450778007507,0.1969319880008697,0.3568305671215057,1.1737850904464722,0.1396821588277816,-0.3988161087036133,0.5462249517440796,0.8059064745903015,-0.0751746743917465,0.1154990270733833,-0.4927742481231689,-0.0536334104835987,-0.0812551900744438,-0.2035188674926757,-0.0750195607542991,-0.0683854147791862,0.0823175758123397,-0.1193918213248252,0.1936592906713485,-0.2463523298501968,0.4719513356685638,-0.4209035634994507,-0.3078163266181946,0.3759004473686218,-0.002961597405374,0.3020261228084564,-0.0533858947455883,0.4790732264518738,-0.3208807706832886,-0.2082509845495224,0.4283637106418609,-0.407904177904129,-0.4388944208621979,-0.0532719641923904,0.3547323942184448,-0.0368370115756988,-0.0052372380159795,0.0940156653523445,-0.3612267076969147,-0.211391806602478,0.2542731165885925,-0.5569307208061218,0.3658948242664337,-0.0642438754439354,0.2677868604660034,0.1883809864521026,0.0471253059804439,-0.4177459180355072,-0.2764428257942199,-0.5471877455711365,0.1430089622735977,-0.396871268749237,-0.6322588324546814,0.4642121195793152,-0.0183759145438671,-0.3485398292541504,-1.5665051937103271,0.6561968922615051,-0.1743222624063491,0.3859342932701111,-0.1879439949989318,0.1425675898790359,-0.0521857179701328,0.0290188640356063,0.1428416967391967,-0.44991534948349,-0.0334871858358383,-10.106772422790527,0.0311617329716682,-0.7103382349014282,-0.5038667917251587,-0.026438895612955,0.0103408712893724,0.8339167237281799,0.5296981930732727,-0.3991149663925171,0.017071871086955,-0.4222870469093323,0.2256660610437393,0.2735041081905365,0.5720398426055908,-0.0424214042723178,-0.3598330616950989,-0.3359643220901489,-0.5068827867507935,-0.0967234298586845,-0.3829208612442016,-0.0620862655341625,-0.0616059638559818,0.8082335591316223,0.175922617316246,-0.1417668014764785,-0.4456749558448791,-0.3426142036914825,0.3715060949325561,-0.1455613672733307,0.1725504249334335,-1.1235413551330566,0.902729630470276,-0.3657998740673065,-0.382174015045166,-0.4527009129524231,0.2521111965179443,-0.010334450751543,0.2842535078525543,-0.0591973848640918,0.601249098777771,0.2945119440555572,0.6637018918991089,-0.1598019748926162,-0.3018046021461487,0.1331110447645187,0.4781384766101837,-0.1138777434825897,0.2863802015781402,0.2445801645517349,-0.1813361495733261,0.1402642875909805,-0.3990349471569061,0.2809138000011444,-0.1469828486442566,-0.0133303431794047,-0.1942400634288787,0.7767208814620972,-0.7879253029823303,0.0311534497886896,0.1072991862893104,0.2392787486314773,-0.1930221021175384,0.4252275824546814,0.208171546459198,-0.3237896859645843,0.4729270040988922,0.1399933397769928,0.23618184030056,-0.7695155739784241,-0.2419710606336593,0.3645013272762298,0.1336968094110489,0.1556989699602127,0.1743565052747726,-0.024681793525815,0.5745055675506592,-0.1888916194438934,0.0466608963906765,0.0775435715913772,0.281894326210022,0.4171482026576996,-0.4694114327430725,-0.6455208659172058,0.1391593664884567,-0.1641565710306167,0.4069516956806183,-0.1344774216413498,0.3288237750530243,0.0753167793154716,-0.4625642895698547,0.3396262526512146,-0.455998957157135,-0.6298967599868774,-0.1371355205774307,-0.0455033481121063,-0.3143453001976013,0.2219788879156112,0.2289328575134277,0.3692764937877655,0.4943829774856567,1
0.5291336178779602,0.4527473449707031,1.439809799194336,-0.3195776641368866,-0.1637700498104095,0.6328241229057312,0.5886618494987488,-0.1224492564797401,-0.540020763874054,-0.532222330570221,0.7506648898124695,-0.0625029131770134,0.3012940883636474,-0.2400724440813064,-0.0397750884294509,0.0461850836873054,-0.1583767533302307,-0.5908397436141968,-0.1507647186517715,-0.1519062519073486,-1.2238361835479736,-0.2423812597990036,-0.0330273211002349,0.0925072208046913,0.2089458256959915,-0.995213508605957,-0.0953071638941764,-0.1886679828166961,0.4093061685562134,-0.4943180084228515,-0.4395580887794494,0.2785592079162597,-0.3127665817737579,0.0732773020863533,-0.568009078502655,0.2489831894636154,-0.3718627989292145,-0.4066023826599121,0.3371402025222778,0.3042267560958862,-0.3144905567169189,-0.6186933517456055,-0.5197138786315918,0.133338063955307,-0.3467719852924347,0.3721770644187927,-0.0118310591205954,-0.0126060135662555,-0.2655760049819946,-0.0828029364347457,-0.8545140624046326,0.3431278169155121,0.7090867757797241,0.575167715549469,0.3814952075481415,-0.2199739515781402,0.8055713772773743,-0.3496034145355224,0.107154905796051,0.77392578125,-0.5821271538734436,-0.6669731736183167,-0.0527056418359279,0.4579719603061676,-0.09712465852499,-0.1407954692840576,-0.0677439495921135,-0.2136943638324737,0.5870782136917114,-0.5573700070381165,0.3667507171630859,0.077425867319107,-0.0209872014820575,-0.95097017288208,0.5047110319137573,-0.534667432308197,0.1669235378503799,0.749547004699707,-0.1959467530250549,0.1509429365396499,-0.1481529027223587,0.6183358430862427,0.2716882824897766,0.0183327868580818,-0.648173987865448,0.6858651041984558,-0.4349032342433929,-0.9753808975219728,0.1779387146234512,0.1491404771804809,0.1402956992387771,-0.0940201431512832,-0.1010049805045127,0.2354824542999267,0.6598089337348938,0.4314204454421997,0.3806953132152557,0.4205773174762726,-0.1741514503955841,0.7505362629890442,0.0483959056437015,-0.2476853877305984,-0.0435935519635677,-0.5302251577377319,-0.2157853543758392,0.2352315783500671,-0.1076066046953201,0.1121351867914199,-0.2596644759178161,0.0545073561370372,-0.7151127457618713,-0.0679617077112197,-0.8512144088745117,-0.3036354780197143,0.6958014369010925,0.269111692905426,-0.2179431766271591,0.537839412689209,-0.4538789093494415,0.4979900121688843,0.5131648778915405,0.5161529779434204,0.6535233855247498,-0.4147168695926666,-0.2457990795373916,0.4619676768779754,-0.0964402630925178,-0.2695410549640655,0.1169471144676208,-0.3700784146785736,-0.875925600528717,-0.9075412154197692,0.2616309821605682,0.1383303105831146,-0.823428750038147,0.9806520342826844,0.4296192228794098,0.3598901033401489,0.1945905983448028,-0.2318193167448043,-0.703055202960968,-0.4256985485553741,-0.003123132046312,-0.4177290499210357,0.4051931202411651,-0.1468850821256637,-0.928903877735138,0.2217557281255722,-0.1081406995654106,0.3273799419403076,-0.0105781527236104,1.3072707653045654,-0.6971320509910583,0.2534909546375274,-0.0686223581433296,0.476785272359848,-0.5118756294250488,-0.0272494796663522,0.3681863844394684,0.3215646147727966,0.6190605163574219,-0.5466980934143066,0.1474597156047821,0.8560193181037903,0.0716757997870445,0.1459924876689911,0.8384600281715393,-0.1373453736305236,-0.1935905069112777,0.655235767364502,0.6526260375976562,-0.1916643381118774,0.5016681551933289,0.4018248915672302,-0.483532041311264,-0.016073977574706,1.0801202058792114,0.0457144752144813,-0.0864307358860969,-0.7624317407608032,-0.48292937874794,-0.1337950378656387,0.7725021839141846,-0.6268895864486694,0.5684228539466858,0.0119003718718886,0.4049058258533478,-0.5262647867202759,-0.2759853899478912,0.4485459625720978,-0.415864884853363,-0.2702196538448334,0.770514726638794,0.0389774106442928,-0.3292792737483978,0.0025378612335771,0.0925073847174644,0.3302655518054962,-0.9054403305053712,0.8210209608078003,-0.3385128676891327,0.1368094831705093,-0.0300833582878112,-0.4325437843799591,-0.7790928483009338,0.2598299384117126,0.0822448432445526,0.030595276504755,-0.2606321573257446,0.3649121820926666,-0.3309234380722046,0.6942543387413025,0.6201313138008118,-0.3198661208152771,0.6717029809951782,0.3920567333698272,-0.3934493660926819,-0.2815695106983185,0.2785920798778534,-0.1869622766971588,0.3789196014404297,0.0043461653403937,-0.0675356462597847,-0.0920703560113906,0.0866875126957893,0.3325047492980957,0.1547395586967468,-0.2581541240215301,-0.2380799204111099,0.3264378011226654,-1.039015293121338,0.0319209173321723,-0.9055294394493104,0.4564139246940613,-0.4967024326324463,-0.3678559362888336,0.0624949634075164,-0.4283910691738128,-0.6018213033676147,0.6835878491401672,-0.2946164906024933,-0.7559581398963928,0.7828935384750366,-0.2483172416687011,-0.0452422387897968,0.2972173392772674,-0.0354555658996105,-0.2806169986724853,-0.7436515092849731,0.2554519772529602,-0.025562971830368,-0.3570904731750488,0.1863161921501159,0.1232405751943588,0.3669823408126831,0.0443588532507419,0.7986304759979248,-0.2487018704414367,0.2689824998378753,0.0481478795409202,-0.327282190322876,-0.3055070340633392,0.0608975812792778,0.2472283244132995,0.090357206761837,0.1951358020305633,0.4308273196220398,0.1177839189767837,-0.8609206080436707,-0.5907641649246216,0.6733492612838745,-0.5681602358818054,-0.2200134694576263,-0.0105812577530741,0.3436530530452728,0.1365691125392913,-0.3316465616226196,1.103614091873169,-0.0178691484034061,0.0733012408018112,-0.5307250022888184,0.4033974111080169,-0.5720993280410767,-0.2802544236183166,-0.1360384225845337,0.3267061710357666,-0.8856425285339355,0.2211626023054123,-0.0160285737365484,0.8139064908027649,0.7922917604446411,-0.820393443107605,-0.6304547786712646,0.1753177344799041,-0.5199448466300964,0.1949025839567184,0.8003992438316345,-0.2717603743076324,0.320415198802948,0.2602071762084961,0.3879026174545288,0.709398090839386,0.9056838750839232,0.0776455551385879,0.1033548340201377,-0.0533242300152778,-0.0465776622295379,0.065757542848587,0.1945576965808868,-0.560269832611084,0.5943551063537598,0.9775948524475098,-0.2021489143371582,0.5127206444740295,0.7811636328697205,0.6107203364372253,-1.549999117851257,-0.8061270117759705,0.4942890405654907,0.1381372660398483,-0.250162810087204,-0.3989437520503998,0.5576987266540527,0.0738367661833763,-0.0450310222804546,-0.5777390599250793,1.3868614435195925,-0.3218082785606384,0.0569506771862506,-0.0456498600542545,0.1368842273950576,-0.4014078974723816,-0.0570947751402854,-0.5421367883682251,0.6657385230064392,0.6459053158760071,-0.7133215069770813,0.2395767569541931,0.2628169953823089,-0.1950517147779464,-0.312394380569458,0.1184076070785522,-0.5627123713493347,0.0688946694135665,-0.8304614424705505,-0.3511927425861358,0.3293398022651672,1.4982216358184814,0.9792771339416504,0.498174250125885,-1.049813747406006,-0.3055676221847534,-0.2769293189048767,-0.2182081639766693,-0.1593833863735199,-0.1492732316255569,-0.4226860404014587,-0.5132870674133301,-0.3262439668178558,-0.4294669330120086,0.0841463580727577,-0.1724145412445068,-0.0385111197829246,-0.3630967438220978,-0.7071520090103149,0.2801501452922821,0.4418152272701263,0.0948471799492836,0.6630656123161316,0.0939111858606338,0.3798311054706573,0.2897067964076996,0.2022707462310791,-0.9068293571472168,0.0350001566112041,-0.9557028412818908,0.2291275113821029,0.2489686459302902,-0.4921432733535766,0.6845870614051819,0.126031294465065,0.151355892419815,-0.2427253723144531,-0.6062738299369812,0.5208452939987183,-0.6339669227600098,-0.5372843742370605,-0.007813561707735,0.1031508520245552,-0.1503461301326751,0.8266078233718872,0.2009560614824295,0.855404257774353,-0.3959270417690277,-1.0856670141220093,0.0421252474188804,-0.3204068839550018,0.3070506155490875,-0.0999162197113037,0.1602991819381714,-0.3388616442680359,-0.2407368868589401,-0.2517925500869751,-0.1254052966833114,-0.5472343564033508,0.1061273291707038,-0.6472148299217224,0.0965018197894096,0.037454605102539,0.6040958762168884,-0.0623999461531639,0.0756842046976089,0.0795049145817756,0.6630131602287292,-0.6976433396339417,-0.6911715865135193,0.1909573525190353,0.493361622095108,0.0127806952223181,0.6985462307929993,0.3037636578083038,0.0593717284500598,0.2838650345802307,-0.7678363919258118,0.5696830749511719,0.0885454341769218,-0.0547745563089847,-0.5490773916244507,0.522624671459198,-0.1877695322036743,0.3357159495353699,-0.2567106485366821,-0.0250194203108549,0.7638998031616211,-0.3591855764389038,-1.0191426277160645,0.1599325686693191,0.1338306069374084,0.1107780113816261,0.6766284704208374,0.9983621835708618,0.7175512909889221,0.2318298071622848,0.2733571827411651,-0.5216671824455261,-0.003107953350991,-0.3974916338920593,-0.524066150188446,0.3578141927719116,0.3042953908443451,0.59084552526474,0.6434581279754639,0.4898139536380768,0.2763049900531769,0.4264867603778839,0.3931496143341064,-0.3867506980895996,0.3039248287677765,0.1202670782804489,0.1041469424962997,0.0832663103938102,0.8283650279045105,-0.5580173134803772,-0.2065837234258651,-0.2786710262298584,-0.0366049855947494,0.6164737343788147,-0.2046183496713638,0.9287165999412536,-0.7883415222167969,-0.54212486743927,-0.8242040872573853,-0.7351141571998596,-0.0208215788006782,-0.4343606531620025,-0.0874325782060623,0.410449355840683,0.0510023534297943,-0.2162191569805145,0.5311710238456726,0.629144012928009,0.5984306931495667,-0.3879823088645935,-0.3881649076938629,-0.5075879693031311,0.4717969000339508,-0.513597846031189,-0.8465065956115723,0.4605461061000824,-0.0593117997050285,-0.5051132440567017,-1.0985103845596311,-0.6064106822013855,-0.2207738757133484,0.3707104325294494,-0.0684620812535286,0.2285845875740051,-0.1466686427593231,-0.5524980425834656,-0.056002601981163,-0.5793746113777161,-0.1896487176418304,-0.4863177537918091,-0.1395779997110366,0.1967295706272125,0.1873395293951034,0.1977163851261139,0.6251319050788879,0.2721588909626007,0.0150562888011336,-0.369706392288208,0.5201019048690796,0.0729738846421241,-0.3099774122238159,-0.0846065953373909,-0.5902913808822632,-0.0335444957017898,0.0802634581923484,0.4962372183799743,0.150248497724533,0.1592864841222763,0.3584185838699341,-1.3095769882202148,-0.225997969508171,0.3264393508434295,-0.6249183416366577,0.3258825242519378,-0.3716194629669189,0.8499552607536316,-1.0419079065322876,0.1620620340108871,0.0094056567177176,0.3433117270469665,0.0789621472358703,0.4845370352268219,0.0590189956128597,-0.9822630882263184,0.158544972538948,-0.0733749121427536,-0.7955459952354431,0.9773103594779968,-0.0196135323494672,-1.0119833946228027,0.4383426010608673,0.9574153423309326,0.2201466858386993,-0.1720980852842331,0.4146071672439575,-0.8866645693778992,0.0049086934886872,0.27757129073143,-0.1955453753471374,0.2714985311031341,0.7049852609634399,-0.2474753558635711,-0.1019385978579521,0.831345796585083,-0.0971931144595146,0.5979616045951843,0.2603886723518371,-0.2492825984954834,0.1176471561193466,-0.3183791637420654,0.1947266906499862,0.3202306926250458,0.4418443441390991,-0.8293269872665405,0.9546155333518982,0.1109978184103965,-0.6300745606422424,0.0500642545521259,0.6922590136528015,0.021926986053586,0.619446337223053,0.3877244293689728,0.2665540874004364,-0.8700858354568481,0.230477824807167,0.4098134338855743,0.1110365837812423,-0.3496339321136474,0.7491507530212402,-0.1417663544416427,-0.3231686353683471,0.930763840675354,-0.1310479789972305,-0.07520542293787,0.5701000094413757,0.4445584714412689,-0.0906114727258682,0.8199487328529358,0.223604217171669,0.2413981109857559,-0.0060860156081616,0.170969158411026,0.863956868648529,0.676194965839386,0.3702163696289062,1.006137132644653,-0.555164098739624,-0.5562096834182739,0.1266056895256042,-0.0628691688179969,-0.5345245599746704,0.6334502696990967,-0.4900030195713043,-0.7375769019126892,0.4462796449661255,0.4269680380821228,0.1650703996419906,-0.110759437084198,-0.6869086027145386,-0.1251311898231506,-0.3879007399082184,0.0855911746621131,0.5321561694145203,0.4769286513328552,0.1885664314031601,0.0217708945274353,0.0049680480733513,0.0240357369184494,0.6705112457275391,-0.2045543789863586,-0.2210118323564529,-0.3744626641273498,-0.0408278629183769,0.3543540835380554,0.4988077878952026,0.3775115311145782,0.2836470901966095,-0.3732143342494964,0.3009678423404693,-0.0868764743208885,-0.004239575471729,-0.4689453840255737,0.2022922039031982,0.0236566364765167,-0.1893438696861267,0.1381958723068237,-0.4662011563777923,0.2944192290306091,-0.1530704051256179,-0.5548433065414429,-0.7746790647506714,-0.2961821854114532,-0.0049435934051871,-0.5346019268035889,-0.3259390592575073,-0.5166333913803101,-0.7385349869728088,-0.1966463327407837,-0.1596683263778686,-1.2212648391723633,-0.3655493557453155,0.4265333414077759,-0.2801930904388428,-0.4832394421100616,-1.49966561794281,0.4153688848018646,-0.1320447474718094,0.4825134873390198,0.1052089408040046,0.0843430608510971,-0.0806316286325454,-0.384474515914917,-0.206035166978836,-0.5459954738616943,0.048382744193077,-9.397575378417969,0.6110579967498779,-0.3022498786449432,-0.449549913406372,-0.4937731027603149,-0.5718859434127808,0.9688277244567872,0.8543307185173035,-0.9126839637756348,0.7213301062583923,-0.900721788406372,0.0133666275069117,0.4344164133071899,0.0482324287295341,-0.3157982528209686,-0.0007790714153088,-0.1771056801080703,-0.1370230317115783,0.2532511353492737,0.162343293428421,-0.7282872796058655,-0.4073796272277832,0.5564297437667847,0.4473257660865783,0.2831100523471832,-0.5025906562805176,-0.0296384245157241,0.5075408816337585,0.2642133235931396,-0.0422929003834724,-1.2706632614135742,0.6831713914871216,-0.6613463163375854,0.2869845628738403,-0.0915773585438728,0.5197584629058838,0.1137973144650459,0.5718725323677063,-0.5295335054397583,0.2840394675731659,0.1927234083414077,0.3065020740032196,-0.0535545870661735,-0.4444628059864044,0.1484346538782119,-0.4612801671028137,-0.1072247773408889,0.0021844543516635,0.6407381296157837,-0.1051519736647605,-0.588725209236145,-0.2315421104431152,0.0554504245519638,-0.3348857164382934,0.246359184384346,-0.7270677089691162,0.3770185112953186,-1.5461019277572632,0.2582085728645324,0.1408988535404205,0.7794867753982544,0.1834184974431991,0.5569813847541809,0.8571094870567322,0.0967903211712837,1.013610601425171,-0.3504791855812073,-0.6792387366294861,-1.0385982990264893,0.1664153039455413,0.4071681797504425,0.481046974658966,0.0756908953189849,0.5647799968719482,0.1709572374820709,0.0381175652146339,-0.2067945301532745,0.2699972093105316,-0.009832383133471,-0.101856380701065,0.41914963722229,-0.5814765095710754,0.2678888738155365,0.6092039346694946,-0.2024169415235519,0.7557705640792847,0.4124761521816253,-0.5327741503715515,0.4883399605751037,-0.3862907886505127,0.6074084639549255,-0.3293782472610473,-0.7903771996498108,0.1623403877019882,-0.0159827042371034,-0.5629340410232544,-0.3584897518157959,-0.3227139413356781,-0.0365639328956604,-0.4023095369338989,0
0.0031761368736624,-0.0607978403568267,0.0868006199598312,-0.661807656288147,0.0111189065501093,0.3265124261379242,0.1916644126176834,-0.4045667350292206,-0.4292081892490387,-0.4083045125007629,0.5463610291481018,0.2070582807064056,-0.3826923966407776,0.0625517517328262,0.7951143980026245,-0.442884236574173,0.3125962615013122,0.3438512980937958,-0.0523972958326339,0.0517843142151832,0.0978624746203422,-0.5571790337562561,-0.2747199833393097,0.0472691729664802,-0.0459600277245044,-0.3686332702636719,0.2244462519884109,-0.082312487065792,0.0983265489339828,-0.2376643419265747,0.1591430008411407,-0.4425821006298065,-0.0801399499177932,-0.2665002346038818,-0.0309830289334058,0.0108848055824637,-0.0690804943442344,0.2679064273834228,0.2063704431056976,0.1932753026485443,0.1479707956314087,0.0076370746828615,0.1948626637458801,-0.1712042689323425,-0.0528566688299179,0.1627152562141418,-0.0894470736384391,0.1004108041524887,0.591101348400116,-0.2889629006385803,0.1374229490756988,0.5501917600631714,0.4750784933567047,0.1716260015964508,-0.0601437613368034,0.3185002207756042,0.8224498629570007,-0.557417631149292,-0.1149771809577941,0.1276140511035919,-0.5706307291984558,0.2014473527669906,-0.3595708608627319,0.2332155704498291,-0.2315685451030731,0.1064353063702583,0.0359065234661102,-0.1417602002620697,-0.3781137466430664,-0.3540096879005432,-0.0274864323437213,0.402396023273468,-0.6046552658081055,-0.3359215855598449,0.5048612952232361,-0.1393412053585052,0.3976526856422424,-0.1794541180133819,0.0227434691041708,0.1814790219068527,-0.1187740936875343,0.2268717288970947,-0.0903581604361534,-0.6762161254882812,0.0569993667304515,0.0246051810681819,-0.2300129532814026,-0.5120596289634705,0.1248785406351089,-0.4493535459041595,-0.1133277118206024,-0.2073936313390731,0.3074301481246948,0.0145306037738919,-0.1841437220573425,0.1837277859449386,-0.0620439946651458,-0.2285856008529663,-0.0833185613155365,-0.0128377340734004,-0.4649055302143097,0.2861506342887878,0.1150683984160423,0.1076434478163719,0.0551507472991943,0.1075687184929847,-0.1809568107128143,0.3812497854232788,-0.139119878411293,0.4462940990924835,0.2862721383571625,-0.2635545432567596,-0.2679628133773803,0.0520831122994422,-0.1249072924256324,0.0026477477513253,0.0267717316746711,0.2469020783901214,0.0302001107484102,0.3710814416408539,-0.1098586171865463,0.4699374139308929,0.0058718807995319,-0.0616717003285884,-0.2280991375446319,-0.1406721770763397,0.0704468786716461,-0.3091879487037658,-0.0072021726518869,-0.3812822103500366,0.1617260724306106,-0.0414503291249275,-0.5856931209564209,0.2547442615032196,-0.1138062626123428,0.4811491072177887,0.130574569106102,0.0783994868397712,-0.391741931438446,-0.5688015818595886,-0.0319120548665523,-0.2438270598649978,0.3643069565296173,0.0948860645294189,-0.1718646436929702,0.2716177403926849,0.3198012709617615,0.1311369985342025,0.7376388907432556,0.5044369697570801,-0.2001553475856781,0.7393048405647278,-0.4966245889663696,-0.0050921100191771,0.2593344748020172,-0.1624211370944976,-0.4992667436599731,0.4151813089847564,-0.1086982414126396,0.6080097556114197,0.1552628129720688,-0.3181414604187011,0.2967957556247711,0.8420257568359375,0.1295166760683059,0.7175630331039429,0.3213450014591217,0.4221847653388977,0.605125904083252,0.5966471433639526,-0.1656567007303238,0.5463995337486267,0.3133746683597564,-0.3287399113178253,0.2963298261165619,0.005749715026468,0.0374555811285972,0.5076952576637268,0.1681631803512573,-0.9266054034233092,-0.1957228630781173,0.1941849142313003,0.052257839590311,-0.4191427528858185,0.7755953073501587,0.0066946446895599,0.5302921533584595,0.2605101466178894,-0.0696816518902778,-0.184170588850975,-0.0372766554355621,-0.0098567195236682,0.2622301578521728,-0.4053263068199157,-0.5704964995384216,-0.1914510577917099,0.0944606438279151,0.0508277006447315,-0.4833554029464721,0.4180681705474853,0.3133998513221741,-0.036971129477024,-0.2730249464511871,-0.8953977227210999,-0.8142644166946411,-0.2519980072975158,-0.1531452983617782,0.2973617613315582,0.0147576453164219,0.0984799936413765,-0.2799798250198364,-0.3443861305713653,0.3409165143966675,0.0603276640176773,0.2964895069599151,-0.0570669658482074,-0.9990729689598083,0.0238197539001703,0.0489080734550952,-0.0346764251589775,0.1864619255065918,0.0158124044537544,0.2862429022789001,-0.5115312337875366,-0.2338037192821502,0.1353099048137664,0.1608468294143676,-0.2106554061174392,0.1547987461090088,0.5374172329902649,-0.066332496702671,-0.1900498867034912,-0.8293370604515076,0.2218030542135238,-0.0450445711612701,0.4054462313652038,-0.6599977016448975,0.6992177963256836,0.018104126676917,-0.002429557731375,0.5482659935951233,0.3278791010379791,0.1139019280672073,0.2349071204662323,-0.3641423285007477,0.3448559641838074,0.1526006162166595,-0.4325889348983764,-0.6531708836555481,-0.5379634499549866,-0.927617609500885,-0.3598898649215698,-0.0856102630496025,0.1103380993008613,0.4773735404014587,0.0974730402231216,0.2282249182462692,-0.4778967201709747,0.1223301813006401,-0.3653758764266968,-0.3753630220890045,-0.4723738431930542,-0.2525172531604767,0.0311940945684909,-0.1930955797433853,-0.2202931046485901,0.0085229333490133,-0.555094838142395,-0.7384956479072571,0.1608379185199737,0.0788786187767982,-0.3683903217315674,-0.4114533364772796,0.0641935840249061,-0.1213461458683013,-0.3295978009700775,-0.011258372105658,0.254391461610794,-0.3797242045402527,-0.0208807196468114,-0.6492891907691956,0.6138627529144287,-0.6307557225227356,-0.3399337232112884,-0.1044942960143089,0.0166841223835945,-0.1446605622768402,-0.4678792357444763,-0.1896993815898895,0.7635605931282043,0.2990688681602478,-0.138578861951828,-0.3641351163387298,-0.4979437291622162,-0.5783031582832336,0.4369446933269501,0.4176512956619262,0.1074473783373832,0.0878961756825447,0.402312695980072,0.5334050059318542,0.1978185474872589,0.2844682931900024,-0.1847484111785888,-0.2366843223571777,-0.2725338637828827,-0.1306344270706176,0.0627033412456512,0.4482207596302032,-0.305838406085968,-0.122567318379879,0.9938422441482544,-0.4593415260314941,-0.3654066920280456,0.7318883538246155,-0.0670155808329582,-1.3997195959091189,0.2089877426624298,0.4641358256340027,0.339649885892868,-0.481524795293808,0.7123547792434692,0.1878018230199813,0.5769309997558594,-0.2344101518392563,-0.4898486137390136,0.5672318339347839,-0.1247627809643745,-0.4136821627616882,0.4254004061222076,0.1543496400117874,-0.5032008290290833,-0.0087127489969134,-0.4590893089771271,-0.2126435190439224,0.4482419192790985,-0.1862764656543731,-0.0274078119546175,0.0112516330555081,-0.4013431370258331,-0.24400494992733,0.3090179860591888,-0.0148792658001184,-0.5374107956886292,-0.5534104108810425,-0.2894331514835357,0.3393507897853851,1.0581037998199463,0.144974336028099,0.6220086216926575,-0.4687284231185913,0.4528188407421112,0.3884975910186767,0.1073685884475708,0.5571797490119934,0.2764184772968292,-0.2424703538417816,-0.2158079594373703,0.5627112984657288,0.415305495262146,0.106074534356594,-0.0443860217928886,0.1336534172296524,0.0635653510689735,0.1826259046792984,-0.1055840924382209,0.6502776145935059,-0.141808420419693,0.3536523282527923,0.5146189332008362,0.2330994606018066,-0.0900570750236511,0.0781622529029846,-0.4576899111270904,0.1094290018081665,-0.8406364917755127,0.5045748353004456,-0.0283449869602918,-0.0218085329979658,-0.0520893447101116,-0.1031492948532104,-0.4371600151062011,-0.017949478700757,-0.1399894803762436,0.2675392627716064,-0.5081573128700256,-0.5338950753211975,0.1077740564942359,-0.0689213573932647,-0.283149242401123,0.171120136976242,0.3129028677940368,0.4287918210029602,-0.5326884388923645,-0.4094868898391723,0.7733538150787354,0.0162159632891416,-0.0072541129775345,0.5614296197891235,0.1175485625863075,-0.0760221034288406,-0.211329385638237,-0.4428883790969848,-0.2046450078487396,-0.7780249118804932,-0.3564236462116241,-0.4528417289257049,0.2160809636116027,0.2362763434648513,0.3225845992565155,-0.1116638481616973,-0.0470034219324588,0.0703728720545768,0.1373246610164642,-0.0632245987653732,-0.65218186378479,0.2310350388288498,-0.1592269390821457,0.5896809101104736,0.8067646026611328,0.1587326377630233,-0.2732491493225097,-0.1715768128633499,0.2116468995809555,0.2313543707132339,0.1230284571647644,-0.6485904455184937,0.0193797163665294,0.5927419066429138,-0.0951088666915893,-0.2243158966302871,0.1123715043067932,0.3114649355411529,0.461230456829071,-0.276660680770874,-0.382485032081604,-0.0353952907025814,0.3318245410919189,-0.0521954633295536,0.3872840106487274,0.0941041409969329,1.028633952140808,0.2518595159053802,-0.0752753987908363,0.2339671552181244,-0.3081791698932647,-0.0724743828177452,-0.2201147973537445,0.2931573987007141,0.1904922127723693,0.0927618965506553,0.5092480778694153,0.1100455299019813,-0.3637725114822387,-0.2760427296161651,-0.0828023701906204,0.3296189904212951,0.1685519069433212,0.0973466262221336,0.2866364419460296,-0.5149614810943604,-0.0037491263356059,-0.3459472954273224,-0.4577270150184631,-0.1330947428941726,0.1084762662649154,0.6005651950836182,0.1605362296104431,0.5439375638961792,-0.5331707000732422,-0.3257345259189605,-0.3711455166339874,-0.4540835320949554,-0.1340912729501724,-0.2620345950126648,0.2089841961860656,0.1866414099931717,0.1436269432306289,-0.4567202031612396,-0.3661319315433502,-0.0883623957633972,0.3650775253772735,0.0215740874409675,-1.0030871629714966,-0.4105854034423828,0.6311589479446411,-0.1848551332950592,-0.3698974549770355,0.1036599949002265,0.236632689833641,0.1726095229387283,-0.2160039544105529,-0.0213409829884767,-0.168961226940155,0.3041289746761322,-0.0161232110112905,0.4921342730522156,-0.09644266217947,-0.2044597864151001,-0.332964688539505,0.0566480383276939,-0.2578245103359222,-0.3340344727039337,-0.572498619556427,-0.3068805336952209,-0.0457549095153808,0.1794564574956894,0.1167832538485527,0.4510316550731659,-0.2446545511484146,0.4985246956348419,0.031571552157402,0.1467853039503097,-0.0906953960657119,0.2868809998035431,-0.2875887453556061,-0.1965115219354629,-0.1932107657194137,0.5326632857322693,0.2681797444820404,0.3176998496055603,-0.2003336399793625,-0.5330439209938049,-0.1281498223543167,-0.2392009794712066,-0.519485592842102,0.5827149152755737,0.0900339633226394,0.5456182360649109,-0.1836076378822326,0.2240788340568542,-0.1907528638839721,-0.0015128852101042,-0.3930225670337677,-0.1054306253790855,-0.1078258082270622,-0.8340499997138977,-0.186623215675354,-0.3212255537509918,-0.4420482516288757,0.5200933218002319,0.2669086158275604,-0.6013787388801575,-0.3170128464698791,0.1425212919712066,-0.034273512661457,-0.4507310092449188,-0.0893237888813018,-0.5125720500946045,0.1827784180641174,0.487899512052536,0.4282651841640472,0.4144729077816009,-0.2689167261123657,-0.6819618940353394,0.1487437039613723,0.7066802978515625,0.1276256442070007,0.2586115002632141,0.1338995993137359,-0.0630201920866966,0.0068775373511016,-0.3611669242382049,0.5995979905128479,0.3284713923931122,0.6112343668937683,-0.1593673080205917,0.5796571373939514,0.5704997777938843,-0.2039690464735031,0.27096688747406,0.9044501185417176,0.39722540974617,0.6367554068565369,-0.0577708259224891,0.036823458969593,-0.5470572113990784,0.2953176200389862,-0.2784082591533661,0.2505327463150024,0.2955975830554962,-0.3873145580291748,-0.0106711722910404,-0.4470608234405517,0.0582158118486404,0.3540639281272888,-0.2572919130325317,0.0640492439270019,-0.1530279666185379,-0.5277718901634216,0.3817476332187652,-0.158414676785469,-0.0710591152310371,0.1840384602546692,-0.0350280739367008,0.4537293612957001,0.528607189655304,0.2899109721183777,-0.0413019880652427,0.2188134342432022,-0.6566449999809265,0.0871488004922866,-0.4678245782852173,0.2556524276733398,0.8074514269828796,0.1066321358084678,-0.7058013081550598,0.1147244274616241,0.7123931646347046,-0.3560422956943512,0.0612720251083374,-1.0915507078170776,-0.1837315112352371,-0.1110924184322357,0.1160295903682708,0.1151471585035324,-0.1754621565341949,0.4969201385974884,-0.3079700171947479,-0.1208853498101234,-0.2617020308971405,0.7547056078910828,0.0675808936357498,-0.2036011964082718,-0.0834806710481643,0.0529114045202732,-0.0520556680858135,0.2553771734237671,0.0519331432878971,-0.4064322412014007,0.1175331100821495,-0.0400002636015415,-0.2948659062385559,-0.0202174540609121,0.4066607654094696,0.1878072172403335,0.0256806910037994,0.2268457561731338,-0.0400772243738174,-0.8691291809082031,-0.2082367241382599,0.3324902355670929,-0.942822277545929,-0.0735208243131637,-0.1429763734340667,-0.1136432737112045,0.3548907041549682,-0.1476150751113891,-0.3494469225406647,0.015733528882265,-0.295113205909729,-0.0524454191327095,-0.1219716221094131,-0.5856705904006958,-0.0685122907161712,0.2011014968156814,-0.0997806042432785,-1.0749133825302124,0.1433800905942917,0.1807161569595337,0.3349646627902984,0.0505462624132633,0.51595139503479,0.2372927665710449,0.0397394374012947,0.4213206768035888,-0.229931965470314,0.179247185587883,-10.382081985473633,-0.4448930025100708,-0.3652932643890381,-0.183305487036705,-0.3692849576473236,0.4921149015426636,0.6921905279159546,0.3035148084163666,-0.2524159848690033,0.4128586649894714,-0.3018664121627807,0.2482895404100418,0.1434746235609054,0.9373087286949158,-0.4286087155342102,-0.1827657520771026,0.3007826209068298,0.082112118601799,0.0640494301915168,0.3107931613922119,-0.2130162268877029,-0.4070342779159546,0.6020965576171875,0.0759041309356689,-0.0683071687817573,-0.3665779531002044,-0.2489219903945922,0.2341049611568451,-0.1814572066068649,0.1103604510426521,-0.6091642379760742,0.5347440242767334,0.1003084331750869,0.3639244735240936,-0.7448790669441223,-0.2301767915487289,-0.0891357064247131,0.2333881556987762,0.3847591280937195,0.5595882534980774,-0.0836476907134056,0.6774351000785828,0.2649302184581756,-0.4228098094463348,0.853337287902832,-0.2344857007265091,0.3338377773761749,0.5192164182662964,0.2750162482261657,0.1354071348905563,-0.1363216787576675,-0.6438022255897522,0.0042162416502833,-0.4347541332244873,-0.1330995559692382,-0.1422829777002334,0.3304428160190582,-0.6977059245109558,0.0330822952091693,-0.1127327904105186,0.4786390364170074,-0.273013710975647,0.6636946201324463,-0.0587224513292312,-0.3250734508037567,-0.1605715006589889,0.0656867250800132,0.6946278810501099,-0.5975626111030579,-0.2920809686183929,0.5590290427207947,-0.2730327248573303,0.2166372835636139,0.4055890440940857,-0.4609197080135345,0.2656212449073791,-0.1926836967468261,-0.177279993891716,1.1196138858795166,0.0746123492717742,0.4504166543483734,-0.0480197295546531,-0.4257279634475708,0.1747554093599319,-1.0736651420593262,0.4939015209674835,-0.1731966435909271,0.1242589876055717,0.3955589532852173,-0.4195772707462311,0.582466721534729,0.0015246457187458,-0.3316822946071625,0.1182079017162323,0.481196790933609,0.0666705295443534,0.4595232307910919,0.0795234888792038,0.923289954662323,0.1367945075035095,1
-0.0100214332342147,0.4461148381233215,0.2003464698791504,-0.2067271023988723,0.3342565596103668,0.5825340747833252,0.1378790140151977,-0.4267190396785736,0.0389542765915393,-0.1113385558128357,0.6690093278884888,0.3815953135490417,-0.0952585190534591,0.8155671954154968,0.747376024723053,-0.018252020701766,-0.4170157015323639,0.041298784315586,-0.1564437597990036,-0.5087376832962036,-0.3435235619544983,-0.3927550315856933,-0.2096480280160904,0.2566508650779724,0.0741200223565101,-0.3121402263641357,0.8433265686035156,0.1259272396564483,0.1995710134506225,-0.3225462436676025,-0.3579211235046386,-0.4111571907997131,-0.062152624130249,-0.3486011922359466,-0.2946461141109466,0.5347570776939392,-0.1270705461502075,-0.3335020840167999,-0.0971235260367393,0.2260398715734481,-0.069513127207756,-0.2577291429042816,-0.4632132351398468,-0.126044288277626,0.0298516917973756,0.2478335797786712,0.1631641089916229,0.855596661567688,0.1189589723944664,0.0316295213997364,-0.4505270719528198,0.1347232609987259,0.6416125893592834,-0.6061719655990601,0.3866943418979645,0.1527968645095825,0.1072345525026321,-0.6746329069137573,0.0725263431668281,0.3057975471019745,-0.4721206128597259,-0.2460338473320007,0.146462932229042,-0.22758848965168,-0.2799389958381653,0.0173462182283401,0.1382643580436706,-0.6576265096664429,0.041691418737173,-0.3806819021701813,-0.2010374218225479,0.0256067961454391,-0.2728955149650574,-0.6197906136512756,0.4623660743236542,-0.2210893481969833,0.2906224131584167,-0.1562500298023224,0.0286910198628902,-0.0280692186206579,0.2713328897953033,0.1817231923341751,0.1478074640035629,-0.3067505061626434,-0.018903836607933,-0.1755945086479187,0.1442403793334961,-0.6992747783660889,0.1980832368135452,-0.1916834712028503,0.3948193788528442,0.2466425001621246,0.0713792741298675,0.5188827514648438,-0.1596650779247284,0.4732264578342438,0.3128400146961212,-0.3140199184417724,-0.2847960293292999,0.3398603498935699,0.2958993017673492,-0.2359478324651718,-0.3248588442802429,-0.2956352829933166,-0.183599978685379,0.3228357434272766,0.2186215966939926,0.6713829636573792,-0.3062913119792938,-0.2198359966278076,-0.3704079985618591,-0.0130989775061607,-1.1698122024536133,0.4216699302196502,-0.1587253510951995,0.3729763627052307,-0.3892260193824768,0.592440664768219,-0.5764734148979187,0.4450108408927917,0.1043102964758873,0.6697586178779602,0.1808355450630188,-0.4323664307594299,-0.1399239599704742,0.3534651398658752,0.1521589159965515,0.1217341497540474,-0.1517942547798156,-0.3322159647941589,0.0135374628007411,-0.3174194693565368,-0.3092275857925415,0.2971655428409576,-0.2093675285577774,0.5364091992378235,-0.168283075094223,0.1129536107182502,-0.4038125574588775,-0.6421869397163391,0.326682448387146,-0.2361463755369186,0.1701386868953704,-0.4720698893070221,-0.0147565845400094,-0.3093755841255188,-0.7662899494171143,0.1979310810565948,0.0421015061438083,-0.0411884412169456,0.1340590566396713,1.2808810472488403,-0.5205340385437012,-0.2320532649755478,0.4019608497619629,0.5120290517807007,-0.772689163684845,-0.0854186192154884,0.1209556609392166,0.8008987307548523,0.0736651942133903,-0.4372304379940033,0.1057094037532806,0.9356663823127748,0.2362465858459472,0.2013206332921981,0.2489122748374939,0.0756383836269378,0.067915603518486,0.6331797242164612,0.3281669914722442,0.5423556566238403,0.2093433439731598,-0.1970787942409515,0.1853650063276291,0.4939700663089752,0.6448161005973816,0.0268502049148082,0.8710300922393799,-0.6525570154190063,-0.1960748583078384,-0.4325997531414032,-0.034626580774784,-0.5311254262924194,0.1986938863992691,-0.0477702505886554,0.0602716915309429,0.3745969831943512,-0.0302401836961507,0.1318089962005615,-0.3607194423675537,-0.0817932859063148,0.1872734725475311,-0.3159791827201843,-0.3419380187988281,-0.3066174685955047,0.0133242337033152,0.3896776735782623,-0.4278683960437774,0.5612427592277527,-0.1932727992534637,0.1784220933914184,-0.2879428267478943,-0.5050184726715088,-0.5698269009590149,0.2255627959966659,0.3956661522388458,0.5529943704605103,0.1877130270004272,0.3194053173065185,-0.3324354588985443,0.2237314730882644,0.5874159932136536,0.3710174858570099,0.0532363131642341,0.1106704548001289,-0.4662575125694275,-0.2021751552820205,0.4281511306762695,-0.4315254986286163,0.0054248049855232,-0.073562316596508,0.5364202260971069,0.3437685668468475,0.1804202198982238,0.5832900404930115,0.1554504632949829,0.3485153317451477,-0.1091998890042305,0.9835529923439026,-0.4691744744777679,-0.3641368746757507,-0.7098663449287415,-0.1134844422340393,-0.3555029630661011,0.5352964997291565,-0.0289258528500795,0.3101888000965118,0.2642475366592407,0.2603269219398498,0.2802911698818207,-0.407964140176773,-0.0771073251962661,-0.2702600359916687,-0.351430743932724,0.525258481502533,0.1955152750015258,0.07370126247406,-0.3095744550228119,0.1896762698888778,-0.3676189482212066,-0.7585857510566711,0.6058294773101807,-0.2547982037067413,0.8534225225448608,0.2893773019313812,0.3493823409080505,-0.2929123938083648,0.3465931713581085,-0.1701524406671524,0.1369262039661407,-0.0250340905040502,-0.0214528888463974,0.1354445219039917,-0.4497857093811035,0.5297163724899292,0.0045046447776257,-0.1522299349308014,-0.3709197640419006,-0.1695676147937774,0.5493357181549072,-0.6973177790641785,-0.4683493375778198,-0.1437297016382217,-0.1837968826293945,0.259372740983963,-0.1694224923849105,0.6445883512496948,-0.03992360830307,0.0982512384653091,-0.7376658320426941,0.053797110915184,-0.1704596281051635,0.3024925887584686,0.3114630877971649,-0.0572238154709339,-0.2976404428482055,-0.052647516131401,-0.5908828973770142,0.5091879367828369,0.5111374258995056,-0.4440585970878601,-0.4970794320106506,0.5493896007537842,-0.3625126779079437,0.3491093218326568,0.1094297617673873,-0.0913067609071731,0.3252731561660766,0.5910090804100037,0.6467095017433167,0.518164336681366,-0.0619563311338424,-0.3329721689224243,0.0325245223939418,-0.3102217316627502,-0.3918766677379608,0.0763004347681999,0.5543646216392517,-0.828743040561676,0.2124541848897934,0.3753014802932739,-0.2232863903045654,-0.309832900762558,0.454652726650238,0.5646108388900757,-1.8614472150802608,-0.2868987321853637,0.5070669054985046,0.3263166844844818,0.2150085419416427,0.3670950531959533,0.3429079353809356,0.0883300974965095,-0.5523837804794312,-0.8639543652534485,0.4532935619354248,-0.1270482242107391,-0.5683120489120483,-0.1985221207141876,0.0343791209161281,-0.0290908571332693,-0.0443374551832675,-0.5257378220558167,-0.1320760250091552,-0.0250126700848341,0.1974911987781524,0.0332975797355175,0.2564193308353424,0.0485620200634002,-0.3937535583972931,0.3245881199836731,-0.1788155734539032,0.2333051860332489,-0.7047357559204102,-0.4263374805450439,0.4347612857818603,1.1284518241882324,0.2566022872924804,0.2542922794818878,0.1894829124212265,-0.2048801928758621,0.2993088364601135,0.4321606755256653,0.3298102021217346,-0.0227694623172283,-0.3470210433006286,-0.4674303233623504,-0.0341797843575477,0.127504676580429,0.3067416548728943,-0.4561903476715088,-0.0902281701564788,0.4789241552352905,-0.561182975769043,0.2856596112251282,0.3517807424068451,0.0445211790502071,0.439253032207489,0.5219826698303223,0.7044289112091064,-0.1003462374210357,-0.2597616016864776,-0.6640712022781372,0.0862636640667915,-0.1694637089967727,-0.2152359783649444,-0.0037379912100732,-0.037585262209177,0.1672681421041488,-0.1651919335126876,0.1348978281021118,-0.5318079590797424,-0.3199983537197113,0.5268796682357788,-0.9727811217308044,-0.3600610494613647,-0.7073832750320435,-0.2157343029975891,-0.9284873604774476,0.6259952783584595,0.4301169514656067,-0.0453046448528766,-0.2549226880073547,-0.4529131054878235,-0.3303466737270355,0.2590771019458771,-0.1081475466489791,-0.1441695839166641,-0.0747664123773574,-0.1175473928451538,-0.126063272356987,-0.2299167066812515,-0.2504305839538574,-0.6674779057502747,-0.687096357345581,-0.7379676103591919,0.4264472126960754,0.011549855582416,0.3703707158565521,-0.1196424141526222,0.0092842951416969,0.3134652078151703,0.5507477521896362,-0.8073722124099731,-0.4270676076412201,-0.8221161365509033,-0.0480820834636688,0.4144588112831116,0.1921740770339965,0.3401658535003662,0.0383800528943538,-0.1449027955532074,0.1326222121715545,-0.1429063826799392,0.0860245376825332,0.0785081014037132,-0.5538708567619324,0.5957590341567993,-0.4050998091697693,0.5136348009109497,0.103572741150856,0.021919272840023,0.3891885876655578,-0.5561472773551941,-0.7081577777862549,0.0851314663887023,0.543742835521698,0.1528389006853103,0.4785825908184051,0.1950583755970001,0.6162661910057068,-0.325685054063797,0.5738236308097839,0.1184166073799133,0.0241437181830406,0.1760716885328292,0.0258331876248121,-0.0676297917962074,0.0588949583470821,0.4060139060020447,0.4620808362960815,0.2516327202320099,0.4282296001911163,-0.2424118220806121,0.2812103629112243,-0.5283713936805725,-0.0122654661536216,-0.197051391005516,0.6467752456665039,-0.2108417451381683,-0.1136711463332176,-0.3557253181934356,-0.2212539762258529,-0.8020423054695129,-0.0789907947182655,0.6033090353012085,-0.0722285658121109,0.4542657732963562,-0.1887448281049728,-0.994379997253418,-0.3097491860389709,-1.0166457891464231,0.145336776971817,-0.357231855392456,-0.0681411698460578,0.5160689949989319,0.0102302515879273,-0.2163619846105575,0.0794195458292961,-0.0010458499891683,0.3121488392353058,0.2198501527309417,-0.4577728807926178,-0.5495520830154419,-0.120112232863903,-0.0660774037241935,-0.2804999947547912,0.6161945462226868,0.3224723935127258,-0.5029318928718567,-0.580091655254364,-0.4946557581424713,-0.1741540282964706,-0.1278233826160431,-0.1885053515434265,0.3654950857162475,0.3941722810268402,-0.3549345731735229,-0.3093935251235962,-0.2514438331127167,-0.2029741704463958,0.1405357867479324,-0.4498496651649475,-0.2793738842010498,0.1277271807193756,-0.2217486649751663,0.4186283648014068,-0.2695428133010864,-0.258131593465805,-0.2841829359531402,0.4303856492042541,0.5701822638511658,-0.4343756139278412,0.070078320801258,-0.5120134949684143,-0.3338540494441986,0.0701214149594307,0.3514096140861511,0.3553298413753509,0.508428156375885,-0.0239475723356008,-1.2148053646087646,-0.0241990983486175,-0.1539367288351059,-0.7110911011695862,0.4436495006084442,-0.0836603417992591,0.539884090423584,-0.802808403968811,0.2732632458209991,-0.1906687468290329,0.0531463846564292,0.0489589720964431,0.231379359960556,0.0474247746169567,-0.5142139196395874,-0.1752418130636215,-0.4204238057136535,-0.8531799912452698,0.5915541648864746,0.1712082624435424,-0.6037121415138245,0.5658934116363525,0.9185777902603148,0.2008765190839767,-0.1920527517795562,0.2464937567710876,-0.3132420778274536,-0.2207616418600082,0.3243313431739807,-0.1310821175575256,0.220110222697258,0.2248619943857193,-0.6197734475135803,0.07603570073843,0.8553460836410522,0.7420825958251953,0.4290173053741455,-0.4375355243682861,-0.385810375213623,-0.2965812683105469,-0.1550638526678085,-0.1872174143791198,0.6996172070503235,0.6053849458694458,-0.6302120685577393,0.5640348792076111,0.5720075368881226,-0.3439831435680389,-0.1183026358485221,0.3818842768669128,-0.0589851848781108,0.3258855044841766,0.3507783412933349,-0.4077003896236419,-0.6564672589302063,0.4340358674526214,0.3714032769203186,-0.1635899543762207,0.3883540332317352,0.0976219624280929,0.1142938807606697,-0.2628639936447143,-0.3687946498394012,-0.0446604192256927,0.2734473049640655,0.3494465351104736,0.8391513228416443,0.1931324452161789,0.5874687433242798,0.2555857300758362,-0.6434949040412903,0.2599631249904632,0.1516667604446411,0.5949500203132629,1.1254066228866575,-0.0640235990285873,0.4041164815425873,-0.5781620144844055,-0.3243054151535034,0.4134878814220428,0.1714972704648971,-0.0374137125909328,0.7143582701683044,-0.4727584719657898,-0.1041902154684066,0.402953028678894,0.7660955786705017,-0.0942149087786674,-0.3116682469844818,-0.6853976845741272,0.0859517827630043,0.1645761877298355,-0.4058179855346679,-0.0506104193627834,-0.0026975225191563,-0.092921108007431,0.1183482334017753,-0.5833629965782166,0.2135052382946014,0.617022693157196,0.2362265735864639,-0.1480822414159774,0.0822852179408073,0.6105338335037231,-0.2191322594881057,0.8490549325942993,0.1402471959590912,-0.1976934820413589,-0.1913759112358093,0.2005552053451538,-0.063443973660469,-0.3704484105110168,-0.1985414624214172,0.2594742774963379,0.1904946118593216,-0.2127362787723541,-0.3236459493637085,-0.488263875246048,0.1480939239263534,0.0147656202316284,-0.6647154688835144,0.2238396257162094,0.0970194190740585,0.2682518064975738,-0.1884968131780624,-0.0114288767799735,-0.0466295517981052,-0.3845919370651245,-0.2589959800243377,0.0978487655520439,-0.3275773227214813,-0.6052401661872864,0.4691154360771179,0.0483716949820518,-0.0497022755444049,-1.539390206336975,0.6371816992759705,0.0939938649535179,0.4694846570491791,0.0578735694289207,0.1303277462720871,0.0279808863997459,-0.0726406648755073,-0.1785824000835418,-0.255781888961792,0.5153771042823792,-10.124610900878906,0.1499407440423965,-0.4236412048339844,-0.2521030604839325,0.310397207736969,0.3353217542171478,0.7421223521232605,0.4909781813621521,-0.463964968919754,-0.1511501222848892,-0.1803655475378036,-0.7060151696205139,0.0130994021892547,0.3248774409294128,-0.3532500565052032,-0.3930433094501495,-0.3367491066455841,-0.470731109380722,-0.3386858999729156,-0.1764924675226211,-0.1404595077037811,-0.0387392863631248,0.8494841456413269,0.7804096937179565,-0.3667426705360412,-0.583509087562561,0.3114739656448364,0.0002593790122773,-0.0299503076821565,0.0457691438496112,-1.0418025255203247,1.0101447105407717,-0.1650519967079162,-0.036324817687273,0.2303778082132339,0.45511394739151,0.295992761850357,0.4698315262794494,-0.2837126851081848,0.2784066200256347,0.5506539940834045,0.0006368074682541,-0.0946063846349716,-0.6342467069625854,0.4746670424938202,0.5368584990501404,0.7809856534004211,0.2322216480970382,0.2853550910949707,-0.2989865839481354,-0.4016168415546417,-0.3018435835838318,-0.0633141547441482,-0.1273027509450912,0.6963346600532532,0.0144364014267921,0.5958866477012634,-0.6769208908081055,-0.0035966639406979,-0.0192232504487037,0.5025248527526855,-0.2713034152984619,0.4535301029682159,0.1705180704593658,-0.2206269055604934,0.2905128300189972,-0.4600411355495453,0.3437642157077789,-0.4624422490596771,0.218388170003891,-0.0954822674393653,0.2361189872026443,0.2366071939468383,0.1092242300510406,-0.4589227735996246,0.4059797823429107,0.0228025522083044,0.0377873368561267,0.4390877187252044,-0.3609616458415985,0.2047397494316101,-0.246830329298973,-0.1848710179328918,0.1235186532139778,-0.8025051951408386,0.0496708303689956,0.3030591011047363,-0.3343059122562408,-0.0189714264124631,-0.9487137794494628,0.3285576701164245,-0.3284171521663666,-0.0931068882346153,0.6323469281196594,0.1875442266464233,-0.3590897023677826,0.0741059556603431,0.3721418082714081,0.5906628370285034,-0.4323238432407379,1
0.5930546522140503,0.6319737434387207,1.0374304056167605,-0.3383469581604004,-0.3173145055770874,0.1539123505353927,0.3153692781925201,0.1515471637248993,-0.4578653573989868,-0.2202220112085342,0.5763997435569763,-0.3914760649204254,-0.1334523111581802,0.279024213552475,0.3356066644191742,0.1374870091676712,0.261563777923584,-0.228357583284378,0.0492620840668678,-0.7415341734886169,-0.9501937627792358,-0.612515389919281,-0.4344922602176666,0.4547875821590423,0.0751314908266067,-0.2520163059234619,-0.4934850931167602,0.6057757139205933,-0.1709099560976028,-0.6646323800086975,-0.3495495319366455,-0.1441269516944885,-0.0062627103179693,-0.2704456448554992,-0.4186931848526001,0.3660819232463836,-0.0908106416463851,-0.167567566037178,0.2112042009830474,-0.3609657287597656,-0.0011444424744695,-0.2149135321378708,-0.4878867268562317,0.2321127206087112,-0.4773766100406647,0.6705694198608398,-0.0940615907311439,0.1549710631370544,0.2920421063899994,0.0608545802533626,-0.301110178232193,0.6008332967758179,-0.1358134150505066,0.0839150249958038,0.4559266269207001,-0.4414195418357849,0.2604157924652099,-0.4718002080917358,-0.1638858616352081,0.1065220534801483,-0.1598249673843383,-0.117468774318695,0.4507288932800293,0.1673110127449035,-0.1664277017116546,-0.2495895326137542,0.2202233672142028,-0.1808768361806869,0.1080668717622757,-0.9672194123268129,-0.1319510638713836,-0.0258802082389593,-0.1504610329866409,-0.4684182703495025,0.4988673627376556,0.0243514459580183,0.0468619428575038,0.281541645526886,0.3764991760253906,0.0390359312295913,-0.0303812641650438,0.5560542941093445,0.2749850749969482,-0.651585042476654,-0.1586238443851471,0.2885416150093078,-0.5720490217208862,-0.9294161200523376,0.2649970650672912,-0.2499710768461227,0.1539921909570694,0.0467643775045871,0.1222413778305053,0.1437198668718338,-0.0880763903260231,0.0817514434456825,-0.0137730427086353,0.0303064100444316,-0.1829750686883926,0.2707027494907379,-0.1065154671669006,0.1084117665886879,0.2143130898475647,-0.4609081149101257,-0.1057035401463508,0.4346997737884521,-0.3124888837337494,0.1877999454736709,0.2352217584848404,0.0921714007854461,-0.1803275495767593,-0.1840845793485641,-0.7123745679855347,0.1502789556980133,0.276150643825531,0.174813911318779,0.0092162927612662,0.3546351790428161,-0.4534464478492737,0.4601621031761169,0.0543807819485664,0.4500854909420013,0.1634600013494491,-0.5355239510536194,-0.2583604454994201,0.4782887399196625,0.1057405769824981,-0.0972614884376525,-0.3854002952575683,-0.0368733704090118,-0.514321506023407,-0.1660285741090774,-0.2616156935691833,-0.2344823181629181,-0.1488438099622726,0.975131094455719,0.0155135244131088,0.0206181351095438,-0.0267561897635459,-0.0891184881329536,-0.6971913576126099,0.3064770698547363,0.1040750816464424,-0.3078424334526062,0.2364470064640045,0.0845491215586662,-0.6164693236351013,-0.0115081584081053,-0.0982868075370788,0.4136125445365906,-0.235832080245018,0.9884220361709596,-0.7586669921875,0.4721824824810028,0.3416218757629394,0.2273471504449844,-0.4137569367885589,0.0671729147434234,0.2239904552698135,0.2378989607095718,0.3375002145767212,-0.3559703230857849,0.247457280755043,0.5228894948959351,0.1553430408239364,0.3290236294269562,0.676953911781311,0.103399820625782,0.1686213165521621,0.62786465883255,0.2534085512161255,0.4748419821262359,0.4065767228603363,-0.2254323065280914,0.1255124062299728,0.1808753758668899,0.3665626943111419,0.0411012805998325,0.0633999481797218,-0.3038116693496704,0.4024868905544281,0.2254656553268432,0.3915956318378448,-0.3898278176784515,0.1647123843431472,-0.0910687670111656,-0.0617955885827541,0.0792720392346382,0.0214447602629661,-0.0055477647110819,-0.1618338823318481,-0.1388651579618454,0.3173314034938812,-0.3409028053283691,-0.1761266440153122,-0.6223565340042114,0.0821443051099777,0.0842387229204177,-0.567101240158081,0.241387128829956,0.0837173238396644,0.0320969186723232,-0.0850063040852546,-0.6650980710983276,-0.9847548604011536,0.0360095836222171,0.2418181151151657,0.608451783657074,0.8069567680358887,0.2817661762237549,-0.0929860472679138,0.0025327710900455,0.4189474284648895,0.1991522014141082,0.485445111989975,0.1928444653749466,-0.3371909856796264,-0.4526413679122925,0.0030248225666582,-0.2514255344867706,0.3635325133800506,-0.0099133113399147,0.2246678471565246,0.0934928953647613,0.3120204508304596,0.5910230278968811,0.2896163165569305,-0.3115378618240356,-0.1828919202089309,0.1783300340175628,-0.4448637664318084,-0.4783354699611664,-0.6947966814041138,-0.2774333655834198,-1.0658609867095947,-0.0827516540884971,-0.1445768922567367,0.4428964853286743,-0.3884681761264801,0.1798025071620941,0.0841944590210914,-0.2345711141824722,0.1725807636976242,-0.6224339008331299,-0.0922546982765197,0.2920223474502563,-0.2571264207363128,0.0242164116352796,-0.225935161113739,0.0769189149141311,-0.1192925572395324,-0.6405526399612427,0.4774881899356842,-0.2450895309448242,0.589251697063446,0.2126409113407135,0.4180489480495453,-0.5161406397819519,0.4680569469928741,-0.6232519149780273,0.1649843901395797,-0.4072391092777252,-0.2560926079750061,-0.1045086085796356,0.0366087295114994,-0.0440852269530296,-0.0167182590812444,-0.7414343357086182,-0.7632670402526855,-0.6710200309753418,0.4081059396266937,-0.377534419298172,-0.1795195043087005,-0.2686818540096283,0.0910318791866302,0.1884925812482834,-0.3949028551578522,0.3077177703380584,-0.4483177959918976,0.0859495624899864,-0.3695685863494873,0.0150235658511519,-0.4445623755455017,-0.0799343436956405,-0.2071684449911117,-0.120681457221508,-0.3154639303684234,-0.2612346708774566,-0.4708123803138733,0.5485602617263794,0.3390340507030487,-0.5005316138267517,-0.1777542978525161,0.2373637408018112,-0.6711920499801636,0.5024250745773315,0.4335138201713562,0.5079692602157593,0.0920075923204422,-0.2375938147306442,0.1147491335868835,0.4105258882045746,0.1949232220649719,-0.5020098090171814,-0.0919230952858924,-0.2798886001110077,0.165445014834404,-0.1503764688968658,0.30274698138237,-0.0891336649656295,0.0801515132188797,0.800420343875885,-0.7201858758926392,0.3820748329162597,0.4184666275978088,0.6245318055152893,-1.5815598964691162,-0.1632732599973678,0.3239909410476684,0.1566168069839477,-0.2857618629932403,0.2133903056383133,0.6225133538246155,0.1327646970748901,-0.507827639579773,-0.6074549555778503,0.7863492965698242,-0.1371297836303711,-0.0402927659451961,0.1294665932655334,0.4333170354366302,0.0955873802304267,-0.0722486898303031,-0.239398568868637,0.2700161635875702,0.3449332118034363,-0.4141068756580353,-0.1102446392178535,0.1782326102256775,-0.4787282347679138,-0.5979381203651428,0.5346753001213074,-0.2813994288444519,0.0462422184646129,-0.5265087485313416,-0.2266714721918106,0.2631429135799408,1.2355531454086304,0.9064568877220154,0.4722028374671936,-0.4690961837768554,0.0397255606949329,0.2951527535915375,0.092758722603321,0.4366799890995025,-0.4568349719047546,-0.0590069852769374,-0.2201783955097198,0.2607977390289306,-0.0003320178657304,-0.206950381398201,-0.2997709512710571,0.0006510087405331,-0.2240550220012664,0.1381222307682037,0.1757456362247467,0.6392369270324707,0.5888489484786987,0.0719190686941146,0.2771028578281402,0.5820664763450623,0.2163119614124298,-0.1702637523412704,-0.640766441822052,-0.2304135411977768,-0.5685872435569763,0.0290704946964979,-0.3389539420604706,0.0312527008354663,0.1812687963247299,-0.0644818320870399,-0.2559150457382202,-0.190084308385849,-0.7557110786437988,-0.0313365347683429,-0.6441577672958374,-0.1468411535024643,-0.4338350892066955,-0.1419647932052612,-0.5825140476226807,0.5226696133613586,0.2565320134162903,0.4118370413780212,-0.2655712366104126,-0.6843339800834656,0.3323074281215668,-0.4003994166851043,0.2062298655509948,-0.1335920840501785,0.2605097889900207,-0.4813299477100372,0.0242689289152622,-0.0752809643745422,-0.4781084060668945,-0.5651113986968994,-0.088708259165287,-1.045231580734253,-0.0479845367372036,-0.2665314972400665,0.8264502882957458,-0.0327674336731433,0.285120278596878,0.0431138947606086,0.2529205977916717,-0.152341291308403,-0.3423779010772705,-0.2893217504024505,0.3020348250865936,0.6612731218338013,0.5661771297454834,0.5040283203125,0.3274131119251251,0.3739674389362335,0.2123314440250396,0.3675148487091064,-0.077611893415451,-0.7367231249809265,-0.1211641952395439,0.4992361962795257,-0.1675801277160644,0.1143235266208648,0.1704015135765075,0.1820055246353149,0.7767773270606995,-0.4027236700057983,-1.3625963926315308,-0.036233089864254,0.2313139140605926,-0.0061171520501375,0.395618587732315,0.6893584728240967,0.6493796110153198,0.1688758134841919,0.3078279197216034,0.1799433827400207,0.0588066093623638,0.348358154296875,-0.1077641621232032,0.4429264068603515,0.1758044362068176,0.4120401740074157,0.5611658096313477,0.2704443037509918,0.3965398371219635,0.7224353551864624,0.5814869999885559,-0.3756316006183624,0.3890821933746338,0.2342062145471573,-0.0645181462168693,-0.4640446305274963,0.3887246251106262,-0.532438337802887,-0.1560401171445846,-0.4403444826602936,0.1383714377880096,0.8855701088905334,-0.3944266736507416,0.4827744364738464,-0.3917814791202545,-0.3315642774105072,-0.5335702896118164,-0.6436577439308167,0.225389301776886,-0.3714775443077087,0.004747531376779,0.4039610922336578,0.0167642422020435,-0.6071538329124451,0.1637975424528122,0.3150565326213836,0.5812759399414062,0.1684347242116928,-0.3420390486717224,-0.0363199412822723,0.5715809464454651,-0.2086262553930282,-0.0129445828497409,0.173548474907875,-0.0556816048920154,-0.2279419898986816,-0.9748454689979552,-0.5031415224075317,-0.1166454181075096,0.0946948006749153,-0.5069720149040222,0.675150454044342,0.4821428060531616,-0.5622348785400391,-0.2528059482574463,-0.3165469169616699,-0.0573950409889221,-0.0856062024831771,-0.5313248634338379,0.103178858757019,-0.0795996412634849,-0.0123421298339962,0.6556701064109802,0.5359843373298645,-0.4287244081497192,-0.0557401143014431,0.5663303732872009,0.3626473546028137,0.042487870901823,0.2001436948776245,-0.4511834979057312,-0.4796603918075561,0.0560747161507606,0.2924157381057739,-0.089206226170063,-0.1261716783046722,-0.2473555207252502,-0.5904003977775574,-0.5416514277458191,-0.3029631376266479,-1.245996356010437,0.4305896759033203,-0.0474571697413921,0.3658763170242309,-1.0936464071273804,0.2656297981739044,-0.1482317149639129,0.4529084265232086,-0.1175688505172729,0.5350407958030701,-0.0783148407936096,-0.8816331028938293,-0.0290599912405014,0.2554600834846496,-0.4953828155994415,1.0187796354293823,0.5998725891113281,-0.3338018357753753,-0.2952187061309814,0.2195363789796829,0.1347533464431762,-0.1538268029689788,0.1619288921356201,-0.2186457812786102,-0.3780580461025238,0.0816185697913169,-0.0991635993123054,0.3998847305774688,0.3499682545661926,0.0132835768163204,0.0784867256879806,0.7465474605560303,0.167585402727127,0.5677454471588135,0.3431079685688019,-0.6401307582855225,-0.0630431696772575,-0.4246980249881744,0.2371137887239456,0.1239999681711196,0.7866754531860352,-0.2244578599929809,0.34340900182724,0.6815798878669739,-0.2369484007358551,-0.1116271018981933,0.549222469329834,0.0797847285866737,0.3611436784267425,-0.1648872792720794,0.0869230479001998,-0.979767382144928,0.3181458711624145,0.2978108525276184,0.1512073874473571,0.0599983111023902,0.1215851306915283,0.0128585761412978,-0.8224067091941833,0.2650946974754333,0.0652206242084503,-0.265663743019104,0.2789573669433594,0.324606329202652,-0.0627619698643684,0.8225252628326416,0.3374103605747223,-0.2739810645580292,-0.0544343329966068,-0.1593586653470993,0.8004461526870728,0.8542128205299377,-0.137147456407547,0.4373861253261566,-0.4904538989067077,-0.8217084407806396,0.2437671273946762,0.1175533384084701,0.3254854381084442,0.608734130859375,-0.4999359846115112,-0.3563725054264068,0.648382842540741,0.2604873180389404,0.1238970682024955,-0.2658562362194061,-0.4231884777545929,0.3213720619678497,-0.0952896773815155,-0.0999052971601486,0.2133684456348419,0.2749728560447693,0.5598160028457642,0.474202036857605,0.1232558265328407,-0.3892777860164642,0.7708496451377869,0.0401249155402183,-0.4257298409938812,0.1605914384126663,-0.6243446469306946,0.1913665384054184,0.2539394497871399,0.3622981011867523,0.1147514209151268,-0.3004081547260284,0.2212794125080108,-0.3058556020259857,-0.1422671228647232,-0.3531127870082855,0.4561539590358734,0.1532309055328369,-0.0816366374492645,-0.2919953167438507,-0.506588339805603,-0.2151989787817001,-0.022124245762825,-0.8622197508811951,-0.062067974358797,0.0931381061673164,0.248438075184822,-0.2223546653985977,-0.0184063073247671,-0.7270002365112305,-0.3781671822071075,-0.3258433640003204,0.3780666291713714,-0.7069383859634399,-0.3961071372032165,0.5641794204711914,0.0921429172158241,-0.0190799348056316,-1.3055930137634275,0.5102050304412842,-0.0726425573229789,0.244777649641037,-0.1593020558357238,0.1414137631654739,-0.4171003997325897,0.0453599132597446,0.0863836333155632,-0.2981536984443664,0.0865919068455696,-10.187033653259276,0.2162238210439682,-0.5153321027755737,-0.4303008615970611,-0.500162661075592,-0.0747401714324951,0.8724194765090942,0.4472564160823822,-0.1867846846580505,0.6053003072738647,-0.1999603658914566,0.610309898853302,0.3539019823074341,0.026266511529684,-0.1964733153581619,0.0974662229418754,-0.2961273491382599,-0.0557382181286811,-0.2707590460777282,-0.0954452827572822,-0.4605646729469299,-0.3728103935718536,0.7333937287330627,0.4507887959480285,0.629659116268158,-0.1577025353908538,0.1320483535528183,0.413061648607254,-0.3313141167163849,0.3687202632427215,-1.037243366241455,0.5492420196533203,-0.3114286065101623,0.7603781819343567,0.1523233950138092,0.0801357626914978,0.0627902969717979,0.1707354187965393,-0.2683981657028198,0.4237218797206878,0.4935589134693146,-0.0309099871665239,-0.0772415921092033,0.0353514850139617,-0.298044204711914,0.0358415953814983,-0.1193246468901634,0.075347863137722,0.5912200212478638,-0.2721285223960876,-0.0493429005146026,-0.1865812689065933,0.133067637681961,-0.2255179733037948,0.2005201876163482,0.1497281491756439,0.8183289170265198,-0.664590060710907,-0.3175504505634308,0.0987665951251983,0.5905869603157043,-0.0658743679523468,0.4694211781024933,0.6204165816307068,0.104325532913208,0.5022666454315186,0.3527027368545532,0.2424290180206298,-1.142908215522766,-0.2231483608484268,0.3112803101539612,0.7615343332290649,-0.0210704356431961,0.0310787577182054,-0.168237954378128,0.2661822736263275,0.1296748220920562,0.1882065534591674,0.4320928156375885,-0.0768738389015197,0.1991636008024215,-0.185180589556694,-0.0695248767733573,0.5907264351844788,-0.708386242389679,0.1378110945224762,-0.0611194148659706,-0.3213564157485962,0.2627412974834442,-0.4816176295280456,0.314485490322113,-0.1782543659210205,-0.8476414680480957,0.5249963998794556,0.7515106797218323,-0.3503181636333465,-0.3775286376476288,-0.0929861590266227,0.2224091589450836,-0.2934626340866089,1
0.1231138110160827,0.4492609798908233,0.3884042799472809,0.0412229038774967,0.0758494585752487,0.5558128356933594,0.2306105643510818,0.1551999896764755,-0.4046125411987304,-0.4644301831722259,0.0374848321080207,-0.1543157696723938,-0.2079087793827057,0.6230141520500183,0.0749955996870994,-0.0330402813851833,-0.2268550395965576,-0.1624379307031631,-0.3136763870716095,-0.2009812891483307,-0.4487609565258026,-0.3970475792884826,-0.4971101582050323,0.4764551222324371,-0.2808994054794311,-0.0796614587306976,-0.0104049891233444,0.1680516749620437,0.2500545084476471,-0.1148869171738624,-0.0953003466129303,-0.4020711779594421,-0.5611262321472168,0.0101643595844507,-0.6131436824798584,-0.0841822996735572,-0.4243415892124176,-0.1154774501919746,0.2670247554779053,0.0216015093028545,-0.0181246995925903,-0.1735791265964508,-0.3490122854709625,-0.333618551492691,-0.0702253431081771,0.4099800288677215,0.2204208374023437,0.3000068664550781,0.2423617392778396,0.0448936149477958,-0.0321125537157058,0.3012973070144653,0.192337691783905,0.0826527848839759,0.4473689198493957,-0.5930591821670532,0.8809794783592224,-0.8074719309806824,0.2130884379148483,0.5514248013496399,-0.6567736268043518,-0.3907581865787506,0.1432421207427978,0.2119351327419281,-0.093148149549961,-0.2198729664087295,0.3205922842025757,-0.022681538015604,0.1360212862491607,-0.7621728181838989,0.2123498320579528,-0.1271419823169708,-0.0643603503704071,-0.1578206121921539,0.2649607956409454,-0.7738043665885925,0.3087517917156219,-0.1347953975200653,-0.0922530516982078,0.4323457479476928,-0.6077329516410828,0.8605305552482605,0.1024291589856147,-0.4221510291099548,-0.0294526703655719,-0.123188279569149,-0.6463356018066406,-0.8160682916641235,0.4599822163581848,-0.2753682434558868,0.2812662720680237,0.3788725137710571,0.1458035409450531,0.7601058483123779,0.0165413618087768,0.0440185964107513,0.3510110378265381,0.387873113155365,0.0899581685662269,0.3239330947399139,-0.462004005908966,-0.0534325987100601,0.5842787623405457,-0.8378627896308899,-0.1350140571594238,0.0442395322024822,-0.4432619512081146,0.4669585824012756,0.1385521590709686,0.0495200753211975,-0.2713117301464081,-0.2956724762916565,-0.3439642786979675,0.2891451716423034,0.2782316505908966,0.3838802874088287,-0.0002128552878275,0.3526578843593597,-0.2968418300151825,0.4204418957233429,0.1402692347764969,0.6628037691116333,0.0109529132023453,-0.2493162453174591,-0.7611669898033142,-0.1784507483243942,0.2513410449028015,0.2485608905553817,0.0415656119585037,-0.8785262107849121,0.1427153050899505,-0.036750178784132,-0.5656404495239258,-0.1953497976064682,-0.3722878396511078,0.6866252422332764,-0.0380434580147266,0.1799145638942718,-0.1077672466635704,-0.458080381155014,-0.6979972124099731,0.2590562403202057,-0.1680516898632049,-0.0491655878722667,-0.2135801017284393,-0.0960002318024635,-0.0139121320098638,0.1986266672611236,0.6022095680236816,0.5109342336654663,-0.1990288496017456,1.0830914974212646,-0.4651145339012146,0.0338232852518558,0.3894877731800079,0.1737095117568969,-0.5139617919921875,-0.0087816445156931,0.2318317294120788,0.5932332277297974,0.5720173120498657,-0.4909519255161285,0.355887770652771,0.9361818432807922,0.0049250083975493,0.2354423254728317,0.4689258635044098,-0.1164900213479995,0.3047364354133606,0.5328068137168884,0.5977091193199158,0.5410733819007874,0.0592143833637237,-0.2418918311595916,0.010082459077239,0.5177382826805115,0.7239014506340027,0.0804607421159744,0.1661899983882904,-0.5361214876174927,0.0783840641379356,-0.0655987709760665,-0.0093996971845626,-0.8041617274284363,0.2197591960430145,-0.3057252764701843,0.1525004506111145,-0.0831784009933471,-0.2190597802400589,0.0048233796842396,-0.2455145269632339,-0.142656996846199,0.1653960347175598,-0.1805367618799209,0.0226214379072189,0.252815306186676,0.1008603945374488,-0.0736695155501365,-0.3125497698783874,0.0027908934280276,-0.2689207196235657,0.0918744355440139,-0.0830516815185546,-1.101097583770752,-0.9538522958755492,0.1038811057806015,0.5318265557289124,0.4946764707565307,0.3651838898658752,-0.0952106788754463,-0.2399941682815551,0.2045545428991317,0.7216549515724182,0.1952834278345108,0.4752112329006195,0.4693156778812408,-0.5757101774215698,-0.1049781814217567,0.1779050976037979,0.3130639493465423,-0.0979202687740325,0.082808680832386,0.0422740578651428,-0.0802398845553398,-0.0945495218038559,0.8080146312713623,0.1936263293027877,-0.1150619089603424,0.0054282308556139,0.7240721583366394,-0.7917774319648743,-0.2525116801261902,-0.5103409886360168,-0.2524421513080597,0.0004336121783126,-0.1393671780824661,-0.5123047828674316,0.512993574142456,-0.0856382101774215,-0.0278315190225839,-0.4146546721458435,-0.2266345173120498,0.5573171377182007,-0.5894581079483032,0.2186111509799957,0.2767102420330047,-0.1298295557498932,0.034149307757616,-0.5827338099479675,-0.1074302047491073,-0.4650209546089172,-0.5124746561050415,0.095265544950962,-0.2727013528347015,0.877055287361145,0.0307052470743656,0.7117515802383423,-0.1736073940992355,0.1399305462837219,-0.2337078005075454,-0.1700103282928466,-0.4660062491893768,-0.3893087208271026,-0.3200649917125702,0.36192587018013,0.2422608286142349,0.5455904603004456,-0.2525476515293121,-1.6800079345703125,-0.0829514935612678,0.0901246294379234,-0.590021550655365,-0.1166232600808143,-0.134414792060852,-0.1570027023553848,-0.3502565920352936,-0.0730955302715301,0.7539610862731934,-0.6830848455429077,-0.1346728652715683,-0.2110080420970916,0.4071735441684723,-0.4598382413387298,0.0623786784708499,0.1153885349631309,0.4106982946395874,-0.1908294707536697,-0.6963496804237366,-0.3930406868457794,0.0179575663059949,0.1430064439773559,0.0185511503368616,-0.4818713068962097,-0.014843457378447,-0.4170853197574615,0.2829124331474304,0.1637875735759735,-0.4432901740074157,0.3415219485759735,0.3085688650608063,0.6146608591079712,0.5549052357673645,0.5430335402488708,-0.1672431081533432,-0.6714587807655334,0.2201706171035766,0.1896889805793762,-0.3027598261833191,0.559830367565155,-0.5565181374549866,0.3516184091567993,0.342310756444931,-0.3357832729816437,0.2908375561237335,0.6458819508552551,-0.0310758836567401,-1.572529911994934,-0.2528011500835418,0.3623014986515045,0.2087958753108978,-0.3817519247531891,0.1319604963064193,0.1576255410909652,0.3442347347736358,-0.5063840746879578,-0.2880071401596069,0.5498164296150208,0.1964365392923355,0.2621631324291229,-0.1872194111347198,0.5826170444488525,-0.5048829913139343,0.0397969894111156,-0.6787499785423279,-0.0171617232263088,0.4861078262329101,-0.2345322966575622,-0.1444097906351089,0.265208750963211,-0.3782488405704498,-0.2671854197978973,0.4098029434680938,-0.1968329399824142,0.0528481900691986,-0.2974405884742737,-0.0400130189955234,0.2802795171737671,1.4972728490829468,0.5008471608161926,0.6121992468833923,-0.323981761932373,-0.3650017976760864,0.2641220986843109,0.1231701672077179,0.3433264493942261,-0.3920523524284363,-0.1274280995130539,-0.3564356565475464,0.0299845319241285,-0.0609694756567478,0.0171967726200819,-0.0190320536494255,-0.2858986556529999,0.1662586331367492,-0.461461454629898,0.2694081962108612,0.4638465940952301,0.0398641116917133,0.2293373197317123,0.6746375560760498,0.5301793813705444,0.2003440409898758,-0.2477969080209732,-0.5393532514572144,-0.0063035571947693,-0.5178176164627075,0.377795934677124,0.0354310274124145,-0.0208152793347835,0.3716359138488769,-0.301368772983551,0.1769916862249374,0.0036387762520462,-0.2827593982219696,0.0379030369222164,-0.5908679366111755,-0.3027498126029968,-0.1490825861692428,0.0798156931996345,-0.3840076625347137,0.2991436719894409,0.4653516709804535,0.5443713665008545,-0.3986534774303436,-0.392270028591156,0.0972675308585167,-0.0983534157276153,0.1271000504493713,0.0717663019895553,0.2141284644603729,-0.0405843406915664,-0.1314437687397003,-0.5324204564094543,-0.4545006453990936,-0.6074473857879639,-0.0998709499835968,-0.4864875674247741,-0.2520653307437897,0.2662206590175628,0.6392948627471924,-0.0061220834031701,-0.0002625654451549,0.2046940177679062,0.2406426519155502,-0.427702397108078,-0.5291266441345215,-0.0238432958722114,0.3131350576877594,0.5644910335540771,0.3777675032615661,0.5966751575469971,0.1175851374864578,0.3224056363105774,-0.0339446403086185,0.1585583239793777,0.3659508824348449,-0.3815783858299255,-0.299306184053421,1.030006766319275,-0.4189485609531402,-0.0196306072175502,-0.1873382329940796,0.1946061700582504,0.7992408275604248,-0.2151150107383728,-0.7935209274291992,0.418662279844284,0.0426677353680133,0.2311915755271911,0.6340779662132263,0.4241951704025268,1.04574716091156,0.288774311542511,0.4176480174064636,0.3807947933673858,-0.2010767459869384,0.1479807496070861,-0.3861715495586395,-0.0557927750051021,-0.1404449790716171,0.3929578959941864,0.7641176581382751,0.3738381564617157,0.2858656346797943,0.0353921093046665,0.4459830820560455,-0.5208247900009155,0.1525947600603103,0.383240669965744,-0.202982485294342,-0.5346816182136536,0.218737781047821,-0.972753882408142,-0.8207621574401855,-0.1421180963516235,-0.0154181104153394,0.4628665149211883,0.0081729851663112,0.3942067325115204,-0.5851307511329651,-0.7573434114456177,-0.478797048330307,-0.9843683242797852,-0.0697788372635841,0.0517299473285675,-0.19020776450634,0.5906980037689209,0.300529271364212,-0.9819388389587402,0.461364597082138,0.3210695385932922,0.48450767993927,0.1785139143466949,-0.3847949206829071,-0.321662425994873,0.8443519473075867,-0.5014409422874451,-0.4166518449783325,0.750177800655365,-0.0743482336401939,-0.0699120983481407,-0.3655387163162231,-0.2019563913345337,0.1565447747707367,0.4733108282089233,-0.1820834279060363,0.2548277080059051,-0.0231193322688341,-0.4221740365028381,-0.2792053520679474,-0.2625077366828918,-0.3165677189826965,0.2979778945446014,-0.8846938014030457,-0.2044506818056106,-0.2526279389858246,-0.1218877434730529,0.6885345578193665,0.6429525017738342,-0.2151956707239151,0.0918591320514679,0.7153148055076599,0.1788139045238495,-0.2660667896270752,-0.0331308916211128,0.0755949541926384,-0.3624329268932342,-0.2606484889984131,0.0119486786425113,0.3902390599250793,0.2846006453037262,0.3447838723659515,-0.7184575200080872,-0.3535074293613434,-0.1424677819013595,-0.7829322814941406,0.4006941318511963,0.0192137602716684,0.524908721446991,-0.9151397943496704,0.1733862459659576,-0.1486841440200805,0.3275986909866333,0.1396800130605697,-0.0200174562633037,-0.0763090774416923,-1.4075360298156738,0.0534817576408386,-0.4918538331985473,-0.7902896404266357,0.5318777561187744,-0.2848229110240936,-0.6919559836387634,0.2178936302661895,0.1768209189176559,-0.0917976275086402,0.0921580791473388,-0.0385496318340301,-0.4900764226913452,-0.042287316173315,0.4481016993522644,-0.1261456757783889,-0.1064321026206016,0.4720658361911773,-0.3878652453422546,0.0398647002875804,0.603585422039032,0.5249636769294739,0.1717052012681961,0.1215288713574409,-0.0735646188259124,0.0501642189919948,-0.786901593208313,0.1556357145309448,0.0870108231902122,0.4399442374706268,-0.3945975601673126,0.2235125601291656,0.6525632739067078,-0.3681321144104004,-0.0519896671175956,0.8495214581489563,0.1558186113834381,0.6384768486022949,0.0111140543594956,-0.2351629585027694,-0.8818499445915222,0.4974597990512848,0.4136258959770202,0.2622667253017425,-0.3039504289627075,0.2893498837947845,-0.1052259653806686,-0.4882786571979522,0.2411974370479583,-0.0667811557650566,-0.064834177494049,0.4654918611049652,0.4328020513057709,0.1599184870719909,0.7770379185676575,0.6601337790489197,-0.3099386990070343,0.4009592533111572,0.1443146169185638,0.2567755579948425,0.9159109592437744,-0.0673000141978263,0.5176604986190796,-0.3365890383720398,-0.7841489911079407,0.2950450778007507,0.1969319880008697,0.3568305671215057,1.1737850904464722,0.1396821588277816,-0.3988161087036133,0.5462249517440796,0.8059064745903015,-0.0751746743917465,0.1154990270733833,-0.4927742481231689,-0.0536334104835987,-0.0812551900744438,-0.2035188674926757,-0.0750195607542991,-0.0683854147791862,0.0823175758123397,-0.1193918213248252,0.1936592906713485,-0.2463523298501968,0.4719513356685638,-0.4209035634994507,-0.3078163266181946,0.3759004473686218,-0.002961597405374,0.3020261228084564,-0.0533858947455883,0.4790732264518738,-0.3208807706832886,-0.2082509845495224,0.4283637106418609,-0.407904177904129,-0.4388944208621979,-0.0532719641923904,0.3547323942184448,-0.0368370115756988,-0.0052372380159795,0.0940156653523445,-0.3612267076969147,-0.211391806602478,0.2542731165885925,-0.5569307208061218,0.3658948242664337,-0.0642438754439354,0.2677868604660034,0.1883809864521026,0.0471253059804439,-0.4177459180355072,-0.2764428257942199,-0.5471877455711365,0.1430089622735977,-0.396871268749237,-0.6322588324546814,0.4642121195793152,-0.0183759145438671,-0.3485398292541504,-1.5665051937103271,0.6561968922615051,-0.1743222624063491,0.3859342932701111,-0.1879439949989318,0.1425675898790359,-0.0521857179701328,0.0290188640356063,0.1428416967391967,-0.44991534948349,-0.0334871858358383,-10.106772422790527,0.0311617329716682,-0.7103382349014282,-0.5038667917251587,-0.026438895612955,0.0103408712893724,0.8339167237281799,0.5296981930732727,-0.3991149663925171,0.017071871086955,-0.4222870469093323,0.2256660610437393,0.2735041081905365,0.5720398426055908,-0.0424214042723178,-0.3598330616950989,-0.3359643220901489,-0.5068827867507935,-0.0967234298586845,-0.3829208612442016,-0.0620862655341625,-0.0616059638559818,0.8082335591316223,0.175922617316246,-0.1417668014764785,-0.4456749558448791,-0.3426142036914825,0.3715060949325561,-0.1455613672733307,0.1725504249334335,-1.1235413551330566,0.902729630470276,-0.3657998740673065,-0.382174015045166,-0.4527009129524231,0.2521111965179443,-0.010334450751543,0.2842535078525543,-0.0591973848640918,0.601249098777771,0.2945119440555572,0.6637018918991089,-0.1598019748926162,-0.3018046021461487,0.1331110447645187,0.4781384766101837,-0.1138777434825897,0.2863802015781402,0.2445801645517349,-0.1813361495733261,0.1402642875909805,-0.3990349471569061,0.2809138000011444,-0.1469828486442566,-0.0133303431794047,-0.1942400634288787,0.7767208814620972,-0.7879253029823303,0.0311534497886896,0.1072991862893104,0.2392787486314773,-0.1930221021175384,0.4252275824546814,0.208171546459198,-0.3237896859645843,0.4729270040988922,0.1399933397769928,0.23618184030056,-0.7695155739784241,-0.2419710606336593,0.3645013272762298,0.1336968094110489,0.1556989699602127,0.1743565052747726,-0.024681793525815,0.5745055675506592,-0.1888916194438934,0.0466608963906765,0.0775435715913772,0.281894326210022,0.4171482026576996,-0.4694114327430725,-0.6455208659172058,0.1391593664884567,-0.1641565710306167,0.4069516956806183,-0.1344774216413498,0.3288237750530243,0.0753167793154716,-0.4625642895698547,0.3396262526512146,-0.455998957157135,-0.6298967599868774,-0.1371355205774307,-0.0455033481121063,-0.3143453001976013,0.2219788879156112,0.2289328575134277,0.3692764937877655,0.4943829774856567,1
0.4977723062038421,0.762214720249176,0.3001967370510101,-0.0705847814679145,0.2179500162601471,0.5602548718452454,0.4869615137577057,-0.177514836192131,-0.65573650598526,-0.2247486412525177,0.6478701233863831,-0.0135002266615629,-0.5698202848434448,-0.1154059171676635,-0.0542037487030029,0.067095011472702,0.0568677112460136,0.1424918472766876,0.2394265681505203,-0.3632401525974273,-0.8473316431045532,-0.2835427522659302,-0.2471297085285186,0.4857915639877319,0.1489565670490265,-0.4989114105701446,-0.0597809851169586,0.2198182940483093,0.1470463126897812,-0.5163800716400146,-0.4021912813186645,-0.1543500572443008,-0.2200869768857956,-0.1614544838666916,-0.3590963780879974,0.2555135190486908,-0.1313694268465042,0.1932505965232849,0.5122982263565063,-0.0836405232548713,0.0147649561986327,-0.1887382715940475,0.130550742149353,-0.4150876700878143,-0.4250774979591369,0.1651779413223266,-0.1981049627065658,0.0069311037659645,0.1345453113317489,-0.2186292260885238,-0.2786826491355896,0.0532936826348304,0.4554681777954101,0.4706835448741913,0.2826900482177734,-0.0486526228487491,0.3778901994228363,-0.5317972302436829,0.201608121395111,0.2372674345970153,-0.4841687381267547,-0.1222806349396705,0.6283367276191711,-0.2687396109104156,-0.2816319763660431,0.0934074744582176,-0.5849112868309021,0.0674915835261344,0.5534062385559082,0.1447318941354751,0.173482671380043,0.2832972705364227,-0.5191463232040405,-0.4963417053222656,0.6287716031074524,-0.2293884307146072,-0.0331797786056995,0.1044676750898361,0.4663642942905426,0.119877241551876,-0.1456934362649917,0.4240182638168335,0.0486305952072143,-0.8159880638122559,-0.7351557612419128,0.2830444872379303,-0.4839480817317962,-1.1103099584579468,0.6425333619117737,-0.0698596611618995,-0.1848158985376358,-0.1586877107620239,0.3697372078895569,0.6404760479927063,0.8151012063026428,0.2969207465648651,0.2427611202001571,-0.1323630511760711,-0.2170851528644561,-0.0521797724068164,-0.3551631867885589,0.0798893943428993,0.2733912169933319,-0.2862881422042846,-0.1252802312374115,-0.0219633132219314,-0.2585812509059906,0.314949482679367,-0.0663669109344482,0.5869274735450745,-0.3505898118019104,-0.7546221613883972,-0.7499986886978149,-0.7083218693733215,0.4179344177246094,0.1561466008424759,-0.0256101582199335,-0.0213768854737281,-0.1312819719314575,0.5956467986106873,0.1108187809586525,0.4021453261375427,-0.3529468476772308,-0.417076826095581,0.1109485328197479,0.4877107143402099,0.7879258990287781,0.2531805038452148,0.0876840353012085,-0.6937103867530823,-0.2503114938735962,-0.0494170375168323,-0.2748991250991821,-0.2526503503322601,-0.494023859500885,0.5200039744377136,0.5486974716186523,-0.096918299794197,-0.2028386145830154,-0.5067431926727295,-0.3529611527919769,-0.0522220432758331,0.6908286213874817,-0.5780988931655884,0.0333654955029487,0.4637208878993988,-0.0026303278282284,-0.5467590093612671,0.6099913716316223,0.1024562269449234,0.4922885298728943,0.9899922013282776,-0.6203494071960449,0.231868639588356,0.3055950403213501,0.0089106084778904,-0.5262996554374695,-0.0935625210404396,0.1046951189637184,0.162379115819931,0.4352684915065765,-0.1494534760713577,0.2424438595771789,0.8228415250778198,0.0683892741799354,0.6480101346969604,0.4003673493862152,-0.1331605911254882,-0.094615526497364,0.8905602097511292,0.6744939088821411,0.1684101969003677,0.337816447019577,-0.2461377531290054,0.0202574897557497,0.0263792593032121,0.6640516519546509,0.3875845968723297,-0.3714708983898163,-0.3083221912384033,-0.2684784531593323,0.0411030650138855,-0.2677584290504455,-0.66239333152771,0.7921580076217651,0.224115252494812,0.2104992419481277,-0.0420246683061122,0.126968652009964,0.060714915394783,0.0390688702464103,-0.5676239728927612,0.3872645795345306,-0.5241395235061646,-0.4268209636211395,-0.2054151743650436,0.1008293330669403,0.4671148359775543,-0.3749544620513916,0.0622957162559032,-0.1481553614139557,-0.0852480754256248,-0.0640909001231193,-1.044561505317688,-0.6947176456451416,-0.111126534640789,-0.2085552811622619,0.2236756682395935,0.0463293455541133,0.2563772201538086,-0.2219153642654419,0.3766638040542602,0.0556937642395496,0.1000529900193214,0.9838168621063232,-0.4554960429668426,-0.7351490259170532,-0.5471198558807373,0.2753055691719055,-0.3667725622653961,0.072249986231327,-0.1750421524047851,0.4107380509376526,0.0624465495347976,-0.0304303131997585,0.2133269757032394,-0.0505209080874919,-0.4280070960521698,-0.357671171426773,0.2461699694395065,-0.3687850534915924,-0.8497666716575623,-0.4747174382209778,0.451398640871048,-0.6638348698616028,-0.6420873999595642,-0.0833018645644187,0.164394736289978,-0.143783763051033,0.3876250982284546,0.2914418280124664,-0.0291210692375898,0.5844864845275879,-0.4830948412418365,-0.4129616022109985,0.3606751263141632,-0.2489781081676483,-0.2905375063419342,-0.3257871270179748,0.0609302669763565,-0.5616694092750549,0.006656075362116,-0.3697426617145538,-0.0352748334407806,0.5051462650299072,0.8163324594497681,0.1438590288162231,-0.1126763969659805,0.7611205577850342,-0.3866346180438995,-0.1862116903066635,-0.5050495266914368,-0.3309034705162048,0.1721717417240142,-0.1186392679810524,0.1471705734729766,0.0962715968489646,-0.5144798755645752,-0.626122236251831,-0.6981619000434875,-0.0546465329825878,-0.4102405905723572,-0.3700844049453735,-0.410451203584671,0.4057778418064117,0.1632425785064697,-0.2478295862674713,0.8198925256729126,-0.3650265634059906,0.0862723737955093,-0.3174006640911102,0.4126617312431335,-0.911927342414856,-0.4433081150054931,0.2765549421310425,0.2164949774742126,-0.4448540508747101,-0.5981519818305969,-0.2507671117782593,0.6874138712882996,0.4614215195178985,-0.7337272763252258,-0.0845478400588035,-0.2232851535081863,-0.8903726935386658,0.0920128151774406,0.1980205029249191,-0.245847001671791,0.1271836906671524,-0.0267492439597845,0.3818349838256836,0.0844445377588272,0.6203393936157227,-0.269874095916748,0.0674191862344741,-0.3330307304859161,0.1550757735967636,0.3492984473705292,0.2012976109981537,-0.1771117895841598,0.2820478081703186,0.6080545783042908,-0.3669500946998596,-0.0447010435163974,0.5727233290672302,0.4977227747440338,-1.6306138038635254,-0.1050614193081855,0.7068737149238586,0.0691133737564086,-0.2206844091415405,0.3662706911563873,0.2723936736583709,0.2147510796785354,0.1029686108231544,-0.5237873792648315,0.8408937454223633,-0.0999461039900779,-0.7083391547203064,-0.0132303331047296,0.3255953192710876,-0.2793344557285309,0.109063409268856,-0.5176393985748291,-0.1456052362918853,0.205913633108139,-0.4998755753040313,-0.0822938606142997,0.4580283761024475,-0.2556052207946777,-0.1300143152475357,1.0674711465835571,-0.196766585111618,0.2094613760709762,-0.7183517217636108,-0.586969792842865,0.4481704235076904,1.498952865600586,0.3905880749225616,0.5035582780838013,-0.6961891651153564,-0.3122560083866119,-0.1867713332176208,-0.6086137890815735,-0.4143126010894775,0.0207301694899797,0.0458031110465526,-0.3602332174777984,0.7234663367271423,-0.3799479901790619,0.2590334713459015,0.1430650949478149,0.0268209725618362,0.2009649872779846,-0.2294380366802215,0.2664375603199005,0.499571830034256,0.288874864578247,0.4981656968593597,0.8489016890525818,0.1778252571821212,0.2771377563476562,0.5253767371177673,-0.2332346886396408,0.2065893709659576,-0.3553005456924438,0.353740394115448,0.2291543334722519,-0.5951774716377258,0.6198233366012573,0.0469725243747234,-0.1752658784389495,0.1884582042694091,-0.193362683057785,0.2344801723957061,-0.8133407235145569,-0.1792813688516616,-0.012943753041327,0.4430444240570068,-0.2190242707729339,0.9876297116279602,0.3228021562099457,0.7033812403678894,-0.4629280269145965,-0.2507939636707306,0.4496432542800903,-0.2659677863121032,0.5788355469703674,0.1611113995313644,0.7600633502006531,0.0495004132390022,-0.1556380838155746,-0.0422357842326164,-0.7151239514350891,-0.8732701539993286,-0.160705417394638,-0.7268612384796143,0.0519271455705165,-0.1693724542856216,0.7378498315811157,-0.375937819480896,0.1529165506362915,0.3163501918315887,0.1008949801325798,-0.7329763174057007,-0.4082226753234863,0.056964986026287,0.3551352918148041,0.4910451173782348,0.0981431975960731,0.5061526298522949,0.6454697251319885,0.1997101455926895,0.0792300924658775,0.3339554071426391,-0.0239149928092956,-0.506365180015564,-0.2521413564682007,0.6931723356246948,-0.51401287317276,-0.581023097038269,-0.0227749664336442,0.4002014696598053,0.8202051520347595,-0.1924955993890762,-0.9067205190658568,0.2266722470521927,0.1362148076295852,-0.1114742308855056,0.8011572957038879,-0.1805331408977508,0.4969758093357086,0.1080333888530731,-0.1451684087514877,-0.1163565143942833,0.1388550996780395,0.0494217760860919,-0.3506594598293304,0.3048657178878784,0.1271231323480606,0.1045137420296669,0.8413912057876587,0.1489316374063491,-0.0062531870789825,0.3192510902881622,0.623444676399231,-0.7207983136177063,0.3034727871417999,-0.3145513236522674,-0.3153179883956909,-0.2732916474342346,0.7229608297348022,-0.7261978983879089,-0.0558980703353881,0.310514748096466,-0.2256482094526291,0.5461964011192322,0.2008861601352691,0.273343950510025,-0.4708043932914734,-0.3112883865833282,-0.6439359188079834,-0.9480381608009338,-0.3105065524578094,-0.6225723624229431,-0.0326050966978073,0.4525750279426574,0.3298418223857879,-0.5758312940597534,0.238119438290596,-0.0617470555007457,-0.058818731456995,-0.0245472192764282,-0.6884748339653015,-0.4785252511501312,0.6381583213806152,-0.1948600858449936,-0.212584301829338,0.3763333857059479,0.1143671348690986,-0.466895043849945,-0.8952003717422485,-0.1229396015405654,0.2898825705051422,0.2524568438529968,-0.60072261095047,0.5353591442108154,0.279283344745636,-0.65377277135849,0.172553613781929,-0.1152013689279556,0.0303166136145591,-0.5508869886398315,-0.5227007269859314,0.0806623920798301,-0.3354970514774322,0.1492053270339965,0.2519835531711578,0.5486549139022827,-0.568539559841156,-0.4520869255065918,0.9372209906578064,0.1942004710435867,-0.0203808937221765,0.0319142080843448,-0.3139850199222564,0.1318488419055938,-0.0938119813799858,0.244793027639389,-0.0817273780703544,0.389241099357605,-0.3593457341194153,-0.3886335790157318,-0.5741527080535889,0.152886226773262,-1.1313196420669556,1.1495264768600464,-0.219648540019989,0.4687986671924591,-0.6901879906654358,0.1816134750843048,-0.5082182288169861,-0.0936386957764625,-0.1784540116786956,-0.0234275422990322,0.2381726056337356,-0.9734249114990234,-0.1908772587776184,-0.1222327649593353,-0.6552584767341614,0.8351253271102905,0.2150641530752182,-0.7795705199241638,0.2722156941890716,0.6143513917922974,0.3570659160614013,-0.3804626762866974,-0.1917679011821746,-0.7229563593864441,0.1990321278572082,0.5785309672355652,0.1184306070208549,0.1723513901233673,0.2949585020542145,-0.8832653164863586,0.2173646539449691,0.164833590388298,0.3263156414031982,0.5981816053390503,0.0802855789661407,-0.5961132049560547,-0.1223977580666542,-0.5779646635055542,0.1607879847288131,0.0972804576158523,0.4954161942005157,-0.1991925984621048,0.7048833966255188,0.1255213171243667,-0.8774319291114807,-0.157809630036354,1.1459354162216189,0.4072143733501434,0.9419658184051514,-0.3026028573513031,0.351170927286148,-0.7284877896308899,0.2162492275238037,0.3157433271408081,0.0008720847545191,-0.2701735198497772,-0.017885748296976,0.0292052365839481,0.0611175298690795,0.2809743285179138,-0.0042593372054398,0.1574977785348892,0.3489978611469269,0.4586854577064514,-0.3420664072036743,0.7822379469871521,0.1407286077737808,0.3253088891506195,-0.2142194807529449,-0.2556475102901459,0.7843238115310669,0.2840733826160431,0.0691714212298393,0.1156989857554435,-0.3144071400165558,-0.5084195733070374,0.4660362899303436,-0.0799195021390914,0.2154451161623001,0.7735573649406433,-0.8336924910545349,-0.7730416059494019,0.2874742150306701,0.4533012509346008,0.0601705163717269,0.1023878455162048,-0.6400500535964966,0.1197962760925293,-0.1446830779314041,-0.3670123517513275,-0.1179441213607788,0.5833216309547424,0.0286148507148027,-0.1399822533130645,-0.2623045146465301,0.0582510344684124,0.6019451022148132,-0.2415182590484619,-0.4356547892093658,0.0845948383212089,0.0133234299719333,-0.1359875500202179,0.2305426448583603,0.7467884421348572,0.1074021533131599,-0.1524145305156707,0.2386836558580398,-0.5543381571769714,-0.0829812362790107,0.2217784821987152,0.6429728865623474,0.3157141506671905,-0.1878246665000915,0.1708947718143463,-0.6059562563896179,0.3557195365428924,-0.1925796419382095,-0.7919189929962158,-0.1058394238352775,0.5092021226882935,0.0981044322252273,-0.0067919422872364,0.617864191532135,-0.6863872408866882,-0.1516852229833603,0.2586041688919067,-0.2591437995433807,-0.8963746428489685,-0.1850402653217315,0.5438773036003113,-0.2198115438222885,-0.7268279194831848,-1.3194518089294434,0.1370696872472763,0.4487504661083221,0.2108219861984253,0.052571102976799,0.0313358195126056,-0.1931969076395034,-0.3317963778972626,-0.0411413460969924,-0.3800654709339142,0.0214319545775651,-9.890909194946287,-0.0763359442353248,-0.2642572820186615,-0.5176962018013,-0.1215672343969345,0.1576279699802398,1.3792262077331543,0.5424962639808655,-0.2715956270694732,0.2499278485774994,-0.6102218627929688,-0.083098866045475,0.2100419849157333,-0.1264778971672058,-0.0489852987229824,0.3919147253036499,-0.4559948146343231,-0.1297653764486313,-0.3918136060237884,0.0439962372183799,-0.5006563067436218,-0.1322885602712631,0.8209857940673828,0.1129643991589546,0.1784545332193374,-0.5033433437347412,-0.045695848762989,0.2148742824792862,-0.2719188034534454,0.5513343214988708,-0.6424624919891357,0.3458102345466614,-0.0699618011713028,0.5030741095542908,-0.2361465245485305,-0.1106470823287963,0.2537316977977752,0.2160899192094802,-0.6538674831390381,0.5932020545005798,0.1379381865262985,0.7413859367370605,0.3404798209667206,0.2224426865577697,0.1199245750904083,-0.1143809780478477,-0.1504080146551132,0.2877730131149292,0.2724648714065552,-0.0598098151385784,-0.3654098808765411,-0.2015318572521209,0.375577837228775,-0.4748344719409942,0.2462318837642669,-0.2509812712669372,0.5143288969993591,-0.9230496287345886,0.726240336894989,0.051844373345375,0.3044975101947784,0.5292288661003113,0.8545133471488953,0.4404772222042084,-0.0763440951704979,0.7069217562675476,0.112180083990097,0.0210476201027631,-0.7336388230323792,-0.5397350192070007,0.1918666660785675,0.0723781362175941,0.1296802163124084,-0.151104062795639,0.2182915210723877,-0.0213553961366415,0.1709497272968292,0.1197152733802795,0.3392097055912018,0.3875603377819061,0.4535766839981079,-0.2659686803817749,0.92712664604187,0.333240270614624,-1.1787925958633425,0.317155122756958,0.2033464759588241,-0.3324493765830993,0.2010353505611419,-0.7387335300445557,0.7829474210739136,0.1772541254758834,-0.7923036813735962,0.3961736559867859,-0.1301560401916504,-0.0169055964797735,0.2327736318111419,0.240132451057434,0.4370980262756347,-0.2434774339199066,1
0.5291336178779602,0.4527473449707031,1.439809799194336,-0.3195776641368866,-0.1637700498104095,0.6328241229057312,0.5886618494987488,-0.1224492564797401,-0.540020763874054,-0.532222330570221,0.7506648898124695,-0.0625029131770134,0.3012940883636474,-0.2400724440813064,-0.0397750884294509,0.0461850836873054,-0.1583767533302307,-0.5908397436141968,-0.1507647186517715,-0.1519062519073486,-1.2238361835479736,-0.2423812597990036,-0.0330273211002349,0.0925072208046913,0.2089458256959915,-0.995213508605957,-0.0953071638941764,-0.1886679828166961,0.4093061685562134,-0.4943180084228515,-0.4395580887794494,0.2785592079162597,-0.3127665817737579,0.0732773020863533,-0.568009078502655,0.2489831894636154,-0.3718627989292145,-0.4066023826599121,0.3371402025222778,0.3042267560958862,-0.3144905567169189,-0.6186933517456055,-0.5197138786315918,0.133338063955307,-0.3467719852924347,0.3721770644187927,-0.0118310591205954,-0.0126060135662555,-0.2655760049819946,-0.0828029364347457,-0.8545140624046326,0.3431278169155121,0.7090867757797241,0.575167715549469,0.3814952075481415,-0.2199739515781402,0.8055713772773743,-0.3496034145355224,0.107154905796051,0.77392578125,-0.5821271538734436,-0.6669731736183167,-0.0527056418359279,0.4579719603061676,-0.09712465852499,-0.1407954692840576,-0.0677439495921135,-0.2136943638324737,0.5870782136917114,-0.5573700070381165,0.3667507171630859,0.077425867319107,-0.0209872014820575,-0.95097017288208,0.5047110319137573,-0.534667432308197,0.1669235378503799,0.749547004699707,-0.1959467530250549,0.1509429365396499,-0.1481529027223587,0.6183358430862427,0.2716882824897766,0.0183327868580818,-0.648173987865448,0.6858651041984558,-0.4349032342433929,-0.9753808975219728,0.1779387146234512,0.1491404771804809,0.1402956992387771,-0.0940201431512832,-0.1010049805045127,0.2354824542999267,0.6598089337348938,0.4314204454421997,0.3806953132152557,0.4205773174762726,-0.1741514503955841,0.7505362629890442,0.0483959056437015,-0.2476853877305984,-0.0435935519635677,-0.5302251577377319,-0.2157853543758392,0.2352315783500671,-0.1076066046953201,0.1121351867914199,-0.2596644759178161,0.0545073561370372,-0.7151127457618713,-0.0679617077112197,-0.8512144088745117,-0.3036354780197143,0.6958014369010925,0.269111692905426,-0.2179431766271591,0.537839412689209,-0.4538789093494415,0.4979900121688843,0.5131648778915405,0.5161529779434204,0.6535233855247498,-0.4147168695926666,-0.2457990795373916,0.4619676768779754,-0.0964402630925178,-0.2695410549640655,0.1169471144676208,-0.3700784146785736,-0.875925600528717,-0.9075412154197692,0.2616309821605682,0.1383303105831146,-0.823428750038147,0.9806520342826844,0.4296192228794098,0.3598901033401489,0.1945905983448028,-0.2318193167448043,-0.703055202960968,-0.4256985485553741,-0.003123132046312,-0.4177290499210357,0.4051931202411651,-0.1468850821256637,-0.928903877735138,0.2217557281255722,-0.1081406995654106,0.3273799419403076,-0.0105781527236104,1.3072707653045654,-0.6971320509910583,0.2534909546375274,-0.0686223581433296,0.476785272359848,-0.5118756294250488,-0.0272494796663522,0.3681863844394684,0.3215646147727966,0.6190605163574219,-0.5466980934143066,0.1474597156047821,0.8560193181037903,0.0716757997870445,0.1459924876689911,0.8384600281715393,-0.1373453736305236,-0.1935905069112777,0.655235767364502,0.6526260375976562,-0.1916643381118774,0.5016681551933289,0.4018248915672302,-0.483532041311264,-0.016073977574706,1.0801202058792114,0.0457144752144813,-0.0864307358860969,-0.7624317407608032,-0.48292937874794,-0.1337950378656387,0.7725021839141846,-0.6268895864486694,0.5684228539466858,0.0119003718718886,0.4049058258533478,-0.5262647867202759,-0.2759853899478912,0.4485459625720978,-0.415864884853363,-0.2702196538448334,0.770514726638794,0.0389774106442928,-0.3292792737483978,0.0025378612335771,0.0925073847174644,0.3302655518054962,-0.9054403305053712,0.8210209608078003,-0.3385128676891327,0.1368094831705093,-0.0300833582878112,-0.4325437843799591,-0.7790928483009338,0.2598299384117126,0.0822448432445526,0.030595276504755,-0.2606321573257446,0.3649121820926666,-0.3309234380722046,0.6942543387413025,0.6201313138008118,-0.3198661208152771,0.6717029809951782,0.3920567333698272,-0.3934493660926819,-0.2815695106983185,0.2785920798778534,-0.1869622766971588,0.3789196014404297,0.0043461653403937,-0.0675356462597847,-0.0920703560113906,0.0866875126957893,0.3325047492980957,0.1547395586967468,-0.2581541240215301,-0.2380799204111099,0.3264378011226654,-1.039015293121338,0.0319209173321723,-0.9055294394493104,0.4564139246940613,-0.4967024326324463,-0.3678559362888336,0.0624949634075164,-0.4283910691738128,-0.6018213033676147,0.6835878491401672,-0.2946164906024933,-0.7559581398963928,0.7828935384750366,-0.2483172416687011,-0.0452422387897968,0.2972173392772674,-0.0354555658996105,-0.2806169986724853,-0.7436515092849731,0.2554519772529602,-0.025562971830368,-0.3570904731750488,0.1863161921501159,0.1232405751943588,0.3669823408126831,0.0443588532507419,0.7986304759979248,-0.2487018704414367,0.2689824998378753,0.0481478795409202,-0.327282190322876,-0.3055070340633392,0.0608975812792778,0.2472283244132995,0.090357206761837,0.1951358020305633,0.4308273196220398,0.1177839189767837,-0.8609206080436707,-0.5907641649246216,0.6733492612838745,-0.5681602358818054,-0.2200134694576263,-0.0105812577530741,0.3436530530452728,0.1365691125392913,-0.3316465616226196,1.103614091873169,-0.0178691484034061,0.0733012408018112,-0.5307250022888184,0.4033974111080169,-0.5720993280410767,-0.2802544236183166,-0.1360384225845337,0.3267061710357666,-0.8856425285339355,0.2211626023054123,-0.0160285737365484,0.8139064908027649,0.7922917604446411,-0.820393443107605,-0.6304547786712646,0.1753177344799041,-0.5199448466300964,0.1949025839567184,0.8003992438316345,-0.2717603743076324,0.320415198802948,0.2602071762084961,0.3879026174545288,0.709398090839386,0.9056838750839232,0.0776455551385879,0.1033548340201377,-0.0533242300152778,-0.0465776622295379,0.065757542848587,0.1945576965808868,-0.560269832611084,0.5943551063537598,0.9775948524475098,-0.2021489143371582,0.5127206444740295,0.7811636328697205,0.6107203364372253,-1.549999117851257,-0.8061270117759705,0.4942890405654907,0.1381372660398483,-0.250162810087204,-0.3989437520503998,0.5576987266540527,0.0738367661833763,-0.0450310222804546,-0.5777390599250793,1.3868614435195925,-0.3218082785606384,0.0569506771862506,-0.0456498600542545,0.1368842273950576,-0.4014078974723816,-0.0570947751402854,-0.5421367883682251,0.6657385230064392,0.6459053158760071,-0.7133215069770813,0.2395767569541931,0.2628169953823089,-0.1950517147779464,-0.312394380569458,0.1184076070785522,-0.5627123713493347,0.0688946694135665,-0.8304614424705505,-0.3511927425861358,0.3293398022651672,1.4982216358184814,0.9792771339416504,0.498174250125885,-1.049813747406006,-0.3055676221847534,-0.2769293189048767,-0.2182081639766693,-0.1593833863735199,-0.1492732316255569,-0.4226860404014587,-0.5132870674133301,-0.3262439668178558,-0.4294669330120086,0.0841463580727577,-0.1724145412445068,-0.0385111197829246,-0.3630967438220978,-0.7071520090103149,0.2801501452922821,0.4418152272701263,0.0948471799492836,0.6630656123161316,0.0939111858606338,0.3798311054706573,0.2897067964076996,0.2022707462310791,-0.9068293571472168,0.0350001566112041,-0.9557028412818908,0.2291275113821029,0.2489686459302902,-0.4921432733535766,0.6845870614051819,0.126031294465065,0.151355892419815,-0.2427253723144531,-0.6062738299369812,0.5208452939987183,-0.6339669227600098,-0.5372843742370605,-0.007813561707735,0.1031508520245552,-0.1503461301326751,0.8266078233718872,0.2009560614824295,0.855404257774353,-0.3959270417690277,-1.0856670141220093,0.0421252474188804,-0.3204068839550018,0.3070506155490875,-0.0999162197113037,0.1602991819381714,-0.3388616442680359,-0.2407368868589401,-0.2517925500869751,-0.1254052966833114,-0.5472343564033508,0.1061273291707038,-0.6472148299217224,0.0965018197894096,0.037454605102539,0.6040958762168884,-0.0623999461531639,0.0756842046976089,0.0795049145817756,0.6630131602287292,-0.6976433396339417,-0.6911715865135193,0.1909573525190353,0.493361622095108,0.0127806952223181,0.6985462307929993,0.3037636578083038,0.0593717284500598,0.2838650345802307,-0.7678363919258118,0.5696830749511719,0.0885454341769218,-0.0547745563089847,-0.5490773916244507,0.522624671459198,-0.1877695322036743,0.3357159495353699,-0.2567106485366821,-0.0250194203108549,0.7638998031616211,-0.3591855764389038,-1.0191426277160645,0.1599325686693191,0.1338306069374084,0.1107780113816261,0.6766284704208374,0.9983621835708618,0.7175512909889221,0.2318298071622848,0.2733571827411651,-0.5216671824455261,-0.003107953350991,-0.3974916338920593,-0.524066150188446,0.3578141927719116,0.3042953908443451,0.59084552526474,0.6434581279754639,0.4898139536380768,0.2763049900531769,0.4264867603778839,0.3931496143341064,-0.3867506980895996,0.3039248287677765,0.1202670782804489,0.1041469424962997,0.0832663103938102,0.8283650279045105,-0.5580173134803772,-0.2065837234258651,-0.2786710262298584,-0.0366049855947494,0.6164737343788147,-0.2046183496713638,0.9287165999412536,-0.7883415222167969,-0.54212486743927,-0.8242040872573853,-0.7351141571998596,-0.0208215788006782,-0.4343606531620025,-0.0874325782060623,0.410449355840683,0.0510023534297943,-0.2162191569805145,0.5311710238456726,0.629144012928009,0.5984306931495667,-0.3879823088645935,-0.3881649076938629,-0.5075879693031311,0.4717969000339508,-0.513597846031189,-0.8465065956115723,0.4605461061000824,-0.0593117997050285,-0.5051132440567017,-1.0985103845596311,-0.6064106822013855,-0.2207738757133484,0.3707104325294494,-0.0684620812535286,0.2285845875740051,-0.1466686427593231,-0.5524980425834656,-0.056002601981163,-0.5793746113777161,-0.1896487176418304,-0.4863177537918091,-0.1395779997110366,0.1967295706272125,0.1873395293951034,0.1977163851261139,0.6251319050788879,0.2721588909626007,0.0150562888011336,-0.369706392288208,0.5201019048690796,0.0729738846421241,-0.3099774122238159,-0.0846065953373909,-0.5902913808822632,-0.0335444957017898,0.0802634581923484,0.4962372183799743,0.150248497724533,0.1592864841222763,0.3584185838699341,-1.3095769882202148,-0.225997969508171,0.3264393508434295,-0.6249183416366577,0.3258825242519378,-0.3716194629669189,0.8499552607536316,-1.0419079065322876,0.1620620340108871,0.0094056567177176,0.3433117270469665,0.0789621472358703,0.4845370352268219,0.0590189956128597,-0.9822630882263184,0.158544972538948,-0.0733749121427536,-0.7955459952354431,0.9773103594779968,-0.0196135323494672,-1.0119833946228027,0.4383426010608673,0.9574153423309326,0.2201466858386993,-0.1720980852842331,0.4146071672439575,-0.8866645693778992,0.0049086934886872,0.27757129073143,-0.1955453753471374,0.2714985311031341,0.7049852609634399,-0.2474753558635711,-0.1019385978579521,0.831345796585083,-0.0971931144595146,0.5979616045951843,0.2603886723518371,-0.2492825984954834,0.1176471561193466,-0.3183791637420654,0.1947266906499862,0.3202306926250458,0.4418443441390991,-0.8293269872665405,0.9546155333518982,0.1109978184103965,-0.6300745606422424,0.0500642545521259,0.6922590136528015,0.021926986053586,0.619446337223053,0.3877244293689728,0.2665540874004364,-0.8700858354568481,0.230477824807167,0.4098134338855743,0.1110365837812423,-0.3496339321136474,0.7491507530212402,-0.1417663544416427,-0.3231686353683471,0.930763840675354,-0.1310479789972305,-0.07520542293787,0.5701000094413757,0.4445584714412689,-0.0906114727258682,0.8199487328529358,0.223604217171669,0.2413981109857559,-0.0060860156081616,0.170969158411026,0.863956868648529,0.676194965839386,0.3702163696289062,1.006137132644653,-0.555164098739624,-0.5562096834182739,0.1266056895256042,-0.0628691688179969,-0.5345245599746704,0.6334502696990967,-0.4900030195713043,-0.7375769019126892,0.4462796449661255,0.4269680380821228,0.1650703996419906,-0.110759437084198,-0.6869086027145386,-0.1251311898231506,-0.3879007399082184,0.0855911746621131,0.5321561694145203,0.4769286513328552,0.1885664314031601,0.0217708945274353,0.0049680480733513,0.0240357369184494,0.6705112457275391,-0.2045543789863586,-0.2210118323564529,-0.3744626641273498,-0.0408278629183769,0.3543540835380554,0.4988077878952026,0.3775115311145782,0.2836470901966095,-0.3732143342494964,0.3009678423404693,-0.0868764743208885,-0.004239575471729,-0.4689453840255737,0.2022922039031982,0.0236566364765167,-0.1893438696861267,0.1381958723068237,-0.4662011563777923,0.2944192290306091,-0.1530704051256179,-0.5548433065414429,-0.7746790647506714,-0.2961821854114532,-0.0049435934051871,-0.5346019268035889,-0.3259390592575073,-0.5166333913803101,-0.7385349869728088,-0.1966463327407837,-0.1596683263778686,-1.2212648391723633,-0.3655493557453155,0.4265333414077759,-0.2801930904388428,-0.4832394421100616,-1.49966561794281,0.4153688848018646,-0.1320447474718094,0.4825134873390198,0.1052089408040046,0.0843430608510971,-0.0806316286325454,-0.384474515914917,-0.206035166978836,-0.5459954738616943,0.048382744193077,-9.397575378417969,0.6110579967498779,-0.3022498786449432,-0.449549913406372,-0.4937731027603149,-0.5718859434127808,0.9688277244567872,0.8543307185173035,-0.9126839637756348,0.7213301062583923,-0.900721788406372,0.0133666275069117,0.4344164133071899,0.0482324287295341,-0.3157982528209686,-0.0007790714153088,-0.1771056801080703,-0.1370230317115783,0.2532511353492737,0.162343293428421,-0.7282872796058655,-0.4073796272277832,0.5564297437667847,0.4473257660865783,0.2831100523471832,-0.5025906562805176,-0.0296384245157241,0.5075408816337585,0.2642133235931396,-0.0422929003834724,-1.2706632614135742,0.6831713914871216,-0.6613463163375854,0.2869845628738403,-0.0915773585438728,0.5197584629058838,0.1137973144650459,0.5718725323677063,-0.5295335054397583,0.2840394675731659,0.1927234083414077,0.3065020740032196,-0.0535545870661735,-0.4444628059864044,0.1484346538782119,-0.4612801671028137,-0.1072247773408889,0.0021844543516635,0.6407381296157837,-0.1051519736647605,-0.588725209236145,-0.2315421104431152,0.0554504245519638,-0.3348857164382934,0.246359184384346,-0.7270677089691162,0.3770185112953186,-1.5461019277572632,0.2582085728645324,0.1408988535404205,0.7794867753982544,0.1834184974431991,0.5569813847541809,0.8571094870567322,0.0967903211712837,1.013610601425171,-0.3504791855812073,-0.6792387366294861,-1.0385982990264893,0.1664153039455413,0.4071681797504425,0.481046974658966,0.0756908953189849,0.5647799968719482,0.1709572374820709,0.0381175652146339,-0.2067945301532745,0.2699972093105316,-0.009832383133471,-0.101856380701065,0.41914963722229,-0.5814765095710754,0.2678888738155365,0.6092039346694946,-0.2024169415235519,0.7557705640792847,0.4124761521816253,-0.5327741503715515,0.4883399605751037,-0.3862907886505127,0.6074084639549255,-0.3293782472610473,-0.7903771996498108,0.1623403877019882,-0.0159827042371034,-0.5629340410232544,-0.3584897518157959,-0.3227139413356781,-0.0365639328956604,-0.4023095369338989,0
0.0031761368736624,-0.0607978403568267,0.0868006199598312,-0.661807656288147,0.0111189065501093,0.3265124261379242,0.1916644126176834,-0.4045667350292206,-0.4292081892490387,-0.4083045125007629,0.5463610291481018,0.2070582807064056,-0.3826923966407776,0.0625517517328262,0.7951143980026245,-0.442884236574173,0.3125962615013122,0.3438512980937958,-0.0523972958326339,0.0517843142151832,0.0978624746203422,-0.5571790337562561,-0.2747199833393097,0.0472691729664802,-0.0459600277245044,-0.3686332702636719,0.2244462519884109,-0.082312487065792,0.0983265489339828,-0.2376643419265747,0.1591430008411407,-0.4425821006298065,-0.0801399499177932,-0.2665002346038818,-0.0309830289334058,0.0108848055824637,-0.0690804943442344,0.2679064273834228,0.2063704431056976,0.1932753026485443,0.1479707956314087,0.0076370746828615,0.1948626637458801,-0.1712042689323425,-0.0528566688299179,0.1627152562141418,-0.0894470736384391,0.1004108041524887,0.591101348400116,-0.2889629006385803,0.1374229490756988,0.5501917600631714,0.4750784933567047,0.1716260015964508,-0.0601437613368034,0.3185002207756042,0.8224498629570007,-0.557417631149292,-0.1149771809577941,0.1276140511035919,-0.5706307291984558,0.2014473527669906,-0.3595708608627319,0.2332155704498291,-0.2315685451030731,0.1064353063702583,0.0359065234661102,-0.1417602002620697,-0.3781137466430664,-0.3540096879005432,-0.0274864323437213,0.402396023273468,-0.6046552658081055,-0.3359215855598449,0.5048612952232361,-0.1393412053585052,0.3976526856422424,-0.1794541180133819,0.0227434691041708,0.1814790219068527,-0.1187740936875343,0.2268717288970947,-0.0903581604361534,-0.6762161254882812,0.0569993667304515,0.0246051810681819,-0.2300129532814026,-0.5120596289634705,0.1248785406351089,-0.4493535459041595,-0.1133277118206024,-0.2073936313390731,0.3074301481246948,0.0145306037738919,-0.1841437220573425,0.1837277859449386,-0.0620439946651458,-0.2285856008529663,-0.0833185613155365,-0.0128377340734004,-0.4649055302143097,0.2861506342887878,0.1150683984160423,0.1076434478163719,0.0551507472991943,0.1075687184929847,-0.1809568107128143,0.3812497854232788,-0.139119878411293,0.4462940990924835,0.2862721383571625,-0.2635545432567596,-0.2679628133773803,0.0520831122994422,-0.1249072924256324,0.0026477477513253,0.0267717316746711,0.2469020783901214,0.0302001107484102,0.3710814416408539,-0.1098586171865463,0.4699374139308929,0.0058718807995319,-0.0616717003285884,-0.2280991375446319,-0.1406721770763397,0.0704468786716461,-0.3091879487037658,-0.0072021726518869,-0.3812822103500366,0.1617260724306106,-0.0414503291249275,-0.5856931209564209,0.2547442615032196,-0.1138062626123428,0.4811491072177887,0.130574569106102,0.0783994868397712,-0.391741931438446,-0.5688015818595886,-0.0319120548665523,-0.2438270598649978,0.3643069565296173,0.0948860645294189,-0.1718646436929702,0.2716177403926849,0.3198012709617615,0.1311369985342025,0.7376388907432556,0.5044369697570801,-0.2001553475856781,0.7393048405647278,-0.4966245889663696,-0.0050921100191771,0.2593344748020172,-0.1624211370944976,-0.4992667436599731,0.4151813089847564,-0.1086982414126396,0.6080097556114197,0.1552628129720688,-0.3181414604187011,0.2967957556247711,0.8420257568359375,0.1295166760683059,0.7175630331039429,0.3213450014591217,0.4221847653388977,0.605125904083252,0.5966471433639526,-0.1656567007303238,0.5463995337486267,0.3133746683597564,-0.3287399113178253,0.2963298261165619,0.005749715026468,0.0374555811285972,0.5076952576637268,0.1681631803512573,-0.9266054034233092,-0.1957228630781173,0.1941849142313003,0.052257839590311,-0.4191427528858185,0.7755953073501587,0.0066946446895599,0.5302921533584595,0.2605101466178894,-0.0696816518902778,-0.184170588850975,-0.0372766554355621,-0.0098567195236682,0.2622301578521728,-0.4053263068199157,-0.5704964995384216,-0.1914510577917099,0.0944606438279151,0.0508277006447315,-0.4833554029464721,0.4180681705474853,0.3133998513221741,-0.036971129477024,-0.2730249464511871,-0.8953977227210999,-0.8142644166946411,-0.2519980072975158,-0.1531452983617782,0.2973617613315582,0.0147576453164219,0.0984799936413765,-0.2799798250198364,-0.3443861305713653,0.3409165143966675,0.0603276640176773,0.2964895069599151,-0.0570669658482074,-0.9990729689598083,0.0238197539001703,0.0489080734550952,-0.0346764251589775,0.1864619255065918,0.0158124044537544,0.2862429022789001,-0.5115312337875366,-0.2338037192821502,0.1353099048137664,0.1608468294143676,-0.2106554061174392,0.1547987461090088,0.5374172329902649,-0.066332496702671,-0.1900498867034912,-0.8293370604515076,0.2218030542135238,-0.0450445711612701,0.4054462313652038,-0.6599977016448975,0.6992177963256836,0.018104126676917,-0.002429557731375,0.5482659935951233,0.3278791010379791,0.1139019280672073,0.2349071204662323,-0.3641423285007477,0.3448559641838074,0.1526006162166595,-0.4325889348983764,-0.6531708836555481,-0.5379634499549866,-0.927617609500885,-0.3598898649215698,-0.0856102630496025,0.1103380993008613,0.4773735404014587,0.0974730402231216,0.2282249182462692,-0.4778967201709747,0.1223301813006401,-0.3653758764266968,-0.3753630220890045,-0.4723738431930542,-0.2525172531604767,0.0311940945684909,-0.1930955797433853,-0.2202931046485901,0.0085229333490133,-0.555094838142395,-0.7384956479072571,0.1608379185199737,0.0788786187767982,-0.3683903217315674,-0.4114533364772796,0.0641935840249061,-0.1213461458683013,-0.3295978009700775,-0.011258372105658,0.254391461610794,-0.3797242045402527,-0.0208807196468114,-0.6492891907691956,0.6138627529144287,-0.6307557225227356,-0.3399337232112884,-0.1044942960143089,0.0166841223835945,-0.1446605622768402,-0.4678792357444763,-0.1896993815898895,0.7635605931282043,0.2990688681602478,-0.138578861951828,-0.3641351163387298,-0.4979437291622162,-0.5783031582832336,0.4369446933269501,0.4176512956619262,0.1074473783373832,0.0878961756825447,0.402312695980072,0.5334050059318542,0.1978185474872589,0.2844682931900024,-0.1847484111785888,-0.2366843223571777,-0.2725338637828827,-0.1306344270706176,0.0627033412456512,0.4482207596302032,-0.305838406085968,-0.122567318379879,0.9938422441482544,-0.4593415260314941,-0.3654066920280456,0.7318883538246155,-0.0670155808329582,-1.3997195959091189,0.2089877426624298,0.4641358256340027,0.339649885892868,-0.481524795293808,0.7123547792434692,0.1878018230199813,0.5769309997558594,-0.2344101518392563,-0.4898486137390136,0.5672318339347839,-0.1247627809643745,-0.4136821627616882,0.4254004061222076,0.1543496400117874,-0.5032008290290833,-0.0087127489969134,-0.4590893089771271,-0.2126435190439224,0.4482419192790985,-0.1862764656543731,-0.0274078119546175,0.0112516330555081,-0.4013431370258331,-0.24400494992733,0.3090179860591888,-0.0148792658001184,-0.5374107956886292,-0.5534104108810425,-0.2894331514835357,0.3393507897853851,1.0581037998199463,0.144974336028099,0.6220086216926575,-0.4687284231185913,0.4528188407421112,0.3884975910186767,0.1073685884475708,0.5571797490119934,0.2764184772968292,-0.2424703538417816,-0.2158079594373703,0.5627112984657288,0.415305495262146,0.106074534356594,-0.0443860217928886,0.1336534172296524,0.0635653510689735,0.1826259046792984,-0.1055840924382209,0.6502776145935059,-0.141808420419693,0.3536523282527923,0.5146189332008362,0.2330994606018066,-0.0900570750236511,0.0781622529029846,-0.4576899111270904,0.1094290018081665,-0.8406364917755127,0.5045748353004456,-0.0283449869602918,-0.0218085329979658,-0.0520893447101116,-0.1031492948532104,-0.4371600151062011,-0.017949478700757,-0.1399894803762436,0.2675392627716064,-0.5081573128700256,-0.5338950753211975,0.1077740564942359,-0.0689213573932647,-0.283149242401123,0.171120136976242,0.3129028677940368,0.4287918210029602,-0.5326884388923645,-0.4094868898391723,0.7733538150787354,0.0162159632891416,-0.0072541129775345,0.5614296197891235,0.1175485625863075,-0.0760221034288406,-0.211329385638237,-0.4428883790969848,-0.2046450078487396,-0.7780249118804932,-0.3564236462116241,-0.4528417289257049,0.2160809636116027,0.2362763434648513,0.3225845992565155,-0.1116638481616973,-0.0470034219324588,0.0703728720545768,0.1373246610164642,-0.0632245987653732,-0.65218186378479,0.2310350388288498,-0.1592269390821457,0.5896809101104736,0.8067646026611328,0.1587326377630233,-0.2732491493225097,-0.1715768128633499,0.2116468995809555,0.2313543707132339,0.1230284571647644,-0.6485904455184937,0.0193797163665294,0.5927419066429138,-0.0951088666915893,-0.2243158966302871,0.1123715043067932,0.3114649355411529,0.461230456829071,-0.276660680770874,-0.382485032081604,-0.0353952907025814,0.3318245410919189,-0.0521954633295536,0.3872840106487274,0.0941041409969329,1.028633952140808,0.2518595159053802,-0.0752753987908363,0.2339671552181244,-0.3081791698932647,-0.0724743828177452,-0.2201147973537445,0.2931573987007141,0.1904922127723693,0.0927618965506553,0.5092480778694153,0.1100455299019813,-0.3637725114822387,-0.2760427296161651,-0.0828023701906204,0.3296189904212951,0.1685519069433212,0.0973466262221336,0.2866364419460296,-0.5149614810943604,-0.0037491263356059,-0.3459472954273224,-0.4577270150184631,-0.1330947428941726,0.1084762662649154,0.6005651950836182,0.1605362296104431,0.5439375638961792,-0.5331707000732422,-0.3257345259189605,-0.3711455166339874,-0.4540835320949554,-0.1340912729501724,-0.2620345950126648,0.2089841961860656,0.1866414099931717,0.1436269432306289,-0.4567202031612396,-0.3661319315433502,-0.0883623957633972,0.3650775253772735,0.0215740874409675,-1.0030871629714966,-0.4105854034423828,0.6311589479446411,-0.1848551332950592,-0.3698974549770355,0.1036599949002265,0.236632689833641,0.1726095229387283,-0.2160039544105529,-0.0213409829884767,-0.168961226940155,0.3041289746761322,-0.0161232110112905,0.4921342730522156,-0.09644266217947,-0.2044597864151001,-0.332964688539505,0.0566480383276939,-0.2578245103359222,-0.3340344727039337,-0.572498619556427,-0.3068805336952209,-0.0457549095153808,0.1794564574956894,0.1167832538485527,0.4510316550731659,-0.2446545511484146,0.4985246956348419,0.031571552157402,0.1467853039503097,-0.0906953960657119,0.2868809998035431,-0.2875887453556061,-0.1965115219354629,-0.1932107657194137,0.5326632857322693,0.2681797444820404,0.3176998496055603,-0.2003336399793625,-0.5330439209938049,-0.1281498223543167,-0.2392009794712066,-0.519485592842102,0.5827149152755737,0.0900339633226394,0.5456182360649109,-0.1836076378822326,0.2240788340568542,-0.1907528638839721,-0.0015128852101042,-0.3930225670337677,-0.1054306253790855,-0.1078258082270622,-0.8340499997138977,-0.186623215675354,-0.3212255537509918,-0.4420482516288757,0.5200933218002319,0.2669086158275604,-0.6013787388801575,-0.3170128464698791,0.1425212919712066,-0.034273512661457,-0.4507310092449188,-0.0893237888813018,-0.5125720500946045,0.1827784180641174,0.487899512052536,0.4282651841640472,0.4144729077816009,-0.2689167261123657,-0.6819618940353394,0.1487437039613723,0.7066802978515625,0.1276256442070007,0.2586115002632141,0.1338995993137359,-0.0630201920866966,0.0068775373511016,-0.3611669242382049,0.5995979905128479,0.3284713923931122,0.6112343668937683,-0.1593673080205917,0.5796571373939514,0.5704997777938843,-0.2039690464735031,0.27096688747406,0.9044501185417176,0.39722540974617,0.6367554068565369,-0.0577708259224891,0.036823458969593,-0.5470572113990784,0.2953176200389862,-0.2784082591533661,0.2505327463150024,0.2955975830554962,-0.3873145580291748,-0.0106711722910404,-0.4470608234405517,0.0582158118486404,0.3540639281272888,-0.2572919130325317,0.0640492439270019,-0.1530279666185379,-0.5277718901634216,0.3817476332187652,-0.158414676785469,-0.0710591152310371,0.1840384602546692,-0.0350280739367008,0.4537293612957001,0.528607189655304,0.2899109721183777,-0.0413019880652427,0.2188134342432022,-0.6566449999809265,0.0871488004922866,-0.4678245782852173,0.2556524276733398,0.8074514269828796,0.1066321358084678,-0.7058013081550598,0.1147244274616241,0.7123931646347046,-0.3560422956943512,0.0612720251083374,-1.0915507078170776,-0.1837315112352371,-0.1110924184322357,0.1160295903682708,0.1151471585035324,-0.1754621565341949,0.4969201385974884,-0.3079700171947479,-0.1208853498101234,-0.2617020308971405,0.7547056078910828,0.0675808936357498,-0.2036011964082718,-0.0834806710481643,0.0529114045202732,-0.0520556680858135,0.2553771734237671,0.0519331432878971,-0.4064322412014007,0.1175331100821495,-0.0400002636015415,-0.2948659062385559,-0.0202174540609121,0.4066607654094696,0.1878072172403335,0.0256806910037994,0.2268457561731338,-0.0400772243738174,-0.8691291809082031,-0.2082367241382599,0.3324902355670929,-0.942822277545929,-0.0735208243131637,-0.1429763734340667,-0.1136432737112045,0.3548907041549682,-0.1476150751113891,-0.3494469225406647,0.015733528882265,-0.295113205909729,-0.0524454191327095,-0.1219716221094131,-0.5856705904006958,-0.0685122907161712,0.2011014968156814,-0.0997806042432785,-1.0749133825302124,0.1433800905942917,0.1807161569595337,0.3349646627902984,0.0505462624132633,0.51595139503479,0.2372927665710449,0.0397394374012947,0.4213206768035888,-0.229931965470314,0.179247185587883,-10.382081985473633,-0.4448930025100708,-0.3652932643890381,-0.183305487036705,-0.3692849576473236,0.4921149015426636,0.6921905279159546,0.3035148084163666,-0.2524159848690033,0.4128586649894714,-0.3018664121627807,0.2482895404100418,0.1434746235609054,0.9373087286949158,-0.4286087155342102,-0.1827657520771026,0.3007826209068298,0.082112118601799,0.0640494301915168,0.3107931613922119,-0.2130162268877029,-0.4070342779159546,0.6020965576171875,0.0759041309356689,-0.0683071687817573,-0.3665779531002044,-0.2489219903945922,0.2341049611568451,-0.1814572066068649,0.1103604510426521,-0.6091642379760742,0.5347440242767334,0.1003084331750869,0.3639244735240936,-0.7448790669441223,-0.2301767915487289,-0.0891357064247131,0.2333881556987762,0.3847591280937195,0.5595882534980774,-0.0836476907134056,0.6774351000785828,0.2649302184581756,-0.4228098094463348,0.853337287902832,-0.2344857007265091,0.3338377773761749,0.5192164182662964,0.2750162482261657,0.1354071348905563,-0.1363216787576675,-0.6438022255897522,0.0042162416502833,-0.4347541332244873,-0.1330995559692382,-0.1422829777002334,0.3304428160190582,-0.6977059245109558,0.0330822952091693,-0.1127327904105186,0.4786390364170074,-0.273013710975647,0.6636946201324463,-0.0587224513292312,-0.3250734508037567,-0.1605715006589889,0.0656867250800132,0.6946278810501099,-0.5975626111030579,-0.2920809686183929,0.5590290427207947,-0.2730327248573303,0.2166372835636139,0.4055890440940857,-0.4609197080135345,0.2656212449073791,-0.1926836967468261,-0.177279993891716,1.1196138858795166,0.0746123492717742,0.4504166543483734,-0.0480197295546531,-0.4257279634475708,0.1747554093599319,-1.0736651420593262,0.4939015209674835,-0.1731966435909271,0.1242589876055717,0.3955589532852173,-0.4195772707462311,0.582466721534729,0.0015246457187458,-0.3316822946071625,0.1182079017162323,0.481196790933609,0.0666705295443534,0.4595232307910919,0.0795234888792038,0.923289954662323,0.1367945075035095,0
0.2399881780147552,0.498018354177475,0.8955079913139343,0.005041497759521,-0.2969804406166076,-0.1288875639438629,0.8377258777618408,-0.2465835809707641,-0.6963340044021606,-0.3838145136833191,0.5023658871650696,-0.2319454699754715,-0.2090045362710952,0.0123188756406307,0.3375872373580932,0.0955833196640014,-0.2994687259197235,-0.3320967853069305,0.105328544974327,-0.3356218636035919,-1.199247121810913,-0.4857733249664306,-0.014517749659717,0.0603932812809944,0.0599503107368946,-0.78136146068573,0.1385903805494308,0.0701314210891723,0.1482769697904586,-0.4499062299728393,-0.5657681226730347,0.0919201374053955,-0.1736220568418502,0.0030534949619323,-0.4910091757774353,0.6131080389022827,0.015275546349585,-0.0971176624298095,0.5189294815063477,0.1481046974658966,0.0030237135943025,-0.1044567003846168,0.0200241766870021,0.041071742773056,-0.100732646882534,0.4264664351940155,0.132814809679985,0.496850311756134,-0.1855993121862411,-0.1612194776535034,-0.3438955247402191,0.3898206353187561,0.5209559798240662,0.1577526032924652,0.192417174577713,0.0655715242028236,0.8847101330757141,-0.6201813220977783,0.2481703907251358,0.445669949054718,-0.4492683410644531,-0.5545591711997986,0.2076460719108581,0.0906073600053787,-0.3409030437469482,0.4919306635856628,-0.5973501801490784,-0.1568299680948257,0.4562695026397705,-0.5391255617141724,0.0492937266826629,-0.2538284361362457,0.144734114408493,-0.7692111730575562,0.5159355401992798,-0.4594015777111053,0.1821346580982208,-0.1125316768884658,-0.0764267742633819,0.1738098114728927,0.2126527577638626,0.2442357540130615,0.0553750321269035,-0.6869986653327942,-0.3677364289760589,0.6940591335296631,-0.9101846218109132,-1.0816364288330078,0.8663680553436279,-0.2362627536058426,-0.1768848001956939,0.3000737726688385,0.1569752246141433,0.0842565894126892,0.670451819896698,0.6204149723052979,0.0854531079530716,0.2576430439949035,0.0282056499272584,0.2926505506038666,-0.3810499310493469,-0.2817577421665191,0.3634460270404815,-0.3957997858524322,-0.4156117737293243,0.2613184750080108,-0.18729268014431,0.3636125922203064,0.0976108461618423,0.4044984877109527,-0.2066918462514877,-0.9868265986442566,-0.2262287437915802,0.1464495509862899,0.5395494699478149,0.2332690209150314,-0.1634886115789413,0.3493140339851379,-0.2618437111377716,0.2535730302333832,0.1716625392436981,0.5832396149635315,-0.0342006832361221,-1.1091642379760742,0.0796048045158386,0.3212693035602569,-0.0885724648833274,0.0260915197432041,-0.1137551367282867,-0.1529953628778457,-0.4824707508087158,-0.6091140508651733,-0.3289887309074402,-0.0974496304988861,-0.60126131772995,0.651743471622467,0.6650561094284058,0.5216874480247498,0.0827017351984977,-0.281015008687973,-0.6038870811462402,-0.0620010271668434,0.4018469750881195,-0.3225410282611847,0.6033268570899963,-0.0102281784638762,-0.4963041245937347,-0.4260859787464142,0.162226527929306,0.1483174860477447,-0.1598769277334213,0.80233234167099,-0.7591325640678406,-0.061724979430437,0.1537837088108062,0.451979249715805,-0.7278866171836853,0.169708713889122,0.2764085531234741,0.1890266835689544,0.7832756638526917,0.3377169668674469,0.1770556718111038,0.7063726782798767,0.3589708805084228,0.3684092462062835,0.3855596780776977,-0.3533316552639007,0.0153440618887543,0.4558740854263305,0.3503834903240204,0.2179538458585739,0.7681988477706909,0.1386443674564361,-0.5556210279464722,0.6621384024620056,1.071463704109192,-0.3012385964393616,-0.2049427926540374,-0.5722112059593201,-0.2706075012683868,-0.2144170552492141,0.5491052269935608,-0.7793207168579102,0.5074599385261536,-0.0006776891532354,0.000281504180748,-0.2342703640460968,0.1572796255350113,0.6060560941696167,-0.4203536808490753,-0.5844647288322449,0.2661496698856354,-0.5123875737190247,-0.2070800513029098,-0.2717030048370361,-0.2051060050725937,0.2209423929452896,-0.9210068583488464,0.3236485123634338,0.4330968856811523,0.073336474597454,-0.1983409821987152,-0.4938555061817169,-0.6892940998077393,0.0602587014436721,-0.0897126719355583,0.3994076550006866,-0.1870185732841491,0.0892463326454162,-0.2997252643108368,-0.1554416865110397,0.3474860787391662,0.2821784913539886,0.4196942150592804,0.155134379863739,-0.1165054142475128,-0.1757172346115112,0.3276111483573913,0.0551695227622985,0.3733872175216675,-0.1666144132614135,0.0150819709524512,-0.2423607110977172,0.1224497780203819,0.5370935797691345,0.3706514537334442,-0.6751798391342163,-0.2304879873991012,0.4684117436408996,-0.6569773554801941,-0.8943758010864258,-0.5819957852363586,-0.1027029827237129,-0.5708690881729126,-0.5742595195770264,-0.4286757409572601,0.2313897460699081,-0.5876480937004089,0.527140200138092,-0.1354325413703918,-0.3490617573261261,0.2205250561237335,-0.5164347887039185,-0.2158338129520416,0.1988855898380279,0.1232568025588989,-0.1676084250211715,-0.6289826035499573,-0.2826015055179596,-0.2267360836267471,-0.2499215751886367,0.1019749343395233,-0.3679527044296264,0.5211003422737122,0.7176828384399414,0.8670651316642761,-0.1786787658929824,0.3087609708309173,-0.3622464835643768,-0.4940388202667236,-0.6561098694801331,0.0756227597594261,0.1844679564237594,-0.096898503601551,0.04713986068964,-0.1329451650381088,-0.2873137891292572,-0.9781805872917176,-0.319053590297699,0.3318533599376678,-0.2461916804313659,0.0173809994012117,-0.1850131452083587,0.4622901380062103,0.1793286204338073,0.2592511773109436,0.7661769390106201,-0.3640256524085998,0.27199786901474,-0.3022246360778808,0.2611386179924011,-0.611751914024353,0.1417306810617447,-0.1542247682809829,0.4245662093162536,-0.510331392288208,-0.5345093607902527,-0.533447265625,0.716960072517395,0.4460596144199371,-0.6074992418289185,0.2070235908031463,-0.1222982481122016,-0.5591508150100708,0.4849247932434082,0.3392638266086578,0.0201661754399538,0.2770930826663971,-0.0716230198740959,0.6288016438484192,0.2935670912265777,0.8059220314025879,-0.0894927382469177,-0.2002018988132476,-0.1224767044186592,0.1709357798099517,0.7128282785415649,0.1837633997201919,-0.802681028842926,0.6803693771362305,0.3822384774684906,-0.5349481105804443,0.3936195373535156,0.5953669548034668,0.587542712688446,-1.3823076486587524,-0.1753514409065246,0.6864405870437622,0.7565538883209229,-0.6600862741470337,-7.142586582631338e-06,0.2971343398094177,0.3123375475406647,-0.1888991296291351,-0.2407542616128921,1.2328671216964722,-0.0909240394830703,-0.0652929991483688,-0.222514733672142,-0.0749331563711166,-0.3393189311027527,0.2482902556657791,-0.3786711990833282,0.0935624241828918,0.4356390237808227,-0.5850790143013,-0.1831747442483902,-0.3180065453052521,-0.2905949354171753,-0.424087792634964,0.6385433673858643,-0.5369762778282166,-0.1305275112390518,-0.0190998502075672,-0.4493971765041351,-0.1478213220834732,1.0692458152770996,1.1102465391159058,0.1682927459478378,-0.8284353017807007,-0.7258700728416443,0.1027304828166961,-0.3827482461929321,-0.0908938646316528,-0.5365722179412842,0.1473941653966903,-0.2610086500644684,-0.2499143332242965,-0.0199813451617956,0.0439121536910533,0.1047793179750442,-0.2141801863908767,0.1834008693695068,-0.3466436266899109,0.388646125793457,1.0327752828598022,0.0349547788500785,0.3688464760780334,0.6388689279556274,0.672288179397583,0.3386959135532379,0.065013088285923,-0.8786070346832275,0.0681200474500656,-0.5904049873352051,0.495224267244339,-0.088651955127716,-0.7305606603622437,0.907346785068512,-0.0863807573914527,0.1661152392625808,-0.3564050495624542,-0.511898934841156,0.2590500712394714,-0.4335880279541015,-0.0134439598768949,0.183345764875412,0.1517754644155502,-0.1977767348289489,0.7999216914176941,0.4202208518981933,0.6377631425857544,-0.4777056872844696,-0.7689921259880066,-0.1673790961503982,-0.3213671445846557,0.1558387279510498,0.3721858263015747,0.5082894563674927,-0.0948093011975288,-0.1153046339750289,0.0159989353269338,0.2064537405967712,-0.95878005027771,0.0685359314084053,-0.651793360710144,0.0704318657517433,0.0730981156229972,0.2113152742385864,0.031522374600172,0.0527812577784061,0.3189178705215454,0.5808015465736389,-0.7783799767494202,-0.1613888293504715,0.1788643896579742,0.3199944794178009,0.3388553261756897,0.6496179699897766,0.5549226999282837,0.0590652748942375,0.5409660339355469,-0.2235772311687469,0.3465896248817444,0.1655871570110321,0.1747461408376693,-0.5205464959144592,0.9497072100639344,-0.4511545896530151,-0.0876128524541854,0.1544488072395324,0.0602484680712223,0.5611934661865234,-0.4675502181053161,-0.8076052069664001,0.4199115633964538,-0.1826090663671493,0.561552107334137,1.1829746961593628,-0.0805006995797157,0.2960154712200165,-0.0464479625225067,0.1875627934932708,-0.2053208500146865,0.3647632896900177,-0.1009399890899658,-0.6398433446884155,0.427743911743164,0.1481426209211349,0.2722767889499664,1.4112900495529177,0.0862573981285095,0.2672679126262665,0.1452893763780594,0.241290807723999,-0.3223082423210144,-0.0955208763480186,-0.3009140789508819,0.1278165876865387,-0.1152070388197898,0.8357356786727905,-0.6288214921951294,0.0530882254242897,-0.1288283914327621,0.0524586625397205,0.6772114038467407,0.4081891775131225,0.0012743080733343,-0.3657405972480774,-0.5746895670890808,-0.413478672504425,-0.4503512978553772,0.0139700667932629,-0.6152694225311279,-0.0508028306066989,-0.2447485029697418,0.0497177429497242,-0.9581451416015624,0.4678661227226257,0.4893801808357239,0.0627292096614837,0.1946627050638198,-0.5680791735649109,-0.1699132323265075,0.5439184904098511,-0.685943603515625,-0.636755108833313,0.270639419555664,0.0615531913936138,-0.3260607123374939,-0.957592248916626,-0.1974907964468002,-0.3581154346466064,0.2891275584697723,-0.4286392629146576,0.1623032540082931,0.0123498197644948,-0.565133810043335,-0.1754132211208343,-0.5328487753868103,-0.3943957686424255,-0.0778370648622512,-0.1529422849416732,-0.0435021519660949,-0.2341650277376175,0.0455569177865982,0.8609870076179504,0.5781028866767883,-0.3404849469661712,-0.0678211376070976,0.6001311540603638,0.0134011348709464,-0.3031742870807647,0.1346807926893234,-0.144233226776123,-0.5261630415916443,0.4355503916740417,0.5091544985771179,-0.0833733230829238,0.2180920392274856,0.2670896351337433,-0.7991225719451904,-0.4180024862289428,-0.3345060050487518,-1.050958514213562,0.4238246083259582,-0.3562321662902832,0.8672330975532532,-0.5954985022544861,0.4309892952442169,-0.4024232923984527,0.3909869194030761,0.0171622540801763,0.4163903295993805,-0.4857703149318695,-1.3232897520065308,-0.3382763564586639,-0.2781261503696441,-0.6342113614082336,1.0885275602340698,-0.1200270429253578,-0.7550294399261475,0.2689781486988067,0.2818595767021179,0.183319553732872,-0.2465816736221313,0.2268478572368621,-0.0390494316816329,-0.0169130768626928,0.008017498999834,-0.1576659828424453,0.3537449538707733,0.3585444390773773,0.178397536277771,-0.0097616231068968,0.8249403238296509,0.3854309320449829,0.1550318151712417,0.1726711988449096,-0.452601820230484,0.2316302210092544,-0.0850178897380828,-0.2921363413333893,-0.1442154943943023,0.4841728210449219,-0.4870316684246063,0.5140367150306702,0.3830854296684265,-0.8019239902496338,-0.1514890193939209,1.1948102712631226,0.2635453939437866,0.6823922395706177,0.0765335336327552,-0.0981333404779434,-0.6144131422042847,0.0781684964895248,0.595352292060852,-0.1323657780885696,-0.447791576385498,0.1941670179367065,-0.136386290192604,-0.0078218821436166,0.7715087532997131,-0.0365745723247528,-0.1183796897530555,0.3819184601306915,0.0633423402905464,-0.3294958472251892,0.9611512422561646,0.0925962179899215,-0.3062328100204468,0.0292535964399576,-0.0550469979643821,0.420026034116745,0.4790914952754974,0.1943640857934951,0.4590746760368347,-0.0140517381951212,-0.5848106741905212,0.0721693634986877,0.396188884973526,-0.2210362255573272,0.891806423664093,-0.3367661237716675,-0.2763691842556,0.6258436441421509,0.3863765597343445,0.1282980144023895,-0.0149681763723492,-0.7286804914474487,-0.2715208828449249,-0.6282907128334045,0.0671744421124458,0.1371153444051742,0.4392257630825043,0.3184598386287689,0.1893894374370575,-0.4350124895572662,0.3687155544757843,0.321261316537857,-0.1682348549365997,-0.3007729351520538,0.0684005171060562,0.2578999996185303,0.2626895010471344,0.1784130334854126,0.2423498481512069,0.0831109434366226,-0.4748173952102661,0.7601574063301086,-0.2581839859485626,-0.1072468012571334,-0.09479521214962,0.175308957695961,0.59159916639328,-0.2410508245229721,0.3209672570228576,0.0749908313155174,-0.0473887808620929,0.0560566000640392,-0.4479458630084991,0.1063652485609054,-0.20023974776268,0.0028138619381934,-0.2556470036506653,0.084066055715084,-0.6800851821899414,-0.8131122589111328,-0.0201230570673942,0.40631964802742,-0.4025742411613464,-0.5078088641166687,0.4864073097705841,-0.1204340755939483,-0.5760420560836792,-1.5662147998809814,0.5193831324577332,0.0815850645303726,0.0106269372627139,0.0105899330228567,-0.22087924182415,-0.2326550334692001,-0.1760053634643554,0.2459411770105362,-0.6746455430984497,-0.3293901979923248,-9.807195663452148,-0.0124987848103046,-0.5163050889968872,-0.1690342277288437,-0.1281996369361877,-0.4532968699932098,1.1393678188323977,0.8253955841064453,-0.536453127861023,0.3240262567996979,-0.5628291368484497,0.2936359345912933,0.5911865830421448,0.3530381917953491,0.4281627237796783,-0.3939273357391357,-0.067873790860176,0.0666920915246009,0.3080798983573913,0.1399819999933242,-0.1826901137828827,-0.1620252579450607,1.0195213556289673,0.314514696598053,0.0664615780115127,-0.6188612580299377,-0.1658964902162552,0.6420120000839233,-0.2043704092502594,0.2019911706447601,-0.9699943661689758,0.9677385687828064,-0.1644393503665924,0.0563455335795879,-0.4271545708179474,0.1414322853088379,-0.0807258337736129,-0.0451164245605468,-0.8572476506233215,0.4816361367702484,0.0363676100969314,-0.0011551573406904,0.2120583206415176,-0.0737558528780937,0.4536486566066742,-0.2475725561380386,-0.1137004643678665,0.2647754549980163,0.3160045444965362,-0.0187130738049745,-0.1756884008646011,0.2808996438980102,0.6086269021034241,-0.5372304916381836,0.3729364573955536,-0.7106446623802185,0.3599810898303985,-0.9493100047111512,0.2192019671201706,-0.2922466993331909,0.0507802776992321,0.1272028684616089,0.5295270085334778,0.747220516204834,-0.0787647441029548,0.5490385890007019,-0.0020413962192833,-0.6292516589164734,-0.6555565595626831,-0.1589002907276153,0.3971392512321472,0.1711445152759552,0.0227958634495735,-0.240527719259262,0.1442629247903823,0.4694149494171142,-0.0082037206739187,0.3554873168468475,0.7015735507011414,-0.2771918177604675,0.740035355091095,-0.510673463344574,0.3534307181835174,0.5597468018531799,-0.7759509682655334,0.3758062124252319,0.1695676892995834,-0.1911898702383041,-0.021022655069828,-0.7556512355804443,0.4545226097106933,-0.2344045490026474,-0.2773563861846924,0.0750988349318504,-0.168514609336853,0.1701342612504959,-0.0815538763999939,-0.1397444307804107,0.0923962071537971,-0.5649541020393372,0
0.6195648908615112,0.3489904701709747,1.0567883253097534,-0.4765182733535766,-0.5891979932785034,-0.1809852719306945,0.0059980759397149,0.3481148183345794,-0.8365700244903564,-0.6619139313697815,-0.2249849289655685,-0.709401547908783,-0.0504682175815105,-0.4271685481071472,0.7363948225975037,0.4460712671279907,-0.5139725804328918,0.4701919853687286,0.1286108493804931,-0.3889336884021759,-0.8025297522544861,-0.7192121744155884,-0.5512325763702393,0.1941795796155929,-0.4240441024303436,-0.9229090809822084,-0.5777475237846375,-0.2258715033531189,0.0061606224626302,0.1903616487979889,0.2632638216018677,-0.4594249129295349,-0.3370295763015747,0.3261558711528778,-0.7294156551361084,0.6906647086143494,0.1098550781607627,0.2041232734918594,0.4162230789661407,-0.5478252172470093,-0.3630021214485168,0.5252999663352966,-0.6012375354766846,-0.5337058305740356,-0.1171065792441368,0.041893757879734,-0.1703510880470276,-0.031400877982378,-0.1483786702156067,-0.3944182395935058,-0.7106783986091614,0.7770763635635376,0.3953070640563965,0.1971932351589203,0.425059050321579,0.3488447666168213,1.0091537237167358,0.0231695063412189,0.0251429192721843,-0.2772858142852783,-0.7284931540489197,0.1356604993343353,0.3728354871273041,0.1996486485004425,-0.592863142490387,0.3532702028751373,-0.1977674067020416,0.5270116329193115,0.4377854466438293,-0.1567492187023162,0.5720683932304382,0.3822307288646698,0.2298650741577148,-0.3820671439170837,0.2723013460636139,-1.026605486869812,0.4222369492053985,-0.3067958056926727,0.2783031761646271,0.1548672318458557,-0.239579826593399,-0.1771947145462036,0.1182410269975662,-0.3522379100322723,-0.6739863157272339,-0.3207395672798157,-1.280389428138733,-0.1314788162708282,0.1092400550842285,0.1847828775644302,0.0771256908774375,-0.437089592218399,0.370442658662796,-0.3064039647579193,1.0832984447479248,0.4152913391590118,0.3117563426494598,-0.1497225910425186,0.3455894887447357,0.2241485565900802,-1.3417664766311646,0.5552119016647339,-0.0222490578889846,-0.8507680296897888,-0.5020774602890015,-0.1633059084415435,-0.2702930569648742,0.9135725498199464,0.5686036944389343,0.4233021438121795,0.0308378841727972,-0.2613431215286255,-0.8987371921539307,0.1841257512569427,-0.0797238424420356,0.4295142292976379,-0.5939999222755432,-0.1568807661533355,0.0380602180957794,0.1479811817407608,0.2256724238395691,0.58320552110672,-0.4946492314338684,-0.1372482478618621,0.271740585565567,0.1917717903852462,0.1432688981294632,0.3522486984729767,0.2582482099533081,-0.6036713719367981,0.3547253906726837,-0.6765661239624023,-0.4382753372192383,0.0448752231895923,-0.6328389644622803,0.965863823890686,0.2955978512763977,-0.4536164700984955,0.0455907583236694,0.1167070865631103,-0.4535581469535827,-0.1906919628381729,0.8190338611602783,-0.4693425297737121,-0.1263845413923263,0.4840159714221954,-0.3180535137653351,-0.3546625971794128,0.4179584980010986,0.3845674991607666,-0.1171512454748153,1.1854907274246216,-0.5989495515823364,0.4140498638153076,0.3314343392848968,0.4171215295791626,0.197724312543869,0.2486430704593658,0.3477166593074798,0.0276961978524923,0.411643385887146,0.0632825419306755,0.118790403008461,1.0481526851654053,0.6594823598861694,-0.0155564593151211,0.6942266225814819,-0.1477566659450531,0.1065890714526176,0.9082752466201782,0.5210177898406982,0.6927188038825989,0.2869593799114227,-0.080572210252285,-0.143041580915451,0.5369226336479187,1.0504631996154783,0.4520522058010101,-0.3815566003322601,-1.0843147039413452,0.4242238998413086,0.4428893625736236,0.7727795243263245,-0.11271483451128,0.5963641405105591,-0.5336257219314575,-0.4145865440368652,-0.0930271968245506,0.4222430884838104,0.1927646398544311,-0.4035003781318664,-0.4110448360443115,0.1082634553313255,-0.0029858634807169,0.0524127073585987,0.166703388094902,0.1684794872999191,0.3491660058498382,-0.12071093916893,0.3308565616607666,0.5550510287284851,-0.018241224810481,-0.1458954364061355,-0.93206387758255,-1.468620777130127,-0.5858704447746277,-0.053965974599123,0.1871979236602783,0.1993109285831451,0.6862973570823669,-0.7204278707504272,-0.1594906896352768,0.1600438356399536,-0.4500786960124969,0.8950967788696289,0.483115404844284,-0.3662504553794861,-0.1398576647043228,-0.0772723108530044,-0.0402719527482986,0.1948870122432708,-0.6461538076400757,0.3496512472629547,0.1929983347654342,-0.292580246925354,0.8708901405334473,0.5928434133529663,-0.952753245830536,-0.5800488591194153,0.2994386255741119,-0.7095662951469421,-0.3877021372318268,-0.1414899677038192,-0.1187630221247673,-0.226882517337799,-0.9625067114830016,-0.6216272711753845,0.1769756227731704,-0.3720604479312897,0.6183730959892273,-0.2944242060184479,-0.2436751723289489,0.3913763761520386,0.3015227615833282,0.3717937469482422,0.2275534719228744,-0.1137370243668556,-0.4073820412158966,-0.9319515228271484,-0.1594752222299575,-0.6824278235435486,-0.4467746615409851,-0.298469603061676,0.5496417880058289,0.4088552594184875,-0.3417203724384308,0.3422651588916778,-0.8266787528991699,-0.2169264554977417,-0.944948673248291,0.300152450799942,-0.2175954282283783,0.4510443806648254,0.2433313578367233,-0.5626786351203918,0.1603416502475738,0.3203263878822326,-0.2135343700647354,-0.4064880609512329,-0.1030912548303604,0.1624127775430679,0.153968408703804,0.3976919949054718,-0.4147221446037292,-0.0498390197753906,0.1031231135129928,0.6804152131080627,1.0598911046981812,-0.1469211876392364,-0.6755654811859131,-0.4156228601932525,0.7218894958496094,-0.8200952410697937,-0.5111777186393738,0.0852808803319931,1.0379979610443115,-0.4341500699520111,-0.0093580558896064,-0.0931151360273361,-0.2131607830524444,0.1918867975473404,-0.6069152355194092,0.0588084161281585,0.1086339578032493,-1.049772024154663,-0.0527109093964099,0.4001291394233703,0.2348199486732483,0.3815994262695312,-0.1056061089038848,0.2873418629169464,-0.2647623121738434,0.0589905194938182,0.1709464490413665,-0.1004977151751518,-0.5174713134765625,-0.1428467333316803,0.6444472670555115,0.2665767967700958,-0.8470263481140137,-0.1114944517612457,0.6196324229240417,-1.261491298675537,-0.3067860305309295,0.4951604306697845,0.4625239670276642,-0.806296706199646,0.3060609698295593,0.7664307355880737,0.5978373289108276,-0.3235744833946228,-0.4803456664085388,0.4361900687217712,0.680817723274231,-0.3462209403514862,-0.766511082649231,0.4465742707252502,0.1413706839084625,-0.1029802933335304,-0.540488064289093,-0.4225925207138061,0.2654396593570709,-0.0956962928175926,-0.2448957860469818,-0.4192146956920624,-0.1646664142608642,-0.3066335022449493,-0.1862993538379669,0.2451054602861404,-0.0318525545299053,-0.0467939153313636,0.695682168006897,-0.4298053383827209,0.2943534851074219,-0.7330169677734375,-0.4372770488262176,0.266561895608902,1.275129795074463,0.4799474477767944,0.6537413001060486,-0.7526010274887085,-0.1445199996232986,0.5737951993942261,-0.2828126549720764,0.7841343879699707,-0.7082526087760925,0.3595519959926605,-0.2249900996685028,0.4486998617649078,0.1162942722439765,-0.312129944562912,0.2356796860694885,-0.7608378529548645,-0.673935055732727,0.2672902941703796,-0.0121579803526401,0.5657185316085815,0.1676893681287765,0.0501080378890037,1.1467639207839966,0.0960680320858955,0.2769872546195984,-0.271636962890625,-1.2229118347167969,-0.2898721396923065,-0.818493664264679,-0.0662508532404899,-0.1926941573619842,-0.1408600509166717,0.6379884481430054,-0.5304189920425415,0.1868663430213928,-0.1202046424150466,-0.4112637639045715,0.2442872375249862,-0.3000135421752929,-0.6347482204437256,0.0767916440963745,-0.0052538914605975,-0.5005415678024292,0.9109095931053162,-0.0007811538525857,0.5739177465438843,-0.3620568215847015,-0.639089047908783,0.5519065260887146,-0.296102374792099,0.0041193105280399,-0.0016299751587212,0.1267074197530746,-0.2287810444831848,-0.2666354477405548,-0.1437699347734451,0.0704218074679374,-1.0117563009262085,0.5357574224472046,-0.4320216178894043,0.0675554797053337,-0.0848605036735534,-0.2459176182746887,-0.7839255928993225,-0.2140903323888778,0.0649926662445068,-0.1526171118021011,0.1472381502389907,0.3655463755130768,0.192785158753395,-0.4598661065101623,0.4447408616542816,0.5818700790405273,0.773893415927887,-0.2916417717933655,0.6764229536056519,-0.2633430957794189,0.1170301362872123,0.3807166218757629,-0.636992871761322,-0.5004210472106934,0.4088150560855865,0.2970898449420929,-0.4510889947414398,-0.2047666013240814,-0.3112285435199737,1.1695051193237305,-0.2776446640491485,-0.454189658164978,0.902678370475769,-0.3502555191516876,0.3743431270122528,1.0348628759384155,0.7548885345458984,-0.3306185603141784,0.8137053847312927,0.2189303785562515,0.4164632558822632,0.0481533221900463,-0.4062684178352356,-0.2302813231945037,0.8682974576950073,-0.0690934285521507,0.0666430816054344,0.7246530055999756,0.2387608587741851,0.2063861191272735,0.304114431142807,-0.0526445172727108,0.0919842198491096,0.3205940127372741,-0.1039949804544448,-0.344978004693985,-0.0909045413136482,-0.1859214305877685,-0.3086766302585602,-0.1104165613651275,-0.4009558856487274,0.3755174279212951,1.0586365461349487,-0.69407057762146,0.3782074749469757,-0.9081338047981262,-0.5527552962303162,-0.1388085484504699,-0.1920015960931778,0.0875670760869979,-0.8221295475959778,-0.3547230660915375,0.0455889664590358,0.100279651582241,-0.4144933223724365,0.1088500693440437,0.3550724685192108,-0.2159822881221771,-0.3159510493278503,-0.813616156578064,0.1168316379189491,0.7964914441108704,-0.5838242173194885,-0.3934233486652374,0.060257464647293,0.1438681185245514,0.7519621849060059,-0.8378763198852539,-0.4993960857391357,-0.388970673084259,-0.1639347821474075,-0.7298585176467896,-0.0774035155773162,0.1874646097421646,-0.6804988384246826,0.2744324803352356,0.0274815335869789,-0.2773340940475464,-0.6969039440155029,-0.2621581554412842,-0.1018723174929618,-0.5727987289428711,0.2523036897182464,0.1731978803873062,-0.2328196913003921,0.108727253973484,-0.1145984902977943,0.3019725382328033,0.7329968214035034,-0.3828904032707214,0.8873105049133301,0.0118421558290719,0.352819412946701,-0.810456395149231,0.5460114479064941,-0.7754442095756531,0.2387319207191467,-0.7294042706489563,-0.6843485832214355,-0.7158702611923218,-0.5920957326889038,-0.4448314309120178,0.6941059827804565,1.415650486946106,0.5825144052505493,-0.6701879501342773,0.2146046459674835,-0.1199929490685463,-0.4598611295223236,-0.5141260623931885,0.0787957608699798,0.0287131275981664,-1.562509536743164,-0.1510507017374038,0.1109620109200477,-0.5994253754615784,1.3839061260223389,-0.1814644634723663,-0.5518447160720825,-0.2039219886064529,0.4202861785888672,0.3994800150394439,-0.4896880388259887,0.0579875633120536,0.6398654580116272,0.2553820610046386,0.8101413249969482,-0.274228572845459,0.0906463786959648,0.1436778157949447,0.1233146637678146,0.0946904346346855,0.4151434302330017,0.4983032047748565,0.0801388993859291,0.8776180744171143,-0.6998874545097351,-0.6978878974914551,-0.6231597661972046,0.3570880591869354,0.1529397666454315,0.689155638217926,0.2196631878614425,0.7957811951637268,0.6500939130783081,-0.1513335853815078,0.0573428571224212,0.8899685144424438,-0.0597225539386272,1.2249330282211304,-0.5518271327018738,0.1374015361070633,-0.7722051739692688,-0.0206141173839569,0.9322041273117064,0.7353374361991882,-0.0895386338233947,-0.1536366045475006,-0.030578788369894,-0.5362865924835205,0.6016854047775269,0.3558008670806885,-0.1032327115535736,0.3825442492961883,0.2989633977413177,-0.4406847059726715,1.0371015071868896,-0.0341293402016162,0.2658805251121521,-0.6539269685745239,-0.0679441913962364,0.7289755940437317,0.4150844812393188,0.0939821302890777,0.7793418169021606,-0.2908057868480682,-0.6848353743553162,-0.1627069562673568,0.4638008773326874,-0.5895224809646606,0.6393943428993225,-0.0029510802123695,-0.5359312891960144,0.7100718021392822,0.655490517616272,0.3547017872333526,0.3587740361690521,-0.5897667407989502,0.1178450062870979,-0.1086761206388473,-0.1629100739955902,0.3958805501461029,0.2954218983650207,0.4053311049938202,0.0414086431264877,-0.8010706305503845,0.4483011364936828,1.3589962720870972,-0.0052117416635155,-0.092074379324913,0.3095720112323761,0.0476359650492668,-0.3680016994476318,0.1139998286962509,0.3104340732097626,-0.2435269206762313,0.2289800196886062,-0.2655230164527893,-0.3084410727024078,-0.1917210221290588,-0.1111677139997482,0.836298406124115,0.1016987338662147,-0.1079253777861595,-0.1257338672876358,-0.0497482158243656,-0.7834899425506592,-0.0943723171949386,-1.2535018920898438,-0.8204447031021118,-0.0228514838963747,0.079421080648899,0.1268144994974136,-0.0876045674085617,-1.0506716966629028,-0.3635828495025635,-0.3436509370803833,-0.780060350894928,-0.2888449728488922,0.2456021755933761,0.4450479447841644,-0.0233513191342353,-0.6451221704483032,-0.3198616802692413,0.4667545855045318,0.4408571124076843,0.2822818756103515,0.2906259596347809,-0.4739277958869934,-0.2051218152046203,-0.0680044218897819,0.5647624731063843,-0.0696877837181091,-0.4178608059883117,-9.239850997924805,0.4858905375003814,-0.6960218548774719,-0.0361793711781501,-0.2908546030521393,0.1097744330763816,0.7458534836769104,0.9021535515785216,-0.8397974967956543,0.8337070345878601,-0.4177514016628265,0.3903300762176513,0.6950947642326355,0.6229278445243835,-0.6647345423698425,0.0440518483519554,0.3326362371444702,-0.1166946589946746,0.6179511547088623,-0.1337971836328506,-0.4723475575447082,-0.8308966755867004,0.333613246679306,-0.35804483294487,-0.5387967228889465,0.3511967658996582,0.7182985544204712,0.211320474743843,-0.3411101400852203,0.7431811690330505,-0.708786129951477,0.2283969521522522,-0.0462522357702255,-0.4464648962020874,-0.3448687195777893,0.6354577541351318,0.4750964045524597,0.5005751252174377,-0.6288119554519653,-0.0984638035297393,-0.2708901166915893,0.7006009221076965,0.0804221704602241,0.0824451893568039,-0.1221666112542152,-0.0991153195500373,-0.1915300339460373,-0.0420115441083908,0.9884529113769532,-0.290996104478836,-0.0704822018742561,-0.7775848507881165,0.459912896156311,-0.9610315561294556,-0.3412564992904663,0.0553800277411937,-0.5966173410415649,-0.8167950510978699,-0.3448605835437774,0.1789460480213165,0.4906902015209198,0.3579187393188476,0.6264480352401733,0.1931654512882232,0.0191162060946226,0.154929056763649,0.4830325841903686,0.4936136901378631,-0.3643776178359985,-0.4921980798244476,-0.0711397528648376,0.0291632562875747,-0.4733636081218719,-0.1612384468317031,-0.1430217027664184,0.0011700104223564,-0.6814314723014832,-0.2017345577478408,0.7151430249214172,-0.0283666495233774,1.094463586807251,-0.1716654151678085,0.0287442691624164,-0.3106435239315033,0.1182713881134986,0.03754448518157,0.8500673770904541,0.6016170382499695,-0.007225947920233,-0.7786552309989929,0.437221348285675,0.5968304872512817,0.606789231300354,0.6270705461502075,0.1220488622784614,0.0347596146166324,0.8286532759666443,-0.122065931558609,0.8150589466094971,0.1964781284332275,0
0.94775128364563,0.1173724234104156,1.316642999649048,-0.5017281174659729,-0.3689460754394531,0.3773109018802643,0.4919061958789825,0.0218652542680501,-0.6701852083206177,-0.388258546590805,0.4110503494739532,-0.6082220673561096,-0.2239027321338653,0.0021396484225988,0.4486876428127289,0.3260857462882995,0.1396327167749405,-0.0580708682537078,0.3864803910255432,-0.1840185970067978,-1.441098928451538,0.0032129483297467,-0.1135340332984924,0.4907000064849853,0.2903238534927368,-0.8052024245262146,-0.3805024921894073,0.2174103260040283,0.2277310788631439,-0.2582508325576782,-0.3997667729854584,0.0307863522320985,-0.3034184873104095,0.310472309589386,-0.8150948882102966,0.2950322329998016,-0.0864204242825508,-0.2391212731599807,0.5467090606689453,-0.2346615642309188,-0.5092453956604004,-0.3651424646377563,-0.2458496540784835,0.0250484980642795,-0.3836399614810943,0.4061118960380554,0.0486630946397781,0.3078769743442535,-0.197857454419136,-0.1264850795269012,-0.7915502190589905,0.5037461519241333,0.3707227408885956,0.2529644966125488,0.1934338510036468,-0.0269999038428068,0.8813539147377014,-0.9821504950523376,0.0848774835467338,0.1988138705492019,-0.1543801575899124,-0.4489288032054901,0.9525756239891052,-0.3061911761760711,-0.3852879405021667,0.0061098528094589,0.0189868658781051,-0.0998372137546539,0.8140808343887329,-0.4873258769512176,0.344953715801239,0.3151622116565704,0.0310182385146617,-0.5907379984855652,0.4138426184654236,-0.1672213524580001,0.1089688837528228,0.5058535933494568,-0.0674997791647911,-0.1316648423671722,0.3448272049427032,0.3038579821586609,0.2079891711473465,-0.2796406745910644,-0.4777310490608215,0.2567661702632904,-0.5231646299362183,-0.9273645281791688,0.4415215253829956,-0.2925563752651214,-0.0538848489522933,-0.1175196319818496,0.0734923109412193,0.116525687277317,0.461976557970047,0.0889632403850555,0.0371655523777008,0.0148884756490588,-0.4289518296718597,0.0856628566980362,-0.0710574984550476,0.0444853976368904,0.2986475825309753,-0.3397004306316376,0.2647976279258728,0.0749158188700676,-0.730405330657959,0.1759262084960937,0.2143139243125915,0.3802367448806762,-0.4679342806339264,-0.4221651256084442,-0.4808670282363891,-0.1362127810716629,0.4291914999485016,0.1207915768027305,-0.2129467129707336,0.3492516279220581,-0.1411748826503753,0.3885209858417511,0.0962946414947509,0.5547434687614441,0.002453860361129,-0.6714468598365784,-0.0555116161704063,0.7099156975746155,0.2608654201030731,-0.0216345302760601,-0.1543054282665252,-0.1704353094100952,-0.3158348202705383,-0.6510280966758728,-0.1548082381486892,-0.1528059840202331,-0.5972965955734253,0.4602174758911133,0.4048514664173126,-0.1352898031473159,0.01298972312361,-0.3717822134494781,-0.2705349326133728,0.0329854227602481,0.2751617133617401,-0.6006218194961548,0.3906432688236236,0.3406088054180145,-0.1427867263555526,-0.249962493777275,0.3837310671806335,0.2810518145561218,-0.0356912463903427,1.164789795875549,-0.8490410447120667,-0.0580755434930324,0.0007221431005746,0.4262295961380005,-0.9009002447128296,0.0691477507352829,0.4668187797069549,0.0882570445537567,0.4764738082885742,-0.2750900983810425,0.307360976934433,0.5119200348854065,0.3010843992233276,0.0418198630213737,0.199328139424324,-0.5934155583381653,-0.118900716304779,0.5268049240112305,0.4574305117130279,0.1648199558258056,0.4366768896579742,-0.1795542389154434,-0.2995133399963379,0.0599355995655059,1.3210430145263672,0.131308764219284,0.0058595780283212,-0.256692498922348,-0.1045788750052452,0.2693543136119842,0.3183890581130981,-0.4795559644699096,0.6003872156143188,-0.2974226176738739,0.4243681728839874,-0.0432594530284404,-0.2643187344074249,0.5357442498207092,-0.3717144131660461,-0.3282507956027984,0.4468185007572174,-0.4659784436225891,-0.2205624282360077,-0.6311503648757935,0.4972507357597351,0.1096862480044364,-0.676611602306366,0.43205526471138,0.1878221333026886,-0.307574450969696,-0.3271284997463226,-0.7429347634315491,-1.220770239830017,0.0458682365715503,0.1548320353031158,0.5692897439002991,0.0996578186750412,0.9358232617378236,-0.291261225938797,-0.1989966928958892,0.505968451499939,-0.0285303425043821,0.2987140119075775,-0.1682867109775543,-0.2884151935577392,-0.2473891228437423,0.0228896476328372,-0.466551810503006,0.2314996421337127,-0.400771826505661,0.1380075365304947,-0.0144428480416536,0.3250759243965149,0.6879263520240784,0.1789769679307937,-0.6184269785881042,-0.6871395111083984,0.1771272420883178,-0.892789363861084,-0.6030214428901672,-0.5983490347862244,0.0452367588877677,-0.5100491642951965,-0.7107734680175781,-0.2551888823509216,-0.026628665626049,-0.5758002996444702,0.704792857170105,-0.0401472933590412,-0.114395648241043,0.6105135679244995,-0.4791110157966614,-0.0474183745682239,0.5495051145553589,-0.15192811191082,0.2451046854257583,-0.2010300308465957,0.2171190977096557,-0.2154427766799926,-0.5596016049385071,0.028937442228198,-0.2809703946113586,0.6423804759979248,0.5641977190971375,0.8400527834892273,-0.6789668798446655,0.1634413748979568,-0.5081506371498108,-0.0548935942351818,-0.5110361576080322,0.0243724826723337,0.1101577505469322,0.1049648597836494,0.0590368285775184,-0.240217238664627,-0.2351835221052169,-0.3948086500167846,-0.7827419638633728,0.2921999990940094,-0.2143639326095581,-0.047423243522644,-0.3720040321350097,0.3671428561210632,0.0217059925198555,-0.5039645433425903,0.1623114049434662,-0.2507314085960388,-0.0461698547005653,-0.3694636821746826,0.4463103413581848,-0.6066151261329651,-0.2029113918542862,0.1732631921768188,0.203907236456871,-0.9895160794258118,0.1389112919569015,-0.3708057999610901,0.9550499320030212,0.6655372381210327,-0.6939769387245178,-0.1571587920188903,0.2295770496129989,-0.6140111088752747,0.1697186976671219,0.5241615772247314,-0.0134373940527439,0.682406485080719,0.1465516537427902,0.2888729572296142,0.8239008188247681,0.5796137452125549,0.104454219341278,-0.1271654665470123,-0.7269355654716492,-0.1870091557502746,0.3391287624835968,0.3795760869979858,0.1182256489992141,0.2604843080043793,0.9113913178443908,-0.5377025008201599,0.5646450519561768,0.8851120471954346,0.5391872525215149,-2.0579376220703125,-0.3423119783401489,0.5832024812698364,-0.0151042584329843,-0.759589672088623,-0.352277398109436,0.8209034204483032,0.5071016550064087,-0.2414571046829223,-0.6187499761581421,1.1440473794937134,0.3295051455497741,0.0613541863858699,-0.5434368252754211,0.095176100730896,-0.1873257756233215,-0.0404492057859897,-0.8191483616828918,0.3445096909999847,0.4255690574645996,-0.1087922528386116,-0.1732247322797775,0.076923944056034,-0.4785624742507934,-0.1412923783063888,0.2171568721532821,-0.8158102035522461,0.2320639044046402,-0.6630445122718811,-0.2896499931812286,-0.0403202250599861,0.8874858617782593,1.1063432693481443,0.1701773256063461,-0.9401575326919556,-0.6442153453826904,-0.646077036857605,-0.4406172633171081,0.0831818357110023,-0.352849394083023,-0.1805536746978759,-0.1730049401521682,0.3338890075683594,0.0542619936168193,0.1992109417915344,-0.5232218503952026,-0.2501255571842193,0.2529046535491943,-0.0438087508082389,0.5353254079818726,0.5611822009086609,0.1756169497966766,0.0674798414111137,0.4569131135940552,0.9648536443710328,0.3380883932113647,-0.0676516517996788,-0.7464489340782166,-0.1506033986806869,-0.5722528100013733,0.0340136066079139,-0.3090834021568298,-0.5844908952713013,0.6671366095542908,-0.4323138296604156,0.1775268465280532,-0.0575160570442676,-0.9385984539985656,0.2538460493087768,-0.3838684260845184,-0.2186372429132461,0.0112544456496834,0.196266770362854,-0.3066014051437378,1.3264989852905271,0.1582959592342376,0.5031972527503967,-0.4307092130184173,-1.043001651763916,0.3582607805728912,-0.2118205726146698,-0.0313922427594661,0.2178775519132614,0.1842791885137558,-0.2083347290754318,0.0049079498276114,-0.2088428288698196,-0.6047078371047974,-0.4797363579273224,-0.1741552203893661,-0.9646405577659608,-0.2052225023508072,-0.2893185615539551,0.5923017859458923,-0.2895740270614624,-0.0549882315099239,0.017693543806672,0.0998245403170585,-0.3994168639183044,-0.2871818542480469,-0.2183968126773834,0.3670180737972259,0.449763685464859,0.7569015026092529,0.2775266170501709,0.100539244711399,0.6747692227363586,-0.1866916567087173,0.3235169649124145,-0.274396151304245,-0.7075938582420349,-0.2073723673820495,0.9112719297409058,-0.5465337038040161,0.1461365669965744,0.1712982654571533,-0.089333675801754,0.4763753116130829,-0.3569649457931518,-0.927865505218506,0.4841615855693817,0.1008836925029754,0.2577694058418274,0.6376024484634399,0.4233948886394501,0.7172957062721252,0.5495918989181519,-0.0622022002935409,-0.2784615755081177,-0.0844631493091583,-0.2208123058080673,-0.1920157223939895,0.2061384171247482,-0.0982237234711647,0.3029255270957947,0.7171321511268616,0.3947082757949829,0.4324597120285034,0.7188161015510559,0.3858940899372101,-0.389268547296524,0.4747753441333771,0.1348943561315536,-0.0557727143168449,-0.1109421402215957,0.6605849862098694,-0.4082896709442138,0.3907800912857055,0.2065702229738235,-0.1813705563545227,0.5817940831184387,-0.0977762266993522,0.9398486018180848,-1.043189287185669,-0.5832615494728088,-0.626889705657959,-0.5796219706535339,-0.0027964443434029,-0.5658192038536072,-0.140582799911499,0.5280356407165527,-0.1176932230591774,-0.7761464715003967,0.0638950690627098,0.658113420009613,0.3885479569435119,-0.0449090227484703,-0.316041499376297,-0.2585292458534241,0.0431951954960823,-0.6868218779563904,-0.6616407632827759,0.1958622634410858,-0.1964258998632431,-0.4787997007369995,-0.8861027956008911,0.0074130594730377,-0.0103164622560143,0.6298323273658752,-0.4494985342025757,0.3327707946300506,0.2238941490650177,-0.4960865080356598,-0.2365241199731826,-0.3849330842494964,-0.2110832780599594,-0.3559989929199219,-0.331271082162857,-0.4221368730068207,-0.3721031844615936,0.1870522201061248,0.749828577041626,0.57932448387146,0.004015265032649,0.0753402188420295,0.4891727864742279,0.1869558990001678,-0.3290881514549255,0.0347938127815723,-0.459599882364273,-0.2827969193458557,-0.5156644582748413,-0.0107354875653982,-0.2543314099311828,0.0082873171195387,-0.2837506830692291,-1.1472055912017822,-0.5756711959838867,0.1146640032529831,-0.9890586137771606,0.336430937051773,-0.0570718497037887,0.6087896823883057,-0.8617693781852722,-0.0427790880203247,-0.2551881670951843,0.0427073463797569,-0.2691774070262909,0.5126655101776123,-0.3629481494426727,-0.8731046915054321,-0.0752403512597084,0.1398470252752304,-0.7469031810760498,1.3227258920669556,0.2702732980251312,-0.4243772029876709,0.3200898766517639,0.5918201208114624,0.3543504774570465,-0.4506686329841614,-0.0404456704854965,-0.1937918663024902,0.5224626660346985,0.1898347586393356,-0.4154056012630462,0.3864432871341705,-0.0893473774194717,-0.0332515574991703,0.0741094127297401,0.6888866424560547,0.1676843911409378,0.5645897388458252,0.6759856343269348,-0.7002256512641907,-0.0219210609793663,-0.56084144115448,0.0903962925076484,-0.0203517600893974,0.631005585193634,-0.5794175863265991,0.6931965947151184,0.4330489933490753,-0.6122232675552368,0.349486380815506,1.2386590242385864,-0.0071687996387481,0.9920008778572084,0.0020759857725352,0.1580575108528137,-0.4173475503921509,0.1612988859415054,0.4689893424510956,0.0249490030109882,0.3048522174358368,0.2278130501508712,-0.1708904802799224,-0.3457862734794616,0.4413183033466339,-0.1777487695217132,-0.3387014269828796,0.313405692577362,0.2557193040847778,-0.1922087222337722,0.860644519329071,0.431912362575531,0.4420181214809418,-0.1252801269292831,0.3504112660884857,0.6421331763267517,0.9770622849464417,0.0562372133135795,0.3010036945343017,-0.3268188238143921,-0.4130631685256958,0.4183343350887298,-0.0179550610482692,-0.1114342436194419,0.6509515643119812,-0.406890869140625,-0.3417459428310394,0.4774061441421509,0.3182330131530761,0.262900561094284,-0.178569346666336,-0.8125022053718567,0.0593070238828659,-0.2837048768997192,-0.0981518253684043,0.0321839228272438,0.1914244890213012,0.7979729175567627,0.3160221874713897,0.1596185564994812,0.2733621001243591,0.9783291220664978,-0.1242507174611091,-0.2472241073846817,0.0416438691318035,-0.0171143263578414,0.2451831698417663,0.0873798877000808,0.7011855244636536,-0.0443194583058357,-0.1437614411115646,0.6608770489692688,-0.2220726907253265,0.1619366407394409,-0.1955505609512329,0.3790335357189178,-0.0452921874821186,0.0818844512104988,0.1042823195457458,-0.1087192669510841,-0.0591908395290374,-0.2640201151371002,-0.9510142207145692,0.1158906146883964,0.2073425948619842,0.2250636368989944,-0.5712059140205383,0.1429078429937362,-0.4892480671405792,-0.5565018057823181,-0.193626195192337,0.5225298404693604,-1.1462353467941284,-0.7008061408996582,0.7900848388671875,0.0378482453525066,-0.4938881397247314,-1.2737497091293335,0.7529394626617432,0.4563989341259002,0.3972026407718658,0.1368719339370727,0.1930549144744873,-0.0734303593635559,-0.1710683703422546,-0.1105351075530052,-0.4500059485435486,-0.5432879328727722,-9.694493293762209,0.31403648853302,-0.2052793651819229,-0.4329672157764435,-0.1198763623833656,-0.4910621047019958,1.1029752492904663,0.922713577747345,-0.4386252164840698,0.6169313192367554,-0.3877057433128357,0.00970895960927,0.2820572555065155,0.2625912129878998,-0.2348571419715881,-0.0952555835247039,-0.6197619438171387,0.277277410030365,-0.0588202476501464,0.010323042050004,-0.6390373110771179,-0.2990011870861053,0.6788322925567627,0.126068577170372,0.4451174139976501,-0.4278421401977539,-0.1202281489968299,0.2633188664913177,0.3067159652709961,0.3486003875732422,-1.0898029804229736,0.4777397215366363,-0.0891677439212799,0.2930540442466736,-0.2903353869915008,0.4414325952529907,0.0791541188955307,0.4572458863258362,-0.1976640820503235,0.50599205493927,0.3323367834091186,0.1710262447595596,-0.1237399354577064,-0.140757605433464,0.3802380263805389,-0.1309256106615066,0.0007667838362976,0.2207339704036712,0.7491353750228882,-0.359279453754425,-0.4368247389793396,0.1314577311277389,0.3515811562538147,-0.3438516855239868,0.4336209297180176,0.0727652162313461,0.4582828879356384,-0.7198010087013245,0.1200947016477584,0.1198674142360687,0.4687196314334869,0.4256715178489685,0.4933706521987915,0.7920346856117249,-0.0918520241975784,0.5673166513442993,0.0178303513675928,0.1608434319496154,-1.1328779458999634,-0.1149405762553215,0.3954378068447113,0.2839181423187256,0.2034425586462021,0.1563435494899749,0.0008231900865212,0.0548231825232505,-0.1990682482719421,0.2183517217636108,-0.0294011756777763,0.144124150276184,0.3941380977630615,-0.4038606286048889,-0.1983039677143097,0.4366379678249359,-0.7118498682975769,0.3044184446334839,0.2141147553920745,-0.3410414457321167,0.3150749802589416,-0.5044310092926025,0.6409334540367126,-0.0832193717360496,-0.5852536559104919,0.6678462028503418,0.3726235628128052,-0.3012545704841614,-0.4017639458179474,-0.36842742562294,0.3341236114501953,-0.585013210773468,0
0.1059571653604507,0.3400538563728332,0.2309443056583404,-0.5771924257278442,0.3838703334331512,0.2666478753089905,-0.1735000908374786,0.1951106339693069,-0.0843930467963218,-0.3147010803222656,0.8027382493019104,-0.2645193636417389,-0.1719714552164077,-0.3638120293617248,0.4976372718811035,-0.0530947782099247,0.3921075463294983,0.034434974193573,0.0571922846138477,0.0535839758813381,-0.2755184173583984,-0.8965079188346863,-0.2734876871109009,0.6938999891281128,0.353704422712326,-0.6102827191352844,0.1340668350458145,0.5534462928771973,0.1715666949748993,0.0417400822043418,-0.7571069598197937,-0.2751629054546356,-0.5032557249069214,0.2917308807373047,-0.4609568119049072,0.2657385766506195,0.2567656636238098,-0.2057435065507888,-0.1637833714485168,-0.3165516257286072,-0.0615312047302722,-0.0047376514412462,0.1095427945256233,-0.1818056851625442,0.113456904888153,0.099284790456295,-0.2168059945106506,0.1542026847600937,0.5288239121437073,-0.1707174777984619,0.0193405617028474,0.3253199160099029,0.2735639810562134,-0.2362971305847168,0.0093983169645071,0.1325944364070892,0.7681185603141785,0.0570726096630096,-0.2052086293697357,-0.2216740101575851,-0.3640479445457458,-0.0021080868318676,-0.3836055696010589,0.1155076995491981,-0.3564522564411163,-0.0704809054732322,-0.2865083515644073,-0.0657990276813507,-0.63179612159729,-0.3985957503318786,-0.3286933004856109,0.2192962765693664,-0.1271819323301315,-0.0750274062156677,0.6588200926780701,-0.1309004724025726,-0.262359619140625,0.1577576845884323,0.4839895069599151,-0.4926526546478271,-0.8461741805076599,0.4437356293201446,-0.439153254032135,-0.2883462905883789,0.1821458339691162,-0.0146640660241246,-0.3787900507450104,-0.4052824378013611,0.2969857156276703,-0.0586355999112129,0.0902661606669426,0.3410567045211792,0.1275450438261032,-0.2217815071344375,-0.3090598583221435,0.3730552792549133,0.2873484492301941,-0.5103719830513,-0.3562077581882477,0.1969900876283645,-0.0006037247367203,-0.0352663025259971,0.2951134443283081,0.1048066020011901,-0.0245320107787847,-0.087751604616642,0.0103533407673239,0.2079409509897232,0.088148646056652,-0.166606068611145,-0.5467268824577332,-0.6684709191322327,-0.070369154214859,0.0593598149716854,-0.0870667472481727,-0.1695784032344818,-0.1780161559581756,0.4334149062633514,-0.5036294460296631,0.1156553998589515,0.0042271176353096,-0.0527548938989639,-0.1981828212738037,-0.0797740742564201,-0.0224983748048543,0.3282719254493713,-0.0090785780921578,-0.1147875860333442,-0.2434912025928497,-0.3864939212799072,0.0551508329808712,-0.0266456268727779,-0.2535417079925537,0.2476914077997207,-0.3482769727706909,0.2774668037891388,0.0815193578600883,-0.100045345723629,-0.3195858001708984,-0.6961678266525269,-0.2319762855768203,0.1287014782428741,-0.1306047588586807,-0.108367346227169,-0.3012636303901672,0.1317061185836792,0.1703453958034515,-0.0821683555841445,0.5687766671180725,0.6305144429206848,-0.3826445937156677,0.7813477516174316,-0.1385732889175415,-0.6531199216842651,0.2466904670000076,0.1983786076307296,-0.7285078167915344,0.2113118171691894,0.0982494056224823,0.5660445094108582,-0.0644169524312019,-0.0212488081306219,0.0676087364554405,0.3937152028083801,0.2340177744626999,0.6167125701904297,0.2586544752120971,0.0978830307722091,0.1979928761720657,0.3845890164375305,-0.2289746254682541,0.4046419858932495,0.1383172869682312,-0.4629587531089782,-0.0180749148130416,0.238206997513771,-0.1637164056301117,0.1796968579292297,0.3807401061058044,-0.552869439125061,0.047571811825037,-0.2819766402244568,0.135278582572937,-0.1515090316534042,0.1951124817132949,-0.2231865972280502,0.0969530269503593,-0.1926213055849075,0.1001612693071365,-0.0401294231414794,-0.3744893968105316,-0.2877252399921417,0.2855384349822998,-0.1697675883769989,-0.1497691124677658,-0.0579272359609603,0.0490153431892395,-0.2826198637485504,-0.1906986385583877,0.3478758037090301,0.172385960817337,0.212730661034584,-0.2242172211408615,-0.1318263411521911,-0.9882841110229492,-0.048592522740364,0.029861444607377,0.3792737126350403,0.1659673452377319,0.2678952515125274,-0.2351045310497284,0.1906478106975555,0.3108884692192077,0.1774364411830902,0.0167052969336509,-0.0494879893958568,-0.6719102263450623,-0.4103013575077057,0.6472107768058777,-0.4403210878372192,-0.118621714413166,-0.2530803680419922,0.1957572102546692,0.4501052796840668,-0.1938936859369278,0.0424554236233234,0.3124758899211883,-0.041583988815546,0.0007571410387754,0.2262646108865738,-0.2040574550628662,-0.2400078922510147,-0.9391317367553712,0.0026036538183689,-0.4152588248252868,0.3876334726810455,-0.681658923625946,0.3880289196968078,-0.0324342958629131,0.196527674794197,0.3469210863113403,0.0634388998150825,0.0641265884041786,-0.2145391255617141,-0.1037872806191444,0.2776774168014526,-0.0539604909718036,-0.1479257494211197,-0.266260951757431,0.358363538980484,-0.6517946124076843,-0.7177068591117859,0.2591176033020019,-0.5843756198883057,0.3382629454135895,0.121803417801857,0.0525153949856758,0.0511007942259311,0.1032933518290519,-0.2415840327739715,-0.2410765141248703,-0.7802421450614929,-0.017749723047018,-0.1794995665550232,0.0293822959065437,0.0887054055929184,0.2524709105491638,-0.4165751039981842,-0.2814168632030487,0.0799126252532005,-0.0191104691475629,-0.2916401624679565,-0.1803065687417984,0.1164290830492973,-0.6932247281074524,-0.0767013356089592,-0.0529033094644546,0.5940852165222168,-0.6380890607833862,-0.0908126831054687,-0.758761465549469,0.6661263704299927,-0.661527693271637,0.1103249564766883,-0.1251478046178817,0.1523359417915344,-0.2009061425924301,-0.6525549292564392,0.0550641119480133,0.2237908244132995,0.6273515224456787,-0.4230823516845703,-0.426233559846878,-0.352253794670105,-0.2910065054893493,-0.0513292327523231,0.4960323870182037,0.1077206954360008,-0.1669824570417404,-0.0206979569047689,0.2043613195419311,0.2179169505834579,0.2041508704423904,-0.3387033641338348,-0.2892106473445892,-0.3300189673900604,-0.0662595033645629,-0.2987061142921448,0.8422017693519592,0.0322278626263141,-0.0874947980046272,0.9466583132743835,-0.5454639792442322,0.0870389193296432,0.5819045305252075,0.2000969499349594,-2.047168493270874,-0.1033317819237709,0.05845333263278,0.4854371547698974,-0.3314176201820373,0.3784265518188476,0.354712426662445,0.5397021770477295,-0.0863233655691146,-0.3490740656852722,0.6388276219367981,0.7761021256446838,-0.2194031774997711,-0.4746674597263336,0.2453248053789138,0.0650144889950752,0.2697949111461639,-0.6023880243301392,-0.1580047011375427,0.1618616133928299,0.1444800645112991,0.083244152367115,-0.1922890245914459,-0.5669565796852112,0.2928471565246582,-0.2410579621791839,0.2577365934848785,0.434993714094162,-0.4438458085060119,-0.0917096361517906,0.3795478641986847,0.4857932329177856,0.5103922486305237,1.0124081373214722,-0.2783331274986267,0.1552206575870514,0.5012499690055847,0.4235322773456573,0.3322260975837707,-0.0334758572280406,0.0160164404660463,-0.1646855920553207,0.479555070400238,0.3866126239299774,0.4413031339645386,0.1791224926710128,0.6388351321220398,0.0984200313687324,-0.0413713119924068,0.4633150398731231,0.2384280264377594,0.3008832335472107,0.5992024540901184,0.4029504954814911,0.439857006072998,0.0989842861890792,-0.3794116675853729,-0.2716012597084045,0.3487310409545898,-0.3229025900363922,-0.2052622735500335,0.2634295523166656,0.3249772787094116,-0.3106406927108764,-0.4349835813045501,0.0747896060347557,0.2361587136983871,-0.3890628218650818,-0.2196258902549743,-0.4768176078796386,-0.6820852756500244,0.0887865275144577,-0.5716986060142517,-0.9163685441017152,0.0613403730094432,-0.0102463383227586,0.3357308804988861,-0.2484477162361145,-0.5951440930366516,0.3427809476852417,-0.396180123090744,0.0879837796092033,-0.0494026504456996,-0.1437525749206543,-0.2178219556808471,0.2060196101665496,-0.1418224573135376,-0.0009865944739431,-0.2737459242343902,0.2979185283184051,0.034730739891529,-0.0665253251791,0.2084787636995315,0.2208558022975921,-0.1145813688635826,0.1445261389017105,-0.0466415882110595,-0.2929684221744537,-0.2494706660509109,0.2093340307474136,-0.8327392935752869,0.1250572502613067,0.0105184288695454,0.0124474354088306,0.4486328661441803,0.1652565598487854,0.6687241196632385,-0.1654854714870453,-0.1891048550605774,0.2979645729064941,-0.0415671057999134,-0.3798434436321258,0.7898012399673462,0.022899093106389,0.2413435131311416,-0.2352110147476196,0.1407174319028854,0.4582234919071197,-0.4627985954284668,-0.3111014664173126,0.290492832660675,-0.0453866571187973,-0.276922345161438,-0.1090871393680572,0.1479161530733108,0.9469146728515624,-0.5337070822715759,0.4899646937847137,0.1442008018493652,-0.180379718542099,0.1259381026029586,-0.2053383737802505,-0.2272995412349701,-0.3227701187133789,0.3168374896049499,0.2461184114217758,0.5081591606140137,-0.0795721188187599,0.1354317218065261,0.6793567538261414,-0.0565627962350845,0.1801158338785171,0.6301148533821106,0.2520212531089782,-0.2277378290891647,-0.6106905341148376,-0.4821702241897583,-0.1590699553489685,-0.4832443594932556,0.2742177844047546,0.1704631149768829,-0.1025941520929336,-0.2147477865219116,-0.1614643782377243,-0.27772918343544,-0.1435036212205886,-0.3160096406936645,0.0644951313734054,0.3289828300476074,0.2703443765640259,0.4721486568450928,0.1399042606353759,-0.284279465675354,0.2281328588724136,0.1522262096405029,0.5974050760269165,0.414104700088501,-0.2239081263542175,-0.3233785927295685,0.1999104470014572,-0.0716648027300834,-0.2649140954017639,-0.1928761899471283,0.4473563134670257,-0.0654338002204895,-0.0852353498339653,0.2112231850624084,0.2126767337322235,-0.3635460138320923,0.3620560467243194,0.005001884419471,-0.0368710272014141,-0.4408215880393982,-0.796744704246521,-0.5997400879859924,-0.2538684904575348,0.2107051759958267,-0.5933626890182495,0.0352531261742115,0.0279194302856922,-0.019096391275525,-0.0312988795340061,0.0073923463933169,-0.2650518119335174,-0.0674720406532287,0.5596599578857422,0.46162149310112,-0.2523075640201568,-0.0654356852173805,0.1910900920629501,0.109083354473114,0.0888506323099136,0.5516899228096008,0.0808266699314117,0.1234796270728111,-0.1668127179145813,-0.6386042237281799,0.1584585756063461,-0.1135457009077072,-1.1642258167266846,0.1972486227750778,0.0009148342069238,-0.0134316449984908,-0.2050182819366455,0.0905603840947151,0.1139087900519371,-0.2253737300634384,0.0325983650982379,0.2289625257253646,-0.087312713265419,-0.7382491827011108,0.4090926349163055,-0.0950387418270111,-0.4141454994678497,-0.0854952707886695,0.1996116489171981,-0.4759863317012787,-0.0396056026220321,-0.0349299237132072,0.1682693362236023,-0.1657952070236206,0.3649616539478302,-0.3950811922550201,-0.2567009329795837,0.4965659081935882,0.0296402070671319,0.1355801224708557,0.2577840983867645,-0.4003247022628784,0.1220423653721809,0.4047800600528717,0.7447879314422607,0.2780249118804931,-0.0576530434191226,-0.0606102645397186,-0.1945437788963318,-0.6275726556777954,0.5117283463478088,0.6967383027076721,0.3208017945289612,-0.3727966248989105,0.3812443315982818,0.3662632703781128,-0.507493793964386,0.6383531093597412,1.1102690696716309,0.3562947511672973,0.3124137222766876,-0.0839640274643898,0.0297488383948802,-0.7996014356613159,0.0840087383985519,-0.0400531142950058,0.6436910033226013,-0.0840645506978035,-0.0463601313531398,0.5039343237876892,0.1580976992845535,-0.2768726050853729,0.1814708858728408,0.2368687838315963,0.0980499610304832,0.26227867603302,0.2389337420463562,0.6560611724853516,0.189102366566658,0.1351083219051361,-0.2778794467449188,0.0363457612693309,0.0640146434307098,0.5191914439201355,-0.2345632314682006,0.3239462673664093,-0.1593889147043228,-0.94009131193161,-0.4990561902523041,-0.1031642332673072,0.3380523025989532,0.3726098537445068,0.2413626611232757,-0.395672857761383,0.1770281791687011,0.4501660466194153,0.0364853106439113,-0.3136026263236999,-0.4997383952140808,0.0284145474433898,-0.1361332386732101,-0.1611880511045456,0.1359979063272476,-0.4097647964954376,0.5148715376853943,0.097862534224987,0.3833812773227691,0.4241642355918884,0.7933186292648315,0.1569468528032302,0.0939410477876663,0.4693675339221954,0.0077596451155841,-0.3924800753593445,0.2216277569532394,0.3095201253890991,-0.1817280203104019,-0.0709444209933281,0.2518294751644134,-0.1703017652034759,-0.0868276730179786,0.1354048103094101,-0.2165524810552597,0.5541257858276367,-0.0624028109014034,-0.5181902647018433,-0.2939152717590332,-0.2121781110763549,0.0148552320897579,-0.7585910558700562,-0.1129884794354438,-0.2627875804901123,0.2011488974094391,-0.0096868593245744,-0.3735319375991821,-0.4186031520366668,-0.1606371849775314,-0.3655887246131897,0.3483074307441711,-0.2857531309127807,-0.337914228439331,-0.0186379961669445,0.629578709602356,-0.5196065306663513,-1.205642819404602,0.4386274814605713,0.2140254378318786,0.6964661478996277,-0.2597257196903229,0.3156619966030121,-0.1779707372188568,0.2723940312862396,0.1679078489542007,-0.2602838277816772,0.1538334041833877,-10.47197151184082,-0.01582682877779,-0.4364051222801208,-0.2119185626506805,-0.1538925170898437,0.5954983830451965,0.2159894108772277,0.0540154762566089,0.0241162832826375,0.2674185037612915,0.466568261384964,0.3982570767402649,0.5198328495025635,0.560923159122467,-0.440689355134964,-0.1870642453432083,-0.0151860360056161,-0.2911134362220764,0.1745216697454452,0.3801847100257873,0.3455916345119476,-0.1749753952026367,0.4759343862533569,0.5878525972366333,0.0819604843854904,-0.3523178994655609,-0.4849379658699035,0.1386933922767639,-0.3309721052646637,0.2567238211631775,-0.299211323261261,0.2453407347202301,-0.4839208424091339,0.6034390926361084,-0.3368691802024841,0.0910930037498474,-0.1722019463777542,0.1448059380054474,0.1254611611366272,0.456928551197052,0.1785778105258941,0.0831786543130874,-0.0092899361625313,0.0365067012608051,0.257893830537796,0.4729359447956085,0.1236770153045654,0.1346370428800583,0.2615242302417755,0.1386225074529647,-0.0942716002464294,-0.5109432935714722,0.3946022093296051,-0.2368938773870468,0.1176411658525466,0.3680230975151062,0.3773775994777679,-0.6562960147857666,0.0522089526057243,-0.1633338332176208,0.0603837557137012,-0.2444898188114166,0.5168721675872803,0.2117209136486053,0.136465698480606,0.0634612739086151,0.5022547841072083,0.5422195196151733,-0.2557250261306762,-0.1038306578993797,0.1844304949045181,-0.03320849314332,-0.2522164285182953,-0.1746121793985366,-0.293649822473526,0.6714987754821777,-0.3955292403697967,0.2074478268623352,-0.2823221087455749,-0.017865115776658,0.3507514894008636,-0.2120216935873031,-0.5207259654998779,0.6787790656089783,-0.1957950592041015,-0.2379001528024673,-0.2160743474960327,0.2369860559701919,0.7229220867156982,-0.6137766242027283,0.2694832384586334,-0.3009182214736938,-0.0321903079748153,0.247115209698677,0.4210285246372223,0.286464512348175,-0.2624143362045288,0.3637314438819885,0.3997511267662048,0.1564647257328033,1
-0.0299661550670862,0.2355797737836837,0.216267853975296,-0.4623011648654938,0.1465029567480087,0.1590572595596313,0.4888431429862976,0.0343817882239818,0.2314295917749405,-0.4759552180767059,0.9655014276504515,0.1445874869823455,-0.3044161796569824,0.2189700305461883,0.576633870601654,-0.0743149146437645,0.1229664981365203,-0.2058374583721161,0.3064872324466705,-0.6469168663024902,-0.4757871031761169,-0.4265144169330597,-0.3738117814064026,0.030898455530405,0.0109216663986444,-0.2931042015552521,-0.3614349067211151,-0.0565030053257942,0.0321628078818321,-0.3505898118019104,-0.199837788939476,-0.4792525172233581,-0.0199252478778362,0.0612472258508205,-0.1204092502593994,0.6159122586250305,0.1486607640981674,-0.0746806189417839,-0.2119930386543274,-0.2977423369884491,0.1133873462677002,-0.1358265876770019,-0.6363552808761597,-0.4453445672988891,-0.0216307081282138,0.6858723163604736,0.2617878913879394,0.103010170161724,0.2791837751865387,0.0458381362259388,-0.3350329399108886,0.0532670803368091,0.1205242276191711,-0.1077892631292343,-0.140848159790039,0.2162220776081085,0.2499522119760513,-0.2180299013853073,0.1128206253051757,0.0573501959443092,-0.0749453455209732,-0.190446987748146,0.1855106949806213,-0.2764393389225006,-0.1089432686567306,-0.289292573928833,-0.0018514724215492,-0.1425076127052307,0.0378167368471622,-0.5242213010787964,0.1774463355541229,0.0551392175257205,0.1343036741018295,-0.2229597717523574,0.5375440120697021,-0.6022578477859497,0.1935707926750183,-0.0520524643361568,0.509709894657135,-0.1051743850111961,-0.0881144702434539,0.3530352711677551,-0.1232519596815109,-1.0264198780059814,0.2464129030704498,0.0685964822769165,-0.4199430048465729,-0.6873281002044678,0.4393539726734161,-0.2583076059818268,0.1436595320701599,-0.1167098507285118,0.1215236559510231,0.2037247866392135,-0.1739794462919235,-0.3899840414524078,0.1050542965531349,-0.4063800871372223,-0.0228427778929471,0.0906861573457717,-0.1991038173437118,-0.1664947420358657,0.2539658844470978,-0.08316221088171,-0.2956099510192871,0.0766281485557556,-0.1890882402658462,0.2165932804346084,-0.010529525578022,0.1928633153438568,-0.2466240525245666,-0.7365819215774536,-0.6684548854827881,0.1535235941410064,0.1628547310829162,0.0169706754386425,-0.4629513621330261,0.3333367109298706,-0.292251855134964,0.3582746684551239,0.3380059599876404,0.4424749612808227,-0.2912670373916626,-0.3035025596618652,-0.3535375595092773,0.3237355351448059,0.2829291224479675,-0.0915389433503151,-0.1753126233816146,-0.467682272195816,0.1643853634595871,0.1346490383148193,-0.4423128366470337,0.0967956036329269,-0.139187291264534,0.6486086249351501,-0.0397078618407249,-0.1598468124866485,-0.2538869678974151,-0.638386070728302,0.0789156705141067,-0.0854528099298477,0.2547546029090881,0.0989833548665046,-0.3243342041969299,0.1430806070566177,-0.2329152375459671,-0.3564623296260834,0.1027843877673149,0.2768904864788055,-0.3188938796520233,0.8764433860778809,-0.2851174473762512,0.0630542263388633,0.5699432492256165,0.3915766179561615,-0.3984412252902984,0.2929694354534149,0.2510489225387573,0.3469375669956207,0.4383452832698822,-0.2636390924453735,0.1758026182651519,0.6372343897819519,0.0620617568492889,0.48999685049057,0.2634426057338714,0.1884945780038833,0.1005852743983268,0.5908862948417664,0.5550056099891663,0.733949601650238,0.3010013103485107,-0.3433351516723633,0.0500806532800197,0.2688963413238525,0.4469868540763855,0.2316191047430038,0.3136959075927734,-0.5935907363891602,-0.0061111184768378,-0.2248520404100418,0.0215833894908428,-0.0638685598969459,0.2728357315063476,-0.3050146400928497,-0.1886419057846069,0.0410682037472724,-0.1337005794048309,-0.1175947338342666,0.1645332723855972,-0.3792347908020019,-0.0136827323585748,-0.4534050524234772,-0.1512115150690078,-0.7354983687400818,0.2089379280805587,-0.201926901936531,-0.195111408829689,0.6643656492233276,-0.0806749388575553,0.1936513036489486,-0.1682331562042236,-0.5786277055740356,-0.8636887669563293,-0.5785698294639587,-0.1077366322278976,0.7041559219360352,0.5881813168525696,-0.074565976858139,0.1790602207183838,0.5251115560531616,0.2506594061851501,0.4124622941017151,0.1574108302593231,0.3484959602355957,-0.3538091480731964,-0.4027343988418579,0.5561660528182983,-0.0032326912041753,-0.050000574439764,-0.0567764267325401,0.539637565612793,0.2047712653875351,-0.2075197547674179,0.501338005065918,0.2387416064739227,0.1707339286804199,0.0699376761913299,0.7663633823394775,0.0118161113932728,-0.5861421823501587,-0.8611670136451721,-0.1384404450654983,-0.6185033917427063,0.2196169197559356,-0.4590725898742676,0.619849443435669,-0.004469471052289,0.2171162962913513,0.3878980875015259,-0.2124979943037033,0.1408550590276718,-0.7155495882034302,-0.268750786781311,-0.0620127320289611,0.0147290946915745,-0.0814034938812255,-0.1755184531211853,0.2299305945634842,-0.6103234887123108,-0.6310575008392334,0.1718595325946808,-0.4531665742397308,0.7357653379440308,0.2593086063861847,0.1987525820732116,-0.1235239952802658,0.3813154399394989,0.0503578297793865,-0.1351619958877563,-0.76896733045578,0.3926174342632293,-0.0643246844410896,-0.420342355966568,-0.0233181565999984,-0.0891819521784782,-0.5954908728599548,-0.4393798112869262,-0.3947541415691376,-0.1844253838062286,-0.3759275674819946,-0.5307303667068481,0.209036111831665,-0.1575206518173217,0.0715329423546791,-0.1290616989135742,0.4829116761684418,-0.435601532459259,0.2915761172771454,-0.7298199534416199,0.3351056575775146,-0.6409491896629333,-0.0948633402585983,-0.0631974413990974,-0.3413468897342682,-0.4442508518695831,-0.3955142498016357,-0.138266921043396,0.5761252641677856,0.2624053657054901,-0.1727059036493301,-0.5694354176521301,0.1490887403488159,-0.2580437660217285,0.1368192285299301,0.4621648490428924,0.1363303512334823,-0.0016341850860044,0.3118806183338165,0.4157231152057647,-0.1283486783504486,0.0241879075765609,-0.1079807430505752,-0.0169175192713737,-0.8130832314491272,-0.0653277188539505,-0.174520656466484,0.3462107479572296,-0.3703004121780395,-0.186801478266716,0.6856415867805481,-0.4231734573841095,0.5928168892860413,0.1722813844680786,0.2522653937339782,-1.4458192586898804,0.3850231170654297,0.1902194321155548,0.2978443503379822,0.0877886041998863,0.145401656627655,0.1110279932618141,-0.0574938990175724,-0.6784340143203735,-0.7602683305740356,0.7410281896591187,0.4468783140182495,-0.2336687594652176,0.2003991454839706,0.4540141224861145,-0.1062330156564712,0.2083266228437423,-0.2769695520401001,-0.3360543847084045,0.3228040635585785,0.4577924609184265,-0.0467718914151191,0.0027676047757267,-0.4149630069732666,-0.6250078082084656,0.5216419696807861,0.1651156842708587,-0.0309191048145294,-0.805808424949646,-0.0320819281041622,0.5924155712127686,0.8439977765083313,0.392516553401947,0.6698557138442993,0.2775563299655914,-0.3474680781364441,0.5768970847129822,0.5228627920150757,0.4868215918540954,0.03578532487154,0.1690186113119125,-0.3014212846755981,0.4699837863445282,0.2595841586589813,-0.1956651657819748,-0.0530209802091121,0.3263609707355499,0.386536180973053,-0.4391086101531982,-0.0086375335231423,0.6735122799873352,-0.0543981790542602,0.3627974390983581,0.5088064670562744,0.8520067930221558,0.0919913947582244,-0.1247157827019691,-0.4458746612071991,0.0389481149613857,-0.4721504747867584,-0.0464070290327072,0.249437928199768,0.643545925617218,0.1800780594348907,-0.3934841752052307,-0.4670685529708862,-0.3885264992713928,-0.4552167654037475,0.2360793203115463,-0.3041359484195709,-0.5053081512451172,0.1081565469503402,-0.348840981721878,-0.2525558173656463,0.0502934604883194,0.2953578531742096,0.4809640049934387,-0.4886140525341034,-0.2775174379348755,0.1847987622022628,-0.1730887740850448,-0.0953997746109962,0.1686501502990722,0.0675341263413429,-0.2792035639286041,-0.0033767158165574,-0.3075100779533386,-0.4163493812084198,-0.1236598715186119,-0.1286482959985733,-0.7282843589782715,0.3613770008087158,-0.0337164178490638,0.3184811174869537,-0.1117653399705886,0.212363600730896,-0.0579021796584129,-0.0061240564100444,-0.6834000945091248,0.2511175572872162,-0.5140464901924133,0.5098023414611816,0.2025010138750076,0.3701967298984527,0.0270219277590513,0.229741096496582,-0.0173004437237977,0.2236130237579345,-0.5740880370140076,0.1039561480283737,-0.3941324353218078,-0.1114313974976539,0.5262124538421631,-0.6533365249633789,0.3769093751907348,0.1186664551496505,-0.5494594573974609,0.7205423712730408,-0.3262954652309418,0.0280928704887628,-0.1272196620702743,0.3666795194149017,-0.4741651117801666,0.1335203051567077,0.5624035000801086,0.8154804110527039,-0.3181961178779602,0.4573160111904144,0.200192391872406,-0.1783058047294616,0.5119811296463013,-0.3314288854598999,0.0466658994555473,0.0006661119987256,0.090524286031723,0.4370368123054504,0.1267444938421249,0.4231581687927246,0.2319242507219314,-0.0515421032905578,0.2109686881303787,0.1311448812484741,0.0346457287669181,0.2261936366558075,-0.4267447888851166,-0.0513709113001823,-0.0142823681235313,-0.1931653022766113,0.101279892027378,-0.0532419122755527,0.6217305064201355,0.2308204621076584,0.3738999664783478,-0.3550546169281006,-0.5417635440826416,-0.3832451999187469,-0.9607998132705688,0.1315565109252929,-0.0790663212537765,-0.0163276195526123,0.6908462643623352,0.0588578544557094,-0.7221126556396484,0.2358367294073104,0.0272128488868474,0.2919761836528778,0.4030832052230835,-0.2154425978660583,0.0709559470415115,0.3989721238613128,-0.1261267066001892,0.1628637611865997,0.0112107601016759,-0.0319076515734195,-0.1294136494398117,-0.7251904010772705,-0.0746306777000427,0.0096906684339046,-0.1382598876953125,0.0486339218914508,-0.048696331679821,0.5179319381713867,-0.3248773217201233,-0.4770655930042267,-0.2669460475444793,-0.0978841260075569,-0.1597490012645721,-0.5272042155265808,-0.0882906317710876,-0.2667059898376465,-0.0370777919888496,0.5537228584289551,0.1262123137712478,-0.1799259036779403,0.3518047928810119,0.8112396001815796,0.3290017247200012,-0.2761339545249939,-0.1773284524679184,0.0283513944596052,-0.0239449124783277,0.0181579496711492,0.3367016911506653,0.1055769845843315,-0.0592071339488029,-0.0249660667032003,-0.641791820526123,-0.3773595988750458,-0.0498495139181613,-1.006864070892334,0.7867650985717773,0.1421998292207718,0.3271629512310028,-0.591947615146637,-0.4256160855293274,-0.0556285195052623,-0.0950140357017517,0.0657174363732338,0.3921764194965362,0.2685150504112243,-0.4433587193489074,-0.1544989049434662,-0.6509629487991333,-0.7227164506912231,0.2660917639732361,0.5065808892250061,-0.4473633766174316,0.0718003883957862,0.3014001250267029,0.0906874164938926,-0.0854358300566673,-0.1149730756878852,-0.2023268938064575,-0.3828028440475464,0.3161835670471191,0.3471236228942871,0.2675949037075043,0.391975075006485,0.011751047335565,0.3493061065673828,0.4068383276462555,0.6521065831184387,0.6776092648506165,0.2067282646894455,-0.295980304479599,-0.0338719859719276,-0.3017910420894623,0.2979480922222137,0.3519406914710998,-0.0679865255951881,-0.816438615322113,0.1296375095844268,0.359595239162445,-0.4224462807178497,0.3534362316131592,0.415180891752243,0.4235478043556213,0.595414936542511,-0.382038801908493,-0.0782274976372718,-0.7612597346305847,0.175590232014656,0.1187469810247421,0.0028290546033531,-0.3044798672199249,0.0316141918301582,0.091457150876522,-0.4568507373332977,-0.2213291525840759,0.2107302099466323,0.2459942996501922,0.1576231718063354,0.3493745923042297,-0.4129485785961151,0.5970923900604248,0.4303675591945648,-0.268079549074173,-0.2922296822071075,-0.1487938165664672,0.2311183363199234,0.4304578602313995,0.1590847969055175,0.357093870639801,-0.3773427903652191,-0.8445432782173157,-0.0218009445816278,-0.0130999134853482,0.265737384557724,0.7062705755233765,-0.81659996509552,-0.0497601069509983,0.5133703947067261,0.8080490827560425,-0.0522131584584713,-0.2979108095169067,-0.5252598524093628,-0.1884275376796722,-0.1352876871824264,-0.3311863839626312,0.3624251782894134,0.0446477718651294,0.5876405239105225,-0.0318144932389259,-0.116054967045784,-0.1953674256801605,0.8123372793197632,0.4073009192943573,0.0067221829667687,0.2081695050001144,0.0349424257874488,-0.4434836208820343,-0.0718753933906555,0.2721533179283142,-0.3703674674034118,-0.1548699587583542,0.1745146065950393,-0.3938381969928741,-0.1147098317742347,-0.1866552680730819,-0.0502172261476516,0.3511002361774444,-0.1540873050689697,-0.4240161776542663,-0.3418281078338623,-0.053463727235794,0.3640183210372925,-0.8195244669914246,-0.1772152483463287,-0.2284370958805084,0.1855793297290802,0.042220301926136,-0.1656990796327591,-0.4804145395755768,-0.5628264546394348,-0.4529979526996612,0.1406483501195907,0.1401218175888061,-0.481932133436203,0.4718159139156341,0.1960797160863876,-0.1483888775110244,-1.191425085067749,0.4968118071556091,0.1027939319610595,0.7110983729362488,-0.2558439373970032,0.3216203451156616,-0.0103126298636198,0.1246227771043777,-0.1625712811946869,-0.4507423043251037,0.666210949420929,-10.44359302520752,-0.3572226464748382,-0.5081060528755188,-0.1702241748571396,-0.3904321789741516,0.4770566523075104,0.1895525455474853,0.4223089218139648,-0.0044883918017148,-0.0646698474884033,0.0686290264129638,0.1073669865727424,0.1401628106832504,0.1497767865657806,-0.220811665058136,-0.0743995681405067,-0.373730331659317,-0.2494992762804031,-0.6559740900993347,-0.0684830918908119,0.1967051476240158,-0.3565899133682251,0.2966203391551971,0.3354876935482025,0.1996874958276748,0.070408284664154,0.3587600886821747,0.0580973513424396,-0.3103875517845154,0.5274375081062317,-0.0937580168247222,0.2019408792257309,-0.1024221777915954,0.2935628890991211,-0.5404207110404968,0.0252985451370477,0.0993592366576194,-0.016658442094922,-0.2296444326639175,0.5848070383071899,0.2089521139860153,0.4409377872943878,0.0392607785761356,-0.2712676525115967,0.3376539051532745,0.3442116677761078,0.2341883927583694,-0.0845958963036537,0.4305688440799713,0.0724609494209289,0.0871606618165969,-0.199142187833786,-0.1008294522762298,0.0345502868294715,0.1310538351535797,-0.035108808428049,0.3422837257385254,-0.8668643832206726,-0.1784586757421493,-0.097401238977909,0.231044664978981,0.0835519805550575,1.2275302410125732,0.3874486982822418,0.0501337796449661,0.2668848633766174,0.2135286778211593,0.0218898374587297,-0.4018953144550323,-0.30861297249794,0.4914284646511078,0.2120136320590973,-0.2327475100755691,0.1834315359592437,-0.0817566886544227,0.5747364163398743,0.3350679576396942,0.1577409952878952,0.2364269644021988,0.0189588703215122,0.5004974007606506,0.1825479567050933,0.0591266863048076,0.2704173028469085,-0.7462111711502075,0.0026831240393221,0.3723088800907135,0.1898520141839981,0.480819433927536,-0.5403976440429688,0.6073251366615295,-0.3687469661235809,-0.2229479849338531,0.4329991936683655,0.3822138607501983,0.0522193759679794,0.0458044558763504,0.1620650291442871,0.4006999433040619,-0.0565884411334991,1
0.4868707358837127,0.2079494297504425,0.4883789420127868,-0.550900399684906,0.4626130163669586,0.121281012892723,0.0912269577383995,-0.1813520938158035,-0.0467244423925876,-0.4795567691326141,0.6885204911231995,-0.3099619746208191,0.0151986768469214,0.0246261153370142,0.3350607752799988,-0.3567440807819366,0.2615514695644378,-0.224953681230545,0.0896363854408264,-0.4717234373092651,-0.6567620038986206,-0.1281601190567016,-0.201838806271553,0.1762697547674179,0.0885178595781326,0.0099206529557704,-0.4736396372318268,-0.0735934898257255,-0.0685933008790016,-0.2143206894397735,-0.605719268321991,-0.3406910598278045,0.286326915025711,0.3111657202243805,-0.1167178973555564,0.2430902570486068,0.1077812016010284,-0.098121665418148,0.2638300359249115,-0.3867271542549133,0.0454277284443378,-0.02167852781713,-0.2648947536945343,-0.0970964804291725,-0.2957008183002472,0.8406780362129211,0.2340423464775085,0.3421628773212433,0.7341201901435852,-0.2025543004274368,-0.4249922037124634,0.3469067811965942,0.1500661969184875,-0.0303254034370183,0.4063856303691864,-0.1771214455366134,0.2077113091945648,-0.5447958111763,-0.2614684998989105,0.3543164134025574,-0.5532571077346802,-0.2449434846639633,0.7746521830558777,-0.0899620279669761,-0.0516972951591014,-0.342397004365921,0.0441427901387214,-0.1556743681430816,0.0106326714158058,-0.8261442184448242,-0.6571635007858276,-0.0567122437059879,-0.1262668371200561,-0.2640563547611236,1.251482605934143,-0.1538983136415481,0.1740613132715225,0.3963647186756134,0.3224512338638305,-0.1065797880291938,0.0997388288378715,0.4761493802070617,0.0683448016643524,-0.7463029026985168,0.0736038610339164,0.3169881701469421,-0.1347614079713821,-0.5592920780181885,0.3807528018951416,-0.4066742956638336,-0.5342354774475098,0.6104951500892639,0.6117584705352783,0.2628654837608337,-0.0787698924541473,-0.0027540798764675,-0.000994143076241,-0.3117029666900635,-0.4542104303836822,0.0181202944368124,-0.053630881011486,-0.1093823760747909,0.200402483344078,0.4620646834373474,0.4107337892055511,0.0381456390023231,-0.3808303475379944,0.032655082643032,0.1720614731311798,0.0905015170574188,-0.2240355759859085,-0.4512054324150085,-0.4160735011100769,0.6146683096885681,-0.2297453731298446,-0.102816954255104,-0.1949191391468048,0.0440123341977596,-0.1912465393543243,0.6322449445724487,0.210728257894516,0.2032429426908493,0.2747454941272735,-0.2248293906450271,0.1163965910673141,0.6398226618766785,0.1713525354862213,-0.3835619390010834,-0.366873949766159,0.0832146629691124,-0.1861176490783691,0.2873241007328033,-0.0894091725349426,-0.2028216868638992,-0.5224685668945312,1.0417276620864868,-0.2008852958679199,-0.0539882369339466,-0.3321657180786133,-0.4509543478488922,-0.360283225774765,-0.0357839204370975,0.1271926760673523,-0.1759262084960937,0.1487833708524704,0.0932709723711013,-0.487331360578537,-0.4072125256061554,-0.079468660056591,-0.3014562726020813,-0.1201192215085029,1.0405274629592896,-0.8401033282279968,0.0393184460699558,-0.0702311769127845,-0.0206679720431566,-0.9087058305740356,0.0924965441226959,0.3321253657341003,0.2915297448635101,0.2183434814214706,-0.81412672996521,0.1714003682136535,0.6007859706878662,-0.2182059437036514,0.4350793361663818,0.0848536789417266,0.4531989991664886,0.082535520195961,0.6636136174201965,-0.1421514749526977,0.4049449265003204,0.1521109342575073,-0.2731350064277649,0.6085896492004395,0.3035077452659607,0.2097351849079132,0.0043528163805603,0.1939515471458435,-0.5537717938423157,-0.0350065790116786,0.0048167295753955,-0.3198368549346924,-0.5149656534194946,0.3396261930465698,-0.1161999925971031,0.1428730636835098,0.1778001189231872,-0.2779326736927032,0.1015555784106254,0.1639135777950287,-0.4183435440063476,0.4518981873989105,-0.0596767701208591,-0.2373472452163696,-0.7151142954826355,-0.3101483583450317,0.1565800756216049,-0.6126844882965088,0.6996737718582153,0.1960583925247192,0.0637141391634941,-0.2737035453319549,-0.5005072355270386,-0.6061068177223206,-0.3094664514064789,0.5522167682647705,-0.0065893726423382,0.2296792119741439,0.6124159097671509,-0.2390262931585312,0.2118097096681594,0.4045111835002899,0.2100452035665512,0.2675347626209259,0.2248073518276214,0.0018500502919778,-0.0633225962519645,0.3355198502540588,-0.7833343744277954,0.4635674655437469,-0.2890464067459106,0.4364186227321625,-0.1116339713335037,0.269094169139862,0.1870846450328827,-0.0080717513337731,-0.2900806963443756,-0.044090699404478,0.508892297744751,-0.5143128037452698,-0.3169381618499756,-0.9389352202415466,0.2775562703609466,-0.7697796821594238,0.1346524953842163,-0.0469939112663269,0.5006145238876343,-0.4950182139873504,0.5215675830841064,0.2497805804014206,-0.1121799573302269,0.2993261516094208,-0.2915922999382019,-0.0916415154933929,-0.0137067204341292,-0.0765860900282859,0.0293723177164793,-0.2950349748134613,0.3774317502975464,-0.5782741904258728,-0.4878269135951996,0.5255984663963318,-0.3891220986843109,0.6915884017944336,0.5459463596343994,0.3344857692718506,-0.1865251213312149,0.437023252248764,-0.4372636079788208,0.3625898659229278,-0.3918406665325165,-0.0733695477247238,-0.0378590486943721,-0.1140413433313369,0.1915168017148971,-0.0274605024605989,-0.6746289134025574,0.1513894498348236,-0.7363781332969666,0.5484305024147034,-0.4287079274654388,-0.1917788237333297,-0.1972842365503311,-0.211388275027275,0.1662224680185318,-0.2983362078666687,0.2068521827459335,-0.3026696145534515,0.2002725452184677,-0.7448209524154663,0.0799385607242584,-0.5306863784790039,-0.0227033384144306,-0.0928113162517547,-0.2776319682598114,-0.2214412093162536,0.066002644598484,-0.2130155563354492,0.4492154419422149,0.1799887716770172,-0.0885716453194618,-0.4200237393379211,0.0934969633817672,-0.3711792528629303,-0.1364453136920929,0.3391126692295074,0.4445263743400574,-0.2260433286428451,0.2087699770927429,-0.0311610177159309,0.4582980573177337,-0.1269419640302658,-0.0319482386112213,0.1574471294879913,-0.3849587440490722,-0.2987823784351349,-0.3764740526676178,0.3070196807384491,-0.328237384557724,-0.1249945014715194,0.7787013053894043,-0.354297012090683,0.0250440724194049,0.207493707537651,0.5394543409347534,-1.3197681903839111,0.0487489700317382,-0.018678119406104,-0.2795045971870422,-0.3830400109291076,0.6313517689704895,0.0210742410272359,0.0693660303950309,-0.3499996960163116,-0.4297904372215271,1.099228858947754,0.2384929358959198,-0.2421613186597824,-0.3423108160495758,0.4468829035758972,0.1891531646251678,-0.0084758773446083,-0.6150385141372681,-0.1383856832981109,0.3683922886848449,-0.1461763083934784,0.1832056939601898,0.2646670341491699,-0.2887140214443207,-0.1536682695150375,0.5394020676612854,-0.1372655034065246,0.577667236328125,-0.1409267336130142,-0.1161870956420898,0.0201383903622627,0.9951343536376952,1.1601394414901731,0.790808379650116,-0.2944014370441437,-0.0795457363128662,0.4861855804920196,0.5656149387359619,0.6665995717048645,-0.1730534732341766,0.0565650537610054,0.0295314732939004,0.4956611394882202,0.4778467118740082,-0.2280270904302597,0.1681633740663528,0.4915581047534942,0.8236240148544312,0.3244971036911011,0.1710482537746429,0.2501628398895263,0.3326368331909179,0.0866409242153167,0.3806838095188141,0.8059060573577881,0.298864334821701,-0.3805890381336212,-0.4380350708961487,-0.359504759311676,0.0047465036623179,-0.1668532788753509,-0.2002646476030349,-0.2723799347877502,-0.0804928988218307,-0.4306133091449737,0.0921047404408454,-0.0181933417916297,-0.4223751127719879,-0.2116104662418365,-0.673562228679657,-0.4095958769321441,-0.1947224289178848,0.079605795443058,-1.0541467666625977,0.4862031936645508,0.3770010769367218,0.42972132563591,-0.4699141383171081,-0.5458283424377441,0.1056305095553398,-0.3782083690166473,-0.0783784613013267,0.0083168447017669,0.3076265454292297,-0.1923711150884628,0.0385910719633102,-0.3073025345802307,-0.1761689931154251,-0.4490758180618286,-0.0604020878672599,-0.9064345955848694,-0.4911035895347595,0.0078222183510661,0.3159095346927643,-0.1263137608766555,0.1429377198219299,0.1221012249588966,0.5545070171356201,-0.3269628584384918,0.0004388684756122,-0.6396679282188416,0.4578623175621032,0.7329128384590149,-0.1588564366102218,0.4051835536956787,0.4882889688014984,0.1835133284330368,0.36062753200531,0.032995332032442,0.3531346619129181,-0.6653755307197571,-0.1120981946587562,0.7203813791275024,-0.260905772447586,0.2898926436901092,0.0110164107754826,-0.4164025485515594,0.2027633190155029,-0.4261585474014282,-0.2665686011314392,-0.2817472219467163,0.1154417023062706,-0.1803697943687439,-0.0221825372427701,0.3615373373031616,0.6952488422393799,-0.0921077653765678,0.5078432559967041,0.0901524722576141,-0.1617416441440582,0.6478137373924255,0.3509836196899414,-0.5201947689056396,0.164731964468956,-0.0546946860849857,0.3945431709289551,0.2971109747886657,0.2715695798397064,0.6533185839653015,0.4222796559333801,-0.1568081825971603,0.2983610332012176,0.2899158298969269,0.420342355966568,-0.2567653656005859,-0.5781151056289673,-0.0652232766151428,0.0114136701449751,-0.472823828458786,-0.2424145936965942,0.361390471458435,-0.0224036015570163,0.3369963467121124,-0.0070771384052932,-0.8400317430496216,-0.6168509721755981,-0.6446452140808105,-0.0474027879536151,-0.1570484042167663,-0.0025475255679339,0.8258790373802185,-0.0861581787467002,-0.7353359460830688,0.6563680768013,0.1821232885122299,0.2819777727127075,0.44384765625,-0.1382059603929519,-0.0779041498899459,0.3110784590244293,0.243604838848114,0.0747796297073364,0.4721215069293976,0.0263671297580003,-0.2087450921535492,-0.6663817763328552,0.4957854747772217,-0.0516476221382617,0.1760611683130264,-0.2939028739929199,0.530614972114563,0.0126364398747682,-0.6596765518188477,-0.631372332572937,-0.0175144113600254,-0.102907471358776,0.0185661539435386,0.0208101850003004,-0.1216693893074989,0.0761394500732421,0.3096867501735687,0.3455348312854767,0.7779531478881836,-0.3516948819160461,0.1715013235807418,0.6859332323074341,0.6577200293540955,-0.2240976244211197,-0.0760074034333229,-0.4059945046901703,-0.3623499274253845,-0.3564415276050567,0.269671082496643,-0.1866178810596466,-0.2471917569637298,-0.4588161706924438,-1.0668716430664062,-0.5941849946975708,0.0688545107841491,-0.6164239048957825,0.3201131224632263,0.2799863517284393,0.1850476115942001,-0.290233314037323,-0.1905516535043716,-0.4886767864227295,0.3714143335819244,-0.000700740434695,0.2670102715492248,0.0769363790750503,-0.4736100137233734,0.1334388107061386,-0.7450750470161438,-0.4259662926197052,0.8520615100860596,0.7533650994300842,-0.6253885626792908,-0.1405572742223739,0.4068232178688049,-0.4351517558097839,-0.5251708030700684,-0.3288036584854126,-0.0574375465512275,0.0308558363467454,-0.0577387623488903,-0.2683954536914825,0.2904980778694153,0.1612909436225891,0.2099916934967041,-0.0457261577248573,0.4514992833137512,0.3842048645019531,0.5719150900840759,0.108089730143547,-0.1362495273351669,0.0670223534107208,-0.5864270925521851,0.4911938905715942,0.2613664269447326,0.4047932922840118,-0.3859580457210541,0.209836721420288,0.8785381317138672,-0.5356251001358032,0.4175658226013183,0.5217072367668152,0.4872502982616424,0.505094051361084,-0.5262318253517151,-0.0125313699245452,-0.8846436142921448,0.0686695277690887,0.0464947000145912,0.017620800063014,0.4847925007343292,0.0637591779232025,-0.3195553719997406,-0.5455775856971741,-0.5255492925643921,0.3507944345474243,0.4249826371669769,0.4179239571094513,-0.0877870917320251,-0.0220574438571929,0.5461474061012268,0.3953705132007599,0.089684210717678,-0.4367555975914001,0.1704565286636352,0.2641899585723877,0.7814040184020996,-0.1995824724435806,0.5438302755355835,-0.7517011761665344,-1.190768122673035,0.2655358910560608,0.0868844389915466,0.0274184700101614,0.3622595369815826,-0.4814813435077667,0.0794841274619102,0.1429188996553421,0.3315563797950744,0.0180438328534364,-0.4928358495235443,-0.8237752914428711,-0.0786128267645835,0.0957009717822074,-0.5681291818618774,0.0364212617278099,0.0151638844981789,0.91337388753891,0.4651232063770294,-0.1341239809989929,-0.2419827580451965,1.049137830734253,0.1455228477716446,0.120935209095478,-0.1442812234163284,-0.0421544015407562,0.1299348920583725,0.2267729938030243,0.1315604895353317,-0.4520497918128967,-0.333946019411087,0.2573505938053131,-0.5299175381660461,0.061383381485939,-0.2560333609580993,0.0177683308720588,0.1509685218334198,-0.0113515425473451,-0.2675824463367462,-0.3721432983875274,-0.1486816704273224,-0.1724599599838256,-0.7157665491104126,0.2660408616065979,0.0126407612115144,-0.0204727593809366,-0.3715798556804657,-0.0151869971305131,-0.5965896844863892,-0.3341116607189178,0.0075120339170098,0.5591555833816528,-0.7135568857192993,-0.6283758878707886,0.5806432366371155,-0.2137820124626159,-0.2620254158973694,-0.7189838290214539,0.1424958854913711,0.0816798731684684,0.5325878262519836,-0.2107699066400528,0.2723670303821563,-0.3993126153945923,-0.0150620993226766,0.1067553237080574,-0.1090158149600029,0.5568524599075317,-10.187359809875488,0.1711428612470626,-0.4464468657970428,-1.1386390924453735,-0.0665484443306922,0.1588861644268036,0.4510736763477325,0.338424950838089,-0.2204774916172027,-0.0847415477037429,-0.0601294562220573,0.4050852954387665,0.3033035099506378,0.322946548461914,-0.9586413502693176,-0.1252761930227279,-0.3609889447689056,-0.2083401083946228,0.0664683803915977,-0.670790433883667,-0.2609117031097412,-0.4504331052303314,0.6067798733711243,0.637122392654419,0.035034779459238,-0.3592955470085144,-0.4894201159477234,0.231084331870079,0.0089098559692502,0.2508890628814697,-0.6307515501976013,0.652456521987915,0.1432319730520248,0.4516701102256775,0.086641140282154,-0.0974258258938789,-0.2713007032871246,0.6257935166358948,-0.3700024485588074,0.342485100030899,0.2646548449993133,0.3656089305877685,-0.3202582597732544,-0.0797861963510513,0.0659766569733619,0.0707174837589263,0.5855342149734497,0.2202647626399994,0.6852136254310608,0.0700863301753997,-0.1763507574796676,0.2850565612316131,-0.2577462792396545,0.0563963055610656,-0.0028930585831403,0.073710024356842,0.8301398158073425,-0.1715298146009445,-0.2740088701248169,0.1091502457857132,0.4211184680461883,-0.0583479963243007,0.4832911193370819,0.7381985187530518,0.2021373361349105,0.0653232485055923,0.4991310834884643,0.5631673336029053,-0.6763712763786316,-0.1979986131191253,0.2104098498821258,0.2619231641292572,-0.0863594114780426,0.3745808899402618,-0.316290020942688,0.5314692258834839,0.043662205338478,-0.1058293581008911,-0.0781411826610565,0.2980992496013641,0.8347527384757996,-0.4990279078483581,0.1110679805278778,0.3549347519874573,-1.2934144735336304,0.0375192873179912,-0.0784960836172103,0.2693603634834289,0.2120212465524673,-0.7358568906784058,0.4592650830745697,-0.5310732126235962,-0.60149747133255,0.306140661239624,0.4003915786743164,-0.3961745202541351,-0.1143051609396934,0.1391668319702148,0.390625387430191,-0.202238991856575,1
0.4871029257774353,0.3112438321113586,0.6418967247009277,-0.2556582987308502,-0.2658005058765411,0.4899188876152038,0.4236130118370056,-0.1525091677904129,-0.7580079436302185,0.052619319409132,0.8789860010147095,0.0158182885497808,-0.6489512920379639,0.0048701292835175,0.1287331283092498,-0.0917625278234481,0.1066539287567138,-0.2342146933078766,-0.0232696756720542,-0.0129869543015956,-0.5899919271469116,-0.212751880288124,-0.2258172929286956,0.6775805354118347,0.0299185868352651,-0.1018071621656417,-0.2578838169574737,0.5048170685768127,0.1958919912576675,0.0571742504835128,0.1502678394317627,-0.0304121486842632,-0.1197897568345069,-0.1161973476409912,-0.4109673202037811,0.2948071956634521,-0.0572437159717083,0.05080571398139,0.3518440723419189,0.1749065667390823,-0.0335266627371311,-0.2326549142599105,-0.539196789264679,-0.1533224135637283,-0.1208617314696312,0.2532053589820862,-0.3155933320522308,0.1978977024555206,0.0416663512587547,0.3158732950687408,-0.4199742972850799,0.2476316392421722,0.5251737236976624,0.2763620615005493,0.0860089436173439,-0.1845084130764007,0.8094395995140076,-0.750835657119751,-0.0073943524621427,0.6532958149909973,-1.1295076608657837,0.2262719869613647,-0.2964073419570923,-0.045218925923109,-0.0816813260316848,-0.1675745993852615,-0.0904666557908058,-0.1344543546438217,0.622959554195404,-0.6758260130882263,0.1665610820055008,-0.3049917817115783,-0.4265114963054657,-0.4626910984516144,0.1613782197237014,-0.4636359214782715,0.0219851434230804,0.547964334487915,0.9302532076835632,0.3348749876022339,-0.5613253116607666,0.3776678740978241,-0.0695181712508201,-0.7276908755302429,-0.4357565343379974,-0.0048336805775761,-0.9616498947143556,-0.6335716843605042,0.6302002668380737,-0.2444955855607986,-0.3732101023197174,-0.7225612998008728,0.2581343352794647,0.1187081038951873,0.7053924202919006,-0.0253477916121482,-0.2438835054636001,0.027056761085987,-0.0336368195712566,0.2745828628540039,-0.7686008810997009,0.3541084825992584,0.7190836071968079,-0.0718512162566185,-0.2065120786428451,-0.0018187621608376,-0.1872269362211227,0.397638738155365,0.4309074580669403,0.5468270778656006,0.2219927012920379,-0.8018908500671387,-0.9759647250175476,-0.4734072685241699,0.2083161324262619,-0.0377684906125068,-0.1185806989669799,0.2885502278804779,-0.1798402369022369,0.6878290772438049,0.1897077858448028,0.6301215887069702,-0.2091690599918365,-0.722944438457489,-0.3673590719699859,0.4424038529396057,0.3752502202987671,-0.1676991283893585,-0.4459718763828277,-0.4431300461292267,-0.7770759463310242,-0.0673386603593826,-0.3171449303627014,-0.4294436872005462,-0.5217902660369873,0.8094475269317627,-0.2512924969196319,0.1075090393424034,-0.4025917053222656,-0.4018430411815643,-0.466763973236084,0.2779311835765838,0.0454577282071113,-0.654930830001831,-0.044775117188692,0.0182618666440248,-0.1461863368749618,-0.3534509539604187,0.3655516505241394,0.4585763216018677,0.038303080946207,1.1507761478424072,-0.7051618695259094,0.5010988116264343,0.1114377006888389,-0.1240318939089775,-0.637571394443512,-0.1164587289094924,0.103160485625267,0.0029246993362903,0.27631476521492,0.0490697436034679,0.3067949712276459,1.1473218202590942,0.2200698107481002,0.1146855354309082,-0.054234005510807,0.0093141850084066,0.2357895672321319,0.7931244969367981,0.9288544058799744,0.2657651007175445,0.7831446528434753,-0.5178368091583252,0.1429086625576019,0.3797582685947418,0.5708256363868713,0.0189598482102155,-0.2144011408090591,-0.2801067531108856,-0.052637368440628,-0.3254095315933227,0.2340656816959381,-0.5054588317871094,0.6047118902206421,0.2007045149803161,0.4485276341438293,-0.1534082591533661,-0.1056542620062828,-0.0211676489561796,0.0489759519696235,-0.536264181137085,0.2355049401521682,-0.5773724913597107,-0.3042028844356537,-0.2597787976264953,0.4161090850830078,0.4371704757213592,-0.1982328742742538,0.2009575814008712,0.11663219332695,-0.2995975613594055,-0.015353363007307,-0.852346658706665,-0.2523526549339294,-0.2512937188148498,0.0604821182787418,0.4706586599349975,0.1505519896745681,0.0846910700201988,-0.1784964650869369,-0.3232850730419159,-0.0210635960102081,-0.1855963766574859,0.6927430033683777,-0.6860296130180359,-0.752128541469574,-0.6004267334938049,-0.1781690865755081,0.176661878824234,0.5300585627555847,-0.294614315032959,0.0418475419282913,-0.3430668413639068,0.3032206296920776,0.3980767428874969,0.5035474300384521,-0.1453271657228469,-0.6162866353988647,0.1141750663518905,-0.4648641645908355,-0.6513643860816956,-0.5748369693756104,0.1390192955732345,-0.6865306496620178,-0.7188555002212524,-0.0162003524601459,0.2561909258365631,-0.1578685045242309,-0.0249113645404577,0.558117687702179,-0.4452366828918457,0.5371310710906982,-0.4229345023632049,-0.5338836908340454,0.3808674216270447,-0.4377933442592621,-0.0793895795941352,0.1639578640460968,-0.1228517219424247,-0.7344483137130737,-0.1510647386312484,0.0286140590906143,-0.0342519618570804,0.9116819500923156,0.6522166728973389,0.904354214668274,-0.3602615892887115,0.2949974238872528,-0.7336243987083435,-0.237593725323677,-0.5255631804466248,-0.2727871239185333,-0.0693399533629417,0.1877327859401703,-0.1907364726066589,-0.4590455889701843,-1.075838327407837,-1.0332036018371582,-0.4220397174358368,0.0344428680837154,-0.0979672968387603,-0.153228685259819,-0.2957656383514404,0.1623664200305938,0.5445863604545593,-0.5729798674583435,0.6523600816726685,-0.3408239483833313,0.9851572513580322,-0.481229156255722,0.4011480510234833,-0.7459119558334351,-0.2729512453079223,-0.0208285823464393,0.5046341419219971,-0.7048631310462952,-0.5099693536758423,-0.4516530632972717,0.5084946155548096,0.7076864242553711,-0.7811751365661621,0.0191884879022836,0.0766404271125793,-0.6479899883270264,0.3435512781143188,0.2791961431503296,-0.1827924847602844,0.1731383949518203,-0.0243612807244062,0.4026594758033752,-0.416874498128891,0.4068607985973358,-0.0795387327671051,0.0487347170710563,-0.3546027541160583,0.0398236811161041,0.3165858387947082,0.3399744033813476,-0.307458758354187,0.6749665141105652,0.4790500402450561,-0.4889535009860992,-0.0736426562070846,0.6046435236930847,0.4842948019504547,-1.687179446220398,0.1725722998380661,0.48698890209198,0.076337456703186,-0.4583398401737213,0.384485512971878,0.5825582146644592,0.5674645900726318,0.1395272761583328,-0.892349123954773,1.3817840814590454,0.1117706894874572,-0.5031810998916626,0.1963310539722442,0.2763651907444,-0.1240781471133232,0.0228829495608806,-0.6274163126945496,0.0666640177369117,0.5147969126701355,-0.1712956130504608,-0.0622882097959518,0.101601094007492,-0.3973147273063659,-0.0347880385816097,0.6591439843177795,-0.7945539951324463,-0.3309025764465332,-0.6230839490890503,-0.147895947098732,0.3651831746101379,1.676709771156311,0.1523522585630417,0.5257534980773926,-0.7202920317649841,-0.23840993642807,-0.4747266769409179,-0.0877086222171783,0.0577413626015186,-0.495049238204956,0.0359099134802818,-0.4449571967124939,0.2496489584445953,0.2661591172218323,0.1785660535097122,-0.12789286673069,0.2914387881755829,0.2759785652160644,-0.0963191762566566,-0.0027752553578466,0.6358041167259216,-0.079516053199768,0.3349685668945312,0.1781617254018783,0.7129798531532288,0.8594394326210022,0.129124030470848,-0.1741911768913269,0.2292324006557464,-0.9371184706687928,0.4224268198013305,0.5195561647415161,-0.388682097196579,0.4205546677112579,0.080777458846569,-0.0475782640278339,-0.0432050041854381,-0.5159657597541809,0.4319249391555786,-0.5302548408508301,-0.6946197748184204,-0.2556244134902954,0.3964457213878631,-0.0218339581042528,0.7941288948059082,0.6027892231941223,0.5558668375015259,-0.5528475046157837,-0.4494167864322662,0.4720392525196075,-0.0278069116175174,0.6454340219497681,-0.3102744221687317,0.4741364419460296,-0.1930988579988479,-0.0816230103373527,-0.3306300044059753,-1.1016929149627686,-1.1328061819076538,-0.3527359664440155,-0.8437162041664124,0.0883318409323692,0.0166179332882165,0.5260935425758362,-0.3568281829357147,0.3089243471622467,0.4339423179626465,0.0885413289070129,-0.1924438327550888,-0.8673501014709473,0.0152217717841267,0.0992809236049652,0.1531584709882736,0.1446982324123382,0.3812558352947235,0.4379046559333801,-0.2328591793775558,-0.5454654097557068,0.3187895715236664,0.2324008196592331,-0.2125420719385147,-0.7398461103439331,0.2901666462421417,-0.1754992604255676,-0.2768450379371643,-0.0700312927365303,0.2613284289836883,1.2252193689346311,-0.0009075250709429,-0.6644392013549805,-0.0606603696942329,0.2543105483055115,-0.1092960909008979,1.0831310749053955,0.547250509262085,0.4560775756835937,-0.2520927488803863,0.0764947459101677,-0.258932501077652,-0.1018154695630073,0.045557901263237,-0.1341677755117416,0.6166885495185852,0.1234696507453918,0.3937031030654907,1.0730894804000854,-0.0708035752177238,0.4182968139648437,0.1894800961017608,0.5416486859321594,-0.5783624053001404,0.4311995208263397,-0.6220143437385559,-0.3889636695384979,-0.4045604765415191,0.273272305727005,-0.6448376774787903,-0.4883438646793365,0.0748318880796432,-0.0559296607971191,0.3655585944652557,0.0947508066892623,0.3347433507442474,-0.4867055118083954,-0.7516680955886841,-0.6947751045227051,-0.8651110529899597,-0.1331499963998794,-0.7601132988929749,-0.0770404860377311,1.1819701194763184,0.1875740587711334,-0.6374523043632507,-0.2221080660820007,-0.2064822614192962,0.4502861499786377,0.0212032590061426,-0.0214349161833524,-0.4263295829296112,0.4196648895740509,-0.5261693000793457,-0.061623927205801,0.219854399561882,0.0290658865123987,-0.4521681368350982,-0.7936022877693176,-0.7372019290924072,0.0023609229829162,0.2143869698047638,-0.5866208672523499,0.4461150467395782,0.2373750954866409,-0.4823496043682098,0.2236660420894622,0.1765279769897461,-0.4172260761260986,-0.1361928582191467,-0.5139825344085693,-0.1692083179950714,-0.2422839701175689,0.0809249952435493,0.0438421554863452,0.5074209570884705,-0.4115377962589264,-0.2900601923465729,0.9956235885620116,0.0885742232203483,0.0695859119296073,0.5985785722732544,0.030906518921256,-0.5308222770690918,-0.0320099927484989,0.552023708820343,0.5252487063407898,0.5485820770263672,0.18540720641613,-0.7003619074821472,-0.5911814570426941,-0.0854389667510986,-0.7716334462165833,0.6794939637184143,0.1723127216100692,0.822359025478363,-0.8295876383781433,0.2449977248907089,-0.0635278820991516,0.4558557868003845,-0.147618755698204,0.5592444539070129,0.3894344270229339,-1.012048602104187,-0.7715059518814087,-0.3534023463726043,-0.4530357122421264,0.5879379510879517,0.5101774334907532,-0.6036399006843567,0.1739322692155838,0.7949813604354858,0.3542305529117584,-0.6280215978622437,-0.0455308780074119,-0.4542135298252105,0.0779537260532379,0.8994118571281433,0.025979246944189,0.364872545003891,0.6617834568023682,-0.8723545670509338,0.4205503463745117,0.0646677836775779,0.7142137885093689,0.1112603694200515,-0.01350640039891,-0.3336399495601654,0.1852497458457946,-0.9368104338645936,-0.4135599732398987,0.2353415787220001,0.0102262273430824,-0.4041323959827423,0.5863099098205566,0.687199056148529,-0.4467338919639587,-0.171096384525299,1.1963224411010742,0.6934413909912109,1.1727560758590698,0.0693421214818954,0.2632206082344055,-0.6312238574028015,0.5046777725219727,0.0999296307563781,0.1138162463903427,-0.4361141920089721,-0.0496457181870937,-0.0317858234047889,-0.5102942585945129,0.284287542104721,0.3047030568122864,-0.004713037982583,0.1997137814760208,-0.2329429686069488,-0.0444165877997875,1.1387462615966797,0.1279442459344864,0.0908200591802597,-0.1361284703016281,-0.083695076406002,0.7815958857536316,0.387852668762207,0.1136531084775924,0.2873326241970062,0.0116083063185215,-0.5783442258834839,0.1750727593898773,-0.3806222975254059,0.4018998146057129,0.5458876490592957,-0.6939646601676941,-0.8114388585090637,0.598314642906189,0.5786677598953247,0.2320148348808288,-0.0150028467178344,-0.6393182277679443,-0.1019391268491745,-0.0547196604311466,0.20533187687397,-0.0808889269828796,0.2012906223535537,0.2769282460212707,-0.1144013479351997,-0.4044199287891388,0.2067251056432724,0.3964733779430389,-0.0710416734218597,-0.6280693411827087,-0.1215648129582405,-0.1576318144798278,0.3057627081871032,0.1288700848817825,0.3105970919132232,0.0048235789872705,-0.2383773326873779,0.4694837927818298,-0.185609757900238,-0.3795554339885711,-0.2565902173519134,0.8335814476013184,0.2388144731521606,-0.005740042310208,0.2247727811336517,-0.4345863163471222,-0.0482878759503364,0.1456689685583114,-0.7986185550689697,-0.0886615663766861,0.3918721079826355,-0.3647620379924774,-0.286167711019516,0.3897396922111511,-0.6758683323860168,0.2997846305370331,0.1210987418889999,0.5831829905509949,-0.6072447896003723,-0.4771528244018554,0.4599668383598327,-0.0151549009606242,-0.2357513904571533,-1.4835104942321775,0.5753331184387207,0.1726105362176895,0.3982391953468323,0.0732976347208023,0.3291622996330261,0.2275152057409286,-0.297334611415863,0.3334373235702514,-0.3543940782546997,0.2686825692653656,-9.623371124267578,-0.3366906344890594,-0.2500040829181671,-0.3443638682365417,-0.3097512722015381,-0.1928163766860962,1.178856372833252,0.7910993099212646,-0.3517414033412933,0.1092985719442367,-0.5064831972122192,-0.5399105548858643,0.4728935062885284,-0.1594906747341156,0.0034422050230205,0.3760254681110382,-0.8666298389434814,-0.5093941688537598,-0.5065591931343079,0.2625578045845032,-0.1960121095180511,-0.0777080804109573,0.8864417672157288,0.0880405902862548,0.027871211990714,0.2879453897476196,0.4378581345081329,0.146378219127655,-0.0659997090697288,0.7545938491821289,-0.5527205467224121,0.4259957373142242,-0.0724203586578369,0.5263580679893494,-0.3624927699565887,0.1432782262563705,0.1114511638879776,-0.0039803097024559,-0.9822444915771484,0.7614712119102478,0.478391170501709,0.6143478155136108,0.1772196888923645,0.3317575454711914,-0.1949498057365417,-0.4198912978172302,-0.0906330421566963,0.2136856019496917,0.2229172438383102,-0.0746719539165496,0.0072870454750955,-0.5786659717559814,0.4518012106418609,-0.3779958188533783,0.45679771900177,-0.2503117322921753,0.6148054003715515,-0.480902761220932,0.6734774708747864,-0.0168807562440633,-0.0396499373018741,0.4694781899452209,0.6351075172424316,0.2969510555267334,-0.8252557516098022,0.5729717016220093,-0.2366446405649185,-0.1976436823606491,-0.6048322916030884,-0.4438560903072357,0.9195287227630616,-0.0117217293009161,0.3220738172531128,0.0544641278684139,0.4767098724842071,0.3851261436939239,-0.0530833415687084,0.2269264161586761,0.4393853843212127,0.1783817261457443,0.8094233870506287,-0.4462828040122986,-0.0675133988261222,0.1706312596797943,-0.7234871983528137,0.0018726208945736,0.520968496799469,-0.2995092868804931,0.1369046121835708,-0.6005504131317139,1.1353840827941897,0.5056543350219727,-0.8691042065620422,-0.042039431631565,0.3116087317466736,-0.0870124399662017,-0.0416175536811351,0.2896248400211334,0.3131852149963379,-0.1629267632961273,1
0.5296596884727478,0.2130906283855438,0.4559382796287536,-0.3788235783576965,0.0963736400008201,0.229296863079071,0.2386744916439056,0.2548413276672363,-0.0763473808765411,-0.5995948910713196,0.3987560868263244,-0.4263967275619507,0.4475667774677276,-0.2476707696914672,0.6969519257545471,-0.0656861960887909,0.0709809884428978,-0.1644545197486877,-0.0108748702332377,-0.3702743947505951,-0.7576481103897095,-0.413432627916336,0.3180697858333587,0.3614082336425781,0.053830225020647,-0.3144461810588836,0.024836154654622,0.22332763671875,-0.1629917174577713,0.0653100684285163,-0.163625493645668,-0.366718590259552,-0.2875009775161743,-0.143985703587532,-0.1412046998739242,0.7164433598518372,0.0447980128228664,-0.334321528673172,-0.048272281885147,-0.4448588788509369,0.2024504095315933,-0.0392537266016006,-0.0778143554925918,-0.4906745254993438,-0.4244580864906311,0.3569748103618622,0.1421144604682922,0.4508043527603149,0.3910716772079468,0.065802477300167,-0.2395339757204055,0.3987994194030761,0.2064034640789032,0.0377097837626934,0.5504782795906067,-0.1333968788385391,0.3774928748607635,-0.541711688041687,-0.0768055692315101,0.2613519728183746,-0.3717130422592163,-0.2485538125038147,0.521899402141571,-0.136066272854805,0.0811342075467109,0.026225758716464,-0.2150810807943344,-0.1482564061880111,0.0450063794851303,-0.7747994661331177,-0.2178253978490829,0.2925040125846863,0.3747594952583313,-0.3835846185684204,0.6918500065803528,-0.3065555095672607,0.2237822115421295,0.1153149232268333,0.2371601611375808,-0.2251027226448059,-0.3462476432323456,0.2766848802566528,0.2552945911884308,-0.7245570421218872,0.0226185377687215,0.0493616014719009,-0.4940282702445984,-0.9880563616752625,0.452703058719635,-0.3511286675930023,-0.0228992886841297,0.0741178765892982,0.2153235077857971,0.2377034276723861,0.0652189552783966,0.1718862056732177,0.1264184862375259,-0.2441621720790863,-0.2346249967813491,0.2505479454994201,0.0868691354990005,0.4093315303325653,0.32750204205513,-0.1709804832935333,-0.2634230852127075,0.0760699585080146,-0.1548914760351181,0.2174850106239318,0.2510367929935455,0.0809057801961898,-0.3745799660682678,-0.2978120148181915,-0.4654948711395263,0.2725546658039093,-0.0209189262241125,0.1435899883508682,-0.198187306523323,0.3388965129852295,-0.4349301159381866,0.6078699827194214,-0.2538466453552246,0.7915907502174377,-0.0356875881552696,0.3047783374786377,0.2150291949510574,0.5052955746650696,0.0175789315253496,-0.0272460542619228,-0.1284803003072738,-0.2572053372859955,0.0357783772051334,-0.0579200908541679,-0.6814077496528625,0.0921545028686523,-0.2537298202514648,0.9225340485572816,-0.0114336526021361,-0.0479016825556755,-0.136097177863121,-0.4668779373168945,-0.1524674445390701,-0.1324257403612136,0.2752945125102997,-0.4046907126903534,-0.1197020336985588,0.1626258939504623,-0.2094656676054,-0.4744023382663727,0.4888186752796173,0.3426395952701568,-0.391703337430954,0.8269580006599426,-0.7304170727729797,0.0575210861861705,-0.0262061338871717,0.3646568357944488,-0.7473659515380859,0.1510887295007705,0.0498598143458366,0.5594866871833801,0.0929848328232765,-0.4336896538734436,0.1997489929199218,0.3209051787853241,0.1022119894623756,0.4263670146465301,0.4947990477085113,0.234954759478569,0.1953546553850174,0.4709454476833343,0.0561673045158386,0.4962971210479736,0.0458567067980766,-0.2137681096792221,0.4985187947750091,0.2918106913566589,0.1293936520814895,0.2646268904209137,0.0680747330188751,-0.5479270219802856,-0.0365224033594131,-0.1630211323499679,-0.0103595312684774,-0.1495637893676757,0.4607514441013336,-0.16131691634655,-0.0502539128065109,0.1145083829760551,-0.2079464346170425,0.1704038232564926,0.0367571040987968,-0.262583464384079,0.3753058016300201,-0.6912090182304382,0.0999286249279975,-0.3194076120853424,-0.3274402320384979,-0.3803856372833252,-0.302856832742691,0.3924706578254699,0.0625739246606826,-0.0227741338312625,-0.1504396349191665,-0.1841774731874466,-0.8772600889205933,-0.3443240523338318,0.072902612388134,0.655198872089386,0.360122412443161,0.2266106456518173,0.0718065351247787,0.2478867173194885,0.4675061106681824,0.0748334527015686,0.1430813670158386,-0.0019422065233811,-0.2316767424345016,-0.1867131143808365,0.1263024359941482,-0.1210856661200523,0.4201357662677765,-0.0982303693890571,0.3487502336502075,-0.0542345009744167,-0.406590849161148,0.2436564266681671,0.0867293998599052,-0.3940061628818512,0.0503381453454494,0.7268115282058716,-0.2607754468917846,-0.6348714232444763,-0.4985277056694031,-0.0947990268468856,-0.6508302092552185,0.0662958398461341,-0.268383651971817,0.2855084538459778,-0.349700003862381,0.112674169242382,-0.1744929105043411,-0.4754193425178528,-0.1815786063671112,-0.2118682861328125,0.0328344888985157,0.1429506987333297,-0.0228110589087009,-0.1918207108974456,-0.51520836353302,-0.035258699208498,-0.3487142920494079,-0.4789979457855224,-0.0031026471406221,-0.5512425303459167,0.4469566941261291,0.2267684787511825,0.519576370716095,-0.0401957146823406,0.2230084687471389,-0.021178001537919,-0.0647084936499595,-0.8502422571182251,-0.1223883181810379,-0.082101322710514,-0.5005362629890442,-0.0289797261357307,0.0161732789129018,-0.4629672467708587,-0.3051377236843109,-0.4279847145080566,-0.0537696257233619,-0.4275308847427368,-0.4585559368133545,0.0507671535015106,-0.0609349831938743,0.121000550687313,-0.1441505849361419,0.4983959794044494,-0.4443674683570862,0.157625675201416,-0.6233783960342407,0.1977990418672561,-0.6939910650253296,-0.2582651376724243,0.0102615738287568,-0.2509933710098266,-0.385790079832077,0.1677277833223343,-0.4675479829311371,0.3769758343696594,0.3340494334697723,0.0589170567691326,-0.4295046031475067,-0.0234155897051095,-0.379841536283493,0.1281551122665405,0.2171487510204315,0.7272565960884094,0.2176287770271301,-0.0618875958025455,0.1726910173892974,0.4014920890331268,0.1911408603191375,0.1473643630743026,-0.1017887517809867,-0.2969529330730438,0.0840102732181549,0.055018100887537,0.6373216509819031,0.1061175316572189,-0.0175985414534807,1.0461182594299316,-0.3499410450458526,0.2470925748348236,0.49268639087677,0.2864406108856201,-1.7427469491958618,0.0124134626239538,-0.1290074437856674,0.0475340001285076,-0.2400045990943908,0.28074511885643,-0.0035546065773814,0.137170597910881,-0.459278792142868,-0.5403351783752441,0.9039117693901062,0.2878541350364685,-0.0093382988125085,-0.5122708082199097,0.3493413031101227,-0.2350283712148666,0.0298427008092403,-0.4780119359493255,0.2126775383949279,0.4782304167747497,-0.4107668399810791,0.0539882034063339,-0.1659918874502182,-0.537499725818634,-0.083966925740242,0.1677630394697189,0.1615692526102066,0.247225672006607,-0.5302152037620544,0.1380523741245269,0.3138780891895294,0.4008596837520599,0.7858495712280273,0.3039855659008026,-0.0616408102214336,0.0577767044305801,0.4450687170028686,0.1350419074296951,0.4254122972488403,-0.2856252193450928,0.1758316755294799,-0.0475820116698741,0.8534377217292786,0.0125897396355867,0.0911166295409202,-0.0015497871208935,0.1213041767477989,0.2295670956373214,-0.081953153014183,0.3548986315727234,0.1464321017265319,0.0478751249611377,0.1907066702842712,0.5322242379188538,0.5807309746742249,0.1449556350708007,-0.2838995158672333,-0.3661825656890869,0.0364569164812564,-0.321286529302597,-0.6244051456451416,-0.3386206030845642,-0.3438629508018493,-0.1222211271524429,-0.4495676457881927,0.2929139733314514,-0.0296255443245172,-0.5183850526809692,0.0549229495227336,-0.3556650280952453,-0.4252268970012665,0.3321499228477478,-0.0532559305429458,-0.7333111763000488,0.5861435532569885,0.2217282354831695,0.2881442606449127,-0.5338570475578308,-0.6530799865722656,-0.0423921756446361,-0.2733902633190155,-0.3039427995681762,0.1676573008298874,-0.3308295905590057,-0.0540301539003849,0.3473367393016815,-0.0784889757633209,-0.0932381302118301,-0.3437794744968414,-0.2950970530509949,-0.7089868783950806,0.1887605041265487,-0.0504166632890701,0.3232135474681854,0.0219684243202209,0.2221865206956863,0.2203065305948257,0.0448722839355468,-0.2711859345436096,0.0839256197214126,-0.3249978721141815,0.5804333090782166,0.3907267451286316,0.1664255708456039,0.581920862197876,0.4442465603351593,0.2811322212219238,0.5245891809463501,0.0202089324593544,0.0134099787101149,-0.610522449016571,-0.3011751174926758,0.7100160717964172,-0.0379120931029319,0.2432178258895874,-0.107879638671875,-0.0181926805526018,0.6090810298919678,-0.0324829034507274,-0.5741919279098511,0.0005142665468156,0.0738754346966743,-0.1841550320386886,0.262513518333435,0.6575903296470642,0.8228428959846497,-0.0232491437345743,0.0209028869867324,-0.140678659081459,-0.1875307261943817,0.3151618540287018,-0.1306444257497787,-0.1179750114679336,-0.2945268750190735,0.0095409927889704,0.2994397580623626,0.6596575975418091,0.2006724327802658,0.6231606602668762,0.3094731569290161,-0.3437167704105377,0.2674251198768616,0.435273140668869,0.4795292615890503,-0.2945265173912048,-0.2899815738201141,-0.3539811670780182,0.0258303135633468,-0.3896693289279938,-0.0662572011351585,0.6731356978416443,-0.1594995409250259,0.1768974959850311,0.0076765068806707,-0.6110824346542358,-0.6220504641532898,-0.3782775104045868,0.1608152389526367,-0.0992601439356803,0.1433831602334976,0.2025719732046127,-0.0135760903358459,-0.4930251836776733,0.1857774257659912,0.0561464726924896,0.2988999783992767,0.5034912824630737,-0.1536019593477249,-0.0901676565408706,0.0035907886922359,0.0382498726248741,0.0676893964409828,-0.1810710877180099,0.0458883009850978,-0.2628243565559387,-0.4944120943546295,0.0162131208926439,0.1840128451585769,0.2542142868041992,-0.1465330421924591,0.6534149646759033,0.1324674189090728,-0.5132039189338684,-0.565060019493103,-0.237240582704544,-0.2221661806106567,-0.0452727153897285,-0.4980322420597076,-0.0901912376284599,0.0443757846951484,0.3667648136615753,0.0876772403717041,0.2802462577819824,-0.3576146960258484,0.0792291760444641,0.2387515604496002,0.6340348720550537,-0.1300701349973678,0.2300144582986831,-0.1985842436552047,0.0217490531504154,0.0881654992699623,0.0755990594625473,0.0594925098121166,-0.1432090848684311,-0.536220908164978,-0.6978509426116943,-0.3783296048641205,-0.1789586842060089,-1.0786592960357666,0.5394381880760193,0.1386258453130722,0.2410538047552108,-0.4676302969455719,-0.4629960358142853,-0.147763043642044,0.3010770082473755,-0.115580216050148,0.4248737096786499,-0.2177674025297165,-0.5781479477882385,-0.0497000403702259,0.1251947283744812,-0.6601473689079285,0.9405031204223632,0.2545405626296997,-0.4916508197784424,-0.3954956829547882,0.387395292520523,0.1958344131708145,-0.2218459993600845,0.1072808057069778,-0.1325920820236206,-0.5393648147583008,0.1550326347351074,-0.3469339609146118,0.3210111856460571,-0.1543601602315902,-3.526743239490315e-05,-0.1246603056788444,0.5851903557777405,0.3443279862403869,0.2443006783723831,0.0775589197874069,-0.2279006391763687,-0.2089708745479583,-0.2480691522359848,0.3257020711898803,0.1407943069934845,0.3850536048412323,-0.1766823679208755,0.3162503838539123,0.5831259489059448,-0.8466090559959412,0.0867414474487304,0.7604172825813293,0.4110320210456848,0.444315493106842,-0.1525647640228271,0.03209038823843,-0.8170374035835266,0.1355699896812439,0.1418216824531555,-0.0172215569764375,0.4570207893848419,-0.0356507040560245,-0.1375111788511276,-0.4097650349140167,-0.0168074183166027,0.4003950655460357,0.1728287488222122,0.0364892520010471,0.4355419874191284,-0.1556229144334793,0.5133227705955505,0.3383309543132782,-0.2615169286727905,-0.3602937161922455,0.0543467439711093,0.4090258181095123,0.7752847075462341,0.1817598491907119,0.3601688146591186,-0.7150218486785889,-0.6305393576622009,0.3012827634811401,0.0831094086170196,0.3051785230636596,0.5014293193817139,-0.2748686373233795,-0.0627902820706367,0.6112644672393799,0.2978948354721069,-0.0707817524671554,-0.3294468224048614,-0.4165408909320831,-0.1707163900136947,-0.2366679608821869,-0.5008911490440369,0.2017518132925033,0.0845913216471672,-0.0467947907745838,0.2117699682712555,0.0154199143871665,0.0983888357877731,0.5822260975837708,0.0028719732072204,-0.305047333240509,0.2047902196645736,0.0614336542785167,-0.0901422724127769,0.0808300226926803,-0.2235193252563476,-0.2465935945510864,-0.0241717658936977,0.2415190041065216,-0.1573673337697982,0.2025086134672165,0.0340979881584644,0.1619161665439605,0.3305917084217071,-0.4448821544647217,-0.1901049017906189,-0.314644455909729,-0.3174638450145721,-0.1307286322116851,-0.6577920317649841,-0.3597747385501861,-0.0309588555246591,-0.0471150875091552,-0.1592544317245483,-0.05937360227108,-0.4678713381290436,-0.2325161099433899,-0.4492211043834686,0.2522855401039123,-0.1734455525875091,-0.8417651653289795,0.3823029398918152,0.2627186775207519,-0.1252967417240142,-1.1999207735061646,0.247536301612854,0.1704616248607635,0.2441152334213256,0.1721053123474121,0.704698920249939,-0.3422385454177856,-0.2607019543647766,0.0875810459256172,-0.2855316996574402,0.2547450661659241,-10.516351699829102,0.1059780791401863,-0.4225786030292511,-0.3998930752277374,-0.3504877388477325,0.3931498527526855,0.6256321668624878,0.5662823915481567,-0.1955859363079071,0.1214233934879303,-0.0340548641979694,0.0915949419140815,-0.0144770285114645,0.6837878823280334,-0.5207838416099548,-0.3065536618232727,-0.2305571138858795,-0.0215277168899774,-0.0403221026062965,-0.2391912043094635,0.1143146902322769,-0.284472644329071,0.5086359977722168,0.7366798520088196,0.5462241768836975,-0.4084236323833465,-0.2611879706382751,0.0024734144099056,-0.2027534991502761,0.5919749736785889,-0.6013648509979248,0.5325713157653809,0.0364352501928806,0.3010843992233276,-0.1525362879037857,0.2529691159725189,-0.4028312265872955,0.6683297157287598,-0.0390014834702014,0.4041423201560974,0.3153025507926941,0.4241274297237396,-0.025679500773549,-0.0304168835282325,0.1748992651700973,0.2391737103462219,0.469064712524414,0.0111696710810065,0.5418323874473572,-0.2422156333923339,-0.1271032989025116,0.1338433921337127,0.0682288780808448,-0.0943486765027046,0.4556112885475158,-0.0305458642542362,0.6394035816192627,-0.6745585203170776,-0.031642060726881,0.0643760710954666,0.3380284905433655,-0.0773757696151733,0.3833673596382141,0.444365918636322,0.30074143409729,0.4105566740036011,0.5217416882514954,0.3653739690780639,-0.9130431413650512,-0.2377991825342178,0.1625676453113556,0.471616268157959,-0.0950486809015274,0.3251329064369201,-0.2567318379878998,0.3133965134620666,0.3614666759967804,-0.2959363758563995,0.0550640672445297,-0.0280053783208131,0.2839506864547729,-0.3029759228229522,0.0833558365702629,0.2407184094190597,-0.621874213218689,0.0487202405929565,-0.0832330659031868,-0.04812478646636,0.259869247674942,-0.4461257457733154,0.2382365614175796,0.0838035121560096,-0.5344372987747192,0.5065318942070007,0.4480125904083252,0.0181824807077646,-0.121032990515232,0.2265196144580841,0.4854059219360351,-0.0247120037674903,0
-0.0340031236410141,0.8183595538139343,0.2433686256408691,-0.5561447143554688,0.2802871465682983,0.6069374680519104,0.6057878136634827,-0.6498515009880066,-0.5274603366851807,-0.087485633790493,0.5277066826820374,-0.1518214493989944,-0.3976146578788757,0.0472632050514221,0.2966916859149933,-0.4141279458999634,0.2939834594726562,-0.0302294623106718,0.0346110872924327,-0.2148605436086654,-0.4736972749233246,-0.9393248558044434,0.1819484978914261,-0.0629787817597389,0.1376109272241592,-0.5495492219924927,0.0773554146289825,0.3990333676338196,0.2394121438264846,-0.1204172298312187,-0.0343516841530799,-0.6025769710540771,-0.1766440719366073,-0.5221533179283142,-0.0869409441947937,-0.2001602947711944,-0.1847722381353378,0.1021099090576171,-0.2839568257331848,-0.4356396198272705,0.0691074132919311,-0.1340977698564529,-0.4789541661739349,-0.0677442923188209,-0.0704328864812851,0.5955693125724792,-0.1120096072554588,0.5034266710281372,0.4221847057342529,0.2600983679294586,-0.282476395368576,0.2817046046257019,0.487569510936737,0.3008280992507934,0.0540202818810939,-0.1705782115459442,-0.0220259428024292,-0.1351057589054107,-0.2677259445190429,0.0610149316489696,-0.6938619613647461,-0.1240047886967659,-0.0449293702840805,0.2433164864778518,-0.3293831646442413,0.2824154198169708,-0.2802900969982147,-0.050543013960123,-0.0480194613337516,-0.6974805593490601,0.3621856570243835,-0.186056300997734,-0.3159201443195343,0.0936432480812072,1.1232609748840332,-0.3044705390930176,0.3986206948757171,-0.6243464946746826,0.4297222197055816,-0.0946053937077522,-0.4320188760757446,0.4253063797950744,-0.2564952373504638,-0.5731629729270935,-0.1995331346988678,0.5594104528427124,-0.8605560064315796,-0.8517721891403198,0.7521985173225403,0.0316954106092453,0.1146657839417457,0.1722393482923507,0.2203297615051269,0.3439126908779144,0.1820033937692642,-0.3973152339458465,0.2981396913528442,0.0717239156365394,-0.0453803241252899,0.6213529109954834,-0.547691822052002,-0.3270001113414764,0.1197584271430969,0.1090586930513382,0.2521000504493713,0.060041069984436,-0.5943869352340698,0.5301752686500549,0.1436663419008255,0.356762558221817,-0.1056319326162338,-0.5691098570823669,-0.5391380190849304,0.1870022118091583,0.2958047986030578,-0.1872135549783706,0.0966304689645767,0.3558715283870697,0.1035567373037338,0.6967304348945618,-0.1131389886140823,0.5107061862945557,-0.0445971302688121,-0.2875761985778808,-0.1721107810735702,-0.1586776822805404,0.6383427977561951,-0.5430346727371216,-0.2401546984910965,-0.6306242942810059,-0.1484814137220382,0.3846207559108734,-0.8772335052490234,0.1549317687749862,-0.3266439139842987,0.6349375247955322,-0.2287134975194931,0.5758288502693176,-0.507465660572052,-0.6152151823043823,-0.1733145117759704,0.1262280941009521,0.7106241583824158,-0.8495229482650757,0.0233728121966123,0.1522354930639267,0.0007958691567182,-0.1546593308448791,0.7762715220451355,0.4533135890960693,-0.0208476968109607,0.6053337454795837,-0.7553942203521729,0.1840923428535461,-0.1235842183232307,-0.0977719277143478,-0.4354102313518524,0.6226243376731873,0.0795721709728241,0.9358035922050476,0.179002583026886,-0.3639645874500274,0.2905438840389251,0.8882123231887817,0.1021220088005065,0.3869930505752563,0.6231674551963806,0.2506987750530243,0.5901870727539062,0.8353998064994812,-0.0245349071919918,0.6254921555519104,0.3349493741989136,-0.4877169132232666,0.1490896791219711,0.5924546122550964,0.5168889760971069,-0.0316922403872013,0.1873729079961776,-0.3480761051177978,-0.300012856721878,-0.1274639964103698,-0.3677489459514618,-0.5244307518005371,0.5279595851898193,-0.6383877396583557,0.0331762693822383,0.2402998059988021,0.0682033598423004,-0.0742740109562873,-0.1411427557468414,-0.3529611527919769,0.2400992959737777,-0.6403679251670837,-0.444272518157959,0.2436493933200836,-0.4155641198158264,0.1550244241952896,0.2128624022006988,0.2951393127441406,-0.1171310693025589,-0.1791588515043258,-0.4974051117897033,-1.40239155292511,-1.1121594905853271,0.201140746474266,0.2422089576721191,0.0974566042423248,0.1299090832471847,0.1414601802825927,-0.2572685778141022,0.0215118564665317,-0.0061117275618016,-0.0877538472414016,0.3592338562011719,-0.0725206136703491,-0.8138288259506226,-0.0657663121819496,0.4472335278987884,-0.0912438035011291,0.3201605081558227,-0.3822491466999054,0.2720367312431335,0.0585039779543876,-0.4547987580299377,0.3145098686218261,0.2304123640060424,-0.4066919684410095,-0.0803591907024383,0.4826646745204925,-0.2941773235797882,-0.5430424213409424,-0.927678406238556,0.1456206887960434,-0.3890388607978821,0.2608943581581116,-0.3139927685260772,0.3506138324737549,-0.2995033860206604,0.4876782894134521,-0.1009906381368637,-0.5688871145248413,-0.0237294547259807,-0.2468496859073639,-0.016034360975027,0.4771899878978729,0.0960796624422073,-0.2209601998329162,-0.721571147441864,0.1237160265445709,-0.8587709665298462,-0.3702521622180938,0.2084938287734985,-0.125054270029068,0.8561576008796692,0.3545325398445129,0.098218947649002,-0.1303649991750717,-0.0967959985136985,0.035430796444416,-0.485871285200119,-0.5665261745452881,0.0779870674014091,-0.2448350489139557,0.2387376874685287,-0.1702984273433685,-0.0843780785799026,-0.7326935529708862,-0.7162457704544067,-0.3566745221614837,-0.0507580563426017,-0.1114444211125373,-0.3715841174125671,-0.3268958330154419,-0.395800918340683,0.3832271993160248,-0.1375539153814315,0.6400394439697266,-0.3324882686138153,0.4136174321174621,0.0378613770008087,0.5311905741691589,-1.2227998971939087,0.2423387318849563,0.2643733024597168,-0.090776652097702,-0.2555358707904815,-1.0790878534317017,-0.3856020867824554,0.4622474610805511,0.1391490399837494,-0.3347684144973755,-0.1343449801206588,-0.0755908712744712,-0.3671323657035827,-0.1547251641750335,-0.1537169814109802,0.1455210745334625,-0.0318582169711589,0.4836118817329407,0.2976148128509521,0.1736702173948288,0.2587470710277557,-0.4899360239505768,-0.5400435328483582,0.0129702212288975,0.132869467139244,-0.1389400362968444,0.6009823679924011,0.0774345844984054,-0.0049581113271415,1.1982955932617188,-0.753678023815155,-0.1699552088975906,1.047492265701294,0.021575316786766,-1.3781263828277588,0.2430467307567596,0.5067936778068542,0.1910175383090973,-0.1753830164670944,0.8416633009910583,0.1722878515720367,0.2553046941757202,-0.4198486804962158,-0.4210230112075805,1.1585345268249512,0.2639740407466888,-0.5317935943603516,-0.2449529320001602,0.7173960208892822,-0.1825700849294662,0.460462361574173,-0.2998168766498565,-0.4181250631809234,0.3802643716335296,-0.3565736413002014,-0.097490444779396,0.0203913953155279,-0.3031749427318573,-0.7905824184417725,0.4337897896766662,-0.1926117241382599,0.5280560255050659,-0.7425007224082947,-0.2979576289653778,0.4027956426143646,1.205311298370361,0.6395196318626404,0.6795264482498169,-0.2822528779506683,0.0215375516563653,0.7731603980064392,0.0630646646022796,0.4176326096057892,0.1847046464681625,0.1459806710481643,-0.4251129627227783,0.9144890308380128,-0.1272546201944351,-0.4637171030044555,0.3191159069538116,0.5118274092674255,0.6511702537536621,0.0109212165698409,-0.2184841930866241,0.4718876779079437,0.0835557430982589,0.7722237706184387,0.9567552208900452,0.6269862651824951,0.0676405504345893,0.2783718705177307,-0.2525599300861358,0.7704999446868896,-0.5130504965782166,0.0404873602092266,0.1691445857286453,-0.0506784245371818,-0.4096050262451172,-0.7896668910980225,-0.0951197668910026,-0.190251737833023,-0.4232967793941498,-0.4163311719894409,-0.904510736465454,-0.8187723755836487,0.2476653605699539,0.4802009463310241,-0.7863510847091675,0.1253589242696762,0.2823011577129364,0.3999513387680053,-0.5533230900764465,-0.2056994438171386,0.2420236021280288,-0.4316062927246094,0.1183766797184944,0.1866742670536041,0.4331836402416229,-0.4527700841426849,0.0833026096224784,-0.4700226187705993,-0.2195780426263809,-0.930724024772644,-0.6145902276039124,-0.48273366689682,0.0883011817932128,0.2604240775108337,0.4405651688575744,0.1609053760766983,0.4128524363040924,-0.2534724175930023,0.0670503824949264,-0.1848768293857574,-0.4453849494457245,-0.1389960646629333,0.467279851436615,0.2476060837507248,0.631031334400177,0.1701588481664657,0.5189031958580017,0.0359810627996921,0.0001593940833117,0.0637744069099426,-0.0433488115668296,-0.3509524762630462,-0.3590390086174011,0.6874834299087524,-0.1527695059776306,-0.1093897968530654,-0.032236274331808,-0.0438390485942363,0.7215205430984497,-0.0634018927812576,-1.1009061336517334,-0.1578927338123321,0.3412964046001434,0.086253210902214,0.3658733069896698,0.3955022394657135,1.095646858215332,-0.2067486047744751,0.2040024846792221,0.5863773226737976,-0.0785374492406845,0.7585672736167908,-0.0316875278949737,-0.2848192453384399,-0.3171622157096863,0.1475665122270584,0.6658414602279663,0.0679170861840248,-0.1075601354241371,0.2487683594226837,0.4160451889038086,-0.2993917167186737,-0.1975582689046859,0.3300756514072418,-0.0990340039134025,-0.6717370748519897,-0.3461562693119049,-0.5350250005722046,-0.6363522410392761,-0.1347622871398925,0.3775000274181366,0.2809948623180389,-0.0043147327378392,0.4331027269363403,-0.6108114719390869,-0.6757115721702576,-0.4988411366939544,-0.949790060520172,0.3834239244461059,-0.204540878534317,0.566437304019928,0.56732177734375,0.051968615502119,-0.5260674357414246,0.2733159363269806,-0.1199569478631019,0.437942624092102,0.8928155899047852,-0.3022160828113556,-0.1618416905403137,0.4910007119178772,-0.1365165412425995,0.6803961396217346,-0.2313521206378936,0.173795685172081,-0.3022543787956238,-0.0317599214613437,-0.0861420556902885,0.1398086249828338,0.0332722030580043,-0.5364129543304443,0.8430767059326172,0.1158542856574058,-0.3748884499073028,-0.4092483222484588,-0.6426430344581604,-0.1108079925179481,0.4495895206928253,-0.7456057667732239,0.0217578317970037,-0.6096863150596619,0.1936643421649933,0.6532236933708191,0.8423157334327698,-0.693938136100769,0.4560171663761139,0.1893327087163925,0.0764791220426559,-0.1876739710569381,0.2293040305376052,-0.3870456516742706,-0.3213069140911102,0.0400711372494697,0.5270309448242188,0.1770189553499221,0.6846286058425903,-0.5615328550338745,-0.8350558280944824,-0.0550360083580017,-0.2283198535442352,-0.6278354525566101,0.3529067635536194,0.0703449323773384,0.2998480200767517,-0.5315501093864441,0.21905018389225,-0.7149791717529297,0.5290278196334839,0.3577248752117157,0.1506180614233017,0.0988623574376106,-0.747942328453064,-0.1628214567899704,-0.4417280256748199,-0.9568366408348083,0.463358998298645,0.4129658639431,-0.8096800446510315,0.0292298663407564,0.4387030601501465,0.5181941986083984,-0.6921684741973877,-0.5763434171676636,-0.3937412798404693,0.0918499454855918,0.4852310121059418,0.2012185007333755,-0.0292095225304365,0.0014059082604944,-0.3015966713428497,0.1659068763256073,0.5815778374671936,0.6984782814979553,0.6661532521247864,0.093969352543354,-0.0294664017856121,0.1551216542720794,-0.7050092220306396,0.0515378005802631,-0.2038450837135315,-0.1349681764841079,-0.0561633892357349,0.9253513216972352,0.5316236019134521,-0.4030947983264923,-0.1510088890790939,0.9344865679740906,0.4135709404945373,0.8285344243049622,-0.4161840379238128,-0.179562360048294,-0.4568018615245819,0.4439434111118316,0.1185143068432807,-0.2827330231666565,-0.0111502949148416,-0.1118798106908798,-0.3399610817432403,-0.2813072800636291,-0.3189838528633117,0.275723248720169,0.0629651471972465,0.2881417572498321,0.1762231439352035,-0.262073814868927,0.4365310370922088,-0.249325543642044,-0.4775751829147339,-0.189346969127655,0.4378216862678528,0.1738985180854797,0.7869111895561218,0.2153527587652206,0.2706262767314911,-0.3228563368320465,-0.9982818961143494,-0.3618471026420593,0.3107124865055084,0.3703764379024505,0.7742481827735901,-0.7681684494018555,-0.5580154061317444,0.1159905046224594,0.2893818616867065,-0.0541180036962032,0.0931880623102188,-0.9020599722862244,-0.3801321387290954,0.1893595606088638,-0.6947675943374634,0.3493660092353821,0.2778467833995819,0.1849676221609115,-0.2186990082263946,-0.4491661489009857,0.0659638345241546,0.5699921250343323,-0.1784543246030807,-0.5488167405128479,0.3589185774326324,-0.0475102439522743,-0.0517831854522228,0.153852641582489,0.1201682537794113,-0.0557288192212581,-0.0342426635324955,0.1678056418895721,-0.4462345242500305,0.0553899183869361,-0.2601107358932495,0.395022451877594,0.0024176747538149,0.2881033718585968,-0.1590177863836288,-1.040870189666748,0.0851010456681251,-0.0117336260154843,-0.4974397718906402,-0.3010345697402954,-0.2175718694925308,-0.3181649446487427,-0.0154365450143814,-0.1197224855422973,-0.2467281967401504,0.3238625824451446,-0.317559152841568,0.5852050185203552,-0.12265095859766,-0.6328884363174438,0.3056196570396423,0.3998624980449676,-0.3827398121356964,-0.8353005051612854,0.3577028810977936,0.4121659100055694,0.4390000700950622,-0.0357071831822395,0.0517107285559177,0.1340836137533188,0.3389334678649902,0.4900949597358703,-0.6081032156944275,0.5324382781982422,-9.796019554138184,-0.3710661232471466,-0.6012843251228333,-0.3195273876190185,-0.3207091391086578,-0.058256696909666,1.07630455493927,0.0674293786287307,-0.1247841790318489,-0.1629563421010971,-0.0872951075434684,-0.0150995729491114,0.490367978811264,0.8817635178565979,-0.6942055225372314,-0.5374621152877808,-0.071591280400753,-0.3044888377189636,-0.4261961579322815,-0.1006945148110389,0.0400756448507308,-0.2514041364192962,1.0619125366210938,-0.0617653802037239,-0.338840126991272,-0.3505962789058685,0.1020156890153884,-0.0128545742481946,-0.2467370778322219,0.8902862668037415,-0.7341428995132446,1.4908009767532349,0.1811008304357528,-0.095840536057949,-0.2637326717376709,0.078388825058937,-0.0842657387256622,0.383993536233902,-0.6185378432273865,0.5441694855690002,0.1768823564052581,1.0294491052627563,-0.2234426140785217,-0.123551994562149,0.535986065864563,-0.0185154695063829,0.4372779726982116,0.1871225237846374,0.2563006579875946,-0.169576495885849,-0.1905618011951446,-0.4083457291126251,0.147109717130661,-0.1906646192073822,0.1804751604795456,-0.1623864918947219,0.6506508588790894,-0.6856341361999512,0.0207714401185512,0.0801436305046081,0.5251412391662598,-0.1489992588758468,0.5699613690376282,0.6552631258964539,-0.4029736816883087,0.0719710811972618,0.2270816564559936,0.0152651006355881,-0.5923919677734375,-0.2474207729101181,0.2751559019088745,0.0559971444308757,0.0935863703489303,0.3795277774333954,-0.3104695081710815,0.5262947082519531,-0.1554690450429916,-0.3090550303459167,0.7421126365661621,0.3248776197433471,1.0074902772903442,-0.1159013956785202,-0.0603499189019203,0.1926866769790649,-0.8887192606925964,0.4231337010860443,-0.1655093878507614,0.3203942477703094,0.579544723033905,-0.6267620921134949,1.0005608797073364,0.0516397580504417,-0.056191861629486,0.2780204117298126,-0.0257949437946081,-0.1430043429136276,0.6821844577789307,0.556321382522583,0.535772442817688,0.1373044699430465,1
-0.1362178474664688,0.3797858357429504,-0.0792758390307426,-0.5095354914665222,-0.0019531878642737,0.0265511032193899,0.3281624317169189,0.1861244142055511,-0.4104674160480499,-0.4797930121421814,0.5647793412208557,-0.1588413566350937,-0.3582498729228973,-0.1217365786433219,0.8010639548301697,-0.2623790800571441,-0.11465685069561,0.574271559715271,0.0707754716277122,0.2660210728645324,-0.1864161938428878,-0.6596825122833252,0.0399309322237968,0.0296137742698192,0.4265962839126587,-0.2262868136167526,-0.052745908498764,0.2430423498153686,-0.1876699179410934,-0.3396024405956268,-0.6153855919837952,-0.7272216081619263,-0.2415434718132019,-0.5589014887809753,-0.3997542262077331,0.3637759983539581,0.419665515422821,0.1368676126003265,-0.1266152411699295,-0.3625671863555908,-0.3516811430454254,-0.3007530272006988,-0.3072763979434967,-0.3415670096874237,0.182689756155014,0.7734752297401428,-0.1720715165138244,0.2982960343360901,1.0979080200195312,-0.005193208809942,-0.2243406027555465,0.3364683389663696,-0.009599239565432,-0.0048853498883545,0.10727359354496,-0.1526814997196197,0.6554461121559143,0.0333327949047088,-0.0453105270862579,0.3108712434768677,0.0676823854446411,-0.1046774536371231,0.4562392830848694,0.2242245823144912,-0.7091209292411804,-0.3746768534183502,0.0451853908598423,-0.0666756927967071,-0.3653551638126373,-0.4554404318332672,-0.3054660558700561,-0.1938807070255279,0.0306158047169446,-0.0807640776038169,0.0183492302894592,-0.4414375424385071,0.1642738133668899,-0.0463895201683044,0.5953296422958374,-0.070133663713932,-0.0036555682308971,0.5081160068511963,0.0508597157895565,-0.1960279941558838,0.267019659280777,0.046284295618534,-0.3443635702133178,-0.9884848594665528,0.3150283992290497,-0.2648761868476867,-0.1398319154977798,0.5505351424217224,-0.2558797895908355,0.1758257299661636,-0.5803845524787903,-0.12873475253582,0.1765579879283905,-0.1891331225633621,0.0604552999138832,0.2592227458953857,-0.0422254391014575,-0.0770054459571838,0.7048823237419128,-0.0576668567955493,-0.1539286226034164,0.3426323533058166,-0.3431151509284973,0.0449620112776756,0.0242110751569271,-0.0746607407927513,-0.3880045115947723,-0.3231051862239837,0.1318096220493316,0.5695911645889282,-0.0686645954847335,0.2547732889652252,0.0870746672153472,0.2537732720375061,0.256878912448883,0.2004173398017883,0.4361348450183868,0.8562715649604797,-0.2303464859724044,-0.1053100228309631,-0.5411909818649292,0.5030717849731445,-0.1986553072929382,-0.3059727549552917,-0.114055685698986,-0.5995706915855408,0.0472426526248455,0.2752458155155182,-0.1289475411176681,0.2383800148963928,-0.520284116268158,0.778640866279602,-0.1019662767648696,0.4084859192371368,0.0454666316509246,-0.4162798225879669,0.3094289302825928,0.0298197530210018,0.0251705292612314,0.1337717473506927,-0.3042338490486145,0.3027165532112121,0.1369137018918991,-0.0002073767682304,0.3766601383686065,0.5684347152709961,-0.1347536444664001,0.7109366059303284,-0.7649931311607361,-0.1175610125064849,0.1906614154577255,0.333658754825592,-0.7870627641677856,0.2367504388093948,0.4834461212158203,0.8275333046913147,0.0874495357275009,-0.8203038573265076,0.0506666861474514,-0.0536461994051933,0.3011941909790039,0.136812224984169,0.1216096580028534,-0.3142650127410888,0.4179130494594574,0.4487386345863342,0.317748486995697,0.2466225177049636,0.0227483808994293,-0.2002296298742294,0.6438930630683899,0.6773337721824646,0.2436851114034652,0.2577062845230102,-0.011525085195899,-0.176610916852951,-0.2479922026395797,-0.4405090808868408,0.0768386200070381,-0.1658186316490173,0.0974546149373054,-0.3759149312973022,-0.1545321494340896,-0.3641048371791839,0.1888476610183715,-0.159631922841072,0.0668581053614616,-0.2982872724533081,0.3538864850997925,-0.1149933189153671,0.0027279816567897,-0.5533915162086487,-0.0380839705467224,-0.4138252139091491,-0.0975275039672851,0.2528819441795349,-0.4011818766593933,0.055850800126791,-0.1114967763423919,-0.142224833369255,-1.0803029537200928,-0.0520593337714672,0.3119887113571167,0.799841582775116,0.4607810974121094,0.4706590473651886,-0.1188201978802681,-0.0265575479716062,0.6864751577377319,0.1832474321126938,0.0220387484878301,0.1382425725460052,-0.660987377166748,0.132219061255455,0.2956674993038177,0.0598401091992855,-0.583511233329773,0.1122259795665741,0.2059175968170166,0.4037990868091583,0.0457566790282726,0.0679417625069618,0.0897147133946418,-0.1063357815146446,0.2764896154403686,0.2205427587032318,-0.0918733924627304,0.0229321420192718,-0.7944410443305969,-0.1390953212976455,-1.1955822706222534,0.4448839724063873,-0.1012329161167144,0.5709475874900818,-0.072651483118534,0.0801285803318023,0.0390290692448616,-0.0242909956723451,-0.0713287591934204,-0.1064570397138595,-0.0504622235894203,0.5219945907592773,-0.2179352194070816,-0.2630242109298706,-0.3880722522735595,0.0634832829236984,-0.0922822654247284,-0.6150838136672974,0.2723695635795593,-0.2328356653451919,0.6310198307037354,0.4557644426822662,0.4664447605609894,-0.6272209286689758,-0.3091628551483154,-0.3475953936576843,-0.233423426747322,-0.5476057529449463,0.1950253844261169,-0.3928027749061584,-0.2446364015340805,-0.0061393175274133,0.3073616623878479,-0.7441533207893372,-0.2544948160648346,-0.5410863757133484,0.2851300835609436,-0.7326651811599731,-0.0365930125117301,-0.2105489820241928,-0.1570228040218353,-0.2613617181777954,-0.2508982717990875,0.2972123622894287,-0.7761359214782715,0.1283585578203201,-0.5886006951332092,0.4963007569313049,-0.7179306149482727,0.2759207189083099,0.2244712710380554,-0.2240024954080581,-0.4969954192638397,-0.1193629875779151,0.2062171548604965,0.1595669388771057,0.2917115092277527,-0.1502279639244079,-0.1065319776535034,-0.288291186094284,-0.2692958116531372,-0.1277631372213363,0.1799372136592865,-0.2579139769077301,0.1824936121702194,-0.0106588555499911,0.4385907351970672,0.5496039390563965,0.5107809901237488,0.0862148404121398,-0.1892444640398025,-0.510406494140625,-0.0806207209825515,-0.401949018239975,0.8372795581817627,-0.1275036484003067,0.0681416690349578,0.8434178233146667,-0.3431235253810882,0.4274209439754486,0.4926106631755829,0.3576692044734955,-1.839627385139465,0.0863521471619606,0.1836011856794357,-0.1789918392896652,-0.1024377644062042,0.4957447648048401,0.3244171142578125,0.3796284794807434,-0.282256156206131,-0.2427776604890823,0.1538814455270767,0.4302539825439453,-0.2431138902902603,-0.5064449310302734,0.2942398488521576,-0.1209528073668479,-0.1113872677087783,-0.577569305896759,-0.2615371346473694,0.3225050568580627,0.5524027943611145,-0.0749784409999847,-0.0416341237723827,-0.4511786997318268,0.014636498875916,-0.0489417016506195,-0.0773097872734069,-0.0348984971642494,-0.5185117721557617,-0.0218516904860734,-0.0055019068531692,0.4799433350563049,0.5316974520683289,0.6181427240371704,0.5171914100646973,-0.0368477813899517,0.4157385230064392,0.4096370637416839,0.2786488234996795,0.2582052052021026,-0.1924786865711212,0.033805102109909,0.6540768146514893,0.4567236304283142,0.1256777793169021,0.2348229736089706,0.2942491471767425,0.57227623462677,0.4934375286102295,0.2866349220275879,0.306924045085907,0.1742322891950607,0.4807227551937103,0.7678423523902893,0.4619968235492706,-0.1493976265192031,-0.5355450510978699,-0.2071954011917114,0.0461773090064525,-0.7192046642303467,-0.0236712545156478,0.1698399186134338,0.4680967032909393,-0.6636702418327332,-0.3454443216323852,-0.2951996624469757,0.017624132335186,-0.7022309899330139,-0.3587249219417572,-0.6695570349693298,-0.6393516063690186,-0.193379059433937,0.1655769944190979,-0.4111172258853912,0.0545201897621154,-0.0607914477586746,0.7058797478675842,-0.6727307438850403,-0.3999496400356293,0.1138952225446701,-0.6311031579971313,-0.2936523258686065,-0.3775314688682556,-0.1636169552803039,-0.3910045623779297,-0.1254418492317199,0.3143227100372314,-0.4704281985759735,-0.7830004096031189,-0.288838267326355,-0.6095014214515686,-0.3226684331893921,0.3075338006019592,0.5026311874389648,0.0361660122871398,0.5987076163291931,0.211616113781929,0.3223414421081543,-0.3804580271244049,0.7365859746932983,-0.8929827809333801,0.4006620645523071,0.2416159361600875,0.4036802947521209,0.6133442521095276,0.5353419184684753,0.4901753067970276,0.0857306346297264,0.1547495126724243,-0.0034764525480568,-0.1795608252286911,-0.6789594888687134,0.6715021133422852,-0.4024254381656647,0.5003883838653564,-0.1759690940380096,-0.262269526720047,0.4493978917598724,-0.3345303535461426,-0.2274314761161804,-0.1889231353998184,0.3938538134098053,0.0331171937286853,0.188998281955719,0.2921696901321411,0.9073356986045836,-0.1432060152292251,-0.183547168970108,0.0928238034248352,0.1604364365339279,0.488099992275238,0.168469950556755,0.0557058043777942,-0.0600753910839557,0.2548568844795227,0.1469791680574417,-0.1442832499742508,0.2384084910154342,0.2793016135692596,0.4879505336284637,0.173891007900238,0.2028154581785202,0.2596497535705566,-0.1507309824228286,-0.4011282324790954,-0.4442631006240845,-0.7445241808891296,-0.3408256471157074,-0.5522549748420715,-0.0767023488879203,0.9341081976890564,-0.2396037727594375,0.0225190129131078,-0.4282954335212707,-0.4491731822490692,-0.342966765165329,-0.5468061566352844,0.1060744822025299,0.4814439117908478,0.2843141555786133,0.9183987379074096,0.1309673488140106,-0.7456665635108948,0.1766426861286163,0.2210115790367126,0.4072530269622803,0.6630637645721436,0.0090906601399183,0.0350896939635276,0.1838118582963943,0.1826800107955932,0.4706596136093139,-0.1019745618104934,0.0626978725194931,-0.9408326148986816,-0.652404248714447,-0.3243503868579864,0.3679737746715545,0.3671248853206634,-0.2214016020298004,0.4151610732078552,0.0994877517223358,-0.4924309253692627,-0.7804092764854431,-0.2404239326715469,-0.3428009450435638,0.1296757310628891,-0.9905015230178832,-0.0937732756137847,0.1185069605708122,-0.167349025607109,0.4453926980495453,0.283873438835144,-0.4394272863864898,0.2523773312568664,0.4213992953300476,0.5713346004486084,-0.7269734144210815,-0.0295927468687295,0.0291597377508878,0.0424708947539329,0.2928731441497803,0.2045894414186477,-0.102795161306858,-0.0758736431598663,-0.1951157301664352,-0.825254499912262,-0.4652692675590515,-0.52791428565979,-1.1743812561035156,0.6211022734642029,0.1460735648870468,0.0134798642247915,-0.4546681940555572,0.3696656823158264,-0.0939018353819847,0.1792593896389007,0.3465519249439239,0.2715671956539154,-0.409156322479248,-0.9878359436988832,0.1171231865882873,-0.4001004099845886,-0.7797207236289978,-0.0615735836327075,0.7607941031455994,-0.3062030673027038,-0.1512177437543869,0.0668269395828247,-0.0468070358037948,0.0050074951723217,-0.0384405627846717,-0.2850349545478821,-0.0758327543735504,0.0727977305650711,0.1188515201210975,0.2821918725967407,0.108784444630146,-0.0596040971577167,0.1467514038085937,0.2271818965673446,0.8859285712242126,0.2844792902469635,0.1180546805262565,-0.3822091519832611,-0.2018074989318847,-0.070785753428936,0.0698361918330192,0.2021834254264831,0.4531839489936828,-0.6448084712028503,0.125333160161972,0.6755113005638123,-0.6161952018737793,0.0616117045283317,0.4955038130283355,0.6561368703842163,0.2380898743867874,-0.3153005242347717,-0.0100683271884918,-0.6444019675254822,0.3054373860359192,0.4041594266891479,0.6762205958366394,-0.1200245693325996,0.0989443287253379,-0.109465941786766,-0.8934169411659241,-0.6440494060516357,0.1706785857677459,0.2328259497880935,0.358750581741333,0.2909024357795715,0.0603955313563346,0.3649828433990478,0.2887881398200989,0.325582206249237,0.2985080480575561,-0.2118531763553619,-0.1695878505706787,0.9255813360214232,-0.1009673550724983,0.4197610318660736,-0.5971749424934387,-1.1232987642288208,-0.1141418293118476,-0.1001313403248786,0.2892661690711975,0.6184216141700745,-0.0226853135973215,-0.2464569658041,0.5184265971183777,0.3938007056713104,0.2337699979543686,-0.0389728210866451,-0.7222448587417603,-0.0515709593892097,-0.0879537984728813,-0.0318342112004756,0.2173696607351303,-0.0924059897661209,0.3816921412944793,0.4860692620277405,0.4054915904998779,0.0501701906323432,0.2692783176898956,0.0719921067357063,-0.2633828520774841,0.3929260671138763,0.2747476100921631,-0.4123144447803497,-0.3012425601482391,0.2443157285451889,-0.4215478003025055,0.0070913634262979,0.3574845492839813,-0.2732046246528625,-0.5034641623497009,-0.1946508884429931,-0.3369966149330139,0.3472018837928772,0.1808288395404815,-0.5291323065757751,-0.0322091542184352,-0.0623873732984066,0.0367710627615451,-0.1782532483339309,-0.0406050495803356,-0.0381089188158512,-0.0867923498153686,-0.1656219661235809,0.0379243269562721,-0.6919816136360168,0.0161953512579202,-0.8072909116744995,0.1266151368618011,-0.2164772897958755,-0.7056525945663452,0.4078202545642853,0.0720290839672088,-0.422391802072525,-1.1993558406829834,0.3849692344665527,0.1557509452104568,0.5936563014984131,-0.2869654595851898,0.4225751161575317,-0.2090086191892624,0.3654916882514953,0.0206109527498483,-0.5050346851348877,0.005863984581083,-10.23861598968506,0.2936953008174896,-0.8075652122497559,-0.0465996786952018,-0.219530776143074,0.2158771157264709,0.4066363573074341,0.2026185095310211,-0.114357590675354,0.0783499702811241,0.4850668013095855,0.6264637112617493,0.2036891281604766,0.3304344415664673,-0.5969442129135132,-0.2574581205844879,0.1551214903593063,-0.5216343998908997,-0.0414517931640148,-0.0680052563548088,0.3141174614429474,-0.0596499517560005,0.7124574780464172,0.4580225050449371,-0.0448841117322444,-0.2838736474514007,-0.4762881398200989,0.6189512014389038,-0.3416233658790588,0.332348108291626,-0.5620764493942261,0.2322999238967895,0.3244329690933227,0.0509893335402011,-0.3028528988361358,-0.2849497199058532,-0.088307499885559,0.136656254529953,0.1839410811662674,0.1228803843259811,-0.0462945289909839,0.4574522674083709,0.0545233748853206,0.0643202438950538,0.2690537273883819,0.3591102659702301,0.0433827117085456,0.3146442770957947,0.5465113520622253,-0.0206803921610116,-0.1340801417827606,-0.2385149747133255,0.1483725160360336,-0.1078565493226051,0.3607557713985443,-0.031327050179243,0.7971142530441284,-0.2669445276260376,-0.3021100759506225,0.0360109582543373,0.4785548746585846,-0.1680028587579727,0.6273515224456787,0.3932524025440216,0.3066513538360595,0.3537012338638305,0.5445164442062378,0.3998957574367523,-0.2984490096569061,-0.3678299486637115,0.2153547406196594,0.2464151680469513,-0.1147739514708519,-0.3168849349021911,-0.3189666271209717,0.603009045124054,0.0661231353878974,-0.2575885951519012,-0.0231780111789703,0.0941014364361763,0.2655852437019348,-0.0053372578695416,-0.4464967548847198,0.0585658699274063,-0.959826111793518,-0.063415840268135,-0.0314684808254241,0.4644874632358551,0.1353489309549331,-0.6520333290100098,0.4948523044586181,-0.1963709145784378,0.1206039637327194,0.0520343333482742,-0.0796077027916908,0.0975164324045181,0.2765413820743561,0.1296504288911819,0.6510397791862488,0.3145537972450256,1
0.2413127571344375,0.1787703335285186,0.4631074070930481,-0.2309708595275879,0.2003732621669769,0.277688056230545,0.122989721596241,0.308803528547287,-0.009906692430377,-0.619081437587738,0.7028918266296387,-0.3670854270458221,-0.6940755248069763,0.2042390406131744,0.3712596893310547,-0.3850686252117157,0.0479442365467548,-0.0029694295953959,-0.0235241279006004,-0.6805608868598938,-0.7096894383430481,-0.3323213160037994,0.133449524641037,0.3075015842914581,-0.0579979717731475,-0.3176624774932861,0.2532162666320801,0.3636884987354278,-0.06850615888834,0.0407397486269474,-0.3937130868434906,-0.2223573923110962,0.1632612198591232,0.0832343325018882,-0.0201122909784317,0.4200762808322906,-0.0385860241949558,-0.0719058960676193,-0.1453847140073776,-0.0582923367619514,0.0135667948052287,-0.1084998920559883,-0.4628358781337738,-0.1235483288764953,0.0751526281237602,0.5497376322746277,0.2003061473369598,0.1607071906328201,0.6362603902816772,0.1629896461963653,-0.1024657636880874,0.2144966721534729,0.3965997397899627,-0.1590530276298523,0.2973221242427826,-0.1747583895921707,0.4911096692085266,-0.2990573942661285,-0.181793212890625,-0.0168553367257118,-0.1853495240211486,-0.18560691177845,0.1348696798086166,-0.1999842971563339,-0.0588796064257621,-0.5896822214126587,0.2047021836042404,-0.1098772808909416,-0.2945514619350433,-0.8377299904823303,-0.4084526896476745,0.0486794635653495,0.1980382204055786,-0.3737556040287018,0.6239222884178162,-0.4078696072101593,0.3511313796043396,0.1782393455505371,-0.0216964837163686,0.0487788133323192,0.0719891414046287,0.4078477323055267,0.0116257676854729,-0.4409614205360412,0.4782087206840515,-0.0275317933410406,-0.2514725029468536,-0.7447549104690552,0.2051654756069183,-0.3792103826999664,-0.1349472403526306,-0.0864250659942627,0.7027817964553833,0.0751868039369583,-0.0480694435536861,-0.092638686299324,0.0666812807321548,-0.296792209148407,-0.1828226745128631,0.4300658702850342,0.1845071017742157,0.2618727385997772,0.3073272109031677,-0.108279675245285,-0.1922115236520767,0.051080334931612,-0.2113365679979324,0.1311621814966201,0.1733545213937759,-0.1695635020732879,-0.0520379804074764,-0.4638365507125854,-0.7414183020591736,0.243459939956665,-0.2268925160169601,-0.0013846431393176,-0.0529135353863239,0.2848470211029053,-0.6557327508926392,0.5488384366035461,0.4753878116607666,0.4563406705856323,0.0971252173185348,-0.2150113582611084,-0.1586046665906906,0.3361483812332153,-0.1139255836606025,-0.1999377310276031,-0.1110959947109222,-0.1130072101950645,-0.624144971370697,0.1062829121947288,-0.1758894622325897,0.0410359315574169,-0.0410412959754467,0.6244069337844849,0.232682392001152,-0.3461590707302093,-0.2464451789855957,-0.4861814081668854,-0.039217859506607,-0.4130640625953674,0.2633273899555206,-0.3577988147735595,-0.2995397448539734,0.4134209454059601,-0.3359703719615936,-0.6493031978607178,0.5211266875267029,0.313008189201355,-0.2839158177375793,0.7572974562644958,-0.5182087421417236,-0.06156961992383,0.1027121022343635,0.017388368025422,-0.5008480548858643,0.0049629779532551,-0.2358529269695282,0.1593533754348755,0.0162526108324527,-0.3121871650218963,0.1381345838308334,0.7075648903846741,-0.035793200135231,0.2624489068984985,0.4848371744155884,0.3598402142524719,-0.1327529996633529,0.3693170547485351,0.173502579331398,0.3283210694789886,0.1605433970689773,-0.1474442332983017,0.2038976699113845,0.4113959968090057,0.1904880404472351,0.1232999190688133,0.1739604622125625,-0.6162610054016113,-0.1287829428911209,-0.5904178023338318,-0.2561262249946594,-0.4298394918441772,0.0668615847826004,-0.0496128797531127,0.1180369034409523,-0.0869859009981155,-0.009336482733488,-0.6274248361587524,0.1896704584360122,-0.3846854865550995,0.0583632625639438,-0.341237872838974,-0.0775578394532203,-0.1159388944506645,-0.1863009631633758,-0.1251313388347625,-0.1304588466882705,0.6321461200714111,0.0707256495952606,0.2466509938240051,-0.1562853902578354,-0.2597391903400421,-0.9400139451026917,-0.2574775516986847,0.3049747347831726,0.2313425093889236,0.5142185688018799,0.2665613889694214,-0.276700347661972,0.5655514597892761,0.2455798685550689,0.1894823908805847,0.1442545801401138,0.4631680250167846,-0.4667972028255462,-0.4875037968158722,0.3424248993396759,-0.045272622257471,0.2025156915187835,-0.1735217124223709,0.4550232887268066,0.1352211833000183,0.1277494728565216,0.3906180262565613,0.3952604830265045,-0.0449961349368095,-0.2838775217533111,0.581055760383606,-0.2730138301849365,-0.3001729249954223,-0.5723670125007629,-0.2318571507930755,-0.7001567482948303,-0.1541214883327484,-0.3089911937713623,0.3295716643333435,-0.3614890575408935,0.0553109087049961,0.2006274759769439,-0.2713775038719177,-0.0228559263050556,-0.3499003052711487,0.1026369631290435,0.018752571195364,-0.0759266689419746,0.0073384214192628,-0.1255257278680801,0.0043984237127006,-0.5807868242263794,-0.5806497931480408,0.0001522223901702,-0.5368183851242065,0.3955245316028595,0.3873147368431091,0.5032966732978821,-0.1842720657587051,0.1282427310943603,-0.6778523921966553,-0.097983032464981,-0.6286552548408508,-0.2052749395370483,-0.3768730163574219,0.0444958433508873,0.060356218367815,-0.1927465051412582,-0.4949775636196136,-0.3392795324325561,-0.273395836353302,-0.0742387548089027,-0.2183254659175872,-0.1790715306997299,0.2235536277294159,0.0046378392726182,0.0427511520683765,-0.5416058897972107,0.2387636601924896,-0.132682591676712,0.3067868947982788,-0.62679123878479,0.1875622719526291,-0.6922306418418884,0.41200852394104,0.1021604314446449,-0.2388453632593155,-0.2053805440664291,-0.6097872853279114,-0.1929580569267273,0.3759879171848297,0.1185566857457161,-0.3626678884029388,-0.5758072733879089,0.1323152780532837,-0.1763930320739746,-0.0173126719892025,0.0449931807816028,0.3379239737987518,0.3768601715564728,0.1699140965938568,0.1931411623954773,0.4403726756572723,0.0646395236253738,-0.2482482194900512,-0.2538265883922577,-0.3352954089641571,-0.3866178095340729,-0.1763036847114563,0.4713699221611023,-0.3018929064273834,-0.1224082186818122,0.684111475944519,-0.2768462002277374,0.3288931250572204,0.2130254954099655,0.2835222780704498,-1.904072999954224,0.1054731979966163,0.3875754475593567,0.0553796254098415,-0.1157830283045768,0.6769788265228271,0.193166971206665,0.2563250958919525,-0.5997396111488342,-0.5158461928367615,0.6794787645339966,0.4471501111984253,-0.1428871601819992,-0.031478077173233,0.4068558514118194,-0.15891133248806,-0.0096568493172526,-0.7697862982749939,0.1979604065418243,0.3812753856182098,0.1119302734732627,-0.1508769989013672,0.092798575758934,-0.2917239964008331,0.0856456458568573,0.0926432013511657,0.1707013547420501,0.5206187963485718,-0.743687093257904,-0.0502448417246341,0.0522429123520851,0.8600127696990967,0.8047516942024231,0.4540750682353973,0.0550342835485935,-0.2378327548503875,0.2510644495487213,0.7954850196838379,0.4641810953617096,-0.1454514563083648,0.0224768798798322,-0.1577703207731247,0.5330590605735779,0.2399826198816299,-0.1744367033243179,-0.0078560700640082,0.2891948521137237,0.2068371325731277,-0.1853278279304504,0.6378749012947083,0.7026211023330688,0.1643740087747573,0.2274199575185775,0.1122594624757766,1.0803776979446411,0.0167354959994554,-0.1720712631940841,-0.6439107656478882,-0.0693342164158821,-0.3772121667861938,0.0281704869121313,0.0341115146875381,0.1204939261078834,0.3888536691665649,-0.26344895362854,0.2356073856353759,0.1882521957159042,-0.141860157251358,0.3511867523193359,-0.5903806090354919,-0.4722960591316223,-0.1884626150131225,0.0787147358059883,-0.7799350619316101,0.4340822100639343,0.3551900088787079,0.4194347858428955,-0.1693917661905288,-0.418043315410614,0.0821450799703598,-0.1838152557611465,-0.1405083686113357,-0.1368604600429535,0.2683771848678589,0.0035926848649978,-0.3261288106441498,0.1754208654165268,-0.4795490205287933,-0.4578913748264313,-0.0307402648031711,-0.9618868231773376,-0.1040217950940132,-0.1706620752811432,0.563137412071228,-0.1736572682857513,-0.0861991345882415,0.1741252243518829,-0.0278803668916225,-0.1509958058595657,-0.1282553821802139,-0.5938723683357239,0.4089792668819427,0.0829112455248832,0.1023548021912574,0.3406684398651123,0.322893887758255,0.223098412156105,0.3688583970069885,-0.5460566282272339,0.0554232895374298,-0.6036502718925476,-0.3188444375991821,0.6694896221160889,-0.1693537682294845,0.2791080772876739,0.0025752088986337,-0.1787163913249969,0.542557954788208,-0.2638455331325531,-0.5683379173278809,-0.1815653145313263,0.6087106466293335,0.0767980962991714,0.6428160071372986,0.3767095804214477,0.7915942072868347,-0.1173194795846939,0.4403795003890991,-0.0117283333092927,-0.0706030502915382,0.4441592097282409,-0.6632746458053589,0.086125947535038,-0.0458831451833248,0.1410325169563293,0.4225548207759857,0.2312281280755996,0.1681516319513321,0.2723524868488312,0.204196348786354,-0.1137217283248901,0.2081228494644165,0.2457365095615387,0.4334879219532013,-0.3478754460811615,-0.6161081194877625,-0.3627859354019165,0.0360947698354721,-0.4686858057975769,-0.1440361589193344,0.6839170455932617,-0.0683362036943435,0.0923455953598022,-0.230743795633316,-0.726019024848938,-0.4816818833351135,-0.4784334897994995,-0.2105551660060882,0.0735890418291091,0.4203126728534698,0.572357177734375,0.0075897825881838,-0.9132795929908752,0.3101041913032532,0.1929487884044647,0.4606478214263916,0.1261327117681503,-0.2455170452594757,-0.1573473215103149,0.0669548138976097,-0.0716644003987312,-0.1940649151802063,0.1808452606201172,0.0132692204788327,-0.0506711341440677,-0.4842084348201751,0.1540281176567077,-0.2623700499534607,0.147505834698677,-0.2539973258972168,0.5185579657554626,0.1032202765345573,-0.7609311938285828,-0.3099862039089203,0.1274624466896057,-0.2596737444400787,-0.130606472492218,-0.6116222143173218,0.1900205761194229,-0.3813090324401855,-0.1310446858406067,0.289544016122818,0.5359349846839905,-0.292400449514389,-0.1346074938774109,0.3891332149505615,0.569875955581665,-0.0460829734802246,0.0397218838334083,-0.0701807290315628,-0.2849186658859253,-0.1758468896150589,0.042526826262474,-0.1490150094032287,-0.1989455670118332,-0.0196695402264595,-0.7796398997306824,-0.2522390782833099,0.0596350096166133,-0.8661103248596191,0.6774477958679199,0.1855203956365585,0.5301793217658997,-0.5003162026405334,-0.0892804190516471,-0.2446640431880951,-0.055185467004776,-0.0067036617547273,0.4187356233596802,-0.0389188192784786,-0.7822460532188416,-0.0678139701485633,-0.4740712940692901,-0.4957434237003326,0.4799340665340423,0.3959895372390747,-0.403847336769104,0.0971675738692283,0.3388460874557495,-0.2263126224279403,-0.14765365421772,0.0829782858490943,-0.1345392167568206,0.1110608279705047,0.2892637252807617,0.0348658375442028,0.2147877961397171,0.2842249870300293,-0.3344732522964477,0.1853161603212356,0.2598049938678741,0.6585676670074463,0.2961028516292572,-0.0005682099144905,0.0101207103580236,-0.0323925204575061,-0.557614266872406,0.4538787305355072,0.2717209458351135,0.5444968938827515,-0.3912653625011444,0.6192585825920105,0.6213282346725464,-0.4582399129867553,0.3543581068515777,0.6622916460037231,0.4146571457386017,0.3334271311759949,-0.0352933555841445,-0.0612291432917118,-0.7317131757736206,0.2767074108123779,-0.030510202050209,0.2554322183132171,-0.0355859622359275,-0.03243850171566,-0.1068602353334426,-0.2455630004405975,0.0175148211419582,0.3637334406375885,0.3277826011180877,0.1446813493967056,0.3021716773509979,-0.377583771944046,0.4751031100749969,0.4331249892711639,0.0210160855203866,-0.1459994614124298,0.2460961192846298,0.3802261054515838,0.6374589800834656,0.0314390994608402,0.3572412133216858,-0.2072588503360748,-1.0218791961669922,0.0856554731726646,0.0102315852418541,0.3644465208053589,0.5951054692268372,-0.5780338048934937,-0.2023299187421798,0.1860213130712509,0.5037203431129456,-0.2873859405517578,-0.0941149368882179,-0.4399446547031402,0.1732430458068847,0.2615323066711426,-0.1303068548440933,0.0727578476071357,0.1291072368621826,0.3212997913360595,-0.1634944677352905,0.1456749439239502,0.2130679488182068,0.7299164533615112,0.1362379342317581,0.0912676230072975,0.0425005368888378,-0.2699767649173736,-0.4450969099998474,0.0519218407571315,0.0658692419528961,-0.3387294709682464,-0.4071281552314758,0.0378243289887905,-0.3907216489315033,0.1473091691732406,-0.2990520000457763,0.2549092173576355,0.3078309893608093,0.057633202522993,-0.0366539470851421,-0.4790743589401245,-0.0632993876934051,-0.0242817495018243,-0.7737974524497986,0.0951301604509353,-0.2579847872257232,0.1720798462629318,-0.2192899286746978,0.0213155206292867,-0.4729840755462646,-0.2633458077907562,-0.367784172296524,0.5505667924880981,-0.1218723282217979,-0.4214291572570801,0.4173358082771301,0.3114523291587829,-0.1264443844556808,-0.9922773838043212,0.3278978765010834,0.3606756329536438,0.5684622526168823,-0.2312356829643249,0.509494423866272,-0.3745315074920654,0.2229006588459015,0.1008925884962081,-0.4160842299461365,0.5262504816055298,-10.464190483093262,-0.4213390946388244,-0.4990895688533783,-0.2991828024387359,-0.523726224899292,0.3393937647342682,0.6275897026062012,0.3310806453227997,-0.4008956253528595,0.1503154784440994,0.0772168710827827,0.4325231611728668,0.3527701199054718,0.3085150718688965,-0.5929360389709473,0.1288890391588211,-0.3219438791275024,-0.482525885105133,0.0016949117416515,-0.2160532176494598,0.1131066754460334,-0.6644826531410217,0.5310324430465698,0.5345878601074219,0.1479681879281997,-0.1676557660102844,-0.139973372220993,0.4004792869091034,-0.031229430809617,0.2987416684627533,-0.8072220683097839,0.4482598602771759,-0.1692170053720474,0.4520938098430633,-0.2333208620548248,0.0534967370331287,-0.2512939572334289,0.5023176074028015,0.0249905418604612,0.3453520238399505,0.3133562207221985,0.4285598397254944,0.0775187611579895,-0.117707647383213,-0.2019536346197128,0.3702673316001892,0.1418785601854324,0.3137893378734588,0.5656222105026245,-0.0047943969257175,0.0482669658958911,-0.1866386830806732,-0.2593395709991455,-0.3541021943092346,0.2779557704925537,-0.0045330733992159,0.7600528597831726,-0.7735229134559631,-0.0309431999921798,0.1052391529083252,0.3330523669719696,-0.145843043923378,0.9523369073867798,0.8970859050750732,0.2635754644870758,0.160239428281784,0.4378549754619598,0.3983334004878998,-0.3247032165527344,-0.1075038537383079,0.3310868144035339,0.5564315915107727,-0.0966658219695091,0.2015350461006164,0.1424711048603058,0.7568235397338867,0.0272642467170953,-0.2367813438177108,0.2114190310239792,-0.2960522174835205,0.4381178021430969,-0.1655402332544326,-0.2865816056728363,0.1388946920633316,-0.6065528392791748,0.2488703578710556,0.0686032027006149,0.3074870109558105,0.1111298725008964,-0.5870758891105652,0.4450457394123077,-0.1704249233007431,-0.2904482185840606,0.4092161357402801,0.2255211770534515,-0.2218035459518432,-0.1488069295883178,0.3035394251346588,0.3374594748020172,0.0487138368189334,1
0.2117905616760254,0.3121479153633117,0.1562394052743911,-0.4629254937171936,0.390045017004013,0.6337048411369324,1.0881186723709106,-0.0056463740766048,-0.170766532421112,0.2530775070190429,0.6528356075286865,0.053628459572792,-0.7730659246444702,-0.2084768563508987,0.4089568257331848,-0.0193083435297012,0.1951612681150436,-0.4578574299812317,-0.0257242247462272,-0.4039571285247803,-0.5136355757713318,-0.4371971487998962,-0.2878850102424621,0.3597573935985565,0.1924660056829452,-0.4333652853965759,-0.1642439216375351,0.3598285317420959,-0.0201904531568288,-0.3537894785404205,-0.3706084787845611,-0.6533679962158203,-0.0840082913637161,0.4723851084709167,-0.1644032001495361,0.1478106081485748,-0.4614156186580658,-0.0633785501122474,0.2761993110179901,0.1682424694299698,-0.2041605561971664,-0.1320968568325042,-0.3423800766468048,0.1460325717926025,-0.2512882351875305,0.4133539497852325,0.3870049118995666,0.3073773384094238,0.2511691153049469,0.1017490625381469,-0.1659357547760009,0.5354239344596863,0.6021973490715027,0.214505910873413,0.6727899312973022,-0.0370636135339736,0.5682512521743774,-0.453531414270401,0.0494370274245739,0.5928423404693604,-0.8040894269943237,-0.2667853832244873,0.0847482085227966,0.0541311167180538,-0.1311788111925125,0.3645936846733093,-0.4003202021121979,0.2563729286193847,0.4196657538414001,-0.7329273223876953,-0.1027000322937965,-0.2460679113864898,-0.0022000323515385,-0.5061097741127014,0.6372314095497131,-0.4907719492912292,0.4082140028476715,-0.074129618704319,-0.114414557814598,0.2069182693958282,0.012067012488842,0.2968576550483703,-0.3160325288772583,-1.097111463546753,-0.2134551107883453,0.2338538616895675,-1.173737645149231,-1.1753193140029907,-0.0394072346389293,-0.3731411695480346,0.1852198988199234,-0.1904119402170181,0.435625821352005,-0.0377321727573871,0.5285615921020508,-0.0480665490031242,0.3765734732151031,0.1472355723381042,-0.1908144056797027,-0.0546784065663814,-0.1798648685216903,-0.0182770062237977,0.4567586183547973,0.1206191182136535,-0.0694888085126876,0.1795269399881363,0.1035706922411918,0.0889171138405799,0.2194969058036804,0.5488621592521667,-0.4589234292507171,-0.4545409679412842,-0.325635015964508,-0.2903561890125274,0.1370228826999664,-0.2432741969823837,-0.013943457044661,0.6212024688720703,-0.2832382917404175,0.495013028383255,-0.0310995671898126,0.2136048674583435,-0.0224200654774904,-0.4056636691093445,0.1096756383776664,0.183357760310173,0.3710129261016845,-0.2452258169651031,-0.4354148209095001,-0.6802359223365784,-0.7039884924888611,0.2010551840066909,-0.4142521321773529,-0.1985100358724594,-0.5413119196891785,0.4767827093601227,0.0654575526714325,0.1358018219470977,-0.2063749730587005,-0.3627025485038757,-0.8911032676696777,0.5506511330604553,0.438832014799118,-0.273552805185318,0.3570392429828644,0.1536500006914138,-0.1083672046661377,-0.3018442392349243,-0.2961812019348144,0.3656904101371765,-0.0461749397218227,1.0829944610595703,-0.8864209651947021,-0.0287730749696493,0.1134048253297805,0.1907553821802139,-0.8784778714179993,0.0868647620081901,0.1610970199108123,0.2160707116127014,0.1833815276622772,0.1909985095262527,0.4241929054260254,0.7586808204650879,0.1739982813596725,0.4192627072334289,0.1723813563585281,-0.0471206419169902,0.4602500796318054,0.9334534406661988,0.8026925325393677,0.5906803011894226,0.639782726764679,-0.2721291482448578,0.3720037043094635,0.4919886887073517,1.0868557691574097,-0.2087391912937164,-0.0418818779289722,-0.6689278483390808,-0.1778179258108139,0.0538549572229385,0.2513146698474884,-0.7792330384254456,0.4287604987621307,-0.1392896771430969,0.4771264791488647,-0.0090097831562161,-0.3297283053398132,0.2227344959974289,0.0094362776726484,-0.4763235747814178,0.2744381725788116,-0.607636034488678,-0.5660531520843506,-0.0383359305560588,-0.22992804646492,0.2989507615566253,-0.9946051239967346,0.3439550995826721,0.2811705470085144,0.3484592735767364,-0.254391998052597,-0.6050919890403748,-0.7902008295059204,-0.6910585761070251,-0.3287214934825897,0.5906696915626526,0.2161250859498977,0.4580504596233368,-0.2027396857738495,0.0301326997578144,0.1133935302495956,0.0562979727983474,0.6823331117630005,-0.2002899348735809,-0.2363249957561493,-0.3913510143756866,0.0205564927309751,-0.4403732419013977,0.3192100524902344,-0.3495998978614807,-0.009989277459681,-0.4206234812736511,0.0727967247366905,0.4092780649662018,0.0604039318859577,-0.725088894367218,-0.0453305095434188,0.1212045028805732,-0.50876384973526,-0.3219232559204101,-0.8828571438789368,-0.0466342270374298,-0.6770942211151123,-0.2274266928434372,-0.5287619233131409,0.2713801562786102,-0.1003837138414383,0.2023546248674392,0.2903120219707489,-0.2930779457092285,0.3587330877780914,-0.4666865468025207,-0.2536720335483551,0.074148453772068,-0.0106865931302309,-0.1501522213220596,0.0824689120054245,0.0169533267617225,-0.6542825102806091,-0.5562083721160889,0.2805315256118774,-0.5249534845352173,0.6291301846504211,0.9267294406890868,0.21297487616539,-0.3866842985153198,-0.1404792368412017,-0.288277268409729,-0.7538468241691589,-0.601349949836731,0.0103062717244029,0.3493134677410126,0.1735527068376541,-0.3601993322372436,-0.0170882865786552,-0.3899780213832855,-0.8496482372283936,-0.6786832213401794,0.1216450110077858,-0.5447189211845398,-0.3879033327102661,-0.3882520198822021,-0.0639475882053375,-0.3947062492370605,-0.511833131313324,0.7816256880760193,-0.2746819257736206,0.8129878640174866,-0.2570967078208923,0.5210279822349548,-0.5014829635620117,-0.3582293689250946,-0.158339262008667,0.2937005758285522,-0.5816053152084351,-0.6316881775856018,-0.5704381465911865,0.8124696612358093,0.2561964094638824,-0.440510630607605,0.1523504108190536,-0.1696689575910568,-0.0151950847357511,0.6570547223091125,0.4608457386493683,-0.1510151326656341,0.1986656337976455,-0.0571198500692844,0.8234789371490479,0.2076254040002823,0.2605276107788086,0.1412676274776458,-0.2337222248315811,-0.1798868328332901,-0.4096819758415222,0.2393898367881775,0.59272301197052,-0.6546981930732727,0.2645640671253204,0.6658354997634888,-0.7613349556922913,0.2999995052814483,0.6035934686660767,0.4401136934757232,-1.7423064708709717,-0.2082479149103164,0.4116913974285126,-0.2186864763498306,-0.4679799675941467,0.4473115801811218,0.4502532184123993,0.7448415160179138,-0.5643852353096008,-0.5384001135826111,1.0851515531539917,0.2082655280828476,-0.3983623087406158,-0.2841724455356598,-0.2714442312717438,0.1411837190389633,0.4094347953796386,-0.4377382099628448,0.1247440576553344,0.5907484889030457,-0.6012083888053894,-0.2039415091276168,-0.2876340746879577,-0.4809634089469909,-0.0262211672961711,0.7633470296859741,-0.075466550886631,0.5890293717384338,-0.2061975598335266,-0.1386841088533401,0.2512601613998413,1.264856457710266,0.5821037888526917,0.93707013130188,-0.4061785638332367,-0.6914047598838806,0.4056395590305328,0.2793618142604828,0.1423254907131195,-0.6553160548210144,-0.0359991714358329,-0.0283814463764429,0.2449005991220474,0.1190508976578712,-0.3288580775260925,0.28451868891716,0.5118301510810852,0.2192897796630859,-0.233976274728775,0.2867506146430969,1.069006085395813,-0.1219416260719299,0.2690666019916534,0.3371084332466125,0.4463232159614563,0.4316133856773376,-0.0512827150523662,-0.4483082592487335,0.29629847407341,-0.5646525621414185,0.4489177167415619,-0.1907517462968826,-0.2698413729667663,-0.0424539856612682,-0.1356954723596573,-0.408144474029541,-0.0640518814325332,-0.5696301460266113,0.3332100212574005,-0.5208150744438171,-0.619455873966217,-0.3639467358589172,0.2954423129558563,0.0026043504476547,0.6866918206214905,1.0783627033233645,0.3762382566928863,-0.8407120108604431,-0.507274329662323,0.2698727548122406,-0.7400119304656982,0.3487202227115631,0.2924391329288482,0.5262200832366943,-0.1461356431245803,-0.323804497718811,-0.6992824673652649,-0.4243197739124298,-1.0018885135650637,-0.0689015761017799,-0.480664849281311,-0.1328684985637664,-0.1876741498708725,0.7842838764190674,0.0377273298799991,0.1313119530677795,0.3743707239627838,0.2357375621795654,-0.6334706544876099,-0.6373453140258789,-0.5296012759208679,0.2665390372276306,0.4465913772583008,0.4130094349384308,0.0935427695512771,0.5246568918228149,0.3604332506656647,-0.0425687171518802,-0.011022157035768,-0.0592614971101284,-0.0506973788142204,-0.4688891470432281,0.3955124020576477,-0.3827786445617676,-0.1108361631631851,0.4715938866138458,-0.1808754056692123,1.0932482481002808,-0.0078852931037545,-0.2660831212997436,0.2142315953969955,0.0394428186118602,-0.339678555727005,0.9833305478096008,0.1910279095172882,0.6934505105018616,-0.1560267508029937,0.4660097658634186,-0.1687406152486801,-0.1363796442747116,0.2893185019493103,-0.5636420845985413,-0.1794018447399139,-0.0232059769332408,0.1538005173206329,1.2400097846984863,0.2166386842727661,0.0475354567170143,-0.2214215546846389,0.1919677853584289,-0.0871589183807373,0.5178384780883789,0.0164071805775165,0.0822151228785514,-0.3610912263393402,0.3841187357902527,-0.35410276055336,0.0314372777938842,0.0443949177861213,0.1305703073740005,0.2442099601030349,0.1803862005472183,0.513420045375824,-0.7066293954849243,-0.6802232265472412,-0.3787112832069397,-1.3109487295150757,-0.0961420834064483,-0.8008319735527039,0.4020715951919555,0.325710654258728,-0.0016069839475676,-0.692893385887146,0.7900252342224121,0.2716479897499084,0.206939697265625,-0.0380356349050998,-0.4027062058448791,-0.5269857048988342,0.1135526448488235,-0.2245398461818695,-0.2606668472290039,0.2763649523258209,-0.2637712061405182,-0.8331787586212158,-0.7691138982772827,-0.1423832923173904,-0.4964363873004913,0.264447420835495,-0.4332245886325836,0.3284108340740204,0.5426124334335327,-0.9385073781013488,0.071190021932125,-0.3312522768974304,0.0120897646993398,-0.0463244654238224,-0.559325635433197,0.1614034920930862,-0.2113488316535949,-0.1161987110972404,0.95692777633667,1.2726802825927734,-0.1538219898939132,0.0029803221113979,0.6464163661003113,0.4682768583297729,-0.1482464522123336,0.1678376644849777,-0.0586160384118557,-0.0777111425995826,-0.1361441016197204,0.4181005656719208,0.3951898515224457,0.4984116852283478,-0.1019718647003173,-0.9674118757247924,-0.3025701642036438,-0.0282127056270837,-0.7616608738899231,0.8480797410011292,0.1494771540164947,0.574199378490448,-0.5650086402893066,0.2550767958164215,-0.71798175573349,0.0653414502739906,-0.338440328836441,0.74214106798172,-0.1519326120615005,-1.04733407497406,-0.3789604306221008,-0.3384161293506622,-0.6560640335083008,1.1519591808319092,0.2975504696369171,-0.5317815542221069,0.2551583647727966,0.4731556475162506,0.587594211101532,-0.1619690656661987,-0.2609764635562897,-0.6079117059707642,-0.0017427069833502,0.5699704885482788,0.1860572397708892,0.1896099895238876,0.2328871637582779,-0.2601096034049988,-0.3143323361873626,0.9247277975082396,-0.1064913645386695,0.2154057919979095,0.0015762044349685,-0.1405285149812698,0.264834463596344,-0.3598867356777191,0.1251207739114761,-0.0151385283097624,0.3542501628398895,-0.390069842338562,0.8113157749176025,0.6534985303878784,-0.2982082664966583,0.1151459738612175,1.2175644636154177,0.2156867235898971,0.8101264238357544,-0.093058168888092,0.1702180951833725,-1.071484088897705,0.3220025599002838,-0.0250449869781732,-0.308299571275711,0.0345678962767124,0.3359158933162689,-0.0597240589559078,-0.0791508331894874,0.1835925281047821,-0.053082101047039,-0.0485626757144928,0.8922157883644104,0.0628977939486503,-0.5882019996643066,0.8489956259727478,0.2754040956497192,-0.5140018463134766,0.1326376944780349,0.0538741908967494,0.7396072745323181,0.7340333461761475,-0.0887859836220741,0.5723599195480347,-0.3434407114982605,-0.9113019704818726,0.3252838551998138,-0.3197488784790039,0.2648066878318786,0.6553521156311035,-0.8622150421142578,-0.280593603849411,0.5223824381828308,0.3255664408206939,-0.1454605609178543,-0.4469906985759735,-0.8115350604057312,0.1609253883361816,0.1230842843651771,-0.4953006207942962,0.0215020291507244,0.2967218458652496,0.9404445290565492,0.3575349748134613,-0.353697806596756,0.2374450266361236,0.5376483798027039,0.1128925904631614,-0.25223308801651,0.0698895826935768,0.0508544854819774,0.2926948368549347,-0.1915831416845321,1.0132564306259155,-0.1815376281738281,-0.3185296356678009,0.4014007151126861,-0.4614874422550201,-0.335044115781784,0.2220762223005294,0.3514877557754516,0.0488082766532897,-0.2461649477481842,0.2165629267692566,-0.3726502358913421,-0.1613164097070694,-0.0257273651659488,-0.8785126805305481,0.1489665508270263,-0.1107839569449424,-0.0734648555517196,0.2120403349399566,-0.1659501940011978,-0.5672335624694824,-0.3633099794387817,-0.148784264922142,0.2369097471237182,-1.0670300722122192,-0.3297955095767975,0.9113585352897644,-0.0460878871381282,-0.454724907875061,-1.180962085723877,0.6429499387741089,-0.1859851777553558,0.5636294484138489,0.0384793318808078,0.36334228515625,0.0295556746423244,0.2435443848371505,-0.0163167957216501,-0.4478264451026916,0.1281453818082809,-9.772605895996094,0.110378548502922,-0.2114382833242416,-0.7284467220306396,0.1296182870864868,-0.3700575828552246,0.7001084089279175,0.7799782156944275,-0.5736806988716125,0.0128816161304712,-0.2321074903011322,0.1512254625558853,0.4533787667751312,0.3117083609104156,-0.2548143267631531,-0.3484274744987488,-0.3227987289428711,-0.2580979168415069,-0.0072240582667291,-0.1067056730389595,0.0884802192449569,-0.6279972195625305,1.1601966619491575,-0.0601275265216827,-0.2139840424060821,0.0270081255584955,-0.6554216146469116,0.2716947495937347,0.2104493528604507,0.2712748348712921,-1.0500394105911257,0.6977638006210327,0.151515856385231,-0.1209724098443985,-0.076580174267292,0.0832716226577758,-0.1007737442851066,-0.1844314485788345,-0.9225881099700928,0.6244952082633972,-0.0883222818374633,0.5163093209266663,0.3374885320663452,0.0138079226016998,0.5462932586669922,-0.6015337705612183,-0.1600221395492553,0.1806127279996872,0.7666876912117004,-0.0352241285145282,-0.2134445756673813,-0.2163338810205459,0.1733295023441314,-0.1142399460077285,0.1532788574695587,-0.1431831866502761,0.3888608515262604,-0.5076041221618652,0.4852150380611419,0.052206628024578,0.5553498864173889,0.1538432836532592,0.2521722316741943,0.4677759110927582,-0.1824336647987365,0.6698675155639648,-0.0603947453200817,-0.019552357494831,-0.3212562501430511,0.0143888778984546,0.5347374677658081,0.4911537766456604,0.3025696575641632,0.1234117150306701,0.2065031677484512,0.4246428906917572,-0.1623638123273849,0.3432522714138031,0.1864597797393798,0.1211486309766769,0.506132185459137,-0.7597959637641907,0.1330552250146865,0.0247879140079021,-1.0006664991378784,0.411822110414505,-0.2997811436653137,-0.0139427538961172,0.2921960949897766,-0.4114124476909637,0.4698550701141357,-0.0569961778819561,-0.311755895614624,-0.0610242784023284,0.381321519613266,-0.0760421901941299,0.2164565622806549,0.293256402015686,0.102699339389801,-0.3387416005134582,1
0.3267319798469543,0.504282534122467,0.3891793489456177,-0.644690990447998,0.2492967098951339,0.391729325056076,0.4885049760341644,0.0353201478719711,-0.295425534248352,-0.2600056529045105,0.4705418050289154,-0.4227430522441864,-0.4308756291866302,0.1589376181364059,0.3833131790161133,-0.1555226296186447,0.6771259307861328,-0.0070297834463417,-0.3241260945796966,-0.3549616932868957,-0.0278582032769918,-0.4655970633029938,-0.2775838077068329,0.5848970413208008,0.1186504065990448,-0.0684032440185546,-0.2162544131278991,0.0265272781252861,-0.2166880667209625,-0.4534425437450409,-0.5388060808181763,-0.4368718266487121,-0.2406570315361023,-0.0648179501295089,0.276409238576889,0.0543523505330085,-0.416244775056839,-0.1365386098623275,-0.1512780487537384,-0.1801581680774688,0.0069831199944019,-0.1989595890045166,-0.3204800486564636,0.0230019781738519,-0.4740468263626098,0.6393707394599915,-0.0073666828684508,0.4136851131916046,0.4353609383106231,-0.4213240146636963,-0.3094359338283539,0.289673388004303,0.3110057413578033,0.0382635742425918,0.4445213377475738,0.2003601044416427,0.6658976674079895,-0.4736901521682739,-0.2465175837278366,0.2811830639839172,-0.5472894310951233,-0.0253186244517564,0.5460535883903503,0.349573403596878,0.046179860830307,-0.2740751504898071,-0.2959727942943573,0.2039665430784225,-0.4295756816864013,-0.1771292686462402,-0.0226788148283958,0.1842251867055893,-0.1287569254636764,0.1752234548330307,1.0723930597305298,-0.0710352510213851,0.361193984746933,-0.1056608483195304,0.2930122315883636,-0.4511431157588959,-0.1169870719313621,0.2361347377300262,-0.1731827557086944,-0.7000932693481445,0.2416944503784179,0.4530516862869262,-0.184717372059822,-0.9327515363693236,0.1683125644922256,-0.2972277700901031,0.1019080281257629,0.1785274595022201,0.3188952505588531,-0.1510434448719024,0.2095098942518234,-0.5624170899391174,0.071826659142971,0.1156753599643707,-0.0019789640791714,0.1879253983497619,0.1076056584715843,0.0365924350917339,0.0773095712065696,-0.2180373072624206,-0.3064020574092865,-0.0419833473861217,-0.0543883815407753,0.0971352979540824,-0.1505163311958313,0.2135598510503769,-0.1776060312986374,-0.5533260703086853,-0.3114620149135589,0.1915563493967056,-0.1114105656743049,0.0397476218640804,0.1841901242733001,0.5035329461097717,-0.0344909764826297,0.6821163892745972,0.147258311510086,0.3250342309474945,0.0981586426496505,-0.3296723663806915,0.0727170556783676,-0.0620832107961177,0.1228261888027191,0.179835706949234,-0.2774180173873901,-0.074716679751873,-0.3984164297580719,0.2520693242549896,-0.2921371459960937,-0.3765508532524109,-0.6780340671539307,0.6243751645088196,-0.1838598102331161,-0.1403094679117202,-0.680529773235321,0.0007872059359215,-0.3262399137020111,0.4352965354919433,0.2223626375198364,-0.3203668892383575,0.3129109740257263,-0.0346749126911163,-0.3262746036052704,-0.4348961412906647,0.1461231559514999,0.3253750205039978,-0.1087788566946983,1.305041790008545,-0.8493898510932922,-0.0352116897702217,-0.0678188949823379,0.2587876915931701,-0.2110901474952697,-0.1314795911312103,0.2126944810152053,0.4045405387878418,0.4589438438415527,-0.4968355000019073,0.4671243727207184,0.762880802154541,0.1037597581744194,0.5101765394210815,0.4030967354774475,0.2913702428340912,0.3247058689594269,1.1106821298599243,0.4403388202190399,0.3149027824401855,-0.1746834516525268,-0.4148858189582824,0.2988938987255096,0.3918623030185699,0.2478193044662475,0.0748790353536605,0.3699105083942413,-0.6064022183418274,-0.1216680407524108,0.207931712269783,-0.2407763004302978,-0.215098425745964,-0.0199975483119487,-0.236678197979927,-0.2011442929506302,-0.4585068225860595,-0.4124470353126526,-0.0369753390550613,0.1035453081130981,-0.2105586528778076,0.2108959108591079,-0.5588843822479248,-0.153098851442337,-0.0092740580439567,-0.315667450428009,0.0164822563529014,-0.4316007494926452,0.1987726837396621,-0.1619186401367187,-0.0065610553137958,0.1626398861408233,-0.6173220276832581,-0.7654948830604553,-0.0158118456602096,0.4284592270851135,0.5024276971817017,0.3075867295265198,0.4950095415115356,-0.3036954998970032,-0.0054140617139637,0.0475791729986667,0.1158722341060638,0.1027875319123268,0.3564533293247223,-0.7489498853683472,-0.4544898569583893,0.0612788349390029,-0.3921308219432831,0.704927384853363,0.2117279767990112,0.478976309299469,0.0747089385986328,-0.3110966384410858,0.0881793275475502,-0.0790814012289047,-0.4825069606304168,0.0320451147854328,0.1151748076081276,-0.2791180312633514,-0.1340673714876175,-1.1665174961090088,-0.3765600025653839,-0.4259424209594726,0.187160313129425,0.1213842332363128,0.6426771879196167,-0.1291950792074203,0.5154077410697937,0.2109417021274566,-0.3010673522949219,0.3367121815681457,-0.0737029463052749,-0.0221858900040388,0.0571483336389064,0.1766414046287536,-0.0318243876099586,-0.0835957154631614,-0.0046967309899628,-0.4829332232475281,-0.2986761033535003,0.1204177588224411,-0.096907652914524,0.4430013298988342,0.4860514998435974,-0.0046140705235302,-0.1711658239364624,0.0125350384041666,-0.3149752020835876,-0.4689663350582123,-0.5819075107574463,0.0002409204025752,0.1060202419757843,0.0616700090467929,0.1227379739284515,0.2092468589544296,-0.7467853426933289,-0.3344900012016296,-0.5020788311958313,0.229773536324501,-0.1828431934118271,-0.1581522077322006,-0.013825655914843,-0.6248232126235962,0.0394642390310764,0.0344801805913448,0.2151777148246765,-0.5918433666229248,0.3020890057086944,-0.3633238077163696,0.1191168576478958,-0.4950653910636902,0.1323170363903045,-0.0689977928996086,-0.3021509051322937,-0.4408633112907409,-0.1590704917907714,-0.4249633848667145,0.2704673409461975,0.0207506604492664,-0.6475901007652283,0.1805578172206878,0.3039320707321167,-0.2253986448049545,0.1784315109252929,-0.0056885783560574,0.0843304693698883,-0.2874521613121032,0.1659282147884369,0.2623980939388275,0.2792764604091644,0.2436927407979965,-0.1092260181903839,-0.2078377902507782,-0.3585308790206909,-0.148477241396904,-0.1495766192674636,0.5844904780387878,-0.9987764954566956,-0.2214705944061279,1.2479735612869265,-0.7758281826972961,0.0665553957223892,0.0045615681447088,0.813340425491333,-1.761072278022766,-0.1873277574777603,0.0281074680387973,-0.0907032415270805,-0.3177246451377868,1.0065730810165403,0.1290562748908996,0.1617098152637481,-0.1409191340208053,-0.2126087248325348,0.5713610053062439,0.3174176514148712,-0.4547329843044281,-0.3359846770763397,-0.0021418263204395,-0.0830781087279319,0.3133994042873382,-0.8415486216545105,0.269359827041626,0.4748408794403076,-0.1113406345248222,-0.0563197769224643,0.1997775882482528,-0.322866290807724,-0.0741044133901596,0.1755832284688949,0.1077265068888664,0.2823744416236877,-0.4987630248069763,-0.188886821269989,0.4283036589622497,0.8307878375053406,0.7468206286430359,0.7617159485816956,-0.2234761118888855,0.0543698854744434,0.6194729804992676,0.3152368664741516,0.647981584072113,-0.3520143926143646,0.0005843696417286,-0.289363145828247,0.58577960729599,0.0854745060205459,-0.1188040375709533,0.4101342260837555,0.5229565501213074,0.293756753206253,-0.1009606942534446,0.0768756493926048,0.9074493050575256,0.3311062157154083,0.255146861076355,0.269178181886673,0.1543388813734054,0.2703054845333099,0.1075630933046341,-0.33624467253685,0.1270171701908111,-0.3424801230430603,-0.0244117584079504,-0.1972653269767761,-0.200936809182167,-0.2870866060256958,-0.6078546643257141,-0.0719562694430351,0.0895940661430358,-0.7981278896331787,-0.0107164662331342,-0.4852672815322876,-0.6455111503601074,-0.2486627846956253,-0.1731563359498977,-0.7422149181365967,0.1068806946277618,0.7675581574440002,0.3430756330490112,-0.4887702763080597,-0.2028398513793945,0.1150262802839279,-0.2654612064361572,-0.0778926163911819,-0.1300008594989776,0.1266610622406005,-0.2747055292129516,0.2506229281425476,-0.47366863489151,-0.454752117395401,-0.6353906989097595,-0.2739436328411102,-0.7019457817077637,-0.0465927496552467,0.0159214623272418,0.5708001255989075,-0.1236029043793678,-0.1026419326663017,-0.1213594824075698,-0.389390617609024,-0.2697679996490478,-0.3769181966781616,-0.5609708428382874,0.0775345340371131,0.4289674162864685,0.5754312872886658,0.496806800365448,0.513799250125885,0.1437530517578125,0.225522980093956,-0.2153615057468414,0.100604623556137,-0.2551022171974182,-0.5030132532119751,0.5300812125205994,-0.0444314815104007,0.3157464563846588,0.1196122169494628,-0.1533194631338119,0.6169959902763367,0.1200296878814697,-0.4377939999103546,0.0147731797769665,0.5540763139724731,-0.2375573366880417,0.3867173194885254,0.0738726258277893,0.9268486499786376,0.0752368420362472,0.4006178379058838,0.0721965283155441,-0.3297509551048279,0.2454726696014404,-0.0969294235110282,-0.3826265335083008,-0.0927560925483703,-0.0997589826583862,0.5404260754585266,0.5491176843643188,-0.0390110909938812,0.224794715642929,0.448674201965332,-0.3622162640094757,0.0187327340245246,0.1122161820530891,0.1531114131212234,-0.3659898638725281,-0.4390119314193725,-0.2144922763109207,0.1196262016892433,-0.8909561634063721,-0.209301546216011,0.2322250306606292,-0.0040029347874224,0.0986885353922844,0.0086712418124079,-0.4359364509582519,-0.3386326134204864,-0.8251433372497559,0.0996816083788871,0.1340792626142501,0.4725130200386047,0.3636029660701751,-0.51699298620224,-0.7288557291030884,0.5992422103881836,-0.3299131989479065,0.4728330671787262,-0.0762687996029853,-0.350804328918457,-0.6304427981376648,0.7653645277023315,0.0229078754782676,0.1178648471832275,0.3792878091335296,0.3151600360870361,-0.1227108538150787,-0.462264746427536,-0.1619949489831924,-0.2019966393709182,0.1037320494651794,-0.1361646801233291,0.4494776427745819,0.2585809230804443,-0.7056407332420349,-0.76743084192276,-0.2513591051101684,-0.2874118983745575,0.4968950152397156,-0.5697029232978821,0.339332640171051,-0.3406864404678345,0.3861749768257141,0.2856632769107818,0.5926978588104248,-0.1450183093547821,0.2671835124492645,0.6667153239250183,0.724128782749176,-0.1697767525911331,-0.0523705743253231,-0.1099754944443702,-0.0011484316783025,-0.1357564479112625,0.6046919226646423,-0.0798500701785087,-0.008443709462881,-0.1238091066479682,-0.8375066518783569,0.1677598059177398,-0.0895283818244934,-0.8037627935409546,0.7500090003013611,0.4310073852539062,0.0456083044409751,-0.3191115856170654,-0.0979274064302444,-0.8494911789894104,0.2522884905338287,0.2028941512107849,0.0811270251870155,0.0439445450901985,-0.6024342775344849,0.2184132933616638,-0.1976793259382248,-0.5514538288116455,0.3235717713832855,0.3739212155342102,-0.4451651573181152,-0.1253710091114044,0.28300940990448,0.3402640521526336,-0.2056640535593032,-0.0801890864968299,-0.3719019293785095,-0.0533611662685871,0.524002194404602,0.152753934264183,0.4569866955280304,0.708453893661499,0.0394307859241962,-0.0613542422652244,0.3606171011924743,0.4170361459255218,0.1632057428359985,-0.1810569763183593,0.1012683510780334,-0.1802436411380767,-0.6118770241737366,0.1879178583621978,0.2436230629682541,0.2829311788082123,-0.030719781294465,0.2523505389690399,0.7462795972824097,-0.4738180637359619,0.0379580743610858,0.4380264282226562,0.201602429151535,0.8641093969345093,-0.3401079177856445,0.0631332844495773,-0.5161869525909424,0.1041406393051147,0.0428745634853839,-0.1054497510194778,0.141892671585083,-0.0321596153080463,-0.3341409862041473,-0.5866129398345947,-0.038739513605833,0.4336657226085663,0.1068255230784416,0.8300034999847412,0.3175491988658905,-0.3696500957012176,0.6411426067352295,0.1251225620508194,-0.238680213689804,-0.1703198403120041,-0.1426229923963546,0.1360370367765426,0.5619893074035645,0.2192840129137039,0.6944481134414673,-0.5882658362388611,-1.0026215314865112,0.006992554757744,-0.2116232365369796,-0.1053381785750389,0.3487311005592346,-0.7125884890556335,-0.1822008639574051,0.3164593279361725,-0.210497498512268,-0.2970026731491089,-0.0677070468664169,-0.8756309151649475,0.1947965919971466,0.2422448992729187,-0.4073378443717956,-0.2278879433870315,-0.1371562778949737,0.3729032576084137,-0.023781668394804,-0.2348287552595138,0.0500561147928237,0.7955353260040283,-0.1886819303035736,-0.4642846584320068,0.1191840767860412,0.1427996754646301,0.130125030875206,0.100260429084301,0.0597211942076683,-0.683070719242096,-0.0700760334730148,-0.1741533726453781,-0.3724754750728607,-0.0252495259046554,0.2463886737823486,0.1751758754253387,0.267403244972229,-0.2065415829420089,-0.354124516248703,-0.25865039229393,-0.1415382027626037,0.1057116687297821,-0.5515578985214233,-0.0818513482809066,-0.1274208575487136,0.067889928817749,-0.0141771370545029,0.0427816957235336,-0.0644277855753898,-0.1679948568344116,-0.6305610537528992,0.1862228214740753,-0.9479663372039796,-0.2207952141761779,0.4355023503303528,0.0418233089148998,-0.1436243802309036,-0.944079041481018,0.3095574378967285,0.0753363743424415,0.4859519898891449,-0.0591470524668693,0.3895473480224609,-0.1722027957439422,0.4495869576931,0.2307757884263992,-0.4454110860824585,0.3099581003189087,-10.271347045898438,-0.2254373282194137,-0.6124522686004639,-0.3556426465511322,0.2084318399429321,0.1765032112598419,0.7559671998023987,0.0992186889052391,-0.4085058271884918,0.0534823797643184,0.339387983083725,0.7454551458358765,0.5641279816627502,0.799053966999054,-0.8186019659042358,-0.2134899646043777,-0.3583584725856781,-0.2594962418079376,-0.0355873592197895,-0.2031535506248474,0.2094049453735351,-0.4164888560771942,0.7312559485435486,0.6766772866249084,-0.4954853355884552,-0.2237013429403305,-0.497884452342987,0.329694926738739,0.0586513727903366,0.7140833139419556,-0.4454948008060455,0.6512873768806458,0.0133997332304716,0.4293562173843384,-0.0811167433857917,-0.09075728058815,-0.1363884508609771,0.5629774928092957,-0.3571276664733886,0.643925666809082,0.160020962357521,0.7590019106864929,-0.279123455286026,-0.3061985373497009,0.0805494040250778,0.4457494914531708,0.5086052417755127,0.4723740220069885,0.6940380930900574,0.2740190029144287,0.1002665534615516,-0.1793662011623382,-0.2128323167562484,0.0730151161551475,0.1171372979879379,0.1139796897768974,0.9575792551040648,0.0290617011487483,0.2050649374723434,0.3395489454269409,0.6473352313041687,-0.3669528067111969,0.3318167328834533,0.7136003375053406,-0.1391368061304092,0.0332276076078414,0.2186232954263687,0.4464263617992401,-0.3211424648761749,-0.1140047535300254,0.189930185675621,0.5199828743934631,-0.2167618423700332,0.2228578925132751,-0.6123327016830444,0.2954936325550079,0.0284136030822992,-0.1343257576227188,0.0520612411201,0.6001419425010681,0.446128636598587,-0.2191944718360901,-0.2631876468658447,0.2700689136981964,-0.6663702726364136,-0.1921061277389526,-0.1096558570861816,0.1401856690645218,0.4271815717220306,-0.6189101934432983,0.3425246775150299,0.1055577546358108,-0.4600609242916107,0.1795538067817688,0.6915600299835205,-0.3033600151538849,0.1349276304244995,0.1071744114160537,0.1366688162088394,0.0002114886592607,1
