MFeature_0,MFeature_1,MFeature_2,MFeature_3,MFeature_4,MFeature_5,MFeature_6,MFeature_7,MFeature_8,MFeature_9,MFeature_10,MFeature_11,MFeature_12,MFeature_13,MFeature_14,MFeature_15,MFeature_16,MFeature_17,MFeature_18,MFeature_19,MFeature_20,MFeature_21,MFeature_22,MFeature_23,MFeature_24,MFeature_25,MFeature_26,MFeature_27,MFeature_28,MFeature_29,MFeature_30,MFeature_31,MFeature_32,MFeature_33,MFeature_34,MFeature_35,MFeature_36,MFeature_37,MFeature_38,MFeature_39,MFeature_40,MFeature_41,MFeature_42,MFeature_43,MFeature_44,MFeature_45,MFeature_46,MFeature_47,MFeature_48,MFeature_49,MFeature_50,MFeature_51,MFeature_52,MFeature_53,MFeature_54,MFeature_55,MFeature_56,MFeature_57,MFeature_58,MFeature_59,MFeature_60,MFeature_61,MFeature_62,MFeature_63,MFeature_64,MFeature_65,MFeature_66,MFeature_67,MFeature_68,MFeature_69,MFeature_70,MFeature_71,MFeature_72,MFeature_73,MFeature_74,MFeature_75,MFeature_76,MFeature_77,MFeature_78,MFeature_79,MFeature_80,MFeature_81,MFeature_82,MFeature_83,MFeature_84,MFeature_85,MFeature_86,MFeature_87,MFeature_88,MFeature_89,MFeature_90,MFeature_91,MFeature_92,MFeature_93,MFeature_94,MFeature_95,MFeature_96,MFeature_97,MFeature_98,MFeature_99,MFeature_100,MFeature_101,MFeature_102,MFeature_103,MFeature_104,MFeature_105,MFeature_106,MFeature_107,MFeature_108,MFeature_109,MFeature_110,MFeature_111,MFeature_112,MFeature_113,MFeature_114,MFeature_115,MFeature_116,MFeature_117,MFeature_118,MFeature_119,MFeature_120,MFeature_121,MFeature_122,MFeature_123,MFeature_124,MFeature_125,MFeature_126,MFeature_127,MFeature_128,MFeature_129,MFeature_130,MFeature_131,MFeature_132,MFeature_133,MFeature_134,MFeature_135,MFeature_136,MFeature_137,MFeature_138,MFeature_139,MFeature_140,MFeature_141,MFeature_142,MFeature_143,MFeature_144,MFeature_145,MFeature_146,MFeature_147,MFeature_148,MFeature_149,MFeature_150,MFeature_151,MFeature_152,MFeature_153,MFeature_154,MFeature_155,MFeature_156,MFeature_157,MFeature_158,MFeature_159,MFeature_160,MFeature_161,MFeature_162,MFeature_163,MFeature_164,MFeature_165,MFeature_166,MFeature_167,MFeature_168,MFeature_169,MFeature_170,MFeature_171,MFeature_172,MFeature_173,MFeature_174,MFeature_175,MFeature_176,MFeature_177,MFeature_178,MFeature_179,MFeature_180,MFeature_181,MFeature_182,MFeature_183,MFeature_184,MFeature_185,MFeature_186,MFeature_187,MFeature_188,MFeature_189,MFeature_190,MFeature_191,MFeature_192,MFeature_193,MFeature_194,MFeature_195,MFeature_196,MFeature_197,MFeature_198,MFeature_199,MFeature_200,MFeature_201,MFeature_202,MFeature_203,MFeature_204,MFeature_205,MFeature_206,MFeature_207,MFeature_208,MFeature_209,MFeature_210,MFeature_211,MFeature_212,MFeature_213,MFeature_214,MFeature_215,MFeature_216,MFeature_217,MFeature_218,MFeature_219,MFeature_220,MFeature_221,MFeature_222,MFeature_223,MFeature_224,MFeature_225,MFeature_226,MFeature_227,MFeature_228,MFeature_229,MFeature_230,MFeature_231,MFeature_232,MFeature_233,MFeature_234,MFeature_235,MFeature_236,MFeature_237,MFeature_238,MFeature_239,MFeature_240,MFeature_241,MFeature_242,MFeature_243,MFeature_244,MFeature_245,MFeature_246,MFeature_247,MFeature_248,MFeature_249,MFeature_250,MFeature_251,MFeature_252,MFeature_253,MFeature_254,MFeature_255,MFeature_256,MFeature_257,MFeature_258,MFeature_259,MFeature_260,MFeature_261,MFeature_262,MFeature_263,MFeature_264,MFeature_265,MFeature_266,MFeature_267,MFeature_268,MFeature_269,MFeature_270,MFeature_271,MFeature_272,MFeature_273,MFeature_274,MFeature_275,MFeature_276,MFeature_277,MFeature_278,MFeature_279,MFeature_280,MFeature_281,MFeature_282,MFeature_283,MFeature_284,MFeature_285,MFeature_286,MFeature_287,MFeature_288,MFeature_289,MFeature_290,MFeature_291,MFeature_292,MFeature_293,MFeature_294,MFeature_295,MFeature_296,MFeature_297,MFeature_298,MFeature_299,MFeature_300,MFeature_301,MFeature_302,MFeature_303,MFeature_304,MFeature_305,MFeature_306,MFeature_307,MFeature_308,MFeature_309,MFeature_310,MFeature_311,MFeature_312,MFeature_313,MFeature_314,MFeature_315,MFeature_316,MFeature_317,MFeature_318,MFeature_319,MFeature_320,MFeature_321,MFeature_322,MFeature_323,MFeature_324,MFeature_325,MFeature_326,MFeature_327,MFeature_328,MFeature_329,MFeature_330,MFeature_331,MFeature_332,MFeature_333,MFeature_334,MFeature_335,MFeature_336,MFeature_337,MFeature_338,MFeature_339,MFeature_340,MFeature_341,MFeature_342,MFeature_343,MFeature_344,MFeature_345,MFeature_346,MFeature_347,MFeature_348,MFeature_349,MFeature_350,MFeature_351,MFeature_352,MFeature_353,MFeature_354,MFeature_355,MFeature_356,MFeature_357,MFeature_358,MFeature_359,MFeature_360,MFeature_361,MFeature_362,MFeature_363,MFeature_364,MFeature_365,MFeature_366,MFeature_367,MFeature_368,MFeature_369,MFeature_370,MFeature_371,MFeature_372,MFeature_373,MFeature_374,MFeature_375,MFeature_376,MFeature_377,MFeature_378,MFeature_379,MFeature_380,MFeature_381,MFeature_382,MFeature_383,MFeature_384,MFeature_385,MFeature_386,MFeature_387,MFeature_388,MFeature_389,MFeature_390,MFeature_391,MFeature_392,MFeature_393,MFeature_394,MFeature_395,MFeature_396,MFeature_397,MFeature_398,MFeature_399,MFeature_400,MFeature_401,MFeature_402,MFeature_403,MFeature_404,MFeature_405,MFeature_406,MFeature_407,MFeature_408,MFeature_409,MFeature_410,MFeature_411,MFeature_412,MFeature_413,MFeature_414,MFeature_415,MFeature_416,MFeature_417,MFeature_418,MFeature_419,MFeature_420,MFeature_421,MFeature_422,MFeature_423,MFeature_424,MFeature_425,MFeature_426,MFeature_427,MFeature_428,MFeature_429,MFeature_430,MFeature_431,MFeature_432,MFeature_433,MFeature_434,MFeature_435,MFeature_436,MFeature_437,MFeature_438,MFeature_439,MFeature_440,MFeature_441,MFeature_442,MFeature_443,MFeature_444,MFeature_445,MFeature_446,MFeature_447,MFeature_448,MFeature_449,MFeature_450,MFeature_451,MFeature_452,MFeature_453,MFeature_454,MFeature_455,MFeature_456,MFeature_457,MFeature_458,MFeature_459,MFeature_460,MFeature_461,MFeature_462,MFeature_463,MFeature_464,MFeature_465,MFeature_466,MFeature_467,MFeature_468,MFeature_469,MFeature_470,MFeature_471,MFeature_472,MFeature_473,MFeature_474,MFeature_475,MFeature_476,MFeature_477,MFeature_478,MFeature_479,MFeature_480,MFeature_481,MFeature_482,MFeature_483,MFeature_484,MFeature_485,MFeature_486,MFeature_487,MFeature_488,MFeature_489,MFeature_490,MFeature_491,MFeature_492,MFeature_493,MFeature_494,MFeature_495,MFeature_496,MFeature_497,MFeature_498,MFeature_499,MFeature_500,MFeature_501,MFeature_502,MFeature_503,MFeature_504,MFeature_505,MFeature_506,MFeature_507,MFeature_508,MFeature_509,MFeature_510,MFeature_511,MFeature_512,MFeature_513,MFeature_514,MFeature_515,MFeature_516,MFeature_517,MFeature_518,MFeature_519,MFeature_520,MFeature_521,MFeature_522,MFeature_523,MFeature_524,MFeature_525,MFeature_526,MFeature_527,MFeature_528,MFeature_529,MFeature_530,MFeature_531,MFeature_532,MFeature_533,MFeature_534,MFeature_535,MFeature_536,MFeature_537,MFeature_538,MFeature_539,MFeature_540,MFeature_541,MFeature_542,MFeature_543,MFeature_544,MFeature_545,MFeature_546,MFeature_547,MFeature_548,MFeature_549,MFeature_550,MFeature_551,MFeature_552,MFeature_553,MFeature_554,MFeature_555,MFeature_556,MFeature_557,MFeature_558,MFeature_559,MFeature_560,MFeature_561,MFeature_562,MFeature_563,MFeature_564,MFeature_565,MFeature_566,MFeature_567,MFeature_568,MFeature_569,MFeature_570,MFeature_571,MFeature_572,MFeature_573,MFeature_574,MFeature_575,MFeature_576,MFeature_577,MFeature_578,MFeature_579,MFeature_580,MFeature_581,MFeature_582,MFeature_583,MFeature_584,MFeature_585,MFeature_586,MFeature_587,MFeature_588,MFeature_589,MFeature_590,MFeature_591,MFeature_592,MFeature_593,MFeature_594,MFeature_595,MFeature_596,MFeature_597,MFeature_598,MFeature_599,MFeature_600,MFeature_601,MFeature_602,MFeature_603,MFeature_604,MFeature_605,MFeature_606,MFeature_607,MFeature_608,MFeature_609,MFeature_610,MFeature_611,MFeature_612,MFeature_613,MFeature_614,MFeature_615,MFeature_616,MFeature_617,MFeature_618,MFeature_619,MFeature_620,MFeature_621,MFeature_622,MFeature_623,MFeature_624,MFeature_625,MFeature_626,MFeature_627,MFeature_628,MFeature_629,MFeature_630,MFeature_631,MFeature_632,MFeature_633,MFeature_634,MFeature_635,MFeature_636,MFeature_637,MFeature_638,MFeature_639,MFeature_640,MFeature_641,MFeature_642,MFeature_643,MFeature_644,MFeature_645,MFeature_646,MFeature_647,MFeature_648,MFeature_649,MFeature_650,MFeature_651,MFeature_652,MFeature_653,MFeature_654,MFeature_655,MFeature_656,MFeature_657,MFeature_658,MFeature_659,MFeature_660,MFeature_661,MFeature_662,MFeature_663,MFeature_664,MFeature_665,MFeature_666,MFeature_667,MFeature_668,MFeature_669,MFeature_670,MFeature_671,MFeature_672,MFeature_673,MFeature_674,MFeature_675,MFeature_676,MFeature_677,MFeature_678,MFeature_679,MFeature_680,MFeature_681,MFeature_682,MFeature_683,MFeature_684,MFeature_685,MFeature_686,MFeature_687,MFeature_688,MFeature_689,MFeature_690,MFeature_691,MFeature_692,MFeature_693,MFeature_694,MFeature_695,MFeature_696,MFeature_697,MFeature_698,MFeature_699,MFeature_700,MFeature_701,MFeature_702,MFeature_703,MFeature_704,MFeature_705,MFeature_706,MFeature_707,MFeature_708,MFeature_709,MFeature_710,MFeature_711,MFeature_712,MFeature_713,MFeature_714,MFeature_715,MFeature_716,MFeature_717,MFeature_718,MFeature_719,MFeature_720,MFeature_721,MFeature_722,MFeature_723,MFeature_724,MFeature_725,MFeature_726,MFeature_727,MFeature_728,MFeature_729,MFeature_730,MFeature_731,MFeature_732,MFeature_733,MFeature_734,MFeature_735,MFeature_736,MFeature_737,MFeature_738,MFeature_739,MFeature_740,MFeature_741,MFeature_742,MFeature_743,MFeature_744,MFeature_745,MFeature_746,MFeature_747,MFeature_748,MFeature_749,MFeature_750,MFeature_751,MFeature_752,MFeature_753,MFeature_754,MFeature_755,MFeature_756,MFeature_757,MFeature_758,MFeature_759,MFeature_760,MFeature_761,MFeature_762,MFeature_763,MFeature_764,MFeature_765,MFeature_766,MFeature_767,Accent
0.3682193160057068,0.3292665481567383,0.8644543886184692,-0.4547060430049896,0.0289802309125661,0.3632304668426513,0.869796633720398,0.235081598162651,-0.3117604553699493,-0.5920979976654053,1.1514443159103394,-0.0722688883543014,-0.0054019382223486,-0.0097243729978799,0.6453694105148315,-0.1652835011482238,-0.2556949257850647,-0.2885798811912536,-0.2117737829685211,-0.1791065633296966,-1.0044585466384888,-0.4025528132915497,0.1543132066726684,0.1137575730681419,-0.0190022811293602,-0.4326919019222259,-0.595784604549408,-0.2279069721698761,0.4537290036678314,-0.3578506410121918,-0.3143651187419891,0.278877317905426,-0.3495567739009857,-0.1274731606245041,-1.0955162048339844,0.7827889323234558,-0.235791876912117,-0.728550374507904,0.4461806416511535,-0.0100956186652183,-0.1823140978813171,0.2501301169395447,-0.0096647264435887,-0.2115074098110199,0.3380984663963318,0.5786697864532471,-0.1832513064146042,0.2999294698238373,0.3339156806468963,-0.044017132371664,-0.2451929748058319,0.1507951468229293,0.6920015215873718,0.4854202568531036,0.263384073972702,0.1197682619094848,1.2305305004119873,-0.7075121402740479,-0.0408193655312061,-0.0709565728902816,-0.4697852432727813,-0.4440093040466308,0.2375277429819107,0.0073456866666674,0.1214565187692642,-0.0016788598150014,0.0406984575092792,0.3222615718841553,0.6469513177871704,0.0316624455153942,0.4071902930736542,-0.4043523967266083,0.2637761533260345,-0.9604631066322328,-0.0093676969408988,-0.9376052021980286,0.2246944159269333,0.6760113835334778,0.5294893383979797,0.4319976568222046,-0.0552712194621562,0.179190993309021,0.1549673527479171,-0.2475692331790924,-0.2587957978248596,0.6550536751747131,-0.5333580374717712,-0.3309781551361084,0.9828264117240906,-0.557182788848877,0.2067976146936416,0.0483346134424209,0.1462049186229705,-0.1366659551858902,0.199419766664505,0.0068687596358358,0.0773852616548538,0.370796263217926,0.0094540258869528,0.4053308665752411,-0.4463542997837066,0.1063226088881492,0.6709896326065063,-0.370741069316864,-0.5390024781227112,0.1726492196321487,-0.2681701779365539,0.3677534162998199,0.4423648715019226,0.0530902966856956,-0.4938973188400268,-0.4934566020965576,-0.3117074966430664,-0.4950631558895111,0.473499447107315,-0.0275905895978212,-0.3456614017486572,0.8225507736206055,-0.289503812789917,0.512947142124176,0.1979896426200866,0.7426512837409973,0.0625472366809845,-0.3941037952899933,0.1630655825138092,0.4951962232589721,0.045414313673973,-0.125285193324089,-0.1034788489341735,0.2853951752185821,-0.4309273958206177,-0.5008015036582947,0.0532273389399051,-0.0503981672227382,-0.5156291723251343,0.8617355823516846,0.057606890797615,0.4234765470027923,0.1299458295106887,0.0894941017031669,-0.6504043340682983,0.0503586716949939,-0.0511188432574272,-0.8979623913764954,0.1821893006563186,0.5126801133155823,-0.8181862235069275,-0.3275724351406097,-0.0861323997378349,0.1576475203037262,-0.1457587629556656,0.7918778657913208,-1.054903864860535,0.150526762008667,-0.130735158920288,0.3815771043300628,-0.6351568102836609,0.4226811826229095,0.7910699248313904,0.6215804219245911,0.2227749228477478,0.1372874677181244,0.0305541716516017,0.1076393350958824,0.3134526908397674,-0.0433519519865512,0.081024944782257,-0.3133243024349212,0.1828249394893646,0.1904176026582718,0.3245570659637451,0.2980927228927612,0.3630894422531128,0.1911048740148544,0.226697489619255,0.2509301602840423,1.6339253187179563,0.0781629085540771,0.1483961343765258,-0.3908206224441528,0.2227059453725814,0.1527333110570907,0.5575588345527649,-0.488377571105957,0.5501053929328918,-0.0783371552824974,-0.229338526725769,-0.1848827451467514,-0.6618098020553589,0.4428549706935882,-0.1617363840341568,-0.4380474984645843,0.5156275033950806,-0.5697144865989685,0.0146600138396024,-0.2799692153930664,0.285574346780777,0.2098794430494308,-0.1781847476959228,0.4474411606788635,-0.1853850185871124,0.1691539585590362,0.115417756140232,-0.5559435486793518,-1.1040118932724,-0.3993240594863891,-0.3618296980857849,0.33306884765625,-0.5896134376525879,0.4108616709709167,-0.231512576341629,0.145191416144371,0.3611497282981872,-0.1142827942967414,0.6726722717285156,-0.3153713941574096,-0.4864955544471741,-0.638911247253418,-0.185648113489151,0.1726510226726532,0.2001900821924209,-0.006426231469959,-0.2273625135421753,-0.0486580282449722,0.5556612610816956,0.3593012392520904,0.215244859457016,-0.2808024287223816,-0.3526521325111389,0.7032154202461243,-0.5418618321418762,-0.7268780469894409,-0.8799625039100647,-0.0005027996376156,-0.5185950994491577,-0.6841771602630615,-0.3006274402141571,0.2281947433948516,-0.6631286144256592,0.22833813726902,-0.3531308770179748,-0.2031898647546768,0.3901914358139038,-0.6078001260757446,-0.3014066219329834,0.0275513157248497,-0.2370168417692184,-0.2275270670652389,-0.551916778087616,0.1317590475082397,-0.1210790202021598,-0.4093701243400574,0.0014025958953425,-0.0984887480735778,0.3553655445575714,0.6152073740959167,1.1745758056640625,-0.6642908453941345,0.1115088313817977,-0.5607948899269104,-0.3427416980266571,-0.3785105347633362,0.2948976755142212,0.1826577186584472,0.0262390542775392,-0.697417676448822,0.121367260813713,0.032925896346569,-0.6150816082954407,-0.3815659582614898,0.6807169914245605,-0.8059123754501343,-0.2849254608154297,-0.290047138929367,0.2735840678215027,-0.3136284351348877,-0.3525402247905731,0.4053089618682861,-0.1564235240221023,0.1103876158595085,-0.2470582872629165,0.391310453414917,-0.1642614603042602,-0.1895443797111511,-0.2719891369342804,0.5025808215141296,-0.7451705932617188,-0.2235125452280044,-0.1620199084281921,0.2109284549951553,0.5361423492431641,-0.142189547419548,-0.5777863264083862,-0.2283027917146682,-0.8268322348594666,0.1742933392524719,0.7804688215255737,-0.4848483502864837,0.592789888381958,0.085784338414669,0.4150537550449371,0.8120357990264893,0.8355640172958374,-0.0653130337595939,0.5055839419364929,-0.2164205908775329,-0.2455022037029266,0.3508389294147491,0.2031495571136474,-0.2824801504611969,0.4090938568115234,0.4890072047710418,-0.8307744860649109,0.1022162064909935,0.6946054100990295,0.3654387295246124,-1.549358606338501,0.1985819935798645,0.5821848511695862,0.2049321681261062,0.092645026743412,0.1168838515877723,0.3129783868789673,0.3667098581790924,-0.5390347242355347,-0.5531879663467407,0.7821671366691589,-0.0838534012436866,0.081349991261959,-0.0437413863837718,0.1856448203325271,-0.3319033086299896,-0.3644907772541046,-0.2707518637180328,0.3054513037204742,0.4059593975543976,-0.3626030683517456,-0.3580777049064636,0.2717812359333038,-0.4994434416294098,-0.4391800165176391,0.369369626045227,-0.4843523502349853,-0.4176582992076874,-0.6708980202674866,0.0097815794870257,0.22983118891716,1.0606752634048462,0.5247883200645447,0.0314554907381534,-0.9079899787902832,-0.5451648831367493,-0.2283469587564468,-0.3372842371463775,-0.1234773322939872,-0.4502787888050079,-0.380281925201416,0.0063984189182519,-0.1880376785993576,0.0181175973266363,0.3952329158782959,-0.4778372943401336,-0.7110987901687622,-0.0496427156031131,-0.5895137786865234,0.4648531973361969,0.5260128974914551,-0.2883224785327911,0.0616050660610199,0.3771659433841705,0.3026874959468841,0.309161365032196,0.2528733909130096,-0.3122678697109222,-0.113880805671215,-0.3729479610919952,0.0196843054145574,-0.4080919623374939,-0.46871417760849,1.0539830923080444,0.0784170925617218,0.2631512582302093,0.0200835224241018,-0.6328478455543518,0.3393954932689667,-0.0676289573311805,-0.2777401804924011,0.4552822709083557,-0.1097223907709121,0.2478336691856384,0.6789475679397583,0.3992164731025696,0.4637596607208252,-0.4840017557144165,-1.1185367107391355,-0.0748361870646476,-0.0939575880765914,0.0703494176268577,-0.0898114815354347,0.3315262794494629,-0.0285021234303712,-0.3170654475688934,0.0618542321026325,-0.5414413809776306,-0.3952092230319977,0.3381754755973816,-0.0740914717316627,0.549935519695282,0.1371282637119293,0.3581242263317108,-0.482826292514801,0.2266361564397812,-0.0204048492014408,0.645507276058197,-0.6585192680358887,-0.4835818409919739,-0.4453463554382324,0.4137893915176391,-0.0301733538508415,0.7787360548973083,0.3449123203754425,0.5710875391960144,0.1130387112498283,-0.2812731862068176,0.3987780809402466,0.0277447625994682,0.0907284319400787,-0.3738654255867004,0.9761075377464294,-0.5436421632766724,-0.4882151186466217,0.2453666180372238,0.0227328930050134,0.7456627488136292,-0.4854733943939209,-0.7330635786056519,0.4323510229587555,-0.1401971280574798,0.3054534494876861,0.533010721206665,0.5557472705841064,0.3226466178894043,0.3942412137985229,0.238053560256958,-0.4444259107112884,-0.3636993169784546,-0.5689812898635864,-0.1847700029611587,0.3270027637481689,0.0753708705306053,0.5656668543815613,0.6195699572563171,0.0177174471318721,0.2442236393690109,0.3773729503154754,-0.1812088042497635,-0.4698228538036346,0.0374087914824485,0.2443120330572128,0.4807868599891662,-0.4495330154895782,1.130861520767212,-0.2234135121107101,-0.037492498755455,0.2146240621805191,0.0312572866678237,0.3550993204116821,0.3531871140003204,0.277735024690628,-0.5726791620254517,-0.7589923143386841,-0.3778775930404663,-0.8490293622016907,-0.3382501006126404,-0.2367900013923645,-0.1404921412467956,0.1279502063989639,0.0209464281797409,-0.2051678150892257,0.2842999994754791,0.6408964991569519,0.0303231831640005,-0.077572762966156,-0.2124412953853607,-0.2869102656841278,0.5669058561325073,-0.2398605644702911,-0.1839842200279235,0.5162825584411621,0.0789210498332977,0.1767730414867401,-0.1293396204710006,-0.1601191908121109,-0.2186508774757385,0.1670279800891876,-0.0734656229615211,-0.049102034419775,0.2687699198722839,-0.5245630741119385,0.2057343870401382,-0.174494206905365,-0.5945414900779724,-0.4498580694198608,-0.2303968966007232,-0.3603071868419647,-0.1899917721748352,-0.3539232015609741,0.9872255325317384,0.6862660646438599,-0.3416346609592438,0.1742839217185974,0.2143734246492386,0.1684119403362274,-0.4514539241790771,0.318460613489151,-0.37459796667099,-0.6466274261474609,-0.5225718021392822,0.3666108846664428,0.1998269259929657,0.0577675439417362,0.2173094302415847,-0.7278071045875549,-0.5534350275993347,0.0882584601640701,-0.3012849390506744,0.172931432723999,-0.014384719543159,0.8632665872573853,-0.5424577593803406,-0.0386748760938644,-0.070438228547573,0.333806574344635,-0.4120877981185913,0.5214506387710571,-0.0424723885953426,-1.0244686603546145,-0.411830335855484,-0.1911727488040924,-0.7792606949806213,0.9564675688743592,0.0642207562923431,-0.6186459064483643,0.3446294665336609,0.5677841305732727,0.4530818164348602,-0.2414780408143997,0.4750202298164367,-0.6981932520866394,0.116135150194168,0.1350361257791519,-0.188835009932518,0.2576098442077636,-0.2866228222846985,-0.2370724380016327,-0.067913644015789,0.7763709425926208,0.3949945271015167,0.6288672089576721,0.2947041690349579,0.060816902667284,-0.3509702086448669,-0.1385436952114105,-0.0699353516101837,-0.2112154960632324,0.7583011984825134,-1.1373977661132812,0.3678314685821533,0.4309217035770416,-0.2085576355457306,0.0194591302424669,0.6705248355865479,0.2944424450397491,0.5495242476463318,0.5241615176200867,-0.2365225255489349,-0.2456518709659576,-0.0610070005059242,0.5654253363609314,0.0958539023995399,0.0608971081674099,-0.097154289484024,-0.3051642477512359,-0.5221779346466064,0.3247886598110199,-0.0455973222851753,-0.2669575810432434,0.2092873603105545,-0.1444539427757263,-0.0774085223674774,1.1206773519515991,0.4654363393783569,-0.1252287477254867,0.3156293034553528,0.2166900038719177,1.016677737236023,1.0867215394973757,-0.1433700323104858,0.6675401329994202,0.0255192723125219,-0.4370066821575165,0.079482689499855,0.4777455925941467,-0.4446445405483246,0.4505096673965454,-0.6055397391319275,-0.7004503607749939,1.0028313398361206,0.3786376118659973,0.0933121219277381,-1.1814000606536863,-0.6863963007926941,0.229263961315155,-0.461121141910553,-0.0331521593034267,0.337056428194046,0.2291105985641479,0.5264355540275574,0.5781905651092529,-0.6175558567047119,0.0225058980286121,0.4717849195003509,0.3194578289985657,-0.4234924614429474,-0.0425483956933021,0.1205913722515106,-0.0871253237128257,0.1375775188207626,0.1246028244495391,-0.2418360561132431,-0.4715994596481323,0.7432640790939331,-0.5609623789787292,-0.0475702099502086,-0.1218430548906326,0.4205171167850494,0.0667844414710998,0.1001758500933647,0.1773942708969116,-0.664689838886261,0.0027960196603089,-0.0187406633049249,-0.5531678199768066,-0.0936073660850524,-0.1540332585573196,0.0901680588722229,-0.1998867243528366,-0.1321097612380981,-0.9458906650543212,-0.6036369800567627,0.0355692096054554,0.217228502035141,-0.8181173801422119,-0.4747017621994018,0.8842535614967346,-0.0938958972692489,-0.3331314325332641,-0.909400463104248,0.6811919212341309,0.37940713763237,0.1114593222737312,-0.0763632729649543,0.1667303591966629,0.1458184123039245,-0.1207043901085853,-0.1912150681018829,-0.3835154175758362,0.0488593652844429,-9.768409729003906,0.1066575720906257,0.0113253351300954,-0.3406780362129211,-0.1826318204402923,-0.5023660063743591,0.8059524297714233,1.5109946727752686,-0.698584794998169,0.6072489619255066,-0.6158217787742615,-0.3556929528713226,0.0824722051620483,0.1094074621796608,0.5356969237327576,-0.237716943025589,-0.5516232252120972,0.302073985338211,0.1179425790905952,0.3154647648334503,-0.2740806937217712,-0.3042052388191223,0.9021140933036804,0.2751072347164154,0.0347791612148284,-0.303371787071228,-0.0722283944487571,0.1018222570419311,-0.1859838515520095,0.2038394212722778,-1.152370572090149,0.2062796503305435,0.1848394721746444,-0.1361194103956222,0.0272098314017057,0.1375243663787841,0.1432068943977356,0.1448884606361389,-0.516914963722229,0.6604012846946716,-0.1791769564151764,0.286393940448761,0.4852191805839538,0.0274903923273086,0.4044206440448761,-0.4337556660175323,-0.1072475910186767,-0.56976318359375,0.7653325200080872,-0.5265690088272095,-0.144997701048851,-0.1829202622175216,0.4210478663444519,-0.464175283908844,0.8025811314582825,-0.1548163294792175,0.2941088080406189,-1.054028868675232,0.1169496774673461,0.3124195039272308,0.2513885200023651,0.6373324990272522,0.4978057444095611,0.3345199227333069,-0.2271986603736877,0.667036235332489,0.1212864145636558,-0.0933515131473541,-0.7824097275733948,-0.0039621545001864,-0.0715151727199554,0.1839700639247894,0.1795272380113601,0.080128401517868,-0.3668190538883209,0.3023093938827514,0.698903501033783,0.2376018613576889,0.4922088980674743,-0.0124019160866737,0.1351324319839477,-0.5054022073745728,0.6741665601730347,0.3400146067142486,-0.6674734354019165,0.2149252742528915,0.0816484317183494,-0.685377836227417,-0.3286010026931762,-0.564011812210083,0.7038549184799194,-0.3358983099460602,-0.3506832122802734,0.3198389410972595,0.3778053820133209,0.3762234151363373,-0.5199975371360779,-0.3346655368804931,0.2082643210887909,-0.8800431489944458,1
0.5296596884727478,0.2130906283855438,0.4559382796287536,-0.3788235783576965,0.0963736400008201,0.229296863079071,0.2386744916439056,0.2548413276672363,-0.0763473808765411,-0.5995948910713196,0.3987560868263244,-0.4263967275619507,0.4475667774677276,-0.2476707696914672,0.6969519257545471,-0.0656861960887909,0.0709809884428978,-0.1644545197486877,-0.0108748702332377,-0.3702743947505951,-0.7576481103897095,-0.413432627916336,0.3180697858333587,0.3614082336425781,0.053830225020647,-0.3144461810588836,0.024836154654622,0.22332763671875,-0.1629917174577713,0.0653100684285163,-0.163625493645668,-0.366718590259552,-0.2875009775161743,-0.143985703587532,-0.1412046998739242,0.7164433598518372,0.0447980128228664,-0.334321528673172,-0.048272281885147,-0.4448588788509369,0.2024504095315933,-0.0392537266016006,-0.0778143554925918,-0.4906745254993438,-0.4244580864906311,0.3569748103618622,0.1421144604682922,0.4508043527603149,0.3910716772079468,0.065802477300167,-0.2395339757204055,0.3987994194030761,0.2064034640789032,0.0377097837626934,0.5504782795906067,-0.1333968788385391,0.3774928748607635,-0.541711688041687,-0.0768055692315101,0.2613519728183746,-0.3717130422592163,-0.2485538125038147,0.521899402141571,-0.136066272854805,0.0811342075467109,0.026225758716464,-0.2150810807943344,-0.1482564061880111,0.0450063794851303,-0.7747994661331177,-0.2178253978490829,0.2925040125846863,0.3747594952583313,-0.3835846185684204,0.6918500065803528,-0.3065555095672607,0.2237822115421295,0.1153149232268333,0.2371601611375808,-0.2251027226448059,-0.3462476432323456,0.2766848802566528,0.2552945911884308,-0.7245570421218872,0.0226185377687215,0.0493616014719009,-0.4940282702445984,-0.9880563616752625,0.452703058719635,-0.3511286675930023,-0.0228992886841297,0.0741178765892982,0.2153235077857971,0.2377034276723861,0.0652189552783966,0.1718862056732177,0.1264184862375259,-0.2441621720790863,-0.2346249967813491,0.2505479454994201,0.0868691354990005,0.4093315303325653,0.32750204205513,-0.1709804832935333,-0.2634230852127075,0.0760699585080146,-0.1548914760351181,0.2174850106239318,0.2510367929935455,0.0809057801961898,-0.3745799660682678,-0.2978120148181915,-0.4654948711395263,0.2725546658039093,-0.0209189262241125,0.1435899883508682,-0.198187306523323,0.3388965129852295,-0.4349301159381866,0.6078699827194214,-0.2538466453552246,0.7915907502174377,-0.0356875881552696,0.3047783374786377,0.2150291949510574,0.5052955746650696,0.0175789315253496,-0.0272460542619228,-0.1284803003072738,-0.2572053372859955,0.0357783772051334,-0.0579200908541679,-0.6814077496528625,0.0921545028686523,-0.2537298202514648,0.9225340485572816,-0.0114336526021361,-0.0479016825556755,-0.136097177863121,-0.4668779373168945,-0.1524674445390701,-0.1324257403612136,0.2752945125102997,-0.4046907126903534,-0.1197020336985588,0.1626258939504623,-0.2094656676054,-0.4744023382663727,0.4888186752796173,0.3426395952701568,-0.391703337430954,0.8269580006599426,-0.7304170727729797,0.0575210861861705,-0.0262061338871717,0.3646568357944488,-0.7473659515380859,0.1510887295007705,0.0498598143458366,0.5594866871833801,0.0929848328232765,-0.4336896538734436,0.1997489929199218,0.3209051787853241,0.1022119894623756,0.4263670146465301,0.4947990477085113,0.234954759478569,0.1953546553850174,0.4709454476833343,0.0561673045158386,0.4962971210479736,0.0458567067980766,-0.2137681096792221,0.4985187947750091,0.2918106913566589,0.1293936520814895,0.2646268904209137,0.0680747330188751,-0.5479270219802856,-0.0365224033594131,-0.1630211323499679,-0.0103595312684774,-0.1495637893676757,0.4607514441013336,-0.16131691634655,-0.0502539128065109,0.1145083829760551,-0.2079464346170425,0.1704038232564926,0.0367571040987968,-0.262583464384079,0.3753058016300201,-0.6912090182304382,0.0999286249279975,-0.3194076120853424,-0.3274402320384979,-0.3803856372833252,-0.302856832742691,0.3924706578254699,0.0625739246606826,-0.0227741338312625,-0.1504396349191665,-0.1841774731874466,-0.8772600889205933,-0.3443240523338318,0.072902612388134,0.655198872089386,0.360122412443161,0.2266106456518173,0.0718065351247787,0.2478867173194885,0.4675061106681824,0.0748334527015686,0.1430813670158386,-0.0019422065233811,-0.2316767424345016,-0.1867131143808365,0.1263024359941482,-0.1210856661200523,0.4201357662677765,-0.0982303693890571,0.3487502336502075,-0.0542345009744167,-0.406590849161148,0.2436564266681671,0.0867293998599052,-0.3940061628818512,0.0503381453454494,0.7268115282058716,-0.2607754468917846,-0.6348714232444763,-0.4985277056694031,-0.0947990268468856,-0.6508302092552185,0.0662958398461341,-0.268383651971817,0.2855084538459778,-0.349700003862381,0.112674169242382,-0.1744929105043411,-0.4754193425178528,-0.1815786063671112,-0.2118682861328125,0.0328344888985157,0.1429506987333297,-0.0228110589087009,-0.1918207108974456,-0.51520836353302,-0.035258699208498,-0.3487142920494079,-0.4789979457855224,-0.0031026471406221,-0.5512425303459167,0.4469566941261291,0.2267684787511825,0.519576370716095,-0.0401957146823406,0.2230084687471389,-0.021178001537919,-0.0647084936499595,-0.8502422571182251,-0.1223883181810379,-0.082101322710514,-0.5005362629890442,-0.0289797261357307,0.0161732789129018,-0.4629672467708587,-0.3051377236843109,-0.4279847145080566,-0.0537696257233619,-0.4275308847427368,-0.4585559368133545,0.0507671535015106,-0.0609349831938743,0.121000550687313,-0.1441505849361419,0.4983959794044494,-0.4443674683570862,0.157625675201416,-0.6233783960342407,0.1977990418672561,-0.6939910650253296,-0.2582651376724243,0.0102615738287568,-0.2509933710098266,-0.385790079832077,0.1677277833223343,-0.4675479829311371,0.3769758343696594,0.3340494334697723,0.0589170567691326,-0.4295046031475067,-0.0234155897051095,-0.379841536283493,0.1281551122665405,0.2171487510204315,0.7272565960884094,0.2176287770271301,-0.0618875958025455,0.1726910173892974,0.4014920890331268,0.1911408603191375,0.1473643630743026,-0.1017887517809867,-0.2969529330730438,0.0840102732181549,0.055018100887537,0.6373216509819031,0.1061175316572189,-0.0175985414534807,1.0461182594299316,-0.3499410450458526,0.2470925748348236,0.49268639087677,0.2864406108856201,-1.7427469491958618,0.0124134626239538,-0.1290074437856674,0.0475340001285076,-0.2400045990943908,0.28074511885643,-0.0035546065773814,0.137170597910881,-0.459278792142868,-0.5403351783752441,0.9039117693901062,0.2878541350364685,-0.0093382988125085,-0.5122708082199097,0.3493413031101227,-0.2350283712148666,0.0298427008092403,-0.4780119359493255,0.2126775383949279,0.4782304167747497,-0.4107668399810791,0.0539882034063339,-0.1659918874502182,-0.537499725818634,-0.083966925740242,0.1677630394697189,0.1615692526102066,0.247225672006607,-0.5302152037620544,0.1380523741245269,0.3138780891895294,0.4008596837520599,0.7858495712280273,0.3039855659008026,-0.0616408102214336,0.0577767044305801,0.4450687170028686,0.1350419074296951,0.4254122972488403,-0.2856252193450928,0.1758316755294799,-0.0475820116698741,0.8534377217292786,0.0125897396355867,0.0911166295409202,-0.0015497871208935,0.1213041767477989,0.2295670956373214,-0.081953153014183,0.3548986315727234,0.1464321017265319,0.0478751249611377,0.1907066702842712,0.5322242379188538,0.5807309746742249,0.1449556350708007,-0.2838995158672333,-0.3661825656890869,0.0364569164812564,-0.321286529302597,-0.6244051456451416,-0.3386206030845642,-0.3438629508018493,-0.1222211271524429,-0.4495676457881927,0.2929139733314514,-0.0296255443245172,-0.5183850526809692,0.0549229495227336,-0.3556650280952453,-0.4252268970012665,0.3321499228477478,-0.0532559305429458,-0.7333111763000488,0.5861435532569885,0.2217282354831695,0.2881442606449127,-0.5338570475578308,-0.6530799865722656,-0.0423921756446361,-0.2733902633190155,-0.3039427995681762,0.1676573008298874,-0.3308295905590057,-0.0540301539003849,0.3473367393016815,-0.0784889757633209,-0.0932381302118301,-0.3437794744968414,-0.2950970530509949,-0.7089868783950806,0.1887605041265487,-0.0504166632890701,0.3232135474681854,0.0219684243202209,0.2221865206956863,0.2203065305948257,0.0448722839355468,-0.2711859345436096,0.0839256197214126,-0.3249978721141815,0.5804333090782166,0.3907267451286316,0.1664255708456039,0.581920862197876,0.4442465603351593,0.2811322212219238,0.5245891809463501,0.0202089324593544,0.0134099787101149,-0.610522449016571,-0.3011751174926758,0.7100160717964172,-0.0379120931029319,0.2432178258895874,-0.107879638671875,-0.0181926805526018,0.6090810298919678,-0.0324829034507274,-0.5741919279098511,0.0005142665468156,0.0738754346966743,-0.1841550320386886,0.262513518333435,0.6575903296470642,0.8228428959846497,-0.0232491437345743,0.0209028869867324,-0.140678659081459,-0.1875307261943817,0.3151618540287018,-0.1306444257497787,-0.1179750114679336,-0.2945268750190735,0.0095409927889704,0.2994397580623626,0.6596575975418091,0.2006724327802658,0.6231606602668762,0.3094731569290161,-0.3437167704105377,0.2674251198768616,0.435273140668869,0.4795292615890503,-0.2945265173912048,-0.2899815738201141,-0.3539811670780182,0.0258303135633468,-0.3896693289279938,-0.0662572011351585,0.6731356978416443,-0.1594995409250259,0.1768974959850311,0.0076765068806707,-0.6110824346542358,-0.6220504641532898,-0.3782775104045868,0.1608152389526367,-0.0992601439356803,0.1433831602334976,0.2025719732046127,-0.0135760903358459,-0.4930251836776733,0.1857774257659912,0.0561464726924896,0.2988999783992767,0.5034912824630737,-0.1536019593477249,-0.0901676565408706,0.0035907886922359,0.0382498726248741,0.0676893964409828,-0.1810710877180099,0.0458883009850978,-0.2628243565559387,-0.4944120943546295,0.0162131208926439,0.1840128451585769,0.2542142868041992,-0.1465330421924591,0.6534149646759033,0.1324674189090728,-0.5132039189338684,-0.565060019493103,-0.237240582704544,-0.2221661806106567,-0.0452727153897285,-0.4980322420597076,-0.0901912376284599,0.0443757846951484,0.3667648136615753,0.0876772403717041,0.2802462577819824,-0.3576146960258484,0.0792291760444641,0.2387515604496002,0.6340348720550537,-0.1300701349973678,0.2300144582986831,-0.1985842436552047,0.0217490531504154,0.0881654992699623,0.0755990594625473,0.0594925098121166,-0.1432090848684311,-0.536220908164978,-0.6978509426116943,-0.3783296048641205,-0.1789586842060089,-1.0786592960357666,0.5394381880760193,0.1386258453130722,0.2410538047552108,-0.4676302969455719,-0.4629960358142853,-0.147763043642044,0.3010770082473755,-0.115580216050148,0.4248737096786499,-0.2177674025297165,-0.5781479477882385,-0.0497000403702259,0.1251947283744812,-0.6601473689079285,0.9405031204223632,0.2545405626296997,-0.4916508197784424,-0.3954956829547882,0.387395292520523,0.1958344131708145,-0.2218459993600845,0.1072808057069778,-0.1325920820236206,-0.5393648147583008,0.1550326347351074,-0.3469339609146118,0.3210111856460571,-0.1543601602315902,-3.526743239490315e-05,-0.1246603056788444,0.5851903557777405,0.3443279862403869,0.2443006783723831,0.0775589197874069,-0.2279006391763687,-0.2089708745479583,-0.2480691522359848,0.3257020711898803,0.1407943069934845,0.3850536048412323,-0.1766823679208755,0.3162503838539123,0.5831259489059448,-0.8466090559959412,0.0867414474487304,0.7604172825813293,0.4110320210456848,0.444315493106842,-0.1525647640228271,0.03209038823843,-0.8170374035835266,0.1355699896812439,0.1418216824531555,-0.0172215569764375,0.4570207893848419,-0.0356507040560245,-0.1375111788511276,-0.4097650349140167,-0.0168074183166027,0.4003950655460357,0.1728287488222122,0.0364892520010471,0.4355419874191284,-0.1556229144334793,0.5133227705955505,0.3383309543132782,-0.2615169286727905,-0.3602937161922455,0.0543467439711093,0.4090258181095123,0.7752847075462341,0.1817598491907119,0.3601688146591186,-0.7150218486785889,-0.6305393576622009,0.3012827634811401,0.0831094086170196,0.3051785230636596,0.5014293193817139,-0.2748686373233795,-0.0627902820706367,0.6112644672393799,0.2978948354721069,-0.0707817524671554,-0.3294468224048614,-0.4165408909320831,-0.1707163900136947,-0.2366679608821869,-0.5008911490440369,0.2017518132925033,0.0845913216471672,-0.0467947907745838,0.2117699682712555,0.0154199143871665,0.0983888357877731,0.5822260975837708,0.0028719732072204,-0.305047333240509,0.2047902196645736,0.0614336542785167,-0.0901422724127769,0.0808300226926803,-0.2235193252563476,-0.2465935945510864,-0.0241717658936977,0.2415190041065216,-0.1573673337697982,0.2025086134672165,0.0340979881584644,0.1619161665439605,0.3305917084217071,-0.4448821544647217,-0.1901049017906189,-0.314644455909729,-0.3174638450145721,-0.1307286322116851,-0.6577920317649841,-0.3597747385501861,-0.0309588555246591,-0.0471150875091552,-0.1592544317245483,-0.05937360227108,-0.4678713381290436,-0.2325161099433899,-0.4492211043834686,0.2522855401039123,-0.1734455525875091,-0.8417651653289795,0.3823029398918152,0.2627186775207519,-0.1252967417240142,-1.1999207735061646,0.247536301612854,0.1704616248607635,0.2441152334213256,0.1721053123474121,0.704698920249939,-0.3422385454177856,-0.2607019543647766,0.0875810459256172,-0.2855316996574402,0.2547450661659241,-10.516351699829102,0.1059780791401863,-0.4225786030292511,-0.3998930752277374,-0.3504877388477325,0.3931498527526855,0.6256321668624878,0.5662823915481567,-0.1955859363079071,0.1214233934879303,-0.0340548641979694,0.0915949419140815,-0.0144770285114645,0.6837878823280334,-0.5207838416099548,-0.3065536618232727,-0.2305571138858795,-0.0215277168899774,-0.0403221026062965,-0.2391912043094635,0.1143146902322769,-0.284472644329071,0.5086359977722168,0.7366798520088196,0.5462241768836975,-0.4084236323833465,-0.2611879706382751,0.0024734144099056,-0.2027534991502761,0.5919749736785889,-0.6013648509979248,0.5325713157653809,0.0364352501928806,0.3010843992233276,-0.1525362879037857,0.2529691159725189,-0.4028312265872955,0.6683297157287598,-0.0390014834702014,0.4041423201560974,0.3153025507926941,0.4241274297237396,-0.025679500773549,-0.0304168835282325,0.1748992651700973,0.2391737103462219,0.469064712524414,0.0111696710810065,0.5418323874473572,-0.2422156333923339,-0.1271032989025116,0.1338433921337127,0.0682288780808448,-0.0943486765027046,0.4556112885475158,-0.0305458642542362,0.6394035816192627,-0.6745585203170776,-0.031642060726881,0.0643760710954666,0.3380284905433655,-0.0773757696151733,0.3833673596382141,0.444365918636322,0.30074143409729,0.4105566740036011,0.5217416882514954,0.3653739690780639,-0.9130431413650512,-0.2377991825342178,0.1625676453113556,0.471616268157959,-0.0950486809015274,0.3251329064369201,-0.2567318379878998,0.3133965134620666,0.3614666759967804,-0.2959363758563995,0.0550640672445297,-0.0280053783208131,0.2839506864547729,-0.3029759228229522,0.0833558365702629,0.2407184094190597,-0.621874213218689,0.0487202405929565,-0.0832330659031868,-0.04812478646636,0.259869247674942,-0.4461257457733154,0.2382365614175796,0.0838035121560096,-0.5344372987747192,0.5065318942070007,0.4480125904083252,0.0181824807077646,-0.121032990515232,0.2265196144580841,0.4854059219360351,-0.0247120037674903,0
0.1636033356189727,0.561111569404602,0.963577687740326,-0.2531377375125885,0.2561720609664917,0.0037769393529742,0.6681210398674011,-0.2369826585054397,-0.4657158851623535,-0.1556741744279861,0.4122114777565002,-0.2101794779300689,-0.4992119073867798,0.2613545060157776,0.3428426682949066,0.2632754743099212,-0.1777097433805465,-0.5320543050765991,0.0649681985378265,-0.0062607061117887,-1.2514986991882324,-0.8283905982971191,-0.1893840730190277,0.6716632843017578,0.2074388265609741,-0.978362500667572,0.3778003454208374,-0.0211091451346874,0.0104807252064347,-0.4039858877658844,-0.5493969321250916,-0.0247840136289596,-0.1916356235742569,0.588911771774292,-0.7297840118408203,0.2907217144966125,0.2353024929761886,-0.5326734781265259,0.0372516028583049,-0.2326942980289459,0.2697002291679382,-0.3141800463199615,0.1987658143043518,0.4804547727108001,0.052745945751667,0.3140006065368652,0.2158393412828445,0.0833956524729728,-0.2613480985164642,0.2624966502189636,-0.6328907012939453,0.3625494837760925,0.6217379570007324,0.2134969681501388,0.106652446091175,-0.3822693824768066,0.2382412701845169,-0.3022715151309967,0.3150130808353424,0.5371038317680359,-0.4602276980876922,-0.0521640889346599,0.2732818126678467,0.233560174703598,0.0440126992762088,0.459627628326416,-0.310776799917221,-0.2558731734752655,0.1844891607761383,-0.9530168175697328,-0.0116699924692511,-0.0267543606460094,0.0759125724434852,-0.8652083277702332,0.6292843818664551,-0.1135312318801879,0.174959048628807,0.2808574736118316,0.0798219963908195,0.0707317367196083,-0.0850631669163703,0.2571819424629211,0.0551892518997192,-0.4449317455291748,-0.8189011216163635,0.0933475047349929,-0.6966170072555542,-0.6231308579444885,0.3715043663978576,0.0411418043076992,-0.195469856262207,-0.4279313087463379,-0.414786547422409,0.3399111330509186,0.486581027507782,0.6072031855583191,0.1653328835964203,-0.3066744804382324,-0.1960984468460083,0.2707450687885284,0.3154460787773132,-0.198801577091217,0.4089021980762481,-0.161339059472084,0.1772884130477905,0.1859771162271499,-0.3706162571907043,0.1487167775630951,0.4087929427623749,0.2127573937177658,-0.5675005912780762,-0.1415347009897232,-0.8027466535568237,-0.3715340495109558,0.1985450088977813,0.3180364966392517,-0.5262210369110107,0.1496967673301696,-0.2264241576194763,-0.026380781084299,0.0683838203549385,0.5679335594177246,0.1338820457458496,-0.8038051128387451,0.1470245718955993,0.5012581944465637,0.2987092435359955,-0.1029233187437057,-0.4276900589466095,-0.2983180582523346,-0.5082040429115295,-0.3896224796772003,0.0146926427260041,0.4399013817310333,-0.6635875701904297,0.5561978816986084,0.2441409528255462,0.1976242661476135,0.0307847503572702,-0.310484915971756,-0.4377128481864929,-0.0702986568212509,-0.0670259818434715,-0.5504514575004578,0.2806242704391479,-0.2523664236068725,-0.773504912853241,-0.3963729739189148,-0.3380880355834961,-0.2598858773708343,0.0316100306808948,1.265968918800354,-0.536586582660675,-0.3845497965812683,0.3121085166931152,0.2265555113554,-0.7506274580955505,0.0407783314585685,-0.0086836935952305,-0.0120559930801391,0.1465072035789489,-0.434125006198883,0.3764253854751587,0.4527550935745239,0.6107216477394104,-0.1433086544275283,0.1215642541646957,-0.2170065641403198,0.0892624035477638,0.3414625227451324,0.8294426202774048,-0.0434506572782993,0.6894717216491699,0.1754560470581054,-0.0819169133901596,0.3937259316444397,0.8955094218254089,-0.3234723806381225,-0.0285314228385686,-0.3221807777881622,-0.2763329446315765,-0.3619387447834015,0.2554941177368164,-0.4938167631626129,0.6150464415550232,-0.714162290096283,0.3507383465766907,-0.2791033685207367,-0.3053508698940277,-0.1471838653087616,0.0965518578886985,-0.3451727628707886,0.885943591594696,-0.3478475213050842,-0.5721448063850403,-0.3344023823738098,0.2664563357830047,0.1634293645620346,-0.5658764839172363,0.2493746131658554,0.216334730386734,0.1262945681810379,-0.0611438192427158,-0.6547394394874573,-0.5595773458480835,0.4156877100467682,0.2593433856964111,0.0345921441912651,0.1855775564908981,0.81205153465271,-0.3644900321960449,0.2777253687381744,0.5671217441558838,0.1164997667074203,0.113798089325428,0.2314918637275695,-0.1077049225568771,-0.4002515375614166,-0.0844152346253395,-0.193388819694519,0.6975213289260864,-0.3220672607421875,-0.5721579194068909,0.2380638718605041,0.0907755270600318,0.4227487742900848,0.1942300051450729,-0.1469082236289978,-0.111429713666439,0.128377765417099,-0.9451138973236084,-0.3792916238307953,-0.8438268303871155,-0.3373114466667175,-0.4898469150066376,-0.6033492684364319,-0.3420318067073822,-0.187918871641159,-0.6267412900924683,-0.0337494574487209,-0.1445643603801727,-0.4070040583610534,0.1445918083190918,-0.30048468708992,-0.1697904616594314,0.0613060146570205,0.0031667852308601,-0.3228898644447326,-0.4277336895465851,-0.0362180210649967,-0.0487673319876194,-0.4170413613319397,0.2107020020484924,-0.2122837454080581,1.036943435668945,0.6474319100379944,0.7517209649085999,-0.5991201400756836,0.4855745434761047,-0.4265500009059906,-0.3094269335269928,-0.3621403276920318,0.3366130590438843,0.3464748859405517,0.1144846230745315,-0.0778585597872734,-0.3501761853694916,-0.6980296969413757,-0.8475037813186646,-0.5567967295646667,0.5965973138809204,-0.1506955921649933,0.0554423034191131,-0.4012850522994995,0.1516161412000656,0.336203932762146,-0.6128433346748352,0.8596689105033875,-0.4064784049987793,0.4373247325420379,-0.8021085262298584,0.965873658657074,-0.0592792965471744,-0.088930606842041,-0.1726148575544357,0.4760210514068603,-0.8327115178108215,-0.0510946847498416,-0.7541890740394592,0.9489638805389404,0.3522171080112457,-0.4529930353164673,0.0723286345601081,0.2321283519268036,0.0494474358856678,0.4085912108421325,0.4257994890213012,0.2895153760910034,0.4385920464992523,0.1574307978153228,0.2889306247234344,0.1980244368314743,-0.1148607358336448,-0.3205969631671905,0.2449423521757125,-0.1758522689342498,-0.2829836010932922,0.5001189112663269,0.2650056481361389,-0.1706274151802063,0.6266308426856995,0.4882124364376068,-0.5540398359298706,0.4731266796588897,0.814007580280304,0.3709324300289154,-1.265225172042847,-0.462719976902008,0.385998785495758,0.2014256119728088,0.143208771944046,-0.2415150851011276,0.4116595089435577,0.5126283764839172,-0.345255583524704,-0.3808121681213379,1.2418192625045776,-0.267702966928482,-0.3135873973369598,0.1961263418197631,0.3140738904476166,-0.2268038988113403,0.1979412734508514,-0.6149446964263916,0.1073549911379814,0.6053560376167297,-0.4457778632640838,0.0998661443591117,-0.0748908668756485,0.0216349977999925,-0.3337031006813049,0.2572374045848846,-0.7124850153923035,-0.1461291909217834,-0.0859092250466346,-0.1520982533693313,-0.2600413262844085,1.1074728965759275,0.4221033155918121,0.8085469603538513,-1.0174399614334106,-0.5566771030426025,0.0952742025256156,0.1530475616455078,0.2620362937450409,-0.6846132874488831,-0.5069632530212402,-0.4785407781600952,0.1731855422258377,-0.4431758224964142,0.2968694269657135,-0.24700728058815,0.2778592407703399,0.1827481389045715,-0.44000905752182,0.3026061058044433,0.6951167583465576,0.1920225322246551,0.3094635009765625,0.4287703335285187,0.2227772921323776,0.5444815158843994,0.1397334635257721,-0.4710715711116791,-0.0470793843269348,-0.2889629602432251,0.6266775727272034,-0.0203951112926006,-0.6440169811248779,0.426964521408081,0.3350685834884643,-0.0775960758328437,-0.2388084977865219,-0.6172447204589844,0.2931431531906128,-0.4818062782287597,-0.1961764246225357,-0.3971295356750488,-0.0780908018350601,-0.2533243000507355,1.008183240890503,0.5932169556617737,0.2258384674787521,-0.7437592148780823,-0.7364584803581238,0.1433902531862259,0.0210463963449001,0.4733056128025055,-0.0631350576877594,0.2008484154939651,-0.0580213703215122,-0.3850026726722717,-0.280049592256546,-0.2874308228492737,-0.4905219376087188,-0.1702275872230529,-0.3807826638221741,-0.147157147526741,0.0808348581194877,1.0158981084823608,-0.0818671211600303,-0.004370572976768,0.2624228894710541,0.9211495518684388,-0.335390031337738,-0.1737891584634781,-0.7306902408599854,0.3335688412189483,0.4802128672599792,0.2594322562217712,0.4182129502296448,0.1956575512886047,0.6456239223480225,-0.2136932462453842,0.1787424236536026,0.5623208284378052,-0.0952494293451309,-0.4659020006656647,0.5894495844841003,-0.353551834821701,0.5185765027999878,0.5021246075630188,-0.2376965284347534,0.5330886244773865,-0.5828683972358704,-0.3418177962303161,0.1960365623235702,0.439268559217453,0.1021599173545837,0.0731368437409401,0.5089455842971802,0.7323586344718933,0.0620243400335311,0.534525454044342,-0.1531139463186264,0.0223901364952325,-0.0430824011564254,-0.3571098446846008,0.3915051519870758,-0.1267165541648864,0.4575133621692657,0.7474158406257629,0.0745801553130149,0.0334050059318542,0.4647896587848663,0.3221175670623779,-0.132783830165863,0.4436643421649933,-0.2163534760475158,-0.0820769295096397,-0.4788778722286224,0.5293567180633545,-0.43360435962677,0.0695783197879791,-0.2839755713939667,-0.069477804005146,0.3941607773303985,-0.4528413414955139,0.3873246908187866,-0.5118597149848938,-0.9780595898628236,-0.8962481021881104,-1.0405863523483276,-0.0377825200557708,-0.6197991371154785,0.1917845606803894,0.4336929619312286,0.3377228379249573,-0.5852713584899902,0.5866094827651978,0.5232565402984619,0.4369068741798401,0.0211797580122947,-0.3005701601505279,-0.329498142004013,-0.4395101070404053,-0.2453618943691253,0.1290901005268097,0.1257193833589553,-0.14954274892807,-0.485604465007782,-0.3824949860572815,-0.2386953830718994,-0.1579154729843139,-0.0722726732492446,-0.3969164490699768,0.2522070407867431,0.3051595389842987,-0.8789565563201904,0.4764496684074402,-0.294450581073761,0.4684979617595672,-0.4818902611732483,-0.3454395830631256,-0.2334645837545395,-0.0699124783277511,0.0146506465971469,0.5087404251098633,0.5976147055625916,-0.3362413942813873,0.317217081785202,1.04651939868927,0.3058985471725464,-0.6563881635665894,0.0283049121499061,-0.3907175660133362,-0.8868690133094788,0.5473998785018921,0.1714128702878952,0.5072013139724731,0.3823002874851227,-0.0345996581017971,-0.76572185754776,-0.2352195233106613,-0.1581593602895736,-0.6667020916938782,0.6334596276283264,-0.5278449058532715,0.6031165719032288,-1.001394271850586,0.4279980659484863,-0.4415233433246612,0.0644017681479454,-0.3051568865776062,0.4913522899150848,-0.1681446731090545,-0.5527747273445129,-0.1379607617855072,-0.4200040102005005,-0.4035248756408691,0.7793075442314148,0.4228866696357727,-0.6714585423469543,0.7570399045944214,0.8811750411987305,0.2145569324493408,0.0186129938811063,-0.0168943759053945,-0.4293434023857116,0.0567590780556201,0.1421727389097213,-0.0225387811660766,0.603763222694397,0.56138676404953,-0.3299057185649872,-0.3262313306331634,0.8162087202072144,0.1292272359132766,0.4442755579948425,-0.0490773431956768,-0.5764775276184082,0.1528856456279754,-0.0182719081640243,-0.2008824795484542,0.0378912128508091,0.7835245728492737,-0.4608275294303894,0.539143979549408,0.5294048190116882,0.0207973700016737,-0.0117460554465651,1.486467719078064,-0.3431360423564911,0.731328010559082,0.337306946516037,0.3415243625640869,-0.8939433693885803,0.3844484090805053,0.6331609487533569,0.2418284863233566,0.0961683839559555,0.088318258523941,-0.3438937962055206,-0.576559841632843,0.7114467620849609,-0.8872788548469543,-0.009042115882039,0.2598137259483337,0.5655202269554138,-0.1510202437639236,0.8814719915390015,0.515365481376648,0.0714452117681503,0.3477046489715576,0.2731968462467193,0.7529176473617554,0.4358554482460022,-0.0934442356228828,0.7085435390472412,-0.5229257941246033,-0.6610777974128723,0.5142320394515991,-0.4635368287563324,-0.0270550586283206,0.0968362018465995,-0.5858202576637268,-0.4646041393280029,0.5281018614768982,0.5531213283538818,0.362198144197464,-0.2891520261764526,-0.3393336534500122,-0.0722410976886749,0.0800727009773254,-0.2968769371509552,0.2656585276126861,-0.1764492392539978,0.7624269723892212,0.3610162138938904,0.1738498657941818,0.2634904682636261,0.3823133409023285,-0.0909759625792503,-0.0705301836133003,0.4688455164432525,0.1794443130493164,0.2476493418216705,-0.0035920403897762,0.4733014702796936,0.0341785736382007,-0.4408974051475525,0.7789172530174255,-0.3337045609951019,-0.5444247722625732,-0.2700710594654083,-0.0357808470726013,0.3648974001407623,-0.1813913881778717,-0.0201868526637554,-0.340008407831192,0.2288478314876556,0.1527169197797775,-0.7295870780944824,0.2882664501667022,0.3661386966705322,-0.149304062128067,0.1141342744231224,-0.1711955815553665,-0.395289659500122,-0.6547362804412842,-0.220074251294136,0.0437257811427116,-1.1788232326507568,-0.3561443388462066,0.6803038120269775,0.1584492772817611,-0.3371363282203674,-1.1833661794662476,0.4725238680839538,-0.365001767873764,0.4758161902427673,-0.0774253085255622,-0.0539039373397827,0.1834788471460342,-0.1411893665790558,-0.3533234894275665,-0.3160483539104461,-0.2004254013299942,-9.859247207641602,0.2976449728012085,-0.1248771175742149,-0.4893210530281067,0.1110296547412872,-0.3544816374778747,0.4842766523361206,0.6801800727844238,-0.3704840242862701,0.5966314077377319,-0.4415507018566131,-0.2758929431438446,0.6819625496864319,-0.1876354366540908,-0.3189501762390136,-0.2509037852287292,-0.5997794270515442,-0.4294027090072632,-0.2562982439994812,0.1988153904676437,-0.0207847580313682,-0.1338878720998764,1.0263043642044067,0.6937289834022522,-0.2525475323200226,-0.2988838851451874,0.2512713968753814,0.4533590674400329,0.3672648072242737,0.0686093121767044,-0.570196270942688,0.6500617265701294,-0.3537479043006897,0.191726416349411,-0.1362497210502624,0.1315823793411255,0.3134248256683349,0.0374453850090503,-0.4943714141845703,0.2524754703044891,0.5206920504570007,-0.1471624076366424,-0.5399802327156067,-0.0679523050785064,0.5883876085281372,-0.5378244519233704,-0.0984445810317993,0.2444182485342025,0.7359997034072876,-0.1326173096895218,-0.2001760452985763,-0.2775997221469879,0.6803111433982849,-0.1878238022327423,0.1431863605976104,-0.0060076965019106,0.6816072463989258,-0.3224541544914245,-0.2205148488283157,-0.5970794558525085,-0.3225646913051605,-0.1359771788120269,0.2457673847675323,0.7954339981079102,-0.1363817602396011,0.3457787930965423,-0.31969153881073,0.0621876642107963,-0.7236897945404053,-0.1568492949008941,0.3804731369018554,0.5976942777633667,0.3617646694183349,-0.0759989321231842,0.2414240390062332,0.2310068011283874,-0.627083957195282,0.039985042065382,0.3882933557033539,-0.0081037580966949,0.1015816703438758,-0.6113519072532654,-0.0239075180143117,0.9026625752449036,-0.7925040125846863,-0.0410769917070865,0.1705383360385894,-0.1098562330007553,0.4107948243618011,-0.3284217715263366,0.1153467446565628,-0.2102152407169342,-0.4222365021705627,0.5111948847770691,0.2240893393754959,-0.5371343493461609,0.1260983049869537,0.1600412726402282,-0.0152237880975008,-0.6845465898513794,0
0.0031761368736624,-0.0607978403568267,0.0868006199598312,-0.661807656288147,0.0111189065501093,0.3265124261379242,0.1916644126176834,-0.4045667350292206,-0.4292081892490387,-0.4083045125007629,0.5463610291481018,0.2070582807064056,-0.3826923966407776,0.0625517517328262,0.7951143980026245,-0.442884236574173,0.3125962615013122,0.3438512980937958,-0.0523972958326339,0.0517843142151832,0.0978624746203422,-0.5571790337562561,-0.2747199833393097,0.0472691729664802,-0.0459600277245044,-0.3686332702636719,0.2244462519884109,-0.082312487065792,0.0983265489339828,-0.2376643419265747,0.1591430008411407,-0.4425821006298065,-0.0801399499177932,-0.2665002346038818,-0.0309830289334058,0.0108848055824637,-0.0690804943442344,0.2679064273834228,0.2063704431056976,0.1932753026485443,0.1479707956314087,0.0076370746828615,0.1948626637458801,-0.1712042689323425,-0.0528566688299179,0.1627152562141418,-0.0894470736384391,0.1004108041524887,0.591101348400116,-0.2889629006385803,0.1374229490756988,0.5501917600631714,0.4750784933567047,0.1716260015964508,-0.0601437613368034,0.3185002207756042,0.8224498629570007,-0.557417631149292,-0.1149771809577941,0.1276140511035919,-0.5706307291984558,0.2014473527669906,-0.3595708608627319,0.2332155704498291,-0.2315685451030731,0.1064353063702583,0.0359065234661102,-0.1417602002620697,-0.3781137466430664,-0.3540096879005432,-0.0274864323437213,0.402396023273468,-0.6046552658081055,-0.3359215855598449,0.5048612952232361,-0.1393412053585052,0.3976526856422424,-0.1794541180133819,0.0227434691041708,0.1814790219068527,-0.1187740936875343,0.2268717288970947,-0.0903581604361534,-0.6762161254882812,0.0569993667304515,0.0246051810681819,-0.2300129532814026,-0.5120596289634705,0.1248785406351089,-0.4493535459041595,-0.1133277118206024,-0.2073936313390731,0.3074301481246948,0.0145306037738919,-0.1841437220573425,0.1837277859449386,-0.0620439946651458,-0.2285856008529663,-0.0833185613155365,-0.0128377340734004,-0.4649055302143097,0.2861506342887878,0.1150683984160423,0.1076434478163719,0.0551507472991943,0.1075687184929847,-0.1809568107128143,0.3812497854232788,-0.139119878411293,0.4462940990924835,0.2862721383571625,-0.2635545432567596,-0.2679628133773803,0.0520831122994422,-0.1249072924256324,0.0026477477513253,0.0267717316746711,0.2469020783901214,0.0302001107484102,0.3710814416408539,-0.1098586171865463,0.4699374139308929,0.0058718807995319,-0.0616717003285884,-0.2280991375446319,-0.1406721770763397,0.0704468786716461,-0.3091879487037658,-0.0072021726518869,-0.3812822103500366,0.1617260724306106,-0.0414503291249275,-0.5856931209564209,0.2547442615032196,-0.1138062626123428,0.4811491072177887,0.130574569106102,0.0783994868397712,-0.391741931438446,-0.5688015818595886,-0.0319120548665523,-0.2438270598649978,0.3643069565296173,0.0948860645294189,-0.1718646436929702,0.2716177403926849,0.3198012709617615,0.1311369985342025,0.7376388907432556,0.5044369697570801,-0.2001553475856781,0.7393048405647278,-0.4966245889663696,-0.0050921100191771,0.2593344748020172,-0.1624211370944976,-0.4992667436599731,0.4151813089847564,-0.1086982414126396,0.6080097556114197,0.1552628129720688,-0.3181414604187011,0.2967957556247711,0.8420257568359375,0.1295166760683059,0.7175630331039429,0.3213450014591217,0.4221847653388977,0.605125904083252,0.5966471433639526,-0.1656567007303238,0.5463995337486267,0.3133746683597564,-0.3287399113178253,0.2963298261165619,0.005749715026468,0.0374555811285972,0.5076952576637268,0.1681631803512573,-0.9266054034233092,-0.1957228630781173,0.1941849142313003,0.052257839590311,-0.4191427528858185,0.7755953073501587,0.0066946446895599,0.5302921533584595,0.2605101466178894,-0.0696816518902778,-0.184170588850975,-0.0372766554355621,-0.0098567195236682,0.2622301578521728,-0.4053263068199157,-0.5704964995384216,-0.1914510577917099,0.0944606438279151,0.0508277006447315,-0.4833554029464721,0.4180681705474853,0.3133998513221741,-0.036971129477024,-0.2730249464511871,-0.8953977227210999,-0.8142644166946411,-0.2519980072975158,-0.1531452983617782,0.2973617613315582,0.0147576453164219,0.0984799936413765,-0.2799798250198364,-0.3443861305713653,0.3409165143966675,0.0603276640176773,0.2964895069599151,-0.0570669658482074,-0.9990729689598083,0.0238197539001703,0.0489080734550952,-0.0346764251589775,0.1864619255065918,0.0158124044537544,0.2862429022789001,-0.5115312337875366,-0.2338037192821502,0.1353099048137664,0.1608468294143676,-0.2106554061174392,0.1547987461090088,0.5374172329902649,-0.066332496702671,-0.1900498867034912,-0.8293370604515076,0.2218030542135238,-0.0450445711612701,0.4054462313652038,-0.6599977016448975,0.6992177963256836,0.018104126676917,-0.002429557731375,0.5482659935951233,0.3278791010379791,0.1139019280672073,0.2349071204662323,-0.3641423285007477,0.3448559641838074,0.1526006162166595,-0.4325889348983764,-0.6531708836555481,-0.5379634499549866,-0.927617609500885,-0.3598898649215698,-0.0856102630496025,0.1103380993008613,0.4773735404014587,0.0974730402231216,0.2282249182462692,-0.4778967201709747,0.1223301813006401,-0.3653758764266968,-0.3753630220890045,-0.4723738431930542,-0.2525172531604767,0.0311940945684909,-0.1930955797433853,-0.2202931046485901,0.0085229333490133,-0.555094838142395,-0.7384956479072571,0.1608379185199737,0.0788786187767982,-0.3683903217315674,-0.4114533364772796,0.0641935840249061,-0.1213461458683013,-0.3295978009700775,-0.011258372105658,0.254391461610794,-0.3797242045402527,-0.0208807196468114,-0.6492891907691956,0.6138627529144287,-0.6307557225227356,-0.3399337232112884,-0.1044942960143089,0.0166841223835945,-0.1446605622768402,-0.4678792357444763,-0.1896993815898895,0.7635605931282043,0.2990688681602478,-0.138578861951828,-0.3641351163387298,-0.4979437291622162,-0.5783031582832336,0.4369446933269501,0.4176512956619262,0.1074473783373832,0.0878961756825447,0.402312695980072,0.5334050059318542,0.1978185474872589,0.2844682931900024,-0.1847484111785888,-0.2366843223571777,-0.2725338637828827,-0.1306344270706176,0.0627033412456512,0.4482207596302032,-0.305838406085968,-0.122567318379879,0.9938422441482544,-0.4593415260314941,-0.3654066920280456,0.7318883538246155,-0.0670155808329582,-1.3997195959091189,0.2089877426624298,0.4641358256340027,0.339649885892868,-0.481524795293808,0.7123547792434692,0.1878018230199813,0.5769309997558594,-0.2344101518392563,-0.4898486137390136,0.5672318339347839,-0.1247627809643745,-0.4136821627616882,0.4254004061222076,0.1543496400117874,-0.5032008290290833,-0.0087127489969134,-0.4590893089771271,-0.2126435190439224,0.4482419192790985,-0.1862764656543731,-0.0274078119546175,0.0112516330555081,-0.4013431370258331,-0.24400494992733,0.3090179860591888,-0.0148792658001184,-0.5374107956886292,-0.5534104108810425,-0.2894331514835357,0.3393507897853851,1.0581037998199463,0.144974336028099,0.6220086216926575,-0.4687284231185913,0.4528188407421112,0.3884975910186767,0.1073685884475708,0.5571797490119934,0.2764184772968292,-0.2424703538417816,-0.2158079594373703,0.5627112984657288,0.415305495262146,0.106074534356594,-0.0443860217928886,0.1336534172296524,0.0635653510689735,0.1826259046792984,-0.1055840924382209,0.6502776145935059,-0.141808420419693,0.3536523282527923,0.5146189332008362,0.2330994606018066,-0.0900570750236511,0.0781622529029846,-0.4576899111270904,0.1094290018081665,-0.8406364917755127,0.5045748353004456,-0.0283449869602918,-0.0218085329979658,-0.0520893447101116,-0.1031492948532104,-0.4371600151062011,-0.017949478700757,-0.1399894803762436,0.2675392627716064,-0.5081573128700256,-0.5338950753211975,0.1077740564942359,-0.0689213573932647,-0.283149242401123,0.171120136976242,0.3129028677940368,0.4287918210029602,-0.5326884388923645,-0.4094868898391723,0.7733538150787354,0.0162159632891416,-0.0072541129775345,0.5614296197891235,0.1175485625863075,-0.0760221034288406,-0.211329385638237,-0.4428883790969848,-0.2046450078487396,-0.7780249118804932,-0.3564236462116241,-0.4528417289257049,0.2160809636116027,0.2362763434648513,0.3225845992565155,-0.1116638481616973,-0.0470034219324588,0.0703728720545768,0.1373246610164642,-0.0632245987653732,-0.65218186378479,0.2310350388288498,-0.1592269390821457,0.5896809101104736,0.8067646026611328,0.1587326377630233,-0.2732491493225097,-0.1715768128633499,0.2116468995809555,0.2313543707132339,0.1230284571647644,-0.6485904455184937,0.0193797163665294,0.5927419066429138,-0.0951088666915893,-0.2243158966302871,0.1123715043067932,0.3114649355411529,0.461230456829071,-0.276660680770874,-0.382485032081604,-0.0353952907025814,0.3318245410919189,-0.0521954633295536,0.3872840106487274,0.0941041409969329,1.028633952140808,0.2518595159053802,-0.0752753987908363,0.2339671552181244,-0.3081791698932647,-0.0724743828177452,-0.2201147973537445,0.2931573987007141,0.1904922127723693,0.0927618965506553,0.5092480778694153,0.1100455299019813,-0.3637725114822387,-0.2760427296161651,-0.0828023701906204,0.3296189904212951,0.1685519069433212,0.0973466262221336,0.2866364419460296,-0.5149614810943604,-0.0037491263356059,-0.3459472954273224,-0.4577270150184631,-0.1330947428941726,0.1084762662649154,0.6005651950836182,0.1605362296104431,0.5439375638961792,-0.5331707000732422,-0.3257345259189605,-0.3711455166339874,-0.4540835320949554,-0.1340912729501724,-0.2620345950126648,0.2089841961860656,0.1866414099931717,0.1436269432306289,-0.4567202031612396,-0.3661319315433502,-0.0883623957633972,0.3650775253772735,0.0215740874409675,-1.0030871629714966,-0.4105854034423828,0.6311589479446411,-0.1848551332950592,-0.3698974549770355,0.1036599949002265,0.236632689833641,0.1726095229387283,-0.2160039544105529,-0.0213409829884767,-0.168961226940155,0.3041289746761322,-0.0161232110112905,0.4921342730522156,-0.09644266217947,-0.2044597864151001,-0.332964688539505,0.0566480383276939,-0.2578245103359222,-0.3340344727039337,-0.572498619556427,-0.3068805336952209,-0.0457549095153808,0.1794564574956894,0.1167832538485527,0.4510316550731659,-0.2446545511484146,0.4985246956348419,0.031571552157402,0.1467853039503097,-0.0906953960657119,0.2868809998035431,-0.2875887453556061,-0.1965115219354629,-0.1932107657194137,0.5326632857322693,0.2681797444820404,0.3176998496055603,-0.2003336399793625,-0.5330439209938049,-0.1281498223543167,-0.2392009794712066,-0.519485592842102,0.5827149152755737,0.0900339633226394,0.5456182360649109,-0.1836076378822326,0.2240788340568542,-0.1907528638839721,-0.0015128852101042,-0.3930225670337677,-0.1054306253790855,-0.1078258082270622,-0.8340499997138977,-0.186623215675354,-0.3212255537509918,-0.4420482516288757,0.5200933218002319,0.2669086158275604,-0.6013787388801575,-0.3170128464698791,0.1425212919712066,-0.034273512661457,-0.4507310092449188,-0.0893237888813018,-0.5125720500946045,0.1827784180641174,0.487899512052536,0.4282651841640472,0.4144729077816009,-0.2689167261123657,-0.6819618940353394,0.1487437039613723,0.7066802978515625,0.1276256442070007,0.2586115002632141,0.1338995993137359,-0.0630201920866966,0.0068775373511016,-0.3611669242382049,0.5995979905128479,0.3284713923931122,0.6112343668937683,-0.1593673080205917,0.5796571373939514,0.5704997777938843,-0.2039690464735031,0.27096688747406,0.9044501185417176,0.39722540974617,0.6367554068565369,-0.0577708259224891,0.036823458969593,-0.5470572113990784,0.2953176200389862,-0.2784082591533661,0.2505327463150024,0.2955975830554962,-0.3873145580291748,-0.0106711722910404,-0.4470608234405517,0.0582158118486404,0.3540639281272888,-0.2572919130325317,0.0640492439270019,-0.1530279666185379,-0.5277718901634216,0.3817476332187652,-0.158414676785469,-0.0710591152310371,0.1840384602546692,-0.0350280739367008,0.4537293612957001,0.528607189655304,0.2899109721183777,-0.0413019880652427,0.2188134342432022,-0.6566449999809265,0.0871488004922866,-0.4678245782852173,0.2556524276733398,0.8074514269828796,0.1066321358084678,-0.7058013081550598,0.1147244274616241,0.7123931646347046,-0.3560422956943512,0.0612720251083374,-1.0915507078170776,-0.1837315112352371,-0.1110924184322357,0.1160295903682708,0.1151471585035324,-0.1754621565341949,0.4969201385974884,-0.3079700171947479,-0.1208853498101234,-0.2617020308971405,0.7547056078910828,0.0675808936357498,-0.2036011964082718,-0.0834806710481643,0.0529114045202732,-0.0520556680858135,0.2553771734237671,0.0519331432878971,-0.4064322412014007,0.1175331100821495,-0.0400002636015415,-0.2948659062385559,-0.0202174540609121,0.4066607654094696,0.1878072172403335,0.0256806910037994,0.2268457561731338,-0.0400772243738174,-0.8691291809082031,-0.2082367241382599,0.3324902355670929,-0.942822277545929,-0.0735208243131637,-0.1429763734340667,-0.1136432737112045,0.3548907041549682,-0.1476150751113891,-0.3494469225406647,0.015733528882265,-0.295113205909729,-0.0524454191327095,-0.1219716221094131,-0.5856705904006958,-0.0685122907161712,0.2011014968156814,-0.0997806042432785,-1.0749133825302124,0.1433800905942917,0.1807161569595337,0.3349646627902984,0.0505462624132633,0.51595139503479,0.2372927665710449,0.0397394374012947,0.4213206768035888,-0.229931965470314,0.179247185587883,-10.382081985473633,-0.4448930025100708,-0.3652932643890381,-0.183305487036705,-0.3692849576473236,0.4921149015426636,0.6921905279159546,0.3035148084163666,-0.2524159848690033,0.4128586649894714,-0.3018664121627807,0.2482895404100418,0.1434746235609054,0.9373087286949158,-0.4286087155342102,-0.1827657520771026,0.3007826209068298,0.082112118601799,0.0640494301915168,0.3107931613922119,-0.2130162268877029,-0.4070342779159546,0.6020965576171875,0.0759041309356689,-0.0683071687817573,-0.3665779531002044,-0.2489219903945922,0.2341049611568451,-0.1814572066068649,0.1103604510426521,-0.6091642379760742,0.5347440242767334,0.1003084331750869,0.3639244735240936,-0.7448790669441223,-0.2301767915487289,-0.0891357064247131,0.2333881556987762,0.3847591280937195,0.5595882534980774,-0.0836476907134056,0.6774351000785828,0.2649302184581756,-0.4228098094463348,0.853337287902832,-0.2344857007265091,0.3338377773761749,0.5192164182662964,0.2750162482261657,0.1354071348905563,-0.1363216787576675,-0.6438022255897522,0.0042162416502833,-0.4347541332244873,-0.1330995559692382,-0.1422829777002334,0.3304428160190582,-0.6977059245109558,0.0330822952091693,-0.1127327904105186,0.4786390364170074,-0.273013710975647,0.6636946201324463,-0.0587224513292312,-0.3250734508037567,-0.1605715006589889,0.0656867250800132,0.6946278810501099,-0.5975626111030579,-0.2920809686183929,0.5590290427207947,-0.2730327248573303,0.2166372835636139,0.4055890440940857,-0.4609197080135345,0.2656212449073791,-0.1926836967468261,-0.177279993891716,1.1196138858795166,0.0746123492717742,0.4504166543483734,-0.0480197295546531,-0.4257279634475708,0.1747554093599319,-1.0736651420593262,0.4939015209674835,-0.1731966435909271,0.1242589876055717,0.3955589532852173,-0.4195772707462311,0.582466721534729,0.0015246457187458,-0.3316822946071625,0.1182079017162323,0.481196790933609,0.0666705295443534,0.4595232307910919,0.0795234888792038,0.923289954662323,0.1367945075035095,0
0.3586235046386719,-0.0246663745492696,0.7754485011100769,-0.8844077587127686,0.0205631572753191,0.3392025232315063,-0.1355293840169906,-0.0529141798615455,-0.4171533584594726,0.307938814163208,0.7799731492996216,-0.1584917306900024,0.2739543914794922,-0.6795698404312134,0.6546946167945862,-0.5095005631446838,0.2791526913642883,-0.1557860970497131,0.0791591852903366,-0.4014647603034973,-0.8990652561187744,-0.9262132048606871,-0.1831101924180984,0.154470607638359,-0.0902618244290351,0.0137811098247766,0.0121721886098384,0.2656416893005371,-0.1975154876708984,0.0017380045028403,-0.1448732018470764,-0.5539519786834717,-0.1022625416517257,0.0579993426799774,-1.0950565338134766,-0.195033997297287,0.1503302156925201,-0.1417342275381088,-0.0951748266816139,-0.5363784432411194,0.3325586020946502,0.0311147775501012,-0.6130945086479187,-0.1334844380617141,-0.1431507021188736,0.5453366041183472,-0.229549840092659,0.367545485496521,-0.0144952787086367,-0.0786912739276886,-0.4052870869636535,0.160253420472145,0.1486576050519943,0.1468552052974701,0.1350431591272354,-0.3601643145084381,0.1212152615189552,-0.8884081244468689,-0.0386912338435649,0.0089029129594564,-0.4122975766658783,0.1841042041778564,0.2635621130466461,0.3959721624851227,-0.2631439566612243,0.0452321544289588,0.0961821600794792,-0.0472497045993804,0.0739715620875358,-0.6487445831298828,-0.0336413718760013,0.164206326007843,0.1290869265794754,-0.4542910456657409,0.7616341710090637,-0.2880868315696716,0.1886349618434906,-0.151704654097557,0.3141540884971618,-0.0434453412890434,-0.4349846839904785,0.1722281128168106,-0.1459560394287109,-0.3821792304515838,-0.2669380307197571,0.1747135072946548,-0.4731841683387756,-0.8139368891716003,0.8416064381599426,-0.1633704453706741,0.398811787366867,0.3357173204421997,0.1424184739589691,0.2348209768533706,-0.3758234977722168,0.1531011164188385,0.1802000254392624,-0.0568276718258857,-0.3802551031112671,0.6075312495231628,-0.1827001422643661,0.0576381757855415,-0.0303319804370403,-0.2173190414905548,0.3214604556560516,-0.3659038841724396,-0.3783417344093323,0.1673703789710998,0.3260456919670105,-0.177744448184967,-0.4289966523647308,-0.3378853797912597,-0.5367929935455322,0.3362517654895782,0.3132054209709167,-0.0323720835149288,-0.2094873338937759,0.2365705668926239,0.0392595268785953,0.4166017472743988,0.2066131979227066,0.5641819834709167,-0.1325835436582565,0.0099416654556989,-0.0932277664542198,0.4952303469181061,0.0901037603616714,-0.6326240301132202,0.158358559012413,-0.2867668867111206,-0.0173558443784713,0.107340008020401,-0.0451720394194126,-0.1583792865276336,-0.3470660746097564,1.0091145038604736,-0.1720819026231765,0.0428343191742897,-0.1088468357920646,-0.5532451868057251,-0.0317088961601257,0.1576555669307708,0.2147662192583084,-0.2545504868030548,0.1049708873033523,0.2996875941753387,0.1895471960306167,-0.7632226347923279,0.0111502408981323,0.1368252038955688,-0.1470520794391632,1.066796898841858,-0.7711522579193115,0.2616840302944183,-0.2608645856380462,-0.040651224553585,-0.5023216605186462,0.088080994784832,0.501655638217926,0.4692065119743347,0.1573397517204284,-0.5436323881149292,0.5917591452598572,0.5716028809547424,0.4121880233287811,0.3372128307819366,0.0857105329632759,-0.2183679044246673,-0.1453911662101745,0.2892410457134247,-0.2568687200546264,0.1158893778920173,0.1483827829360962,-0.454930305480957,0.1390462219715118,0.4084529876708984,0.268079936504364,-0.1322606205940246,0.4458299577236175,-0.9173943996429444,0.0121634928509593,-0.1293108463287353,-0.2407212853431701,-0.655108630657196,0.5757667422294617,-0.1570649445056915,-0.2027263194322586,-0.2569780647754669,0.0370329581201076,-0.5157102346420288,0.095952495932579,0.0432647280395031,0.684190571308136,-0.1562862247228622,-0.1192012578248977,-0.4013515114784241,0.1618971526622772,-0.143419474363327,0.0497052147984504,0.56205153465271,0.1374651789665222,0.1464396864175796,0.0063964049331843,-1.1057502031326294,-0.5280543565750122,0.1395886838436126,0.7025129795074463,0.6469906568527222,0.3365605473518371,0.3559617102146148,-0.3146827220916748,-0.2045052647590637,0.2062235176563263,0.3486829698085785,0.5529441237449646,-0.016566663980484,-0.7394495606422424,-0.3700011372566223,0.3480413854122162,-0.1952962279319763,0.3645149171352386,-0.3964727222919464,0.1479096561670303,-0.1230077594518661,-0.1660883575677871,0.3021289706230163,0.2427328675985336,-0.432539165019989,-0.1254675686359405,0.7219329476356506,-0.5374917984008789,-0.3943407833576202,-0.6420092582702637,0.1480622142553329,-0.3879353404045105,0.1265142112970352,-0.3879170715808868,0.2455029189586639,-0.5147812366485596,0.1670347154140472,0.2136788368225097,-0.0973865538835525,0.1902671456336975,-0.3023533821105957,-0.1986513286828994,0.2059695422649383,-0.0491631291806697,0.1524078249931335,-0.3032713234424591,-0.0656548961997032,-0.5807090997695923,-0.4501806795597076,0.1670434176921844,-0.3809289634227752,0.6607704162597656,0.1631241738796234,0.1359750479459762,-0.0701999813318252,0.3478787839412689,-0.6328304409980774,-0.1447628289461136,-0.4550751149654388,0.2436263114213943,-0.0120690781623125,0.3931418061256408,0.2132409363985061,0.0869434028863906,-0.4913892447948456,-0.4093371629714966,-0.4929644167423248,0.2152226120233535,-0.2128570526838302,-0.2557368278503418,-0.1298930346965789,-0.024274805560708,0.04751892760396,-0.2410119771957397,0.3789639770984649,-0.6740599870681763,0.3417744934558868,-0.1215574964880943,0.5535191297531128,-0.4472485780715942,-0.1685982942581176,0.3951951265335083,-0.049195297062397,-0.4267884194850921,-0.414090096950531,-0.2033648788928985,0.2097956538200378,0.388204962015152,-0.6768291592597961,-0.2198648601770401,0.3544965386390686,-0.4503610134124756,-0.0210239253938198,0.5212361812591553,0.0284831039607524,0.0804966911673545,0.2866666316986084,-0.089926429092884,0.1582807600498199,0.5975357294082642,-0.5801597237586975,-0.2414451092481613,-0.5601361989974976,-0.0293470304459333,-0.3483292758464813,0.556526780128479,0.0230383947491645,0.1481944918632507,0.7260949611663818,-0.4633060693740845,-0.0925065577030181,0.9196696877479552,0.5360009670257568,-1.6513739824295044,0.289298415184021,0.6973103880882263,-0.1962223649024963,-0.2482532858848571,0.0548110119998455,0.0119285555556416,-0.0102505404502153,-0.2157996147871017,-0.7553359270095825,0.8927761912345886,0.2450911849737167,-0.2065581828355789,-0.2450914531946182,0.4924006760120392,0.0727382153272628,0.0552626326680183,-0.4773213267326355,-0.2581067681312561,0.3700799643993377,0.2186993211507797,-0.1692437827587127,-0.2959271967411041,-0.1563395708799362,-0.5493754148483276,0.1432756632566452,-0.2391412258148193,0.2105724662542343,-0.4816707372665405,0.0363241843879222,0.3828274607658386,1.131384015083313,0.3203997015953064,0.5801156759262085,-0.3884201049804687,-0.0716237649321556,0.8466631770133972,0.457819789648056,0.4994423389434814,0.3784675598144531,-0.2813080549240112,-0.2930530309677124,0.6196814775466919,-0.050277542322874,-0.3033430278301239,0.3204991817474365,-0.1048931702971458,0.2078468948602676,-0.1034251824021339,0.0694383829832077,0.1110826358199119,-0.1496219038963318,0.1321352124214172,0.7338179349899292,0.6123164892196655,0.1744691282510757,-0.0940590947866439,-0.4335092604160309,0.0579937808215618,-0.1725084483623504,0.255798876285553,0.4385444521903991,-0.2900402843952179,-0.2993480265140533,-0.1937111467123031,-0.2491368055343628,-0.2325776368379593,-0.3403624296188354,-0.400767982006073,-0.9239010810852052,-1.0663666725158691,0.0514844134449958,0.0364310033619403,-0.7813575267791748,0.2973428666591644,0.1253112405538559,0.6626867055892944,-0.4192781746387481,-0.5313348174095154,0.1362084597349167,-0.469912588596344,0.0440434291958808,-0.1709395498037338,0.040976446121931,-0.254860371351242,0.288720041513443,-0.5707607269287109,-0.2336601018905639,-0.3975604176521301,-0.2706895470619201,-0.4771449267864227,0.0833981111645698,0.1562682390213012,0.7864431142807007,0.0329351238906383,0.2744109034538269,-0.0830293223261833,0.1661955714225769,-0.1352051496505737,-0.1193107739090919,-0.6013108491897583,0.3270958065986633,0.6027277708053589,0.7362671494483948,0.2225320637226104,0.4853352904319763,-0.0107432296499609,-0.1678165048360824,0.2710961103439331,-0.2332077175378799,-0.286459356546402,-0.2649374604225158,0.5488170385360718,-0.4618846178054809,0.2983710467815399,-0.3070251047611236,-0.0251187942922115,0.8155043721199036,-0.2759130299091339,-0.6447542309761047,0.019334452226758,0.4444313943386078,0.2741967439651489,0.2018985152244568,0.2217877656221389,1.1126266717910769,-0.1611074060201645,0.6747143268585205,0.2079386562108993,-0.3065947294235229,0.0153259988874197,-0.2526099681854248,0.0108531191945075,0.1808147132396698,0.5403428673744202,0.8989946842193604,0.2680794596672058,0.387798011302948,0.4225503504276275,0.0394640564918518,-0.3098432421684265,-0.0448453351855278,0.5020272731781006,0.0876635760068893,-0.5822703838348389,0.0671888217329979,-0.4893506169319153,-0.3110739886760711,-0.3760032653808594,-0.1529198884963989,0.2548675239086151,-0.1874099820852279,0.4831192791461944,-0.4073148667812347,-0.6556465029716492,-0.4325756430625915,-0.7924972772598267,0.1225211918354034,-0.1237589567899704,0.2850375175476074,0.5576971769332886,0.5667896866798401,0.151675283908844,0.0797831639647483,0.305660992860794,0.7309637069702148,0.2399234920740127,-0.1629074960947036,-0.1688187420368194,0.3584931790828705,0.1539022028446197,0.4346175491809845,0.2286254167556762,0.0695969685912132,-0.3132855296134949,-0.5330155491828918,-0.3979867100715637,0.1479430347681045,0.0100019462406635,-0.0302755665034055,0.3525822162628174,0.0273273456841707,-0.1545535176992416,-0.5193030834197998,-0.2445397675037384,-0.3318242728710174,-0.1690635979175567,-0.7040066123008728,-0.1218400225043296,-0.5307708978652954,0.1147366911172866,0.4098197817802429,0.4931957721710205,-0.5638531446456909,0.1662935465574264,0.3007017076015472,0.1204905360937118,-0.0154460817575454,0.1163259223103523,-0.0711223110556602,-0.2879864573478699,-0.0643923953175544,0.0923106297850608,-0.0817050263285636,0.6598289608955383,0.1591884344816208,-0.5559541583061218,-0.2439369857311248,0.115936778485775,-0.9041750431060792,0.433933824300766,-0.1377756744623184,0.1395601332187652,-0.6946619749069214,0.1776384264230728,0.0566961802542209,0.0287550706416368,-0.234372466802597,0.1439073234796524,0.1385184079408645,-0.7581139206886292,0.3103348016738891,-0.1813197135925293,-0.3846227824687958,0.7979161143302917,0.5467738509178162,-0.1853010505437851,0.2618381977081299,0.5007081031799316,0.0613263137638568,-0.4154864549636841,0.3247176110744476,-0.1609259694814682,0.1054156497120857,0.3049433827400207,-0.1889155358076095,0.5684009790420532,0.1683012545108795,0.1198823079466819,0.1038140431046485,0.3489070832729339,0.6846362352371216,0.4384132027626037,0.2534331381320953,-0.1556078344583511,-0.470798522233963,-0.7940940260887146,0.0376302748918533,0.2783031463623047,0.5752158761024475,-0.3884532749652862,0.5000850558280945,0.6709069013595581,-0.0261370316147804,0.3636739552021026,0.921187937259674,0.1954237669706344,0.4207964837551117,-0.4991807341575622,0.0607120133936405,-0.9316931366920472,0.4198193550109863,0.3131798803806305,-0.0941114202141761,-0.1071772128343582,0.1388003677129745,-0.5112866163253784,-0.4666632413864136,0.1720971912145614,-0.1056281924247741,-0.1700824797153473,-0.2413229346275329,0.6426102519035339,-0.1109598949551582,0.9409220218658448,0.3932240307331085,0.0111649427562952,-0.4847569167613983,0.1631693243980407,-0.1479229778051376,0.6438269019126892,0.0549303963780403,0.4049669504165649,-0.2156396359205246,-1.03778874874115,-0.4044138193130493,0.2613549530506134,0.2089057564735412,0.286806046962738,-0.5070863962173462,-0.0036206315271556,0.4516017735004425,0.5596505403518677,0.2337265461683273,-0.1101813688874244,-0.4991564750671386,0.0602733492851257,-0.1417141854763031,-0.2067635357379913,0.3999647796154022,0.0863533318042755,0.3394351601600647,0.3769959211349487,-0.1770133674144745,0.0854547098278999,0.4841074049472809,0.1963625401258468,-0.1337948441505432,0.6522935032844543,0.0557423271238803,-0.1153806075453758,0.068910077214241,0.0201813541352748,-0.2673791050910949,0.0112823247909545,0.6305686235427856,-0.0938891470432281,-0.018041593953967,-0.5155843496322632,0.3149875104427337,-0.0319119431078434,0.1470301896333694,-0.4010014533996582,-0.4669030606746673,0.2831065356731415,0.2526891231536865,-0.3539333045482635,0.0224920939654111,-0.2453508973121643,-0.2295989990234375,-0.3570439219474792,-0.3350311815738678,-0.5432419180870056,-0.1944839358329773,-0.3953049778938293,0.4299406409263611,-0.770074725151062,-0.5165455937385559,0.4467598795890808,-0.1453765481710434,-0.1557761132717132,-1.1232340335845947,0.6056432723999023,-0.400147795677185,0.636294960975647,-0.1855069398880005,-0.096103236079216,0.0183214973658323,-0.3138656318187713,-0.322945773601532,-0.5746438503265381,0.4832221865653991,-10.23126220703125,-0.1531709879636764,-0.2061832696199417,-0.6949334144592285,-0.3927797973155975,-0.1074967384338378,1.0815861225128174,0.0150632699951529,-0.5576997995376587,0.1200396791100502,-0.2452751398086547,0.1355503350496292,0.534533679485321,0.3761050999164581,-0.0703593641519546,-0.030170764774084,-0.1402267664670944,-0.5821368098258972,-0.3437755107879638,-0.1215213239192962,-0.077371560037136,-0.1950564831495285,0.6719056367874146,-0.0401544831693172,0.0759009197354316,-0.3982008695602417,-0.1598372608423233,0.2665517330169678,0.1228524073958396,0.4765311181545257,-0.2146400511264801,0.8284003734588623,-0.1778043061494827,0.0664553940296173,-0.1844103336334228,-0.0297167152166366,-0.0254587046802043,0.4636370539665222,-0.1103347167372703,0.490783154964447,0.3837138414382934,0.358788251876831,0.1400733739137649,0.0472070164978504,0.3781290054321289,0.4283336102962494,0.1367486715316772,0.32080739736557,0.7621679902076721,-0.0751866400241851,0.4969749450683594,-0.7559500932693481,0.3250588178634643,0.068393275141716,-0.4673557579517364,0.0409008339047431,0.932538628578186,-0.5532816052436829,0.0047107227146625,0.2532929480075836,0.3740162253379822,-0.0409752391278743,1.1663835048675537,0.404410570859909,-0.2600726783275604,0.3022530674934387,0.1110511496663093,0.122262954711914,-0.4746184349060058,-0.4054569900035858,0.3808251917362213,0.0147620821371674,0.1461379677057266,0.3145440816879272,-0.3718342185020447,-0.085900068283081,-0.0263521336019039,0.2055089026689529,0.3818835616111755,-0.0679506063461303,0.8542038798332214,0.0212811939418315,-0.41378915309906,0.4242964386940002,-0.5259703397750854,0.1248574405908584,0.1416054666042328,-0.0715519413352012,0.5414227843284607,-0.6794898509979248,0.7729988694190979,-0.3009038865566253,-0.3189559578895569,0.7000997066497803,0.3129055202007293,-0.5655158162117004,0.31784188747406,0.1308512240648269,0.0886329114437103,-0.2186778038740158,0
0.2532706260681152,0.0987377539277076,0.695462167263031,-0.788378119468689,0.2845889627933502,0.2739372551441192,0.5229560732841492,0.0308304708451032,0.329807847738266,-0.0047568748705089,0.8151411414146423,-0.5771900415420532,-0.3108467757701874,0.0118641965091228,0.8121463656425476,-0.0799373686313629,0.0662725940346717,-0.3579889833927154,0.2810685336589813,-0.4047544002532959,-0.898082971572876,-0.4622021019458771,-0.1811175048351287,0.4407342970371246,0.0405904427170753,-0.3358346819877624,-0.2216216474771499,0.1015611737966537,-0.0268296990543603,-0.1423835605382919,-0.1249073669314384,-0.0003216134209651,-0.1280248165130615,0.2588240802288055,-0.2769311964511871,0.4170865416526794,-0.1586385071277618,-0.3565927147865295,0.3772844076156616,-0.0922773405909538,0.066784419119358,-0.1347412019968032,-0.5744683146476746,-0.1443625092506408,-0.4192698895931244,0.1109077781438827,0.1844979077577591,-0.0178516265004873,0.0975063443183898,-0.0561684519052505,-0.0695068016648292,0.2375513613224029,0.3325744867324829,0.0622163414955139,0.5577507019042969,-0.2280598431825637,0.6069426536560059,-0.5550383925437927,0.1489911675453186,0.2966927886009216,-0.2745700776576996,-0.4716651439666748,-0.0222448799759149,-0.0160193610936403,0.0210027657449245,0.1788352280855178,-0.2300526797771453,-0.2054558545351028,0.062745377421379,-0.7878321409225464,-0.0567941181361675,-0.4089924693107605,0.1188134476542472,-0.5437332391738892,0.6642235517501831,-0.6891169548034668,0.0436958484351635,0.3674329221248626,0.351985365152359,0.0289693027734756,0.0356173738837242,0.5893229246139526,-0.0582076497375965,-0.7171617150306702,0.3383505344390869,0.4423727989196777,-0.6668835878372192,-0.7380755543708801,0.5011488795280457,-0.1539530903100967,-0.0566951856017112,0.245523989200592,0.3910331726074219,0.2632933259010315,0.1935956329107284,-0.0808111652731895,0.1623323112726211,0.0795813649892807,-0.1746549308300018,0.2877536714076996,-0.0189735908061265,0.1992611438035965,0.5635280609130859,-0.3354761302471161,-0.2567151486873626,0.2298184782266616,0.0276396125555038,0.2482610791921615,0.0117512764409184,-0.0018338343361392,-0.2761610448360443,-0.5926923155784607,-0.7283720970153809,-0.2936768233776092,0.2310864180326461,-0.1952164322137832,-0.3658513724803924,0.7645565867424011,-0.5874225497245789,0.5376728773117065,-0.1070760637521743,0.1925259381532669,-0.0016020741313695,-0.6449110507965088,-0.0439450852572917,0.3632254898548126,0.0686226487159729,0.0415229722857475,-0.5548744797706604,-0.1741340905427932,-0.3752830028533935,-0.2127263993024826,-0.0316730551421642,-0.0864915996789932,-0.373455137014389,1.1571969985961914,-0.097740963101387,-0.0951070711016655,-0.2000003159046173,-0.6002620458602905,-0.2613614797592163,0.1089162975549697,0.0531519390642643,-0.3723576366901397,-0.1141867041587829,0.0115593979135155,-0.3976087868213653,-0.4829869568347931,0.1370451897382736,0.5222105979919434,-0.2626397907733917,0.57652747631073,-0.6167981028556824,0.1627831906080246,0.7411280274391174,0.2015890032052993,-0.6246767640113831,-0.0569022260606288,-0.0529121756553649,0.0288467202335596,0.3883481025695801,-0.0622968822717666,0.4679118394851684,0.6140761375427246,0.1569973081350326,0.310498833656311,0.5609771013259888,0.2981100678443908,-0.0072326641529798,0.7158469557762146,0.5763144493103027,0.43195840716362,0.115408144891262,0.0740832239389419,0.0743823423981666,0.0270756967365741,0.4962116479873657,0.2338863313198089,0.0778639242053031,-0.8886308670043945,-0.2126546800136566,-0.1301453709602356,0.0364229902625083,-0.7401298880577087,0.2935038805007934,0.022360797971487,0.086565151810646,-0.0575080290436744,-0.2426249384880066,-0.3027923107147217,0.1581906527280807,-0.5247434973716736,0.0502157770097255,-0.1854927092790603,-0.1930140554904937,-0.3623448312282562,0.0948902890086174,-0.1174862757325172,-0.9546682834625244,0.6524492502212524,0.1671255379915237,0.2455084770917892,-0.0862253233790397,-0.7541435956954956,-0.9996516108512878,-0.2930129468441009,-0.3918368518352508,0.0852741971611976,0.1768232583999633,0.5676061511039734,-0.1594313979148864,0.6562680006027222,0.2106885313987732,0.0470487363636493,0.518510639667511,0.3330311179161072,-0.4140934348106384,-0.5879434943199158,0.44040247797966,-0.3552228808403015,0.1249063834547996,0.0959924459457397,0.0463635064661502,0.2098229676485061,-0.1418901234865188,0.6370053887367249,0.6892861127853394,-0.0222339127212762,-0.3681532442569732,0.2879819571971893,-0.7261726260185242,-0.5229018926620483,-0.8680969476699829,-0.0679086074233055,-0.6883446574211121,-0.0201859418302774,-0.4460278153419494,0.1422391682863235,-0.513913631439209,0.1165496483445167,-0.1568323671817779,-0.197795107960701,-0.0366561599075794,-0.2543551325798034,-0.0991805121302604,0.3934505581855774,-0.3036240339279175,0.0169656351208686,-0.0490956716239452,0.1903905719518661,-0.4490347802639007,-0.2930056154727936,-0.1993537098169326,-0.1879448145627975,0.8190457224845886,0.3757774531841278,0.5096253752708435,-0.2915777266025543,0.3047144711017608,-0.595760703086853,-0.2113314568996429,-0.5668776631355286,0.0254399832338094,0.1521657407283783,-0.1082426533102989,0.1603581011295318,0.4886753261089325,-0.2900901436805725,-0.2551992237567901,-0.4541031718254089,-0.3060418367385864,-0.4377330839633941,-0.1361687034368515,-0.1341603249311447,-0.1757345795631408,-0.0758554339408874,-0.159386321902275,0.5477481484413147,-0.4633041024208069,0.5534378886222839,-0.5546610355377197,0.5923728346824646,-0.5685274004936218,-0.1347612291574478,-0.0025372437667101,-0.071004681289196,-0.6563525795936584,0.1880975663661956,-0.2660448253154754,0.4703210890293121,0.3350112438201904,-0.2538422644138336,-0.598699688911438,-0.0232988242059946,-0.0641149654984474,0.060272429138422,0.4363966584205627,-0.0683801770210266,0.1888559162616729,-0.1943584233522415,0.2120733708143234,0.3690426647663116,0.2868625819683075,0.2486688643693924,0.075394831597805,-0.1290331333875656,0.0138281537219882,-0.1021203696727752,0.5818308591842651,-0.1828913688659668,0.087082915008068,0.3968253433704376,-0.1202116534113884,0.8358070254325867,0.2473534196615219,0.2957504391670227,-2.020251512527466,-0.1786451488733291,0.5817697048187256,0.4256747364997864,-0.118711918592453,-0.0179369524121284,0.2898993194103241,0.3879290819168091,-0.4409017562866211,-0.6311237215995789,0.7173903584480286,0.0663825199007988,-0.2339789867401123,0.0945433229207992,0.2724086046218872,-0.528950035572052,-0.2289851009845733,-0.6272159814834595,0.3259004950523376,0.3261635303497314,-0.138554573059082,0.1693844199180603,-0.141314223408699,-0.3627247810363769,-0.1893465220928192,0.198416456580162,-0.1102242544293403,0.147545039653778,-0.3262853026390075,-0.1539093106985092,0.109817273914814,1.0552998781204224,0.814586341381073,0.776242733001709,-0.6050745248794556,-0.2913560569286346,0.1989247798919677,-0.0188326071947813,0.4067989289760589,-0.3291022777557373,-0.2606699764728546,-0.2374615371227264,0.1233339607715606,0.1134742870926857,-0.2659570276737213,0.3477733433246612,0.1086361333727836,0.2113602012395858,0.1642369627952575,0.2803328931331634,0.8354799151420593,0.0136864874511957,0.2617038488388061,0.1903945207595825,0.6998818516731262,-0.1251602172851562,-0.2027150839567184,-0.5031578540802002,-0.0973147079348564,-0.3982111811637878,0.4508980214595794,-0.0145898507907986,-0.4809547662734985,0.967228353023529,-0.631411075592041,0.0229471046477556,-0.0796091556549072,-0.8494340777397156,0.0667261555790901,-0.6475000977516174,-0.5113223195075989,-0.1117895767092704,0.0623994618654251,-0.3420248329639435,0.8333590030670166,0.4696038961410522,0.3454782366752624,-0.1749974191188812,-0.425815999507904,0.2032478898763656,-0.2558255791664123,-0.1189568191766738,0.2537873089313507,0.1977614164352417,-0.2993888556957245,0.4389089047908783,-0.0479048006236553,-0.0451583601534366,-0.0842034816741943,0.1014230176806449,-0.6623100638389587,-0.1300254017114639,-0.3639821410179138,0.3879884481430053,-0.1465943753719329,-0.0079006925225257,0.264993280172348,0.2083969116210937,-0.3124489784240722,-0.2195201814174652,-0.5180662274360657,0.3404393494129181,0.5172236561775208,0.6039378046989441,0.3499276041984558,0.4126749038696289,0.1655406802892685,0.1384489983320236,-0.1425452381372451,-0.1895144581794738,-0.697188675403595,-0.4061895906925201,0.641554594039917,-0.3978472948074341,0.4145642518997192,0.1585064828395843,-0.3193343579769134,0.559643566608429,-0.3402338922023773,-0.6002998352050781,0.1456852257251739,-0.1490272581577301,-0.0228659324347972,0.677009642124176,0.3242879211902618,0.5955796837806702,-0.1784624308347702,0.3520129919052124,-0.2714016437530517,-0.1328338235616684,0.3526303172111511,-0.4063422679901123,-0.2712548077106476,-0.1278199851512909,0.6897587180137634,0.4252327382564544,0.57049959897995,-0.1547170728445053,0.1959076225757599,0.2570126354694366,0.0477967634797096,0.5085016489028931,0.212759867310524,0.4212331175804138,-0.1007137447595596,0.0740931332111358,0.0424261689186096,0.3129554688930511,-0.1835649311542511,-0.0673314779996872,0.4640933275222778,-0.0965812131762504,0.1915635764598846,-0.4042709469795227,-0.5198997855186462,-0.5844088196754456,-0.7990305423736572,-0.085508182644844,-0.4080610871315002,-0.1791247129440307,0.3411083519458771,-0.1379453986883163,-0.8542823195457458,0.384833812713623,0.5820035338401794,0.4037805497646332,0.0046177455224096,-0.4181258082389831,-0.2042261362075805,0.4808001220226288,-0.6637538075447083,-0.5639190077781677,0.3904752433300018,-0.1858015805482864,-0.2967082858085632,-0.6603965163230896,-0.0561350509524345,-0.0324935242533683,0.1721220165491104,0.4071244299411773,0.2922839522361755,0.1666185855865478,-0.7016850113868713,-0.2682046890258789,0.0328103117644786,-0.0671117752790451,-0.2682165205478668,-0.5044615268707275,0.0887793377041816,0.1946971714496612,-0.0399043001234531,0.9694170951843262,0.601988673210144,-0.1941685974597931,-0.0345485620200634,0.1649303585290908,0.2807846665382385,-0.577812671661377,-0.3480718433856964,-0.1399733126163482,0.0165531374514102,0.2639556527137756,0.3049851953983307,0.4276651442050934,-0.1273596286773681,0.1302716583013534,-0.8541355729103088,-0.1211500763893127,0.1938444226980209,-0.8813349604606628,0.475998967885971,0.3574241399765014,0.3801551461219787,-0.5731029510498047,-0.3336079120635986,-0.1658072620630264,0.0058364258147776,0.0952580273151397,0.4235550761222839,-0.1102072373032569,-0.7596131563186646,0.1128843277692794,-0.0955019816756248,-0.7349411845207214,0.8560672998428345,0.080874502658844,-0.15021812915802,0.4306968450546264,0.6076554656028748,-0.1369597017765045,-0.6785984635353088,0.2332697510719299,-0.6413567662239075,0.2122153341770172,0.4102717041969299,-0.2345986515283584,0.487755686044693,0.4002706408500671,-0.078540526330471,-0.0764096081256866,0.2724423706531524,0.5841503739356995,0.6275725960731506,0.1791280657052993,-0.129294216632843,0.0426231920719146,-0.4053936898708343,0.2163338661193847,0.0956493467092514,0.490267813205719,-0.8582172393798828,0.4232311546802521,0.813017725944519,-0.1733649671077728,0.2934611439704895,0.6261663436889648,0.0053694085218012,0.4276522994041443,-0.0662788525223732,0.0245866160839796,-0.7677519917488098,-0.0055866027250885,-0.2524584233760834,0.2224869579076767,-0.357456237077713,-0.0999850928783416,-0.2182814329862594,-0.1435237973928451,0.3530179858207702,0.1560963541269302,0.212538793683052,0.1890817582607269,0.2296523153781891,0.000207888893783,0.3542346358299255,0.4711443483829498,-0.3778266012668609,-0.0770725607872009,0.0742701888084411,0.6616275906562805,1.209641933441162,-0.087912879884243,0.2223187088966369,-0.3241991102695465,-0.6356528401374817,0.20099937915802,-0.3099284768104553,-0.2028025686740875,0.6353564858436584,-0.4642383158206939,-0.4211028516292572,0.720435619354248,0.5569702982902527,-0.1122596189379692,-0.335921049118042,-0.6789876818656921,0.3064512908458709,-0.3645256459712982,-0.0358039699494838,-0.180355817079544,0.171331912279129,0.610625147819519,0.0939211472868919,-0.2659443020820617,0.2795200645923614,0.2603947520256042,0.2074338048696518,-0.2944416403770447,0.426446259021759,0.3471634984016418,-0.1667355895042419,-0.2200981974601745,0.385380744934082,-0.5667834877967834,0.0728470310568809,0.6288888454437256,-0.3506180047988891,0.0230734758079051,-0.2788820266723633,0.5178975462913513,0.2655262351036072,-0.4333501756191253,-0.1251368522644043,-0.0558462217450141,0.1861028224229812,-0.1403570473194122,-0.3923693001270294,-0.0288898944854736,-0.0997362285852432,0.4373029172420501,0.0280037112534046,-0.0913358926773071,-0.6388508081436157,-0.4535933434963226,-0.5089301466941833,0.3431868553161621,-0.7353134155273438,-0.4752563238143921,0.490795224905014,-0.0036998414434492,-0.3830293118953705,-1.6215091943740845,0.611397385597229,0.1808617562055587,0.6054509282112122,-0.3519787192344665,0.1456091254949569,-0.1435514688491821,0.0344983451068401,0.0513985343277454,-0.2357434630393982,-0.0522996224462986,-10.219598770141602,0.0156664215028285,-0.2581032514572143,-0.5848661065101624,-0.3376686871051788,0.0620149336755275,0.6576822996139526,0.7729461789131165,-0.3146578073501587,0.4328012466430664,-0.2544274926185608,0.2174075692892074,0.3063734769821167,0.1622301638126373,0.0017183710588142,-0.1237581521272659,-0.2380910813808441,-0.2006743848323822,0.086128182709217,-0.1362071186304092,-0.4530825316905975,-0.5120074152946472,0.7517042756080627,0.2526982128620147,0.2176697850227356,-0.5295992493629456,-0.1853656321763992,0.4672966003417969,-0.1791441887617111,0.2496297359466552,-0.5725317597389221,0.3190526366233825,0.0167583376169204,0.3781613707542419,-0.373111367225647,-0.1352471560239792,0.3851295709609985,-0.0300110895186662,-0.0711425021290779,0.5282049775123596,0.173106238245964,0.2248717993497848,-0.045459359884262,-0.2821187078952789,0.8622176647186279,-0.0490557737648487,-0.080817312002182,0.154214009642601,0.6697948575019836,-0.1314888894557953,-0.116734966635704,-0.39342200756073,0.1688199490308761,-0.089091919362545,0.2086450010538101,-0.3155266046524048,0.3690418303012848,-0.8311924934387207,0.1901748478412628,0.1392320990562439,0.6711832284927368,0.1469493210315704,0.6424481868743896,0.7694492340087891,0.0902850776910781,0.2917851209640503,0.4187970757484436,-0.022094290703535,-0.2411062717437744,-0.174841895699501,0.3503516316413879,0.6631569266319275,-0.2369278669357299,0.054011907428503,0.0384159237146377,0.3050693571567535,0.0060562989674508,-0.0862767398357391,-0.0560752265155315,0.2086593061685562,0.525546669960022,-0.3600848615169525,-0.3099071383476257,0.4158210158348083,-0.4793710112571716,-0.0806445032358169,0.1260488778352737,0.3137144446372986,0.0892589390277862,-0.6076187491416931,0.516116738319397,-0.2219393253326416,-0.5502403378486633,0.4251792728900909,0.6095340251922607,-0.3401385247707367,-0.2818612456321716,0.1433808803558349,0.4594053924083709,0.0951334238052368,0
0.1231138110160827,0.4492609798908233,0.3884042799472809,0.0412229038774967,0.0758494585752487,0.5558128356933594,0.2306105643510818,0.1551999896764755,-0.4046125411987304,-0.4644301831722259,0.0374848321080207,-0.1543157696723938,-0.2079087793827057,0.6230141520500183,0.0749955996870994,-0.0330402813851833,-0.2268550395965576,-0.1624379307031631,-0.3136763870716095,-0.2009812891483307,-0.4487609565258026,-0.3970475792884826,-0.4971101582050323,0.4764551222324371,-0.2808994054794311,-0.0796614587306976,-0.0104049891233444,0.1680516749620437,0.2500545084476471,-0.1148869171738624,-0.0953003466129303,-0.4020711779594421,-0.5611262321472168,0.0101643595844507,-0.6131436824798584,-0.0841822996735572,-0.4243415892124176,-0.1154774501919746,0.2670247554779053,0.0216015093028545,-0.0181246995925903,-0.1735791265964508,-0.3490122854709625,-0.333618551492691,-0.0702253431081771,0.4099800288677215,0.2204208374023437,0.3000068664550781,0.2423617392778396,0.0448936149477958,-0.0321125537157058,0.3012973070144653,0.192337691783905,0.0826527848839759,0.4473689198493957,-0.5930591821670532,0.8809794783592224,-0.8074719309806824,0.2130884379148483,0.5514248013496399,-0.6567736268043518,-0.3907581865787506,0.1432421207427978,0.2119351327419281,-0.093148149549961,-0.2198729664087295,0.3205922842025757,-0.022681538015604,0.1360212862491607,-0.7621728181838989,0.2123498320579528,-0.1271419823169708,-0.0643603503704071,-0.1578206121921539,0.2649607956409454,-0.7738043665885925,0.3087517917156219,-0.1347953975200653,-0.0922530516982078,0.4323457479476928,-0.6077329516410828,0.8605305552482605,0.1024291589856147,-0.4221510291099548,-0.0294526703655719,-0.123188279569149,-0.6463356018066406,-0.8160682916641235,0.4599822163581848,-0.2753682434558868,0.2812662720680237,0.3788725137710571,0.1458035409450531,0.7601058483123779,0.0165413618087768,0.0440185964107513,0.3510110378265381,0.387873113155365,0.0899581685662269,0.3239330947399139,-0.462004005908966,-0.0534325987100601,0.5842787623405457,-0.8378627896308899,-0.1350140571594238,0.0442395322024822,-0.4432619512081146,0.4669585824012756,0.1385521590709686,0.0495200753211975,-0.2713117301464081,-0.2956724762916565,-0.3439642786979675,0.2891451716423034,0.2782316505908966,0.3838802874088287,-0.0002128552878275,0.3526578843593597,-0.2968418300151825,0.4204418957233429,0.1402692347764969,0.6628037691116333,0.0109529132023453,-0.2493162453174591,-0.7611669898033142,-0.1784507483243942,0.2513410449028015,0.2485608905553817,0.0415656119585037,-0.8785262107849121,0.1427153050899505,-0.036750178784132,-0.5656404495239258,-0.1953497976064682,-0.3722878396511078,0.6866252422332764,-0.0380434580147266,0.1799145638942718,-0.1077672466635704,-0.458080381155014,-0.6979972124099731,0.2590562403202057,-0.1680516898632049,-0.0491655878722667,-0.2135801017284393,-0.0960002318024635,-0.0139121320098638,0.1986266672611236,0.6022095680236816,0.5109342336654663,-0.1990288496017456,1.0830914974212646,-0.4651145339012146,0.0338232852518558,0.3894877731800079,0.1737095117568969,-0.5139617919921875,-0.0087816445156931,0.2318317294120788,0.5932332277297974,0.5720173120498657,-0.4909519255161285,0.355887770652771,0.9361818432807922,0.0049250083975493,0.2354423254728317,0.4689258635044098,-0.1164900213479995,0.3047364354133606,0.5328068137168884,0.5977091193199158,0.5410733819007874,0.0592143833637237,-0.2418918311595916,0.010082459077239,0.5177382826805115,0.7239014506340027,0.0804607421159744,0.1661899983882904,-0.5361214876174927,0.0783840641379356,-0.0655987709760665,-0.0093996971845626,-0.8041617274284363,0.2197591960430145,-0.3057252764701843,0.1525004506111145,-0.0831784009933471,-0.2190597802400589,0.0048233796842396,-0.2455145269632339,-0.142656996846199,0.1653960347175598,-0.1805367618799209,0.0226214379072189,0.252815306186676,0.1008603945374488,-0.0736695155501365,-0.3125497698783874,0.0027908934280276,-0.2689207196235657,0.0918744355440139,-0.0830516815185546,-1.101097583770752,-0.9538522958755492,0.1038811057806015,0.5318265557289124,0.4946764707565307,0.3651838898658752,-0.0952106788754463,-0.2399941682815551,0.2045545428991317,0.7216549515724182,0.1952834278345108,0.4752112329006195,0.4693156778812408,-0.5757101774215698,-0.1049781814217567,0.1779050976037979,0.3130639493465423,-0.0979202687740325,0.082808680832386,0.0422740578651428,-0.0802398845553398,-0.0945495218038559,0.8080146312713623,0.1936263293027877,-0.1150619089603424,0.0054282308556139,0.7240721583366394,-0.7917774319648743,-0.2525116801261902,-0.5103409886360168,-0.2524421513080597,0.0004336121783126,-0.1393671780824661,-0.5123047828674316,0.512993574142456,-0.0856382101774215,-0.0278315190225839,-0.4146546721458435,-0.2266345173120498,0.5573171377182007,-0.5894581079483032,0.2186111509799957,0.2767102420330047,-0.1298295557498932,0.034149307757616,-0.5827338099479675,-0.1074302047491073,-0.4650209546089172,-0.5124746561050415,0.095265544950962,-0.2727013528347015,0.877055287361145,0.0307052470743656,0.7117515802383423,-0.1736073940992355,0.1399305462837219,-0.2337078005075454,-0.1700103282928466,-0.4660062491893768,-0.3893087208271026,-0.3200649917125702,0.36192587018013,0.2422608286142349,0.5455904603004456,-0.2525476515293121,-1.6800079345703125,-0.0829514935612678,0.0901246294379234,-0.590021550655365,-0.1166232600808143,-0.134414792060852,-0.1570027023553848,-0.3502565920352936,-0.0730955302715301,0.7539610862731934,-0.6830848455429077,-0.1346728652715683,-0.2110080420970916,0.4071735441684723,-0.4598382413387298,0.0623786784708499,0.1153885349631309,0.4106982946395874,-0.1908294707536697,-0.6963496804237366,-0.3930406868457794,0.0179575663059949,0.1430064439773559,0.0185511503368616,-0.4818713068962097,-0.014843457378447,-0.4170853197574615,0.2829124331474304,0.1637875735759735,-0.4432901740074157,0.3415219485759735,0.3085688650608063,0.6146608591079712,0.5549052357673645,0.5430335402488708,-0.1672431081533432,-0.6714587807655334,0.2201706171035766,0.1896889805793762,-0.3027598261833191,0.559830367565155,-0.5565181374549866,0.3516184091567993,0.342310756444931,-0.3357832729816437,0.2908375561237335,0.6458819508552551,-0.0310758836567401,-1.572529911994934,-0.2528011500835418,0.3623014986515045,0.2087958753108978,-0.3817519247531891,0.1319604963064193,0.1576255410909652,0.3442347347736358,-0.5063840746879578,-0.2880071401596069,0.5498164296150208,0.1964365392923355,0.2621631324291229,-0.1872194111347198,0.5826170444488525,-0.5048829913139343,0.0397969894111156,-0.6787499785423279,-0.0171617232263088,0.4861078262329101,-0.2345322966575622,-0.1444097906351089,0.265208750963211,-0.3782488405704498,-0.2671854197978973,0.4098029434680938,-0.1968329399824142,0.0528481900691986,-0.2974405884742737,-0.0400130189955234,0.2802795171737671,1.4972728490829468,0.5008471608161926,0.6121992468833923,-0.323981761932373,-0.3650017976760864,0.2641220986843109,0.1231701672077179,0.3433264493942261,-0.3920523524284363,-0.1274280995130539,-0.3564356565475464,0.0299845319241285,-0.0609694756567478,0.0171967726200819,-0.0190320536494255,-0.2858986556529999,0.1662586331367492,-0.461461454629898,0.2694081962108612,0.4638465940952301,0.0398641116917133,0.2293373197317123,0.6746375560760498,0.5301793813705444,0.2003440409898758,-0.2477969080209732,-0.5393532514572144,-0.0063035571947693,-0.5178176164627075,0.377795934677124,0.0354310274124145,-0.0208152793347835,0.3716359138488769,-0.301368772983551,0.1769916862249374,0.0036387762520462,-0.2827593982219696,0.0379030369222164,-0.5908679366111755,-0.3027498126029968,-0.1490825861692428,0.0798156931996345,-0.3840076625347137,0.2991436719894409,0.4653516709804535,0.5443713665008545,-0.3986534774303436,-0.392270028591156,0.0972675308585167,-0.0983534157276153,0.1271000504493713,0.0717663019895553,0.2141284644603729,-0.0405843406915664,-0.1314437687397003,-0.5324204564094543,-0.4545006453990936,-0.6074473857879639,-0.0998709499835968,-0.4864875674247741,-0.2520653307437897,0.2662206590175628,0.6392948627471924,-0.0061220834031701,-0.0002625654451549,0.2046940177679062,0.2406426519155502,-0.427702397108078,-0.5291266441345215,-0.0238432958722114,0.3131350576877594,0.5644910335540771,0.3777675032615661,0.5966751575469971,0.1175851374864578,0.3224056363105774,-0.0339446403086185,0.1585583239793777,0.3659508824348449,-0.3815783858299255,-0.299306184053421,1.030006766319275,-0.4189485609531402,-0.0196306072175502,-0.1873382329940796,0.1946061700582504,0.7992408275604248,-0.2151150107383728,-0.7935209274291992,0.418662279844284,0.0426677353680133,0.2311915755271911,0.6340779662132263,0.4241951704025268,1.04574716091156,0.288774311542511,0.4176480174064636,0.3807947933673858,-0.2010767459869384,0.1479807496070861,-0.3861715495586395,-0.0557927750051021,-0.1404449790716171,0.3929578959941864,0.7641176581382751,0.3738381564617157,0.2858656346797943,0.0353921093046665,0.4459830820560455,-0.5208247900009155,0.1525947600603103,0.383240669965744,-0.202982485294342,-0.5346816182136536,0.218737781047821,-0.972753882408142,-0.8207621574401855,-0.1421180963516235,-0.0154181104153394,0.4628665149211883,0.0081729851663112,0.3942067325115204,-0.5851307511329651,-0.7573434114456177,-0.478797048330307,-0.9843683242797852,-0.0697788372635841,0.0517299473285675,-0.19020776450634,0.5906980037689209,0.300529271364212,-0.9819388389587402,0.461364597082138,0.3210695385932922,0.48450767993927,0.1785139143466949,-0.3847949206829071,-0.321662425994873,0.8443519473075867,-0.5014409422874451,-0.4166518449783325,0.750177800655365,-0.0743482336401939,-0.0699120983481407,-0.3655387163162231,-0.2019563913345337,0.1565447747707367,0.4733108282089233,-0.1820834279060363,0.2548277080059051,-0.0231193322688341,-0.4221740365028381,-0.2792053520679474,-0.2625077366828918,-0.3165677189826965,0.2979778945446014,-0.8846938014030457,-0.2044506818056106,-0.2526279389858246,-0.1218877434730529,0.6885345578193665,0.6429525017738342,-0.2151956707239151,0.0918591320514679,0.7153148055076599,0.1788139045238495,-0.2660667896270752,-0.0331308916211128,0.0755949541926384,-0.3624329268932342,-0.2606484889984131,0.0119486786425113,0.3902390599250793,0.2846006453037262,0.3447838723659515,-0.7184575200080872,-0.3535074293613434,-0.1424677819013595,-0.7829322814941406,0.4006941318511963,0.0192137602716684,0.524908721446991,-0.9151397943496704,0.1733862459659576,-0.1486841440200805,0.3275986909866333,0.1396800130605697,-0.0200174562633037,-0.0763090774416923,-1.4075360298156738,0.0534817576408386,-0.4918538331985473,-0.7902896404266357,0.5318777561187744,-0.2848229110240936,-0.6919559836387634,0.2178936302661895,0.1768209189176559,-0.0917976275086402,0.0921580791473388,-0.0385496318340301,-0.4900764226913452,-0.042287316173315,0.4481016993522644,-0.1261456757783889,-0.1064321026206016,0.4720658361911773,-0.3878652453422546,0.0398647002875804,0.603585422039032,0.5249636769294739,0.1717052012681961,0.1215288713574409,-0.0735646188259124,0.0501642189919948,-0.786901593208313,0.1556357145309448,0.0870108231902122,0.4399442374706268,-0.3945975601673126,0.2235125601291656,0.6525632739067078,-0.3681321144104004,-0.0519896671175956,0.8495214581489563,0.1558186113834381,0.6384768486022949,0.0111140543594956,-0.2351629585027694,-0.8818499445915222,0.4974597990512848,0.4136258959770202,0.2622667253017425,-0.3039504289627075,0.2893498837947845,-0.1052259653806686,-0.4882786571979522,0.2411974370479583,-0.0667811557650566,-0.064834177494049,0.4654918611049652,0.4328020513057709,0.1599184870719909,0.7770379185676575,0.6601337790489197,-0.3099386990070343,0.4009592533111572,0.1443146169185638,0.2567755579948425,0.9159109592437744,-0.0673000141978263,0.5176604986190796,-0.3365890383720398,-0.7841489911079407,0.2950450778007507,0.1969319880008697,0.3568305671215057,1.1737850904464722,0.1396821588277816,-0.3988161087036133,0.5462249517440796,0.8059064745903015,-0.0751746743917465,0.1154990270733833,-0.4927742481231689,-0.0536334104835987,-0.0812551900744438,-0.2035188674926757,-0.0750195607542991,-0.0683854147791862,0.0823175758123397,-0.1193918213248252,0.1936592906713485,-0.2463523298501968,0.4719513356685638,-0.4209035634994507,-0.3078163266181946,0.3759004473686218,-0.002961597405374,0.3020261228084564,-0.0533858947455883,0.4790732264518738,-0.3208807706832886,-0.2082509845495224,0.4283637106418609,-0.407904177904129,-0.4388944208621979,-0.0532719641923904,0.3547323942184448,-0.0368370115756988,-0.0052372380159795,0.0940156653523445,-0.3612267076969147,-0.211391806602478,0.2542731165885925,-0.5569307208061218,0.3658948242664337,-0.0642438754439354,0.2677868604660034,0.1883809864521026,0.0471253059804439,-0.4177459180355072,-0.2764428257942199,-0.5471877455711365,0.1430089622735977,-0.396871268749237,-0.6322588324546814,0.4642121195793152,-0.0183759145438671,-0.3485398292541504,-1.5665051937103271,0.6561968922615051,-0.1743222624063491,0.3859342932701111,-0.1879439949989318,0.1425675898790359,-0.0521857179701328,0.0290188640356063,0.1428416967391967,-0.44991534948349,-0.0334871858358383,-10.106772422790527,0.0311617329716682,-0.7103382349014282,-0.5038667917251587,-0.026438895612955,0.0103408712893724,0.8339167237281799,0.5296981930732727,-0.3991149663925171,0.017071871086955,-0.4222870469093323,0.2256660610437393,0.2735041081905365,0.5720398426055908,-0.0424214042723178,-0.3598330616950989,-0.3359643220901489,-0.5068827867507935,-0.0967234298586845,-0.3829208612442016,-0.0620862655341625,-0.0616059638559818,0.8082335591316223,0.175922617316246,-0.1417668014764785,-0.4456749558448791,-0.3426142036914825,0.3715060949325561,-0.1455613672733307,0.1725504249334335,-1.1235413551330566,0.902729630470276,-0.3657998740673065,-0.382174015045166,-0.4527009129524231,0.2521111965179443,-0.010334450751543,0.2842535078525543,-0.0591973848640918,0.601249098777771,0.2945119440555572,0.6637018918991089,-0.1598019748926162,-0.3018046021461487,0.1331110447645187,0.4781384766101837,-0.1138777434825897,0.2863802015781402,0.2445801645517349,-0.1813361495733261,0.1402642875909805,-0.3990349471569061,0.2809138000011444,-0.1469828486442566,-0.0133303431794047,-0.1942400634288787,0.7767208814620972,-0.7879253029823303,0.0311534497886896,0.1072991862893104,0.2392787486314773,-0.1930221021175384,0.4252275824546814,0.208171546459198,-0.3237896859645843,0.4729270040988922,0.1399933397769928,0.23618184030056,-0.7695155739784241,-0.2419710606336593,0.3645013272762298,0.1336968094110489,0.1556989699602127,0.1743565052747726,-0.024681793525815,0.5745055675506592,-0.1888916194438934,0.0466608963906765,0.0775435715913772,0.281894326210022,0.4171482026576996,-0.4694114327430725,-0.6455208659172058,0.1391593664884567,-0.1641565710306167,0.4069516956806183,-0.1344774216413498,0.3288237750530243,0.0753167793154716,-0.4625642895698547,0.3396262526512146,-0.455998957157135,-0.6298967599868774,-0.1371355205774307,-0.0455033481121063,-0.3143453001976013,0.2219788879156112,0.2289328575134277,0.3692764937877655,0.4943829774856567,0
0.8402013182640076,0.8864259123802185,0.9529184103012084,-0.7092844843864441,0.2640710771083832,0.4531397521495819,0.4706394672393799,0.2019992768764495,-0.5217068791389465,-1.036341428756714,0.9711753726005554,-0.1207123845815658,-0.1603991091251373,0.1072288155555725,0.4086097478866577,-0.0636792257428169,-0.4140648543834686,-0.1236286610364914,0.2126194387674331,-0.3669615387916565,-0.946020245552063,-1.0753957033157349,0.1538380533456802,0.2056357711553573,0.1572071611881256,-0.3271514773368835,0.2363316714763641,-0.1421323716640472,0.4970192909240722,-0.308838278055191,-0.3612666726112366,0.2574970126152038,0.1263016909360885,-0.5485225319862366,-0.7351199984550476,0.6298437118530273,-0.4665107429027557,-0.3948886096477508,0.8275375366210938,0.4791396260261535,-0.5393547415733337,-0.0704584270715713,-0.1997954845428466,0.0426451005041599,0.0066734193824231,0.2175242751836776,-0.180136039853096,0.093847744166851,0.1311532706022262,-0.078713372349739,-0.7182508707046509,0.1061693578958511,0.7563138604164124,0.0536962635815143,0.12846140563488,-0.2392987310886383,0.5882565975189209,-0.6914922595024109,-0.1134813725948333,0.2217293232679367,-0.5234522819519043,0.0021012250799685,0.5023064017295837,-0.0333726815879344,-0.7393302917480469,0.3502902388572693,0.3051308989524841,0.0651079714298248,0.4027409851551056,-0.0771147906780242,0.3453409671783447,-0.002051718533039,-0.1354586631059646,-0.8722860217094421,0.0118876164779067,-0.7959455251693726,0.2293085753917694,0.5743157267570496,0.3181802034378052,0.2853630185127258,-0.4301016628742218,0.5468273758888245,0.2403901815414428,-0.0639001876115799,-0.2717317342758178,0.2977344095706939,-0.7212018370628357,-0.4948390126228332,1.0158390998840332,-0.3759993612766266,0.1367019414901733,-0.3116025924682617,0.0233610235154628,0.2402969896793365,0.1260959804058075,0.23441082239151,0.1236900463700294,0.0123652918264269,-0.3583544790744781,0.3847872614860534,-0.4462465047836303,-0.1305301487445831,0.6507263779640198,-0.3219900727272033,-0.7540174126625061,0.0233013723045587,-0.3798909783363342,0.2854487001895904,0.9422594308853148,-0.159913957118988,-0.2614949345588684,-0.929268479347229,-0.5332013964653015,-0.1948968470096588,0.4805018007755279,-0.1144355833530426,-0.5081951022148132,0.5017540454864502,-0.229011595249176,0.044873509556055,-0.0401870273053646,0.4586861431598663,-0.4342773854732513,-0.4007928073406219,-0.4296309351921081,0.0456701591610908,0.2928208410739898,-0.2448987960815429,-0.1774122565984726,-0.1275217682123184,-0.3063744008541107,-0.6356223225593567,-0.0926250740885734,-0.1674718856811523,-0.4903954863548279,0.4011684656143188,0.0791933983564376,0.0472650118172168,0.3554925322532654,-0.5593151450157166,-0.7983093857765198,-0.0220696926116943,0.0726196467876434,-0.4177624583244324,0.0866492167115211,0.0878165811300277,-0.1979495733976364,-0.574002206325531,0.2079791724681854,-0.1141997054219245,-0.2379137873649597,1.4850610494613647,-0.8472323417663574,0.3921401798725128,-0.242055281996727,0.6848089098930359,-0.5720543265342712,0.1695886254310608,0.4991597831249237,0.4558464586734772,0.289747953414917,0.3910814523696899,-0.3683060705661773,0.473260223865509,-0.0447301194071769,0.0304576139897108,-0.1625962704420089,-0.8225210905075073,0.1328815072774887,0.4306074678897857,0.6247649788856506,0.7646305561065674,0.3460645973682403,-0.0497559197247028,0.1595256477594375,0.2625771760940552,0.8273472785949707,0.1483378857374191,0.2171693444252014,-0.7370293736457825,0.4029550850391388,-0.1487280130386352,0.5488511323928833,-0.3537486791610718,0.5272070169448853,0.0010412619449198,-0.0267990641295909,-0.5078657865524292,-0.6144517660140991,0.6642650365829468,-0.3281778991222381,-0.5507776141166687,0.1954607665538787,-0.3636588156223297,0.0244633518159389,-0.1792472600936889,0.61920166015625,-0.1728480756282806,0.2203320264816284,0.254727303981781,0.071471557021141,0.0969033315777778,0.3057780563831329,-0.3402503132820129,-0.7175012230873108,-0.2900775074958801,-0.0241020359098911,0.4178555011749267,-0.0004461138742044,0.3663473427295685,-0.4978080093860626,0.2238940447568893,0.4943103492259979,0.1175707578659057,0.4850270748138428,-0.1252554208040237,-0.2645496428012848,-0.6479995846748352,0.2485208064317703,0.5153838992118835,0.1083794087171554,-0.2870300710201263,-0.083146683871746,0.2122607678174972,0.0779389217495918,0.4381456673145294,0.104242131114006,-0.4512432813644409,-0.461339384317398,0.1879638731479644,-0.4839061498641968,-0.5347288250923157,-0.4233202934265136,-0.0837688520550727,-0.7455229759216309,-0.7112442255020142,-0.2939954400062561,0.4081995189189911,-0.1757049113512039,0.1307981461286544,-0.2171629667282104,-0.2418249398469925,0.1836033463478088,-0.3229748904705047,-0.772477924823761,-0.0232807509601116,-0.265605479478836,0.1458535641431808,-0.1017135754227638,-0.3257646858692169,-0.4105221331119537,0.3074276745319366,0.1650837659835815,0.1350093483924865,0.3494160771369934,0.4872191250324249,0.7195417284965515,-0.555189311504364,0.5300774574279785,-0.6012885570526123,-0.4393970370292663,-0.6886433362960815,-0.224941000342369,0.0777284279465675,-0.1575800329446792,-0.2733401954174042,0.0258621107786893,-0.1868836879730224,-0.694868803024292,-0.413663387298584,0.378148078918457,-0.4571383893489837,0.0480074249207973,0.1941318362951278,0.1784478724002838,-0.2013610899448394,-0.4508569538593292,0.6929954290390015,-0.0434218160808086,-0.0894694179296493,-0.8486675024032593,0.3018200397491455,-0.4562558233737945,0.0764122307300567,-0.2909404039382934,0.3751297295093536,-0.5874490141868591,-0.1449161916971206,-0.212197721004486,-0.0173472296446561,0.3826923966407776,-0.4672489166259765,-0.3302934467792511,0.0714263021945953,-0.5083909630775452,0.0931640863418579,0.7742196917533875,-0.7288391590118408,0.4158223569393158,0.0705865770578384,0.8398691415786743,0.2521918714046478,0.770606279373169,-0.16172556579113,0.4860692620277405,-0.1550927460193634,0.1649810820817947,0.5839343667030334,0.59639573097229,0.0036707082763314,0.1213214322924614,0.4889711439609527,-0.6121795773506165,0.2034366279840469,0.3866227567195892,0.4396621584892273,-1.8341797590255733,-0.0941402912139892,0.4062133729457855,0.3001303970813751,-0.1778026074171066,0.1907840818166732,0.7222260236740112,0.5443304777145386,-0.2523622810840606,-0.7079489827156067,1.1127824783325195,0.5079794526100159,-0.0638263672590255,0.1312476694583892,0.3347005248069763,0.0335233099758625,-0.3259530961513519,-0.3084295392036438,0.6554327011108398,0.4273363351821899,-0.210871547460556,-0.2653607428073883,0.0765664428472518,-0.0045342282392084,-0.4703499674797058,0.2836269736289978,-0.3364321589469909,-0.6260625720024109,-0.6948462724685669,-0.0261771883815526,0.4231950938701629,0.7261601090431213,0.5526869893074036,-0.0823718532919883,-1.083271622657776,-0.2165854722261428,-0.2659042179584503,-0.0587523281574249,-0.0980758145451545,-0.1791010797023773,-0.1642684340476989,-0.0218696650117635,0.1880530714988708,-0.4384723007678985,0.938469171524048,-0.5042858719825745,-0.2407458126544952,0.4385305345058441,-0.4995814859867096,0.4769491553306579,0.4603908061981201,-0.2561194896697998,-0.0404003672301769,0.33465376496315,0.62010258436203,0.2366161793470382,-0.0493300706148147,0.1613800078630447,-0.1488865613937378,-0.5326104164123535,0.0672991946339607,-0.3525775969028473,0.0503637418150901,1.0977203845977783,0.0342283956706523,0.3049745559692383,0.1969953328371048,-0.3646270036697387,0.3736465275287628,-0.0121515952050685,-0.1986920088529586,-0.0449898578226566,-0.3092159032821655,0.3994574248790741,0.2657450735569,-0.0765920653939247,0.5791207551956177,0.1916858255863189,-0.8035536408424377,0.1766742318868637,-0.2892157435417175,0.787887692451477,0.1105365008115768,0.4657860994338989,0.0568254180252552,-0.0786471515893936,-0.0031716374214738,-0.5239953994750977,-0.4451206922531128,0.0060630957596004,-0.3335257768630981,0.0225681830197572,0.362295925617218,0.8075739741325378,-0.299902468919754,0.3549682796001434,-0.0826601311564445,0.1008668392896652,-1.06807279586792,-0.2209745496511459,-0.4175328910350799,0.5431703329086304,-0.1719494611024856,0.5313003063201904,0.2416865676641464,0.2665316462516784,0.3523620665073395,-0.3086983263492584,0.1950477063655853,-0.2145833969116211,-0.045533999800682,-0.5182064175605774,0.5455507636070251,-0.6702889204025269,-0.3202638626098633,0.1288624703884124,0.1317585855722427,0.3108663260936737,-0.2387038916349411,-0.4214089512825012,0.49323570728302,0.0482661351561546,-0.4241625666618347,0.4701060652732849,0.4363831877708435,0.4844595491886139,0.0112811215221881,0.7601022124290466,-0.4579939544200897,-0.1350991874933242,-0.6093227863311768,-0.3384333550930023,0.2733820676803589,0.2668427526950836,0.598150372505188,0.4302094876766205,0.230319857597351,-0.010950619354844,0.6849079132080078,-0.1006461232900619,-0.3351060748100281,0.4939877688884735,0.3320679068565368,0.2004559189081192,-0.2723183333873749,1.1715296506881714,-0.6082950830459595,0.0990936905145645,0.3469167053699493,-0.016169736161828,1.0257359743118286,0.5104175209999084,0.1885837912559509,-0.4613471627235412,-0.5786841511726379,-0.5361431241035461,-0.7601370215415955,-0.5721330046653748,-0.6318758726119995,-0.0009315708884969,0.4889010488986969,0.3781480491161346,-0.1598542928695678,0.3341378271579742,0.14195017516613,0.4646066129207611,0.3816909790039062,-0.5227125287055969,-0.0011413968168199,0.2944584786891937,-0.5920130610466003,-0.249683067202568,0.177799567580223,0.4954040944576263,-0.1352295130491256,-0.7931813597679138,-0.2269943356513977,0.0119106639176607,0.3226131200790405,-0.5355316996574402,0.3086459934711456,0.1244554668664932,-0.6615316271781921,0.1016613915562629,-0.3506644368171692,-0.5141119360923767,-0.7690661549568176,-0.4846237301826477,-0.6316962242126465,-0.0143179288133978,-0.596053957939148,0.761843740940094,0.7653159499168396,-0.309931218624115,0.2458657175302505,0.2578209936618805,0.23653244972229,-0.4155992269515991,-0.0596810244023799,-0.6008260846138,-0.3979058861732483,-1.1534206867218018,-0.0992932245135307,-0.2772306799888611,0.3442450761795044,0.0940424427390098,-0.644173264503479,-0.5655224323272705,0.5352935791015625,-0.7708964347839355,0.419559508562088,-0.007034296169877,0.674909234046936,-1.154043197631836,0.1232856065034866,0.2639124691486358,-0.5251487493515015,-0.3640531003475189,0.2615995109081268,-0.280412495136261,-1.6007555723190308,-0.1562930196523666,0.1368463933467865,-0.588234007358551,1.141083836555481,-0.0418497957289218,-0.3155383169651031,0.3626347780227661,0.8684769868850708,0.2778588235378265,0.144762322306633,0.6023383140563965,-0.4258224368095398,0.4226493537425995,0.2265450060367584,-0.3908765912055969,0.4078980684280395,0.1168313100934028,-0.2685392200946808,-0.077699564397335,0.4312033653259277,0.0399543270468711,0.5593757033348083,0.2731857895851135,-0.017370318993926,-0.4970459640026092,-0.4188170731067657,0.0034556286409497,-0.4379518032073974,0.0992165058851242,-0.2801329493522644,0.7456784248352051,0.6247022151947021,0.1110539063811302,-0.0198966655880212,1.2410669326782229,-0.1996026933193206,0.748587429523468,0.3527284562587738,-0.1681818962097168,-0.5958816409111023,-0.0360062383115291,0.5554254651069641,0.3532405495643616,-0.2933147251605987,0.1194443777203559,0.311793714761734,-0.860252320766449,0.051699336618185,-0.2723455429077148,-0.0275569781661033,0.608252227306366,0.4156177937984466,-0.0225809458643198,1.01793110370636,0.5143672823905945,-0.4853048324584961,0.0246193688362836,0.0592975430190563,0.8606547117233276,0.7500612139701843,-0.021805441007018,0.8092977404594421,-0.3977308571338653,-0.7300600409507751,0.4405621886253357,0.493886649608612,-0.0189405493438243,0.400599867105484,-0.1049231067299842,-0.9286898970603944,1.0819119215011597,0.4049954414367676,0.3570279777050018,-0.5450643301010132,-0.591494619846344,0.3785147070884704,-0.0014373573940247,-0.457447201013565,-0.0770623832941055,0.0155656989663839,0.5647145509719849,0.1210075989365577,-0.3905628025531769,0.0294983778148889,0.7060681581497192,0.287578284740448,-0.2003862410783767,-0.0066772154532372,0.0421230569481849,0.0687439143657684,-0.0518108420073986,0.2702793180942535,0.0135433366522192,-0.4707966446876526,0.2606574296951294,-0.4188301265239715,-0.4180059432983398,-0.244837999343872,0.0229608081281185,-0.2488712817430496,0.0861528664827346,-0.0107278954237699,-0.8860316276550293,0.2589236795902252,0.1878138482570648,-0.4448656141757965,-0.4429190456867218,-0.1805579513311386,0.1347978711128235,-0.6955134868621826,-0.2208022624254226,-0.8743792176246643,-0.1429607719182968,-0.3097889423370361,0.1189098730683326,-0.9362959265708924,-0.6122268438339233,0.2495551109313964,-0.1483074873685836,-0.137794092297554,-1.1248252391815186,0.7817105650901794,0.7778563499450684,0.0352769531309604,-0.2534845173358917,0.0378709398210048,-0.2182121127843856,-0.004499192815274,-0.6505327224731445,-0.3982132375240326,-0.006168607622385,-9.708775520324709,0.0776672139763832,-0.1643930375576019,-0.3139532506465912,-0.4237111806869507,-0.2220294326543808,0.7684469223022461,1.6069897413253784,-0.330838680267334,1.1056560277938845,-0.1659848839044571,-0.4626069068908691,0.5336809158325195,0.3298137187957763,-0.1312882304191589,0.0593688897788524,-0.5115081071853638,-0.1822537928819656,-0.4134491086006164,0.120540827512741,-0.0070847854949533,0.0526954978704452,1.1588022708892822,0.1564518362283706,0.6178663372993469,-0.2276137769222259,-0.034473717212677,0.5587851405143738,0.2236207425594329,0.1878172755241394,-1.0751912593841553,-0.0849870145320892,0.2826878726482391,-0.2375741451978683,-0.1530635952949524,0.1888940185308456,0.3821322023868561,0.7402351498603821,-0.4396693408489227,0.5346937775611877,0.0636202618479728,0.9397262930870056,0.5205726623535156,0.3660965859889984,-0.0496458336710929,0.0254693087190389,-0.131986916065216,0.0327780060470104,0.6909484267234802,-0.1620034128427505,0.0472787469625473,0.0489967875182628,0.4135803580284118,-0.609581708908081,0.4664559066295624,-0.0674460530281066,0.182023212313652,-1.34434711933136,0.1212959364056587,-0.0207534451037645,0.2135902494192123,0.6157245635986328,0.8330112099647522,0.8587244749069214,-0.1951933205127716,0.6786867380142212,-0.2040471881628036,0.0900294780731201,-0.7862498164176941,-0.27702397108078,-0.0451393239200115,0.0937951579689979,0.2630598247051239,0.1610091179609298,-0.2916879653930664,0.3688946366310119,0.206041544675827,0.1483432799577713,0.5821508169174194,0.0091093443334102,0.0905089005827903,-0.1089424341917038,0.0717112571001052,0.2732034027576446,-0.3476391136646271,0.0293124485760927,-0.1971959620714187,-0.624050498008728,0.326962262392044,-0.7329292893409729,0.5326489806175232,0.3075511157512665,-0.5987350344657898,0.2507778704166412,0.4450560808181762,-0.3497938215732574,-0.4327191710472107,-0.2083632051944732,0.3930385112762451,-0.3484673202037811,0
0.5296596884727478,0.2130906283855438,0.4559382796287536,-0.3788235783576965,0.0963736400008201,0.229296863079071,0.2386744916439056,0.2548413276672363,-0.0763473808765411,-0.5995948910713196,0.3987560868263244,-0.4263967275619507,0.4475667774677276,-0.2476707696914672,0.6969519257545471,-0.0656861960887909,0.0709809884428978,-0.1644545197486877,-0.0108748702332377,-0.3702743947505951,-0.7576481103897095,-0.413432627916336,0.3180697858333587,0.3614082336425781,0.053830225020647,-0.3144461810588836,0.024836154654622,0.22332763671875,-0.1629917174577713,0.0653100684285163,-0.163625493645668,-0.366718590259552,-0.2875009775161743,-0.143985703587532,-0.1412046998739242,0.7164433598518372,0.0447980128228664,-0.334321528673172,-0.048272281885147,-0.4448588788509369,0.2024504095315933,-0.0392537266016006,-0.0778143554925918,-0.4906745254993438,-0.4244580864906311,0.3569748103618622,0.1421144604682922,0.4508043527603149,0.3910716772079468,0.065802477300167,-0.2395339757204055,0.3987994194030761,0.2064034640789032,0.0377097837626934,0.5504782795906067,-0.1333968788385391,0.3774928748607635,-0.541711688041687,-0.0768055692315101,0.2613519728183746,-0.3717130422592163,-0.2485538125038147,0.521899402141571,-0.136066272854805,0.0811342075467109,0.026225758716464,-0.2150810807943344,-0.1482564061880111,0.0450063794851303,-0.7747994661331177,-0.2178253978490829,0.2925040125846863,0.3747594952583313,-0.3835846185684204,0.6918500065803528,-0.3065555095672607,0.2237822115421295,0.1153149232268333,0.2371601611375808,-0.2251027226448059,-0.3462476432323456,0.2766848802566528,0.2552945911884308,-0.7245570421218872,0.0226185377687215,0.0493616014719009,-0.4940282702445984,-0.9880563616752625,0.452703058719635,-0.3511286675930023,-0.0228992886841297,0.0741178765892982,0.2153235077857971,0.2377034276723861,0.0652189552783966,0.1718862056732177,0.1264184862375259,-0.2441621720790863,-0.2346249967813491,0.2505479454994201,0.0868691354990005,0.4093315303325653,0.32750204205513,-0.1709804832935333,-0.2634230852127075,0.0760699585080146,-0.1548914760351181,0.2174850106239318,0.2510367929935455,0.0809057801961898,-0.3745799660682678,-0.2978120148181915,-0.4654948711395263,0.2725546658039093,-0.0209189262241125,0.1435899883508682,-0.198187306523323,0.3388965129852295,-0.4349301159381866,0.6078699827194214,-0.2538466453552246,0.7915907502174377,-0.0356875881552696,0.3047783374786377,0.2150291949510574,0.5052955746650696,0.0175789315253496,-0.0272460542619228,-0.1284803003072738,-0.2572053372859955,0.0357783772051334,-0.0579200908541679,-0.6814077496528625,0.0921545028686523,-0.2537298202514648,0.9225340485572816,-0.0114336526021361,-0.0479016825556755,-0.136097177863121,-0.4668779373168945,-0.1524674445390701,-0.1324257403612136,0.2752945125102997,-0.4046907126903534,-0.1197020336985588,0.1626258939504623,-0.2094656676054,-0.4744023382663727,0.4888186752796173,0.3426395952701568,-0.391703337430954,0.8269580006599426,-0.7304170727729797,0.0575210861861705,-0.0262061338871717,0.3646568357944488,-0.7473659515380859,0.1510887295007705,0.0498598143458366,0.5594866871833801,0.0929848328232765,-0.4336896538734436,0.1997489929199218,0.3209051787853241,0.1022119894623756,0.4263670146465301,0.4947990477085113,0.234954759478569,0.1953546553850174,0.4709454476833343,0.0561673045158386,0.4962971210479736,0.0458567067980766,-0.2137681096792221,0.4985187947750091,0.2918106913566589,0.1293936520814895,0.2646268904209137,0.0680747330188751,-0.5479270219802856,-0.0365224033594131,-0.1630211323499679,-0.0103595312684774,-0.1495637893676757,0.4607514441013336,-0.16131691634655,-0.0502539128065109,0.1145083829760551,-0.2079464346170425,0.1704038232564926,0.0367571040987968,-0.262583464384079,0.3753058016300201,-0.6912090182304382,0.0999286249279975,-0.3194076120853424,-0.3274402320384979,-0.3803856372833252,-0.302856832742691,0.3924706578254699,0.0625739246606826,-0.0227741338312625,-0.1504396349191665,-0.1841774731874466,-0.8772600889205933,-0.3443240523338318,0.072902612388134,0.655198872089386,0.360122412443161,0.2266106456518173,0.0718065351247787,0.2478867173194885,0.4675061106681824,0.0748334527015686,0.1430813670158386,-0.0019422065233811,-0.2316767424345016,-0.1867131143808365,0.1263024359941482,-0.1210856661200523,0.4201357662677765,-0.0982303693890571,0.3487502336502075,-0.0542345009744167,-0.406590849161148,0.2436564266681671,0.0867293998599052,-0.3940061628818512,0.0503381453454494,0.7268115282058716,-0.2607754468917846,-0.6348714232444763,-0.4985277056694031,-0.0947990268468856,-0.6508302092552185,0.0662958398461341,-0.268383651971817,0.2855084538459778,-0.349700003862381,0.112674169242382,-0.1744929105043411,-0.4754193425178528,-0.1815786063671112,-0.2118682861328125,0.0328344888985157,0.1429506987333297,-0.0228110589087009,-0.1918207108974456,-0.51520836353302,-0.035258699208498,-0.3487142920494079,-0.4789979457855224,-0.0031026471406221,-0.5512425303459167,0.4469566941261291,0.2267684787511825,0.519576370716095,-0.0401957146823406,0.2230084687471389,-0.021178001537919,-0.0647084936499595,-0.8502422571182251,-0.1223883181810379,-0.082101322710514,-0.5005362629890442,-0.0289797261357307,0.0161732789129018,-0.4629672467708587,-0.3051377236843109,-0.4279847145080566,-0.0537696257233619,-0.4275308847427368,-0.4585559368133545,0.0507671535015106,-0.0609349831938743,0.121000550687313,-0.1441505849361419,0.4983959794044494,-0.4443674683570862,0.157625675201416,-0.6233783960342407,0.1977990418672561,-0.6939910650253296,-0.2582651376724243,0.0102615738287568,-0.2509933710098266,-0.385790079832077,0.1677277833223343,-0.4675479829311371,0.3769758343696594,0.3340494334697723,0.0589170567691326,-0.4295046031475067,-0.0234155897051095,-0.379841536283493,0.1281551122665405,0.2171487510204315,0.7272565960884094,0.2176287770271301,-0.0618875958025455,0.1726910173892974,0.4014920890331268,0.1911408603191375,0.1473643630743026,-0.1017887517809867,-0.2969529330730438,0.0840102732181549,0.055018100887537,0.6373216509819031,0.1061175316572189,-0.0175985414534807,1.0461182594299316,-0.3499410450458526,0.2470925748348236,0.49268639087677,0.2864406108856201,-1.7427469491958618,0.0124134626239538,-0.1290074437856674,0.0475340001285076,-0.2400045990943908,0.28074511885643,-0.0035546065773814,0.137170597910881,-0.459278792142868,-0.5403351783752441,0.9039117693901062,0.2878541350364685,-0.0093382988125085,-0.5122708082199097,0.3493413031101227,-0.2350283712148666,0.0298427008092403,-0.4780119359493255,0.2126775383949279,0.4782304167747497,-0.4107668399810791,0.0539882034063339,-0.1659918874502182,-0.537499725818634,-0.083966925740242,0.1677630394697189,0.1615692526102066,0.247225672006607,-0.5302152037620544,0.1380523741245269,0.3138780891895294,0.4008596837520599,0.7858495712280273,0.3039855659008026,-0.0616408102214336,0.0577767044305801,0.4450687170028686,0.1350419074296951,0.4254122972488403,-0.2856252193450928,0.1758316755294799,-0.0475820116698741,0.8534377217292786,0.0125897396355867,0.0911166295409202,-0.0015497871208935,0.1213041767477989,0.2295670956373214,-0.081953153014183,0.3548986315727234,0.1464321017265319,0.0478751249611377,0.1907066702842712,0.5322242379188538,0.5807309746742249,0.1449556350708007,-0.2838995158672333,-0.3661825656890869,0.0364569164812564,-0.321286529302597,-0.6244051456451416,-0.3386206030845642,-0.3438629508018493,-0.1222211271524429,-0.4495676457881927,0.2929139733314514,-0.0296255443245172,-0.5183850526809692,0.0549229495227336,-0.3556650280952453,-0.4252268970012665,0.3321499228477478,-0.0532559305429458,-0.7333111763000488,0.5861435532569885,0.2217282354831695,0.2881442606449127,-0.5338570475578308,-0.6530799865722656,-0.0423921756446361,-0.2733902633190155,-0.3039427995681762,0.1676573008298874,-0.3308295905590057,-0.0540301539003849,0.3473367393016815,-0.0784889757633209,-0.0932381302118301,-0.3437794744968414,-0.2950970530509949,-0.7089868783950806,0.1887605041265487,-0.0504166632890701,0.3232135474681854,0.0219684243202209,0.2221865206956863,0.2203065305948257,0.0448722839355468,-0.2711859345436096,0.0839256197214126,-0.3249978721141815,0.5804333090782166,0.3907267451286316,0.1664255708456039,0.581920862197876,0.4442465603351593,0.2811322212219238,0.5245891809463501,0.0202089324593544,0.0134099787101149,-0.610522449016571,-0.3011751174926758,0.7100160717964172,-0.0379120931029319,0.2432178258895874,-0.107879638671875,-0.0181926805526018,0.6090810298919678,-0.0324829034507274,-0.5741919279098511,0.0005142665468156,0.0738754346966743,-0.1841550320386886,0.262513518333435,0.6575903296470642,0.8228428959846497,-0.0232491437345743,0.0209028869867324,-0.140678659081459,-0.1875307261943817,0.3151618540287018,-0.1306444257497787,-0.1179750114679336,-0.2945268750190735,0.0095409927889704,0.2994397580623626,0.6596575975418091,0.2006724327802658,0.6231606602668762,0.3094731569290161,-0.3437167704105377,0.2674251198768616,0.435273140668869,0.4795292615890503,-0.2945265173912048,-0.2899815738201141,-0.3539811670780182,0.0258303135633468,-0.3896693289279938,-0.0662572011351585,0.6731356978416443,-0.1594995409250259,0.1768974959850311,0.0076765068806707,-0.6110824346542358,-0.6220504641532898,-0.3782775104045868,0.1608152389526367,-0.0992601439356803,0.1433831602334976,0.2025719732046127,-0.0135760903358459,-0.4930251836776733,0.1857774257659912,0.0561464726924896,0.2988999783992767,0.5034912824630737,-0.1536019593477249,-0.0901676565408706,0.0035907886922359,0.0382498726248741,0.0676893964409828,-0.1810710877180099,0.0458883009850978,-0.2628243565559387,-0.4944120943546295,0.0162131208926439,0.1840128451585769,0.2542142868041992,-0.1465330421924591,0.6534149646759033,0.1324674189090728,-0.5132039189338684,-0.565060019493103,-0.237240582704544,-0.2221661806106567,-0.0452727153897285,-0.4980322420597076,-0.0901912376284599,0.0443757846951484,0.3667648136615753,0.0876772403717041,0.2802462577819824,-0.3576146960258484,0.0792291760444641,0.2387515604496002,0.6340348720550537,-0.1300701349973678,0.2300144582986831,-0.1985842436552047,0.0217490531504154,0.0881654992699623,0.0755990594625473,0.0594925098121166,-0.1432090848684311,-0.536220908164978,-0.6978509426116943,-0.3783296048641205,-0.1789586842060089,-1.0786592960357666,0.5394381880760193,0.1386258453130722,0.2410538047552108,-0.4676302969455719,-0.4629960358142853,-0.147763043642044,0.3010770082473755,-0.115580216050148,0.4248737096786499,-0.2177674025297165,-0.5781479477882385,-0.0497000403702259,0.1251947283744812,-0.6601473689079285,0.9405031204223632,0.2545405626296997,-0.4916508197784424,-0.3954956829547882,0.387395292520523,0.1958344131708145,-0.2218459993600845,0.1072808057069778,-0.1325920820236206,-0.5393648147583008,0.1550326347351074,-0.3469339609146118,0.3210111856460571,-0.1543601602315902,-3.526743239490315e-05,-0.1246603056788444,0.5851903557777405,0.3443279862403869,0.2443006783723831,0.0775589197874069,-0.2279006391763687,-0.2089708745479583,-0.2480691522359848,0.3257020711898803,0.1407943069934845,0.3850536048412323,-0.1766823679208755,0.3162503838539123,0.5831259489059448,-0.8466090559959412,0.0867414474487304,0.7604172825813293,0.4110320210456848,0.444315493106842,-0.1525647640228271,0.03209038823843,-0.8170374035835266,0.1355699896812439,0.1418216824531555,-0.0172215569764375,0.4570207893848419,-0.0356507040560245,-0.1375111788511276,-0.4097650349140167,-0.0168074183166027,0.4003950655460357,0.1728287488222122,0.0364892520010471,0.4355419874191284,-0.1556229144334793,0.5133227705955505,0.3383309543132782,-0.2615169286727905,-0.3602937161922455,0.0543467439711093,0.4090258181095123,0.7752847075462341,0.1817598491907119,0.3601688146591186,-0.7150218486785889,-0.6305393576622009,0.3012827634811401,0.0831094086170196,0.3051785230636596,0.5014293193817139,-0.2748686373233795,-0.0627902820706367,0.6112644672393799,0.2978948354721069,-0.0707817524671554,-0.3294468224048614,-0.4165408909320831,-0.1707163900136947,-0.2366679608821869,-0.5008911490440369,0.2017518132925033,0.0845913216471672,-0.0467947907745838,0.2117699682712555,0.0154199143871665,0.0983888357877731,0.5822260975837708,0.0028719732072204,-0.305047333240509,0.2047902196645736,0.0614336542785167,-0.0901422724127769,0.0808300226926803,-0.2235193252563476,-0.2465935945510864,-0.0241717658936977,0.2415190041065216,-0.1573673337697982,0.2025086134672165,0.0340979881584644,0.1619161665439605,0.3305917084217071,-0.4448821544647217,-0.1901049017906189,-0.314644455909729,-0.3174638450145721,-0.1307286322116851,-0.6577920317649841,-0.3597747385501861,-0.0309588555246591,-0.0471150875091552,-0.1592544317245483,-0.05937360227108,-0.4678713381290436,-0.2325161099433899,-0.4492211043834686,0.2522855401039123,-0.1734455525875091,-0.8417651653289795,0.3823029398918152,0.2627186775207519,-0.1252967417240142,-1.1999207735061646,0.247536301612854,0.1704616248607635,0.2441152334213256,0.1721053123474121,0.704698920249939,-0.3422385454177856,-0.2607019543647766,0.0875810459256172,-0.2855316996574402,0.2547450661659241,-10.516351699829102,0.1059780791401863,-0.4225786030292511,-0.3998930752277374,-0.3504877388477325,0.3931498527526855,0.6256321668624878,0.5662823915481567,-0.1955859363079071,0.1214233934879303,-0.0340548641979694,0.0915949419140815,-0.0144770285114645,0.6837878823280334,-0.5207838416099548,-0.3065536618232727,-0.2305571138858795,-0.0215277168899774,-0.0403221026062965,-0.2391912043094635,0.1143146902322769,-0.284472644329071,0.5086359977722168,0.7366798520088196,0.5462241768836975,-0.4084236323833465,-0.2611879706382751,0.0024734144099056,-0.2027534991502761,0.5919749736785889,-0.6013648509979248,0.5325713157653809,0.0364352501928806,0.3010843992233276,-0.1525362879037857,0.2529691159725189,-0.4028312265872955,0.6683297157287598,-0.0390014834702014,0.4041423201560974,0.3153025507926941,0.4241274297237396,-0.025679500773549,-0.0304168835282325,0.1748992651700973,0.2391737103462219,0.469064712524414,0.0111696710810065,0.5418323874473572,-0.2422156333923339,-0.1271032989025116,0.1338433921337127,0.0682288780808448,-0.0943486765027046,0.4556112885475158,-0.0305458642542362,0.6394035816192627,-0.6745585203170776,-0.031642060726881,0.0643760710954666,0.3380284905433655,-0.0773757696151733,0.3833673596382141,0.444365918636322,0.30074143409729,0.4105566740036011,0.5217416882514954,0.3653739690780639,-0.9130431413650512,-0.2377991825342178,0.1625676453113556,0.471616268157959,-0.0950486809015274,0.3251329064369201,-0.2567318379878998,0.3133965134620666,0.3614666759967804,-0.2959363758563995,0.0550640672445297,-0.0280053783208131,0.2839506864547729,-0.3029759228229522,0.0833558365702629,0.2407184094190597,-0.621874213218689,0.0487202405929565,-0.0832330659031868,-0.04812478646636,0.259869247674942,-0.4461257457733154,0.2382365614175796,0.0838035121560096,-0.5344372987747192,0.5065318942070007,0.4480125904083252,0.0181824807077646,-0.121032990515232,0.2265196144580841,0.4854059219360351,-0.0247120037674903,1
0.2234925776720047,-0.1472303420305252,0.6045969724655151,-0.9987636804580688,0.1014909371733665,-0.1863888800144195,-0.3335916996002197,0.1971122622489929,-0.2144107073545456,-0.3091648519039154,0.5515444874763489,-0.2572675347328186,0.1566852480173111,-0.6422751545906067,0.8133845925331116,-0.3115048408508301,0.2401590198278427,-0.3599894344806671,0.2617224454879761,-0.5669348239898682,-0.2583977580070495,-0.4423581659793854,-0.3614253103733063,0.5418098568916321,-0.0272164903581142,-0.3382428288459778,-0.0002002465189434,-0.1512831449508667,-0.5852401852607727,0.0638441145420074,-0.5029356479644775,-0.2885840237140655,0.0772766768932342,0.0403101965785026,-0.7864038348197937,-0.0132904797792434,0.3241820633411407,-0.0704916939139366,0.7847050428390503,-0.8925842046737671,0.0338814482092857,0.0092491880059242,-0.3888517320156097,-0.228520929813385,-0.1091461330652237,-0.1300661563873291,-0.2691955864429474,0.6054499745368958,0.3951774537563324,0.4446080923080444,-0.2260571271181106,0.3657398521900177,0.2998800575733185,-0.4314461350440979,-0.4309680759906769,0.6274374127388,0.8243589997291565,-0.3457641005516052,0.3788660168647766,0.211452230811119,-0.1545304507017135,-0.1789228618144989,0.383542388677597,-0.362125813961029,-0.2939485013484955,0.1178496927022934,0.1806958466768264,0.4351203441619873,0.2538610696792602,-0.1627464294433593,-0.1114373803138732,0.2327451258897781,-0.4105508327484131,-0.5750738382339478,-0.0471131950616836,0.0580017194151878,0.3758847415447235,-0.2329282015562057,0.5602998733520508,-0.2504802644252777,-0.3135339319705963,0.200688749551773,-0.3053543865680694,-0.7193450331687927,-0.8146046996116638,0.3943313360214233,-0.2031508982181549,-0.8469417095184326,0.7740106582641602,-0.0669694766402244,0.3810162842273712,-0.2095873653888702,-0.0454765707254409,-0.0223698560148477,0.2750561237335205,-0.1035663112998008,0.3724376857280731,-0.2562397420406341,0.1883832365274429,0.243953987956047,-0.3857215642929077,-0.0843820944428443,-0.0205203909426927,-0.6469945907592773,0.1495313644409179,-0.4613695740699768,-0.3454636633396148,-0.2557938694953918,-0.0172240957617759,0.1134849265217781,-0.4816272258758545,-0.889858067035675,-0.9177387952804564,0.0751974806189537,0.0085344202816486,-0.180788367986679,-0.1709035784006118,0.5740495920181274,-0.1609432697296142,0.4731749594211578,-0.2851768434047699,0.3802436292171478,-0.4995046257972717,-0.662254810333252,-0.1369860172271728,0.3745785057544708,0.1632135957479477,-0.2155988812446594,0.1840458810329437,-0.6014800667762756,0.5738489627838135,0.6303282976150513,0.2310205250978469,0.4059126675128937,-0.2713905870914459,0.6788829565048218,0.1179895922541618,0.2782779335975647,0.1633163392543792,-0.59432452917099,-0.2813557982444763,-0.0735498145222663,0.3808215856552124,0.3438430428504944,-0.0482020489871501,0.2121692150831222,0.2709172666072845,-0.5354586243629456,0.689833402633667,0.5661449432373047,0.1682345122098922,0.5063645839691162,-0.2090030759572982,0.4687124192714691,0.0338612757623195,0.5733480453491211,-0.567353367805481,0.2367566078901291,0.0442950278520584,0.5528391599655151,0.4119088053703308,-0.3160198926925659,0.327964186668396,0.2617875635623932,0.3923147022724151,0.443546324968338,-0.3031439185142517,-0.1080220937728881,0.2133442908525467,0.6089250445365906,-0.0937312692403793,0.2484412789344787,0.7062355279922485,-0.7695028781890869,-0.4935321807861328,0.6958505511283875,0.4206518530845642,-0.0232944134622812,0.3433484435081482,-0.2875775098800659,-0.3757398128509521,0.1981619298458099,0.2303411364555359,-0.3141049444675445,0.8359267711639404,-0.3087042868137359,0.4685792028903961,0.3048252463340759,-0.0460431575775146,-0.110795073211193,-0.2642998993396759,-0.4835892915725708,0.542090117931366,0.2986390590667724,-0.3193580508232116,-0.7960116863250732,0.1192913576960563,0.0236464813351631,-0.7827026844024658,0.1171759292483329,-0.2529725432395935,-0.0642938166856765,0.0480459332466125,-0.0828247517347335,-0.7026240825653076,0.5296923518180847,0.0776745304465293,0.4941557347774505,0.2799553275108337,0.2245543897151947,-0.353358507156372,0.1131525635719299,-0.1540199816226959,0.4722793400287628,0.9767853021621704,-0.1344996392726898,-0.3671567738056183,-0.5966321229934692,0.4525417983531952,-0.2736806869506836,-0.1635738611221313,-0.1578843891620636,0.569378674030304,0.1901007443666458,-0.6476287245750427,0.1260875612497329,0.4000907242298126,-0.3887071013450622,0.0083717163652181,0.0434352792799472,-0.3971701264381408,-0.3312400281429291,-0.4310771822929382,-0.1286560893058776,-0.4190772771835327,-0.2576436996459961,-0.6865807175636292,0.1404095590114593,-0.5184717774391174,0.6703821420669556,-0.2289454936981201,0.2028089612722396,0.2345074415206909,-0.4843266606330871,-0.3636048138141632,-0.1272783130407333,0.1507331579923629,-0.2716393172740936,-0.0808911845088005,-0.288665622472763,-0.6834526658058167,0.0887773782014846,0.0478691570460796,-0.3875190913677215,-0.1409158706665039,0.3006463646888733,-0.0490157194435596,0.0023316841106861,0.3629220724105835,-0.8311783671379089,-0.6292593479156494,-0.3576864004135132,-0.5437831282615662,0.1408867537975311,-0.4878081381320953,0.2969547808170318,-0.1504689902067184,0.1228461265563964,-0.7918827533721924,-0.430143803358078,0.314280241727829,-0.242057129740715,0.0475729443132877,-0.1354797035455703,-0.2641438245773315,-0.132748082280159,0.3330125510692596,0.8600601553916931,-0.5170047879219055,-0.0126590197905898,0.0842271447181701,-0.0916683301329612,-0.5270578265190125,-0.519239604473114,0.8143720626831055,0.4428776204586029,-0.8014969825744629,-0.5765238404273987,-0.5428711175918579,0.5669286847114563,0.3880112767219543,-0.4421096742153168,-0.2019145190715789,0.4327168762683868,-0.237800195813179,0.3818188905715942,0.4554056227207184,0.0363222025334835,0.2929367423057556,0.3123887479305267,0.3344309031963348,0.223947986960411,0.1160189807415008,-0.2605857849121094,-0.2157033681869506,-0.5852783918380737,0.487289547920227,0.0785499587655067,0.3262604773044586,-0.1415112614631652,0.1173694431781768,0.4948814511299133,-0.5260054469108582,-0.2091131806373596,1.2828718423843384,0.8209061026573181,-1.4794634580612185,0.0078890556469559,0.632879912853241,0.2731427252292633,-0.3832475841045379,0.4946576356887817,0.2508338689804077,0.2071875482797622,0.4682758450508117,-0.6189122796058655,0.9218330979347228,0.0508714877068996,0.0747455060482025,-0.4869116842746734,-0.0166893135756254,0.2660711109638214,0.227532610297203,0.1559442281723022,0.0556032247841358,0.3763537406921386,0.2288556843996048,-0.1518398821353912,0.1236714571714401,-0.5298824310302734,-0.117488794028759,0.5958302617073059,-0.3703364133834839,0.069259874522686,-1.0098358392715454,-0.2783428728580475,-0.1212732940912246,1.1685954332351685,0.1961096227169037,0.7700421214103699,-0.878673791885376,-0.0409854985773563,0.3037607669830322,0.2894453406333923,0.4268209040164947,0.2838753163814544,-0.4582703411579132,-0.1500152796506881,0.3439646661281585,0.2398428618907928,0.3745096027851105,0.2350220531225204,0.3889703750610351,0.0113791720941662,-0.2287969887256622,0.1851913928985595,-0.1928945779800415,-0.065912976861,0.459059476852417,0.2594346404075622,0.3285475671291351,-0.1457818895578384,-0.1898121684789657,-0.4873992800712585,-0.014804121106863,0.0114446114748716,0.1430768519639969,0.4915604889392853,-0.0306045860052108,-0.0882262960076332,0.290978729724884,-0.3402867615222931,-0.0692888423800468,-0.1067940890789032,-0.2437655478715896,-0.4090252220630646,-0.3102192878723144,0.3208128213882446,-0.1460761427879333,-0.2810088396072387,0.8937571048736572,0.0070027839392423,0.5304586887359619,-0.1689222455024719,-0.4457268416881561,0.7186323404312134,-0.1472624242305755,-0.3558822274208069,0.4943793714046478,0.2518311738967895,-0.0526898503303527,0.2925050258636474,-0.7151827812194824,-0.3834176659584045,-0.2973487377166748,-0.1481689661741256,-0.4246176779270172,0.4089362621307373,0.0907015353441238,-0.2794979214668274,0.4052858650684356,0.1986041367053985,-0.0643145516514778,-0.1239369735121727,-1.0670982599258425,0.0832146108150482,-0.0123735796660184,0.2909246683120727,0.582687497138977,0.2371938973665237,0.8595178723335266,0.0591814257204532,0.6610333919525146,0.3137524127960205,0.2968838214874267,0.5399304628372192,0.2939823865890503,-0.5639665126800537,0.5062299966812134,-0.3788406550884247,-0.2315251976251602,-0.5803262591362,0.2291831970214843,0.8391780257225037,0.0615971572697162,-0.4129176437854767,-0.0331018045544624,-0.1588812321424484,-0.052147053182125,0.072300761938095,0.404828816652298,0.4083702862262726,-0.2748841345310211,0.3741419017314911,0.061465885490179,-0.1943718940019607,-0.0629763528704643,0.061773020774126,0.4849224090576172,-0.3124108016490936,0.4320895969867706,1.098605990409851,-0.0782990679144859,0.7537015676498413,0.4821658730506897,0.6648191809654236,-0.6163265109062195,-0.2770489454269409,0.1658495664596557,0.3155244290828705,-0.0080336257815361,0.1059940829873085,0.2071292996406555,-0.2626721262931824,-0.4905700385570526,-0.0427101328969001,0.1818477064371109,0.108382873237133,0.5037315487861633,-0.5364966988563538,-0.2717548906803131,-0.0890407040715217,-0.3389132022857666,0.2087330818176269,0.1589838713407516,-0.3008914887905121,0.7467272877693176,0.227647453546524,-0.2629939019680023,-0.3635835647583008,0.0960621461272239,-0.1069652289152145,-0.0019061119528487,0.0158790275454521,-0.2965772151947021,0.0953020006418228,0.4432135820388794,-0.1184146776795387,0.2794297337532043,-0.0660874918103218,-0.5591092109680176,-0.5398919582366943,-0.240220233798027,0.2805913686752319,0.0747533217072486,-0.3837614357471466,0.4120746850967407,-0.3294306695461273,0.2088640183210373,-0.1587655544281005,-0.0989341214299202,-0.0293118115514516,0.3084571659564972,-0.3312134146690368,-0.7013442516326904,0.0430531240999698,-0.0008766440441831,0.155329018831253,0.4828935861587524,-0.981566846370697,-0.005478823557496,0.3343556821346283,-0.1420341581106186,0.2791902422904968,-0.3824841976165771,-0.3362383842468261,-0.1160417199134826,-0.0132092162966728,0.1919662654399871,-0.4164227247238159,0.784318208694458,-0.4258321225643158,-0.4263544082641601,-0.4183791577816009,-0.069212332367897,-0.9470552206039428,0.1687767505645752,0.2924543619155884,0.470099002122879,0.2119177430868148,0.138756588101387,0.3944144546985626,-0.3498806953430176,0.0381155312061309,0.3534780740737915,0.1406294703483581,-0.6822034120559692,-0.0134551338851451,-0.1079128012061119,-0.7780842781066895,0.4274328649044037,-0.6506279706954956,-0.3593244850635528,-0.1089041456580162,0.2189894467592239,-0.6296373009681702,0.1329854428768158,0.5668400526046753,-0.0517196021974086,0.1166729927062988,0.4986079633235931,-0.1022858768701553,0.5444421768188477,0.1046438813209533,0.3514169156551361,-0.0053713819943368,0.9001857042312622,0.5887705683708191,0.5288068056106567,0.4848986864089966,-0.0948062688112258,0.0916526690125465,-0.6807351112365723,-0.0095910355448722,0.0627114847302436,0.2865784764289856,-0.3407144844532013,0.6250203251838684,0.3483123779296875,-0.2492344081401825,0.2310072630643844,0.6355745792388916,0.6158918142318726,0.0231663454324007,-0.5373980402946472,0.5415886640548706,-0.9532782435417176,0.2500708401203155,0.0463769547641277,0.1340813785791397,-0.3023148477077484,0.6650322675704956,-0.1660036146640777,0.2117059528827667,0.2864916026592254,0.0307025965303182,0.5598154067993164,-0.039643682539463,-0.2264560908079147,-0.8428118228912354,0.9875393509864808,0.3231677114963531,-0.2343112379312515,-0.3884709775447845,-0.3441693782806396,-0.2412770092487335,-0.012764791958034,-0.1057834699749946,-0.0843189731240272,-0.2119579911231994,-0.8637239336967468,-0.1755698025226593,0.2447104156017303,0.0172258224338293,0.379573255777359,-0.3810368776321411,-1.027681827545166,0.8993090987205505,0.3584030568599701,0.0294167287647724,-0.208878144621849,-0.4631770849227905,0.4602570533752441,0.2691000401973724,0.1016428619623184,0.433318018913269,-0.0102347461506724,0.3587828576564789,-0.0525845251977443,0.3245524764060974,0.2739736437797546,1.03108549118042,-0.1221320554614067,0.1425978392362594,0.6720529198646545,0.0444999299943447,-0.1947641372680664,0.0254772882908582,0.3440434336662292,0.0780376121401786,-0.0508105494081974,0.3260102570056915,-0.041287388652563,-0.0198827218264341,-0.3251315951347351,-0.4469963908195495,0.3460937440395355,0.3726649284362793,-0.1527919173240661,-0.1491626650094986,-0.0263854954391717,-0.2493703663349151,-0.2605189681053161,-0.3580676317214966,0.1132845133543014,0.0768656209111213,-0.4629396498203277,0.2685522139072418,-0.6785457134246826,-0.2274382263422012,-0.2812549769878387,0.8536306619644165,-0.5896588563919067,-0.4250241816043854,0.325942188501358,0.062720350921154,-0.6821889877319336,-1.079302191734314,0.2441608309745788,0.1950138956308365,0.3023223280906677,-0.255126416683197,0.0322520695626735,0.2768104374408722,0.1939064562320709,-0.5523048043251038,-0.633868932723999,-0.1671911776065826,-10.015694618225098,0.1237430199980735,-0.3367964625358581,-0.541403591632843,-0.6735444068908691,0.3344224989414215,0.5061506628990173,0.4628312587738037,-1.0591202974319458,0.5334224104881287,-0.389448881149292,0.1474240273237228,-0.305150032043457,0.3909831941127777,0.1075217202305793,-0.0414542630314827,-0.1339887529611587,-0.027499496936798,0.3290104568004608,-0.0095967045053839,-0.0252509973943233,0.4355919957160949,0.1388554573059082,1.0290783643722534,-0.0158207025378942,-0.5497151017189026,-0.1744982153177261,0.323923110961914,-0.0213169325143098,-0.3673664331436157,-0.6621925830841064,0.5257503986358643,-0.3946948945522308,0.0658583790063858,0.0148690519854426,-0.0333148017525672,-0.3805307745933532,0.1275874823331833,-0.8811947703361511,0.3034308552742004,0.0115314722061157,-0.2794837355613708,0.1396738737821579,0.1289680302143097,0.0357232540845871,0.292829692363739,-0.0038773124106228,0.237318217754364,0.2885525524616241,0.0184964146465063,-0.0938384756445884,-0.8031960725784302,0.745608389377594,-0.706985592842102,0.4190720319747925,0.220449760556221,0.3710364699363708,-1.1886287927627563,0.4204989969730377,-0.0546636283397674,0.5019701719284058,0.6590653657913208,1.1615749597549438,0.0980616062879562,-0.6760125756263733,0.2199421823024749,0.1494306027889251,-0.0741434320807457,-0.6308296918869019,-0.6571529507637024,-0.1563860177993774,-0.441574215888977,-0.0136949997395277,-0.0868628695607185,0.0521718449890613,0.5944127440452576,-0.0746986791491508,0.1150368750095367,0.7478021383285522,-0.3659713864326477,0.773860514163971,0.3236271739006042,0.2030487060546875,0.2283240258693695,-1.2272571325302124,0.3939861357212066,-0.2068574428558349,-0.2730030715465545,0.0425030328333377,-0.2264152914285659,0.0017168149352073,0.0295704416930675,-0.1857690662145614,0.3598330020904541,0.3389252126216888,-0.1858856379985809,-0.2513048052787781,0.1741192489862442,-0.192223459482193,0.0425408743321895,1
0.0031761368736624,-0.0607978403568267,0.0868006199598312,-0.661807656288147,0.0111189065501093,0.3265124261379242,0.1916644126176834,-0.4045667350292206,-0.4292081892490387,-0.4083045125007629,0.5463610291481018,0.2070582807064056,-0.3826923966407776,0.0625517517328262,0.7951143980026245,-0.442884236574173,0.3125962615013122,0.3438512980937958,-0.0523972958326339,0.0517843142151832,0.0978624746203422,-0.5571790337562561,-0.2747199833393097,0.0472691729664802,-0.0459600277245044,-0.3686332702636719,0.2244462519884109,-0.082312487065792,0.0983265489339828,-0.2376643419265747,0.1591430008411407,-0.4425821006298065,-0.0801399499177932,-0.2665002346038818,-0.0309830289334058,0.0108848055824637,-0.0690804943442344,0.2679064273834228,0.2063704431056976,0.1932753026485443,0.1479707956314087,0.0076370746828615,0.1948626637458801,-0.1712042689323425,-0.0528566688299179,0.1627152562141418,-0.0894470736384391,0.1004108041524887,0.591101348400116,-0.2889629006385803,0.1374229490756988,0.5501917600631714,0.4750784933567047,0.1716260015964508,-0.0601437613368034,0.3185002207756042,0.8224498629570007,-0.557417631149292,-0.1149771809577941,0.1276140511035919,-0.5706307291984558,0.2014473527669906,-0.3595708608627319,0.2332155704498291,-0.2315685451030731,0.1064353063702583,0.0359065234661102,-0.1417602002620697,-0.3781137466430664,-0.3540096879005432,-0.0274864323437213,0.402396023273468,-0.6046552658081055,-0.3359215855598449,0.5048612952232361,-0.1393412053585052,0.3976526856422424,-0.1794541180133819,0.0227434691041708,0.1814790219068527,-0.1187740936875343,0.2268717288970947,-0.0903581604361534,-0.6762161254882812,0.0569993667304515,0.0246051810681819,-0.2300129532814026,-0.5120596289634705,0.1248785406351089,-0.4493535459041595,-0.1133277118206024,-0.2073936313390731,0.3074301481246948,0.0145306037738919,-0.1841437220573425,0.1837277859449386,-0.0620439946651458,-0.2285856008529663,-0.0833185613155365,-0.0128377340734004,-0.4649055302143097,0.2861506342887878,0.1150683984160423,0.1076434478163719,0.0551507472991943,0.1075687184929847,-0.1809568107128143,0.3812497854232788,-0.139119878411293,0.4462940990924835,0.2862721383571625,-0.2635545432567596,-0.2679628133773803,0.0520831122994422,-0.1249072924256324,0.0026477477513253,0.0267717316746711,0.2469020783901214,0.0302001107484102,0.3710814416408539,-0.1098586171865463,0.4699374139308929,0.0058718807995319,-0.0616717003285884,-0.2280991375446319,-0.1406721770763397,0.0704468786716461,-0.3091879487037658,-0.0072021726518869,-0.3812822103500366,0.1617260724306106,-0.0414503291249275,-0.5856931209564209,0.2547442615032196,-0.1138062626123428,0.4811491072177887,0.130574569106102,0.0783994868397712,-0.391741931438446,-0.5688015818595886,-0.0319120548665523,-0.2438270598649978,0.3643069565296173,0.0948860645294189,-0.1718646436929702,0.2716177403926849,0.3198012709617615,0.1311369985342025,0.7376388907432556,0.5044369697570801,-0.2001553475856781,0.7393048405647278,-0.4966245889663696,-0.0050921100191771,0.2593344748020172,-0.1624211370944976,-0.4992667436599731,0.4151813089847564,-0.1086982414126396,0.6080097556114197,0.1552628129720688,-0.3181414604187011,0.2967957556247711,0.8420257568359375,0.1295166760683059,0.7175630331039429,0.3213450014591217,0.4221847653388977,0.605125904083252,0.5966471433639526,-0.1656567007303238,0.5463995337486267,0.3133746683597564,-0.3287399113178253,0.2963298261165619,0.005749715026468,0.0374555811285972,0.5076952576637268,0.1681631803512573,-0.9266054034233092,-0.1957228630781173,0.1941849142313003,0.052257839590311,-0.4191427528858185,0.7755953073501587,0.0066946446895599,0.5302921533584595,0.2605101466178894,-0.0696816518902778,-0.184170588850975,-0.0372766554355621,-0.0098567195236682,0.2622301578521728,-0.4053263068199157,-0.5704964995384216,-0.1914510577917099,0.0944606438279151,0.0508277006447315,-0.4833554029464721,0.4180681705474853,0.3133998513221741,-0.036971129477024,-0.2730249464511871,-0.8953977227210999,-0.8142644166946411,-0.2519980072975158,-0.1531452983617782,0.2973617613315582,0.0147576453164219,0.0984799936413765,-0.2799798250198364,-0.3443861305713653,0.3409165143966675,0.0603276640176773,0.2964895069599151,-0.0570669658482074,-0.9990729689598083,0.0238197539001703,0.0489080734550952,-0.0346764251589775,0.1864619255065918,0.0158124044537544,0.2862429022789001,-0.5115312337875366,-0.2338037192821502,0.1353099048137664,0.1608468294143676,-0.2106554061174392,0.1547987461090088,0.5374172329902649,-0.066332496702671,-0.1900498867034912,-0.8293370604515076,0.2218030542135238,-0.0450445711612701,0.4054462313652038,-0.6599977016448975,0.6992177963256836,0.018104126676917,-0.002429557731375,0.5482659935951233,0.3278791010379791,0.1139019280672073,0.2349071204662323,-0.3641423285007477,0.3448559641838074,0.1526006162166595,-0.4325889348983764,-0.6531708836555481,-0.5379634499549866,-0.927617609500885,-0.3598898649215698,-0.0856102630496025,0.1103380993008613,0.4773735404014587,0.0974730402231216,0.2282249182462692,-0.4778967201709747,0.1223301813006401,-0.3653758764266968,-0.3753630220890045,-0.4723738431930542,-0.2525172531604767,0.0311940945684909,-0.1930955797433853,-0.2202931046485901,0.0085229333490133,-0.555094838142395,-0.7384956479072571,0.1608379185199737,0.0788786187767982,-0.3683903217315674,-0.4114533364772796,0.0641935840249061,-0.1213461458683013,-0.3295978009700775,-0.011258372105658,0.254391461610794,-0.3797242045402527,-0.0208807196468114,-0.6492891907691956,0.6138627529144287,-0.6307557225227356,-0.3399337232112884,-0.1044942960143089,0.0166841223835945,-0.1446605622768402,-0.4678792357444763,-0.1896993815898895,0.7635605931282043,0.2990688681602478,-0.138578861951828,-0.3641351163387298,-0.4979437291622162,-0.5783031582832336,0.4369446933269501,0.4176512956619262,0.1074473783373832,0.0878961756825447,0.402312695980072,0.5334050059318542,0.1978185474872589,0.2844682931900024,-0.1847484111785888,-0.2366843223571777,-0.2725338637828827,-0.1306344270706176,0.0627033412456512,0.4482207596302032,-0.305838406085968,-0.122567318379879,0.9938422441482544,-0.4593415260314941,-0.3654066920280456,0.7318883538246155,-0.0670155808329582,-1.3997195959091189,0.2089877426624298,0.4641358256340027,0.339649885892868,-0.481524795293808,0.7123547792434692,0.1878018230199813,0.5769309997558594,-0.2344101518392563,-0.4898486137390136,0.5672318339347839,-0.1247627809643745,-0.4136821627616882,0.4254004061222076,0.1543496400117874,-0.5032008290290833,-0.0087127489969134,-0.4590893089771271,-0.2126435190439224,0.4482419192790985,-0.1862764656543731,-0.0274078119546175,0.0112516330555081,-0.4013431370258331,-0.24400494992733,0.3090179860591888,-0.0148792658001184,-0.5374107956886292,-0.5534104108810425,-0.2894331514835357,0.3393507897853851,1.0581037998199463,0.144974336028099,0.6220086216926575,-0.4687284231185913,0.4528188407421112,0.3884975910186767,0.1073685884475708,0.5571797490119934,0.2764184772968292,-0.2424703538417816,-0.2158079594373703,0.5627112984657288,0.415305495262146,0.106074534356594,-0.0443860217928886,0.1336534172296524,0.0635653510689735,0.1826259046792984,-0.1055840924382209,0.6502776145935059,-0.141808420419693,0.3536523282527923,0.5146189332008362,0.2330994606018066,-0.0900570750236511,0.0781622529029846,-0.4576899111270904,0.1094290018081665,-0.8406364917755127,0.5045748353004456,-0.0283449869602918,-0.0218085329979658,-0.0520893447101116,-0.1031492948532104,-0.4371600151062011,-0.017949478700757,-0.1399894803762436,0.2675392627716064,-0.5081573128700256,-0.5338950753211975,0.1077740564942359,-0.0689213573932647,-0.283149242401123,0.171120136976242,0.3129028677940368,0.4287918210029602,-0.5326884388923645,-0.4094868898391723,0.7733538150787354,0.0162159632891416,-0.0072541129775345,0.5614296197891235,0.1175485625863075,-0.0760221034288406,-0.211329385638237,-0.4428883790969848,-0.2046450078487396,-0.7780249118804932,-0.3564236462116241,-0.4528417289257049,0.2160809636116027,0.2362763434648513,0.3225845992565155,-0.1116638481616973,-0.0470034219324588,0.0703728720545768,0.1373246610164642,-0.0632245987653732,-0.65218186378479,0.2310350388288498,-0.1592269390821457,0.5896809101104736,0.8067646026611328,0.1587326377630233,-0.2732491493225097,-0.1715768128633499,0.2116468995809555,0.2313543707132339,0.1230284571647644,-0.6485904455184937,0.0193797163665294,0.5927419066429138,-0.0951088666915893,-0.2243158966302871,0.1123715043067932,0.3114649355411529,0.461230456829071,-0.276660680770874,-0.382485032081604,-0.0353952907025814,0.3318245410919189,-0.0521954633295536,0.3872840106487274,0.0941041409969329,1.028633952140808,0.2518595159053802,-0.0752753987908363,0.2339671552181244,-0.3081791698932647,-0.0724743828177452,-0.2201147973537445,0.2931573987007141,0.1904922127723693,0.0927618965506553,0.5092480778694153,0.1100455299019813,-0.3637725114822387,-0.2760427296161651,-0.0828023701906204,0.3296189904212951,0.1685519069433212,0.0973466262221336,0.2866364419460296,-0.5149614810943604,-0.0037491263356059,-0.3459472954273224,-0.4577270150184631,-0.1330947428941726,0.1084762662649154,0.6005651950836182,0.1605362296104431,0.5439375638961792,-0.5331707000732422,-0.3257345259189605,-0.3711455166339874,-0.4540835320949554,-0.1340912729501724,-0.2620345950126648,0.2089841961860656,0.1866414099931717,0.1436269432306289,-0.4567202031612396,-0.3661319315433502,-0.0883623957633972,0.3650775253772735,0.0215740874409675,-1.0030871629714966,-0.4105854034423828,0.6311589479446411,-0.1848551332950592,-0.3698974549770355,0.1036599949002265,0.236632689833641,0.1726095229387283,-0.2160039544105529,-0.0213409829884767,-0.168961226940155,0.3041289746761322,-0.0161232110112905,0.4921342730522156,-0.09644266217947,-0.2044597864151001,-0.332964688539505,0.0566480383276939,-0.2578245103359222,-0.3340344727039337,-0.572498619556427,-0.3068805336952209,-0.0457549095153808,0.1794564574956894,0.1167832538485527,0.4510316550731659,-0.2446545511484146,0.4985246956348419,0.031571552157402,0.1467853039503097,-0.0906953960657119,0.2868809998035431,-0.2875887453556061,-0.1965115219354629,-0.1932107657194137,0.5326632857322693,0.2681797444820404,0.3176998496055603,-0.2003336399793625,-0.5330439209938049,-0.1281498223543167,-0.2392009794712066,-0.519485592842102,0.5827149152755737,0.0900339633226394,0.5456182360649109,-0.1836076378822326,0.2240788340568542,-0.1907528638839721,-0.0015128852101042,-0.3930225670337677,-0.1054306253790855,-0.1078258082270622,-0.8340499997138977,-0.186623215675354,-0.3212255537509918,-0.4420482516288757,0.5200933218002319,0.2669086158275604,-0.6013787388801575,-0.3170128464698791,0.1425212919712066,-0.034273512661457,-0.4507310092449188,-0.0893237888813018,-0.5125720500946045,0.1827784180641174,0.487899512052536,0.4282651841640472,0.4144729077816009,-0.2689167261123657,-0.6819618940353394,0.1487437039613723,0.7066802978515625,0.1276256442070007,0.2586115002632141,0.1338995993137359,-0.0630201920866966,0.0068775373511016,-0.3611669242382049,0.5995979905128479,0.3284713923931122,0.6112343668937683,-0.1593673080205917,0.5796571373939514,0.5704997777938843,-0.2039690464735031,0.27096688747406,0.9044501185417176,0.39722540974617,0.6367554068565369,-0.0577708259224891,0.036823458969593,-0.5470572113990784,0.2953176200389862,-0.2784082591533661,0.2505327463150024,0.2955975830554962,-0.3873145580291748,-0.0106711722910404,-0.4470608234405517,0.0582158118486404,0.3540639281272888,-0.2572919130325317,0.0640492439270019,-0.1530279666185379,-0.5277718901634216,0.3817476332187652,-0.158414676785469,-0.0710591152310371,0.1840384602546692,-0.0350280739367008,0.4537293612957001,0.528607189655304,0.2899109721183777,-0.0413019880652427,0.2188134342432022,-0.6566449999809265,0.0871488004922866,-0.4678245782852173,0.2556524276733398,0.8074514269828796,0.1066321358084678,-0.7058013081550598,0.1147244274616241,0.7123931646347046,-0.3560422956943512,0.0612720251083374,-1.0915507078170776,-0.1837315112352371,-0.1110924184322357,0.1160295903682708,0.1151471585035324,-0.1754621565341949,0.4969201385974884,-0.3079700171947479,-0.1208853498101234,-0.2617020308971405,0.7547056078910828,0.0675808936357498,-0.2036011964082718,-0.0834806710481643,0.0529114045202732,-0.0520556680858135,0.2553771734237671,0.0519331432878971,-0.4064322412014007,0.1175331100821495,-0.0400002636015415,-0.2948659062385559,-0.0202174540609121,0.4066607654094696,0.1878072172403335,0.0256806910037994,0.2268457561731338,-0.0400772243738174,-0.8691291809082031,-0.2082367241382599,0.3324902355670929,-0.942822277545929,-0.0735208243131637,-0.1429763734340667,-0.1136432737112045,0.3548907041549682,-0.1476150751113891,-0.3494469225406647,0.015733528882265,-0.295113205909729,-0.0524454191327095,-0.1219716221094131,-0.5856705904006958,-0.0685122907161712,0.2011014968156814,-0.0997806042432785,-1.0749133825302124,0.1433800905942917,0.1807161569595337,0.3349646627902984,0.0505462624132633,0.51595139503479,0.2372927665710449,0.0397394374012947,0.4213206768035888,-0.229931965470314,0.179247185587883,-10.382081985473633,-0.4448930025100708,-0.3652932643890381,-0.183305487036705,-0.3692849576473236,0.4921149015426636,0.6921905279159546,0.3035148084163666,-0.2524159848690033,0.4128586649894714,-0.3018664121627807,0.2482895404100418,0.1434746235609054,0.9373087286949158,-0.4286087155342102,-0.1827657520771026,0.3007826209068298,0.082112118601799,0.0640494301915168,0.3107931613922119,-0.2130162268877029,-0.4070342779159546,0.6020965576171875,0.0759041309356689,-0.0683071687817573,-0.3665779531002044,-0.2489219903945922,0.2341049611568451,-0.1814572066068649,0.1103604510426521,-0.6091642379760742,0.5347440242767334,0.1003084331750869,0.3639244735240936,-0.7448790669441223,-0.2301767915487289,-0.0891357064247131,0.2333881556987762,0.3847591280937195,0.5595882534980774,-0.0836476907134056,0.6774351000785828,0.2649302184581756,-0.4228098094463348,0.853337287902832,-0.2344857007265091,0.3338377773761749,0.5192164182662964,0.2750162482261657,0.1354071348905563,-0.1363216787576675,-0.6438022255897522,0.0042162416502833,-0.4347541332244873,-0.1330995559692382,-0.1422829777002334,0.3304428160190582,-0.6977059245109558,0.0330822952091693,-0.1127327904105186,0.4786390364170074,-0.273013710975647,0.6636946201324463,-0.0587224513292312,-0.3250734508037567,-0.1605715006589889,0.0656867250800132,0.6946278810501099,-0.5975626111030579,-0.2920809686183929,0.5590290427207947,-0.2730327248573303,0.2166372835636139,0.4055890440940857,-0.4609197080135345,0.2656212449073791,-0.1926836967468261,-0.177279993891716,1.1196138858795166,0.0746123492717742,0.4504166543483734,-0.0480197295546531,-0.4257279634475708,0.1747554093599319,-1.0736651420593262,0.4939015209674835,-0.1731966435909271,0.1242589876055717,0.3955589532852173,-0.4195772707462311,0.582466721534729,0.0015246457187458,-0.3316822946071625,0.1182079017162323,0.481196790933609,0.0666705295443534,0.4595232307910919,0.0795234888792038,0.923289954662323,0.1367945075035095,1
0.2413127571344375,0.1787703335285186,0.4631074070930481,-0.2309708595275879,0.2003732621669769,0.277688056230545,0.122989721596241,0.308803528547287,-0.009906692430377,-0.619081437587738,0.7028918266296387,-0.3670854270458221,-0.6940755248069763,0.2042390406131744,0.3712596893310547,-0.3850686252117157,0.0479442365467548,-0.0029694295953959,-0.0235241279006004,-0.6805608868598938,-0.7096894383430481,-0.3323213160037994,0.133449524641037,0.3075015842914581,-0.0579979717731475,-0.3176624774932861,0.2532162666320801,0.3636884987354278,-0.06850615888834,0.0407397486269474,-0.3937130868434906,-0.2223573923110962,0.1632612198591232,0.0832343325018882,-0.0201122909784317,0.4200762808322906,-0.0385860241949558,-0.0719058960676193,-0.1453847140073776,-0.0582923367619514,0.0135667948052287,-0.1084998920559883,-0.4628358781337738,-0.1235483288764953,0.0751526281237602,0.5497376322746277,0.2003061473369598,0.1607071906328201,0.6362603902816772,0.1629896461963653,-0.1024657636880874,0.2144966721534729,0.3965997397899627,-0.1590530276298523,0.2973221242427826,-0.1747583895921707,0.4911096692085266,-0.2990573942661285,-0.181793212890625,-0.0168553367257118,-0.1853495240211486,-0.18560691177845,0.1348696798086166,-0.1999842971563339,-0.0588796064257621,-0.5896822214126587,0.2047021836042404,-0.1098772808909416,-0.2945514619350433,-0.8377299904823303,-0.4084526896476745,0.0486794635653495,0.1980382204055786,-0.3737556040287018,0.6239222884178162,-0.4078696072101593,0.3511313796043396,0.1782393455505371,-0.0216964837163686,0.0487788133323192,0.0719891414046287,0.4078477323055267,0.0116257676854729,-0.4409614205360412,0.4782087206840515,-0.0275317933410406,-0.2514725029468536,-0.7447549104690552,0.2051654756069183,-0.3792103826999664,-0.1349472403526306,-0.0864250659942627,0.7027817964553833,0.0751868039369583,-0.0480694435536861,-0.092638686299324,0.0666812807321548,-0.296792209148407,-0.1828226745128631,0.4300658702850342,0.1845071017742157,0.2618727385997772,0.3073272109031677,-0.108279675245285,-0.1922115236520767,0.051080334931612,-0.2113365679979324,0.1311621814966201,0.1733545213937759,-0.1695635020732879,-0.0520379804074764,-0.4638365507125854,-0.7414183020591736,0.243459939956665,-0.2268925160169601,-0.0013846431393176,-0.0529135353863239,0.2848470211029053,-0.6557327508926392,0.5488384366035461,0.4753878116607666,0.4563406705856323,0.0971252173185348,-0.2150113582611084,-0.1586046665906906,0.3361483812332153,-0.1139255836606025,-0.1999377310276031,-0.1110959947109222,-0.1130072101950645,-0.624144971370697,0.1062829121947288,-0.1758894622325897,0.0410359315574169,-0.0410412959754467,0.6244069337844849,0.232682392001152,-0.3461590707302093,-0.2464451789855957,-0.4861814081668854,-0.039217859506607,-0.4130640625953674,0.2633273899555206,-0.3577988147735595,-0.2995397448539734,0.4134209454059601,-0.3359703719615936,-0.6493031978607178,0.5211266875267029,0.313008189201355,-0.2839158177375793,0.7572974562644958,-0.5182087421417236,-0.06156961992383,0.1027121022343635,0.017388368025422,-0.5008480548858643,0.0049629779532551,-0.2358529269695282,0.1593533754348755,0.0162526108324527,-0.3121871650218963,0.1381345838308334,0.7075648903846741,-0.035793200135231,0.2624489068984985,0.4848371744155884,0.3598402142524719,-0.1327529996633529,0.3693170547485351,0.173502579331398,0.3283210694789886,0.1605433970689773,-0.1474442332983017,0.2038976699113845,0.4113959968090057,0.1904880404472351,0.1232999190688133,0.1739604622125625,-0.6162610054016113,-0.1287829428911209,-0.5904178023338318,-0.2561262249946594,-0.4298394918441772,0.0668615847826004,-0.0496128797531127,0.1180369034409523,-0.0869859009981155,-0.009336482733488,-0.6274248361587524,0.1896704584360122,-0.3846854865550995,0.0583632625639438,-0.341237872838974,-0.0775578394532203,-0.1159388944506645,-0.1863009631633758,-0.1251313388347625,-0.1304588466882705,0.6321461200714111,0.0707256495952606,0.2466509938240051,-0.1562853902578354,-0.2597391903400421,-0.9400139451026917,-0.2574775516986847,0.3049747347831726,0.2313425093889236,0.5142185688018799,0.2665613889694214,-0.276700347661972,0.5655514597892761,0.2455798685550689,0.1894823908805847,0.1442545801401138,0.4631680250167846,-0.4667972028255462,-0.4875037968158722,0.3424248993396759,-0.045272622257471,0.2025156915187835,-0.1735217124223709,0.4550232887268066,0.1352211833000183,0.1277494728565216,0.3906180262565613,0.3952604830265045,-0.0449961349368095,-0.2838775217533111,0.581055760383606,-0.2730138301849365,-0.3001729249954223,-0.5723670125007629,-0.2318571507930755,-0.7001567482948303,-0.1541214883327484,-0.3089911937713623,0.3295716643333435,-0.3614890575408935,0.0553109087049961,0.2006274759769439,-0.2713775038719177,-0.0228559263050556,-0.3499003052711487,0.1026369631290435,0.018752571195364,-0.0759266689419746,0.0073384214192628,-0.1255257278680801,0.0043984237127006,-0.5807868242263794,-0.5806497931480408,0.0001522223901702,-0.5368183851242065,0.3955245316028595,0.3873147368431091,0.5032966732978821,-0.1842720657587051,0.1282427310943603,-0.6778523921966553,-0.097983032464981,-0.6286552548408508,-0.2052749395370483,-0.3768730163574219,0.0444958433508873,0.060356218367815,-0.1927465051412582,-0.4949775636196136,-0.3392795324325561,-0.273395836353302,-0.0742387548089027,-0.2183254659175872,-0.1790715306997299,0.2235536277294159,0.0046378392726182,0.0427511520683765,-0.5416058897972107,0.2387636601924896,-0.132682591676712,0.3067868947982788,-0.62679123878479,0.1875622719526291,-0.6922306418418884,0.41200852394104,0.1021604314446449,-0.2388453632593155,-0.2053805440664291,-0.6097872853279114,-0.1929580569267273,0.3759879171848297,0.1185566857457161,-0.3626678884029388,-0.5758072733879089,0.1323152780532837,-0.1763930320739746,-0.0173126719892025,0.0449931807816028,0.3379239737987518,0.3768601715564728,0.1699140965938568,0.1931411623954773,0.4403726756572723,0.0646395236253738,-0.2482482194900512,-0.2538265883922577,-0.3352954089641571,-0.3866178095340729,-0.1763036847114563,0.4713699221611023,-0.3018929064273834,-0.1224082186818122,0.684111475944519,-0.2768462002277374,0.3288931250572204,0.2130254954099655,0.2835222780704498,-1.904072999954224,0.1054731979966163,0.3875754475593567,0.0553796254098415,-0.1157830283045768,0.6769788265228271,0.193166971206665,0.2563250958919525,-0.5997396111488342,-0.5158461928367615,0.6794787645339966,0.4471501111984253,-0.1428871601819992,-0.031478077173233,0.4068558514118194,-0.15891133248806,-0.0096568493172526,-0.7697862982749939,0.1979604065418243,0.3812753856182098,0.1119302734732627,-0.1508769989013672,0.092798575758934,-0.2917239964008331,0.0856456458568573,0.0926432013511657,0.1707013547420501,0.5206187963485718,-0.743687093257904,-0.0502448417246341,0.0522429123520851,0.8600127696990967,0.8047516942024231,0.4540750682353973,0.0550342835485935,-0.2378327548503875,0.2510644495487213,0.7954850196838379,0.4641810953617096,-0.1454514563083648,0.0224768798798322,-0.1577703207731247,0.5330590605735779,0.2399826198816299,-0.1744367033243179,-0.0078560700640082,0.2891948521137237,0.2068371325731277,-0.1853278279304504,0.6378749012947083,0.7026211023330688,0.1643740087747573,0.2274199575185775,0.1122594624757766,1.0803776979446411,0.0167354959994554,-0.1720712631940841,-0.6439107656478882,-0.0693342164158821,-0.3772121667861938,0.0281704869121313,0.0341115146875381,0.1204939261078834,0.3888536691665649,-0.26344895362854,0.2356073856353759,0.1882521957159042,-0.141860157251358,0.3511867523193359,-0.5903806090354919,-0.4722960591316223,-0.1884626150131225,0.0787147358059883,-0.7799350619316101,0.4340822100639343,0.3551900088787079,0.4194347858428955,-0.1693917661905288,-0.418043315410614,0.0821450799703598,-0.1838152557611465,-0.1405083686113357,-0.1368604600429535,0.2683771848678589,0.0035926848649978,-0.3261288106441498,0.1754208654165268,-0.4795490205287933,-0.4578913748264313,-0.0307402648031711,-0.9618868231773376,-0.1040217950940132,-0.1706620752811432,0.563137412071228,-0.1736572682857513,-0.0861991345882415,0.1741252243518829,-0.0278803668916225,-0.1509958058595657,-0.1282553821802139,-0.5938723683357239,0.4089792668819427,0.0829112455248832,0.1023548021912574,0.3406684398651123,0.322893887758255,0.223098412156105,0.3688583970069885,-0.5460566282272339,0.0554232895374298,-0.6036502718925476,-0.3188444375991821,0.6694896221160889,-0.1693537682294845,0.2791080772876739,0.0025752088986337,-0.1787163913249969,0.542557954788208,-0.2638455331325531,-0.5683379173278809,-0.1815653145313263,0.6087106466293335,0.0767980962991714,0.6428160071372986,0.3767095804214477,0.7915942072868347,-0.1173194795846939,0.4403795003890991,-0.0117283333092927,-0.0706030502915382,0.4441592097282409,-0.6632746458053589,0.086125947535038,-0.0458831451833248,0.1410325169563293,0.4225548207759857,0.2312281280755996,0.1681516319513321,0.2723524868488312,0.204196348786354,-0.1137217283248901,0.2081228494644165,0.2457365095615387,0.4334879219532013,-0.3478754460811615,-0.6161081194877625,-0.3627859354019165,0.0360947698354721,-0.4686858057975769,-0.1440361589193344,0.6839170455932617,-0.0683362036943435,0.0923455953598022,-0.230743795633316,-0.726019024848938,-0.4816818833351135,-0.4784334897994995,-0.2105551660060882,0.0735890418291091,0.4203126728534698,0.572357177734375,0.0075897825881838,-0.9132795929908752,0.3101041913032532,0.1929487884044647,0.4606478214263916,0.1261327117681503,-0.2455170452594757,-0.1573473215103149,0.0669548138976097,-0.0716644003987312,-0.1940649151802063,0.1808452606201172,0.0132692204788327,-0.0506711341440677,-0.4842084348201751,0.1540281176567077,-0.2623700499534607,0.147505834698677,-0.2539973258972168,0.5185579657554626,0.1032202765345573,-0.7609311938285828,-0.3099862039089203,0.1274624466896057,-0.2596737444400787,-0.130606472492218,-0.6116222143173218,0.1900205761194229,-0.3813090324401855,-0.1310446858406067,0.289544016122818,0.5359349846839905,-0.292400449514389,-0.1346074938774109,0.3891332149505615,0.569875955581665,-0.0460829734802246,0.0397218838334083,-0.0701807290315628,-0.2849186658859253,-0.1758468896150589,0.042526826262474,-0.1490150094032287,-0.1989455670118332,-0.0196695402264595,-0.7796398997306824,-0.2522390782833099,0.0596350096166133,-0.8661103248596191,0.6774477958679199,0.1855203956365585,0.5301793217658997,-0.5003162026405334,-0.0892804190516471,-0.2446640431880951,-0.055185467004776,-0.0067036617547273,0.4187356233596802,-0.0389188192784786,-0.7822460532188416,-0.0678139701485633,-0.4740712940692901,-0.4957434237003326,0.4799340665340423,0.3959895372390747,-0.403847336769104,0.0971675738692283,0.3388460874557495,-0.2263126224279403,-0.14765365421772,0.0829782858490943,-0.1345392167568206,0.1110608279705047,0.2892637252807617,0.0348658375442028,0.2147877961397171,0.2842249870300293,-0.3344732522964477,0.1853161603212356,0.2598049938678741,0.6585676670074463,0.2961028516292572,-0.0005682099144905,0.0101207103580236,-0.0323925204575061,-0.557614266872406,0.4538787305355072,0.2717209458351135,0.5444968938827515,-0.3912653625011444,0.6192585825920105,0.6213282346725464,-0.4582399129867553,0.3543581068515777,0.6622916460037231,0.4146571457386017,0.3334271311759949,-0.0352933555841445,-0.0612291432917118,-0.7317131757736206,0.2767074108123779,-0.030510202050209,0.2554322183132171,-0.0355859622359275,-0.03243850171566,-0.1068602353334426,-0.2455630004405975,0.0175148211419582,0.3637334406375885,0.3277826011180877,0.1446813493967056,0.3021716773509979,-0.377583771944046,0.4751031100749969,0.4331249892711639,0.0210160855203866,-0.1459994614124298,0.2460961192846298,0.3802261054515838,0.6374589800834656,0.0314390994608402,0.3572412133216858,-0.2072588503360748,-1.0218791961669922,0.0856554731726646,0.0102315852418541,0.3644465208053589,0.5951054692268372,-0.5780338048934937,-0.2023299187421798,0.1860213130712509,0.5037203431129456,-0.2873859405517578,-0.0941149368882179,-0.4399446547031402,0.1732430458068847,0.2615323066711426,-0.1303068548440933,0.0727578476071357,0.1291072368621826,0.3212997913360595,-0.1634944677352905,0.1456749439239502,0.2130679488182068,0.7299164533615112,0.1362379342317581,0.0912676230072975,0.0425005368888378,-0.2699767649173736,-0.4450969099998474,0.0519218407571315,0.0658692419528961,-0.3387294709682464,-0.4071281552314758,0.0378243289887905,-0.3907216489315033,0.1473091691732406,-0.2990520000457763,0.2549092173576355,0.3078309893608093,0.057633202522993,-0.0366539470851421,-0.4790743589401245,-0.0632993876934051,-0.0242817495018243,-0.7737974524497986,0.0951301604509353,-0.2579847872257232,0.1720798462629318,-0.2192899286746978,0.0213155206292867,-0.4729840755462646,-0.2633458077907562,-0.367784172296524,0.5505667924880981,-0.1218723282217979,-0.4214291572570801,0.4173358082771301,0.3114523291587829,-0.1264443844556808,-0.9922773838043212,0.3278978765010834,0.3606756329536438,0.5684622526168823,-0.2312356829643249,0.509494423866272,-0.3745315074920654,0.2229006588459015,0.1008925884962081,-0.4160842299461365,0.5262504816055298,-10.464190483093262,-0.4213390946388244,-0.4990895688533783,-0.2991828024387359,-0.523726224899292,0.3393937647342682,0.6275897026062012,0.3310806453227997,-0.4008956253528595,0.1503154784440994,0.0772168710827827,0.4325231611728668,0.3527701199054718,0.3085150718688965,-0.5929360389709473,0.1288890391588211,-0.3219438791275024,-0.482525885105133,0.0016949117416515,-0.2160532176494598,0.1131066754460334,-0.6644826531410217,0.5310324430465698,0.5345878601074219,0.1479681879281997,-0.1676557660102844,-0.139973372220993,0.4004792869091034,-0.031229430809617,0.2987416684627533,-0.8072220683097839,0.4482598602771759,-0.1692170053720474,0.4520938098430633,-0.2333208620548248,0.0534967370331287,-0.2512939572334289,0.5023176074028015,0.0249905418604612,0.3453520238399505,0.3133562207221985,0.4285598397254944,0.0775187611579895,-0.117707647383213,-0.2019536346197128,0.3702673316001892,0.1418785601854324,0.3137893378734588,0.5656222105026245,-0.0047943969257175,0.0482669658958911,-0.1866386830806732,-0.2593395709991455,-0.3541021943092346,0.2779557704925537,-0.0045330733992159,0.7600528597831726,-0.7735229134559631,-0.0309431999921798,0.1052391529083252,0.3330523669719696,-0.145843043923378,0.9523369073867798,0.8970859050750732,0.2635754644870758,0.160239428281784,0.4378549754619598,0.3983334004878998,-0.3247032165527344,-0.1075038537383079,0.3310868144035339,0.5564315915107727,-0.0966658219695091,0.2015350461006164,0.1424711048603058,0.7568235397338867,0.0272642467170953,-0.2367813438177108,0.2114190310239792,-0.2960522174835205,0.4381178021430969,-0.1655402332544326,-0.2865816056728363,0.1388946920633316,-0.6065528392791748,0.2488703578710556,0.0686032027006149,0.3074870109558105,0.1111298725008964,-0.5870758891105652,0.4450457394123077,-0.1704249233007431,-0.2904482185840606,0.4092161357402801,0.2255211770534515,-0.2218035459518432,-0.1488069295883178,0.3035394251346588,0.3374594748020172,0.0487138368189334,1
0.3761236071586609,0.5581277012825012,0.5023878812789917,-0.4190848767757416,-0.237189769744873,0.2639411091804504,0.6226903796195984,-0.0525488890707492,-0.068571001291275,-0.2778314054012298,0.6024829149246216,-0.3194392323493957,-0.5275475978851318,0.2913360893726349,0.2926835119724273,0.0338352844119071,-0.1415626108646392,-0.0733345225453376,0.0160451028496027,0.1535545438528061,-0.9619926810264589,-0.2220953851938247,-0.1306666880846023,0.4353823065757751,0.16891610622406,-0.4804035723209381,-0.1433467268943786,-0.014533556997776,0.1920612454414367,-0.3707551658153534,-0.3626042902469635,0.4016873836517334,-0.0406456999480724,-0.204421728849411,-0.3865948617458343,0.3591485619544983,-0.1687502712011337,-0.3544642329216003,0.5219178199768066,-0.40271857380867,-0.2105027884244918,-0.2694501280784607,0.0114207724109292,-0.1657165139913559,-0.2775138914585113,0.3814382553100586,0.2568603157997131,0.0267217047512531,0.0294598899781703,0.1081575751304626,-0.0893486589193344,0.1323278993368148,0.3010189235210418,-0.2282762825489044,0.1828676462173462,-0.1680459380149841,0.1248099207878112,-0.5580914616584778,-0.0005691056721843,0.0383068583905696,-0.2618790566921234,-0.4858444631099701,0.3480199575424194,0.0158204492181539,-0.0945382192730903,-0.1675466895103454,-0.0222960859537124,-0.1270031780004501,0.473280668258667,-0.5277357697486877,0.3167333602905273,-0.0449543073773384,-0.0210503730922937,-0.3742827773094177,0.4106357395648956,-0.3164999186992645,0.4657888114452362,0.13236865401268,0.4572530388832092,0.262281596660614,-0.0057403910905122,0.2063523232936859,0.2646770775318146,-0.4870591163635254,-0.1089207381010055,-0.0108710965141654,-0.3441817164421081,-0.597275972366333,0.4214101731777191,-0.0987535491585731,0.1559052467346191,-0.0197323281317949,0.4863318502902984,0.2908581793308258,0.1177781000733375,0.5400353670120239,0.2290735691785812,-0.2343284040689468,-0.2288100719451904,0.1192396059632301,0.2408913820981979,-0.1058815419673919,0.5547375082969666,-0.3066819310188293,-0.2475846111774444,0.2151973694562912,-0.7521737217903137,0.5418626666069031,0.1133144274353981,0.0563225857913494,-0.2412148267030716,-0.4831386804580688,-0.5511255860328674,-0.4615779221057892,0.4591332972049713,0.0416004620492458,-0.0021095946431159,0.4593912959098816,-0.4817355871200561,0.3500966727733612,0.2283358424901962,0.494771271944046,-0.4684691429138183,-0.3663259446620941,0.0489499866962432,0.5004726648330688,0.358897864818573,0.2288083285093307,-0.0426733642816543,-0.0414143875241279,-0.1161916851997375,-0.0162242725491523,-0.087548092007637,0.1478495597839355,0.0398390814661979,0.7089492082595825,0.3355925977230072,-0.0915078669786453,0.1064340621232986,-0.5675722360610962,-0.2371576428413391,-0.2612515687942505,0.3699445426464081,-0.3385297954082489,0.0881510898470878,0.1163989081978797,-0.0743121206760406,-0.4870465099811554,0.4609293043613434,0.0185444429516792,0.0216143410652875,1.004985213279724,-0.42026087641716,0.1939533948898315,0.1488787680864334,0.4483642578125,-0.9046306014060974,-0.0090470472350716,0.0988406389951706,-0.0487338900566101,0.2583885490894317,-0.4934423565864563,0.0756338089704513,0.7775411605834961,0.1257815659046173,0.3216015100479126,0.345175951719284,-0.2161674052476883,-0.0376197770237922,0.4849214553833008,0.3525926172733307,0.5578527450561523,0.3644562363624573,-0.3435335755348205,-0.3224125504493713,0.1981877386569976,0.4569176733493805,0.4310328066349029,0.0299483388662338,-0.1080267354846,0.2510737180709839,-0.0104500716552138,0.2854707241058349,-0.608836829662323,0.4830351769924164,-0.1759166419506073,0.3272300362586975,-0.1336514502763748,-0.2294946610927581,-0.1795815080404281,-0.2651117444038391,-0.3098511099815368,0.2140791863203048,-0.4298804104328155,-0.1873537451028823,-0.6797065734863281,0.3188259601593017,0.223419189453125,-0.7298231720924377,0.4962486624717712,0.5428958535194397,-0.1130151152610778,-0.1101062521338462,-0.9312567114830016,-1.0159671306610107,-0.5897842645645142,-0.0901478826999664,0.4389148354530334,0.3511314988136291,0.4694721102714538,-0.3295157253742218,-0.0504175759851932,0.5699762105941772,0.3248844146728515,0.1815303862094879,-0.0307547375559806,-0.3163550794124603,-0.2442601025104522,0.0384279862046241,-0.4497099816799164,0.0196308568120002,-0.0870598778128624,0.5205919742584229,0.1590271443128585,0.0209660157561302,0.6388189196586609,0.0454602763056755,-0.0732677802443504,-0.2996266484260559,0.6670637130737305,-0.5270677804946899,-0.8736523985862732,-0.3742557168006897,-0.1668827086687088,-0.3335505425930023,-0.0560181625187397,-0.2278944849967956,0.1087978556752204,-0.2488002479076385,0.260280579328537,-0.076645441353321,-0.3636312186717987,0.4100163280963897,-0.4444346725940704,0.0869618654251098,0.3297158479690552,-0.0811166688799858,0.2812588214874267,-0.1781292706727981,0.0437347777187824,-0.5392847061157227,-0.4325569570064544,-0.2052968591451645,-0.4575991928577423,0.5293582677841187,0.4048460125923157,0.3397455215454101,-0.315350741147995,0.1880669891834259,-0.3405375778675079,-0.3041928112506866,-0.4914471507072449,-0.4475565254688263,-0.2487741112709045,0.1103201285004615,0.1844082623720169,-0.2079163640737533,-0.5588880181312561,-0.5085828900337219,-0.8609366416931152,0.2731040120124817,-0.5348182916641235,0.2110779285430908,0.03212596103549,-0.0944452509284019,0.0986703559756279,-0.4730581045150757,0.2536759376525879,-0.3520472943782806,0.0244915708899498,-0.6169869303703308,0.2159323990345001,-0.5433611273765564,0.0374430380761623,0.1320859789848327,0.2094132155179977,-0.2320721298456192,-0.1456568241119384,-0.4621908664703369,0.6132236123085022,0.1895307749509811,-0.4675927460193634,-0.506873607635498,0.0359303317964077,-0.9368267059326172,0.1440406888723373,0.6216996908187866,-0.0154900439083576,0.5802783370018005,-0.1342161297798156,0.4401788115501404,0.4701883196830749,0.0584952980279922,-0.3239523470401764,-0.0286226049065589,-0.6569550037384033,0.1987784206867218,0.0028712325729429,0.4836247265338897,-0.2267333567142486,0.1052750572562217,0.806576132774353,-0.1655691266059875,0.1216228455305099,0.1517003029584884,0.5016454458236694,-2.010338306427002,0.0107708815485239,0.2655082046985626,0.2247659862041473,-0.1630571484565735,-0.1702334582805633,0.7002928256988525,0.488029271364212,-0.5387812256813049,-0.4934167265892029,0.8667480945587158,-0.2190043926239013,-0.103013165295124,-0.1376098990440368,0.3959889411926269,-0.1843910664319992,0.0194543413817882,-0.447420060634613,0.1148416623473167,0.3735930025577545,-0.1856247335672378,0.0652813836932182,0.1168286949396133,-0.3635412752628326,-0.1739668697118759,0.1070848181843757,-0.4033336341381073,-0.2593881487846374,-0.4577696025371551,-0.3283284604549408,0.1173820942640304,0.976281762123108,0.5805339217185974,0.4649163782596588,-0.7548166513442993,-0.3478610515594482,-0.0201463848352432,0.2722406685352325,0.1869398653507232,0.0035315942950546,-0.0366815216839313,-0.230995237827301,0.3321556448936462,-0.0099434368312358,0.3429545164108276,-0.6072664856910706,-0.3816192150115967,0.3585444986820221,-0.1754076778888702,0.0545424483716487,0.6291162371635437,0.2264150530099868,0.0340126380324363,0.5867146253585815,0.5884144306182861,0.290572315454483,0.0095954407006502,-0.4250201880931854,0.0195517111569643,-0.1328060626983642,0.0520020723342895,-0.3633708953857422,-0.1432031840085983,0.4932225942611694,0.09024578332901,0.1149082407355308,0.0075519173406064,-0.4179743230342865,0.247008815407753,-0.4932028353214264,-0.1338894218206405,-0.0846770480275154,0.3229777812957763,-0.4544311761856079,0.2871257066726684,0.161736786365509,0.4530143737792969,-0.6611164212226868,-0.3096636235713959,0.0822263807058334,0.0101828314363956,0.2347609102725982,0.0417708605527877,0.3137062788009643,-0.1476553529500961,-0.4279979467391968,-0.1957435309886932,-0.7584076523780823,-0.4392496347427368,-0.4049168825149536,-0.6980710625648499,-0.0459249876439571,-0.0224016346037387,0.3416465520858764,-0.3145398497581482,0.0957275331020355,-0.1539794355630874,0.1886112987995147,-0.3101312816143036,-0.4375801086425781,-0.0502686686813831,0.6750075817108154,0.3817387223243713,0.6721209287643433,0.188597947359085,0.0825444906949997,0.460392415523529,0.3004414737224579,-0.2067600339651107,-0.1605687141418457,-0.5301331877708435,-0.4520013630390167,0.6264333128929138,-0.0275243408977985,-0.054679300636053,-0.119618684053421,0.13250432908535,0.5790992975234985,-0.4772233068943023,-0.7479684352874756,0.3379632532596588,0.5313045978546143,-0.1839143931865692,0.2524302899837494,0.2331270426511764,0.4999594688415527,0.0002359804930165,-0.0578771047294139,-0.0865561738610267,0.3894130289554596,0.0513037517666816,-0.345640480518341,-0.0428915098309516,0.0773789659142494,0.6115530729293823,0.5112097859382629,0.0381627790629863,0.4906448125839233,0.2366556674242019,0.3920589387416839,-0.5822783708572388,0.209018737077713,0.302609771490097,0.193195566534996,-0.3532524108886719,0.139111116528511,-0.1902752965688705,-0.3026885092258453,-0.0397372916340827,-0.1416692584753036,0.6447283029556274,0.1371727138757705,0.2062423080205917,-0.3608681559562683,-0.7189966440200806,-0.2399959713220596,-0.4074289202690124,-0.3307540416717529,-0.0660566911101341,0.2719713747501373,0.4581282138824463,0.118239939212799,-0.8788576126098633,0.5593600273132324,-0.0837336555123329,0.1502098739147186,0.2557059526443481,-0.2491641193628311,-0.1685128808021545,-0.1336662918329239,-0.0361298359930515,-0.6078077554702759,0.4930944442749023,0.0243985932320356,-0.3069387972354889,-0.5307114124298096,0.1336443126201629,-0.0141461584717035,0.3704252541065216,-0.5822080373764038,0.5070162415504456,0.2096255272626876,-0.7917040586471558,-0.0010591053869575,-0.1394703239202499,-0.2039565593004226,-0.1180969253182411,-0.3700939118862152,0.1120869740843772,-0.0892886742949485,0.0798018351197242,0.7284332513809204,0.3424468040466308,-0.1046828925609588,-0.102917268872261,0.6312653422355652,0.4017090499401092,-0.2031125575304031,-0.2319646030664444,-0.2272583544254303,-0.4848710000514984,-0.3049039840698242,-0.164748728275299,0.0684426873922348,0.2040161490440368,-0.357604056596756,-0.4981513321399688,-0.6298779249191284,0.0293831303715705,-1.0444624423980713,0.6374733448028564,-0.3280293643474579,0.2963383793830871,-0.7227250933647156,0.0965472087264061,-0.2329290807247162,-0.0710023716092109,0.0846583545207977,0.3193370699882507,-0.1204009726643562,-0.8733419179916382,-0.0061788228340446,-0.0042666578665375,-0.6014828681945801,0.7321967482566833,0.182781234383583,-0.5028519630432129,0.1899725347757339,0.3957028687000274,0.4287494719028473,-0.0772369503974914,0.2773495614528656,-0.5080941915512085,0.1807525604963302,-0.0093154264613986,-0.2135239690542221,0.2326081693172454,0.096884861588478,-0.077802188694477,-0.1938802897930145,0.7509496808052063,0.4459448456764221,0.8106203675270081,0.4533785283565521,-0.3912650942802429,0.0229769963771104,-0.4290740191936493,0.1583955585956573,-0.0805262774229049,0.7788342237472534,-0.1059243977069854,0.7477768659591675,0.3190858066082001,-0.7063279151916504,0.3783222436904907,1.1531046628952026,-0.2439856976270675,0.5217062830924988,-0.121252067387104,0.0208300054073333,-0.6504965424537659,0.0728494897484779,0.2166302949190139,0.116782858967781,-0.1794222742319107,0.0741716921329498,-0.3508969247341156,-0.3323245644569397,0.1467341929674148,0.0333259142935276,-0.0514929741621017,0.2894505262374878,0.2815490365028381,-0.2590599656105041,0.900873601436615,0.7946252822875977,-0.2125592827796936,-0.0457698032259941,0.0650607794523239,0.516819179058075,0.563714325428009,-0.2679072022438049,0.3500625491142273,-0.2406273782253265,-0.7548664212226868,0.4071339964866638,0.2877748906612396,0.2268942296504974,0.8403952717781067,-0.4811427891254425,-0.055789116770029,0.7074418663978577,0.490463376045227,0.0003124889626633,-0.2580097019672394,-0.6500214338302612,0.2500659525394439,0.0473876260221004,-0.0966321006417274,0.3590207695960998,0.0491607338190078,0.293560653924942,-0.0483907721936702,-0.1418974250555038,0.1559731811285019,0.8096100687980652,-0.205154687166214,0.1158513277769088,0.0840430781245231,-0.0837096720933914,-0.0607960820198059,0.1385279148817062,0.2898886501789093,-0.0952045619487762,-0.4355098307132721,0.43740114569664,-0.3816998600959778,0.0732257142663002,-0.4902267456054687,0.4042629301548004,0.1201228871941566,-0.0157380364835262,0.2576694786548614,-0.3860392570495605,0.2527630925178528,-0.3585950136184692,-0.8541034460067749,0.2488639205694198,0.3437736928462982,0.3625906407833099,0.3062231242656708,0.0518469586968421,-0.4738022983074188,-0.5843587517738342,0.0599474310874938,0.3292888104915619,-0.2089623808860778,-0.6028973460197449,0.7598887085914612,-0.1350541561841964,-0.2292216122150421,-1.315617918968201,0.1235142722725868,0.3366289138793945,0.3151494264602661,-0.188331052660942,0.6845226883888245,0.0464595593512058,0.048291303217411,-0.1774201244115829,-0.445265382528305,0.1857555955648422,-10.341691970825195,-0.0117195779457688,-0.4323802292346954,-0.2784017026424408,-0.497852474451065,-0.1246446892619133,0.6701638102531433,0.6445551514625549,-0.0551097020506858,0.3895603716373443,0.009255782701075,0.1367779821157455,0.2642787098884582,0.1692161858081817,-0.0109164658933877,-0.1010560244321823,-0.3044008612632751,0.1381528675556183,-0.0639832019805908,-0.3097392618656158,-0.1038342416286468,-0.1027206555008888,0.4419789612293243,0.2276911735534668,0.1547942906618118,-0.5049324035644531,0.4353142380714416,0.5598000288009644,-0.1142355129122734,0.3214970529079437,-0.9949598908424376,0.1674412190914154,0.0273501276969909,0.1471401154994964,-0.2549222111701965,-0.1128465086221695,-0.1335199028253555,0.1118322759866714,-0.1574645489454269,0.604668915271759,0.2068646401166916,0.2896646559238434,0.1217118725180625,0.1612893044948578,0.2298452109098434,0.0882808193564415,0.0506726950407028,0.2461097836494445,0.4981678426265716,0.0187578909099102,-0.4539493322372436,0.1163975074887275,0.0867422148585319,-0.1764035671949386,0.1693393290042877,0.1073748990893364,0.5127979516983032,-0.889742374420166,-0.1658309698104858,0.0863249078392982,0.1350072771310806,0.1900462508201599,0.5003310441970825,0.5184159874916077,-0.2768354713916778,0.839332640171051,0.2057040482759475,0.2888502180576324,-1.0420101881027222,0.3466793000698089,0.134575605392456,0.5553558468818665,-0.1864755749702453,0.1635509878396988,-0.117836982011795,0.6282227039337158,0.0171266589313745,-0.1654938608407974,0.3351868689060211,0.0056188432499766,0.2740504145622253,-0.2293682247400283,0.1956679373979568,0.1185269653797149,-0.6136970520019531,0.1522912383079528,0.1671563684940338,-0.0796797424554824,0.2432388812303543,-0.7361330986022949,0.4661961495876312,-0.2530403137207031,-0.5528477430343628,0.6038634181022644,0.2626257240772247,-0.4659341871738434,-0.3366899490356445,0.018636018037796,0.2035904824733734,-0.3351907134056091,1
0.3586235046386719,-0.0246663745492696,0.7754485011100769,-0.8844077587127686,0.0205631572753191,0.3392025232315063,-0.1355293840169906,-0.0529141798615455,-0.4171533584594726,0.307938814163208,0.7799731492996216,-0.1584917306900024,0.2739543914794922,-0.6795698404312134,0.6546946167945862,-0.5095005631446838,0.2791526913642883,-0.1557860970497131,0.0791591852903366,-0.4014647603034973,-0.8990652561187744,-0.9262132048606871,-0.1831101924180984,0.154470607638359,-0.0902618244290351,0.0137811098247766,0.0121721886098384,0.2656416893005371,-0.1975154876708984,0.0017380045028403,-0.1448732018470764,-0.5539519786834717,-0.1022625416517257,0.0579993426799774,-1.0950565338134766,-0.195033997297287,0.1503302156925201,-0.1417342275381088,-0.0951748266816139,-0.5363784432411194,0.3325586020946502,0.0311147775501012,-0.6130945086479187,-0.1334844380617141,-0.1431507021188736,0.5453366041183472,-0.229549840092659,0.367545485496521,-0.0144952787086367,-0.0786912739276886,-0.4052870869636535,0.160253420472145,0.1486576050519943,0.1468552052974701,0.1350431591272354,-0.3601643145084381,0.1212152615189552,-0.8884081244468689,-0.0386912338435649,0.0089029129594564,-0.4122975766658783,0.1841042041778564,0.2635621130466461,0.3959721624851227,-0.2631439566612243,0.0452321544289588,0.0961821600794792,-0.0472497045993804,0.0739715620875358,-0.6487445831298828,-0.0336413718760013,0.164206326007843,0.1290869265794754,-0.4542910456657409,0.7616341710090637,-0.2880868315696716,0.1886349618434906,-0.151704654097557,0.3141540884971618,-0.0434453412890434,-0.4349846839904785,0.1722281128168106,-0.1459560394287109,-0.3821792304515838,-0.2669380307197571,0.1747135072946548,-0.4731841683387756,-0.8139368891716003,0.8416064381599426,-0.1633704453706741,0.398811787366867,0.3357173204421997,0.1424184739589691,0.2348209768533706,-0.3758234977722168,0.1531011164188385,0.1802000254392624,-0.0568276718258857,-0.3802551031112671,0.6075312495231628,-0.1827001422643661,0.0576381757855415,-0.0303319804370403,-0.2173190414905548,0.3214604556560516,-0.3659038841724396,-0.3783417344093323,0.1673703789710998,0.3260456919670105,-0.177744448184967,-0.4289966523647308,-0.3378853797912597,-0.5367929935455322,0.3362517654895782,0.3132054209709167,-0.0323720835149288,-0.2094873338937759,0.2365705668926239,0.0392595268785953,0.4166017472743988,0.2066131979227066,0.5641819834709167,-0.1325835436582565,0.0099416654556989,-0.0932277664542198,0.4952303469181061,0.0901037603616714,-0.6326240301132202,0.158358559012413,-0.2867668867111206,-0.0173558443784713,0.107340008020401,-0.0451720394194126,-0.1583792865276336,-0.3470660746097564,1.0091145038604736,-0.1720819026231765,0.0428343191742897,-0.1088468357920646,-0.5532451868057251,-0.0317088961601257,0.1576555669307708,0.2147662192583084,-0.2545504868030548,0.1049708873033523,0.2996875941753387,0.1895471960306167,-0.7632226347923279,0.0111502408981323,0.1368252038955688,-0.1470520794391632,1.066796898841858,-0.7711522579193115,0.2616840302944183,-0.2608645856380462,-0.040651224553585,-0.5023216605186462,0.088080994784832,0.501655638217926,0.4692065119743347,0.1573397517204284,-0.5436323881149292,0.5917591452598572,0.5716028809547424,0.4121880233287811,0.3372128307819366,0.0857105329632759,-0.2183679044246673,-0.1453911662101745,0.2892410457134247,-0.2568687200546264,0.1158893778920173,0.1483827829360962,-0.454930305480957,0.1390462219715118,0.4084529876708984,0.268079936504364,-0.1322606205940246,0.4458299577236175,-0.9173943996429444,0.0121634928509593,-0.1293108463287353,-0.2407212853431701,-0.655108630657196,0.5757667422294617,-0.1570649445056915,-0.2027263194322586,-0.2569780647754669,0.0370329581201076,-0.5157102346420288,0.095952495932579,0.0432647280395031,0.684190571308136,-0.1562862247228622,-0.1192012578248977,-0.4013515114784241,0.1618971526622772,-0.143419474363327,0.0497052147984504,0.56205153465271,0.1374651789665222,0.1464396864175796,0.0063964049331843,-1.1057502031326294,-0.5280543565750122,0.1395886838436126,0.7025129795074463,0.6469906568527222,0.3365605473518371,0.3559617102146148,-0.3146827220916748,-0.2045052647590637,0.2062235176563263,0.3486829698085785,0.5529441237449646,-0.016566663980484,-0.7394495606422424,-0.3700011372566223,0.3480413854122162,-0.1952962279319763,0.3645149171352386,-0.3964727222919464,0.1479096561670303,-0.1230077594518661,-0.1660883575677871,0.3021289706230163,0.2427328675985336,-0.432539165019989,-0.1254675686359405,0.7219329476356506,-0.5374917984008789,-0.3943407833576202,-0.6420092582702637,0.1480622142553329,-0.3879353404045105,0.1265142112970352,-0.3879170715808868,0.2455029189586639,-0.5147812366485596,0.1670347154140472,0.2136788368225097,-0.0973865538835525,0.1902671456336975,-0.3023533821105957,-0.1986513286828994,0.2059695422649383,-0.0491631291806697,0.1524078249931335,-0.3032713234424591,-0.0656548961997032,-0.5807090997695923,-0.4501806795597076,0.1670434176921844,-0.3809289634227752,0.6607704162597656,0.1631241738796234,0.1359750479459762,-0.0701999813318252,0.3478787839412689,-0.6328304409980774,-0.1447628289461136,-0.4550751149654388,0.2436263114213943,-0.0120690781623125,0.3931418061256408,0.2132409363985061,0.0869434028863906,-0.4913892447948456,-0.4093371629714966,-0.4929644167423248,0.2152226120233535,-0.2128570526838302,-0.2557368278503418,-0.1298930346965789,-0.024274805560708,0.04751892760396,-0.2410119771957397,0.3789639770984649,-0.6740599870681763,0.3417744934558868,-0.1215574964880943,0.5535191297531128,-0.4472485780715942,-0.1685982942581176,0.3951951265335083,-0.049195297062397,-0.4267884194850921,-0.414090096950531,-0.2033648788928985,0.2097956538200378,0.388204962015152,-0.6768291592597961,-0.2198648601770401,0.3544965386390686,-0.4503610134124756,-0.0210239253938198,0.5212361812591553,0.0284831039607524,0.0804966911673545,0.2866666316986084,-0.089926429092884,0.1582807600498199,0.5975357294082642,-0.5801597237586975,-0.2414451092481613,-0.5601361989974976,-0.0293470304459333,-0.3483292758464813,0.556526780128479,0.0230383947491645,0.1481944918632507,0.7260949611663818,-0.4633060693740845,-0.0925065577030181,0.9196696877479552,0.5360009670257568,-1.6513739824295044,0.289298415184021,0.6973103880882263,-0.1962223649024963,-0.2482532858848571,0.0548110119998455,0.0119285555556416,-0.0102505404502153,-0.2157996147871017,-0.7553359270095825,0.8927761912345886,0.2450911849737167,-0.2065581828355789,-0.2450914531946182,0.4924006760120392,0.0727382153272628,0.0552626326680183,-0.4773213267326355,-0.2581067681312561,0.3700799643993377,0.2186993211507797,-0.1692437827587127,-0.2959271967411041,-0.1563395708799362,-0.5493754148483276,0.1432756632566452,-0.2391412258148193,0.2105724662542343,-0.4816707372665405,0.0363241843879222,0.3828274607658386,1.131384015083313,0.3203997015953064,0.5801156759262085,-0.3884201049804687,-0.0716237649321556,0.8466631770133972,0.457819789648056,0.4994423389434814,0.3784675598144531,-0.2813080549240112,-0.2930530309677124,0.6196814775466919,-0.050277542322874,-0.3033430278301239,0.3204991817474365,-0.1048931702971458,0.2078468948602676,-0.1034251824021339,0.0694383829832077,0.1110826358199119,-0.1496219038963318,0.1321352124214172,0.7338179349899292,0.6123164892196655,0.1744691282510757,-0.0940590947866439,-0.4335092604160309,0.0579937808215618,-0.1725084483623504,0.255798876285553,0.4385444521903991,-0.2900402843952179,-0.2993480265140533,-0.1937111467123031,-0.2491368055343628,-0.2325776368379593,-0.3403624296188354,-0.400767982006073,-0.9239010810852052,-1.0663666725158691,0.0514844134449958,0.0364310033619403,-0.7813575267791748,0.2973428666591644,0.1253112405538559,0.6626867055892944,-0.4192781746387481,-0.5313348174095154,0.1362084597349167,-0.469912588596344,0.0440434291958808,-0.1709395498037338,0.040976446121931,-0.254860371351242,0.288720041513443,-0.5707607269287109,-0.2336601018905639,-0.3975604176521301,-0.2706895470619201,-0.4771449267864227,0.0833981111645698,0.1562682390213012,0.7864431142807007,0.0329351238906383,0.2744109034538269,-0.0830293223261833,0.1661955714225769,-0.1352051496505737,-0.1193107739090919,-0.6013108491897583,0.3270958065986633,0.6027277708053589,0.7362671494483948,0.2225320637226104,0.4853352904319763,-0.0107432296499609,-0.1678165048360824,0.2710961103439331,-0.2332077175378799,-0.286459356546402,-0.2649374604225158,0.5488170385360718,-0.4618846178054809,0.2983710467815399,-0.3070251047611236,-0.0251187942922115,0.8155043721199036,-0.2759130299091339,-0.6447542309761047,0.019334452226758,0.4444313943386078,0.2741967439651489,0.2018985152244568,0.2217877656221389,1.1126266717910769,-0.1611074060201645,0.6747143268585205,0.2079386562108993,-0.3065947294235229,0.0153259988874197,-0.2526099681854248,0.0108531191945075,0.1808147132396698,0.5403428673744202,0.8989946842193604,0.2680794596672058,0.387798011302948,0.4225503504276275,0.0394640564918518,-0.3098432421684265,-0.0448453351855278,0.5020272731781006,0.0876635760068893,-0.5822703838348389,0.0671888217329979,-0.4893506169319153,-0.3110739886760711,-0.3760032653808594,-0.1529198884963989,0.2548675239086151,-0.1874099820852279,0.4831192791461944,-0.4073148667812347,-0.6556465029716492,-0.4325756430625915,-0.7924972772598267,0.1225211918354034,-0.1237589567899704,0.2850375175476074,0.5576971769332886,0.5667896866798401,0.151675283908844,0.0797831639647483,0.305660992860794,0.7309637069702148,0.2399234920740127,-0.1629074960947036,-0.1688187420368194,0.3584931790828705,0.1539022028446197,0.4346175491809845,0.2286254167556762,0.0695969685912132,-0.3132855296134949,-0.5330155491828918,-0.3979867100715637,0.1479430347681045,0.0100019462406635,-0.0302755665034055,0.3525822162628174,0.0273273456841707,-0.1545535176992416,-0.5193030834197998,-0.2445397675037384,-0.3318242728710174,-0.1690635979175567,-0.7040066123008728,-0.1218400225043296,-0.5307708978652954,0.1147366911172866,0.4098197817802429,0.4931957721710205,-0.5638531446456909,0.1662935465574264,0.3007017076015472,0.1204905360937118,-0.0154460817575454,0.1163259223103523,-0.0711223110556602,-0.2879864573478699,-0.0643923953175544,0.0923106297850608,-0.0817050263285636,0.6598289608955383,0.1591884344816208,-0.5559541583061218,-0.2439369857311248,0.115936778485775,-0.9041750431060792,0.433933824300766,-0.1377756744623184,0.1395601332187652,-0.6946619749069214,0.1776384264230728,0.0566961802542209,0.0287550706416368,-0.234372466802597,0.1439073234796524,0.1385184079408645,-0.7581139206886292,0.3103348016738891,-0.1813197135925293,-0.3846227824687958,0.7979161143302917,0.5467738509178162,-0.1853010505437851,0.2618381977081299,0.5007081031799316,0.0613263137638568,-0.4154864549636841,0.3247176110744476,-0.1609259694814682,0.1054156497120857,0.3049433827400207,-0.1889155358076095,0.5684009790420532,0.1683012545108795,0.1198823079466819,0.1038140431046485,0.3489070832729339,0.6846362352371216,0.4384132027626037,0.2534331381320953,-0.1556078344583511,-0.470798522233963,-0.7940940260887146,0.0376302748918533,0.2783031463623047,0.5752158761024475,-0.3884532749652862,0.5000850558280945,0.6709069013595581,-0.0261370316147804,0.3636739552021026,0.921187937259674,0.1954237669706344,0.4207964837551117,-0.4991807341575622,0.0607120133936405,-0.9316931366920472,0.4198193550109863,0.3131798803806305,-0.0941114202141761,-0.1071772128343582,0.1388003677129745,-0.5112866163253784,-0.4666632413864136,0.1720971912145614,-0.1056281924247741,-0.1700824797153473,-0.2413229346275329,0.6426102519035339,-0.1109598949551582,0.9409220218658448,0.3932240307331085,0.0111649427562952,-0.4847569167613983,0.1631693243980407,-0.1479229778051376,0.6438269019126892,0.0549303963780403,0.4049669504165649,-0.2156396359205246,-1.03778874874115,-0.4044138193130493,0.2613549530506134,0.2089057564735412,0.286806046962738,-0.5070863962173462,-0.0036206315271556,0.4516017735004425,0.5596505403518677,0.2337265461683273,-0.1101813688874244,-0.4991564750671386,0.0602733492851257,-0.1417141854763031,-0.2067635357379913,0.3999647796154022,0.0863533318042755,0.3394351601600647,0.3769959211349487,-0.1770133674144745,0.0854547098278999,0.4841074049472809,0.1963625401258468,-0.1337948441505432,0.6522935032844543,0.0557423271238803,-0.1153806075453758,0.068910077214241,0.0201813541352748,-0.2673791050910949,0.0112823247909545,0.6305686235427856,-0.0938891470432281,-0.018041593953967,-0.5155843496322632,0.3149875104427337,-0.0319119431078434,0.1470301896333694,-0.4010014533996582,-0.4669030606746673,0.2831065356731415,0.2526891231536865,-0.3539333045482635,0.0224920939654111,-0.2453508973121643,-0.2295989990234375,-0.3570439219474792,-0.3350311815738678,-0.5432419180870056,-0.1944839358329773,-0.3953049778938293,0.4299406409263611,-0.770074725151062,-0.5165455937385559,0.4467598795890808,-0.1453765481710434,-0.1557761132717132,-1.1232340335845947,0.6056432723999023,-0.400147795677185,0.636294960975647,-0.1855069398880005,-0.096103236079216,0.0183214973658323,-0.3138656318187713,-0.322945773601532,-0.5746438503265381,0.4832221865653991,-10.23126220703125,-0.1531709879636764,-0.2061832696199417,-0.6949334144592285,-0.3927797973155975,-0.1074967384338378,1.0815861225128174,0.0150632699951529,-0.5576997995376587,0.1200396791100502,-0.2452751398086547,0.1355503350496292,0.534533679485321,0.3761050999164581,-0.0703593641519546,-0.030170764774084,-0.1402267664670944,-0.5821368098258972,-0.3437755107879638,-0.1215213239192962,-0.077371560037136,-0.1950564831495285,0.6719056367874146,-0.0401544831693172,0.0759009197354316,-0.3982008695602417,-0.1598372608423233,0.2665517330169678,0.1228524073958396,0.4765311181545257,-0.2146400511264801,0.8284003734588623,-0.1778043061494827,0.0664553940296173,-0.1844103336334228,-0.0297167152166366,-0.0254587046802043,0.4636370539665222,-0.1103347167372703,0.490783154964447,0.3837138414382934,0.358788251876831,0.1400733739137649,0.0472070164978504,0.3781290054321289,0.4283336102962494,0.1367486715316772,0.32080739736557,0.7621679902076721,-0.0751866400241851,0.4969749450683594,-0.7559500932693481,0.3250588178634643,0.068393275141716,-0.4673557579517364,0.0409008339047431,0.932538628578186,-0.5532816052436829,0.0047107227146625,0.2532929480075836,0.3740162253379822,-0.0409752391278743,1.1663835048675537,0.404410570859909,-0.2600726783275604,0.3022530674934387,0.1110511496663093,0.122262954711914,-0.4746184349060058,-0.4054569900035858,0.3808251917362213,0.0147620821371674,0.1461379677057266,0.3145440816879272,-0.3718342185020447,-0.085900068283081,-0.0263521336019039,0.2055089026689529,0.3818835616111755,-0.0679506063461303,0.8542038798332214,0.0212811939418315,-0.41378915309906,0.4242964386940002,-0.5259703397750854,0.1248574405908584,0.1416054666042328,-0.0715519413352012,0.5414227843284607,-0.6794898509979248,0.7729988694190979,-0.3009038865566253,-0.3189559578895569,0.7000997066497803,0.3129055202007293,-0.5655158162117004,0.31784188747406,0.1308512240648269,0.0886329114437103,-0.2186778038740158,0
-0.0008475066861137,0.0242939926683902,0.2925958335399627,-0.8140795230865479,-0.1904487013816833,0.0169514883309602,-0.1974855810403823,0.0823104232549667,-0.0256802886724472,-0.3115681409835815,0.989377498626709,-0.3986585140228271,-0.7404648661613464,-0.2208072990179062,0.0086369821801781,-0.2986468970775604,0.4274653196334839,0.0722979828715324,0.0694795846939086,-0.0250536650419235,-0.154569461941719,-0.9572513699531556,-0.0699210539460182,-0.1180362850427627,0.1726506203413009,-0.2131431102752685,-0.0914977863430976,0.4075624346733093,-0.0235810820013284,-0.1207833141088485,-0.0525771453976631,-0.557964563369751,0.1833526194095611,-0.4808337688446045,-0.383052796125412,0.2276892960071563,0.0666377544403076,-0.1856231242418289,0.0421090833842754,0.1067506074905395,-0.1604862660169601,-0.7084961533546448,-0.1835581958293914,-0.1344616115093231,-0.3832307457923889,0.8179663419723511,-0.1044874414801597,0.4733944535255432,0.934944212436676,-0.0790410041809082,0.1323044598102569,0.9530642032623292,0.4842250645160675,0.0836067646741867,-0.2111028283834457,-0.3160949051380157,0.6458864212036133,0.1096552461385726,0.0607465580105781,0.1681699156761169,-0.8208270072937012,-0.1673226058483123,-0.0696369707584381,0.3017742335796356,-0.1592964828014373,0.1270046383142471,0.6299847364425659,-0.0448810160160064,-0.358839601278305,-0.2634540498256683,0.0450156293809413,0.0523348487913608,-0.1792338341474533,0.097939595580101,0.3946984708309173,-0.110990971326828,0.4480011165142059,0.078185461461544,0.0376926958560943,-0.0698037892580032,0.0610019601881504,0.6938095092773438,-0.300615519285202,-0.5837172269821167,0.4896634221076965,0.3192973732948303,-0.9865172505378724,-0.6308928728103638,0.2039653062820434,-0.4850320518016815,-0.3438297510147095,0.4044266045093536,0.5637600421905518,0.174714520573616,-0.2540699541568756,-0.0055485083721578,-0.4071516394615173,-0.3971801400184631,-0.0696826577186584,-0.1037759482860565,-0.0429990403354167,-0.3084158897399902,0.081077441573143,-0.6279299855232239,-0.0631677284836769,0.4426031410694122,0.0922260805964469,-0.1079939678311348,-0.0802938714623451,0.421695739030838,0.0382215902209281,-0.2910900413990021,-0.5156115293502808,0.4723816215991974,0.3052631914615631,-0.2420199513435363,0.2227119952440261,0.2470013201236724,0.2084304839372635,0.2262341678142547,-0.1006590873003006,0.3792663514614105,0.1742380112409591,0.0836182534694671,-0.0133942598477005,0.2392553389072418,-0.1309396177530288,-0.2664305865764618,0.0750697776675224,-0.0444466136395931,-0.1250586509704589,-0.2967196404933929,-0.1867547333240509,0.0462284870445728,-0.1548952162265777,0.5730024576187134,-0.3156222105026245,0.7704555988311768,-0.0320683196187019,-0.082779936492443,-0.3322986662387848,0.0783412009477615,0.5612232089042664,-0.1405930817127227,-0.1478074342012405,0.0712252706289291,0.1114687845110893,0.1490392684936523,0.594648540019989,0.7884244918823242,-0.391317754983902,0.6910431385040283,-0.4835081100463867,-0.428604394197464,-0.231125608086586,-0.2829138040542602,-0.2637505233287811,-0.0704973116517067,0.1476931422948837,0.4357079565525055,0.1040400341153144,-0.0018590955296531,0.3510555624961853,0.5785667300224304,0.3564932346343994,0.6934914588928223,0.679336667060852,0.0104836616665124,0.0564589947462081,0.7340412735939026,0.1752452552318573,0.2012858837842941,-0.0871088057756424,-0.3348755538463592,0.3416852355003357,0.4577639102935791,0.0921465083956718,-0.3791273832321167,0.1978586614131927,-0.3546416461467743,0.022784799337387,0.1496625989675521,-0.1252868771553039,-0.5897769331932068,-0.1402485072612762,-0.3272507786750793,-0.0684032961726188,-0.3228187263011932,0.0190828200429677,-0.2642982602119446,-0.1895128786563873,0.4754997789859772,0.5465635061264038,-0.3432522714138031,-0.4947033226490021,0.0661941245198249,0.1486280560493469,-0.2436039745807647,0.0329280830919742,0.3342507183551788,0.0609131380915641,-0.1993527859449386,-0.1038708686828613,-0.1225041300058364,-0.7654577493667603,-0.1809513568878173,0.1823080629110336,0.5486641526222229,0.6670817136764526,0.0836969092488288,-0.4102867245674133,-0.1596604883670807,0.0641829669475555,0.41860231757164,0.4693977534770965,0.0235138665884733,-0.2178714871406555,-0.1163903400301933,0.1123312413692474,0.0234616789966821,-0.4307290911674499,0.4540130794048309,0.0891013666987419,0.0694965943694114,0.1876751631498336,-0.3531686067581177,0.0571272075176239,0.099262423813343,0.2436669766902923,0.4375408589839935,-0.1751574277877807,-0.2531989812850952,-1.1579662561416626,-0.1474110037088394,-0.4238226115703583,0.240944430232048,-0.0229290518909692,0.2703250348567962,-0.0288698673248291,0.0300190560519695,0.1063414216041565,0.0921325087547302,-0.0048435442149639,-0.0115073593333363,-0.6693958640098572,0.6478696465492249,0.3731890618801117,-0.0399430766701698,-0.2551764845848083,0.0868210196495056,-0.6690106987953186,-0.8683549165725708,0.4485820829868316,0.0327773801982402,0.4756841659545898,-0.1879514008760452,0.6306437849998474,-0.1764864474534988,0.3404259085655212,-0.2414940297603607,0.1455051600933075,-0.2490084022283554,-0.0335902050137519,0.0357912965118885,0.1189820393919944,0.2900749742984772,0.1725076138973236,-0.2291601449251175,-0.8257033824920654,-0.539578914642334,0.2128918915987014,0.1579566001892089,-0.0846386104822158,0.3606202304363251,-0.2936067283153534,0.1427958160638809,0.1351746618747711,-0.050179373472929,-0.7020211815834045,-0.1100041419267654,-0.2611162066459656,0.1687016189098358,-0.2937432825565338,-0.277439534664154,-0.1802654564380645,-0.188336968421936,-0.2858226001262665,-0.413237452507019,-0.2191290557384491,0.5132681131362915,0.2143925279378891,-0.3704860508441925,0.2131724655628204,-0.2270429283380508,-0.1162884011864662,0.1732624322175979,0.5905160903930664,0.2449256777763366,-0.0542839206755161,-0.6695424914360046,0.5975235104560852,0.3616766631603241,0.6715648174285889,-0.2781699895858764,-0.1996998339891433,-0.1764185428619384,-0.1549039781093597,-0.0907438024878501,0.2669422328472137,-0.6086944341659546,-0.5302732586860657,0.6358405947685242,-0.8042719960212708,0.306021898984909,0.3997741937637329,0.0580411031842231,-1.2747043371200562,-0.1770750284194946,0.0199602469801902,-0.0559020899236202,-0.7632868885993958,0.330546498298645,0.5242547988891602,0.176424041390419,-0.2666557729244232,-0.0371856838464736,0.381560355424881,0.649979293346405,0.0438561961054801,0.4345723390579223,0.0830164030194282,-0.241769328713417,0.1650094091892242,-0.4878402650356293,0.0510681867599487,0.2032794803380966,0.1219325885176658,-0.3967243432998657,0.0546043291687965,-0.6941237449645996,-0.2262191176414489,-0.0231471564620733,0.2784491181373596,0.3060267567634582,0.1006729826331138,-0.4909739792346954,0.2384723871946334,0.3490345776081085,0.2425585836172104,0.74299156665802,-0.3225443661212921,0.5069049000740051,-0.1016110479831695,0.2088725566864013,0.2729969620704651,0.0713843405246734,-0.3157123625278473,-0.1088915988802909,0.5544337630271912,0.3192695379257202,-0.3193883001804352,0.0770788788795471,-0.0413034334778785,0.0208734218031168,-0.2058800309896469,0.3822902143001556,0.5489621162414551,0.5076118111610413,0.4455747902393341,0.142261192202568,0.0956121906638145,-0.0756447166204452,-0.0784140229225158,-0.2992359399795532,0.1259585469961166,-0.9253584146499634,0.5292537808418274,-0.0202331785112619,0.2881367802619934,0.0305612701922655,-0.2739304006099701,-0.386917382478714,0.2486032545566558,-0.4988083839416504,-0.2838663160800934,-0.5094550251960754,-0.6843681335449219,-0.3061971366405487,-0.4652871489524841,-0.3746517300605774,0.0358070209622383,0.4714184999465942,0.1892691850662231,-0.5829437375068665,-0.5172565579414368,0.293249249458313,-0.0378361195325851,0.1895539462566375,0.1276949942111969,0.1623629778623581,-0.0314908251166343,-0.1710988134145736,-0.3388093113899231,-0.3713483214378357,-0.4751995801925659,-0.2896473407745361,-0.4340380430221557,0.0490949600934982,0.2893665432929992,0.5014861226081848,0.0267183482646942,-0.0503257401287555,0.0109760574996471,0.2304404526948928,-0.1981668919324875,-0.2665379047393799,-0.6875424981117249,0.1115221455693245,0.0345836654305458,-0.0621969886124134,0.0899233594536781,0.2763842642307281,0.2269110679626464,0.356235146522522,0.1980555206537246,-0.1195008009672164,-0.2947919964790344,-0.1336406618356704,0.3473753035068512,0.1018130779266357,0.5739050507545471,0.2617577016353607,0.1019985154271125,0.5320674180984497,0.0117770312353968,-0.7196062803268433,-0.307098925113678,0.2341420352458953,-0.3885571360588074,0.5452584624290466,0.3111253082752228,0.6458250284194946,0.0471418239176273,0.5328022241592407,0.3870441913604736,-0.0384281948208808,0.0060584237799048,-0.1849270612001419,-0.0792526751756668,0.2982241809368133,0.6680914163589478,0.3049430847167969,0.2766245305538177,0.2434167563915252,-0.2800417840480804,0.3939050734043121,0.0169157776981592,0.1569184958934784,0.3212917745113373,0.425111174583435,-0.3546846508979797,-0.1959741115570068,-0.0065610501915216,-0.1796686053276062,-0.6911113262176514,-0.030459301546216,0.3639238178730011,0.0577213317155838,0.0138374436646699,-0.0617824643850326,-0.3145966529846191,0.0575002320110797,-0.1562371402978897,0.0846666693687439,-0.0297804344445467,0.6676607728004456,0.5267125368118286,-0.1246670931577682,-0.5650449395179749,-0.0783725380897522,0.0070767970755696,0.5110058188438416,0.2314977943897247,-0.4168170988559723,-0.4203201234340668,0.5463919639587402,-0.1777871549129486,-0.3023037016391754,0.2992358207702636,0.4873916208744049,0.1902102828025818,-0.6523327231407166,-0.1312676519155502,0.2423440068960189,-0.069863922894001,-0.2317517697811126,0.1511891335248947,0.3226082026958465,-0.6729677319526672,-0.2051405161619186,-0.3296384215354919,-0.5316594243049622,-0.1288014650344848,-0.90593421459198,0.0122679648920893,-0.3130879700183868,-0.0398196391761302,0.116017498075962,0.1164209470152854,-0.4427445828914642,0.2454299032688141,0.18927963078022,0.5480904579162598,0.3001657724380493,-0.0467945896089077,0.0027781857643276,-0.4207446575164795,-0.2943643629550934,0.525679349899292,-0.0789788588881492,0.0241179056465625,-0.5657721757888794,-0.7641564607620239,-0.195248082280159,-0.4141111969947815,-0.7125152945518494,0.346152126789093,0.3568065464496612,0.4127761125564575,-0.1853696405887603,0.4510211646556854,-0.4175134599208832,0.0134009951725602,0.0945235639810562,-0.3259897828102112,-0.5003342032432556,-0.6877703666687012,0.4156336486339569,-0.4148946404457092,-0.5546296834945679,0.533082902431488,0.7362151145935059,-0.6056790351867676,-0.4704314172267914,-0.3471020758152008,-0.2913931906223297,-0.4879886209964752,-0.0791056752204895,-0.1527263224124908,0.5108745694160461,0.2999103963375091,0.217180922627449,0.1677300035953521,-0.1342612951993942,-0.3614626824855804,-0.550509512424469,0.5579860806465149,0.3149150311946869,-0.1140775680541992,-0.0431632287800312,-0.1668785810470581,-0.2226364761590957,-0.876133382320404,0.3561354577541351,0.1662034541368484,0.2313094139099121,0.3397119641304016,0.4534662663936615,0.7042503952980042,-0.6991370916366577,-0.0977260768413543,0.3352156281471252,0.2906300127506256,0.2743159830570221,-0.2033537924289703,-0.1723652482032776,-0.8640047311782837,0.4594247043132782,-0.3346432149410248,0.2345033138990402,0.0886781588196754,-0.3827914297580719,0.2816191613674164,-0.3254708349704742,-0.3263168931007385,0.1017235368490219,-0.1844791024923324,0.1158222630620002,-0.1190980970859527,-0.3666764795780182,0.1756670027971267,-0.004540666937828,-0.110253058373928,-0.0217340104281902,-0.1461906880140304,-0.1675453931093216,0.5465918779373169,-0.1147160828113555,0.3251822590827942,0.0742973536252975,-1.253794550895691,0.144153892993927,-0.5998491644859314,0.0984874367713928,0.6865691542625427,0.0954359173774719,-0.0119657963514328,0.07819814234972,0.1667274832725525,0.1513860374689102,0.0979283154010772,-0.5023730993270874,0.5600545406341553,-0.0706957057118415,0.0247862823307514,-0.0192125607281923,0.5468743443489075,0.6666253209114075,0.1507400870323181,0.1339886486530304,-0.0905893072485923,0.5733475685119629,0.1007451340556144,-0.163917988538742,-0.1307977735996246,0.1112219169735908,0.4734780788421631,-0.0464152880012989,-0.0021004502195864,-0.4986327588558197,-0.316165417432785,0.1277067959308624,-0.5954380035400391,0.3214931488037109,0.2718501091003418,-0.3457782864570617,0.3641980290412903,0.2738633453845978,-0.0964826121926307,-0.3169559836387634,-0.2691870927810669,0.4478247761726379,-0.8518441319465637,-0.1738712638616562,-0.2506546080112457,-0.4870877563953399,-0.1009065508842468,-0.1731685101985931,-0.3787652552127838,0.3187853395938873,-0.4104363322257995,0.0724791884422302,-0.1777455806732177,-0.0974716022610664,-0.0207787565886974,0.2082187235355377,-0.310959905385971,-1.1831117868423462,-0.018887560814619,0.1997989863157272,0.5480372905731201,-0.1685795038938522,0.290980577468872,-0.1588540375232696,0.5085758566856384,0.581818163394928,-0.0495408847928047,-0.0191274844110012,-10.395748138427734,-0.3648514747619629,-0.1699609607458114,-0.5694424510002136,-0.2486298680305481,0.2238756269216537,0.8748603463172913,0.0219626016914844,-0.4872210621833801,0.6392317414283752,-0.0414543189108371,0.7799879908561707,0.2678171098232269,0.879665732383728,-0.4302240312099457,-0.1823977082967758,0.6826649308204651,-0.1672426462173462,0.3250682651996612,0.2803526520729065,0.1035856530070304,-0.5126528143882751,0.4772702157497406,0.4918653666973114,-0.072167307138443,-0.7077496647834778,-0.4305875897407532,0.541725218296051,-0.2961243987083435,0.5258428454399109,-0.3643198609352112,0.7311316132545471,-0.1226826533675193,0.6116001009941101,-0.3015701472759247,-0.2191014587879181,0.1333093494176864,0.0602326914668083,0.3467763364315033,0.363430768251419,0.3494818806648254,0.2821201682090759,0.1826737225055694,-0.3562747240066528,0.211686223745346,0.0805666297674179,0.3654796183109283,0.3229259550571441,0.6227075457572937,0.4204259514808655,0.2006885260343551,-0.3788065314292907,-0.0361131429672241,0.0680233314633369,0.0061718095093965,-0.2934602200984955,0.0381616130471229,-0.699855387210846,-0.3737648725509643,-0.2717403471469879,0.5420739054679871,-0.198461040854454,0.2194374054670334,0.4790965914726257,-0.2034834325313568,-0.0642513632774353,0.2128674387931823,0.3906774520874023,-0.3277942240238189,-0.1685505807399749,0.5945935249328613,0.1773629933595657,0.0763745903968811,0.5214588046073914,-0.4542233943939209,0.2043546885251999,-0.1271895170211792,0.0358935743570327,0.6773524284362793,0.00500895595178,0.3620086908340454,0.519858717918396,0.0754419043660163,0.7712356448173523,-0.8363032937049866,-0.0285395178943872,-0.0694998428225517,0.2663995921611786,0.0498742461204528,-0.4347313642501831,0.0865727961063385,0.3080612123012543,-0.2451309412717819,0.0233193971216678,0.6832821369171143,-0.1553211957216262,0.1308640241622924,0.2323853522539138,0.7078955173492432,-0.2662933468818664,0
-0.0299661550670862,0.2355797737836837,0.216267853975296,-0.4623011648654938,0.1465029567480087,0.1590572595596313,0.4888431429862976,0.0343817882239818,0.2314295917749405,-0.4759552180767059,0.9655014276504515,0.1445874869823455,-0.3044161796569824,0.2189700305461883,0.576633870601654,-0.0743149146437645,0.1229664981365203,-0.2058374583721161,0.3064872324466705,-0.6469168663024902,-0.4757871031761169,-0.4265144169330597,-0.3738117814064026,0.030898455530405,0.0109216663986444,-0.2931042015552521,-0.3614349067211151,-0.0565030053257942,0.0321628078818321,-0.3505898118019104,-0.199837788939476,-0.4792525172233581,-0.0199252478778362,0.0612472258508205,-0.1204092502593994,0.6159122586250305,0.1486607640981674,-0.0746806189417839,-0.2119930386543274,-0.2977423369884491,0.1133873462677002,-0.1358265876770019,-0.6363552808761597,-0.4453445672988891,-0.0216307081282138,0.6858723163604736,0.2617878913879394,0.103010170161724,0.2791837751865387,0.0458381362259388,-0.3350329399108886,0.0532670803368091,0.1205242276191711,-0.1077892631292343,-0.140848159790039,0.2162220776081085,0.2499522119760513,-0.2180299013853073,0.1128206253051757,0.0573501959443092,-0.0749453455209732,-0.190446987748146,0.1855106949806213,-0.2764393389225006,-0.1089432686567306,-0.289292573928833,-0.0018514724215492,-0.1425076127052307,0.0378167368471622,-0.5242213010787964,0.1774463355541229,0.0551392175257205,0.1343036741018295,-0.2229597717523574,0.5375440120697021,-0.6022578477859497,0.1935707926750183,-0.0520524643361568,0.509709894657135,-0.1051743850111961,-0.0881144702434539,0.3530352711677551,-0.1232519596815109,-1.0264198780059814,0.2464129030704498,0.0685964822769165,-0.4199430048465729,-0.6873281002044678,0.4393539726734161,-0.2583076059818268,0.1436595320701599,-0.1167098507285118,0.1215236559510231,0.2037247866392135,-0.1739794462919235,-0.3899840414524078,0.1050542965531349,-0.4063800871372223,-0.0228427778929471,0.0906861573457717,-0.1991038173437118,-0.1664947420358657,0.2539658844470978,-0.08316221088171,-0.2956099510192871,0.0766281485557556,-0.1890882402658462,0.2165932804346084,-0.010529525578022,0.1928633153438568,-0.2466240525245666,-0.7365819215774536,-0.6684548854827881,0.1535235941410064,0.1628547310829162,0.0169706754386425,-0.4629513621330261,0.3333367109298706,-0.292251855134964,0.3582746684551239,0.3380059599876404,0.4424749612808227,-0.2912670373916626,-0.3035025596618652,-0.3535375595092773,0.3237355351448059,0.2829291224479675,-0.0915389433503151,-0.1753126233816146,-0.467682272195816,0.1643853634595871,0.1346490383148193,-0.4423128366470337,0.0967956036329269,-0.139187291264534,0.6486086249351501,-0.0397078618407249,-0.1598468124866485,-0.2538869678974151,-0.638386070728302,0.0789156705141067,-0.0854528099298477,0.2547546029090881,0.0989833548665046,-0.3243342041969299,0.1430806070566177,-0.2329152375459671,-0.3564623296260834,0.1027843877673149,0.2768904864788055,-0.3188938796520233,0.8764433860778809,-0.2851174473762512,0.0630542263388633,0.5699432492256165,0.3915766179561615,-0.3984412252902984,0.2929694354534149,0.2510489225387573,0.3469375669956207,0.4383452832698822,-0.2636390924453735,0.1758026182651519,0.6372343897819519,0.0620617568492889,0.48999685049057,0.2634426057338714,0.1884945780038833,0.1005852743983268,0.5908862948417664,0.5550056099891663,0.733949601650238,0.3010013103485107,-0.3433351516723633,0.0500806532800197,0.2688963413238525,0.4469868540763855,0.2316191047430038,0.3136959075927734,-0.5935907363891602,-0.0061111184768378,-0.2248520404100418,0.0215833894908428,-0.0638685598969459,0.2728357315063476,-0.3050146400928497,-0.1886419057846069,0.0410682037472724,-0.1337005794048309,-0.1175947338342666,0.1645332723855972,-0.3792347908020019,-0.0136827323585748,-0.4534050524234772,-0.1512115150690078,-0.7354983687400818,0.2089379280805587,-0.201926901936531,-0.195111408829689,0.6643656492233276,-0.0806749388575553,0.1936513036489486,-0.1682331562042236,-0.5786277055740356,-0.8636887669563293,-0.5785698294639587,-0.1077366322278976,0.7041559219360352,0.5881813168525696,-0.074565976858139,0.1790602207183838,0.5251115560531616,0.2506594061851501,0.4124622941017151,0.1574108302593231,0.3484959602355957,-0.3538091480731964,-0.4027343988418579,0.5561660528182983,-0.0032326912041753,-0.050000574439764,-0.0567764267325401,0.539637565612793,0.2047712653875351,-0.2075197547674179,0.501338005065918,0.2387416064739227,0.1707339286804199,0.0699376761913299,0.7663633823394775,0.0118161113932728,-0.5861421823501587,-0.8611670136451721,-0.1384404450654983,-0.6185033917427063,0.2196169197559356,-0.4590725898742676,0.619849443435669,-0.004469471052289,0.2171162962913513,0.3878980875015259,-0.2124979943037033,0.1408550590276718,-0.7155495882034302,-0.268750786781311,-0.0620127320289611,0.0147290946915745,-0.0814034938812255,-0.1755184531211853,0.2299305945634842,-0.6103234887123108,-0.6310575008392334,0.1718595325946808,-0.4531665742397308,0.7357653379440308,0.2593086063861847,0.1987525820732116,-0.1235239952802658,0.3813154399394989,0.0503578297793865,-0.1351619958877563,-0.76896733045578,0.3926174342632293,-0.0643246844410896,-0.420342355966568,-0.0233181565999984,-0.0891819521784782,-0.5954908728599548,-0.4393798112869262,-0.3947541415691376,-0.1844253838062286,-0.3759275674819946,-0.5307303667068481,0.209036111831665,-0.1575206518173217,0.0715329423546791,-0.1290616989135742,0.4829116761684418,-0.435601532459259,0.2915761172771454,-0.7298199534416199,0.3351056575775146,-0.6409491896629333,-0.0948633402585983,-0.0631974413990974,-0.3413468897342682,-0.4442508518695831,-0.3955142498016357,-0.138266921043396,0.5761252641677856,0.2624053657054901,-0.1727059036493301,-0.5694354176521301,0.1490887403488159,-0.2580437660217285,0.1368192285299301,0.4621648490428924,0.1363303512334823,-0.0016341850860044,0.3118806183338165,0.4157231152057647,-0.1283486783504486,0.0241879075765609,-0.1079807430505752,-0.0169175192713737,-0.8130832314491272,-0.0653277188539505,-0.174520656466484,0.3462107479572296,-0.3703004121780395,-0.186801478266716,0.6856415867805481,-0.4231734573841095,0.5928168892860413,0.1722813844680786,0.2522653937339782,-1.4458192586898804,0.3850231170654297,0.1902194321155548,0.2978443503379822,0.0877886041998863,0.145401656627655,0.1110279932618141,-0.0574938990175724,-0.6784340143203735,-0.7602683305740356,0.7410281896591187,0.4468783140182495,-0.2336687594652176,0.2003991454839706,0.4540141224861145,-0.1062330156564712,0.2083266228437423,-0.2769695520401001,-0.3360543847084045,0.3228040635585785,0.4577924609184265,-0.0467718914151191,0.0027676047757267,-0.4149630069732666,-0.6250078082084656,0.5216419696807861,0.1651156842708587,-0.0309191048145294,-0.805808424949646,-0.0320819281041622,0.5924155712127686,0.8439977765083313,0.392516553401947,0.6698557138442993,0.2775563299655914,-0.3474680781364441,0.5768970847129822,0.5228627920150757,0.4868215918540954,0.03578532487154,0.1690186113119125,-0.3014212846755981,0.4699837863445282,0.2595841586589813,-0.1956651657819748,-0.0530209802091121,0.3263609707355499,0.386536180973053,-0.4391086101531982,-0.0086375335231423,0.6735122799873352,-0.0543981790542602,0.3627974390983581,0.5088064670562744,0.8520067930221558,0.0919913947582244,-0.1247157827019691,-0.4458746612071991,0.0389481149613857,-0.4721504747867584,-0.0464070290327072,0.249437928199768,0.643545925617218,0.1800780594348907,-0.3934841752052307,-0.4670685529708862,-0.3885264992713928,-0.4552167654037475,0.2360793203115463,-0.3041359484195709,-0.5053081512451172,0.1081565469503402,-0.348840981721878,-0.2525558173656463,0.0502934604883194,0.2953578531742096,0.4809640049934387,-0.4886140525341034,-0.2775174379348755,0.1847987622022628,-0.1730887740850448,-0.0953997746109962,0.1686501502990722,0.0675341263413429,-0.2792035639286041,-0.0033767158165574,-0.3075100779533386,-0.4163493812084198,-0.1236598715186119,-0.1286482959985733,-0.7282843589782715,0.3613770008087158,-0.0337164178490638,0.3184811174869537,-0.1117653399705886,0.212363600730896,-0.0579021796584129,-0.0061240564100444,-0.6834000945091248,0.2511175572872162,-0.5140464901924133,0.5098023414611816,0.2025010138750076,0.3701967298984527,0.0270219277590513,0.229741096496582,-0.0173004437237977,0.2236130237579345,-0.5740880370140076,0.1039561480283737,-0.3941324353218078,-0.1114313974976539,0.5262124538421631,-0.6533365249633789,0.3769093751907348,0.1186664551496505,-0.5494594573974609,0.7205423712730408,-0.3262954652309418,0.0280928704887628,-0.1272196620702743,0.3666795194149017,-0.4741651117801666,0.1335203051567077,0.5624035000801086,0.8154804110527039,-0.3181961178779602,0.4573160111904144,0.200192391872406,-0.1783058047294616,0.5119811296463013,-0.3314288854598999,0.0466658994555473,0.0006661119987256,0.090524286031723,0.4370368123054504,0.1267444938421249,0.4231581687927246,0.2319242507219314,-0.0515421032905578,0.2109686881303787,0.1311448812484741,0.0346457287669181,0.2261936366558075,-0.4267447888851166,-0.0513709113001823,-0.0142823681235313,-0.1931653022766113,0.101279892027378,-0.0532419122755527,0.6217305064201355,0.2308204621076584,0.3738999664783478,-0.3550546169281006,-0.5417635440826416,-0.3832451999187469,-0.9607998132705688,0.1315565109252929,-0.0790663212537765,-0.0163276195526123,0.6908462643623352,0.0588578544557094,-0.7221126556396484,0.2358367294073104,0.0272128488868474,0.2919761836528778,0.4030832052230835,-0.2154425978660583,0.0709559470415115,0.3989721238613128,-0.1261267066001892,0.1628637611865997,0.0112107601016759,-0.0319076515734195,-0.1294136494398117,-0.7251904010772705,-0.0746306777000427,0.0096906684339046,-0.1382598876953125,0.0486339218914508,-0.048696331679821,0.5179319381713867,-0.3248773217201233,-0.4770655930042267,-0.2669460475444793,-0.0978841260075569,-0.1597490012645721,-0.5272042155265808,-0.0882906317710876,-0.2667059898376465,-0.0370777919888496,0.5537228584289551,0.1262123137712478,-0.1799259036779403,0.3518047928810119,0.8112396001815796,0.3290017247200012,-0.2761339545249939,-0.1773284524679184,0.0283513944596052,-0.0239449124783277,0.0181579496711492,0.3367016911506653,0.1055769845843315,-0.0592071339488029,-0.0249660667032003,-0.641791820526123,-0.3773595988750458,-0.0498495139181613,-1.006864070892334,0.7867650985717773,0.1421998292207718,0.3271629512310028,-0.591947615146637,-0.4256160855293274,-0.0556285195052623,-0.0950140357017517,0.0657174363732338,0.3921764194965362,0.2685150504112243,-0.4433587193489074,-0.1544989049434662,-0.6509629487991333,-0.7227164506912231,0.2660917639732361,0.5065808892250061,-0.4473633766174316,0.0718003883957862,0.3014001250267029,0.0906874164938926,-0.0854358300566673,-0.1149730756878852,-0.2023268938064575,-0.3828028440475464,0.3161835670471191,0.3471236228942871,0.2675949037075043,0.391975075006485,0.011751047335565,0.3493061065673828,0.4068383276462555,0.6521065831184387,0.6776092648506165,0.2067282646894455,-0.295980304479599,-0.0338719859719276,-0.3017910420894623,0.2979480922222137,0.3519406914710998,-0.0679865255951881,-0.816438615322113,0.1296375095844268,0.359595239162445,-0.4224462807178497,0.3534362316131592,0.415180891752243,0.4235478043556213,0.595414936542511,-0.382038801908493,-0.0782274976372718,-0.7612597346305847,0.175590232014656,0.1187469810247421,0.0028290546033531,-0.3044798672199249,0.0316141918301582,0.091457150876522,-0.4568507373332977,-0.2213291525840759,0.2107302099466323,0.2459942996501922,0.1576231718063354,0.3493745923042297,-0.4129485785961151,0.5970923900604248,0.4303675591945648,-0.268079549074173,-0.2922296822071075,-0.1487938165664672,0.2311183363199234,0.4304578602313995,0.1590847969055175,0.357093870639801,-0.3773427903652191,-0.8445432782173157,-0.0218009445816278,-0.0130999134853482,0.265737384557724,0.7062705755233765,-0.81659996509552,-0.0497601069509983,0.5133703947067261,0.8080490827560425,-0.0522131584584713,-0.2979108095169067,-0.5252598524093628,-0.1884275376796722,-0.1352876871824264,-0.3311863839626312,0.3624251782894134,0.0446477718651294,0.5876405239105225,-0.0318144932389259,-0.116054967045784,-0.1953674256801605,0.8123372793197632,0.4073009192943573,0.0067221829667687,0.2081695050001144,0.0349424257874488,-0.4434836208820343,-0.0718753933906555,0.2721533179283142,-0.3703674674034118,-0.1548699587583542,0.1745146065950393,-0.3938381969928741,-0.1147098317742347,-0.1866552680730819,-0.0502172261476516,0.3511002361774444,-0.1540873050689697,-0.4240161776542663,-0.3418281078338623,-0.053463727235794,0.3640183210372925,-0.8195244669914246,-0.1772152483463287,-0.2284370958805084,0.1855793297290802,0.042220301926136,-0.1656990796327591,-0.4804145395755768,-0.5628264546394348,-0.4529979526996612,0.1406483501195907,0.1401218175888061,-0.481932133436203,0.4718159139156341,0.1960797160863876,-0.1483888775110244,-1.191425085067749,0.4968118071556091,0.1027939319610595,0.7110983729362488,-0.2558439373970032,0.3216203451156616,-0.0103126298636198,0.1246227771043777,-0.1625712811946869,-0.4507423043251037,0.666210949420929,-10.44359302520752,-0.3572226464748382,-0.5081060528755188,-0.1702241748571396,-0.3904321789741516,0.4770566523075104,0.1895525455474853,0.4223089218139648,-0.0044883918017148,-0.0646698474884033,0.0686290264129638,0.1073669865727424,0.1401628106832504,0.1497767865657806,-0.220811665058136,-0.0743995681405067,-0.373730331659317,-0.2494992762804031,-0.6559740900993347,-0.0684830918908119,0.1967051476240158,-0.3565899133682251,0.2966203391551971,0.3354876935482025,0.1996874958276748,0.070408284664154,0.3587600886821747,0.0580973513424396,-0.3103875517845154,0.5274375081062317,-0.0937580168247222,0.2019408792257309,-0.1024221777915954,0.2935628890991211,-0.5404207110404968,0.0252985451370477,0.0993592366576194,-0.016658442094922,-0.2296444326639175,0.5848070383071899,0.2089521139860153,0.4409377872943878,0.0392607785761356,-0.2712676525115967,0.3376539051532745,0.3442116677761078,0.2341883927583694,-0.0845958963036537,0.4305688440799713,0.0724609494209289,0.0871606618165969,-0.199142187833786,-0.1008294522762298,0.0345502868294715,0.1310538351535797,-0.035108808428049,0.3422837257385254,-0.8668643832206726,-0.1784586757421493,-0.097401238977909,0.231044664978981,0.0835519805550575,1.2275302410125732,0.3874486982822418,0.0501337796449661,0.2668848633766174,0.2135286778211593,0.0218898374587297,-0.4018953144550323,-0.30861297249794,0.4914284646511078,0.2120136320590973,-0.2327475100755691,0.1834315359592437,-0.0817566886544227,0.5747364163398743,0.3350679576396942,0.1577409952878952,0.2364269644021988,0.0189588703215122,0.5004974007606506,0.1825479567050933,0.0591266863048076,0.2704173028469085,-0.7462111711502075,0.0026831240393221,0.3723088800907135,0.1898520141839981,0.480819433927536,-0.5403976440429688,0.6073251366615295,-0.3687469661235809,-0.2229479849338531,0.4329991936683655,0.3822138607501983,0.0522193759679794,0.0458044558763504,0.1620650291442871,0.4006999433040619,-0.0565884411334991,0
0.4871029257774353,0.3112438321113586,0.6418967247009277,-0.2556582987308502,-0.2658005058765411,0.4899188876152038,0.4236130118370056,-0.1525091677904129,-0.7580079436302185,0.052619319409132,0.8789860010147095,0.0158182885497808,-0.6489512920379639,0.0048701292835175,0.1287331283092498,-0.0917625278234481,0.1066539287567138,-0.2342146933078766,-0.0232696756720542,-0.0129869543015956,-0.5899919271469116,-0.212751880288124,-0.2258172929286956,0.6775805354118347,0.0299185868352651,-0.1018071621656417,-0.2578838169574737,0.5048170685768127,0.1958919912576675,0.0571742504835128,0.1502678394317627,-0.0304121486842632,-0.1197897568345069,-0.1161973476409912,-0.4109673202037811,0.2948071956634521,-0.0572437159717083,0.05080571398139,0.3518440723419189,0.1749065667390823,-0.0335266627371311,-0.2326549142599105,-0.539196789264679,-0.1533224135637283,-0.1208617314696312,0.2532053589820862,-0.3155933320522308,0.1978977024555206,0.0416663512587547,0.3158732950687408,-0.4199742972850799,0.2476316392421722,0.5251737236976624,0.2763620615005493,0.0860089436173439,-0.1845084130764007,0.8094395995140076,-0.750835657119751,-0.0073943524621427,0.6532958149909973,-1.1295076608657837,0.2262719869613647,-0.2964073419570923,-0.045218925923109,-0.0816813260316848,-0.1675745993852615,-0.0904666557908058,-0.1344543546438217,0.622959554195404,-0.6758260130882263,0.1665610820055008,-0.3049917817115783,-0.4265114963054657,-0.4626910984516144,0.1613782197237014,-0.4636359214782715,0.0219851434230804,0.547964334487915,0.9302532076835632,0.3348749876022339,-0.5613253116607666,0.3776678740978241,-0.0695181712508201,-0.7276908755302429,-0.4357565343379974,-0.0048336805775761,-0.9616498947143556,-0.6335716843605042,0.6302002668380737,-0.2444955855607986,-0.3732101023197174,-0.7225612998008728,0.2581343352794647,0.1187081038951873,0.7053924202919006,-0.0253477916121482,-0.2438835054636001,0.027056761085987,-0.0336368195712566,0.2745828628540039,-0.7686008810997009,0.3541084825992584,0.7190836071968079,-0.0718512162566185,-0.2065120786428451,-0.0018187621608376,-0.1872269362211227,0.397638738155365,0.4309074580669403,0.5468270778656006,0.2219927012920379,-0.8018908500671387,-0.9759647250175476,-0.4734072685241699,0.2083161324262619,-0.0377684906125068,-0.1185806989669799,0.2885502278804779,-0.1798402369022369,0.6878290772438049,0.1897077858448028,0.6301215887069702,-0.2091690599918365,-0.722944438457489,-0.3673590719699859,0.4424038529396057,0.3752502202987671,-0.1676991283893585,-0.4459718763828277,-0.4431300461292267,-0.7770759463310242,-0.0673386603593826,-0.3171449303627014,-0.4294436872005462,-0.5217902660369873,0.8094475269317627,-0.2512924969196319,0.1075090393424034,-0.4025917053222656,-0.4018430411815643,-0.466763973236084,0.2779311835765838,0.0454577282071113,-0.654930830001831,-0.044775117188692,0.0182618666440248,-0.1461863368749618,-0.3534509539604187,0.3655516505241394,0.4585763216018677,0.038303080946207,1.1507761478424072,-0.7051618695259094,0.5010988116264343,0.1114377006888389,-0.1240318939089775,-0.637571394443512,-0.1164587289094924,0.103160485625267,0.0029246993362903,0.27631476521492,0.0490697436034679,0.3067949712276459,1.1473218202590942,0.2200698107481002,0.1146855354309082,-0.054234005510807,0.0093141850084066,0.2357895672321319,0.7931244969367981,0.9288544058799744,0.2657651007175445,0.7831446528434753,-0.5178368091583252,0.1429086625576019,0.3797582685947418,0.5708256363868713,0.0189598482102155,-0.2144011408090591,-0.2801067531108856,-0.052637368440628,-0.3254095315933227,0.2340656816959381,-0.5054588317871094,0.6047118902206421,0.2007045149803161,0.4485276341438293,-0.1534082591533661,-0.1056542620062828,-0.0211676489561796,0.0489759519696235,-0.536264181137085,0.2355049401521682,-0.5773724913597107,-0.3042028844356537,-0.2597787976264953,0.4161090850830078,0.4371704757213592,-0.1982328742742538,0.2009575814008712,0.11663219332695,-0.2995975613594055,-0.015353363007307,-0.852346658706665,-0.2523526549339294,-0.2512937188148498,0.0604821182787418,0.4706586599349975,0.1505519896745681,0.0846910700201988,-0.1784964650869369,-0.3232850730419159,-0.0210635960102081,-0.1855963766574859,0.6927430033683777,-0.6860296130180359,-0.752128541469574,-0.6004267334938049,-0.1781690865755081,0.176661878824234,0.5300585627555847,-0.294614315032959,0.0418475419282913,-0.3430668413639068,0.3032206296920776,0.3980767428874969,0.5035474300384521,-0.1453271657228469,-0.6162866353988647,0.1141750663518905,-0.4648641645908355,-0.6513643860816956,-0.5748369693756104,0.1390192955732345,-0.6865306496620178,-0.7188555002212524,-0.0162003524601459,0.2561909258365631,-0.1578685045242309,-0.0249113645404577,0.558117687702179,-0.4452366828918457,0.5371310710906982,-0.4229345023632049,-0.5338836908340454,0.3808674216270447,-0.4377933442592621,-0.0793895795941352,0.1639578640460968,-0.1228517219424247,-0.7344483137130737,-0.1510647386312484,0.0286140590906143,-0.0342519618570804,0.9116819500923156,0.6522166728973389,0.904354214668274,-0.3602615892887115,0.2949974238872528,-0.7336243987083435,-0.237593725323677,-0.5255631804466248,-0.2727871239185333,-0.0693399533629417,0.1877327859401703,-0.1907364726066589,-0.4590455889701843,-1.075838327407837,-1.0332036018371582,-0.4220397174358368,0.0344428680837154,-0.0979672968387603,-0.153228685259819,-0.2957656383514404,0.1623664200305938,0.5445863604545593,-0.5729798674583435,0.6523600816726685,-0.3408239483833313,0.9851572513580322,-0.481229156255722,0.4011480510234833,-0.7459119558334351,-0.2729512453079223,-0.0208285823464393,0.5046341419219971,-0.7048631310462952,-0.5099693536758423,-0.4516530632972717,0.5084946155548096,0.7076864242553711,-0.7811751365661621,0.0191884879022836,0.0766404271125793,-0.6479899883270264,0.3435512781143188,0.2791961431503296,-0.1827924847602844,0.1731383949518203,-0.0243612807244062,0.4026594758033752,-0.416874498128891,0.4068607985973358,-0.0795387327671051,0.0487347170710563,-0.3546027541160583,0.0398236811161041,0.3165858387947082,0.3399744033813476,-0.307458758354187,0.6749665141105652,0.4790500402450561,-0.4889535009860992,-0.0736426562070846,0.6046435236930847,0.4842948019504547,-1.687179446220398,0.1725722998380661,0.48698890209198,0.076337456703186,-0.4583398401737213,0.384485512971878,0.5825582146644592,0.5674645900726318,0.1395272761583328,-0.892349123954773,1.3817840814590454,0.1117706894874572,-0.5031810998916626,0.1963310539722442,0.2763651907444,-0.1240781471133232,0.0228829495608806,-0.6274163126945496,0.0666640177369117,0.5147969126701355,-0.1712956130504608,-0.0622882097959518,0.101601094007492,-0.3973147273063659,-0.0347880385816097,0.6591439843177795,-0.7945539951324463,-0.3309025764465332,-0.6230839490890503,-0.147895947098732,0.3651831746101379,1.676709771156311,0.1523522585630417,0.5257534980773926,-0.7202920317649841,-0.23840993642807,-0.4747266769409179,-0.0877086222171783,0.0577413626015186,-0.495049238204956,0.0359099134802818,-0.4449571967124939,0.2496489584445953,0.2661591172218323,0.1785660535097122,-0.12789286673069,0.2914387881755829,0.2759785652160644,-0.0963191762566566,-0.0027752553578466,0.6358041167259216,-0.079516053199768,0.3349685668945312,0.1781617254018783,0.7129798531532288,0.8594394326210022,0.129124030470848,-0.1741911768913269,0.2292324006557464,-0.9371184706687928,0.4224268198013305,0.5195561647415161,-0.388682097196579,0.4205546677112579,0.080777458846569,-0.0475782640278339,-0.0432050041854381,-0.5159657597541809,0.4319249391555786,-0.5302548408508301,-0.6946197748184204,-0.2556244134902954,0.3964457213878631,-0.0218339581042528,0.7941288948059082,0.6027892231941223,0.5558668375015259,-0.5528475046157837,-0.4494167864322662,0.4720392525196075,-0.0278069116175174,0.6454340219497681,-0.3102744221687317,0.4741364419460296,-0.1930988579988479,-0.0816230103373527,-0.3306300044059753,-1.1016929149627686,-1.1328061819076538,-0.3527359664440155,-0.8437162041664124,0.0883318409323692,0.0166179332882165,0.5260935425758362,-0.3568281829357147,0.3089243471622467,0.4339423179626465,0.0885413289070129,-0.1924438327550888,-0.8673501014709473,0.0152217717841267,0.0992809236049652,0.1531584709882736,0.1446982324123382,0.3812558352947235,0.4379046559333801,-0.2328591793775558,-0.5454654097557068,0.3187895715236664,0.2324008196592331,-0.2125420719385147,-0.7398461103439331,0.2901666462421417,-0.1754992604255676,-0.2768450379371643,-0.0700312927365303,0.2613284289836883,1.2252193689346311,-0.0009075250709429,-0.6644392013549805,-0.0606603696942329,0.2543105483055115,-0.1092960909008979,1.0831310749053955,0.547250509262085,0.4560775756835937,-0.2520927488803863,0.0764947459101677,-0.258932501077652,-0.1018154695630073,0.045557901263237,-0.1341677755117416,0.6166885495185852,0.1234696507453918,0.3937031030654907,1.0730894804000854,-0.0708035752177238,0.4182968139648437,0.1894800961017608,0.5416486859321594,-0.5783624053001404,0.4311995208263397,-0.6220143437385559,-0.3889636695384979,-0.4045604765415191,0.273272305727005,-0.6448376774787903,-0.4883438646793365,0.0748318880796432,-0.0559296607971191,0.3655585944652557,0.0947508066892623,0.3347433507442474,-0.4867055118083954,-0.7516680955886841,-0.6947751045227051,-0.8651110529899597,-0.1331499963998794,-0.7601132988929749,-0.0770404860377311,1.1819701194763184,0.1875740587711334,-0.6374523043632507,-0.2221080660820007,-0.2064822614192962,0.4502861499786377,0.0212032590061426,-0.0214349161833524,-0.4263295829296112,0.4196648895740509,-0.5261693000793457,-0.061623927205801,0.219854399561882,0.0290658865123987,-0.4521681368350982,-0.7936022877693176,-0.7372019290924072,0.0023609229829162,0.2143869698047638,-0.5866208672523499,0.4461150467395782,0.2373750954866409,-0.4823496043682098,0.2236660420894622,0.1765279769897461,-0.4172260761260986,-0.1361928582191467,-0.5139825344085693,-0.1692083179950714,-0.2422839701175689,0.0809249952435493,0.0438421554863452,0.5074209570884705,-0.4115377962589264,-0.2900601923465729,0.9956235885620116,0.0885742232203483,0.0695859119296073,0.5985785722732544,0.030906518921256,-0.5308222770690918,-0.0320099927484989,0.552023708820343,0.5252487063407898,0.5485820770263672,0.18540720641613,-0.7003619074821472,-0.5911814570426941,-0.0854389667510986,-0.7716334462165833,0.6794939637184143,0.1723127216100692,0.822359025478363,-0.8295876383781433,0.2449977248907089,-0.0635278820991516,0.4558557868003845,-0.147618755698204,0.5592444539070129,0.3894344270229339,-1.012048602104187,-0.7715059518814087,-0.3534023463726043,-0.4530357122421264,0.5879379510879517,0.5101774334907532,-0.6036399006843567,0.1739322692155838,0.7949813604354858,0.3542305529117584,-0.6280215978622437,-0.0455308780074119,-0.4542135298252105,0.0779537260532379,0.8994118571281433,0.025979246944189,0.364872545003891,0.6617834568023682,-0.8723545670509338,0.4205503463745117,0.0646677836775779,0.7142137885093689,0.1112603694200515,-0.01350640039891,-0.3336399495601654,0.1852497458457946,-0.9368104338645936,-0.4135599732398987,0.2353415787220001,0.0102262273430824,-0.4041323959827423,0.5863099098205566,0.687199056148529,-0.4467338919639587,-0.171096384525299,1.1963224411010742,0.6934413909912109,1.1727560758590698,0.0693421214818954,0.2632206082344055,-0.6312238574028015,0.5046777725219727,0.0999296307563781,0.1138162463903427,-0.4361141920089721,-0.0496457181870937,-0.0317858234047889,-0.5102942585945129,0.284287542104721,0.3047030568122864,-0.004713037982583,0.1997137814760208,-0.2329429686069488,-0.0444165877997875,1.1387462615966797,0.1279442459344864,0.0908200591802597,-0.1361284703016281,-0.083695076406002,0.7815958857536316,0.387852668762207,0.1136531084775924,0.2873326241970062,0.0116083063185215,-0.5783442258834839,0.1750727593898773,-0.3806222975254059,0.4018998146057129,0.5458876490592957,-0.6939646601676941,-0.8114388585090637,0.598314642906189,0.5786677598953247,0.2320148348808288,-0.0150028467178344,-0.6393182277679443,-0.1019391268491745,-0.0547196604311466,0.20533187687397,-0.0808889269828796,0.2012906223535537,0.2769282460212707,-0.1144013479351997,-0.4044199287891388,0.2067251056432724,0.3964733779430389,-0.0710416734218597,-0.6280693411827087,-0.1215648129582405,-0.1576318144798278,0.3057627081871032,0.1288700848817825,0.3105970919132232,0.0048235789872705,-0.2383773326873779,0.4694837927818298,-0.185609757900238,-0.3795554339885711,-0.2565902173519134,0.8335814476013184,0.2388144731521606,-0.005740042310208,0.2247727811336517,-0.4345863163471222,-0.0482878759503364,0.1456689685583114,-0.7986185550689697,-0.0886615663766861,0.3918721079826355,-0.3647620379924774,-0.286167711019516,0.3897396922111511,-0.6758683323860168,0.2997846305370331,0.1210987418889999,0.5831829905509949,-0.6072447896003723,-0.4771528244018554,0.4599668383598327,-0.0151549009606242,-0.2357513904571533,-1.4835104942321775,0.5753331184387207,0.1726105362176895,0.3982391953468323,0.0732976347208023,0.3291622996330261,0.2275152057409286,-0.297334611415863,0.3334373235702514,-0.3543940782546997,0.2686825692653656,-9.623371124267578,-0.3366906344890594,-0.2500040829181671,-0.3443638682365417,-0.3097512722015381,-0.1928163766860962,1.178856372833252,0.7910993099212646,-0.3517414033412933,0.1092985719442367,-0.5064831972122192,-0.5399105548858643,0.4728935062885284,-0.1594906747341156,0.0034422050230205,0.3760254681110382,-0.8666298389434814,-0.5093941688537598,-0.5065591931343079,0.2625578045845032,-0.1960121095180511,-0.0777080804109573,0.8864417672157288,0.0880405902862548,0.027871211990714,0.2879453897476196,0.4378581345081329,0.146378219127655,-0.0659997090697288,0.7545938491821289,-0.5527205467224121,0.4259957373142242,-0.0724203586578369,0.5263580679893494,-0.3624927699565887,0.1432782262563705,0.1114511638879776,-0.0039803097024559,-0.9822444915771484,0.7614712119102478,0.478391170501709,0.6143478155136108,0.1772196888923645,0.3317575454711914,-0.1949498057365417,-0.4198912978172302,-0.0906330421566963,0.2136856019496917,0.2229172438383102,-0.0746719539165496,0.0072870454750955,-0.5786659717559814,0.4518012106418609,-0.3779958188533783,0.45679771900177,-0.2503117322921753,0.6148054003715515,-0.480902761220932,0.6734774708747864,-0.0168807562440633,-0.0396499373018741,0.4694781899452209,0.6351075172424316,0.2969510555267334,-0.8252557516098022,0.5729717016220093,-0.2366446405649185,-0.1976436823606491,-0.6048322916030884,-0.4438560903072357,0.9195287227630616,-0.0117217293009161,0.3220738172531128,0.0544641278684139,0.4767098724842071,0.3851261436939239,-0.0530833415687084,0.2269264161586761,0.4393853843212127,0.1783817261457443,0.8094233870506287,-0.4462828040122986,-0.0675133988261222,0.1706312596797943,-0.7234871983528137,0.0018726208945736,0.520968496799469,-0.2995092868804931,0.1369046121835708,-0.6005504131317139,1.1353840827941897,0.5056543350219727,-0.8691042065620422,-0.042039431631565,0.3116087317466736,-0.0870124399662017,-0.0416175536811351,0.2896248400211334,0.3131852149963379,-0.1629267632961273,0
0.6195648908615112,0.3489904701709747,1.0567883253097534,-0.4765182733535766,-0.5891979932785034,-0.1809852719306945,0.0059980759397149,0.3481148183345794,-0.8365700244903564,-0.6619139313697815,-0.2249849289655685,-0.709401547908783,-0.0504682175815105,-0.4271685481071472,0.7363948225975037,0.4460712671279907,-0.5139725804328918,0.4701919853687286,0.1286108493804931,-0.3889336884021759,-0.8025297522544861,-0.7192121744155884,-0.5512325763702393,0.1941795796155929,-0.4240441024303436,-0.9229090809822084,-0.5777475237846375,-0.2258715033531189,0.0061606224626302,0.1903616487979889,0.2632638216018677,-0.4594249129295349,-0.3370295763015747,0.3261558711528778,-0.7294156551361084,0.6906647086143494,0.1098550781607627,0.2041232734918594,0.4162230789661407,-0.5478252172470093,-0.3630021214485168,0.5252999663352966,-0.6012375354766846,-0.5337058305740356,-0.1171065792441368,0.041893757879734,-0.1703510880470276,-0.031400877982378,-0.1483786702156067,-0.3944182395935058,-0.7106783986091614,0.7770763635635376,0.3953070640563965,0.1971932351589203,0.425059050321579,0.3488447666168213,1.0091537237167358,0.0231695063412189,0.0251429192721843,-0.2772858142852783,-0.7284931540489197,0.1356604993343353,0.3728354871273041,0.1996486485004425,-0.592863142490387,0.3532702028751373,-0.1977674067020416,0.5270116329193115,0.4377854466438293,-0.1567492187023162,0.5720683932304382,0.3822307288646698,0.2298650741577148,-0.3820671439170837,0.2723013460636139,-1.026605486869812,0.4222369492053985,-0.3067958056926727,0.2783031761646271,0.1548672318458557,-0.239579826593399,-0.1771947145462036,0.1182410269975662,-0.3522379100322723,-0.6739863157272339,-0.3207395672798157,-1.280389428138733,-0.1314788162708282,0.1092400550842285,0.1847828775644302,0.0771256908774375,-0.437089592218399,0.370442658662796,-0.3064039647579193,1.0832984447479248,0.4152913391590118,0.3117563426494598,-0.1497225910425186,0.3455894887447357,0.2241485565900802,-1.3417664766311646,0.5552119016647339,-0.0222490578889846,-0.8507680296897888,-0.5020774602890015,-0.1633059084415435,-0.2702930569648742,0.9135725498199464,0.5686036944389343,0.4233021438121795,0.0308378841727972,-0.2613431215286255,-0.8987371921539307,0.1841257512569427,-0.0797238424420356,0.4295142292976379,-0.5939999222755432,-0.1568807661533355,0.0380602180957794,0.1479811817407608,0.2256724238395691,0.58320552110672,-0.4946492314338684,-0.1372482478618621,0.271740585565567,0.1917717903852462,0.1432688981294632,0.3522486984729767,0.2582482099533081,-0.6036713719367981,0.3547253906726837,-0.6765661239624023,-0.4382753372192383,0.0448752231895923,-0.6328389644622803,0.965863823890686,0.2955978512763977,-0.4536164700984955,0.0455907583236694,0.1167070865631103,-0.4535581469535827,-0.1906919628381729,0.8190338611602783,-0.4693425297737121,-0.1263845413923263,0.4840159714221954,-0.3180535137653351,-0.3546625971794128,0.4179584980010986,0.3845674991607666,-0.1171512454748153,1.1854907274246216,-0.5989495515823364,0.4140498638153076,0.3314343392848968,0.4171215295791626,0.197724312543869,0.2486430704593658,0.3477166593074798,0.0276961978524923,0.411643385887146,0.0632825419306755,0.118790403008461,1.0481526851654053,0.6594823598861694,-0.0155564593151211,0.6942266225814819,-0.1477566659450531,0.1065890714526176,0.9082752466201782,0.5210177898406982,0.6927188038825989,0.2869593799114227,-0.080572210252285,-0.143041580915451,0.5369226336479187,1.0504631996154783,0.4520522058010101,-0.3815566003322601,-1.0843147039413452,0.4242238998413086,0.4428893625736236,0.7727795243263245,-0.11271483451128,0.5963641405105591,-0.5336257219314575,-0.4145865440368652,-0.0930271968245506,0.4222430884838104,0.1927646398544311,-0.4035003781318664,-0.4110448360443115,0.1082634553313255,-0.0029858634807169,0.0524127073585987,0.166703388094902,0.1684794872999191,0.3491660058498382,-0.12071093916893,0.3308565616607666,0.5550510287284851,-0.018241224810481,-0.1458954364061355,-0.93206387758255,-1.468620777130127,-0.5858704447746277,-0.053965974599123,0.1871979236602783,0.1993109285831451,0.6862973570823669,-0.7204278707504272,-0.1594906896352768,0.1600438356399536,-0.4500786960124969,0.8950967788696289,0.483115404844284,-0.3662504553794861,-0.1398576647043228,-0.0772723108530044,-0.0402719527482986,0.1948870122432708,-0.6461538076400757,0.3496512472629547,0.1929983347654342,-0.292580246925354,0.8708901405334473,0.5928434133529663,-0.952753245830536,-0.5800488591194153,0.2994386255741119,-0.7095662951469421,-0.3877021372318268,-0.1414899677038192,-0.1187630221247673,-0.226882517337799,-0.9625067114830016,-0.6216272711753845,0.1769756227731704,-0.3720604479312897,0.6183730959892273,-0.2944242060184479,-0.2436751723289489,0.3913763761520386,0.3015227615833282,0.3717937469482422,0.2275534719228744,-0.1137370243668556,-0.4073820412158966,-0.9319515228271484,-0.1594752222299575,-0.6824278235435486,-0.4467746615409851,-0.298469603061676,0.5496417880058289,0.4088552594184875,-0.3417203724384308,0.3422651588916778,-0.8266787528991699,-0.2169264554977417,-0.944948673248291,0.300152450799942,-0.2175954282283783,0.4510443806648254,0.2433313578367233,-0.5626786351203918,0.1603416502475738,0.3203263878822326,-0.2135343700647354,-0.4064880609512329,-0.1030912548303604,0.1624127775430679,0.153968408703804,0.3976919949054718,-0.4147221446037292,-0.0498390197753906,0.1031231135129928,0.6804152131080627,1.0598911046981812,-0.1469211876392364,-0.6755654811859131,-0.4156228601932525,0.7218894958496094,-0.8200952410697937,-0.5111777186393738,0.0852808803319931,1.0379979610443115,-0.4341500699520111,-0.0093580558896064,-0.0931151360273361,-0.2131607830524444,0.1918867975473404,-0.6069152355194092,0.0588084161281585,0.1086339578032493,-1.049772024154663,-0.0527109093964099,0.4001291394233703,0.2348199486732483,0.3815994262695312,-0.1056061089038848,0.2873418629169464,-0.2647623121738434,0.0589905194938182,0.1709464490413665,-0.1004977151751518,-0.5174713134765625,-0.1428467333316803,0.6444472670555115,0.2665767967700958,-0.8470263481140137,-0.1114944517612457,0.6196324229240417,-1.261491298675537,-0.3067860305309295,0.4951604306697845,0.4625239670276642,-0.806296706199646,0.3060609698295593,0.7664307355880737,0.5978373289108276,-0.3235744833946228,-0.4803456664085388,0.4361900687217712,0.680817723274231,-0.3462209403514862,-0.766511082649231,0.4465742707252502,0.1413706839084625,-0.1029802933335304,-0.540488064289093,-0.4225925207138061,0.2654396593570709,-0.0956962928175926,-0.2448957860469818,-0.4192146956920624,-0.1646664142608642,-0.3066335022449493,-0.1862993538379669,0.2451054602861404,-0.0318525545299053,-0.0467939153313636,0.695682168006897,-0.4298053383827209,0.2943534851074219,-0.7330169677734375,-0.4372770488262176,0.266561895608902,1.275129795074463,0.4799474477767944,0.6537413001060486,-0.7526010274887085,-0.1445199996232986,0.5737951993942261,-0.2828126549720764,0.7841343879699707,-0.7082526087760925,0.3595519959926605,-0.2249900996685028,0.4486998617649078,0.1162942722439765,-0.312129944562912,0.2356796860694885,-0.7608378529548645,-0.673935055732727,0.2672902941703796,-0.0121579803526401,0.5657185316085815,0.1676893681287765,0.0501080378890037,1.1467639207839966,0.0960680320858955,0.2769872546195984,-0.271636962890625,-1.2229118347167969,-0.2898721396923065,-0.818493664264679,-0.0662508532404899,-0.1926941573619842,-0.1408600509166717,0.6379884481430054,-0.5304189920425415,0.1868663430213928,-0.1202046424150466,-0.4112637639045715,0.2442872375249862,-0.3000135421752929,-0.6347482204437256,0.0767916440963745,-0.0052538914605975,-0.5005415678024292,0.9109095931053162,-0.0007811538525857,0.5739177465438843,-0.3620568215847015,-0.639089047908783,0.5519065260887146,-0.296102374792099,0.0041193105280399,-0.0016299751587212,0.1267074197530746,-0.2287810444831848,-0.2666354477405548,-0.1437699347734451,0.0704218074679374,-1.0117563009262085,0.5357574224472046,-0.4320216178894043,0.0675554797053337,-0.0848605036735534,-0.2459176182746887,-0.7839255928993225,-0.2140903323888778,0.0649926662445068,-0.1526171118021011,0.1472381502389907,0.3655463755130768,0.192785158753395,-0.4598661065101623,0.4447408616542816,0.5818700790405273,0.773893415927887,-0.2916417717933655,0.6764229536056519,-0.2633430957794189,0.1170301362872123,0.3807166218757629,-0.636992871761322,-0.5004210472106934,0.4088150560855865,0.2970898449420929,-0.4510889947414398,-0.2047666013240814,-0.3112285435199737,1.1695051193237305,-0.2776446640491485,-0.454189658164978,0.902678370475769,-0.3502555191516876,0.3743431270122528,1.0348628759384155,0.7548885345458984,-0.3306185603141784,0.8137053847312927,0.2189303785562515,0.4164632558822632,0.0481533221900463,-0.4062684178352356,-0.2302813231945037,0.8682974576950073,-0.0690934285521507,0.0666430816054344,0.7246530055999756,0.2387608587741851,0.2063861191272735,0.304114431142807,-0.0526445172727108,0.0919842198491096,0.3205940127372741,-0.1039949804544448,-0.344978004693985,-0.0909045413136482,-0.1859214305877685,-0.3086766302585602,-0.1104165613651275,-0.4009558856487274,0.3755174279212951,1.0586365461349487,-0.69407057762146,0.3782074749469757,-0.9081338047981262,-0.5527552962303162,-0.1388085484504699,-0.1920015960931778,0.0875670760869979,-0.8221295475959778,-0.3547230660915375,0.0455889664590358,0.100279651582241,-0.4144933223724365,0.1088500693440437,0.3550724685192108,-0.2159822881221771,-0.3159510493278503,-0.813616156578064,0.1168316379189491,0.7964914441108704,-0.5838242173194885,-0.3934233486652374,0.060257464647293,0.1438681185245514,0.7519621849060059,-0.8378763198852539,-0.4993960857391357,-0.388970673084259,-0.1639347821474075,-0.7298585176467896,-0.0774035155773162,0.1874646097421646,-0.6804988384246826,0.2744324803352356,0.0274815335869789,-0.2773340940475464,-0.6969039440155029,-0.2621581554412842,-0.1018723174929618,-0.5727987289428711,0.2523036897182464,0.1731978803873062,-0.2328196913003921,0.108727253973484,-0.1145984902977943,0.3019725382328033,0.7329968214035034,-0.3828904032707214,0.8873105049133301,0.0118421558290719,0.352819412946701,-0.810456395149231,0.5460114479064941,-0.7754442095756531,0.2387319207191467,-0.7294042706489563,-0.6843485832214355,-0.7158702611923218,-0.5920957326889038,-0.4448314309120178,0.6941059827804565,1.415650486946106,0.5825144052505493,-0.6701879501342773,0.2146046459674835,-0.1199929490685463,-0.4598611295223236,-0.5141260623931885,0.0787957608699798,0.0287131275981664,-1.562509536743164,-0.1510507017374038,0.1109620109200477,-0.5994253754615784,1.3839061260223389,-0.1814644634723663,-0.5518447160720825,-0.2039219886064529,0.4202861785888672,0.3994800150394439,-0.4896880388259887,0.0579875633120536,0.6398654580116272,0.2553820610046386,0.8101413249969482,-0.274228572845459,0.0906463786959648,0.1436778157949447,0.1233146637678146,0.0946904346346855,0.4151434302330017,0.4983032047748565,0.0801388993859291,0.8776180744171143,-0.6998874545097351,-0.6978878974914551,-0.6231597661972046,0.3570880591869354,0.1529397666454315,0.689155638217926,0.2196631878614425,0.7957811951637268,0.6500939130783081,-0.1513335853815078,0.0573428571224212,0.8899685144424438,-0.0597225539386272,1.2249330282211304,-0.5518271327018738,0.1374015361070633,-0.7722051739692688,-0.0206141173839569,0.9322041273117064,0.7353374361991882,-0.0895386338233947,-0.1536366045475006,-0.030578788369894,-0.5362865924835205,0.6016854047775269,0.3558008670806885,-0.1032327115535736,0.3825442492961883,0.2989633977413177,-0.4406847059726715,1.0371015071868896,-0.0341293402016162,0.2658805251121521,-0.6539269685745239,-0.0679441913962364,0.7289755940437317,0.4150844812393188,0.0939821302890777,0.7793418169021606,-0.2908057868480682,-0.6848353743553162,-0.1627069562673568,0.4638008773326874,-0.5895224809646606,0.6393943428993225,-0.0029510802123695,-0.5359312891960144,0.7100718021392822,0.655490517616272,0.3547017872333526,0.3587740361690521,-0.5897667407989502,0.1178450062870979,-0.1086761206388473,-0.1629100739955902,0.3958805501461029,0.2954218983650207,0.4053311049938202,0.0414086431264877,-0.8010706305503845,0.4483011364936828,1.3589962720870972,-0.0052117416635155,-0.092074379324913,0.3095720112323761,0.0476359650492668,-0.3680016994476318,0.1139998286962509,0.3104340732097626,-0.2435269206762313,0.2289800196886062,-0.2655230164527893,-0.3084410727024078,-0.1917210221290588,-0.1111677139997482,0.836298406124115,0.1016987338662147,-0.1079253777861595,-0.1257338672876358,-0.0497482158243656,-0.7834899425506592,-0.0943723171949386,-1.2535018920898438,-0.8204447031021118,-0.0228514838963747,0.079421080648899,0.1268144994974136,-0.0876045674085617,-1.0506716966629028,-0.3635828495025635,-0.3436509370803833,-0.780060350894928,-0.2888449728488922,0.2456021755933761,0.4450479447841644,-0.0233513191342353,-0.6451221704483032,-0.3198616802692413,0.4667545855045318,0.4408571124076843,0.2822818756103515,0.2906259596347809,-0.4739277958869934,-0.2051218152046203,-0.0680044218897819,0.5647624731063843,-0.0696877837181091,-0.4178608059883117,-9.239850997924805,0.4858905375003814,-0.6960218548774719,-0.0361793711781501,-0.2908546030521393,0.1097744330763816,0.7458534836769104,0.9021535515785216,-0.8397974967956543,0.8337070345878601,-0.4177514016628265,0.3903300762176513,0.6950947642326355,0.6229278445243835,-0.6647345423698425,0.0440518483519554,0.3326362371444702,-0.1166946589946746,0.6179511547088623,-0.1337971836328506,-0.4723475575447082,-0.8308966755867004,0.333613246679306,-0.35804483294487,-0.5387967228889465,0.3511967658996582,0.7182985544204712,0.211320474743843,-0.3411101400852203,0.7431811690330505,-0.708786129951477,0.2283969521522522,-0.0462522357702255,-0.4464648962020874,-0.3448687195777893,0.6354577541351318,0.4750964045524597,0.5005751252174377,-0.6288119554519653,-0.0984638035297393,-0.2708901166915893,0.7006009221076965,0.0804221704602241,0.0824451893568039,-0.1221666112542152,-0.0991153195500373,-0.1915300339460373,-0.0420115441083908,0.9884529113769532,-0.290996104478836,-0.0704822018742561,-0.7775848507881165,0.459912896156311,-0.9610315561294556,-0.3412564992904663,0.0553800277411937,-0.5966173410415649,-0.8167950510978699,-0.3448605835437774,0.1789460480213165,0.4906902015209198,0.3579187393188476,0.6264480352401733,0.1931654512882232,0.0191162060946226,0.154929056763649,0.4830325841903686,0.4936136901378631,-0.3643776178359985,-0.4921980798244476,-0.0711397528648376,0.0291632562875747,-0.4733636081218719,-0.1612384468317031,-0.1430217027664184,0.0011700104223564,-0.6814314723014832,-0.2017345577478408,0.7151430249214172,-0.0283666495233774,1.094463586807251,-0.1716654151678085,0.0287442691624164,-0.3106435239315033,0.1182713881134986,0.03754448518157,0.8500673770904541,0.6016170382499695,-0.007225947920233,-0.7786552309989929,0.437221348285675,0.5968304872512817,0.606789231300354,0.6270705461502075,0.1220488622784614,0.0347596146166324,0.8286532759666443,-0.122065931558609,0.8150589466094971,0.1964781284332275,0
0.6426520347595215,0.6660051345825195,0.942804217338562,-0.18679840862751,0.0640717819333076,0.2839315533638,0.6211351156234741,0.2757948040962219,-0.1989792436361313,-0.0559812001883983,0.4813545048236847,-0.6002284288406372,-0.0908763632178306,0.0448675267398357,0.1142321676015853,0.200839564204216,-0.2032328993082046,-0.5663861632347107,0.4446812272071838,-0.4087347686290741,-1.4101746082305908,-0.5760669708251953,-0.2180594354867935,0.2524529695510864,-0.2016372680664062,-0.8705154061317444,0.1029840856790542,0.2583571970462799,0.1319981664419174,-0.2857928872108459,-0.7685814499855042,-0.2561076581478119,-0.0652304887771606,0.336969643831253,-0.6474854350090027,0.4291892349720001,-0.127364307641983,-0.3156121373176574,0.5164704322814941,-0.2796867191791534,0.2727397978305816,-0.2964046597480774,-0.543674886226654,-0.3145033121109009,-0.3312021195888519,0.2897921800613403,0.23979352414608,0.7034674286842346,0.2798414528369903,-0.0410523228347301,-0.6399682760238647,0.5115601420402527,0.2247222363948822,0.0495021492242813,0.1112110316753387,-0.2342268973588943,0.3000694811344147,-0.554792582988739,0.1844659149646759,0.2078964561223983,-0.2369966655969619,-0.3847667872905731,0.4268119931221008,0.3434869647026062,-0.500798761844635,0.2562586665153503,0.08783520758152,-0.0530320890247821,0.6812499165534973,-0.7532265186309814,0.1567450016736984,-0.0569592118263244,0.3280905485153198,-0.7869004607200623,0.3413793444633484,-0.4540219306945801,-0.1881922483444214,0.0450326316058635,-0.0509765334427356,0.2101041674613952,-0.176859050989151,0.3311991989612579,0.000676377909258,-0.7475380897521973,-0.0975510850548744,0.2598678171634674,-0.6597124338150024,-0.6887467503547668,0.5358282327651978,-0.0997392535209655,-0.338869571685791,-0.0286688338965177,0.4217569828033447,0.4191033840179443,0.1668372601270675,0.2153716385364532,0.1770539581775665,-0.1793078035116195,-0.0285174064338207,0.1642877459526062,-0.1166106387972831,-0.0018498643767088,0.3708456158638,0.0007627321756444,-0.0317122377455234,-0.1134864762425422,-0.1478706747293472,0.2983239591121673,0.152484729886055,-0.0480175092816352,-0.4758064746856689,-0.7000555396080017,-0.8215941190719604,-0.1095119789242744,0.5659880042076111,0.1108528673648834,-0.7460958361625671,0.5052304267883301,-0.1760673522949218,0.1643922179937362,0.2564663290977478,0.3628743290901184,0.4620431065559387,-0.1862814128398895,-0.1396338641643524,0.7318893671035767,0.1774418503046035,-0.1253268420696258,-0.3378122746944427,-0.3843258321285248,-0.5590994954109192,-0.5869570374488831,-0.5215014815330505,-0.1045555397868156,-0.3691637814044952,0.7536391615867615,0.239260196685791,-0.0627017021179199,0.0088384291157126,-0.8262926340103149,-0.434756338596344,-0.2132563591003418,0.2181695848703384,-0.3767088949680328,0.968927800655365,-0.1216416135430336,-0.3627609014511108,-0.1929023265838623,0.2474208027124405,0.1765882968902588,-0.2303345203399658,1.3015459775924685,-0.694240152835846,0.2010643780231475,-0.0707862451672554,0.7882316708564758,-0.9977291822433472,0.033328752964735,0.6303905248641968,0.3823885917663574,0.5420375466346741,-0.0080662695690989,-0.1378842294216156,0.6133394241333008,-0.1169493347406387,0.4848821461200714,0.4256708323955536,0.1105883121490478,0.0540555901825428,0.4440688490867615,0.1352115273475647,0.3367193341255188,0.4598730504512787,-0.1309778839349746,-0.266585499048233,0.3359095752239227,0.913058340549469,-0.0098359677940607,-0.0784975811839103,-0.5408775806427002,-0.0500997714698314,-0.1960722506046295,0.3551141321659088,-0.6422502398490906,0.7583587169647217,-0.5914698243141174,0.0034371800720691,-0.1042694523930549,-0.2114735543727874,0.3068546652793884,-0.2881717383861542,-0.1912962645292282,0.2569840252399444,-0.4157686829566955,-0.1973072290420532,-0.5335329174995422,0.4151321053504944,0.1543217152357101,-0.6778568029403687,0.4896157681941986,-0.1922264844179153,0.3628691434860229,-0.0944575071334838,-0.2844289243221283,-1.0097218751907349,-0.2214357852935791,-0.0366268828511238,0.3810977041721344,0.28083336353302,0.8957417011260986,-0.1090587303042411,0.1846372336149215,0.5015901923179626,0.3303005993366241,0.4591725170612335,0.1608567535877227,0.1861555129289627,-0.6472389101982117,0.2020240873098373,0.3044930696487427,-0.0978814512491226,0.0029049513395875,0.2515974640846252,-0.0477491468191146,0.0403575263917446,0.4642548263072967,0.3923611640930176,-0.2093618214130401,-0.1160633787512779,0.513664722442627,-0.6749119758605957,-0.2355396151542663,-0.6773688793182373,0.527772843837738,-0.9042149782180786,-0.5125899314880371,-0.6228539347648621,-0.1349640637636184,-0.657602846622467,0.693443775177002,-0.0037029555533081,-0.5855324268341064,0.080868124961853,-0.4348710775375366,0.0151845272630453,0.2496978044509887,0.0242742504924535,0.113480120897293,0.0480243228375911,-0.006198932416737,-0.2104654163122177,-0.3126213550567627,-0.2133013755083084,-0.5406571626663208,0.4439706802368164,0.6074369549751282,0.37814462184906,-0.2514744400978088,0.6988315582275391,-0.1060694232583046,-0.0654085651040077,-0.0295333880931139,-0.0385494716465473,0.5478847622871399,-0.0433380492031574,0.2575669586658478,-0.2767385840415954,0.2181377857923507,-0.243509367108345,-0.3984827697277069,0.163850724697113,-0.6217088103294373,-0.1199064403772354,-0.0753853321075439,-0.0410580486059188,0.0581813156604766,-0.4315026700496673,0.5422683358192444,-0.4450663924217224,0.158941239118576,-0.4908386170864105,-0.2737013101577759,-0.2724562585353851,-0.1911322176456451,0.1714380085468292,0.0644828006625175,-0.6154453158378601,0.1277098953723907,-0.553434431552887,0.8842615485191345,0.2813535332679748,-0.6870878338813782,-0.1653003990650177,0.104125015437603,-0.8411583304405212,-0.1825438439846038,0.2779808044433594,0.0929451361298561,0.3002934455871582,-0.1147861629724502,0.3884931802749634,0.4555087387561798,0.1939165145158767,-0.2111738622188568,0.2803592979907989,-0.1577775031328201,0.0133021008223295,0.4297208189964294,0.3318013250827789,-0.2113513350486755,0.2576630413532257,0.4151375889778137,-0.7094404101371765,0.4366007149219513,0.4051854014396667,0.7284513711929321,-1.6145018339157104,-0.1458064913749694,0.8241613507270813,0.1254354119300842,-0.1507520675659179,-0.3960088789463043,0.3255647718906402,0.1602157056331634,-0.6432066559791565,-0.4617758989334106,1.3109999895095823,-0.025567190721631,0.3413919806480407,-0.5739275813102722,0.2249976843595504,0.0734245255589485,0.1336439400911331,-0.1819442212581634,0.2490750402212143,0.6481441855430603,-0.2466101050376892,0.1431105732917785,-0.153888002038002,-0.1371657848358154,-0.8524420857429504,0.1257473975419998,-0.6182382702827454,0.0826436728239059,-0.1008183732628822,-0.1544902771711349,-0.1375914514064788,0.8659090399742126,0.9892224669456482,0.1947268694639206,-0.4376014173030853,-0.3059788942337036,-0.1768375635147094,0.1143209263682365,0.133497267961502,-0.3126185834407806,-0.3299992382526397,-0.1206975802779197,0.2281925827264785,-0.3083435893058777,0.0199331920593976,0.115717664361,0.2888150513172149,0.0432791672646999,-0.9255109429359436,0.6149265766143799,0.7220710515975952,0.3305047750473022,0.2729948163032532,0.1823691725730896,0.8521382212638855,0.3581126928329468,-0.0116898901760578,-0.5100683569908142,-0.1196730434894561,-0.2779693901538849,-0.0060558449476957,0.2468134462833404,-0.20700304210186,0.4246263802051544,-0.090039812028408,-0.0211475063115358,-0.2663857042789459,-0.3705236315727234,-0.0302024260163307,-0.4443099498748779,-0.3158044219017029,0.1257535964250564,-0.0990606471896171,-0.4284662008285522,0.9532216191291808,0.117793895304203,0.4538754224777221,-0.4957858026027679,-0.6226969361305237,0.489185631275177,-0.1473198980093002,0.2140772938728332,-0.0111267995089292,0.3561928868293762,0.053755983710289,0.1100406199693679,-0.1755476891994476,-0.2157301008701324,-0.7370737195014954,-0.2204067260026931,-0.9304611682891846,0.2526216208934784,-0.2597274482250213,0.8352941870689392,0.2952531278133392,0.2149586379528045,0.0209921244531869,0.6614336371421814,-0.4852564036846161,-0.0744636356830596,-0.3107213079929352,0.2349155843257904,0.2684631943702698,0.4444998204708099,0.6983334422111511,0.4613574743270874,0.5623812675476074,-0.1483044028282165,0.0340122282505035,-0.1466279178857803,-0.7341625094413757,-0.4135213196277618,1.1673758029937744,-0.9907960295677184,0.340578556060791,-0.2673256695270538,-0.0731074213981628,0.6064730286598206,-0.6895943284034729,-0.6519672274589539,0.4557974934577942,0.2362308949232101,0.0790594369173049,0.8544886112213135,-0.0330531634390354,0.5257061719894409,0.3965963423252105,0.1859417110681533,-0.3956154882907867,-0.2023040950298309,0.1788156032562255,-0.0964307114481926,0.2129700630903244,-0.2412988543510437,0.3625639379024505,0.7924266457557678,0.2918107509613037,0.1969193518161773,0.2864357233047485,0.0436647944152355,-0.3274627029895782,0.2673602402210235,0.3210477530956268,0.2616369128227234,-0.029377045109868,0.6817697882652283,-0.4385413229465484,-0.1348699331283569,-0.1848275065422058,-0.4153148531913757,0.9328658580780028,0.1611338555812835,0.5284191966056824,-0.5545169115066528,-0.4205524623394012,-0.525468647480011,-0.6900785565376282,0.1581096053123474,-0.2915806174278259,-0.4601781666278839,0.4439918398857116,0.1970343887805938,-0.755287230014801,0.3991060256958008,0.7087298035621643,0.5988608002662659,-0.2048413008451461,-0.1847599744796753,-0.0880545526742935,0.1805939525365829,-0.430573046207428,-0.329084038734436,0.3851885497570038,0.1767088770866394,-0.2648389339447021,-1.021381378173828,-0.0639707818627357,-0.0146622564643621,0.4274218380451202,-0.6805020570755005,0.6531206965446472,0.1339141726493835,-0.445256233215332,-0.0969902798533439,-0.1758517622947693,0.1686723530292511,-0.1365576386451721,-0.3079546093940735,-0.0216765701770782,-0.4506167471408844,0.1162266731262207,0.4437226951122284,0.5227574110031128,-0.4321254193782806,-0.1375884264707565,1.020358681678772,0.0133770378306508,-0.3769886791706085,-0.1081409007310867,0.1285160481929779,-0.3882070779800415,-0.4178101122379303,0.1513743102550506,-0.3248753547668457,0.4078458249568939,0.0355422683060169,-0.6869385838508606,-0.419605553150177,-0.2120748609304428,-1.0914361476898191,0.3784532845020294,-0.0948702991008758,0.708645224571228,-0.5143397450447083,0.0352965556085109,-0.0935435146093368,0.090894229710102,-0.0530176870524883,0.8736066818237305,-0.5498611927032471,-0.8872438073158264,0.0877813175320625,0.0850626081228256,-0.7840135097503662,1.181494116783142,0.1953732520341873,-0.3785131275653839,-0.0322588644921779,0.7025871872901917,0.0160751342773437,0.0147582553327083,0.0034975649323314,0.0928506031632423,0.2581742703914642,0.1739742159843444,-0.2633826434612274,0.3779906928539276,0.3669484257698059,0.1196178644895553,-0.2699728012084961,0.499571293592453,0.0563088692724704,0.8026706576347351,0.4250218868255615,-0.4949015080928802,-0.0740065798163414,-0.1084697097539901,-0.1465561538934707,0.0510589107871055,0.2686417996883392,-0.6210440397262573,0.5109382271766663,0.500175952911377,-0.5466678738594055,0.3787299990653991,0.8823276162147522,0.0456489846110343,0.74082350730896,-0.0107115693390369,0.1944155991077423,-0.7742124199867249,0.2275894284248352,0.4326338469982147,-0.0980838313698768,-0.4333656132221222,-0.081794835627079,-0.0887245014309883,-0.2910642921924591,0.2217124998569488,0.0379023291170597,0.0981093570590019,0.0623636208474636,0.0350128412246704,-0.0317885242402553,0.9328044652938844,0.3165614306926727,0.1356120407581329,-0.4276807904243469,0.0482385940849781,0.6366475820541382,0.8352501392364502,0.0910159721970558,0.481902152299881,-0.5826261043548584,-1.1433790922164917,0.0781000629067421,0.0440179407596588,-0.0682036280632019,0.2640740573406219,-0.4079472720623016,0.1149861291050911,0.8755109906196594,0.7868374586105347,0.4258441627025604,-0.3928543627262115,-0.4044340252876282,-0.0725524947047233,-0.3343209028244018,-0.2353725880384445,0.1135298684239387,0.3809887766838074,0.7327510714530945,0.6695402264595032,0.012996525503695,0.1558616608381271,0.3874217271804809,0.2896796464920044,-0.002071029972285,0.0443585403263568,0.1628049612045288,0.2438254654407501,0.1312144547700882,0.8170955777168274,-0.0354473181068897,-0.7516642808914185,0.4050845503807068,-0.4072405695915222,-0.0875494256615638,-0.1550529152154922,0.1466156095266342,0.1082993596792221,-0.5705726146697998,-0.2417390346527099,-0.2043844014406204,0.0057778568007051,-0.3387253880500793,-1.0719197988510132,-0.1341769844293594,0.341825008392334,0.2786727249622345,-0.4945681989192962,-0.0119257932528853,-0.8273494839668274,-0.4752813875675201,-0.3064766824245453,0.2813416421413421,-1.059612274169922,-0.6106266975402832,0.7612833380699158,0.0287981890141963,-0.2788466215133667,-1.6742609739303589,0.3481804728507995,-0.2325337529182434,0.1370936632156372,-0.134266972541809,-0.1106995046138763,-0.2909773290157318,-0.0296367220580577,-0.2436252236366272,-0.440201073884964,0.4771471619606018,-9.916325569152832,0.1641139388084411,-0.1391874849796295,-0.5271267890930176,-0.6754521727561951,-0.4793180525302887,0.6269840598106384,0.7345483303070068,-0.1244948431849479,0.4522325396537781,-0.5917161107063293,-0.1642861813306808,0.4424536824226379,0.1457422077655792,0.0932841747999191,0.1486859619617462,-0.7877491116523743,-0.2383049875497818,-0.0219838377088308,-0.156994491815567,-0.1815650463104248,-0.2298246920108795,0.9086142778396606,0.046461071819067,0.0844734907150268,-0.0550820790231227,-0.0115314293652772,0.3616506457328796,-0.0099737755954265,0.5357958674430847,-0.9999929070472716,0.2369249761104583,-0.1978850066661834,0.3648852407932281,-0.0880456119775772,0.2149863094091415,0.213725671172142,0.5341520309448242,-0.4154187440872192,0.2554973363876343,0.4966076612472534,-0.1092569157481193,0.0083963517099618,-0.2075655907392501,0.5020020604133606,0.0623759292066097,0.4700984954833984,-0.1245989203453064,0.8718924522399902,-0.3745045959949493,-0.2752723395824432,-0.0994662567973136,0.3202188313007355,-0.5321928858757019,-0.006982747465372,0.0642584040760994,0.2764229476451874,-0.5686910152435303,0.0949444770812988,-0.0073171611875295,0.3684940338134765,0.401820033788681,0.5066507458686829,0.6987622380256653,-0.0365879833698272,0.2465475499629974,0.2078475803136825,0.2404185235500335,-1.2030305862426758,-0.4129026234149933,0.4336132705211639,0.4560573399066925,0.1007333174347877,0.1164764985442161,0.3557790517807007,-0.0243831984698772,-0.0946888178586959,0.0568062663078308,0.2919801473617553,-0.2546703815460205,0.2632298171520233,-0.7461650967597961,0.1575173586606979,0.6075897812843323,-0.7257091999053955,0.2556454539299011,0.412535011768341,-0.0251153092831373,0.3995949327945709,-0.9495855569839478,0.380548357963562,-0.2985475659370422,-0.7934151887893677,0.2709998488426208,0.1468117535114288,-0.4428910911083221,-0.2605726420879364,-0.505325436592102,0.0914937406778335,-0.2334160953760147,0
-0.1362178474664688,0.3797858357429504,-0.0792758390307426,-0.5095354914665222,-0.0019531878642737,0.0265511032193899,0.3281624317169189,0.1861244142055511,-0.4104674160480499,-0.4797930121421814,0.5647793412208557,-0.1588413566350937,-0.3582498729228973,-0.1217365786433219,0.8010639548301697,-0.2623790800571441,-0.11465685069561,0.574271559715271,0.0707754716277122,0.2660210728645324,-0.1864161938428878,-0.6596825122833252,0.0399309322237968,0.0296137742698192,0.4265962839126587,-0.2262868136167526,-0.052745908498764,0.2430423498153686,-0.1876699179410934,-0.3396024405956268,-0.6153855919837952,-0.7272216081619263,-0.2415434718132019,-0.5589014887809753,-0.3997542262077331,0.3637759983539581,0.419665515422821,0.1368676126003265,-0.1266152411699295,-0.3625671863555908,-0.3516811430454254,-0.3007530272006988,-0.3072763979434967,-0.3415670096874237,0.182689756155014,0.7734752297401428,-0.1720715165138244,0.2982960343360901,1.0979080200195312,-0.005193208809942,-0.2243406027555465,0.3364683389663696,-0.009599239565432,-0.0048853498883545,0.10727359354496,-0.1526814997196197,0.6554461121559143,0.0333327949047088,-0.0453105270862579,0.3108712434768677,0.0676823854446411,-0.1046774536371231,0.4562392830848694,0.2242245823144912,-0.7091209292411804,-0.3746768534183502,0.0451853908598423,-0.0666756927967071,-0.3653551638126373,-0.4554404318332672,-0.3054660558700561,-0.1938807070255279,0.0306158047169446,-0.0807640776038169,0.0183492302894592,-0.4414375424385071,0.1642738133668899,-0.0463895201683044,0.5953296422958374,-0.070133663713932,-0.0036555682308971,0.5081160068511963,0.0508597157895565,-0.1960279941558838,0.267019659280777,0.046284295618534,-0.3443635702133178,-0.9884848594665528,0.3150283992290497,-0.2648761868476867,-0.1398319154977798,0.5505351424217224,-0.2558797895908355,0.1758257299661636,-0.5803845524787903,-0.12873475253582,0.1765579879283905,-0.1891331225633621,0.0604552999138832,0.2592227458953857,-0.0422254391014575,-0.0770054459571838,0.7048823237419128,-0.0576668567955493,-0.1539286226034164,0.3426323533058166,-0.3431151509284973,0.0449620112776756,0.0242110751569271,-0.0746607407927513,-0.3880045115947723,-0.3231051862239837,0.1318096220493316,0.5695911645889282,-0.0686645954847335,0.2547732889652252,0.0870746672153472,0.2537732720375061,0.256878912448883,0.2004173398017883,0.4361348450183868,0.8562715649604797,-0.2303464859724044,-0.1053100228309631,-0.5411909818649292,0.5030717849731445,-0.1986553072929382,-0.3059727549552917,-0.114055685698986,-0.5995706915855408,0.0472426526248455,0.2752458155155182,-0.1289475411176681,0.2383800148963928,-0.520284116268158,0.778640866279602,-0.1019662767648696,0.4084859192371368,0.0454666316509246,-0.4162798225879669,0.3094289302825928,0.0298197530210018,0.0251705292612314,0.1337717473506927,-0.3042338490486145,0.3027165532112121,0.1369137018918991,-0.0002073767682304,0.3766601383686065,0.5684347152709961,-0.1347536444664001,0.7109366059303284,-0.7649931311607361,-0.1175610125064849,0.1906614154577255,0.333658754825592,-0.7870627641677856,0.2367504388093948,0.4834461212158203,0.8275333046913147,0.0874495357275009,-0.8203038573265076,0.0506666861474514,-0.0536461994051933,0.3011941909790039,0.136812224984169,0.1216096580028534,-0.3142650127410888,0.4179130494594574,0.4487386345863342,0.317748486995697,0.2466225177049636,0.0227483808994293,-0.2002296298742294,0.6438930630683899,0.6773337721824646,0.2436851114034652,0.2577062845230102,-0.011525085195899,-0.176610916852951,-0.2479922026395797,-0.4405090808868408,0.0768386200070381,-0.1658186316490173,0.0974546149373054,-0.3759149312973022,-0.1545321494340896,-0.3641048371791839,0.1888476610183715,-0.159631922841072,0.0668581053614616,-0.2982872724533081,0.3538864850997925,-0.1149933189153671,0.0027279816567897,-0.5533915162086487,-0.0380839705467224,-0.4138252139091491,-0.0975275039672851,0.2528819441795349,-0.4011818766593933,0.055850800126791,-0.1114967763423919,-0.142224833369255,-1.0803029537200928,-0.0520593337714672,0.3119887113571167,0.799841582775116,0.4607810974121094,0.4706590473651886,-0.1188201978802681,-0.0265575479716062,0.6864751577377319,0.1832474321126938,0.0220387484878301,0.1382425725460052,-0.660987377166748,0.132219061255455,0.2956674993038177,0.0598401091992855,-0.583511233329773,0.1122259795665741,0.2059175968170166,0.4037990868091583,0.0457566790282726,0.0679417625069618,0.0897147133946418,-0.1063357815146446,0.2764896154403686,0.2205427587032318,-0.0918733924627304,0.0229321420192718,-0.7944410443305969,-0.1390953212976455,-1.1955822706222534,0.4448839724063873,-0.1012329161167144,0.5709475874900818,-0.072651483118534,0.0801285803318023,0.0390290692448616,-0.0242909956723451,-0.0713287591934204,-0.1064570397138595,-0.0504622235894203,0.5219945907592773,-0.2179352194070816,-0.2630242109298706,-0.3880722522735595,0.0634832829236984,-0.0922822654247284,-0.6150838136672974,0.2723695635795593,-0.2328356653451919,0.6310198307037354,0.4557644426822662,0.4664447605609894,-0.6272209286689758,-0.3091628551483154,-0.3475953936576843,-0.233423426747322,-0.5476057529449463,0.1950253844261169,-0.3928027749061584,-0.2446364015340805,-0.0061393175274133,0.3073616623878479,-0.7441533207893372,-0.2544948160648346,-0.5410863757133484,0.2851300835609436,-0.7326651811599731,-0.0365930125117301,-0.2105489820241928,-0.1570228040218353,-0.2613617181777954,-0.2508982717990875,0.2972123622894287,-0.7761359214782715,0.1283585578203201,-0.5886006951332092,0.4963007569313049,-0.7179306149482727,0.2759207189083099,0.2244712710380554,-0.2240024954080581,-0.4969954192638397,-0.1193629875779151,0.2062171548604965,0.1595669388771057,0.2917115092277527,-0.1502279639244079,-0.1065319776535034,-0.288291186094284,-0.2692958116531372,-0.1277631372213363,0.1799372136592865,-0.2579139769077301,0.1824936121702194,-0.0106588555499911,0.4385907351970672,0.5496039390563965,0.5107809901237488,0.0862148404121398,-0.1892444640398025,-0.510406494140625,-0.0806207209825515,-0.401949018239975,0.8372795581817627,-0.1275036484003067,0.0681416690349578,0.8434178233146667,-0.3431235253810882,0.4274209439754486,0.4926106631755829,0.3576692044734955,-1.839627385139465,0.0863521471619606,0.1836011856794357,-0.1789918392896652,-0.1024377644062042,0.4957447648048401,0.3244171142578125,0.3796284794807434,-0.282256156206131,-0.2427776604890823,0.1538814455270767,0.4302539825439453,-0.2431138902902603,-0.5064449310302734,0.2942398488521576,-0.1209528073668479,-0.1113872677087783,-0.577569305896759,-0.2615371346473694,0.3225050568580627,0.5524027943611145,-0.0749784409999847,-0.0416341237723827,-0.4511786997318268,0.014636498875916,-0.0489417016506195,-0.0773097872734069,-0.0348984971642494,-0.5185117721557617,-0.0218516904860734,-0.0055019068531692,0.4799433350563049,0.5316974520683289,0.6181427240371704,0.5171914100646973,-0.0368477813899517,0.4157385230064392,0.4096370637416839,0.2786488234996795,0.2582052052021026,-0.1924786865711212,0.033805102109909,0.6540768146514893,0.4567236304283142,0.1256777793169021,0.2348229736089706,0.2942491471767425,0.57227623462677,0.4934375286102295,0.2866349220275879,0.306924045085907,0.1742322891950607,0.4807227551937103,0.7678423523902893,0.4619968235492706,-0.1493976265192031,-0.5355450510978699,-0.2071954011917114,0.0461773090064525,-0.7192046642303467,-0.0236712545156478,0.1698399186134338,0.4680967032909393,-0.6636702418327332,-0.3454443216323852,-0.2951996624469757,0.017624132335186,-0.7022309899330139,-0.3587249219417572,-0.6695570349693298,-0.6393516063690186,-0.193379059433937,0.1655769944190979,-0.4111172258853912,0.0545201897621154,-0.0607914477586746,0.7058797478675842,-0.6727307438850403,-0.3999496400356293,0.1138952225446701,-0.6311031579971313,-0.2936523258686065,-0.3775314688682556,-0.1636169552803039,-0.3910045623779297,-0.1254418492317199,0.3143227100372314,-0.4704281985759735,-0.7830004096031189,-0.288838267326355,-0.6095014214515686,-0.3226684331893921,0.3075338006019592,0.5026311874389648,0.0361660122871398,0.5987076163291931,0.211616113781929,0.3223414421081543,-0.3804580271244049,0.7365859746932983,-0.8929827809333801,0.4006620645523071,0.2416159361600875,0.4036802947521209,0.6133442521095276,0.5353419184684753,0.4901753067970276,0.0857306346297264,0.1547495126724243,-0.0034764525480568,-0.1795608252286911,-0.6789594888687134,0.6715021133422852,-0.4024254381656647,0.5003883838653564,-0.1759690940380096,-0.262269526720047,0.4493978917598724,-0.3345303535461426,-0.2274314761161804,-0.1889231353998184,0.3938538134098053,0.0331171937286853,0.188998281955719,0.2921696901321411,0.9073356986045836,-0.1432060152292251,-0.183547168970108,0.0928238034248352,0.1604364365339279,0.488099992275238,0.168469950556755,0.0557058043777942,-0.0600753910839557,0.2548568844795227,0.1469791680574417,-0.1442832499742508,0.2384084910154342,0.2793016135692596,0.4879505336284637,0.173891007900238,0.2028154581785202,0.2596497535705566,-0.1507309824228286,-0.4011282324790954,-0.4442631006240845,-0.7445241808891296,-0.3408256471157074,-0.5522549748420715,-0.0767023488879203,0.9341081976890564,-0.2396037727594375,0.0225190129131078,-0.4282954335212707,-0.4491731822490692,-0.342966765165329,-0.5468061566352844,0.1060744822025299,0.4814439117908478,0.2843141555786133,0.9183987379074096,0.1309673488140106,-0.7456665635108948,0.1766426861286163,0.2210115790367126,0.4072530269622803,0.6630637645721436,0.0090906601399183,0.0350896939635276,0.1838118582963943,0.1826800107955932,0.4706596136093139,-0.1019745618104934,0.0626978725194931,-0.9408326148986816,-0.652404248714447,-0.3243503868579864,0.3679737746715545,0.3671248853206634,-0.2214016020298004,0.4151610732078552,0.0994877517223358,-0.4924309253692627,-0.7804092764854431,-0.2404239326715469,-0.3428009450435638,0.1296757310628891,-0.9905015230178832,-0.0937732756137847,0.1185069605708122,-0.167349025607109,0.4453926980495453,0.283873438835144,-0.4394272863864898,0.2523773312568664,0.4213992953300476,0.5713346004486084,-0.7269734144210815,-0.0295927468687295,0.0291597377508878,0.0424708947539329,0.2928731441497803,0.2045894414186477,-0.102795161306858,-0.0758736431598663,-0.1951157301664352,-0.825254499912262,-0.4652692675590515,-0.52791428565979,-1.1743812561035156,0.6211022734642029,0.1460735648870468,0.0134798642247915,-0.4546681940555572,0.3696656823158264,-0.0939018353819847,0.1792593896389007,0.3465519249439239,0.2715671956539154,-0.409156322479248,-0.9878359436988832,0.1171231865882873,-0.4001004099845886,-0.7797207236289978,-0.0615735836327075,0.7607941031455994,-0.3062030673027038,-0.1512177437543869,0.0668269395828247,-0.0468070358037948,0.0050074951723217,-0.0384405627846717,-0.2850349545478821,-0.0758327543735504,0.0727977305650711,0.1188515201210975,0.2821918725967407,0.108784444630146,-0.0596040971577167,0.1467514038085937,0.2271818965673446,0.8859285712242126,0.2844792902469635,0.1180546805262565,-0.3822091519832611,-0.2018074989318847,-0.070785753428936,0.0698361918330192,0.2021834254264831,0.4531839489936828,-0.6448084712028503,0.125333160161972,0.6755113005638123,-0.6161952018737793,0.0616117045283317,0.4955038130283355,0.6561368703842163,0.2380898743867874,-0.3153005242347717,-0.0100683271884918,-0.6444019675254822,0.3054373860359192,0.4041594266891479,0.6762205958366394,-0.1200245693325996,0.0989443287253379,-0.109465941786766,-0.8934169411659241,-0.6440494060516357,0.1706785857677459,0.2328259497880935,0.358750581741333,0.2909024357795715,0.0603955313563346,0.3649828433990478,0.2887881398200989,0.325582206249237,0.2985080480575561,-0.2118531763553619,-0.1695878505706787,0.9255813360214232,-0.1009673550724983,0.4197610318660736,-0.5971749424934387,-1.1232987642288208,-0.1141418293118476,-0.1001313403248786,0.2892661690711975,0.6184216141700745,-0.0226853135973215,-0.2464569658041,0.5184265971183777,0.3938007056713104,0.2337699979543686,-0.0389728210866451,-0.7222448587417603,-0.0515709593892097,-0.0879537984728813,-0.0318342112004756,0.2173696607351303,-0.0924059897661209,0.3816921412944793,0.4860692620277405,0.4054915904998779,0.0501701906323432,0.2692783176898956,0.0719921067357063,-0.2633828520774841,0.3929260671138763,0.2747476100921631,-0.4123144447803497,-0.3012425601482391,0.2443157285451889,-0.4215478003025055,0.0070913634262979,0.3574845492839813,-0.2732046246528625,-0.5034641623497009,-0.1946508884429931,-0.3369966149330139,0.3472018837928772,0.1808288395404815,-0.5291323065757751,-0.0322091542184352,-0.0623873732984066,0.0367710627615451,-0.1782532483339309,-0.0406050495803356,-0.0381089188158512,-0.0867923498153686,-0.1656219661235809,0.0379243269562721,-0.6919816136360168,0.0161953512579202,-0.8072909116744995,0.1266151368618011,-0.2164772897958755,-0.7056525945663452,0.4078202545642853,0.0720290839672088,-0.422391802072525,-1.1993558406829834,0.3849692344665527,0.1557509452104568,0.5936563014984131,-0.2869654595851898,0.4225751161575317,-0.2090086191892624,0.3654916882514953,0.0206109527498483,-0.5050346851348877,0.005863984581083,-10.23861598968506,0.2936953008174896,-0.8075652122497559,-0.0465996786952018,-0.219530776143074,0.2158771157264709,0.4066363573074341,0.2026185095310211,-0.114357590675354,0.0783499702811241,0.4850668013095855,0.6264637112617493,0.2036891281604766,0.3304344415664673,-0.5969442129135132,-0.2574581205844879,0.1551214903593063,-0.5216343998908997,-0.0414517931640148,-0.0680052563548088,0.3141174614429474,-0.0596499517560005,0.7124574780464172,0.4580225050449371,-0.0448841117322444,-0.2838736474514007,-0.4762881398200989,0.6189512014389038,-0.3416233658790588,0.332348108291626,-0.5620764493942261,0.2322999238967895,0.3244329690933227,0.0509893335402011,-0.3028528988361358,-0.2849497199058532,-0.088307499885559,0.136656254529953,0.1839410811662674,0.1228803843259811,-0.0462945289909839,0.4574522674083709,0.0545233748853206,0.0643202438950538,0.2690537273883819,0.3591102659702301,0.0433827117085456,0.3146442770957947,0.5465113520622253,-0.0206803921610116,-0.1340801417827606,-0.2385149747133255,0.1483725160360336,-0.1078565493226051,0.3607557713985443,-0.031327050179243,0.7971142530441284,-0.2669445276260376,-0.3021100759506225,0.0360109582543373,0.4785548746585846,-0.1680028587579727,0.6273515224456787,0.3932524025440216,0.3066513538360595,0.3537012338638305,0.5445164442062378,0.3998957574367523,-0.2984490096569061,-0.3678299486637115,0.2153547406196594,0.2464151680469513,-0.1147739514708519,-0.3168849349021911,-0.3189666271209717,0.603009045124054,0.0661231353878974,-0.2575885951519012,-0.0231780111789703,0.0941014364361763,0.2655852437019348,-0.0053372578695416,-0.4464967548847198,0.0585658699274063,-0.959826111793518,-0.063415840268135,-0.0314684808254241,0.4644874632358551,0.1353489309549331,-0.6520333290100098,0.4948523044586181,-0.1963709145784378,0.1206039637327194,0.0520343333482742,-0.0796077027916908,0.0975164324045181,0.2765413820743561,0.1296504288911819,0.6510397791862488,0.3145537972450256,1
0.1231138110160827,0.4492609798908233,0.3884042799472809,0.0412229038774967,0.0758494585752487,0.5558128356933594,0.2306105643510818,0.1551999896764755,-0.4046125411987304,-0.4644301831722259,0.0374848321080207,-0.1543157696723938,-0.2079087793827057,0.6230141520500183,0.0749955996870994,-0.0330402813851833,-0.2268550395965576,-0.1624379307031631,-0.3136763870716095,-0.2009812891483307,-0.4487609565258026,-0.3970475792884826,-0.4971101582050323,0.4764551222324371,-0.2808994054794311,-0.0796614587306976,-0.0104049891233444,0.1680516749620437,0.2500545084476471,-0.1148869171738624,-0.0953003466129303,-0.4020711779594421,-0.5611262321472168,0.0101643595844507,-0.6131436824798584,-0.0841822996735572,-0.4243415892124176,-0.1154774501919746,0.2670247554779053,0.0216015093028545,-0.0181246995925903,-0.1735791265964508,-0.3490122854709625,-0.333618551492691,-0.0702253431081771,0.4099800288677215,0.2204208374023437,0.3000068664550781,0.2423617392778396,0.0448936149477958,-0.0321125537157058,0.3012973070144653,0.192337691783905,0.0826527848839759,0.4473689198493957,-0.5930591821670532,0.8809794783592224,-0.8074719309806824,0.2130884379148483,0.5514248013496399,-0.6567736268043518,-0.3907581865787506,0.1432421207427978,0.2119351327419281,-0.093148149549961,-0.2198729664087295,0.3205922842025757,-0.022681538015604,0.1360212862491607,-0.7621728181838989,0.2123498320579528,-0.1271419823169708,-0.0643603503704071,-0.1578206121921539,0.2649607956409454,-0.7738043665885925,0.3087517917156219,-0.1347953975200653,-0.0922530516982078,0.4323457479476928,-0.6077329516410828,0.8605305552482605,0.1024291589856147,-0.4221510291099548,-0.0294526703655719,-0.123188279569149,-0.6463356018066406,-0.8160682916641235,0.4599822163581848,-0.2753682434558868,0.2812662720680237,0.3788725137710571,0.1458035409450531,0.7601058483123779,0.0165413618087768,0.0440185964107513,0.3510110378265381,0.387873113155365,0.0899581685662269,0.3239330947399139,-0.462004005908966,-0.0534325987100601,0.5842787623405457,-0.8378627896308899,-0.1350140571594238,0.0442395322024822,-0.4432619512081146,0.4669585824012756,0.1385521590709686,0.0495200753211975,-0.2713117301464081,-0.2956724762916565,-0.3439642786979675,0.2891451716423034,0.2782316505908966,0.3838802874088287,-0.0002128552878275,0.3526578843593597,-0.2968418300151825,0.4204418957233429,0.1402692347764969,0.6628037691116333,0.0109529132023453,-0.2493162453174591,-0.7611669898033142,-0.1784507483243942,0.2513410449028015,0.2485608905553817,0.0415656119585037,-0.8785262107849121,0.1427153050899505,-0.036750178784132,-0.5656404495239258,-0.1953497976064682,-0.3722878396511078,0.6866252422332764,-0.0380434580147266,0.1799145638942718,-0.1077672466635704,-0.458080381155014,-0.6979972124099731,0.2590562403202057,-0.1680516898632049,-0.0491655878722667,-0.2135801017284393,-0.0960002318024635,-0.0139121320098638,0.1986266672611236,0.6022095680236816,0.5109342336654663,-0.1990288496017456,1.0830914974212646,-0.4651145339012146,0.0338232852518558,0.3894877731800079,0.1737095117568969,-0.5139617919921875,-0.0087816445156931,0.2318317294120788,0.5932332277297974,0.5720173120498657,-0.4909519255161285,0.355887770652771,0.9361818432807922,0.0049250083975493,0.2354423254728317,0.4689258635044098,-0.1164900213479995,0.3047364354133606,0.5328068137168884,0.5977091193199158,0.5410733819007874,0.0592143833637237,-0.2418918311595916,0.010082459077239,0.5177382826805115,0.7239014506340027,0.0804607421159744,0.1661899983882904,-0.5361214876174927,0.0783840641379356,-0.0655987709760665,-0.0093996971845626,-0.8041617274284363,0.2197591960430145,-0.3057252764701843,0.1525004506111145,-0.0831784009933471,-0.2190597802400589,0.0048233796842396,-0.2455145269632339,-0.142656996846199,0.1653960347175598,-0.1805367618799209,0.0226214379072189,0.252815306186676,0.1008603945374488,-0.0736695155501365,-0.3125497698783874,0.0027908934280276,-0.2689207196235657,0.0918744355440139,-0.0830516815185546,-1.101097583770752,-0.9538522958755492,0.1038811057806015,0.5318265557289124,0.4946764707565307,0.3651838898658752,-0.0952106788754463,-0.2399941682815551,0.2045545428991317,0.7216549515724182,0.1952834278345108,0.4752112329006195,0.4693156778812408,-0.5757101774215698,-0.1049781814217567,0.1779050976037979,0.3130639493465423,-0.0979202687740325,0.082808680832386,0.0422740578651428,-0.0802398845553398,-0.0945495218038559,0.8080146312713623,0.1936263293027877,-0.1150619089603424,0.0054282308556139,0.7240721583366394,-0.7917774319648743,-0.2525116801261902,-0.5103409886360168,-0.2524421513080597,0.0004336121783126,-0.1393671780824661,-0.5123047828674316,0.512993574142456,-0.0856382101774215,-0.0278315190225839,-0.4146546721458435,-0.2266345173120498,0.5573171377182007,-0.5894581079483032,0.2186111509799957,0.2767102420330047,-0.1298295557498932,0.034149307757616,-0.5827338099479675,-0.1074302047491073,-0.4650209546089172,-0.5124746561050415,0.095265544950962,-0.2727013528347015,0.877055287361145,0.0307052470743656,0.7117515802383423,-0.1736073940992355,0.1399305462837219,-0.2337078005075454,-0.1700103282928466,-0.4660062491893768,-0.3893087208271026,-0.3200649917125702,0.36192587018013,0.2422608286142349,0.5455904603004456,-0.2525476515293121,-1.6800079345703125,-0.0829514935612678,0.0901246294379234,-0.590021550655365,-0.1166232600808143,-0.134414792060852,-0.1570027023553848,-0.3502565920352936,-0.0730955302715301,0.7539610862731934,-0.6830848455429077,-0.1346728652715683,-0.2110080420970916,0.4071735441684723,-0.4598382413387298,0.0623786784708499,0.1153885349631309,0.4106982946395874,-0.1908294707536697,-0.6963496804237366,-0.3930406868457794,0.0179575663059949,0.1430064439773559,0.0185511503368616,-0.4818713068962097,-0.014843457378447,-0.4170853197574615,0.2829124331474304,0.1637875735759735,-0.4432901740074157,0.3415219485759735,0.3085688650608063,0.6146608591079712,0.5549052357673645,0.5430335402488708,-0.1672431081533432,-0.6714587807655334,0.2201706171035766,0.1896889805793762,-0.3027598261833191,0.559830367565155,-0.5565181374549866,0.3516184091567993,0.342310756444931,-0.3357832729816437,0.2908375561237335,0.6458819508552551,-0.0310758836567401,-1.572529911994934,-0.2528011500835418,0.3623014986515045,0.2087958753108978,-0.3817519247531891,0.1319604963064193,0.1576255410909652,0.3442347347736358,-0.5063840746879578,-0.2880071401596069,0.5498164296150208,0.1964365392923355,0.2621631324291229,-0.1872194111347198,0.5826170444488525,-0.5048829913139343,0.0397969894111156,-0.6787499785423279,-0.0171617232263088,0.4861078262329101,-0.2345322966575622,-0.1444097906351089,0.265208750963211,-0.3782488405704498,-0.2671854197978973,0.4098029434680938,-0.1968329399824142,0.0528481900691986,-0.2974405884742737,-0.0400130189955234,0.2802795171737671,1.4972728490829468,0.5008471608161926,0.6121992468833923,-0.323981761932373,-0.3650017976760864,0.2641220986843109,0.1231701672077179,0.3433264493942261,-0.3920523524284363,-0.1274280995130539,-0.3564356565475464,0.0299845319241285,-0.0609694756567478,0.0171967726200819,-0.0190320536494255,-0.2858986556529999,0.1662586331367492,-0.461461454629898,0.2694081962108612,0.4638465940952301,0.0398641116917133,0.2293373197317123,0.6746375560760498,0.5301793813705444,0.2003440409898758,-0.2477969080209732,-0.5393532514572144,-0.0063035571947693,-0.5178176164627075,0.377795934677124,0.0354310274124145,-0.0208152793347835,0.3716359138488769,-0.301368772983551,0.1769916862249374,0.0036387762520462,-0.2827593982219696,0.0379030369222164,-0.5908679366111755,-0.3027498126029968,-0.1490825861692428,0.0798156931996345,-0.3840076625347137,0.2991436719894409,0.4653516709804535,0.5443713665008545,-0.3986534774303436,-0.392270028591156,0.0972675308585167,-0.0983534157276153,0.1271000504493713,0.0717663019895553,0.2141284644603729,-0.0405843406915664,-0.1314437687397003,-0.5324204564094543,-0.4545006453990936,-0.6074473857879639,-0.0998709499835968,-0.4864875674247741,-0.2520653307437897,0.2662206590175628,0.6392948627471924,-0.0061220834031701,-0.0002625654451549,0.2046940177679062,0.2406426519155502,-0.427702397108078,-0.5291266441345215,-0.0238432958722114,0.3131350576877594,0.5644910335540771,0.3777675032615661,0.5966751575469971,0.1175851374864578,0.3224056363105774,-0.0339446403086185,0.1585583239793777,0.3659508824348449,-0.3815783858299255,-0.299306184053421,1.030006766319275,-0.4189485609531402,-0.0196306072175502,-0.1873382329940796,0.1946061700582504,0.7992408275604248,-0.2151150107383728,-0.7935209274291992,0.418662279844284,0.0426677353680133,0.2311915755271911,0.6340779662132263,0.4241951704025268,1.04574716091156,0.288774311542511,0.4176480174064636,0.3807947933673858,-0.2010767459869384,0.1479807496070861,-0.3861715495586395,-0.0557927750051021,-0.1404449790716171,0.3929578959941864,0.7641176581382751,0.3738381564617157,0.2858656346797943,0.0353921093046665,0.4459830820560455,-0.5208247900009155,0.1525947600603103,0.383240669965744,-0.202982485294342,-0.5346816182136536,0.218737781047821,-0.972753882408142,-0.8207621574401855,-0.1421180963516235,-0.0154181104153394,0.4628665149211883,0.0081729851663112,0.3942067325115204,-0.5851307511329651,-0.7573434114456177,-0.478797048330307,-0.9843683242797852,-0.0697788372635841,0.0517299473285675,-0.19020776450634,0.5906980037689209,0.300529271364212,-0.9819388389587402,0.461364597082138,0.3210695385932922,0.48450767993927,0.1785139143466949,-0.3847949206829071,-0.321662425994873,0.8443519473075867,-0.5014409422874451,-0.4166518449783325,0.750177800655365,-0.0743482336401939,-0.0699120983481407,-0.3655387163162231,-0.2019563913345337,0.1565447747707367,0.4733108282089233,-0.1820834279060363,0.2548277080059051,-0.0231193322688341,-0.4221740365028381,-0.2792053520679474,-0.2625077366828918,-0.3165677189826965,0.2979778945446014,-0.8846938014030457,-0.2044506818056106,-0.2526279389858246,-0.1218877434730529,0.6885345578193665,0.6429525017738342,-0.2151956707239151,0.0918591320514679,0.7153148055076599,0.1788139045238495,-0.2660667896270752,-0.0331308916211128,0.0755949541926384,-0.3624329268932342,-0.2606484889984131,0.0119486786425113,0.3902390599250793,0.2846006453037262,0.3447838723659515,-0.7184575200080872,-0.3535074293613434,-0.1424677819013595,-0.7829322814941406,0.4006941318511963,0.0192137602716684,0.524908721446991,-0.9151397943496704,0.1733862459659576,-0.1486841440200805,0.3275986909866333,0.1396800130605697,-0.0200174562633037,-0.0763090774416923,-1.4075360298156738,0.0534817576408386,-0.4918538331985473,-0.7902896404266357,0.5318777561187744,-0.2848229110240936,-0.6919559836387634,0.2178936302661895,0.1768209189176559,-0.0917976275086402,0.0921580791473388,-0.0385496318340301,-0.4900764226913452,-0.042287316173315,0.4481016993522644,-0.1261456757783889,-0.1064321026206016,0.4720658361911773,-0.3878652453422546,0.0398647002875804,0.603585422039032,0.5249636769294739,0.1717052012681961,0.1215288713574409,-0.0735646188259124,0.0501642189919948,-0.786901593208313,0.1556357145309448,0.0870108231902122,0.4399442374706268,-0.3945975601673126,0.2235125601291656,0.6525632739067078,-0.3681321144104004,-0.0519896671175956,0.8495214581489563,0.1558186113834381,0.6384768486022949,0.0111140543594956,-0.2351629585027694,-0.8818499445915222,0.4974597990512848,0.4136258959770202,0.2622667253017425,-0.3039504289627075,0.2893498837947845,-0.1052259653806686,-0.4882786571979522,0.2411974370479583,-0.0667811557650566,-0.064834177494049,0.4654918611049652,0.4328020513057709,0.1599184870719909,0.7770379185676575,0.6601337790489197,-0.3099386990070343,0.4009592533111572,0.1443146169185638,0.2567755579948425,0.9159109592437744,-0.0673000141978263,0.5176604986190796,-0.3365890383720398,-0.7841489911079407,0.2950450778007507,0.1969319880008697,0.3568305671215057,1.1737850904464722,0.1396821588277816,-0.3988161087036133,0.5462249517440796,0.8059064745903015,-0.0751746743917465,0.1154990270733833,-0.4927742481231689,-0.0536334104835987,-0.0812551900744438,-0.2035188674926757,-0.0750195607542991,-0.0683854147791862,0.0823175758123397,-0.1193918213248252,0.1936592906713485,-0.2463523298501968,0.4719513356685638,-0.4209035634994507,-0.3078163266181946,0.3759004473686218,-0.002961597405374,0.3020261228084564,-0.0533858947455883,0.4790732264518738,-0.3208807706832886,-0.2082509845495224,0.4283637106418609,-0.407904177904129,-0.4388944208621979,-0.0532719641923904,0.3547323942184448,-0.0368370115756988,-0.0052372380159795,0.0940156653523445,-0.3612267076969147,-0.211391806602478,0.2542731165885925,-0.5569307208061218,0.3658948242664337,-0.0642438754439354,0.2677868604660034,0.1883809864521026,0.0471253059804439,-0.4177459180355072,-0.2764428257942199,-0.5471877455711365,0.1430089622735977,-0.396871268749237,-0.6322588324546814,0.4642121195793152,-0.0183759145438671,-0.3485398292541504,-1.5665051937103271,0.6561968922615051,-0.1743222624063491,0.3859342932701111,-0.1879439949989318,0.1425675898790359,-0.0521857179701328,0.0290188640356063,0.1428416967391967,-0.44991534948349,-0.0334871858358383,-10.106772422790527,0.0311617329716682,-0.7103382349014282,-0.5038667917251587,-0.026438895612955,0.0103408712893724,0.8339167237281799,0.5296981930732727,-0.3991149663925171,0.017071871086955,-0.4222870469093323,0.2256660610437393,0.2735041081905365,0.5720398426055908,-0.0424214042723178,-0.3598330616950989,-0.3359643220901489,-0.5068827867507935,-0.0967234298586845,-0.3829208612442016,-0.0620862655341625,-0.0616059638559818,0.8082335591316223,0.175922617316246,-0.1417668014764785,-0.4456749558448791,-0.3426142036914825,0.3715060949325561,-0.1455613672733307,0.1725504249334335,-1.1235413551330566,0.902729630470276,-0.3657998740673065,-0.382174015045166,-0.4527009129524231,0.2521111965179443,-0.010334450751543,0.2842535078525543,-0.0591973848640918,0.601249098777771,0.2945119440555572,0.6637018918991089,-0.1598019748926162,-0.3018046021461487,0.1331110447645187,0.4781384766101837,-0.1138777434825897,0.2863802015781402,0.2445801645517349,-0.1813361495733261,0.1402642875909805,-0.3990349471569061,0.2809138000011444,-0.1469828486442566,-0.0133303431794047,-0.1942400634288787,0.7767208814620972,-0.7879253029823303,0.0311534497886896,0.1072991862893104,0.2392787486314773,-0.1930221021175384,0.4252275824546814,0.208171546459198,-0.3237896859645843,0.4729270040988922,0.1399933397769928,0.23618184030056,-0.7695155739784241,-0.2419710606336593,0.3645013272762298,0.1336968094110489,0.1556989699602127,0.1743565052747726,-0.024681793525815,0.5745055675506592,-0.1888916194438934,0.0466608963906765,0.0775435715913772,0.281894326210022,0.4171482026576996,-0.4694114327430725,-0.6455208659172058,0.1391593664884567,-0.1641565710306167,0.4069516956806183,-0.1344774216413498,0.3288237750530243,0.0753167793154716,-0.4625642895698547,0.3396262526512146,-0.455998957157135,-0.6298967599868774,-0.1371355205774307,-0.0455033481121063,-0.3143453001976013,0.2219788879156112,0.2289328575134277,0.3692764937877655,0.4943829774856567,1
0.0742423236370086,0.3330139517784118,-0.4450075030326843,-0.3537943959236145,0.3532416820526123,0.4910364151000976,0.0757136270403862,-0.2273357063531875,-0.4840376079082489,-0.4520646631717682,0.8452945947647095,-0.2189993411302566,-0.2474959641695022,-0.406511515378952,0.5107200145721436,-0.4672616422176361,-0.0510722957551479,0.4577294290065765,-0.1210469305515289,0.179439291357994,-0.4840620756149292,-0.7459595799446106,0.1288764476776123,0.1346560716629028,0.4906442165374756,-0.5122134685516357,-0.1986866742372512,0.3602287173271179,0.0371843576431274,0.2459975630044937,-0.5558360815048218,-0.5253701210021973,0.0609442889690399,-0.4846367835998535,-0.2143356502056121,0.229059636592865,0.3663731515407562,-0.1218433156609535,-0.4632030427455902,-0.0922609642148017,-0.1498668640851974,-0.0846659615635871,0.0085929334163665,-0.4637056291103363,-0.0888672322034835,0.7709968686103821,0.1959840357303619,0.1070571616291999,0.7109037041664124,0.2981816828250885,-0.214362233877182,0.0370761901140213,0.4618444740772247,-0.3684605658054352,-0.2015471309423446,-0.1998677551746368,0.1546501964330673,0.1650233268737793,-0.1739095151424408,0.1931297183036804,-0.6687195301055908,0.2741646766662597,0.0213516112416982,-0.0040531232953071,-0.1527827680110931,-0.2492921501398086,0.2392536550760269,0.0120618669316172,-0.4421583712100982,-0.2290343642234802,-0.314007967710495,0.0296649429947137,0.0191665701568126,-0.3407289683818817,1.0184969902038574,-0.1407565325498581,-0.1803088039159774,0.1698072701692581,0.1296010315418243,0.0468671135604381,-0.0005052648484706,0.3375195264816284,-0.1845870018005371,-0.290671706199646,0.2493066042661667,-0.0559674464166164,-0.3834569752216339,-0.5467400550842285,0.2022909969091415,-0.1332765519618988,-0.0594511181116104,-0.1523081660270691,0.3520277440547943,0.2092531472444534,-0.4350459277629852,-0.0166174937039613,0.3056862950325012,-0.1497508287429809,-0.352637767791748,-0.0969780310988426,-0.1449854522943496,-0.5285674333572388,0.4975885152816772,0.1263253092765808,-0.2024181187152862,-0.1467762291431427,-0.4123440980911255,0.3629208505153656,-0.0390474647283554,0.2510903179645538,-0.0425520949065685,-0.4223004877567291,0.0694435983896255,0.1818235069513321,-0.1146756559610366,0.3010717332363128,0.1635380089282989,0.3402380645275116,-0.2414637804031372,0.5683515667915344,0.0177794229239225,0.8037430047988892,0.0156241813674569,-0.0892020687460899,0.0445310473442077,0.1333493143320083,0.1640436053276062,-0.67827969789505,-0.1906972527503967,-0.2142869681119918,0.1071602329611778,0.2691522240638733,-0.2919790148735046,0.1182885617017746,-0.4799343049526214,0.5257173776626587,-0.2651969790458679,0.5087087750434875,-0.242032304406166,-0.6157172918319702,-0.0287671964615583,0.5583637356758118,0.2053062915802002,-0.4606916010379791,-0.2668575346469879,0.1352680921554565,-0.0460431091487407,-0.2290999442338943,0.5815484523773193,0.0756122097373008,-0.373000293970108,0.5346992611885071,-0.5694633722305298,-0.3478094339370727,-0.0175888426601886,-0.1103339195251464,-0.8607032895088196,0.0406267791986465,0.2267351895570755,0.6842771172523499,-0.2660985887050628,-0.3532829284667969,-0.0453867316246032,0.4466477036476135,0.5665185451507568,0.069207526743412,0.3343859016895294,-0.5213139057159424,0.1032223328948021,0.5462564826011658,-0.0169639866799116,0.0245961286127567,0.2732985317707062,-0.3774614632129669,0.5075084567070007,0.1722207963466644,-0.0050478633493185,0.0325187742710113,0.2380689978599548,-0.414058655500412,0.127878800034523,-0.2096139043569564,-0.1414117366075515,-0.3019088506698608,0.3798588514328003,-0.648094117641449,0.1668550670146942,-0.3187386691570282,0.0258074849843978,-0.2410731613636016,-0.159614622592926,-0.5020554065704346,0.5353348851203918,-0.4817843735218048,-0.0827553272247314,-0.0634893104434013,-0.0339130535721778,-0.3158082962036133,0.0535363592207431,0.4418801665306091,0.1200811564922332,0.054438192397356,-0.3877078890800476,-0.8122380971908569,-1.0736372470855713,-0.0941321402788162,0.4046836197376251,0.4062840938568115,0.1679373532533645,0.3646089732646942,-0.3957914710044861,0.2482173889875412,0.1220466643571853,-0.0587863251566886,-0.0509486310184001,-0.0543970838189125,-0.5202624797821045,0.0351971313357353,0.3376376926898956,-0.6664898991584778,0.3643487095832824,-0.4202050864696502,0.2634217143058777,0.4583452641963959,-0.2691214978694916,0.0372564084827899,-0.0270383991301059,-0.3563060760498047,0.1574449837207794,0.87684166431427,-0.2061403691768646,-0.0794132053852081,-0.8050961494445801,-0.0967162251472473,-0.5282164216041565,0.3268319368362427,0.0349509045481681,0.4083581566810608,-0.194251000881195,0.2433279007673263,0.2002975791692733,-0.2499866038560867,0.058934923261404,-0.0548470839858055,-0.2173903584480285,0.3238850235939026,-0.1939383298158645,-0.4534960389137268,-0.2903502881526947,0.0324875637888908,-0.5581664443016052,-0.5012549757957458,0.4984372854232788,-0.4269191920757293,0.6212307214736938,0.1411945819854736,0.3281502425670624,-0.8557057976722717,-0.1678503602743148,-0.4103989601135254,-0.208535611629486,-0.3485463857650757,0.1888104081153869,-0.0390668734908103,0.2116974890232086,-0.1734356582164764,-0.216150015592575,-1.1659576892852783,-0.3703452050685882,-0.3943776488304138,0.1244698390364646,-0.2898524105548858,-0.2151069194078445,-0.0484906509518623,-0.1751576662063598,-0.0269644595682621,-0.1800417900085449,0.3557970523834228,-0.2229432016611099,0.4259726703166961,-1.0649555921554563,0.5214108228683472,-0.6851509213447571,0.3195766806602478,0.0362306721508502,-0.1854678392410278,-0.0408688001334667,-0.5588877201080322,-0.1232456564903259,0.3713202178478241,0.438415378332138,-0.6395547389984131,0.1615892648696899,0.049804650247097,-0.2150278687477111,0.1673540025949478,0.4237509667873382,0.0120493350550532,0.1625511646270752,-0.0203977171331644,0.6105543971061707,0.255047082901001,0.3527452945709228,-0.406722217798233,-0.3520653843879699,-0.4327926933765411,-0.5446853637695312,-0.3809921145439148,0.851805567741394,-0.1012478843331337,0.1129158288240432,0.9938908815383912,-0.7245206236839294,-0.190769612789154,0.4421418011188507,0.2708339989185333,-1.367504596710205,0.1049443855881691,0.0916192904114723,-0.2612210214138031,-0.0744868144392967,0.3613816201686859,0.218541994690895,0.4532367587089538,-0.0569940730929374,-0.3014551401138305,0.9467974305152892,0.4949329793453216,0.1011964157223701,-0.4946164190769195,0.7344223856925964,-0.0732712596654892,0.0923794284462928,-0.3406877219676971,-0.5071636438369751,0.2337279766798019,0.3787388801574707,0.0193988438695669,0.2765727043151855,-0.4663834273815155,-0.0918539017438888,0.1381756514310836,-0.10019551217556,0.219620019197464,-0.4414709806442261,-0.1128413900732994,0.190971702337265,0.5164321660995483,0.589641273021698,0.8569481372833252,0.2078739255666732,0.1020235791802406,0.7102785110473633,0.3657528162002563,0.6217800378799438,0.0173499286174774,0.0741462409496307,0.1081386059522628,0.4718742072582245,-0.0181661434471607,0.2001671344041824,0.079133540391922,0.582419753074646,0.2887793183326721,0.5806037187576294,-0.1183381155133247,0.3082117438316345,0.3677203357219696,0.31102055311203,0.7447459101676941,0.4226313829421997,0.1672681868076324,-0.6663649082183838,-0.188687264919281,0.3288110494613647,-0.5550928115844727,0.0245085041970014,0.2496380507946014,0.5079242587089539,-0.2173969894647598,-0.4625740051269531,0.1231372207403183,0.4955804049968719,-0.1666944026947021,-0.5805251002311707,-0.3853215277194977,-0.615144670009613,-0.221407875418663,-0.1303703635931015,-0.8066840171813965,0.2197250872850418,0.2318197786808014,0.3091916143894195,-0.6116858124732971,-0.0444712787866592,0.1862290650606155,-0.7234421372413635,0.0642637759447097,-0.4130603671073913,-0.0056013669818639,-0.5066355466842651,0.1777539402246475,-0.18148835003376,-0.1445691585540771,-0.3907641172409057,0.1366250216960907,-0.209141656756401,0.2504712641239166,-0.0233423691242933,0.4674542546272278,-0.059251245111227,0.5048641562461853,0.043604701757431,0.2478443682193756,-0.2321676164865493,0.0863143503665924,-0.5848694443702698,0.2119140326976776,0.5857650637626648,0.2970518767833709,0.283654123544693,0.3118868768215179,0.4099399149417877,0.1258585304021835,-0.0755718946456909,-0.022803034633398,-0.2383574396371841,-0.6956143379211426,0.7727620005607605,0.2410871833562851,0.1756283491849899,-0.2758700847625732,-0.1947786808013916,0.1710977256298065,-0.2218316346406936,-0.237852856516838,-0.172521024942398,0.1367765218019485,0.0556310415267944,0.1379725635051727,-0.1301013827323913,0.9963765740394592,-0.5135068893432617,0.3207392692565918,0.2744286954402923,0.0984241142868995,0.3161286115646362,0.1740449070930481,-0.1567199081182479,-0.0595823228359222,0.3163750767707824,-0.1160292625427246,-0.1660627275705337,-0.3220095932483673,0.1844811141490936,0.0244755707681179,0.188332051038742,0.6108905673027039,0.3070165812969208,-0.0192546155303716,-0.6011876463890076,-0.5485519766807556,-0.4158765971660614,-0.3059934079647064,-0.4014372825622558,0.3440805673599243,0.3201162219047546,-0.4112567603588104,0.0197402294725179,-0.2936322689056396,-0.6766907572746277,-0.4339606463909149,-0.3122068047523498,-0.0672766119241714,-0.1189839541912078,0.973155915737152,0.5649281144142151,0.1743807643651962,-0.7071307301521301,0.5378695726394653,-0.1162489205598831,0.0590359456837177,0.2875991761684418,-0.0294951330870389,-0.0840926617383956,-0.1318912059068679,0.0626690164208412,0.1960514187812805,0.3063077628612518,0.6131133437156677,-0.1184803694486618,-0.5474212169647217,0.1621340811252594,0.1770634949207306,0.0455133989453315,-0.3783379793167114,0.7200154066085815,0.2408391684293747,-0.3134249448776245,-0.4049074053764343,-0.2420514225959777,-0.2747218608856201,0.2393253892660141,-0.790289580821991,-0.1178176179528236,-0.3768865168094635,0.1412502378225326,0.2919507622718811,0.5788042545318604,-0.4681045711040497,0.3126051723957062,0.3795687258243561,0.6736486554145813,-0.440080463886261,0.2532998919486999,-0.2488140016794204,-0.2786606550216675,-0.1103451326489448,0.4375189840793609,-0.3158532083034515,0.4014500379562378,-0.7251631617546082,-0.5302066802978516,-0.5450356602668762,0.0019064506050199,-0.9640617370605468,0.6832249164581299,0.0275597628206014,0.3576342463493347,-0.4718641936779022,0.417783260345459,-0.1145199239253997,0.0703534707427024,0.5734333992004395,-0.0526344589889049,-0.1652468591928482,-0.9865517616271972,0.3174304664134979,-0.0573950223624706,-0.5577490925788879,0.4650454819202423,0.8042031526565552,-0.1557003408670425,-0.5096858143806458,0.1114783063530922,-0.0303948633372783,-0.4261590540409088,-0.2411440014839172,-0.5608912110328674,0.1557397693395614,0.5149214863777161,0.1040042713284492,0.3244833052158355,-0.1323404163122177,-0.4046432971954345,-0.3231112957000732,0.3472285866737366,0.3969383537769317,0.4465067386627197,-0.0034244200214743,0.2184528410434723,0.1467864662408828,-0.2775411307811737,0.0226918831467628,0.0180734172463417,0.748359203338623,0.1145729944109916,0.7960390448570251,0.6047556400299072,-0.4952910244464874,0.5494248867034912,0.8899492621421814,0.2527884840965271,0.2704907357692718,-0.3135342299938202,0.042908176779747,-0.7730709910392761,0.5639276504516602,0.0745647102594375,0.3795459270477295,-0.0036050567869096,-0.1982095539569854,-0.066192515194416,-0.3753683865070343,-0.6450170874595642,0.0576977804303169,0.3509683907032013,0.3359062075614929,-0.1190442815423011,0.3167885541915893,0.4207812845706939,0.2225155383348465,-0.2186346054077148,-0.2408219128847122,0.0986327230930328,0.1496842503547668,0.7013519406318665,-0.0293946824967861,0.3244429528713226,-0.1375072598457336,-0.9956024885177612,-0.254660427570343,0.1009773984551429,-0.0674589797854423,0.6115954518318176,-0.0799112692475318,-0.1625643372535705,0.23420150578022,-0.164591759443283,0.5733628273010254,-0.187115266919136,-1.024404764175415,-0.0841650068759918,0.2277201116085052,-0.119817279279232,0.0023871709126979,-0.0715970918536186,0.5766525864601135,0.118711844086647,-0.3635269403457641,0.1365807652473449,0.7753075361251831,0.1521394848823547,-0.2624624967575073,0.0313081927597522,-0.0434151850640773,-0.3729007244110107,0.0290948152542114,-0.1900292336940765,-0.6397236585617065,-0.1483013927936554,0.1866718232631683,0.1346351206302642,0.0874330028891563,0.0155172552913427,0.2688823044300079,-0.0446039028465747,0.3076027333736419,-0.0745626762509346,-0.6711005568504333,-0.1346205025911331,0.5038766264915466,-0.3146475851535797,-0.0261924061924219,0.0846107974648475,0.0217937938868999,0.0583756901323795,-0.0690358430147171,-0.3553929924964905,0.2402874529361724,-0.6287341713905334,0.5144432187080383,-0.4295004308223724,-0.3813173770904541,0.3333607614040375,-0.0087165711447596,-0.6294474601745605,-0.6344353556632996,0.0117953903973102,0.6523966193199158,0.2305472791194915,-0.3062798976898193,0.4668005704879761,-0.4441059231758117,0.5256407856941223,0.348789781332016,-0.2118508517742157,0.032179158180952,-10.265278816223145,-0.3397718369960785,-0.6469663381576538,-0.0156697388738393,-0.5084431171417236,0.1733414083719253,0.6596047878265381,0.0455318726599216,-0.2701387703418731,-0.0290987733751535,0.8028372526168823,0.3652738630771637,0.4646075963973999,0.7513939142227173,-0.5526511669158936,-0.406506597995758,-0.1170046925544738,-0.3609572350978851,-0.1069817617535591,0.047794546931982,0.4184467196464538,-0.1022268086671829,0.8905100226402283,0.477902352809906,-0.6454569697380066,-0.425428569316864,-0.8275082111358643,0.3964523375034332,0.1438166797161102,0.2138384729623794,-0.6968300938606262,0.4159755110740661,0.1026412844657898,0.2536438703536987,-0.4905888140201568,-0.0894505381584167,-0.5111433267593384,0.2731507122516632,0.384169727563858,0.6054202914237976,-0.1987547576427459,0.3328362703323364,0.2532228529453277,0.4394642114639282,0.0359343066811561,0.1503917425870895,0.1732529401779174,0.4136281311511993,0.4007943570613861,0.075070634484291,0.2376943826675415,-0.1549127399921417,0.5204101204872131,-0.0607761554419994,0.1069935038685798,0.6276372671127319,0.6554633975028992,-0.2898725867271423,-0.4860830307006836,-0.0292883720248937,0.2937375605106354,-0.4057251811027527,0.7810714840888977,0.4153846800327301,-0.0414174608886241,0.1329126358032226,0.3588762283325195,0.6492997407913208,-0.6620249152183533,-0.086374893784523,0.2295977771282196,0.173898845911026,0.1561040431261062,-0.1828092783689499,-0.6997959613800049,0.3361480236053467,-0.5184464454650879,-0.0072051766328513,0.0758055299520492,0.1518719643354416,0.5239549279212952,-0.0771982371807098,-0.5081847906112671,0.0894954577088356,-0.9789246916770936,0.2625838220119476,-0.1468386948108673,0.0790006816387176,0.3532863855361938,-0.4694406688213348,0.34163698554039,-0.5079615116119385,-0.392924815416336,0.5831993222236633,0.2942629158496856,0.0484435223042964,0.6676459312438965,0.3810811936855316,0.6125280857086182,0.1614170372486114,1
0.94775128364563,0.1173724234104156,1.316642999649048,-0.5017281174659729,-0.3689460754394531,0.3773109018802643,0.4919061958789825,0.0218652542680501,-0.6701852083206177,-0.388258546590805,0.4110503494739532,-0.6082220673561096,-0.2239027321338653,0.0021396484225988,0.4486876428127289,0.3260857462882995,0.1396327167749405,-0.0580708682537078,0.3864803910255432,-0.1840185970067978,-1.441098928451538,0.0032129483297467,-0.1135340332984924,0.4907000064849853,0.2903238534927368,-0.8052024245262146,-0.3805024921894073,0.2174103260040283,0.2277310788631439,-0.2582508325576782,-0.3997667729854584,0.0307863522320985,-0.3034184873104095,0.310472309589386,-0.8150948882102966,0.2950322329998016,-0.0864204242825508,-0.2391212731599807,0.5467090606689453,-0.2346615642309188,-0.5092453956604004,-0.3651424646377563,-0.2458496540784835,0.0250484980642795,-0.3836399614810943,0.4061118960380554,0.0486630946397781,0.3078769743442535,-0.197857454419136,-0.1264850795269012,-0.7915502190589905,0.5037461519241333,0.3707227408885956,0.2529644966125488,0.1934338510036468,-0.0269999038428068,0.8813539147377014,-0.9821504950523376,0.0848774835467338,0.1988138705492019,-0.1543801575899124,-0.4489288032054901,0.9525756239891052,-0.3061911761760711,-0.3852879405021667,0.0061098528094589,0.0189868658781051,-0.0998372137546539,0.8140808343887329,-0.4873258769512176,0.344953715801239,0.3151622116565704,0.0310182385146617,-0.5907379984855652,0.4138426184654236,-0.1672213524580001,0.1089688837528228,0.5058535933494568,-0.0674997791647911,-0.1316648423671722,0.3448272049427032,0.3038579821586609,0.2079891711473465,-0.2796406745910644,-0.4777310490608215,0.2567661702632904,-0.5231646299362183,-0.9273645281791688,0.4415215253829956,-0.2925563752651214,-0.0538848489522933,-0.1175196319818496,0.0734923109412193,0.116525687277317,0.461976557970047,0.0889632403850555,0.0371655523777008,0.0148884756490588,-0.4289518296718597,0.0856628566980362,-0.0710574984550476,0.0444853976368904,0.2986475825309753,-0.3397004306316376,0.2647976279258728,0.0749158188700676,-0.730405330657959,0.1759262084960937,0.2143139243125915,0.3802367448806762,-0.4679342806339264,-0.4221651256084442,-0.4808670282363891,-0.1362127810716629,0.4291914999485016,0.1207915768027305,-0.2129467129707336,0.3492516279220581,-0.1411748826503753,0.3885209858417511,0.0962946414947509,0.5547434687614441,0.002453860361129,-0.6714468598365784,-0.0555116161704063,0.7099156975746155,0.2608654201030731,-0.0216345302760601,-0.1543054282665252,-0.1704353094100952,-0.3158348202705383,-0.6510280966758728,-0.1548082381486892,-0.1528059840202331,-0.5972965955734253,0.4602174758911133,0.4048514664173126,-0.1352898031473159,0.01298972312361,-0.3717822134494781,-0.2705349326133728,0.0329854227602481,0.2751617133617401,-0.6006218194961548,0.3906432688236236,0.3406088054180145,-0.1427867263555526,-0.249962493777275,0.3837310671806335,0.2810518145561218,-0.0356912463903427,1.164789795875549,-0.8490410447120667,-0.0580755434930324,0.0007221431005746,0.4262295961380005,-0.9009002447128296,0.0691477507352829,0.4668187797069549,0.0882570445537567,0.4764738082885742,-0.2750900983810425,0.307360976934433,0.5119200348854065,0.3010843992233276,0.0418198630213737,0.199328139424324,-0.5934155583381653,-0.118900716304779,0.5268049240112305,0.4574305117130279,0.1648199558258056,0.4366768896579742,-0.1795542389154434,-0.2995133399963379,0.0599355995655059,1.3210430145263672,0.131308764219284,0.0058595780283212,-0.256692498922348,-0.1045788750052452,0.2693543136119842,0.3183890581130981,-0.4795559644699096,0.6003872156143188,-0.2974226176738739,0.4243681728839874,-0.0432594530284404,-0.2643187344074249,0.5357442498207092,-0.3717144131660461,-0.3282507956027984,0.4468185007572174,-0.4659784436225891,-0.2205624282360077,-0.6311503648757935,0.4972507357597351,0.1096862480044364,-0.676611602306366,0.43205526471138,0.1878221333026886,-0.307574450969696,-0.3271284997463226,-0.7429347634315491,-1.220770239830017,0.0458682365715503,0.1548320353031158,0.5692897439002991,0.0996578186750412,0.9358232617378236,-0.291261225938797,-0.1989966928958892,0.505968451499939,-0.0285303425043821,0.2987140119075775,-0.1682867109775543,-0.2884151935577392,-0.2473891228437423,0.0228896476328372,-0.466551810503006,0.2314996421337127,-0.400771826505661,0.1380075365304947,-0.0144428480416536,0.3250759243965149,0.6879263520240784,0.1789769679307937,-0.6184269785881042,-0.6871395111083984,0.1771272420883178,-0.892789363861084,-0.6030214428901672,-0.5983490347862244,0.0452367588877677,-0.5100491642951965,-0.7107734680175781,-0.2551888823509216,-0.026628665626049,-0.5758002996444702,0.704792857170105,-0.0401472933590412,-0.114395648241043,0.6105135679244995,-0.4791110157966614,-0.0474183745682239,0.5495051145553589,-0.15192811191082,0.2451046854257583,-0.2010300308465957,0.2171190977096557,-0.2154427766799926,-0.5596016049385071,0.028937442228198,-0.2809703946113586,0.6423804759979248,0.5641977190971375,0.8400527834892273,-0.6789668798446655,0.1634413748979568,-0.5081506371498108,-0.0548935942351818,-0.5110361576080322,0.0243724826723337,0.1101577505469322,0.1049648597836494,0.0590368285775184,-0.240217238664627,-0.2351835221052169,-0.3948086500167846,-0.7827419638633728,0.2921999990940094,-0.2143639326095581,-0.047423243522644,-0.3720040321350097,0.3671428561210632,0.0217059925198555,-0.5039645433425903,0.1623114049434662,-0.2507314085960388,-0.0461698547005653,-0.3694636821746826,0.4463103413581848,-0.6066151261329651,-0.2029113918542862,0.1732631921768188,0.203907236456871,-0.9895160794258118,0.1389112919569015,-0.3708057999610901,0.9550499320030212,0.6655372381210327,-0.6939769387245178,-0.1571587920188903,0.2295770496129989,-0.6140111088752747,0.1697186976671219,0.5241615772247314,-0.0134373940527439,0.682406485080719,0.1465516537427902,0.2888729572296142,0.8239008188247681,0.5796137452125549,0.104454219341278,-0.1271654665470123,-0.7269355654716492,-0.1870091557502746,0.3391287624835968,0.3795760869979858,0.1182256489992141,0.2604843080043793,0.9113913178443908,-0.5377025008201599,0.5646450519561768,0.8851120471954346,0.5391872525215149,-2.0579376220703125,-0.3423119783401489,0.5832024812698364,-0.0151042584329843,-0.759589672088623,-0.352277398109436,0.8209034204483032,0.5071016550064087,-0.2414571046829223,-0.6187499761581421,1.1440473794937134,0.3295051455497741,0.0613541863858699,-0.5434368252754211,0.095176100730896,-0.1873257756233215,-0.0404492057859897,-0.8191483616828918,0.3445096909999847,0.4255690574645996,-0.1087922528386116,-0.1732247322797775,0.076923944056034,-0.4785624742507934,-0.1412923783063888,0.2171568721532821,-0.8158102035522461,0.2320639044046402,-0.6630445122718811,-0.2896499931812286,-0.0403202250599861,0.8874858617782593,1.1063432693481443,0.1701773256063461,-0.9401575326919556,-0.6442153453826904,-0.646077036857605,-0.4406172633171081,0.0831818357110023,-0.352849394083023,-0.1805536746978759,-0.1730049401521682,0.3338890075683594,0.0542619936168193,0.1992109417915344,-0.5232218503952026,-0.2501255571842193,0.2529046535491943,-0.0438087508082389,0.5353254079818726,0.5611822009086609,0.1756169497966766,0.0674798414111137,0.4569131135940552,0.9648536443710328,0.3380883932113647,-0.0676516517996788,-0.7464489340782166,-0.1506033986806869,-0.5722528100013733,0.0340136066079139,-0.3090834021568298,-0.5844908952713013,0.6671366095542908,-0.4323138296604156,0.1775268465280532,-0.0575160570442676,-0.9385984539985656,0.2538460493087768,-0.3838684260845184,-0.2186372429132461,0.0112544456496834,0.196266770362854,-0.3066014051437378,1.3264989852905271,0.1582959592342376,0.5031972527503967,-0.4307092130184173,-1.043001651763916,0.3582607805728912,-0.2118205726146698,-0.0313922427594661,0.2178775519132614,0.1842791885137558,-0.2083347290754318,0.0049079498276114,-0.2088428288698196,-0.6047078371047974,-0.4797363579273224,-0.1741552203893661,-0.9646405577659608,-0.2052225023508072,-0.2893185615539551,0.5923017859458923,-0.2895740270614624,-0.0549882315099239,0.017693543806672,0.0998245403170585,-0.3994168639183044,-0.2871818542480469,-0.2183968126773834,0.3670180737972259,0.449763685464859,0.7569015026092529,0.2775266170501709,0.100539244711399,0.6747692227363586,-0.1866916567087173,0.3235169649124145,-0.274396151304245,-0.7075938582420349,-0.2073723673820495,0.9112719297409058,-0.5465337038040161,0.1461365669965744,0.1712982654571533,-0.089333675801754,0.4763753116130829,-0.3569649457931518,-0.927865505218506,0.4841615855693817,0.1008836925029754,0.2577694058418274,0.6376024484634399,0.4233948886394501,0.7172957062721252,0.5495918989181519,-0.0622022002935409,-0.2784615755081177,-0.0844631493091583,-0.2208123058080673,-0.1920157223939895,0.2061384171247482,-0.0982237234711647,0.3029255270957947,0.7171321511268616,0.3947082757949829,0.4324597120285034,0.7188161015510559,0.3858940899372101,-0.389268547296524,0.4747753441333771,0.1348943561315536,-0.0557727143168449,-0.1109421402215957,0.6605849862098694,-0.4082896709442138,0.3907800912857055,0.2065702229738235,-0.1813705563545227,0.5817940831184387,-0.0977762266993522,0.9398486018180848,-1.043189287185669,-0.5832615494728088,-0.626889705657959,-0.5796219706535339,-0.0027964443434029,-0.5658192038536072,-0.140582799911499,0.5280356407165527,-0.1176932230591774,-0.7761464715003967,0.0638950690627098,0.658113420009613,0.3885479569435119,-0.0449090227484703,-0.316041499376297,-0.2585292458534241,0.0431951954960823,-0.6868218779563904,-0.6616407632827759,0.1958622634410858,-0.1964258998632431,-0.4787997007369995,-0.8861027956008911,0.0074130594730377,-0.0103164622560143,0.6298323273658752,-0.4494985342025757,0.3327707946300506,0.2238941490650177,-0.4960865080356598,-0.2365241199731826,-0.3849330842494964,-0.2110832780599594,-0.3559989929199219,-0.331271082162857,-0.4221368730068207,-0.3721031844615936,0.1870522201061248,0.749828577041626,0.57932448387146,0.004015265032649,0.0753402188420295,0.4891727864742279,0.1869558990001678,-0.3290881514549255,0.0347938127815723,-0.459599882364273,-0.2827969193458557,-0.5156644582748413,-0.0107354875653982,-0.2543314099311828,0.0082873171195387,-0.2837506830692291,-1.1472055912017822,-0.5756711959838867,0.1146640032529831,-0.9890586137771606,0.336430937051773,-0.0570718497037887,0.6087896823883057,-0.8617693781852722,-0.0427790880203247,-0.2551881670951843,0.0427073463797569,-0.2691774070262909,0.5126655101776123,-0.3629481494426727,-0.8731046915054321,-0.0752403512597084,0.1398470252752304,-0.7469031810760498,1.3227258920669556,0.2702732980251312,-0.4243772029876709,0.3200898766517639,0.5918201208114624,0.3543504774570465,-0.4506686329841614,-0.0404456704854965,-0.1937918663024902,0.5224626660346985,0.1898347586393356,-0.4154056012630462,0.3864432871341705,-0.0893473774194717,-0.0332515574991703,0.0741094127297401,0.6888866424560547,0.1676843911409378,0.5645897388458252,0.6759856343269348,-0.7002256512641907,-0.0219210609793663,-0.56084144115448,0.0903962925076484,-0.0203517600893974,0.631005585193634,-0.5794175863265991,0.6931965947151184,0.4330489933490753,-0.6122232675552368,0.349486380815506,1.2386590242385864,-0.0071687996387481,0.9920008778572084,0.0020759857725352,0.1580575108528137,-0.4173475503921509,0.1612988859415054,0.4689893424510956,0.0249490030109882,0.3048522174358368,0.2278130501508712,-0.1708904802799224,-0.3457862734794616,0.4413183033466339,-0.1777487695217132,-0.3387014269828796,0.313405692577362,0.2557193040847778,-0.1922087222337722,0.860644519329071,0.431912362575531,0.4420181214809418,-0.1252801269292831,0.3504112660884857,0.6421331763267517,0.9770622849464417,0.0562372133135795,0.3010036945343017,-0.3268188238143921,-0.4130631685256958,0.4183343350887298,-0.0179550610482692,-0.1114342436194419,0.6509515643119812,-0.406890869140625,-0.3417459428310394,0.4774061441421509,0.3182330131530761,0.262900561094284,-0.178569346666336,-0.8125022053718567,0.0593070238828659,-0.2837048768997192,-0.0981518253684043,0.0321839228272438,0.1914244890213012,0.7979729175567627,0.3160221874713897,0.1596185564994812,0.2733621001243591,0.9783291220664978,-0.1242507174611091,-0.2472241073846817,0.0416438691318035,-0.0171143263578414,0.2451831698417663,0.0873798877000808,0.7011855244636536,-0.0443194583058357,-0.1437614411115646,0.6608770489692688,-0.2220726907253265,0.1619366407394409,-0.1955505609512329,0.3790335357189178,-0.0452921874821186,0.0818844512104988,0.1042823195457458,-0.1087192669510841,-0.0591908395290374,-0.2640201151371002,-0.9510142207145692,0.1158906146883964,0.2073425948619842,0.2250636368989944,-0.5712059140205383,0.1429078429937362,-0.4892480671405792,-0.5565018057823181,-0.193626195192337,0.5225298404693604,-1.1462353467941284,-0.7008061408996582,0.7900848388671875,0.0378482453525066,-0.4938881397247314,-1.2737497091293335,0.7529394626617432,0.4563989341259002,0.3972026407718658,0.1368719339370727,0.1930549144744873,-0.0734303593635559,-0.1710683703422546,-0.1105351075530052,-0.4500059485435486,-0.5432879328727722,-9.694493293762209,0.31403648853302,-0.2052793651819229,-0.4329672157764435,-0.1198763623833656,-0.4910621047019958,1.1029752492904663,0.922713577747345,-0.4386252164840698,0.6169313192367554,-0.3877057433128357,0.00970895960927,0.2820572555065155,0.2625912129878998,-0.2348571419715881,-0.0952555835247039,-0.6197619438171387,0.277277410030365,-0.0588202476501464,0.010323042050004,-0.6390373110771179,-0.2990011870861053,0.6788322925567627,0.126068577170372,0.4451174139976501,-0.4278421401977539,-0.1202281489968299,0.2633188664913177,0.3067159652709961,0.3486003875732422,-1.0898029804229736,0.4777397215366363,-0.0891677439212799,0.2930540442466736,-0.2903353869915008,0.4414325952529907,0.0791541188955307,0.4572458863258362,-0.1976640820503235,0.50599205493927,0.3323367834091186,0.1710262447595596,-0.1237399354577064,-0.140757605433464,0.3802380263805389,-0.1309256106615066,0.0007667838362976,0.2207339704036712,0.7491353750228882,-0.359279453754425,-0.4368247389793396,0.1314577311277389,0.3515811562538147,-0.3438516855239868,0.4336209297180176,0.0727652162313461,0.4582828879356384,-0.7198010087013245,0.1200947016477584,0.1198674142360687,0.4687196314334869,0.4256715178489685,0.4933706521987915,0.7920346856117249,-0.0918520241975784,0.5673166513442993,0.0178303513675928,0.1608434319496154,-1.1328779458999634,-0.1149405762553215,0.3954378068447113,0.2839181423187256,0.2034425586462021,0.1563435494899749,0.0008231900865212,0.0548231825232505,-0.1990682482719421,0.2183517217636108,-0.0294011756777763,0.144124150276184,0.3941380977630615,-0.4038606286048889,-0.1983039677143097,0.4366379678249359,-0.7118498682975769,0.3044184446334839,0.2141147553920745,-0.3410414457321167,0.3150749802589416,-0.5044310092926025,0.6409334540367126,-0.0832193717360496,-0.5852536559104919,0.6678462028503418,0.3726235628128052,-0.3012545704841614,-0.4017639458179474,-0.36842742562294,0.3341236114501953,-0.585013210773468,0
0.2429837435483932,0.6616470813751221,0.4144341945648193,-0.5313122272491455,0.1043398976325988,0.1102759465575218,0.1062611937522888,-0.2478341162204742,-0.2821229696273803,-0.1260201185941696,0.3784200251102447,0.1037749797105789,-0.10788494348526,-0.294757604598999,0.5367764234542847,-0.928157925605774,0.1167352274060249,0.0656434595584869,-0.1832303702831268,-0.2120799869298935,-0.4948760271072387,-0.4055013060569763,-0.4894960820674896,0.4153940379619598,0.2371083348989486,0.0990686863660812,0.3000172078609466,0.2303175777196884,-0.1508395671844482,-0.4304077327251434,0.1607287675142288,-0.3669348955154419,-0.0078871855512261,-0.2883332073688507,-0.2220017313957214,0.4118724763393402,0.0157045312225818,-0.3442846238613128,0.6697462797164917,0.3244195282459259,0.492513507604599,-0.0104946829378604,-0.1454022377729416,-0.4759864807128906,-0.1838628053665161,-0.025675805285573,0.026679765433073,-0.2451867908239364,-0.145347774028778,0.2870108783245086,-0.0690131187438964,0.1475712805986404,0.2691896855831146,-0.0975613892078399,-0.1410095989704132,-0.2098197638988495,0.4573187530040741,-0.1174774765968322,0.0793971195816993,0.1471655964851379,-0.6074702143669128,-0.0248136818408966,-0.2856194376945495,0.2636463046073913,-0.1505414545536041,0.2051240503787994,0.1775323301553726,-0.1433065384626388,-0.0035859446506947,0.1596288084983825,-0.0907938554883003,0.2541209459304809,-0.4107077419757843,0.0826245546340942,0.4377497136592865,0.1316197663545608,0.1347358673810959,-0.6244744658470154,0.205821231007576,0.193708449602127,-0.1448723077774047,0.6121870279312134,-0.1083380207419395,-0.923694670200348,-0.3283492922782898,0.4229500889778137,-0.855821430683136,-0.6492044925689697,0.7465376257896423,0.1914977729320526,0.3263177573680877,-0.1214522197842598,0.1692380011081695,0.051663763821125,0.4650666713714599,0.0560071654617786,0.1095112487673759,0.000639735138975,0.0553719326853752,0.4078894555568695,-0.5672503709793091,-0.1987964212894439,0.2265511900186538,0.0204362273216247,-0.2532869279384613,0.102281630039215,-0.1485786437988281,0.2984353899955749,0.5234402418136597,0.1864424645900726,0.0229677036404609,-0.5233455300331116,-1.037511110305786,-0.0380867198109626,-0.5107100009918213,-0.0620136447250843,-0.146765798330307,0.2129094898700714,-0.0059054959565401,0.958530604839325,0.1520959734916687,0.6953815221786499,-0.2734029293060303,-0.4183167219161987,-0.6107425689697266,-0.0333437174558639,0.2114969491958618,-0.0050072912126779,0.2974022030830383,-0.5956506133079529,-0.1555178463459015,-0.3459401130676269,-0.4776040613651275,0.1496871560811996,-0.2893439829349518,1.3273342847824097,-0.2777860164642334,-0.3315542042255401,-0.1166881397366523,-0.7165441513061523,-0.3890847563743591,0.2689749002456665,0.4938358068466186,-0.3202112317085266,-0.355864554643631,0.2386700063943863,0.2283650189638137,-0.1370262056589126,0.3486682474613189,0.2297505736351013,0.070768654346466,0.7893009781837463,-0.4187586605548858,0.2134864628314972,-0.0380802862346172,-0.2275033444166183,-0.4241217076778412,0.8129070401191711,-0.0552768632769584,0.1299701780080795,0.4829398691654205,-0.3331312537193298,0.0883076786994934,0.6621437072753906,0.192182183265686,0.3532751500606537,0.5633125305175781,0.0806767791509628,0.5191296339035034,0.84903883934021,0.1574263125658035,0.1920378357172012,0.2674828171730041,-0.0119606144726276,-0.0179694071412086,0.3758255541324615,0.1096233204007148,-0.1509265750646591,0.0598473697900772,-0.6680653095245361,0.0179712958633899,-0.4222248792648315,0.2690566480159759,-0.6090359687805176,0.4296282827854156,0.1820018142461776,0.2575974762439728,-0.0080163571983575,0.2309181541204452,0.2193805873394012,0.0711452215909957,-0.1978735029697418,0.3086549341678619,-0.305957019329071,-0.2482561767101287,-0.040400955826044,-0.1866161823272705,-0.1047106832265853,-0.3690989017486572,0.6217343211174011,-0.0149576058611273,0.0208998396992683,0.1553537398576736,-1.0083690881729126,-0.6598727703094482,-0.0307220090180635,0.0740824490785598,0.2435399740934372,0.2011950463056564,0.4041383564472198,-0.3810803890228271,0.3071947991847992,0.2138439565896988,0.2134152352809906,0.7393538355827332,0.124230146408081,-0.4999823570251465,-0.6200705170631409,0.6957839727401733,-0.4209252595901489,0.2966658174991607,0.287886381149292,0.1154162883758544,-0.3496742844581604,-0.5425217747688293,0.3033263981342315,0.6870912313461304,-0.1928041577339172,0.2805252969264984,0.786598801612854,-0.2743557393550873,-0.7091795206069946,-0.755965530872345,0.4028015732765198,-0.5773530602455139,-0.0032976644579321,-0.1895332485437393,0.3897786438465118,0.103490449488163,0.4466934204101562,-0.2233365625143051,0.0843053236603736,0.1237956285476684,0.0208829268813133,-0.295165866613388,0.1247735247015953,-0.2412090301513672,-0.6967189311981201,-0.2191511392593383,-0.5633196234703064,-0.7809281349182129,0.2351743131875991,-0.0793177708983421,-0.6614803075790405,0.7603803873062134,-0.1348340362310409,0.1946591436862945,0.3506882488727569,0.6989926099777222,-0.2840446829795837,-0.9344939589500428,-0.6188869476318359,-0.109934501349926,-0.2047150284051895,-0.2345944344997406,0.2682673633098602,0.1313077062368393,-0.2012358456850052,-0.9308447241783142,-0.3641413450241089,0.5580544471740723,-0.4756347835063934,-0.2437719404697418,-0.0948891788721084,-0.5024368166923523,-0.1324057281017303,0.0524689331650733,0.6777330636978149,-0.5296950340270996,0.4793498516082763,-0.6652148962020874,0.2199455201625824,-0.9174380898475648,-0.3692097067832947,0.2431943714618683,-0.2337118685245514,-0.2766892313957214,-0.6346429586410522,-0.2657560408115387,0.0116315418854355,0.1325128227472305,-1.0660030841827393,-0.1120108589529991,-0.0864522457122802,-0.2063036113977432,0.5902285575866699,0.2407087236642837,0.3161251246929168,-0.2273279726505279,0.0248950850218534,0.1730425208806991,0.0993838012218475,0.4278195202350616,-0.1964274644851684,-0.2368857413530349,0.0010892205173149,-0.0591033622622489,-0.3960906863212585,0.5078621506690979,-0.163101851940155,0.2188931852579116,0.4486396014690399,-0.5537123680114746,-0.0463178567588329,1.2444818019866943,0.3487429320812225,-1.5020153522491455,0.5995408296585083,0.2303229719400406,0.4922672510147095,-0.0242355950176715,0.8289330005645752,0.1658795326948166,0.2400076240301132,-0.1751780658960342,-0.4951502084732055,0.8983199000358582,0.5475347638130188,-0.3157324492931366,0.4954361021518707,0.7171089053153992,-0.2827208042144775,0.3410134017467499,-0.6121780872344971,0.0275671202689409,0.3620475828647613,-0.1288771480321884,0.0586671493947505,-0.3593015968799591,-0.4158864617347717,-0.3234583139419555,0.2186788320541381,-0.054381426423788,0.3666248917579651,-0.6259625554084778,-0.3300541043281555,0.0359206236898899,0.905072808265686,0.7259753346443176,0.6455700397491455,-0.8034408688545227,-0.3687601089477539,0.3280030786991119,0.3391102850437164,-0.1116150394082069,-0.0498237125575542,0.3112061023712158,-0.6004527807235718,0.7444670796394348,0.004943897947669,-0.2737416625022888,0.4370934069156647,0.2138765752315521,-0.1150262430310249,-0.1550572216510772,0.3714747726917267,0.5801296234130859,0.0133970277383923,0.3824444711208343,0.1665427237749099,0.5571229457855225,0.0155771458521485,-0.3926637768745422,-0.2148728370666504,0.5078781247138977,-0.6612591743469238,-0.1466124355792999,-0.0399776212871074,-0.4440430402755737,0.3932904601097107,0.0550920702517032,0.1107166036963462,-0.4616883993148803,-0.0968769788742065,-0.3807919919490814,-0.3492355346679687,-0.7859245538711548,0.1585797220468521,-0.102816417813301,0.1691825091838836,0.0684942007064819,0.0590056367218494,0.6421015858650208,-0.3890002369880676,-0.694823145866394,0.49764084815979,-0.2100668847560882,0.616585910320282,0.1529806107282638,0.3491581380367279,-0.0853445529937744,0.5202713012695312,0.0830933153629303,-0.3337989449501037,-0.9165831804275512,-0.016295026987791,-0.7332712411880493,0.042853370308876,-0.1878782957792282,0.6519651412963867,-0.1901039034128189,0.1041358187794685,-0.2169331759214401,-0.1172236055135726,-0.6708835959434509,-0.4083777666091919,-0.0215285513550043,0.4125701189041137,0.1186963841319084,0.2391372174024582,0.0760342478752136,0.2227817773818969,-0.1969287544488906,-0.1205940619111061,0.2048063576221466,-0.2838293313980102,-0.2153407633304596,-0.3133227825164795,0.3032082021236419,0.2229405045509338,0.1993780732154846,0.1405640542507171,0.1348936557769775,0.9171162843704224,-0.0040773986838757,-0.5683957934379578,-0.202481135725975,0.0748540014028549,-0.5582358837127686,0.6207622289657593,0.603394627571106,0.3168795704841614,-0.2125132828950882,-0.0288510210812091,0.3115122616291046,0.2210391759872436,0.2493517100811004,-0.2543894052505493,-0.0992610976099968,-0.1656071990728378,0.6284988522529602,1.0713316202163696,0.2836301922798157,-0.1074520945549011,0.0900056660175323,0.4166778028011322,-0.3198823630809784,0.2921349704265594,-0.0971302092075347,-0.2276584059000015,-0.1310792714357376,0.1182970181107521,-0.0538550391793251,-0.6497675776481628,-0.0252242423593997,-0.2644214630126953,0.0595304928719997,0.1227905079722404,-0.0516981892287731,0.1294545233249664,-0.2900190353393554,-0.094262309372425,-0.1633104383945465,-0.1553844809532165,-0.4451681971549988,-0.0710231885313987,0.4448330998420715,0.2612958550453186,-0.5230633616447449,-0.1095476970076561,-0.5029499530792236,0.2451343834400177,0.2199645638465881,-0.973588764667511,-0.0070733963511884,0.4774846136569977,-0.4497261941432953,0.3073701560497284,0.7928303480148315,0.0182920433580875,-0.1018890142440795,-0.6858155727386475,-0.1857819855213165,0.0109096784144639,0.1317808181047439,-0.6567697525024414,0.8301150798797607,0.1016561090946197,-0.5717026591300964,-0.1149327009916305,-0.2627092003822326,0.034024178981781,0.0031094052828848,-0.3713329434394836,-0.3024531900882721,0.1304530352354049,-0.0712276026606559,0.3358756899833679,0.3019727170467376,-0.3836082518100738,0.5502412915229797,0.476828396320343,-0.1813965141773224,-0.2056408822536468,0.1381787955760955,0.1300579309463501,-0.2510866522789001,-0.490662008523941,0.5847228169441223,0.0990990921854972,0.4542977511882782,-0.5019312500953674,-0.4525839984416961,-0.9553918242454528,-0.3081034123897552,-0.4120027124881744,1.0101089477539062,0.106171153485775,0.5920789241790771,-0.5466233491897583,0.0369764156639575,-0.2334018349647522,-0.4807859659194946,0.0340243764221668,-0.00066391605651,0.1705408543348312,-0.5426018834114075,0.0597610399127006,-0.0566765144467353,-0.5716797709465027,0.5897325873374939,0.2156503498554229,-0.5519767999649048,0.214102029800415,0.3325624465942383,0.4883544743061065,-0.3271539509296417,-0.004443631041795,0.028824022039771,-0.4150506258010864,0.4931075572967529,0.598717451095581,-0.0168216433376073,0.0082954056560993,-0.4523566663265228,0.1862673312425613,0.4561715424060821,0.0995494574308395,0.5674883723258972,-0.1299070566892624,0.3055258095264435,-0.393447607755661,-0.5910243988037109,-0.1656953394412994,0.5245293974876404,-0.0361129119992256,-0.2305850982666015,0.520514965057373,0.812446653842926,-0.4471359252929687,-0.2025977224111557,0.5878554582595825,0.5430659055709839,0.5173218250274658,-0.1239184811711311,-0.0395412445068359,-0.1178594082593917,0.3187896609306335,0.1799277663230896,0.0406401194632053,0.0795059874653816,-0.3792600333690643,0.1649370342493057,0.0250375401228666,-0.0221073124557733,0.0572055093944072,-0.1905837059020996,-0.2511022388935089,-0.0188268590718507,-0.090795986354351,0.9667328000068665,-0.0944556295871734,-0.0823743417859077,-0.1619880199432373,0.0251872967928648,0.7463778853416443,0.3581504225730896,0.5912224054336548,-0.2392962276935577,-0.158086210489273,-1.1010819673538208,0.1275637000799179,0.313126653432846,0.2486414015293121,0.4778515994548797,-0.5838837027549744,-0.4259118437767029,0.1567355543375015,-0.0280694551765918,0.2171958833932876,-0.3518778383731842,-0.3050165474414825,-0.0396391414105892,-0.1147433742880821,-0.6355258226394653,0.1865203827619552,0.0695757940411567,0.2216122150421142,-0.2658445537090301,-0.1083803921937942,0.0552495196461677,0.7241560816764832,0.0491474531590938,-0.1668150871992111,0.4289432168006897,-0.5209513902664185,-0.3094995319843292,-0.2502380311489105,0.4035990536212921,-0.1378433555364608,-0.2864646017551422,-0.1820030808448791,-0.2839915752410888,-0.1860846579074859,0.1142166927456855,0.7544969916343689,0.3308906853199005,-0.4474155604839325,-0.2436137497425079,-0.6800034046173096,0.1107430011034011,-0.0449113100767135,-0.2781331539154053,-0.1667873561382293,0.0878268927335739,0.1511742919683456,-0.0381850898265838,-0.4347122609615326,-0.9467491507530212,0.2705251574516296,0.0103676039725542,-0.0074499985203146,-0.5324368476867676,-0.2000237107276916,0.1846408545970916,-0.1127865463495254,-0.0611799508333206,-1.416852951049805,0.2163655906915664,0.2854018211364746,0.474258691072464,-0.5205056667327881,-0.1401354521512985,-0.3134582340717315,0.079124741256237,-0.0675518810749054,-0.3643983602523803,0.2236636132001876,-10.126229286193848,-0.5954090356826782,-0.2013663649559021,0.1831450760364532,-0.6076692938804626,-0.0956417769193649,0.7921034097671509,0.413495659828186,-0.7086025476455688,0.2050848752260208,0.0776176750659942,-0.0283153001219034,0.3393615484237671,0.749784529209137,-0.4074761271476745,0.0213155783712863,-0.1998467445373535,0.0702861994504928,0.0554596148431301,0.2280466705560684,-0.0689334645867347,-0.4802581667900085,0.7317725419998169,0.0283301267772912,-0.0139087084680795,-0.2485344260931015,-0.0482468679547309,-0.0003126022929791,-0.2205953449010849,0.558956503868103,-0.9520581364631652,0.6147222518920898,0.0145301884040236,0.0522126071155071,-0.5024722814559937,-0.1647526025772094,0.0200219843536615,0.3842663764953613,-0.5653843879699707,0.1704603135585785,-0.1715089976787567,0.7515622973442078,-0.0378189496695995,0.3845742642879486,0.2855170965194702,0.2306790500879287,0.3776623606681824,0.3391391634941101,0.4178454279899597,-0.1351577639579773,0.1267131716012954,-0.8318745493888855,0.7936612963676453,-0.3537940979003906,0.0752086713910102,0.0817460492253303,0.5929507613182068,-0.4896476566791534,0.2425201833248138,0.0449772663414478,0.5130683183670044,0.2265548110008239,0.5212042927742004,0.771906316280365,-0.0512834563851356,0.0863157957792282,0.1183015257120132,0.1627729535102844,-0.6374534368515015,-0.1275700479745865,0.4738827049732208,0.3821472823619842,-0.1575829535722732,0.3601088225841522,-0.1020923852920532,0.0407757274806499,0.1951898038387298,0.284396082162857,0.6152212619781494,-0.1505789905786514,0.5937989950180054,-0.6158877611160278,0.3322451710700989,0.316054105758667,-0.8139500021934509,0.3925434052944183,-0.1298147588968277,0.0886130779981613,0.3968512415885925,-0.6393334865570068,0.7390257716178894,0.8232161402702332,-0.4749906957149505,0.1071046143770217,0.4608772695064544,-0.3346630036830902,0.1829065084457397,-0.0594441927969455,0.5927159786224365,-0.0158273372799158,0
0.1231138110160827,0.4492609798908233,0.3884042799472809,0.0412229038774967,0.0758494585752487,0.5558128356933594,0.2306105643510818,0.1551999896764755,-0.4046125411987304,-0.4644301831722259,0.0374848321080207,-0.1543157696723938,-0.2079087793827057,0.6230141520500183,0.0749955996870994,-0.0330402813851833,-0.2268550395965576,-0.1624379307031631,-0.3136763870716095,-0.2009812891483307,-0.4487609565258026,-0.3970475792884826,-0.4971101582050323,0.4764551222324371,-0.2808994054794311,-0.0796614587306976,-0.0104049891233444,0.1680516749620437,0.2500545084476471,-0.1148869171738624,-0.0953003466129303,-0.4020711779594421,-0.5611262321472168,0.0101643595844507,-0.6131436824798584,-0.0841822996735572,-0.4243415892124176,-0.1154774501919746,0.2670247554779053,0.0216015093028545,-0.0181246995925903,-0.1735791265964508,-0.3490122854709625,-0.333618551492691,-0.0702253431081771,0.4099800288677215,0.2204208374023437,0.3000068664550781,0.2423617392778396,0.0448936149477958,-0.0321125537157058,0.3012973070144653,0.192337691783905,0.0826527848839759,0.4473689198493957,-0.5930591821670532,0.8809794783592224,-0.8074719309806824,0.2130884379148483,0.5514248013496399,-0.6567736268043518,-0.3907581865787506,0.1432421207427978,0.2119351327419281,-0.093148149549961,-0.2198729664087295,0.3205922842025757,-0.022681538015604,0.1360212862491607,-0.7621728181838989,0.2123498320579528,-0.1271419823169708,-0.0643603503704071,-0.1578206121921539,0.2649607956409454,-0.7738043665885925,0.3087517917156219,-0.1347953975200653,-0.0922530516982078,0.4323457479476928,-0.6077329516410828,0.8605305552482605,0.1024291589856147,-0.4221510291099548,-0.0294526703655719,-0.123188279569149,-0.6463356018066406,-0.8160682916641235,0.4599822163581848,-0.2753682434558868,0.2812662720680237,0.3788725137710571,0.1458035409450531,0.7601058483123779,0.0165413618087768,0.0440185964107513,0.3510110378265381,0.387873113155365,0.0899581685662269,0.3239330947399139,-0.462004005908966,-0.0534325987100601,0.5842787623405457,-0.8378627896308899,-0.1350140571594238,0.0442395322024822,-0.4432619512081146,0.4669585824012756,0.1385521590709686,0.0495200753211975,-0.2713117301464081,-0.2956724762916565,-0.3439642786979675,0.2891451716423034,0.2782316505908966,0.3838802874088287,-0.0002128552878275,0.3526578843593597,-0.2968418300151825,0.4204418957233429,0.1402692347764969,0.6628037691116333,0.0109529132023453,-0.2493162453174591,-0.7611669898033142,-0.1784507483243942,0.2513410449028015,0.2485608905553817,0.0415656119585037,-0.8785262107849121,0.1427153050899505,-0.036750178784132,-0.5656404495239258,-0.1953497976064682,-0.3722878396511078,0.6866252422332764,-0.0380434580147266,0.1799145638942718,-0.1077672466635704,-0.458080381155014,-0.6979972124099731,0.2590562403202057,-0.1680516898632049,-0.0491655878722667,-0.2135801017284393,-0.0960002318024635,-0.0139121320098638,0.1986266672611236,0.6022095680236816,0.5109342336654663,-0.1990288496017456,1.0830914974212646,-0.4651145339012146,0.0338232852518558,0.3894877731800079,0.1737095117568969,-0.5139617919921875,-0.0087816445156931,0.2318317294120788,0.5932332277297974,0.5720173120498657,-0.4909519255161285,0.355887770652771,0.9361818432807922,0.0049250083975493,0.2354423254728317,0.4689258635044098,-0.1164900213479995,0.3047364354133606,0.5328068137168884,0.5977091193199158,0.5410733819007874,0.0592143833637237,-0.2418918311595916,0.010082459077239,0.5177382826805115,0.7239014506340027,0.0804607421159744,0.1661899983882904,-0.5361214876174927,0.0783840641379356,-0.0655987709760665,-0.0093996971845626,-0.8041617274284363,0.2197591960430145,-0.3057252764701843,0.1525004506111145,-0.0831784009933471,-0.2190597802400589,0.0048233796842396,-0.2455145269632339,-0.142656996846199,0.1653960347175598,-0.1805367618799209,0.0226214379072189,0.252815306186676,0.1008603945374488,-0.0736695155501365,-0.3125497698783874,0.0027908934280276,-0.2689207196235657,0.0918744355440139,-0.0830516815185546,-1.101097583770752,-0.9538522958755492,0.1038811057806015,0.5318265557289124,0.4946764707565307,0.3651838898658752,-0.0952106788754463,-0.2399941682815551,0.2045545428991317,0.7216549515724182,0.1952834278345108,0.4752112329006195,0.4693156778812408,-0.5757101774215698,-0.1049781814217567,0.1779050976037979,0.3130639493465423,-0.0979202687740325,0.082808680832386,0.0422740578651428,-0.0802398845553398,-0.0945495218038559,0.8080146312713623,0.1936263293027877,-0.1150619089603424,0.0054282308556139,0.7240721583366394,-0.7917774319648743,-0.2525116801261902,-0.5103409886360168,-0.2524421513080597,0.0004336121783126,-0.1393671780824661,-0.5123047828674316,0.512993574142456,-0.0856382101774215,-0.0278315190225839,-0.4146546721458435,-0.2266345173120498,0.5573171377182007,-0.5894581079483032,0.2186111509799957,0.2767102420330047,-0.1298295557498932,0.034149307757616,-0.5827338099479675,-0.1074302047491073,-0.4650209546089172,-0.5124746561050415,0.095265544950962,-0.2727013528347015,0.877055287361145,0.0307052470743656,0.7117515802383423,-0.1736073940992355,0.1399305462837219,-0.2337078005075454,-0.1700103282928466,-0.4660062491893768,-0.3893087208271026,-0.3200649917125702,0.36192587018013,0.2422608286142349,0.5455904603004456,-0.2525476515293121,-1.6800079345703125,-0.0829514935612678,0.0901246294379234,-0.590021550655365,-0.1166232600808143,-0.134414792060852,-0.1570027023553848,-0.3502565920352936,-0.0730955302715301,0.7539610862731934,-0.6830848455429077,-0.1346728652715683,-0.2110080420970916,0.4071735441684723,-0.4598382413387298,0.0623786784708499,0.1153885349631309,0.4106982946395874,-0.1908294707536697,-0.6963496804237366,-0.3930406868457794,0.0179575663059949,0.1430064439773559,0.0185511503368616,-0.4818713068962097,-0.014843457378447,-0.4170853197574615,0.2829124331474304,0.1637875735759735,-0.4432901740074157,0.3415219485759735,0.3085688650608063,0.6146608591079712,0.5549052357673645,0.5430335402488708,-0.1672431081533432,-0.6714587807655334,0.2201706171035766,0.1896889805793762,-0.3027598261833191,0.559830367565155,-0.5565181374549866,0.3516184091567993,0.342310756444931,-0.3357832729816437,0.2908375561237335,0.6458819508552551,-0.0310758836567401,-1.572529911994934,-0.2528011500835418,0.3623014986515045,0.2087958753108978,-0.3817519247531891,0.1319604963064193,0.1576255410909652,0.3442347347736358,-0.5063840746879578,-0.2880071401596069,0.5498164296150208,0.1964365392923355,0.2621631324291229,-0.1872194111347198,0.5826170444488525,-0.5048829913139343,0.0397969894111156,-0.6787499785423279,-0.0171617232263088,0.4861078262329101,-0.2345322966575622,-0.1444097906351089,0.265208750963211,-0.3782488405704498,-0.2671854197978973,0.4098029434680938,-0.1968329399824142,0.0528481900691986,-0.2974405884742737,-0.0400130189955234,0.2802795171737671,1.4972728490829468,0.5008471608161926,0.6121992468833923,-0.323981761932373,-0.3650017976760864,0.2641220986843109,0.1231701672077179,0.3433264493942261,-0.3920523524284363,-0.1274280995130539,-0.3564356565475464,0.0299845319241285,-0.0609694756567478,0.0171967726200819,-0.0190320536494255,-0.2858986556529999,0.1662586331367492,-0.461461454629898,0.2694081962108612,0.4638465940952301,0.0398641116917133,0.2293373197317123,0.6746375560760498,0.5301793813705444,0.2003440409898758,-0.2477969080209732,-0.5393532514572144,-0.0063035571947693,-0.5178176164627075,0.377795934677124,0.0354310274124145,-0.0208152793347835,0.3716359138488769,-0.301368772983551,0.1769916862249374,0.0036387762520462,-0.2827593982219696,0.0379030369222164,-0.5908679366111755,-0.3027498126029968,-0.1490825861692428,0.0798156931996345,-0.3840076625347137,0.2991436719894409,0.4653516709804535,0.5443713665008545,-0.3986534774303436,-0.392270028591156,0.0972675308585167,-0.0983534157276153,0.1271000504493713,0.0717663019895553,0.2141284644603729,-0.0405843406915664,-0.1314437687397003,-0.5324204564094543,-0.4545006453990936,-0.6074473857879639,-0.0998709499835968,-0.4864875674247741,-0.2520653307437897,0.2662206590175628,0.6392948627471924,-0.0061220834031701,-0.0002625654451549,0.2046940177679062,0.2406426519155502,-0.427702397108078,-0.5291266441345215,-0.0238432958722114,0.3131350576877594,0.5644910335540771,0.3777675032615661,0.5966751575469971,0.1175851374864578,0.3224056363105774,-0.0339446403086185,0.1585583239793777,0.3659508824348449,-0.3815783858299255,-0.299306184053421,1.030006766319275,-0.4189485609531402,-0.0196306072175502,-0.1873382329940796,0.1946061700582504,0.7992408275604248,-0.2151150107383728,-0.7935209274291992,0.418662279844284,0.0426677353680133,0.2311915755271911,0.6340779662132263,0.4241951704025268,1.04574716091156,0.288774311542511,0.4176480174064636,0.3807947933673858,-0.2010767459869384,0.1479807496070861,-0.3861715495586395,-0.0557927750051021,-0.1404449790716171,0.3929578959941864,0.7641176581382751,0.3738381564617157,0.2858656346797943,0.0353921093046665,0.4459830820560455,-0.5208247900009155,0.1525947600603103,0.383240669965744,-0.202982485294342,-0.5346816182136536,0.218737781047821,-0.972753882408142,-0.8207621574401855,-0.1421180963516235,-0.0154181104153394,0.4628665149211883,0.0081729851663112,0.3942067325115204,-0.5851307511329651,-0.7573434114456177,-0.478797048330307,-0.9843683242797852,-0.0697788372635841,0.0517299473285675,-0.19020776450634,0.5906980037689209,0.300529271364212,-0.9819388389587402,0.461364597082138,0.3210695385932922,0.48450767993927,0.1785139143466949,-0.3847949206829071,-0.321662425994873,0.8443519473075867,-0.5014409422874451,-0.4166518449783325,0.750177800655365,-0.0743482336401939,-0.0699120983481407,-0.3655387163162231,-0.2019563913345337,0.1565447747707367,0.4733108282089233,-0.1820834279060363,0.2548277080059051,-0.0231193322688341,-0.4221740365028381,-0.2792053520679474,-0.2625077366828918,-0.3165677189826965,0.2979778945446014,-0.8846938014030457,-0.2044506818056106,-0.2526279389858246,-0.1218877434730529,0.6885345578193665,0.6429525017738342,-0.2151956707239151,0.0918591320514679,0.7153148055076599,0.1788139045238495,-0.2660667896270752,-0.0331308916211128,0.0755949541926384,-0.3624329268932342,-0.2606484889984131,0.0119486786425113,0.3902390599250793,0.2846006453037262,0.3447838723659515,-0.7184575200080872,-0.3535074293613434,-0.1424677819013595,-0.7829322814941406,0.4006941318511963,0.0192137602716684,0.524908721446991,-0.9151397943496704,0.1733862459659576,-0.1486841440200805,0.3275986909866333,0.1396800130605697,-0.0200174562633037,-0.0763090774416923,-1.4075360298156738,0.0534817576408386,-0.4918538331985473,-0.7902896404266357,0.5318777561187744,-0.2848229110240936,-0.6919559836387634,0.2178936302661895,0.1768209189176559,-0.0917976275086402,0.0921580791473388,-0.0385496318340301,-0.4900764226913452,-0.042287316173315,0.4481016993522644,-0.1261456757783889,-0.1064321026206016,0.4720658361911773,-0.3878652453422546,0.0398647002875804,0.603585422039032,0.5249636769294739,0.1717052012681961,0.1215288713574409,-0.0735646188259124,0.0501642189919948,-0.786901593208313,0.1556357145309448,0.0870108231902122,0.4399442374706268,-0.3945975601673126,0.2235125601291656,0.6525632739067078,-0.3681321144104004,-0.0519896671175956,0.8495214581489563,0.1558186113834381,0.6384768486022949,0.0111140543594956,-0.2351629585027694,-0.8818499445915222,0.4974597990512848,0.4136258959770202,0.2622667253017425,-0.3039504289627075,0.2893498837947845,-0.1052259653806686,-0.4882786571979522,0.2411974370479583,-0.0667811557650566,-0.064834177494049,0.4654918611049652,0.4328020513057709,0.1599184870719909,0.7770379185676575,0.6601337790489197,-0.3099386990070343,0.4009592533111572,0.1443146169185638,0.2567755579948425,0.9159109592437744,-0.0673000141978263,0.5176604986190796,-0.3365890383720398,-0.7841489911079407,0.2950450778007507,0.1969319880008697,0.3568305671215057,1.1737850904464722,0.1396821588277816,-0.3988161087036133,0.5462249517440796,0.8059064745903015,-0.0751746743917465,0.1154990270733833,-0.4927742481231689,-0.0536334104835987,-0.0812551900744438,-0.2035188674926757,-0.0750195607542991,-0.0683854147791862,0.0823175758123397,-0.1193918213248252,0.1936592906713485,-0.2463523298501968,0.4719513356685638,-0.4209035634994507,-0.3078163266181946,0.3759004473686218,-0.002961597405374,0.3020261228084564,-0.0533858947455883,0.4790732264518738,-0.3208807706832886,-0.2082509845495224,0.4283637106418609,-0.407904177904129,-0.4388944208621979,-0.0532719641923904,0.3547323942184448,-0.0368370115756988,-0.0052372380159795,0.0940156653523445,-0.3612267076969147,-0.211391806602478,0.2542731165885925,-0.5569307208061218,0.3658948242664337,-0.0642438754439354,0.2677868604660034,0.1883809864521026,0.0471253059804439,-0.4177459180355072,-0.2764428257942199,-0.5471877455711365,0.1430089622735977,-0.396871268749237,-0.6322588324546814,0.4642121195793152,-0.0183759145438671,-0.3485398292541504,-1.5665051937103271,0.6561968922615051,-0.1743222624063491,0.3859342932701111,-0.1879439949989318,0.1425675898790359,-0.0521857179701328,0.0290188640356063,0.1428416967391967,-0.44991534948349,-0.0334871858358383,-10.106772422790527,0.0311617329716682,-0.7103382349014282,-0.5038667917251587,-0.026438895612955,0.0103408712893724,0.8339167237281799,0.5296981930732727,-0.3991149663925171,0.017071871086955,-0.4222870469093323,0.2256660610437393,0.2735041081905365,0.5720398426055908,-0.0424214042723178,-0.3598330616950989,-0.3359643220901489,-0.5068827867507935,-0.0967234298586845,-0.3829208612442016,-0.0620862655341625,-0.0616059638559818,0.8082335591316223,0.175922617316246,-0.1417668014764785,-0.4456749558448791,-0.3426142036914825,0.3715060949325561,-0.1455613672733307,0.1725504249334335,-1.1235413551330566,0.902729630470276,-0.3657998740673065,-0.382174015045166,-0.4527009129524231,0.2521111965179443,-0.010334450751543,0.2842535078525543,-0.0591973848640918,0.601249098777771,0.2945119440555572,0.6637018918991089,-0.1598019748926162,-0.3018046021461487,0.1331110447645187,0.4781384766101837,-0.1138777434825897,0.2863802015781402,0.2445801645517349,-0.1813361495733261,0.1402642875909805,-0.3990349471569061,0.2809138000011444,-0.1469828486442566,-0.0133303431794047,-0.1942400634288787,0.7767208814620972,-0.7879253029823303,0.0311534497886896,0.1072991862893104,0.2392787486314773,-0.1930221021175384,0.4252275824546814,0.208171546459198,-0.3237896859645843,0.4729270040988922,0.1399933397769928,0.23618184030056,-0.7695155739784241,-0.2419710606336593,0.3645013272762298,0.1336968094110489,0.1556989699602127,0.1743565052747726,-0.024681793525815,0.5745055675506592,-0.1888916194438934,0.0466608963906765,0.0775435715913772,0.281894326210022,0.4171482026576996,-0.4694114327430725,-0.6455208659172058,0.1391593664884567,-0.1641565710306167,0.4069516956806183,-0.1344774216413498,0.3288237750530243,0.0753167793154716,-0.4625642895698547,0.3396262526512146,-0.455998957157135,-0.6298967599868774,-0.1371355205774307,-0.0455033481121063,-0.3143453001976013,0.2219788879156112,0.2289328575134277,0.3692764937877655,0.4943829774856567,0
-0.0658295080065727,0.3727781772613525,0.1820217818021774,-0.3231799900531769,0.1048140153288841,0.4803318083286285,0.2954777479171753,0.269492506980896,-0.2279169857501983,-0.5552364587783813,0.3613447248935699,-0.1313182860612869,-0.6648635268211365,-0.157437726855278,0.3039659857749939,-0.4401148557662964,-0.011361145414412,0.1675038486719131,-0.1239802166819572,-0.5978418588638306,-0.5118571519851685,-0.7423837184906006,-0.1538135409355163,-0.0006395557429641,0.1998566389083862,-0.2996295392513275,-0.0339202135801315,0.2877093851566314,-0.0087793562561273,0.1057148054242134,-0.455078661441803,-0.6094731092453003,-0.0916380286216735,-0.2596672177314758,-0.23637256026268,0.4015308022499084,0.2547053098678589,0.1233869642019271,-0.1030066162347793,-0.143205240368843,-0.0107604339718818,-0.1447812467813491,-0.0002442722325213,-0.482069581747055,-0.0479154847562313,0.4805055856704712,0.0226407293230295,0.5036157369613647,0.6195411682128906,0.1838929653167724,-0.1344747543334961,0.2043724954128265,-0.0426079891622066,-0.1481453031301498,0.1937111467123031,-0.2385956197977066,0.1770272105932235,0.04678351059556,-0.1853498667478561,0.0877698361873626,-0.4384409189224243,-0.0536066591739654,0.1951536685228347,0.1529992967844009,-0.0680411458015441,-0.153000459074974,0.3122202455997467,0.0966205894947052,-0.3820744156837463,-0.3411880135536194,-0.099683754146099,0.2740922570228576,-0.1118244528770446,-0.4482243359088897,0.6309581398963928,-0.0408659800887107,0.3846130073070526,-0.3164611458778381,0.2309573590755462,-0.0654704943299293,-0.4424191117286682,0.3592330515384674,-0.2406888604164123,-0.3830885589122772,0.0929616466164588,0.1842977255582809,-0.5880761742591858,-0.3337173163890838,0.1804332137107849,-0.1621767580509185,0.0391140989959239,-0.1652831435203552,0.4864691495895386,0.2037660628557205,-0.1784384995698928,-0.0174682270735502,0.1521671414375305,-0.145687848329544,-0.1619734168052673,0.1949164271354675,-0.0537099577486515,-0.1833405047655105,0.2959067225456238,-0.1343835443258285,-0.2094364017248153,0.1392971277236938,-0.24271821975708,0.0978012457489967,0.271152913570404,0.0915098041296005,-0.2020752876996994,-0.2891029119491577,-0.2571722865104675,0.3256334066390991,-0.0495517142117023,-0.1230191588401794,-0.0583152920007705,0.150816336274147,-0.1598357260227203,-0.0180488526821136,0.3264259397983551,0.7299681901931763,-0.1900831460952758,0.0286410748958587,-0.1209347546100616,0.1578655987977981,-0.1006241887807846,-0.2947370707988739,-0.0122186848893761,-0.4770813584327698,0.0195815712213516,0.2064094990491867,-0.5167272090911865,-0.1215863451361656,-0.1746526360511779,0.7224404215812683,0.0509730130434036,-0.2190470248460769,-0.0387035347521305,-0.6486588716506958,-0.0719963982701301,-0.0243320930749177,0.1956795156002044,-0.3043764531612396,-0.265672355890274,0.1739631295204162,0.1574280112981796,-0.4799981415271759,0.4624036252498626,0.2310358434915542,-0.776454746723175,0.592460572719574,-0.2934477925300598,-0.1248100623488426,0.0863439738750457,0.2149036526679992,-0.7706925272941589,0.3675260543823242,0.1065178513526916,0.4524675905704498,0.063852310180664,-0.471879631280899,-0.0066507374867796,0.6895626187324524,0.0303649045526981,0.4969528913497925,0.3329762816429138,0.1629658341407776,0.1743135601282119,0.9596006274223328,0.116002082824707,0.5148956179618835,0.1628177016973495,-0.2172230184078216,0.2759045958518982,0.5261096358299255,0.1476666629314422,0.4377096593379974,0.1246682479977607,-0.5039135217666626,0.2703656256198883,-0.284602403640747,-0.1363686174154281,-0.2152746766805648,0.1899828761816024,-0.3215941786766052,0.1010772287845611,0.2926722764968872,0.1898968815803527,-0.0189282614737749,-0.1521623134613037,-0.3392734229564667,0.228938490152359,-0.4231446981430053,0.0181547906249761,-0.0381597690284252,-0.1892533302307129,-0.3146688640117645,0.2336065173149109,0.1850523054599762,-0.0194207746535539,0.2095986008644104,-0.5196244120597839,-0.5775746703147888,-1.1620255708694458,-0.2555267214775085,0.0330076180398464,0.5525133013725281,0.292695015668869,-0.1625193655490875,-0.2080204635858535,0.2885724008083343,0.3524894416332245,0.0318059399724006,-0.054841473698616,0.0530523508787155,-0.1886952817440033,-0.3205054998397827,0.3158417046070099,0.0565083734691143,0.1996946632862091,-0.2054108679294586,0.2902629673480987,0.1413685977458953,0.0397998578846454,-0.0123134683817625,0.3200984001159668,-0.0684689506888389,0.0054744728840887,0.8834001421928406,-0.2639713883399963,-0.0837037935853004,-0.6226381063461304,0.0197143871337175,-0.4065604507923126,0.3065736889839172,-0.2829142808914184,0.7125959396362305,0.1658595204353332,0.1505544930696487,0.1828110069036483,-0.0914656966924667,0.0107409721240401,-0.1342235505580902,0.2173799723386764,0.5636968016624451,-0.0965611636638641,-0.5359139442443848,-0.5237990617752075,-0.475816011428833,-0.6068110466003418,-0.6133045554161072,0.5455913543701172,-0.3696243166923523,0.5248888731002808,0.2008311003446579,0.2059062272310257,0.0090564070269465,0.0885922610759735,-0.0796209499239921,-0.0848273932933807,-0.3207927644252777,0.0135321849957108,0.0663520991802215,-0.1104762479662895,0.2605995833873749,-0.0125735374167561,-0.600527286529541,-0.565441906452179,-0.5215566158294678,0.1158358976244926,-0.441416323184967,-0.0482972003519535,-0.2234791368246078,-0.5682407021522522,-0.0599476359784603,-0.4342172145843506,0.4134348928928375,-0.1812445819377899,-0.0651630759239196,-0.4662235677242279,0.1484834849834442,-0.5689880847930908,0.4833921194076538,0.2026037573814392,-0.030814865604043,-0.0408102497458457,-0.5578581690788269,-0.0365929380059242,0.3370717465877533,0.0882330536842346,-0.6650933027267456,-0.2167494744062423,0.1034020036458969,-0.4997816085815429,0.2596655786037445,0.2352014183998108,-0.018112190067768,-0.1017043516039848,0.5721641778945923,0.1978795677423477,0.3084843158721924,0.4328417778015136,-0.5692842602729797,-0.2331994771957397,-0.5521700978279114,0.1186048686504364,-0.1982850134372711,0.5712950229644775,-0.3833231031894684,-0.1013907864689827,0.9187564253807068,-0.3040426075458526,-0.1500260829925537,0.1370282024145126,0.2988726794719696,-1.286617398262024,0.1559664160013198,-0.1316949278116226,-0.0430871918797493,0.0456142276525497,0.434307724237442,0.1277707070112228,0.325902909040451,-0.3293476402759552,-0.2657631933689117,0.4817551672458648,0.2975426316261291,-0.0429015308618545,-0.3066093921661377,0.4035414755344391,-0.0280947424471378,0.1616032719612121,-0.3403233587741852,-0.0979852601885795,0.309594988822937,-0.178478330373764,0.1895683854818344,-0.0095162764191627,-0.4479319751262665,-0.4278611540794372,0.1216701194643974,0.4709453880786896,0.2842410802841186,-0.4412818253040313,-0.3714920878410339,0.3318605124950409,0.5055931806564331,0.7787067890167236,0.6282499432563782,0.0677845105528831,-0.1836357861757278,0.5722609162330627,0.8099288940429688,0.2793542146682739,-0.0957497060298919,-0.0058093760162591,-0.3549184203147888,0.7025589942932129,0.1048214063048362,-0.1965148299932479,-0.0156660210341215,0.4026091694831848,0.1600510627031326,0.1584176421165466,0.3581005036830902,0.3314990997314453,0.2551620006561279,0.3584474623203277,0.4073816835880279,0.2420545071363449,-0.0170701593160629,-0.4626917243003845,-0.1284084469079971,0.2848055958747864,-0.4426848590373993,0.0609680525958538,-0.1836325526237487,0.4312595427036285,-0.0261046700179576,-0.4910936951637268,-0.1362154185771942,-0.0021881472785025,-0.1250050812959671,-0.1788805574178695,-0.5293254852294922,-0.2910920083522796,0.0573946982622146,-0.3244378268718719,-0.5540183186531067,0.1108871847391128,0.0698532164096832,0.7022281885147095,-0.4073484241962433,-0.0582247711718082,0.0363635942339897,-0.0959387347102165,0.0085172010585665,-0.1063875406980514,-0.0362407192587852,-0.1809574514627456,-0.0693124830722808,-0.1858343929052353,-0.4118639528751373,-0.7072042226791382,-0.1924597918987274,-0.5996353030204773,0.0846023559570312,0.1365507394075393,0.3416391909122467,-0.3431665301322937,-0.0105992062017321,0.2008740007877349,0.1099748611450195,-0.0702215582132339,-0.1044218614697456,-0.4962834417819977,0.0521746501326561,0.6235902905464172,0.1989780813455581,0.2549144327640533,0.4346591830253601,-0.1230125650763511,0.2241075783967971,-0.3375579416751861,0.0491364076733589,-0.4921305477619171,-0.5336874723434448,0.8031032085418701,-0.2285980731248855,0.0549755617976188,0.1422539949417114,-0.016320439055562,0.4913935661315918,-0.1786239594221115,-0.4488377869129181,0.0021971536334604,0.5626557469367981,0.2513958811759949,0.3945915997028351,0.5067300200462341,1.0395631790161133,-0.600898027420044,0.2399883717298507,0.507253885269165,0.1423267871141433,0.4184766113758087,-0.0866876542568206,0.1023027002811431,-0.2185024321079254,0.1734088957309723,0.2730538249015808,0.0742037743330001,0.0180801972746849,0.3591750264167785,0.4189509153366089,-0.2941698133945465,0.2351832091808319,0.0267423372715711,0.4187816977500915,-0.4974288642406463,-0.8011637926101685,-0.5555623173713684,-0.3073553144931793,-0.7556048631668091,0.2554283440113067,0.4006425738334656,-0.0065784230828285,0.1434909105300903,-0.394364058971405,-0.934372901916504,-0.3849530220031738,-0.1800099015235901,0.3592594265937805,-0.2097887247800827,0.3925747871398926,0.488543838262558,0.1737706065177917,-0.8453036546707153,0.3623209595680237,-0.3280881941318512,0.3562944233417511,0.6706825494766235,-0.5050353407859802,-0.1319217979907989,0.3883167505264282,0.2648176252841949,0.2149577289819717,-0.0804751142859458,0.3222064971923828,-0.0920152589678764,-0.4401400089263916,0.0648980438709259,0.1620655953884124,0.1299288272857666,-0.4694461524486542,0.2799407243728637,0.1767307519912719,-0.3380746245384216,-0.4703567922115326,-0.16065514087677,-0.3347105979919433,0.0067802318371832,-0.3661509752273559,-0.1879582107067108,-0.0339670069515705,0.104503221809864,0.1751274615526199,0.266236275434494,-0.314026415348053,0.2849544286727905,0.3657740950584411,0.2520716786384582,-0.2831495702266693,0.2149923592805862,0.0810703113675117,-0.2730809450149536,0.2559533417224884,0.3851118683815002,-0.2589382231235504,-0.0253613945096731,-0.1925959289073944,-0.6243411898612976,0.0573893077671527,-0.2901930510997772,-0.8525079488754272,0.607277512550354,0.0383671075105667,0.0777931213378906,-0.4175307750701904,0.4496486783027649,-0.3952295780181885,0.2704024314880371,0.4180679023265838,0.1908625215291977,-0.2539109587669372,-0.7403110861778259,0.0161511413753032,-0.3064710795879364,-0.7265169024467468,0.5016233325004578,0.3038114607334137,-0.522838830947876,-0.2061790525913238,0.0596643313765525,0.3197767436504364,-0.1739855855703354,-0.1207372546195983,-0.6004470586776733,-0.3799546658992767,0.3399257361888885,0.4598093330860138,0.1010702922940254,-0.1357536166906356,-0.2062080055475235,-0.2670919299125671,0.654408872127533,0.6075674891471863,0.3750844895839691,-0.3449025750160217,0.0676187202334404,0.1675634384155273,-0.454778641462326,0.4353981614112854,0.1976518779993057,0.2944069802761078,0.1120794489979744,0.429997444152832,0.3618904948234558,-0.2818728983402252,0.0921506881713867,0.5070221424102783,0.2706049680709839,0.3641081750392914,-0.1913463324308395,-0.3245731592178345,-0.6777781844139099,0.4389567673206329,-0.0580630712211132,0.1219135671854019,-0.1220016553997993,-0.1369608342647552,0.2642320394515991,-0.3931630849838257,-0.4106499552726745,0.2509951889514923,0.2416254132986068,0.4225063621997833,0.0975071415305137,0.2491381615400314,0.4243958294391632,0.3803125321865082,-0.2857418358325958,0.1272618621587753,-0.0099975578486919,0.2531330585479736,0.6812724471092224,0.1009899973869323,0.1408724784851074,-0.3650930225849151,-1.1892848014831543,0.2115997225046157,-0.0057143326848745,0.3776504695415497,0.5890851616859436,-0.523371696472168,-0.4161609411239624,0.2256602346897125,0.6280369162559509,0.0010873185237869,-0.2439730912446975,-0.8009830117225647,0.0430466495454311,-0.2779676914215088,-0.4047461748123169,0.1584407687187194,0.1240023449063301,0.322475254535675,-0.2330525815486908,0.1313162744045257,0.1130019724369049,0.8146194219589233,0.0353416465222835,-0.1502699255943298,0.1310764104127884,-0.1768890172243118,-0.6126103401184082,0.0567315705120563,0.272871196269989,-0.3322493731975555,-0.0610788725316524,0.0417167395353317,-0.1828555017709732,0.086749792098999,0.0662692561745643,0.1187225058674812,0.246244803071022,0.0620200857520103,-0.451751172542572,-0.6626248955726624,-0.0119186481460928,0.1399063616991043,-0.8577488660812378,-0.1862054467201233,-0.0751260071992874,0.0898517742753028,0.07701126486063,-0.2019897401332855,-0.5521318912506104,-0.054762527346611,-0.3012158274650574,0.2841993570327759,-0.1412556320428848,-0.5182007551193237,0.374956727027893,0.5986433625221252,0.0643034353852272,-0.9141584038734436,0.2787756025791168,0.0553678497672081,0.5898736715316772,-0.0485914684832096,0.3624900281429291,-0.409991979598999,0.1087455749511718,0.0206418465822935,-0.1148634925484657,0.1829000860452652,-10.50829029083252,-0.4135403335094452,-0.383588045835495,-0.1842554062604904,-0.3384233117103576,0.1416395306587219,0.6390616297721863,0.0088398214429616,-0.1254999041557312,-0.0649336948990821,0.1472363620996475,0.7580432891845703,0.6037808060646057,0.8181231617927551,-0.3629984259605407,-0.214781180024147,-0.1873287707567215,-0.0924891382455825,-0.2220335453748703,0.0350309461355209,0.6562420129776001,-0.0732783079147338,0.4488974511623382,0.3611211478710174,-0.2760809659957886,-0.4076366424560547,-0.314083456993103,0.4992977082729339,-0.2332305014133453,0.477178543806076,-0.6796555519104004,0.7389819025993347,0.0893662348389625,0.0322254188358783,-0.4022021889686584,-0.1781482696533203,-0.3815683424472809,-0.1508479565382003,-0.1526713967323303,0.5416696071624756,0.2025618553161621,0.6494252681732178,-0.0196713954210281,0.1723731160163879,0.0849036797881126,0.0004325492482166,-0.0464189536869525,0.3583945631980896,0.4489233195781708,0.1655675619840622,-0.0259712822735309,0.0179818011820316,0.040005873888731,-0.3927996158599853,0.6653119921684265,0.1205821111798286,0.572458028793335,-0.5687554478645325,0.0649551749229431,0.0273863486945629,0.4017722904682159,-0.2873733639717102,0.9069095849990844,0.5454157590866089,0.2569486796855926,0.0724860280752182,0.2242748290300369,0.6789483428001404,-0.4633307456970215,-0.2902532517910003,0.2009803354740142,0.2457408756017685,-0.0259161032736301,0.176471546292305,-0.1095935180783271,0.5634013414382935,0.0300128646194934,-0.3564961850643158,0.5859701633453369,-0.0153175378218293,0.3844973742961883,0.1108311116695404,-0.1509934663772583,0.039451714605093,-0.9916585087776184,0.2142680883407592,-0.2075977325439453,0.0078334296122193,0.2993974089622497,-0.7098628878593445,0.2787651121616363,-0.1917260438203811,-0.0418018512427806,0.532159149646759,0.339629054069519,-0.0193620882928371,0.0796488225460052,0.442235916852951,0.7183797359466553,0.0471167936921119,1
0.0031761368736624,-0.0607978403568267,0.0868006199598312,-0.661807656288147,0.0111189065501093,0.3265124261379242,0.1916644126176834,-0.4045667350292206,-0.4292081892490387,-0.4083045125007629,0.5463610291481018,0.2070582807064056,-0.3826923966407776,0.0625517517328262,0.7951143980026245,-0.442884236574173,0.3125962615013122,0.3438512980937958,-0.0523972958326339,0.0517843142151832,0.0978624746203422,-0.5571790337562561,-0.2747199833393097,0.0472691729664802,-0.0459600277245044,-0.3686332702636719,0.2244462519884109,-0.082312487065792,0.0983265489339828,-0.2376643419265747,0.1591430008411407,-0.4425821006298065,-0.0801399499177932,-0.2665002346038818,-0.0309830289334058,0.0108848055824637,-0.0690804943442344,0.2679064273834228,0.2063704431056976,0.1932753026485443,0.1479707956314087,0.0076370746828615,0.1948626637458801,-0.1712042689323425,-0.0528566688299179,0.1627152562141418,-0.0894470736384391,0.1004108041524887,0.591101348400116,-0.2889629006385803,0.1374229490756988,0.5501917600631714,0.4750784933567047,0.1716260015964508,-0.0601437613368034,0.3185002207756042,0.8224498629570007,-0.557417631149292,-0.1149771809577941,0.1276140511035919,-0.5706307291984558,0.2014473527669906,-0.3595708608627319,0.2332155704498291,-0.2315685451030731,0.1064353063702583,0.0359065234661102,-0.1417602002620697,-0.3781137466430664,-0.3540096879005432,-0.0274864323437213,0.402396023273468,-0.6046552658081055,-0.3359215855598449,0.5048612952232361,-0.1393412053585052,0.3976526856422424,-0.1794541180133819,0.0227434691041708,0.1814790219068527,-0.1187740936875343,0.2268717288970947,-0.0903581604361534,-0.6762161254882812,0.0569993667304515,0.0246051810681819,-0.2300129532814026,-0.5120596289634705,0.1248785406351089,-0.4493535459041595,-0.1133277118206024,-0.2073936313390731,0.3074301481246948,0.0145306037738919,-0.1841437220573425,0.1837277859449386,-0.0620439946651458,-0.2285856008529663,-0.0833185613155365,-0.0128377340734004,-0.4649055302143097,0.2861506342887878,0.1150683984160423,0.1076434478163719,0.0551507472991943,0.1075687184929847,-0.1809568107128143,0.3812497854232788,-0.139119878411293,0.4462940990924835,0.2862721383571625,-0.2635545432567596,-0.2679628133773803,0.0520831122994422,-0.1249072924256324,0.0026477477513253,0.0267717316746711,0.2469020783901214,0.0302001107484102,0.3710814416408539,-0.1098586171865463,0.4699374139308929,0.0058718807995319,-0.0616717003285884,-0.2280991375446319,-0.1406721770763397,0.0704468786716461,-0.3091879487037658,-0.0072021726518869,-0.3812822103500366,0.1617260724306106,-0.0414503291249275,-0.5856931209564209,0.2547442615032196,-0.1138062626123428,0.4811491072177887,0.130574569106102,0.0783994868397712,-0.391741931438446,-0.5688015818595886,-0.0319120548665523,-0.2438270598649978,0.3643069565296173,0.0948860645294189,-0.1718646436929702,0.2716177403926849,0.3198012709617615,0.1311369985342025,0.7376388907432556,0.5044369697570801,-0.2001553475856781,0.7393048405647278,-0.4966245889663696,-0.0050921100191771,0.2593344748020172,-0.1624211370944976,-0.4992667436599731,0.4151813089847564,-0.1086982414126396,0.6080097556114197,0.1552628129720688,-0.3181414604187011,0.2967957556247711,0.8420257568359375,0.1295166760683059,0.7175630331039429,0.3213450014591217,0.4221847653388977,0.605125904083252,0.5966471433639526,-0.1656567007303238,0.5463995337486267,0.3133746683597564,-0.3287399113178253,0.2963298261165619,0.005749715026468,0.0374555811285972,0.5076952576637268,0.1681631803512573,-0.9266054034233092,-0.1957228630781173,0.1941849142313003,0.052257839590311,-0.4191427528858185,0.7755953073501587,0.0066946446895599,0.5302921533584595,0.2605101466178894,-0.0696816518902778,-0.184170588850975,-0.0372766554355621,-0.0098567195236682,0.2622301578521728,-0.4053263068199157,-0.5704964995384216,-0.1914510577917099,0.0944606438279151,0.0508277006447315,-0.4833554029464721,0.4180681705474853,0.3133998513221741,-0.036971129477024,-0.2730249464511871,-0.8953977227210999,-0.8142644166946411,-0.2519980072975158,-0.1531452983617782,0.2973617613315582,0.0147576453164219,0.0984799936413765,-0.2799798250198364,-0.3443861305713653,0.3409165143966675,0.0603276640176773,0.2964895069599151,-0.0570669658482074,-0.9990729689598083,0.0238197539001703,0.0489080734550952,-0.0346764251589775,0.1864619255065918,0.0158124044537544,0.2862429022789001,-0.5115312337875366,-0.2338037192821502,0.1353099048137664,0.1608468294143676,-0.2106554061174392,0.1547987461090088,0.5374172329902649,-0.066332496702671,-0.1900498867034912,-0.8293370604515076,0.2218030542135238,-0.0450445711612701,0.4054462313652038,-0.6599977016448975,0.6992177963256836,0.018104126676917,-0.002429557731375,0.5482659935951233,0.3278791010379791,0.1139019280672073,0.2349071204662323,-0.3641423285007477,0.3448559641838074,0.1526006162166595,-0.4325889348983764,-0.6531708836555481,-0.5379634499549866,-0.927617609500885,-0.3598898649215698,-0.0856102630496025,0.1103380993008613,0.4773735404014587,0.0974730402231216,0.2282249182462692,-0.4778967201709747,0.1223301813006401,-0.3653758764266968,-0.3753630220890045,-0.4723738431930542,-0.2525172531604767,0.0311940945684909,-0.1930955797433853,-0.2202931046485901,0.0085229333490133,-0.555094838142395,-0.7384956479072571,0.1608379185199737,0.0788786187767982,-0.3683903217315674,-0.4114533364772796,0.0641935840249061,-0.1213461458683013,-0.3295978009700775,-0.011258372105658,0.254391461610794,-0.3797242045402527,-0.0208807196468114,-0.6492891907691956,0.6138627529144287,-0.6307557225227356,-0.3399337232112884,-0.1044942960143089,0.0166841223835945,-0.1446605622768402,-0.4678792357444763,-0.1896993815898895,0.7635605931282043,0.2990688681602478,-0.138578861951828,-0.3641351163387298,-0.4979437291622162,-0.5783031582832336,0.4369446933269501,0.4176512956619262,0.1074473783373832,0.0878961756825447,0.402312695980072,0.5334050059318542,0.1978185474872589,0.2844682931900024,-0.1847484111785888,-0.2366843223571777,-0.2725338637828827,-0.1306344270706176,0.0627033412456512,0.4482207596302032,-0.305838406085968,-0.122567318379879,0.9938422441482544,-0.4593415260314941,-0.3654066920280456,0.7318883538246155,-0.0670155808329582,-1.3997195959091189,0.2089877426624298,0.4641358256340027,0.339649885892868,-0.481524795293808,0.7123547792434692,0.1878018230199813,0.5769309997558594,-0.2344101518392563,-0.4898486137390136,0.5672318339347839,-0.1247627809643745,-0.4136821627616882,0.4254004061222076,0.1543496400117874,-0.5032008290290833,-0.0087127489969134,-0.4590893089771271,-0.2126435190439224,0.4482419192790985,-0.1862764656543731,-0.0274078119546175,0.0112516330555081,-0.4013431370258331,-0.24400494992733,0.3090179860591888,-0.0148792658001184,-0.5374107956886292,-0.5534104108810425,-0.2894331514835357,0.3393507897853851,1.0581037998199463,0.144974336028099,0.6220086216926575,-0.4687284231185913,0.4528188407421112,0.3884975910186767,0.1073685884475708,0.5571797490119934,0.2764184772968292,-0.2424703538417816,-0.2158079594373703,0.5627112984657288,0.415305495262146,0.106074534356594,-0.0443860217928886,0.1336534172296524,0.0635653510689735,0.1826259046792984,-0.1055840924382209,0.6502776145935059,-0.141808420419693,0.3536523282527923,0.5146189332008362,0.2330994606018066,-0.0900570750236511,0.0781622529029846,-0.4576899111270904,0.1094290018081665,-0.8406364917755127,0.5045748353004456,-0.0283449869602918,-0.0218085329979658,-0.0520893447101116,-0.1031492948532104,-0.4371600151062011,-0.017949478700757,-0.1399894803762436,0.2675392627716064,-0.5081573128700256,-0.5338950753211975,0.1077740564942359,-0.0689213573932647,-0.283149242401123,0.171120136976242,0.3129028677940368,0.4287918210029602,-0.5326884388923645,-0.4094868898391723,0.7733538150787354,0.0162159632891416,-0.0072541129775345,0.5614296197891235,0.1175485625863075,-0.0760221034288406,-0.211329385638237,-0.4428883790969848,-0.2046450078487396,-0.7780249118804932,-0.3564236462116241,-0.4528417289257049,0.2160809636116027,0.2362763434648513,0.3225845992565155,-0.1116638481616973,-0.0470034219324588,0.0703728720545768,0.1373246610164642,-0.0632245987653732,-0.65218186378479,0.2310350388288498,-0.1592269390821457,0.5896809101104736,0.8067646026611328,0.1587326377630233,-0.2732491493225097,-0.1715768128633499,0.2116468995809555,0.2313543707132339,0.1230284571647644,-0.6485904455184937,0.0193797163665294,0.5927419066429138,-0.0951088666915893,-0.2243158966302871,0.1123715043067932,0.3114649355411529,0.461230456829071,-0.276660680770874,-0.382485032081604,-0.0353952907025814,0.3318245410919189,-0.0521954633295536,0.3872840106487274,0.0941041409969329,1.028633952140808,0.2518595159053802,-0.0752753987908363,0.2339671552181244,-0.3081791698932647,-0.0724743828177452,-0.2201147973537445,0.2931573987007141,0.1904922127723693,0.0927618965506553,0.5092480778694153,0.1100455299019813,-0.3637725114822387,-0.2760427296161651,-0.0828023701906204,0.3296189904212951,0.1685519069433212,0.0973466262221336,0.2866364419460296,-0.5149614810943604,-0.0037491263356059,-0.3459472954273224,-0.4577270150184631,-0.1330947428941726,0.1084762662649154,0.6005651950836182,0.1605362296104431,0.5439375638961792,-0.5331707000732422,-0.3257345259189605,-0.3711455166339874,-0.4540835320949554,-0.1340912729501724,-0.2620345950126648,0.2089841961860656,0.1866414099931717,0.1436269432306289,-0.4567202031612396,-0.3661319315433502,-0.0883623957633972,0.3650775253772735,0.0215740874409675,-1.0030871629714966,-0.4105854034423828,0.6311589479446411,-0.1848551332950592,-0.3698974549770355,0.1036599949002265,0.236632689833641,0.1726095229387283,-0.2160039544105529,-0.0213409829884767,-0.168961226940155,0.3041289746761322,-0.0161232110112905,0.4921342730522156,-0.09644266217947,-0.2044597864151001,-0.332964688539505,0.0566480383276939,-0.2578245103359222,-0.3340344727039337,-0.572498619556427,-0.3068805336952209,-0.0457549095153808,0.1794564574956894,0.1167832538485527,0.4510316550731659,-0.2446545511484146,0.4985246956348419,0.031571552157402,0.1467853039503097,-0.0906953960657119,0.2868809998035431,-0.2875887453556061,-0.1965115219354629,-0.1932107657194137,0.5326632857322693,0.2681797444820404,0.3176998496055603,-0.2003336399793625,-0.5330439209938049,-0.1281498223543167,-0.2392009794712066,-0.519485592842102,0.5827149152755737,0.0900339633226394,0.5456182360649109,-0.1836076378822326,0.2240788340568542,-0.1907528638839721,-0.0015128852101042,-0.3930225670337677,-0.1054306253790855,-0.1078258082270622,-0.8340499997138977,-0.186623215675354,-0.3212255537509918,-0.4420482516288757,0.5200933218002319,0.2669086158275604,-0.6013787388801575,-0.3170128464698791,0.1425212919712066,-0.034273512661457,-0.4507310092449188,-0.0893237888813018,-0.5125720500946045,0.1827784180641174,0.487899512052536,0.4282651841640472,0.4144729077816009,-0.2689167261123657,-0.6819618940353394,0.1487437039613723,0.7066802978515625,0.1276256442070007,0.2586115002632141,0.1338995993137359,-0.0630201920866966,0.0068775373511016,-0.3611669242382049,0.5995979905128479,0.3284713923931122,0.6112343668937683,-0.1593673080205917,0.5796571373939514,0.5704997777938843,-0.2039690464735031,0.27096688747406,0.9044501185417176,0.39722540974617,0.6367554068565369,-0.0577708259224891,0.036823458969593,-0.5470572113990784,0.2953176200389862,-0.2784082591533661,0.2505327463150024,0.2955975830554962,-0.3873145580291748,-0.0106711722910404,-0.4470608234405517,0.0582158118486404,0.3540639281272888,-0.2572919130325317,0.0640492439270019,-0.1530279666185379,-0.5277718901634216,0.3817476332187652,-0.158414676785469,-0.0710591152310371,0.1840384602546692,-0.0350280739367008,0.4537293612957001,0.528607189655304,0.2899109721183777,-0.0413019880652427,0.2188134342432022,-0.6566449999809265,0.0871488004922866,-0.4678245782852173,0.2556524276733398,0.8074514269828796,0.1066321358084678,-0.7058013081550598,0.1147244274616241,0.7123931646347046,-0.3560422956943512,0.0612720251083374,-1.0915507078170776,-0.1837315112352371,-0.1110924184322357,0.1160295903682708,0.1151471585035324,-0.1754621565341949,0.4969201385974884,-0.3079700171947479,-0.1208853498101234,-0.2617020308971405,0.7547056078910828,0.0675808936357498,-0.2036011964082718,-0.0834806710481643,0.0529114045202732,-0.0520556680858135,0.2553771734237671,0.0519331432878971,-0.4064322412014007,0.1175331100821495,-0.0400002636015415,-0.2948659062385559,-0.0202174540609121,0.4066607654094696,0.1878072172403335,0.0256806910037994,0.2268457561731338,-0.0400772243738174,-0.8691291809082031,-0.2082367241382599,0.3324902355670929,-0.942822277545929,-0.0735208243131637,-0.1429763734340667,-0.1136432737112045,0.3548907041549682,-0.1476150751113891,-0.3494469225406647,0.015733528882265,-0.295113205909729,-0.0524454191327095,-0.1219716221094131,-0.5856705904006958,-0.0685122907161712,0.2011014968156814,-0.0997806042432785,-1.0749133825302124,0.1433800905942917,0.1807161569595337,0.3349646627902984,0.0505462624132633,0.51595139503479,0.2372927665710449,0.0397394374012947,0.4213206768035888,-0.229931965470314,0.179247185587883,-10.382081985473633,-0.4448930025100708,-0.3652932643890381,-0.183305487036705,-0.3692849576473236,0.4921149015426636,0.6921905279159546,0.3035148084163666,-0.2524159848690033,0.4128586649894714,-0.3018664121627807,0.2482895404100418,0.1434746235609054,0.9373087286949158,-0.4286087155342102,-0.1827657520771026,0.3007826209068298,0.082112118601799,0.0640494301915168,0.3107931613922119,-0.2130162268877029,-0.4070342779159546,0.6020965576171875,0.0759041309356689,-0.0683071687817573,-0.3665779531002044,-0.2489219903945922,0.2341049611568451,-0.1814572066068649,0.1103604510426521,-0.6091642379760742,0.5347440242767334,0.1003084331750869,0.3639244735240936,-0.7448790669441223,-0.2301767915487289,-0.0891357064247131,0.2333881556987762,0.3847591280937195,0.5595882534980774,-0.0836476907134056,0.6774351000785828,0.2649302184581756,-0.4228098094463348,0.853337287902832,-0.2344857007265091,0.3338377773761749,0.5192164182662964,0.2750162482261657,0.1354071348905563,-0.1363216787576675,-0.6438022255897522,0.0042162416502833,-0.4347541332244873,-0.1330995559692382,-0.1422829777002334,0.3304428160190582,-0.6977059245109558,0.0330822952091693,-0.1127327904105186,0.4786390364170074,-0.273013710975647,0.6636946201324463,-0.0587224513292312,-0.3250734508037567,-0.1605715006589889,0.0656867250800132,0.6946278810501099,-0.5975626111030579,-0.2920809686183929,0.5590290427207947,-0.2730327248573303,0.2166372835636139,0.4055890440940857,-0.4609197080135345,0.2656212449073791,-0.1926836967468261,-0.177279993891716,1.1196138858795166,0.0746123492717742,0.4504166543483734,-0.0480197295546531,-0.4257279634475708,0.1747554093599319,-1.0736651420593262,0.4939015209674835,-0.1731966435909271,0.1242589876055717,0.3955589532852173,-0.4195772707462311,0.582466721534729,0.0015246457187458,-0.3316822946071625,0.1182079017162323,0.481196790933609,0.0666705295443534,0.4595232307910919,0.0795234888792038,0.923289954662323,0.1367945075035095,0
0.2429837435483932,0.6616470813751221,0.4144341945648193,-0.5313122272491455,0.1043398976325988,0.1102759465575218,0.1062611937522888,-0.2478341162204742,-0.2821229696273803,-0.1260201185941696,0.3784200251102447,0.1037749797105789,-0.10788494348526,-0.294757604598999,0.5367764234542847,-0.928157925605774,0.1167352274060249,0.0656434595584869,-0.1832303702831268,-0.2120799869298935,-0.4948760271072387,-0.4055013060569763,-0.4894960820674896,0.4153940379619598,0.2371083348989486,0.0990686863660812,0.3000172078609466,0.2303175777196884,-0.1508395671844482,-0.4304077327251434,0.1607287675142288,-0.3669348955154419,-0.0078871855512261,-0.2883332073688507,-0.2220017313957214,0.4118724763393402,0.0157045312225818,-0.3442846238613128,0.6697462797164917,0.3244195282459259,0.492513507604599,-0.0104946829378604,-0.1454022377729416,-0.4759864807128906,-0.1838628053665161,-0.025675805285573,0.026679765433073,-0.2451867908239364,-0.145347774028778,0.2870108783245086,-0.0690131187438964,0.1475712805986404,0.2691896855831146,-0.0975613892078399,-0.1410095989704132,-0.2098197638988495,0.4573187530040741,-0.1174774765968322,0.0793971195816993,0.1471655964851379,-0.6074702143669128,-0.0248136818408966,-0.2856194376945495,0.2636463046073913,-0.1505414545536041,0.2051240503787994,0.1775323301553726,-0.1433065384626388,-0.0035859446506947,0.1596288084983825,-0.0907938554883003,0.2541209459304809,-0.4107077419757843,0.0826245546340942,0.4377497136592865,0.1316197663545608,0.1347358673810959,-0.6244744658470154,0.205821231007576,0.193708449602127,-0.1448723077774047,0.6121870279312134,-0.1083380207419395,-0.923694670200348,-0.3283492922782898,0.4229500889778137,-0.855821430683136,-0.6492044925689697,0.7465376257896423,0.1914977729320526,0.3263177573680877,-0.1214522197842598,0.1692380011081695,0.051663763821125,0.4650666713714599,0.0560071654617786,0.1095112487673759,0.000639735138975,0.0553719326853752,0.4078894555568695,-0.5672503709793091,-0.1987964212894439,0.2265511900186538,0.0204362273216247,-0.2532869279384613,0.102281630039215,-0.1485786437988281,0.2984353899955749,0.5234402418136597,0.1864424645900726,0.0229677036404609,-0.5233455300331116,-1.037511110305786,-0.0380867198109626,-0.5107100009918213,-0.0620136447250843,-0.146765798330307,0.2129094898700714,-0.0059054959565401,0.958530604839325,0.1520959734916687,0.6953815221786499,-0.2734029293060303,-0.4183167219161987,-0.6107425689697266,-0.0333437174558639,0.2114969491958618,-0.0050072912126779,0.2974022030830383,-0.5956506133079529,-0.1555178463459015,-0.3459401130676269,-0.4776040613651275,0.1496871560811996,-0.2893439829349518,1.3273342847824097,-0.2777860164642334,-0.3315542042255401,-0.1166881397366523,-0.7165441513061523,-0.3890847563743591,0.2689749002456665,0.4938358068466186,-0.3202112317085266,-0.355864554643631,0.2386700063943863,0.2283650189638137,-0.1370262056589126,0.3486682474613189,0.2297505736351013,0.070768654346466,0.7893009781837463,-0.4187586605548858,0.2134864628314972,-0.0380802862346172,-0.2275033444166183,-0.4241217076778412,0.8129070401191711,-0.0552768632769584,0.1299701780080795,0.4829398691654205,-0.3331312537193298,0.0883076786994934,0.6621437072753906,0.192182183265686,0.3532751500606537,0.5633125305175781,0.0806767791509628,0.5191296339035034,0.84903883934021,0.1574263125658035,0.1920378357172012,0.2674828171730041,-0.0119606144726276,-0.0179694071412086,0.3758255541324615,0.1096233204007148,-0.1509265750646591,0.0598473697900772,-0.6680653095245361,0.0179712958633899,-0.4222248792648315,0.2690566480159759,-0.6090359687805176,0.4296282827854156,0.1820018142461776,0.2575974762439728,-0.0080163571983575,0.2309181541204452,0.2193805873394012,0.0711452215909957,-0.1978735029697418,0.3086549341678619,-0.305957019329071,-0.2482561767101287,-0.040400955826044,-0.1866161823272705,-0.1047106832265853,-0.3690989017486572,0.6217343211174011,-0.0149576058611273,0.0208998396992683,0.1553537398576736,-1.0083690881729126,-0.6598727703094482,-0.0307220090180635,0.0740824490785598,0.2435399740934372,0.2011950463056564,0.4041383564472198,-0.3810803890228271,0.3071947991847992,0.2138439565896988,0.2134152352809906,0.7393538355827332,0.124230146408081,-0.4999823570251465,-0.6200705170631409,0.6957839727401733,-0.4209252595901489,0.2966658174991607,0.287886381149292,0.1154162883758544,-0.3496742844581604,-0.5425217747688293,0.3033263981342315,0.6870912313461304,-0.1928041577339172,0.2805252969264984,0.786598801612854,-0.2743557393550873,-0.7091795206069946,-0.755965530872345,0.4028015732765198,-0.5773530602455139,-0.0032976644579321,-0.1895332485437393,0.3897786438465118,0.103490449488163,0.4466934204101562,-0.2233365625143051,0.0843053236603736,0.1237956285476684,0.0208829268813133,-0.295165866613388,0.1247735247015953,-0.2412090301513672,-0.6967189311981201,-0.2191511392593383,-0.5633196234703064,-0.7809281349182129,0.2351743131875991,-0.0793177708983421,-0.6614803075790405,0.7603803873062134,-0.1348340362310409,0.1946591436862945,0.3506882488727569,0.6989926099777222,-0.2840446829795837,-0.9344939589500428,-0.6188869476318359,-0.109934501349926,-0.2047150284051895,-0.2345944344997406,0.2682673633098602,0.1313077062368393,-0.2012358456850052,-0.9308447241783142,-0.3641413450241089,0.5580544471740723,-0.4756347835063934,-0.2437719404697418,-0.0948891788721084,-0.5024368166923523,-0.1324057281017303,0.0524689331650733,0.6777330636978149,-0.5296950340270996,0.4793498516082763,-0.6652148962020874,0.2199455201625824,-0.9174380898475648,-0.3692097067832947,0.2431943714618683,-0.2337118685245514,-0.2766892313957214,-0.6346429586410522,-0.2657560408115387,0.0116315418854355,0.1325128227472305,-1.0660030841827393,-0.1120108589529991,-0.0864522457122802,-0.2063036113977432,0.5902285575866699,0.2407087236642837,0.3161251246929168,-0.2273279726505279,0.0248950850218534,0.1730425208806991,0.0993838012218475,0.4278195202350616,-0.1964274644851684,-0.2368857413530349,0.0010892205173149,-0.0591033622622489,-0.3960906863212585,0.5078621506690979,-0.163101851940155,0.2188931852579116,0.4486396014690399,-0.5537123680114746,-0.0463178567588329,1.2444818019866943,0.3487429320812225,-1.5020153522491455,0.5995408296585083,0.2303229719400406,0.4922672510147095,-0.0242355950176715,0.8289330005645752,0.1658795326948166,0.2400076240301132,-0.1751780658960342,-0.4951502084732055,0.8983199000358582,0.5475347638130188,-0.3157324492931366,0.4954361021518707,0.7171089053153992,-0.2827208042144775,0.3410134017467499,-0.6121780872344971,0.0275671202689409,0.3620475828647613,-0.1288771480321884,0.0586671493947505,-0.3593015968799591,-0.4158864617347717,-0.3234583139419555,0.2186788320541381,-0.054381426423788,0.3666248917579651,-0.6259625554084778,-0.3300541043281555,0.0359206236898899,0.905072808265686,0.7259753346443176,0.6455700397491455,-0.8034408688545227,-0.3687601089477539,0.3280030786991119,0.3391102850437164,-0.1116150394082069,-0.0498237125575542,0.3112061023712158,-0.6004527807235718,0.7444670796394348,0.004943897947669,-0.2737416625022888,0.4370934069156647,0.2138765752315521,-0.1150262430310249,-0.1550572216510772,0.3714747726917267,0.5801296234130859,0.0133970277383923,0.3824444711208343,0.1665427237749099,0.5571229457855225,0.0155771458521485,-0.3926637768745422,-0.2148728370666504,0.5078781247138977,-0.6612591743469238,-0.1466124355792999,-0.0399776212871074,-0.4440430402755737,0.3932904601097107,0.0550920702517032,0.1107166036963462,-0.4616883993148803,-0.0968769788742065,-0.3807919919490814,-0.3492355346679687,-0.7859245538711548,0.1585797220468521,-0.102816417813301,0.1691825091838836,0.0684942007064819,0.0590056367218494,0.6421015858650208,-0.3890002369880676,-0.694823145866394,0.49764084815979,-0.2100668847560882,0.616585910320282,0.1529806107282638,0.3491581380367279,-0.0853445529937744,0.5202713012695312,0.0830933153629303,-0.3337989449501037,-0.9165831804275512,-0.016295026987791,-0.7332712411880493,0.042853370308876,-0.1878782957792282,0.6519651412963867,-0.1901039034128189,0.1041358187794685,-0.2169331759214401,-0.1172236055135726,-0.6708835959434509,-0.4083777666091919,-0.0215285513550043,0.4125701189041137,0.1186963841319084,0.2391372174024582,0.0760342478752136,0.2227817773818969,-0.1969287544488906,-0.1205940619111061,0.2048063576221466,-0.2838293313980102,-0.2153407633304596,-0.3133227825164795,0.3032082021236419,0.2229405045509338,0.1993780732154846,0.1405640542507171,0.1348936557769775,0.9171162843704224,-0.0040773986838757,-0.5683957934379578,-0.202481135725975,0.0748540014028549,-0.5582358837127686,0.6207622289657593,0.603394627571106,0.3168795704841614,-0.2125132828950882,-0.0288510210812091,0.3115122616291046,0.2210391759872436,0.2493517100811004,-0.2543894052505493,-0.0992610976099968,-0.1656071990728378,0.6284988522529602,1.0713316202163696,0.2836301922798157,-0.1074520945549011,0.0900056660175323,0.4166778028011322,-0.3198823630809784,0.2921349704265594,-0.0971302092075347,-0.2276584059000015,-0.1310792714357376,0.1182970181107521,-0.0538550391793251,-0.6497675776481628,-0.0252242423593997,-0.2644214630126953,0.0595304928719997,0.1227905079722404,-0.0516981892287731,0.1294545233249664,-0.2900190353393554,-0.094262309372425,-0.1633104383945465,-0.1553844809532165,-0.4451681971549988,-0.0710231885313987,0.4448330998420715,0.2612958550453186,-0.5230633616447449,-0.1095476970076561,-0.5029499530792236,0.2451343834400177,0.2199645638465881,-0.973588764667511,-0.0070733963511884,0.4774846136569977,-0.4497261941432953,0.3073701560497284,0.7928303480148315,0.0182920433580875,-0.1018890142440795,-0.6858155727386475,-0.1857819855213165,0.0109096784144639,0.1317808181047439,-0.6567697525024414,0.8301150798797607,0.1016561090946197,-0.5717026591300964,-0.1149327009916305,-0.2627092003822326,0.034024178981781,0.0031094052828848,-0.3713329434394836,-0.3024531900882721,0.1304530352354049,-0.0712276026606559,0.3358756899833679,0.3019727170467376,-0.3836082518100738,0.5502412915229797,0.476828396320343,-0.1813965141773224,-0.2056408822536468,0.1381787955760955,0.1300579309463501,-0.2510866522789001,-0.490662008523941,0.5847228169441223,0.0990990921854972,0.4542977511882782,-0.5019312500953674,-0.4525839984416961,-0.9553918242454528,-0.3081034123897552,-0.4120027124881744,1.0101089477539062,0.106171153485775,0.5920789241790771,-0.5466233491897583,0.0369764156639575,-0.2334018349647522,-0.4807859659194946,0.0340243764221668,-0.00066391605651,0.1705408543348312,-0.5426018834114075,0.0597610399127006,-0.0566765144467353,-0.5716797709465027,0.5897325873374939,0.2156503498554229,-0.5519767999649048,0.214102029800415,0.3325624465942383,0.4883544743061065,-0.3271539509296417,-0.004443631041795,0.028824022039771,-0.4150506258010864,0.4931075572967529,0.598717451095581,-0.0168216433376073,0.0082954056560993,-0.4523566663265228,0.1862673312425613,0.4561715424060821,0.0995494574308395,0.5674883723258972,-0.1299070566892624,0.3055258095264435,-0.393447607755661,-0.5910243988037109,-0.1656953394412994,0.5245293974876404,-0.0361129119992256,-0.2305850982666015,0.520514965057373,0.812446653842926,-0.4471359252929687,-0.2025977224111557,0.5878554582595825,0.5430659055709839,0.5173218250274658,-0.1239184811711311,-0.0395412445068359,-0.1178594082593917,0.3187896609306335,0.1799277663230896,0.0406401194632053,0.0795059874653816,-0.3792600333690643,0.1649370342493057,0.0250375401228666,-0.0221073124557733,0.0572055093944072,-0.1905837059020996,-0.2511022388935089,-0.0188268590718507,-0.090795986354351,0.9667328000068665,-0.0944556295871734,-0.0823743417859077,-0.1619880199432373,0.0251872967928648,0.7463778853416443,0.3581504225730896,0.5912224054336548,-0.2392962276935577,-0.158086210489273,-1.1010819673538208,0.1275637000799179,0.313126653432846,0.2486414015293121,0.4778515994548797,-0.5838837027549744,-0.4259118437767029,0.1567355543375015,-0.0280694551765918,0.2171958833932876,-0.3518778383731842,-0.3050165474414825,-0.0396391414105892,-0.1147433742880821,-0.6355258226394653,0.1865203827619552,0.0695757940411567,0.2216122150421142,-0.2658445537090301,-0.1083803921937942,0.0552495196461677,0.7241560816764832,0.0491474531590938,-0.1668150871992111,0.4289432168006897,-0.5209513902664185,-0.3094995319843292,-0.2502380311489105,0.4035990536212921,-0.1378433555364608,-0.2864646017551422,-0.1820030808448791,-0.2839915752410888,-0.1860846579074859,0.1142166927456855,0.7544969916343689,0.3308906853199005,-0.4474155604839325,-0.2436137497425079,-0.6800034046173096,0.1107430011034011,-0.0449113100767135,-0.2781331539154053,-0.1667873561382293,0.0878268927335739,0.1511742919683456,-0.0381850898265838,-0.4347122609615326,-0.9467491507530212,0.2705251574516296,0.0103676039725542,-0.0074499985203146,-0.5324368476867676,-0.2000237107276916,0.1846408545970916,-0.1127865463495254,-0.0611799508333206,-1.416852951049805,0.2163655906915664,0.2854018211364746,0.474258691072464,-0.5205056667327881,-0.1401354521512985,-0.3134582340717315,0.079124741256237,-0.0675518810749054,-0.3643983602523803,0.2236636132001876,-10.126229286193848,-0.5954090356826782,-0.2013663649559021,0.1831450760364532,-0.6076692938804626,-0.0956417769193649,0.7921034097671509,0.413495659828186,-0.7086025476455688,0.2050848752260208,0.0776176750659942,-0.0283153001219034,0.3393615484237671,0.749784529209137,-0.4074761271476745,0.0213155783712863,-0.1998467445373535,0.0702861994504928,0.0554596148431301,0.2280466705560684,-0.0689334645867347,-0.4802581667900085,0.7317725419998169,0.0283301267772912,-0.0139087084680795,-0.2485344260931015,-0.0482468679547309,-0.0003126022929791,-0.2205953449010849,0.558956503868103,-0.9520581364631652,0.6147222518920898,0.0145301884040236,0.0522126071155071,-0.5024722814559937,-0.1647526025772094,0.0200219843536615,0.3842663764953613,-0.5653843879699707,0.1704603135585785,-0.1715089976787567,0.7515622973442078,-0.0378189496695995,0.3845742642879486,0.2855170965194702,0.2306790500879287,0.3776623606681824,0.3391391634941101,0.4178454279899597,-0.1351577639579773,0.1267131716012954,-0.8318745493888855,0.7936612963676453,-0.3537940979003906,0.0752086713910102,0.0817460492253303,0.5929507613182068,-0.4896476566791534,0.2425201833248138,0.0449772663414478,0.5130683183670044,0.2265548110008239,0.5212042927742004,0.771906316280365,-0.0512834563851356,0.0863157957792282,0.1183015257120132,0.1627729535102844,-0.6374534368515015,-0.1275700479745865,0.4738827049732208,0.3821472823619842,-0.1575829535722732,0.3601088225841522,-0.1020923852920532,0.0407757274806499,0.1951898038387298,0.284396082162857,0.6152212619781494,-0.1505789905786514,0.5937989950180054,-0.6158877611160278,0.3322451710700989,0.316054105758667,-0.8139500021934509,0.3925434052944183,-0.1298147588968277,0.0886130779981613,0.3968512415885925,-0.6393334865570068,0.7390257716178894,0.8232161402702332,-0.4749906957149505,0.1071046143770217,0.4608772695064544,-0.3346630036830902,0.1829065084457397,-0.0594441927969455,0.5927159786224365,-0.0158273372799158,0
0.3586235046386719,-0.0246663745492696,0.7754485011100769,-0.8844077587127686,0.0205631572753191,0.3392025232315063,-0.1355293840169906,-0.0529141798615455,-0.4171533584594726,0.307938814163208,0.7799731492996216,-0.1584917306900024,0.2739543914794922,-0.6795698404312134,0.6546946167945862,-0.5095005631446838,0.2791526913642883,-0.1557860970497131,0.0791591852903366,-0.4014647603034973,-0.8990652561187744,-0.9262132048606871,-0.1831101924180984,0.154470607638359,-0.0902618244290351,0.0137811098247766,0.0121721886098384,0.2656416893005371,-0.1975154876708984,0.0017380045028403,-0.1448732018470764,-0.5539519786834717,-0.1022625416517257,0.0579993426799774,-1.0950565338134766,-0.195033997297287,0.1503302156925201,-0.1417342275381088,-0.0951748266816139,-0.5363784432411194,0.3325586020946502,0.0311147775501012,-0.6130945086479187,-0.1334844380617141,-0.1431507021188736,0.5453366041183472,-0.229549840092659,0.367545485496521,-0.0144952787086367,-0.0786912739276886,-0.4052870869636535,0.160253420472145,0.1486576050519943,0.1468552052974701,0.1350431591272354,-0.3601643145084381,0.1212152615189552,-0.8884081244468689,-0.0386912338435649,0.0089029129594564,-0.4122975766658783,0.1841042041778564,0.2635621130466461,0.3959721624851227,-0.2631439566612243,0.0452321544289588,0.0961821600794792,-0.0472497045993804,0.0739715620875358,-0.6487445831298828,-0.0336413718760013,0.164206326007843,0.1290869265794754,-0.4542910456657409,0.7616341710090637,-0.2880868315696716,0.1886349618434906,-0.151704654097557,0.3141540884971618,-0.0434453412890434,-0.4349846839904785,0.1722281128168106,-0.1459560394287109,-0.3821792304515838,-0.2669380307197571,0.1747135072946548,-0.4731841683387756,-0.8139368891716003,0.8416064381599426,-0.1633704453706741,0.398811787366867,0.3357173204421997,0.1424184739589691,0.2348209768533706,-0.3758234977722168,0.1531011164188385,0.1802000254392624,-0.0568276718258857,-0.3802551031112671,0.6075312495231628,-0.1827001422643661,0.0576381757855415,-0.0303319804370403,-0.2173190414905548,0.3214604556560516,-0.3659038841724396,-0.3783417344093323,0.1673703789710998,0.3260456919670105,-0.177744448184967,-0.4289966523647308,-0.3378853797912597,-0.5367929935455322,0.3362517654895782,0.3132054209709167,-0.0323720835149288,-0.2094873338937759,0.2365705668926239,0.0392595268785953,0.4166017472743988,0.2066131979227066,0.5641819834709167,-0.1325835436582565,0.0099416654556989,-0.0932277664542198,0.4952303469181061,0.0901037603616714,-0.6326240301132202,0.158358559012413,-0.2867668867111206,-0.0173558443784713,0.107340008020401,-0.0451720394194126,-0.1583792865276336,-0.3470660746097564,1.0091145038604736,-0.1720819026231765,0.0428343191742897,-0.1088468357920646,-0.5532451868057251,-0.0317088961601257,0.1576555669307708,0.2147662192583084,-0.2545504868030548,0.1049708873033523,0.2996875941753387,0.1895471960306167,-0.7632226347923279,0.0111502408981323,0.1368252038955688,-0.1470520794391632,1.066796898841858,-0.7711522579193115,0.2616840302944183,-0.2608645856380462,-0.040651224553585,-0.5023216605186462,0.088080994784832,0.501655638217926,0.4692065119743347,0.1573397517204284,-0.5436323881149292,0.5917591452598572,0.5716028809547424,0.4121880233287811,0.3372128307819366,0.0857105329632759,-0.2183679044246673,-0.1453911662101745,0.2892410457134247,-0.2568687200546264,0.1158893778920173,0.1483827829360962,-0.454930305480957,0.1390462219715118,0.4084529876708984,0.268079936504364,-0.1322606205940246,0.4458299577236175,-0.9173943996429444,0.0121634928509593,-0.1293108463287353,-0.2407212853431701,-0.655108630657196,0.5757667422294617,-0.1570649445056915,-0.2027263194322586,-0.2569780647754669,0.0370329581201076,-0.5157102346420288,0.095952495932579,0.0432647280395031,0.684190571308136,-0.1562862247228622,-0.1192012578248977,-0.4013515114784241,0.1618971526622772,-0.143419474363327,0.0497052147984504,0.56205153465271,0.1374651789665222,0.1464396864175796,0.0063964049331843,-1.1057502031326294,-0.5280543565750122,0.1395886838436126,0.7025129795074463,0.6469906568527222,0.3365605473518371,0.3559617102146148,-0.3146827220916748,-0.2045052647590637,0.2062235176563263,0.3486829698085785,0.5529441237449646,-0.016566663980484,-0.7394495606422424,-0.3700011372566223,0.3480413854122162,-0.1952962279319763,0.3645149171352386,-0.3964727222919464,0.1479096561670303,-0.1230077594518661,-0.1660883575677871,0.3021289706230163,0.2427328675985336,-0.432539165019989,-0.1254675686359405,0.7219329476356506,-0.5374917984008789,-0.3943407833576202,-0.6420092582702637,0.1480622142553329,-0.3879353404045105,0.1265142112970352,-0.3879170715808868,0.2455029189586639,-0.5147812366485596,0.1670347154140472,0.2136788368225097,-0.0973865538835525,0.1902671456336975,-0.3023533821105957,-0.1986513286828994,0.2059695422649383,-0.0491631291806697,0.1524078249931335,-0.3032713234424591,-0.0656548961997032,-0.5807090997695923,-0.4501806795597076,0.1670434176921844,-0.3809289634227752,0.6607704162597656,0.1631241738796234,0.1359750479459762,-0.0701999813318252,0.3478787839412689,-0.6328304409980774,-0.1447628289461136,-0.4550751149654388,0.2436263114213943,-0.0120690781623125,0.3931418061256408,0.2132409363985061,0.0869434028863906,-0.4913892447948456,-0.4093371629714966,-0.4929644167423248,0.2152226120233535,-0.2128570526838302,-0.2557368278503418,-0.1298930346965789,-0.024274805560708,0.04751892760396,-0.2410119771957397,0.3789639770984649,-0.6740599870681763,0.3417744934558868,-0.1215574964880943,0.5535191297531128,-0.4472485780715942,-0.1685982942581176,0.3951951265335083,-0.049195297062397,-0.4267884194850921,-0.414090096950531,-0.2033648788928985,0.2097956538200378,0.388204962015152,-0.6768291592597961,-0.2198648601770401,0.3544965386390686,-0.4503610134124756,-0.0210239253938198,0.5212361812591553,0.0284831039607524,0.0804966911673545,0.2866666316986084,-0.089926429092884,0.1582807600498199,0.5975357294082642,-0.5801597237586975,-0.2414451092481613,-0.5601361989974976,-0.0293470304459333,-0.3483292758464813,0.556526780128479,0.0230383947491645,0.1481944918632507,0.7260949611663818,-0.4633060693740845,-0.0925065577030181,0.9196696877479552,0.5360009670257568,-1.6513739824295044,0.289298415184021,0.6973103880882263,-0.1962223649024963,-0.2482532858848571,0.0548110119998455,0.0119285555556416,-0.0102505404502153,-0.2157996147871017,-0.7553359270095825,0.8927761912345886,0.2450911849737167,-0.2065581828355789,-0.2450914531946182,0.4924006760120392,0.0727382153272628,0.0552626326680183,-0.4773213267326355,-0.2581067681312561,0.3700799643993377,0.2186993211507797,-0.1692437827587127,-0.2959271967411041,-0.1563395708799362,-0.5493754148483276,0.1432756632566452,-0.2391412258148193,0.2105724662542343,-0.4816707372665405,0.0363241843879222,0.3828274607658386,1.131384015083313,0.3203997015953064,0.5801156759262085,-0.3884201049804687,-0.0716237649321556,0.8466631770133972,0.457819789648056,0.4994423389434814,0.3784675598144531,-0.2813080549240112,-0.2930530309677124,0.6196814775466919,-0.050277542322874,-0.3033430278301239,0.3204991817474365,-0.1048931702971458,0.2078468948602676,-0.1034251824021339,0.0694383829832077,0.1110826358199119,-0.1496219038963318,0.1321352124214172,0.7338179349899292,0.6123164892196655,0.1744691282510757,-0.0940590947866439,-0.4335092604160309,0.0579937808215618,-0.1725084483623504,0.255798876285553,0.4385444521903991,-0.2900402843952179,-0.2993480265140533,-0.1937111467123031,-0.2491368055343628,-0.2325776368379593,-0.3403624296188354,-0.400767982006073,-0.9239010810852052,-1.0663666725158691,0.0514844134449958,0.0364310033619403,-0.7813575267791748,0.2973428666591644,0.1253112405538559,0.6626867055892944,-0.4192781746387481,-0.5313348174095154,0.1362084597349167,-0.469912588596344,0.0440434291958808,-0.1709395498037338,0.040976446121931,-0.254860371351242,0.288720041513443,-0.5707607269287109,-0.2336601018905639,-0.3975604176521301,-0.2706895470619201,-0.4771449267864227,0.0833981111645698,0.1562682390213012,0.7864431142807007,0.0329351238906383,0.2744109034538269,-0.0830293223261833,0.1661955714225769,-0.1352051496505737,-0.1193107739090919,-0.6013108491897583,0.3270958065986633,0.6027277708053589,0.7362671494483948,0.2225320637226104,0.4853352904319763,-0.0107432296499609,-0.1678165048360824,0.2710961103439331,-0.2332077175378799,-0.286459356546402,-0.2649374604225158,0.5488170385360718,-0.4618846178054809,0.2983710467815399,-0.3070251047611236,-0.0251187942922115,0.8155043721199036,-0.2759130299091339,-0.6447542309761047,0.019334452226758,0.4444313943386078,0.2741967439651489,0.2018985152244568,0.2217877656221389,1.1126266717910769,-0.1611074060201645,0.6747143268585205,0.2079386562108993,-0.3065947294235229,0.0153259988874197,-0.2526099681854248,0.0108531191945075,0.1808147132396698,0.5403428673744202,0.8989946842193604,0.2680794596672058,0.387798011302948,0.4225503504276275,0.0394640564918518,-0.3098432421684265,-0.0448453351855278,0.5020272731781006,0.0876635760068893,-0.5822703838348389,0.0671888217329979,-0.4893506169319153,-0.3110739886760711,-0.3760032653808594,-0.1529198884963989,0.2548675239086151,-0.1874099820852279,0.4831192791461944,-0.4073148667812347,-0.6556465029716492,-0.4325756430625915,-0.7924972772598267,0.1225211918354034,-0.1237589567899704,0.2850375175476074,0.5576971769332886,0.5667896866798401,0.151675283908844,0.0797831639647483,0.305660992860794,0.7309637069702148,0.2399234920740127,-0.1629074960947036,-0.1688187420368194,0.3584931790828705,0.1539022028446197,0.4346175491809845,0.2286254167556762,0.0695969685912132,-0.3132855296134949,-0.5330155491828918,-0.3979867100715637,0.1479430347681045,0.0100019462406635,-0.0302755665034055,0.3525822162628174,0.0273273456841707,-0.1545535176992416,-0.5193030834197998,-0.2445397675037384,-0.3318242728710174,-0.1690635979175567,-0.7040066123008728,-0.1218400225043296,-0.5307708978652954,0.1147366911172866,0.4098197817802429,0.4931957721710205,-0.5638531446456909,0.1662935465574264,0.3007017076015472,0.1204905360937118,-0.0154460817575454,0.1163259223103523,-0.0711223110556602,-0.2879864573478699,-0.0643923953175544,0.0923106297850608,-0.0817050263285636,0.6598289608955383,0.1591884344816208,-0.5559541583061218,-0.2439369857311248,0.115936778485775,-0.9041750431060792,0.433933824300766,-0.1377756744623184,0.1395601332187652,-0.6946619749069214,0.1776384264230728,0.0566961802542209,0.0287550706416368,-0.234372466802597,0.1439073234796524,0.1385184079408645,-0.7581139206886292,0.3103348016738891,-0.1813197135925293,-0.3846227824687958,0.7979161143302917,0.5467738509178162,-0.1853010505437851,0.2618381977081299,0.5007081031799316,0.0613263137638568,-0.4154864549636841,0.3247176110744476,-0.1609259694814682,0.1054156497120857,0.3049433827400207,-0.1889155358076095,0.5684009790420532,0.1683012545108795,0.1198823079466819,0.1038140431046485,0.3489070832729339,0.6846362352371216,0.4384132027626037,0.2534331381320953,-0.1556078344583511,-0.470798522233963,-0.7940940260887146,0.0376302748918533,0.2783031463623047,0.5752158761024475,-0.3884532749652862,0.5000850558280945,0.6709069013595581,-0.0261370316147804,0.3636739552021026,0.921187937259674,0.1954237669706344,0.4207964837551117,-0.4991807341575622,0.0607120133936405,-0.9316931366920472,0.4198193550109863,0.3131798803806305,-0.0941114202141761,-0.1071772128343582,0.1388003677129745,-0.5112866163253784,-0.4666632413864136,0.1720971912145614,-0.1056281924247741,-0.1700824797153473,-0.2413229346275329,0.6426102519035339,-0.1109598949551582,0.9409220218658448,0.3932240307331085,0.0111649427562952,-0.4847569167613983,0.1631693243980407,-0.1479229778051376,0.6438269019126892,0.0549303963780403,0.4049669504165649,-0.2156396359205246,-1.03778874874115,-0.4044138193130493,0.2613549530506134,0.2089057564735412,0.286806046962738,-0.5070863962173462,-0.0036206315271556,0.4516017735004425,0.5596505403518677,0.2337265461683273,-0.1101813688874244,-0.4991564750671386,0.0602733492851257,-0.1417141854763031,-0.2067635357379913,0.3999647796154022,0.0863533318042755,0.3394351601600647,0.3769959211349487,-0.1770133674144745,0.0854547098278999,0.4841074049472809,0.1963625401258468,-0.1337948441505432,0.6522935032844543,0.0557423271238803,-0.1153806075453758,0.068910077214241,0.0201813541352748,-0.2673791050910949,0.0112823247909545,0.6305686235427856,-0.0938891470432281,-0.018041593953967,-0.5155843496322632,0.3149875104427337,-0.0319119431078434,0.1470301896333694,-0.4010014533996582,-0.4669030606746673,0.2831065356731415,0.2526891231536865,-0.3539333045482635,0.0224920939654111,-0.2453508973121643,-0.2295989990234375,-0.3570439219474792,-0.3350311815738678,-0.5432419180870056,-0.1944839358329773,-0.3953049778938293,0.4299406409263611,-0.770074725151062,-0.5165455937385559,0.4467598795890808,-0.1453765481710434,-0.1557761132717132,-1.1232340335845947,0.6056432723999023,-0.400147795677185,0.636294960975647,-0.1855069398880005,-0.096103236079216,0.0183214973658323,-0.3138656318187713,-0.322945773601532,-0.5746438503265381,0.4832221865653991,-10.23126220703125,-0.1531709879636764,-0.2061832696199417,-0.6949334144592285,-0.3927797973155975,-0.1074967384338378,1.0815861225128174,0.0150632699951529,-0.5576997995376587,0.1200396791100502,-0.2452751398086547,0.1355503350496292,0.534533679485321,0.3761050999164581,-0.0703593641519546,-0.030170764774084,-0.1402267664670944,-0.5821368098258972,-0.3437755107879638,-0.1215213239192962,-0.077371560037136,-0.1950564831495285,0.6719056367874146,-0.0401544831693172,0.0759009197354316,-0.3982008695602417,-0.1598372608423233,0.2665517330169678,0.1228524073958396,0.4765311181545257,-0.2146400511264801,0.8284003734588623,-0.1778043061494827,0.0664553940296173,-0.1844103336334228,-0.0297167152166366,-0.0254587046802043,0.4636370539665222,-0.1103347167372703,0.490783154964447,0.3837138414382934,0.358788251876831,0.1400733739137649,0.0472070164978504,0.3781290054321289,0.4283336102962494,0.1367486715316772,0.32080739736557,0.7621679902076721,-0.0751866400241851,0.4969749450683594,-0.7559500932693481,0.3250588178634643,0.068393275141716,-0.4673557579517364,0.0409008339047431,0.932538628578186,-0.5532816052436829,0.0047107227146625,0.2532929480075836,0.3740162253379822,-0.0409752391278743,1.1663835048675537,0.404410570859909,-0.2600726783275604,0.3022530674934387,0.1110511496663093,0.122262954711914,-0.4746184349060058,-0.4054569900035858,0.3808251917362213,0.0147620821371674,0.1461379677057266,0.3145440816879272,-0.3718342185020447,-0.085900068283081,-0.0263521336019039,0.2055089026689529,0.3818835616111755,-0.0679506063461303,0.8542038798332214,0.0212811939418315,-0.41378915309906,0.4242964386940002,-0.5259703397750854,0.1248574405908584,0.1416054666042328,-0.0715519413352012,0.5414227843284607,-0.6794898509979248,0.7729988694190979,-0.3009038865566253,-0.3189559578895569,0.7000997066497803,0.3129055202007293,-0.5655158162117004,0.31784188747406,0.1308512240648269,0.0886329114437103,-0.2186778038740158,0
0.2532706260681152,0.0987377539277076,0.695462167263031,-0.788378119468689,0.2845889627933502,0.2739372551441192,0.5229560732841492,0.0308304708451032,0.329807847738266,-0.0047568748705089,0.8151411414146423,-0.5771900415420532,-0.3108467757701874,0.0118641965091228,0.8121463656425476,-0.0799373686313629,0.0662725940346717,-0.3579889833927154,0.2810685336589813,-0.4047544002532959,-0.898082971572876,-0.4622021019458771,-0.1811175048351287,0.4407342970371246,0.0405904427170753,-0.3358346819877624,-0.2216216474771499,0.1015611737966537,-0.0268296990543603,-0.1423835605382919,-0.1249073669314384,-0.0003216134209651,-0.1280248165130615,0.2588240802288055,-0.2769311964511871,0.4170865416526794,-0.1586385071277618,-0.3565927147865295,0.3772844076156616,-0.0922773405909538,0.066784419119358,-0.1347412019968032,-0.5744683146476746,-0.1443625092506408,-0.4192698895931244,0.1109077781438827,0.1844979077577591,-0.0178516265004873,0.0975063443183898,-0.0561684519052505,-0.0695068016648292,0.2375513613224029,0.3325744867324829,0.0622163414955139,0.5577507019042969,-0.2280598431825637,0.6069426536560059,-0.5550383925437927,0.1489911675453186,0.2966927886009216,-0.2745700776576996,-0.4716651439666748,-0.0222448799759149,-0.0160193610936403,0.0210027657449245,0.1788352280855178,-0.2300526797771453,-0.2054558545351028,0.062745377421379,-0.7878321409225464,-0.0567941181361675,-0.4089924693107605,0.1188134476542472,-0.5437332391738892,0.6642235517501831,-0.6891169548034668,0.0436958484351635,0.3674329221248626,0.351985365152359,0.0289693027734756,0.0356173738837242,0.5893229246139526,-0.0582076497375965,-0.7171617150306702,0.3383505344390869,0.4423727989196777,-0.6668835878372192,-0.7380755543708801,0.5011488795280457,-0.1539530903100967,-0.0566951856017112,0.245523989200592,0.3910331726074219,0.2632933259010315,0.1935956329107284,-0.0808111652731895,0.1623323112726211,0.0795813649892807,-0.1746549308300018,0.2877536714076996,-0.0189735908061265,0.1992611438035965,0.5635280609130859,-0.3354761302471161,-0.2567151486873626,0.2298184782266616,0.0276396125555038,0.2482610791921615,0.0117512764409184,-0.0018338343361392,-0.2761610448360443,-0.5926923155784607,-0.7283720970153809,-0.2936768233776092,0.2310864180326461,-0.1952164322137832,-0.3658513724803924,0.7645565867424011,-0.5874225497245789,0.5376728773117065,-0.1070760637521743,0.1925259381532669,-0.0016020741313695,-0.6449110507965088,-0.0439450852572917,0.3632254898548126,0.0686226487159729,0.0415229722857475,-0.5548744797706604,-0.1741340905427932,-0.3752830028533935,-0.2127263993024826,-0.0316730551421642,-0.0864915996789932,-0.373455137014389,1.1571969985961914,-0.097740963101387,-0.0951070711016655,-0.2000003159046173,-0.6002620458602905,-0.2613614797592163,0.1089162975549697,0.0531519390642643,-0.3723576366901397,-0.1141867041587829,0.0115593979135155,-0.3976087868213653,-0.4829869568347931,0.1370451897382736,0.5222105979919434,-0.2626397907733917,0.57652747631073,-0.6167981028556824,0.1627831906080246,0.7411280274391174,0.2015890032052993,-0.6246767640113831,-0.0569022260606288,-0.0529121756553649,0.0288467202335596,0.3883481025695801,-0.0622968822717666,0.4679118394851684,0.6140761375427246,0.1569973081350326,0.310498833656311,0.5609771013259888,0.2981100678443908,-0.0072326641529798,0.7158469557762146,0.5763144493103027,0.43195840716362,0.115408144891262,0.0740832239389419,0.0743823423981666,0.0270756967365741,0.4962116479873657,0.2338863313198089,0.0778639242053031,-0.8886308670043945,-0.2126546800136566,-0.1301453709602356,0.0364229902625083,-0.7401298880577087,0.2935038805007934,0.022360797971487,0.086565151810646,-0.0575080290436744,-0.2426249384880066,-0.3027923107147217,0.1581906527280807,-0.5247434973716736,0.0502157770097255,-0.1854927092790603,-0.1930140554904937,-0.3623448312282562,0.0948902890086174,-0.1174862757325172,-0.9546682834625244,0.6524492502212524,0.1671255379915237,0.2455084770917892,-0.0862253233790397,-0.7541435956954956,-0.9996516108512878,-0.2930129468441009,-0.3918368518352508,0.0852741971611976,0.1768232583999633,0.5676061511039734,-0.1594313979148864,0.6562680006027222,0.2106885313987732,0.0470487363636493,0.518510639667511,0.3330311179161072,-0.4140934348106384,-0.5879434943199158,0.44040247797966,-0.3552228808403015,0.1249063834547996,0.0959924459457397,0.0463635064661502,0.2098229676485061,-0.1418901234865188,0.6370053887367249,0.6892861127853394,-0.0222339127212762,-0.3681532442569732,0.2879819571971893,-0.7261726260185242,-0.5229018926620483,-0.8680969476699829,-0.0679086074233055,-0.6883446574211121,-0.0201859418302774,-0.4460278153419494,0.1422391682863235,-0.513913631439209,0.1165496483445167,-0.1568323671817779,-0.197795107960701,-0.0366561599075794,-0.2543551325798034,-0.0991805121302604,0.3934505581855774,-0.3036240339279175,0.0169656351208686,-0.0490956716239452,0.1903905719518661,-0.4490347802639007,-0.2930056154727936,-0.1993537098169326,-0.1879448145627975,0.8190457224845886,0.3757774531841278,0.5096253752708435,-0.2915777266025543,0.3047144711017608,-0.595760703086853,-0.2113314568996429,-0.5668776631355286,0.0254399832338094,0.1521657407283783,-0.1082426533102989,0.1603581011295318,0.4886753261089325,-0.2900901436805725,-0.2551992237567901,-0.4541031718254089,-0.3060418367385864,-0.4377330839633941,-0.1361687034368515,-0.1341603249311447,-0.1757345795631408,-0.0758554339408874,-0.159386321902275,0.5477481484413147,-0.4633041024208069,0.5534378886222839,-0.5546610355377197,0.5923728346824646,-0.5685274004936218,-0.1347612291574478,-0.0025372437667101,-0.071004681289196,-0.6563525795936584,0.1880975663661956,-0.2660448253154754,0.4703210890293121,0.3350112438201904,-0.2538422644138336,-0.598699688911438,-0.0232988242059946,-0.0641149654984474,0.060272429138422,0.4363966584205627,-0.0683801770210266,0.1888559162616729,-0.1943584233522415,0.2120733708143234,0.3690426647663116,0.2868625819683075,0.2486688643693924,0.075394831597805,-0.1290331333875656,0.0138281537219882,-0.1021203696727752,0.5818308591842651,-0.1828913688659668,0.087082915008068,0.3968253433704376,-0.1202116534113884,0.8358070254325867,0.2473534196615219,0.2957504391670227,-2.020251512527466,-0.1786451488733291,0.5817697048187256,0.4256747364997864,-0.118711918592453,-0.0179369524121284,0.2898993194103241,0.3879290819168091,-0.4409017562866211,-0.6311237215995789,0.7173903584480286,0.0663825199007988,-0.2339789867401123,0.0945433229207992,0.2724086046218872,-0.528950035572052,-0.2289851009845733,-0.6272159814834595,0.3259004950523376,0.3261635303497314,-0.138554573059082,0.1693844199180603,-0.141314223408699,-0.3627247810363769,-0.1893465220928192,0.198416456580162,-0.1102242544293403,0.147545039653778,-0.3262853026390075,-0.1539093106985092,0.109817273914814,1.0552998781204224,0.814586341381073,0.776242733001709,-0.6050745248794556,-0.2913560569286346,0.1989247798919677,-0.0188326071947813,0.4067989289760589,-0.3291022777557373,-0.2606699764728546,-0.2374615371227264,0.1233339607715606,0.1134742870926857,-0.2659570276737213,0.3477733433246612,0.1086361333727836,0.2113602012395858,0.1642369627952575,0.2803328931331634,0.8354799151420593,0.0136864874511957,0.2617038488388061,0.1903945207595825,0.6998818516731262,-0.1251602172851562,-0.2027150839567184,-0.5031578540802002,-0.0973147079348564,-0.3982111811637878,0.4508980214595794,-0.0145898507907986,-0.4809547662734985,0.967228353023529,-0.631411075592041,0.0229471046477556,-0.0796091556549072,-0.8494340777397156,0.0667261555790901,-0.6475000977516174,-0.5113223195075989,-0.1117895767092704,0.0623994618654251,-0.3420248329639435,0.8333590030670166,0.4696038961410522,0.3454782366752624,-0.1749974191188812,-0.425815999507904,0.2032478898763656,-0.2558255791664123,-0.1189568191766738,0.2537873089313507,0.1977614164352417,-0.2993888556957245,0.4389089047908783,-0.0479048006236553,-0.0451583601534366,-0.0842034816741943,0.1014230176806449,-0.6623100638389587,-0.1300254017114639,-0.3639821410179138,0.3879884481430053,-0.1465943753719329,-0.0079006925225257,0.264993280172348,0.2083969116210937,-0.3124489784240722,-0.2195201814174652,-0.5180662274360657,0.3404393494129181,0.5172236561775208,0.6039378046989441,0.3499276041984558,0.4126749038696289,0.1655406802892685,0.1384489983320236,-0.1425452381372451,-0.1895144581794738,-0.697188675403595,-0.4061895906925201,0.641554594039917,-0.3978472948074341,0.4145642518997192,0.1585064828395843,-0.3193343579769134,0.559643566608429,-0.3402338922023773,-0.6002998352050781,0.1456852257251739,-0.1490272581577301,-0.0228659324347972,0.677009642124176,0.3242879211902618,0.5955796837806702,-0.1784624308347702,0.3520129919052124,-0.2714016437530517,-0.1328338235616684,0.3526303172111511,-0.4063422679901123,-0.2712548077106476,-0.1278199851512909,0.6897587180137634,0.4252327382564544,0.57049959897995,-0.1547170728445053,0.1959076225757599,0.2570126354694366,0.0477967634797096,0.5085016489028931,0.212759867310524,0.4212331175804138,-0.1007137447595596,0.0740931332111358,0.0424261689186096,0.3129554688930511,-0.1835649311542511,-0.0673314779996872,0.4640933275222778,-0.0965812131762504,0.1915635764598846,-0.4042709469795227,-0.5198997855186462,-0.5844088196754456,-0.7990305423736572,-0.085508182644844,-0.4080610871315002,-0.1791247129440307,0.3411083519458771,-0.1379453986883163,-0.8542823195457458,0.384833812713623,0.5820035338401794,0.4037805497646332,0.0046177455224096,-0.4181258082389831,-0.2042261362075805,0.4808001220226288,-0.6637538075447083,-0.5639190077781677,0.3904752433300018,-0.1858015805482864,-0.2967082858085632,-0.6603965163230896,-0.0561350509524345,-0.0324935242533683,0.1721220165491104,0.4071244299411773,0.2922839522361755,0.1666185855865478,-0.7016850113868713,-0.2682046890258789,0.0328103117644786,-0.0671117752790451,-0.2682165205478668,-0.5044615268707275,0.0887793377041816,0.1946971714496612,-0.0399043001234531,0.9694170951843262,0.601988673210144,-0.1941685974597931,-0.0345485620200634,0.1649303585290908,0.2807846665382385,-0.577812671661377,-0.3480718433856964,-0.1399733126163482,0.0165531374514102,0.2639556527137756,0.3049851953983307,0.4276651442050934,-0.1273596286773681,0.1302716583013534,-0.8541355729103088,-0.1211500763893127,0.1938444226980209,-0.8813349604606628,0.475998967885971,0.3574241399765014,0.3801551461219787,-0.5731029510498047,-0.3336079120635986,-0.1658072620630264,0.0058364258147776,0.0952580273151397,0.4235550761222839,-0.1102072373032569,-0.7596131563186646,0.1128843277692794,-0.0955019816756248,-0.7349411845207214,0.8560672998428345,0.080874502658844,-0.15021812915802,0.4306968450546264,0.6076554656028748,-0.1369597017765045,-0.6785984635353088,0.2332697510719299,-0.6413567662239075,0.2122153341770172,0.4102717041969299,-0.2345986515283584,0.487755686044693,0.4002706408500671,-0.078540526330471,-0.0764096081256866,0.2724423706531524,0.5841503739356995,0.6275725960731506,0.1791280657052993,-0.129294216632843,0.0426231920719146,-0.4053936898708343,0.2163338661193847,0.0956493467092514,0.490267813205719,-0.8582172393798828,0.4232311546802521,0.813017725944519,-0.1733649671077728,0.2934611439704895,0.6261663436889648,0.0053694085218012,0.4276522994041443,-0.0662788525223732,0.0245866160839796,-0.7677519917488098,-0.0055866027250885,-0.2524584233760834,0.2224869579076767,-0.357456237077713,-0.0999850928783416,-0.2182814329862594,-0.1435237973928451,0.3530179858207702,0.1560963541269302,0.212538793683052,0.1890817582607269,0.2296523153781891,0.000207888893783,0.3542346358299255,0.4711443483829498,-0.3778266012668609,-0.0770725607872009,0.0742701888084411,0.6616275906562805,1.209641933441162,-0.087912879884243,0.2223187088966369,-0.3241991102695465,-0.6356528401374817,0.20099937915802,-0.3099284768104553,-0.2028025686740875,0.6353564858436584,-0.4642383158206939,-0.4211028516292572,0.720435619354248,0.5569702982902527,-0.1122596189379692,-0.335921049118042,-0.6789876818656921,0.3064512908458709,-0.3645256459712982,-0.0358039699494838,-0.180355817079544,0.171331912279129,0.610625147819519,0.0939211472868919,-0.2659443020820617,0.2795200645923614,0.2603947520256042,0.2074338048696518,-0.2944416403770447,0.426446259021759,0.3471634984016418,-0.1667355895042419,-0.2200981974601745,0.385380744934082,-0.5667834877967834,0.0728470310568809,0.6288888454437256,-0.3506180047988891,0.0230734758079051,-0.2788820266723633,0.5178975462913513,0.2655262351036072,-0.4333501756191253,-0.1251368522644043,-0.0558462217450141,0.1861028224229812,-0.1403570473194122,-0.3923693001270294,-0.0288898944854736,-0.0997362285852432,0.4373029172420501,0.0280037112534046,-0.0913358926773071,-0.6388508081436157,-0.4535933434963226,-0.5089301466941833,0.3431868553161621,-0.7353134155273438,-0.4752563238143921,0.490795224905014,-0.0036998414434492,-0.3830293118953705,-1.6215091943740845,0.611397385597229,0.1808617562055587,0.6054509282112122,-0.3519787192344665,0.1456091254949569,-0.1435514688491821,0.0344983451068401,0.0513985343277454,-0.2357434630393982,-0.0522996224462986,-10.219598770141602,0.0156664215028285,-0.2581032514572143,-0.5848661065101624,-0.3376686871051788,0.0620149336755275,0.6576822996139526,0.7729461789131165,-0.3146578073501587,0.4328012466430664,-0.2544274926185608,0.2174075692892074,0.3063734769821167,0.1622301638126373,0.0017183710588142,-0.1237581521272659,-0.2380910813808441,-0.2006743848323822,0.086128182709217,-0.1362071186304092,-0.4530825316905975,-0.5120074152946472,0.7517042756080627,0.2526982128620147,0.2176697850227356,-0.5295992493629456,-0.1853656321763992,0.4672966003417969,-0.1791441887617111,0.2496297359466552,-0.5725317597389221,0.3190526366233825,0.0167583376169204,0.3781613707542419,-0.373111367225647,-0.1352471560239792,0.3851295709609985,-0.0300110895186662,-0.0711425021290779,0.5282049775123596,0.173106238245964,0.2248717993497848,-0.045459359884262,-0.2821187078952789,0.8622176647186279,-0.0490557737648487,-0.080817312002182,0.154214009642601,0.6697948575019836,-0.1314888894557953,-0.116734966635704,-0.39342200756073,0.1688199490308761,-0.089091919362545,0.2086450010538101,-0.3155266046524048,0.3690418303012848,-0.8311924934387207,0.1901748478412628,0.1392320990562439,0.6711832284927368,0.1469493210315704,0.6424481868743896,0.7694492340087891,0.0902850776910781,0.2917851209640503,0.4187970757484436,-0.022094290703535,-0.2411062717437744,-0.174841895699501,0.3503516316413879,0.6631569266319275,-0.2369278669357299,0.054011907428503,0.0384159237146377,0.3050693571567535,0.0060562989674508,-0.0862767398357391,-0.0560752265155315,0.2086593061685562,0.525546669960022,-0.3600848615169525,-0.3099071383476257,0.4158210158348083,-0.4793710112571716,-0.0806445032358169,0.1260488778352737,0.3137144446372986,0.0892589390277862,-0.6076187491416931,0.516116738319397,-0.2219393253326416,-0.5502403378486633,0.4251792728900909,0.6095340251922607,-0.3401385247707367,-0.2818612456321716,0.1433808803558349,0.4594053924083709,0.0951334238052368,0
0.0089554153382778,0.1939436793327331,-0.2193934172391891,-0.892130434513092,0.2426500469446182,0.8090804815292358,-0.0006461688317358,0.2059105336666107,0.1103751063346862,-0.4960032403469085,0.9617363214492798,0.3438442349433899,-0.0860624685883522,-0.3222886323928833,0.7872731685638428,-0.2823822498321533,0.1623154133558273,-0.2046204507350921,0.1291653960943222,0.1357299089431762,-0.5593015551567078,-0.7716518044471741,0.0471532978117466,0.5986023545265198,0.3549172580242157,-0.5780556797981262,0.2487049698829651,0.2216878086328506,-0.1113149970769882,0.1567638367414474,0.0653873309493064,-0.5548986196517944,0.0657591000199318,-0.408096581697464,-0.1881638914346695,0.5684396624565125,0.1580043733119964,-0.0112947979941964,-0.0664695054292678,-0.2631846070289612,-0.1660615652799606,-0.1197155714035034,-0.1676841676235199,-0.3762255609035492,-0.2971188127994537,0.3927555680274963,-0.2499871701002121,0.5849437713623047,0.3317283689975738,0.3255312442779541,-0.3314432799816131,0.3086915910243988,0.5327470898628235,-0.1731323897838592,-0.1804702877998352,-0.5745936036109924,0.1863718330860138,-0.4887060821056366,-0.1509477794170379,0.3312007486820221,-0.3013313114643097,-0.2362928539514541,0.1911569684743881,0.1281263679265976,-0.3288263380527496,0.0834068581461906,0.3564080595970154,-0.0896729975938797,-0.3487680852413177,-0.3754557967185974,-0.5943626761436462,0.2977727949619293,-0.2029802352190017,-0.1202201098203659,0.7733710408210754,-0.691891074180603,-0.1582495272159576,0.1307856887578964,0.129266157746315,0.179776906967163,-0.261399894952774,0.3057650327682495,-0.0999675914645195,-0.373337835073471,0.1245990842580795,0.4375348389148712,-0.1949544101953506,-0.6727452278137207,0.1449243426322937,-0.0880607590079307,0.1117881163954734,0.2104975432157516,-0.0901843756437301,0.2620703876018524,-0.3076165318489074,-0.1190997660160064,0.1794024109840393,-0.2009548395872116,0.2896222472190857,0.5201216340065002,-0.0178588442504405,-0.1175526157021522,0.2643328905105591,-0.0321151241660118,-0.1858051568269729,0.037453293800354,-0.532194197177887,0.4019044041633606,-0.058816809207201,-0.4000467956066131,-0.4044370353221893,-0.1294841170310974,-0.3230060636997223,0.3377116918563843,-0.0151133490726351,0.4915045499801636,-0.358000785112381,0.0789115205407142,-0.5358489751815796,0.6664966344833374,0.2892233431339264,0.2272322177886963,-0.2350341975688934,-0.1883149743080139,-0.0374681949615478,0.4136695265769958,-0.5037018060684204,-0.1584736406803131,-0.287291556596756,-0.3900687098503113,-0.3347787857055664,0.0566991604864597,-0.514350950717926,0.179104745388031,-0.4272096455097198,0.2676720917224884,-0.0008892610785551,-0.119334876537323,-0.0342761911451816,-0.3698295056819916,0.6141608953475952,0.030637776479125,-0.320189356803894,0.2113173454999923,0.0461371541023254,0.398370087146759,-0.214113175868988,-0.6932808756828308,0.7195062637329102,0.367898166179657,-0.548111617565155,0.6063113808631897,-0.7249165773391724,-0.1172510087490081,-0.163594901561737,-0.0741870552301406,-0.3895092904567718,0.3956390619277954,-0.1362478584051132,0.522060751914978,-0.3884695470333099,-0.6509543657302856,-0.0905016064643859,0.4577580690383911,-0.0745252072811126,0.6840958595275879,0.1851225048303604,-0.0991550236940383,0.3364947438240051,0.637281060218811,-0.0453508161008358,0.5295713543891907,0.1634165644645691,-0.4523137509822845,0.0446202680468559,0.3800104558467865,0.284567654132843,0.1254987865686416,0.5073771476745605,-0.4641390740871429,0.2480779737234115,-0.3822896182537079,-0.100916102528572,-0.6630884408950806,0.3797591626644134,0.0846238806843757,-0.1318268775939941,-0.0738795399665832,0.4522085189819336,-0.0492566935718059,-0.4892923533916473,-0.2397583127021789,0.4089611172676086,-0.3739085793495178,-0.0003141923516523,-0.2210182696580886,0.1859475374221801,-0.6739915609359741,0.1745838820934295,0.220360517501831,0.3807322680950165,-0.0570086054503917,-0.1237288936972618,-0.4595778286457062,-1.1483312845230105,-0.1460831612348556,0.7014099359512329,0.83683842420578,0.0783072561025619,0.3080491125583648,0.0015377762028947,0.5985416173934937,0.5874409079551697,0.1812830716371536,0.190099686384201,0.0373004861176013,-0.1218758150935173,0.1014582216739654,0.5281689167022705,-0.4943133592605591,0.1747933626174926,-0.2836597561836242,0.0985108017921447,0.2787056565284729,-0.1977821886539459,0.2921814322471618,0.4311996400356293,-0.2281941324472427,-0.3467642962932586,0.7514057159423828,-0.8000134825706482,-0.3450879454612732,-0.009347915649414,0.2900696396827698,-0.9353619813919068,0.6392756700515747,-0.2492270022630691,0.1082829087972641,-0.4890226125717163,0.0359387397766113,0.1801340728998184,-0.3585279583930969,0.1104844063520431,-0.6221851706504822,0.1228515431284904,0.2161178290843963,-0.0165604911744594,-0.5918678045272827,-0.6227045655250549,0.0214903783053159,-0.5298854112625122,-0.3639200329780578,0.7639522552490234,-0.5795010924339294,0.7762306332588196,0.3476709425449371,0.4019074738025665,-0.4657380878925323,-0.1669498533010482,-0.2760277986526489,0.1193528324365615,-0.9021141529083252,-0.1912649720907211,-0.5950599312782288,-0.1172133013606071,0.1430878639221191,0.1233772411942482,-0.7688897848129272,-0.7354635000228882,-0.1789389699697494,0.2603660523891449,-0.0042166076600551,-0.3103835880756378,0.1659796237945556,-0.3101548552513122,0.0252922773361206,-0.1007624864578247,0.2142903953790664,-0.6002864241600037,0.0724116042256355,-0.8211646676063538,0.1793502122163772,-0.5730201601982117,0.2574987113475799,0.3910787403583526,-0.0462004169821739,-0.0876006931066513,-0.0975300371646881,-0.1016468480229377,0.3967403769493103,0.5249233841896057,-0.4801513254642486,-0.7723743319511414,-0.055671326816082,0.0136875221505761,-0.0571516752243042,0.3413433134555816,0.2657767832279205,0.0421169660985469,0.1710550040006637,0.6340242028236389,0.2799536287784576,0.4707091450691223,-0.4334757030010223,-0.0673077553510665,-0.7172948718070984,-0.4154280424118042,-0.4803426265716553,0.9947332739830016,-0.2261528223752975,0.2403616905212402,1.3021985292434692,-0.2751008570194244,0.0932967960834503,0.7321251034736633,0.0016831944230943,-1.4337382316589355,0.1742880642414093,0.3827532529830932,0.4132084548473358,0.0696791559457779,0.3024963438510895,0.2778406143188476,0.4463664591312408,-0.1168526858091354,-0.2425277829170227,0.3244265615940094,0.5899599194526672,0.0496654845774173,-0.617261528968811,0.8245378732681274,0.2255584001541137,0.2680265307426452,-0.7746888399124146,-0.2026408314704895,0.5430367588996887,-0.0010325968032702,-0.1048668175935745,0.4138762652873993,-0.2566787004470825,-0.103787787258625,0.1203577071428299,0.3506484925746918,0.0290042459964752,-0.7879344820976257,-0.0909556150436401,0.1300715804100036,0.8856472373008728,0.8778288960456848,0.6831426620483398,0.2792248725891113,0.0440075062215328,0.1303082406520843,0.5566778182983398,0.2512948215007782,-0.1223691180348396,0.0570113584399223,-0.4873378574848175,0.1637439429759979,0.0484549850225448,0.1156986951828002,-0.5891779661178589,0.4568356275558471,0.6302958130836487,0.0585559792816638,0.824226975440979,0.304629772901535,0.4024071097373962,0.0829458087682724,0.2384218275547027,0.6345834732055664,0.1956893354654312,-0.3380899727344513,-0.5317067503929138,0.2160411775112152,0.0493471249938011,-0.221853882074356,-0.02583465911448,0.5467850565910339,0.2580340802669525,-0.4190973341464996,0.1458680480718612,0.3836770057678222,-0.0616870708763599,-0.2065752744674682,-0.5558835864067078,-0.4770741462707519,-0.6676740050315857,-0.2172219902276992,-0.753665030002594,0.146900326013565,0.100456528365612,0.4139447808265686,0.0750255212187767,-0.5526785254478455,-0.1661145240068435,-0.3633378148078918,-0.4284783601760864,-0.0671730786561966,0.0191703774034976,-0.2370837777853012,-0.0520790964365005,-0.2882414162158966,-0.4228926301002502,-0.3670439422130584,-0.2755053639411926,-0.3149448931217193,0.4823648631572723,0.1293221712112426,0.5752208828926086,-0.1062190011143684,-0.0015399476978927,-0.2033703178167343,-0.0299327652901411,-0.4370419681072235,-0.1116801798343658,-0.971891462802887,0.686314582824707,-0.0880109816789627,-0.1899833083152771,0.1447987705469131,0.5745759606361389,0.6484565138816833,0.2478493899106979,-0.059849202632904,-0.2137864828109741,0.0503655113279819,-0.5760780572891235,0.5633659958839417,-0.1351030617952346,0.6263390183448792,-0.2805357575416565,0.755492091178894,0.3448373973369598,-0.170314535498619,-0.1546093225479126,0.1700873970985412,0.5626100301742554,0.159848153591156,0.0025721793062984,0.3212217688560486,0.8514876365661621,-0.2384626716375351,0.3629963397979736,-0.2154732197523117,0.5963175892829895,0.5760573148727417,-0.2388592660427093,0.2666859626770019,-0.4242483675479889,0.2194554805755615,0.3001822531223297,0.5287933945655823,0.1616058498620987,0.4735806286334991,0.451240062713623,0.2986082136631012,0.5375964045524597,0.315589427947998,0.0714832171797752,-0.0380567088723182,-0.0804987475275993,-0.941788375377655,-0.0109886368736624,-0.1580452769994735,0.0599218979477882,0.374786913394928,-0.5962842106819153,-0.0410428903996944,-0.0652371048927307,-0.7644864320755005,-0.7148693799972534,-0.7939397692680359,-0.1061565801501274,-0.2387058287858963,0.0846536979079246,0.6289856433868408,0.3573974072933197,-0.6010023355484009,0.7245087623596191,-0.2205299735069275,0.7521306276321411,0.7965068817138672,-0.2417720556259155,0.0319433659315109,-0.0606076717376709,0.5573583245277405,0.0681068524718284,-0.2149157524108886,0.3274743854999542,-0.3377166092395782,-0.8510096073150635,-0.2493732422590255,0.6903465390205383,-0.3536029160022735,-0.4530978500843048,0.6913907527923584,-0.2197850495576858,-0.4711142182350158,-0.9469786882400512,-0.1042305007576942,-0.3892042636871338,-0.0367775112390518,-0.9603989124298096,-0.1532881557941436,0.0610974542796611,0.0220168903470039,0.2253399640321731,-0.0660680904984474,-0.117988608777523,0.158000573515892,0.6731314659118652,0.4489672780036926,-0.2163829505443573,0.0028803029563277,-0.1595053076744079,-0.2227129936218261,0.1855341643095016,0.329947829246521,0.4378122091293335,0.048679169267416,-0.0843349769711494,-0.8436931371688843,-0.2033517360687255,-0.8151254653930664,-1.060943365097046,0.0296236779540777,0.0121984211727976,0.6580050587654114,0.0858059749007225,0.0645452514290809,0.081458568572998,0.3754222393035888,0.4356490969657898,-0.0541432574391365,-0.1782771646976471,-1.0699797868728638,0.5052244067192078,-0.329275369644165,-0.4732583463191986,0.7103375196456909,-0.0672724097967147,-0.0404047146439552,0.3415814340114593,0.1774719655513763,-0.0499029532074928,-0.0452777631580829,0.3679766952991485,-0.1262805014848709,-0.1787403225898742,-0.1120196059346199,0.0712124705314636,0.067470796406269,0.1305374056100845,-0.7875770330429077,-0.287869393825531,0.4497101604938507,0.5701536536216736,0.0278291925787925,-0.257629781961441,0.0555600970983505,-0.1156580448150634,-0.3250406086444855,0.0239700376987457,0.2131179720163345,0.3540386855602264,-0.6282370090484619,0.4354308843612671,0.5328080058097839,-0.6255291700363159,0.3726008534431457,0.6569305658340454,0.447987288236618,0.3464375734329223,-0.0826312601566314,0.5278232097625732,-1.231490135192871,0.4108918607234955,0.4572261571884155,0.1051392704248428,0.1898313760757446,0.0374056287109851,0.1297614872455597,-0.4985046684741974,-0.4484615325927734,0.1290663480758667,-0.0684365034103393,0.5380885004997253,0.3252914249897003,0.3040666878223419,0.5544211864471436,0.8911846876144409,-0.1463435441255569,-0.0443869233131408,0.2671656310558319,-0.2792579531669616,1.1192423105239868,-0.2323697656393051,0.2132555097341537,-0.160199224948883,-0.8986796736717224,0.329925924539566,0.3822031319141388,-0.0639000087976455,0.8322954177856445,-0.2789399623870849,-0.1830359846353531,0.6643446087837219,0.3514379560947418,0.4319140315055847,-0.4011268019676208,-0.9307833909988404,-0.1246536746621131,-0.1892444938421249,-0.0544877350330352,0.1913336217403412,0.0124964993447065,0.2765724956989288,0.2173954248428344,0.0075536523945629,0.2295721769332885,0.733206570148468,0.326696902513504,0.0463561899960041,0.255257099866867,0.0263036601245403,-0.5050647854804993,-0.1246143355965614,0.1126625090837478,-0.2684059739112854,-0.5112488269805908,0.3904279768466949,-0.1249579936265945,-0.2794017791748047,0.0773320272564888,-0.305027574300766,0.2228762209415435,0.0762445032596588,-0.3174924552440643,-1.082621932029724,0.0216517392545938,-0.1389867812395095,-0.6159332990646362,-0.1184799522161483,-0.2913204431533813,-0.0232399385422468,-0.3378078043460846,-1.0702210664749146,-0.5516250133514404,0.2236312925815582,-0.4136366248130798,0.2747859060764313,-0.4481717944145202,-1.1580616235733032,0.2553902268409729,0.4109495878219604,-0.0642045140266418,-0.9181769490242004,0.2613958418369293,0.088971771299839,0.3436866700649261,-0.1951122134923935,0.3497662842273712,-0.4540547430515289,0.1738097816705703,-0.2475224286317825,-0.0588273964822292,-0.1013713851571083,-10.15874481201172,0.0772986337542533,-0.3866763412952423,-0.0697727650403976,-0.3086727857589721,0.0560729019343853,0.5754695534706116,0.5313887000083923,-0.1754971593618393,0.1452340632677078,0.1499291509389877,0.1246160045266151,0.1824256926774978,0.2906182706356048,-0.5009133815765381,-0.1276926398277282,-0.6558630466461182,-0.1718283742666244,-0.0053171636536717,0.2111367434263229,0.0747468620538711,0.1512689143419265,0.3463532626628876,0.5563478469848633,0.2827402651309967,-0.4469149112701416,-0.2932372391223907,0.3206714689731598,-0.3959000706672668,0.4110264778137207,-0.5485899448394775,0.1108571588993072,0.0251112282276153,0.4571645259857178,-0.3254336416721344,0.172176718711853,-0.1573193222284317,0.2649368047714233,0.345934122800827,0.1981503814458847,0.2115772813558578,0.1912645548582077,0.2055511623620987,0.0596089661121368,0.144676461815834,0.0531624220311641,0.2105614095926284,0.379570722579956,0.4094756841659546,0.0219456944614648,0.2211800962686538,-0.4739434123039245,0.0143642779439687,-0.3641282021999359,0.5714985132217407,0.2930380702018738,0.5575454831123352,-0.4731172919273376,-0.1425304263830185,0.1286281943321228,-0.2561348974704742,0.146199345588684,0.461464375257492,0.3113602995872497,-0.1503019034862518,0.4367438852787018,0.3194290101528168,0.3930483758449554,-0.1811354905366897,-0.3683565855026245,-0.1541863828897476,0.6007781624794006,-0.046747762709856,0.0733655989170074,-0.3318231999874115,0.2229252904653549,-0.0728904232382774,0.0502280332148075,0.1799504607915878,-0.4044448733329773,0.0383785553276538,-0.4283250868320465,-0.5955882668495178,0.1081421226263046,-0.8514079451560974,-0.0016018233727663,0.0004268751363269,0.2681510746479034,0.0098897572606801,-0.6363226175308228,0.3738816082477569,-0.5472381114959717,-0.0418695993721485,0.4586743712425232,-0.2135823518037796,-0.1286458522081375,0.1427406966686248,0.8457289338111877,0.444111704826355,-0.1456223726272583,1
-0.0299661550670862,0.2355797737836837,0.216267853975296,-0.4623011648654938,0.1465029567480087,0.1590572595596313,0.4888431429862976,0.0343817882239818,0.2314295917749405,-0.4759552180767059,0.9655014276504515,0.1445874869823455,-0.3044161796569824,0.2189700305461883,0.576633870601654,-0.0743149146437645,0.1229664981365203,-0.2058374583721161,0.3064872324466705,-0.6469168663024902,-0.4757871031761169,-0.4265144169330597,-0.3738117814064026,0.030898455530405,0.0109216663986444,-0.2931042015552521,-0.3614349067211151,-0.0565030053257942,0.0321628078818321,-0.3505898118019104,-0.199837788939476,-0.4792525172233581,-0.0199252478778362,0.0612472258508205,-0.1204092502593994,0.6159122586250305,0.1486607640981674,-0.0746806189417839,-0.2119930386543274,-0.2977423369884491,0.1133873462677002,-0.1358265876770019,-0.6363552808761597,-0.4453445672988891,-0.0216307081282138,0.6858723163604736,0.2617878913879394,0.103010170161724,0.2791837751865387,0.0458381362259388,-0.3350329399108886,0.0532670803368091,0.1205242276191711,-0.1077892631292343,-0.140848159790039,0.2162220776081085,0.2499522119760513,-0.2180299013853073,0.1128206253051757,0.0573501959443092,-0.0749453455209732,-0.190446987748146,0.1855106949806213,-0.2764393389225006,-0.1089432686567306,-0.289292573928833,-0.0018514724215492,-0.1425076127052307,0.0378167368471622,-0.5242213010787964,0.1774463355541229,0.0551392175257205,0.1343036741018295,-0.2229597717523574,0.5375440120697021,-0.6022578477859497,0.1935707926750183,-0.0520524643361568,0.509709894657135,-0.1051743850111961,-0.0881144702434539,0.3530352711677551,-0.1232519596815109,-1.0264198780059814,0.2464129030704498,0.0685964822769165,-0.4199430048465729,-0.6873281002044678,0.4393539726734161,-0.2583076059818268,0.1436595320701599,-0.1167098507285118,0.1215236559510231,0.2037247866392135,-0.1739794462919235,-0.3899840414524078,0.1050542965531349,-0.4063800871372223,-0.0228427778929471,0.0906861573457717,-0.1991038173437118,-0.1664947420358657,0.2539658844470978,-0.08316221088171,-0.2956099510192871,0.0766281485557556,-0.1890882402658462,0.2165932804346084,-0.010529525578022,0.1928633153438568,-0.2466240525245666,-0.7365819215774536,-0.6684548854827881,0.1535235941410064,0.1628547310829162,0.0169706754386425,-0.4629513621330261,0.3333367109298706,-0.292251855134964,0.3582746684551239,0.3380059599876404,0.4424749612808227,-0.2912670373916626,-0.3035025596618652,-0.3535375595092773,0.3237355351448059,0.2829291224479675,-0.0915389433503151,-0.1753126233816146,-0.467682272195816,0.1643853634595871,0.1346490383148193,-0.4423128366470337,0.0967956036329269,-0.139187291264534,0.6486086249351501,-0.0397078618407249,-0.1598468124866485,-0.2538869678974151,-0.638386070728302,0.0789156705141067,-0.0854528099298477,0.2547546029090881,0.0989833548665046,-0.3243342041969299,0.1430806070566177,-0.2329152375459671,-0.3564623296260834,0.1027843877673149,0.2768904864788055,-0.3188938796520233,0.8764433860778809,-0.2851174473762512,0.0630542263388633,0.5699432492256165,0.3915766179561615,-0.3984412252902984,0.2929694354534149,0.2510489225387573,0.3469375669956207,0.4383452832698822,-0.2636390924453735,0.1758026182651519,0.6372343897819519,0.0620617568492889,0.48999685049057,0.2634426057338714,0.1884945780038833,0.1005852743983268,0.5908862948417664,0.5550056099891663,0.733949601650238,0.3010013103485107,-0.3433351516723633,0.0500806532800197,0.2688963413238525,0.4469868540763855,0.2316191047430038,0.3136959075927734,-0.5935907363891602,-0.0061111184768378,-0.2248520404100418,0.0215833894908428,-0.0638685598969459,0.2728357315063476,-0.3050146400928497,-0.1886419057846069,0.0410682037472724,-0.1337005794048309,-0.1175947338342666,0.1645332723855972,-0.3792347908020019,-0.0136827323585748,-0.4534050524234772,-0.1512115150690078,-0.7354983687400818,0.2089379280805587,-0.201926901936531,-0.195111408829689,0.6643656492233276,-0.0806749388575553,0.1936513036489486,-0.1682331562042236,-0.5786277055740356,-0.8636887669563293,-0.5785698294639587,-0.1077366322278976,0.7041559219360352,0.5881813168525696,-0.074565976858139,0.1790602207183838,0.5251115560531616,0.2506594061851501,0.4124622941017151,0.1574108302593231,0.3484959602355957,-0.3538091480731964,-0.4027343988418579,0.5561660528182983,-0.0032326912041753,-0.050000574439764,-0.0567764267325401,0.539637565612793,0.2047712653875351,-0.2075197547674179,0.501338005065918,0.2387416064739227,0.1707339286804199,0.0699376761913299,0.7663633823394775,0.0118161113932728,-0.5861421823501587,-0.8611670136451721,-0.1384404450654983,-0.6185033917427063,0.2196169197559356,-0.4590725898742676,0.619849443435669,-0.004469471052289,0.2171162962913513,0.3878980875015259,-0.2124979943037033,0.1408550590276718,-0.7155495882034302,-0.268750786781311,-0.0620127320289611,0.0147290946915745,-0.0814034938812255,-0.1755184531211853,0.2299305945634842,-0.6103234887123108,-0.6310575008392334,0.1718595325946808,-0.4531665742397308,0.7357653379440308,0.2593086063861847,0.1987525820732116,-0.1235239952802658,0.3813154399394989,0.0503578297793865,-0.1351619958877563,-0.76896733045578,0.3926174342632293,-0.0643246844410896,-0.420342355966568,-0.0233181565999984,-0.0891819521784782,-0.5954908728599548,-0.4393798112869262,-0.3947541415691376,-0.1844253838062286,-0.3759275674819946,-0.5307303667068481,0.209036111831665,-0.1575206518173217,0.0715329423546791,-0.1290616989135742,0.4829116761684418,-0.435601532459259,0.2915761172771454,-0.7298199534416199,0.3351056575775146,-0.6409491896629333,-0.0948633402585983,-0.0631974413990974,-0.3413468897342682,-0.4442508518695831,-0.3955142498016357,-0.138266921043396,0.5761252641677856,0.2624053657054901,-0.1727059036493301,-0.5694354176521301,0.1490887403488159,-0.2580437660217285,0.1368192285299301,0.4621648490428924,0.1363303512334823,-0.0016341850860044,0.3118806183338165,0.4157231152057647,-0.1283486783504486,0.0241879075765609,-0.1079807430505752,-0.0169175192713737,-0.8130832314491272,-0.0653277188539505,-0.174520656466484,0.3462107479572296,-0.3703004121780395,-0.186801478266716,0.6856415867805481,-0.4231734573841095,0.5928168892860413,0.1722813844680786,0.2522653937339782,-1.4458192586898804,0.3850231170654297,0.1902194321155548,0.2978443503379822,0.0877886041998863,0.145401656627655,0.1110279932618141,-0.0574938990175724,-0.6784340143203735,-0.7602683305740356,0.7410281896591187,0.4468783140182495,-0.2336687594652176,0.2003991454839706,0.4540141224861145,-0.1062330156564712,0.2083266228437423,-0.2769695520401001,-0.3360543847084045,0.3228040635585785,0.4577924609184265,-0.0467718914151191,0.0027676047757267,-0.4149630069732666,-0.6250078082084656,0.5216419696807861,0.1651156842708587,-0.0309191048145294,-0.805808424949646,-0.0320819281041622,0.5924155712127686,0.8439977765083313,0.392516553401947,0.6698557138442993,0.2775563299655914,-0.3474680781364441,0.5768970847129822,0.5228627920150757,0.4868215918540954,0.03578532487154,0.1690186113119125,-0.3014212846755981,0.4699837863445282,0.2595841586589813,-0.1956651657819748,-0.0530209802091121,0.3263609707355499,0.386536180973053,-0.4391086101531982,-0.0086375335231423,0.6735122799873352,-0.0543981790542602,0.3627974390983581,0.5088064670562744,0.8520067930221558,0.0919913947582244,-0.1247157827019691,-0.4458746612071991,0.0389481149613857,-0.4721504747867584,-0.0464070290327072,0.249437928199768,0.643545925617218,0.1800780594348907,-0.3934841752052307,-0.4670685529708862,-0.3885264992713928,-0.4552167654037475,0.2360793203115463,-0.3041359484195709,-0.5053081512451172,0.1081565469503402,-0.348840981721878,-0.2525558173656463,0.0502934604883194,0.2953578531742096,0.4809640049934387,-0.4886140525341034,-0.2775174379348755,0.1847987622022628,-0.1730887740850448,-0.0953997746109962,0.1686501502990722,0.0675341263413429,-0.2792035639286041,-0.0033767158165574,-0.3075100779533386,-0.4163493812084198,-0.1236598715186119,-0.1286482959985733,-0.7282843589782715,0.3613770008087158,-0.0337164178490638,0.3184811174869537,-0.1117653399705886,0.212363600730896,-0.0579021796584129,-0.0061240564100444,-0.6834000945091248,0.2511175572872162,-0.5140464901924133,0.5098023414611816,0.2025010138750076,0.3701967298984527,0.0270219277590513,0.229741096496582,-0.0173004437237977,0.2236130237579345,-0.5740880370140076,0.1039561480283737,-0.3941324353218078,-0.1114313974976539,0.5262124538421631,-0.6533365249633789,0.3769093751907348,0.1186664551496505,-0.5494594573974609,0.7205423712730408,-0.3262954652309418,0.0280928704887628,-0.1272196620702743,0.3666795194149017,-0.4741651117801666,0.1335203051567077,0.5624035000801086,0.8154804110527039,-0.3181961178779602,0.4573160111904144,0.200192391872406,-0.1783058047294616,0.5119811296463013,-0.3314288854598999,0.0466658994555473,0.0006661119987256,0.090524286031723,0.4370368123054504,0.1267444938421249,0.4231581687927246,0.2319242507219314,-0.0515421032905578,0.2109686881303787,0.1311448812484741,0.0346457287669181,0.2261936366558075,-0.4267447888851166,-0.0513709113001823,-0.0142823681235313,-0.1931653022766113,0.101279892027378,-0.0532419122755527,0.6217305064201355,0.2308204621076584,0.3738999664783478,-0.3550546169281006,-0.5417635440826416,-0.3832451999187469,-0.9607998132705688,0.1315565109252929,-0.0790663212537765,-0.0163276195526123,0.6908462643623352,0.0588578544557094,-0.7221126556396484,0.2358367294073104,0.0272128488868474,0.2919761836528778,0.4030832052230835,-0.2154425978660583,0.0709559470415115,0.3989721238613128,-0.1261267066001892,0.1628637611865997,0.0112107601016759,-0.0319076515734195,-0.1294136494398117,-0.7251904010772705,-0.0746306777000427,0.0096906684339046,-0.1382598876953125,0.0486339218914508,-0.048696331679821,0.5179319381713867,-0.3248773217201233,-0.4770655930042267,-0.2669460475444793,-0.0978841260075569,-0.1597490012645721,-0.5272042155265808,-0.0882906317710876,-0.2667059898376465,-0.0370777919888496,0.5537228584289551,0.1262123137712478,-0.1799259036779403,0.3518047928810119,0.8112396001815796,0.3290017247200012,-0.2761339545249939,-0.1773284524679184,0.0283513944596052,-0.0239449124783277,0.0181579496711492,0.3367016911506653,0.1055769845843315,-0.0592071339488029,-0.0249660667032003,-0.641791820526123,-0.3773595988750458,-0.0498495139181613,-1.006864070892334,0.7867650985717773,0.1421998292207718,0.3271629512310028,-0.591947615146637,-0.4256160855293274,-0.0556285195052623,-0.0950140357017517,0.0657174363732338,0.3921764194965362,0.2685150504112243,-0.4433587193489074,-0.1544989049434662,-0.6509629487991333,-0.7227164506912231,0.2660917639732361,0.5065808892250061,-0.4473633766174316,0.0718003883957862,0.3014001250267029,0.0906874164938926,-0.0854358300566673,-0.1149730756878852,-0.2023268938064575,-0.3828028440475464,0.3161835670471191,0.3471236228942871,0.2675949037075043,0.391975075006485,0.011751047335565,0.3493061065673828,0.4068383276462555,0.6521065831184387,0.6776092648506165,0.2067282646894455,-0.295980304479599,-0.0338719859719276,-0.3017910420894623,0.2979480922222137,0.3519406914710998,-0.0679865255951881,-0.816438615322113,0.1296375095844268,0.359595239162445,-0.4224462807178497,0.3534362316131592,0.415180891752243,0.4235478043556213,0.595414936542511,-0.382038801908493,-0.0782274976372718,-0.7612597346305847,0.175590232014656,0.1187469810247421,0.0028290546033531,-0.3044798672199249,0.0316141918301582,0.091457150876522,-0.4568507373332977,-0.2213291525840759,0.2107302099466323,0.2459942996501922,0.1576231718063354,0.3493745923042297,-0.4129485785961151,0.5970923900604248,0.4303675591945648,-0.268079549074173,-0.2922296822071075,-0.1487938165664672,0.2311183363199234,0.4304578602313995,0.1590847969055175,0.357093870639801,-0.3773427903652191,-0.8445432782173157,-0.0218009445816278,-0.0130999134853482,0.265737384557724,0.7062705755233765,-0.81659996509552,-0.0497601069509983,0.5133703947067261,0.8080490827560425,-0.0522131584584713,-0.2979108095169067,-0.5252598524093628,-0.1884275376796722,-0.1352876871824264,-0.3311863839626312,0.3624251782894134,0.0446477718651294,0.5876405239105225,-0.0318144932389259,-0.116054967045784,-0.1953674256801605,0.8123372793197632,0.4073009192943573,0.0067221829667687,0.2081695050001144,0.0349424257874488,-0.4434836208820343,-0.0718753933906555,0.2721533179283142,-0.3703674674034118,-0.1548699587583542,0.1745146065950393,-0.3938381969928741,-0.1147098317742347,-0.1866552680730819,-0.0502172261476516,0.3511002361774444,-0.1540873050689697,-0.4240161776542663,-0.3418281078338623,-0.053463727235794,0.3640183210372925,-0.8195244669914246,-0.1772152483463287,-0.2284370958805084,0.1855793297290802,0.042220301926136,-0.1656990796327591,-0.4804145395755768,-0.5628264546394348,-0.4529979526996612,0.1406483501195907,0.1401218175888061,-0.481932133436203,0.4718159139156341,0.1960797160863876,-0.1483888775110244,-1.191425085067749,0.4968118071556091,0.1027939319610595,0.7110983729362488,-0.2558439373970032,0.3216203451156616,-0.0103126298636198,0.1246227771043777,-0.1625712811946869,-0.4507423043251037,0.666210949420929,-10.44359302520752,-0.3572226464748382,-0.5081060528755188,-0.1702241748571396,-0.3904321789741516,0.4770566523075104,0.1895525455474853,0.4223089218139648,-0.0044883918017148,-0.0646698474884033,0.0686290264129638,0.1073669865727424,0.1401628106832504,0.1497767865657806,-0.220811665058136,-0.0743995681405067,-0.373730331659317,-0.2494992762804031,-0.6559740900993347,-0.0684830918908119,0.1967051476240158,-0.3565899133682251,0.2966203391551971,0.3354876935482025,0.1996874958276748,0.070408284664154,0.3587600886821747,0.0580973513424396,-0.3103875517845154,0.5274375081062317,-0.0937580168247222,0.2019408792257309,-0.1024221777915954,0.2935628890991211,-0.5404207110404968,0.0252985451370477,0.0993592366576194,-0.016658442094922,-0.2296444326639175,0.5848070383071899,0.2089521139860153,0.4409377872943878,0.0392607785761356,-0.2712676525115967,0.3376539051532745,0.3442116677761078,0.2341883927583694,-0.0845958963036537,0.4305688440799713,0.0724609494209289,0.0871606618165969,-0.199142187833786,-0.1008294522762298,0.0345502868294715,0.1310538351535797,-0.035108808428049,0.3422837257385254,-0.8668643832206726,-0.1784586757421493,-0.097401238977909,0.231044664978981,0.0835519805550575,1.2275302410125732,0.3874486982822418,0.0501337796449661,0.2668848633766174,0.2135286778211593,0.0218898374587297,-0.4018953144550323,-0.30861297249794,0.4914284646511078,0.2120136320590973,-0.2327475100755691,0.1834315359592437,-0.0817566886544227,0.5747364163398743,0.3350679576396942,0.1577409952878952,0.2364269644021988,0.0189588703215122,0.5004974007606506,0.1825479567050933,0.0591266863048076,0.2704173028469085,-0.7462111711502075,0.0026831240393221,0.3723088800907135,0.1898520141839981,0.480819433927536,-0.5403976440429688,0.6073251366615295,-0.3687469661235809,-0.2229479849338531,0.4329991936683655,0.3822138607501983,0.0522193759679794,0.0458044558763504,0.1620650291442871,0.4006999433040619,-0.0565884411334991,0
0.228910431265831,0.690866231918335,0.4108462035655975,-0.7343981862068176,0.3344362080097198,0.042133655399084,0.2057005912065506,-0.0864466577768325,-0.6103029847145081,-0.6953402161598206,0.4213611781597137,-0.6728901267051697,-0.0896325558423996,-0.0863403230905532,0.5737711191177368,-0.3178015351295471,0.2055816501379013,-0.0097486255690455,0.1990101337432861,-0.0610999278724193,-0.3050161600112915,-0.3611944615840912,0.2000122517347335,0.0007106131524778,0.3109740018844604,-0.2137016952037811,0.0448093004524707,0.4916011989116668,-0.5267088413238525,-0.4539091885089874,0.0267103519290685,-0.8799008727073669,0.1279272437095642,-0.3891873955726623,-0.1300444453954696,-0.2346036881208419,-0.1084579303860664,-0.3342206478118896,-0.6553786396980286,0.1596803963184356,-0.3781715035438537,0.2477061599493026,-0.1821468621492386,0.1434370279312133,-0.0459712222218513,0.3397893607616424,-0.1493466198444366,0.5122488737106323,0.2154691517353058,0.283029556274414,-0.0360371060669422,0.2430266141891479,0.4628711938858032,0.5521414875984192,-0.1372272372245788,0.1061832532286644,0.1692850738763809,-0.4138669669628143,-0.3426058292388916,-0.1688203513622284,-0.4099599123001098,-0.2666960954666137,-0.3534086942672729,0.5274261832237244,-0.1232644468545913,-0.1128294989466667,0.0682086646556854,-0.0333407260477542,-0.5504401922225952,-0.1261458694934845,0.4337158799171448,-0.2203129529953003,-0.2249068915843963,-0.040762785822153,1.2263764142990112,0.544065535068512,0.2406773865222931,0.1564820706844329,0.4198444187641144,0.1333969384431839,-0.2348762899637222,-0.1037420406937599,-0.1696006208658218,-0.2326461225748062,0.1577581167221069,0.3805088102817535,-0.8446588516235352,-1.010707974433899,0.0296400599181652,-0.0815448686480522,0.1884391754865646,0.4411427676677704,0.2372420728206634,0.0110195958986878,0.0083061410114169,-0.7481738328933716,0.4895649552345276,-0.0499731972813606,-0.0378229841589927,0.4301399290561676,0.2737307250499725,-0.2992833256721496,0.0040291603654623,0.3265280723571777,0.2116483449935913,-0.1340404897928238,-0.1436925083398819,0.028287524357438,0.3177439570426941,0.1240677013993263,-0.0801309868693351,-0.5297499299049377,-0.003565608523786,-0.3407724797725677,-0.2329324334859848,0.2007545977830886,0.3856203258037567,0.5012291073799133,0.4458506107330322,0.5574844479560852,0.103227362036705,0.5219669342041016,-0.359877347946167,-0.166299894452095,-0.1840430647134781,0.0391934439539909,0.3275502026081085,-0.5188211798667908,0.2206548303365707,-0.1583565175533294,-0.6989242434501648,0.1391267925500869,-0.2278980016708374,-0.006264513824135,0.0466415658593177,0.6417867541313171,-0.5462542772293091,0.395706295967102,-0.7867943644523621,-0.705500602722168,0.1489662081003189,0.8144470453262329,0.3738605976104736,-0.3155710399150848,0.0448670014739036,-0.4077087342739105,0.274791419506073,-0.2405288070440292,0.8290995955467224,0.1991624683141708,0.0966969728469848,0.6938613653182983,-0.4065597951412201,-0.0966104492545127,-0.2009922713041305,-0.0720821321010589,-0.4614064991474151,0.0653528720140457,0.1221398040652275,0.5082157254219055,0.18620465695858,-0.1548297554254531,0.7660773992538452,0.8512074947357178,0.429777055978775,0.3782649338245392,0.2441856414079666,-0.3835828602313995,0.3575246632099151,1.1705706119537354,0.14788319170475,0.2212367504835128,0.3323398530483246,-0.5586192011833191,0.6170464754104614,0.8263814449310303,0.6170492172241211,-0.0581496320664882,-0.0246115326881408,-0.2399894595146179,-0.3461651504039764,0.1942840218544006,-0.0334356911480426,-0.4216754734516144,0.2449875175952911,-0.4286119639873504,0.383525550365448,0.1351269036531448,0.4257452189922333,-0.0471138954162597,-0.5996330976486206,-0.08987607806921,0.1711759269237518,-0.7419763207435608,-0.4116313755512237,0.3950783610343933,-0.2117599248886108,-0.021194189786911,0.2811715006828308,0.2198344320058822,0.0319141708314418,-0.0743386596441268,-0.0849415957927703,-1.3538129329681396,-1.3588223457336426,0.0962225869297981,0.2606759667396545,0.4990705251693725,-0.3561562299728393,0.5563968420028687,-0.7452103495597839,0.0032045622356235,-0.0521375313401222,0.3673182725906372,0.2789210379123688,-0.0930695757269859,-0.1972902715206146,-0.1019667983055114,-0.1035802885890007,-0.1782270520925521,0.4678605198860168,-0.4973179399967193,0.5176511406898499,0.2770163714885711,-0.105789802968502,-0.4584635198116302,0.5794048309326172,-0.3357694745063782,0.1651815474033355,0.7621485590934753,-0.6063293814659119,-0.5433552861213684,-1.0692169666290283,0.3525063097476959,-0.6455877423286438,0.5231484770774841,-0.2235536277294159,0.581965446472168,-0.0966708585619926,0.4257703125476837,-0.3222652673721313,-0.140821561217308,0.1128458008170127,0.1585134267807006,-0.4366354048252105,0.5080850720405579,0.5930748581886292,-0.4855819046497345,-0.9071577191352844,0.0730542689561843,-0.0385536551475524,-0.6454703211784363,0.6453532576560974,0.1281992793083191,0.7200011014938354,0.1413030177354812,0.5045042037963867,-0.3595912158489227,-0.0551116205751895,-0.6123557090759277,-0.6349437236785889,-0.6647193431854248,0.1065433025360107,0.0041596516966819,-0.2184005677700042,-0.4308827221393585,-0.3717782497406006,-1.397289752960205,-0.833626925945282,-0.1574723124504089,0.2806458175182342,-0.280044287443161,-0.5576706528663635,-0.4539890587329864,-1.3249998092651367,0.0012661778600886,0.0638795420527458,0.2824043333530426,-0.5290891528129578,0.8175365328788757,-0.4453859031200409,0.6034528017044067,-0.9726802110671996,0.5431697368621826,-0.232683852314949,-0.103099949657917,-0.250532865524292,-0.8248329162597656,0.3501308560371399,0.4844526052474975,-0.1069002225995063,-0.9061048030853271,-0.1923601478338241,-0.2694183588027954,-0.1799709200859069,-0.5605446100234985,0.2597657740116119,-0.5520331263542175,-0.0183071326464414,0.861822247505188,0.4722870886325836,-0.1564352363348007,0.6952444911003113,-0.5636512637138367,-0.5329748392105103,-0.2299501150846481,-0.4180494546890259,0.0882711932063102,0.9252794981002808,-0.1644307076930999,-0.0221719220280647,1.2708122730255127,-0.7096418738365173,-0.3847790956497192,0.4306689500808716,0.4141383469104767,-1.342869997024536,0.0123042641207575,0.6035004258155823,-0.1582793742418289,0.0190095622092485,0.6458749175071716,0.1070352345705032,0.1001837849617004,-0.3635625839233398,-0.510945737361908,1.2034722566604614,0.4014782309532165,-0.5152978897094727,-0.0706355571746826,0.588721513748169,0.0663666650652885,-0.0655732154846191,-0.5371559262275696,-0.0368045717477798,0.6677743792533875,0.0534828267991542,0.1633201390504837,-0.0109931733459234,-0.1820192039012909,-0.2583865821361542,0.1838104128837585,-0.3946672081947326,0.5818995833396912,-0.8899402618408203,-0.2177089154720306,0.8377963900566101,1.5777097940444946,0.2799021303653717,0.7514257431030273,-0.118804395198822,0.1136304810643196,0.2626892626285553,0.3255771398544311,0.5987045764923096,0.2730983197689056,0.0627717822790145,-0.2728626132011413,0.7302817702293396,0.3610387742519378,-0.4393409788608551,0.2035268694162368,0.8782486915588379,0.6532103419303894,-0.2327423989772796,0.0630189180374145,0.463772565126419,0.1300869137048721,0.512984037399292,0.6771745085716248,0.590194821357727,0.0297076497226953,-0.2612727880477905,0.0977180227637291,0.4183694124221802,-0.4133648872375488,-0.4000032246112823,-0.0006857418338768,0.5574392676353455,-0.8032594323158264,-0.2167762666940689,0.3529379665851593,-0.0616114735603332,-0.3042365610599518,-0.8891275525093079,-0.8280056118965149,-1.097294807434082,0.0561961084604263,0.0003275788913015,-0.3899610340595245,-0.007430160883814,0.6915638446807861,0.1156672090291976,-0.5125858187675476,-0.1020844280719757,0.3440730273723602,0.0049594310112297,0.1522711366415023,0.0459505692124366,0.3389029800891876,-0.450544148683548,0.1200793236494064,-0.4352658987045288,-0.73557049036026,-0.6896858215332031,-0.2618712186813354,-0.3270609974861145,0.4586031436920166,-0.1585969924926757,0.3795259892940521,0.0585394129157066,0.5422005653381348,0.7889208793640137,-0.0897886753082275,-0.5351503491401672,-0.8888676166534424,-0.3812668025493622,0.2802452445030212,0.2773322165012359,-0.3265917003154754,0.1917489618062973,0.2025825977325439,0.0922436788678169,0.1275250017642974,0.3094110488891601,-0.1674567312002182,-0.1859932839870453,-0.2896522879600525,0.632816731929779,0.2764970958232879,0.2479645311832428,0.2107216417789459,-0.2082026600837707,0.5230749845504761,0.1211728081107139,-0.699028491973877,-0.4947448074817657,0.6545862555503845,-0.2073591351509094,0.5288752317428589,0.0367122292518615,1.390793800354004,-0.4603313505649566,0.4116976857185364,0.2225116640329361,0.0336804091930389,0.4887390434741974,-0.3171225488185882,-0.9062516689300536,-0.1713600158691406,0.0910863727331161,0.4057067930698395,-0.1913078278303146,-0.1554828137159347,-0.0247429404407739,0.567440390586853,-0.3188688158988952,0.0039806640706956,0.3582882583141327,0.1718844622373581,-0.8913642764091492,-0.423382431268692,-0.3476515710353851,-0.1687947809696197,-0.8585977554321289,0.1499986499547958,0.2967782318592071,-0.1965254545211792,0.0585209652781486,-0.6676886677742004,-0.4727737307548523,-0.3159000277519226,-0.4285055696964264,0.3091233074665069,0.1169149875640869,1.2095741033554075,0.1896093338727951,-0.4175920188426971,-0.0903236716985702,0.1264248937368393,-0.1465769112110138,-0.00537596270442,0.4338029026985168,-0.1066628843545913,-0.0589497499167919,0.1878169178962707,0.1761449575424194,0.5052555203437805,0.183344230055809,0.3089981079101562,-0.3673326373100281,0.1157563775777816,-0.1132702380418777,0.4083413183689117,0.2961657047271728,-0.4115714132785797,0.5963854193687439,-0.023887924849987,-0.3338413834571838,-0.4297562837600708,-0.764289915561676,-0.0763783752918243,0.4540209174156189,-0.6590477824211121,0.0270479563623666,-0.4967905282974243,0.0757178515195846,0.0290372725576162,1.1405298709869385,-0.8937441110610962,0.3665049374103546,0.1531974226236343,0.1923591345548629,-0.1041512936353683,0.1077659726142883,-0.5726434588432312,-0.3478180170059204,0.1913167983293533,0.6946266293525696,-0.1675412058830261,0.1762998700141906,0.1748490184545517,-0.7899402379989624,-0.2608323395252228,-0.6205682158470154,-1.218579888343811,0.4306906461715698,0.4788227081298828,0.7142618298530579,-0.2525169849395752,0.4387068748474121,-0.3936202228069305,0.33692666888237,0.3767958879470825,-0.0881031230092048,-0.0840350612998008,-0.8412336111068726,-0.2826196551322937,-0.5134237408638,-0.7309799790382385,-0.0409642122685909,1.1758482456207275,-0.6574045419692993,0.0432728268206119,-0.203215941786766,0.1529697477817535,-0.706861674785614,-0.6034600734710693,-0.0110141849145293,0.2313684374094009,0.4124390184879303,0.2600441575050354,0.7265693545341492,-0.0555236898362636,-0.2538198828697204,-0.6394938826560974,0.3283385038375854,0.6289875507354736,0.2918471395969391,-0.0658504515886306,0.0600721016526222,0.0723450258374214,-1.0089460611343384,0.2760242521762848,-0.2950787544250488,0.0411174818873405,0.1557383388280868,0.7150352597236633,0.764258623123169,-0.7475168108940125,-0.1761809885501861,0.8904850482940674,0.6225679516792297,0.4316768944263458,-0.2115077078342437,-0.3453941941261291,-0.6245279312133789,0.805631160736084,-0.1376589238643646,-0.1792944967746734,-0.4303911924362182,-0.0573394633829593,-0.1680178642272949,-0.0777184143662452,-0.5961272716522217,0.4936436414718628,0.218509554862976,0.3405283093452453,0.3315092623233795,-0.7270371913909912,0.1623608320951461,-0.0382511876523494,-0.3289279639720917,-0.8692096471786499,0.2403982132673263,0.2951289117336273,0.7458351850509644,0.7193408608436584,0.5511543154716492,-0.2423378825187683,-1.1791435480117798,-0.359309434890747,0.1425556689500808,0.0723103657364845,0.5055833458900452,-0.7838909029960632,-0.2333760857582092,0.2148704975843429,-0.6901962161064148,0.4415713846683502,0.0988029912114143,-0.9156314730644226,-0.0688508972525596,0.1100517213344574,-0.0853871032595634,-0.241202101111412,0.0277170874178409,0.127430260181427,-0.4829114079475403,0.1030662283301353,-0.2535048723220825,0.8685706853866577,0.2068042457103729,-0.0513015463948249,0.4624484479427337,-0.0366549044847488,-0.4135241508483886,-0.1019542217254638,-0.211107537150383,-0.6391926407814026,0.026296516880393,-0.1141495257616043,-0.0881492644548416,0.0023762716446071,-0.3507528007030487,0.4735597968101501,0.0334749110043048,0.5158333778381348,-0.4410777688026428,-0.840333878993988,-0.0471586249768734,0.3224512040615082,-0.3154100477695465,-0.0778864622116088,-0.0527919009327888,-0.4172938466072082,0.0424417853355407,0.1885193437337875,-0.2832313776016235,0.244455337524414,-0.011076221242547,0.4652265608310699,-0.6870548129081726,-0.294486403465271,0.2024918347597122,0.4277161657810211,-0.3568207919597626,-0.929097056388855,0.2881726026535034,0.5912810564041138,-0.1125893890857696,-0.0805350542068481,0.3353520333766937,0.0485147163271904,0.4913357198238373,0.310046523809433,-0.2362321764230728,0.78206467628479,-9.633971214294434,-0.4291082918643951,-0.622032105922699,-0.1106453686952591,-0.1309971809387207,-0.2836490571498871,0.7808292508125305,-0.4282541275024414,-0.3550347685813904,-0.2715818285942077,0.6578344106674194,0.5189192891120911,0.4442780017852783,0.5239726901054382,-0.6088813543319702,0.0686124116182327,-0.2072453498840332,0.2608295381069183,-0.4738257527351379,-0.5556185841560364,0.313815027475357,-0.620045006275177,0.4651289284229278,0.2686606049537658,-0.433148592710495,-0.5728712677955627,-0.4576044380664825,0.1346184164285659,-0.4864015877246856,0.5025060176849365,-0.5241411924362183,0.8789189457893372,-0.4108501076698303,0.2133660912513733,-0.4286626279354095,-0.1405409872531891,0.0532704181969165,0.2971842288970947,-0.2789247035980224,0.2187022864818573,0.3905003666877746,0.5737811923027039,0.4081760942935943,0.0640358626842498,0.6094369292259216,0.1590030640363693,0.7656266093254089,0.5931599736213684,-0.0103593515232205,-0.0988274589180946,0.0823414772748947,0.0326518453657627,0.0335768945515155,-0.005672700703144,0.1531953513622284,0.0013211227487772,0.6172919869422913,-0.1241498216986656,-0.0079345731064677,0.3018156886100769,0.3612869083881378,-0.2708107829093933,0.6424412727355957,0.8863001465797424,-0.2971158325672149,0.3804157078266144,0.3166958093643188,0.5826172828674316,-0.4495159089565277,-0.57723468542099,0.1390902549028396,-0.2409447729587555,-0.044008906930685,-0.4454102516174316,-0.6437625288963318,0.5307749509811401,0.3929304480552673,0.0726400092244148,0.9356923699378968,0.415362685918808,0.8689674139022827,0.1216783300042152,-0.1702966094017028,0.2881889343261719,-1.0639375448226929,0.4601030945777893,-0.3987075984477997,0.1851171553134918,0.6951726675033569,-0.6450418829917908,0.413251131772995,0.4040653109550476,-0.0969820767641067,0.5107684135437012,0.3549604415893554,-0.6924507021903992,0.3989652097225189,0.4316265881061554,0.3975213766098022,0.0337979942560195,1
0.7160406708717346,0.5496041178703308,1.0600578784942627,-0.4431724548339844,0.0448430813848972,0.3219568729400635,0.2715650498867035,0.0062799644656479,-0.6299976110458374,-0.2329137921333313,0.5505568981170654,-0.5564342141151428,-0.2968236804008484,-0.1863660514354705,0.32614865899086,0.0199595429003238,-0.1589935719966888,-0.4174444079399109,0.3077236413955688,-0.4441926181316376,-1.435692310333252,-0.5543021559715271,-0.1952914595603943,0.1669474244117736,-0.3150492012500763,-0.4724974632263183,0.2600679993629455,0.0922654122114181,0.3445742428302765,-0.343114972114563,-0.6205287575721741,-0.1694863736629486,0.0276246853172779,0.1345271468162536,-0.5564649701118469,0.5066118240356445,0.0104094464331865,-0.3863275647163391,0.7529186010360718,0.190581202507019,-0.0434430949389934,-0.0062533719465136,-0.1106757670640945,-0.0010885586962103,-0.2329510599374771,0.1116471886634826,0.1652374267578125,0.3185009360313415,-0.0247206445783376,-0.4215655922889709,-0.8240092396736145,0.5963747501373291,0.3773230612277984,-0.0269231144338846,0.1930460333824157,-0.2094836086034774,0.954737663269043,-1.0668796300888062,0.130802184343338,0.3891322314739227,-0.6298655867576599,-0.3246212005615234,0.4780248403549194,-0.1246212720870971,-0.186718076467514,0.2396682798862457,0.023499870672822,-0.0045924559235572,0.492657870054245,-0.536670446395874,0.445383220911026,0.137165293097496,-0.1062554866075515,-0.7000160217285156,0.588559627532959,-0.2727632224559784,0.112935334444046,0.3397274315357208,0.1951669007539749,0.0292498487979173,0.1833639442920684,0.1893945634365081,0.1850089281797409,-0.4678379893302917,-0.4566177427768707,0.1382855623960495,-0.7634050250053406,-1.0278390645980835,0.5832114815711975,-0.3624027371406555,0.033557940274477,0.273272693157196,0.3222914934158325,-0.1099065691232681,0.4741979241371155,0.2392270714044571,0.0166855566203594,-0.0043402756564319,-0.3339742422103882,0.031827837228775,-0.3185054659843445,0.0691365972161293,0.1393540650606155,-0.4681010246276855,0.1093716472387313,-0.1714517027139663,-0.3932948112487793,0.5831077694892883,0.3211843073368072,0.2408215552568435,-0.3932655453681946,-0.3886343240737915,-0.544151246547699,-0.2606160640716553,0.48261159658432,0.0443647839128971,-0.5017679333686829,0.6238043904304504,-0.3327780663967132,0.5301656126976013,0.1648320406675338,0.3450007140636444,-0.046100802719593,-0.4880585074424743,-0.1340521574020385,0.6939308643341064,0.2395305931568145,-0.0871166661381721,0.2279672026634216,-0.1759323179721832,-0.1812437176704406,-0.7236559987068176,-0.0606303624808788,-0.1284232586622238,-0.4148086905479431,0.7964227795600891,0.3081644177436828,0.0459326207637786,0.2721553444862366,-0.5111276507377625,-0.5176360011100769,-0.2339594066143036,0.4802360832691192,-0.6775243282318115,0.1863149553537368,0.4573135673999786,-0.3242950141429901,-0.2710474133491516,0.719058096408844,0.344485729932785,-0.0405073091387748,1.221623778343201,-0.5083168148994446,-0.0042150439694523,-0.1091043278574943,0.5945374369621277,-0.7333052158355713,0.3256069421768188,0.537666380405426,0.4378291070461273,0.7361007332801819,-0.0103426575660705,0.0524857640266418,0.4433907568454742,0.0224078278988599,0.2883355915546417,0.1595441699028015,-0.4797025620937347,-0.3036799728870392,0.4212587773799896,0.1494921743869781,0.548896074295044,0.3409509360790252,-0.0871381014585495,-0.3950188457965851,0.1619779616594314,0.8203318119049072,-0.1802835911512375,0.2675783336162567,-0.7529749870300293,-0.2787104547023773,0.1595818102359771,0.562970757484436,-0.6086323857307434,0.4922395646572113,-0.0607765987515449,0.0525845624506473,-0.1430233120918274,-0.1919663548469543,0.0997748300433158,-0.3555605113506317,-0.5002982020378113,0.5069612860679626,-0.5319347977638245,-0.3023192584514618,-0.4192430675029754,0.3326950073242187,0.1380854696035385,-0.4933838248252868,0.6112861037254333,0.3284007012844085,0.1616570353507995,-0.1621584892272949,-0.5787858963012695,-0.9845398664474488,-0.0654933899641037,-0.0381376333534717,0.2911118865013122,0.2583819925785064,0.3827478885650635,-0.5706953406333923,0.0709239393472671,0.0739507302641868,0.2867769598960876,0.6943717002868652,0.3660307824611664,-0.2548193037509918,-0.4564126431941986,-0.0378085523843765,-0.0454684756696224,0.1466283947229385,-0.2530595660209656,0.3082716763019562,0.1777791380882263,0.0423457957804203,0.1954853534698486,0.1800612956285476,-0.4829595685005188,-0.4469911456108093,0.4224537014961242,-0.5547980070114136,-0.6095532178878784,-0.2875030934810638,-0.0714776515960693,-0.6480852365493774,-0.5900214314460754,-0.388478547334671,-0.0270618125796318,-0.2967996299266815,0.5098548531532288,-0.22074955701828,-0.3468151390552521,0.4216444194316864,-0.3038881123065948,-0.2978987097740173,0.3927764594554901,-0.0596282370388507,0.0485152229666709,-0.271362692117691,-0.1802142113447189,-0.4851191937923431,-0.550102710723877,-0.1460640579462051,-0.0548247061669826,0.3206359446048736,0.4962250292301178,0.4854024350643158,-0.2992788553237915,0.3813333511352539,-0.3735303878784179,-0.4477134048938751,-0.5849761962890625,-0.1867894977331161,-0.1529820263385772,0.0660977810621261,0.1695452481508255,-0.0759079530835151,-0.3525299727916717,-0.7251498699188232,-0.4507409930229187,0.0721923410892486,-0.0167071856558322,-0.0582984127104282,-0.1752388924360275,0.1764365881681442,0.088075466454029,0.1377533078193664,0.4123290479183197,-0.4051860272884369,-0.0089038852602243,-0.2578047215938568,0.5319944024085999,-0.6913993954658508,0.1426066905260086,0.0091378083452582,0.4740738272666931,-0.6846185922622681,0.0018326811259612,-0.4535423517227173,0.7378843426704407,0.5011321902275085,-0.5561357140541077,0.0602494962513446,-0.1660566180944442,-0.9421035051345824,-0.2076736837625503,0.6045069694519043,-0.0015955511480569,0.4080990850925445,-0.1184548586606979,0.392930656671524,0.4433785676956177,0.8906248211860657,-0.0674004629254341,-0.0112778441980481,-0.3926476240158081,0.1577012240886688,0.18877674639225,0.5445039868354797,-0.1628527790307998,0.2813944816589355,0.5108756422996521,-0.6430280208587646,0.3158159852027893,0.840604305267334,0.4549330472946167,-1.77802836894989,-0.315490573644638,0.509924590587616,0.1881543546915054,-0.3583788871765136,-0.2123126238584518,0.2246962636709213,0.3304974436759949,-0.335794448852539,-0.4867393374443054,1.282496452331543,0.2578581869602203,0.1956936717033386,-0.4181706011295318,0.1126364842057228,-0.0562515445053577,-0.1417088061571121,-0.5214462280273438,0.3383252024650574,0.4104311168193817,-0.7612400054931641,-0.0065445792861282,-0.2192858457565307,-0.3208435773849487,-0.5579304099082947,0.3383762538433075,-0.6222559809684753,-0.0154126929119229,-0.3610038161277771,-0.1238558292388916,0.0644548162817955,1.1989210844039917,0.8737666010856628,0.1136054247617721,-0.7855727672576904,-0.187774196267128,-0.0542365722358226,-0.3299339711666107,0.1715893447399139,-0.0471077673137187,-0.1403587460517883,-0.1254177391529083,0.349879503250122,0.1097924038767814,0.1692365705966949,-0.0903558135032653,-0.6123674511909485,-0.1054280996322631,-0.1606510132551193,0.7271825075149536,0.9391486644744872,0.14202481508255,-0.0107327075675129,0.541143000125885,0.9442161917686462,0.3771333396434784,0.1176036745309829,-0.6484299302101135,-0.3322542309761047,-0.4627679288387298,0.0766859427094459,-0.2493514865636825,-0.4175941050052643,0.5562111735343933,-0.149287611246109,0.0368744879961013,0.1740822345018386,-0.8228632807731628,0.4122907519340515,-0.5090331435203552,-0.2347524166107177,-0.2065445333719253,-0.1703664511442184,-0.4299764633178711,0.7415841221809387,0.2431784123182296,0.3587514758110046,-0.3153972923755646,-0.9576084613800048,0.662799596786499,-0.1861715912818908,-0.1347865611314773,0.1952444016933441,0.1569215804338455,-0.0130145577713847,0.1553108692169189,-0.0591698288917541,-0.3216509222984314,-0.8687087297439575,-0.3008919656276703,-0.4204065799713135,-0.0636451244354248,-0.0857962518930435,0.6063085794448853,0.0167367029935121,0.1617683470249176,0.2566567361354828,0.3890993893146515,-0.1402439773082733,-0.2968016266822815,-0.5630148649215698,0.4061540067195892,0.3248182237148285,0.9648025631904602,0.4040554761886596,0.0078669795766472,0.523979902267456,0.0174883659929037,0.0857487842440605,0.1283589303493499,-0.6166248917579651,-0.4257988929748535,0.9454864859580994,-0.4247202277183532,-0.2155346870422363,0.3162325918674469,0.1190092638134956,0.5508721470832825,-0.3955748677253723,-1.002431869506836,0.5232201814651489,-0.32157102227211,0.2513957917690277,1.0220986604690552,0.245553657412529,0.1295281499624252,0.2352876216173172,0.0230562891811132,-0.4232050478458404,-0.2769336402416229,-0.3289223313331604,-0.509810745716095,0.4113638401031494,-0.1826494336128235,0.6000717282295227,0.4723854959011078,0.5991536378860474,-0.0493774935603141,0.3512018322944641,0.2943974733352661,-0.5445080995559692,0.4768691956996918,0.6148988604545593,0.3768306672573089,-0.2980268001556396,0.4510954320430755,-0.4618158936500549,0.0261024199426174,-0.2566526234149933,-0.2924006581306457,1.0113605260849,-0.0366128347814083,0.5851088762283325,-0.7223637104034424,-0.3120304346084595,-0.4959334135055542,-0.4941413402557373,-0.192767396569252,-0.2274348884820938,0.075365774333477,0.2839587926864624,-0.3671100735664367,-0.6587124466896057,0.2883949875831604,0.5989701747894287,0.4797096848487854,-0.0510609298944473,-0.306638240814209,-0.2423850893974304,0.1443103551864624,-0.7134082317352295,-0.5081197619438171,0.575716495513916,0.1336457133293151,-0.3493250012397766,-0.8854405879974365,-0.3180863857269287,-0.1379755288362503,0.1805661469697952,-0.4811800122261047,0.0465103425085544,-0.290102869272232,-0.7400475144386292,-0.273175984621048,-0.4847550988197326,-0.1200441569089889,-0.6421060562133789,-0.3723041415214538,-0.2524562776088714,-0.4793320596218109,0.0046251476742327,0.6948128938674927,0.7403450012207031,-0.4985497891902923,-0.2380929142236709,0.1256924271583557,0.1686508506536483,-0.2385175079107284,0.1640942096710205,-0.3254446983337402,-0.15774767100811,-0.5756934881210327,0.2040051966905594,-0.2761629521846771,-0.0652704909443855,-0.0876909717917442,-0.7345484495162964,-0.4659005403518677,0.0324366055428981,-0.8098662495613098,0.1941544115543365,-0.0571203343570232,0.9315574169158936,-0.5274169445037842,0.1283146440982818,-0.0506936982274055,-0.2374493926763534,-0.5599507689476013,0.5276247262954712,-0.3125468492507934,-1.1585813760757446,0.3610887229442596,0.1456747502088546,-0.4961353838443756,1.2421517372131348,0.209113210439682,-0.6299748420715332,-0.1049925908446312,0.1299864202737808,0.1624376773834228,-0.2304719090461731,0.148638442158699,0.0389331430196762,0.3440857827663421,0.4437224268913269,-0.4375099241733551,0.6193323135375977,-0.0035915866028517,-0.2298985421657562,-0.1354523450136184,0.3424294590950012,0.344156265258789,0.6829055547714233,0.12941475212574,-0.6262499690055847,-0.2232080549001693,-0.325437992811203,-0.0677823722362518,-0.0049347216263413,0.3359613120555877,-0.5255427360534668,0.8923746943473816,0.5958791375160217,-0.5636972188949585,0.3588937222957611,1.2114043235778809,-0.0423423871397972,1.0033893585205078,0.1732223331928253,0.0411442294716835,-0.6278747916221619,0.1510212868452072,0.0785162672400474,0.1135732382535934,-0.0704819783568382,0.0616788268089294,-0.2950425446033478,-0.2071893513202667,0.8606039881706238,-0.121087297797203,-0.3264497816562652,0.0848917290568351,0.2585770785808563,-0.2899852097034454,0.8567606806755066,0.3068051636219024,-0.0136516513302922,-0.1718943417072296,0.3325474560260772,0.6210667490959167,1.231739163398743,-0.4219981729984283,0.3740526735782623,-0.3315471112728119,-0.5471270680427551,0.1436841785907745,0.1501275300979614,-0.086452841758728,0.6012153625488281,-0.6972745656967163,-0.080488696694374,0.7731828093528748,0.2369479686021804,0.0300097912549972,-0.0737051516771316,-0.507893443107605,0.1773186177015304,-0.4614638090133667,-0.1801935732364654,0.0458078272640705,0.3561922907829284,0.7271630764007568,0.4086967706680298,-0.1531369239091873,-0.0661972314119339,0.8011471033096313,-0.0996110737323761,-0.4934886693954468,-0.0796970874071121,-0.1862915009260177,0.0393057391047477,-0.0520649850368499,0.3480192124843597,-0.0210816878825426,-0.2200969457626342,0.696488618850708,-0.226593941450119,0.0158699993044137,-0.2685171365737915,0.3712647557258606,0.1123125925660133,-0.1102825403213501,0.2151762098073959,-0.2132675051689148,0.2190783023834228,-0.0080466317012906,-0.8187978267669678,0.0576216056942939,0.149572268128395,0.0899965018033981,-0.5050914883613586,0.0059439134784042,-0.469350129365921,-0.3574584424495697,-0.1228241100907325,0.1757557243108749,-1.184923768043518,-0.7962396144866943,0.4043115377426147,-0.011384311132133,-0.2222319096326828,-1.394122838973999,0.6045659780502319,0.3704037368297577,-0.0332081988453865,-0.189859390258789,0.2785438597202301,-0.0624178387224674,-0.202721819281578,-0.1569465845823288,-0.201258510351181,0.3423085212707519,-9.881769180297852,0.1127707585692405,0.0250407438725233,-0.6226008534431458,-0.2768200933933258,-0.1419197618961334,1.0979472398757937,0.8698919415473938,-0.1874127089977264,0.4062471985816955,-0.2014871686697006,-0.032834593206644,0.4222115576267242,0.6477712392807007,0.0165358241647481,-0.0757811218500137,-0.2083810418844223,0.1534511595964431,0.1103512644767761,-0.0812371745705604,-0.6076298952102661,-0.3319518268108368,0.7044028043746948,0.2135204225778579,0.3321336805820465,-0.5609503388404846,-0.5385086536407471,0.7213151454925537,0.0239347964525222,0.2181130796670913,-1.00224506855011,0.2961472272872925,0.1261317133903503,0.414044439792633,-0.1122713387012481,0.3906683623790741,0.1047024503350257,0.8875852227210999,-0.0642447471618652,0.1892401129007339,0.1089766845107078,0.4443552494049072,0.0705834999680519,0.0431388765573501,0.3937809765338897,-0.0631690770387649,0.0285484418272972,0.4789966642856598,0.8089115023612976,-0.2491255849599838,-0.4232617020606994,-0.2744500041007995,0.4650739133358001,-0.2509323358535766,0.1578381657600402,-0.0456525050103664,0.6443071961402893,-0.9439181089401244,0.1452423185110092,0.1493725925683975,0.3029784858226776,0.556549608707428,0.6303580403327942,0.7066295146942139,-0.1501513719558715,0.4653829634189605,0.5707411170005798,0.0543890185654163,-1.228846788406372,-0.416785180568695,0.3502748012542724,0.3190977275371551,0.2799139320850372,0.202869564294815,0.1534282565116882,0.3137082159519195,-0.2311029434204101,0.1965452134609222,0.2695147693157196,0.1904399096965789,0.6270903944969177,-0.4208428859710693,0.1835490614175796,0.6611534357070923,-0.5122352838516235,0.3420845568180084,0.2134129106998443,-0.2768934667110443,0.2211164534091949,-0.5829900503158569,0.6009411811828613,0.1985925585031509,-0.5658319592475891,0.4262440502643585,0.4988217055797577,-0.1246670633554458,-0.0260311178863048,0.0708031207323074,0.206412062048912,-0.3707110583782196,0
0.1636033356189727,0.561111569404602,0.963577687740326,-0.2531377375125885,0.2561720609664917,0.0037769393529742,0.6681210398674011,-0.2369826585054397,-0.4657158851623535,-0.1556741744279861,0.4122114777565002,-0.2101794779300689,-0.4992119073867798,0.2613545060157776,0.3428426682949066,0.2632754743099212,-0.1777097433805465,-0.5320543050765991,0.0649681985378265,-0.0062607061117887,-1.2514986991882324,-0.8283905982971191,-0.1893840730190277,0.6716632843017578,0.2074388265609741,-0.978362500667572,0.3778003454208374,-0.0211091451346874,0.0104807252064347,-0.4039858877658844,-0.5493969321250916,-0.0247840136289596,-0.1916356235742569,0.588911771774292,-0.7297840118408203,0.2907217144966125,0.2353024929761886,-0.5326734781265259,0.0372516028583049,-0.2326942980289459,0.2697002291679382,-0.3141800463199615,0.1987658143043518,0.4804547727108001,0.052745945751667,0.3140006065368652,0.2158393412828445,0.0833956524729728,-0.2613480985164642,0.2624966502189636,-0.6328907012939453,0.3625494837760925,0.6217379570007324,0.2134969681501388,0.106652446091175,-0.3822693824768066,0.2382412701845169,-0.3022715151309967,0.3150130808353424,0.5371038317680359,-0.4602276980876922,-0.0521640889346599,0.2732818126678467,0.233560174703598,0.0440126992762088,0.459627628326416,-0.310776799917221,-0.2558731734752655,0.1844891607761383,-0.9530168175697328,-0.0116699924692511,-0.0267543606460094,0.0759125724434852,-0.8652083277702332,0.6292843818664551,-0.1135312318801879,0.174959048628807,0.2808574736118316,0.0798219963908195,0.0707317367196083,-0.0850631669163703,0.2571819424629211,0.0551892518997192,-0.4449317455291748,-0.8189011216163635,0.0933475047349929,-0.6966170072555542,-0.6231308579444885,0.3715043663978576,0.0411418043076992,-0.195469856262207,-0.4279313087463379,-0.414786547422409,0.3399111330509186,0.486581027507782,0.6072031855583191,0.1653328835964203,-0.3066744804382324,-0.1960984468460083,0.2707450687885284,0.3154460787773132,-0.198801577091217,0.4089021980762481,-0.161339059472084,0.1772884130477905,0.1859771162271499,-0.3706162571907043,0.1487167775630951,0.4087929427623749,0.2127573937177658,-0.5675005912780762,-0.1415347009897232,-0.8027466535568237,-0.3715340495109558,0.1985450088977813,0.3180364966392517,-0.5262210369110107,0.1496967673301696,-0.2264241576194763,-0.026380781084299,0.0683838203549385,0.5679335594177246,0.1338820457458496,-0.8038051128387451,0.1470245718955993,0.5012581944465637,0.2987092435359955,-0.1029233187437057,-0.4276900589466095,-0.2983180582523346,-0.5082040429115295,-0.3896224796772003,0.0146926427260041,0.4399013817310333,-0.6635875701904297,0.5561978816986084,0.2441409528255462,0.1976242661476135,0.0307847503572702,-0.310484915971756,-0.4377128481864929,-0.0702986568212509,-0.0670259818434715,-0.5504514575004578,0.2806242704391479,-0.2523664236068725,-0.773504912853241,-0.3963729739189148,-0.3380880355834961,-0.2598858773708343,0.0316100306808948,1.265968918800354,-0.536586582660675,-0.3845497965812683,0.3121085166931152,0.2265555113554,-0.7506274580955505,0.0407783314585685,-0.0086836935952305,-0.0120559930801391,0.1465072035789489,-0.434125006198883,0.3764253854751587,0.4527550935745239,0.6107216477394104,-0.1433086544275283,0.1215642541646957,-0.2170065641403198,0.0892624035477638,0.3414625227451324,0.8294426202774048,-0.0434506572782993,0.6894717216491699,0.1754560470581054,-0.0819169133901596,0.3937259316444397,0.8955094218254089,-0.3234723806381225,-0.0285314228385686,-0.3221807777881622,-0.2763329446315765,-0.3619387447834015,0.2554941177368164,-0.4938167631626129,0.6150464415550232,-0.714162290096283,0.3507383465766907,-0.2791033685207367,-0.3053508698940277,-0.1471838653087616,0.0965518578886985,-0.3451727628707886,0.885943591594696,-0.3478475213050842,-0.5721448063850403,-0.3344023823738098,0.2664563357830047,0.1634293645620346,-0.5658764839172363,0.2493746131658554,0.216334730386734,0.1262945681810379,-0.0611438192427158,-0.6547394394874573,-0.5595773458480835,0.4156877100467682,0.2593433856964111,0.0345921441912651,0.1855775564908981,0.81205153465271,-0.3644900321960449,0.2777253687381744,0.5671217441558838,0.1164997667074203,0.113798089325428,0.2314918637275695,-0.1077049225568771,-0.4002515375614166,-0.0844152346253395,-0.193388819694519,0.6975213289260864,-0.3220672607421875,-0.5721579194068909,0.2380638718605041,0.0907755270600318,0.4227487742900848,0.1942300051450729,-0.1469082236289978,-0.111429713666439,0.128377765417099,-0.9451138973236084,-0.3792916238307953,-0.8438268303871155,-0.3373114466667175,-0.4898469150066376,-0.6033492684364319,-0.3420318067073822,-0.187918871641159,-0.6267412900924683,-0.0337494574487209,-0.1445643603801727,-0.4070040583610534,0.1445918083190918,-0.30048468708992,-0.1697904616594314,0.0613060146570205,0.0031667852308601,-0.3228898644447326,-0.4277336895465851,-0.0362180210649967,-0.0487673319876194,-0.4170413613319397,0.2107020020484924,-0.2122837454080581,1.036943435668945,0.6474319100379944,0.7517209649085999,-0.5991201400756836,0.4855745434761047,-0.4265500009059906,-0.3094269335269928,-0.3621403276920318,0.3366130590438843,0.3464748859405517,0.1144846230745315,-0.0778585597872734,-0.3501761853694916,-0.6980296969413757,-0.8475037813186646,-0.5567967295646667,0.5965973138809204,-0.1506955921649933,0.0554423034191131,-0.4012850522994995,0.1516161412000656,0.336203932762146,-0.6128433346748352,0.8596689105033875,-0.4064784049987793,0.4373247325420379,-0.8021085262298584,0.965873658657074,-0.0592792965471744,-0.088930606842041,-0.1726148575544357,0.4760210514068603,-0.8327115178108215,-0.0510946847498416,-0.7541890740394592,0.9489638805389404,0.3522171080112457,-0.4529930353164673,0.0723286345601081,0.2321283519268036,0.0494474358856678,0.4085912108421325,0.4257994890213012,0.2895153760910034,0.4385920464992523,0.1574307978153228,0.2889306247234344,0.1980244368314743,-0.1148607358336448,-0.3205969631671905,0.2449423521757125,-0.1758522689342498,-0.2829836010932922,0.5001189112663269,0.2650056481361389,-0.1706274151802063,0.6266308426856995,0.4882124364376068,-0.5540398359298706,0.4731266796588897,0.814007580280304,0.3709324300289154,-1.265225172042847,-0.462719976902008,0.385998785495758,0.2014256119728088,0.143208771944046,-0.2415150851011276,0.4116595089435577,0.5126283764839172,-0.345255583524704,-0.3808121681213379,1.2418192625045776,-0.267702966928482,-0.3135873973369598,0.1961263418197631,0.3140738904476166,-0.2268038988113403,0.1979412734508514,-0.6149446964263916,0.1073549911379814,0.6053560376167297,-0.4457778632640838,0.0998661443591117,-0.0748908668756485,0.0216349977999925,-0.3337031006813049,0.2572374045848846,-0.7124850153923035,-0.1461291909217834,-0.0859092250466346,-0.1520982533693313,-0.2600413262844085,1.1074728965759275,0.4221033155918121,0.8085469603538513,-1.0174399614334106,-0.5566771030426025,0.0952742025256156,0.1530475616455078,0.2620362937450409,-0.6846132874488831,-0.5069632530212402,-0.4785407781600952,0.1731855422258377,-0.4431758224964142,0.2968694269657135,-0.24700728058815,0.2778592407703399,0.1827481389045715,-0.44000905752182,0.3026061058044433,0.6951167583465576,0.1920225322246551,0.3094635009765625,0.4287703335285187,0.2227772921323776,0.5444815158843994,0.1397334635257721,-0.4710715711116791,-0.0470793843269348,-0.2889629602432251,0.6266775727272034,-0.0203951112926006,-0.6440169811248779,0.426964521408081,0.3350685834884643,-0.0775960758328437,-0.2388084977865219,-0.6172447204589844,0.2931431531906128,-0.4818062782287597,-0.1961764246225357,-0.3971295356750488,-0.0780908018350601,-0.2533243000507355,1.008183240890503,0.5932169556617737,0.2258384674787521,-0.7437592148780823,-0.7364584803581238,0.1433902531862259,0.0210463963449001,0.4733056128025055,-0.0631350576877594,0.2008484154939651,-0.0580213703215122,-0.3850026726722717,-0.280049592256546,-0.2874308228492737,-0.4905219376087188,-0.1702275872230529,-0.3807826638221741,-0.147157147526741,0.0808348581194877,1.0158981084823608,-0.0818671211600303,-0.004370572976768,0.2624228894710541,0.9211495518684388,-0.335390031337738,-0.1737891584634781,-0.7306902408599854,0.3335688412189483,0.4802128672599792,0.2594322562217712,0.4182129502296448,0.1956575512886047,0.6456239223480225,-0.2136932462453842,0.1787424236536026,0.5623208284378052,-0.0952494293451309,-0.4659020006656647,0.5894495844841003,-0.353551834821701,0.5185765027999878,0.5021246075630188,-0.2376965284347534,0.5330886244773865,-0.5828683972358704,-0.3418177962303161,0.1960365623235702,0.439268559217453,0.1021599173545837,0.0731368437409401,0.5089455842971802,0.7323586344718933,0.0620243400335311,0.534525454044342,-0.1531139463186264,0.0223901364952325,-0.0430824011564254,-0.3571098446846008,0.3915051519870758,-0.1267165541648864,0.4575133621692657,0.7474158406257629,0.0745801553130149,0.0334050059318542,0.4647896587848663,0.3221175670623779,-0.132783830165863,0.4436643421649933,-0.2163534760475158,-0.0820769295096397,-0.4788778722286224,0.5293567180633545,-0.43360435962677,0.0695783197879791,-0.2839755713939667,-0.069477804005146,0.3941607773303985,-0.4528413414955139,0.3873246908187866,-0.5118597149848938,-0.9780595898628236,-0.8962481021881104,-1.0405863523483276,-0.0377825200557708,-0.6197991371154785,0.1917845606803894,0.4336929619312286,0.3377228379249573,-0.5852713584899902,0.5866094827651978,0.5232565402984619,0.4369068741798401,0.0211797580122947,-0.3005701601505279,-0.329498142004013,-0.4395101070404053,-0.2453618943691253,0.1290901005268097,0.1257193833589553,-0.14954274892807,-0.485604465007782,-0.3824949860572815,-0.2386953830718994,-0.1579154729843139,-0.0722726732492446,-0.3969164490699768,0.2522070407867431,0.3051595389842987,-0.8789565563201904,0.4764496684074402,-0.294450581073761,0.4684979617595672,-0.4818902611732483,-0.3454395830631256,-0.2334645837545395,-0.0699124783277511,0.0146506465971469,0.5087404251098633,0.5976147055625916,-0.3362413942813873,0.317217081785202,1.04651939868927,0.3058985471725464,-0.6563881635665894,0.0283049121499061,-0.3907175660133362,-0.8868690133094788,0.5473998785018921,0.1714128702878952,0.5072013139724731,0.3823002874851227,-0.0345996581017971,-0.76572185754776,-0.2352195233106613,-0.1581593602895736,-0.6667020916938782,0.6334596276283264,-0.5278449058532715,0.6031165719032288,-1.001394271850586,0.4279980659484863,-0.4415233433246612,0.0644017681479454,-0.3051568865776062,0.4913522899150848,-0.1681446731090545,-0.5527747273445129,-0.1379607617855072,-0.4200040102005005,-0.4035248756408691,0.7793075442314148,0.4228866696357727,-0.6714585423469543,0.7570399045944214,0.8811750411987305,0.2145569324493408,0.0186129938811063,-0.0168943759053945,-0.4293434023857116,0.0567590780556201,0.1421727389097213,-0.0225387811660766,0.603763222694397,0.56138676404953,-0.3299057185649872,-0.3262313306331634,0.8162087202072144,0.1292272359132766,0.4442755579948425,-0.0490773431956768,-0.5764775276184082,0.1528856456279754,-0.0182719081640243,-0.2008824795484542,0.0378912128508091,0.7835245728492737,-0.4608275294303894,0.539143979549408,0.5294048190116882,0.0207973700016737,-0.0117460554465651,1.486467719078064,-0.3431360423564911,0.731328010559082,0.337306946516037,0.3415243625640869,-0.8939433693885803,0.3844484090805053,0.6331609487533569,0.2418284863233566,0.0961683839559555,0.088318258523941,-0.3438937962055206,-0.576559841632843,0.7114467620849609,-0.8872788548469543,-0.009042115882039,0.2598137259483337,0.5655202269554138,-0.1510202437639236,0.8814719915390015,0.515365481376648,0.0714452117681503,0.3477046489715576,0.2731968462467193,0.7529176473617554,0.4358554482460022,-0.0934442356228828,0.7085435390472412,-0.5229257941246033,-0.6610777974128723,0.5142320394515991,-0.4635368287563324,-0.0270550586283206,0.0968362018465995,-0.5858202576637268,-0.4646041393280029,0.5281018614768982,0.5531213283538818,0.362198144197464,-0.2891520261764526,-0.3393336534500122,-0.0722410976886749,0.0800727009773254,-0.2968769371509552,0.2656585276126861,-0.1764492392539978,0.7624269723892212,0.3610162138938904,0.1738498657941818,0.2634904682636261,0.3823133409023285,-0.0909759625792503,-0.0705301836133003,0.4688455164432525,0.1794443130493164,0.2476493418216705,-0.0035920403897762,0.4733014702796936,0.0341785736382007,-0.4408974051475525,0.7789172530174255,-0.3337045609951019,-0.5444247722625732,-0.2700710594654083,-0.0357808470726013,0.3648974001407623,-0.1813913881778717,-0.0201868526637554,-0.340008407831192,0.2288478314876556,0.1527169197797775,-0.7295870780944824,0.2882664501667022,0.3661386966705322,-0.149304062128067,0.1141342744231224,-0.1711955815553665,-0.395289659500122,-0.6547362804412842,-0.220074251294136,0.0437257811427116,-1.1788232326507568,-0.3561443388462066,0.6803038120269775,0.1584492772817611,-0.3371363282203674,-1.1833661794662476,0.4725238680839538,-0.365001767873764,0.4758161902427673,-0.0774253085255622,-0.0539039373397827,0.1834788471460342,-0.1411893665790558,-0.3533234894275665,-0.3160483539104461,-0.2004254013299942,-9.859247207641602,0.2976449728012085,-0.1248771175742149,-0.4893210530281067,0.1110296547412872,-0.3544816374778747,0.4842766523361206,0.6801800727844238,-0.3704840242862701,0.5966314077377319,-0.4415507018566131,-0.2758929431438446,0.6819625496864319,-0.1876354366540908,-0.3189501762390136,-0.2509037852287292,-0.5997794270515442,-0.4294027090072632,-0.2562982439994812,0.1988153904676437,-0.0207847580313682,-0.1338878720998764,1.0263043642044067,0.6937289834022522,-0.2525475323200226,-0.2988838851451874,0.2512713968753814,0.4533590674400329,0.3672648072242737,0.0686093121767044,-0.570196270942688,0.6500617265701294,-0.3537479043006897,0.191726416349411,-0.1362497210502624,0.1315823793411255,0.3134248256683349,0.0374453850090503,-0.4943714141845703,0.2524754703044891,0.5206920504570007,-0.1471624076366424,-0.5399802327156067,-0.0679523050785064,0.5883876085281372,-0.5378244519233704,-0.0984445810317993,0.2444182485342025,0.7359997034072876,-0.1326173096895218,-0.2001760452985763,-0.2775997221469879,0.6803111433982849,-0.1878238022327423,0.1431863605976104,-0.0060076965019106,0.6816072463989258,-0.3224541544914245,-0.2205148488283157,-0.5970794558525085,-0.3225646913051605,-0.1359771788120269,0.2457673847675323,0.7954339981079102,-0.1363817602396011,0.3457787930965423,-0.31969153881073,0.0621876642107963,-0.7236897945404053,-0.1568492949008941,0.3804731369018554,0.5976942777633667,0.3617646694183349,-0.0759989321231842,0.2414240390062332,0.2310068011283874,-0.627083957195282,0.039985042065382,0.3882933557033539,-0.0081037580966949,0.1015816703438758,-0.6113519072532654,-0.0239075180143117,0.9026625752449036,-0.7925040125846863,-0.0410769917070865,0.1705383360385894,-0.1098562330007553,0.4107948243618011,-0.3284217715263366,0.1153467446565628,-0.2102152407169342,-0.4222365021705627,0.5111948847770691,0.2240893393754959,-0.5371343493461609,0.1260983049869537,0.1600412726402282,-0.0152237880975008,-0.6845465898513794,0
0.2413127571344375,0.1787703335285186,0.4631074070930481,-0.2309708595275879,0.2003732621669769,0.277688056230545,0.122989721596241,0.308803528547287,-0.009906692430377,-0.619081437587738,0.7028918266296387,-0.3670854270458221,-0.6940755248069763,0.2042390406131744,0.3712596893310547,-0.3850686252117157,0.0479442365467548,-0.0029694295953959,-0.0235241279006004,-0.6805608868598938,-0.7096894383430481,-0.3323213160037994,0.133449524641037,0.3075015842914581,-0.0579979717731475,-0.3176624774932861,0.2532162666320801,0.3636884987354278,-0.06850615888834,0.0407397486269474,-0.3937130868434906,-0.2223573923110962,0.1632612198591232,0.0832343325018882,-0.0201122909784317,0.4200762808322906,-0.0385860241949558,-0.0719058960676193,-0.1453847140073776,-0.0582923367619514,0.0135667948052287,-0.1084998920559883,-0.4628358781337738,-0.1235483288764953,0.0751526281237602,0.5497376322746277,0.2003061473369598,0.1607071906328201,0.6362603902816772,0.1629896461963653,-0.1024657636880874,0.2144966721534729,0.3965997397899627,-0.1590530276298523,0.2973221242427826,-0.1747583895921707,0.4911096692085266,-0.2990573942661285,-0.181793212890625,-0.0168553367257118,-0.1853495240211486,-0.18560691177845,0.1348696798086166,-0.1999842971563339,-0.0588796064257621,-0.5896822214126587,0.2047021836042404,-0.1098772808909416,-0.2945514619350433,-0.8377299904823303,-0.4084526896476745,0.0486794635653495,0.1980382204055786,-0.3737556040287018,0.6239222884178162,-0.4078696072101593,0.3511313796043396,0.1782393455505371,-0.0216964837163686,0.0487788133323192,0.0719891414046287,0.4078477323055267,0.0116257676854729,-0.4409614205360412,0.4782087206840515,-0.0275317933410406,-0.2514725029468536,-0.7447549104690552,0.2051654756069183,-0.3792103826999664,-0.1349472403526306,-0.0864250659942627,0.7027817964553833,0.0751868039369583,-0.0480694435536861,-0.092638686299324,0.0666812807321548,-0.296792209148407,-0.1828226745128631,0.4300658702850342,0.1845071017742157,0.2618727385997772,0.3073272109031677,-0.108279675245285,-0.1922115236520767,0.051080334931612,-0.2113365679979324,0.1311621814966201,0.1733545213937759,-0.1695635020732879,-0.0520379804074764,-0.4638365507125854,-0.7414183020591736,0.243459939956665,-0.2268925160169601,-0.0013846431393176,-0.0529135353863239,0.2848470211029053,-0.6557327508926392,0.5488384366035461,0.4753878116607666,0.4563406705856323,0.0971252173185348,-0.2150113582611084,-0.1586046665906906,0.3361483812332153,-0.1139255836606025,-0.1999377310276031,-0.1110959947109222,-0.1130072101950645,-0.624144971370697,0.1062829121947288,-0.1758894622325897,0.0410359315574169,-0.0410412959754467,0.6244069337844849,0.232682392001152,-0.3461590707302093,-0.2464451789855957,-0.4861814081668854,-0.039217859506607,-0.4130640625953674,0.2633273899555206,-0.3577988147735595,-0.2995397448539734,0.4134209454059601,-0.3359703719615936,-0.6493031978607178,0.5211266875267029,0.313008189201355,-0.2839158177375793,0.7572974562644958,-0.5182087421417236,-0.06156961992383,0.1027121022343635,0.017388368025422,-0.5008480548858643,0.0049629779532551,-0.2358529269695282,0.1593533754348755,0.0162526108324527,-0.3121871650218963,0.1381345838308334,0.7075648903846741,-0.035793200135231,0.2624489068984985,0.4848371744155884,0.3598402142524719,-0.1327529996633529,0.3693170547485351,0.173502579331398,0.3283210694789886,0.1605433970689773,-0.1474442332983017,0.2038976699113845,0.4113959968090057,0.1904880404472351,0.1232999190688133,0.1739604622125625,-0.6162610054016113,-0.1287829428911209,-0.5904178023338318,-0.2561262249946594,-0.4298394918441772,0.0668615847826004,-0.0496128797531127,0.1180369034409523,-0.0869859009981155,-0.009336482733488,-0.6274248361587524,0.1896704584360122,-0.3846854865550995,0.0583632625639438,-0.341237872838974,-0.0775578394532203,-0.1159388944506645,-0.1863009631633758,-0.1251313388347625,-0.1304588466882705,0.6321461200714111,0.0707256495952606,0.2466509938240051,-0.1562853902578354,-0.2597391903400421,-0.9400139451026917,-0.2574775516986847,0.3049747347831726,0.2313425093889236,0.5142185688018799,0.2665613889694214,-0.276700347661972,0.5655514597892761,0.2455798685550689,0.1894823908805847,0.1442545801401138,0.4631680250167846,-0.4667972028255462,-0.4875037968158722,0.3424248993396759,-0.045272622257471,0.2025156915187835,-0.1735217124223709,0.4550232887268066,0.1352211833000183,0.1277494728565216,0.3906180262565613,0.3952604830265045,-0.0449961349368095,-0.2838775217533111,0.581055760383606,-0.2730138301849365,-0.3001729249954223,-0.5723670125007629,-0.2318571507930755,-0.7001567482948303,-0.1541214883327484,-0.3089911937713623,0.3295716643333435,-0.3614890575408935,0.0553109087049961,0.2006274759769439,-0.2713775038719177,-0.0228559263050556,-0.3499003052711487,0.1026369631290435,0.018752571195364,-0.0759266689419746,0.0073384214192628,-0.1255257278680801,0.0043984237127006,-0.5807868242263794,-0.5806497931480408,0.0001522223901702,-0.5368183851242065,0.3955245316028595,0.3873147368431091,0.5032966732978821,-0.1842720657587051,0.1282427310943603,-0.6778523921966553,-0.097983032464981,-0.6286552548408508,-0.2052749395370483,-0.3768730163574219,0.0444958433508873,0.060356218367815,-0.1927465051412582,-0.4949775636196136,-0.3392795324325561,-0.273395836353302,-0.0742387548089027,-0.2183254659175872,-0.1790715306997299,0.2235536277294159,0.0046378392726182,0.0427511520683765,-0.5416058897972107,0.2387636601924896,-0.132682591676712,0.3067868947982788,-0.62679123878479,0.1875622719526291,-0.6922306418418884,0.41200852394104,0.1021604314446449,-0.2388453632593155,-0.2053805440664291,-0.6097872853279114,-0.1929580569267273,0.3759879171848297,0.1185566857457161,-0.3626678884029388,-0.5758072733879089,0.1323152780532837,-0.1763930320739746,-0.0173126719892025,0.0449931807816028,0.3379239737987518,0.3768601715564728,0.1699140965938568,0.1931411623954773,0.4403726756572723,0.0646395236253738,-0.2482482194900512,-0.2538265883922577,-0.3352954089641571,-0.3866178095340729,-0.1763036847114563,0.4713699221611023,-0.3018929064273834,-0.1224082186818122,0.684111475944519,-0.2768462002277374,0.3288931250572204,0.2130254954099655,0.2835222780704498,-1.904072999954224,0.1054731979966163,0.3875754475593567,0.0553796254098415,-0.1157830283045768,0.6769788265228271,0.193166971206665,0.2563250958919525,-0.5997396111488342,-0.5158461928367615,0.6794787645339966,0.4471501111984253,-0.1428871601819992,-0.031478077173233,0.4068558514118194,-0.15891133248806,-0.0096568493172526,-0.7697862982749939,0.1979604065418243,0.3812753856182098,0.1119302734732627,-0.1508769989013672,0.092798575758934,-0.2917239964008331,0.0856456458568573,0.0926432013511657,0.1707013547420501,0.5206187963485718,-0.743687093257904,-0.0502448417246341,0.0522429123520851,0.8600127696990967,0.8047516942024231,0.4540750682353973,0.0550342835485935,-0.2378327548503875,0.2510644495487213,0.7954850196838379,0.4641810953617096,-0.1454514563083648,0.0224768798798322,-0.1577703207731247,0.5330590605735779,0.2399826198816299,-0.1744367033243179,-0.0078560700640082,0.2891948521137237,0.2068371325731277,-0.1853278279304504,0.6378749012947083,0.7026211023330688,0.1643740087747573,0.2274199575185775,0.1122594624757766,1.0803776979446411,0.0167354959994554,-0.1720712631940841,-0.6439107656478882,-0.0693342164158821,-0.3772121667861938,0.0281704869121313,0.0341115146875381,0.1204939261078834,0.3888536691665649,-0.26344895362854,0.2356073856353759,0.1882521957159042,-0.141860157251358,0.3511867523193359,-0.5903806090354919,-0.4722960591316223,-0.1884626150131225,0.0787147358059883,-0.7799350619316101,0.4340822100639343,0.3551900088787079,0.4194347858428955,-0.1693917661905288,-0.418043315410614,0.0821450799703598,-0.1838152557611465,-0.1405083686113357,-0.1368604600429535,0.2683771848678589,0.0035926848649978,-0.3261288106441498,0.1754208654165268,-0.4795490205287933,-0.4578913748264313,-0.0307402648031711,-0.9618868231773376,-0.1040217950940132,-0.1706620752811432,0.563137412071228,-0.1736572682857513,-0.0861991345882415,0.1741252243518829,-0.0278803668916225,-0.1509958058595657,-0.1282553821802139,-0.5938723683357239,0.4089792668819427,0.0829112455248832,0.1023548021912574,0.3406684398651123,0.322893887758255,0.223098412156105,0.3688583970069885,-0.5460566282272339,0.0554232895374298,-0.6036502718925476,-0.3188444375991821,0.6694896221160889,-0.1693537682294845,0.2791080772876739,0.0025752088986337,-0.1787163913249969,0.542557954788208,-0.2638455331325531,-0.5683379173278809,-0.1815653145313263,0.6087106466293335,0.0767980962991714,0.6428160071372986,0.3767095804214477,0.7915942072868347,-0.1173194795846939,0.4403795003890991,-0.0117283333092927,-0.0706030502915382,0.4441592097282409,-0.6632746458053589,0.086125947535038,-0.0458831451833248,0.1410325169563293,0.4225548207759857,0.2312281280755996,0.1681516319513321,0.2723524868488312,0.204196348786354,-0.1137217283248901,0.2081228494644165,0.2457365095615387,0.4334879219532013,-0.3478754460811615,-0.6161081194877625,-0.3627859354019165,0.0360947698354721,-0.4686858057975769,-0.1440361589193344,0.6839170455932617,-0.0683362036943435,0.0923455953598022,-0.230743795633316,-0.726019024848938,-0.4816818833351135,-0.4784334897994995,-0.2105551660060882,0.0735890418291091,0.4203126728534698,0.572357177734375,0.0075897825881838,-0.9132795929908752,0.3101041913032532,0.1929487884044647,0.4606478214263916,0.1261327117681503,-0.2455170452594757,-0.1573473215103149,0.0669548138976097,-0.0716644003987312,-0.1940649151802063,0.1808452606201172,0.0132692204788327,-0.0506711341440677,-0.4842084348201751,0.1540281176567077,-0.2623700499534607,0.147505834698677,-0.2539973258972168,0.5185579657554626,0.1032202765345573,-0.7609311938285828,-0.3099862039089203,0.1274624466896057,-0.2596737444400787,-0.130606472492218,-0.6116222143173218,0.1900205761194229,-0.3813090324401855,-0.1310446858406067,0.289544016122818,0.5359349846839905,-0.292400449514389,-0.1346074938774109,0.3891332149505615,0.569875955581665,-0.0460829734802246,0.0397218838334083,-0.0701807290315628,-0.2849186658859253,-0.1758468896150589,0.042526826262474,-0.1490150094032287,-0.1989455670118332,-0.0196695402264595,-0.7796398997306824,-0.2522390782833099,0.0596350096166133,-0.8661103248596191,0.6774477958679199,0.1855203956365585,0.5301793217658997,-0.5003162026405334,-0.0892804190516471,-0.2446640431880951,-0.055185467004776,-0.0067036617547273,0.4187356233596802,-0.0389188192784786,-0.7822460532188416,-0.0678139701485633,-0.4740712940692901,-0.4957434237003326,0.4799340665340423,0.3959895372390747,-0.403847336769104,0.0971675738692283,0.3388460874557495,-0.2263126224279403,-0.14765365421772,0.0829782858490943,-0.1345392167568206,0.1110608279705047,0.2892637252807617,0.0348658375442028,0.2147877961397171,0.2842249870300293,-0.3344732522964477,0.1853161603212356,0.2598049938678741,0.6585676670074463,0.2961028516292572,-0.0005682099144905,0.0101207103580236,-0.0323925204575061,-0.557614266872406,0.4538787305355072,0.2717209458351135,0.5444968938827515,-0.3912653625011444,0.6192585825920105,0.6213282346725464,-0.4582399129867553,0.3543581068515777,0.6622916460037231,0.4146571457386017,0.3334271311759949,-0.0352933555841445,-0.0612291432917118,-0.7317131757736206,0.2767074108123779,-0.030510202050209,0.2554322183132171,-0.0355859622359275,-0.03243850171566,-0.1068602353334426,-0.2455630004405975,0.0175148211419582,0.3637334406375885,0.3277826011180877,0.1446813493967056,0.3021716773509979,-0.377583771944046,0.4751031100749969,0.4331249892711639,0.0210160855203866,-0.1459994614124298,0.2460961192846298,0.3802261054515838,0.6374589800834656,0.0314390994608402,0.3572412133216858,-0.2072588503360748,-1.0218791961669922,0.0856554731726646,0.0102315852418541,0.3644465208053589,0.5951054692268372,-0.5780338048934937,-0.2023299187421798,0.1860213130712509,0.5037203431129456,-0.2873859405517578,-0.0941149368882179,-0.4399446547031402,0.1732430458068847,0.2615323066711426,-0.1303068548440933,0.0727578476071357,0.1291072368621826,0.3212997913360595,-0.1634944677352905,0.1456749439239502,0.2130679488182068,0.7299164533615112,0.1362379342317581,0.0912676230072975,0.0425005368888378,-0.2699767649173736,-0.4450969099998474,0.0519218407571315,0.0658692419528961,-0.3387294709682464,-0.4071281552314758,0.0378243289887905,-0.3907216489315033,0.1473091691732406,-0.2990520000457763,0.2549092173576355,0.3078309893608093,0.057633202522993,-0.0366539470851421,-0.4790743589401245,-0.0632993876934051,-0.0242817495018243,-0.7737974524497986,0.0951301604509353,-0.2579847872257232,0.1720798462629318,-0.2192899286746978,0.0213155206292867,-0.4729840755462646,-0.2633458077907562,-0.367784172296524,0.5505667924880981,-0.1218723282217979,-0.4214291572570801,0.4173358082771301,0.3114523291587829,-0.1264443844556808,-0.9922773838043212,0.3278978765010834,0.3606756329536438,0.5684622526168823,-0.2312356829643249,0.509494423866272,-0.3745315074920654,0.2229006588459015,0.1008925884962081,-0.4160842299461365,0.5262504816055298,-10.464190483093262,-0.4213390946388244,-0.4990895688533783,-0.2991828024387359,-0.523726224899292,0.3393937647342682,0.6275897026062012,0.3310806453227997,-0.4008956253528595,0.1503154784440994,0.0772168710827827,0.4325231611728668,0.3527701199054718,0.3085150718688965,-0.5929360389709473,0.1288890391588211,-0.3219438791275024,-0.482525885105133,0.0016949117416515,-0.2160532176494598,0.1131066754460334,-0.6644826531410217,0.5310324430465698,0.5345878601074219,0.1479681879281997,-0.1676557660102844,-0.139973372220993,0.4004792869091034,-0.031229430809617,0.2987416684627533,-0.8072220683097839,0.4482598602771759,-0.1692170053720474,0.4520938098430633,-0.2333208620548248,0.0534967370331287,-0.2512939572334289,0.5023176074028015,0.0249905418604612,0.3453520238399505,0.3133562207221985,0.4285598397254944,0.0775187611579895,-0.117707647383213,-0.2019536346197128,0.3702673316001892,0.1418785601854324,0.3137893378734588,0.5656222105026245,-0.0047943969257175,0.0482669658958911,-0.1866386830806732,-0.2593395709991455,-0.3541021943092346,0.2779557704925537,-0.0045330733992159,0.7600528597831726,-0.7735229134559631,-0.0309431999921798,0.1052391529083252,0.3330523669719696,-0.145843043923378,0.9523369073867798,0.8970859050750732,0.2635754644870758,0.160239428281784,0.4378549754619598,0.3983334004878998,-0.3247032165527344,-0.1075038537383079,0.3310868144035339,0.5564315915107727,-0.0966658219695091,0.2015350461006164,0.1424711048603058,0.7568235397338867,0.0272642467170953,-0.2367813438177108,0.2114190310239792,-0.2960522174835205,0.4381178021430969,-0.1655402332544326,-0.2865816056728363,0.1388946920633316,-0.6065528392791748,0.2488703578710556,0.0686032027006149,0.3074870109558105,0.1111298725008964,-0.5870758891105652,0.4450457394123077,-0.1704249233007431,-0.2904482185840606,0.4092161357402801,0.2255211770534515,-0.2218035459518432,-0.1488069295883178,0.3035394251346588,0.3374594748020172,0.0487138368189334,0
0.6195648908615112,0.3489904701709747,1.0567883253097534,-0.4765182733535766,-0.5891979932785034,-0.1809852719306945,0.0059980759397149,0.3481148183345794,-0.8365700244903564,-0.6619139313697815,-0.2249849289655685,-0.709401547908783,-0.0504682175815105,-0.4271685481071472,0.7363948225975037,0.4460712671279907,-0.5139725804328918,0.4701919853687286,0.1286108493804931,-0.3889336884021759,-0.8025297522544861,-0.7192121744155884,-0.5512325763702393,0.1941795796155929,-0.4240441024303436,-0.9229090809822084,-0.5777475237846375,-0.2258715033531189,0.0061606224626302,0.1903616487979889,0.2632638216018677,-0.4594249129295349,-0.3370295763015747,0.3261558711528778,-0.7294156551361084,0.6906647086143494,0.1098550781607627,0.2041232734918594,0.4162230789661407,-0.5478252172470093,-0.3630021214485168,0.5252999663352966,-0.6012375354766846,-0.5337058305740356,-0.1171065792441368,0.041893757879734,-0.1703510880470276,-0.031400877982378,-0.1483786702156067,-0.3944182395935058,-0.7106783986091614,0.7770763635635376,0.3953070640563965,0.1971932351589203,0.425059050321579,0.3488447666168213,1.0091537237167358,0.0231695063412189,0.0251429192721843,-0.2772858142852783,-0.7284931540489197,0.1356604993343353,0.3728354871273041,0.1996486485004425,-0.592863142490387,0.3532702028751373,-0.1977674067020416,0.5270116329193115,0.4377854466438293,-0.1567492187023162,0.5720683932304382,0.3822307288646698,0.2298650741577148,-0.3820671439170837,0.2723013460636139,-1.026605486869812,0.4222369492053985,-0.3067958056926727,0.2783031761646271,0.1548672318458557,-0.239579826593399,-0.1771947145462036,0.1182410269975662,-0.3522379100322723,-0.6739863157272339,-0.3207395672798157,-1.280389428138733,-0.1314788162708282,0.1092400550842285,0.1847828775644302,0.0771256908774375,-0.437089592218399,0.370442658662796,-0.3064039647579193,1.0832984447479248,0.4152913391590118,0.3117563426494598,-0.1497225910425186,0.3455894887447357,0.2241485565900802,-1.3417664766311646,0.5552119016647339,-0.0222490578889846,-0.8507680296897888,-0.5020774602890015,-0.1633059084415435,-0.2702930569648742,0.9135725498199464,0.5686036944389343,0.4233021438121795,0.0308378841727972,-0.2613431215286255,-0.8987371921539307,0.1841257512569427,-0.0797238424420356,0.4295142292976379,-0.5939999222755432,-0.1568807661533355,0.0380602180957794,0.1479811817407608,0.2256724238395691,0.58320552110672,-0.4946492314338684,-0.1372482478618621,0.271740585565567,0.1917717903852462,0.1432688981294632,0.3522486984729767,0.2582482099533081,-0.6036713719367981,0.3547253906726837,-0.6765661239624023,-0.4382753372192383,0.0448752231895923,-0.6328389644622803,0.965863823890686,0.2955978512763977,-0.4536164700984955,0.0455907583236694,0.1167070865631103,-0.4535581469535827,-0.1906919628381729,0.8190338611602783,-0.4693425297737121,-0.1263845413923263,0.4840159714221954,-0.3180535137653351,-0.3546625971794128,0.4179584980010986,0.3845674991607666,-0.1171512454748153,1.1854907274246216,-0.5989495515823364,0.4140498638153076,0.3314343392848968,0.4171215295791626,0.197724312543869,0.2486430704593658,0.3477166593074798,0.0276961978524923,0.411643385887146,0.0632825419306755,0.118790403008461,1.0481526851654053,0.6594823598861694,-0.0155564593151211,0.6942266225814819,-0.1477566659450531,0.1065890714526176,0.9082752466201782,0.5210177898406982,0.6927188038825989,0.2869593799114227,-0.080572210252285,-0.143041580915451,0.5369226336479187,1.0504631996154783,0.4520522058010101,-0.3815566003322601,-1.0843147039413452,0.4242238998413086,0.4428893625736236,0.7727795243263245,-0.11271483451128,0.5963641405105591,-0.5336257219314575,-0.4145865440368652,-0.0930271968245506,0.4222430884838104,0.1927646398544311,-0.4035003781318664,-0.4110448360443115,0.1082634553313255,-0.0029858634807169,0.0524127073585987,0.166703388094902,0.1684794872999191,0.3491660058498382,-0.12071093916893,0.3308565616607666,0.5550510287284851,-0.018241224810481,-0.1458954364061355,-0.93206387758255,-1.468620777130127,-0.5858704447746277,-0.053965974599123,0.1871979236602783,0.1993109285831451,0.6862973570823669,-0.7204278707504272,-0.1594906896352768,0.1600438356399536,-0.4500786960124969,0.8950967788696289,0.483115404844284,-0.3662504553794861,-0.1398576647043228,-0.0772723108530044,-0.0402719527482986,0.1948870122432708,-0.6461538076400757,0.3496512472629547,0.1929983347654342,-0.292580246925354,0.8708901405334473,0.5928434133529663,-0.952753245830536,-0.5800488591194153,0.2994386255741119,-0.7095662951469421,-0.3877021372318268,-0.1414899677038192,-0.1187630221247673,-0.226882517337799,-0.9625067114830016,-0.6216272711753845,0.1769756227731704,-0.3720604479312897,0.6183730959892273,-0.2944242060184479,-0.2436751723289489,0.3913763761520386,0.3015227615833282,0.3717937469482422,0.2275534719228744,-0.1137370243668556,-0.4073820412158966,-0.9319515228271484,-0.1594752222299575,-0.6824278235435486,-0.4467746615409851,-0.298469603061676,0.5496417880058289,0.4088552594184875,-0.3417203724384308,0.3422651588916778,-0.8266787528991699,-0.2169264554977417,-0.944948673248291,0.300152450799942,-0.2175954282283783,0.4510443806648254,0.2433313578367233,-0.5626786351203918,0.1603416502475738,0.3203263878822326,-0.2135343700647354,-0.4064880609512329,-0.1030912548303604,0.1624127775430679,0.153968408703804,0.3976919949054718,-0.4147221446037292,-0.0498390197753906,0.1031231135129928,0.6804152131080627,1.0598911046981812,-0.1469211876392364,-0.6755654811859131,-0.4156228601932525,0.7218894958496094,-0.8200952410697937,-0.5111777186393738,0.0852808803319931,1.0379979610443115,-0.4341500699520111,-0.0093580558896064,-0.0931151360273361,-0.2131607830524444,0.1918867975473404,-0.6069152355194092,0.0588084161281585,0.1086339578032493,-1.049772024154663,-0.0527109093964099,0.4001291394233703,0.2348199486732483,0.3815994262695312,-0.1056061089038848,0.2873418629169464,-0.2647623121738434,0.0589905194938182,0.1709464490413665,-0.1004977151751518,-0.5174713134765625,-0.1428467333316803,0.6444472670555115,0.2665767967700958,-0.8470263481140137,-0.1114944517612457,0.6196324229240417,-1.261491298675537,-0.3067860305309295,0.4951604306697845,0.4625239670276642,-0.806296706199646,0.3060609698295593,0.7664307355880737,0.5978373289108276,-0.3235744833946228,-0.4803456664085388,0.4361900687217712,0.680817723274231,-0.3462209403514862,-0.766511082649231,0.4465742707252502,0.1413706839084625,-0.1029802933335304,-0.540488064289093,-0.4225925207138061,0.2654396593570709,-0.0956962928175926,-0.2448957860469818,-0.4192146956920624,-0.1646664142608642,-0.3066335022449493,-0.1862993538379669,0.2451054602861404,-0.0318525545299053,-0.0467939153313636,0.695682168006897,-0.4298053383827209,0.2943534851074219,-0.7330169677734375,-0.4372770488262176,0.266561895608902,1.275129795074463,0.4799474477767944,0.6537413001060486,-0.7526010274887085,-0.1445199996232986,0.5737951993942261,-0.2828126549720764,0.7841343879699707,-0.7082526087760925,0.3595519959926605,-0.2249900996685028,0.4486998617649078,0.1162942722439765,-0.312129944562912,0.2356796860694885,-0.7608378529548645,-0.673935055732727,0.2672902941703796,-0.0121579803526401,0.5657185316085815,0.1676893681287765,0.0501080378890037,1.1467639207839966,0.0960680320858955,0.2769872546195984,-0.271636962890625,-1.2229118347167969,-0.2898721396923065,-0.818493664264679,-0.0662508532404899,-0.1926941573619842,-0.1408600509166717,0.6379884481430054,-0.5304189920425415,0.1868663430213928,-0.1202046424150466,-0.4112637639045715,0.2442872375249862,-0.3000135421752929,-0.6347482204437256,0.0767916440963745,-0.0052538914605975,-0.5005415678024292,0.9109095931053162,-0.0007811538525857,0.5739177465438843,-0.3620568215847015,-0.639089047908783,0.5519065260887146,-0.296102374792099,0.0041193105280399,-0.0016299751587212,0.1267074197530746,-0.2287810444831848,-0.2666354477405548,-0.1437699347734451,0.0704218074679374,-1.0117563009262085,0.5357574224472046,-0.4320216178894043,0.0675554797053337,-0.0848605036735534,-0.2459176182746887,-0.7839255928993225,-0.2140903323888778,0.0649926662445068,-0.1526171118021011,0.1472381502389907,0.3655463755130768,0.192785158753395,-0.4598661065101623,0.4447408616542816,0.5818700790405273,0.773893415927887,-0.2916417717933655,0.6764229536056519,-0.2633430957794189,0.1170301362872123,0.3807166218757629,-0.636992871761322,-0.5004210472106934,0.4088150560855865,0.2970898449420929,-0.4510889947414398,-0.2047666013240814,-0.3112285435199737,1.1695051193237305,-0.2776446640491485,-0.454189658164978,0.902678370475769,-0.3502555191516876,0.3743431270122528,1.0348628759384155,0.7548885345458984,-0.3306185603141784,0.8137053847312927,0.2189303785562515,0.4164632558822632,0.0481533221900463,-0.4062684178352356,-0.2302813231945037,0.8682974576950073,-0.0690934285521507,0.0666430816054344,0.7246530055999756,0.2387608587741851,0.2063861191272735,0.304114431142807,-0.0526445172727108,0.0919842198491096,0.3205940127372741,-0.1039949804544448,-0.344978004693985,-0.0909045413136482,-0.1859214305877685,-0.3086766302585602,-0.1104165613651275,-0.4009558856487274,0.3755174279212951,1.0586365461349487,-0.69407057762146,0.3782074749469757,-0.9081338047981262,-0.5527552962303162,-0.1388085484504699,-0.1920015960931778,0.0875670760869979,-0.8221295475959778,-0.3547230660915375,0.0455889664590358,0.100279651582241,-0.4144933223724365,0.1088500693440437,0.3550724685192108,-0.2159822881221771,-0.3159510493278503,-0.813616156578064,0.1168316379189491,0.7964914441108704,-0.5838242173194885,-0.3934233486652374,0.060257464647293,0.1438681185245514,0.7519621849060059,-0.8378763198852539,-0.4993960857391357,-0.388970673084259,-0.1639347821474075,-0.7298585176467896,-0.0774035155773162,0.1874646097421646,-0.6804988384246826,0.2744324803352356,0.0274815335869789,-0.2773340940475464,-0.6969039440155029,-0.2621581554412842,-0.1018723174929618,-0.5727987289428711,0.2523036897182464,0.1731978803873062,-0.2328196913003921,0.108727253973484,-0.1145984902977943,0.3019725382328033,0.7329968214035034,-0.3828904032707214,0.8873105049133301,0.0118421558290719,0.352819412946701,-0.810456395149231,0.5460114479064941,-0.7754442095756531,0.2387319207191467,-0.7294042706489563,-0.6843485832214355,-0.7158702611923218,-0.5920957326889038,-0.4448314309120178,0.6941059827804565,1.415650486946106,0.5825144052505493,-0.6701879501342773,0.2146046459674835,-0.1199929490685463,-0.4598611295223236,-0.5141260623931885,0.0787957608699798,0.0287131275981664,-1.562509536743164,-0.1510507017374038,0.1109620109200477,-0.5994253754615784,1.3839061260223389,-0.1814644634723663,-0.5518447160720825,-0.2039219886064529,0.4202861785888672,0.3994800150394439,-0.4896880388259887,0.0579875633120536,0.6398654580116272,0.2553820610046386,0.8101413249969482,-0.274228572845459,0.0906463786959648,0.1436778157949447,0.1233146637678146,0.0946904346346855,0.4151434302330017,0.4983032047748565,0.0801388993859291,0.8776180744171143,-0.6998874545097351,-0.6978878974914551,-0.6231597661972046,0.3570880591869354,0.1529397666454315,0.689155638217926,0.2196631878614425,0.7957811951637268,0.6500939130783081,-0.1513335853815078,0.0573428571224212,0.8899685144424438,-0.0597225539386272,1.2249330282211304,-0.5518271327018738,0.1374015361070633,-0.7722051739692688,-0.0206141173839569,0.9322041273117064,0.7353374361991882,-0.0895386338233947,-0.1536366045475006,-0.030578788369894,-0.5362865924835205,0.6016854047775269,0.3558008670806885,-0.1032327115535736,0.3825442492961883,0.2989633977413177,-0.4406847059726715,1.0371015071868896,-0.0341293402016162,0.2658805251121521,-0.6539269685745239,-0.0679441913962364,0.7289755940437317,0.4150844812393188,0.0939821302890777,0.7793418169021606,-0.2908057868480682,-0.6848353743553162,-0.1627069562673568,0.4638008773326874,-0.5895224809646606,0.6393943428993225,-0.0029510802123695,-0.5359312891960144,0.7100718021392822,0.655490517616272,0.3547017872333526,0.3587740361690521,-0.5897667407989502,0.1178450062870979,-0.1086761206388473,-0.1629100739955902,0.3958805501461029,0.2954218983650207,0.4053311049938202,0.0414086431264877,-0.8010706305503845,0.4483011364936828,1.3589962720870972,-0.0052117416635155,-0.092074379324913,0.3095720112323761,0.0476359650492668,-0.3680016994476318,0.1139998286962509,0.3104340732097626,-0.2435269206762313,0.2289800196886062,-0.2655230164527893,-0.3084410727024078,-0.1917210221290588,-0.1111677139997482,0.836298406124115,0.1016987338662147,-0.1079253777861595,-0.1257338672876358,-0.0497482158243656,-0.7834899425506592,-0.0943723171949386,-1.2535018920898438,-0.8204447031021118,-0.0228514838963747,0.079421080648899,0.1268144994974136,-0.0876045674085617,-1.0506716966629028,-0.3635828495025635,-0.3436509370803833,-0.780060350894928,-0.2888449728488922,0.2456021755933761,0.4450479447841644,-0.0233513191342353,-0.6451221704483032,-0.3198616802692413,0.4667545855045318,0.4408571124076843,0.2822818756103515,0.2906259596347809,-0.4739277958869934,-0.2051218152046203,-0.0680044218897819,0.5647624731063843,-0.0696877837181091,-0.4178608059883117,-9.239850997924805,0.4858905375003814,-0.6960218548774719,-0.0361793711781501,-0.2908546030521393,0.1097744330763816,0.7458534836769104,0.9021535515785216,-0.8397974967956543,0.8337070345878601,-0.4177514016628265,0.3903300762176513,0.6950947642326355,0.6229278445243835,-0.6647345423698425,0.0440518483519554,0.3326362371444702,-0.1166946589946746,0.6179511547088623,-0.1337971836328506,-0.4723475575447082,-0.8308966755867004,0.333613246679306,-0.35804483294487,-0.5387967228889465,0.3511967658996582,0.7182985544204712,0.211320474743843,-0.3411101400852203,0.7431811690330505,-0.708786129951477,0.2283969521522522,-0.0462522357702255,-0.4464648962020874,-0.3448687195777893,0.6354577541351318,0.4750964045524597,0.5005751252174377,-0.6288119554519653,-0.0984638035297393,-0.2708901166915893,0.7006009221076965,0.0804221704602241,0.0824451893568039,-0.1221666112542152,-0.0991153195500373,-0.1915300339460373,-0.0420115441083908,0.9884529113769532,-0.290996104478836,-0.0704822018742561,-0.7775848507881165,0.459912896156311,-0.9610315561294556,-0.3412564992904663,0.0553800277411937,-0.5966173410415649,-0.8167950510978699,-0.3448605835437774,0.1789460480213165,0.4906902015209198,0.3579187393188476,0.6264480352401733,0.1931654512882232,0.0191162060946226,0.154929056763649,0.4830325841903686,0.4936136901378631,-0.3643776178359985,-0.4921980798244476,-0.0711397528648376,0.0291632562875747,-0.4733636081218719,-0.1612384468317031,-0.1430217027664184,0.0011700104223564,-0.6814314723014832,-0.2017345577478408,0.7151430249214172,-0.0283666495233774,1.094463586807251,-0.1716654151678085,0.0287442691624164,-0.3106435239315033,0.1182713881134986,0.03754448518157,0.8500673770904541,0.6016170382499695,-0.007225947920233,-0.7786552309989929,0.437221348285675,0.5968304872512817,0.606789231300354,0.6270705461502075,0.1220488622784614,0.0347596146166324,0.8286532759666443,-0.122065931558609,0.8150589466094971,0.1964781284332275,0
0.2414170950651168,1.045377492904663,-0.2041688114404678,-0.7386936545372009,0.3635542094707489,0.5967591404914856,0.2787812948226928,0.1017280966043472,-0.3475594818592071,-0.7300465106964111,0.607978880405426,-0.1155774369835853,-0.2826862037181854,-0.264969140291214,0.2602697908878326,-0.2408477813005447,0.5384482741355896,-0.0897789001464843,-0.1395509243011474,0.089593768119812,-0.5300318598747253,-0.298773854970932,-0.3673667013645172,0.2173587381839752,0.5403215289115906,-0.498152494430542,-0.2305815517902374,0.0637390911579132,-0.2774674892425537,-0.3241915702819824,-0.5417088866233826,-0.3377534449100494,-0.1871796697378158,-0.2643747627735138,0.1512639224529266,0.0837450996041297,0.2761144340038299,-0.0026017061900347,0.2697900235652923,-0.2229943871498108,0.036024197936058,0.0939062535762786,-0.0378691256046295,-0.195443570613861,0.1775604635477066,0.4893795549869537,-0.3238413035869598,0.4654183387756347,0.6573375463485718,-0.02458331361413,-0.0274614486843347,0.2599862813949585,0.052230279892683,0.090601697564125,-0.4328849017620086,-0.4834955334663391,0.2377095967531204,-0.532453179359436,-0.1101943477988243,-0.1426582038402557,-0.3044340014457702,-0.136352851986885,0.4212523102760315,0.2325078248977661,-0.5566915273666382,-0.1351560652256012,0.2190219461917877,0.2012244313955307,-0.4856440126895904,-0.3888753652572632,-0.4827879071235657,0.1888749599456787,0.0890784785151481,-0.0664154440164566,0.7941351532936096,-0.6116823554039001,-0.1524928361177444,-0.1215511262416839,-0.1046184748411178,-0.0988547280430793,-0.0451927110552787,0.0430326573550701,-0.1487519443035125,-0.3038500845432281,0.3808056712150574,0.1757355332374572,-0.1420923024415969,-0.3367084264755249,-0.0382422469556331,-0.1340794414281845,-0.0107842553406953,0.0877174586057663,0.2289231419563293,-0.4724642634391784,-0.4636604487895965,0.2666885256767273,0.4463303983211517,-0.4202686548233032,0.1279327422380447,0.3688708245754242,0.4559359848499298,-0.0688810646533966,0.4825960695743561,-0.5039413571357727,-0.210226684808731,0.0831601321697235,-0.5709048509597778,0.4383035898208618,0.0495494157075881,-0.3460521996021271,-0.1544824838638305,-0.1812055706977844,-0.1470368653535843,0.2555746734142303,-0.352939635515213,-0.0944131463766098,0.1555151790380478,0.4511882662773132,-0.6829021573066711,0.6833376884460449,0.2319139987230301,0.0660788416862487,-0.0320749655365943,-0.1596311330795288,-0.1571288704872131,0.4656131565570831,-0.6606751680374146,0.0296336710453033,-0.6372278332710266,0.1694008558988571,-0.0600452534854412,0.1834670752286911,-0.1165862306952476,0.1739723980426788,-0.4753120541572571,0.8647938966751099,-0.1735997051000595,0.2786552608013153,-0.3642836213111877,-0.2832955718040466,-0.1643188148736953,-0.0701829269528389,-0.1315893679857254,0.0119411470368504,-0.1623014211654663,0.1807569861412048,0.0193832572549581,-0.4954771101474762,0.2764841914176941,-0.1242910623550415,-0.3012847006320953,0.70191890001297,-0.6368494629859924,-0.0943675711750984,0.2846225798130035,0.1784869730472564,-0.623684287071228,-0.1617877781391143,-0.0642456263303756,0.2592504918575287,-0.0703199803829193,-0.6643818020820618,0.1574030667543411,0.5956879258155823,0.1698882728815078,0.5033986568450928,0.4469490349292755,0.2919433116912842,0.2264395803213119,0.88747239112854,0.2293743342161178,-0.0176028180867433,-0.1353192627429962,-0.2203155905008316,0.2674809098243713,0.3087299764156341,0.2441571503877639,-0.1404090970754623,0.7382614016532898,-0.3981674909591675,-0.1246832981705665,0.222598597407341,-0.2279925942420959,-0.6006575226783752,0.174549788236618,-0.4359801709651947,-0.0781800895929336,0.0013502937508746,0.1712012887001037,-0.0117808915674686,-1.040717840194702,-0.1668479740619659,0.2551991045475006,-0.7445863485336304,-0.1634315699338913,-0.2555058896541595,0.0735720172524452,-0.4236215949058532,-0.2903838455677032,0.3090918362140655,0.5032207369804382,0.0449655205011367,0.1275466382503509,-0.2358424216508865,-0.9568623304367064,-0.4066352248191833,0.6394959092140198,0.3383040428161621,0.1963886022567749,0.187097817659378,-0.4191887378692627,0.7210063338279724,0.5950143933296204,-0.0253216233104467,0.2335129082202911,0.513708770275116,-0.4011405110359192,-0.2784161269664764,0.2381215989589691,-0.3436401784420013,0.2171725928783416,-0.0126653164625167,0.534750759601593,0.3803045153617859,-0.3150323331356048,0.0423622094094753,0.2791999876499176,-0.612977147102356,0.0131361875683069,0.3126220107078552,-0.3432782888412475,-0.625882625579834,-0.5424941778182983,-0.2164076715707779,-0.3990492522716522,0.1609515249729156,0.1776853799819946,0.4304097890853882,0.1938892155885696,0.3000272512435913,0.0973834544420242,-0.0361728817224502,-0.2077905237674713,-0.1072801947593689,0.004336561076343,0.003422690089792,-0.0683329775929451,0.2212149798870086,-0.2692011892795563,-0.1413844972848892,-0.4486801624298095,-0.3869335055351257,0.1678232848644256,-0.6636675000190735,0.3936152756214142,0.1534106880426406,0.0910512879490852,0.0301863942295312,0.0936153456568718,-0.0599176660180091,0.3055178523063659,-0.701228141784668,0.1097430735826492,-0.0128405354917049,-0.019274877384305,0.5714321732521057,-0.4428311586380005,-0.5219027996063232,-0.3267797827720642,-0.231174349784851,0.4016216695308685,-0.5167473554611206,0.1804385632276535,0.2998541295528412,-0.4451210796833038,0.5024155378341675,0.0424402132630348,0.575363039970398,-0.5599624514579773,-0.3569044768810272,-0.789853036403656,0.3630835115909576,-0.54362553358078,0.2387405037879943,0.2934151589870453,-0.007872661575675,0.0174394380301237,-0.2877440154552459,-0.1354510933160781,0.2354379445314407,0.1121532097458839,-0.4333181083202362,0.000694997375831,-0.0434543453156948,-0.1208005473017692,-0.1432911157608032,0.278886616230011,-0.0793908610939979,-0.2337821424007415,0.2792276442050934,0.4119060635566711,0.3748273551464081,0.4713307321071625,0.0936765819787979,-0.7052931785583496,-0.4471850097179413,-0.1865780800580978,-0.0927857831120491,0.6104737520217896,-0.5988173484802246,-0.0528547763824462,0.9207717180252076,-0.3250447511672973,-0.1304521709680557,0.3944673240184784,0.14714977145195,-1.2144438028335571,0.2691903114318847,0.5420464873313904,-0.215175598859787,0.1444583237171173,0.5860795378684998,0.5041601061820984,0.6133049130439758,-0.7322813272476196,-0.3563245832920074,0.4862186014652252,0.1625890731811523,0.0264008715748786,-0.4576477110385895,0.0297342352569103,0.1253467351198196,0.4603395462036133,-0.1669839471578598,0.1034874469041824,0.4881637394428253,-0.4205851256847381,0.1405328065156936,0.2685695588588714,-0.2918138206005096,-0.2510979473590851,-0.0927386283874511,0.4090847074985504,-0.1807825267314911,-0.5268675684928894,-0.4943996667861938,0.2780105769634247,0.7053969502449036,0.5817534327507019,1.081306219100952,0.2560634911060333,-0.2089072614908218,0.4584091305732727,0.7969880700111389,0.2520698606967926,-0.1460940539836883,0.4802421927452087,0.1733322143554687,0.5056731700897217,0.0167352780699729,0.5594367384910583,-0.0453801527619361,-0.3859029710292816,0.2287964522838592,0.2010592371225357,0.5022561550140381,0.3569681644439697,0.2396796345710754,0.5145627856254578,0.166790172457695,0.5718879103660583,-0.025365475565195,-0.4117375016212463,-0.1827073097229004,-0.2193422615528106,-0.1846821159124374,-0.711972177028656,-0.0697823017835617,0.0582596957683563,-0.2447253912687301,-0.4720251858234405,0.1191086918115615,0.5010607242584229,-0.1163791716098785,-0.3110675811767578,-0.358382374048233,-0.3547585010528564,-0.1374514997005462,-0.2175873667001724,-0.4288448393344879,0.146046757698059,-0.3900351524353027,1.021991491317749,-0.4485865533351898,0.1225054934620857,-0.2854319214820862,-0.300072580575943,-0.0856393352150917,0.0222371127456426,0.3009031414985657,-0.308231920003891,0.0241720881313085,-0.3524744212627411,-0.2562219798564911,-0.2614144086837768,-0.2433284670114517,-0.4237270951271057,0.3106465339660644,-0.029215469956398,0.2319718897342682,-0.8003135919570923,0.1063480824232101,0.1283111423254013,-0.0797355696558952,0.0382315330207347,-0.3670672476291656,-0.6904119849205017,-0.1241699159145355,0.3516401946544647,0.6154369115829468,0.2231257110834121,0.1452808529138565,0.0738902688026428,0.18096923828125,-0.4043910801410675,0.166209191083908,0.0312441159039735,-0.8087601065635681,0.7372453212738037,0.1221540048718452,0.2328812330961227,-0.2733846008777618,0.4082168042659759,0.1611484587192535,-0.184151604771614,-0.0446636565029621,-0.3030449748039245,0.3354899883270263,0.0322497710585594,0.453719824552536,0.0030505687464028,0.6085939407348633,-0.0918401926755905,0.2764540314674377,-0.02720164693892,-0.0324118807911872,0.3509441912174225,0.13200244307518,0.2411022186279297,0.1132119372487068,0.1264806538820266,0.0443045198917388,0.098609872162342,-0.0792075991630554,-0.1373632699251175,0.6409786343574524,-0.0049203103408217,0.262487530708313,0.5445477366447449,0.4768642783164978,0.3371388614177704,-0.381229043006897,-0.2397930175065994,0.1445369571447372,-0.7247147560119629,-0.0085465516895055,0.1834649592638015,-0.3427322506904602,0.3847591280937195,-0.490011990070343,-0.8135671019554138,0.1120509430766105,-0.326555848121643,-0.1534461081027984,0.1841722875833511,0.3738798797130584,0.0541927814483642,0.0818234458565712,-0.7091994881629944,0.4292470514774322,-0.2907715141773224,0.3155053853988647,0.0587204545736312,-0.4690621495246887,-0.2202863097190857,-0.0933713763952255,0.1637471616268158,-0.1255234777927398,0.2495305091142654,0.7355414628982544,-0.3177341818809509,-0.2719514667987823,0.3810864984989166,0.092452771961689,0.0794371739029884,-0.5395999550819397,0.1832626760005951,-0.0632060840725898,-0.5056434273719788,-0.4342638850212097,-0.1406568437814712,-0.226474791765213,-0.4905308783054352,-0.1720816493034362,-0.008278994821012,0.0331544019281864,0.1656244397163391,0.7006374001502991,0.1603177934885025,-0.2431819289922714,0.1945211142301559,0.6369498372077942,0.3826898336410522,-0.0860524252057075,-0.048477616161108,-0.1944504678249359,-0.4700958132743835,-0.6068914532661438,0.3194604218006134,-0.1044679880142211,0.1683347970247268,-0.1830527037382125,-0.3982867896556854,-0.2640765309333801,-0.5988998413085938,-0.9755125641822816,0.4781089723110199,0.0873982831835746,0.3755436539649963,-0.4678871929645538,0.2999628782272339,-0.3910682797431946,0.0640470907092094,0.6312106847763062,-0.2724382877349853,-0.4006159901618957,-1.0594433546066284,0.0776204466819763,0.0975421592593193,-0.4259325265884399,0.5454162955284119,0.0304756443947553,-0.4342634081840515,-0.1144226267933845,0.0614177919924259,-0.1547308266162872,-0.2761662602424621,-0.1681278049945831,-0.6909186840057373,0.104210652410984,0.0887149944901466,-0.1376462280750274,-0.1155048012733459,0.3968997299671173,-0.2753105163574219,-0.3241659700870514,0.7614075541496277,0.3069037795066833,0.2407697886228561,0.2383030354976654,0.0871319770812988,-0.193692922592163,-0.317866563796997,0.1151735335588455,0.3339020013809204,0.5925952196121216,-0.2781616747379303,0.4896912574768066,0.484074592590332,-0.1764899492263794,0.2948072552680969,0.3421728312969208,0.1937686949968338,0.365563154220581,-0.0387556254863739,0.1949326992034912,-0.7422522306442261,0.0992700383067131,-0.0162726920098066,0.4370713233947754,-0.0776351243257522,0.3540380597114563,-0.1170810386538505,-0.2936755418777466,-0.4882081151008606,0.2354923337697982,0.2883214652538299,0.2440997213125229,0.3763644993305206,0.2292239665985107,0.3419511914253235,0.861466109752655,-0.1690342724323272,-0.3248926401138305,0.1399130970239639,-0.1488300561904907,0.9680034518241882,0.1908153295516967,0.2683057487010956,-0.1133181825280189,-0.8794299960136414,0.3581106662750244,0.2997540533542633,0.0454327948391437,-0.0020734288264065,-0.5202216506004333,0.1322007030248642,0.4529356956481933,0.3097259998321533,0.0713613331317901,-0.2263363748788833,-0.4502802193164825,0.5022746920585632,-0.0855376273393631,-0.1366796642541885,0.2785996496677398,-0.0373287089169025,0.6119533777236938,-0.0266034137457609,-0.2565897107124328,0.0046929758973419,0.5391481518745422,-0.1189454346895217,0.3013502359390259,0.3884893953800201,0.0785365924239158,-0.7452281713485718,0.0746575370430946,0.1348113417625427,-0.3770003318786621,-0.4833013713359833,-0.081814706325531,-0.187315434217453,-0.1729533374309539,-0.0633797049522399,-0.2998309731483459,0.2043395042419433,0.3697974383831024,-0.4249120950698852,-0.3586920499801636,-0.022174809128046,-0.1695520281791687,-0.9097853302955629,-0.2591548860073089,0.1029332056641578,0.4651965498924255,-0.1377075910568237,-0.0379129983484745,-0.5498591065406799,-0.0099031589925289,-0.1013202592730522,-0.0200170464813709,-0.1887329220771789,-0.7347361445426941,0.1886450052261352,0.188582569360733,0.1557915210723877,-1.024620532989502,0.2051923424005508,-0.0144013445824384,0.3237145543098449,-0.5667546987533569,0.3570901155471802,-0.7823324799537659,0.398685872554779,-0.404639184474945,-0.322357565164566,0.1373528689146042,-10.391700744628906,-0.1434656381607055,-0.2634425163269043,-0.2657496035099029,-0.3346739411354065,0.1454744338989257,0.6262630820274353,0.2053076177835464,-0.6540204286575317,0.3203926086425781,0.1471112668514251,0.4873016774654388,0.6350700259208679,0.3677304983139038,-0.5537559390068054,-0.1569142490625381,-0.2434971034526825,0.247531309723854,0.31642746925354,-0.3324176073074341,0.1147478148341178,-0.0783646702766418,0.2637392878532409,0.6937715411186218,-0.1809256821870803,-0.2758326530456543,-0.2473447918891906,0.5021965503692627,0.0221934989094734,-0.0120112355798482,-0.6330866813659668,0.02012624964118,-0.1716846227645874,0.1594273597002029,-0.1996657848358154,-0.2222423255443573,-0.0492156222462654,-0.2444168478250503,0.3132661283016205,0.7730064988136292,-0.2893360257148742,0.2974491417407989,0.2093431949615478,0.1401326805353164,0.7595347166061401,0.7554536461830139,0.2875427305698395,0.6793620586395264,1.0456706285476685,-0.1533967107534408,0.1173537597060203,0.1202537938952446,-0.1158484742045402,0.2373331785202026,0.0851291790604591,0.0272064134478569,0.5319281220436096,0.0706012547016143,0.083707295358181,0.5150617957115173,0.5776602625846863,-0.1146835163235664,0.8425686955451965,0.6140442490577698,-0.1455908715724945,0.1948197335004806,0.1477269977331161,0.767120897769928,-0.5278546214103699,-0.0086557287722826,-0.3073878884315491,0.6878677010536194,-0.0584590695798397,-0.3752138614654541,-0.2314997315406799,0.1414661705493927,0.0999568626284599,-0.2179166823625564,0.3464969396591186,-0.1166616976261138,0.3178003430366516,0.3843297660350799,-0.4430500864982605,0.018519839271903,-0.5342577695846558,-0.0517334342002868,-0.2036378681659698,-0.1066706925630569,0.3409926295280456,-0.6823834776878357,0.2849465608596802,-0.3283508121967315,0.0519237890839576,0.5499127507209778,0.0861731097102165,0.3759700059890747,0.2174123525619506,0.0637853667140007,0.0501671135425567,-0.1173980832099914,1
0.7160406708717346,0.5496041178703308,1.0600578784942627,-0.4431724548339844,0.0448430813848972,0.3219568729400635,0.2715650498867035,0.0062799644656479,-0.6299976110458374,-0.2329137921333313,0.5505568981170654,-0.5564342141151428,-0.2968236804008484,-0.1863660514354705,0.32614865899086,0.0199595429003238,-0.1589935719966888,-0.4174444079399109,0.3077236413955688,-0.4441926181316376,-1.435692310333252,-0.5543021559715271,-0.1952914595603943,0.1669474244117736,-0.3150492012500763,-0.4724974632263183,0.2600679993629455,0.0922654122114181,0.3445742428302765,-0.343114972114563,-0.6205287575721741,-0.1694863736629486,0.0276246853172779,0.1345271468162536,-0.5564649701118469,0.5066118240356445,0.0104094464331865,-0.3863275647163391,0.7529186010360718,0.190581202507019,-0.0434430949389934,-0.0062533719465136,-0.1106757670640945,-0.0010885586962103,-0.2329510599374771,0.1116471886634826,0.1652374267578125,0.3185009360313415,-0.0247206445783376,-0.4215655922889709,-0.8240092396736145,0.5963747501373291,0.3773230612277984,-0.0269231144338846,0.1930460333824157,-0.2094836086034774,0.954737663269043,-1.0668796300888062,0.130802184343338,0.3891322314739227,-0.6298655867576599,-0.3246212005615234,0.4780248403549194,-0.1246212720870971,-0.186718076467514,0.2396682798862457,0.023499870672822,-0.0045924559235572,0.492657870054245,-0.536670446395874,0.445383220911026,0.137165293097496,-0.1062554866075515,-0.7000160217285156,0.588559627532959,-0.2727632224559784,0.112935334444046,0.3397274315357208,0.1951669007539749,0.0292498487979173,0.1833639442920684,0.1893945634365081,0.1850089281797409,-0.4678379893302917,-0.4566177427768707,0.1382855623960495,-0.7634050250053406,-1.0278390645980835,0.5832114815711975,-0.3624027371406555,0.033557940274477,0.273272693157196,0.3222914934158325,-0.1099065691232681,0.4741979241371155,0.2392270714044571,0.0166855566203594,-0.0043402756564319,-0.3339742422103882,0.031827837228775,-0.3185054659843445,0.0691365972161293,0.1393540650606155,-0.4681010246276855,0.1093716472387313,-0.1714517027139663,-0.3932948112487793,0.5831077694892883,0.3211843073368072,0.2408215552568435,-0.3932655453681946,-0.3886343240737915,-0.544151246547699,-0.2606160640716553,0.48261159658432,0.0443647839128971,-0.5017679333686829,0.6238043904304504,-0.3327780663967132,0.5301656126976013,0.1648320406675338,0.3450007140636444,-0.046100802719593,-0.4880585074424743,-0.1340521574020385,0.6939308643341064,0.2395305931568145,-0.0871166661381721,0.2279672026634216,-0.1759323179721832,-0.1812437176704406,-0.7236559987068176,-0.0606303624808788,-0.1284232586622238,-0.4148086905479431,0.7964227795600891,0.3081644177436828,0.0459326207637786,0.2721553444862366,-0.5111276507377625,-0.5176360011100769,-0.2339594066143036,0.4802360832691192,-0.6775243282318115,0.1863149553537368,0.4573135673999786,-0.3242950141429901,-0.2710474133491516,0.719058096408844,0.344485729932785,-0.0405073091387748,1.221623778343201,-0.5083168148994446,-0.0042150439694523,-0.1091043278574943,0.5945374369621277,-0.7333052158355713,0.3256069421768188,0.537666380405426,0.4378291070461273,0.7361007332801819,-0.0103426575660705,0.0524857640266418,0.4433907568454742,0.0224078278988599,0.2883355915546417,0.1595441699028015,-0.4797025620937347,-0.3036799728870392,0.4212587773799896,0.1494921743869781,0.548896074295044,0.3409509360790252,-0.0871381014585495,-0.3950188457965851,0.1619779616594314,0.8203318119049072,-0.1802835911512375,0.2675783336162567,-0.7529749870300293,-0.2787104547023773,0.1595818102359771,0.562970757484436,-0.6086323857307434,0.4922395646572113,-0.0607765987515449,0.0525845624506473,-0.1430233120918274,-0.1919663548469543,0.0997748300433158,-0.3555605113506317,-0.5002982020378113,0.5069612860679626,-0.5319347977638245,-0.3023192584514618,-0.4192430675029754,0.3326950073242187,0.1380854696035385,-0.4933838248252868,0.6112861037254333,0.3284007012844085,0.1616570353507995,-0.1621584892272949,-0.5787858963012695,-0.9845398664474488,-0.0654933899641037,-0.0381376333534717,0.2911118865013122,0.2583819925785064,0.3827478885650635,-0.5706953406333923,0.0709239393472671,0.0739507302641868,0.2867769598960876,0.6943717002868652,0.3660307824611664,-0.2548193037509918,-0.4564126431941986,-0.0378085523843765,-0.0454684756696224,0.1466283947229385,-0.2530595660209656,0.3082716763019562,0.1777791380882263,0.0423457957804203,0.1954853534698486,0.1800612956285476,-0.4829595685005188,-0.4469911456108093,0.4224537014961242,-0.5547980070114136,-0.6095532178878784,-0.2875030934810638,-0.0714776515960693,-0.6480852365493774,-0.5900214314460754,-0.388478547334671,-0.0270618125796318,-0.2967996299266815,0.5098548531532288,-0.22074955701828,-0.3468151390552521,0.4216444194316864,-0.3038881123065948,-0.2978987097740173,0.3927764594554901,-0.0596282370388507,0.0485152229666709,-0.271362692117691,-0.1802142113447189,-0.4851191937923431,-0.550102710723877,-0.1460640579462051,-0.0548247061669826,0.3206359446048736,0.4962250292301178,0.4854024350643158,-0.2992788553237915,0.3813333511352539,-0.3735303878784179,-0.4477134048938751,-0.5849761962890625,-0.1867894977331161,-0.1529820263385772,0.0660977810621261,0.1695452481508255,-0.0759079530835151,-0.3525299727916717,-0.7251498699188232,-0.4507409930229187,0.0721923410892486,-0.0167071856558322,-0.0582984127104282,-0.1752388924360275,0.1764365881681442,0.088075466454029,0.1377533078193664,0.4123290479183197,-0.4051860272884369,-0.0089038852602243,-0.2578047215938568,0.5319944024085999,-0.6913993954658508,0.1426066905260086,0.0091378083452582,0.4740738272666931,-0.6846185922622681,0.0018326811259612,-0.4535423517227173,0.7378843426704407,0.5011321902275085,-0.5561357140541077,0.0602494962513446,-0.1660566180944442,-0.9421035051345824,-0.2076736837625503,0.6045069694519043,-0.0015955511480569,0.4080990850925445,-0.1184548586606979,0.392930656671524,0.4433785676956177,0.8906248211860657,-0.0674004629254341,-0.0112778441980481,-0.3926476240158081,0.1577012240886688,0.18877674639225,0.5445039868354797,-0.1628527790307998,0.2813944816589355,0.5108756422996521,-0.6430280208587646,0.3158159852027893,0.840604305267334,0.4549330472946167,-1.77802836894989,-0.315490573644638,0.509924590587616,0.1881543546915054,-0.3583788871765136,-0.2123126238584518,0.2246962636709213,0.3304974436759949,-0.335794448852539,-0.4867393374443054,1.282496452331543,0.2578581869602203,0.1956936717033386,-0.4181706011295318,0.1126364842057228,-0.0562515445053577,-0.1417088061571121,-0.5214462280273438,0.3383252024650574,0.4104311168193817,-0.7612400054931641,-0.0065445792861282,-0.2192858457565307,-0.3208435773849487,-0.5579304099082947,0.3383762538433075,-0.6222559809684753,-0.0154126929119229,-0.3610038161277771,-0.1238558292388916,0.0644548162817955,1.1989210844039917,0.8737666010856628,0.1136054247617721,-0.7855727672576904,-0.187774196267128,-0.0542365722358226,-0.3299339711666107,0.1715893447399139,-0.0471077673137187,-0.1403587460517883,-0.1254177391529083,0.349879503250122,0.1097924038767814,0.1692365705966949,-0.0903558135032653,-0.6123674511909485,-0.1054280996322631,-0.1606510132551193,0.7271825075149536,0.9391486644744872,0.14202481508255,-0.0107327075675129,0.541143000125885,0.9442161917686462,0.3771333396434784,0.1176036745309829,-0.6484299302101135,-0.3322542309761047,-0.4627679288387298,0.0766859427094459,-0.2493514865636825,-0.4175941050052643,0.5562111735343933,-0.149287611246109,0.0368744879961013,0.1740822345018386,-0.8228632807731628,0.4122907519340515,-0.5090331435203552,-0.2347524166107177,-0.2065445333719253,-0.1703664511442184,-0.4299764633178711,0.7415841221809387,0.2431784123182296,0.3587514758110046,-0.3153972923755646,-0.9576084613800048,0.662799596786499,-0.1861715912818908,-0.1347865611314773,0.1952444016933441,0.1569215804338455,-0.0130145577713847,0.1553108692169189,-0.0591698288917541,-0.3216509222984314,-0.8687087297439575,-0.3008919656276703,-0.4204065799713135,-0.0636451244354248,-0.0857962518930435,0.6063085794448853,0.0167367029935121,0.1617683470249176,0.2566567361354828,0.3890993893146515,-0.1402439773082733,-0.2968016266822815,-0.5630148649215698,0.4061540067195892,0.3248182237148285,0.9648025631904602,0.4040554761886596,0.0078669795766472,0.523979902267456,0.0174883659929037,0.0857487842440605,0.1283589303493499,-0.6166248917579651,-0.4257988929748535,0.9454864859580994,-0.4247202277183532,-0.2155346870422363,0.3162325918674469,0.1190092638134956,0.5508721470832825,-0.3955748677253723,-1.002431869506836,0.5232201814651489,-0.32157102227211,0.2513957917690277,1.0220986604690552,0.245553657412529,0.1295281499624252,0.2352876216173172,0.0230562891811132,-0.4232050478458404,-0.2769336402416229,-0.3289223313331604,-0.509810745716095,0.4113638401031494,-0.1826494336128235,0.6000717282295227,0.4723854959011078,0.5991536378860474,-0.0493774935603141,0.3512018322944641,0.2943974733352661,-0.5445080995559692,0.4768691956996918,0.6148988604545593,0.3768306672573089,-0.2980268001556396,0.4510954320430755,-0.4618158936500549,0.0261024199426174,-0.2566526234149933,-0.2924006581306457,1.0113605260849,-0.0366128347814083,0.5851088762283325,-0.7223637104034424,-0.3120304346084595,-0.4959334135055542,-0.4941413402557373,-0.192767396569252,-0.2274348884820938,0.075365774333477,0.2839587926864624,-0.3671100735664367,-0.6587124466896057,0.2883949875831604,0.5989701747894287,0.4797096848487854,-0.0510609298944473,-0.306638240814209,-0.2423850893974304,0.1443103551864624,-0.7134082317352295,-0.5081197619438171,0.575716495513916,0.1336457133293151,-0.3493250012397766,-0.8854405879974365,-0.3180863857269287,-0.1379755288362503,0.1805661469697952,-0.4811800122261047,0.0465103425085544,-0.290102869272232,-0.7400475144386292,-0.273175984621048,-0.4847550988197326,-0.1200441569089889,-0.6421060562133789,-0.3723041415214538,-0.2524562776088714,-0.4793320596218109,0.0046251476742327,0.6948128938674927,0.7403450012207031,-0.4985497891902923,-0.2380929142236709,0.1256924271583557,0.1686508506536483,-0.2385175079107284,0.1640942096710205,-0.3254446983337402,-0.15774767100811,-0.5756934881210327,0.2040051966905594,-0.2761629521846771,-0.0652704909443855,-0.0876909717917442,-0.7345484495162964,-0.4659005403518677,0.0324366055428981,-0.8098662495613098,0.1941544115543365,-0.0571203343570232,0.9315574169158936,-0.5274169445037842,0.1283146440982818,-0.0506936982274055,-0.2374493926763534,-0.5599507689476013,0.5276247262954712,-0.3125468492507934,-1.1585813760757446,0.3610887229442596,0.1456747502088546,-0.4961353838443756,1.2421517372131348,0.209113210439682,-0.6299748420715332,-0.1049925908446312,0.1299864202737808,0.1624376773834228,-0.2304719090461731,0.148638442158699,0.0389331430196762,0.3440857827663421,0.4437224268913269,-0.4375099241733551,0.6193323135375977,-0.0035915866028517,-0.2298985421657562,-0.1354523450136184,0.3424294590950012,0.344156265258789,0.6829055547714233,0.12941475212574,-0.6262499690055847,-0.2232080549001693,-0.325437992811203,-0.0677823722362518,-0.0049347216263413,0.3359613120555877,-0.5255427360534668,0.8923746943473816,0.5958791375160217,-0.5636972188949585,0.3588937222957611,1.2114043235778809,-0.0423423871397972,1.0033893585205078,0.1732223331928253,0.0411442294716835,-0.6278747916221619,0.1510212868452072,0.0785162672400474,0.1135732382535934,-0.0704819783568382,0.0616788268089294,-0.2950425446033478,-0.2071893513202667,0.8606039881706238,-0.121087297797203,-0.3264497816562652,0.0848917290568351,0.2585770785808563,-0.2899852097034454,0.8567606806755066,0.3068051636219024,-0.0136516513302922,-0.1718943417072296,0.3325474560260772,0.6210667490959167,1.231739163398743,-0.4219981729984283,0.3740526735782623,-0.3315471112728119,-0.5471270680427551,0.1436841785907745,0.1501275300979614,-0.086452841758728,0.6012153625488281,-0.6972745656967163,-0.080488696694374,0.7731828093528748,0.2369479686021804,0.0300097912549972,-0.0737051516771316,-0.507893443107605,0.1773186177015304,-0.4614638090133667,-0.1801935732364654,0.0458078272640705,0.3561922907829284,0.7271630764007568,0.4086967706680298,-0.1531369239091873,-0.0661972314119339,0.8011471033096313,-0.0996110737323761,-0.4934886693954468,-0.0796970874071121,-0.1862915009260177,0.0393057391047477,-0.0520649850368499,0.3480192124843597,-0.0210816878825426,-0.2200969457626342,0.696488618850708,-0.226593941450119,0.0158699993044137,-0.2685171365737915,0.3712647557258606,0.1123125925660133,-0.1102825403213501,0.2151762098073959,-0.2132675051689148,0.2190783023834228,-0.0080466317012906,-0.8187978267669678,0.0576216056942939,0.149572268128395,0.0899965018033981,-0.5050914883613586,0.0059439134784042,-0.469350129365921,-0.3574584424495697,-0.1228241100907325,0.1757557243108749,-1.184923768043518,-0.7962396144866943,0.4043115377426147,-0.011384311132133,-0.2222319096326828,-1.394122838973999,0.6045659780502319,0.3704037368297577,-0.0332081988453865,-0.189859390258789,0.2785438597202301,-0.0624178387224674,-0.202721819281578,-0.1569465845823288,-0.201258510351181,0.3423085212707519,-9.881769180297852,0.1127707585692405,0.0250407438725233,-0.6226008534431458,-0.2768200933933258,-0.1419197618961334,1.0979472398757937,0.8698919415473938,-0.1874127089977264,0.4062471985816955,-0.2014871686697006,-0.032834593206644,0.4222115576267242,0.6477712392807007,0.0165358241647481,-0.0757811218500137,-0.2083810418844223,0.1534511595964431,0.1103512644767761,-0.0812371745705604,-0.6076298952102661,-0.3319518268108368,0.7044028043746948,0.2135204225778579,0.3321336805820465,-0.5609503388404846,-0.5385086536407471,0.7213151454925537,0.0239347964525222,0.2181130796670913,-1.00224506855011,0.2961472272872925,0.1261317133903503,0.414044439792633,-0.1122713387012481,0.3906683623790741,0.1047024503350257,0.8875852227210999,-0.0642447471618652,0.1892401129007339,0.1089766845107078,0.4443552494049072,0.0705834999680519,0.0431388765573501,0.3937809765338897,-0.0631690770387649,0.0285484418272972,0.4789966642856598,0.8089115023612976,-0.2491255849599838,-0.4232617020606994,-0.2744500041007995,0.4650739133358001,-0.2509323358535766,0.1578381657600402,-0.0456525050103664,0.6443071961402893,-0.9439181089401244,0.1452423185110092,0.1493725925683975,0.3029784858226776,0.556549608707428,0.6303580403327942,0.7066295146942139,-0.1501513719558715,0.4653829634189605,0.5707411170005798,0.0543890185654163,-1.228846788406372,-0.416785180568695,0.3502748012542724,0.3190977275371551,0.2799139320850372,0.202869564294815,0.1534282565116882,0.3137082159519195,-0.2311029434204101,0.1965452134609222,0.2695147693157196,0.1904399096965789,0.6270903944969177,-0.4208428859710693,0.1835490614175796,0.6611534357070923,-0.5122352838516235,0.3420845568180084,0.2134129106998443,-0.2768934667110443,0.2211164534091949,-0.5829900503158569,0.6009411811828613,0.1985925585031509,-0.5658319592475891,0.4262440502643585,0.4988217055797577,-0.1246670633554458,-0.0260311178863048,0.0708031207323074,0.206412062048912,-0.3707110583782196,0
0.6034827828407288,0.0750778391957283,0.8657544255256653,-0.3678527474403381,-0.0313357412815094,0.0785465538501739,0.3023997545242309,0.1341314166784286,-0.0150674358010292,0.1794959306716919,0.5327253937721252,-0.0546330027282238,-0.0090028950944542,-0.1984357684850692,0.4012514948844909,-0.3616842329502105,0.0017708534142002,-0.2547635734081268,-0.1755476742982864,-0.2963722348213196,-0.7017987370491028,-0.4959449172019958,0.0900995656847953,-0.0678692832589149,0.5468490123748779,-0.5644563436508179,0.0843673050403595,0.3800015449523926,-0.0727834179997444,-0.2994767725467682,-0.4494493305683136,-0.2137268185615539,-0.0988010093569755,-0.2648979723453522,-0.8406083583831787,0.321076363325119,-0.2116503715515136,-0.2594198882579803,-0.0166147779673337,-0.6252167820930481,-0.1629805564880371,-0.2735671699047088,-0.1306898742914199,0.2027148008346557,-0.2640228867530823,0.4681769013404846,0.3186984956264496,0.2199781984090805,0.1590713560581207,0.3783169388771057,-0.2190364152193069,0.4417745172977447,0.3228428363800049,0.0483717061579227,0.2766009569168091,-0.293256551027298,0.0194970220327377,-0.3499400615692138,0.051380880177021,0.6324642896652222,-0.1727774292230606,-0.3782002031803131,0.0908156633377075,0.4214170575141907,0.1470639556646347,0.0952928364276886,-0.0770568773150444,-0.3569855391979217,-0.0024191737174987,-0.9345948696136476,0.1054674610495567,-0.1814249157905578,0.1347778290510177,-0.5121384859085083,0.9192212224006652,-0.1132273972034454,0.5152490139007568,-0.0106139434501528,0.5689225792884827,-0.0215554423630237,0.1422233283519745,0.4946246147155761,-0.1477049738168716,-0.6141643524169922,-0.0316419005393981,0.1433631032705307,-0.2315422445535659,-0.8052089810371399,0.2334419935941696,-0.0100490115582942,0.0416909642517566,0.288483589887619,0.2873562276363373,0.5011584758758545,-0.0890111923217773,0.4297166168689728,0.2156285643577575,-0.2732447981834411,-0.4008235931396484,0.2421606630086898,0.0104161538183689,0.1166939809918403,0.2539656460285187,-0.0125807607546448,-0.354225754737854,0.1834481656551361,-0.2137883305549621,0.3058245182037353,0.0607062354683876,0.016571270301938,-0.3441768288612366,-0.6101165413856506,-0.9098912477493286,-0.1643927991390228,0.0461167208850383,-0.3002687692642212,-0.4222589135169983,0.7391008138656616,-0.3650001883506775,0.4872054755687713,0.2627048194408417,0.4744058549404144,-0.1802817285060882,-0.3436811566352844,-0.0989200696349144,0.3496215045452118,0.4674854874610901,-0.0337310284376144,-0.2539657950401306,-0.1530697494745254,-0.1126011088490486,-0.1008185073733329,-0.1988453865051269,-0.1834728419780731,-0.1859756112098693,1.0019562244415283,-0.2667397260665893,-0.0522280670702457,0.0221421010792255,-0.2407938241958618,-0.121945783495903,0.1448226422071457,0.6913648247718811,-0.3939955234527588,0.2216789275407791,-0.1399714201688766,-0.1281062513589859,-0.5362316370010376,-0.1395812332630157,0.3998737633228302,-0.3157594799995422,0.6487504839897156,-0.8809701800346375,-0.2126045376062393,0.2258440405130386,0.2880144417285919,-0.7001898288726807,0.1056503355503082,-0.1913360506296157,0.0378595292568206,0.0268137883394956,-0.5634580850601196,-0.0073304274119436,0.6009246706962585,0.1807908862829208,0.2881605327129364,0.1586738526821136,0.0785095691680908,-0.3303672671318054,0.8681853413581848,0.511932909488678,0.0099891992285847,0.1945490539073944,-0.0367480590939521,-0.010967057198286,0.2244033217430114,0.7548457384109497,0.359950989484787,-0.334017664194107,-0.4333972334861755,-0.384022057056427,-0.0326096005737781,0.1045397147536277,-0.6877201199531555,0.1180780604481697,0.2910391390323639,0.3983965516090393,0.3366944491863251,-0.3584904670715332,0.0164710283279418,0.1555396467447281,-0.7865625023841858,0.1052769497036933,-0.5746724009513855,-0.0178759582340717,-0.3101350367069244,-0.2689124345779419,-0.0294117908924818,-0.4702986478805542,0.879673421382904,0.0344816595315933,0.3251921534538269,-0.1996561735868454,-0.7094054222106934,-0.8463715314865112,0.1425738781690597,-0.10161142796278,-0.1238091588020324,0.3591572940349579,0.2223147898912429,-0.1085578128695488,0.175785556435585,0.6998524069786072,0.2151294201612472,0.6825213432312012,0.4518811404705047,-0.3791395723819732,-0.2934220135211944,0.4491629004478454,-0.6812587380409241,0.5171694159507751,-0.3814699947834015,0.2751484513282776,0.0894262120127677,-0.4749280512332916,0.4922092258930206,0.4074813425540924,-0.2321700155735016,-0.0602190718054771,0.7236948013305664,-0.5181476473808289,-0.3106818199157715,-0.9644609093666076,0.3610828518867492,-0.577052652835846,-0.0282045342028141,-0.1405972838401794,-0.2382441908121109,-0.5538663864135742,0.4035924077033996,0.0530608557164669,-0.0650336667895317,0.1128134876489639,-0.37974613904953,-0.2270873337984085,0.144732728600502,-0.4401654005050659,-0.5063103437423706,-0.1142496913671493,-0.0740144476294517,-0.0978259518742561,-0.2774339616298675,0.0230636540800333,-0.440977931022644,1.0684287548065186,0.5564851760864258,0.6356865167617798,-0.0223555583506822,0.1783395856618881,-0.1415370255708694,0.0456109419465065,-0.5141477584838867,0.1883867383003235,0.0597095638513565,-0.1815057694911956,0.1952510178089141,0.3119526505470276,-0.2785893082618713,-0.6507947444915771,-0.9219587445259094,0.0997645407915115,-0.6202857494354248,-0.0778116658329963,-0.0487549118697643,-0.473504364490509,-0.2878942489624023,-0.4061278700828552,0.8403850197792053,-0.1530055701732635,0.1211740672588348,-0.3376452326774597,0.6478351354598999,-0.5461059212684631,-0.3854315280914306,-0.1192429736256599,-0.0689709335565567,-0.6466272473335266,-0.14373479783535,-0.6436154246330261,0.5789369940757751,0.2714177668094635,-0.3288511335849762,-0.3607306778430938,0.5365675687789917,-0.1525389999151229,0.3727106750011444,0.305794894695282,-0.0124803753569722,0.4156901836395263,0.0130990268662571,0.0483854860067367,0.398985892534256,0.2581155002117157,-0.1875572800636291,0.0613583028316497,-0.5587813854217529,0.0501830987632274,0.1585660427808761,0.3721579611301422,-0.2235145270824432,0.4471069276332855,0.789029061794281,-0.4257601797580719,0.3631481528282165,0.325540691614151,0.8647564053535461,-1.6320197582244873,0.2422871142625808,0.3077225685119629,-0.0182281862944364,-0.3779305517673492,0.162742018699646,0.5018773674964905,-0.1500382721424102,-0.0089867850765585,-0.5964475870132446,0.7721530199050903,0.120200514793396,-0.0118414564058184,-0.1354780197143554,0.3769541382789612,-0.4087579548358917,0.2606328725814819,-0.3906883001327514,0.443256139755249,0.2728796601295471,-0.4299178123474121,-0.0726710930466651,0.1484448462724685,-0.4802765548229217,-0.2633105814456939,0.1061314418911933,-0.1347464174032211,0.1210457608103752,-0.5667712688446045,-0.2901121973991394,0.0845103338360786,0.5594958066940308,0.8658941984176636,0.5913154482841492,-0.4480279684066772,-0.2294298708438873,0.2076779901981353,0.1762100011110305,0.5203078389167786,-0.1820008754730224,-0.1051240861415863,-0.0627926886081695,0.5727033019065857,-0.0488503947854042,-0.1660609394311905,0.1992775946855545,0.1152427271008491,0.4405218958854675,-0.1966742873191833,0.0300865266472101,1.1923983097076416,-0.268284410238266,-0.13162662088871,0.2411096692085266,0.7372906804084778,0.3380445837974548,0.0311949849128723,-0.0610441043972969,-0.1054794639348983,-0.2466994225978851,-0.0484000220894813,0.1485935598611831,-0.4643492698669433,0.0946572422981262,-0.2567406296730041,-0.1056801378726959,-0.123014822602272,-0.1463367640972137,-0.1214188784360885,-0.5694536566734314,-0.5389914512634277,0.1876948326826095,0.0982346385717392,-0.6518548727035522,0.5742854475975037,0.3568605780601501,0.5404207110404968,-0.8067978620529175,-0.7520087361335754,-0.1347270905971527,-0.0785858333110809,-0.0754351839423179,0.1775768250226974,-0.0751150101423263,-0.6135401129722595,-0.1002246960997581,-0.2546331584453583,0.0585763305425643,-0.3846781253814697,-0.3166280388832092,-0.7551460266113281,0.1292170584201812,-0.293252170085907,0.780036449432373,-0.0462789572775363,-0.2303877919912338,0.2657456994056701,0.6775398254394531,-0.4065422117710113,-0.4495618641376495,-0.4584120512008667,0.8373240828514099,0.0512344539165496,0.3173268139362335,0.385352611541748,0.2748156487941742,0.2830776274204254,0.1819606721401214,-0.3985791802406311,-0.0157041735947132,-0.5556009411811829,-0.2081477642059326,0.3702368438243866,-0.0785902738571167,0.5781213045120239,-0.3293099701404571,-0.0456543043255806,0.7103759050369263,-0.3246232867240906,-0.7063472270965576,0.12338138371706,0.3657518327236175,-0.5330333113670349,0.4693048596382141,0.8696290850639343,0.769604504108429,-0.7394624948501587,-0.0199984926730394,-0.0491824597120285,0.0292065311223268,0.5893369317054749,-0.0741845443844795,0.0488187856972217,-0.1426861882209777,0.3648760616779327,0.6170795559883118,0.221597284078598,-0.0471688657999038,0.4615173935890198,0.2232668548822403,-0.3384721875190735,0.6513592600822449,-0.0357232876121997,0.300730437040329,-0.45834681391716,-0.1274605244398117,0.1129325404763221,-0.2202627807855606,-0.6643514037132263,-0.3386875689029693,0.1395236104726791,-0.2627438008785248,0.5947475433349609,-0.3828618824481964,-0.7533091902732849,-0.6318255066871643,-0.5088008046150208,0.1271135807037353,-0.1374127715826034,-0.0798821449279785,0.0102653671056032,0.1662863790988922,-0.4274555146694183,0.3237448036670685,-0.0807531997561454,0.1142224445939064,0.0820484235882759,-0.5486111044883728,0.4254395067691803,0.2334243208169937,0.0314912088215351,0.1671176254749298,0.0433287657797336,-0.1333120912313461,-0.8757457137107849,-0.6722213625907898,-0.0414260327816009,-0.3047709465026855,0.3394939303398132,0.0436046570539474,0.3915460407733917,0.2183481454849243,-0.6332376003265381,-0.298288881778717,-0.5024104714393616,-0.2461941838264465,0.168449118733406,-0.2257195562124252,0.2276105880737304,-0.0712011307477951,0.376390665769577,0.5094534158706665,0.7028288841247559,0.0056369793601334,0.0157313849776983,0.5789600610733032,0.4273936450481415,-0.5230504870414734,-0.3404727280139923,-0.1554687768220901,-0.3449896872043609,0.0959898084402084,0.4280674159526825,0.4014675915241241,-0.038503523916006,0.1964097917079925,-0.7710626125335693,-0.2982843816280365,-0.0100206090137362,-0.4969553649425506,0.5028594732284546,-0.3073532879352569,0.6047269105911255,-0.8835477232933044,0.2471556663513183,-0.1721460372209549,0.2979965209960937,0.0988359153270721,0.2505272626876831,0.0405870787799358,-0.5503985285758972,0.0078401193022727,-0.0282123908400535,-0.4133504033088684,0.48213991522789,0.5093300342559814,-0.564020574092865,-0.0630154311656951,0.7397372126579285,0.4950209558010101,-0.1479485630989074,-0.2041714489459991,-0.5524908900260925,-0.2461763322353363,-0.1651788502931594,0.0962053835391998,0.4927022755146026,0.0574981421232223,-0.4329172074794769,0.1347987204790115,0.6766618490219116,0.4353385269641876,0.7924428582191467,0.2495272010564804,-0.0503512285649776,0.1095496192574501,-0.2341724932193756,0.3761541843414306,0.1359458267688751,0.7105685472488403,-0.5681143403053284,0.7346940636634827,0.5131425261497498,-0.3905883431434631,0.1338603496551513,0.4927493631839752,0.1655526161193847,0.0331513099372386,-0.0668327286839485,0.21676005423069,-1.1577006578445437,-0.2070232182741165,0.4567450881004333,-0.108603686094284,0.349767804145813,-0.1468093991279602,-0.272512823343277,-0.3594733774662018,0.1256765872240066,0.1336356550455093,-0.0803120732307434,0.0717826709151268,0.4696975350379944,-0.3887090682983398,0.5619118809700012,0.3889592587947845,0.0070016589015722,0.1808483451604843,0.0728503689169883,0.7361040711402893,0.533949613571167,0.1084820255637168,0.4169452786445617,-0.3646301627159118,-0.9425081610679626,0.2984364032745361,0.0274211354553699,-0.4213316142559051,0.4637819826602936,-0.3018240332603454,-0.2471407651901245,0.3390486240386963,0.2031398862600326,0.0307705607265234,-0.1741285175085067,-0.6933572292327881,0.1380597352981567,-0.1937256455421447,-0.0442165583372116,0.2289419174194336,-0.2993386089801788,0.4781246185302734,-1.8821431240212403e-06,-0.0388729013502597,0.4249505698680877,0.6757005453109741,0.5005992650985718,-0.4437052309513092,0.3728569149971008,0.1247911676764488,-0.1848772317171096,0.150855153799057,0.351049393415451,0.0533195659518241,-0.0693046525120735,0.5249400734901428,-0.224432423710823,0.0193343479186296,-0.3187216818332672,0.4181233942508697,0.1985646933317184,-0.2660110592842102,-0.2695210874080658,-0.3208607137203216,0.4870755672454834,0.0571654662489891,-0.3261508643627167,-0.1408548355102539,0.0713569298386573,0.1925425380468368,0.1412426978349685,-0.4827492237091064,-0.5667328834533691,-0.5158524513244629,-0.2101653963327407,0.2888988256454468,-0.5078287124633789,-0.371027261018753,0.501457154750824,-0.1215050145983696,-0.1823085844516754,-1.5426088571548462,0.1391412317752838,-0.1983575224876403,0.3572340905666351,-0.2395525872707367,0.5764230489730835,0.2233718782663345,-0.084420807659626,-0.4390450417995453,0.0667186453938484,0.2911503314971924,-10.199799537658691,0.3088061809539795,-0.5409168601036072,-0.7815231084823608,-0.3371039628982544,-0.124379426240921,0.6968086361885071,0.3581056296825409,-0.2872464954853058,0.3523631393909454,-0.7251420617103577,0.41616091132164,0.5971251726150513,0.0970413088798523,-0.1099560633301734,-0.0877025201916694,-0.1905624270439148,-0.1242031678557396,-0.0928427651524543,0.1550261825323104,-0.255848228931427,-0.1528791785240173,0.6300467252731323,0.635814368724823,0.4549063742160797,-0.3584784269332886,0.0620031543076038,0.0982092320919036,0.4553763270378113,0.3091898560523987,-0.8943516612052917,0.647114634513855,-0.088815189898014,0.0694255456328392,-0.3161036670207977,-0.0389481931924819,0.0332068167626857,-0.0861871168017387,-0.5074703097343445,0.0814435109496116,0.5768760442733765,0.579755425453186,0.0115757444873452,0.1708525717258453,0.3499915599822998,-0.3767823874950409,-0.0237202029675245,-0.0745694041252136,0.7220386862754822,-0.4265865683555603,-0.0492623075842857,0.0808892473578453,-0.0173357240855693,0.0091804014518857,-0.1825318038463592,-0.2819981575012207,0.7245775461196899,-0.7030529379844666,0.2386891841888427,0.1236471831798553,0.6605232954025269,-0.0807105153799057,0.3659892976284027,0.7711077928543091,0.3688330948352813,0.4093636870384216,-0.1484010815620422,-0.1482061892747879,-0.6010558009147644,-0.3189830183982849,0.4094802439212799,0.7575972676277161,-0.3058397769927978,0.2721104025840759,0.0785079449415206,0.0028526014648377,0.08616304397583,-0.059882890433073,0.2011765539646148,0.2032788246870041,0.2285952121019363,0.1532840579748153,0.0307135768234729,0.6151642799377441,-1.058052897453308,-0.1103243082761764,0.0959193184971809,-0.3619970083236694,0.2754208743572235,-0.4584848284721374,0.7406895160675049,-0.3048589825630188,-0.6493950486183167,0.3040450811386108,0.4413687884807586,-0.2443837821483612,-0.1059194803237915,0.1633730828762054,0.4056206047534942,-0.5125148296356201,0
0.0749431177973747,0.5010326504707336,0.3710091114044189,-0.6560860276222229,-0.0393311083316803,0.1110338270664215,0.0859642401337623,0.0129492720589041,0.0309907756745815,-0.211056187748909,0.9358340501785278,0.1515482664108276,0.2768792510032654,-0.5607249140739441,0.5666325688362122,-0.4205234050750732,-0.0514361336827278,-0.409527987241745,0.0087934993207454,-0.2534026503562927,-0.662889838218689,-0.5673192143440247,-0.4004799723625183,0.3462963700294494,0.2720090448856354,-0.3106721639633178,-0.0153719121590256,0.1219049021601677,-0.0711736679077148,-0.1898295879364013,-0.5257799029350281,-0.5601031184196472,-0.0119114443659782,0.3211928606033325,-0.5740010142326355,0.2335926294326782,-0.0217736177146434,0.2182086557149887,0.381268709897995,-0.3959852457046509,0.1372956931591034,0.4798860251903534,-0.0752676799893379,-0.2060661315917968,-0.0997740179300308,0.5041969418525696,0.1902588605880737,0.2213988602161407,0.1714688241481781,0.0679966434836387,-0.4217140674591064,-0.0168467536568641,0.2043122053146362,-0.1903988867998123,0.0538444705307483,0.4335804581642151,0.0571286678314209,-0.5621520280838013,-0.0375801064074039,0.3367684483528137,-0.4257773756980896,-0.3871409296989441,-0.4007278382778168,0.4770677387714386,-0.31719970703125,-0.2118542194366455,-0.2097134888172149,0.0095695564523339,-0.440587431192398,0.0129947438836097,-0.3038898408412933,0.0424129404127597,-0.0943005010485649,-0.6754307746887207,0.8318064212799072,0.0375881008803844,0.4462927281856537,-0.6719961166381836,-0.1212290599942207,-0.1193667128682136,-0.5262832641601562,0.3429143130779266,-0.2234872728586197,-0.6913549304008484,-0.4837868809700012,0.3528997004032135,-0.6478340029716492,-0.7440022230148315,0.7960655689239502,-0.0685420781373977,0.0856943354010582,-0.0958595424890518,0.2736121714115143,0.4215126633644104,-0.1404181718826294,-0.0187079757452011,0.2700517773628235,0.0099487397819757,-0.0817176774144172,0.3633236289024353,-0.0221207719296216,-0.186085358262062,-0.0417227186262607,-0.0841543450951576,0.1982919126749038,-0.2140036225318908,-0.0435556881129741,0.1449015885591507,-0.0029432601295411,-0.0543723404407501,-0.1221221834421157,-0.7235029339790344,-0.2588759660720825,0.2878579795360565,0.1313011646270752,0.0211674720048904,-0.2963569760322571,0.8375142216682434,-0.4395132958889007,0.4824954271316528,0.0797572657465934,0.3578066527843475,-0.1532616764307022,-0.2701750993728637,-0.2237030118703842,0.574558675289154,-0.102646104991436,0.3830364048480987,0.1745470762252807,-0.5298358798027039,0.2133499234914779,-0.2185020595788955,-0.1887807995080948,0.4014162719249725,-0.0559132732450962,0.6713578701019287,0.2789525687694549,0.4715734720230102,0.3285359144210815,-0.7746561169624329,-0.0957909896969795,0.3114047646522522,0.2697217166423797,-0.3401710391044616,0.5627554059028625,-0.2159447371959686,0.2518156170845032,-0.0929246991872787,0.1412185430526733,0.3115687370300293,0.1791305094957351,1.2047104835510254,-0.2105723321437835,-0.1966185718774795,-0.2365557551383972,-0.051765888929367,-0.3071994185447693,0.1252636611461639,0.1052574664354324,0.4957506954669952,0.4416899681091308,-0.3907606899738312,0.0425344593822956,0.4740809500217438,-0.2821821570396423,0.6412449479103088,0.5071831941604614,0.0508637130260467,0.3439184427261352,0.6333444118499756,-0.0284297224134206,0.5089585781097412,-0.1086053624749183,-0.5634750723838806,-0.0309455096721649,0.7188382744789124,0.311085969209671,0.6358630657196045,0.6108752489089966,-0.8965632319450378,-0.1295465379953384,-0.1185513958334922,0.4232197403907776,-0.8145791888237,0.4032543897628784,-0.3262531161308288,0.0159038063138723,-0.214253544807434,0.1698854565620422,-0.1010085046291351,-0.698457658290863,-0.0076903025619685,0.1109161227941513,-0.1491693258285522,0.0695568621158599,-0.2233514934778213,-0.0167310871183872,-0.015342017635703,-0.4737337827682495,0.6624923944473267,-0.1559403836727142,0.2207432687282562,0.0569845475256443,-0.5219500660896301,-1.2316482067108154,-0.4402652084827423,0.1799165308475494,0.6104909181594849,0.1239572167396545,0.150706797838211,0.1248641982674598,0.5599746108055115,0.17961485683918,0.4113308787345886,0.8713894486427307,0.0085140224546194,-0.808025598526001,-0.4608233869075775,0.7838011384010315,-0.863122820854187,0.0805009827017784,0.1366147398948669,0.2772863805294037,0.1550791710615158,-0.7040775418281555,-0.0131914457306265,0.4275945723056793,-0.072159469127655,0.1844909191131591,0.793224573135376,-0.0839586034417152,-0.751721978187561,-1.2341216802597046,0.1730105280876159,-0.6860142946243286,0.2278774529695511,-0.5205190181732178,0.5394347906112671,-0.2303494960069656,0.7310740351676941,-0.1670832484960556,-0.0219035483896732,0.3549574315547943,-0.2393565475940704,-0.5964962244033813,0.2471265792846679,0.277322769165039,-0.6431230306625366,-0.8614026308059692,0.1485059857368469,-0.3955720067024231,-0.3469831049442291,0.5136789679527283,-0.1920532435178756,0.4309240579605102,0.2742425203323364,0.3554822504520416,0.2859397530555725,-0.1083761602640152,-0.1788811236619949,-0.4731722474098205,-0.5599711537361145,-0.2128765732049942,0.3954005241394043,0.357731431722641,0.4167017638683319,0.235432744026184,-0.5407547354698181,-0.7101407647132874,0.0172899886965751,0.2256495356559753,-0.8143934011459351,-0.1771579086780548,-0.4117016196250915,-0.3668525516986847,0.4502196907997131,-0.010294952429831,0.3205542862415313,-0.0579238422214984,0.6466991901397705,-0.3707708418369293,0.1495065540075302,-0.6712538599967957,-0.1695050746202469,0.0971602499485015,-0.1352232992649078,-0.5953330993652344,-0.5814643502235413,-0.6016782522201538,0.3324083983898163,0.27141934633255,0.1118214651942253,-0.450823575258255,0.162023589015007,-0.2617408037185669,0.1260527372360229,0.7692469954490662,-0.1068775355815887,0.0980919077992439,0.8634207248687744,0.2058811634778976,0.1528165489435196,0.1129610240459442,-0.2915551662445068,-0.0847493857145309,-0.6286470890045166,-0.3785236477851867,-0.3954266309738159,0.6105015277862549,-0.3894446492195129,-0.1456832438707351,1.0077064037322998,-0.1247380748391151,0.1983711421489715,0.8306106328964233,0.6311897039413452,-1.380234956741333,-0.0884410068392753,0.1388814002275467,-0.0937888920307159,-0.2333306223154068,0.3486403524875641,0.3726886212825775,0.0771161168813705,-0.1585301458835601,-0.2015129178762436,0.8199771046638489,0.6578356623649597,-0.3070632815361023,-0.4453116059303283,0.5956208109855652,0.1386835277080536,0.3188926875591278,0.0521704368293285,-0.1059231013059616,0.3507256507873535,-0.4518594443798065,0.2438142448663711,-0.4377323389053345,-0.2286379337310791,-0.1234437376260757,0.199282705783844,0.0153326885774731,0.3558323681354522,-0.1752387136220932,-0.1933534294366836,0.5626264810562134,0.920954167842865,0.3658363819122314,0.7407443523406982,-0.1070056408643722,-0.0405289568006992,0.2043249756097793,0.6213338971138,0.2409420162439346,0.1001663953065872,-0.5828248262405396,-0.2984749674797058,0.3780459463596344,-0.211902230978012,-0.4752582013607025,0.5304667949676514,0.1041564494371414,-0.2018498927354812,-0.477229505777359,0.7384042739868164,0.5590384006500244,-0.2059563547372818,0.6611539721488953,0.5554072856903076,0.6567457318305969,0.2722589671611786,-0.1388095766305923,-0.3048117458820343,-0.0825459584593772,-0.0733940079808235,-0.0752356722950935,0.1497256457805633,-0.3450393676757812,-0.2782748341560364,0.0019222253467887,0.0486252047121524,-0.4260407090187073,0.1734906882047653,-0.2195824682712555,-0.6376174688339233,-0.7793687582015991,-0.063861608505249,-0.5986669063568115,-0.4026835560798645,0.1535077095031738,0.3492183685302734,0.4964047968387604,-0.7464361190795898,-0.1271601021289825,0.251165896654129,-0.4921227097511291,-0.0871448442339897,0.3863778412342071,0.2233757823705673,-0.2901251018047333,0.3032810091972351,-0.3707574307918548,-0.4037947356700897,-0.5771791338920593,-0.044406022876501,-0.104837954044342,0.2173322588205337,0.4064656794071197,-0.2222395986318588,-0.0843929201364517,0.4954863786697387,-0.3509054481983185,-0.1521254926919937,-0.3213151395320892,-0.2467758059501648,-0.3823592960834503,-0.0004126716521568,0.2382006198167801,-0.0721666291356086,0.4457323253154754,0.12066450715065,0.2801474034786224,-0.2946795523166656,0.0558578930795192,-0.0915755033493042,-0.0672047361731529,-0.6947820782661438,1.043548822402954,-0.2698815464973449,0.6022354364395142,-0.1585612595081329,-0.1920691132545471,0.5223063826560974,0.1901698559522628,-0.3558352589607239,-0.0084017505869269,-0.0078360205516219,-0.7592402100563049,0.3996194899082184,0.1867904961109161,0.4296346008777618,-0.6996725797653198,0.2841742932796478,-0.0073746871203184,-0.3833093047142029,0.3453073799610138,0.0295856371521949,-0.0858638137578964,-0.176126018166542,0.2847397327423095,1.128198742866516,0.2592743933200836,0.5765736103057861,0.2231803685426712,0.0346827544271945,-0.2903764843940735,0.3834536373615265,0.5880371332168579,0.4451239109039306,-0.0262109413743019,0.0362952724099159,-0.5897907018661499,-0.1578114777803421,-0.2345291525125503,-0.1075652614235878,0.2756355404853821,-0.0312539003789424,0.4429961740970611,-0.2004246711730957,0.0638856515288353,-0.1451282352209091,-0.9031107425689696,0.1222156733274459,-0.1834559738636016,0.1905830055475235,0.6729186773300171,0.0866291671991348,-0.1776756793260574,0.6918963193893433,0.0155387427657842,0.2878796756267547,0.2941742241382599,-0.5048111081123352,-0.2961974442005157,0.0720140784978866,-0.2909269034862518,-0.0977205261588096,0.2293915599584579,0.3342984318733215,-0.4124390780925751,-0.684638261795044,0.3148770630359649,0.1597632616758346,-0.0436460860073566,-0.2034602612257003,0.176448568701744,-0.1126431450247764,-0.4202786982059479,-0.3832724690437317,-0.4151628315448761,-0.3104378879070282,0.1650653779506683,-1.2466304302215576,-0.2332406938076019,0.1884365230798721,-0.2688154578208923,-0.0736619308590889,0.4764087200164795,-0.3358447849750519,0.1452673226594925,0.2703050971031189,0.2237081676721573,-0.2590507268905639,0.0192719046026468,-0.0795586183667182,0.0360382497310638,-0.1438534706830978,0.817067563533783,0.1579559445381164,0.5941767692565918,0.3027631342411041,-0.7028121948242188,-0.5920444130897522,-0.4645710289478302,-0.7179806232452393,0.6742623448371887,0.2435949891805648,0.8040297627449036,-0.008918591775,-0.1653932631015777,-0.0711243376135826,0.4084788560867309,0.0711899250745773,0.060596790164709,0.1597693860530853,-0.2148708552122116,0.5213537216186523,-0.7979964017868042,-0.7235814332962036,0.6335520148277283,0.1019856408238411,-0.4841380715370178,0.1760994046926498,0.4590330421924591,0.1125073805451393,-0.3673014938831329,0.0359121635556221,0.0998397096991539,-0.3449825346469879,-0.1475851982831955,0.0724823996424675,0.337226003408432,0.2343750745058059,-0.284378707408905,-0.2747551798820495,0.8732015490531921,0.5530959367752075,0.3112063705921173,0.0513002574443817,0.0139406127855181,-0.0974974036216735,-0.3201525807380676,-0.0299951583147048,0.4052170515060425,0.5808098316192627,-0.0588267035782337,0.5734966397285461,0.3379321992397308,-0.4853165745735168,-0.1704242974519729,0.954895794391632,0.0769428685307502,0.4070640206336975,-0.3711090385913849,-0.2573497295379638,-0.7029648423194885,0.1889971941709518,-0.3051510155200958,0.0327525250613689,0.6434774994850159,0.399682879447937,0.3450816571712494,0.1136735007166862,0.1362553387880325,-0.0839655026793479,0.3553557097911834,0.2357159852981567,0.3322381377220154,-0.1449383348226547,0.177589938044548,0.3900604546070099,-0.3421905934810638,-0.4446595311164856,-0.1966626197099685,0.3757204711437225,0.7618974447250366,0.0669720694422721,-0.0896947532892227,-0.1943534165620803,-1.4250625371932983,0.0408629849553108,0.2390487492084503,-0.1056598871946334,0.6612232327461243,-0.3579338490962982,-0.0024675633758306,0.5101805329322815,0.7155277729034424,0.904975652694702,-0.3297808766365051,-0.7374759912490845,-0.150851309299469,-0.0983057022094726,-0.2111362665891647,0.3975003063678741,0.1607130616903305,0.3469347953796386,0.2551337778568268,0.019056286662817,-0.0540425591170787,0.6164014935493469,-0.0906426012516021,-0.1723643839359283,0.5014562606811523,0.208467498421669,-0.0607839860022068,0.0516667477786541,0.0861604735255241,-0.0767332762479782,-0.333077609539032,0.0226525943726301,-0.4775790572166443,-0.1980053484439849,-0.0786902010440826,-0.0766219198703765,0.2640433311462402,0.0717762410640716,-0.1749752908945083,-0.2701096832752228,-0.0458554662764072,0.2411010712385177,-0.5189756155014038,-0.4917986094951629,-0.1243263110518455,-0.0921150967478752,-0.1277189403772354,-0.3560868799686432,-0.8639858961105347,-0.74403977394104,-0.0318985469639301,0.0938406363129615,-0.6164048910140991,-0.4533934295177459,0.3096181154251098,0.3297369182109833,-0.1638644486665725,-1.0943195819854736,0.4664691388607025,0.0408923849463462,0.5658580660820007,-0.4973099529743194,0.1925394237041473,-0.2818112969398498,-0.0399208925664424,-0.6177926063537598,-0.3555668890476227,0.4475041925907135,-10.153399467468262,-0.3599840402603149,-0.7595536112785339,-0.6855631470680237,-0.2458588033914566,0.2240585684776306,1.2206475734710691,0.3808872699737549,-0.4861872792243957,0.0686450004577636,0.1692031621932983,0.2285959124565124,0.0912148728966713,0.6852289438247681,-0.3793286681175232,-0.3994357883930206,-0.1460523605346679,0.1557333469390869,-0.0443009510636329,0.1980044394731521,-0.2460727840662002,-0.1713671833276748,0.3375617563724518,0.2444052994251251,0.0044457670301198,-0.3166196942329407,-0.5726965069770813,-0.1580016314983368,-0.1992977410554886,-0.0791026130318641,-0.4226790964603424,0.2348426133394241,-0.2147015035152435,-0.1036305800080299,-0.292151540517807,-0.0128618264570832,-0.1198069527745246,0.0942057892680168,-0.8203505873680115,0.4572871029376983,0.3889889121055603,-0.1811655312776565,0.32080078125,0.0758871957659721,0.350387841463089,0.0100688440725207,0.8307955861091614,-0.1307865381240844,0.3256823122501373,-0.0503523461520671,0.3469188213348388,-0.5069632530212402,0.2867747247219085,-0.3743391335010528,-0.1176211014389991,-0.0606089197099208,0.8165594339370728,-0.8023248910903931,0.0516206808388233,0.102803461253643,0.0552830509841442,0.1893246471881866,0.6527770757675171,0.3593394458293915,-0.2308391034603119,0.0804167315363884,0.2592554092407226,0.0644260793924331,-0.4231237769126892,-0.2595343887805938,0.0551220141351223,0.1739334911108017,-0.1747120320796966,0.0012442307779565,-0.2372197359800338,0.4570473432540893,0.5787063241004944,0.4222153723239898,0.2878996431827545,0.0781440958380699,0.3834221065044403,-0.5836068987846375,0.3235379159450531,0.0089804455637931,-0.6085178852081299,0.2586498558521271,-0.2114227265119552,-0.0624385923147201,0.3221389055252075,-0.6665878295898438,0.635194718837738,-0.480550467967987,0.0325992666184902,0.278866171836853,0.6550256013870239,0.1526957303285598,-0.2973670959472656,0.0376310832798481,0.3147817552089691,0.097697764635086,0
0.4871029257774353,0.3112438321113586,0.6418967247009277,-0.2556582987308502,-0.2658005058765411,0.4899188876152038,0.4236130118370056,-0.1525091677904129,-0.7580079436302185,0.052619319409132,0.8789860010147095,0.0158182885497808,-0.6489512920379639,0.0048701292835175,0.1287331283092498,-0.0917625278234481,0.1066539287567138,-0.2342146933078766,-0.0232696756720542,-0.0129869543015956,-0.5899919271469116,-0.212751880288124,-0.2258172929286956,0.6775805354118347,0.0299185868352651,-0.1018071621656417,-0.2578838169574737,0.5048170685768127,0.1958919912576675,0.0571742504835128,0.1502678394317627,-0.0304121486842632,-0.1197897568345069,-0.1161973476409912,-0.4109673202037811,0.2948071956634521,-0.0572437159717083,0.05080571398139,0.3518440723419189,0.1749065667390823,-0.0335266627371311,-0.2326549142599105,-0.539196789264679,-0.1533224135637283,-0.1208617314696312,0.2532053589820862,-0.3155933320522308,0.1978977024555206,0.0416663512587547,0.3158732950687408,-0.4199742972850799,0.2476316392421722,0.5251737236976624,0.2763620615005493,0.0860089436173439,-0.1845084130764007,0.8094395995140076,-0.750835657119751,-0.0073943524621427,0.6532958149909973,-1.1295076608657837,0.2262719869613647,-0.2964073419570923,-0.045218925923109,-0.0816813260316848,-0.1675745993852615,-0.0904666557908058,-0.1344543546438217,0.622959554195404,-0.6758260130882263,0.1665610820055008,-0.3049917817115783,-0.4265114963054657,-0.4626910984516144,0.1613782197237014,-0.4636359214782715,0.0219851434230804,0.547964334487915,0.9302532076835632,0.3348749876022339,-0.5613253116607666,0.3776678740978241,-0.0695181712508201,-0.7276908755302429,-0.4357565343379974,-0.0048336805775761,-0.9616498947143556,-0.6335716843605042,0.6302002668380737,-0.2444955855607986,-0.3732101023197174,-0.7225612998008728,0.2581343352794647,0.1187081038951873,0.7053924202919006,-0.0253477916121482,-0.2438835054636001,0.027056761085987,-0.0336368195712566,0.2745828628540039,-0.7686008810997009,0.3541084825992584,0.7190836071968079,-0.0718512162566185,-0.2065120786428451,-0.0018187621608376,-0.1872269362211227,0.397638738155365,0.4309074580669403,0.5468270778656006,0.2219927012920379,-0.8018908500671387,-0.9759647250175476,-0.4734072685241699,0.2083161324262619,-0.0377684906125068,-0.1185806989669799,0.2885502278804779,-0.1798402369022369,0.6878290772438049,0.1897077858448028,0.6301215887069702,-0.2091690599918365,-0.722944438457489,-0.3673590719699859,0.4424038529396057,0.3752502202987671,-0.1676991283893585,-0.4459718763828277,-0.4431300461292267,-0.7770759463310242,-0.0673386603593826,-0.3171449303627014,-0.4294436872005462,-0.5217902660369873,0.8094475269317627,-0.2512924969196319,0.1075090393424034,-0.4025917053222656,-0.4018430411815643,-0.466763973236084,0.2779311835765838,0.0454577282071113,-0.654930830001831,-0.044775117188692,0.0182618666440248,-0.1461863368749618,-0.3534509539604187,0.3655516505241394,0.4585763216018677,0.038303080946207,1.1507761478424072,-0.7051618695259094,0.5010988116264343,0.1114377006888389,-0.1240318939089775,-0.637571394443512,-0.1164587289094924,0.103160485625267,0.0029246993362903,0.27631476521492,0.0490697436034679,0.3067949712276459,1.1473218202590942,0.2200698107481002,0.1146855354309082,-0.054234005510807,0.0093141850084066,0.2357895672321319,0.7931244969367981,0.9288544058799744,0.2657651007175445,0.7831446528434753,-0.5178368091583252,0.1429086625576019,0.3797582685947418,0.5708256363868713,0.0189598482102155,-0.2144011408090591,-0.2801067531108856,-0.052637368440628,-0.3254095315933227,0.2340656816959381,-0.5054588317871094,0.6047118902206421,0.2007045149803161,0.4485276341438293,-0.1534082591533661,-0.1056542620062828,-0.0211676489561796,0.0489759519696235,-0.536264181137085,0.2355049401521682,-0.5773724913597107,-0.3042028844356537,-0.2597787976264953,0.4161090850830078,0.4371704757213592,-0.1982328742742538,0.2009575814008712,0.11663219332695,-0.2995975613594055,-0.015353363007307,-0.852346658706665,-0.2523526549339294,-0.2512937188148498,0.0604821182787418,0.4706586599349975,0.1505519896745681,0.0846910700201988,-0.1784964650869369,-0.3232850730419159,-0.0210635960102081,-0.1855963766574859,0.6927430033683777,-0.6860296130180359,-0.752128541469574,-0.6004267334938049,-0.1781690865755081,0.176661878824234,0.5300585627555847,-0.294614315032959,0.0418475419282913,-0.3430668413639068,0.3032206296920776,0.3980767428874969,0.5035474300384521,-0.1453271657228469,-0.6162866353988647,0.1141750663518905,-0.4648641645908355,-0.6513643860816956,-0.5748369693756104,0.1390192955732345,-0.6865306496620178,-0.7188555002212524,-0.0162003524601459,0.2561909258365631,-0.1578685045242309,-0.0249113645404577,0.558117687702179,-0.4452366828918457,0.5371310710906982,-0.4229345023632049,-0.5338836908340454,0.3808674216270447,-0.4377933442592621,-0.0793895795941352,0.1639578640460968,-0.1228517219424247,-0.7344483137130737,-0.1510647386312484,0.0286140590906143,-0.0342519618570804,0.9116819500923156,0.6522166728973389,0.904354214668274,-0.3602615892887115,0.2949974238872528,-0.7336243987083435,-0.237593725323677,-0.5255631804466248,-0.2727871239185333,-0.0693399533629417,0.1877327859401703,-0.1907364726066589,-0.4590455889701843,-1.075838327407837,-1.0332036018371582,-0.4220397174358368,0.0344428680837154,-0.0979672968387603,-0.153228685259819,-0.2957656383514404,0.1623664200305938,0.5445863604545593,-0.5729798674583435,0.6523600816726685,-0.3408239483833313,0.9851572513580322,-0.481229156255722,0.4011480510234833,-0.7459119558334351,-0.2729512453079223,-0.0208285823464393,0.5046341419219971,-0.7048631310462952,-0.5099693536758423,-0.4516530632972717,0.5084946155548096,0.7076864242553711,-0.7811751365661621,0.0191884879022836,0.0766404271125793,-0.6479899883270264,0.3435512781143188,0.2791961431503296,-0.1827924847602844,0.1731383949518203,-0.0243612807244062,0.4026594758033752,-0.416874498128891,0.4068607985973358,-0.0795387327671051,0.0487347170710563,-0.3546027541160583,0.0398236811161041,0.3165858387947082,0.3399744033813476,-0.307458758354187,0.6749665141105652,0.4790500402450561,-0.4889535009860992,-0.0736426562070846,0.6046435236930847,0.4842948019504547,-1.687179446220398,0.1725722998380661,0.48698890209198,0.076337456703186,-0.4583398401737213,0.384485512971878,0.5825582146644592,0.5674645900726318,0.1395272761583328,-0.892349123954773,1.3817840814590454,0.1117706894874572,-0.5031810998916626,0.1963310539722442,0.2763651907444,-0.1240781471133232,0.0228829495608806,-0.6274163126945496,0.0666640177369117,0.5147969126701355,-0.1712956130504608,-0.0622882097959518,0.101601094007492,-0.3973147273063659,-0.0347880385816097,0.6591439843177795,-0.7945539951324463,-0.3309025764465332,-0.6230839490890503,-0.147895947098732,0.3651831746101379,1.676709771156311,0.1523522585630417,0.5257534980773926,-0.7202920317649841,-0.23840993642807,-0.4747266769409179,-0.0877086222171783,0.0577413626015186,-0.495049238204956,0.0359099134802818,-0.4449571967124939,0.2496489584445953,0.2661591172218323,0.1785660535097122,-0.12789286673069,0.2914387881755829,0.2759785652160644,-0.0963191762566566,-0.0027752553578466,0.6358041167259216,-0.079516053199768,0.3349685668945312,0.1781617254018783,0.7129798531532288,0.8594394326210022,0.129124030470848,-0.1741911768913269,0.2292324006557464,-0.9371184706687928,0.4224268198013305,0.5195561647415161,-0.388682097196579,0.4205546677112579,0.080777458846569,-0.0475782640278339,-0.0432050041854381,-0.5159657597541809,0.4319249391555786,-0.5302548408508301,-0.6946197748184204,-0.2556244134902954,0.3964457213878631,-0.0218339581042528,0.7941288948059082,0.6027892231941223,0.5558668375015259,-0.5528475046157837,-0.4494167864322662,0.4720392525196075,-0.0278069116175174,0.6454340219497681,-0.3102744221687317,0.4741364419460296,-0.1930988579988479,-0.0816230103373527,-0.3306300044059753,-1.1016929149627686,-1.1328061819076538,-0.3527359664440155,-0.8437162041664124,0.0883318409323692,0.0166179332882165,0.5260935425758362,-0.3568281829357147,0.3089243471622467,0.4339423179626465,0.0885413289070129,-0.1924438327550888,-0.8673501014709473,0.0152217717841267,0.0992809236049652,0.1531584709882736,0.1446982324123382,0.3812558352947235,0.4379046559333801,-0.2328591793775558,-0.5454654097557068,0.3187895715236664,0.2324008196592331,-0.2125420719385147,-0.7398461103439331,0.2901666462421417,-0.1754992604255676,-0.2768450379371643,-0.0700312927365303,0.2613284289836883,1.2252193689346311,-0.0009075250709429,-0.6644392013549805,-0.0606603696942329,0.2543105483055115,-0.1092960909008979,1.0831310749053955,0.547250509262085,0.4560775756835937,-0.2520927488803863,0.0764947459101677,-0.258932501077652,-0.1018154695630073,0.045557901263237,-0.1341677755117416,0.6166885495185852,0.1234696507453918,0.3937031030654907,1.0730894804000854,-0.0708035752177238,0.4182968139648437,0.1894800961017608,0.5416486859321594,-0.5783624053001404,0.4311995208263397,-0.6220143437385559,-0.3889636695384979,-0.4045604765415191,0.273272305727005,-0.6448376774787903,-0.4883438646793365,0.0748318880796432,-0.0559296607971191,0.3655585944652557,0.0947508066892623,0.3347433507442474,-0.4867055118083954,-0.7516680955886841,-0.6947751045227051,-0.8651110529899597,-0.1331499963998794,-0.7601132988929749,-0.0770404860377311,1.1819701194763184,0.1875740587711334,-0.6374523043632507,-0.2221080660820007,-0.2064822614192962,0.4502861499786377,0.0212032590061426,-0.0214349161833524,-0.4263295829296112,0.4196648895740509,-0.5261693000793457,-0.061623927205801,0.219854399561882,0.0290658865123987,-0.4521681368350982,-0.7936022877693176,-0.7372019290924072,0.0023609229829162,0.2143869698047638,-0.5866208672523499,0.4461150467395782,0.2373750954866409,-0.4823496043682098,0.2236660420894622,0.1765279769897461,-0.4172260761260986,-0.1361928582191467,-0.5139825344085693,-0.1692083179950714,-0.2422839701175689,0.0809249952435493,0.0438421554863452,0.5074209570884705,-0.4115377962589264,-0.2900601923465729,0.9956235885620116,0.0885742232203483,0.0695859119296073,0.5985785722732544,0.030906518921256,-0.5308222770690918,-0.0320099927484989,0.552023708820343,0.5252487063407898,0.5485820770263672,0.18540720641613,-0.7003619074821472,-0.5911814570426941,-0.0854389667510986,-0.7716334462165833,0.6794939637184143,0.1723127216100692,0.822359025478363,-0.8295876383781433,0.2449977248907089,-0.0635278820991516,0.4558557868003845,-0.147618755698204,0.5592444539070129,0.3894344270229339,-1.012048602104187,-0.7715059518814087,-0.3534023463726043,-0.4530357122421264,0.5879379510879517,0.5101774334907532,-0.6036399006843567,0.1739322692155838,0.7949813604354858,0.3542305529117584,-0.6280215978622437,-0.0455308780074119,-0.4542135298252105,0.0779537260532379,0.8994118571281433,0.025979246944189,0.364872545003891,0.6617834568023682,-0.8723545670509338,0.4205503463745117,0.0646677836775779,0.7142137885093689,0.1112603694200515,-0.01350640039891,-0.3336399495601654,0.1852497458457946,-0.9368104338645936,-0.4135599732398987,0.2353415787220001,0.0102262273430824,-0.4041323959827423,0.5863099098205566,0.687199056148529,-0.4467338919639587,-0.171096384525299,1.1963224411010742,0.6934413909912109,1.1727560758590698,0.0693421214818954,0.2632206082344055,-0.6312238574028015,0.5046777725219727,0.0999296307563781,0.1138162463903427,-0.4361141920089721,-0.0496457181870937,-0.0317858234047889,-0.5102942585945129,0.284287542104721,0.3047030568122864,-0.004713037982583,0.1997137814760208,-0.2329429686069488,-0.0444165877997875,1.1387462615966797,0.1279442459344864,0.0908200591802597,-0.1361284703016281,-0.083695076406002,0.7815958857536316,0.387852668762207,0.1136531084775924,0.2873326241970062,0.0116083063185215,-0.5783442258834839,0.1750727593898773,-0.3806222975254059,0.4018998146057129,0.5458876490592957,-0.6939646601676941,-0.8114388585090637,0.598314642906189,0.5786677598953247,0.2320148348808288,-0.0150028467178344,-0.6393182277679443,-0.1019391268491745,-0.0547196604311466,0.20533187687397,-0.0808889269828796,0.2012906223535537,0.2769282460212707,-0.1144013479351997,-0.4044199287891388,0.2067251056432724,0.3964733779430389,-0.0710416734218597,-0.6280693411827087,-0.1215648129582405,-0.1576318144798278,0.3057627081871032,0.1288700848817825,0.3105970919132232,0.0048235789872705,-0.2383773326873779,0.4694837927818298,-0.185609757900238,-0.3795554339885711,-0.2565902173519134,0.8335814476013184,0.2388144731521606,-0.005740042310208,0.2247727811336517,-0.4345863163471222,-0.0482878759503364,0.1456689685583114,-0.7986185550689697,-0.0886615663766861,0.3918721079826355,-0.3647620379924774,-0.286167711019516,0.3897396922111511,-0.6758683323860168,0.2997846305370331,0.1210987418889999,0.5831829905509949,-0.6072447896003723,-0.4771528244018554,0.4599668383598327,-0.0151549009606242,-0.2357513904571533,-1.4835104942321775,0.5753331184387207,0.1726105362176895,0.3982391953468323,0.0732976347208023,0.3291622996330261,0.2275152057409286,-0.297334611415863,0.3334373235702514,-0.3543940782546997,0.2686825692653656,-9.623371124267578,-0.3366906344890594,-0.2500040829181671,-0.3443638682365417,-0.3097512722015381,-0.1928163766860962,1.178856372833252,0.7910993099212646,-0.3517414033412933,0.1092985719442367,-0.5064831972122192,-0.5399105548858643,0.4728935062885284,-0.1594906747341156,0.0034422050230205,0.3760254681110382,-0.8666298389434814,-0.5093941688537598,-0.5065591931343079,0.2625578045845032,-0.1960121095180511,-0.0777080804109573,0.8864417672157288,0.0880405902862548,0.027871211990714,0.2879453897476196,0.4378581345081329,0.146378219127655,-0.0659997090697288,0.7545938491821289,-0.5527205467224121,0.4259957373142242,-0.0724203586578369,0.5263580679893494,-0.3624927699565887,0.1432782262563705,0.1114511638879776,-0.0039803097024559,-0.9822444915771484,0.7614712119102478,0.478391170501709,0.6143478155136108,0.1772196888923645,0.3317575454711914,-0.1949498057365417,-0.4198912978172302,-0.0906330421566963,0.2136856019496917,0.2229172438383102,-0.0746719539165496,0.0072870454750955,-0.5786659717559814,0.4518012106418609,-0.3779958188533783,0.45679771900177,-0.2503117322921753,0.6148054003715515,-0.480902761220932,0.6734774708747864,-0.0168807562440633,-0.0396499373018741,0.4694781899452209,0.6351075172424316,0.2969510555267334,-0.8252557516098022,0.5729717016220093,-0.2366446405649185,-0.1976436823606491,-0.6048322916030884,-0.4438560903072357,0.9195287227630616,-0.0117217293009161,0.3220738172531128,0.0544641278684139,0.4767098724842071,0.3851261436939239,-0.0530833415687084,0.2269264161586761,0.4393853843212127,0.1783817261457443,0.8094233870506287,-0.4462828040122986,-0.0675133988261222,0.1706312596797943,-0.7234871983528137,0.0018726208945736,0.520968496799469,-0.2995092868804931,0.1369046121835708,-0.6005504131317139,1.1353840827941897,0.5056543350219727,-0.8691042065620422,-0.042039431631565,0.3116087317466736,-0.0870124399662017,-0.0416175536811351,0.2896248400211334,0.3131852149963379,-0.1629267632961273,0
0.6426520347595215,0.6660051345825195,0.942804217338562,-0.18679840862751,0.0640717819333076,0.2839315533638,0.6211351156234741,0.2757948040962219,-0.1989792436361313,-0.0559812001883983,0.4813545048236847,-0.6002284288406372,-0.0908763632178306,0.0448675267398357,0.1142321676015853,0.200839564204216,-0.2032328993082046,-0.5663861632347107,0.4446812272071838,-0.4087347686290741,-1.4101746082305908,-0.5760669708251953,-0.2180594354867935,0.2524529695510864,-0.2016372680664062,-0.8705154061317444,0.1029840856790542,0.2583571970462799,0.1319981664419174,-0.2857928872108459,-0.7685814499855042,-0.2561076581478119,-0.0652304887771606,0.336969643831253,-0.6474854350090027,0.4291892349720001,-0.127364307641983,-0.3156121373176574,0.5164704322814941,-0.2796867191791534,0.2727397978305816,-0.2964046597480774,-0.543674886226654,-0.3145033121109009,-0.3312021195888519,0.2897921800613403,0.23979352414608,0.7034674286842346,0.2798414528369903,-0.0410523228347301,-0.6399682760238647,0.5115601420402527,0.2247222363948822,0.0495021492242813,0.1112110316753387,-0.2342268973588943,0.3000694811344147,-0.554792582988739,0.1844659149646759,0.2078964561223983,-0.2369966655969619,-0.3847667872905731,0.4268119931221008,0.3434869647026062,-0.500798761844635,0.2562586665153503,0.08783520758152,-0.0530320890247821,0.6812499165534973,-0.7532265186309814,0.1567450016736984,-0.0569592118263244,0.3280905485153198,-0.7869004607200623,0.3413793444633484,-0.4540219306945801,-0.1881922483444214,0.0450326316058635,-0.0509765334427356,0.2101041674613952,-0.176859050989151,0.3311991989612579,0.000676377909258,-0.7475380897521973,-0.0975510850548744,0.2598678171634674,-0.6597124338150024,-0.6887467503547668,0.5358282327651978,-0.0997392535209655,-0.338869571685791,-0.0286688338965177,0.4217569828033447,0.4191033840179443,0.1668372601270675,0.2153716385364532,0.1770539581775665,-0.1793078035116195,-0.0285174064338207,0.1642877459526062,-0.1166106387972831,-0.0018498643767088,0.3708456158638,0.0007627321756444,-0.0317122377455234,-0.1134864762425422,-0.1478706747293472,0.2983239591121673,0.152484729886055,-0.0480175092816352,-0.4758064746856689,-0.7000555396080017,-0.8215941190719604,-0.1095119789242744,0.5659880042076111,0.1108528673648834,-0.7460958361625671,0.5052304267883301,-0.1760673522949218,0.1643922179937362,0.2564663290977478,0.3628743290901184,0.4620431065559387,-0.1862814128398895,-0.1396338641643524,0.7318893671035767,0.1774418503046035,-0.1253268420696258,-0.3378122746944427,-0.3843258321285248,-0.5590994954109192,-0.5869570374488831,-0.5215014815330505,-0.1045555397868156,-0.3691637814044952,0.7536391615867615,0.239260196685791,-0.0627017021179199,0.0088384291157126,-0.8262926340103149,-0.434756338596344,-0.2132563591003418,0.2181695848703384,-0.3767088949680328,0.968927800655365,-0.1216416135430336,-0.3627609014511108,-0.1929023265838623,0.2474208027124405,0.1765882968902588,-0.2303345203399658,1.3015459775924685,-0.694240152835846,0.2010643780231475,-0.0707862451672554,0.7882316708564758,-0.9977291822433472,0.033328752964735,0.6303905248641968,0.3823885917663574,0.5420375466346741,-0.0080662695690989,-0.1378842294216156,0.6133394241333008,-0.1169493347406387,0.4848821461200714,0.4256708323955536,0.1105883121490478,0.0540555901825428,0.4440688490867615,0.1352115273475647,0.3367193341255188,0.4598730504512787,-0.1309778839349746,-0.266585499048233,0.3359095752239227,0.913058340549469,-0.0098359677940607,-0.0784975811839103,-0.5408775806427002,-0.0500997714698314,-0.1960722506046295,0.3551141321659088,-0.6422502398490906,0.7583587169647217,-0.5914698243141174,0.0034371800720691,-0.1042694523930549,-0.2114735543727874,0.3068546652793884,-0.2881717383861542,-0.1912962645292282,0.2569840252399444,-0.4157686829566955,-0.1973072290420532,-0.5335329174995422,0.4151321053504944,0.1543217152357101,-0.6778568029403687,0.4896157681941986,-0.1922264844179153,0.3628691434860229,-0.0944575071334838,-0.2844289243221283,-1.0097218751907349,-0.2214357852935791,-0.0366268828511238,0.3810977041721344,0.28083336353302,0.8957417011260986,-0.1090587303042411,0.1846372336149215,0.5015901923179626,0.3303005993366241,0.4591725170612335,0.1608567535877227,0.1861555129289627,-0.6472389101982117,0.2020240873098373,0.3044930696487427,-0.0978814512491226,0.0029049513395875,0.2515974640846252,-0.0477491468191146,0.0403575263917446,0.4642548263072967,0.3923611640930176,-0.2093618214130401,-0.1160633787512779,0.513664722442627,-0.6749119758605957,-0.2355396151542663,-0.6773688793182373,0.527772843837738,-0.9042149782180786,-0.5125899314880371,-0.6228539347648621,-0.1349640637636184,-0.657602846622467,0.693443775177002,-0.0037029555533081,-0.5855324268341064,0.080868124961853,-0.4348710775375366,0.0151845272630453,0.2496978044509887,0.0242742504924535,0.113480120897293,0.0480243228375911,-0.006198932416737,-0.2104654163122177,-0.3126213550567627,-0.2133013755083084,-0.5406571626663208,0.4439706802368164,0.6074369549751282,0.37814462184906,-0.2514744400978088,0.6988315582275391,-0.1060694232583046,-0.0654085651040077,-0.0295333880931139,-0.0385494716465473,0.5478847622871399,-0.0433380492031574,0.2575669586658478,-0.2767385840415954,0.2181377857923507,-0.243509367108345,-0.3984827697277069,0.163850724697113,-0.6217088103294373,-0.1199064403772354,-0.0753853321075439,-0.0410580486059188,0.0581813156604766,-0.4315026700496673,0.5422683358192444,-0.4450663924217224,0.158941239118576,-0.4908386170864105,-0.2737013101577759,-0.2724562585353851,-0.1911322176456451,0.1714380085468292,0.0644828006625175,-0.6154453158378601,0.1277098953723907,-0.553434431552887,0.8842615485191345,0.2813535332679748,-0.6870878338813782,-0.1653003990650177,0.104125015437603,-0.8411583304405212,-0.1825438439846038,0.2779808044433594,0.0929451361298561,0.3002934455871582,-0.1147861629724502,0.3884931802749634,0.4555087387561798,0.1939165145158767,-0.2111738622188568,0.2803592979907989,-0.1577775031328201,0.0133021008223295,0.4297208189964294,0.3318013250827789,-0.2113513350486755,0.2576630413532257,0.4151375889778137,-0.7094404101371765,0.4366007149219513,0.4051854014396667,0.7284513711929321,-1.6145018339157104,-0.1458064913749694,0.8241613507270813,0.1254354119300842,-0.1507520675659179,-0.3960088789463043,0.3255647718906402,0.1602157056331634,-0.6432066559791565,-0.4617758989334106,1.3109999895095823,-0.025567190721631,0.3413919806480407,-0.5739275813102722,0.2249976843595504,0.0734245255589485,0.1336439400911331,-0.1819442212581634,0.2490750402212143,0.6481441855430603,-0.2466101050376892,0.1431105732917785,-0.153888002038002,-0.1371657848358154,-0.8524420857429504,0.1257473975419998,-0.6182382702827454,0.0826436728239059,-0.1008183732628822,-0.1544902771711349,-0.1375914514064788,0.8659090399742126,0.9892224669456482,0.1947268694639206,-0.4376014173030853,-0.3059788942337036,-0.1768375635147094,0.1143209263682365,0.133497267961502,-0.3126185834407806,-0.3299992382526397,-0.1206975802779197,0.2281925827264785,-0.3083435893058777,0.0199331920593976,0.115717664361,0.2888150513172149,0.0432791672646999,-0.9255109429359436,0.6149265766143799,0.7220710515975952,0.3305047750473022,0.2729948163032532,0.1823691725730896,0.8521382212638855,0.3581126928329468,-0.0116898901760578,-0.5100683569908142,-0.1196730434894561,-0.2779693901538849,-0.0060558449476957,0.2468134462833404,-0.20700304210186,0.4246263802051544,-0.090039812028408,-0.0211475063115358,-0.2663857042789459,-0.3705236315727234,-0.0302024260163307,-0.4443099498748779,-0.3158044219017029,0.1257535964250564,-0.0990606471896171,-0.4284662008285522,0.9532216191291808,0.117793895304203,0.4538754224777221,-0.4957858026027679,-0.6226969361305237,0.489185631275177,-0.1473198980093002,0.2140772938728332,-0.0111267995089292,0.3561928868293762,0.053755983710289,0.1100406199693679,-0.1755476891994476,-0.2157301008701324,-0.7370737195014954,-0.2204067260026931,-0.9304611682891846,0.2526216208934784,-0.2597274482250213,0.8352941870689392,0.2952531278133392,0.2149586379528045,0.0209921244531869,0.6614336371421814,-0.4852564036846161,-0.0744636356830596,-0.3107213079929352,0.2349155843257904,0.2684631943702698,0.4444998204708099,0.6983334422111511,0.4613574743270874,0.5623812675476074,-0.1483044028282165,0.0340122282505035,-0.1466279178857803,-0.7341625094413757,-0.4135213196277618,1.1673758029937744,-0.9907960295677184,0.340578556060791,-0.2673256695270538,-0.0731074213981628,0.6064730286598206,-0.6895943284034729,-0.6519672274589539,0.4557974934577942,0.2362308949232101,0.0790594369173049,0.8544886112213135,-0.0330531634390354,0.5257061719894409,0.3965963423252105,0.1859417110681533,-0.3956154882907867,-0.2023040950298309,0.1788156032562255,-0.0964307114481926,0.2129700630903244,-0.2412988543510437,0.3625639379024505,0.7924266457557678,0.2918107509613037,0.1969193518161773,0.2864357233047485,0.0436647944152355,-0.3274627029895782,0.2673602402210235,0.3210477530956268,0.2616369128227234,-0.029377045109868,0.6817697882652283,-0.4385413229465484,-0.1348699331283569,-0.1848275065422058,-0.4153148531913757,0.9328658580780028,0.1611338555812835,0.5284191966056824,-0.5545169115066528,-0.4205524623394012,-0.525468647480011,-0.6900785565376282,0.1581096053123474,-0.2915806174278259,-0.4601781666278839,0.4439918398857116,0.1970343887805938,-0.755287230014801,0.3991060256958008,0.7087298035621643,0.5988608002662659,-0.2048413008451461,-0.1847599744796753,-0.0880545526742935,0.1805939525365829,-0.430573046207428,-0.329084038734436,0.3851885497570038,0.1767088770866394,-0.2648389339447021,-1.021381378173828,-0.0639707818627357,-0.0146622564643621,0.4274218380451202,-0.6805020570755005,0.6531206965446472,0.1339141726493835,-0.445256233215332,-0.0969902798533439,-0.1758517622947693,0.1686723530292511,-0.1365576386451721,-0.3079546093940735,-0.0216765701770782,-0.4506167471408844,0.1162266731262207,0.4437226951122284,0.5227574110031128,-0.4321254193782806,-0.1375884264707565,1.020358681678772,0.0133770378306508,-0.3769886791706085,-0.1081409007310867,0.1285160481929779,-0.3882070779800415,-0.4178101122379303,0.1513743102550506,-0.3248753547668457,0.4078458249568939,0.0355422683060169,-0.6869385838508606,-0.419605553150177,-0.2120748609304428,-1.0914361476898191,0.3784532845020294,-0.0948702991008758,0.708645224571228,-0.5143397450447083,0.0352965556085109,-0.0935435146093368,0.090894229710102,-0.0530176870524883,0.8736066818237305,-0.5498611927032471,-0.8872438073158264,0.0877813175320625,0.0850626081228256,-0.7840135097503662,1.181494116783142,0.1953732520341873,-0.3785131275653839,-0.0322588644921779,0.7025871872901917,0.0160751342773437,0.0147582553327083,0.0034975649323314,0.0928506031632423,0.2581742703914642,0.1739742159843444,-0.2633826434612274,0.3779906928539276,0.3669484257698059,0.1196178644895553,-0.2699728012084961,0.499571293592453,0.0563088692724704,0.8026706576347351,0.4250218868255615,-0.4949015080928802,-0.0740065798163414,-0.1084697097539901,-0.1465561538934707,0.0510589107871055,0.2686417996883392,-0.6210440397262573,0.5109382271766663,0.500175952911377,-0.5466678738594055,0.3787299990653991,0.8823276162147522,0.0456489846110343,0.74082350730896,-0.0107115693390369,0.1944155991077423,-0.7742124199867249,0.2275894284248352,0.4326338469982147,-0.0980838313698768,-0.4333656132221222,-0.081794835627079,-0.0887245014309883,-0.2910642921924591,0.2217124998569488,0.0379023291170597,0.0981093570590019,0.0623636208474636,0.0350128412246704,-0.0317885242402553,0.9328044652938844,0.3165614306926727,0.1356120407581329,-0.4276807904243469,0.0482385940849781,0.6366475820541382,0.8352501392364502,0.0910159721970558,0.481902152299881,-0.5826261043548584,-1.1433790922164917,0.0781000629067421,0.0440179407596588,-0.0682036280632019,0.2640740573406219,-0.4079472720623016,0.1149861291050911,0.8755109906196594,0.7868374586105347,0.4258441627025604,-0.3928543627262115,-0.4044340252876282,-0.0725524947047233,-0.3343209028244018,-0.2353725880384445,0.1135298684239387,0.3809887766838074,0.7327510714530945,0.6695402264595032,0.012996525503695,0.1558616608381271,0.3874217271804809,0.2896796464920044,-0.002071029972285,0.0443585403263568,0.1628049612045288,0.2438254654407501,0.1312144547700882,0.8170955777168274,-0.0354473181068897,-0.7516642808914185,0.4050845503807068,-0.4072405695915222,-0.0875494256615638,-0.1550529152154922,0.1466156095266342,0.1082993596792221,-0.5705726146697998,-0.2417390346527099,-0.2043844014406204,0.0057778568007051,-0.3387253880500793,-1.0719197988510132,-0.1341769844293594,0.341825008392334,0.2786727249622345,-0.4945681989192962,-0.0119257932528853,-0.8273494839668274,-0.4752813875675201,-0.3064766824245453,0.2813416421413421,-1.059612274169922,-0.6106266975402832,0.7612833380699158,0.0287981890141963,-0.2788466215133667,-1.6742609739303589,0.3481804728507995,-0.2325337529182434,0.1370936632156372,-0.134266972541809,-0.1106995046138763,-0.2909773290157318,-0.0296367220580577,-0.2436252236366272,-0.440201073884964,0.4771471619606018,-9.916325569152832,0.1641139388084411,-0.1391874849796295,-0.5271267890930176,-0.6754521727561951,-0.4793180525302887,0.6269840598106384,0.7345483303070068,-0.1244948431849479,0.4522325396537781,-0.5917161107063293,-0.1642861813306808,0.4424536824226379,0.1457422077655792,0.0932841747999191,0.1486859619617462,-0.7877491116523743,-0.2383049875497818,-0.0219838377088308,-0.156994491815567,-0.1815650463104248,-0.2298246920108795,0.9086142778396606,0.046461071819067,0.0844734907150268,-0.0550820790231227,-0.0115314293652772,0.3616506457328796,-0.0099737755954265,0.5357958674430847,-0.9999929070472716,0.2369249761104583,-0.1978850066661834,0.3648852407932281,-0.0880456119775772,0.2149863094091415,0.213725671172142,0.5341520309448242,-0.4154187440872192,0.2554973363876343,0.4966076612472534,-0.1092569157481193,0.0083963517099618,-0.2075655907392501,0.5020020604133606,0.0623759292066097,0.4700984954833984,-0.1245989203453064,0.8718924522399902,-0.3745045959949493,-0.2752723395824432,-0.0994662567973136,0.3202188313007355,-0.5321928858757019,-0.006982747465372,0.0642584040760994,0.2764229476451874,-0.5686910152435303,0.0949444770812988,-0.0073171611875295,0.3684940338134765,0.401820033788681,0.5066507458686829,0.6987622380256653,-0.0365879833698272,0.2465475499629974,0.2078475803136825,0.2404185235500335,-1.2030305862426758,-0.4129026234149933,0.4336132705211639,0.4560573399066925,0.1007333174347877,0.1164764985442161,0.3557790517807007,-0.0243831984698772,-0.0946888178586959,0.0568062663078308,0.2919801473617553,-0.2546703815460205,0.2632298171520233,-0.7461650967597961,0.1575173586606979,0.6075897812843323,-0.7257091999053955,0.2556454539299011,0.412535011768341,-0.0251153092831373,0.3995949327945709,-0.9495855569839478,0.380548357963562,-0.2985475659370422,-0.7934151887893677,0.2709998488426208,0.1468117535114288,-0.4428910911083221,-0.2605726420879364,-0.505325436592102,0.0914937406778335,-0.2334160953760147,0
-0.1362178474664688,0.3797858357429504,-0.0792758390307426,-0.5095354914665222,-0.0019531878642737,0.0265511032193899,0.3281624317169189,0.1861244142055511,-0.4104674160480499,-0.4797930121421814,0.5647793412208557,-0.1588413566350937,-0.3582498729228973,-0.1217365786433219,0.8010639548301697,-0.2623790800571441,-0.11465685069561,0.574271559715271,0.0707754716277122,0.2660210728645324,-0.1864161938428878,-0.6596825122833252,0.0399309322237968,0.0296137742698192,0.4265962839126587,-0.2262868136167526,-0.052745908498764,0.2430423498153686,-0.1876699179410934,-0.3396024405956268,-0.6153855919837952,-0.7272216081619263,-0.2415434718132019,-0.5589014887809753,-0.3997542262077331,0.3637759983539581,0.419665515422821,0.1368676126003265,-0.1266152411699295,-0.3625671863555908,-0.3516811430454254,-0.3007530272006988,-0.3072763979434967,-0.3415670096874237,0.182689756155014,0.7734752297401428,-0.1720715165138244,0.2982960343360901,1.0979080200195312,-0.005193208809942,-0.2243406027555465,0.3364683389663696,-0.009599239565432,-0.0048853498883545,0.10727359354496,-0.1526814997196197,0.6554461121559143,0.0333327949047088,-0.0453105270862579,0.3108712434768677,0.0676823854446411,-0.1046774536371231,0.4562392830848694,0.2242245823144912,-0.7091209292411804,-0.3746768534183502,0.0451853908598423,-0.0666756927967071,-0.3653551638126373,-0.4554404318332672,-0.3054660558700561,-0.1938807070255279,0.0306158047169446,-0.0807640776038169,0.0183492302894592,-0.4414375424385071,0.1642738133668899,-0.0463895201683044,0.5953296422958374,-0.070133663713932,-0.0036555682308971,0.5081160068511963,0.0508597157895565,-0.1960279941558838,0.267019659280777,0.046284295618534,-0.3443635702133178,-0.9884848594665528,0.3150283992290497,-0.2648761868476867,-0.1398319154977798,0.5505351424217224,-0.2558797895908355,0.1758257299661636,-0.5803845524787903,-0.12873475253582,0.1765579879283905,-0.1891331225633621,0.0604552999138832,0.2592227458953857,-0.0422254391014575,-0.0770054459571838,0.7048823237419128,-0.0576668567955493,-0.1539286226034164,0.3426323533058166,-0.3431151509284973,0.0449620112776756,0.0242110751569271,-0.0746607407927513,-0.3880045115947723,-0.3231051862239837,0.1318096220493316,0.5695911645889282,-0.0686645954847335,0.2547732889652252,0.0870746672153472,0.2537732720375061,0.256878912448883,0.2004173398017883,0.4361348450183868,0.8562715649604797,-0.2303464859724044,-0.1053100228309631,-0.5411909818649292,0.5030717849731445,-0.1986553072929382,-0.3059727549552917,-0.114055685698986,-0.5995706915855408,0.0472426526248455,0.2752458155155182,-0.1289475411176681,0.2383800148963928,-0.520284116268158,0.778640866279602,-0.1019662767648696,0.4084859192371368,0.0454666316509246,-0.4162798225879669,0.3094289302825928,0.0298197530210018,0.0251705292612314,0.1337717473506927,-0.3042338490486145,0.3027165532112121,0.1369137018918991,-0.0002073767682304,0.3766601383686065,0.5684347152709961,-0.1347536444664001,0.7109366059303284,-0.7649931311607361,-0.1175610125064849,0.1906614154577255,0.333658754825592,-0.7870627641677856,0.2367504388093948,0.4834461212158203,0.8275333046913147,0.0874495357275009,-0.8203038573265076,0.0506666861474514,-0.0536461994051933,0.3011941909790039,0.136812224984169,0.1216096580028534,-0.3142650127410888,0.4179130494594574,0.4487386345863342,0.317748486995697,0.2466225177049636,0.0227483808994293,-0.2002296298742294,0.6438930630683899,0.6773337721824646,0.2436851114034652,0.2577062845230102,-0.011525085195899,-0.176610916852951,-0.2479922026395797,-0.4405090808868408,0.0768386200070381,-0.1658186316490173,0.0974546149373054,-0.3759149312973022,-0.1545321494340896,-0.3641048371791839,0.1888476610183715,-0.159631922841072,0.0668581053614616,-0.2982872724533081,0.3538864850997925,-0.1149933189153671,0.0027279816567897,-0.5533915162086487,-0.0380839705467224,-0.4138252139091491,-0.0975275039672851,0.2528819441795349,-0.4011818766593933,0.055850800126791,-0.1114967763423919,-0.142224833369255,-1.0803029537200928,-0.0520593337714672,0.3119887113571167,0.799841582775116,0.4607810974121094,0.4706590473651886,-0.1188201978802681,-0.0265575479716062,0.6864751577377319,0.1832474321126938,0.0220387484878301,0.1382425725460052,-0.660987377166748,0.132219061255455,0.2956674993038177,0.0598401091992855,-0.583511233329773,0.1122259795665741,0.2059175968170166,0.4037990868091583,0.0457566790282726,0.0679417625069618,0.0897147133946418,-0.1063357815146446,0.2764896154403686,0.2205427587032318,-0.0918733924627304,0.0229321420192718,-0.7944410443305969,-0.1390953212976455,-1.1955822706222534,0.4448839724063873,-0.1012329161167144,0.5709475874900818,-0.072651483118534,0.0801285803318023,0.0390290692448616,-0.0242909956723451,-0.0713287591934204,-0.1064570397138595,-0.0504622235894203,0.5219945907592773,-0.2179352194070816,-0.2630242109298706,-0.3880722522735595,0.0634832829236984,-0.0922822654247284,-0.6150838136672974,0.2723695635795593,-0.2328356653451919,0.6310198307037354,0.4557644426822662,0.4664447605609894,-0.6272209286689758,-0.3091628551483154,-0.3475953936576843,-0.233423426747322,-0.5476057529449463,0.1950253844261169,-0.3928027749061584,-0.2446364015340805,-0.0061393175274133,0.3073616623878479,-0.7441533207893372,-0.2544948160648346,-0.5410863757133484,0.2851300835609436,-0.7326651811599731,-0.0365930125117301,-0.2105489820241928,-0.1570228040218353,-0.2613617181777954,-0.2508982717990875,0.2972123622894287,-0.7761359214782715,0.1283585578203201,-0.5886006951332092,0.4963007569313049,-0.7179306149482727,0.2759207189083099,0.2244712710380554,-0.2240024954080581,-0.4969954192638397,-0.1193629875779151,0.2062171548604965,0.1595669388771057,0.2917115092277527,-0.1502279639244079,-0.1065319776535034,-0.288291186094284,-0.2692958116531372,-0.1277631372213363,0.1799372136592865,-0.2579139769077301,0.1824936121702194,-0.0106588555499911,0.4385907351970672,0.5496039390563965,0.5107809901237488,0.0862148404121398,-0.1892444640398025,-0.510406494140625,-0.0806207209825515,-0.401949018239975,0.8372795581817627,-0.1275036484003067,0.0681416690349578,0.8434178233146667,-0.3431235253810882,0.4274209439754486,0.4926106631755829,0.3576692044734955,-1.839627385139465,0.0863521471619606,0.1836011856794357,-0.1789918392896652,-0.1024377644062042,0.4957447648048401,0.3244171142578125,0.3796284794807434,-0.282256156206131,-0.2427776604890823,0.1538814455270767,0.4302539825439453,-0.2431138902902603,-0.5064449310302734,0.2942398488521576,-0.1209528073668479,-0.1113872677087783,-0.577569305896759,-0.2615371346473694,0.3225050568580627,0.5524027943611145,-0.0749784409999847,-0.0416341237723827,-0.4511786997318268,0.014636498875916,-0.0489417016506195,-0.0773097872734069,-0.0348984971642494,-0.5185117721557617,-0.0218516904860734,-0.0055019068531692,0.4799433350563049,0.5316974520683289,0.6181427240371704,0.5171914100646973,-0.0368477813899517,0.4157385230064392,0.4096370637416839,0.2786488234996795,0.2582052052021026,-0.1924786865711212,0.033805102109909,0.6540768146514893,0.4567236304283142,0.1256777793169021,0.2348229736089706,0.2942491471767425,0.57227623462677,0.4934375286102295,0.2866349220275879,0.306924045085907,0.1742322891950607,0.4807227551937103,0.7678423523902893,0.4619968235492706,-0.1493976265192031,-0.5355450510978699,-0.2071954011917114,0.0461773090064525,-0.7192046642303467,-0.0236712545156478,0.1698399186134338,0.4680967032909393,-0.6636702418327332,-0.3454443216323852,-0.2951996624469757,0.017624132335186,-0.7022309899330139,-0.3587249219417572,-0.6695570349693298,-0.6393516063690186,-0.193379059433937,0.1655769944190979,-0.4111172258853912,0.0545201897621154,-0.0607914477586746,0.7058797478675842,-0.6727307438850403,-0.3999496400356293,0.1138952225446701,-0.6311031579971313,-0.2936523258686065,-0.3775314688682556,-0.1636169552803039,-0.3910045623779297,-0.1254418492317199,0.3143227100372314,-0.4704281985759735,-0.7830004096031189,-0.288838267326355,-0.6095014214515686,-0.3226684331893921,0.3075338006019592,0.5026311874389648,0.0361660122871398,0.5987076163291931,0.211616113781929,0.3223414421081543,-0.3804580271244049,0.7365859746932983,-0.8929827809333801,0.4006620645523071,0.2416159361600875,0.4036802947521209,0.6133442521095276,0.5353419184684753,0.4901753067970276,0.0857306346297264,0.1547495126724243,-0.0034764525480568,-0.1795608252286911,-0.6789594888687134,0.6715021133422852,-0.4024254381656647,0.5003883838653564,-0.1759690940380096,-0.262269526720047,0.4493978917598724,-0.3345303535461426,-0.2274314761161804,-0.1889231353998184,0.3938538134098053,0.0331171937286853,0.188998281955719,0.2921696901321411,0.9073356986045836,-0.1432060152292251,-0.183547168970108,0.0928238034248352,0.1604364365339279,0.488099992275238,0.168469950556755,0.0557058043777942,-0.0600753910839557,0.2548568844795227,0.1469791680574417,-0.1442832499742508,0.2384084910154342,0.2793016135692596,0.4879505336284637,0.173891007900238,0.2028154581785202,0.2596497535705566,-0.1507309824228286,-0.4011282324790954,-0.4442631006240845,-0.7445241808891296,-0.3408256471157074,-0.5522549748420715,-0.0767023488879203,0.9341081976890564,-0.2396037727594375,0.0225190129131078,-0.4282954335212707,-0.4491731822490692,-0.342966765165329,-0.5468061566352844,0.1060744822025299,0.4814439117908478,0.2843141555786133,0.9183987379074096,0.1309673488140106,-0.7456665635108948,0.1766426861286163,0.2210115790367126,0.4072530269622803,0.6630637645721436,0.0090906601399183,0.0350896939635276,0.1838118582963943,0.1826800107955932,0.4706596136093139,-0.1019745618104934,0.0626978725194931,-0.9408326148986816,-0.652404248714447,-0.3243503868579864,0.3679737746715545,0.3671248853206634,-0.2214016020298004,0.4151610732078552,0.0994877517223358,-0.4924309253692627,-0.7804092764854431,-0.2404239326715469,-0.3428009450435638,0.1296757310628891,-0.9905015230178832,-0.0937732756137847,0.1185069605708122,-0.167349025607109,0.4453926980495453,0.283873438835144,-0.4394272863864898,0.2523773312568664,0.4213992953300476,0.5713346004486084,-0.7269734144210815,-0.0295927468687295,0.0291597377508878,0.0424708947539329,0.2928731441497803,0.2045894414186477,-0.102795161306858,-0.0758736431598663,-0.1951157301664352,-0.825254499912262,-0.4652692675590515,-0.52791428565979,-1.1743812561035156,0.6211022734642029,0.1460735648870468,0.0134798642247915,-0.4546681940555572,0.3696656823158264,-0.0939018353819847,0.1792593896389007,0.3465519249439239,0.2715671956539154,-0.409156322479248,-0.9878359436988832,0.1171231865882873,-0.4001004099845886,-0.7797207236289978,-0.0615735836327075,0.7607941031455994,-0.3062030673027038,-0.1512177437543869,0.0668269395828247,-0.0468070358037948,0.0050074951723217,-0.0384405627846717,-0.2850349545478821,-0.0758327543735504,0.0727977305650711,0.1188515201210975,0.2821918725967407,0.108784444630146,-0.0596040971577167,0.1467514038085937,0.2271818965673446,0.8859285712242126,0.2844792902469635,0.1180546805262565,-0.3822091519832611,-0.2018074989318847,-0.070785753428936,0.0698361918330192,0.2021834254264831,0.4531839489936828,-0.6448084712028503,0.125333160161972,0.6755113005638123,-0.6161952018737793,0.0616117045283317,0.4955038130283355,0.6561368703842163,0.2380898743867874,-0.3153005242347717,-0.0100683271884918,-0.6444019675254822,0.3054373860359192,0.4041594266891479,0.6762205958366394,-0.1200245693325996,0.0989443287253379,-0.109465941786766,-0.8934169411659241,-0.6440494060516357,0.1706785857677459,0.2328259497880935,0.358750581741333,0.2909024357795715,0.0603955313563346,0.3649828433990478,0.2887881398200989,0.325582206249237,0.2985080480575561,-0.2118531763553619,-0.1695878505706787,0.9255813360214232,-0.1009673550724983,0.4197610318660736,-0.5971749424934387,-1.1232987642288208,-0.1141418293118476,-0.1001313403248786,0.2892661690711975,0.6184216141700745,-0.0226853135973215,-0.2464569658041,0.5184265971183777,0.3938007056713104,0.2337699979543686,-0.0389728210866451,-0.7222448587417603,-0.0515709593892097,-0.0879537984728813,-0.0318342112004756,0.2173696607351303,-0.0924059897661209,0.3816921412944793,0.4860692620277405,0.4054915904998779,0.0501701906323432,0.2692783176898956,0.0719921067357063,-0.2633828520774841,0.3929260671138763,0.2747476100921631,-0.4123144447803497,-0.3012425601482391,0.2443157285451889,-0.4215478003025055,0.0070913634262979,0.3574845492839813,-0.2732046246528625,-0.5034641623497009,-0.1946508884429931,-0.3369966149330139,0.3472018837928772,0.1808288395404815,-0.5291323065757751,-0.0322091542184352,-0.0623873732984066,0.0367710627615451,-0.1782532483339309,-0.0406050495803356,-0.0381089188158512,-0.0867923498153686,-0.1656219661235809,0.0379243269562721,-0.6919816136360168,0.0161953512579202,-0.8072909116744995,0.1266151368618011,-0.2164772897958755,-0.7056525945663452,0.4078202545642853,0.0720290839672088,-0.422391802072525,-1.1993558406829834,0.3849692344665527,0.1557509452104568,0.5936563014984131,-0.2869654595851898,0.4225751161575317,-0.2090086191892624,0.3654916882514953,0.0206109527498483,-0.5050346851348877,0.005863984581083,-10.23861598968506,0.2936953008174896,-0.8075652122497559,-0.0465996786952018,-0.219530776143074,0.2158771157264709,0.4066363573074341,0.2026185095310211,-0.114357590675354,0.0783499702811241,0.4850668013095855,0.6264637112617493,0.2036891281604766,0.3304344415664673,-0.5969442129135132,-0.2574581205844879,0.1551214903593063,-0.5216343998908997,-0.0414517931640148,-0.0680052563548088,0.3141174614429474,-0.0596499517560005,0.7124574780464172,0.4580225050449371,-0.0448841117322444,-0.2838736474514007,-0.4762881398200989,0.6189512014389038,-0.3416233658790588,0.332348108291626,-0.5620764493942261,0.2322999238967895,0.3244329690933227,0.0509893335402011,-0.3028528988361358,-0.2849497199058532,-0.088307499885559,0.136656254529953,0.1839410811662674,0.1228803843259811,-0.0462945289909839,0.4574522674083709,0.0545233748853206,0.0643202438950538,0.2690537273883819,0.3591102659702301,0.0433827117085456,0.3146442770957947,0.5465113520622253,-0.0206803921610116,-0.1340801417827606,-0.2385149747133255,0.1483725160360336,-0.1078565493226051,0.3607557713985443,-0.031327050179243,0.7971142530441284,-0.2669445276260376,-0.3021100759506225,0.0360109582543373,0.4785548746585846,-0.1680028587579727,0.6273515224456787,0.3932524025440216,0.3066513538360595,0.3537012338638305,0.5445164442062378,0.3998957574367523,-0.2984490096569061,-0.3678299486637115,0.2153547406196594,0.2464151680469513,-0.1147739514708519,-0.3168849349021911,-0.3189666271209717,0.603009045124054,0.0661231353878974,-0.2575885951519012,-0.0231780111789703,0.0941014364361763,0.2655852437019348,-0.0053372578695416,-0.4464967548847198,0.0585658699274063,-0.959826111793518,-0.063415840268135,-0.0314684808254241,0.4644874632358551,0.1353489309549331,-0.6520333290100098,0.4948523044586181,-0.1963709145784378,0.1206039637327194,0.0520343333482742,-0.0796077027916908,0.0975164324045181,0.2765413820743561,0.1296504288911819,0.6510397791862488,0.3145537972450256,1
0.1231138110160827,0.4492609798908233,0.3884042799472809,0.0412229038774967,0.0758494585752487,0.5558128356933594,0.2306105643510818,0.1551999896764755,-0.4046125411987304,-0.4644301831722259,0.0374848321080207,-0.1543157696723938,-0.2079087793827057,0.6230141520500183,0.0749955996870994,-0.0330402813851833,-0.2268550395965576,-0.1624379307031631,-0.3136763870716095,-0.2009812891483307,-0.4487609565258026,-0.3970475792884826,-0.4971101582050323,0.4764551222324371,-0.2808994054794311,-0.0796614587306976,-0.0104049891233444,0.1680516749620437,0.2500545084476471,-0.1148869171738624,-0.0953003466129303,-0.4020711779594421,-0.5611262321472168,0.0101643595844507,-0.6131436824798584,-0.0841822996735572,-0.4243415892124176,-0.1154774501919746,0.2670247554779053,0.0216015093028545,-0.0181246995925903,-0.1735791265964508,-0.3490122854709625,-0.333618551492691,-0.0702253431081771,0.4099800288677215,0.2204208374023437,0.3000068664550781,0.2423617392778396,0.0448936149477958,-0.0321125537157058,0.3012973070144653,0.192337691783905,0.0826527848839759,0.4473689198493957,-0.5930591821670532,0.8809794783592224,-0.8074719309806824,0.2130884379148483,0.5514248013496399,-0.6567736268043518,-0.3907581865787506,0.1432421207427978,0.2119351327419281,-0.093148149549961,-0.2198729664087295,0.3205922842025757,-0.022681538015604,0.1360212862491607,-0.7621728181838989,0.2123498320579528,-0.1271419823169708,-0.0643603503704071,-0.1578206121921539,0.2649607956409454,-0.7738043665885925,0.3087517917156219,-0.1347953975200653,-0.0922530516982078,0.4323457479476928,-0.6077329516410828,0.8605305552482605,0.1024291589856147,-0.4221510291099548,-0.0294526703655719,-0.123188279569149,-0.6463356018066406,-0.8160682916641235,0.4599822163581848,-0.2753682434558868,0.2812662720680237,0.3788725137710571,0.1458035409450531,0.7601058483123779,0.0165413618087768,0.0440185964107513,0.3510110378265381,0.387873113155365,0.0899581685662269,0.3239330947399139,-0.462004005908966,-0.0534325987100601,0.5842787623405457,-0.8378627896308899,-0.1350140571594238,0.0442395322024822,-0.4432619512081146,0.4669585824012756,0.1385521590709686,0.0495200753211975,-0.2713117301464081,-0.2956724762916565,-0.3439642786979675,0.2891451716423034,0.2782316505908966,0.3838802874088287,-0.0002128552878275,0.3526578843593597,-0.2968418300151825,0.4204418957233429,0.1402692347764969,0.6628037691116333,0.0109529132023453,-0.2493162453174591,-0.7611669898033142,-0.1784507483243942,0.2513410449028015,0.2485608905553817,0.0415656119585037,-0.8785262107849121,0.1427153050899505,-0.036750178784132,-0.5656404495239258,-0.1953497976064682,-0.3722878396511078,0.6866252422332764,-0.0380434580147266,0.1799145638942718,-0.1077672466635704,-0.458080381155014,-0.6979972124099731,0.2590562403202057,-0.1680516898632049,-0.0491655878722667,-0.2135801017284393,-0.0960002318024635,-0.0139121320098638,0.1986266672611236,0.6022095680236816,0.5109342336654663,-0.1990288496017456,1.0830914974212646,-0.4651145339012146,0.0338232852518558,0.3894877731800079,0.1737095117568969,-0.5139617919921875,-0.0087816445156931,0.2318317294120788,0.5932332277297974,0.5720173120498657,-0.4909519255161285,0.355887770652771,0.9361818432807922,0.0049250083975493,0.2354423254728317,0.4689258635044098,-0.1164900213479995,0.3047364354133606,0.5328068137168884,0.5977091193199158,0.5410733819007874,0.0592143833637237,-0.2418918311595916,0.010082459077239,0.5177382826805115,0.7239014506340027,0.0804607421159744,0.1661899983882904,-0.5361214876174927,0.0783840641379356,-0.0655987709760665,-0.0093996971845626,-0.8041617274284363,0.2197591960430145,-0.3057252764701843,0.1525004506111145,-0.0831784009933471,-0.2190597802400589,0.0048233796842396,-0.2455145269632339,-0.142656996846199,0.1653960347175598,-0.1805367618799209,0.0226214379072189,0.252815306186676,0.1008603945374488,-0.0736695155501365,-0.3125497698783874,0.0027908934280276,-0.2689207196235657,0.0918744355440139,-0.0830516815185546,-1.101097583770752,-0.9538522958755492,0.1038811057806015,0.5318265557289124,0.4946764707565307,0.3651838898658752,-0.0952106788754463,-0.2399941682815551,0.2045545428991317,0.7216549515724182,0.1952834278345108,0.4752112329006195,0.4693156778812408,-0.5757101774215698,-0.1049781814217567,0.1779050976037979,0.3130639493465423,-0.0979202687740325,0.082808680832386,0.0422740578651428,-0.0802398845553398,-0.0945495218038559,0.8080146312713623,0.1936263293027877,-0.1150619089603424,0.0054282308556139,0.7240721583366394,-0.7917774319648743,-0.2525116801261902,-0.5103409886360168,-0.2524421513080597,0.0004336121783126,-0.1393671780824661,-0.5123047828674316,0.512993574142456,-0.0856382101774215,-0.0278315190225839,-0.4146546721458435,-0.2266345173120498,0.5573171377182007,-0.5894581079483032,0.2186111509799957,0.2767102420330047,-0.1298295557498932,0.034149307757616,-0.5827338099479675,-0.1074302047491073,-0.4650209546089172,-0.5124746561050415,0.095265544950962,-0.2727013528347015,0.877055287361145,0.0307052470743656,0.7117515802383423,-0.1736073940992355,0.1399305462837219,-0.2337078005075454,-0.1700103282928466,-0.4660062491893768,-0.3893087208271026,-0.3200649917125702,0.36192587018013,0.2422608286142349,0.5455904603004456,-0.2525476515293121,-1.6800079345703125,-0.0829514935612678,0.0901246294379234,-0.590021550655365,-0.1166232600808143,-0.134414792060852,-0.1570027023553848,-0.3502565920352936,-0.0730955302715301,0.7539610862731934,-0.6830848455429077,-0.1346728652715683,-0.2110080420970916,0.4071735441684723,-0.4598382413387298,0.0623786784708499,0.1153885349631309,0.4106982946395874,-0.1908294707536697,-0.6963496804237366,-0.3930406868457794,0.0179575663059949,0.1430064439773559,0.0185511503368616,-0.4818713068962097,-0.014843457378447,-0.4170853197574615,0.2829124331474304,0.1637875735759735,-0.4432901740074157,0.3415219485759735,0.3085688650608063,0.6146608591079712,0.5549052357673645,0.5430335402488708,-0.1672431081533432,-0.6714587807655334,0.2201706171035766,0.1896889805793762,-0.3027598261833191,0.559830367565155,-0.5565181374549866,0.3516184091567993,0.342310756444931,-0.3357832729816437,0.2908375561237335,0.6458819508552551,-0.0310758836567401,-1.572529911994934,-0.2528011500835418,0.3623014986515045,0.2087958753108978,-0.3817519247531891,0.1319604963064193,0.1576255410909652,0.3442347347736358,-0.5063840746879578,-0.2880071401596069,0.5498164296150208,0.1964365392923355,0.2621631324291229,-0.1872194111347198,0.5826170444488525,-0.5048829913139343,0.0397969894111156,-0.6787499785423279,-0.0171617232263088,0.4861078262329101,-0.2345322966575622,-0.1444097906351089,0.265208750963211,-0.3782488405704498,-0.2671854197978973,0.4098029434680938,-0.1968329399824142,0.0528481900691986,-0.2974405884742737,-0.0400130189955234,0.2802795171737671,1.4972728490829468,0.5008471608161926,0.6121992468833923,-0.323981761932373,-0.3650017976760864,0.2641220986843109,0.1231701672077179,0.3433264493942261,-0.3920523524284363,-0.1274280995130539,-0.3564356565475464,0.0299845319241285,-0.0609694756567478,0.0171967726200819,-0.0190320536494255,-0.2858986556529999,0.1662586331367492,-0.461461454629898,0.2694081962108612,0.4638465940952301,0.0398641116917133,0.2293373197317123,0.6746375560760498,0.5301793813705444,0.2003440409898758,-0.2477969080209732,-0.5393532514572144,-0.0063035571947693,-0.5178176164627075,0.377795934677124,0.0354310274124145,-0.0208152793347835,0.3716359138488769,-0.301368772983551,0.1769916862249374,0.0036387762520462,-0.2827593982219696,0.0379030369222164,-0.5908679366111755,-0.3027498126029968,-0.1490825861692428,0.0798156931996345,-0.3840076625347137,0.2991436719894409,0.4653516709804535,0.5443713665008545,-0.3986534774303436,-0.392270028591156,0.0972675308585167,-0.0983534157276153,0.1271000504493713,0.0717663019895553,0.2141284644603729,-0.0405843406915664,-0.1314437687397003,-0.5324204564094543,-0.4545006453990936,-0.6074473857879639,-0.0998709499835968,-0.4864875674247741,-0.2520653307437897,0.2662206590175628,0.6392948627471924,-0.0061220834031701,-0.0002625654451549,0.2046940177679062,0.2406426519155502,-0.427702397108078,-0.5291266441345215,-0.0238432958722114,0.3131350576877594,0.5644910335540771,0.3777675032615661,0.5966751575469971,0.1175851374864578,0.3224056363105774,-0.0339446403086185,0.1585583239793777,0.3659508824348449,-0.3815783858299255,-0.299306184053421,1.030006766319275,-0.4189485609531402,-0.0196306072175502,-0.1873382329940796,0.1946061700582504,0.7992408275604248,-0.2151150107383728,-0.7935209274291992,0.418662279844284,0.0426677353680133,0.2311915755271911,0.6340779662132263,0.4241951704025268,1.04574716091156,0.288774311542511,0.4176480174064636,0.3807947933673858,-0.2010767459869384,0.1479807496070861,-0.3861715495586395,-0.0557927750051021,-0.1404449790716171,0.3929578959941864,0.7641176581382751,0.3738381564617157,0.2858656346797943,0.0353921093046665,0.4459830820560455,-0.5208247900009155,0.1525947600603103,0.383240669965744,-0.202982485294342,-0.5346816182136536,0.218737781047821,-0.972753882408142,-0.8207621574401855,-0.1421180963516235,-0.0154181104153394,0.4628665149211883,0.0081729851663112,0.3942067325115204,-0.5851307511329651,-0.7573434114456177,-0.478797048330307,-0.9843683242797852,-0.0697788372635841,0.0517299473285675,-0.19020776450634,0.5906980037689209,0.300529271364212,-0.9819388389587402,0.461364597082138,0.3210695385932922,0.48450767993927,0.1785139143466949,-0.3847949206829071,-0.321662425994873,0.8443519473075867,-0.5014409422874451,-0.4166518449783325,0.750177800655365,-0.0743482336401939,-0.0699120983481407,-0.3655387163162231,-0.2019563913345337,0.1565447747707367,0.4733108282089233,-0.1820834279060363,0.2548277080059051,-0.0231193322688341,-0.4221740365028381,-0.2792053520679474,-0.2625077366828918,-0.3165677189826965,0.2979778945446014,-0.8846938014030457,-0.2044506818056106,-0.2526279389858246,-0.1218877434730529,0.6885345578193665,0.6429525017738342,-0.2151956707239151,0.0918591320514679,0.7153148055076599,0.1788139045238495,-0.2660667896270752,-0.0331308916211128,0.0755949541926384,-0.3624329268932342,-0.2606484889984131,0.0119486786425113,0.3902390599250793,0.2846006453037262,0.3447838723659515,-0.7184575200080872,-0.3535074293613434,-0.1424677819013595,-0.7829322814941406,0.4006941318511963,0.0192137602716684,0.524908721446991,-0.9151397943496704,0.1733862459659576,-0.1486841440200805,0.3275986909866333,0.1396800130605697,-0.0200174562633037,-0.0763090774416923,-1.4075360298156738,0.0534817576408386,-0.4918538331985473,-0.7902896404266357,0.5318777561187744,-0.2848229110240936,-0.6919559836387634,0.2178936302661895,0.1768209189176559,-0.0917976275086402,0.0921580791473388,-0.0385496318340301,-0.4900764226913452,-0.042287316173315,0.4481016993522644,-0.1261456757783889,-0.1064321026206016,0.4720658361911773,-0.3878652453422546,0.0398647002875804,0.603585422039032,0.5249636769294739,0.1717052012681961,0.1215288713574409,-0.0735646188259124,0.0501642189919948,-0.786901593208313,0.1556357145309448,0.0870108231902122,0.4399442374706268,-0.3945975601673126,0.2235125601291656,0.6525632739067078,-0.3681321144104004,-0.0519896671175956,0.8495214581489563,0.1558186113834381,0.6384768486022949,0.0111140543594956,-0.2351629585027694,-0.8818499445915222,0.4974597990512848,0.4136258959770202,0.2622667253017425,-0.3039504289627075,0.2893498837947845,-0.1052259653806686,-0.4882786571979522,0.2411974370479583,-0.0667811557650566,-0.064834177494049,0.4654918611049652,0.4328020513057709,0.1599184870719909,0.7770379185676575,0.6601337790489197,-0.3099386990070343,0.4009592533111572,0.1443146169185638,0.2567755579948425,0.9159109592437744,-0.0673000141978263,0.5176604986190796,-0.3365890383720398,-0.7841489911079407,0.2950450778007507,0.1969319880008697,0.3568305671215057,1.1737850904464722,0.1396821588277816,-0.3988161087036133,0.5462249517440796,0.8059064745903015,-0.0751746743917465,0.1154990270733833,-0.4927742481231689,-0.0536334104835987,-0.0812551900744438,-0.2035188674926757,-0.0750195607542991,-0.0683854147791862,0.0823175758123397,-0.1193918213248252,0.1936592906713485,-0.2463523298501968,0.4719513356685638,-0.4209035634994507,-0.3078163266181946,0.3759004473686218,-0.002961597405374,0.3020261228084564,-0.0533858947455883,0.4790732264518738,-0.3208807706832886,-0.2082509845495224,0.4283637106418609,-0.407904177904129,-0.4388944208621979,-0.0532719641923904,0.3547323942184448,-0.0368370115756988,-0.0052372380159795,0.0940156653523445,-0.3612267076969147,-0.211391806602478,0.2542731165885925,-0.5569307208061218,0.3658948242664337,-0.0642438754439354,0.2677868604660034,0.1883809864521026,0.0471253059804439,-0.4177459180355072,-0.2764428257942199,-0.5471877455711365,0.1430089622735977,-0.396871268749237,-0.6322588324546814,0.4642121195793152,-0.0183759145438671,-0.3485398292541504,-1.5665051937103271,0.6561968922615051,-0.1743222624063491,0.3859342932701111,-0.1879439949989318,0.1425675898790359,-0.0521857179701328,0.0290188640356063,0.1428416967391967,-0.44991534948349,-0.0334871858358383,-10.106772422790527,0.0311617329716682,-0.7103382349014282,-0.5038667917251587,-0.026438895612955,0.0103408712893724,0.8339167237281799,0.5296981930732727,-0.3991149663925171,0.017071871086955,-0.4222870469093323,0.2256660610437393,0.2735041081905365,0.5720398426055908,-0.0424214042723178,-0.3598330616950989,-0.3359643220901489,-0.5068827867507935,-0.0967234298586845,-0.3829208612442016,-0.0620862655341625,-0.0616059638559818,0.8082335591316223,0.175922617316246,-0.1417668014764785,-0.4456749558448791,-0.3426142036914825,0.3715060949325561,-0.1455613672733307,0.1725504249334335,-1.1235413551330566,0.902729630470276,-0.3657998740673065,-0.382174015045166,-0.4527009129524231,0.2521111965179443,-0.010334450751543,0.2842535078525543,-0.0591973848640918,0.601249098777771,0.2945119440555572,0.6637018918991089,-0.1598019748926162,-0.3018046021461487,0.1331110447645187,0.4781384766101837,-0.1138777434825897,0.2863802015781402,0.2445801645517349,-0.1813361495733261,0.1402642875909805,-0.3990349471569061,0.2809138000011444,-0.1469828486442566,-0.0133303431794047,-0.1942400634288787,0.7767208814620972,-0.7879253029823303,0.0311534497886896,0.1072991862893104,0.2392787486314773,-0.1930221021175384,0.4252275824546814,0.208171546459198,-0.3237896859645843,0.4729270040988922,0.1399933397769928,0.23618184030056,-0.7695155739784241,-0.2419710606336593,0.3645013272762298,0.1336968094110489,0.1556989699602127,0.1743565052747726,-0.024681793525815,0.5745055675506592,-0.1888916194438934,0.0466608963906765,0.0775435715913772,0.281894326210022,0.4171482026576996,-0.4694114327430725,-0.6455208659172058,0.1391593664884567,-0.1641565710306167,0.4069516956806183,-0.1344774216413498,0.3288237750530243,0.0753167793154716,-0.4625642895698547,0.3396262526512146,-0.455998957157135,-0.6298967599868774,-0.1371355205774307,-0.0455033481121063,-0.3143453001976013,0.2219788879156112,0.2289328575134277,0.3692764937877655,0.4943829774856567,1
0.0742423236370086,0.3330139517784118,-0.4450075030326843,-0.3537943959236145,0.3532416820526123,0.4910364151000976,0.0757136270403862,-0.2273357063531875,-0.4840376079082489,-0.4520646631717682,0.8452945947647095,-0.2189993411302566,-0.2474959641695022,-0.406511515378952,0.5107200145721436,-0.4672616422176361,-0.0510722957551479,0.4577294290065765,-0.1210469305515289,0.179439291357994,-0.4840620756149292,-0.7459595799446106,0.1288764476776123,0.1346560716629028,0.4906442165374756,-0.5122134685516357,-0.1986866742372512,0.3602287173271179,0.0371843576431274,0.2459975630044937,-0.5558360815048218,-0.5253701210021973,0.0609442889690399,-0.4846367835998535,-0.2143356502056121,0.229059636592865,0.3663731515407562,-0.1218433156609535,-0.4632030427455902,-0.0922609642148017,-0.1498668640851974,-0.0846659615635871,0.0085929334163665,-0.4637056291103363,-0.0888672322034835,0.7709968686103821,0.1959840357303619,0.1070571616291999,0.7109037041664124,0.2981816828250885,-0.214362233877182,0.0370761901140213,0.4618444740772247,-0.3684605658054352,-0.2015471309423446,-0.1998677551746368,0.1546501964330673,0.1650233268737793,-0.1739095151424408,0.1931297183036804,-0.6687195301055908,0.2741646766662597,0.0213516112416982,-0.0040531232953071,-0.1527827680110931,-0.2492921501398086,0.2392536550760269,0.0120618669316172,-0.4421583712100982,-0.2290343642234802,-0.314007967710495,0.0296649429947137,0.0191665701568126,-0.3407289683818817,1.0184969902038574,-0.1407565325498581,-0.1803088039159774,0.1698072701692581,0.1296010315418243,0.0468671135604381,-0.0005052648484706,0.3375195264816284,-0.1845870018005371,-0.290671706199646,0.2493066042661667,-0.0559674464166164,-0.3834569752216339,-0.5467400550842285,0.2022909969091415,-0.1332765519618988,-0.0594511181116104,-0.1523081660270691,0.3520277440547943,0.2092531472444534,-0.4350459277629852,-0.0166174937039613,0.3056862950325012,-0.1497508287429809,-0.352637767791748,-0.0969780310988426,-0.1449854522943496,-0.5285674333572388,0.4975885152816772,0.1263253092765808,-0.2024181187152862,-0.1467762291431427,-0.4123440980911255,0.3629208505153656,-0.0390474647283554,0.2510903179645538,-0.0425520949065685,-0.4223004877567291,0.0694435983896255,0.1818235069513321,-0.1146756559610366,0.3010717332363128,0.1635380089282989,0.3402380645275116,-0.2414637804031372,0.5683515667915344,0.0177794229239225,0.8037430047988892,0.0156241813674569,-0.0892020687460899,0.0445310473442077,0.1333493143320083,0.1640436053276062,-0.67827969789505,-0.1906972527503967,-0.2142869681119918,0.1071602329611778,0.2691522240638733,-0.2919790148735046,0.1182885617017746,-0.4799343049526214,0.5257173776626587,-0.2651969790458679,0.5087087750434875,-0.242032304406166,-0.6157172918319702,-0.0287671964615583,0.5583637356758118,0.2053062915802002,-0.4606916010379791,-0.2668575346469879,0.1352680921554565,-0.0460431091487407,-0.2290999442338943,0.5815484523773193,0.0756122097373008,-0.373000293970108,0.5346992611885071,-0.5694633722305298,-0.3478094339370727,-0.0175888426601886,-0.1103339195251464,-0.8607032895088196,0.0406267791986465,0.2267351895570755,0.6842771172523499,-0.2660985887050628,-0.3532829284667969,-0.0453867316246032,0.4466477036476135,0.5665185451507568,0.069207526743412,0.3343859016895294,-0.5213139057159424,0.1032223328948021,0.5462564826011658,-0.0169639866799116,0.0245961286127567,0.2732985317707062,-0.3774614632129669,0.5075084567070007,0.1722207963466644,-0.0050478633493185,0.0325187742710113,0.2380689978599548,-0.414058655500412,0.127878800034523,-0.2096139043569564,-0.1414117366075515,-0.3019088506698608,0.3798588514328003,-0.648094117641449,0.1668550670146942,-0.3187386691570282,0.0258074849843978,-0.2410731613636016,-0.159614622592926,-0.5020554065704346,0.5353348851203918,-0.4817843735218048,-0.0827553272247314,-0.0634893104434013,-0.0339130535721778,-0.3158082962036133,0.0535363592207431,0.4418801665306091,0.1200811564922332,0.054438192397356,-0.3877078890800476,-0.8122380971908569,-1.0736372470855713,-0.0941321402788162,0.4046836197376251,0.4062840938568115,0.1679373532533645,0.3646089732646942,-0.3957914710044861,0.2482173889875412,0.1220466643571853,-0.0587863251566886,-0.0509486310184001,-0.0543970838189125,-0.5202624797821045,0.0351971313357353,0.3376376926898956,-0.6664898991584778,0.3643487095832824,-0.4202050864696502,0.2634217143058777,0.4583452641963959,-0.2691214978694916,0.0372564084827899,-0.0270383991301059,-0.3563060760498047,0.1574449837207794,0.87684166431427,-0.2061403691768646,-0.0794132053852081,-0.8050961494445801,-0.0967162251472473,-0.5282164216041565,0.3268319368362427,0.0349509045481681,0.4083581566810608,-0.194251000881195,0.2433279007673263,0.2002975791692733,-0.2499866038560867,0.058934923261404,-0.0548470839858055,-0.2173903584480285,0.3238850235939026,-0.1939383298158645,-0.4534960389137268,-0.2903502881526947,0.0324875637888908,-0.5581664443016052,-0.5012549757957458,0.4984372854232788,-0.4269191920757293,0.6212307214736938,0.1411945819854736,0.3281502425670624,-0.8557057976722717,-0.1678503602743148,-0.4103989601135254,-0.208535611629486,-0.3485463857650757,0.1888104081153869,-0.0390668734908103,0.2116974890232086,-0.1734356582164764,-0.216150015592575,-1.1659576892852783,-0.3703452050685882,-0.3943776488304138,0.1244698390364646,-0.2898524105548858,-0.2151069194078445,-0.0484906509518623,-0.1751576662063598,-0.0269644595682621,-0.1800417900085449,0.3557970523834228,-0.2229432016611099,0.4259726703166961,-1.0649555921554563,0.5214108228683472,-0.6851509213447571,0.3195766806602478,0.0362306721508502,-0.1854678392410278,-0.0408688001334667,-0.5588877201080322,-0.1232456564903259,0.3713202178478241,0.438415378332138,-0.6395547389984131,0.1615892648696899,0.049804650247097,-0.2150278687477111,0.1673540025949478,0.4237509667873382,0.0120493350550532,0.1625511646270752,-0.0203977171331644,0.6105543971061707,0.255047082901001,0.3527452945709228,-0.406722217798233,-0.3520653843879699,-0.4327926933765411,-0.5446853637695312,-0.3809921145439148,0.851805567741394,-0.1012478843331337,0.1129158288240432,0.9938908815383912,-0.7245206236839294,-0.190769612789154,0.4421418011188507,0.2708339989185333,-1.367504596710205,0.1049443855881691,0.0916192904114723,-0.2612210214138031,-0.0744868144392967,0.3613816201686859,0.218541994690895,0.4532367587089538,-0.0569940730929374,-0.3014551401138305,0.9467974305152892,0.4949329793453216,0.1011964157223701,-0.4946164190769195,0.7344223856925964,-0.0732712596654892,0.0923794284462928,-0.3406877219676971,-0.5071636438369751,0.2337279766798019,0.3787388801574707,0.0193988438695669,0.2765727043151855,-0.4663834273815155,-0.0918539017438888,0.1381756514310836,-0.10019551217556,0.219620019197464,-0.4414709806442261,-0.1128413900732994,0.190971702337265,0.5164321660995483,0.589641273021698,0.8569481372833252,0.2078739255666732,0.1020235791802406,0.7102785110473633,0.3657528162002563,0.6217800378799438,0.0173499286174774,0.0741462409496307,0.1081386059522628,0.4718742072582245,-0.0181661434471607,0.2001671344041824,0.079133540391922,0.582419753074646,0.2887793183326721,0.5806037187576294,-0.1183381155133247,0.3082117438316345,0.3677203357219696,0.31102055311203,0.7447459101676941,0.4226313829421997,0.1672681868076324,-0.6663649082183838,-0.188687264919281,0.3288110494613647,-0.5550928115844727,0.0245085041970014,0.2496380507946014,0.5079242587089539,-0.2173969894647598,-0.4625740051269531,0.1231372207403183,0.4955804049968719,-0.1666944026947021,-0.5805251002311707,-0.3853215277194977,-0.615144670009613,-0.221407875418663,-0.1303703635931015,-0.8066840171813965,0.2197250872850418,0.2318197786808014,0.3091916143894195,-0.6116858124732971,-0.0444712787866592,0.1862290650606155,-0.7234421372413635,0.0642637759447097,-0.4130603671073913,-0.0056013669818639,-0.5066355466842651,0.1777539402246475,-0.18148835003376,-0.1445691585540771,-0.3907641172409057,0.1366250216960907,-0.209141656756401,0.2504712641239166,-0.0233423691242933,0.4674542546272278,-0.059251245111227,0.5048641562461853,0.043604701757431,0.2478443682193756,-0.2321676164865493,0.0863143503665924,-0.5848694443702698,0.2119140326976776,0.5857650637626648,0.2970518767833709,0.283654123544693,0.3118868768215179,0.4099399149417877,0.1258585304021835,-0.0755718946456909,-0.022803034633398,-0.2383574396371841,-0.6956143379211426,0.7727620005607605,0.2410871833562851,0.1756283491849899,-0.2758700847625732,-0.1947786808013916,0.1710977256298065,-0.2218316346406936,-0.237852856516838,-0.172521024942398,0.1367765218019485,0.0556310415267944,0.1379725635051727,-0.1301013827323913,0.9963765740394592,-0.5135068893432617,0.3207392692565918,0.2744286954402923,0.0984241142868995,0.3161286115646362,0.1740449070930481,-0.1567199081182479,-0.0595823228359222,0.3163750767707824,-0.1160292625427246,-0.1660627275705337,-0.3220095932483673,0.1844811141490936,0.0244755707681179,0.188332051038742,0.6108905673027039,0.3070165812969208,-0.0192546155303716,-0.6011876463890076,-0.5485519766807556,-0.4158765971660614,-0.3059934079647064,-0.4014372825622558,0.3440805673599243,0.3201162219047546,-0.4112567603588104,0.0197402294725179,-0.2936322689056396,-0.6766907572746277,-0.4339606463909149,-0.3122068047523498,-0.0672766119241714,-0.1189839541912078,0.973155915737152,0.5649281144142151,0.1743807643651962,-0.7071307301521301,0.5378695726394653,-0.1162489205598831,0.0590359456837177,0.2875991761684418,-0.0294951330870389,-0.0840926617383956,-0.1318912059068679,0.0626690164208412,0.1960514187812805,0.3063077628612518,0.6131133437156677,-0.1184803694486618,-0.5474212169647217,0.1621340811252594,0.1770634949207306,0.0455133989453315,-0.3783379793167114,0.7200154066085815,0.2408391684293747,-0.3134249448776245,-0.4049074053764343,-0.2420514225959777,-0.2747218608856201,0.2393253892660141,-0.790289580821991,-0.1178176179528236,-0.3768865168094635,0.1412502378225326,0.2919507622718811,0.5788042545318604,-0.4681045711040497,0.3126051723957062,0.3795687258243561,0.6736486554145813,-0.440080463886261,0.2532998919486999,-0.2488140016794204,-0.2786606550216675,-0.1103451326489448,0.4375189840793609,-0.3158532083034515,0.4014500379562378,-0.7251631617546082,-0.5302066802978516,-0.5450356602668762,0.0019064506050199,-0.9640617370605468,0.6832249164581299,0.0275597628206014,0.3576342463493347,-0.4718641936779022,0.417783260345459,-0.1145199239253997,0.0703534707427024,0.5734333992004395,-0.0526344589889049,-0.1652468591928482,-0.9865517616271972,0.3174304664134979,-0.0573950223624706,-0.5577490925788879,0.4650454819202423,0.8042031526565552,-0.1557003408670425,-0.5096858143806458,0.1114783063530922,-0.0303948633372783,-0.4261590540409088,-0.2411440014839172,-0.5608912110328674,0.1557397693395614,0.5149214863777161,0.1040042713284492,0.3244833052158355,-0.1323404163122177,-0.4046432971954345,-0.3231112957000732,0.3472285866737366,0.3969383537769317,0.4465067386627197,-0.0034244200214743,0.2184528410434723,0.1467864662408828,-0.2775411307811737,0.0226918831467628,0.0180734172463417,0.748359203338623,0.1145729944109916,0.7960390448570251,0.6047556400299072,-0.4952910244464874,0.5494248867034912,0.8899492621421814,0.2527884840965271,0.2704907357692718,-0.3135342299938202,0.042908176779747,-0.7730709910392761,0.5639276504516602,0.0745647102594375,0.3795459270477295,-0.0036050567869096,-0.1982095539569854,-0.066192515194416,-0.3753683865070343,-0.6450170874595642,0.0576977804303169,0.3509683907032013,0.3359062075614929,-0.1190442815423011,0.3167885541915893,0.4207812845706939,0.2225155383348465,-0.2186346054077148,-0.2408219128847122,0.0986327230930328,0.1496842503547668,0.7013519406318665,-0.0293946824967861,0.3244429528713226,-0.1375072598457336,-0.9956024885177612,-0.254660427570343,0.1009773984551429,-0.0674589797854423,0.6115954518318176,-0.0799112692475318,-0.1625643372535705,0.23420150578022,-0.164591759443283,0.5733628273010254,-0.187115266919136,-1.024404764175415,-0.0841650068759918,0.2277201116085052,-0.119817279279232,0.0023871709126979,-0.0715970918536186,0.5766525864601135,0.118711844086647,-0.3635269403457641,0.1365807652473449,0.7753075361251831,0.1521394848823547,-0.2624624967575073,0.0313081927597522,-0.0434151850640773,-0.3729007244110107,0.0290948152542114,-0.1900292336940765,-0.6397236585617065,-0.1483013927936554,0.1866718232631683,0.1346351206302642,0.0874330028891563,0.0155172552913427,0.2688823044300079,-0.0446039028465747,0.3076027333736419,-0.0745626762509346,-0.6711005568504333,-0.1346205025911331,0.5038766264915466,-0.3146475851535797,-0.0261924061924219,0.0846107974648475,0.0217937938868999,0.0583756901323795,-0.0690358430147171,-0.3553929924964905,0.2402874529361724,-0.6287341713905334,0.5144432187080383,-0.4295004308223724,-0.3813173770904541,0.3333607614040375,-0.0087165711447596,-0.6294474601745605,-0.6344353556632996,0.0117953903973102,0.6523966193199158,0.2305472791194915,-0.3062798976898193,0.4668005704879761,-0.4441059231758117,0.5256407856941223,0.348789781332016,-0.2118508517742157,0.032179158180952,-10.265278816223145,-0.3397718369960785,-0.6469663381576538,-0.0156697388738393,-0.5084431171417236,0.1733414083719253,0.6596047878265381,0.0455318726599216,-0.2701387703418731,-0.0290987733751535,0.8028372526168823,0.3652738630771637,0.4646075963973999,0.7513939142227173,-0.5526511669158936,-0.406506597995758,-0.1170046925544738,-0.3609572350978851,-0.1069817617535591,0.047794546931982,0.4184467196464538,-0.1022268086671829,0.8905100226402283,0.477902352809906,-0.6454569697380066,-0.425428569316864,-0.8275082111358643,0.3964523375034332,0.1438166797161102,0.2138384729623794,-0.6968300938606262,0.4159755110740661,0.1026412844657898,0.2536438703536987,-0.4905888140201568,-0.0894505381584167,-0.5111433267593384,0.2731507122516632,0.384169727563858,0.6054202914237976,-0.1987547576427459,0.3328362703323364,0.2532228529453277,0.4394642114639282,0.0359343066811561,0.1503917425870895,0.1732529401779174,0.4136281311511993,0.4007943570613861,0.075070634484291,0.2376943826675415,-0.1549127399921417,0.5204101204872131,-0.0607761554419994,0.1069935038685798,0.6276372671127319,0.6554633975028992,-0.2898725867271423,-0.4860830307006836,-0.0292883720248937,0.2937375605106354,-0.4057251811027527,0.7810714840888977,0.4153846800327301,-0.0414174608886241,0.1329126358032226,0.3588762283325195,0.6492997407913208,-0.6620249152183533,-0.086374893784523,0.2295977771282196,0.173898845911026,0.1561040431261062,-0.1828092783689499,-0.6997959613800049,0.3361480236053467,-0.5184464454650879,-0.0072051766328513,0.0758055299520492,0.1518719643354416,0.5239549279212952,-0.0771982371807098,-0.5081847906112671,0.0894954577088356,-0.9789246916770936,0.2625838220119476,-0.1468386948108673,0.0790006816387176,0.3532863855361938,-0.4694406688213348,0.34163698554039,-0.5079615116119385,-0.392924815416336,0.5831993222236633,0.2942629158496856,0.0484435223042964,0.6676459312438965,0.3810811936855316,0.6125280857086182,0.1614170372486114,1
0.94775128364563,0.1173724234104156,1.316642999649048,-0.5017281174659729,-0.3689460754394531,0.3773109018802643,0.4919061958789825,0.0218652542680501,-0.6701852083206177,-0.388258546590805,0.4110503494739532,-0.6082220673561096,-0.2239027321338653,0.0021396484225988,0.4486876428127289,0.3260857462882995,0.1396327167749405,-0.0580708682537078,0.3864803910255432,-0.1840185970067978,-1.441098928451538,0.0032129483297467,-0.1135340332984924,0.4907000064849853,0.2903238534927368,-0.8052024245262146,-0.3805024921894073,0.2174103260040283,0.2277310788631439,-0.2582508325576782,-0.3997667729854584,0.0307863522320985,-0.3034184873104095,0.310472309589386,-0.8150948882102966,0.2950322329998016,-0.0864204242825508,-0.2391212731599807,0.5467090606689453,-0.2346615642309188,-0.5092453956604004,-0.3651424646377563,-0.2458496540784835,0.0250484980642795,-0.3836399614810943,0.4061118960380554,0.0486630946397781,0.3078769743442535,-0.197857454419136,-0.1264850795269012,-0.7915502190589905,0.5037461519241333,0.3707227408885956,0.2529644966125488,0.1934338510036468,-0.0269999038428068,0.8813539147377014,-0.9821504950523376,0.0848774835467338,0.1988138705492019,-0.1543801575899124,-0.4489288032054901,0.9525756239891052,-0.3061911761760711,-0.3852879405021667,0.0061098528094589,0.0189868658781051,-0.0998372137546539,0.8140808343887329,-0.4873258769512176,0.344953715801239,0.3151622116565704,0.0310182385146617,-0.5907379984855652,0.4138426184654236,-0.1672213524580001,0.1089688837528228,0.5058535933494568,-0.0674997791647911,-0.1316648423671722,0.3448272049427032,0.3038579821586609,0.2079891711473465,-0.2796406745910644,-0.4777310490608215,0.2567661702632904,-0.5231646299362183,-0.9273645281791688,0.4415215253829956,-0.2925563752651214,-0.0538848489522933,-0.1175196319818496,0.0734923109412193,0.116525687277317,0.461976557970047,0.0889632403850555,0.0371655523777008,0.0148884756490588,-0.4289518296718597,0.0856628566980362,-0.0710574984550476,0.0444853976368904,0.2986475825309753,-0.3397004306316376,0.2647976279258728,0.0749158188700676,-0.730405330657959,0.1759262084960937,0.2143139243125915,0.3802367448806762,-0.4679342806339264,-0.4221651256084442,-0.4808670282363891,-0.1362127810716629,0.4291914999485016,0.1207915768027305,-0.2129467129707336,0.3492516279220581,-0.1411748826503753,0.3885209858417511,0.0962946414947509,0.5547434687614441,0.002453860361129,-0.6714468598365784,-0.0555116161704063,0.7099156975746155,0.2608654201030731,-0.0216345302760601,-0.1543054282665252,-0.1704353094100952,-0.3158348202705383,-0.6510280966758728,-0.1548082381486892,-0.1528059840202331,-0.5972965955734253,0.4602174758911133,0.4048514664173126,-0.1352898031473159,0.01298972312361,-0.3717822134494781,-0.2705349326133728,0.0329854227602481,0.2751617133617401,-0.6006218194961548,0.3906432688236236,0.3406088054180145,-0.1427867263555526,-0.249962493777275,0.3837310671806335,0.2810518145561218,-0.0356912463903427,1.164789795875549,-0.8490410447120667,-0.0580755434930324,0.0007221431005746,0.4262295961380005,-0.9009002447128296,0.0691477507352829,0.4668187797069549,0.0882570445537567,0.4764738082885742,-0.2750900983810425,0.307360976934433,0.5119200348854065,0.3010843992233276,0.0418198630213737,0.199328139424324,-0.5934155583381653,-0.118900716304779,0.5268049240112305,0.4574305117130279,0.1648199558258056,0.4366768896579742,-0.1795542389154434,-0.2995133399963379,0.0599355995655059,1.3210430145263672,0.131308764219284,0.0058595780283212,-0.256692498922348,-0.1045788750052452,0.2693543136119842,0.3183890581130981,-0.4795559644699096,0.6003872156143188,-0.2974226176738739,0.4243681728839874,-0.0432594530284404,-0.2643187344074249,0.5357442498207092,-0.3717144131660461,-0.3282507956027984,0.4468185007572174,-0.4659784436225891,-0.2205624282360077,-0.6311503648757935,0.4972507357597351,0.1096862480044364,-0.676611602306366,0.43205526471138,0.1878221333026886,-0.307574450969696,-0.3271284997463226,-0.7429347634315491,-1.220770239830017,0.0458682365715503,0.1548320353031158,0.5692897439002991,0.0996578186750412,0.9358232617378236,-0.291261225938797,-0.1989966928958892,0.505968451499939,-0.0285303425043821,0.2987140119075775,-0.1682867109775543,-0.2884151935577392,-0.2473891228437423,0.0228896476328372,-0.466551810503006,0.2314996421337127,-0.400771826505661,0.1380075365304947,-0.0144428480416536,0.3250759243965149,0.6879263520240784,0.1789769679307937,-0.6184269785881042,-0.6871395111083984,0.1771272420883178,-0.892789363861084,-0.6030214428901672,-0.5983490347862244,0.0452367588877677,-0.5100491642951965,-0.7107734680175781,-0.2551888823509216,-0.026628665626049,-0.5758002996444702,0.704792857170105,-0.0401472933590412,-0.114395648241043,0.6105135679244995,-0.4791110157966614,-0.0474183745682239,0.5495051145553589,-0.15192811191082,0.2451046854257583,-0.2010300308465957,0.2171190977096557,-0.2154427766799926,-0.5596016049385071,0.028937442228198,-0.2809703946113586,0.6423804759979248,0.5641977190971375,0.8400527834892273,-0.6789668798446655,0.1634413748979568,-0.5081506371498108,-0.0548935942351818,-0.5110361576080322,0.0243724826723337,0.1101577505469322,0.1049648597836494,0.0590368285775184,-0.240217238664627,-0.2351835221052169,-0.3948086500167846,-0.7827419638633728,0.2921999990940094,-0.2143639326095581,-0.047423243522644,-0.3720040321350097,0.3671428561210632,0.0217059925198555,-0.5039645433425903,0.1623114049434662,-0.2507314085960388,-0.0461698547005653,-0.3694636821746826,0.4463103413581848,-0.6066151261329651,-0.2029113918542862,0.1732631921768188,0.203907236456871,-0.9895160794258118,0.1389112919569015,-0.3708057999610901,0.9550499320030212,0.6655372381210327,-0.6939769387245178,-0.1571587920188903,0.2295770496129989,-0.6140111088752747,0.1697186976671219,0.5241615772247314,-0.0134373940527439,0.682406485080719,0.1465516537427902,0.2888729572296142,0.8239008188247681,0.5796137452125549,0.104454219341278,-0.1271654665470123,-0.7269355654716492,-0.1870091557502746,0.3391287624835968,0.3795760869979858,0.1182256489992141,0.2604843080043793,0.9113913178443908,-0.5377025008201599,0.5646450519561768,0.8851120471954346,0.5391872525215149,-2.0579376220703125,-0.3423119783401489,0.5832024812698364,-0.0151042584329843,-0.759589672088623,-0.352277398109436,0.8209034204483032,0.5071016550064087,-0.2414571046829223,-0.6187499761581421,1.1440473794937134,0.3295051455497741,0.0613541863858699,-0.5434368252754211,0.095176100730896,-0.1873257756233215,-0.0404492057859897,-0.8191483616828918,0.3445096909999847,0.4255690574645996,-0.1087922528386116,-0.1732247322797775,0.076923944056034,-0.4785624742507934,-0.1412923783063888,0.2171568721532821,-0.8158102035522461,0.2320639044046402,-0.6630445122718811,-0.2896499931812286,-0.0403202250599861,0.8874858617782593,1.1063432693481443,0.1701773256063461,-0.9401575326919556,-0.6442153453826904,-0.646077036857605,-0.4406172633171081,0.0831818357110023,-0.352849394083023,-0.1805536746978759,-0.1730049401521682,0.3338890075683594,0.0542619936168193,0.1992109417915344,-0.5232218503952026,-0.2501255571842193,0.2529046535491943,-0.0438087508082389,0.5353254079818726,0.5611822009086609,0.1756169497966766,0.0674798414111137,0.4569131135940552,0.9648536443710328,0.3380883932113647,-0.0676516517996788,-0.7464489340782166,-0.1506033986806869,-0.5722528100013733,0.0340136066079139,-0.3090834021568298,-0.5844908952713013,0.6671366095542908,-0.4323138296604156,0.1775268465280532,-0.0575160570442676,-0.9385984539985656,0.2538460493087768,-0.3838684260845184,-0.2186372429132461,0.0112544456496834,0.196266770362854,-0.3066014051437378,1.3264989852905271,0.1582959592342376,0.5031972527503967,-0.4307092130184173,-1.043001651763916,0.3582607805728912,-0.2118205726146698,-0.0313922427594661,0.2178775519132614,0.1842791885137558,-0.2083347290754318,0.0049079498276114,-0.2088428288698196,-0.6047078371047974,-0.4797363579273224,-0.1741552203893661,-0.9646405577659608,-0.2052225023508072,-0.2893185615539551,0.5923017859458923,-0.2895740270614624,-0.0549882315099239,0.017693543806672,0.0998245403170585,-0.3994168639183044,-0.2871818542480469,-0.2183968126773834,0.3670180737972259,0.449763685464859,0.7569015026092529,0.2775266170501709,0.100539244711399,0.6747692227363586,-0.1866916567087173,0.3235169649124145,-0.274396151304245,-0.7075938582420349,-0.2073723673820495,0.9112719297409058,-0.5465337038040161,0.1461365669965744,0.1712982654571533,-0.089333675801754,0.4763753116130829,-0.3569649457931518,-0.927865505218506,0.4841615855693817,0.1008836925029754,0.2577694058418274,0.6376024484634399,0.4233948886394501,0.7172957062721252,0.5495918989181519,-0.0622022002935409,-0.2784615755081177,-0.0844631493091583,-0.2208123058080673,-0.1920157223939895,0.2061384171247482,-0.0982237234711647,0.3029255270957947,0.7171321511268616,0.3947082757949829,0.4324597120285034,0.7188161015510559,0.3858940899372101,-0.389268547296524,0.4747753441333771,0.1348943561315536,-0.0557727143168449,-0.1109421402215957,0.6605849862098694,-0.4082896709442138,0.3907800912857055,0.2065702229738235,-0.1813705563545227,0.5817940831184387,-0.0977762266993522,0.9398486018180848,-1.043189287185669,-0.5832615494728088,-0.626889705657959,-0.5796219706535339,-0.0027964443434029,-0.5658192038536072,-0.140582799911499,0.5280356407165527,-0.1176932230591774,-0.7761464715003967,0.0638950690627098,0.658113420009613,0.3885479569435119,-0.0449090227484703,-0.316041499376297,-0.2585292458534241,0.0431951954960823,-0.6868218779563904,-0.6616407632827759,0.1958622634410858,-0.1964258998632431,-0.4787997007369995,-0.8861027956008911,0.0074130594730377,-0.0103164622560143,0.6298323273658752,-0.4494985342025757,0.3327707946300506,0.2238941490650177,-0.4960865080356598,-0.2365241199731826,-0.3849330842494964,-0.2110832780599594,-0.3559989929199219,-0.331271082162857,-0.4221368730068207,-0.3721031844615936,0.1870522201061248,0.749828577041626,0.57932448387146,0.004015265032649,0.0753402188420295,0.4891727864742279,0.1869558990001678,-0.3290881514549255,0.0347938127815723,-0.459599882364273,-0.2827969193458557,-0.5156644582748413,-0.0107354875653982,-0.2543314099311828,0.0082873171195387,-0.2837506830692291,-1.1472055912017822,-0.5756711959838867,0.1146640032529831,-0.9890586137771606,0.336430937051773,-0.0570718497037887,0.6087896823883057,-0.8617693781852722,-0.0427790880203247,-0.2551881670951843,0.0427073463797569,-0.2691774070262909,0.5126655101776123,-0.3629481494426727,-0.8731046915054321,-0.0752403512597084,0.1398470252752304,-0.7469031810760498,1.3227258920669556,0.2702732980251312,-0.4243772029876709,0.3200898766517639,0.5918201208114624,0.3543504774570465,-0.4506686329841614,-0.0404456704854965,-0.1937918663024902,0.5224626660346985,0.1898347586393356,-0.4154056012630462,0.3864432871341705,-0.0893473774194717,-0.0332515574991703,0.0741094127297401,0.6888866424560547,0.1676843911409378,0.5645897388458252,0.6759856343269348,-0.7002256512641907,-0.0219210609793663,-0.56084144115448,0.0903962925076484,-0.0203517600893974,0.631005585193634,-0.5794175863265991,0.6931965947151184,0.4330489933490753,-0.6122232675552368,0.349486380815506,1.2386590242385864,-0.0071687996387481,0.9920008778572084,0.0020759857725352,0.1580575108528137,-0.4173475503921509,0.1612988859415054,0.4689893424510956,0.0249490030109882,0.3048522174358368,0.2278130501508712,-0.1708904802799224,-0.3457862734794616,0.4413183033466339,-0.1777487695217132,-0.3387014269828796,0.313405692577362,0.2557193040847778,-0.1922087222337722,0.860644519329071,0.431912362575531,0.4420181214809418,-0.1252801269292831,0.3504112660884857,0.6421331763267517,0.9770622849464417,0.0562372133135795,0.3010036945343017,-0.3268188238143921,-0.4130631685256958,0.4183343350887298,-0.0179550610482692,-0.1114342436194419,0.6509515643119812,-0.406890869140625,-0.3417459428310394,0.4774061441421509,0.3182330131530761,0.262900561094284,-0.178569346666336,-0.8125022053718567,0.0593070238828659,-0.2837048768997192,-0.0981518253684043,0.0321839228272438,0.1914244890213012,0.7979729175567627,0.3160221874713897,0.1596185564994812,0.2733621001243591,0.9783291220664978,-0.1242507174611091,-0.2472241073846817,0.0416438691318035,-0.0171143263578414,0.2451831698417663,0.0873798877000808,0.7011855244636536,-0.0443194583058357,-0.1437614411115646,0.6608770489692688,-0.2220726907253265,0.1619366407394409,-0.1955505609512329,0.3790335357189178,-0.0452921874821186,0.0818844512104988,0.1042823195457458,-0.1087192669510841,-0.0591908395290374,-0.2640201151371002,-0.9510142207145692,0.1158906146883964,0.2073425948619842,0.2250636368989944,-0.5712059140205383,0.1429078429937362,-0.4892480671405792,-0.5565018057823181,-0.193626195192337,0.5225298404693604,-1.1462353467941284,-0.7008061408996582,0.7900848388671875,0.0378482453525066,-0.4938881397247314,-1.2737497091293335,0.7529394626617432,0.4563989341259002,0.3972026407718658,0.1368719339370727,0.1930549144744873,-0.0734303593635559,-0.1710683703422546,-0.1105351075530052,-0.4500059485435486,-0.5432879328727722,-9.694493293762209,0.31403648853302,-0.2052793651819229,-0.4329672157764435,-0.1198763623833656,-0.4910621047019958,1.1029752492904663,0.922713577747345,-0.4386252164840698,0.6169313192367554,-0.3877057433128357,0.00970895960927,0.2820572555065155,0.2625912129878998,-0.2348571419715881,-0.0952555835247039,-0.6197619438171387,0.277277410030365,-0.0588202476501464,0.010323042050004,-0.6390373110771179,-0.2990011870861053,0.6788322925567627,0.126068577170372,0.4451174139976501,-0.4278421401977539,-0.1202281489968299,0.2633188664913177,0.3067159652709961,0.3486003875732422,-1.0898029804229736,0.4777397215366363,-0.0891677439212799,0.2930540442466736,-0.2903353869915008,0.4414325952529907,0.0791541188955307,0.4572458863258362,-0.1976640820503235,0.50599205493927,0.3323367834091186,0.1710262447595596,-0.1237399354577064,-0.140757605433464,0.3802380263805389,-0.1309256106615066,0.0007667838362976,0.2207339704036712,0.7491353750228882,-0.359279453754425,-0.4368247389793396,0.1314577311277389,0.3515811562538147,-0.3438516855239868,0.4336209297180176,0.0727652162313461,0.4582828879356384,-0.7198010087013245,0.1200947016477584,0.1198674142360687,0.4687196314334869,0.4256715178489685,0.4933706521987915,0.7920346856117249,-0.0918520241975784,0.5673166513442993,0.0178303513675928,0.1608434319496154,-1.1328779458999634,-0.1149405762553215,0.3954378068447113,0.2839181423187256,0.2034425586462021,0.1563435494899749,0.0008231900865212,0.0548231825232505,-0.1990682482719421,0.2183517217636108,-0.0294011756777763,0.144124150276184,0.3941380977630615,-0.4038606286048889,-0.1983039677143097,0.4366379678249359,-0.7118498682975769,0.3044184446334839,0.2141147553920745,-0.3410414457321167,0.3150749802589416,-0.5044310092926025,0.6409334540367126,-0.0832193717360496,-0.5852536559104919,0.6678462028503418,0.3726235628128052,-0.3012545704841614,-0.4017639458179474,-0.36842742562294,0.3341236114501953,-0.585013210773468,0
0.2429837435483932,0.6616470813751221,0.4144341945648193,-0.5313122272491455,0.1043398976325988,0.1102759465575218,0.1062611937522888,-0.2478341162204742,-0.2821229696273803,-0.1260201185941696,0.3784200251102447,0.1037749797105789,-0.10788494348526,-0.294757604598999,0.5367764234542847,-0.928157925605774,0.1167352274060249,0.0656434595584869,-0.1832303702831268,-0.2120799869298935,-0.4948760271072387,-0.4055013060569763,-0.4894960820674896,0.4153940379619598,0.2371083348989486,0.0990686863660812,0.3000172078609466,0.2303175777196884,-0.1508395671844482,-0.4304077327251434,0.1607287675142288,-0.3669348955154419,-0.0078871855512261,-0.2883332073688507,-0.2220017313957214,0.4118724763393402,0.0157045312225818,-0.3442846238613128,0.6697462797164917,0.3244195282459259,0.492513507604599,-0.0104946829378604,-0.1454022377729416,-0.4759864807128906,-0.1838628053665161,-0.025675805285573,0.026679765433073,-0.2451867908239364,-0.145347774028778,0.2870108783245086,-0.0690131187438964,0.1475712805986404,0.2691896855831146,-0.0975613892078399,-0.1410095989704132,-0.2098197638988495,0.4573187530040741,-0.1174774765968322,0.0793971195816993,0.1471655964851379,-0.6074702143669128,-0.0248136818408966,-0.2856194376945495,0.2636463046073913,-0.1505414545536041,0.2051240503787994,0.1775323301553726,-0.1433065384626388,-0.0035859446506947,0.1596288084983825,-0.0907938554883003,0.2541209459304809,-0.4107077419757843,0.0826245546340942,0.4377497136592865,0.1316197663545608,0.1347358673810959,-0.6244744658470154,0.205821231007576,0.193708449602127,-0.1448723077774047,0.6121870279312134,-0.1083380207419395,-0.923694670200348,-0.3283492922782898,0.4229500889778137,-0.855821430683136,-0.6492044925689697,0.7465376257896423,0.1914977729320526,0.3263177573680877,-0.1214522197842598,0.1692380011081695,0.051663763821125,0.4650666713714599,0.0560071654617786,0.1095112487673759,0.000639735138975,0.0553719326853752,0.4078894555568695,-0.5672503709793091,-0.1987964212894439,0.2265511900186538,0.0204362273216247,-0.2532869279384613,0.102281630039215,-0.1485786437988281,0.2984353899955749,0.5234402418136597,0.1864424645900726,0.0229677036404609,-0.5233455300331116,-1.037511110305786,-0.0380867198109626,-0.5107100009918213,-0.0620136447250843,-0.146765798330307,0.2129094898700714,-0.0059054959565401,0.958530604839325,0.1520959734916687,0.6953815221786499,-0.2734029293060303,-0.4183167219161987,-0.6107425689697266,-0.0333437174558639,0.2114969491958618,-0.0050072912126779,0.2974022030830383,-0.5956506133079529,-0.1555178463459015,-0.3459401130676269,-0.4776040613651275,0.1496871560811996,-0.2893439829349518,1.3273342847824097,-0.2777860164642334,-0.3315542042255401,-0.1166881397366523,-0.7165441513061523,-0.3890847563743591,0.2689749002456665,0.4938358068466186,-0.3202112317085266,-0.355864554643631,0.2386700063943863,0.2283650189638137,-0.1370262056589126,0.3486682474613189,0.2297505736351013,0.070768654346466,0.7893009781837463,-0.4187586605548858,0.2134864628314972,-0.0380802862346172,-0.2275033444166183,-0.4241217076778412,0.8129070401191711,-0.0552768632769584,0.1299701780080795,0.4829398691654205,-0.3331312537193298,0.0883076786994934,0.6621437072753906,0.192182183265686,0.3532751500606537,0.5633125305175781,0.0806767791509628,0.5191296339035034,0.84903883934021,0.1574263125658035,0.1920378357172012,0.2674828171730041,-0.0119606144726276,-0.0179694071412086,0.3758255541324615,0.1096233204007148,-0.1509265750646591,0.0598473697900772,-0.6680653095245361,0.0179712958633899,-0.4222248792648315,0.2690566480159759,-0.6090359687805176,0.4296282827854156,0.1820018142461776,0.2575974762439728,-0.0080163571983575,0.2309181541204452,0.2193805873394012,0.0711452215909957,-0.1978735029697418,0.3086549341678619,-0.305957019329071,-0.2482561767101287,-0.040400955826044,-0.1866161823272705,-0.1047106832265853,-0.3690989017486572,0.6217343211174011,-0.0149576058611273,0.0208998396992683,0.1553537398576736,-1.0083690881729126,-0.6598727703094482,-0.0307220090180635,0.0740824490785598,0.2435399740934372,0.2011950463056564,0.4041383564472198,-0.3810803890228271,0.3071947991847992,0.2138439565896988,0.2134152352809906,0.7393538355827332,0.124230146408081,-0.4999823570251465,-0.6200705170631409,0.6957839727401733,-0.4209252595901489,0.2966658174991607,0.287886381149292,0.1154162883758544,-0.3496742844581604,-0.5425217747688293,0.3033263981342315,0.6870912313461304,-0.1928041577339172,0.2805252969264984,0.786598801612854,-0.2743557393550873,-0.7091795206069946,-0.755965530872345,0.4028015732765198,-0.5773530602455139,-0.0032976644579321,-0.1895332485437393,0.3897786438465118,0.103490449488163,0.4466934204101562,-0.2233365625143051,0.0843053236603736,0.1237956285476684,0.0208829268813133,-0.295165866613388,0.1247735247015953,-0.2412090301513672,-0.6967189311981201,-0.2191511392593383,-0.5633196234703064,-0.7809281349182129,0.2351743131875991,-0.0793177708983421,-0.6614803075790405,0.7603803873062134,-0.1348340362310409,0.1946591436862945,0.3506882488727569,0.6989926099777222,-0.2840446829795837,-0.9344939589500428,-0.6188869476318359,-0.109934501349926,-0.2047150284051895,-0.2345944344997406,0.2682673633098602,0.1313077062368393,-0.2012358456850052,-0.9308447241783142,-0.3641413450241089,0.5580544471740723,-0.4756347835063934,-0.2437719404697418,-0.0948891788721084,-0.5024368166923523,-0.1324057281017303,0.0524689331650733,0.6777330636978149,-0.5296950340270996,0.4793498516082763,-0.6652148962020874,0.2199455201625824,-0.9174380898475648,-0.3692097067832947,0.2431943714618683,-0.2337118685245514,-0.2766892313957214,-0.6346429586410522,-0.2657560408115387,0.0116315418854355,0.1325128227472305,-1.0660030841827393,-0.1120108589529991,-0.0864522457122802,-0.2063036113977432,0.5902285575866699,0.2407087236642837,0.3161251246929168,-0.2273279726505279,0.0248950850218534,0.1730425208806991,0.0993838012218475,0.4278195202350616,-0.1964274644851684,-0.2368857413530349,0.0010892205173149,-0.0591033622622489,-0.3960906863212585,0.5078621506690979,-0.163101851940155,0.2188931852579116,0.4486396014690399,-0.5537123680114746,-0.0463178567588329,1.2444818019866943,0.3487429320812225,-1.5020153522491455,0.5995408296585083,0.2303229719400406,0.4922672510147095,-0.0242355950176715,0.8289330005645752,0.1658795326948166,0.2400076240301132,-0.1751780658960342,-0.4951502084732055,0.8983199000358582,0.5475347638130188,-0.3157324492931366,0.4954361021518707,0.7171089053153992,-0.2827208042144775,0.3410134017467499,-0.6121780872344971,0.0275671202689409,0.3620475828647613,-0.1288771480321884,0.0586671493947505,-0.3593015968799591,-0.4158864617347717,-0.3234583139419555,0.2186788320541381,-0.054381426423788,0.3666248917579651,-0.6259625554084778,-0.3300541043281555,0.0359206236898899,0.905072808265686,0.7259753346443176,0.6455700397491455,-0.8034408688545227,-0.3687601089477539,0.3280030786991119,0.3391102850437164,-0.1116150394082069,-0.0498237125575542,0.3112061023712158,-0.6004527807235718,0.7444670796394348,0.004943897947669,-0.2737416625022888,0.4370934069156647,0.2138765752315521,-0.1150262430310249,-0.1550572216510772,0.3714747726917267,0.5801296234130859,0.0133970277383923,0.3824444711208343,0.1665427237749099,0.5571229457855225,0.0155771458521485,-0.3926637768745422,-0.2148728370666504,0.5078781247138977,-0.6612591743469238,-0.1466124355792999,-0.0399776212871074,-0.4440430402755737,0.3932904601097107,0.0550920702517032,0.1107166036963462,-0.4616883993148803,-0.0968769788742065,-0.3807919919490814,-0.3492355346679687,-0.7859245538711548,0.1585797220468521,-0.102816417813301,0.1691825091838836,0.0684942007064819,0.0590056367218494,0.6421015858650208,-0.3890002369880676,-0.694823145866394,0.49764084815979,-0.2100668847560882,0.616585910320282,0.1529806107282638,0.3491581380367279,-0.0853445529937744,0.5202713012695312,0.0830933153629303,-0.3337989449501037,-0.9165831804275512,-0.016295026987791,-0.7332712411880493,0.042853370308876,-0.1878782957792282,0.6519651412963867,-0.1901039034128189,0.1041358187794685,-0.2169331759214401,-0.1172236055135726,-0.6708835959434509,-0.4083777666091919,-0.0215285513550043,0.4125701189041137,0.1186963841319084,0.2391372174024582,0.0760342478752136,0.2227817773818969,-0.1969287544488906,-0.1205940619111061,0.2048063576221466,-0.2838293313980102,-0.2153407633304596,-0.3133227825164795,0.3032082021236419,0.2229405045509338,0.1993780732154846,0.1405640542507171,0.1348936557769775,0.9171162843704224,-0.0040773986838757,-0.5683957934379578,-0.202481135725975,0.0748540014028549,-0.5582358837127686,0.6207622289657593,0.603394627571106,0.3168795704841614,-0.2125132828950882,-0.0288510210812091,0.3115122616291046,0.2210391759872436,0.2493517100811004,-0.2543894052505493,-0.0992610976099968,-0.1656071990728378,0.6284988522529602,1.0713316202163696,0.2836301922798157,-0.1074520945549011,0.0900056660175323,0.4166778028011322,-0.3198823630809784,0.2921349704265594,-0.0971302092075347,-0.2276584059000015,-0.1310792714357376,0.1182970181107521,-0.0538550391793251,-0.6497675776481628,-0.0252242423593997,-0.2644214630126953,0.0595304928719997,0.1227905079722404,-0.0516981892287731,0.1294545233249664,-0.2900190353393554,-0.094262309372425,-0.1633104383945465,-0.1553844809532165,-0.4451681971549988,-0.0710231885313987,0.4448330998420715,0.2612958550453186,-0.5230633616447449,-0.1095476970076561,-0.5029499530792236,0.2451343834400177,0.2199645638465881,-0.973588764667511,-0.0070733963511884,0.4774846136569977,-0.4497261941432953,0.3073701560497284,0.7928303480148315,0.0182920433580875,-0.1018890142440795,-0.6858155727386475,-0.1857819855213165,0.0109096784144639,0.1317808181047439,-0.6567697525024414,0.8301150798797607,0.1016561090946197,-0.5717026591300964,-0.1149327009916305,-0.2627092003822326,0.034024178981781,0.0031094052828848,-0.3713329434394836,-0.3024531900882721,0.1304530352354049,-0.0712276026606559,0.3358756899833679,0.3019727170467376,-0.3836082518100738,0.5502412915229797,0.476828396320343,-0.1813965141773224,-0.2056408822536468,0.1381787955760955,0.1300579309463501,-0.2510866522789001,-0.490662008523941,0.5847228169441223,0.0990990921854972,0.4542977511882782,-0.5019312500953674,-0.4525839984416961,-0.9553918242454528,-0.3081034123897552,-0.4120027124881744,1.0101089477539062,0.106171153485775,0.5920789241790771,-0.5466233491897583,0.0369764156639575,-0.2334018349647522,-0.4807859659194946,0.0340243764221668,-0.00066391605651,0.1705408543348312,-0.5426018834114075,0.0597610399127006,-0.0566765144467353,-0.5716797709465027,0.5897325873374939,0.2156503498554229,-0.5519767999649048,0.214102029800415,0.3325624465942383,0.4883544743061065,-0.3271539509296417,-0.004443631041795,0.028824022039771,-0.4150506258010864,0.4931075572967529,0.598717451095581,-0.0168216433376073,0.0082954056560993,-0.4523566663265228,0.1862673312425613,0.4561715424060821,0.0995494574308395,0.5674883723258972,-0.1299070566892624,0.3055258095264435,-0.393447607755661,-0.5910243988037109,-0.1656953394412994,0.5245293974876404,-0.0361129119992256,-0.2305850982666015,0.520514965057373,0.812446653842926,-0.4471359252929687,-0.2025977224111557,0.5878554582595825,0.5430659055709839,0.5173218250274658,-0.1239184811711311,-0.0395412445068359,-0.1178594082593917,0.3187896609306335,0.1799277663230896,0.0406401194632053,0.0795059874653816,-0.3792600333690643,0.1649370342493057,0.0250375401228666,-0.0221073124557733,0.0572055093944072,-0.1905837059020996,-0.2511022388935089,-0.0188268590718507,-0.090795986354351,0.9667328000068665,-0.0944556295871734,-0.0823743417859077,-0.1619880199432373,0.0251872967928648,0.7463778853416443,0.3581504225730896,0.5912224054336548,-0.2392962276935577,-0.158086210489273,-1.1010819673538208,0.1275637000799179,0.313126653432846,0.2486414015293121,0.4778515994548797,-0.5838837027549744,-0.4259118437767029,0.1567355543375015,-0.0280694551765918,0.2171958833932876,-0.3518778383731842,-0.3050165474414825,-0.0396391414105892,-0.1147433742880821,-0.6355258226394653,0.1865203827619552,0.0695757940411567,0.2216122150421142,-0.2658445537090301,-0.1083803921937942,0.0552495196461677,0.7241560816764832,0.0491474531590938,-0.1668150871992111,0.4289432168006897,-0.5209513902664185,-0.3094995319843292,-0.2502380311489105,0.4035990536212921,-0.1378433555364608,-0.2864646017551422,-0.1820030808448791,-0.2839915752410888,-0.1860846579074859,0.1142166927456855,0.7544969916343689,0.3308906853199005,-0.4474155604839325,-0.2436137497425079,-0.6800034046173096,0.1107430011034011,-0.0449113100767135,-0.2781331539154053,-0.1667873561382293,0.0878268927335739,0.1511742919683456,-0.0381850898265838,-0.4347122609615326,-0.9467491507530212,0.2705251574516296,0.0103676039725542,-0.0074499985203146,-0.5324368476867676,-0.2000237107276916,0.1846408545970916,-0.1127865463495254,-0.0611799508333206,-1.416852951049805,0.2163655906915664,0.2854018211364746,0.474258691072464,-0.5205056667327881,-0.1401354521512985,-0.3134582340717315,0.079124741256237,-0.0675518810749054,-0.3643983602523803,0.2236636132001876,-10.126229286193848,-0.5954090356826782,-0.2013663649559021,0.1831450760364532,-0.6076692938804626,-0.0956417769193649,0.7921034097671509,0.413495659828186,-0.7086025476455688,0.2050848752260208,0.0776176750659942,-0.0283153001219034,0.3393615484237671,0.749784529209137,-0.4074761271476745,0.0213155783712863,-0.1998467445373535,0.0702861994504928,0.0554596148431301,0.2280466705560684,-0.0689334645867347,-0.4802581667900085,0.7317725419998169,0.0283301267772912,-0.0139087084680795,-0.2485344260931015,-0.0482468679547309,-0.0003126022929791,-0.2205953449010849,0.558956503868103,-0.9520581364631652,0.6147222518920898,0.0145301884040236,0.0522126071155071,-0.5024722814559937,-0.1647526025772094,0.0200219843536615,0.3842663764953613,-0.5653843879699707,0.1704603135585785,-0.1715089976787567,0.7515622973442078,-0.0378189496695995,0.3845742642879486,0.2855170965194702,0.2306790500879287,0.3776623606681824,0.3391391634941101,0.4178454279899597,-0.1351577639579773,0.1267131716012954,-0.8318745493888855,0.7936612963676453,-0.3537940979003906,0.0752086713910102,0.0817460492253303,0.5929507613182068,-0.4896476566791534,0.2425201833248138,0.0449772663414478,0.5130683183670044,0.2265548110008239,0.5212042927742004,0.771906316280365,-0.0512834563851356,0.0863157957792282,0.1183015257120132,0.1627729535102844,-0.6374534368515015,-0.1275700479745865,0.4738827049732208,0.3821472823619842,-0.1575829535722732,0.3601088225841522,-0.1020923852920532,0.0407757274806499,0.1951898038387298,0.284396082162857,0.6152212619781494,-0.1505789905786514,0.5937989950180054,-0.6158877611160278,0.3322451710700989,0.316054105758667,-0.8139500021934509,0.3925434052944183,-0.1298147588968277,0.0886130779981613,0.3968512415885925,-0.6393334865570068,0.7390257716178894,0.8232161402702332,-0.4749906957149505,0.1071046143770217,0.4608772695064544,-0.3346630036830902,0.1829065084457397,-0.0594441927969455,0.5927159786224365,-0.0158273372799158,0
0.2399881780147552,0.498018354177475,0.8955079913139343,0.005041497759521,-0.2969804406166076,-0.1288875639438629,0.8377258777618408,-0.2465835809707641,-0.6963340044021606,-0.3838145136833191,0.5023658871650696,-0.2319454699754715,-0.2090045362710952,0.0123188756406307,0.3375872373580932,0.0955833196640014,-0.2994687259197235,-0.3320967853069305,0.105328544974327,-0.3356218636035919,-1.199247121810913,-0.4857733249664306,-0.014517749659717,0.0603932812809944,0.0599503107368946,-0.78136146068573,0.1385903805494308,0.0701314210891723,0.1482769697904586,-0.4499062299728393,-0.5657681226730347,0.0919201374053955,-0.1736220568418502,0.0030534949619323,-0.4910091757774353,0.6131080389022827,0.015275546349585,-0.0971176624298095,0.5189294815063477,0.1481046974658966,0.0030237135943025,-0.1044567003846168,0.0200241766870021,0.041071742773056,-0.100732646882534,0.4264664351940155,0.132814809679985,0.496850311756134,-0.1855993121862411,-0.1612194776535034,-0.3438955247402191,0.3898206353187561,0.5209559798240662,0.1577526032924652,0.192417174577713,0.0655715242028236,0.8847101330757141,-0.6201813220977783,0.2481703907251358,0.445669949054718,-0.4492683410644531,-0.5545591711997986,0.2076460719108581,0.0906073600053787,-0.3409030437469482,0.4919306635856628,-0.5973501801490784,-0.1568299680948257,0.4562695026397705,-0.5391255617141724,0.0492937266826629,-0.2538284361362457,0.144734114408493,-0.7692111730575562,0.5159355401992798,-0.4594015777111053,0.1821346580982208,-0.1125316768884658,-0.0764267742633819,0.1738098114728927,0.2126527577638626,0.2442357540130615,0.0553750321269035,-0.6869986653327942,-0.3677364289760589,0.6940591335296631,-0.9101846218109132,-1.0816364288330078,0.8663680553436279,-0.2362627536058426,-0.1768848001956939,0.3000737726688385,0.1569752246141433,0.0842565894126892,0.670451819896698,0.6204149723052979,0.0854531079530716,0.2576430439949035,0.0282056499272584,0.2926505506038666,-0.3810499310493469,-0.2817577421665191,0.3634460270404815,-0.3957997858524322,-0.4156117737293243,0.2613184750080108,-0.18729268014431,0.3636125922203064,0.0976108461618423,0.4044984877109527,-0.2066918462514877,-0.9868265986442566,-0.2262287437915802,0.1464495509862899,0.5395494699478149,0.2332690209150314,-0.1634886115789413,0.3493140339851379,-0.2618437111377716,0.2535730302333832,0.1716625392436981,0.5832396149635315,-0.0342006832361221,-1.1091642379760742,0.0796048045158386,0.3212693035602569,-0.0885724648833274,0.0260915197432041,-0.1137551367282867,-0.1529953628778457,-0.4824707508087158,-0.6091140508651733,-0.3289887309074402,-0.0974496304988861,-0.60126131772995,0.651743471622467,0.6650561094284058,0.5216874480247498,0.0827017351984977,-0.281015008687973,-0.6038870811462402,-0.0620010271668434,0.4018469750881195,-0.3225410282611847,0.6033268570899963,-0.0102281784638762,-0.4963041245937347,-0.4260859787464142,0.162226527929306,0.1483174860477447,-0.1598769277334213,0.80233234167099,-0.7591325640678406,-0.061724979430437,0.1537837088108062,0.451979249715805,-0.7278866171836853,0.169708713889122,0.2764085531234741,0.1890266835689544,0.7832756638526917,0.3377169668674469,0.1770556718111038,0.7063726782798767,0.3589708805084228,0.3684092462062835,0.3855596780776977,-0.3533316552639007,0.0153440618887543,0.4558740854263305,0.3503834903240204,0.2179538458585739,0.7681988477706909,0.1386443674564361,-0.5556210279464722,0.6621384024620056,1.071463704109192,-0.3012385964393616,-0.2049427926540374,-0.5722112059593201,-0.2706075012683868,-0.2144170552492141,0.5491052269935608,-0.7793207168579102,0.5074599385261536,-0.0006776891532354,0.000281504180748,-0.2342703640460968,0.1572796255350113,0.6060560941696167,-0.4203536808490753,-0.5844647288322449,0.2661496698856354,-0.5123875737190247,-0.2070800513029098,-0.2717030048370361,-0.2051060050725937,0.2209423929452896,-0.9210068583488464,0.3236485123634338,0.4330968856811523,0.073336474597454,-0.1983409821987152,-0.4938555061817169,-0.6892940998077393,0.0602587014436721,-0.0897126719355583,0.3994076550006866,-0.1870185732841491,0.0892463326454162,-0.2997252643108368,-0.1554416865110397,0.3474860787391662,0.2821784913539886,0.4196942150592804,0.155134379863739,-0.1165054142475128,-0.1757172346115112,0.3276111483573913,0.0551695227622985,0.3733872175216675,-0.1666144132614135,0.0150819709524512,-0.2423607110977172,0.1224497780203819,0.5370935797691345,0.3706514537334442,-0.6751798391342163,-0.2304879873991012,0.4684117436408996,-0.6569773554801941,-0.8943758010864258,-0.5819957852363586,-0.1027029827237129,-0.5708690881729126,-0.5742595195770264,-0.4286757409572601,0.2313897460699081,-0.5876480937004089,0.527140200138092,-0.1354325413703918,-0.3490617573261261,0.2205250561237335,-0.5164347887039185,-0.2158338129520416,0.1988855898380279,0.1232568025588989,-0.1676084250211715,-0.6289826035499573,-0.2826015055179596,-0.2267360836267471,-0.2499215751886367,0.1019749343395233,-0.3679527044296264,0.5211003422737122,0.7176828384399414,0.8670651316642761,-0.1786787658929824,0.3087609708309173,-0.3622464835643768,-0.4940388202667236,-0.6561098694801331,0.0756227597594261,0.1844679564237594,-0.096898503601551,0.04713986068964,-0.1329451650381088,-0.2873137891292572,-0.9781805872917176,-0.319053590297699,0.3318533599376678,-0.2461916804313659,0.0173809994012117,-0.1850131452083587,0.4622901380062103,0.1793286204338073,0.2592511773109436,0.7661769390106201,-0.3640256524085998,0.27199786901474,-0.3022246360778808,0.2611386179924011,-0.611751914024353,0.1417306810617447,-0.1542247682809829,0.4245662093162536,-0.510331392288208,-0.5345093607902527,-0.533447265625,0.716960072517395,0.4460596144199371,-0.6074992418289185,0.2070235908031463,-0.1222982481122016,-0.5591508150100708,0.4849247932434082,0.3392638266086578,0.0201661754399538,0.2770930826663971,-0.0716230198740959,0.6288016438484192,0.2935670912265777,0.8059220314025879,-0.0894927382469177,-0.2002018988132476,-0.1224767044186592,0.1709357798099517,0.7128282785415649,0.1837633997201919,-0.802681028842926,0.6803693771362305,0.3822384774684906,-0.5349481105804443,0.3936195373535156,0.5953669548034668,0.587542712688446,-1.3823076486587524,-0.1753514409065246,0.6864405870437622,0.7565538883209229,-0.6600862741470337,-7.142586582631338e-06,0.2971343398094177,0.3123375475406647,-0.1888991296291351,-0.2407542616128921,1.2328671216964722,-0.0909240394830703,-0.0652929991483688,-0.222514733672142,-0.0749331563711166,-0.3393189311027527,0.2482902556657791,-0.3786711990833282,0.0935624241828918,0.4356390237808227,-0.5850790143013,-0.1831747442483902,-0.3180065453052521,-0.2905949354171753,-0.424087792634964,0.6385433673858643,-0.5369762778282166,-0.1305275112390518,-0.0190998502075672,-0.4493971765041351,-0.1478213220834732,1.0692458152770996,1.1102465391159058,0.1682927459478378,-0.8284353017807007,-0.7258700728416443,0.1027304828166961,-0.3827482461929321,-0.0908938646316528,-0.5365722179412842,0.1473941653966903,-0.2610086500644684,-0.2499143332242965,-0.0199813451617956,0.0439121536910533,0.1047793179750442,-0.2141801863908767,0.1834008693695068,-0.3466436266899109,0.388646125793457,1.0327752828598022,0.0349547788500785,0.3688464760780334,0.6388689279556274,0.672288179397583,0.3386959135532379,0.065013088285923,-0.8786070346832275,0.0681200474500656,-0.5904049873352051,0.495224267244339,-0.088651955127716,-0.7305606603622437,0.907346785068512,-0.0863807573914527,0.1661152392625808,-0.3564050495624542,-0.511898934841156,0.2590500712394714,-0.4335880279541015,-0.0134439598768949,0.183345764875412,0.1517754644155502,-0.1977767348289489,0.7999216914176941,0.4202208518981933,0.6377631425857544,-0.4777056872844696,-0.7689921259880066,-0.1673790961503982,-0.3213671445846557,0.1558387279510498,0.3721858263015747,0.5082894563674927,-0.0948093011975288,-0.1153046339750289,0.0159989353269338,0.2064537405967712,-0.95878005027771,0.0685359314084053,-0.651793360710144,0.0704318657517433,0.0730981156229972,0.2113152742385864,0.031522374600172,0.0527812577784061,0.3189178705215454,0.5808015465736389,-0.7783799767494202,-0.1613888293504715,0.1788643896579742,0.3199944794178009,0.3388553261756897,0.6496179699897766,0.5549226999282837,0.0590652748942375,0.5409660339355469,-0.2235772311687469,0.3465896248817444,0.1655871570110321,0.1747461408376693,-0.5205464959144592,0.9497072100639344,-0.4511545896530151,-0.0876128524541854,0.1544488072395324,0.0602484680712223,0.5611934661865234,-0.4675502181053161,-0.8076052069664001,0.4199115633964538,-0.1826090663671493,0.561552107334137,1.1829746961593628,-0.0805006995797157,0.2960154712200165,-0.0464479625225067,0.1875627934932708,-0.2053208500146865,0.3647632896900177,-0.1009399890899658,-0.6398433446884155,0.427743911743164,0.1481426209211349,0.2722767889499664,1.4112900495529177,0.0862573981285095,0.2672679126262665,0.1452893763780594,0.241290807723999,-0.3223082423210144,-0.0955208763480186,-0.3009140789508819,0.1278165876865387,-0.1152070388197898,0.8357356786727905,-0.6288214921951294,0.0530882254242897,-0.1288283914327621,0.0524586625397205,0.6772114038467407,0.4081891775131225,0.0012743080733343,-0.3657405972480774,-0.5746895670890808,-0.413478672504425,-0.4503512978553772,0.0139700667932629,-0.6152694225311279,-0.0508028306066989,-0.2447485029697418,0.0497177429497242,-0.9581451416015624,0.4678661227226257,0.4893801808357239,0.0627292096614837,0.1946627050638198,-0.5680791735649109,-0.1699132323265075,0.5439184904098511,-0.685943603515625,-0.636755108833313,0.270639419555664,0.0615531913936138,-0.3260607123374939,-0.957592248916626,-0.1974907964468002,-0.3581154346466064,0.2891275584697723,-0.4286392629146576,0.1623032540082931,0.0123498197644948,-0.565133810043335,-0.1754132211208343,-0.5328487753868103,-0.3943957686424255,-0.0778370648622512,-0.1529422849416732,-0.0435021519660949,-0.2341650277376175,0.0455569177865982,0.8609870076179504,0.5781028866767883,-0.3404849469661712,-0.0678211376070976,0.6001311540603638,0.0134011348709464,-0.3031742870807647,0.1346807926893234,-0.144233226776123,-0.5261630415916443,0.4355503916740417,0.5091544985771179,-0.0833733230829238,0.2180920392274856,0.2670896351337433,-0.7991225719451904,-0.4180024862289428,-0.3345060050487518,-1.050958514213562,0.4238246083259582,-0.3562321662902832,0.8672330975532532,-0.5954985022544861,0.4309892952442169,-0.4024232923984527,0.3909869194030761,0.0171622540801763,0.4163903295993805,-0.4857703149318695,-1.3232897520065308,-0.3382763564586639,-0.2781261503696441,-0.6342113614082336,1.0885275602340698,-0.1200270429253578,-0.7550294399261475,0.2689781486988067,0.2818595767021179,0.183319553732872,-0.2465816736221313,0.2268478572368621,-0.0390494316816329,-0.0169130768626928,0.008017498999834,-0.1576659828424453,0.3537449538707733,0.3585444390773773,0.178397536277771,-0.0097616231068968,0.8249403238296509,0.3854309320449829,0.1550318151712417,0.1726711988449096,-0.452601820230484,0.2316302210092544,-0.0850178897380828,-0.2921363413333893,-0.1442154943943023,0.4841728210449219,-0.4870316684246063,0.5140367150306702,0.3830854296684265,-0.8019239902496338,-0.1514890193939209,1.1948102712631226,0.2635453939437866,0.6823922395706177,0.0765335336327552,-0.0981333404779434,-0.6144131422042847,0.0781684964895248,0.595352292060852,-0.1323657780885696,-0.447791576385498,0.1941670179367065,-0.136386290192604,-0.0078218821436166,0.7715087532997131,-0.0365745723247528,-0.1183796897530555,0.3819184601306915,0.0633423402905464,-0.3294958472251892,0.9611512422561646,0.0925962179899215,-0.3062328100204468,0.0292535964399576,-0.0550469979643821,0.420026034116745,0.4790914952754974,0.1943640857934951,0.4590746760368347,-0.0140517381951212,-0.5848106741905212,0.0721693634986877,0.396188884973526,-0.2210362255573272,0.891806423664093,-0.3367661237716675,-0.2763691842556,0.6258436441421509,0.3863765597343445,0.1282980144023895,-0.0149681763723492,-0.7286804914474487,-0.2715208828449249,-0.6282907128334045,0.0671744421124458,0.1371153444051742,0.4392257630825043,0.3184598386287689,0.1893894374370575,-0.4350124895572662,0.3687155544757843,0.321261316537857,-0.1682348549365997,-0.3007729351520538,0.0684005171060562,0.2578999996185303,0.2626895010471344,0.1784130334854126,0.2423498481512069,0.0831109434366226,-0.4748173952102661,0.7601574063301086,-0.2581839859485626,-0.1072468012571334,-0.09479521214962,0.175308957695961,0.59159916639328,-0.2410508245229721,0.3209672570228576,0.0749908313155174,-0.0473887808620929,0.0560566000640392,-0.4479458630084991,0.1063652485609054,-0.20023974776268,0.0028138619381934,-0.2556470036506653,0.084066055715084,-0.6800851821899414,-0.8131122589111328,-0.0201230570673942,0.40631964802742,-0.4025742411613464,-0.5078088641166687,0.4864073097705841,-0.1204340755939483,-0.5760420560836792,-1.5662147998809814,0.5193831324577332,0.0815850645303726,0.0106269372627139,0.0105899330228567,-0.22087924182415,-0.2326550334692001,-0.1760053634643554,0.2459411770105362,-0.6746455430984497,-0.3293901979923248,-9.807195663452148,-0.0124987848103046,-0.5163050889968872,-0.1690342277288437,-0.1281996369361877,-0.4532968699932098,1.1393678188323977,0.8253955841064453,-0.536453127861023,0.3240262567996979,-0.5628291368484497,0.2936359345912933,0.5911865830421448,0.3530381917953491,0.4281627237796783,-0.3939273357391357,-0.067873790860176,0.0666920915246009,0.3080798983573913,0.1399819999933242,-0.1826901137828827,-0.1620252579450607,1.0195213556289673,0.314514696598053,0.0664615780115127,-0.6188612580299377,-0.1658964902162552,0.6420120000839233,-0.2043704092502594,0.2019911706447601,-0.9699943661689758,0.9677385687828064,-0.1644393503665924,0.0563455335795879,-0.4271545708179474,0.1414322853088379,-0.0807258337736129,-0.0451164245605468,-0.8572476506233215,0.4816361367702484,0.0363676100969314,-0.0011551573406904,0.2120583206415176,-0.0737558528780937,0.4536486566066742,-0.2475725561380386,-0.1137004643678665,0.2647754549980163,0.3160045444965362,-0.0187130738049745,-0.1756884008646011,0.2808996438980102,0.6086269021034241,-0.5372304916381836,0.3729364573955536,-0.7106446623802185,0.3599810898303985,-0.9493100047111512,0.2192019671201706,-0.2922466993331909,0.0507802776992321,0.1272028684616089,0.5295270085334778,0.747220516204834,-0.0787647441029548,0.5490385890007019,-0.0020413962192833,-0.6292516589164734,-0.6555565595626831,-0.1589002907276153,0.3971392512321472,0.1711445152759552,0.0227958634495735,-0.240527719259262,0.1442629247903823,0.4694149494171142,-0.0082037206739187,0.3554873168468475,0.7015735507011414,-0.2771918177604675,0.740035355091095,-0.510673463344574,0.3534307181835174,0.5597468018531799,-0.7759509682655334,0.3758062124252319,0.1695676892995834,-0.1911898702383041,-0.021022655069828,-0.7556512355804443,0.4545226097106933,-0.2344045490026474,-0.2773563861846924,0.0750988349318504,-0.168514609336853,0.1701342612504959,-0.0815538763999939,-0.1397444307804107,0.0923962071537971,-0.5649541020393372,0
0.7826475501060486,0.5259174108505249,1.3020888566970823,-0.3083498477935791,0.2124212980270385,0.8318461179733276,0.5096134543418884,0.3764194250106811,-0.9014329314231871,-0.5637490749359131,0.4136918783187866,-0.70119309425354,-0.2955836355686188,0.3477104008197784,0.2748111486434936,0.2733489274978637,-0.3147479295730591,-0.3075994849205017,0.2140620946884155,-1.0556644201278689,-1.684367060661316,-0.6000171303749084,-0.4548722207546234,0.7456203699111938,0.193564623594284,-0.9044338464736938,-0.0399377942085266,-0.3065299391746521,0.3320678770542145,-0.4793702363967895,-0.6475130319595337,0.2998634874820709,-0.2048312872648239,0.2487920373678207,-0.7036092281341553,0.3756493330001831,-0.5237700343132019,-0.5791166424751282,0.4593192040920257,0.0435822047293186,-0.124784342944622,-0.4109474718570709,0.0352863520383834,0.4475938379764557,-0.228891909122467,0.4461359977722168,0.008414102718234,0.36063152551651,0.04217229783535,-0.37945556640625,-0.8031794428825378,0.5988594889640808,0.5257737040519714,0.4155663251876831,0.2421646565198898,-0.0117814112454652,0.7359148859977722,-0.7019699215888977,0.2433157414197921,0.5860803723335266,-0.7901535630226135,-0.3741130232810974,0.5645013451576233,-0.0877593010663986,-0.1029119715094566,0.3654195070266723,-0.3017227947711944,-0.4397830367088318,0.7342662215232849,-0.1015459150075912,0.1934341490268707,0.3040789067745209,-0.1305678933858871,-1.050148367881775,0.7234669923782349,-0.3069141507148742,-0.0559362359344959,0.8141359686851501,0.3475479781627655,0.1169252917170524,-0.1957651078701019,0.4911431074142456,0.5682940483093262,-0.1942677497863769,-0.4742482602596283,-0.0292376410216093,-0.5254696607589722,-1.0409011840820312,0.7498483061790466,-0.0827324911952018,0.1006643921136856,-0.3596928119659424,0.0158191509544849,-0.1380059570074081,0.6645493507385254,0.4151482880115509,-0.0030505452305078,-0.2806138396263122,-0.3901875615119934,0.0602873675525188,-0.306217759847641,0.1638140529394149,0.3204967379570007,-0.0531065203249454,-0.3502500653266907,-0.1439821273088455,-0.3322992026805877,0.27885502576828,0.377189964056015,0.489404946565628,-0.6115534901618958,-0.762937068939209,-0.2652664184570312,-0.4730080962181091,0.4865975975990295,-0.0382624045014381,-0.3937801420688629,0.037575677037239,0.0567347966134548,0.3264426290988922,0.0096964091062545,0.5396331548690796,0.1580008864402771,-0.6775047779083252,0.038627590984106,-0.0603411681950092,0.7537922859191895,-0.1787544190883636,-0.600111722946167,0.0577094815671443,-0.4292457103729248,-1.0173306465148926,-0.1637695729732513,0.0020055510103702,-0.2796690165996551,0.7685810327529907,0.1969717890024185,-0.2813400030136108,-0.0558883771300315,0.0481328517198562,-0.611000120639801,0.1576260328292846,0.5382817387580872,-0.871837317943573,0.0033358156215399,0.388865053653717,-0.7273714542388916,0.0203920640051364,0.2865734994411468,0.1339168697595596,0.0615801438689231,1.5781564712524414,-0.7018098831176758,0.1982642859220504,0.1622700840234756,0.3906386494636535,-0.6517766714096069,-0.0884410813450813,0.0651547685265541,0.1700636744499206,0.4540911912918091,-0.1019436120986938,0.2892836332321167,0.4664493203163147,-0.0593703091144561,0.087936982512474,0.6237776279449463,-0.2351217567920684,-0.3870055377483368,0.3161605894565582,0.5067093372344971,0.664134681224823,0.3002564013004303,0.4162161350250244,-0.3307845592498779,0.3695395290851593,1.1817176342010498,0.382842481136322,-0.2794232666492462,-0.6685401797294617,-0.1393139064311981,0.0224739667028188,0.4025137722492218,-0.5961233377456665,0.9270613789558412,-0.0958791300654411,0.0217003151774406,-0.3795760571956634,-0.439115047454834,0.4823531210422516,-0.3180751204490661,-0.1565377861261367,0.5234571099281311,-0.3434804677963257,-0.578572690486908,-0.1802101880311966,0.866729736328125,0.3601774871349334,-0.5117038488388062,0.2467848658561706,0.0103565528988838,0.3245657086372375,-0.0554741360247135,-0.7313428521156311,-0.8633519411087036,0.1382132619619369,0.2967233061790466,0.3603316843509674,0.266837328672409,0.7362160682678223,-0.3457617461681366,-0.2279963195323944,0.5575255751609802,0.0073520275764167,0.564224362373352,0.3122737407684326,-0.5551854372024536,-0.3199807405471802,-0.1096659451723098,0.3406112194061279,0.4133847653865814,-0.7429348230361938,0.0965041518211364,0.0452797971665859,0.2459377646446228,0.8755946159362793,-0.1191974282264709,-0.2423883974552154,-0.4149655401706695,-0.1831138283014297,-1.6112035512924194,-0.7482869029045105,-0.7810394167900085,-0.1945453584194183,-0.3633378744125366,-0.5559903979301453,-0.3120352923870086,-0.1698333024978637,-1.0548453330993652,0.4512207508087158,-0.3413267731666565,-0.4725181460380554,0.5252717137336731,-0.3332670331001282,-0.1450789123773574,0.2722961902618408,-0.2696893215179443,-0.2712050378322601,-0.2673258185386657,-0.1688025593757629,-0.3456827998161316,0.0461778938770294,-0.2788894176483154,-0.0782595053315162,0.9099023342132568,0.7659659385681152,0.8248136639595032,-0.5937957167625427,0.2704386115074157,-0.7056295275688171,-0.1702062338590622,-0.1991363316774368,-0.0874573066830635,0.4675315320491791,-0.1297258585691452,0.0921973437070846,-0.2853191494941711,-0.5018354654312134,-0.132753387093544,-0.7174413204193115,0.3153066635131836,-0.2859668135643005,0.2216790914535522,-0.3145256340503692,0.2002912759780883,0.6475030183792114,-0.4851934015750885,0.6036373972892761,0.0781825855374336,0.1192311495542526,-0.0729739293456077,0.3896278440952301,-0.647833526134491,-0.0557009913027286,-0.4683390855789184,0.2029887288808822,-0.6896095871925354,-0.156571626663208,-0.6226388812065125,1.0659090280532837,0.4699194729328155,-0.6701745986938477,0.1616804748773574,-0.1018867567181587,-0.651634693145752,0.0724902674555778,1.0634037256240845,-0.0481708906590938,0.5076938271522522,0.1768632978200912,0.0111637962982058,0.3171542286872864,1.0557703971862793,-0.3765533566474914,0.321000188589096,-0.0127280922606587,0.5946996808052063,0.0835534557700157,-0.191299557685852,-0.0843067988753318,0.351381242275238,0.6484708786010742,-0.3423656523227691,0.7751065492630005,0.7826060652732849,0.8601113557815552,-1.6538413763046265,-0.5605027079582214,0.4472445249557495,0.2069425731897354,-0.7577834129333496,-0.3491874039173126,0.3405902981758117,0.2770403027534485,-0.502242386341095,-0.7941092252731323,1.4140338897705078,0.0498766005039215,0.2086839824914932,0.0363987162709236,0.1886923611164093,-0.1110310479998588,-0.3601306080818176,-1.1240882873535156,0.5796521306037903,0.3873560130596161,-0.7954598665237427,0.0200630147010087,0.1398878693580627,-0.2523028254508972,-0.5480577945709229,0.5790182948112488,-1.0151863098144531,0.2156613022089004,-0.7132445573806763,-0.1415191143751144,0.5802855491638184,1.0196444988250732,0.78752201795578,0.3352963626384735,-1.338679552078247,-0.3958849906921386,-0.4647080600261688,-0.5512581467628479,-0.3680746257305145,-0.2896110415458679,-0.0586372055113315,-0.485617458820343,0.3590658605098724,-0.2039894759654998,0.3193820416927337,-0.4669660627841949,0.0184358097612857,-0.1177645772695541,-0.7518297433853149,0.2171948105096817,0.4983230233192444,-0.1217665299773216,0.3021675050258636,0.3974546492099762,0.8731898069381714,0.4864185750484466,-0.1475061029195785,-0.8217507600784302,-0.4153772890567779,-0.7174818515777588,-0.1885406821966171,-0.4714683294296264,-0.5403611063957214,0.8724396228790283,-0.0006352073396556,-0.3622118532657623,-0.2056664526462555,-0.9959259629249572,0.653732180595398,-0.2558737695217132,-0.4668591022491455,-0.0566553547978401,0.0170031525194644,-0.3289147019386291,0.7085349559783936,0.0128941526636481,0.7048643231391907,-0.4435829818248749,-0.8133419752120972,0.1124239116907119,0.0396507754921913,-0.2639778554439544,-0.1464566141366958,0.0761071741580963,-0.1331301480531692,-0.018185768276453,-0.3392479121685028,-0.5733432173728943,-0.4145993888378143,0.2882308661937713,-0.6088501811027527,-0.0906104147434234,-0.1524832397699356,0.6978097558021545,-0.2263543307781219,0.1555983275175094,0.0498451180756092,0.596865177154541,-0.6978006362915039,-0.4875468909740448,-0.0065688672475516,0.0843118503689765,0.2020443230867386,0.206645131111145,0.4427491128444671,0.1449690163135528,0.3986597061157226,0.1598205268383026,0.4303258955478668,0.150802344083786,-0.5405674576759338,-0.3224270939826965,0.6219844222068787,-0.2153809517621994,0.1027954816818237,0.3131679594516754,-0.0495007336139678,0.4141210615634918,-0.2430078387260437,-1.1335922479629517,0.5526828765869141,0.0935630500316619,-0.170994758605957,0.7194651365280151,0.8006068468093872,0.3398458957672119,0.350449800491333,0.2760762572288513,-0.0242712385952472,0.0278523582965135,-0.348795622587204,-0.3796826303005218,0.5322696566581726,-0.0066600469872355,0.6838045120239258,0.8620191216468811,0.2153999507427215,0.5261013507843018,0.4666927456855774,0.5132408142089844,-0.7972931861877441,-0.0425045453011989,0.1193119958043098,-0.4424872696399688,-0.3892921209335327,0.9431371092796326,-0.5373010039329529,0.1403778046369552,-0.0962409600615501,-0.2767378687858581,1.2373378276824951,0.3066110610961914,0.6167045831680298,-1.1545917987823486,-0.5086320638656616,-0.9024167060852052,-1.1680049896240234,0.2137168943881988,-0.6369048953056335,0.0209286492317914,0.3656633794307709,-0.3003494441509247,-0.5022810697555542,0.4097974002361297,0.6458796262741089,0.0596021674573421,-0.2254045158624649,-0.297485202550888,-0.4054075181484222,0.0494538098573684,-0.6482150554656982,-0.2732830941677093,0.3178724646568298,-0.0539429895579814,-0.289714366197586,-0.4146913886070251,0.3148845732212066,-0.1201465055346489,0.7008932828903198,-0.2474293261766433,0.1039329692721366,0.0891305208206176,-0.5521876215934753,0.0521543025970459,-0.1707065999507904,0.1373832672834396,-0.6733776330947876,0.277359127998352,-0.102622702717781,-0.335127592086792,-0.1469267755746841,0.6380335688591003,0.6103803515434265,-0.6898934841156006,-0.3368948996067047,0.370931476354599,0.1596073061227798,-0.2266152203083038,0.2438167482614517,-0.6970831751823425,-0.501698911190033,-0.3415389060974121,0.1111993715167045,-0.0155766205862164,0.1438610404729843,0.3091514408588409,-1.089547634124756,-0.7680356502532959,0.6438370943069458,-1.387922763824463,0.2777367234230041,-0.0727885514497757,0.7277017831802368,-1.0886791944503784,-0.0595618449151515,-0.1701043248176574,-0.1648440062999725,-0.3165304958820343,0.2491779625415802,0.180337980389595,-1.0456323623657229,-0.4033076763153076,0.3639636039733886,-0.8295179605484009,1.672528624534607,0.0832167938351631,-0.8316737413406372,0.3970581293106079,0.550849199295044,0.6570269465446472,-0.209646925330162,0.0633909031748771,-0.3377665877342224,0.1100406944751739,0.3348694443702698,-0.2184744030237198,0.5021883249282837,0.1718184053897857,-0.1337104588747024,-0.1809991896152496,0.3946175277233124,0.3535729944705963,0.3588716983795166,0.5839621424674988,-0.3264999389648437,0.0335221514105796,-0.4115232527256012,0.2174379974603653,-0.0674751847982406,0.2349420338869094,-0.463930994272232,0.7390224933624268,0.1850132346153259,-0.2155602723360061,0.2493567317724228,1.162182331085205,0.0412730649113655,0.9498417973518372,0.0935586616396904,0.2362681478261947,-0.5335133075714111,0.4206534922122955,0.677196741104126,0.1671180427074432,0.0700884163379669,0.2542301714420318,-0.2478393912315368,-0.0579863414168357,0.7097110152244568,-0.5824095010757446,-0.0360090881586074,0.3531703352928161,0.0322864390909671,-0.2960203886032104,0.6827907562255859,0.4079686999320984,-0.1788883656263351,-0.1721806228160858,-0.0947501435875892,1.0848544836044312,0.9268449544906616,0.1474401652812957,0.9450972080230712,-0.7096667289733887,-0.3597967326641083,0.1362564265727996,-0.247442364692688,-0.260311871767044,0.3117633759975433,-0.2207928597927093,-0.8637227416038513,0.6918075084686279,0.6390939950942993,0.0434571541845798,-0.1299942135810852,-0.7249251008033752,0.2893788516521454,-0.1676599830389022,-0.307060569524765,0.2069527208805084,0.2213722914457321,0.6775607466697693,0.2322714924812317,-0.0365689359605312,0.1256413161754608,0.804988443851471,0.0253866128623485,-0.1405485570430755,0.1789791882038116,-0.0375238507986068,0.476011723279953,0.2038004696369171,0.7219465374946594,0.219666451215744,-0.1189658790826797,0.7660737037658691,-0.2630916833877563,-0.1719114184379577,-0.2650625109672546,0.8610741496086121,0.3753401041030884,-0.7874687910079956,0.1908864825963974,-0.1859853416681289,0.1327655911445617,-0.3185613751411438,-0.8117027282714844,-0.2002314925193786,0.1601252257823944,-0.4234991371631622,-0.2645571827888489,0.2839819192886352,-0.3875005841255188,-0.1955295503139495,-0.2382872998714447,0.339453637599945,-1.1782883405685425,-0.2708784639835357,0.6085802316665649,0.1089519187808036,-0.4945339858531952,-1.6059908866882324,0.4112066328525543,0.7201812863349915,0.1601856499910354,0.157779574394226,0.4775473475456238,-0.0990123525261879,-0.5264450311660767,0.073946513235569,-0.5461959838867188,-0.2560942471027374,-9.256537437438965,0.4018369019031524,-0.1640531569719314,-0.65558260679245,-0.2394721060991287,-0.3476182222366333,0.9825608730316162,1.1060779094696045,-0.3428256511688232,0.6249396204948425,-0.0708633214235305,0.0989143550395965,0.4069985747337341,0.0006510355160571,0.0899028033018112,0.149146020412445,0.0648775845766067,0.0412713997066021,-0.1647810041904449,0.1318736672401428,-0.7608753442764282,-0.4364928901195526,0.6298076510429382,0.1125729233026504,0.2875113189220428,-0.2359367311000824,0.1510901302099228,0.7926385998725891,0.6611923575401306,0.590873122215271,-0.8573507070541382,0.6148529052734375,-0.7634398341178894,0.5068939924240112,-0.3989059031009674,0.2968755066394806,0.7404350638389587,0.3406024277210235,-0.5180680751800537,0.4915277659893036,0.5323488116264343,0.3730532228946686,0.0488676019012928,-0.2283238470554351,-0.2646374106407165,-0.8418723344802856,0.4302189350128174,0.0789315178990364,0.9757777452468872,-0.1458055824041366,-0.618143618106842,0.1927480250597,0.1863298565149307,-0.6913901567459106,0.3575988709926605,-0.1908771246671676,0.2852562069892883,-1.043742299079895,0.3647403419017792,-0.0132046798244118,-0.0436468683183193,-0.0827958732843399,0.5225459933280945,0.7408247590065002,0.1813037544488906,0.8139476776123047,-0.1333671510219574,0.146204337477684,-1.0179574489593506,0.0688395500183105,0.2012751102447509,0.4175778329372406,0.1954191923141479,0.3057805895805359,0.2369559556245803,0.3956165909767151,-0.0840825662016868,0.2886475920677185,0.4743422865867615,-0.2232264578342437,0.6441102623939514,-0.5344178080558777,0.1751396059989929,0.4009594321250915,-0.676573634147644,0.1135031357407569,0.2197284698486328,-0.8712982535362244,0.3330321907997131,-0.756392776966095,0.3604246973991394,-0.3421705961227417,-0.4855071902275085,0.5570839643478394,0.293882817029953,-0.4868241548538208,-0.0574239417910575,0.0544822104275226,0.2942873835563659,-0.4144927859306335,0
0.0648852065205574,0.7035254240036011,0.4712594747543335,-0.5475382804870605,0.159046471118927,0.3983789384365082,0.3516373038291931,0.1230262815952301,-0.0236791316419839,-0.5605530738830566,0.6916403770446777,-0.182065725326538,-0.3695733845233917,-0.4816430211067199,0.5012007355690002,0.0213964376598596,0.060660071671009,-0.3494442403316498,0.0808935090899467,-0.4406334459781647,-0.8895779848098755,-0.5165688395500183,-0.2661830186843872,-0.1126970499753952,0.0520015619695186,-0.565481424331665,0.1075268164277076,0.0608377531170845,-0.2720945477485657,0.1094129383563995,-0.1461329460144043,-0.5175169706344604,0.0158073138445615,0.2165822833776474,-0.3974581360816955,0.142894834280014,0.3707327842712402,0.0952575802803039,-0.0872540697455406,-0.0089115975424647,-0.1786278784275055,-0.2461543679237365,-0.1566752046346664,-0.2897273600101471,-0.3175949454307556,0.5588154792785645,0.2791037857532501,0.211603581905365,0.3493315875530243,0.2054760158061981,-0.1156577318906784,0.5249888300895691,0.1536309123039245,-0.0692296996712684,0.2368091493844986,-0.1020296588540077,-0.0125966863706707,-0.3041947185993194,-0.315399706363678,0.3457387387752533,-0.7240349650382996,-0.2794842422008514,0.1947132796049118,0.0192494969815015,-0.2238133698701858,-0.0714084729552269,0.0090548070147633,-0.1172169893980026,0.0939084142446518,-0.7125075459480286,0.24566550552845,0.16375033557415,0.0041453535668551,-0.7423335909843445,0.8383400440216064,-0.4343532919883728,0.4013092517852783,-0.0771496891975402,0.2783533334732055,0.1198773011565208,-0.3972549736499786,0.5623978972434998,0.1228711530566215,-0.6203539371490479,-0.1695971637964248,0.2420136481523513,-0.3805654644966125,-0.6627863049507141,0.3452689945697784,-0.3598125874996185,0.0576520599424839,0.0200124494731426,0.1917700320482254,0.3702609241008758,-0.1341761350631714,-0.1516888439655304,0.4498142302036285,-0.5212644338607788,0.0130199361592531,0.3714965581893921,0.0015353302005678,-0.2446013838052749,0.1044385582208633,-0.1651811748743057,0.0410203039646148,0.1103887259960174,-0.2764322757720947,0.2558739483356476,0.0137467123568058,0.1843705028295517,-0.2210141867399215,-0.4207691252231598,-0.4753669500350952,0.0586740970611572,0.219318613409996,0.0520587302744388,-0.2344735264778137,0.5728998184204102,0.2102686911821365,0.103446215391159,0.0141941122710704,0.6295061111450195,-0.3811309039592743,-0.2468281537294387,0.059036124497652,0.4163442552089691,0.1493714302778244,-0.1430320143699646,-0.2417795658111572,-0.2608487606048584,-0.3128129541873932,-0.2840716540813446,-0.2446134686470031,0.1259421557188034,-0.289646714925766,0.4501760601997375,0.0504773594439029,-0.3529983162879944,0.1138990223407745,-0.6542359590530396,-0.1337671726942062,0.3232095837593078,0.3248696327209472,-0.207984060049057,-0.0904217213392257,0.2758062183856964,-0.1100581884384155,-0.1760434955358505,0.4691634178161621,0.3713214695453644,-0.3159648180007934,1.188944697380066,-0.0977653041481971,-0.2365292906761169,0.4285502135753631,0.1521444469690323,-0.4275278747081756,-0.1244289055466651,-0.3291798532009125,0.5476692914962769,0.1096686571836471,-0.5160374045372009,-0.1809324026107788,0.6723102927207947,0.1644700020551681,0.4191581904888153,0.514015793800354,0.0593434758484363,-0.3188272416591644,0.6711301803588867,0.6820576786994934,0.3044437170028686,0.0905157700181007,-0.4315429329872131,0.1521157920360565,0.3787359297275543,0.4825846254825592,0.281445562839508,0.0389888361096382,-0.3127680122852325,-0.1061535626649856,-0.3034140467643738,-0.0886566042900085,-0.5089245438575745,0.1785750687122345,-0.1682691723108291,-0.0445346795022487,0.3660987615585327,0.1186715513467788,-0.3542804419994354,0.0491569675505161,-0.7281267642974854,0.2736172378063202,-0.4562174379825592,-0.4035131633281708,-0.3320280611515045,-0.0910236090421676,-0.0160996541380882,-0.316254198551178,0.7653443813323975,0.2082264423370361,0.222663477063179,-0.4621096849441528,-0.503148078918457,-0.7040464282035828,-0.4177868366241455,0.1927558481693267,0.3255803883075714,0.2745088338851928,0.2982934117317199,-0.1401118338108062,0.7325036525726318,0.436888724565506,0.1040650904178619,0.663826584815979,0.111908346414566,-0.5294345021247864,-0.1585965454578399,0.1365384459495544,-0.2717105150222778,0.0168289095163345,-0.143857330083847,0.2231877744197845,0.2196982055902481,0.4914810061454773,0.1397870182991027,0.3447716832160949,-0.2917183935642242,0.0003477990394458,0.466008573770523,-0.6528882384300232,-0.5498502254486084,-0.6406992673873901,0.1279291063547134,-0.6494531631469727,-0.3092299103736877,-0.2264051735401153,0.5861459970474243,-0.3014874160289764,0.3050029277801513,-0.1716019362211227,0.0522212050855159,0.2629806697368622,-0.4791663289070129,-0.0400644652545452,0.3016579747200012,-0.3867668807506561,-0.0675783678889274,-0.5167735815048218,-0.2280135452747345,-0.7076441049575806,-0.6665599346160889,0.3558297455310821,-0.4612964391708374,0.8448110222816467,0.4263072907924652,0.3717327117919922,-0.2130816727876663,0.2136790454387664,-0.4395650625228882,-0.1379182338714599,-0.4234719574451446,-0.0356907024979591,-0.0357493087649345,0.0064392061904072,0.5184308886528015,0.1779772788286209,-0.7041186094284058,-0.8204681277275085,-0.7476833462715149,0.0028904560022056,-0.4270059168338775,-0.4488175809383392,-0.0126862684264779,-0.1405869871377945,0.2082284390926361,-0.32215017080307,0.7395684719085693,-0.5396336913108826,0.2316128015518188,-0.4953520894050598,0.5771022439002991,-0.40202397108078,0.0810956805944442,0.1583993881940841,0.5331422686576843,-0.6833771467208862,0.0398928970098495,-0.4100192487239837,0.6165415644645691,0.6220531463623047,-0.3406687676906585,-0.7225481867790222,0.0585577301681041,-0.3179209530353546,-0.0281351935118436,0.5417642593383789,0.181391179561615,-0.2234051078557968,0.5440122485160828,-0.0567818656563758,-0.0207478310912847,0.1077798977494239,-0.1515886783599853,-0.2793209552764892,-0.6692509055137634,0.041555069386959,-0.0770800858736038,0.4217200577259063,-0.2459312081336975,0.1563572287559509,0.6292005777359009,-0.5004769563674927,0.3277264535427093,0.6858276724815369,0.1780090034008026,-1.3446673154830933,-0.0347803831100463,0.970336377620697,0.0402741618454456,-0.0142233790829777,0.3643267154693603,0.2377026528120041,0.6112226843833923,-0.3202166557312011,-0.2539277970790863,0.8578062057495117,0.2869665920734405,-0.3538528382778168,-0.0495684295892715,0.4075995087623596,-0.2346916049718856,0.1206443160772323,-0.1432274580001831,-0.2500223815441131,0.4777505397796631,-0.2252148240804672,-0.04609190300107,0.1738491207361221,-0.6797765493392944,-0.4630770087242126,0.471773236989975,0.0156606994569301,-0.0488553382456302,-0.7318642735481262,-0.3651100993156433,0.3015706539154053,1.102678894996643,0.6135445833206177,0.5639049410820007,-0.2992725968360901,-0.5780555009841919,0.5964652299880981,0.0001506157714175,0.4029400944709778,-0.275426983833313,-0.5335673689842224,-0.1483619958162307,0.4492460191249847,-0.0620859935879707,-0.2083703130483627,0.1510203629732132,0.2353299409151077,0.2071498334407806,-0.261694073677063,0.2415539920330047,0.7686607837677002,0.0504842214286327,0.2833902537822723,0.3924749195575714,0.820503294467926,0.2193351536989212,0.1430072337388992,-0.1700319647789001,-0.107781633734703,-0.0464503653347492,0.7001138925552368,0.3850071430206299,0.0388053469359874,0.2073328346014022,0.1031020283699035,-0.0878358855843544,-0.3717678487300873,-0.1384674906730651,-0.0457870326936244,-0.6777955293655396,-0.686381995677948,-0.138799250125885,-0.0120216766372323,-0.7045502066612244,0.473073273897171,0.3419715464115143,0.4307880401611328,-0.5315377116203308,-0.1250596195459365,0.5039930939674377,-0.1763982623815536,-0.3417385518550873,-0.1693855822086334,0.3543617725372314,-0.5939717888832092,-0.2229674905538559,-0.2577818036079407,-0.357987642288208,-0.3167111873626709,-0.0947636142373085,-0.8816103339195251,0.2206939756870269,0.1561333090066909,0.556351900100708,-0.0249521769583225,0.1050672605633735,0.2073166817426681,-0.110191561281681,-0.0443511642515659,-0.0873317718505859,-0.1366418302059173,0.0270251370966434,0.4362976551055908,0.4538975059986114,0.4011185467243194,0.4229632318019867,-0.0197619330137968,-0.3554701805114746,-0.2132369726896286,0.2449856996536255,-0.4821258187294006,-0.5262017846107483,0.7479609251022339,-0.156482920050621,0.0460313037037849,-0.2654120028018951,-0.0534625314176082,0.803116500377655,-0.2670457363128662,-0.1756482869386673,-0.051705002784729,0.0671064257621765,0.0957477837800979,0.4147038161754608,0.3733814358711242,0.959229290485382,-0.0159511547535657,0.0813415795564651,-0.0627298504114151,-0.2355812638998031,0.4483131170272827,-0.4812310338020324,0.2091173082590103,-0.0879557281732559,0.2811487913131714,0.9076653718948364,0.3419735729694366,0.2447381913661956,0.1398565918207168,-0.1145596578717231,-0.2829235196113586,0.1402857899665832,0.8493282198905945,0.0695818588137626,-0.3929468989372253,-0.0177651233971118,-0.4741891920566559,0.1980562061071396,-0.0619919262826442,-0.0501796342432498,0.0437217652797699,-0.5344532132148743,0.4956914186477661,-0.4106553792953491,-0.4851008653640747,-0.739810585975647,-0.7049449682235718,0.2712744474411011,-0.1837588548660278,0.0518123544752597,0.4887271523475647,0.4544070661067962,-0.5846787691116333,0.3876837193965912,0.3218720555305481,0.3573938310146332,0.3553830087184906,-0.3799982964992523,-0.3474487960338592,0.4077852666378021,-0.0878432542085647,-0.2300858348608017,0.0811518728733062,-0.077950395643711,-0.3456917405128479,-0.3997458517551422,0.0990882962942123,0.0089356638491153,-0.0458664000034332,-0.0993360579013824,0.1967685520648956,0.0282615888863801,-0.4263617992401123,-0.2708835303783417,-0.3111379444599151,0.0178970415145158,-0.139445349574089,-0.5245065093040466,-0.2021433711051941,-0.1232845932245254,0.5057178735733032,0.4112260043621063,0.4578993320465088,-0.2590113878250122,0.2669944167137146,0.3359394073486328,0.5423370599746704,-0.3525971472263336,-0.0929851979017257,-0.2864218056201935,-0.5184913873672485,0.2444619089365005,0.5577283501625061,-0.0399972684681415,-0.0680266693234443,-0.5231679081916809,-0.683489978313446,-0.0734597668051719,-0.1042894050478935,-0.9446498155593872,0.3004504144191742,0.3428196012973785,0.5223770141601562,-0.5121788382530212,0.1714802533388137,-0.1728483885526657,0.4421372413635254,0.1618828326463699,0.2459248751401901,0.2218044847249984,-0.6905056238174438,-0.1066251844167709,-0.0904255658388137,-0.5260455012321472,0.7962231636047363,0.4665993452072143,-0.4816798567771911,0.3228500187397003,0.7024955749511719,0.176348477602005,-0.4628303349018097,0.1372342705726623,-0.4230745732784271,-0.2605915367603302,0.1086388006806373,0.4986057579517364,0.1531921178102493,0.1121822074055671,-0.2572976052761078,0.0310910213738679,0.6210033297538757,0.5431952476501465,0.2993086874485016,-0.011157751083374,-0.0905102044343948,-0.2918620109558105,-0.359261155128479,0.4765995442867279,0.3135992288589477,0.9275248050689696,-0.6948481202125549,0.8270947337150574,0.417987197637558,-0.3516790270805359,0.5475863218307495,0.8275810480117798,-0.1295352131128311,0.3588325381278991,-0.3821957409381866,0.064886063337326,-0.912461519241333,0.0441856309771537,-0.2212532311677932,-0.0143553661182522,-0.1201798990368843,-0.0609278529882431,0.004015864804387,-0.4199044704437256,0.2204073518514633,0.0230938773602247,0.0410899668931961,-0.019476206973195,0.3957511484622955,-0.475532591342926,0.7654542326927185,0.3582446873188019,-0.3600449860095978,-0.1573605239391327,0.1476099491119384,0.087788887321949,0.7888616323471069,-0.2477010488510131,0.4315614104270935,0.0922671258449554,-0.8847265839576721,0.1002267077565193,0.0895279422402381,-0.0947557389736175,0.6437154412269592,-0.3262166082859039,-0.3809820115566253,0.3472054898738861,0.9383267164230348,0.2875902056694031,-0.3568570613861084,-0.5209187269210815,-0.0570540651679039,-0.4023283720016479,-0.3859650492668152,0.0292511992156505,0.1276062428951263,0.4225535094738006,-0.1213698908686637,-0.0419671200215816,0.1576462239027023,0.403877705335617,0.1310643404722213,0.1157403141260147,0.042076501995325,0.0924983173608779,-0.273703396320343,0.1220830157399177,0.3158020973205566,-0.4917131662368774,-0.1744960844516754,0.7196577191352844,-0.1164612844586372,0.2353215664625167,0.0578406751155853,0.2041558921337127,0.1030446588993072,0.1119522377848625,-0.1834087073802948,-0.6722075939178467,-0.3497683405876159,0.4408051371574402,-0.8758087158203125,-0.1174071803689003,0.1080517321825027,0.3653841316699981,0.1020702868700027,-0.0060884314589202,-0.5854359865188599,-0.2722901105880737,-0.1771976202726364,0.3641877174377441,-0.4985266625881195,-0.6596727967262268,0.6454887986183167,-0.088888369500637,-0.4597136676311493,-1.2287819385528564,0.5890169739723206,0.0776873603463172,0.5915550589561462,0.1351224184036255,0.1538237184286117,0.1059198677539825,0.2237645983695984,0.0037742669228464,-0.2173176407814026,0.581588625907898,-10.289658546447754,-0.3003974854946136,-0.3242519795894623,-0.7455151677131653,-0.3652228415012359,0.2694185078144073,0.6051923632621765,0.1781440675258636,-0.4923450648784637,0.1491096913814544,-0.3996672034263611,0.0590169504284858,0.1558715552091598,0.1004372909665107,-0.3681308627128601,0.3068011403083801,-0.3219028413295746,-0.2939372062683105,-0.3147366940975189,0.0405683368444442,-0.4046725928783417,-0.3304223716259002,0.7073029279708862,0.1135795414447784,-0.0477767586708068,-0.3105928897857666,-0.0543449595570564,0.096657320857048,-0.3457956314086914,0.2954535782337188,-0.3798690140247345,0.5762261748313904,-0.1736059039831161,-0.1127649620175361,-0.4583718776702881,-0.1888875365257263,0.0478667467832565,-0.4949324131011963,-0.1944606155157089,0.5718844532966614,0.442748486995697,0.6001575589179993,0.0038139026146382,-0.124246634542942,0.2433841079473495,-0.0014174034586176,0.0019126454135403,0.0463049300014972,0.6046343445777893,-0.2788213491439819,0.4446240961551666,-0.2662782073020935,0.237011581659317,-0.186130553483963,0.263404369354248,0.2885286211967468,0.7916185259819031,-1.0048638582229614,-0.1511134207248687,0.2246227115392685,0.1177573800086975,0.110612116754055,1.0127406120300293,0.0812015458941459,-0.0826491713523864,0.3211994469165802,0.3936371207237243,0.1789993792772293,-0.4705178439617157,-0.6871199011802673,0.3974434733390808,0.4097597002983093,0.1838757097721099,0.1602386534214019,-0.3042787313461303,0.4773211181163788,-0.0504228137433528,0.317943125963211,0.172936737537384,0.0184958018362522,0.6552831530570984,-0.3927880823612213,-0.2618248164653778,0.1869706809520721,-0.8683280348777771,0.1728643476963043,-0.1377306431531906,-0.2829202115535736,0.312147855758667,-0.7298805117607117,0.3388964235782623,0.1424144953489303,-0.1129440441727638,0.3945612907409668,0.4246352910995483,-0.2910743355751037,-0.1674259603023529,0.4524502754211426,0.3383530974388122,-0.4104370474815368,1
0.2413127571344375,0.1787703335285186,0.4631074070930481,-0.2309708595275879,0.2003732621669769,0.277688056230545,0.122989721596241,0.308803528547287,-0.009906692430377,-0.619081437587738,0.7028918266296387,-0.3670854270458221,-0.6940755248069763,0.2042390406131744,0.3712596893310547,-0.3850686252117157,0.0479442365467548,-0.0029694295953959,-0.0235241279006004,-0.6805608868598938,-0.7096894383430481,-0.3323213160037994,0.133449524641037,0.3075015842914581,-0.0579979717731475,-0.3176624774932861,0.2532162666320801,0.3636884987354278,-0.06850615888834,0.0407397486269474,-0.3937130868434906,-0.2223573923110962,0.1632612198591232,0.0832343325018882,-0.0201122909784317,0.4200762808322906,-0.0385860241949558,-0.0719058960676193,-0.1453847140073776,-0.0582923367619514,0.0135667948052287,-0.1084998920559883,-0.4628358781337738,-0.1235483288764953,0.0751526281237602,0.5497376322746277,0.2003061473369598,0.1607071906328201,0.6362603902816772,0.1629896461963653,-0.1024657636880874,0.2144966721534729,0.3965997397899627,-0.1590530276298523,0.2973221242427826,-0.1747583895921707,0.4911096692085266,-0.2990573942661285,-0.181793212890625,-0.0168553367257118,-0.1853495240211486,-0.18560691177845,0.1348696798086166,-0.1999842971563339,-0.0588796064257621,-0.5896822214126587,0.2047021836042404,-0.1098772808909416,-0.2945514619350433,-0.8377299904823303,-0.4084526896476745,0.0486794635653495,0.1980382204055786,-0.3737556040287018,0.6239222884178162,-0.4078696072101593,0.3511313796043396,0.1782393455505371,-0.0216964837163686,0.0487788133323192,0.0719891414046287,0.4078477323055267,0.0116257676854729,-0.4409614205360412,0.4782087206840515,-0.0275317933410406,-0.2514725029468536,-0.7447549104690552,0.2051654756069183,-0.3792103826999664,-0.1349472403526306,-0.0864250659942627,0.7027817964553833,0.0751868039369583,-0.0480694435536861,-0.092638686299324,0.0666812807321548,-0.296792209148407,-0.1828226745128631,0.4300658702850342,0.1845071017742157,0.2618727385997772,0.3073272109031677,-0.108279675245285,-0.1922115236520767,0.051080334931612,-0.2113365679979324,0.1311621814966201,0.1733545213937759,-0.1695635020732879,-0.0520379804074764,-0.4638365507125854,-0.7414183020591736,0.243459939956665,-0.2268925160169601,-0.0013846431393176,-0.0529135353863239,0.2848470211029053,-0.6557327508926392,0.5488384366035461,0.4753878116607666,0.4563406705856323,0.0971252173185348,-0.2150113582611084,-0.1586046665906906,0.3361483812332153,-0.1139255836606025,-0.1999377310276031,-0.1110959947109222,-0.1130072101950645,-0.624144971370697,0.1062829121947288,-0.1758894622325897,0.0410359315574169,-0.0410412959754467,0.6244069337844849,0.232682392001152,-0.3461590707302093,-0.2464451789855957,-0.4861814081668854,-0.039217859506607,-0.4130640625953674,0.2633273899555206,-0.3577988147735595,-0.2995397448539734,0.4134209454059601,-0.3359703719615936,-0.6493031978607178,0.5211266875267029,0.313008189201355,-0.2839158177375793,0.7572974562644958,-0.5182087421417236,-0.06156961992383,0.1027121022343635,0.017388368025422,-0.5008480548858643,0.0049629779532551,-0.2358529269695282,0.1593533754348755,0.0162526108324527,-0.3121871650218963,0.1381345838308334,0.7075648903846741,-0.035793200135231,0.2624489068984985,0.4848371744155884,0.3598402142524719,-0.1327529996633529,0.3693170547485351,0.173502579331398,0.3283210694789886,0.1605433970689773,-0.1474442332983017,0.2038976699113845,0.4113959968090057,0.1904880404472351,0.1232999190688133,0.1739604622125625,-0.6162610054016113,-0.1287829428911209,-0.5904178023338318,-0.2561262249946594,-0.4298394918441772,0.0668615847826004,-0.0496128797531127,0.1180369034409523,-0.0869859009981155,-0.009336482733488,-0.6274248361587524,0.1896704584360122,-0.3846854865550995,0.0583632625639438,-0.341237872838974,-0.0775578394532203,-0.1159388944506645,-0.1863009631633758,-0.1251313388347625,-0.1304588466882705,0.6321461200714111,0.0707256495952606,0.2466509938240051,-0.1562853902578354,-0.2597391903400421,-0.9400139451026917,-0.2574775516986847,0.3049747347831726,0.2313425093889236,0.5142185688018799,0.2665613889694214,-0.276700347661972,0.5655514597892761,0.2455798685550689,0.1894823908805847,0.1442545801401138,0.4631680250167846,-0.4667972028255462,-0.4875037968158722,0.3424248993396759,-0.045272622257471,0.2025156915187835,-0.1735217124223709,0.4550232887268066,0.1352211833000183,0.1277494728565216,0.3906180262565613,0.3952604830265045,-0.0449961349368095,-0.2838775217533111,0.581055760383606,-0.2730138301849365,-0.3001729249954223,-0.5723670125007629,-0.2318571507930755,-0.7001567482948303,-0.1541214883327484,-0.3089911937713623,0.3295716643333435,-0.3614890575408935,0.0553109087049961,0.2006274759769439,-0.2713775038719177,-0.0228559263050556,-0.3499003052711487,0.1026369631290435,0.018752571195364,-0.0759266689419746,0.0073384214192628,-0.1255257278680801,0.0043984237127006,-0.5807868242263794,-0.5806497931480408,0.0001522223901702,-0.5368183851242065,0.3955245316028595,0.3873147368431091,0.5032966732978821,-0.1842720657587051,0.1282427310943603,-0.6778523921966553,-0.097983032464981,-0.6286552548408508,-0.2052749395370483,-0.3768730163574219,0.0444958433508873,0.060356218367815,-0.1927465051412582,-0.4949775636196136,-0.3392795324325561,-0.273395836353302,-0.0742387548089027,-0.2183254659175872,-0.1790715306997299,0.2235536277294159,0.0046378392726182,0.0427511520683765,-0.5416058897972107,0.2387636601924896,-0.132682591676712,0.3067868947982788,-0.62679123878479,0.1875622719526291,-0.6922306418418884,0.41200852394104,0.1021604314446449,-0.2388453632593155,-0.2053805440664291,-0.6097872853279114,-0.1929580569267273,0.3759879171848297,0.1185566857457161,-0.3626678884029388,-0.5758072733879089,0.1323152780532837,-0.1763930320739746,-0.0173126719892025,0.0449931807816028,0.3379239737987518,0.3768601715564728,0.1699140965938568,0.1931411623954773,0.4403726756572723,0.0646395236253738,-0.2482482194900512,-0.2538265883922577,-0.3352954089641571,-0.3866178095340729,-0.1763036847114563,0.4713699221611023,-0.3018929064273834,-0.1224082186818122,0.684111475944519,-0.2768462002277374,0.3288931250572204,0.2130254954099655,0.2835222780704498,-1.904072999954224,0.1054731979966163,0.3875754475593567,0.0553796254098415,-0.1157830283045768,0.6769788265228271,0.193166971206665,0.2563250958919525,-0.5997396111488342,-0.5158461928367615,0.6794787645339966,0.4471501111984253,-0.1428871601819992,-0.031478077173233,0.4068558514118194,-0.15891133248806,-0.0096568493172526,-0.7697862982749939,0.1979604065418243,0.3812753856182098,0.1119302734732627,-0.1508769989013672,0.092798575758934,-0.2917239964008331,0.0856456458568573,0.0926432013511657,0.1707013547420501,0.5206187963485718,-0.743687093257904,-0.0502448417246341,0.0522429123520851,0.8600127696990967,0.8047516942024231,0.4540750682353973,0.0550342835485935,-0.2378327548503875,0.2510644495487213,0.7954850196838379,0.4641810953617096,-0.1454514563083648,0.0224768798798322,-0.1577703207731247,0.5330590605735779,0.2399826198816299,-0.1744367033243179,-0.0078560700640082,0.2891948521137237,0.2068371325731277,-0.1853278279304504,0.6378749012947083,0.7026211023330688,0.1643740087747573,0.2274199575185775,0.1122594624757766,1.0803776979446411,0.0167354959994554,-0.1720712631940841,-0.6439107656478882,-0.0693342164158821,-0.3772121667861938,0.0281704869121313,0.0341115146875381,0.1204939261078834,0.3888536691665649,-0.26344895362854,0.2356073856353759,0.1882521957159042,-0.141860157251358,0.3511867523193359,-0.5903806090354919,-0.4722960591316223,-0.1884626150131225,0.0787147358059883,-0.7799350619316101,0.4340822100639343,0.3551900088787079,0.4194347858428955,-0.1693917661905288,-0.418043315410614,0.0821450799703598,-0.1838152557611465,-0.1405083686113357,-0.1368604600429535,0.2683771848678589,0.0035926848649978,-0.3261288106441498,0.1754208654165268,-0.4795490205287933,-0.4578913748264313,-0.0307402648031711,-0.9618868231773376,-0.1040217950940132,-0.1706620752811432,0.563137412071228,-0.1736572682857513,-0.0861991345882415,0.1741252243518829,-0.0278803668916225,-0.1509958058595657,-0.1282553821802139,-0.5938723683357239,0.4089792668819427,0.0829112455248832,0.1023548021912574,0.3406684398651123,0.322893887758255,0.223098412156105,0.3688583970069885,-0.5460566282272339,0.0554232895374298,-0.6036502718925476,-0.3188444375991821,0.6694896221160889,-0.1693537682294845,0.2791080772876739,0.0025752088986337,-0.1787163913249969,0.542557954788208,-0.2638455331325531,-0.5683379173278809,-0.1815653145313263,0.6087106466293335,0.0767980962991714,0.6428160071372986,0.3767095804214477,0.7915942072868347,-0.1173194795846939,0.4403795003890991,-0.0117283333092927,-0.0706030502915382,0.4441592097282409,-0.6632746458053589,0.086125947535038,-0.0458831451833248,0.1410325169563293,0.4225548207759857,0.2312281280755996,0.1681516319513321,0.2723524868488312,0.204196348786354,-0.1137217283248901,0.2081228494644165,0.2457365095615387,0.4334879219532013,-0.3478754460811615,-0.6161081194877625,-0.3627859354019165,0.0360947698354721,-0.4686858057975769,-0.1440361589193344,0.6839170455932617,-0.0683362036943435,0.0923455953598022,-0.230743795633316,-0.726019024848938,-0.4816818833351135,-0.4784334897994995,-0.2105551660060882,0.0735890418291091,0.4203126728534698,0.572357177734375,0.0075897825881838,-0.9132795929908752,0.3101041913032532,0.1929487884044647,0.4606478214263916,0.1261327117681503,-0.2455170452594757,-0.1573473215103149,0.0669548138976097,-0.0716644003987312,-0.1940649151802063,0.1808452606201172,0.0132692204788327,-0.0506711341440677,-0.4842084348201751,0.1540281176567077,-0.2623700499534607,0.147505834698677,-0.2539973258972168,0.5185579657554626,0.1032202765345573,-0.7609311938285828,-0.3099862039089203,0.1274624466896057,-0.2596737444400787,-0.130606472492218,-0.6116222143173218,0.1900205761194229,-0.3813090324401855,-0.1310446858406067,0.289544016122818,0.5359349846839905,-0.292400449514389,-0.1346074938774109,0.3891332149505615,0.569875955581665,-0.0460829734802246,0.0397218838334083,-0.0701807290315628,-0.2849186658859253,-0.1758468896150589,0.042526826262474,-0.1490150094032287,-0.1989455670118332,-0.0196695402264595,-0.7796398997306824,-0.2522390782833099,0.0596350096166133,-0.8661103248596191,0.6774477958679199,0.1855203956365585,0.5301793217658997,-0.5003162026405334,-0.0892804190516471,-0.2446640431880951,-0.055185467004776,-0.0067036617547273,0.4187356233596802,-0.0389188192784786,-0.7822460532188416,-0.0678139701485633,-0.4740712940692901,-0.4957434237003326,0.4799340665340423,0.3959895372390747,-0.403847336769104,0.0971675738692283,0.3388460874557495,-0.2263126224279403,-0.14765365421772,0.0829782858490943,-0.1345392167568206,0.1110608279705047,0.2892637252807617,0.0348658375442028,0.2147877961397171,0.2842249870300293,-0.3344732522964477,0.1853161603212356,0.2598049938678741,0.6585676670074463,0.2961028516292572,-0.0005682099144905,0.0101207103580236,-0.0323925204575061,-0.557614266872406,0.4538787305355072,0.2717209458351135,0.5444968938827515,-0.3912653625011444,0.6192585825920105,0.6213282346725464,-0.4582399129867553,0.3543581068515777,0.6622916460037231,0.4146571457386017,0.3334271311759949,-0.0352933555841445,-0.0612291432917118,-0.7317131757736206,0.2767074108123779,-0.030510202050209,0.2554322183132171,-0.0355859622359275,-0.03243850171566,-0.1068602353334426,-0.2455630004405975,0.0175148211419582,0.3637334406375885,0.3277826011180877,0.1446813493967056,0.3021716773509979,-0.377583771944046,0.4751031100749969,0.4331249892711639,0.0210160855203866,-0.1459994614124298,0.2460961192846298,0.3802261054515838,0.6374589800834656,0.0314390994608402,0.3572412133216858,-0.2072588503360748,-1.0218791961669922,0.0856554731726646,0.0102315852418541,0.3644465208053589,0.5951054692268372,-0.5780338048934937,-0.2023299187421798,0.1860213130712509,0.5037203431129456,-0.2873859405517578,-0.0941149368882179,-0.4399446547031402,0.1732430458068847,0.2615323066711426,-0.1303068548440933,0.0727578476071357,0.1291072368621826,0.3212997913360595,-0.1634944677352905,0.1456749439239502,0.2130679488182068,0.7299164533615112,0.1362379342317581,0.0912676230072975,0.0425005368888378,-0.2699767649173736,-0.4450969099998474,0.0519218407571315,0.0658692419528961,-0.3387294709682464,-0.4071281552314758,0.0378243289887905,-0.3907216489315033,0.1473091691732406,-0.2990520000457763,0.2549092173576355,0.3078309893608093,0.057633202522993,-0.0366539470851421,-0.4790743589401245,-0.0632993876934051,-0.0242817495018243,-0.7737974524497986,0.0951301604509353,-0.2579847872257232,0.1720798462629318,-0.2192899286746978,0.0213155206292867,-0.4729840755462646,-0.2633458077907562,-0.367784172296524,0.5505667924880981,-0.1218723282217979,-0.4214291572570801,0.4173358082771301,0.3114523291587829,-0.1264443844556808,-0.9922773838043212,0.3278978765010834,0.3606756329536438,0.5684622526168823,-0.2312356829643249,0.509494423866272,-0.3745315074920654,0.2229006588459015,0.1008925884962081,-0.4160842299461365,0.5262504816055298,-10.464190483093262,-0.4213390946388244,-0.4990895688533783,-0.2991828024387359,-0.523726224899292,0.3393937647342682,0.6275897026062012,0.3310806453227997,-0.4008956253528595,0.1503154784440994,0.0772168710827827,0.4325231611728668,0.3527701199054718,0.3085150718688965,-0.5929360389709473,0.1288890391588211,-0.3219438791275024,-0.482525885105133,0.0016949117416515,-0.2160532176494598,0.1131066754460334,-0.6644826531410217,0.5310324430465698,0.5345878601074219,0.1479681879281997,-0.1676557660102844,-0.139973372220993,0.4004792869091034,-0.031229430809617,0.2987416684627533,-0.8072220683097839,0.4482598602771759,-0.1692170053720474,0.4520938098430633,-0.2333208620548248,0.0534967370331287,-0.2512939572334289,0.5023176074028015,0.0249905418604612,0.3453520238399505,0.3133562207221985,0.4285598397254944,0.0775187611579895,-0.117707647383213,-0.2019536346197128,0.3702673316001892,0.1418785601854324,0.3137893378734588,0.5656222105026245,-0.0047943969257175,0.0482669658958911,-0.1866386830806732,-0.2593395709991455,-0.3541021943092346,0.2779557704925537,-0.0045330733992159,0.7600528597831726,-0.7735229134559631,-0.0309431999921798,0.1052391529083252,0.3330523669719696,-0.145843043923378,0.9523369073867798,0.8970859050750732,0.2635754644870758,0.160239428281784,0.4378549754619598,0.3983334004878998,-0.3247032165527344,-0.1075038537383079,0.3310868144035339,0.5564315915107727,-0.0966658219695091,0.2015350461006164,0.1424711048603058,0.7568235397338867,0.0272642467170953,-0.2367813438177108,0.2114190310239792,-0.2960522174835205,0.4381178021430969,-0.1655402332544326,-0.2865816056728363,0.1388946920633316,-0.6065528392791748,0.2488703578710556,0.0686032027006149,0.3074870109558105,0.1111298725008964,-0.5870758891105652,0.4450457394123077,-0.1704249233007431,-0.2904482185840606,0.4092161357402801,0.2255211770534515,-0.2218035459518432,-0.1488069295883178,0.3035394251346588,0.3374594748020172,0.0487138368189334,1
0.1636033356189727,0.561111569404602,0.963577687740326,-0.2531377375125885,0.2561720609664917,0.0037769393529742,0.6681210398674011,-0.2369826585054397,-0.4657158851623535,-0.1556741744279861,0.4122114777565002,-0.2101794779300689,-0.4992119073867798,0.2613545060157776,0.3428426682949066,0.2632754743099212,-0.1777097433805465,-0.5320543050765991,0.0649681985378265,-0.0062607061117887,-1.2514986991882324,-0.8283905982971191,-0.1893840730190277,0.6716632843017578,0.2074388265609741,-0.978362500667572,0.3778003454208374,-0.0211091451346874,0.0104807252064347,-0.4039858877658844,-0.5493969321250916,-0.0247840136289596,-0.1916356235742569,0.588911771774292,-0.7297840118408203,0.2907217144966125,0.2353024929761886,-0.5326734781265259,0.0372516028583049,-0.2326942980289459,0.2697002291679382,-0.3141800463199615,0.1987658143043518,0.4804547727108001,0.052745945751667,0.3140006065368652,0.2158393412828445,0.0833956524729728,-0.2613480985164642,0.2624966502189636,-0.6328907012939453,0.3625494837760925,0.6217379570007324,0.2134969681501388,0.106652446091175,-0.3822693824768066,0.2382412701845169,-0.3022715151309967,0.3150130808353424,0.5371038317680359,-0.4602276980876922,-0.0521640889346599,0.2732818126678467,0.233560174703598,0.0440126992762088,0.459627628326416,-0.310776799917221,-0.2558731734752655,0.1844891607761383,-0.9530168175697328,-0.0116699924692511,-0.0267543606460094,0.0759125724434852,-0.8652083277702332,0.6292843818664551,-0.1135312318801879,0.174959048628807,0.2808574736118316,0.0798219963908195,0.0707317367196083,-0.0850631669163703,0.2571819424629211,0.0551892518997192,-0.4449317455291748,-0.8189011216163635,0.0933475047349929,-0.6966170072555542,-0.6231308579444885,0.3715043663978576,0.0411418043076992,-0.195469856262207,-0.4279313087463379,-0.414786547422409,0.3399111330509186,0.486581027507782,0.6072031855583191,0.1653328835964203,-0.3066744804382324,-0.1960984468460083,0.2707450687885284,0.3154460787773132,-0.198801577091217,0.4089021980762481,-0.161339059472084,0.1772884130477905,0.1859771162271499,-0.3706162571907043,0.1487167775630951,0.4087929427623749,0.2127573937177658,-0.5675005912780762,-0.1415347009897232,-0.8027466535568237,-0.3715340495109558,0.1985450088977813,0.3180364966392517,-0.5262210369110107,0.1496967673301696,-0.2264241576194763,-0.026380781084299,0.0683838203549385,0.5679335594177246,0.1338820457458496,-0.8038051128387451,0.1470245718955993,0.5012581944465637,0.2987092435359955,-0.1029233187437057,-0.4276900589466095,-0.2983180582523346,-0.5082040429115295,-0.3896224796772003,0.0146926427260041,0.4399013817310333,-0.6635875701904297,0.5561978816986084,0.2441409528255462,0.1976242661476135,0.0307847503572702,-0.310484915971756,-0.4377128481864929,-0.0702986568212509,-0.0670259818434715,-0.5504514575004578,0.2806242704391479,-0.2523664236068725,-0.773504912853241,-0.3963729739189148,-0.3380880355834961,-0.2598858773708343,0.0316100306808948,1.265968918800354,-0.536586582660675,-0.3845497965812683,0.3121085166931152,0.2265555113554,-0.7506274580955505,0.0407783314585685,-0.0086836935952305,-0.0120559930801391,0.1465072035789489,-0.434125006198883,0.3764253854751587,0.4527550935745239,0.6107216477394104,-0.1433086544275283,0.1215642541646957,-0.2170065641403198,0.0892624035477638,0.3414625227451324,0.8294426202774048,-0.0434506572782993,0.6894717216491699,0.1754560470581054,-0.0819169133901596,0.3937259316444397,0.8955094218254089,-0.3234723806381225,-0.0285314228385686,-0.3221807777881622,-0.2763329446315765,-0.3619387447834015,0.2554941177368164,-0.4938167631626129,0.6150464415550232,-0.714162290096283,0.3507383465766907,-0.2791033685207367,-0.3053508698940277,-0.1471838653087616,0.0965518578886985,-0.3451727628707886,0.885943591594696,-0.3478475213050842,-0.5721448063850403,-0.3344023823738098,0.2664563357830047,0.1634293645620346,-0.5658764839172363,0.2493746131658554,0.216334730386734,0.1262945681810379,-0.0611438192427158,-0.6547394394874573,-0.5595773458480835,0.4156877100467682,0.2593433856964111,0.0345921441912651,0.1855775564908981,0.81205153465271,-0.3644900321960449,0.2777253687381744,0.5671217441558838,0.1164997667074203,0.113798089325428,0.2314918637275695,-0.1077049225568771,-0.4002515375614166,-0.0844152346253395,-0.193388819694519,0.6975213289260864,-0.3220672607421875,-0.5721579194068909,0.2380638718605041,0.0907755270600318,0.4227487742900848,0.1942300051450729,-0.1469082236289978,-0.111429713666439,0.128377765417099,-0.9451138973236084,-0.3792916238307953,-0.8438268303871155,-0.3373114466667175,-0.4898469150066376,-0.6033492684364319,-0.3420318067073822,-0.187918871641159,-0.6267412900924683,-0.0337494574487209,-0.1445643603801727,-0.4070040583610534,0.1445918083190918,-0.30048468708992,-0.1697904616594314,0.0613060146570205,0.0031667852308601,-0.3228898644447326,-0.4277336895465851,-0.0362180210649967,-0.0487673319876194,-0.4170413613319397,0.2107020020484924,-0.2122837454080581,1.036943435668945,0.6474319100379944,0.7517209649085999,-0.5991201400756836,0.4855745434761047,-0.4265500009059906,-0.3094269335269928,-0.3621403276920318,0.3366130590438843,0.3464748859405517,0.1144846230745315,-0.0778585597872734,-0.3501761853694916,-0.6980296969413757,-0.8475037813186646,-0.5567967295646667,0.5965973138809204,-0.1506955921649933,0.0554423034191131,-0.4012850522994995,0.1516161412000656,0.336203932762146,-0.6128433346748352,0.8596689105033875,-0.4064784049987793,0.4373247325420379,-0.8021085262298584,0.965873658657074,-0.0592792965471744,-0.088930606842041,-0.1726148575544357,0.4760210514068603,-0.8327115178108215,-0.0510946847498416,-0.7541890740394592,0.9489638805389404,0.3522171080112457,-0.4529930353164673,0.0723286345601081,0.2321283519268036,0.0494474358856678,0.4085912108421325,0.4257994890213012,0.2895153760910034,0.4385920464992523,0.1574307978153228,0.2889306247234344,0.1980244368314743,-0.1148607358336448,-0.3205969631671905,0.2449423521757125,-0.1758522689342498,-0.2829836010932922,0.5001189112663269,0.2650056481361389,-0.1706274151802063,0.6266308426856995,0.4882124364376068,-0.5540398359298706,0.4731266796588897,0.814007580280304,0.3709324300289154,-1.265225172042847,-0.462719976902008,0.385998785495758,0.2014256119728088,0.143208771944046,-0.2415150851011276,0.4116595089435577,0.5126283764839172,-0.345255583524704,-0.3808121681213379,1.2418192625045776,-0.267702966928482,-0.3135873973369598,0.1961263418197631,0.3140738904476166,-0.2268038988113403,0.1979412734508514,-0.6149446964263916,0.1073549911379814,0.6053560376167297,-0.4457778632640838,0.0998661443591117,-0.0748908668756485,0.0216349977999925,-0.3337031006813049,0.2572374045848846,-0.7124850153923035,-0.1461291909217834,-0.0859092250466346,-0.1520982533693313,-0.2600413262844085,1.1074728965759275,0.4221033155918121,0.8085469603538513,-1.0174399614334106,-0.5566771030426025,0.0952742025256156,0.1530475616455078,0.2620362937450409,-0.6846132874488831,-0.5069632530212402,-0.4785407781600952,0.1731855422258377,-0.4431758224964142,0.2968694269657135,-0.24700728058815,0.2778592407703399,0.1827481389045715,-0.44000905752182,0.3026061058044433,0.6951167583465576,0.1920225322246551,0.3094635009765625,0.4287703335285187,0.2227772921323776,0.5444815158843994,0.1397334635257721,-0.4710715711116791,-0.0470793843269348,-0.2889629602432251,0.6266775727272034,-0.0203951112926006,-0.6440169811248779,0.426964521408081,0.3350685834884643,-0.0775960758328437,-0.2388084977865219,-0.6172447204589844,0.2931431531906128,-0.4818062782287597,-0.1961764246225357,-0.3971295356750488,-0.0780908018350601,-0.2533243000507355,1.008183240890503,0.5932169556617737,0.2258384674787521,-0.7437592148780823,-0.7364584803581238,0.1433902531862259,0.0210463963449001,0.4733056128025055,-0.0631350576877594,0.2008484154939651,-0.0580213703215122,-0.3850026726722717,-0.280049592256546,-0.2874308228492737,-0.4905219376087188,-0.1702275872230529,-0.3807826638221741,-0.147157147526741,0.0808348581194877,1.0158981084823608,-0.0818671211600303,-0.004370572976768,0.2624228894710541,0.9211495518684388,-0.335390031337738,-0.1737891584634781,-0.7306902408599854,0.3335688412189483,0.4802128672599792,0.2594322562217712,0.4182129502296448,0.1956575512886047,0.6456239223480225,-0.2136932462453842,0.1787424236536026,0.5623208284378052,-0.0952494293451309,-0.4659020006656647,0.5894495844841003,-0.353551834821701,0.5185765027999878,0.5021246075630188,-0.2376965284347534,0.5330886244773865,-0.5828683972358704,-0.3418177962303161,0.1960365623235702,0.439268559217453,0.1021599173545837,0.0731368437409401,0.5089455842971802,0.7323586344718933,0.0620243400335311,0.534525454044342,-0.1531139463186264,0.0223901364952325,-0.0430824011564254,-0.3571098446846008,0.3915051519870758,-0.1267165541648864,0.4575133621692657,0.7474158406257629,0.0745801553130149,0.0334050059318542,0.4647896587848663,0.3221175670623779,-0.132783830165863,0.4436643421649933,-0.2163534760475158,-0.0820769295096397,-0.4788778722286224,0.5293567180633545,-0.43360435962677,0.0695783197879791,-0.2839755713939667,-0.069477804005146,0.3941607773303985,-0.4528413414955139,0.3873246908187866,-0.5118597149848938,-0.9780595898628236,-0.8962481021881104,-1.0405863523483276,-0.0377825200557708,-0.6197991371154785,0.1917845606803894,0.4336929619312286,0.3377228379249573,-0.5852713584899902,0.5866094827651978,0.5232565402984619,0.4369068741798401,0.0211797580122947,-0.3005701601505279,-0.329498142004013,-0.4395101070404053,-0.2453618943691253,0.1290901005268097,0.1257193833589553,-0.14954274892807,-0.485604465007782,-0.3824949860572815,-0.2386953830718994,-0.1579154729843139,-0.0722726732492446,-0.3969164490699768,0.2522070407867431,0.3051595389842987,-0.8789565563201904,0.4764496684074402,-0.294450581073761,0.4684979617595672,-0.4818902611732483,-0.3454395830631256,-0.2334645837545395,-0.0699124783277511,0.0146506465971469,0.5087404251098633,0.5976147055625916,-0.3362413942813873,0.317217081785202,1.04651939868927,0.3058985471725464,-0.6563881635665894,0.0283049121499061,-0.3907175660133362,-0.8868690133094788,0.5473998785018921,0.1714128702878952,0.5072013139724731,0.3823002874851227,-0.0345996581017971,-0.76572185754776,-0.2352195233106613,-0.1581593602895736,-0.6667020916938782,0.6334596276283264,-0.5278449058532715,0.6031165719032288,-1.001394271850586,0.4279980659484863,-0.4415233433246612,0.0644017681479454,-0.3051568865776062,0.4913522899150848,-0.1681446731090545,-0.5527747273445129,-0.1379607617855072,-0.4200040102005005,-0.4035248756408691,0.7793075442314148,0.4228866696357727,-0.6714585423469543,0.7570399045944214,0.8811750411987305,0.2145569324493408,0.0186129938811063,-0.0168943759053945,-0.4293434023857116,0.0567590780556201,0.1421727389097213,-0.0225387811660766,0.603763222694397,0.56138676404953,-0.3299057185649872,-0.3262313306331634,0.8162087202072144,0.1292272359132766,0.4442755579948425,-0.0490773431956768,-0.5764775276184082,0.1528856456279754,-0.0182719081640243,-0.2008824795484542,0.0378912128508091,0.7835245728492737,-0.4608275294303894,0.539143979549408,0.5294048190116882,0.0207973700016737,-0.0117460554465651,1.486467719078064,-0.3431360423564911,0.731328010559082,0.337306946516037,0.3415243625640869,-0.8939433693885803,0.3844484090805053,0.6331609487533569,0.2418284863233566,0.0961683839559555,0.088318258523941,-0.3438937962055206,-0.576559841632843,0.7114467620849609,-0.8872788548469543,-0.009042115882039,0.2598137259483337,0.5655202269554138,-0.1510202437639236,0.8814719915390015,0.515365481376648,0.0714452117681503,0.3477046489715576,0.2731968462467193,0.7529176473617554,0.4358554482460022,-0.0934442356228828,0.7085435390472412,-0.5229257941246033,-0.6610777974128723,0.5142320394515991,-0.4635368287563324,-0.0270550586283206,0.0968362018465995,-0.5858202576637268,-0.4646041393280029,0.5281018614768982,0.5531213283538818,0.362198144197464,-0.2891520261764526,-0.3393336534500122,-0.0722410976886749,0.0800727009773254,-0.2968769371509552,0.2656585276126861,-0.1764492392539978,0.7624269723892212,0.3610162138938904,0.1738498657941818,0.2634904682636261,0.3823133409023285,-0.0909759625792503,-0.0705301836133003,0.4688455164432525,0.1794443130493164,0.2476493418216705,-0.0035920403897762,0.4733014702796936,0.0341785736382007,-0.4408974051475525,0.7789172530174255,-0.3337045609951019,-0.5444247722625732,-0.2700710594654083,-0.0357808470726013,0.3648974001407623,-0.1813913881778717,-0.0201868526637554,-0.340008407831192,0.2288478314876556,0.1527169197797775,-0.7295870780944824,0.2882664501667022,0.3661386966705322,-0.149304062128067,0.1141342744231224,-0.1711955815553665,-0.395289659500122,-0.6547362804412842,-0.220074251294136,0.0437257811427116,-1.1788232326507568,-0.3561443388462066,0.6803038120269775,0.1584492772817611,-0.3371363282203674,-1.1833661794662476,0.4725238680839538,-0.365001767873764,0.4758161902427673,-0.0774253085255622,-0.0539039373397827,0.1834788471460342,-0.1411893665790558,-0.3533234894275665,-0.3160483539104461,-0.2004254013299942,-9.859247207641602,0.2976449728012085,-0.1248771175742149,-0.4893210530281067,0.1110296547412872,-0.3544816374778747,0.4842766523361206,0.6801800727844238,-0.3704840242862701,0.5966314077377319,-0.4415507018566131,-0.2758929431438446,0.6819625496864319,-0.1876354366540908,-0.3189501762390136,-0.2509037852287292,-0.5997794270515442,-0.4294027090072632,-0.2562982439994812,0.1988153904676437,-0.0207847580313682,-0.1338878720998764,1.0263043642044067,0.6937289834022522,-0.2525475323200226,-0.2988838851451874,0.2512713968753814,0.4533590674400329,0.3672648072242737,0.0686093121767044,-0.570196270942688,0.6500617265701294,-0.3537479043006897,0.191726416349411,-0.1362497210502624,0.1315823793411255,0.3134248256683349,0.0374453850090503,-0.4943714141845703,0.2524754703044891,0.5206920504570007,-0.1471624076366424,-0.5399802327156067,-0.0679523050785064,0.5883876085281372,-0.5378244519233704,-0.0984445810317993,0.2444182485342025,0.7359997034072876,-0.1326173096895218,-0.2001760452985763,-0.2775997221469879,0.6803111433982849,-0.1878238022327423,0.1431863605976104,-0.0060076965019106,0.6816072463989258,-0.3224541544914245,-0.2205148488283157,-0.5970794558525085,-0.3225646913051605,-0.1359771788120269,0.2457673847675323,0.7954339981079102,-0.1363817602396011,0.3457787930965423,-0.31969153881073,0.0621876642107963,-0.7236897945404053,-0.1568492949008941,0.3804731369018554,0.5976942777633667,0.3617646694183349,-0.0759989321231842,0.2414240390062332,0.2310068011283874,-0.627083957195282,0.039985042065382,0.3882933557033539,-0.0081037580966949,0.1015816703438758,-0.6113519072532654,-0.0239075180143117,0.9026625752449036,-0.7925040125846863,-0.0410769917070865,0.1705383360385894,-0.1098562330007553,0.4107948243618011,-0.3284217715263366,0.1153467446565628,-0.2102152407169342,-0.4222365021705627,0.5111948847770691,0.2240893393754959,-0.5371343493461609,0.1260983049869537,0.1600412726402282,-0.0152237880975008,-0.6845465898513794,1
0.2505481839179992,0.4489372670650482,0.1492974162101745,-0.5586414337158203,-0.0013604935957118,0.0918458104133606,0.3721223175525665,-0.0234025865793228,0.0832772254943847,-0.4972952902317047,0.922433853149414,0.0710767582058906,-0.3678937554359436,-0.0582557208836078,0.4592601954936981,0.0477102994918823,0.3026152551174164,-0.0985034108161926,-0.3389739096164703,-0.3084463775157928,-0.4294740259647369,-0.4628788530826568,0.0032123664859682,0.1254025250673294,0.4180895090103149,-0.4004127383232116,-0.0911752507090568,0.2276809960603714,-0.1435918509960174,-0.1566646099090576,-0.3757165074348449,-0.3744196891784668,-0.1879740059375763,-0.2184703797101974,-0.278684914112091,0.8278489112854004,0.1410537958145141,-0.2761842608451843,0.0495626181364059,-0.0305525045841932,-0.2750777900218963,-0.103702962398529,0.1346310377120971,-0.2775102853775024,-0.3408503830432892,0.5337256789207458,0.0850845575332641,0.2999982237815857,0.3017307221889496,-0.0298516284674406,-0.4111286401748657,0.4123713672161102,0.2305360287427902,-0.0554429590702056,-0.0002612370881251,-0.1306027173995971,-0.1068493500351905,-0.177051767706871,0.1526751071214676,-0.0106077278032898,-0.080419547855854,-0.2179279178380966,0.1381518840789795,-0.0645262748003006,-0.4898168444633484,-0.2554144263267517,0.0158404614776372,0.0089113507419824,-0.1771092265844345,-0.5936737656593323,-0.3995041847229004,0.2752134203910827,0.1364410668611526,-0.409847617149353,0.4420993030071258,-0.3259541392326355,0.3144108355045318,-0.1611713469028473,-0.1378859132528305,-0.1059435307979583,-0.2272272706031799,0.4182016253471374,-0.1328671723604202,-0.6189823150634766,0.1171788424253463,0.0059523768723011,0.1065851971507072,-0.4834829270839691,0.3780913650989532,-0.5386707186698914,-0.3544098436832428,0.272403359413147,0.5725651383399963,0.3448121547698974,-0.2858032286167145,0.0702245160937309,0.1583373248577118,-0.2321749329566955,-0.2503252625465393,-0.1264444589614868,0.5010859966278076,-0.3914403915405273,0.1215318441390991,-0.1627832204103469,-0.1635713726282119,0.1289453953504562,-0.4897728264331817,0.5729210376739502,-0.0315574333071708,-0.1191677451133728,-0.2018569260835647,-0.2577365636825561,-0.3563779592514038,0.4040128290653229,-0.2662290036678314,-0.1149513870477676,-0.1682388335466385,0.3997953832149505,-0.2984249293804168,0.1948220431804657,0.2346782982349395,0.2928614318370819,0.0676141455769538,0.1553054451942443,-0.0961431860923767,0.5456915497779846,-0.2279289662837982,-0.0558218955993652,0.0611917041242122,-0.2349888235330581,0.2706878185272217,0.0724034383893013,-0.3393912613391876,-0.1392006874084472,-0.5784204006195068,0.2526203095912933,-0.155659407377243,0.0599726513028144,-0.0823525488376617,-0.5838775634765625,0.047910239547491,-0.2668199837207794,0.2308844178915023,0.1897561997175216,0.0472326166927814,0.0304461829364299,0.4092461466789245,-0.2077170759439468,0.446753054857254,0.1353139877319336,-0.0519040711224079,0.783359169960022,-0.3722396194934845,-0.2989800870418548,-0.2798097133636474,0.042486522346735,-0.3434524536132812,0.0400078408420085,0.0653272718191146,0.4727227985858917,0.2746033072471618,-0.6966155767440796,0.0782220959663391,0.4430415630340576,0.2624966502189636,0.7815207242965698,0.1209591776132583,-0.0958712175488472,-0.0241772830486297,0.5504213571548462,0.2618978321552276,0.4256070256233215,0.1255105286836624,-0.5663151741027832,0.2344573885202407,0.5653722882270813,0.1362340450286865,0.1511902064085006,0.2922266721725464,-0.4613509178161621,0.1085969433188438,-0.4493367969989776,-0.2269296944141388,-0.4779540002346039,0.5775596499443054,-0.1593138724565506,-0.1407499462366104,0.0492161028087139,0.0404408201575279,0.0006456886767409,-0.5783886313438416,0.0301188584417104,0.5472155809402466,-0.4307481944561004,-0.0494826287031173,-0.1220207810401916,-0.0579941235482692,-0.3472139537334442,-0.1853754818439483,0.5233907103538513,-0.0871587991714477,0.2898628711700439,-0.2703546583652496,-0.2009024322032928,-1.124642014503479,-0.222978800535202,0.2935783565044403,0.4990005493164062,0.2641696035861969,0.1191057860851287,-0.4838886857032776,0.2278601378202438,0.4431247413158417,0.4852368533611297,0.0213789027184247,0.0502767190337181,-0.2780689299106598,0.179585114121437,0.3599025011062622,-0.5641339421272278,0.0423757135868072,-0.1109554767608642,0.0774233862757682,0.3421428501605987,-0.2297710478305816,-0.103759691119194,-0.0296202395111322,0.0609361641108989,-0.1472322195768356,0.7782184481620789,0.2733465433120727,-0.0964207574725151,-0.5749717950820923,-0.4450890123844147,-0.9197883009910583,0.2412146925926208,-0.1610824167728424,0.22455695271492,0.3092661798000335,0.297025203704834,0.2582457661628723,-0.2680031061172485,-0.1428358107805252,-0.2700835466384887,-0.2408133894205093,0.3363486230373382,0.1937740296125412,-0.1581805199384689,-0.5909778475761414,0.3315999209880829,-0.5108320713043213,-0.2683800160884857,0.6358513236045837,-0.1435994505882263,0.5744237899780273,0.1409382820129394,0.4897727072238922,-0.0853540748357772,-0.1874617785215377,-0.0955950766801834,0.0436156764626503,-0.4138393998146057,-0.1069721728563308,-0.2344851791858673,0.0109996134415268,0.1046502217650413,0.0584264323115348,-0.636326253414154,-0.0737071558833122,-0.3163428604602813,0.1024644523859024,-0.5688919425010681,-0.0704476460814476,0.230291873216629,-0.3569014072418213,0.250668466091156,-0.1041097939014434,0.3356075882911682,-0.2991388738155365,-0.0898166894912719,-1.0346769094467163,0.462022066116333,-0.7326732873916626,0.3542755842208862,0.1198809146881103,-0.1020419746637344,-0.0654364451766014,-0.1256033927202224,-0.1999105513095855,0.5118235349655151,0.1648826599121093,-0.2880998849868774,-0.5125777721405029,-0.0331790335476398,-0.1484315097332,0.0892459005117416,0.1570788919925689,-0.2203528583049774,0.0077931177802383,0.118221990764141,0.5483359098434448,0.1169387027621269,0.1514610946178436,-0.168676421046257,-0.3166066408157348,-0.8211398720741272,-0.174249917268753,0.1659409701824188,0.6097294688224792,-0.3898724913597107,-0.1515483856201172,1.065920114517212,-0.1712241768836975,-0.2753693759441376,0.2073781341314315,0.4925227761268616,-1.4006301164627075,0.1897653192281723,0.588225245475769,0.0082712536677718,0.0532373040914535,0.3261024951934814,0.305587887763977,0.3564168214797973,-0.5224007368087769,-0.0392370522022247,0.3144610822200775,0.3735979497432709,-0.0036170836538076,-0.3670718371868133,0.3963320851325989,-0.0700402110815048,0.0745707526803016,-0.612056314945221,-0.3191026151180267,0.4119139909744262,-0.0874440968036651,0.0874632224440574,-0.0170665271580219,-0.3100562393665313,0.0694663971662521,-0.2886847555637359,0.2692031264305115,-0.325777143239975,-0.2060827612876892,-0.2726702988147735,0.2635100781917572,0.449198842048645,0.661635160446167,0.5164912939071655,0.3551589548587799,0.2686977684497833,0.4473485052585602,0.3802987933158874,0.4603124260902405,0.3109914064407348,-0.1063156351447105,0.0195352584123611,0.5475675463676453,0.3219617009162903,0.2603946328163147,-0.0276618730276823,-0.2409785836935043,0.6404382586479187,-0.0342877991497516,0.4841922223567962,0.4391713440418243,0.6220520734786987,0.3925226628780365,0.2461102455854416,0.4162329435348511,-0.1992395222187042,-0.1421195566654205,-0.3447634279727936,0.2172411680221557,-0.2869605720043182,-0.159542977809906,-0.1537368595600128,0.2500409781932831,-0.1458094269037246,-0.51259446144104,0.1407272219657898,-0.4438359141349792,-0.0136881181970238,0.1929426491260528,-0.2214354574680328,-0.5873409509658813,-0.4135623872280121,-0.4071406424045563,-0.5993702411651611,0.487648457288742,0.2242782115936279,0.1675911098718643,-0.5403475761413574,0.1199017167091369,0.1179696023464202,0.1697641909122467,-0.1759710162878036,0.0114829167723655,-0.1525502800941467,0.0282090436667203,-0.1229961067438125,0.0094847762957215,-0.6527937650680542,-0.4276649355888366,-0.5186935663223267,-0.8451845645904541,-0.1182984411716461,0.1161651164293289,0.3922761380672455,-0.0325253829360008,0.1955144107341766,0.1770944148302078,0.2159095853567123,-0.2994886338710785,-0.1859803646802902,-0.8119920492172241,-0.0156768765300512,0.2146668434143066,0.2322666496038437,0.232969045639038,0.1962420046329498,0.1099632307887077,-0.0482075437903404,-0.2861345410346985,-0.012153910472989,-0.2400132715702057,-0.2711018323898315,0.9789894223213196,-0.2605230808258056,0.4552047252655029,-0.1963374316692352,0.1221195682883262,0.3167569637298584,-0.1554841697216034,-0.112817458808422,-0.0907303839921951,0.4706625342369079,-0.1368854939937591,-0.1007928028702735,0.0552294701337814,0.4654022455215454,-0.323762983083725,0.1653086394071579,-0.0653367415070533,0.1071037575602531,0.2053379118442535,-0.0762300416827201,-0.1510095745325088,-0.2405013442039489,0.1477335095405578,0.2341473698616027,0.2862294316291809,0.2517187595367431,0.2906464636325836,0.603635311126709,0.0465304367244243,0.2981800138950348,0.2586971819400787,0.7238072156906128,-0.2899322211742401,-0.2150292694568634,-0.4939345717430115,-0.0892949178814888,-0.4694490730762481,-0.1574169397354126,0.5626305937767029,-0.2203343510627746,0.2118527293205261,-0.1339785903692245,-0.6529372930526733,-0.0651318654417991,0.0051952362991869,0.0690673440694809,0.0703841000795364,0.3648920953273773,0.4399062097072601,-0.0126997204497456,-0.6327009201049805,0.5944579839706421,-0.3083150088787079,0.5145155787467957,0.3459455370903015,-0.5750617384910583,-0.2742610871791839,-0.0764722600579261,0.0789083093404769,0.0509687885642051,0.2437104284763336,0.5642279982566833,-0.3491406440734863,-1.0541503429412842,-0.1875897049903869,0.253937304019928,-0.1902288049459457,-0.4174838066101074,0.2181191146373748,0.1227318570017814,-0.9403929114341736,-0.6611847281455994,-0.3907082676887512,-0.2368012964725494,-0.0750048086047172,-0.9417609572410583,0.2107371240854263,0.0918762311339378,-0.0685869976878166,0.4357554912567138,0.0065562450326979,0.0523173697292804,0.2633278965950012,0.4124357998371124,0.32712522149086,-0.5278412699699402,-0.0882996395230293,0.1802866458892822,-0.0107608418911695,0.0757314711809158,0.4335595369338989,0.0022350514773279,0.1346089839935302,-0.0360789820551872,-0.6570267677307129,-0.1326983571052551,-0.3951635062694549,-0.8622023463249207,0.3906485438346863,-0.0485257804393768,0.2440661787986755,-0.4389907419681549,0.3586048185825348,-0.2363224476575851,0.0419668890535831,0.1436831504106521,0.0125273689627647,0.0706452205777168,-0.6102577447891235,0.3147449195384979,-0.4907277226448059,-0.4119032323360443,0.8037401437759399,0.6327239871025085,-0.277031272649765,0.0262137148529291,0.3444098234176636,0.0450162589550018,-0.3139759302139282,0.0423781313002109,-0.0282185282558202,-0.0554161630570888,-0.1430779546499252,0.2068943828344345,0.3075024485588074,0.0210439786314964,-0.2298358529806137,-0.2397428303956985,0.5746675133705139,0.4281243979930877,0.2773855924606323,-0.1015438437461853,-0.0849071964621543,-0.2149445414543151,-0.3835354745388031,0.1777462214231491,0.1371704339981079,0.6504777669906616,-0.1978227198123932,0.90113627910614,-0.1241719648241996,-0.3456954061985016,0.2918019294738769,0.6946764588356018,-0.100216694176197,0.2651370167732239,0.1185874417424202,0.1118910908699035,-0.889651358127594,0.1925767362117767,-0.256352037191391,0.2200701981782913,0.1242488473653793,0.4356253743171692,0.467876672744751,-0.6214590072631836,-0.260323166847229,-0.1672984957695007,0.1883513331413269,0.0608341209590435,0.5436148047447205,-0.025854293256998,0.0934903025627136,0.2462126761674881,-0.1927277445793151,-0.0298794582486152,0.1243695616722107,0.0780878812074661,0.8339083194732666,0.2224399149417877,0.0871190205216407,-0.2118162512779235,-0.8105356693267822,0.3458636999130249,-0.0689836740493774,0.018697315827012,0.4625156223773956,-0.282231330871582,0.1249693036079406,0.3071497082710266,0.6096946001052856,0.1468066424131393,-0.2993062138557434,-0.793890118598938,0.1002339199185371,-0.0204421188682317,-0.0992076396942138,0.2560797929763794,-0.0415349118411541,0.3648510277271271,0.203915536403656,-0.1634592562913894,0.0352919995784759,0.5447142124176025,-0.1733648031949997,0.0036587237846106,0.304246574640274,0.1871929317712783,-0.4307031333446502,0.0009281226666644,-0.2076293379068374,-0.4050754308700561,-0.4266373217105865,-0.2039306312799453,-0.2270745187997818,-0.0535288043320179,-0.1840565502643585,-0.0797881931066513,0.2254985123872757,0.1304506063461303,-0.1006392464041709,-0.3923006653785705,-0.3506778478622436,0.5158728361129761,-0.7764759063720703,-0.1357771307229995,-0.1237556636333465,0.0765950009226799,-0.1074878200888633,-0.0110861044377088,-0.3666615784168243,-0.1664658933877945,-0.1050653979182243,0.1489000916481018,0.0398935228586196,-0.416027158498764,0.2048544883728027,0.2299579083919525,-0.1175116971135139,-0.788458526134491,0.1993530094623565,-0.0932439640164375,0.6569687724113464,-0.1900956332683563,0.2818269431591034,-0.2750597894191742,0.2358642965555191,-0.3131818175315857,-0.1302007734775543,0.0328198932111263,-10.583672523498535,-0.0490938015282154,-0.445158988237381,-0.1263294517993927,-0.4172158241271972,0.4067028164863586,0.6914451718330383,0.2893685698509216,-0.4186541438102722,0.0356551110744476,0.3733002245426178,0.3360385596752167,0.267772227525711,0.3577016592025757,-0.6444789171218872,-0.2057143747806549,0.1316499561071396,-0.0891802087426185,-0.1396465450525283,-0.2161887139081955,0.2653757333755493,-0.0017534146318212,0.2895424365997314,0.6346953511238098,0.0794324725866317,-0.5257126092910767,-0.4686369895935058,0.2963267862796783,0.0342756062746048,0.2951556444168091,-0.3470078706741333,0.142052948474884,0.0479567125439643,0.319089412689209,-0.3116777241230011,-0.2718498408794403,-0.1247318685054779,0.3276664912700653,0.1142612621188163,0.191989004611969,0.2599020004272461,0.657625675201416,0.285983681678772,0.0854373276233673,0.2722641825675964,0.4464370608329773,0.5172173380851746,0.294055163860321,0.6834058165550232,-0.0487478226423263,0.0203231442719697,0.3268148303031921,-0.1709272563457489,-0.1003255695104599,0.3273875713348388,0.0490538142621517,0.7690467834472656,-0.6563530564308167,-0.44570192694664,0.073697306215763,-0.0454915389418602,0.0713259354233741,0.9178944230079652,0.5181217193603516,0.0308233760297298,-0.0776502043008804,0.312881737947464,0.4847948849201202,-0.5009794235229492,-0.2229619175195694,-0.0355613268911838,0.2150739580392837,0.0117330383509397,-0.0769709050655365,-0.5127115845680237,0.275899589061737,-0.004084981046617,-0.2585968971252441,0.3279469013214111,0.2067940235137939,0.1488009393215179,0.2203200012445449,0.015926444903016,0.1426022797822952,-0.5167419910430908,0.1087146177887916,-0.2099006623029709,0.1725313067436218,0.0848772972822189,-0.4644400477409363,-0.07003665715456,-0.2248544692993164,-0.0309130512177944,0.7703751921653748,0.4164022207260132,-0.0329809635877609,-0.0987273156642913,0.102551057934761,0.5012519955635071,0.0252322237938642,0
0.3586235046386719,-0.0246663745492696,0.7754485011100769,-0.8844077587127686,0.0205631572753191,0.3392025232315063,-0.1355293840169906,-0.0529141798615455,-0.4171533584594726,0.307938814163208,0.7799731492996216,-0.1584917306900024,0.2739543914794922,-0.6795698404312134,0.6546946167945862,-0.5095005631446838,0.2791526913642883,-0.1557860970497131,0.0791591852903366,-0.4014647603034973,-0.8990652561187744,-0.9262132048606871,-0.1831101924180984,0.154470607638359,-0.0902618244290351,0.0137811098247766,0.0121721886098384,0.2656416893005371,-0.1975154876708984,0.0017380045028403,-0.1448732018470764,-0.5539519786834717,-0.1022625416517257,0.0579993426799774,-1.0950565338134766,-0.195033997297287,0.1503302156925201,-0.1417342275381088,-0.0951748266816139,-0.5363784432411194,0.3325586020946502,0.0311147775501012,-0.6130945086479187,-0.1334844380617141,-0.1431507021188736,0.5453366041183472,-0.229549840092659,0.367545485496521,-0.0144952787086367,-0.0786912739276886,-0.4052870869636535,0.160253420472145,0.1486576050519943,0.1468552052974701,0.1350431591272354,-0.3601643145084381,0.1212152615189552,-0.8884081244468689,-0.0386912338435649,0.0089029129594564,-0.4122975766658783,0.1841042041778564,0.2635621130466461,0.3959721624851227,-0.2631439566612243,0.0452321544289588,0.0961821600794792,-0.0472497045993804,0.0739715620875358,-0.6487445831298828,-0.0336413718760013,0.164206326007843,0.1290869265794754,-0.4542910456657409,0.7616341710090637,-0.2880868315696716,0.1886349618434906,-0.151704654097557,0.3141540884971618,-0.0434453412890434,-0.4349846839904785,0.1722281128168106,-0.1459560394287109,-0.3821792304515838,-0.2669380307197571,0.1747135072946548,-0.4731841683387756,-0.8139368891716003,0.8416064381599426,-0.1633704453706741,0.398811787366867,0.3357173204421997,0.1424184739589691,0.2348209768533706,-0.3758234977722168,0.1531011164188385,0.1802000254392624,-0.0568276718258857,-0.3802551031112671,0.6075312495231628,-0.1827001422643661,0.0576381757855415,-0.0303319804370403,-0.2173190414905548,0.3214604556560516,-0.3659038841724396,-0.3783417344093323,0.1673703789710998,0.3260456919670105,-0.177744448184967,-0.4289966523647308,-0.3378853797912597,-0.5367929935455322,0.3362517654895782,0.3132054209709167,-0.0323720835149288,-0.2094873338937759,0.2365705668926239,0.0392595268785953,0.4166017472743988,0.2066131979227066,0.5641819834709167,-0.1325835436582565,0.0099416654556989,-0.0932277664542198,0.4952303469181061,0.0901037603616714,-0.6326240301132202,0.158358559012413,-0.2867668867111206,-0.0173558443784713,0.107340008020401,-0.0451720394194126,-0.1583792865276336,-0.3470660746097564,1.0091145038604736,-0.1720819026231765,0.0428343191742897,-0.1088468357920646,-0.5532451868057251,-0.0317088961601257,0.1576555669307708,0.2147662192583084,-0.2545504868030548,0.1049708873033523,0.2996875941753387,0.1895471960306167,-0.7632226347923279,0.0111502408981323,0.1368252038955688,-0.1470520794391632,1.066796898841858,-0.7711522579193115,0.2616840302944183,-0.2608645856380462,-0.040651224553585,-0.5023216605186462,0.088080994784832,0.501655638217926,0.4692065119743347,0.1573397517204284,-0.5436323881149292,0.5917591452598572,0.5716028809547424,0.4121880233287811,0.3372128307819366,0.0857105329632759,-0.2183679044246673,-0.1453911662101745,0.2892410457134247,-0.2568687200546264,0.1158893778920173,0.1483827829360962,-0.454930305480957,0.1390462219715118,0.4084529876708984,0.268079936504364,-0.1322606205940246,0.4458299577236175,-0.9173943996429444,0.0121634928509593,-0.1293108463287353,-0.2407212853431701,-0.655108630657196,0.5757667422294617,-0.1570649445056915,-0.2027263194322586,-0.2569780647754669,0.0370329581201076,-0.5157102346420288,0.095952495932579,0.0432647280395031,0.684190571308136,-0.1562862247228622,-0.1192012578248977,-0.4013515114784241,0.1618971526622772,-0.143419474363327,0.0497052147984504,0.56205153465271,0.1374651789665222,0.1464396864175796,0.0063964049331843,-1.1057502031326294,-0.5280543565750122,0.1395886838436126,0.7025129795074463,0.6469906568527222,0.3365605473518371,0.3559617102146148,-0.3146827220916748,-0.2045052647590637,0.2062235176563263,0.3486829698085785,0.5529441237449646,-0.016566663980484,-0.7394495606422424,-0.3700011372566223,0.3480413854122162,-0.1952962279319763,0.3645149171352386,-0.3964727222919464,0.1479096561670303,-0.1230077594518661,-0.1660883575677871,0.3021289706230163,0.2427328675985336,-0.432539165019989,-0.1254675686359405,0.7219329476356506,-0.5374917984008789,-0.3943407833576202,-0.6420092582702637,0.1480622142553329,-0.3879353404045105,0.1265142112970352,-0.3879170715808868,0.2455029189586639,-0.5147812366485596,0.1670347154140472,0.2136788368225097,-0.0973865538835525,0.1902671456336975,-0.3023533821105957,-0.1986513286828994,0.2059695422649383,-0.0491631291806697,0.1524078249931335,-0.3032713234424591,-0.0656548961997032,-0.5807090997695923,-0.4501806795597076,0.1670434176921844,-0.3809289634227752,0.6607704162597656,0.1631241738796234,0.1359750479459762,-0.0701999813318252,0.3478787839412689,-0.6328304409980774,-0.1447628289461136,-0.4550751149654388,0.2436263114213943,-0.0120690781623125,0.3931418061256408,0.2132409363985061,0.0869434028863906,-0.4913892447948456,-0.4093371629714966,-0.4929644167423248,0.2152226120233535,-0.2128570526838302,-0.2557368278503418,-0.1298930346965789,-0.024274805560708,0.04751892760396,-0.2410119771957397,0.3789639770984649,-0.6740599870681763,0.3417744934558868,-0.1215574964880943,0.5535191297531128,-0.4472485780715942,-0.1685982942581176,0.3951951265335083,-0.049195297062397,-0.4267884194850921,-0.414090096950531,-0.2033648788928985,0.2097956538200378,0.388204962015152,-0.6768291592597961,-0.2198648601770401,0.3544965386390686,-0.4503610134124756,-0.0210239253938198,0.5212361812591553,0.0284831039607524,0.0804966911673545,0.2866666316986084,-0.089926429092884,0.1582807600498199,0.5975357294082642,-0.5801597237586975,-0.2414451092481613,-0.5601361989974976,-0.0293470304459333,-0.3483292758464813,0.556526780128479,0.0230383947491645,0.1481944918632507,0.7260949611663818,-0.4633060693740845,-0.0925065577030181,0.9196696877479552,0.5360009670257568,-1.6513739824295044,0.289298415184021,0.6973103880882263,-0.1962223649024963,-0.2482532858848571,0.0548110119998455,0.0119285555556416,-0.0102505404502153,-0.2157996147871017,-0.7553359270095825,0.8927761912345886,0.2450911849737167,-0.2065581828355789,-0.2450914531946182,0.4924006760120392,0.0727382153272628,0.0552626326680183,-0.4773213267326355,-0.2581067681312561,0.3700799643993377,0.2186993211507797,-0.1692437827587127,-0.2959271967411041,-0.1563395708799362,-0.5493754148483276,0.1432756632566452,-0.2391412258148193,0.2105724662542343,-0.4816707372665405,0.0363241843879222,0.3828274607658386,1.131384015083313,0.3203997015953064,0.5801156759262085,-0.3884201049804687,-0.0716237649321556,0.8466631770133972,0.457819789648056,0.4994423389434814,0.3784675598144531,-0.2813080549240112,-0.2930530309677124,0.6196814775466919,-0.050277542322874,-0.3033430278301239,0.3204991817474365,-0.1048931702971458,0.2078468948602676,-0.1034251824021339,0.0694383829832077,0.1110826358199119,-0.1496219038963318,0.1321352124214172,0.7338179349899292,0.6123164892196655,0.1744691282510757,-0.0940590947866439,-0.4335092604160309,0.0579937808215618,-0.1725084483623504,0.255798876285553,0.4385444521903991,-0.2900402843952179,-0.2993480265140533,-0.1937111467123031,-0.2491368055343628,-0.2325776368379593,-0.3403624296188354,-0.400767982006073,-0.9239010810852052,-1.0663666725158691,0.0514844134449958,0.0364310033619403,-0.7813575267791748,0.2973428666591644,0.1253112405538559,0.6626867055892944,-0.4192781746387481,-0.5313348174095154,0.1362084597349167,-0.469912588596344,0.0440434291958808,-0.1709395498037338,0.040976446121931,-0.254860371351242,0.288720041513443,-0.5707607269287109,-0.2336601018905639,-0.3975604176521301,-0.2706895470619201,-0.4771449267864227,0.0833981111645698,0.1562682390213012,0.7864431142807007,0.0329351238906383,0.2744109034538269,-0.0830293223261833,0.1661955714225769,-0.1352051496505737,-0.1193107739090919,-0.6013108491897583,0.3270958065986633,0.6027277708053589,0.7362671494483948,0.2225320637226104,0.4853352904319763,-0.0107432296499609,-0.1678165048360824,0.2710961103439331,-0.2332077175378799,-0.286459356546402,-0.2649374604225158,0.5488170385360718,-0.4618846178054809,0.2983710467815399,-0.3070251047611236,-0.0251187942922115,0.8155043721199036,-0.2759130299091339,-0.6447542309761047,0.019334452226758,0.4444313943386078,0.2741967439651489,0.2018985152244568,0.2217877656221389,1.1126266717910769,-0.1611074060201645,0.6747143268585205,0.2079386562108993,-0.3065947294235229,0.0153259988874197,-0.2526099681854248,0.0108531191945075,0.1808147132396698,0.5403428673744202,0.8989946842193604,0.2680794596672058,0.387798011302948,0.4225503504276275,0.0394640564918518,-0.3098432421684265,-0.0448453351855278,0.5020272731781006,0.0876635760068893,-0.5822703838348389,0.0671888217329979,-0.4893506169319153,-0.3110739886760711,-0.3760032653808594,-0.1529198884963989,0.2548675239086151,-0.1874099820852279,0.4831192791461944,-0.4073148667812347,-0.6556465029716492,-0.4325756430625915,-0.7924972772598267,0.1225211918354034,-0.1237589567899704,0.2850375175476074,0.5576971769332886,0.5667896866798401,0.151675283908844,0.0797831639647483,0.305660992860794,0.7309637069702148,0.2399234920740127,-0.1629074960947036,-0.1688187420368194,0.3584931790828705,0.1539022028446197,0.4346175491809845,0.2286254167556762,0.0695969685912132,-0.3132855296134949,-0.5330155491828918,-0.3979867100715637,0.1479430347681045,0.0100019462406635,-0.0302755665034055,0.3525822162628174,0.0273273456841707,-0.1545535176992416,-0.5193030834197998,-0.2445397675037384,-0.3318242728710174,-0.1690635979175567,-0.7040066123008728,-0.1218400225043296,-0.5307708978652954,0.1147366911172866,0.4098197817802429,0.4931957721710205,-0.5638531446456909,0.1662935465574264,0.3007017076015472,0.1204905360937118,-0.0154460817575454,0.1163259223103523,-0.0711223110556602,-0.2879864573478699,-0.0643923953175544,0.0923106297850608,-0.0817050263285636,0.6598289608955383,0.1591884344816208,-0.5559541583061218,-0.2439369857311248,0.115936778485775,-0.9041750431060792,0.433933824300766,-0.1377756744623184,0.1395601332187652,-0.6946619749069214,0.1776384264230728,0.0566961802542209,0.0287550706416368,-0.234372466802597,0.1439073234796524,0.1385184079408645,-0.7581139206886292,0.3103348016738891,-0.1813197135925293,-0.3846227824687958,0.7979161143302917,0.5467738509178162,-0.1853010505437851,0.2618381977081299,0.5007081031799316,0.0613263137638568,-0.4154864549636841,0.3247176110744476,-0.1609259694814682,0.1054156497120857,0.3049433827400207,-0.1889155358076095,0.5684009790420532,0.1683012545108795,0.1198823079466819,0.1038140431046485,0.3489070832729339,0.6846362352371216,0.4384132027626037,0.2534331381320953,-0.1556078344583511,-0.470798522233963,-0.7940940260887146,0.0376302748918533,0.2783031463623047,0.5752158761024475,-0.3884532749652862,0.5000850558280945,0.6709069013595581,-0.0261370316147804,0.3636739552021026,0.921187937259674,0.1954237669706344,0.4207964837551117,-0.4991807341575622,0.0607120133936405,-0.9316931366920472,0.4198193550109863,0.3131798803806305,-0.0941114202141761,-0.1071772128343582,0.1388003677129745,-0.5112866163253784,-0.4666632413864136,0.1720971912145614,-0.1056281924247741,-0.1700824797153473,-0.2413229346275329,0.6426102519035339,-0.1109598949551582,0.9409220218658448,0.3932240307331085,0.0111649427562952,-0.4847569167613983,0.1631693243980407,-0.1479229778051376,0.6438269019126892,0.0549303963780403,0.4049669504165649,-0.2156396359205246,-1.03778874874115,-0.4044138193130493,0.2613549530506134,0.2089057564735412,0.286806046962738,-0.5070863962173462,-0.0036206315271556,0.4516017735004425,0.5596505403518677,0.2337265461683273,-0.1101813688874244,-0.4991564750671386,0.0602733492851257,-0.1417141854763031,-0.2067635357379913,0.3999647796154022,0.0863533318042755,0.3394351601600647,0.3769959211349487,-0.1770133674144745,0.0854547098278999,0.4841074049472809,0.1963625401258468,-0.1337948441505432,0.6522935032844543,0.0557423271238803,-0.1153806075453758,0.068910077214241,0.0201813541352748,-0.2673791050910949,0.0112823247909545,0.6305686235427856,-0.0938891470432281,-0.018041593953967,-0.5155843496322632,0.3149875104427337,-0.0319119431078434,0.1470301896333694,-0.4010014533996582,-0.4669030606746673,0.2831065356731415,0.2526891231536865,-0.3539333045482635,0.0224920939654111,-0.2453508973121643,-0.2295989990234375,-0.3570439219474792,-0.3350311815738678,-0.5432419180870056,-0.1944839358329773,-0.3953049778938293,0.4299406409263611,-0.770074725151062,-0.5165455937385559,0.4467598795890808,-0.1453765481710434,-0.1557761132717132,-1.1232340335845947,0.6056432723999023,-0.400147795677185,0.636294960975647,-0.1855069398880005,-0.096103236079216,0.0183214973658323,-0.3138656318187713,-0.322945773601532,-0.5746438503265381,0.4832221865653991,-10.23126220703125,-0.1531709879636764,-0.2061832696199417,-0.6949334144592285,-0.3927797973155975,-0.1074967384338378,1.0815861225128174,0.0150632699951529,-0.5576997995376587,0.1200396791100502,-0.2452751398086547,0.1355503350496292,0.534533679485321,0.3761050999164581,-0.0703593641519546,-0.030170764774084,-0.1402267664670944,-0.5821368098258972,-0.3437755107879638,-0.1215213239192962,-0.077371560037136,-0.1950564831495285,0.6719056367874146,-0.0401544831693172,0.0759009197354316,-0.3982008695602417,-0.1598372608423233,0.2665517330169678,0.1228524073958396,0.4765311181545257,-0.2146400511264801,0.8284003734588623,-0.1778043061494827,0.0664553940296173,-0.1844103336334228,-0.0297167152166366,-0.0254587046802043,0.4636370539665222,-0.1103347167372703,0.490783154964447,0.3837138414382934,0.358788251876831,0.1400733739137649,0.0472070164978504,0.3781290054321289,0.4283336102962494,0.1367486715316772,0.32080739736557,0.7621679902076721,-0.0751866400241851,0.4969749450683594,-0.7559500932693481,0.3250588178634643,0.068393275141716,-0.4673557579517364,0.0409008339047431,0.932538628578186,-0.5532816052436829,0.0047107227146625,0.2532929480075836,0.3740162253379822,-0.0409752391278743,1.1663835048675537,0.404410570859909,-0.2600726783275604,0.3022530674934387,0.1110511496663093,0.122262954711914,-0.4746184349060058,-0.4054569900035858,0.3808251917362213,0.0147620821371674,0.1461379677057266,0.3145440816879272,-0.3718342185020447,-0.085900068283081,-0.0263521336019039,0.2055089026689529,0.3818835616111755,-0.0679506063461303,0.8542038798332214,0.0212811939418315,-0.41378915309906,0.4242964386940002,-0.5259703397750854,0.1248574405908584,0.1416054666042328,-0.0715519413352012,0.5414227843284607,-0.6794898509979248,0.7729988694190979,-0.3009038865566253,-0.3189559578895569,0.7000997066497803,0.3129055202007293,-0.5655158162117004,0.31784188747406,0.1308512240648269,0.0886329114437103,-0.2186778038740158,0
0.0455315075814724,1.1175543069839478,0.2325765341520309,-0.321958839893341,0.747614860534668,0.5107995867729187,0.1951319724321365,0.0109812263399362,-0.3303559720516205,-0.0902393981814384,0.3311777114868164,-0.0015401996206492,-0.4198918640613556,-0.3242538273334503,0.4574458003044128,-0.4273644685745239,-0.4099558293819427,-0.2057999372482299,0.1019970253109932,-0.6086897850036621,-0.4500450491905212,-0.3549587726593017,-0.2984206676483154,0.3724991083145141,0.3646463751792907,-0.5112116932868958,-0.0615701936185359,0.322499930858612,0.2217138558626175,-0.7518659234046936,-0.013034900650382,-0.961925446987152,-0.2461553066968917,-0.1083445623517036,-0.616706371307373,0.2940328121185303,-0.0627324879169464,-0.0504684746265411,0.3318443894386291,-0.1417364776134491,0.0870209857821464,-0.2001831233501434,-0.1663881540298462,0.1271122843027115,-0.1487127691507339,0.4606211483478546,0.2230027168989181,0.7755510807037354,0.3539197444915771,-0.2195370346307754,-0.2516695261001587,0.5801104307174683,0.1614971309900283,0.3065470457077026,0.4126994907855987,-0.115309439599514,0.6868404150009155,-0.6642836928367615,-0.1219765618443489,-0.0832865089178085,-0.672163188457489,-0.4823794364929199,-0.4391419887542724,0.0809119865298271,-0.353929340839386,0.4284028112888336,-0.4964272081851959,0.5209512710571289,0.3448817729949951,-0.4056634902954101,0.1556282937526703,0.015681667253375,-0.5535604953765869,-0.3538996279239654,0.5106313824653625,-0.2079082578420639,0.781936526298523,-0.5400033593177795,0.1527150273323059,0.1549205780029297,-0.3537373542785644,0.4766199886798858,0.1141009628772735,-0.6124151349067688,-0.285712718963623,-0.147426500916481,-0.943577527999878,-0.965062379837036,0.4605044424533844,-0.2851279973983764,-0.2084430009126663,0.4805363118648529,0.0270960107445716,0.4443755447864532,0.124381810426712,0.2169470191001892,0.2405572235584259,-0.4318039417266845,-0.1268830895423889,0.1476866751909256,-0.2157085686922073,0.1000795736908912,0.5205799341201782,-0.1787111312150955,-0.0807533785700798,0.4914059937000274,-0.3109026849269867,0.5696818828582764,0.0987765863537788,0.343720942735672,-0.140485405921936,-0.6204702258110046,-0.3938969373703003,-0.0563206486403942,0.112670823931694,-0.0525189004838466,-0.1389060914516449,0.7540714144706726,-0.4682648777961731,0.4741203188896179,-0.1119724586606025,0.2145509719848632,0.0024005062878131,-0.5455455780029297,-0.1418904960155487,0.4550658762454986,0.3628882765769958,-0.0300867315381765,-0.0249312203377485,-0.3261997401714325,-0.2329958379268646,-0.2681523561477661,-0.048154067248106,0.3386151492595672,-0.6891162991523743,0.389741986989975,-0.1611758768558502,0.2854285836219787,-0.1872318089008331,-0.3448472321033478,-0.3351587653160095,0.1142513379454612,0.5946415662765503,-0.5951827764511108,-0.2751908004283905,0.4201895594596863,0.0940943956375122,-0.5694199800491333,0.2704859375953674,0.3653586208820343,0.0055153667926788,1.1025208234786987,-0.7917729616165161,-0.2900809943675995,0.4765264689922333,0.2501073181629181,-0.3622004985809326,-0.0411701537668705,-0.0145468544214963,0.8144916892051697,0.0086846826598048,0.0034729908220469,0.2122578620910644,0.4267374277114868,0.0706742405891418,0.532699704170227,0.706891655921936,-0.1886726021766662,0.234730988740921,0.5825573801994324,0.3376866281032562,0.2605981826782226,-0.1750976145267486,-0.3822024166584015,0.176600381731987,0.2468520998954773,0.7394819259643555,0.0187200158834457,0.5617770552635193,-0.3733085989952087,-0.3516234159469604,0.0832774639129638,0.4029149115085602,-0.9025039076805116,0.7073366641998291,-0.0121645107865333,0.1551996171474456,0.2909378707408905,-0.3799813389778137,0.0420105718076229,-0.10633285343647,-0.1208904534578323,-0.2279907464981079,-0.5231273770332336,-0.3769713044166565,0.1654401272535324,0.3231292068958282,0.3302077054977417,-0.5134289860725403,0.3677839040756225,0.1659961193799972,0.2965326309204101,-0.4662032127380371,-0.8117588758468628,-0.80178302526474,-0.327615886926651,0.2715726196765899,0.4000090062618255,0.3103974163532257,0.1142814382910728,-0.0672237575054168,-0.0680930614471435,0.3739965856075287,0.0351493619382381,1.0818688869476318,-0.2299467176198959,-1.188935160636902,-0.7127354741096497,-0.0195729825645685,-0.3283471465110779,-0.1624859422445297,0.0581881217658519,0.4633974730968475,-0.0989036634564399,-0.0756534710526466,0.4224700331687927,0.7586838603019714,-0.013124463148415,-0.1838424652814865,0.4147783517837524,-0.2774235606193542,-0.7323428988456726,-0.8953189253807068,0.1463925540447235,-0.5188272595405579,0.2326965034008026,0.0514056608080863,0.5127249956130981,-0.0208409391343593,0.626272439956665,-0.1199624091386795,0.2503420114517212,0.4029049277305603,-0.4225622415542602,0.2435778081417083,0.0915516540408134,-0.3765914738178253,-0.0926035866141319,-0.1812033802270889,-0.3659915030002594,-0.7283136248588562,-0.5407643914222717,0.0818124115467071,-0.1253870129585266,0.3475573658943176,0.6984785795211792,-0.0986943244934082,-0.0126807428896427,0.1139702722430229,-0.1949403136968612,-0.5877236723899841,-0.8357660174369812,-0.2662153244018554,0.3991923630237579,-0.0262882616370916,0.0698470845818519,0.2777641415596008,0.0545241571962833,-0.23258838057518,-0.578888475894928,-0.0094529902562499,-0.5434525609016418,-0.5668824911117554,-0.2209994792938232,-0.5421855449676514,-0.1018156111240387,0.2533567249774933,0.5667189955711365,-0.1356098651885986,0.2619675993919372,-0.0285428762435913,0.8782750964164734,-0.5517147779464722,-0.146154299378395,0.0940372496843338,-0.0941233485937118,-0.2543298602104187,-0.7309643030166626,-0.94452166557312,0.2082440257072448,0.1728475242853164,-0.1896143108606338,-0.3169149160385132,-0.0717748180031776,-0.7129061818122864,0.4769045114517212,0.2165798842906952,-0.2841429412364959,0.2911025285720825,0.1104235351085662,0.6535633206367493,0.4119903147220611,0.4196681678295135,-0.1488365828990936,-0.721823513507843,-0.4044329226016998,-0.2541827857494354,0.5500367879867554,0.0790183246135711,-0.2650423049926758,0.3598866462707519,0.8038336634635925,-0.3302856385707855,-0.1558562666177749,0.9207034111022948,0.2734770774841308,-1.4805554151535034,-0.20988330245018,0.985985279083252,0.4445755183696747,-0.3682593703269958,0.5194039940834045,-0.0520439781248569,0.1651623547077179,-0.1760438978672027,-0.5381021499633789,0.7421826720237732,-0.2759897112846374,-0.2503120601177215,-0.2474103569984436,0.1037688180804252,-0.0315879210829734,0.2600655555725097,-0.3549881279468536,0.4377956390380859,0.3691094815731048,-0.9823299646377563,-0.0429556705057621,0.337161660194397,-0.0554540641605854,-0.0780307948589325,0.329323261976242,0.3200457990169525,0.308395504951477,-0.5041836500167847,-0.2367658019065857,0.1196507439017295,1.2129497528076172,0.4747537076473236,0.4973355829715729,-0.08211200684309,-0.3805084824562073,0.5109261870384216,-0.0198383629322052,0.1543348878622055,-0.2962080538272857,0.0167447347193956,0.0860470682382583,0.1681884676218032,-0.1648395657539367,0.4233582317829132,0.014312726445496,-0.2774331569671631,0.2300112545490265,0.3627772927284241,0.2595144510269165,0.6917176842689514,-0.1108885183930397,0.2757092118263244,0.4162983000278473,0.2543519735336303,0.0960005894303321,0.0329575538635253,-0.0581822544336319,0.2166727632284164,-0.2640514075756073,0.0254324041306972,-0.3626424074172973,-0.1788670867681503,0.310761034488678,-0.1030682697892189,-0.2656514048576355,-0.0660433024168014,-0.203510582447052,-0.2602041363716125,-0.6521186232566833,-0.1964324712753296,0.0502503626048564,0.1160042956471443,-0.5469347238540649,0.2835505604743957,0.5818809866905212,0.3764885663986206,-0.1376861035823822,-0.2119706571102142,0.2324293106794357,-0.2804586887359619,0.051751721650362,0.5408540368080139,0.0681786313652992,-0.1128862425684928,-0.2368355393409729,-0.2430522143840789,-0.2802642285823822,-0.8585717678070068,-0.6987009644508362,-0.7877196669578552,0.1544900834560394,0.0378914959728717,0.5916378498077393,-0.2830476760864258,0.2721945643424988,0.3836231827735901,0.6063663959503174,-0.4162346720695495,-0.6454130411148071,-0.370604008436203,0.1326417028903961,-0.1516561210155487,0.0063075730577111,0.2567414343357086,0.3211713135242462,0.2618796229362488,0.2725178301334381,-0.3003163635730743,0.3727655112743377,-0.2796677052974701,-0.26469886302948,0.6816144585609436,-0.2631819546222687,0.0282554533332586,-0.0506602562963962,0.0460825599730014,0.793179988861084,-0.4625865519046783,-0.816000759601593,-0.0575939118862152,0.0332432053983211,-0.3448951840400696,0.8198394775390625,0.1982053965330124,0.7849797010421753,-0.0980474948883056,0.1961674988269806,0.0887225568294525,-0.3448120653629303,0.7091010808944702,-0.6765449047088623,0.1678442060947418,-0.0721417516469955,0.5226016640663147,0.3866955637931824,0.5438390374183655,0.167074978351593,-0.2051983475685119,0.0763194113969802,-0.8179563879966736,0.1878270506858825,0.5143283009529114,0.4637903571128845,-0.2112567275762558,0.2533266544342041,-0.3817557692527771,0.2925004065036773,-0.0736772045493125,-0.0582855567336082,0.3245844841003418,0.538300096988678,0.3778060674667358,-0.3393431305885315,-0.5894132256507874,-0.1951863467693328,-0.8908965587615967,0.295145034790039,-0.1338858157396316,0.1021996438503265,0.2980543375015259,0.3325025737285614,-0.5387396812438965,0.2912223637104034,0.1382803171873092,0.3085575997829437,0.0549443624913692,-0.4473009407520294,-0.3002046942710876,0.5777251124382019,0.1796595901250839,0.0394515618681907,0.2074304670095443,0.7313966751098633,-0.5129265189170837,-0.2864033579826355,0.3728856146335602,-0.1205205395817756,-0.0117090791463851,-0.3282413482666015,0.5404403209686279,0.2359071373939514,-0.4130578935146332,-0.0163695458322763,-0.238099455833435,-0.4496550858020782,0.390577495098114,-0.154896393418312,-0.3616662621498108,-0.0063275345601141,-0.1751339882612228,0.3904368579387665,0.7496381998062134,-0.5300766825675964,-0.2817255854606628,0.3076498806476593,0.1623582541942596,-0.2880517244338989,0.2394263297319412,-0.3191624581813812,0.0756315141916275,-0.0280314851552248,0.5383016467094421,-0.0584745071828365,0.2687322795391083,-0.0735778585076332,-1.0887682437896729,-0.1720889955759048,-0.2881066501140594,-0.9145275354385376,0.1733898967504501,0.212015688419342,0.7235971093177795,-0.7805041670799255,0.1405557245016098,-0.4639767110347748,0.1718633472919464,-0.0403306484222412,0.2078387290239334,-0.1134375631809234,-0.8726469874382019,-0.2701577544212341,-0.4019319713115692,-0.9182761907577516,0.5219843983650208,0.010713449679315,-0.595794141292572,0.351455956697464,0.4693972170352936,0.2181684970855713,-0.2674684226512909,-0.2599606513977051,-0.1192156001925468,0.2928438782691955,0.0306437872350215,-0.0915895998477935,0.40849769115448,0.5222240090370178,-0.4919257760047912,0.2041821777820587,0.8309110999107361,0.5288292765617371,0.7856940031051636,0.4861606657505035,-0.1921689808368683,-0.0758914276957511,-0.5126572251319885,0.2845155596733093,0.1906210482120514,0.4560867547988891,-0.3047322332859039,0.1790972650051117,0.0196817889809608,-0.162735179066658,0.2570498585700989,0.9361453652381896,0.220835879445076,0.8452736139297485,-0.0966596528887748,0.0599004067480564,-0.9070988297462464,-0.070899561047554,0.0259755291044712,-0.4935101270675659,-0.2289415448904037,-0.2777734696865082,0.158618688583374,0.0368444509804248,0.3468851447105407,-0.0476304441690444,-0.1037746220827102,-0.1641524732112884,0.3501935601234436,-0.2029095888137817,0.5388820767402649,0.5218778252601624,-0.7199658751487732,0.3785703182220459,-0.1830896139144897,0.3524298965930938,0.7730013132095337,0.1214381754398346,0.4322194159030914,-0.2508563697338104,-0.6101042032241821,0.4246176183223724,0.0548097901046276,-0.0077521675266325,0.4320252239704132,-0.3002508580684662,0.1312854140996933,0.3741210401058197,0.356966495513916,-0.1186246126890182,-0.0393697172403335,-0.8000832796096802,0.2206048965454101,-0.0344235263764858,-0.8080744743347168,0.0020657966379076,0.0473022535443306,0.1757123172283172,-0.2068644315004348,-0.5541287660598755,0.3287437558174133,-0.0238005369901657,-0.0347273163497448,-0.226674735546112,0.3851144313812256,0.1625716984272003,0.1187734901905059,0.3422637581825256,0.6194897294044495,-0.0018338013906031,-0.1326817125082016,0.5439576506614685,-0.122049331665039,-0.373058021068573,0.3414466977119446,0.4075458943843841,-0.0999799445271492,-0.3877361118793487,0.1990829855203628,-0.3446079790592193,0.23886638879776,-0.3227376341819763,-0.4219337403774261,-0.0151335597038269,-0.0628197342157363,0.2550224065780639,0.3456182479858398,-0.0663866028189659,-0.4386299848556518,-0.4689908027648926,-0.1896841824054718,-0.1882172524929046,-0.7868798971176147,-0.2482917308807373,0.4739726483821869,-0.2765526473522186,-0.2791586816310882,-1.2407870292663574,0.3887535333633423,0.1736384928226471,-0.0019299775594845,-0.4556089341640472,0.5018712878227234,0.0257328432053327,0.1036653816699981,-0.1637576520442962,-0.5178689360618591,0.433847963809967,-10.11057186126709,0.0614515952765941,-0.5471542477607727,-0.5841525197029114,0.1625095605850219,0.1765201687812805,0.9392297267913818,0.4491185843944549,-0.2859230935573578,0.0645708069205284,-0.3969210386276245,0.1578892320394516,0.2046604007482528,0.6156607866287231,0.0576042719185352,0.0188562404364347,-0.2821327447891235,0.0188882127404212,-0.4067748785018921,-0.0325595214962959,-0.1903561800718307,-0.3479089736938476,0.8186470866203308,0.3506888151168823,-0.1975292861461639,-0.4104492664337158,-0.1664002686738968,-0.3639521896839142,-0.3628124594688415,0.1205072551965713,-1.09540057182312,1.1438374519348145,0.2032972276210785,0.0598883107304573,0.0553371533751487,-0.1919859647750854,-0.0152093470096588,0.0145486667752265,-0.5308952331542969,0.4766812026500702,0.1706983149051666,0.838994562625885,0.1979933530092239,-0.524232804775238,0.3744852244853973,-0.0277686659246683,0.3910696804523468,0.0195419136434793,0.1713891476392746,-0.3361426889896393,-0.2950870990753174,-0.0116306105628609,0.2424388080835342,-0.2211416512727737,0.2981369495391845,-0.6063294410705566,0.1609453558921814,-0.952497661113739,0.3128738403320312,0.085082970559597,0.4787277281284332,-0.1171562597155571,0.6273343563079834,0.3147062659263611,0.0876415818929672,0.6824437975883484,-0.1288322806358337,0.2484146952629089,-0.320647269487381,0.1929227262735366,0.3816426694393158,-0.1735038757324218,0.0588144361972808,0.0853994190692901,-0.4158560633659363,-0.0712278336286544,0.2573342323303222,-0.0590681284666061,0.6683207154273987,0.0781078487634658,0.3009865880012512,-0.2357814610004425,-0.0986617356538772,0.2432466894388198,-0.7737350463867188,0.0372999049723148,0.0221975389868021,-0.6018051505088806,0.4073432683944702,-0.4908314347267151,0.3369404375553131,-0.2122879922389984,-0.3896515369415283,0.1257895976305008,0.3831341564655304,-0.061175387352705,0.4568758904933929,0.600942850112915,0.3942444622516632,-0.4954294562339782,1
0.5296596884727478,0.2130906283855438,0.4559382796287536,-0.3788235783576965,0.0963736400008201,0.229296863079071,0.2386744916439056,0.2548413276672363,-0.0763473808765411,-0.5995948910713196,0.3987560868263244,-0.4263967275619507,0.4475667774677276,-0.2476707696914672,0.6969519257545471,-0.0656861960887909,0.0709809884428978,-0.1644545197486877,-0.0108748702332377,-0.3702743947505951,-0.7576481103897095,-0.413432627916336,0.3180697858333587,0.3614082336425781,0.053830225020647,-0.3144461810588836,0.024836154654622,0.22332763671875,-0.1629917174577713,0.0653100684285163,-0.163625493645668,-0.366718590259552,-0.2875009775161743,-0.143985703587532,-0.1412046998739242,0.7164433598518372,0.0447980128228664,-0.334321528673172,-0.048272281885147,-0.4448588788509369,0.2024504095315933,-0.0392537266016006,-0.0778143554925918,-0.4906745254993438,-0.4244580864906311,0.3569748103618622,0.1421144604682922,0.4508043527603149,0.3910716772079468,0.065802477300167,-0.2395339757204055,0.3987994194030761,0.2064034640789032,0.0377097837626934,0.5504782795906067,-0.1333968788385391,0.3774928748607635,-0.541711688041687,-0.0768055692315101,0.2613519728183746,-0.3717130422592163,-0.2485538125038147,0.521899402141571,-0.136066272854805,0.0811342075467109,0.026225758716464,-0.2150810807943344,-0.1482564061880111,0.0450063794851303,-0.7747994661331177,-0.2178253978490829,0.2925040125846863,0.3747594952583313,-0.3835846185684204,0.6918500065803528,-0.3065555095672607,0.2237822115421295,0.1153149232268333,0.2371601611375808,-0.2251027226448059,-0.3462476432323456,0.2766848802566528,0.2552945911884308,-0.7245570421218872,0.0226185377687215,0.0493616014719009,-0.4940282702445984,-0.9880563616752625,0.452703058719635,-0.3511286675930023,-0.0228992886841297,0.0741178765892982,0.2153235077857971,0.2377034276723861,0.0652189552783966,0.1718862056732177,0.1264184862375259,-0.2441621720790863,-0.2346249967813491,0.2505479454994201,0.0868691354990005,0.4093315303325653,0.32750204205513,-0.1709804832935333,-0.2634230852127075,0.0760699585080146,-0.1548914760351181,0.2174850106239318,0.2510367929935455,0.0809057801961898,-0.3745799660682678,-0.2978120148181915,-0.4654948711395263,0.2725546658039093,-0.0209189262241125,0.1435899883508682,-0.198187306523323,0.3388965129852295,-0.4349301159381866,0.6078699827194214,-0.2538466453552246,0.7915907502174377,-0.0356875881552696,0.3047783374786377,0.2150291949510574,0.5052955746650696,0.0175789315253496,-0.0272460542619228,-0.1284803003072738,-0.2572053372859955,0.0357783772051334,-0.0579200908541679,-0.6814077496528625,0.0921545028686523,-0.2537298202514648,0.9225340485572816,-0.0114336526021361,-0.0479016825556755,-0.136097177863121,-0.4668779373168945,-0.1524674445390701,-0.1324257403612136,0.2752945125102997,-0.4046907126903534,-0.1197020336985588,0.1626258939504623,-0.2094656676054,-0.4744023382663727,0.4888186752796173,0.3426395952701568,-0.391703337430954,0.8269580006599426,-0.7304170727729797,0.0575210861861705,-0.0262061338871717,0.3646568357944488,-0.7473659515380859,0.1510887295007705,0.0498598143458366,0.5594866871833801,0.0929848328232765,-0.4336896538734436,0.1997489929199218,0.3209051787853241,0.1022119894623756,0.4263670146465301,0.4947990477085113,0.234954759478569,0.1953546553850174,0.4709454476833343,0.0561673045158386,0.4962971210479736,0.0458567067980766,-0.2137681096792221,0.4985187947750091,0.2918106913566589,0.1293936520814895,0.2646268904209137,0.0680747330188751,-0.5479270219802856,-0.0365224033594131,-0.1630211323499679,-0.0103595312684774,-0.1495637893676757,0.4607514441013336,-0.16131691634655,-0.0502539128065109,0.1145083829760551,-0.2079464346170425,0.1704038232564926,0.0367571040987968,-0.262583464384079,0.3753058016300201,-0.6912090182304382,0.0999286249279975,-0.3194076120853424,-0.3274402320384979,-0.3803856372833252,-0.302856832742691,0.3924706578254699,0.0625739246606826,-0.0227741338312625,-0.1504396349191665,-0.1841774731874466,-0.8772600889205933,-0.3443240523338318,0.072902612388134,0.655198872089386,0.360122412443161,0.2266106456518173,0.0718065351247787,0.2478867173194885,0.4675061106681824,0.0748334527015686,0.1430813670158386,-0.0019422065233811,-0.2316767424345016,-0.1867131143808365,0.1263024359941482,-0.1210856661200523,0.4201357662677765,-0.0982303693890571,0.3487502336502075,-0.0542345009744167,-0.406590849161148,0.2436564266681671,0.0867293998599052,-0.3940061628818512,0.0503381453454494,0.7268115282058716,-0.2607754468917846,-0.6348714232444763,-0.4985277056694031,-0.0947990268468856,-0.6508302092552185,0.0662958398461341,-0.268383651971817,0.2855084538459778,-0.349700003862381,0.112674169242382,-0.1744929105043411,-0.4754193425178528,-0.1815786063671112,-0.2118682861328125,0.0328344888985157,0.1429506987333297,-0.0228110589087009,-0.1918207108974456,-0.51520836353302,-0.035258699208498,-0.3487142920494079,-0.4789979457855224,-0.0031026471406221,-0.5512425303459167,0.4469566941261291,0.2267684787511825,0.519576370716095,-0.0401957146823406,0.2230084687471389,-0.021178001537919,-0.0647084936499595,-0.8502422571182251,-0.1223883181810379,-0.082101322710514,-0.5005362629890442,-0.0289797261357307,0.0161732789129018,-0.4629672467708587,-0.3051377236843109,-0.4279847145080566,-0.0537696257233619,-0.4275308847427368,-0.4585559368133545,0.0507671535015106,-0.0609349831938743,0.121000550687313,-0.1441505849361419,0.4983959794044494,-0.4443674683570862,0.157625675201416,-0.6233783960342407,0.1977990418672561,-0.6939910650253296,-0.2582651376724243,0.0102615738287568,-0.2509933710098266,-0.385790079832077,0.1677277833223343,-0.4675479829311371,0.3769758343696594,0.3340494334697723,0.0589170567691326,-0.4295046031475067,-0.0234155897051095,-0.379841536283493,0.1281551122665405,0.2171487510204315,0.7272565960884094,0.2176287770271301,-0.0618875958025455,0.1726910173892974,0.4014920890331268,0.1911408603191375,0.1473643630743026,-0.1017887517809867,-0.2969529330730438,0.0840102732181549,0.055018100887537,0.6373216509819031,0.1061175316572189,-0.0175985414534807,1.0461182594299316,-0.3499410450458526,0.2470925748348236,0.49268639087677,0.2864406108856201,-1.7427469491958618,0.0124134626239538,-0.1290074437856674,0.0475340001285076,-0.2400045990943908,0.28074511885643,-0.0035546065773814,0.137170597910881,-0.459278792142868,-0.5403351783752441,0.9039117693901062,0.2878541350364685,-0.0093382988125085,-0.5122708082199097,0.3493413031101227,-0.2350283712148666,0.0298427008092403,-0.4780119359493255,0.2126775383949279,0.4782304167747497,-0.4107668399810791,0.0539882034063339,-0.1659918874502182,-0.537499725818634,-0.083966925740242,0.1677630394697189,0.1615692526102066,0.247225672006607,-0.5302152037620544,0.1380523741245269,0.3138780891895294,0.4008596837520599,0.7858495712280273,0.3039855659008026,-0.0616408102214336,0.0577767044305801,0.4450687170028686,0.1350419074296951,0.4254122972488403,-0.2856252193450928,0.1758316755294799,-0.0475820116698741,0.8534377217292786,0.0125897396355867,0.0911166295409202,-0.0015497871208935,0.1213041767477989,0.2295670956373214,-0.081953153014183,0.3548986315727234,0.1464321017265319,0.0478751249611377,0.1907066702842712,0.5322242379188538,0.5807309746742249,0.1449556350708007,-0.2838995158672333,-0.3661825656890869,0.0364569164812564,-0.321286529302597,-0.6244051456451416,-0.3386206030845642,-0.3438629508018493,-0.1222211271524429,-0.4495676457881927,0.2929139733314514,-0.0296255443245172,-0.5183850526809692,0.0549229495227336,-0.3556650280952453,-0.4252268970012665,0.3321499228477478,-0.0532559305429458,-0.7333111763000488,0.5861435532569885,0.2217282354831695,0.2881442606449127,-0.5338570475578308,-0.6530799865722656,-0.0423921756446361,-0.2733902633190155,-0.3039427995681762,0.1676573008298874,-0.3308295905590057,-0.0540301539003849,0.3473367393016815,-0.0784889757633209,-0.0932381302118301,-0.3437794744968414,-0.2950970530509949,-0.7089868783950806,0.1887605041265487,-0.0504166632890701,0.3232135474681854,0.0219684243202209,0.2221865206956863,0.2203065305948257,0.0448722839355468,-0.2711859345436096,0.0839256197214126,-0.3249978721141815,0.5804333090782166,0.3907267451286316,0.1664255708456039,0.581920862197876,0.4442465603351593,0.2811322212219238,0.5245891809463501,0.0202089324593544,0.0134099787101149,-0.610522449016571,-0.3011751174926758,0.7100160717964172,-0.0379120931029319,0.2432178258895874,-0.107879638671875,-0.0181926805526018,0.6090810298919678,-0.0324829034507274,-0.5741919279098511,0.0005142665468156,0.0738754346966743,-0.1841550320386886,0.262513518333435,0.6575903296470642,0.8228428959846497,-0.0232491437345743,0.0209028869867324,-0.140678659081459,-0.1875307261943817,0.3151618540287018,-0.1306444257497787,-0.1179750114679336,-0.2945268750190735,0.0095409927889704,0.2994397580623626,0.6596575975418091,0.2006724327802658,0.6231606602668762,0.3094731569290161,-0.3437167704105377,0.2674251198768616,0.435273140668869,0.4795292615890503,-0.2945265173912048,-0.2899815738201141,-0.3539811670780182,0.0258303135633468,-0.3896693289279938,-0.0662572011351585,0.6731356978416443,-0.1594995409250259,0.1768974959850311,0.0076765068806707,-0.6110824346542358,-0.6220504641532898,-0.3782775104045868,0.1608152389526367,-0.0992601439356803,0.1433831602334976,0.2025719732046127,-0.0135760903358459,-0.4930251836776733,0.1857774257659912,0.0561464726924896,0.2988999783992767,0.5034912824630737,-0.1536019593477249,-0.0901676565408706,0.0035907886922359,0.0382498726248741,0.0676893964409828,-0.1810710877180099,0.0458883009850978,-0.2628243565559387,-0.4944120943546295,0.0162131208926439,0.1840128451585769,0.2542142868041992,-0.1465330421924591,0.6534149646759033,0.1324674189090728,-0.5132039189338684,-0.565060019493103,-0.237240582704544,-0.2221661806106567,-0.0452727153897285,-0.4980322420597076,-0.0901912376284599,0.0443757846951484,0.3667648136615753,0.0876772403717041,0.2802462577819824,-0.3576146960258484,0.0792291760444641,0.2387515604496002,0.6340348720550537,-0.1300701349973678,0.2300144582986831,-0.1985842436552047,0.0217490531504154,0.0881654992699623,0.0755990594625473,0.0594925098121166,-0.1432090848684311,-0.536220908164978,-0.6978509426116943,-0.3783296048641205,-0.1789586842060089,-1.0786592960357666,0.5394381880760193,0.1386258453130722,0.2410538047552108,-0.4676302969455719,-0.4629960358142853,-0.147763043642044,0.3010770082473755,-0.115580216050148,0.4248737096786499,-0.2177674025297165,-0.5781479477882385,-0.0497000403702259,0.1251947283744812,-0.6601473689079285,0.9405031204223632,0.2545405626296997,-0.4916508197784424,-0.3954956829547882,0.387395292520523,0.1958344131708145,-0.2218459993600845,0.1072808057069778,-0.1325920820236206,-0.5393648147583008,0.1550326347351074,-0.3469339609146118,0.3210111856460571,-0.1543601602315902,-3.526743239490315e-05,-0.1246603056788444,0.5851903557777405,0.3443279862403869,0.2443006783723831,0.0775589197874069,-0.2279006391763687,-0.2089708745479583,-0.2480691522359848,0.3257020711898803,0.1407943069934845,0.3850536048412323,-0.1766823679208755,0.3162503838539123,0.5831259489059448,-0.8466090559959412,0.0867414474487304,0.7604172825813293,0.4110320210456848,0.444315493106842,-0.1525647640228271,0.03209038823843,-0.8170374035835266,0.1355699896812439,0.1418216824531555,-0.0172215569764375,0.4570207893848419,-0.0356507040560245,-0.1375111788511276,-0.4097650349140167,-0.0168074183166027,0.4003950655460357,0.1728287488222122,0.0364892520010471,0.4355419874191284,-0.1556229144334793,0.5133227705955505,0.3383309543132782,-0.2615169286727905,-0.3602937161922455,0.0543467439711093,0.4090258181095123,0.7752847075462341,0.1817598491907119,0.3601688146591186,-0.7150218486785889,-0.6305393576622009,0.3012827634811401,0.0831094086170196,0.3051785230636596,0.5014293193817139,-0.2748686373233795,-0.0627902820706367,0.6112644672393799,0.2978948354721069,-0.0707817524671554,-0.3294468224048614,-0.4165408909320831,-0.1707163900136947,-0.2366679608821869,-0.5008911490440369,0.2017518132925033,0.0845913216471672,-0.0467947907745838,0.2117699682712555,0.0154199143871665,0.0983888357877731,0.5822260975837708,0.0028719732072204,-0.305047333240509,0.2047902196645736,0.0614336542785167,-0.0901422724127769,0.0808300226926803,-0.2235193252563476,-0.2465935945510864,-0.0241717658936977,0.2415190041065216,-0.1573673337697982,0.2025086134672165,0.0340979881584644,0.1619161665439605,0.3305917084217071,-0.4448821544647217,-0.1901049017906189,-0.314644455909729,-0.3174638450145721,-0.1307286322116851,-0.6577920317649841,-0.3597747385501861,-0.0309588555246591,-0.0471150875091552,-0.1592544317245483,-0.05937360227108,-0.4678713381290436,-0.2325161099433899,-0.4492211043834686,0.2522855401039123,-0.1734455525875091,-0.8417651653289795,0.3823029398918152,0.2627186775207519,-0.1252967417240142,-1.1999207735061646,0.247536301612854,0.1704616248607635,0.2441152334213256,0.1721053123474121,0.704698920249939,-0.3422385454177856,-0.2607019543647766,0.0875810459256172,-0.2855316996574402,0.2547450661659241,-10.516351699829102,0.1059780791401863,-0.4225786030292511,-0.3998930752277374,-0.3504877388477325,0.3931498527526855,0.6256321668624878,0.5662823915481567,-0.1955859363079071,0.1214233934879303,-0.0340548641979694,0.0915949419140815,-0.0144770285114645,0.6837878823280334,-0.5207838416099548,-0.3065536618232727,-0.2305571138858795,-0.0215277168899774,-0.0403221026062965,-0.2391912043094635,0.1143146902322769,-0.284472644329071,0.5086359977722168,0.7366798520088196,0.5462241768836975,-0.4084236323833465,-0.2611879706382751,0.0024734144099056,-0.2027534991502761,0.5919749736785889,-0.6013648509979248,0.5325713157653809,0.0364352501928806,0.3010843992233276,-0.1525362879037857,0.2529691159725189,-0.4028312265872955,0.6683297157287598,-0.0390014834702014,0.4041423201560974,0.3153025507926941,0.4241274297237396,-0.025679500773549,-0.0304168835282325,0.1748992651700973,0.2391737103462219,0.469064712524414,0.0111696710810065,0.5418323874473572,-0.2422156333923339,-0.1271032989025116,0.1338433921337127,0.0682288780808448,-0.0943486765027046,0.4556112885475158,-0.0305458642542362,0.6394035816192627,-0.6745585203170776,-0.031642060726881,0.0643760710954666,0.3380284905433655,-0.0773757696151733,0.3833673596382141,0.444365918636322,0.30074143409729,0.4105566740036011,0.5217416882514954,0.3653739690780639,-0.9130431413650512,-0.2377991825342178,0.1625676453113556,0.471616268157959,-0.0950486809015274,0.3251329064369201,-0.2567318379878998,0.3133965134620666,0.3614666759967804,-0.2959363758563995,0.0550640672445297,-0.0280053783208131,0.2839506864547729,-0.3029759228229522,0.0833558365702629,0.2407184094190597,-0.621874213218689,0.0487202405929565,-0.0832330659031868,-0.04812478646636,0.259869247674942,-0.4461257457733154,0.2382365614175796,0.0838035121560096,-0.5344372987747192,0.5065318942070007,0.4480125904083252,0.0181824807077646,-0.121032990515232,0.2265196144580841,0.4854059219360351,-0.0247120037674903,0
0.3586235046386719,-0.0246663745492696,0.7754485011100769,-0.8844077587127686,0.0205631572753191,0.3392025232315063,-0.1355293840169906,-0.0529141798615455,-0.4171533584594726,0.307938814163208,0.7799731492996216,-0.1584917306900024,0.2739543914794922,-0.6795698404312134,0.6546946167945862,-0.5095005631446838,0.2791526913642883,-0.1557860970497131,0.0791591852903366,-0.4014647603034973,-0.8990652561187744,-0.9262132048606871,-0.1831101924180984,0.154470607638359,-0.0902618244290351,0.0137811098247766,0.0121721886098384,0.2656416893005371,-0.1975154876708984,0.0017380045028403,-0.1448732018470764,-0.5539519786834717,-0.1022625416517257,0.0579993426799774,-1.0950565338134766,-0.195033997297287,0.1503302156925201,-0.1417342275381088,-0.0951748266816139,-0.5363784432411194,0.3325586020946502,0.0311147775501012,-0.6130945086479187,-0.1334844380617141,-0.1431507021188736,0.5453366041183472,-0.229549840092659,0.367545485496521,-0.0144952787086367,-0.0786912739276886,-0.4052870869636535,0.160253420472145,0.1486576050519943,0.1468552052974701,0.1350431591272354,-0.3601643145084381,0.1212152615189552,-0.8884081244468689,-0.0386912338435649,0.0089029129594564,-0.4122975766658783,0.1841042041778564,0.2635621130466461,0.3959721624851227,-0.2631439566612243,0.0452321544289588,0.0961821600794792,-0.0472497045993804,0.0739715620875358,-0.6487445831298828,-0.0336413718760013,0.164206326007843,0.1290869265794754,-0.4542910456657409,0.7616341710090637,-0.2880868315696716,0.1886349618434906,-0.151704654097557,0.3141540884971618,-0.0434453412890434,-0.4349846839904785,0.1722281128168106,-0.1459560394287109,-0.3821792304515838,-0.2669380307197571,0.1747135072946548,-0.4731841683387756,-0.8139368891716003,0.8416064381599426,-0.1633704453706741,0.398811787366867,0.3357173204421997,0.1424184739589691,0.2348209768533706,-0.3758234977722168,0.1531011164188385,0.1802000254392624,-0.0568276718258857,-0.3802551031112671,0.6075312495231628,-0.1827001422643661,0.0576381757855415,-0.0303319804370403,-0.2173190414905548,0.3214604556560516,-0.3659038841724396,-0.3783417344093323,0.1673703789710998,0.3260456919670105,-0.177744448184967,-0.4289966523647308,-0.3378853797912597,-0.5367929935455322,0.3362517654895782,0.3132054209709167,-0.0323720835149288,-0.2094873338937759,0.2365705668926239,0.0392595268785953,0.4166017472743988,0.2066131979227066,0.5641819834709167,-0.1325835436582565,0.0099416654556989,-0.0932277664542198,0.4952303469181061,0.0901037603616714,-0.6326240301132202,0.158358559012413,-0.2867668867111206,-0.0173558443784713,0.107340008020401,-0.0451720394194126,-0.1583792865276336,-0.3470660746097564,1.0091145038604736,-0.1720819026231765,0.0428343191742897,-0.1088468357920646,-0.5532451868057251,-0.0317088961601257,0.1576555669307708,0.2147662192583084,-0.2545504868030548,0.1049708873033523,0.2996875941753387,0.1895471960306167,-0.7632226347923279,0.0111502408981323,0.1368252038955688,-0.1470520794391632,1.066796898841858,-0.7711522579193115,0.2616840302944183,-0.2608645856380462,-0.040651224553585,-0.5023216605186462,0.088080994784832,0.501655638217926,0.4692065119743347,0.1573397517204284,-0.5436323881149292,0.5917591452598572,0.5716028809547424,0.4121880233287811,0.3372128307819366,0.0857105329632759,-0.2183679044246673,-0.1453911662101745,0.2892410457134247,-0.2568687200546264,0.1158893778920173,0.1483827829360962,-0.454930305480957,0.1390462219715118,0.4084529876708984,0.268079936504364,-0.1322606205940246,0.4458299577236175,-0.9173943996429444,0.0121634928509593,-0.1293108463287353,-0.2407212853431701,-0.655108630657196,0.5757667422294617,-0.1570649445056915,-0.2027263194322586,-0.2569780647754669,0.0370329581201076,-0.5157102346420288,0.095952495932579,0.0432647280395031,0.684190571308136,-0.1562862247228622,-0.1192012578248977,-0.4013515114784241,0.1618971526622772,-0.143419474363327,0.0497052147984504,0.56205153465271,0.1374651789665222,0.1464396864175796,0.0063964049331843,-1.1057502031326294,-0.5280543565750122,0.1395886838436126,0.7025129795074463,0.6469906568527222,0.3365605473518371,0.3559617102146148,-0.3146827220916748,-0.2045052647590637,0.2062235176563263,0.3486829698085785,0.5529441237449646,-0.016566663980484,-0.7394495606422424,-0.3700011372566223,0.3480413854122162,-0.1952962279319763,0.3645149171352386,-0.3964727222919464,0.1479096561670303,-0.1230077594518661,-0.1660883575677871,0.3021289706230163,0.2427328675985336,-0.432539165019989,-0.1254675686359405,0.7219329476356506,-0.5374917984008789,-0.3943407833576202,-0.6420092582702637,0.1480622142553329,-0.3879353404045105,0.1265142112970352,-0.3879170715808868,0.2455029189586639,-0.5147812366485596,0.1670347154140472,0.2136788368225097,-0.0973865538835525,0.1902671456336975,-0.3023533821105957,-0.1986513286828994,0.2059695422649383,-0.0491631291806697,0.1524078249931335,-0.3032713234424591,-0.0656548961997032,-0.5807090997695923,-0.4501806795597076,0.1670434176921844,-0.3809289634227752,0.6607704162597656,0.1631241738796234,0.1359750479459762,-0.0701999813318252,0.3478787839412689,-0.6328304409980774,-0.1447628289461136,-0.4550751149654388,0.2436263114213943,-0.0120690781623125,0.3931418061256408,0.2132409363985061,0.0869434028863906,-0.4913892447948456,-0.4093371629714966,-0.4929644167423248,0.2152226120233535,-0.2128570526838302,-0.2557368278503418,-0.1298930346965789,-0.024274805560708,0.04751892760396,-0.2410119771957397,0.3789639770984649,-0.6740599870681763,0.3417744934558868,-0.1215574964880943,0.5535191297531128,-0.4472485780715942,-0.1685982942581176,0.3951951265335083,-0.049195297062397,-0.4267884194850921,-0.414090096950531,-0.2033648788928985,0.2097956538200378,0.388204962015152,-0.6768291592597961,-0.2198648601770401,0.3544965386390686,-0.4503610134124756,-0.0210239253938198,0.5212361812591553,0.0284831039607524,0.0804966911673545,0.2866666316986084,-0.089926429092884,0.1582807600498199,0.5975357294082642,-0.5801597237586975,-0.2414451092481613,-0.5601361989974976,-0.0293470304459333,-0.3483292758464813,0.556526780128479,0.0230383947491645,0.1481944918632507,0.7260949611663818,-0.4633060693740845,-0.0925065577030181,0.9196696877479552,0.5360009670257568,-1.6513739824295044,0.289298415184021,0.6973103880882263,-0.1962223649024963,-0.2482532858848571,0.0548110119998455,0.0119285555556416,-0.0102505404502153,-0.2157996147871017,-0.7553359270095825,0.8927761912345886,0.2450911849737167,-0.2065581828355789,-0.2450914531946182,0.4924006760120392,0.0727382153272628,0.0552626326680183,-0.4773213267326355,-0.2581067681312561,0.3700799643993377,0.2186993211507797,-0.1692437827587127,-0.2959271967411041,-0.1563395708799362,-0.5493754148483276,0.1432756632566452,-0.2391412258148193,0.2105724662542343,-0.4816707372665405,0.0363241843879222,0.3828274607658386,1.131384015083313,0.3203997015953064,0.5801156759262085,-0.3884201049804687,-0.0716237649321556,0.8466631770133972,0.457819789648056,0.4994423389434814,0.3784675598144531,-0.2813080549240112,-0.2930530309677124,0.6196814775466919,-0.050277542322874,-0.3033430278301239,0.3204991817474365,-0.1048931702971458,0.2078468948602676,-0.1034251824021339,0.0694383829832077,0.1110826358199119,-0.1496219038963318,0.1321352124214172,0.7338179349899292,0.6123164892196655,0.1744691282510757,-0.0940590947866439,-0.4335092604160309,0.0579937808215618,-0.1725084483623504,0.255798876285553,0.4385444521903991,-0.2900402843952179,-0.2993480265140533,-0.1937111467123031,-0.2491368055343628,-0.2325776368379593,-0.3403624296188354,-0.400767982006073,-0.9239010810852052,-1.0663666725158691,0.0514844134449958,0.0364310033619403,-0.7813575267791748,0.2973428666591644,0.1253112405538559,0.6626867055892944,-0.4192781746387481,-0.5313348174095154,0.1362084597349167,-0.469912588596344,0.0440434291958808,-0.1709395498037338,0.040976446121931,-0.254860371351242,0.288720041513443,-0.5707607269287109,-0.2336601018905639,-0.3975604176521301,-0.2706895470619201,-0.4771449267864227,0.0833981111645698,0.1562682390213012,0.7864431142807007,0.0329351238906383,0.2744109034538269,-0.0830293223261833,0.1661955714225769,-0.1352051496505737,-0.1193107739090919,-0.6013108491897583,0.3270958065986633,0.6027277708053589,0.7362671494483948,0.2225320637226104,0.4853352904319763,-0.0107432296499609,-0.1678165048360824,0.2710961103439331,-0.2332077175378799,-0.286459356546402,-0.2649374604225158,0.5488170385360718,-0.4618846178054809,0.2983710467815399,-0.3070251047611236,-0.0251187942922115,0.8155043721199036,-0.2759130299091339,-0.6447542309761047,0.019334452226758,0.4444313943386078,0.2741967439651489,0.2018985152244568,0.2217877656221389,1.1126266717910769,-0.1611074060201645,0.6747143268585205,0.2079386562108993,-0.3065947294235229,0.0153259988874197,-0.2526099681854248,0.0108531191945075,0.1808147132396698,0.5403428673744202,0.8989946842193604,0.2680794596672058,0.387798011302948,0.4225503504276275,0.0394640564918518,-0.3098432421684265,-0.0448453351855278,0.5020272731781006,0.0876635760068893,-0.5822703838348389,0.0671888217329979,-0.4893506169319153,-0.3110739886760711,-0.3760032653808594,-0.1529198884963989,0.2548675239086151,-0.1874099820852279,0.4831192791461944,-0.4073148667812347,-0.6556465029716492,-0.4325756430625915,-0.7924972772598267,0.1225211918354034,-0.1237589567899704,0.2850375175476074,0.5576971769332886,0.5667896866798401,0.151675283908844,0.0797831639647483,0.305660992860794,0.7309637069702148,0.2399234920740127,-0.1629074960947036,-0.1688187420368194,0.3584931790828705,0.1539022028446197,0.4346175491809845,0.2286254167556762,0.0695969685912132,-0.3132855296134949,-0.5330155491828918,-0.3979867100715637,0.1479430347681045,0.0100019462406635,-0.0302755665034055,0.3525822162628174,0.0273273456841707,-0.1545535176992416,-0.5193030834197998,-0.2445397675037384,-0.3318242728710174,-0.1690635979175567,-0.7040066123008728,-0.1218400225043296,-0.5307708978652954,0.1147366911172866,0.4098197817802429,0.4931957721710205,-0.5638531446456909,0.1662935465574264,0.3007017076015472,0.1204905360937118,-0.0154460817575454,0.1163259223103523,-0.0711223110556602,-0.2879864573478699,-0.0643923953175544,0.0923106297850608,-0.0817050263285636,0.6598289608955383,0.1591884344816208,-0.5559541583061218,-0.2439369857311248,0.115936778485775,-0.9041750431060792,0.433933824300766,-0.1377756744623184,0.1395601332187652,-0.6946619749069214,0.1776384264230728,0.0566961802542209,0.0287550706416368,-0.234372466802597,0.1439073234796524,0.1385184079408645,-0.7581139206886292,0.3103348016738891,-0.1813197135925293,-0.3846227824687958,0.7979161143302917,0.5467738509178162,-0.1853010505437851,0.2618381977081299,0.5007081031799316,0.0613263137638568,-0.4154864549636841,0.3247176110744476,-0.1609259694814682,0.1054156497120857,0.3049433827400207,-0.1889155358076095,0.5684009790420532,0.1683012545108795,0.1198823079466819,0.1038140431046485,0.3489070832729339,0.6846362352371216,0.4384132027626037,0.2534331381320953,-0.1556078344583511,-0.470798522233963,-0.7940940260887146,0.0376302748918533,0.2783031463623047,0.5752158761024475,-0.3884532749652862,0.5000850558280945,0.6709069013595581,-0.0261370316147804,0.3636739552021026,0.921187937259674,0.1954237669706344,0.4207964837551117,-0.4991807341575622,0.0607120133936405,-0.9316931366920472,0.4198193550109863,0.3131798803806305,-0.0941114202141761,-0.1071772128343582,0.1388003677129745,-0.5112866163253784,-0.4666632413864136,0.1720971912145614,-0.1056281924247741,-0.1700824797153473,-0.2413229346275329,0.6426102519035339,-0.1109598949551582,0.9409220218658448,0.3932240307331085,0.0111649427562952,-0.4847569167613983,0.1631693243980407,-0.1479229778051376,0.6438269019126892,0.0549303963780403,0.4049669504165649,-0.2156396359205246,-1.03778874874115,-0.4044138193130493,0.2613549530506134,0.2089057564735412,0.286806046962738,-0.5070863962173462,-0.0036206315271556,0.4516017735004425,0.5596505403518677,0.2337265461683273,-0.1101813688874244,-0.4991564750671386,0.0602733492851257,-0.1417141854763031,-0.2067635357379913,0.3999647796154022,0.0863533318042755,0.3394351601600647,0.3769959211349487,-0.1770133674144745,0.0854547098278999,0.4841074049472809,0.1963625401258468,-0.1337948441505432,0.6522935032844543,0.0557423271238803,-0.1153806075453758,0.068910077214241,0.0201813541352748,-0.2673791050910949,0.0112823247909545,0.6305686235427856,-0.0938891470432281,-0.018041593953967,-0.5155843496322632,0.3149875104427337,-0.0319119431078434,0.1470301896333694,-0.4010014533996582,-0.4669030606746673,0.2831065356731415,0.2526891231536865,-0.3539333045482635,0.0224920939654111,-0.2453508973121643,-0.2295989990234375,-0.3570439219474792,-0.3350311815738678,-0.5432419180870056,-0.1944839358329773,-0.3953049778938293,0.4299406409263611,-0.770074725151062,-0.5165455937385559,0.4467598795890808,-0.1453765481710434,-0.1557761132717132,-1.1232340335845947,0.6056432723999023,-0.400147795677185,0.636294960975647,-0.1855069398880005,-0.096103236079216,0.0183214973658323,-0.3138656318187713,-0.322945773601532,-0.5746438503265381,0.4832221865653991,-10.23126220703125,-0.1531709879636764,-0.2061832696199417,-0.6949334144592285,-0.3927797973155975,-0.1074967384338378,1.0815861225128174,0.0150632699951529,-0.5576997995376587,0.1200396791100502,-0.2452751398086547,0.1355503350496292,0.534533679485321,0.3761050999164581,-0.0703593641519546,-0.030170764774084,-0.1402267664670944,-0.5821368098258972,-0.3437755107879638,-0.1215213239192962,-0.077371560037136,-0.1950564831495285,0.6719056367874146,-0.0401544831693172,0.0759009197354316,-0.3982008695602417,-0.1598372608423233,0.2665517330169678,0.1228524073958396,0.4765311181545257,-0.2146400511264801,0.8284003734588623,-0.1778043061494827,0.0664553940296173,-0.1844103336334228,-0.0297167152166366,-0.0254587046802043,0.4636370539665222,-0.1103347167372703,0.490783154964447,0.3837138414382934,0.358788251876831,0.1400733739137649,0.0472070164978504,0.3781290054321289,0.4283336102962494,0.1367486715316772,0.32080739736557,0.7621679902076721,-0.0751866400241851,0.4969749450683594,-0.7559500932693481,0.3250588178634643,0.068393275141716,-0.4673557579517364,0.0409008339047431,0.932538628578186,-0.5532816052436829,0.0047107227146625,0.2532929480075836,0.3740162253379822,-0.0409752391278743,1.1663835048675537,0.404410570859909,-0.2600726783275604,0.3022530674934387,0.1110511496663093,0.122262954711914,-0.4746184349060058,-0.4054569900035858,0.3808251917362213,0.0147620821371674,0.1461379677057266,0.3145440816879272,-0.3718342185020447,-0.085900068283081,-0.0263521336019039,0.2055089026689529,0.3818835616111755,-0.0679506063461303,0.8542038798332214,0.0212811939418315,-0.41378915309906,0.4242964386940002,-0.5259703397750854,0.1248574405908584,0.1416054666042328,-0.0715519413352012,0.5414227843284607,-0.6794898509979248,0.7729988694190979,-0.3009038865566253,-0.3189559578895569,0.7000997066497803,0.3129055202007293,-0.5655158162117004,0.31784188747406,0.1308512240648269,0.0886329114437103,-0.2186778038740158,0
0.0648852065205574,0.7035254240036011,0.4712594747543335,-0.5475382804870605,0.159046471118927,0.3983789384365082,0.3516373038291931,0.1230262815952301,-0.0236791316419839,-0.5605530738830566,0.6916403770446777,-0.182065725326538,-0.3695733845233917,-0.4816430211067199,0.5012007355690002,0.0213964376598596,0.060660071671009,-0.3494442403316498,0.0808935090899467,-0.4406334459781647,-0.8895779848098755,-0.5165688395500183,-0.2661830186843872,-0.1126970499753952,0.0520015619695186,-0.565481424331665,0.1075268164277076,0.0608377531170845,-0.2720945477485657,0.1094129383563995,-0.1461329460144043,-0.5175169706344604,0.0158073138445615,0.2165822833776474,-0.3974581360816955,0.142894834280014,0.3707327842712402,0.0952575802803039,-0.0872540697455406,-0.0089115975424647,-0.1786278784275055,-0.2461543679237365,-0.1566752046346664,-0.2897273600101471,-0.3175949454307556,0.5588154792785645,0.2791037857532501,0.211603581905365,0.3493315875530243,0.2054760158061981,-0.1156577318906784,0.5249888300895691,0.1536309123039245,-0.0692296996712684,0.2368091493844986,-0.1020296588540077,-0.0125966863706707,-0.3041947185993194,-0.315399706363678,0.3457387387752533,-0.7240349650382996,-0.2794842422008514,0.1947132796049118,0.0192494969815015,-0.2238133698701858,-0.0714084729552269,0.0090548070147633,-0.1172169893980026,0.0939084142446518,-0.7125075459480286,0.24566550552845,0.16375033557415,0.0041453535668551,-0.7423335909843445,0.8383400440216064,-0.4343532919883728,0.4013092517852783,-0.0771496891975402,0.2783533334732055,0.1198773011565208,-0.3972549736499786,0.5623978972434998,0.1228711530566215,-0.6203539371490479,-0.1695971637964248,0.2420136481523513,-0.3805654644966125,-0.6627863049507141,0.3452689945697784,-0.3598125874996185,0.0576520599424839,0.0200124494731426,0.1917700320482254,0.3702609241008758,-0.1341761350631714,-0.1516888439655304,0.4498142302036285,-0.5212644338607788,0.0130199361592531,0.3714965581893921,0.0015353302005678,-0.2446013838052749,0.1044385582208633,-0.1651811748743057,0.0410203039646148,0.1103887259960174,-0.2764322757720947,0.2558739483356476,0.0137467123568058,0.1843705028295517,-0.2210141867399215,-0.4207691252231598,-0.4753669500350952,0.0586740970611572,0.219318613409996,0.0520587302744388,-0.2344735264778137,0.5728998184204102,0.2102686911821365,0.103446215391159,0.0141941122710704,0.6295061111450195,-0.3811309039592743,-0.2468281537294387,0.059036124497652,0.4163442552089691,0.1493714302778244,-0.1430320143699646,-0.2417795658111572,-0.2608487606048584,-0.3128129541873932,-0.2840716540813446,-0.2446134686470031,0.1259421557188034,-0.289646714925766,0.4501760601997375,0.0504773594439029,-0.3529983162879944,0.1138990223407745,-0.6542359590530396,-0.1337671726942062,0.3232095837593078,0.3248696327209472,-0.207984060049057,-0.0904217213392257,0.2758062183856964,-0.1100581884384155,-0.1760434955358505,0.4691634178161621,0.3713214695453644,-0.3159648180007934,1.188944697380066,-0.0977653041481971,-0.2365292906761169,0.4285502135753631,0.1521444469690323,-0.4275278747081756,-0.1244289055466651,-0.3291798532009125,0.5476692914962769,0.1096686571836471,-0.5160374045372009,-0.1809324026107788,0.6723102927207947,0.1644700020551681,0.4191581904888153,0.514015793800354,0.0593434758484363,-0.3188272416591644,0.6711301803588867,0.6820576786994934,0.3044437170028686,0.0905157700181007,-0.4315429329872131,0.1521157920360565,0.3787359297275543,0.4825846254825592,0.281445562839508,0.0389888361096382,-0.3127680122852325,-0.1061535626649856,-0.3034140467643738,-0.0886566042900085,-0.5089245438575745,0.1785750687122345,-0.1682691723108291,-0.0445346795022487,0.3660987615585327,0.1186715513467788,-0.3542804419994354,0.0491569675505161,-0.7281267642974854,0.2736172378063202,-0.4562174379825592,-0.4035131633281708,-0.3320280611515045,-0.0910236090421676,-0.0160996541380882,-0.316254198551178,0.7653443813323975,0.2082264423370361,0.222663477063179,-0.4621096849441528,-0.503148078918457,-0.7040464282035828,-0.4177868366241455,0.1927558481693267,0.3255803883075714,0.2745088338851928,0.2982934117317199,-0.1401118338108062,0.7325036525726318,0.436888724565506,0.1040650904178619,0.663826584815979,0.111908346414566,-0.5294345021247864,-0.1585965454578399,0.1365384459495544,-0.2717105150222778,0.0168289095163345,-0.143857330083847,0.2231877744197845,0.2196982055902481,0.4914810061454773,0.1397870182991027,0.3447716832160949,-0.2917183935642242,0.0003477990394458,0.466008573770523,-0.6528882384300232,-0.5498502254486084,-0.6406992673873901,0.1279291063547134,-0.6494531631469727,-0.3092299103736877,-0.2264051735401153,0.5861459970474243,-0.3014874160289764,0.3050029277801513,-0.1716019362211227,0.0522212050855159,0.2629806697368622,-0.4791663289070129,-0.0400644652545452,0.3016579747200012,-0.3867668807506561,-0.0675783678889274,-0.5167735815048218,-0.2280135452747345,-0.7076441049575806,-0.6665599346160889,0.3558297455310821,-0.4612964391708374,0.8448110222816467,0.4263072907924652,0.3717327117919922,-0.2130816727876663,0.2136790454387664,-0.4395650625228882,-0.1379182338714599,-0.4234719574451446,-0.0356907024979591,-0.0357493087649345,0.0064392061904072,0.5184308886528015,0.1779772788286209,-0.7041186094284058,-0.8204681277275085,-0.7476833462715149,0.0028904560022056,-0.4270059168338775,-0.4488175809383392,-0.0126862684264779,-0.1405869871377945,0.2082284390926361,-0.32215017080307,0.7395684719085693,-0.5396336913108826,0.2316128015518188,-0.4953520894050598,0.5771022439002991,-0.40202397108078,0.0810956805944442,0.1583993881940841,0.5331422686576843,-0.6833771467208862,0.0398928970098495,-0.4100192487239837,0.6165415644645691,0.6220531463623047,-0.3406687676906585,-0.7225481867790222,0.0585577301681041,-0.3179209530353546,-0.0281351935118436,0.5417642593383789,0.181391179561615,-0.2234051078557968,0.5440122485160828,-0.0567818656563758,-0.0207478310912847,0.1077798977494239,-0.1515886783599853,-0.2793209552764892,-0.6692509055137634,0.041555069386959,-0.0770800858736038,0.4217200577259063,-0.2459312081336975,0.1563572287559509,0.6292005777359009,-0.5004769563674927,0.3277264535427093,0.6858276724815369,0.1780090034008026,-1.3446673154830933,-0.0347803831100463,0.970336377620697,0.0402741618454456,-0.0142233790829777,0.3643267154693603,0.2377026528120041,0.6112226843833923,-0.3202166557312011,-0.2539277970790863,0.8578062057495117,0.2869665920734405,-0.3538528382778168,-0.0495684295892715,0.4075995087623596,-0.2346916049718856,0.1206443160772323,-0.1432274580001831,-0.2500223815441131,0.4777505397796631,-0.2252148240804672,-0.04609190300107,0.1738491207361221,-0.6797765493392944,-0.4630770087242126,0.471773236989975,0.0156606994569301,-0.0488553382456302,-0.7318642735481262,-0.3651100993156433,0.3015706539154053,1.102678894996643,0.6135445833206177,0.5639049410820007,-0.2992725968360901,-0.5780555009841919,0.5964652299880981,0.0001506157714175,0.4029400944709778,-0.275426983833313,-0.5335673689842224,-0.1483619958162307,0.4492460191249847,-0.0620859935879707,-0.2083703130483627,0.1510203629732132,0.2353299409151077,0.2071498334407806,-0.261694073677063,0.2415539920330047,0.7686607837677002,0.0504842214286327,0.2833902537822723,0.3924749195575714,0.820503294467926,0.2193351536989212,0.1430072337388992,-0.1700319647789001,-0.107781633734703,-0.0464503653347492,0.7001138925552368,0.3850071430206299,0.0388053469359874,0.2073328346014022,0.1031020283699035,-0.0878358855843544,-0.3717678487300873,-0.1384674906730651,-0.0457870326936244,-0.6777955293655396,-0.686381995677948,-0.138799250125885,-0.0120216766372323,-0.7045502066612244,0.473073273897171,0.3419715464115143,0.4307880401611328,-0.5315377116203308,-0.1250596195459365,0.5039930939674377,-0.1763982623815536,-0.3417385518550873,-0.1693855822086334,0.3543617725372314,-0.5939717888832092,-0.2229674905538559,-0.2577818036079407,-0.357987642288208,-0.3167111873626709,-0.0947636142373085,-0.8816103339195251,0.2206939756870269,0.1561333090066909,0.556351900100708,-0.0249521769583225,0.1050672605633735,0.2073166817426681,-0.110191561281681,-0.0443511642515659,-0.0873317718505859,-0.1366418302059173,0.0270251370966434,0.4362976551055908,0.4538975059986114,0.4011185467243194,0.4229632318019867,-0.0197619330137968,-0.3554701805114746,-0.2132369726896286,0.2449856996536255,-0.4821258187294006,-0.5262017846107483,0.7479609251022339,-0.156482920050621,0.0460313037037849,-0.2654120028018951,-0.0534625314176082,0.803116500377655,-0.2670457363128662,-0.1756482869386673,-0.051705002784729,0.0671064257621765,0.0957477837800979,0.4147038161754608,0.3733814358711242,0.959229290485382,-0.0159511547535657,0.0813415795564651,-0.0627298504114151,-0.2355812638998031,0.4483131170272827,-0.4812310338020324,0.2091173082590103,-0.0879557281732559,0.2811487913131714,0.9076653718948364,0.3419735729694366,0.2447381913661956,0.1398565918207168,-0.1145596578717231,-0.2829235196113586,0.1402857899665832,0.8493282198905945,0.0695818588137626,-0.3929468989372253,-0.0177651233971118,-0.4741891920566559,0.1980562061071396,-0.0619919262826442,-0.0501796342432498,0.0437217652797699,-0.5344532132148743,0.4956914186477661,-0.4106553792953491,-0.4851008653640747,-0.739810585975647,-0.7049449682235718,0.2712744474411011,-0.1837588548660278,0.0518123544752597,0.4887271523475647,0.4544070661067962,-0.5846787691116333,0.3876837193965912,0.3218720555305481,0.3573938310146332,0.3553830087184906,-0.3799982964992523,-0.3474487960338592,0.4077852666378021,-0.0878432542085647,-0.2300858348608017,0.0811518728733062,-0.077950395643711,-0.3456917405128479,-0.3997458517551422,0.0990882962942123,0.0089356638491153,-0.0458664000034332,-0.0993360579013824,0.1967685520648956,0.0282615888863801,-0.4263617992401123,-0.2708835303783417,-0.3111379444599151,0.0178970415145158,-0.139445349574089,-0.5245065093040466,-0.2021433711051941,-0.1232845932245254,0.5057178735733032,0.4112260043621063,0.4578993320465088,-0.2590113878250122,0.2669944167137146,0.3359394073486328,0.5423370599746704,-0.3525971472263336,-0.0929851979017257,-0.2864218056201935,-0.5184913873672485,0.2444619089365005,0.5577283501625061,-0.0399972684681415,-0.0680266693234443,-0.5231679081916809,-0.683489978313446,-0.0734597668051719,-0.1042894050478935,-0.9446498155593872,0.3004504144191742,0.3428196012973785,0.5223770141601562,-0.5121788382530212,0.1714802533388137,-0.1728483885526657,0.4421372413635254,0.1618828326463699,0.2459248751401901,0.2218044847249984,-0.6905056238174438,-0.1066251844167709,-0.0904255658388137,-0.5260455012321472,0.7962231636047363,0.4665993452072143,-0.4816798567771911,0.3228500187397003,0.7024955749511719,0.176348477602005,-0.4628303349018097,0.1372342705726623,-0.4230745732784271,-0.2605915367603302,0.1086388006806373,0.4986057579517364,0.1531921178102493,0.1121822074055671,-0.2572976052761078,0.0310910213738679,0.6210033297538757,0.5431952476501465,0.2993086874485016,-0.011157751083374,-0.0905102044343948,-0.2918620109558105,-0.359261155128479,0.4765995442867279,0.3135992288589477,0.9275248050689696,-0.6948481202125549,0.8270947337150574,0.417987197637558,-0.3516790270805359,0.5475863218307495,0.8275810480117798,-0.1295352131128311,0.3588325381278991,-0.3821957409381866,0.064886063337326,-0.912461519241333,0.0441856309771537,-0.2212532311677932,-0.0143553661182522,-0.1201798990368843,-0.0609278529882431,0.004015864804387,-0.4199044704437256,0.2204073518514633,0.0230938773602247,0.0410899668931961,-0.019476206973195,0.3957511484622955,-0.475532591342926,0.7654542326927185,0.3582446873188019,-0.3600449860095978,-0.1573605239391327,0.1476099491119384,0.087788887321949,0.7888616323471069,-0.2477010488510131,0.4315614104270935,0.0922671258449554,-0.8847265839576721,0.1002267077565193,0.0895279422402381,-0.0947557389736175,0.6437154412269592,-0.3262166082859039,-0.3809820115566253,0.3472054898738861,0.9383267164230348,0.2875902056694031,-0.3568570613861084,-0.5209187269210815,-0.0570540651679039,-0.4023283720016479,-0.3859650492668152,0.0292511992156505,0.1276062428951263,0.4225535094738006,-0.1213698908686637,-0.0419671200215816,0.1576462239027023,0.403877705335617,0.1310643404722213,0.1157403141260147,0.042076501995325,0.0924983173608779,-0.273703396320343,0.1220830157399177,0.3158020973205566,-0.4917131662368774,-0.1744960844516754,0.7196577191352844,-0.1164612844586372,0.2353215664625167,0.0578406751155853,0.2041558921337127,0.1030446588993072,0.1119522377848625,-0.1834087073802948,-0.6722075939178467,-0.3497683405876159,0.4408051371574402,-0.8758087158203125,-0.1174071803689003,0.1080517321825027,0.3653841316699981,0.1020702868700027,-0.0060884314589202,-0.5854359865188599,-0.2722901105880737,-0.1771976202726364,0.3641877174377441,-0.4985266625881195,-0.6596727967262268,0.6454887986183167,-0.088888369500637,-0.4597136676311493,-1.2287819385528564,0.5890169739723206,0.0776873603463172,0.5915550589561462,0.1351224184036255,0.1538237184286117,0.1059198677539825,0.2237645983695984,0.0037742669228464,-0.2173176407814026,0.581588625907898,-10.289658546447754,-0.3003974854946136,-0.3242519795894623,-0.7455151677131653,-0.3652228415012359,0.2694185078144073,0.6051923632621765,0.1781440675258636,-0.4923450648784637,0.1491096913814544,-0.3996672034263611,0.0590169504284858,0.1558715552091598,0.1004372909665107,-0.3681308627128601,0.3068011403083801,-0.3219028413295746,-0.2939372062683105,-0.3147366940975189,0.0405683368444442,-0.4046725928783417,-0.3304223716259002,0.7073029279708862,0.1135795414447784,-0.0477767586708068,-0.3105928897857666,-0.0543449595570564,0.096657320857048,-0.3457956314086914,0.2954535782337188,-0.3798690140247345,0.5762261748313904,-0.1736059039831161,-0.1127649620175361,-0.4583718776702881,-0.1888875365257263,0.0478667467832565,-0.4949324131011963,-0.1944606155157089,0.5718844532966614,0.442748486995697,0.6001575589179993,0.0038139026146382,-0.124246634542942,0.2433841079473495,-0.0014174034586176,0.0019126454135403,0.0463049300014972,0.6046343445777893,-0.2788213491439819,0.4446240961551666,-0.2662782073020935,0.237011581659317,-0.186130553483963,0.263404369354248,0.2885286211967468,0.7916185259819031,-1.0048638582229614,-0.1511134207248687,0.2246227115392685,0.1177573800086975,0.110612116754055,1.0127406120300293,0.0812015458941459,-0.0826491713523864,0.3211994469165802,0.3936371207237243,0.1789993792772293,-0.4705178439617157,-0.6871199011802673,0.3974434733390808,0.4097597002983093,0.1838757097721099,0.1602386534214019,-0.3042787313461303,0.4773211181163788,-0.0504228137433528,0.317943125963211,0.172936737537384,0.0184958018362522,0.6552831530570984,-0.3927880823612213,-0.2618248164653778,0.1869706809520721,-0.8683280348777771,0.1728643476963043,-0.1377306431531906,-0.2829202115535736,0.312147855758667,-0.7298805117607117,0.3388964235782623,0.1424144953489303,-0.1129440441727638,0.3945612907409668,0.4246352910995483,-0.2910743355751037,-0.1674259603023529,0.4524502754211426,0.3383530974388122,-0.4104370474815368,0
0.4868707358837127,0.2079494297504425,0.4883789420127868,-0.550900399684906,0.4626130163669586,0.121281012892723,0.0912269577383995,-0.1813520938158035,-0.0467244423925876,-0.4795567691326141,0.6885204911231995,-0.3099619746208191,0.0151986768469214,0.0246261153370142,0.3350607752799988,-0.3567440807819366,0.2615514695644378,-0.224953681230545,0.0896363854408264,-0.4717234373092651,-0.6567620038986206,-0.1281601190567016,-0.201838806271553,0.1762697547674179,0.0885178595781326,0.0099206529557704,-0.4736396372318268,-0.0735934898257255,-0.0685933008790016,-0.2143206894397735,-0.605719268321991,-0.3406910598278045,0.286326915025711,0.3111657202243805,-0.1167178973555564,0.2430902570486068,0.1077812016010284,-0.098121665418148,0.2638300359249115,-0.3867271542549133,0.0454277284443378,-0.02167852781713,-0.2648947536945343,-0.0970964804291725,-0.2957008183002472,0.8406780362129211,0.2340423464775085,0.3421628773212433,0.7341201901435852,-0.2025543004274368,-0.4249922037124634,0.3469067811965942,0.1500661969184875,-0.0303254034370183,0.4063856303691864,-0.1771214455366134,0.2077113091945648,-0.5447958111763,-0.2614684998989105,0.3543164134025574,-0.5532571077346802,-0.2449434846639633,0.7746521830558777,-0.0899620279669761,-0.0516972951591014,-0.342397004365921,0.0441427901387214,-0.1556743681430816,0.0106326714158058,-0.8261442184448242,-0.6571635007858276,-0.0567122437059879,-0.1262668371200561,-0.2640563547611236,1.251482605934143,-0.1538983136415481,0.1740613132715225,0.3963647186756134,0.3224512338638305,-0.1065797880291938,0.0997388288378715,0.4761493802070617,0.0683448016643524,-0.7463029026985168,0.0736038610339164,0.3169881701469421,-0.1347614079713821,-0.5592920780181885,0.3807528018951416,-0.4066742956638336,-0.5342354774475098,0.6104951500892639,0.6117584705352783,0.2628654837608337,-0.0787698924541473,-0.0027540798764675,-0.000994143076241,-0.3117029666900635,-0.4542104303836822,0.0181202944368124,-0.053630881011486,-0.1093823760747909,0.200402483344078,0.4620646834373474,0.4107337892055511,0.0381456390023231,-0.3808303475379944,0.032655082643032,0.1720614731311798,0.0905015170574188,-0.2240355759859085,-0.4512054324150085,-0.4160735011100769,0.6146683096885681,-0.2297453731298446,-0.102816954255104,-0.1949191391468048,0.0440123341977596,-0.1912465393543243,0.6322449445724487,0.210728257894516,0.2032429426908493,0.2747454941272735,-0.2248293906450271,0.1163965910673141,0.6398226618766785,0.1713525354862213,-0.3835619390010834,-0.366873949766159,0.0832146629691124,-0.1861176490783691,0.2873241007328033,-0.0894091725349426,-0.2028216868638992,-0.5224685668945312,1.0417276620864868,-0.2008852958679199,-0.0539882369339466,-0.3321657180786133,-0.4509543478488922,-0.360283225774765,-0.0357839204370975,0.1271926760673523,-0.1759262084960937,0.1487833708524704,0.0932709723711013,-0.487331360578537,-0.4072125256061554,-0.079468660056591,-0.3014562726020813,-0.1201192215085029,1.0405274629592896,-0.8401033282279968,0.0393184460699558,-0.0702311769127845,-0.0206679720431566,-0.9087058305740356,0.0924965441226959,0.3321253657341003,0.2915297448635101,0.2183434814214706,-0.81412672996521,0.1714003682136535,0.6007859706878662,-0.2182059437036514,0.4350793361663818,0.0848536789417266,0.4531989991664886,0.082535520195961,0.6636136174201965,-0.1421514749526977,0.4049449265003204,0.1521109342575073,-0.2731350064277649,0.6085896492004395,0.3035077452659607,0.2097351849079132,0.0043528163805603,0.1939515471458435,-0.5537717938423157,-0.0350065790116786,0.0048167295753955,-0.3198368549346924,-0.5149656534194946,0.3396261930465698,-0.1161999925971031,0.1428730636835098,0.1778001189231872,-0.2779326736927032,0.1015555784106254,0.1639135777950287,-0.4183435440063476,0.4518981873989105,-0.0596767701208591,-0.2373472452163696,-0.7151142954826355,-0.3101483583450317,0.1565800756216049,-0.6126844882965088,0.6996737718582153,0.1960583925247192,0.0637141391634941,-0.2737035453319549,-0.5005072355270386,-0.6061068177223206,-0.3094664514064789,0.5522167682647705,-0.0065893726423382,0.2296792119741439,0.6124159097671509,-0.2390262931585312,0.2118097096681594,0.4045111835002899,0.2100452035665512,0.2675347626209259,0.2248073518276214,0.0018500502919778,-0.0633225962519645,0.3355198502540588,-0.7833343744277954,0.4635674655437469,-0.2890464067459106,0.4364186227321625,-0.1116339713335037,0.269094169139862,0.1870846450328827,-0.0080717513337731,-0.2900806963443756,-0.044090699404478,0.508892297744751,-0.5143128037452698,-0.3169381618499756,-0.9389352202415466,0.2775562703609466,-0.7697796821594238,0.1346524953842163,-0.0469939112663269,0.5006145238876343,-0.4950182139873504,0.5215675830841064,0.2497805804014206,-0.1121799573302269,0.2993261516094208,-0.2915922999382019,-0.0916415154933929,-0.0137067204341292,-0.0765860900282859,0.0293723177164793,-0.2950349748134613,0.3774317502975464,-0.5782741904258728,-0.4878269135951996,0.5255984663963318,-0.3891220986843109,0.6915884017944336,0.5459463596343994,0.3344857692718506,-0.1865251213312149,0.437023252248764,-0.4372636079788208,0.3625898659229278,-0.3918406665325165,-0.0733695477247238,-0.0378590486943721,-0.1140413433313369,0.1915168017148971,-0.0274605024605989,-0.6746289134025574,0.1513894498348236,-0.7363781332969666,0.5484305024147034,-0.4287079274654388,-0.1917788237333297,-0.1972842365503311,-0.211388275027275,0.1662224680185318,-0.2983362078666687,0.2068521827459335,-0.3026696145534515,0.2002725452184677,-0.7448209524154663,0.0799385607242584,-0.5306863784790039,-0.0227033384144306,-0.0928113162517547,-0.2776319682598114,-0.2214412093162536,0.066002644598484,-0.2130155563354492,0.4492154419422149,0.1799887716770172,-0.0885716453194618,-0.4200237393379211,0.0934969633817672,-0.3711792528629303,-0.1364453136920929,0.3391126692295074,0.4445263743400574,-0.2260433286428451,0.2087699770927429,-0.0311610177159309,0.4582980573177337,-0.1269419640302658,-0.0319482386112213,0.1574471294879913,-0.3849587440490722,-0.2987823784351349,-0.3764740526676178,0.3070196807384491,-0.328237384557724,-0.1249945014715194,0.7787013053894043,-0.354297012090683,0.0250440724194049,0.207493707537651,0.5394543409347534,-1.3197681903839111,0.0487489700317382,-0.018678119406104,-0.2795045971870422,-0.3830400109291076,0.6313517689704895,0.0210742410272359,0.0693660303950309,-0.3499996960163116,-0.4297904372215271,1.099228858947754,0.2384929358959198,-0.2421613186597824,-0.3423108160495758,0.4468829035758972,0.1891531646251678,-0.0084758773446083,-0.6150385141372681,-0.1383856832981109,0.3683922886848449,-0.1461763083934784,0.1832056939601898,0.2646670341491699,-0.2887140214443207,-0.1536682695150375,0.5394020676612854,-0.1372655034065246,0.577667236328125,-0.1409267336130142,-0.1161870956420898,0.0201383903622627,0.9951343536376952,1.1601394414901731,0.790808379650116,-0.2944014370441437,-0.0795457363128662,0.4861855804920196,0.5656149387359619,0.6665995717048645,-0.1730534732341766,0.0565650537610054,0.0295314732939004,0.4956611394882202,0.4778467118740082,-0.2280270904302597,0.1681633740663528,0.4915581047534942,0.8236240148544312,0.3244971036911011,0.1710482537746429,0.2501628398895263,0.3326368331909179,0.0866409242153167,0.3806838095188141,0.8059060573577881,0.298864334821701,-0.3805890381336212,-0.4380350708961487,-0.359504759311676,0.0047465036623179,-0.1668532788753509,-0.2002646476030349,-0.2723799347877502,-0.0804928988218307,-0.4306133091449737,0.0921047404408454,-0.0181933417916297,-0.4223751127719879,-0.2116104662418365,-0.673562228679657,-0.4095958769321441,-0.1947224289178848,0.079605795443058,-1.0541467666625977,0.4862031936645508,0.3770010769367218,0.42972132563591,-0.4699141383171081,-0.5458283424377441,0.1056305095553398,-0.3782083690166473,-0.0783784613013267,0.0083168447017669,0.3076265454292297,-0.1923711150884628,0.0385910719633102,-0.3073025345802307,-0.1761689931154251,-0.4490758180618286,-0.0604020878672599,-0.9064345955848694,-0.4911035895347595,0.0078222183510661,0.3159095346927643,-0.1263137608766555,0.1429377198219299,0.1221012249588966,0.5545070171356201,-0.3269628584384918,0.0004388684756122,-0.6396679282188416,0.4578623175621032,0.7329128384590149,-0.1588564366102218,0.4051835536956787,0.4882889688014984,0.1835133284330368,0.36062753200531,0.032995332032442,0.3531346619129181,-0.6653755307197571,-0.1120981946587562,0.7203813791275024,-0.260905772447586,0.2898926436901092,0.0110164107754826,-0.4164025485515594,0.2027633190155029,-0.4261585474014282,-0.2665686011314392,-0.2817472219467163,0.1154417023062706,-0.1803697943687439,-0.0221825372427701,0.3615373373031616,0.6952488422393799,-0.0921077653765678,0.5078432559967041,0.0901524722576141,-0.1617416441440582,0.6478137373924255,0.3509836196899414,-0.5201947689056396,0.164731964468956,-0.0546946860849857,0.3945431709289551,0.2971109747886657,0.2715695798397064,0.6533185839653015,0.4222796559333801,-0.1568081825971603,0.2983610332012176,0.2899158298969269,0.420342355966568,-0.2567653656005859,-0.5781151056289673,-0.0652232766151428,0.0114136701449751,-0.472823828458786,-0.2424145936965942,0.361390471458435,-0.0224036015570163,0.3369963467121124,-0.0070771384052932,-0.8400317430496216,-0.6168509721755981,-0.6446452140808105,-0.0474027879536151,-0.1570484042167663,-0.0025475255679339,0.8258790373802185,-0.0861581787467002,-0.7353359460830688,0.6563680768013,0.1821232885122299,0.2819777727127075,0.44384765625,-0.1382059603929519,-0.0779041498899459,0.3110784590244293,0.243604838848114,0.0747796297073364,0.4721215069293976,0.0263671297580003,-0.2087450921535492,-0.6663817763328552,0.4957854747772217,-0.0516476221382617,0.1760611683130264,-0.2939028739929199,0.530614972114563,0.0126364398747682,-0.6596765518188477,-0.631372332572937,-0.0175144113600254,-0.102907471358776,0.0185661539435386,0.0208101850003004,-0.1216693893074989,0.0761394500732421,0.3096867501735687,0.3455348312854767,0.7779531478881836,-0.3516948819160461,0.1715013235807418,0.6859332323074341,0.6577200293540955,-0.2240976244211197,-0.0760074034333229,-0.4059945046901703,-0.3623499274253845,-0.3564415276050567,0.269671082496643,-0.1866178810596466,-0.2471917569637298,-0.4588161706924438,-1.0668716430664062,-0.5941849946975708,0.0688545107841491,-0.6164239048957825,0.3201131224632263,0.2799863517284393,0.1850476115942001,-0.290233314037323,-0.1905516535043716,-0.4886767864227295,0.3714143335819244,-0.000700740434695,0.2670102715492248,0.0769363790750503,-0.4736100137233734,0.1334388107061386,-0.7450750470161438,-0.4259662926197052,0.8520615100860596,0.7533650994300842,-0.6253885626792908,-0.1405572742223739,0.4068232178688049,-0.4351517558097839,-0.5251708030700684,-0.3288036584854126,-0.0574375465512275,0.0308558363467454,-0.0577387623488903,-0.2683954536914825,0.2904980778694153,0.1612909436225891,0.2099916934967041,-0.0457261577248573,0.4514992833137512,0.3842048645019531,0.5719150900840759,0.108089730143547,-0.1362495273351669,0.0670223534107208,-0.5864270925521851,0.4911938905715942,0.2613664269447326,0.4047932922840118,-0.3859580457210541,0.209836721420288,0.8785381317138672,-0.5356251001358032,0.4175658226013183,0.5217072367668152,0.4872502982616424,0.505094051361084,-0.5262318253517151,-0.0125313699245452,-0.8846436142921448,0.0686695277690887,0.0464947000145912,0.017620800063014,0.4847925007343292,0.0637591779232025,-0.3195553719997406,-0.5455775856971741,-0.5255492925643921,0.3507944345474243,0.4249826371669769,0.4179239571094513,-0.0877870917320251,-0.0220574438571929,0.5461474061012268,0.3953705132007599,0.089684210717678,-0.4367555975914001,0.1704565286636352,0.2641899585723877,0.7814040184020996,-0.1995824724435806,0.5438302755355835,-0.7517011761665344,-1.190768122673035,0.2655358910560608,0.0868844389915466,0.0274184700101614,0.3622595369815826,-0.4814813435077667,0.0794841274619102,0.1429188996553421,0.3315563797950744,0.0180438328534364,-0.4928358495235443,-0.8237752914428711,-0.0786128267645835,0.0957009717822074,-0.5681291818618774,0.0364212617278099,0.0151638844981789,0.91337388753891,0.4651232063770294,-0.1341239809989929,-0.2419827580451965,1.049137830734253,0.1455228477716446,0.120935209095478,-0.1442812234163284,-0.0421544015407562,0.1299348920583725,0.2267729938030243,0.1315604895353317,-0.4520497918128967,-0.333946019411087,0.2573505938053131,-0.5299175381660461,0.061383381485939,-0.2560333609580993,0.0177683308720588,0.1509685218334198,-0.0113515425473451,-0.2675824463367462,-0.3721432983875274,-0.1486816704273224,-0.1724599599838256,-0.7157665491104126,0.2660408616065979,0.0126407612115144,-0.0204727593809366,-0.3715798556804657,-0.0151869971305131,-0.5965896844863892,-0.3341116607189178,0.0075120339170098,0.5591555833816528,-0.7135568857192993,-0.6283758878707886,0.5806432366371155,-0.2137820124626159,-0.2620254158973694,-0.7189838290214539,0.1424958854913711,0.0816798731684684,0.5325878262519836,-0.2107699066400528,0.2723670303821563,-0.3993126153945923,-0.0150620993226766,0.1067553237080574,-0.1090158149600029,0.5568524599075317,-10.187359809875488,0.1711428612470626,-0.4464468657970428,-1.1386390924453735,-0.0665484443306922,0.1588861644268036,0.4510736763477325,0.338424950838089,-0.2204774916172027,-0.0847415477037429,-0.0601294562220573,0.4050852954387665,0.3033035099506378,0.322946548461914,-0.9586413502693176,-0.1252761930227279,-0.3609889447689056,-0.2083401083946228,0.0664683803915977,-0.670790433883667,-0.2609117031097412,-0.4504331052303314,0.6067798733711243,0.637122392654419,0.035034779459238,-0.3592955470085144,-0.4894201159477234,0.231084331870079,0.0089098559692502,0.2508890628814697,-0.6307515501976013,0.652456521987915,0.1432319730520248,0.4516701102256775,0.086641140282154,-0.0974258258938789,-0.2713007032871246,0.6257935166358948,-0.3700024485588074,0.342485100030899,0.2646548449993133,0.3656089305877685,-0.3202582597732544,-0.0797861963510513,0.0659766569733619,0.0707174837589263,0.5855342149734497,0.2202647626399994,0.6852136254310608,0.0700863301753997,-0.1763507574796676,0.2850565612316131,-0.2577462792396545,0.0563963055610656,-0.0028930585831403,0.073710024356842,0.8301398158073425,-0.1715298146009445,-0.2740088701248169,0.1091502457857132,0.4211184680461883,-0.0583479963243007,0.4832911193370819,0.7381985187530518,0.2021373361349105,0.0653232485055923,0.4991310834884643,0.5631673336029053,-0.6763712763786316,-0.1979986131191253,0.2104098498821258,0.2619231641292572,-0.0863594114780426,0.3745808899402618,-0.316290020942688,0.5314692258834839,0.043662205338478,-0.1058293581008911,-0.0781411826610565,0.2980992496013641,0.8347527384757996,-0.4990279078483581,0.1110679805278778,0.3549347519874573,-1.2934144735336304,0.0375192873179912,-0.0784960836172103,0.2693603634834289,0.2120212465524673,-0.7358568906784058,0.4592650830745697,-0.5310732126235962,-0.60149747133255,0.306140661239624,0.4003915786743164,-0.3961745202541351,-0.1143051609396934,0.1391668319702148,0.390625387430191,-0.202238991856575,1
0.0749431177973747,0.5010326504707336,0.3710091114044189,-0.6560860276222229,-0.0393311083316803,0.1110338270664215,0.0859642401337623,0.0129492720589041,0.0309907756745815,-0.211056187748909,0.9358340501785278,0.1515482664108276,0.2768792510032654,-0.5607249140739441,0.5666325688362122,-0.4205234050750732,-0.0514361336827278,-0.409527987241745,0.0087934993207454,-0.2534026503562927,-0.662889838218689,-0.5673192143440247,-0.4004799723625183,0.3462963700294494,0.2720090448856354,-0.3106721639633178,-0.0153719121590256,0.1219049021601677,-0.0711736679077148,-0.1898295879364013,-0.5257799029350281,-0.5601031184196472,-0.0119114443659782,0.3211928606033325,-0.5740010142326355,0.2335926294326782,-0.0217736177146434,0.2182086557149887,0.381268709897995,-0.3959852457046509,0.1372956931591034,0.4798860251903534,-0.0752676799893379,-0.2060661315917968,-0.0997740179300308,0.5041969418525696,0.1902588605880737,0.2213988602161407,0.1714688241481781,0.0679966434836387,-0.4217140674591064,-0.0168467536568641,0.2043122053146362,-0.1903988867998123,0.0538444705307483,0.4335804581642151,0.0571286678314209,-0.5621520280838013,-0.0375801064074039,0.3367684483528137,-0.4257773756980896,-0.3871409296989441,-0.4007278382778168,0.4770677387714386,-0.31719970703125,-0.2118542194366455,-0.2097134888172149,0.0095695564523339,-0.440587431192398,0.0129947438836097,-0.3038898408412933,0.0424129404127597,-0.0943005010485649,-0.6754307746887207,0.8318064212799072,0.0375881008803844,0.4462927281856537,-0.6719961166381836,-0.1212290599942207,-0.1193667128682136,-0.5262832641601562,0.3429143130779266,-0.2234872728586197,-0.6913549304008484,-0.4837868809700012,0.3528997004032135,-0.6478340029716492,-0.7440022230148315,0.7960655689239502,-0.0685420781373977,0.0856943354010582,-0.0958595424890518,0.2736121714115143,0.4215126633644104,-0.1404181718826294,-0.0187079757452011,0.2700517773628235,0.0099487397819757,-0.0817176774144172,0.3633236289024353,-0.0221207719296216,-0.186085358262062,-0.0417227186262607,-0.0841543450951576,0.1982919126749038,-0.2140036225318908,-0.0435556881129741,0.1449015885591507,-0.0029432601295411,-0.0543723404407501,-0.1221221834421157,-0.7235029339790344,-0.2588759660720825,0.2878579795360565,0.1313011646270752,0.0211674720048904,-0.2963569760322571,0.8375142216682434,-0.4395132958889007,0.4824954271316528,0.0797572657465934,0.3578066527843475,-0.1532616764307022,-0.2701750993728637,-0.2237030118703842,0.574558675289154,-0.102646104991436,0.3830364048480987,0.1745470762252807,-0.5298358798027039,0.2133499234914779,-0.2185020595788955,-0.1887807995080948,0.4014162719249725,-0.0559132732450962,0.6713578701019287,0.2789525687694549,0.4715734720230102,0.3285359144210815,-0.7746561169624329,-0.0957909896969795,0.3114047646522522,0.2697217166423797,-0.3401710391044616,0.5627554059028625,-0.2159447371959686,0.2518156170845032,-0.0929246991872787,0.1412185430526733,0.3115687370300293,0.1791305094957351,1.2047104835510254,-0.2105723321437835,-0.1966185718774795,-0.2365557551383972,-0.051765888929367,-0.3071994185447693,0.1252636611461639,0.1052574664354324,0.4957506954669952,0.4416899681091308,-0.3907606899738312,0.0425344593822956,0.4740809500217438,-0.2821821570396423,0.6412449479103088,0.5071831941604614,0.0508637130260467,0.3439184427261352,0.6333444118499756,-0.0284297224134206,0.5089585781097412,-0.1086053624749183,-0.5634750723838806,-0.0309455096721649,0.7188382744789124,0.311085969209671,0.6358630657196045,0.6108752489089966,-0.8965632319450378,-0.1295465379953384,-0.1185513958334922,0.4232197403907776,-0.8145791888237,0.4032543897628784,-0.3262531161308288,0.0159038063138723,-0.214253544807434,0.1698854565620422,-0.1010085046291351,-0.698457658290863,-0.0076903025619685,0.1109161227941513,-0.1491693258285522,0.0695568621158599,-0.2233514934778213,-0.0167310871183872,-0.015342017635703,-0.4737337827682495,0.6624923944473267,-0.1559403836727142,0.2207432687282562,0.0569845475256443,-0.5219500660896301,-1.2316482067108154,-0.4402652084827423,0.1799165308475494,0.6104909181594849,0.1239572167396545,0.150706797838211,0.1248641982674598,0.5599746108055115,0.17961485683918,0.4113308787345886,0.8713894486427307,0.0085140224546194,-0.808025598526001,-0.4608233869075775,0.7838011384010315,-0.863122820854187,0.0805009827017784,0.1366147398948669,0.2772863805294037,0.1550791710615158,-0.7040775418281555,-0.0131914457306265,0.4275945723056793,-0.072159469127655,0.1844909191131591,0.793224573135376,-0.0839586034417152,-0.751721978187561,-1.2341216802597046,0.1730105280876159,-0.6860142946243286,0.2278774529695511,-0.5205190181732178,0.5394347906112671,-0.2303494960069656,0.7310740351676941,-0.1670832484960556,-0.0219035483896732,0.3549574315547943,-0.2393565475940704,-0.5964962244033813,0.2471265792846679,0.277322769165039,-0.6431230306625366,-0.8614026308059692,0.1485059857368469,-0.3955720067024231,-0.3469831049442291,0.5136789679527283,-0.1920532435178756,0.4309240579605102,0.2742425203323364,0.3554822504520416,0.2859397530555725,-0.1083761602640152,-0.1788811236619949,-0.4731722474098205,-0.5599711537361145,-0.2128765732049942,0.3954005241394043,0.357731431722641,0.4167017638683319,0.235432744026184,-0.5407547354698181,-0.7101407647132874,0.0172899886965751,0.2256495356559753,-0.8143934011459351,-0.1771579086780548,-0.4117016196250915,-0.3668525516986847,0.4502196907997131,-0.010294952429831,0.3205542862415313,-0.0579238422214984,0.6466991901397705,-0.3707708418369293,0.1495065540075302,-0.6712538599967957,-0.1695050746202469,0.0971602499485015,-0.1352232992649078,-0.5953330993652344,-0.5814643502235413,-0.6016782522201538,0.3324083983898163,0.27141934633255,0.1118214651942253,-0.450823575258255,0.162023589015007,-0.2617408037185669,0.1260527372360229,0.7692469954490662,-0.1068775355815887,0.0980919077992439,0.8634207248687744,0.2058811634778976,0.1528165489435196,0.1129610240459442,-0.2915551662445068,-0.0847493857145309,-0.6286470890045166,-0.3785236477851867,-0.3954266309738159,0.6105015277862549,-0.3894446492195129,-0.1456832438707351,1.0077064037322998,-0.1247380748391151,0.1983711421489715,0.8306106328964233,0.6311897039413452,-1.380234956741333,-0.0884410068392753,0.1388814002275467,-0.0937888920307159,-0.2333306223154068,0.3486403524875641,0.3726886212825775,0.0771161168813705,-0.1585301458835601,-0.2015129178762436,0.8199771046638489,0.6578356623649597,-0.3070632815361023,-0.4453116059303283,0.5956208109855652,0.1386835277080536,0.3188926875591278,0.0521704368293285,-0.1059231013059616,0.3507256507873535,-0.4518594443798065,0.2438142448663711,-0.4377323389053345,-0.2286379337310791,-0.1234437376260757,0.199282705783844,0.0153326885774731,0.3558323681354522,-0.1752387136220932,-0.1933534294366836,0.5626264810562134,0.920954167842865,0.3658363819122314,0.7407443523406982,-0.1070056408643722,-0.0405289568006992,0.2043249756097793,0.6213338971138,0.2409420162439346,0.1001663953065872,-0.5828248262405396,-0.2984749674797058,0.3780459463596344,-0.211902230978012,-0.4752582013607025,0.5304667949676514,0.1041564494371414,-0.2018498927354812,-0.477229505777359,0.7384042739868164,0.5590384006500244,-0.2059563547372818,0.6611539721488953,0.5554072856903076,0.6567457318305969,0.2722589671611786,-0.1388095766305923,-0.3048117458820343,-0.0825459584593772,-0.0733940079808235,-0.0752356722950935,0.1497256457805633,-0.3450393676757812,-0.2782748341560364,0.0019222253467887,0.0486252047121524,-0.4260407090187073,0.1734906882047653,-0.2195824682712555,-0.6376174688339233,-0.7793687582015991,-0.063861608505249,-0.5986669063568115,-0.4026835560798645,0.1535077095031738,0.3492183685302734,0.4964047968387604,-0.7464361190795898,-0.1271601021289825,0.251165896654129,-0.4921227097511291,-0.0871448442339897,0.3863778412342071,0.2233757823705673,-0.2901251018047333,0.3032810091972351,-0.3707574307918548,-0.4037947356700897,-0.5771791338920593,-0.044406022876501,-0.104837954044342,0.2173322588205337,0.4064656794071197,-0.2222395986318588,-0.0843929201364517,0.4954863786697387,-0.3509054481983185,-0.1521254926919937,-0.3213151395320892,-0.2467758059501648,-0.3823592960834503,-0.0004126716521568,0.2382006198167801,-0.0721666291356086,0.4457323253154754,0.12066450715065,0.2801474034786224,-0.2946795523166656,0.0558578930795192,-0.0915755033493042,-0.0672047361731529,-0.6947820782661438,1.043548822402954,-0.2698815464973449,0.6022354364395142,-0.1585612595081329,-0.1920691132545471,0.5223063826560974,0.1901698559522628,-0.3558352589607239,-0.0084017505869269,-0.0078360205516219,-0.7592402100563049,0.3996194899082184,0.1867904961109161,0.4296346008777618,-0.6996725797653198,0.2841742932796478,-0.0073746871203184,-0.3833093047142029,0.3453073799610138,0.0295856371521949,-0.0858638137578964,-0.176126018166542,0.2847397327423095,1.128198742866516,0.2592743933200836,0.5765736103057861,0.2231803685426712,0.0346827544271945,-0.2903764843940735,0.3834536373615265,0.5880371332168579,0.4451239109039306,-0.0262109413743019,0.0362952724099159,-0.5897907018661499,-0.1578114777803421,-0.2345291525125503,-0.1075652614235878,0.2756355404853821,-0.0312539003789424,0.4429961740970611,-0.2004246711730957,0.0638856515288353,-0.1451282352209091,-0.9031107425689696,0.1222156733274459,-0.1834559738636016,0.1905830055475235,0.6729186773300171,0.0866291671991348,-0.1776756793260574,0.6918963193893433,0.0155387427657842,0.2878796756267547,0.2941742241382599,-0.5048111081123352,-0.2961974442005157,0.0720140784978866,-0.2909269034862518,-0.0977205261588096,0.2293915599584579,0.3342984318733215,-0.4124390780925751,-0.684638261795044,0.3148770630359649,0.1597632616758346,-0.0436460860073566,-0.2034602612257003,0.176448568701744,-0.1126431450247764,-0.4202786982059479,-0.3832724690437317,-0.4151628315448761,-0.3104378879070282,0.1650653779506683,-1.2466304302215576,-0.2332406938076019,0.1884365230798721,-0.2688154578208923,-0.0736619308590889,0.4764087200164795,-0.3358447849750519,0.1452673226594925,0.2703050971031189,0.2237081676721573,-0.2590507268905639,0.0192719046026468,-0.0795586183667182,0.0360382497310638,-0.1438534706830978,0.817067563533783,0.1579559445381164,0.5941767692565918,0.3027631342411041,-0.7028121948242188,-0.5920444130897522,-0.4645710289478302,-0.7179806232452393,0.6742623448371887,0.2435949891805648,0.8040297627449036,-0.008918591775,-0.1653932631015777,-0.0711243376135826,0.4084788560867309,0.0711899250745773,0.060596790164709,0.1597693860530853,-0.2148708552122116,0.5213537216186523,-0.7979964017868042,-0.7235814332962036,0.6335520148277283,0.1019856408238411,-0.4841380715370178,0.1760994046926498,0.4590330421924591,0.1125073805451393,-0.3673014938831329,0.0359121635556221,0.0998397096991539,-0.3449825346469879,-0.1475851982831955,0.0724823996424675,0.337226003408432,0.2343750745058059,-0.284378707408905,-0.2747551798820495,0.8732015490531921,0.5530959367752075,0.3112063705921173,0.0513002574443817,0.0139406127855181,-0.0974974036216735,-0.3201525807380676,-0.0299951583147048,0.4052170515060425,0.5808098316192627,-0.0588267035782337,0.5734966397285461,0.3379321992397308,-0.4853165745735168,-0.1704242974519729,0.954895794391632,0.0769428685307502,0.4070640206336975,-0.3711090385913849,-0.2573497295379638,-0.7029648423194885,0.1889971941709518,-0.3051510155200958,0.0327525250613689,0.6434774994850159,0.399682879447937,0.3450816571712494,0.1136735007166862,0.1362553387880325,-0.0839655026793479,0.3553557097911834,0.2357159852981567,0.3322381377220154,-0.1449383348226547,0.177589938044548,0.3900604546070099,-0.3421905934810638,-0.4446595311164856,-0.1966626197099685,0.3757204711437225,0.7618974447250366,0.0669720694422721,-0.0896947532892227,-0.1943534165620803,-1.4250625371932983,0.0408629849553108,0.2390487492084503,-0.1056598871946334,0.6612232327461243,-0.3579338490962982,-0.0024675633758306,0.5101805329322815,0.7155277729034424,0.904975652694702,-0.3297808766365051,-0.7374759912490845,-0.150851309299469,-0.0983057022094726,-0.2111362665891647,0.3975003063678741,0.1607130616903305,0.3469347953796386,0.2551337778568268,0.019056286662817,-0.0540425591170787,0.6164014935493469,-0.0906426012516021,-0.1723643839359283,0.5014562606811523,0.208467498421669,-0.0607839860022068,0.0516667477786541,0.0861604735255241,-0.0767332762479782,-0.333077609539032,0.0226525943726301,-0.4775790572166443,-0.1980053484439849,-0.0786902010440826,-0.0766219198703765,0.2640433311462402,0.0717762410640716,-0.1749752908945083,-0.2701096832752228,-0.0458554662764072,0.2411010712385177,-0.5189756155014038,-0.4917986094951629,-0.1243263110518455,-0.0921150967478752,-0.1277189403772354,-0.3560868799686432,-0.8639858961105347,-0.74403977394104,-0.0318985469639301,0.0938406363129615,-0.6164048910140991,-0.4533934295177459,0.3096181154251098,0.3297369182109833,-0.1638644486665725,-1.0943195819854736,0.4664691388607025,0.0408923849463462,0.5658580660820007,-0.4973099529743194,0.1925394237041473,-0.2818112969398498,-0.0399208925664424,-0.6177926063537598,-0.3555668890476227,0.4475041925907135,-10.153399467468262,-0.3599840402603149,-0.7595536112785339,-0.6855631470680237,-0.2458588033914566,0.2240585684776306,1.2206475734710691,0.3808872699737549,-0.4861872792243957,0.0686450004577636,0.1692031621932983,0.2285959124565124,0.0912148728966713,0.6852289438247681,-0.3793286681175232,-0.3994357883930206,-0.1460523605346679,0.1557333469390869,-0.0443009510636329,0.1980044394731521,-0.2460727840662002,-0.1713671833276748,0.3375617563724518,0.2444052994251251,0.0044457670301198,-0.3166196942329407,-0.5726965069770813,-0.1580016314983368,-0.1992977410554886,-0.0791026130318641,-0.4226790964603424,0.2348426133394241,-0.2147015035152435,-0.1036305800080299,-0.292151540517807,-0.0128618264570832,-0.1198069527745246,0.0942057892680168,-0.8203505873680115,0.4572871029376983,0.3889889121055603,-0.1811655312776565,0.32080078125,0.0758871957659721,0.350387841463089,0.0100688440725207,0.8307955861091614,-0.1307865381240844,0.3256823122501373,-0.0503523461520671,0.3469188213348388,-0.5069632530212402,0.2867747247219085,-0.3743391335010528,-0.1176211014389991,-0.0606089197099208,0.8165594339370728,-0.8023248910903931,0.0516206808388233,0.102803461253643,0.0552830509841442,0.1893246471881866,0.6527770757675171,0.3593394458293915,-0.2308391034603119,0.0804167315363884,0.2592554092407226,0.0644260793924331,-0.4231237769126892,-0.2595343887805938,0.0551220141351223,0.1739334911108017,-0.1747120320796966,0.0012442307779565,-0.2372197359800338,0.4570473432540893,0.5787063241004944,0.4222153723239898,0.2878996431827545,0.0781440958380699,0.3834221065044403,-0.5836068987846375,0.3235379159450531,0.0089804455637931,-0.6085178852081299,0.2586498558521271,-0.2114227265119552,-0.0624385923147201,0.3221389055252075,-0.6665878295898438,0.635194718837738,-0.480550467967987,0.0325992666184902,0.278866171836853,0.6550256013870239,0.1526957303285598,-0.2973670959472656,0.0376310832798481,0.3147817552089691,0.097697764635086,1
-0.0827001184225082,0.1633421033620834,0.5935986638069153,-0.4623022079467773,0.1396664083003997,0.4563512504100799,0.0761629939079284,0.0259100925177335,-0.4732711911201477,-0.3885889947414398,0.6812142729759216,-0.1507796347141266,-0.3545354306697845,-0.0940122604370117,0.0622866302728652,-0.3126882910728454,0.0312589481472969,0.0728805288672447,-0.1205787137150764,-0.2191766649484634,-0.6034142374992371,-0.4610695838928222,-0.5292299389839172,0.2906429767608642,0.4167847335338592,-0.5714404582977295,0.0579594634473323,0.0908421203494072,-0.1879155933856964,-0.2317517697811126,-0.2490373998880386,-0.2900771498680115,-0.1230949461460113,0.1209793537855148,-0.0758971571922302,0.1954044997692108,0.2597788870334625,-0.2457129806280136,0.6925367712974548,-0.0322994589805603,0.1643765866756439,0.1923071593046188,-0.0507204942405223,-0.0074700661934912,-0.3649356663227081,0.364705353975296,-0.0019317768746986,0.1739207208156585,0.8811371326446533,-0.2565104365348816,-0.2081288546323776,0.5572906732559204,0.0511284694075584,0.0740488246083259,0.3741181790828705,-0.0609033517539501,0.6347842812538147,-0.6748493313789368,-0.1892635226249694,0.3711074292659759,-0.6155254244804382,-0.1298251748085022,0.2367134541273117,0.2935099005699157,-0.0068034497089684,0.0200853291898965,-0.1408452242612838,0.3131570219993591,-0.3636257648468017,-0.3741019666194916,-0.0289027616381645,0.2297895103693008,-0.2332250475883484,0.0515499413013458,0.7717118859291077,-0.019284164533019,0.6209997534751892,0.3087804019451141,-0.1018510311841964,-0.3331530094146728,0.118019513785839,0.6121708750724792,-0.1093553975224495,-0.3229541480541229,0.1146784499287605,0.4950600862503052,-0.7955435514450073,-0.3741519749164581,0.4906653761863708,-0.4099272489547729,-0.4650927782058716,0.3340679407119751,0.1288112103939056,0.2108790278434753,0.4340342581272125,0.0196141563355922,0.2008063197135925,-0.3124238848686218,0.015606602653861,0.3167064785957336,0.3713544607162475,-0.2646261155605316,0.1523228734731674,-0.4299747943878174,-0.0391734428703784,0.3124816119670868,-0.0553329847753047,0.3261770904064178,-0.1538904905319214,0.2461506426334381,0.0813657715916633,-0.6547448039054871,-0.1862629354000091,0.1577203273773193,0.1668237894773483,0.052942618727684,-0.2333258688449859,0.0861796662211418,-0.5844782590866089,0.6773378849029541,-0.1532943993806839,0.3800000548362732,-0.2040178775787353,-0.5010361075401306,-0.0211584586650133,0.2496849149465561,0.1294818222522735,-0.0939929187297821,-0.0635142549872398,-0.4911605715751648,0.0879260823130607,-0.4717366695404053,-0.4525281488895416,0.0178366359323263,-0.42374187707901,0.9012395143508912,0.034790888428688,0.5049671530723572,-0.1414918601512909,-0.8352862000465393,-0.5626147389411926,-0.3318546712398529,0.1550615429878235,-0.2731148302555084,0.3054865300655365,0.3633427321910858,-0.0206677448004484,-0.1580757647752761,0.0485764928162097,0.3675248324871063,-0.3386231064796448,1.1616376638412476,-0.5645619034767151,-0.2143465280532837,0.6869408488273621,0.1118006855249404,-0.3195880949497223,0.2534098625183105,0.2473472952842712,0.4609370529651642,0.6024712324142456,-0.4035855233669281,-0.056059893220663,0.0613694414496421,0.0471612624824047,0.9341248273849488,0.7514629364013672,-0.0021828156895935,0.6354301571846008,0.973549485206604,0.6281258463859558,0.7845030426979065,-0.1472923904657364,-0.167959839105606,0.2247104793787002,0.5694038271903992,0.1029877960681915,0.1345407217741012,0.2512378990650177,-1.0612090826034546,-0.5794985294342041,0.1981047540903091,-0.3099810779094696,-0.4088409543037414,0.115252673625946,-0.2180434316396713,0.0750891789793968,0.390774518251419,-0.0479872711002826,-0.2165063917636871,0.0098316697403788,-0.6454265117645264,0.7884970903396606,-0.2192549854516983,-0.161468967795372,-0.280024766921997,-0.224687784910202,-0.2751892209053039,-0.6812881827354431,0.2747716009616852,0.0768482461571693,0.1745750308036804,-0.601283609867096,-0.5148224234580994,-0.3215678334236145,-0.0613715499639511,-0.0976576060056686,0.1540303379297256,-0.1257015466690063,-0.0769209414720535,-0.2058689296245575,0.2216469645500183,0.1248459890484809,0.0450567305088043,0.4862880110740661,-0.0624157153069973,-1.1225982904434204,-0.0649003461003303,0.2854889333248138,-0.1196429803967475,0.2860413789749145,0.2341455817222595,0.3260817229747772,-0.1453645825386047,-0.0188289582729339,0.2040299624204635,0.4244195520877838,-0.7356704473495483,0.3841453790664673,0.4477953016757965,-0.4053727984428406,-0.4963732361793518,-0.9502303004264832,-0.139663279056549,-0.3363460004329681,-0.1423532962799072,-0.073539063334465,0.8265941143035889,-0.4186640381813049,0.310891330242157,-0.1309480369091034,-0.1258594095706939,-0.0628867745399475,-0.3989419043064117,-0.0740968286991119,-0.0035971694160252,-0.0990840569138526,0.1634520292282104,-0.9048664569854736,0.1254974752664566,-0.7419788837432861,-0.4456831812858581,0.5503135323524475,-0.1521089226007461,0.6138656139373779,0.3739625513553619,0.1640827059745788,0.0465237386524677,0.5749568939208984,0.1252751350402832,-0.0662147179245948,-0.3914189040660858,-0.1910824179649353,-0.2951557636260986,-0.2225194126367569,0.3604174852371216,-0.0819627046585083,-0.4876025319099426,-0.3773248493671417,-0.3970499336719513,0.7939735054969788,-0.3309207260608673,-0.199240043759346,-0.0438617542386055,-0.2206025421619415,0.0602884367108345,-0.2083346545696258,0.9712180495262146,-0.6354053020477295,0.3395082056522369,-0.764667809009552,0.7814022302627563,-0.6486940979957581,-0.045638307929039,0.2241111993789672,-0.0861245542764663,-0.1012458205223083,-0.5848526358604431,-0.516110897064209,0.5779208540916443,0.4387488067150116,-0.0192143563181161,0.1907573789358139,-0.6066200137138367,-0.6513431668281555,0.0833741649985313,0.2936450541019439,0.4826444387435913,0.0324188582599163,0.2645554542541504,0.0120133599266409,0.183336541056633,0.2698746919631958,-0.1650805473327636,-0.177530288696289,-0.3718242943286896,0.5389918684959412,-0.0173495206981897,0.0936963334679603,-0.7936633229255676,-0.3872405886650085,1.0428738594055176,-0.6893078684806824,0.3328931629657745,0.545411229133606,0.2854858338832855,-1.3217206001281738,-0.0327341072261333,0.2278066277503967,0.3583178222179413,-0.2522902190685272,0.6640087366104126,0.4271330833435058,0.4109695851802826,-0.0974254980683326,-0.0858964622020721,0.4525653719902038,-0.147355705499649,-0.6373114585876465,-0.0391739308834075,0.0884404927492141,-0.2160146832466125,0.3806238770484924,-0.3020178377628326,0.031406994909048,0.5975388288497925,-1.2289831638336182,-0.089331068098545,0.072462759912014,-0.4737752676010132,-0.2761652767658233,0.2328585088253021,0.1732511818408966,-0.3668185770511627,-0.3290113806724548,-0.305366575717926,0.2909386157989502,0.6419183611869812,0.9382662773132324,0.790097177028656,-0.6499301195144653,-0.1318175792694091,0.6652336120605469,0.0007171981269493,0.2008584588766098,-0.285483181476593,-0.0827966704964637,-0.0058619598858058,1.0233148336410522,-0.0157175008207559,-0.1072526797652244,0.2313428819179535,0.0386256650090217,0.2930741310119629,-0.2480023354291916,-0.2100765705108642,0.5225784778594971,0.1767342239618301,0.3939941227436065,0.3752306699752807,0.8434537053108215,-0.2648733556270599,-0.0731941238045692,-0.5537152290344238,-0.0140874460339546,-0.6698137521743774,0.0150581859052181,-0.282478928565979,-0.425761878490448,-0.1224502995610237,-0.6720259785652161,-0.3879297971725464,-0.2308296859264373,-0.2625578641891479,0.1716736108064651,-0.7711940407752991,-0.7931661009788513,-0.2380818426609039,-0.4280306100845337,-0.8724119663238525,0.3224578499794006,0.0190450828522443,0.2867384850978851,-0.7892943620681763,-0.1143901050090789,0.2274472862482071,-0.291917473077774,-0.0754761472344398,0.0978571698069572,0.1663564294576645,-0.5214174389839172,0.5132918357849121,-0.2530875504016876,-0.2184907793998718,-0.4839962422847748,0.0010564472759142,-0.8320362567901611,-0.2400335073471069,-0.0002953729999717,0.1870554089546203,-0.5745438933372498,0.1968961507081985,-0.199150264263153,0.1458538770675659,-0.2638685703277588,-0.3546596169471741,-0.1950527131557464,-0.2160170376300811,0.4670735001564026,-0.0602985359728336,0.8718447685241699,0.1129975542426109,0.0653106421232223,0.2192571610212326,-0.0351746268570423,0.7637224197387695,-0.6628738045692444,0.0243983287364244,0.3760194778442383,-0.1520886868238449,0.1334733366966247,-0.0444055497646331,-0.1736573129892349,0.1368099898099899,0.0239638090133667,-0.0933094471693039,-0.5531762838363647,0.0855219736695289,-0.0922085642814636,0.2693082392215729,0.6454158425331116,0.7838518619537354,-0.4219191372394562,0.2949335873126983,0.0856478214263916,-0.7848037481307983,0.2866219878196716,0.0952172726392746,-0.4346544146537781,-0.3436988592147827,0.3914926946163177,0.4793947339057922,0.5136899352073669,0.0544372089207172,0.2086254805326461,0.4295737147331238,-0.375571608543396,0.6996651291847229,0.076911985874176,0.0884451791644096,-0.2099439352750778,-0.2835749685764313,-0.5158740878105164,0.010192179121077,-0.6692358255386353,-0.0175135917961597,0.5953548550605774,0.287290871143341,0.5501812696456909,-0.4792857468128204,-0.6521878838539124,-0.5798643231391907,-0.6143156290054321,0.2921507358551025,-0.0009807954775169,0.0797012448310852,0.4448832869529724,0.0099817886948585,-0.9197250604629515,0.6831954717636108,-0.3611789345741272,0.5350266695022583,0.4995991587638855,-1.1406601667404177,-0.1505622416734695,0.4252313375473022,-0.5863543748855591,0.248917356133461,0.128559723496437,0.8124971985816956,-0.4058121740818023,-0.3090803623199463,0.6842690110206604,-0.2233768105506897,0.2085466831922531,-0.5096668601036072,0.4475128054618835,-0.117661103606224,-0.8957418203353882,-0.1628179103136062,-0.243858054280281,-0.0331045538187027,-0.1724766343832016,-0.2241579294204712,0.1681405752897262,0.1472973972558975,0.9604985117912292,0.4327840805053711,0.5039366483688354,-0.650144100189209,0.1992107927799224,0.0954011231660842,0.4597965180873871,-0.2320508509874344,0.0326407514512538,-0.2321361750364303,0.0757596641778945,0.4754495024681091,0.6285728216171265,-0.175050213932991,0.2049817889928817,-0.2467541694641113,-1.0731327533721924,-0.1171090751886367,-0.3075349926948547,-0.6075517535209656,0.4239257276058197,-0.0776286348700523,0.5115746855735779,-0.5030979514122009,-0.045641254633665,-0.752580463886261,0.5342628955841064,0.0884707793593406,0.1407019048929214,0.081679455935955,-0.6368104815483093,0.0177846532315015,-0.6766901016235352,-0.3866138458251953,0.6568536758422852,0.3770051300525665,-0.8195516467094421,-0.3840592205524444,0.1080069988965988,0.3565275073051452,-0.6883445978164673,-0.7005205154418945,-0.1214644908905029,0.2478840202093124,0.3809520602226257,0.3553978502750397,0.0949756130576133,0.2723816931247711,-0.2807933688163757,0.2417599409818649,0.9329173564910888,0.4164730906486511,0.1768114417791366,0.1291512697935104,-0.1891760379076004,-0.0402310602366924,-0.7175574898719788,0.6533122062683105,0.5335408449172974,0.4070555865764618,-0.0174018554389476,0.3734083771705627,0.7759429216384888,-0.4442653656005859,0.2542485296726227,1.0099328756332395,-0.0751323327422142,0.4456224739551544,-0.0624502934515476,-0.32779061794281,-0.6648407578468323,0.3885217905044555,-0.3222516477108001,-0.2125392109155655,0.315764456987381,-0.0721098184585571,0.0551570914685726,-0.3864970803260803,-0.0522980280220508,0.2558565735816955,0.6213640570640564,0.4891573786735534,0.2912129461765289,-0.0049162982031702,0.6148979067802429,0.0791245400905609,-0.4089137613773346,-0.2090549021959304,-0.0994897112250328,0.0185098908841609,1.0391316413879397,0.3362661898136139,0.5095731019973755,-0.1904554218053817,-1.2777597904205322,0.3783833086490631,-0.1592543125152588,0.0249097887426614,0.5049432516098022,-0.0903396978974342,-0.1481491029262542,0.0969685167074203,0.338519811630249,-0.1138344705104827,-0.0447569191455841,-0.7116084694862366,-0.2299777865409851,-0.0219235029071569,-0.604494571685791,0.3808809816837311,0.3804021775722503,0.5116105675697327,-0.1416582763195037,-0.5570988655090332,-0.3714419305324554,0.7601423263549805,-0.248325228691101,-0.6376960277557373,-0.0566601753234863,0.2361485809087753,-0.1233536526560783,0.2882334589958191,-0.1094738468527793,-0.5722518563270569,0.1338035613298416,0.0827727243304252,-0.899930477142334,0.1173403933644294,0.4514548778533935,0.3277073502540588,0.4006133079528808,-0.153518870472908,0.0038809657562524,-0.4446981549263,-0.106500931084156,0.3099370002746582,-0.8344634175300598,-0.3159103989601135,-0.2217589318752288,-0.0113977128639817,0.0404080040752887,0.0264832880347967,-0.0598565302789211,-0.0973303243517875,-0.5939579010009766,0.1170989945530891,-0.4927276968955993,-0.2717683911323547,0.1786715686321258,0.1482783854007721,-0.5309648513793945,-1.417708158493042,-0.0721718668937683,0.3412956297397613,0.2750052511692047,0.0769899487495422,0.154719203710556,-0.132020354270935,0.1631523668766021,0.9198624491691588,-0.3216523230075836,0.680655300617218,-9.94049072265625,-0.3473322689533233,-0.8557149767875671,-0.3289571106433868,-0.4931897521018982,0.4924290180206299,0.7628121376037598,0.5239864587783813,-0.0560896098613739,0.5577214956283569,0.2116540074348449,0.8989691734313965,0.4518221616744995,0.5687220692634583,-0.6230292916297913,0.1514733433723449,0.664195716381073,-0.3548190295696258,-0.1039375439286232,-0.097277283668518,-0.2816133201122284,-0.48722904920578,0.643563449382782,0.2972660064697265,0.0814530998468399,-0.3630465567111969,-0.128889575600624,0.4130294024944305,-0.4555618166923523,0.4125919044017792,-0.7050036191940308,0.7494903802871704,0.0623624771833419,0.3806191086769104,-0.5307762622833252,-0.3605309724807739,-0.3198666870594024,0.1008324697613716,0.0193124338984489,0.5366365909576416,-0.6230379939079285,0.9555200338363647,-0.2680287361145019,-0.276610404253006,-0.0448778755962848,0.202643796801567,0.6986173987388611,0.2065518498420715,0.6115283370018005,0.2167849987745285,0.0389566048979759,-0.4016399979591369,-0.0014162674779072,-0.444786787033081,0.3225553929805755,-0.0741254836320877,0.6173818707466125,-0.4605922400951385,0.2892743945121765,0.3176941275596618,0.9847034215927124,-0.3314009010791778,1.0001182556152344,0.5093428492546082,-0.1444356739521026,0.1830146759748459,0.1314327418804168,0.4863737225532532,-0.6796188354492188,-0.5239243507385254,0.56791090965271,0.4369361698627472,-0.1678608208894729,-0.0509642027318477,-0.4633718729019165,0.2810462415218353,0.3665120303630829,-0.0835415571928024,0.131270095705986,0.3123591840267181,0.6505427360534668,-0.1861647069454193,-0.0414111465215683,0.1204778030514717,-1.5168688297271729,0.2434851229190826,0.039442241191864,0.2413270473480224,0.2725158631801605,-0.7737473845481873,0.5053496956825256,-0.0590775497257709,-0.3068858683109283,0.2102052122354507,0.5229501724243164,-0.270906001329422,0.0811141952872276,0.4154713749885559,0.6243618130683899,0.1338469237089157,1
0.3267319798469543,0.504282534122467,0.3891793489456177,-0.644690990447998,0.2492967098951339,0.391729325056076,0.4885049760341644,0.0353201478719711,-0.295425534248352,-0.2600056529045105,0.4705418050289154,-0.4227430522441864,-0.4308756291866302,0.1589376181364059,0.3833131790161133,-0.1555226296186447,0.6771259307861328,-0.0070297834463417,-0.3241260945796966,-0.3549616932868957,-0.0278582032769918,-0.4655970633029938,-0.2775838077068329,0.5848970413208008,0.1186504065990448,-0.0684032440185546,-0.2162544131278991,0.0265272781252861,-0.2166880667209625,-0.4534425437450409,-0.5388060808181763,-0.4368718266487121,-0.2406570315361023,-0.0648179501295089,0.276409238576889,0.0543523505330085,-0.416244775056839,-0.1365386098623275,-0.1512780487537384,-0.1801581680774688,0.0069831199944019,-0.1989595890045166,-0.3204800486564636,0.0230019781738519,-0.4740468263626098,0.6393707394599915,-0.0073666828684508,0.4136851131916046,0.4353609383106231,-0.4213240146636963,-0.3094359338283539,0.289673388004303,0.3110057413578033,0.0382635742425918,0.4445213377475738,0.2003601044416427,0.6658976674079895,-0.4736901521682739,-0.2465175837278366,0.2811830639839172,-0.5472894310951233,-0.0253186244517564,0.5460535883903503,0.349573403596878,0.046179860830307,-0.2740751504898071,-0.2959727942943573,0.2039665430784225,-0.4295756816864013,-0.1771292686462402,-0.0226788148283958,0.1842251867055893,-0.1287569254636764,0.1752234548330307,1.0723930597305298,-0.0710352510213851,0.361193984746933,-0.1056608483195304,0.2930122315883636,-0.4511431157588959,-0.1169870719313621,0.2361347377300262,-0.1731827557086944,-0.7000932693481445,0.2416944503784179,0.4530516862869262,-0.184717372059822,-0.9327515363693236,0.1683125644922256,-0.2972277700901031,0.1019080281257629,0.1785274595022201,0.3188952505588531,-0.1510434448719024,0.2095098942518234,-0.5624170899391174,0.071826659142971,0.1156753599643707,-0.0019789640791714,0.1879253983497619,0.1076056584715843,0.0365924350917339,0.0773095712065696,-0.2180373072624206,-0.3064020574092865,-0.0419833473861217,-0.0543883815407753,0.0971352979540824,-0.1505163311958313,0.2135598510503769,-0.1776060312986374,-0.5533260703086853,-0.3114620149135589,0.1915563493967056,-0.1114105656743049,0.0397476218640804,0.1841901242733001,0.5035329461097717,-0.0344909764826297,0.6821163892745972,0.147258311510086,0.3250342309474945,0.0981586426496505,-0.3296723663806915,0.0727170556783676,-0.0620832107961177,0.1228261888027191,0.179835706949234,-0.2774180173873901,-0.074716679751873,-0.3984164297580719,0.2520693242549896,-0.2921371459960937,-0.3765508532524109,-0.6780340671539307,0.6243751645088196,-0.1838598102331161,-0.1403094679117202,-0.680529773235321,0.0007872059359215,-0.3262399137020111,0.4352965354919433,0.2223626375198364,-0.3203668892383575,0.3129109740257263,-0.0346749126911163,-0.3262746036052704,-0.4348961412906647,0.1461231559514999,0.3253750205039978,-0.1087788566946983,1.305041790008545,-0.8493898510932922,-0.0352116897702217,-0.0678188949823379,0.2587876915931701,-0.2110901474952697,-0.1314795911312103,0.2126944810152053,0.4045405387878418,0.4589438438415527,-0.4968355000019073,0.4671243727207184,0.762880802154541,0.1037597581744194,0.5101765394210815,0.4030967354774475,0.2913702428340912,0.3247058689594269,1.1106821298599243,0.4403388202190399,0.3149027824401855,-0.1746834516525268,-0.4148858189582824,0.2988938987255096,0.3918623030185699,0.2478193044662475,0.0748790353536605,0.3699105083942413,-0.6064022183418274,-0.1216680407524108,0.207931712269783,-0.2407763004302978,-0.215098425745964,-0.0199975483119487,-0.236678197979927,-0.2011442929506302,-0.4585068225860595,-0.4124470353126526,-0.0369753390550613,0.1035453081130981,-0.2105586528778076,0.2108959108591079,-0.5588843822479248,-0.153098851442337,-0.0092740580439567,-0.315667450428009,0.0164822563529014,-0.4316007494926452,0.1987726837396621,-0.1619186401367187,-0.0065610553137958,0.1626398861408233,-0.6173220276832581,-0.7654948830604553,-0.0158118456602096,0.4284592270851135,0.5024276971817017,0.3075867295265198,0.4950095415115356,-0.3036954998970032,-0.0054140617139637,0.0475791729986667,0.1158722341060638,0.1027875319123268,0.3564533293247223,-0.7489498853683472,-0.4544898569583893,0.0612788349390029,-0.3921308219432831,0.704927384853363,0.2117279767990112,0.478976309299469,0.0747089385986328,-0.3110966384410858,0.0881793275475502,-0.0790814012289047,-0.4825069606304168,0.0320451147854328,0.1151748076081276,-0.2791180312633514,-0.1340673714876175,-1.1665174961090088,-0.3765600025653839,-0.4259424209594726,0.187160313129425,0.1213842332363128,0.6426771879196167,-0.1291950792074203,0.5154077410697937,0.2109417021274566,-0.3010673522949219,0.3367121815681457,-0.0737029463052749,-0.0221858900040388,0.0571483336389064,0.1766414046287536,-0.0318243876099586,-0.0835957154631614,-0.0046967309899628,-0.4829332232475281,-0.2986761033535003,0.1204177588224411,-0.096907652914524,0.4430013298988342,0.4860514998435974,-0.0046140705235302,-0.1711658239364624,0.0125350384041666,-0.3149752020835876,-0.4689663350582123,-0.5819075107574463,0.0002409204025752,0.1060202419757843,0.0616700090467929,0.1227379739284515,0.2092468589544296,-0.7467853426933289,-0.3344900012016296,-0.5020788311958313,0.229773536324501,-0.1828431934118271,-0.1581522077322006,-0.013825655914843,-0.6248232126235962,0.0394642390310764,0.0344801805913448,0.2151777148246765,-0.5918433666229248,0.3020890057086944,-0.3633238077163696,0.1191168576478958,-0.4950653910636902,0.1323170363903045,-0.0689977928996086,-0.3021509051322937,-0.4408633112907409,-0.1590704917907714,-0.4249633848667145,0.2704673409461975,0.0207506604492664,-0.6475901007652283,0.1805578172206878,0.3039320707321167,-0.2253986448049545,0.1784315109252929,-0.0056885783560574,0.0843304693698883,-0.2874521613121032,0.1659282147884369,0.2623980939388275,0.2792764604091644,0.2436927407979965,-0.1092260181903839,-0.2078377902507782,-0.3585308790206909,-0.148477241396904,-0.1495766192674636,0.5844904780387878,-0.9987764954566956,-0.2214705944061279,1.2479735612869265,-0.7758281826972961,0.0665553957223892,0.0045615681447088,0.813340425491333,-1.761072278022766,-0.1873277574777603,0.0281074680387973,-0.0907032415270805,-0.3177246451377868,1.0065730810165403,0.1290562748908996,0.1617098152637481,-0.1409191340208053,-0.2126087248325348,0.5713610053062439,0.3174176514148712,-0.4547329843044281,-0.3359846770763397,-0.0021418263204395,-0.0830781087279319,0.3133994042873382,-0.8415486216545105,0.269359827041626,0.4748408794403076,-0.1113406345248222,-0.0563197769224643,0.1997775882482528,-0.322866290807724,-0.0741044133901596,0.1755832284688949,0.1077265068888664,0.2823744416236877,-0.4987630248069763,-0.188886821269989,0.4283036589622497,0.8307878375053406,0.7468206286430359,0.7617159485816956,-0.2234761118888855,0.0543698854744434,0.6194729804992676,0.3152368664741516,0.647981584072113,-0.3520143926143646,0.0005843696417286,-0.289363145828247,0.58577960729599,0.0854745060205459,-0.1188040375709533,0.4101342260837555,0.5229565501213074,0.293756753206253,-0.1009606942534446,0.0768756493926048,0.9074493050575256,0.3311062157154083,0.255146861076355,0.269178181886673,0.1543388813734054,0.2703054845333099,0.1075630933046341,-0.33624467253685,0.1270171701908111,-0.3424801230430603,-0.0244117584079504,-0.1972653269767761,-0.200936809182167,-0.2870866060256958,-0.6078546643257141,-0.0719562694430351,0.0895940661430358,-0.7981278896331787,-0.0107164662331342,-0.4852672815322876,-0.6455111503601074,-0.2486627846956253,-0.1731563359498977,-0.7422149181365967,0.1068806946277618,0.7675581574440002,0.3430756330490112,-0.4887702763080597,-0.2028398513793945,0.1150262802839279,-0.2654612064361572,-0.0778926163911819,-0.1300008594989776,0.1266610622406005,-0.2747055292129516,0.2506229281425476,-0.47366863489151,-0.454752117395401,-0.6353906989097595,-0.2739436328411102,-0.7019457817077637,-0.0465927496552467,0.0159214623272418,0.5708001255989075,-0.1236029043793678,-0.1026419326663017,-0.1213594824075698,-0.389390617609024,-0.2697679996490478,-0.3769181966781616,-0.5609708428382874,0.0775345340371131,0.4289674162864685,0.5754312872886658,0.496806800365448,0.513799250125885,0.1437530517578125,0.225522980093956,-0.2153615057468414,0.100604623556137,-0.2551022171974182,-0.5030132532119751,0.5300812125205994,-0.0444314815104007,0.3157464563846588,0.1196122169494628,-0.1533194631338119,0.6169959902763367,0.1200296878814697,-0.4377939999103546,0.0147731797769665,0.5540763139724731,-0.2375573366880417,0.3867173194885254,0.0738726258277893,0.9268486499786376,0.0752368420362472,0.4006178379058838,0.0721965283155441,-0.3297509551048279,0.2454726696014404,-0.0969294235110282,-0.3826265335083008,-0.0927560925483703,-0.0997589826583862,0.5404260754585266,0.5491176843643188,-0.0390110909938812,0.224794715642929,0.448674201965332,-0.3622162640094757,0.0187327340245246,0.1122161820530891,0.1531114131212234,-0.3659898638725281,-0.4390119314193725,-0.2144922763109207,0.1196262016892433,-0.8909561634063721,-0.209301546216011,0.2322250306606292,-0.0040029347874224,0.0986885353922844,0.0086712418124079,-0.4359364509582519,-0.3386326134204864,-0.8251433372497559,0.0996816083788871,0.1340792626142501,0.4725130200386047,0.3636029660701751,-0.51699298620224,-0.7288557291030884,0.5992422103881836,-0.3299131989479065,0.4728330671787262,-0.0762687996029853,-0.350804328918457,-0.6304427981376648,0.7653645277023315,0.0229078754782676,0.1178648471832275,0.3792878091335296,0.3151600360870361,-0.1227108538150787,-0.462264746427536,-0.1619949489831924,-0.2019966393709182,0.1037320494651794,-0.1361646801233291,0.4494776427745819,0.2585809230804443,-0.7056407332420349,-0.76743084192276,-0.2513591051101684,-0.2874118983745575,0.4968950152397156,-0.5697029232978821,0.339332640171051,-0.3406864404678345,0.3861749768257141,0.2856632769107818,0.5926978588104248,-0.1450183093547821,0.2671835124492645,0.6667153239250183,0.724128782749176,-0.1697767525911331,-0.0523705743253231,-0.1099754944443702,-0.0011484316783025,-0.1357564479112625,0.6046919226646423,-0.0798500701785087,-0.008443709462881,-0.1238091066479682,-0.8375066518783569,0.1677598059177398,-0.0895283818244934,-0.8037627935409546,0.7500090003013611,0.4310073852539062,0.0456083044409751,-0.3191115856170654,-0.0979274064302444,-0.8494911789894104,0.2522884905338287,0.2028941512107849,0.0811270251870155,0.0439445450901985,-0.6024342775344849,0.2184132933616638,-0.1976793259382248,-0.5514538288116455,0.3235717713832855,0.3739212155342102,-0.4451651573181152,-0.1253710091114044,0.28300940990448,0.3402640521526336,-0.2056640535593032,-0.0801890864968299,-0.3719019293785095,-0.0533611662685871,0.524002194404602,0.152753934264183,0.4569866955280304,0.708453893661499,0.0394307859241962,-0.0613542422652244,0.3606171011924743,0.4170361459255218,0.1632057428359985,-0.1810569763183593,0.1012683510780334,-0.1802436411380767,-0.6118770241737366,0.1879178583621978,0.2436230629682541,0.2829311788082123,-0.030719781294465,0.2523505389690399,0.7462795972824097,-0.4738180637359619,0.0379580743610858,0.4380264282226562,0.201602429151535,0.8641093969345093,-0.3401079177856445,0.0631332844495773,-0.5161869525909424,0.1041406393051147,0.0428745634853839,-0.1054497510194778,0.141892671585083,-0.0321596153080463,-0.3341409862041473,-0.5866129398345947,-0.038739513605833,0.4336657226085663,0.1068255230784416,0.8300034999847412,0.3175491988658905,-0.3696500957012176,0.6411426067352295,0.1251225620508194,-0.238680213689804,-0.1703198403120041,-0.1426229923963546,0.1360370367765426,0.5619893074035645,0.2192840129137039,0.6944481134414673,-0.5882658362388611,-1.0026215314865112,0.006992554757744,-0.2116232365369796,-0.1053381785750389,0.3487311005592346,-0.7125884890556335,-0.1822008639574051,0.3164593279361725,-0.210497498512268,-0.2970026731491089,-0.0677070468664169,-0.8756309151649475,0.1947965919971466,0.2422448992729187,-0.4073378443717956,-0.2278879433870315,-0.1371562778949737,0.3729032576084137,-0.023781668394804,-0.2348287552595138,0.0500561147928237,0.7955353260040283,-0.1886819303035736,-0.4642846584320068,0.1191840767860412,0.1427996754646301,0.130125030875206,0.100260429084301,0.0597211942076683,-0.683070719242096,-0.0700760334730148,-0.1741533726453781,-0.3724754750728607,-0.0252495259046554,0.2463886737823486,0.1751758754253387,0.267403244972229,-0.2065415829420089,-0.354124516248703,-0.25865039229393,-0.1415382027626037,0.1057116687297821,-0.5515578985214233,-0.0818513482809066,-0.1274208575487136,0.067889928817749,-0.0141771370545029,0.0427816957235336,-0.0644277855753898,-0.1679948568344116,-0.6305610537528992,0.1862228214740753,-0.9479663372039796,-0.2207952141761779,0.4355023503303528,0.0418233089148998,-0.1436243802309036,-0.944079041481018,0.3095574378967285,0.0753363743424415,0.4859519898891449,-0.0591470524668693,0.3895473480224609,-0.1722027957439422,0.4495869576931,0.2307757884263992,-0.4454110860824585,0.3099581003189087,-10.271347045898438,-0.2254373282194137,-0.6124522686004639,-0.3556426465511322,0.2084318399429321,0.1765032112598419,0.7559671998023987,0.0992186889052391,-0.4085058271884918,0.0534823797643184,0.339387983083725,0.7454551458358765,0.5641279816627502,0.799053966999054,-0.8186019659042358,-0.2134899646043777,-0.3583584725856781,-0.2594962418079376,-0.0355873592197895,-0.2031535506248474,0.2094049453735351,-0.4164888560771942,0.7312559485435486,0.6766772866249084,-0.4954853355884552,-0.2237013429403305,-0.497884452342987,0.329694926738739,0.0586513727903366,0.7140833139419556,-0.4454948008060455,0.6512873768806458,0.0133997332304716,0.4293562173843384,-0.0811167433857917,-0.09075728058815,-0.1363884508609771,0.5629774928092957,-0.3571276664733886,0.643925666809082,0.160020962357521,0.7590019106864929,-0.279123455286026,-0.3061985373497009,0.0805494040250778,0.4457494914531708,0.5086052417755127,0.4723740220069885,0.6940380930900574,0.2740190029144287,0.1002665534615516,-0.1793662011623382,-0.2128323167562484,0.0730151161551475,0.1171372979879379,0.1139796897768974,0.9575792551040648,0.0290617011487483,0.2050649374723434,0.3395489454269409,0.6473352313041687,-0.3669528067111969,0.3318167328834533,0.7136003375053406,-0.1391368061304092,0.0332276076078414,0.2186232954263687,0.4464263617992401,-0.3211424648761749,-0.1140047535300254,0.189930185675621,0.5199828743934631,-0.2167618423700332,0.2228578925132751,-0.6123327016830444,0.2954936325550079,0.0284136030822992,-0.1343257576227188,0.0520612411201,0.6001419425010681,0.446128636598587,-0.2191944718360901,-0.2631876468658447,0.2700689136981964,-0.6663702726364136,-0.1921061277389526,-0.1096558570861816,0.1401856690645218,0.4271815717220306,-0.6189101934432983,0.3425246775150299,0.1055577546358108,-0.4600609242916107,0.1795538067817688,0.6915600299835205,-0.3033600151538849,0.1349276304244995,0.1071744114160537,0.1366688162088394,0.0002114886592607,1
-0.0299661550670862,0.2355797737836837,0.216267853975296,-0.4623011648654938,0.1465029567480087,0.1590572595596313,0.4888431429862976,0.0343817882239818,0.2314295917749405,-0.4759552180767059,0.9655014276504515,0.1445874869823455,-0.3044161796569824,0.2189700305461883,0.576633870601654,-0.0743149146437645,0.1229664981365203,-0.2058374583721161,0.3064872324466705,-0.6469168663024902,-0.4757871031761169,-0.4265144169330597,-0.3738117814064026,0.030898455530405,0.0109216663986444,-0.2931042015552521,-0.3614349067211151,-0.0565030053257942,0.0321628078818321,-0.3505898118019104,-0.199837788939476,-0.4792525172233581,-0.0199252478778362,0.0612472258508205,-0.1204092502593994,0.6159122586250305,0.1486607640981674,-0.0746806189417839,-0.2119930386543274,-0.2977423369884491,0.1133873462677002,-0.1358265876770019,-0.6363552808761597,-0.4453445672988891,-0.0216307081282138,0.6858723163604736,0.2617878913879394,0.103010170161724,0.2791837751865387,0.0458381362259388,-0.3350329399108886,0.0532670803368091,0.1205242276191711,-0.1077892631292343,-0.140848159790039,0.2162220776081085,0.2499522119760513,-0.2180299013853073,0.1128206253051757,0.0573501959443092,-0.0749453455209732,-0.190446987748146,0.1855106949806213,-0.2764393389225006,-0.1089432686567306,-0.289292573928833,-0.0018514724215492,-0.1425076127052307,0.0378167368471622,-0.5242213010787964,0.1774463355541229,0.0551392175257205,0.1343036741018295,-0.2229597717523574,0.5375440120697021,-0.6022578477859497,0.1935707926750183,-0.0520524643361568,0.509709894657135,-0.1051743850111961,-0.0881144702434539,0.3530352711677551,-0.1232519596815109,-1.0264198780059814,0.2464129030704498,0.0685964822769165,-0.4199430048465729,-0.6873281002044678,0.4393539726734161,-0.2583076059818268,0.1436595320701599,-0.1167098507285118,0.1215236559510231,0.2037247866392135,-0.1739794462919235,-0.3899840414524078,0.1050542965531349,-0.4063800871372223,-0.0228427778929471,0.0906861573457717,-0.1991038173437118,-0.1664947420358657,0.2539658844470978,-0.08316221088171,-0.2956099510192871,0.0766281485557556,-0.1890882402658462,0.2165932804346084,-0.010529525578022,0.1928633153438568,-0.2466240525245666,-0.7365819215774536,-0.6684548854827881,0.1535235941410064,0.1628547310829162,0.0169706754386425,-0.4629513621330261,0.3333367109298706,-0.292251855134964,0.3582746684551239,0.3380059599876404,0.4424749612808227,-0.2912670373916626,-0.3035025596618652,-0.3535375595092773,0.3237355351448059,0.2829291224479675,-0.0915389433503151,-0.1753126233816146,-0.467682272195816,0.1643853634595871,0.1346490383148193,-0.4423128366470337,0.0967956036329269,-0.139187291264534,0.6486086249351501,-0.0397078618407249,-0.1598468124866485,-0.2538869678974151,-0.638386070728302,0.0789156705141067,-0.0854528099298477,0.2547546029090881,0.0989833548665046,-0.3243342041969299,0.1430806070566177,-0.2329152375459671,-0.3564623296260834,0.1027843877673149,0.2768904864788055,-0.3188938796520233,0.8764433860778809,-0.2851174473762512,0.0630542263388633,0.5699432492256165,0.3915766179561615,-0.3984412252902984,0.2929694354534149,0.2510489225387573,0.3469375669956207,0.4383452832698822,-0.2636390924453735,0.1758026182651519,0.6372343897819519,0.0620617568492889,0.48999685049057,0.2634426057338714,0.1884945780038833,0.1005852743983268,0.5908862948417664,0.5550056099891663,0.733949601650238,0.3010013103485107,-0.3433351516723633,0.0500806532800197,0.2688963413238525,0.4469868540763855,0.2316191047430038,0.3136959075927734,-0.5935907363891602,-0.0061111184768378,-0.2248520404100418,0.0215833894908428,-0.0638685598969459,0.2728357315063476,-0.3050146400928497,-0.1886419057846069,0.0410682037472724,-0.1337005794048309,-0.1175947338342666,0.1645332723855972,-0.3792347908020019,-0.0136827323585748,-0.4534050524234772,-0.1512115150690078,-0.7354983687400818,0.2089379280805587,-0.201926901936531,-0.195111408829689,0.6643656492233276,-0.0806749388575553,0.1936513036489486,-0.1682331562042236,-0.5786277055740356,-0.8636887669563293,-0.5785698294639587,-0.1077366322278976,0.7041559219360352,0.5881813168525696,-0.074565976858139,0.1790602207183838,0.5251115560531616,0.2506594061851501,0.4124622941017151,0.1574108302593231,0.3484959602355957,-0.3538091480731964,-0.4027343988418579,0.5561660528182983,-0.0032326912041753,-0.050000574439764,-0.0567764267325401,0.539637565612793,0.2047712653875351,-0.2075197547674179,0.501338005065918,0.2387416064739227,0.1707339286804199,0.0699376761913299,0.7663633823394775,0.0118161113932728,-0.5861421823501587,-0.8611670136451721,-0.1384404450654983,-0.6185033917427063,0.2196169197559356,-0.4590725898742676,0.619849443435669,-0.004469471052289,0.2171162962913513,0.3878980875015259,-0.2124979943037033,0.1408550590276718,-0.7155495882034302,-0.268750786781311,-0.0620127320289611,0.0147290946915745,-0.0814034938812255,-0.1755184531211853,0.2299305945634842,-0.6103234887123108,-0.6310575008392334,0.1718595325946808,-0.4531665742397308,0.7357653379440308,0.2593086063861847,0.1987525820732116,-0.1235239952802658,0.3813154399394989,0.0503578297793865,-0.1351619958877563,-0.76896733045578,0.3926174342632293,-0.0643246844410896,-0.420342355966568,-0.0233181565999984,-0.0891819521784782,-0.5954908728599548,-0.4393798112869262,-0.3947541415691376,-0.1844253838062286,-0.3759275674819946,-0.5307303667068481,0.209036111831665,-0.1575206518173217,0.0715329423546791,-0.1290616989135742,0.4829116761684418,-0.435601532459259,0.2915761172771454,-0.7298199534416199,0.3351056575775146,-0.6409491896629333,-0.0948633402585983,-0.0631974413990974,-0.3413468897342682,-0.4442508518695831,-0.3955142498016357,-0.138266921043396,0.5761252641677856,0.2624053657054901,-0.1727059036493301,-0.5694354176521301,0.1490887403488159,-0.2580437660217285,0.1368192285299301,0.4621648490428924,0.1363303512334823,-0.0016341850860044,0.3118806183338165,0.4157231152057647,-0.1283486783504486,0.0241879075765609,-0.1079807430505752,-0.0169175192713737,-0.8130832314491272,-0.0653277188539505,-0.174520656466484,0.3462107479572296,-0.3703004121780395,-0.186801478266716,0.6856415867805481,-0.4231734573841095,0.5928168892860413,0.1722813844680786,0.2522653937339782,-1.4458192586898804,0.3850231170654297,0.1902194321155548,0.2978443503379822,0.0877886041998863,0.145401656627655,0.1110279932618141,-0.0574938990175724,-0.6784340143203735,-0.7602683305740356,0.7410281896591187,0.4468783140182495,-0.2336687594652176,0.2003991454839706,0.4540141224861145,-0.1062330156564712,0.2083266228437423,-0.2769695520401001,-0.3360543847084045,0.3228040635585785,0.4577924609184265,-0.0467718914151191,0.0027676047757267,-0.4149630069732666,-0.6250078082084656,0.5216419696807861,0.1651156842708587,-0.0309191048145294,-0.805808424949646,-0.0320819281041622,0.5924155712127686,0.8439977765083313,0.392516553401947,0.6698557138442993,0.2775563299655914,-0.3474680781364441,0.5768970847129822,0.5228627920150757,0.4868215918540954,0.03578532487154,0.1690186113119125,-0.3014212846755981,0.4699837863445282,0.2595841586589813,-0.1956651657819748,-0.0530209802091121,0.3263609707355499,0.386536180973053,-0.4391086101531982,-0.0086375335231423,0.6735122799873352,-0.0543981790542602,0.3627974390983581,0.5088064670562744,0.8520067930221558,0.0919913947582244,-0.1247157827019691,-0.4458746612071991,0.0389481149613857,-0.4721504747867584,-0.0464070290327072,0.249437928199768,0.643545925617218,0.1800780594348907,-0.3934841752052307,-0.4670685529708862,-0.3885264992713928,-0.4552167654037475,0.2360793203115463,-0.3041359484195709,-0.5053081512451172,0.1081565469503402,-0.348840981721878,-0.2525558173656463,0.0502934604883194,0.2953578531742096,0.4809640049934387,-0.4886140525341034,-0.2775174379348755,0.1847987622022628,-0.1730887740850448,-0.0953997746109962,0.1686501502990722,0.0675341263413429,-0.2792035639286041,-0.0033767158165574,-0.3075100779533386,-0.4163493812084198,-0.1236598715186119,-0.1286482959985733,-0.7282843589782715,0.3613770008087158,-0.0337164178490638,0.3184811174869537,-0.1117653399705886,0.212363600730896,-0.0579021796584129,-0.0061240564100444,-0.6834000945091248,0.2511175572872162,-0.5140464901924133,0.5098023414611816,0.2025010138750076,0.3701967298984527,0.0270219277590513,0.229741096496582,-0.0173004437237977,0.2236130237579345,-0.5740880370140076,0.1039561480283737,-0.3941324353218078,-0.1114313974976539,0.5262124538421631,-0.6533365249633789,0.3769093751907348,0.1186664551496505,-0.5494594573974609,0.7205423712730408,-0.3262954652309418,0.0280928704887628,-0.1272196620702743,0.3666795194149017,-0.4741651117801666,0.1335203051567077,0.5624035000801086,0.8154804110527039,-0.3181961178779602,0.4573160111904144,0.200192391872406,-0.1783058047294616,0.5119811296463013,-0.3314288854598999,0.0466658994555473,0.0006661119987256,0.090524286031723,0.4370368123054504,0.1267444938421249,0.4231581687927246,0.2319242507219314,-0.0515421032905578,0.2109686881303787,0.1311448812484741,0.0346457287669181,0.2261936366558075,-0.4267447888851166,-0.0513709113001823,-0.0142823681235313,-0.1931653022766113,0.101279892027378,-0.0532419122755527,0.6217305064201355,0.2308204621076584,0.3738999664783478,-0.3550546169281006,-0.5417635440826416,-0.3832451999187469,-0.9607998132705688,0.1315565109252929,-0.0790663212537765,-0.0163276195526123,0.6908462643623352,0.0588578544557094,-0.7221126556396484,0.2358367294073104,0.0272128488868474,0.2919761836528778,0.4030832052230835,-0.2154425978660583,0.0709559470415115,0.3989721238613128,-0.1261267066001892,0.1628637611865997,0.0112107601016759,-0.0319076515734195,-0.1294136494398117,-0.7251904010772705,-0.0746306777000427,0.0096906684339046,-0.1382598876953125,0.0486339218914508,-0.048696331679821,0.5179319381713867,-0.3248773217201233,-0.4770655930042267,-0.2669460475444793,-0.0978841260075569,-0.1597490012645721,-0.5272042155265808,-0.0882906317710876,-0.2667059898376465,-0.0370777919888496,0.5537228584289551,0.1262123137712478,-0.1799259036779403,0.3518047928810119,0.8112396001815796,0.3290017247200012,-0.2761339545249939,-0.1773284524679184,0.0283513944596052,-0.0239449124783277,0.0181579496711492,0.3367016911506653,0.1055769845843315,-0.0592071339488029,-0.0249660667032003,-0.641791820526123,-0.3773595988750458,-0.0498495139181613,-1.006864070892334,0.7867650985717773,0.1421998292207718,0.3271629512310028,-0.591947615146637,-0.4256160855293274,-0.0556285195052623,-0.0950140357017517,0.0657174363732338,0.3921764194965362,0.2685150504112243,-0.4433587193489074,-0.1544989049434662,-0.6509629487991333,-0.7227164506912231,0.2660917639732361,0.5065808892250061,-0.4473633766174316,0.0718003883957862,0.3014001250267029,0.0906874164938926,-0.0854358300566673,-0.1149730756878852,-0.2023268938064575,-0.3828028440475464,0.3161835670471191,0.3471236228942871,0.2675949037075043,0.391975075006485,0.011751047335565,0.3493061065673828,0.4068383276462555,0.6521065831184387,0.6776092648506165,0.2067282646894455,-0.295980304479599,-0.0338719859719276,-0.3017910420894623,0.2979480922222137,0.3519406914710998,-0.0679865255951881,-0.816438615322113,0.1296375095844268,0.359595239162445,-0.4224462807178497,0.3534362316131592,0.415180891752243,0.4235478043556213,0.595414936542511,-0.382038801908493,-0.0782274976372718,-0.7612597346305847,0.175590232014656,0.1187469810247421,0.0028290546033531,-0.3044798672199249,0.0316141918301582,0.091457150876522,-0.4568507373332977,-0.2213291525840759,0.2107302099466323,0.2459942996501922,0.1576231718063354,0.3493745923042297,-0.4129485785961151,0.5970923900604248,0.4303675591945648,-0.268079549074173,-0.2922296822071075,-0.1487938165664672,0.2311183363199234,0.4304578602313995,0.1590847969055175,0.357093870639801,-0.3773427903652191,-0.8445432782173157,-0.0218009445816278,-0.0130999134853482,0.265737384557724,0.7062705755233765,-0.81659996509552,-0.0497601069509983,0.5133703947067261,0.8080490827560425,-0.0522131584584713,-0.2979108095169067,-0.5252598524093628,-0.1884275376796722,-0.1352876871824264,-0.3311863839626312,0.3624251782894134,0.0446477718651294,0.5876405239105225,-0.0318144932389259,-0.116054967045784,-0.1953674256801605,0.8123372793197632,0.4073009192943573,0.0067221829667687,0.2081695050001144,0.0349424257874488,-0.4434836208820343,-0.0718753933906555,0.2721533179283142,-0.3703674674034118,-0.1548699587583542,0.1745146065950393,-0.3938381969928741,-0.1147098317742347,-0.1866552680730819,-0.0502172261476516,0.3511002361774444,-0.1540873050689697,-0.4240161776542663,-0.3418281078338623,-0.053463727235794,0.3640183210372925,-0.8195244669914246,-0.1772152483463287,-0.2284370958805084,0.1855793297290802,0.042220301926136,-0.1656990796327591,-0.4804145395755768,-0.5628264546394348,-0.4529979526996612,0.1406483501195907,0.1401218175888061,-0.481932133436203,0.4718159139156341,0.1960797160863876,-0.1483888775110244,-1.191425085067749,0.4968118071556091,0.1027939319610595,0.7110983729362488,-0.2558439373970032,0.3216203451156616,-0.0103126298636198,0.1246227771043777,-0.1625712811946869,-0.4507423043251037,0.666210949420929,-10.44359302520752,-0.3572226464748382,-0.5081060528755188,-0.1702241748571396,-0.3904321789741516,0.4770566523075104,0.1895525455474853,0.4223089218139648,-0.0044883918017148,-0.0646698474884033,0.0686290264129638,0.1073669865727424,0.1401628106832504,0.1497767865657806,-0.220811665058136,-0.0743995681405067,-0.373730331659317,-0.2494992762804031,-0.6559740900993347,-0.0684830918908119,0.1967051476240158,-0.3565899133682251,0.2966203391551971,0.3354876935482025,0.1996874958276748,0.070408284664154,0.3587600886821747,0.0580973513424396,-0.3103875517845154,0.5274375081062317,-0.0937580168247222,0.2019408792257309,-0.1024221777915954,0.2935628890991211,-0.5404207110404968,0.0252985451370477,0.0993592366576194,-0.016658442094922,-0.2296444326639175,0.5848070383071899,0.2089521139860153,0.4409377872943878,0.0392607785761356,-0.2712676525115967,0.3376539051532745,0.3442116677761078,0.2341883927583694,-0.0845958963036537,0.4305688440799713,0.0724609494209289,0.0871606618165969,-0.199142187833786,-0.1008294522762298,0.0345502868294715,0.1310538351535797,-0.035108808428049,0.3422837257385254,-0.8668643832206726,-0.1784586757421493,-0.097401238977909,0.231044664978981,0.0835519805550575,1.2275302410125732,0.3874486982822418,0.0501337796449661,0.2668848633766174,0.2135286778211593,0.0218898374587297,-0.4018953144550323,-0.30861297249794,0.4914284646511078,0.2120136320590973,-0.2327475100755691,0.1834315359592437,-0.0817566886544227,0.5747364163398743,0.3350679576396942,0.1577409952878952,0.2364269644021988,0.0189588703215122,0.5004974007606506,0.1825479567050933,0.0591266863048076,0.2704173028469085,-0.7462111711502075,0.0026831240393221,0.3723088800907135,0.1898520141839981,0.480819433927536,-0.5403976440429688,0.6073251366615295,-0.3687469661235809,-0.2229479849338531,0.4329991936683655,0.3822138607501983,0.0522193759679794,0.0458044558763504,0.1620650291442871,0.4006999433040619,-0.0565884411334991,1
0.4478315412998199,0.5204684138298035,0.653958797454834,-0.4790767431259155,0.4176971912384033,1.1341636180877686,0.4092162251472473,0.2847974002361297,0.0201903153210878,-0.3576946854591369,0.9687460064888,0.0610975213348865,0.004444383084774,-0.2705163955688476,0.420381098985672,-0.1072138249874115,0.1068065762519836,-0.6023771166801453,0.1191153824329376,-0.287205696105957,-0.2894336581230163,-0.4840385615825653,-0.371197760105133,0.6158311367034912,-0.0863843336701393,-0.6604510545730591,0.2135269045829773,-0.0403939969837665,0.0349863953888416,-0.6867008805274963,-0.0240706894546747,-0.622965395450592,-0.2624028921127319,-0.1074109524488449,-0.4519888758659363,0.117225095629692,-0.1948901712894439,-0.0362141542136669,0.0441621840000152,0.3678001165390014,0.0954888835549354,-0.1785628795623779,-0.1791489720344543,-0.5351976156234741,-0.2949329912662506,0.8446770906448364,-0.1806785315275192,0.1338154524564743,0.0546930842101573,0.3235825598239898,-0.2774704396724701,0.2482110410928726,0.5304037928581238,-0.2850476205348968,0.1592433452606201,-0.7798084020614624,-0.0937715768814086,-0.4615128338336944,-0.0296816285699605,0.0414755530655384,-0.6400789618492126,-0.2018728852272033,-0.1674058586359024,0.3382653892040252,-0.1692509651184082,-0.0554135143756866,-0.6771554350852966,0.1878193169832229,-0.032329324632883,-1.0266485214233398,-0.2153125405311584,-0.1761571913957595,-0.3316811025142669,-0.2732579708099365,0.8027780055999756,0.0562046431005001,-0.2340170592069625,-0.2307832688093185,0.0144578889012336,-0.3572636544704437,-0.1574236750602722,0.2653123140335083,0.2335113435983657,-0.4543655514717102,-0.08148193359375,0.2955909669399261,-0.7385132312774658,-0.6161941289901733,0.4083743989467621,-0.2179239243268966,-0.1467471867799759,0.2330135256052017,0.2116043716669082,-0.0821099057793617,0.4333494007587433,0.2842527031898498,-0.1925501525402069,-0.1915247142314911,-0.6001901626586914,0.1194773241877555,-0.2145074307918548,0.0763184875249862,0.0968130156397819,0.1564986854791641,-0.0550189316272735,-0.3523961007595062,-0.1832656413316726,0.0069989208132028,-0.2886205315589905,-0.0463112778961658,-0.2820056080818176,-0.5727333426475525,-0.7516778707504272,-0.2369951009750366,0.0110846143215894,-0.2997456192970276,0.4125935137271881,0.5239135026931763,-0.7651423811912537,0.3377500176429748,-0.0664651244878768,-0.1644751876592636,-0.0208265911787748,-0.3657000362873077,0.4773590266704559,-0.0457245707511901,0.1155493929982185,-0.0246038548648357,0.1295285373926162,0.2559458911418915,0.0621258318424224,-0.2958496809005737,-0.2317970991134643,0.4432739317417145,-0.5525801777839661,0.7866466045379639,-0.1381083130836486,0.0924957543611526,-0.2625095546245575,-0.2466324865818023,-0.326146513223648,0.2710107862949371,0.5663230419158936,-0.6207140684127808,0.1463792473077774,0.0314817316830158,-0.0526518560945987,-0.1403719037771225,0.8223480582237244,0.0385610312223434,-0.0216699782758951,0.581484854221344,-0.6474002003669739,0.0438884682953357,0.3579365015029907,0.6040570735931396,-0.107821837067604,0.1620669513940811,0.0538130849599838,0.6136598587036133,0.2768495678901672,-0.5490339994430542,0.2305932939052581,0.6936445236206055,0.5027473568916321,1.1570230722427368,0.5259518027305603,0.427882045507431,0.3730567097663879,0.6138741374015808,0.1874685436487198,0.3203011155128479,0.4662771821022033,0.077349454164505,0.084479346871376,-0.1734505891799926,0.0687740594148635,0.1648502796888351,0.0787202045321464,-0.2089888602495193,0.3438486158847809,-0.1086617782711982,-0.0699405297636985,-0.3972531855106354,0.3759903907775879,-0.0376779288053512,0.0509771965444088,-0.2935639321804046,0.4126697182655334,-0.2411480545997619,0.0474683120846748,-0.4090901613235473,0.5649107694625854,-0.1683776527643203,-0.1734720021486282,-0.1033349484205246,0.2852152287960052,0.1552917510271072,-0.3231043517589569,0.4393534660339355,-0.0614044480025768,0.1862120330333709,-0.4353041648864746,-0.6592662334442139,-1.3612698316574097,-0.4178922474384308,0.1797757297754287,0.1887513846158981,0.128975972533226,-0.1827720403671264,0.1310661286115646,0.2421528995037078,-0.0522040650248527,0.3783591985702514,0.447855681180954,0.1935331374406814,-1.046143889427185,-0.7247399687767029,0.9044442772865297,-0.7792348265647888,0.198160633444786,-0.0824836045503616,-0.0133243445307016,0.0652847960591316,-0.3770307004451751,0.544424295425415,-0.0502392724156379,-0.1437513977289199,-0.0803635343909263,0.3887262046337127,-0.3084515631198883,-0.3634504377841949,-0.9330602884292604,0.4352298080921173,-0.8223184943199158,0.6608008742332458,-0.2729137539863586,-0.2150811553001403,-0.4069864153861999,0.4650170803070068,0.0531769320368766,-0.452003538608551,0.3720621764659881,-0.3449368774890899,0.1131656914949417,0.0745608210563659,0.1058748811483383,-0.4664338231086731,0.3770907819271087,0.238941416144371,-1.0624475479125977,-0.3145608305931091,0.2765745222568512,-0.6084729433059692,0.4843976497650146,0.0539877004921436,-0.0116442395374178,0.2376489341259002,-0.0605370104312896,-0.2717382609844208,-0.0614447705447673,-0.8716206550598145,-0.7507428526878357,-0.1882276237010955,0.3699367046356201,-0.0055937101133167,0.0130589585751295,-0.1697344928979873,-0.6779703497886658,0.3404389917850494,0.1973596811294555,-0.6334682703018188,-0.1315201818943023,0.1890061646699905,-0.5405716300010681,0.1339792907238006,-0.2887588739395141,0.6573873162269592,-0.3089953660964966,0.0062423218041658,-0.942277193069458,0.351495087146759,-0.6940591335296631,-0.269838273525238,-0.4511511027812958,0.1145998388528823,-0.08397077023983,-0.4809201955795288,0.1252112537622451,0.5786117315292358,0.7815918326377869,-0.6879631280899048,0.1269765794277191,-0.3797216713428497,0.0530765652656555,0.1911154240369796,0.7123202085494995,0.2518984377384186,0.6204797625541687,-0.3762310743331909,0.4749302268028259,0.1269678473472595,0.4502516984939575,-0.0109543148428201,0.0652999058365821,-0.1248101890087127,-0.0640545934438705,-0.3421276211738586,0.662722110748291,0.0405114069581031,0.1248658299446106,1.053680658340454,-0.5802764892578125,0.1827499568462371,0.3834404051303863,0.4769554436206817,-1.842657327651977,-0.4180282652378082,0.0591004937887191,0.5041394233703613,-0.4850028455257416,0.5182281732559204,-0.081430435180664,-0.0796786174178123,-0.8144766092300415,-0.1798482090234756,0.6744383573532104,0.6832653284072876,-0.2268929183483123,0.2246964871883392,0.8943706154823303,-0.3217363655567169,0.065476544201374,-0.1761264950037002,0.156898632645607,0.4730455875396728,0.420619249343872,-0.1254115253686905,0.1015559807419776,-0.3200064301490783,-0.2562200129032135,0.2013277560472488,0.3935912847518921,0.7963402271270752,-0.1389570236206054,-0.5952878594398499,0.742457926273346,1.3375895023345947,0.2499113976955413,0.7106619477272034,0.1814907044172287,0.4761973917484283,0.9564372301101683,0.7530385851860046,0.3169134557247162,0.2174340933561325,0.0839734375476837,-0.136668175458908,0.3073188066482544,-0.1450441628694534,0.0219830255955457,0.1372262686491012,0.5965319275856018,-0.1012250185012817,-0.2739068269729614,0.3629226982593536,0.1715861856937408,0.1328469365835189,0.3064534962177276,0.1247932091355323,-0.0618093758821487,0.1167122647166252,-0.0180304311215877,-0.3618051707744598,0.5227866172790527,-0.2595441937446594,0.0086025930941104,0.0160157997161149,-0.221263900399208,0.0242657288908958,-0.2881140112876892,-0.0233348216861486,0.3461385667324066,-0.3385346829891205,-0.8722348809242249,-0.7407612800598145,-0.8294047117233276,-0.1295105367898941,-0.069441832602024,-0.6087999939918518,0.2459510564804077,0.6218374967575073,0.1535386741161346,-0.7244150042533875,-0.1682177484035492,0.6486794948577881,-0.5464887619018555,-0.1150400042533874,0.330174058675766,0.2860372364521026,-0.337511271238327,0.5080246329307556,-0.3483266532421112,0.0083320057019591,-0.924255907535553,-0.4299215078353882,0.0687494352459907,-0.1253630518913269,0.6276955604553223,0.5486495494842529,0.6137802004814148,0.254338264465332,0.0363935716450214,0.005080975126475,-0.7085085511207581,-0.7091032862663269,-0.8719123005867004,0.2233259975910186,-0.1233584880828857,-0.0137490546330809,-0.3325051367282867,0.5731484889984131,0.4353739321231842,0.1264373213052749,-0.0133635541424155,-0.0551197193562984,-0.113770842552185,-0.4344848394393921,0.5680394768714905,-0.2988437712192535,-0.1365965157747268,-0.0438529886305332,0.2209473699331283,0.4766225218772888,-0.1665296703577041,-0.4116110205650329,0.249301329255104,0.0002151669759768,-0.6436823606491089,0.3029321134090423,0.47609943151474,0.5848656892776489,-0.3619653284549713,0.2514756321907043,0.0578926242887973,-0.1505854427814483,-0.2622605562210083,-0.93789941072464,-1.0703058242797852,-0.1630801558494568,0.7816234230995178,0.7947682738304138,1.109732985496521,0.1879336088895797,0.1293774843215942,0.9677956104278564,-0.0451663918793201,0.4508607089519501,0.3747084140777588,-0.0222916193306446,-0.2808679044246673,-0.0987806841731071,0.0191581062972545,0.0324061624705791,-0.3434076309204101,0.1714265644550323,-0.3808563947677612,-0.0460673123598098,-0.5520573854446411,-0.1934145838022232,-0.318719744682312,-0.7474502921104431,-0.6325151324272156,0.4355825781822204,-0.4447162449359894,0.8803688287734985,0.7067648768424988,-0.0612755417823791,-0.3705868721008301,0.4354896247386932,0.4254189729690552,0.6248452067375183,0.208238199353218,-0.5096204280853271,0.0603441223502159,0.0991400405764579,0.0253337416797876,-0.590691864490509,0.3010964691638946,0.780634880065918,-0.1692980229854583,-0.2623399794101715,0.3253754377365112,0.0522024966776371,-0.2263438701629638,0.1845881789922714,0.3036635220050812,0.0720651224255561,-0.2489741593599319,-0.772021472454071,0.0944428592920303,-0.1154277995228767,-0.0428663417696952,-0.6625933647155762,0.0240629818290472,0.1043280363082885,-0.7153671979904175,0.3764067590236664,0.2535593211650848,-0.6757047176361084,-0.2429070323705673,1.064220309257507,0.0042944690212607,-0.2271468192338943,-0.5738294720649719,-0.0881030037999153,0.1379380226135254,-0.2065586149692535,0.6570746302604675,0.1245043203234672,0.0765152648091316,0.071739375591278,-0.8787199854850769,-0.1970077455043792,0.3362476825714111,-0.4255286455154419,0.9308478236198424,0.0713542103767395,0.5257901549339294,0.1519743502140045,-0.0122149437665939,-0.3040920495986938,-0.0694559961557388,-0.4876976609230041,-0.2875409424304962,-0.0094772400334477,-0.6792720556259155,0.723817765712738,-0.0961042940616607,-0.5501055121421814,0.5908259749412537,0.3009313344955444,-0.593765377998352,0.297119140625,0.6234657168388367,0.1391619443893432,-0.5033325552940369,0.1152414232492446,0.137857586145401,-0.4150867164134979,-0.006001338828355,-0.2367476671934127,0.4885660409927368,0.6429195404052734,-0.3471564650535583,0.2505747377872467,-0.022775849327445,0.4971912503242492,0.4645059108734131,-0.2763689756393432,0.0371231064200401,-0.048369288444519,-0.2423488646745681,-0.1635999977588653,0.5860271453857422,0.4090455174446106,-0.2152633965015411,0.50990891456604,0.2164843827486038,-0.1044401302933693,0.7240886092185974,0.6498249173164368,0.2580570876598358,0.2551390528678894,-0.2548543512821197,0.2153075784444809,-1.4439356327056885,0.0154003174975514,-0.0620265007019043,0.1093479841947555,-0.5059568881988525,-0.1352285891771316,-0.2163365334272384,-0.0242122244089841,0.1365474462509155,0.1264371871948242,0.2451182454824447,0.2252182513475418,0.4628836810588836,0.114106647670269,0.2665261328220367,0.3711179196834564,0.0803166031837463,-0.2038472890853881,-0.0535558238625526,-0.2167748659849167,0.8896501064300537,-0.139563649892807,0.1468414217233657,-0.1401181519031524,-0.944451868534088,-0.1357181668281555,0.2577537894248962,-0.154292419552803,0.4122736155986786,0.0224196873605251,-0.4716637730598449,0.210481509566307,-0.3146982491016388,-0.3646937310695648,-0.4170811474323272,-0.4722876250743866,-0.5473881363868713,-0.3198671042919159,-0.4027236104011535,0.5102841854095459,-0.1890680193901062,0.6136766672134399,-0.630382239818573,-0.3060350716114044,-0.3015678524971008,0.4127686321735382,-0.0137675972655415,0.1112239956855773,0.3933822214603424,0.2458097487688064,-0.3018103837966919,-0.1348547637462616,0.3788704872131347,-0.313324898481369,0.167155846953392,-0.1090083792805671,0.0351977013051509,-0.6272063255310059,-0.2505605220794678,0.0847843512892723,-0.021654175594449,-0.090211883187294,-0.1570003628730774,-0.3688042461872101,0.2034508287906646,-0.1014809384942054,-0.3907807767391205,0.1027508080005645,-0.2986584901809692,0.1097861230373382,-0.0202436577528715,-0.346513569355011,-0.0543346591293811,0.0061211227439343,0.1170693859457969,0.4776066243648529,-0.7164073586463928,-0.0245685335248708,-0.0433696769177913,-0.0906214863061904,0.0235225800424814,-1.092873215675354,-0.1376640498638153,0.3215860426425934,0.3927765190601349,-0.2211135774850845,0.4845410287380218,-0.4798084497451782,0.2626461982727051,-0.2790146768093109,-0.3577114045619964,0.2354363799095153,-9.959633827209473,-0.0117738600820302,0.1408966779708862,-1.4328253269195557,-0.2792637050151825,0.2432331293821334,0.7710317373275757,0.7658274173736572,-0.5130614042282104,0.563339352607727,-0.0151371974498033,0.5951701998710632,1.061480164527893,0.960172176361084,-0.4503451883792877,-0.1215415298938751,0.0974920466542244,-0.4705646634101867,0.3105048835277557,-0.3334751725196838,-0.1599648892879486,0.0135449292138218,0.0920035988092422,0.5407970547676086,-0.2366712689399719,-0.386754423379898,-0.3695440888404846,-0.0299910586327314,0.1924373060464859,0.1367412209510803,-0.7127882242202759,0.0534329116344451,-0.5835243463516235,0.960877239704132,-0.2243518978357315,-0.2681252956390381,0.0437793396413326,0.2263649553060531,-0.2657504379749298,0.8381311297416687,-0.2068768292665481,0.4843839406967163,0.4260134994983673,-0.2530224919319153,0.4225115478038788,0.0772839188575744,0.1415932029485702,-0.0105059444904327,0.4388375580310821,0.3655568063259125,0.2746236622333526,-0.6397233009338379,0.0113189136609435,-0.0284362118691205,-0.0225102417171001,0.2322570979595184,0.4280595481395721,-1.0346319675445557,0.1949483603239059,0.1586151868104934,0.311699241399765,-0.3188307285308838,0.8305982947349548,0.3434688150882721,-0.1712775081396103,1.1266720294952393,-0.2777271270751953,-0.1364875733852386,-0.5477764010429382,-0.1225302442908287,-0.007436953485012,0.130861148238182,0.1955107152462005,0.013984702527523,-0.3661353886127472,0.2884323298931122,-0.3657556772232055,0.5012636780738831,0.3486760258674621,0.3989539742469787,-0.1066885516047477,0.2404384911060333,0.1487344652414322,0.119005262851715,-0.4219958484172821,-0.2827009558677673,-0.2400919795036316,-0.3146381378173828,0.3486721515655517,-0.4688452184200287,0.5601781606674194,-0.414196103811264,-0.2198279350996017,0.1554811596870422,0.2585185766220093,0.3569768369197845,-0.2704319655895233,0.8732373714447021,0.2088785916566848,0.288596510887146,1
0.6195648908615112,0.3489904701709747,1.0567883253097534,-0.4765182733535766,-0.5891979932785034,-0.1809852719306945,0.0059980759397149,0.3481148183345794,-0.8365700244903564,-0.6619139313697815,-0.2249849289655685,-0.709401547908783,-0.0504682175815105,-0.4271685481071472,0.7363948225975037,0.4460712671279907,-0.5139725804328918,0.4701919853687286,0.1286108493804931,-0.3889336884021759,-0.8025297522544861,-0.7192121744155884,-0.5512325763702393,0.1941795796155929,-0.4240441024303436,-0.9229090809822084,-0.5777475237846375,-0.2258715033531189,0.0061606224626302,0.1903616487979889,0.2632638216018677,-0.4594249129295349,-0.3370295763015747,0.3261558711528778,-0.7294156551361084,0.6906647086143494,0.1098550781607627,0.2041232734918594,0.4162230789661407,-0.5478252172470093,-0.3630021214485168,0.5252999663352966,-0.6012375354766846,-0.5337058305740356,-0.1171065792441368,0.041893757879734,-0.1703510880470276,-0.031400877982378,-0.1483786702156067,-0.3944182395935058,-0.7106783986091614,0.7770763635635376,0.3953070640563965,0.1971932351589203,0.425059050321579,0.3488447666168213,1.0091537237167358,0.0231695063412189,0.0251429192721843,-0.2772858142852783,-0.7284931540489197,0.1356604993343353,0.3728354871273041,0.1996486485004425,-0.592863142490387,0.3532702028751373,-0.1977674067020416,0.5270116329193115,0.4377854466438293,-0.1567492187023162,0.5720683932304382,0.3822307288646698,0.2298650741577148,-0.3820671439170837,0.2723013460636139,-1.026605486869812,0.4222369492053985,-0.3067958056926727,0.2783031761646271,0.1548672318458557,-0.239579826593399,-0.1771947145462036,0.1182410269975662,-0.3522379100322723,-0.6739863157272339,-0.3207395672798157,-1.280389428138733,-0.1314788162708282,0.1092400550842285,0.1847828775644302,0.0771256908774375,-0.437089592218399,0.370442658662796,-0.3064039647579193,1.0832984447479248,0.4152913391590118,0.3117563426494598,-0.1497225910425186,0.3455894887447357,0.2241485565900802,-1.3417664766311646,0.5552119016647339,-0.0222490578889846,-0.8507680296897888,-0.5020774602890015,-0.1633059084415435,-0.2702930569648742,0.9135725498199464,0.5686036944389343,0.4233021438121795,0.0308378841727972,-0.2613431215286255,-0.8987371921539307,0.1841257512569427,-0.0797238424420356,0.4295142292976379,-0.5939999222755432,-0.1568807661533355,0.0380602180957794,0.1479811817407608,0.2256724238395691,0.58320552110672,-0.4946492314338684,-0.1372482478618621,0.271740585565567,0.1917717903852462,0.1432688981294632,0.3522486984729767,0.2582482099533081,-0.6036713719367981,0.3547253906726837,-0.6765661239624023,-0.4382753372192383,0.0448752231895923,-0.6328389644622803,0.965863823890686,0.2955978512763977,-0.4536164700984955,0.0455907583236694,0.1167070865631103,-0.4535581469535827,-0.1906919628381729,0.8190338611602783,-0.4693425297737121,-0.1263845413923263,0.4840159714221954,-0.3180535137653351,-0.3546625971794128,0.4179584980010986,0.3845674991607666,-0.1171512454748153,1.1854907274246216,-0.5989495515823364,0.4140498638153076,0.3314343392848968,0.4171215295791626,0.197724312543869,0.2486430704593658,0.3477166593074798,0.0276961978524923,0.411643385887146,0.0632825419306755,0.118790403008461,1.0481526851654053,0.6594823598861694,-0.0155564593151211,0.6942266225814819,-0.1477566659450531,0.1065890714526176,0.9082752466201782,0.5210177898406982,0.6927188038825989,0.2869593799114227,-0.080572210252285,-0.143041580915451,0.5369226336479187,1.0504631996154783,0.4520522058010101,-0.3815566003322601,-1.0843147039413452,0.4242238998413086,0.4428893625736236,0.7727795243263245,-0.11271483451128,0.5963641405105591,-0.5336257219314575,-0.4145865440368652,-0.0930271968245506,0.4222430884838104,0.1927646398544311,-0.4035003781318664,-0.4110448360443115,0.1082634553313255,-0.0029858634807169,0.0524127073585987,0.166703388094902,0.1684794872999191,0.3491660058498382,-0.12071093916893,0.3308565616607666,0.5550510287284851,-0.018241224810481,-0.1458954364061355,-0.93206387758255,-1.468620777130127,-0.5858704447746277,-0.053965974599123,0.1871979236602783,0.1993109285831451,0.6862973570823669,-0.7204278707504272,-0.1594906896352768,0.1600438356399536,-0.4500786960124969,0.8950967788696289,0.483115404844284,-0.3662504553794861,-0.1398576647043228,-0.0772723108530044,-0.0402719527482986,0.1948870122432708,-0.6461538076400757,0.3496512472629547,0.1929983347654342,-0.292580246925354,0.8708901405334473,0.5928434133529663,-0.952753245830536,-0.5800488591194153,0.2994386255741119,-0.7095662951469421,-0.3877021372318268,-0.1414899677038192,-0.1187630221247673,-0.226882517337799,-0.9625067114830016,-0.6216272711753845,0.1769756227731704,-0.3720604479312897,0.6183730959892273,-0.2944242060184479,-0.2436751723289489,0.3913763761520386,0.3015227615833282,0.3717937469482422,0.2275534719228744,-0.1137370243668556,-0.4073820412158966,-0.9319515228271484,-0.1594752222299575,-0.6824278235435486,-0.4467746615409851,-0.298469603061676,0.5496417880058289,0.4088552594184875,-0.3417203724384308,0.3422651588916778,-0.8266787528991699,-0.2169264554977417,-0.944948673248291,0.300152450799942,-0.2175954282283783,0.4510443806648254,0.2433313578367233,-0.5626786351203918,0.1603416502475738,0.3203263878822326,-0.2135343700647354,-0.4064880609512329,-0.1030912548303604,0.1624127775430679,0.153968408703804,0.3976919949054718,-0.4147221446037292,-0.0498390197753906,0.1031231135129928,0.6804152131080627,1.0598911046981812,-0.1469211876392364,-0.6755654811859131,-0.4156228601932525,0.7218894958496094,-0.8200952410697937,-0.5111777186393738,0.0852808803319931,1.0379979610443115,-0.4341500699520111,-0.0093580558896064,-0.0931151360273361,-0.2131607830524444,0.1918867975473404,-0.6069152355194092,0.0588084161281585,0.1086339578032493,-1.049772024154663,-0.0527109093964099,0.4001291394233703,0.2348199486732483,0.3815994262695312,-0.1056061089038848,0.2873418629169464,-0.2647623121738434,0.0589905194938182,0.1709464490413665,-0.1004977151751518,-0.5174713134765625,-0.1428467333316803,0.6444472670555115,0.2665767967700958,-0.8470263481140137,-0.1114944517612457,0.6196324229240417,-1.261491298675537,-0.3067860305309295,0.4951604306697845,0.4625239670276642,-0.806296706199646,0.3060609698295593,0.7664307355880737,0.5978373289108276,-0.3235744833946228,-0.4803456664085388,0.4361900687217712,0.680817723274231,-0.3462209403514862,-0.766511082649231,0.4465742707252502,0.1413706839084625,-0.1029802933335304,-0.540488064289093,-0.4225925207138061,0.2654396593570709,-0.0956962928175926,-0.2448957860469818,-0.4192146956920624,-0.1646664142608642,-0.3066335022449493,-0.1862993538379669,0.2451054602861404,-0.0318525545299053,-0.0467939153313636,0.695682168006897,-0.4298053383827209,0.2943534851074219,-0.7330169677734375,-0.4372770488262176,0.266561895608902,1.275129795074463,0.4799474477767944,0.6537413001060486,-0.7526010274887085,-0.1445199996232986,0.5737951993942261,-0.2828126549720764,0.7841343879699707,-0.7082526087760925,0.3595519959926605,-0.2249900996685028,0.4486998617649078,0.1162942722439765,-0.312129944562912,0.2356796860694885,-0.7608378529548645,-0.673935055732727,0.2672902941703796,-0.0121579803526401,0.5657185316085815,0.1676893681287765,0.0501080378890037,1.1467639207839966,0.0960680320858955,0.2769872546195984,-0.271636962890625,-1.2229118347167969,-0.2898721396923065,-0.818493664264679,-0.0662508532404899,-0.1926941573619842,-0.1408600509166717,0.6379884481430054,-0.5304189920425415,0.1868663430213928,-0.1202046424150466,-0.4112637639045715,0.2442872375249862,-0.3000135421752929,-0.6347482204437256,0.0767916440963745,-0.0052538914605975,-0.5005415678024292,0.9109095931053162,-0.0007811538525857,0.5739177465438843,-0.3620568215847015,-0.639089047908783,0.5519065260887146,-0.296102374792099,0.0041193105280399,-0.0016299751587212,0.1267074197530746,-0.2287810444831848,-0.2666354477405548,-0.1437699347734451,0.0704218074679374,-1.0117563009262085,0.5357574224472046,-0.4320216178894043,0.0675554797053337,-0.0848605036735534,-0.2459176182746887,-0.7839255928993225,-0.2140903323888778,0.0649926662445068,-0.1526171118021011,0.1472381502389907,0.3655463755130768,0.192785158753395,-0.4598661065101623,0.4447408616542816,0.5818700790405273,0.773893415927887,-0.2916417717933655,0.6764229536056519,-0.2633430957794189,0.1170301362872123,0.3807166218757629,-0.636992871761322,-0.5004210472106934,0.4088150560855865,0.2970898449420929,-0.4510889947414398,-0.2047666013240814,-0.3112285435199737,1.1695051193237305,-0.2776446640491485,-0.454189658164978,0.902678370475769,-0.3502555191516876,0.3743431270122528,1.0348628759384155,0.7548885345458984,-0.3306185603141784,0.8137053847312927,0.2189303785562515,0.4164632558822632,0.0481533221900463,-0.4062684178352356,-0.2302813231945037,0.8682974576950073,-0.0690934285521507,0.0666430816054344,0.7246530055999756,0.2387608587741851,0.2063861191272735,0.304114431142807,-0.0526445172727108,0.0919842198491096,0.3205940127372741,-0.1039949804544448,-0.344978004693985,-0.0909045413136482,-0.1859214305877685,-0.3086766302585602,-0.1104165613651275,-0.4009558856487274,0.3755174279212951,1.0586365461349487,-0.69407057762146,0.3782074749469757,-0.9081338047981262,-0.5527552962303162,-0.1388085484504699,-0.1920015960931778,0.0875670760869979,-0.8221295475959778,-0.3547230660915375,0.0455889664590358,0.100279651582241,-0.4144933223724365,0.1088500693440437,0.3550724685192108,-0.2159822881221771,-0.3159510493278503,-0.813616156578064,0.1168316379189491,0.7964914441108704,-0.5838242173194885,-0.3934233486652374,0.060257464647293,0.1438681185245514,0.7519621849060059,-0.8378763198852539,-0.4993960857391357,-0.388970673084259,-0.1639347821474075,-0.7298585176467896,-0.0774035155773162,0.1874646097421646,-0.6804988384246826,0.2744324803352356,0.0274815335869789,-0.2773340940475464,-0.6969039440155029,-0.2621581554412842,-0.1018723174929618,-0.5727987289428711,0.2523036897182464,0.1731978803873062,-0.2328196913003921,0.108727253973484,-0.1145984902977943,0.3019725382328033,0.7329968214035034,-0.3828904032707214,0.8873105049133301,0.0118421558290719,0.352819412946701,-0.810456395149231,0.5460114479064941,-0.7754442095756531,0.2387319207191467,-0.7294042706489563,-0.6843485832214355,-0.7158702611923218,-0.5920957326889038,-0.4448314309120178,0.6941059827804565,1.415650486946106,0.5825144052505493,-0.6701879501342773,0.2146046459674835,-0.1199929490685463,-0.4598611295223236,-0.5141260623931885,0.0787957608699798,0.0287131275981664,-1.562509536743164,-0.1510507017374038,0.1109620109200477,-0.5994253754615784,1.3839061260223389,-0.1814644634723663,-0.5518447160720825,-0.2039219886064529,0.4202861785888672,0.3994800150394439,-0.4896880388259887,0.0579875633120536,0.6398654580116272,0.2553820610046386,0.8101413249969482,-0.274228572845459,0.0906463786959648,0.1436778157949447,0.1233146637678146,0.0946904346346855,0.4151434302330017,0.4983032047748565,0.0801388993859291,0.8776180744171143,-0.6998874545097351,-0.6978878974914551,-0.6231597661972046,0.3570880591869354,0.1529397666454315,0.689155638217926,0.2196631878614425,0.7957811951637268,0.6500939130783081,-0.1513335853815078,0.0573428571224212,0.8899685144424438,-0.0597225539386272,1.2249330282211304,-0.5518271327018738,0.1374015361070633,-0.7722051739692688,-0.0206141173839569,0.9322041273117064,0.7353374361991882,-0.0895386338233947,-0.1536366045475006,-0.030578788369894,-0.5362865924835205,0.6016854047775269,0.3558008670806885,-0.1032327115535736,0.3825442492961883,0.2989633977413177,-0.4406847059726715,1.0371015071868896,-0.0341293402016162,0.2658805251121521,-0.6539269685745239,-0.0679441913962364,0.7289755940437317,0.4150844812393188,0.0939821302890777,0.7793418169021606,-0.2908057868480682,-0.6848353743553162,-0.1627069562673568,0.4638008773326874,-0.5895224809646606,0.6393943428993225,-0.0029510802123695,-0.5359312891960144,0.7100718021392822,0.655490517616272,0.3547017872333526,0.3587740361690521,-0.5897667407989502,0.1178450062870979,-0.1086761206388473,-0.1629100739955902,0.3958805501461029,0.2954218983650207,0.4053311049938202,0.0414086431264877,-0.8010706305503845,0.4483011364936828,1.3589962720870972,-0.0052117416635155,-0.092074379324913,0.3095720112323761,0.0476359650492668,-0.3680016994476318,0.1139998286962509,0.3104340732097626,-0.2435269206762313,0.2289800196886062,-0.2655230164527893,-0.3084410727024078,-0.1917210221290588,-0.1111677139997482,0.836298406124115,0.1016987338662147,-0.1079253777861595,-0.1257338672876358,-0.0497482158243656,-0.7834899425506592,-0.0943723171949386,-1.2535018920898438,-0.8204447031021118,-0.0228514838963747,0.079421080648899,0.1268144994974136,-0.0876045674085617,-1.0506716966629028,-0.3635828495025635,-0.3436509370803833,-0.780060350894928,-0.2888449728488922,0.2456021755933761,0.4450479447841644,-0.0233513191342353,-0.6451221704483032,-0.3198616802692413,0.4667545855045318,0.4408571124076843,0.2822818756103515,0.2906259596347809,-0.4739277958869934,-0.2051218152046203,-0.0680044218897819,0.5647624731063843,-0.0696877837181091,-0.4178608059883117,-9.239850997924805,0.4858905375003814,-0.6960218548774719,-0.0361793711781501,-0.2908546030521393,0.1097744330763816,0.7458534836769104,0.9021535515785216,-0.8397974967956543,0.8337070345878601,-0.4177514016628265,0.3903300762176513,0.6950947642326355,0.6229278445243835,-0.6647345423698425,0.0440518483519554,0.3326362371444702,-0.1166946589946746,0.6179511547088623,-0.1337971836328506,-0.4723475575447082,-0.8308966755867004,0.333613246679306,-0.35804483294487,-0.5387967228889465,0.3511967658996582,0.7182985544204712,0.211320474743843,-0.3411101400852203,0.7431811690330505,-0.708786129951477,0.2283969521522522,-0.0462522357702255,-0.4464648962020874,-0.3448687195777893,0.6354577541351318,0.4750964045524597,0.5005751252174377,-0.6288119554519653,-0.0984638035297393,-0.2708901166915893,0.7006009221076965,0.0804221704602241,0.0824451893568039,-0.1221666112542152,-0.0991153195500373,-0.1915300339460373,-0.0420115441083908,0.9884529113769532,-0.290996104478836,-0.0704822018742561,-0.7775848507881165,0.459912896156311,-0.9610315561294556,-0.3412564992904663,0.0553800277411937,-0.5966173410415649,-0.8167950510978699,-0.3448605835437774,0.1789460480213165,0.4906902015209198,0.3579187393188476,0.6264480352401733,0.1931654512882232,0.0191162060946226,0.154929056763649,0.4830325841903686,0.4936136901378631,-0.3643776178359985,-0.4921980798244476,-0.0711397528648376,0.0291632562875747,-0.4733636081218719,-0.1612384468317031,-0.1430217027664184,0.0011700104223564,-0.6814314723014832,-0.2017345577478408,0.7151430249214172,-0.0283666495233774,1.094463586807251,-0.1716654151678085,0.0287442691624164,-0.3106435239315033,0.1182713881134986,0.03754448518157,0.8500673770904541,0.6016170382499695,-0.007225947920233,-0.7786552309989929,0.437221348285675,0.5968304872512817,0.606789231300354,0.6270705461502075,0.1220488622784614,0.0347596146166324,0.8286532759666443,-0.122065931558609,0.8150589466094971,0.1964781284332275,0
0.2282464653253555,1.0731332302093506,0.4501992166042328,-0.2264499962329864,-0.0172479022294282,0.5057219862937927,0.0728333741426467,-0.0669654384255409,-0.0992581397294998,-0.0437724627554416,0.3734519779682159,-0.1241487264633178,0.1656981706619262,0.2042274326086044,0.0615365132689476,-0.1212703511118888,0.5679518580436707,0.3683059811592102,-0.2446165084838867,-0.1198872774839401,0.1718801259994506,-0.5137121081352234,-0.4743562638759613,0.4882035851478576,0.1519786715507507,-0.1655090749263763,0.0601035729050636,0.7734754085540771,-0.3449645936489105,-0.1501440703868866,-0.1834729015827179,-0.593664824962616,-0.0619691796600818,-0.1494530737400055,0.0969167575240135,-0.0031487033702433,-0.3439404666423797,-0.3655273020267486,0.299852043390274,0.1766350418329239,0.294615626335144,0.0291707143187522,-0.2089893668889999,-0.0803558751940727,0.0789231434464454,0.152385339140892,-0.5134055614471436,0.1288443803787231,-0.2706416845321655,0.2073995918035507,-0.0112980986014008,0.2468970119953155,0.6993074417114258,0.1293152272701263,-0.3986250758171081,0.2065186947584152,0.2372923493385315,0.1151232719421386,-0.5263395309448242,-0.3699139356613159,-0.4974899291992187,0.2484288811683654,-0.2213199436664581,0.3208222091197967,-0.2857685983181,-0.2700578868389129,0.1333164274692535,0.3272195160388946,-0.7500853538513184,0.0689323022961616,0.0720916166901588,-0.0581730231642723,0.2598788142204284,0.3645838797092438,0.6504330635070801,0.0232160277664661,-0.1400804370641708,-0.4338112473487854,0.5487951040267944,-0.1126565039157867,-0.4115826487541199,0.0657861679792404,-0.5489065647125244,-0.5535996556282043,-0.1184278950095176,0.3100560009479522,-0.569641649723053,-0.5723171830177307,0.3188346326351166,-0.0998639240860939,0.282574713230133,-0.6042885184288025,-0.0773797035217285,0.0921528339385986,0.1833529323339462,-0.3996872901916504,0.6994222402572632,-0.2630739510059356,-0.2013740837574005,0.1989886462688446,-0.1416335701942443,-0.5663030743598938,0.4172666370868683,0.0115090040490031,0.0619177594780921,-0.0828552097082138,-0.1705116331577301,0.2242659926414489,0.0353273637592792,0.0888246819376945,-0.0956857874989509,-0.6968870759010315,-0.619788646697998,-0.1893240958452224,0.3869940936565399,-0.1646412461996078,0.0607614703476429,0.6750033497810364,-0.1255412548780441,0.4822292923927307,0.1355218291282653,-0.0660060420632362,-0.5738176107406616,-0.0148747423663735,-0.0902217626571655,-0.16213458776474,0.2907865643501282,-0.1700392067432403,-0.0717430338263511,0.1365863680839538,-0.5845048427581787,0.2842296957969665,-0.0501274727284908,-0.302688866853714,-0.1463128626346588,0.5580737590789795,-0.17123644053936,-0.4174440205097198,-0.0736586526036262,-0.3996506631374359,-0.501117467880249,0.8222343325614929,0.3114732801914215,-0.1636370867490768,0.3146135807037353,-0.4799612760543823,0.2844732999801636,-0.3902236521244049,0.2814788520336151,0.0105394637212157,0.2979919612407684,0.8703210353851318,-0.5193305015563965,-0.3116117715835571,-0.765112042427063,0.025630410760641,0.00426503457129,0.1823367476463318,-0.0952527001500129,0.1457796096801757,0.1628086119890213,-0.3295281827449798,0.3767218887805938,0.3727655112743377,0.5136058330535889,0.5765641927719116,0.2447827607393264,-0.2154345512390136,0.5456181168556213,0.8463883399963379,0.3504346907138824,0.4225614666938782,0.234154462814331,-0.4909650385379791,0.2237045466899871,0.7320084571838379,1.0998482704162598,-0.051097635179758,-0.4303084313869476,-0.2760532200336456,0.4928181767463684,0.7864761352539062,0.2669748365879059,-0.3899777829647064,0.2017027139663696,-0.8781411647796631,-0.3723377585411072,-0.2584194242954254,0.2361669093370437,-0.2172582894563675,-0.6598199605941772,0.064837746322155,0.139116421341896,-0.571982204914093,-0.4942223131656647,0.2371802628040313,-0.1702512800693512,-0.0421474538743495,0.0566874742507934,0.423419326543808,-0.2115607112646103,-0.0950101390480995,-0.2017119973897934,-0.8784452080726624,-1.0845080614089966,0.242839977145195,0.3030296564102173,0.2271270900964737,-0.4632192850112915,-0.1762153655290603,-0.7114649415016174,0.0457151643931865,-0.2991374433040619,0.1461137533187866,0.1066381484270095,-0.1110298708081245,-0.5307688117027283,-0.5410572290420532,0.2453968673944473,-0.6459682583808899,0.6539050936698914,0.2245918214321136,0.3015687763690948,0.2565685212612152,-0.0142310131341218,-0.4493483901023865,0.2662084996700287,-0.5548029541969299,0.3559744954109192,0.3532676696777344,0.0355412624776363,-0.3256638944149017,-0.7092728614807129,0.3367534577846527,-0.7033288478851318,0.5108851194381714,-0.0341493003070354,0.1005645170807838,0.3850423097610473,0.1137297749519348,-0.0065827309153974,0.2104729562997818,0.3616939783096313,0.028754698112607,-0.3420706689357757,0.5549607872962952,0.5417026877403259,-0.5479465126991272,-0.4135980606079101,0.263111412525177,-0.3476203083992004,-0.2660656869411468,0.0765235051512718,-0.160912200808525,0.1777352690696716,0.5339608788490295,0.0596946775913238,0.4490846991539001,-0.3000074625015259,-0.3163808286190033,-0.5951768159866333,-0.0315273888409137,0.0462519824504852,0.0165741275995969,0.3990109264850616,-0.2780029475688934,-0.0368418619036674,-0.854638397693634,-0.5668389797210693,-0.1419766396284103,0.655953049659729,-0.3656594157218933,-0.4623431861400604,-0.3576943576335907,-0.8106361627578735,0.2963728308677673,0.2439400553703308,0.2979026138782501,-0.7508258819580078,0.1038402467966079,-0.1045318022370338,-0.0018648987170308,-0.855287492275238,-0.362229436635971,0.0969570279121398,0.0600807294249534,-0.2286243885755539,-0.7032780051231384,0.0451809428632259,0.844375491142273,0.2249381691217422,-0.7237645387649536,-0.1467880606651306,0.0586559288203716,-0.1417154222726822,0.4240988492965698,0.2141600400209427,-0.2149123400449752,0.1492233276367187,-0.0762866958975792,0.761290431022644,0.1613984853029251,0.0986426472663879,-0.3570106923580169,-0.5236508250236511,-0.6765875816345215,-0.4414297640323639,0.087557315826416,1.2622456550598145,-0.8595346212387085,-0.1350621879100799,0.705546498298645,-1.0829882621765137,-0.7757622599601746,0.3745166957378387,0.5600184798240662,-1.7203218936920166,0.3397440612316131,0.2253551036119461,0.1124807149171829,-0.3472039401531219,0.4762424826622009,0.6829009652137756,-0.0088726552203297,-0.6051226854324341,-0.4362506568431854,1.4486773014068604,0.4954518973827362,0.3325830698013305,-0.1306812316179275,0.5655238628387451,0.0731100589036941,0.3501394689083099,-0.356550931930542,0.172558307647705,0.015391131862998,0.1239888817071914,-0.2246567904949188,0.1522757858037948,-0.0571017414331436,-0.0398486293852329,-0.1170175597071647,-0.0894685760140419,0.1710374802350998,-0.4251787066459656,-0.3126367330551147,0.6858842968940735,1.071996808052063,-0.0014505757717415,1.1223351955413818,-0.4847473204135895,0.2580291032791137,0.3216692507266998,0.5500987768173218,0.0183795597404241,0.6726397275924683,-0.41017547249794,-0.1094610467553138,0.0598263628780841,0.2380413711071014,0.3106155395507812,0.2351634353399276,0.0324286073446273,0.2054100036621093,-0.424264907836914,0.3149319887161255,0.2605319917201996,0.5449253916740417,0.6462765336036682,1.080169677734375,-0.0038793424610048,-0.0543744601309299,0.0870295837521553,-0.7824382781982422,0.4638830721378326,-0.5059881806373596,0.2960877418518066,0.0247912462800741,0.3717660307884216,-0.4770841598510742,-0.0081644020974636,0.1558820903301239,0.0358245596289634,-0.4127350747585296,-0.1672190874814987,-1.1818442344665527,-0.7118954658508301,-0.2013939768075943,-0.3894397616386413,-0.5685022473335266,0.1094219982624054,0.4521721303462982,0.0362171903252601,-0.3982465863227844,-0.5659211874008179,0.0415703952312469,-0.2798012197017669,0.4642896950244903,0.1531063914299011,0.7280179858207703,0.3698824346065521,0.5453187227249146,-0.5405259728431702,-0.7089266777038574,-0.591145396232605,-0.2680480778217315,-0.883744478225708,0.3863687217235565,0.1403094232082367,0.2036433815956115,-0.3538070619106293,0.0007762619643472,0.0762195289134979,-0.1724301874637603,-0.3372655808925628,-0.8111826181411743,-0.3641465902328491,-0.023812998086214,-0.1351423114538192,-0.0605738312005996,0.2762195765972137,0.2092297524213791,0.2858598530292511,0.3292626738548279,0.2511298656463623,0.0682778358459472,-0.2865994870662689,0.1566127985715866,0.4416696727275848,-0.2183933407068252,-0.0924445614218711,-0.0173881854861974,-0.1534029245376587,0.5229373574256897,-0.1256633847951889,-0.595416784286499,0.1712566763162613,-0.031438510864973,-0.1002440005540847,0.821821928024292,0.0156392958015203,1.089550495147705,-0.4652890563011169,0.2193759083747863,-0.2767671048641205,0.1296876668930053,0.3471046388149261,-0.2650152742862701,-0.1692966073751449,-0.1910801082849502,0.2056476175785064,0.9322808980941772,0.1362790614366531,0.3889992833137512,0.121808186173439,0.730482816696167,-0.2942003607749939,-0.0532441735267639,0.9895315170288086,0.4914403855800628,-0.512966513633728,0.039877712726593,-0.0489756390452384,-0.3490594625473022,-0.3799300193786621,-0.1479980200529098,0.3239815533161163,0.3656961023807525,-0.1688959896564483,-0.1818008124828338,-0.1145815849304199,0.0511568784713745,-0.2893418073654175,0.460536390542984,0.1008913442492485,0.764397919178009,-0.150895819067955,0.0491252280771732,0.1703874170780182,0.4155707955360412,0.1598725020885467,0.2921100258827209,0.3680843114852905,-0.1297657936811447,-0.2899844348430633,0.583583414554596,-0.1345129907131195,0.2560916244983673,-0.1633913815021515,0.8483279347419739,-0.763738214969635,-0.238263800740242,-0.2007589042186737,0.2274213880300521,-0.1842789053916931,-0.687166154384613,0.4680487811565399,0.0530525483191013,-0.4448034763336181,-0.8289252519607544,-0.1731394529342651,-0.1923625767230987,0.3200005888938904,-1.2405434846878052,-0.350033551454544,0.1535135358572006,0.1444834619760513,-0.1856288760900497,0.3644802272319793,-0.6510147452354431,0.4237943291664123,0.841765820980072,-0.0480345413088798,-0.4145546853542328,0.0657100528478622,-0.0839977636933326,-0.1758916825056076,-0.3632812798023224,-0.0791744589805603,0.0432532168924808,0.4928959012031555,0.3493402600288391,-0.2946234345436096,-0.1952514052391052,-0.5094273686408997,-0.9623966813087464,0.4734298586845398,0.0213622283190488,0.3355421423912048,-0.0277069527655839,0.6443043947219849,-0.2759090960025787,-0.3165507614612579,0.316228836774826,-0.1701602488756179,0.1301756054162979,-0.8414241671562195,-0.0974949449300766,-0.0859250426292419,-0.6152843236923218,0.2890276610851288,0.8310714364051819,-0.6115106344223022,-0.0482148639857769,0.3729826211929321,0.0727732852101326,-0.8989235162734985,-0.1490140706300735,-0.2986904978752136,-0.1618557274341583,0.2924123108386993,0.37359219789505,0.7326200008392334,0.532122790813446,-0.6112220883369446,-0.7858464121818542,0.1974526494741439,0.6420512199401855,-0.1331272423267364,-0.3427829146385193,0.1304713934659958,-0.0553188472986221,-0.7759993672370911,-0.1286448240280151,0.2000589668750763,-0.0126235196366906,0.1548138856887817,0.2401976436376571,-0.0535984598100185,-0.2302282601594925,-0.2480594515800476,0.3380712866783142,0.8085365891456604,0.60252445936203,-0.1184740662574768,0.2655856013298034,0.0747791454195976,0.3209314346313476,-0.0522851943969726,0.0958758443593978,0.4142920672893524,-0.140583336353302,0.188872829079628,-0.0190223306417465,-0.4305435717105865,-0.5446141362190247,0.0684383139014244,0.1860869526863098,0.4051956534385681,-0.3747933208942413,0.4895314276218414,-0.1955110728740692,-0.1776636093854904,-0.385843425989151,-0.2770227789878845,0.138015866279602,0.6160604357719421,0.320412814617157,0.2404998540878296,0.0223106313496828,-1.5069830417633057,-0.4811586141586303,0.2205877006053924,-0.0728253424167633,0.0900685861706733,-0.6510993838310242,-0.2812885642051697,0.4199030697345733,-0.7669678926467896,0.5109657645225525,-0.2932921946048736,-0.9048953652381896,0.2982472479343414,-0.2416447699069976,-0.2948951721191406,0.2726795375347137,0.1925423741340637,0.2405414879322052,-0.4071786999702453,-0.1388507187366485,0.1227985173463821,0.5811468958854675,-0.2956185936927795,-0.0556150898337364,0.1995318531990051,0.3260776698589325,0.2672437727451324,0.0817135125398635,-0.0194137673825025,-0.2870413064956665,-0.0029835700988769,-0.3583853840827942,-0.2584480941295624,-0.0406398959457874,-0.4440604746341705,-0.0874626561999321,0.4158990979194641,0.4571921229362488,-0.6164072751998901,-0.7331734895706177,-0.0432349629700183,0.6346238851547241,-0.1127456128597259,-0.0042690141126513,0.0344220250844955,-0.2930784821510315,0.1186925247311592,0.1435143947601318,-0.6821696162223816,-0.1419310569763183,0.2393729239702224,0.4979541897773742,-0.5029505491256714,0.2248140573501587,0.1085708364844322,0.2234038561582565,-0.2478970289230346,-0.992479920387268,0.5664831399917603,0.1774279326200485,0.65175461769104,-0.1704671829938888,0.1904934495687484,-0.1478156596422195,0.3999979496002197,0.1454235017299652,-0.5219433307647705,0.4803315699100494,-9.970610618591309,-0.3097067475318908,-0.4995120465755462,0.0992559865117073,-0.2856007218360901,0.0355920083820819,0.5568483471870422,0.1321343183517456,-0.2394847720861435,0.6340056657791138,0.2348757088184356,0.4627613723278045,0.8621455430984497,0.6224625110626221,-0.3237874209880829,0.2908448576927185,-0.0708717182278633,-0.0983342379331588,-0.053787063807249,-0.1184899732470512,0.2454282194375991,-0.16264009475708,0.1244131550192833,0.8291471004486084,-0.6517826318740845,-0.3584525287151336,-0.318236231803894,0.4702847301959991,0.0249785669147968,0.4594424664974212,-0.5606517195701599,0.8066520690917969,-0.7787783741950989,0.2941257953643799,-0.1695200502872467,-0.6461115479469299,0.3738016784191131,0.2707356512546539,0.1209182739257812,0.4525517225265503,-0.1404437720775604,0.3896561563014984,0.1228161305189132,0.228864386677742,0.1499028950929641,0.51055908203125,0.6491012573242188,-0.2749283611774444,0.331864982843399,-0.1868014633655548,-0.0087432861328125,-0.2926463782787323,0.5766724944114685,-0.4889927506446838,0.083249844610691,0.2413242310285568,0.810076892375946,-1.021492838859558,0.0697347670793533,0.1256331503391266,0.4999078512191772,-0.0907319858670234,0.9415894150733948,0.6464079022407532,-0.3161620199680328,0.017728941515088,0.6074150800704956,-0.083771139383316,-0.5841147899627686,-0.9077885150909424,0.3847831189632416,-0.0711885467171669,0.1313466578722,-0.2485288679599762,-0.7182092666625977,0.1554192304611206,0.0820297002792358,0.2195938676595688,0.5821657776832581,0.4556146562099457,0.2038770467042923,0.5238531827926636,-0.54886394739151,0.3140673339366913,-0.4477713108062744,0.1895456910133361,-0.186963215470314,-0.4067805409431457,0.7710655331611633,-0.4293935894966125,0.2666036188602447,0.383009523153305,0.0050912224687635,0.5265865325927734,0.1870950013399124,-0.5310221910476685,0.2114860415458679,-0.1442623734474182,0.2502054274082184,-0.1453959494829177,1
0.7160406708717346,0.5496041178703308,1.0600578784942627,-0.4431724548339844,0.0448430813848972,0.3219568729400635,0.2715650498867035,0.0062799644656479,-0.6299976110458374,-0.2329137921333313,0.5505568981170654,-0.5564342141151428,-0.2968236804008484,-0.1863660514354705,0.32614865899086,0.0199595429003238,-0.1589935719966888,-0.4174444079399109,0.3077236413955688,-0.4441926181316376,-1.435692310333252,-0.5543021559715271,-0.1952914595603943,0.1669474244117736,-0.3150492012500763,-0.4724974632263183,0.2600679993629455,0.0922654122114181,0.3445742428302765,-0.343114972114563,-0.6205287575721741,-0.1694863736629486,0.0276246853172779,0.1345271468162536,-0.5564649701118469,0.5066118240356445,0.0104094464331865,-0.3863275647163391,0.7529186010360718,0.190581202507019,-0.0434430949389934,-0.0062533719465136,-0.1106757670640945,-0.0010885586962103,-0.2329510599374771,0.1116471886634826,0.1652374267578125,0.3185009360313415,-0.0247206445783376,-0.4215655922889709,-0.8240092396736145,0.5963747501373291,0.3773230612277984,-0.0269231144338846,0.1930460333824157,-0.2094836086034774,0.954737663269043,-1.0668796300888062,0.130802184343338,0.3891322314739227,-0.6298655867576599,-0.3246212005615234,0.4780248403549194,-0.1246212720870971,-0.186718076467514,0.2396682798862457,0.023499870672822,-0.0045924559235572,0.492657870054245,-0.536670446395874,0.445383220911026,0.137165293097496,-0.1062554866075515,-0.7000160217285156,0.588559627532959,-0.2727632224559784,0.112935334444046,0.3397274315357208,0.1951669007539749,0.0292498487979173,0.1833639442920684,0.1893945634365081,0.1850089281797409,-0.4678379893302917,-0.4566177427768707,0.1382855623960495,-0.7634050250053406,-1.0278390645980835,0.5832114815711975,-0.3624027371406555,0.033557940274477,0.273272693157196,0.3222914934158325,-0.1099065691232681,0.4741979241371155,0.2392270714044571,0.0166855566203594,-0.0043402756564319,-0.3339742422103882,0.031827837228775,-0.3185054659843445,0.0691365972161293,0.1393540650606155,-0.4681010246276855,0.1093716472387313,-0.1714517027139663,-0.3932948112487793,0.5831077694892883,0.3211843073368072,0.2408215552568435,-0.3932655453681946,-0.3886343240737915,-0.544151246547699,-0.2606160640716553,0.48261159658432,0.0443647839128971,-0.5017679333686829,0.6238043904304504,-0.3327780663967132,0.5301656126976013,0.1648320406675338,0.3450007140636444,-0.046100802719593,-0.4880585074424743,-0.1340521574020385,0.6939308643341064,0.2395305931568145,-0.0871166661381721,0.2279672026634216,-0.1759323179721832,-0.1812437176704406,-0.7236559987068176,-0.0606303624808788,-0.1284232586622238,-0.4148086905479431,0.7964227795600891,0.3081644177436828,0.0459326207637786,0.2721553444862366,-0.5111276507377625,-0.5176360011100769,-0.2339594066143036,0.4802360832691192,-0.6775243282318115,0.1863149553537368,0.4573135673999786,-0.3242950141429901,-0.2710474133491516,0.719058096408844,0.344485729932785,-0.0405073091387748,1.221623778343201,-0.5083168148994446,-0.0042150439694523,-0.1091043278574943,0.5945374369621277,-0.7333052158355713,0.3256069421768188,0.537666380405426,0.4378291070461273,0.7361007332801819,-0.0103426575660705,0.0524857640266418,0.4433907568454742,0.0224078278988599,0.2883355915546417,0.1595441699028015,-0.4797025620937347,-0.3036799728870392,0.4212587773799896,0.1494921743869781,0.548896074295044,0.3409509360790252,-0.0871381014585495,-0.3950188457965851,0.1619779616594314,0.8203318119049072,-0.1802835911512375,0.2675783336162567,-0.7529749870300293,-0.2787104547023773,0.1595818102359771,0.562970757484436,-0.6086323857307434,0.4922395646572113,-0.0607765987515449,0.0525845624506473,-0.1430233120918274,-0.1919663548469543,0.0997748300433158,-0.3555605113506317,-0.5002982020378113,0.5069612860679626,-0.5319347977638245,-0.3023192584514618,-0.4192430675029754,0.3326950073242187,0.1380854696035385,-0.4933838248252868,0.6112861037254333,0.3284007012844085,0.1616570353507995,-0.1621584892272949,-0.5787858963012695,-0.9845398664474488,-0.0654933899641037,-0.0381376333534717,0.2911118865013122,0.2583819925785064,0.3827478885650635,-0.5706953406333923,0.0709239393472671,0.0739507302641868,0.2867769598960876,0.6943717002868652,0.3660307824611664,-0.2548193037509918,-0.4564126431941986,-0.0378085523843765,-0.0454684756696224,0.1466283947229385,-0.2530595660209656,0.3082716763019562,0.1777791380882263,0.0423457957804203,0.1954853534698486,0.1800612956285476,-0.4829595685005188,-0.4469911456108093,0.4224537014961242,-0.5547980070114136,-0.6095532178878784,-0.2875030934810638,-0.0714776515960693,-0.6480852365493774,-0.5900214314460754,-0.388478547334671,-0.0270618125796318,-0.2967996299266815,0.5098548531532288,-0.22074955701828,-0.3468151390552521,0.4216444194316864,-0.3038881123065948,-0.2978987097740173,0.3927764594554901,-0.0596282370388507,0.0485152229666709,-0.271362692117691,-0.1802142113447189,-0.4851191937923431,-0.550102710723877,-0.1460640579462051,-0.0548247061669826,0.3206359446048736,0.4962250292301178,0.4854024350643158,-0.2992788553237915,0.3813333511352539,-0.3735303878784179,-0.4477134048938751,-0.5849761962890625,-0.1867894977331161,-0.1529820263385772,0.0660977810621261,0.1695452481508255,-0.0759079530835151,-0.3525299727916717,-0.7251498699188232,-0.4507409930229187,0.0721923410892486,-0.0167071856558322,-0.0582984127104282,-0.1752388924360275,0.1764365881681442,0.088075466454029,0.1377533078193664,0.4123290479183197,-0.4051860272884369,-0.0089038852602243,-0.2578047215938568,0.5319944024085999,-0.6913993954658508,0.1426066905260086,0.0091378083452582,0.4740738272666931,-0.6846185922622681,0.0018326811259612,-0.4535423517227173,0.7378843426704407,0.5011321902275085,-0.5561357140541077,0.0602494962513446,-0.1660566180944442,-0.9421035051345824,-0.2076736837625503,0.6045069694519043,-0.0015955511480569,0.4080990850925445,-0.1184548586606979,0.392930656671524,0.4433785676956177,0.8906248211860657,-0.0674004629254341,-0.0112778441980481,-0.3926476240158081,0.1577012240886688,0.18877674639225,0.5445039868354797,-0.1628527790307998,0.2813944816589355,0.5108756422996521,-0.6430280208587646,0.3158159852027893,0.840604305267334,0.4549330472946167,-1.77802836894989,-0.315490573644638,0.509924590587616,0.1881543546915054,-0.3583788871765136,-0.2123126238584518,0.2246962636709213,0.3304974436759949,-0.335794448852539,-0.4867393374443054,1.282496452331543,0.2578581869602203,0.1956936717033386,-0.4181706011295318,0.1126364842057228,-0.0562515445053577,-0.1417088061571121,-0.5214462280273438,0.3383252024650574,0.4104311168193817,-0.7612400054931641,-0.0065445792861282,-0.2192858457565307,-0.3208435773849487,-0.5579304099082947,0.3383762538433075,-0.6222559809684753,-0.0154126929119229,-0.3610038161277771,-0.1238558292388916,0.0644548162817955,1.1989210844039917,0.8737666010856628,0.1136054247617721,-0.7855727672576904,-0.187774196267128,-0.0542365722358226,-0.3299339711666107,0.1715893447399139,-0.0471077673137187,-0.1403587460517883,-0.1254177391529083,0.349879503250122,0.1097924038767814,0.1692365705966949,-0.0903558135032653,-0.6123674511909485,-0.1054280996322631,-0.1606510132551193,0.7271825075149536,0.9391486644744872,0.14202481508255,-0.0107327075675129,0.541143000125885,0.9442161917686462,0.3771333396434784,0.1176036745309829,-0.6484299302101135,-0.3322542309761047,-0.4627679288387298,0.0766859427094459,-0.2493514865636825,-0.4175941050052643,0.5562111735343933,-0.149287611246109,0.0368744879961013,0.1740822345018386,-0.8228632807731628,0.4122907519340515,-0.5090331435203552,-0.2347524166107177,-0.2065445333719253,-0.1703664511442184,-0.4299764633178711,0.7415841221809387,0.2431784123182296,0.3587514758110046,-0.3153972923755646,-0.9576084613800048,0.662799596786499,-0.1861715912818908,-0.1347865611314773,0.1952444016933441,0.1569215804338455,-0.0130145577713847,0.1553108692169189,-0.0591698288917541,-0.3216509222984314,-0.8687087297439575,-0.3008919656276703,-0.4204065799713135,-0.0636451244354248,-0.0857962518930435,0.6063085794448853,0.0167367029935121,0.1617683470249176,0.2566567361354828,0.3890993893146515,-0.1402439773082733,-0.2968016266822815,-0.5630148649215698,0.4061540067195892,0.3248182237148285,0.9648025631904602,0.4040554761886596,0.0078669795766472,0.523979902267456,0.0174883659929037,0.0857487842440605,0.1283589303493499,-0.6166248917579651,-0.4257988929748535,0.9454864859580994,-0.4247202277183532,-0.2155346870422363,0.3162325918674469,0.1190092638134956,0.5508721470832825,-0.3955748677253723,-1.002431869506836,0.5232201814651489,-0.32157102227211,0.2513957917690277,1.0220986604690552,0.245553657412529,0.1295281499624252,0.2352876216173172,0.0230562891811132,-0.4232050478458404,-0.2769336402416229,-0.3289223313331604,-0.509810745716095,0.4113638401031494,-0.1826494336128235,0.6000717282295227,0.4723854959011078,0.5991536378860474,-0.0493774935603141,0.3512018322944641,0.2943974733352661,-0.5445080995559692,0.4768691956996918,0.6148988604545593,0.3768306672573089,-0.2980268001556396,0.4510954320430755,-0.4618158936500549,0.0261024199426174,-0.2566526234149933,-0.2924006581306457,1.0113605260849,-0.0366128347814083,0.5851088762283325,-0.7223637104034424,-0.3120304346084595,-0.4959334135055542,-0.4941413402557373,-0.192767396569252,-0.2274348884820938,0.075365774333477,0.2839587926864624,-0.3671100735664367,-0.6587124466896057,0.2883949875831604,0.5989701747894287,0.4797096848487854,-0.0510609298944473,-0.306638240814209,-0.2423850893974304,0.1443103551864624,-0.7134082317352295,-0.5081197619438171,0.575716495513916,0.1336457133293151,-0.3493250012397766,-0.8854405879974365,-0.3180863857269287,-0.1379755288362503,0.1805661469697952,-0.4811800122261047,0.0465103425085544,-0.290102869272232,-0.7400475144386292,-0.273175984621048,-0.4847550988197326,-0.1200441569089889,-0.6421060562133789,-0.3723041415214538,-0.2524562776088714,-0.4793320596218109,0.0046251476742327,0.6948128938674927,0.7403450012207031,-0.4985497891902923,-0.2380929142236709,0.1256924271583557,0.1686508506536483,-0.2385175079107284,0.1640942096710205,-0.3254446983337402,-0.15774767100811,-0.5756934881210327,0.2040051966905594,-0.2761629521846771,-0.0652704909443855,-0.0876909717917442,-0.7345484495162964,-0.4659005403518677,0.0324366055428981,-0.8098662495613098,0.1941544115543365,-0.0571203343570232,0.9315574169158936,-0.5274169445037842,0.1283146440982818,-0.0506936982274055,-0.2374493926763534,-0.5599507689476013,0.5276247262954712,-0.3125468492507934,-1.1585813760757446,0.3610887229442596,0.1456747502088546,-0.4961353838443756,1.2421517372131348,0.209113210439682,-0.6299748420715332,-0.1049925908446312,0.1299864202737808,0.1624376773834228,-0.2304719090461731,0.148638442158699,0.0389331430196762,0.3440857827663421,0.4437224268913269,-0.4375099241733551,0.6193323135375977,-0.0035915866028517,-0.2298985421657562,-0.1354523450136184,0.3424294590950012,0.344156265258789,0.6829055547714233,0.12941475212574,-0.6262499690055847,-0.2232080549001693,-0.325437992811203,-0.0677823722362518,-0.0049347216263413,0.3359613120555877,-0.5255427360534668,0.8923746943473816,0.5958791375160217,-0.5636972188949585,0.3588937222957611,1.2114043235778809,-0.0423423871397972,1.0033893585205078,0.1732223331928253,0.0411442294716835,-0.6278747916221619,0.1510212868452072,0.0785162672400474,0.1135732382535934,-0.0704819783568382,0.0616788268089294,-0.2950425446033478,-0.2071893513202667,0.8606039881706238,-0.121087297797203,-0.3264497816562652,0.0848917290568351,0.2585770785808563,-0.2899852097034454,0.8567606806755066,0.3068051636219024,-0.0136516513302922,-0.1718943417072296,0.3325474560260772,0.6210667490959167,1.231739163398743,-0.4219981729984283,0.3740526735782623,-0.3315471112728119,-0.5471270680427551,0.1436841785907745,0.1501275300979614,-0.086452841758728,0.6012153625488281,-0.6972745656967163,-0.080488696694374,0.7731828093528748,0.2369479686021804,0.0300097912549972,-0.0737051516771316,-0.507893443107605,0.1773186177015304,-0.4614638090133667,-0.1801935732364654,0.0458078272640705,0.3561922907829284,0.7271630764007568,0.4086967706680298,-0.1531369239091873,-0.0661972314119339,0.8011471033096313,-0.0996110737323761,-0.4934886693954468,-0.0796970874071121,-0.1862915009260177,0.0393057391047477,-0.0520649850368499,0.3480192124843597,-0.0210816878825426,-0.2200969457626342,0.696488618850708,-0.226593941450119,0.0158699993044137,-0.2685171365737915,0.3712647557258606,0.1123125925660133,-0.1102825403213501,0.2151762098073959,-0.2132675051689148,0.2190783023834228,-0.0080466317012906,-0.8187978267669678,0.0576216056942939,0.149572268128395,0.0899965018033981,-0.5050914883613586,0.0059439134784042,-0.469350129365921,-0.3574584424495697,-0.1228241100907325,0.1757557243108749,-1.184923768043518,-0.7962396144866943,0.4043115377426147,-0.011384311132133,-0.2222319096326828,-1.394122838973999,0.6045659780502319,0.3704037368297577,-0.0332081988453865,-0.189859390258789,0.2785438597202301,-0.0624178387224674,-0.202721819281578,-0.1569465845823288,-0.201258510351181,0.3423085212707519,-9.881769180297852,0.1127707585692405,0.0250407438725233,-0.6226008534431458,-0.2768200933933258,-0.1419197618961334,1.0979472398757937,0.8698919415473938,-0.1874127089977264,0.4062471985816955,-0.2014871686697006,-0.032834593206644,0.4222115576267242,0.6477712392807007,0.0165358241647481,-0.0757811218500137,-0.2083810418844223,0.1534511595964431,0.1103512644767761,-0.0812371745705604,-0.6076298952102661,-0.3319518268108368,0.7044028043746948,0.2135204225778579,0.3321336805820465,-0.5609503388404846,-0.5385086536407471,0.7213151454925537,0.0239347964525222,0.2181130796670913,-1.00224506855011,0.2961472272872925,0.1261317133903503,0.414044439792633,-0.1122713387012481,0.3906683623790741,0.1047024503350257,0.8875852227210999,-0.0642447471618652,0.1892401129007339,0.1089766845107078,0.4443552494049072,0.0705834999680519,0.0431388765573501,0.3937809765338897,-0.0631690770387649,0.0285484418272972,0.4789966642856598,0.8089115023612976,-0.2491255849599838,-0.4232617020606994,-0.2744500041007995,0.4650739133358001,-0.2509323358535766,0.1578381657600402,-0.0456525050103664,0.6443071961402893,-0.9439181089401244,0.1452423185110092,0.1493725925683975,0.3029784858226776,0.556549608707428,0.6303580403327942,0.7066295146942139,-0.1501513719558715,0.4653829634189605,0.5707411170005798,0.0543890185654163,-1.228846788406372,-0.416785180568695,0.3502748012542724,0.3190977275371551,0.2799139320850372,0.202869564294815,0.1534282565116882,0.3137082159519195,-0.2311029434204101,0.1965452134609222,0.2695147693157196,0.1904399096965789,0.6270903944969177,-0.4208428859710693,0.1835490614175796,0.6611534357070923,-0.5122352838516235,0.3420845568180084,0.2134129106998443,-0.2768934667110443,0.2211164534091949,-0.5829900503158569,0.6009411811828613,0.1985925585031509,-0.5658319592475891,0.4262440502643585,0.4988217055797577,-0.1246670633554458,-0.0260311178863048,0.0708031207323074,0.206412062048912,-0.3707110583782196,0
0.0455315075814724,1.1175543069839478,0.2325765341520309,-0.321958839893341,0.747614860534668,0.5107995867729187,0.1951319724321365,0.0109812263399362,-0.3303559720516205,-0.0902393981814384,0.3311777114868164,-0.0015401996206492,-0.4198918640613556,-0.3242538273334503,0.4574458003044128,-0.4273644685745239,-0.4099558293819427,-0.2057999372482299,0.1019970253109932,-0.6086897850036621,-0.4500450491905212,-0.3549587726593017,-0.2984206676483154,0.3724991083145141,0.3646463751792907,-0.5112116932868958,-0.0615701936185359,0.322499930858612,0.2217138558626175,-0.7518659234046936,-0.013034900650382,-0.961925446987152,-0.2461553066968917,-0.1083445623517036,-0.616706371307373,0.2940328121185303,-0.0627324879169464,-0.0504684746265411,0.3318443894386291,-0.1417364776134491,0.0870209857821464,-0.2001831233501434,-0.1663881540298462,0.1271122843027115,-0.1487127691507339,0.4606211483478546,0.2230027168989181,0.7755510807037354,0.3539197444915771,-0.2195370346307754,-0.2516695261001587,0.5801104307174683,0.1614971309900283,0.3065470457077026,0.4126994907855987,-0.115309439599514,0.6868404150009155,-0.6642836928367615,-0.1219765618443489,-0.0832865089178085,-0.672163188457489,-0.4823794364929199,-0.4391419887542724,0.0809119865298271,-0.353929340839386,0.4284028112888336,-0.4964272081851959,0.5209512710571289,0.3448817729949951,-0.4056634902954101,0.1556282937526703,0.015681667253375,-0.5535604953765869,-0.3538996279239654,0.5106313824653625,-0.2079082578420639,0.781936526298523,-0.5400033593177795,0.1527150273323059,0.1549205780029297,-0.3537373542785644,0.4766199886798858,0.1141009628772735,-0.6124151349067688,-0.285712718963623,-0.147426500916481,-0.943577527999878,-0.965062379837036,0.4605044424533844,-0.2851279973983764,-0.2084430009126663,0.4805363118648529,0.0270960107445716,0.4443755447864532,0.124381810426712,0.2169470191001892,0.2405572235584259,-0.4318039417266845,-0.1268830895423889,0.1476866751909256,-0.2157085686922073,0.1000795736908912,0.5205799341201782,-0.1787111312150955,-0.0807533785700798,0.4914059937000274,-0.3109026849269867,0.5696818828582764,0.0987765863537788,0.343720942735672,-0.140485405921936,-0.6204702258110046,-0.3938969373703003,-0.0563206486403942,0.112670823931694,-0.0525189004838466,-0.1389060914516449,0.7540714144706726,-0.4682648777961731,0.4741203188896179,-0.1119724586606025,0.2145509719848632,0.0024005062878131,-0.5455455780029297,-0.1418904960155487,0.4550658762454986,0.3628882765769958,-0.0300867315381765,-0.0249312203377485,-0.3261997401714325,-0.2329958379268646,-0.2681523561477661,-0.048154067248106,0.3386151492595672,-0.6891162991523743,0.389741986989975,-0.1611758768558502,0.2854285836219787,-0.1872318089008331,-0.3448472321033478,-0.3351587653160095,0.1142513379454612,0.5946415662765503,-0.5951827764511108,-0.2751908004283905,0.4201895594596863,0.0940943956375122,-0.5694199800491333,0.2704859375953674,0.3653586208820343,0.0055153667926788,1.1025208234786987,-0.7917729616165161,-0.2900809943675995,0.4765264689922333,0.2501073181629181,-0.3622004985809326,-0.0411701537668705,-0.0145468544214963,0.8144916892051697,0.0086846826598048,0.0034729908220469,0.2122578620910644,0.4267374277114868,0.0706742405891418,0.532699704170227,0.706891655921936,-0.1886726021766662,0.234730988740921,0.5825573801994324,0.3376866281032562,0.2605981826782226,-0.1750976145267486,-0.3822024166584015,0.176600381731987,0.2468520998954773,0.7394819259643555,0.0187200158834457,0.5617770552635193,-0.3733085989952087,-0.3516234159469604,0.0832774639129638,0.4029149115085602,-0.9025039076805116,0.7073366641998291,-0.0121645107865333,0.1551996171474456,0.2909378707408905,-0.3799813389778137,0.0420105718076229,-0.10633285343647,-0.1208904534578323,-0.2279907464981079,-0.5231273770332336,-0.3769713044166565,0.1654401272535324,0.3231292068958282,0.3302077054977417,-0.5134289860725403,0.3677839040756225,0.1659961193799972,0.2965326309204101,-0.4662032127380371,-0.8117588758468628,-0.80178302526474,-0.327615886926651,0.2715726196765899,0.4000090062618255,0.3103974163532257,0.1142814382910728,-0.0672237575054168,-0.0680930614471435,0.3739965856075287,0.0351493619382381,1.0818688869476318,-0.2299467176198959,-1.188935160636902,-0.7127354741096497,-0.0195729825645685,-0.3283471465110779,-0.1624859422445297,0.0581881217658519,0.4633974730968475,-0.0989036634564399,-0.0756534710526466,0.4224700331687927,0.7586838603019714,-0.013124463148415,-0.1838424652814865,0.4147783517837524,-0.2774235606193542,-0.7323428988456726,-0.8953189253807068,0.1463925540447235,-0.5188272595405579,0.2326965034008026,0.0514056608080863,0.5127249956130981,-0.0208409391343593,0.626272439956665,-0.1199624091386795,0.2503420114517212,0.4029049277305603,-0.4225622415542602,0.2435778081417083,0.0915516540408134,-0.3765914738178253,-0.0926035866141319,-0.1812033802270889,-0.3659915030002594,-0.7283136248588562,-0.5407643914222717,0.0818124115467071,-0.1253870129585266,0.3475573658943176,0.6984785795211792,-0.0986943244934082,-0.0126807428896427,0.1139702722430229,-0.1949403136968612,-0.5877236723899841,-0.8357660174369812,-0.2662153244018554,0.3991923630237579,-0.0262882616370916,0.0698470845818519,0.2777641415596008,0.0545241571962833,-0.23258838057518,-0.578888475894928,-0.0094529902562499,-0.5434525609016418,-0.5668824911117554,-0.2209994792938232,-0.5421855449676514,-0.1018156111240387,0.2533567249774933,0.5667189955711365,-0.1356098651885986,0.2619675993919372,-0.0285428762435913,0.8782750964164734,-0.5517147779464722,-0.146154299378395,0.0940372496843338,-0.0941233485937118,-0.2543298602104187,-0.7309643030166626,-0.94452166557312,0.2082440257072448,0.1728475242853164,-0.1896143108606338,-0.3169149160385132,-0.0717748180031776,-0.7129061818122864,0.4769045114517212,0.2165798842906952,-0.2841429412364959,0.2911025285720825,0.1104235351085662,0.6535633206367493,0.4119903147220611,0.4196681678295135,-0.1488365828990936,-0.721823513507843,-0.4044329226016998,-0.2541827857494354,0.5500367879867554,0.0790183246135711,-0.2650423049926758,0.3598866462707519,0.8038336634635925,-0.3302856385707855,-0.1558562666177749,0.9207034111022948,0.2734770774841308,-1.4805554151535034,-0.20988330245018,0.985985279083252,0.4445755183696747,-0.3682593703269958,0.5194039940834045,-0.0520439781248569,0.1651623547077179,-0.1760438978672027,-0.5381021499633789,0.7421826720237732,-0.2759897112846374,-0.2503120601177215,-0.2474103569984436,0.1037688180804252,-0.0315879210829734,0.2600655555725097,-0.3549881279468536,0.4377956390380859,0.3691094815731048,-0.9823299646377563,-0.0429556705057621,0.337161660194397,-0.0554540641605854,-0.0780307948589325,0.329323261976242,0.3200457990169525,0.308395504951477,-0.5041836500167847,-0.2367658019065857,0.1196507439017295,1.2129497528076172,0.4747537076473236,0.4973355829715729,-0.08211200684309,-0.3805084824562073,0.5109261870384216,-0.0198383629322052,0.1543348878622055,-0.2962080538272857,0.0167447347193956,0.0860470682382583,0.1681884676218032,-0.1648395657539367,0.4233582317829132,0.014312726445496,-0.2774331569671631,0.2300112545490265,0.3627772927284241,0.2595144510269165,0.6917176842689514,-0.1108885183930397,0.2757092118263244,0.4162983000278473,0.2543519735336303,0.0960005894303321,0.0329575538635253,-0.0581822544336319,0.2166727632284164,-0.2640514075756073,0.0254324041306972,-0.3626424074172973,-0.1788670867681503,0.310761034488678,-0.1030682697892189,-0.2656514048576355,-0.0660433024168014,-0.203510582447052,-0.2602041363716125,-0.6521186232566833,-0.1964324712753296,0.0502503626048564,0.1160042956471443,-0.5469347238540649,0.2835505604743957,0.5818809866905212,0.3764885663986206,-0.1376861035823822,-0.2119706571102142,0.2324293106794357,-0.2804586887359619,0.051751721650362,0.5408540368080139,0.0681786313652992,-0.1128862425684928,-0.2368355393409729,-0.2430522143840789,-0.2802642285823822,-0.8585717678070068,-0.6987009644508362,-0.7877196669578552,0.1544900834560394,0.0378914959728717,0.5916378498077393,-0.2830476760864258,0.2721945643424988,0.3836231827735901,0.6063663959503174,-0.4162346720695495,-0.6454130411148071,-0.370604008436203,0.1326417028903961,-0.1516561210155487,0.0063075730577111,0.2567414343357086,0.3211713135242462,0.2618796229362488,0.2725178301334381,-0.3003163635730743,0.3727655112743377,-0.2796677052974701,-0.26469886302948,0.6816144585609436,-0.2631819546222687,0.0282554533332586,-0.0506602562963962,0.0460825599730014,0.793179988861084,-0.4625865519046783,-0.816000759601593,-0.0575939118862152,0.0332432053983211,-0.3448951840400696,0.8198394775390625,0.1982053965330124,0.7849797010421753,-0.0980474948883056,0.1961674988269806,0.0887225568294525,-0.3448120653629303,0.7091010808944702,-0.6765449047088623,0.1678442060947418,-0.0721417516469955,0.5226016640663147,0.3866955637931824,0.5438390374183655,0.167074978351593,-0.2051983475685119,0.0763194113969802,-0.8179563879966736,0.1878270506858825,0.5143283009529114,0.4637903571128845,-0.2112567275762558,0.2533266544342041,-0.3817557692527771,0.2925004065036773,-0.0736772045493125,-0.0582855567336082,0.3245844841003418,0.538300096988678,0.3778060674667358,-0.3393431305885315,-0.5894132256507874,-0.1951863467693328,-0.8908965587615967,0.295145034790039,-0.1338858157396316,0.1021996438503265,0.2980543375015259,0.3325025737285614,-0.5387396812438965,0.2912223637104034,0.1382803171873092,0.3085575997829437,0.0549443624913692,-0.4473009407520294,-0.3002046942710876,0.5777251124382019,0.1796595901250839,0.0394515618681907,0.2074304670095443,0.7313966751098633,-0.5129265189170837,-0.2864033579826355,0.3728856146335602,-0.1205205395817756,-0.0117090791463851,-0.3282413482666015,0.5404403209686279,0.2359071373939514,-0.4130578935146332,-0.0163695458322763,-0.238099455833435,-0.4496550858020782,0.390577495098114,-0.154896393418312,-0.3616662621498108,-0.0063275345601141,-0.1751339882612228,0.3904368579387665,0.7496381998062134,-0.5300766825675964,-0.2817255854606628,0.3076498806476593,0.1623582541942596,-0.2880517244338989,0.2394263297319412,-0.3191624581813812,0.0756315141916275,-0.0280314851552248,0.5383016467094421,-0.0584745071828365,0.2687322795391083,-0.0735778585076332,-1.0887682437896729,-0.1720889955759048,-0.2881066501140594,-0.9145275354385376,0.1733898967504501,0.212015688419342,0.7235971093177795,-0.7805041670799255,0.1405557245016098,-0.4639767110347748,0.1718633472919464,-0.0403306484222412,0.2078387290239334,-0.1134375631809234,-0.8726469874382019,-0.2701577544212341,-0.4019319713115692,-0.9182761907577516,0.5219843983650208,0.010713449679315,-0.595794141292572,0.351455956697464,0.4693972170352936,0.2181684970855713,-0.2674684226512909,-0.2599606513977051,-0.1192156001925468,0.2928438782691955,0.0306437872350215,-0.0915895998477935,0.40849769115448,0.5222240090370178,-0.4919257760047912,0.2041821777820587,0.8309110999107361,0.5288292765617371,0.7856940031051636,0.4861606657505035,-0.1921689808368683,-0.0758914276957511,-0.5126572251319885,0.2845155596733093,0.1906210482120514,0.4560867547988891,-0.3047322332859039,0.1790972650051117,0.0196817889809608,-0.162735179066658,0.2570498585700989,0.9361453652381896,0.220835879445076,0.8452736139297485,-0.0966596528887748,0.0599004067480564,-0.9070988297462464,-0.070899561047554,0.0259755291044712,-0.4935101270675659,-0.2289415448904037,-0.2777734696865082,0.158618688583374,0.0368444509804248,0.3468851447105407,-0.0476304441690444,-0.1037746220827102,-0.1641524732112884,0.3501935601234436,-0.2029095888137817,0.5388820767402649,0.5218778252601624,-0.7199658751487732,0.3785703182220459,-0.1830896139144897,0.3524298965930938,0.7730013132095337,0.1214381754398346,0.4322194159030914,-0.2508563697338104,-0.6101042032241821,0.4246176183223724,0.0548097901046276,-0.0077521675266325,0.4320252239704132,-0.3002508580684662,0.1312854140996933,0.3741210401058197,0.356966495513916,-0.1186246126890182,-0.0393697172403335,-0.8000832796096802,0.2206048965454101,-0.0344235263764858,-0.8080744743347168,0.0020657966379076,0.0473022535443306,0.1757123172283172,-0.2068644315004348,-0.5541287660598755,0.3287437558174133,-0.0238005369901657,-0.0347273163497448,-0.226674735546112,0.3851144313812256,0.1625716984272003,0.1187734901905059,0.3422637581825256,0.6194897294044495,-0.0018338013906031,-0.1326817125082016,0.5439576506614685,-0.122049331665039,-0.373058021068573,0.3414466977119446,0.4075458943843841,-0.0999799445271492,-0.3877361118793487,0.1990829855203628,-0.3446079790592193,0.23886638879776,-0.3227376341819763,-0.4219337403774261,-0.0151335597038269,-0.0628197342157363,0.2550224065780639,0.3456182479858398,-0.0663866028189659,-0.4386299848556518,-0.4689908027648926,-0.1896841824054718,-0.1882172524929046,-0.7868798971176147,-0.2482917308807373,0.4739726483821869,-0.2765526473522186,-0.2791586816310882,-1.2407870292663574,0.3887535333633423,0.1736384928226471,-0.0019299775594845,-0.4556089341640472,0.5018712878227234,0.0257328432053327,0.1036653816699981,-0.1637576520442962,-0.5178689360618591,0.433847963809967,-10.11057186126709,0.0614515952765941,-0.5471542477607727,-0.5841525197029114,0.1625095605850219,0.1765201687812805,0.9392297267913818,0.4491185843944549,-0.2859230935573578,0.0645708069205284,-0.3969210386276245,0.1578892320394516,0.2046604007482528,0.6156607866287231,0.0576042719185352,0.0188562404364347,-0.2821327447891235,0.0188882127404212,-0.4067748785018921,-0.0325595214962959,-0.1903561800718307,-0.3479089736938476,0.8186470866203308,0.3506888151168823,-0.1975292861461639,-0.4104492664337158,-0.1664002686738968,-0.3639521896839142,-0.3628124594688415,0.1205072551965713,-1.09540057182312,1.1438374519348145,0.2032972276210785,0.0598883107304573,0.0553371533751487,-0.1919859647750854,-0.0152093470096588,0.0145486667752265,-0.5308952331542969,0.4766812026500702,0.1706983149051666,0.838994562625885,0.1979933530092239,-0.524232804775238,0.3744852244853973,-0.0277686659246683,0.3910696804523468,0.0195419136434793,0.1713891476392746,-0.3361426889896393,-0.2950870990753174,-0.0116306105628609,0.2424388080835342,-0.2211416512727737,0.2981369495391845,-0.6063294410705566,0.1609453558921814,-0.952497661113739,0.3128738403320312,0.085082970559597,0.4787277281284332,-0.1171562597155571,0.6273343563079834,0.3147062659263611,0.0876415818929672,0.6824437975883484,-0.1288322806358337,0.2484146952629089,-0.320647269487381,0.1929227262735366,0.3816426694393158,-0.1735038757324218,0.0588144361972808,0.0853994190692901,-0.4158560633659363,-0.0712278336286544,0.2573342323303222,-0.0590681284666061,0.6683207154273987,0.0781078487634658,0.3009865880012512,-0.2357814610004425,-0.0986617356538772,0.2432466894388198,-0.7737350463867188,0.0372999049723148,0.0221975389868021,-0.6018051505088806,0.4073432683944702,-0.4908314347267151,0.3369404375553131,-0.2122879922389984,-0.3896515369415283,0.1257895976305008,0.3831341564655304,-0.061175387352705,0.4568758904933929,0.600942850112915,0.3942444622516632,-0.4954294562339782,0
0.5296596884727478,0.2130906283855438,0.4559382796287536,-0.3788235783576965,0.0963736400008201,0.229296863079071,0.2386744916439056,0.2548413276672363,-0.0763473808765411,-0.5995948910713196,0.3987560868263244,-0.4263967275619507,0.4475667774677276,-0.2476707696914672,0.6969519257545471,-0.0656861960887909,0.0709809884428978,-0.1644545197486877,-0.0108748702332377,-0.3702743947505951,-0.7576481103897095,-0.413432627916336,0.3180697858333587,0.3614082336425781,0.053830225020647,-0.3144461810588836,0.024836154654622,0.22332763671875,-0.1629917174577713,0.0653100684285163,-0.163625493645668,-0.366718590259552,-0.2875009775161743,-0.143985703587532,-0.1412046998739242,0.7164433598518372,0.0447980128228664,-0.334321528673172,-0.048272281885147,-0.4448588788509369,0.2024504095315933,-0.0392537266016006,-0.0778143554925918,-0.4906745254993438,-0.4244580864906311,0.3569748103618622,0.1421144604682922,0.4508043527603149,0.3910716772079468,0.065802477300167,-0.2395339757204055,0.3987994194030761,0.2064034640789032,0.0377097837626934,0.5504782795906067,-0.1333968788385391,0.3774928748607635,-0.541711688041687,-0.0768055692315101,0.2613519728183746,-0.3717130422592163,-0.2485538125038147,0.521899402141571,-0.136066272854805,0.0811342075467109,0.026225758716464,-0.2150810807943344,-0.1482564061880111,0.0450063794851303,-0.7747994661331177,-0.2178253978490829,0.2925040125846863,0.3747594952583313,-0.3835846185684204,0.6918500065803528,-0.3065555095672607,0.2237822115421295,0.1153149232268333,0.2371601611375808,-0.2251027226448059,-0.3462476432323456,0.2766848802566528,0.2552945911884308,-0.7245570421218872,0.0226185377687215,0.0493616014719009,-0.4940282702445984,-0.9880563616752625,0.452703058719635,-0.3511286675930023,-0.0228992886841297,0.0741178765892982,0.2153235077857971,0.2377034276723861,0.0652189552783966,0.1718862056732177,0.1264184862375259,-0.2441621720790863,-0.2346249967813491,0.2505479454994201,0.0868691354990005,0.4093315303325653,0.32750204205513,-0.1709804832935333,-0.2634230852127075,0.0760699585080146,-0.1548914760351181,0.2174850106239318,0.2510367929935455,0.0809057801961898,-0.3745799660682678,-0.2978120148181915,-0.4654948711395263,0.2725546658039093,-0.0209189262241125,0.1435899883508682,-0.198187306523323,0.3388965129852295,-0.4349301159381866,0.6078699827194214,-0.2538466453552246,0.7915907502174377,-0.0356875881552696,0.3047783374786377,0.2150291949510574,0.5052955746650696,0.0175789315253496,-0.0272460542619228,-0.1284803003072738,-0.2572053372859955,0.0357783772051334,-0.0579200908541679,-0.6814077496528625,0.0921545028686523,-0.2537298202514648,0.9225340485572816,-0.0114336526021361,-0.0479016825556755,-0.136097177863121,-0.4668779373168945,-0.1524674445390701,-0.1324257403612136,0.2752945125102997,-0.4046907126903534,-0.1197020336985588,0.1626258939504623,-0.2094656676054,-0.4744023382663727,0.4888186752796173,0.3426395952701568,-0.391703337430954,0.8269580006599426,-0.7304170727729797,0.0575210861861705,-0.0262061338871717,0.3646568357944488,-0.7473659515380859,0.1510887295007705,0.0498598143458366,0.5594866871833801,0.0929848328232765,-0.4336896538734436,0.1997489929199218,0.3209051787853241,0.1022119894623756,0.4263670146465301,0.4947990477085113,0.234954759478569,0.1953546553850174,0.4709454476833343,0.0561673045158386,0.4962971210479736,0.0458567067980766,-0.2137681096792221,0.4985187947750091,0.2918106913566589,0.1293936520814895,0.2646268904209137,0.0680747330188751,-0.5479270219802856,-0.0365224033594131,-0.1630211323499679,-0.0103595312684774,-0.1495637893676757,0.4607514441013336,-0.16131691634655,-0.0502539128065109,0.1145083829760551,-0.2079464346170425,0.1704038232564926,0.0367571040987968,-0.262583464384079,0.3753058016300201,-0.6912090182304382,0.0999286249279975,-0.3194076120853424,-0.3274402320384979,-0.3803856372833252,-0.302856832742691,0.3924706578254699,0.0625739246606826,-0.0227741338312625,-0.1504396349191665,-0.1841774731874466,-0.8772600889205933,-0.3443240523338318,0.072902612388134,0.655198872089386,0.360122412443161,0.2266106456518173,0.0718065351247787,0.2478867173194885,0.4675061106681824,0.0748334527015686,0.1430813670158386,-0.0019422065233811,-0.2316767424345016,-0.1867131143808365,0.1263024359941482,-0.1210856661200523,0.4201357662677765,-0.0982303693890571,0.3487502336502075,-0.0542345009744167,-0.406590849161148,0.2436564266681671,0.0867293998599052,-0.3940061628818512,0.0503381453454494,0.7268115282058716,-0.2607754468917846,-0.6348714232444763,-0.4985277056694031,-0.0947990268468856,-0.6508302092552185,0.0662958398461341,-0.268383651971817,0.2855084538459778,-0.349700003862381,0.112674169242382,-0.1744929105043411,-0.4754193425178528,-0.1815786063671112,-0.2118682861328125,0.0328344888985157,0.1429506987333297,-0.0228110589087009,-0.1918207108974456,-0.51520836353302,-0.035258699208498,-0.3487142920494079,-0.4789979457855224,-0.0031026471406221,-0.5512425303459167,0.4469566941261291,0.2267684787511825,0.519576370716095,-0.0401957146823406,0.2230084687471389,-0.021178001537919,-0.0647084936499595,-0.8502422571182251,-0.1223883181810379,-0.082101322710514,-0.5005362629890442,-0.0289797261357307,0.0161732789129018,-0.4629672467708587,-0.3051377236843109,-0.4279847145080566,-0.0537696257233619,-0.4275308847427368,-0.4585559368133545,0.0507671535015106,-0.0609349831938743,0.121000550687313,-0.1441505849361419,0.4983959794044494,-0.4443674683570862,0.157625675201416,-0.6233783960342407,0.1977990418672561,-0.6939910650253296,-0.2582651376724243,0.0102615738287568,-0.2509933710098266,-0.385790079832077,0.1677277833223343,-0.4675479829311371,0.3769758343696594,0.3340494334697723,0.0589170567691326,-0.4295046031475067,-0.0234155897051095,-0.379841536283493,0.1281551122665405,0.2171487510204315,0.7272565960884094,0.2176287770271301,-0.0618875958025455,0.1726910173892974,0.4014920890331268,0.1911408603191375,0.1473643630743026,-0.1017887517809867,-0.2969529330730438,0.0840102732181549,0.055018100887537,0.6373216509819031,0.1061175316572189,-0.0175985414534807,1.0461182594299316,-0.3499410450458526,0.2470925748348236,0.49268639087677,0.2864406108856201,-1.7427469491958618,0.0124134626239538,-0.1290074437856674,0.0475340001285076,-0.2400045990943908,0.28074511885643,-0.0035546065773814,0.137170597910881,-0.459278792142868,-0.5403351783752441,0.9039117693901062,0.2878541350364685,-0.0093382988125085,-0.5122708082199097,0.3493413031101227,-0.2350283712148666,0.0298427008092403,-0.4780119359493255,0.2126775383949279,0.4782304167747497,-0.4107668399810791,0.0539882034063339,-0.1659918874502182,-0.537499725818634,-0.083966925740242,0.1677630394697189,0.1615692526102066,0.247225672006607,-0.5302152037620544,0.1380523741245269,0.3138780891895294,0.4008596837520599,0.7858495712280273,0.3039855659008026,-0.0616408102214336,0.0577767044305801,0.4450687170028686,0.1350419074296951,0.4254122972488403,-0.2856252193450928,0.1758316755294799,-0.0475820116698741,0.8534377217292786,0.0125897396355867,0.0911166295409202,-0.0015497871208935,0.1213041767477989,0.2295670956373214,-0.081953153014183,0.3548986315727234,0.1464321017265319,0.0478751249611377,0.1907066702842712,0.5322242379188538,0.5807309746742249,0.1449556350708007,-0.2838995158672333,-0.3661825656890869,0.0364569164812564,-0.321286529302597,-0.6244051456451416,-0.3386206030845642,-0.3438629508018493,-0.1222211271524429,-0.4495676457881927,0.2929139733314514,-0.0296255443245172,-0.5183850526809692,0.0549229495227336,-0.3556650280952453,-0.4252268970012665,0.3321499228477478,-0.0532559305429458,-0.7333111763000488,0.5861435532569885,0.2217282354831695,0.2881442606449127,-0.5338570475578308,-0.6530799865722656,-0.0423921756446361,-0.2733902633190155,-0.3039427995681762,0.1676573008298874,-0.3308295905590057,-0.0540301539003849,0.3473367393016815,-0.0784889757633209,-0.0932381302118301,-0.3437794744968414,-0.2950970530509949,-0.7089868783950806,0.1887605041265487,-0.0504166632890701,0.3232135474681854,0.0219684243202209,0.2221865206956863,0.2203065305948257,0.0448722839355468,-0.2711859345436096,0.0839256197214126,-0.3249978721141815,0.5804333090782166,0.3907267451286316,0.1664255708456039,0.581920862197876,0.4442465603351593,0.2811322212219238,0.5245891809463501,0.0202089324593544,0.0134099787101149,-0.610522449016571,-0.3011751174926758,0.7100160717964172,-0.0379120931029319,0.2432178258895874,-0.107879638671875,-0.0181926805526018,0.6090810298919678,-0.0324829034507274,-0.5741919279098511,0.0005142665468156,0.0738754346966743,-0.1841550320386886,0.262513518333435,0.6575903296470642,0.8228428959846497,-0.0232491437345743,0.0209028869867324,-0.140678659081459,-0.1875307261943817,0.3151618540287018,-0.1306444257497787,-0.1179750114679336,-0.2945268750190735,0.0095409927889704,0.2994397580623626,0.6596575975418091,0.2006724327802658,0.6231606602668762,0.3094731569290161,-0.3437167704105377,0.2674251198768616,0.435273140668869,0.4795292615890503,-0.2945265173912048,-0.2899815738201141,-0.3539811670780182,0.0258303135633468,-0.3896693289279938,-0.0662572011351585,0.6731356978416443,-0.1594995409250259,0.1768974959850311,0.0076765068806707,-0.6110824346542358,-0.6220504641532898,-0.3782775104045868,0.1608152389526367,-0.0992601439356803,0.1433831602334976,0.2025719732046127,-0.0135760903358459,-0.4930251836776733,0.1857774257659912,0.0561464726924896,0.2988999783992767,0.5034912824630737,-0.1536019593477249,-0.0901676565408706,0.0035907886922359,0.0382498726248741,0.0676893964409828,-0.1810710877180099,0.0458883009850978,-0.2628243565559387,-0.4944120943546295,0.0162131208926439,0.1840128451585769,0.2542142868041992,-0.1465330421924591,0.6534149646759033,0.1324674189090728,-0.5132039189338684,-0.565060019493103,-0.237240582704544,-0.2221661806106567,-0.0452727153897285,-0.4980322420597076,-0.0901912376284599,0.0443757846951484,0.3667648136615753,0.0876772403717041,0.2802462577819824,-0.3576146960258484,0.0792291760444641,0.2387515604496002,0.6340348720550537,-0.1300701349973678,0.2300144582986831,-0.1985842436552047,0.0217490531504154,0.0881654992699623,0.0755990594625473,0.0594925098121166,-0.1432090848684311,-0.536220908164978,-0.6978509426116943,-0.3783296048641205,-0.1789586842060089,-1.0786592960357666,0.5394381880760193,0.1386258453130722,0.2410538047552108,-0.4676302969455719,-0.4629960358142853,-0.147763043642044,0.3010770082473755,-0.115580216050148,0.4248737096786499,-0.2177674025297165,-0.5781479477882385,-0.0497000403702259,0.1251947283744812,-0.6601473689079285,0.9405031204223632,0.2545405626296997,-0.4916508197784424,-0.3954956829547882,0.387395292520523,0.1958344131708145,-0.2218459993600845,0.1072808057069778,-0.1325920820236206,-0.5393648147583008,0.1550326347351074,-0.3469339609146118,0.3210111856460571,-0.1543601602315902,-3.526743239490315e-05,-0.1246603056788444,0.5851903557777405,0.3443279862403869,0.2443006783723831,0.0775589197874069,-0.2279006391763687,-0.2089708745479583,-0.2480691522359848,0.3257020711898803,0.1407943069934845,0.3850536048412323,-0.1766823679208755,0.3162503838539123,0.5831259489059448,-0.8466090559959412,0.0867414474487304,0.7604172825813293,0.4110320210456848,0.444315493106842,-0.1525647640228271,0.03209038823843,-0.8170374035835266,0.1355699896812439,0.1418216824531555,-0.0172215569764375,0.4570207893848419,-0.0356507040560245,-0.1375111788511276,-0.4097650349140167,-0.0168074183166027,0.4003950655460357,0.1728287488222122,0.0364892520010471,0.4355419874191284,-0.1556229144334793,0.5133227705955505,0.3383309543132782,-0.2615169286727905,-0.3602937161922455,0.0543467439711093,0.4090258181095123,0.7752847075462341,0.1817598491907119,0.3601688146591186,-0.7150218486785889,-0.6305393576622009,0.3012827634811401,0.0831094086170196,0.3051785230636596,0.5014293193817139,-0.2748686373233795,-0.0627902820706367,0.6112644672393799,0.2978948354721069,-0.0707817524671554,-0.3294468224048614,-0.4165408909320831,-0.1707163900136947,-0.2366679608821869,-0.5008911490440369,0.2017518132925033,0.0845913216471672,-0.0467947907745838,0.2117699682712555,0.0154199143871665,0.0983888357877731,0.5822260975837708,0.0028719732072204,-0.305047333240509,0.2047902196645736,0.0614336542785167,-0.0901422724127769,0.0808300226926803,-0.2235193252563476,-0.2465935945510864,-0.0241717658936977,0.2415190041065216,-0.1573673337697982,0.2025086134672165,0.0340979881584644,0.1619161665439605,0.3305917084217071,-0.4448821544647217,-0.1901049017906189,-0.314644455909729,-0.3174638450145721,-0.1307286322116851,-0.6577920317649841,-0.3597747385501861,-0.0309588555246591,-0.0471150875091552,-0.1592544317245483,-0.05937360227108,-0.4678713381290436,-0.2325161099433899,-0.4492211043834686,0.2522855401039123,-0.1734455525875091,-0.8417651653289795,0.3823029398918152,0.2627186775207519,-0.1252967417240142,-1.1999207735061646,0.247536301612854,0.1704616248607635,0.2441152334213256,0.1721053123474121,0.704698920249939,-0.3422385454177856,-0.2607019543647766,0.0875810459256172,-0.2855316996574402,0.2547450661659241,-10.516351699829102,0.1059780791401863,-0.4225786030292511,-0.3998930752277374,-0.3504877388477325,0.3931498527526855,0.6256321668624878,0.5662823915481567,-0.1955859363079071,0.1214233934879303,-0.0340548641979694,0.0915949419140815,-0.0144770285114645,0.6837878823280334,-0.5207838416099548,-0.3065536618232727,-0.2305571138858795,-0.0215277168899774,-0.0403221026062965,-0.2391912043094635,0.1143146902322769,-0.284472644329071,0.5086359977722168,0.7366798520088196,0.5462241768836975,-0.4084236323833465,-0.2611879706382751,0.0024734144099056,-0.2027534991502761,0.5919749736785889,-0.6013648509979248,0.5325713157653809,0.0364352501928806,0.3010843992233276,-0.1525362879037857,0.2529691159725189,-0.4028312265872955,0.6683297157287598,-0.0390014834702014,0.4041423201560974,0.3153025507926941,0.4241274297237396,-0.025679500773549,-0.0304168835282325,0.1748992651700973,0.2391737103462219,0.469064712524414,0.0111696710810065,0.5418323874473572,-0.2422156333923339,-0.1271032989025116,0.1338433921337127,0.0682288780808448,-0.0943486765027046,0.4556112885475158,-0.0305458642542362,0.6394035816192627,-0.6745585203170776,-0.031642060726881,0.0643760710954666,0.3380284905433655,-0.0773757696151733,0.3833673596382141,0.444365918636322,0.30074143409729,0.4105566740036011,0.5217416882514954,0.3653739690780639,-0.9130431413650512,-0.2377991825342178,0.1625676453113556,0.471616268157959,-0.0950486809015274,0.3251329064369201,-0.2567318379878998,0.3133965134620666,0.3614666759967804,-0.2959363758563995,0.0550640672445297,-0.0280053783208131,0.2839506864547729,-0.3029759228229522,0.0833558365702629,0.2407184094190597,-0.621874213218689,0.0487202405929565,-0.0832330659031868,-0.04812478646636,0.259869247674942,-0.4461257457733154,0.2382365614175796,0.0838035121560096,-0.5344372987747192,0.5065318942070007,0.4480125904083252,0.0181824807077646,-0.121032990515232,0.2265196144580841,0.4854059219360351,-0.0247120037674903,0
-0.0149877360090613,0.3426769971847534,0.4623859524726867,-0.3554399311542511,0.0091274492442607,0.6618406772613525,0.1951523125171661,-0.2396581023931503,-0.4444754123687744,-0.1827227771282196,0.5209539532661438,0.1730155646800995,-0.6196035146713257,0.1404881924390792,0.5132349729537964,0.1737845987081527,-0.3120463192462921,-0.6830262541770935,-0.2992185056209564,-0.4754159152507782,-0.6570587158203125,-0.2371847629547119,-0.4595005214214325,0.5020307302474976,0.1441138982772827,-0.2808882892131805,0.1217440888285636,0.0792015567421913,0.3035068809986114,0.0027106134220957,-0.4275893270969391,0.0907872691750526,-0.2588570713996887,-0.2338602244853973,-0.9867423176765442,0.276292622089386,0.050355777144432,0.0885476171970367,0.3632901608943939,-0.3627595901489258,-0.1941446959972381,-0.1605356782674789,-0.3700659275054931,-0.3750253617763519,-0.2483099102973938,0.6654846668243408,0.2313049286603927,0.819068968296051,0.1738766580820083,0.0656130239367485,-0.8370702266693115,0.6947112679481506,0.7480019927024841,0.4514322876930237,0.2318936437368393,-0.3312331140041351,1.015491604804993,-0.8308776021003723,-0.0848540142178535,0.4809921681880951,-0.645912766456604,-0.6732072234153748,-0.234513983130455,0.0733444020152092,-0.3282077312469482,0.3936397135257721,-0.0638629496097564,-0.3292004466056824,0.536948025226593,-0.7775346040725708,0.0607947260141372,-0.0928475633263588,0.1753753125667572,-0.3691109716892242,0.6081851720809937,-0.2325772494077682,0.0727094337344169,-0.2064403891563415,0.3570404648780823,0.1760935336351394,-0.3528442978858948,0.369598776102066,0.1409347653388977,-0.8854309916496277,-0.4363400340080261,0.1027286797761917,-1.0179592370986938,-0.837292492389679,0.2767000496387481,-0.4595479369163513,-0.0817015543580055,0.4773511290550232,0.007519225589931,0.2005749642848968,-0.0166614670306444,0.1566508412361145,-0.0779949054121971,-0.0951774790883064,-0.2370949387550354,0.0267146918922662,-0.2993299067020416,0.3233034610748291,0.7522308230400085,0.0068190735764801,-0.1519595086574554,0.0345862209796905,0.3848066627979278,0.4200064241886139,0.098389521241188,-0.0936878249049186,-0.4720677733421325,-0.1212833374738693,-0.1973010301589965,0.2047078907489776,0.1411681026220321,-0.1088073775172233,-0.1892007738351822,0.9237459301948548,-0.3852867782115936,0.5796400308609009,0.0944772586226463,0.1896635591983795,0.1111279502511024,-0.4151480197906494,-0.0694872438907623,0.5983453392982483,-0.1415249854326248,0.0978972464799881,0.0410010293126106,-0.1004894450306892,-0.2991488873958587,-0.4025841057300567,-0.0164039433002471,0.3534916639328003,-0.5260623693466187,1.2283673286437988,-0.2244506031274795,0.0765232220292091,-0.0737055167555809,-0.2727737426757812,-0.0585512220859527,-0.0310435388237237,-0.0232067182660102,-0.5313083529472351,0.0519007891416549,0.0108369626104831,-0.2780006527900696,0.277635782957077,0.2593176364898681,0.3213565647602081,-0.3444222211837768,1.093152642250061,-0.841853141784668,0.5513249039649963,0.1278959512710571,0.4638628363609314,-0.8808659911155701,0.1042006090283393,-0.0150721734389662,0.3151246905326843,0.558089554309845,-0.0840441212058067,0.116535946726799,0.3633397817611694,0.1666690856218338,0.2095424979925155,0.4191429018974304,0.2301488518714904,-0.0343953259289264,0.7848494648933411,0.0133691970258951,0.2242077887058258,0.494509607553482,0.0107841501012444,-0.2488577961921692,0.5083412528038025,0.6135032176971436,0.2785378992557525,0.3220740258693695,-0.6031707525253296,-0.1944110244512558,-0.1303745359182357,0.1805382519960403,-0.5818662047386169,0.5049217343330383,0.1986110955476761,0.17250457406044,0.0734794586896896,-0.3149480819702148,0.3488928973674774,-0.4993847012519836,0.2639189064502716,0.0061834868974983,-0.4102965593338012,0.1499632149934768,-0.1302878707647323,-0.0084929326549172,0.2006398886442184,-0.4637864232063293,0.6827632784843445,-0.3404931724071502,0.0878527238965034,0.1947034746408462,-0.3911747336387634,-1.1677377223968506,-0.4520846605300903,0.0527911819517612,0.3294262886047363,0.1653970927000045,0.2996103465557098,-0.1203152611851692,-0.0954563841223716,0.6408179998397827,0.4311859905719757,0.4346443116664886,0.449687659740448,-0.3896526396274566,-0.6636355519294739,0.3691421747207641,-0.3566398024559021,0.1852210909128189,-0.1530519276857376,0.3258348405361175,0.3796568512916565,-0.2231402993202209,0.2904431223869324,0.4231206476688385,-0.3935362994670868,-0.0435153208673,-0.3882896602153778,-0.745520293712616,-0.5186846256256104,-0.5147489905357361,0.2219499796628952,-0.3809527456760406,-0.1098536774516105,-0.2312915623188018,0.0003869516367558,-0.4905474483966827,1.0002295970916748,-0.2249712795019149,-0.2573557794094085,0.4575501978397369,-0.6509654521942139,0.3344342410564422,-0.1541479974985122,0.1290643066167831,0.010463417507708,0.1442183703184127,-0.3279061019420624,-0.1211918145418167,-0.188820868730545,0.4974009394645691,-0.5681779384613037,0.3575790226459503,0.0333760567009449,0.503294825553894,0.3237673938274383,0.0723577961325645,-0.4420556128025055,-0.5371488332748413,-0.3140820860862732,0.1807093173265457,0.3378261029720306,-0.1192496865987777,0.1368023753166198,0.7877927422523499,0.0908126756548881,-0.9684470891952516,-0.0998358726501464,0.3979451358318329,-0.0688488632440567,-0.1910756379365921,-0.1954508125782013,-0.3618651330471039,0.4524732530117035,-0.2168654799461364,0.5847981572151184,-0.3602504432201385,-0.0503872074186801,-0.2209274470806121,0.3947578370571136,-0.5066893100738525,-0.444104254245758,-0.0103911189362406,0.1221906468272209,-0.3433168530464172,-0.2393041849136352,-0.3064939081668854,0.2467644661664962,0.5200371742248535,-0.3279435932636261,-0.4480000734329223,-0.0189489629119634,-0.198753535747528,0.4159750044345855,0.4742785692214966,-0.0881566405296325,-0.0475145429372787,-0.0440452694892883,0.3886546194553375,0.3908783495426178,0.3057033717632293,0.2082714885473251,-0.0729542523622512,-0.0424165911972522,-0.337746113538742,0.2022224515676498,0.4407874941825866,-0.823017418384552,0.2011470049619674,0.5651970505714417,-0.3588217198848724,0.3107360601425171,0.3738210201263428,0.3193834125995636,-1.1931208372116089,-0.2704735994338989,0.2216946333646774,0.6075376868247986,0.159315213561058,0.1978257298469543,0.2062104493379593,0.1403739154338836,-0.3720744550228119,-0.3585504591464996,0.8648363947868347,0.0659020915627479,-0.3007746338844299,-0.3785754442214966,-0.0826502814888954,-0.2219062000513076,0.5215591788291931,-0.9534410238265992,-0.0834104865789413,0.2433367520570755,0.3524664640426636,0.1647117584943771,0.2910740673542022,-0.5914299488067627,0.0410671532154083,0.2427249699831009,-0.3035160303115845,0.2838326692581177,-0.2501269876956939,-0.0480695702135562,-0.0896350815892219,0.9950762391090392,0.7887899875640869,1.0104866027832031,-0.0887877121567726,-0.250724047422409,0.0971530899405479,0.1008769273757934,0.3558062314987182,-0.0325462892651557,-0.1558918505907058,-0.1970375776290893,-0.1460841596126556,0.1636411845684051,0.2919920682907104,0.1077034994959831,0.2098646610975265,-0.4489476084709167,-0.4491980969905853,-0.0420045182108879,0.7013677358627319,-0.5907173752784729,0.2945115864276886,-0.0777525678277015,0.5457109212875366,0.0672812014818191,0.0533918365836143,-0.3771753013134002,0.2759509980678558,-0.3550205528736114,-0.2194848954677581,-0.3358380198478699,-0.9720107913017272,-0.1820096671581268,-0.4473017752170563,-0.4588359594345093,-0.1638283282518386,-0.6420525908470154,-0.0032827397808432,-0.5607671737670898,-0.3630448877811432,0.1990308314561844,0.1357791721820831,-0.4158211350440979,0.6014797687530518,0.2479672580957412,0.3417133390903473,-0.2878944873809814,-0.4701927006244659,0.3251686692237854,-0.4506331086158752,0.4847620725631714,-0.1116959527134895,0.524183452129364,0.0088274534791708,-0.3105255365371704,-0.3208428919315338,0.0095014236867427,-0.6184468865394592,-0.3499607145786285,-0.5175096988677979,-0.1839210540056228,0.3050692975521087,0.2851020693778991,-0.112538032233715,0.2025941908359527,0.3959015309810638,0.2899321913719177,-0.6767727732658386,-0.3431613743305206,-0.1797090470790863,0.2423042058944702,0.0990549251437187,0.2075308710336685,0.1962100118398666,-0.1188954785466194,0.3689835965633392,0.1047221943736076,0.1340633332729339,0.0754093080759048,0.0275487657636404,-0.6822118163108826,1.0637348890304563,-0.1134570240974426,0.5467464327812195,0.448219358921051,0.1876593977212906,0.8425748944282532,0.0673052966594696,-0.7742260694503784,0.0076976553536951,-0.4923385381698608,-0.0485440827906131,0.8956089615821838,0.7592154145240784,0.2959153056144714,-0.2419967800378799,0.2604493796825409,0.1320051252841949,-0.1902482807636261,0.1872733980417251,-0.1925294399261474,-0.1186722069978714,0.1852725595235824,0.3228504657745361,0.921173930168152,0.1608368456363678,0.5070762634277344,0.2409175932407379,0.4916652143001556,-0.534197211265564,0.3189723193645477,0.1626026630401611,-0.0664033517241478,-0.1973530650138855,0.0025274243671447,-0.4576280117034912,-0.3111893832683563,-0.2610379457473755,-0.1842556893825531,0.3338940739631653,0.4536929130554199,0.1975132077932357,-0.0383004806935787,-0.6281810402870178,-0.7769720554351807,-0.5893242955207825,-0.070256732404232,-0.3870482146739959,-0.1469971239566803,0.0750766098499298,0.3157796263694763,-0.5916723608970642,0.6546115279197693,0.6248717308044434,-0.3211802542209625,0.0055170734412968,-0.5529016256332397,-0.4873392581939697,0.4283872246742248,-0.1383926123380661,-0.0917968302965164,0.7369806170463562,0.6555874347686768,-0.6677703261375427,-0.1593672335147857,-0.2632240951061249,0.2004117667675018,0.4200588762760162,-0.5924617648124695,0.3296926915645599,0.129378855228424,-0.3897230327129364,-0.417405366897583,0.0022384440526366,-0.3319479525089264,-0.0081404596567153,-0.0240236222743988,0.0873785242438316,0.3232053220272064,-0.2814133465290069,0.6528149843215942,0.790490448474884,-0.6648526787757874,-0.020712649449706,0.3473923504352569,-0.5879963040351868,-0.1971362084150314,-0.0607264749705791,0.1865244060754776,0.0412281826138496,-0.116971343755722,0.3457569479942322,-0.0312663465738296,-0.0174805633723735,0.0435160361230373,-0.5185756087303162,-0.6769084334373474,-0.054881777614355,-0.610305905342102,0.472474992275238,-0.1173844933509826,0.7720797657966614,-0.2557682693004608,-0.1775780618190765,-0.0256141275167465,0.2045241892337799,-0.1941218227148056,0.3372165560722351,-0.1847430914640426,-0.9047858715057372,-0.0794723108410835,-0.3170604407787323,-0.7091203331947327,0.4124630093574524,0.0582338161766529,-0.7887524366378784,-0.098650150001049,0.3551047146320343,0.0102367913350462,-0.242303267121315,0.116921953856945,0.062654010951519,-0.0176444426178932,0.3213180899620056,-0.1939999312162399,-0.0603659935295581,0.4585168659687042,-0.2007528990507125,0.022899268195033,0.5527371168136597,0.3452186286449432,0.3432667255401611,0.4160006642341614,-0.3079337775707245,0.2661779820919037,-0.2079492360353469,-0.0749089196324348,0.7551522254943848,0.4783582985401153,-0.592917263507843,0.3449760675430298,0.2371346801519394,-0.3293731212615967,0.2244998663663864,1.0520933866500854,0.1484056562185287,0.3097779154777527,-0.0437082648277282,0.0611180923879146,-0.9513407945632936,0.2123210281133651,0.1881416738033294,0.2277380526065826,0.2918050587177276,0.0834023803472518,-0.0014403456589207,-0.0551130399107933,0.7694004774093628,0.0727185904979705,-0.2714166343212127,0.1879269778728485,-0.1048803701996803,-0.6263681650161743,0.6898261904716492,0.5390300154685974,-0.2155968695878982,-0.0764025598764419,-0.1890562027692794,0.6996145248413086,0.8938059210777283,-0.0665719360113143,0.3328691720962524,-0.3939813375473022,-0.5765682458877563,0.1790326684713363,0.4071750938892364,-0.1752116233110427,0.5228461623191833,-0.3745390474796295,-0.148373931646347,0.5143778324127197,0.5461006164550781,-0.2491494119167328,0.0192249193787574,-0.3519068658351898,0.0830893069505691,-0.1927620321512222,-0.1128482669591903,0.1680920124053955,-0.0439570434391498,0.1638510525226593,-0.3045089244842529,-0.4961265921592712,0.3022651374340057,0.7288524508476257,0.323639303445816,-0.1440609842538833,0.1745352298021316,0.1834521293640136,0.0695781856775283,-0.0563662685453891,0.4742709994316101,0.2309766560792923,-0.0651225596666336,0.351684033870697,-0.2145527452230453,-0.1549986749887466,0.0940711423754692,0.2015820741653442,0.1905131936073303,-0.4763668477535248,0.0383218340575695,-0.1185016930103302,-0.3670614063739776,-0.3785718083381653,-0.4896770715713501,0.2424191087484359,-0.3901940584182739,0.0442771613597869,0.2214472144842147,0.0389717072248458,-0.4449895918369293,-0.3634026348590851,-0.0102324476465582,0.641425371170044,-0.699776828289032,-0.5218290090560913,0.2035616338253021,-0.4883787631988525,-0.3103563189506531,-1.0472222566604614,0.3843615651130676,-0.2032504975795745,0.6178995966911316,-0.0959323868155479,-0.1677322536706924,-0.3225674927234649,-0.0264734979718923,-0.3383935391902923,-0.3431787490844726,-0.4921528100967407,-10.152724266052246,0.0163439437747001,-0.1788731962442398,-0.8032626509666443,-0.2792569696903229,-0.1570535153150558,0.6180543899536133,0.9071914553642272,-0.6380276679992676,0.1383503377437591,-0.3009938597679138,0.173756793141365,0.0991098955273628,0.3247064054012298,-0.0489207170903682,-0.2378490567207336,-0.082207441329956,-0.2224522978067398,-0.07107874751091,0.183995634317398,0.0504444874823093,-0.4571080505847931,0.6181772351264954,0.497568815946579,0.1399777829647064,-0.1674801558256149,-0.2222035378217697,-0.1658069640398025,0.0806193798780441,0.1150566786527633,-1.4870638847351074,0.8954907059669495,-0.2657121121883392,0.2552492022514343,-0.3394634127616882,0.55817711353302,0.1819306015968322,0.3992338180541992,-0.6821871995925903,0.1423955857753753,0.3865610957145691,-0.1911573857069015,-0.1590210944414138,-0.5206336975097656,-0.0559801086783409,-0.109455332159996,0.1111391261219978,0.153666004538536,0.3791558146476745,-0.4712498188018799,-0.2772104442119598,-0.096596211194992,0.2987937927246094,-0.5492576956748962,0.256033182144165,-0.4031501412391662,0.1699052900075912,-0.8144837617874146,0.0343398228287696,0.309020459651947,0.5866708755493164,0.5489675998687744,0.4041467607021332,0.5539620518684387,0.2354296892881393,0.4935889542102813,0.1809508204460144,0.1363430619239807,-0.1299617141485214,0.2711228430271148,-0.1058481261134147,0.3551924228668213,0.0241930093616247,0.3834601938724518,-0.1138808727264404,0.1878934800624847,0.1890290826559066,0.0669361054897308,0.3733950555324554,0.1044148579239845,0.3317143023014068,-1.0021179914474487,-0.0106408251449465,-0.0058843963779509,-0.4461108148097992,0.284768134355545,0.0607134811580181,-0.2743965685367584,0.387766569852829,-0.8141157627105713,0.2509658336639404,-0.0569013692438602,-0.0501915924251079,0.2117868661880493,0.4402596056461334,-0.1030540987849235,-0.044392067939043,0.2432492524385452,-0.0127666490152478,-0.3455879986286163,0
0.1059571653604507,0.3400538563728332,0.2309443056583404,-0.5771924257278442,0.3838703334331512,0.2666478753089905,-0.1735000908374786,0.1951106339693069,-0.0843930467963218,-0.3147010803222656,0.8027382493019104,-0.2645193636417389,-0.1719714552164077,-0.3638120293617248,0.4976372718811035,-0.0530947782099247,0.3921075463294983,0.034434974193573,0.0571922846138477,0.0535839758813381,-0.2755184173583984,-0.8965079188346863,-0.2734876871109009,0.6938999891281128,0.353704422712326,-0.6102827191352844,0.1340668350458145,0.5534462928771973,0.1715666949748993,0.0417400822043418,-0.7571069598197937,-0.2751629054546356,-0.5032557249069214,0.2917308807373047,-0.4609568119049072,0.2657385766506195,0.2567656636238098,-0.2057435065507888,-0.1637833714485168,-0.3165516257286072,-0.0615312047302722,-0.0047376514412462,0.1095427945256233,-0.1818056851625442,0.113456904888153,0.099284790456295,-0.2168059945106506,0.1542026847600937,0.5288239121437073,-0.1707174777984619,0.0193405617028474,0.3253199160099029,0.2735639810562134,-0.2362971305847168,0.0093983169645071,0.1325944364070892,0.7681185603141785,0.0570726096630096,-0.2052086293697357,-0.2216740101575851,-0.3640479445457458,-0.0021080868318676,-0.3836055696010589,0.1155076995491981,-0.3564522564411163,-0.0704809054732322,-0.2865083515644073,-0.0657990276813507,-0.63179612159729,-0.3985957503318786,-0.3286933004856109,0.2192962765693664,-0.1271819323301315,-0.0750274062156677,0.6588200926780701,-0.1309004724025726,-0.262359619140625,0.1577576845884323,0.4839895069599151,-0.4926526546478271,-0.8461741805076599,0.4437356293201446,-0.439153254032135,-0.2883462905883789,0.1821458339691162,-0.0146640660241246,-0.3787900507450104,-0.4052824378013611,0.2969857156276703,-0.0586355999112129,0.0902661606669426,0.3410567045211792,0.1275450438261032,-0.2217815071344375,-0.3090598583221435,0.3730552792549133,0.2873484492301941,-0.5103719830513,-0.3562077581882477,0.1969900876283645,-0.0006037247367203,-0.0352663025259971,0.2951134443283081,0.1048066020011901,-0.0245320107787847,-0.087751604616642,0.0103533407673239,0.2079409509897232,0.088148646056652,-0.166606068611145,-0.5467268824577332,-0.6684709191322327,-0.070369154214859,0.0593598149716854,-0.0870667472481727,-0.1695784032344818,-0.1780161559581756,0.4334149062633514,-0.5036294460296631,0.1156553998589515,0.0042271176353096,-0.0527548938989639,-0.1981828212738037,-0.0797740742564201,-0.0224983748048543,0.3282719254493713,-0.0090785780921578,-0.1147875860333442,-0.2434912025928497,-0.3864939212799072,0.0551508329808712,-0.0266456268727779,-0.2535417079925537,0.2476914077997207,-0.3482769727706909,0.2774668037891388,0.0815193578600883,-0.100045345723629,-0.3195858001708984,-0.6961678266525269,-0.2319762855768203,0.1287014782428741,-0.1306047588586807,-0.108367346227169,-0.3012636303901672,0.1317061185836792,0.1703453958034515,-0.0821683555841445,0.5687766671180725,0.6305144429206848,-0.3826445937156677,0.7813477516174316,-0.1385732889175415,-0.6531199216842651,0.2466904670000076,0.1983786076307296,-0.7285078167915344,0.2113118171691894,0.0982494056224823,0.5660445094108582,-0.0644169524312019,-0.0212488081306219,0.0676087364554405,0.3937152028083801,0.2340177744626999,0.6167125701904297,0.2586544752120971,0.0978830307722091,0.1979928761720657,0.3845890164375305,-0.2289746254682541,0.4046419858932495,0.1383172869682312,-0.4629587531089782,-0.0180749148130416,0.238206997513771,-0.1637164056301117,0.1796968579292297,0.3807401061058044,-0.552869439125061,0.047571811825037,-0.2819766402244568,0.135278582572937,-0.1515090316534042,0.1951124817132949,-0.2231865972280502,0.0969530269503593,-0.1926213055849075,0.1001612693071365,-0.0401294231414794,-0.3744893968105316,-0.2877252399921417,0.2855384349822998,-0.1697675883769989,-0.1497691124677658,-0.0579272359609603,0.0490153431892395,-0.2826198637485504,-0.1906986385583877,0.3478758037090301,0.172385960817337,0.212730661034584,-0.2242172211408615,-0.1318263411521911,-0.9882841110229492,-0.048592522740364,0.029861444607377,0.3792737126350403,0.1659673452377319,0.2678952515125274,-0.2351045310497284,0.1906478106975555,0.3108884692192077,0.1774364411830902,0.0167052969336509,-0.0494879893958568,-0.6719102263450623,-0.4103013575077057,0.6472107768058777,-0.4403210878372192,-0.118621714413166,-0.2530803680419922,0.1957572102546692,0.4501052796840668,-0.1938936859369278,0.0424554236233234,0.3124758899211883,-0.041583988815546,0.0007571410387754,0.2262646108865738,-0.2040574550628662,-0.2400078922510147,-0.9391317367553712,0.0026036538183689,-0.4152588248252868,0.3876334726810455,-0.681658923625946,0.3880289196968078,-0.0324342958629131,0.196527674794197,0.3469210863113403,0.0634388998150825,0.0641265884041786,-0.2145391255617141,-0.1037872806191444,0.2776774168014526,-0.0539604909718036,-0.1479257494211197,-0.266260951757431,0.358363538980484,-0.6517946124076843,-0.7177068591117859,0.2591176033020019,-0.5843756198883057,0.3382629454135895,0.121803417801857,0.0525153949856758,0.0511007942259311,0.1032933518290519,-0.2415840327739715,-0.2410765141248703,-0.7802421450614929,-0.017749723047018,-0.1794995665550232,0.0293822959065437,0.0887054055929184,0.2524709105491638,-0.4165751039981842,-0.2814168632030487,0.0799126252532005,-0.0191104691475629,-0.2916401624679565,-0.1803065687417984,0.1164290830492973,-0.6932247281074524,-0.0767013356089592,-0.0529033094644546,0.5940852165222168,-0.6380890607833862,-0.0908126831054687,-0.758761465549469,0.6661263704299927,-0.661527693271637,0.1103249564766883,-0.1251478046178817,0.1523359417915344,-0.2009061425924301,-0.6525549292564392,0.0550641119480133,0.2237908244132995,0.6273515224456787,-0.4230823516845703,-0.426233559846878,-0.352253794670105,-0.2910065054893493,-0.0513292327523231,0.4960323870182037,0.1077206954360008,-0.1669824570417404,-0.0206979569047689,0.2043613195419311,0.2179169505834579,0.2041508704423904,-0.3387033641338348,-0.2892106473445892,-0.3300189673900604,-0.0662595033645629,-0.2987061142921448,0.8422017693519592,0.0322278626263141,-0.0874947980046272,0.9466583132743835,-0.5454639792442322,0.0870389193296432,0.5819045305252075,0.2000969499349594,-2.047168493270874,-0.1033317819237709,0.05845333263278,0.4854371547698974,-0.3314176201820373,0.3784265518188476,0.354712426662445,0.5397021770477295,-0.0863233655691146,-0.3490740656852722,0.6388276219367981,0.7761021256446838,-0.2194031774997711,-0.4746674597263336,0.2453248053789138,0.0650144889950752,0.2697949111461639,-0.6023880243301392,-0.1580047011375427,0.1618616133928299,0.1444800645112991,0.083244152367115,-0.1922890245914459,-0.5669565796852112,0.2928471565246582,-0.2410579621791839,0.2577365934848785,0.434993714094162,-0.4438458085060119,-0.0917096361517906,0.3795478641986847,0.4857932329177856,0.5103922486305237,1.0124081373214722,-0.2783331274986267,0.1552206575870514,0.5012499690055847,0.4235322773456573,0.3322260975837707,-0.0334758572280406,0.0160164404660463,-0.1646855920553207,0.479555070400238,0.3866126239299774,0.4413031339645386,0.1791224926710128,0.6388351321220398,0.0984200313687324,-0.0413713119924068,0.4633150398731231,0.2384280264377594,0.3008832335472107,0.5992024540901184,0.4029504954814911,0.439857006072998,0.0989842861890792,-0.3794116675853729,-0.2716012597084045,0.3487310409545898,-0.3229025900363922,-0.2052622735500335,0.2634295523166656,0.3249772787094116,-0.3106406927108764,-0.4349835813045501,0.0747896060347557,0.2361587136983871,-0.3890628218650818,-0.2196258902549743,-0.4768176078796386,-0.6820852756500244,0.0887865275144577,-0.5716986060142517,-0.9163685441017152,0.0613403730094432,-0.0102463383227586,0.3357308804988861,-0.2484477162361145,-0.5951440930366516,0.3427809476852417,-0.396180123090744,0.0879837796092033,-0.0494026504456996,-0.1437525749206543,-0.2178219556808471,0.2060196101665496,-0.1418224573135376,-0.0009865944739431,-0.2737459242343902,0.2979185283184051,0.034730739891529,-0.0665253251791,0.2084787636995315,0.2208558022975921,-0.1145813688635826,0.1445261389017105,-0.0466415882110595,-0.2929684221744537,-0.2494706660509109,0.2093340307474136,-0.8327392935752869,0.1250572502613067,0.0105184288695454,0.0124474354088306,0.4486328661441803,0.1652565598487854,0.6687241196632385,-0.1654854714870453,-0.1891048550605774,0.2979645729064941,-0.0415671057999134,-0.3798434436321258,0.7898012399673462,0.022899093106389,0.2413435131311416,-0.2352110147476196,0.1407174319028854,0.4582234919071197,-0.4627985954284668,-0.3111014664173126,0.290492832660675,-0.0453866571187973,-0.276922345161438,-0.1090871393680572,0.1479161530733108,0.9469146728515624,-0.5337070822715759,0.4899646937847137,0.1442008018493652,-0.180379718542099,0.1259381026029586,-0.2053383737802505,-0.2272995412349701,-0.3227701187133789,0.3168374896049499,0.2461184114217758,0.5081591606140137,-0.0795721188187599,0.1354317218065261,0.6793567538261414,-0.0565627962350845,0.1801158338785171,0.6301148533821106,0.2520212531089782,-0.2277378290891647,-0.6106905341148376,-0.4821702241897583,-0.1590699553489685,-0.4832443594932556,0.2742177844047546,0.1704631149768829,-0.1025941520929336,-0.2147477865219116,-0.1614643782377243,-0.27772918343544,-0.1435036212205886,-0.3160096406936645,0.0644951313734054,0.3289828300476074,0.2703443765640259,0.4721486568450928,0.1399042606353759,-0.284279465675354,0.2281328588724136,0.1522262096405029,0.5974050760269165,0.414104700088501,-0.2239081263542175,-0.3233785927295685,0.1999104470014572,-0.0716648027300834,-0.2649140954017639,-0.1928761899471283,0.4473563134670257,-0.0654338002204895,-0.0852353498339653,0.2112231850624084,0.2126767337322235,-0.3635460138320923,0.3620560467243194,0.005001884419471,-0.0368710272014141,-0.4408215880393982,-0.796744704246521,-0.5997400879859924,-0.2538684904575348,0.2107051759958267,-0.5933626890182495,0.0352531261742115,0.0279194302856922,-0.019096391275525,-0.0312988795340061,0.0073923463933169,-0.2650518119335174,-0.0674720406532287,0.5596599578857422,0.46162149310112,-0.2523075640201568,-0.0654356852173805,0.1910900920629501,0.109083354473114,0.0888506323099136,0.5516899228096008,0.0808266699314117,0.1234796270728111,-0.1668127179145813,-0.6386042237281799,0.1584585756063461,-0.1135457009077072,-1.1642258167266846,0.1972486227750778,0.0009148342069238,-0.0134316449984908,-0.2050182819366455,0.0905603840947151,0.1139087900519371,-0.2253737300634384,0.0325983650982379,0.2289625257253646,-0.087312713265419,-0.7382491827011108,0.4090926349163055,-0.0950387418270111,-0.4141454994678497,-0.0854952707886695,0.1996116489171981,-0.4759863317012787,-0.0396056026220321,-0.0349299237132072,0.1682693362236023,-0.1657952070236206,0.3649616539478302,-0.3950811922550201,-0.2567009329795837,0.4965659081935882,0.0296402070671319,0.1355801224708557,0.2577840983867645,-0.4003247022628784,0.1220423653721809,0.4047800600528717,0.7447879314422607,0.2780249118804931,-0.0576530434191226,-0.0606102645397186,-0.1945437788963318,-0.6275726556777954,0.5117283463478088,0.6967383027076721,0.3208017945289612,-0.3727966248989105,0.3812443315982818,0.3662632703781128,-0.507493793964386,0.6383531093597412,1.1102690696716309,0.3562947511672973,0.3124137222766876,-0.0839640274643898,0.0297488383948802,-0.7996014356613159,0.0840087383985519,-0.0400531142950058,0.6436910033226013,-0.0840645506978035,-0.0463601313531398,0.5039343237876892,0.1580976992845535,-0.2768726050853729,0.1814708858728408,0.2368687838315963,0.0980499610304832,0.26227867603302,0.2389337420463562,0.6560611724853516,0.189102366566658,0.1351083219051361,-0.2778794467449188,0.0363457612693309,0.0640146434307098,0.5191914439201355,-0.2345632314682006,0.3239462673664093,-0.1593889147043228,-0.94009131193161,-0.4990561902523041,-0.1031642332673072,0.3380523025989532,0.3726098537445068,0.2413626611232757,-0.395672857761383,0.1770281791687011,0.4501660466194153,0.0364853106439113,-0.3136026263236999,-0.4997383952140808,0.0284145474433898,-0.1361332386732101,-0.1611880511045456,0.1359979063272476,-0.4097647964954376,0.5148715376853943,0.097862534224987,0.3833812773227691,0.4241642355918884,0.7933186292648315,0.1569468528032302,0.0939410477876663,0.4693675339221954,0.0077596451155841,-0.3924800753593445,0.2216277569532394,0.3095201253890991,-0.1817280203104019,-0.0709444209933281,0.2518294751644134,-0.1703017652034759,-0.0868276730179786,0.1354048103094101,-0.2165524810552597,0.5541257858276367,-0.0624028109014034,-0.5181902647018433,-0.2939152717590332,-0.2121781110763549,0.0148552320897579,-0.7585910558700562,-0.1129884794354438,-0.2627875804901123,0.2011488974094391,-0.0096868593245744,-0.3735319375991821,-0.4186031520366668,-0.1606371849775314,-0.3655887246131897,0.3483074307441711,-0.2857531309127807,-0.337914228439331,-0.0186379961669445,0.629578709602356,-0.5196065306663513,-1.205642819404602,0.4386274814605713,0.2140254378318786,0.6964661478996277,-0.2597257196903229,0.3156619966030121,-0.1779707372188568,0.2723940312862396,0.1679078489542007,-0.2602838277816772,0.1538334041833877,-10.47197151184082,-0.01582682877779,-0.4364051222801208,-0.2119185626506805,-0.1538925170898437,0.5954983830451965,0.2159894108772277,0.0540154762566089,0.0241162832826375,0.2674185037612915,0.466568261384964,0.3982570767402649,0.5198328495025635,0.560923159122467,-0.440689355134964,-0.1870642453432083,-0.0151860360056161,-0.2911134362220764,0.1745216697454452,0.3801847100257873,0.3455916345119476,-0.1749753952026367,0.4759343862533569,0.5878525972366333,0.0819604843854904,-0.3523178994655609,-0.4849379658699035,0.1386933922767639,-0.3309721052646637,0.2567238211631775,-0.299211323261261,0.2453407347202301,-0.4839208424091339,0.6034390926361084,-0.3368691802024841,0.0910930037498474,-0.1722019463777542,0.1448059380054474,0.1254611611366272,0.456928551197052,0.1785778105258941,0.0831786543130874,-0.0092899361625313,0.0365067012608051,0.257893830537796,0.4729359447956085,0.1236770153045654,0.1346370428800583,0.2615242302417755,0.1386225074529647,-0.0942716002464294,-0.5109432935714722,0.3946022093296051,-0.2368938773870468,0.1176411658525466,0.3680230975151062,0.3773775994777679,-0.6562960147857666,0.0522089526057243,-0.1633338332176208,0.0603837557137012,-0.2444898188114166,0.5168721675872803,0.2117209136486053,0.136465698480606,0.0634612739086151,0.5022547841072083,0.5422195196151733,-0.2557250261306762,-0.1038306578993797,0.1844304949045181,-0.03320849314332,-0.2522164285182953,-0.1746121793985366,-0.293649822473526,0.6714987754821777,-0.3955292403697967,0.2074478268623352,-0.2823221087455749,-0.017865115776658,0.3507514894008636,-0.2120216935873031,-0.5207259654998779,0.6787790656089783,-0.1957950592041015,-0.2379001528024673,-0.2160743474960327,0.2369860559701919,0.7229220867156982,-0.6137766242027283,0.2694832384586334,-0.3009182214736938,-0.0321903079748153,0.247115209698677,0.4210285246372223,0.286464512348175,-0.2624143362045288,0.3637314438819885,0.3997511267662048,0.1564647257328033,0
0.8996260166168213,0.3091306984424591,0.8128196001052856,-0.2528380453586578,-0.1021915450692176,0.498119443655014,0.1280118227005005,0.3840456306934356,-0.290893018245697,-0.49491748213768,0.3341619670391083,-0.803521990776062,0.1989378482103347,0.1809910237789154,0.1721638590097427,0.1530837565660476,-0.01554202940315,-0.4074300825595855,-0.0606828145682811,-0.570345938205719,-1.0546220541000366,-0.0369774103164672,-0.2991218566894531,0.2889216542243957,0.164684921503067,-0.317931592464447,-0.2962252497673034,-0.4271906316280365,0.4819767773151397,-0.1961931735277176,-0.4648936688899994,-0.0252728480845689,-0.4996964633464813,0.420471578836441,-0.5736588835716248,0.4704953730106354,-0.1890293210744857,-0.4815788865089416,-0.1681751310825348,-0.4406565129756927,0.1583725810050964,-0.3773936331272125,-0.0615124627947807,-0.0439044535160064,-0.2498262971639633,0.6917619109153748,0.0302302464842796,0.1576395183801651,0.2645204663276672,-0.2304853945970535,-0.4334127604961395,0.5702952146530151,0.2433650940656662,0.0413600355386734,0.1607748717069625,-0.3356172144412994,0.5277810096740723,-0.6633083820343018,-0.152849331498146,0.2852748930454254,-0.1861856877803802,-0.4667502641677856,0.5344983339309692,0.0556747764348983,-0.0427642874419689,0.2617135047912597,0.2389733344316482,-0.3032140135765075,0.5039264559745789,-0.4780051112174988,-0.3234815895557403,-0.0611474849283695,0.1538707166910171,-0.7275570034980774,0.4141207039356231,-0.1881037652492523,-0.1657401919364929,0.6868111491203308,0.4237031936645508,0.0694168955087661,-0.15147764980793,0.3234793245792389,0.2861833274364471,-0.4032003879547119,-0.1320907473564148,0.2482378929853439,-0.0742134675383567,-0.8614476323127747,0.4737623631954193,-0.5372330546379089,0.2122320532798767,0.528571367263794,0.1825357377529144,-0.1868368089199066,-0.1269278526306152,0.0509512424468994,0.1526120901107788,-0.1859646290540695,-0.184329092502594,0.4229695796966553,-0.2293413132429123,0.0226301215589046,0.5044824481010437,0.1653891503810882,0.0982902199029922,-0.0306381434202194,-0.3704431056976318,0.3076728582382202,-0.0213690157979726,-0.1750111877918243,-0.814728319644928,-0.1683972030878067,-0.6698461174964905,0.1157899871468544,0.6152269840240479,0.0175114721059799,-0.4292435050010681,0.5626465082168579,-0.1703510880470276,0.8910979628562927,0.2701065242290497,0.4711628258228302,0.5260424017906189,-0.1019001081585884,-0.1460152119398117,0.4655564129352569,0.111426368355751,0.1392479240894317,-0.1978039294481277,-0.4805182814598083,-0.1417904049158096,-0.3801599442958832,-0.4309259057044983,-0.1052948832511901,-0.1312112659215927,0.8661500215530396,-0.1172980070114135,-0.1050710901618003,-0.0886020734906196,-0.3388873040676117,-0.2612992823123932,-0.0580046474933624,-0.0454300120472908,-0.4789079427719116,0.3125255405902862,0.2268348336219787,-0.6365393996238708,-0.4465288519859314,0.0886500403285026,0.3683957159519195,-0.2486686557531356,0.9401832818984984,-0.5585260391235352,-0.3164741992950439,0.297910213470459,0.4510190784931183,-1.0740251541137695,0.0129828741773962,0.0004862471541855,0.411834180355072,0.3133655786514282,-0.4941574037075043,0.2592560052871704,0.3563391864299774,0.2305641621351242,0.103045143187046,0.6448560357093811,0.2651421129703522,-0.247644692659378,0.4879533648490906,0.4013620018959045,0.4365999102592468,0.3123576641082763,0.1468756049871444,-0.2140146046876907,0.5567857623100281,1.2289366722106934,-0.026782626286149,0.0012881067814305,-0.5752584338188171,0.1059619709849357,-0.0029120447579771,0.3110544085502624,-0.3856780230998993,0.4334426522254944,-0.1182776242494583,-0.2915705442428589,0.1608136445283889,-0.072502925992012,0.4139984846115112,0.0047096842899918,-0.430829793214798,0.3365592062473297,-0.4927613139152527,0.0282448381185531,-0.5528544187545776,-0.1863062977790832,-0.0200989916920661,-0.6821146011352539,0.3971534669399261,0.0563734620809555,0.0408522970974445,0.1567983478307724,-0.5989828109741211,-0.796501636505127,0.1134212240576744,0.027827488258481,0.4852899312973022,0.0698265060782432,0.4077881872653961,-0.019125685095787,0.1330146342515945,0.2972253561019897,-0.0215060953050851,0.1030815616250038,0.171573519706726,-0.1311210095882415,-0.284414678812027,0.5811503529548645,-0.2709708511829376,0.2741950154304504,-0.2463198006153106,0.1566730737686157,0.0616434067487716,-0.0260170232504606,0.3482306599617004,0.1172711625695228,-0.0490546934306621,-0.314342588186264,0.6526536345481873,-0.7907117009162903,-0.6642009019851685,-0.6164801120758057,-0.1173263266682624,-0.5155933499336243,-0.2548924088478088,-0.4165508449077606,0.0543952211737632,-0.5302118062973022,0.40133997797966,-0.0904225930571556,-0.4339526295661926,0.0731585398316383,-0.479508638381958,0.3593266606330871,0.1972244828939438,-0.1946451216936111,0.017105221748352,-0.269402801990509,0.0862214192748069,-0.198182612657547,-0.5656488537788391,-0.1888728588819503,-0.354779839515686,0.4441421329975128,0.3750664591789245,0.766671359539032,-0.3710583448410034,0.2083147019147873,-0.4456469118595123,0.0860977172851562,-0.8170363306999207,0.0769248455762863,0.3513203561306,-0.0356194153428077,-0.166098415851593,0.1119831353425979,-0.3100745975971222,-0.5340006351470947,-0.622278094291687,0.4798263013362884,-0.1230681911110878,-0.0381958819925785,0.1979717463254928,0.2617088854312897,0.1837843954563141,-0.5938850045204163,0.4249916672706604,-0.3400745689868927,0.1601413190364837,-0.2728180289268493,0.0994215533137321,-0.4922556281089782,-0.1917393207550048,-0.1536792814731598,-0.2748197317123413,-0.2930305898189544,0.0337580181658268,-0.1702262908220291,0.7822957634925842,0.2697502970695495,-0.1400968730449676,-0.5411432981491089,-0.0572116486728191,-0.5610448122024536,-0.1291662752628326,0.7431551218032837,0.3014249801635742,-0.452632337808609,-0.4046013057231903,0.4500130414962768,0.6757626533508301,0.135520339012146,0.2148144990205764,0.0892589092254638,-0.207424521446228,-0.0733067616820335,0.1040553078055381,0.3896326124668121,-0.3187504410743713,0.0655990913510322,1.1923129558563232,-0.1171466186642646,0.5989602208137512,0.9556357264518738,0.544395387172699,-1.6782699823379517,-0.3916419744491577,0.0014779843622818,0.1307417452335357,-0.1554650664329528,-0.1166988387703895,-0.0808823630213737,0.0940475463867187,-0.8276590704917908,-0.5042532682418823,1.090511441230774,0.1155750453472137,0.1315013766288757,-0.3727914988994598,0.3981382548809051,0.0329233407974243,0.0450891628861427,-0.6065407395362854,0.2720471322536468,0.7782520055770874,-0.4689254462718963,-0.0488193221390247,0.094886802136898,-0.3240226209163666,-0.1345252990722656,0.3212295770645141,-0.3163370490074157,0.2511508762836456,-0.834790050983429,-0.1968224793672561,0.0689413249492645,0.9339554309844972,1.2918037176132202,0.4057271778583526,-0.4614667892456054,-0.4832341372966766,-0.1834317445755005,0.1000155135989189,0.2590244710445404,-0.0870351344347,-0.1093441024422645,0.1271936893463134,0.4873737394809723,-0.0320596061646938,0.2221729010343551,-0.166737362742424,-0.1329420059919357,0.3178064525127411,-0.2758162021636963,0.5954948663711548,0.2119780331850052,0.1278131306171417,0.323974460363388,0.3315382599830627,0.766826868057251,0.609129011631012,0.1792228668928146,-0.5119333863258362,-0.0035511823371052,-0.9237940311431884,-0.5944127440452576,-0.2400341778993606,-0.0967190489172935,0.1302774548530578,-0.3996402621269226,-0.1698950976133346,-0.1951818466186523,-0.3738597929477691,-0.1108545884490013,-0.588168203830719,-0.2051149010658264,-0.0299755353480577,0.0370233356952667,-0.6169729828834534,0.8132262825965881,0.2277850657701492,0.7616967558860779,-0.616658091545105,-1.1370680332183838,-0.4573794305324554,-0.237596109509468,-0.4578257501125335,-0.3201003074645996,-0.1855138689279556,-0.2295157313346862,0.1111964955925941,-0.318417340517044,-0.6739270091056824,-0.2216023355722427,0.058868508785963,-0.6556429862976074,-0.378350019454956,-0.1487606316804886,0.7303617596626282,-0.0365097522735595,0.0632442235946655,0.2219742536544799,0.487446129322052,-0.8681427836418152,-0.3377704322338104,-0.1462146639823913,0.2023088634014129,0.0439344458281993,0.3587334752082824,0.2622006237506866,0.2861323356628418,0.4014990329742431,0.1970389485359192,0.1061320230364799,-0.1377430409193039,-0.5159696340560913,-0.5932892560958862,0.9534472823143004,-0.081591360270977,0.1399165987968444,0.1915999948978424,-0.0744230523705482,0.7734968662261963,-0.5617730617523193,-0.8592780232429504,0.4876095354557037,0.2977454662322998,-0.1380865424871444,0.4558654427528381,0.5775498151779175,0.4232170879840851,0.3908433020114898,0.0845097601413726,-0.2765150070190429,0.2230672836303711,0.201519027352333,0.1332793086767196,0.3520592153072357,0.0628231912851333,0.0176427587866783,0.6789966225624084,0.4158684909343719,0.0663650929927825,1.0772100687026978,0.5288994908332825,-0.3778293430805206,0.0120796980336308,0.4826789498329162,0.2990498542785644,-0.5171462297439575,0.3976214528083801,-0.3374395072460174,0.1875073760747909,-0.032633326947689,0.2225691825151443,0.5198246836662292,-0.1943885236978531,0.3462714850902557,-0.7454146146774292,-0.5752946138381958,-0.6530497670173645,-0.848182737827301,0.205743983387947,-0.462834894657135,-0.3372204601764679,0.3662903010845184,-0.250895082950592,-0.6353670358657837,0.7550002336502075,0.7012744545936584,0.0287930592894554,0.1100168973207473,0.2691152393817901,-0.0733719915151596,0.4137720167636871,-0.2698908746242523,-0.0663285478949546,0.0250661373138427,0.0347682535648345,-0.536447286605835,-0.7331361770629883,0.0786415487527847,0.2486796230077743,0.1830600798130035,-0.157535582780838,0.5040473341941833,-0.0335959494113922,-0.4722133576869964,-0.2453527748584747,-0.2878164649009704,-0.0298260450363159,-0.4148827791213989,-0.0274765025824308,0.0963166430592536,-0.1060289591550827,0.0353896617889404,0.4749165177345276,0.1501387953758239,-0.3997215926647186,-0.3326436579227447,0.800883948802948,0.4445643424987793,-0.1058531329035759,0.1445542126893997,-0.2014622837305069,-0.3957587480545044,-0.120203398168087,0.0163898188620805,-0.0712101235985755,-0.2096087038516998,-0.1268476098775863,-1.1557925939559937,-0.5636153221130371,0.0252002477645874,-0.7066406011581421,0.4370876252651214,-0.0116956550627946,0.7330087423324585,-0.3837392628192901,-0.0687164589762687,-0.1173766776919364,0.2671984434127807,-0.1687735170125961,0.2398446202278137,-0.6290227174758911,-0.8164359331130981,0.0999794974923133,0.0774521082639694,-0.6943603157997131,1.1157360076904297,0.703531801700592,-0.6906356811523438,0.6147692799568176,0.5530051589012146,0.3604829013347626,-0.1618944257497787,0.1612962782382965,-0.1407632082700729,-0.4543521106243133,0.1971175819635391,-0.3167899250984192,0.3723170459270477,0.3434690237045288,-0.2144945114850998,0.076069563627243,0.1802986413240432,0.5865650177001953,0.4358901977539062,0.1296750903129577,-0.4759871065616607,-0.192739650607109,-0.4091520607471466,0.2284842729568481,0.1778477728366851,0.2953329086303711,-0.887520968914032,0.295780211687088,0.4661567211151123,-0.9197500348091124,0.0638210177421569,0.7043699622154236,0.3571096658706665,0.6623934507369995,-0.0423906557261943,0.2605584263801574,-0.548196017742157,0.0680386200547218,0.2348044514656067,-0.133400872349739,0.0163578670471906,0.2674150764942169,0.0607450455427169,0.2238460034132003,0.4691660404205322,-0.376796543598175,0.2277629524469375,-0.2875585258007049,0.2124310880899429,-0.2101158052682876,0.4803756475448608,0.2481251657009124,-0.0825944244861602,-0.2186831980943679,0.341552585363388,0.77198725938797,0.7390316724777222,0.2732816040515899,0.91193825006485,-0.7184966206550598,-0.7051556706428528,-0.1747894287109375,0.3211914002895355,0.1363484412431717,0.4629741013050079,-0.2581116557121277,-0.1373345553874969,0.7522771954536438,0.6411548256874084,0.0041262367740273,-0.4813120663166046,-0.5005176067352295,0.3669726550579071,-0.5301382541656494,-0.0577765777707099,0.2198533713817596,0.3304245471954345,0.4320104718208313,0.7655171155929565,0.2924074530601501,-0.0945353731513023,0.8797865509986877,0.2127290368080139,-0.1420626491308212,0.1037622094154357,0.1581369638442993,0.004461791832,0.0895058512687683,0.3232583403587341,0.1360075771808624,-0.4351491332054138,0.8354864120483398,-0.3747408986091614,-0.1311335116624832,-0.6711912155151367,0.1263243556022644,0.4335865974426269,-0.3729515373706817,0.1452236771583557,-0.6109450459480286,-0.1696145385503769,-0.5450453758239746,-0.9752492308616638,-0.1897464990615844,-0.0556456297636032,0.0849890857934951,-0.0549978911876678,-0.1293467432260513,-0.6496821641921997,-0.7524209022521973,-0.0617382936179637,0.0236525237560272,-0.8504140973091125,-0.6978855133056641,0.4988569319248199,0.1435454785823822,-0.0441159158945083,-1.5019553899765017,0.6313759088516235,0.00969351362437,0.8324211239814758,-0.0872243046760559,0.5307509899139404,-0.2110508978366851,-0.2419714033603668,-0.1674674600362777,-0.3999531269073486,0.1122317761182785,-10.03463363647461,0.4555798470973968,-0.11639054864645,-0.6310561895370483,-0.1221621558070182,-0.0201925635337829,0.8681378960609436,0.752472460269928,-0.1830032020807266,0.1347827464342117,-0.097346507012844,0.0974884927272796,0.0456096269190311,0.1636317074298858,-0.2736517786979675,-0.3437954485416412,-0.4241583049297333,-0.3491268754005432,0.0531329363584518,0.1151241064071655,-0.6264861226081848,-0.4849890768527984,0.4312911033630371,0.1057759597897529,0.1457791030406952,-0.2705399096012115,-0.157117947936058,0.1829400360584259,-0.0397707968950271,0.4376445710659027,-0.8504396080970764,0.4655724465847015,-0.0845106989145279,0.1191367954015731,-0.2895234823226928,0.5758408904075623,0.0372167117893695,0.3853086829185486,0.031125096604228,0.0896248519420623,0.3678065240383148,0.1888299584388733,-0.236845850944519,0.0448492355644702,0.1814131587743759,-0.0544901490211486,0.5027063488960266,-0.0799727812409401,0.9434120059013368,-0.2761289179325104,-0.1612160950899124,-0.0811537206172943,0.1431497037410736,0.0287773385643959,0.4472229480743408,-0.0666476711630821,0.5208355784416199,-0.4717322289943695,0.2053517550230026,-0.0504164546728134,0.1736468374729156,0.3201076090335846,0.2754861712455749,1.0767241716384888,0.4562741219997406,0.2047084718942642,-0.0030156166758388,0.2278249710798263,-0.8441799283027649,0.3127299547195434,0.0576669164001941,0.6247402429580688,-0.249056190252304,0.3325887024402618,0.1887722313404083,0.4921607673168182,0.0451239123940467,-0.147628366947174,0.0978325605392456,-0.3591217398643493,0.4536371529102325,-0.7238763570785522,0.1801098436117172,0.621484100818634,-0.3106263279914856,0.2804722189903259,0.2936161458492279,-0.3379209637641907,0.0926949605345726,-0.7599039673805237,0.5068497657775879,-0.2925465404987335,-0.5442866086959839,0.2033270001411438,0.1205046698451042,0.0144687555730342,-0.2139573246240615,-0.0491808243095874,0.4830029010772705,-0.2587377727031708,1
0.2399881780147552,0.498018354177475,0.8955079913139343,0.005041497759521,-0.2969804406166076,-0.1288875639438629,0.8377258777618408,-0.2465835809707641,-0.6963340044021606,-0.3838145136833191,0.5023658871650696,-0.2319454699754715,-0.2090045362710952,0.0123188756406307,0.3375872373580932,0.0955833196640014,-0.2994687259197235,-0.3320967853069305,0.105328544974327,-0.3356218636035919,-1.199247121810913,-0.4857733249664306,-0.014517749659717,0.0603932812809944,0.0599503107368946,-0.78136146068573,0.1385903805494308,0.0701314210891723,0.1482769697904586,-0.4499062299728393,-0.5657681226730347,0.0919201374053955,-0.1736220568418502,0.0030534949619323,-0.4910091757774353,0.6131080389022827,0.015275546349585,-0.0971176624298095,0.5189294815063477,0.1481046974658966,0.0030237135943025,-0.1044567003846168,0.0200241766870021,0.041071742773056,-0.100732646882534,0.4264664351940155,0.132814809679985,0.496850311756134,-0.1855993121862411,-0.1612194776535034,-0.3438955247402191,0.3898206353187561,0.5209559798240662,0.1577526032924652,0.192417174577713,0.0655715242028236,0.8847101330757141,-0.6201813220977783,0.2481703907251358,0.445669949054718,-0.4492683410644531,-0.5545591711997986,0.2076460719108581,0.0906073600053787,-0.3409030437469482,0.4919306635856628,-0.5973501801490784,-0.1568299680948257,0.4562695026397705,-0.5391255617141724,0.0492937266826629,-0.2538284361362457,0.144734114408493,-0.7692111730575562,0.5159355401992798,-0.4594015777111053,0.1821346580982208,-0.1125316768884658,-0.0764267742633819,0.1738098114728927,0.2126527577638626,0.2442357540130615,0.0553750321269035,-0.6869986653327942,-0.3677364289760589,0.6940591335296631,-0.9101846218109132,-1.0816364288330078,0.8663680553436279,-0.2362627536058426,-0.1768848001956939,0.3000737726688385,0.1569752246141433,0.0842565894126892,0.670451819896698,0.6204149723052979,0.0854531079530716,0.2576430439949035,0.0282056499272584,0.2926505506038666,-0.3810499310493469,-0.2817577421665191,0.3634460270404815,-0.3957997858524322,-0.4156117737293243,0.2613184750080108,-0.18729268014431,0.3636125922203064,0.0976108461618423,0.4044984877109527,-0.2066918462514877,-0.9868265986442566,-0.2262287437915802,0.1464495509862899,0.5395494699478149,0.2332690209150314,-0.1634886115789413,0.3493140339851379,-0.2618437111377716,0.2535730302333832,0.1716625392436981,0.5832396149635315,-0.0342006832361221,-1.1091642379760742,0.0796048045158386,0.3212693035602569,-0.0885724648833274,0.0260915197432041,-0.1137551367282867,-0.1529953628778457,-0.4824707508087158,-0.6091140508651733,-0.3289887309074402,-0.0974496304988861,-0.60126131772995,0.651743471622467,0.6650561094284058,0.5216874480247498,0.0827017351984977,-0.281015008687973,-0.6038870811462402,-0.0620010271668434,0.4018469750881195,-0.3225410282611847,0.6033268570899963,-0.0102281784638762,-0.4963041245937347,-0.4260859787464142,0.162226527929306,0.1483174860477447,-0.1598769277334213,0.80233234167099,-0.7591325640678406,-0.061724979430437,0.1537837088108062,0.451979249715805,-0.7278866171836853,0.169708713889122,0.2764085531234741,0.1890266835689544,0.7832756638526917,0.3377169668674469,0.1770556718111038,0.7063726782798767,0.3589708805084228,0.3684092462062835,0.3855596780776977,-0.3533316552639007,0.0153440618887543,0.4558740854263305,0.3503834903240204,0.2179538458585739,0.7681988477706909,0.1386443674564361,-0.5556210279464722,0.6621384024620056,1.071463704109192,-0.3012385964393616,-0.2049427926540374,-0.5722112059593201,-0.2706075012683868,-0.2144170552492141,0.5491052269935608,-0.7793207168579102,0.5074599385261536,-0.0006776891532354,0.000281504180748,-0.2342703640460968,0.1572796255350113,0.6060560941696167,-0.4203536808490753,-0.5844647288322449,0.2661496698856354,-0.5123875737190247,-0.2070800513029098,-0.2717030048370361,-0.2051060050725937,0.2209423929452896,-0.9210068583488464,0.3236485123634338,0.4330968856811523,0.073336474597454,-0.1983409821987152,-0.4938555061817169,-0.6892940998077393,0.0602587014436721,-0.0897126719355583,0.3994076550006866,-0.1870185732841491,0.0892463326454162,-0.2997252643108368,-0.1554416865110397,0.3474860787391662,0.2821784913539886,0.4196942150592804,0.155134379863739,-0.1165054142475128,-0.1757172346115112,0.3276111483573913,0.0551695227622985,0.3733872175216675,-0.1666144132614135,0.0150819709524512,-0.2423607110977172,0.1224497780203819,0.5370935797691345,0.3706514537334442,-0.6751798391342163,-0.2304879873991012,0.4684117436408996,-0.6569773554801941,-0.8943758010864258,-0.5819957852363586,-0.1027029827237129,-0.5708690881729126,-0.5742595195770264,-0.4286757409572601,0.2313897460699081,-0.5876480937004089,0.527140200138092,-0.1354325413703918,-0.3490617573261261,0.2205250561237335,-0.5164347887039185,-0.2158338129520416,0.1988855898380279,0.1232568025588989,-0.1676084250211715,-0.6289826035499573,-0.2826015055179596,-0.2267360836267471,-0.2499215751886367,0.1019749343395233,-0.3679527044296264,0.5211003422737122,0.7176828384399414,0.8670651316642761,-0.1786787658929824,0.3087609708309173,-0.3622464835643768,-0.4940388202667236,-0.6561098694801331,0.0756227597594261,0.1844679564237594,-0.096898503601551,0.04713986068964,-0.1329451650381088,-0.2873137891292572,-0.9781805872917176,-0.319053590297699,0.3318533599376678,-0.2461916804313659,0.0173809994012117,-0.1850131452083587,0.4622901380062103,0.1793286204338073,0.2592511773109436,0.7661769390106201,-0.3640256524085998,0.27199786901474,-0.3022246360778808,0.2611386179924011,-0.611751914024353,0.1417306810617447,-0.1542247682809829,0.4245662093162536,-0.510331392288208,-0.5345093607902527,-0.533447265625,0.716960072517395,0.4460596144199371,-0.6074992418289185,0.2070235908031463,-0.1222982481122016,-0.5591508150100708,0.4849247932434082,0.3392638266086578,0.0201661754399538,0.2770930826663971,-0.0716230198740959,0.6288016438484192,0.2935670912265777,0.8059220314025879,-0.0894927382469177,-0.2002018988132476,-0.1224767044186592,0.1709357798099517,0.7128282785415649,0.1837633997201919,-0.802681028842926,0.6803693771362305,0.3822384774684906,-0.5349481105804443,0.3936195373535156,0.5953669548034668,0.587542712688446,-1.3823076486587524,-0.1753514409065246,0.6864405870437622,0.7565538883209229,-0.6600862741470337,-7.142586582631338e-06,0.2971343398094177,0.3123375475406647,-0.1888991296291351,-0.2407542616128921,1.2328671216964722,-0.0909240394830703,-0.0652929991483688,-0.222514733672142,-0.0749331563711166,-0.3393189311027527,0.2482902556657791,-0.3786711990833282,0.0935624241828918,0.4356390237808227,-0.5850790143013,-0.1831747442483902,-0.3180065453052521,-0.2905949354171753,-0.424087792634964,0.6385433673858643,-0.5369762778282166,-0.1305275112390518,-0.0190998502075672,-0.4493971765041351,-0.1478213220834732,1.0692458152770996,1.1102465391159058,0.1682927459478378,-0.8284353017807007,-0.7258700728416443,0.1027304828166961,-0.3827482461929321,-0.0908938646316528,-0.5365722179412842,0.1473941653966903,-0.2610086500644684,-0.2499143332242965,-0.0199813451617956,0.0439121536910533,0.1047793179750442,-0.2141801863908767,0.1834008693695068,-0.3466436266899109,0.388646125793457,1.0327752828598022,0.0349547788500785,0.3688464760780334,0.6388689279556274,0.672288179397583,0.3386959135532379,0.065013088285923,-0.8786070346832275,0.0681200474500656,-0.5904049873352051,0.495224267244339,-0.088651955127716,-0.7305606603622437,0.907346785068512,-0.0863807573914527,0.1661152392625808,-0.3564050495624542,-0.511898934841156,0.2590500712394714,-0.4335880279541015,-0.0134439598768949,0.183345764875412,0.1517754644155502,-0.1977767348289489,0.7999216914176941,0.4202208518981933,0.6377631425857544,-0.4777056872844696,-0.7689921259880066,-0.1673790961503982,-0.3213671445846557,0.1558387279510498,0.3721858263015747,0.5082894563674927,-0.0948093011975288,-0.1153046339750289,0.0159989353269338,0.2064537405967712,-0.95878005027771,0.0685359314084053,-0.651793360710144,0.0704318657517433,0.0730981156229972,0.2113152742385864,0.031522374600172,0.0527812577784061,0.3189178705215454,0.5808015465736389,-0.7783799767494202,-0.1613888293504715,0.1788643896579742,0.3199944794178009,0.3388553261756897,0.6496179699897766,0.5549226999282837,0.0590652748942375,0.5409660339355469,-0.2235772311687469,0.3465896248817444,0.1655871570110321,0.1747461408376693,-0.5205464959144592,0.9497072100639344,-0.4511545896530151,-0.0876128524541854,0.1544488072395324,0.0602484680712223,0.5611934661865234,-0.4675502181053161,-0.8076052069664001,0.4199115633964538,-0.1826090663671493,0.561552107334137,1.1829746961593628,-0.0805006995797157,0.2960154712200165,-0.0464479625225067,0.1875627934932708,-0.2053208500146865,0.3647632896900177,-0.1009399890899658,-0.6398433446884155,0.427743911743164,0.1481426209211349,0.2722767889499664,1.4112900495529177,0.0862573981285095,0.2672679126262665,0.1452893763780594,0.241290807723999,-0.3223082423210144,-0.0955208763480186,-0.3009140789508819,0.1278165876865387,-0.1152070388197898,0.8357356786727905,-0.6288214921951294,0.0530882254242897,-0.1288283914327621,0.0524586625397205,0.6772114038467407,0.4081891775131225,0.0012743080733343,-0.3657405972480774,-0.5746895670890808,-0.413478672504425,-0.4503512978553772,0.0139700667932629,-0.6152694225311279,-0.0508028306066989,-0.2447485029697418,0.0497177429497242,-0.9581451416015624,0.4678661227226257,0.4893801808357239,0.0627292096614837,0.1946627050638198,-0.5680791735649109,-0.1699132323265075,0.5439184904098511,-0.685943603515625,-0.636755108833313,0.270639419555664,0.0615531913936138,-0.3260607123374939,-0.957592248916626,-0.1974907964468002,-0.3581154346466064,0.2891275584697723,-0.4286392629146576,0.1623032540082931,0.0123498197644948,-0.565133810043335,-0.1754132211208343,-0.5328487753868103,-0.3943957686424255,-0.0778370648622512,-0.1529422849416732,-0.0435021519660949,-0.2341650277376175,0.0455569177865982,0.8609870076179504,0.5781028866767883,-0.3404849469661712,-0.0678211376070976,0.6001311540603638,0.0134011348709464,-0.3031742870807647,0.1346807926893234,-0.144233226776123,-0.5261630415916443,0.4355503916740417,0.5091544985771179,-0.0833733230829238,0.2180920392274856,0.2670896351337433,-0.7991225719451904,-0.4180024862289428,-0.3345060050487518,-1.050958514213562,0.4238246083259582,-0.3562321662902832,0.8672330975532532,-0.5954985022544861,0.4309892952442169,-0.4024232923984527,0.3909869194030761,0.0171622540801763,0.4163903295993805,-0.4857703149318695,-1.3232897520065308,-0.3382763564586639,-0.2781261503696441,-0.6342113614082336,1.0885275602340698,-0.1200270429253578,-0.7550294399261475,0.2689781486988067,0.2818595767021179,0.183319553732872,-0.2465816736221313,0.2268478572368621,-0.0390494316816329,-0.0169130768626928,0.008017498999834,-0.1576659828424453,0.3537449538707733,0.3585444390773773,0.178397536277771,-0.0097616231068968,0.8249403238296509,0.3854309320449829,0.1550318151712417,0.1726711988449096,-0.452601820230484,0.2316302210092544,-0.0850178897380828,-0.2921363413333893,-0.1442154943943023,0.4841728210449219,-0.4870316684246063,0.5140367150306702,0.3830854296684265,-0.8019239902496338,-0.1514890193939209,1.1948102712631226,0.2635453939437866,0.6823922395706177,0.0765335336327552,-0.0981333404779434,-0.6144131422042847,0.0781684964895248,0.595352292060852,-0.1323657780885696,-0.447791576385498,0.1941670179367065,-0.136386290192604,-0.0078218821436166,0.7715087532997131,-0.0365745723247528,-0.1183796897530555,0.3819184601306915,0.0633423402905464,-0.3294958472251892,0.9611512422561646,0.0925962179899215,-0.3062328100204468,0.0292535964399576,-0.0550469979643821,0.420026034116745,0.4790914952754974,0.1943640857934951,0.4590746760368347,-0.0140517381951212,-0.5848106741905212,0.0721693634986877,0.396188884973526,-0.2210362255573272,0.891806423664093,-0.3367661237716675,-0.2763691842556,0.6258436441421509,0.3863765597343445,0.1282980144023895,-0.0149681763723492,-0.7286804914474487,-0.2715208828449249,-0.6282907128334045,0.0671744421124458,0.1371153444051742,0.4392257630825043,0.3184598386287689,0.1893894374370575,-0.4350124895572662,0.3687155544757843,0.321261316537857,-0.1682348549365997,-0.3007729351520538,0.0684005171060562,0.2578999996185303,0.2626895010471344,0.1784130334854126,0.2423498481512069,0.0831109434366226,-0.4748173952102661,0.7601574063301086,-0.2581839859485626,-0.1072468012571334,-0.09479521214962,0.175308957695961,0.59159916639328,-0.2410508245229721,0.3209672570228576,0.0749908313155174,-0.0473887808620929,0.0560566000640392,-0.4479458630084991,0.1063652485609054,-0.20023974776268,0.0028138619381934,-0.2556470036506653,0.084066055715084,-0.6800851821899414,-0.8131122589111328,-0.0201230570673942,0.40631964802742,-0.4025742411613464,-0.5078088641166687,0.4864073097705841,-0.1204340755939483,-0.5760420560836792,-1.5662147998809814,0.5193831324577332,0.0815850645303726,0.0106269372627139,0.0105899330228567,-0.22087924182415,-0.2326550334692001,-0.1760053634643554,0.2459411770105362,-0.6746455430984497,-0.3293901979923248,-9.807195663452148,-0.0124987848103046,-0.5163050889968872,-0.1690342277288437,-0.1281996369361877,-0.4532968699932098,1.1393678188323977,0.8253955841064453,-0.536453127861023,0.3240262567996979,-0.5628291368484497,0.2936359345912933,0.5911865830421448,0.3530381917953491,0.4281627237796783,-0.3939273357391357,-0.067873790860176,0.0666920915246009,0.3080798983573913,0.1399819999933242,-0.1826901137828827,-0.1620252579450607,1.0195213556289673,0.314514696598053,0.0664615780115127,-0.6188612580299377,-0.1658964902162552,0.6420120000839233,-0.2043704092502594,0.2019911706447601,-0.9699943661689758,0.9677385687828064,-0.1644393503665924,0.0563455335795879,-0.4271545708179474,0.1414322853088379,-0.0807258337736129,-0.0451164245605468,-0.8572476506233215,0.4816361367702484,0.0363676100969314,-0.0011551573406904,0.2120583206415176,-0.0737558528780937,0.4536486566066742,-0.2475725561380386,-0.1137004643678665,0.2647754549980163,0.3160045444965362,-0.0187130738049745,-0.1756884008646011,0.2808996438980102,0.6086269021034241,-0.5372304916381836,0.3729364573955536,-0.7106446623802185,0.3599810898303985,-0.9493100047111512,0.2192019671201706,-0.2922466993331909,0.0507802776992321,0.1272028684616089,0.5295270085334778,0.747220516204834,-0.0787647441029548,0.5490385890007019,-0.0020413962192833,-0.6292516589164734,-0.6555565595626831,-0.1589002907276153,0.3971392512321472,0.1711445152759552,0.0227958634495735,-0.240527719259262,0.1442629247903823,0.4694149494171142,-0.0082037206739187,0.3554873168468475,0.7015735507011414,-0.2771918177604675,0.740035355091095,-0.510673463344574,0.3534307181835174,0.5597468018531799,-0.7759509682655334,0.3758062124252319,0.1695676892995834,-0.1911898702383041,-0.021022655069828,-0.7556512355804443,0.4545226097106933,-0.2344045490026474,-0.2773563861846924,0.0750988349318504,-0.168514609336853,0.1701342612504959,-0.0815538763999939,-0.1397444307804107,0.0923962071537971,-0.5649541020393372,1
-0.0856139063835144,0.3027404546737671,0.3669186234474182,-0.6814694404602051,0.3297995328903198,0.0454889684915542,0.2218133807182312,-0.7682287693023682,-0.337525725364685,-0.0522257834672927,1.1015594005584717,0.21847964823246,-0.3838752508163452,-0.2123934179544448,0.4367238879203796,-0.2453620135784149,0.151291087269783,0.0339847654104232,0.2916507422924042,0.3077291846275329,-0.0198747999966144,-0.4483415484428406,0.1574766635894775,0.0342278815805912,0.4344768822193146,-0.3807896077632904,0.2596921920776367,0.277812123298645,-0.0901101753115654,-0.418382465839386,-0.5254157781600952,-0.5096697211265564,-0.1325471997261047,-0.6819524168968201,-0.4685939848423004,0.0107640344649553,0.2776504755020141,-0.0930416360497474,0.3177529871463775,-0.6709012985229492,-0.0258810464292764,-0.4022252857685089,-0.5119713544845581,-0.0841182693839073,-0.3940987884998321,0.2902397811412811,0.1680556088685989,0.4933351874351501,0.3307696580886841,-0.0048175216652452,-0.4122669994831085,0.0157610233873128,0.1017496511340141,-0.1696304976940155,0.1771547049283981,0.2155973315238952,0.1425612270832061,-0.2156663239002227,0.4506300985813141,-0.4192211329936981,-0.4732643663883209,0.1266322433948516,0.2424083203077316,-0.0053489748388528,0.2184441089630127,-0.3285507559776306,0.011664749123156,-0.2459060996770858,0.0898685306310653,-0.367957592010498,0.1826595515012741,0.2818451821804046,-0.2510223090648651,-0.5608129501342773,0.7321783900260925,-0.2871097326278686,0.0477445535361766,-0.143804058432579,0.2274472415447235,-0.020731933414936,-0.3133662045001983,0.5591081380844116,0.0929709523916244,-0.5192418098449707,-0.3144702017307281,0.2690961062908172,-0.5870404839515686,-0.6552212834358215,0.2982183992862701,-0.2152017951011657,-0.0642039477825164,-0.1888232678174972,0.524567186832428,0.4599678516387939,0.104787141084671,-0.0882977992296218,-0.0037960440386086,-0.2575737535953522,-0.4024617373943329,-0.1435191631317138,-0.1770374178886413,0.0251689981669187,0.4502564668655395,0.0915600061416626,-0.1645906716585159,-0.1081444174051284,-0.2303445488214492,0.5037304759025574,0.0884097814559936,0.189898282289505,-0.3030393421649933,-0.8202350735664368,-0.7094288468360901,-0.1776950806379318,0.0302248001098632,0.1115284487605094,-0.2761096358299255,0.3878727555274963,-0.357310950756073,0.3065911829471588,-0.04073366522789,0.4781016111373901,-0.2276632040739059,-0.1253330558538437,0.1908073723316192,0.6556953191757202,0.3247171640396118,-0.1454037427902221,-0.1425369828939438,-0.2756772935390472,0.170531690120697,0.150956854224205,-0.4044359624385834,-0.0706731379032135,-0.1817051470279693,0.914120316505432,0.0794043615460395,0.3807477355003357,-0.0916137248277664,-0.5636758208274841,-0.1963259130716323,-0.097884677350521,0.5790955424308777,-0.0075780861079692,0.1149022057652473,0.0790247023105621,0.3837598860263824,-0.0720137953758239,0.4383000433444977,0.4623019695281982,0.1348514109849929,0.8788867592811584,-0.6416813135147095,-0.0762286856770515,-0.2149868011474609,0.0227942802011966,-0.7291058897972107,-0.0222765281796455,0.4027470052242279,0.365028977394104,0.5013270378112793,-0.4399566948413849,0.0837064683437347,0.2441413253545761,0.1861059963703155,0.5454878807067871,-0.1619824469089508,0.2750949263572693,-0.106398619711399,0.7183594107627869,0.0730761960148811,0.3485654592514038,-0.0114014437422156,-0.5475484132766724,0.5888687372207642,0.3476619124412536,-0.0014983146684244,0.4036338925361633,0.6390729546546936,-0.8608365058898926,-0.1630634218454361,-0.0024138942826539,0.5420492887496948,-0.4917925894260406,0.0388116985559463,-0.4088805615901947,0.2654132544994354,0.1941015571355819,0.0586227290332317,-0.1470868438482284,-0.0321618840098381,-0.2781600952148437,0.1543288826942443,-0.0750309005379676,-0.308155745267868,-0.2243717610836029,-0.0064981845207512,-0.1883794665336609,-0.3119659125804901,0.497898519039154,-0.0815924555063247,0.2136083841323852,-0.6059392094612122,-0.7477071285247803,-1.017161846160889,-0.1262583285570144,0.0917839109897613,0.2662659883499145,0.4821018874645233,0.0067471014335751,-0.1680448949337005,0.0056664091534912,-0.2292087525129318,0.5273276567459106,0.554585337638855,0.204365462064743,-0.2589863538742065,-0.7423521876335144,0.38294318318367,-0.531102180480957,-0.2911733984947204,0.1879910826683044,0.6033507585525513,-0.0818633809685707,-0.5234019160270691,0.2946403324604034,0.1698342114686966,0.4869667589664459,0.0103170061483979,-0.121270552277565,-0.082862302660942,-0.8574336171150208,-0.9366674423217772,0.2915417850017547,-0.7288577556610107,-0.6778222322463989,-0.4595890641212463,0.4077232182025909,0.0429260022938251,0.4980226159095764,0.0673874616622924,-0.1362004876136779,0.4045020639896393,-0.0472320355474948,-0.5267682075500488,0.4470455348491668,0.0994912013411521,0.1814153492450714,-0.2907597422599792,0.3204728364944458,-0.3431348204612732,-0.4207225143909454,0.1113549247384071,-0.0382795520126819,0.6311809420585632,0.148698553442955,0.4469347298145294,-0.2690635025501251,0.1970650255680084,-0.2401768118143081,-0.1353106349706649,-0.1485098153352737,0.0754585638642311,-0.0879444628953933,-0.4556084871292114,0.089862510561943,0.2827452719211578,-0.0855266377329826,-0.1343803256750106,-0.4571804702281952,0.2401769161224365,-0.354278564453125,-0.431633859872818,-0.2759344279766083,-0.1666730493307113,0.2099359929561615,-0.4169577956199646,0.378483384847641,-0.2725290060043335,0.4607349336147308,-0.5169234871864319,0.084285207092762,-0.5873465538024902,-0.4674749076366424,0.2966253459453583,0.0025495616719126,-0.4381645619869232,-0.3572318255901336,-0.6641461253166199,0.4181482791900635,0.0939948856830596,-0.1425417959690094,0.0431831516325473,0.0150386923924088,-0.4124026894569397,0.0636208802461624,0.2241096049547195,0.0481088161468505,0.176868051290512,0.2552404701709747,0.5832952857017517,0.1007370799779892,0.5877561569213867,0.0242017712444067,0.0464593023061752,-0.7676129937171936,-0.1248633936047554,0.0771990492939949,0.6010870337486267,0.0247266087681055,-0.2712713778018951,0.9447319507598876,-0.7489818334579468,0.2506592869758606,0.135953664779663,0.4367978274822235,-1.495098114013672,0.0131861278787255,0.5323179364204407,-0.102852925658226,-0.7471565008163452,0.507615327835083,0.3318352401256561,0.0962553545832634,0.3812122046947479,-0.7551214098930359,0.9609646797180176,0.5201231837272644,-0.5961398482322693,0.055946372449398,0.3235549032688141,-0.0374620072543621,0.2710722982883453,-0.3802798390388489,-0.0210356954485178,0.3326102793216705,-0.0191518235951662,-0.3097909092903137,-0.2349867671728134,-0.0641908943653106,-0.3764366805553436,0.343098908662796,0.1995296627283096,-0.375200092792511,-0.4525650441646576,-0.2488757073879242,0.1547404527664184,0.8061370253562927,0.1624395996332168,0.7064308524131775,-0.2729265689849853,-0.1511628478765487,0.3329023122787475,0.1862139850854873,0.200586125254631,0.2554939389228821,-0.3850463926792145,-0.3098820745944977,0.3347499370574951,0.361523687839508,-0.0870125144720077,0.1171239390969276,0.1528488099575042,-0.1038216799497604,-0.1192361637949943,0.2617770731449127,0.5363943576812744,0.0101695992052555,0.7225885987281799,0.2978831827640533,0.6406195163726807,0.0519015379250049,0.2849850058555603,-0.131650686264038,0.3701099157333374,-0.0969279333949089,0.1586082428693771,0.2921102046966553,-0.5577245354652405,0.2546379268169403,-0.6377057433128357,-0.3063184916973114,0.0936555936932563,-0.4703540205955505,0.0321178324520587,-0.7390668988227844,-0.5060668587684631,0.2078623622655868,-0.2981998920440674,-0.6957095861434937,0.0993551909923553,0.2616294622421264,0.2987187206745147,-0.4003962576389313,-0.2963419556617737,0.1060797646641731,-0.0992017313838005,0.2736355066299438,0.5419669151306152,0.3739855587482452,-0.4211066961288452,0.0448349602520465,-0.5181245803833008,0.0826670452952385,-0.6936141848564148,-0.2677217423915863,-0.383261501789093,0.2166045606136322,0.1889267563819885,0.2173978835344314,0.3023224771022796,-0.0229302309453487,0.0330198034644126,0.2850047647953033,-0.2990836501121521,-0.281243085861206,-0.5148267149925232,-0.0175399519503116,0.0418958887457847,0.4428507089614868,0.1682018488645553,0.5866345167160034,-0.1339980065822601,-0.2395052313804626,-0.0600530207157135,-0.1720217168331146,-0.2590292990207672,-0.4191882014274597,0.5925400257110596,-0.499119222164154,0.1709434390068054,-0.3449665307998657,-0.187651976943016,0.7561108469963074,0.0184494275599718,-0.0132108628749847,-0.059505246579647,0.3456156253814697,-0.3011727035045624,0.6628479957580566,0.3642479181289673,0.6270030736923218,0.1451016515493393,0.4626243114471435,-0.1140733361244201,-0.3321375250816345,0.3589320480823517,0.1941020041704177,0.0849796682596206,-0.3432146310806274,0.4538672864437103,0.3895861506462097,0.0667229741811752,0.1206237524747848,-0.2706039845943451,0.2271634489297866,0.1138120144605636,0.1516936123371124,0.4108890891075134,0.1357777267694473,0.0202523935586214,0.2243836969137191,-0.3030886650085449,0.0355454385280609,-0.1587322354316711,-0.5160024166107178,0.377168595790863,0.1297372281551361,0.7772848606109619,-0.0366578288376331,-0.261188268661499,-0.1236316189169883,-0.5132138729095459,0.1705398112535476,0.0174008160829544,0.3707364201545715,0.4563246667385101,0.1628561466932296,-0.1116420328617096,0.0956767052412033,-0.0192905161529779,0.3449758291244507,0.4003334045410156,-0.6949408054351807,-0.2756004333496094,0.2021989971399307,0.1372125744819641,-0.213618129491806,0.3501915037631988,0.4667990803718567,0.0365966372191906,-0.6706831455230713,-0.0283549297600984,0.2135851383209228,-0.190956562757492,-0.0238711647689342,0.5539764165878296,0.0950358137488365,-0.405080497264862,-0.4016071259975433,-0.1804321706295013,-0.4135344922542572,0.0312788821756839,-0.7740210294723511,-0.1334511786699295,-0.1441936492919922,-0.1230553463101387,0.4897973239421844,0.6757205724716187,-0.2647826075553894,-0.1075671389698982,0.3639577627182007,0.1243473663926124,-0.3407701849937439,-0.2133015990257263,0.2421049922704696,0.1120901480317115,-0.0788217633962631,0.7013234496116638,0.0939735770225524,0.0872932374477386,-0.2220110744237899,-0.8722997903823853,-0.014730448834598,-0.3312730193138122,-0.6715047955513,0.3998863995075226,0.4080919027328491,-0.0314026027917861,-0.3807874619960785,0.3784060776233673,-0.2508357465267181,-0.0321762450039386,0.1282819062471389,0.2927811741828918,-0.1931432634592056,-0.6320376992225647,0.4118500649929046,-0.5573554039001465,-0.3576346039772033,0.5555919408798218,-0.0108105493709445,-0.5605550408363342,-0.3962640464305877,0.851229190826416,-0.2707313895225525,-0.6966133117675781,0.0828655660152435,-0.3445452451705932,0.4075336158275604,0.2907710373401642,0.2497482150793075,0.022274138405919,0.1677732020616531,-0.413716971874237,0.0447412133216857,0.4016182124614715,0.4781183004379272,0.4185684621334076,0.2431076169013977,-0.2999022305011749,-0.538670003414154,-0.3861302733421325,0.4347203969955444,0.4657771587371826,0.4297874867916107,-0.1842806935310363,0.6433473825454712,0.2819212675094604,-0.5115679502487183,-0.0157107375562191,0.9061012864112854,0.3945044577121734,0.4955160915851593,-0.270964503288269,-0.2355446815490722,-0.677909255027771,-0.207214742898941,0.0564181804656982,0.2725779414176941,-0.0311586055904626,0.1176105588674545,0.1472197324037552,-0.4705656170845032,-0.0960212871432304,0.0489034317433834,-0.1840121895074844,-0.1390171200037002,0.2962432503700256,-0.2824493050575256,0.2175894975662231,0.0727496445178985,-0.3005633950233459,-0.0962504372000694,-0.0384004265069961,0.1655012667179107,0.609464168548584,0.0690211355686187,0.0684956908226013,0.0257181767374277,-1.0587345361709597,0.150069385766983,-0.2817899584770202,0.1275911182165146,0.5404627919197083,-0.519490122795105,-0.4473960995674133,0.328666627407074,0.4846559166908264,0.2469245195388794,-0.2345707416534423,-0.9530141353607178,0.2122749388217926,-0.0079317297786474,-0.214523583650589,-0.1398910731077194,-0.1838672757148742,0.2315277159214019,0.0112296110019087,-0.3765881061553955,-0.0346077308058738,0.5069069862365723,0.1984091401100158,-0.0176820587366819,0.080408751964569,0.0829249992966651,0.1034894734621048,0.1476490348577499,0.005312358494848,-0.3207653760910034,0.1423270553350448,0.0827370509505271,-0.4855303466320038,0.1020215451717376,0.0394010730087757,0.1468502134084701,0.0044049210846424,0.0008566012256778,-0.101568266749382,-0.4670957028865814,0.2221581041812896,0.219469204545021,-0.6907543540000916,-0.3250841796398163,0.1754711866378784,0.2456356734037399,-0.2818418741226196,-0.1994318962097168,-0.295501708984375,-0.3789374232292175,0.0264950059354305,0.4407698214054107,-0.2681363523006439,-0.6744655966758728,0.1905244588851928,0.2442562580108642,-0.3992340862751007,-1.166637897491455,0.1879546195268631,0.1051671355962753,0.5228317975997925,-0.1778111606836319,0.2212239801883697,-0.0271224975585937,0.0788793116807937,-0.3335884511470794,-0.263842225074768,0.319792091846466,-10.34687614440918,-0.2445392608642578,-0.2152682244777679,-0.7266621589660645,-0.3729481399059295,0.7426549196243286,1.0151541233062744,0.1852973997592926,0.1042854934930801,0.449742704629898,-0.6860103607177734,-0.1766230463981628,0.5951161980628967,0.4106066226959228,-0.2663106620311737,-0.1016802638769149,-0.0034668704029172,-0.6642150282859802,0.1795505881309509,0.0461170300841331,-0.1884900033473968,-0.0931667685508728,1.0089739561080933,0.1814356446266174,0.3416405618190765,-0.6264241337776184,-0.2708079218864441,0.0426549650728702,-0.210851788520813,0.6428093910217285,-0.3691954910755157,0.3577160835266113,0.1492209732532501,0.3231947720050812,-0.3287265300750732,-0.556796133518219,0.1716228127479553,0.5961347222328186,-0.3429210782051086,0.4705701172351837,0.297382116317749,0.4094527065753937,0.4124684333801269,-0.1971236616373062,0.3920187354087829,0.7915369868278503,0.2637537121772766,-0.0732133835554122,0.67416912317276,0.0325515978038311,0.0336727239191532,-0.3718256652355194,0.180881842970848,-0.263271689414978,-0.1677557080984115,-0.2328212261199951,0.8392091393470764,-0.6221082210540771,0.0651988238096237,-0.1922184824943542,0.4242686033248901,0.0085694994777441,1.3570562601089478,0.3057126998901367,-0.6723946928977966,0.0006032192613929,0.2600163221359253,0.2273668944835662,-0.6508893370628357,-0.2392389625310897,0.7525110244750977,-0.2999769449234009,0.0702338963747024,0.1679355651140213,-0.1011397689580917,0.2991359531879425,-0.4403969645500183,-0.2157640010118484,0.1890100389719009,0.0547618605196476,0.5515835881233215,0.2271581292152404,-0.1571376472711563,0.2889893352985382,-1.0425916910171509,-0.1088059842586517,0.5490337014198303,-0.0528628528118133,0.7630087733268738,-0.4418177008628845,0.4529827833175659,0.1560997813940048,-0.1359632760286331,0.0400149263441562,0.2365844845771789,0.1646502763032913,0.7445671558380127,0.0771074891090393,0.3301374018192291,-0.1209603250026702,0
0.4868707358837127,0.2079494297504425,0.4883789420127868,-0.550900399684906,0.4626130163669586,0.121281012892723,0.0912269577383995,-0.1813520938158035,-0.0467244423925876,-0.4795567691326141,0.6885204911231995,-0.3099619746208191,0.0151986768469214,0.0246261153370142,0.3350607752799988,-0.3567440807819366,0.2615514695644378,-0.224953681230545,0.0896363854408264,-0.4717234373092651,-0.6567620038986206,-0.1281601190567016,-0.201838806271553,0.1762697547674179,0.0885178595781326,0.0099206529557704,-0.4736396372318268,-0.0735934898257255,-0.0685933008790016,-0.2143206894397735,-0.605719268321991,-0.3406910598278045,0.286326915025711,0.3111657202243805,-0.1167178973555564,0.2430902570486068,0.1077812016010284,-0.098121665418148,0.2638300359249115,-0.3867271542549133,0.0454277284443378,-0.02167852781713,-0.2648947536945343,-0.0970964804291725,-0.2957008183002472,0.8406780362129211,0.2340423464775085,0.3421628773212433,0.7341201901435852,-0.2025543004274368,-0.4249922037124634,0.3469067811965942,0.1500661969184875,-0.0303254034370183,0.4063856303691864,-0.1771214455366134,0.2077113091945648,-0.5447958111763,-0.2614684998989105,0.3543164134025574,-0.5532571077346802,-0.2449434846639633,0.7746521830558777,-0.0899620279669761,-0.0516972951591014,-0.342397004365921,0.0441427901387214,-0.1556743681430816,0.0106326714158058,-0.8261442184448242,-0.6571635007858276,-0.0567122437059879,-0.1262668371200561,-0.2640563547611236,1.251482605934143,-0.1538983136415481,0.1740613132715225,0.3963647186756134,0.3224512338638305,-0.1065797880291938,0.0997388288378715,0.4761493802070617,0.0683448016643524,-0.7463029026985168,0.0736038610339164,0.3169881701469421,-0.1347614079713821,-0.5592920780181885,0.3807528018951416,-0.4066742956638336,-0.5342354774475098,0.6104951500892639,0.6117584705352783,0.2628654837608337,-0.0787698924541473,-0.0027540798764675,-0.000994143076241,-0.3117029666900635,-0.4542104303836822,0.0181202944368124,-0.053630881011486,-0.1093823760747909,0.200402483344078,0.4620646834373474,0.4107337892055511,0.0381456390023231,-0.3808303475379944,0.032655082643032,0.1720614731311798,0.0905015170574188,-0.2240355759859085,-0.4512054324150085,-0.4160735011100769,0.6146683096885681,-0.2297453731298446,-0.102816954255104,-0.1949191391468048,0.0440123341977596,-0.1912465393543243,0.6322449445724487,0.210728257894516,0.2032429426908493,0.2747454941272735,-0.2248293906450271,0.1163965910673141,0.6398226618766785,0.1713525354862213,-0.3835619390010834,-0.366873949766159,0.0832146629691124,-0.1861176490783691,0.2873241007328033,-0.0894091725349426,-0.2028216868638992,-0.5224685668945312,1.0417276620864868,-0.2008852958679199,-0.0539882369339466,-0.3321657180786133,-0.4509543478488922,-0.360283225774765,-0.0357839204370975,0.1271926760673523,-0.1759262084960937,0.1487833708524704,0.0932709723711013,-0.487331360578537,-0.4072125256061554,-0.079468660056591,-0.3014562726020813,-0.1201192215085029,1.0405274629592896,-0.8401033282279968,0.0393184460699558,-0.0702311769127845,-0.0206679720431566,-0.9087058305740356,0.0924965441226959,0.3321253657341003,0.2915297448635101,0.2183434814214706,-0.81412672996521,0.1714003682136535,0.6007859706878662,-0.2182059437036514,0.4350793361663818,0.0848536789417266,0.4531989991664886,0.082535520195961,0.6636136174201965,-0.1421514749526977,0.4049449265003204,0.1521109342575073,-0.2731350064277649,0.6085896492004395,0.3035077452659607,0.2097351849079132,0.0043528163805603,0.1939515471458435,-0.5537717938423157,-0.0350065790116786,0.0048167295753955,-0.3198368549346924,-0.5149656534194946,0.3396261930465698,-0.1161999925971031,0.1428730636835098,0.1778001189231872,-0.2779326736927032,0.1015555784106254,0.1639135777950287,-0.4183435440063476,0.4518981873989105,-0.0596767701208591,-0.2373472452163696,-0.7151142954826355,-0.3101483583450317,0.1565800756216049,-0.6126844882965088,0.6996737718582153,0.1960583925247192,0.0637141391634941,-0.2737035453319549,-0.5005072355270386,-0.6061068177223206,-0.3094664514064789,0.5522167682647705,-0.0065893726423382,0.2296792119741439,0.6124159097671509,-0.2390262931585312,0.2118097096681594,0.4045111835002899,0.2100452035665512,0.2675347626209259,0.2248073518276214,0.0018500502919778,-0.0633225962519645,0.3355198502540588,-0.7833343744277954,0.4635674655437469,-0.2890464067459106,0.4364186227321625,-0.1116339713335037,0.269094169139862,0.1870846450328827,-0.0080717513337731,-0.2900806963443756,-0.044090699404478,0.508892297744751,-0.5143128037452698,-0.3169381618499756,-0.9389352202415466,0.2775562703609466,-0.7697796821594238,0.1346524953842163,-0.0469939112663269,0.5006145238876343,-0.4950182139873504,0.5215675830841064,0.2497805804014206,-0.1121799573302269,0.2993261516094208,-0.2915922999382019,-0.0916415154933929,-0.0137067204341292,-0.0765860900282859,0.0293723177164793,-0.2950349748134613,0.3774317502975464,-0.5782741904258728,-0.4878269135951996,0.5255984663963318,-0.3891220986843109,0.6915884017944336,0.5459463596343994,0.3344857692718506,-0.1865251213312149,0.437023252248764,-0.4372636079788208,0.3625898659229278,-0.3918406665325165,-0.0733695477247238,-0.0378590486943721,-0.1140413433313369,0.1915168017148971,-0.0274605024605989,-0.6746289134025574,0.1513894498348236,-0.7363781332969666,0.5484305024147034,-0.4287079274654388,-0.1917788237333297,-0.1972842365503311,-0.211388275027275,0.1662224680185318,-0.2983362078666687,0.2068521827459335,-0.3026696145534515,0.2002725452184677,-0.7448209524154663,0.0799385607242584,-0.5306863784790039,-0.0227033384144306,-0.0928113162517547,-0.2776319682598114,-0.2214412093162536,0.066002644598484,-0.2130155563354492,0.4492154419422149,0.1799887716770172,-0.0885716453194618,-0.4200237393379211,0.0934969633817672,-0.3711792528629303,-0.1364453136920929,0.3391126692295074,0.4445263743400574,-0.2260433286428451,0.2087699770927429,-0.0311610177159309,0.4582980573177337,-0.1269419640302658,-0.0319482386112213,0.1574471294879913,-0.3849587440490722,-0.2987823784351349,-0.3764740526676178,0.3070196807384491,-0.328237384557724,-0.1249945014715194,0.7787013053894043,-0.354297012090683,0.0250440724194049,0.207493707537651,0.5394543409347534,-1.3197681903839111,0.0487489700317382,-0.018678119406104,-0.2795045971870422,-0.3830400109291076,0.6313517689704895,0.0210742410272359,0.0693660303950309,-0.3499996960163116,-0.4297904372215271,1.099228858947754,0.2384929358959198,-0.2421613186597824,-0.3423108160495758,0.4468829035758972,0.1891531646251678,-0.0084758773446083,-0.6150385141372681,-0.1383856832981109,0.3683922886848449,-0.1461763083934784,0.1832056939601898,0.2646670341491699,-0.2887140214443207,-0.1536682695150375,0.5394020676612854,-0.1372655034065246,0.577667236328125,-0.1409267336130142,-0.1161870956420898,0.0201383903622627,0.9951343536376952,1.1601394414901731,0.790808379650116,-0.2944014370441437,-0.0795457363128662,0.4861855804920196,0.5656149387359619,0.6665995717048645,-0.1730534732341766,0.0565650537610054,0.0295314732939004,0.4956611394882202,0.4778467118740082,-0.2280270904302597,0.1681633740663528,0.4915581047534942,0.8236240148544312,0.3244971036911011,0.1710482537746429,0.2501628398895263,0.3326368331909179,0.0866409242153167,0.3806838095188141,0.8059060573577881,0.298864334821701,-0.3805890381336212,-0.4380350708961487,-0.359504759311676,0.0047465036623179,-0.1668532788753509,-0.2002646476030349,-0.2723799347877502,-0.0804928988218307,-0.4306133091449737,0.0921047404408454,-0.0181933417916297,-0.4223751127719879,-0.2116104662418365,-0.673562228679657,-0.4095958769321441,-0.1947224289178848,0.079605795443058,-1.0541467666625977,0.4862031936645508,0.3770010769367218,0.42972132563591,-0.4699141383171081,-0.5458283424377441,0.1056305095553398,-0.3782083690166473,-0.0783784613013267,0.0083168447017669,0.3076265454292297,-0.1923711150884628,0.0385910719633102,-0.3073025345802307,-0.1761689931154251,-0.4490758180618286,-0.0604020878672599,-0.9064345955848694,-0.4911035895347595,0.0078222183510661,0.3159095346927643,-0.1263137608766555,0.1429377198219299,0.1221012249588966,0.5545070171356201,-0.3269628584384918,0.0004388684756122,-0.6396679282188416,0.4578623175621032,0.7329128384590149,-0.1588564366102218,0.4051835536956787,0.4882889688014984,0.1835133284330368,0.36062753200531,0.032995332032442,0.3531346619129181,-0.6653755307197571,-0.1120981946587562,0.7203813791275024,-0.260905772447586,0.2898926436901092,0.0110164107754826,-0.4164025485515594,0.2027633190155029,-0.4261585474014282,-0.2665686011314392,-0.2817472219467163,0.1154417023062706,-0.1803697943687439,-0.0221825372427701,0.3615373373031616,0.6952488422393799,-0.0921077653765678,0.5078432559967041,0.0901524722576141,-0.1617416441440582,0.6478137373924255,0.3509836196899414,-0.5201947689056396,0.164731964468956,-0.0546946860849857,0.3945431709289551,0.2971109747886657,0.2715695798397064,0.6533185839653015,0.4222796559333801,-0.1568081825971603,0.2983610332012176,0.2899158298969269,0.420342355966568,-0.2567653656005859,-0.5781151056289673,-0.0652232766151428,0.0114136701449751,-0.472823828458786,-0.2424145936965942,0.361390471458435,-0.0224036015570163,0.3369963467121124,-0.0070771384052932,-0.8400317430496216,-0.6168509721755981,-0.6446452140808105,-0.0474027879536151,-0.1570484042167663,-0.0025475255679339,0.8258790373802185,-0.0861581787467002,-0.7353359460830688,0.6563680768013,0.1821232885122299,0.2819777727127075,0.44384765625,-0.1382059603929519,-0.0779041498899459,0.3110784590244293,0.243604838848114,0.0747796297073364,0.4721215069293976,0.0263671297580003,-0.2087450921535492,-0.6663817763328552,0.4957854747772217,-0.0516476221382617,0.1760611683130264,-0.2939028739929199,0.530614972114563,0.0126364398747682,-0.6596765518188477,-0.631372332572937,-0.0175144113600254,-0.102907471358776,0.0185661539435386,0.0208101850003004,-0.1216693893074989,0.0761394500732421,0.3096867501735687,0.3455348312854767,0.7779531478881836,-0.3516948819160461,0.1715013235807418,0.6859332323074341,0.6577200293540955,-0.2240976244211197,-0.0760074034333229,-0.4059945046901703,-0.3623499274253845,-0.3564415276050567,0.269671082496643,-0.1866178810596466,-0.2471917569637298,-0.4588161706924438,-1.0668716430664062,-0.5941849946975708,0.0688545107841491,-0.6164239048957825,0.3201131224632263,0.2799863517284393,0.1850476115942001,-0.290233314037323,-0.1905516535043716,-0.4886767864227295,0.3714143335819244,-0.000700740434695,0.2670102715492248,0.0769363790750503,-0.4736100137233734,0.1334388107061386,-0.7450750470161438,-0.4259662926197052,0.8520615100860596,0.7533650994300842,-0.6253885626792908,-0.1405572742223739,0.4068232178688049,-0.4351517558097839,-0.5251708030700684,-0.3288036584854126,-0.0574375465512275,0.0308558363467454,-0.0577387623488903,-0.2683954536914825,0.2904980778694153,0.1612909436225891,0.2099916934967041,-0.0457261577248573,0.4514992833137512,0.3842048645019531,0.5719150900840759,0.108089730143547,-0.1362495273351669,0.0670223534107208,-0.5864270925521851,0.4911938905715942,0.2613664269447326,0.4047932922840118,-0.3859580457210541,0.209836721420288,0.8785381317138672,-0.5356251001358032,0.4175658226013183,0.5217072367668152,0.4872502982616424,0.505094051361084,-0.5262318253517151,-0.0125313699245452,-0.8846436142921448,0.0686695277690887,0.0464947000145912,0.017620800063014,0.4847925007343292,0.0637591779232025,-0.3195553719997406,-0.5455775856971741,-0.5255492925643921,0.3507944345474243,0.4249826371669769,0.4179239571094513,-0.0877870917320251,-0.0220574438571929,0.5461474061012268,0.3953705132007599,0.089684210717678,-0.4367555975914001,0.1704565286636352,0.2641899585723877,0.7814040184020996,-0.1995824724435806,0.5438302755355835,-0.7517011761665344,-1.190768122673035,0.2655358910560608,0.0868844389915466,0.0274184700101614,0.3622595369815826,-0.4814813435077667,0.0794841274619102,0.1429188996553421,0.3315563797950744,0.0180438328534364,-0.4928358495235443,-0.8237752914428711,-0.0786128267645835,0.0957009717822074,-0.5681291818618774,0.0364212617278099,0.0151638844981789,0.91337388753891,0.4651232063770294,-0.1341239809989929,-0.2419827580451965,1.049137830734253,0.1455228477716446,0.120935209095478,-0.1442812234163284,-0.0421544015407562,0.1299348920583725,0.2267729938030243,0.1315604895353317,-0.4520497918128967,-0.333946019411087,0.2573505938053131,-0.5299175381660461,0.061383381485939,-0.2560333609580993,0.0177683308720588,0.1509685218334198,-0.0113515425473451,-0.2675824463367462,-0.3721432983875274,-0.1486816704273224,-0.1724599599838256,-0.7157665491104126,0.2660408616065979,0.0126407612115144,-0.0204727593809366,-0.3715798556804657,-0.0151869971305131,-0.5965896844863892,-0.3341116607189178,0.0075120339170098,0.5591555833816528,-0.7135568857192993,-0.6283758878707886,0.5806432366371155,-0.2137820124626159,-0.2620254158973694,-0.7189838290214539,0.1424958854913711,0.0816798731684684,0.5325878262519836,-0.2107699066400528,0.2723670303821563,-0.3993126153945923,-0.0150620993226766,0.1067553237080574,-0.1090158149600029,0.5568524599075317,-10.187359809875488,0.1711428612470626,-0.4464468657970428,-1.1386390924453735,-0.0665484443306922,0.1588861644268036,0.4510736763477325,0.338424950838089,-0.2204774916172027,-0.0847415477037429,-0.0601294562220573,0.4050852954387665,0.3033035099506378,0.322946548461914,-0.9586413502693176,-0.1252761930227279,-0.3609889447689056,-0.2083401083946228,0.0664683803915977,-0.670790433883667,-0.2609117031097412,-0.4504331052303314,0.6067798733711243,0.637122392654419,0.035034779459238,-0.3592955470085144,-0.4894201159477234,0.231084331870079,0.0089098559692502,0.2508890628814697,-0.6307515501976013,0.652456521987915,0.1432319730520248,0.4516701102256775,0.086641140282154,-0.0974258258938789,-0.2713007032871246,0.6257935166358948,-0.3700024485588074,0.342485100030899,0.2646548449993133,0.3656089305877685,-0.3202582597732544,-0.0797861963510513,0.0659766569733619,0.0707174837589263,0.5855342149734497,0.2202647626399994,0.6852136254310608,0.0700863301753997,-0.1763507574796676,0.2850565612316131,-0.2577462792396545,0.0563963055610656,-0.0028930585831403,0.073710024356842,0.8301398158073425,-0.1715298146009445,-0.2740088701248169,0.1091502457857132,0.4211184680461883,-0.0583479963243007,0.4832911193370819,0.7381985187530518,0.2021373361349105,0.0653232485055923,0.4991310834884643,0.5631673336029053,-0.6763712763786316,-0.1979986131191253,0.2104098498821258,0.2619231641292572,-0.0863594114780426,0.3745808899402618,-0.316290020942688,0.5314692258834839,0.043662205338478,-0.1058293581008911,-0.0781411826610565,0.2980992496013641,0.8347527384757996,-0.4990279078483581,0.1110679805278778,0.3549347519874573,-1.2934144735336304,0.0375192873179912,-0.0784960836172103,0.2693603634834289,0.2120212465524673,-0.7358568906784058,0.4592650830745697,-0.5310732126235962,-0.60149747133255,0.306140661239624,0.4003915786743164,-0.3961745202541351,-0.1143051609396934,0.1391668319702148,0.390625387430191,-0.202238991856575,1
0.3267319798469543,0.504282534122467,0.3891793489456177,-0.644690990447998,0.2492967098951339,0.391729325056076,0.4885049760341644,0.0353201478719711,-0.295425534248352,-0.2600056529045105,0.4705418050289154,-0.4227430522441864,-0.4308756291866302,0.1589376181364059,0.3833131790161133,-0.1555226296186447,0.6771259307861328,-0.0070297834463417,-0.3241260945796966,-0.3549616932868957,-0.0278582032769918,-0.4655970633029938,-0.2775838077068329,0.5848970413208008,0.1186504065990448,-0.0684032440185546,-0.2162544131278991,0.0265272781252861,-0.2166880667209625,-0.4534425437450409,-0.5388060808181763,-0.4368718266487121,-0.2406570315361023,-0.0648179501295089,0.276409238576889,0.0543523505330085,-0.416244775056839,-0.1365386098623275,-0.1512780487537384,-0.1801581680774688,0.0069831199944019,-0.1989595890045166,-0.3204800486564636,0.0230019781738519,-0.4740468263626098,0.6393707394599915,-0.0073666828684508,0.4136851131916046,0.4353609383106231,-0.4213240146636963,-0.3094359338283539,0.289673388004303,0.3110057413578033,0.0382635742425918,0.4445213377475738,0.2003601044416427,0.6658976674079895,-0.4736901521682739,-0.2465175837278366,0.2811830639839172,-0.5472894310951233,-0.0253186244517564,0.5460535883903503,0.349573403596878,0.046179860830307,-0.2740751504898071,-0.2959727942943573,0.2039665430784225,-0.4295756816864013,-0.1771292686462402,-0.0226788148283958,0.1842251867055893,-0.1287569254636764,0.1752234548330307,1.0723930597305298,-0.0710352510213851,0.361193984746933,-0.1056608483195304,0.2930122315883636,-0.4511431157588959,-0.1169870719313621,0.2361347377300262,-0.1731827557086944,-0.7000932693481445,0.2416944503784179,0.4530516862869262,-0.184717372059822,-0.9327515363693236,0.1683125644922256,-0.2972277700901031,0.1019080281257629,0.1785274595022201,0.3188952505588531,-0.1510434448719024,0.2095098942518234,-0.5624170899391174,0.071826659142971,0.1156753599643707,-0.0019789640791714,0.1879253983497619,0.1076056584715843,0.0365924350917339,0.0773095712065696,-0.2180373072624206,-0.3064020574092865,-0.0419833473861217,-0.0543883815407753,0.0971352979540824,-0.1505163311958313,0.2135598510503769,-0.1776060312986374,-0.5533260703086853,-0.3114620149135589,0.1915563493967056,-0.1114105656743049,0.0397476218640804,0.1841901242733001,0.5035329461097717,-0.0344909764826297,0.6821163892745972,0.147258311510086,0.3250342309474945,0.0981586426496505,-0.3296723663806915,0.0727170556783676,-0.0620832107961177,0.1228261888027191,0.179835706949234,-0.2774180173873901,-0.074716679751873,-0.3984164297580719,0.2520693242549896,-0.2921371459960937,-0.3765508532524109,-0.6780340671539307,0.6243751645088196,-0.1838598102331161,-0.1403094679117202,-0.680529773235321,0.0007872059359215,-0.3262399137020111,0.4352965354919433,0.2223626375198364,-0.3203668892383575,0.3129109740257263,-0.0346749126911163,-0.3262746036052704,-0.4348961412906647,0.1461231559514999,0.3253750205039978,-0.1087788566946983,1.305041790008545,-0.8493898510932922,-0.0352116897702217,-0.0678188949823379,0.2587876915931701,-0.2110901474952697,-0.1314795911312103,0.2126944810152053,0.4045405387878418,0.4589438438415527,-0.4968355000019073,0.4671243727207184,0.762880802154541,0.1037597581744194,0.5101765394210815,0.4030967354774475,0.2913702428340912,0.3247058689594269,1.1106821298599243,0.4403388202190399,0.3149027824401855,-0.1746834516525268,-0.4148858189582824,0.2988938987255096,0.3918623030185699,0.2478193044662475,0.0748790353536605,0.3699105083942413,-0.6064022183418274,-0.1216680407524108,0.207931712269783,-0.2407763004302978,-0.215098425745964,-0.0199975483119487,-0.236678197979927,-0.2011442929506302,-0.4585068225860595,-0.4124470353126526,-0.0369753390550613,0.1035453081130981,-0.2105586528778076,0.2108959108591079,-0.5588843822479248,-0.153098851442337,-0.0092740580439567,-0.315667450428009,0.0164822563529014,-0.4316007494926452,0.1987726837396621,-0.1619186401367187,-0.0065610553137958,0.1626398861408233,-0.6173220276832581,-0.7654948830604553,-0.0158118456602096,0.4284592270851135,0.5024276971817017,0.3075867295265198,0.4950095415115356,-0.3036954998970032,-0.0054140617139637,0.0475791729986667,0.1158722341060638,0.1027875319123268,0.3564533293247223,-0.7489498853683472,-0.4544898569583893,0.0612788349390029,-0.3921308219432831,0.704927384853363,0.2117279767990112,0.478976309299469,0.0747089385986328,-0.3110966384410858,0.0881793275475502,-0.0790814012289047,-0.4825069606304168,0.0320451147854328,0.1151748076081276,-0.2791180312633514,-0.1340673714876175,-1.1665174961090088,-0.3765600025653839,-0.4259424209594726,0.187160313129425,0.1213842332363128,0.6426771879196167,-0.1291950792074203,0.5154077410697937,0.2109417021274566,-0.3010673522949219,0.3367121815681457,-0.0737029463052749,-0.0221858900040388,0.0571483336389064,0.1766414046287536,-0.0318243876099586,-0.0835957154631614,-0.0046967309899628,-0.4829332232475281,-0.2986761033535003,0.1204177588224411,-0.096907652914524,0.4430013298988342,0.4860514998435974,-0.0046140705235302,-0.1711658239364624,0.0125350384041666,-0.3149752020835876,-0.4689663350582123,-0.5819075107574463,0.0002409204025752,0.1060202419757843,0.0616700090467929,0.1227379739284515,0.2092468589544296,-0.7467853426933289,-0.3344900012016296,-0.5020788311958313,0.229773536324501,-0.1828431934118271,-0.1581522077322006,-0.013825655914843,-0.6248232126235962,0.0394642390310764,0.0344801805913448,0.2151777148246765,-0.5918433666229248,0.3020890057086944,-0.3633238077163696,0.1191168576478958,-0.4950653910636902,0.1323170363903045,-0.0689977928996086,-0.3021509051322937,-0.4408633112907409,-0.1590704917907714,-0.4249633848667145,0.2704673409461975,0.0207506604492664,-0.6475901007652283,0.1805578172206878,0.3039320707321167,-0.2253986448049545,0.1784315109252929,-0.0056885783560574,0.0843304693698883,-0.2874521613121032,0.1659282147884369,0.2623980939388275,0.2792764604091644,0.2436927407979965,-0.1092260181903839,-0.2078377902507782,-0.3585308790206909,-0.148477241396904,-0.1495766192674636,0.5844904780387878,-0.9987764954566956,-0.2214705944061279,1.2479735612869265,-0.7758281826972961,0.0665553957223892,0.0045615681447088,0.813340425491333,-1.761072278022766,-0.1873277574777603,0.0281074680387973,-0.0907032415270805,-0.3177246451377868,1.0065730810165403,0.1290562748908996,0.1617098152637481,-0.1409191340208053,-0.2126087248325348,0.5713610053062439,0.3174176514148712,-0.4547329843044281,-0.3359846770763397,-0.0021418263204395,-0.0830781087279319,0.3133994042873382,-0.8415486216545105,0.269359827041626,0.4748408794403076,-0.1113406345248222,-0.0563197769224643,0.1997775882482528,-0.322866290807724,-0.0741044133901596,0.1755832284688949,0.1077265068888664,0.2823744416236877,-0.4987630248069763,-0.188886821269989,0.4283036589622497,0.8307878375053406,0.7468206286430359,0.7617159485816956,-0.2234761118888855,0.0543698854744434,0.6194729804992676,0.3152368664741516,0.647981584072113,-0.3520143926143646,0.0005843696417286,-0.289363145828247,0.58577960729599,0.0854745060205459,-0.1188040375709533,0.4101342260837555,0.5229565501213074,0.293756753206253,-0.1009606942534446,0.0768756493926048,0.9074493050575256,0.3311062157154083,0.255146861076355,0.269178181886673,0.1543388813734054,0.2703054845333099,0.1075630933046341,-0.33624467253685,0.1270171701908111,-0.3424801230430603,-0.0244117584079504,-0.1972653269767761,-0.200936809182167,-0.2870866060256958,-0.6078546643257141,-0.0719562694430351,0.0895940661430358,-0.7981278896331787,-0.0107164662331342,-0.4852672815322876,-0.6455111503601074,-0.2486627846956253,-0.1731563359498977,-0.7422149181365967,0.1068806946277618,0.7675581574440002,0.3430756330490112,-0.4887702763080597,-0.2028398513793945,0.1150262802839279,-0.2654612064361572,-0.0778926163911819,-0.1300008594989776,0.1266610622406005,-0.2747055292129516,0.2506229281425476,-0.47366863489151,-0.454752117395401,-0.6353906989097595,-0.2739436328411102,-0.7019457817077637,-0.0465927496552467,0.0159214623272418,0.5708001255989075,-0.1236029043793678,-0.1026419326663017,-0.1213594824075698,-0.389390617609024,-0.2697679996490478,-0.3769181966781616,-0.5609708428382874,0.0775345340371131,0.4289674162864685,0.5754312872886658,0.496806800365448,0.513799250125885,0.1437530517578125,0.225522980093956,-0.2153615057468414,0.100604623556137,-0.2551022171974182,-0.5030132532119751,0.5300812125205994,-0.0444314815104007,0.3157464563846588,0.1196122169494628,-0.1533194631338119,0.6169959902763367,0.1200296878814697,-0.4377939999103546,0.0147731797769665,0.5540763139724731,-0.2375573366880417,0.3867173194885254,0.0738726258277893,0.9268486499786376,0.0752368420362472,0.4006178379058838,0.0721965283155441,-0.3297509551048279,0.2454726696014404,-0.0969294235110282,-0.3826265335083008,-0.0927560925483703,-0.0997589826583862,0.5404260754585266,0.5491176843643188,-0.0390110909938812,0.224794715642929,0.448674201965332,-0.3622162640094757,0.0187327340245246,0.1122161820530891,0.1531114131212234,-0.3659898638725281,-0.4390119314193725,-0.2144922763109207,0.1196262016892433,-0.8909561634063721,-0.209301546216011,0.2322250306606292,-0.0040029347874224,0.0986885353922844,0.0086712418124079,-0.4359364509582519,-0.3386326134204864,-0.8251433372497559,0.0996816083788871,0.1340792626142501,0.4725130200386047,0.3636029660701751,-0.51699298620224,-0.7288557291030884,0.5992422103881836,-0.3299131989479065,0.4728330671787262,-0.0762687996029853,-0.350804328918457,-0.6304427981376648,0.7653645277023315,0.0229078754782676,0.1178648471832275,0.3792878091335296,0.3151600360870361,-0.1227108538150787,-0.462264746427536,-0.1619949489831924,-0.2019966393709182,0.1037320494651794,-0.1361646801233291,0.4494776427745819,0.2585809230804443,-0.7056407332420349,-0.76743084192276,-0.2513591051101684,-0.2874118983745575,0.4968950152397156,-0.5697029232978821,0.339332640171051,-0.3406864404678345,0.3861749768257141,0.2856632769107818,0.5926978588104248,-0.1450183093547821,0.2671835124492645,0.6667153239250183,0.724128782749176,-0.1697767525911331,-0.0523705743253231,-0.1099754944443702,-0.0011484316783025,-0.1357564479112625,0.6046919226646423,-0.0798500701785087,-0.008443709462881,-0.1238091066479682,-0.8375066518783569,0.1677598059177398,-0.0895283818244934,-0.8037627935409546,0.7500090003013611,0.4310073852539062,0.0456083044409751,-0.3191115856170654,-0.0979274064302444,-0.8494911789894104,0.2522884905338287,0.2028941512107849,0.0811270251870155,0.0439445450901985,-0.6024342775344849,0.2184132933616638,-0.1976793259382248,-0.5514538288116455,0.3235717713832855,0.3739212155342102,-0.4451651573181152,-0.1253710091114044,0.28300940990448,0.3402640521526336,-0.2056640535593032,-0.0801890864968299,-0.3719019293785095,-0.0533611662685871,0.524002194404602,0.152753934264183,0.4569866955280304,0.708453893661499,0.0394307859241962,-0.0613542422652244,0.3606171011924743,0.4170361459255218,0.1632057428359985,-0.1810569763183593,0.1012683510780334,-0.1802436411380767,-0.6118770241737366,0.1879178583621978,0.2436230629682541,0.2829311788082123,-0.030719781294465,0.2523505389690399,0.7462795972824097,-0.4738180637359619,0.0379580743610858,0.4380264282226562,0.201602429151535,0.8641093969345093,-0.3401079177856445,0.0631332844495773,-0.5161869525909424,0.1041406393051147,0.0428745634853839,-0.1054497510194778,0.141892671585083,-0.0321596153080463,-0.3341409862041473,-0.5866129398345947,-0.038739513605833,0.4336657226085663,0.1068255230784416,0.8300034999847412,0.3175491988658905,-0.3696500957012176,0.6411426067352295,0.1251225620508194,-0.238680213689804,-0.1703198403120041,-0.1426229923963546,0.1360370367765426,0.5619893074035645,0.2192840129137039,0.6944481134414673,-0.5882658362388611,-1.0026215314865112,0.006992554757744,-0.2116232365369796,-0.1053381785750389,0.3487311005592346,-0.7125884890556335,-0.1822008639574051,0.3164593279361725,-0.210497498512268,-0.2970026731491089,-0.0677070468664169,-0.8756309151649475,0.1947965919971466,0.2422448992729187,-0.4073378443717956,-0.2278879433870315,-0.1371562778949737,0.3729032576084137,-0.023781668394804,-0.2348287552595138,0.0500561147928237,0.7955353260040283,-0.1886819303035736,-0.4642846584320068,0.1191840767860412,0.1427996754646301,0.130125030875206,0.100260429084301,0.0597211942076683,-0.683070719242096,-0.0700760334730148,-0.1741533726453781,-0.3724754750728607,-0.0252495259046554,0.2463886737823486,0.1751758754253387,0.267403244972229,-0.2065415829420089,-0.354124516248703,-0.25865039229393,-0.1415382027626037,0.1057116687297821,-0.5515578985214233,-0.0818513482809066,-0.1274208575487136,0.067889928817749,-0.0141771370545029,0.0427816957235336,-0.0644277855753898,-0.1679948568344116,-0.6305610537528992,0.1862228214740753,-0.9479663372039796,-0.2207952141761779,0.4355023503303528,0.0418233089148998,-0.1436243802309036,-0.944079041481018,0.3095574378967285,0.0753363743424415,0.4859519898891449,-0.0591470524668693,0.3895473480224609,-0.1722027957439422,0.4495869576931,0.2307757884263992,-0.4454110860824585,0.3099581003189087,-10.271347045898438,-0.2254373282194137,-0.6124522686004639,-0.3556426465511322,0.2084318399429321,0.1765032112598419,0.7559671998023987,0.0992186889052391,-0.4085058271884918,0.0534823797643184,0.339387983083725,0.7454551458358765,0.5641279816627502,0.799053966999054,-0.8186019659042358,-0.2134899646043777,-0.3583584725856781,-0.2594962418079376,-0.0355873592197895,-0.2031535506248474,0.2094049453735351,-0.4164888560771942,0.7312559485435486,0.6766772866249084,-0.4954853355884552,-0.2237013429403305,-0.497884452342987,0.329694926738739,0.0586513727903366,0.7140833139419556,-0.4454948008060455,0.6512873768806458,0.0133997332304716,0.4293562173843384,-0.0811167433857917,-0.09075728058815,-0.1363884508609771,0.5629774928092957,-0.3571276664733886,0.643925666809082,0.160020962357521,0.7590019106864929,-0.279123455286026,-0.3061985373497009,0.0805494040250778,0.4457494914531708,0.5086052417755127,0.4723740220069885,0.6940380930900574,0.2740190029144287,0.1002665534615516,-0.1793662011623382,-0.2128323167562484,0.0730151161551475,0.1171372979879379,0.1139796897768974,0.9575792551040648,0.0290617011487483,0.2050649374723434,0.3395489454269409,0.6473352313041687,-0.3669528067111969,0.3318167328834533,0.7136003375053406,-0.1391368061304092,0.0332276076078414,0.2186232954263687,0.4464263617992401,-0.3211424648761749,-0.1140047535300254,0.189930185675621,0.5199828743934631,-0.2167618423700332,0.2228578925132751,-0.6123327016830444,0.2954936325550079,0.0284136030822992,-0.1343257576227188,0.0520612411201,0.6001419425010681,0.446128636598587,-0.2191944718360901,-0.2631876468658447,0.2700689136981964,-0.6663702726364136,-0.1921061277389526,-0.1096558570861816,0.1401856690645218,0.4271815717220306,-0.6189101934432983,0.3425246775150299,0.1055577546358108,-0.4600609242916107,0.1795538067817688,0.6915600299835205,-0.3033600151538849,0.1349276304244995,0.1071744114160537,0.1366688162088394,0.0002114886592607,1
-0.0340031236410141,0.8183595538139343,0.2433686256408691,-0.5561447143554688,0.2802871465682983,0.6069374680519104,0.6057878136634827,-0.6498515009880066,-0.5274603366851807,-0.087485633790493,0.5277066826820374,-0.1518214493989944,-0.3976146578788757,0.0472632050514221,0.2966916859149933,-0.4141279458999634,0.2939834594726562,-0.0302294623106718,0.0346110872924327,-0.2148605436086654,-0.4736972749233246,-0.9393248558044434,0.1819484978914261,-0.0629787817597389,0.1376109272241592,-0.5495492219924927,0.0773554146289825,0.3990333676338196,0.2394121438264846,-0.1204172298312187,-0.0343516841530799,-0.6025769710540771,-0.1766440719366073,-0.5221533179283142,-0.0869409441947937,-0.2001602947711944,-0.1847722381353378,0.1021099090576171,-0.2839568257331848,-0.4356396198272705,0.0691074132919311,-0.1340977698564529,-0.4789541661739349,-0.0677442923188209,-0.0704328864812851,0.5955693125724792,-0.1120096072554588,0.5034266710281372,0.4221847057342529,0.2600983679294586,-0.282476395368576,0.2817046046257019,0.487569510936737,0.3008280992507934,0.0540202818810939,-0.1705782115459442,-0.0220259428024292,-0.1351057589054107,-0.2677259445190429,0.0610149316489696,-0.6938619613647461,-0.1240047886967659,-0.0449293702840805,0.2433164864778518,-0.3293831646442413,0.2824154198169708,-0.2802900969982147,-0.050543013960123,-0.0480194613337516,-0.6974805593490601,0.3621856570243835,-0.186056300997734,-0.3159201443195343,0.0936432480812072,1.1232609748840332,-0.3044705390930176,0.3986206948757171,-0.6243464946746826,0.4297222197055816,-0.0946053937077522,-0.4320188760757446,0.4253063797950744,-0.2564952373504638,-0.5731629729270935,-0.1995331346988678,0.5594104528427124,-0.8605560064315796,-0.8517721891403198,0.7521985173225403,0.0316954106092453,0.1146657839417457,0.1722393482923507,0.2203297615051269,0.3439126908779144,0.1820033937692642,-0.3973152339458465,0.2981396913528442,0.0717239156365394,-0.0453803241252899,0.6213529109954834,-0.547691822052002,-0.3270001113414764,0.1197584271430969,0.1090586930513382,0.2521000504493713,0.060041069984436,-0.5943869352340698,0.5301752686500549,0.1436663419008255,0.356762558221817,-0.1056319326162338,-0.5691098570823669,-0.5391380190849304,0.1870022118091583,0.2958047986030578,-0.1872135549783706,0.0966304689645767,0.3558715283870697,0.1035567373037338,0.6967304348945618,-0.1131389886140823,0.5107061862945557,-0.0445971302688121,-0.2875761985778808,-0.1721107810735702,-0.1586776822805404,0.6383427977561951,-0.5430346727371216,-0.2401546984910965,-0.6306242942810059,-0.1484814137220382,0.3846207559108734,-0.8772335052490234,0.1549317687749862,-0.3266439139842987,0.6349375247955322,-0.2287134975194931,0.5758288502693176,-0.507465660572052,-0.6152151823043823,-0.1733145117759704,0.1262280941009521,0.7106241583824158,-0.8495229482650757,0.0233728121966123,0.1522354930639267,0.0007958691567182,-0.1546593308448791,0.7762715220451355,0.4533135890960693,-0.0208476968109607,0.6053337454795837,-0.7553942203521729,0.1840923428535461,-0.1235842183232307,-0.0977719277143478,-0.4354102313518524,0.6226243376731873,0.0795721709728241,0.9358035922050476,0.179002583026886,-0.3639645874500274,0.2905438840389251,0.8882123231887817,0.1021220088005065,0.3869930505752563,0.6231674551963806,0.2506987750530243,0.5901870727539062,0.8353998064994812,-0.0245349071919918,0.6254921555519104,0.3349493741989136,-0.4877169132232666,0.1490896791219711,0.5924546122550964,0.5168889760971069,-0.0316922403872013,0.1873729079961776,-0.3480761051177978,-0.300012856721878,-0.1274639964103698,-0.3677489459514618,-0.5244307518005371,0.5279595851898193,-0.6383877396583557,0.0331762693822383,0.2402998059988021,0.0682033598423004,-0.0742740109562873,-0.1411427557468414,-0.3529611527919769,0.2400992959737777,-0.6403679251670837,-0.444272518157959,0.2436493933200836,-0.4155641198158264,0.1550244241952896,0.2128624022006988,0.2951393127441406,-0.1171310693025589,-0.1791588515043258,-0.4974051117897033,-1.40239155292511,-1.1121594905853271,0.201140746474266,0.2422089576721191,0.0974566042423248,0.1299090832471847,0.1414601802825927,-0.2572685778141022,0.0215118564665317,-0.0061117275618016,-0.0877538472414016,0.3592338562011719,-0.0725206136703491,-0.8138288259506226,-0.0657663121819496,0.4472335278987884,-0.0912438035011291,0.3201605081558227,-0.3822491466999054,0.2720367312431335,0.0585039779543876,-0.4547987580299377,0.3145098686218261,0.2304123640060424,-0.4066919684410095,-0.0803591907024383,0.4826646745204925,-0.2941773235797882,-0.5430424213409424,-0.927678406238556,0.1456206887960434,-0.3890388607978821,0.2608943581581116,-0.3139927685260772,0.3506138324737549,-0.2995033860206604,0.4876782894134521,-0.1009906381368637,-0.5688871145248413,-0.0237294547259807,-0.2468496859073639,-0.016034360975027,0.4771899878978729,0.0960796624422073,-0.2209601998329162,-0.721571147441864,0.1237160265445709,-0.8587709665298462,-0.3702521622180938,0.2084938287734985,-0.125054270029068,0.8561576008796692,0.3545325398445129,0.098218947649002,-0.1303649991750717,-0.0967959985136985,0.035430796444416,-0.485871285200119,-0.5665261745452881,0.0779870674014091,-0.2448350489139557,0.2387376874685287,-0.1702984273433685,-0.0843780785799026,-0.7326935529708862,-0.7162457704544067,-0.3566745221614837,-0.0507580563426017,-0.1114444211125373,-0.3715841174125671,-0.3268958330154419,-0.395800918340683,0.3832271993160248,-0.1375539153814315,0.6400394439697266,-0.3324882686138153,0.4136174321174621,0.0378613770008087,0.5311905741691589,-1.2227998971939087,0.2423387318849563,0.2643733024597168,-0.090776652097702,-0.2555358707904815,-1.0790878534317017,-0.3856020867824554,0.4622474610805511,0.1391490399837494,-0.3347684144973755,-0.1343449801206588,-0.0755908712744712,-0.3671323657035827,-0.1547251641750335,-0.1537169814109802,0.1455210745334625,-0.0318582169711589,0.4836118817329407,0.2976148128509521,0.1736702173948288,0.2587470710277557,-0.4899360239505768,-0.5400435328483582,0.0129702212288975,0.132869467139244,-0.1389400362968444,0.6009823679924011,0.0774345844984054,-0.0049581113271415,1.1982955932617188,-0.753678023815155,-0.1699552088975906,1.047492265701294,0.021575316786766,-1.3781263828277588,0.2430467307567596,0.5067936778068542,0.1910175383090973,-0.1753830164670944,0.8416633009910583,0.1722878515720367,0.2553046941757202,-0.4198486804962158,-0.4210230112075805,1.1585345268249512,0.2639740407466888,-0.5317935943603516,-0.2449529320001602,0.7173960208892822,-0.1825700849294662,0.460462361574173,-0.2998168766498565,-0.4181250631809234,0.3802643716335296,-0.3565736413002014,-0.097490444779396,0.0203913953155279,-0.3031749427318573,-0.7905824184417725,0.4337897896766662,-0.1926117241382599,0.5280560255050659,-0.7425007224082947,-0.2979576289653778,0.4027956426143646,1.205311298370361,0.6395196318626404,0.6795264482498169,-0.2822528779506683,0.0215375516563653,0.7731603980064392,0.0630646646022796,0.4176326096057892,0.1847046464681625,0.1459806710481643,-0.4251129627227783,0.9144890308380128,-0.1272546201944351,-0.4637171030044555,0.3191159069538116,0.5118274092674255,0.6511702537536621,0.0109212165698409,-0.2184841930866241,0.4718876779079437,0.0835557430982589,0.7722237706184387,0.9567552208900452,0.6269862651824951,0.0676405504345893,0.2783718705177307,-0.2525599300861358,0.7704999446868896,-0.5130504965782166,0.0404873602092266,0.1691445857286453,-0.0506784245371818,-0.4096050262451172,-0.7896668910980225,-0.0951197668910026,-0.190251737833023,-0.4232967793941498,-0.4163311719894409,-0.904510736465454,-0.8187723755836487,0.2476653605699539,0.4802009463310241,-0.7863510847091675,0.1253589242696762,0.2823011577129364,0.3999513387680053,-0.5533230900764465,-0.2056994438171386,0.2420236021280288,-0.4316062927246094,0.1183766797184944,0.1866742670536041,0.4331836402416229,-0.4527700841426849,0.0833026096224784,-0.4700226187705993,-0.2195780426263809,-0.930724024772644,-0.6145902276039124,-0.48273366689682,0.0883011817932128,0.2604240775108337,0.4405651688575744,0.1609053760766983,0.4128524363040924,-0.2534724175930023,0.0670503824949264,-0.1848768293857574,-0.4453849494457245,-0.1389960646629333,0.467279851436615,0.2476060837507248,0.631031334400177,0.1701588481664657,0.5189031958580017,0.0359810627996921,0.0001593940833117,0.0637744069099426,-0.0433488115668296,-0.3509524762630462,-0.3590390086174011,0.6874834299087524,-0.1527695059776306,-0.1093897968530654,-0.032236274331808,-0.0438390485942363,0.7215205430984497,-0.0634018927812576,-1.1009061336517334,-0.1578927338123321,0.3412964046001434,0.086253210902214,0.3658733069896698,0.3955022394657135,1.095646858215332,-0.2067486047744751,0.2040024846792221,0.5863773226737976,-0.0785374492406845,0.7585672736167908,-0.0316875278949737,-0.2848192453384399,-0.3171622157096863,0.1475665122270584,0.6658414602279663,0.0679170861840248,-0.1075601354241371,0.2487683594226837,0.4160451889038086,-0.2993917167186737,-0.1975582689046859,0.3300756514072418,-0.0990340039134025,-0.6717370748519897,-0.3461562693119049,-0.5350250005722046,-0.6363522410392761,-0.1347622871398925,0.3775000274181366,0.2809948623180389,-0.0043147327378392,0.4331027269363403,-0.6108114719390869,-0.6757115721702576,-0.4988411366939544,-0.949790060520172,0.3834239244461059,-0.204540878534317,0.566437304019928,0.56732177734375,0.051968615502119,-0.5260674357414246,0.2733159363269806,-0.1199569478631019,0.437942624092102,0.8928155899047852,-0.3022160828113556,-0.1618416905403137,0.4910007119178772,-0.1365165412425995,0.6803961396217346,-0.2313521206378936,0.173795685172081,-0.3022543787956238,-0.0317599214613437,-0.0861420556902885,0.1398086249828338,0.0332722030580043,-0.5364129543304443,0.8430767059326172,0.1158542856574058,-0.3748884499073028,-0.4092483222484588,-0.6426430344581604,-0.1108079925179481,0.4495895206928253,-0.7456057667732239,0.0217578317970037,-0.6096863150596619,0.1936643421649933,0.6532236933708191,0.8423157334327698,-0.693938136100769,0.4560171663761139,0.1893327087163925,0.0764791220426559,-0.1876739710569381,0.2293040305376052,-0.3870456516742706,-0.3213069140911102,0.0400711372494697,0.5270309448242188,0.1770189553499221,0.6846286058425903,-0.5615328550338745,-0.8350558280944824,-0.0550360083580017,-0.2283198535442352,-0.6278354525566101,0.3529067635536194,0.0703449323773384,0.2998480200767517,-0.5315501093864441,0.21905018389225,-0.7149791717529297,0.5290278196334839,0.3577248752117157,0.1506180614233017,0.0988623574376106,-0.747942328453064,-0.1628214567899704,-0.4417280256748199,-0.9568366408348083,0.463358998298645,0.4129658639431,-0.8096800446510315,0.0292298663407564,0.4387030601501465,0.5181941986083984,-0.6921684741973877,-0.5763434171676636,-0.3937412798404693,0.0918499454855918,0.4852310121059418,0.2012185007333755,-0.0292095225304365,0.0014059082604944,-0.3015966713428497,0.1659068763256073,0.5815778374671936,0.6984782814979553,0.6661532521247864,0.093969352543354,-0.0294664017856121,0.1551216542720794,-0.7050092220306396,0.0515378005802631,-0.2038450837135315,-0.1349681764841079,-0.0561633892357349,0.9253513216972352,0.5316236019134521,-0.4030947983264923,-0.1510088890790939,0.9344865679740906,0.4135709404945373,0.8285344243049622,-0.4161840379238128,-0.179562360048294,-0.4568018615245819,0.4439434111118316,0.1185143068432807,-0.2827330231666565,-0.0111502949148416,-0.1118798106908798,-0.3399610817432403,-0.2813072800636291,-0.3189838528633117,0.275723248720169,0.0629651471972465,0.2881417572498321,0.1762231439352035,-0.262073814868927,0.4365310370922088,-0.249325543642044,-0.4775751829147339,-0.189346969127655,0.4378216862678528,0.1738985180854797,0.7869111895561218,0.2153527587652206,0.2706262767314911,-0.3228563368320465,-0.9982818961143494,-0.3618471026420593,0.3107124865055084,0.3703764379024505,0.7742481827735901,-0.7681684494018555,-0.5580154061317444,0.1159905046224594,0.2893818616867065,-0.0541180036962032,0.0931880623102188,-0.9020599722862244,-0.3801321387290954,0.1893595606088638,-0.6947675943374634,0.3493660092353821,0.2778467833995819,0.1849676221609115,-0.2186990082263946,-0.4491661489009857,0.0659638345241546,0.5699921250343323,-0.1784543246030807,-0.5488167405128479,0.3589185774326324,-0.0475102439522743,-0.0517831854522228,0.153852641582489,0.1201682537794113,-0.0557288192212581,-0.0342426635324955,0.1678056418895721,-0.4462345242500305,0.0553899183869361,-0.2601107358932495,0.395022451877594,0.0024176747538149,0.2881033718585968,-0.1590177863836288,-1.040870189666748,0.0851010456681251,-0.0117336260154843,-0.4974397718906402,-0.3010345697402954,-0.2175718694925308,-0.3181649446487427,-0.0154365450143814,-0.1197224855422973,-0.2467281967401504,0.3238625824451446,-0.317559152841568,0.5852050185203552,-0.12265095859766,-0.6328884363174438,0.3056196570396423,0.3998624980449676,-0.3827398121356964,-0.8353005051612854,0.3577028810977936,0.4121659100055694,0.4390000700950622,-0.0357071831822395,0.0517107285559177,0.1340836137533188,0.3389334678649902,0.4900949597358703,-0.6081032156944275,0.5324382781982422,-9.796019554138184,-0.3710661232471466,-0.6012843251228333,-0.3195273876190185,-0.3207091391086578,-0.058256696909666,1.07630455493927,0.0674293786287307,-0.1247841790318489,-0.1629563421010971,-0.0872951075434684,-0.0150995729491114,0.490367978811264,0.8817635178565979,-0.6942055225372314,-0.5374621152877808,-0.071591280400753,-0.3044888377189636,-0.4261961579322815,-0.1006945148110389,0.0400756448507308,-0.2514041364192962,1.0619125366210938,-0.0617653802037239,-0.338840126991272,-0.3505962789058685,0.1020156890153884,-0.0128545742481946,-0.2467370778322219,0.8902862668037415,-0.7341428995132446,1.4908009767532349,0.1811008304357528,-0.095840536057949,-0.2637326717376709,0.078388825058937,-0.0842657387256622,0.383993536233902,-0.6185378432273865,0.5441694855690002,0.1768823564052581,1.0294491052627563,-0.2234426140785217,-0.123551994562149,0.535986065864563,-0.0185154695063829,0.4372779726982116,0.1871225237846374,0.2563006579875946,-0.169576495885849,-0.1905618011951446,-0.4083457291126251,0.147109717130661,-0.1906646192073822,0.1804751604795456,-0.1623864918947219,0.6506508588790894,-0.6856341361999512,0.0207714401185512,0.0801436305046081,0.5251412391662598,-0.1489992588758468,0.5699613690376282,0.6552631258964539,-0.4029736816883087,0.0719710811972618,0.2270816564559936,0.0152651006355881,-0.5923919677734375,-0.2474207729101181,0.2751559019088745,0.0559971444308757,0.0935863703489303,0.3795277774333954,-0.3104695081710815,0.5262947082519531,-0.1554690450429916,-0.3090550303459167,0.7421126365661621,0.3248776197433471,1.0074902772903442,-0.1159013956785202,-0.0603499189019203,0.1926866769790649,-0.8887192606925964,0.4231337010860443,-0.1655093878507614,0.3203942477703094,0.579544723033905,-0.6267620921134949,1.0005608797073364,0.0516397580504417,-0.056191861629486,0.2780204117298126,-0.0257949437946081,-0.1430043429136276,0.6821844577789307,0.556321382522583,0.535772442817688,0.1373044699430465,1
0.8996260166168213,0.3091306984424591,0.8128196001052856,-0.2528380453586578,-0.1021915450692176,0.498119443655014,0.1280118227005005,0.3840456306934356,-0.290893018245697,-0.49491748213768,0.3341619670391083,-0.803521990776062,0.1989378482103347,0.1809910237789154,0.1721638590097427,0.1530837565660476,-0.01554202940315,-0.4074300825595855,-0.0606828145682811,-0.570345938205719,-1.0546220541000366,-0.0369774103164672,-0.2991218566894531,0.2889216542243957,0.164684921503067,-0.317931592464447,-0.2962252497673034,-0.4271906316280365,0.4819767773151397,-0.1961931735277176,-0.4648936688899994,-0.0252728480845689,-0.4996964633464813,0.420471578836441,-0.5736588835716248,0.4704953730106354,-0.1890293210744857,-0.4815788865089416,-0.1681751310825348,-0.4406565129756927,0.1583725810050964,-0.3773936331272125,-0.0615124627947807,-0.0439044535160064,-0.2498262971639633,0.6917619109153748,0.0302302464842796,0.1576395183801651,0.2645204663276672,-0.2304853945970535,-0.4334127604961395,0.5702952146530151,0.2433650940656662,0.0413600355386734,0.1607748717069625,-0.3356172144412994,0.5277810096740723,-0.6633083820343018,-0.152849331498146,0.2852748930454254,-0.1861856877803802,-0.4667502641677856,0.5344983339309692,0.0556747764348983,-0.0427642874419689,0.2617135047912597,0.2389733344316482,-0.3032140135765075,0.5039264559745789,-0.4780051112174988,-0.3234815895557403,-0.0611474849283695,0.1538707166910171,-0.7275570034980774,0.4141207039356231,-0.1881037652492523,-0.1657401919364929,0.6868111491203308,0.4237031936645508,0.0694168955087661,-0.15147764980793,0.3234793245792389,0.2861833274364471,-0.4032003879547119,-0.1320907473564148,0.2482378929853439,-0.0742134675383567,-0.8614476323127747,0.4737623631954193,-0.5372330546379089,0.2122320532798767,0.528571367263794,0.1825357377529144,-0.1868368089199066,-0.1269278526306152,0.0509512424468994,0.1526120901107788,-0.1859646290540695,-0.184329092502594,0.4229695796966553,-0.2293413132429123,0.0226301215589046,0.5044824481010437,0.1653891503810882,0.0982902199029922,-0.0306381434202194,-0.3704431056976318,0.3076728582382202,-0.0213690157979726,-0.1750111877918243,-0.814728319644928,-0.1683972030878067,-0.6698461174964905,0.1157899871468544,0.6152269840240479,0.0175114721059799,-0.4292435050010681,0.5626465082168579,-0.1703510880470276,0.8910979628562927,0.2701065242290497,0.4711628258228302,0.5260424017906189,-0.1019001081585884,-0.1460152119398117,0.4655564129352569,0.111426368355751,0.1392479240894317,-0.1978039294481277,-0.4805182814598083,-0.1417904049158096,-0.3801599442958832,-0.4309259057044983,-0.1052948832511901,-0.1312112659215927,0.8661500215530396,-0.1172980070114135,-0.1050710901618003,-0.0886020734906196,-0.3388873040676117,-0.2612992823123932,-0.0580046474933624,-0.0454300120472908,-0.4789079427719116,0.3125255405902862,0.2268348336219787,-0.6365393996238708,-0.4465288519859314,0.0886500403285026,0.3683957159519195,-0.2486686557531356,0.9401832818984984,-0.5585260391235352,-0.3164741992950439,0.297910213470459,0.4510190784931183,-1.0740251541137695,0.0129828741773962,0.0004862471541855,0.411834180355072,0.3133655786514282,-0.4941574037075043,0.2592560052871704,0.3563391864299774,0.2305641621351242,0.103045143187046,0.6448560357093811,0.2651421129703522,-0.247644692659378,0.4879533648490906,0.4013620018959045,0.4365999102592468,0.3123576641082763,0.1468756049871444,-0.2140146046876907,0.5567857623100281,1.2289366722106934,-0.026782626286149,0.0012881067814305,-0.5752584338188171,0.1059619709849357,-0.0029120447579771,0.3110544085502624,-0.3856780230998993,0.4334426522254944,-0.1182776242494583,-0.2915705442428589,0.1608136445283889,-0.072502925992012,0.4139984846115112,0.0047096842899918,-0.430829793214798,0.3365592062473297,-0.4927613139152527,0.0282448381185531,-0.5528544187545776,-0.1863062977790832,-0.0200989916920661,-0.6821146011352539,0.3971534669399261,0.0563734620809555,0.0408522970974445,0.1567983478307724,-0.5989828109741211,-0.796501636505127,0.1134212240576744,0.027827488258481,0.4852899312973022,0.0698265060782432,0.4077881872653961,-0.019125685095787,0.1330146342515945,0.2972253561019897,-0.0215060953050851,0.1030815616250038,0.171573519706726,-0.1311210095882415,-0.284414678812027,0.5811503529548645,-0.2709708511829376,0.2741950154304504,-0.2463198006153106,0.1566730737686157,0.0616434067487716,-0.0260170232504606,0.3482306599617004,0.1172711625695228,-0.0490546934306621,-0.314342588186264,0.6526536345481873,-0.7907117009162903,-0.6642009019851685,-0.6164801120758057,-0.1173263266682624,-0.5155933499336243,-0.2548924088478088,-0.4165508449077606,0.0543952211737632,-0.5302118062973022,0.40133997797966,-0.0904225930571556,-0.4339526295661926,0.0731585398316383,-0.479508638381958,0.3593266606330871,0.1972244828939438,-0.1946451216936111,0.017105221748352,-0.269402801990509,0.0862214192748069,-0.198182612657547,-0.5656488537788391,-0.1888728588819503,-0.354779839515686,0.4441421329975128,0.3750664591789245,0.766671359539032,-0.3710583448410034,0.2083147019147873,-0.4456469118595123,0.0860977172851562,-0.8170363306999207,0.0769248455762863,0.3513203561306,-0.0356194153428077,-0.166098415851593,0.1119831353425979,-0.3100745975971222,-0.5340006351470947,-0.622278094291687,0.4798263013362884,-0.1230681911110878,-0.0381958819925785,0.1979717463254928,0.2617088854312897,0.1837843954563141,-0.5938850045204163,0.4249916672706604,-0.3400745689868927,0.1601413190364837,-0.2728180289268493,0.0994215533137321,-0.4922556281089782,-0.1917393207550048,-0.1536792814731598,-0.2748197317123413,-0.2930305898189544,0.0337580181658268,-0.1702262908220291,0.7822957634925842,0.2697502970695495,-0.1400968730449676,-0.5411432981491089,-0.0572116486728191,-0.5610448122024536,-0.1291662752628326,0.7431551218032837,0.3014249801635742,-0.452632337808609,-0.4046013057231903,0.4500130414962768,0.6757626533508301,0.135520339012146,0.2148144990205764,0.0892589092254638,-0.207424521446228,-0.0733067616820335,0.1040553078055381,0.3896326124668121,-0.3187504410743713,0.0655990913510322,1.1923129558563232,-0.1171466186642646,0.5989602208137512,0.9556357264518738,0.544395387172699,-1.6782699823379517,-0.3916419744491577,0.0014779843622818,0.1307417452335357,-0.1554650664329528,-0.1166988387703895,-0.0808823630213737,0.0940475463867187,-0.8276590704917908,-0.5042532682418823,1.090511441230774,0.1155750453472137,0.1315013766288757,-0.3727914988994598,0.3981382548809051,0.0329233407974243,0.0450891628861427,-0.6065407395362854,0.2720471322536468,0.7782520055770874,-0.4689254462718963,-0.0488193221390247,0.094886802136898,-0.3240226209163666,-0.1345252990722656,0.3212295770645141,-0.3163370490074157,0.2511508762836456,-0.834790050983429,-0.1968224793672561,0.0689413249492645,0.9339554309844972,1.2918037176132202,0.4057271778583526,-0.4614667892456054,-0.4832341372966766,-0.1834317445755005,0.1000155135989189,0.2590244710445404,-0.0870351344347,-0.1093441024422645,0.1271936893463134,0.4873737394809723,-0.0320596061646938,0.2221729010343551,-0.166737362742424,-0.1329420059919357,0.3178064525127411,-0.2758162021636963,0.5954948663711548,0.2119780331850052,0.1278131306171417,0.323974460363388,0.3315382599830627,0.766826868057251,0.609129011631012,0.1792228668928146,-0.5119333863258362,-0.0035511823371052,-0.9237940311431884,-0.5944127440452576,-0.2400341778993606,-0.0967190489172935,0.1302774548530578,-0.3996402621269226,-0.1698950976133346,-0.1951818466186523,-0.3738597929477691,-0.1108545884490013,-0.588168203830719,-0.2051149010658264,-0.0299755353480577,0.0370233356952667,-0.6169729828834534,0.8132262825965881,0.2277850657701492,0.7616967558860779,-0.616658091545105,-1.1370680332183838,-0.4573794305324554,-0.237596109509468,-0.4578257501125335,-0.3201003074645996,-0.1855138689279556,-0.2295157313346862,0.1111964955925941,-0.318417340517044,-0.6739270091056824,-0.2216023355722427,0.058868508785963,-0.6556429862976074,-0.378350019454956,-0.1487606316804886,0.7303617596626282,-0.0365097522735595,0.0632442235946655,0.2219742536544799,0.487446129322052,-0.8681427836418152,-0.3377704322338104,-0.1462146639823913,0.2023088634014129,0.0439344458281993,0.3587334752082824,0.2622006237506866,0.2861323356628418,0.4014990329742431,0.1970389485359192,0.1061320230364799,-0.1377430409193039,-0.5159696340560913,-0.5932892560958862,0.9534472823143004,-0.081591360270977,0.1399165987968444,0.1915999948978424,-0.0744230523705482,0.7734968662261963,-0.5617730617523193,-0.8592780232429504,0.4876095354557037,0.2977454662322998,-0.1380865424871444,0.4558654427528381,0.5775498151779175,0.4232170879840851,0.3908433020114898,0.0845097601413726,-0.2765150070190429,0.2230672836303711,0.201519027352333,0.1332793086767196,0.3520592153072357,0.0628231912851333,0.0176427587866783,0.6789966225624084,0.4158684909343719,0.0663650929927825,1.0772100687026978,0.5288994908332825,-0.3778293430805206,0.0120796980336308,0.4826789498329162,0.2990498542785644,-0.5171462297439575,0.3976214528083801,-0.3374395072460174,0.1875073760747909,-0.032633326947689,0.2225691825151443,0.5198246836662292,-0.1943885236978531,0.3462714850902557,-0.7454146146774292,-0.5752946138381958,-0.6530497670173645,-0.848182737827301,0.205743983387947,-0.462834894657135,-0.3372204601764679,0.3662903010845184,-0.250895082950592,-0.6353670358657837,0.7550002336502075,0.7012744545936584,0.0287930592894554,0.1100168973207473,0.2691152393817901,-0.0733719915151596,0.4137720167636871,-0.2698908746242523,-0.0663285478949546,0.0250661373138427,0.0347682535648345,-0.536447286605835,-0.7331361770629883,0.0786415487527847,0.2486796230077743,0.1830600798130035,-0.157535582780838,0.5040473341941833,-0.0335959494113922,-0.4722133576869964,-0.2453527748584747,-0.2878164649009704,-0.0298260450363159,-0.4148827791213989,-0.0274765025824308,0.0963166430592536,-0.1060289591550827,0.0353896617889404,0.4749165177345276,0.1501387953758239,-0.3997215926647186,-0.3326436579227447,0.800883948802948,0.4445643424987793,-0.1058531329035759,0.1445542126893997,-0.2014622837305069,-0.3957587480545044,-0.120203398168087,0.0163898188620805,-0.0712101235985755,-0.2096087038516998,-0.1268476098775863,-1.1557925939559937,-0.5636153221130371,0.0252002477645874,-0.7066406011581421,0.4370876252651214,-0.0116956550627946,0.7330087423324585,-0.3837392628192901,-0.0687164589762687,-0.1173766776919364,0.2671984434127807,-0.1687735170125961,0.2398446202278137,-0.6290227174758911,-0.8164359331130981,0.0999794974923133,0.0774521082639694,-0.6943603157997131,1.1157360076904297,0.703531801700592,-0.6906356811523438,0.6147692799568176,0.5530051589012146,0.3604829013347626,-0.1618944257497787,0.1612962782382965,-0.1407632082700729,-0.4543521106243133,0.1971175819635391,-0.3167899250984192,0.3723170459270477,0.3434690237045288,-0.2144945114850998,0.076069563627243,0.1802986413240432,0.5865650177001953,0.4358901977539062,0.1296750903129577,-0.4759871065616607,-0.192739650607109,-0.4091520607471466,0.2284842729568481,0.1778477728366851,0.2953329086303711,-0.887520968914032,0.295780211687088,0.4661567211151123,-0.9197500348091124,0.0638210177421569,0.7043699622154236,0.3571096658706665,0.6623934507369995,-0.0423906557261943,0.2605584263801574,-0.548196017742157,0.0680386200547218,0.2348044514656067,-0.133400872349739,0.0163578670471906,0.2674150764942169,0.0607450455427169,0.2238460034132003,0.4691660404205322,-0.376796543598175,0.2277629524469375,-0.2875585258007049,0.2124310880899429,-0.2101158052682876,0.4803756475448608,0.2481251657009124,-0.0825944244861602,-0.2186831980943679,0.341552585363388,0.77198725938797,0.7390316724777222,0.2732816040515899,0.91193825006485,-0.7184966206550598,-0.7051556706428528,-0.1747894287109375,0.3211914002895355,0.1363484412431717,0.4629741013050079,-0.2581116557121277,-0.1373345553874969,0.7522771954536438,0.6411548256874084,0.0041262367740273,-0.4813120663166046,-0.5005176067352295,0.3669726550579071,-0.5301382541656494,-0.0577765777707099,0.2198533713817596,0.3304245471954345,0.4320104718208313,0.7655171155929565,0.2924074530601501,-0.0945353731513023,0.8797865509986877,0.2127290368080139,-0.1420626491308212,0.1037622094154357,0.1581369638442993,0.004461791832,0.0895058512687683,0.3232583403587341,0.1360075771808624,-0.4351491332054138,0.8354864120483398,-0.3747408986091614,-0.1311335116624832,-0.6711912155151367,0.1263243556022644,0.4335865974426269,-0.3729515373706817,0.1452236771583557,-0.6109450459480286,-0.1696145385503769,-0.5450453758239746,-0.9752492308616638,-0.1897464990615844,-0.0556456297636032,0.0849890857934951,-0.0549978911876678,-0.1293467432260513,-0.6496821641921997,-0.7524209022521973,-0.0617382936179637,0.0236525237560272,-0.8504140973091125,-0.6978855133056641,0.4988569319248199,0.1435454785823822,-0.0441159158945083,-1.5019553899765017,0.6313759088516235,0.00969351362437,0.8324211239814758,-0.0872243046760559,0.5307509899139404,-0.2110508978366851,-0.2419714033603668,-0.1674674600362777,-0.3999531269073486,0.1122317761182785,-10.03463363647461,0.4555798470973968,-0.11639054864645,-0.6310561895370483,-0.1221621558070182,-0.0201925635337829,0.8681378960609436,0.752472460269928,-0.1830032020807266,0.1347827464342117,-0.097346507012844,0.0974884927272796,0.0456096269190311,0.1636317074298858,-0.2736517786979675,-0.3437954485416412,-0.4241583049297333,-0.3491268754005432,0.0531329363584518,0.1151241064071655,-0.6264861226081848,-0.4849890768527984,0.4312911033630371,0.1057759597897529,0.1457791030406952,-0.2705399096012115,-0.157117947936058,0.1829400360584259,-0.0397707968950271,0.4376445710659027,-0.8504396080970764,0.4655724465847015,-0.0845106989145279,0.1191367954015731,-0.2895234823226928,0.5758408904075623,0.0372167117893695,0.3853086829185486,0.031125096604228,0.0896248519420623,0.3678065240383148,0.1888299584388733,-0.236845850944519,0.0448492355644702,0.1814131587743759,-0.0544901490211486,0.5027063488960266,-0.0799727812409401,0.9434120059013368,-0.2761289179325104,-0.1612160950899124,-0.0811537206172943,0.1431497037410736,0.0287773385643959,0.4472229480743408,-0.0666476711630821,0.5208355784416199,-0.4717322289943695,0.2053517550230026,-0.0504164546728134,0.1736468374729156,0.3201076090335846,0.2754861712455749,1.0767241716384888,0.4562741219997406,0.2047084718942642,-0.0030156166758388,0.2278249710798263,-0.8441799283027649,0.3127299547195434,0.0576669164001941,0.6247402429580688,-0.249056190252304,0.3325887024402618,0.1887722313404083,0.4921607673168182,0.0451239123940467,-0.147628366947174,0.0978325605392456,-0.3591217398643493,0.4536371529102325,-0.7238763570785522,0.1801098436117172,0.621484100818634,-0.3106263279914856,0.2804722189903259,0.2936161458492279,-0.3379209637641907,0.0926949605345726,-0.7599039673805237,0.5068497657775879,-0.2925465404987335,-0.5442866086959839,0.2033270001411438,0.1205046698451042,0.0144687555730342,-0.2139573246240615,-0.0491808243095874,0.4830029010772705,-0.2587377727031708,1
0.3204558789730072,0.4855282008647918,0.0386574491858482,-0.6651995182037354,0.0490829683840274,0.0940057858824729,0.6291446089744568,0.0650162622332573,-0.4896918833255768,-0.3034566342830658,0.531316339969635,-0.487235277891159,-0.4013601243495941,0.0521582029759883,0.101046934723854,-0.0911417379975318,0.0952261090278625,-0.081516221165657,0.0092748822644352,-0.2267258316278457,0.0284782815724611,-0.6868160367012024,-0.12941774725914,0.1220920085906982,-0.0853891372680664,-0.4033584892749786,-0.2690415978431701,0.5193651914596558,-0.1828631609678268,-0.1668718755245208,-0.5536885857582092,-0.4236160814762115,0.1363588869571685,-0.0043045855127274,0.2771356105804443,0.0777556598186492,-0.349789023399353,0.0405227653682231,0.2743625044822693,-0.4475827813148498,-0.3583854436874389,-0.3529216051101684,-0.3722110688686371,-0.0259282104671001,0.2640205323696136,0.0198842380195856,0.0364948809146881,0.3889755308628082,0.8042479753494263,0.328020304441452,0.0530457161366939,0.4032005071640014,0.2716283500194549,-0.0084155788645148,-0.1877461820840835,0.0536935292184352,0.6731001138687134,-0.2946824729442596,0.3388879895210266,-0.0479425154626369,-0.4568000435829162,-0.2460206449031829,-0.5809024572372437,-0.2073211371898651,-0.3003045916557312,0.5824452638626099,-0.0996634289622306,0.512287437915802,-0.1298250406980514,-0.1369018703699112,0.1159257143735885,0.0194971449673175,-0.2212868928909301,0.1427001506090164,0.4996728599071502,-0.4105642139911651,0.5981200337409973,0.1283487677574157,0.5325942039489746,-0.0166004542261362,-0.5264654755592346,0.4191180467605591,-0.0281153991818428,-0.7386475205421448,0.4002896249294281,0.3152879774570465,-0.8227277398109436,-0.5908923149108887,0.636773407459259,-0.2950717806816101,-0.5188850164413452,-0.2031677067279815,0.4348208010196686,0.6245151162147522,0.1119444742798805,-0.3088938891887665,0.1627254337072372,-0.1847617477178573,0.2049695700407028,-0.0259799268096685,-0.2985639572143554,-0.4027934670448303,0.8797925114631653,-0.8243235349655151,-0.2577989399433136,0.6186829209327698,-0.1281811743974685,0.289609283208847,0.2863149642944336,0.5281062126159668,0.5563815236091614,-0.7008782625198364,-0.2357297539710998,0.2597061097621918,0.2348428070545196,-0.152508333325386,0.3962023258209228,0.19699028134346,-0.1905360370874405,0.0706462562084198,0.2313521057367324,0.784801721572876,-0.1321071535348892,-0.0334127247333526,-0.2284151315689087,0.2117489576339721,0.4622076153755188,-0.1725536286830902,0.1420440375804901,-0.1547039598226547,-0.1596508175134658,0.2373322695493698,-0.0816425383090972,-0.1296053081750869,-0.2838131487369537,0.6191445589065552,0.0927719399333,0.3536352813243866,-0.1033345162868499,-0.7652285695075989,-0.2812616527080536,0.0512293651700019,0.5681259632110596,-0.1689401865005493,-0.2222278267145156,-0.2293010503053665,0.1710023880004882,-0.21061372756958,0.2614550292491913,0.5954231023788452,-0.3800278902053833,0.4955954551696777,-0.5650869011878967,-0.182464063167572,0.3847026228904724,-0.1075849682092666,-0.6303814053535461,0.1449606716632843,0.0765232965350151,0.235061764717102,0.3683367967605591,-0.5445741415023804,0.1096892431378364,0.3879322409629822,0.4546469748020172,0.8852307200431824,0.1491012126207351,-0.0920034945011138,0.3862189054489136,0.9726864695549012,0.6583338379859924,0.4995845258235931,0.7847920060157776,-0.4844141900539398,0.425960510969162,0.4844289422035217,0.1064777672290802,-0.3954795598983764,0.2428168207406997,-0.6542416214942932,-0.1510819792747497,0.1314856261014938,-0.3717618286609649,-0.3185774087905884,0.2693789303302765,-0.34159055352211,0.5524915456771851,0.031487051397562,-0.2094360142946243,0.1543981879949569,-0.3244028091430664,-0.4815765917301178,-0.1519664674997329,-0.2994093000888824,-0.6921188831329346,0.2445336878299713,-0.2722389698028564,0.0951792821288108,-0.0340509116649627,0.4660629034042358,-0.0307929329574108,-0.161566287279129,-0.8007506132125854,-0.5878145098686218,-0.6243646740913391,0.3358555734157562,0.1035802736878395,0.516731858253479,0.6170958280563354,0.0170042160898447,-0.0807152390480041,0.0012338972883298,0.2587902843952179,0.2374855130910873,0.4090365469455719,-0.3441594541072845,-0.4068492352962494,-0.1941809207201004,0.2163871228694915,0.6346567273139954,0.22193144261837,0.2320992946624755,0.6821820735931396,-0.0536699630320072,-0.055757962167263,0.3331465125083923,0.1477423906326294,0.1193944960832595,0.4756081402301788,0.0595162697136402,-0.1838242262601852,-0.4934022128582001,-0.8607501983642578,0.0587736815214157,-0.1936762183904647,0.0115055590867996,-0.3750826716423034,0.6437875032424927,0.5977579355239868,-0.0425830855965614,-0.1730849742889404,-0.1650083661079406,0.1536269783973693,0.0038658769335597,-0.5980100035667419,0.5353774428367615,0.1017486378550529,0.0274135824292898,-0.0706258341670036,0.0024264759849756,-0.8247966170310974,-0.615157425403595,0.1685298681259155,0.2022072821855545,0.3994459509849548,0.238968625664711,0.1545916199684143,-0.613805890083313,0.0557384863495826,-0.3769707381725311,-0.304839551448822,-0.7299122214317322,-0.3749963343143463,-0.3693147599697113,-0.2313769459724426,-0.0548492036759853,0.2487371265888214,-0.2830171287059784,-0.5715862512588501,-0.756170392036438,0.0153585886582732,-0.1776785850524902,-0.2373984009027481,0.1697172373533249,-0.5375492572784424,-0.0990006327629089,-0.1957247704267501,0.3692850768566131,-0.5263259410858154,0.0303290300071239,-0.4087697267532348,0.4963325560092926,-0.4010292887687683,0.2514719665050506,0.264965146780014,0.3724027872085571,-0.2489191442728042,-0.8029125928878784,-0.0911488234996795,0.3020965158939361,0.146323099732399,-0.3204164803028106,0.1378505378961563,-0.3395130336284637,-0.2293420583009719,-0.0827428698539733,0.4040572941303253,-0.2762787044048309,0.1909001171588897,0.0571515187621116,0.7910487055778503,-0.3184019923210144,0.6146313548088074,0.4848400950431824,-0.2616060376167297,-0.2662145793437958,-9.8771115517593e-06,-0.3455253839492798,0.2665778994560241,-0.2445309311151504,-0.0261648967862129,0.7650332450866699,-0.2633718848228454,-0.0145808709785342,0.071064181625843,0.2150448560714721,-1.7408852577209473,0.2825904190540313,0.1806997060775756,0.1667635291814804,-0.5117776393890381,0.839743435382843,0.4127210974693298,0.131881296634674,-0.1027156859636306,0.0299286730587482,0.5988833904266357,0.3725480437278747,-0.0759102553129196,0.3358051478862762,0.0693007335066795,-0.1527679413557052,0.0176132135093212,-0.3091727793216705,-0.0856363549828529,0.4915342330932617,-0.0247750766575336,-0.3229698836803436,0.061409406363964,-0.5409196615219116,0.1205413788557052,0.2121038138866424,-0.0461340174078941,0.0374266654253006,-0.1425399631261825,-0.6834052205085754,0.3118430972099304,0.7858701348304749,0.329594075679779,0.4992538690567016,-0.344457060098648,-0.2637880742549896,0.3265210688114166,-0.0684621706604957,0.0415456295013427,0.256737470626831,-0.1517443507909774,-0.1339569687843322,1.0280227661132812,0.5759252905845642,-0.2478446066379547,-0.0604220852255821,0.0214361604303121,0.0314754359424114,-0.2568363845348358,-0.2489981651306152,0.6615378856658936,-0.0313007272779941,0.2917622327804565,0.3394989669322967,0.4338203370571136,0.0062062963843345,-0.166797250509262,-0.1860204488039016,0.402532696723938,-0.8260523080825806,0.4708057641983032,-0.1749128997325897,-0.085546113550663,0.0928791463375091,-0.4375042617321014,-0.1466541737318039,0.1911525428295135,-0.3526182174682617,-0.2481541037559509,-0.5709146857261658,-0.1770616024732589,-0.228446215391159,-0.2800900936126709,-0.3503553867340088,0.2203634828329086,-0.1203128919005394,0.1211751848459243,-0.5081344246864319,-0.0503873154520988,0.3482100665569305,-0.1362237334251403,-0.056479774415493,0.1403346061706543,0.2924045026302337,-0.2017356008291244,-0.4534562826156616,-0.4401923716068268,-0.7485994696617126,-0.6471848487854004,-0.1862692236900329,-0.1717788428068161,-0.1724080592393875,0.0826343446969986,0.1674203425645828,0.0703337639570236,0.0390617400407791,-0.0128400810062885,0.3802587985992431,-0.4536420702934265,-0.782600998878479,-0.2814096212387085,0.5625092387199402,0.5053804516792297,-0.071104496717453,0.4473376870155334,0.1198411807417869,-0.0126887401565909,-0.2218373566865921,0.0578853264451026,0.3583618700504303,-0.8814335465431213,0.183538869023323,0.354167103767395,-0.0725191980600357,0.0535488687455654,0.2237451076507568,-0.1667503267526626,0.4656839072704315,-0.2989868819713592,-0.6985520720481873,-0.5028764605522156,0.1994774490594864,0.0291617959737777,0.6447843313217163,0.639089822769165,1.021400809288025,-0.5333119034767151,0.0190039481967687,0.4159266948699951,-0.3439691364765167,0.4859835803508758,0.0782874971628189,-0.528586745262146,-0.1930750012397766,0.3810518085956573,0.6707021594047546,0.3197977542877197,0.1903689205646515,-0.1064643934369087,0.0875580161809921,-0.3277841508388519,0.0650975033640861,0.2064768075942993,0.3195544481277466,-0.3385978043079376,0.372130274772644,-0.4096694886684418,0.0989624857902526,-0.4357123076915741,-0.3577343225479126,0.8118838667869568,0.2137626558542251,-0.0089520383626222,0.1701973527669906,-0.5677064061164856,-0.4176171720027923,-0.524898886680603,0.0073866927996277,-0.2905154526233673,0.4139170050621032,0.3097327351570129,-0.0186425764113664,-0.728797435760498,-0.0384173244237899,-0.0435743033885955,0.4856541156768799,0.7119395136833191,-0.5337306261062622,-0.1195085346698761,0.4539907574653625,-0.237971544265747,-0.0639684498310089,0.5981972217559814,0.4276098608970642,-0.0048958505503833,-0.6460533142089844,0.2525036036968231,0.3103735148906708,0.183103546500206,-0.2672407925128937,0.488578736782074,-0.0005249618552625,-0.6604204177856445,-0.0546648949384689,-0.3457785248756408,-0.3208663165569305,-0.1638485342264175,-0.5000569224357605,-0.202728733420372,-0.5749695897102356,0.1266409903764724,0.3845697343349457,0.7949180603027344,-0.7571551203727722,0.2227615118026733,0.2874870300292969,0.1111689507961273,0.4775233864784241,-0.0645553767681121,0.011907392181456,-0.2423970699310302,-0.1244736462831497,0.7176164388656616,0.0569379925727844,0.2117968648672104,-0.3096396625041961,-0.4825328886508941,0.2088540196418762,-0.355385810136795,-1.0420490503311155,0.7793564200401306,0.012664427049458,0.4132837951183319,-0.7081760764122009,0.1493453234434127,-0.7651697397232056,0.0032540704123675,-0.0914791077375412,0.0978366658091545,-0.1116545498371124,-0.8757041692733765,-0.3139916360378265,-0.1590943038463592,-0.566377580165863,0.5023816227912903,0.4602360129356384,-0.9821589589118958,-0.1582596749067306,-0.0070979255251586,-0.2531427443027496,-0.3604272902011871,-0.0941133052110672,-0.7887964248657227,0.2219288796186447,0.3755541443824768,0.5312511920928955,0.1598069667816162,0.259240984916687,-0.350378543138504,-0.4551799297332763,0.9467083811759948,0.2260780781507492,0.3708216845989227,0.2141226977109909,-0.2143303006887436,0.3571382462978363,-0.4924136102199554,0.4193252623081207,-0.2256555706262588,0.6135064363479614,-0.1030667945742607,0.5488178730010986,0.1625766605138778,-0.4677271842956543,0.0433758683502674,0.9873994588851928,0.4146472215652466,0.6221747994422913,-0.0347541160881519,-0.4455163180828094,-0.9752799272537231,0.619540274143219,-0.0752112418413162,0.0707108974456787,-0.2230593711137771,-0.1691255271434784,-0.0887128338217735,-0.7563556432723999,-0.2035101056098938,0.5691042542457581,0.1234966143965721,0.5359523296356201,0.0908351987600326,0.0026406394317746,0.8012840747833252,0.3362390697002411,-0.5438360571861267,0.0621774941682815,0.2115887254476547,-0.1348314434289932,0.3842018842697143,0.5099607110023499,0.2374593615531921,-0.068747267127037,-1.1411858797073364,-0.1129660159349441,-0.3909855484962463,0.4265235662460327,0.3410027325153351,-0.3351138830184936,-0.304574966430664,-0.2024471759796142,0.651141345500946,0.0118816122412681,-0.1180346608161926,-0.392895758152008,0.0802096873521804,0.018132084980607,-0.3096823394298553,-0.0404152870178222,0.3725655972957611,0.4211075901985168,-0.3595326542854309,-0.1722401231527328,-0.1530766189098358,0.2778626382350921,-0.3643953800201416,-0.484514445066452,0.2747633159160614,0.0699016153812408,-0.2016126662492752,-0.0232675895094871,0.1878821104764938,-0.4560297131538391,-0.1545212417840957,-0.068447008728981,-0.5711832046508789,-0.0774160549044609,0.2261106818914413,0.2770842909812927,0.1027728021144867,0.1369340270757675,0.0550413504242897,-0.3401311337947845,0.3451176881790161,0.1430452316999435,-0.9154706001281738,-0.1720589846372604,-2.547670010244473e-05,0.2424150258302688,0.4374765753746032,0.2343399673700332,-0.2358662784099578,0.1986692398786544,-0.5195231437683105,-0.0309079866856336,0.2128483802080154,-0.5266289114952087,0.2320677936077118,-0.0497545041143894,-0.4038551151752472,-1.2602094411849976,0.3594813644886017,0.0409864224493503,-0.1618845462799072,-0.1448629349470138,0.0241664592176675,-0.0381735749542713,0.2516963183879852,0.1248134076595306,-0.2569046020507812,0.2691390514373779,-10.183902740478516,-0.2567149996757507,-0.718460202217102,-0.6796305179595947,-0.3511599004268646,0.3789778351783752,0.6482551693916321,0.4523553848266601,-0.273004800081253,0.4895169138908386,-0.1091485396027565,0.3039752840995788,0.172423243522644,0.5182987451553345,0.0184263717383146,-0.007570412941277,0.214918777346611,-0.0909195467829704,-0.2019148916006088,-0.3108972012996673,-0.057962242513895,-0.1133148521184921,0.6724187731742859,0.0676067993044853,-0.039084319025278,-0.6405877470970154,-0.3950639069080353,0.3108253180980682,0.0564018674194812,0.5072709321975708,-0.550993800163269,1.0070217847824097,-0.4920615255832672,0.4789992272853851,-0.2841202616691589,-0.5646951198577881,-0.1350406557321548,0.1903202682733535,0.2129331231117248,0.6923608779907227,-0.0486094951629638,0.6786579489707947,0.1882403641939163,0.2139508873224258,0.3854463994503021,0.1514238715171814,0.2538774609565735,0.8112355470657349,0.2596268951892853,0.3866504430770874,-0.2082613259553909,-0.3068653047084808,0.2086789458990097,0.1304090172052383,0.0934861898422241,-0.1980829238891601,-0.1507054716348648,-0.8942746520042419,-0.3281747996807098,-0.2260064035654068,0.5080231428146362,-0.1447638124227523,0.7434154152870178,0.646694540977478,-0.4470295011997223,-0.255549818277359,0.3535367846488952,0.3171027600765228,-0.6138595342636108,-0.1941128969192505,0.554634153842926,-0.4736468493938446,-0.0534936599433422,0.1917922496795654,-0.6951208114624023,0.5464858412742615,0.273507684469223,-0.2494314759969711,0.7680690884590149,0.3176535069942474,0.6653170585632324,0.169256791472435,-0.4707120060920715,0.270485371351242,-0.9562456011772156,0.7431045174598694,0.0506362430751323,0.2953412234783172,-0.2512335777282715,-0.3254406154155731,0.6690670847892761,0.2440534085035324,-0.1781124770641327,0.124390073120594,0.2587287127971649,-0.5263398885726929,0.2787221074104309,0.3456564843654632,0.4044411778450012,0.208187848329544,0
0.6195648908615112,0.3489904701709747,1.0567883253097534,-0.4765182733535766,-0.5891979932785034,-0.1809852719306945,0.0059980759397149,0.3481148183345794,-0.8365700244903564,-0.6619139313697815,-0.2249849289655685,-0.709401547908783,-0.0504682175815105,-0.4271685481071472,0.7363948225975037,0.4460712671279907,-0.5139725804328918,0.4701919853687286,0.1286108493804931,-0.3889336884021759,-0.8025297522544861,-0.7192121744155884,-0.5512325763702393,0.1941795796155929,-0.4240441024303436,-0.9229090809822084,-0.5777475237846375,-0.2258715033531189,0.0061606224626302,0.1903616487979889,0.2632638216018677,-0.4594249129295349,-0.3370295763015747,0.3261558711528778,-0.7294156551361084,0.6906647086143494,0.1098550781607627,0.2041232734918594,0.4162230789661407,-0.5478252172470093,-0.3630021214485168,0.5252999663352966,-0.6012375354766846,-0.5337058305740356,-0.1171065792441368,0.041893757879734,-0.1703510880470276,-0.031400877982378,-0.1483786702156067,-0.3944182395935058,-0.7106783986091614,0.7770763635635376,0.3953070640563965,0.1971932351589203,0.425059050321579,0.3488447666168213,1.0091537237167358,0.0231695063412189,0.0251429192721843,-0.2772858142852783,-0.7284931540489197,0.1356604993343353,0.3728354871273041,0.1996486485004425,-0.592863142490387,0.3532702028751373,-0.1977674067020416,0.5270116329193115,0.4377854466438293,-0.1567492187023162,0.5720683932304382,0.3822307288646698,0.2298650741577148,-0.3820671439170837,0.2723013460636139,-1.026605486869812,0.4222369492053985,-0.3067958056926727,0.2783031761646271,0.1548672318458557,-0.239579826593399,-0.1771947145462036,0.1182410269975662,-0.3522379100322723,-0.6739863157272339,-0.3207395672798157,-1.280389428138733,-0.1314788162708282,0.1092400550842285,0.1847828775644302,0.0771256908774375,-0.437089592218399,0.370442658662796,-0.3064039647579193,1.0832984447479248,0.4152913391590118,0.3117563426494598,-0.1497225910425186,0.3455894887447357,0.2241485565900802,-1.3417664766311646,0.5552119016647339,-0.0222490578889846,-0.8507680296897888,-0.5020774602890015,-0.1633059084415435,-0.2702930569648742,0.9135725498199464,0.5686036944389343,0.4233021438121795,0.0308378841727972,-0.2613431215286255,-0.8987371921539307,0.1841257512569427,-0.0797238424420356,0.4295142292976379,-0.5939999222755432,-0.1568807661533355,0.0380602180957794,0.1479811817407608,0.2256724238395691,0.58320552110672,-0.4946492314338684,-0.1372482478618621,0.271740585565567,0.1917717903852462,0.1432688981294632,0.3522486984729767,0.2582482099533081,-0.6036713719367981,0.3547253906726837,-0.6765661239624023,-0.4382753372192383,0.0448752231895923,-0.6328389644622803,0.965863823890686,0.2955978512763977,-0.4536164700984955,0.0455907583236694,0.1167070865631103,-0.4535581469535827,-0.1906919628381729,0.8190338611602783,-0.4693425297737121,-0.1263845413923263,0.4840159714221954,-0.3180535137653351,-0.3546625971794128,0.4179584980010986,0.3845674991607666,-0.1171512454748153,1.1854907274246216,-0.5989495515823364,0.4140498638153076,0.3314343392848968,0.4171215295791626,0.197724312543869,0.2486430704593658,0.3477166593074798,0.0276961978524923,0.411643385887146,0.0632825419306755,0.118790403008461,1.0481526851654053,0.6594823598861694,-0.0155564593151211,0.6942266225814819,-0.1477566659450531,0.1065890714526176,0.9082752466201782,0.5210177898406982,0.6927188038825989,0.2869593799114227,-0.080572210252285,-0.143041580915451,0.5369226336479187,1.0504631996154783,0.4520522058010101,-0.3815566003322601,-1.0843147039413452,0.4242238998413086,0.4428893625736236,0.7727795243263245,-0.11271483451128,0.5963641405105591,-0.5336257219314575,-0.4145865440368652,-0.0930271968245506,0.4222430884838104,0.1927646398544311,-0.4035003781318664,-0.4110448360443115,0.1082634553313255,-0.0029858634807169,0.0524127073585987,0.166703388094902,0.1684794872999191,0.3491660058498382,-0.12071093916893,0.3308565616607666,0.5550510287284851,-0.018241224810481,-0.1458954364061355,-0.93206387758255,-1.468620777130127,-0.5858704447746277,-0.053965974599123,0.1871979236602783,0.1993109285831451,0.6862973570823669,-0.7204278707504272,-0.1594906896352768,0.1600438356399536,-0.4500786960124969,0.8950967788696289,0.483115404844284,-0.3662504553794861,-0.1398576647043228,-0.0772723108530044,-0.0402719527482986,0.1948870122432708,-0.6461538076400757,0.3496512472629547,0.1929983347654342,-0.292580246925354,0.8708901405334473,0.5928434133529663,-0.952753245830536,-0.5800488591194153,0.2994386255741119,-0.7095662951469421,-0.3877021372318268,-0.1414899677038192,-0.1187630221247673,-0.226882517337799,-0.9625067114830016,-0.6216272711753845,0.1769756227731704,-0.3720604479312897,0.6183730959892273,-0.2944242060184479,-0.2436751723289489,0.3913763761520386,0.3015227615833282,0.3717937469482422,0.2275534719228744,-0.1137370243668556,-0.4073820412158966,-0.9319515228271484,-0.1594752222299575,-0.6824278235435486,-0.4467746615409851,-0.298469603061676,0.5496417880058289,0.4088552594184875,-0.3417203724384308,0.3422651588916778,-0.8266787528991699,-0.2169264554977417,-0.944948673248291,0.300152450799942,-0.2175954282283783,0.4510443806648254,0.2433313578367233,-0.5626786351203918,0.1603416502475738,0.3203263878822326,-0.2135343700647354,-0.4064880609512329,-0.1030912548303604,0.1624127775430679,0.153968408703804,0.3976919949054718,-0.4147221446037292,-0.0498390197753906,0.1031231135129928,0.6804152131080627,1.0598911046981812,-0.1469211876392364,-0.6755654811859131,-0.4156228601932525,0.7218894958496094,-0.8200952410697937,-0.5111777186393738,0.0852808803319931,1.0379979610443115,-0.4341500699520111,-0.0093580558896064,-0.0931151360273361,-0.2131607830524444,0.1918867975473404,-0.6069152355194092,0.0588084161281585,0.1086339578032493,-1.049772024154663,-0.0527109093964099,0.4001291394233703,0.2348199486732483,0.3815994262695312,-0.1056061089038848,0.2873418629169464,-0.2647623121738434,0.0589905194938182,0.1709464490413665,-0.1004977151751518,-0.5174713134765625,-0.1428467333316803,0.6444472670555115,0.2665767967700958,-0.8470263481140137,-0.1114944517612457,0.6196324229240417,-1.261491298675537,-0.3067860305309295,0.4951604306697845,0.4625239670276642,-0.806296706199646,0.3060609698295593,0.7664307355880737,0.5978373289108276,-0.3235744833946228,-0.4803456664085388,0.4361900687217712,0.680817723274231,-0.3462209403514862,-0.766511082649231,0.4465742707252502,0.1413706839084625,-0.1029802933335304,-0.540488064289093,-0.4225925207138061,0.2654396593570709,-0.0956962928175926,-0.2448957860469818,-0.4192146956920624,-0.1646664142608642,-0.3066335022449493,-0.1862993538379669,0.2451054602861404,-0.0318525545299053,-0.0467939153313636,0.695682168006897,-0.4298053383827209,0.2943534851074219,-0.7330169677734375,-0.4372770488262176,0.266561895608902,1.275129795074463,0.4799474477767944,0.6537413001060486,-0.7526010274887085,-0.1445199996232986,0.5737951993942261,-0.2828126549720764,0.7841343879699707,-0.7082526087760925,0.3595519959926605,-0.2249900996685028,0.4486998617649078,0.1162942722439765,-0.312129944562912,0.2356796860694885,-0.7608378529548645,-0.673935055732727,0.2672902941703796,-0.0121579803526401,0.5657185316085815,0.1676893681287765,0.0501080378890037,1.1467639207839966,0.0960680320858955,0.2769872546195984,-0.271636962890625,-1.2229118347167969,-0.2898721396923065,-0.818493664264679,-0.0662508532404899,-0.1926941573619842,-0.1408600509166717,0.6379884481430054,-0.5304189920425415,0.1868663430213928,-0.1202046424150466,-0.4112637639045715,0.2442872375249862,-0.3000135421752929,-0.6347482204437256,0.0767916440963745,-0.0052538914605975,-0.5005415678024292,0.9109095931053162,-0.0007811538525857,0.5739177465438843,-0.3620568215847015,-0.639089047908783,0.5519065260887146,-0.296102374792099,0.0041193105280399,-0.0016299751587212,0.1267074197530746,-0.2287810444831848,-0.2666354477405548,-0.1437699347734451,0.0704218074679374,-1.0117563009262085,0.5357574224472046,-0.4320216178894043,0.0675554797053337,-0.0848605036735534,-0.2459176182746887,-0.7839255928993225,-0.2140903323888778,0.0649926662445068,-0.1526171118021011,0.1472381502389907,0.3655463755130768,0.192785158753395,-0.4598661065101623,0.4447408616542816,0.5818700790405273,0.773893415927887,-0.2916417717933655,0.6764229536056519,-0.2633430957794189,0.1170301362872123,0.3807166218757629,-0.636992871761322,-0.5004210472106934,0.4088150560855865,0.2970898449420929,-0.4510889947414398,-0.2047666013240814,-0.3112285435199737,1.1695051193237305,-0.2776446640491485,-0.454189658164978,0.902678370475769,-0.3502555191516876,0.3743431270122528,1.0348628759384155,0.7548885345458984,-0.3306185603141784,0.8137053847312927,0.2189303785562515,0.4164632558822632,0.0481533221900463,-0.4062684178352356,-0.2302813231945037,0.8682974576950073,-0.0690934285521507,0.0666430816054344,0.7246530055999756,0.2387608587741851,0.2063861191272735,0.304114431142807,-0.0526445172727108,0.0919842198491096,0.3205940127372741,-0.1039949804544448,-0.344978004693985,-0.0909045413136482,-0.1859214305877685,-0.3086766302585602,-0.1104165613651275,-0.4009558856487274,0.3755174279212951,1.0586365461349487,-0.69407057762146,0.3782074749469757,-0.9081338047981262,-0.5527552962303162,-0.1388085484504699,-0.1920015960931778,0.0875670760869979,-0.8221295475959778,-0.3547230660915375,0.0455889664590358,0.100279651582241,-0.4144933223724365,0.1088500693440437,0.3550724685192108,-0.2159822881221771,-0.3159510493278503,-0.813616156578064,0.1168316379189491,0.7964914441108704,-0.5838242173194885,-0.3934233486652374,0.060257464647293,0.1438681185245514,0.7519621849060059,-0.8378763198852539,-0.4993960857391357,-0.388970673084259,-0.1639347821474075,-0.7298585176467896,-0.0774035155773162,0.1874646097421646,-0.6804988384246826,0.2744324803352356,0.0274815335869789,-0.2773340940475464,-0.6969039440155029,-0.2621581554412842,-0.1018723174929618,-0.5727987289428711,0.2523036897182464,0.1731978803873062,-0.2328196913003921,0.108727253973484,-0.1145984902977943,0.3019725382328033,0.7329968214035034,-0.3828904032707214,0.8873105049133301,0.0118421558290719,0.352819412946701,-0.810456395149231,0.5460114479064941,-0.7754442095756531,0.2387319207191467,-0.7294042706489563,-0.6843485832214355,-0.7158702611923218,-0.5920957326889038,-0.4448314309120178,0.6941059827804565,1.415650486946106,0.5825144052505493,-0.6701879501342773,0.2146046459674835,-0.1199929490685463,-0.4598611295223236,-0.5141260623931885,0.0787957608699798,0.0287131275981664,-1.562509536743164,-0.1510507017374038,0.1109620109200477,-0.5994253754615784,1.3839061260223389,-0.1814644634723663,-0.5518447160720825,-0.2039219886064529,0.4202861785888672,0.3994800150394439,-0.4896880388259887,0.0579875633120536,0.6398654580116272,0.2553820610046386,0.8101413249969482,-0.274228572845459,0.0906463786959648,0.1436778157949447,0.1233146637678146,0.0946904346346855,0.4151434302330017,0.4983032047748565,0.0801388993859291,0.8776180744171143,-0.6998874545097351,-0.6978878974914551,-0.6231597661972046,0.3570880591869354,0.1529397666454315,0.689155638217926,0.2196631878614425,0.7957811951637268,0.6500939130783081,-0.1513335853815078,0.0573428571224212,0.8899685144424438,-0.0597225539386272,1.2249330282211304,-0.5518271327018738,0.1374015361070633,-0.7722051739692688,-0.0206141173839569,0.9322041273117064,0.7353374361991882,-0.0895386338233947,-0.1536366045475006,-0.030578788369894,-0.5362865924835205,0.6016854047775269,0.3558008670806885,-0.1032327115535736,0.3825442492961883,0.2989633977413177,-0.4406847059726715,1.0371015071868896,-0.0341293402016162,0.2658805251121521,-0.6539269685745239,-0.0679441913962364,0.7289755940437317,0.4150844812393188,0.0939821302890777,0.7793418169021606,-0.2908057868480682,-0.6848353743553162,-0.1627069562673568,0.4638008773326874,-0.5895224809646606,0.6393943428993225,-0.0029510802123695,-0.5359312891960144,0.7100718021392822,0.655490517616272,0.3547017872333526,0.3587740361690521,-0.5897667407989502,0.1178450062870979,-0.1086761206388473,-0.1629100739955902,0.3958805501461029,0.2954218983650207,0.4053311049938202,0.0414086431264877,-0.8010706305503845,0.4483011364936828,1.3589962720870972,-0.0052117416635155,-0.092074379324913,0.3095720112323761,0.0476359650492668,-0.3680016994476318,0.1139998286962509,0.3104340732097626,-0.2435269206762313,0.2289800196886062,-0.2655230164527893,-0.3084410727024078,-0.1917210221290588,-0.1111677139997482,0.836298406124115,0.1016987338662147,-0.1079253777861595,-0.1257338672876358,-0.0497482158243656,-0.7834899425506592,-0.0943723171949386,-1.2535018920898438,-0.8204447031021118,-0.0228514838963747,0.079421080648899,0.1268144994974136,-0.0876045674085617,-1.0506716966629028,-0.3635828495025635,-0.3436509370803833,-0.780060350894928,-0.2888449728488922,0.2456021755933761,0.4450479447841644,-0.0233513191342353,-0.6451221704483032,-0.3198616802692413,0.4667545855045318,0.4408571124076843,0.2822818756103515,0.2906259596347809,-0.4739277958869934,-0.2051218152046203,-0.0680044218897819,0.5647624731063843,-0.0696877837181091,-0.4178608059883117,-9.239850997924805,0.4858905375003814,-0.6960218548774719,-0.0361793711781501,-0.2908546030521393,0.1097744330763816,0.7458534836769104,0.9021535515785216,-0.8397974967956543,0.8337070345878601,-0.4177514016628265,0.3903300762176513,0.6950947642326355,0.6229278445243835,-0.6647345423698425,0.0440518483519554,0.3326362371444702,-0.1166946589946746,0.6179511547088623,-0.1337971836328506,-0.4723475575447082,-0.8308966755867004,0.333613246679306,-0.35804483294487,-0.5387967228889465,0.3511967658996582,0.7182985544204712,0.211320474743843,-0.3411101400852203,0.7431811690330505,-0.708786129951477,0.2283969521522522,-0.0462522357702255,-0.4464648962020874,-0.3448687195777893,0.6354577541351318,0.4750964045524597,0.5005751252174377,-0.6288119554519653,-0.0984638035297393,-0.2708901166915893,0.7006009221076965,0.0804221704602241,0.0824451893568039,-0.1221666112542152,-0.0991153195500373,-0.1915300339460373,-0.0420115441083908,0.9884529113769532,-0.290996104478836,-0.0704822018742561,-0.7775848507881165,0.459912896156311,-0.9610315561294556,-0.3412564992904663,0.0553800277411937,-0.5966173410415649,-0.8167950510978699,-0.3448605835437774,0.1789460480213165,0.4906902015209198,0.3579187393188476,0.6264480352401733,0.1931654512882232,0.0191162060946226,0.154929056763649,0.4830325841903686,0.4936136901378631,-0.3643776178359985,-0.4921980798244476,-0.0711397528648376,0.0291632562875747,-0.4733636081218719,-0.1612384468317031,-0.1430217027664184,0.0011700104223564,-0.6814314723014832,-0.2017345577478408,0.7151430249214172,-0.0283666495233774,1.094463586807251,-0.1716654151678085,0.0287442691624164,-0.3106435239315033,0.1182713881134986,0.03754448518157,0.8500673770904541,0.6016170382499695,-0.007225947920233,-0.7786552309989929,0.437221348285675,0.5968304872512817,0.606789231300354,0.6270705461502075,0.1220488622784614,0.0347596146166324,0.8286532759666443,-0.122065931558609,0.8150589466094971,0.1964781284332275,0
0.0742423236370086,0.3330139517784118,-0.4450075030326843,-0.3537943959236145,0.3532416820526123,0.4910364151000976,0.0757136270403862,-0.2273357063531875,-0.4840376079082489,-0.4520646631717682,0.8452945947647095,-0.2189993411302566,-0.2474959641695022,-0.406511515378952,0.5107200145721436,-0.4672616422176361,-0.0510722957551479,0.4577294290065765,-0.1210469305515289,0.179439291357994,-0.4840620756149292,-0.7459595799446106,0.1288764476776123,0.1346560716629028,0.4906442165374756,-0.5122134685516357,-0.1986866742372512,0.3602287173271179,0.0371843576431274,0.2459975630044937,-0.5558360815048218,-0.5253701210021973,0.0609442889690399,-0.4846367835998535,-0.2143356502056121,0.229059636592865,0.3663731515407562,-0.1218433156609535,-0.4632030427455902,-0.0922609642148017,-0.1498668640851974,-0.0846659615635871,0.0085929334163665,-0.4637056291103363,-0.0888672322034835,0.7709968686103821,0.1959840357303619,0.1070571616291999,0.7109037041664124,0.2981816828250885,-0.214362233877182,0.0370761901140213,0.4618444740772247,-0.3684605658054352,-0.2015471309423446,-0.1998677551746368,0.1546501964330673,0.1650233268737793,-0.1739095151424408,0.1931297183036804,-0.6687195301055908,0.2741646766662597,0.0213516112416982,-0.0040531232953071,-0.1527827680110931,-0.2492921501398086,0.2392536550760269,0.0120618669316172,-0.4421583712100982,-0.2290343642234802,-0.314007967710495,0.0296649429947137,0.0191665701568126,-0.3407289683818817,1.0184969902038574,-0.1407565325498581,-0.1803088039159774,0.1698072701692581,0.1296010315418243,0.0468671135604381,-0.0005052648484706,0.3375195264816284,-0.1845870018005371,-0.290671706199646,0.2493066042661667,-0.0559674464166164,-0.3834569752216339,-0.5467400550842285,0.2022909969091415,-0.1332765519618988,-0.0594511181116104,-0.1523081660270691,0.3520277440547943,0.2092531472444534,-0.4350459277629852,-0.0166174937039613,0.3056862950325012,-0.1497508287429809,-0.352637767791748,-0.0969780310988426,-0.1449854522943496,-0.5285674333572388,0.4975885152816772,0.1263253092765808,-0.2024181187152862,-0.1467762291431427,-0.4123440980911255,0.3629208505153656,-0.0390474647283554,0.2510903179645538,-0.0425520949065685,-0.4223004877567291,0.0694435983896255,0.1818235069513321,-0.1146756559610366,0.3010717332363128,0.1635380089282989,0.3402380645275116,-0.2414637804031372,0.5683515667915344,0.0177794229239225,0.8037430047988892,0.0156241813674569,-0.0892020687460899,0.0445310473442077,0.1333493143320083,0.1640436053276062,-0.67827969789505,-0.1906972527503967,-0.2142869681119918,0.1071602329611778,0.2691522240638733,-0.2919790148735046,0.1182885617017746,-0.4799343049526214,0.5257173776626587,-0.2651969790458679,0.5087087750434875,-0.242032304406166,-0.6157172918319702,-0.0287671964615583,0.5583637356758118,0.2053062915802002,-0.4606916010379791,-0.2668575346469879,0.1352680921554565,-0.0460431091487407,-0.2290999442338943,0.5815484523773193,0.0756122097373008,-0.373000293970108,0.5346992611885071,-0.5694633722305298,-0.3478094339370727,-0.0175888426601886,-0.1103339195251464,-0.8607032895088196,0.0406267791986465,0.2267351895570755,0.6842771172523499,-0.2660985887050628,-0.3532829284667969,-0.0453867316246032,0.4466477036476135,0.5665185451507568,0.069207526743412,0.3343859016895294,-0.5213139057159424,0.1032223328948021,0.5462564826011658,-0.0169639866799116,0.0245961286127567,0.2732985317707062,-0.3774614632129669,0.5075084567070007,0.1722207963466644,-0.0050478633493185,0.0325187742710113,0.2380689978599548,-0.414058655500412,0.127878800034523,-0.2096139043569564,-0.1414117366075515,-0.3019088506698608,0.3798588514328003,-0.648094117641449,0.1668550670146942,-0.3187386691570282,0.0258074849843978,-0.2410731613636016,-0.159614622592926,-0.5020554065704346,0.5353348851203918,-0.4817843735218048,-0.0827553272247314,-0.0634893104434013,-0.0339130535721778,-0.3158082962036133,0.0535363592207431,0.4418801665306091,0.1200811564922332,0.054438192397356,-0.3877078890800476,-0.8122380971908569,-1.0736372470855713,-0.0941321402788162,0.4046836197376251,0.4062840938568115,0.1679373532533645,0.3646089732646942,-0.3957914710044861,0.2482173889875412,0.1220466643571853,-0.0587863251566886,-0.0509486310184001,-0.0543970838189125,-0.5202624797821045,0.0351971313357353,0.3376376926898956,-0.6664898991584778,0.3643487095832824,-0.4202050864696502,0.2634217143058777,0.4583452641963959,-0.2691214978694916,0.0372564084827899,-0.0270383991301059,-0.3563060760498047,0.1574449837207794,0.87684166431427,-0.2061403691768646,-0.0794132053852081,-0.8050961494445801,-0.0967162251472473,-0.5282164216041565,0.3268319368362427,0.0349509045481681,0.4083581566810608,-0.194251000881195,0.2433279007673263,0.2002975791692733,-0.2499866038560867,0.058934923261404,-0.0548470839858055,-0.2173903584480285,0.3238850235939026,-0.1939383298158645,-0.4534960389137268,-0.2903502881526947,0.0324875637888908,-0.5581664443016052,-0.5012549757957458,0.4984372854232788,-0.4269191920757293,0.6212307214736938,0.1411945819854736,0.3281502425670624,-0.8557057976722717,-0.1678503602743148,-0.4103989601135254,-0.208535611629486,-0.3485463857650757,0.1888104081153869,-0.0390668734908103,0.2116974890232086,-0.1734356582164764,-0.216150015592575,-1.1659576892852783,-0.3703452050685882,-0.3943776488304138,0.1244698390364646,-0.2898524105548858,-0.2151069194078445,-0.0484906509518623,-0.1751576662063598,-0.0269644595682621,-0.1800417900085449,0.3557970523834228,-0.2229432016611099,0.4259726703166961,-1.0649555921554563,0.5214108228683472,-0.6851509213447571,0.3195766806602478,0.0362306721508502,-0.1854678392410278,-0.0408688001334667,-0.5588877201080322,-0.1232456564903259,0.3713202178478241,0.438415378332138,-0.6395547389984131,0.1615892648696899,0.049804650247097,-0.2150278687477111,0.1673540025949478,0.4237509667873382,0.0120493350550532,0.1625511646270752,-0.0203977171331644,0.6105543971061707,0.255047082901001,0.3527452945709228,-0.406722217798233,-0.3520653843879699,-0.4327926933765411,-0.5446853637695312,-0.3809921145439148,0.851805567741394,-0.1012478843331337,0.1129158288240432,0.9938908815383912,-0.7245206236839294,-0.190769612789154,0.4421418011188507,0.2708339989185333,-1.367504596710205,0.1049443855881691,0.0916192904114723,-0.2612210214138031,-0.0744868144392967,0.3613816201686859,0.218541994690895,0.4532367587089538,-0.0569940730929374,-0.3014551401138305,0.9467974305152892,0.4949329793453216,0.1011964157223701,-0.4946164190769195,0.7344223856925964,-0.0732712596654892,0.0923794284462928,-0.3406877219676971,-0.5071636438369751,0.2337279766798019,0.3787388801574707,0.0193988438695669,0.2765727043151855,-0.4663834273815155,-0.0918539017438888,0.1381756514310836,-0.10019551217556,0.219620019197464,-0.4414709806442261,-0.1128413900732994,0.190971702337265,0.5164321660995483,0.589641273021698,0.8569481372833252,0.2078739255666732,0.1020235791802406,0.7102785110473633,0.3657528162002563,0.6217800378799438,0.0173499286174774,0.0741462409496307,0.1081386059522628,0.4718742072582245,-0.0181661434471607,0.2001671344041824,0.079133540391922,0.582419753074646,0.2887793183326721,0.5806037187576294,-0.1183381155133247,0.3082117438316345,0.3677203357219696,0.31102055311203,0.7447459101676941,0.4226313829421997,0.1672681868076324,-0.6663649082183838,-0.188687264919281,0.3288110494613647,-0.5550928115844727,0.0245085041970014,0.2496380507946014,0.5079242587089539,-0.2173969894647598,-0.4625740051269531,0.1231372207403183,0.4955804049968719,-0.1666944026947021,-0.5805251002311707,-0.3853215277194977,-0.615144670009613,-0.221407875418663,-0.1303703635931015,-0.8066840171813965,0.2197250872850418,0.2318197786808014,0.3091916143894195,-0.6116858124732971,-0.0444712787866592,0.1862290650606155,-0.7234421372413635,0.0642637759447097,-0.4130603671073913,-0.0056013669818639,-0.5066355466842651,0.1777539402246475,-0.18148835003376,-0.1445691585540771,-0.3907641172409057,0.1366250216960907,-0.209141656756401,0.2504712641239166,-0.0233423691242933,0.4674542546272278,-0.059251245111227,0.5048641562461853,0.043604701757431,0.2478443682193756,-0.2321676164865493,0.0863143503665924,-0.5848694443702698,0.2119140326976776,0.5857650637626648,0.2970518767833709,0.283654123544693,0.3118868768215179,0.4099399149417877,0.1258585304021835,-0.0755718946456909,-0.022803034633398,-0.2383574396371841,-0.6956143379211426,0.7727620005607605,0.2410871833562851,0.1756283491849899,-0.2758700847625732,-0.1947786808013916,0.1710977256298065,-0.2218316346406936,-0.237852856516838,-0.172521024942398,0.1367765218019485,0.0556310415267944,0.1379725635051727,-0.1301013827323913,0.9963765740394592,-0.5135068893432617,0.3207392692565918,0.2744286954402923,0.0984241142868995,0.3161286115646362,0.1740449070930481,-0.1567199081182479,-0.0595823228359222,0.3163750767707824,-0.1160292625427246,-0.1660627275705337,-0.3220095932483673,0.1844811141490936,0.0244755707681179,0.188332051038742,0.6108905673027039,0.3070165812969208,-0.0192546155303716,-0.6011876463890076,-0.5485519766807556,-0.4158765971660614,-0.3059934079647064,-0.4014372825622558,0.3440805673599243,0.3201162219047546,-0.4112567603588104,0.0197402294725179,-0.2936322689056396,-0.6766907572746277,-0.4339606463909149,-0.3122068047523498,-0.0672766119241714,-0.1189839541912078,0.973155915737152,0.5649281144142151,0.1743807643651962,-0.7071307301521301,0.5378695726394653,-0.1162489205598831,0.0590359456837177,0.2875991761684418,-0.0294951330870389,-0.0840926617383956,-0.1318912059068679,0.0626690164208412,0.1960514187812805,0.3063077628612518,0.6131133437156677,-0.1184803694486618,-0.5474212169647217,0.1621340811252594,0.1770634949207306,0.0455133989453315,-0.3783379793167114,0.7200154066085815,0.2408391684293747,-0.3134249448776245,-0.4049074053764343,-0.2420514225959777,-0.2747218608856201,0.2393253892660141,-0.790289580821991,-0.1178176179528236,-0.3768865168094635,0.1412502378225326,0.2919507622718811,0.5788042545318604,-0.4681045711040497,0.3126051723957062,0.3795687258243561,0.6736486554145813,-0.440080463886261,0.2532998919486999,-0.2488140016794204,-0.2786606550216675,-0.1103451326489448,0.4375189840793609,-0.3158532083034515,0.4014500379562378,-0.7251631617546082,-0.5302066802978516,-0.5450356602668762,0.0019064506050199,-0.9640617370605468,0.6832249164581299,0.0275597628206014,0.3576342463493347,-0.4718641936779022,0.417783260345459,-0.1145199239253997,0.0703534707427024,0.5734333992004395,-0.0526344589889049,-0.1652468591928482,-0.9865517616271972,0.3174304664134979,-0.0573950223624706,-0.5577490925788879,0.4650454819202423,0.8042031526565552,-0.1557003408670425,-0.5096858143806458,0.1114783063530922,-0.0303948633372783,-0.4261590540409088,-0.2411440014839172,-0.5608912110328674,0.1557397693395614,0.5149214863777161,0.1040042713284492,0.3244833052158355,-0.1323404163122177,-0.4046432971954345,-0.3231112957000732,0.3472285866737366,0.3969383537769317,0.4465067386627197,-0.0034244200214743,0.2184528410434723,0.1467864662408828,-0.2775411307811737,0.0226918831467628,0.0180734172463417,0.748359203338623,0.1145729944109916,0.7960390448570251,0.6047556400299072,-0.4952910244464874,0.5494248867034912,0.8899492621421814,0.2527884840965271,0.2704907357692718,-0.3135342299938202,0.042908176779747,-0.7730709910392761,0.5639276504516602,0.0745647102594375,0.3795459270477295,-0.0036050567869096,-0.1982095539569854,-0.066192515194416,-0.3753683865070343,-0.6450170874595642,0.0576977804303169,0.3509683907032013,0.3359062075614929,-0.1190442815423011,0.3167885541915893,0.4207812845706939,0.2225155383348465,-0.2186346054077148,-0.2408219128847122,0.0986327230930328,0.1496842503547668,0.7013519406318665,-0.0293946824967861,0.3244429528713226,-0.1375072598457336,-0.9956024885177612,-0.254660427570343,0.1009773984551429,-0.0674589797854423,0.6115954518318176,-0.0799112692475318,-0.1625643372535705,0.23420150578022,-0.164591759443283,0.5733628273010254,-0.187115266919136,-1.024404764175415,-0.0841650068759918,0.2277201116085052,-0.119817279279232,0.0023871709126979,-0.0715970918536186,0.5766525864601135,0.118711844086647,-0.3635269403457641,0.1365807652473449,0.7753075361251831,0.1521394848823547,-0.2624624967575073,0.0313081927597522,-0.0434151850640773,-0.3729007244110107,0.0290948152542114,-0.1900292336940765,-0.6397236585617065,-0.1483013927936554,0.1866718232631683,0.1346351206302642,0.0874330028891563,0.0155172552913427,0.2688823044300079,-0.0446039028465747,0.3076027333736419,-0.0745626762509346,-0.6711005568504333,-0.1346205025911331,0.5038766264915466,-0.3146475851535797,-0.0261924061924219,0.0846107974648475,0.0217937938868999,0.0583756901323795,-0.0690358430147171,-0.3553929924964905,0.2402874529361724,-0.6287341713905334,0.5144432187080383,-0.4295004308223724,-0.3813173770904541,0.3333607614040375,-0.0087165711447596,-0.6294474601745605,-0.6344353556632996,0.0117953903973102,0.6523966193199158,0.2305472791194915,-0.3062798976898193,0.4668005704879761,-0.4441059231758117,0.5256407856941223,0.348789781332016,-0.2118508517742157,0.032179158180952,-10.265278816223145,-0.3397718369960785,-0.6469663381576538,-0.0156697388738393,-0.5084431171417236,0.1733414083719253,0.6596047878265381,0.0455318726599216,-0.2701387703418731,-0.0290987733751535,0.8028372526168823,0.3652738630771637,0.4646075963973999,0.7513939142227173,-0.5526511669158936,-0.406506597995758,-0.1170046925544738,-0.3609572350978851,-0.1069817617535591,0.047794546931982,0.4184467196464538,-0.1022268086671829,0.8905100226402283,0.477902352809906,-0.6454569697380066,-0.425428569316864,-0.8275082111358643,0.3964523375034332,0.1438166797161102,0.2138384729623794,-0.6968300938606262,0.4159755110740661,0.1026412844657898,0.2536438703536987,-0.4905888140201568,-0.0894505381584167,-0.5111433267593384,0.2731507122516632,0.384169727563858,0.6054202914237976,-0.1987547576427459,0.3328362703323364,0.2532228529453277,0.4394642114639282,0.0359343066811561,0.1503917425870895,0.1732529401779174,0.4136281311511993,0.4007943570613861,0.075070634484291,0.2376943826675415,-0.1549127399921417,0.5204101204872131,-0.0607761554419994,0.1069935038685798,0.6276372671127319,0.6554633975028992,-0.2898725867271423,-0.4860830307006836,-0.0292883720248937,0.2937375605106354,-0.4057251811027527,0.7810714840888977,0.4153846800327301,-0.0414174608886241,0.1329126358032226,0.3588762283325195,0.6492997407913208,-0.6620249152183533,-0.086374893784523,0.2295977771282196,0.173898845911026,0.1561040431261062,-0.1828092783689499,-0.6997959613800049,0.3361480236053467,-0.5184464454650879,-0.0072051766328513,0.0758055299520492,0.1518719643354416,0.5239549279212952,-0.0771982371807098,-0.5081847906112671,0.0894954577088356,-0.9789246916770936,0.2625838220119476,-0.1468386948108673,0.0790006816387176,0.3532863855361938,-0.4694406688213348,0.34163698554039,-0.5079615116119385,-0.392924815416336,0.5831993222236633,0.2942629158496856,0.0484435223042964,0.6676459312438965,0.3810811936855316,0.6125280857086182,0.1614170372486114,0
0.8996260166168213,0.3091306984424591,0.8128196001052856,-0.2528380453586578,-0.1021915450692176,0.498119443655014,0.1280118227005005,0.3840456306934356,-0.290893018245697,-0.49491748213768,0.3341619670391083,-0.803521990776062,0.1989378482103347,0.1809910237789154,0.1721638590097427,0.1530837565660476,-0.01554202940315,-0.4074300825595855,-0.0606828145682811,-0.570345938205719,-1.0546220541000366,-0.0369774103164672,-0.2991218566894531,0.2889216542243957,0.164684921503067,-0.317931592464447,-0.2962252497673034,-0.4271906316280365,0.4819767773151397,-0.1961931735277176,-0.4648936688899994,-0.0252728480845689,-0.4996964633464813,0.420471578836441,-0.5736588835716248,0.4704953730106354,-0.1890293210744857,-0.4815788865089416,-0.1681751310825348,-0.4406565129756927,0.1583725810050964,-0.3773936331272125,-0.0615124627947807,-0.0439044535160064,-0.2498262971639633,0.6917619109153748,0.0302302464842796,0.1576395183801651,0.2645204663276672,-0.2304853945970535,-0.4334127604961395,0.5702952146530151,0.2433650940656662,0.0413600355386734,0.1607748717069625,-0.3356172144412994,0.5277810096740723,-0.6633083820343018,-0.152849331498146,0.2852748930454254,-0.1861856877803802,-0.4667502641677856,0.5344983339309692,0.0556747764348983,-0.0427642874419689,0.2617135047912597,0.2389733344316482,-0.3032140135765075,0.5039264559745789,-0.4780051112174988,-0.3234815895557403,-0.0611474849283695,0.1538707166910171,-0.7275570034980774,0.4141207039356231,-0.1881037652492523,-0.1657401919364929,0.6868111491203308,0.4237031936645508,0.0694168955087661,-0.15147764980793,0.3234793245792389,0.2861833274364471,-0.4032003879547119,-0.1320907473564148,0.2482378929853439,-0.0742134675383567,-0.8614476323127747,0.4737623631954193,-0.5372330546379089,0.2122320532798767,0.528571367263794,0.1825357377529144,-0.1868368089199066,-0.1269278526306152,0.0509512424468994,0.1526120901107788,-0.1859646290540695,-0.184329092502594,0.4229695796966553,-0.2293413132429123,0.0226301215589046,0.5044824481010437,0.1653891503810882,0.0982902199029922,-0.0306381434202194,-0.3704431056976318,0.3076728582382202,-0.0213690157979726,-0.1750111877918243,-0.814728319644928,-0.1683972030878067,-0.6698461174964905,0.1157899871468544,0.6152269840240479,0.0175114721059799,-0.4292435050010681,0.5626465082168579,-0.1703510880470276,0.8910979628562927,0.2701065242290497,0.4711628258228302,0.5260424017906189,-0.1019001081585884,-0.1460152119398117,0.4655564129352569,0.111426368355751,0.1392479240894317,-0.1978039294481277,-0.4805182814598083,-0.1417904049158096,-0.3801599442958832,-0.4309259057044983,-0.1052948832511901,-0.1312112659215927,0.8661500215530396,-0.1172980070114135,-0.1050710901618003,-0.0886020734906196,-0.3388873040676117,-0.2612992823123932,-0.0580046474933624,-0.0454300120472908,-0.4789079427719116,0.3125255405902862,0.2268348336219787,-0.6365393996238708,-0.4465288519859314,0.0886500403285026,0.3683957159519195,-0.2486686557531356,0.9401832818984984,-0.5585260391235352,-0.3164741992950439,0.297910213470459,0.4510190784931183,-1.0740251541137695,0.0129828741773962,0.0004862471541855,0.411834180355072,0.3133655786514282,-0.4941574037075043,0.2592560052871704,0.3563391864299774,0.2305641621351242,0.103045143187046,0.6448560357093811,0.2651421129703522,-0.247644692659378,0.4879533648490906,0.4013620018959045,0.4365999102592468,0.3123576641082763,0.1468756049871444,-0.2140146046876907,0.5567857623100281,1.2289366722106934,-0.026782626286149,0.0012881067814305,-0.5752584338188171,0.1059619709849357,-0.0029120447579771,0.3110544085502624,-0.3856780230998993,0.4334426522254944,-0.1182776242494583,-0.2915705442428589,0.1608136445283889,-0.072502925992012,0.4139984846115112,0.0047096842899918,-0.430829793214798,0.3365592062473297,-0.4927613139152527,0.0282448381185531,-0.5528544187545776,-0.1863062977790832,-0.0200989916920661,-0.6821146011352539,0.3971534669399261,0.0563734620809555,0.0408522970974445,0.1567983478307724,-0.5989828109741211,-0.796501636505127,0.1134212240576744,0.027827488258481,0.4852899312973022,0.0698265060782432,0.4077881872653961,-0.019125685095787,0.1330146342515945,0.2972253561019897,-0.0215060953050851,0.1030815616250038,0.171573519706726,-0.1311210095882415,-0.284414678812027,0.5811503529548645,-0.2709708511829376,0.2741950154304504,-0.2463198006153106,0.1566730737686157,0.0616434067487716,-0.0260170232504606,0.3482306599617004,0.1172711625695228,-0.0490546934306621,-0.314342588186264,0.6526536345481873,-0.7907117009162903,-0.6642009019851685,-0.6164801120758057,-0.1173263266682624,-0.5155933499336243,-0.2548924088478088,-0.4165508449077606,0.0543952211737632,-0.5302118062973022,0.40133997797966,-0.0904225930571556,-0.4339526295661926,0.0731585398316383,-0.479508638381958,0.3593266606330871,0.1972244828939438,-0.1946451216936111,0.017105221748352,-0.269402801990509,0.0862214192748069,-0.198182612657547,-0.5656488537788391,-0.1888728588819503,-0.354779839515686,0.4441421329975128,0.3750664591789245,0.766671359539032,-0.3710583448410034,0.2083147019147873,-0.4456469118595123,0.0860977172851562,-0.8170363306999207,0.0769248455762863,0.3513203561306,-0.0356194153428077,-0.166098415851593,0.1119831353425979,-0.3100745975971222,-0.5340006351470947,-0.622278094291687,0.4798263013362884,-0.1230681911110878,-0.0381958819925785,0.1979717463254928,0.2617088854312897,0.1837843954563141,-0.5938850045204163,0.4249916672706604,-0.3400745689868927,0.1601413190364837,-0.2728180289268493,0.0994215533137321,-0.4922556281089782,-0.1917393207550048,-0.1536792814731598,-0.2748197317123413,-0.2930305898189544,0.0337580181658268,-0.1702262908220291,0.7822957634925842,0.2697502970695495,-0.1400968730449676,-0.5411432981491089,-0.0572116486728191,-0.5610448122024536,-0.1291662752628326,0.7431551218032837,0.3014249801635742,-0.452632337808609,-0.4046013057231903,0.4500130414962768,0.6757626533508301,0.135520339012146,0.2148144990205764,0.0892589092254638,-0.207424521446228,-0.0733067616820335,0.1040553078055381,0.3896326124668121,-0.3187504410743713,0.0655990913510322,1.1923129558563232,-0.1171466186642646,0.5989602208137512,0.9556357264518738,0.544395387172699,-1.6782699823379517,-0.3916419744491577,0.0014779843622818,0.1307417452335357,-0.1554650664329528,-0.1166988387703895,-0.0808823630213737,0.0940475463867187,-0.8276590704917908,-0.5042532682418823,1.090511441230774,0.1155750453472137,0.1315013766288757,-0.3727914988994598,0.3981382548809051,0.0329233407974243,0.0450891628861427,-0.6065407395362854,0.2720471322536468,0.7782520055770874,-0.4689254462718963,-0.0488193221390247,0.094886802136898,-0.3240226209163666,-0.1345252990722656,0.3212295770645141,-0.3163370490074157,0.2511508762836456,-0.834790050983429,-0.1968224793672561,0.0689413249492645,0.9339554309844972,1.2918037176132202,0.4057271778583526,-0.4614667892456054,-0.4832341372966766,-0.1834317445755005,0.1000155135989189,0.2590244710445404,-0.0870351344347,-0.1093441024422645,0.1271936893463134,0.4873737394809723,-0.0320596061646938,0.2221729010343551,-0.166737362742424,-0.1329420059919357,0.3178064525127411,-0.2758162021636963,0.5954948663711548,0.2119780331850052,0.1278131306171417,0.323974460363388,0.3315382599830627,0.766826868057251,0.609129011631012,0.1792228668928146,-0.5119333863258362,-0.0035511823371052,-0.9237940311431884,-0.5944127440452576,-0.2400341778993606,-0.0967190489172935,0.1302774548530578,-0.3996402621269226,-0.1698950976133346,-0.1951818466186523,-0.3738597929477691,-0.1108545884490013,-0.588168203830719,-0.2051149010658264,-0.0299755353480577,0.0370233356952667,-0.6169729828834534,0.8132262825965881,0.2277850657701492,0.7616967558860779,-0.616658091545105,-1.1370680332183838,-0.4573794305324554,-0.237596109509468,-0.4578257501125335,-0.3201003074645996,-0.1855138689279556,-0.2295157313346862,0.1111964955925941,-0.318417340517044,-0.6739270091056824,-0.2216023355722427,0.058868508785963,-0.6556429862976074,-0.378350019454956,-0.1487606316804886,0.7303617596626282,-0.0365097522735595,0.0632442235946655,0.2219742536544799,0.487446129322052,-0.8681427836418152,-0.3377704322338104,-0.1462146639823913,0.2023088634014129,0.0439344458281993,0.3587334752082824,0.2622006237506866,0.2861323356628418,0.4014990329742431,0.1970389485359192,0.1061320230364799,-0.1377430409193039,-0.5159696340560913,-0.5932892560958862,0.9534472823143004,-0.081591360270977,0.1399165987968444,0.1915999948978424,-0.0744230523705482,0.7734968662261963,-0.5617730617523193,-0.8592780232429504,0.4876095354557037,0.2977454662322998,-0.1380865424871444,0.4558654427528381,0.5775498151779175,0.4232170879840851,0.3908433020114898,0.0845097601413726,-0.2765150070190429,0.2230672836303711,0.201519027352333,0.1332793086767196,0.3520592153072357,0.0628231912851333,0.0176427587866783,0.6789966225624084,0.4158684909343719,0.0663650929927825,1.0772100687026978,0.5288994908332825,-0.3778293430805206,0.0120796980336308,0.4826789498329162,0.2990498542785644,-0.5171462297439575,0.3976214528083801,-0.3374395072460174,0.1875073760747909,-0.032633326947689,0.2225691825151443,0.5198246836662292,-0.1943885236978531,0.3462714850902557,-0.7454146146774292,-0.5752946138381958,-0.6530497670173645,-0.848182737827301,0.205743983387947,-0.462834894657135,-0.3372204601764679,0.3662903010845184,-0.250895082950592,-0.6353670358657837,0.7550002336502075,0.7012744545936584,0.0287930592894554,0.1100168973207473,0.2691152393817901,-0.0733719915151596,0.4137720167636871,-0.2698908746242523,-0.0663285478949546,0.0250661373138427,0.0347682535648345,-0.536447286605835,-0.7331361770629883,0.0786415487527847,0.2486796230077743,0.1830600798130035,-0.157535582780838,0.5040473341941833,-0.0335959494113922,-0.4722133576869964,-0.2453527748584747,-0.2878164649009704,-0.0298260450363159,-0.4148827791213989,-0.0274765025824308,0.0963166430592536,-0.1060289591550827,0.0353896617889404,0.4749165177345276,0.1501387953758239,-0.3997215926647186,-0.3326436579227447,0.800883948802948,0.4445643424987793,-0.1058531329035759,0.1445542126893997,-0.2014622837305069,-0.3957587480545044,-0.120203398168087,0.0163898188620805,-0.0712101235985755,-0.2096087038516998,-0.1268476098775863,-1.1557925939559937,-0.5636153221130371,0.0252002477645874,-0.7066406011581421,0.4370876252651214,-0.0116956550627946,0.7330087423324585,-0.3837392628192901,-0.0687164589762687,-0.1173766776919364,0.2671984434127807,-0.1687735170125961,0.2398446202278137,-0.6290227174758911,-0.8164359331130981,0.0999794974923133,0.0774521082639694,-0.6943603157997131,1.1157360076904297,0.703531801700592,-0.6906356811523438,0.6147692799568176,0.5530051589012146,0.3604829013347626,-0.1618944257497787,0.1612962782382965,-0.1407632082700729,-0.4543521106243133,0.1971175819635391,-0.3167899250984192,0.3723170459270477,0.3434690237045288,-0.2144945114850998,0.076069563627243,0.1802986413240432,0.5865650177001953,0.4358901977539062,0.1296750903129577,-0.4759871065616607,-0.192739650607109,-0.4091520607471466,0.2284842729568481,0.1778477728366851,0.2953329086303711,-0.887520968914032,0.295780211687088,0.4661567211151123,-0.9197500348091124,0.0638210177421569,0.7043699622154236,0.3571096658706665,0.6623934507369995,-0.0423906557261943,0.2605584263801574,-0.548196017742157,0.0680386200547218,0.2348044514656067,-0.133400872349739,0.0163578670471906,0.2674150764942169,0.0607450455427169,0.2238460034132003,0.4691660404205322,-0.376796543598175,0.2277629524469375,-0.2875585258007049,0.2124310880899429,-0.2101158052682876,0.4803756475448608,0.2481251657009124,-0.0825944244861602,-0.2186831980943679,0.341552585363388,0.77198725938797,0.7390316724777222,0.2732816040515899,0.91193825006485,-0.7184966206550598,-0.7051556706428528,-0.1747894287109375,0.3211914002895355,0.1363484412431717,0.4629741013050079,-0.2581116557121277,-0.1373345553874969,0.7522771954536438,0.6411548256874084,0.0041262367740273,-0.4813120663166046,-0.5005176067352295,0.3669726550579071,-0.5301382541656494,-0.0577765777707099,0.2198533713817596,0.3304245471954345,0.4320104718208313,0.7655171155929565,0.2924074530601501,-0.0945353731513023,0.8797865509986877,0.2127290368080139,-0.1420626491308212,0.1037622094154357,0.1581369638442993,0.004461791832,0.0895058512687683,0.3232583403587341,0.1360075771808624,-0.4351491332054138,0.8354864120483398,-0.3747408986091614,-0.1311335116624832,-0.6711912155151367,0.1263243556022644,0.4335865974426269,-0.3729515373706817,0.1452236771583557,-0.6109450459480286,-0.1696145385503769,-0.5450453758239746,-0.9752492308616638,-0.1897464990615844,-0.0556456297636032,0.0849890857934951,-0.0549978911876678,-0.1293467432260513,-0.6496821641921997,-0.7524209022521973,-0.0617382936179637,0.0236525237560272,-0.8504140973091125,-0.6978855133056641,0.4988569319248199,0.1435454785823822,-0.0441159158945083,-1.5019553899765017,0.6313759088516235,0.00969351362437,0.8324211239814758,-0.0872243046760559,0.5307509899139404,-0.2110508978366851,-0.2419714033603668,-0.1674674600362777,-0.3999531269073486,0.1122317761182785,-10.03463363647461,0.4555798470973968,-0.11639054864645,-0.6310561895370483,-0.1221621558070182,-0.0201925635337829,0.8681378960609436,0.752472460269928,-0.1830032020807266,0.1347827464342117,-0.097346507012844,0.0974884927272796,0.0456096269190311,0.1636317074298858,-0.2736517786979675,-0.3437954485416412,-0.4241583049297333,-0.3491268754005432,0.0531329363584518,0.1151241064071655,-0.6264861226081848,-0.4849890768527984,0.4312911033630371,0.1057759597897529,0.1457791030406952,-0.2705399096012115,-0.157117947936058,0.1829400360584259,-0.0397707968950271,0.4376445710659027,-0.8504396080970764,0.4655724465847015,-0.0845106989145279,0.1191367954015731,-0.2895234823226928,0.5758408904075623,0.0372167117893695,0.3853086829185486,0.031125096604228,0.0896248519420623,0.3678065240383148,0.1888299584388733,-0.236845850944519,0.0448492355644702,0.1814131587743759,-0.0544901490211486,0.5027063488960266,-0.0799727812409401,0.9434120059013368,-0.2761289179325104,-0.1612160950899124,-0.0811537206172943,0.1431497037410736,0.0287773385643959,0.4472229480743408,-0.0666476711630821,0.5208355784416199,-0.4717322289943695,0.2053517550230026,-0.0504164546728134,0.1736468374729156,0.3201076090335846,0.2754861712455749,1.0767241716384888,0.4562741219997406,0.2047084718942642,-0.0030156166758388,0.2278249710798263,-0.8441799283027649,0.3127299547195434,0.0576669164001941,0.6247402429580688,-0.249056190252304,0.3325887024402618,0.1887722313404083,0.4921607673168182,0.0451239123940467,-0.147628366947174,0.0978325605392456,-0.3591217398643493,0.4536371529102325,-0.7238763570785522,0.1801098436117172,0.621484100818634,-0.3106263279914856,0.2804722189903259,0.2936161458492279,-0.3379209637641907,0.0926949605345726,-0.7599039673805237,0.5068497657775879,-0.2925465404987335,-0.5442866086959839,0.2033270001411438,0.1205046698451042,0.0144687555730342,-0.2139573246240615,-0.0491808243095874,0.4830029010772705,-0.2587377727031708,1
0.4478315412998199,0.5204684138298035,0.653958797454834,-0.4790767431259155,0.4176971912384033,1.1341636180877686,0.4092162251472473,0.2847974002361297,0.0201903153210878,-0.3576946854591369,0.9687460064888,0.0610975213348865,0.004444383084774,-0.2705163955688476,0.420381098985672,-0.1072138249874115,0.1068065762519836,-0.6023771166801453,0.1191153824329376,-0.287205696105957,-0.2894336581230163,-0.4840385615825653,-0.371197760105133,0.6158311367034912,-0.0863843336701393,-0.6604510545730591,0.2135269045829773,-0.0403939969837665,0.0349863953888416,-0.6867008805274963,-0.0240706894546747,-0.622965395450592,-0.2624028921127319,-0.1074109524488449,-0.4519888758659363,0.117225095629692,-0.1948901712894439,-0.0362141542136669,0.0441621840000152,0.3678001165390014,0.0954888835549354,-0.1785628795623779,-0.1791489720344543,-0.5351976156234741,-0.2949329912662506,0.8446770906448364,-0.1806785315275192,0.1338154524564743,0.0546930842101573,0.3235825598239898,-0.2774704396724701,0.2482110410928726,0.5304037928581238,-0.2850476205348968,0.1592433452606201,-0.7798084020614624,-0.0937715768814086,-0.4615128338336944,-0.0296816285699605,0.0414755530655384,-0.6400789618492126,-0.2018728852272033,-0.1674058586359024,0.3382653892040252,-0.1692509651184082,-0.0554135143756866,-0.6771554350852966,0.1878193169832229,-0.032329324632883,-1.0266485214233398,-0.2153125405311584,-0.1761571913957595,-0.3316811025142669,-0.2732579708099365,0.8027780055999756,0.0562046431005001,-0.2340170592069625,-0.2307832688093185,0.0144578889012336,-0.3572636544704437,-0.1574236750602722,0.2653123140335083,0.2335113435983657,-0.4543655514717102,-0.08148193359375,0.2955909669399261,-0.7385132312774658,-0.6161941289901733,0.4083743989467621,-0.2179239243268966,-0.1467471867799759,0.2330135256052017,0.2116043716669082,-0.0821099057793617,0.4333494007587433,0.2842527031898498,-0.1925501525402069,-0.1915247142314911,-0.6001901626586914,0.1194773241877555,-0.2145074307918548,0.0763184875249862,0.0968130156397819,0.1564986854791641,-0.0550189316272735,-0.3523961007595062,-0.1832656413316726,0.0069989208132028,-0.2886205315589905,-0.0463112778961658,-0.2820056080818176,-0.5727333426475525,-0.7516778707504272,-0.2369951009750366,0.0110846143215894,-0.2997456192970276,0.4125935137271881,0.5239135026931763,-0.7651423811912537,0.3377500176429748,-0.0664651244878768,-0.1644751876592636,-0.0208265911787748,-0.3657000362873077,0.4773590266704559,-0.0457245707511901,0.1155493929982185,-0.0246038548648357,0.1295285373926162,0.2559458911418915,0.0621258318424224,-0.2958496809005737,-0.2317970991134643,0.4432739317417145,-0.5525801777839661,0.7866466045379639,-0.1381083130836486,0.0924957543611526,-0.2625095546245575,-0.2466324865818023,-0.326146513223648,0.2710107862949371,0.5663230419158936,-0.6207140684127808,0.1463792473077774,0.0314817316830158,-0.0526518560945987,-0.1403719037771225,0.8223480582237244,0.0385610312223434,-0.0216699782758951,0.581484854221344,-0.6474002003669739,0.0438884682953357,0.3579365015029907,0.6040570735931396,-0.107821837067604,0.1620669513940811,0.0538130849599838,0.6136598587036133,0.2768495678901672,-0.5490339994430542,0.2305932939052581,0.6936445236206055,0.5027473568916321,1.1570230722427368,0.5259518027305603,0.427882045507431,0.3730567097663879,0.6138741374015808,0.1874685436487198,0.3203011155128479,0.4662771821022033,0.077349454164505,0.084479346871376,-0.1734505891799926,0.0687740594148635,0.1648502796888351,0.0787202045321464,-0.2089888602495193,0.3438486158847809,-0.1086617782711982,-0.0699405297636985,-0.3972531855106354,0.3759903907775879,-0.0376779288053512,0.0509771965444088,-0.2935639321804046,0.4126697182655334,-0.2411480545997619,0.0474683120846748,-0.4090901613235473,0.5649107694625854,-0.1683776527643203,-0.1734720021486282,-0.1033349484205246,0.2852152287960052,0.1552917510271072,-0.3231043517589569,0.4393534660339355,-0.0614044480025768,0.1862120330333709,-0.4353041648864746,-0.6592662334442139,-1.3612698316574097,-0.4178922474384308,0.1797757297754287,0.1887513846158981,0.128975972533226,-0.1827720403671264,0.1310661286115646,0.2421528995037078,-0.0522040650248527,0.3783591985702514,0.447855681180954,0.1935331374406814,-1.046143889427185,-0.7247399687767029,0.9044442772865297,-0.7792348265647888,0.198160633444786,-0.0824836045503616,-0.0133243445307016,0.0652847960591316,-0.3770307004451751,0.544424295425415,-0.0502392724156379,-0.1437513977289199,-0.0803635343909263,0.3887262046337127,-0.3084515631198883,-0.3634504377841949,-0.9330602884292604,0.4352298080921173,-0.8223184943199158,0.6608008742332458,-0.2729137539863586,-0.2150811553001403,-0.4069864153861999,0.4650170803070068,0.0531769320368766,-0.452003538608551,0.3720621764659881,-0.3449368774890899,0.1131656914949417,0.0745608210563659,0.1058748811483383,-0.4664338231086731,0.3770907819271087,0.238941416144371,-1.0624475479125977,-0.3145608305931091,0.2765745222568512,-0.6084729433059692,0.4843976497650146,0.0539877004921436,-0.0116442395374178,0.2376489341259002,-0.0605370104312896,-0.2717382609844208,-0.0614447705447673,-0.8716206550598145,-0.7507428526878357,-0.1882276237010955,0.3699367046356201,-0.0055937101133167,0.0130589585751295,-0.1697344928979873,-0.6779703497886658,0.3404389917850494,0.1973596811294555,-0.6334682703018188,-0.1315201818943023,0.1890061646699905,-0.5405716300010681,0.1339792907238006,-0.2887588739395141,0.6573873162269592,-0.3089953660964966,0.0062423218041658,-0.942277193069458,0.351495087146759,-0.6940591335296631,-0.269838273525238,-0.4511511027812958,0.1145998388528823,-0.08397077023983,-0.4809201955795288,0.1252112537622451,0.5786117315292358,0.7815918326377869,-0.6879631280899048,0.1269765794277191,-0.3797216713428497,0.0530765652656555,0.1911154240369796,0.7123202085494995,0.2518984377384186,0.6204797625541687,-0.3762310743331909,0.4749302268028259,0.1269678473472595,0.4502516984939575,-0.0109543148428201,0.0652999058365821,-0.1248101890087127,-0.0640545934438705,-0.3421276211738586,0.662722110748291,0.0405114069581031,0.1248658299446106,1.053680658340454,-0.5802764892578125,0.1827499568462371,0.3834404051303863,0.4769554436206817,-1.842657327651977,-0.4180282652378082,0.0591004937887191,0.5041394233703613,-0.4850028455257416,0.5182281732559204,-0.081430435180664,-0.0796786174178123,-0.8144766092300415,-0.1798482090234756,0.6744383573532104,0.6832653284072876,-0.2268929183483123,0.2246964871883392,0.8943706154823303,-0.3217363655567169,0.065476544201374,-0.1761264950037002,0.156898632645607,0.4730455875396728,0.420619249343872,-0.1254115253686905,0.1015559807419776,-0.3200064301490783,-0.2562200129032135,0.2013277560472488,0.3935912847518921,0.7963402271270752,-0.1389570236206054,-0.5952878594398499,0.742457926273346,1.3375895023345947,0.2499113976955413,0.7106619477272034,0.1814907044172287,0.4761973917484283,0.9564372301101683,0.7530385851860046,0.3169134557247162,0.2174340933561325,0.0839734375476837,-0.136668175458908,0.3073188066482544,-0.1450441628694534,0.0219830255955457,0.1372262686491012,0.5965319275856018,-0.1012250185012817,-0.2739068269729614,0.3629226982593536,0.1715861856937408,0.1328469365835189,0.3064534962177276,0.1247932091355323,-0.0618093758821487,0.1167122647166252,-0.0180304311215877,-0.3618051707744598,0.5227866172790527,-0.2595441937446594,0.0086025930941104,0.0160157997161149,-0.221263900399208,0.0242657288908958,-0.2881140112876892,-0.0233348216861486,0.3461385667324066,-0.3385346829891205,-0.8722348809242249,-0.7407612800598145,-0.8294047117233276,-0.1295105367898941,-0.069441832602024,-0.6087999939918518,0.2459510564804077,0.6218374967575073,0.1535386741161346,-0.7244150042533875,-0.1682177484035492,0.6486794948577881,-0.5464887619018555,-0.1150400042533874,0.330174058675766,0.2860372364521026,-0.337511271238327,0.5080246329307556,-0.3483266532421112,0.0083320057019591,-0.924255907535553,-0.4299215078353882,0.0687494352459907,-0.1253630518913269,0.6276955604553223,0.5486495494842529,0.6137802004814148,0.254338264465332,0.0363935716450214,0.005080975126475,-0.7085085511207581,-0.7091032862663269,-0.8719123005867004,0.2233259975910186,-0.1233584880828857,-0.0137490546330809,-0.3325051367282867,0.5731484889984131,0.4353739321231842,0.1264373213052749,-0.0133635541424155,-0.0551197193562984,-0.113770842552185,-0.4344848394393921,0.5680394768714905,-0.2988437712192535,-0.1365965157747268,-0.0438529886305332,0.2209473699331283,0.4766225218772888,-0.1665296703577041,-0.4116110205650329,0.249301329255104,0.0002151669759768,-0.6436823606491089,0.3029321134090423,0.47609943151474,0.5848656892776489,-0.3619653284549713,0.2514756321907043,0.0578926242887973,-0.1505854427814483,-0.2622605562210083,-0.93789941072464,-1.0703058242797852,-0.1630801558494568,0.7816234230995178,0.7947682738304138,1.109732985496521,0.1879336088895797,0.1293774843215942,0.9677956104278564,-0.0451663918793201,0.4508607089519501,0.3747084140777588,-0.0222916193306446,-0.2808679044246673,-0.0987806841731071,0.0191581062972545,0.0324061624705791,-0.3434076309204101,0.1714265644550323,-0.3808563947677612,-0.0460673123598098,-0.5520573854446411,-0.1934145838022232,-0.318719744682312,-0.7474502921104431,-0.6325151324272156,0.4355825781822204,-0.4447162449359894,0.8803688287734985,0.7067648768424988,-0.0612755417823791,-0.3705868721008301,0.4354896247386932,0.4254189729690552,0.6248452067375183,0.208238199353218,-0.5096204280853271,0.0603441223502159,0.0991400405764579,0.0253337416797876,-0.590691864490509,0.3010964691638946,0.780634880065918,-0.1692980229854583,-0.2623399794101715,0.3253754377365112,0.0522024966776371,-0.2263438701629638,0.1845881789922714,0.3036635220050812,0.0720651224255561,-0.2489741593599319,-0.772021472454071,0.0944428592920303,-0.1154277995228767,-0.0428663417696952,-0.6625933647155762,0.0240629818290472,0.1043280363082885,-0.7153671979904175,0.3764067590236664,0.2535593211650848,-0.6757047176361084,-0.2429070323705673,1.064220309257507,0.0042944690212607,-0.2271468192338943,-0.5738294720649719,-0.0881030037999153,0.1379380226135254,-0.2065586149692535,0.6570746302604675,0.1245043203234672,0.0765152648091316,0.071739375591278,-0.8787199854850769,-0.1970077455043792,0.3362476825714111,-0.4255286455154419,0.9308478236198424,0.0713542103767395,0.5257901549339294,0.1519743502140045,-0.0122149437665939,-0.3040920495986938,-0.0694559961557388,-0.4876976609230041,-0.2875409424304962,-0.0094772400334477,-0.6792720556259155,0.723817765712738,-0.0961042940616607,-0.5501055121421814,0.5908259749412537,0.3009313344955444,-0.593765377998352,0.297119140625,0.6234657168388367,0.1391619443893432,-0.5033325552940369,0.1152414232492446,0.137857586145401,-0.4150867164134979,-0.006001338828355,-0.2367476671934127,0.4885660409927368,0.6429195404052734,-0.3471564650535583,0.2505747377872467,-0.022775849327445,0.4971912503242492,0.4645059108734131,-0.2763689756393432,0.0371231064200401,-0.048369288444519,-0.2423488646745681,-0.1635999977588653,0.5860271453857422,0.4090455174446106,-0.2152633965015411,0.50990891456604,0.2164843827486038,-0.1044401302933693,0.7240886092185974,0.6498249173164368,0.2580570876598358,0.2551390528678894,-0.2548543512821197,0.2153075784444809,-1.4439356327056885,0.0154003174975514,-0.0620265007019043,0.1093479841947555,-0.5059568881988525,-0.1352285891771316,-0.2163365334272384,-0.0242122244089841,0.1365474462509155,0.1264371871948242,0.2451182454824447,0.2252182513475418,0.4628836810588836,0.114106647670269,0.2665261328220367,0.3711179196834564,0.0803166031837463,-0.2038472890853881,-0.0535558238625526,-0.2167748659849167,0.8896501064300537,-0.139563649892807,0.1468414217233657,-0.1401181519031524,-0.944451868534088,-0.1357181668281555,0.2577537894248962,-0.154292419552803,0.4122736155986786,0.0224196873605251,-0.4716637730598449,0.210481509566307,-0.3146982491016388,-0.3646937310695648,-0.4170811474323272,-0.4722876250743866,-0.5473881363868713,-0.3198671042919159,-0.4027236104011535,0.5102841854095459,-0.1890680193901062,0.6136766672134399,-0.630382239818573,-0.3060350716114044,-0.3015678524971008,0.4127686321735382,-0.0137675972655415,0.1112239956855773,0.3933822214603424,0.2458097487688064,-0.3018103837966919,-0.1348547637462616,0.3788704872131347,-0.313324898481369,0.167155846953392,-0.1090083792805671,0.0351977013051509,-0.6272063255310059,-0.2505605220794678,0.0847843512892723,-0.021654175594449,-0.090211883187294,-0.1570003628730774,-0.3688042461872101,0.2034508287906646,-0.1014809384942054,-0.3907807767391205,0.1027508080005645,-0.2986584901809692,0.1097861230373382,-0.0202436577528715,-0.346513569355011,-0.0543346591293811,0.0061211227439343,0.1170693859457969,0.4776066243648529,-0.7164073586463928,-0.0245685335248708,-0.0433696769177913,-0.0906214863061904,0.0235225800424814,-1.092873215675354,-0.1376640498638153,0.3215860426425934,0.3927765190601349,-0.2211135774850845,0.4845410287380218,-0.4798084497451782,0.2626461982727051,-0.2790146768093109,-0.3577114045619964,0.2354363799095153,-9.959633827209473,-0.0117738600820302,0.1408966779708862,-1.4328253269195557,-0.2792637050151825,0.2432331293821334,0.7710317373275757,0.7658274173736572,-0.5130614042282104,0.563339352607727,-0.0151371974498033,0.5951701998710632,1.061480164527893,0.960172176361084,-0.4503451883792877,-0.1215415298938751,0.0974920466542244,-0.4705646634101867,0.3105048835277557,-0.3334751725196838,-0.1599648892879486,0.0135449292138218,0.0920035988092422,0.5407970547676086,-0.2366712689399719,-0.386754423379898,-0.3695440888404846,-0.0299910586327314,0.1924373060464859,0.1367412209510803,-0.7127882242202759,0.0534329116344451,-0.5835243463516235,0.960877239704132,-0.2243518978357315,-0.2681252956390381,0.0437793396413326,0.2263649553060531,-0.2657504379749298,0.8381311297416687,-0.2068768292665481,0.4843839406967163,0.4260134994983673,-0.2530224919319153,0.4225115478038788,0.0772839188575744,0.1415932029485702,-0.0105059444904327,0.4388375580310821,0.3655568063259125,0.2746236622333526,-0.6397233009338379,0.0113189136609435,-0.0284362118691205,-0.0225102417171001,0.2322570979595184,0.4280595481395721,-1.0346319675445557,0.1949483603239059,0.1586151868104934,0.311699241399765,-0.3188307285308838,0.8305982947349548,0.3434688150882721,-0.1712775081396103,1.1266720294952393,-0.2777271270751953,-0.1364875733852386,-0.5477764010429382,-0.1225302442908287,-0.007436953485012,0.130861148238182,0.1955107152462005,0.013984702527523,-0.3661353886127472,0.2884323298931122,-0.3657556772232055,0.5012636780738831,0.3486760258674621,0.3989539742469787,-0.1066885516047477,0.2404384911060333,0.1487344652414322,0.119005262851715,-0.4219958484172821,-0.2827009558677673,-0.2400919795036316,-0.3146381378173828,0.3486721515655517,-0.4688452184200287,0.5601781606674194,-0.414196103811264,-0.2198279350996017,0.1554811596870422,0.2585185766220093,0.3569768369197845,-0.2704319655895233,0.8732373714447021,0.2088785916566848,0.288596510887146,1
0.3267319798469543,0.504282534122467,0.3891793489456177,-0.644690990447998,0.2492967098951339,0.391729325056076,0.4885049760341644,0.0353201478719711,-0.295425534248352,-0.2600056529045105,0.4705418050289154,-0.4227430522441864,-0.4308756291866302,0.1589376181364059,0.3833131790161133,-0.1555226296186447,0.6771259307861328,-0.0070297834463417,-0.3241260945796966,-0.3549616932868957,-0.0278582032769918,-0.4655970633029938,-0.2775838077068329,0.5848970413208008,0.1186504065990448,-0.0684032440185546,-0.2162544131278991,0.0265272781252861,-0.2166880667209625,-0.4534425437450409,-0.5388060808181763,-0.4368718266487121,-0.2406570315361023,-0.0648179501295089,0.276409238576889,0.0543523505330085,-0.416244775056839,-0.1365386098623275,-0.1512780487537384,-0.1801581680774688,0.0069831199944019,-0.1989595890045166,-0.3204800486564636,0.0230019781738519,-0.4740468263626098,0.6393707394599915,-0.0073666828684508,0.4136851131916046,0.4353609383106231,-0.4213240146636963,-0.3094359338283539,0.289673388004303,0.3110057413578033,0.0382635742425918,0.4445213377475738,0.2003601044416427,0.6658976674079895,-0.4736901521682739,-0.2465175837278366,0.2811830639839172,-0.5472894310951233,-0.0253186244517564,0.5460535883903503,0.349573403596878,0.046179860830307,-0.2740751504898071,-0.2959727942943573,0.2039665430784225,-0.4295756816864013,-0.1771292686462402,-0.0226788148283958,0.1842251867055893,-0.1287569254636764,0.1752234548330307,1.0723930597305298,-0.0710352510213851,0.361193984746933,-0.1056608483195304,0.2930122315883636,-0.4511431157588959,-0.1169870719313621,0.2361347377300262,-0.1731827557086944,-0.7000932693481445,0.2416944503784179,0.4530516862869262,-0.184717372059822,-0.9327515363693236,0.1683125644922256,-0.2972277700901031,0.1019080281257629,0.1785274595022201,0.3188952505588531,-0.1510434448719024,0.2095098942518234,-0.5624170899391174,0.071826659142971,0.1156753599643707,-0.0019789640791714,0.1879253983497619,0.1076056584715843,0.0365924350917339,0.0773095712065696,-0.2180373072624206,-0.3064020574092865,-0.0419833473861217,-0.0543883815407753,0.0971352979540824,-0.1505163311958313,0.2135598510503769,-0.1776060312986374,-0.5533260703086853,-0.3114620149135589,0.1915563493967056,-0.1114105656743049,0.0397476218640804,0.1841901242733001,0.5035329461097717,-0.0344909764826297,0.6821163892745972,0.147258311510086,0.3250342309474945,0.0981586426496505,-0.3296723663806915,0.0727170556783676,-0.0620832107961177,0.1228261888027191,0.179835706949234,-0.2774180173873901,-0.074716679751873,-0.3984164297580719,0.2520693242549896,-0.2921371459960937,-0.3765508532524109,-0.6780340671539307,0.6243751645088196,-0.1838598102331161,-0.1403094679117202,-0.680529773235321,0.0007872059359215,-0.3262399137020111,0.4352965354919433,0.2223626375198364,-0.3203668892383575,0.3129109740257263,-0.0346749126911163,-0.3262746036052704,-0.4348961412906647,0.1461231559514999,0.3253750205039978,-0.1087788566946983,1.305041790008545,-0.8493898510932922,-0.0352116897702217,-0.0678188949823379,0.2587876915931701,-0.2110901474952697,-0.1314795911312103,0.2126944810152053,0.4045405387878418,0.4589438438415527,-0.4968355000019073,0.4671243727207184,0.762880802154541,0.1037597581744194,0.5101765394210815,0.4030967354774475,0.2913702428340912,0.3247058689594269,1.1106821298599243,0.4403388202190399,0.3149027824401855,-0.1746834516525268,-0.4148858189582824,0.2988938987255096,0.3918623030185699,0.2478193044662475,0.0748790353536605,0.3699105083942413,-0.6064022183418274,-0.1216680407524108,0.207931712269783,-0.2407763004302978,-0.215098425745964,-0.0199975483119487,-0.236678197979927,-0.2011442929506302,-0.4585068225860595,-0.4124470353126526,-0.0369753390550613,0.1035453081130981,-0.2105586528778076,0.2108959108591079,-0.5588843822479248,-0.153098851442337,-0.0092740580439567,-0.315667450428009,0.0164822563529014,-0.4316007494926452,0.1987726837396621,-0.1619186401367187,-0.0065610553137958,0.1626398861408233,-0.6173220276832581,-0.7654948830604553,-0.0158118456602096,0.4284592270851135,0.5024276971817017,0.3075867295265198,0.4950095415115356,-0.3036954998970032,-0.0054140617139637,0.0475791729986667,0.1158722341060638,0.1027875319123268,0.3564533293247223,-0.7489498853683472,-0.4544898569583893,0.0612788349390029,-0.3921308219432831,0.704927384853363,0.2117279767990112,0.478976309299469,0.0747089385986328,-0.3110966384410858,0.0881793275475502,-0.0790814012289047,-0.4825069606304168,0.0320451147854328,0.1151748076081276,-0.2791180312633514,-0.1340673714876175,-1.1665174961090088,-0.3765600025653839,-0.4259424209594726,0.187160313129425,0.1213842332363128,0.6426771879196167,-0.1291950792074203,0.5154077410697937,0.2109417021274566,-0.3010673522949219,0.3367121815681457,-0.0737029463052749,-0.0221858900040388,0.0571483336389064,0.1766414046287536,-0.0318243876099586,-0.0835957154631614,-0.0046967309899628,-0.4829332232475281,-0.2986761033535003,0.1204177588224411,-0.096907652914524,0.4430013298988342,0.4860514998435974,-0.0046140705235302,-0.1711658239364624,0.0125350384041666,-0.3149752020835876,-0.4689663350582123,-0.5819075107574463,0.0002409204025752,0.1060202419757843,0.0616700090467929,0.1227379739284515,0.2092468589544296,-0.7467853426933289,-0.3344900012016296,-0.5020788311958313,0.229773536324501,-0.1828431934118271,-0.1581522077322006,-0.013825655914843,-0.6248232126235962,0.0394642390310764,0.0344801805913448,0.2151777148246765,-0.5918433666229248,0.3020890057086944,-0.3633238077163696,0.1191168576478958,-0.4950653910636902,0.1323170363903045,-0.0689977928996086,-0.3021509051322937,-0.4408633112907409,-0.1590704917907714,-0.4249633848667145,0.2704673409461975,0.0207506604492664,-0.6475901007652283,0.1805578172206878,0.3039320707321167,-0.2253986448049545,0.1784315109252929,-0.0056885783560574,0.0843304693698883,-0.2874521613121032,0.1659282147884369,0.2623980939388275,0.2792764604091644,0.2436927407979965,-0.1092260181903839,-0.2078377902507782,-0.3585308790206909,-0.148477241396904,-0.1495766192674636,0.5844904780387878,-0.9987764954566956,-0.2214705944061279,1.2479735612869265,-0.7758281826972961,0.0665553957223892,0.0045615681447088,0.813340425491333,-1.761072278022766,-0.1873277574777603,0.0281074680387973,-0.0907032415270805,-0.3177246451377868,1.0065730810165403,0.1290562748908996,0.1617098152637481,-0.1409191340208053,-0.2126087248325348,0.5713610053062439,0.3174176514148712,-0.4547329843044281,-0.3359846770763397,-0.0021418263204395,-0.0830781087279319,0.3133994042873382,-0.8415486216545105,0.269359827041626,0.4748408794403076,-0.1113406345248222,-0.0563197769224643,0.1997775882482528,-0.322866290807724,-0.0741044133901596,0.1755832284688949,0.1077265068888664,0.2823744416236877,-0.4987630248069763,-0.188886821269989,0.4283036589622497,0.8307878375053406,0.7468206286430359,0.7617159485816956,-0.2234761118888855,0.0543698854744434,0.6194729804992676,0.3152368664741516,0.647981584072113,-0.3520143926143646,0.0005843696417286,-0.289363145828247,0.58577960729599,0.0854745060205459,-0.1188040375709533,0.4101342260837555,0.5229565501213074,0.293756753206253,-0.1009606942534446,0.0768756493926048,0.9074493050575256,0.3311062157154083,0.255146861076355,0.269178181886673,0.1543388813734054,0.2703054845333099,0.1075630933046341,-0.33624467253685,0.1270171701908111,-0.3424801230430603,-0.0244117584079504,-0.1972653269767761,-0.200936809182167,-0.2870866060256958,-0.6078546643257141,-0.0719562694430351,0.0895940661430358,-0.7981278896331787,-0.0107164662331342,-0.4852672815322876,-0.6455111503601074,-0.2486627846956253,-0.1731563359498977,-0.7422149181365967,0.1068806946277618,0.7675581574440002,0.3430756330490112,-0.4887702763080597,-0.2028398513793945,0.1150262802839279,-0.2654612064361572,-0.0778926163911819,-0.1300008594989776,0.1266610622406005,-0.2747055292129516,0.2506229281425476,-0.47366863489151,-0.454752117395401,-0.6353906989097595,-0.2739436328411102,-0.7019457817077637,-0.0465927496552467,0.0159214623272418,0.5708001255989075,-0.1236029043793678,-0.1026419326663017,-0.1213594824075698,-0.389390617609024,-0.2697679996490478,-0.3769181966781616,-0.5609708428382874,0.0775345340371131,0.4289674162864685,0.5754312872886658,0.496806800365448,0.513799250125885,0.1437530517578125,0.225522980093956,-0.2153615057468414,0.100604623556137,-0.2551022171974182,-0.5030132532119751,0.5300812125205994,-0.0444314815104007,0.3157464563846588,0.1196122169494628,-0.1533194631338119,0.6169959902763367,0.1200296878814697,-0.4377939999103546,0.0147731797769665,0.5540763139724731,-0.2375573366880417,0.3867173194885254,0.0738726258277893,0.9268486499786376,0.0752368420362472,0.4006178379058838,0.0721965283155441,-0.3297509551048279,0.2454726696014404,-0.0969294235110282,-0.3826265335083008,-0.0927560925483703,-0.0997589826583862,0.5404260754585266,0.5491176843643188,-0.0390110909938812,0.224794715642929,0.448674201965332,-0.3622162640094757,0.0187327340245246,0.1122161820530891,0.1531114131212234,-0.3659898638725281,-0.4390119314193725,-0.2144922763109207,0.1196262016892433,-0.8909561634063721,-0.209301546216011,0.2322250306606292,-0.0040029347874224,0.0986885353922844,0.0086712418124079,-0.4359364509582519,-0.3386326134204864,-0.8251433372497559,0.0996816083788871,0.1340792626142501,0.4725130200386047,0.3636029660701751,-0.51699298620224,-0.7288557291030884,0.5992422103881836,-0.3299131989479065,0.4728330671787262,-0.0762687996029853,-0.350804328918457,-0.6304427981376648,0.7653645277023315,0.0229078754782676,0.1178648471832275,0.3792878091335296,0.3151600360870361,-0.1227108538150787,-0.462264746427536,-0.1619949489831924,-0.2019966393709182,0.1037320494651794,-0.1361646801233291,0.4494776427745819,0.2585809230804443,-0.7056407332420349,-0.76743084192276,-0.2513591051101684,-0.2874118983745575,0.4968950152397156,-0.5697029232978821,0.339332640171051,-0.3406864404678345,0.3861749768257141,0.2856632769107818,0.5926978588104248,-0.1450183093547821,0.2671835124492645,0.6667153239250183,0.724128782749176,-0.1697767525911331,-0.0523705743253231,-0.1099754944443702,-0.0011484316783025,-0.1357564479112625,0.6046919226646423,-0.0798500701785087,-0.008443709462881,-0.1238091066479682,-0.8375066518783569,0.1677598059177398,-0.0895283818244934,-0.8037627935409546,0.7500090003013611,0.4310073852539062,0.0456083044409751,-0.3191115856170654,-0.0979274064302444,-0.8494911789894104,0.2522884905338287,0.2028941512107849,0.0811270251870155,0.0439445450901985,-0.6024342775344849,0.2184132933616638,-0.1976793259382248,-0.5514538288116455,0.3235717713832855,0.3739212155342102,-0.4451651573181152,-0.1253710091114044,0.28300940990448,0.3402640521526336,-0.2056640535593032,-0.0801890864968299,-0.3719019293785095,-0.0533611662685871,0.524002194404602,0.152753934264183,0.4569866955280304,0.708453893661499,0.0394307859241962,-0.0613542422652244,0.3606171011924743,0.4170361459255218,0.1632057428359985,-0.1810569763183593,0.1012683510780334,-0.1802436411380767,-0.6118770241737366,0.1879178583621978,0.2436230629682541,0.2829311788082123,-0.030719781294465,0.2523505389690399,0.7462795972824097,-0.4738180637359619,0.0379580743610858,0.4380264282226562,0.201602429151535,0.8641093969345093,-0.3401079177856445,0.0631332844495773,-0.5161869525909424,0.1041406393051147,0.0428745634853839,-0.1054497510194778,0.141892671585083,-0.0321596153080463,-0.3341409862041473,-0.5866129398345947,-0.038739513605833,0.4336657226085663,0.1068255230784416,0.8300034999847412,0.3175491988658905,-0.3696500957012176,0.6411426067352295,0.1251225620508194,-0.238680213689804,-0.1703198403120041,-0.1426229923963546,0.1360370367765426,0.5619893074035645,0.2192840129137039,0.6944481134414673,-0.5882658362388611,-1.0026215314865112,0.006992554757744,-0.2116232365369796,-0.1053381785750389,0.3487311005592346,-0.7125884890556335,-0.1822008639574051,0.3164593279361725,-0.210497498512268,-0.2970026731491089,-0.0677070468664169,-0.8756309151649475,0.1947965919971466,0.2422448992729187,-0.4073378443717956,-0.2278879433870315,-0.1371562778949737,0.3729032576084137,-0.023781668394804,-0.2348287552595138,0.0500561147928237,0.7955353260040283,-0.1886819303035736,-0.4642846584320068,0.1191840767860412,0.1427996754646301,0.130125030875206,0.100260429084301,0.0597211942076683,-0.683070719242096,-0.0700760334730148,-0.1741533726453781,-0.3724754750728607,-0.0252495259046554,0.2463886737823486,0.1751758754253387,0.267403244972229,-0.2065415829420089,-0.354124516248703,-0.25865039229393,-0.1415382027626037,0.1057116687297821,-0.5515578985214233,-0.0818513482809066,-0.1274208575487136,0.067889928817749,-0.0141771370545029,0.0427816957235336,-0.0644277855753898,-0.1679948568344116,-0.6305610537528992,0.1862228214740753,-0.9479663372039796,-0.2207952141761779,0.4355023503303528,0.0418233089148998,-0.1436243802309036,-0.944079041481018,0.3095574378967285,0.0753363743424415,0.4859519898891449,-0.0591470524668693,0.3895473480224609,-0.1722027957439422,0.4495869576931,0.2307757884263992,-0.4454110860824585,0.3099581003189087,-10.271347045898438,-0.2254373282194137,-0.6124522686004639,-0.3556426465511322,0.2084318399429321,0.1765032112598419,0.7559671998023987,0.0992186889052391,-0.4085058271884918,0.0534823797643184,0.339387983083725,0.7454551458358765,0.5641279816627502,0.799053966999054,-0.8186019659042358,-0.2134899646043777,-0.3583584725856781,-0.2594962418079376,-0.0355873592197895,-0.2031535506248474,0.2094049453735351,-0.4164888560771942,0.7312559485435486,0.6766772866249084,-0.4954853355884552,-0.2237013429403305,-0.497884452342987,0.329694926738739,0.0586513727903366,0.7140833139419556,-0.4454948008060455,0.6512873768806458,0.0133997332304716,0.4293562173843384,-0.0811167433857917,-0.09075728058815,-0.1363884508609771,0.5629774928092957,-0.3571276664733886,0.643925666809082,0.160020962357521,0.7590019106864929,-0.279123455286026,-0.3061985373497009,0.0805494040250778,0.4457494914531708,0.5086052417755127,0.4723740220069885,0.6940380930900574,0.2740190029144287,0.1002665534615516,-0.1793662011623382,-0.2128323167562484,0.0730151161551475,0.1171372979879379,0.1139796897768974,0.9575792551040648,0.0290617011487483,0.2050649374723434,0.3395489454269409,0.6473352313041687,-0.3669528067111969,0.3318167328834533,0.7136003375053406,-0.1391368061304092,0.0332276076078414,0.2186232954263687,0.4464263617992401,-0.3211424648761749,-0.1140047535300254,0.189930185675621,0.5199828743934631,-0.2167618423700332,0.2228578925132751,-0.6123327016830444,0.2954936325550079,0.0284136030822992,-0.1343257576227188,0.0520612411201,0.6001419425010681,0.446128636598587,-0.2191944718360901,-0.2631876468658447,0.2700689136981964,-0.6663702726364136,-0.1921061277389526,-0.1096558570861816,0.1401856690645218,0.4271815717220306,-0.6189101934432983,0.3425246775150299,0.1055577546358108,-0.4600609242916107,0.1795538067817688,0.6915600299835205,-0.3033600151538849,0.1349276304244995,0.1071744114160537,0.1366688162088394,0.0002114886592607,1
1.0566139221191406,0.2061081081628799,0.5477696657180786,-0.2226503193378448,0.0261738914996385,-0.0696397274732589,0.2444445788860321,-0.3780046999454498,-0.5067874789237976,-0.6886159181594849,0.5312140583992004,0.0037319923285394,-0.5041622519493103,0.0979063957929611,0.1518615633249282,-0.4255739450454712,0.2293518483638763,0.0830564573407173,0.0682740211486816,-0.2001478523015976,-0.3750520348548889,-0.372025728225708,0.0777075290679931,0.0789113864302635,-0.1532049030065536,0.0223819334059953,0.0904012024402618,-0.1233276054263114,0.373088538646698,-0.3146783113479614,0.0029526206199079,-0.2748516201972961,-0.0344267338514328,-0.5807370543479919,0.2477921694517135,-0.2885501384735107,-0.478281557559967,-0.6141387820243835,-0.310790866613388,-0.2967827022075653,-0.1891028434038162,-0.1111410036683082,-0.4614251554012298,0.2083031684160232,-0.0928937494754791,0.4217214584350586,-0.1157033890485763,-0.1246737837791442,0.1582775563001632,0.4743148386478424,0.320362776517868,0.3798448443412781,0.4942143559455871,0.3267187178134918,0.0486466363072395,-0.1286234110593795,0.3179639875888824,-0.7211130261421204,0.1263963133096695,0.1199344620108604,-0.2259905785322189,-0.17110076546669,0.1677817851305008,-0.1208874732255935,-0.0601630359888076,-0.388727605342865,-0.0849031433463096,-0.1028656512498855,-0.0405691638588905,0.0296763442456722,0.4360783398151397,0.0725300461053848,-0.5793673992156982,0.1622373461723327,0.6329169273376465,-0.4821169376373291,0.4934282600879669,0.2016286849975586,0.8613685369491577,-0.4093315005302429,-0.2912063300609588,-0.011123358272016,0.2265163511037826,-0.5963373780250549,-0.018380457535386,0.5812450051307678,-0.8684737086296082,-1.1294255256652832,0.4955420792102813,0.0765547528862953,-0.2878167629241943,0.2034973502159118,0.3358151316642761,0.4933881163597107,0.5496612787246704,-0.1597459614276886,0.2734902799129486,-0.2082565128803253,-0.0602740533649921,0.637043833732605,-0.1481058895587921,-0.152361050248146,0.3725302219390869,-0.3275542557239532,-0.4153591692447662,0.3511945307254791,-0.121559128165245,-0.1323464065790176,-0.1691112518310547,0.3909039497375488,-0.0571804158389568,-0.5619035363197327,-1.128026247024536,-0.3719496130943298,-0.0106156850233674,-0.2681872844696045,0.2046359181404113,0.1052184775471687,-0.3799377083778381,0.8074924349784851,-0.0983094349503517,0.2727409303188324,-0.3305385708808899,-0.3178733587265014,0.0976992771029472,-0.0301992855966091,0.3544151186943054,-0.1490685790777206,0.3582050502300262,-0.0187778957188129,-0.8498404622077942,-0.2359449714422226,-0.6042893528938293,0.1433451175689697,-0.5278550982475281,1.05814790725708,-0.3558842539787292,0.0168813802301883,-0.2286340743303299,-0.0964071825146675,-0.3951833546161651,0.5541541576385498,0.2692818939685821,-0.3708394169807434,-0.1753479987382888,-0.1780785471200943,0.0562693886458873,-0.2383633106946945,0.3646900951862335,0.5288333892822266,-0.0919587612152099,1.027292251586914,-0.6270437836647034,0.1672718524932861,-0.2047057598829269,0.1212341785430908,-0.2506807148456573,-0.1119128987193107,-0.3200324773788452,-0.1695429235696792,0.3094810843467712,-0.6380071640014648,0.1734572649002075,1.1226441860198977,0.5291376709938049,0.0491383969783782,-0.1998133957386016,-0.3144166767597198,0.554625391960144,1.0007457733154297,0.8053805232048035,0.4513096809387207,0.3049848079681396,-0.4205313920974731,0.4684053957462311,0.0954853668808937,0.6571149230003357,0.4169849157333374,-0.1340553760528564,-0.283454030752182,0.0726395100355148,-0.1357751637697219,0.0064699514769017,-0.2365224808454513,0.0782303661108017,0.0428915657103061,0.5563435554504395,-0.1543598622083664,0.1086310595273971,0.1098285019397735,0.0593275167047977,-0.5101525187492371,0.3002470731735229,-0.0354069024324417,-0.0599292181432247,0.2479477375745773,-0.2197138518095016,0.4559330642223358,-0.1186056584119796,0.5799028277397156,-0.1299480497837066,0.0488214157521724,-0.213134303689003,-1.5589088201522827,-0.3255372643470764,0.4164125919342041,-0.1324284970760345,0.7641021609306335,-0.5395216345787048,0.0158995371311903,-0.1347597986459732,0.3265662789344787,0.6039569973945618,0.0715756639838218,0.5799582004547119,-0.1673047691583633,-0.4646933972835541,-0.5766448974609375,0.3500086665153503,-0.1541960090398788,0.6273173093795776,-0.0762044489383697,0.3842297196388244,0.1705351322889328,0.3167730569839477,0.3512418866157532,0.8160114884376526,0.1631494909524917,0.009306289255619,0.3298059403896332,-0.425309270620346,-0.1846144497394561,-0.764237642288208,-0.0816315859556198,-0.5441997051239014,-0.0079892054200172,-0.2051739245653152,0.1608588695526123,0.2923241555690765,0.1957628428936004,0.0966397896409034,0.0032210382632911,0.1890926361083984,-0.3969705402851105,-0.3254470229148865,0.5094966888427734,0.2178920805454254,0.1373869180679321,-0.2757430374622345,-0.0466017164289951,-0.6116726994514465,-0.3019294142723083,0.3098479807376861,-0.0827490463852882,0.8779399991035461,-0.0212716832756996,0.4217614531517029,0.3712787330150604,0.3716773390769958,-0.1804152876138687,-0.5927895307540894,-0.3660370111465454,-0.4591998159885406,-0.1446090191602707,0.1364106982946396,-0.4402589797973633,-0.1705787181854248,-0.4938312768936157,-0.7129639387130737,-0.3225684762001037,0.4389906525611877,0.0989587232470512,-0.0143562983721494,0.0281010773032903,-0.176291823387146,-0.306008905172348,-0.3832355141639709,0.8610587120056152,-0.1837407499551773,0.5782809853553772,-0.4028287827968597,0.2768940329551697,-0.7567984461784363,-0.3056084215641022,-0.0460267551243305,0.4390487670898437,-0.3759919106960296,-0.4161723852157593,-0.0787261873483657,0.0908611416816711,0.5620645880699158,-0.320008635520935,-0.379131019115448,0.631267786026001,-0.3750434815883636,0.1084250584244728,0.3081940412521362,0.0039960136637091,0.0657431259751319,-0.0225908644497394,0.4190898239612579,-0.3339307308197021,0.0566029176115989,-0.1876746118068695,0.3031221926212311,-0.1594155728816986,0.0377075336873531,0.2204950451850891,0.7585785984992981,-0.152324229478836,0.3652215301990509,1.0257033109664917,-0.4623698592185974,-0.4913785755634308,0.4128274917602539,0.6468801498413086,-1.6364612579345703,0.0170541834086179,0.3970701992511749,-0.0687111690640449,-0.0428234450519084,0.5005311965942383,0.5775072574615479,-0.1040359288454055,0.0474576242268085,-0.8723223209381104,0.9008795619010924,0.4689469337463379,-0.3061070442199707,0.0390031337738037,0.5780441761016846,-0.3911632001399994,0.0558751672506332,-0.3437883853912353,-0.4856714606285095,0.223047450184822,0.3012235760688782,-0.3009341657161712,-0.0630241632461547,-0.4570549726486206,0.0241763275116682,0.4693474173545837,-0.3194724917411804,-0.4090329706668854,-0.2646220922470093,-0.2745919525623321,0.3558277487754822,1.4124305248260498,0.1803358793258667,0.5560850501060486,-0.8822221755981445,-0.5154653787612915,0.0690961629152298,0.1294931173324585,0.2972506582736969,-0.3329381942749023,-0.0470469668507576,-0.3407192528247833,0.2019611299037933,-0.2346723228693008,0.0259370561689138,-0.1802187263965606,0.298130601644516,0.2460125386714935,-0.1600212156772613,-0.1539913564920425,1.0106383562088013,0.0438175462186336,0.0689385160803794,0.3782414495944977,0.4666286706924438,0.140975221991539,0.20088492333889,-0.5056443214416504,0.5043692588806152,-0.4550011157989502,0.351999819278717,0.0830046385526657,-0.0477621182799339,0.2579241991043091,-0.104890838265419,0.3426284790039062,0.1253739446401596,-0.2550958693027496,-0.2610968351364136,-0.4011864960193634,0.0226226523518562,0.1024093627929687,0.1208736076951026,-0.3826001584529876,0.3729188144207001,0.1861186772584915,0.6704917550086975,-0.2863160073757171,-0.718508243560791,0.6713156700134277,0.2760424315929413,0.6490195393562317,0.218595415353775,0.3915654420852661,-0.6320849657058716,-0.1681142747402191,-0.4712574779987335,-0.4370675086975097,-0.4940435290336609,-0.1900014728307724,-0.8262877464294434,-0.0872024446725845,0.0970938801765441,0.5734028816223145,0.1622218489646911,-0.219656303524971,-0.2661838233470917,0.1374936997890472,-0.6434488892555237,-1.2528855800628662,0.2331676632165908,0.5554697513580322,-0.0350361764430999,0.1231086030602455,0.2809253334999084,0.5566200017929077,-0.0432687886059284,-0.1973761022090912,0.1285979002714157,-0.0069501856341958,-0.3983710706233978,-0.5095797777175903,0.0909136086702346,-0.3703015744686126,-0.1871931105852127,-0.3848865032196045,0.2223900705575943,0.7849867939949036,0.1509006917476654,-0.9995540976524352,-0.1165225058794021,0.7786169648170471,-0.0765370279550552,0.5600988864898682,0.4113648533821106,1.0799413919448853,0.3577224910259247,0.0574176870286464,0.3767171502113342,0.1460463255643844,-0.0107540683820843,-0.3660964965820312,-0.2427961230278015,0.0934228375554084,0.2238704562187194,1.020932912826538,0.0462443381547927,0.1405824124813079,0.3403680324554443,-0.0955246239900589,-0.6044601202011108,0.2602272927761078,-0.2260103076696396,0.2545237243175506,-0.2733128666877746,0.2881810069084167,-0.0636020228266716,-0.8782670497894287,-0.5696367621421814,-0.205394759774208,0.1452526599168777,-0.1043943911790847,0.1817476600408554,-0.4189037978649139,-0.8223022222518921,-0.0580157712101936,-1.102636456489563,-0.1441380530595779,-0.0837745517492294,0.1257834434509277,0.0973727479577064,0.0134882656857371,-0.5764256119728088,0.0835040062665939,-0.4359941780567169,0.4232708215713501,0.3727304935455322,-0.4550361037254333,-0.2411946058273315,0.6447064280509949,0.4444960057735443,-0.1613173633813858,0.3757793009281158,0.6980041265487671,-0.0206660199910402,-0.6575907468795776,-0.6650026440620422,0.1300218105316162,0.5496324896812439,-0.5205052495002747,0.4383338987827301,0.1834499835968017,-0.6377468109130859,0.1153228282928466,-0.6149388551712036,-0.483625054359436,0.4460444152355194,-0.3957574367523193,-0.3286103904247284,-0.528312623500824,-0.1353781968355178,-0.0340224616229534,0.6531111001968384,-0.5027367472648621,-0.1900819391012191,0.4391688406467438,0.0433358810842037,0.0560479089617729,0.2553560733795166,-0.0600812546908855,-0.6901530027389526,-0.2300975918769836,0.5687543749809265,0.1230601221323013,0.5677212476730347,-0.602016270160675,-0.7938790917396545,-0.4930333197116852,-0.4641251266002655,-0.742774248123169,0.5704273581504822,0.2279031723737716,0.5277448892593384,-1.1010617017745972,0.3045161962509155,-0.4415763318538666,-0.1428609639406204,0.224620059132576,0.4522855579853058,-0.0416596978902816,-0.6321066617965698,-0.3785338997840881,-0.1012588590383529,-0.5309897065162659,0.1976260840892791,0.554463803768158,-1.1691291332244873,0.3402290344238281,0.8872796893119812,0.378423124551773,0.1121369004249572,-0.4711320102214813,-0.3841022253036499,0.2509441971778869,0.3324692249298095,0.2920675873756408,-0.1482469588518142,0.745602548122406,-0.3011537194252014,-0.0655635893344879,0.9738178849220276,0.3706132769584656,0.6789130568504333,0.0889538303017616,0.1403046548366546,0.2310503721237182,-0.9686654210090636,0.2270397990942001,-0.2863897979259491,0.1930752843618393,-0.3693106770515442,0.7584398984909058,0.6173455119132996,-0.3256116807460785,-0.1006857976317405,0.6807042360305786,0.0588103458285331,0.655668318271637,-0.3626004159450531,0.3059314787387848,-0.2152339816093444,0.3650051951408386,0.4816794991493225,-0.1460896581411361,-0.6812595725059509,-0.3094242811203003,0.038591731339693,-0.7347128987312317,-0.2075425386428833,0.6142566800117493,-0.3499315977096557,0.791633665561676,-0.4000273048877716,-0.1289055347442627,1.6565169095993042,-0.724829375743866,-0.2075648456811905,-0.3345092535018921,-0.2516857385635376,0.1086269840598106,0.1616531759500503,0.2522445023059845,0.3395744562149048,-0.017392436042428,-0.9878248572349548,0.1841320544481277,0.0778492093086242,-0.328554093837738,0.6227366328239441,-0.722170352935791,-0.7642505764961243,0.6464462876319885,0.1478803604841232,-0.2024148553609848,-0.1081273555755615,-1.0051050186157229,0.0297788884490728,0.1627057492733001,-0.5323598980903625,-0.0070076705887913,0.0978099629282951,0.2807737588882446,-0.3761116862297058,-0.0499865002930164,-0.0087247109040617,0.8803223967552185,-0.5123594403266907,-0.5176960825920105,0.0049891816452145,-0.1511417180299759,-0.3433923721313476,0.317162275314331,0.2520496547222137,-0.1966728866100311,-0.4827831387519836,0.0461198724806308,-0.0166893489658832,0.1081532537937164,-0.2482785582542419,0.2989997565746307,-0.2916483581066131,0.1304292976856231,-0.1375846266746521,-0.4849362373352051,0.6292511820793152,-0.0682835355401039,-0.6844152808189392,-0.3577904403209686,0.4788742661476135,0.1206419020891189,-0.2451196312904358,0.4967191517353058,-0.4331493079662323,-0.04820117354393,0.2187448292970657,0.3642936944961548,-0.449424684047699,-0.2918106615543365,0.1167807802557945,0.514710545539856,0.2622050940990448,-1.8473495244979856,0.0939759612083435,0.4511251747608185,-0.2519402205944061,0.1615699082612991,-0.0748082622885704,0.1911083757877349,-0.147559106349945,0.2869060039520263,-0.6906529068946838,0.4125027954578399,-9.866451263427734,-0.4738772511482239,-0.6070104837417603,-0.0817194804549217,-0.6053327322006226,-0.093855895102024,0.5527553558349609,0.4679617583751678,0.0739731267094612,-0.0161205567419528,-0.530902624130249,0.6622480750083923,0.4001837074756622,0.2871275842189789,-0.6870793104171753,-0.1559932678937912,-0.7749782800674438,-0.42094686627388,-0.5526952743530273,-0.3265601992607116,0.0587750263512134,0.1304756700992584,0.2738685309886932,0.2152975499629974,0.2449579685926437,-0.4155165553092956,0.5332508683204651,0.1591961532831192,0.1052495017647743,0.614543080329895,-0.7922978401184082,0.94278746843338,-0.4673015475273132,0.2609024047851562,-0.139833316206932,-0.1529679894447326,-0.3821516931056976,0.6621535420417786,-0.4301821589469909,1.0042591094970703,0.2792907059192657,0.5097688436508179,-0.1080077290534973,0.2018347680568695,0.2825525403022766,-0.2046478539705276,0.0946361497044563,0.2361679375171661,0.1250641047954559,0.1593522727489471,-0.2992273867130279,0.1726090162992477,0.0557743944227695,-0.1391969472169876,0.024932388216257,0.475098043680191,0.1387538164854049,-0.5360645651817322,0.2434888631105423,0.0872407257556915,0.2334403693675995,0.4403004944324493,0.5432884097099304,0.715287446975708,-0.0642455965280532,0.5748230218887329,-0.294950783252716,0.3198992013931274,-0.8170933127403259,-0.3333213329315185,0.1213061586022377,0.0692686289548873,-0.2152220159769058,0.4615814089775085,-0.0108864428475499,0.5448075532913208,0.4355773031711578,0.0210879500955343,1.0093684196472168,0.5293522477149963,0.780722975730896,0.1460287421941757,0.1812483966350555,0.1236094012856483,-0.5672558546066284,0.1457053571939468,0.3169363141059875,-0.199286550283432,0.3998110294342041,-0.713018536567688,0.8659877777099609,0.8352980613708496,-0.4295146465301513,0.1539351791143417,0.0408297851681709,-0.4639273583889007,-0.0694683566689491,0.2736561298370361,0.0732821300625801,-0.1182457730174064,0
0.5296596884727478,0.2130906283855438,0.4559382796287536,-0.3788235783576965,0.0963736400008201,0.229296863079071,0.2386744916439056,0.2548413276672363,-0.0763473808765411,-0.5995948910713196,0.3987560868263244,-0.4263967275619507,0.4475667774677276,-0.2476707696914672,0.6969519257545471,-0.0656861960887909,0.0709809884428978,-0.1644545197486877,-0.0108748702332377,-0.3702743947505951,-0.7576481103897095,-0.413432627916336,0.3180697858333587,0.3614082336425781,0.053830225020647,-0.3144461810588836,0.024836154654622,0.22332763671875,-0.1629917174577713,0.0653100684285163,-0.163625493645668,-0.366718590259552,-0.2875009775161743,-0.143985703587532,-0.1412046998739242,0.7164433598518372,0.0447980128228664,-0.334321528673172,-0.048272281885147,-0.4448588788509369,0.2024504095315933,-0.0392537266016006,-0.0778143554925918,-0.4906745254993438,-0.4244580864906311,0.3569748103618622,0.1421144604682922,0.4508043527603149,0.3910716772079468,0.065802477300167,-0.2395339757204055,0.3987994194030761,0.2064034640789032,0.0377097837626934,0.5504782795906067,-0.1333968788385391,0.3774928748607635,-0.541711688041687,-0.0768055692315101,0.2613519728183746,-0.3717130422592163,-0.2485538125038147,0.521899402141571,-0.136066272854805,0.0811342075467109,0.026225758716464,-0.2150810807943344,-0.1482564061880111,0.0450063794851303,-0.7747994661331177,-0.2178253978490829,0.2925040125846863,0.3747594952583313,-0.3835846185684204,0.6918500065803528,-0.3065555095672607,0.2237822115421295,0.1153149232268333,0.2371601611375808,-0.2251027226448059,-0.3462476432323456,0.2766848802566528,0.2552945911884308,-0.7245570421218872,0.0226185377687215,0.0493616014719009,-0.4940282702445984,-0.9880563616752625,0.452703058719635,-0.3511286675930023,-0.0228992886841297,0.0741178765892982,0.2153235077857971,0.2377034276723861,0.0652189552783966,0.1718862056732177,0.1264184862375259,-0.2441621720790863,-0.2346249967813491,0.2505479454994201,0.0868691354990005,0.4093315303325653,0.32750204205513,-0.1709804832935333,-0.2634230852127075,0.0760699585080146,-0.1548914760351181,0.2174850106239318,0.2510367929935455,0.0809057801961898,-0.3745799660682678,-0.2978120148181915,-0.4654948711395263,0.2725546658039093,-0.0209189262241125,0.1435899883508682,-0.198187306523323,0.3388965129852295,-0.4349301159381866,0.6078699827194214,-0.2538466453552246,0.7915907502174377,-0.0356875881552696,0.3047783374786377,0.2150291949510574,0.5052955746650696,0.0175789315253496,-0.0272460542619228,-0.1284803003072738,-0.2572053372859955,0.0357783772051334,-0.0579200908541679,-0.6814077496528625,0.0921545028686523,-0.2537298202514648,0.9225340485572816,-0.0114336526021361,-0.0479016825556755,-0.136097177863121,-0.4668779373168945,-0.1524674445390701,-0.1324257403612136,0.2752945125102997,-0.4046907126903534,-0.1197020336985588,0.1626258939504623,-0.2094656676054,-0.4744023382663727,0.4888186752796173,0.3426395952701568,-0.391703337430954,0.8269580006599426,-0.7304170727729797,0.0575210861861705,-0.0262061338871717,0.3646568357944488,-0.7473659515380859,0.1510887295007705,0.0498598143458366,0.5594866871833801,0.0929848328232765,-0.4336896538734436,0.1997489929199218,0.3209051787853241,0.1022119894623756,0.4263670146465301,0.4947990477085113,0.234954759478569,0.1953546553850174,0.4709454476833343,0.0561673045158386,0.4962971210479736,0.0458567067980766,-0.2137681096792221,0.4985187947750091,0.2918106913566589,0.1293936520814895,0.2646268904209137,0.0680747330188751,-0.5479270219802856,-0.0365224033594131,-0.1630211323499679,-0.0103595312684774,-0.1495637893676757,0.4607514441013336,-0.16131691634655,-0.0502539128065109,0.1145083829760551,-0.2079464346170425,0.1704038232564926,0.0367571040987968,-0.262583464384079,0.3753058016300201,-0.6912090182304382,0.0999286249279975,-0.3194076120853424,-0.3274402320384979,-0.3803856372833252,-0.302856832742691,0.3924706578254699,0.0625739246606826,-0.0227741338312625,-0.1504396349191665,-0.1841774731874466,-0.8772600889205933,-0.3443240523338318,0.072902612388134,0.655198872089386,0.360122412443161,0.2266106456518173,0.0718065351247787,0.2478867173194885,0.4675061106681824,0.0748334527015686,0.1430813670158386,-0.0019422065233811,-0.2316767424345016,-0.1867131143808365,0.1263024359941482,-0.1210856661200523,0.4201357662677765,-0.0982303693890571,0.3487502336502075,-0.0542345009744167,-0.406590849161148,0.2436564266681671,0.0867293998599052,-0.3940061628818512,0.0503381453454494,0.7268115282058716,-0.2607754468917846,-0.6348714232444763,-0.4985277056694031,-0.0947990268468856,-0.6508302092552185,0.0662958398461341,-0.268383651971817,0.2855084538459778,-0.349700003862381,0.112674169242382,-0.1744929105043411,-0.4754193425178528,-0.1815786063671112,-0.2118682861328125,0.0328344888985157,0.1429506987333297,-0.0228110589087009,-0.1918207108974456,-0.51520836353302,-0.035258699208498,-0.3487142920494079,-0.4789979457855224,-0.0031026471406221,-0.5512425303459167,0.4469566941261291,0.2267684787511825,0.519576370716095,-0.0401957146823406,0.2230084687471389,-0.021178001537919,-0.0647084936499595,-0.8502422571182251,-0.1223883181810379,-0.082101322710514,-0.5005362629890442,-0.0289797261357307,0.0161732789129018,-0.4629672467708587,-0.3051377236843109,-0.4279847145080566,-0.0537696257233619,-0.4275308847427368,-0.4585559368133545,0.0507671535015106,-0.0609349831938743,0.121000550687313,-0.1441505849361419,0.4983959794044494,-0.4443674683570862,0.157625675201416,-0.6233783960342407,0.1977990418672561,-0.6939910650253296,-0.2582651376724243,0.0102615738287568,-0.2509933710098266,-0.385790079832077,0.1677277833223343,-0.4675479829311371,0.3769758343696594,0.3340494334697723,0.0589170567691326,-0.4295046031475067,-0.0234155897051095,-0.379841536283493,0.1281551122665405,0.2171487510204315,0.7272565960884094,0.2176287770271301,-0.0618875958025455,0.1726910173892974,0.4014920890331268,0.1911408603191375,0.1473643630743026,-0.1017887517809867,-0.2969529330730438,0.0840102732181549,0.055018100887537,0.6373216509819031,0.1061175316572189,-0.0175985414534807,1.0461182594299316,-0.3499410450458526,0.2470925748348236,0.49268639087677,0.2864406108856201,-1.7427469491958618,0.0124134626239538,-0.1290074437856674,0.0475340001285076,-0.2400045990943908,0.28074511885643,-0.0035546065773814,0.137170597910881,-0.459278792142868,-0.5403351783752441,0.9039117693901062,0.2878541350364685,-0.0093382988125085,-0.5122708082199097,0.3493413031101227,-0.2350283712148666,0.0298427008092403,-0.4780119359493255,0.2126775383949279,0.4782304167747497,-0.4107668399810791,0.0539882034063339,-0.1659918874502182,-0.537499725818634,-0.083966925740242,0.1677630394697189,0.1615692526102066,0.247225672006607,-0.5302152037620544,0.1380523741245269,0.3138780891895294,0.4008596837520599,0.7858495712280273,0.3039855659008026,-0.0616408102214336,0.0577767044305801,0.4450687170028686,0.1350419074296951,0.4254122972488403,-0.2856252193450928,0.1758316755294799,-0.0475820116698741,0.8534377217292786,0.0125897396355867,0.0911166295409202,-0.0015497871208935,0.1213041767477989,0.2295670956373214,-0.081953153014183,0.3548986315727234,0.1464321017265319,0.0478751249611377,0.1907066702842712,0.5322242379188538,0.5807309746742249,0.1449556350708007,-0.2838995158672333,-0.3661825656890869,0.0364569164812564,-0.321286529302597,-0.6244051456451416,-0.3386206030845642,-0.3438629508018493,-0.1222211271524429,-0.4495676457881927,0.2929139733314514,-0.0296255443245172,-0.5183850526809692,0.0549229495227336,-0.3556650280952453,-0.4252268970012665,0.3321499228477478,-0.0532559305429458,-0.7333111763000488,0.5861435532569885,0.2217282354831695,0.2881442606449127,-0.5338570475578308,-0.6530799865722656,-0.0423921756446361,-0.2733902633190155,-0.3039427995681762,0.1676573008298874,-0.3308295905590057,-0.0540301539003849,0.3473367393016815,-0.0784889757633209,-0.0932381302118301,-0.3437794744968414,-0.2950970530509949,-0.7089868783950806,0.1887605041265487,-0.0504166632890701,0.3232135474681854,0.0219684243202209,0.2221865206956863,0.2203065305948257,0.0448722839355468,-0.2711859345436096,0.0839256197214126,-0.3249978721141815,0.5804333090782166,0.3907267451286316,0.1664255708456039,0.581920862197876,0.4442465603351593,0.2811322212219238,0.5245891809463501,0.0202089324593544,0.0134099787101149,-0.610522449016571,-0.3011751174926758,0.7100160717964172,-0.0379120931029319,0.2432178258895874,-0.107879638671875,-0.0181926805526018,0.6090810298919678,-0.0324829034507274,-0.5741919279098511,0.0005142665468156,0.0738754346966743,-0.1841550320386886,0.262513518333435,0.6575903296470642,0.8228428959846497,-0.0232491437345743,0.0209028869867324,-0.140678659081459,-0.1875307261943817,0.3151618540287018,-0.1306444257497787,-0.1179750114679336,-0.2945268750190735,0.0095409927889704,0.2994397580623626,0.6596575975418091,0.2006724327802658,0.6231606602668762,0.3094731569290161,-0.3437167704105377,0.2674251198768616,0.435273140668869,0.4795292615890503,-0.2945265173912048,-0.2899815738201141,-0.3539811670780182,0.0258303135633468,-0.3896693289279938,-0.0662572011351585,0.6731356978416443,-0.1594995409250259,0.1768974959850311,0.0076765068806707,-0.6110824346542358,-0.6220504641532898,-0.3782775104045868,0.1608152389526367,-0.0992601439356803,0.1433831602334976,0.2025719732046127,-0.0135760903358459,-0.4930251836776733,0.1857774257659912,0.0561464726924896,0.2988999783992767,0.5034912824630737,-0.1536019593477249,-0.0901676565408706,0.0035907886922359,0.0382498726248741,0.0676893964409828,-0.1810710877180099,0.0458883009850978,-0.2628243565559387,-0.4944120943546295,0.0162131208926439,0.1840128451585769,0.2542142868041992,-0.1465330421924591,0.6534149646759033,0.1324674189090728,-0.5132039189338684,-0.565060019493103,-0.237240582704544,-0.2221661806106567,-0.0452727153897285,-0.4980322420597076,-0.0901912376284599,0.0443757846951484,0.3667648136615753,0.0876772403717041,0.2802462577819824,-0.3576146960258484,0.0792291760444641,0.2387515604496002,0.6340348720550537,-0.1300701349973678,0.2300144582986831,-0.1985842436552047,0.0217490531504154,0.0881654992699623,0.0755990594625473,0.0594925098121166,-0.1432090848684311,-0.536220908164978,-0.6978509426116943,-0.3783296048641205,-0.1789586842060089,-1.0786592960357666,0.5394381880760193,0.1386258453130722,0.2410538047552108,-0.4676302969455719,-0.4629960358142853,-0.147763043642044,0.3010770082473755,-0.115580216050148,0.4248737096786499,-0.2177674025297165,-0.5781479477882385,-0.0497000403702259,0.1251947283744812,-0.6601473689079285,0.9405031204223632,0.2545405626296997,-0.4916508197784424,-0.3954956829547882,0.387395292520523,0.1958344131708145,-0.2218459993600845,0.1072808057069778,-0.1325920820236206,-0.5393648147583008,0.1550326347351074,-0.3469339609146118,0.3210111856460571,-0.1543601602315902,-3.526743239490315e-05,-0.1246603056788444,0.5851903557777405,0.3443279862403869,0.2443006783723831,0.0775589197874069,-0.2279006391763687,-0.2089708745479583,-0.2480691522359848,0.3257020711898803,0.1407943069934845,0.3850536048412323,-0.1766823679208755,0.3162503838539123,0.5831259489059448,-0.8466090559959412,0.0867414474487304,0.7604172825813293,0.4110320210456848,0.444315493106842,-0.1525647640228271,0.03209038823843,-0.8170374035835266,0.1355699896812439,0.1418216824531555,-0.0172215569764375,0.4570207893848419,-0.0356507040560245,-0.1375111788511276,-0.4097650349140167,-0.0168074183166027,0.4003950655460357,0.1728287488222122,0.0364892520010471,0.4355419874191284,-0.1556229144334793,0.5133227705955505,0.3383309543132782,-0.2615169286727905,-0.3602937161922455,0.0543467439711093,0.4090258181095123,0.7752847075462341,0.1817598491907119,0.3601688146591186,-0.7150218486785889,-0.6305393576622009,0.3012827634811401,0.0831094086170196,0.3051785230636596,0.5014293193817139,-0.2748686373233795,-0.0627902820706367,0.6112644672393799,0.2978948354721069,-0.0707817524671554,-0.3294468224048614,-0.4165408909320831,-0.1707163900136947,-0.2366679608821869,-0.5008911490440369,0.2017518132925033,0.0845913216471672,-0.0467947907745838,0.2117699682712555,0.0154199143871665,0.0983888357877731,0.5822260975837708,0.0028719732072204,-0.305047333240509,0.2047902196645736,0.0614336542785167,-0.0901422724127769,0.0808300226926803,-0.2235193252563476,-0.2465935945510864,-0.0241717658936977,0.2415190041065216,-0.1573673337697982,0.2025086134672165,0.0340979881584644,0.1619161665439605,0.3305917084217071,-0.4448821544647217,-0.1901049017906189,-0.314644455909729,-0.3174638450145721,-0.1307286322116851,-0.6577920317649841,-0.3597747385501861,-0.0309588555246591,-0.0471150875091552,-0.1592544317245483,-0.05937360227108,-0.4678713381290436,-0.2325161099433899,-0.4492211043834686,0.2522855401039123,-0.1734455525875091,-0.8417651653289795,0.3823029398918152,0.2627186775207519,-0.1252967417240142,-1.1999207735061646,0.247536301612854,0.1704616248607635,0.2441152334213256,0.1721053123474121,0.704698920249939,-0.3422385454177856,-0.2607019543647766,0.0875810459256172,-0.2855316996574402,0.2547450661659241,-10.516351699829102,0.1059780791401863,-0.4225786030292511,-0.3998930752277374,-0.3504877388477325,0.3931498527526855,0.6256321668624878,0.5662823915481567,-0.1955859363079071,0.1214233934879303,-0.0340548641979694,0.0915949419140815,-0.0144770285114645,0.6837878823280334,-0.5207838416099548,-0.3065536618232727,-0.2305571138858795,-0.0215277168899774,-0.0403221026062965,-0.2391912043094635,0.1143146902322769,-0.284472644329071,0.5086359977722168,0.7366798520088196,0.5462241768836975,-0.4084236323833465,-0.2611879706382751,0.0024734144099056,-0.2027534991502761,0.5919749736785889,-0.6013648509979248,0.5325713157653809,0.0364352501928806,0.3010843992233276,-0.1525362879037857,0.2529691159725189,-0.4028312265872955,0.6683297157287598,-0.0390014834702014,0.4041423201560974,0.3153025507926941,0.4241274297237396,-0.025679500773549,-0.0304168835282325,0.1748992651700973,0.2391737103462219,0.469064712524414,0.0111696710810065,0.5418323874473572,-0.2422156333923339,-0.1271032989025116,0.1338433921337127,0.0682288780808448,-0.0943486765027046,0.4556112885475158,-0.0305458642542362,0.6394035816192627,-0.6745585203170776,-0.031642060726881,0.0643760710954666,0.3380284905433655,-0.0773757696151733,0.3833673596382141,0.444365918636322,0.30074143409729,0.4105566740036011,0.5217416882514954,0.3653739690780639,-0.9130431413650512,-0.2377991825342178,0.1625676453113556,0.471616268157959,-0.0950486809015274,0.3251329064369201,-0.2567318379878998,0.3133965134620666,0.3614666759967804,-0.2959363758563995,0.0550640672445297,-0.0280053783208131,0.2839506864547729,-0.3029759228229522,0.0833558365702629,0.2407184094190597,-0.621874213218689,0.0487202405929565,-0.0832330659031868,-0.04812478646636,0.259869247674942,-0.4461257457733154,0.2382365614175796,0.0838035121560096,-0.5344372987747192,0.5065318942070007,0.4480125904083252,0.0181824807077646,-0.121032990515232,0.2265196144580841,0.4854059219360351,-0.0247120037674903,1
0.2429837435483932,0.6616470813751221,0.4144341945648193,-0.5313122272491455,0.1043398976325988,0.1102759465575218,0.1062611937522888,-0.2478341162204742,-0.2821229696273803,-0.1260201185941696,0.3784200251102447,0.1037749797105789,-0.10788494348526,-0.294757604598999,0.5367764234542847,-0.928157925605774,0.1167352274060249,0.0656434595584869,-0.1832303702831268,-0.2120799869298935,-0.4948760271072387,-0.4055013060569763,-0.4894960820674896,0.4153940379619598,0.2371083348989486,0.0990686863660812,0.3000172078609466,0.2303175777196884,-0.1508395671844482,-0.4304077327251434,0.1607287675142288,-0.3669348955154419,-0.0078871855512261,-0.2883332073688507,-0.2220017313957214,0.4118724763393402,0.0157045312225818,-0.3442846238613128,0.6697462797164917,0.3244195282459259,0.492513507604599,-0.0104946829378604,-0.1454022377729416,-0.4759864807128906,-0.1838628053665161,-0.025675805285573,0.026679765433073,-0.2451867908239364,-0.145347774028778,0.2870108783245086,-0.0690131187438964,0.1475712805986404,0.2691896855831146,-0.0975613892078399,-0.1410095989704132,-0.2098197638988495,0.4573187530040741,-0.1174774765968322,0.0793971195816993,0.1471655964851379,-0.6074702143669128,-0.0248136818408966,-0.2856194376945495,0.2636463046073913,-0.1505414545536041,0.2051240503787994,0.1775323301553726,-0.1433065384626388,-0.0035859446506947,0.1596288084983825,-0.0907938554883003,0.2541209459304809,-0.4107077419757843,0.0826245546340942,0.4377497136592865,0.1316197663545608,0.1347358673810959,-0.6244744658470154,0.205821231007576,0.193708449602127,-0.1448723077774047,0.6121870279312134,-0.1083380207419395,-0.923694670200348,-0.3283492922782898,0.4229500889778137,-0.855821430683136,-0.6492044925689697,0.7465376257896423,0.1914977729320526,0.3263177573680877,-0.1214522197842598,0.1692380011081695,0.051663763821125,0.4650666713714599,0.0560071654617786,0.1095112487673759,0.000639735138975,0.0553719326853752,0.4078894555568695,-0.5672503709793091,-0.1987964212894439,0.2265511900186538,0.0204362273216247,-0.2532869279384613,0.102281630039215,-0.1485786437988281,0.2984353899955749,0.5234402418136597,0.1864424645900726,0.0229677036404609,-0.5233455300331116,-1.037511110305786,-0.0380867198109626,-0.5107100009918213,-0.0620136447250843,-0.146765798330307,0.2129094898700714,-0.0059054959565401,0.958530604839325,0.1520959734916687,0.6953815221786499,-0.2734029293060303,-0.4183167219161987,-0.6107425689697266,-0.0333437174558639,0.2114969491958618,-0.0050072912126779,0.2974022030830383,-0.5956506133079529,-0.1555178463459015,-0.3459401130676269,-0.4776040613651275,0.1496871560811996,-0.2893439829349518,1.3273342847824097,-0.2777860164642334,-0.3315542042255401,-0.1166881397366523,-0.7165441513061523,-0.3890847563743591,0.2689749002456665,0.4938358068466186,-0.3202112317085266,-0.355864554643631,0.2386700063943863,0.2283650189638137,-0.1370262056589126,0.3486682474613189,0.2297505736351013,0.070768654346466,0.7893009781837463,-0.4187586605548858,0.2134864628314972,-0.0380802862346172,-0.2275033444166183,-0.4241217076778412,0.8129070401191711,-0.0552768632769584,0.1299701780080795,0.4829398691654205,-0.3331312537193298,0.0883076786994934,0.6621437072753906,0.192182183265686,0.3532751500606537,0.5633125305175781,0.0806767791509628,0.5191296339035034,0.84903883934021,0.1574263125658035,0.1920378357172012,0.2674828171730041,-0.0119606144726276,-0.0179694071412086,0.3758255541324615,0.1096233204007148,-0.1509265750646591,0.0598473697900772,-0.6680653095245361,0.0179712958633899,-0.4222248792648315,0.2690566480159759,-0.6090359687805176,0.4296282827854156,0.1820018142461776,0.2575974762439728,-0.0080163571983575,0.2309181541204452,0.2193805873394012,0.0711452215909957,-0.1978735029697418,0.3086549341678619,-0.305957019329071,-0.2482561767101287,-0.040400955826044,-0.1866161823272705,-0.1047106832265853,-0.3690989017486572,0.6217343211174011,-0.0149576058611273,0.0208998396992683,0.1553537398576736,-1.0083690881729126,-0.6598727703094482,-0.0307220090180635,0.0740824490785598,0.2435399740934372,0.2011950463056564,0.4041383564472198,-0.3810803890228271,0.3071947991847992,0.2138439565896988,0.2134152352809906,0.7393538355827332,0.124230146408081,-0.4999823570251465,-0.6200705170631409,0.6957839727401733,-0.4209252595901489,0.2966658174991607,0.287886381149292,0.1154162883758544,-0.3496742844581604,-0.5425217747688293,0.3033263981342315,0.6870912313461304,-0.1928041577339172,0.2805252969264984,0.786598801612854,-0.2743557393550873,-0.7091795206069946,-0.755965530872345,0.4028015732765198,-0.5773530602455139,-0.0032976644579321,-0.1895332485437393,0.3897786438465118,0.103490449488163,0.4466934204101562,-0.2233365625143051,0.0843053236603736,0.1237956285476684,0.0208829268813133,-0.295165866613388,0.1247735247015953,-0.2412090301513672,-0.6967189311981201,-0.2191511392593383,-0.5633196234703064,-0.7809281349182129,0.2351743131875991,-0.0793177708983421,-0.6614803075790405,0.7603803873062134,-0.1348340362310409,0.1946591436862945,0.3506882488727569,0.6989926099777222,-0.2840446829795837,-0.9344939589500428,-0.6188869476318359,-0.109934501349926,-0.2047150284051895,-0.2345944344997406,0.2682673633098602,0.1313077062368393,-0.2012358456850052,-0.9308447241783142,-0.3641413450241089,0.5580544471740723,-0.4756347835063934,-0.2437719404697418,-0.0948891788721084,-0.5024368166923523,-0.1324057281017303,0.0524689331650733,0.6777330636978149,-0.5296950340270996,0.4793498516082763,-0.6652148962020874,0.2199455201625824,-0.9174380898475648,-0.3692097067832947,0.2431943714618683,-0.2337118685245514,-0.2766892313957214,-0.6346429586410522,-0.2657560408115387,0.0116315418854355,0.1325128227472305,-1.0660030841827393,-0.1120108589529991,-0.0864522457122802,-0.2063036113977432,0.5902285575866699,0.2407087236642837,0.3161251246929168,-0.2273279726505279,0.0248950850218534,0.1730425208806991,0.0993838012218475,0.4278195202350616,-0.1964274644851684,-0.2368857413530349,0.0010892205173149,-0.0591033622622489,-0.3960906863212585,0.5078621506690979,-0.163101851940155,0.2188931852579116,0.4486396014690399,-0.5537123680114746,-0.0463178567588329,1.2444818019866943,0.3487429320812225,-1.5020153522491455,0.5995408296585083,0.2303229719400406,0.4922672510147095,-0.0242355950176715,0.8289330005645752,0.1658795326948166,0.2400076240301132,-0.1751780658960342,-0.4951502084732055,0.8983199000358582,0.5475347638130188,-0.3157324492931366,0.4954361021518707,0.7171089053153992,-0.2827208042144775,0.3410134017467499,-0.6121780872344971,0.0275671202689409,0.3620475828647613,-0.1288771480321884,0.0586671493947505,-0.3593015968799591,-0.4158864617347717,-0.3234583139419555,0.2186788320541381,-0.054381426423788,0.3666248917579651,-0.6259625554084778,-0.3300541043281555,0.0359206236898899,0.905072808265686,0.7259753346443176,0.6455700397491455,-0.8034408688545227,-0.3687601089477539,0.3280030786991119,0.3391102850437164,-0.1116150394082069,-0.0498237125575542,0.3112061023712158,-0.6004527807235718,0.7444670796394348,0.004943897947669,-0.2737416625022888,0.4370934069156647,0.2138765752315521,-0.1150262430310249,-0.1550572216510772,0.3714747726917267,0.5801296234130859,0.0133970277383923,0.3824444711208343,0.1665427237749099,0.5571229457855225,0.0155771458521485,-0.3926637768745422,-0.2148728370666504,0.5078781247138977,-0.6612591743469238,-0.1466124355792999,-0.0399776212871074,-0.4440430402755737,0.3932904601097107,0.0550920702517032,0.1107166036963462,-0.4616883993148803,-0.0968769788742065,-0.3807919919490814,-0.3492355346679687,-0.7859245538711548,0.1585797220468521,-0.102816417813301,0.1691825091838836,0.0684942007064819,0.0590056367218494,0.6421015858650208,-0.3890002369880676,-0.694823145866394,0.49764084815979,-0.2100668847560882,0.616585910320282,0.1529806107282638,0.3491581380367279,-0.0853445529937744,0.5202713012695312,0.0830933153629303,-0.3337989449501037,-0.9165831804275512,-0.016295026987791,-0.7332712411880493,0.042853370308876,-0.1878782957792282,0.6519651412963867,-0.1901039034128189,0.1041358187794685,-0.2169331759214401,-0.1172236055135726,-0.6708835959434509,-0.4083777666091919,-0.0215285513550043,0.4125701189041137,0.1186963841319084,0.2391372174024582,0.0760342478752136,0.2227817773818969,-0.1969287544488906,-0.1205940619111061,0.2048063576221466,-0.2838293313980102,-0.2153407633304596,-0.3133227825164795,0.3032082021236419,0.2229405045509338,0.1993780732154846,0.1405640542507171,0.1348936557769775,0.9171162843704224,-0.0040773986838757,-0.5683957934379578,-0.202481135725975,0.0748540014028549,-0.5582358837127686,0.6207622289657593,0.603394627571106,0.3168795704841614,-0.2125132828950882,-0.0288510210812091,0.3115122616291046,0.2210391759872436,0.2493517100811004,-0.2543894052505493,-0.0992610976099968,-0.1656071990728378,0.6284988522529602,1.0713316202163696,0.2836301922798157,-0.1074520945549011,0.0900056660175323,0.4166778028011322,-0.3198823630809784,0.2921349704265594,-0.0971302092075347,-0.2276584059000015,-0.1310792714357376,0.1182970181107521,-0.0538550391793251,-0.6497675776481628,-0.0252242423593997,-0.2644214630126953,0.0595304928719997,0.1227905079722404,-0.0516981892287731,0.1294545233249664,-0.2900190353393554,-0.094262309372425,-0.1633104383945465,-0.1553844809532165,-0.4451681971549988,-0.0710231885313987,0.4448330998420715,0.2612958550453186,-0.5230633616447449,-0.1095476970076561,-0.5029499530792236,0.2451343834400177,0.2199645638465881,-0.973588764667511,-0.0070733963511884,0.4774846136569977,-0.4497261941432953,0.3073701560497284,0.7928303480148315,0.0182920433580875,-0.1018890142440795,-0.6858155727386475,-0.1857819855213165,0.0109096784144639,0.1317808181047439,-0.6567697525024414,0.8301150798797607,0.1016561090946197,-0.5717026591300964,-0.1149327009916305,-0.2627092003822326,0.034024178981781,0.0031094052828848,-0.3713329434394836,-0.3024531900882721,0.1304530352354049,-0.0712276026606559,0.3358756899833679,0.3019727170467376,-0.3836082518100738,0.5502412915229797,0.476828396320343,-0.1813965141773224,-0.2056408822536468,0.1381787955760955,0.1300579309463501,-0.2510866522789001,-0.490662008523941,0.5847228169441223,0.0990990921854972,0.4542977511882782,-0.5019312500953674,-0.4525839984416961,-0.9553918242454528,-0.3081034123897552,-0.4120027124881744,1.0101089477539062,0.106171153485775,0.5920789241790771,-0.5466233491897583,0.0369764156639575,-0.2334018349647522,-0.4807859659194946,0.0340243764221668,-0.00066391605651,0.1705408543348312,-0.5426018834114075,0.0597610399127006,-0.0566765144467353,-0.5716797709465027,0.5897325873374939,0.2156503498554229,-0.5519767999649048,0.214102029800415,0.3325624465942383,0.4883544743061065,-0.3271539509296417,-0.004443631041795,0.028824022039771,-0.4150506258010864,0.4931075572967529,0.598717451095581,-0.0168216433376073,0.0082954056560993,-0.4523566663265228,0.1862673312425613,0.4561715424060821,0.0995494574308395,0.5674883723258972,-0.1299070566892624,0.3055258095264435,-0.393447607755661,-0.5910243988037109,-0.1656953394412994,0.5245293974876404,-0.0361129119992256,-0.2305850982666015,0.520514965057373,0.812446653842926,-0.4471359252929687,-0.2025977224111557,0.5878554582595825,0.5430659055709839,0.5173218250274658,-0.1239184811711311,-0.0395412445068359,-0.1178594082593917,0.3187896609306335,0.1799277663230896,0.0406401194632053,0.0795059874653816,-0.3792600333690643,0.1649370342493057,0.0250375401228666,-0.0221073124557733,0.0572055093944072,-0.1905837059020996,-0.2511022388935089,-0.0188268590718507,-0.090795986354351,0.9667328000068665,-0.0944556295871734,-0.0823743417859077,-0.1619880199432373,0.0251872967928648,0.7463778853416443,0.3581504225730896,0.5912224054336548,-0.2392962276935577,-0.158086210489273,-1.1010819673538208,0.1275637000799179,0.313126653432846,0.2486414015293121,0.4778515994548797,-0.5838837027549744,-0.4259118437767029,0.1567355543375015,-0.0280694551765918,0.2171958833932876,-0.3518778383731842,-0.3050165474414825,-0.0396391414105892,-0.1147433742880821,-0.6355258226394653,0.1865203827619552,0.0695757940411567,0.2216122150421142,-0.2658445537090301,-0.1083803921937942,0.0552495196461677,0.7241560816764832,0.0491474531590938,-0.1668150871992111,0.4289432168006897,-0.5209513902664185,-0.3094995319843292,-0.2502380311489105,0.4035990536212921,-0.1378433555364608,-0.2864646017551422,-0.1820030808448791,-0.2839915752410888,-0.1860846579074859,0.1142166927456855,0.7544969916343689,0.3308906853199005,-0.4474155604839325,-0.2436137497425079,-0.6800034046173096,0.1107430011034011,-0.0449113100767135,-0.2781331539154053,-0.1667873561382293,0.0878268927335739,0.1511742919683456,-0.0381850898265838,-0.4347122609615326,-0.9467491507530212,0.2705251574516296,0.0103676039725542,-0.0074499985203146,-0.5324368476867676,-0.2000237107276916,0.1846408545970916,-0.1127865463495254,-0.0611799508333206,-1.416852951049805,0.2163655906915664,0.2854018211364746,0.474258691072464,-0.5205056667327881,-0.1401354521512985,-0.3134582340717315,0.079124741256237,-0.0675518810749054,-0.3643983602523803,0.2236636132001876,-10.126229286193848,-0.5954090356826782,-0.2013663649559021,0.1831450760364532,-0.6076692938804626,-0.0956417769193649,0.7921034097671509,0.413495659828186,-0.7086025476455688,0.2050848752260208,0.0776176750659942,-0.0283153001219034,0.3393615484237671,0.749784529209137,-0.4074761271476745,0.0213155783712863,-0.1998467445373535,0.0702861994504928,0.0554596148431301,0.2280466705560684,-0.0689334645867347,-0.4802581667900085,0.7317725419998169,0.0283301267772912,-0.0139087084680795,-0.2485344260931015,-0.0482468679547309,-0.0003126022929791,-0.2205953449010849,0.558956503868103,-0.9520581364631652,0.6147222518920898,0.0145301884040236,0.0522126071155071,-0.5024722814559937,-0.1647526025772094,0.0200219843536615,0.3842663764953613,-0.5653843879699707,0.1704603135585785,-0.1715089976787567,0.7515622973442078,-0.0378189496695995,0.3845742642879486,0.2855170965194702,0.2306790500879287,0.3776623606681824,0.3391391634941101,0.4178454279899597,-0.1351577639579773,0.1267131716012954,-0.8318745493888855,0.7936612963676453,-0.3537940979003906,0.0752086713910102,0.0817460492253303,0.5929507613182068,-0.4896476566791534,0.2425201833248138,0.0449772663414478,0.5130683183670044,0.2265548110008239,0.5212042927742004,0.771906316280365,-0.0512834563851356,0.0863157957792282,0.1183015257120132,0.1627729535102844,-0.6374534368515015,-0.1275700479745865,0.4738827049732208,0.3821472823619842,-0.1575829535722732,0.3601088225841522,-0.1020923852920532,0.0407757274806499,0.1951898038387298,0.284396082162857,0.6152212619781494,-0.1505789905786514,0.5937989950180054,-0.6158877611160278,0.3322451710700989,0.316054105758667,-0.8139500021934509,0.3925434052944183,-0.1298147588968277,0.0886130779981613,0.3968512415885925,-0.6393334865570068,0.7390257716178894,0.8232161402702332,-0.4749906957149505,0.1071046143770217,0.4608772695064544,-0.3346630036830902,0.1829065084457397,-0.0594441927969455,0.5927159786224365,-0.0158273372799158,1
0.0031761368736624,-0.0607978403568267,0.0868006199598312,-0.661807656288147,0.0111189065501093,0.3265124261379242,0.1916644126176834,-0.4045667350292206,-0.4292081892490387,-0.4083045125007629,0.5463610291481018,0.2070582807064056,-0.3826923966407776,0.0625517517328262,0.7951143980026245,-0.442884236574173,0.3125962615013122,0.3438512980937958,-0.0523972958326339,0.0517843142151832,0.0978624746203422,-0.5571790337562561,-0.2747199833393097,0.0472691729664802,-0.0459600277245044,-0.3686332702636719,0.2244462519884109,-0.082312487065792,0.0983265489339828,-0.2376643419265747,0.1591430008411407,-0.4425821006298065,-0.0801399499177932,-0.2665002346038818,-0.0309830289334058,0.0108848055824637,-0.0690804943442344,0.2679064273834228,0.2063704431056976,0.1932753026485443,0.1479707956314087,0.0076370746828615,0.1948626637458801,-0.1712042689323425,-0.0528566688299179,0.1627152562141418,-0.0894470736384391,0.1004108041524887,0.591101348400116,-0.2889629006385803,0.1374229490756988,0.5501917600631714,0.4750784933567047,0.1716260015964508,-0.0601437613368034,0.3185002207756042,0.8224498629570007,-0.557417631149292,-0.1149771809577941,0.1276140511035919,-0.5706307291984558,0.2014473527669906,-0.3595708608627319,0.2332155704498291,-0.2315685451030731,0.1064353063702583,0.0359065234661102,-0.1417602002620697,-0.3781137466430664,-0.3540096879005432,-0.0274864323437213,0.402396023273468,-0.6046552658081055,-0.3359215855598449,0.5048612952232361,-0.1393412053585052,0.3976526856422424,-0.1794541180133819,0.0227434691041708,0.1814790219068527,-0.1187740936875343,0.2268717288970947,-0.0903581604361534,-0.6762161254882812,0.0569993667304515,0.0246051810681819,-0.2300129532814026,-0.5120596289634705,0.1248785406351089,-0.4493535459041595,-0.1133277118206024,-0.2073936313390731,0.3074301481246948,0.0145306037738919,-0.1841437220573425,0.1837277859449386,-0.0620439946651458,-0.2285856008529663,-0.0833185613155365,-0.0128377340734004,-0.4649055302143097,0.2861506342887878,0.1150683984160423,0.1076434478163719,0.0551507472991943,0.1075687184929847,-0.1809568107128143,0.3812497854232788,-0.139119878411293,0.4462940990924835,0.2862721383571625,-0.2635545432567596,-0.2679628133773803,0.0520831122994422,-0.1249072924256324,0.0026477477513253,0.0267717316746711,0.2469020783901214,0.0302001107484102,0.3710814416408539,-0.1098586171865463,0.4699374139308929,0.0058718807995319,-0.0616717003285884,-0.2280991375446319,-0.1406721770763397,0.0704468786716461,-0.3091879487037658,-0.0072021726518869,-0.3812822103500366,0.1617260724306106,-0.0414503291249275,-0.5856931209564209,0.2547442615032196,-0.1138062626123428,0.4811491072177887,0.130574569106102,0.0783994868397712,-0.391741931438446,-0.5688015818595886,-0.0319120548665523,-0.2438270598649978,0.3643069565296173,0.0948860645294189,-0.1718646436929702,0.2716177403926849,0.3198012709617615,0.1311369985342025,0.7376388907432556,0.5044369697570801,-0.2001553475856781,0.7393048405647278,-0.4966245889663696,-0.0050921100191771,0.2593344748020172,-0.1624211370944976,-0.4992667436599731,0.4151813089847564,-0.1086982414126396,0.6080097556114197,0.1552628129720688,-0.3181414604187011,0.2967957556247711,0.8420257568359375,0.1295166760683059,0.7175630331039429,0.3213450014591217,0.4221847653388977,0.605125904083252,0.5966471433639526,-0.1656567007303238,0.5463995337486267,0.3133746683597564,-0.3287399113178253,0.2963298261165619,0.005749715026468,0.0374555811285972,0.5076952576637268,0.1681631803512573,-0.9266054034233092,-0.1957228630781173,0.1941849142313003,0.052257839590311,-0.4191427528858185,0.7755953073501587,0.0066946446895599,0.5302921533584595,0.2605101466178894,-0.0696816518902778,-0.184170588850975,-0.0372766554355621,-0.0098567195236682,0.2622301578521728,-0.4053263068199157,-0.5704964995384216,-0.1914510577917099,0.0944606438279151,0.0508277006447315,-0.4833554029464721,0.4180681705474853,0.3133998513221741,-0.036971129477024,-0.2730249464511871,-0.8953977227210999,-0.8142644166946411,-0.2519980072975158,-0.1531452983617782,0.2973617613315582,0.0147576453164219,0.0984799936413765,-0.2799798250198364,-0.3443861305713653,0.3409165143966675,0.0603276640176773,0.2964895069599151,-0.0570669658482074,-0.9990729689598083,0.0238197539001703,0.0489080734550952,-0.0346764251589775,0.1864619255065918,0.0158124044537544,0.2862429022789001,-0.5115312337875366,-0.2338037192821502,0.1353099048137664,0.1608468294143676,-0.2106554061174392,0.1547987461090088,0.5374172329902649,-0.066332496702671,-0.1900498867034912,-0.8293370604515076,0.2218030542135238,-0.0450445711612701,0.4054462313652038,-0.6599977016448975,0.6992177963256836,0.018104126676917,-0.002429557731375,0.5482659935951233,0.3278791010379791,0.1139019280672073,0.2349071204662323,-0.3641423285007477,0.3448559641838074,0.1526006162166595,-0.4325889348983764,-0.6531708836555481,-0.5379634499549866,-0.927617609500885,-0.3598898649215698,-0.0856102630496025,0.1103380993008613,0.4773735404014587,0.0974730402231216,0.2282249182462692,-0.4778967201709747,0.1223301813006401,-0.3653758764266968,-0.3753630220890045,-0.4723738431930542,-0.2525172531604767,0.0311940945684909,-0.1930955797433853,-0.2202931046485901,0.0085229333490133,-0.555094838142395,-0.7384956479072571,0.1608379185199737,0.0788786187767982,-0.3683903217315674,-0.4114533364772796,0.0641935840249061,-0.1213461458683013,-0.3295978009700775,-0.011258372105658,0.254391461610794,-0.3797242045402527,-0.0208807196468114,-0.6492891907691956,0.6138627529144287,-0.6307557225227356,-0.3399337232112884,-0.1044942960143089,0.0166841223835945,-0.1446605622768402,-0.4678792357444763,-0.1896993815898895,0.7635605931282043,0.2990688681602478,-0.138578861951828,-0.3641351163387298,-0.4979437291622162,-0.5783031582832336,0.4369446933269501,0.4176512956619262,0.1074473783373832,0.0878961756825447,0.402312695980072,0.5334050059318542,0.1978185474872589,0.2844682931900024,-0.1847484111785888,-0.2366843223571777,-0.2725338637828827,-0.1306344270706176,0.0627033412456512,0.4482207596302032,-0.305838406085968,-0.122567318379879,0.9938422441482544,-0.4593415260314941,-0.3654066920280456,0.7318883538246155,-0.0670155808329582,-1.3997195959091189,0.2089877426624298,0.4641358256340027,0.339649885892868,-0.481524795293808,0.7123547792434692,0.1878018230199813,0.5769309997558594,-0.2344101518392563,-0.4898486137390136,0.5672318339347839,-0.1247627809643745,-0.4136821627616882,0.4254004061222076,0.1543496400117874,-0.5032008290290833,-0.0087127489969134,-0.4590893089771271,-0.2126435190439224,0.4482419192790985,-0.1862764656543731,-0.0274078119546175,0.0112516330555081,-0.4013431370258331,-0.24400494992733,0.3090179860591888,-0.0148792658001184,-0.5374107956886292,-0.5534104108810425,-0.2894331514835357,0.3393507897853851,1.0581037998199463,0.144974336028099,0.6220086216926575,-0.4687284231185913,0.4528188407421112,0.3884975910186767,0.1073685884475708,0.5571797490119934,0.2764184772968292,-0.2424703538417816,-0.2158079594373703,0.5627112984657288,0.415305495262146,0.106074534356594,-0.0443860217928886,0.1336534172296524,0.0635653510689735,0.1826259046792984,-0.1055840924382209,0.6502776145935059,-0.141808420419693,0.3536523282527923,0.5146189332008362,0.2330994606018066,-0.0900570750236511,0.0781622529029846,-0.4576899111270904,0.1094290018081665,-0.8406364917755127,0.5045748353004456,-0.0283449869602918,-0.0218085329979658,-0.0520893447101116,-0.1031492948532104,-0.4371600151062011,-0.017949478700757,-0.1399894803762436,0.2675392627716064,-0.5081573128700256,-0.5338950753211975,0.1077740564942359,-0.0689213573932647,-0.283149242401123,0.171120136976242,0.3129028677940368,0.4287918210029602,-0.5326884388923645,-0.4094868898391723,0.7733538150787354,0.0162159632891416,-0.0072541129775345,0.5614296197891235,0.1175485625863075,-0.0760221034288406,-0.211329385638237,-0.4428883790969848,-0.2046450078487396,-0.7780249118804932,-0.3564236462116241,-0.4528417289257049,0.2160809636116027,0.2362763434648513,0.3225845992565155,-0.1116638481616973,-0.0470034219324588,0.0703728720545768,0.1373246610164642,-0.0632245987653732,-0.65218186378479,0.2310350388288498,-0.1592269390821457,0.5896809101104736,0.8067646026611328,0.1587326377630233,-0.2732491493225097,-0.1715768128633499,0.2116468995809555,0.2313543707132339,0.1230284571647644,-0.6485904455184937,0.0193797163665294,0.5927419066429138,-0.0951088666915893,-0.2243158966302871,0.1123715043067932,0.3114649355411529,0.461230456829071,-0.276660680770874,-0.382485032081604,-0.0353952907025814,0.3318245410919189,-0.0521954633295536,0.3872840106487274,0.0941041409969329,1.028633952140808,0.2518595159053802,-0.0752753987908363,0.2339671552181244,-0.3081791698932647,-0.0724743828177452,-0.2201147973537445,0.2931573987007141,0.1904922127723693,0.0927618965506553,0.5092480778694153,0.1100455299019813,-0.3637725114822387,-0.2760427296161651,-0.0828023701906204,0.3296189904212951,0.1685519069433212,0.0973466262221336,0.2866364419460296,-0.5149614810943604,-0.0037491263356059,-0.3459472954273224,-0.4577270150184631,-0.1330947428941726,0.1084762662649154,0.6005651950836182,0.1605362296104431,0.5439375638961792,-0.5331707000732422,-0.3257345259189605,-0.3711455166339874,-0.4540835320949554,-0.1340912729501724,-0.2620345950126648,0.2089841961860656,0.1866414099931717,0.1436269432306289,-0.4567202031612396,-0.3661319315433502,-0.0883623957633972,0.3650775253772735,0.0215740874409675,-1.0030871629714966,-0.4105854034423828,0.6311589479446411,-0.1848551332950592,-0.3698974549770355,0.1036599949002265,0.236632689833641,0.1726095229387283,-0.2160039544105529,-0.0213409829884767,-0.168961226940155,0.3041289746761322,-0.0161232110112905,0.4921342730522156,-0.09644266217947,-0.2044597864151001,-0.332964688539505,0.0566480383276939,-0.2578245103359222,-0.3340344727039337,-0.572498619556427,-0.3068805336952209,-0.0457549095153808,0.1794564574956894,0.1167832538485527,0.4510316550731659,-0.2446545511484146,0.4985246956348419,0.031571552157402,0.1467853039503097,-0.0906953960657119,0.2868809998035431,-0.2875887453556061,-0.1965115219354629,-0.1932107657194137,0.5326632857322693,0.2681797444820404,0.3176998496055603,-0.2003336399793625,-0.5330439209938049,-0.1281498223543167,-0.2392009794712066,-0.519485592842102,0.5827149152755737,0.0900339633226394,0.5456182360649109,-0.1836076378822326,0.2240788340568542,-0.1907528638839721,-0.0015128852101042,-0.3930225670337677,-0.1054306253790855,-0.1078258082270622,-0.8340499997138977,-0.186623215675354,-0.3212255537509918,-0.4420482516288757,0.5200933218002319,0.2669086158275604,-0.6013787388801575,-0.3170128464698791,0.1425212919712066,-0.034273512661457,-0.4507310092449188,-0.0893237888813018,-0.5125720500946045,0.1827784180641174,0.487899512052536,0.4282651841640472,0.4144729077816009,-0.2689167261123657,-0.6819618940353394,0.1487437039613723,0.7066802978515625,0.1276256442070007,0.2586115002632141,0.1338995993137359,-0.0630201920866966,0.0068775373511016,-0.3611669242382049,0.5995979905128479,0.3284713923931122,0.6112343668937683,-0.1593673080205917,0.5796571373939514,0.5704997777938843,-0.2039690464735031,0.27096688747406,0.9044501185417176,0.39722540974617,0.6367554068565369,-0.0577708259224891,0.036823458969593,-0.5470572113990784,0.2953176200389862,-0.2784082591533661,0.2505327463150024,0.2955975830554962,-0.3873145580291748,-0.0106711722910404,-0.4470608234405517,0.0582158118486404,0.3540639281272888,-0.2572919130325317,0.0640492439270019,-0.1530279666185379,-0.5277718901634216,0.3817476332187652,-0.158414676785469,-0.0710591152310371,0.1840384602546692,-0.0350280739367008,0.4537293612957001,0.528607189655304,0.2899109721183777,-0.0413019880652427,0.2188134342432022,-0.6566449999809265,0.0871488004922866,-0.4678245782852173,0.2556524276733398,0.8074514269828796,0.1066321358084678,-0.7058013081550598,0.1147244274616241,0.7123931646347046,-0.3560422956943512,0.0612720251083374,-1.0915507078170776,-0.1837315112352371,-0.1110924184322357,0.1160295903682708,0.1151471585035324,-0.1754621565341949,0.4969201385974884,-0.3079700171947479,-0.1208853498101234,-0.2617020308971405,0.7547056078910828,0.0675808936357498,-0.2036011964082718,-0.0834806710481643,0.0529114045202732,-0.0520556680858135,0.2553771734237671,0.0519331432878971,-0.4064322412014007,0.1175331100821495,-0.0400002636015415,-0.2948659062385559,-0.0202174540609121,0.4066607654094696,0.1878072172403335,0.0256806910037994,0.2268457561731338,-0.0400772243738174,-0.8691291809082031,-0.2082367241382599,0.3324902355670929,-0.942822277545929,-0.0735208243131637,-0.1429763734340667,-0.1136432737112045,0.3548907041549682,-0.1476150751113891,-0.3494469225406647,0.015733528882265,-0.295113205909729,-0.0524454191327095,-0.1219716221094131,-0.5856705904006958,-0.0685122907161712,0.2011014968156814,-0.0997806042432785,-1.0749133825302124,0.1433800905942917,0.1807161569595337,0.3349646627902984,0.0505462624132633,0.51595139503479,0.2372927665710449,0.0397394374012947,0.4213206768035888,-0.229931965470314,0.179247185587883,-10.382081985473633,-0.4448930025100708,-0.3652932643890381,-0.183305487036705,-0.3692849576473236,0.4921149015426636,0.6921905279159546,0.3035148084163666,-0.2524159848690033,0.4128586649894714,-0.3018664121627807,0.2482895404100418,0.1434746235609054,0.9373087286949158,-0.4286087155342102,-0.1827657520771026,0.3007826209068298,0.082112118601799,0.0640494301915168,0.3107931613922119,-0.2130162268877029,-0.4070342779159546,0.6020965576171875,0.0759041309356689,-0.0683071687817573,-0.3665779531002044,-0.2489219903945922,0.2341049611568451,-0.1814572066068649,0.1103604510426521,-0.6091642379760742,0.5347440242767334,0.1003084331750869,0.3639244735240936,-0.7448790669441223,-0.2301767915487289,-0.0891357064247131,0.2333881556987762,0.3847591280937195,0.5595882534980774,-0.0836476907134056,0.6774351000785828,0.2649302184581756,-0.4228098094463348,0.853337287902832,-0.2344857007265091,0.3338377773761749,0.5192164182662964,0.2750162482261657,0.1354071348905563,-0.1363216787576675,-0.6438022255897522,0.0042162416502833,-0.4347541332244873,-0.1330995559692382,-0.1422829777002334,0.3304428160190582,-0.6977059245109558,0.0330822952091693,-0.1127327904105186,0.4786390364170074,-0.273013710975647,0.6636946201324463,-0.0587224513292312,-0.3250734508037567,-0.1605715006589889,0.0656867250800132,0.6946278810501099,-0.5975626111030579,-0.2920809686183929,0.5590290427207947,-0.2730327248573303,0.2166372835636139,0.4055890440940857,-0.4609197080135345,0.2656212449073791,-0.1926836967468261,-0.177279993891716,1.1196138858795166,0.0746123492717742,0.4504166543483734,-0.0480197295546531,-0.4257279634475708,0.1747554093599319,-1.0736651420593262,0.4939015209674835,-0.1731966435909271,0.1242589876055717,0.3955589532852173,-0.4195772707462311,0.582466721534729,0.0015246457187458,-0.3316822946071625,0.1182079017162323,0.481196790933609,0.0666705295443534,0.4595232307910919,0.0795234888792038,0.923289954662323,0.1367945075035095,0
0.8996260166168213,0.3091306984424591,0.8128196001052856,-0.2528380453586578,-0.1021915450692176,0.498119443655014,0.1280118227005005,0.3840456306934356,-0.290893018245697,-0.49491748213768,0.3341619670391083,-0.803521990776062,0.1989378482103347,0.1809910237789154,0.1721638590097427,0.1530837565660476,-0.01554202940315,-0.4074300825595855,-0.0606828145682811,-0.570345938205719,-1.0546220541000366,-0.0369774103164672,-0.2991218566894531,0.2889216542243957,0.164684921503067,-0.317931592464447,-0.2962252497673034,-0.4271906316280365,0.4819767773151397,-0.1961931735277176,-0.4648936688899994,-0.0252728480845689,-0.4996964633464813,0.420471578836441,-0.5736588835716248,0.4704953730106354,-0.1890293210744857,-0.4815788865089416,-0.1681751310825348,-0.4406565129756927,0.1583725810050964,-0.3773936331272125,-0.0615124627947807,-0.0439044535160064,-0.2498262971639633,0.6917619109153748,0.0302302464842796,0.1576395183801651,0.2645204663276672,-0.2304853945970535,-0.4334127604961395,0.5702952146530151,0.2433650940656662,0.0413600355386734,0.1607748717069625,-0.3356172144412994,0.5277810096740723,-0.6633083820343018,-0.152849331498146,0.2852748930454254,-0.1861856877803802,-0.4667502641677856,0.5344983339309692,0.0556747764348983,-0.0427642874419689,0.2617135047912597,0.2389733344316482,-0.3032140135765075,0.5039264559745789,-0.4780051112174988,-0.3234815895557403,-0.0611474849283695,0.1538707166910171,-0.7275570034980774,0.4141207039356231,-0.1881037652492523,-0.1657401919364929,0.6868111491203308,0.4237031936645508,0.0694168955087661,-0.15147764980793,0.3234793245792389,0.2861833274364471,-0.4032003879547119,-0.1320907473564148,0.2482378929853439,-0.0742134675383567,-0.8614476323127747,0.4737623631954193,-0.5372330546379089,0.2122320532798767,0.528571367263794,0.1825357377529144,-0.1868368089199066,-0.1269278526306152,0.0509512424468994,0.1526120901107788,-0.1859646290540695,-0.184329092502594,0.4229695796966553,-0.2293413132429123,0.0226301215589046,0.5044824481010437,0.1653891503810882,0.0982902199029922,-0.0306381434202194,-0.3704431056976318,0.3076728582382202,-0.0213690157979726,-0.1750111877918243,-0.814728319644928,-0.1683972030878067,-0.6698461174964905,0.1157899871468544,0.6152269840240479,0.0175114721059799,-0.4292435050010681,0.5626465082168579,-0.1703510880470276,0.8910979628562927,0.2701065242290497,0.4711628258228302,0.5260424017906189,-0.1019001081585884,-0.1460152119398117,0.4655564129352569,0.111426368355751,0.1392479240894317,-0.1978039294481277,-0.4805182814598083,-0.1417904049158096,-0.3801599442958832,-0.4309259057044983,-0.1052948832511901,-0.1312112659215927,0.8661500215530396,-0.1172980070114135,-0.1050710901618003,-0.0886020734906196,-0.3388873040676117,-0.2612992823123932,-0.0580046474933624,-0.0454300120472908,-0.4789079427719116,0.3125255405902862,0.2268348336219787,-0.6365393996238708,-0.4465288519859314,0.0886500403285026,0.3683957159519195,-0.2486686557531356,0.9401832818984984,-0.5585260391235352,-0.3164741992950439,0.297910213470459,0.4510190784931183,-1.0740251541137695,0.0129828741773962,0.0004862471541855,0.411834180355072,0.3133655786514282,-0.4941574037075043,0.2592560052871704,0.3563391864299774,0.2305641621351242,0.103045143187046,0.6448560357093811,0.2651421129703522,-0.247644692659378,0.4879533648490906,0.4013620018959045,0.4365999102592468,0.3123576641082763,0.1468756049871444,-0.2140146046876907,0.5567857623100281,1.2289366722106934,-0.026782626286149,0.0012881067814305,-0.5752584338188171,0.1059619709849357,-0.0029120447579771,0.3110544085502624,-0.3856780230998993,0.4334426522254944,-0.1182776242494583,-0.2915705442428589,0.1608136445283889,-0.072502925992012,0.4139984846115112,0.0047096842899918,-0.430829793214798,0.3365592062473297,-0.4927613139152527,0.0282448381185531,-0.5528544187545776,-0.1863062977790832,-0.0200989916920661,-0.6821146011352539,0.3971534669399261,0.0563734620809555,0.0408522970974445,0.1567983478307724,-0.5989828109741211,-0.796501636505127,0.1134212240576744,0.027827488258481,0.4852899312973022,0.0698265060782432,0.4077881872653961,-0.019125685095787,0.1330146342515945,0.2972253561019897,-0.0215060953050851,0.1030815616250038,0.171573519706726,-0.1311210095882415,-0.284414678812027,0.5811503529548645,-0.2709708511829376,0.2741950154304504,-0.2463198006153106,0.1566730737686157,0.0616434067487716,-0.0260170232504606,0.3482306599617004,0.1172711625695228,-0.0490546934306621,-0.314342588186264,0.6526536345481873,-0.7907117009162903,-0.6642009019851685,-0.6164801120758057,-0.1173263266682624,-0.5155933499336243,-0.2548924088478088,-0.4165508449077606,0.0543952211737632,-0.5302118062973022,0.40133997797966,-0.0904225930571556,-0.4339526295661926,0.0731585398316383,-0.479508638381958,0.3593266606330871,0.1972244828939438,-0.1946451216936111,0.017105221748352,-0.269402801990509,0.0862214192748069,-0.198182612657547,-0.5656488537788391,-0.1888728588819503,-0.354779839515686,0.4441421329975128,0.3750664591789245,0.766671359539032,-0.3710583448410034,0.2083147019147873,-0.4456469118595123,0.0860977172851562,-0.8170363306999207,0.0769248455762863,0.3513203561306,-0.0356194153428077,-0.166098415851593,0.1119831353425979,-0.3100745975971222,-0.5340006351470947,-0.622278094291687,0.4798263013362884,-0.1230681911110878,-0.0381958819925785,0.1979717463254928,0.2617088854312897,0.1837843954563141,-0.5938850045204163,0.4249916672706604,-0.3400745689868927,0.1601413190364837,-0.2728180289268493,0.0994215533137321,-0.4922556281089782,-0.1917393207550048,-0.1536792814731598,-0.2748197317123413,-0.2930305898189544,0.0337580181658268,-0.1702262908220291,0.7822957634925842,0.2697502970695495,-0.1400968730449676,-0.5411432981491089,-0.0572116486728191,-0.5610448122024536,-0.1291662752628326,0.7431551218032837,0.3014249801635742,-0.452632337808609,-0.4046013057231903,0.4500130414962768,0.6757626533508301,0.135520339012146,0.2148144990205764,0.0892589092254638,-0.207424521446228,-0.0733067616820335,0.1040553078055381,0.3896326124668121,-0.3187504410743713,0.0655990913510322,1.1923129558563232,-0.1171466186642646,0.5989602208137512,0.9556357264518738,0.544395387172699,-1.6782699823379517,-0.3916419744491577,0.0014779843622818,0.1307417452335357,-0.1554650664329528,-0.1166988387703895,-0.0808823630213737,0.0940475463867187,-0.8276590704917908,-0.5042532682418823,1.090511441230774,0.1155750453472137,0.1315013766288757,-0.3727914988994598,0.3981382548809051,0.0329233407974243,0.0450891628861427,-0.6065407395362854,0.2720471322536468,0.7782520055770874,-0.4689254462718963,-0.0488193221390247,0.094886802136898,-0.3240226209163666,-0.1345252990722656,0.3212295770645141,-0.3163370490074157,0.2511508762836456,-0.834790050983429,-0.1968224793672561,0.0689413249492645,0.9339554309844972,1.2918037176132202,0.4057271778583526,-0.4614667892456054,-0.4832341372966766,-0.1834317445755005,0.1000155135989189,0.2590244710445404,-0.0870351344347,-0.1093441024422645,0.1271936893463134,0.4873737394809723,-0.0320596061646938,0.2221729010343551,-0.166737362742424,-0.1329420059919357,0.3178064525127411,-0.2758162021636963,0.5954948663711548,0.2119780331850052,0.1278131306171417,0.323974460363388,0.3315382599830627,0.766826868057251,0.609129011631012,0.1792228668928146,-0.5119333863258362,-0.0035511823371052,-0.9237940311431884,-0.5944127440452576,-0.2400341778993606,-0.0967190489172935,0.1302774548530578,-0.3996402621269226,-0.1698950976133346,-0.1951818466186523,-0.3738597929477691,-0.1108545884490013,-0.588168203830719,-0.2051149010658264,-0.0299755353480577,0.0370233356952667,-0.6169729828834534,0.8132262825965881,0.2277850657701492,0.7616967558860779,-0.616658091545105,-1.1370680332183838,-0.4573794305324554,-0.237596109509468,-0.4578257501125335,-0.3201003074645996,-0.1855138689279556,-0.2295157313346862,0.1111964955925941,-0.318417340517044,-0.6739270091056824,-0.2216023355722427,0.058868508785963,-0.6556429862976074,-0.378350019454956,-0.1487606316804886,0.7303617596626282,-0.0365097522735595,0.0632442235946655,0.2219742536544799,0.487446129322052,-0.8681427836418152,-0.3377704322338104,-0.1462146639823913,0.2023088634014129,0.0439344458281993,0.3587334752082824,0.2622006237506866,0.2861323356628418,0.4014990329742431,0.1970389485359192,0.1061320230364799,-0.1377430409193039,-0.5159696340560913,-0.5932892560958862,0.9534472823143004,-0.081591360270977,0.1399165987968444,0.1915999948978424,-0.0744230523705482,0.7734968662261963,-0.5617730617523193,-0.8592780232429504,0.4876095354557037,0.2977454662322998,-0.1380865424871444,0.4558654427528381,0.5775498151779175,0.4232170879840851,0.3908433020114898,0.0845097601413726,-0.2765150070190429,0.2230672836303711,0.201519027352333,0.1332793086767196,0.3520592153072357,0.0628231912851333,0.0176427587866783,0.6789966225624084,0.4158684909343719,0.0663650929927825,1.0772100687026978,0.5288994908332825,-0.3778293430805206,0.0120796980336308,0.4826789498329162,0.2990498542785644,-0.5171462297439575,0.3976214528083801,-0.3374395072460174,0.1875073760747909,-0.032633326947689,0.2225691825151443,0.5198246836662292,-0.1943885236978531,0.3462714850902557,-0.7454146146774292,-0.5752946138381958,-0.6530497670173645,-0.848182737827301,0.205743983387947,-0.462834894657135,-0.3372204601764679,0.3662903010845184,-0.250895082950592,-0.6353670358657837,0.7550002336502075,0.7012744545936584,0.0287930592894554,0.1100168973207473,0.2691152393817901,-0.0733719915151596,0.4137720167636871,-0.2698908746242523,-0.0663285478949546,0.0250661373138427,0.0347682535648345,-0.536447286605835,-0.7331361770629883,0.0786415487527847,0.2486796230077743,0.1830600798130035,-0.157535582780838,0.5040473341941833,-0.0335959494113922,-0.4722133576869964,-0.2453527748584747,-0.2878164649009704,-0.0298260450363159,-0.4148827791213989,-0.0274765025824308,0.0963166430592536,-0.1060289591550827,0.0353896617889404,0.4749165177345276,0.1501387953758239,-0.3997215926647186,-0.3326436579227447,0.800883948802948,0.4445643424987793,-0.1058531329035759,0.1445542126893997,-0.2014622837305069,-0.3957587480545044,-0.120203398168087,0.0163898188620805,-0.0712101235985755,-0.2096087038516998,-0.1268476098775863,-1.1557925939559937,-0.5636153221130371,0.0252002477645874,-0.7066406011581421,0.4370876252651214,-0.0116956550627946,0.7330087423324585,-0.3837392628192901,-0.0687164589762687,-0.1173766776919364,0.2671984434127807,-0.1687735170125961,0.2398446202278137,-0.6290227174758911,-0.8164359331130981,0.0999794974923133,0.0774521082639694,-0.6943603157997131,1.1157360076904297,0.703531801700592,-0.6906356811523438,0.6147692799568176,0.5530051589012146,0.3604829013347626,-0.1618944257497787,0.1612962782382965,-0.1407632082700729,-0.4543521106243133,0.1971175819635391,-0.3167899250984192,0.3723170459270477,0.3434690237045288,-0.2144945114850998,0.076069563627243,0.1802986413240432,0.5865650177001953,0.4358901977539062,0.1296750903129577,-0.4759871065616607,-0.192739650607109,-0.4091520607471466,0.2284842729568481,0.1778477728366851,0.2953329086303711,-0.887520968914032,0.295780211687088,0.4661567211151123,-0.9197500348091124,0.0638210177421569,0.7043699622154236,0.3571096658706665,0.6623934507369995,-0.0423906557261943,0.2605584263801574,-0.548196017742157,0.0680386200547218,0.2348044514656067,-0.133400872349739,0.0163578670471906,0.2674150764942169,0.0607450455427169,0.2238460034132003,0.4691660404205322,-0.376796543598175,0.2277629524469375,-0.2875585258007049,0.2124310880899429,-0.2101158052682876,0.4803756475448608,0.2481251657009124,-0.0825944244861602,-0.2186831980943679,0.341552585363388,0.77198725938797,0.7390316724777222,0.2732816040515899,0.91193825006485,-0.7184966206550598,-0.7051556706428528,-0.1747894287109375,0.3211914002895355,0.1363484412431717,0.4629741013050079,-0.2581116557121277,-0.1373345553874969,0.7522771954536438,0.6411548256874084,0.0041262367740273,-0.4813120663166046,-0.5005176067352295,0.3669726550579071,-0.5301382541656494,-0.0577765777707099,0.2198533713817596,0.3304245471954345,0.4320104718208313,0.7655171155929565,0.2924074530601501,-0.0945353731513023,0.8797865509986877,0.2127290368080139,-0.1420626491308212,0.1037622094154357,0.1581369638442993,0.004461791832,0.0895058512687683,0.3232583403587341,0.1360075771808624,-0.4351491332054138,0.8354864120483398,-0.3747408986091614,-0.1311335116624832,-0.6711912155151367,0.1263243556022644,0.4335865974426269,-0.3729515373706817,0.1452236771583557,-0.6109450459480286,-0.1696145385503769,-0.5450453758239746,-0.9752492308616638,-0.1897464990615844,-0.0556456297636032,0.0849890857934951,-0.0549978911876678,-0.1293467432260513,-0.6496821641921997,-0.7524209022521973,-0.0617382936179637,0.0236525237560272,-0.8504140973091125,-0.6978855133056641,0.4988569319248199,0.1435454785823822,-0.0441159158945083,-1.5019553899765017,0.6313759088516235,0.00969351362437,0.8324211239814758,-0.0872243046760559,0.5307509899139404,-0.2110508978366851,-0.2419714033603668,-0.1674674600362777,-0.3999531269073486,0.1122317761182785,-10.03463363647461,0.4555798470973968,-0.11639054864645,-0.6310561895370483,-0.1221621558070182,-0.0201925635337829,0.8681378960609436,0.752472460269928,-0.1830032020807266,0.1347827464342117,-0.097346507012844,0.0974884927272796,0.0456096269190311,0.1636317074298858,-0.2736517786979675,-0.3437954485416412,-0.4241583049297333,-0.3491268754005432,0.0531329363584518,0.1151241064071655,-0.6264861226081848,-0.4849890768527984,0.4312911033630371,0.1057759597897529,0.1457791030406952,-0.2705399096012115,-0.157117947936058,0.1829400360584259,-0.0397707968950271,0.4376445710659027,-0.8504396080970764,0.4655724465847015,-0.0845106989145279,0.1191367954015731,-0.2895234823226928,0.5758408904075623,0.0372167117893695,0.3853086829185486,0.031125096604228,0.0896248519420623,0.3678065240383148,0.1888299584388733,-0.236845850944519,0.0448492355644702,0.1814131587743759,-0.0544901490211486,0.5027063488960266,-0.0799727812409401,0.9434120059013368,-0.2761289179325104,-0.1612160950899124,-0.0811537206172943,0.1431497037410736,0.0287773385643959,0.4472229480743408,-0.0666476711630821,0.5208355784416199,-0.4717322289943695,0.2053517550230026,-0.0504164546728134,0.1736468374729156,0.3201076090335846,0.2754861712455749,1.0767241716384888,0.4562741219997406,0.2047084718942642,-0.0030156166758388,0.2278249710798263,-0.8441799283027649,0.3127299547195434,0.0576669164001941,0.6247402429580688,-0.249056190252304,0.3325887024402618,0.1887722313404083,0.4921607673168182,0.0451239123940467,-0.147628366947174,0.0978325605392456,-0.3591217398643493,0.4536371529102325,-0.7238763570785522,0.1801098436117172,0.621484100818634,-0.3106263279914856,0.2804722189903259,0.2936161458492279,-0.3379209637641907,0.0926949605345726,-0.7599039673805237,0.5068497657775879,-0.2925465404987335,-0.5442866086959839,0.2033270001411438,0.1205046698451042,0.0144687555730342,-0.2139573246240615,-0.0491808243095874,0.4830029010772705,-0.2587377727031708,0
0.1636033356189727,0.561111569404602,0.963577687740326,-0.2531377375125885,0.2561720609664917,0.0037769393529742,0.6681210398674011,-0.2369826585054397,-0.4657158851623535,-0.1556741744279861,0.4122114777565002,-0.2101794779300689,-0.4992119073867798,0.2613545060157776,0.3428426682949066,0.2632754743099212,-0.1777097433805465,-0.5320543050765991,0.0649681985378265,-0.0062607061117887,-1.2514986991882324,-0.8283905982971191,-0.1893840730190277,0.6716632843017578,0.2074388265609741,-0.978362500667572,0.3778003454208374,-0.0211091451346874,0.0104807252064347,-0.4039858877658844,-0.5493969321250916,-0.0247840136289596,-0.1916356235742569,0.588911771774292,-0.7297840118408203,0.2907217144966125,0.2353024929761886,-0.5326734781265259,0.0372516028583049,-0.2326942980289459,0.2697002291679382,-0.3141800463199615,0.1987658143043518,0.4804547727108001,0.052745945751667,0.3140006065368652,0.2158393412828445,0.0833956524729728,-0.2613480985164642,0.2624966502189636,-0.6328907012939453,0.3625494837760925,0.6217379570007324,0.2134969681501388,0.106652446091175,-0.3822693824768066,0.2382412701845169,-0.3022715151309967,0.3150130808353424,0.5371038317680359,-0.4602276980876922,-0.0521640889346599,0.2732818126678467,0.233560174703598,0.0440126992762088,0.459627628326416,-0.310776799917221,-0.2558731734752655,0.1844891607761383,-0.9530168175697328,-0.0116699924692511,-0.0267543606460094,0.0759125724434852,-0.8652083277702332,0.6292843818664551,-0.1135312318801879,0.174959048628807,0.2808574736118316,0.0798219963908195,0.0707317367196083,-0.0850631669163703,0.2571819424629211,0.0551892518997192,-0.4449317455291748,-0.8189011216163635,0.0933475047349929,-0.6966170072555542,-0.6231308579444885,0.3715043663978576,0.0411418043076992,-0.195469856262207,-0.4279313087463379,-0.414786547422409,0.3399111330509186,0.486581027507782,0.6072031855583191,0.1653328835964203,-0.3066744804382324,-0.1960984468460083,0.2707450687885284,0.3154460787773132,-0.198801577091217,0.4089021980762481,-0.161339059472084,0.1772884130477905,0.1859771162271499,-0.3706162571907043,0.1487167775630951,0.4087929427623749,0.2127573937177658,-0.5675005912780762,-0.1415347009897232,-0.8027466535568237,-0.3715340495109558,0.1985450088977813,0.3180364966392517,-0.5262210369110107,0.1496967673301696,-0.2264241576194763,-0.026380781084299,0.0683838203549385,0.5679335594177246,0.1338820457458496,-0.8038051128387451,0.1470245718955993,0.5012581944465637,0.2987092435359955,-0.1029233187437057,-0.4276900589466095,-0.2983180582523346,-0.5082040429115295,-0.3896224796772003,0.0146926427260041,0.4399013817310333,-0.6635875701904297,0.5561978816986084,0.2441409528255462,0.1976242661476135,0.0307847503572702,-0.310484915971756,-0.4377128481864929,-0.0702986568212509,-0.0670259818434715,-0.5504514575004578,0.2806242704391479,-0.2523664236068725,-0.773504912853241,-0.3963729739189148,-0.3380880355834961,-0.2598858773708343,0.0316100306808948,1.265968918800354,-0.536586582660675,-0.3845497965812683,0.3121085166931152,0.2265555113554,-0.7506274580955505,0.0407783314585685,-0.0086836935952305,-0.0120559930801391,0.1465072035789489,-0.434125006198883,0.3764253854751587,0.4527550935745239,0.6107216477394104,-0.1433086544275283,0.1215642541646957,-0.2170065641403198,0.0892624035477638,0.3414625227451324,0.8294426202774048,-0.0434506572782993,0.6894717216491699,0.1754560470581054,-0.0819169133901596,0.3937259316444397,0.8955094218254089,-0.3234723806381225,-0.0285314228385686,-0.3221807777881622,-0.2763329446315765,-0.3619387447834015,0.2554941177368164,-0.4938167631626129,0.6150464415550232,-0.714162290096283,0.3507383465766907,-0.2791033685207367,-0.3053508698940277,-0.1471838653087616,0.0965518578886985,-0.3451727628707886,0.885943591594696,-0.3478475213050842,-0.5721448063850403,-0.3344023823738098,0.2664563357830047,0.1634293645620346,-0.5658764839172363,0.2493746131658554,0.216334730386734,0.1262945681810379,-0.0611438192427158,-0.6547394394874573,-0.5595773458480835,0.4156877100467682,0.2593433856964111,0.0345921441912651,0.1855775564908981,0.81205153465271,-0.3644900321960449,0.2777253687381744,0.5671217441558838,0.1164997667074203,0.113798089325428,0.2314918637275695,-0.1077049225568771,-0.4002515375614166,-0.0844152346253395,-0.193388819694519,0.6975213289260864,-0.3220672607421875,-0.5721579194068909,0.2380638718605041,0.0907755270600318,0.4227487742900848,0.1942300051450729,-0.1469082236289978,-0.111429713666439,0.128377765417099,-0.9451138973236084,-0.3792916238307953,-0.8438268303871155,-0.3373114466667175,-0.4898469150066376,-0.6033492684364319,-0.3420318067073822,-0.187918871641159,-0.6267412900924683,-0.0337494574487209,-0.1445643603801727,-0.4070040583610534,0.1445918083190918,-0.30048468708992,-0.1697904616594314,0.0613060146570205,0.0031667852308601,-0.3228898644447326,-0.4277336895465851,-0.0362180210649967,-0.0487673319876194,-0.4170413613319397,0.2107020020484924,-0.2122837454080581,1.036943435668945,0.6474319100379944,0.7517209649085999,-0.5991201400756836,0.4855745434761047,-0.4265500009059906,-0.3094269335269928,-0.3621403276920318,0.3366130590438843,0.3464748859405517,0.1144846230745315,-0.0778585597872734,-0.3501761853694916,-0.6980296969413757,-0.8475037813186646,-0.5567967295646667,0.5965973138809204,-0.1506955921649933,0.0554423034191131,-0.4012850522994995,0.1516161412000656,0.336203932762146,-0.6128433346748352,0.8596689105033875,-0.4064784049987793,0.4373247325420379,-0.8021085262298584,0.965873658657074,-0.0592792965471744,-0.088930606842041,-0.1726148575544357,0.4760210514068603,-0.8327115178108215,-0.0510946847498416,-0.7541890740394592,0.9489638805389404,0.3522171080112457,-0.4529930353164673,0.0723286345601081,0.2321283519268036,0.0494474358856678,0.4085912108421325,0.4257994890213012,0.2895153760910034,0.4385920464992523,0.1574307978153228,0.2889306247234344,0.1980244368314743,-0.1148607358336448,-0.3205969631671905,0.2449423521757125,-0.1758522689342498,-0.2829836010932922,0.5001189112663269,0.2650056481361389,-0.1706274151802063,0.6266308426856995,0.4882124364376068,-0.5540398359298706,0.4731266796588897,0.814007580280304,0.3709324300289154,-1.265225172042847,-0.462719976902008,0.385998785495758,0.2014256119728088,0.143208771944046,-0.2415150851011276,0.4116595089435577,0.5126283764839172,-0.345255583524704,-0.3808121681213379,1.2418192625045776,-0.267702966928482,-0.3135873973369598,0.1961263418197631,0.3140738904476166,-0.2268038988113403,0.1979412734508514,-0.6149446964263916,0.1073549911379814,0.6053560376167297,-0.4457778632640838,0.0998661443591117,-0.0748908668756485,0.0216349977999925,-0.3337031006813049,0.2572374045848846,-0.7124850153923035,-0.1461291909217834,-0.0859092250466346,-0.1520982533693313,-0.2600413262844085,1.1074728965759275,0.4221033155918121,0.8085469603538513,-1.0174399614334106,-0.5566771030426025,0.0952742025256156,0.1530475616455078,0.2620362937450409,-0.6846132874488831,-0.5069632530212402,-0.4785407781600952,0.1731855422258377,-0.4431758224964142,0.2968694269657135,-0.24700728058815,0.2778592407703399,0.1827481389045715,-0.44000905752182,0.3026061058044433,0.6951167583465576,0.1920225322246551,0.3094635009765625,0.4287703335285187,0.2227772921323776,0.5444815158843994,0.1397334635257721,-0.4710715711116791,-0.0470793843269348,-0.2889629602432251,0.6266775727272034,-0.0203951112926006,-0.6440169811248779,0.426964521408081,0.3350685834884643,-0.0775960758328437,-0.2388084977865219,-0.6172447204589844,0.2931431531906128,-0.4818062782287597,-0.1961764246225357,-0.3971295356750488,-0.0780908018350601,-0.2533243000507355,1.008183240890503,0.5932169556617737,0.2258384674787521,-0.7437592148780823,-0.7364584803581238,0.1433902531862259,0.0210463963449001,0.4733056128025055,-0.0631350576877594,0.2008484154939651,-0.0580213703215122,-0.3850026726722717,-0.280049592256546,-0.2874308228492737,-0.4905219376087188,-0.1702275872230529,-0.3807826638221741,-0.147157147526741,0.0808348581194877,1.0158981084823608,-0.0818671211600303,-0.004370572976768,0.2624228894710541,0.9211495518684388,-0.335390031337738,-0.1737891584634781,-0.7306902408599854,0.3335688412189483,0.4802128672599792,0.2594322562217712,0.4182129502296448,0.1956575512886047,0.6456239223480225,-0.2136932462453842,0.1787424236536026,0.5623208284378052,-0.0952494293451309,-0.4659020006656647,0.5894495844841003,-0.353551834821701,0.5185765027999878,0.5021246075630188,-0.2376965284347534,0.5330886244773865,-0.5828683972358704,-0.3418177962303161,0.1960365623235702,0.439268559217453,0.1021599173545837,0.0731368437409401,0.5089455842971802,0.7323586344718933,0.0620243400335311,0.534525454044342,-0.1531139463186264,0.0223901364952325,-0.0430824011564254,-0.3571098446846008,0.3915051519870758,-0.1267165541648864,0.4575133621692657,0.7474158406257629,0.0745801553130149,0.0334050059318542,0.4647896587848663,0.3221175670623779,-0.132783830165863,0.4436643421649933,-0.2163534760475158,-0.0820769295096397,-0.4788778722286224,0.5293567180633545,-0.43360435962677,0.0695783197879791,-0.2839755713939667,-0.069477804005146,0.3941607773303985,-0.4528413414955139,0.3873246908187866,-0.5118597149848938,-0.9780595898628236,-0.8962481021881104,-1.0405863523483276,-0.0377825200557708,-0.6197991371154785,0.1917845606803894,0.4336929619312286,0.3377228379249573,-0.5852713584899902,0.5866094827651978,0.5232565402984619,0.4369068741798401,0.0211797580122947,-0.3005701601505279,-0.329498142004013,-0.4395101070404053,-0.2453618943691253,0.1290901005268097,0.1257193833589553,-0.14954274892807,-0.485604465007782,-0.3824949860572815,-0.2386953830718994,-0.1579154729843139,-0.0722726732492446,-0.3969164490699768,0.2522070407867431,0.3051595389842987,-0.8789565563201904,0.4764496684074402,-0.294450581073761,0.4684979617595672,-0.4818902611732483,-0.3454395830631256,-0.2334645837545395,-0.0699124783277511,0.0146506465971469,0.5087404251098633,0.5976147055625916,-0.3362413942813873,0.317217081785202,1.04651939868927,0.3058985471725464,-0.6563881635665894,0.0283049121499061,-0.3907175660133362,-0.8868690133094788,0.5473998785018921,0.1714128702878952,0.5072013139724731,0.3823002874851227,-0.0345996581017971,-0.76572185754776,-0.2352195233106613,-0.1581593602895736,-0.6667020916938782,0.6334596276283264,-0.5278449058532715,0.6031165719032288,-1.001394271850586,0.4279980659484863,-0.4415233433246612,0.0644017681479454,-0.3051568865776062,0.4913522899150848,-0.1681446731090545,-0.5527747273445129,-0.1379607617855072,-0.4200040102005005,-0.4035248756408691,0.7793075442314148,0.4228866696357727,-0.6714585423469543,0.7570399045944214,0.8811750411987305,0.2145569324493408,0.0186129938811063,-0.0168943759053945,-0.4293434023857116,0.0567590780556201,0.1421727389097213,-0.0225387811660766,0.603763222694397,0.56138676404953,-0.3299057185649872,-0.3262313306331634,0.8162087202072144,0.1292272359132766,0.4442755579948425,-0.0490773431956768,-0.5764775276184082,0.1528856456279754,-0.0182719081640243,-0.2008824795484542,0.0378912128508091,0.7835245728492737,-0.4608275294303894,0.539143979549408,0.5294048190116882,0.0207973700016737,-0.0117460554465651,1.486467719078064,-0.3431360423564911,0.731328010559082,0.337306946516037,0.3415243625640869,-0.8939433693885803,0.3844484090805053,0.6331609487533569,0.2418284863233566,0.0961683839559555,0.088318258523941,-0.3438937962055206,-0.576559841632843,0.7114467620849609,-0.8872788548469543,-0.009042115882039,0.2598137259483337,0.5655202269554138,-0.1510202437639236,0.8814719915390015,0.515365481376648,0.0714452117681503,0.3477046489715576,0.2731968462467193,0.7529176473617554,0.4358554482460022,-0.0934442356228828,0.7085435390472412,-0.5229257941246033,-0.6610777974128723,0.5142320394515991,-0.4635368287563324,-0.0270550586283206,0.0968362018465995,-0.5858202576637268,-0.4646041393280029,0.5281018614768982,0.5531213283538818,0.362198144197464,-0.2891520261764526,-0.3393336534500122,-0.0722410976886749,0.0800727009773254,-0.2968769371509552,0.2656585276126861,-0.1764492392539978,0.7624269723892212,0.3610162138938904,0.1738498657941818,0.2634904682636261,0.3823133409023285,-0.0909759625792503,-0.0705301836133003,0.4688455164432525,0.1794443130493164,0.2476493418216705,-0.0035920403897762,0.4733014702796936,0.0341785736382007,-0.4408974051475525,0.7789172530174255,-0.3337045609951019,-0.5444247722625732,-0.2700710594654083,-0.0357808470726013,0.3648974001407623,-0.1813913881778717,-0.0201868526637554,-0.340008407831192,0.2288478314876556,0.1527169197797775,-0.7295870780944824,0.2882664501667022,0.3661386966705322,-0.149304062128067,0.1141342744231224,-0.1711955815553665,-0.395289659500122,-0.6547362804412842,-0.220074251294136,0.0437257811427116,-1.1788232326507568,-0.3561443388462066,0.6803038120269775,0.1584492772817611,-0.3371363282203674,-1.1833661794662476,0.4725238680839538,-0.365001767873764,0.4758161902427673,-0.0774253085255622,-0.0539039373397827,0.1834788471460342,-0.1411893665790558,-0.3533234894275665,-0.3160483539104461,-0.2004254013299942,-9.859247207641602,0.2976449728012085,-0.1248771175742149,-0.4893210530281067,0.1110296547412872,-0.3544816374778747,0.4842766523361206,0.6801800727844238,-0.3704840242862701,0.5966314077377319,-0.4415507018566131,-0.2758929431438446,0.6819625496864319,-0.1876354366540908,-0.3189501762390136,-0.2509037852287292,-0.5997794270515442,-0.4294027090072632,-0.2562982439994812,0.1988153904676437,-0.0207847580313682,-0.1338878720998764,1.0263043642044067,0.6937289834022522,-0.2525475323200226,-0.2988838851451874,0.2512713968753814,0.4533590674400329,0.3672648072242737,0.0686093121767044,-0.570196270942688,0.6500617265701294,-0.3537479043006897,0.191726416349411,-0.1362497210502624,0.1315823793411255,0.3134248256683349,0.0374453850090503,-0.4943714141845703,0.2524754703044891,0.5206920504570007,-0.1471624076366424,-0.5399802327156067,-0.0679523050785064,0.5883876085281372,-0.5378244519233704,-0.0984445810317993,0.2444182485342025,0.7359997034072876,-0.1326173096895218,-0.2001760452985763,-0.2775997221469879,0.6803111433982849,-0.1878238022327423,0.1431863605976104,-0.0060076965019106,0.6816072463989258,-0.3224541544914245,-0.2205148488283157,-0.5970794558525085,-0.3225646913051605,-0.1359771788120269,0.2457673847675323,0.7954339981079102,-0.1363817602396011,0.3457787930965423,-0.31969153881073,0.0621876642107963,-0.7236897945404053,-0.1568492949008941,0.3804731369018554,0.5976942777633667,0.3617646694183349,-0.0759989321231842,0.2414240390062332,0.2310068011283874,-0.627083957195282,0.039985042065382,0.3882933557033539,-0.0081037580966949,0.1015816703438758,-0.6113519072532654,-0.0239075180143117,0.9026625752449036,-0.7925040125846863,-0.0410769917070865,0.1705383360385894,-0.1098562330007553,0.4107948243618011,-0.3284217715263366,0.1153467446565628,-0.2102152407169342,-0.4222365021705627,0.5111948847770691,0.2240893393754959,-0.5371343493461609,0.1260983049869537,0.1600412726402282,-0.0152237880975008,-0.6845465898513794,0
-0.0299661550670862,0.2355797737836837,0.216267853975296,-0.4623011648654938,0.1465029567480087,0.1590572595596313,0.4888431429862976,0.0343817882239818,0.2314295917749405,-0.4759552180767059,0.9655014276504515,0.1445874869823455,-0.3044161796569824,0.2189700305461883,0.576633870601654,-0.0743149146437645,0.1229664981365203,-0.2058374583721161,0.3064872324466705,-0.6469168663024902,-0.4757871031761169,-0.4265144169330597,-0.3738117814064026,0.030898455530405,0.0109216663986444,-0.2931042015552521,-0.3614349067211151,-0.0565030053257942,0.0321628078818321,-0.3505898118019104,-0.199837788939476,-0.4792525172233581,-0.0199252478778362,0.0612472258508205,-0.1204092502593994,0.6159122586250305,0.1486607640981674,-0.0746806189417839,-0.2119930386543274,-0.2977423369884491,0.1133873462677002,-0.1358265876770019,-0.6363552808761597,-0.4453445672988891,-0.0216307081282138,0.6858723163604736,0.2617878913879394,0.103010170161724,0.2791837751865387,0.0458381362259388,-0.3350329399108886,0.0532670803368091,0.1205242276191711,-0.1077892631292343,-0.140848159790039,0.2162220776081085,0.2499522119760513,-0.2180299013853073,0.1128206253051757,0.0573501959443092,-0.0749453455209732,-0.190446987748146,0.1855106949806213,-0.2764393389225006,-0.1089432686567306,-0.289292573928833,-0.0018514724215492,-0.1425076127052307,0.0378167368471622,-0.5242213010787964,0.1774463355541229,0.0551392175257205,0.1343036741018295,-0.2229597717523574,0.5375440120697021,-0.6022578477859497,0.1935707926750183,-0.0520524643361568,0.509709894657135,-0.1051743850111961,-0.0881144702434539,0.3530352711677551,-0.1232519596815109,-1.0264198780059814,0.2464129030704498,0.0685964822769165,-0.4199430048465729,-0.6873281002044678,0.4393539726734161,-0.2583076059818268,0.1436595320701599,-0.1167098507285118,0.1215236559510231,0.2037247866392135,-0.1739794462919235,-0.3899840414524078,0.1050542965531349,-0.4063800871372223,-0.0228427778929471,0.0906861573457717,-0.1991038173437118,-0.1664947420358657,0.2539658844470978,-0.08316221088171,-0.2956099510192871,0.0766281485557556,-0.1890882402658462,0.2165932804346084,-0.010529525578022,0.1928633153438568,-0.2466240525245666,-0.7365819215774536,-0.6684548854827881,0.1535235941410064,0.1628547310829162,0.0169706754386425,-0.4629513621330261,0.3333367109298706,-0.292251855134964,0.3582746684551239,0.3380059599876404,0.4424749612808227,-0.2912670373916626,-0.3035025596618652,-0.3535375595092773,0.3237355351448059,0.2829291224479675,-0.0915389433503151,-0.1753126233816146,-0.467682272195816,0.1643853634595871,0.1346490383148193,-0.4423128366470337,0.0967956036329269,-0.139187291264534,0.6486086249351501,-0.0397078618407249,-0.1598468124866485,-0.2538869678974151,-0.638386070728302,0.0789156705141067,-0.0854528099298477,0.2547546029090881,0.0989833548665046,-0.3243342041969299,0.1430806070566177,-0.2329152375459671,-0.3564623296260834,0.1027843877673149,0.2768904864788055,-0.3188938796520233,0.8764433860778809,-0.2851174473762512,0.0630542263388633,0.5699432492256165,0.3915766179561615,-0.3984412252902984,0.2929694354534149,0.2510489225387573,0.3469375669956207,0.4383452832698822,-0.2636390924453735,0.1758026182651519,0.6372343897819519,0.0620617568492889,0.48999685049057,0.2634426057338714,0.1884945780038833,0.1005852743983268,0.5908862948417664,0.5550056099891663,0.733949601650238,0.3010013103485107,-0.3433351516723633,0.0500806532800197,0.2688963413238525,0.4469868540763855,0.2316191047430038,0.3136959075927734,-0.5935907363891602,-0.0061111184768378,-0.2248520404100418,0.0215833894908428,-0.0638685598969459,0.2728357315063476,-0.3050146400928497,-0.1886419057846069,0.0410682037472724,-0.1337005794048309,-0.1175947338342666,0.1645332723855972,-0.3792347908020019,-0.0136827323585748,-0.4534050524234772,-0.1512115150690078,-0.7354983687400818,0.2089379280805587,-0.201926901936531,-0.195111408829689,0.6643656492233276,-0.0806749388575553,0.1936513036489486,-0.1682331562042236,-0.5786277055740356,-0.8636887669563293,-0.5785698294639587,-0.1077366322278976,0.7041559219360352,0.5881813168525696,-0.074565976858139,0.1790602207183838,0.5251115560531616,0.2506594061851501,0.4124622941017151,0.1574108302593231,0.3484959602355957,-0.3538091480731964,-0.4027343988418579,0.5561660528182983,-0.0032326912041753,-0.050000574439764,-0.0567764267325401,0.539637565612793,0.2047712653875351,-0.2075197547674179,0.501338005065918,0.2387416064739227,0.1707339286804199,0.0699376761913299,0.7663633823394775,0.0118161113932728,-0.5861421823501587,-0.8611670136451721,-0.1384404450654983,-0.6185033917427063,0.2196169197559356,-0.4590725898742676,0.619849443435669,-0.004469471052289,0.2171162962913513,0.3878980875015259,-0.2124979943037033,0.1408550590276718,-0.7155495882034302,-0.268750786781311,-0.0620127320289611,0.0147290946915745,-0.0814034938812255,-0.1755184531211853,0.2299305945634842,-0.6103234887123108,-0.6310575008392334,0.1718595325946808,-0.4531665742397308,0.7357653379440308,0.2593086063861847,0.1987525820732116,-0.1235239952802658,0.3813154399394989,0.0503578297793865,-0.1351619958877563,-0.76896733045578,0.3926174342632293,-0.0643246844410896,-0.420342355966568,-0.0233181565999984,-0.0891819521784782,-0.5954908728599548,-0.4393798112869262,-0.3947541415691376,-0.1844253838062286,-0.3759275674819946,-0.5307303667068481,0.209036111831665,-0.1575206518173217,0.0715329423546791,-0.1290616989135742,0.4829116761684418,-0.435601532459259,0.2915761172771454,-0.7298199534416199,0.3351056575775146,-0.6409491896629333,-0.0948633402585983,-0.0631974413990974,-0.3413468897342682,-0.4442508518695831,-0.3955142498016357,-0.138266921043396,0.5761252641677856,0.2624053657054901,-0.1727059036493301,-0.5694354176521301,0.1490887403488159,-0.2580437660217285,0.1368192285299301,0.4621648490428924,0.1363303512334823,-0.0016341850860044,0.3118806183338165,0.4157231152057647,-0.1283486783504486,0.0241879075765609,-0.1079807430505752,-0.0169175192713737,-0.8130832314491272,-0.0653277188539505,-0.174520656466484,0.3462107479572296,-0.3703004121780395,-0.186801478266716,0.6856415867805481,-0.4231734573841095,0.5928168892860413,0.1722813844680786,0.2522653937339782,-1.4458192586898804,0.3850231170654297,0.1902194321155548,0.2978443503379822,0.0877886041998863,0.145401656627655,0.1110279932618141,-0.0574938990175724,-0.6784340143203735,-0.7602683305740356,0.7410281896591187,0.4468783140182495,-0.2336687594652176,0.2003991454839706,0.4540141224861145,-0.1062330156564712,0.2083266228437423,-0.2769695520401001,-0.3360543847084045,0.3228040635585785,0.4577924609184265,-0.0467718914151191,0.0027676047757267,-0.4149630069732666,-0.6250078082084656,0.5216419696807861,0.1651156842708587,-0.0309191048145294,-0.805808424949646,-0.0320819281041622,0.5924155712127686,0.8439977765083313,0.392516553401947,0.6698557138442993,0.2775563299655914,-0.3474680781364441,0.5768970847129822,0.5228627920150757,0.4868215918540954,0.03578532487154,0.1690186113119125,-0.3014212846755981,0.4699837863445282,0.2595841586589813,-0.1956651657819748,-0.0530209802091121,0.3263609707355499,0.386536180973053,-0.4391086101531982,-0.0086375335231423,0.6735122799873352,-0.0543981790542602,0.3627974390983581,0.5088064670562744,0.8520067930221558,0.0919913947582244,-0.1247157827019691,-0.4458746612071991,0.0389481149613857,-0.4721504747867584,-0.0464070290327072,0.249437928199768,0.643545925617218,0.1800780594348907,-0.3934841752052307,-0.4670685529708862,-0.3885264992713928,-0.4552167654037475,0.2360793203115463,-0.3041359484195709,-0.5053081512451172,0.1081565469503402,-0.348840981721878,-0.2525558173656463,0.0502934604883194,0.2953578531742096,0.4809640049934387,-0.4886140525341034,-0.2775174379348755,0.1847987622022628,-0.1730887740850448,-0.0953997746109962,0.1686501502990722,0.0675341263413429,-0.2792035639286041,-0.0033767158165574,-0.3075100779533386,-0.4163493812084198,-0.1236598715186119,-0.1286482959985733,-0.7282843589782715,0.3613770008087158,-0.0337164178490638,0.3184811174869537,-0.1117653399705886,0.212363600730896,-0.0579021796584129,-0.0061240564100444,-0.6834000945091248,0.2511175572872162,-0.5140464901924133,0.5098023414611816,0.2025010138750076,0.3701967298984527,0.0270219277590513,0.229741096496582,-0.0173004437237977,0.2236130237579345,-0.5740880370140076,0.1039561480283737,-0.3941324353218078,-0.1114313974976539,0.5262124538421631,-0.6533365249633789,0.3769093751907348,0.1186664551496505,-0.5494594573974609,0.7205423712730408,-0.3262954652309418,0.0280928704887628,-0.1272196620702743,0.3666795194149017,-0.4741651117801666,0.1335203051567077,0.5624035000801086,0.8154804110527039,-0.3181961178779602,0.4573160111904144,0.200192391872406,-0.1783058047294616,0.5119811296463013,-0.3314288854598999,0.0466658994555473,0.0006661119987256,0.090524286031723,0.4370368123054504,0.1267444938421249,0.4231581687927246,0.2319242507219314,-0.0515421032905578,0.2109686881303787,0.1311448812484741,0.0346457287669181,0.2261936366558075,-0.4267447888851166,-0.0513709113001823,-0.0142823681235313,-0.1931653022766113,0.101279892027378,-0.0532419122755527,0.6217305064201355,0.2308204621076584,0.3738999664783478,-0.3550546169281006,-0.5417635440826416,-0.3832451999187469,-0.9607998132705688,0.1315565109252929,-0.0790663212537765,-0.0163276195526123,0.6908462643623352,0.0588578544557094,-0.7221126556396484,0.2358367294073104,0.0272128488868474,0.2919761836528778,0.4030832052230835,-0.2154425978660583,0.0709559470415115,0.3989721238613128,-0.1261267066001892,0.1628637611865997,0.0112107601016759,-0.0319076515734195,-0.1294136494398117,-0.7251904010772705,-0.0746306777000427,0.0096906684339046,-0.1382598876953125,0.0486339218914508,-0.048696331679821,0.5179319381713867,-0.3248773217201233,-0.4770655930042267,-0.2669460475444793,-0.0978841260075569,-0.1597490012645721,-0.5272042155265808,-0.0882906317710876,-0.2667059898376465,-0.0370777919888496,0.5537228584289551,0.1262123137712478,-0.1799259036779403,0.3518047928810119,0.8112396001815796,0.3290017247200012,-0.2761339545249939,-0.1773284524679184,0.0283513944596052,-0.0239449124783277,0.0181579496711492,0.3367016911506653,0.1055769845843315,-0.0592071339488029,-0.0249660667032003,-0.641791820526123,-0.3773595988750458,-0.0498495139181613,-1.006864070892334,0.7867650985717773,0.1421998292207718,0.3271629512310028,-0.591947615146637,-0.4256160855293274,-0.0556285195052623,-0.0950140357017517,0.0657174363732338,0.3921764194965362,0.2685150504112243,-0.4433587193489074,-0.1544989049434662,-0.6509629487991333,-0.7227164506912231,0.2660917639732361,0.5065808892250061,-0.4473633766174316,0.0718003883957862,0.3014001250267029,0.0906874164938926,-0.0854358300566673,-0.1149730756878852,-0.2023268938064575,-0.3828028440475464,0.3161835670471191,0.3471236228942871,0.2675949037075043,0.391975075006485,0.011751047335565,0.3493061065673828,0.4068383276462555,0.6521065831184387,0.6776092648506165,0.2067282646894455,-0.295980304479599,-0.0338719859719276,-0.3017910420894623,0.2979480922222137,0.3519406914710998,-0.0679865255951881,-0.816438615322113,0.1296375095844268,0.359595239162445,-0.4224462807178497,0.3534362316131592,0.415180891752243,0.4235478043556213,0.595414936542511,-0.382038801908493,-0.0782274976372718,-0.7612597346305847,0.175590232014656,0.1187469810247421,0.0028290546033531,-0.3044798672199249,0.0316141918301582,0.091457150876522,-0.4568507373332977,-0.2213291525840759,0.2107302099466323,0.2459942996501922,0.1576231718063354,0.3493745923042297,-0.4129485785961151,0.5970923900604248,0.4303675591945648,-0.268079549074173,-0.2922296822071075,-0.1487938165664672,0.2311183363199234,0.4304578602313995,0.1590847969055175,0.357093870639801,-0.3773427903652191,-0.8445432782173157,-0.0218009445816278,-0.0130999134853482,0.265737384557724,0.7062705755233765,-0.81659996509552,-0.0497601069509983,0.5133703947067261,0.8080490827560425,-0.0522131584584713,-0.2979108095169067,-0.5252598524093628,-0.1884275376796722,-0.1352876871824264,-0.3311863839626312,0.3624251782894134,0.0446477718651294,0.5876405239105225,-0.0318144932389259,-0.116054967045784,-0.1953674256801605,0.8123372793197632,0.4073009192943573,0.0067221829667687,0.2081695050001144,0.0349424257874488,-0.4434836208820343,-0.0718753933906555,0.2721533179283142,-0.3703674674034118,-0.1548699587583542,0.1745146065950393,-0.3938381969928741,-0.1147098317742347,-0.1866552680730819,-0.0502172261476516,0.3511002361774444,-0.1540873050689697,-0.4240161776542663,-0.3418281078338623,-0.053463727235794,0.3640183210372925,-0.8195244669914246,-0.1772152483463287,-0.2284370958805084,0.1855793297290802,0.042220301926136,-0.1656990796327591,-0.4804145395755768,-0.5628264546394348,-0.4529979526996612,0.1406483501195907,0.1401218175888061,-0.481932133436203,0.4718159139156341,0.1960797160863876,-0.1483888775110244,-1.191425085067749,0.4968118071556091,0.1027939319610595,0.7110983729362488,-0.2558439373970032,0.3216203451156616,-0.0103126298636198,0.1246227771043777,-0.1625712811946869,-0.4507423043251037,0.666210949420929,-10.44359302520752,-0.3572226464748382,-0.5081060528755188,-0.1702241748571396,-0.3904321789741516,0.4770566523075104,0.1895525455474853,0.4223089218139648,-0.0044883918017148,-0.0646698474884033,0.0686290264129638,0.1073669865727424,0.1401628106832504,0.1497767865657806,-0.220811665058136,-0.0743995681405067,-0.373730331659317,-0.2494992762804031,-0.6559740900993347,-0.0684830918908119,0.1967051476240158,-0.3565899133682251,0.2966203391551971,0.3354876935482025,0.1996874958276748,0.070408284664154,0.3587600886821747,0.0580973513424396,-0.3103875517845154,0.5274375081062317,-0.0937580168247222,0.2019408792257309,-0.1024221777915954,0.2935628890991211,-0.5404207110404968,0.0252985451370477,0.0993592366576194,-0.016658442094922,-0.2296444326639175,0.5848070383071899,0.2089521139860153,0.4409377872943878,0.0392607785761356,-0.2712676525115967,0.3376539051532745,0.3442116677761078,0.2341883927583694,-0.0845958963036537,0.4305688440799713,0.0724609494209289,0.0871606618165969,-0.199142187833786,-0.1008294522762298,0.0345502868294715,0.1310538351535797,-0.035108808428049,0.3422837257385254,-0.8668643832206726,-0.1784586757421493,-0.097401238977909,0.231044664978981,0.0835519805550575,1.2275302410125732,0.3874486982822418,0.0501337796449661,0.2668848633766174,0.2135286778211593,0.0218898374587297,-0.4018953144550323,-0.30861297249794,0.4914284646511078,0.2120136320590973,-0.2327475100755691,0.1834315359592437,-0.0817566886544227,0.5747364163398743,0.3350679576396942,0.1577409952878952,0.2364269644021988,0.0189588703215122,0.5004974007606506,0.1825479567050933,0.0591266863048076,0.2704173028469085,-0.7462111711502075,0.0026831240393221,0.3723088800907135,0.1898520141839981,0.480819433927536,-0.5403976440429688,0.6073251366615295,-0.3687469661235809,-0.2229479849338531,0.4329991936683655,0.3822138607501983,0.0522193759679794,0.0458044558763504,0.1620650291442871,0.4006999433040619,-0.0565884411334991,0
