Mora,Embedding
コ,"[-3.40031236e-02  8.18359554e-01  2.43368626e-01 -5.56144714e-01
  2.80287147e-01  6.06937468e-01  6.05787814e-01 -6.49851501e-01
 -5.27460337e-01 -8.74856338e-02  5.27706683e-01 -1.51821449e-01
 -3.97614658e-01  4.72632051e-02  2.96691686e-01 -4.14127946e-01
  2.93983459e-01 -3.02294623e-02  3.46110873e-02 -2.14860544e-01
 -4.73697275e-01 -9.39324856e-01  1.81948498e-01 -6.29787818e-02
  1.37610927e-01 -5.49549222e-01  7.73554146e-02  3.99033368e-01
  2.39412144e-01 -1.20417230e-01 -3.43516842e-02 -6.02576971e-01
 -1.76644072e-01 -5.22153318e-01 -8.69409442e-02 -2.00160295e-01
 -1.84772238e-01  1.02109909e-01 -2.83956826e-01 -4.35639620e-01
  6.91074133e-02 -1.34097770e-01 -4.78954166e-01 -6.77442923e-02
 -7.04328865e-02  5.95569313e-01 -1.12009607e-01  5.03426671e-01
  4.22184706e-01  2.60098368e-01 -2.82476395e-01  2.81704605e-01
  4.87569511e-01  3.00828099e-01  5.40202819e-02 -1.70578212e-01
 -2.20259428e-02 -1.35105759e-01 -2.67725945e-01  6.10149316e-02
 -6.93861961e-01 -1.24004789e-01 -4.49293703e-02  2.43316486e-01
 -3.29383165e-01  2.82415420e-01 -2.80290097e-01 -5.05430140e-02
 -4.80194613e-02 -6.97480559e-01  3.62185657e-01 -1.86056301e-01
 -3.15920144e-01  9.36432481e-02  1.12326097e+00 -3.04470539e-01
  3.98620695e-01 -6.24346495e-01  4.29722220e-01 -9.46053937e-02
 -4.32018876e-01  4.25306380e-01 -2.56495237e-01 -5.73162973e-01
 -1.99533135e-01  5.59410453e-01 -8.60556006e-01 -8.51772189e-01
  7.52198517e-01  3.16954106e-02  1.14665784e-01  1.72239348e-01
  2.20329762e-01  3.43912691e-01  1.82003394e-01 -3.97315234e-01
  2.98139691e-01  7.17239156e-02 -4.53803241e-02  6.21352911e-01
 -5.47691822e-01 -3.27000111e-01  1.19758427e-01  1.09058693e-01
  2.52100050e-01  6.00410700e-02 -5.94386935e-01  5.30175269e-01
  1.43666342e-01  3.56762558e-01 -1.05631933e-01 -5.69109857e-01
 -5.39138019e-01  1.87002212e-01  2.95804799e-01 -1.87213555e-01
  9.66304690e-02  3.55871528e-01  1.03556737e-01  6.96730435e-01
 -1.13138989e-01  5.10706186e-01 -4.45971303e-02 -2.87576199e-01
 -1.72110781e-01 -1.58677682e-01  6.38342798e-01 -5.43034673e-01
 -2.40154698e-01 -6.30624294e-01 -1.48481414e-01  3.84620756e-01
 -8.77233505e-01  1.54931769e-01 -3.26643914e-01  6.34937525e-01
 -2.28713498e-01  5.75828850e-01 -5.07465661e-01 -6.15215182e-01
 -1.73314512e-01  1.26228094e-01  7.10624158e-01 -8.49522948e-01
  2.33728122e-02  1.52235493e-01  7.95869157e-04 -1.54659331e-01
  7.76271522e-01  4.53313589e-01 -2.08476968e-02  6.05333745e-01
 -7.55394220e-01  1.84092343e-01 -1.23584218e-01 -9.77719277e-02
 -4.35410231e-01  6.22624338e-01  7.95721710e-02  9.35803592e-01
  1.79002583e-01 -3.63964587e-01  2.90543884e-01  8.88212323e-01
  1.02122009e-01  3.86993051e-01  6.23167455e-01  2.50698775e-01
  5.90187073e-01  8.35399806e-01 -2.45349072e-02  6.25492156e-01
  3.34949374e-01 -4.87716913e-01  1.49089679e-01  5.92454612e-01
  5.16888976e-01 -3.16922404e-02  1.87372908e-01 -3.48076105e-01
 -3.00012857e-01 -1.27463996e-01 -3.67748946e-01 -5.24430752e-01
  5.27959585e-01 -6.38387740e-01  3.31762694e-02  2.40299806e-01
  6.82033598e-02 -7.42740110e-02 -1.41142756e-01 -3.52961153e-01
  2.40099296e-01 -6.40367925e-01 -4.44272518e-01  2.43649393e-01
 -4.15564120e-01  1.55024424e-01  2.12862402e-01  2.95139313e-01
 -1.17131069e-01 -1.79158852e-01 -4.97405112e-01 -1.40239155e+00
 -1.11215949e+00  2.01140746e-01  2.42208958e-01  9.74566042e-02
  1.29909083e-01  1.41460180e-01 -2.57268578e-01  2.15118565e-02
 -6.11172756e-03 -8.77538472e-02  3.59233856e-01 -7.25206137e-02
 -8.13828826e-01 -6.57663122e-02  4.47233528e-01 -9.12438035e-02
  3.20160508e-01 -3.82249147e-01  2.72036731e-01  5.85039780e-02
 -4.54798758e-01  3.14509869e-01  2.30412364e-01 -4.06691968e-01
 -8.03591907e-02  4.82664675e-01 -2.94177324e-01 -5.43042421e-01
 -9.27678406e-01  1.45620689e-01 -3.89038861e-01  2.60894358e-01
 -3.13992769e-01  3.50613832e-01 -2.99503386e-01  4.87678289e-01
 -1.00990638e-01 -5.68887115e-01 -2.37294547e-02 -2.46849686e-01
 -1.60343610e-02  4.77189988e-01  9.60796624e-02 -2.20960200e-01
 -7.21571147e-01  1.23716027e-01 -8.58770967e-01 -3.70252162e-01
  2.08493829e-01 -1.25054270e-01  8.56157601e-01  3.54532540e-01
  9.82189476e-02 -1.30364999e-01 -9.67959985e-02  3.54307964e-02
 -4.85871285e-01 -5.66526175e-01  7.79870674e-02 -2.44835049e-01
  2.38737687e-01 -1.70298427e-01 -8.43780786e-02 -7.32693553e-01
 -7.16245770e-01 -3.56674522e-01 -5.07580563e-02 -1.11444421e-01
 -3.71584117e-01 -3.26895833e-01 -3.95800918e-01  3.83227199e-01
 -1.37553915e-01  6.40039444e-01 -3.32488269e-01  4.13617432e-01
  3.78613770e-02  5.31190574e-01 -1.22279990e+00  2.42338732e-01
  2.64373302e-01 -9.07766521e-02 -2.55535871e-01 -1.07908785e+00
 -3.85602087e-01  4.62247461e-01  1.39149040e-01 -3.34768414e-01
 -1.34344980e-01 -7.55908713e-02 -3.67132366e-01 -1.54725164e-01
 -1.53716981e-01  1.45521075e-01 -3.18582170e-02  4.83611882e-01
  2.97614813e-01  1.73670217e-01  2.58747071e-01 -4.89936024e-01
 -5.40043533e-01  1.29702212e-02  1.32869467e-01 -1.38940036e-01
  6.00982368e-01  7.74345845e-02 -4.95811133e-03  1.19829559e+00
 -7.53678024e-01 -1.69955209e-01  1.04749227e+00  2.15753168e-02
 -1.37812638e+00  2.43046731e-01  5.06793678e-01  1.91017538e-01
 -1.75383016e-01  8.41663301e-01  1.72287852e-01  2.55304694e-01
 -4.19848680e-01 -4.21023011e-01  1.15853453e+00  2.63974041e-01
 -5.31793594e-01 -2.44952932e-01  7.17396021e-01 -1.82570085e-01
  4.60462362e-01 -2.99816877e-01 -4.18125063e-01  3.80264372e-01
 -3.56573641e-01 -9.74904448e-02  2.03913953e-02 -3.03174943e-01
 -7.90582418e-01  4.33789790e-01 -1.92611724e-01  5.28056026e-01
 -7.42500722e-01 -2.97957629e-01  4.02795643e-01  1.20531130e+00
  6.39519632e-01  6.79526448e-01 -2.82252878e-01  2.15375517e-02
  7.73160398e-01  6.30646646e-02  4.17632610e-01  1.84704646e-01
  1.45980671e-01 -4.25112963e-01  9.14489031e-01 -1.27254620e-01
 -4.63717103e-01  3.19115907e-01  5.11827409e-01  6.51170254e-01
  1.09212166e-02 -2.18484193e-01  4.71887678e-01  8.35557431e-02
  7.72223771e-01  9.56755221e-01  6.26986265e-01  6.76405504e-02
  2.78371871e-01 -2.52559930e-01  7.70499945e-01 -5.13050497e-01
  4.04873602e-02  1.69144586e-01 -5.06784245e-02 -4.09605026e-01
 -7.89666891e-01 -9.51197669e-02 -1.90251738e-01 -4.23296779e-01
 -4.16331172e-01 -9.04510736e-01 -8.18772376e-01  2.47665361e-01
  4.80200946e-01 -7.86351085e-01  1.25358924e-01  2.82301158e-01
  3.99951339e-01 -5.53323090e-01 -2.05699444e-01  2.42023602e-01
 -4.31606293e-01  1.18376680e-01  1.86674267e-01  4.33183640e-01
 -4.52770084e-01  8.33026096e-02 -4.70022619e-01 -2.19578043e-01
 -9.30724025e-01 -6.14590228e-01 -4.82733667e-01  8.83011818e-02
  2.60424078e-01  4.40565169e-01  1.60905376e-01  4.12852436e-01
 -2.53472418e-01  6.70503825e-02 -1.84876829e-01 -4.45384949e-01
 -1.38996065e-01  4.67279851e-01  2.47606084e-01  6.31031334e-01
  1.70158848e-01  5.18903196e-01  3.59810628e-02  1.59394083e-04
  6.37744069e-02 -4.33488116e-02 -3.50952476e-01 -3.59039009e-01
  6.87483430e-01 -1.52769506e-01 -1.09389797e-01 -3.22362743e-02
 -4.38390486e-02  7.21520543e-01 -6.34018928e-02 -1.10090613e+00
 -1.57892734e-01  3.41296405e-01  8.62532109e-02  3.65873307e-01
  3.95502239e-01  1.09564686e+00 -2.06748605e-01  2.04002485e-01
  5.86377323e-01 -7.85374492e-02  7.58567274e-01 -3.16875279e-02
 -2.84819245e-01 -3.17162216e-01  1.47566512e-01  6.65841460e-01
  6.79170862e-02 -1.07560135e-01  2.48768359e-01  4.16045189e-01
 -2.99391717e-01 -1.97558269e-01  3.30075651e-01 -9.90340039e-02
 -6.71737075e-01 -3.46156269e-01 -5.35025001e-01 -6.36352241e-01
 -1.34762287e-01  3.77500027e-01  2.80994862e-01 -4.31473274e-03
  4.33102727e-01 -6.10811472e-01 -6.75711572e-01 -4.98841137e-01
 -9.49790061e-01  3.83423924e-01 -2.04540879e-01  5.66437304e-01
  5.67321777e-01  5.19686155e-02 -5.26067436e-01  2.73315936e-01
 -1.19956948e-01  4.37942624e-01  8.92815590e-01 -3.02216083e-01
 -1.61841691e-01  4.91000712e-01 -1.36516541e-01  6.80396140e-01
 -2.31352121e-01  1.73795685e-01 -3.02254379e-01 -3.17599215e-02
 -8.61420557e-02  1.39808625e-01  3.32722031e-02 -5.36412954e-01
  8.43076706e-01  1.15854286e-01 -3.74888450e-01 -4.09248322e-01
 -6.42643034e-01 -1.10807993e-01  4.49589521e-01 -7.45605767e-01
  2.17578318e-02 -6.09686315e-01  1.93664342e-01  6.53223693e-01
  8.42315733e-01 -6.93938136e-01  4.56017166e-01  1.89332709e-01
  7.64791220e-02 -1.87673971e-01  2.29304031e-01 -3.87045652e-01
 -3.21306914e-01  4.00711372e-02  5.27030945e-01  1.77018955e-01
  6.84628606e-01 -5.61532855e-01 -8.35055828e-01 -5.50360084e-02
 -2.28319854e-01 -6.27835453e-01  3.52906764e-01  7.03449324e-02
  2.99848020e-01 -5.31550109e-01  2.19050184e-01 -7.14979172e-01
  5.29027820e-01  3.57724875e-01  1.50618061e-01  9.88623574e-02
 -7.47942328e-01 -1.62821457e-01 -4.41728026e-01 -9.56836641e-01
  4.63358998e-01  4.12965864e-01 -8.09680045e-01  2.92298663e-02
  4.38703060e-01  5.18194199e-01 -6.92168474e-01 -5.76343417e-01
 -3.93741280e-01  9.18499455e-02  4.85231012e-01  2.01218501e-01
 -2.92095225e-02  1.40590826e-03 -3.01596671e-01  1.65906876e-01
  5.81577837e-01  6.98478281e-01  6.66153252e-01  9.39693525e-02
 -2.94664018e-02  1.55121654e-01 -7.05009222e-01  5.15378006e-02
 -2.03845084e-01 -1.34968176e-01 -5.61633892e-02  9.25351322e-01
  5.31623602e-01 -4.03094798e-01 -1.51008889e-01  9.34486568e-01
  4.13570940e-01  8.28534424e-01 -4.16184038e-01 -1.79562360e-01
 -4.56801862e-01  4.43943411e-01  1.18514307e-01 -2.82733023e-01
 -1.11502949e-02 -1.11879811e-01 -3.39961082e-01 -2.81307280e-01
 -3.18983853e-01  2.75723249e-01  6.29651472e-02  2.88141757e-01
  1.76223144e-01 -2.62073815e-01  4.36531037e-01 -2.49325544e-01
 -4.77575183e-01 -1.89346969e-01  4.37821686e-01  1.73898518e-01
  7.86911190e-01  2.15352759e-01  2.70626277e-01 -3.22856337e-01
 -9.98281896e-01 -3.61847103e-01  3.10712487e-01  3.70376438e-01
  7.74248183e-01 -7.68168449e-01 -5.58015406e-01  1.15990505e-01
  2.89381862e-01 -5.41180037e-02  9.31880623e-02 -9.02059972e-01
 -3.80132139e-01  1.89359561e-01 -6.94767594e-01  3.49366009e-01
  2.77846783e-01  1.84967622e-01 -2.18699008e-01 -4.49166149e-01
  6.59638345e-02  5.69992125e-01 -1.78454325e-01 -5.48816741e-01
  3.58918577e-01 -4.75102440e-02 -5.17831855e-02  1.53852642e-01
  1.20168254e-01 -5.57288192e-02 -3.42426635e-02  1.67805642e-01
 -4.46234524e-01  5.53899184e-02 -2.60110736e-01  3.95022452e-01
  2.41767475e-03  2.88103372e-01 -1.59017786e-01 -1.04087019e+00
  8.51010457e-02 -1.17336260e-02 -4.97439772e-01 -3.01034570e-01
 -2.17571869e-01 -3.18164945e-01 -1.54365450e-02 -1.19722486e-01
 -2.46728197e-01  3.23862582e-01 -3.17559153e-01  5.85205019e-01
 -1.22650959e-01 -6.32888436e-01  3.05619657e-01  3.99862498e-01
 -3.82739812e-01 -8.35300505e-01  3.57702881e-01  4.12165910e-01
  4.39000070e-01 -3.57071832e-02  5.17107286e-02  1.34083614e-01
  3.38933468e-01  4.90094960e-01 -6.08103216e-01  5.32438278e-01
 -9.79601955e+00 -3.71066123e-01 -6.01284325e-01 -3.19527388e-01
 -3.20709139e-01 -5.82566969e-02  1.07630455e+00  6.74293786e-02
 -1.24784179e-01 -1.62956342e-01 -8.72951075e-02 -1.50995729e-02
  4.90367979e-01  8.81763518e-01 -6.94205523e-01 -5.37462115e-01
 -7.15912804e-02 -3.04488838e-01 -4.26196158e-01 -1.00694515e-01
  4.00756449e-02 -2.51404136e-01  1.06191254e+00 -6.17653802e-02
 -3.38840127e-01 -3.50596279e-01  1.02015689e-01 -1.28545742e-02
 -2.46737078e-01  8.90286267e-01 -7.34142900e-01  1.49080098e+00
  1.81100830e-01 -9.58405361e-02 -2.63732672e-01  7.83888251e-02
 -8.42657387e-02  3.83993536e-01 -6.18537843e-01  5.44169486e-01
  1.76882356e-01  1.02944911e+00 -2.23442614e-01 -1.23551995e-01
  5.35986066e-01 -1.85154695e-02  4.37277973e-01  1.87122524e-01
  2.56300658e-01 -1.69576496e-01 -1.90561801e-01 -4.08345729e-01
  1.47109717e-01 -1.90664619e-01  1.80475160e-01 -1.62386492e-01
  6.50650859e-01 -6.85634136e-01  2.07714401e-02  8.01436305e-02
  5.25141239e-01 -1.48999259e-01  5.69961369e-01  6.55263126e-01
 -4.02973682e-01  7.19710812e-02  2.27081656e-01  1.52651006e-02
 -5.92391968e-01 -2.47420773e-01  2.75155902e-01  5.59971444e-02
  9.35863703e-02  3.79527777e-01 -3.10469508e-01  5.26294708e-01
 -1.55469045e-01 -3.09055030e-01  7.42112637e-01  3.24877620e-01
  1.00749028e+00 -1.15901396e-01 -6.03499189e-02  1.92686677e-01
 -8.88719261e-01  4.23133701e-01 -1.65509388e-01  3.20394248e-01
  5.79544723e-01 -6.26762092e-01  1.00056088e+00  5.16397581e-02
 -5.61918616e-02  2.78020412e-01 -2.57949438e-02 -1.43004343e-01
  6.82184458e-01  5.56321383e-01  5.35772443e-01  1.37304470e-01]"
ブ,"[ 1.20977364e-01  4.52929229e-01  4.01255071e-01 -4.76554424e-01
  8.61533508e-02  3.46301079e-01  2.31773943e-01 -1.02311835e-01
 -1.86183006e-01 -3.11022103e-01  2.88175315e-01  2.74326876e-02
 -7.01203465e-01 -1.52078852e-01  6.66583598e-01 -5.26720583e-01
  1.48164891e-02  8.37877914e-02  2.37792544e-02 -4.13437456e-01
 -6.45597696e-01 -4.83020514e-01 -9.56778228e-02  4.12068337e-01
  2.02971101e-01 -2.86325455e-01  1.43353924e-01  2.76078045e-01
 -3.08791935e-01 -5.28469086e-01 -2.43205845e-01  2.52840593e-02
 -2.60772318e-01 -2.20212474e-01 -3.31668913e-01  2.31280863e-01
  7.70034045e-02 -1.42174944e-01  1.18907385e-01 -4.28129584e-01
 -3.04920584e-01 -3.02049845e-01 -4.95369703e-01 -3.21023405e-01
 -3.47051322e-01  5.51644325e-01  1.10747218e-01  1.94305375e-01
  4.14510965e-01  1.32001609e-01 -2.91451216e-01  2.22837731e-01
  6.49302542e-01  9.17156413e-02  4.64306921e-01  4.60346460e-01
  6.82339728e-01 -2.73620278e-01  2.04530545e-02  2.84425855e-01
 -2.68133909e-01 -3.49418819e-01  2.55287945e-01 -2.22817063e-02
  1.52004939e-02 -2.05317274e-01  1.63486868e-01 -2.45121554e-01
 -2.59527918e-02 -1.30566299e-01 -1.28934681e-02  3.19417208e-01
  7.68725201e-02 -2.66246170e-01  8.61141860e-01 -1.03505537e-01
  1.72860429e-01  1.90648705e-01  2.76733637e-01 -2.22207457e-02
 -6.50617480e-01  4.59541112e-01  3.18968028e-01 -5.93835592e-01
 -2.32102334e-01  6.24579608e-01 -6.63727403e-01 -7.05954492e-01
  1.88279703e-01 -2.82891035e-01 -8.00658911e-02 -1.64222643e-01
  1.91407919e-01  3.16221237e-01  3.23704958e-01  2.00490630e-03
  3.65354449e-01 -2.42512658e-01 -3.12644005e-01  4.56198752e-01
  2.20329925e-01 -1.46735534e-01  5.13345823e-02 -1.19232638e-02
  4.52058855e-03 -1.80751070e-01  2.76919186e-01  9.52421352e-02
 -2.61248648e-02  3.30396354e-01 -3.03476274e-01 -6.95781231e-01
 -4.33683425e-01  2.90290713e-01  3.34506571e-01  1.55874997e-01
 -7.16953799e-02  3.80745500e-01 -5.11474192e-01 -1.11080594e-01
  1.05541460e-01  6.52300119e-01  2.46416274e-02 -5.75530410e-01
  1.74400032e-01  2.35363171e-01  4.69665617e-01  2.24694386e-01
 -1.27888903e-01 -4.28653866e-01  2.16576140e-02 -1.40629439e-02
 -2.75721997e-01  6.17802739e-02 -5.02215743e-01  8.03156018e-01
 -1.91798583e-01 -1.05585143e-01 -2.50044972e-01 -7.37793863e-01
 -5.61265387e-02  4.14157003e-01  2.54708469e-01 -2.36825541e-01
 -1.79014001e-02 -4.86695096e-02 -3.97771537e-01 -5.56116458e-03
  2.91086406e-01  6.33572519e-01 -2.27325261e-01  7.23101914e-01
 -3.14055860e-01  4.39041667e-02  2.45001122e-01  4.73137535e-02
 -1.74840301e-01  4.95986879e-01 -1.09171003e-01  4.08464111e-03
  1.99239984e-01 -6.14820063e-01  1.39242217e-01  7.60112405e-01
  2.41571590e-01  7.93458819e-01  3.15882623e-01 -7.23175588e-04
  1.34559453e-01  7.51038015e-01  2.07216918e-01  2.26019710e-01
  1.91998422e-01 -3.13720644e-01 -3.48079228e-03  6.77077919e-02
  4.36396897e-01  4.00112480e-01  9.15714577e-02 -6.14734292e-01
 -1.08914152e-01 -1.54845566e-01 -2.22962439e-01 -1.29576605e-02
  3.23919624e-01  1.33446351e-01 -9.57871228e-02  5.01726344e-02
 -2.24231541e-01 -4.54367638e-01 -2.75766198e-02 -4.43218857e-01
  3.91977001e-03 -2.95209169e-01 -2.69937694e-01  1.77085456e-02
 -2.85980850e-01  6.37149736e-02 -5.99049568e-01  3.73642862e-01
  3.02568138e-01 -2.24686041e-02  1.03648368e-03 -7.08277047e-01
 -5.88016391e-01 -5.55620313e-01  5.44140995e-01  8.79848659e-01
  2.11164072e-01  6.36259437e-01 -6.35351479e-01 -2.39746869e-01
  3.42881903e-02 -2.88071483e-02  4.08397555e-01  3.28656435e-01
 -5.05391300e-01 -3.70291352e-01  2.06624925e-01 -2.09391579e-01
  3.10119122e-01 -2.85291523e-01  2.09148660e-01 -1.12725660e-01
  2.43814494e-02  4.99457717e-01  4.02424097e-01 -2.19448268e-01
 -8.30244124e-02  3.89010459e-01 -1.85300320e-01 -6.97095156e-01
 -6.59108877e-01  2.66410798e-01 -5.35917342e-01 -1.58468634e-02
 -4.63841967e-02  6.35183156e-01 -8.98918957e-02  3.36412489e-01
  2.76045859e-01 -3.67429376e-01 -4.17006984e-02 -7.00961113e-01
 -1.19686954e-01  4.28117067e-02  2.91329414e-01 -1.92588940e-02
 -3.58733207e-01 -2.57340193e-01 -9.86634374e-01 -5.03781438e-01
  4.85899374e-02 -2.92546779e-01  5.44021189e-01  1.20365478e-01
  2.25462675e-01  8.36078152e-02  1.20919980e-01 -2.43111372e-01
 -2.19721869e-01 -5.70842505e-01  1.10458918e-01  5.78975827e-02
 -7.82886028e-01  2.73101211e-01  1.44699827e-01 -5.53510606e-01
 -3.31168830e-01 -6.93928719e-01  1.18916579e-01 -1.11060821e-01
 -4.26006436e-01 -4.12569493e-02 -6.88577175e-01 -1.68281749e-01
  6.27972111e-02  3.11238021e-01 -2.96042651e-01  4.27525997e-01
 -5.06105900e-01  2.68324107e-01 -7.06590712e-01 -1.28885865e-01
 -1.65839702e-01  1.00279987e-01 -6.14536881e-01  1.30132109e-01
 -3.90194327e-01  3.38942647e-01  4.01220053e-01 -5.55334508e-01
 -4.54176098e-01  2.81165749e-01 -3.19607228e-01  3.18978608e-01
  5.72841942e-01  4.83139930e-03  5.30821681e-01  1.94802180e-01
  2.14846477e-01  2.54048973e-01 -5.55688068e-02 -2.69554257e-01
 -2.05633521e-01 -5.42137682e-01 -2.13127919e-02 -7.70529658e-02
  6.54383838e-01 -5.06998658e-01  5.04020154e-02  1.06908274e+00
 -3.38952631e-01  2.43977070e-01  4.69742715e-01  3.87455553e-01
 -1.84711671e+00 -2.28439316e-01  7.32402384e-01 -6.74590049e-03
  2.15667635e-02  5.69344223e-01  2.95620173e-01 -1.84263617e-01
  1.69065282e-01 -5.79022229e-01  6.08331263e-01  5.42191565e-01
 -9.16587472e-01  1.68176532e-01  2.62621224e-01 -2.50657678e-01
  3.77750009e-01 -7.10093677e-01 -8.99377987e-02  5.91769993e-01
 -1.33812830e-01 -2.74611086e-01 -2.18862832e-01 -6.07141018e-01
 -3.91051471e-01  4.76764768e-01  7.43472278e-02 -1.63472190e-01
 -3.90563130e-01 -1.84646174e-01  3.51208359e-01  1.13371050e+00
  4.17777568e-01  7.14306474e-01 -4.80211049e-01  1.02421306e-02
  2.98838168e-01  3.29272866e-01  2.25013480e-01 -7.33693540e-02
  1.46255970e-01 -5.51086843e-01  1.45865411e-01  7.12748319e-02
 -9.79251191e-02 -1.35363162e-01  4.71002519e-01  2.18113244e-01
 -2.33528480e-01 -7.62519473e-03  5.48713386e-01 -6.69851378e-02
 -1.12464048e-01  3.17358583e-01  4.06314820e-01 -2.62710713e-02
 -5.55545799e-02 -4.89838481e-01  2.86108941e-01 -4.11259830e-01
  9.68259722e-02  5.99674368e-03 -3.62678558e-01 -1.84198637e-02
 -1.82088315e-01  5.21907303e-03 -1.39122367e-01 -5.05778909e-01
  1.77312657e-01 -4.68078285e-01 -5.26228487e-01 -1.74212947e-01
  1.26968667e-01 -7.61401713e-01  5.15114129e-01  4.61775243e-01
  4.52642202e-01 -2.30323285e-01 -4.13946420e-01  2.59244472e-01
 -1.21204294e-01  7.03712553e-02  1.54866934e-01  1.18397437e-02
 -1.50536090e-01  1.16856925e-01 -2.41350845e-01 -2.65969276e-01
 -7.38127112e-01  1.86607298e-02 -8.82281244e-01  2.31290311e-01
  2.18420193e-01  6.58321381e-01 -1.98070630e-01 -2.47718841e-01
  4.13925946e-02 -2.92062074e-01 -6.72912776e-01 -3.44527245e-01
 -3.82570237e-01  1.06670119e-01  2.03551307e-01  4.21390742e-01
  4.15810227e-01  3.30310553e-01  2.83045202e-01  1.42789409e-01
  2.35659424e-02  2.88446844e-01 -2.80723333e-01 -2.95302480e-01
  5.37731588e-01 -2.84942519e-02  2.76952356e-01  2.26152256e-01
 -2.79702190e-02  7.31919527e-01 -4.27810907e-01 -6.54006779e-01
  1.45114169e-01  1.64161563e-01 -1.49427086e-01  1.42045990e-01
  6.07074559e-01  1.13625371e+00 -3.37668777e-01  2.80543029e-01
  2.41610631e-01 -2.16101602e-01  3.44567716e-01 -2.25517601e-01
 -8.13742653e-02 -5.18134348e-02  1.33687451e-01  6.64630353e-01
  5.29061079e-01  2.52102733e-01 -6.67956844e-02  4.78919983e-01
 -3.74058604e-01  1.87346205e-01  1.10729411e-01  4.54943240e-01
 -3.43420267e-01 -2.13607356e-01  1.34157509e-01  3.64387393e-01
 -3.70914757e-01 -2.85918444e-01  4.27304171e-02  5.47825247e-02
  1.87314987e-01  2.13205934e-01 -3.52162570e-01 -6.13018513e-01
 -5.39051831e-01  1.04230985e-01 -3.20540637e-01 -7.48778060e-02
  4.97279227e-01  1.93230644e-01 -6.63318992e-01  2.92800486e-01
  9.68500003e-02  3.93796504e-01  4.68957067e-01 -8.07831883e-01
 -3.78690660e-01  8.88809636e-02 -6.53953031e-02 -3.75960255e-03
  2.39502385e-01 -1.63179591e-01 -2.76579320e-01 -7.41258204e-01
 -1.72190130e-01 -8.24019462e-02 -2.79128879e-01 -9.22545865e-02
  3.77285421e-01  3.63793559e-02 -7.69677699e-01 -1.05354665e-02
 -1.61918476e-01 -2.05767900e-01 -1.61174908e-02 -5.07048607e-01
  1.68243088e-02 -1.63603351e-01  8.42492506e-02  5.61108410e-01
  2.47039169e-01 -3.06216121e-01  1.37019306e-01  5.76022029e-01
  4.20392096e-01 -1.38271764e-01 -1.54936254e-01  7.58321956e-02
 -1.67831495e-01  1.13754928e-01  8.19929659e-01  1.51197240e-01
 -2.03131661e-01 -4.00625616e-01 -8.11065614e-01 -5.29493272e-01
  5.19344956e-02 -1.45049155e+00  7.03093350e-01  2.10057914e-01
  4.66479249e-02 -6.88427746e-01  4.84584123e-02  3.32649574e-02
  1.69135947e-02  5.32311387e-02  2.61020452e-01  2.46351942e-01
 -3.30662102e-01  7.51602426e-02 -1.75374717e-01 -7.90249228e-01
  5.03319263e-01  2.63069659e-01 -7.14001477e-01 -3.59542258e-02
  5.35077274e-01 -1.45915434e-01 -3.08938473e-01  1.08654924e-01
  1.87197402e-01  5.33601642e-02  3.42137307e-01  5.11779547e-01
 -3.12418081e-02  8.49648535e-01 -3.68165314e-01  2.59647787e-01
  7.27686286e-01  2.99002409e-01  4.43571448e-01  7.83718154e-02
 -5.40216744e-01 -2.56282061e-01 -5.68058729e-01  5.72370350e-01
  3.98185343e-01  3.57727230e-01 -6.10626698e-01  4.67532545e-01
  5.36711752e-01 -1.84882164e-01  1.21791132e-01  9.43810523e-01
  6.35360554e-02  3.68010879e-01 -2.20642611e-01  2.18878351e-02
 -8.90912116e-01  2.62172252e-01 -2.02820078e-01 -2.06538528e-01
 -1.36708260e-01 -3.56449783e-01  1.13031581e-01 -3.30218166e-01
 -2.87023112e-02  2.66468614e-01 -6.65837154e-02  3.60438019e-01
  9.83591080e-02 -9.12034437e-02  9.25375819e-01  1.67992175e-01
 -3.68069917e-01 -2.62079775e-01  6.05496727e-02  2.99857914e-01
  4.46808487e-01  5.96114993e-02  1.20136626e-01 -2.96790332e-01
 -8.40636849e-01  3.66331518e-01 -1.43441841e-01 -1.09314740e-01
  5.75263202e-01 -2.52841860e-01 -1.35896027e-01  4.05600786e-01
  6.09426856e-01 -4.24894840e-01 -2.42388546e-01 -7.46225893e-01
  9.33186561e-02 -1.64650455e-01 -5.47387958e-01  2.94596821e-01
  6.48399070e-02  5.12731194e-01 -3.54636639e-01 -1.59584120e-01
  5.74642003e-01  7.34503210e-01  2.11743087e-01 -1.11765161e-01
  4.05453257e-02  8.72428417e-02 -2.88913488e-01  5.29098213e-01
  4.13459480e-01  1.57028828e-02  2.40635648e-01  4.80221689e-01
  1.49719924e-01  1.05799697e-01 -4.84530665e-02  3.51055145e-01
  9.30639803e-02 -1.48976311e-01 -2.62804955e-01 -3.58160168e-01
  2.35560730e-01  4.79600253e-03 -3.60601008e-01 -1.75849512e-01
 -2.33870238e-01  3.44283015e-01  3.22877407e-01 -1.10275827e-01
 -3.87146264e-01 -1.38598040e-01 -2.92835891e-01  1.04026765e-01
 -3.42436492e-01 -1.03221528e-01  1.87511817e-01  2.31952474e-01
 -3.80196184e-01 -1.06407249e+00  4.18570489e-01  4.68326926e-01
  5.26885211e-01 -1.84953902e-02  8.60236809e-02 -4.23651308e-01
  2.35579699e-01  7.94001296e-02 -6.63665891e-01  1.25946492e-01
 -1.03221645e+01 -2.57700980e-01 -1.49493292e-01 -4.10948366e-01
  5.42704239e-02  9.39150527e-02  6.51024222e-01  4.89630640e-01
 -3.44820976e-01  4.05759096e-01 -1.99669883e-01  5.56207262e-02
  1.63173929e-01  4.34522510e-01 -7.93454885e-01 -7.50043169e-02
 -1.78545892e-01 -4.15711045e-01 -5.47028594e-02  2.87848681e-01
 -7.81793818e-02 -2.11842716e-01  7.21590221e-01  4.19033498e-01
  1.25021830e-01 -3.47460926e-01  2.50267964e-02 -1.31445020e-01
 -1.95550993e-02  4.90818888e-01 -6.37589574e-01  6.92223966e-01
 -4.06468391e-01  3.24253529e-01 -4.07773554e-01 -5.35357371e-02
 -1.15039036e-01  1.45869866e-01 -4.53923106e-01  8.68697822e-01
  4.56494421e-01 -1.50423795e-01  5.72806560e-02 -2.59898484e-01
  1.89218506e-01  2.42534071e-01  1.37488451e-02  4.50421810e-01
  4.03402507e-01 -6.05995283e-02 -2.44729951e-01  6.81126788e-02
 -4.61839855e-01 -2.85160005e-01  3.03183824e-01  3.82957786e-01
  2.98241854e-01 -1.07231915e+00 -6.35932013e-02  2.58410394e-01
  3.87369305e-01  2.20067501e-01  1.13629186e+00  1.92739949e-01
 -1.03879329e-02  1.09424897e-01  6.07799217e-02  2.50507444e-02
 -3.75132978e-01  9.50664468e-03  8.37198257e-01  2.53869295e-01
  1.75472468e-01  3.18850093e-02 -3.44433069e-01  4.77033675e-01
  8.43614191e-02  2.81156778e-01  5.46188712e-01  5.38477972e-02
  2.43820548e-01 -3.40741053e-02  5.57637028e-02  3.59811127e-01
 -7.51427650e-01 -1.91079363e-01  1.56452414e-02 -1.05074100e-01
  2.51995683e-01 -5.40316880e-01  1.86464131e-01  4.22505409e-01
 -3.49059880e-01  5.25924742e-01  3.89057934e-01 -3.95056486e-01
 -3.62418503e-01  5.16210020e-01  2.79023618e-01 -4.04787362e-01]"
サ,"[ 6.48852065e-02  7.03525424e-01  4.71259475e-01 -5.47538280e-01
  1.59046471e-01  3.98378938e-01  3.51637304e-01  1.23026282e-01
 -2.36791316e-02 -5.60553074e-01  6.91640377e-01 -1.82065725e-01
 -3.69573385e-01 -4.81643021e-01  5.01200736e-01  2.13964377e-02
  6.06600717e-02 -3.49444240e-01  8.08935091e-02 -4.40633446e-01
 -8.89577985e-01 -5.16568840e-01 -2.66183019e-01 -1.12697050e-01
  5.20015620e-02 -5.65481424e-01  1.07526816e-01  6.08377531e-02
 -2.72094548e-01  1.09412938e-01 -1.46132946e-01 -5.17516971e-01
  1.58073138e-02  2.16582283e-01 -3.97458136e-01  1.42894834e-01
  3.70732784e-01  9.52575803e-02 -8.72540697e-02 -8.91159754e-03
 -1.78627878e-01 -2.46154368e-01 -1.56675205e-01 -2.89727360e-01
 -3.17594945e-01  5.58815479e-01  2.79103786e-01  2.11603582e-01
  3.49331588e-01  2.05476016e-01 -1.15657732e-01  5.24988830e-01
  1.53630912e-01 -6.92296997e-02  2.36809149e-01 -1.02029659e-01
 -1.25966864e-02 -3.04194719e-01 -3.15399706e-01  3.45738739e-01
 -7.24034965e-01 -2.79484242e-01  1.94713280e-01  1.92494970e-02
 -2.23813370e-01 -7.14084730e-02  9.05480701e-03 -1.17216989e-01
  9.39084142e-02 -7.12507546e-01  2.45665506e-01  1.63750336e-01
  4.14535357e-03 -7.42333591e-01  8.38340044e-01 -4.34353292e-01
  4.01309252e-01 -7.71496892e-02  2.78353333e-01  1.19877301e-01
 -3.97254974e-01  5.62397897e-01  1.22871153e-01 -6.20353937e-01
 -1.69597164e-01  2.42013648e-01 -3.80565464e-01 -6.62786305e-01
  3.45268995e-01 -3.59812587e-01  5.76520599e-02  2.00124495e-02
  1.91770032e-01  3.70260924e-01 -1.34176135e-01 -1.51688844e-01
  4.49814230e-01 -5.21264434e-01  1.30199362e-02  3.71496558e-01
  1.53533020e-03 -2.44601384e-01  1.04438558e-01 -1.65181175e-01
  4.10203040e-02  1.10388726e-01 -2.76432276e-01  2.55873948e-01
  1.37467124e-02  1.84370503e-01 -2.21014187e-01 -4.20769125e-01
 -4.75366950e-01  5.86740971e-02  2.19318613e-01  5.20587303e-02
 -2.34473526e-01  5.72899818e-01  2.10268691e-01  1.03446215e-01
  1.41941123e-02  6.29506111e-01 -3.81130904e-01 -2.46828154e-01
  5.90361245e-02  4.16344255e-01  1.49371430e-01 -1.43032014e-01
 -2.41779566e-01 -2.60848761e-01 -3.12812954e-01 -2.84071654e-01
 -2.44613469e-01  1.25942156e-01 -2.89646715e-01  4.50176060e-01
  5.04773594e-02 -3.52998316e-01  1.13899022e-01 -6.54235959e-01
 -1.33767173e-01  3.23209584e-01  3.24869633e-01 -2.07984060e-01
 -9.04217213e-02  2.75806218e-01 -1.10058188e-01 -1.76043496e-01
  4.69163418e-01  3.71321470e-01 -3.15964818e-01  1.18894470e+00
 -9.77653041e-02 -2.36529291e-01  4.28550214e-01  1.52144447e-01
 -4.27527875e-01 -1.24428906e-01 -3.29179853e-01  5.47669291e-01
  1.09668657e-01 -5.16037405e-01 -1.80932403e-01  6.72310293e-01
  1.64470002e-01  4.19158190e-01  5.14015794e-01  5.93434758e-02
 -3.18827242e-01  6.71130180e-01  6.82057679e-01  3.04443717e-01
  9.05157700e-02 -4.31542933e-01  1.52115792e-01  3.78735930e-01
  4.82584625e-01  2.81445563e-01  3.89888361e-02 -3.12768012e-01
 -1.06153563e-01 -3.03414047e-01 -8.86566043e-02 -5.08924544e-01
  1.78575069e-01 -1.68269172e-01 -4.45346795e-02  3.66098762e-01
  1.18671551e-01 -3.54280442e-01  4.91569676e-02 -7.28126764e-01
  2.73617238e-01 -4.56217438e-01 -4.03513163e-01 -3.32028061e-01
 -9.10236090e-02 -1.60996541e-02 -3.16254199e-01  7.65344381e-01
  2.08226442e-01  2.22663477e-01 -4.62109685e-01 -5.03148079e-01
 -7.04046428e-01 -4.17786837e-01  1.92755848e-01  3.25580388e-01
  2.74508834e-01  2.98293412e-01 -1.40111834e-01  7.32503653e-01
  4.36888725e-01  1.04065090e-01  6.63826585e-01  1.11908346e-01
 -5.29434502e-01 -1.58596545e-01  1.36538446e-01 -2.71710515e-01
  1.68289095e-02 -1.43857330e-01  2.23187774e-01  2.19698206e-01
  4.91481006e-01  1.39787018e-01  3.44771683e-01 -2.91718394e-01
  3.47799039e-04  4.66008574e-01 -6.52888238e-01 -5.49850225e-01
 -6.40699267e-01  1.27929106e-01 -6.49453163e-01 -3.09229910e-01
 -2.26405174e-01  5.86145997e-01 -3.01487416e-01  3.05002928e-01
 -1.71601936e-01  5.22212051e-02  2.62980670e-01 -4.79166329e-01
 -4.00644653e-02  3.01657975e-01 -3.86766881e-01 -6.75783679e-02
 -5.16773582e-01 -2.28013545e-01 -7.07644105e-01 -6.66559935e-01
  3.55829746e-01 -4.61296439e-01  8.44811022e-01  4.26307291e-01
  3.71732712e-01 -2.13081673e-01  2.13679045e-01 -4.39565063e-01
 -1.37918234e-01 -4.23471957e-01 -3.56907025e-02 -3.57493088e-02
  6.43920619e-03  5.18430889e-01  1.77977279e-01 -7.04118609e-01
 -8.20468128e-01 -7.47683346e-01  2.89045600e-03 -4.27005917e-01
 -4.48817581e-01 -1.26862684e-02 -1.40586987e-01  2.08228439e-01
 -3.22150171e-01  7.39568472e-01 -5.39633691e-01  2.31612802e-01
 -4.95352089e-01  5.77102244e-01 -4.02023971e-01  8.10956806e-02
  1.58399388e-01  5.33142269e-01 -6.83377147e-01  3.98928970e-02
 -4.10019249e-01  6.16541564e-01  6.22053146e-01 -3.40668768e-01
 -7.22548187e-01  5.85577302e-02 -3.17920953e-01 -2.81351935e-02
  5.41764259e-01  1.81391180e-01 -2.23405108e-01  5.44012249e-01
 -5.67818657e-02 -2.07478311e-02  1.07779898e-01 -1.51588678e-01
 -2.79320955e-01 -6.69250906e-01  4.15550694e-02 -7.70800859e-02
  4.21720058e-01 -2.45931208e-01  1.56357229e-01  6.29200578e-01
 -5.00476956e-01  3.27726454e-01  6.85827672e-01  1.78009003e-01
 -1.34466732e+00 -3.47803831e-02  9.70336378e-01  4.02741618e-02
 -1.42233791e-02  3.64326715e-01  2.37702653e-01  6.11222684e-01
 -3.20216656e-01 -2.53927797e-01  8.57806206e-01  2.86966592e-01
 -3.53852838e-01 -4.95684296e-02  4.07599509e-01 -2.34691605e-01
  1.20644316e-01 -1.43227458e-01 -2.50022382e-01  4.77750540e-01
 -2.25214824e-01 -4.60919030e-02  1.73849121e-01 -6.79776549e-01
 -4.63077009e-01  4.71773237e-01  1.56606995e-02 -4.88553382e-02
 -7.31864274e-01 -3.65110099e-01  3.01570654e-01  1.10267889e+00
  6.13544583e-01  5.63904941e-01 -2.99272597e-01 -5.78055501e-01
  5.96465230e-01  1.50615771e-04  4.02940094e-01 -2.75426984e-01
 -5.33567369e-01 -1.48361996e-01  4.49246019e-01 -6.20859936e-02
 -2.08370313e-01  1.51020363e-01  2.35329941e-01  2.07149833e-01
 -2.61694074e-01  2.41553992e-01  7.68660784e-01  5.04842214e-02
  2.83390254e-01  3.92474920e-01  8.20503294e-01  2.19335154e-01
  1.43007234e-01 -1.70031965e-01 -1.07781634e-01 -4.64503653e-02
  7.00113893e-01  3.85007143e-01  3.88053469e-02  2.07332835e-01
  1.03102028e-01 -8.78358856e-02 -3.71767849e-01 -1.38467491e-01
 -4.57870327e-02 -6.77795529e-01 -6.86381996e-01 -1.38799250e-01
 -1.20216766e-02 -7.04550207e-01  4.73073274e-01  3.41971546e-01
  4.30788040e-01 -5.31537712e-01 -1.25059620e-01  5.03993094e-01
 -1.76398262e-01 -3.41738552e-01 -1.69385582e-01  3.54361773e-01
 -5.93971789e-01 -2.22967491e-01 -2.57781804e-01 -3.57987642e-01
 -3.16711187e-01 -9.47636142e-02 -8.81610334e-01  2.20693976e-01
  1.56133309e-01  5.56351900e-01 -2.49521770e-02  1.05067261e-01
  2.07316682e-01 -1.10191561e-01 -4.43511643e-02 -8.73317719e-02
 -1.36641830e-01  2.70251371e-02  4.36297655e-01  4.53897506e-01
  4.01118547e-01  4.22963232e-01 -1.97619330e-02 -3.55470181e-01
 -2.13236973e-01  2.44985700e-01 -4.82125819e-01 -5.26201785e-01
  7.47960925e-01 -1.56482920e-01  4.60313037e-02 -2.65412003e-01
 -5.34625314e-02  8.03116500e-01 -2.67045736e-01 -1.75648287e-01
 -5.17050028e-02  6.71064258e-02  9.57477838e-02  4.14703816e-01
  3.73381436e-01  9.59229290e-01 -1.59511548e-02  8.13415796e-02
 -6.27298504e-02 -2.35581264e-01  4.48313117e-01 -4.81231034e-01
  2.09117308e-01 -8.79557282e-02  2.81148791e-01  9.07665372e-01
  3.41973573e-01  2.44738191e-01  1.39856592e-01 -1.14559658e-01
 -2.82923520e-01  1.40285790e-01  8.49328220e-01  6.95818588e-02
 -3.92946899e-01 -1.77651234e-02 -4.74189192e-01  1.98056206e-01
 -6.19919263e-02 -5.01796342e-02  4.37217653e-02 -5.34453213e-01
  4.95691419e-01 -4.10655379e-01 -4.85100865e-01 -7.39810586e-01
 -7.04944968e-01  2.71274447e-01 -1.83758855e-01  5.18123545e-02
  4.88727152e-01  4.54407066e-01 -5.84678769e-01  3.87683719e-01
  3.21872056e-01  3.57393831e-01  3.55383009e-01 -3.79998296e-01
 -3.47448796e-01  4.07785267e-01 -8.78432542e-02 -2.30085835e-01
  8.11518729e-02 -7.79503956e-02 -3.45691741e-01 -3.99745852e-01
  9.90882963e-02  8.93566385e-03 -4.58664000e-02 -9.93360579e-02
  1.96768552e-01  2.82615889e-02 -4.26361799e-01 -2.70883530e-01
 -3.11137944e-01  1.78970415e-02 -1.39445350e-01 -5.24506509e-01
 -2.02143371e-01 -1.23284593e-01  5.05717874e-01  4.11226004e-01
  4.57899332e-01 -2.59011388e-01  2.66994417e-01  3.35939407e-01
  5.42337060e-01 -3.52597147e-01 -9.29851979e-02 -2.86421806e-01
 -5.18491387e-01  2.44461909e-01  5.57728350e-01 -3.99972685e-02
 -6.80266693e-02 -5.23167908e-01 -6.83489978e-01 -7.34597668e-02
 -1.04289405e-01 -9.44649816e-01  3.00450414e-01  3.42819601e-01
  5.22377014e-01 -5.12178838e-01  1.71480253e-01 -1.72848389e-01
  4.42137241e-01  1.61882833e-01  2.45924875e-01  2.21804485e-01
 -6.90505624e-01 -1.06625184e-01 -9.04255658e-02 -5.26045501e-01
  7.96223164e-01  4.66599345e-01 -4.81679857e-01  3.22850019e-01
  7.02495575e-01  1.76348478e-01 -4.62830335e-01  1.37234271e-01
 -4.23074573e-01 -2.60591537e-01  1.08638801e-01  4.98605758e-01
  1.53192118e-01  1.12182207e-01 -2.57297605e-01  3.10910214e-02
  6.21003330e-01  5.43195248e-01  2.99308687e-01 -1.11577511e-02
 -9.05102044e-02 -2.91862011e-01 -3.59261155e-01  4.76599544e-01
  3.13599229e-01  9.27524805e-01 -6.94848120e-01  8.27094734e-01
  4.17987198e-01 -3.51679027e-01  5.47586322e-01  8.27581048e-01
 -1.29535213e-01  3.58832538e-01 -3.82195741e-01  6.48860633e-02
 -9.12461519e-01  4.41856310e-02 -2.21253231e-01 -1.43553661e-02
 -1.20179899e-01 -6.09278530e-02  4.01586480e-03 -4.19904470e-01
  2.20407352e-01  2.30938774e-02  4.10899669e-02 -1.94762070e-02
  3.95751148e-01 -4.75532591e-01  7.65454233e-01  3.58244687e-01
 -3.60044986e-01 -1.57360524e-01  1.47609949e-01  8.77888873e-02
  7.88861632e-01 -2.47701049e-01  4.31561410e-01  9.22671258e-02
 -8.84726584e-01  1.00226708e-01  8.95279422e-02 -9.47557390e-02
  6.43715441e-01 -3.26216608e-01 -3.80982012e-01  3.47205490e-01
  9.38326716e-01  2.87590206e-01 -3.56857061e-01 -5.20918727e-01
 -5.70540652e-02 -4.02328372e-01 -3.85965049e-01  2.92511992e-02
  1.27606243e-01  4.22553509e-01 -1.21369891e-01 -4.19671200e-02
  1.57646224e-01  4.03877705e-01  1.31064340e-01  1.15740314e-01
  4.20765020e-02  9.24983174e-02 -2.73703396e-01  1.22083016e-01
  3.15802097e-01 -4.91713166e-01 -1.74496084e-01  7.19657719e-01
 -1.16461284e-01  2.35321566e-01  5.78406751e-02  2.04155892e-01
  1.03044659e-01  1.11952238e-01 -1.83408707e-01 -6.72207594e-01
 -3.49768341e-01  4.40805137e-01 -8.75808716e-01 -1.17407180e-01
  1.08051732e-01  3.65384132e-01  1.02070287e-01 -6.08843146e-03
 -5.85435987e-01 -2.72290111e-01 -1.77197620e-01  3.64187717e-01
 -4.98526663e-01 -6.59672797e-01  6.45488799e-01 -8.88883695e-02
 -4.59713668e-01 -1.22878194e+00  5.89016974e-01  7.76873603e-02
  5.91555059e-01  1.35122418e-01  1.53823718e-01  1.05919868e-01
  2.23764598e-01  3.77426692e-03 -2.17317641e-01  5.81588626e-01
 -1.02896585e+01 -3.00397485e-01 -3.24251980e-01 -7.45515168e-01
 -3.65222842e-01  2.69418508e-01  6.05192363e-01  1.78144068e-01
 -4.92345065e-01  1.49109691e-01 -3.99667203e-01  5.90169504e-02
  1.55871555e-01  1.00437291e-01 -3.68130863e-01  3.06801140e-01
 -3.21902841e-01 -2.93937206e-01 -3.14736694e-01  4.05683368e-02
 -4.04672593e-01 -3.30422372e-01  7.07302928e-01  1.13579541e-01
 -4.77767587e-02 -3.10592890e-01 -5.43449596e-02  9.66573209e-02
 -3.45795631e-01  2.95453578e-01 -3.79869014e-01  5.76226175e-01
 -1.73605904e-01 -1.12764962e-01 -4.58371878e-01 -1.88887537e-01
  4.78667468e-02 -4.94932413e-01 -1.94460616e-01  5.71884453e-01
  4.42748487e-01  6.00157559e-01  3.81390261e-03 -1.24246635e-01
  2.43384108e-01 -1.41740346e-03  1.91264541e-03  4.63049300e-02
  6.04634345e-01 -2.78821349e-01  4.44624096e-01 -2.66278207e-01
  2.37011582e-01 -1.86130553e-01  2.63404369e-01  2.88528621e-01
  7.91618526e-01 -1.00486386e+00 -1.51113421e-01  2.24622712e-01
  1.17757380e-01  1.10612117e-01  1.01274061e+00  8.12015459e-02
 -8.26491714e-02  3.21199447e-01  3.93637121e-01  1.78999379e-01
 -4.70517844e-01 -6.87119901e-01  3.97443473e-01  4.09759700e-01
  1.83875710e-01  1.60238653e-01 -3.04278731e-01  4.77321118e-01
 -5.04228137e-02  3.17943126e-01  1.72936738e-01  1.84958018e-02
  6.55283153e-01 -3.92788082e-01 -2.61824816e-01  1.86970681e-01
 -8.68328035e-01  1.72864348e-01 -1.37730643e-01 -2.82920212e-01
  3.12147856e-01 -7.29880512e-01  3.38896424e-01  1.42414495e-01
 -1.12944044e-01  3.94561291e-01  4.24635291e-01 -2.91074336e-01
 -1.67425960e-01  4.52450275e-01  3.38353097e-01 -4.10437047e-01]"
ン,"[ 3.17613687e-03 -6.07978404e-02  8.68006200e-02 -6.61807656e-01
  1.11189066e-02  3.26512426e-01  1.91664413e-01 -4.04566735e-01
 -4.29208189e-01 -4.08304513e-01  5.46361029e-01  2.07058281e-01
 -3.82692397e-01  6.25517517e-02  7.95114398e-01 -4.42884237e-01
  3.12596262e-01  3.43851298e-01 -5.23972958e-02  5.17843142e-02
  9.78624746e-02 -5.57179034e-01 -2.74719983e-01  4.72691730e-02
 -4.59600277e-02 -3.68633270e-01  2.24446252e-01 -8.23124871e-02
  9.83265489e-02 -2.37664342e-01  1.59143001e-01 -4.42582101e-01
 -8.01399499e-02 -2.66500235e-01 -3.09830289e-02  1.08848056e-02
 -6.90804943e-02  2.67906427e-01  2.06370443e-01  1.93275303e-01
  1.47970796e-01  7.63707468e-03  1.94862664e-01 -1.71204269e-01
 -5.28566688e-02  1.62715256e-01 -8.94470736e-02  1.00410804e-01
  5.91101348e-01 -2.88962901e-01  1.37422949e-01  5.50191760e-01
  4.75078493e-01  1.71626002e-01 -6.01437613e-02  3.18500221e-01
  8.22449863e-01 -5.57417631e-01 -1.14977181e-01  1.27614051e-01
 -5.70630729e-01  2.01447353e-01 -3.59570861e-01  2.33215570e-01
 -2.31568545e-01  1.06435306e-01  3.59065235e-02 -1.41760200e-01
 -3.78113747e-01 -3.54009688e-01 -2.74864323e-02  4.02396023e-01
 -6.04655266e-01 -3.35921586e-01  5.04861295e-01 -1.39341205e-01
  3.97652686e-01 -1.79454118e-01  2.27434691e-02  1.81479022e-01
 -1.18774094e-01  2.26871729e-01 -9.03581604e-02 -6.76216125e-01
  5.69993667e-02  2.46051811e-02 -2.30012953e-01 -5.12059629e-01
  1.24878541e-01 -4.49353546e-01 -1.13327712e-01 -2.07393631e-01
  3.07430148e-01  1.45306038e-02 -1.84143722e-01  1.83727786e-01
 -6.20439947e-02 -2.28585601e-01 -8.33185613e-02 -1.28377341e-02
 -4.64905530e-01  2.86150634e-01  1.15068398e-01  1.07643448e-01
  5.51507473e-02  1.07568718e-01 -1.80956811e-01  3.81249785e-01
 -1.39119878e-01  4.46294099e-01  2.86272138e-01 -2.63554543e-01
 -2.67962813e-01  5.20831123e-02 -1.24907292e-01  2.64774775e-03
  2.67717317e-02  2.46902078e-01  3.02001107e-02  3.71081442e-01
 -1.09858617e-01  4.69937414e-01  5.87188080e-03 -6.16717003e-02
 -2.28099138e-01 -1.40672177e-01  7.04468787e-02 -3.09187949e-01
 -7.20217265e-03 -3.81282210e-01  1.61726072e-01 -4.14503291e-02
 -5.85693121e-01  2.54744262e-01 -1.13806263e-01  4.81149107e-01
  1.30574569e-01  7.83994868e-02 -3.91741931e-01 -5.68801582e-01
 -3.19120549e-02 -2.43827060e-01  3.64306957e-01  9.48860645e-02
 -1.71864644e-01  2.71617740e-01  3.19801271e-01  1.31136999e-01
  7.37638891e-01  5.04436970e-01 -2.00155348e-01  7.39304841e-01
 -4.96624589e-01 -5.09211002e-03  2.59334475e-01 -1.62421137e-01
 -4.99266744e-01  4.15181309e-01 -1.08698241e-01  6.08009756e-01
  1.55262813e-01 -3.18141460e-01  2.96795756e-01  8.42025757e-01
  1.29516676e-01  7.17563033e-01  3.21345001e-01  4.22184765e-01
  6.05125904e-01  5.96647143e-01 -1.65656701e-01  5.46399534e-01
  3.13374668e-01 -3.28739911e-01  2.96329826e-01  5.74971503e-03
  3.74555811e-02  5.07695258e-01  1.68163180e-01 -9.26605403e-01
 -1.95722863e-01  1.94184914e-01  5.22578396e-02 -4.19142753e-01
  7.75595307e-01  6.69464469e-03  5.30292153e-01  2.60510147e-01
 -6.96816519e-02 -1.84170589e-01 -3.72766554e-02 -9.85671952e-03
  2.62230158e-01 -4.05326307e-01 -5.70496500e-01 -1.91451058e-01
  9.44606438e-02  5.08277006e-02 -4.83355403e-01  4.18068171e-01
  3.13399851e-01 -3.69711295e-02 -2.73024946e-01 -8.95397723e-01
 -8.14264417e-01 -2.51998007e-01 -1.53145298e-01  2.97361761e-01
  1.47576453e-02  9.84799936e-02 -2.79979825e-01 -3.44386131e-01
  3.40916514e-01  6.03276640e-02  2.96489507e-01 -5.70669658e-02
 -9.99072969e-01  2.38197539e-02  4.89080735e-02 -3.46764252e-02
  1.86461926e-01  1.58124045e-02  2.86242902e-01 -5.11531234e-01
 -2.33803719e-01  1.35309905e-01  1.60846829e-01 -2.10655406e-01
  1.54798746e-01  5.37417233e-01 -6.63324967e-02 -1.90049887e-01
 -8.29337060e-01  2.21803054e-01 -4.50445712e-02  4.05446231e-01
 -6.59997702e-01  6.99217796e-01  1.81041267e-02 -2.42955773e-03
  5.48265994e-01  3.27879101e-01  1.13901928e-01  2.34907120e-01
 -3.64142329e-01  3.44855964e-01  1.52600616e-01 -4.32588935e-01
 -6.53170884e-01 -5.37963450e-01 -9.27617610e-01 -3.59889865e-01
 -8.56102630e-02  1.10338099e-01  4.77373540e-01  9.74730402e-02
  2.28224918e-01 -4.77896720e-01  1.22330181e-01 -3.65375876e-01
 -3.75363022e-01 -4.72373843e-01 -2.52517253e-01  3.11940946e-02
 -1.93095580e-01 -2.20293105e-01  8.52293335e-03 -5.55094838e-01
 -7.38495648e-01  1.60837919e-01  7.88786188e-02 -3.68390322e-01
 -4.11453336e-01  6.41935840e-02 -1.21346146e-01 -3.29597801e-01
 -1.12583721e-02  2.54391462e-01 -3.79724205e-01 -2.08807196e-02
 -6.49289191e-01  6.13862753e-01 -6.30755723e-01 -3.39933723e-01
 -1.04494296e-01  1.66841224e-02 -1.44660562e-01 -4.67879236e-01
 -1.89699382e-01  7.63560593e-01  2.99068868e-01 -1.38578862e-01
 -3.64135116e-01 -4.97943729e-01 -5.78303158e-01  4.36944693e-01
  4.17651296e-01  1.07447378e-01  8.78961757e-02  4.02312696e-01
  5.33405006e-01  1.97818547e-01  2.84468293e-01 -1.84748411e-01
 -2.36684322e-01 -2.72533864e-01 -1.30634427e-01  6.27033412e-02
  4.48220760e-01 -3.05838406e-01 -1.22567318e-01  9.93842244e-01
 -4.59341526e-01 -3.65406692e-01  7.31888354e-01 -6.70155808e-02
 -1.39971960e+00  2.08987743e-01  4.64135826e-01  3.39649886e-01
 -4.81524795e-01  7.12354779e-01  1.87801823e-01  5.76931000e-01
 -2.34410152e-01 -4.89848614e-01  5.67231834e-01 -1.24762781e-01
 -4.13682163e-01  4.25400406e-01  1.54349640e-01 -5.03200829e-01
 -8.71274900e-03 -4.59089309e-01 -2.12643519e-01  4.48241919e-01
 -1.86276466e-01 -2.74078120e-02  1.12516331e-02 -4.01343137e-01
 -2.44004950e-01  3.09017986e-01 -1.48792658e-02 -5.37410796e-01
 -5.53410411e-01 -2.89433151e-01  3.39350790e-01  1.05810380e+00
  1.44974336e-01  6.22008622e-01 -4.68728423e-01  4.52818841e-01
  3.88497591e-01  1.07368588e-01  5.57179749e-01  2.76418477e-01
 -2.42470354e-01 -2.15807959e-01  5.62711298e-01  4.15305495e-01
  1.06074534e-01 -4.43860218e-02  1.33653417e-01  6.35653511e-02
  1.82625905e-01 -1.05584092e-01  6.50277615e-01 -1.41808420e-01
  3.53652328e-01  5.14618933e-01  2.33099461e-01 -9.00570750e-02
  7.81622529e-02 -4.57689911e-01  1.09429002e-01 -8.40636492e-01
  5.04574835e-01 -2.83449870e-02 -2.18085330e-02 -5.20893447e-02
 -1.03149295e-01 -4.37160015e-01 -1.79494787e-02 -1.39989480e-01
  2.67539263e-01 -5.08157313e-01 -5.33895075e-01  1.07774056e-01
 -6.89213574e-02 -2.83149242e-01  1.71120137e-01  3.12902868e-01
  4.28791821e-01 -5.32688439e-01 -4.09486890e-01  7.73353815e-01
  1.62159633e-02 -7.25411298e-03  5.61429620e-01  1.17548563e-01
 -7.60221034e-02 -2.11329386e-01 -4.42888379e-01 -2.04645008e-01
 -7.78024912e-01 -3.56423646e-01 -4.52841729e-01  2.16080964e-01
  2.36276343e-01  3.22584599e-01 -1.11663848e-01 -4.70034219e-02
  7.03728721e-02  1.37324661e-01 -6.32245988e-02 -6.52181864e-01
  2.31035039e-01 -1.59226939e-01  5.89680910e-01  8.06764603e-01
  1.58732638e-01 -2.73249149e-01 -1.71576813e-01  2.11646900e-01
  2.31354371e-01  1.23028457e-01 -6.48590446e-01  1.93797164e-02
  5.92741907e-01 -9.51088667e-02 -2.24315897e-01  1.12371504e-01
  3.11464936e-01  4.61230457e-01 -2.76660681e-01 -3.82485032e-01
 -3.53952907e-02  3.31824541e-01 -5.21954633e-02  3.87284011e-01
  9.41041410e-02  1.02863395e+00  2.51859516e-01 -7.52753988e-02
  2.33967155e-01 -3.08179170e-01 -7.24743828e-02 -2.20114797e-01
  2.93157399e-01  1.90492213e-01  9.27618966e-02  5.09248078e-01
  1.10045530e-01 -3.63772511e-01 -2.76042730e-01 -8.28023702e-02
  3.29618990e-01  1.68551907e-01  9.73466262e-02  2.86636442e-01
 -5.14961481e-01 -3.74912634e-03 -3.45947295e-01 -4.57727015e-01
 -1.33094743e-01  1.08476266e-01  6.00565195e-01  1.60536230e-01
  5.43937564e-01 -5.33170700e-01 -3.25734526e-01 -3.71145517e-01
 -4.54083532e-01 -1.34091273e-01 -2.62034595e-01  2.08984196e-01
  1.86641410e-01  1.43626943e-01 -4.56720203e-01 -3.66131932e-01
 -8.83623958e-02  3.65077525e-01  2.15740874e-02 -1.00308716e+00
 -4.10585403e-01  6.31158948e-01 -1.84855133e-01 -3.69897455e-01
  1.03659995e-01  2.36632690e-01  1.72609523e-01 -2.16003954e-01
 -2.13409830e-02 -1.68961227e-01  3.04128975e-01 -1.61232110e-02
  4.92134273e-01 -9.64426622e-02 -2.04459786e-01 -3.32964689e-01
  5.66480383e-02 -2.57824510e-01 -3.34034473e-01 -5.72498620e-01
 -3.06880534e-01 -4.57549095e-02  1.79456457e-01  1.16783254e-01
  4.51031655e-01 -2.44654551e-01  4.98524696e-01  3.15715522e-02
  1.46785304e-01 -9.06953961e-02  2.86881000e-01 -2.87588745e-01
 -1.96511522e-01 -1.93210766e-01  5.32663286e-01  2.68179744e-01
  3.17699850e-01 -2.00333640e-01 -5.33043921e-01 -1.28149822e-01
 -2.39200979e-01 -5.19485593e-01  5.82714915e-01  9.00339633e-02
  5.45618236e-01 -1.83607638e-01  2.24078834e-01 -1.90752864e-01
 -1.51288521e-03 -3.93022567e-01 -1.05430625e-01 -1.07825808e-01
 -8.34050000e-01 -1.86623216e-01 -3.21225554e-01 -4.42048252e-01
  5.20093322e-01  2.66908616e-01 -6.01378739e-01 -3.17012846e-01
  1.42521292e-01 -3.42735127e-02 -4.50731009e-01 -8.93237889e-02
 -5.12572050e-01  1.82778418e-01  4.87899512e-01  4.28265184e-01
  4.14472908e-01 -2.68916726e-01 -6.81961894e-01  1.48743704e-01
  7.06680298e-01  1.27625644e-01  2.58611500e-01  1.33899599e-01
 -6.30201921e-02  6.87753735e-03 -3.61166924e-01  5.99597991e-01
  3.28471392e-01  6.11234367e-01 -1.59367308e-01  5.79657137e-01
  5.70499778e-01 -2.03969046e-01  2.70966887e-01  9.04450119e-01
  3.97225410e-01  6.36755407e-01 -5.77708259e-02  3.68234590e-02
 -5.47057211e-01  2.95317620e-01 -2.78408259e-01  2.50532746e-01
  2.95597583e-01 -3.87314558e-01 -1.06711723e-02 -4.47060823e-01
  5.82158118e-02  3.54063928e-01 -2.57291913e-01  6.40492439e-02
 -1.53027967e-01 -5.27771890e-01  3.81747633e-01 -1.58414677e-01
 -7.10591152e-02  1.84038460e-01 -3.50280739e-02  4.53729361e-01
  5.28607190e-01  2.89910972e-01 -4.13019881e-02  2.18813434e-01
 -6.56645000e-01  8.71488005e-02 -4.67824578e-01  2.55652428e-01
  8.07451427e-01  1.06632136e-01 -7.05801308e-01  1.14724427e-01
  7.12393165e-01 -3.56042296e-01  6.12720251e-02 -1.09155071e+00
 -1.83731511e-01 -1.11092418e-01  1.16029590e-01  1.15147159e-01
 -1.75462157e-01  4.96920139e-01 -3.07970017e-01 -1.20885350e-01
 -2.61702031e-01  7.54705608e-01  6.75808936e-02 -2.03601196e-01
 -8.34806710e-02  5.29114045e-02 -5.20556681e-02  2.55377173e-01
  5.19331433e-02 -4.06432241e-01  1.17533110e-01 -4.00002636e-02
 -2.94865906e-01 -2.02174541e-02  4.06660765e-01  1.87807217e-01
  2.56806910e-02  2.26845756e-01 -4.00772244e-02 -8.69129181e-01
 -2.08236724e-01  3.32490236e-01 -9.42822278e-01 -7.35208243e-02
 -1.42976373e-01 -1.13643274e-01  3.54890704e-01 -1.47615075e-01
 -3.49446923e-01  1.57335289e-02 -2.95113206e-01 -5.24454191e-02
 -1.21971622e-01 -5.85670590e-01 -6.85122907e-02  2.01101497e-01
 -9.97806042e-02 -1.07491338e+00  1.43380091e-01  1.80716157e-01
  3.34964663e-01  5.05462624e-02  5.15951395e-01  2.37292767e-01
  3.97394374e-02  4.21320677e-01 -2.29931965e-01  1.79247186e-01
 -1.03820820e+01 -4.44893003e-01 -3.65293264e-01 -1.83305487e-01
 -3.69284958e-01  4.92114902e-01  6.92190528e-01  3.03514808e-01
 -2.52415985e-01  4.12858665e-01 -3.01866412e-01  2.48289540e-01
  1.43474624e-01  9.37308729e-01 -4.28608716e-01 -1.82765752e-01
  3.00782621e-01  8.21121186e-02  6.40494302e-02  3.10793161e-01
 -2.13016227e-01 -4.07034278e-01  6.02096558e-01  7.59041309e-02
 -6.83071688e-02 -3.66577953e-01 -2.48921990e-01  2.34104961e-01
 -1.81457207e-01  1.10360451e-01 -6.09164238e-01  5.34744024e-01
  1.00308433e-01  3.63924474e-01 -7.44879067e-01 -2.30176792e-01
 -8.91357064e-02  2.33388156e-01  3.84759128e-01  5.59588253e-01
 -8.36476907e-02  6.77435100e-01  2.64930218e-01 -4.22809809e-01
  8.53337288e-01 -2.34485701e-01  3.33837777e-01  5.19216418e-01
  2.75016248e-01  1.35407135e-01 -1.36321679e-01 -6.43802226e-01
  4.21624165e-03 -4.34754133e-01 -1.33099556e-01 -1.42282978e-01
  3.30442816e-01 -6.97705925e-01  3.30822952e-02 -1.12732790e-01
  4.78639036e-01 -2.73013711e-01  6.63694620e-01 -5.87224513e-02
 -3.25073451e-01 -1.60571501e-01  6.56867251e-02  6.94627881e-01
 -5.97562611e-01 -2.92080969e-01  5.59029043e-01 -2.73032725e-01
  2.16637284e-01  4.05589044e-01 -4.60919708e-01  2.65621245e-01
 -1.92683697e-01 -1.77279994e-01  1.11961389e+00  7.46123493e-02
  4.50416654e-01 -4.80197296e-02 -4.25727963e-01  1.74755409e-01
 -1.07366514e+00  4.93901521e-01 -1.73196644e-01  1.24258988e-01
  3.95558953e-01 -4.19577271e-01  5.82466722e-01  1.52464572e-03
 -3.31682295e-01  1.18207902e-01  4.81196791e-01  6.66705295e-02
  4.59523231e-01  7.95234889e-02  9.23289955e-01  1.36794508e-01]"
ガ,"[ 4.87102926e-01  3.11243832e-01  6.41896725e-01 -2.55658299e-01
 -2.65800506e-01  4.89918888e-01  4.23613012e-01 -1.52509168e-01
 -7.58007944e-01  5.26193194e-02  8.78986001e-01  1.58182885e-02
 -6.48951292e-01  4.87012928e-03  1.28733128e-01 -9.17625278e-02
  1.06653929e-01 -2.34214693e-01 -2.32696757e-02 -1.29869543e-02
 -5.89991927e-01 -2.12751880e-01 -2.25817293e-01  6.77580535e-01
  2.99185868e-02 -1.01807162e-01 -2.57883817e-01  5.04817069e-01
  1.95891991e-01  5.71742505e-02  1.50267839e-01 -3.04121487e-02
 -1.19789757e-01 -1.16197348e-01 -4.10967320e-01  2.94807196e-01
 -5.72437160e-02  5.08057140e-02  3.51844072e-01  1.74906567e-01
 -3.35266627e-02 -2.32654914e-01 -5.39196789e-01 -1.53322414e-01
 -1.20861731e-01  2.53205359e-01 -3.15593332e-01  1.97897702e-01
  4.16663513e-02  3.15873295e-01 -4.19974297e-01  2.47631639e-01
  5.25173724e-01  2.76362062e-01  8.60089436e-02 -1.84508413e-01
  8.09439600e-01 -7.50835657e-01 -7.39435246e-03  6.53295815e-01
 -1.12950766e+00  2.26271987e-01 -2.96407342e-01 -4.52189259e-02
 -8.16813260e-02 -1.67574599e-01 -9.04666558e-02 -1.34454355e-01
  6.22959554e-01 -6.75826013e-01  1.66561082e-01 -3.04991782e-01
 -4.26511496e-01 -4.62691098e-01  1.61378220e-01 -4.63635921e-01
  2.19851434e-02  5.47964334e-01  9.30253208e-01  3.34874988e-01
 -5.61325312e-01  3.77667874e-01 -6.95181713e-02 -7.27690876e-01
 -4.35756534e-01 -4.83368058e-03 -9.61649895e-01 -6.33571684e-01
  6.30200267e-01 -2.44495586e-01 -3.73210102e-01 -7.22561300e-01
  2.58134335e-01  1.18708104e-01  7.05392420e-01 -2.53477916e-02
 -2.43883505e-01  2.70567611e-02 -3.36368196e-02  2.74582863e-01
 -7.68600881e-01  3.54108483e-01  7.19083607e-01 -7.18512163e-02
 -2.06512079e-01 -1.81876216e-03 -1.87226936e-01  3.97638738e-01
  4.30907458e-01  5.46827078e-01  2.21992701e-01 -8.01890850e-01
 -9.75964725e-01 -4.73407269e-01  2.08316132e-01 -3.77684906e-02
 -1.18580699e-01  2.88550228e-01 -1.79840237e-01  6.87829077e-01
  1.89707786e-01  6.30121589e-01 -2.09169060e-01 -7.22944438e-01
 -3.67359072e-01  4.42403853e-01  3.75250220e-01 -1.67699128e-01
 -4.45971876e-01 -4.43130046e-01 -7.77075946e-01 -6.73386604e-02
 -3.17144930e-01 -4.29443687e-01 -5.21790266e-01  8.09447527e-01
 -2.51292497e-01  1.07509039e-01 -4.02591705e-01 -4.01843041e-01
 -4.66763973e-01  2.77931184e-01  4.54577282e-02 -6.54930830e-01
 -4.47751172e-02  1.82618666e-02 -1.46186337e-01 -3.53450954e-01
  3.65551651e-01  4.58576322e-01  3.83030809e-02  1.15077615e+00
 -7.05161870e-01  5.01098812e-01  1.11437701e-01 -1.24031894e-01
 -6.37571394e-01 -1.16458729e-01  1.03160486e-01  2.92469934e-03
  2.76314765e-01  4.90697436e-02  3.06794971e-01  1.14732182e+00
  2.20069811e-01  1.14685535e-01 -5.42340055e-02  9.31418501e-03
  2.35789567e-01  7.93124497e-01  9.28854406e-01  2.65765101e-01
  7.83144653e-01 -5.17836809e-01  1.42908663e-01  3.79758269e-01
  5.70825636e-01  1.89598482e-02 -2.14401141e-01 -2.80106753e-01
 -5.26373684e-02 -3.25409532e-01  2.34065682e-01 -5.05458832e-01
  6.04711890e-01  2.00704515e-01  4.48527634e-01 -1.53408259e-01
 -1.05654262e-01 -2.11676490e-02  4.89759520e-02 -5.36264181e-01
  2.35504940e-01 -5.77372491e-01 -3.04202884e-01 -2.59778798e-01
  4.16109085e-01  4.37170476e-01 -1.98232874e-01  2.00957581e-01
  1.16632193e-01 -2.99597561e-01 -1.53533630e-02 -8.52346659e-01
 -2.52352655e-01 -2.51293719e-01  6.04821183e-02  4.70658660e-01
  1.50551990e-01  8.46910700e-02 -1.78496465e-01 -3.23285073e-01
 -2.10635960e-02 -1.85596377e-01  6.92743003e-01 -6.86029613e-01
 -7.52128541e-01 -6.00426733e-01 -1.78169087e-01  1.76661879e-01
  5.30058563e-01 -2.94614315e-01  4.18475419e-02 -3.43066841e-01
  3.03220630e-01  3.98076743e-01  5.03547430e-01 -1.45327166e-01
 -6.16286635e-01  1.14175066e-01 -4.64864165e-01 -6.51364386e-01
 -5.74836969e-01  1.39019296e-01 -6.86530650e-01 -7.18855500e-01
 -1.62003525e-02  2.56190926e-01 -1.57868505e-01 -2.49113645e-02
  5.58117688e-01 -4.45236683e-01  5.37131071e-01 -4.22934502e-01
 -5.33883691e-01  3.80867422e-01 -4.37793344e-01 -7.93895796e-02
  1.63957864e-01 -1.22851722e-01 -7.34448314e-01 -1.51064739e-01
  2.86140591e-02 -3.42519619e-02  9.11681950e-01  6.52216673e-01
  9.04354215e-01 -3.60261589e-01  2.94997424e-01 -7.33624399e-01
 -2.37593725e-01 -5.25563180e-01 -2.72787124e-01 -6.93399534e-02
  1.87732786e-01 -1.90736473e-01 -4.59045589e-01 -1.07583833e+00
 -1.03320360e+00 -4.22039717e-01  3.44428681e-02 -9.79672968e-02
 -1.53228685e-01 -2.95765638e-01  1.62366420e-01  5.44586360e-01
 -5.72979867e-01  6.52360082e-01 -3.40823948e-01  9.85157251e-01
 -4.81229156e-01  4.01148051e-01 -7.45911956e-01 -2.72951245e-01
 -2.08285823e-02  5.04634142e-01 -7.04863131e-01 -5.09969354e-01
 -4.51653063e-01  5.08494616e-01  7.07686424e-01 -7.81175137e-01
  1.91884879e-02  7.66404271e-02 -6.47989988e-01  3.43551278e-01
  2.79196143e-01 -1.82792485e-01  1.73138395e-01 -2.43612807e-02
  4.02659476e-01 -4.16874498e-01  4.06860799e-01 -7.95387328e-02
  4.87347171e-02 -3.54602754e-01  3.98236811e-02  3.16585839e-01
  3.39974403e-01 -3.07458758e-01  6.74966514e-01  4.79050040e-01
 -4.88953501e-01 -7.36426562e-02  6.04643524e-01  4.84294802e-01
 -1.68717945e+00  1.72572300e-01  4.86988902e-01  7.63374567e-02
 -4.58339840e-01  3.84485513e-01  5.82558215e-01  5.67464590e-01
  1.39527276e-01 -8.92349124e-01  1.38178408e+00  1.11770689e-01
 -5.03181100e-01  1.96331054e-01  2.76365191e-01 -1.24078147e-01
  2.28829496e-02 -6.27416313e-01  6.66640177e-02  5.14796913e-01
 -1.71295613e-01 -6.22882098e-02  1.01601094e-01 -3.97314727e-01
 -3.47880386e-02  6.59143984e-01 -7.94553995e-01 -3.30902576e-01
 -6.23083949e-01 -1.47895947e-01  3.65183175e-01  1.67670977e+00
  1.52352259e-01  5.25753498e-01 -7.20292032e-01 -2.38409936e-01
 -4.74726677e-01 -8.77086222e-02  5.77413626e-02 -4.95049238e-01
  3.59099135e-02 -4.44957197e-01  2.49648958e-01  2.66159117e-01
  1.78566054e-01 -1.27892867e-01  2.91438788e-01  2.75978565e-01
 -9.63191763e-02 -2.77525536e-03  6.35804117e-01 -7.95160532e-02
  3.34968567e-01  1.78161725e-01  7.12979853e-01  8.59439433e-01
  1.29124030e-01 -1.74191177e-01  2.29232401e-01 -9.37118471e-01
  4.22426820e-01  5.19556165e-01 -3.88682097e-01  4.20554668e-01
  8.07774588e-02 -4.75782640e-02 -4.32050042e-02 -5.15965760e-01
  4.31924939e-01 -5.30254841e-01 -6.94619775e-01 -2.55624413e-01
  3.96445721e-01 -2.18339581e-02  7.94128895e-01  6.02789223e-01
  5.55866838e-01 -5.52847505e-01 -4.49416786e-01  4.72039253e-01
 -2.78069116e-02  6.45434022e-01 -3.10274422e-01  4.74136442e-01
 -1.93098858e-01 -8.16230103e-02 -3.30630004e-01 -1.10169291e+00
 -1.13280618e+00 -3.52735966e-01 -8.43716204e-01  8.83318409e-02
  1.66179333e-02  5.26093543e-01 -3.56828183e-01  3.08924347e-01
  4.33942318e-01  8.85413289e-02 -1.92443833e-01 -8.67350101e-01
  1.52217718e-02  9.92809236e-02  1.53158471e-01  1.44698232e-01
  3.81255835e-01  4.37904656e-01 -2.32859179e-01 -5.45465410e-01
  3.18789572e-01  2.32400820e-01 -2.12542072e-01 -7.39846110e-01
  2.90166646e-01 -1.75499260e-01 -2.76845038e-01 -7.00312927e-02
  2.61328429e-01  1.22521937e+00 -9.07525071e-04 -6.64439201e-01
 -6.06603697e-02  2.54310548e-01 -1.09296091e-01  1.08313107e+00
  5.47250509e-01  4.56077576e-01 -2.52092749e-01  7.64947459e-02
 -2.58932501e-01 -1.01815470e-01  4.55579013e-02 -1.34167776e-01
  6.16688550e-01  1.23469651e-01  3.93703103e-01  1.07308948e+00
 -7.08035752e-02  4.18296814e-01  1.89480096e-01  5.41648686e-01
 -5.78362405e-01  4.31199521e-01 -6.22014344e-01 -3.88963670e-01
 -4.04560477e-01  2.73272306e-01 -6.44837677e-01 -4.88343865e-01
  7.48318881e-02 -5.59296608e-02  3.65558594e-01  9.47508067e-02
  3.34743351e-01 -4.86705512e-01 -7.51668096e-01 -6.94775105e-01
 -8.65111053e-01 -1.33149996e-01 -7.60113299e-01 -7.70404860e-02
  1.18197012e+00  1.87574059e-01 -6.37452304e-01 -2.22108066e-01
 -2.06482261e-01  4.50286150e-01  2.12032590e-02 -2.14349162e-02
 -4.26329583e-01  4.19664890e-01 -5.26169300e-01 -6.16239272e-02
  2.19854400e-01  2.90658865e-02 -4.52168137e-01 -7.93602288e-01
 -7.37201929e-01  2.36092298e-03  2.14386970e-01 -5.86620867e-01
  4.46115047e-01  2.37375095e-01 -4.82349604e-01  2.23666042e-01
  1.76527977e-01 -4.17226076e-01 -1.36192858e-01 -5.13982534e-01
 -1.69208318e-01 -2.42283970e-01  8.09249952e-02  4.38421555e-02
  5.07420957e-01 -4.11537796e-01 -2.90060192e-01  9.95623589e-01
  8.85742232e-02  6.95859119e-02  5.98578572e-01  3.09065189e-02
 -5.30822277e-01 -3.20099927e-02  5.52023709e-01  5.25248706e-01
  5.48582077e-01  1.85407206e-01 -7.00361907e-01 -5.91181457e-01
 -8.54389668e-02 -7.71633446e-01  6.79493964e-01  1.72312722e-01
  8.22359025e-01 -8.29587638e-01  2.44997725e-01 -6.35278821e-02
  4.55855787e-01 -1.47618756e-01  5.59244454e-01  3.89434427e-01
 -1.01204860e+00 -7.71505952e-01 -3.53402346e-01 -4.53035712e-01
  5.87937951e-01  5.10177433e-01 -6.03639901e-01  1.73932269e-01
  7.94981360e-01  3.54230553e-01 -6.28021598e-01 -4.55308780e-02
 -4.54213530e-01  7.79537261e-02  8.99411857e-01  2.59792469e-02
  3.64872545e-01  6.61783457e-01 -8.72354567e-01  4.20550346e-01
  6.46677837e-02  7.14213789e-01  1.11260369e-01 -1.35064004e-02
 -3.33639950e-01  1.85249746e-01 -9.36810434e-01 -4.13559973e-01
  2.35341579e-01  1.02262273e-02 -4.04132396e-01  5.86309910e-01
  6.87199056e-01 -4.46733892e-01 -1.71096385e-01  1.19632244e+00
  6.93441391e-01  1.17275608e+00  6.93421215e-02  2.63220608e-01
 -6.31223857e-01  5.04677773e-01  9.99296308e-02  1.13816246e-01
 -4.36114192e-01 -4.96457182e-02 -3.17858234e-02 -5.10294259e-01
  2.84287542e-01  3.04703057e-01 -4.71303798e-03  1.99713781e-01
 -2.32942969e-01 -4.44165878e-02  1.13874626e+00  1.27944246e-01
  9.08200592e-02 -1.36128470e-01 -8.36950764e-02  7.81595886e-01
  3.87852669e-01  1.13653108e-01  2.87332624e-01  1.16083063e-02
 -5.78344226e-01  1.75072759e-01 -3.80622298e-01  4.01899815e-01
  5.45887649e-01 -6.93964660e-01 -8.11438859e-01  5.98314643e-01
  5.78667760e-01  2.32014835e-01 -1.50028467e-02 -6.39318228e-01
 -1.01939127e-01 -5.47196604e-02  2.05331877e-01 -8.08889270e-02
  2.01290622e-01  2.76928246e-01 -1.14401348e-01 -4.04419929e-01
  2.06725106e-01  3.96473378e-01 -7.10416734e-02 -6.28069341e-01
 -1.21564813e-01 -1.57631814e-01  3.05762708e-01  1.28870085e-01
  3.10597092e-01  4.82357899e-03 -2.38377333e-01  4.69483793e-01
 -1.85609758e-01 -3.79555434e-01 -2.56590217e-01  8.33581448e-01
  2.38814473e-01 -5.74004231e-03  2.24772781e-01 -4.34586316e-01
 -4.82878760e-02  1.45668969e-01 -7.98618555e-01 -8.86615664e-02
  3.91872108e-01 -3.64762038e-01 -2.86167711e-01  3.89739692e-01
 -6.75868332e-01  2.99784631e-01  1.21098742e-01  5.83182991e-01
 -6.07244790e-01 -4.77152824e-01  4.59966838e-01 -1.51549010e-02
 -2.35751390e-01 -1.48351049e+00  5.75333118e-01  1.72610536e-01
  3.98239195e-01  7.32976347e-02  3.29162300e-01  2.27515206e-01
 -2.97334611e-01  3.33437324e-01 -3.54394078e-01  2.68682569e-01
 -9.62337112e+00 -3.36690634e-01 -2.50004083e-01 -3.44363868e-01
 -3.09751272e-01 -1.92816377e-01  1.17885637e+00  7.91099310e-01
 -3.51741403e-01  1.09298572e-01 -5.06483197e-01 -5.39910555e-01
  4.72893506e-01 -1.59490675e-01  3.44220502e-03  3.76025468e-01
 -8.66629839e-01 -5.09394169e-01 -5.06559193e-01  2.62557805e-01
 -1.96012110e-01 -7.77080804e-02  8.86441767e-01  8.80405903e-02
  2.78712120e-02  2.87945390e-01  4.37858135e-01  1.46378219e-01
 -6.59997091e-02  7.54593849e-01 -5.52720547e-01  4.25995737e-01
 -7.24203587e-02  5.26358068e-01 -3.62492770e-01  1.43278226e-01
  1.11451164e-01 -3.98030970e-03 -9.82244492e-01  7.61471212e-01
  4.78391171e-01  6.14347816e-01  1.77219689e-01  3.31757545e-01
 -1.94949806e-01 -4.19891298e-01 -9.06330422e-02  2.13685602e-01
  2.22917244e-01 -7.46719539e-02  7.28704548e-03 -5.78665972e-01
  4.51801211e-01 -3.77995819e-01  4.56797719e-01 -2.50311732e-01
  6.14805400e-01 -4.80902761e-01  6.73477471e-01 -1.68807562e-02
 -3.96499373e-02  4.69478190e-01  6.35107517e-01  2.96951056e-01
 -8.25255752e-01  5.72971702e-01 -2.36644641e-01 -1.97643682e-01
 -6.04832292e-01 -4.43856090e-01  9.19528723e-01 -1.17217293e-02
  3.22073817e-01  5.44641279e-02  4.76709872e-01  3.85126144e-01
 -5.30833416e-02  2.26926416e-01  4.39385384e-01  1.78381726e-01
  8.09423387e-01 -4.46282804e-01 -6.75133988e-02  1.70631260e-01
 -7.23487198e-01  1.87262089e-03  5.20968497e-01 -2.99509287e-01
  1.36904612e-01 -6.00550413e-01  1.13538408e+00  5.05654335e-01
 -8.69104207e-01 -4.20394316e-02  3.11608732e-01 -8.70124400e-02
 -4.16175537e-02  2.89624840e-01  3.13185215e-01 -1.62926763e-01]"
イ,"[ 2.50548184e-01  4.48937267e-01  1.49297416e-01 -5.58641434e-01
 -1.36049360e-03  9.18458104e-02  3.72122318e-01 -2.34025866e-02
  8.32772255e-02 -4.97295290e-01  9.22433853e-01  7.10767582e-02
 -3.67893755e-01 -5.82557209e-02  4.59260195e-01  4.77102995e-02
  3.02615255e-01 -9.85034108e-02 -3.38973910e-01 -3.08446378e-01
 -4.29474026e-01 -4.62878853e-01  3.21236649e-03  1.25402525e-01
  4.18089509e-01 -4.00412738e-01 -9.11752507e-02  2.27680996e-01
 -1.43591851e-01 -1.56664610e-01 -3.75716507e-01 -3.74419689e-01
 -1.87974006e-01 -2.18470380e-01 -2.78684914e-01  8.27848911e-01
  1.41053796e-01 -2.76184261e-01  4.95626181e-02 -3.05525046e-02
 -2.75077790e-01 -1.03702962e-01  1.34631038e-01 -2.77510285e-01
 -3.40850383e-01  5.33725679e-01  8.50845575e-02  2.99998224e-01
  3.01730722e-01 -2.98516285e-02 -4.11128640e-01  4.12371367e-01
  2.30536029e-01 -5.54429591e-02 -2.61237088e-04 -1.30602717e-01
 -1.06849350e-01 -1.77051768e-01  1.52675107e-01 -1.06077278e-02
 -8.04195479e-02 -2.17927918e-01  1.38151884e-01 -6.45262748e-02
 -4.89816844e-01 -2.55414426e-01  1.58404615e-02  8.91135074e-03
 -1.77109227e-01 -5.93673766e-01 -3.99504185e-01  2.75213420e-01
  1.36441067e-01 -4.09847617e-01  4.42099303e-01 -3.25954139e-01
  3.14410836e-01 -1.61171347e-01 -1.37885913e-01 -1.05943531e-01
 -2.27227271e-01  4.18201625e-01 -1.32867172e-01 -6.18982315e-01
  1.17178842e-01  5.95237687e-03  1.06585197e-01 -4.83482927e-01
  3.78091365e-01 -5.38670719e-01 -3.54409844e-01  2.72403359e-01
  5.72565138e-01  3.44812155e-01 -2.85803229e-01  7.02245161e-02
  1.58337325e-01 -2.32174933e-01 -2.50325263e-01 -1.26444459e-01
  5.01085997e-01 -3.91440392e-01  1.21531844e-01 -1.62783220e-01
 -1.63571373e-01  1.28945395e-01 -4.89772826e-01  5.72921038e-01
 -3.15574333e-02 -1.19167745e-01 -2.01856926e-01 -2.57736564e-01
 -3.56377959e-01  4.04012829e-01 -2.66229004e-01 -1.14951387e-01
 -1.68238834e-01  3.99795383e-01 -2.98424929e-01  1.94822043e-01
  2.34678298e-01  2.92861432e-01  6.76141456e-02  1.55305445e-01
 -9.61431861e-02  5.45691550e-01 -2.27928966e-01 -5.58218956e-02
  6.11917041e-02 -2.34988824e-01  2.70687819e-01  7.24034384e-02
 -3.39391261e-01 -1.39200687e-01 -5.78420401e-01  2.52620310e-01
 -1.55659407e-01  5.99726513e-02 -8.23525488e-02 -5.83877563e-01
  4.79102395e-02 -2.66819984e-01  2.30884418e-01  1.89756200e-01
  4.72326167e-02  3.04461829e-02  4.09246147e-01 -2.07717076e-01
  4.46753055e-01  1.35313988e-01 -5.19040711e-02  7.83359170e-01
 -3.72239619e-01 -2.98980087e-01 -2.79809713e-01  4.24865223e-02
 -3.43452454e-01  4.00078408e-02  6.53272718e-02  4.72722799e-01
  2.74603307e-01 -6.96615577e-01  7.82220960e-02  4.43041563e-01
  2.62496650e-01  7.81520724e-01  1.20959178e-01 -9.58712175e-02
 -2.41772830e-02  5.50421357e-01  2.61897832e-01  4.25607026e-01
  1.25510529e-01 -5.66315174e-01  2.34457389e-01  5.65372288e-01
  1.36234045e-01  1.51190206e-01  2.92226672e-01 -4.61350918e-01
  1.08596943e-01 -4.49336797e-01 -2.26929694e-01 -4.77954000e-01
  5.77559650e-01 -1.59313872e-01 -1.40749946e-01  4.92161028e-02
  4.04408202e-02  6.45688677e-04 -5.78388631e-01  3.01188584e-02
  5.47215581e-01 -4.30748194e-01 -4.94826287e-02 -1.22020781e-01
 -5.79941235e-02 -3.47213954e-01 -1.85375482e-01  5.23390710e-01
 -8.71587992e-02  2.89862871e-01 -2.70354658e-01 -2.00902432e-01
 -1.12464201e+00 -2.22978801e-01  2.93578357e-01  4.99000549e-01
  2.64169604e-01  1.19105786e-01 -4.83888686e-01  2.27860138e-01
  4.43124741e-01  4.85236853e-01  2.13789027e-02  5.02767190e-02
 -2.78068930e-01  1.79585114e-01  3.59902501e-01 -5.64133942e-01
  4.23757136e-02 -1.10955477e-01  7.74233863e-02  3.42142850e-01
 -2.29771048e-01 -1.03759691e-01 -2.96202395e-02  6.09361641e-02
 -1.47232220e-01  7.78218448e-01  2.73346543e-01 -9.64207575e-02
 -5.74971795e-01 -4.45089012e-01 -9.19788301e-01  2.41214693e-01
 -1.61082417e-01  2.24556953e-01  3.09266180e-01  2.97025204e-01
  2.58245766e-01 -2.68003106e-01 -1.42835811e-01 -2.70083547e-01
 -2.40813389e-01  3.36348623e-01  1.93774030e-01 -1.58180520e-01
 -5.90977848e-01  3.31599921e-01 -5.10832071e-01 -2.68380016e-01
  6.35851324e-01 -1.43599451e-01  5.74423790e-01  1.40938282e-01
  4.89772707e-01 -8.53540748e-02 -1.87461779e-01 -9.55950767e-02
  4.36156765e-02 -4.13839400e-01 -1.06972173e-01 -2.34485179e-01
  1.09996134e-02  1.04650222e-01  5.84264323e-02 -6.36326253e-01
 -7.37071559e-02 -3.16342860e-01  1.02464452e-01 -5.68891943e-01
 -7.04476461e-02  2.30291873e-01 -3.56901407e-01  2.50668466e-01
 -1.04109794e-01  3.35607588e-01 -2.99138874e-01 -8.98166895e-02
 -1.03467691e+00  4.62022066e-01 -7.32673287e-01  3.54275584e-01
  1.19880915e-01 -1.02041975e-01 -6.54364452e-02 -1.25603393e-01
 -1.99910551e-01  5.11823535e-01  1.64882660e-01 -2.88099885e-01
 -5.12577772e-01 -3.31790335e-02 -1.48431510e-01  8.92459005e-02
  1.57078892e-01 -2.20352858e-01  7.79311778e-03  1.18221991e-01
  5.48335910e-01  1.16938703e-01  1.51461095e-01 -1.68676421e-01
 -3.16606641e-01 -8.21139872e-01 -1.74249917e-01  1.65940970e-01
  6.09729469e-01 -3.89872491e-01 -1.51548386e-01  1.06592011e+00
 -1.71224177e-01 -2.75369376e-01  2.07378134e-01  4.92522776e-01
 -1.40063012e+00  1.89765319e-01  5.88225245e-01  8.27125367e-03
  5.32373041e-02  3.26102495e-01  3.05587888e-01  3.56416821e-01
 -5.22400737e-01 -3.92370522e-02  3.14461082e-01  3.73597950e-01
 -3.61708365e-03 -3.67071837e-01  3.96332085e-01 -7.00402111e-02
  7.45707527e-02 -6.12056315e-01 -3.19102615e-01  4.11913991e-01
 -8.74440968e-02  8.74632224e-02 -1.70665272e-02 -3.10056239e-01
  6.94663972e-02 -2.88684756e-01  2.69203126e-01 -3.25777143e-01
 -2.06082761e-01 -2.72670299e-01  2.63510078e-01  4.49198842e-01
  6.61635160e-01  5.16491294e-01  3.55158955e-01  2.68697768e-01
  4.47348505e-01  3.80298793e-01  4.60312426e-01  3.10991406e-01
 -1.06315635e-01  1.95352584e-02  5.47567546e-01  3.21961701e-01
  2.60394633e-01 -2.76618730e-02 -2.40978584e-01  6.40438259e-01
 -3.42877991e-02  4.84192222e-01  4.39171344e-01  6.22052073e-01
  3.92522663e-01  2.46110246e-01  4.16232944e-01 -1.99239522e-01
 -1.42119557e-01 -3.44763428e-01  2.17241168e-01 -2.86960572e-01
 -1.59542978e-01 -1.53736860e-01  2.50040978e-01 -1.45809427e-01
 -5.12594461e-01  1.40727222e-01 -4.43835914e-01 -1.36881182e-02
  1.92942649e-01 -2.21435457e-01 -5.87340951e-01 -4.13562387e-01
 -4.07140642e-01 -5.99370241e-01  4.87648457e-01  2.24278212e-01
  1.67591110e-01 -5.40347576e-01  1.19901717e-01  1.17969602e-01
  1.69764191e-01 -1.75971016e-01  1.14829168e-02 -1.52550280e-01
  2.82090437e-02 -1.22996107e-01  9.48477630e-03 -6.52793765e-01
 -4.27664936e-01 -5.18693566e-01 -8.45184565e-01 -1.18298441e-01
  1.16165116e-01  3.92276138e-01 -3.25253829e-02  1.95514411e-01
  1.77094415e-01  2.15909585e-01 -2.99488634e-01 -1.85980365e-01
 -8.11992049e-01 -1.56768765e-02  2.14666843e-01  2.32266650e-01
  2.32969046e-01  1.96242005e-01  1.09963231e-01 -4.82075438e-02
 -2.86134541e-01 -1.21539105e-02 -2.40013272e-01 -2.71101832e-01
  9.78989422e-01 -2.60523081e-01  4.55204725e-01 -1.96337432e-01
  1.22119568e-01  3.16756964e-01 -1.55484170e-01 -1.12817459e-01
 -9.07303840e-02  4.70662534e-01 -1.36885494e-01 -1.00792803e-01
  5.52294701e-02  4.65402246e-01 -3.23762983e-01  1.65308639e-01
 -6.53367415e-02  1.07103758e-01  2.05337912e-01 -7.62300417e-02
 -1.51009575e-01 -2.40501344e-01  1.47733510e-01  2.34147370e-01
  2.86229432e-01  2.51718760e-01  2.90646464e-01  6.03635311e-01
  4.65304367e-02  2.98180014e-01  2.58697182e-01  7.23807216e-01
 -2.89932221e-01 -2.15029269e-01 -4.93934572e-01 -8.92949179e-02
 -4.69449073e-01 -1.57416940e-01  5.62630594e-01 -2.20334351e-01
  2.11852729e-01 -1.33978590e-01 -6.52937293e-01 -6.51318654e-02
  5.19523630e-03  6.90673441e-02  7.03841001e-02  3.64892095e-01
  4.39906210e-01 -1.26997204e-02 -6.32700920e-01  5.94457984e-01
 -3.08315009e-01  5.14515579e-01  3.45945537e-01 -5.75061738e-01
 -2.74261087e-01 -7.64722601e-02  7.89083093e-02  5.09687886e-02
  2.43710428e-01  5.64227998e-01 -3.49140644e-01 -1.05415034e+00
 -1.87589705e-01  2.53937304e-01 -1.90228805e-01 -4.17483807e-01
  2.18119115e-01  1.22731857e-01 -9.40392911e-01 -6.61184728e-01
 -3.90708268e-01 -2.36801296e-01 -7.50048086e-02 -9.41760957e-01
  2.10737124e-01  9.18762311e-02 -6.85869977e-02  4.35755491e-01
  6.55624503e-03  5.23173697e-02  2.63327897e-01  4.12435800e-01
  3.27125221e-01 -5.27841270e-01 -8.82996395e-02  1.80286646e-01
 -1.07608419e-02  7.57314712e-02  4.33559537e-01  2.23505148e-03
  1.34608984e-01 -3.60789821e-02 -6.57026768e-01 -1.32698357e-01
 -3.95163506e-01 -8.62202346e-01  3.90648544e-01 -4.85257804e-02
  2.44066179e-01 -4.38990742e-01  3.58604819e-01 -2.36322448e-01
  4.19668891e-02  1.43683150e-01  1.25273690e-02  7.06452206e-02
 -6.10257745e-01  3.14744920e-01 -4.90727723e-01 -4.11903232e-01
  8.03740144e-01  6.32723987e-01 -2.77031273e-01  2.62137149e-02
  3.44409823e-01  4.50162590e-02 -3.13975930e-01  4.23781313e-02
 -2.82185283e-02 -5.54161631e-02 -1.43077955e-01  2.06894383e-01
  3.07502449e-01  2.10439786e-02 -2.29835853e-01 -2.39742830e-01
  5.74667513e-01  4.28124398e-01  2.77385592e-01 -1.01543844e-01
 -8.49071965e-02 -2.14944541e-01 -3.83535475e-01  1.77746221e-01
  1.37170434e-01  6.50477767e-01 -1.97822720e-01  9.01136279e-01
 -1.24171965e-01 -3.45695406e-01  2.91801929e-01  6.94676459e-01
 -1.00216694e-01  2.65137017e-01  1.18587442e-01  1.11891091e-01
 -8.89651358e-01  1.92576736e-01 -2.56352037e-01  2.20070198e-01
  1.24248847e-01  4.35625374e-01  4.67876673e-01 -6.21459007e-01
 -2.60323167e-01 -1.67298496e-01  1.88351333e-01  6.08341210e-02
  5.43614805e-01 -2.58542933e-02  9.34903026e-02  2.46212676e-01
 -1.92727745e-01 -2.98794582e-02  1.24369562e-01  7.80878812e-02
  8.33908319e-01  2.22439915e-01  8.71190205e-02 -2.11816251e-01
 -8.10535669e-01  3.45863700e-01 -6.89836740e-02  1.86973158e-02
  4.62515622e-01 -2.82231331e-01  1.24969304e-01  3.07149708e-01
  6.09694600e-01  1.46806642e-01 -2.99306214e-01 -7.93890119e-01
  1.00233920e-01 -2.04421189e-02 -9.92076397e-02  2.56079793e-01
 -4.15349118e-02  3.64851028e-01  2.03915536e-01 -1.63459256e-01
  3.52919996e-02  5.44714212e-01 -1.73364803e-01  3.65872378e-03
  3.04246575e-01  1.87192932e-01 -4.30703133e-01  9.28122667e-04
 -2.07629338e-01 -4.05075431e-01 -4.26637322e-01 -2.03930631e-01
 -2.27074519e-01 -5.35288043e-02 -1.84056550e-01 -7.97881931e-02
  2.25498512e-01  1.30450606e-01 -1.00639246e-01 -3.92300665e-01
 -3.50677848e-01  5.15872836e-01 -7.76475906e-01 -1.35777131e-01
 -1.23755664e-01  7.65950009e-02 -1.07487820e-01 -1.10861044e-02
 -3.66661578e-01 -1.66465893e-01 -1.05065398e-01  1.48900092e-01
  3.98935229e-02 -4.16027158e-01  2.04854488e-01  2.29957908e-01
 -1.17511697e-01 -7.88458526e-01  1.99353009e-01 -9.32439640e-02
  6.56968772e-01 -1.90095633e-01  2.81826943e-01 -2.75059789e-01
  2.35864297e-01 -3.13181818e-01 -1.30200773e-01  3.28198932e-02
 -1.05836725e+01 -4.90938015e-02 -4.45158988e-01 -1.26329452e-01
 -4.17215824e-01  4.06702816e-01  6.91445172e-01  2.89368570e-01
 -4.18654144e-01  3.56551111e-02  3.73300225e-01  3.36038560e-01
  2.67772228e-01  3.57701659e-01 -6.44478917e-01 -2.05714375e-01
  1.31649956e-01 -8.91802087e-02 -1.39646545e-01 -2.16188714e-01
  2.65375733e-01 -1.75341463e-03  2.89542437e-01  6.34695351e-01
  7.94324726e-02 -5.25712609e-01 -4.68636990e-01  2.96326786e-01
  3.42756063e-02  2.95155644e-01 -3.47007871e-01  1.42052948e-01
  4.79567125e-02  3.19089413e-01 -3.11677724e-01 -2.71849841e-01
 -1.24731869e-01  3.27666491e-01  1.14261262e-01  1.91989005e-01
  2.59902000e-01  6.57625675e-01  2.85983682e-01  8.54373276e-02
  2.72264183e-01  4.46437061e-01  5.17217338e-01  2.94055164e-01
  6.83405817e-01 -4.87478226e-02  2.03231443e-02  3.26814830e-01
 -1.70927256e-01 -1.00325570e-01  3.27387571e-01  4.90538143e-02
  7.69046783e-01 -6.56353056e-01 -4.45701927e-01  7.36973062e-02
 -4.54915389e-02  7.13259354e-02  9.17894423e-01  5.18121719e-01
  3.08233760e-02 -7.76502043e-02  3.12881738e-01  4.84794885e-01
 -5.00979424e-01 -2.22961918e-01 -3.55613269e-02  2.15073958e-01
  1.17330384e-02 -7.69709051e-02 -5.12711585e-01  2.75899589e-01
 -4.08498105e-03 -2.58596897e-01  3.27946901e-01  2.06794024e-01
  1.48800939e-01  2.20320001e-01  1.59264449e-02  1.42602280e-01
 -5.16741991e-01  1.08714618e-01 -2.09900662e-01  1.72531307e-01
  8.48772973e-02 -4.64440048e-01 -7.00366572e-02 -2.24854469e-01
 -3.09130512e-02  7.70375192e-01  4.16402221e-01 -3.29809636e-02
 -9.87273157e-02  1.02551058e-01  5.01251996e-01  2.52322238e-02]"
ナ,"[-1.36217847e-01  3.79785836e-01 -7.92758390e-02 -5.09535491e-01
 -1.95318786e-03  2.65511032e-02  3.28162432e-01  1.86124414e-01
 -4.10467416e-01 -4.79793012e-01  5.64779341e-01 -1.58841357e-01
 -3.58249873e-01 -1.21736579e-01  8.01063955e-01 -2.62379080e-01
 -1.14656851e-01  5.74271560e-01  7.07754716e-02  2.66021073e-01
 -1.86416194e-01 -6.59682512e-01  3.99309322e-02  2.96137743e-02
  4.26596284e-01 -2.26286814e-01 -5.27459085e-02  2.43042350e-01
 -1.87669918e-01 -3.39602441e-01 -6.15385592e-01 -7.27221608e-01
 -2.41543472e-01 -5.58901489e-01 -3.99754226e-01  3.63775998e-01
  4.19665515e-01  1.36867613e-01 -1.26615241e-01 -3.62567186e-01
 -3.51681143e-01 -3.00753027e-01 -3.07276398e-01 -3.41567010e-01
  1.82689756e-01  7.73475230e-01 -1.72071517e-01  2.98296034e-01
  1.09790802e+00 -5.19320881e-03 -2.24340603e-01  3.36468339e-01
 -9.59923957e-03 -4.88534989e-03  1.07273594e-01 -1.52681500e-01
  6.55446112e-01  3.33327949e-02 -4.53105271e-02  3.10871243e-01
  6.76823854e-02 -1.04677454e-01  4.56239283e-01  2.24224582e-01
 -7.09120929e-01 -3.74676853e-01  4.51853909e-02 -6.66756928e-02
 -3.65355164e-01 -4.55440432e-01 -3.05466056e-01 -1.93880707e-01
  3.06158047e-02 -8.07640776e-02  1.83492303e-02 -4.41437542e-01
  1.64273813e-01 -4.63895202e-02  5.95329642e-01 -7.01336637e-02
 -3.65556823e-03  5.08116007e-01  5.08597158e-02 -1.96027994e-01
  2.67019659e-01  4.62842956e-02 -3.44363570e-01 -9.88484859e-01
  3.15028399e-01 -2.64876187e-01 -1.39831915e-01  5.50535142e-01
 -2.55879790e-01  1.75825730e-01 -5.80384552e-01 -1.28734753e-01
  1.76557988e-01 -1.89133123e-01  6.04552999e-02  2.59222746e-01
 -4.22254391e-02 -7.70054460e-02  7.04882324e-01 -5.76668568e-02
 -1.53928623e-01  3.42632353e-01 -3.43115151e-01  4.49620113e-02
  2.42110752e-02 -7.46607408e-02 -3.88004512e-01 -3.23105186e-01
  1.31809622e-01  5.69591165e-01 -6.86645955e-02  2.54773289e-01
  8.70746672e-02  2.53773272e-01  2.56878912e-01  2.00417340e-01
  4.36134845e-01  8.56271565e-01 -2.30346486e-01 -1.05310023e-01
 -5.41190982e-01  5.03071785e-01 -1.98655307e-01 -3.05972755e-01
 -1.14055686e-01 -5.99570692e-01  4.72426526e-02  2.75245816e-01
 -1.28947541e-01  2.38380015e-01 -5.20284116e-01  7.78640866e-01
 -1.01966277e-01  4.08485919e-01  4.54666317e-02 -4.16279823e-01
  3.09428930e-01  2.98197530e-02  2.51705293e-02  1.33771747e-01
 -3.04233849e-01  3.02716553e-01  1.36913702e-01 -2.07376768e-04
  3.76660138e-01  5.68434715e-01 -1.34753644e-01  7.10936606e-01
 -7.64993131e-01 -1.17561013e-01  1.90661415e-01  3.33658755e-01
 -7.87062764e-01  2.36750439e-01  4.83446121e-01  8.27533305e-01
  8.74495357e-02 -8.20303857e-01  5.06666861e-02 -5.36461994e-02
  3.01194191e-01  1.36812225e-01  1.21609658e-01 -3.14265013e-01
  4.17913049e-01  4.48738635e-01  3.17748487e-01  2.46622518e-01
  2.27483809e-02 -2.00229630e-01  6.43893063e-01  6.77333772e-01
  2.43685111e-01  2.57706285e-01 -1.15250852e-02 -1.76610917e-01
 -2.47992203e-01 -4.40509081e-01  7.68386200e-02 -1.65818632e-01
  9.74546149e-02 -3.75914931e-01 -1.54532149e-01 -3.64104837e-01
  1.88847661e-01 -1.59631923e-01  6.68581054e-02 -2.98287272e-01
  3.53886485e-01 -1.14993319e-01  2.72798166e-03 -5.53391516e-01
 -3.80839705e-02 -4.13825214e-01 -9.75275040e-02  2.52881944e-01
 -4.01181877e-01  5.58508001e-02 -1.11496776e-01 -1.42224833e-01
 -1.08030295e+00 -5.20593338e-02  3.11988711e-01  7.99841583e-01
  4.60781097e-01  4.70659047e-01 -1.18820198e-01 -2.65575480e-02
  6.86475158e-01  1.83247432e-01  2.20387485e-02  1.38242573e-01
 -6.60987377e-01  1.32219061e-01  2.95667499e-01  5.98401092e-02
 -5.83511233e-01  1.12225980e-01  2.05917597e-01  4.03799087e-01
  4.57566790e-02  6.79417625e-02  8.97147134e-02 -1.06335782e-01
  2.76489615e-01  2.20542759e-01 -9.18733925e-02  2.29321420e-02
 -7.94441044e-01 -1.39095321e-01 -1.19558227e+00  4.44883972e-01
 -1.01232916e-01  5.70947587e-01 -7.26514831e-02  8.01285803e-02
  3.90290692e-02 -2.42909957e-02 -7.13287592e-02 -1.06457040e-01
 -5.04622236e-02  5.21994591e-01 -2.17935219e-01 -2.63024211e-01
 -3.88072252e-01  6.34832829e-02 -9.22822654e-02 -6.15083814e-01
  2.72369564e-01 -2.32835665e-01  6.31019831e-01  4.55764443e-01
  4.66444761e-01 -6.27220929e-01 -3.09162855e-01 -3.47595394e-01
 -2.33423427e-01 -5.47605753e-01  1.95025384e-01 -3.92802775e-01
 -2.44636402e-01 -6.13931753e-03  3.07361662e-01 -7.44153321e-01
 -2.54494816e-01 -5.41086376e-01  2.85130084e-01 -7.32665181e-01
 -3.65930125e-02 -2.10548982e-01 -1.57022804e-01 -2.61361718e-01
 -2.50898272e-01  2.97212362e-01 -7.76135921e-01  1.28358558e-01
 -5.88600695e-01  4.96300757e-01 -7.17930615e-01  2.75920719e-01
  2.24471271e-01 -2.24002495e-01 -4.96995419e-01 -1.19362988e-01
  2.06217155e-01  1.59566939e-01  2.91711509e-01 -1.50227964e-01
 -1.06531978e-01 -2.88291186e-01 -2.69295812e-01 -1.27763137e-01
  1.79937214e-01 -2.57913977e-01  1.82493612e-01 -1.06588555e-02
  4.38590735e-01  5.49603939e-01  5.10780990e-01  8.62148404e-02
 -1.89244464e-01 -5.10406494e-01 -8.06207210e-02 -4.01949018e-01
  8.37279558e-01 -1.27503648e-01  6.81416690e-02  8.43417823e-01
 -3.43123525e-01  4.27420944e-01  4.92610663e-01  3.57669204e-01
 -1.83962739e+00  8.63521472e-02  1.83601186e-01 -1.78991839e-01
 -1.02437764e-01  4.95744765e-01  3.24417114e-01  3.79628479e-01
 -2.82256156e-01 -2.42777660e-01  1.53881446e-01  4.30253983e-01
 -2.43113890e-01 -5.06444931e-01  2.94239849e-01 -1.20952807e-01
 -1.11387268e-01 -5.77569306e-01 -2.61537135e-01  3.22505057e-01
  5.52402794e-01 -7.49784410e-02 -4.16341238e-02 -4.51178700e-01
  1.46364989e-02 -4.89417017e-02 -7.73097873e-02 -3.48984972e-02
 -5.18511772e-01 -2.18516905e-02 -5.50190685e-03  4.79943335e-01
  5.31697452e-01  6.18142724e-01  5.17191410e-01 -3.68477814e-02
  4.15738523e-01  4.09637064e-01  2.78648823e-01  2.58205205e-01
 -1.92478687e-01  3.38051021e-02  6.54076815e-01  4.56723630e-01
  1.25677779e-01  2.34822974e-01  2.94249147e-01  5.72276235e-01
  4.93437529e-01  2.86634922e-01  3.06924045e-01  1.74232289e-01
  4.80722755e-01  7.67842352e-01  4.61996824e-01 -1.49397627e-01
 -5.35545051e-01 -2.07195401e-01  4.61773090e-02 -7.19204664e-01
 -2.36712545e-02  1.69839919e-01  4.68096703e-01 -6.63670242e-01
 -3.45444322e-01 -2.95199662e-01  1.76241323e-02 -7.02230990e-01
 -3.58724922e-01 -6.69557035e-01 -6.39351606e-01 -1.93379059e-01
  1.65576994e-01 -4.11117226e-01  5.45201898e-02 -6.07914478e-02
  7.05879748e-01 -6.72730744e-01 -3.99949640e-01  1.13895223e-01
 -6.31103158e-01 -2.93652326e-01 -3.77531469e-01 -1.63616955e-01
 -3.91004562e-01 -1.25441849e-01  3.14322710e-01 -4.70428199e-01
 -7.83000410e-01 -2.88838267e-01 -6.09501421e-01 -3.22668433e-01
  3.07533801e-01  5.02631187e-01  3.61660123e-02  5.98707616e-01
  2.11616114e-01  3.22341442e-01 -3.80458027e-01  7.36585975e-01
 -8.92982781e-01  4.00662065e-01  2.41615936e-01  4.03680295e-01
  6.13344252e-01  5.35341918e-01  4.90175307e-01  8.57306346e-02
  1.54749513e-01 -3.47645255e-03 -1.79560825e-01 -6.78959489e-01
  6.71502113e-01 -4.02425438e-01  5.00388384e-01 -1.75969094e-01
 -2.62269527e-01  4.49397892e-01 -3.34530354e-01 -2.27431476e-01
 -1.88923135e-01  3.93853813e-01  3.31171937e-02  1.88998282e-01
  2.92169690e-01  9.07335699e-01 -1.43206015e-01 -1.83547169e-01
  9.28238034e-02  1.60436437e-01  4.88099992e-01  1.68469951e-01
  5.57058044e-02 -6.00753911e-02  2.54856884e-01  1.46979168e-01
 -1.44283250e-01  2.38408491e-01  2.79301614e-01  4.87950534e-01
  1.73891008e-01  2.02815458e-01  2.59649754e-01 -1.50730982e-01
 -4.01128232e-01 -4.44263101e-01 -7.44524181e-01 -3.40825647e-01
 -5.52254975e-01 -7.67023489e-02  9.34108198e-01 -2.39603773e-01
  2.25190129e-02 -4.28295434e-01 -4.49173182e-01 -3.42966765e-01
 -5.46806157e-01  1.06074482e-01  4.81443912e-01  2.84314156e-01
  9.18398738e-01  1.30967349e-01 -7.45666564e-01  1.76642686e-01
  2.21011579e-01  4.07253027e-01  6.63063765e-01  9.09066014e-03
  3.50896940e-02  1.83811858e-01  1.82680011e-01  4.70659614e-01
 -1.01974562e-01  6.26978725e-02 -9.40832615e-01 -6.52404249e-01
 -3.24350387e-01  3.67973775e-01  3.67124885e-01 -2.21401602e-01
  4.15161073e-01  9.94877517e-02 -4.92430925e-01 -7.80409276e-01
 -2.40423933e-01 -3.42800945e-01  1.29675731e-01 -9.90501523e-01
 -9.37732756e-02  1.18506961e-01 -1.67349026e-01  4.45392698e-01
  2.83873439e-01 -4.39427286e-01  2.52377331e-01  4.21399295e-01
  5.71334600e-01 -7.26973414e-01 -2.95927469e-02  2.91597378e-02
  4.24708948e-02  2.92873144e-01  2.04589441e-01 -1.02795161e-01
 -7.58736432e-02 -1.95115730e-01 -8.25254500e-01 -4.65269268e-01
 -5.27914286e-01 -1.17438126e+00  6.21102273e-01  1.46073565e-01
  1.34798642e-02 -4.54668194e-01  3.69665682e-01 -9.39018354e-02
  1.79259390e-01  3.46551925e-01  2.71567196e-01 -4.09156322e-01
 -9.87835944e-01  1.17123187e-01 -4.00100410e-01 -7.79720724e-01
 -6.15735836e-02  7.60794103e-01 -3.06203067e-01 -1.51217744e-01
  6.68269396e-02 -4.68070358e-02  5.00749517e-03 -3.84405628e-02
 -2.85034955e-01 -7.58327544e-02  7.27977306e-02  1.18851520e-01
  2.82191873e-01  1.08784445e-01 -5.96040972e-02  1.46751404e-01
  2.27181897e-01  8.85928571e-01  2.84479290e-01  1.18054681e-01
 -3.82209152e-01 -2.01807499e-01 -7.07857534e-02  6.98361918e-02
  2.02183425e-01  4.53183949e-01 -6.44808471e-01  1.25333160e-01
  6.75511301e-01 -6.16195202e-01  6.16117045e-02  4.95503813e-01
  6.56136870e-01  2.38089874e-01 -3.15300524e-01 -1.00683272e-02
 -6.44401968e-01  3.05437386e-01  4.04159427e-01  6.76220596e-01
 -1.20024569e-01  9.89443287e-02 -1.09465942e-01 -8.93416941e-01
 -6.44049406e-01  1.70678586e-01  2.32825950e-01  3.58750582e-01
  2.90902436e-01  6.03955314e-02  3.64982843e-01  2.88788140e-01
  3.25582206e-01  2.98508048e-01 -2.11853176e-01 -1.69587851e-01
  9.25581336e-01 -1.00967355e-01  4.19761032e-01 -5.97174942e-01
 -1.12329876e+00 -1.14141829e-01 -1.00131340e-01  2.89266169e-01
  6.18421614e-01 -2.26853136e-02 -2.46456966e-01  5.18426597e-01
  3.93800706e-01  2.33769998e-01 -3.89728211e-02 -7.22244859e-01
 -5.15709594e-02 -8.79537985e-02 -3.18342112e-02  2.17369661e-01
 -9.24059898e-02  3.81692141e-01  4.86069262e-01  4.05491590e-01
  5.01701906e-02  2.69278318e-01  7.19921067e-02 -2.63382852e-01
  3.92926067e-01  2.74747610e-01 -4.12314445e-01 -3.01242560e-01
  2.44315729e-01 -4.21547800e-01  7.09136343e-03  3.57484549e-01
 -2.73204625e-01 -5.03464162e-01 -1.94650888e-01 -3.36996615e-01
  3.47201884e-01  1.80828840e-01 -5.29132307e-01 -3.22091542e-02
 -6.23873733e-02  3.67710628e-02 -1.78253248e-01 -4.06050496e-02
 -3.81089188e-02 -8.67923498e-02 -1.65621966e-01  3.79243270e-02
 -6.91981614e-01  1.61953513e-02 -8.07290912e-01  1.26615137e-01
 -2.16477290e-01 -7.05652595e-01  4.07820255e-01  7.20290840e-02
 -4.22391802e-01 -1.19935584e+00  3.84969234e-01  1.55750945e-01
  5.93656301e-01 -2.86965460e-01  4.22575116e-01 -2.09008619e-01
  3.65491688e-01  2.06109527e-02 -5.05034685e-01  5.86398458e-03
 -1.02386160e+01  2.93695301e-01 -8.07565212e-01 -4.65996787e-02
 -2.19530776e-01  2.15877116e-01  4.06636357e-01  2.02618510e-01
 -1.14357591e-01  7.83499703e-02  4.85066801e-01  6.26463711e-01
  2.03689128e-01  3.30434442e-01 -5.96944213e-01 -2.57458121e-01
  1.55121490e-01 -5.21634400e-01 -4.14517932e-02 -6.80052564e-02
  3.14117461e-01 -5.96499518e-02  7.12457478e-01  4.58022505e-01
 -4.48841117e-02 -2.83873647e-01 -4.76288140e-01  6.18951201e-01
 -3.41623366e-01  3.32348108e-01 -5.62076449e-01  2.32299924e-01
  3.24432969e-01  5.09893335e-02 -3.02852899e-01 -2.84949720e-01
 -8.83074999e-02  1.36656255e-01  1.83941081e-01  1.22880384e-01
 -4.62945290e-02  4.57452267e-01  5.45233749e-02  6.43202439e-02
  2.69053727e-01  3.59110266e-01  4.33827117e-02  3.14644277e-01
  5.46511352e-01 -2.06803922e-02 -1.34080142e-01 -2.38514975e-01
  1.48372516e-01 -1.07856549e-01  3.60755771e-01 -3.13270502e-02
  7.97114253e-01 -2.66944528e-01 -3.02110076e-01  3.60109583e-02
  4.78554875e-01 -1.68002859e-01  6.27351522e-01  3.93252403e-01
  3.06651354e-01  3.53701234e-01  5.44516444e-01  3.99895757e-01
 -2.98449010e-01 -3.67829949e-01  2.15354741e-01  2.46415168e-01
 -1.14773951e-01 -3.16884935e-01 -3.18966627e-01  6.03009045e-01
  6.61231354e-02 -2.57588595e-01 -2.31780112e-02  9.41014364e-02
  2.65585244e-01 -5.33725787e-03 -4.46496755e-01  5.85658699e-02
 -9.59826112e-01 -6.34158403e-02 -3.14684808e-02  4.64487463e-01
  1.35348931e-01 -6.52033329e-01  4.94852304e-01 -1.96370915e-01
  1.20603964e-01  5.20343333e-02 -7.96077028e-02  9.75164324e-02
  2.76541382e-01  1.29650429e-01  6.51039779e-01  3.14553797e-01]"
イ,"[ 2.50548184e-01  4.48937267e-01  1.49297416e-01 -5.58641434e-01
 -1.36049360e-03  9.18458104e-02  3.72122318e-01 -2.34025866e-02
  8.32772255e-02 -4.97295290e-01  9.22433853e-01  7.10767582e-02
 -3.67893755e-01 -5.82557209e-02  4.59260195e-01  4.77102995e-02
  3.02615255e-01 -9.85034108e-02 -3.38973910e-01 -3.08446378e-01
 -4.29474026e-01 -4.62878853e-01  3.21236649e-03  1.25402525e-01
  4.18089509e-01 -4.00412738e-01 -9.11752507e-02  2.27680996e-01
 -1.43591851e-01 -1.56664610e-01 -3.75716507e-01 -3.74419689e-01
 -1.87974006e-01 -2.18470380e-01 -2.78684914e-01  8.27848911e-01
  1.41053796e-01 -2.76184261e-01  4.95626181e-02 -3.05525046e-02
 -2.75077790e-01 -1.03702962e-01  1.34631038e-01 -2.77510285e-01
 -3.40850383e-01  5.33725679e-01  8.50845575e-02  2.99998224e-01
  3.01730722e-01 -2.98516285e-02 -4.11128640e-01  4.12371367e-01
  2.30536029e-01 -5.54429591e-02 -2.61237088e-04 -1.30602717e-01
 -1.06849350e-01 -1.77051768e-01  1.52675107e-01 -1.06077278e-02
 -8.04195479e-02 -2.17927918e-01  1.38151884e-01 -6.45262748e-02
 -4.89816844e-01 -2.55414426e-01  1.58404615e-02  8.91135074e-03
 -1.77109227e-01 -5.93673766e-01 -3.99504185e-01  2.75213420e-01
  1.36441067e-01 -4.09847617e-01  4.42099303e-01 -3.25954139e-01
  3.14410836e-01 -1.61171347e-01 -1.37885913e-01 -1.05943531e-01
 -2.27227271e-01  4.18201625e-01 -1.32867172e-01 -6.18982315e-01
  1.17178842e-01  5.95237687e-03  1.06585197e-01 -4.83482927e-01
  3.78091365e-01 -5.38670719e-01 -3.54409844e-01  2.72403359e-01
  5.72565138e-01  3.44812155e-01 -2.85803229e-01  7.02245161e-02
  1.58337325e-01 -2.32174933e-01 -2.50325263e-01 -1.26444459e-01
  5.01085997e-01 -3.91440392e-01  1.21531844e-01 -1.62783220e-01
 -1.63571373e-01  1.28945395e-01 -4.89772826e-01  5.72921038e-01
 -3.15574333e-02 -1.19167745e-01 -2.01856926e-01 -2.57736564e-01
 -3.56377959e-01  4.04012829e-01 -2.66229004e-01 -1.14951387e-01
 -1.68238834e-01  3.99795383e-01 -2.98424929e-01  1.94822043e-01
  2.34678298e-01  2.92861432e-01  6.76141456e-02  1.55305445e-01
 -9.61431861e-02  5.45691550e-01 -2.27928966e-01 -5.58218956e-02
  6.11917041e-02 -2.34988824e-01  2.70687819e-01  7.24034384e-02
 -3.39391261e-01 -1.39200687e-01 -5.78420401e-01  2.52620310e-01
 -1.55659407e-01  5.99726513e-02 -8.23525488e-02 -5.83877563e-01
  4.79102395e-02 -2.66819984e-01  2.30884418e-01  1.89756200e-01
  4.72326167e-02  3.04461829e-02  4.09246147e-01 -2.07717076e-01
  4.46753055e-01  1.35313988e-01 -5.19040711e-02  7.83359170e-01
 -3.72239619e-01 -2.98980087e-01 -2.79809713e-01  4.24865223e-02
 -3.43452454e-01  4.00078408e-02  6.53272718e-02  4.72722799e-01
  2.74603307e-01 -6.96615577e-01  7.82220960e-02  4.43041563e-01
  2.62496650e-01  7.81520724e-01  1.20959178e-01 -9.58712175e-02
 -2.41772830e-02  5.50421357e-01  2.61897832e-01  4.25607026e-01
  1.25510529e-01 -5.66315174e-01  2.34457389e-01  5.65372288e-01
  1.36234045e-01  1.51190206e-01  2.92226672e-01 -4.61350918e-01
  1.08596943e-01 -4.49336797e-01 -2.26929694e-01 -4.77954000e-01
  5.77559650e-01 -1.59313872e-01 -1.40749946e-01  4.92161028e-02
  4.04408202e-02  6.45688677e-04 -5.78388631e-01  3.01188584e-02
  5.47215581e-01 -4.30748194e-01 -4.94826287e-02 -1.22020781e-01
 -5.79941235e-02 -3.47213954e-01 -1.85375482e-01  5.23390710e-01
 -8.71587992e-02  2.89862871e-01 -2.70354658e-01 -2.00902432e-01
 -1.12464201e+00 -2.22978801e-01  2.93578357e-01  4.99000549e-01
  2.64169604e-01  1.19105786e-01 -4.83888686e-01  2.27860138e-01
  4.43124741e-01  4.85236853e-01  2.13789027e-02  5.02767190e-02
 -2.78068930e-01  1.79585114e-01  3.59902501e-01 -5.64133942e-01
  4.23757136e-02 -1.10955477e-01  7.74233863e-02  3.42142850e-01
 -2.29771048e-01 -1.03759691e-01 -2.96202395e-02  6.09361641e-02
 -1.47232220e-01  7.78218448e-01  2.73346543e-01 -9.64207575e-02
 -5.74971795e-01 -4.45089012e-01 -9.19788301e-01  2.41214693e-01
 -1.61082417e-01  2.24556953e-01  3.09266180e-01  2.97025204e-01
  2.58245766e-01 -2.68003106e-01 -1.42835811e-01 -2.70083547e-01
 -2.40813389e-01  3.36348623e-01  1.93774030e-01 -1.58180520e-01
 -5.90977848e-01  3.31599921e-01 -5.10832071e-01 -2.68380016e-01
  6.35851324e-01 -1.43599451e-01  5.74423790e-01  1.40938282e-01
  4.89772707e-01 -8.53540748e-02 -1.87461779e-01 -9.55950767e-02
  4.36156765e-02 -4.13839400e-01 -1.06972173e-01 -2.34485179e-01
  1.09996134e-02  1.04650222e-01  5.84264323e-02 -6.36326253e-01
 -7.37071559e-02 -3.16342860e-01  1.02464452e-01 -5.68891943e-01
 -7.04476461e-02  2.30291873e-01 -3.56901407e-01  2.50668466e-01
 -1.04109794e-01  3.35607588e-01 -2.99138874e-01 -8.98166895e-02
 -1.03467691e+00  4.62022066e-01 -7.32673287e-01  3.54275584e-01
  1.19880915e-01 -1.02041975e-01 -6.54364452e-02 -1.25603393e-01
 -1.99910551e-01  5.11823535e-01  1.64882660e-01 -2.88099885e-01
 -5.12577772e-01 -3.31790335e-02 -1.48431510e-01  8.92459005e-02
  1.57078892e-01 -2.20352858e-01  7.79311778e-03  1.18221991e-01
  5.48335910e-01  1.16938703e-01  1.51461095e-01 -1.68676421e-01
 -3.16606641e-01 -8.21139872e-01 -1.74249917e-01  1.65940970e-01
  6.09729469e-01 -3.89872491e-01 -1.51548386e-01  1.06592011e+00
 -1.71224177e-01 -2.75369376e-01  2.07378134e-01  4.92522776e-01
 -1.40063012e+00  1.89765319e-01  5.88225245e-01  8.27125367e-03
  5.32373041e-02  3.26102495e-01  3.05587888e-01  3.56416821e-01
 -5.22400737e-01 -3.92370522e-02  3.14461082e-01  3.73597950e-01
 -3.61708365e-03 -3.67071837e-01  3.96332085e-01 -7.00402111e-02
  7.45707527e-02 -6.12056315e-01 -3.19102615e-01  4.11913991e-01
 -8.74440968e-02  8.74632224e-02 -1.70665272e-02 -3.10056239e-01
  6.94663972e-02 -2.88684756e-01  2.69203126e-01 -3.25777143e-01
 -2.06082761e-01 -2.72670299e-01  2.63510078e-01  4.49198842e-01
  6.61635160e-01  5.16491294e-01  3.55158955e-01  2.68697768e-01
  4.47348505e-01  3.80298793e-01  4.60312426e-01  3.10991406e-01
 -1.06315635e-01  1.95352584e-02  5.47567546e-01  3.21961701e-01
  2.60394633e-01 -2.76618730e-02 -2.40978584e-01  6.40438259e-01
 -3.42877991e-02  4.84192222e-01  4.39171344e-01  6.22052073e-01
  3.92522663e-01  2.46110246e-01  4.16232944e-01 -1.99239522e-01
 -1.42119557e-01 -3.44763428e-01  2.17241168e-01 -2.86960572e-01
 -1.59542978e-01 -1.53736860e-01  2.50040978e-01 -1.45809427e-01
 -5.12594461e-01  1.40727222e-01 -4.43835914e-01 -1.36881182e-02
  1.92942649e-01 -2.21435457e-01 -5.87340951e-01 -4.13562387e-01
 -4.07140642e-01 -5.99370241e-01  4.87648457e-01  2.24278212e-01
  1.67591110e-01 -5.40347576e-01  1.19901717e-01  1.17969602e-01
  1.69764191e-01 -1.75971016e-01  1.14829168e-02 -1.52550280e-01
  2.82090437e-02 -1.22996107e-01  9.48477630e-03 -6.52793765e-01
 -4.27664936e-01 -5.18693566e-01 -8.45184565e-01 -1.18298441e-01
  1.16165116e-01  3.92276138e-01 -3.25253829e-02  1.95514411e-01
  1.77094415e-01  2.15909585e-01 -2.99488634e-01 -1.85980365e-01
 -8.11992049e-01 -1.56768765e-02  2.14666843e-01  2.32266650e-01
  2.32969046e-01  1.96242005e-01  1.09963231e-01 -4.82075438e-02
 -2.86134541e-01 -1.21539105e-02 -2.40013272e-01 -2.71101832e-01
  9.78989422e-01 -2.60523081e-01  4.55204725e-01 -1.96337432e-01
  1.22119568e-01  3.16756964e-01 -1.55484170e-01 -1.12817459e-01
 -9.07303840e-02  4.70662534e-01 -1.36885494e-01 -1.00792803e-01
  5.52294701e-02  4.65402246e-01 -3.23762983e-01  1.65308639e-01
 -6.53367415e-02  1.07103758e-01  2.05337912e-01 -7.62300417e-02
 -1.51009575e-01 -2.40501344e-01  1.47733510e-01  2.34147370e-01
  2.86229432e-01  2.51718760e-01  2.90646464e-01  6.03635311e-01
  4.65304367e-02  2.98180014e-01  2.58697182e-01  7.23807216e-01
 -2.89932221e-01 -2.15029269e-01 -4.93934572e-01 -8.92949179e-02
 -4.69449073e-01 -1.57416940e-01  5.62630594e-01 -2.20334351e-01
  2.11852729e-01 -1.33978590e-01 -6.52937293e-01 -6.51318654e-02
  5.19523630e-03  6.90673441e-02  7.03841001e-02  3.64892095e-01
  4.39906210e-01 -1.26997204e-02 -6.32700920e-01  5.94457984e-01
 -3.08315009e-01  5.14515579e-01  3.45945537e-01 -5.75061738e-01
 -2.74261087e-01 -7.64722601e-02  7.89083093e-02  5.09687886e-02
  2.43710428e-01  5.64227998e-01 -3.49140644e-01 -1.05415034e+00
 -1.87589705e-01  2.53937304e-01 -1.90228805e-01 -4.17483807e-01
  2.18119115e-01  1.22731857e-01 -9.40392911e-01 -6.61184728e-01
 -3.90708268e-01 -2.36801296e-01 -7.50048086e-02 -9.41760957e-01
  2.10737124e-01  9.18762311e-02 -6.85869977e-02  4.35755491e-01
  6.55624503e-03  5.23173697e-02  2.63327897e-01  4.12435800e-01
  3.27125221e-01 -5.27841270e-01 -8.82996395e-02  1.80286646e-01
 -1.07608419e-02  7.57314712e-02  4.33559537e-01  2.23505148e-03
  1.34608984e-01 -3.60789821e-02 -6.57026768e-01 -1.32698357e-01
 -3.95163506e-01 -8.62202346e-01  3.90648544e-01 -4.85257804e-02
  2.44066179e-01 -4.38990742e-01  3.58604819e-01 -2.36322448e-01
  4.19668891e-02  1.43683150e-01  1.25273690e-02  7.06452206e-02
 -6.10257745e-01  3.14744920e-01 -4.90727723e-01 -4.11903232e-01
  8.03740144e-01  6.32723987e-01 -2.77031273e-01  2.62137149e-02
  3.44409823e-01  4.50162590e-02 -3.13975930e-01  4.23781313e-02
 -2.82185283e-02 -5.54161631e-02 -1.43077955e-01  2.06894383e-01
  3.07502449e-01  2.10439786e-02 -2.29835853e-01 -2.39742830e-01
  5.74667513e-01  4.28124398e-01  2.77385592e-01 -1.01543844e-01
 -8.49071965e-02 -2.14944541e-01 -3.83535475e-01  1.77746221e-01
  1.37170434e-01  6.50477767e-01 -1.97822720e-01  9.01136279e-01
 -1.24171965e-01 -3.45695406e-01  2.91801929e-01  6.94676459e-01
 -1.00216694e-01  2.65137017e-01  1.18587442e-01  1.11891091e-01
 -8.89651358e-01  1.92576736e-01 -2.56352037e-01  2.20070198e-01
  1.24248847e-01  4.35625374e-01  4.67876673e-01 -6.21459007e-01
 -2.60323167e-01 -1.67298496e-01  1.88351333e-01  6.08341210e-02
  5.43614805e-01 -2.58542933e-02  9.34903026e-02  2.46212676e-01
 -1.92727745e-01 -2.98794582e-02  1.24369562e-01  7.80878812e-02
  8.33908319e-01  2.22439915e-01  8.71190205e-02 -2.11816251e-01
 -8.10535669e-01  3.45863700e-01 -6.89836740e-02  1.86973158e-02
  4.62515622e-01 -2.82231331e-01  1.24969304e-01  3.07149708e-01
  6.09694600e-01  1.46806642e-01 -2.99306214e-01 -7.93890119e-01
  1.00233920e-01 -2.04421189e-02 -9.92076397e-02  2.56079793e-01
 -4.15349118e-02  3.64851028e-01  2.03915536e-01 -1.63459256e-01
  3.52919996e-02  5.44714212e-01 -1.73364803e-01  3.65872378e-03
  3.04246575e-01  1.87192932e-01 -4.30703133e-01  9.28122667e-04
 -2.07629338e-01 -4.05075431e-01 -4.26637322e-01 -2.03930631e-01
 -2.27074519e-01 -5.35288043e-02 -1.84056550e-01 -7.97881931e-02
  2.25498512e-01  1.30450606e-01 -1.00639246e-01 -3.92300665e-01
 -3.50677848e-01  5.15872836e-01 -7.76475906e-01 -1.35777131e-01
 -1.23755664e-01  7.65950009e-02 -1.07487820e-01 -1.10861044e-02
 -3.66661578e-01 -1.66465893e-01 -1.05065398e-01  1.48900092e-01
  3.98935229e-02 -4.16027158e-01  2.04854488e-01  2.29957908e-01
 -1.17511697e-01 -7.88458526e-01  1.99353009e-01 -9.32439640e-02
  6.56968772e-01 -1.90095633e-01  2.81826943e-01 -2.75059789e-01
  2.35864297e-01 -3.13181818e-01 -1.30200773e-01  3.28198932e-02
 -1.05836725e+01 -4.90938015e-02 -4.45158988e-01 -1.26329452e-01
 -4.17215824e-01  4.06702816e-01  6.91445172e-01  2.89368570e-01
 -4.18654144e-01  3.56551111e-02  3.73300225e-01  3.36038560e-01
  2.67772228e-01  3.57701659e-01 -6.44478917e-01 -2.05714375e-01
  1.31649956e-01 -8.91802087e-02 -1.39646545e-01 -2.16188714e-01
  2.65375733e-01 -1.75341463e-03  2.89542437e-01  6.34695351e-01
  7.94324726e-02 -5.25712609e-01 -4.68636990e-01  2.96326786e-01
  3.42756063e-02  2.95155644e-01 -3.47007871e-01  1.42052948e-01
  4.79567125e-02  3.19089413e-01 -3.11677724e-01 -2.71849841e-01
 -1.24731869e-01  3.27666491e-01  1.14261262e-01  1.91989005e-01
  2.59902000e-01  6.57625675e-01  2.85983682e-01  8.54373276e-02
  2.72264183e-01  4.46437061e-01  5.17217338e-01  2.94055164e-01
  6.83405817e-01 -4.87478226e-02  2.03231443e-02  3.26814830e-01
 -1.70927256e-01 -1.00325570e-01  3.27387571e-01  4.90538143e-02
  7.69046783e-01 -6.56353056e-01 -4.45701927e-01  7.36973062e-02
 -4.54915389e-02  7.13259354e-02  9.17894423e-01  5.18121719e-01
  3.08233760e-02 -7.76502043e-02  3.12881738e-01  4.84794885e-01
 -5.00979424e-01 -2.22961918e-01 -3.55613269e-02  2.15073958e-01
  1.17330384e-02 -7.69709051e-02 -5.12711585e-01  2.75899589e-01
 -4.08498105e-03 -2.58596897e-01  3.27946901e-01  2.06794024e-01
  1.48800939e-01  2.20320001e-01  1.59264449e-02  1.42602280e-01
 -5.16741991e-01  1.08714618e-01 -2.09900662e-01  1.72531307e-01
  8.48772973e-02 -4.64440048e-01 -7.00366572e-02 -2.24854469e-01
 -3.09130512e-02  7.70375192e-01  4.16402221e-01 -3.29809636e-02
 -9.87273157e-02  1.02551058e-01  5.01251996e-01  2.52322238e-02]"
ア,"[-8.56139064e-02  3.02740455e-01  3.66918623e-01 -6.81469440e-01
  3.29799533e-01  4.54889685e-02  2.21813381e-01 -7.68228769e-01
 -3.37525725e-01 -5.22257835e-02  1.10155940e+00  2.18479648e-01
 -3.83875251e-01 -2.12393418e-01  4.36723888e-01 -2.45362014e-01
  1.51291087e-01  3.39847654e-02  2.91650742e-01  3.07729185e-01
 -1.98748000e-02 -4.48341548e-01  1.57476664e-01  3.42278816e-02
  4.34476882e-01 -3.80789608e-01  2.59692192e-01  2.77812123e-01
 -9.01101753e-02 -4.18382466e-01 -5.25415778e-01 -5.09669721e-01
 -1.32547200e-01 -6.81952417e-01 -4.68593985e-01  1.07640345e-02
  2.77650476e-01 -9.30416360e-02  3.17752987e-01 -6.70901299e-01
 -2.58810464e-02 -4.02225286e-01 -5.11971354e-01 -8.41182694e-02
 -3.94098788e-01  2.90239781e-01  1.68055609e-01  4.93335187e-01
  3.30769658e-01 -4.81752167e-03 -4.12266999e-01  1.57610234e-02
  1.01749651e-01 -1.69630498e-01  1.77154705e-01  2.15597332e-01
  1.42561227e-01 -2.15666324e-01  4.50630099e-01 -4.19221133e-01
 -4.73264366e-01  1.26632243e-01  2.42408320e-01 -5.34897484e-03
  2.18444109e-01 -3.28550756e-01  1.16647491e-02 -2.45906100e-01
  8.98685306e-02 -3.67957592e-01  1.82659552e-01  2.81845182e-01
 -2.51022309e-01 -5.60812950e-01  7.32178390e-01 -2.87109733e-01
  4.77445535e-02 -1.43804058e-01  2.27447242e-01 -2.07319334e-02
 -3.13366205e-01  5.59108138e-01  9.29709524e-02 -5.19241810e-01
 -3.14470202e-01  2.69096106e-01 -5.87040484e-01 -6.55221283e-01
  2.98218399e-01 -2.15201795e-01 -6.42039478e-02 -1.88823268e-01
  5.24567187e-01  4.59967852e-01  1.04787141e-01 -8.82977992e-02
 -3.79604404e-03 -2.57573754e-01 -4.02461737e-01 -1.43519163e-01
 -1.77037418e-01  2.51689982e-02  4.50256467e-01  9.15600061e-02
 -1.64590672e-01 -1.08144417e-01 -2.30344549e-01  5.03730476e-01
  8.84097815e-02  1.89898282e-01 -3.03039342e-01 -8.20235074e-01
 -7.09428847e-01 -1.77695081e-01  3.02248001e-02  1.11528449e-01
 -2.76109636e-01  3.87872756e-01 -3.57310951e-01  3.06591183e-01
 -4.07336652e-02  4.78101611e-01 -2.27663204e-01 -1.25333056e-01
  1.90807372e-01  6.55695319e-01  3.24717164e-01 -1.45403743e-01
 -1.42536983e-01 -2.75677294e-01  1.70531690e-01  1.50956854e-01
 -4.04435962e-01 -7.06731379e-02 -1.81705147e-01  9.14120317e-01
  7.94043615e-02  3.80747736e-01 -9.16137248e-02 -5.63675821e-01
 -1.96325913e-01 -9.78846774e-02  5.79095542e-01 -7.57808611e-03
  1.14902206e-01  7.90247023e-02  3.83759886e-01 -7.20137954e-02
  4.38300043e-01  4.62301970e-01  1.34851411e-01  8.78886759e-01
 -6.41681314e-01 -7.62286857e-02 -2.14986801e-01  2.27942802e-02
 -7.29105890e-01 -2.22765282e-02  4.02747005e-01  3.65028977e-01
  5.01327038e-01 -4.39956695e-01  8.37064683e-02  2.44141325e-01
  1.86105996e-01  5.45487881e-01 -1.61982447e-01  2.75094926e-01
 -1.06398620e-01  7.18359411e-01  7.30761960e-02  3.48565459e-01
 -1.14014437e-02 -5.47548413e-01  5.88868737e-01  3.47661912e-01
 -1.49831467e-03  4.03633893e-01  6.39072955e-01 -8.60836506e-01
 -1.63063422e-01 -2.41389428e-03  5.42049289e-01 -4.91792589e-01
  3.88116986e-02 -4.08880562e-01  2.65413254e-01  1.94101557e-01
  5.86227290e-02 -1.47086844e-01 -3.21618840e-02 -2.78160095e-01
  1.54328883e-01 -7.50309005e-02 -3.08155745e-01 -2.24371761e-01
 -6.49818452e-03 -1.88379467e-01 -3.11965913e-01  4.97898519e-01
 -8.15924555e-02  2.13608384e-01 -6.05939209e-01 -7.47707129e-01
 -1.01716185e+00 -1.26258329e-01  9.17839110e-02  2.66265988e-01
  4.82101887e-01  6.74710143e-03 -1.68044895e-01  5.66640915e-03
 -2.29208753e-01  5.27327657e-01  5.54585338e-01  2.04365462e-01
 -2.58986354e-01 -7.42352188e-01  3.82943183e-01 -5.31102180e-01
 -2.91173398e-01  1.87991083e-01  6.03350759e-01 -8.18633810e-02
 -5.23401916e-01  2.94640332e-01  1.69834211e-01  4.86966759e-01
  1.03170061e-02 -1.21270552e-01 -8.28623027e-02 -8.57433617e-01
 -9.36667442e-01  2.91541785e-01 -7.28857756e-01 -6.77822232e-01
 -4.59589064e-01  4.07723218e-01  4.29260023e-02  4.98022616e-01
  6.73874617e-02 -1.36200488e-01  4.04502064e-01 -4.72320355e-02
 -5.26768208e-01  4.47045535e-01  9.94912013e-02  1.81415349e-01
 -2.90759742e-01  3.20472836e-01 -3.43134820e-01 -4.20722514e-01
  1.11354925e-01 -3.82795520e-02  6.31180942e-01  1.48698553e-01
  4.46934730e-01 -2.69063503e-01  1.97065026e-01 -2.40176812e-01
 -1.35310635e-01 -1.48509815e-01  7.54585639e-02 -8.79444629e-02
 -4.55608487e-01  8.98625106e-02  2.82745272e-01 -8.55266377e-02
 -1.34380326e-01 -4.57180470e-01  2.40176916e-01 -3.54278564e-01
 -4.31633860e-01 -2.75934428e-01 -1.66673049e-01  2.09935993e-01
 -4.16957796e-01  3.78483385e-01 -2.72529006e-01  4.60734934e-01
 -5.16923487e-01  8.42852071e-02 -5.87346554e-01 -4.67474908e-01
  2.96625346e-01  2.54956167e-03 -4.38164562e-01 -3.57231826e-01
 -6.64146125e-01  4.18148279e-01  9.39948857e-02 -1.42541796e-01
  4.31831516e-02  1.50386924e-02 -4.12402689e-01  6.36208802e-02
  2.24109605e-01  4.81088161e-02  1.76868051e-01  2.55240470e-01
  5.83295286e-01  1.00737080e-01  5.87756157e-01  2.42017712e-02
  4.64593023e-02 -7.67612994e-01 -1.24863394e-01  7.71990493e-02
  6.01087034e-01  2.47266088e-02 -2.71271378e-01  9.44731951e-01
 -7.48981833e-01  2.50659287e-01  1.35953665e-01  4.36797827e-01
 -1.49509811e+00  1.31861279e-02  5.32317936e-01 -1.02852926e-01
 -7.47156501e-01  5.07615328e-01  3.31835240e-01  9.62553546e-02
  3.81212205e-01 -7.55121410e-01  9.60964680e-01  5.20123184e-01
 -5.96139848e-01  5.59463724e-02  3.23554903e-01 -3.74620073e-02
  2.71072298e-01 -3.80279839e-01 -2.10356954e-02  3.32610279e-01
 -1.91518236e-02 -3.09790909e-01 -2.34986767e-01 -6.41908944e-02
 -3.76436681e-01  3.43098909e-01  1.99529663e-01 -3.75200093e-01
 -4.52565044e-01 -2.48875707e-01  1.54740453e-01  8.06137025e-01
  1.62439600e-01  7.06430852e-01 -2.72926569e-01 -1.51162848e-01
  3.32902312e-01  1.86213985e-01  2.00586125e-01  2.55493939e-01
 -3.85046393e-01 -3.09882075e-01  3.34749937e-01  3.61523688e-01
 -8.70125145e-02  1.17123939e-01  1.52848810e-01 -1.03821680e-01
 -1.19236164e-01  2.61777073e-01  5.36394358e-01  1.01695992e-02
  7.22588599e-01  2.97883183e-01  6.40619516e-01  5.19015379e-02
  2.84985006e-01 -1.31650686e-01  3.70109916e-01 -9.69279334e-02
  1.58608243e-01  2.92110205e-01 -5.57724535e-01  2.54637927e-01
 -6.37705743e-01 -3.06318492e-01  9.36555937e-02 -4.70354021e-01
  3.21178325e-02 -7.39066899e-01 -5.06066859e-01  2.07862362e-01
 -2.98199892e-01 -6.95709586e-01  9.93551910e-02  2.61629462e-01
  2.98718721e-01 -4.00396258e-01 -2.96341956e-01  1.06079765e-01
 -9.92017314e-02  2.73635507e-01  5.41966915e-01  3.73985559e-01
 -4.21106696e-01  4.48349603e-02 -5.18124580e-01  8.26670453e-02
 -6.93614185e-01 -2.67721742e-01 -3.83261502e-01  2.16604561e-01
  1.88926756e-01  2.17397884e-01  3.02322477e-01 -2.29302309e-02
  3.30198035e-02  2.85004765e-01 -2.99083650e-01 -2.81243086e-01
 -5.14826715e-01 -1.75399520e-02  4.18958887e-02  4.42850709e-01
  1.68201849e-01  5.86634517e-01 -1.33998007e-01 -2.39505231e-01
 -6.00530207e-02 -1.72021717e-01 -2.59029299e-01 -4.19188201e-01
  5.92540026e-01 -4.99119222e-01  1.70943439e-01 -3.44966531e-01
 -1.87651977e-01  7.56110847e-01  1.84494276e-02 -1.32108629e-02
 -5.95052466e-02  3.45615625e-01 -3.01172704e-01  6.62847996e-01
  3.64247918e-01  6.27003074e-01  1.45101652e-01  4.62624311e-01
 -1.14073336e-01 -3.32137525e-01  3.58932048e-01  1.94102004e-01
  8.49796683e-02 -3.43214631e-01  4.53867286e-01  3.89586151e-01
  6.67229742e-02  1.20623752e-01 -2.70603985e-01  2.27163449e-01
  1.13812014e-01  1.51693612e-01  4.10889089e-01  1.35777727e-01
  2.02523936e-02  2.24383697e-01 -3.03088665e-01  3.55454385e-02
 -1.58732235e-01 -5.16002417e-01  3.77168596e-01  1.29737228e-01
  7.77284861e-01 -3.66578288e-02 -2.61188269e-01 -1.23631619e-01
 -5.13213873e-01  1.70539811e-01  1.74008161e-02  3.70736420e-01
  4.56324667e-01  1.62856147e-01 -1.11642033e-01  9.56767052e-02
 -1.92905162e-02  3.44975829e-01  4.00333405e-01 -6.94940805e-01
 -2.75600433e-01  2.02198997e-01  1.37212574e-01 -2.13618129e-01
  3.50191504e-01  4.66799080e-01  3.65966372e-02 -6.70683146e-01
 -2.83549298e-02  2.13585138e-01 -1.90956563e-01 -2.38711648e-02
  5.53976417e-01  9.50358137e-02 -4.05080497e-01 -4.01607126e-01
 -1.80432171e-01 -4.13534492e-01  3.12788822e-02 -7.74021029e-01
 -1.33451179e-01 -1.44193649e-01 -1.23055346e-01  4.89797324e-01
  6.75720572e-01 -2.64782608e-01 -1.07567139e-01  3.63957763e-01
  1.24347366e-01 -3.40770185e-01 -2.13301599e-01  2.42104992e-01
  1.12090148e-01 -7.88217634e-02  7.01323450e-01  9.39735770e-02
  8.72932374e-02 -2.22011074e-01 -8.72299790e-01 -1.47304488e-02
 -3.31273019e-01 -6.71504796e-01  3.99886400e-01  4.08091903e-01
 -3.14026028e-02 -3.80787462e-01  3.78406078e-01 -2.50835747e-01
 -3.21762450e-02  1.28281906e-01  2.92781174e-01 -1.93143263e-01
 -6.32037699e-01  4.11850065e-01 -5.57355404e-01 -3.57634604e-01
  5.55591941e-01 -1.08105494e-02 -5.60555041e-01 -3.96264046e-01
  8.51229191e-01 -2.70731390e-01 -6.96613312e-01  8.28655660e-02
 -3.44545245e-01  4.07533616e-01  2.90771037e-01  2.49748215e-01
  2.22741384e-02  1.67773202e-01 -4.13716972e-01  4.47412133e-02
  4.01618212e-01  4.78118300e-01  4.18568462e-01  2.43107617e-01
 -2.99902231e-01 -5.38670003e-01 -3.86130273e-01  4.34720397e-01
  4.65777159e-01  4.29787487e-01 -1.84280694e-01  6.43347383e-01
  2.81921268e-01 -5.11567950e-01 -1.57107376e-02  9.06101286e-01
  3.94504458e-01  4.95516092e-01 -2.70964503e-01 -2.35544682e-01
 -6.77909255e-01 -2.07214743e-01  5.64181805e-02  2.72577941e-01
 -3.11586056e-02  1.17610559e-01  1.47219732e-01 -4.70565617e-01
 -9.60212871e-02  4.89034317e-02 -1.84012190e-01 -1.39017120e-01
  2.96243250e-01 -2.82449305e-01  2.17589498e-01  7.27496445e-02
 -3.00563395e-01 -9.62504372e-02 -3.84004265e-02  1.65501267e-01
  6.09464169e-01  6.90211356e-02  6.84956908e-02  2.57181767e-02
 -1.05873454e+00  1.50069386e-01 -2.81789958e-01  1.27591118e-01
  5.40462792e-01 -5.19490123e-01 -4.47396100e-01  3.28666627e-01
  4.84655917e-01  2.46924520e-01 -2.34570742e-01 -9.53014135e-01
  2.12274939e-01 -7.93172978e-03 -2.14523584e-01 -1.39891073e-01
 -1.83867276e-01  2.31527716e-01  1.12296110e-02 -3.76588106e-01
 -3.46077308e-02  5.06906986e-01  1.98409140e-01 -1.76820587e-02
  8.04087520e-02  8.29249993e-02  1.03489473e-01  1.47649035e-01
  5.31235849e-03 -3.20765376e-01  1.42327055e-01  8.27370510e-02
 -4.85530347e-01  1.02021545e-01  3.94010730e-02  1.46850213e-01
  4.40492108e-03  8.56601226e-04 -1.01568267e-01 -4.67095703e-01
  2.22158104e-01  2.19469205e-01 -6.90754354e-01 -3.25084180e-01
  1.75471187e-01  2.45635673e-01 -2.81841874e-01 -1.99431896e-01
 -2.95501709e-01 -3.78937423e-01  2.64950059e-02  4.40769821e-01
 -2.68136352e-01 -6.74465597e-01  1.90524459e-01  2.44256258e-01
 -3.99234086e-01 -1.16663790e+00  1.87954620e-01  1.05167136e-01
  5.22831798e-01 -1.77811161e-01  2.21223980e-01 -2.71224976e-02
  7.88793117e-02 -3.33588451e-01 -2.63842225e-01  3.19792092e-01
 -1.03468761e+01 -2.44539261e-01 -2.15268224e-01 -7.26662159e-01
 -3.72948140e-01  7.42654920e-01  1.01515412e+00  1.85297400e-01
  1.04285493e-01  4.49742705e-01 -6.86010361e-01 -1.76623046e-01
  5.95116198e-01  4.10606623e-01 -2.66310662e-01 -1.01680264e-01
 -3.46687040e-03 -6.64215028e-01  1.79550588e-01  4.61170301e-02
 -1.88490003e-01 -9.31667686e-02  1.00897396e+00  1.81435645e-01
  3.41640562e-01 -6.26424134e-01 -2.70807922e-01  4.26549651e-02
 -2.10851789e-01  6.42809391e-01 -3.69195491e-01  3.57716084e-01
  1.49220973e-01  3.23194772e-01 -3.28726530e-01 -5.56796134e-01
  1.71622813e-01  5.96134722e-01 -3.42921078e-01  4.70570117e-01
  2.97382116e-01  4.09452707e-01  4.12468433e-01 -1.97123662e-01
  3.92018735e-01  7.91536987e-01  2.63753712e-01 -7.32133836e-02
  6.74169123e-01  3.25515978e-02  3.36727239e-02 -3.71825665e-01
  1.80881843e-01 -2.63271689e-01 -1.67755708e-01 -2.32821226e-01
  8.39209139e-01 -6.22108221e-01  6.51988238e-02 -1.92218482e-01
  4.24268603e-01  8.56949948e-03  1.35705626e+00  3.05712700e-01
 -6.72394693e-01  6.03219261e-04  2.60016322e-01  2.27366894e-01
 -6.50889337e-01 -2.39238963e-01  7.52511024e-01 -2.99976945e-01
  7.02338964e-02  1.67935565e-01 -1.01139769e-01  2.99135953e-01
 -4.40396965e-01 -2.15764001e-01  1.89010039e-01  5.47618605e-02
  5.51583588e-01  2.27158129e-01 -1.57137647e-01  2.88989335e-01
 -1.04259169e+00 -1.08805984e-01  5.49033701e-01 -5.28628528e-02
  7.63008773e-01 -4.41817701e-01  4.52982783e-01  1.56099781e-01
 -1.35963276e-01  4.00149263e-02  2.36584485e-01  1.64650276e-01
  7.44567156e-01  7.71074891e-02  3.30137402e-01 -1.20960325e-01]"
イ,"[ 2.50548184e-01  4.48937267e-01  1.49297416e-01 -5.58641434e-01
 -1.36049360e-03  9.18458104e-02  3.72122318e-01 -2.34025866e-02
  8.32772255e-02 -4.97295290e-01  9.22433853e-01  7.10767582e-02
 -3.67893755e-01 -5.82557209e-02  4.59260195e-01  4.77102995e-02
  3.02615255e-01 -9.85034108e-02 -3.38973910e-01 -3.08446378e-01
 -4.29474026e-01 -4.62878853e-01  3.21236649e-03  1.25402525e-01
  4.18089509e-01 -4.00412738e-01 -9.11752507e-02  2.27680996e-01
 -1.43591851e-01 -1.56664610e-01 -3.75716507e-01 -3.74419689e-01
 -1.87974006e-01 -2.18470380e-01 -2.78684914e-01  8.27848911e-01
  1.41053796e-01 -2.76184261e-01  4.95626181e-02 -3.05525046e-02
 -2.75077790e-01 -1.03702962e-01  1.34631038e-01 -2.77510285e-01
 -3.40850383e-01  5.33725679e-01  8.50845575e-02  2.99998224e-01
  3.01730722e-01 -2.98516285e-02 -4.11128640e-01  4.12371367e-01
  2.30536029e-01 -5.54429591e-02 -2.61237088e-04 -1.30602717e-01
 -1.06849350e-01 -1.77051768e-01  1.52675107e-01 -1.06077278e-02
 -8.04195479e-02 -2.17927918e-01  1.38151884e-01 -6.45262748e-02
 -4.89816844e-01 -2.55414426e-01  1.58404615e-02  8.91135074e-03
 -1.77109227e-01 -5.93673766e-01 -3.99504185e-01  2.75213420e-01
  1.36441067e-01 -4.09847617e-01  4.42099303e-01 -3.25954139e-01
  3.14410836e-01 -1.61171347e-01 -1.37885913e-01 -1.05943531e-01
 -2.27227271e-01  4.18201625e-01 -1.32867172e-01 -6.18982315e-01
  1.17178842e-01  5.95237687e-03  1.06585197e-01 -4.83482927e-01
  3.78091365e-01 -5.38670719e-01 -3.54409844e-01  2.72403359e-01
  5.72565138e-01  3.44812155e-01 -2.85803229e-01  7.02245161e-02
  1.58337325e-01 -2.32174933e-01 -2.50325263e-01 -1.26444459e-01
  5.01085997e-01 -3.91440392e-01  1.21531844e-01 -1.62783220e-01
 -1.63571373e-01  1.28945395e-01 -4.89772826e-01  5.72921038e-01
 -3.15574333e-02 -1.19167745e-01 -2.01856926e-01 -2.57736564e-01
 -3.56377959e-01  4.04012829e-01 -2.66229004e-01 -1.14951387e-01
 -1.68238834e-01  3.99795383e-01 -2.98424929e-01  1.94822043e-01
  2.34678298e-01  2.92861432e-01  6.76141456e-02  1.55305445e-01
 -9.61431861e-02  5.45691550e-01 -2.27928966e-01 -5.58218956e-02
  6.11917041e-02 -2.34988824e-01  2.70687819e-01  7.24034384e-02
 -3.39391261e-01 -1.39200687e-01 -5.78420401e-01  2.52620310e-01
 -1.55659407e-01  5.99726513e-02 -8.23525488e-02 -5.83877563e-01
  4.79102395e-02 -2.66819984e-01  2.30884418e-01  1.89756200e-01
  4.72326167e-02  3.04461829e-02  4.09246147e-01 -2.07717076e-01
  4.46753055e-01  1.35313988e-01 -5.19040711e-02  7.83359170e-01
 -3.72239619e-01 -2.98980087e-01 -2.79809713e-01  4.24865223e-02
 -3.43452454e-01  4.00078408e-02  6.53272718e-02  4.72722799e-01
  2.74603307e-01 -6.96615577e-01  7.82220960e-02  4.43041563e-01
  2.62496650e-01  7.81520724e-01  1.20959178e-01 -9.58712175e-02
 -2.41772830e-02  5.50421357e-01  2.61897832e-01  4.25607026e-01
  1.25510529e-01 -5.66315174e-01  2.34457389e-01  5.65372288e-01
  1.36234045e-01  1.51190206e-01  2.92226672e-01 -4.61350918e-01
  1.08596943e-01 -4.49336797e-01 -2.26929694e-01 -4.77954000e-01
  5.77559650e-01 -1.59313872e-01 -1.40749946e-01  4.92161028e-02
  4.04408202e-02  6.45688677e-04 -5.78388631e-01  3.01188584e-02
  5.47215581e-01 -4.30748194e-01 -4.94826287e-02 -1.22020781e-01
 -5.79941235e-02 -3.47213954e-01 -1.85375482e-01  5.23390710e-01
 -8.71587992e-02  2.89862871e-01 -2.70354658e-01 -2.00902432e-01
 -1.12464201e+00 -2.22978801e-01  2.93578357e-01  4.99000549e-01
  2.64169604e-01  1.19105786e-01 -4.83888686e-01  2.27860138e-01
  4.43124741e-01  4.85236853e-01  2.13789027e-02  5.02767190e-02
 -2.78068930e-01  1.79585114e-01  3.59902501e-01 -5.64133942e-01
  4.23757136e-02 -1.10955477e-01  7.74233863e-02  3.42142850e-01
 -2.29771048e-01 -1.03759691e-01 -2.96202395e-02  6.09361641e-02
 -1.47232220e-01  7.78218448e-01  2.73346543e-01 -9.64207575e-02
 -5.74971795e-01 -4.45089012e-01 -9.19788301e-01  2.41214693e-01
 -1.61082417e-01  2.24556953e-01  3.09266180e-01  2.97025204e-01
  2.58245766e-01 -2.68003106e-01 -1.42835811e-01 -2.70083547e-01
 -2.40813389e-01  3.36348623e-01  1.93774030e-01 -1.58180520e-01
 -5.90977848e-01  3.31599921e-01 -5.10832071e-01 -2.68380016e-01
  6.35851324e-01 -1.43599451e-01  5.74423790e-01  1.40938282e-01
  4.89772707e-01 -8.53540748e-02 -1.87461779e-01 -9.55950767e-02
  4.36156765e-02 -4.13839400e-01 -1.06972173e-01 -2.34485179e-01
  1.09996134e-02  1.04650222e-01  5.84264323e-02 -6.36326253e-01
 -7.37071559e-02 -3.16342860e-01  1.02464452e-01 -5.68891943e-01
 -7.04476461e-02  2.30291873e-01 -3.56901407e-01  2.50668466e-01
 -1.04109794e-01  3.35607588e-01 -2.99138874e-01 -8.98166895e-02
 -1.03467691e+00  4.62022066e-01 -7.32673287e-01  3.54275584e-01
  1.19880915e-01 -1.02041975e-01 -6.54364452e-02 -1.25603393e-01
 -1.99910551e-01  5.11823535e-01  1.64882660e-01 -2.88099885e-01
 -5.12577772e-01 -3.31790335e-02 -1.48431510e-01  8.92459005e-02
  1.57078892e-01 -2.20352858e-01  7.79311778e-03  1.18221991e-01
  5.48335910e-01  1.16938703e-01  1.51461095e-01 -1.68676421e-01
 -3.16606641e-01 -8.21139872e-01 -1.74249917e-01  1.65940970e-01
  6.09729469e-01 -3.89872491e-01 -1.51548386e-01  1.06592011e+00
 -1.71224177e-01 -2.75369376e-01  2.07378134e-01  4.92522776e-01
 -1.40063012e+00  1.89765319e-01  5.88225245e-01  8.27125367e-03
  5.32373041e-02  3.26102495e-01  3.05587888e-01  3.56416821e-01
 -5.22400737e-01 -3.92370522e-02  3.14461082e-01  3.73597950e-01
 -3.61708365e-03 -3.67071837e-01  3.96332085e-01 -7.00402111e-02
  7.45707527e-02 -6.12056315e-01 -3.19102615e-01  4.11913991e-01
 -8.74440968e-02  8.74632224e-02 -1.70665272e-02 -3.10056239e-01
  6.94663972e-02 -2.88684756e-01  2.69203126e-01 -3.25777143e-01
 -2.06082761e-01 -2.72670299e-01  2.63510078e-01  4.49198842e-01
  6.61635160e-01  5.16491294e-01  3.55158955e-01  2.68697768e-01
  4.47348505e-01  3.80298793e-01  4.60312426e-01  3.10991406e-01
 -1.06315635e-01  1.95352584e-02  5.47567546e-01  3.21961701e-01
  2.60394633e-01 -2.76618730e-02 -2.40978584e-01  6.40438259e-01
 -3.42877991e-02  4.84192222e-01  4.39171344e-01  6.22052073e-01
  3.92522663e-01  2.46110246e-01  4.16232944e-01 -1.99239522e-01
 -1.42119557e-01 -3.44763428e-01  2.17241168e-01 -2.86960572e-01
 -1.59542978e-01 -1.53736860e-01  2.50040978e-01 -1.45809427e-01
 -5.12594461e-01  1.40727222e-01 -4.43835914e-01 -1.36881182e-02
  1.92942649e-01 -2.21435457e-01 -5.87340951e-01 -4.13562387e-01
 -4.07140642e-01 -5.99370241e-01  4.87648457e-01  2.24278212e-01
  1.67591110e-01 -5.40347576e-01  1.19901717e-01  1.17969602e-01
  1.69764191e-01 -1.75971016e-01  1.14829168e-02 -1.52550280e-01
  2.82090437e-02 -1.22996107e-01  9.48477630e-03 -6.52793765e-01
 -4.27664936e-01 -5.18693566e-01 -8.45184565e-01 -1.18298441e-01
  1.16165116e-01  3.92276138e-01 -3.25253829e-02  1.95514411e-01
  1.77094415e-01  2.15909585e-01 -2.99488634e-01 -1.85980365e-01
 -8.11992049e-01 -1.56768765e-02  2.14666843e-01  2.32266650e-01
  2.32969046e-01  1.96242005e-01  1.09963231e-01 -4.82075438e-02
 -2.86134541e-01 -1.21539105e-02 -2.40013272e-01 -2.71101832e-01
  9.78989422e-01 -2.60523081e-01  4.55204725e-01 -1.96337432e-01
  1.22119568e-01  3.16756964e-01 -1.55484170e-01 -1.12817459e-01
 -9.07303840e-02  4.70662534e-01 -1.36885494e-01 -1.00792803e-01
  5.52294701e-02  4.65402246e-01 -3.23762983e-01  1.65308639e-01
 -6.53367415e-02  1.07103758e-01  2.05337912e-01 -7.62300417e-02
 -1.51009575e-01 -2.40501344e-01  1.47733510e-01  2.34147370e-01
  2.86229432e-01  2.51718760e-01  2.90646464e-01  6.03635311e-01
  4.65304367e-02  2.98180014e-01  2.58697182e-01  7.23807216e-01
 -2.89932221e-01 -2.15029269e-01 -4.93934572e-01 -8.92949179e-02
 -4.69449073e-01 -1.57416940e-01  5.62630594e-01 -2.20334351e-01
  2.11852729e-01 -1.33978590e-01 -6.52937293e-01 -6.51318654e-02
  5.19523630e-03  6.90673441e-02  7.03841001e-02  3.64892095e-01
  4.39906210e-01 -1.26997204e-02 -6.32700920e-01  5.94457984e-01
 -3.08315009e-01  5.14515579e-01  3.45945537e-01 -5.75061738e-01
 -2.74261087e-01 -7.64722601e-02  7.89083093e-02  5.09687886e-02
  2.43710428e-01  5.64227998e-01 -3.49140644e-01 -1.05415034e+00
 -1.87589705e-01  2.53937304e-01 -1.90228805e-01 -4.17483807e-01
  2.18119115e-01  1.22731857e-01 -9.40392911e-01 -6.61184728e-01
 -3.90708268e-01 -2.36801296e-01 -7.50048086e-02 -9.41760957e-01
  2.10737124e-01  9.18762311e-02 -6.85869977e-02  4.35755491e-01
  6.55624503e-03  5.23173697e-02  2.63327897e-01  4.12435800e-01
  3.27125221e-01 -5.27841270e-01 -8.82996395e-02  1.80286646e-01
 -1.07608419e-02  7.57314712e-02  4.33559537e-01  2.23505148e-03
  1.34608984e-01 -3.60789821e-02 -6.57026768e-01 -1.32698357e-01
 -3.95163506e-01 -8.62202346e-01  3.90648544e-01 -4.85257804e-02
  2.44066179e-01 -4.38990742e-01  3.58604819e-01 -2.36322448e-01
  4.19668891e-02  1.43683150e-01  1.25273690e-02  7.06452206e-02
 -6.10257745e-01  3.14744920e-01 -4.90727723e-01 -4.11903232e-01
  8.03740144e-01  6.32723987e-01 -2.77031273e-01  2.62137149e-02
  3.44409823e-01  4.50162590e-02 -3.13975930e-01  4.23781313e-02
 -2.82185283e-02 -5.54161631e-02 -1.43077955e-01  2.06894383e-01
  3.07502449e-01  2.10439786e-02 -2.29835853e-01 -2.39742830e-01
  5.74667513e-01  4.28124398e-01  2.77385592e-01 -1.01543844e-01
 -8.49071965e-02 -2.14944541e-01 -3.83535475e-01  1.77746221e-01
  1.37170434e-01  6.50477767e-01 -1.97822720e-01  9.01136279e-01
 -1.24171965e-01 -3.45695406e-01  2.91801929e-01  6.94676459e-01
 -1.00216694e-01  2.65137017e-01  1.18587442e-01  1.11891091e-01
 -8.89651358e-01  1.92576736e-01 -2.56352037e-01  2.20070198e-01
  1.24248847e-01  4.35625374e-01  4.67876673e-01 -6.21459007e-01
 -2.60323167e-01 -1.67298496e-01  1.88351333e-01  6.08341210e-02
  5.43614805e-01 -2.58542933e-02  9.34903026e-02  2.46212676e-01
 -1.92727745e-01 -2.98794582e-02  1.24369562e-01  7.80878812e-02
  8.33908319e-01  2.22439915e-01  8.71190205e-02 -2.11816251e-01
 -8.10535669e-01  3.45863700e-01 -6.89836740e-02  1.86973158e-02
  4.62515622e-01 -2.82231331e-01  1.24969304e-01  3.07149708e-01
  6.09694600e-01  1.46806642e-01 -2.99306214e-01 -7.93890119e-01
  1.00233920e-01 -2.04421189e-02 -9.92076397e-02  2.56079793e-01
 -4.15349118e-02  3.64851028e-01  2.03915536e-01 -1.63459256e-01
  3.52919996e-02  5.44714212e-01 -1.73364803e-01  3.65872378e-03
  3.04246575e-01  1.87192932e-01 -4.30703133e-01  9.28122667e-04
 -2.07629338e-01 -4.05075431e-01 -4.26637322e-01 -2.03930631e-01
 -2.27074519e-01 -5.35288043e-02 -1.84056550e-01 -7.97881931e-02
  2.25498512e-01  1.30450606e-01 -1.00639246e-01 -3.92300665e-01
 -3.50677848e-01  5.15872836e-01 -7.76475906e-01 -1.35777131e-01
 -1.23755664e-01  7.65950009e-02 -1.07487820e-01 -1.10861044e-02
 -3.66661578e-01 -1.66465893e-01 -1.05065398e-01  1.48900092e-01
  3.98935229e-02 -4.16027158e-01  2.04854488e-01  2.29957908e-01
 -1.17511697e-01 -7.88458526e-01  1.99353009e-01 -9.32439640e-02
  6.56968772e-01 -1.90095633e-01  2.81826943e-01 -2.75059789e-01
  2.35864297e-01 -3.13181818e-01 -1.30200773e-01  3.28198932e-02
 -1.05836725e+01 -4.90938015e-02 -4.45158988e-01 -1.26329452e-01
 -4.17215824e-01  4.06702816e-01  6.91445172e-01  2.89368570e-01
 -4.18654144e-01  3.56551111e-02  3.73300225e-01  3.36038560e-01
  2.67772228e-01  3.57701659e-01 -6.44478917e-01 -2.05714375e-01
  1.31649956e-01 -8.91802087e-02 -1.39646545e-01 -2.16188714e-01
  2.65375733e-01 -1.75341463e-03  2.89542437e-01  6.34695351e-01
  7.94324726e-02 -5.25712609e-01 -4.68636990e-01  2.96326786e-01
  3.42756063e-02  2.95155644e-01 -3.47007871e-01  1.42052948e-01
  4.79567125e-02  3.19089413e-01 -3.11677724e-01 -2.71849841e-01
 -1.24731869e-01  3.27666491e-01  1.14261262e-01  1.91989005e-01
  2.59902000e-01  6.57625675e-01  2.85983682e-01  8.54373276e-02
  2.72264183e-01  4.46437061e-01  5.17217338e-01  2.94055164e-01
  6.83405817e-01 -4.87478226e-02  2.03231443e-02  3.26814830e-01
 -1.70927256e-01 -1.00325570e-01  3.27387571e-01  4.90538143e-02
  7.69046783e-01 -6.56353056e-01 -4.45701927e-01  7.36973062e-02
 -4.54915389e-02  7.13259354e-02  9.17894423e-01  5.18121719e-01
  3.08233760e-02 -7.76502043e-02  3.12881738e-01  4.84794885e-01
 -5.00979424e-01 -2.22961918e-01 -3.55613269e-02  2.15073958e-01
  1.17330384e-02 -7.69709051e-02 -5.12711585e-01  2.75899589e-01
 -4.08498105e-03 -2.58596897e-01  3.27946901e-01  2.06794024e-01
  1.48800939e-01  2.20320001e-01  1.59264449e-02  1.42602280e-01
 -5.16741991e-01  1.08714618e-01 -2.09900662e-01  1.72531307e-01
  8.48772973e-02 -4.64440048e-01 -7.00366572e-02 -2.24854469e-01
 -3.09130512e-02  7.70375192e-01  4.16402221e-01 -3.29809636e-02
 -9.87273157e-02  1.02551058e-01  5.01251996e-01  2.52322238e-02]"
ダ,"[ 7.86714554e-01  7.08349273e-02  7.42893398e-01 -1.83869109e-01
  1.01191126e-01  2.39210054e-01  1.92313224e-01  2.13063106e-01
 -3.26941073e-01 -8.91355202e-02  7.46151865e-01 -4.69970584e-01
 -3.17607462e-01 -2.09833998e-02  2.54723936e-01 -2.69319057e-01
  1.18726298e-01 -1.64608106e-01 -1.75356597e-01 -4.72011209e-01
 -9.11198914e-01 -3.48418325e-01 -2.33601496e-01  4.05426204e-01
  1.20810837e-01 -6.87112451e-01  1.99824527e-01  6.55777156e-02
  3.15184921e-01 -4.27596301e-01 -4.24800664e-01 -2.06834793e-01
 -1.02126412e-01 -1.93514645e-01 -5.42068064e-01  3.19319457e-01
  2.70476937e-01 -5.58041990e-01  2.90586799e-01  1.41193494e-01
  2.86115825e-01 -5.99215150e-01 -4.33591515e-01 -1.25105336e-01
 -2.85694331e-01  2.83312023e-01  1.60674879e-03 -8.15877505e-03
 -1.91741467e-01  1.15363762e-01 -4.50774342e-01  4.62576956e-01
  2.47719079e-01  2.11608365e-01 -1.17613012e-02 -1.96292922e-01
  5.63313961e-01 -5.85725009e-01  3.44009548e-01 -3.79705392e-02
 -1.35426417e-01 -9.63524729e-03  4.31339711e-01  1.51367441e-01
 -7.47178197e-02 -4.42377359e-01  1.42631447e-02 -2.47666404e-01
  8.65586624e-02 -1.81779608e-01  1.97997183e-01  4.16893005e-01
 -2.25948617e-01 -5.06982982e-01  4.39289957e-01 -4.06568736e-01
  7.99621418e-02  5.69405258e-01  2.50508606e-01  1.23281240e-01
 -2.34215677e-01  4.30861652e-01  3.33728224e-01 -1.04900610e+00
 -9.53195244e-02  6.74893081e-01 -5.40532291e-01 -9.73404050e-01
  2.23985851e-01 -1.63795874e-01  1.22502945e-01 -6.66073815e-04
  8.42236429e-02  5.55625856e-01  2.16464162e-01 -8.50918964e-02
  1.72172651e-01 -8.53357315e-02 -1.75384045e-01  1.98283512e-02
 -6.05727080e-03  6.49299681e-01  3.86852592e-01 -2.10316554e-01
  2.75844950e-02 -6.91965735e-03 -4.67597514e-01  1.80984780e-01
 -1.08109541e-01  2.56448895e-01 -2.81597823e-01 -6.74434900e-01
 -7.94129193e-01 -3.05498809e-01  3.20206225e-01  1.17705122e-01
 -4.82728273e-01  5.57358861e-01 -3.80815864e-01  7.89362550e-01
  1.53706580e-01  1.35673443e-02  2.88473040e-01 -5.34815669e-01
 -2.56182879e-01  6.61963522e-01 -4.10815850e-02  1.90170303e-01
 -2.04378809e-03  1.04912907e-01 -4.38805193e-01 -6.09751582e-01
 -4.10097510e-01 -1.05083637e-01 -3.39493841e-01  5.58828175e-01
 -1.01566231e-02 -1.72827527e-01 -2.83181608e-01 -4.43560421e-01
 -2.78785586e-01 -9.09146294e-03  3.26992095e-01 -2.44171157e-01
 -8.55772570e-02  2.05893993e-01 -2.39526555e-01 -7.22220957e-01
  7.62970746e-02  2.44294986e-01 -7.23672807e-02  8.20787191e-01
 -7.42160797e-01  1.11326620e-01  7.07470998e-02  3.74314129e-01
 -5.62060475e-01 -1.20667264e-01  4.24097590e-02  1.89208552e-01
  1.68001160e-01 -4.17545438e-01  2.63867918e-02  1.16782928e+00
  4.88682419e-01  6.67501450e-01  1.89247608e-01  1.24349460e-01
 -3.46329361e-01  1.01264238e+00  3.88690621e-01 -1.34767279e-01
 -3.64661701e-02 -2.68478215e-01 -2.27005318e-01  2.46184215e-01
  7.00757444e-01  2.09298208e-01  5.51032163e-02 -3.22149009e-01
  3.03785298e-02 -1.28993168e-01  2.47318283e-01 -6.81204975e-01
  3.26690644e-01 -4.98809153e-03  2.22484209e-02  1.81263939e-01
 -1.56607125e-02  1.16939191e-02 -4.34721857e-02 -5.90896308e-01
  2.35128418e-01  1.04026459e-01 -2.90416688e-01 -2.52052724e-01
 -1.16657294e-01  1.68389559e-01 -5.05465984e-01  7.31107116e-01
 -8.75383988e-02 -5.20121939e-02 -1.95041969e-01 -7.62953341e-01
 -9.58197236e-01 -1.44637108e-01  2.34538779e-01  9.01429534e-01
  4.07821208e-01  6.29756331e-01 -4.10700798e-01 -1.21088838e-02
  7.44269937e-02  4.30814922e-01  6.97004080e-01  5.14623404e-01
 -3.77084136e-01 -8.35417688e-01  6.88030303e-01 -3.19491625e-01
  7.11719841e-02 -1.09017603e-01  4.69500989e-01 -5.05524762e-02
  1.77395388e-01  1.76179901e-01  5.70615768e-01  1.72787700e-02
 -5.29328585e-01  6.12888932e-01 -5.87090075e-01 -7.01371133e-01
 -6.50608242e-01  1.06572300e-01 -8.74849439e-01 -3.04847896e-01
 -1.70158278e-02  3.61644000e-01 -2.66962081e-01  4.07368749e-01
  1.16846681e-01 -4.03204173e-01  2.62280345e-01 -8.02602112e-01
  1.71659693e-01  3.98849487e-01 -2.46233597e-01  3.28189507e-02
  8.33067372e-02  4.26292390e-01 -3.85362506e-01 -3.27465773e-01
 -3.03336114e-01 -4.36185867e-01  6.58582449e-01  1.54066414e-01
  5.07061839e-01 -1.95756435e-01  5.58178842e-01 -6.43954158e-01
 -1.43138602e-01 -5.07917881e-01 -7.54758194e-02  2.68168479e-01
  6.73800930e-02  1.01369187e-01  2.60749608e-01 -4.75842506e-03
 -2.04482853e-01 -4.27545458e-01  1.86760053e-01 -1.46926060e-01
 -2.61572391e-01  8.70727375e-02 -9.83484983e-02  1.20090328e-01
 -2.58715391e-01  5.61444581e-01 -3.46907705e-01  3.71793389e-01
 -1.98741093e-01  4.71657544e-01 -4.95008290e-01 -2.13570803e-01
  1.29829317e-01 -1.67990163e-01 -7.25462556e-01  1.36007473e-01
 -4.95627642e-01  7.11258709e-01  3.24658275e-01 -6.43754542e-01
 -6.61221981e-01  7.57171167e-03 -2.56570876e-01 -1.09477811e-01
  9.73891392e-02  1.41657162e-02  5.28893471e-01 -2.00309426e-01
  4.80530113e-01  2.37599567e-01  5.38198769e-01 -1.24152772e-01
  1.20023549e-01 -4.06052440e-01 -3.60588450e-03  3.62094164e-01
  4.94219333e-01 -1.56870596e-02  2.78096020e-01  6.44880354e-01
 -7.93284103e-02  4.85585213e-01  2.90071994e-01  6.04702890e-01
 -1.94860458e+00 -6.13640487e-01  4.68035996e-01 -2.08448783e-01
 -3.92904818e-01  1.37804404e-01  2.85404831e-01  1.84585094e-01
 -2.27361038e-01 -6.98093593e-01  1.15709400e+00  3.65301877e-01
 -1.66478559e-01  4.56408113e-02  4.50541884e-01 -1.29122987e-01
 -4.82037887e-02 -9.37928557e-01  4.55287009e-01  7.13996470e-01
  3.19093838e-02 -5.19073367e-01 -2.99164355e-01 -4.72713023e-01
 -2.01185316e-01  2.58878410e-01 -4.19529557e-01  1.73009470e-01
 -7.93539762e-01 -1.28755674e-01  3.41026788e-03  1.13236904e+00
  6.84293330e-01  7.06061304e-01 -6.03573918e-01 -1.53207988e-01
 -3.31126988e-01  1.57555759e-01 -4.15466279e-02 -2.44446963e-01
  9.01303515e-02 -4.32672381e-01  6.30003661e-02 -1.78403214e-01
  8.59770700e-02  2.11934242e-02  3.95099968e-02  5.36345005e-01
 -5.91595948e-01  2.90085614e-01  5.91699362e-01 -1.29347771e-01
  2.97405332e-01  2.67027438e-01  8.87635887e-01  8.20816830e-02
  1.79935411e-01 -7.89586425e-01  4.97711003e-02 -3.30200344e-01
 -7.63139203e-02 -1.49170518e-01 -5.81076890e-02  6.23550653e-01
 -3.17764968e-01 -1.10785505e-02 -9.75172371e-02 -3.82246733e-01
  1.63755566e-01 -3.30403268e-01 -2.53992796e-01 -1.46244869e-01
  1.67036384e-01 -4.31098938e-01  5.96781254e-01  4.44889635e-01
  4.73326415e-01  2.24231593e-02 -2.64335394e-01  4.16286111e-01
 -1.17863961e-01  3.72304320e-01  1.64878815e-01  4.62975383e-01
 -4.95393991e-01 -1.04752295e-01 -1.49253562e-01 -5.99958777e-01
 -4.27237093e-01 -2.19944939e-02 -8.27218115e-01 -1.67011350e-01
 -2.91963220e-01  6.53698564e-01 -1.04144260e-01 -4.66476411e-01
  4.50275451e-01  1.88626349e-01 -6.23283088e-01 -5.98511815e-01
 -3.79816800e-01  5.32403171e-01 -3.09517026e-01  3.82414430e-01
  5.04179358e-01  4.45646703e-01  5.98533526e-02 -9.39377993e-02
 -8.58146548e-02 -3.28860193e-01 -4.89392579e-01 -3.37364525e-01
  8.16439927e-01 -1.99680462e-01 -8.74824226e-02 -1.79662198e-01
  1.20781243e-01  9.83806729e-01 -2.46181443e-01 -7.06167996e-01
  1.84776485e-01  2.78745592e-01 -9.08841267e-02  6.49790466e-01
  4.03090179e-01  9.48866725e-01  2.29081973e-01 -3.04198693e-02
 -3.10237795e-01 -4.30306196e-02  2.52798796e-02 -2.75557190e-01
 -1.22642852e-02  1.14261704e-02  6.22465491e-01  7.52787590e-01
  2.85755008e-01  5.34583151e-01  4.28843439e-01  1.18037097e-01
 -5.08956969e-01  3.32667381e-01 -7.16354698e-02  1.97122812e-01
 -6.33699074e-02  4.32701975e-01 -3.71223509e-01 -2.99541019e-02
 -1.15622126e-01 -4.70808685e-01  5.41847825e-01 -1.69412196e-01
  4.19521093e-01 -4.42405492e-01 -4.31113780e-01 -6.67392671e-01
 -5.92762768e-01  2.93712884e-01 -2.54387766e-01 -1.35150179e-01
  3.84918243e-01 -2.61929601e-01 -7.11760163e-01  5.97695671e-02
  5.86167336e-01  7.70050347e-01 -1.32831568e-02 -6.06674552e-01
 -1.96065113e-01  6.87392175e-01 -5.47984779e-01 -5.40097535e-01
  4.15446699e-01  1.07626371e-01 -1.66254655e-01 -1.27003288e+00
 -5.14018774e-01  3.81118841e-02  2.04751477e-01  8.72189999e-02
  3.04242760e-01  3.13170463e-01 -7.68497407e-01 -5.22592366e-02
 -2.10719243e-01 -4.20840353e-01 -8.23997520e-03 -6.72515571e-01
 -1.68707464e-02 -5.67318220e-03 -5.02896383e-02  3.62348378e-01
  4.67149466e-01 -5.87936401e-01 -5.68638086e-01  6.63863361e-01
  8.26817974e-02 -7.66754001e-02  1.54925659e-01 -6.59083724e-02
 -7.00471103e-02 -8.09440687e-02  2.50249773e-01  1.81322005e-02
 -1.43737588e-02 -1.95668757e-01 -9.35773134e-01 -3.33531022e-01
 -4.95368615e-02 -5.99126458e-01  2.72022069e-01  4.33734477e-01
  3.98546457e-01 -5.55747449e-01 -2.11986393e-01 -2.20101401e-02
  1.05022311e-01 -2.33714487e-02  2.61603266e-01 -2.12018266e-01
 -7.45832384e-01  3.16111445e-01 -6.67942921e-03 -6.43119097e-01
  9.98608351e-01  4.70578313e-01 -4.47846800e-01  2.53803581e-01
  5.42999983e-01 -7.58123547e-02 -2.41908878e-02 -1.49790004e-01
 -1.30126685e-01  4.30177897e-01  5.89731693e-01 -6.73604310e-02
  4.00107235e-01  5.47872782e-01 -5.96600235e-01  2.29628026e-01
  3.66872579e-01  4.74554449e-01  3.96606326e-01  2.03719735e-01
 -2.61710018e-01 -6.14960909e-01 -4.63144779e-01  5.09416521e-01
  7.65738115e-02  4.16536212e-01 -6.90255702e-01  5.52953541e-01
  6.34525657e-01 -4.80597734e-01  2.62136549e-01  7.58611917e-01
  3.90249729e-01  6.20191574e-01  6.15557805e-02 -5.30609637e-02
 -8.09289515e-01  2.74573117e-01  2.87055165e-01  2.03687027e-01
 -4.63621587e-01  1.88636258e-01  2.50928015e-01 -1.91972718e-01
  6.64985597e-01  9.39723477e-03  1.72820315e-01 -2.49546349e-01
  4.24697064e-02 -3.90565008e-01  1.09505534e+00  1.73301145e-01
  4.76333648e-02 -2.53128428e-02  1.83791108e-02  7.76229858e-01
  9.55665350e-01  2.34649703e-02  5.15891671e-01 -4.35312063e-01
 -8.01516831e-01  1.98608324e-01 -8.79543424e-02  1.09306298e-01
  3.63506615e-01 -7.27546275e-01 -6.55346334e-01  4.98710394e-01
  5.51626503e-01  4.96764993e-03 -4.83222783e-01 -6.14585638e-01
  2.44391561e-01 -3.44973922e-01  1.44438803e-01 -6.87149391e-02
  3.25828582e-01  4.65034395e-01 -1.74198404e-01  1.13261938e-01
  1.34371683e-01  9.52621937e-01  1.16988152e-01 -1.17631011e-01
  5.68449087e-02 -6.61344826e-02 -1.28969103e-01  3.50437343e-01
  4.04781640e-01 -1.43371001e-01 -3.54334086e-01  3.73850614e-01
 -3.75341535e-01  5.32990322e-02 -2.98335195e-01  7.10311607e-02
 -3.95378247e-02 -3.43820959e-01  3.27911615e-01 -3.51115912e-01
  1.41487822e-01 -4.54248749e-02 -6.89398289e-01 -2.80030668e-01
  2.41338551e-01  1.04613915e-01 -2.39841953e-01 -4.24303599e-02
 -4.17065561e-01 -3.41212153e-01 -1.44375801e-01  4.41786319e-01
 -1.05035233e+00 -4.56690311e-01  6.96669042e-01  3.70758146e-01
 -1.64982051e-01 -1.73777032e+00  5.02282441e-01  2.02695191e-01
  2.34420329e-01  1.43306121e-01  1.61909744e-01 -2.70626038e-01
 -6.02383725e-02 -3.24645847e-01 -4.47877079e-01 -1.93918914e-01
 -1.00647411e+01 -1.18980162e-01 -4.44589444e-02 -6.67080164e-01
 -4.67765272e-01 -2.12428242e-01  8.15504253e-01  3.46774071e-01
 -1.98790208e-02 -9.43387747e-02 -5.05934238e-01  2.10155636e-01
  2.57538021e-01  3.40120830e-02 -2.78191775e-01  2.62715314e-02
 -6.75364971e-01 -3.38905722e-01 -2.07706094e-01 -2.90699583e-02
 -1.53472781e-01 -3.77387583e-01  3.94524872e-01  4.31224346e-01
  6.89903915e-01 -2.91553468e-01 -2.73687720e-01  1.79279298e-01
 -2.19441488e-01  7.21848905e-01 -6.43919766e-01  1.90051571e-01
 -3.98616850e-01  5.04627705e-01 -3.04782093e-01  1.33153081e-01
  4.44344759e-01  4.24526691e-01 -8.12497064e-02  6.31481826e-01
  3.37121308e-01  1.26208767e-01  2.93325216e-01 -1.76489785e-01
  1.93023592e-01  1.01242013e-01  4.31854308e-01  6.51801154e-02
  9.17856455e-01 -2.31129542e-01 -3.73673975e-01  1.02076102e-02
 -5.17674834e-02 -2.91645318e-01  1.44750938e-01  2.72795379e-01
  4.96867716e-01 -6.25556111e-01  2.61825711e-01  1.18656315e-01
  3.85000587e-01  4.58489001e-01  9.72712398e-01  8.03777218e-01
 -5.70654310e-02  4.22381580e-01  3.17416899e-02  1.41183481e-01
 -8.40685129e-01 -4.60754007e-01  3.38461727e-01  6.10205173e-01
  3.50587368e-02  3.05510849e-01  1.85101479e-01  3.75044078e-01
 -1.58696339e-01  8.74420330e-02  1.66680932e-01  2.76464820e-02
  1.76009387e-01 -3.34643781e-01  8.10303614e-02  3.94456089e-01
 -7.95966685e-01 -2.16752782e-01  1.91067815e-01 -3.85501720e-02
  1.60231560e-01 -6.39836967e-01  7.04527140e-01  2.65899211e-01
 -5.75271308e-01  3.08782101e-01  3.16203207e-01 -8.29215646e-02
 -3.17987561e-01  8.25023651e-03  3.81430119e-01 -3.94706309e-01]"
、,"[ 6.19564891e-01  3.48990470e-01  1.05678833e+00 -4.76518273e-01
 -5.89197993e-01 -1.80985272e-01  5.99807594e-03  3.48114818e-01
 -8.36570024e-01 -6.61913931e-01 -2.24984929e-01 -7.09401548e-01
 -5.04682176e-02 -4.27168548e-01  7.36394823e-01  4.46071267e-01
 -5.13972580e-01  4.70191985e-01  1.28610849e-01 -3.88933688e-01
 -8.02529752e-01 -7.19212174e-01 -5.51232576e-01  1.94179580e-01
 -4.24044102e-01 -9.22909081e-01 -5.77747524e-01 -2.25871503e-01
  6.16062246e-03  1.90361649e-01  2.63263822e-01 -4.59424913e-01
 -3.37029576e-01  3.26155871e-01 -7.29415655e-01  6.90664709e-01
  1.09855078e-01  2.04123273e-01  4.16223079e-01 -5.47825217e-01
 -3.63002121e-01  5.25299966e-01 -6.01237535e-01 -5.33705831e-01
 -1.17106579e-01  4.18937579e-02 -1.70351088e-01 -3.14008780e-02
 -1.48378670e-01 -3.94418240e-01 -7.10678399e-01  7.77076364e-01
  3.95307064e-01  1.97193235e-01  4.25059050e-01  3.48844767e-01
  1.00915372e+00  2.31695063e-02  2.51429193e-02 -2.77285814e-01
 -7.28493154e-01  1.35660499e-01  3.72835487e-01  1.99648649e-01
 -5.92863142e-01  3.53270203e-01 -1.97767407e-01  5.27011633e-01
  4.37785447e-01 -1.56749219e-01  5.72068393e-01  3.82230729e-01
  2.29865074e-01 -3.82067144e-01  2.72301346e-01 -1.02660549e+00
  4.22236949e-01 -3.06795806e-01  2.78303176e-01  1.54867232e-01
 -2.39579827e-01 -1.77194715e-01  1.18241027e-01 -3.52237910e-01
 -6.73986316e-01 -3.20739567e-01 -1.28038943e+00 -1.31478816e-01
  1.09240055e-01  1.84782878e-01  7.71256909e-02 -4.37089592e-01
  3.70442659e-01 -3.06403965e-01  1.08329844e+00  4.15291339e-01
  3.11756343e-01 -1.49722591e-01  3.45589489e-01  2.24148557e-01
 -1.34176648e+00  5.55211902e-01 -2.22490579e-02 -8.50768030e-01
 -5.02077460e-01 -1.63305908e-01 -2.70293057e-01  9.13572550e-01
  5.68603694e-01  4.23302144e-01  3.08378842e-02 -2.61343122e-01
 -8.98737192e-01  1.84125751e-01 -7.97238424e-02  4.29514229e-01
 -5.93999922e-01 -1.56880766e-01  3.80602181e-02  1.47981182e-01
  2.25672424e-01  5.83205521e-01 -4.94649231e-01 -1.37248248e-01
  2.71740586e-01  1.91771790e-01  1.43268898e-01  3.52248698e-01
  2.58248210e-01 -6.03671372e-01  3.54725391e-01 -6.76566124e-01
 -4.38275337e-01  4.48752232e-02 -6.32838964e-01  9.65863824e-01
  2.95597851e-01 -4.53616470e-01  4.55907583e-02  1.16707087e-01
 -4.53558147e-01 -1.90691963e-01  8.19033861e-01 -4.69342530e-01
 -1.26384541e-01  4.84015971e-01 -3.18053514e-01 -3.54662597e-01
  4.17958498e-01  3.84567499e-01 -1.17151245e-01  1.18549073e+00
 -5.98949552e-01  4.14049864e-01  3.31434339e-01  4.17121530e-01
  1.97724313e-01  2.48643070e-01  3.47716659e-01  2.76961979e-02
  4.11643386e-01  6.32825419e-02  1.18790403e-01  1.04815269e+00
  6.59482360e-01 -1.55564593e-02  6.94226623e-01 -1.47756666e-01
  1.06589071e-01  9.08275247e-01  5.21017790e-01  6.92718804e-01
  2.86959380e-01 -8.05722103e-02 -1.43041581e-01  5.36922634e-01
  1.05046320e+00  4.52052206e-01 -3.81556600e-01 -1.08431470e+00
  4.24223900e-01  4.42889363e-01  7.72779524e-01 -1.12714835e-01
  5.96364141e-01 -5.33625722e-01 -4.14586544e-01 -9.30271968e-02
  4.22243088e-01  1.92764640e-01 -4.03500378e-01 -4.11044836e-01
  1.08263455e-01 -2.98586348e-03  5.24127074e-02  1.66703388e-01
  1.68479487e-01  3.49166006e-01 -1.20710939e-01  3.30856562e-01
  5.55051029e-01 -1.82412248e-02 -1.45895436e-01 -9.32063878e-01
 -1.46862078e+00 -5.85870445e-01 -5.39659746e-02  1.87197924e-01
  1.99310929e-01  6.86297357e-01 -7.20427871e-01 -1.59490690e-01
  1.60043836e-01 -4.50078696e-01  8.95096779e-01  4.83115405e-01
 -3.66250455e-01 -1.39857665e-01 -7.72723109e-02 -4.02719527e-02
  1.94887012e-01 -6.46153808e-01  3.49651247e-01  1.92998335e-01
 -2.92580247e-01  8.70890141e-01  5.92843413e-01 -9.52753246e-01
 -5.80048859e-01  2.99438626e-01 -7.09566295e-01 -3.87702137e-01
 -1.41489968e-01 -1.18763022e-01 -2.26882517e-01 -9.62506711e-01
 -6.21627271e-01  1.76975623e-01 -3.72060448e-01  6.18373096e-01
 -2.94424206e-01 -2.43675172e-01  3.91376376e-01  3.01522762e-01
  3.71793747e-01  2.27553472e-01 -1.13737024e-01 -4.07382041e-01
 -9.31951523e-01 -1.59475222e-01 -6.82427824e-01 -4.46774662e-01
 -2.98469603e-01  5.49641788e-01  4.08855259e-01 -3.41720372e-01
  3.42265159e-01 -8.26678753e-01 -2.16926455e-01 -9.44948673e-01
  3.00152451e-01 -2.17595428e-01  4.51044381e-01  2.43331358e-01
 -5.62678635e-01  1.60341650e-01  3.20326388e-01 -2.13534370e-01
 -4.06488061e-01 -1.03091255e-01  1.62412778e-01  1.53968409e-01
  3.97691995e-01 -4.14722145e-01 -4.98390198e-02  1.03123114e-01
  6.80415213e-01  1.05989110e+00 -1.46921188e-01 -6.75565481e-01
 -4.15622860e-01  7.21889496e-01 -8.20095241e-01 -5.11177719e-01
  8.52808803e-02  1.03799796e+00 -4.34150070e-01 -9.35805589e-03
 -9.31151360e-02 -2.13160783e-01  1.91886798e-01 -6.06915236e-01
  5.88084161e-02  1.08633958e-01 -1.04977202e+00 -5.27109094e-02
  4.00129139e-01  2.34819949e-01  3.81599426e-01 -1.05606109e-01
  2.87341863e-01 -2.64762312e-01  5.89905195e-02  1.70946449e-01
 -1.00497715e-01 -5.17471313e-01 -1.42846733e-01  6.44447267e-01
  2.66576797e-01 -8.47026348e-01 -1.11494452e-01  6.19632423e-01
 -1.26149130e+00 -3.06786031e-01  4.95160431e-01  4.62523967e-01
 -8.06296706e-01  3.06060970e-01  7.66430736e-01  5.97837329e-01
 -3.23574483e-01 -4.80345666e-01  4.36190069e-01  6.80817723e-01
 -3.46220940e-01 -7.66511083e-01  4.46574271e-01  1.41370684e-01
 -1.02980293e-01 -5.40488064e-01 -4.22592521e-01  2.65439659e-01
 -9.56962928e-02 -2.44895786e-01 -4.19214696e-01 -1.64666414e-01
 -3.06633502e-01 -1.86299354e-01  2.45105460e-01 -3.18525545e-02
 -4.67939153e-02  6.95682168e-01 -4.29805338e-01  2.94353485e-01
 -7.33016968e-01 -4.37277049e-01  2.66561896e-01  1.27512980e+00
  4.79947448e-01  6.53741300e-01 -7.52601027e-01 -1.44520000e-01
  5.73795199e-01 -2.82812655e-01  7.84134388e-01 -7.08252609e-01
  3.59551996e-01 -2.24990100e-01  4.48699862e-01  1.16294272e-01
 -3.12129945e-01  2.35679686e-01 -7.60837853e-01 -6.73935056e-01
  2.67290294e-01 -1.21579804e-02  5.65718532e-01  1.67689368e-01
  5.01080379e-02  1.14676392e+00  9.60680321e-02  2.76987255e-01
 -2.71636963e-01 -1.22291183e+00 -2.89872140e-01 -8.18493664e-01
 -6.62508532e-02 -1.92694157e-01 -1.40860051e-01  6.37988448e-01
 -5.30418992e-01  1.86866343e-01 -1.20204642e-01 -4.11263764e-01
  2.44287238e-01 -3.00013542e-01 -6.34748220e-01  7.67916441e-02
 -5.25389146e-03 -5.00541568e-01  9.10909593e-01 -7.81153853e-04
  5.73917747e-01 -3.62056822e-01 -6.39089048e-01  5.51906526e-01
 -2.96102375e-01  4.11931053e-03 -1.62997516e-03  1.26707420e-01
 -2.28781044e-01 -2.66635448e-01 -1.43769935e-01  7.04218075e-02
 -1.01175630e+00  5.35757422e-01 -4.32021618e-01  6.75554797e-02
 -8.48605037e-02 -2.45917618e-01 -7.83925593e-01 -2.14090332e-01
  6.49926662e-02 -1.52617112e-01  1.47238150e-01  3.65546376e-01
  1.92785159e-01 -4.59866107e-01  4.44740862e-01  5.81870079e-01
  7.73893416e-01 -2.91641772e-01  6.76422954e-01 -2.63343096e-01
  1.17030136e-01  3.80716622e-01 -6.36992872e-01 -5.00421047e-01
  4.08815056e-01  2.97089845e-01 -4.51088995e-01 -2.04766601e-01
 -3.11228544e-01  1.16950512e+00 -2.77644664e-01 -4.54189658e-01
  9.02678370e-01 -3.50255519e-01  3.74343127e-01  1.03486288e+00
  7.54888535e-01 -3.30618560e-01  8.13705385e-01  2.18930379e-01
  4.16463256e-01  4.81533222e-02 -4.06268418e-01 -2.30281323e-01
  8.68297458e-01 -6.90934286e-02  6.66430816e-02  7.24653006e-01
  2.38760859e-01  2.06386119e-01  3.04114431e-01 -5.26445173e-02
  9.19842198e-02  3.20594013e-01 -1.03994980e-01 -3.44978005e-01
 -9.09045413e-02 -1.85921431e-01 -3.08676630e-01 -1.10416561e-01
 -4.00955886e-01  3.75517428e-01  1.05863655e+00 -6.94070578e-01
  3.78207475e-01 -9.08133805e-01 -5.52755296e-01 -1.38808548e-01
 -1.92001596e-01  8.75670761e-02 -8.22129548e-01 -3.54723066e-01
  4.55889665e-02  1.00279652e-01 -4.14493322e-01  1.08850069e-01
  3.55072469e-01 -2.15982288e-01 -3.15951049e-01 -8.13616157e-01
  1.16831638e-01  7.96491444e-01 -5.83824217e-01 -3.93423349e-01
  6.02574646e-02  1.43868119e-01  7.51962185e-01 -8.37876320e-01
 -4.99396086e-01 -3.88970673e-01 -1.63934782e-01 -7.29858518e-01
 -7.74035156e-02  1.87464610e-01 -6.80498838e-01  2.74432480e-01
  2.74815336e-02 -2.77334094e-01 -6.96903944e-01 -2.62158155e-01
 -1.01872317e-01 -5.72798729e-01  2.52303690e-01  1.73197880e-01
 -2.32819691e-01  1.08727254e-01 -1.14598490e-01  3.01972538e-01
  7.32996821e-01 -3.82890403e-01  8.87310505e-01  1.18421558e-02
  3.52819413e-01 -8.10456395e-01  5.46011448e-01 -7.75444210e-01
  2.38731921e-01 -7.29404271e-01 -6.84348583e-01 -7.15870261e-01
 -5.92095733e-01 -4.44831431e-01  6.94105983e-01  1.41565049e+00
  5.82514405e-01 -6.70187950e-01  2.14604646e-01 -1.19992949e-01
 -4.59861130e-01 -5.14126062e-01  7.87957609e-02  2.87131276e-02
 -1.56250954e+00 -1.51050702e-01  1.10962011e-01 -5.99425375e-01
  1.38390613e+00 -1.81464463e-01 -5.51844716e-01 -2.03921989e-01
  4.20286179e-01  3.99480015e-01 -4.89688039e-01  5.79875633e-02
  6.39865458e-01  2.55382061e-01  8.10141325e-01 -2.74228573e-01
  9.06463787e-02  1.43677816e-01  1.23314664e-01  9.46904346e-02
  4.15143430e-01  4.98303205e-01  8.01388994e-02  8.77618074e-01
 -6.99887455e-01 -6.97887897e-01 -6.23159766e-01  3.57088059e-01
  1.52939767e-01  6.89155638e-01  2.19663188e-01  7.95781195e-01
  6.50093913e-01 -1.51333585e-01  5.73428571e-02  8.89968514e-01
 -5.97225539e-02  1.22493303e+00 -5.51827133e-01  1.37401536e-01
 -7.72205174e-01 -2.06141174e-02  9.32204127e-01  7.35337436e-01
 -8.95386338e-02 -1.53636605e-01 -3.05787884e-02 -5.36286592e-01
  6.01685405e-01  3.55800867e-01 -1.03232712e-01  3.82544249e-01
  2.98963398e-01 -4.40684706e-01  1.03710151e+00 -3.41293402e-02
  2.65880525e-01 -6.53926969e-01 -6.79441914e-02  7.28975594e-01
  4.15084481e-01  9.39821303e-02  7.79341817e-01 -2.90805787e-01
 -6.84835374e-01 -1.62706956e-01  4.63800877e-01 -5.89522481e-01
  6.39394343e-01 -2.95108021e-03 -5.35931289e-01  7.10071802e-01
  6.55490518e-01  3.54701787e-01  3.58774036e-01 -5.89766741e-01
  1.17845006e-01 -1.08676121e-01 -1.62910074e-01  3.95880550e-01
  2.95421898e-01  4.05331105e-01  4.14086431e-02 -8.01070631e-01
  4.48301136e-01  1.35899627e+00 -5.21174166e-03 -9.20743793e-02
  3.09572011e-01  4.76359650e-02 -3.68001699e-01  1.13999829e-01
  3.10434073e-01 -2.43526921e-01  2.28980020e-01 -2.65523016e-01
 -3.08441073e-01 -1.91721022e-01 -1.11167714e-01  8.36298406e-01
  1.01698734e-01 -1.07925378e-01 -1.25733867e-01 -4.97482158e-02
 -7.83489943e-01 -9.43723172e-02 -1.25350189e+00 -8.20444703e-01
 -2.28514839e-02  7.94210806e-02  1.26814499e-01 -8.76045674e-02
 -1.05067170e+00 -3.63582850e-01 -3.43650937e-01 -7.80060351e-01
 -2.88844973e-01  2.45602176e-01  4.45047945e-01 -2.33513191e-02
 -6.45122170e-01 -3.19861680e-01  4.66754586e-01  4.40857112e-01
  2.82281876e-01  2.90625960e-01 -4.73927796e-01 -2.05121815e-01
 -6.80044219e-02  5.64762473e-01 -6.96877837e-02 -4.17860806e-01
 -9.23985100e+00  4.85890538e-01 -6.96021855e-01 -3.61793712e-02
 -2.90854603e-01  1.09774433e-01  7.45853484e-01  9.02153552e-01
 -8.39797497e-01  8.33707035e-01 -4.17751402e-01  3.90330076e-01
  6.95094764e-01  6.22927845e-01 -6.64734542e-01  4.40518484e-02
  3.32636237e-01 -1.16694659e-01  6.17951155e-01 -1.33797184e-01
 -4.72347558e-01 -8.30896676e-01  3.33613247e-01 -3.58044833e-01
 -5.38796723e-01  3.51196766e-01  7.18298554e-01  2.11320475e-01
 -3.41110140e-01  7.43181169e-01 -7.08786130e-01  2.28396952e-01
 -4.62522358e-02 -4.46464896e-01 -3.44868720e-01  6.35457754e-01
  4.75096405e-01  5.00575125e-01 -6.28811955e-01 -9.84638035e-02
 -2.70890117e-01  7.00600922e-01  8.04221705e-02  8.24451894e-02
 -1.22166611e-01 -9.91153196e-02 -1.91530034e-01 -4.20115441e-02
  9.88452911e-01 -2.90996104e-01 -7.04822019e-02 -7.77584851e-01
  4.59912896e-01 -9.61031556e-01 -3.41256499e-01  5.53800277e-02
 -5.96617341e-01 -8.16795051e-01 -3.44860584e-01  1.78946048e-01
  4.90690202e-01  3.57918739e-01  6.26448035e-01  1.93165451e-01
  1.91162061e-02  1.54929057e-01  4.83032584e-01  4.93613690e-01
 -3.64377618e-01 -4.92198080e-01 -7.11397529e-02  2.91632563e-02
 -4.73363608e-01 -1.61238447e-01 -1.43021703e-01  1.17001042e-03
 -6.81431472e-01 -2.01734558e-01  7.15143025e-01 -2.83666495e-02
  1.09446359e+00 -1.71665415e-01  2.87442692e-02 -3.10643524e-01
  1.18271388e-01  3.75444852e-02  8.50067377e-01  6.01617038e-01
 -7.22594792e-03 -7.78655231e-01  4.37221348e-01  5.96830487e-01
  6.06789231e-01  6.27070546e-01  1.22048862e-01  3.47596146e-02
  8.28653276e-01 -1.22065932e-01  8.15058947e-01  1.96478128e-01]"
ア,"[-8.56139064e-02  3.02740455e-01  3.66918623e-01 -6.81469440e-01
  3.29799533e-01  4.54889685e-02  2.21813381e-01 -7.68228769e-01
 -3.37525725e-01 -5.22257835e-02  1.10155940e+00  2.18479648e-01
 -3.83875251e-01 -2.12393418e-01  4.36723888e-01 -2.45362014e-01
  1.51291087e-01  3.39847654e-02  2.91650742e-01  3.07729185e-01
 -1.98748000e-02 -4.48341548e-01  1.57476664e-01  3.42278816e-02
  4.34476882e-01 -3.80789608e-01  2.59692192e-01  2.77812123e-01
 -9.01101753e-02 -4.18382466e-01 -5.25415778e-01 -5.09669721e-01
 -1.32547200e-01 -6.81952417e-01 -4.68593985e-01  1.07640345e-02
  2.77650476e-01 -9.30416360e-02  3.17752987e-01 -6.70901299e-01
 -2.58810464e-02 -4.02225286e-01 -5.11971354e-01 -8.41182694e-02
 -3.94098788e-01  2.90239781e-01  1.68055609e-01  4.93335187e-01
  3.30769658e-01 -4.81752167e-03 -4.12266999e-01  1.57610234e-02
  1.01749651e-01 -1.69630498e-01  1.77154705e-01  2.15597332e-01
  1.42561227e-01 -2.15666324e-01  4.50630099e-01 -4.19221133e-01
 -4.73264366e-01  1.26632243e-01  2.42408320e-01 -5.34897484e-03
  2.18444109e-01 -3.28550756e-01  1.16647491e-02 -2.45906100e-01
  8.98685306e-02 -3.67957592e-01  1.82659552e-01  2.81845182e-01
 -2.51022309e-01 -5.60812950e-01  7.32178390e-01 -2.87109733e-01
  4.77445535e-02 -1.43804058e-01  2.27447242e-01 -2.07319334e-02
 -3.13366205e-01  5.59108138e-01  9.29709524e-02 -5.19241810e-01
 -3.14470202e-01  2.69096106e-01 -5.87040484e-01 -6.55221283e-01
  2.98218399e-01 -2.15201795e-01 -6.42039478e-02 -1.88823268e-01
  5.24567187e-01  4.59967852e-01  1.04787141e-01 -8.82977992e-02
 -3.79604404e-03 -2.57573754e-01 -4.02461737e-01 -1.43519163e-01
 -1.77037418e-01  2.51689982e-02  4.50256467e-01  9.15600061e-02
 -1.64590672e-01 -1.08144417e-01 -2.30344549e-01  5.03730476e-01
  8.84097815e-02  1.89898282e-01 -3.03039342e-01 -8.20235074e-01
 -7.09428847e-01 -1.77695081e-01  3.02248001e-02  1.11528449e-01
 -2.76109636e-01  3.87872756e-01 -3.57310951e-01  3.06591183e-01
 -4.07336652e-02  4.78101611e-01 -2.27663204e-01 -1.25333056e-01
  1.90807372e-01  6.55695319e-01  3.24717164e-01 -1.45403743e-01
 -1.42536983e-01 -2.75677294e-01  1.70531690e-01  1.50956854e-01
 -4.04435962e-01 -7.06731379e-02 -1.81705147e-01  9.14120317e-01
  7.94043615e-02  3.80747736e-01 -9.16137248e-02 -5.63675821e-01
 -1.96325913e-01 -9.78846774e-02  5.79095542e-01 -7.57808611e-03
  1.14902206e-01  7.90247023e-02  3.83759886e-01 -7.20137954e-02
  4.38300043e-01  4.62301970e-01  1.34851411e-01  8.78886759e-01
 -6.41681314e-01 -7.62286857e-02 -2.14986801e-01  2.27942802e-02
 -7.29105890e-01 -2.22765282e-02  4.02747005e-01  3.65028977e-01
  5.01327038e-01 -4.39956695e-01  8.37064683e-02  2.44141325e-01
  1.86105996e-01  5.45487881e-01 -1.61982447e-01  2.75094926e-01
 -1.06398620e-01  7.18359411e-01  7.30761960e-02  3.48565459e-01
 -1.14014437e-02 -5.47548413e-01  5.88868737e-01  3.47661912e-01
 -1.49831467e-03  4.03633893e-01  6.39072955e-01 -8.60836506e-01
 -1.63063422e-01 -2.41389428e-03  5.42049289e-01 -4.91792589e-01
  3.88116986e-02 -4.08880562e-01  2.65413254e-01  1.94101557e-01
  5.86227290e-02 -1.47086844e-01 -3.21618840e-02 -2.78160095e-01
  1.54328883e-01 -7.50309005e-02 -3.08155745e-01 -2.24371761e-01
 -6.49818452e-03 -1.88379467e-01 -3.11965913e-01  4.97898519e-01
 -8.15924555e-02  2.13608384e-01 -6.05939209e-01 -7.47707129e-01
 -1.01716185e+00 -1.26258329e-01  9.17839110e-02  2.66265988e-01
  4.82101887e-01  6.74710143e-03 -1.68044895e-01  5.66640915e-03
 -2.29208753e-01  5.27327657e-01  5.54585338e-01  2.04365462e-01
 -2.58986354e-01 -7.42352188e-01  3.82943183e-01 -5.31102180e-01
 -2.91173398e-01  1.87991083e-01  6.03350759e-01 -8.18633810e-02
 -5.23401916e-01  2.94640332e-01  1.69834211e-01  4.86966759e-01
  1.03170061e-02 -1.21270552e-01 -8.28623027e-02 -8.57433617e-01
 -9.36667442e-01  2.91541785e-01 -7.28857756e-01 -6.77822232e-01
 -4.59589064e-01  4.07723218e-01  4.29260023e-02  4.98022616e-01
  6.73874617e-02 -1.36200488e-01  4.04502064e-01 -4.72320355e-02
 -5.26768208e-01  4.47045535e-01  9.94912013e-02  1.81415349e-01
 -2.90759742e-01  3.20472836e-01 -3.43134820e-01 -4.20722514e-01
  1.11354925e-01 -3.82795520e-02  6.31180942e-01  1.48698553e-01
  4.46934730e-01 -2.69063503e-01  1.97065026e-01 -2.40176812e-01
 -1.35310635e-01 -1.48509815e-01  7.54585639e-02 -8.79444629e-02
 -4.55608487e-01  8.98625106e-02  2.82745272e-01 -8.55266377e-02
 -1.34380326e-01 -4.57180470e-01  2.40176916e-01 -3.54278564e-01
 -4.31633860e-01 -2.75934428e-01 -1.66673049e-01  2.09935993e-01
 -4.16957796e-01  3.78483385e-01 -2.72529006e-01  4.60734934e-01
 -5.16923487e-01  8.42852071e-02 -5.87346554e-01 -4.67474908e-01
  2.96625346e-01  2.54956167e-03 -4.38164562e-01 -3.57231826e-01
 -6.64146125e-01  4.18148279e-01  9.39948857e-02 -1.42541796e-01
  4.31831516e-02  1.50386924e-02 -4.12402689e-01  6.36208802e-02
  2.24109605e-01  4.81088161e-02  1.76868051e-01  2.55240470e-01
  5.83295286e-01  1.00737080e-01  5.87756157e-01  2.42017712e-02
  4.64593023e-02 -7.67612994e-01 -1.24863394e-01  7.71990493e-02
  6.01087034e-01  2.47266088e-02 -2.71271378e-01  9.44731951e-01
 -7.48981833e-01  2.50659287e-01  1.35953665e-01  4.36797827e-01
 -1.49509811e+00  1.31861279e-02  5.32317936e-01 -1.02852926e-01
 -7.47156501e-01  5.07615328e-01  3.31835240e-01  9.62553546e-02
  3.81212205e-01 -7.55121410e-01  9.60964680e-01  5.20123184e-01
 -5.96139848e-01  5.59463724e-02  3.23554903e-01 -3.74620073e-02
  2.71072298e-01 -3.80279839e-01 -2.10356954e-02  3.32610279e-01
 -1.91518236e-02 -3.09790909e-01 -2.34986767e-01 -6.41908944e-02
 -3.76436681e-01  3.43098909e-01  1.99529663e-01 -3.75200093e-01
 -4.52565044e-01 -2.48875707e-01  1.54740453e-01  8.06137025e-01
  1.62439600e-01  7.06430852e-01 -2.72926569e-01 -1.51162848e-01
  3.32902312e-01  1.86213985e-01  2.00586125e-01  2.55493939e-01
 -3.85046393e-01 -3.09882075e-01  3.34749937e-01  3.61523688e-01
 -8.70125145e-02  1.17123939e-01  1.52848810e-01 -1.03821680e-01
 -1.19236164e-01  2.61777073e-01  5.36394358e-01  1.01695992e-02
  7.22588599e-01  2.97883183e-01  6.40619516e-01  5.19015379e-02
  2.84985006e-01 -1.31650686e-01  3.70109916e-01 -9.69279334e-02
  1.58608243e-01  2.92110205e-01 -5.57724535e-01  2.54637927e-01
 -6.37705743e-01 -3.06318492e-01  9.36555937e-02 -4.70354021e-01
  3.21178325e-02 -7.39066899e-01 -5.06066859e-01  2.07862362e-01
 -2.98199892e-01 -6.95709586e-01  9.93551910e-02  2.61629462e-01
  2.98718721e-01 -4.00396258e-01 -2.96341956e-01  1.06079765e-01
 -9.92017314e-02  2.73635507e-01  5.41966915e-01  3.73985559e-01
 -4.21106696e-01  4.48349603e-02 -5.18124580e-01  8.26670453e-02
 -6.93614185e-01 -2.67721742e-01 -3.83261502e-01  2.16604561e-01
  1.88926756e-01  2.17397884e-01  3.02322477e-01 -2.29302309e-02
  3.30198035e-02  2.85004765e-01 -2.99083650e-01 -2.81243086e-01
 -5.14826715e-01 -1.75399520e-02  4.18958887e-02  4.42850709e-01
  1.68201849e-01  5.86634517e-01 -1.33998007e-01 -2.39505231e-01
 -6.00530207e-02 -1.72021717e-01 -2.59029299e-01 -4.19188201e-01
  5.92540026e-01 -4.99119222e-01  1.70943439e-01 -3.44966531e-01
 -1.87651977e-01  7.56110847e-01  1.84494276e-02 -1.32108629e-02
 -5.95052466e-02  3.45615625e-01 -3.01172704e-01  6.62847996e-01
  3.64247918e-01  6.27003074e-01  1.45101652e-01  4.62624311e-01
 -1.14073336e-01 -3.32137525e-01  3.58932048e-01  1.94102004e-01
  8.49796683e-02 -3.43214631e-01  4.53867286e-01  3.89586151e-01
  6.67229742e-02  1.20623752e-01 -2.70603985e-01  2.27163449e-01
  1.13812014e-01  1.51693612e-01  4.10889089e-01  1.35777727e-01
  2.02523936e-02  2.24383697e-01 -3.03088665e-01  3.55454385e-02
 -1.58732235e-01 -5.16002417e-01  3.77168596e-01  1.29737228e-01
  7.77284861e-01 -3.66578288e-02 -2.61188269e-01 -1.23631619e-01
 -5.13213873e-01  1.70539811e-01  1.74008161e-02  3.70736420e-01
  4.56324667e-01  1.62856147e-01 -1.11642033e-01  9.56767052e-02
 -1.92905162e-02  3.44975829e-01  4.00333405e-01 -6.94940805e-01
 -2.75600433e-01  2.02198997e-01  1.37212574e-01 -2.13618129e-01
  3.50191504e-01  4.66799080e-01  3.65966372e-02 -6.70683146e-01
 -2.83549298e-02  2.13585138e-01 -1.90956563e-01 -2.38711648e-02
  5.53976417e-01  9.50358137e-02 -4.05080497e-01 -4.01607126e-01
 -1.80432171e-01 -4.13534492e-01  3.12788822e-02 -7.74021029e-01
 -1.33451179e-01 -1.44193649e-01 -1.23055346e-01  4.89797324e-01
  6.75720572e-01 -2.64782608e-01 -1.07567139e-01  3.63957763e-01
  1.24347366e-01 -3.40770185e-01 -2.13301599e-01  2.42104992e-01
  1.12090148e-01 -7.88217634e-02  7.01323450e-01  9.39735770e-02
  8.72932374e-02 -2.22011074e-01 -8.72299790e-01 -1.47304488e-02
 -3.31273019e-01 -6.71504796e-01  3.99886400e-01  4.08091903e-01
 -3.14026028e-02 -3.80787462e-01  3.78406078e-01 -2.50835747e-01
 -3.21762450e-02  1.28281906e-01  2.92781174e-01 -1.93143263e-01
 -6.32037699e-01  4.11850065e-01 -5.57355404e-01 -3.57634604e-01
  5.55591941e-01 -1.08105494e-02 -5.60555041e-01 -3.96264046e-01
  8.51229191e-01 -2.70731390e-01 -6.96613312e-01  8.28655660e-02
 -3.44545245e-01  4.07533616e-01  2.90771037e-01  2.49748215e-01
  2.22741384e-02  1.67773202e-01 -4.13716972e-01  4.47412133e-02
  4.01618212e-01  4.78118300e-01  4.18568462e-01  2.43107617e-01
 -2.99902231e-01 -5.38670003e-01 -3.86130273e-01  4.34720397e-01
  4.65777159e-01  4.29787487e-01 -1.84280694e-01  6.43347383e-01
  2.81921268e-01 -5.11567950e-01 -1.57107376e-02  9.06101286e-01
  3.94504458e-01  4.95516092e-01 -2.70964503e-01 -2.35544682e-01
 -6.77909255e-01 -2.07214743e-01  5.64181805e-02  2.72577941e-01
 -3.11586056e-02  1.17610559e-01  1.47219732e-01 -4.70565617e-01
 -9.60212871e-02  4.89034317e-02 -1.84012190e-01 -1.39017120e-01
  2.96243250e-01 -2.82449305e-01  2.17589498e-01  7.27496445e-02
 -3.00563395e-01 -9.62504372e-02 -3.84004265e-02  1.65501267e-01
  6.09464169e-01  6.90211356e-02  6.84956908e-02  2.57181767e-02
 -1.05873454e+00  1.50069386e-01 -2.81789958e-01  1.27591118e-01
  5.40462792e-01 -5.19490123e-01 -4.47396100e-01  3.28666627e-01
  4.84655917e-01  2.46924520e-01 -2.34570742e-01 -9.53014135e-01
  2.12274939e-01 -7.93172978e-03 -2.14523584e-01 -1.39891073e-01
 -1.83867276e-01  2.31527716e-01  1.12296110e-02 -3.76588106e-01
 -3.46077308e-02  5.06906986e-01  1.98409140e-01 -1.76820587e-02
  8.04087520e-02  8.29249993e-02  1.03489473e-01  1.47649035e-01
  5.31235849e-03 -3.20765376e-01  1.42327055e-01  8.27370510e-02
 -4.85530347e-01  1.02021545e-01  3.94010730e-02  1.46850213e-01
  4.40492108e-03  8.56601226e-04 -1.01568267e-01 -4.67095703e-01
  2.22158104e-01  2.19469205e-01 -6.90754354e-01 -3.25084180e-01
  1.75471187e-01  2.45635673e-01 -2.81841874e-01 -1.99431896e-01
 -2.95501709e-01 -3.78937423e-01  2.64950059e-02  4.40769821e-01
 -2.68136352e-01 -6.74465597e-01  1.90524459e-01  2.44256258e-01
 -3.99234086e-01 -1.16663790e+00  1.87954620e-01  1.05167136e-01
  5.22831798e-01 -1.77811161e-01  2.21223980e-01 -2.71224976e-02
  7.88793117e-02 -3.33588451e-01 -2.63842225e-01  3.19792092e-01
 -1.03468761e+01 -2.44539261e-01 -2.15268224e-01 -7.26662159e-01
 -3.72948140e-01  7.42654920e-01  1.01515412e+00  1.85297400e-01
  1.04285493e-01  4.49742705e-01 -6.86010361e-01 -1.76623046e-01
  5.95116198e-01  4.10606623e-01 -2.66310662e-01 -1.01680264e-01
 -3.46687040e-03 -6.64215028e-01  1.79550588e-01  4.61170301e-02
 -1.88490003e-01 -9.31667686e-02  1.00897396e+00  1.81435645e-01
  3.41640562e-01 -6.26424134e-01 -2.70807922e-01  4.26549651e-02
 -2.10851789e-01  6.42809391e-01 -3.69195491e-01  3.57716084e-01
  1.49220973e-01  3.23194772e-01 -3.28726530e-01 -5.56796134e-01
  1.71622813e-01  5.96134722e-01 -3.42921078e-01  4.70570117e-01
  2.97382116e-01  4.09452707e-01  4.12468433e-01 -1.97123662e-01
  3.92018735e-01  7.91536987e-01  2.63753712e-01 -7.32133836e-02
  6.74169123e-01  3.25515978e-02  3.36727239e-02 -3.71825665e-01
  1.80881843e-01 -2.63271689e-01 -1.67755708e-01 -2.32821226e-01
  8.39209139e-01 -6.22108221e-01  6.51988238e-02 -1.92218482e-01
  4.24268603e-01  8.56949948e-03  1.35705626e+00  3.05712700e-01
 -6.72394693e-01  6.03219261e-04  2.60016322e-01  2.27366894e-01
 -6.50889337e-01 -2.39238963e-01  7.52511024e-01 -2.99976945e-01
  7.02338964e-02  1.67935565e-01 -1.01139769e-01  2.99135953e-01
 -4.40396965e-01 -2.15764001e-01  1.89010039e-01  5.47618605e-02
  5.51583588e-01  2.27158129e-01 -1.57137647e-01  2.88989335e-01
 -1.04259169e+00 -1.08805984e-01  5.49033701e-01 -5.28628528e-02
  7.63008773e-01 -4.41817701e-01  4.52982783e-01  1.56099781e-01
 -1.35963276e-01  4.00149263e-02  2.36584485e-01  1.64650276e-01
  7.44567156e-01  7.71074891e-02  3.30137402e-01 -1.20960325e-01]"
ナ,"[-1.36217847e-01  3.79785836e-01 -7.92758390e-02 -5.09535491e-01
 -1.95318786e-03  2.65511032e-02  3.28162432e-01  1.86124414e-01
 -4.10467416e-01 -4.79793012e-01  5.64779341e-01 -1.58841357e-01
 -3.58249873e-01 -1.21736579e-01  8.01063955e-01 -2.62379080e-01
 -1.14656851e-01  5.74271560e-01  7.07754716e-02  2.66021073e-01
 -1.86416194e-01 -6.59682512e-01  3.99309322e-02  2.96137743e-02
  4.26596284e-01 -2.26286814e-01 -5.27459085e-02  2.43042350e-01
 -1.87669918e-01 -3.39602441e-01 -6.15385592e-01 -7.27221608e-01
 -2.41543472e-01 -5.58901489e-01 -3.99754226e-01  3.63775998e-01
  4.19665515e-01  1.36867613e-01 -1.26615241e-01 -3.62567186e-01
 -3.51681143e-01 -3.00753027e-01 -3.07276398e-01 -3.41567010e-01
  1.82689756e-01  7.73475230e-01 -1.72071517e-01  2.98296034e-01
  1.09790802e+00 -5.19320881e-03 -2.24340603e-01  3.36468339e-01
 -9.59923957e-03 -4.88534989e-03  1.07273594e-01 -1.52681500e-01
  6.55446112e-01  3.33327949e-02 -4.53105271e-02  3.10871243e-01
  6.76823854e-02 -1.04677454e-01  4.56239283e-01  2.24224582e-01
 -7.09120929e-01 -3.74676853e-01  4.51853909e-02 -6.66756928e-02
 -3.65355164e-01 -4.55440432e-01 -3.05466056e-01 -1.93880707e-01
  3.06158047e-02 -8.07640776e-02  1.83492303e-02 -4.41437542e-01
  1.64273813e-01 -4.63895202e-02  5.95329642e-01 -7.01336637e-02
 -3.65556823e-03  5.08116007e-01  5.08597158e-02 -1.96027994e-01
  2.67019659e-01  4.62842956e-02 -3.44363570e-01 -9.88484859e-01
  3.15028399e-01 -2.64876187e-01 -1.39831915e-01  5.50535142e-01
 -2.55879790e-01  1.75825730e-01 -5.80384552e-01 -1.28734753e-01
  1.76557988e-01 -1.89133123e-01  6.04552999e-02  2.59222746e-01
 -4.22254391e-02 -7.70054460e-02  7.04882324e-01 -5.76668568e-02
 -1.53928623e-01  3.42632353e-01 -3.43115151e-01  4.49620113e-02
  2.42110752e-02 -7.46607408e-02 -3.88004512e-01 -3.23105186e-01
  1.31809622e-01  5.69591165e-01 -6.86645955e-02  2.54773289e-01
  8.70746672e-02  2.53773272e-01  2.56878912e-01  2.00417340e-01
  4.36134845e-01  8.56271565e-01 -2.30346486e-01 -1.05310023e-01
 -5.41190982e-01  5.03071785e-01 -1.98655307e-01 -3.05972755e-01
 -1.14055686e-01 -5.99570692e-01  4.72426526e-02  2.75245816e-01
 -1.28947541e-01  2.38380015e-01 -5.20284116e-01  7.78640866e-01
 -1.01966277e-01  4.08485919e-01  4.54666317e-02 -4.16279823e-01
  3.09428930e-01  2.98197530e-02  2.51705293e-02  1.33771747e-01
 -3.04233849e-01  3.02716553e-01  1.36913702e-01 -2.07376768e-04
  3.76660138e-01  5.68434715e-01 -1.34753644e-01  7.10936606e-01
 -7.64993131e-01 -1.17561013e-01  1.90661415e-01  3.33658755e-01
 -7.87062764e-01  2.36750439e-01  4.83446121e-01  8.27533305e-01
  8.74495357e-02 -8.20303857e-01  5.06666861e-02 -5.36461994e-02
  3.01194191e-01  1.36812225e-01  1.21609658e-01 -3.14265013e-01
  4.17913049e-01  4.48738635e-01  3.17748487e-01  2.46622518e-01
  2.27483809e-02 -2.00229630e-01  6.43893063e-01  6.77333772e-01
  2.43685111e-01  2.57706285e-01 -1.15250852e-02 -1.76610917e-01
 -2.47992203e-01 -4.40509081e-01  7.68386200e-02 -1.65818632e-01
  9.74546149e-02 -3.75914931e-01 -1.54532149e-01 -3.64104837e-01
  1.88847661e-01 -1.59631923e-01  6.68581054e-02 -2.98287272e-01
  3.53886485e-01 -1.14993319e-01  2.72798166e-03 -5.53391516e-01
 -3.80839705e-02 -4.13825214e-01 -9.75275040e-02  2.52881944e-01
 -4.01181877e-01  5.58508001e-02 -1.11496776e-01 -1.42224833e-01
 -1.08030295e+00 -5.20593338e-02  3.11988711e-01  7.99841583e-01
  4.60781097e-01  4.70659047e-01 -1.18820198e-01 -2.65575480e-02
  6.86475158e-01  1.83247432e-01  2.20387485e-02  1.38242573e-01
 -6.60987377e-01  1.32219061e-01  2.95667499e-01  5.98401092e-02
 -5.83511233e-01  1.12225980e-01  2.05917597e-01  4.03799087e-01
  4.57566790e-02  6.79417625e-02  8.97147134e-02 -1.06335782e-01
  2.76489615e-01  2.20542759e-01 -9.18733925e-02  2.29321420e-02
 -7.94441044e-01 -1.39095321e-01 -1.19558227e+00  4.44883972e-01
 -1.01232916e-01  5.70947587e-01 -7.26514831e-02  8.01285803e-02
  3.90290692e-02 -2.42909957e-02 -7.13287592e-02 -1.06457040e-01
 -5.04622236e-02  5.21994591e-01 -2.17935219e-01 -2.63024211e-01
 -3.88072252e-01  6.34832829e-02 -9.22822654e-02 -6.15083814e-01
  2.72369564e-01 -2.32835665e-01  6.31019831e-01  4.55764443e-01
  4.66444761e-01 -6.27220929e-01 -3.09162855e-01 -3.47595394e-01
 -2.33423427e-01 -5.47605753e-01  1.95025384e-01 -3.92802775e-01
 -2.44636402e-01 -6.13931753e-03  3.07361662e-01 -7.44153321e-01
 -2.54494816e-01 -5.41086376e-01  2.85130084e-01 -7.32665181e-01
 -3.65930125e-02 -2.10548982e-01 -1.57022804e-01 -2.61361718e-01
 -2.50898272e-01  2.97212362e-01 -7.76135921e-01  1.28358558e-01
 -5.88600695e-01  4.96300757e-01 -7.17930615e-01  2.75920719e-01
  2.24471271e-01 -2.24002495e-01 -4.96995419e-01 -1.19362988e-01
  2.06217155e-01  1.59566939e-01  2.91711509e-01 -1.50227964e-01
 -1.06531978e-01 -2.88291186e-01 -2.69295812e-01 -1.27763137e-01
  1.79937214e-01 -2.57913977e-01  1.82493612e-01 -1.06588555e-02
  4.38590735e-01  5.49603939e-01  5.10780990e-01  8.62148404e-02
 -1.89244464e-01 -5.10406494e-01 -8.06207210e-02 -4.01949018e-01
  8.37279558e-01 -1.27503648e-01  6.81416690e-02  8.43417823e-01
 -3.43123525e-01  4.27420944e-01  4.92610663e-01  3.57669204e-01
 -1.83962739e+00  8.63521472e-02  1.83601186e-01 -1.78991839e-01
 -1.02437764e-01  4.95744765e-01  3.24417114e-01  3.79628479e-01
 -2.82256156e-01 -2.42777660e-01  1.53881446e-01  4.30253983e-01
 -2.43113890e-01 -5.06444931e-01  2.94239849e-01 -1.20952807e-01
 -1.11387268e-01 -5.77569306e-01 -2.61537135e-01  3.22505057e-01
  5.52402794e-01 -7.49784410e-02 -4.16341238e-02 -4.51178700e-01
  1.46364989e-02 -4.89417017e-02 -7.73097873e-02 -3.48984972e-02
 -5.18511772e-01 -2.18516905e-02 -5.50190685e-03  4.79943335e-01
  5.31697452e-01  6.18142724e-01  5.17191410e-01 -3.68477814e-02
  4.15738523e-01  4.09637064e-01  2.78648823e-01  2.58205205e-01
 -1.92478687e-01  3.38051021e-02  6.54076815e-01  4.56723630e-01
  1.25677779e-01  2.34822974e-01  2.94249147e-01  5.72276235e-01
  4.93437529e-01  2.86634922e-01  3.06924045e-01  1.74232289e-01
  4.80722755e-01  7.67842352e-01  4.61996824e-01 -1.49397627e-01
 -5.35545051e-01 -2.07195401e-01  4.61773090e-02 -7.19204664e-01
 -2.36712545e-02  1.69839919e-01  4.68096703e-01 -6.63670242e-01
 -3.45444322e-01 -2.95199662e-01  1.76241323e-02 -7.02230990e-01
 -3.58724922e-01 -6.69557035e-01 -6.39351606e-01 -1.93379059e-01
  1.65576994e-01 -4.11117226e-01  5.45201898e-02 -6.07914478e-02
  7.05879748e-01 -6.72730744e-01 -3.99949640e-01  1.13895223e-01
 -6.31103158e-01 -2.93652326e-01 -3.77531469e-01 -1.63616955e-01
 -3.91004562e-01 -1.25441849e-01  3.14322710e-01 -4.70428199e-01
 -7.83000410e-01 -2.88838267e-01 -6.09501421e-01 -3.22668433e-01
  3.07533801e-01  5.02631187e-01  3.61660123e-02  5.98707616e-01
  2.11616114e-01  3.22341442e-01 -3.80458027e-01  7.36585975e-01
 -8.92982781e-01  4.00662065e-01  2.41615936e-01  4.03680295e-01
  6.13344252e-01  5.35341918e-01  4.90175307e-01  8.57306346e-02
  1.54749513e-01 -3.47645255e-03 -1.79560825e-01 -6.78959489e-01
  6.71502113e-01 -4.02425438e-01  5.00388384e-01 -1.75969094e-01
 -2.62269527e-01  4.49397892e-01 -3.34530354e-01 -2.27431476e-01
 -1.88923135e-01  3.93853813e-01  3.31171937e-02  1.88998282e-01
  2.92169690e-01  9.07335699e-01 -1.43206015e-01 -1.83547169e-01
  9.28238034e-02  1.60436437e-01  4.88099992e-01  1.68469951e-01
  5.57058044e-02 -6.00753911e-02  2.54856884e-01  1.46979168e-01
 -1.44283250e-01  2.38408491e-01  2.79301614e-01  4.87950534e-01
  1.73891008e-01  2.02815458e-01  2.59649754e-01 -1.50730982e-01
 -4.01128232e-01 -4.44263101e-01 -7.44524181e-01 -3.40825647e-01
 -5.52254975e-01 -7.67023489e-02  9.34108198e-01 -2.39603773e-01
  2.25190129e-02 -4.28295434e-01 -4.49173182e-01 -3.42966765e-01
 -5.46806157e-01  1.06074482e-01  4.81443912e-01  2.84314156e-01
  9.18398738e-01  1.30967349e-01 -7.45666564e-01  1.76642686e-01
  2.21011579e-01  4.07253027e-01  6.63063765e-01  9.09066014e-03
  3.50896940e-02  1.83811858e-01  1.82680011e-01  4.70659614e-01
 -1.01974562e-01  6.26978725e-02 -9.40832615e-01 -6.52404249e-01
 -3.24350387e-01  3.67973775e-01  3.67124885e-01 -2.21401602e-01
  4.15161073e-01  9.94877517e-02 -4.92430925e-01 -7.80409276e-01
 -2.40423933e-01 -3.42800945e-01  1.29675731e-01 -9.90501523e-01
 -9.37732756e-02  1.18506961e-01 -1.67349026e-01  4.45392698e-01
  2.83873439e-01 -4.39427286e-01  2.52377331e-01  4.21399295e-01
  5.71334600e-01 -7.26973414e-01 -2.95927469e-02  2.91597378e-02
  4.24708948e-02  2.92873144e-01  2.04589441e-01 -1.02795161e-01
 -7.58736432e-02 -1.95115730e-01 -8.25254500e-01 -4.65269268e-01
 -5.27914286e-01 -1.17438126e+00  6.21102273e-01  1.46073565e-01
  1.34798642e-02 -4.54668194e-01  3.69665682e-01 -9.39018354e-02
  1.79259390e-01  3.46551925e-01  2.71567196e-01 -4.09156322e-01
 -9.87835944e-01  1.17123187e-01 -4.00100410e-01 -7.79720724e-01
 -6.15735836e-02  7.60794103e-01 -3.06203067e-01 -1.51217744e-01
  6.68269396e-02 -4.68070358e-02  5.00749517e-03 -3.84405628e-02
 -2.85034955e-01 -7.58327544e-02  7.27977306e-02  1.18851520e-01
  2.82191873e-01  1.08784445e-01 -5.96040972e-02  1.46751404e-01
  2.27181897e-01  8.85928571e-01  2.84479290e-01  1.18054681e-01
 -3.82209152e-01 -2.01807499e-01 -7.07857534e-02  6.98361918e-02
  2.02183425e-01  4.53183949e-01 -6.44808471e-01  1.25333160e-01
  6.75511301e-01 -6.16195202e-01  6.16117045e-02  4.95503813e-01
  6.56136870e-01  2.38089874e-01 -3.15300524e-01 -1.00683272e-02
 -6.44401968e-01  3.05437386e-01  4.04159427e-01  6.76220596e-01
 -1.20024569e-01  9.89443287e-02 -1.09465942e-01 -8.93416941e-01
 -6.44049406e-01  1.70678586e-01  2.32825950e-01  3.58750582e-01
  2.90902436e-01  6.03955314e-02  3.64982843e-01  2.88788140e-01
  3.25582206e-01  2.98508048e-01 -2.11853176e-01 -1.69587851e-01
  9.25581336e-01 -1.00967355e-01  4.19761032e-01 -5.97174942e-01
 -1.12329876e+00 -1.14141829e-01 -1.00131340e-01  2.89266169e-01
  6.18421614e-01 -2.26853136e-02 -2.46456966e-01  5.18426597e-01
  3.93800706e-01  2.33769998e-01 -3.89728211e-02 -7.22244859e-01
 -5.15709594e-02 -8.79537985e-02 -3.18342112e-02  2.17369661e-01
 -9.24059898e-02  3.81692141e-01  4.86069262e-01  4.05491590e-01
  5.01701906e-02  2.69278318e-01  7.19921067e-02 -2.63382852e-01
  3.92926067e-01  2.74747610e-01 -4.12314445e-01 -3.01242560e-01
  2.44315729e-01 -4.21547800e-01  7.09136343e-03  3.57484549e-01
 -2.73204625e-01 -5.03464162e-01 -1.94650888e-01 -3.36996615e-01
  3.47201884e-01  1.80828840e-01 -5.29132307e-01 -3.22091542e-02
 -6.23873733e-02  3.67710628e-02 -1.78253248e-01 -4.06050496e-02
 -3.81089188e-02 -8.67923498e-02 -1.65621966e-01  3.79243270e-02
 -6.91981614e-01  1.61953513e-02 -8.07290912e-01  1.26615137e-01
 -2.16477290e-01 -7.05652595e-01  4.07820255e-01  7.20290840e-02
 -4.22391802e-01 -1.19935584e+00  3.84969234e-01  1.55750945e-01
  5.93656301e-01 -2.86965460e-01  4.22575116e-01 -2.09008619e-01
  3.65491688e-01  2.06109527e-02 -5.05034685e-01  5.86398458e-03
 -1.02386160e+01  2.93695301e-01 -8.07565212e-01 -4.65996787e-02
 -2.19530776e-01  2.15877116e-01  4.06636357e-01  2.02618510e-01
 -1.14357591e-01  7.83499703e-02  4.85066801e-01  6.26463711e-01
  2.03689128e-01  3.30434442e-01 -5.96944213e-01 -2.57458121e-01
  1.55121490e-01 -5.21634400e-01 -4.14517932e-02 -6.80052564e-02
  3.14117461e-01 -5.96499518e-02  7.12457478e-01  4.58022505e-01
 -4.48841117e-02 -2.83873647e-01 -4.76288140e-01  6.18951201e-01
 -3.41623366e-01  3.32348108e-01 -5.62076449e-01  2.32299924e-01
  3.24432969e-01  5.09893335e-02 -3.02852899e-01 -2.84949720e-01
 -8.83074999e-02  1.36656255e-01  1.83941081e-01  1.22880384e-01
 -4.62945290e-02  4.57452267e-01  5.45233749e-02  6.43202439e-02
  2.69053727e-01  3.59110266e-01  4.33827117e-02  3.14644277e-01
  5.46511352e-01 -2.06803922e-02 -1.34080142e-01 -2.38514975e-01
  1.48372516e-01 -1.07856549e-01  3.60755771e-01 -3.13270502e-02
  7.97114253e-01 -2.66944528e-01 -3.02110076e-01  3.60109583e-02
  4.78554875e-01 -1.68002859e-01  6.27351522e-01  3.93252403e-01
  3.06651354e-01  3.53701234e-01  5.44516444e-01  3.99895757e-01
 -2.98449010e-01 -3.67829949e-01  2.15354741e-01  2.46415168e-01
 -1.14773951e-01 -3.16884935e-01 -3.18966627e-01  6.03009045e-01
  6.61231354e-02 -2.57588595e-01 -2.31780112e-02  9.41014364e-02
  2.65585244e-01 -5.33725787e-03 -4.46496755e-01  5.85658699e-02
 -9.59826112e-01 -6.34158403e-02 -3.14684808e-02  4.64487463e-01
  1.35348931e-01 -6.52033329e-01  4.94852304e-01 -1.96370915e-01
  1.20603964e-01  5.20343333e-02 -7.96077028e-02  9.75164324e-02
  2.76541382e-01  1.29650429e-01  6.51039779e-01  3.14553797e-01]"
タ,"[-2.99661551e-02  2.35579774e-01  2.16267854e-01 -4.62301165e-01
  1.46502957e-01  1.59057260e-01  4.88843143e-01  3.43817882e-02
  2.31429592e-01 -4.75955218e-01  9.65501428e-01  1.44587487e-01
 -3.04416180e-01  2.18970031e-01  5.76633871e-01 -7.43149146e-02
  1.22966498e-01 -2.05837458e-01  3.06487232e-01 -6.46916866e-01
 -4.75787103e-01 -4.26514417e-01 -3.73811781e-01  3.08984555e-02
  1.09216664e-02 -2.93104202e-01 -3.61434907e-01 -5.65030053e-02
  3.21628079e-02 -3.50589812e-01 -1.99837789e-01 -4.79252517e-01
 -1.99252479e-02  6.12472259e-02 -1.20409250e-01  6.15912259e-01
  1.48660764e-01 -7.46806189e-02 -2.11993039e-01 -2.97742337e-01
  1.13387346e-01 -1.35826588e-01 -6.36355281e-01 -4.45344567e-01
 -2.16307081e-02  6.85872316e-01  2.61787891e-01  1.03010170e-01
  2.79183775e-01  4.58381362e-02 -3.35032940e-01  5.32670803e-02
  1.20524228e-01 -1.07789263e-01 -1.40848160e-01  2.16222078e-01
  2.49952212e-01 -2.18029901e-01  1.12820625e-01  5.73501959e-02
 -7.49453455e-02 -1.90446988e-01  1.85510695e-01 -2.76439339e-01
 -1.08943269e-01 -2.89292574e-01 -1.85147242e-03 -1.42507613e-01
  3.78167368e-02 -5.24221301e-01  1.77446336e-01  5.51392175e-02
  1.34303674e-01 -2.22959772e-01  5.37544012e-01 -6.02257848e-01
  1.93570793e-01 -5.20524643e-02  5.09709895e-01 -1.05174385e-01
 -8.81144702e-02  3.53035271e-01 -1.23251960e-01 -1.02641988e+00
  2.46412903e-01  6.85964823e-02 -4.19943005e-01 -6.87328100e-01
  4.39353973e-01 -2.58307606e-01  1.43659532e-01 -1.16709851e-01
  1.21523656e-01  2.03724787e-01 -1.73979446e-01 -3.89984041e-01
  1.05054297e-01 -4.06380087e-01 -2.28427779e-02  9.06861573e-02
 -1.99103817e-01 -1.66494742e-01  2.53965884e-01 -8.31622109e-02
 -2.95609951e-01  7.66281486e-02 -1.89088240e-01  2.16593280e-01
 -1.05295256e-02  1.92863315e-01 -2.46624053e-01 -7.36581922e-01
 -6.68454885e-01  1.53523594e-01  1.62854731e-01  1.69706754e-02
 -4.62951362e-01  3.33336711e-01 -2.92251855e-01  3.58274668e-01
  3.38005960e-01  4.42474961e-01 -2.91267037e-01 -3.03502560e-01
 -3.53537560e-01  3.23735535e-01  2.82929122e-01 -9.15389434e-02
 -1.75312623e-01 -4.67682272e-01  1.64385363e-01  1.34649038e-01
 -4.42312837e-01  9.67956036e-02 -1.39187291e-01  6.48608625e-01
 -3.97078618e-02 -1.59846812e-01 -2.53886968e-01 -6.38386071e-01
  7.89156705e-02 -8.54528099e-02  2.54754603e-01  9.89833549e-02
 -3.24334204e-01  1.43080607e-01 -2.32915238e-01 -3.56462330e-01
  1.02784388e-01  2.76890486e-01 -3.18893880e-01  8.76443386e-01
 -2.85117447e-01  6.30542263e-02  5.69943249e-01  3.91576618e-01
 -3.98441225e-01  2.92969435e-01  2.51048923e-01  3.46937567e-01
  4.38345283e-01 -2.63639092e-01  1.75802618e-01  6.37234390e-01
  6.20617568e-02  4.89996850e-01  2.63442606e-01  1.88494578e-01
  1.00585274e-01  5.90886295e-01  5.55005610e-01  7.33949602e-01
  3.01001310e-01 -3.43335152e-01  5.00806533e-02  2.68896341e-01
  4.46986854e-01  2.31619105e-01  3.13695908e-01 -5.93590736e-01
 -6.11111848e-03 -2.24852040e-01  2.15833895e-02 -6.38685599e-02
  2.72835732e-01 -3.05014640e-01 -1.88641906e-01  4.10682037e-02
 -1.33700579e-01 -1.17594734e-01  1.64533272e-01 -3.79234791e-01
 -1.36827324e-02 -4.53405052e-01 -1.51211515e-01 -7.35498369e-01
  2.08937928e-01 -2.01926902e-01 -1.95111409e-01  6.64365649e-01
 -8.06749389e-02  1.93651304e-01 -1.68233156e-01 -5.78627706e-01
 -8.63688767e-01 -5.78569829e-01 -1.07736632e-01  7.04155922e-01
  5.88181317e-01 -7.45659769e-02  1.79060221e-01  5.25111556e-01
  2.50659406e-01  4.12462294e-01  1.57410830e-01  3.48495960e-01
 -3.53809148e-01 -4.02734399e-01  5.56166053e-01 -3.23269120e-03
 -5.00005744e-02 -5.67764267e-02  5.39637566e-01  2.04771265e-01
 -2.07519755e-01  5.01338005e-01  2.38741606e-01  1.70733929e-01
  6.99376762e-02  7.66363382e-01  1.18161114e-02 -5.86142182e-01
 -8.61167014e-01 -1.38440445e-01 -6.18503392e-01  2.19616920e-01
 -4.59072590e-01  6.19849443e-01 -4.46947105e-03  2.17116296e-01
  3.87898088e-01 -2.12497994e-01  1.40855059e-01 -7.15549588e-01
 -2.68750787e-01 -6.20127320e-02  1.47290947e-02 -8.14034939e-02
 -1.75518453e-01  2.29930595e-01 -6.10323489e-01 -6.31057501e-01
  1.71859533e-01 -4.53166574e-01  7.35765338e-01  2.59308606e-01
  1.98752582e-01 -1.23523995e-01  3.81315440e-01  5.03578298e-02
 -1.35161996e-01 -7.68967330e-01  3.92617434e-01 -6.43246844e-02
 -4.20342356e-01 -2.33181566e-02 -8.91819522e-02 -5.95490873e-01
 -4.39379811e-01 -3.94754142e-01 -1.84425384e-01 -3.75927567e-01
 -5.30730367e-01  2.09036112e-01 -1.57520652e-01  7.15329424e-02
 -1.29061699e-01  4.82911676e-01 -4.35601532e-01  2.91576117e-01
 -7.29819953e-01  3.35105658e-01 -6.40949190e-01 -9.48633403e-02
 -6.31974414e-02 -3.41346890e-01 -4.44250852e-01 -3.95514250e-01
 -1.38266921e-01  5.76125264e-01  2.62405366e-01 -1.72705904e-01
 -5.69435418e-01  1.49088740e-01 -2.58043766e-01  1.36819229e-01
  4.62164849e-01  1.36330351e-01 -1.63418509e-03  3.11880618e-01
  4.15723115e-01 -1.28348678e-01  2.41879076e-02 -1.07980743e-01
 -1.69175193e-02 -8.13083231e-01 -6.53277189e-02 -1.74520656e-01
  3.46210748e-01 -3.70300412e-01 -1.86801478e-01  6.85641587e-01
 -4.23173457e-01  5.92816889e-01  1.72281384e-01  2.52265394e-01
 -1.44581926e+00  3.85023117e-01  1.90219432e-01  2.97844350e-01
  8.77886042e-02  1.45401657e-01  1.11027993e-01 -5.74938990e-02
 -6.78434014e-01 -7.60268331e-01  7.41028190e-01  4.46878314e-01
 -2.33668759e-01  2.00399145e-01  4.54014122e-01 -1.06233016e-01
  2.08326623e-01 -2.76969552e-01 -3.36054385e-01  3.22804064e-01
  4.57792461e-01 -4.67718914e-02  2.76760478e-03 -4.14963007e-01
 -6.25007808e-01  5.21641970e-01  1.65115684e-01 -3.09191048e-02
 -8.05808425e-01 -3.20819281e-02  5.92415571e-01  8.43997777e-01
  3.92516553e-01  6.69855714e-01  2.77556330e-01 -3.47468078e-01
  5.76897085e-01  5.22862792e-01  4.86821592e-01  3.57853249e-02
  1.69018611e-01 -3.01421285e-01  4.69983786e-01  2.59584159e-01
 -1.95665166e-01 -5.30209802e-02  3.26360971e-01  3.86536181e-01
 -4.39108610e-01 -8.63753352e-03  6.73512280e-01 -5.43981791e-02
  3.62797439e-01  5.08806467e-01  8.52006793e-01  9.19913948e-02
 -1.24715783e-01 -4.45874661e-01  3.89481150e-02 -4.72150475e-01
 -4.64070290e-02  2.49437928e-01  6.43545926e-01  1.80078059e-01
 -3.93484175e-01 -4.67068553e-01 -3.88526499e-01 -4.55216765e-01
  2.36079320e-01 -3.04135948e-01 -5.05308151e-01  1.08156547e-01
 -3.48840982e-01 -2.52555817e-01  5.02934605e-02  2.95357853e-01
  4.80964005e-01 -4.88614053e-01 -2.77517438e-01  1.84798762e-01
 -1.73088774e-01 -9.53997746e-02  1.68650150e-01  6.75341263e-02
 -2.79203564e-01 -3.37671582e-03 -3.07510078e-01 -4.16349381e-01
 -1.23659872e-01 -1.28648296e-01 -7.28284359e-01  3.61377001e-01
 -3.37164178e-02  3.18481117e-01 -1.11765340e-01  2.12363601e-01
 -5.79021797e-02 -6.12405641e-03 -6.83400095e-01  2.51117557e-01
 -5.14046490e-01  5.09802341e-01  2.02501014e-01  3.70196730e-01
  2.70219278e-02  2.29741096e-01 -1.73004437e-02  2.23613024e-01
 -5.74088037e-01  1.03956148e-01 -3.94132435e-01 -1.11431397e-01
  5.26212454e-01 -6.53336525e-01  3.76909375e-01  1.18666455e-01
 -5.49459457e-01  7.20542371e-01 -3.26295465e-01  2.80928705e-02
 -1.27219662e-01  3.66679519e-01 -4.74165112e-01  1.33520305e-01
  5.62403500e-01  8.15480411e-01 -3.18196118e-01  4.57316011e-01
  2.00192392e-01 -1.78305805e-01  5.11981130e-01 -3.31428885e-01
  4.66658995e-02  6.66111999e-04  9.05242860e-02  4.37036812e-01
  1.26744494e-01  4.23158169e-01  2.31924251e-01 -5.15421033e-02
  2.10968688e-01  1.31144881e-01  3.46457288e-02  2.26193637e-01
 -4.26744789e-01 -5.13709113e-02 -1.42823681e-02 -1.93165302e-01
  1.01279892e-01 -5.32419123e-02  6.21730506e-01  2.30820462e-01
  3.73899966e-01 -3.55054617e-01 -5.41763544e-01 -3.83245200e-01
 -9.60799813e-01  1.31556511e-01 -7.90663213e-02 -1.63276196e-02
  6.90846264e-01  5.88578545e-02 -7.22112656e-01  2.35836729e-01
  2.72128489e-02  2.91976184e-01  4.03083205e-01 -2.15442598e-01
  7.09559470e-02  3.98972124e-01 -1.26126707e-01  1.62863761e-01
  1.12107601e-02 -3.19076516e-02 -1.29413649e-01 -7.25190401e-01
 -7.46306777e-02  9.69066843e-03 -1.38259888e-01  4.86339219e-02
 -4.86963317e-02  5.17931938e-01 -3.24877322e-01 -4.77065593e-01
 -2.66946048e-01 -9.78841260e-02 -1.59749001e-01 -5.27204216e-01
 -8.82906318e-02 -2.66705990e-01 -3.70777920e-02  5.53722858e-01
  1.26212314e-01 -1.79925904e-01  3.51804793e-01  8.11239600e-01
  3.29001725e-01 -2.76133955e-01 -1.77328452e-01  2.83513945e-02
 -2.39449125e-02  1.81579497e-02  3.36701691e-01  1.05576985e-01
 -5.92071339e-02 -2.49660667e-02 -6.41791821e-01 -3.77359599e-01
 -4.98495139e-02 -1.00686407e+00  7.86765099e-01  1.42199829e-01
  3.27162951e-01 -5.91947615e-01 -4.25616086e-01 -5.56285195e-02
 -9.50140357e-02  6.57174364e-02  3.92176419e-01  2.68515050e-01
 -4.43358719e-01 -1.54498905e-01 -6.50962949e-01 -7.22716451e-01
  2.66091764e-01  5.06580889e-01 -4.47363377e-01  7.18003884e-02
  3.01400125e-01  9.06874165e-02 -8.54358301e-02 -1.14973076e-01
 -2.02326894e-01 -3.82802844e-01  3.16183567e-01  3.47123623e-01
  2.67594904e-01  3.91975075e-01  1.17510473e-02  3.49306107e-01
  4.06838328e-01  6.52106583e-01  6.77609265e-01  2.06728265e-01
 -2.95980304e-01 -3.38719860e-02 -3.01791042e-01  2.97948092e-01
  3.51940691e-01 -6.79865256e-02 -8.16438615e-01  1.29637510e-01
  3.59595239e-01 -4.22446281e-01  3.53436232e-01  4.15180892e-01
  4.23547804e-01  5.95414937e-01 -3.82038802e-01 -7.82274976e-02
 -7.61259735e-01  1.75590232e-01  1.18746981e-01  2.82905460e-03
 -3.04479867e-01  3.16141918e-02  9.14571509e-02 -4.56850737e-01
 -2.21329153e-01  2.10730210e-01  2.45994300e-01  1.57623172e-01
  3.49374592e-01 -4.12948579e-01  5.97092390e-01  4.30367559e-01
 -2.68079549e-01 -2.92229682e-01 -1.48793817e-01  2.31118336e-01
  4.30457860e-01  1.59084797e-01  3.57093871e-01 -3.77342790e-01
 -8.44543278e-01 -2.18009446e-02 -1.30999135e-02  2.65737385e-01
  7.06270576e-01 -8.16599965e-01 -4.97601070e-02  5.13370395e-01
  8.08049083e-01 -5.22131585e-02 -2.97910810e-01 -5.25259852e-01
 -1.88427538e-01 -1.35287687e-01 -3.31186384e-01  3.62425178e-01
  4.46477719e-02  5.87640524e-01 -3.18144932e-02 -1.16054967e-01
 -1.95367426e-01  8.12337279e-01  4.07300919e-01  6.72218297e-03
  2.08169505e-01  3.49424258e-02 -4.43483621e-01 -7.18753934e-02
  2.72153318e-01 -3.70367467e-01 -1.54869959e-01  1.74514607e-01
 -3.93838197e-01 -1.14709832e-01 -1.86655268e-01 -5.02172261e-02
  3.51100236e-01 -1.54087305e-01 -4.24016178e-01 -3.41828108e-01
 -5.34637272e-02  3.64018321e-01 -8.19524467e-01 -1.77215248e-01
 -2.28437096e-01  1.85579330e-01  4.22203019e-02 -1.65699080e-01
 -4.80414540e-01 -5.62826455e-01 -4.52997953e-01  1.40648350e-01
  1.40121818e-01 -4.81932133e-01  4.71815914e-01  1.96079716e-01
 -1.48388878e-01 -1.19142509e+00  4.96811807e-01  1.02793932e-01
  7.11098373e-01 -2.55843937e-01  3.21620345e-01 -1.03126299e-02
  1.24622777e-01 -1.62571281e-01 -4.50742304e-01  6.66210949e-01
 -1.04435930e+01 -3.57222646e-01 -5.08106053e-01 -1.70224175e-01
 -3.90432179e-01  4.77056652e-01  1.89552546e-01  4.22308922e-01
 -4.48839180e-03 -6.46698475e-02  6.86290264e-02  1.07366987e-01
  1.40162811e-01  1.49776787e-01 -2.20811665e-01 -7.43995681e-02
 -3.73730332e-01 -2.49499276e-01 -6.55974090e-01 -6.84830919e-02
  1.96705148e-01 -3.56589913e-01  2.96620339e-01  3.35487694e-01
  1.99687496e-01  7.04082847e-02  3.58760089e-01  5.80973513e-02
 -3.10387552e-01  5.27437508e-01 -9.37580168e-02  2.01940879e-01
 -1.02422178e-01  2.93562889e-01 -5.40420711e-01  2.52985451e-02
  9.93592367e-02 -1.66584421e-02 -2.29644433e-01  5.84807038e-01
  2.08952114e-01  4.40937787e-01  3.92607786e-02 -2.71267653e-01
  3.37653905e-01  3.44211668e-01  2.34188393e-01 -8.45958963e-02
  4.30568844e-01  7.24609494e-02  8.71606618e-02 -1.99142188e-01
 -1.00829452e-01  3.45502868e-02  1.31053835e-01 -3.51088084e-02
  3.42283726e-01 -8.66864383e-01 -1.78458676e-01 -9.74012390e-02
  2.31044665e-01  8.35519806e-02  1.22753024e+00  3.87448698e-01
  5.01337796e-02  2.66884863e-01  2.13528678e-01  2.18898375e-02
 -4.01895314e-01 -3.08612972e-01  4.91428465e-01  2.12013632e-01
 -2.32747510e-01  1.83431536e-01 -8.17566887e-02  5.74736416e-01
  3.35067958e-01  1.57740995e-01  2.36426964e-01  1.89588703e-02
  5.00497401e-01  1.82547957e-01  5.91266863e-02  2.70417303e-01
 -7.46211171e-01  2.68312404e-03  3.72308880e-01  1.89852014e-01
  4.80819434e-01 -5.40397644e-01  6.07325137e-01 -3.68746966e-01
 -2.22947985e-01  4.32999194e-01  3.82213861e-01  5.22193760e-02
  4.58044559e-02  1.62065029e-01  4.00699943e-01 -5.65884411e-02]"
ノ,"[ 1.23113811e-01  4.49260980e-01  3.88404280e-01  4.12229039e-02
  7.58494586e-02  5.55812836e-01  2.30610564e-01  1.55199990e-01
 -4.04612541e-01 -4.64430183e-01  3.74848321e-02 -1.54315770e-01
 -2.07908779e-01  6.23014152e-01  7.49955997e-02 -3.30402814e-02
 -2.26855040e-01 -1.62437931e-01 -3.13676387e-01 -2.00981289e-01
 -4.48760957e-01 -3.97047579e-01 -4.97110158e-01  4.76455122e-01
 -2.80899405e-01 -7.96614587e-02 -1.04049891e-02  1.68051675e-01
  2.50054508e-01 -1.14886917e-01 -9.53003466e-02 -4.02071178e-01
 -5.61126232e-01  1.01643596e-02 -6.13143682e-01 -8.41822997e-02
 -4.24341589e-01 -1.15477450e-01  2.67024755e-01  2.16015093e-02
 -1.81246996e-02 -1.73579127e-01 -3.49012285e-01 -3.33618551e-01
 -7.02253431e-02  4.09980029e-01  2.20420837e-01  3.00006866e-01
  2.42361739e-01  4.48936149e-02 -3.21125537e-02  3.01297307e-01
  1.92337692e-01  8.26527849e-02  4.47368920e-01 -5.93059182e-01
  8.80979478e-01 -8.07471931e-01  2.13088438e-01  5.51424801e-01
 -6.56773627e-01 -3.90758187e-01  1.43242121e-01  2.11935133e-01
 -9.31481495e-02 -2.19872966e-01  3.20592284e-01 -2.26815380e-02
  1.36021286e-01 -7.62172818e-01  2.12349832e-01 -1.27141982e-01
 -6.43603504e-02 -1.57820612e-01  2.64960796e-01 -7.73804367e-01
  3.08751792e-01 -1.34795398e-01 -9.22530517e-02  4.32345748e-01
 -6.07732952e-01  8.60530555e-01  1.02429159e-01 -4.22151029e-01
 -2.94526704e-02 -1.23188280e-01 -6.46335602e-01 -8.16068292e-01
  4.59982216e-01 -2.75368243e-01  2.81266272e-01  3.78872514e-01
  1.45803541e-01  7.60105848e-01  1.65413618e-02  4.40185964e-02
  3.51011038e-01  3.87873113e-01  8.99581686e-02  3.23933095e-01
 -4.62004006e-01 -5.34325987e-02  5.84278762e-01 -8.37862790e-01
 -1.35014057e-01  4.42395322e-02 -4.43261951e-01  4.66958582e-01
  1.38552159e-01  4.95200753e-02 -2.71311730e-01 -2.95672476e-01
 -3.43964279e-01  2.89145172e-01  2.78231651e-01  3.83880287e-01
 -2.12855288e-04  3.52657884e-01 -2.96841830e-01  4.20441896e-01
  1.40269235e-01  6.62803769e-01  1.09529132e-02 -2.49316245e-01
 -7.61166990e-01 -1.78450748e-01  2.51341045e-01  2.48560891e-01
  4.15656120e-02 -8.78526211e-01  1.42715305e-01 -3.67501788e-02
 -5.65640450e-01 -1.95349798e-01 -3.72287840e-01  6.86625242e-01
 -3.80434580e-02  1.79914564e-01 -1.07767247e-01 -4.58080381e-01
 -6.97997212e-01  2.59056240e-01 -1.68051690e-01 -4.91655879e-02
 -2.13580102e-01 -9.60002318e-02 -1.39121320e-02  1.98626667e-01
  6.02209568e-01  5.10934234e-01 -1.99028850e-01  1.08309150e+00
 -4.65114534e-01  3.38232853e-02  3.89487773e-01  1.73709512e-01
 -5.13961792e-01 -8.78164452e-03  2.31831729e-01  5.93233228e-01
  5.72017312e-01 -4.90951926e-01  3.55887771e-01  9.36181843e-01
  4.92500840e-03  2.35442325e-01  4.68925864e-01 -1.16490021e-01
  3.04736435e-01  5.32806814e-01  5.97709119e-01  5.41073382e-01
  5.92143834e-02 -2.41891831e-01  1.00824591e-02  5.17738283e-01
  7.23901451e-01  8.04607421e-02  1.66189998e-01 -5.36121488e-01
  7.83840641e-02 -6.55987710e-02 -9.39969718e-03 -8.04161727e-01
  2.19759196e-01 -3.05725276e-01  1.52500451e-01 -8.31784010e-02
 -2.19059780e-01  4.82337968e-03 -2.45514527e-01 -1.42656997e-01
  1.65396035e-01 -1.80536762e-01  2.26214379e-02  2.52815306e-01
  1.00860395e-01 -7.36695156e-02 -3.12549770e-01  2.79089343e-03
 -2.68920720e-01  9.18744355e-02 -8.30516815e-02 -1.10109758e+00
 -9.53852296e-01  1.03881106e-01  5.31826556e-01  4.94676471e-01
  3.65183890e-01 -9.52106789e-02 -2.39994168e-01  2.04554543e-01
  7.21654952e-01  1.95283428e-01  4.75211233e-01  4.69315678e-01
 -5.75710177e-01 -1.04978181e-01  1.77905098e-01  3.13063949e-01
 -9.79202688e-02  8.28086808e-02  4.22740579e-02 -8.02398846e-02
 -9.45495218e-02  8.08014631e-01  1.93626329e-01 -1.15061909e-01
  5.42823086e-03  7.24072158e-01 -7.91777432e-01 -2.52511680e-01
 -5.10340989e-01 -2.52442151e-01  4.33612178e-04 -1.39367178e-01
 -5.12304783e-01  5.12993574e-01 -8.56382102e-02 -2.78315190e-02
 -4.14654672e-01 -2.26634517e-01  5.57317138e-01 -5.89458108e-01
  2.18611151e-01  2.76710242e-01 -1.29829556e-01  3.41493078e-02
 -5.82733810e-01 -1.07430205e-01 -4.65020955e-01 -5.12474656e-01
  9.52655450e-02 -2.72701353e-01  8.77055287e-01  3.07052471e-02
  7.11751580e-01 -1.73607394e-01  1.39930546e-01 -2.33707801e-01
 -1.70010328e-01 -4.66006249e-01 -3.89308721e-01 -3.20064992e-01
  3.61925870e-01  2.42260829e-01  5.45590460e-01 -2.52547652e-01
 -1.68000793e+00 -8.29514936e-02  9.01246294e-02 -5.90021551e-01
 -1.16623260e-01 -1.34414792e-01 -1.57002702e-01 -3.50256592e-01
 -7.30955303e-02  7.53961086e-01 -6.83084846e-01 -1.34672865e-01
 -2.11008042e-01  4.07173544e-01 -4.59838241e-01  6.23786785e-02
  1.15388535e-01  4.10698295e-01 -1.90829471e-01 -6.96349680e-01
 -3.93040687e-01  1.79575663e-02  1.43006444e-01  1.85511503e-02
 -4.81871307e-01 -1.48434574e-02 -4.17085320e-01  2.82912433e-01
  1.63787574e-01 -4.43290174e-01  3.41521949e-01  3.08568865e-01
  6.14660859e-01  5.54905236e-01  5.43033540e-01 -1.67243108e-01
 -6.71458781e-01  2.20170617e-01  1.89688981e-01 -3.02759826e-01
  5.59830368e-01 -5.56518137e-01  3.51618409e-01  3.42310756e-01
 -3.35783273e-01  2.90837556e-01  6.45881951e-01 -3.10758837e-02
 -1.57252991e+00 -2.52801150e-01  3.62301499e-01  2.08795875e-01
 -3.81751925e-01  1.31960496e-01  1.57625541e-01  3.44234735e-01
 -5.06384075e-01 -2.88007140e-01  5.49816430e-01  1.96436539e-01
  2.62163132e-01 -1.87219411e-01  5.82617044e-01 -5.04882991e-01
  3.97969894e-02 -6.78749979e-01 -1.71617232e-02  4.86107826e-01
 -2.34532297e-01 -1.44409791e-01  2.65208751e-01 -3.78248841e-01
 -2.67185420e-01  4.09802943e-01 -1.96832940e-01  5.28481901e-02
 -2.97440588e-01 -4.00130190e-02  2.80279517e-01  1.49727285e+00
  5.00847161e-01  6.12199247e-01 -3.23981762e-01 -3.65001798e-01
  2.64122099e-01  1.23170167e-01  3.43326449e-01 -3.92052352e-01
 -1.27428100e-01 -3.56435657e-01  2.99845319e-02 -6.09694757e-02
  1.71967726e-02 -1.90320536e-02 -2.85898656e-01  1.66258633e-01
 -4.61461455e-01  2.69408196e-01  4.63846594e-01  3.98641117e-02
  2.29337320e-01  6.74637556e-01  5.30179381e-01  2.00344041e-01
 -2.47796908e-01 -5.39353251e-01 -6.30355719e-03 -5.17817616e-01
  3.77795935e-01  3.54310274e-02 -2.08152793e-02  3.71635914e-01
 -3.01368773e-01  1.76991686e-01  3.63877625e-03 -2.82759398e-01
  3.79030369e-02 -5.90867937e-01 -3.02749813e-01 -1.49082586e-01
  7.98156932e-02 -3.84007663e-01  2.99143672e-01  4.65351671e-01
  5.44371367e-01 -3.98653477e-01 -3.92270029e-01  9.72675309e-02
 -9.83534157e-02  1.27100050e-01  7.17663020e-02  2.14128464e-01
 -4.05843407e-02 -1.31443769e-01 -5.32420456e-01 -4.54500645e-01
 -6.07447386e-01 -9.98709500e-02 -4.86487567e-01 -2.52065331e-01
  2.66220659e-01  6.39294863e-01 -6.12208340e-03 -2.62565445e-04
  2.04694018e-01  2.40642652e-01 -4.27702397e-01 -5.29126644e-01
 -2.38432959e-02  3.13135058e-01  5.64491034e-01  3.77767503e-01
  5.96675158e-01  1.17585137e-01  3.22405636e-01 -3.39446403e-02
  1.58558324e-01  3.65950882e-01 -3.81578386e-01 -2.99306184e-01
  1.03000677e+00 -4.18948561e-01 -1.96306072e-02 -1.87338233e-01
  1.94606170e-01  7.99240828e-01 -2.15115011e-01 -7.93520927e-01
  4.18662280e-01  4.26677354e-02  2.31191576e-01  6.34077966e-01
  4.24195170e-01  1.04574716e+00  2.88774312e-01  4.17648017e-01
  3.80794793e-01 -2.01076746e-01  1.47980750e-01 -3.86171550e-01
 -5.57927750e-02 -1.40444979e-01  3.92957896e-01  7.64117658e-01
  3.73838156e-01  2.85865635e-01  3.53921093e-02  4.45983082e-01
 -5.20824790e-01  1.52594760e-01  3.83240670e-01 -2.02982485e-01
 -5.34681618e-01  2.18737781e-01 -9.72753882e-01 -8.20762157e-01
 -1.42118096e-01 -1.54181104e-02  4.62866515e-01  8.17298517e-03
  3.94206733e-01 -5.85130751e-01 -7.57343411e-01 -4.78797048e-01
 -9.84368324e-01 -6.97788373e-02  5.17299473e-02 -1.90207765e-01
  5.90698004e-01  3.00529271e-01 -9.81938839e-01  4.61364597e-01
  3.21069539e-01  4.84507680e-01  1.78513914e-01 -3.84794921e-01
 -3.21662426e-01  8.44351947e-01 -5.01440942e-01 -4.16651845e-01
  7.50177801e-01 -7.43482336e-02 -6.99120983e-02 -3.65538716e-01
 -2.01956391e-01  1.56544775e-01  4.73310828e-01 -1.82083428e-01
  2.54827708e-01 -2.31193323e-02 -4.22174037e-01 -2.79205352e-01
 -2.62507737e-01 -3.16567719e-01  2.97977895e-01 -8.84693801e-01
 -2.04450682e-01 -2.52627939e-01 -1.21887743e-01  6.88534558e-01
  6.42952502e-01 -2.15195671e-01  9.18591321e-02  7.15314806e-01
  1.78813905e-01 -2.66066790e-01 -3.31308916e-02  7.55949542e-02
 -3.62432927e-01 -2.60648489e-01  1.19486786e-02  3.90239060e-01
  2.84600645e-01  3.44783872e-01 -7.18457520e-01 -3.53507429e-01
 -1.42467782e-01 -7.82932281e-01  4.00694132e-01  1.92137603e-02
  5.24908721e-01 -9.15139794e-01  1.73386246e-01 -1.48684144e-01
  3.27598691e-01  1.39680013e-01 -2.00174563e-02 -7.63090774e-02
 -1.40753603e+00  5.34817576e-02 -4.91853833e-01 -7.90289640e-01
  5.31877756e-01 -2.84822911e-01 -6.91955984e-01  2.17893630e-01
  1.76820919e-01 -9.17976275e-02  9.21580791e-02 -3.85496318e-02
 -4.90076423e-01 -4.22873162e-02  4.48101699e-01 -1.26145676e-01
 -1.06432103e-01  4.72065836e-01 -3.87865245e-01  3.98647003e-02
  6.03585422e-01  5.24963677e-01  1.71705201e-01  1.21528871e-01
 -7.35646188e-02  5.01642190e-02 -7.86901593e-01  1.55635715e-01
  8.70108232e-02  4.39944237e-01 -3.94597560e-01  2.23512560e-01
  6.52563274e-01 -3.68132114e-01 -5.19896671e-02  8.49521458e-01
  1.55818611e-01  6.38476849e-01  1.11140544e-02 -2.35162959e-01
 -8.81849945e-01  4.97459799e-01  4.13625896e-01  2.62266725e-01
 -3.03950429e-01  2.89349884e-01 -1.05225965e-01 -4.88278657e-01
  2.41197437e-01 -6.67811558e-02 -6.48341775e-02  4.65491861e-01
  4.32802051e-01  1.59918487e-01  7.77037919e-01  6.60133779e-01
 -3.09938699e-01  4.00959253e-01  1.44314617e-01  2.56775558e-01
  9.15910959e-01 -6.73000142e-02  5.17660499e-01 -3.36589038e-01
 -7.84148991e-01  2.95045078e-01  1.96931988e-01  3.56830567e-01
  1.17378509e+00  1.39682159e-01 -3.98816109e-01  5.46224952e-01
  8.05906475e-01 -7.51746744e-02  1.15499027e-01 -4.92774248e-01
 -5.36334105e-02 -8.12551901e-02 -2.03518867e-01 -7.50195608e-02
 -6.83854148e-02  8.23175758e-02 -1.19391821e-01  1.93659291e-01
 -2.46352330e-01  4.71951336e-01 -4.20903563e-01 -3.07816327e-01
  3.75900447e-01 -2.96159741e-03  3.02026123e-01 -5.33858947e-02
  4.79073226e-01 -3.20880771e-01 -2.08250985e-01  4.28363711e-01
 -4.07904178e-01 -4.38894421e-01 -5.32719642e-02  3.54732394e-01
 -3.68370116e-02 -5.23723802e-03  9.40156654e-02 -3.61226708e-01
 -2.11391807e-01  2.54273117e-01 -5.56930721e-01  3.65894824e-01
 -6.42438754e-02  2.67786860e-01  1.88380986e-01  4.71253060e-02
 -4.17745918e-01 -2.76442826e-01 -5.47187746e-01  1.43008962e-01
 -3.96871269e-01 -6.32258832e-01  4.64212120e-01 -1.83759145e-02
 -3.48539829e-01 -1.56650519e+00  6.56196892e-01 -1.74322262e-01
  3.85934293e-01 -1.87943995e-01  1.42567590e-01 -5.21857180e-02
  2.90188640e-02  1.42841697e-01 -4.49915349e-01 -3.34871858e-02
 -1.01067724e+01  3.11617330e-02 -7.10338235e-01 -5.03866792e-01
 -2.64388956e-02  1.03408713e-02  8.33916724e-01  5.29698193e-01
 -3.99114966e-01  1.70718711e-02 -4.22287047e-01  2.25666061e-01
  2.73504108e-01  5.72039843e-01 -4.24214043e-02 -3.59833062e-01
 -3.35964322e-01 -5.06882787e-01 -9.67234299e-02 -3.82920861e-01
 -6.20862655e-02 -6.16059639e-02  8.08233559e-01  1.75922617e-01
 -1.41766801e-01 -4.45674956e-01 -3.42614204e-01  3.71506095e-01
 -1.45561367e-01  1.72550425e-01 -1.12354136e+00  9.02729630e-01
 -3.65799874e-01 -3.82174015e-01 -4.52700913e-01  2.52111197e-01
 -1.03344508e-02  2.84253508e-01 -5.91973849e-02  6.01249099e-01
  2.94511944e-01  6.63701892e-01 -1.59801975e-01 -3.01804602e-01
  1.33111045e-01  4.78138477e-01 -1.13877743e-01  2.86380202e-01
  2.44580165e-01 -1.81336150e-01  1.40264288e-01 -3.99034947e-01
  2.80913800e-01 -1.46982849e-01 -1.33303432e-02 -1.94240063e-01
  7.76720881e-01 -7.87925303e-01  3.11534498e-02  1.07299186e-01
  2.39278749e-01 -1.93022102e-01  4.25227582e-01  2.08171546e-01
 -3.23789686e-01  4.72927004e-01  1.39993340e-01  2.36181840e-01
 -7.69515574e-01 -2.41971061e-01  3.64501327e-01  1.33696809e-01
  1.55698970e-01  1.74356505e-01 -2.46817935e-02  5.74505568e-01
 -1.88891619e-01  4.66608964e-02  7.75435716e-02  2.81894326e-01
  4.17148203e-01 -4.69411433e-01 -6.45520866e-01  1.39159366e-01
 -1.64156571e-01  4.06951696e-01 -1.34477422e-01  3.28823775e-01
  7.53167793e-02 -4.62564290e-01  3.39626253e-01 -4.55998957e-01
 -6.29896760e-01 -1.37135521e-01 -4.55033481e-02 -3.14345300e-01
  2.21978888e-01  2.28932858e-01  3.69276494e-01  4.94382977e-01]"
ツ,"[ 5.93054652e-01  6.31973743e-01  1.03743041e+00 -3.38346958e-01
 -3.17314506e-01  1.53912351e-01  3.15369278e-01  1.51547164e-01
 -4.57865357e-01 -2.20222011e-01  5.76399744e-01 -3.91476065e-01
 -1.33452311e-01  2.79024214e-01  3.35606664e-01  1.37487009e-01
  2.61563778e-01 -2.28357583e-01  4.92620841e-02 -7.41534173e-01
 -9.50193763e-01 -6.12515390e-01 -4.34492260e-01  4.54787582e-01
  7.51314908e-02 -2.52016306e-01 -4.93485093e-01  6.05775714e-01
 -1.70909956e-01 -6.64632380e-01 -3.49549532e-01 -1.44126952e-01
 -6.26271032e-03 -2.70445645e-01 -4.18693185e-01  3.66081923e-01
 -9.08106416e-02 -1.67567566e-01  2.11204201e-01 -3.60965729e-01
 -1.14444247e-03 -2.14913532e-01 -4.87886727e-01  2.32112721e-01
 -4.77376610e-01  6.70569420e-01 -9.40615907e-02  1.54971063e-01
  2.92042106e-01  6.08545803e-02 -3.01110178e-01  6.00833297e-01
 -1.35813415e-01  8.39150250e-02  4.55926627e-01 -4.41419542e-01
  2.60415792e-01 -4.71800208e-01 -1.63885862e-01  1.06522053e-01
 -1.59824967e-01 -1.17468774e-01  4.50728893e-01  1.67311013e-01
 -1.66427702e-01 -2.49589533e-01  2.20223367e-01 -1.80876836e-01
  1.08066872e-01 -9.67219412e-01 -1.31951064e-01 -2.58802082e-02
 -1.50461033e-01 -4.68418270e-01  4.98867363e-01  2.43514460e-02
  4.68619429e-02  2.81541646e-01  3.76499176e-01  3.90359312e-02
 -3.03812642e-02  5.56054294e-01  2.74985075e-01 -6.51585042e-01
 -1.58623844e-01  2.88541615e-01 -5.72049022e-01 -9.29416120e-01
  2.64997065e-01 -2.49971077e-01  1.53992191e-01  4.67643775e-02
  1.22241378e-01  1.43719867e-01 -8.80763903e-02  8.17514434e-02
 -1.37730427e-02  3.03064100e-02 -1.82975069e-01  2.70702749e-01
 -1.06515467e-01  1.08411767e-01  2.14313090e-01 -4.60908115e-01
 -1.05703540e-01  4.34699774e-01 -3.12488884e-01  1.87799945e-01
  2.35221758e-01  9.21714008e-02 -1.80327550e-01 -1.84084579e-01
 -7.12374568e-01  1.50278956e-01  2.76150644e-01  1.74813911e-01
  9.21629276e-03  3.54635179e-01 -4.53446448e-01  4.60162103e-01
  5.43807819e-02  4.50085491e-01  1.63460001e-01 -5.35523951e-01
 -2.58360445e-01  4.78288740e-01  1.05740577e-01 -9.72614884e-02
 -3.85400295e-01 -3.68733704e-02 -5.14321506e-01 -1.66028574e-01
 -2.61615694e-01 -2.34482318e-01 -1.48843810e-01  9.75131094e-01
  1.55135244e-02  2.06181351e-02 -2.67561898e-02 -8.91184881e-02
 -6.97191358e-01  3.06477070e-01  1.04075082e-01 -3.07842433e-01
  2.36447006e-01  8.45491216e-02 -6.16469324e-01 -1.15081584e-02
 -9.82868075e-02  4.13612545e-01 -2.35832080e-01  9.88422036e-01
 -7.58666992e-01  4.72182482e-01  3.41621876e-01  2.27347150e-01
 -4.13756937e-01  6.71729147e-02  2.23990455e-01  2.37898961e-01
  3.37500215e-01 -3.55970323e-01  2.47457281e-01  5.22889495e-01
  1.55343041e-01  3.29023629e-01  6.76953912e-01  1.03399821e-01
  1.68621317e-01  6.27864659e-01  2.53408551e-01  4.74841982e-01
  4.06576723e-01 -2.25432307e-01  1.25512406e-01  1.80875376e-01
  3.66562694e-01  4.11012806e-02  6.33999482e-02 -3.03811669e-01
  4.02486891e-01  2.25465655e-01  3.91595632e-01 -3.89827818e-01
  1.64712384e-01 -9.10687670e-02 -6.17955886e-02  7.92720392e-02
  2.14447603e-02 -5.54776471e-03 -1.61833882e-01 -1.38865158e-01
  3.17331403e-01 -3.40902805e-01 -1.76126644e-01 -6.22356534e-01
  8.21443051e-02  8.42387229e-02 -5.67101240e-01  2.41387129e-01
  8.37173238e-02  3.20969187e-02 -8.50063041e-02 -6.65098071e-01
 -9.84754860e-01  3.60095836e-02  2.41818115e-01  6.08451784e-01
  8.06956768e-01  2.81766176e-01 -9.29860473e-02  2.53277109e-03
  4.18947428e-01  1.99152201e-01  4.85445112e-01  1.92844465e-01
 -3.37190986e-01 -4.52641368e-01  3.02482257e-03 -2.51425534e-01
  3.63532513e-01 -9.91331134e-03  2.24667847e-01  9.34928954e-02
  3.12020451e-01  5.91023028e-01  2.89616317e-01 -3.11537862e-01
 -1.82891920e-01  1.78330034e-01 -4.44863766e-01 -4.78335470e-01
 -6.94796681e-01 -2.77433366e-01 -1.06586099e+00 -8.27516541e-02
 -1.44576892e-01  4.42896485e-01 -3.88468176e-01  1.79802507e-01
  8.41944590e-02 -2.34571114e-01  1.72580764e-01 -6.22433901e-01
 -9.22546983e-02  2.92022347e-01 -2.57126421e-01  2.42164116e-02
 -2.25935161e-01  7.69189149e-02 -1.19292557e-01 -6.40552640e-01
  4.77488190e-01 -2.45089531e-01  5.89251697e-01  2.12640911e-01
  4.18048948e-01 -5.16140640e-01  4.68056947e-01 -6.23251915e-01
  1.64984390e-01 -4.07239109e-01 -2.56092608e-01 -1.04508609e-01
  3.66087295e-02 -4.40852270e-02 -1.67182591e-02 -7.41434336e-01
 -7.63267040e-01 -6.71020031e-01  4.08105940e-01 -3.77534419e-01
 -1.79519504e-01 -2.68681854e-01  9.10318792e-02  1.88492581e-01
 -3.94902855e-01  3.07717770e-01 -4.48317796e-01  8.59495625e-02
 -3.69568586e-01  1.50235659e-02 -4.44562376e-01 -7.99343437e-02
 -2.07168445e-01 -1.20681457e-01 -3.15463930e-01 -2.61234671e-01
 -4.70812380e-01  5.48560262e-01  3.39034051e-01 -5.00531614e-01
 -1.77754298e-01  2.37363741e-01 -6.71192050e-01  5.02425075e-01
  4.33513820e-01  5.07969260e-01  9.20075923e-02 -2.37593815e-01
  1.14749134e-01  4.10525888e-01  1.94923222e-01 -5.02009809e-01
 -9.19230953e-02 -2.79888600e-01  1.65445015e-01 -1.50376469e-01
  3.02746981e-01 -8.91336650e-02  8.01515132e-02  8.00420344e-01
 -7.20185876e-01  3.82074833e-01  4.18466628e-01  6.24531806e-01
 -1.58155990e+00 -1.63273260e-01  3.23990941e-01  1.56616807e-01
 -2.85761863e-01  2.13390306e-01  6.22513354e-01  1.32764697e-01
 -5.07827640e-01 -6.07454956e-01  7.86349297e-01 -1.37129784e-01
 -4.02927659e-02  1.29466593e-01  4.33317035e-01  9.55873802e-02
 -7.22486898e-02 -2.39398569e-01  2.70016164e-01  3.44933212e-01
 -4.14106876e-01 -1.10244639e-01  1.78232610e-01 -4.78728235e-01
 -5.97938120e-01  5.34675300e-01 -2.81399429e-01  4.62422185e-02
 -5.26508749e-01 -2.26671472e-01  2.63142914e-01  1.23555315e+00
  9.06456888e-01  4.72202837e-01 -4.69096184e-01  3.97255607e-02
  2.95152754e-01  9.27587226e-02  4.36679989e-01 -4.56834972e-01
 -5.90069853e-02 -2.20178396e-01  2.60797739e-01 -3.32017866e-04
 -2.06950381e-01 -2.99770951e-01  6.51008741e-04 -2.24055022e-01
  1.38122231e-01  1.75745636e-01  6.39236927e-01  5.88848948e-01
  7.19190687e-02  2.77102858e-01  5.82066476e-01  2.16311961e-01
 -1.70263752e-01 -6.40766442e-01 -2.30413541e-01 -5.68587244e-01
  2.90704947e-02 -3.38953942e-01  3.12527008e-02  1.81268796e-01
 -6.44818321e-02 -2.55915046e-01 -1.90084308e-01 -7.55711079e-01
 -3.13365348e-02 -6.44157767e-01 -1.46841154e-01 -4.33835089e-01
 -1.41964793e-01 -5.82514048e-01  5.22669613e-01  2.56532013e-01
  4.11837041e-01 -2.65571237e-01 -6.84333980e-01  3.32307428e-01
 -4.00399417e-01  2.06229866e-01 -1.33592084e-01  2.60509789e-01
 -4.81329948e-01  2.42689289e-02 -7.52809644e-02 -4.78108406e-01
 -5.65111399e-01 -8.87082592e-02 -1.04523158e+00 -4.79845367e-02
 -2.66531497e-01  8.26450288e-01 -3.27674337e-02  2.85120279e-01
  4.31138948e-02  2.52920598e-01 -1.52341291e-01 -3.42377901e-01
 -2.89321750e-01  3.02034825e-01  6.61273122e-01  5.66177130e-01
  5.04028320e-01  3.27413112e-01  3.73967439e-01  2.12331444e-01
  3.67514849e-01 -7.76118934e-02 -7.36723125e-01 -1.21164195e-01
  4.99236196e-01 -1.67580128e-01  1.14323527e-01  1.70401514e-01
  1.82005525e-01  7.76777327e-01 -4.02723670e-01 -1.36259639e+00
 -3.62330899e-02  2.31313914e-01 -6.11715205e-03  3.95618588e-01
  6.89358473e-01  6.49379611e-01  1.68875813e-01  3.07827920e-01
  1.79943383e-01  5.88066094e-02  3.48358154e-01 -1.07764162e-01
  4.42926407e-01  1.75804436e-01  4.12040174e-01  5.61165810e-01
  2.70444304e-01  3.96539837e-01  7.22435355e-01  5.81487000e-01
 -3.75631601e-01  3.89082193e-01  2.34206215e-01 -6.45181462e-02
 -4.64044631e-01  3.88724625e-01 -5.32438338e-01 -1.56040117e-01
 -4.40344483e-01  1.38371438e-01  8.85570109e-01 -3.94426674e-01
  4.82774436e-01 -3.91781479e-01 -3.31564277e-01 -5.33570290e-01
 -6.43657744e-01  2.25389302e-01 -3.71477544e-01  4.74753138e-03
  4.03961092e-01  1.67642422e-02 -6.07153833e-01  1.63797542e-01
  3.15056533e-01  5.81275940e-01  1.68434724e-01 -3.42039049e-01
 -3.63199413e-02  5.71580946e-01 -2.08626255e-01 -1.29445828e-02
  1.73548475e-01 -5.56816049e-02 -2.27941990e-01 -9.74845469e-01
 -5.03141522e-01 -1.16645418e-01  9.46948007e-02 -5.06972015e-01
  6.75150454e-01  4.82142806e-01 -5.62234879e-01 -2.52805948e-01
 -3.16546917e-01 -5.73950410e-02 -8.56062025e-02 -5.31324863e-01
  1.03178859e-01 -7.95996413e-02 -1.23421298e-02  6.55670106e-01
  5.35984337e-01 -4.28724408e-01 -5.57401143e-02  5.66330373e-01
  3.62647355e-01  4.24878709e-02  2.00143695e-01 -4.51183498e-01
 -4.79660392e-01  5.60747162e-02  2.92415738e-01 -8.92062262e-02
 -1.26171678e-01 -2.47355521e-01 -5.90400398e-01 -5.41651428e-01
 -3.02963138e-01 -1.24599636e+00  4.30589676e-01 -4.74571697e-02
  3.65876317e-01 -1.09364641e+00  2.65629798e-01 -1.48231715e-01
  4.52908427e-01 -1.17568851e-01  5.35040796e-01 -7.83148408e-02
 -8.81633103e-01 -2.90599912e-02  2.55460083e-01 -4.95382816e-01
  1.01877964e+00  5.99872589e-01 -3.33801836e-01 -2.95218706e-01
  2.19536379e-01  1.34753346e-01 -1.53826803e-01  1.61928892e-01
 -2.18645781e-01 -3.78058046e-01  8.16185698e-02 -9.91635993e-02
  3.99884731e-01  3.49968255e-01  1.32835768e-02  7.84867257e-02
  7.46547461e-01  1.67585403e-01  5.67745447e-01  3.43107969e-01
 -6.40130758e-01 -6.30431697e-02 -4.24698025e-01  2.37113789e-01
  1.23999968e-01  7.86675453e-01 -2.24457860e-01  3.43409002e-01
  6.81579888e-01 -2.36948401e-01 -1.11627102e-01  5.49222469e-01
  7.97847286e-02  3.61143678e-01 -1.64887279e-01  8.69230479e-02
 -9.79767382e-01  3.18145871e-01  2.97810853e-01  1.51207387e-01
  5.99983111e-02  1.21585131e-01  1.28585761e-02 -8.22406709e-01
  2.65094697e-01  6.52206242e-02 -2.65663743e-01  2.78957367e-01
  3.24606329e-01 -6.27619699e-02  8.22525263e-01  3.37410361e-01
 -2.73981065e-01 -5.44343330e-02 -1.59358665e-01  8.00446153e-01
  8.54212821e-01 -1.37147456e-01  4.37386125e-01 -4.90453899e-01
 -8.21708441e-01  2.43767127e-01  1.17553338e-01  3.25485438e-01
  6.08734131e-01 -4.99935985e-01 -3.56372505e-01  6.48382843e-01
  2.60487318e-01  1.23897068e-01 -2.65856236e-01 -4.23188478e-01
  3.21372062e-01 -9.52896774e-02 -9.99052972e-02  2.13368446e-01
  2.74972856e-01  5.59816003e-01  4.74202037e-01  1.23255827e-01
 -3.89277786e-01  7.70849645e-01  4.01249155e-02 -4.25729841e-01
  1.60591438e-01 -6.24344647e-01  1.91366538e-01  2.53939450e-01
  3.62298101e-01  1.14751421e-01 -3.00408155e-01  2.21279413e-01
 -3.05855602e-01 -1.42267123e-01 -3.53112787e-01  4.56153959e-01
  1.53230906e-01 -8.16366374e-02 -2.91995317e-01 -5.06588340e-01
 -2.15198979e-01 -2.21242458e-02 -8.62219751e-01 -6.20679744e-02
  9.31381062e-02  2.48438075e-01 -2.22354665e-01 -1.84063073e-02
 -7.27000237e-01 -3.78167182e-01 -3.25843364e-01  3.78066629e-01
 -7.06938386e-01 -3.96107137e-01  5.64179420e-01  9.21429172e-02
 -1.90799348e-02 -1.30559301e+00  5.10205030e-01 -7.26425573e-02
  2.44777650e-01 -1.59302056e-01  1.41413763e-01 -4.17100400e-01
  4.53599133e-02  8.63836333e-02 -2.98153698e-01  8.65919068e-02
 -1.01870337e+01  2.16223821e-01 -5.15332103e-01 -4.30300862e-01
 -5.00162661e-01 -7.47401714e-02  8.72419477e-01  4.47256416e-01
 -1.86784685e-01  6.05300307e-01 -1.99960366e-01  6.10309899e-01
  3.53901982e-01  2.62665115e-02 -1.96473315e-01  9.74662229e-02
 -2.96127349e-01 -5.57382181e-02 -2.70759046e-01 -9.54452828e-02
 -4.60564673e-01 -3.72810394e-01  7.33393729e-01  4.50788796e-01
  6.29659116e-01 -1.57702535e-01  1.32048354e-01  4.13061649e-01
 -3.31314117e-01  3.68720263e-01 -1.03724337e+00  5.49242020e-01
 -3.11428607e-01  7.60378182e-01  1.52323395e-01  8.01357627e-02
  6.27902970e-02  1.70735419e-01 -2.68398166e-01  4.23721880e-01
  4.93558913e-01 -3.09099872e-02 -7.72415921e-02  3.53514850e-02
 -2.98044205e-01  3.58415954e-02 -1.19324647e-01  7.53478631e-02
  5.91220021e-01 -2.72128522e-01 -4.93429005e-02 -1.86581269e-01
  1.33067638e-01 -2.25517973e-01  2.00520188e-01  1.49728149e-01
  8.18328917e-01 -6.64590061e-01 -3.17550451e-01  9.87665951e-02
  5.90586960e-01 -6.58743680e-02  4.69421178e-01  6.20416582e-01
  1.04325533e-01  5.02266645e-01  3.52702737e-01  2.42429018e-01
 -1.14290822e+00 -2.23148361e-01  3.11280310e-01  7.61534333e-01
 -2.10704356e-02  3.10787577e-02 -1.68237954e-01  2.66182274e-01
  1.29674822e-01  1.88206553e-01  4.32092816e-01 -7.68738389e-02
  1.99163601e-01 -1.85180590e-01 -6.95248768e-02  5.90726435e-01
 -7.08386242e-01  1.37811095e-01 -6.11194149e-02 -3.21356416e-01
  2.62741297e-01 -4.81617630e-01  3.14485490e-01 -1.78254366e-01
 -8.47641468e-01  5.24996400e-01  7.51510680e-01 -3.50318164e-01
 -3.77528638e-01 -9.29861590e-02  2.22409159e-01 -2.93462634e-01]"
ウ,"[ 7.16040671e-01  5.49604118e-01  1.06005788e+00 -4.43172455e-01
  4.48430814e-02  3.21956873e-01  2.71565050e-01  6.27996447e-03
 -6.29997611e-01 -2.32913792e-01  5.50556898e-01 -5.56434214e-01
 -2.96823680e-01 -1.86366051e-01  3.26148659e-01  1.99595429e-02
 -1.58993572e-01 -4.17444408e-01  3.07723641e-01 -4.44192618e-01
 -1.43569231e+00 -5.54302156e-01 -1.95291460e-01  1.66947424e-01
 -3.15049201e-01 -4.72497463e-01  2.60067999e-01  9.22654122e-02
  3.44574243e-01 -3.43114972e-01 -6.20528758e-01 -1.69486374e-01
  2.76246853e-02  1.34527147e-01 -5.56464970e-01  5.06611824e-01
  1.04094464e-02 -3.86327565e-01  7.52918601e-01  1.90581203e-01
 -4.34430949e-02 -6.25337195e-03 -1.10675767e-01 -1.08855870e-03
 -2.32951060e-01  1.11647189e-01  1.65237427e-01  3.18500936e-01
 -2.47206446e-02 -4.21565592e-01 -8.24009240e-01  5.96374750e-01
  3.77323061e-01 -2.69231144e-02  1.93046033e-01 -2.09483609e-01
  9.54737663e-01 -1.06687963e+00  1.30802184e-01  3.89132231e-01
 -6.29865587e-01 -3.24621201e-01  4.78024840e-01 -1.24621272e-01
 -1.86718076e-01  2.39668280e-01  2.34998707e-02 -4.59245592e-03
  4.92657870e-01 -5.36670446e-01  4.45383221e-01  1.37165293e-01
 -1.06255487e-01 -7.00016022e-01  5.88559628e-01 -2.72763222e-01
  1.12935334e-01  3.39727432e-01  1.95166901e-01  2.92498488e-02
  1.83363944e-01  1.89394563e-01  1.85008928e-01 -4.67837989e-01
 -4.56617743e-01  1.38285562e-01 -7.63405025e-01 -1.02783906e+00
  5.83211482e-01 -3.62402737e-01  3.35579403e-02  2.73272693e-01
  3.22291493e-01 -1.09906569e-01  4.74197924e-01  2.39227071e-01
  1.66855566e-02 -4.34027566e-03 -3.33974242e-01  3.18278372e-02
 -3.18505466e-01  6.91365972e-02  1.39354065e-01 -4.68101025e-01
  1.09371647e-01 -1.71451703e-01 -3.93294811e-01  5.83107769e-01
  3.21184307e-01  2.40821555e-01 -3.93265545e-01 -3.88634324e-01
 -5.44151247e-01 -2.60616064e-01  4.82611597e-01  4.43647839e-02
 -5.01767933e-01  6.23804390e-01 -3.32778066e-01  5.30165613e-01
  1.64832041e-01  3.45000714e-01 -4.61008027e-02 -4.88058507e-01
 -1.34052157e-01  6.93930864e-01  2.39530593e-01 -8.71166661e-02
  2.27967203e-01 -1.75932318e-01 -1.81243718e-01 -7.23655999e-01
 -6.06303625e-02 -1.28423259e-01 -4.14808691e-01  7.96422780e-01
  3.08164418e-01  4.59326208e-02  2.72155344e-01 -5.11127651e-01
 -5.17636001e-01 -2.33959407e-01  4.80236083e-01 -6.77524328e-01
  1.86314955e-01  4.57313567e-01 -3.24295014e-01 -2.71047413e-01
  7.19058096e-01  3.44485730e-01 -4.05073091e-02  1.22162378e+00
 -5.08316815e-01 -4.21504397e-03 -1.09104328e-01  5.94537437e-01
 -7.33305216e-01  3.25606942e-01  5.37666380e-01  4.37829107e-01
  7.36100733e-01 -1.03426576e-02  5.24857640e-02  4.43390757e-01
  2.24078279e-02  2.88335592e-01  1.59544170e-01 -4.79702562e-01
 -3.03679973e-01  4.21258777e-01  1.49492174e-01  5.48896074e-01
  3.40950936e-01 -8.71381015e-02 -3.95018846e-01  1.61977962e-01
  8.20331812e-01 -1.80283591e-01  2.67578334e-01 -7.52974987e-01
 -2.78710455e-01  1.59581810e-01  5.62970757e-01 -6.08632386e-01
  4.92239565e-01 -6.07765988e-02  5.25845625e-02 -1.43023312e-01
 -1.91966355e-01  9.97748300e-02 -3.55560511e-01 -5.00298202e-01
  5.06961286e-01 -5.31934798e-01 -3.02319258e-01 -4.19243068e-01
  3.32695007e-01  1.38085470e-01 -4.93383825e-01  6.11286104e-01
  3.28400701e-01  1.61657035e-01 -1.62158489e-01 -5.78785896e-01
 -9.84539866e-01 -6.54933900e-02 -3.81376334e-02  2.91111887e-01
  2.58381993e-01  3.82747889e-01 -5.70695341e-01  7.09239393e-02
  7.39507303e-02  2.86776960e-01  6.94371700e-01  3.66030782e-01
 -2.54819304e-01 -4.56412643e-01 -3.78085524e-02 -4.54684757e-02
  1.46628395e-01 -2.53059566e-01  3.08271676e-01  1.77779138e-01
  4.23457958e-02  1.95485353e-01  1.80061296e-01 -4.82959569e-01
 -4.46991146e-01  4.22453701e-01 -5.54798007e-01 -6.09553218e-01
 -2.87503093e-01 -7.14776516e-02 -6.48085237e-01 -5.90021431e-01
 -3.88478547e-01 -2.70618126e-02 -2.96799630e-01  5.09854853e-01
 -2.20749557e-01 -3.46815139e-01  4.21644419e-01 -3.03888112e-01
 -2.97898710e-01  3.92776459e-01 -5.96282370e-02  4.85152230e-02
 -2.71362692e-01 -1.80214211e-01 -4.85119194e-01 -5.50102711e-01
 -1.46064058e-01 -5.48247062e-02  3.20635945e-01  4.96225029e-01
  4.85402435e-01 -2.99278855e-01  3.81333351e-01 -3.73530388e-01
 -4.47713405e-01 -5.84976196e-01 -1.86789498e-01 -1.52982026e-01
  6.60977811e-02  1.69545248e-01 -7.59079531e-02 -3.52529973e-01
 -7.25149870e-01 -4.50740993e-01  7.21923411e-02 -1.67071857e-02
 -5.82984127e-02 -1.75238892e-01  1.76436588e-01  8.80754665e-02
  1.37753308e-01  4.12329048e-01 -4.05186027e-01 -8.90388526e-03
 -2.57804722e-01  5.31994402e-01 -6.91399395e-01  1.42606691e-01
  9.13780835e-03  4.74073827e-01 -6.84618592e-01  1.83268113e-03
 -4.53542352e-01  7.37884343e-01  5.01132190e-01 -5.56135714e-01
  6.02494963e-02 -1.66056618e-01 -9.42103505e-01 -2.07673684e-01
  6.04506969e-01 -1.59555115e-03  4.08099085e-01 -1.18454859e-01
  3.92930657e-01  4.43378568e-01  8.90624821e-01 -6.74004629e-02
 -1.12778442e-02 -3.92647624e-01  1.57701224e-01  1.88776746e-01
  5.44503987e-01 -1.62852779e-01  2.81394482e-01  5.10875642e-01
 -6.43028021e-01  3.15815985e-01  8.40604305e-01  4.54933047e-01
 -1.77802837e+00 -3.15490574e-01  5.09924591e-01  1.88154355e-01
 -3.58378887e-01 -2.12312624e-01  2.24696264e-01  3.30497444e-01
 -3.35794449e-01 -4.86739337e-01  1.28249645e+00  2.57858187e-01
  1.95693672e-01 -4.18170601e-01  1.12636484e-01 -5.62515445e-02
 -1.41708806e-01 -5.21446228e-01  3.38325202e-01  4.10431117e-01
 -7.61240005e-01 -6.54457929e-03 -2.19285846e-01 -3.20843577e-01
 -5.57930410e-01  3.38376254e-01 -6.22255981e-01 -1.54126929e-02
 -3.61003816e-01 -1.23855829e-01  6.44548163e-02  1.19892108e+00
  8.73766601e-01  1.13605425e-01 -7.85572767e-01 -1.87774196e-01
 -5.42365722e-02 -3.29933971e-01  1.71589345e-01 -4.71077673e-02
 -1.40358746e-01 -1.25417739e-01  3.49879503e-01  1.09792404e-01
  1.69236571e-01 -9.03558135e-02 -6.12367451e-01 -1.05428100e-01
 -1.60651013e-01  7.27182508e-01  9.39148664e-01  1.42024815e-01
 -1.07327076e-02  5.41143000e-01  9.44216192e-01  3.77133340e-01
  1.17603675e-01 -6.48429930e-01 -3.32254231e-01 -4.62767929e-01
  7.66859427e-02 -2.49351487e-01 -4.17594105e-01  5.56211174e-01
 -1.49287611e-01  3.68744880e-02  1.74082235e-01 -8.22863281e-01
  4.12290752e-01 -5.09033144e-01 -2.34752417e-01 -2.06544533e-01
 -1.70366451e-01 -4.29976463e-01  7.41584122e-01  2.43178412e-01
  3.58751476e-01 -3.15397292e-01 -9.57608461e-01  6.62799597e-01
 -1.86171591e-01 -1.34786561e-01  1.95244402e-01  1.56921580e-01
 -1.30145578e-02  1.55310869e-01 -5.91698289e-02 -3.21650922e-01
 -8.68708730e-01 -3.00891966e-01 -4.20406580e-01 -6.36451244e-02
 -8.57962519e-02  6.06308579e-01  1.67367030e-02  1.61768347e-01
  2.56656736e-01  3.89099389e-01 -1.40243977e-01 -2.96801627e-01
 -5.63014865e-01  4.06154007e-01  3.24818224e-01  9.64802563e-01
  4.04055476e-01  7.86697958e-03  5.23979902e-01  1.74883660e-02
  8.57487842e-02  1.28358930e-01 -6.16624892e-01 -4.25798893e-01
  9.45486486e-01 -4.24720228e-01 -2.15534687e-01  3.16232592e-01
  1.19009264e-01  5.50872147e-01 -3.95574868e-01 -1.00243187e+00
  5.23220181e-01 -3.21571022e-01  2.51395792e-01  1.02209866e+00
  2.45553657e-01  1.29528150e-01  2.35287622e-01  2.30562892e-02
 -4.23205048e-01 -2.76933640e-01 -3.28922331e-01 -5.09810746e-01
  4.11363840e-01 -1.82649434e-01  6.00071728e-01  4.72385496e-01
  5.99153638e-01 -4.93774936e-02  3.51201832e-01  2.94397473e-01
 -5.44508100e-01  4.76869196e-01  6.14898860e-01  3.76830667e-01
 -2.98026800e-01  4.51095432e-01 -4.61815894e-01  2.61024199e-02
 -2.56652623e-01 -2.92400658e-01  1.01136053e+00 -3.66128348e-02
  5.85108876e-01 -7.22363710e-01 -3.12030435e-01 -4.95933414e-01
 -4.94141340e-01 -1.92767397e-01 -2.27434888e-01  7.53657743e-02
  2.83958793e-01 -3.67110074e-01 -6.58712447e-01  2.88394988e-01
  5.98970175e-01  4.79709685e-01 -5.10609299e-02 -3.06638241e-01
 -2.42385089e-01  1.44310355e-01 -7.13408232e-01 -5.08119762e-01
  5.75716496e-01  1.33645713e-01 -3.49325001e-01 -8.85440588e-01
 -3.18086386e-01 -1.37975529e-01  1.80566147e-01 -4.81180012e-01
  4.65103425e-02 -2.90102869e-01 -7.40047514e-01 -2.73175985e-01
 -4.84755099e-01 -1.20044157e-01 -6.42106056e-01 -3.72304142e-01
 -2.52456278e-01 -4.79332060e-01  4.62514767e-03  6.94812894e-01
  7.40345001e-01 -4.98549789e-01 -2.38092914e-01  1.25692427e-01
  1.68650851e-01 -2.38517508e-01  1.64094210e-01 -3.25444698e-01
 -1.57747671e-01 -5.75693488e-01  2.04005197e-01 -2.76162952e-01
 -6.52704909e-02 -8.76909718e-02 -7.34548450e-01 -4.65900540e-01
  3.24366055e-02 -8.09866250e-01  1.94154412e-01 -5.71203344e-02
  9.31557417e-01 -5.27416945e-01  1.28314644e-01 -5.06936982e-02
 -2.37449393e-01 -5.59950769e-01  5.27624726e-01 -3.12546849e-01
 -1.15858138e+00  3.61088723e-01  1.45674750e-01 -4.96135384e-01
  1.24215174e+00  2.09113210e-01 -6.29974842e-01 -1.04992591e-01
  1.29986420e-01  1.62437677e-01 -2.30471909e-01  1.48638442e-01
  3.89331430e-02  3.44085783e-01  4.43722427e-01 -4.37509924e-01
  6.19332314e-01 -3.59158660e-03 -2.29898542e-01 -1.35452345e-01
  3.42429459e-01  3.44156265e-01  6.82905555e-01  1.29414752e-01
 -6.26249969e-01 -2.23208055e-01 -3.25437993e-01 -6.77823722e-02
 -4.93472163e-03  3.35961312e-01 -5.25542736e-01  8.92374694e-01
  5.95879138e-01 -5.63697219e-01  3.58893722e-01  1.21140432e+00
 -4.23423871e-02  1.00338936e+00  1.73222333e-01  4.11442295e-02
 -6.27874792e-01  1.51021287e-01  7.85162672e-02  1.13573238e-01
 -7.04819784e-02  6.16788268e-02 -2.95042545e-01 -2.07189351e-01
  8.60603988e-01 -1.21087298e-01 -3.26449782e-01  8.48917291e-02
  2.58577079e-01 -2.89985210e-01  8.56760681e-01  3.06805164e-01
 -1.36516513e-02 -1.71894342e-01  3.32547456e-01  6.21066749e-01
  1.23173916e+00 -4.21998173e-01  3.74052674e-01 -3.31547111e-01
 -5.47127068e-01  1.43684179e-01  1.50127530e-01 -8.64528418e-02
  6.01215363e-01 -6.97274566e-01 -8.04886967e-02  7.73182809e-01
  2.36947969e-01  3.00097913e-02 -7.37051517e-02 -5.07893443e-01
  1.77318618e-01 -4.61463809e-01 -1.80193573e-01  4.58078273e-02
  3.56192291e-01  7.27163076e-01  4.08696771e-01 -1.53136924e-01
 -6.61972314e-02  8.01147103e-01 -9.96110737e-02 -4.93488669e-01
 -7.96970874e-02 -1.86291501e-01  3.93057391e-02 -5.20649850e-02
  3.48019212e-01 -2.10816879e-02 -2.20096946e-01  6.96488619e-01
 -2.26593941e-01  1.58699993e-02 -2.68517137e-01  3.71264756e-01
  1.12312593e-01 -1.10282540e-01  2.15176210e-01 -2.13267505e-01
  2.19078302e-01 -8.04663170e-03 -8.18797827e-01  5.76216057e-02
  1.49572268e-01  8.99965018e-02 -5.05091488e-01  5.94391348e-03
 -4.69350129e-01 -3.57458442e-01 -1.22824110e-01  1.75755724e-01
 -1.18492377e+00 -7.96239614e-01  4.04311538e-01 -1.13843111e-02
 -2.22231910e-01 -1.39412284e+00  6.04565978e-01  3.70403737e-01
 -3.32081988e-02 -1.89859390e-01  2.78543860e-01 -6.24178387e-02
 -2.02721819e-01 -1.56946585e-01 -2.01258510e-01  3.42308521e-01
 -9.88176918e+00  1.12770759e-01  2.50407439e-02 -6.22600853e-01
 -2.76820093e-01 -1.41919762e-01  1.09794724e+00  8.69891942e-01
 -1.87412709e-01  4.06247199e-01 -2.01487169e-01 -3.28345932e-02
  4.22211558e-01  6.47771239e-01  1.65358242e-02 -7.57811219e-02
 -2.08381042e-01  1.53451160e-01  1.10351264e-01 -8.12371746e-02
 -6.07629895e-01 -3.31951827e-01  7.04402804e-01  2.13520423e-01
  3.32133681e-01 -5.60950339e-01 -5.38508654e-01  7.21315145e-01
  2.39347965e-02  2.18113080e-01 -1.00224507e+00  2.96147227e-01
  1.26131713e-01  4.14044440e-01 -1.12271339e-01  3.90668362e-01
  1.04702450e-01  8.87585223e-01 -6.42447472e-02  1.89240113e-01
  1.08976685e-01  4.44355249e-01  7.05835000e-02  4.31388766e-02
  3.93780977e-01 -6.31690770e-02  2.85484418e-02  4.78996664e-01
  8.08911502e-01 -2.49125585e-01 -4.23261702e-01 -2.74450004e-01
  4.65073913e-01 -2.50932336e-01  1.57838166e-01 -4.56525050e-02
  6.44307196e-01 -9.43918109e-01  1.45242319e-01  1.49372593e-01
  3.02978486e-01  5.56549609e-01  6.30358040e-01  7.06629515e-01
 -1.50151372e-01  4.65382963e-01  5.70741117e-01  5.43890186e-02
 -1.22884679e+00 -4.16785181e-01  3.50274801e-01  3.19097728e-01
  2.79913932e-01  2.02869564e-01  1.53428257e-01  3.13708216e-01
 -2.31102943e-01  1.96545213e-01  2.69514769e-01  1.90439910e-01
  6.27090394e-01 -4.20842886e-01  1.83549061e-01  6.61153436e-01
 -5.12235284e-01  3.42084557e-01  2.13412911e-01 -2.76893467e-01
  2.21116453e-01 -5.82990050e-01  6.00941181e-01  1.98592559e-01
 -5.65831959e-01  4.26244050e-01  4.98821706e-01 -1.24667063e-01
 -2.60311179e-02  7.08031207e-02  2.06412062e-01 -3.70711058e-01]"
シ,"[ 1.63603336e-01  5.61111569e-01  9.63577688e-01 -2.53137738e-01
  2.56172061e-01  3.77693935e-03  6.68121040e-01 -2.36982659e-01
 -4.65715885e-01 -1.55674174e-01  4.12211478e-01 -2.10179478e-01
 -4.99211907e-01  2.61354506e-01  3.42842668e-01  2.63275474e-01
 -1.77709743e-01 -5.32054305e-01  6.49681985e-02 -6.26070611e-03
 -1.25149870e+00 -8.28390598e-01 -1.89384073e-01  6.71663284e-01
  2.07438827e-01 -9.78362501e-01  3.77800345e-01 -2.11091451e-02
  1.04807252e-02 -4.03985888e-01 -5.49396932e-01 -2.47840136e-02
 -1.91635624e-01  5.88911772e-01 -7.29784012e-01  2.90721714e-01
  2.35302493e-01 -5.32673478e-01  3.72516029e-02 -2.32694298e-01
  2.69700229e-01 -3.14180046e-01  1.98765814e-01  4.80454773e-01
  5.27459458e-02  3.14000607e-01  2.15839341e-01  8.33956525e-02
 -2.61348099e-01  2.62496650e-01 -6.32890701e-01  3.62549484e-01
  6.21737957e-01  2.13496968e-01  1.06652446e-01 -3.82269382e-01
  2.38241270e-01 -3.02271515e-01  3.15013081e-01  5.37103832e-01
 -4.60227698e-01 -5.21640889e-02  2.73281813e-01  2.33560175e-01
  4.40126993e-02  4.59627628e-01 -3.10776800e-01 -2.55873173e-01
  1.84489161e-01 -9.53016818e-01 -1.16699925e-02 -2.67543606e-02
  7.59125724e-02 -8.65208328e-01  6.29284382e-01 -1.13531232e-01
  1.74959049e-01  2.80857474e-01  7.98219964e-02  7.07317367e-02
 -8.50631669e-02  2.57181942e-01  5.51892519e-02 -4.44931746e-01
 -8.18901122e-01  9.33475047e-02 -6.96617007e-01 -6.23130858e-01
  3.71504366e-01  4.11418043e-02 -1.95469856e-01 -4.27931309e-01
 -4.14786547e-01  3.39911133e-01  4.86581028e-01  6.07203186e-01
  1.65332884e-01 -3.06674480e-01 -1.96098447e-01  2.70745069e-01
  3.15446079e-01 -1.98801577e-01  4.08902198e-01 -1.61339059e-01
  1.77288413e-01  1.85977116e-01 -3.70616257e-01  1.48716778e-01
  4.08792943e-01  2.12757394e-01 -5.67500591e-01 -1.41534701e-01
 -8.02746654e-01 -3.71534050e-01  1.98545009e-01  3.18036497e-01
 -5.26221037e-01  1.49696767e-01 -2.26424158e-01 -2.63807811e-02
  6.83838204e-02  5.67933559e-01  1.33882046e-01 -8.03805113e-01
  1.47024572e-01  5.01258194e-01  2.98709244e-01 -1.02923319e-01
 -4.27690059e-01 -2.98318058e-01 -5.08204043e-01 -3.89622480e-01
  1.46926427e-02  4.39901382e-01 -6.63587570e-01  5.56197882e-01
  2.44140953e-01  1.97624266e-01  3.07847504e-02 -3.10484916e-01
 -4.37712848e-01 -7.02986568e-02 -6.70259818e-02 -5.50451458e-01
  2.80624270e-01 -2.52366424e-01 -7.73504913e-01 -3.96372974e-01
 -3.38088036e-01 -2.59885877e-01  3.16100307e-02  1.26596892e+00
 -5.36586583e-01 -3.84549797e-01  3.12108517e-01  2.26555511e-01
 -7.50627458e-01  4.07783315e-02 -8.68369360e-03 -1.20559931e-02
  1.46507204e-01 -4.34125006e-01  3.76425385e-01  4.52755094e-01
  6.10721648e-01 -1.43308654e-01  1.21564254e-01 -2.17006564e-01
  8.92624035e-02  3.41462523e-01  8.29442620e-01 -4.34506573e-02
  6.89471722e-01  1.75456047e-01 -8.19169134e-02  3.93725932e-01
  8.95509422e-01 -3.23472381e-01 -2.85314228e-02 -3.22180778e-01
 -2.76332945e-01 -3.61938745e-01  2.55494118e-01 -4.93816763e-01
  6.15046442e-01 -7.14162290e-01  3.50738347e-01 -2.79103369e-01
 -3.05350870e-01 -1.47183865e-01  9.65518579e-02 -3.45172763e-01
  8.85943592e-01 -3.47847521e-01 -5.72144806e-01 -3.34402382e-01
  2.66456336e-01  1.63429365e-01 -5.65876484e-01  2.49374613e-01
  2.16334730e-01  1.26294568e-01 -6.11438192e-02 -6.54739439e-01
 -5.59577346e-01  4.15687710e-01  2.59343386e-01  3.45921442e-02
  1.85577556e-01  8.12051535e-01 -3.64490032e-01  2.77725369e-01
  5.67121744e-01  1.16499767e-01  1.13798089e-01  2.31491864e-01
 -1.07704923e-01 -4.00251538e-01 -8.44152346e-02 -1.93388820e-01
  6.97521329e-01 -3.22067261e-01 -5.72157919e-01  2.38063872e-01
  9.07755271e-02  4.22748774e-01  1.94230005e-01 -1.46908224e-01
 -1.11429714e-01  1.28377765e-01 -9.45113897e-01 -3.79291624e-01
 -8.43826830e-01 -3.37311447e-01 -4.89846915e-01 -6.03349268e-01
 -3.42031807e-01 -1.87918872e-01 -6.26741290e-01 -3.37494574e-02
 -1.44564360e-01 -4.07004058e-01  1.44591808e-01 -3.00484687e-01
 -1.69790462e-01  6.13060147e-02  3.16678523e-03 -3.22889864e-01
 -4.27733690e-01 -3.62180211e-02 -4.87673320e-02 -4.17041361e-01
  2.10702002e-01 -2.12283745e-01  1.03694344e+00  6.47431910e-01
  7.51720965e-01 -5.99120140e-01  4.85574543e-01 -4.26550001e-01
 -3.09426934e-01 -3.62140328e-01  3.36613059e-01  3.46474886e-01
  1.14484623e-01 -7.78585598e-02 -3.50176185e-01 -6.98029697e-01
 -8.47503781e-01 -5.56796730e-01  5.96597314e-01 -1.50695592e-01
  5.54423034e-02 -4.01285052e-01  1.51616141e-01  3.36203933e-01
 -6.12843335e-01  8.59668911e-01 -4.06478405e-01  4.37324733e-01
 -8.02108526e-01  9.65873659e-01 -5.92792965e-02 -8.89306068e-02
 -1.72614858e-01  4.76021051e-01 -8.32711518e-01 -5.10946847e-02
 -7.54189074e-01  9.48963881e-01  3.52217108e-01 -4.52993035e-01
  7.23286346e-02  2.32128352e-01  4.94474359e-02  4.08591211e-01
  4.25799489e-01  2.89515376e-01  4.38592046e-01  1.57430798e-01
  2.88930625e-01  1.98024437e-01 -1.14860736e-01 -3.20596963e-01
  2.44942352e-01 -1.75852269e-01 -2.82983601e-01  5.00118911e-01
  2.65005648e-01 -1.70627415e-01  6.26630843e-01  4.88212436e-01
 -5.54039836e-01  4.73126680e-01  8.14007580e-01  3.70932430e-01
 -1.26522517e+00 -4.62719977e-01  3.85998785e-01  2.01425612e-01
  1.43208772e-01 -2.41515085e-01  4.11659509e-01  5.12628376e-01
 -3.45255584e-01 -3.80812168e-01  1.24181926e+00 -2.67702967e-01
 -3.13587397e-01  1.96126342e-01  3.14073890e-01 -2.26803899e-01
  1.97941273e-01 -6.14944696e-01  1.07354991e-01  6.05356038e-01
 -4.45777863e-01  9.98661444e-02 -7.48908669e-02  2.16349978e-02
 -3.33703101e-01  2.57237405e-01 -7.12485015e-01 -1.46129191e-01
 -8.59092250e-02 -1.52098253e-01 -2.60041326e-01  1.10747290e+00
  4.22103316e-01  8.08546960e-01 -1.01743996e+00 -5.56677103e-01
  9.52742025e-02  1.53047562e-01  2.62036294e-01 -6.84613287e-01
 -5.06963253e-01 -4.78540778e-01  1.73185542e-01 -4.43175822e-01
  2.96869427e-01 -2.47007281e-01  2.77859241e-01  1.82748139e-01
 -4.40009058e-01  3.02606106e-01  6.95116758e-01  1.92022532e-01
  3.09463501e-01  4.28770334e-01  2.22777292e-01  5.44481516e-01
  1.39733464e-01 -4.71071571e-01 -4.70793843e-02 -2.88962960e-01
  6.26677573e-01 -2.03951113e-02 -6.44016981e-01  4.26964521e-01
  3.35068583e-01 -7.75960758e-02 -2.38808498e-01 -6.17244720e-01
  2.93143153e-01 -4.81806278e-01 -1.96176425e-01 -3.97129536e-01
 -7.80908018e-02 -2.53324300e-01  1.00818324e+00  5.93216956e-01
  2.25838467e-01 -7.43759215e-01 -7.36458480e-01  1.43390253e-01
  2.10463963e-02  4.73305613e-01 -6.31350577e-02  2.00848415e-01
 -5.80213703e-02 -3.85002673e-01 -2.80049592e-01 -2.87430823e-01
 -4.90521938e-01 -1.70227587e-01 -3.80782664e-01 -1.47157148e-01
  8.08348581e-02  1.01589811e+00 -8.18671212e-02 -4.37057298e-03
  2.62422889e-01  9.21149552e-01 -3.35390031e-01 -1.73789158e-01
 -7.30690241e-01  3.33568841e-01  4.80212867e-01  2.59432256e-01
  4.18212950e-01  1.95657551e-01  6.45623922e-01 -2.13693246e-01
  1.78742424e-01  5.62320828e-01 -9.52494293e-02 -4.65902001e-01
  5.89449584e-01 -3.53551835e-01  5.18576503e-01  5.02124608e-01
 -2.37696528e-01  5.33088624e-01 -5.82868397e-01 -3.41817796e-01
  1.96036562e-01  4.39268559e-01  1.02159917e-01  7.31368437e-02
  5.08945584e-01  7.32358634e-01  6.20243400e-02  5.34525454e-01
 -1.53113946e-01  2.23901365e-02 -4.30824012e-02 -3.57109845e-01
  3.91505152e-01 -1.26716554e-01  4.57513362e-01  7.47415841e-01
  7.45801553e-02  3.34050059e-02  4.64789659e-01  3.22117567e-01
 -1.32783830e-01  4.43664342e-01 -2.16353476e-01 -8.20769295e-02
 -4.78877872e-01  5.29356718e-01 -4.33604360e-01  6.95783198e-02
 -2.83975571e-01 -6.94778040e-02  3.94160777e-01 -4.52841341e-01
  3.87324691e-01 -5.11859715e-01 -9.78059590e-01 -8.96248102e-01
 -1.04058635e+00 -3.77825201e-02 -6.19799137e-01  1.91784561e-01
  4.33692962e-01  3.37722838e-01 -5.85271358e-01  5.86609483e-01
  5.23256540e-01  4.36906874e-01  2.11797580e-02 -3.00570160e-01
 -3.29498142e-01 -4.39510107e-01 -2.45361894e-01  1.29090101e-01
  1.25719383e-01 -1.49542749e-01 -4.85604465e-01 -3.82494986e-01
 -2.38695383e-01 -1.57915473e-01 -7.22726732e-02 -3.96916449e-01
  2.52207041e-01  3.05159539e-01 -8.78956556e-01  4.76449668e-01
 -2.94450581e-01  4.68497962e-01 -4.81890261e-01 -3.45439583e-01
 -2.33464584e-01 -6.99124783e-02  1.46506466e-02  5.08740425e-01
  5.97614706e-01 -3.36241394e-01  3.17217082e-01  1.04651940e+00
  3.05898547e-01 -6.56388164e-01  2.83049121e-02 -3.90717566e-01
 -8.86869013e-01  5.47399879e-01  1.71412870e-01  5.07201314e-01
  3.82300287e-01 -3.45996581e-02 -7.65721858e-01 -2.35219523e-01
 -1.58159360e-01 -6.66702092e-01  6.33459628e-01 -5.27844906e-01
  6.03116572e-01 -1.00139427e+00  4.27998066e-01 -4.41523343e-01
  6.44017681e-02 -3.05156887e-01  4.91352290e-01 -1.68144673e-01
 -5.52774727e-01 -1.37960762e-01 -4.20004010e-01 -4.03524876e-01
  7.79307544e-01  4.22886670e-01 -6.71458542e-01  7.57039905e-01
  8.81175041e-01  2.14556932e-01  1.86129939e-02 -1.68943759e-02
 -4.29343402e-01  5.67590781e-02  1.42172739e-01 -2.25387812e-02
  6.03763223e-01  5.61386764e-01 -3.29905719e-01 -3.26231331e-01
  8.16208720e-01  1.29227236e-01  4.44275558e-01 -4.90773432e-02
 -5.76477528e-01  1.52885646e-01 -1.82719082e-02 -2.00882480e-01
  3.78912129e-02  7.83524573e-01 -4.60827529e-01  5.39143980e-01
  5.29404819e-01  2.07973700e-02 -1.17460554e-02  1.48646772e+00
 -3.43136042e-01  7.31328011e-01  3.37306947e-01  3.41524363e-01
 -8.93943369e-01  3.84448409e-01  6.33160949e-01  2.41828486e-01
  9.61683840e-02  8.83182585e-02 -3.43893796e-01 -5.76559842e-01
  7.11446762e-01 -8.87278855e-01 -9.04211588e-03  2.59813726e-01
  5.65520227e-01 -1.51020244e-01  8.81471992e-01  5.15365481e-01
  7.14452118e-02  3.47704649e-01  2.73196846e-01  7.52917647e-01
  4.35855448e-01 -9.34442356e-02  7.08543539e-01 -5.22925794e-01
 -6.61077797e-01  5.14232039e-01 -4.63536829e-01 -2.70550586e-02
  9.68362018e-02 -5.85820258e-01 -4.64604139e-01  5.28101861e-01
  5.53121328e-01  3.62198144e-01 -2.89152026e-01 -3.39333653e-01
 -7.22410977e-02  8.00727010e-02 -2.96876937e-01  2.65658528e-01
 -1.76449239e-01  7.62426972e-01  3.61016214e-01  1.73849866e-01
  2.63490468e-01  3.82313341e-01 -9.09759626e-02 -7.05301836e-02
  4.68845516e-01  1.79444313e-01  2.47649342e-01 -3.59204039e-03
  4.73301470e-01  3.41785736e-02 -4.40897405e-01  7.78917253e-01
 -3.33704561e-01 -5.44424772e-01 -2.70071059e-01 -3.57808471e-02
  3.64897400e-01 -1.81391388e-01 -2.01868527e-02 -3.40008408e-01
  2.28847831e-01  1.52716920e-01 -7.29587078e-01  2.88266450e-01
  3.66138697e-01 -1.49304062e-01  1.14134274e-01 -1.71195582e-01
 -3.95289660e-01 -6.54736280e-01 -2.20074251e-01  4.37257811e-02
 -1.17882323e+00 -3.56144339e-01  6.80303812e-01  1.58449277e-01
 -3.37136328e-01 -1.18336618e+00  4.72523868e-01 -3.65001768e-01
  4.75816190e-01 -7.74253085e-02 -5.39039373e-02  1.83478847e-01
 -1.41189367e-01 -3.53323489e-01 -3.16048354e-01 -2.00425401e-01
 -9.85924721e+00  2.97644973e-01 -1.24877118e-01 -4.89321053e-01
  1.11029655e-01 -3.54481637e-01  4.84276652e-01  6.80180073e-01
 -3.70484024e-01  5.96631408e-01 -4.41550702e-01 -2.75892943e-01
  6.81962550e-01 -1.87635437e-01 -3.18950176e-01 -2.50903785e-01
 -5.99779427e-01 -4.29402709e-01 -2.56298244e-01  1.98815390e-01
 -2.07847580e-02 -1.33887872e-01  1.02630436e+00  6.93728983e-01
 -2.52547532e-01 -2.98883885e-01  2.51271397e-01  4.53359067e-01
  3.67264807e-01  6.86093122e-02 -5.70196271e-01  6.50061727e-01
 -3.53747904e-01  1.91726416e-01 -1.36249721e-01  1.31582379e-01
  3.13424826e-01  3.74453850e-02 -4.94371414e-01  2.52475470e-01
  5.20692050e-01 -1.47162408e-01 -5.39980233e-01 -6.79523051e-02
  5.88387609e-01 -5.37824452e-01 -9.84445810e-02  2.44418249e-01
  7.35999703e-01 -1.32617310e-01 -2.00176045e-01 -2.77599722e-01
  6.80311143e-01 -1.87823802e-01  1.43186361e-01 -6.00769650e-03
  6.81607246e-01 -3.22454154e-01 -2.20514849e-01 -5.97079456e-01
 -3.22564691e-01 -1.35977179e-01  2.45767385e-01  7.95433998e-01
 -1.36381760e-01  3.45778793e-01 -3.19691539e-01  6.21876642e-02
 -7.23689795e-01 -1.56849295e-01  3.80473137e-01  5.97694278e-01
  3.61764669e-01 -7.59989321e-02  2.41424039e-01  2.31006801e-01
 -6.27083957e-01  3.99850421e-02  3.88293356e-01 -8.10375810e-03
  1.01581670e-01 -6.11351907e-01 -2.39075180e-02  9.02662575e-01
 -7.92504013e-01 -4.10769917e-02  1.70538336e-01 -1.09856233e-01
  4.10794824e-01 -3.28421772e-01  1.15346745e-01 -2.10215241e-01
 -4.22236502e-01  5.11194885e-01  2.24089339e-01 -5.37134349e-01
  1.26098305e-01  1.60041273e-01 -1.52237881e-02 -6.84546590e-01]"
ン,"[ 3.17613687e-03 -6.07978404e-02  8.68006200e-02 -6.61807656e-01
  1.11189066e-02  3.26512426e-01  1.91664413e-01 -4.04566735e-01
 -4.29208189e-01 -4.08304513e-01  5.46361029e-01  2.07058281e-01
 -3.82692397e-01  6.25517517e-02  7.95114398e-01 -4.42884237e-01
  3.12596262e-01  3.43851298e-01 -5.23972958e-02  5.17843142e-02
  9.78624746e-02 -5.57179034e-01 -2.74719983e-01  4.72691730e-02
 -4.59600277e-02 -3.68633270e-01  2.24446252e-01 -8.23124871e-02
  9.83265489e-02 -2.37664342e-01  1.59143001e-01 -4.42582101e-01
 -8.01399499e-02 -2.66500235e-01 -3.09830289e-02  1.08848056e-02
 -6.90804943e-02  2.67906427e-01  2.06370443e-01  1.93275303e-01
  1.47970796e-01  7.63707468e-03  1.94862664e-01 -1.71204269e-01
 -5.28566688e-02  1.62715256e-01 -8.94470736e-02  1.00410804e-01
  5.91101348e-01 -2.88962901e-01  1.37422949e-01  5.50191760e-01
  4.75078493e-01  1.71626002e-01 -6.01437613e-02  3.18500221e-01
  8.22449863e-01 -5.57417631e-01 -1.14977181e-01  1.27614051e-01
 -5.70630729e-01  2.01447353e-01 -3.59570861e-01  2.33215570e-01
 -2.31568545e-01  1.06435306e-01  3.59065235e-02 -1.41760200e-01
 -3.78113747e-01 -3.54009688e-01 -2.74864323e-02  4.02396023e-01
 -6.04655266e-01 -3.35921586e-01  5.04861295e-01 -1.39341205e-01
  3.97652686e-01 -1.79454118e-01  2.27434691e-02  1.81479022e-01
 -1.18774094e-01  2.26871729e-01 -9.03581604e-02 -6.76216125e-01
  5.69993667e-02  2.46051811e-02 -2.30012953e-01 -5.12059629e-01
  1.24878541e-01 -4.49353546e-01 -1.13327712e-01 -2.07393631e-01
  3.07430148e-01  1.45306038e-02 -1.84143722e-01  1.83727786e-01
 -6.20439947e-02 -2.28585601e-01 -8.33185613e-02 -1.28377341e-02
 -4.64905530e-01  2.86150634e-01  1.15068398e-01  1.07643448e-01
  5.51507473e-02  1.07568718e-01 -1.80956811e-01  3.81249785e-01
 -1.39119878e-01  4.46294099e-01  2.86272138e-01 -2.63554543e-01
 -2.67962813e-01  5.20831123e-02 -1.24907292e-01  2.64774775e-03
  2.67717317e-02  2.46902078e-01  3.02001107e-02  3.71081442e-01
 -1.09858617e-01  4.69937414e-01  5.87188080e-03 -6.16717003e-02
 -2.28099138e-01 -1.40672177e-01  7.04468787e-02 -3.09187949e-01
 -7.20217265e-03 -3.81282210e-01  1.61726072e-01 -4.14503291e-02
 -5.85693121e-01  2.54744262e-01 -1.13806263e-01  4.81149107e-01
  1.30574569e-01  7.83994868e-02 -3.91741931e-01 -5.68801582e-01
 -3.19120549e-02 -2.43827060e-01  3.64306957e-01  9.48860645e-02
 -1.71864644e-01  2.71617740e-01  3.19801271e-01  1.31136999e-01
  7.37638891e-01  5.04436970e-01 -2.00155348e-01  7.39304841e-01
 -4.96624589e-01 -5.09211002e-03  2.59334475e-01 -1.62421137e-01
 -4.99266744e-01  4.15181309e-01 -1.08698241e-01  6.08009756e-01
  1.55262813e-01 -3.18141460e-01  2.96795756e-01  8.42025757e-01
  1.29516676e-01  7.17563033e-01  3.21345001e-01  4.22184765e-01
  6.05125904e-01  5.96647143e-01 -1.65656701e-01  5.46399534e-01
  3.13374668e-01 -3.28739911e-01  2.96329826e-01  5.74971503e-03
  3.74555811e-02  5.07695258e-01  1.68163180e-01 -9.26605403e-01
 -1.95722863e-01  1.94184914e-01  5.22578396e-02 -4.19142753e-01
  7.75595307e-01  6.69464469e-03  5.30292153e-01  2.60510147e-01
 -6.96816519e-02 -1.84170589e-01 -3.72766554e-02 -9.85671952e-03
  2.62230158e-01 -4.05326307e-01 -5.70496500e-01 -1.91451058e-01
  9.44606438e-02  5.08277006e-02 -4.83355403e-01  4.18068171e-01
  3.13399851e-01 -3.69711295e-02 -2.73024946e-01 -8.95397723e-01
 -8.14264417e-01 -2.51998007e-01 -1.53145298e-01  2.97361761e-01
  1.47576453e-02  9.84799936e-02 -2.79979825e-01 -3.44386131e-01
  3.40916514e-01  6.03276640e-02  2.96489507e-01 -5.70669658e-02
 -9.99072969e-01  2.38197539e-02  4.89080735e-02 -3.46764252e-02
  1.86461926e-01  1.58124045e-02  2.86242902e-01 -5.11531234e-01
 -2.33803719e-01  1.35309905e-01  1.60846829e-01 -2.10655406e-01
  1.54798746e-01  5.37417233e-01 -6.63324967e-02 -1.90049887e-01
 -8.29337060e-01  2.21803054e-01 -4.50445712e-02  4.05446231e-01
 -6.59997702e-01  6.99217796e-01  1.81041267e-02 -2.42955773e-03
  5.48265994e-01  3.27879101e-01  1.13901928e-01  2.34907120e-01
 -3.64142329e-01  3.44855964e-01  1.52600616e-01 -4.32588935e-01
 -6.53170884e-01 -5.37963450e-01 -9.27617610e-01 -3.59889865e-01
 -8.56102630e-02  1.10338099e-01  4.77373540e-01  9.74730402e-02
  2.28224918e-01 -4.77896720e-01  1.22330181e-01 -3.65375876e-01
 -3.75363022e-01 -4.72373843e-01 -2.52517253e-01  3.11940946e-02
 -1.93095580e-01 -2.20293105e-01  8.52293335e-03 -5.55094838e-01
 -7.38495648e-01  1.60837919e-01  7.88786188e-02 -3.68390322e-01
 -4.11453336e-01  6.41935840e-02 -1.21346146e-01 -3.29597801e-01
 -1.12583721e-02  2.54391462e-01 -3.79724205e-01 -2.08807196e-02
 -6.49289191e-01  6.13862753e-01 -6.30755723e-01 -3.39933723e-01
 -1.04494296e-01  1.66841224e-02 -1.44660562e-01 -4.67879236e-01
 -1.89699382e-01  7.63560593e-01  2.99068868e-01 -1.38578862e-01
 -3.64135116e-01 -4.97943729e-01 -5.78303158e-01  4.36944693e-01
  4.17651296e-01  1.07447378e-01  8.78961757e-02  4.02312696e-01
  5.33405006e-01  1.97818547e-01  2.84468293e-01 -1.84748411e-01
 -2.36684322e-01 -2.72533864e-01 -1.30634427e-01  6.27033412e-02
  4.48220760e-01 -3.05838406e-01 -1.22567318e-01  9.93842244e-01
 -4.59341526e-01 -3.65406692e-01  7.31888354e-01 -6.70155808e-02
 -1.39971960e+00  2.08987743e-01  4.64135826e-01  3.39649886e-01
 -4.81524795e-01  7.12354779e-01  1.87801823e-01  5.76931000e-01
 -2.34410152e-01 -4.89848614e-01  5.67231834e-01 -1.24762781e-01
 -4.13682163e-01  4.25400406e-01  1.54349640e-01 -5.03200829e-01
 -8.71274900e-03 -4.59089309e-01 -2.12643519e-01  4.48241919e-01
 -1.86276466e-01 -2.74078120e-02  1.12516331e-02 -4.01343137e-01
 -2.44004950e-01  3.09017986e-01 -1.48792658e-02 -5.37410796e-01
 -5.53410411e-01 -2.89433151e-01  3.39350790e-01  1.05810380e+00
  1.44974336e-01  6.22008622e-01 -4.68728423e-01  4.52818841e-01
  3.88497591e-01  1.07368588e-01  5.57179749e-01  2.76418477e-01
 -2.42470354e-01 -2.15807959e-01  5.62711298e-01  4.15305495e-01
  1.06074534e-01 -4.43860218e-02  1.33653417e-01  6.35653511e-02
  1.82625905e-01 -1.05584092e-01  6.50277615e-01 -1.41808420e-01
  3.53652328e-01  5.14618933e-01  2.33099461e-01 -9.00570750e-02
  7.81622529e-02 -4.57689911e-01  1.09429002e-01 -8.40636492e-01
  5.04574835e-01 -2.83449870e-02 -2.18085330e-02 -5.20893447e-02
 -1.03149295e-01 -4.37160015e-01 -1.79494787e-02 -1.39989480e-01
  2.67539263e-01 -5.08157313e-01 -5.33895075e-01  1.07774056e-01
 -6.89213574e-02 -2.83149242e-01  1.71120137e-01  3.12902868e-01
  4.28791821e-01 -5.32688439e-01 -4.09486890e-01  7.73353815e-01
  1.62159633e-02 -7.25411298e-03  5.61429620e-01  1.17548563e-01
 -7.60221034e-02 -2.11329386e-01 -4.42888379e-01 -2.04645008e-01
 -7.78024912e-01 -3.56423646e-01 -4.52841729e-01  2.16080964e-01
  2.36276343e-01  3.22584599e-01 -1.11663848e-01 -4.70034219e-02
  7.03728721e-02  1.37324661e-01 -6.32245988e-02 -6.52181864e-01
  2.31035039e-01 -1.59226939e-01  5.89680910e-01  8.06764603e-01
  1.58732638e-01 -2.73249149e-01 -1.71576813e-01  2.11646900e-01
  2.31354371e-01  1.23028457e-01 -6.48590446e-01  1.93797164e-02
  5.92741907e-01 -9.51088667e-02 -2.24315897e-01  1.12371504e-01
  3.11464936e-01  4.61230457e-01 -2.76660681e-01 -3.82485032e-01
 -3.53952907e-02  3.31824541e-01 -5.21954633e-02  3.87284011e-01
  9.41041410e-02  1.02863395e+00  2.51859516e-01 -7.52753988e-02
  2.33967155e-01 -3.08179170e-01 -7.24743828e-02 -2.20114797e-01
  2.93157399e-01  1.90492213e-01  9.27618966e-02  5.09248078e-01
  1.10045530e-01 -3.63772511e-01 -2.76042730e-01 -8.28023702e-02
  3.29618990e-01  1.68551907e-01  9.73466262e-02  2.86636442e-01
 -5.14961481e-01 -3.74912634e-03 -3.45947295e-01 -4.57727015e-01
 -1.33094743e-01  1.08476266e-01  6.00565195e-01  1.60536230e-01
  5.43937564e-01 -5.33170700e-01 -3.25734526e-01 -3.71145517e-01
 -4.54083532e-01 -1.34091273e-01 -2.62034595e-01  2.08984196e-01
  1.86641410e-01  1.43626943e-01 -4.56720203e-01 -3.66131932e-01
 -8.83623958e-02  3.65077525e-01  2.15740874e-02 -1.00308716e+00
 -4.10585403e-01  6.31158948e-01 -1.84855133e-01 -3.69897455e-01
  1.03659995e-01  2.36632690e-01  1.72609523e-01 -2.16003954e-01
 -2.13409830e-02 -1.68961227e-01  3.04128975e-01 -1.61232110e-02
  4.92134273e-01 -9.64426622e-02 -2.04459786e-01 -3.32964689e-01
  5.66480383e-02 -2.57824510e-01 -3.34034473e-01 -5.72498620e-01
 -3.06880534e-01 -4.57549095e-02  1.79456457e-01  1.16783254e-01
  4.51031655e-01 -2.44654551e-01  4.98524696e-01  3.15715522e-02
  1.46785304e-01 -9.06953961e-02  2.86881000e-01 -2.87588745e-01
 -1.96511522e-01 -1.93210766e-01  5.32663286e-01  2.68179744e-01
  3.17699850e-01 -2.00333640e-01 -5.33043921e-01 -1.28149822e-01
 -2.39200979e-01 -5.19485593e-01  5.82714915e-01  9.00339633e-02
  5.45618236e-01 -1.83607638e-01  2.24078834e-01 -1.90752864e-01
 -1.51288521e-03 -3.93022567e-01 -1.05430625e-01 -1.07825808e-01
 -8.34050000e-01 -1.86623216e-01 -3.21225554e-01 -4.42048252e-01
  5.20093322e-01  2.66908616e-01 -6.01378739e-01 -3.17012846e-01
  1.42521292e-01 -3.42735127e-02 -4.50731009e-01 -8.93237889e-02
 -5.12572050e-01  1.82778418e-01  4.87899512e-01  4.28265184e-01
  4.14472908e-01 -2.68916726e-01 -6.81961894e-01  1.48743704e-01
  7.06680298e-01  1.27625644e-01  2.58611500e-01  1.33899599e-01
 -6.30201921e-02  6.87753735e-03 -3.61166924e-01  5.99597991e-01
  3.28471392e-01  6.11234367e-01 -1.59367308e-01  5.79657137e-01
  5.70499778e-01 -2.03969046e-01  2.70966887e-01  9.04450119e-01
  3.97225410e-01  6.36755407e-01 -5.77708259e-02  3.68234590e-02
 -5.47057211e-01  2.95317620e-01 -2.78408259e-01  2.50532746e-01
  2.95597583e-01 -3.87314558e-01 -1.06711723e-02 -4.47060823e-01
  5.82158118e-02  3.54063928e-01 -2.57291913e-01  6.40492439e-02
 -1.53027967e-01 -5.27771890e-01  3.81747633e-01 -1.58414677e-01
 -7.10591152e-02  1.84038460e-01 -3.50280739e-02  4.53729361e-01
  5.28607190e-01  2.89910972e-01 -4.13019881e-02  2.18813434e-01
 -6.56645000e-01  8.71488005e-02 -4.67824578e-01  2.55652428e-01
  8.07451427e-01  1.06632136e-01 -7.05801308e-01  1.14724427e-01
  7.12393165e-01 -3.56042296e-01  6.12720251e-02 -1.09155071e+00
 -1.83731511e-01 -1.11092418e-01  1.16029590e-01  1.15147159e-01
 -1.75462157e-01  4.96920139e-01 -3.07970017e-01 -1.20885350e-01
 -2.61702031e-01  7.54705608e-01  6.75808936e-02 -2.03601196e-01
 -8.34806710e-02  5.29114045e-02 -5.20556681e-02  2.55377173e-01
  5.19331433e-02 -4.06432241e-01  1.17533110e-01 -4.00002636e-02
 -2.94865906e-01 -2.02174541e-02  4.06660765e-01  1.87807217e-01
  2.56806910e-02  2.26845756e-01 -4.00772244e-02 -8.69129181e-01
 -2.08236724e-01  3.32490236e-01 -9.42822278e-01 -7.35208243e-02
 -1.42976373e-01 -1.13643274e-01  3.54890704e-01 -1.47615075e-01
 -3.49446923e-01  1.57335289e-02 -2.95113206e-01 -5.24454191e-02
 -1.21971622e-01 -5.85670590e-01 -6.85122907e-02  2.01101497e-01
 -9.97806042e-02 -1.07491338e+00  1.43380091e-01  1.80716157e-01
  3.34964663e-01  5.05462624e-02  5.15951395e-01  2.37292767e-01
  3.97394374e-02  4.21320677e-01 -2.29931965e-01  1.79247186e-01
 -1.03820820e+01 -4.44893003e-01 -3.65293264e-01 -1.83305487e-01
 -3.69284958e-01  4.92114902e-01  6.92190528e-01  3.03514808e-01
 -2.52415985e-01  4.12858665e-01 -3.01866412e-01  2.48289540e-01
  1.43474624e-01  9.37308729e-01 -4.28608716e-01 -1.82765752e-01
  3.00782621e-01  8.21121186e-02  6.40494302e-02  3.10793161e-01
 -2.13016227e-01 -4.07034278e-01  6.02096558e-01  7.59041309e-02
 -6.83071688e-02 -3.66577953e-01 -2.48921990e-01  2.34104961e-01
 -1.81457207e-01  1.10360451e-01 -6.09164238e-01  5.34744024e-01
  1.00308433e-01  3.63924474e-01 -7.44879067e-01 -2.30176792e-01
 -8.91357064e-02  2.33388156e-01  3.84759128e-01  5.59588253e-01
 -8.36476907e-02  6.77435100e-01  2.64930218e-01 -4.22809809e-01
  8.53337288e-01 -2.34485701e-01  3.33837777e-01  5.19216418e-01
  2.75016248e-01  1.35407135e-01 -1.36321679e-01 -6.43802226e-01
  4.21624165e-03 -4.34754133e-01 -1.33099556e-01 -1.42282978e-01
  3.30442816e-01 -6.97705925e-01  3.30822952e-02 -1.12732790e-01
  4.78639036e-01 -2.73013711e-01  6.63694620e-01 -5.87224513e-02
 -3.25073451e-01 -1.60571501e-01  6.56867251e-02  6.94627881e-01
 -5.97562611e-01 -2.92080969e-01  5.59029043e-01 -2.73032725e-01
  2.16637284e-01  4.05589044e-01 -4.60919708e-01  2.65621245e-01
 -1.92683697e-01 -1.77279994e-01  1.11961389e+00  7.46123493e-02
  4.50416654e-01 -4.80197296e-02 -4.25727963e-01  1.74755409e-01
 -1.07366514e+00  4.93901521e-01 -1.73196644e-01  1.24258988e-01
  3.95558953e-01 -4.19577271e-01  5.82466722e-01  1.52464572e-03
 -3.31682295e-01  1.18207902e-01  4.81196791e-01  6.66705295e-02
  4.59523231e-01  7.95234889e-02  9.23289955e-01  1.36794508e-01]"
ジ,"[-1.00214332e-02  4.46114838e-01  2.00346470e-01 -2.06727102e-01
  3.34256560e-01  5.82534075e-01  1.37879014e-01 -4.26719040e-01
  3.89542766e-02 -1.11338556e-01  6.69009328e-01  3.81595314e-01
 -9.52585191e-02  8.15567195e-01  7.47376025e-01 -1.82520207e-02
 -4.17015702e-01  4.12987843e-02 -1.56443760e-01 -5.08737683e-01
 -3.43523562e-01 -3.92755032e-01 -2.09648028e-01  2.56650865e-01
  7.41200224e-02 -3.12140226e-01  8.43326569e-01  1.25927240e-01
  1.99571013e-01 -3.22546244e-01 -3.57921124e-01 -4.11157191e-01
 -6.21526241e-02 -3.48601192e-01 -2.94646114e-01  5.34757078e-01
 -1.27070546e-01 -3.33502084e-01 -9.71235260e-02  2.26039872e-01
 -6.95131272e-02 -2.57729143e-01 -4.63213235e-01 -1.26044288e-01
  2.98516918e-02  2.47833580e-01  1.63164109e-01  8.55596662e-01
  1.18958972e-01  3.16295214e-02 -4.50527072e-01  1.34723261e-01
  6.41612589e-01 -6.06171966e-01  3.86694342e-01  1.52796865e-01
  1.07234553e-01 -6.74632907e-01  7.25263432e-02  3.05797547e-01
 -4.72120613e-01 -2.46033847e-01  1.46462932e-01 -2.27588490e-01
 -2.79938996e-01  1.73462182e-02  1.38264358e-01 -6.57626510e-01
  4.16914187e-02 -3.80681902e-01 -2.01037422e-01  2.56067961e-02
 -2.72895515e-01 -6.19790614e-01  4.62366074e-01 -2.21089348e-01
  2.90622413e-01 -1.56250030e-01  2.86910199e-02 -2.80692186e-02
  2.71332890e-01  1.81723192e-01  1.47807464e-01 -3.06750506e-01
 -1.89038366e-02 -1.75594509e-01  1.44240379e-01 -6.99274778e-01
  1.98083237e-01 -1.91683471e-01  3.94819379e-01  2.46642500e-01
  7.13792741e-02  5.18882751e-01 -1.59665078e-01  4.73226458e-01
  3.12840015e-01 -3.14019918e-01 -2.84796029e-01  3.39860350e-01
  2.95899302e-01 -2.35947832e-01 -3.24858844e-01 -2.95635283e-01
 -1.83599979e-01  3.22835743e-01  2.18621597e-01  6.71382964e-01
 -3.06291312e-01 -2.19835997e-01 -3.70407999e-01 -1.30989775e-02
 -1.16981220e+00  4.21669930e-01 -1.58725351e-01  3.72976363e-01
 -3.89226019e-01  5.92440665e-01 -5.76473415e-01  4.45010841e-01
  1.04310296e-01  6.69758618e-01  1.80835545e-01 -4.32366431e-01
 -1.39923960e-01  3.53465140e-01  1.52158916e-01  1.21734150e-01
 -1.51794255e-01 -3.32215965e-01  1.35374628e-02 -3.17419469e-01
 -3.09227586e-01  2.97165543e-01 -2.09367529e-01  5.36409199e-01
 -1.68283075e-01  1.12953611e-01 -4.03812557e-01 -6.42186940e-01
  3.26682448e-01 -2.36146376e-01  1.70138687e-01 -4.72069889e-01
 -1.47565845e-02 -3.09375584e-01 -7.66289949e-01  1.97931081e-01
  4.21015061e-02 -4.11884412e-02  1.34059057e-01  1.28088105e+00
 -5.20534039e-01 -2.32053265e-01  4.01960850e-01  5.12029052e-01
 -7.72689164e-01 -8.54186192e-02  1.20955661e-01  8.00898731e-01
  7.36651942e-02 -4.37230438e-01  1.05709404e-01  9.35666382e-01
  2.36246586e-01  2.01320633e-01  2.48912275e-01  7.56383836e-02
  6.79156035e-02  6.33179724e-01  3.28166991e-01  5.42355657e-01
  2.09343344e-01 -1.97078794e-01  1.85365006e-01  4.93970066e-01
  6.44816101e-01  2.68502049e-02  8.71030092e-01 -6.52557015e-01
 -1.96074858e-01 -4.32599753e-01 -3.46265808e-02 -5.31125426e-01
  1.98693886e-01 -4.77702506e-02  6.02716915e-02  3.74596983e-01
 -3.02401837e-02  1.31808996e-01 -3.60719442e-01 -8.17932859e-02
  1.87273473e-01 -3.15979183e-01 -3.41938019e-01 -3.06617469e-01
  1.33242337e-02  3.89677674e-01 -4.27868396e-01  5.61242759e-01
 -1.93272799e-01  1.78422093e-01 -2.87942827e-01 -5.05018473e-01
 -5.69826901e-01  2.25562796e-01  3.95666152e-01  5.52994370e-01
  1.87713027e-01  3.19405317e-01 -3.32435459e-01  2.23731473e-01
  5.87415993e-01  3.71017486e-01  5.32363132e-02  1.10670455e-01
 -4.66257513e-01 -2.02175155e-01  4.28151131e-01 -4.31525499e-01
  5.42480499e-03 -7.35623166e-02  5.36420226e-01  3.43768567e-01
  1.80420220e-01  5.83290040e-01  1.55450463e-01  3.48515332e-01
 -1.09199889e-01  9.83552992e-01 -4.69174474e-01 -3.64136875e-01
 -7.09866345e-01 -1.13484442e-01 -3.55502963e-01  5.35296500e-01
 -2.89258529e-02  3.10188800e-01  2.64247537e-01  2.60326922e-01
  2.80291170e-01 -4.07964140e-01 -7.71073252e-02 -2.70260036e-01
 -3.51430744e-01  5.25258482e-01  1.95515275e-01  7.37012625e-02
 -3.09574455e-01  1.89676270e-01 -3.67618948e-01 -7.58585751e-01
  6.05829477e-01 -2.54798204e-01  8.53422523e-01  2.89377302e-01
  3.49382341e-01 -2.92912394e-01  3.46593171e-01 -1.70152441e-01
  1.36926204e-01 -2.50340905e-02 -2.14528888e-02  1.35444522e-01
 -4.49785709e-01  5.29716372e-01  4.50464478e-03 -1.52229935e-01
 -3.70919764e-01 -1.69567615e-01  5.49335718e-01 -6.97317779e-01
 -4.68349338e-01 -1.43729702e-01 -1.83796883e-01  2.59372741e-01
 -1.69422492e-01  6.44588351e-01 -3.99236083e-02  9.82512385e-02
 -7.37665832e-01  5.37971109e-02 -1.70459628e-01  3.02492589e-01
  3.11463088e-01 -5.72238155e-02 -2.97640443e-01 -5.26475161e-02
 -5.90882897e-01  5.09187937e-01  5.11137426e-01 -4.44058597e-01
 -4.97079432e-01  5.49389601e-01 -3.62512678e-01  3.49109322e-01
  1.09429762e-01 -9.13067609e-02  3.25273156e-01  5.91009080e-01
  6.46709502e-01  5.18164337e-01 -6.19563311e-02 -3.32972169e-01
  3.25245224e-02 -3.10221732e-01 -3.91876668e-01  7.63004348e-02
  5.54364622e-01 -8.28743041e-01  2.12454185e-01  3.75301480e-01
 -2.23286390e-01 -3.09832901e-01  4.54652727e-01  5.64610839e-01
 -1.86144722e+00 -2.86898732e-01  5.07066905e-01  3.26316684e-01
  2.15008542e-01  3.67095053e-01  3.42907935e-01  8.83300975e-02
 -5.52383780e-01 -8.63954365e-01  4.53293562e-01 -1.27048224e-01
 -5.68312049e-01 -1.98522121e-01  3.43791209e-02 -2.90908571e-02
 -4.43374552e-02 -5.25737822e-01 -1.32076025e-01 -2.50126701e-02
  1.97491199e-01  3.32975797e-02  2.56419331e-01  4.85620201e-02
 -3.93753558e-01  3.24588120e-01 -1.78815573e-01  2.33305186e-01
 -7.04735756e-01 -4.26337481e-01  4.34761286e-01  1.12845182e+00
  2.56602287e-01  2.54292279e-01  1.89482912e-01 -2.04880193e-01
  2.99308836e-01  4.32160676e-01  3.29810202e-01 -2.27694623e-02
 -3.47021043e-01 -4.67430323e-01 -3.41797844e-02  1.27504677e-01
  3.06741655e-01 -4.56190348e-01 -9.02281702e-02  4.78924155e-01
 -5.61182976e-01  2.85659611e-01  3.51780742e-01  4.45211791e-02
  4.39253032e-01  5.21982670e-01  7.04428911e-01 -1.00346237e-01
 -2.59761602e-01 -6.64071202e-01  8.62636641e-02 -1.69463709e-01
 -2.15235978e-01 -3.73799121e-03 -3.75852622e-02  1.67268142e-01
 -1.65191934e-01  1.34897828e-01 -5.31807959e-01 -3.19998354e-01
  5.26879668e-01 -9.72781122e-01 -3.60061049e-01 -7.07383275e-01
 -2.15734303e-01 -9.28487360e-01  6.25995278e-01  4.30116951e-01
 -4.53046449e-02 -2.54922688e-01 -4.52913105e-01 -3.30346674e-01
  2.59077102e-01 -1.08147547e-01 -1.44169584e-01 -7.47664124e-02
 -1.17547393e-01 -1.26063272e-01 -2.29916707e-01 -2.50430584e-01
 -6.67477906e-01 -6.87096357e-01 -7.37967610e-01  4.26447213e-01
  1.15498556e-02  3.70370716e-01 -1.19642414e-01  9.28429514e-03
  3.13465208e-01  5.50747752e-01 -8.07372212e-01 -4.27067608e-01
 -8.22116137e-01 -4.80820835e-02  4.14458811e-01  1.92174077e-01
  3.40165854e-01  3.83800529e-02 -1.44902796e-01  1.32622212e-01
 -1.42906383e-01  8.60245377e-02  7.85081014e-02 -5.53870857e-01
  5.95759034e-01 -4.05099809e-01  5.13634801e-01  1.03572741e-01
  2.19192728e-02  3.89188588e-01 -5.56147277e-01 -7.08157778e-01
  8.51314664e-02  5.43742836e-01  1.52838901e-01  4.78582591e-01
  1.95058376e-01  6.16266191e-01 -3.25685054e-01  5.73823631e-01
  1.18416607e-01  2.41437182e-02  1.76071689e-01  2.58331876e-02
 -6.76297918e-02  5.88949583e-02  4.06013906e-01  4.62080836e-01
  2.51632720e-01  4.28229600e-01 -2.42411822e-01  2.81210363e-01
 -5.28371394e-01 -1.22654662e-02 -1.97051391e-01  6.46775246e-01
 -2.10841745e-01 -1.13671146e-01 -3.55725318e-01 -2.21253976e-01
 -8.02042305e-01 -7.89907947e-02  6.03309035e-01 -7.22285658e-02
  4.54265773e-01 -1.88744828e-01 -9.94379997e-01 -3.09749186e-01
 -1.01664579e+00  1.45336777e-01 -3.57231855e-01 -6.81411698e-02
  5.16068995e-01  1.02302516e-02 -2.16361985e-01  7.94195458e-02
 -1.04584999e-03  3.12148839e-01  2.19850153e-01 -4.57772881e-01
 -5.49552083e-01 -1.20112233e-01 -6.60774037e-02 -2.80499995e-01
  6.16194546e-01  3.22472394e-01 -5.02931893e-01 -5.80091655e-01
 -4.94655758e-01 -1.74154028e-01 -1.27823383e-01 -1.88505352e-01
  3.65495086e-01  3.94172281e-01 -3.54934573e-01 -3.09393525e-01
 -2.51443833e-01 -2.02974170e-01  1.40535787e-01 -4.49849665e-01
 -2.79373884e-01  1.27727181e-01 -2.21748665e-01  4.18628365e-01
 -2.69542813e-01 -2.58131593e-01 -2.84182936e-01  4.30385649e-01
  5.70182264e-01 -4.34375614e-01  7.00783208e-02 -5.12013495e-01
 -3.33854049e-01  7.01214150e-02  3.51409614e-01  3.55329841e-01
  5.08428156e-01 -2.39475723e-02 -1.21480536e+00 -2.41990983e-02
 -1.53936729e-01 -7.11091101e-01  4.43649501e-01 -8.36603418e-02
  5.39884090e-01 -8.02808404e-01  2.73263246e-01 -1.90668747e-01
  5.31463847e-02  4.89589721e-02  2.31379360e-01  4.74247746e-02
 -5.14213920e-01 -1.75241813e-01 -4.20423806e-01 -8.53179991e-01
  5.91554165e-01  1.71208262e-01 -6.03712142e-01  5.65893412e-01
  9.18577790e-01  2.00876519e-01 -1.92052752e-01  2.46493757e-01
 -3.13242078e-01 -2.20761642e-01  3.24331343e-01 -1.31082118e-01
  2.20110223e-01  2.24861994e-01 -6.19773448e-01  7.60357007e-02
  8.55346084e-01  7.42082596e-01  4.29017305e-01 -4.37535524e-01
 -3.85810375e-01 -2.96581268e-01 -1.55063853e-01 -1.87217414e-01
  6.99617207e-01  6.05384946e-01 -6.30212069e-01  5.64034879e-01
  5.72007537e-01 -3.43983144e-01 -1.18302636e-01  3.81884277e-01
 -5.89851849e-02  3.25885504e-01  3.50778341e-01 -4.07700390e-01
 -6.56467259e-01  4.34035867e-01  3.71403277e-01 -1.63589954e-01
  3.88354033e-01  9.76219624e-02  1.14293881e-01 -2.62863994e-01
 -3.68794650e-01 -4.46604192e-02  2.73447305e-01  3.49446535e-01
  8.39151323e-01  1.93132445e-01  5.87468743e-01  2.55585730e-01
 -6.43494904e-01  2.59963125e-01  1.51666760e-01  5.94950020e-01
  1.12540662e+00 -6.40235990e-02  4.04116482e-01 -5.78162014e-01
 -3.24305415e-01  4.13487881e-01  1.71497270e-01 -3.74137126e-02
  7.14358270e-01 -4.72758472e-01 -1.04190215e-01  4.02953029e-01
  7.66095579e-01 -9.42149088e-02 -3.11668247e-01 -6.85397685e-01
  8.59517828e-02  1.64576188e-01 -4.05817986e-01 -5.06104194e-02
 -2.69752252e-03 -9.29211080e-02  1.18348233e-01 -5.83362997e-01
  2.13505238e-01  6.17022693e-01  2.36226574e-01 -1.48082241e-01
  8.22852179e-02  6.10533834e-01 -2.19132259e-01  8.49054933e-01
  1.40247196e-01 -1.97693482e-01 -1.91375911e-01  2.00555205e-01
 -6.34439737e-02 -3.70448411e-01 -1.98541462e-01  2.59474277e-01
  1.90494612e-01 -2.12736279e-01 -3.23645949e-01 -4.88263875e-01
  1.48093924e-01  1.47656202e-02 -6.64715469e-01  2.23839626e-01
  9.70194191e-02  2.68251806e-01 -1.88496813e-01 -1.14288768e-02
 -4.66295518e-02 -3.84591937e-01 -2.58995980e-01  9.78487656e-02
 -3.27577323e-01 -6.05240166e-01  4.69115436e-01  4.83716950e-02
 -4.97022755e-02 -1.53939021e+00  6.37181699e-01  9.39938650e-02
  4.69484657e-01  5.78735694e-02  1.30327746e-01  2.79808864e-02
 -7.26406649e-02 -1.78582400e-01 -2.55781889e-01  5.15377104e-01
 -1.01246109e+01  1.49940744e-01 -4.23641205e-01 -2.52103060e-01
  3.10397208e-01  3.35321754e-01  7.42122352e-01  4.90978181e-01
 -4.63964969e-01 -1.51150122e-01 -1.80365548e-01 -7.06015170e-01
  1.30994022e-02  3.24877441e-01 -3.53250057e-01 -3.93043309e-01
 -3.36749107e-01 -4.70731109e-01 -3.38685900e-01 -1.76492468e-01
 -1.40459508e-01 -3.87392864e-02  8.49484146e-01  7.80409694e-01
 -3.66742671e-01 -5.83509088e-01  3.11473966e-01  2.59379012e-04
 -2.99503077e-02  4.57691438e-02 -1.04180253e+00  1.01014471e+00
 -1.65051997e-01 -3.63248177e-02  2.30377808e-01  4.55113947e-01
  2.95992762e-01  4.69831526e-01 -2.83712685e-01  2.78406620e-01
  5.50653994e-01  6.36807468e-04 -9.46063846e-02 -6.34246707e-01
  4.74667042e-01  5.36858499e-01  7.80985653e-01  2.32221648e-01
  2.85355091e-01 -2.98986584e-01 -4.01616842e-01 -3.01843584e-01
 -6.33141547e-02 -1.27302751e-01  6.96334660e-01  1.44364014e-02
  5.95886648e-01 -6.76920891e-01 -3.59666394e-03 -1.92232504e-02
  5.02524853e-01 -2.71303415e-01  4.53530103e-01  1.70518070e-01
 -2.20626906e-01  2.90512830e-01 -4.60041136e-01  3.43764216e-01
 -4.62442249e-01  2.18388170e-01 -9.54822674e-02  2.36118987e-01
  2.36607194e-01  1.09224230e-01 -4.58922774e-01  4.05979782e-01
  2.28025522e-02  3.77873369e-02  4.39087719e-01 -3.60961646e-01
  2.04739749e-01 -2.46830329e-01 -1.84871018e-01  1.23518653e-01
 -8.02505195e-01  4.96708304e-02  3.03059101e-01 -3.34305912e-01
 -1.89714264e-02 -9.48713779e-01  3.28557670e-01 -3.28417152e-01
 -9.31068882e-02  6.32346928e-01  1.87544227e-01 -3.59089702e-01
  7.41059557e-02  3.72141808e-01  5.90662837e-01 -4.32323843e-01]"
ム,"[ 1.43602103e-01  4.76014733e-01  5.20443857e-01 -4.05160859e-02
  1.35566756e-01  4.12154913e-01  2.47058079e-01  3.93412262e-02
 -2.44968280e-01 -3.18311125e-01  4.73327726e-01 -2.80617535e-01
 -9.56493989e-03  2.80475974e-01  4.65694368e-01  3.33313458e-02
  1.60197645e-01  1.66907031e-02  8.18050206e-02 -2.60904640e-01
 -5.24480283e-01 -3.85125041e-01 -6.81594387e-02  5.53932786e-01
 -1.12933330e-01 -2.90002614e-01  2.20831409e-01  2.34878063e-01
  1.45226836e-01 -2.68220574e-01 -5.38188219e-01 -1.14210941e-01
 -2.56053776e-01 -1.46924615e-01 -6.62969887e-01  1.60776123e-01
 -2.34564647e-01 -4.35554594e-01  1.94943249e-01 -6.49727806e-02
 -3.72458577e-01 -5.18435717e-01 -3.65786195e-01  2.53567874e-01
 -2.67030180e-01  6.47985578e-01  2.86863655e-01  1.20322350e-02
 -3.60344611e-02 -1.44429207e-01 -4.47519183e-01  3.80639464e-01
  5.23644865e-01  2.22278804e-01  4.63201404e-01  3.92754823e-02
  4.38151091e-01 -4.53714728e-01 -8.96975771e-02  3.00553441e-01
 -3.49346995e-01 -3.32015753e-01  2.07146972e-01  1.77321717e-01
 -2.78252065e-01 -2.87022799e-01 -2.73763627e-01 -2.50691056e-01
  3.53977710e-01 -4.80134070e-01  2.30920345e-01  6.90744519e-02
  2.44809408e-02 -4.77312773e-01  7.76027441e-01 -4.71614242e-01
  1.06104650e-01  6.69761837e-01  1.92513853e-01 -5.00406027e-01
 -3.05976778e-01  3.81782323e-01  6.95223585e-02 -5.22531450e-01
  2.68813260e-02  4.84450310e-01 -2.76530087e-01 -6.40052617e-01
  2.57360101e-01 -2.69385010e-01  1.69787720e-01 -3.14377323e-02
 -8.67879763e-02  1.09052278e-01  2.57777274e-01  5.12136742e-02
  2.26103038e-01 -3.76034856e-01 -5.38956165e-01  5.31137764e-01
  2.51044039e-05  3.54206115e-01 -7.39018768e-02 -3.58157724e-01
 -3.20479006e-01 -2.43710369e-01 -3.48937958e-01  1.25368655e-01
  1.41427398e-01  2.45647784e-02 -4.84818935e-01 -4.82831836e-01
 -5.03641844e-01  1.29094526e-01  3.01603228e-01  4.35933471e-01
 -2.95801729e-01  8.38965416e-01 -6.99007213e-01  2.63516903e-01
  1.91624507e-01  1.63042501e-01 -1.18442826e-01 -7.73402929e-01
 -3.93626034e-01  3.83634657e-01  1.05268890e-02 -3.60273600e-01
 -2.67334551e-01 -2.12036282e-01 -2.69481122e-01 -7.63939738e-01
 -2.01887503e-01  1.06077172e-01 -5.57218790e-01  8.40031326e-01
  2.14869276e-01  3.45688388e-02 -2.11836770e-01 -5.97970963e-01
 -2.13978440e-01  1.80454239e-01  1.81049615e-01 -4.71936226e-01
  1.53009683e-01 -1.64255917e-01 -5.66155612e-01 -1.95606336e-01
  4.01072055e-01  3.13333452e-01 -2.39090025e-01  1.07133281e+00
 -5.40409923e-01  3.49732041e-01  2.89383829e-01  3.75502855e-01
 -5.91118515e-01  4.70193118e-01  1.91331640e-01  4.68349457e-01
  4.91521239e-01 -4.73837256e-01  1.57965735e-01  8.40475321e-01
  1.73598617e-01  9.70089495e-01  3.40938479e-01  1.32305652e-01
 -1.25149831e-01  2.83728212e-01 -1.12132505e-01  1.16427243e-01
  2.94206142e-01  2.47102380e-02 -2.11563617e-01  1.48512378e-01
  6.58019543e-01  4.61067036e-02  1.11959547e-01 -7.58130193e-01
 -1.70789137e-01 -1.04324065e-01 -6.31945133e-02 -3.72061133e-01
  1.06915526e-01 -1.93851724e-01  1.03730962e-01 -1.76975980e-01
 -2.62136966e-01  3.67826037e-02 -5.44879474e-02 -3.00219119e-01
  8.92605856e-02 -2.27236539e-01 -7.43028428e-03 -9.99141261e-02
 -1.09002247e-01  3.78109127e-01 -3.28946084e-01  1.25452593e-01
  4.52589020e-02  1.74640402e-01  1.42606899e-01 -4.20295715e-01
 -9.80433047e-01  1.61179587e-01  3.52293134e-01  5.06167293e-01
  3.87237132e-01  4.76538748e-01 -4.68051970e-01 -1.16581798e-01
  3.25313866e-01  2.91542470e-01  9.52239633e-02  7.21261576e-02
 -5.00888526e-01 -3.55026759e-02  1.75400153e-01 -1.56104848e-01
  3.52571011e-01 -3.14814895e-01  4.33689468e-02 -3.23833413e-02
 -1.41914517e-01  3.38361949e-01 -9.49990749e-03  1.98075175e-02
 -3.67047548e-01  7.03561723e-01 -6.24135256e-01 -4.33892250e-01
 -3.05933416e-01  8.42372552e-02 -5.28609157e-01 -1.50571376e-01
 -2.34844029e-01 -5.14954627e-02 -2.27427632e-01  3.51561517e-01
 -8.33070502e-02 -4.91757482e-01  3.56944233e-01 -4.17574883e-01
 -1.15273967e-01  2.41975591e-01  2.82577515e-01 -1.83099732e-02
 -4.07564163e-01 -1.03666387e-01 -4.94906157e-01 -2.79055506e-01
  5.63309109e-03 -6.78305179e-02 -5.13651818e-02  3.70434999e-01
  2.04299554e-01 -3.84737730e-01  3.55272628e-02 -2.04454646e-01
 -3.02855223e-01 -5.29238224e-01  1.82055421e-02  2.59900391e-01
 -3.72598410e-01  9.17545483e-02  1.85743019e-01 -2.93066204e-01
 -3.50224584e-01 -5.98993778e-01 -1.79790348e-01 -4.26471561e-01
 -1.89946115e-01 -3.20223048e-02 -2.14276642e-01 -9.85549688e-02
  3.69618014e-02  5.87903380e-01  2.30570212e-02  2.87587732e-01
 -6.19765162e-01  7.36136138e-01 -6.08293533e-01  6.76687807e-02
  6.12765886e-02  1.32670384e-02 -2.77873546e-01 -2.73220260e-02
 -1.51868954e-01  3.70415509e-01  3.22019368e-01 -3.36105824e-01
 -7.74042726e-01  2.63760686e-01 -5.00166833e-01  5.18919958e-04
  3.94204676e-01  1.08608410e-01  1.44411013e-01  4.72095758e-01
  3.07359576e-01  3.23571414e-01  2.22180098e-01 -2.37411126e-01
  1.78797860e-02 -5.31470954e-01 -2.35305578e-01  2.23541871e-01
  2.00218648e-01 -5.35578489e-01  6.54555976e-01  8.80417466e-01
 -3.13839346e-01  3.07702631e-01  6.68286562e-01  4.99851376e-01
 -1.56728840e+00 -5.53278744e-01  5.60714662e-01 -2.90586464e-02
 -2.57980555e-01  2.89472848e-01  1.66867003e-01 -1.15851365e-01
 -2.58879155e-01 -5.37026227e-01  1.07044673e+00  3.89270127e-01
 -5.14962673e-01 -1.51201725e-01  4.11869526e-01 -4.66638416e-01
 -5.38217500e-02 -4.33745831e-01  2.32112736e-01  2.74624705e-01
 -1.53075501e-01 -1.06283061e-01 -9.78514031e-02 -2.57474959e-01
 -4.75186825e-01  1.47520617e-01 -1.57898903e-01  1.76917657e-01
 -7.73607671e-01  1.36210084e-01  5.63018560e-01  8.86220336e-01
  5.45750082e-01  9.19663161e-02 -4.90884930e-01 -1.93456307e-01
  1.07075341e-01 -1.33103251e-01  1.47745252e-01  1.04201652e-01
 -1.48111820e-01 -3.97655994e-01  1.00765064e-01  2.91429907e-01
  3.58782783e-02 -2.46121928e-01  2.41477698e-01  2.41825715e-01
 -3.71893466e-01  6.00410998e-01  6.03201270e-01  2.41872728e-01
  5.43709733e-02  4.71977413e-01  4.31860268e-01  1.42900229e-01
  1.42749101e-01 -6.79327548e-01 -1.88216209e-01 -6.50391817e-01
  4.76876795e-01  4.89878058e-02 -9.86547861e-03  1.05629869e-01
 -4.70140368e-01 -1.11863352e-01 -2.34892458e-01 -5.51430464e-01
  2.14695439e-01 -6.09879911e-01 -1.14855886e-01  1.24675073e-01
  2.47741002e-03 -7.24750698e-01  7.29268789e-01  4.21794385e-01
  2.29119018e-01 -3.16538736e-02 -5.04948080e-01  3.41323018e-01
 -6.59356937e-02  2.84422338e-01 -1.33191124e-01  1.86302528e-01
 -2.00757354e-01 -1.65417001e-01 -1.41454175e-01 -4.37822610e-01
 -2.38257736e-01 -2.41436139e-01 -6.66549444e-01  3.39692719e-02
 -2.98880577e-01  5.97077072e-01 -3.21839340e-02 -2.81089358e-02
  1.59569696e-01 -2.18652412e-02 -7.27526665e-01  2.23996356e-01
 -2.13719040e-01  5.04211724e-01 -5.90324290e-02  3.67360592e-01
  4.30618674e-01  3.79230440e-01  4.77692395e-01 -3.13632816e-01
 -2.48931661e-01  4.95454073e-02 -2.03749359e-01 -4.21850890e-01
  4.28961724e-01 -1.66533545e-01  3.51325035e-01  1.48043126e-01
 -6.44152537e-02  7.45336771e-01 -3.86346012e-01 -5.90925395e-01
  3.70312065e-01  1.34378538e-01 -3.28842580e-01  5.91751516e-01
  5.02657294e-01  1.11457396e+00  1.15203470e-01  4.21844330e-03
 -2.13708375e-02 -4.20418888e-01 -1.95613131e-01 -3.39222282e-01
  1.68487579e-01  8.04361701e-02  1.21332914e-01  2.92209119e-01
  3.02686274e-01  2.36103281e-01  4.00271118e-01  4.37614709e-01
 -1.33047536e-01  1.91141769e-01  1.71185136e-01  5.15156388e-01
 -2.85354435e-01  2.19543710e-01 -4.55218971e-01  8.33936930e-02
 -1.81842789e-01 -1.85832202e-01  4.64251697e-01  1.22611605e-01
  5.88583648e-01 -2.60491759e-01 -4.41589862e-01 -6.52354002e-01
 -4.90104437e-01  1.91662088e-01  2.57072281e-02  2.63595641e-01
  3.68470252e-01  2.61401683e-01 -5.78796268e-01  4.72076744e-01
  5.49337327e-01  5.44165373e-01 -2.81932324e-01 -3.39191020e-01
 -3.31447512e-01  3.98856044e-01 -3.14457208e-01 -2.85281576e-02
  1.78262338e-01 -1.48767903e-01 -4.54703689e-01 -7.67425179e-01
 -2.56890595e-01 -1.06423400e-01  3.02468270e-01 -2.60854244e-01
  2.23144963e-01  2.08165288e-01 -5.32685816e-01 -4.39787246e-02
 -2.68126309e-01 -2.41584796e-03 -1.18186705e-01 -6.09646797e-01
  8.67198631e-02  8.56338255e-03  1.49200976e-01  3.67631495e-01
  3.95044446e-01 -4.11272645e-01 -1.50471300e-01  7.60785460e-01
  2.57019997e-01 -3.15740138e-01 -4.43465039e-02 -1.18165895e-01
  7.11392844e-03  1.26391426e-01  3.08391631e-01  1.36229321e-01
  1.07494399e-01 -7.45394006e-02 -9.37302113e-01  8.10179114e-02
  2.07106903e-01 -9.18639421e-01  6.26550019e-01  2.21743494e-01
  3.90430510e-01 -5.58632672e-01  8.92588776e-03 -1.46400258e-01
  1.47120163e-01 -2.86505911e-02  2.44063348e-01 -2.97313579e-03
 -7.82563329e-01  1.93731740e-01 -4.96804528e-02 -5.58228314e-01
  5.71709275e-01  1.66154817e-01 -4.57054287e-01  6.03397608e-01
  7.64311075e-01  1.27387404e-01 -1.11643620e-01  1.94878161e-01
 -2.48559222e-01 -1.73145995e-01  3.78760487e-01 -2.00731993e-01
  3.68203223e-01  7.26856530e-01 -1.94112763e-01  7.70600960e-02
  6.82470143e-01  2.83455878e-01  6.20780170e-01  2.16732919e-01
 -3.22537214e-01 -1.51516855e-01 -4.58547831e-01  1.66072935e-01
  3.02899361e-01  4.39597666e-01 -7.40923822e-01  7.94438004e-01
  3.85547429e-01 -4.02237028e-01  1.85213804e-01  1.22025025e+00
  7.50517473e-03  5.47075629e-01  1.79214269e-01 -1.96984410e-02
 -8.12765062e-01  5.17830141e-02  3.30034971e-01 -8.44670981e-02
 -3.95940214e-01  1.98776014e-02 -2.77987212e-01 -2.42729381e-01
  7.72854090e-02  3.58061865e-02  1.62495360e-01  4.40441728e-01
  8.21168303e-01 -9.91571546e-02  5.42005002e-01  1.01040304e-01
  3.80055398e-01  1.05974078e-01  1.52239338e-01  8.99064779e-01
  8.47591579e-01  9.57222432e-02  5.67025661e-01 -3.07409197e-01
 -6.25775397e-01 -1.45964697e-02  8.49113241e-02 -2.42564559e-01
  4.35397685e-01 -1.95100725e-01 -6.29262507e-01  9.37519073e-01
  4.56567198e-01 -2.20402822e-01 -3.53262395e-01 -6.34296954e-01
 -7.46966377e-02 -1.04963444e-01 -3.01106155e-01  1.13430262e-01
 -5.28447963e-02  2.99859166e-01  5.71296960e-02 -5.63237309e-01
  2.01396048e-01  6.45252168e-01  8.56429115e-02 -4.86158997e-01
  6.69129565e-02  3.13488245e-01 -1.20544592e-02  2.23075449e-01
  3.97230119e-01 -3.59833986e-02  8.46792907e-02  4.68214229e-03
 -3.15375984e-01 -2.36037925e-01 -1.22031525e-01  3.91649693e-01
  2.24043801e-01 -3.60574007e-01 -2.84052849e-01 -5.43047547e-01
  4.00020480e-01 -1.04552142e-01 -4.44317162e-01 -1.87673628e-01
 -1.94360420e-01  4.54037003e-02 -2.65173346e-01 -1.70264259e-01
 -6.93827033e-01 -2.41711602e-01 -4.19434339e-01  2.97287926e-02
 -1.01088083e+00 -3.62304121e-01  3.38936001e-01  9.47883278e-02
 -1.92734286e-01 -1.17797983e+00  7.67312646e-01  1.39820755e-01
  4.11359742e-02 -1.00355165e-03  1.53267860e-01  1.91805437e-01
 -1.73987702e-01 -1.63382426e-01 -5.49235940e-01  1.75660267e-01
 -1.03474712e+01  2.49925479e-02 -1.96523532e-01 -2.13349253e-01
 -1.46689609e-01 -1.48057207e-01  3.36901039e-01  4.97120231e-01
 -2.49478489e-01  2.35282347e-01 -3.66511226e-01  1.19574837e-01
  3.87435049e-01  4.73670214e-01 -5.76214671e-01 -2.97818691e-01
 -3.61331612e-01 -3.12052608e-01 -4.33671772e-01 -1.01882242e-01
 -4.00985122e-01 -1.50986835e-01  4.56144243e-01  2.69071639e-01
  3.73668939e-01 -7.61301994e-01  6.15807697e-02  7.94048756e-02
 -6.47756457e-02  4.63419825e-01 -7.39560843e-01  5.34527838e-01
 -1.80346206e-01  5.74372053e-01 -1.98814437e-01  2.69316047e-01
  7.17712417e-02  9.68846738e-01 -3.13359529e-01  8.12102497e-01
  1.05990246e-01  2.38130555e-01 -1.22601077e-01 -1.60979718e-01
  2.94128269e-01  1.11644655e-01  1.96552351e-01  1.47409096e-01
  3.62274766e-01  4.51815203e-02 -5.63434772e-02 -8.35579634e-02
  2.54499763e-01 -3.59209716e-01  2.68491238e-01  6.32865261e-03
  4.14926887e-01 -5.99614561e-01  1.55654967e-01  6.64178208e-02
  1.40055522e-01  2.82734662e-01  9.31817293e-01  4.50724900e-01
  5.64612895e-02  4.59706753e-01 -2.88171560e-01 -1.90913498e-01
 -5.83573341e-01 -2.11839080e-02  3.07116747e-01  3.94616067e-01
  5.45001626e-02  2.18488783e-01 -1.36425301e-01  3.00692827e-01
 -1.60969406e-01  1.99888900e-01  2.61078566e-01  1.33690447e-01
  6.10190868e-01 -5.38430393e-01 -1.35856047e-01  3.08918297e-01
 -3.43137145e-01 -1.36707082e-01 -2.87137609e-02 -7.55045284e-03
  4.21187818e-01 -4.82663721e-01  6.33365333e-01 -6.93775937e-02
 -5.32140255e-01  4.43954527e-01  3.35505664e-01 -6.27859771e-01
  1.57734022e-01  4.78217125e-01  6.58742189e-02 -4.46895033e-01]"
ノ,"[ 1.23113811e-01  4.49260980e-01  3.88404280e-01  4.12229039e-02
  7.58494586e-02  5.55812836e-01  2.30610564e-01  1.55199990e-01
 -4.04612541e-01 -4.64430183e-01  3.74848321e-02 -1.54315770e-01
 -2.07908779e-01  6.23014152e-01  7.49955997e-02 -3.30402814e-02
 -2.26855040e-01 -1.62437931e-01 -3.13676387e-01 -2.00981289e-01
 -4.48760957e-01 -3.97047579e-01 -4.97110158e-01  4.76455122e-01
 -2.80899405e-01 -7.96614587e-02 -1.04049891e-02  1.68051675e-01
  2.50054508e-01 -1.14886917e-01 -9.53003466e-02 -4.02071178e-01
 -5.61126232e-01  1.01643596e-02 -6.13143682e-01 -8.41822997e-02
 -4.24341589e-01 -1.15477450e-01  2.67024755e-01  2.16015093e-02
 -1.81246996e-02 -1.73579127e-01 -3.49012285e-01 -3.33618551e-01
 -7.02253431e-02  4.09980029e-01  2.20420837e-01  3.00006866e-01
  2.42361739e-01  4.48936149e-02 -3.21125537e-02  3.01297307e-01
  1.92337692e-01  8.26527849e-02  4.47368920e-01 -5.93059182e-01
  8.80979478e-01 -8.07471931e-01  2.13088438e-01  5.51424801e-01
 -6.56773627e-01 -3.90758187e-01  1.43242121e-01  2.11935133e-01
 -9.31481495e-02 -2.19872966e-01  3.20592284e-01 -2.26815380e-02
  1.36021286e-01 -7.62172818e-01  2.12349832e-01 -1.27141982e-01
 -6.43603504e-02 -1.57820612e-01  2.64960796e-01 -7.73804367e-01
  3.08751792e-01 -1.34795398e-01 -9.22530517e-02  4.32345748e-01
 -6.07732952e-01  8.60530555e-01  1.02429159e-01 -4.22151029e-01
 -2.94526704e-02 -1.23188280e-01 -6.46335602e-01 -8.16068292e-01
  4.59982216e-01 -2.75368243e-01  2.81266272e-01  3.78872514e-01
  1.45803541e-01  7.60105848e-01  1.65413618e-02  4.40185964e-02
  3.51011038e-01  3.87873113e-01  8.99581686e-02  3.23933095e-01
 -4.62004006e-01 -5.34325987e-02  5.84278762e-01 -8.37862790e-01
 -1.35014057e-01  4.42395322e-02 -4.43261951e-01  4.66958582e-01
  1.38552159e-01  4.95200753e-02 -2.71311730e-01 -2.95672476e-01
 -3.43964279e-01  2.89145172e-01  2.78231651e-01  3.83880287e-01
 -2.12855288e-04  3.52657884e-01 -2.96841830e-01  4.20441896e-01
  1.40269235e-01  6.62803769e-01  1.09529132e-02 -2.49316245e-01
 -7.61166990e-01 -1.78450748e-01  2.51341045e-01  2.48560891e-01
  4.15656120e-02 -8.78526211e-01  1.42715305e-01 -3.67501788e-02
 -5.65640450e-01 -1.95349798e-01 -3.72287840e-01  6.86625242e-01
 -3.80434580e-02  1.79914564e-01 -1.07767247e-01 -4.58080381e-01
 -6.97997212e-01  2.59056240e-01 -1.68051690e-01 -4.91655879e-02
 -2.13580102e-01 -9.60002318e-02 -1.39121320e-02  1.98626667e-01
  6.02209568e-01  5.10934234e-01 -1.99028850e-01  1.08309150e+00
 -4.65114534e-01  3.38232853e-02  3.89487773e-01  1.73709512e-01
 -5.13961792e-01 -8.78164452e-03  2.31831729e-01  5.93233228e-01
  5.72017312e-01 -4.90951926e-01  3.55887771e-01  9.36181843e-01
  4.92500840e-03  2.35442325e-01  4.68925864e-01 -1.16490021e-01
  3.04736435e-01  5.32806814e-01  5.97709119e-01  5.41073382e-01
  5.92143834e-02 -2.41891831e-01  1.00824591e-02  5.17738283e-01
  7.23901451e-01  8.04607421e-02  1.66189998e-01 -5.36121488e-01
  7.83840641e-02 -6.55987710e-02 -9.39969718e-03 -8.04161727e-01
  2.19759196e-01 -3.05725276e-01  1.52500451e-01 -8.31784010e-02
 -2.19059780e-01  4.82337968e-03 -2.45514527e-01 -1.42656997e-01
  1.65396035e-01 -1.80536762e-01  2.26214379e-02  2.52815306e-01
  1.00860395e-01 -7.36695156e-02 -3.12549770e-01  2.79089343e-03
 -2.68920720e-01  9.18744355e-02 -8.30516815e-02 -1.10109758e+00
 -9.53852296e-01  1.03881106e-01  5.31826556e-01  4.94676471e-01
  3.65183890e-01 -9.52106789e-02 -2.39994168e-01  2.04554543e-01
  7.21654952e-01  1.95283428e-01  4.75211233e-01  4.69315678e-01
 -5.75710177e-01 -1.04978181e-01  1.77905098e-01  3.13063949e-01
 -9.79202688e-02  8.28086808e-02  4.22740579e-02 -8.02398846e-02
 -9.45495218e-02  8.08014631e-01  1.93626329e-01 -1.15061909e-01
  5.42823086e-03  7.24072158e-01 -7.91777432e-01 -2.52511680e-01
 -5.10340989e-01 -2.52442151e-01  4.33612178e-04 -1.39367178e-01
 -5.12304783e-01  5.12993574e-01 -8.56382102e-02 -2.78315190e-02
 -4.14654672e-01 -2.26634517e-01  5.57317138e-01 -5.89458108e-01
  2.18611151e-01  2.76710242e-01 -1.29829556e-01  3.41493078e-02
 -5.82733810e-01 -1.07430205e-01 -4.65020955e-01 -5.12474656e-01
  9.52655450e-02 -2.72701353e-01  8.77055287e-01  3.07052471e-02
  7.11751580e-01 -1.73607394e-01  1.39930546e-01 -2.33707801e-01
 -1.70010328e-01 -4.66006249e-01 -3.89308721e-01 -3.20064992e-01
  3.61925870e-01  2.42260829e-01  5.45590460e-01 -2.52547652e-01
 -1.68000793e+00 -8.29514936e-02  9.01246294e-02 -5.90021551e-01
 -1.16623260e-01 -1.34414792e-01 -1.57002702e-01 -3.50256592e-01
 -7.30955303e-02  7.53961086e-01 -6.83084846e-01 -1.34672865e-01
 -2.11008042e-01  4.07173544e-01 -4.59838241e-01  6.23786785e-02
  1.15388535e-01  4.10698295e-01 -1.90829471e-01 -6.96349680e-01
 -3.93040687e-01  1.79575663e-02  1.43006444e-01  1.85511503e-02
 -4.81871307e-01 -1.48434574e-02 -4.17085320e-01  2.82912433e-01
  1.63787574e-01 -4.43290174e-01  3.41521949e-01  3.08568865e-01
  6.14660859e-01  5.54905236e-01  5.43033540e-01 -1.67243108e-01
 -6.71458781e-01  2.20170617e-01  1.89688981e-01 -3.02759826e-01
  5.59830368e-01 -5.56518137e-01  3.51618409e-01  3.42310756e-01
 -3.35783273e-01  2.90837556e-01  6.45881951e-01 -3.10758837e-02
 -1.57252991e+00 -2.52801150e-01  3.62301499e-01  2.08795875e-01
 -3.81751925e-01  1.31960496e-01  1.57625541e-01  3.44234735e-01
 -5.06384075e-01 -2.88007140e-01  5.49816430e-01  1.96436539e-01
  2.62163132e-01 -1.87219411e-01  5.82617044e-01 -5.04882991e-01
  3.97969894e-02 -6.78749979e-01 -1.71617232e-02  4.86107826e-01
 -2.34532297e-01 -1.44409791e-01  2.65208751e-01 -3.78248841e-01
 -2.67185420e-01  4.09802943e-01 -1.96832940e-01  5.28481901e-02
 -2.97440588e-01 -4.00130190e-02  2.80279517e-01  1.49727285e+00
  5.00847161e-01  6.12199247e-01 -3.23981762e-01 -3.65001798e-01
  2.64122099e-01  1.23170167e-01  3.43326449e-01 -3.92052352e-01
 -1.27428100e-01 -3.56435657e-01  2.99845319e-02 -6.09694757e-02
  1.71967726e-02 -1.90320536e-02 -2.85898656e-01  1.66258633e-01
 -4.61461455e-01  2.69408196e-01  4.63846594e-01  3.98641117e-02
  2.29337320e-01  6.74637556e-01  5.30179381e-01  2.00344041e-01
 -2.47796908e-01 -5.39353251e-01 -6.30355719e-03 -5.17817616e-01
  3.77795935e-01  3.54310274e-02 -2.08152793e-02  3.71635914e-01
 -3.01368773e-01  1.76991686e-01  3.63877625e-03 -2.82759398e-01
  3.79030369e-02 -5.90867937e-01 -3.02749813e-01 -1.49082586e-01
  7.98156932e-02 -3.84007663e-01  2.99143672e-01  4.65351671e-01
  5.44371367e-01 -3.98653477e-01 -3.92270029e-01  9.72675309e-02
 -9.83534157e-02  1.27100050e-01  7.17663020e-02  2.14128464e-01
 -4.05843407e-02 -1.31443769e-01 -5.32420456e-01 -4.54500645e-01
 -6.07447386e-01 -9.98709500e-02 -4.86487567e-01 -2.52065331e-01
  2.66220659e-01  6.39294863e-01 -6.12208340e-03 -2.62565445e-04
  2.04694018e-01  2.40642652e-01 -4.27702397e-01 -5.29126644e-01
 -2.38432959e-02  3.13135058e-01  5.64491034e-01  3.77767503e-01
  5.96675158e-01  1.17585137e-01  3.22405636e-01 -3.39446403e-02
  1.58558324e-01  3.65950882e-01 -3.81578386e-01 -2.99306184e-01
  1.03000677e+00 -4.18948561e-01 -1.96306072e-02 -1.87338233e-01
  1.94606170e-01  7.99240828e-01 -2.15115011e-01 -7.93520927e-01
  4.18662280e-01  4.26677354e-02  2.31191576e-01  6.34077966e-01
  4.24195170e-01  1.04574716e+00  2.88774312e-01  4.17648017e-01
  3.80794793e-01 -2.01076746e-01  1.47980750e-01 -3.86171550e-01
 -5.57927750e-02 -1.40444979e-01  3.92957896e-01  7.64117658e-01
  3.73838156e-01  2.85865635e-01  3.53921093e-02  4.45983082e-01
 -5.20824790e-01  1.52594760e-01  3.83240670e-01 -2.02982485e-01
 -5.34681618e-01  2.18737781e-01 -9.72753882e-01 -8.20762157e-01
 -1.42118096e-01 -1.54181104e-02  4.62866515e-01  8.17298517e-03
  3.94206733e-01 -5.85130751e-01 -7.57343411e-01 -4.78797048e-01
 -9.84368324e-01 -6.97788373e-02  5.17299473e-02 -1.90207765e-01
  5.90698004e-01  3.00529271e-01 -9.81938839e-01  4.61364597e-01
  3.21069539e-01  4.84507680e-01  1.78513914e-01 -3.84794921e-01
 -3.21662426e-01  8.44351947e-01 -5.01440942e-01 -4.16651845e-01
  7.50177801e-01 -7.43482336e-02 -6.99120983e-02 -3.65538716e-01
 -2.01956391e-01  1.56544775e-01  4.73310828e-01 -1.82083428e-01
  2.54827708e-01 -2.31193323e-02 -4.22174037e-01 -2.79205352e-01
 -2.62507737e-01 -3.16567719e-01  2.97977895e-01 -8.84693801e-01
 -2.04450682e-01 -2.52627939e-01 -1.21887743e-01  6.88534558e-01
  6.42952502e-01 -2.15195671e-01  9.18591321e-02  7.15314806e-01
  1.78813905e-01 -2.66066790e-01 -3.31308916e-02  7.55949542e-02
 -3.62432927e-01 -2.60648489e-01  1.19486786e-02  3.90239060e-01
  2.84600645e-01  3.44783872e-01 -7.18457520e-01 -3.53507429e-01
 -1.42467782e-01 -7.82932281e-01  4.00694132e-01  1.92137603e-02
  5.24908721e-01 -9.15139794e-01  1.73386246e-01 -1.48684144e-01
  3.27598691e-01  1.39680013e-01 -2.00174563e-02 -7.63090774e-02
 -1.40753603e+00  5.34817576e-02 -4.91853833e-01 -7.90289640e-01
  5.31877756e-01 -2.84822911e-01 -6.91955984e-01  2.17893630e-01
  1.76820919e-01 -9.17976275e-02  9.21580791e-02 -3.85496318e-02
 -4.90076423e-01 -4.22873162e-02  4.48101699e-01 -1.26145676e-01
 -1.06432103e-01  4.72065836e-01 -3.87865245e-01  3.98647003e-02
  6.03585422e-01  5.24963677e-01  1.71705201e-01  1.21528871e-01
 -7.35646188e-02  5.01642190e-02 -7.86901593e-01  1.55635715e-01
  8.70108232e-02  4.39944237e-01 -3.94597560e-01  2.23512560e-01
  6.52563274e-01 -3.68132114e-01 -5.19896671e-02  8.49521458e-01
  1.55818611e-01  6.38476849e-01  1.11140544e-02 -2.35162959e-01
 -8.81849945e-01  4.97459799e-01  4.13625896e-01  2.62266725e-01
 -3.03950429e-01  2.89349884e-01 -1.05225965e-01 -4.88278657e-01
  2.41197437e-01 -6.67811558e-02 -6.48341775e-02  4.65491861e-01
  4.32802051e-01  1.59918487e-01  7.77037919e-01  6.60133779e-01
 -3.09938699e-01  4.00959253e-01  1.44314617e-01  2.56775558e-01
  9.15910959e-01 -6.73000142e-02  5.17660499e-01 -3.36589038e-01
 -7.84148991e-01  2.95045078e-01  1.96931988e-01  3.56830567e-01
  1.17378509e+00  1.39682159e-01 -3.98816109e-01  5.46224952e-01
  8.05906475e-01 -7.51746744e-02  1.15499027e-01 -4.92774248e-01
 -5.36334105e-02 -8.12551901e-02 -2.03518867e-01 -7.50195608e-02
 -6.83854148e-02  8.23175758e-02 -1.19391821e-01  1.93659291e-01
 -2.46352330e-01  4.71951336e-01 -4.20903563e-01 -3.07816327e-01
  3.75900447e-01 -2.96159741e-03  3.02026123e-01 -5.33858947e-02
  4.79073226e-01 -3.20880771e-01 -2.08250985e-01  4.28363711e-01
 -4.07904178e-01 -4.38894421e-01 -5.32719642e-02  3.54732394e-01
 -3.68370116e-02 -5.23723802e-03  9.40156654e-02 -3.61226708e-01
 -2.11391807e-01  2.54273117e-01 -5.56930721e-01  3.65894824e-01
 -6.42438754e-02  2.67786860e-01  1.88380986e-01  4.71253060e-02
 -4.17745918e-01 -2.76442826e-01 -5.47187746e-01  1.43008962e-01
 -3.96871269e-01 -6.32258832e-01  4.64212120e-01 -1.83759145e-02
 -3.48539829e-01 -1.56650519e+00  6.56196892e-01 -1.74322262e-01
  3.85934293e-01 -1.87943995e-01  1.42567590e-01 -5.21857180e-02
  2.90188640e-02  1.42841697e-01 -4.49915349e-01 -3.34871858e-02
 -1.01067724e+01  3.11617330e-02 -7.10338235e-01 -5.03866792e-01
 -2.64388956e-02  1.03408713e-02  8.33916724e-01  5.29698193e-01
 -3.99114966e-01  1.70718711e-02 -4.22287047e-01  2.25666061e-01
  2.73504108e-01  5.72039843e-01 -4.24214043e-02 -3.59833062e-01
 -3.35964322e-01 -5.06882787e-01 -9.67234299e-02 -3.82920861e-01
 -6.20862655e-02 -6.16059639e-02  8.08233559e-01  1.75922617e-01
 -1.41766801e-01 -4.45674956e-01 -3.42614204e-01  3.71506095e-01
 -1.45561367e-01  1.72550425e-01 -1.12354136e+00  9.02729630e-01
 -3.65799874e-01 -3.82174015e-01 -4.52700913e-01  2.52111197e-01
 -1.03344508e-02  2.84253508e-01 -5.91973849e-02  6.01249099e-01
  2.94511944e-01  6.63701892e-01 -1.59801975e-01 -3.01804602e-01
  1.33111045e-01  4.78138477e-01 -1.13877743e-01  2.86380202e-01
  2.44580165e-01 -1.81336150e-01  1.40264288e-01 -3.99034947e-01
  2.80913800e-01 -1.46982849e-01 -1.33303432e-02 -1.94240063e-01
  7.76720881e-01 -7.87925303e-01  3.11534498e-02  1.07299186e-01
  2.39278749e-01 -1.93022102e-01  4.25227582e-01  2.08171546e-01
 -3.23789686e-01  4.72927004e-01  1.39993340e-01  2.36181840e-01
 -7.69515574e-01 -2.41971061e-01  3.64501327e-01  1.33696809e-01
  1.55698970e-01  1.74356505e-01 -2.46817935e-02  5.74505568e-01
 -1.88891619e-01  4.66608964e-02  7.75435716e-02  2.81894326e-01
  4.17148203e-01 -4.69411433e-01 -6.45520866e-01  1.39159366e-01
 -1.64156571e-01  4.06951696e-01 -1.34477422e-01  3.28823775e-01
  7.53167793e-02 -4.62564290e-01  3.39626253e-01 -4.55998957e-01
 -6.29896760e-01 -1.37135521e-01 -4.55033481e-02 -3.14345300e-01
  2.21978888e-01  2.28932858e-01  3.69276494e-01  4.94382977e-01]"
シ,"[ 1.63603336e-01  5.61111569e-01  9.63577688e-01 -2.53137738e-01
  2.56172061e-01  3.77693935e-03  6.68121040e-01 -2.36982659e-01
 -4.65715885e-01 -1.55674174e-01  4.12211478e-01 -2.10179478e-01
 -4.99211907e-01  2.61354506e-01  3.42842668e-01  2.63275474e-01
 -1.77709743e-01 -5.32054305e-01  6.49681985e-02 -6.26070611e-03
 -1.25149870e+00 -8.28390598e-01 -1.89384073e-01  6.71663284e-01
  2.07438827e-01 -9.78362501e-01  3.77800345e-01 -2.11091451e-02
  1.04807252e-02 -4.03985888e-01 -5.49396932e-01 -2.47840136e-02
 -1.91635624e-01  5.88911772e-01 -7.29784012e-01  2.90721714e-01
  2.35302493e-01 -5.32673478e-01  3.72516029e-02 -2.32694298e-01
  2.69700229e-01 -3.14180046e-01  1.98765814e-01  4.80454773e-01
  5.27459458e-02  3.14000607e-01  2.15839341e-01  8.33956525e-02
 -2.61348099e-01  2.62496650e-01 -6.32890701e-01  3.62549484e-01
  6.21737957e-01  2.13496968e-01  1.06652446e-01 -3.82269382e-01
  2.38241270e-01 -3.02271515e-01  3.15013081e-01  5.37103832e-01
 -4.60227698e-01 -5.21640889e-02  2.73281813e-01  2.33560175e-01
  4.40126993e-02  4.59627628e-01 -3.10776800e-01 -2.55873173e-01
  1.84489161e-01 -9.53016818e-01 -1.16699925e-02 -2.67543606e-02
  7.59125724e-02 -8.65208328e-01  6.29284382e-01 -1.13531232e-01
  1.74959049e-01  2.80857474e-01  7.98219964e-02  7.07317367e-02
 -8.50631669e-02  2.57181942e-01  5.51892519e-02 -4.44931746e-01
 -8.18901122e-01  9.33475047e-02 -6.96617007e-01 -6.23130858e-01
  3.71504366e-01  4.11418043e-02 -1.95469856e-01 -4.27931309e-01
 -4.14786547e-01  3.39911133e-01  4.86581028e-01  6.07203186e-01
  1.65332884e-01 -3.06674480e-01 -1.96098447e-01  2.70745069e-01
  3.15446079e-01 -1.98801577e-01  4.08902198e-01 -1.61339059e-01
  1.77288413e-01  1.85977116e-01 -3.70616257e-01  1.48716778e-01
  4.08792943e-01  2.12757394e-01 -5.67500591e-01 -1.41534701e-01
 -8.02746654e-01 -3.71534050e-01  1.98545009e-01  3.18036497e-01
 -5.26221037e-01  1.49696767e-01 -2.26424158e-01 -2.63807811e-02
  6.83838204e-02  5.67933559e-01  1.33882046e-01 -8.03805113e-01
  1.47024572e-01  5.01258194e-01  2.98709244e-01 -1.02923319e-01
 -4.27690059e-01 -2.98318058e-01 -5.08204043e-01 -3.89622480e-01
  1.46926427e-02  4.39901382e-01 -6.63587570e-01  5.56197882e-01
  2.44140953e-01  1.97624266e-01  3.07847504e-02 -3.10484916e-01
 -4.37712848e-01 -7.02986568e-02 -6.70259818e-02 -5.50451458e-01
  2.80624270e-01 -2.52366424e-01 -7.73504913e-01 -3.96372974e-01
 -3.38088036e-01 -2.59885877e-01  3.16100307e-02  1.26596892e+00
 -5.36586583e-01 -3.84549797e-01  3.12108517e-01  2.26555511e-01
 -7.50627458e-01  4.07783315e-02 -8.68369360e-03 -1.20559931e-02
  1.46507204e-01 -4.34125006e-01  3.76425385e-01  4.52755094e-01
  6.10721648e-01 -1.43308654e-01  1.21564254e-01 -2.17006564e-01
  8.92624035e-02  3.41462523e-01  8.29442620e-01 -4.34506573e-02
  6.89471722e-01  1.75456047e-01 -8.19169134e-02  3.93725932e-01
  8.95509422e-01 -3.23472381e-01 -2.85314228e-02 -3.22180778e-01
 -2.76332945e-01 -3.61938745e-01  2.55494118e-01 -4.93816763e-01
  6.15046442e-01 -7.14162290e-01  3.50738347e-01 -2.79103369e-01
 -3.05350870e-01 -1.47183865e-01  9.65518579e-02 -3.45172763e-01
  8.85943592e-01 -3.47847521e-01 -5.72144806e-01 -3.34402382e-01
  2.66456336e-01  1.63429365e-01 -5.65876484e-01  2.49374613e-01
  2.16334730e-01  1.26294568e-01 -6.11438192e-02 -6.54739439e-01
 -5.59577346e-01  4.15687710e-01  2.59343386e-01  3.45921442e-02
  1.85577556e-01  8.12051535e-01 -3.64490032e-01  2.77725369e-01
  5.67121744e-01  1.16499767e-01  1.13798089e-01  2.31491864e-01
 -1.07704923e-01 -4.00251538e-01 -8.44152346e-02 -1.93388820e-01
  6.97521329e-01 -3.22067261e-01 -5.72157919e-01  2.38063872e-01
  9.07755271e-02  4.22748774e-01  1.94230005e-01 -1.46908224e-01
 -1.11429714e-01  1.28377765e-01 -9.45113897e-01 -3.79291624e-01
 -8.43826830e-01 -3.37311447e-01 -4.89846915e-01 -6.03349268e-01
 -3.42031807e-01 -1.87918872e-01 -6.26741290e-01 -3.37494574e-02
 -1.44564360e-01 -4.07004058e-01  1.44591808e-01 -3.00484687e-01
 -1.69790462e-01  6.13060147e-02  3.16678523e-03 -3.22889864e-01
 -4.27733690e-01 -3.62180211e-02 -4.87673320e-02 -4.17041361e-01
  2.10702002e-01 -2.12283745e-01  1.03694344e+00  6.47431910e-01
  7.51720965e-01 -5.99120140e-01  4.85574543e-01 -4.26550001e-01
 -3.09426934e-01 -3.62140328e-01  3.36613059e-01  3.46474886e-01
  1.14484623e-01 -7.78585598e-02 -3.50176185e-01 -6.98029697e-01
 -8.47503781e-01 -5.56796730e-01  5.96597314e-01 -1.50695592e-01
  5.54423034e-02 -4.01285052e-01  1.51616141e-01  3.36203933e-01
 -6.12843335e-01  8.59668911e-01 -4.06478405e-01  4.37324733e-01
 -8.02108526e-01  9.65873659e-01 -5.92792965e-02 -8.89306068e-02
 -1.72614858e-01  4.76021051e-01 -8.32711518e-01 -5.10946847e-02
 -7.54189074e-01  9.48963881e-01  3.52217108e-01 -4.52993035e-01
  7.23286346e-02  2.32128352e-01  4.94474359e-02  4.08591211e-01
  4.25799489e-01  2.89515376e-01  4.38592046e-01  1.57430798e-01
  2.88930625e-01  1.98024437e-01 -1.14860736e-01 -3.20596963e-01
  2.44942352e-01 -1.75852269e-01 -2.82983601e-01  5.00118911e-01
  2.65005648e-01 -1.70627415e-01  6.26630843e-01  4.88212436e-01
 -5.54039836e-01  4.73126680e-01  8.14007580e-01  3.70932430e-01
 -1.26522517e+00 -4.62719977e-01  3.85998785e-01  2.01425612e-01
  1.43208772e-01 -2.41515085e-01  4.11659509e-01  5.12628376e-01
 -3.45255584e-01 -3.80812168e-01  1.24181926e+00 -2.67702967e-01
 -3.13587397e-01  1.96126342e-01  3.14073890e-01 -2.26803899e-01
  1.97941273e-01 -6.14944696e-01  1.07354991e-01  6.05356038e-01
 -4.45777863e-01  9.98661444e-02 -7.48908669e-02  2.16349978e-02
 -3.33703101e-01  2.57237405e-01 -7.12485015e-01 -1.46129191e-01
 -8.59092250e-02 -1.52098253e-01 -2.60041326e-01  1.10747290e+00
  4.22103316e-01  8.08546960e-01 -1.01743996e+00 -5.56677103e-01
  9.52742025e-02  1.53047562e-01  2.62036294e-01 -6.84613287e-01
 -5.06963253e-01 -4.78540778e-01  1.73185542e-01 -4.43175822e-01
  2.96869427e-01 -2.47007281e-01  2.77859241e-01  1.82748139e-01
 -4.40009058e-01  3.02606106e-01  6.95116758e-01  1.92022532e-01
  3.09463501e-01  4.28770334e-01  2.22777292e-01  5.44481516e-01
  1.39733464e-01 -4.71071571e-01 -4.70793843e-02 -2.88962960e-01
  6.26677573e-01 -2.03951113e-02 -6.44016981e-01  4.26964521e-01
  3.35068583e-01 -7.75960758e-02 -2.38808498e-01 -6.17244720e-01
  2.93143153e-01 -4.81806278e-01 -1.96176425e-01 -3.97129536e-01
 -7.80908018e-02 -2.53324300e-01  1.00818324e+00  5.93216956e-01
  2.25838467e-01 -7.43759215e-01 -7.36458480e-01  1.43390253e-01
  2.10463963e-02  4.73305613e-01 -6.31350577e-02  2.00848415e-01
 -5.80213703e-02 -3.85002673e-01 -2.80049592e-01 -2.87430823e-01
 -4.90521938e-01 -1.70227587e-01 -3.80782664e-01 -1.47157148e-01
  8.08348581e-02  1.01589811e+00 -8.18671212e-02 -4.37057298e-03
  2.62422889e-01  9.21149552e-01 -3.35390031e-01 -1.73789158e-01
 -7.30690241e-01  3.33568841e-01  4.80212867e-01  2.59432256e-01
  4.18212950e-01  1.95657551e-01  6.45623922e-01 -2.13693246e-01
  1.78742424e-01  5.62320828e-01 -9.52494293e-02 -4.65902001e-01
  5.89449584e-01 -3.53551835e-01  5.18576503e-01  5.02124608e-01
 -2.37696528e-01  5.33088624e-01 -5.82868397e-01 -3.41817796e-01
  1.96036562e-01  4.39268559e-01  1.02159917e-01  7.31368437e-02
  5.08945584e-01  7.32358634e-01  6.20243400e-02  5.34525454e-01
 -1.53113946e-01  2.23901365e-02 -4.30824012e-02 -3.57109845e-01
  3.91505152e-01 -1.26716554e-01  4.57513362e-01  7.47415841e-01
  7.45801553e-02  3.34050059e-02  4.64789659e-01  3.22117567e-01
 -1.32783830e-01  4.43664342e-01 -2.16353476e-01 -8.20769295e-02
 -4.78877872e-01  5.29356718e-01 -4.33604360e-01  6.95783198e-02
 -2.83975571e-01 -6.94778040e-02  3.94160777e-01 -4.52841341e-01
  3.87324691e-01 -5.11859715e-01 -9.78059590e-01 -8.96248102e-01
 -1.04058635e+00 -3.77825201e-02 -6.19799137e-01  1.91784561e-01
  4.33692962e-01  3.37722838e-01 -5.85271358e-01  5.86609483e-01
  5.23256540e-01  4.36906874e-01  2.11797580e-02 -3.00570160e-01
 -3.29498142e-01 -4.39510107e-01 -2.45361894e-01  1.29090101e-01
  1.25719383e-01 -1.49542749e-01 -4.85604465e-01 -3.82494986e-01
 -2.38695383e-01 -1.57915473e-01 -7.22726732e-02 -3.96916449e-01
  2.52207041e-01  3.05159539e-01 -8.78956556e-01  4.76449668e-01
 -2.94450581e-01  4.68497962e-01 -4.81890261e-01 -3.45439583e-01
 -2.33464584e-01 -6.99124783e-02  1.46506466e-02  5.08740425e-01
  5.97614706e-01 -3.36241394e-01  3.17217082e-01  1.04651940e+00
  3.05898547e-01 -6.56388164e-01  2.83049121e-02 -3.90717566e-01
 -8.86869013e-01  5.47399879e-01  1.71412870e-01  5.07201314e-01
  3.82300287e-01 -3.45996581e-02 -7.65721858e-01 -2.35219523e-01
 -1.58159360e-01 -6.66702092e-01  6.33459628e-01 -5.27844906e-01
  6.03116572e-01 -1.00139427e+00  4.27998066e-01 -4.41523343e-01
  6.44017681e-02 -3.05156887e-01  4.91352290e-01 -1.68144673e-01
 -5.52774727e-01 -1.37960762e-01 -4.20004010e-01 -4.03524876e-01
  7.79307544e-01  4.22886670e-01 -6.71458542e-01  7.57039905e-01
  8.81175041e-01  2.14556932e-01  1.86129939e-02 -1.68943759e-02
 -4.29343402e-01  5.67590781e-02  1.42172739e-01 -2.25387812e-02
  6.03763223e-01  5.61386764e-01 -3.29905719e-01 -3.26231331e-01
  8.16208720e-01  1.29227236e-01  4.44275558e-01 -4.90773432e-02
 -5.76477528e-01  1.52885646e-01 -1.82719082e-02 -2.00882480e-01
  3.78912129e-02  7.83524573e-01 -4.60827529e-01  5.39143980e-01
  5.29404819e-01  2.07973700e-02 -1.17460554e-02  1.48646772e+00
 -3.43136042e-01  7.31328011e-01  3.37306947e-01  3.41524363e-01
 -8.93943369e-01  3.84448409e-01  6.33160949e-01  2.41828486e-01
  9.61683840e-02  8.83182585e-02 -3.43893796e-01 -5.76559842e-01
  7.11446762e-01 -8.87278855e-01 -9.04211588e-03  2.59813726e-01
  5.65520227e-01 -1.51020244e-01  8.81471992e-01  5.15365481e-01
  7.14452118e-02  3.47704649e-01  2.73196846e-01  7.52917647e-01
  4.35855448e-01 -9.34442356e-02  7.08543539e-01 -5.22925794e-01
 -6.61077797e-01  5.14232039e-01 -4.63536829e-01 -2.70550586e-02
  9.68362018e-02 -5.85820258e-01 -4.64604139e-01  5.28101861e-01
  5.53121328e-01  3.62198144e-01 -2.89152026e-01 -3.39333653e-01
 -7.22410977e-02  8.00727010e-02 -2.96876937e-01  2.65658528e-01
 -1.76449239e-01  7.62426972e-01  3.61016214e-01  1.73849866e-01
  2.63490468e-01  3.82313341e-01 -9.09759626e-02 -7.05301836e-02
  4.68845516e-01  1.79444313e-01  2.47649342e-01 -3.59204039e-03
  4.73301470e-01  3.41785736e-02 -4.40897405e-01  7.78917253e-01
 -3.33704561e-01 -5.44424772e-01 -2.70071059e-01 -3.57808471e-02
  3.64897400e-01 -1.81391388e-01 -2.01868527e-02 -3.40008408e-01
  2.28847831e-01  1.52716920e-01 -7.29587078e-01  2.88266450e-01
  3.66138697e-01 -1.49304062e-01  1.14134274e-01 -1.71195582e-01
 -3.95289660e-01 -6.54736280e-01 -2.20074251e-01  4.37257811e-02
 -1.17882323e+00 -3.56144339e-01  6.80303812e-01  1.58449277e-01
 -3.37136328e-01 -1.18336618e+00  4.72523868e-01 -3.65001768e-01
  4.75816190e-01 -7.74253085e-02 -5.39039373e-02  1.83478847e-01
 -1.41189367e-01 -3.53323489e-01 -3.16048354e-01 -2.00425401e-01
 -9.85924721e+00  2.97644973e-01 -1.24877118e-01 -4.89321053e-01
  1.11029655e-01 -3.54481637e-01  4.84276652e-01  6.80180073e-01
 -3.70484024e-01  5.96631408e-01 -4.41550702e-01 -2.75892943e-01
  6.81962550e-01 -1.87635437e-01 -3.18950176e-01 -2.50903785e-01
 -5.99779427e-01 -4.29402709e-01 -2.56298244e-01  1.98815390e-01
 -2.07847580e-02 -1.33887872e-01  1.02630436e+00  6.93728983e-01
 -2.52547532e-01 -2.98883885e-01  2.51271397e-01  4.53359067e-01
  3.67264807e-01  6.86093122e-02 -5.70196271e-01  6.50061727e-01
 -3.53747904e-01  1.91726416e-01 -1.36249721e-01  1.31582379e-01
  3.13424826e-01  3.74453850e-02 -4.94371414e-01  2.52475470e-01
  5.20692050e-01 -1.47162408e-01 -5.39980233e-01 -6.79523051e-02
  5.88387609e-01 -5.37824452e-01 -9.84445810e-02  2.44418249e-01
  7.35999703e-01 -1.32617310e-01 -2.00176045e-01 -2.77599722e-01
  6.80311143e-01 -1.87823802e-01  1.43186361e-01 -6.00769650e-03
  6.81607246e-01 -3.22454154e-01 -2.20514849e-01 -5.97079456e-01
 -3.22564691e-01 -1.35977179e-01  2.45767385e-01  7.95433998e-01
 -1.36381760e-01  3.45778793e-01 -3.19691539e-01  6.21876642e-02
 -7.23689795e-01 -1.56849295e-01  3.80473137e-01  5.97694278e-01
  3.61764669e-01 -7.59989321e-02  2.41424039e-01  2.31006801e-01
 -6.27083957e-01  3.99850421e-02  3.88293356e-01 -8.10375810e-03
  1.01581670e-01 -6.11351907e-01 -2.39075180e-02  9.02662575e-01
 -7.92504013e-01 -4.10769917e-02  1.70538336e-01 -1.09856233e-01
  4.10794824e-01 -3.28421772e-01  1.15346745e-01 -2.10215241e-01
 -4.22236502e-01  5.11194885e-01  2.24089339e-01 -5.37134349e-01
  1.26098305e-01  1.60041273e-01 -1.52237881e-02 -6.84546590e-01]"
ゴ,"[ 4.97772306e-01  7.62214720e-01  3.00196737e-01 -7.05847815e-02
  2.17950016e-01  5.60254872e-01  4.86961514e-01 -1.77514836e-01
 -6.55736506e-01 -2.24748641e-01  6.47870123e-01 -1.35002267e-02
 -5.69820285e-01 -1.15405917e-01 -5.42037487e-02  6.70950115e-02
  5.68677112e-02  1.42491847e-01  2.39426568e-01 -3.63240153e-01
 -8.47331643e-01 -2.83542752e-01 -2.47129709e-01  4.85791564e-01
  1.48956567e-01 -4.98911411e-01 -5.97809851e-02  2.19818294e-01
  1.47046313e-01 -5.16380072e-01 -4.02191281e-01 -1.54350057e-01
 -2.20086977e-01 -1.61454484e-01 -3.59096378e-01  2.55513519e-01
 -1.31369427e-01  1.93250597e-01  5.12298226e-01 -8.36405233e-02
  1.47649562e-02 -1.88738272e-01  1.30550742e-01 -4.15087670e-01
 -4.25077498e-01  1.65177941e-01 -1.98104963e-01  6.93110377e-03
  1.34545311e-01 -2.18629226e-01 -2.78682649e-01  5.32936826e-02
  4.55468178e-01  4.70683545e-01  2.82690048e-01 -4.86526228e-02
  3.77890199e-01 -5.31797230e-01  2.01608121e-01  2.37267435e-01
 -4.84168738e-01 -1.22280635e-01  6.28336728e-01 -2.68739611e-01
 -2.81631976e-01  9.34074745e-02 -5.84911287e-01  6.74915835e-02
  5.53406239e-01  1.44731894e-01  1.73482671e-01  2.83297271e-01
 -5.19146323e-01 -4.96341705e-01  6.28771603e-01 -2.29388431e-01
 -3.31797786e-02  1.04467675e-01  4.66364294e-01  1.19877242e-01
 -1.45693436e-01  4.24018264e-01  4.86305952e-02 -8.15988064e-01
 -7.35155761e-01  2.83044487e-01 -4.83948082e-01 -1.11030996e+00
  6.42533362e-01 -6.98596612e-02 -1.84815899e-01 -1.58687711e-01
  3.69737208e-01  6.40476048e-01  8.15101206e-01  2.96920747e-01
  2.42761120e-01 -1.32363051e-01 -2.17085153e-01 -5.21797724e-02
 -3.55163187e-01  7.98893943e-02  2.73391217e-01 -2.86288142e-01
 -1.25280231e-01 -2.19633132e-02 -2.58581251e-01  3.14949483e-01
 -6.63669109e-02  5.86927474e-01 -3.50589812e-01 -7.54622161e-01
 -7.49998689e-01 -7.08321869e-01  4.17934418e-01  1.56146601e-01
 -2.56101582e-02 -2.13768855e-02 -1.31281972e-01  5.95646799e-01
  1.10818781e-01  4.02145326e-01 -3.52946848e-01 -4.17076826e-01
  1.10948533e-01  4.87710714e-01  7.87925899e-01  2.53180504e-01
  8.76840353e-02 -6.93710387e-01 -2.50311494e-01 -4.94170375e-02
 -2.74899125e-01 -2.52650350e-01 -4.94023860e-01  5.20003974e-01
  5.48697472e-01 -9.69182998e-02 -2.02838615e-01 -5.06743193e-01
 -3.52961153e-01 -5.22220433e-02  6.90828621e-01 -5.78098893e-01
  3.33654955e-02  4.63720888e-01 -2.63032783e-03 -5.46759009e-01
  6.09991372e-01  1.02456227e-01  4.92288530e-01  9.89992201e-01
 -6.20349407e-01  2.31868640e-01  3.05595040e-01  8.91060848e-03
 -5.26299655e-01 -9.35625210e-02  1.04695119e-01  1.62379116e-01
  4.35268492e-01 -1.49453476e-01  2.42443860e-01  8.22841525e-01
  6.83892742e-02  6.48010135e-01  4.00367349e-01 -1.33160591e-01
 -9.46155265e-02  8.90560210e-01  6.74493909e-01  1.68410197e-01
  3.37816447e-01 -2.46137753e-01  2.02574898e-02  2.63792593e-02
  6.64051652e-01  3.87584597e-01 -3.71470898e-01 -3.08322191e-01
 -2.68478453e-01  4.11030650e-02 -2.67758429e-01 -6.62393332e-01
  7.92158008e-01  2.24115252e-01  2.10499242e-01 -4.20246683e-02
  1.26968652e-01  6.07149154e-02  3.90688702e-02 -5.67623973e-01
  3.87264580e-01 -5.24139524e-01 -4.26820964e-01 -2.05415174e-01
  1.00829333e-01  4.67114836e-01 -3.74954462e-01  6.22957163e-02
 -1.48155361e-01 -8.52480754e-02 -6.40909001e-02 -1.04456151e+00
 -6.94717646e-01 -1.11126535e-01 -2.08555281e-01  2.23675668e-01
  4.63293456e-02  2.56377220e-01 -2.21915364e-01  3.76663804e-01
  5.56937642e-02  1.00052990e-01  9.83816862e-01 -4.55496043e-01
 -7.35149026e-01 -5.47119856e-01  2.75305569e-01 -3.66772562e-01
  7.22499862e-02 -1.75042152e-01  4.10738051e-01  6.24465495e-02
 -3.04303132e-02  2.13326976e-01 -5.05209081e-02 -4.28007096e-01
 -3.57671171e-01  2.46169969e-01 -3.68785053e-01 -8.49766672e-01
 -4.74717438e-01  4.51398641e-01 -6.63834870e-01 -6.42087400e-01
 -8.33018646e-02  1.64394736e-01 -1.43783763e-01  3.87625098e-01
  2.91441828e-01 -2.91210692e-02  5.84486485e-01 -4.83094841e-01
 -4.12961602e-01  3.60675126e-01 -2.48978108e-01 -2.90537506e-01
 -3.25787127e-01  6.09302670e-02 -5.61669409e-01  6.65607536e-03
 -3.69742662e-01 -3.52748334e-02  5.05146265e-01  8.16332459e-01
  1.43859029e-01 -1.12676397e-01  7.61120558e-01 -3.86634618e-01
 -1.86211690e-01 -5.05049527e-01 -3.30903471e-01  1.72171742e-01
 -1.18639268e-01  1.47170573e-01  9.62715968e-02 -5.14479876e-01
 -6.26122236e-01 -6.98161900e-01 -5.46465330e-02 -4.10240591e-01
 -3.70084405e-01 -4.10451204e-01  4.05777842e-01  1.63242579e-01
 -2.47829586e-01  8.19892526e-01 -3.65026563e-01  8.62723738e-02
 -3.17400664e-01  4.12661731e-01 -9.11927342e-01 -4.43308115e-01
  2.76554942e-01  2.16494977e-01 -4.44854051e-01 -5.98151982e-01
 -2.50767112e-01  6.87413871e-01  4.61421520e-01 -7.33727276e-01
 -8.45478401e-02 -2.23285154e-01 -8.90372694e-01  9.20128152e-02
  1.98020503e-01 -2.45847002e-01  1.27183691e-01 -2.67492440e-02
  3.81834984e-01  8.44445378e-02  6.20339394e-01 -2.69874096e-01
  6.74191862e-02 -3.33030730e-01  1.55075774e-01  3.49298447e-01
  2.01297611e-01 -1.77111790e-01  2.82047808e-01  6.08054578e-01
 -3.66950095e-01 -4.47010435e-02  5.72723329e-01  4.97722775e-01
 -1.63061380e+00 -1.05061419e-01  7.06873715e-01  6.91133738e-02
 -2.20684409e-01  3.66270691e-01  2.72393674e-01  2.14751080e-01
  1.02968611e-01 -5.23787379e-01  8.40893745e-01 -9.99461040e-02
 -7.08339155e-01 -1.32303331e-02  3.25595319e-01 -2.79334456e-01
  1.09063409e-01 -5.17639399e-01 -1.45605236e-01  2.05913633e-01
 -4.99875575e-01 -8.22938606e-02  4.58028376e-01 -2.55605221e-01
 -1.30014315e-01  1.06747115e+00 -1.96766585e-01  2.09461376e-01
 -7.18351722e-01 -5.86969793e-01  4.48170424e-01  1.49895287e+00
  3.90588075e-01  5.03558278e-01 -6.96189165e-01 -3.12256008e-01
 -1.86771333e-01 -6.08613789e-01 -4.14312601e-01  2.07301695e-02
  4.58031110e-02 -3.60233217e-01  7.23466337e-01 -3.79947990e-01
  2.59033471e-01  1.43065095e-01  2.68209726e-02  2.00964987e-01
 -2.29438037e-01  2.66437560e-01  4.99571830e-01  2.88874865e-01
  4.98165697e-01  8.48901689e-01  1.77825257e-01  2.77137756e-01
  5.25376737e-01 -2.33234689e-01  2.06589371e-01 -3.55300546e-01
  3.53740394e-01  2.29154333e-01 -5.95177472e-01  6.19823337e-01
  4.69725244e-02 -1.75265878e-01  1.88458204e-01 -1.93362683e-01
  2.34480172e-01 -8.13340724e-01 -1.79281369e-01 -1.29437530e-02
  4.43044424e-01 -2.19024271e-01  9.87629712e-01  3.22802156e-01
  7.03381240e-01 -4.62928027e-01 -2.50793964e-01  4.49643254e-01
 -2.65967786e-01  5.78835547e-01  1.61111400e-01  7.60063350e-01
  4.95004132e-02 -1.55638084e-01 -4.22357842e-02 -7.15123951e-01
 -8.73270154e-01 -1.60705417e-01 -7.26861238e-01  5.19271456e-02
 -1.69372454e-01  7.37849832e-01 -3.75937819e-01  1.52916551e-01
  3.16350192e-01  1.00894980e-01 -7.32976317e-01 -4.08222675e-01
  5.69649860e-02  3.55135292e-01  4.91045117e-01  9.81431976e-02
  5.06152630e-01  6.45469725e-01  1.99710146e-01  7.92300925e-02
  3.33955407e-01 -2.39149928e-02 -5.06365180e-01 -2.52141356e-01
  6.93172336e-01 -5.14012873e-01 -5.81023097e-01 -2.27749664e-02
  4.00201470e-01  8.20205152e-01 -1.92495599e-01 -9.06720519e-01
  2.26672247e-01  1.36214808e-01 -1.11474231e-01  8.01157296e-01
 -1.80533141e-01  4.96975809e-01  1.08033389e-01 -1.45168409e-01
 -1.16356514e-01  1.38855100e-01  4.94217761e-02 -3.50659460e-01
  3.04865718e-01  1.27123132e-01  1.04513742e-01  8.41391206e-01
  1.48931637e-01 -6.25318708e-03  3.19251090e-01  6.23444676e-01
 -7.20798314e-01  3.03472787e-01 -3.14551324e-01 -3.15317988e-01
 -2.73291647e-01  7.22960830e-01 -7.26197898e-01 -5.58980703e-02
  3.10514748e-01 -2.25648209e-01  5.46196401e-01  2.00886160e-01
  2.73343951e-01 -4.70804393e-01 -3.11288387e-01 -6.43935919e-01
 -9.48038161e-01 -3.10506552e-01 -6.22572362e-01 -3.26050967e-02
  4.52575028e-01  3.29841822e-01 -5.75831294e-01  2.38119438e-01
 -6.17470555e-02 -5.88187315e-02 -2.45472193e-02 -6.88474834e-01
 -4.78525251e-01  6.38158321e-01 -1.94860086e-01 -2.12584302e-01
  3.76333386e-01  1.14367135e-01 -4.66895044e-01 -8.95200372e-01
 -1.22939602e-01  2.89882571e-01  2.52456844e-01 -6.00722611e-01
  5.35359144e-01  2.79283345e-01 -6.53772771e-01  1.72553614e-01
 -1.15201369e-01  3.03166136e-02 -5.50886989e-01 -5.22700727e-01
  8.06623921e-02 -3.35497051e-01  1.49205327e-01  2.51983553e-01
  5.48654914e-01 -5.68539560e-01 -4.52086926e-01  9.37220991e-01
  1.94200471e-01 -2.03808937e-02  3.19142081e-02 -3.13985020e-01
  1.31848842e-01 -9.38119814e-02  2.44793028e-01 -8.17273781e-02
  3.89241099e-01 -3.59345734e-01 -3.88633579e-01 -5.74152708e-01
  1.52886227e-01 -1.13131964e+00  1.14952648e+00 -2.19648540e-01
  4.68798667e-01 -6.90187991e-01  1.81613475e-01 -5.08218229e-01
 -9.36386958e-02 -1.78454012e-01 -2.34275423e-02  2.38172606e-01
 -9.73424911e-01 -1.90877259e-01 -1.22232765e-01 -6.55258477e-01
  8.35125327e-01  2.15064153e-01 -7.79570520e-01  2.72215694e-01
  6.14351392e-01  3.57065916e-01 -3.80462676e-01 -1.91767901e-01
 -7.22956359e-01  1.99032128e-01  5.78530967e-01  1.18430607e-01
  1.72351390e-01  2.94958502e-01 -8.83265316e-01  2.17364654e-01
  1.64833590e-01  3.26315641e-01  5.98181605e-01  8.02855790e-02
 -5.96113205e-01 -1.22397758e-01 -5.77964664e-01  1.60787985e-01
  9.72804576e-02  4.95416194e-01 -1.99192598e-01  7.04883397e-01
  1.25521317e-01 -8.77431929e-01 -1.57809630e-01  1.14593542e+00
  4.07214373e-01  9.41965818e-01 -3.02602857e-01  3.51170927e-01
 -7.28487790e-01  2.16249228e-01  3.15743327e-01  8.72084755e-04
 -2.70173520e-01 -1.78857483e-02  2.92052366e-02  6.11175299e-02
  2.80974329e-01 -4.25933721e-03  1.57497779e-01  3.48997861e-01
  4.58685458e-01 -3.42066407e-01  7.82237947e-01  1.40728608e-01
  3.25308889e-01 -2.14219481e-01 -2.55647510e-01  7.84323812e-01
  2.84073383e-01  6.91714212e-02  1.15698986e-01 -3.14407140e-01
 -5.08419573e-01  4.66036290e-01 -7.99195021e-02  2.15445116e-01
  7.73557365e-01 -8.33692491e-01 -7.73041606e-01  2.87474215e-01
  4.53301251e-01  6.01705164e-02  1.02387846e-01 -6.40050054e-01
  1.19796276e-01 -1.44683078e-01 -3.67012352e-01 -1.17944121e-01
  5.83321631e-01  2.86148507e-02 -1.39982253e-01 -2.62304515e-01
  5.82510345e-02  6.01945102e-01 -2.41518259e-01 -4.35654789e-01
  8.45948383e-02  1.33234300e-02 -1.35987550e-01  2.30542645e-01
  7.46788442e-01  1.07402153e-01 -1.52414531e-01  2.38683656e-01
 -5.54338157e-01 -8.29812363e-02  2.21778482e-01  6.42972887e-01
  3.15714151e-01 -1.87824667e-01  1.70894772e-01 -6.05956256e-01
  3.55719537e-01 -1.92579642e-01 -7.91918993e-01 -1.05839424e-01
  5.09202123e-01  9.81044322e-02 -6.79194229e-03  6.17864192e-01
 -6.86387241e-01 -1.51685223e-01  2.58604169e-01 -2.59143800e-01
 -8.96374643e-01 -1.85040265e-01  5.43877304e-01 -2.19811544e-01
 -7.26827919e-01 -1.31945181e+00  1.37069687e-01  4.48750466e-01
  2.10821986e-01  5.25711030e-02  3.13358195e-02 -1.93196908e-01
 -3.31796378e-01 -4.11413461e-02 -3.80065471e-01  2.14319546e-02
 -9.89090919e+00 -7.63359442e-02 -2.64257282e-01 -5.17696202e-01
 -1.21567234e-01  1.57627970e-01  1.37922621e+00  5.42496264e-01
 -2.71595627e-01  2.49927849e-01 -6.10221863e-01 -8.30988660e-02
  2.10041985e-01 -1.26477897e-01 -4.89852987e-02  3.91914725e-01
 -4.55994815e-01 -1.29765376e-01 -3.91813606e-01  4.39962372e-02
 -5.00656307e-01 -1.32288560e-01  8.20985794e-01  1.12964399e-01
  1.78454533e-01 -5.03343344e-01 -4.56958488e-02  2.14874282e-01
 -2.71918803e-01  5.51334321e-01 -6.42462492e-01  3.45810235e-01
 -6.99618012e-02  5.03074110e-01 -2.36146525e-01 -1.10647082e-01
  2.53731698e-01  2.16089919e-01 -6.53867483e-01  5.93202055e-01
  1.37938187e-01  7.41385937e-01  3.40479821e-01  2.22442687e-01
  1.19924575e-01 -1.14380978e-01 -1.50408015e-01  2.87773013e-01
  2.72464871e-01 -5.98098151e-02 -3.65409881e-01 -2.01531857e-01
  3.75577837e-01 -4.74834472e-01  2.46231884e-01 -2.50981271e-01
  5.14328897e-01 -9.23049629e-01  7.26240337e-01  5.18443733e-02
  3.04497510e-01  5.29228866e-01  8.54513347e-01  4.40477222e-01
 -7.63440952e-02  7.06921756e-01  1.12180084e-01  2.10476201e-02
 -7.33638823e-01 -5.39735019e-01  1.91866666e-01  7.23781362e-02
  1.29680216e-01 -1.51104063e-01  2.18291521e-01 -2.13553961e-02
  1.70949727e-01  1.19715273e-01  3.39209706e-01  3.87560338e-01
  4.53576684e-01 -2.65968680e-01  9.27126646e-01  3.33240271e-01
 -1.17879260e+00  3.17155123e-01  2.03346476e-01 -3.32449377e-01
  2.01035351e-01 -7.38733530e-01  7.82947421e-01  1.77254125e-01
 -7.92303681e-01  3.96173656e-01 -1.30156040e-01 -1.69055965e-02
  2.32773632e-01  2.40132451e-01  4.37098026e-01 -2.43477434e-01]"
ト,"[ 8.99626017e-01  3.09130698e-01  8.12819600e-01 -2.52838045e-01
 -1.02191545e-01  4.98119444e-01  1.28011823e-01  3.84045631e-01
 -2.90893018e-01 -4.94917482e-01  3.34161967e-01 -8.03521991e-01
  1.98937848e-01  1.80991024e-01  1.72163859e-01  1.53083757e-01
 -1.55420294e-02 -4.07430083e-01 -6.06828146e-02 -5.70345938e-01
 -1.05462205e+00 -3.69774103e-02 -2.99121857e-01  2.88921654e-01
  1.64684922e-01 -3.17931592e-01 -2.96225250e-01 -4.27190632e-01
  4.81976777e-01 -1.96193174e-01 -4.64893669e-01 -2.52728481e-02
 -4.99696463e-01  4.20471579e-01 -5.73658884e-01  4.70495373e-01
 -1.89029321e-01 -4.81578887e-01 -1.68175131e-01 -4.40656513e-01
  1.58372581e-01 -3.77393633e-01 -6.15124628e-02 -4.39044535e-02
 -2.49826297e-01  6.91761911e-01  3.02302465e-02  1.57639518e-01
  2.64520466e-01 -2.30485395e-01 -4.33412760e-01  5.70295215e-01
  2.43365094e-01  4.13600355e-02  1.60774872e-01 -3.35617214e-01
  5.27781010e-01 -6.63308382e-01 -1.52849331e-01  2.85274893e-01
 -1.86185688e-01 -4.66750264e-01  5.34498334e-01  5.56747764e-02
 -4.27642874e-02  2.61713505e-01  2.38973334e-01 -3.03214014e-01
  5.03926456e-01 -4.78005111e-01 -3.23481590e-01 -6.11474849e-02
  1.53870717e-01 -7.27557003e-01  4.14120704e-01 -1.88103765e-01
 -1.65740192e-01  6.86811149e-01  4.23703194e-01  6.94168955e-02
 -1.51477650e-01  3.23479325e-01  2.86183327e-01 -4.03200388e-01
 -1.32090747e-01  2.48237893e-01 -7.42134675e-02 -8.61447632e-01
  4.73762363e-01 -5.37233055e-01  2.12232053e-01  5.28571367e-01
  1.82535738e-01 -1.86836809e-01 -1.26927853e-01  5.09512424e-02
  1.52612090e-01 -1.85964629e-01 -1.84329093e-01  4.22969580e-01
 -2.29341313e-01  2.26301216e-02  5.04482448e-01  1.65389150e-01
  9.82902199e-02 -3.06381434e-02 -3.70443106e-01  3.07672858e-01
 -2.13690158e-02 -1.75011188e-01 -8.14728320e-01 -1.68397203e-01
 -6.69846117e-01  1.15789987e-01  6.15226984e-01  1.75114721e-02
 -4.29243505e-01  5.62646508e-01 -1.70351088e-01  8.91097963e-01
  2.70106524e-01  4.71162826e-01  5.26042402e-01 -1.01900108e-01
 -1.46015212e-01  4.65556413e-01  1.11426368e-01  1.39247924e-01
 -1.97803929e-01 -4.80518281e-01 -1.41790405e-01 -3.80159944e-01
 -4.30925906e-01 -1.05294883e-01 -1.31211266e-01  8.66150022e-01
 -1.17298007e-01 -1.05071090e-01 -8.86020735e-02 -3.38887304e-01
 -2.61299282e-01 -5.80046475e-02 -4.54300120e-02 -4.78907943e-01
  3.12525541e-01  2.26834834e-01 -6.36539400e-01 -4.46528852e-01
  8.86500403e-02  3.68395716e-01 -2.48668656e-01  9.40183282e-01
 -5.58526039e-01 -3.16474199e-01  2.97910213e-01  4.51019078e-01
 -1.07402515e+00  1.29828742e-02  4.86247154e-04  4.11834180e-01
  3.13365579e-01 -4.94157404e-01  2.59256005e-01  3.56339186e-01
  2.30564162e-01  1.03045143e-01  6.44856036e-01  2.65142113e-01
 -2.47644693e-01  4.87953365e-01  4.01362002e-01  4.36599910e-01
  3.12357664e-01  1.46875605e-01 -2.14014605e-01  5.56785762e-01
  1.22893667e+00 -2.67826263e-02  1.28810678e-03 -5.75258434e-01
  1.05961971e-01 -2.91204476e-03  3.11054409e-01 -3.85678023e-01
  4.33442652e-01 -1.18277624e-01 -2.91570544e-01  1.60813645e-01
 -7.25029260e-02  4.13998485e-01  4.70968429e-03 -4.30829793e-01
  3.36559206e-01 -4.92761314e-01  2.82448381e-02 -5.52854419e-01
 -1.86306298e-01 -2.00989917e-02 -6.82114601e-01  3.97153467e-01
  5.63734621e-02  4.08522971e-02  1.56798348e-01 -5.98982811e-01
 -7.96501637e-01  1.13421224e-01  2.78274883e-02  4.85289931e-01
  6.98265061e-02  4.07788187e-01 -1.91256851e-02  1.33014634e-01
  2.97225356e-01 -2.15060953e-02  1.03081562e-01  1.71573520e-01
 -1.31121010e-01 -2.84414679e-01  5.81150353e-01 -2.70970851e-01
  2.74195015e-01 -2.46319801e-01  1.56673074e-01  6.16434067e-02
 -2.60170233e-02  3.48230660e-01  1.17271163e-01 -4.90546934e-02
 -3.14342588e-01  6.52653635e-01 -7.90711701e-01 -6.64200902e-01
 -6.16480112e-01 -1.17326327e-01 -5.15593350e-01 -2.54892409e-01
 -4.16550845e-01  5.43952212e-02 -5.30211806e-01  4.01339978e-01
 -9.04225931e-02 -4.33952630e-01  7.31585398e-02 -4.79508638e-01
  3.59326661e-01  1.97224483e-01 -1.94645122e-01  1.71052217e-02
 -2.69402802e-01  8.62214193e-02 -1.98182613e-01 -5.65648854e-01
 -1.88872859e-01 -3.54779840e-01  4.44142133e-01  3.75066459e-01
  7.66671360e-01 -3.71058345e-01  2.08314702e-01 -4.45646912e-01
  8.60977173e-02 -8.17036331e-01  7.69248456e-02  3.51320356e-01
 -3.56194153e-02 -1.66098416e-01  1.11983135e-01 -3.10074598e-01
 -5.34000635e-01 -6.22278094e-01  4.79826301e-01 -1.23068191e-01
 -3.81958820e-02  1.97971746e-01  2.61708885e-01  1.83784395e-01
 -5.93885005e-01  4.24991667e-01 -3.40074569e-01  1.60141319e-01
 -2.72818029e-01  9.94215533e-02 -4.92255628e-01 -1.91739321e-01
 -1.53679281e-01 -2.74819732e-01 -2.93030590e-01  3.37580182e-02
 -1.70226291e-01  7.82295763e-01  2.69750297e-01 -1.40096873e-01
 -5.41143298e-01 -5.72116487e-02 -5.61044812e-01 -1.29166275e-01
  7.43155122e-01  3.01424980e-01 -4.52632338e-01 -4.04601306e-01
  4.50013041e-01  6.75762653e-01  1.35520339e-01  2.14814499e-01
  8.92589092e-02 -2.07424521e-01 -7.33067617e-02  1.04055308e-01
  3.89632612e-01 -3.18750441e-01  6.55990914e-02  1.19231296e+00
 -1.17146619e-01  5.98960221e-01  9.55635726e-01  5.44395387e-01
 -1.67826998e+00 -3.91641974e-01  1.47798436e-03  1.30741745e-01
 -1.55465066e-01 -1.16698839e-01 -8.08823630e-02  9.40475464e-02
 -8.27659070e-01 -5.04253268e-01  1.09051144e+00  1.15575045e-01
  1.31501377e-01 -3.72791499e-01  3.98138255e-01  3.29233408e-02
  4.50891629e-02 -6.06540740e-01  2.72047132e-01  7.78252006e-01
 -4.68925446e-01 -4.88193221e-02  9.48868021e-02 -3.24022621e-01
 -1.34525299e-01  3.21229577e-01 -3.16337049e-01  2.51150876e-01
 -8.34790051e-01 -1.96822479e-01  6.89413249e-02  9.33955431e-01
  1.29180372e+00  4.05727178e-01 -4.61466789e-01 -4.83234137e-01
 -1.83431745e-01  1.00015514e-01  2.59024471e-01 -8.70351344e-02
 -1.09344102e-01  1.27193689e-01  4.87373739e-01 -3.20596062e-02
  2.22172901e-01 -1.66737363e-01 -1.32942006e-01  3.17806453e-01
 -2.75816202e-01  5.95494866e-01  2.11978033e-01  1.27813131e-01
  3.23974460e-01  3.31538260e-01  7.66826868e-01  6.09129012e-01
  1.79222867e-01 -5.11933386e-01 -3.55118234e-03 -9.23794031e-01
 -5.94412744e-01 -2.40034178e-01 -9.67190489e-02  1.30277455e-01
 -3.99640262e-01 -1.69895098e-01 -1.95181847e-01 -3.73859793e-01
 -1.10854588e-01 -5.88168204e-01 -2.05114901e-01 -2.99755353e-02
  3.70233357e-02 -6.16972983e-01  8.13226283e-01  2.27785066e-01
  7.61696756e-01 -6.16658092e-01 -1.13706803e+00 -4.57379431e-01
 -2.37596110e-01 -4.57825750e-01 -3.20100307e-01 -1.85513869e-01
 -2.29515731e-01  1.11196496e-01 -3.18417341e-01 -6.73927009e-01
 -2.21602336e-01  5.88685088e-02 -6.55642986e-01 -3.78350019e-01
 -1.48760632e-01  7.30361760e-01 -3.65097523e-02  6.32442236e-02
  2.21974254e-01  4.87446129e-01 -8.68142784e-01 -3.37770432e-01
 -1.46214664e-01  2.02308863e-01  4.39344458e-02  3.58733475e-01
  2.62200624e-01  2.86132336e-01  4.01499033e-01  1.97038949e-01
  1.06132023e-01 -1.37743041e-01 -5.15969634e-01 -5.93289256e-01
  9.53447282e-01 -8.15913603e-02  1.39916599e-01  1.91599995e-01
 -7.44230524e-02  7.73496866e-01 -5.61773062e-01 -8.59278023e-01
  4.87609535e-01  2.97745466e-01 -1.38086542e-01  4.55865443e-01
  5.77549815e-01  4.23217088e-01  3.90843302e-01  8.45097601e-02
 -2.76515007e-01  2.23067284e-01  2.01519027e-01  1.33279309e-01
  3.52059215e-01  6.28231913e-02  1.76427588e-02  6.78996623e-01
  4.15868491e-01  6.63650930e-02  1.07721007e+00  5.28899491e-01
 -3.77829343e-01  1.20796980e-02  4.82678950e-01  2.99049854e-01
 -5.17146230e-01  3.97621453e-01 -3.37439507e-01  1.87507376e-01
 -3.26333269e-02  2.22569183e-01  5.19824684e-01 -1.94388524e-01
  3.46271485e-01 -7.45414615e-01 -5.75294614e-01 -6.53049767e-01
 -8.48182738e-01  2.05743983e-01 -4.62834895e-01 -3.37220460e-01
  3.66290301e-01 -2.50895083e-01 -6.35367036e-01  7.55000234e-01
  7.01274455e-01  2.87930593e-02  1.10016897e-01  2.69115239e-01
 -7.33719915e-02  4.13772017e-01 -2.69890875e-01 -6.63285479e-02
  2.50661373e-02  3.47682536e-02 -5.36447287e-01 -7.33136177e-01
  7.86415488e-02  2.48679623e-01  1.83060080e-01 -1.57535583e-01
  5.04047334e-01 -3.35959494e-02 -4.72213358e-01 -2.45352775e-01
 -2.87816465e-01 -2.98260450e-02 -4.14882779e-01 -2.74765026e-02
  9.63166431e-02 -1.06028959e-01  3.53896618e-02  4.74916518e-01
  1.50138795e-01 -3.99721593e-01 -3.32643658e-01  8.00883949e-01
  4.44564342e-01 -1.05853133e-01  1.44554213e-01 -2.01462284e-01
 -3.95758748e-01 -1.20203398e-01  1.63898189e-02 -7.12101236e-02
 -2.09608704e-01 -1.26847610e-01 -1.15579259e+00 -5.63615322e-01
  2.52002478e-02 -7.06640601e-01  4.37087625e-01 -1.16956551e-02
  7.33008742e-01 -3.83739263e-01 -6.87164590e-02 -1.17376678e-01
  2.67198443e-01 -1.68773517e-01  2.39844620e-01 -6.29022717e-01
 -8.16435933e-01  9.99794975e-02  7.74521083e-02 -6.94360316e-01
  1.11573601e+00  7.03531802e-01 -6.90635681e-01  6.14769280e-01
  5.53005159e-01  3.60482901e-01 -1.61894426e-01  1.61296278e-01
 -1.40763208e-01 -4.54352111e-01  1.97117582e-01 -3.16789925e-01
  3.72317046e-01  3.43469024e-01 -2.14494511e-01  7.60695636e-02
  1.80298641e-01  5.86565018e-01  4.35890198e-01  1.29675090e-01
 -4.75987107e-01 -1.92739651e-01 -4.09152061e-01  2.28484273e-01
  1.77847773e-01  2.95332909e-01 -8.87520969e-01  2.95780212e-01
  4.66156721e-01 -9.19750035e-01  6.38210177e-02  7.04369962e-01
  3.57109666e-01  6.62393451e-01 -4.23906557e-02  2.60558426e-01
 -5.48196018e-01  6.80386201e-02  2.34804451e-01 -1.33400872e-01
  1.63578670e-02  2.67415076e-01  6.07450455e-02  2.23846003e-01
  4.69166040e-01 -3.76796544e-01  2.27762952e-01 -2.87558526e-01
  2.12431088e-01 -2.10115805e-01  4.80375648e-01  2.48125166e-01
 -8.25944245e-02 -2.18683198e-01  3.41552585e-01  7.71987259e-01
  7.39031672e-01  2.73281604e-01  9.11938250e-01 -7.18496621e-01
 -7.05155671e-01 -1.74789429e-01  3.21191400e-01  1.36348441e-01
  4.62974101e-01 -2.58111656e-01 -1.37334555e-01  7.52277195e-01
  6.41154826e-01  4.12623677e-03 -4.81312066e-01 -5.00517607e-01
  3.66972655e-01 -5.30138254e-01 -5.77765778e-02  2.19853371e-01
  3.30424547e-01  4.32010472e-01  7.65517116e-01  2.92407453e-01
 -9.45353732e-02  8.79786551e-01  2.12729037e-01 -1.42062649e-01
  1.03762209e-01  1.58136964e-01  4.46179183e-03  8.95058513e-02
  3.23258340e-01  1.36007577e-01 -4.35149133e-01  8.35486412e-01
 -3.74740899e-01 -1.31133512e-01 -6.71191216e-01  1.26324356e-01
  4.33586597e-01 -3.72951537e-01  1.45223677e-01 -6.10945046e-01
 -1.69614539e-01 -5.45045376e-01 -9.75249231e-01 -1.89746499e-01
 -5.56456298e-02  8.49890858e-02 -5.49978912e-02 -1.29346743e-01
 -6.49682164e-01 -7.52420902e-01 -6.17382936e-02  2.36525238e-02
 -8.50414097e-01 -6.97885513e-01  4.98856932e-01  1.43545479e-01
 -4.41159159e-02 -1.50195539e+00  6.31375909e-01  9.69351362e-03
  8.32421124e-01 -8.72243047e-02  5.30750990e-01 -2.11050898e-01
 -2.41971403e-01 -1.67467460e-01 -3.99953127e-01  1.12231776e-01
 -1.00346336e+01  4.55579847e-01 -1.16390549e-01 -6.31056190e-01
 -1.22162156e-01 -2.01925635e-02  8.68137896e-01  7.52472460e-01
 -1.83003202e-01  1.34782746e-01 -9.73465070e-02  9.74884927e-02
  4.56096269e-02  1.63631707e-01 -2.73651779e-01 -3.43795449e-01
 -4.24158305e-01 -3.49126875e-01  5.31329364e-02  1.15124106e-01
 -6.26486123e-01 -4.84989077e-01  4.31291103e-01  1.05775960e-01
  1.45779103e-01 -2.70539910e-01 -1.57117948e-01  1.82940036e-01
 -3.97707969e-02  4.37644571e-01 -8.50439608e-01  4.65572447e-01
 -8.45106989e-02  1.19136795e-01 -2.89523482e-01  5.75840890e-01
  3.72167118e-02  3.85308683e-01  3.11250966e-02  8.96248519e-02
  3.67806524e-01  1.88829958e-01 -2.36845851e-01  4.48492356e-02
  1.81413159e-01 -5.44901490e-02  5.02706349e-01 -7.99727812e-02
  9.43412006e-01 -2.76128918e-01 -1.61216095e-01 -8.11537206e-02
  1.43149704e-01  2.87773386e-02  4.47222948e-01 -6.66476712e-02
  5.20835578e-01 -4.71732229e-01  2.05351755e-01 -5.04164547e-02
  1.73646837e-01  3.20107609e-01  2.75486171e-01  1.07672417e+00
  4.56274122e-01  2.04708472e-01 -3.01561668e-03  2.27824971e-01
 -8.44179928e-01  3.12729955e-01  5.76669164e-02  6.24740243e-01
 -2.49056190e-01  3.32588702e-01  1.88772231e-01  4.92160767e-01
  4.51239124e-02 -1.47628367e-01  9.78325605e-02 -3.59121740e-01
  4.53637153e-01 -7.23876357e-01  1.80109844e-01  6.21484101e-01
 -3.10626328e-01  2.80472219e-01  2.93616146e-01 -3.37920964e-01
  9.26949605e-02 -7.59903967e-01  5.06849766e-01 -2.92546540e-01
 -5.44286609e-01  2.03327000e-01  1.20504670e-01  1.44687556e-02
 -2.13957325e-01 -4.91808243e-02  4.83002901e-01 -2.58737773e-01]"
ヲ,"[ 3.20455879e-01  4.85528201e-01  3.86574492e-02 -6.65199518e-01
  4.90829684e-02  9.40057859e-02  6.29144609e-01  6.50162622e-02
 -4.89691883e-01 -3.03456634e-01  5.31316340e-01 -4.87235278e-01
 -4.01360124e-01  5.21582030e-02  1.01046935e-01 -9.11417380e-02
  9.52261090e-02 -8.15162212e-02  9.27488226e-03 -2.26725832e-01
  2.84782816e-02 -6.86816037e-01 -1.29417747e-01  1.22092009e-01
 -8.53891373e-02 -4.03358489e-01 -2.69041598e-01  5.19365191e-01
 -1.82863161e-01 -1.66871876e-01 -5.53688586e-01 -4.23616081e-01
  1.36358887e-01 -4.30458551e-03  2.77135611e-01  7.77556598e-02
 -3.49789023e-01  4.05227654e-02  2.74362504e-01 -4.47582781e-01
 -3.58385444e-01 -3.52921605e-01 -3.72211069e-01 -2.59282105e-02
  2.64020532e-01  1.98842380e-02  3.64948809e-02  3.88975531e-01
  8.04247975e-01  3.28020304e-01  5.30457161e-02  4.03200507e-01
  2.71628350e-01 -8.41557886e-03 -1.87746182e-01  5.36935292e-02
  6.73100114e-01 -2.94682473e-01  3.38887990e-01 -4.79425155e-02
 -4.56800044e-01 -2.46020645e-01 -5.80902457e-01 -2.07321137e-01
 -3.00304592e-01  5.82445264e-01 -9.96634290e-02  5.12287438e-01
 -1.29825041e-01 -1.36901870e-01  1.15925714e-01  1.94971450e-02
 -2.21286893e-01  1.42700151e-01  4.99672860e-01 -4.10564214e-01
  5.98120034e-01  1.28348768e-01  5.32594204e-01 -1.66004542e-02
 -5.26465476e-01  4.19118047e-01 -2.81153992e-02 -7.38647521e-01
  4.00289625e-01  3.15287977e-01 -8.22727740e-01 -5.90892315e-01
  6.36773407e-01 -2.95071781e-01 -5.18885016e-01 -2.03167707e-01
  4.34820801e-01  6.24515116e-01  1.11944474e-01 -3.08893889e-01
  1.62725434e-01 -1.84761748e-01  2.04969570e-01 -2.59799268e-02
 -2.98563957e-01 -4.02793467e-01  8.79792511e-01 -8.24323535e-01
 -2.57798940e-01  6.18682921e-01 -1.28181174e-01  2.89609283e-01
  2.86314964e-01  5.28106213e-01  5.56381524e-01 -7.00878263e-01
 -2.35729754e-01  2.59706110e-01  2.34842807e-01 -1.52508333e-01
  3.96202326e-01  1.96990281e-01 -1.90536037e-01  7.06462562e-02
  2.31352106e-01  7.84801722e-01 -1.32107154e-01 -3.34127247e-02
 -2.28415132e-01  2.11748958e-01  4.62207615e-01 -1.72553629e-01
  1.42044038e-01 -1.54703960e-01 -1.59650818e-01  2.37332270e-01
 -8.16425383e-02 -1.29605308e-01 -2.83813149e-01  6.19144559e-01
  9.27719399e-02  3.53635281e-01 -1.03334516e-01 -7.65228570e-01
 -2.81261653e-01  5.12293652e-02  5.68125963e-01 -1.68940187e-01
 -2.22227827e-01 -2.29301050e-01  1.71002388e-01 -2.10613728e-01
  2.61455029e-01  5.95423102e-01 -3.80027890e-01  4.95595455e-01
 -5.65086901e-01 -1.82464063e-01  3.84702623e-01 -1.07584968e-01
 -6.30381405e-01  1.44960672e-01  7.65232965e-02  2.35061765e-01
  3.68336797e-01 -5.44574142e-01  1.09689243e-01  3.87932241e-01
  4.54646975e-01  8.85230720e-01  1.49101213e-01 -9.20034945e-02
  3.86218905e-01  9.72686470e-01  6.58333838e-01  4.99584526e-01
  7.84792006e-01 -4.84414190e-01  4.25960511e-01  4.84428942e-01
  1.06477767e-01 -3.95479560e-01  2.42816821e-01 -6.54241621e-01
 -1.51081979e-01  1.31485626e-01 -3.71761829e-01 -3.18577409e-01
  2.69378930e-01 -3.41590554e-01  5.52491546e-01  3.14870514e-02
 -2.09436014e-01  1.54398188e-01 -3.24402809e-01 -4.81576592e-01
 -1.51966467e-01 -2.99409300e-01 -6.92118883e-01  2.44533688e-01
 -2.72238970e-01  9.51792821e-02 -3.40509117e-02  4.66062903e-01
 -3.07929330e-02 -1.61566287e-01 -8.00750613e-01 -5.87814510e-01
 -6.24364674e-01  3.35855573e-01  1.03580274e-01  5.16731858e-01
  6.17095828e-01  1.70042161e-02 -8.07152390e-02  1.23389729e-03
  2.58790284e-01  2.37485513e-01  4.09036547e-01 -3.44159454e-01
 -4.06849235e-01 -1.94180921e-01  2.16387123e-01  6.34656727e-01
  2.21931443e-01  2.32099295e-01  6.82182074e-01 -5.36699630e-02
 -5.57579622e-02  3.33146513e-01  1.47742391e-01  1.19394496e-01
  4.75608140e-01  5.95162697e-02 -1.83824226e-01 -4.93402213e-01
 -8.60750198e-01  5.87736815e-02 -1.93676218e-01  1.15055591e-02
 -3.75082672e-01  6.43787503e-01  5.97757936e-01 -4.25830856e-02
 -1.73084974e-01 -1.65008366e-01  1.53626978e-01  3.86587693e-03
 -5.98010004e-01  5.35377443e-01  1.01748638e-01  2.74135824e-02
 -7.06258342e-02  2.42647598e-03 -8.24796617e-01 -6.15157425e-01
  1.68529868e-01  2.02207282e-01  3.99445951e-01  2.38968626e-01
  1.54591620e-01 -6.13805890e-01  5.57384863e-02 -3.76970738e-01
 -3.04839551e-01 -7.29912221e-01 -3.74996334e-01 -3.69314760e-01
 -2.31376946e-01 -5.48492037e-02  2.48737127e-01 -2.83017129e-01
 -5.71586251e-01 -7.56170392e-01  1.53585887e-02 -1.77678585e-01
 -2.37398401e-01  1.69717237e-01 -5.37549257e-01 -9.90006328e-02
 -1.95724770e-01  3.69285077e-01 -5.26325941e-01  3.03290300e-02
 -4.08769727e-01  4.96332556e-01 -4.01029289e-01  2.51471967e-01
  2.64965147e-01  3.72402787e-01 -2.48919144e-01 -8.02912593e-01
 -9.11488235e-02  3.02096516e-01  1.46323100e-01 -3.20416480e-01
  1.37850538e-01 -3.39513034e-01 -2.29342058e-01 -8.27428699e-02
  4.04057294e-01 -2.76278704e-01  1.90900117e-01  5.71515188e-02
  7.91048706e-01 -3.18401992e-01  6.14631355e-01  4.84840095e-01
 -2.61606038e-01 -2.66214579e-01 -9.87711155e-06 -3.45525384e-01
  2.66577899e-01 -2.44530931e-01 -2.61648968e-02  7.65033245e-01
 -2.63371885e-01 -1.45808710e-02  7.10641816e-02  2.15044856e-01
 -1.74088526e+00  2.82590419e-01  1.80699706e-01  1.66763529e-01
 -5.11777639e-01  8.39743435e-01  4.12721097e-01  1.31881297e-01
 -1.02715686e-01  2.99286731e-02  5.98883390e-01  3.72548044e-01
 -7.59102553e-02  3.35805148e-01  6.93007335e-02 -1.52767941e-01
  1.76132135e-02 -3.09172779e-01 -8.56363550e-02  4.91534233e-01
 -2.47750767e-02 -3.22969884e-01  6.14094064e-02 -5.40919662e-01
  1.20541379e-01  2.12103814e-01 -4.61340174e-02  3.74266654e-02
 -1.42539963e-01 -6.83405221e-01  3.11843097e-01  7.85870135e-01
  3.29594076e-01  4.99253869e-01 -3.44457060e-01 -2.63788074e-01
  3.26521069e-01 -6.84621707e-02  4.15456295e-02  2.56737471e-01
 -1.51744351e-01 -1.33956969e-01  1.02802277e+00  5.75925291e-01
 -2.47844607e-01 -6.04220852e-02  2.14361604e-02  3.14754359e-02
 -2.56836385e-01 -2.48998165e-01  6.61537886e-01 -3.13007273e-02
  2.91762233e-01  3.39498967e-01  4.33820337e-01  6.20629638e-03
 -1.66797251e-01 -1.86020449e-01  4.02532697e-01 -8.26052308e-01
  4.70805764e-01 -1.74912900e-01 -8.55461136e-02  9.28791463e-02
 -4.37504262e-01 -1.46654174e-01  1.91152543e-01 -3.52618217e-01
 -2.48154104e-01 -5.70914686e-01 -1.77061602e-01 -2.28446215e-01
 -2.80090094e-01 -3.50355387e-01  2.20363483e-01 -1.20312892e-01
  1.21175185e-01 -5.08134425e-01 -5.03873155e-02  3.48210067e-01
 -1.36223733e-01 -5.64797744e-02  1.40334606e-01  2.92404503e-01
 -2.01735601e-01 -4.53456283e-01 -4.40192372e-01 -7.48599470e-01
 -6.47184849e-01 -1.86269224e-01 -1.71778843e-01 -1.72408059e-01
  8.26343447e-02  1.67420343e-01  7.03337640e-02  3.90617400e-02
 -1.28400810e-02  3.80258799e-01 -4.53642070e-01 -7.82600999e-01
 -2.81409621e-01  5.62509239e-01  5.05380452e-01 -7.11044967e-02
  4.47337687e-01  1.19841181e-01 -1.26887402e-02 -2.21837357e-01
  5.78853264e-02  3.58361870e-01 -8.81433547e-01  1.83538869e-01
  3.54167104e-01 -7.25191981e-02  5.35488687e-02  2.23745108e-01
 -1.66750327e-01  4.65683907e-01 -2.98986882e-01 -6.98552072e-01
 -5.02876461e-01  1.99477449e-01  2.91617960e-02  6.44784331e-01
  6.39089823e-01  1.02140081e+00 -5.33311903e-01  1.90039482e-02
  4.15926695e-01 -3.43969136e-01  4.85983580e-01  7.82874972e-02
 -5.28586745e-01 -1.93075001e-01  3.81051809e-01  6.70702159e-01
  3.19797754e-01  1.90368921e-01 -1.06464393e-01  8.75580162e-02
 -3.27784151e-01  6.50975034e-02  2.06476808e-01  3.19554448e-01
 -3.38597804e-01  3.72130275e-01 -4.09669489e-01  9.89624858e-02
 -4.35712308e-01 -3.57734323e-01  8.11883867e-01  2.13762656e-01
 -8.95203836e-03  1.70197353e-01 -5.67706406e-01 -4.17617172e-01
 -5.24898887e-01  7.38669280e-03 -2.90515453e-01  4.13917005e-01
  3.09732735e-01 -1.86425764e-02 -7.28797436e-01 -3.84173244e-02
 -4.35743034e-02  4.85654116e-01  7.11939514e-01 -5.33730626e-01
 -1.19508535e-01  4.53990757e-01 -2.37971544e-01 -6.39684498e-02
  5.98197222e-01  4.27609861e-01 -4.89585055e-03 -6.46053314e-01
  2.52503604e-01  3.10373515e-01  1.83103547e-01 -2.67240793e-01
  4.88578737e-01 -5.24961855e-04 -6.60420418e-01 -5.46648949e-02
 -3.45778525e-01 -3.20866317e-01 -1.63848534e-01 -5.00056922e-01
 -2.02728733e-01 -5.74969590e-01  1.26640990e-01  3.84569734e-01
  7.94918060e-01 -7.57155120e-01  2.22761512e-01  2.87487030e-01
  1.11168951e-01  4.77523386e-01 -6.45553768e-02  1.19073922e-02
 -2.42397070e-01 -1.24473646e-01  7.17616439e-01  5.69379926e-02
  2.11796865e-01 -3.09639663e-01 -4.82532889e-01  2.08854020e-01
 -3.55385810e-01 -1.04204905e+00  7.79356420e-01  1.26644270e-02
  4.13283795e-01 -7.08176076e-01  1.49345323e-01 -7.65169740e-01
  3.25407041e-03 -9.14791077e-02  9.78366658e-02 -1.11654550e-01
 -8.75704169e-01 -3.13991636e-01 -1.59094304e-01 -5.66377580e-01
  5.02381623e-01  4.60236013e-01 -9.82158959e-01 -1.58259675e-01
 -7.09792553e-03 -2.53142744e-01 -3.60427290e-01 -9.41133052e-02
 -7.88796425e-01  2.21928880e-01  3.75554144e-01  5.31251192e-01
  1.59806967e-01  2.59240985e-01 -3.50378543e-01 -4.55179930e-01
  9.46708381e-01  2.26078078e-01  3.70821685e-01  2.14122698e-01
 -2.14330301e-01  3.57138246e-01 -4.92413610e-01  4.19325262e-01
 -2.25655571e-01  6.13506436e-01 -1.03066795e-01  5.48817873e-01
  1.62576661e-01 -4.67727184e-01  4.33758684e-02  9.87399459e-01
  4.14647222e-01  6.22174799e-01 -3.47541161e-02 -4.45516318e-01
 -9.75279927e-01  6.19540274e-01 -7.52112418e-02  7.07108974e-02
 -2.23059371e-01 -1.69125527e-01 -8.87128338e-02 -7.56355643e-01
 -2.03510106e-01  5.69104254e-01  1.23496614e-01  5.35952330e-01
  9.08351988e-02  2.64063943e-03  8.01284075e-01  3.36239070e-01
 -5.43836057e-01  6.21774942e-02  2.11588725e-01 -1.34831443e-01
  3.84201884e-01  5.09960711e-01  2.37459362e-01 -6.87472671e-02
 -1.14118588e+00 -1.12966016e-01 -3.90985548e-01  4.26523566e-01
  3.41002733e-01 -3.35113883e-01 -3.04574966e-01 -2.02447176e-01
  6.51141346e-01  1.18816122e-02 -1.18034661e-01 -3.92895758e-01
  8.02096874e-02  1.81320850e-02 -3.09682339e-01 -4.04152870e-02
  3.72565597e-01  4.21107590e-01 -3.59532654e-01 -1.72240123e-01
 -1.53076619e-01  2.77862638e-01 -3.64395380e-01 -4.84514445e-01
  2.74763316e-01  6.99016154e-02 -2.01612666e-01 -2.32675895e-02
  1.87882110e-01 -4.56029713e-01 -1.54521242e-01 -6.84470087e-02
 -5.71183205e-01 -7.74160549e-02  2.26110682e-01  2.77084291e-01
  1.02772802e-01  1.36934027e-01  5.50413504e-02 -3.40131134e-01
  3.45117688e-01  1.43045232e-01 -9.15470600e-01 -1.72058985e-01
 -2.54767001e-05  2.42415026e-01  4.37476575e-01  2.34339967e-01
 -2.35866278e-01  1.98669240e-01 -5.19523144e-01 -3.09079867e-02
  2.12848380e-01 -5.26628911e-01  2.32067794e-01 -4.97545041e-02
 -4.03855115e-01 -1.26020944e+00  3.59481364e-01  4.09864224e-02
 -1.61884546e-01 -1.44862935e-01  2.41664592e-02 -3.81735750e-02
  2.51696318e-01  1.24813408e-01 -2.56904602e-01  2.69139051e-01
 -1.01839027e+01 -2.56715000e-01 -7.18460202e-01 -6.79630518e-01
 -3.51159900e-01  3.78977835e-01  6.48255169e-01  4.52355385e-01
 -2.73004800e-01  4.89516914e-01 -1.09148540e-01  3.03975284e-01
  1.72423244e-01  5.18298745e-01  1.84263717e-02 -7.57041294e-03
  2.14918777e-01 -9.09195468e-02 -2.01914892e-01 -3.10897201e-01
 -5.79622425e-02 -1.13314852e-01  6.72418773e-01  6.76067993e-02
 -3.90843190e-02 -6.40587747e-01 -3.95063907e-01  3.10825318e-01
  5.64018674e-02  5.07270932e-01 -5.50993800e-01  1.00702178e+00
 -4.92061526e-01  4.78999227e-01 -2.84120262e-01 -5.64695120e-01
 -1.35040656e-01  1.90320268e-01  2.12933123e-01  6.92360878e-01
 -4.86094952e-02  6.78657949e-01  1.88240364e-01  2.13950887e-01
  3.85446399e-01  1.51423872e-01  2.53877461e-01  8.11235547e-01
  2.59626895e-01  3.86650443e-01 -2.08261326e-01 -3.06865305e-01
  2.08678946e-01  1.30409017e-01  9.34861898e-02 -1.98082924e-01
 -1.50705472e-01 -8.94274652e-01 -3.28174800e-01 -2.26006404e-01
  5.08023143e-01 -1.44763812e-01  7.43415415e-01  6.46694541e-01
 -4.47029501e-01 -2.55549818e-01  3.53536785e-01  3.17102760e-01
 -6.13859534e-01 -1.94112897e-01  5.54634154e-01 -4.73646849e-01
 -5.34936599e-02  1.91792250e-01 -6.95120811e-01  5.46485841e-01
  2.73507684e-01 -2.49431476e-01  7.68069088e-01  3.17653507e-01
  6.65317059e-01  1.69256791e-01 -4.70712006e-01  2.70485371e-01
 -9.56245601e-01  7.43104517e-01  5.06362431e-02  2.95341223e-01
 -2.51233578e-01 -3.25440615e-01  6.69067085e-01  2.44053409e-01
 -1.78112477e-01  1.24390073e-01  2.58728713e-01 -5.26339889e-01
  2.78722107e-01  3.45656484e-01  4.04441178e-01  2.08187848e-01]"
シ,"[ 1.63603336e-01  5.61111569e-01  9.63577688e-01 -2.53137738e-01
  2.56172061e-01  3.77693935e-03  6.68121040e-01 -2.36982659e-01
 -4.65715885e-01 -1.55674174e-01  4.12211478e-01 -2.10179478e-01
 -4.99211907e-01  2.61354506e-01  3.42842668e-01  2.63275474e-01
 -1.77709743e-01 -5.32054305e-01  6.49681985e-02 -6.26070611e-03
 -1.25149870e+00 -8.28390598e-01 -1.89384073e-01  6.71663284e-01
  2.07438827e-01 -9.78362501e-01  3.77800345e-01 -2.11091451e-02
  1.04807252e-02 -4.03985888e-01 -5.49396932e-01 -2.47840136e-02
 -1.91635624e-01  5.88911772e-01 -7.29784012e-01  2.90721714e-01
  2.35302493e-01 -5.32673478e-01  3.72516029e-02 -2.32694298e-01
  2.69700229e-01 -3.14180046e-01  1.98765814e-01  4.80454773e-01
  5.27459458e-02  3.14000607e-01  2.15839341e-01  8.33956525e-02
 -2.61348099e-01  2.62496650e-01 -6.32890701e-01  3.62549484e-01
  6.21737957e-01  2.13496968e-01  1.06652446e-01 -3.82269382e-01
  2.38241270e-01 -3.02271515e-01  3.15013081e-01  5.37103832e-01
 -4.60227698e-01 -5.21640889e-02  2.73281813e-01  2.33560175e-01
  4.40126993e-02  4.59627628e-01 -3.10776800e-01 -2.55873173e-01
  1.84489161e-01 -9.53016818e-01 -1.16699925e-02 -2.67543606e-02
  7.59125724e-02 -8.65208328e-01  6.29284382e-01 -1.13531232e-01
  1.74959049e-01  2.80857474e-01  7.98219964e-02  7.07317367e-02
 -8.50631669e-02  2.57181942e-01  5.51892519e-02 -4.44931746e-01
 -8.18901122e-01  9.33475047e-02 -6.96617007e-01 -6.23130858e-01
  3.71504366e-01  4.11418043e-02 -1.95469856e-01 -4.27931309e-01
 -4.14786547e-01  3.39911133e-01  4.86581028e-01  6.07203186e-01
  1.65332884e-01 -3.06674480e-01 -1.96098447e-01  2.70745069e-01
  3.15446079e-01 -1.98801577e-01  4.08902198e-01 -1.61339059e-01
  1.77288413e-01  1.85977116e-01 -3.70616257e-01  1.48716778e-01
  4.08792943e-01  2.12757394e-01 -5.67500591e-01 -1.41534701e-01
 -8.02746654e-01 -3.71534050e-01  1.98545009e-01  3.18036497e-01
 -5.26221037e-01  1.49696767e-01 -2.26424158e-01 -2.63807811e-02
  6.83838204e-02  5.67933559e-01  1.33882046e-01 -8.03805113e-01
  1.47024572e-01  5.01258194e-01  2.98709244e-01 -1.02923319e-01
 -4.27690059e-01 -2.98318058e-01 -5.08204043e-01 -3.89622480e-01
  1.46926427e-02  4.39901382e-01 -6.63587570e-01  5.56197882e-01
  2.44140953e-01  1.97624266e-01  3.07847504e-02 -3.10484916e-01
 -4.37712848e-01 -7.02986568e-02 -6.70259818e-02 -5.50451458e-01
  2.80624270e-01 -2.52366424e-01 -7.73504913e-01 -3.96372974e-01
 -3.38088036e-01 -2.59885877e-01  3.16100307e-02  1.26596892e+00
 -5.36586583e-01 -3.84549797e-01  3.12108517e-01  2.26555511e-01
 -7.50627458e-01  4.07783315e-02 -8.68369360e-03 -1.20559931e-02
  1.46507204e-01 -4.34125006e-01  3.76425385e-01  4.52755094e-01
  6.10721648e-01 -1.43308654e-01  1.21564254e-01 -2.17006564e-01
  8.92624035e-02  3.41462523e-01  8.29442620e-01 -4.34506573e-02
  6.89471722e-01  1.75456047e-01 -8.19169134e-02  3.93725932e-01
  8.95509422e-01 -3.23472381e-01 -2.85314228e-02 -3.22180778e-01
 -2.76332945e-01 -3.61938745e-01  2.55494118e-01 -4.93816763e-01
  6.15046442e-01 -7.14162290e-01  3.50738347e-01 -2.79103369e-01
 -3.05350870e-01 -1.47183865e-01  9.65518579e-02 -3.45172763e-01
  8.85943592e-01 -3.47847521e-01 -5.72144806e-01 -3.34402382e-01
  2.66456336e-01  1.63429365e-01 -5.65876484e-01  2.49374613e-01
  2.16334730e-01  1.26294568e-01 -6.11438192e-02 -6.54739439e-01
 -5.59577346e-01  4.15687710e-01  2.59343386e-01  3.45921442e-02
  1.85577556e-01  8.12051535e-01 -3.64490032e-01  2.77725369e-01
  5.67121744e-01  1.16499767e-01  1.13798089e-01  2.31491864e-01
 -1.07704923e-01 -4.00251538e-01 -8.44152346e-02 -1.93388820e-01
  6.97521329e-01 -3.22067261e-01 -5.72157919e-01  2.38063872e-01
  9.07755271e-02  4.22748774e-01  1.94230005e-01 -1.46908224e-01
 -1.11429714e-01  1.28377765e-01 -9.45113897e-01 -3.79291624e-01
 -8.43826830e-01 -3.37311447e-01 -4.89846915e-01 -6.03349268e-01
 -3.42031807e-01 -1.87918872e-01 -6.26741290e-01 -3.37494574e-02
 -1.44564360e-01 -4.07004058e-01  1.44591808e-01 -3.00484687e-01
 -1.69790462e-01  6.13060147e-02  3.16678523e-03 -3.22889864e-01
 -4.27733690e-01 -3.62180211e-02 -4.87673320e-02 -4.17041361e-01
  2.10702002e-01 -2.12283745e-01  1.03694344e+00  6.47431910e-01
  7.51720965e-01 -5.99120140e-01  4.85574543e-01 -4.26550001e-01
 -3.09426934e-01 -3.62140328e-01  3.36613059e-01  3.46474886e-01
  1.14484623e-01 -7.78585598e-02 -3.50176185e-01 -6.98029697e-01
 -8.47503781e-01 -5.56796730e-01  5.96597314e-01 -1.50695592e-01
  5.54423034e-02 -4.01285052e-01  1.51616141e-01  3.36203933e-01
 -6.12843335e-01  8.59668911e-01 -4.06478405e-01  4.37324733e-01
 -8.02108526e-01  9.65873659e-01 -5.92792965e-02 -8.89306068e-02
 -1.72614858e-01  4.76021051e-01 -8.32711518e-01 -5.10946847e-02
 -7.54189074e-01  9.48963881e-01  3.52217108e-01 -4.52993035e-01
  7.23286346e-02  2.32128352e-01  4.94474359e-02  4.08591211e-01
  4.25799489e-01  2.89515376e-01  4.38592046e-01  1.57430798e-01
  2.88930625e-01  1.98024437e-01 -1.14860736e-01 -3.20596963e-01
  2.44942352e-01 -1.75852269e-01 -2.82983601e-01  5.00118911e-01
  2.65005648e-01 -1.70627415e-01  6.26630843e-01  4.88212436e-01
 -5.54039836e-01  4.73126680e-01  8.14007580e-01  3.70932430e-01
 -1.26522517e+00 -4.62719977e-01  3.85998785e-01  2.01425612e-01
  1.43208772e-01 -2.41515085e-01  4.11659509e-01  5.12628376e-01
 -3.45255584e-01 -3.80812168e-01  1.24181926e+00 -2.67702967e-01
 -3.13587397e-01  1.96126342e-01  3.14073890e-01 -2.26803899e-01
  1.97941273e-01 -6.14944696e-01  1.07354991e-01  6.05356038e-01
 -4.45777863e-01  9.98661444e-02 -7.48908669e-02  2.16349978e-02
 -3.33703101e-01  2.57237405e-01 -7.12485015e-01 -1.46129191e-01
 -8.59092250e-02 -1.52098253e-01 -2.60041326e-01  1.10747290e+00
  4.22103316e-01  8.08546960e-01 -1.01743996e+00 -5.56677103e-01
  9.52742025e-02  1.53047562e-01  2.62036294e-01 -6.84613287e-01
 -5.06963253e-01 -4.78540778e-01  1.73185542e-01 -4.43175822e-01
  2.96869427e-01 -2.47007281e-01  2.77859241e-01  1.82748139e-01
 -4.40009058e-01  3.02606106e-01  6.95116758e-01  1.92022532e-01
  3.09463501e-01  4.28770334e-01  2.22777292e-01  5.44481516e-01
  1.39733464e-01 -4.71071571e-01 -4.70793843e-02 -2.88962960e-01
  6.26677573e-01 -2.03951113e-02 -6.44016981e-01  4.26964521e-01
  3.35068583e-01 -7.75960758e-02 -2.38808498e-01 -6.17244720e-01
  2.93143153e-01 -4.81806278e-01 -1.96176425e-01 -3.97129536e-01
 -7.80908018e-02 -2.53324300e-01  1.00818324e+00  5.93216956e-01
  2.25838467e-01 -7.43759215e-01 -7.36458480e-01  1.43390253e-01
  2.10463963e-02  4.73305613e-01 -6.31350577e-02  2.00848415e-01
 -5.80213703e-02 -3.85002673e-01 -2.80049592e-01 -2.87430823e-01
 -4.90521938e-01 -1.70227587e-01 -3.80782664e-01 -1.47157148e-01
  8.08348581e-02  1.01589811e+00 -8.18671212e-02 -4.37057298e-03
  2.62422889e-01  9.21149552e-01 -3.35390031e-01 -1.73789158e-01
 -7.30690241e-01  3.33568841e-01  4.80212867e-01  2.59432256e-01
  4.18212950e-01  1.95657551e-01  6.45623922e-01 -2.13693246e-01
  1.78742424e-01  5.62320828e-01 -9.52494293e-02 -4.65902001e-01
  5.89449584e-01 -3.53551835e-01  5.18576503e-01  5.02124608e-01
 -2.37696528e-01  5.33088624e-01 -5.82868397e-01 -3.41817796e-01
  1.96036562e-01  4.39268559e-01  1.02159917e-01  7.31368437e-02
  5.08945584e-01  7.32358634e-01  6.20243400e-02  5.34525454e-01
 -1.53113946e-01  2.23901365e-02 -4.30824012e-02 -3.57109845e-01
  3.91505152e-01 -1.26716554e-01  4.57513362e-01  7.47415841e-01
  7.45801553e-02  3.34050059e-02  4.64789659e-01  3.22117567e-01
 -1.32783830e-01  4.43664342e-01 -2.16353476e-01 -8.20769295e-02
 -4.78877872e-01  5.29356718e-01 -4.33604360e-01  6.95783198e-02
 -2.83975571e-01 -6.94778040e-02  3.94160777e-01 -4.52841341e-01
  3.87324691e-01 -5.11859715e-01 -9.78059590e-01 -8.96248102e-01
 -1.04058635e+00 -3.77825201e-02 -6.19799137e-01  1.91784561e-01
  4.33692962e-01  3.37722838e-01 -5.85271358e-01  5.86609483e-01
  5.23256540e-01  4.36906874e-01  2.11797580e-02 -3.00570160e-01
 -3.29498142e-01 -4.39510107e-01 -2.45361894e-01  1.29090101e-01
  1.25719383e-01 -1.49542749e-01 -4.85604465e-01 -3.82494986e-01
 -2.38695383e-01 -1.57915473e-01 -7.22726732e-02 -3.96916449e-01
  2.52207041e-01  3.05159539e-01 -8.78956556e-01  4.76449668e-01
 -2.94450581e-01  4.68497962e-01 -4.81890261e-01 -3.45439583e-01
 -2.33464584e-01 -6.99124783e-02  1.46506466e-02  5.08740425e-01
  5.97614706e-01 -3.36241394e-01  3.17217082e-01  1.04651940e+00
  3.05898547e-01 -6.56388164e-01  2.83049121e-02 -3.90717566e-01
 -8.86869013e-01  5.47399879e-01  1.71412870e-01  5.07201314e-01
  3.82300287e-01 -3.45996581e-02 -7.65721858e-01 -2.35219523e-01
 -1.58159360e-01 -6.66702092e-01  6.33459628e-01 -5.27844906e-01
  6.03116572e-01 -1.00139427e+00  4.27998066e-01 -4.41523343e-01
  6.44017681e-02 -3.05156887e-01  4.91352290e-01 -1.68144673e-01
 -5.52774727e-01 -1.37960762e-01 -4.20004010e-01 -4.03524876e-01
  7.79307544e-01  4.22886670e-01 -6.71458542e-01  7.57039905e-01
  8.81175041e-01  2.14556932e-01  1.86129939e-02 -1.68943759e-02
 -4.29343402e-01  5.67590781e-02  1.42172739e-01 -2.25387812e-02
  6.03763223e-01  5.61386764e-01 -3.29905719e-01 -3.26231331e-01
  8.16208720e-01  1.29227236e-01  4.44275558e-01 -4.90773432e-02
 -5.76477528e-01  1.52885646e-01 -1.82719082e-02 -2.00882480e-01
  3.78912129e-02  7.83524573e-01 -4.60827529e-01  5.39143980e-01
  5.29404819e-01  2.07973700e-02 -1.17460554e-02  1.48646772e+00
 -3.43136042e-01  7.31328011e-01  3.37306947e-01  3.41524363e-01
 -8.93943369e-01  3.84448409e-01  6.33160949e-01  2.41828486e-01
  9.61683840e-02  8.83182585e-02 -3.43893796e-01 -5.76559842e-01
  7.11446762e-01 -8.87278855e-01 -9.04211588e-03  2.59813726e-01
  5.65520227e-01 -1.51020244e-01  8.81471992e-01  5.15365481e-01
  7.14452118e-02  3.47704649e-01  2.73196846e-01  7.52917647e-01
  4.35855448e-01 -9.34442356e-02  7.08543539e-01 -5.22925794e-01
 -6.61077797e-01  5.14232039e-01 -4.63536829e-01 -2.70550586e-02
  9.68362018e-02 -5.85820258e-01 -4.64604139e-01  5.28101861e-01
  5.53121328e-01  3.62198144e-01 -2.89152026e-01 -3.39333653e-01
 -7.22410977e-02  8.00727010e-02 -2.96876937e-01  2.65658528e-01
 -1.76449239e-01  7.62426972e-01  3.61016214e-01  1.73849866e-01
  2.63490468e-01  3.82313341e-01 -9.09759626e-02 -7.05301836e-02
  4.68845516e-01  1.79444313e-01  2.47649342e-01 -3.59204039e-03
  4.73301470e-01  3.41785736e-02 -4.40897405e-01  7.78917253e-01
 -3.33704561e-01 -5.44424772e-01 -2.70071059e-01 -3.57808471e-02
  3.64897400e-01 -1.81391388e-01 -2.01868527e-02 -3.40008408e-01
  2.28847831e-01  1.52716920e-01 -7.29587078e-01  2.88266450e-01
  3.66138697e-01 -1.49304062e-01  1.14134274e-01 -1.71195582e-01
 -3.95289660e-01 -6.54736280e-01 -2.20074251e-01  4.37257811e-02
 -1.17882323e+00 -3.56144339e-01  6.80303812e-01  1.58449277e-01
 -3.37136328e-01 -1.18336618e+00  4.72523868e-01 -3.65001768e-01
  4.75816190e-01 -7.74253085e-02 -5.39039373e-02  1.83478847e-01
 -1.41189367e-01 -3.53323489e-01 -3.16048354e-01 -2.00425401e-01
 -9.85924721e+00  2.97644973e-01 -1.24877118e-01 -4.89321053e-01
  1.11029655e-01 -3.54481637e-01  4.84276652e-01  6.80180073e-01
 -3.70484024e-01  5.96631408e-01 -4.41550702e-01 -2.75892943e-01
  6.81962550e-01 -1.87635437e-01 -3.18950176e-01 -2.50903785e-01
 -5.99779427e-01 -4.29402709e-01 -2.56298244e-01  1.98815390e-01
 -2.07847580e-02 -1.33887872e-01  1.02630436e+00  6.93728983e-01
 -2.52547532e-01 -2.98883885e-01  2.51271397e-01  4.53359067e-01
  3.67264807e-01  6.86093122e-02 -5.70196271e-01  6.50061727e-01
 -3.53747904e-01  1.91726416e-01 -1.36249721e-01  1.31582379e-01
  3.13424826e-01  3.74453850e-02 -4.94371414e-01  2.52475470e-01
  5.20692050e-01 -1.47162408e-01 -5.39980233e-01 -6.79523051e-02
  5.88387609e-01 -5.37824452e-01 -9.84445810e-02  2.44418249e-01
  7.35999703e-01 -1.32617310e-01 -2.00176045e-01 -2.77599722e-01
  6.80311143e-01 -1.87823802e-01  1.43186361e-01 -6.00769650e-03
  6.81607246e-01 -3.22454154e-01 -2.20514849e-01 -5.97079456e-01
 -3.22564691e-01 -1.35977179e-01  2.45767385e-01  7.95433998e-01
 -1.36381760e-01  3.45778793e-01 -3.19691539e-01  6.21876642e-02
 -7.23689795e-01 -1.56849295e-01  3.80473137e-01  5.97694278e-01
  3.61764669e-01 -7.59989321e-02  2.41424039e-01  2.31006801e-01
 -6.27083957e-01  3.99850421e-02  3.88293356e-01 -8.10375810e-03
  1.01581670e-01 -6.11351907e-01 -2.39075180e-02  9.02662575e-01
 -7.92504013e-01 -4.10769917e-02  1.70538336e-01 -1.09856233e-01
  4.10794824e-01 -3.28421772e-01  1.15346745e-01 -2.10215241e-01
 -4.22236502e-01  5.11194885e-01  2.24089339e-01 -5.37134349e-01
  1.26098305e-01  1.60041273e-01 -1.52237881e-02 -6.84546590e-01]"
テ,"[ 4.86870736e-01  2.07949430e-01  4.88378942e-01 -5.50900400e-01
  4.62613016e-01  1.21281013e-01  9.12269577e-02 -1.81352094e-01
 -4.67244424e-02 -4.79556769e-01  6.88520491e-01 -3.09961975e-01
  1.51986768e-02  2.46261153e-02  3.35060775e-01 -3.56744081e-01
  2.61551470e-01 -2.24953681e-01  8.96363854e-02 -4.71723437e-01
 -6.56762004e-01 -1.28160119e-01 -2.01838806e-01  1.76269755e-01
  8.85178596e-02  9.92065296e-03 -4.73639637e-01 -7.35934898e-02
 -6.85933009e-02 -2.14320689e-01 -6.05719268e-01 -3.40691060e-01
  2.86326915e-01  3.11165720e-01 -1.16717897e-01  2.43090257e-01
  1.07781202e-01 -9.81216654e-02  2.63830036e-01 -3.86727154e-01
  4.54277284e-02 -2.16785278e-02 -2.64894754e-01 -9.70964804e-02
 -2.95700818e-01  8.40678036e-01  2.34042346e-01  3.42162877e-01
  7.34120190e-01 -2.02554300e-01 -4.24992204e-01  3.46906781e-01
  1.50066197e-01 -3.03254034e-02  4.06385630e-01 -1.77121446e-01
  2.07711309e-01 -5.44795811e-01 -2.61468500e-01  3.54316413e-01
 -5.53257108e-01 -2.44943485e-01  7.74652183e-01 -8.99620280e-02
 -5.16972952e-02 -3.42397004e-01  4.41427901e-02 -1.55674368e-01
  1.06326714e-02 -8.26144218e-01 -6.57163501e-01 -5.67122437e-02
 -1.26266837e-01 -2.64056355e-01  1.25148261e+00 -1.53898314e-01
  1.74061313e-01  3.96364719e-01  3.22451234e-01 -1.06579788e-01
  9.97388288e-02  4.76149380e-01  6.83448017e-02 -7.46302903e-01
  7.36038610e-02  3.16988170e-01 -1.34761408e-01 -5.59292078e-01
  3.80752802e-01 -4.06674296e-01 -5.34235477e-01  6.10495150e-01
  6.11758471e-01  2.62865484e-01 -7.87698925e-02 -2.75407988e-03
 -9.94143076e-04 -3.11702967e-01 -4.54210430e-01  1.81202944e-02
 -5.36308810e-02 -1.09382376e-01  2.00402483e-01  4.62064683e-01
  4.10733789e-01  3.81456390e-02 -3.80830348e-01  3.26550826e-02
  1.72061473e-01  9.05015171e-02 -2.24035576e-01 -4.51205432e-01
 -4.16073501e-01  6.14668310e-01 -2.29745373e-01 -1.02816954e-01
 -1.94919139e-01  4.40123342e-02 -1.91246539e-01  6.32244945e-01
  2.10728258e-01  2.03242943e-01  2.74745494e-01 -2.24829391e-01
  1.16396591e-01  6.39822662e-01  1.71352535e-01 -3.83561939e-01
 -3.66873950e-01  8.32146630e-02 -1.86117649e-01  2.87324101e-01
 -8.94091725e-02 -2.02821687e-01 -5.22468567e-01  1.04172766e+00
 -2.00885296e-01 -5.39882369e-02 -3.32165718e-01 -4.50954348e-01
 -3.60283226e-01 -3.57839204e-02  1.27192676e-01 -1.75926208e-01
  1.48783371e-01  9.32709724e-02 -4.87331361e-01 -4.07212526e-01
 -7.94686601e-02 -3.01456273e-01 -1.20119222e-01  1.04052746e+00
 -8.40103328e-01  3.93184461e-02 -7.02311769e-02 -2.06679720e-02
 -9.08705831e-01  9.24965441e-02  3.32125366e-01  2.91529745e-01
  2.18343481e-01 -8.14126730e-01  1.71400368e-01  6.00785971e-01
 -2.18205944e-01  4.35079336e-01  8.48536789e-02  4.53198999e-01
  8.25355202e-02  6.63613617e-01 -1.42151475e-01  4.04944927e-01
  1.52110934e-01 -2.73135006e-01  6.08589649e-01  3.03507745e-01
  2.09735185e-01  4.35281638e-03  1.93951547e-01 -5.53771794e-01
 -3.50065790e-02  4.81672958e-03 -3.19836855e-01 -5.14965653e-01
  3.39626193e-01 -1.16199993e-01  1.42873064e-01  1.77800119e-01
 -2.77932674e-01  1.01555578e-01  1.63913578e-01 -4.18343544e-01
  4.51898187e-01 -5.96767701e-02 -2.37347245e-01 -7.15114295e-01
 -3.10148358e-01  1.56580076e-01 -6.12684488e-01  6.99673772e-01
  1.96058393e-01  6.37141392e-02 -2.73703545e-01 -5.00507236e-01
 -6.06106818e-01 -3.09466451e-01  5.52216768e-01 -6.58937264e-03
  2.29679212e-01  6.12415910e-01 -2.39026293e-01  2.11809710e-01
  4.04511184e-01  2.10045204e-01  2.67534763e-01  2.24807352e-01
  1.85005029e-03 -6.33225963e-02  3.35519850e-01 -7.83334374e-01
  4.63567466e-01 -2.89046407e-01  4.36418623e-01 -1.11633971e-01
  2.69094169e-01  1.87084645e-01 -8.07175133e-03 -2.90080696e-01
 -4.40906994e-02  5.08892298e-01 -5.14312804e-01 -3.16938162e-01
 -9.38935220e-01  2.77556270e-01 -7.69779682e-01  1.34652495e-01
 -4.69939113e-02  5.00614524e-01 -4.95018214e-01  5.21567583e-01
  2.49780580e-01 -1.12179957e-01  2.99326152e-01 -2.91592300e-01
 -9.16415155e-02 -1.37067204e-02 -7.65860900e-02  2.93723177e-02
 -2.95034975e-01  3.77431750e-01 -5.78274190e-01 -4.87826914e-01
  5.25598466e-01 -3.89122099e-01  6.91588402e-01  5.45946360e-01
  3.34485769e-01 -1.86525121e-01  4.37023252e-01 -4.37263608e-01
  3.62589866e-01 -3.91840667e-01 -7.33695477e-02 -3.78590487e-02
 -1.14041343e-01  1.91516802e-01 -2.74605025e-02 -6.74628913e-01
  1.51389450e-01 -7.36378133e-01  5.48430502e-01 -4.28707927e-01
 -1.91778824e-01 -1.97284237e-01 -2.11388275e-01  1.66222468e-01
 -2.98336208e-01  2.06852183e-01 -3.02669615e-01  2.00272545e-01
 -7.44820952e-01  7.99385607e-02 -5.30686378e-01 -2.27033384e-02
 -9.28113163e-02 -2.77631968e-01 -2.21441209e-01  6.60026446e-02
 -2.13015556e-01  4.49215442e-01  1.79988772e-01 -8.85716453e-02
 -4.20023739e-01  9.34969634e-02 -3.71179253e-01 -1.36445314e-01
  3.39112669e-01  4.44526374e-01 -2.26043329e-01  2.08769977e-01
 -3.11610177e-02  4.58298057e-01 -1.26941964e-01 -3.19482386e-02
  1.57447129e-01 -3.84958744e-01 -2.98782378e-01 -3.76474053e-01
  3.07019681e-01 -3.28237385e-01 -1.24994501e-01  7.78701305e-01
 -3.54297012e-01  2.50440724e-02  2.07493708e-01  5.39454341e-01
 -1.31976819e+00  4.87489700e-02 -1.86781194e-02 -2.79504597e-01
 -3.83040011e-01  6.31351769e-01  2.10742410e-02  6.93660304e-02
 -3.49999696e-01 -4.29790437e-01  1.09922886e+00  2.38492936e-01
 -2.42161319e-01 -3.42310816e-01  4.46882904e-01  1.89153165e-01
 -8.47587734e-03 -6.15038514e-01 -1.38385683e-01  3.68392289e-01
 -1.46176308e-01  1.83205694e-01  2.64667034e-01 -2.88714021e-01
 -1.53668270e-01  5.39402068e-01 -1.37265503e-01  5.77667236e-01
 -1.40926734e-01 -1.16187096e-01  2.01383904e-02  9.95134354e-01
  1.16013944e+00  7.90808380e-01 -2.94401437e-01 -7.95457363e-02
  4.86185580e-01  5.65614939e-01  6.66599572e-01 -1.73053473e-01
  5.65650538e-02  2.95314733e-02  4.95661139e-01  4.77846712e-01
 -2.28027090e-01  1.68163374e-01  4.91558105e-01  8.23624015e-01
  3.24497104e-01  1.71048254e-01  2.50162840e-01  3.32636833e-01
  8.66409242e-02  3.80683810e-01  8.05906057e-01  2.98864335e-01
 -3.80589038e-01 -4.38035071e-01 -3.59504759e-01  4.74650366e-03
 -1.66853279e-01 -2.00264648e-01 -2.72379935e-01 -8.04928988e-02
 -4.30613309e-01  9.21047404e-02 -1.81933418e-02 -4.22375113e-01
 -2.11610466e-01 -6.73562229e-01 -4.09595877e-01 -1.94722429e-01
  7.96057954e-02 -1.05414677e+00  4.86203194e-01  3.77001077e-01
  4.29721326e-01 -4.69914138e-01 -5.45828342e-01  1.05630510e-01
 -3.78208369e-01 -7.83784613e-02  8.31684470e-03  3.07626545e-01
 -1.92371115e-01  3.85910720e-02 -3.07302535e-01 -1.76168993e-01
 -4.49075818e-01 -6.04020879e-02 -9.06434596e-01 -4.91103590e-01
  7.82221835e-03  3.15909535e-01 -1.26313761e-01  1.42937720e-01
  1.22101225e-01  5.54507017e-01 -3.26962858e-01  4.38868476e-04
 -6.39667928e-01  4.57862318e-01  7.32912838e-01 -1.58856437e-01
  4.05183554e-01  4.88288969e-01  1.83513328e-01  3.60627532e-01
  3.29953320e-02  3.53134662e-01 -6.65375531e-01 -1.12098195e-01
  7.20381379e-01 -2.60905772e-01  2.89892644e-01  1.10164108e-02
 -4.16402549e-01  2.02763319e-01 -4.26158547e-01 -2.66568601e-01
 -2.81747222e-01  1.15441702e-01 -1.80369794e-01 -2.21825372e-02
  3.61537337e-01  6.95248842e-01 -9.21077654e-02  5.07843256e-01
  9.01524723e-02 -1.61741644e-01  6.47813737e-01  3.50983620e-01
 -5.20194769e-01  1.64731964e-01 -5.46946861e-02  3.94543171e-01
  2.97110975e-01  2.71569580e-01  6.53318584e-01  4.22279656e-01
 -1.56808183e-01  2.98361033e-01  2.89915830e-01  4.20342356e-01
 -2.56765366e-01 -5.78115106e-01 -6.52232766e-02  1.14136701e-02
 -4.72823828e-01 -2.42414594e-01  3.61390471e-01 -2.24036016e-02
  3.36996347e-01 -7.07713841e-03 -8.40031743e-01 -6.16850972e-01
 -6.44645214e-01 -4.74027880e-02 -1.57048404e-01 -2.54752557e-03
  8.25879037e-01 -8.61581787e-02 -7.35335946e-01  6.56368077e-01
  1.82123289e-01  2.81977773e-01  4.43847656e-01 -1.38205960e-01
 -7.79041499e-02  3.11078459e-01  2.43604839e-01  7.47796297e-02
  4.72121507e-01  2.63671298e-02 -2.08745092e-01 -6.66381776e-01
  4.95785475e-01 -5.16476221e-02  1.76061168e-01 -2.93902874e-01
  5.30614972e-01  1.26364399e-02 -6.59676552e-01 -6.31372333e-01
 -1.75144114e-02 -1.02907471e-01  1.85661539e-02  2.08101850e-02
 -1.21669389e-01  7.61394501e-02  3.09686750e-01  3.45534831e-01
  7.77953148e-01 -3.51694882e-01  1.71501324e-01  6.85933232e-01
  6.57720029e-01 -2.24097624e-01 -7.60074034e-02 -4.05994505e-01
 -3.62349927e-01 -3.56441528e-01  2.69671082e-01 -1.86617881e-01
 -2.47191757e-01 -4.58816171e-01 -1.06687164e+00 -5.94184995e-01
  6.88545108e-02 -6.16423905e-01  3.20113122e-01  2.79986352e-01
  1.85047612e-01 -2.90233314e-01 -1.90551654e-01 -4.88676786e-01
  3.71414334e-01 -7.00740435e-04  2.67010272e-01  7.69363791e-02
 -4.73610014e-01  1.33438811e-01 -7.45075047e-01 -4.25966293e-01
  8.52061510e-01  7.53365099e-01 -6.25388563e-01 -1.40557274e-01
  4.06823218e-01 -4.35151756e-01 -5.25170803e-01 -3.28803658e-01
 -5.74375466e-02  3.08558363e-02 -5.77387623e-02 -2.68395454e-01
  2.90498078e-01  1.61290944e-01  2.09991693e-01 -4.57261577e-02
  4.51499283e-01  3.84204865e-01  5.71915090e-01  1.08089730e-01
 -1.36249527e-01  6.70223534e-02 -5.86427093e-01  4.91193891e-01
  2.61366427e-01  4.04793292e-01 -3.85958046e-01  2.09836721e-01
  8.78538132e-01 -5.35625100e-01  4.17565823e-01  5.21707237e-01
  4.87250298e-01  5.05094051e-01 -5.26231825e-01 -1.25313699e-02
 -8.84643614e-01  6.86695278e-02  4.64947000e-02  1.76208001e-02
  4.84792501e-01  6.37591779e-02 -3.19555372e-01 -5.45577586e-01
 -5.25549293e-01  3.50794435e-01  4.24982637e-01  4.17923957e-01
 -8.77870917e-02 -2.20574439e-02  5.46147406e-01  3.95370513e-01
  8.96842107e-02 -4.36755598e-01  1.70456529e-01  2.64189959e-01
  7.81404018e-01 -1.99582472e-01  5.43830276e-01 -7.51701176e-01
 -1.19076812e+00  2.65535891e-01  8.68844390e-02  2.74184700e-02
  3.62259537e-01 -4.81481344e-01  7.94841275e-02  1.42918900e-01
  3.31556380e-01  1.80438329e-02 -4.92835850e-01 -8.23775291e-01
 -7.86128268e-02  9.57009718e-02 -5.68129182e-01  3.64212617e-02
  1.51638845e-02  9.13373888e-01  4.65123206e-01 -1.34123981e-01
 -2.41982758e-01  1.04913783e+00  1.45522848e-01  1.20935209e-01
 -1.44281223e-01 -4.21544015e-02  1.29934892e-01  2.26772994e-01
  1.31560490e-01 -4.52049792e-01 -3.33946019e-01  2.57350594e-01
 -5.29917538e-01  6.13833815e-02 -2.56033361e-01  1.77683309e-02
  1.50968522e-01 -1.13515425e-02 -2.67582446e-01 -3.72143298e-01
 -1.48681670e-01 -1.72459960e-01 -7.15766549e-01  2.66040862e-01
  1.26407612e-02 -2.04727594e-02 -3.71579856e-01 -1.51869971e-02
 -5.96589684e-01 -3.34111661e-01  7.51203392e-03  5.59155583e-01
 -7.13556886e-01 -6.28375888e-01  5.80643237e-01 -2.13782012e-01
 -2.62025416e-01 -7.18983829e-01  1.42495885e-01  8.16798732e-02
  5.32587826e-01 -2.10769907e-01  2.72367030e-01 -3.99312615e-01
 -1.50620993e-02  1.06755324e-01 -1.09015815e-01  5.56852460e-01
 -1.01873598e+01  1.71142861e-01 -4.46446866e-01 -1.13863909e+00
 -6.65484443e-02  1.58886164e-01  4.51073676e-01  3.38424951e-01
 -2.20477492e-01 -8.47415477e-02 -6.01294562e-02  4.05085295e-01
  3.03303510e-01  3.22946548e-01 -9.58641350e-01 -1.25276193e-01
 -3.60988945e-01 -2.08340108e-01  6.64683804e-02 -6.70790434e-01
 -2.60911703e-01 -4.50433105e-01  6.06779873e-01  6.37122393e-01
  3.50347795e-02 -3.59295547e-01 -4.89420116e-01  2.31084332e-01
  8.90985597e-03  2.50889063e-01 -6.30751550e-01  6.52456522e-01
  1.43231973e-01  4.51670110e-01  8.66411403e-02 -9.74258259e-02
 -2.71300703e-01  6.25793517e-01 -3.70002449e-01  3.42485100e-01
  2.64654845e-01  3.65608931e-01 -3.20258260e-01 -7.97861964e-02
  6.59766570e-02  7.07174838e-02  5.85534215e-01  2.20264763e-01
  6.85213625e-01  7.00863302e-02 -1.76350757e-01  2.85056561e-01
 -2.57746279e-01  5.63963056e-02 -2.89305858e-03  7.37100244e-02
  8.30139816e-01 -1.71529815e-01 -2.74008870e-01  1.09150246e-01
  4.21118468e-01 -5.83479963e-02  4.83291119e-01  7.38198519e-01
  2.02137336e-01  6.53232485e-02  4.99131083e-01  5.63167334e-01
 -6.76371276e-01 -1.97998613e-01  2.10409850e-01  2.61923164e-01
 -8.63594115e-02  3.74580890e-01 -3.16290021e-01  5.31469226e-01
  4.36622053e-02 -1.05829358e-01 -7.81411827e-02  2.98099250e-01
  8.34752738e-01 -4.99027908e-01  1.11067981e-01  3.54934752e-01
 -1.29341447e+00  3.75192873e-02 -7.84960836e-02  2.69360363e-01
  2.12021247e-01 -7.35856891e-01  4.59265083e-01 -5.31073213e-01
 -6.01497471e-01  3.06140661e-01  4.00391579e-01 -3.96174520e-01
 -1.14305161e-01  1.39166832e-01  3.90625387e-01 -2.02238992e-01]"
ク,"[ 2.60196477e-01  7.71667540e-01  1.15915453e+00 -2.49042720e-01
  6.24289572e-01  5.12441337e-01  2.77206957e-01  1.34479376e-02
 -6.32550001e-01 -3.89576465e-01  5.36901891e-01 -4.04379666e-01
 -3.96104485e-01 -9.10567492e-02  5.37040867e-02 -2.77782798e-01
 -3.01277161e-01 -4.78483737e-01  8.34780931e-02 -1.90985441e-01
 -8.34200382e-01 -4.67917681e-01 -5.02063334e-01  9.45692837e-01
  2.10563377e-01 -6.25866890e-01 -1.73195958e-01  2.51730055e-01
  5.08832633e-01 -4.24505442e-01 -1.45944238e-01 -4.04359847e-02
  1.67103887e-01  1.44281045e-01 -6.58120692e-01  2.51528233e-01
 -7.88288265e-02 -1.90069541e-01  4.83775437e-01  5.08098722e-01
  2.04168811e-01 -4.52791840e-01 -1.88183084e-01  2.09518597e-01
 -2.64447480e-01  6.20810509e-01  2.29791299e-01  1.75227195e-01
 -8.29321966e-02 -6.43036485e-01  1.22299418e-02  3.86009783e-01
  2.55788594e-01  3.05051744e-01  1.44909874e-01 -4.55426246e-01
  7.61219859e-01 -1.02945411e+00 -4.80309963e-01  7.94955969e-01
 -7.31621802e-01  5.13282716e-02 -2.11315244e-01  1.32065058e-01
 -6.68505192e-01  2.89209127e-01 -5.87130487e-02 -5.32485366e-01
 -7.73560256e-02 -4.11173642e-01  7.18304276e-01 -1.96817085e-01
 -9.62654725e-02 -5.99820912e-01  9.33791459e-01 -5.39041102e-01
  1.82269812e-01  3.39249074e-01  1.85224816e-01  4.01392989e-02
  2.88879070e-02  3.59316379e-01  4.71389621e-01 -3.88554811e-01
 -1.48425534e-01  1.46239236e-01 -8.08907568e-01 -9.69410181e-01
  6.65670335e-01 -1.96126923e-02  1.64390244e-02  4.29009683e-02
 -4.78490174e-01  8.78115371e-02  1.02738869e+00  1.29321292e-01
  3.39726508e-01 -3.99778217e-01  1.17319323e-01  4.92487997e-01
 -2.66723335e-01  1.41569048e-01 -3.21172267e-01 -3.36155087e-01
 -3.84912230e-02 -8.82785022e-02 -5.77941060e-01  1.52294010e-01
  2.69674301e-01  3.35416138e-01 -3.32557946e-01 -1.02678645e+00
 -5.03105819e-01 -2.53836393e-01  7.98321426e-01  6.43799454e-02
 -8.85188282e-01  3.56509835e-01 -8.11012924e-01  2.15516776e-01
 -1.01303294e-01  1.71427011e-01 -3.54856551e-01 -6.91939950e-01
 -1.87597312e-02  1.37199327e-01  3.80942136e-01 -4.75458890e-01
 -1.68571845e-01 -7.14127839e-01 -7.25221217e-01 -4.96220887e-01
 -6.80423439e-01  3.39686513e-01 -6.46927834e-01  9.90753114e-01
 -1.21850763e-02  1.51878700e-01  9.80211049e-02 -4.14505720e-01
 -8.67651820e-01  2.86146924e-02  4.15253222e-01 -6.41819835e-01
 -1.38866324e-02  2.56266773e-01  7.87621960e-02 -1.17486507e-01
  4.66612220e-01  1.27499774e-01 -9.28182714e-03  1.06915653e+00
 -7.10630357e-01  1.17086895e-01  5.02184629e-01  2.51902968e-01
 -4.76722002e-01  4.21703368e-01  3.18808138e-01  4.16269988e-01
  3.25423926e-01 -2.51908023e-02 -3.73780966e-01  6.91607773e-01
  3.37154418e-01  4.90053803e-01  5.34252763e-01 -2.97585707e-02
 -9.11524445e-02  3.34360361e-01  3.27062726e-01 -3.91871557e-02
  2.24272966e-01  2.60772314e-02 -2.71033406e-01  6.89779446e-02
  5.18383563e-01 -9.16298181e-02  5.55247515e-02 -1.15310907e+00
 -2.77596325e-01  1.01725347e-01  6.64962888e-01 -6.38902664e-01
  8.36057544e-01  8.76204371e-02  1.32206365e-01  3.17080975e-01
  3.77422303e-01 -1.90548643e-01 -3.84610891e-01 -4.60340023e-01
  6.85780585e-01 -5.97081840e-01 -4.96161640e-01 -1.13449566e-01
  5.19355297e-01  3.19341213e-01 -5.31963587e-01  4.34350431e-01
  4.53911424e-01  4.17395145e-01  1.00020379e-01 -7.70497501e-01
 -5.92647076e-01 -3.24892133e-01 -1.04639553e-01  3.54579598e-01
  4.35823560e-01  1.67298168e-01 -1.97595075e-01  1.50724456e-01
  2.21246392e-01  3.73520732e-01  1.18857217e+00  2.57620484e-01
 -1.09462726e+00 -3.11310410e-01  6.79983139e-01 -4.02263820e-01
  4.39367473e-01 -6.53211415e-01 -4.15239483e-01 -1.70145988e-01
 -5.68780862e-02  7.39843071e-01  4.84301865e-01 -7.10323036e-01
 -1.64201856e-01  4.48254466e-01 -7.39771307e-01 -7.21781135e-01
 -3.26136202e-01  4.18436497e-01 -3.65296811e-01 -1.91747487e-01
 -5.45055151e-01  5.88369071e-02 -1.16988504e+00  5.66035032e-01
 -6.71023667e-01 -4.89876390e-01  3.79558384e-01 -4.55694169e-01
  4.75119874e-02 -1.22610174e-01 -4.22688961e-01 -4.26232070e-01
 -5.74466348e-01 -4.52838689e-02 -1.62322640e-01 -3.00680399e-01
  1.42582208e-01 -4.81973827e-01  6.33945286e-01  8.74134958e-01
  4.00109023e-01 -6.72254413e-02  2.55788207e-01 -5.25393307e-01
 -1.78439245e-01 -7.80938387e-01 -2.09622815e-01 -1.42761976e-01
  1.98840335e-01  8.01732898e-01  1.15420438e-01 -1.52391896e-01
 -1.15732360e+00 -3.84558022e-01  5.94755054e-01 -1.39125869e-01
 -1.82271883e-01  2.09486306e-01 -2.73280323e-01  3.06655675e-01
 -3.46677810e-01  1.17022288e+00 -1.48817450e-01  5.59621215e-01
 -4.77354765e-01  8.75140429e-01 -1.02524400e+00 -2.38219202e-01
 -2.59711951e-01  5.17503500e-01 -3.03702414e-01 -5.81907749e-01
 -2.99463689e-01  6.06716096e-01  9.38427448e-01 -5.27760506e-01
  1.93660334e-01 -4.49289024e-01 -3.76345366e-02  2.78360784e-01
  5.02227485e-01  4.47737277e-02  4.64513227e-02  6.30439296e-02
  5.36792159e-01  3.56679291e-01  3.20338339e-01 -5.04708707e-01
  2.09250271e-01 -5.42144775e-01  3.40330973e-02  3.84686559e-01
 -2.01655403e-01 -3.67166102e-01  2.50027627e-01  6.09812081e-01
 -6.00838006e-01  3.78953218e-02  1.31855834e+00  1.70417026e-01
 -1.24256361e+00  1.16679840e-01  2.19755962e-01  6.59569144e-01
 -7.38492250e-01  2.44466171e-01  1.44839466e-01  6.15730703e-01
 -6.25522733e-01 -6.87185228e-01  1.28101611e+00  4.09541160e-01
  1.44494966e-01  1.71817765e-01  3.21048886e-01 -4.71158475e-01
  1.56625211e-01 -5.00887752e-01  3.02410334e-01  2.65326619e-01
 -8.69952261e-01 -6.63931593e-02 -8.14085379e-02 -9.16087747e-01
 -8.88345838e-01  4.66942877e-01 -2.87551850e-01  4.95985806e-01
 -7.72244811e-01 -1.44079551e-01  6.31329477e-01  1.44879150e+00
  7.45965004e-01  6.29451931e-01 -1.08065534e+00 -3.68878633e-01
  1.75455838e-01 -6.57195598e-02 -3.38567831e-02 -1.75555855e-01
  2.04769939e-01 -2.75788248e-01  6.18297011e-02 -1.67478338e-01
  3.57894868e-01  5.02398275e-02 -1.18345246e-01  2.16492161e-01
 -2.38235712e-01  2.44437262e-01  3.55245978e-01 -2.94780675e-02
  2.63764203e-01  5.59274077e-01  1.11651146e+00  1.10024966e-01
 -1.90357361e-02 -6.45922363e-01 -3.45478244e-02 -8.43630016e-01
  3.67620945e-01  6.51250482e-02 -3.25354546e-01  4.78100061e-01
  7.18282461e-02 -3.29701662e-01 -4.54442315e-02 -5.06226778e-01
  8.44847709e-02 -4.01085615e-01 -5.09675443e-01  3.12748045e-01
  2.10587740e-01 -4.52464521e-02  4.97682780e-01  4.91972715e-01
  4.29130912e-01 -5.23398757e-01 -9.43262815e-01  3.37992162e-01
 -2.42254227e-01  1.42103694e-02  1.51191473e-01  3.45418483e-01
 -5.32907963e-01 -1.07836612e-01 -5.05534708e-01 -4.69458580e-01
 -5.39652586e-01  2.90536303e-02 -6.77014768e-01  3.59861106e-02
  1.31933063e-01  7.23980308e-01 -6.60355330e-01  2.53243953e-01
 -1.37367636e-01  1.34533048e-01 -3.99792165e-01 -7.69085348e-01
 -2.51957566e-01  5.19851387e-01  2.31317863e-01  5.03291965e-01
  4.87517953e-01 -1.25676438e-01  5.17343819e-01 -1.47013992e-01
  4.80350733e-01  6.58685863e-01 -3.87927145e-01 -3.43823940e-01
  7.23245561e-01 -7.87359700e-02  4.00748879e-01  1.85286164e-01
  2.03268722e-01  6.85592830e-01 -3.86888564e-01 -7.17055082e-01
  7.49049410e-02 -2.59809315e-01 -4.25441772e-01  8.18724394e-01
  8.23091447e-01  4.54958767e-01 -3.32271695e-01  5.20878553e-01
  1.17112041e-01 -2.20070049e-01 -1.44655019e-01 -7.64782548e-01
  4.55233365e-01  1.71499237e-01  1.06702626e+00  8.11798751e-01
  2.60668337e-01 -1.06650785e-01  2.76012033e-01  2.93348551e-01
 -6.36377275e-01  3.15974593e-01  5.01814663e-01 -2.12537661e-01
 -4.41121399e-01  4.28492039e-01 -4.84221518e-01  1.77771356e-02
  4.30639803e-01  1.17921154e-03  5.70151746e-01  1.19020715e-01
  2.97816396e-01 -9.60047662e-01 -5.82479179e-01 -8.00320089e-01
 -7.15108752e-01  3.54776591e-01 -3.09542835e-01 -5.87472739e-03
  5.37807643e-01  1.71904802e-01 -6.09015703e-01  7.10887253e-01
  1.42351780e-02  2.61312068e-01  1.11308493e-01 -1.25418329e+00
 -6.23344928e-02  4.32842255e-01 -5.13861537e-01 -5.94785810e-01
 -1.97942659e-01  7.50741437e-02 -5.79480052e-01 -4.51544970e-01
  5.02276599e-01 -4.55630541e-01  1.86423019e-01 -3.65054220e-01
  4.55969542e-01 -1.44015074e-01 -8.31836879e-01 -1.59967721e-01
 -1.75264433e-01 -4.15147617e-02 -6.44078195e-01 -3.74031246e-01
 -1.74108475e-01 -1.47157490e-01  2.32844487e-01  5.37898242e-01
  5.30961573e-01 -2.83032179e-01  5.26342273e-01  1.69117317e-01
  6.70935035e-01 -5.53865135e-01  7.67803378e-03 -4.52748328e-01
 -3.90837908e-01 -1.00022458e-01  8.30071330e-01 -6.19895235e-02
  1.63474083e-01  1.63734183e-01 -1.01566780e+00 -6.25840664e-01
 -9.60905924e-02 -7.74562359e-01  5.63766956e-01  2.98217446e-01
  1.09654462e+00 -1.02314508e+00  2.11841241e-01 -3.16810966e-01
  3.21508616e-01  3.13719809e-01  2.70627022e-01  3.07801425e-01
 -1.26975477e+00 -3.48826021e-01 -1.98647827e-01 -9.02320564e-01
  1.37463939e+00 -1.14572458e-02 -6.70178413e-01  8.00737679e-01
  9.20693398e-01  4.08773750e-01 -3.79571021e-01 -2.17764173e-02
 -9.64465961e-02  8.28632116e-02  1.04742326e-01 -8.40235054e-02
  3.95069957e-01  3.74082595e-01 -1.13686979e-01  2.49935627e-01
  1.85602710e-01  9.28186417e-01  5.36824763e-01 -1.60520747e-01
 -1.50707915e-01 -3.41460466e-01 -4.61574882e-01  1.23866030e-03
 -7.76219368e-02  3.67366791e-01 -1.01367176e+00  1.13972795e+00
  5.71146488e-01 -2.25763306e-01  6.36152327e-01  8.22552145e-01
  1.15193307e-01  8.86490822e-01  6.29400238e-02 -4.61571455e-01
 -4.16148603e-01  3.11542004e-01  3.70331734e-01  5.37033498e-01
 -3.26771885e-01  3.60597335e-02 -5.36019683e-01  1.43773690e-01
  7.08063781e-01 -2.59699434e-01 -5.79656251e-02  4.79259342e-02
  4.65667576e-01 -3.29204112e-01  6.09754086e-01  1.79529428e-01
 -3.87241751e-01  1.67559227e-03  3.52180332e-01  9.32618499e-01
  1.38038504e+00  1.61499083e-01  5.33876479e-01 -1.91541761e-01
 -4.73391414e-01  7.01276958e-02  3.29782329e-02  1.64330885e-01
  8.21374059e-01 -1.89902112e-02 -6.16416156e-01  7.61721373e-01
  1.76582426e-01  1.81489289e-01 -3.07503104e-01 -7.29253232e-01
 -1.65629014e-01 -1.36620641e-01 -6.08190000e-01  2.07964644e-01
  5.84343374e-01  4.70226049e-01 -1.50611907e-01 -6.72256291e-01
 -2.11675853e-01  5.79976618e-01 -2.92512588e-02  1.26929972e-02
  2.70023257e-01 -4.33915347e-01 -5.12646418e-03  9.01865363e-02
  3.13582599e-01 -3.70747238e-01  5.41979559e-02  1.98627293e-01
 -6.52126193e-01  1.68179527e-01 -1.14617638e-01  7.38644719e-01
  2.63390869e-01 -4.81293015e-02  2.82820523e-01 -8.68178606e-01
 -4.64074522e-01  4.13243659e-02 -5.05540252e-01  1.55961841e-01
 -2.02982709e-01 -6.60738170e-01 -5.91162503e-01 -3.49203020e-01
 -8.14115644e-01 -3.05605114e-01 -1.34271696e-01  4.94431645e-01
 -8.59795272e-01 -1.58057362e-01  1.36916444e-01 -2.23080181e-02
 -4.80614156e-01 -1.49327302e+00  1.74037933e-01  2.44806185e-01
  4.47381139e-02  6.10779345e-01 -1.47978896e-02  1.62881717e-01
 -1.63374379e-01  2.24744484e-01 -3.93657357e-01 -5.35556972e-01
 -9.42827606e+00  1.91608816e-02 -4.04879361e-01 -6.88787878e-01
 -2.45647371e-01 -1.07350171e+00  1.00933969e+00  1.07252038e+00
 -4.29164678e-01  3.82226914e-01 -3.42212766e-02  6.32764585e-03
  7.39865422e-01  3.31105530e-01 -6.66051954e-02 -1.16073944e-01
 -2.62341887e-01  4.28433120e-02 -4.00852531e-01  1.41275957e-01
 -9.65386927e-01 -2.79744625e-01  3.08860540e-01 -1.53477848e-01
  2.84446985e-01 -4.53707576e-01  3.94372523e-01  1.08914584e-01
 -9.97073874e-02  2.90245742e-01 -6.19374752e-01  3.79822284e-01
 -1.24716699e-01 -3.62564065e-02 -6.95575774e-01  6.29854262e-01
  6.80021524e-01 -6.90756813e-02 -2.16799468e-01  5.42277098e-01
  3.44773203e-01  6.13334835e-01  4.27318476e-02 -9.81976166e-02
  8.67847726e-02 -3.29649568e-01  4.41367328e-01  4.50058460e-01
  6.73288584e-01  3.53333429e-02  1.05393771e-02 -6.36611283e-01
  1.80604786e-01 -4.35551256e-01  2.91910708e-01 -3.82140160e-01
  4.18005466e-01 -4.95882511e-01  2.79781282e-01  1.08730979e-01
  4.24488872e-01  1.69686437e-01  8.88563931e-01  4.11826134e-01
 -3.50971788e-01  1.14503670e+00 -1.69630483e-01 -1.65991068e-01
 -3.80303487e-02 -1.43315792e-01  1.41743310e-02  1.36937514e-01
 -3.12920101e-02  3.23201805e-01 -2.91940302e-01  3.64618272e-01
 -2.24745665e-02  3.83081555e-01  2.65610367e-01  1.13500908e-01
  5.03313422e-01 -5.48441112e-01  1.84115872e-01  1.80992588e-01
 -6.59974873e-01  2.86986232e-01  5.20059884e-01 -4.62960571e-01
  2.47530192e-02 -1.95787966e-01  8.47390354e-01 -1.78217053e-01
 -2.31389135e-01 -8.63113534e-03  6.18851855e-02 -5.65403104e-01
  2.22127661e-01  6.00623310e-01 -1.65242597e-01 -5.08115888e-01]"
レ,"[ 2.11790562e-01  3.12147915e-01  1.56239405e-01 -4.62925494e-01
  3.90045017e-01  6.33704841e-01  1.08811867e+00 -5.64637408e-03
 -1.70766532e-01  2.53077507e-01  6.52835608e-01  5.36284596e-02
 -7.73065925e-01 -2.08476856e-01  4.08956826e-01 -1.93083435e-02
  1.95161268e-01 -4.57857430e-01 -2.57242247e-02 -4.03957129e-01
 -5.13635576e-01 -4.37197149e-01 -2.87885010e-01  3.59757394e-01
  1.92466006e-01 -4.33365285e-01 -1.64243922e-01  3.59828532e-01
 -2.01904532e-02 -3.53789479e-01 -3.70608479e-01 -6.53367996e-01
 -8.40082914e-02  4.72385108e-01 -1.64403200e-01  1.47810608e-01
 -4.61415619e-01 -6.33785501e-02  2.76199311e-01  1.68242469e-01
 -2.04160556e-01 -1.32096857e-01 -3.42380077e-01  1.46032572e-01
 -2.51288235e-01  4.13353950e-01  3.87004912e-01  3.07377338e-01
  2.51169115e-01  1.01749063e-01 -1.65935755e-01  5.35423934e-01
  6.02197349e-01  2.14505911e-01  6.72789931e-01 -3.70636135e-02
  5.68251252e-01 -4.53531414e-01  4.94370274e-02  5.92842340e-01
 -8.04089427e-01 -2.66785383e-01  8.47482085e-02  5.41311167e-02
 -1.31178811e-01  3.64593685e-01 -4.00320202e-01  2.56372929e-01
  4.19665754e-01 -7.32927322e-01 -1.02700032e-01 -2.46067911e-01
 -2.20003235e-03 -5.06109774e-01  6.37231410e-01 -4.90771949e-01
  4.08214003e-01 -7.41296187e-02 -1.14414558e-01  2.06918269e-01
  1.20670125e-02  2.96857655e-01 -3.16032529e-01 -1.09711146e+00
 -2.13455111e-01  2.33853862e-01 -1.17373765e+00 -1.17531931e+00
 -3.94072346e-02 -3.73141170e-01  1.85219899e-01 -1.90411940e-01
  4.35625821e-01 -3.77321728e-02  5.28561592e-01 -4.80665490e-02
  3.76573473e-01  1.47235572e-01 -1.90814406e-01 -5.46784066e-02
 -1.79864869e-01 -1.82770062e-02  4.56758618e-01  1.20619118e-01
 -6.94888085e-02  1.79526940e-01  1.03570692e-01  8.89171138e-02
  2.19496906e-01  5.48862159e-01 -4.58923429e-01 -4.54540968e-01
 -3.25635016e-01 -2.90356189e-01  1.37022883e-01 -2.43274197e-01
 -1.39434570e-02  6.21202469e-01 -2.83238292e-01  4.95013028e-01
 -3.10995672e-02  2.13604867e-01 -2.24200655e-02 -4.05663669e-01
  1.09675638e-01  1.83357760e-01  3.71012926e-01 -2.45225817e-01
 -4.35414821e-01 -6.80235922e-01 -7.03988492e-01  2.01055184e-01
 -4.14252132e-01 -1.98510036e-01 -5.41311920e-01  4.76782709e-01
  6.54575527e-02  1.35801822e-01 -2.06374973e-01 -3.62702549e-01
 -8.91103268e-01  5.50651133e-01  4.38832015e-01 -2.73552805e-01
  3.57039243e-01  1.53650001e-01 -1.08367205e-01 -3.01844239e-01
 -2.96181202e-01  3.65690410e-01 -4.61749397e-02  1.08299446e+00
 -8.86420965e-01 -2.87730750e-02  1.13404825e-01  1.90755382e-01
 -8.78477871e-01  8.68647620e-02  1.61097020e-01  2.16070712e-01
  1.83381528e-01  1.90998510e-01  4.24192905e-01  7.58680820e-01
  1.73998281e-01  4.19262707e-01  1.72381356e-01 -4.71206419e-02
  4.60250080e-01  9.33453441e-01  8.02692533e-01  5.90680301e-01
  6.39782727e-01 -2.72129148e-01  3.72003704e-01  4.91988689e-01
  1.08685577e+00 -2.08739191e-01 -4.18818779e-02 -6.68927848e-01
 -1.77817926e-01  5.38549572e-02  2.51314670e-01 -7.79233038e-01
  4.28760499e-01 -1.39289677e-01  4.77126479e-01 -9.00978316e-03
 -3.29728305e-01  2.22734496e-01  9.43627767e-03 -4.76323575e-01
  2.74438173e-01 -6.07636034e-01 -5.66053152e-01 -3.83359306e-02
 -2.29928046e-01  2.98950762e-01 -9.94605124e-01  3.43955100e-01
  2.81170547e-01  3.48459274e-01 -2.54391998e-01 -6.05091989e-01
 -7.90200830e-01 -6.91058576e-01 -3.28721493e-01  5.90669692e-01
  2.16125086e-01  4.58050460e-01 -2.02739686e-01  3.01326998e-02
  1.13393530e-01  5.62979728e-02  6.82333112e-01 -2.00289935e-01
 -2.36324996e-01 -3.91351014e-01  2.05564927e-02 -4.40373242e-01
  3.19210052e-01 -3.49599898e-01 -9.98927746e-03 -4.20623481e-01
  7.27967247e-02  4.09278065e-01  6.04039319e-02 -7.25088894e-01
 -4.53305095e-02  1.21204503e-01 -5.08763850e-01 -3.21923256e-01
 -8.82857144e-01 -4.66342270e-02 -6.77094221e-01 -2.27426693e-01
 -5.28761923e-01  2.71380156e-01 -1.00383714e-01  2.02354625e-01
  2.90312022e-01 -2.93077946e-01  3.58733088e-01 -4.66686547e-01
 -2.53672034e-01  7.41484538e-02 -1.06865931e-02 -1.50152221e-01
  8.24689120e-02  1.69533268e-02 -6.54282510e-01 -5.56208372e-01
  2.80531526e-01 -5.24953485e-01  6.29130185e-01  9.26729441e-01
  2.12974876e-01 -3.86684299e-01 -1.40479237e-01 -2.88277268e-01
 -7.53846824e-01 -6.01349950e-01  1.03062717e-02  3.49313468e-01
  1.73552707e-01 -3.60199332e-01 -1.70882866e-02 -3.89978021e-01
 -8.49648237e-01 -6.78683221e-01  1.21645011e-01 -5.44718921e-01
 -3.87903333e-01 -3.88252020e-01 -6.39475882e-02 -3.94706249e-01
 -5.11833131e-01  7.81625688e-01 -2.74681926e-01  8.12987864e-01
 -2.57096708e-01  5.21027982e-01 -5.01482964e-01 -3.58229369e-01
 -1.58339262e-01  2.93700576e-01 -5.81605315e-01 -6.31688178e-01
 -5.70438147e-01  8.12469661e-01  2.56196409e-01 -4.40510631e-01
  1.52350411e-01 -1.69668958e-01 -1.51950847e-02  6.57054722e-01
  4.60845739e-01 -1.51015133e-01  1.98665634e-01 -5.71198501e-02
  8.23478937e-01  2.07625404e-01  2.60527611e-01  1.41267627e-01
 -2.33722225e-01 -1.79886833e-01 -4.09681976e-01  2.39389837e-01
  5.92723012e-01 -6.54698193e-01  2.64564067e-01  6.65835500e-01
 -7.61334956e-01  2.99999505e-01  6.03593469e-01  4.40113693e-01
 -1.74230647e+00 -2.08247915e-01  4.11691397e-01 -2.18686476e-01
 -4.67979968e-01  4.47311580e-01  4.50253218e-01  7.44841516e-01
 -5.64385235e-01 -5.38400114e-01  1.08515155e+00  2.08265528e-01
 -3.98362309e-01 -2.84172446e-01 -2.71444231e-01  1.41183719e-01
  4.09434795e-01 -4.37738210e-01  1.24744058e-01  5.90748489e-01
 -6.01208389e-01 -2.03941509e-01 -2.87634075e-01 -4.80963409e-01
 -2.62211673e-02  7.63347030e-01 -7.54665509e-02  5.89029372e-01
 -2.06197560e-01 -1.38684109e-01  2.51260161e-01  1.26485646e+00
  5.82103789e-01  9.37070131e-01 -4.06178564e-01 -6.91404760e-01
  4.05639559e-01  2.79361814e-01  1.42325491e-01 -6.55316055e-01
 -3.59991714e-02 -2.83814464e-02  2.44900599e-01  1.19050898e-01
 -3.28858078e-01  2.84518689e-01  5.11830151e-01  2.19289780e-01
 -2.33976275e-01  2.86750615e-01  1.06900609e+00 -1.21941626e-01
  2.69066602e-01  3.37108433e-01  4.46323216e-01  4.31613386e-01
 -5.12827151e-02 -4.48308259e-01  2.96298474e-01 -5.64652562e-01
  4.48917717e-01 -1.90751746e-01 -2.69841373e-01 -4.24539857e-02
 -1.35695472e-01 -4.08144474e-01 -6.40518814e-02 -5.69630146e-01
  3.33210021e-01 -5.20815074e-01 -6.19455874e-01 -3.63946736e-01
  2.95442313e-01  2.60435045e-03  6.86691821e-01  1.07836270e+00
  3.76238257e-01 -8.40712011e-01 -5.07274330e-01  2.69872755e-01
 -7.40011930e-01  3.48720223e-01  2.92439133e-01  5.26220083e-01
 -1.46135643e-01 -3.23804498e-01 -6.99282467e-01 -4.24319774e-01
 -1.00188851e+00 -6.89015761e-02 -4.80664849e-01 -1.32868499e-01
 -1.87674150e-01  7.84283876e-01  3.77273299e-02  1.31311953e-01
  3.74370724e-01  2.35737562e-01 -6.33470654e-01 -6.37345314e-01
 -5.29601276e-01  2.66539037e-01  4.46591377e-01  4.13009435e-01
  9.35427696e-02  5.24656892e-01  3.60433251e-01 -4.25687172e-02
 -1.10221570e-02 -5.92614971e-02 -5.06973788e-02 -4.68889147e-01
  3.95512402e-01 -3.82778645e-01 -1.10836163e-01  4.71593887e-01
 -1.80875406e-01  1.09324825e+00 -7.88529310e-03 -2.66083121e-01
  2.14231595e-01  3.94428186e-02 -3.39678556e-01  9.83330548e-01
  1.91027910e-01  6.93450511e-01 -1.56026751e-01  4.66009766e-01
 -1.68740615e-01 -1.36379644e-01  2.89318502e-01 -5.63642085e-01
 -1.79401845e-01 -2.32059769e-02  1.53800517e-01  1.24000978e+00
  2.16638684e-01  4.75354567e-02 -2.21421555e-01  1.91967785e-01
 -8.71589184e-02  5.17838478e-01  1.64071806e-02  8.22151229e-02
 -3.61091226e-01  3.84118736e-01 -3.54102761e-01  3.14372778e-02
  4.43949178e-02  1.30570307e-01  2.44209960e-01  1.80386201e-01
  5.13420045e-01 -7.06629395e-01 -6.80223227e-01 -3.78711283e-01
 -1.31094873e+00 -9.61420834e-02 -8.00831974e-01  4.02071595e-01
  3.25710654e-01 -1.60698395e-03 -6.92893386e-01  7.90025234e-01
  2.71647990e-01  2.06939697e-01 -3.80356349e-02 -4.02706206e-01
 -5.26985705e-01  1.13552645e-01 -2.24539846e-01 -2.60666847e-01
  2.76364952e-01 -2.63771206e-01 -8.33178759e-01 -7.69113898e-01
 -1.42383292e-01 -4.96436387e-01  2.64447421e-01 -4.33224589e-01
  3.28410834e-01  5.42612433e-01 -9.38507378e-01  7.11900219e-02
 -3.31252277e-01  1.20897647e-02 -4.63244654e-02 -5.59325635e-01
  1.61403492e-01 -2.11348832e-01 -1.16198711e-01  9.56927776e-01
  1.27268028e+00 -1.53821990e-01  2.98032211e-03  6.46416366e-01
  4.68276858e-01 -1.48246452e-01  1.67837664e-01 -5.86160384e-02
 -7.77111426e-02 -1.36144102e-01  4.18100566e-01  3.95189852e-01
  4.98411685e-01 -1.01971865e-01 -9.67411876e-01 -3.02570164e-01
 -2.82127056e-02 -7.61660874e-01  8.48079741e-01  1.49477154e-01
  5.74199378e-01 -5.65008640e-01  2.55076796e-01 -7.17981756e-01
  6.53414503e-02 -3.38440329e-01  7.42141068e-01 -1.51932612e-01
 -1.04733407e+00 -3.78960431e-01 -3.38416129e-01 -6.56064034e-01
  1.15195918e+00  2.97550470e-01 -5.31781554e-01  2.55158365e-01
  4.73155648e-01  5.87594211e-01 -1.61969066e-01 -2.60976464e-01
 -6.07911706e-01 -1.74270698e-03  5.69970489e-01  1.86057240e-01
  1.89609990e-01  2.32887164e-01 -2.60109603e-01 -3.14332336e-01
  9.24727798e-01 -1.06491365e-01  2.15405792e-01  1.57620443e-03
 -1.40528515e-01  2.64834464e-01 -3.59886736e-01  1.25120774e-01
 -1.51385283e-02  3.54250163e-01 -3.90069842e-01  8.11315775e-01
  6.53498530e-01 -2.98208266e-01  1.15145974e-01  1.21756446e+00
  2.15686724e-01  8.10126424e-01 -9.30581689e-02  1.70218095e-01
 -1.07148409e+00  3.22002560e-01 -2.50449870e-02 -3.08299571e-01
  3.45678963e-02  3.35915893e-01 -5.97240590e-02 -7.91508332e-02
  1.83592528e-01 -5.30821010e-02 -4.85626757e-02  8.92215788e-01
  6.28977939e-02 -5.88202000e-01  8.48995626e-01  2.75404096e-01
 -5.14001846e-01  1.32637694e-01  5.38741909e-02  7.39607275e-01
  7.34033346e-01 -8.87859836e-02  5.72359920e-01 -3.43440711e-01
 -9.11301970e-01  3.25283855e-01 -3.19748878e-01  2.64806688e-01
  6.55352116e-01 -8.62215042e-01 -2.80593604e-01  5.22382438e-01
  3.25566441e-01 -1.45460561e-01 -4.46990699e-01 -8.11535060e-01
  1.60925388e-01  1.23084284e-01 -4.95300621e-01  2.15020292e-02
  2.96721846e-01  9.40444529e-01  3.57534975e-01 -3.53697807e-01
  2.37445027e-01  5.37648380e-01  1.12892590e-01 -2.52233088e-01
  6.98895827e-02  5.08544855e-02  2.92694837e-01 -1.91583142e-01
  1.01325643e+00 -1.81537628e-01 -3.18529636e-01  4.01400715e-01
 -4.61487442e-01 -3.35044116e-01  2.22076222e-01  3.51487756e-01
  4.88082767e-02 -2.46164948e-01  2.16562927e-01 -3.72650236e-01
 -1.61316410e-01 -2.57273652e-02 -8.78512681e-01  1.48966551e-01
 -1.10783957e-01 -7.34648556e-02  2.12040335e-01 -1.65950194e-01
 -5.67233562e-01 -3.63309979e-01 -1.48784265e-01  2.36909747e-01
 -1.06703007e+00 -3.29795510e-01  9.11358535e-01 -4.60878871e-02
 -4.54724908e-01 -1.18096209e+00  6.42949939e-01 -1.85985178e-01
  5.63629448e-01  3.84793319e-02  3.63342285e-01  2.95556746e-02
  2.43544385e-01 -1.63167957e-02 -4.47826445e-01  1.28145382e-01
 -9.77260590e+00  1.10378549e-01 -2.11438283e-01 -7.28446722e-01
  1.29618287e-01 -3.70057583e-01  7.00108409e-01  7.79978216e-01
 -5.73680699e-01  1.28816161e-02 -2.32107490e-01  1.51225463e-01
  4.53378767e-01  3.11708361e-01 -2.54814327e-01 -3.48427474e-01
 -3.22798729e-01 -2.58097917e-01 -7.22405827e-03 -1.06705673e-01
  8.84802192e-02 -6.27997220e-01  1.16019666e+00 -6.01275265e-02
 -2.13984042e-01  2.70081256e-02 -6.55421615e-01  2.71694750e-01
  2.10449353e-01  2.71274835e-01 -1.05003941e+00  6.97763801e-01
  1.51515856e-01 -1.20972410e-01 -7.65801743e-02  8.32716227e-02
 -1.00773744e-01 -1.84431449e-01 -9.22588110e-01  6.24495208e-01
 -8.83222818e-02  5.16309321e-01  3.37488532e-01  1.38079226e-02
  5.46293259e-01 -6.01533771e-01 -1.60022140e-01  1.80612728e-01
  7.66687691e-01 -3.52241285e-02 -2.13444576e-01 -2.16333881e-01
  1.73329502e-01 -1.14239946e-01  1.53278857e-01 -1.43183187e-01
  3.88860852e-01 -5.07604122e-01  4.85215038e-01  5.22066280e-02
  5.55349886e-01  1.53843284e-01  2.52172232e-01  4.67775911e-01
 -1.82433665e-01  6.69867516e-01 -6.03947453e-02 -1.95523575e-02
 -3.21256250e-01  1.43888779e-02  5.34737468e-01  4.91153777e-01
  3.02569658e-01  1.23411715e-01  2.06503168e-01  4.24642891e-01
 -1.62363812e-01  3.43252271e-01  1.86459780e-01  1.21148631e-01
  5.06132185e-01 -7.59795964e-01  1.33055225e-01  2.47879140e-02
 -1.00066650e+00  4.11822110e-01 -2.99781144e-01 -1.39427539e-02
  2.92196095e-01 -4.11412448e-01  4.69855070e-01 -5.69961779e-02
 -3.11755896e-01 -6.10242784e-02  3.81321520e-01 -7.60421902e-02
  2.16456562e-01  2.93256402e-01  1.02699339e-01 -3.38741601e-01]"
ル,"[ 3.26731980e-01  5.04282534e-01  3.89179349e-01 -6.44690990e-01
  2.49296710e-01  3.91729325e-01  4.88504976e-01  3.53201479e-02
 -2.95425534e-01 -2.60005653e-01  4.70541805e-01 -4.22743052e-01
 -4.30875629e-01  1.58937618e-01  3.83313179e-01 -1.55522630e-01
  6.77125931e-01 -7.02978345e-03 -3.24126095e-01 -3.54961693e-01
 -2.78582033e-02 -4.65597063e-01 -2.77583808e-01  5.84897041e-01
  1.18650407e-01 -6.84032440e-02 -2.16254413e-01  2.65272781e-02
 -2.16688067e-01 -4.53442544e-01 -5.38806081e-01 -4.36871827e-01
 -2.40657032e-01 -6.48179501e-02  2.76409239e-01  5.43523505e-02
 -4.16244775e-01 -1.36538610e-01 -1.51278049e-01 -1.80158168e-01
  6.98311999e-03 -1.98959589e-01 -3.20480049e-01  2.30019782e-02
 -4.74046826e-01  6.39370739e-01 -7.36668287e-03  4.13685113e-01
  4.35360938e-01 -4.21324015e-01 -3.09435934e-01  2.89673388e-01
  3.11005741e-01  3.82635742e-02  4.44521338e-01  2.00360104e-01
  6.65897667e-01 -4.73690152e-01 -2.46517584e-01  2.81183064e-01
 -5.47289431e-01 -2.53186245e-02  5.46053588e-01  3.49573404e-01
  4.61798608e-02 -2.74075150e-01 -2.95972794e-01  2.03966543e-01
 -4.29575682e-01 -1.77129269e-01 -2.26788148e-02  1.84225187e-01
 -1.28756925e-01  1.75223455e-01  1.07239306e+00 -7.10352510e-02
  3.61193985e-01 -1.05660848e-01  2.93012232e-01 -4.51143116e-01
 -1.16987072e-01  2.36134738e-01 -1.73182756e-01 -7.00093269e-01
  2.41694450e-01  4.53051686e-01 -1.84717372e-01 -9.32751536e-01
  1.68312564e-01 -2.97227770e-01  1.01908028e-01  1.78527460e-01
  3.18895251e-01 -1.51043445e-01  2.09509894e-01 -5.62417090e-01
  7.18266591e-02  1.15675360e-01 -1.97896408e-03  1.87925398e-01
  1.07605658e-01  3.65924351e-02  7.73095712e-02 -2.18037307e-01
 -3.06402057e-01 -4.19833474e-02 -5.43883815e-02  9.71352980e-02
 -1.50516331e-01  2.13559851e-01 -1.77606031e-01 -5.53326070e-01
 -3.11462015e-01  1.91556349e-01 -1.11410566e-01  3.97476219e-02
  1.84190124e-01  5.03532946e-01 -3.44909765e-02  6.82116389e-01
  1.47258312e-01  3.25034231e-01  9.81586426e-02 -3.29672366e-01
  7.27170557e-02 -6.20832108e-02  1.22826189e-01  1.79835707e-01
 -2.77418017e-01 -7.47166798e-02 -3.98416430e-01  2.52069324e-01
 -2.92137146e-01 -3.76550853e-01 -6.78034067e-01  6.24375165e-01
 -1.83859810e-01 -1.40309468e-01 -6.80529773e-01  7.87205936e-04
 -3.26239914e-01  4.35296535e-01  2.22362638e-01 -3.20366889e-01
  3.12910974e-01 -3.46749127e-02 -3.26274604e-01 -4.34896141e-01
  1.46123156e-01  3.25375021e-01 -1.08778857e-01  1.30504179e+00
 -8.49389851e-01 -3.52116898e-02 -6.78188950e-02  2.58787692e-01
 -2.11090147e-01 -1.31479591e-01  2.12694481e-01  4.04540539e-01
  4.58943844e-01 -4.96835500e-01  4.67124373e-01  7.62880802e-01
  1.03759758e-01  5.10176539e-01  4.03096735e-01  2.91370243e-01
  3.24705869e-01  1.11068213e+00  4.40338820e-01  3.14902782e-01
 -1.74683452e-01 -4.14885819e-01  2.98893899e-01  3.91862303e-01
  2.47819304e-01  7.48790354e-02  3.69910508e-01 -6.06402218e-01
 -1.21668041e-01  2.07931712e-01 -2.40776300e-01 -2.15098426e-01
 -1.99975483e-02 -2.36678198e-01 -2.01144293e-01 -4.58506823e-01
 -4.12447035e-01 -3.69753391e-02  1.03545308e-01 -2.10558653e-01
  2.10895911e-01 -5.58884382e-01 -1.53098851e-01 -9.27405804e-03
 -3.15667450e-01  1.64822564e-02 -4.31600749e-01  1.98772684e-01
 -1.61918640e-01 -6.56105531e-03  1.62639886e-01 -6.17322028e-01
 -7.65494883e-01 -1.58118457e-02  4.28459227e-01  5.02427697e-01
  3.07586730e-01  4.95009542e-01 -3.03695500e-01 -5.41406171e-03
  4.75791730e-02  1.15872234e-01  1.02787532e-01  3.56453329e-01
 -7.48949885e-01 -4.54489857e-01  6.12788349e-02 -3.92130822e-01
  7.04927385e-01  2.11727977e-01  4.78976309e-01  7.47089386e-02
 -3.11096638e-01  8.81793275e-02 -7.90814012e-02 -4.82506961e-01
  3.20451148e-02  1.15174808e-01 -2.79118031e-01 -1.34067371e-01
 -1.16651750e+00 -3.76560003e-01 -4.25942421e-01  1.87160313e-01
  1.21384233e-01  6.42677188e-01 -1.29195079e-01  5.15407741e-01
  2.10941702e-01 -3.01067352e-01  3.36712182e-01 -7.37029463e-02
 -2.21858900e-02  5.71483336e-02  1.76641405e-01 -3.18243876e-02
 -8.35957155e-02 -4.69673099e-03 -4.82933223e-01 -2.98676103e-01
  1.20417759e-01 -9.69076529e-02  4.43001330e-01  4.86051500e-01
 -4.61407052e-03 -1.71165824e-01  1.25350384e-02 -3.14975202e-01
 -4.68966335e-01 -5.81907511e-01  2.40920403e-04  1.06020242e-01
  6.16700090e-02  1.22737974e-01  2.09246859e-01 -7.46785343e-01
 -3.34490001e-01 -5.02078831e-01  2.29773536e-01 -1.82843193e-01
 -1.58152208e-01 -1.38256559e-02 -6.24823213e-01  3.94642390e-02
  3.44801806e-02  2.15177715e-01 -5.91843367e-01  3.02089006e-01
 -3.63323808e-01  1.19116858e-01 -4.95065391e-01  1.32317036e-01
 -6.89977929e-02 -3.02150905e-01 -4.40863311e-01 -1.59070492e-01
 -4.24963385e-01  2.70467341e-01  2.07506604e-02 -6.47590101e-01
  1.80557817e-01  3.03932071e-01 -2.25398645e-01  1.78431511e-01
 -5.68857836e-03  8.43304694e-02 -2.87452161e-01  1.65928215e-01
  2.62398094e-01  2.79276460e-01  2.43692741e-01 -1.09226018e-01
 -2.07837790e-01 -3.58530879e-01 -1.48477241e-01 -1.49576619e-01
  5.84490478e-01 -9.98776495e-01 -2.21470594e-01  1.24797356e+00
 -7.75828183e-01  6.65553957e-02  4.56156814e-03  8.13340425e-01
 -1.76107228e+00 -1.87327757e-01  2.81074680e-02 -9.07032415e-02
 -3.17724645e-01  1.00657308e+00  1.29056275e-01  1.61709815e-01
 -1.40919134e-01 -2.12608725e-01  5.71361005e-01  3.17417651e-01
 -4.54732984e-01 -3.35984677e-01 -2.14182632e-03 -8.30781087e-02
  3.13399404e-01 -8.41548622e-01  2.69359827e-01  4.74840879e-01
 -1.11340635e-01 -5.63197769e-02  1.99777588e-01 -3.22866291e-01
 -7.41044134e-02  1.75583228e-01  1.07726507e-01  2.82374442e-01
 -4.98763025e-01 -1.88886821e-01  4.28303659e-01  8.30787838e-01
  7.46820629e-01  7.61715949e-01 -2.23476112e-01  5.43698855e-02
  6.19472980e-01  3.15236866e-01  6.47981584e-01 -3.52014393e-01
  5.84369642e-04 -2.89363146e-01  5.85779607e-01  8.54745060e-02
 -1.18804038e-01  4.10134226e-01  5.22956550e-01  2.93756753e-01
 -1.00960694e-01  7.68756494e-02  9.07449305e-01  3.31106216e-01
  2.55146861e-01  2.69178182e-01  1.54338881e-01  2.70305485e-01
  1.07563093e-01 -3.36244673e-01  1.27017170e-01 -3.42480123e-01
 -2.44117584e-02 -1.97265327e-01 -2.00936809e-01 -2.87086606e-01
 -6.07854664e-01 -7.19562694e-02  8.95940661e-02 -7.98127890e-01
 -1.07164662e-02 -4.85267282e-01 -6.45511150e-01 -2.48662785e-01
 -1.73156336e-01 -7.42214918e-01  1.06880695e-01  7.67558157e-01
  3.43075633e-01 -4.88770276e-01 -2.02839851e-01  1.15026280e-01
 -2.65461206e-01 -7.78926164e-02 -1.30000859e-01  1.26661062e-01
 -2.74705529e-01  2.50622928e-01 -4.73668635e-01 -4.54752117e-01
 -6.35390699e-01 -2.73943633e-01 -7.01945782e-01 -4.65927497e-02
  1.59214623e-02  5.70800126e-01 -1.23602904e-01 -1.02641933e-01
 -1.21359482e-01 -3.89390618e-01 -2.69768000e-01 -3.76918197e-01
 -5.60970843e-01  7.75345340e-02  4.28967416e-01  5.75431287e-01
  4.96806800e-01  5.13799250e-01  1.43753052e-01  2.25522980e-01
 -2.15361506e-01  1.00604624e-01 -2.55102217e-01 -5.03013253e-01
  5.30081213e-01 -4.44314815e-02  3.15746456e-01  1.19612217e-01
 -1.53319463e-01  6.16995990e-01  1.20029688e-01 -4.37794000e-01
  1.47731798e-02  5.54076314e-01 -2.37557337e-01  3.86717319e-01
  7.38726258e-02  9.26848650e-01  7.52368420e-02  4.00617838e-01
  7.21965283e-02 -3.29750955e-01  2.45472670e-01 -9.69294235e-02
 -3.82626534e-01 -9.27560925e-02 -9.97589827e-02  5.40426075e-01
  5.49117684e-01 -3.90110910e-02  2.24794716e-01  4.48674202e-01
 -3.62216264e-01  1.87327340e-02  1.12216182e-01  1.53111413e-01
 -3.65989864e-01 -4.39011931e-01 -2.14492276e-01  1.19626202e-01
 -8.90956163e-01 -2.09301546e-01  2.32225031e-01 -4.00293479e-03
  9.86885354e-02  8.67124181e-03 -4.35936451e-01 -3.38632613e-01
 -8.25143337e-01  9.96816084e-02  1.34079263e-01  4.72513020e-01
  3.63602966e-01 -5.16992986e-01 -7.28855729e-01  5.99242210e-01
 -3.29913199e-01  4.72833067e-01 -7.62687996e-02 -3.50804329e-01
 -6.30442798e-01  7.65364528e-01  2.29078755e-02  1.17864847e-01
  3.79287809e-01  3.15160036e-01 -1.22710854e-01 -4.62264746e-01
 -1.61994949e-01 -2.01996639e-01  1.03732049e-01 -1.36164680e-01
  4.49477643e-01  2.58580923e-01 -7.05640733e-01 -7.67430842e-01
 -2.51359105e-01 -2.87411898e-01  4.96895015e-01 -5.69702923e-01
  3.39332640e-01 -3.40686440e-01  3.86174977e-01  2.85663277e-01
  5.92697859e-01 -1.45018309e-01  2.67183512e-01  6.66715324e-01
  7.24128783e-01 -1.69776753e-01 -5.23705743e-02 -1.09975494e-01
 -1.14843168e-03 -1.35756448e-01  6.04691923e-01 -7.98500702e-02
 -8.44370946e-03 -1.23809107e-01 -8.37506652e-01  1.67759806e-01
 -8.95283818e-02 -8.03762794e-01  7.50009000e-01  4.31007385e-01
  4.56083044e-02 -3.19111586e-01 -9.79274064e-02 -8.49491179e-01
  2.52288491e-01  2.02894151e-01  8.11270252e-02  4.39445451e-02
 -6.02434278e-01  2.18413293e-01 -1.97679326e-01 -5.51453829e-01
  3.23571771e-01  3.73921216e-01 -4.45165157e-01 -1.25371009e-01
  2.83009410e-01  3.40264052e-01 -2.05664054e-01 -8.01890865e-02
 -3.71901929e-01 -5.33611663e-02  5.24002194e-01  1.52753934e-01
  4.56986696e-01  7.08453894e-01  3.94307859e-02 -6.13542423e-02
  3.60617101e-01  4.17036146e-01  1.63205743e-01 -1.81056976e-01
  1.01268351e-01 -1.80243641e-01 -6.11877024e-01  1.87917858e-01
  2.43623063e-01  2.82931179e-01 -3.07197813e-02  2.52350539e-01
  7.46279597e-01 -4.73818064e-01  3.79580744e-02  4.38026428e-01
  2.01602429e-01  8.64109397e-01 -3.40107918e-01  6.31332844e-02
 -5.16186953e-01  1.04140639e-01  4.28745635e-02 -1.05449751e-01
  1.41892672e-01 -3.21596153e-02 -3.34140986e-01 -5.86612940e-01
 -3.87395136e-02  4.33665723e-01  1.06825523e-01  8.30003500e-01
  3.17549199e-01 -3.69650096e-01  6.41142607e-01  1.25122562e-01
 -2.38680214e-01 -1.70319840e-01 -1.42622992e-01  1.36037037e-01
  5.61989307e-01  2.19284013e-01  6.94448113e-01 -5.88265836e-01
 -1.00262153e+00  6.99255476e-03 -2.11623237e-01 -1.05338179e-01
  3.48731101e-01 -7.12588489e-01 -1.82200864e-01  3.16459328e-01
 -2.10497499e-01 -2.97002673e-01 -6.77070469e-02 -8.75630915e-01
  1.94796592e-01  2.42244899e-01 -4.07337844e-01 -2.27887943e-01
 -1.37156278e-01  3.72903258e-01 -2.37816684e-02 -2.34828755e-01
  5.00561148e-02  7.95535326e-01 -1.88681930e-01 -4.64284658e-01
  1.19184077e-01  1.42799675e-01  1.30125031e-01  1.00260429e-01
  5.97211942e-02 -6.83070719e-01 -7.00760335e-02 -1.74153373e-01
 -3.72475475e-01 -2.52495259e-02  2.46388674e-01  1.75175875e-01
  2.67403245e-01 -2.06541583e-01 -3.54124516e-01 -2.58650392e-01
 -1.41538203e-01  1.05711669e-01 -5.51557899e-01 -8.18513483e-02
 -1.27420858e-01  6.78899288e-02 -1.41771371e-02  4.27816957e-02
 -6.44277856e-02 -1.67994857e-01 -6.30561054e-01  1.86222821e-01
 -9.47966337e-01 -2.20795214e-01  4.35502350e-01  4.18233089e-02
 -1.43624380e-01 -9.44079041e-01  3.09557438e-01  7.53363743e-02
  4.85951990e-01 -5.91470525e-02  3.89547348e-01 -1.72202796e-01
  4.49586958e-01  2.30775788e-01 -4.45411086e-01  3.09958100e-01
 -1.02713470e+01 -2.25437328e-01 -6.12452269e-01 -3.55642647e-01
  2.08431840e-01  1.76503211e-01  7.55967200e-01  9.92186889e-02
 -4.08505827e-01  5.34823798e-02  3.39387983e-01  7.45455146e-01
  5.64127982e-01  7.99053967e-01 -8.18601966e-01 -2.13489965e-01
 -3.58358473e-01 -2.59496242e-01 -3.55873592e-02 -2.03153551e-01
  2.09404945e-01 -4.16488856e-01  7.31255949e-01  6.76677287e-01
 -4.95485336e-01 -2.23701343e-01 -4.97884452e-01  3.29694927e-01
  5.86513728e-02  7.14083314e-01 -4.45494801e-01  6.51287377e-01
  1.33997332e-02  4.29356217e-01 -8.11167434e-02 -9.07572806e-02
 -1.36388451e-01  5.62977493e-01 -3.57127666e-01  6.43925667e-01
  1.60020962e-01  7.59001911e-01 -2.79123455e-01 -3.06198537e-01
  8.05494040e-02  4.45749491e-01  5.08605242e-01  4.72374022e-01
  6.94038093e-01  2.74019003e-01  1.00266553e-01 -1.79366201e-01
 -2.12832317e-01  7.30151162e-02  1.17137298e-01  1.13979690e-01
  9.57579255e-01  2.90617011e-02  2.05064937e-01  3.39548945e-01
  6.47335231e-01 -3.66952807e-01  3.31816733e-01  7.13600338e-01
 -1.39136806e-01  3.32276076e-02  2.18623295e-01  4.46426362e-01
 -3.21142465e-01 -1.14004754e-01  1.89930186e-01  5.19982874e-01
 -2.16761842e-01  2.22857893e-01 -6.12332702e-01  2.95493633e-01
  2.84136031e-02 -1.34325758e-01  5.20612411e-02  6.00141943e-01
  4.46128637e-01 -2.19194472e-01 -2.63187647e-01  2.70068914e-01
 -6.66370273e-01 -1.92106128e-01 -1.09655857e-01  1.40185669e-01
  4.27181572e-01 -6.18910193e-01  3.42524678e-01  1.05557755e-01
 -4.60060924e-01  1.79553807e-01  6.91560030e-01 -3.03360015e-01
  1.34927630e-01  1.07174411e-01  1.36668816e-01  2.11488659e-04]"
コ,"[-3.40031236e-02  8.18359554e-01  2.43368626e-01 -5.56144714e-01
  2.80287147e-01  6.06937468e-01  6.05787814e-01 -6.49851501e-01
 -5.27460337e-01 -8.74856338e-02  5.27706683e-01 -1.51821449e-01
 -3.97614658e-01  4.72632051e-02  2.96691686e-01 -4.14127946e-01
  2.93983459e-01 -3.02294623e-02  3.46110873e-02 -2.14860544e-01
 -4.73697275e-01 -9.39324856e-01  1.81948498e-01 -6.29787818e-02
  1.37610927e-01 -5.49549222e-01  7.73554146e-02  3.99033368e-01
  2.39412144e-01 -1.20417230e-01 -3.43516842e-02 -6.02576971e-01
 -1.76644072e-01 -5.22153318e-01 -8.69409442e-02 -2.00160295e-01
 -1.84772238e-01  1.02109909e-01 -2.83956826e-01 -4.35639620e-01
  6.91074133e-02 -1.34097770e-01 -4.78954166e-01 -6.77442923e-02
 -7.04328865e-02  5.95569313e-01 -1.12009607e-01  5.03426671e-01
  4.22184706e-01  2.60098368e-01 -2.82476395e-01  2.81704605e-01
  4.87569511e-01  3.00828099e-01  5.40202819e-02 -1.70578212e-01
 -2.20259428e-02 -1.35105759e-01 -2.67725945e-01  6.10149316e-02
 -6.93861961e-01 -1.24004789e-01 -4.49293703e-02  2.43316486e-01
 -3.29383165e-01  2.82415420e-01 -2.80290097e-01 -5.05430140e-02
 -4.80194613e-02 -6.97480559e-01  3.62185657e-01 -1.86056301e-01
 -3.15920144e-01  9.36432481e-02  1.12326097e+00 -3.04470539e-01
  3.98620695e-01 -6.24346495e-01  4.29722220e-01 -9.46053937e-02
 -4.32018876e-01  4.25306380e-01 -2.56495237e-01 -5.73162973e-01
 -1.99533135e-01  5.59410453e-01 -8.60556006e-01 -8.51772189e-01
  7.52198517e-01  3.16954106e-02  1.14665784e-01  1.72239348e-01
  2.20329762e-01  3.43912691e-01  1.82003394e-01 -3.97315234e-01
  2.98139691e-01  7.17239156e-02 -4.53803241e-02  6.21352911e-01
 -5.47691822e-01 -3.27000111e-01  1.19758427e-01  1.09058693e-01
  2.52100050e-01  6.00410700e-02 -5.94386935e-01  5.30175269e-01
  1.43666342e-01  3.56762558e-01 -1.05631933e-01 -5.69109857e-01
 -5.39138019e-01  1.87002212e-01  2.95804799e-01 -1.87213555e-01
  9.66304690e-02  3.55871528e-01  1.03556737e-01  6.96730435e-01
 -1.13138989e-01  5.10706186e-01 -4.45971303e-02 -2.87576199e-01
 -1.72110781e-01 -1.58677682e-01  6.38342798e-01 -5.43034673e-01
 -2.40154698e-01 -6.30624294e-01 -1.48481414e-01  3.84620756e-01
 -8.77233505e-01  1.54931769e-01 -3.26643914e-01  6.34937525e-01
 -2.28713498e-01  5.75828850e-01 -5.07465661e-01 -6.15215182e-01
 -1.73314512e-01  1.26228094e-01  7.10624158e-01 -8.49522948e-01
  2.33728122e-02  1.52235493e-01  7.95869157e-04 -1.54659331e-01
  7.76271522e-01  4.53313589e-01 -2.08476968e-02  6.05333745e-01
 -7.55394220e-01  1.84092343e-01 -1.23584218e-01 -9.77719277e-02
 -4.35410231e-01  6.22624338e-01  7.95721710e-02  9.35803592e-01
  1.79002583e-01 -3.63964587e-01  2.90543884e-01  8.88212323e-01
  1.02122009e-01  3.86993051e-01  6.23167455e-01  2.50698775e-01
  5.90187073e-01  8.35399806e-01 -2.45349072e-02  6.25492156e-01
  3.34949374e-01 -4.87716913e-01  1.49089679e-01  5.92454612e-01
  5.16888976e-01 -3.16922404e-02  1.87372908e-01 -3.48076105e-01
 -3.00012857e-01 -1.27463996e-01 -3.67748946e-01 -5.24430752e-01
  5.27959585e-01 -6.38387740e-01  3.31762694e-02  2.40299806e-01
  6.82033598e-02 -7.42740110e-02 -1.41142756e-01 -3.52961153e-01
  2.40099296e-01 -6.40367925e-01 -4.44272518e-01  2.43649393e-01
 -4.15564120e-01  1.55024424e-01  2.12862402e-01  2.95139313e-01
 -1.17131069e-01 -1.79158852e-01 -4.97405112e-01 -1.40239155e+00
 -1.11215949e+00  2.01140746e-01  2.42208958e-01  9.74566042e-02
  1.29909083e-01  1.41460180e-01 -2.57268578e-01  2.15118565e-02
 -6.11172756e-03 -8.77538472e-02  3.59233856e-01 -7.25206137e-02
 -8.13828826e-01 -6.57663122e-02  4.47233528e-01 -9.12438035e-02
  3.20160508e-01 -3.82249147e-01  2.72036731e-01  5.85039780e-02
 -4.54798758e-01  3.14509869e-01  2.30412364e-01 -4.06691968e-01
 -8.03591907e-02  4.82664675e-01 -2.94177324e-01 -5.43042421e-01
 -9.27678406e-01  1.45620689e-01 -3.89038861e-01  2.60894358e-01
 -3.13992769e-01  3.50613832e-01 -2.99503386e-01  4.87678289e-01
 -1.00990638e-01 -5.68887115e-01 -2.37294547e-02 -2.46849686e-01
 -1.60343610e-02  4.77189988e-01  9.60796624e-02 -2.20960200e-01
 -7.21571147e-01  1.23716027e-01 -8.58770967e-01 -3.70252162e-01
  2.08493829e-01 -1.25054270e-01  8.56157601e-01  3.54532540e-01
  9.82189476e-02 -1.30364999e-01 -9.67959985e-02  3.54307964e-02
 -4.85871285e-01 -5.66526175e-01  7.79870674e-02 -2.44835049e-01
  2.38737687e-01 -1.70298427e-01 -8.43780786e-02 -7.32693553e-01
 -7.16245770e-01 -3.56674522e-01 -5.07580563e-02 -1.11444421e-01
 -3.71584117e-01 -3.26895833e-01 -3.95800918e-01  3.83227199e-01
 -1.37553915e-01  6.40039444e-01 -3.32488269e-01  4.13617432e-01
  3.78613770e-02  5.31190574e-01 -1.22279990e+00  2.42338732e-01
  2.64373302e-01 -9.07766521e-02 -2.55535871e-01 -1.07908785e+00
 -3.85602087e-01  4.62247461e-01  1.39149040e-01 -3.34768414e-01
 -1.34344980e-01 -7.55908713e-02 -3.67132366e-01 -1.54725164e-01
 -1.53716981e-01  1.45521075e-01 -3.18582170e-02  4.83611882e-01
  2.97614813e-01  1.73670217e-01  2.58747071e-01 -4.89936024e-01
 -5.40043533e-01  1.29702212e-02  1.32869467e-01 -1.38940036e-01
  6.00982368e-01  7.74345845e-02 -4.95811133e-03  1.19829559e+00
 -7.53678024e-01 -1.69955209e-01  1.04749227e+00  2.15753168e-02
 -1.37812638e+00  2.43046731e-01  5.06793678e-01  1.91017538e-01
 -1.75383016e-01  8.41663301e-01  1.72287852e-01  2.55304694e-01
 -4.19848680e-01 -4.21023011e-01  1.15853453e+00  2.63974041e-01
 -5.31793594e-01 -2.44952932e-01  7.17396021e-01 -1.82570085e-01
  4.60462362e-01 -2.99816877e-01 -4.18125063e-01  3.80264372e-01
 -3.56573641e-01 -9.74904448e-02  2.03913953e-02 -3.03174943e-01
 -7.90582418e-01  4.33789790e-01 -1.92611724e-01  5.28056026e-01
 -7.42500722e-01 -2.97957629e-01  4.02795643e-01  1.20531130e+00
  6.39519632e-01  6.79526448e-01 -2.82252878e-01  2.15375517e-02
  7.73160398e-01  6.30646646e-02  4.17632610e-01  1.84704646e-01
  1.45980671e-01 -4.25112963e-01  9.14489031e-01 -1.27254620e-01
 -4.63717103e-01  3.19115907e-01  5.11827409e-01  6.51170254e-01
  1.09212166e-02 -2.18484193e-01  4.71887678e-01  8.35557431e-02
  7.72223771e-01  9.56755221e-01  6.26986265e-01  6.76405504e-02
  2.78371871e-01 -2.52559930e-01  7.70499945e-01 -5.13050497e-01
  4.04873602e-02  1.69144586e-01 -5.06784245e-02 -4.09605026e-01
 -7.89666891e-01 -9.51197669e-02 -1.90251738e-01 -4.23296779e-01
 -4.16331172e-01 -9.04510736e-01 -8.18772376e-01  2.47665361e-01
  4.80200946e-01 -7.86351085e-01  1.25358924e-01  2.82301158e-01
  3.99951339e-01 -5.53323090e-01 -2.05699444e-01  2.42023602e-01
 -4.31606293e-01  1.18376680e-01  1.86674267e-01  4.33183640e-01
 -4.52770084e-01  8.33026096e-02 -4.70022619e-01 -2.19578043e-01
 -9.30724025e-01 -6.14590228e-01 -4.82733667e-01  8.83011818e-02
  2.60424078e-01  4.40565169e-01  1.60905376e-01  4.12852436e-01
 -2.53472418e-01  6.70503825e-02 -1.84876829e-01 -4.45384949e-01
 -1.38996065e-01  4.67279851e-01  2.47606084e-01  6.31031334e-01
  1.70158848e-01  5.18903196e-01  3.59810628e-02  1.59394083e-04
  6.37744069e-02 -4.33488116e-02 -3.50952476e-01 -3.59039009e-01
  6.87483430e-01 -1.52769506e-01 -1.09389797e-01 -3.22362743e-02
 -4.38390486e-02  7.21520543e-01 -6.34018928e-02 -1.10090613e+00
 -1.57892734e-01  3.41296405e-01  8.62532109e-02  3.65873307e-01
  3.95502239e-01  1.09564686e+00 -2.06748605e-01  2.04002485e-01
  5.86377323e-01 -7.85374492e-02  7.58567274e-01 -3.16875279e-02
 -2.84819245e-01 -3.17162216e-01  1.47566512e-01  6.65841460e-01
  6.79170862e-02 -1.07560135e-01  2.48768359e-01  4.16045189e-01
 -2.99391717e-01 -1.97558269e-01  3.30075651e-01 -9.90340039e-02
 -6.71737075e-01 -3.46156269e-01 -5.35025001e-01 -6.36352241e-01
 -1.34762287e-01  3.77500027e-01  2.80994862e-01 -4.31473274e-03
  4.33102727e-01 -6.10811472e-01 -6.75711572e-01 -4.98841137e-01
 -9.49790061e-01  3.83423924e-01 -2.04540879e-01  5.66437304e-01
  5.67321777e-01  5.19686155e-02 -5.26067436e-01  2.73315936e-01
 -1.19956948e-01  4.37942624e-01  8.92815590e-01 -3.02216083e-01
 -1.61841691e-01  4.91000712e-01 -1.36516541e-01  6.80396140e-01
 -2.31352121e-01  1.73795685e-01 -3.02254379e-01 -3.17599215e-02
 -8.61420557e-02  1.39808625e-01  3.32722031e-02 -5.36412954e-01
  8.43076706e-01  1.15854286e-01 -3.74888450e-01 -4.09248322e-01
 -6.42643034e-01 -1.10807993e-01  4.49589521e-01 -7.45605767e-01
  2.17578318e-02 -6.09686315e-01  1.93664342e-01  6.53223693e-01
  8.42315733e-01 -6.93938136e-01  4.56017166e-01  1.89332709e-01
  7.64791220e-02 -1.87673971e-01  2.29304031e-01 -3.87045652e-01
 -3.21306914e-01  4.00711372e-02  5.27030945e-01  1.77018955e-01
  6.84628606e-01 -5.61532855e-01 -8.35055828e-01 -5.50360084e-02
 -2.28319854e-01 -6.27835453e-01  3.52906764e-01  7.03449324e-02
  2.99848020e-01 -5.31550109e-01  2.19050184e-01 -7.14979172e-01
  5.29027820e-01  3.57724875e-01  1.50618061e-01  9.88623574e-02
 -7.47942328e-01 -1.62821457e-01 -4.41728026e-01 -9.56836641e-01
  4.63358998e-01  4.12965864e-01 -8.09680045e-01  2.92298663e-02
  4.38703060e-01  5.18194199e-01 -6.92168474e-01 -5.76343417e-01
 -3.93741280e-01  9.18499455e-02  4.85231012e-01  2.01218501e-01
 -2.92095225e-02  1.40590826e-03 -3.01596671e-01  1.65906876e-01
  5.81577837e-01  6.98478281e-01  6.66153252e-01  9.39693525e-02
 -2.94664018e-02  1.55121654e-01 -7.05009222e-01  5.15378006e-02
 -2.03845084e-01 -1.34968176e-01 -5.61633892e-02  9.25351322e-01
  5.31623602e-01 -4.03094798e-01 -1.51008889e-01  9.34486568e-01
  4.13570940e-01  8.28534424e-01 -4.16184038e-01 -1.79562360e-01
 -4.56801862e-01  4.43943411e-01  1.18514307e-01 -2.82733023e-01
 -1.11502949e-02 -1.11879811e-01 -3.39961082e-01 -2.81307280e-01
 -3.18983853e-01  2.75723249e-01  6.29651472e-02  2.88141757e-01
  1.76223144e-01 -2.62073815e-01  4.36531037e-01 -2.49325544e-01
 -4.77575183e-01 -1.89346969e-01  4.37821686e-01  1.73898518e-01
  7.86911190e-01  2.15352759e-01  2.70626277e-01 -3.22856337e-01
 -9.98281896e-01 -3.61847103e-01  3.10712487e-01  3.70376438e-01
  7.74248183e-01 -7.68168449e-01 -5.58015406e-01  1.15990505e-01
  2.89381862e-01 -5.41180037e-02  9.31880623e-02 -9.02059972e-01
 -3.80132139e-01  1.89359561e-01 -6.94767594e-01  3.49366009e-01
  2.77846783e-01  1.84967622e-01 -2.18699008e-01 -4.49166149e-01
  6.59638345e-02  5.69992125e-01 -1.78454325e-01 -5.48816741e-01
  3.58918577e-01 -4.75102440e-02 -5.17831855e-02  1.53852642e-01
  1.20168254e-01 -5.57288192e-02 -3.42426635e-02  1.67805642e-01
 -4.46234524e-01  5.53899184e-02 -2.60110736e-01  3.95022452e-01
  2.41767475e-03  2.88103372e-01 -1.59017786e-01 -1.04087019e+00
  8.51010457e-02 -1.17336260e-02 -4.97439772e-01 -3.01034570e-01
 -2.17571869e-01 -3.18164945e-01 -1.54365450e-02 -1.19722486e-01
 -2.46728197e-01  3.23862582e-01 -3.17559153e-01  5.85205019e-01
 -1.22650959e-01 -6.32888436e-01  3.05619657e-01  3.99862498e-01
 -3.82739812e-01 -8.35300505e-01  3.57702881e-01  4.12165910e-01
  4.39000070e-01 -3.57071832e-02  5.17107286e-02  1.34083614e-01
  3.38933468e-01  4.90094960e-01 -6.08103216e-01  5.32438278e-01
 -9.79601955e+00 -3.71066123e-01 -6.01284325e-01 -3.19527388e-01
 -3.20709139e-01 -5.82566969e-02  1.07630455e+00  6.74293786e-02
 -1.24784179e-01 -1.62956342e-01 -8.72951075e-02 -1.50995729e-02
  4.90367979e-01  8.81763518e-01 -6.94205523e-01 -5.37462115e-01
 -7.15912804e-02 -3.04488838e-01 -4.26196158e-01 -1.00694515e-01
  4.00756449e-02 -2.51404136e-01  1.06191254e+00 -6.17653802e-02
 -3.38840127e-01 -3.50596279e-01  1.02015689e-01 -1.28545742e-02
 -2.46737078e-01  8.90286267e-01 -7.34142900e-01  1.49080098e+00
  1.81100830e-01 -9.58405361e-02 -2.63732672e-01  7.83888251e-02
 -8.42657387e-02  3.83993536e-01 -6.18537843e-01  5.44169486e-01
  1.76882356e-01  1.02944911e+00 -2.23442614e-01 -1.23551995e-01
  5.35986066e-01 -1.85154695e-02  4.37277973e-01  1.87122524e-01
  2.56300658e-01 -1.69576496e-01 -1.90561801e-01 -4.08345729e-01
  1.47109717e-01 -1.90664619e-01  1.80475160e-01 -1.62386492e-01
  6.50650859e-01 -6.85634136e-01  2.07714401e-02  8.01436305e-02
  5.25141239e-01 -1.48999259e-01  5.69961369e-01  6.55263126e-01
 -4.02973682e-01  7.19710812e-02  2.27081656e-01  1.52651006e-02
 -5.92391968e-01 -2.47420773e-01  2.75155902e-01  5.59971444e-02
  9.35863703e-02  3.79527777e-01 -3.10469508e-01  5.26294708e-01
 -1.55469045e-01 -3.09055030e-01  7.42112637e-01  3.24877620e-01
  1.00749028e+00 -1.15901396e-01 -6.03499189e-02  1.92686677e-01
 -8.88719261e-01  4.23133701e-01 -1.65509388e-01  3.20394248e-01
  5.79544723e-01 -6.26762092e-01  1.00056088e+00  5.16397581e-02
 -5.61918616e-02  2.78020412e-01 -2.57949438e-02 -1.43004343e-01
  6.82184458e-01  5.56321383e-01  5.35772443e-01  1.37304470e-01]"
ト,"[ 8.99626017e-01  3.09130698e-01  8.12819600e-01 -2.52838045e-01
 -1.02191545e-01  4.98119444e-01  1.28011823e-01  3.84045631e-01
 -2.90893018e-01 -4.94917482e-01  3.34161967e-01 -8.03521991e-01
  1.98937848e-01  1.80991024e-01  1.72163859e-01  1.53083757e-01
 -1.55420294e-02 -4.07430083e-01 -6.06828146e-02 -5.70345938e-01
 -1.05462205e+00 -3.69774103e-02 -2.99121857e-01  2.88921654e-01
  1.64684922e-01 -3.17931592e-01 -2.96225250e-01 -4.27190632e-01
  4.81976777e-01 -1.96193174e-01 -4.64893669e-01 -2.52728481e-02
 -4.99696463e-01  4.20471579e-01 -5.73658884e-01  4.70495373e-01
 -1.89029321e-01 -4.81578887e-01 -1.68175131e-01 -4.40656513e-01
  1.58372581e-01 -3.77393633e-01 -6.15124628e-02 -4.39044535e-02
 -2.49826297e-01  6.91761911e-01  3.02302465e-02  1.57639518e-01
  2.64520466e-01 -2.30485395e-01 -4.33412760e-01  5.70295215e-01
  2.43365094e-01  4.13600355e-02  1.60774872e-01 -3.35617214e-01
  5.27781010e-01 -6.63308382e-01 -1.52849331e-01  2.85274893e-01
 -1.86185688e-01 -4.66750264e-01  5.34498334e-01  5.56747764e-02
 -4.27642874e-02  2.61713505e-01  2.38973334e-01 -3.03214014e-01
  5.03926456e-01 -4.78005111e-01 -3.23481590e-01 -6.11474849e-02
  1.53870717e-01 -7.27557003e-01  4.14120704e-01 -1.88103765e-01
 -1.65740192e-01  6.86811149e-01  4.23703194e-01  6.94168955e-02
 -1.51477650e-01  3.23479325e-01  2.86183327e-01 -4.03200388e-01
 -1.32090747e-01  2.48237893e-01 -7.42134675e-02 -8.61447632e-01
  4.73762363e-01 -5.37233055e-01  2.12232053e-01  5.28571367e-01
  1.82535738e-01 -1.86836809e-01 -1.26927853e-01  5.09512424e-02
  1.52612090e-01 -1.85964629e-01 -1.84329093e-01  4.22969580e-01
 -2.29341313e-01  2.26301216e-02  5.04482448e-01  1.65389150e-01
  9.82902199e-02 -3.06381434e-02 -3.70443106e-01  3.07672858e-01
 -2.13690158e-02 -1.75011188e-01 -8.14728320e-01 -1.68397203e-01
 -6.69846117e-01  1.15789987e-01  6.15226984e-01  1.75114721e-02
 -4.29243505e-01  5.62646508e-01 -1.70351088e-01  8.91097963e-01
  2.70106524e-01  4.71162826e-01  5.26042402e-01 -1.01900108e-01
 -1.46015212e-01  4.65556413e-01  1.11426368e-01  1.39247924e-01
 -1.97803929e-01 -4.80518281e-01 -1.41790405e-01 -3.80159944e-01
 -4.30925906e-01 -1.05294883e-01 -1.31211266e-01  8.66150022e-01
 -1.17298007e-01 -1.05071090e-01 -8.86020735e-02 -3.38887304e-01
 -2.61299282e-01 -5.80046475e-02 -4.54300120e-02 -4.78907943e-01
  3.12525541e-01  2.26834834e-01 -6.36539400e-01 -4.46528852e-01
  8.86500403e-02  3.68395716e-01 -2.48668656e-01  9.40183282e-01
 -5.58526039e-01 -3.16474199e-01  2.97910213e-01  4.51019078e-01
 -1.07402515e+00  1.29828742e-02  4.86247154e-04  4.11834180e-01
  3.13365579e-01 -4.94157404e-01  2.59256005e-01  3.56339186e-01
  2.30564162e-01  1.03045143e-01  6.44856036e-01  2.65142113e-01
 -2.47644693e-01  4.87953365e-01  4.01362002e-01  4.36599910e-01
  3.12357664e-01  1.46875605e-01 -2.14014605e-01  5.56785762e-01
  1.22893667e+00 -2.67826263e-02  1.28810678e-03 -5.75258434e-01
  1.05961971e-01 -2.91204476e-03  3.11054409e-01 -3.85678023e-01
  4.33442652e-01 -1.18277624e-01 -2.91570544e-01  1.60813645e-01
 -7.25029260e-02  4.13998485e-01  4.70968429e-03 -4.30829793e-01
  3.36559206e-01 -4.92761314e-01  2.82448381e-02 -5.52854419e-01
 -1.86306298e-01 -2.00989917e-02 -6.82114601e-01  3.97153467e-01
  5.63734621e-02  4.08522971e-02  1.56798348e-01 -5.98982811e-01
 -7.96501637e-01  1.13421224e-01  2.78274883e-02  4.85289931e-01
  6.98265061e-02  4.07788187e-01 -1.91256851e-02  1.33014634e-01
  2.97225356e-01 -2.15060953e-02  1.03081562e-01  1.71573520e-01
 -1.31121010e-01 -2.84414679e-01  5.81150353e-01 -2.70970851e-01
  2.74195015e-01 -2.46319801e-01  1.56673074e-01  6.16434067e-02
 -2.60170233e-02  3.48230660e-01  1.17271163e-01 -4.90546934e-02
 -3.14342588e-01  6.52653635e-01 -7.90711701e-01 -6.64200902e-01
 -6.16480112e-01 -1.17326327e-01 -5.15593350e-01 -2.54892409e-01
 -4.16550845e-01  5.43952212e-02 -5.30211806e-01  4.01339978e-01
 -9.04225931e-02 -4.33952630e-01  7.31585398e-02 -4.79508638e-01
  3.59326661e-01  1.97224483e-01 -1.94645122e-01  1.71052217e-02
 -2.69402802e-01  8.62214193e-02 -1.98182613e-01 -5.65648854e-01
 -1.88872859e-01 -3.54779840e-01  4.44142133e-01  3.75066459e-01
  7.66671360e-01 -3.71058345e-01  2.08314702e-01 -4.45646912e-01
  8.60977173e-02 -8.17036331e-01  7.69248456e-02  3.51320356e-01
 -3.56194153e-02 -1.66098416e-01  1.11983135e-01 -3.10074598e-01
 -5.34000635e-01 -6.22278094e-01  4.79826301e-01 -1.23068191e-01
 -3.81958820e-02  1.97971746e-01  2.61708885e-01  1.83784395e-01
 -5.93885005e-01  4.24991667e-01 -3.40074569e-01  1.60141319e-01
 -2.72818029e-01  9.94215533e-02 -4.92255628e-01 -1.91739321e-01
 -1.53679281e-01 -2.74819732e-01 -2.93030590e-01  3.37580182e-02
 -1.70226291e-01  7.82295763e-01  2.69750297e-01 -1.40096873e-01
 -5.41143298e-01 -5.72116487e-02 -5.61044812e-01 -1.29166275e-01
  7.43155122e-01  3.01424980e-01 -4.52632338e-01 -4.04601306e-01
  4.50013041e-01  6.75762653e-01  1.35520339e-01  2.14814499e-01
  8.92589092e-02 -2.07424521e-01 -7.33067617e-02  1.04055308e-01
  3.89632612e-01 -3.18750441e-01  6.55990914e-02  1.19231296e+00
 -1.17146619e-01  5.98960221e-01  9.55635726e-01  5.44395387e-01
 -1.67826998e+00 -3.91641974e-01  1.47798436e-03  1.30741745e-01
 -1.55465066e-01 -1.16698839e-01 -8.08823630e-02  9.40475464e-02
 -8.27659070e-01 -5.04253268e-01  1.09051144e+00  1.15575045e-01
  1.31501377e-01 -3.72791499e-01  3.98138255e-01  3.29233408e-02
  4.50891629e-02 -6.06540740e-01  2.72047132e-01  7.78252006e-01
 -4.68925446e-01 -4.88193221e-02  9.48868021e-02 -3.24022621e-01
 -1.34525299e-01  3.21229577e-01 -3.16337049e-01  2.51150876e-01
 -8.34790051e-01 -1.96822479e-01  6.89413249e-02  9.33955431e-01
  1.29180372e+00  4.05727178e-01 -4.61466789e-01 -4.83234137e-01
 -1.83431745e-01  1.00015514e-01  2.59024471e-01 -8.70351344e-02
 -1.09344102e-01  1.27193689e-01  4.87373739e-01 -3.20596062e-02
  2.22172901e-01 -1.66737363e-01 -1.32942006e-01  3.17806453e-01
 -2.75816202e-01  5.95494866e-01  2.11978033e-01  1.27813131e-01
  3.23974460e-01  3.31538260e-01  7.66826868e-01  6.09129012e-01
  1.79222867e-01 -5.11933386e-01 -3.55118234e-03 -9.23794031e-01
 -5.94412744e-01 -2.40034178e-01 -9.67190489e-02  1.30277455e-01
 -3.99640262e-01 -1.69895098e-01 -1.95181847e-01 -3.73859793e-01
 -1.10854588e-01 -5.88168204e-01 -2.05114901e-01 -2.99755353e-02
  3.70233357e-02 -6.16972983e-01  8.13226283e-01  2.27785066e-01
  7.61696756e-01 -6.16658092e-01 -1.13706803e+00 -4.57379431e-01
 -2.37596110e-01 -4.57825750e-01 -3.20100307e-01 -1.85513869e-01
 -2.29515731e-01  1.11196496e-01 -3.18417341e-01 -6.73927009e-01
 -2.21602336e-01  5.88685088e-02 -6.55642986e-01 -3.78350019e-01
 -1.48760632e-01  7.30361760e-01 -3.65097523e-02  6.32442236e-02
  2.21974254e-01  4.87446129e-01 -8.68142784e-01 -3.37770432e-01
 -1.46214664e-01  2.02308863e-01  4.39344458e-02  3.58733475e-01
  2.62200624e-01  2.86132336e-01  4.01499033e-01  1.97038949e-01
  1.06132023e-01 -1.37743041e-01 -5.15969634e-01 -5.93289256e-01
  9.53447282e-01 -8.15913603e-02  1.39916599e-01  1.91599995e-01
 -7.44230524e-02  7.73496866e-01 -5.61773062e-01 -8.59278023e-01
  4.87609535e-01  2.97745466e-01 -1.38086542e-01  4.55865443e-01
  5.77549815e-01  4.23217088e-01  3.90843302e-01  8.45097601e-02
 -2.76515007e-01  2.23067284e-01  2.01519027e-01  1.33279309e-01
  3.52059215e-01  6.28231913e-02  1.76427588e-02  6.78996623e-01
  4.15868491e-01  6.63650930e-02  1.07721007e+00  5.28899491e-01
 -3.77829343e-01  1.20796980e-02  4.82678950e-01  2.99049854e-01
 -5.17146230e-01  3.97621453e-01 -3.37439507e-01  1.87507376e-01
 -3.26333269e-02  2.22569183e-01  5.19824684e-01 -1.94388524e-01
  3.46271485e-01 -7.45414615e-01 -5.75294614e-01 -6.53049767e-01
 -8.48182738e-01  2.05743983e-01 -4.62834895e-01 -3.37220460e-01
  3.66290301e-01 -2.50895083e-01 -6.35367036e-01  7.55000234e-01
  7.01274455e-01  2.87930593e-02  1.10016897e-01  2.69115239e-01
 -7.33719915e-02  4.13772017e-01 -2.69890875e-01 -6.63285479e-02
  2.50661373e-02  3.47682536e-02 -5.36447287e-01 -7.33136177e-01
  7.86415488e-02  2.48679623e-01  1.83060080e-01 -1.57535583e-01
  5.04047334e-01 -3.35959494e-02 -4.72213358e-01 -2.45352775e-01
 -2.87816465e-01 -2.98260450e-02 -4.14882779e-01 -2.74765026e-02
  9.63166431e-02 -1.06028959e-01  3.53896618e-02  4.74916518e-01
  1.50138795e-01 -3.99721593e-01 -3.32643658e-01  8.00883949e-01
  4.44564342e-01 -1.05853133e-01  1.44554213e-01 -2.01462284e-01
 -3.95758748e-01 -1.20203398e-01  1.63898189e-02 -7.12101236e-02
 -2.09608704e-01 -1.26847610e-01 -1.15579259e+00 -5.63615322e-01
  2.52002478e-02 -7.06640601e-01  4.37087625e-01 -1.16956551e-02
  7.33008742e-01 -3.83739263e-01 -6.87164590e-02 -1.17376678e-01
  2.67198443e-01 -1.68773517e-01  2.39844620e-01 -6.29022717e-01
 -8.16435933e-01  9.99794975e-02  7.74521083e-02 -6.94360316e-01
  1.11573601e+00  7.03531802e-01 -6.90635681e-01  6.14769280e-01
  5.53005159e-01  3.60482901e-01 -1.61894426e-01  1.61296278e-01
 -1.40763208e-01 -4.54352111e-01  1.97117582e-01 -3.16789925e-01
  3.72317046e-01  3.43469024e-01 -2.14494511e-01  7.60695636e-02
  1.80298641e-01  5.86565018e-01  4.35890198e-01  1.29675090e-01
 -4.75987107e-01 -1.92739651e-01 -4.09152061e-01  2.28484273e-01
  1.77847773e-01  2.95332909e-01 -8.87520969e-01  2.95780212e-01
  4.66156721e-01 -9.19750035e-01  6.38210177e-02  7.04369962e-01
  3.57109666e-01  6.62393451e-01 -4.23906557e-02  2.60558426e-01
 -5.48196018e-01  6.80386201e-02  2.34804451e-01 -1.33400872e-01
  1.63578670e-02  2.67415076e-01  6.07450455e-02  2.23846003e-01
  4.69166040e-01 -3.76796544e-01  2.27762952e-01 -2.87558526e-01
  2.12431088e-01 -2.10115805e-01  4.80375648e-01  2.48125166e-01
 -8.25944245e-02 -2.18683198e-01  3.41552585e-01  7.71987259e-01
  7.39031672e-01  2.73281604e-01  9.11938250e-01 -7.18496621e-01
 -7.05155671e-01 -1.74789429e-01  3.21191400e-01  1.36348441e-01
  4.62974101e-01 -2.58111656e-01 -1.37334555e-01  7.52277195e-01
  6.41154826e-01  4.12623677e-03 -4.81312066e-01 -5.00517607e-01
  3.66972655e-01 -5.30138254e-01 -5.77765778e-02  2.19853371e-01
  3.30424547e-01  4.32010472e-01  7.65517116e-01  2.92407453e-01
 -9.45353732e-02  8.79786551e-01  2.12729037e-01 -1.42062649e-01
  1.03762209e-01  1.58136964e-01  4.46179183e-03  8.95058513e-02
  3.23258340e-01  1.36007577e-01 -4.35149133e-01  8.35486412e-01
 -3.74740899e-01 -1.31133512e-01 -6.71191216e-01  1.26324356e-01
  4.33586597e-01 -3.72951537e-01  1.45223677e-01 -6.10945046e-01
 -1.69614539e-01 -5.45045376e-01 -9.75249231e-01 -1.89746499e-01
 -5.56456298e-02  8.49890858e-02 -5.49978912e-02 -1.29346743e-01
 -6.49682164e-01 -7.52420902e-01 -6.17382936e-02  2.36525238e-02
 -8.50414097e-01 -6.97885513e-01  4.98856932e-01  1.43545479e-01
 -4.41159159e-02 -1.50195539e+00  6.31375909e-01  9.69351362e-03
  8.32421124e-01 -8.72243047e-02  5.30750990e-01 -2.11050898e-01
 -2.41971403e-01 -1.67467460e-01 -3.99953127e-01  1.12231776e-01
 -1.00346336e+01  4.55579847e-01 -1.16390549e-01 -6.31056190e-01
 -1.22162156e-01 -2.01925635e-02  8.68137896e-01  7.52472460e-01
 -1.83003202e-01  1.34782746e-01 -9.73465070e-02  9.74884927e-02
  4.56096269e-02  1.63631707e-01 -2.73651779e-01 -3.43795449e-01
 -4.24158305e-01 -3.49126875e-01  5.31329364e-02  1.15124106e-01
 -6.26486123e-01 -4.84989077e-01  4.31291103e-01  1.05775960e-01
  1.45779103e-01 -2.70539910e-01 -1.57117948e-01  1.82940036e-01
 -3.97707969e-02  4.37644571e-01 -8.50439608e-01  4.65572447e-01
 -8.45106989e-02  1.19136795e-01 -2.89523482e-01  5.75840890e-01
  3.72167118e-02  3.85308683e-01  3.11250966e-02  8.96248519e-02
  3.67806524e-01  1.88829958e-01 -2.36845851e-01  4.48492356e-02
  1.81413159e-01 -5.44901490e-02  5.02706349e-01 -7.99727812e-02
  9.43412006e-01 -2.76128918e-01 -1.61216095e-01 -8.11537206e-02
  1.43149704e-01  2.87773386e-02  4.47222948e-01 -6.66476712e-02
  5.20835578e-01 -4.71732229e-01  2.05351755e-01 -5.04164547e-02
  1.73646837e-01  3.20107609e-01  2.75486171e-01  1.07672417e+00
  4.56274122e-01  2.04708472e-01 -3.01561668e-03  2.27824971e-01
 -8.44179928e-01  3.12729955e-01  5.76669164e-02  6.24740243e-01
 -2.49056190e-01  3.32588702e-01  1.88772231e-01  4.92160767e-01
  4.51239124e-02 -1.47628367e-01  9.78325605e-02 -3.59121740e-01
  4.53637153e-01 -7.23876357e-01  1.80109844e-01  6.21484101e-01
 -3.10626328e-01  2.80472219e-01  2.93616146e-01 -3.37920964e-01
  9.26949605e-02 -7.59903967e-01  5.06849766e-01 -2.92546540e-01
 -5.44286609e-01  2.03327000e-01  1.20504670e-01  1.44687556e-02
 -2.13957325e-01 -4.91808243e-02  4.83002901e-01 -2.58737773e-01]"
ニ,"[ 2.39988178e-01  4.98018354e-01  8.95507991e-01  5.04149776e-03
 -2.96980441e-01 -1.28887564e-01  8.37725878e-01 -2.46583581e-01
 -6.96334004e-01 -3.83814514e-01  5.02365887e-01 -2.31945470e-01
 -2.09004536e-01  1.23188756e-02  3.37587237e-01  9.55833197e-02
 -2.99468726e-01 -3.32096785e-01  1.05328545e-01 -3.35621864e-01
 -1.19924712e+00 -4.85773325e-01 -1.45177497e-02  6.03932813e-02
  5.99503107e-02 -7.81361461e-01  1.38590381e-01  7.01314211e-02
  1.48276970e-01 -4.49906230e-01 -5.65768123e-01  9.19201374e-02
 -1.73622057e-01  3.05349496e-03 -4.91009176e-01  6.13108039e-01
  1.52755463e-02 -9.71176624e-02  5.18929482e-01  1.48104697e-01
  3.02371359e-03 -1.04456700e-01  2.00241767e-02  4.10717428e-02
 -1.00732647e-01  4.26466435e-01  1.32814810e-01  4.96850312e-01
 -1.85599312e-01 -1.61219478e-01 -3.43895525e-01  3.89820635e-01
  5.20955980e-01  1.57752603e-01  1.92417175e-01  6.55715242e-02
  8.84710133e-01 -6.20181322e-01  2.48170391e-01  4.45669949e-01
 -4.49268341e-01 -5.54559171e-01  2.07646072e-01  9.06073600e-02
 -3.40903044e-01  4.91930664e-01 -5.97350180e-01 -1.56829968e-01
  4.56269503e-01 -5.39125562e-01  4.92937267e-02 -2.53828436e-01
  1.44734114e-01 -7.69211173e-01  5.15935540e-01 -4.59401578e-01
  1.82134658e-01 -1.12531677e-01 -7.64267743e-02  1.73809811e-01
  2.12652758e-01  2.44235754e-01  5.53750321e-02 -6.86998665e-01
 -3.67736429e-01  6.94059134e-01 -9.10184622e-01 -1.08163643e+00
  8.66368055e-01 -2.36262754e-01 -1.76884800e-01  3.00073773e-01
  1.56975225e-01  8.42565894e-02  6.70451820e-01  6.20414972e-01
  8.54531080e-02  2.57643044e-01  2.82056499e-02  2.92650551e-01
 -3.81049931e-01 -2.81757742e-01  3.63446027e-01 -3.95799786e-01
 -4.15611774e-01  2.61318475e-01 -1.87292680e-01  3.63612592e-01
  9.76108462e-02  4.04498488e-01 -2.06691846e-01 -9.86826599e-01
 -2.26228744e-01  1.46449551e-01  5.39549470e-01  2.33269021e-01
 -1.63488612e-01  3.49314034e-01 -2.61843711e-01  2.53573030e-01
  1.71662539e-01  5.83239615e-01 -3.42006832e-02 -1.10916424e+00
  7.96048045e-02  3.21269304e-01 -8.85724649e-02  2.60915197e-02
 -1.13755137e-01 -1.52995363e-01 -4.82470751e-01 -6.09114051e-01
 -3.28988731e-01 -9.74496305e-02 -6.01261318e-01  6.51743472e-01
  6.65056109e-01  5.21687448e-01  8.27017352e-02 -2.81015009e-01
 -6.03887081e-01 -6.20010272e-02  4.01846975e-01 -3.22541028e-01
  6.03326857e-01 -1.02281785e-02 -4.96304125e-01 -4.26085979e-01
  1.62226528e-01  1.48317486e-01 -1.59876928e-01  8.02332342e-01
 -7.59132564e-01 -6.17249794e-02  1.53783709e-01  4.51979250e-01
 -7.27886617e-01  1.69708714e-01  2.76408553e-01  1.89026684e-01
  7.83275664e-01  3.37716967e-01  1.77055672e-01  7.06372678e-01
  3.58970881e-01  3.68409246e-01  3.85559678e-01 -3.53331655e-01
  1.53440619e-02  4.55874085e-01  3.50383490e-01  2.17953846e-01
  7.68198848e-01  1.38644367e-01 -5.55621028e-01  6.62138402e-01
  1.07146370e+00 -3.01238596e-01 -2.04942793e-01 -5.72211206e-01
 -2.70607501e-01 -2.14417055e-01  5.49105227e-01 -7.79320717e-01
  5.07459939e-01 -6.77689153e-04  2.81504181e-04 -2.34270364e-01
  1.57279626e-01  6.06056094e-01 -4.20353681e-01 -5.84464729e-01
  2.66149670e-01 -5.12387574e-01 -2.07080051e-01 -2.71703005e-01
 -2.05106005e-01  2.20942393e-01 -9.21006858e-01  3.23648512e-01
  4.33096886e-01  7.33364746e-02 -1.98340982e-01 -4.93855506e-01
 -6.89294100e-01  6.02587014e-02 -8.97126719e-02  3.99407655e-01
 -1.87018573e-01  8.92463326e-02 -2.99725264e-01 -1.55441687e-01
  3.47486079e-01  2.82178491e-01  4.19694215e-01  1.55134380e-01
 -1.16505414e-01 -1.75717235e-01  3.27611148e-01  5.51695228e-02
  3.73387218e-01 -1.66614413e-01  1.50819710e-02 -2.42360711e-01
  1.22449778e-01  5.37093580e-01  3.70651454e-01 -6.75179839e-01
 -2.30487987e-01  4.68411744e-01 -6.56977355e-01 -8.94375801e-01
 -5.81995785e-01 -1.02702983e-01 -5.70869088e-01 -5.74259520e-01
 -4.28675741e-01  2.31389746e-01 -5.87648094e-01  5.27140200e-01
 -1.35432541e-01 -3.49061757e-01  2.20525056e-01 -5.16434789e-01
 -2.15833813e-01  1.98885590e-01  1.23256803e-01 -1.67608425e-01
 -6.28982604e-01 -2.82601506e-01 -2.26736084e-01 -2.49921575e-01
  1.01974934e-01 -3.67952704e-01  5.21100342e-01  7.17682838e-01
  8.67065132e-01 -1.78678766e-01  3.08760971e-01 -3.62246484e-01
 -4.94038820e-01 -6.56109869e-01  7.56227598e-02  1.84467956e-01
 -9.68985036e-02  4.71398607e-02 -1.32945165e-01 -2.87313789e-01
 -9.78180587e-01 -3.19053590e-01  3.31853360e-01 -2.46191680e-01
  1.73809994e-02 -1.85013145e-01  4.62290138e-01  1.79328620e-01
  2.59251177e-01  7.66176939e-01 -3.64025652e-01  2.71997869e-01
 -3.02224636e-01  2.61138618e-01 -6.11751914e-01  1.41730681e-01
 -1.54224768e-01  4.24566209e-01 -5.10331392e-01 -5.34509361e-01
 -5.33447266e-01  7.16960073e-01  4.46059614e-01 -6.07499242e-01
  2.07023591e-01 -1.22298248e-01 -5.59150815e-01  4.84924793e-01
  3.39263827e-01  2.01661754e-02  2.77093083e-01 -7.16230199e-02
  6.28801644e-01  2.93567091e-01  8.05922031e-01 -8.94927382e-02
 -2.00201899e-01 -1.22476704e-01  1.70935780e-01  7.12828279e-01
  1.83763400e-01 -8.02681029e-01  6.80369377e-01  3.82238477e-01
 -5.34948111e-01  3.93619537e-01  5.95366955e-01  5.87542713e-01
 -1.38230765e+00 -1.75351441e-01  6.86440587e-01  7.56553888e-01
 -6.60086274e-01 -7.14258658e-06  2.97134340e-01  3.12337548e-01
 -1.88899130e-01 -2.40754262e-01  1.23286712e+00 -9.09240395e-02
 -6.52929991e-02 -2.22514734e-01 -7.49331564e-02 -3.39318931e-01
  2.48290256e-01 -3.78671199e-01  9.35624242e-02  4.35639024e-01
 -5.85079014e-01 -1.83174744e-01 -3.18006545e-01 -2.90594935e-01
 -4.24087793e-01  6.38543367e-01 -5.36976278e-01 -1.30527511e-01
 -1.90998502e-02 -4.49397177e-01 -1.47821322e-01  1.06924582e+00
  1.11024654e+00  1.68292746e-01 -8.28435302e-01 -7.25870073e-01
  1.02730483e-01 -3.82748246e-01 -9.08938646e-02 -5.36572218e-01
  1.47394165e-01 -2.61008650e-01 -2.49914333e-01 -1.99813452e-02
  4.39121537e-02  1.04779318e-01 -2.14180186e-01  1.83400869e-01
 -3.46643627e-01  3.88646126e-01  1.03277528e+00  3.49547789e-02
  3.68846476e-01  6.38868928e-01  6.72288179e-01  3.38695914e-01
  6.50130883e-02 -8.78607035e-01  6.81200475e-02 -5.90404987e-01
  4.95224267e-01 -8.86519551e-02 -7.30560660e-01  9.07346785e-01
 -8.63807574e-02  1.66115239e-01 -3.56405050e-01 -5.11898935e-01
  2.59050071e-01 -4.33588028e-01 -1.34439599e-02  1.83345765e-01
  1.51775464e-01 -1.97776735e-01  7.99921691e-01  4.20220852e-01
  6.37763143e-01 -4.77705687e-01 -7.68992126e-01 -1.67379096e-01
 -3.21367145e-01  1.55838728e-01  3.72185826e-01  5.08289456e-01
 -9.48093012e-02 -1.15304634e-01  1.59989353e-02  2.06453741e-01
 -9.58780050e-01  6.85359314e-02 -6.51793361e-01  7.04318658e-02
  7.30981156e-02  2.11315274e-01  3.15223746e-02  5.27812578e-02
  3.18917871e-01  5.80801547e-01 -7.78379977e-01 -1.61388829e-01
  1.78864390e-01  3.19994479e-01  3.38855326e-01  6.49617970e-01
  5.54922700e-01  5.90652749e-02  5.40966034e-01 -2.23577231e-01
  3.46589625e-01  1.65587157e-01  1.74746141e-01 -5.20546496e-01
  9.49707210e-01 -4.51154590e-01 -8.76128525e-02  1.54448807e-01
  6.02484681e-02  5.61193466e-01 -4.67550218e-01 -8.07605207e-01
  4.19911563e-01 -1.82609066e-01  5.61552107e-01  1.18297470e+00
 -8.05006996e-02  2.96015471e-01 -4.64479625e-02  1.87562793e-01
 -2.05320850e-01  3.64763290e-01 -1.00939989e-01 -6.39843345e-01
  4.27743912e-01  1.48142621e-01  2.72276789e-01  1.41129005e+00
  8.62573981e-02  2.67267913e-01  1.45289376e-01  2.41290808e-01
 -3.22308242e-01 -9.55208763e-02 -3.00914079e-01  1.27816588e-01
 -1.15207039e-01  8.35735679e-01 -6.28821492e-01  5.30882254e-02
 -1.28828391e-01  5.24586625e-02  6.77211404e-01  4.08189178e-01
  1.27430807e-03 -3.65740597e-01 -5.74689567e-01 -4.13478673e-01
 -4.50351298e-01  1.39700668e-02 -6.15269423e-01 -5.08028306e-02
 -2.44748503e-01  4.97177429e-02 -9.58145142e-01  4.67866123e-01
  4.89380181e-01  6.27292097e-02  1.94662705e-01 -5.68079174e-01
 -1.69913232e-01  5.43918490e-01 -6.85943604e-01 -6.36755109e-01
  2.70639420e-01  6.15531914e-02 -3.26060712e-01 -9.57592249e-01
 -1.97490796e-01 -3.58115435e-01  2.89127558e-01 -4.28639263e-01
  1.62303254e-01  1.23498198e-02 -5.65133810e-01 -1.75413221e-01
 -5.32848775e-01 -3.94395769e-01 -7.78370649e-02 -1.52942285e-01
 -4.35021520e-02 -2.34165028e-01  4.55569178e-02  8.60987008e-01
  5.78102887e-01 -3.40484947e-01 -6.78211376e-02  6.00131154e-01
  1.34011349e-02 -3.03174287e-01  1.34680793e-01 -1.44233227e-01
 -5.26163042e-01  4.35550392e-01  5.09154499e-01 -8.33733231e-02
  2.18092039e-01  2.67089635e-01 -7.99122572e-01 -4.18002486e-01
 -3.34506005e-01 -1.05095851e+00  4.23824608e-01 -3.56232166e-01
  8.67233098e-01 -5.95498502e-01  4.30989295e-01 -4.02423292e-01
  3.90986919e-01  1.71622541e-02  4.16390330e-01 -4.85770315e-01
 -1.32328975e+00 -3.38276356e-01 -2.78126150e-01 -6.34211361e-01
  1.08852756e+00 -1.20027043e-01 -7.55029440e-01  2.68978149e-01
  2.81859577e-01  1.83319554e-01 -2.46581674e-01  2.26847857e-01
 -3.90494317e-02 -1.69130769e-02  8.01749900e-03 -1.57665983e-01
  3.53744954e-01  3.58544439e-01  1.78397536e-01 -9.76162311e-03
  8.24940324e-01  3.85430932e-01  1.55031815e-01  1.72671199e-01
 -4.52601820e-01  2.31630221e-01 -8.50178897e-02 -2.92136341e-01
 -1.44215494e-01  4.84172821e-01 -4.87031668e-01  5.14036715e-01
  3.83085430e-01 -8.01923990e-01 -1.51489019e-01  1.19481027e+00
  2.63545394e-01  6.82392240e-01  7.65335336e-02 -9.81333405e-02
 -6.14413142e-01  7.81684965e-02  5.95352292e-01 -1.32365778e-01
 -4.47791576e-01  1.94167018e-01 -1.36386290e-01 -7.82188214e-03
  7.71508753e-01 -3.65745723e-02 -1.18379690e-01  3.81918460e-01
  6.33423403e-02 -3.29495847e-01  9.61151242e-01  9.25962180e-02
 -3.06232810e-01  2.92535964e-02 -5.50469980e-02  4.20026034e-01
  4.79091495e-01  1.94364086e-01  4.59074676e-01 -1.40517382e-02
 -5.84810674e-01  7.21693635e-02  3.96188885e-01 -2.21036226e-01
  8.91806424e-01 -3.36766124e-01 -2.76369184e-01  6.25843644e-01
  3.86376560e-01  1.28298014e-01 -1.49681764e-02 -7.28680491e-01
 -2.71520883e-01 -6.28290713e-01  6.71744421e-02  1.37115344e-01
  4.39225763e-01  3.18459839e-01  1.89389437e-01 -4.35012490e-01
  3.68715554e-01  3.21261317e-01 -1.68234855e-01 -3.00772935e-01
  6.84005171e-02  2.57900000e-01  2.62689501e-01  1.78413033e-01
  2.42349848e-01  8.31109434e-02 -4.74817395e-01  7.60157406e-01
 -2.58183986e-01 -1.07246801e-01 -9.47952121e-02  1.75308958e-01
  5.91599166e-01 -2.41050825e-01  3.20967257e-01  7.49908313e-02
 -4.73887809e-02  5.60566001e-02 -4.47945863e-01  1.06365249e-01
 -2.00239748e-01  2.81386194e-03 -2.55647004e-01  8.40660557e-02
 -6.80085182e-01 -8.13112259e-01 -2.01230571e-02  4.06319648e-01
 -4.02574241e-01 -5.07808864e-01  4.86407310e-01 -1.20434076e-01
 -5.76042056e-01 -1.56621480e+00  5.19383132e-01  8.15850645e-02
  1.06269373e-02  1.05899330e-02 -2.20879242e-01 -2.32655033e-01
 -1.76005363e-01  2.45941177e-01 -6.74645543e-01 -3.29390198e-01
 -9.80719566e+00 -1.24987848e-02 -5.16305089e-01 -1.69034228e-01
 -1.28199637e-01 -4.53296870e-01  1.13936782e+00  8.25395584e-01
 -5.36453128e-01  3.24026257e-01 -5.62829137e-01  2.93635935e-01
  5.91186583e-01  3.53038192e-01  4.28162724e-01 -3.93927336e-01
 -6.78737909e-02  6.66920915e-02  3.08079898e-01  1.39982000e-01
 -1.82690114e-01 -1.62025258e-01  1.01952136e+00  3.14514697e-01
  6.64615780e-02 -6.18861258e-01 -1.65896490e-01  6.42012000e-01
 -2.04370409e-01  2.01991171e-01 -9.69994366e-01  9.67738569e-01
 -1.64439350e-01  5.63455336e-02 -4.27154571e-01  1.41432285e-01
 -8.07258338e-02 -4.51164246e-02 -8.57247651e-01  4.81636137e-01
  3.63676101e-02 -1.15515734e-03  2.12058321e-01 -7.37558529e-02
  4.53648657e-01 -2.47572556e-01 -1.13700464e-01  2.64775455e-01
  3.16004544e-01 -1.87130738e-02 -1.75688401e-01  2.80899644e-01
  6.08626902e-01 -5.37230492e-01  3.72936457e-01 -7.10644662e-01
  3.59981090e-01 -9.49310005e-01  2.19201967e-01 -2.92246699e-01
  5.07802777e-02  1.27202868e-01  5.29527009e-01  7.47220516e-01
 -7.87647441e-02  5.49038589e-01 -2.04139622e-03 -6.29251659e-01
 -6.55556560e-01 -1.58900291e-01  3.97139251e-01  1.71144515e-01
  2.27958634e-02 -2.40527719e-01  1.44262925e-01  4.69414949e-01
 -8.20372067e-03  3.55487317e-01  7.01573551e-01 -2.77191818e-01
  7.40035355e-01 -5.10673463e-01  3.53430718e-01  5.59746802e-01
 -7.75950968e-01  3.75806212e-01  1.69567689e-01 -1.91189870e-01
 -2.10226551e-02 -7.55651236e-01  4.54522610e-01 -2.34404549e-01
 -2.77356386e-01  7.50988349e-02 -1.68514609e-01  1.70134261e-01
 -8.15538764e-02 -1.39744431e-01  9.23962072e-02 -5.64954102e-01]"
ナ,"[-1.36217847e-01  3.79785836e-01 -7.92758390e-02 -5.09535491e-01
 -1.95318786e-03  2.65511032e-02  3.28162432e-01  1.86124414e-01
 -4.10467416e-01 -4.79793012e-01  5.64779341e-01 -1.58841357e-01
 -3.58249873e-01 -1.21736579e-01  8.01063955e-01 -2.62379080e-01
 -1.14656851e-01  5.74271560e-01  7.07754716e-02  2.66021073e-01
 -1.86416194e-01 -6.59682512e-01  3.99309322e-02  2.96137743e-02
  4.26596284e-01 -2.26286814e-01 -5.27459085e-02  2.43042350e-01
 -1.87669918e-01 -3.39602441e-01 -6.15385592e-01 -7.27221608e-01
 -2.41543472e-01 -5.58901489e-01 -3.99754226e-01  3.63775998e-01
  4.19665515e-01  1.36867613e-01 -1.26615241e-01 -3.62567186e-01
 -3.51681143e-01 -3.00753027e-01 -3.07276398e-01 -3.41567010e-01
  1.82689756e-01  7.73475230e-01 -1.72071517e-01  2.98296034e-01
  1.09790802e+00 -5.19320881e-03 -2.24340603e-01  3.36468339e-01
 -9.59923957e-03 -4.88534989e-03  1.07273594e-01 -1.52681500e-01
  6.55446112e-01  3.33327949e-02 -4.53105271e-02  3.10871243e-01
  6.76823854e-02 -1.04677454e-01  4.56239283e-01  2.24224582e-01
 -7.09120929e-01 -3.74676853e-01  4.51853909e-02 -6.66756928e-02
 -3.65355164e-01 -4.55440432e-01 -3.05466056e-01 -1.93880707e-01
  3.06158047e-02 -8.07640776e-02  1.83492303e-02 -4.41437542e-01
  1.64273813e-01 -4.63895202e-02  5.95329642e-01 -7.01336637e-02
 -3.65556823e-03  5.08116007e-01  5.08597158e-02 -1.96027994e-01
  2.67019659e-01  4.62842956e-02 -3.44363570e-01 -9.88484859e-01
  3.15028399e-01 -2.64876187e-01 -1.39831915e-01  5.50535142e-01
 -2.55879790e-01  1.75825730e-01 -5.80384552e-01 -1.28734753e-01
  1.76557988e-01 -1.89133123e-01  6.04552999e-02  2.59222746e-01
 -4.22254391e-02 -7.70054460e-02  7.04882324e-01 -5.76668568e-02
 -1.53928623e-01  3.42632353e-01 -3.43115151e-01  4.49620113e-02
  2.42110752e-02 -7.46607408e-02 -3.88004512e-01 -3.23105186e-01
  1.31809622e-01  5.69591165e-01 -6.86645955e-02  2.54773289e-01
  8.70746672e-02  2.53773272e-01  2.56878912e-01  2.00417340e-01
  4.36134845e-01  8.56271565e-01 -2.30346486e-01 -1.05310023e-01
 -5.41190982e-01  5.03071785e-01 -1.98655307e-01 -3.05972755e-01
 -1.14055686e-01 -5.99570692e-01  4.72426526e-02  2.75245816e-01
 -1.28947541e-01  2.38380015e-01 -5.20284116e-01  7.78640866e-01
 -1.01966277e-01  4.08485919e-01  4.54666317e-02 -4.16279823e-01
  3.09428930e-01  2.98197530e-02  2.51705293e-02  1.33771747e-01
 -3.04233849e-01  3.02716553e-01  1.36913702e-01 -2.07376768e-04
  3.76660138e-01  5.68434715e-01 -1.34753644e-01  7.10936606e-01
 -7.64993131e-01 -1.17561013e-01  1.90661415e-01  3.33658755e-01
 -7.87062764e-01  2.36750439e-01  4.83446121e-01  8.27533305e-01
  8.74495357e-02 -8.20303857e-01  5.06666861e-02 -5.36461994e-02
  3.01194191e-01  1.36812225e-01  1.21609658e-01 -3.14265013e-01
  4.17913049e-01  4.48738635e-01  3.17748487e-01  2.46622518e-01
  2.27483809e-02 -2.00229630e-01  6.43893063e-01  6.77333772e-01
  2.43685111e-01  2.57706285e-01 -1.15250852e-02 -1.76610917e-01
 -2.47992203e-01 -4.40509081e-01  7.68386200e-02 -1.65818632e-01
  9.74546149e-02 -3.75914931e-01 -1.54532149e-01 -3.64104837e-01
  1.88847661e-01 -1.59631923e-01  6.68581054e-02 -2.98287272e-01
  3.53886485e-01 -1.14993319e-01  2.72798166e-03 -5.53391516e-01
 -3.80839705e-02 -4.13825214e-01 -9.75275040e-02  2.52881944e-01
 -4.01181877e-01  5.58508001e-02 -1.11496776e-01 -1.42224833e-01
 -1.08030295e+00 -5.20593338e-02  3.11988711e-01  7.99841583e-01
  4.60781097e-01  4.70659047e-01 -1.18820198e-01 -2.65575480e-02
  6.86475158e-01  1.83247432e-01  2.20387485e-02  1.38242573e-01
 -6.60987377e-01  1.32219061e-01  2.95667499e-01  5.98401092e-02
 -5.83511233e-01  1.12225980e-01  2.05917597e-01  4.03799087e-01
  4.57566790e-02  6.79417625e-02  8.97147134e-02 -1.06335782e-01
  2.76489615e-01  2.20542759e-01 -9.18733925e-02  2.29321420e-02
 -7.94441044e-01 -1.39095321e-01 -1.19558227e+00  4.44883972e-01
 -1.01232916e-01  5.70947587e-01 -7.26514831e-02  8.01285803e-02
  3.90290692e-02 -2.42909957e-02 -7.13287592e-02 -1.06457040e-01
 -5.04622236e-02  5.21994591e-01 -2.17935219e-01 -2.63024211e-01
 -3.88072252e-01  6.34832829e-02 -9.22822654e-02 -6.15083814e-01
  2.72369564e-01 -2.32835665e-01  6.31019831e-01  4.55764443e-01
  4.66444761e-01 -6.27220929e-01 -3.09162855e-01 -3.47595394e-01
 -2.33423427e-01 -5.47605753e-01  1.95025384e-01 -3.92802775e-01
 -2.44636402e-01 -6.13931753e-03  3.07361662e-01 -7.44153321e-01
 -2.54494816e-01 -5.41086376e-01  2.85130084e-01 -7.32665181e-01
 -3.65930125e-02 -2.10548982e-01 -1.57022804e-01 -2.61361718e-01
 -2.50898272e-01  2.97212362e-01 -7.76135921e-01  1.28358558e-01
 -5.88600695e-01  4.96300757e-01 -7.17930615e-01  2.75920719e-01
  2.24471271e-01 -2.24002495e-01 -4.96995419e-01 -1.19362988e-01
  2.06217155e-01  1.59566939e-01  2.91711509e-01 -1.50227964e-01
 -1.06531978e-01 -2.88291186e-01 -2.69295812e-01 -1.27763137e-01
  1.79937214e-01 -2.57913977e-01  1.82493612e-01 -1.06588555e-02
  4.38590735e-01  5.49603939e-01  5.10780990e-01  8.62148404e-02
 -1.89244464e-01 -5.10406494e-01 -8.06207210e-02 -4.01949018e-01
  8.37279558e-01 -1.27503648e-01  6.81416690e-02  8.43417823e-01
 -3.43123525e-01  4.27420944e-01  4.92610663e-01  3.57669204e-01
 -1.83962739e+00  8.63521472e-02  1.83601186e-01 -1.78991839e-01
 -1.02437764e-01  4.95744765e-01  3.24417114e-01  3.79628479e-01
 -2.82256156e-01 -2.42777660e-01  1.53881446e-01  4.30253983e-01
 -2.43113890e-01 -5.06444931e-01  2.94239849e-01 -1.20952807e-01
 -1.11387268e-01 -5.77569306e-01 -2.61537135e-01  3.22505057e-01
  5.52402794e-01 -7.49784410e-02 -4.16341238e-02 -4.51178700e-01
  1.46364989e-02 -4.89417017e-02 -7.73097873e-02 -3.48984972e-02
 -5.18511772e-01 -2.18516905e-02 -5.50190685e-03  4.79943335e-01
  5.31697452e-01  6.18142724e-01  5.17191410e-01 -3.68477814e-02
  4.15738523e-01  4.09637064e-01  2.78648823e-01  2.58205205e-01
 -1.92478687e-01  3.38051021e-02  6.54076815e-01  4.56723630e-01
  1.25677779e-01  2.34822974e-01  2.94249147e-01  5.72276235e-01
  4.93437529e-01  2.86634922e-01  3.06924045e-01  1.74232289e-01
  4.80722755e-01  7.67842352e-01  4.61996824e-01 -1.49397627e-01
 -5.35545051e-01 -2.07195401e-01  4.61773090e-02 -7.19204664e-01
 -2.36712545e-02  1.69839919e-01  4.68096703e-01 -6.63670242e-01
 -3.45444322e-01 -2.95199662e-01  1.76241323e-02 -7.02230990e-01
 -3.58724922e-01 -6.69557035e-01 -6.39351606e-01 -1.93379059e-01
  1.65576994e-01 -4.11117226e-01  5.45201898e-02 -6.07914478e-02
  7.05879748e-01 -6.72730744e-01 -3.99949640e-01  1.13895223e-01
 -6.31103158e-01 -2.93652326e-01 -3.77531469e-01 -1.63616955e-01
 -3.91004562e-01 -1.25441849e-01  3.14322710e-01 -4.70428199e-01
 -7.83000410e-01 -2.88838267e-01 -6.09501421e-01 -3.22668433e-01
  3.07533801e-01  5.02631187e-01  3.61660123e-02  5.98707616e-01
  2.11616114e-01  3.22341442e-01 -3.80458027e-01  7.36585975e-01
 -8.92982781e-01  4.00662065e-01  2.41615936e-01  4.03680295e-01
  6.13344252e-01  5.35341918e-01  4.90175307e-01  8.57306346e-02
  1.54749513e-01 -3.47645255e-03 -1.79560825e-01 -6.78959489e-01
  6.71502113e-01 -4.02425438e-01  5.00388384e-01 -1.75969094e-01
 -2.62269527e-01  4.49397892e-01 -3.34530354e-01 -2.27431476e-01
 -1.88923135e-01  3.93853813e-01  3.31171937e-02  1.88998282e-01
  2.92169690e-01  9.07335699e-01 -1.43206015e-01 -1.83547169e-01
  9.28238034e-02  1.60436437e-01  4.88099992e-01  1.68469951e-01
  5.57058044e-02 -6.00753911e-02  2.54856884e-01  1.46979168e-01
 -1.44283250e-01  2.38408491e-01  2.79301614e-01  4.87950534e-01
  1.73891008e-01  2.02815458e-01  2.59649754e-01 -1.50730982e-01
 -4.01128232e-01 -4.44263101e-01 -7.44524181e-01 -3.40825647e-01
 -5.52254975e-01 -7.67023489e-02  9.34108198e-01 -2.39603773e-01
  2.25190129e-02 -4.28295434e-01 -4.49173182e-01 -3.42966765e-01
 -5.46806157e-01  1.06074482e-01  4.81443912e-01  2.84314156e-01
  9.18398738e-01  1.30967349e-01 -7.45666564e-01  1.76642686e-01
  2.21011579e-01  4.07253027e-01  6.63063765e-01  9.09066014e-03
  3.50896940e-02  1.83811858e-01  1.82680011e-01  4.70659614e-01
 -1.01974562e-01  6.26978725e-02 -9.40832615e-01 -6.52404249e-01
 -3.24350387e-01  3.67973775e-01  3.67124885e-01 -2.21401602e-01
  4.15161073e-01  9.94877517e-02 -4.92430925e-01 -7.80409276e-01
 -2.40423933e-01 -3.42800945e-01  1.29675731e-01 -9.90501523e-01
 -9.37732756e-02  1.18506961e-01 -1.67349026e-01  4.45392698e-01
  2.83873439e-01 -4.39427286e-01  2.52377331e-01  4.21399295e-01
  5.71334600e-01 -7.26973414e-01 -2.95927469e-02  2.91597378e-02
  4.24708948e-02  2.92873144e-01  2.04589441e-01 -1.02795161e-01
 -7.58736432e-02 -1.95115730e-01 -8.25254500e-01 -4.65269268e-01
 -5.27914286e-01 -1.17438126e+00  6.21102273e-01  1.46073565e-01
  1.34798642e-02 -4.54668194e-01  3.69665682e-01 -9.39018354e-02
  1.79259390e-01  3.46551925e-01  2.71567196e-01 -4.09156322e-01
 -9.87835944e-01  1.17123187e-01 -4.00100410e-01 -7.79720724e-01
 -6.15735836e-02  7.60794103e-01 -3.06203067e-01 -1.51217744e-01
  6.68269396e-02 -4.68070358e-02  5.00749517e-03 -3.84405628e-02
 -2.85034955e-01 -7.58327544e-02  7.27977306e-02  1.18851520e-01
  2.82191873e-01  1.08784445e-01 -5.96040972e-02  1.46751404e-01
  2.27181897e-01  8.85928571e-01  2.84479290e-01  1.18054681e-01
 -3.82209152e-01 -2.01807499e-01 -7.07857534e-02  6.98361918e-02
  2.02183425e-01  4.53183949e-01 -6.44808471e-01  1.25333160e-01
  6.75511301e-01 -6.16195202e-01  6.16117045e-02  4.95503813e-01
  6.56136870e-01  2.38089874e-01 -3.15300524e-01 -1.00683272e-02
 -6.44401968e-01  3.05437386e-01  4.04159427e-01  6.76220596e-01
 -1.20024569e-01  9.89443287e-02 -1.09465942e-01 -8.93416941e-01
 -6.44049406e-01  1.70678586e-01  2.32825950e-01  3.58750582e-01
  2.90902436e-01  6.03955314e-02  3.64982843e-01  2.88788140e-01
  3.25582206e-01  2.98508048e-01 -2.11853176e-01 -1.69587851e-01
  9.25581336e-01 -1.00967355e-01  4.19761032e-01 -5.97174942e-01
 -1.12329876e+00 -1.14141829e-01 -1.00131340e-01  2.89266169e-01
  6.18421614e-01 -2.26853136e-02 -2.46456966e-01  5.18426597e-01
  3.93800706e-01  2.33769998e-01 -3.89728211e-02 -7.22244859e-01
 -5.15709594e-02 -8.79537985e-02 -3.18342112e-02  2.17369661e-01
 -9.24059898e-02  3.81692141e-01  4.86069262e-01  4.05491590e-01
  5.01701906e-02  2.69278318e-01  7.19921067e-02 -2.63382852e-01
  3.92926067e-01  2.74747610e-01 -4.12314445e-01 -3.01242560e-01
  2.44315729e-01 -4.21547800e-01  7.09136343e-03  3.57484549e-01
 -2.73204625e-01 -5.03464162e-01 -1.94650888e-01 -3.36996615e-01
  3.47201884e-01  1.80828840e-01 -5.29132307e-01 -3.22091542e-02
 -6.23873733e-02  3.67710628e-02 -1.78253248e-01 -4.06050496e-02
 -3.81089188e-02 -8.67923498e-02 -1.65621966e-01  3.79243270e-02
 -6.91981614e-01  1.61953513e-02 -8.07290912e-01  1.26615137e-01
 -2.16477290e-01 -7.05652595e-01  4.07820255e-01  7.20290840e-02
 -4.22391802e-01 -1.19935584e+00  3.84969234e-01  1.55750945e-01
  5.93656301e-01 -2.86965460e-01  4.22575116e-01 -2.09008619e-01
  3.65491688e-01  2.06109527e-02 -5.05034685e-01  5.86398458e-03
 -1.02386160e+01  2.93695301e-01 -8.07565212e-01 -4.65996787e-02
 -2.19530776e-01  2.15877116e-01  4.06636357e-01  2.02618510e-01
 -1.14357591e-01  7.83499703e-02  4.85066801e-01  6.26463711e-01
  2.03689128e-01  3.30434442e-01 -5.96944213e-01 -2.57458121e-01
  1.55121490e-01 -5.21634400e-01 -4.14517932e-02 -6.80052564e-02
  3.14117461e-01 -5.96499518e-02  7.12457478e-01  4.58022505e-01
 -4.48841117e-02 -2.83873647e-01 -4.76288140e-01  6.18951201e-01
 -3.41623366e-01  3.32348108e-01 -5.62076449e-01  2.32299924e-01
  3.24432969e-01  5.09893335e-02 -3.02852899e-01 -2.84949720e-01
 -8.83074999e-02  1.36656255e-01  1.83941081e-01  1.22880384e-01
 -4.62945290e-02  4.57452267e-01  5.45233749e-02  6.43202439e-02
  2.69053727e-01  3.59110266e-01  4.33827117e-02  3.14644277e-01
  5.46511352e-01 -2.06803922e-02 -1.34080142e-01 -2.38514975e-01
  1.48372516e-01 -1.07856549e-01  3.60755771e-01 -3.13270502e-02
  7.97114253e-01 -2.66944528e-01 -3.02110076e-01  3.60109583e-02
  4.78554875e-01 -1.68002859e-01  6.27351522e-01  3.93252403e-01
  3.06651354e-01  3.53701234e-01  5.44516444e-01  3.99895757e-01
 -2.98449010e-01 -3.67829949e-01  2.15354741e-01  2.46415168e-01
 -1.14773951e-01 -3.16884935e-01 -3.18966627e-01  6.03009045e-01
  6.61231354e-02 -2.57588595e-01 -2.31780112e-02  9.41014364e-02
  2.65585244e-01 -5.33725787e-03 -4.46496755e-01  5.85658699e-02
 -9.59826112e-01 -6.34158403e-02 -3.14684808e-02  4.64487463e-01
  1.35348931e-01 -6.52033329e-01  4.94852304e-01 -1.96370915e-01
  1.20603964e-01  5.20343333e-02 -7.96077028e-02  9.75164324e-02
  2.76541382e-01  1.29650429e-01  6.51039779e-01  3.14553797e-01]"
リ,"[ 4.15574163e-01  1.73705533e-01  5.84969282e-01 -2.15113819e-01
 -6.59065023e-02  3.58433783e-01  8.66575912e-02  2.66978949e-01
 -1.72634229e-01 -2.76369363e-01  9.45779145e-01 -1.03867151e-01
  1.14848763e-01 -1.90174177e-01  6.06553435e-01  2.56544471e-01
 -2.10336283e-01 -1.45382464e-01 -3.79101068e-01 -3.13007265e-01
 -7.06943750e-01 -1.38543680e-01 -2.08536461e-01  2.60790318e-01
  2.62278974e-01 -6.75069869e-01  2.37501398e-01  1.09544225e-01
  1.37151837e-01 -2.71057039e-01 -2.82995790e-01 -1.27565801e-01
 -3.67004395e-01  3.04925114e-01 -6.22990727e-01  2.34862953e-01
  1.65756330e-01 -2.43984178e-01 -7.19552338e-02 -3.80283564e-01
 -6.44666776e-02  1.43115222e-01 -1.06493667e-01 -2.46557206e-01
 -1.52653381e-01  5.55555522e-01  1.12045109e-01  4.21115994e-01
 -3.70425358e-02 -1.26980364e-01 -4.27351892e-01  6.21824801e-01
  6.06118977e-01  4.41755988e-02 -4.99552861e-02 -9.21466574e-02
  5.91787577e-01 -5.28415978e-01  1.67573162e-03  2.29054436e-01
 -4.49272752e-01 -6.57725990e-01  8.36504251e-02  1.20218687e-01
  1.04032261e-02 -2.94234860e-03  9.78533104e-02 -5.89031018e-02
  1.03179224e-01 -4.27993715e-01  1.85435683e-01  1.88989207e-01
  2.96833903e-01 -7.30698645e-01  4.90798265e-01 -4.11564201e-01
 -9.31286812e-02  4.96345103e-01 -7.42833316e-02  1.20219715e-01
  3.93482856e-02  3.77549917e-01  2.59019136e-01 -4.72523242e-01
 -2.51420796e-01  3.09351653e-01 -4.41042721e-01 -5.46968341e-01
  6.42799139e-01 -6.24236941e-01  4.83546227e-01  3.27676296e-01
 -1.36945859e-01  3.07484176e-02  9.45173129e-02  1.96505442e-01
  2.94353038e-01  2.63064414e-01 -6.17357492e-02  3.56629938e-01
  2.08873257e-01  1.28542334e-01  3.54311466e-01 -4.54580098e-01
 -3.00903320e-01  4.47453707e-02  1.25949457e-03  6.63582623e-01
 -5.68277426e-02 -1.31684154e-01 -7.10168719e-01 -1.88595012e-01
 -3.97656202e-01 -9.51344594e-02  4.00575608e-01  4.14895684e-01
 -1.41158044e-01  7.50766814e-01 -2.81035632e-01  4.60514098e-01
  1.88682601e-01  1.08329162e-01  1.81182563e-01 -2.60151327e-02
 -1.42708510e-01  6.55366957e-01 -5.80356777e-01 -1.35846004e-01
 -3.55211407e-01 -6.35026246e-02 -4.11359191e-01 -4.94754374e-01
 -7.69182667e-02  2.13104069e-01 -4.98785496e-01  8.96427810e-01
 -1.77300438e-01  1.00678563e-01  2.03744918e-01 -2.13679761e-01
 -3.63456011e-01  1.63713679e-01 -5.50299697e-02 -5.82963377e-02
  3.97834897e-01  3.05824965e-01 -5.71902633e-01 -3.57894689e-01
  4.38408762e-01  2.76809335e-01 -1.69639394e-01  1.00901079e+00
 -8.47629547e-01 -9.63473246e-02 -1.03415102e-01  4.60344404e-01
 -5.48450232e-01 -3.59712238e-03  3.11294645e-01  3.32892269e-01
  3.34483415e-01 -2.05487013e-01  3.14145982e-02  4.73260283e-01
  3.65625583e-02  8.30999017e-02  3.05743009e-01 -1.41748235e-01
 -2.40112320e-01  5.58398485e-01  9.43792537e-02  3.58174086e-01
 -1.20141603e-01 -4.58887331e-02 -1.84908099e-02  3.00485760e-01
  1.02763295e+00 -9.40973833e-02  2.85144448e-01 -4.89667296e-01
  2.11465657e-02 -2.14492783e-01  2.93482900e-01 -7.41363943e-01
  3.25301230e-01 -5.59189320e-01 -2.09238932e-01  5.23913465e-02
 -5.25955796e-01  1.02758825e-01 -4.45218265e-01 -3.63751918e-01
  2.42939100e-01 -4.48396295e-01  2.81461895e-01 -3.42379898e-01
  8.66240934e-02  5.82155734e-02 -3.16875845e-01  7.46935308e-01
  3.93045880e-02  1.33621888e-02 -3.90297353e-01 -2.98270583e-01
 -7.35456169e-01 -4.55073029e-01  1.37339653e-02  8.43980253e-01
  1.56880930e-01  3.71593416e-01  1.81559548e-02  2.89724559e-01
  4.26865429e-01 -6.64304122e-02  3.43674868e-01  2.73302704e-01
 -2.81351656e-01 -2.31253862e-01  5.42663276e-01 -5.42216897e-01
 -7.83604458e-02 -6.24250993e-02  1.08305693e-01  3.09326112e-01
 -3.57275046e-02  3.40706408e-01  4.38247174e-02 -3.64983469e-01
 -1.50352955e-01  4.58734483e-01 -4.44945633e-01 -5.69152415e-01
 -3.83869559e-01 -6.77064061e-02 -7.25255072e-01 -4.12586570e-01
 -3.84187698e-01  2.44046047e-01 -4.76640791e-01  5.65595865e-01
  1.63268030e-01 -1.10637836e-01  5.32652080e-01 -5.80923557e-01
 -1.32880723e-02  2.43994460e-01 -8.58723223e-02 -5.26644349e-01
 -6.20648503e-01 -1.74590386e-02 -4.27808851e-01 -4.39773440e-01
  1.59814194e-01  8.27487260e-02  2.51042366e-01  1.86206028e-01
  7.63754725e-01 -2.46177346e-01  4.65389490e-02 -4.86193657e-01
 -1.36365429e-01 -4.29643810e-01 -2.65878476e-02  5.62629282e-01
  9.56510380e-03 -2.33402386e-01  3.24613363e-01 -1.68358192e-01
 -5.58327317e-01 -4.37325239e-01  3.78862351e-01 -3.49049240e-01
  2.04595476e-02  5.29879006e-03 -3.88858616e-02 -1.11176193e-01
 -2.30547801e-01  4.82737571e-01 -3.50940555e-01  3.54859717e-02
 -5.22750840e-02 -3.00101880e-02 -2.81712860e-01  2.07405221e-02
 -1.03510339e-02  2.69648880e-01 -6.74682319e-01  2.81411022e-01
 -2.47145802e-01  4.33015436e-01  2.80744016e-01 -2.09375307e-01
 -9.02287304e-01 -4.98237498e-02 -2.48383135e-01  2.69875955e-02
  6.58741653e-01 -1.68869630e-01 -6.57260567e-02  1.24361381e-01
  5.44073164e-01  6.83470488e-01  2.42262825e-01  1.62628710e-01
 -1.45516559e-01 -5.80813229e-01 -4.14805532e-01  1.79936320e-01
  5.36332250e-01 -8.37917089e-01  3.16213369e-01  9.75469232e-01
 -3.31756711e-01  8.46412480e-02  5.99017680e-01  5.66344261e-01
 -1.59375119e+00 -4.38726515e-01  6.98964000e-01  1.76596180e-01
 -6.65959939e-02 -3.58830094e-02  3.02484870e-01  6.14723086e-01
 -3.91457200e-01 -3.60179842e-01  6.86068535e-01  4.86749643e-03
  2.99697625e-03 -6.25320673e-01  2.07417205e-01 -1.55254200e-01
  7.80286789e-02 -5.59861004e-01  8.23785141e-02  4.98115599e-01
 -4.19276282e-02  7.25145787e-02 -1.59446821e-01 -4.13839310e-01
 -2.90171713e-01  3.03841650e-01 -3.14184904e-01  1.35578513e-01
 -4.37531352e-01 -8.89878571e-02  1.22348137e-01  1.08617926e+00
  9.03781474e-01  5.21434844e-01 -1.32389054e-01 -4.91334319e-01
  1.32123470e-01  2.57129930e-02  3.35916817e-01  2.34231248e-01
 -4.26425666e-01 -2.70447791e-01  1.11840896e-01  1.75130516e-01
  2.40033939e-02 -1.53195664e-01 -4.30678874e-01 -8.07780325e-02
 -3.31583768e-01  9.28807795e-01  4.63261157e-01 -4.08561170e-01
  2.79468477e-01  6.34987593e-01  4.52757210e-01  2.43213639e-01
 -1.16194531e-01 -5.13324678e-01  8.50288011e-03 -2.64928639e-01
 -9.72506255e-02 -1.24608882e-01 -3.72911185e-01  5.38250864e-01
 -1.30363673e-01  2.08877608e-01 -1.85306475e-01 -1.11519739e-01
  4.61699396e-01 -6.95139408e-01 -3.22302073e-01 -2.93235451e-01
 -2.87100405e-01 -1.98936149e-01  9.13974464e-01  4.58590120e-01
  2.09223017e-01 -1.69889197e-01 -8.27265501e-01  7.88535830e-03
 -6.06000841e-01 -1.43469647e-01 -1.72360554e-01 -8.32434818e-02
 -9.75953117e-02  3.09647135e-02 -3.31171244e-01 -1.55855685e-01
 -2.71454692e-01 -3.61443944e-02 -5.93545258e-01  1.72322094e-01
  5.39852493e-02  3.87353599e-01 -1.00771524e-01 -9.06977132e-02
  2.90568262e-01  3.00573677e-01 -3.77814502e-01 -9.53904614e-02
 -3.99023771e-01  2.22654432e-01 -4.57562394e-02  7.06191778e-01
  4.96117890e-01 -1.76927224e-02  2.87250042e-01 -1.34994075e-01
  3.79000455e-02 -5.11994511e-02 -8.73193890e-02 -5.33837318e-01
  8.65392923e-01 -4.27018344e-01  5.50712645e-01 -6.99476600e-02
  1.37788162e-01  6.39897585e-01 -6.79352462e-01 -5.39774597e-01
  6.02883458e-01 -1.71418652e-01  2.96965271e-01  5.15359879e-01
  4.51451987e-01  5.36329806e-01  2.05167625e-02  3.19721550e-01
 -4.25821811e-01 -3.25358629e-01 -2.24837989e-01 -4.09786403e-01
  1.35548443e-01  9.95238777e-03  1.72742859e-01  4.57956702e-01
  4.41647947e-01  2.74347216e-01  1.71263337e-01  4.77988906e-02
 -1.95390210e-01  6.93943575e-02  6.36896193e-01  7.88161814e-01
 -1.18958063e-01  3.25173557e-01 -4.34671819e-01 -1.55281723e-01
 -7.14031905e-02 -2.16490999e-01  1.49891436e-01 -4.81563300e-01
  4.60052490e-01 -5.32066941e-01 -3.61410260e-01 -6.34756505e-01
 -7.58684874e-01 -5.67841232e-02 -4.44907606e-01 -1.63823947e-01
  2.62022555e-01 -4.75715138e-02 -2.08581358e-01  6.16686881e-01
  5.56760371e-01  9.43772346e-02  6.94323927e-02 -2.77747959e-01
 -2.12987483e-01  6.63376927e-01  6.89050108e-02 -4.70045775e-01
  4.88370031e-01  2.94537902e-01 -5.24165392e-01 -7.80881524e-01
 -7.02204928e-02  8.91630277e-02  1.36164024e-01 -8.81540552e-02
  1.25577584e-01  6.58189654e-02 -8.35507929e-01 -1.72829479e-01
 -2.02807009e-01 -3.47479016e-01 -4.20623630e-01 -5.45491278e-01
  3.03621352e-01 -2.22223803e-01  1.06712453e-01  2.20640287e-01
  4.99519974e-01 -2.35175461e-01 -4.07555908e-01  2.23868579e-01
  4.46509957e-01 -4.99867976e-01  5.44939563e-02 -9.35288146e-02
 -4.19368371e-02  1.70756623e-01  2.65392482e-01  7.84577951e-02
  3.54638100e-01  1.98603958e-01 -8.14212978e-01 -5.74692667e-01
 -1.04998872e-01 -7.89721251e-01  4.27511305e-01  2.07841560e-01
  5.95178545e-01 -2.61622757e-01  2.02206925e-01 -6.60689101e-02
  1.72920212e-01 -1.53711215e-01  3.44105840e-01 -4.37027514e-01
 -1.06974995e+00 -4.84536886e-02  1.01086624e-01 -7.57080555e-01
  6.79360569e-01  4.49164718e-01 -1.79763421e-01  4.11381572e-01
  4.82317239e-01  2.53155470e-01 -2.41950601e-01  6.57992661e-01
 -4.78584230e-01 -2.97390521e-01  2.15802297e-01 -1.79580316e-01
  6.06348813e-01  1.24603160e-01 -2.78890610e-01 -5.18852621e-02
  3.18283081e-01  2.81445950e-01  3.98781627e-01 -2.41642408e-02
 -4.87589926e-01 -3.50171685e-01 -4.19321656e-01 -2.09225163e-01
 -1.29511133e-01  7.15904653e-01 -6.50988162e-01  5.33869982e-01
  4.19457912e-01 -4.96269435e-01  2.22279057e-01  8.38519990e-01
 -5.00520244e-02  2.26486415e-01  1.94932986e-02  4.49788496e-02
 -9.88382101e-01  1.39091730e-01  3.25984687e-01  1.08674042e-01
  8.54371861e-02  1.65428251e-01 -1.28888339e-01 -2.28087887e-01
  6.25805080e-01 -1.24268770e-01 -1.18533060e-01  1.42376870e-01
  8.00149679e-01 -4.11509633e-01  5.03183365e-01  4.07354057e-01
  3.67965698e-01 -4.54719551e-02  2.54871964e-01  7.12287128e-01
  1.14996350e+00 -1.36095472e-02  4.34292108e-01 -2.06326395e-01
 -8.08442473e-01  1.59907296e-01  8.80524591e-02 -2.45340437e-01
  5.12770653e-01 -1.78902820e-01 -1.91618696e-01  9.86230910e-01
  9.21958208e-01  7.97009692e-02 -4.26032215e-01 -3.00063074e-01
  3.48288357e-01 -3.57263744e-01 -1.05993479e-01  1.12421617e-01
  3.03046465e-01  3.77035767e-01  3.77501488e-01  1.43712014e-01
  2.58092105e-01  5.34925699e-01  8.12523961e-02 -8.58078748e-02
  3.76196615e-02  5.63780926e-02 -2.39789024e-01  5.03246129e-01
  2.51395702e-01 -7.21144900e-02 -1.48138791e-01  2.20692411e-01
 -2.25783110e-01 -9.81673002e-02 -5.54924905e-01  3.92213196e-01
  1.46305710e-01 -2.21068457e-01  4.57989722e-02 -4.42461461e-01
 -6.70303479e-02 -1.04027353e-01 -3.98284137e-01 -1.90586150e-01
  1.51974931e-01  1.73184514e-01 -5.67422062e-02 -3.41241449e-01
 -7.38314271e-01 -4.47931409e-01 -4.17683989e-01  2.55480617e-01
 -9.44246352e-01 -6.30766571e-01  4.92764801e-01  1.22538149e-01
  5.58445603e-02 -1.53969359e+00  7.61873841e-01  7.34585300e-02
 -2.15733573e-02  2.92838633e-01  5.62065184e-01 -5.28189652e-02
  8.56156573e-02 -4.02958095e-01 -4.22436029e-01  2.12016851e-01
 -1.02313509e+01  2.01148883e-01 -1.99200377e-01 -7.90314019e-01
 -3.09606522e-01 -7.50971586e-02  7.79719472e-01  8.94804299e-01
 -2.26164505e-01  2.22565666e-01 -3.97135496e-01  8.39750841e-02
  1.28252953e-01  1.38154164e-01 -4.65624511e-01 -1.56388670e-01
 -4.77006674e-01 -1.80676371e-01  6.65516183e-02 -7.31686205e-02
 -4.83422667e-01 -1.23878673e-01  3.79443765e-01  5.08643277e-02
  1.79980099e-02 -7.07792997e-01 -3.91027004e-01 -2.76980281e-01
 -8.99910554e-02  4.99729998e-03 -1.00414562e+00  1.46933377e-01
 -1.43571228e-01  1.18871227e-01 -5.08602932e-02  4.68993962e-01
  1.61664456e-01  1.60310984e-01 -1.69839457e-01  2.54053861e-01
  4.85661656e-01  2.65144199e-01 -8.12571049e-02 -4.04199302e-01
  3.32264066e-01  1.28728077e-01  1.37402445e-01  2.48440161e-01
  9.00326490e-01 -3.03265572e-01 -8.41321424e-02 -2.66711891e-01
  1.99636176e-01  2.31584534e-02  4.42164123e-01 -1.20912351e-01
  5.25989711e-01 -8.51513743e-01  2.05402613e-01  8.08157846e-02
  7.47207344e-01  5.22200346e-01  4.33394045e-01  4.28654343e-01
 -2.52982881e-02  4.15372193e-01  1.19373135e-01  5.18834218e-02
 -9.54049766e-01 -2.10205749e-01  4.60415006e-01  5.35178125e-01
 -7.56936846e-03  3.11547667e-01 -2.79753298e-01  7.71561623e-01
  2.15654269e-01 -1.30994126e-01  4.45625037e-02 -4.68846560e-01
  4.11232442e-01 -9.69705105e-01 -4.21288284e-03  3.29460025e-01
 -4.16740656e-01  3.65479201e-01  7.47317076e-02 -5.14321662e-02
  2.71327258e-03 -7.86536038e-01  3.84896964e-01 -6.08983576e-01
 -3.40939730e-01  5.36046088e-01  3.82004589e-01  1.78610999e-02
  6.78086234e-03  1.85129941e-02  7.46931955e-02 -2.35321358e-01]"
マ,"[ 1.05957165e-01  3.40053856e-01  2.30944306e-01 -5.77192426e-01
  3.83870333e-01  2.66647875e-01 -1.73500091e-01  1.95110634e-01
 -8.43930468e-02 -3.14701080e-01  8.02738249e-01 -2.64519364e-01
 -1.71971455e-01 -3.63812029e-01  4.97637272e-01 -5.30947782e-02
  3.92107546e-01  3.44349742e-02  5.71922846e-02  5.35839759e-02
 -2.75518417e-01 -8.96507919e-01 -2.73487687e-01  6.93899989e-01
  3.53704423e-01 -6.10282719e-01  1.34066835e-01  5.53446293e-01
  1.71566695e-01  4.17400822e-02 -7.57106960e-01 -2.75162905e-01
 -5.03255725e-01  2.91730881e-01 -4.60956812e-01  2.65738577e-01
  2.56765664e-01 -2.05743507e-01 -1.63783371e-01 -3.16551626e-01
 -6.15312047e-02 -4.73765144e-03  1.09542795e-01 -1.81805685e-01
  1.13456905e-01  9.92847905e-02 -2.16805995e-01  1.54202685e-01
  5.28823912e-01 -1.70717478e-01  1.93405617e-02  3.25319916e-01
  2.73563981e-01 -2.36297131e-01  9.39831696e-03  1.32594436e-01
  7.68118560e-01  5.70726097e-02 -2.05208629e-01 -2.21674010e-01
 -3.64047945e-01 -2.10808683e-03 -3.83605570e-01  1.15507700e-01
 -3.56452256e-01 -7.04809055e-02 -2.86508352e-01 -6.57990277e-02
 -6.31796122e-01 -3.98595750e-01 -3.28693300e-01  2.19296277e-01
 -1.27181932e-01 -7.50274062e-02  6.58820093e-01 -1.30900472e-01
 -2.62359619e-01  1.57757685e-01  4.83989507e-01 -4.92652655e-01
 -8.46174181e-01  4.43735629e-01 -4.39153254e-01 -2.88346291e-01
  1.82145834e-01 -1.46640660e-02 -3.78790051e-01 -4.05282438e-01
  2.96985716e-01 -5.86355999e-02  9.02661607e-02  3.41056705e-01
  1.27545044e-01 -2.21781507e-01 -3.09059858e-01  3.73055279e-01
  2.87348449e-01 -5.10371983e-01 -3.56207758e-01  1.96990088e-01
 -6.03724737e-04 -3.52663025e-02  2.95113444e-01  1.04806602e-01
 -2.45320108e-02 -8.77516046e-02  1.03533408e-02  2.07940951e-01
  8.81486461e-02 -1.66606069e-01 -5.46726882e-01 -6.68470919e-01
 -7.03691542e-02  5.93598150e-02 -8.70667472e-02 -1.69578403e-01
 -1.78016156e-01  4.33414906e-01 -5.03629446e-01  1.15655400e-01
  4.22711764e-03 -5.27548939e-02 -1.98182821e-01 -7.97740743e-02
 -2.24983748e-02  3.28271925e-01 -9.07857809e-03 -1.14787586e-01
 -2.43491203e-01 -3.86493921e-01  5.51508330e-02 -2.66456269e-02
 -2.53541708e-01  2.47691408e-01 -3.48276973e-01  2.77466804e-01
  8.15193579e-02 -1.00045346e-01 -3.19585800e-01 -6.96167827e-01
 -2.31976286e-01  1.28701478e-01 -1.30604759e-01 -1.08367346e-01
 -3.01263630e-01  1.31706119e-01  1.70345396e-01 -8.21683556e-02
  5.68776667e-01  6.30514443e-01 -3.82644594e-01  7.81347752e-01
 -1.38573289e-01 -6.53119922e-01  2.46690467e-01  1.98378608e-01
 -7.28507817e-01  2.11311817e-01  9.82494056e-02  5.66044509e-01
 -6.44169524e-02 -2.12488081e-02  6.76087365e-02  3.93715203e-01
  2.34017774e-01  6.16712570e-01  2.58654475e-01  9.78830308e-02
  1.97992876e-01  3.84589016e-01 -2.28974625e-01  4.04641986e-01
  1.38317287e-01 -4.62958753e-01 -1.80749148e-02  2.38206998e-01
 -1.63716406e-01  1.79696858e-01  3.80740106e-01 -5.52869439e-01
  4.75718118e-02 -2.81976640e-01  1.35278583e-01 -1.51509032e-01
  1.95112482e-01 -2.23186597e-01  9.69530270e-02 -1.92621306e-01
  1.00161269e-01 -4.01294231e-02 -3.74489397e-01 -2.87725240e-01
  2.85538435e-01 -1.69767588e-01 -1.49769112e-01 -5.79272360e-02
  4.90153432e-02 -2.82619864e-01 -1.90698639e-01  3.47875804e-01
  1.72385961e-01  2.12730661e-01 -2.24217221e-01 -1.31826341e-01
 -9.88284111e-01 -4.85925227e-02  2.98614446e-02  3.79273713e-01
  1.65967345e-01  2.67895252e-01 -2.35104531e-01  1.90647811e-01
  3.10888469e-01  1.77436441e-01  1.67052969e-02 -4.94879894e-02
 -6.71910226e-01 -4.10301358e-01  6.47210777e-01 -4.40321088e-01
 -1.18621714e-01 -2.53080368e-01  1.95757210e-01  4.50105280e-01
 -1.93893686e-01  4.24554236e-02  3.12475890e-01 -4.15839888e-02
  7.57141039e-04  2.26264611e-01 -2.04057455e-01 -2.40007892e-01
 -9.39131737e-01  2.60365382e-03 -4.15258825e-01  3.87633473e-01
 -6.81658924e-01  3.88028920e-01 -3.24342959e-02  1.96527675e-01
  3.46921086e-01  6.34388998e-02  6.41265884e-02 -2.14539126e-01
 -1.03787281e-01  2.77677417e-01 -5.39604910e-02 -1.47925749e-01
 -2.66260952e-01  3.58363539e-01 -6.51794612e-01 -7.17706859e-01
  2.59117603e-01 -5.84375620e-01  3.38262945e-01  1.21803418e-01
  5.25153950e-02  5.11007942e-02  1.03293352e-01 -2.41584033e-01
 -2.41076514e-01 -7.80242145e-01 -1.77497230e-02 -1.79499567e-01
  2.93822959e-02  8.87054056e-02  2.52470911e-01 -4.16575104e-01
 -2.81416863e-01  7.99126253e-02 -1.91104691e-02 -2.91640162e-01
 -1.80306569e-01  1.16429083e-01 -6.93224728e-01 -7.67013356e-02
 -5.29033095e-02  5.94085217e-01 -6.38089061e-01 -9.08126831e-02
 -7.58761466e-01  6.66126370e-01 -6.61527693e-01  1.10324956e-01
 -1.25147805e-01  1.52335942e-01 -2.00906143e-01 -6.52554929e-01
  5.50641119e-02  2.23790824e-01  6.27351522e-01 -4.23082352e-01
 -4.26233560e-01 -3.52253795e-01 -2.91006505e-01 -5.13292328e-02
  4.96032387e-01  1.07720695e-01 -1.66982457e-01 -2.06979569e-02
  2.04361320e-01  2.17916951e-01  2.04150870e-01 -3.38703364e-01
 -2.89210647e-01 -3.30018967e-01 -6.62595034e-02 -2.98706114e-01
  8.42201769e-01  3.22278626e-02 -8.74947980e-02  9.46658313e-01
 -5.45463979e-01  8.70389193e-02  5.81904531e-01  2.00096950e-01
 -2.04716849e+00 -1.03331782e-01  5.84533326e-02  4.85437155e-01
 -3.31417620e-01  3.78426552e-01  3.54712427e-01  5.39702177e-01
 -8.63233656e-02 -3.49074066e-01  6.38827622e-01  7.76102126e-01
 -2.19403177e-01 -4.74667460e-01  2.45324805e-01  6.50144890e-02
  2.69794911e-01 -6.02388024e-01 -1.58004701e-01  1.61861613e-01
  1.44480065e-01  8.32441524e-02 -1.92289025e-01 -5.66956580e-01
  2.92847157e-01 -2.41057962e-01  2.57736593e-01  4.34993714e-01
 -4.43845809e-01 -9.17096362e-02  3.79547864e-01  4.85793233e-01
  5.10392249e-01  1.01240814e+00 -2.78333127e-01  1.55220658e-01
  5.01249969e-01  4.23532277e-01  3.32226098e-01 -3.34758572e-02
  1.60164405e-02 -1.64685592e-01  4.79555070e-01  3.86612624e-01
  4.41303134e-01  1.79122493e-01  6.38835132e-01  9.84200314e-02
 -4.13713120e-02  4.63315040e-01  2.38428026e-01  3.00883234e-01
  5.99202454e-01  4.02950495e-01  4.39857006e-01  9.89842862e-02
 -3.79411668e-01 -2.71601260e-01  3.48731041e-01 -3.22902590e-01
 -2.05262274e-01  2.63429552e-01  3.24977279e-01 -3.10640693e-01
 -4.34983581e-01  7.47896060e-02  2.36158714e-01 -3.89062822e-01
 -2.19625890e-01 -4.76817608e-01 -6.82085276e-01  8.87865275e-02
 -5.71698606e-01 -9.16368544e-01  6.13403730e-02 -1.02463383e-02
  3.35730880e-01 -2.48447716e-01 -5.95144093e-01  3.42780948e-01
 -3.96180123e-01  8.79837796e-02 -4.94026504e-02 -1.43752575e-01
 -2.17821956e-01  2.06019610e-01 -1.41822457e-01 -9.86594474e-04
 -2.73745924e-01  2.97918528e-01  3.47307399e-02 -6.65253252e-02
  2.08478764e-01  2.20855802e-01 -1.14581369e-01  1.44526139e-01
 -4.66415882e-02 -2.92968422e-01 -2.49470666e-01  2.09334031e-01
 -8.32739294e-01  1.25057250e-01  1.05184289e-02  1.24474354e-02
  4.48632866e-01  1.65256560e-01  6.68724120e-01 -1.65485471e-01
 -1.89104855e-01  2.97964573e-01 -4.15671058e-02 -3.79843444e-01
  7.89801240e-01  2.28990931e-02  2.41343513e-01 -2.35211015e-01
  1.40717432e-01  4.58223492e-01 -4.62798595e-01 -3.11101466e-01
  2.90492833e-01 -4.53866571e-02 -2.76922345e-01 -1.09087139e-01
  1.47916153e-01  9.46914673e-01 -5.33707082e-01  4.89964694e-01
  1.44200802e-01 -1.80379719e-01  1.25938103e-01 -2.05338374e-01
 -2.27299541e-01 -3.22770119e-01  3.16837490e-01  2.46118411e-01
  5.08159161e-01 -7.95721188e-02  1.35431722e-01  6.79356754e-01
 -5.65627962e-02  1.80115834e-01  6.30114853e-01  2.52021253e-01
 -2.27737829e-01 -6.10690534e-01 -4.82170224e-01 -1.59069955e-01
 -4.83244359e-01  2.74217784e-01  1.70463115e-01 -1.02594152e-01
 -2.14747787e-01 -1.61464378e-01 -2.77729183e-01 -1.43503621e-01
 -3.16009641e-01  6.44951314e-02  3.28982830e-01  2.70344377e-01
  4.72148657e-01  1.39904261e-01 -2.84279466e-01  2.28132859e-01
  1.52226210e-01  5.97405076e-01  4.14104700e-01 -2.23908126e-01
 -3.23378593e-01  1.99910447e-01 -7.16648027e-02 -2.64914095e-01
 -1.92876190e-01  4.47356313e-01 -6.54338002e-02 -8.52353498e-02
  2.11223185e-01  2.12676734e-01 -3.63546014e-01  3.62056047e-01
  5.00188442e-03 -3.68710272e-02 -4.40821588e-01 -7.96744704e-01
 -5.99740088e-01 -2.53868490e-01  2.10705176e-01 -5.93362689e-01
  3.52531262e-02  2.79194303e-02 -1.90963913e-02 -3.12988795e-02
  7.39234639e-03 -2.65051812e-01 -6.74720407e-02  5.59659958e-01
  4.61621493e-01 -2.52307564e-01 -6.54356852e-02  1.91090092e-01
  1.09083354e-01  8.88506323e-02  5.51689923e-01  8.08266699e-02
  1.23479627e-01 -1.66812718e-01 -6.38604224e-01  1.58458576e-01
 -1.13545701e-01 -1.16422582e+00  1.97248623e-01  9.14834207e-04
 -1.34316450e-02 -2.05018282e-01  9.05603841e-02  1.13908790e-01
 -2.25373730e-01  3.25983651e-02  2.28962526e-01 -8.73127133e-02
 -7.38249183e-01  4.09092635e-01 -9.50387418e-02 -4.14145499e-01
 -8.54952708e-02  1.99611649e-01 -4.75986332e-01 -3.96056026e-02
 -3.49299237e-02  1.68269336e-01 -1.65795207e-01  3.64961654e-01
 -3.95081192e-01 -2.56700933e-01  4.96565908e-01  2.96402071e-02
  1.35580122e-01  2.57784098e-01 -4.00324702e-01  1.22042365e-01
  4.04780060e-01  7.44787931e-01  2.78024912e-01 -5.76530434e-02
 -6.06102645e-02 -1.94543779e-01 -6.27572656e-01  5.11728346e-01
  6.96738303e-01  3.20801795e-01 -3.72796625e-01  3.81244332e-01
  3.66263270e-01 -5.07493794e-01  6.38353109e-01  1.11026907e+00
  3.56294751e-01  3.12413722e-01 -8.39640275e-02  2.97488384e-02
 -7.99601436e-01  8.40087384e-02 -4.00531143e-02  6.43691003e-01
 -8.40645507e-02 -4.63601314e-02  5.03934324e-01  1.58097699e-01
 -2.76872605e-01  1.81470886e-01  2.36868784e-01  9.80499610e-02
  2.62278676e-01  2.38933742e-01  6.56061172e-01  1.89102367e-01
  1.35108322e-01 -2.77879447e-01  3.63457613e-02  6.40146434e-02
  5.19191444e-01 -2.34563231e-01  3.23946267e-01 -1.59388915e-01
 -9.40091312e-01 -4.99056190e-01 -1.03164233e-01  3.38052303e-01
  3.72609854e-01  2.41362661e-01 -3.95672858e-01  1.77028179e-01
  4.50166047e-01  3.64853106e-02 -3.13602626e-01 -4.99738395e-01
  2.84145474e-02 -1.36133239e-01 -1.61188051e-01  1.35997906e-01
 -4.09764796e-01  5.14871538e-01  9.78625342e-02  3.83381277e-01
  4.24164236e-01  7.93318629e-01  1.56946853e-01  9.39410478e-02
  4.69367534e-01  7.75964512e-03 -3.92480075e-01  2.21627757e-01
  3.09520125e-01 -1.81728020e-01 -7.09444210e-02  2.51829475e-01
 -1.70301765e-01 -8.68276730e-02  1.35404810e-01 -2.16552481e-01
  5.54125786e-01 -6.24028109e-02 -5.18190265e-01 -2.93915272e-01
 -2.12178111e-01  1.48552321e-02 -7.58591056e-01 -1.12988479e-01
 -2.62787580e-01  2.01148897e-01 -9.68685932e-03 -3.73531938e-01
 -4.18603152e-01 -1.60637185e-01 -3.65588725e-01  3.48307431e-01
 -2.85753131e-01 -3.37914228e-01 -1.86379962e-02  6.29578710e-01
 -5.19606531e-01 -1.20564282e+00  4.38627481e-01  2.14025438e-01
  6.96466148e-01 -2.59725720e-01  3.15661997e-01 -1.77970737e-01
  2.72394031e-01  1.67907849e-01 -2.60283828e-01  1.53833404e-01
 -1.04719715e+01 -1.58268288e-02 -4.36405122e-01 -2.11918563e-01
 -1.53892517e-01  5.95498383e-01  2.15989411e-01  5.40154763e-02
  2.41162833e-02  2.67418504e-01  4.66568261e-01  3.98257077e-01
  5.19832850e-01  5.60923159e-01 -4.40689355e-01 -1.87064245e-01
 -1.51860360e-02 -2.91113436e-01  1.74521670e-01  3.80184710e-01
  3.45591635e-01 -1.74975395e-01  4.75934386e-01  5.87852597e-01
  8.19604844e-02 -3.52317899e-01 -4.84937966e-01  1.38693392e-01
 -3.30972105e-01  2.56723821e-01 -2.99211323e-01  2.45340735e-01
 -4.83920842e-01  6.03439093e-01 -3.36869180e-01  9.10930037e-02
 -1.72201946e-01  1.44805938e-01  1.25461161e-01  4.56928551e-01
  1.78577811e-01  8.31786543e-02 -9.28993616e-03  3.65067013e-02
  2.57893831e-01  4.72935945e-01  1.23677015e-01  1.34637043e-01
  2.61524230e-01  1.38622507e-01 -9.42716002e-02 -5.10943294e-01
  3.94602209e-01 -2.36893877e-01  1.17641166e-01  3.68023098e-01
  3.77377599e-01 -6.56296015e-01  5.22089526e-02 -1.63333833e-01
  6.03837557e-02 -2.44489819e-01  5.16872168e-01  2.11720914e-01
  1.36465698e-01  6.34612739e-02  5.02254784e-01  5.42219520e-01
 -2.55725026e-01 -1.03830658e-01  1.84430495e-01 -3.32084931e-02
 -2.52216429e-01 -1.74612179e-01 -2.93649822e-01  6.71498775e-01
 -3.95529240e-01  2.07447827e-01 -2.82322109e-01 -1.78651158e-02
  3.50751489e-01 -2.12021694e-01 -5.20725965e-01  6.78779066e-01
 -1.95795059e-01 -2.37900153e-01 -2.16074347e-01  2.36986056e-01
  7.22922087e-01 -6.13776624e-01  2.69483238e-01 -3.00918221e-01
 -3.21903080e-02  2.47115210e-01  4.21028525e-01  2.86464512e-01
 -2.62414336e-01  3.63731444e-01  3.99751127e-01  1.56464726e-01]"
ス,"[-8.27001184e-02  1.63342103e-01  5.93598664e-01 -4.62302208e-01
  1.39666408e-01  4.56351250e-01  7.61629939e-02  2.59100925e-02
 -4.73271191e-01 -3.88588995e-01  6.81214273e-01 -1.50779635e-01
 -3.54535431e-01 -9.40122604e-02  6.22866303e-02 -3.12688291e-01
  3.12589481e-02  7.28805289e-02 -1.20578714e-01 -2.19176665e-01
 -6.03414237e-01 -4.61069584e-01 -5.29229939e-01  2.90642977e-01
  4.16784734e-01 -5.71440458e-01  5.79594634e-02  9.08421203e-02
 -1.87915593e-01 -2.31751770e-01 -2.49037400e-01 -2.90077150e-01
 -1.23094946e-01  1.20979354e-01 -7.58971572e-02  1.95404500e-01
  2.59778887e-01 -2.45712981e-01  6.92536771e-01 -3.22994590e-02
  1.64376587e-01  1.92307159e-01 -5.07204942e-02 -7.47006619e-03
 -3.64935666e-01  3.64705354e-01 -1.93177687e-03  1.73920721e-01
  8.81137133e-01 -2.56510437e-01 -2.08128855e-01  5.57290673e-01
  5.11284694e-02  7.40488246e-02  3.74118179e-01 -6.09033518e-02
  6.34784281e-01 -6.74849331e-01 -1.89263523e-01  3.71107429e-01
 -6.15525424e-01 -1.29825175e-01  2.36713454e-01  2.93509901e-01
 -6.80344971e-03  2.00853292e-02 -1.40845224e-01  3.13157022e-01
 -3.63625765e-01 -3.74101967e-01 -2.89027616e-02  2.29789510e-01
 -2.33225048e-01  5.15499413e-02  7.71711886e-01 -1.92841645e-02
  6.20999753e-01  3.08780402e-01 -1.01851031e-01 -3.33153009e-01
  1.18019514e-01  6.12170875e-01 -1.09355398e-01 -3.22954148e-01
  1.14678450e-01  4.95060086e-01 -7.95543551e-01 -3.74151975e-01
  4.90665376e-01 -4.09927249e-01 -4.65092778e-01  3.34067941e-01
  1.28811210e-01  2.10879028e-01  4.34034258e-01  1.96141563e-02
  2.00806320e-01 -3.12423885e-01  1.56066027e-02  3.16706479e-01
  3.71354461e-01 -2.64626116e-01  1.52322873e-01 -4.29974794e-01
 -3.91734429e-02  3.12481612e-01 -5.53329848e-02  3.26177090e-01
 -1.53890491e-01  2.46150643e-01  8.13657716e-02 -6.54744804e-01
 -1.86262935e-01  1.57720327e-01  1.66823789e-01  5.29426187e-02
 -2.33325869e-01  8.61796662e-02 -5.84478259e-01  6.77337885e-01
 -1.53294399e-01  3.80000055e-01 -2.04017878e-01 -5.01036108e-01
 -2.11584587e-02  2.49684915e-01  1.29481822e-01 -9.39929187e-02
 -6.35142550e-02 -4.91160572e-01  8.79260823e-02 -4.71736670e-01
 -4.52528149e-01  1.78366359e-02 -4.23741877e-01  9.01239514e-01
  3.47908884e-02  5.04967153e-01 -1.41491860e-01 -8.35286200e-01
 -5.62614739e-01 -3.31854671e-01  1.55061543e-01 -2.73114830e-01
  3.05486530e-01  3.63342732e-01 -2.06677448e-02 -1.58075765e-01
  4.85764928e-02  3.67524832e-01 -3.38623106e-01  1.16163766e+00
 -5.64561903e-01 -2.14346528e-01  6.86940849e-01  1.11800686e-01
 -3.19588095e-01  2.53409863e-01  2.47347295e-01  4.60937053e-01
  6.02471232e-01 -4.03585523e-01 -5.60598932e-02  6.13694414e-02
  4.71612625e-02  9.34124827e-01  7.51462936e-01 -2.18281569e-03
  6.35430157e-01  9.73549485e-01  6.28125846e-01  7.84503043e-01
 -1.47292390e-01 -1.67959839e-01  2.24710479e-01  5.69403827e-01
  1.02987796e-01  1.34540722e-01  2.51237899e-01 -1.06120908e+00
 -5.79498529e-01  1.98104754e-01 -3.09981078e-01 -4.08840954e-01
  1.15252674e-01 -2.18043432e-01  7.50891790e-02  3.90774518e-01
 -4.79872711e-02 -2.16506392e-01  9.83166974e-03 -6.45426512e-01
  7.88497090e-01 -2.19254985e-01 -1.61468968e-01 -2.80024767e-01
 -2.24687785e-01 -2.75189221e-01 -6.81288183e-01  2.74771601e-01
  7.68482462e-02  1.74575031e-01 -6.01283610e-01 -5.14822423e-01
 -3.21567833e-01 -6.13715500e-02 -9.76576060e-02  1.54030338e-01
 -1.25701547e-01 -7.69209415e-02 -2.05868930e-01  2.21646965e-01
  1.24845989e-01  4.50567305e-02  4.86288011e-01 -6.24157153e-02
 -1.12259829e+00 -6.49003461e-02  2.85488933e-01 -1.19642980e-01
  2.86041379e-01  2.34145582e-01  3.26081723e-01 -1.45364583e-01
 -1.88289583e-02  2.04029962e-01  4.24419552e-01 -7.35670447e-01
  3.84145379e-01  4.47795302e-01 -4.05372798e-01 -4.96373236e-01
 -9.50230300e-01 -1.39663279e-01 -3.36346000e-01 -1.42353296e-01
 -7.35390633e-02  8.26594114e-01 -4.18664038e-01  3.10891330e-01
 -1.30948037e-01 -1.25859410e-01 -6.28867745e-02 -3.98941904e-01
 -7.40968287e-02 -3.59716942e-03 -9.90840569e-02  1.63452029e-01
 -9.04866457e-01  1.25497475e-01 -7.41978884e-01 -4.45683181e-01
  5.50313532e-01 -1.52108923e-01  6.13865614e-01  3.73962551e-01
  1.64082706e-01  4.65237387e-02  5.74956894e-01  1.25275135e-01
 -6.62147179e-02 -3.91418904e-01 -1.91082418e-01 -2.95155764e-01
 -2.22519413e-01  3.60417485e-01 -8.19627047e-02 -4.87602532e-01
 -3.77324849e-01 -3.97049934e-01  7.93973505e-01 -3.30920726e-01
 -1.99240044e-01 -4.38617542e-02 -2.20602542e-01  6.02884367e-02
 -2.08334655e-01  9.71218050e-01 -6.35405302e-01  3.39508206e-01
 -7.64667809e-01  7.81402230e-01 -6.48694098e-01 -4.56383079e-02
  2.24111199e-01 -8.61245543e-02 -1.01245821e-01 -5.84852636e-01
 -5.16110897e-01  5.77920854e-01  4.38748807e-01 -1.92143563e-02
  1.90757379e-01 -6.06620014e-01 -6.51343167e-01  8.33741650e-02
  2.93645054e-01  4.82644439e-01  3.24188583e-02  2.64555454e-01
  1.20133599e-02  1.83336541e-01  2.69874692e-01 -1.65080547e-01
 -1.77530289e-01 -3.71824294e-01  5.38991868e-01 -1.73495207e-02
  9.36963335e-02 -7.93663323e-01 -3.87240589e-01  1.04287386e+00
 -6.89307868e-01  3.32893163e-01  5.45411229e-01  2.85485834e-01
 -1.32172060e+00 -3.27341072e-02  2.27806628e-01  3.58317822e-01
 -2.52290219e-01  6.64008737e-01  4.27133083e-01  4.10969585e-01
 -9.74254981e-02 -8.58964622e-02  4.52565372e-01 -1.47355705e-01
 -6.37311459e-01 -3.91739309e-02  8.84404927e-02 -2.16014683e-01
  3.80623877e-01 -3.02017838e-01  3.14069949e-02  5.97538829e-01
 -1.22898316e+00 -8.93310681e-02  7.24627599e-02 -4.73775268e-01
 -2.76165277e-01  2.32858509e-01  1.73251182e-01 -3.66818577e-01
 -3.29011381e-01 -3.05366576e-01  2.90938616e-01  6.41918361e-01
  9.38266277e-01  7.90097177e-01 -6.49930120e-01 -1.31817579e-01
  6.65233612e-01  7.17198127e-04  2.00858459e-01 -2.85483181e-01
 -8.27966705e-02 -5.86195989e-03  1.02331483e+00 -1.57175008e-02
 -1.07252680e-01  2.31342882e-01  3.86256650e-02  2.93074131e-01
 -2.48002335e-01 -2.10076571e-01  5.22578478e-01  1.76734224e-01
  3.93994123e-01  3.75230670e-01  8.43453705e-01 -2.64873356e-01
 -7.31941238e-02 -5.53715229e-01 -1.40874460e-02 -6.69813752e-01
  1.50581859e-02 -2.82478929e-01 -4.25761878e-01 -1.22450300e-01
 -6.72025979e-01 -3.87929797e-01 -2.30829686e-01 -2.62557864e-01
  1.71673611e-01 -7.71194041e-01 -7.93166101e-01 -2.38081843e-01
 -4.28030610e-01 -8.72411966e-01  3.22457850e-01  1.90450829e-02
  2.86738485e-01 -7.89294362e-01 -1.14390105e-01  2.27447286e-01
 -2.91917473e-01 -7.54761472e-02  9.78571698e-02  1.66356429e-01
 -5.21417439e-01  5.13291836e-01 -2.53087550e-01 -2.18490779e-01
 -4.83996242e-01  1.05644728e-03 -8.32036257e-01 -2.40033507e-01
 -2.95373000e-04  1.87055409e-01 -5.74543893e-01  1.96896151e-01
 -1.99150264e-01  1.45853877e-01 -2.63868570e-01 -3.54659617e-01
 -1.95052713e-01 -2.16017038e-01  4.67073500e-01 -6.02985360e-02
  8.71844769e-01  1.12997554e-01  6.53106421e-02  2.19257161e-01
 -3.51746269e-02  7.63722420e-01 -6.62873805e-01  2.43983287e-02
  3.76019478e-01 -1.52088687e-01  1.33473337e-01 -4.44055498e-02
 -1.73657313e-01  1.36809990e-01  2.39638090e-02 -9.33094472e-02
 -5.53176284e-01  8.55219737e-02 -9.22085643e-02  2.69308239e-01
  6.45415843e-01  7.83851862e-01 -4.21919137e-01  2.94933587e-01
  8.56478214e-02 -7.84803748e-01  2.86621988e-01  9.52172726e-02
 -4.34654415e-01 -3.43698859e-01  3.91492695e-01  4.79394734e-01
  5.13689935e-01  5.44372089e-02  2.08625481e-01  4.29573715e-01
 -3.75571609e-01  6.99665129e-01  7.69119859e-02  8.84451792e-02
 -2.09943935e-01 -2.83574969e-01 -5.15874088e-01  1.01921791e-02
 -6.69235826e-01 -1.75135918e-02  5.95354855e-01  2.87290871e-01
  5.50181270e-01 -4.79285747e-01 -6.52187884e-01 -5.79864323e-01
 -6.14315629e-01  2.92150736e-01 -9.80795478e-04  7.97012448e-02
  4.44883287e-01  9.98178869e-03 -9.19725060e-01  6.83195472e-01
 -3.61178935e-01  5.35026670e-01  4.99599159e-01 -1.14066017e+00
 -1.50562242e-01  4.25231338e-01 -5.86354375e-01  2.48917356e-01
  1.28559723e-01  8.12497199e-01 -4.05812174e-01 -3.09080362e-01
  6.84269011e-01 -2.23376811e-01  2.08546683e-01 -5.09666860e-01
  4.47512805e-01 -1.17661104e-01 -8.95741820e-01 -1.62817910e-01
 -2.43858054e-01 -3.31045538e-02 -1.72476634e-01 -2.24157929e-01
  1.68140575e-01  1.47297397e-01  9.60498512e-01  4.32784081e-01
  5.03936648e-01 -6.50144100e-01  1.99210793e-01  9.54011232e-02
  4.59796518e-01 -2.32050851e-01  3.26407515e-02 -2.32136175e-01
  7.57596642e-02  4.75449502e-01  6.28572822e-01 -1.75050214e-01
  2.04981789e-01 -2.46754169e-01 -1.07313275e+00 -1.17109075e-01
 -3.07534993e-01 -6.07551754e-01  4.23925728e-01 -7.76286349e-02
  5.11574686e-01 -5.03097951e-01 -4.56412546e-02 -7.52580464e-01
  5.34262896e-01  8.84707794e-02  1.40701905e-01  8.16794559e-02
 -6.36810482e-01  1.77846532e-02 -6.76690102e-01 -3.86613846e-01
  6.56853676e-01  3.77005130e-01 -8.19551647e-01 -3.84059221e-01
  1.08006999e-01  3.56527507e-01 -6.88344598e-01 -7.00520515e-01
 -1.21464491e-01  2.47884020e-01  3.80952060e-01  3.55397850e-01
  9.49756131e-02  2.72381693e-01 -2.80793369e-01  2.41759941e-01
  9.32917356e-01  4.16473091e-01  1.76811442e-01  1.29151270e-01
 -1.89176038e-01 -4.02310602e-02 -7.17557490e-01  6.53312206e-01
  5.33540845e-01  4.07055587e-01 -1.74018554e-02  3.73408377e-01
  7.75942922e-01 -4.44265366e-01  2.54248530e-01  1.00993288e+00
 -7.51323327e-02  4.45622474e-01 -6.24502935e-02 -3.27790618e-01
 -6.64840758e-01  3.88521791e-01 -3.22251648e-01 -2.12539211e-01
  3.15764457e-01 -7.21098185e-02  5.51570915e-02 -3.86497080e-01
 -5.22980280e-02  2.55856574e-01  6.21364057e-01  4.89157379e-01
  2.91212946e-01 -4.91629820e-03  6.14897907e-01  7.91245401e-02
 -4.08913761e-01 -2.09054902e-01 -9.94897112e-02  1.85098909e-02
  1.03913164e+00  3.36266190e-01  5.09573102e-01 -1.90455422e-01
 -1.27775979e+00  3.78383309e-01 -1.59254313e-01  2.49097887e-02
  5.04943252e-01 -9.03396979e-02 -1.48149103e-01  9.69685167e-02
  3.38519812e-01 -1.13834471e-01 -4.47569191e-02 -7.11608469e-01
 -2.29977787e-01 -2.19235029e-02 -6.04494572e-01  3.80880982e-01
  3.80402178e-01  5.11610568e-01 -1.41658276e-01 -5.57098866e-01
 -3.71441931e-01  7.60142326e-01 -2.48325229e-01 -6.37696028e-01
 -5.66601753e-02  2.36148581e-01 -1.23353653e-01  2.88233459e-01
 -1.09473847e-01 -5.72251856e-01  1.33803561e-01  8.27727243e-02
 -8.99930477e-01  1.17340393e-01  4.51454878e-01  3.27707350e-01
  4.00613308e-01 -1.53518870e-01  3.88096576e-03 -4.44698155e-01
 -1.06500931e-01  3.09937000e-01 -8.34463418e-01 -3.15910399e-01
 -2.21758932e-01 -1.13977129e-02  4.04080041e-02  2.64832880e-02
 -5.98565303e-02 -9.73303244e-02 -5.93957901e-01  1.17098995e-01
 -4.92727697e-01 -2.71768391e-01  1.78671569e-01  1.48278385e-01
 -5.30964851e-01 -1.41770816e+00 -7.21718669e-02  3.41295630e-01
  2.75005251e-01  7.69899487e-02  1.54719204e-01 -1.32020354e-01
  1.63152367e-01  9.19862449e-01 -3.21652323e-01  6.80655301e-01
 -9.94049072e+00 -3.47332269e-01 -8.55714977e-01 -3.28957111e-01
 -4.93189752e-01  4.92429018e-01  7.62812138e-01  5.23986459e-01
 -5.60896099e-02  5.57721496e-01  2.11654007e-01  8.98969173e-01
  4.51822162e-01  5.68722069e-01 -6.23029292e-01  1.51473343e-01
  6.64195716e-01 -3.54819030e-01 -1.03937544e-01 -9.72772837e-02
 -2.81613320e-01 -4.87229049e-01  6.43563449e-01  2.97266006e-01
  8.14530998e-02 -3.63046557e-01 -1.28889576e-01  4.13029402e-01
 -4.55561817e-01  4.12591904e-01 -7.05003619e-01  7.49490380e-01
  6.23624772e-02  3.80619109e-01 -5.30776262e-01 -3.60530972e-01
 -3.19866687e-01  1.00832470e-01  1.93124339e-02  5.36636591e-01
 -6.23037994e-01  9.55520034e-01 -2.68028736e-01 -2.76610404e-01
 -4.48778756e-02  2.02643797e-01  6.98617399e-01  2.06551850e-01
  6.11528337e-01  2.16784999e-01  3.89566049e-02 -4.01639998e-01
 -1.41626748e-03 -4.44786787e-01  3.22555393e-01 -7.41254836e-02
  6.17381871e-01 -4.60592240e-01  2.89274395e-01  3.17694128e-01
  9.84703422e-01 -3.31400901e-01  1.00011826e+00  5.09342849e-01
 -1.44435674e-01  1.83014676e-01  1.31432742e-01  4.86373723e-01
 -6.79618835e-01 -5.23924351e-01  5.67910910e-01  4.36936170e-01
 -1.67860821e-01 -5.09642027e-02 -4.63371873e-01  2.81046242e-01
  3.66512030e-01 -8.35415572e-02  1.31270096e-01  3.12359184e-01
  6.50542736e-01 -1.86164707e-01 -4.14111465e-02  1.20477803e-01
 -1.51686883e+00  2.43485123e-01  3.94422412e-02  2.41327047e-01
  2.72515863e-01 -7.73747385e-01  5.05349696e-01 -5.90775497e-02
 -3.06885868e-01  2.10205212e-01  5.22950172e-01 -2.70906001e-01
  8.11141953e-02  4.15471375e-01  6.24361813e-01  1.33846924e-01]"
