Mora,Embedding
リョ,"[ 3.68219316e-01  3.29266548e-01  8.64454389e-01 -4.54706043e-01
  2.89802309e-02  3.63230467e-01  8.69796634e-01  2.35081598e-01
 -3.11760455e-01 -5.92097998e-01  1.15144432e+00 -7.22688884e-02
 -5.40193822e-03 -9.72437300e-03  6.45369411e-01 -1.65283501e-01
 -2.55694926e-01 -2.88579881e-01 -2.11773783e-01 -1.79106563e-01
 -1.00445855e+00 -4.02552813e-01  1.54313207e-01  1.13757573e-01
 -1.90022811e-02 -4.32691902e-01 -5.95784605e-01 -2.27906972e-01
  4.53729004e-01 -3.57850641e-01 -3.14365119e-01  2.78877318e-01
 -3.49556774e-01 -1.27473161e-01 -1.09551620e+00  7.82788932e-01
 -2.35791877e-01 -7.28550375e-01  4.46180642e-01 -1.00956187e-02
 -1.82314098e-01  2.50130117e-01 -9.66472644e-03 -2.11507410e-01
  3.38098466e-01  5.78669786e-01 -1.83251306e-01  2.99929470e-01
  3.33915681e-01 -4.40171324e-02 -2.45192975e-01  1.50795147e-01
  6.92001522e-01  4.85420257e-01  2.63384074e-01  1.19768262e-01
  1.23053050e+00 -7.07512140e-01 -4.08193655e-02 -7.09565729e-02
 -4.69785243e-01 -4.44009304e-01  2.37527743e-01  7.34568667e-03
  1.21456519e-01 -1.67885982e-03  4.06984575e-02  3.22261572e-01
  6.46951318e-01  3.16624455e-02  4.07190293e-01 -4.04352397e-01
  2.63776153e-01 -9.60463107e-01 -9.36769694e-03 -9.37605202e-01
  2.24694416e-01  6.76011384e-01  5.29489338e-01  4.31997657e-01
 -5.52712195e-02  1.79190993e-01  1.54967353e-01 -2.47569233e-01
 -2.58795798e-01  6.55053675e-01 -5.33358037e-01 -3.30978155e-01
  9.82826412e-01 -5.57182789e-01  2.06797615e-01  4.83346134e-02
  1.46204919e-01 -1.36665955e-01  1.99419767e-01  6.86875964e-03
  7.73852617e-02  3.70796263e-01  9.45402589e-03  4.05330867e-01
 -4.46354300e-01  1.06322609e-01  6.70989633e-01 -3.70741069e-01
 -5.39002478e-01  1.72649220e-01 -2.68170178e-01  3.67753416e-01
  4.42364872e-01  5.30902967e-02 -4.93897319e-01 -4.93456602e-01
 -3.11707497e-01 -4.95063156e-01  4.73499447e-01 -2.75905896e-02
 -3.45661402e-01  8.22550774e-01 -2.89503813e-01  5.12947142e-01
  1.97989643e-01  7.42651284e-01  6.25472367e-02 -3.94103795e-01
  1.63065583e-01  4.95196223e-01  4.54143137e-02 -1.25285193e-01
 -1.03478849e-01  2.85395175e-01 -4.30927396e-01 -5.00801504e-01
  5.32273389e-02 -5.03981672e-02 -5.15629172e-01  8.61735582e-01
  5.76068908e-02  4.23476547e-01  1.29945830e-01  8.94941017e-02
 -6.50404334e-01  5.03586717e-02 -5.11188433e-02 -8.97962391e-01
  1.82189301e-01  5.12680113e-01 -8.18186224e-01 -3.27572435e-01
 -8.61323997e-02  1.57647520e-01 -1.45758763e-01  7.91877866e-01
 -1.05490386e+00  1.50526762e-01 -1.30735159e-01  3.81577104e-01
 -6.35156810e-01  4.22681183e-01  7.91069925e-01  6.21580422e-01
  2.22774923e-01  1.37287468e-01  3.05541717e-02  1.07639335e-01
  3.13452691e-01 -4.33519520e-02  8.10249448e-02 -3.13324302e-01
  1.82824939e-01  1.90417603e-01  3.24557066e-01  2.98092723e-01
  3.63089442e-01  1.91104874e-01  2.26697490e-01  2.50930160e-01
  1.63392532e+00  7.81629086e-02  1.48396134e-01 -3.90820622e-01
  2.22705945e-01  1.52733311e-01  5.57558835e-01 -4.88377571e-01
  5.50105393e-01 -7.83371553e-02 -2.29338527e-01 -1.84882745e-01
 -6.61809802e-01  4.42854971e-01 -1.61736384e-01 -4.38047498e-01
  5.15627503e-01 -5.69714487e-01  1.46600138e-02 -2.79969215e-01
  2.85574347e-01  2.09879443e-01 -1.78184748e-01  4.47441161e-01
 -1.85385019e-01  1.69153959e-01  1.15417756e-01 -5.55943549e-01
 -1.10401189e+00 -3.99324059e-01 -3.61829698e-01  3.33068848e-01
 -5.89613438e-01  4.10861671e-01 -2.31512576e-01  1.45191416e-01
  3.61149728e-01 -1.14282794e-01  6.72672272e-01 -3.15371394e-01
 -4.86495554e-01 -6.38911247e-01 -1.85648113e-01  1.72651023e-01
  2.00190082e-01 -6.42623147e-03 -2.27362514e-01 -4.86580282e-02
  5.55661261e-01  3.59301239e-01  2.15244859e-01 -2.80802429e-01
 -3.52652133e-01  7.03215420e-01 -5.41861832e-01 -7.26878047e-01
 -8.79962504e-01 -5.02799638e-04 -5.18595099e-01 -6.84177160e-01
 -3.00627440e-01  2.28194743e-01 -6.63128614e-01  2.28338137e-01
 -3.53130877e-01 -2.03189865e-01  3.90191436e-01 -6.07800126e-01
 -3.01406622e-01  2.75513157e-02 -2.37016842e-01 -2.27527067e-01
 -5.51916778e-01  1.31759048e-01 -1.21079020e-01 -4.09370124e-01
  1.40259590e-03 -9.84887481e-02  3.55365545e-01  6.15207374e-01
  1.17457581e+00 -6.64290845e-01  1.11508831e-01 -5.60794890e-01
 -3.42741698e-01 -3.78510535e-01  2.94897676e-01  1.82657719e-01
  2.62390543e-02 -6.97417676e-01  1.21367261e-01  3.29258963e-02
 -6.15081608e-01 -3.81565958e-01  6.80716991e-01 -8.05912375e-01
 -2.84925461e-01 -2.90047139e-01  2.73584068e-01 -3.13628435e-01
 -3.52540225e-01  4.05308962e-01 -1.56423524e-01  1.10387616e-01
 -2.47058287e-01  3.91310453e-01 -1.64261460e-01 -1.89544380e-01
 -2.71989137e-01  5.02580822e-01 -7.45170593e-01 -2.23512545e-01
 -1.62019908e-01  2.10928455e-01  5.36142349e-01 -1.42189547e-01
 -5.77786326e-01 -2.28302792e-01 -8.26832235e-01  1.74293339e-01
  7.80468822e-01 -4.84848350e-01  5.92789888e-01  8.57843384e-02
  4.15053755e-01  8.12035799e-01  8.35564017e-01 -6.53130338e-02
  5.05583942e-01 -2.16420591e-01 -2.45502204e-01  3.50838929e-01
  2.03149557e-01 -2.82480150e-01  4.09093857e-01  4.89007205e-01
 -8.30774486e-01  1.02216206e-01  6.94605410e-01  3.65438730e-01
 -1.54935861e+00  1.98581994e-01  5.82184851e-01  2.04932168e-01
  9.26450267e-02  1.16883852e-01  3.12978387e-01  3.66709858e-01
 -5.39034724e-01 -5.53187966e-01  7.82167137e-01 -8.38534012e-02
  8.13499913e-02 -4.37413864e-02  1.85644820e-01 -3.31903309e-01
 -3.64490777e-01 -2.70751864e-01  3.05451304e-01  4.05959398e-01
 -3.62603068e-01 -3.58077705e-01  2.71781236e-01 -4.99443442e-01
 -4.39180017e-01  3.69369626e-01 -4.84352350e-01 -4.17658299e-01
 -6.70898020e-01  9.78157949e-03  2.29831189e-01  1.06067526e+00
  5.24788320e-01  3.14554907e-02 -9.07989979e-01 -5.45164883e-01
 -2.28346959e-01 -3.37284237e-01 -1.23477332e-01 -4.50278789e-01
 -3.80281925e-01  6.39841892e-03 -1.88037679e-01  1.81175973e-02
  3.95232916e-01 -4.77837294e-01 -7.11098790e-01 -4.96427156e-02
 -5.89513779e-01  4.64853197e-01  5.26012897e-01 -2.88322479e-01
  6.16050661e-02  3.77165943e-01  3.02687496e-01  3.09161365e-01
  2.52873391e-01 -3.12267870e-01 -1.13880806e-01 -3.72947961e-01
  1.96843054e-02 -4.08091962e-01 -4.68714178e-01  1.05398309e+00
  7.84170926e-02  2.63151258e-01  2.00835224e-02 -6.32847846e-01
  3.39395493e-01 -6.76289573e-02 -2.77740180e-01  4.55282271e-01
 -1.09722391e-01  2.47833669e-01  6.78947568e-01  3.99216473e-01
  4.63759661e-01 -4.84001756e-01 -1.11853671e+00 -7.48361871e-02
 -9.39575881e-02  7.03494176e-02 -8.98114815e-02  3.31526279e-01
 -2.85021234e-02 -3.17065448e-01  6.18542321e-02 -5.41441381e-01
 -3.95209223e-01  3.38175476e-01 -7.40914717e-02  5.49935520e-01
  1.37128264e-01  3.58124226e-01 -4.82826293e-01  2.26636156e-01
 -2.04048492e-02  6.45507276e-01 -6.58519268e-01 -4.83581841e-01
 -4.45346355e-01  4.13789392e-01 -3.01733539e-02  7.78736055e-01
  3.44912320e-01  5.71087539e-01  1.13038711e-01 -2.81273186e-01
  3.98778081e-01  2.77447626e-02  9.07284319e-02 -3.73865426e-01
  9.76107538e-01 -5.43642163e-01 -4.88215119e-01  2.45366618e-01
  2.27328930e-02  7.45662749e-01 -4.85473394e-01 -7.33063579e-01
  4.32351023e-01 -1.40197128e-01  3.05453449e-01  5.33010721e-01
  5.55747271e-01  3.22646618e-01  3.94241214e-01  2.38053560e-01
 -4.44425911e-01 -3.63699317e-01 -5.68981290e-01 -1.84770003e-01
  3.27002764e-01  7.53708705e-02  5.65666854e-01  6.19569957e-01
  1.77174471e-02  2.44223639e-01  3.77372950e-01 -1.81208804e-01
 -4.69822854e-01  3.74087915e-02  2.44312033e-01  4.80786860e-01
 -4.49533015e-01  1.13086152e+00 -2.23413512e-01 -3.74924988e-02
  2.14624062e-01  3.12572867e-02  3.55099320e-01  3.53187114e-01
  2.77735025e-01 -5.72679162e-01 -7.58992314e-01 -3.77877593e-01
 -8.49029362e-01 -3.38250101e-01 -2.36790001e-01 -1.40492141e-01
  1.27950206e-01  2.09464282e-02 -2.05167815e-01  2.84299999e-01
  6.40896499e-01  3.03231832e-02 -7.75727630e-02 -2.12441295e-01
 -2.86910266e-01  5.66905856e-01 -2.39860564e-01 -1.83984220e-01
  5.16282558e-01  7.89210498e-02  1.76773041e-01 -1.29339620e-01
 -1.60119191e-01 -2.18650877e-01  1.67027980e-01 -7.34656230e-02
 -4.91020344e-02  2.68769920e-01 -5.24563074e-01  2.05734387e-01
 -1.74494207e-01 -5.94541490e-01 -4.49858069e-01 -2.30396897e-01
 -3.60307187e-01 -1.89991772e-01 -3.53923202e-01  9.87225533e-01
  6.86266065e-01 -3.41634661e-01  1.74283922e-01  2.14373425e-01
  1.68411940e-01 -4.51453924e-01  3.18460613e-01 -3.74597967e-01
 -6.46627426e-01 -5.22571802e-01  3.66610885e-01  1.99826926e-01
  5.77675439e-02  2.17309430e-01 -7.27807105e-01 -5.53435028e-01
  8.82584602e-02 -3.01284939e-01  1.72931433e-01 -1.43847195e-02
  8.63266587e-01 -5.42457759e-01 -3.86748761e-02 -7.04382285e-02
  3.33806574e-01 -4.12087798e-01  5.21450639e-01 -4.24723886e-02
 -1.02446866e+00 -4.11830336e-01 -1.91172749e-01 -7.79260695e-01
  9.56467569e-01  6.42207563e-02 -6.18645906e-01  3.44629467e-01
  5.67784131e-01  4.53081816e-01 -2.41478041e-01  4.75020230e-01
 -6.98193252e-01  1.16135150e-01  1.35036126e-01 -1.88835010e-01
  2.57609844e-01 -2.86622822e-01 -2.37072438e-01 -6.79136440e-02
  7.76370943e-01  3.94994527e-01  6.28867209e-01  2.94704169e-01
  6.08169027e-02 -3.50970209e-01 -1.38543695e-01 -6.99353516e-02
 -2.11215496e-01  7.58301198e-01 -1.13739777e+00  3.67831469e-01
  4.30921704e-01 -2.08557636e-01  1.94591302e-02  6.70524836e-01
  2.94442445e-01  5.49524248e-01  5.24161518e-01 -2.36522526e-01
 -2.45651871e-01 -6.10070005e-02  5.65425336e-01  9.58539024e-02
  6.08971082e-02 -9.71542895e-02 -3.05164248e-01 -5.22177935e-01
  3.24788660e-01 -4.55973223e-02 -2.66957581e-01  2.09287360e-01
 -1.44453943e-01 -7.74085224e-02  1.12067735e+00  4.65436339e-01
 -1.25228748e-01  3.15629303e-01  2.16690004e-01  1.01667774e+00
  1.08672154e+00 -1.43370032e-01  6.67540133e-01  2.55192723e-02
 -4.37006682e-01  7.94826895e-02  4.77745593e-01 -4.44644541e-01
  4.50509667e-01 -6.05539739e-01 -7.00450361e-01  1.00283134e+00
  3.78637612e-01  9.33121219e-02 -1.18140006e+00 -6.86396301e-01
  2.29263961e-01 -4.61121142e-01 -3.31521593e-02  3.37056428e-01
  2.29110599e-01  5.26435554e-01  5.78190565e-01 -6.17555857e-01
  2.25058980e-02  4.71784920e-01  3.19457829e-01 -4.23492461e-01
 -4.25483957e-02  1.20591372e-01 -8.71253237e-02  1.37577519e-01
  1.24602824e-01 -2.41836056e-01 -4.71599460e-01  7.43264079e-01
 -5.60962379e-01 -4.75702100e-02 -1.21843055e-01  4.20517117e-01
  6.67844415e-02  1.00175850e-01  1.77394271e-01 -6.64689839e-01
  2.79601966e-03 -1.87406633e-02 -5.53167820e-01 -9.36073661e-02
 -1.54033259e-01  9.01680589e-02 -1.99886724e-01 -1.32109761e-01
 -9.45890665e-01 -6.03636980e-01  3.55692096e-02  2.17228502e-01
 -8.18117380e-01 -4.74701762e-01  8.84253561e-01 -9.38958973e-02
 -3.33131433e-01 -9.09400463e-01  6.81191921e-01  3.79407138e-01
  1.11459322e-01 -7.63632730e-02  1.66730359e-01  1.45818412e-01
 -1.20704390e-01 -1.91215068e-01 -3.83515418e-01  4.88593653e-02
 -9.76840973e+00  1.06657572e-01  1.13253351e-02 -3.40678036e-01
 -1.82631820e-01 -5.02366006e-01  8.05952430e-01  1.51099467e+00
 -6.98584795e-01  6.07248962e-01 -6.15821779e-01 -3.55692953e-01
  8.24722052e-02  1.09407462e-01  5.35696924e-01 -2.37716943e-01
 -5.51623225e-01  3.02073985e-01  1.17942579e-01  3.15464765e-01
 -2.74080694e-01 -3.04205239e-01  9.02114093e-01  2.75107235e-01
  3.47791612e-02 -3.03371787e-01 -7.22283944e-02  1.01822257e-01
 -1.85983852e-01  2.03839421e-01 -1.15237057e+00  2.06279650e-01
  1.84839472e-01 -1.36119410e-01  2.72098314e-02  1.37524366e-01
  1.43206894e-01  1.44888461e-01 -5.16914964e-01  6.60401285e-01
 -1.79176956e-01  2.86393940e-01  4.85219181e-01  2.74903923e-02
  4.04420644e-01 -4.33755666e-01 -1.07247591e-01 -5.69763184e-01
  7.65332520e-01 -5.26569009e-01 -1.44997701e-01 -1.82920262e-01
  4.21047866e-01 -4.64175284e-01  8.02581131e-01 -1.54816329e-01
  2.94108808e-01 -1.05402887e+00  1.16949677e-01  3.12419504e-01
  2.51388520e-01  6.37332499e-01  4.97805744e-01  3.34519923e-01
 -2.27198660e-01  6.67036235e-01  1.21286415e-01 -9.33515131e-02
 -7.82409728e-01 -3.96215450e-03 -7.15151727e-02  1.83970064e-01
  1.79527238e-01  8.01284015e-02 -3.66819054e-01  3.02309394e-01
  6.98903501e-01  2.37601861e-01  4.92208898e-01 -1.24019161e-02
  1.35132432e-01 -5.05402207e-01  6.74166560e-01  3.40014607e-01
 -6.67473435e-01  2.14925274e-01  8.16484317e-02 -6.85377836e-01
 -3.28601003e-01 -5.64011812e-01  7.03854918e-01 -3.35898310e-01
 -3.50683212e-01  3.19838941e-01  3.77805382e-01  3.76223415e-01
 -5.19997537e-01 -3.34665537e-01  2.08264321e-01 -8.80043149e-01]"
オ,"[ 5.29659688e-01  2.13090628e-01  4.55938280e-01 -3.78823578e-01
  9.63736400e-02  2.29296863e-01  2.38674492e-01  2.54841328e-01
 -7.63473809e-02 -5.99594891e-01  3.98756087e-01 -4.26396728e-01
  4.47566777e-01 -2.47670770e-01  6.96951926e-01 -6.56861961e-02
  7.09809884e-02 -1.64454520e-01 -1.08748702e-02 -3.70274395e-01
 -7.57648110e-01 -4.13432628e-01  3.18069786e-01  3.61408234e-01
  5.38302250e-02 -3.14446181e-01  2.48361547e-02  2.23327637e-01
 -1.62991717e-01  6.53100684e-02 -1.63625494e-01 -3.66718590e-01
 -2.87500978e-01 -1.43985704e-01 -1.41204700e-01  7.16443360e-01
  4.47980128e-02 -3.34321529e-01 -4.82722819e-02 -4.44858879e-01
  2.02450410e-01 -3.92537266e-02 -7.78143555e-02 -4.90674525e-01
 -4.24458086e-01  3.56974810e-01  1.42114460e-01  4.50804353e-01
  3.91071677e-01  6.58024773e-02 -2.39533976e-01  3.98799419e-01
  2.06403464e-01  3.77097838e-02  5.50478280e-01 -1.33396879e-01
  3.77492875e-01 -5.41711688e-01 -7.68055692e-02  2.61351973e-01
 -3.71713042e-01 -2.48553813e-01  5.21899402e-01 -1.36066273e-01
  8.11342075e-02  2.62257587e-02 -2.15081081e-01 -1.48256406e-01
  4.50063795e-02 -7.74799466e-01 -2.17825398e-01  2.92504013e-01
  3.74759495e-01 -3.83584619e-01  6.91850007e-01 -3.06555510e-01
  2.23782212e-01  1.15314923e-01  2.37160161e-01 -2.25102723e-01
 -3.46247643e-01  2.76684880e-01  2.55294591e-01 -7.24557042e-01
  2.26185378e-02  4.93616015e-02 -4.94028270e-01 -9.88056362e-01
  4.52703059e-01 -3.51128668e-01 -2.28992887e-02  7.41178766e-02
  2.15323508e-01  2.37703428e-01  6.52189553e-02  1.71886206e-01
  1.26418486e-01 -2.44162172e-01 -2.34624997e-01  2.50547945e-01
  8.68691355e-02  4.09331530e-01  3.27502042e-01 -1.70980483e-01
 -2.63423085e-01  7.60699585e-02 -1.54891476e-01  2.17485011e-01
  2.51036793e-01  8.09057802e-02 -3.74579966e-01 -2.97812015e-01
 -4.65494871e-01  2.72554666e-01 -2.09189262e-02  1.43589988e-01
 -1.98187307e-01  3.38896513e-01 -4.34930116e-01  6.07869983e-01
 -2.53846645e-01  7.91590750e-01 -3.56875882e-02  3.04778337e-01
  2.15029195e-01  5.05295575e-01  1.75789315e-02 -2.72460543e-02
 -1.28480300e-01 -2.57205337e-01  3.57783772e-02 -5.79200909e-02
 -6.81407750e-01  9.21545029e-02 -2.53729820e-01  9.22534049e-01
 -1.14336526e-02 -4.79016826e-02 -1.36097178e-01 -4.66877937e-01
 -1.52467445e-01 -1.32425740e-01  2.75294513e-01 -4.04690713e-01
 -1.19702034e-01  1.62625894e-01 -2.09465668e-01 -4.74402338e-01
  4.88818675e-01  3.42639595e-01 -3.91703337e-01  8.26958001e-01
 -7.30417073e-01  5.75210862e-02 -2.62061339e-02  3.64656836e-01
 -7.47365952e-01  1.51088730e-01  4.98598143e-02  5.59486687e-01
  9.29848328e-02 -4.33689654e-01  1.99748993e-01  3.20905179e-01
  1.02211989e-01  4.26367015e-01  4.94799048e-01  2.34954759e-01
  1.95354655e-01  4.70945448e-01  5.61673045e-02  4.96297121e-01
  4.58567068e-02 -2.13768110e-01  4.98518795e-01  2.91810691e-01
  1.29393652e-01  2.64626890e-01  6.80747330e-02 -5.47927022e-01
 -3.65224034e-02 -1.63021132e-01 -1.03595313e-02 -1.49563789e-01
  4.60751444e-01 -1.61316916e-01 -5.02539128e-02  1.14508383e-01
 -2.07946435e-01  1.70403823e-01  3.67571041e-02 -2.62583464e-01
  3.75305802e-01 -6.91209018e-01  9.99286249e-02 -3.19407612e-01
 -3.27440232e-01 -3.80385637e-01 -3.02856833e-01  3.92470658e-01
  6.25739247e-02 -2.27741338e-02 -1.50439635e-01 -1.84177473e-01
 -8.77260089e-01 -3.44324052e-01  7.29026124e-02  6.55198872e-01
  3.60122412e-01  2.26610646e-01  7.18065351e-02  2.47886717e-01
  4.67506111e-01  7.48334527e-02  1.43081367e-01 -1.94220652e-03
 -2.31676742e-01 -1.86713114e-01  1.26302436e-01 -1.21085666e-01
  4.20135766e-01 -9.82303694e-02  3.48750234e-01 -5.42345010e-02
 -4.06590849e-01  2.43656427e-01  8.67293999e-02 -3.94006163e-01
  5.03381453e-02  7.26811528e-01 -2.60775447e-01 -6.34871423e-01
 -4.98527706e-01 -9.47990268e-02 -6.50830209e-01  6.62958398e-02
 -2.68383652e-01  2.85508454e-01 -3.49700004e-01  1.12674169e-01
 -1.74492911e-01 -4.75419343e-01 -1.81578606e-01 -2.11868286e-01
  3.28344889e-02  1.42950699e-01 -2.28110589e-02 -1.91820711e-01
 -5.15208364e-01 -3.52586992e-02 -3.48714292e-01 -4.78997946e-01
 -3.10264714e-03 -5.51242530e-01  4.46956694e-01  2.26768479e-01
  5.19576371e-01 -4.01957147e-02  2.23008469e-01 -2.11780015e-02
 -6.47084936e-02 -8.50242257e-01 -1.22388318e-01 -8.21013227e-02
 -5.00536263e-01 -2.89797261e-02  1.61732789e-02 -4.62967247e-01
 -3.05137724e-01 -4.27984715e-01 -5.37696257e-02 -4.27530885e-01
 -4.58555937e-01  5.07671535e-02 -6.09349832e-02  1.21000551e-01
 -1.44150585e-01  4.98395979e-01 -4.44367468e-01  1.57625675e-01
 -6.23378396e-01  1.97799042e-01 -6.93991065e-01 -2.58265138e-01
  1.02615738e-02 -2.50993371e-01 -3.85790080e-01  1.67727783e-01
 -4.67547983e-01  3.76975834e-01  3.34049433e-01  5.89170568e-02
 -4.29504603e-01 -2.34155897e-02 -3.79841536e-01  1.28155112e-01
  2.17148751e-01  7.27256596e-01  2.17628777e-01 -6.18875958e-02
  1.72691017e-01  4.01492089e-01  1.91140860e-01  1.47364363e-01
 -1.01788752e-01 -2.96952933e-01  8.40102732e-02  5.50181009e-02
  6.37321651e-01  1.06117532e-01 -1.75985415e-02  1.04611826e+00
 -3.49941045e-01  2.47092575e-01  4.92686391e-01  2.86440611e-01
 -1.74274695e+00  1.24134626e-02 -1.29007444e-01  4.75340001e-02
 -2.40004599e-01  2.80745119e-01 -3.55460658e-03  1.37170598e-01
 -4.59278792e-01 -5.40335178e-01  9.03911769e-01  2.87854135e-01
 -9.33829881e-03 -5.12270808e-01  3.49341303e-01 -2.35028371e-01
  2.98427008e-02 -4.78011936e-01  2.12677538e-01  4.78230417e-01
 -4.10766840e-01  5.39882034e-02 -1.65991887e-01 -5.37499726e-01
 -8.39669257e-02  1.67763039e-01  1.61569253e-01  2.47225672e-01
 -5.30215204e-01  1.38052374e-01  3.13878089e-01  4.00859684e-01
  7.85849571e-01  3.03985566e-01 -6.16408102e-02  5.77767044e-02
  4.45068717e-01  1.35041907e-01  4.25412297e-01 -2.85625219e-01
  1.75831676e-01 -4.75820117e-02  8.53437722e-01  1.25897396e-02
  9.11166295e-02 -1.54978712e-03  1.21304177e-01  2.29567096e-01
 -8.19531530e-02  3.54898632e-01  1.46432102e-01  4.78751250e-02
  1.90706670e-01  5.32224238e-01  5.80730975e-01  1.44955635e-01
 -2.83899516e-01 -3.66182566e-01  3.64569165e-02 -3.21286529e-01
 -6.24405146e-01 -3.38620603e-01 -3.43862951e-01 -1.22221127e-01
 -4.49567646e-01  2.92913973e-01 -2.96255443e-02 -5.18385053e-01
  5.49229495e-02 -3.55665028e-01 -4.25226897e-01  3.32149923e-01
 -5.32559305e-02 -7.33311176e-01  5.86143553e-01  2.21728235e-01
  2.88144261e-01 -5.33857048e-01 -6.53079987e-01 -4.23921756e-02
 -2.73390263e-01 -3.03942800e-01  1.67657301e-01 -3.30829591e-01
 -5.40301539e-02  3.47336739e-01 -7.84889758e-02 -9.32381302e-02
 -3.43779474e-01 -2.95097053e-01 -7.08986878e-01  1.88760504e-01
 -5.04166633e-02  3.23213547e-01  2.19684243e-02  2.22186521e-01
  2.20306531e-01  4.48722839e-02 -2.71185935e-01  8.39256197e-02
 -3.24997872e-01  5.80433309e-01  3.90726745e-01  1.66425571e-01
  5.81920862e-01  4.44246560e-01  2.81132221e-01  5.24589181e-01
  2.02089325e-02  1.34099787e-02 -6.10522449e-01 -3.01175117e-01
  7.10016072e-01 -3.79120931e-02  2.43217826e-01 -1.07879639e-01
 -1.81926806e-02  6.09081030e-01 -3.24829035e-02 -5.74191928e-01
  5.14266547e-04  7.38754347e-02 -1.84155032e-01  2.62513518e-01
  6.57590330e-01  8.22842896e-01 -2.32491437e-02  2.09028870e-02
 -1.40678659e-01 -1.87530726e-01  3.15161854e-01 -1.30644426e-01
 -1.17975011e-01 -2.94526875e-01  9.54099279e-03  2.99439758e-01
  6.59657598e-01  2.00672433e-01  6.23160660e-01  3.09473157e-01
 -3.43716770e-01  2.67425120e-01  4.35273141e-01  4.79529262e-01
 -2.94526517e-01 -2.89981574e-01 -3.53981167e-01  2.58303136e-02
 -3.89669329e-01 -6.62572011e-02  6.73135698e-01 -1.59499541e-01
  1.76897496e-01  7.67650688e-03 -6.11082435e-01 -6.22050464e-01
 -3.78277510e-01  1.60815239e-01 -9.92601439e-02  1.43383160e-01
  2.02571973e-01 -1.35760903e-02 -4.93025184e-01  1.85777426e-01
  5.61464727e-02  2.98899978e-01  5.03491282e-01 -1.53601959e-01
 -9.01676565e-02  3.59078869e-03  3.82498726e-02  6.76893964e-02
 -1.81071088e-01  4.58883010e-02 -2.62824357e-01 -4.94412094e-01
  1.62131209e-02  1.84012845e-01  2.54214287e-01 -1.46533042e-01
  6.53414965e-01  1.32467419e-01 -5.13203919e-01 -5.65060019e-01
 -2.37240583e-01 -2.22166181e-01 -4.52727154e-02 -4.98032242e-01
 -9.01912376e-02  4.43757847e-02  3.66764814e-01  8.76772404e-02
  2.80246258e-01 -3.57614696e-01  7.92291760e-02  2.38751560e-01
  6.34034872e-01 -1.30070135e-01  2.30014458e-01 -1.98584244e-01
  2.17490532e-02  8.81654993e-02  7.55990595e-02  5.94925098e-02
 -1.43209085e-01 -5.36220908e-01 -6.97850943e-01 -3.78329605e-01
 -1.78958684e-01 -1.07865930e+00  5.39438188e-01  1.38625845e-01
  2.41053805e-01 -4.67630297e-01 -4.62996036e-01 -1.47763044e-01
  3.01077008e-01 -1.15580216e-01  4.24873710e-01 -2.17767403e-01
 -5.78147948e-01 -4.97000404e-02  1.25194728e-01 -6.60147369e-01
  9.40503120e-01  2.54540563e-01 -4.91650820e-01 -3.95495683e-01
  3.87395293e-01  1.95834413e-01 -2.21845999e-01  1.07280806e-01
 -1.32592082e-01 -5.39364815e-01  1.55032635e-01 -3.46933961e-01
  3.21011186e-01 -1.54360160e-01 -3.52674324e-05 -1.24660306e-01
  5.85190356e-01  3.44327986e-01  2.44300678e-01  7.75589198e-02
 -2.27900639e-01 -2.08970875e-01 -2.48069152e-01  3.25702071e-01
  1.40794307e-01  3.85053605e-01 -1.76682368e-01  3.16250384e-01
  5.83125949e-01 -8.46609056e-01  8.67414474e-02  7.60417283e-01
  4.11032021e-01  4.44315493e-01 -1.52564764e-01  3.20903882e-02
 -8.17037404e-01  1.35569990e-01  1.41821682e-01 -1.72215570e-02
  4.57020789e-01 -3.56507041e-02 -1.37511179e-01 -4.09765035e-01
 -1.68074183e-02  4.00395066e-01  1.72828749e-01  3.64892520e-02
  4.35541987e-01 -1.55622914e-01  5.13322771e-01  3.38330954e-01
 -2.61516929e-01 -3.60293716e-01  5.43467440e-02  4.09025818e-01
  7.75284708e-01  1.81759849e-01  3.60168815e-01 -7.15021849e-01
 -6.30539358e-01  3.01282763e-01  8.31094086e-02  3.05178523e-01
  5.01429319e-01 -2.74868637e-01 -6.27902821e-02  6.11264467e-01
  2.97894835e-01 -7.07817525e-02 -3.29446822e-01 -4.16540891e-01
 -1.70716390e-01 -2.36667961e-01 -5.00891149e-01  2.01751813e-01
  8.45913216e-02 -4.67947908e-02  2.11769968e-01  1.54199144e-02
  9.83888358e-02  5.82226098e-01  2.87197321e-03 -3.05047333e-01
  2.04790220e-01  6.14336543e-02 -9.01422724e-02  8.08300227e-02
 -2.23519325e-01 -2.46593595e-01 -2.41717659e-02  2.41519004e-01
 -1.57367334e-01  2.02508613e-01  3.40979882e-02  1.61916167e-01
  3.30591708e-01 -4.44882154e-01 -1.90104902e-01 -3.14644456e-01
 -3.17463845e-01 -1.30728632e-01 -6.57792032e-01 -3.59774739e-01
 -3.09588555e-02 -4.71150875e-02 -1.59254432e-01 -5.93736023e-02
 -4.67871338e-01 -2.32516110e-01 -4.49221104e-01  2.52285540e-01
 -1.73445553e-01 -8.41765165e-01  3.82302940e-01  2.62718678e-01
 -1.25296742e-01 -1.19992077e+00  2.47536302e-01  1.70461625e-01
  2.44115233e-01  1.72105312e-01  7.04698920e-01 -3.42238545e-01
 -2.60701954e-01  8.75810459e-02 -2.85531700e-01  2.54745066e-01
 -1.05163517e+01  1.05978079e-01 -4.22578603e-01 -3.99893075e-01
 -3.50487739e-01  3.93149853e-01  6.25632167e-01  5.66282392e-01
 -1.95585936e-01  1.21423393e-01 -3.40548642e-02  9.15949419e-02
 -1.44770285e-02  6.83787882e-01 -5.20783842e-01 -3.06553662e-01
 -2.30557114e-01 -2.15277169e-02 -4.03221026e-02 -2.39191204e-01
  1.14314690e-01 -2.84472644e-01  5.08635998e-01  7.36679852e-01
  5.46224177e-01 -4.08423632e-01 -2.61187971e-01  2.47341441e-03
 -2.02753499e-01  5.91974974e-01 -6.01364851e-01  5.32571316e-01
  3.64352502e-02  3.01084399e-01 -1.52536288e-01  2.52969116e-01
 -4.02831227e-01  6.68329716e-01 -3.90014835e-02  4.04142320e-01
  3.15302551e-01  4.24127430e-01 -2.56795008e-02 -3.04168835e-02
  1.74899265e-01  2.39173710e-01  4.69064713e-01  1.11696711e-02
  5.41832387e-01 -2.42215633e-01 -1.27103299e-01  1.33843392e-01
  6.82288781e-02 -9.43486765e-02  4.55611289e-01 -3.05458643e-02
  6.39403582e-01 -6.74558520e-01 -3.16420607e-02  6.43760711e-02
  3.38028491e-01 -7.73757696e-02  3.83367360e-01  4.44365919e-01
  3.00741434e-01  4.10556674e-01  5.21741688e-01  3.65373969e-01
 -9.13043141e-01 -2.37799183e-01  1.62567645e-01  4.71616268e-01
 -9.50486809e-02  3.25132906e-01 -2.56731838e-01  3.13396513e-01
  3.61466676e-01 -2.95936376e-01  5.50640672e-02 -2.80053783e-02
  2.83950686e-01 -3.02975923e-01  8.33558366e-02  2.40718409e-01
 -6.21874213e-01  4.87202406e-02 -8.32330659e-02 -4.81247865e-02
  2.59869248e-01 -4.46125746e-01  2.38236561e-01  8.38035122e-02
 -5.34437299e-01  5.06531894e-01  4.48012590e-01  1.81824807e-02
 -1.21032991e-01  2.26519614e-01  4.85405922e-01 -2.47120038e-02]"
コ,"[-3.40031236e-02  8.18359554e-01  2.43368626e-01 -5.56144714e-01
  2.80287147e-01  6.06937468e-01  6.05787814e-01 -6.49851501e-01
 -5.27460337e-01 -8.74856338e-02  5.27706683e-01 -1.51821449e-01
 -3.97614658e-01  4.72632051e-02  2.96691686e-01 -4.14127946e-01
  2.93983459e-01 -3.02294623e-02  3.46110873e-02 -2.14860544e-01
 -4.73697275e-01 -9.39324856e-01  1.81948498e-01 -6.29787818e-02
  1.37610927e-01 -5.49549222e-01  7.73554146e-02  3.99033368e-01
  2.39412144e-01 -1.20417230e-01 -3.43516842e-02 -6.02576971e-01
 -1.76644072e-01 -5.22153318e-01 -8.69409442e-02 -2.00160295e-01
 -1.84772238e-01  1.02109909e-01 -2.83956826e-01 -4.35639620e-01
  6.91074133e-02 -1.34097770e-01 -4.78954166e-01 -6.77442923e-02
 -7.04328865e-02  5.95569313e-01 -1.12009607e-01  5.03426671e-01
  4.22184706e-01  2.60098368e-01 -2.82476395e-01  2.81704605e-01
  4.87569511e-01  3.00828099e-01  5.40202819e-02 -1.70578212e-01
 -2.20259428e-02 -1.35105759e-01 -2.67725945e-01  6.10149316e-02
 -6.93861961e-01 -1.24004789e-01 -4.49293703e-02  2.43316486e-01
 -3.29383165e-01  2.82415420e-01 -2.80290097e-01 -5.05430140e-02
 -4.80194613e-02 -6.97480559e-01  3.62185657e-01 -1.86056301e-01
 -3.15920144e-01  9.36432481e-02  1.12326097e+00 -3.04470539e-01
  3.98620695e-01 -6.24346495e-01  4.29722220e-01 -9.46053937e-02
 -4.32018876e-01  4.25306380e-01 -2.56495237e-01 -5.73162973e-01
 -1.99533135e-01  5.59410453e-01 -8.60556006e-01 -8.51772189e-01
  7.52198517e-01  3.16954106e-02  1.14665784e-01  1.72239348e-01
  2.20329762e-01  3.43912691e-01  1.82003394e-01 -3.97315234e-01
  2.98139691e-01  7.17239156e-02 -4.53803241e-02  6.21352911e-01
 -5.47691822e-01 -3.27000111e-01  1.19758427e-01  1.09058693e-01
  2.52100050e-01  6.00410700e-02 -5.94386935e-01  5.30175269e-01
  1.43666342e-01  3.56762558e-01 -1.05631933e-01 -5.69109857e-01
 -5.39138019e-01  1.87002212e-01  2.95804799e-01 -1.87213555e-01
  9.66304690e-02  3.55871528e-01  1.03556737e-01  6.96730435e-01
 -1.13138989e-01  5.10706186e-01 -4.45971303e-02 -2.87576199e-01
 -1.72110781e-01 -1.58677682e-01  6.38342798e-01 -5.43034673e-01
 -2.40154698e-01 -6.30624294e-01 -1.48481414e-01  3.84620756e-01
 -8.77233505e-01  1.54931769e-01 -3.26643914e-01  6.34937525e-01
 -2.28713498e-01  5.75828850e-01 -5.07465661e-01 -6.15215182e-01
 -1.73314512e-01  1.26228094e-01  7.10624158e-01 -8.49522948e-01
  2.33728122e-02  1.52235493e-01  7.95869157e-04 -1.54659331e-01
  7.76271522e-01  4.53313589e-01 -2.08476968e-02  6.05333745e-01
 -7.55394220e-01  1.84092343e-01 -1.23584218e-01 -9.77719277e-02
 -4.35410231e-01  6.22624338e-01  7.95721710e-02  9.35803592e-01
  1.79002583e-01 -3.63964587e-01  2.90543884e-01  8.88212323e-01
  1.02122009e-01  3.86993051e-01  6.23167455e-01  2.50698775e-01
  5.90187073e-01  8.35399806e-01 -2.45349072e-02  6.25492156e-01
  3.34949374e-01 -4.87716913e-01  1.49089679e-01  5.92454612e-01
  5.16888976e-01 -3.16922404e-02  1.87372908e-01 -3.48076105e-01
 -3.00012857e-01 -1.27463996e-01 -3.67748946e-01 -5.24430752e-01
  5.27959585e-01 -6.38387740e-01  3.31762694e-02  2.40299806e-01
  6.82033598e-02 -7.42740110e-02 -1.41142756e-01 -3.52961153e-01
  2.40099296e-01 -6.40367925e-01 -4.44272518e-01  2.43649393e-01
 -4.15564120e-01  1.55024424e-01  2.12862402e-01  2.95139313e-01
 -1.17131069e-01 -1.79158852e-01 -4.97405112e-01 -1.40239155e+00
 -1.11215949e+00  2.01140746e-01  2.42208958e-01  9.74566042e-02
  1.29909083e-01  1.41460180e-01 -2.57268578e-01  2.15118565e-02
 -6.11172756e-03 -8.77538472e-02  3.59233856e-01 -7.25206137e-02
 -8.13828826e-01 -6.57663122e-02  4.47233528e-01 -9.12438035e-02
  3.20160508e-01 -3.82249147e-01  2.72036731e-01  5.85039780e-02
 -4.54798758e-01  3.14509869e-01  2.30412364e-01 -4.06691968e-01
 -8.03591907e-02  4.82664675e-01 -2.94177324e-01 -5.43042421e-01
 -9.27678406e-01  1.45620689e-01 -3.89038861e-01  2.60894358e-01
 -3.13992769e-01  3.50613832e-01 -2.99503386e-01  4.87678289e-01
 -1.00990638e-01 -5.68887115e-01 -2.37294547e-02 -2.46849686e-01
 -1.60343610e-02  4.77189988e-01  9.60796624e-02 -2.20960200e-01
 -7.21571147e-01  1.23716027e-01 -8.58770967e-01 -3.70252162e-01
  2.08493829e-01 -1.25054270e-01  8.56157601e-01  3.54532540e-01
  9.82189476e-02 -1.30364999e-01 -9.67959985e-02  3.54307964e-02
 -4.85871285e-01 -5.66526175e-01  7.79870674e-02 -2.44835049e-01
  2.38737687e-01 -1.70298427e-01 -8.43780786e-02 -7.32693553e-01
 -7.16245770e-01 -3.56674522e-01 -5.07580563e-02 -1.11444421e-01
 -3.71584117e-01 -3.26895833e-01 -3.95800918e-01  3.83227199e-01
 -1.37553915e-01  6.40039444e-01 -3.32488269e-01  4.13617432e-01
  3.78613770e-02  5.31190574e-01 -1.22279990e+00  2.42338732e-01
  2.64373302e-01 -9.07766521e-02 -2.55535871e-01 -1.07908785e+00
 -3.85602087e-01  4.62247461e-01  1.39149040e-01 -3.34768414e-01
 -1.34344980e-01 -7.55908713e-02 -3.67132366e-01 -1.54725164e-01
 -1.53716981e-01  1.45521075e-01 -3.18582170e-02  4.83611882e-01
  2.97614813e-01  1.73670217e-01  2.58747071e-01 -4.89936024e-01
 -5.40043533e-01  1.29702212e-02  1.32869467e-01 -1.38940036e-01
  6.00982368e-01  7.74345845e-02 -4.95811133e-03  1.19829559e+00
 -7.53678024e-01 -1.69955209e-01  1.04749227e+00  2.15753168e-02
 -1.37812638e+00  2.43046731e-01  5.06793678e-01  1.91017538e-01
 -1.75383016e-01  8.41663301e-01  1.72287852e-01  2.55304694e-01
 -4.19848680e-01 -4.21023011e-01  1.15853453e+00  2.63974041e-01
 -5.31793594e-01 -2.44952932e-01  7.17396021e-01 -1.82570085e-01
  4.60462362e-01 -2.99816877e-01 -4.18125063e-01  3.80264372e-01
 -3.56573641e-01 -9.74904448e-02  2.03913953e-02 -3.03174943e-01
 -7.90582418e-01  4.33789790e-01 -1.92611724e-01  5.28056026e-01
 -7.42500722e-01 -2.97957629e-01  4.02795643e-01  1.20531130e+00
  6.39519632e-01  6.79526448e-01 -2.82252878e-01  2.15375517e-02
  7.73160398e-01  6.30646646e-02  4.17632610e-01  1.84704646e-01
  1.45980671e-01 -4.25112963e-01  9.14489031e-01 -1.27254620e-01
 -4.63717103e-01  3.19115907e-01  5.11827409e-01  6.51170254e-01
  1.09212166e-02 -2.18484193e-01  4.71887678e-01  8.35557431e-02
  7.72223771e-01  9.56755221e-01  6.26986265e-01  6.76405504e-02
  2.78371871e-01 -2.52559930e-01  7.70499945e-01 -5.13050497e-01
  4.04873602e-02  1.69144586e-01 -5.06784245e-02 -4.09605026e-01
 -7.89666891e-01 -9.51197669e-02 -1.90251738e-01 -4.23296779e-01
 -4.16331172e-01 -9.04510736e-01 -8.18772376e-01  2.47665361e-01
  4.80200946e-01 -7.86351085e-01  1.25358924e-01  2.82301158e-01
  3.99951339e-01 -5.53323090e-01 -2.05699444e-01  2.42023602e-01
 -4.31606293e-01  1.18376680e-01  1.86674267e-01  4.33183640e-01
 -4.52770084e-01  8.33026096e-02 -4.70022619e-01 -2.19578043e-01
 -9.30724025e-01 -6.14590228e-01 -4.82733667e-01  8.83011818e-02
  2.60424078e-01  4.40565169e-01  1.60905376e-01  4.12852436e-01
 -2.53472418e-01  6.70503825e-02 -1.84876829e-01 -4.45384949e-01
 -1.38996065e-01  4.67279851e-01  2.47606084e-01  6.31031334e-01
  1.70158848e-01  5.18903196e-01  3.59810628e-02  1.59394083e-04
  6.37744069e-02 -4.33488116e-02 -3.50952476e-01 -3.59039009e-01
  6.87483430e-01 -1.52769506e-01 -1.09389797e-01 -3.22362743e-02
 -4.38390486e-02  7.21520543e-01 -6.34018928e-02 -1.10090613e+00
 -1.57892734e-01  3.41296405e-01  8.62532109e-02  3.65873307e-01
  3.95502239e-01  1.09564686e+00 -2.06748605e-01  2.04002485e-01
  5.86377323e-01 -7.85374492e-02  7.58567274e-01 -3.16875279e-02
 -2.84819245e-01 -3.17162216e-01  1.47566512e-01  6.65841460e-01
  6.79170862e-02 -1.07560135e-01  2.48768359e-01  4.16045189e-01
 -2.99391717e-01 -1.97558269e-01  3.30075651e-01 -9.90340039e-02
 -6.71737075e-01 -3.46156269e-01 -5.35025001e-01 -6.36352241e-01
 -1.34762287e-01  3.77500027e-01  2.80994862e-01 -4.31473274e-03
  4.33102727e-01 -6.10811472e-01 -6.75711572e-01 -4.98841137e-01
 -9.49790061e-01  3.83423924e-01 -2.04540879e-01  5.66437304e-01
  5.67321777e-01  5.19686155e-02 -5.26067436e-01  2.73315936e-01
 -1.19956948e-01  4.37942624e-01  8.92815590e-01 -3.02216083e-01
 -1.61841691e-01  4.91000712e-01 -1.36516541e-01  6.80396140e-01
 -2.31352121e-01  1.73795685e-01 -3.02254379e-01 -3.17599215e-02
 -8.61420557e-02  1.39808625e-01  3.32722031e-02 -5.36412954e-01
  8.43076706e-01  1.15854286e-01 -3.74888450e-01 -4.09248322e-01
 -6.42643034e-01 -1.10807993e-01  4.49589521e-01 -7.45605767e-01
  2.17578318e-02 -6.09686315e-01  1.93664342e-01  6.53223693e-01
  8.42315733e-01 -6.93938136e-01  4.56017166e-01  1.89332709e-01
  7.64791220e-02 -1.87673971e-01  2.29304031e-01 -3.87045652e-01
 -3.21306914e-01  4.00711372e-02  5.27030945e-01  1.77018955e-01
  6.84628606e-01 -5.61532855e-01 -8.35055828e-01 -5.50360084e-02
 -2.28319854e-01 -6.27835453e-01  3.52906764e-01  7.03449324e-02
  2.99848020e-01 -5.31550109e-01  2.19050184e-01 -7.14979172e-01
  5.29027820e-01  3.57724875e-01  1.50618061e-01  9.88623574e-02
 -7.47942328e-01 -1.62821457e-01 -4.41728026e-01 -9.56836641e-01
  4.63358998e-01  4.12965864e-01 -8.09680045e-01  2.92298663e-02
  4.38703060e-01  5.18194199e-01 -6.92168474e-01 -5.76343417e-01
 -3.93741280e-01  9.18499455e-02  4.85231012e-01  2.01218501e-01
 -2.92095225e-02  1.40590826e-03 -3.01596671e-01  1.65906876e-01
  5.81577837e-01  6.98478281e-01  6.66153252e-01  9.39693525e-02
 -2.94664018e-02  1.55121654e-01 -7.05009222e-01  5.15378006e-02
 -2.03845084e-01 -1.34968176e-01 -5.61633892e-02  9.25351322e-01
  5.31623602e-01 -4.03094798e-01 -1.51008889e-01  9.34486568e-01
  4.13570940e-01  8.28534424e-01 -4.16184038e-01 -1.79562360e-01
 -4.56801862e-01  4.43943411e-01  1.18514307e-01 -2.82733023e-01
 -1.11502949e-02 -1.11879811e-01 -3.39961082e-01 -2.81307280e-01
 -3.18983853e-01  2.75723249e-01  6.29651472e-02  2.88141757e-01
  1.76223144e-01 -2.62073815e-01  4.36531037e-01 -2.49325544e-01
 -4.77575183e-01 -1.89346969e-01  4.37821686e-01  1.73898518e-01
  7.86911190e-01  2.15352759e-01  2.70626277e-01 -3.22856337e-01
 -9.98281896e-01 -3.61847103e-01  3.10712487e-01  3.70376438e-01
  7.74248183e-01 -7.68168449e-01 -5.58015406e-01  1.15990505e-01
  2.89381862e-01 -5.41180037e-02  9.31880623e-02 -9.02059972e-01
 -3.80132139e-01  1.89359561e-01 -6.94767594e-01  3.49366009e-01
  2.77846783e-01  1.84967622e-01 -2.18699008e-01 -4.49166149e-01
  6.59638345e-02  5.69992125e-01 -1.78454325e-01 -5.48816741e-01
  3.58918577e-01 -4.75102440e-02 -5.17831855e-02  1.53852642e-01
  1.20168254e-01 -5.57288192e-02 -3.42426635e-02  1.67805642e-01
 -4.46234524e-01  5.53899184e-02 -2.60110736e-01  3.95022452e-01
  2.41767475e-03  2.88103372e-01 -1.59017786e-01 -1.04087019e+00
  8.51010457e-02 -1.17336260e-02 -4.97439772e-01 -3.01034570e-01
 -2.17571869e-01 -3.18164945e-01 -1.54365450e-02 -1.19722486e-01
 -2.46728197e-01  3.23862582e-01 -3.17559153e-01  5.85205019e-01
 -1.22650959e-01 -6.32888436e-01  3.05619657e-01  3.99862498e-01
 -3.82739812e-01 -8.35300505e-01  3.57702881e-01  4.12165910e-01
  4.39000070e-01 -3.57071832e-02  5.17107286e-02  1.34083614e-01
  3.38933468e-01  4.90094960e-01 -6.08103216e-01  5.32438278e-01
 -9.79601955e+00 -3.71066123e-01 -6.01284325e-01 -3.19527388e-01
 -3.20709139e-01 -5.82566969e-02  1.07630455e+00  6.74293786e-02
 -1.24784179e-01 -1.62956342e-01 -8.72951075e-02 -1.50995729e-02
  4.90367979e-01  8.81763518e-01 -6.94205523e-01 -5.37462115e-01
 -7.15912804e-02 -3.04488838e-01 -4.26196158e-01 -1.00694515e-01
  4.00756449e-02 -2.51404136e-01  1.06191254e+00 -6.17653802e-02
 -3.38840127e-01 -3.50596279e-01  1.02015689e-01 -1.28545742e-02
 -2.46737078e-01  8.90286267e-01 -7.34142900e-01  1.49080098e+00
  1.81100830e-01 -9.58405361e-02 -2.63732672e-01  7.83888251e-02
 -8.42657387e-02  3.83993536e-01 -6.18537843e-01  5.44169486e-01
  1.76882356e-01  1.02944911e+00 -2.23442614e-01 -1.23551995e-01
  5.35986066e-01 -1.85154695e-02  4.37277973e-01  1.87122524e-01
  2.56300658e-01 -1.69576496e-01 -1.90561801e-01 -4.08345729e-01
  1.47109717e-01 -1.90664619e-01  1.80475160e-01 -1.62386492e-01
  6.50650859e-01 -6.85634136e-01  2.07714401e-02  8.01436305e-02
  5.25141239e-01 -1.48999259e-01  5.69961369e-01  6.55263126e-01
 -4.02973682e-01  7.19710812e-02  2.27081656e-01  1.52651006e-02
 -5.92391968e-01 -2.47420773e-01  2.75155902e-01  5.59971444e-02
  9.35863703e-02  3.79527777e-01 -3.10469508e-01  5.26294708e-01
 -1.55469045e-01 -3.09055030e-01  7.42112637e-01  3.24877620e-01
  1.00749028e+00 -1.15901396e-01 -6.03499189e-02  1.92686677e-01
 -8.88719261e-01  4.23133701e-01 -1.65509388e-01  3.20394248e-01
  5.79544723e-01 -6.26762092e-01  1.00056088e+00  5.16397581e-02
 -5.61918616e-02  2.78020412e-01 -2.57949438e-02 -1.43004343e-01
  6.82184458e-01  5.56321383e-01  5.35772443e-01  1.37304470e-01]"
ク,"[ 2.60196477e-01  7.71667540e-01  1.15915453e+00 -2.49042720e-01
  6.24289572e-01  5.12441337e-01  2.77206957e-01  1.34479376e-02
 -6.32550001e-01 -3.89576465e-01  5.36901891e-01 -4.04379666e-01
 -3.96104485e-01 -9.10567492e-02  5.37040867e-02 -2.77782798e-01
 -3.01277161e-01 -4.78483737e-01  8.34780931e-02 -1.90985441e-01
 -8.34200382e-01 -4.67917681e-01 -5.02063334e-01  9.45692837e-01
  2.10563377e-01 -6.25866890e-01 -1.73195958e-01  2.51730055e-01
  5.08832633e-01 -4.24505442e-01 -1.45944238e-01 -4.04359847e-02
  1.67103887e-01  1.44281045e-01 -6.58120692e-01  2.51528233e-01
 -7.88288265e-02 -1.90069541e-01  4.83775437e-01  5.08098722e-01
  2.04168811e-01 -4.52791840e-01 -1.88183084e-01  2.09518597e-01
 -2.64447480e-01  6.20810509e-01  2.29791299e-01  1.75227195e-01
 -8.29321966e-02 -6.43036485e-01  1.22299418e-02  3.86009783e-01
  2.55788594e-01  3.05051744e-01  1.44909874e-01 -4.55426246e-01
  7.61219859e-01 -1.02945411e+00 -4.80309963e-01  7.94955969e-01
 -7.31621802e-01  5.13282716e-02 -2.11315244e-01  1.32065058e-01
 -6.68505192e-01  2.89209127e-01 -5.87130487e-02 -5.32485366e-01
 -7.73560256e-02 -4.11173642e-01  7.18304276e-01 -1.96817085e-01
 -9.62654725e-02 -5.99820912e-01  9.33791459e-01 -5.39041102e-01
  1.82269812e-01  3.39249074e-01  1.85224816e-01  4.01392989e-02
  2.88879070e-02  3.59316379e-01  4.71389621e-01 -3.88554811e-01
 -1.48425534e-01  1.46239236e-01 -8.08907568e-01 -9.69410181e-01
  6.65670335e-01 -1.96126923e-02  1.64390244e-02  4.29009683e-02
 -4.78490174e-01  8.78115371e-02  1.02738869e+00  1.29321292e-01
  3.39726508e-01 -3.99778217e-01  1.17319323e-01  4.92487997e-01
 -2.66723335e-01  1.41569048e-01 -3.21172267e-01 -3.36155087e-01
 -3.84912230e-02 -8.82785022e-02 -5.77941060e-01  1.52294010e-01
  2.69674301e-01  3.35416138e-01 -3.32557946e-01 -1.02678645e+00
 -5.03105819e-01 -2.53836393e-01  7.98321426e-01  6.43799454e-02
 -8.85188282e-01  3.56509835e-01 -8.11012924e-01  2.15516776e-01
 -1.01303294e-01  1.71427011e-01 -3.54856551e-01 -6.91939950e-01
 -1.87597312e-02  1.37199327e-01  3.80942136e-01 -4.75458890e-01
 -1.68571845e-01 -7.14127839e-01 -7.25221217e-01 -4.96220887e-01
 -6.80423439e-01  3.39686513e-01 -6.46927834e-01  9.90753114e-01
 -1.21850763e-02  1.51878700e-01  9.80211049e-02 -4.14505720e-01
 -8.67651820e-01  2.86146924e-02  4.15253222e-01 -6.41819835e-01
 -1.38866324e-02  2.56266773e-01  7.87621960e-02 -1.17486507e-01
  4.66612220e-01  1.27499774e-01 -9.28182714e-03  1.06915653e+00
 -7.10630357e-01  1.17086895e-01  5.02184629e-01  2.51902968e-01
 -4.76722002e-01  4.21703368e-01  3.18808138e-01  4.16269988e-01
  3.25423926e-01 -2.51908023e-02 -3.73780966e-01  6.91607773e-01
  3.37154418e-01  4.90053803e-01  5.34252763e-01 -2.97585707e-02
 -9.11524445e-02  3.34360361e-01  3.27062726e-01 -3.91871557e-02
  2.24272966e-01  2.60772314e-02 -2.71033406e-01  6.89779446e-02
  5.18383563e-01 -9.16298181e-02  5.55247515e-02 -1.15310907e+00
 -2.77596325e-01  1.01725347e-01  6.64962888e-01 -6.38902664e-01
  8.36057544e-01  8.76204371e-02  1.32206365e-01  3.17080975e-01
  3.77422303e-01 -1.90548643e-01 -3.84610891e-01 -4.60340023e-01
  6.85780585e-01 -5.97081840e-01 -4.96161640e-01 -1.13449566e-01
  5.19355297e-01  3.19341213e-01 -5.31963587e-01  4.34350431e-01
  4.53911424e-01  4.17395145e-01  1.00020379e-01 -7.70497501e-01
 -5.92647076e-01 -3.24892133e-01 -1.04639553e-01  3.54579598e-01
  4.35823560e-01  1.67298168e-01 -1.97595075e-01  1.50724456e-01
  2.21246392e-01  3.73520732e-01  1.18857217e+00  2.57620484e-01
 -1.09462726e+00 -3.11310410e-01  6.79983139e-01 -4.02263820e-01
  4.39367473e-01 -6.53211415e-01 -4.15239483e-01 -1.70145988e-01
 -5.68780862e-02  7.39843071e-01  4.84301865e-01 -7.10323036e-01
 -1.64201856e-01  4.48254466e-01 -7.39771307e-01 -7.21781135e-01
 -3.26136202e-01  4.18436497e-01 -3.65296811e-01 -1.91747487e-01
 -5.45055151e-01  5.88369071e-02 -1.16988504e+00  5.66035032e-01
 -6.71023667e-01 -4.89876390e-01  3.79558384e-01 -4.55694169e-01
  4.75119874e-02 -1.22610174e-01 -4.22688961e-01 -4.26232070e-01
 -5.74466348e-01 -4.52838689e-02 -1.62322640e-01 -3.00680399e-01
  1.42582208e-01 -4.81973827e-01  6.33945286e-01  8.74134958e-01
  4.00109023e-01 -6.72254413e-02  2.55788207e-01 -5.25393307e-01
 -1.78439245e-01 -7.80938387e-01 -2.09622815e-01 -1.42761976e-01
  1.98840335e-01  8.01732898e-01  1.15420438e-01 -1.52391896e-01
 -1.15732360e+00 -3.84558022e-01  5.94755054e-01 -1.39125869e-01
 -1.82271883e-01  2.09486306e-01 -2.73280323e-01  3.06655675e-01
 -3.46677810e-01  1.17022288e+00 -1.48817450e-01  5.59621215e-01
 -4.77354765e-01  8.75140429e-01 -1.02524400e+00 -2.38219202e-01
 -2.59711951e-01  5.17503500e-01 -3.03702414e-01 -5.81907749e-01
 -2.99463689e-01  6.06716096e-01  9.38427448e-01 -5.27760506e-01
  1.93660334e-01 -4.49289024e-01 -3.76345366e-02  2.78360784e-01
  5.02227485e-01  4.47737277e-02  4.64513227e-02  6.30439296e-02
  5.36792159e-01  3.56679291e-01  3.20338339e-01 -5.04708707e-01
  2.09250271e-01 -5.42144775e-01  3.40330973e-02  3.84686559e-01
 -2.01655403e-01 -3.67166102e-01  2.50027627e-01  6.09812081e-01
 -6.00838006e-01  3.78953218e-02  1.31855834e+00  1.70417026e-01
 -1.24256361e+00  1.16679840e-01  2.19755962e-01  6.59569144e-01
 -7.38492250e-01  2.44466171e-01  1.44839466e-01  6.15730703e-01
 -6.25522733e-01 -6.87185228e-01  1.28101611e+00  4.09541160e-01
  1.44494966e-01  1.71817765e-01  3.21048886e-01 -4.71158475e-01
  1.56625211e-01 -5.00887752e-01  3.02410334e-01  2.65326619e-01
 -8.69952261e-01 -6.63931593e-02 -8.14085379e-02 -9.16087747e-01
 -8.88345838e-01  4.66942877e-01 -2.87551850e-01  4.95985806e-01
 -7.72244811e-01 -1.44079551e-01  6.31329477e-01  1.44879150e+00
  7.45965004e-01  6.29451931e-01 -1.08065534e+00 -3.68878633e-01
  1.75455838e-01 -6.57195598e-02 -3.38567831e-02 -1.75555855e-01
  2.04769939e-01 -2.75788248e-01  6.18297011e-02 -1.67478338e-01
  3.57894868e-01  5.02398275e-02 -1.18345246e-01  2.16492161e-01
 -2.38235712e-01  2.44437262e-01  3.55245978e-01 -2.94780675e-02
  2.63764203e-01  5.59274077e-01  1.11651146e+00  1.10024966e-01
 -1.90357361e-02 -6.45922363e-01 -3.45478244e-02 -8.43630016e-01
  3.67620945e-01  6.51250482e-02 -3.25354546e-01  4.78100061e-01
  7.18282461e-02 -3.29701662e-01 -4.54442315e-02 -5.06226778e-01
  8.44847709e-02 -4.01085615e-01 -5.09675443e-01  3.12748045e-01
  2.10587740e-01 -4.52464521e-02  4.97682780e-01  4.91972715e-01
  4.29130912e-01 -5.23398757e-01 -9.43262815e-01  3.37992162e-01
 -2.42254227e-01  1.42103694e-02  1.51191473e-01  3.45418483e-01
 -5.32907963e-01 -1.07836612e-01 -5.05534708e-01 -4.69458580e-01
 -5.39652586e-01  2.90536303e-02 -6.77014768e-01  3.59861106e-02
  1.31933063e-01  7.23980308e-01 -6.60355330e-01  2.53243953e-01
 -1.37367636e-01  1.34533048e-01 -3.99792165e-01 -7.69085348e-01
 -2.51957566e-01  5.19851387e-01  2.31317863e-01  5.03291965e-01
  4.87517953e-01 -1.25676438e-01  5.17343819e-01 -1.47013992e-01
  4.80350733e-01  6.58685863e-01 -3.87927145e-01 -3.43823940e-01
  7.23245561e-01 -7.87359700e-02  4.00748879e-01  1.85286164e-01
  2.03268722e-01  6.85592830e-01 -3.86888564e-01 -7.17055082e-01
  7.49049410e-02 -2.59809315e-01 -4.25441772e-01  8.18724394e-01
  8.23091447e-01  4.54958767e-01 -3.32271695e-01  5.20878553e-01
  1.17112041e-01 -2.20070049e-01 -1.44655019e-01 -7.64782548e-01
  4.55233365e-01  1.71499237e-01  1.06702626e+00  8.11798751e-01
  2.60668337e-01 -1.06650785e-01  2.76012033e-01  2.93348551e-01
 -6.36377275e-01  3.15974593e-01  5.01814663e-01 -2.12537661e-01
 -4.41121399e-01  4.28492039e-01 -4.84221518e-01  1.77771356e-02
  4.30639803e-01  1.17921154e-03  5.70151746e-01  1.19020715e-01
  2.97816396e-01 -9.60047662e-01 -5.82479179e-01 -8.00320089e-01
 -7.15108752e-01  3.54776591e-01 -3.09542835e-01 -5.87472739e-03
  5.37807643e-01  1.71904802e-01 -6.09015703e-01  7.10887253e-01
  1.42351780e-02  2.61312068e-01  1.11308493e-01 -1.25418329e+00
 -6.23344928e-02  4.32842255e-01 -5.13861537e-01 -5.94785810e-01
 -1.97942659e-01  7.50741437e-02 -5.79480052e-01 -4.51544970e-01
  5.02276599e-01 -4.55630541e-01  1.86423019e-01 -3.65054220e-01
  4.55969542e-01 -1.44015074e-01 -8.31836879e-01 -1.59967721e-01
 -1.75264433e-01 -4.15147617e-02 -6.44078195e-01 -3.74031246e-01
 -1.74108475e-01 -1.47157490e-01  2.32844487e-01  5.37898242e-01
  5.30961573e-01 -2.83032179e-01  5.26342273e-01  1.69117317e-01
  6.70935035e-01 -5.53865135e-01  7.67803378e-03 -4.52748328e-01
 -3.90837908e-01 -1.00022458e-01  8.30071330e-01 -6.19895235e-02
  1.63474083e-01  1.63734183e-01 -1.01566780e+00 -6.25840664e-01
 -9.60905924e-02 -7.74562359e-01  5.63766956e-01  2.98217446e-01
  1.09654462e+00 -1.02314508e+00  2.11841241e-01 -3.16810966e-01
  3.21508616e-01  3.13719809e-01  2.70627022e-01  3.07801425e-01
 -1.26975477e+00 -3.48826021e-01 -1.98647827e-01 -9.02320564e-01
  1.37463939e+00 -1.14572458e-02 -6.70178413e-01  8.00737679e-01
  9.20693398e-01  4.08773750e-01 -3.79571021e-01 -2.17764173e-02
 -9.64465961e-02  8.28632116e-02  1.04742326e-01 -8.40235054e-02
  3.95069957e-01  3.74082595e-01 -1.13686979e-01  2.49935627e-01
  1.85602710e-01  9.28186417e-01  5.36824763e-01 -1.60520747e-01
 -1.50707915e-01 -3.41460466e-01 -4.61574882e-01  1.23866030e-03
 -7.76219368e-02  3.67366791e-01 -1.01367176e+00  1.13972795e+00
  5.71146488e-01 -2.25763306e-01  6.36152327e-01  8.22552145e-01
  1.15193307e-01  8.86490822e-01  6.29400238e-02 -4.61571455e-01
 -4.16148603e-01  3.11542004e-01  3.70331734e-01  5.37033498e-01
 -3.26771885e-01  3.60597335e-02 -5.36019683e-01  1.43773690e-01
  7.08063781e-01 -2.59699434e-01 -5.79656251e-02  4.79259342e-02
  4.65667576e-01 -3.29204112e-01  6.09754086e-01  1.79529428e-01
 -3.87241751e-01  1.67559227e-03  3.52180332e-01  9.32618499e-01
  1.38038504e+00  1.61499083e-01  5.33876479e-01 -1.91541761e-01
 -4.73391414e-01  7.01276958e-02  3.29782329e-02  1.64330885e-01
  8.21374059e-01 -1.89902112e-02 -6.16416156e-01  7.61721373e-01
  1.76582426e-01  1.81489289e-01 -3.07503104e-01 -7.29253232e-01
 -1.65629014e-01 -1.36620641e-01 -6.08190000e-01  2.07964644e-01
  5.84343374e-01  4.70226049e-01 -1.50611907e-01 -6.72256291e-01
 -2.11675853e-01  5.79976618e-01 -2.92512588e-02  1.26929972e-02
  2.70023257e-01 -4.33915347e-01 -5.12646418e-03  9.01865363e-02
  3.13582599e-01 -3.70747238e-01  5.41979559e-02  1.98627293e-01
 -6.52126193e-01  1.68179527e-01 -1.14617638e-01  7.38644719e-01
  2.63390869e-01 -4.81293015e-02  2.82820523e-01 -8.68178606e-01
 -4.64074522e-01  4.13243659e-02 -5.05540252e-01  1.55961841e-01
 -2.02982709e-01 -6.60738170e-01 -5.91162503e-01 -3.49203020e-01
 -8.14115644e-01 -3.05605114e-01 -1.34271696e-01  4.94431645e-01
 -8.59795272e-01 -1.58057362e-01  1.36916444e-01 -2.23080181e-02
 -4.80614156e-01 -1.49327302e+00  1.74037933e-01  2.44806185e-01
  4.47381139e-02  6.10779345e-01 -1.47978896e-02  1.62881717e-01
 -1.63374379e-01  2.24744484e-01 -3.93657357e-01 -5.35556972e-01
 -9.42827606e+00  1.91608816e-02 -4.04879361e-01 -6.88787878e-01
 -2.45647371e-01 -1.07350171e+00  1.00933969e+00  1.07252038e+00
 -4.29164678e-01  3.82226914e-01 -3.42212766e-02  6.32764585e-03
  7.39865422e-01  3.31105530e-01 -6.66051954e-02 -1.16073944e-01
 -2.62341887e-01  4.28433120e-02 -4.00852531e-01  1.41275957e-01
 -9.65386927e-01 -2.79744625e-01  3.08860540e-01 -1.53477848e-01
  2.84446985e-01 -4.53707576e-01  3.94372523e-01  1.08914584e-01
 -9.97073874e-02  2.90245742e-01 -6.19374752e-01  3.79822284e-01
 -1.24716699e-01 -3.62564065e-02 -6.95575774e-01  6.29854262e-01
  6.80021524e-01 -6.90756813e-02 -2.16799468e-01  5.42277098e-01
  3.44773203e-01  6.13334835e-01  4.27318476e-02 -9.81976166e-02
  8.67847726e-02 -3.29649568e-01  4.41367328e-01  4.50058460e-01
  6.73288584e-01  3.53333429e-02  1.05393771e-02 -6.36611283e-01
  1.80604786e-01 -4.35551256e-01  2.91910708e-01 -3.82140160e-01
  4.18005466e-01 -4.95882511e-01  2.79781282e-01  1.08730979e-01
  4.24488872e-01  1.69686437e-01  8.88563931e-01  4.11826134e-01
 -3.50971788e-01  1.14503670e+00 -1.69630483e-01 -1.65991068e-01
 -3.80303487e-02 -1.43315792e-01  1.41743310e-02  1.36937514e-01
 -3.12920101e-02  3.23201805e-01 -2.91940302e-01  3.64618272e-01
 -2.24745665e-02  3.83081555e-01  2.65610367e-01  1.13500908e-01
  5.03313422e-01 -5.48441112e-01  1.84115872e-01  1.80992588e-01
 -6.59974873e-01  2.86986232e-01  5.20059884e-01 -4.62960571e-01
  2.47530192e-02 -1.95787966e-01  8.47390354e-01 -1.78217053e-01
 -2.31389135e-01 -8.63113534e-03  6.18851855e-02 -5.65403104e-01
  2.22127661e-01  6.00623310e-01 -1.65242597e-01 -5.08115888e-01]"
ノ,"[ 1.23113811e-01  4.49260980e-01  3.88404280e-01  4.12229039e-02
  7.58494586e-02  5.55812836e-01  2.30610564e-01  1.55199990e-01
 -4.04612541e-01 -4.64430183e-01  3.74848321e-02 -1.54315770e-01
 -2.07908779e-01  6.23014152e-01  7.49955997e-02 -3.30402814e-02
 -2.26855040e-01 -1.62437931e-01 -3.13676387e-01 -2.00981289e-01
 -4.48760957e-01 -3.97047579e-01 -4.97110158e-01  4.76455122e-01
 -2.80899405e-01 -7.96614587e-02 -1.04049891e-02  1.68051675e-01
  2.50054508e-01 -1.14886917e-01 -9.53003466e-02 -4.02071178e-01
 -5.61126232e-01  1.01643596e-02 -6.13143682e-01 -8.41822997e-02
 -4.24341589e-01 -1.15477450e-01  2.67024755e-01  2.16015093e-02
 -1.81246996e-02 -1.73579127e-01 -3.49012285e-01 -3.33618551e-01
 -7.02253431e-02  4.09980029e-01  2.20420837e-01  3.00006866e-01
  2.42361739e-01  4.48936149e-02 -3.21125537e-02  3.01297307e-01
  1.92337692e-01  8.26527849e-02  4.47368920e-01 -5.93059182e-01
  8.80979478e-01 -8.07471931e-01  2.13088438e-01  5.51424801e-01
 -6.56773627e-01 -3.90758187e-01  1.43242121e-01  2.11935133e-01
 -9.31481495e-02 -2.19872966e-01  3.20592284e-01 -2.26815380e-02
  1.36021286e-01 -7.62172818e-01  2.12349832e-01 -1.27141982e-01
 -6.43603504e-02 -1.57820612e-01  2.64960796e-01 -7.73804367e-01
  3.08751792e-01 -1.34795398e-01 -9.22530517e-02  4.32345748e-01
 -6.07732952e-01  8.60530555e-01  1.02429159e-01 -4.22151029e-01
 -2.94526704e-02 -1.23188280e-01 -6.46335602e-01 -8.16068292e-01
  4.59982216e-01 -2.75368243e-01  2.81266272e-01  3.78872514e-01
  1.45803541e-01  7.60105848e-01  1.65413618e-02  4.40185964e-02
  3.51011038e-01  3.87873113e-01  8.99581686e-02  3.23933095e-01
 -4.62004006e-01 -5.34325987e-02  5.84278762e-01 -8.37862790e-01
 -1.35014057e-01  4.42395322e-02 -4.43261951e-01  4.66958582e-01
  1.38552159e-01  4.95200753e-02 -2.71311730e-01 -2.95672476e-01
 -3.43964279e-01  2.89145172e-01  2.78231651e-01  3.83880287e-01
 -2.12855288e-04  3.52657884e-01 -2.96841830e-01  4.20441896e-01
  1.40269235e-01  6.62803769e-01  1.09529132e-02 -2.49316245e-01
 -7.61166990e-01 -1.78450748e-01  2.51341045e-01  2.48560891e-01
  4.15656120e-02 -8.78526211e-01  1.42715305e-01 -3.67501788e-02
 -5.65640450e-01 -1.95349798e-01 -3.72287840e-01  6.86625242e-01
 -3.80434580e-02  1.79914564e-01 -1.07767247e-01 -4.58080381e-01
 -6.97997212e-01  2.59056240e-01 -1.68051690e-01 -4.91655879e-02
 -2.13580102e-01 -9.60002318e-02 -1.39121320e-02  1.98626667e-01
  6.02209568e-01  5.10934234e-01 -1.99028850e-01  1.08309150e+00
 -4.65114534e-01  3.38232853e-02  3.89487773e-01  1.73709512e-01
 -5.13961792e-01 -8.78164452e-03  2.31831729e-01  5.93233228e-01
  5.72017312e-01 -4.90951926e-01  3.55887771e-01  9.36181843e-01
  4.92500840e-03  2.35442325e-01  4.68925864e-01 -1.16490021e-01
  3.04736435e-01  5.32806814e-01  5.97709119e-01  5.41073382e-01
  5.92143834e-02 -2.41891831e-01  1.00824591e-02  5.17738283e-01
  7.23901451e-01  8.04607421e-02  1.66189998e-01 -5.36121488e-01
  7.83840641e-02 -6.55987710e-02 -9.39969718e-03 -8.04161727e-01
  2.19759196e-01 -3.05725276e-01  1.52500451e-01 -8.31784010e-02
 -2.19059780e-01  4.82337968e-03 -2.45514527e-01 -1.42656997e-01
  1.65396035e-01 -1.80536762e-01  2.26214379e-02  2.52815306e-01
  1.00860395e-01 -7.36695156e-02 -3.12549770e-01  2.79089343e-03
 -2.68920720e-01  9.18744355e-02 -8.30516815e-02 -1.10109758e+00
 -9.53852296e-01  1.03881106e-01  5.31826556e-01  4.94676471e-01
  3.65183890e-01 -9.52106789e-02 -2.39994168e-01  2.04554543e-01
  7.21654952e-01  1.95283428e-01  4.75211233e-01  4.69315678e-01
 -5.75710177e-01 -1.04978181e-01  1.77905098e-01  3.13063949e-01
 -9.79202688e-02  8.28086808e-02  4.22740579e-02 -8.02398846e-02
 -9.45495218e-02  8.08014631e-01  1.93626329e-01 -1.15061909e-01
  5.42823086e-03  7.24072158e-01 -7.91777432e-01 -2.52511680e-01
 -5.10340989e-01 -2.52442151e-01  4.33612178e-04 -1.39367178e-01
 -5.12304783e-01  5.12993574e-01 -8.56382102e-02 -2.78315190e-02
 -4.14654672e-01 -2.26634517e-01  5.57317138e-01 -5.89458108e-01
  2.18611151e-01  2.76710242e-01 -1.29829556e-01  3.41493078e-02
 -5.82733810e-01 -1.07430205e-01 -4.65020955e-01 -5.12474656e-01
  9.52655450e-02 -2.72701353e-01  8.77055287e-01  3.07052471e-02
  7.11751580e-01 -1.73607394e-01  1.39930546e-01 -2.33707801e-01
 -1.70010328e-01 -4.66006249e-01 -3.89308721e-01 -3.20064992e-01
  3.61925870e-01  2.42260829e-01  5.45590460e-01 -2.52547652e-01
 -1.68000793e+00 -8.29514936e-02  9.01246294e-02 -5.90021551e-01
 -1.16623260e-01 -1.34414792e-01 -1.57002702e-01 -3.50256592e-01
 -7.30955303e-02  7.53961086e-01 -6.83084846e-01 -1.34672865e-01
 -2.11008042e-01  4.07173544e-01 -4.59838241e-01  6.23786785e-02
  1.15388535e-01  4.10698295e-01 -1.90829471e-01 -6.96349680e-01
 -3.93040687e-01  1.79575663e-02  1.43006444e-01  1.85511503e-02
 -4.81871307e-01 -1.48434574e-02 -4.17085320e-01  2.82912433e-01
  1.63787574e-01 -4.43290174e-01  3.41521949e-01  3.08568865e-01
  6.14660859e-01  5.54905236e-01  5.43033540e-01 -1.67243108e-01
 -6.71458781e-01  2.20170617e-01  1.89688981e-01 -3.02759826e-01
  5.59830368e-01 -5.56518137e-01  3.51618409e-01  3.42310756e-01
 -3.35783273e-01  2.90837556e-01  6.45881951e-01 -3.10758837e-02
 -1.57252991e+00 -2.52801150e-01  3.62301499e-01  2.08795875e-01
 -3.81751925e-01  1.31960496e-01  1.57625541e-01  3.44234735e-01
 -5.06384075e-01 -2.88007140e-01  5.49816430e-01  1.96436539e-01
  2.62163132e-01 -1.87219411e-01  5.82617044e-01 -5.04882991e-01
  3.97969894e-02 -6.78749979e-01 -1.71617232e-02  4.86107826e-01
 -2.34532297e-01 -1.44409791e-01  2.65208751e-01 -3.78248841e-01
 -2.67185420e-01  4.09802943e-01 -1.96832940e-01  5.28481901e-02
 -2.97440588e-01 -4.00130190e-02  2.80279517e-01  1.49727285e+00
  5.00847161e-01  6.12199247e-01 -3.23981762e-01 -3.65001798e-01
  2.64122099e-01  1.23170167e-01  3.43326449e-01 -3.92052352e-01
 -1.27428100e-01 -3.56435657e-01  2.99845319e-02 -6.09694757e-02
  1.71967726e-02 -1.90320536e-02 -2.85898656e-01  1.66258633e-01
 -4.61461455e-01  2.69408196e-01  4.63846594e-01  3.98641117e-02
  2.29337320e-01  6.74637556e-01  5.30179381e-01  2.00344041e-01
 -2.47796908e-01 -5.39353251e-01 -6.30355719e-03 -5.17817616e-01
  3.77795935e-01  3.54310274e-02 -2.08152793e-02  3.71635914e-01
 -3.01368773e-01  1.76991686e-01  3.63877625e-03 -2.82759398e-01
  3.79030369e-02 -5.90867937e-01 -3.02749813e-01 -1.49082586e-01
  7.98156932e-02 -3.84007663e-01  2.99143672e-01  4.65351671e-01
  5.44371367e-01 -3.98653477e-01 -3.92270029e-01  9.72675309e-02
 -9.83534157e-02  1.27100050e-01  7.17663020e-02  2.14128464e-01
 -4.05843407e-02 -1.31443769e-01 -5.32420456e-01 -4.54500645e-01
 -6.07447386e-01 -9.98709500e-02 -4.86487567e-01 -2.52065331e-01
  2.66220659e-01  6.39294863e-01 -6.12208340e-03 -2.62565445e-04
  2.04694018e-01  2.40642652e-01 -4.27702397e-01 -5.29126644e-01
 -2.38432959e-02  3.13135058e-01  5.64491034e-01  3.77767503e-01
  5.96675158e-01  1.17585137e-01  3.22405636e-01 -3.39446403e-02
  1.58558324e-01  3.65950882e-01 -3.81578386e-01 -2.99306184e-01
  1.03000677e+00 -4.18948561e-01 -1.96306072e-02 -1.87338233e-01
  1.94606170e-01  7.99240828e-01 -2.15115011e-01 -7.93520927e-01
  4.18662280e-01  4.26677354e-02  2.31191576e-01  6.34077966e-01
  4.24195170e-01  1.04574716e+00  2.88774312e-01  4.17648017e-01
  3.80794793e-01 -2.01076746e-01  1.47980750e-01 -3.86171550e-01
 -5.57927750e-02 -1.40444979e-01  3.92957896e-01  7.64117658e-01
  3.73838156e-01  2.85865635e-01  3.53921093e-02  4.45983082e-01
 -5.20824790e-01  1.52594760e-01  3.83240670e-01 -2.02982485e-01
 -5.34681618e-01  2.18737781e-01 -9.72753882e-01 -8.20762157e-01
 -1.42118096e-01 -1.54181104e-02  4.62866515e-01  8.17298517e-03
  3.94206733e-01 -5.85130751e-01 -7.57343411e-01 -4.78797048e-01
 -9.84368324e-01 -6.97788373e-02  5.17299473e-02 -1.90207765e-01
  5.90698004e-01  3.00529271e-01 -9.81938839e-01  4.61364597e-01
  3.21069539e-01  4.84507680e-01  1.78513914e-01 -3.84794921e-01
 -3.21662426e-01  8.44351947e-01 -5.01440942e-01 -4.16651845e-01
  7.50177801e-01 -7.43482336e-02 -6.99120983e-02 -3.65538716e-01
 -2.01956391e-01  1.56544775e-01  4.73310828e-01 -1.82083428e-01
  2.54827708e-01 -2.31193323e-02 -4.22174037e-01 -2.79205352e-01
 -2.62507737e-01 -3.16567719e-01  2.97977895e-01 -8.84693801e-01
 -2.04450682e-01 -2.52627939e-01 -1.21887743e-01  6.88534558e-01
  6.42952502e-01 -2.15195671e-01  9.18591321e-02  7.15314806e-01
  1.78813905e-01 -2.66066790e-01 -3.31308916e-02  7.55949542e-02
 -3.62432927e-01 -2.60648489e-01  1.19486786e-02  3.90239060e-01
  2.84600645e-01  3.44783872e-01 -7.18457520e-01 -3.53507429e-01
 -1.42467782e-01 -7.82932281e-01  4.00694132e-01  1.92137603e-02
  5.24908721e-01 -9.15139794e-01  1.73386246e-01 -1.48684144e-01
  3.27598691e-01  1.39680013e-01 -2.00174563e-02 -7.63090774e-02
 -1.40753603e+00  5.34817576e-02 -4.91853833e-01 -7.90289640e-01
  5.31877756e-01 -2.84822911e-01 -6.91955984e-01  2.17893630e-01
  1.76820919e-01 -9.17976275e-02  9.21580791e-02 -3.85496318e-02
 -4.90076423e-01 -4.22873162e-02  4.48101699e-01 -1.26145676e-01
 -1.06432103e-01  4.72065836e-01 -3.87865245e-01  3.98647003e-02
  6.03585422e-01  5.24963677e-01  1.71705201e-01  1.21528871e-01
 -7.35646188e-02  5.01642190e-02 -7.86901593e-01  1.55635715e-01
  8.70108232e-02  4.39944237e-01 -3.94597560e-01  2.23512560e-01
  6.52563274e-01 -3.68132114e-01 -5.19896671e-02  8.49521458e-01
  1.55818611e-01  6.38476849e-01  1.11140544e-02 -2.35162959e-01
 -8.81849945e-01  4.97459799e-01  4.13625896e-01  2.62266725e-01
 -3.03950429e-01  2.89349884e-01 -1.05225965e-01 -4.88278657e-01
  2.41197437e-01 -6.67811558e-02 -6.48341775e-02  4.65491861e-01
  4.32802051e-01  1.59918487e-01  7.77037919e-01  6.60133779e-01
 -3.09938699e-01  4.00959253e-01  1.44314617e-01  2.56775558e-01
  9.15910959e-01 -6.73000142e-02  5.17660499e-01 -3.36589038e-01
 -7.84148991e-01  2.95045078e-01  1.96931988e-01  3.56830567e-01
  1.17378509e+00  1.39682159e-01 -3.98816109e-01  5.46224952e-01
  8.05906475e-01 -7.51746744e-02  1.15499027e-01 -4.92774248e-01
 -5.36334105e-02 -8.12551901e-02 -2.03518867e-01 -7.50195608e-02
 -6.83854148e-02  8.23175758e-02 -1.19391821e-01  1.93659291e-01
 -2.46352330e-01  4.71951336e-01 -4.20903563e-01 -3.07816327e-01
  3.75900447e-01 -2.96159741e-03  3.02026123e-01 -5.33858947e-02
  4.79073226e-01 -3.20880771e-01 -2.08250985e-01  4.28363711e-01
 -4.07904178e-01 -4.38894421e-01 -5.32719642e-02  3.54732394e-01
 -3.68370116e-02 -5.23723802e-03  9.40156654e-02 -3.61226708e-01
 -2.11391807e-01  2.54273117e-01 -5.56930721e-01  3.65894824e-01
 -6.42438754e-02  2.67786860e-01  1.88380986e-01  4.71253060e-02
 -4.17745918e-01 -2.76442826e-01 -5.47187746e-01  1.43008962e-01
 -3.96871269e-01 -6.32258832e-01  4.64212120e-01 -1.83759145e-02
 -3.48539829e-01 -1.56650519e+00  6.56196892e-01 -1.74322262e-01
  3.85934293e-01 -1.87943995e-01  1.42567590e-01 -5.21857180e-02
  2.90188640e-02  1.42841697e-01 -4.49915349e-01 -3.34871858e-02
 -1.01067724e+01  3.11617330e-02 -7.10338235e-01 -5.03866792e-01
 -2.64388956e-02  1.03408713e-02  8.33916724e-01  5.29698193e-01
 -3.99114966e-01  1.70718711e-02 -4.22287047e-01  2.25666061e-01
  2.73504108e-01  5.72039843e-01 -4.24214043e-02 -3.59833062e-01
 -3.35964322e-01 -5.06882787e-01 -9.67234299e-02 -3.82920861e-01
 -6.20862655e-02 -6.16059639e-02  8.08233559e-01  1.75922617e-01
 -1.41766801e-01 -4.45674956e-01 -3.42614204e-01  3.71506095e-01
 -1.45561367e-01  1.72550425e-01 -1.12354136e+00  9.02729630e-01
 -3.65799874e-01 -3.82174015e-01 -4.52700913e-01  2.52111197e-01
 -1.03344508e-02  2.84253508e-01 -5.91973849e-02  6.01249099e-01
  2.94511944e-01  6.63701892e-01 -1.59801975e-01 -3.01804602e-01
  1.33111045e-01  4.78138477e-01 -1.13877743e-01  2.86380202e-01
  2.44580165e-01 -1.81336150e-01  1.40264288e-01 -3.99034947e-01
  2.80913800e-01 -1.46982849e-01 -1.33303432e-02 -1.94240063e-01
  7.76720881e-01 -7.87925303e-01  3.11534498e-02  1.07299186e-01
  2.39278749e-01 -1.93022102e-01  4.25227582e-01  2.08171546e-01
 -3.23789686e-01  4.72927004e-01  1.39993340e-01  2.36181840e-01
 -7.69515574e-01 -2.41971061e-01  3.64501327e-01  1.33696809e-01
  1.55698970e-01  1.74356505e-01 -2.46817935e-02  5.74505568e-01
 -1.88891619e-01  4.66608964e-02  7.75435716e-02  2.81894326e-01
  4.17148203e-01 -4.69411433e-01 -6.45520866e-01  1.39159366e-01
 -1.64156571e-01  4.06951696e-01 -1.34477422e-01  3.28823775e-01
  7.53167793e-02 -4.62564290e-01  3.39626253e-01 -4.55998957e-01
 -6.29896760e-01 -1.37135521e-01 -4.55033481e-02 -3.14345300e-01
  2.21978888e-01  2.28932858e-01  3.69276494e-01  4.94382977e-01]"
ア,"[-8.56139064e-02  3.02740455e-01  3.66918623e-01 -6.81469440e-01
  3.29799533e-01  4.54889685e-02  2.21813381e-01 -7.68228769e-01
 -3.37525725e-01 -5.22257835e-02  1.10155940e+00  2.18479648e-01
 -3.83875251e-01 -2.12393418e-01  4.36723888e-01 -2.45362014e-01
  1.51291087e-01  3.39847654e-02  2.91650742e-01  3.07729185e-01
 -1.98748000e-02 -4.48341548e-01  1.57476664e-01  3.42278816e-02
  4.34476882e-01 -3.80789608e-01  2.59692192e-01  2.77812123e-01
 -9.01101753e-02 -4.18382466e-01 -5.25415778e-01 -5.09669721e-01
 -1.32547200e-01 -6.81952417e-01 -4.68593985e-01  1.07640345e-02
  2.77650476e-01 -9.30416360e-02  3.17752987e-01 -6.70901299e-01
 -2.58810464e-02 -4.02225286e-01 -5.11971354e-01 -8.41182694e-02
 -3.94098788e-01  2.90239781e-01  1.68055609e-01  4.93335187e-01
  3.30769658e-01 -4.81752167e-03 -4.12266999e-01  1.57610234e-02
  1.01749651e-01 -1.69630498e-01  1.77154705e-01  2.15597332e-01
  1.42561227e-01 -2.15666324e-01  4.50630099e-01 -4.19221133e-01
 -4.73264366e-01  1.26632243e-01  2.42408320e-01 -5.34897484e-03
  2.18444109e-01 -3.28550756e-01  1.16647491e-02 -2.45906100e-01
  8.98685306e-02 -3.67957592e-01  1.82659552e-01  2.81845182e-01
 -2.51022309e-01 -5.60812950e-01  7.32178390e-01 -2.87109733e-01
  4.77445535e-02 -1.43804058e-01  2.27447242e-01 -2.07319334e-02
 -3.13366205e-01  5.59108138e-01  9.29709524e-02 -5.19241810e-01
 -3.14470202e-01  2.69096106e-01 -5.87040484e-01 -6.55221283e-01
  2.98218399e-01 -2.15201795e-01 -6.42039478e-02 -1.88823268e-01
  5.24567187e-01  4.59967852e-01  1.04787141e-01 -8.82977992e-02
 -3.79604404e-03 -2.57573754e-01 -4.02461737e-01 -1.43519163e-01
 -1.77037418e-01  2.51689982e-02  4.50256467e-01  9.15600061e-02
 -1.64590672e-01 -1.08144417e-01 -2.30344549e-01  5.03730476e-01
  8.84097815e-02  1.89898282e-01 -3.03039342e-01 -8.20235074e-01
 -7.09428847e-01 -1.77695081e-01  3.02248001e-02  1.11528449e-01
 -2.76109636e-01  3.87872756e-01 -3.57310951e-01  3.06591183e-01
 -4.07336652e-02  4.78101611e-01 -2.27663204e-01 -1.25333056e-01
  1.90807372e-01  6.55695319e-01  3.24717164e-01 -1.45403743e-01
 -1.42536983e-01 -2.75677294e-01  1.70531690e-01  1.50956854e-01
 -4.04435962e-01 -7.06731379e-02 -1.81705147e-01  9.14120317e-01
  7.94043615e-02  3.80747736e-01 -9.16137248e-02 -5.63675821e-01
 -1.96325913e-01 -9.78846774e-02  5.79095542e-01 -7.57808611e-03
  1.14902206e-01  7.90247023e-02  3.83759886e-01 -7.20137954e-02
  4.38300043e-01  4.62301970e-01  1.34851411e-01  8.78886759e-01
 -6.41681314e-01 -7.62286857e-02 -2.14986801e-01  2.27942802e-02
 -7.29105890e-01 -2.22765282e-02  4.02747005e-01  3.65028977e-01
  5.01327038e-01 -4.39956695e-01  8.37064683e-02  2.44141325e-01
  1.86105996e-01  5.45487881e-01 -1.61982447e-01  2.75094926e-01
 -1.06398620e-01  7.18359411e-01  7.30761960e-02  3.48565459e-01
 -1.14014437e-02 -5.47548413e-01  5.88868737e-01  3.47661912e-01
 -1.49831467e-03  4.03633893e-01  6.39072955e-01 -8.60836506e-01
 -1.63063422e-01 -2.41389428e-03  5.42049289e-01 -4.91792589e-01
  3.88116986e-02 -4.08880562e-01  2.65413254e-01  1.94101557e-01
  5.86227290e-02 -1.47086844e-01 -3.21618840e-02 -2.78160095e-01
  1.54328883e-01 -7.50309005e-02 -3.08155745e-01 -2.24371761e-01
 -6.49818452e-03 -1.88379467e-01 -3.11965913e-01  4.97898519e-01
 -8.15924555e-02  2.13608384e-01 -6.05939209e-01 -7.47707129e-01
 -1.01716185e+00 -1.26258329e-01  9.17839110e-02  2.66265988e-01
  4.82101887e-01  6.74710143e-03 -1.68044895e-01  5.66640915e-03
 -2.29208753e-01  5.27327657e-01  5.54585338e-01  2.04365462e-01
 -2.58986354e-01 -7.42352188e-01  3.82943183e-01 -5.31102180e-01
 -2.91173398e-01  1.87991083e-01  6.03350759e-01 -8.18633810e-02
 -5.23401916e-01  2.94640332e-01  1.69834211e-01  4.86966759e-01
  1.03170061e-02 -1.21270552e-01 -8.28623027e-02 -8.57433617e-01
 -9.36667442e-01  2.91541785e-01 -7.28857756e-01 -6.77822232e-01
 -4.59589064e-01  4.07723218e-01  4.29260023e-02  4.98022616e-01
  6.73874617e-02 -1.36200488e-01  4.04502064e-01 -4.72320355e-02
 -5.26768208e-01  4.47045535e-01  9.94912013e-02  1.81415349e-01
 -2.90759742e-01  3.20472836e-01 -3.43134820e-01 -4.20722514e-01
  1.11354925e-01 -3.82795520e-02  6.31180942e-01  1.48698553e-01
  4.46934730e-01 -2.69063503e-01  1.97065026e-01 -2.40176812e-01
 -1.35310635e-01 -1.48509815e-01  7.54585639e-02 -8.79444629e-02
 -4.55608487e-01  8.98625106e-02  2.82745272e-01 -8.55266377e-02
 -1.34380326e-01 -4.57180470e-01  2.40176916e-01 -3.54278564e-01
 -4.31633860e-01 -2.75934428e-01 -1.66673049e-01  2.09935993e-01
 -4.16957796e-01  3.78483385e-01 -2.72529006e-01  4.60734934e-01
 -5.16923487e-01  8.42852071e-02 -5.87346554e-01 -4.67474908e-01
  2.96625346e-01  2.54956167e-03 -4.38164562e-01 -3.57231826e-01
 -6.64146125e-01  4.18148279e-01  9.39948857e-02 -1.42541796e-01
  4.31831516e-02  1.50386924e-02 -4.12402689e-01  6.36208802e-02
  2.24109605e-01  4.81088161e-02  1.76868051e-01  2.55240470e-01
  5.83295286e-01  1.00737080e-01  5.87756157e-01  2.42017712e-02
  4.64593023e-02 -7.67612994e-01 -1.24863394e-01  7.71990493e-02
  6.01087034e-01  2.47266088e-02 -2.71271378e-01  9.44731951e-01
 -7.48981833e-01  2.50659287e-01  1.35953665e-01  4.36797827e-01
 -1.49509811e+00  1.31861279e-02  5.32317936e-01 -1.02852926e-01
 -7.47156501e-01  5.07615328e-01  3.31835240e-01  9.62553546e-02
  3.81212205e-01 -7.55121410e-01  9.60964680e-01  5.20123184e-01
 -5.96139848e-01  5.59463724e-02  3.23554903e-01 -3.74620073e-02
  2.71072298e-01 -3.80279839e-01 -2.10356954e-02  3.32610279e-01
 -1.91518236e-02 -3.09790909e-01 -2.34986767e-01 -6.41908944e-02
 -3.76436681e-01  3.43098909e-01  1.99529663e-01 -3.75200093e-01
 -4.52565044e-01 -2.48875707e-01  1.54740453e-01  8.06137025e-01
  1.62439600e-01  7.06430852e-01 -2.72926569e-01 -1.51162848e-01
  3.32902312e-01  1.86213985e-01  2.00586125e-01  2.55493939e-01
 -3.85046393e-01 -3.09882075e-01  3.34749937e-01  3.61523688e-01
 -8.70125145e-02  1.17123939e-01  1.52848810e-01 -1.03821680e-01
 -1.19236164e-01  2.61777073e-01  5.36394358e-01  1.01695992e-02
  7.22588599e-01  2.97883183e-01  6.40619516e-01  5.19015379e-02
  2.84985006e-01 -1.31650686e-01  3.70109916e-01 -9.69279334e-02
  1.58608243e-01  2.92110205e-01 -5.57724535e-01  2.54637927e-01
 -6.37705743e-01 -3.06318492e-01  9.36555937e-02 -4.70354021e-01
  3.21178325e-02 -7.39066899e-01 -5.06066859e-01  2.07862362e-01
 -2.98199892e-01 -6.95709586e-01  9.93551910e-02  2.61629462e-01
  2.98718721e-01 -4.00396258e-01 -2.96341956e-01  1.06079765e-01
 -9.92017314e-02  2.73635507e-01  5.41966915e-01  3.73985559e-01
 -4.21106696e-01  4.48349603e-02 -5.18124580e-01  8.26670453e-02
 -6.93614185e-01 -2.67721742e-01 -3.83261502e-01  2.16604561e-01
  1.88926756e-01  2.17397884e-01  3.02322477e-01 -2.29302309e-02
  3.30198035e-02  2.85004765e-01 -2.99083650e-01 -2.81243086e-01
 -5.14826715e-01 -1.75399520e-02  4.18958887e-02  4.42850709e-01
  1.68201849e-01  5.86634517e-01 -1.33998007e-01 -2.39505231e-01
 -6.00530207e-02 -1.72021717e-01 -2.59029299e-01 -4.19188201e-01
  5.92540026e-01 -4.99119222e-01  1.70943439e-01 -3.44966531e-01
 -1.87651977e-01  7.56110847e-01  1.84494276e-02 -1.32108629e-02
 -5.95052466e-02  3.45615625e-01 -3.01172704e-01  6.62847996e-01
  3.64247918e-01  6.27003074e-01  1.45101652e-01  4.62624311e-01
 -1.14073336e-01 -3.32137525e-01  3.58932048e-01  1.94102004e-01
  8.49796683e-02 -3.43214631e-01  4.53867286e-01  3.89586151e-01
  6.67229742e-02  1.20623752e-01 -2.70603985e-01  2.27163449e-01
  1.13812014e-01  1.51693612e-01  4.10889089e-01  1.35777727e-01
  2.02523936e-02  2.24383697e-01 -3.03088665e-01  3.55454385e-02
 -1.58732235e-01 -5.16002417e-01  3.77168596e-01  1.29737228e-01
  7.77284861e-01 -3.66578288e-02 -2.61188269e-01 -1.23631619e-01
 -5.13213873e-01  1.70539811e-01  1.74008161e-02  3.70736420e-01
  4.56324667e-01  1.62856147e-01 -1.11642033e-01  9.56767052e-02
 -1.92905162e-02  3.44975829e-01  4.00333405e-01 -6.94940805e-01
 -2.75600433e-01  2.02198997e-01  1.37212574e-01 -2.13618129e-01
  3.50191504e-01  4.66799080e-01  3.65966372e-02 -6.70683146e-01
 -2.83549298e-02  2.13585138e-01 -1.90956563e-01 -2.38711648e-02
  5.53976417e-01  9.50358137e-02 -4.05080497e-01 -4.01607126e-01
 -1.80432171e-01 -4.13534492e-01  3.12788822e-02 -7.74021029e-01
 -1.33451179e-01 -1.44193649e-01 -1.23055346e-01  4.89797324e-01
  6.75720572e-01 -2.64782608e-01 -1.07567139e-01  3.63957763e-01
  1.24347366e-01 -3.40770185e-01 -2.13301599e-01  2.42104992e-01
  1.12090148e-01 -7.88217634e-02  7.01323450e-01  9.39735770e-02
  8.72932374e-02 -2.22011074e-01 -8.72299790e-01 -1.47304488e-02
 -3.31273019e-01 -6.71504796e-01  3.99886400e-01  4.08091903e-01
 -3.14026028e-02 -3.80787462e-01  3.78406078e-01 -2.50835747e-01
 -3.21762450e-02  1.28281906e-01  2.92781174e-01 -1.93143263e-01
 -6.32037699e-01  4.11850065e-01 -5.57355404e-01 -3.57634604e-01
  5.55591941e-01 -1.08105494e-02 -5.60555041e-01 -3.96264046e-01
  8.51229191e-01 -2.70731390e-01 -6.96613312e-01  8.28655660e-02
 -3.44545245e-01  4.07533616e-01  2.90771037e-01  2.49748215e-01
  2.22741384e-02  1.67773202e-01 -4.13716972e-01  4.47412133e-02
  4.01618212e-01  4.78118300e-01  4.18568462e-01  2.43107617e-01
 -2.99902231e-01 -5.38670003e-01 -3.86130273e-01  4.34720397e-01
  4.65777159e-01  4.29787487e-01 -1.84280694e-01  6.43347383e-01
  2.81921268e-01 -5.11567950e-01 -1.57107376e-02  9.06101286e-01
  3.94504458e-01  4.95516092e-01 -2.70964503e-01 -2.35544682e-01
 -6.77909255e-01 -2.07214743e-01  5.64181805e-02  2.72577941e-01
 -3.11586056e-02  1.17610559e-01  1.47219732e-01 -4.70565617e-01
 -9.60212871e-02  4.89034317e-02 -1.84012190e-01 -1.39017120e-01
  2.96243250e-01 -2.82449305e-01  2.17589498e-01  7.27496445e-02
 -3.00563395e-01 -9.62504372e-02 -3.84004265e-02  1.65501267e-01
  6.09464169e-01  6.90211356e-02  6.84956908e-02  2.57181767e-02
 -1.05873454e+00  1.50069386e-01 -2.81789958e-01  1.27591118e-01
  5.40462792e-01 -5.19490123e-01 -4.47396100e-01  3.28666627e-01
  4.84655917e-01  2.46924520e-01 -2.34570742e-01 -9.53014135e-01
  2.12274939e-01 -7.93172978e-03 -2.14523584e-01 -1.39891073e-01
 -1.83867276e-01  2.31527716e-01  1.12296110e-02 -3.76588106e-01
 -3.46077308e-02  5.06906986e-01  1.98409140e-01 -1.76820587e-02
  8.04087520e-02  8.29249993e-02  1.03489473e-01  1.47649035e-01
  5.31235849e-03 -3.20765376e-01  1.42327055e-01  8.27370510e-02
 -4.85530347e-01  1.02021545e-01  3.94010730e-02  1.46850213e-01
  4.40492108e-03  8.56601226e-04 -1.01568267e-01 -4.67095703e-01
  2.22158104e-01  2.19469205e-01 -6.90754354e-01 -3.25084180e-01
  1.75471187e-01  2.45635673e-01 -2.81841874e-01 -1.99431896e-01
 -2.95501709e-01 -3.78937423e-01  2.64950059e-02  4.40769821e-01
 -2.68136352e-01 -6.74465597e-01  1.90524459e-01  2.44256258e-01
 -3.99234086e-01 -1.16663790e+00  1.87954620e-01  1.05167136e-01
  5.22831798e-01 -1.77811161e-01  2.21223980e-01 -2.71224976e-02
  7.88793117e-02 -3.33588451e-01 -2.63842225e-01  3.19792092e-01
 -1.03468761e+01 -2.44539261e-01 -2.15268224e-01 -7.26662159e-01
 -3.72948140e-01  7.42654920e-01  1.01515412e+00  1.85297400e-01
  1.04285493e-01  4.49742705e-01 -6.86010361e-01 -1.76623046e-01
  5.95116198e-01  4.10606623e-01 -2.66310662e-01 -1.01680264e-01
 -3.46687040e-03 -6.64215028e-01  1.79550588e-01  4.61170301e-02
 -1.88490003e-01 -9.31667686e-02  1.00897396e+00  1.81435645e-01
  3.41640562e-01 -6.26424134e-01 -2.70807922e-01  4.26549651e-02
 -2.10851789e-01  6.42809391e-01 -3.69195491e-01  3.57716084e-01
  1.49220973e-01  3.23194772e-01 -3.28726530e-01 -5.56796134e-01
  1.71622813e-01  5.96134722e-01 -3.42921078e-01  4.70570117e-01
  2.97382116e-01  4.09452707e-01  4.12468433e-01 -1.97123662e-01
  3.92018735e-01  7.91536987e-01  2.63753712e-01 -7.32133836e-02
  6.74169123e-01  3.25515978e-02  3.36727239e-02 -3.71825665e-01
  1.80881843e-01 -2.63271689e-01 -1.67755708e-01 -2.32821226e-01
  8.39209139e-01 -6.22108221e-01  6.51988238e-02 -1.92218482e-01
  4.24268603e-01  8.56949948e-03  1.35705626e+00  3.05712700e-01
 -6.72394693e-01  6.03219261e-04  2.60016322e-01  2.27366894e-01
 -6.50889337e-01 -2.39238963e-01  7.52511024e-01 -2.99976945e-01
  7.02338964e-02  1.67935565e-01 -1.01139769e-01  2.99135953e-01
 -4.40396965e-01 -2.15764001e-01  1.89010039e-01  5.47618605e-02
  5.51583588e-01  2.27158129e-01 -1.57137647e-01  2.88989335e-01
 -1.04259169e+00 -1.08805984e-01  5.49033701e-01 -5.28628528e-02
  7.63008773e-01 -4.41817701e-01  4.52982783e-01  1.56099781e-01
 -1.35963276e-01  4.00149263e-02  2.36584485e-01  1.64650276e-01
  7.44567156e-01  7.71074891e-02  3.30137402e-01 -1.20960325e-01]"
イ,"[ 2.50548184e-01  4.48937267e-01  1.49297416e-01 -5.58641434e-01
 -1.36049360e-03  9.18458104e-02  3.72122318e-01 -2.34025866e-02
  8.32772255e-02 -4.97295290e-01  9.22433853e-01  7.10767582e-02
 -3.67893755e-01 -5.82557209e-02  4.59260195e-01  4.77102995e-02
  3.02615255e-01 -9.85034108e-02 -3.38973910e-01 -3.08446378e-01
 -4.29474026e-01 -4.62878853e-01  3.21236649e-03  1.25402525e-01
  4.18089509e-01 -4.00412738e-01 -9.11752507e-02  2.27680996e-01
 -1.43591851e-01 -1.56664610e-01 -3.75716507e-01 -3.74419689e-01
 -1.87974006e-01 -2.18470380e-01 -2.78684914e-01  8.27848911e-01
  1.41053796e-01 -2.76184261e-01  4.95626181e-02 -3.05525046e-02
 -2.75077790e-01 -1.03702962e-01  1.34631038e-01 -2.77510285e-01
 -3.40850383e-01  5.33725679e-01  8.50845575e-02  2.99998224e-01
  3.01730722e-01 -2.98516285e-02 -4.11128640e-01  4.12371367e-01
  2.30536029e-01 -5.54429591e-02 -2.61237088e-04 -1.30602717e-01
 -1.06849350e-01 -1.77051768e-01  1.52675107e-01 -1.06077278e-02
 -8.04195479e-02 -2.17927918e-01  1.38151884e-01 -6.45262748e-02
 -4.89816844e-01 -2.55414426e-01  1.58404615e-02  8.91135074e-03
 -1.77109227e-01 -5.93673766e-01 -3.99504185e-01  2.75213420e-01
  1.36441067e-01 -4.09847617e-01  4.42099303e-01 -3.25954139e-01
  3.14410836e-01 -1.61171347e-01 -1.37885913e-01 -1.05943531e-01
 -2.27227271e-01  4.18201625e-01 -1.32867172e-01 -6.18982315e-01
  1.17178842e-01  5.95237687e-03  1.06585197e-01 -4.83482927e-01
  3.78091365e-01 -5.38670719e-01 -3.54409844e-01  2.72403359e-01
  5.72565138e-01  3.44812155e-01 -2.85803229e-01  7.02245161e-02
  1.58337325e-01 -2.32174933e-01 -2.50325263e-01 -1.26444459e-01
  5.01085997e-01 -3.91440392e-01  1.21531844e-01 -1.62783220e-01
 -1.63571373e-01  1.28945395e-01 -4.89772826e-01  5.72921038e-01
 -3.15574333e-02 -1.19167745e-01 -2.01856926e-01 -2.57736564e-01
 -3.56377959e-01  4.04012829e-01 -2.66229004e-01 -1.14951387e-01
 -1.68238834e-01  3.99795383e-01 -2.98424929e-01  1.94822043e-01
  2.34678298e-01  2.92861432e-01  6.76141456e-02  1.55305445e-01
 -9.61431861e-02  5.45691550e-01 -2.27928966e-01 -5.58218956e-02
  6.11917041e-02 -2.34988824e-01  2.70687819e-01  7.24034384e-02
 -3.39391261e-01 -1.39200687e-01 -5.78420401e-01  2.52620310e-01
 -1.55659407e-01  5.99726513e-02 -8.23525488e-02 -5.83877563e-01
  4.79102395e-02 -2.66819984e-01  2.30884418e-01  1.89756200e-01
  4.72326167e-02  3.04461829e-02  4.09246147e-01 -2.07717076e-01
  4.46753055e-01  1.35313988e-01 -5.19040711e-02  7.83359170e-01
 -3.72239619e-01 -2.98980087e-01 -2.79809713e-01  4.24865223e-02
 -3.43452454e-01  4.00078408e-02  6.53272718e-02  4.72722799e-01
  2.74603307e-01 -6.96615577e-01  7.82220960e-02  4.43041563e-01
  2.62496650e-01  7.81520724e-01  1.20959178e-01 -9.58712175e-02
 -2.41772830e-02  5.50421357e-01  2.61897832e-01  4.25607026e-01
  1.25510529e-01 -5.66315174e-01  2.34457389e-01  5.65372288e-01
  1.36234045e-01  1.51190206e-01  2.92226672e-01 -4.61350918e-01
  1.08596943e-01 -4.49336797e-01 -2.26929694e-01 -4.77954000e-01
  5.77559650e-01 -1.59313872e-01 -1.40749946e-01  4.92161028e-02
  4.04408202e-02  6.45688677e-04 -5.78388631e-01  3.01188584e-02
  5.47215581e-01 -4.30748194e-01 -4.94826287e-02 -1.22020781e-01
 -5.79941235e-02 -3.47213954e-01 -1.85375482e-01  5.23390710e-01
 -8.71587992e-02  2.89862871e-01 -2.70354658e-01 -2.00902432e-01
 -1.12464201e+00 -2.22978801e-01  2.93578357e-01  4.99000549e-01
  2.64169604e-01  1.19105786e-01 -4.83888686e-01  2.27860138e-01
  4.43124741e-01  4.85236853e-01  2.13789027e-02  5.02767190e-02
 -2.78068930e-01  1.79585114e-01  3.59902501e-01 -5.64133942e-01
  4.23757136e-02 -1.10955477e-01  7.74233863e-02  3.42142850e-01
 -2.29771048e-01 -1.03759691e-01 -2.96202395e-02  6.09361641e-02
 -1.47232220e-01  7.78218448e-01  2.73346543e-01 -9.64207575e-02
 -5.74971795e-01 -4.45089012e-01 -9.19788301e-01  2.41214693e-01
 -1.61082417e-01  2.24556953e-01  3.09266180e-01  2.97025204e-01
  2.58245766e-01 -2.68003106e-01 -1.42835811e-01 -2.70083547e-01
 -2.40813389e-01  3.36348623e-01  1.93774030e-01 -1.58180520e-01
 -5.90977848e-01  3.31599921e-01 -5.10832071e-01 -2.68380016e-01
  6.35851324e-01 -1.43599451e-01  5.74423790e-01  1.40938282e-01
  4.89772707e-01 -8.53540748e-02 -1.87461779e-01 -9.55950767e-02
  4.36156765e-02 -4.13839400e-01 -1.06972173e-01 -2.34485179e-01
  1.09996134e-02  1.04650222e-01  5.84264323e-02 -6.36326253e-01
 -7.37071559e-02 -3.16342860e-01  1.02464452e-01 -5.68891943e-01
 -7.04476461e-02  2.30291873e-01 -3.56901407e-01  2.50668466e-01
 -1.04109794e-01  3.35607588e-01 -2.99138874e-01 -8.98166895e-02
 -1.03467691e+00  4.62022066e-01 -7.32673287e-01  3.54275584e-01
  1.19880915e-01 -1.02041975e-01 -6.54364452e-02 -1.25603393e-01
 -1.99910551e-01  5.11823535e-01  1.64882660e-01 -2.88099885e-01
 -5.12577772e-01 -3.31790335e-02 -1.48431510e-01  8.92459005e-02
  1.57078892e-01 -2.20352858e-01  7.79311778e-03  1.18221991e-01
  5.48335910e-01  1.16938703e-01  1.51461095e-01 -1.68676421e-01
 -3.16606641e-01 -8.21139872e-01 -1.74249917e-01  1.65940970e-01
  6.09729469e-01 -3.89872491e-01 -1.51548386e-01  1.06592011e+00
 -1.71224177e-01 -2.75369376e-01  2.07378134e-01  4.92522776e-01
 -1.40063012e+00  1.89765319e-01  5.88225245e-01  8.27125367e-03
  5.32373041e-02  3.26102495e-01  3.05587888e-01  3.56416821e-01
 -5.22400737e-01 -3.92370522e-02  3.14461082e-01  3.73597950e-01
 -3.61708365e-03 -3.67071837e-01  3.96332085e-01 -7.00402111e-02
  7.45707527e-02 -6.12056315e-01 -3.19102615e-01  4.11913991e-01
 -8.74440968e-02  8.74632224e-02 -1.70665272e-02 -3.10056239e-01
  6.94663972e-02 -2.88684756e-01  2.69203126e-01 -3.25777143e-01
 -2.06082761e-01 -2.72670299e-01  2.63510078e-01  4.49198842e-01
  6.61635160e-01  5.16491294e-01  3.55158955e-01  2.68697768e-01
  4.47348505e-01  3.80298793e-01  4.60312426e-01  3.10991406e-01
 -1.06315635e-01  1.95352584e-02  5.47567546e-01  3.21961701e-01
  2.60394633e-01 -2.76618730e-02 -2.40978584e-01  6.40438259e-01
 -3.42877991e-02  4.84192222e-01  4.39171344e-01  6.22052073e-01
  3.92522663e-01  2.46110246e-01  4.16232944e-01 -1.99239522e-01
 -1.42119557e-01 -3.44763428e-01  2.17241168e-01 -2.86960572e-01
 -1.59542978e-01 -1.53736860e-01  2.50040978e-01 -1.45809427e-01
 -5.12594461e-01  1.40727222e-01 -4.43835914e-01 -1.36881182e-02
  1.92942649e-01 -2.21435457e-01 -5.87340951e-01 -4.13562387e-01
 -4.07140642e-01 -5.99370241e-01  4.87648457e-01  2.24278212e-01
  1.67591110e-01 -5.40347576e-01  1.19901717e-01  1.17969602e-01
  1.69764191e-01 -1.75971016e-01  1.14829168e-02 -1.52550280e-01
  2.82090437e-02 -1.22996107e-01  9.48477630e-03 -6.52793765e-01
 -4.27664936e-01 -5.18693566e-01 -8.45184565e-01 -1.18298441e-01
  1.16165116e-01  3.92276138e-01 -3.25253829e-02  1.95514411e-01
  1.77094415e-01  2.15909585e-01 -2.99488634e-01 -1.85980365e-01
 -8.11992049e-01 -1.56768765e-02  2.14666843e-01  2.32266650e-01
  2.32969046e-01  1.96242005e-01  1.09963231e-01 -4.82075438e-02
 -2.86134541e-01 -1.21539105e-02 -2.40013272e-01 -2.71101832e-01
  9.78989422e-01 -2.60523081e-01  4.55204725e-01 -1.96337432e-01
  1.22119568e-01  3.16756964e-01 -1.55484170e-01 -1.12817459e-01
 -9.07303840e-02  4.70662534e-01 -1.36885494e-01 -1.00792803e-01
  5.52294701e-02  4.65402246e-01 -3.23762983e-01  1.65308639e-01
 -6.53367415e-02  1.07103758e-01  2.05337912e-01 -7.62300417e-02
 -1.51009575e-01 -2.40501344e-01  1.47733510e-01  2.34147370e-01
  2.86229432e-01  2.51718760e-01  2.90646464e-01  6.03635311e-01
  4.65304367e-02  2.98180014e-01  2.58697182e-01  7.23807216e-01
 -2.89932221e-01 -2.15029269e-01 -4.93934572e-01 -8.92949179e-02
 -4.69449073e-01 -1.57416940e-01  5.62630594e-01 -2.20334351e-01
  2.11852729e-01 -1.33978590e-01 -6.52937293e-01 -6.51318654e-02
  5.19523630e-03  6.90673441e-02  7.03841001e-02  3.64892095e-01
  4.39906210e-01 -1.26997204e-02 -6.32700920e-01  5.94457984e-01
 -3.08315009e-01  5.14515579e-01  3.45945537e-01 -5.75061738e-01
 -2.74261087e-01 -7.64722601e-02  7.89083093e-02  5.09687886e-02
  2.43710428e-01  5.64227998e-01 -3.49140644e-01 -1.05415034e+00
 -1.87589705e-01  2.53937304e-01 -1.90228805e-01 -4.17483807e-01
  2.18119115e-01  1.22731857e-01 -9.40392911e-01 -6.61184728e-01
 -3.90708268e-01 -2.36801296e-01 -7.50048086e-02 -9.41760957e-01
  2.10737124e-01  9.18762311e-02 -6.85869977e-02  4.35755491e-01
  6.55624503e-03  5.23173697e-02  2.63327897e-01  4.12435800e-01
  3.27125221e-01 -5.27841270e-01 -8.82996395e-02  1.80286646e-01
 -1.07608419e-02  7.57314712e-02  4.33559537e-01  2.23505148e-03
  1.34608984e-01 -3.60789821e-02 -6.57026768e-01 -1.32698357e-01
 -3.95163506e-01 -8.62202346e-01  3.90648544e-01 -4.85257804e-02
  2.44066179e-01 -4.38990742e-01  3.58604819e-01 -2.36322448e-01
  4.19668891e-02  1.43683150e-01  1.25273690e-02  7.06452206e-02
 -6.10257745e-01  3.14744920e-01 -4.90727723e-01 -4.11903232e-01
  8.03740144e-01  6.32723987e-01 -2.77031273e-01  2.62137149e-02
  3.44409823e-01  4.50162590e-02 -3.13975930e-01  4.23781313e-02
 -2.82185283e-02 -5.54161631e-02 -1.43077955e-01  2.06894383e-01
  3.07502449e-01  2.10439786e-02 -2.29835853e-01 -2.39742830e-01
  5.74667513e-01  4.28124398e-01  2.77385592e-01 -1.01543844e-01
 -8.49071965e-02 -2.14944541e-01 -3.83535475e-01  1.77746221e-01
  1.37170434e-01  6.50477767e-01 -1.97822720e-01  9.01136279e-01
 -1.24171965e-01 -3.45695406e-01  2.91801929e-01  6.94676459e-01
 -1.00216694e-01  2.65137017e-01  1.18587442e-01  1.11891091e-01
 -8.89651358e-01  1.92576736e-01 -2.56352037e-01  2.20070198e-01
  1.24248847e-01  4.35625374e-01  4.67876673e-01 -6.21459007e-01
 -2.60323167e-01 -1.67298496e-01  1.88351333e-01  6.08341210e-02
  5.43614805e-01 -2.58542933e-02  9.34903026e-02  2.46212676e-01
 -1.92727745e-01 -2.98794582e-02  1.24369562e-01  7.80878812e-02
  8.33908319e-01  2.22439915e-01  8.71190205e-02 -2.11816251e-01
 -8.10535669e-01  3.45863700e-01 -6.89836740e-02  1.86973158e-02
  4.62515622e-01 -2.82231331e-01  1.24969304e-01  3.07149708e-01
  6.09694600e-01  1.46806642e-01 -2.99306214e-01 -7.93890119e-01
  1.00233920e-01 -2.04421189e-02 -9.92076397e-02  2.56079793e-01
 -4.15349118e-02  3.64851028e-01  2.03915536e-01 -1.63459256e-01
  3.52919996e-02  5.44714212e-01 -1.73364803e-01  3.65872378e-03
  3.04246575e-01  1.87192932e-01 -4.30703133e-01  9.28122667e-04
 -2.07629338e-01 -4.05075431e-01 -4.26637322e-01 -2.03930631e-01
 -2.27074519e-01 -5.35288043e-02 -1.84056550e-01 -7.97881931e-02
  2.25498512e-01  1.30450606e-01 -1.00639246e-01 -3.92300665e-01
 -3.50677848e-01  5.15872836e-01 -7.76475906e-01 -1.35777131e-01
 -1.23755664e-01  7.65950009e-02 -1.07487820e-01 -1.10861044e-02
 -3.66661578e-01 -1.66465893e-01 -1.05065398e-01  1.48900092e-01
  3.98935229e-02 -4.16027158e-01  2.04854488e-01  2.29957908e-01
 -1.17511697e-01 -7.88458526e-01  1.99353009e-01 -9.32439640e-02
  6.56968772e-01 -1.90095633e-01  2.81826943e-01 -2.75059789e-01
  2.35864297e-01 -3.13181818e-01 -1.30200773e-01  3.28198932e-02
 -1.05836725e+01 -4.90938015e-02 -4.45158988e-01 -1.26329452e-01
 -4.17215824e-01  4.06702816e-01  6.91445172e-01  2.89368570e-01
 -4.18654144e-01  3.56551111e-02  3.73300225e-01  3.36038560e-01
  2.67772228e-01  3.57701659e-01 -6.44478917e-01 -2.05714375e-01
  1.31649956e-01 -8.91802087e-02 -1.39646545e-01 -2.16188714e-01
  2.65375733e-01 -1.75341463e-03  2.89542437e-01  6.34695351e-01
  7.94324726e-02 -5.25712609e-01 -4.68636990e-01  2.96326786e-01
  3.42756063e-02  2.95155644e-01 -3.47007871e-01  1.42052948e-01
  4.79567125e-02  3.19089413e-01 -3.11677724e-01 -2.71849841e-01
 -1.24731869e-01  3.27666491e-01  1.14261262e-01  1.91989005e-01
  2.59902000e-01  6.57625675e-01  2.85983682e-01  8.54373276e-02
  2.72264183e-01  4.46437061e-01  5.17217338e-01  2.94055164e-01
  6.83405817e-01 -4.87478226e-02  2.03231443e-02  3.26814830e-01
 -1.70927256e-01 -1.00325570e-01  3.27387571e-01  4.90538143e-02
  7.69046783e-01 -6.56353056e-01 -4.45701927e-01  7.36973062e-02
 -4.54915389e-02  7.13259354e-02  9.17894423e-01  5.18121719e-01
  3.08233760e-02 -7.76502043e-02  3.12881738e-01  4.84794885e-01
 -5.00979424e-01 -2.22961918e-01 -3.55613269e-02  2.15073958e-01
  1.17330384e-02 -7.69709051e-02 -5.12711585e-01  2.75899589e-01
 -4.08498105e-03 -2.58596897e-01  3.27946901e-01  2.06794024e-01
  1.48800939e-01  2.20320001e-01  1.59264449e-02  1.42602280e-01
 -5.16741991e-01  1.08714618e-01 -2.09900662e-01  1.72531307e-01
  8.48772973e-02 -4.64440048e-01 -7.00366572e-02 -2.24854469e-01
 -3.09130512e-02  7.70375192e-01  4.16402221e-01 -3.29809636e-02
 -9.87273157e-02  1.02551058e-01  5.01251996e-01  2.52322238e-02]"
ダ,"[ 7.86714554e-01  7.08349273e-02  7.42893398e-01 -1.83869109e-01
  1.01191126e-01  2.39210054e-01  1.92313224e-01  2.13063106e-01
 -3.26941073e-01 -8.91355202e-02  7.46151865e-01 -4.69970584e-01
 -3.17607462e-01 -2.09833998e-02  2.54723936e-01 -2.69319057e-01
  1.18726298e-01 -1.64608106e-01 -1.75356597e-01 -4.72011209e-01
 -9.11198914e-01 -3.48418325e-01 -2.33601496e-01  4.05426204e-01
  1.20810837e-01 -6.87112451e-01  1.99824527e-01  6.55777156e-02
  3.15184921e-01 -4.27596301e-01 -4.24800664e-01 -2.06834793e-01
 -1.02126412e-01 -1.93514645e-01 -5.42068064e-01  3.19319457e-01
  2.70476937e-01 -5.58041990e-01  2.90586799e-01  1.41193494e-01
  2.86115825e-01 -5.99215150e-01 -4.33591515e-01 -1.25105336e-01
 -2.85694331e-01  2.83312023e-01  1.60674879e-03 -8.15877505e-03
 -1.91741467e-01  1.15363762e-01 -4.50774342e-01  4.62576956e-01
  2.47719079e-01  2.11608365e-01 -1.17613012e-02 -1.96292922e-01
  5.63313961e-01 -5.85725009e-01  3.44009548e-01 -3.79705392e-02
 -1.35426417e-01 -9.63524729e-03  4.31339711e-01  1.51367441e-01
 -7.47178197e-02 -4.42377359e-01  1.42631447e-02 -2.47666404e-01
  8.65586624e-02 -1.81779608e-01  1.97997183e-01  4.16893005e-01
 -2.25948617e-01 -5.06982982e-01  4.39289957e-01 -4.06568736e-01
  7.99621418e-02  5.69405258e-01  2.50508606e-01  1.23281240e-01
 -2.34215677e-01  4.30861652e-01  3.33728224e-01 -1.04900610e+00
 -9.53195244e-02  6.74893081e-01 -5.40532291e-01 -9.73404050e-01
  2.23985851e-01 -1.63795874e-01  1.22502945e-01 -6.66073815e-04
  8.42236429e-02  5.55625856e-01  2.16464162e-01 -8.50918964e-02
  1.72172651e-01 -8.53357315e-02 -1.75384045e-01  1.98283512e-02
 -6.05727080e-03  6.49299681e-01  3.86852592e-01 -2.10316554e-01
  2.75844950e-02 -6.91965735e-03 -4.67597514e-01  1.80984780e-01
 -1.08109541e-01  2.56448895e-01 -2.81597823e-01 -6.74434900e-01
 -7.94129193e-01 -3.05498809e-01  3.20206225e-01  1.17705122e-01
 -4.82728273e-01  5.57358861e-01 -3.80815864e-01  7.89362550e-01
  1.53706580e-01  1.35673443e-02  2.88473040e-01 -5.34815669e-01
 -2.56182879e-01  6.61963522e-01 -4.10815850e-02  1.90170303e-01
 -2.04378809e-03  1.04912907e-01 -4.38805193e-01 -6.09751582e-01
 -4.10097510e-01 -1.05083637e-01 -3.39493841e-01  5.58828175e-01
 -1.01566231e-02 -1.72827527e-01 -2.83181608e-01 -4.43560421e-01
 -2.78785586e-01 -9.09146294e-03  3.26992095e-01 -2.44171157e-01
 -8.55772570e-02  2.05893993e-01 -2.39526555e-01 -7.22220957e-01
  7.62970746e-02  2.44294986e-01 -7.23672807e-02  8.20787191e-01
 -7.42160797e-01  1.11326620e-01  7.07470998e-02  3.74314129e-01
 -5.62060475e-01 -1.20667264e-01  4.24097590e-02  1.89208552e-01
  1.68001160e-01 -4.17545438e-01  2.63867918e-02  1.16782928e+00
  4.88682419e-01  6.67501450e-01  1.89247608e-01  1.24349460e-01
 -3.46329361e-01  1.01264238e+00  3.88690621e-01 -1.34767279e-01
 -3.64661701e-02 -2.68478215e-01 -2.27005318e-01  2.46184215e-01
  7.00757444e-01  2.09298208e-01  5.51032163e-02 -3.22149009e-01
  3.03785298e-02 -1.28993168e-01  2.47318283e-01 -6.81204975e-01
  3.26690644e-01 -4.98809153e-03  2.22484209e-02  1.81263939e-01
 -1.56607125e-02  1.16939191e-02 -4.34721857e-02 -5.90896308e-01
  2.35128418e-01  1.04026459e-01 -2.90416688e-01 -2.52052724e-01
 -1.16657294e-01  1.68389559e-01 -5.05465984e-01  7.31107116e-01
 -8.75383988e-02 -5.20121939e-02 -1.95041969e-01 -7.62953341e-01
 -9.58197236e-01 -1.44637108e-01  2.34538779e-01  9.01429534e-01
  4.07821208e-01  6.29756331e-01 -4.10700798e-01 -1.21088838e-02
  7.44269937e-02  4.30814922e-01  6.97004080e-01  5.14623404e-01
 -3.77084136e-01 -8.35417688e-01  6.88030303e-01 -3.19491625e-01
  7.11719841e-02 -1.09017603e-01  4.69500989e-01 -5.05524762e-02
  1.77395388e-01  1.76179901e-01  5.70615768e-01  1.72787700e-02
 -5.29328585e-01  6.12888932e-01 -5.87090075e-01 -7.01371133e-01
 -6.50608242e-01  1.06572300e-01 -8.74849439e-01 -3.04847896e-01
 -1.70158278e-02  3.61644000e-01 -2.66962081e-01  4.07368749e-01
  1.16846681e-01 -4.03204173e-01  2.62280345e-01 -8.02602112e-01
  1.71659693e-01  3.98849487e-01 -2.46233597e-01  3.28189507e-02
  8.33067372e-02  4.26292390e-01 -3.85362506e-01 -3.27465773e-01
 -3.03336114e-01 -4.36185867e-01  6.58582449e-01  1.54066414e-01
  5.07061839e-01 -1.95756435e-01  5.58178842e-01 -6.43954158e-01
 -1.43138602e-01 -5.07917881e-01 -7.54758194e-02  2.68168479e-01
  6.73800930e-02  1.01369187e-01  2.60749608e-01 -4.75842506e-03
 -2.04482853e-01 -4.27545458e-01  1.86760053e-01 -1.46926060e-01
 -2.61572391e-01  8.70727375e-02 -9.83484983e-02  1.20090328e-01
 -2.58715391e-01  5.61444581e-01 -3.46907705e-01  3.71793389e-01
 -1.98741093e-01  4.71657544e-01 -4.95008290e-01 -2.13570803e-01
  1.29829317e-01 -1.67990163e-01 -7.25462556e-01  1.36007473e-01
 -4.95627642e-01  7.11258709e-01  3.24658275e-01 -6.43754542e-01
 -6.61221981e-01  7.57171167e-03 -2.56570876e-01 -1.09477811e-01
  9.73891392e-02  1.41657162e-02  5.28893471e-01 -2.00309426e-01
  4.80530113e-01  2.37599567e-01  5.38198769e-01 -1.24152772e-01
  1.20023549e-01 -4.06052440e-01 -3.60588450e-03  3.62094164e-01
  4.94219333e-01 -1.56870596e-02  2.78096020e-01  6.44880354e-01
 -7.93284103e-02  4.85585213e-01  2.90071994e-01  6.04702890e-01
 -1.94860458e+00 -6.13640487e-01  4.68035996e-01 -2.08448783e-01
 -3.92904818e-01  1.37804404e-01  2.85404831e-01  1.84585094e-01
 -2.27361038e-01 -6.98093593e-01  1.15709400e+00  3.65301877e-01
 -1.66478559e-01  4.56408113e-02  4.50541884e-01 -1.29122987e-01
 -4.82037887e-02 -9.37928557e-01  4.55287009e-01  7.13996470e-01
  3.19093838e-02 -5.19073367e-01 -2.99164355e-01 -4.72713023e-01
 -2.01185316e-01  2.58878410e-01 -4.19529557e-01  1.73009470e-01
 -7.93539762e-01 -1.28755674e-01  3.41026788e-03  1.13236904e+00
  6.84293330e-01  7.06061304e-01 -6.03573918e-01 -1.53207988e-01
 -3.31126988e-01  1.57555759e-01 -4.15466279e-02 -2.44446963e-01
  9.01303515e-02 -4.32672381e-01  6.30003661e-02 -1.78403214e-01
  8.59770700e-02  2.11934242e-02  3.95099968e-02  5.36345005e-01
 -5.91595948e-01  2.90085614e-01  5.91699362e-01 -1.29347771e-01
  2.97405332e-01  2.67027438e-01  8.87635887e-01  8.20816830e-02
  1.79935411e-01 -7.89586425e-01  4.97711003e-02 -3.30200344e-01
 -7.63139203e-02 -1.49170518e-01 -5.81076890e-02  6.23550653e-01
 -3.17764968e-01 -1.10785505e-02 -9.75172371e-02 -3.82246733e-01
  1.63755566e-01 -3.30403268e-01 -2.53992796e-01 -1.46244869e-01
  1.67036384e-01 -4.31098938e-01  5.96781254e-01  4.44889635e-01
  4.73326415e-01  2.24231593e-02 -2.64335394e-01  4.16286111e-01
 -1.17863961e-01  3.72304320e-01  1.64878815e-01  4.62975383e-01
 -4.95393991e-01 -1.04752295e-01 -1.49253562e-01 -5.99958777e-01
 -4.27237093e-01 -2.19944939e-02 -8.27218115e-01 -1.67011350e-01
 -2.91963220e-01  6.53698564e-01 -1.04144260e-01 -4.66476411e-01
  4.50275451e-01  1.88626349e-01 -6.23283088e-01 -5.98511815e-01
 -3.79816800e-01  5.32403171e-01 -3.09517026e-01  3.82414430e-01
  5.04179358e-01  4.45646703e-01  5.98533526e-02 -9.39377993e-02
 -8.58146548e-02 -3.28860193e-01 -4.89392579e-01 -3.37364525e-01
  8.16439927e-01 -1.99680462e-01 -8.74824226e-02 -1.79662198e-01
  1.20781243e-01  9.83806729e-01 -2.46181443e-01 -7.06167996e-01
  1.84776485e-01  2.78745592e-01 -9.08841267e-02  6.49790466e-01
  4.03090179e-01  9.48866725e-01  2.29081973e-01 -3.04198693e-02
 -3.10237795e-01 -4.30306196e-02  2.52798796e-02 -2.75557190e-01
 -1.22642852e-02  1.14261704e-02  6.22465491e-01  7.52787590e-01
  2.85755008e-01  5.34583151e-01  4.28843439e-01  1.18037097e-01
 -5.08956969e-01  3.32667381e-01 -7.16354698e-02  1.97122812e-01
 -6.33699074e-02  4.32701975e-01 -3.71223509e-01 -2.99541019e-02
 -1.15622126e-01 -4.70808685e-01  5.41847825e-01 -1.69412196e-01
  4.19521093e-01 -4.42405492e-01 -4.31113780e-01 -6.67392671e-01
 -5.92762768e-01  2.93712884e-01 -2.54387766e-01 -1.35150179e-01
  3.84918243e-01 -2.61929601e-01 -7.11760163e-01  5.97695671e-02
  5.86167336e-01  7.70050347e-01 -1.32831568e-02 -6.06674552e-01
 -1.96065113e-01  6.87392175e-01 -5.47984779e-01 -5.40097535e-01
  4.15446699e-01  1.07626371e-01 -1.66254655e-01 -1.27003288e+00
 -5.14018774e-01  3.81118841e-02  2.04751477e-01  8.72189999e-02
  3.04242760e-01  3.13170463e-01 -7.68497407e-01 -5.22592366e-02
 -2.10719243e-01 -4.20840353e-01 -8.23997520e-03 -6.72515571e-01
 -1.68707464e-02 -5.67318220e-03 -5.02896383e-02  3.62348378e-01
  4.67149466e-01 -5.87936401e-01 -5.68638086e-01  6.63863361e-01
  8.26817974e-02 -7.66754001e-02  1.54925659e-01 -6.59083724e-02
 -7.00471103e-02 -8.09440687e-02  2.50249773e-01  1.81322005e-02
 -1.43737588e-02 -1.95668757e-01 -9.35773134e-01 -3.33531022e-01
 -4.95368615e-02 -5.99126458e-01  2.72022069e-01  4.33734477e-01
  3.98546457e-01 -5.55747449e-01 -2.11986393e-01 -2.20101401e-02
  1.05022311e-01 -2.33714487e-02  2.61603266e-01 -2.12018266e-01
 -7.45832384e-01  3.16111445e-01 -6.67942921e-03 -6.43119097e-01
  9.98608351e-01  4.70578313e-01 -4.47846800e-01  2.53803581e-01
  5.42999983e-01 -7.58123547e-02 -2.41908878e-02 -1.49790004e-01
 -1.30126685e-01  4.30177897e-01  5.89731693e-01 -6.73604310e-02
  4.00107235e-01  5.47872782e-01 -5.96600235e-01  2.29628026e-01
  3.66872579e-01  4.74554449e-01  3.96606326e-01  2.03719735e-01
 -2.61710018e-01 -6.14960909e-01 -4.63144779e-01  5.09416521e-01
  7.65738115e-02  4.16536212e-01 -6.90255702e-01  5.52953541e-01
  6.34525657e-01 -4.80597734e-01  2.62136549e-01  7.58611917e-01
  3.90249729e-01  6.20191574e-01  6.15557805e-02 -5.30609637e-02
 -8.09289515e-01  2.74573117e-01  2.87055165e-01  2.03687027e-01
 -4.63621587e-01  1.88636258e-01  2.50928015e-01 -1.91972718e-01
  6.64985597e-01  9.39723477e-03  1.72820315e-01 -2.49546349e-01
  4.24697064e-02 -3.90565008e-01  1.09505534e+00  1.73301145e-01
  4.76333648e-02 -2.53128428e-02  1.83791108e-02  7.76229858e-01
  9.55665350e-01  2.34649703e-02  5.15891671e-01 -4.35312063e-01
 -8.01516831e-01  1.98608324e-01 -8.79543424e-02  1.09306298e-01
  3.63506615e-01 -7.27546275e-01 -6.55346334e-01  4.98710394e-01
  5.51626503e-01  4.96764993e-03 -4.83222783e-01 -6.14585638e-01
  2.44391561e-01 -3.44973922e-01  1.44438803e-01 -6.87149391e-02
  3.25828582e-01  4.65034395e-01 -1.74198404e-01  1.13261938e-01
  1.34371683e-01  9.52621937e-01  1.16988152e-01 -1.17631011e-01
  5.68449087e-02 -6.61344826e-02 -1.28969103e-01  3.50437343e-01
  4.04781640e-01 -1.43371001e-01 -3.54334086e-01  3.73850614e-01
 -3.75341535e-01  5.32990322e-02 -2.98335195e-01  7.10311607e-02
 -3.95378247e-02 -3.43820959e-01  3.27911615e-01 -3.51115912e-01
  1.41487822e-01 -4.54248749e-02 -6.89398289e-01 -2.80030668e-01
  2.41338551e-01  1.04613915e-01 -2.39841953e-01 -4.24303599e-02
 -4.17065561e-01 -3.41212153e-01 -1.44375801e-01  4.41786319e-01
 -1.05035233e+00 -4.56690311e-01  6.96669042e-01  3.70758146e-01
 -1.64982051e-01 -1.73777032e+00  5.02282441e-01  2.02695191e-01
  2.34420329e-01  1.43306121e-01  1.61909744e-01 -2.70626038e-01
 -6.02383725e-02 -3.24645847e-01 -4.47877079e-01 -1.93918914e-01
 -1.00647411e+01 -1.18980162e-01 -4.44589444e-02 -6.67080164e-01
 -4.67765272e-01 -2.12428242e-01  8.15504253e-01  3.46774071e-01
 -1.98790208e-02 -9.43387747e-02 -5.05934238e-01  2.10155636e-01
  2.57538021e-01  3.40120830e-02 -2.78191775e-01  2.62715314e-02
 -6.75364971e-01 -3.38905722e-01 -2.07706094e-01 -2.90699583e-02
 -1.53472781e-01 -3.77387583e-01  3.94524872e-01  4.31224346e-01
  6.89903915e-01 -2.91553468e-01 -2.73687720e-01  1.79279298e-01
 -2.19441488e-01  7.21848905e-01 -6.43919766e-01  1.90051571e-01
 -3.98616850e-01  5.04627705e-01 -3.04782093e-01  1.33153081e-01
  4.44344759e-01  4.24526691e-01 -8.12497064e-02  6.31481826e-01
  3.37121308e-01  1.26208767e-01  2.93325216e-01 -1.76489785e-01
  1.93023592e-01  1.01242013e-01  4.31854308e-01  6.51801154e-02
  9.17856455e-01 -2.31129542e-01 -3.73673975e-01  1.02076102e-02
 -5.17674834e-02 -2.91645318e-01  1.44750938e-01  2.72795379e-01
  4.96867716e-01 -6.25556111e-01  2.61825711e-01  1.18656315e-01
  3.85000587e-01  4.58489001e-01  9.72712398e-01  8.03777218e-01
 -5.70654310e-02  4.22381580e-01  3.17416899e-02  1.41183481e-01
 -8.40685129e-01 -4.60754007e-01  3.38461727e-01  6.10205173e-01
  3.50587368e-02  3.05510849e-01  1.85101479e-01  3.75044078e-01
 -1.58696339e-01  8.74420330e-02  1.66680932e-01  2.76464820e-02
  1.76009387e-01 -3.34643781e-01  8.10303614e-02  3.94456089e-01
 -7.95966685e-01 -2.16752782e-01  1.91067815e-01 -3.85501720e-02
  1.60231560e-01 -6.39836967e-01  7.04527140e-01  2.65899211e-01
 -5.75271308e-01  3.08782101e-01  3.16203207e-01 -8.29215646e-02
 -3.17987561e-01  8.25023651e-03  3.81430119e-01 -3.94706309e-01]"
デ,"[-1.49877360e-02  3.42676997e-01  4.62385952e-01 -3.55439931e-01
  9.12744924e-03  6.61840677e-01  1.95152313e-01 -2.39658102e-01
 -4.44475412e-01 -1.82722777e-01  5.20953953e-01  1.73015565e-01
 -6.19603515e-01  1.40488192e-01  5.13234973e-01  1.73784599e-01
 -3.12046319e-01 -6.83026254e-01 -2.99218506e-01 -4.75415915e-01
 -6.57058716e-01 -2.37184763e-01 -4.59500521e-01  5.02030730e-01
  1.44113898e-01 -2.80888289e-01  1.21744089e-01  7.92015567e-02
  3.03506881e-01  2.71061342e-03 -4.27589327e-01  9.07872692e-02
 -2.58857071e-01 -2.33860224e-01 -9.86742318e-01  2.76292622e-01
  5.03557771e-02  8.85476172e-02  3.63290161e-01 -3.62759590e-01
 -1.94144696e-01 -1.60535678e-01 -3.70065928e-01 -3.75025362e-01
 -2.48309910e-01  6.65484667e-01  2.31304929e-01  8.19068968e-01
  1.73876658e-01  6.56130239e-02 -8.37070227e-01  6.94711268e-01
  7.48001993e-01  4.51432288e-01  2.31893644e-01 -3.31233114e-01
  1.01549160e+00 -8.30877602e-01 -8.48540142e-02  4.80992168e-01
 -6.45912766e-01 -6.73207223e-01 -2.34513983e-01  7.33444020e-02
 -3.28207731e-01  3.93639714e-01 -6.38629496e-02 -3.29200447e-01
  5.36948025e-01 -7.77534604e-01  6.07947260e-02 -9.28475633e-02
  1.75375313e-01 -3.69110972e-01  6.08185172e-01 -2.32577249e-01
  7.27094337e-02 -2.06440389e-01  3.57040465e-01  1.76093534e-01
 -3.52844298e-01  3.69598776e-01  1.40934765e-01 -8.85430992e-01
 -4.36340034e-01  1.02728680e-01 -1.01795924e+00 -8.37292492e-01
  2.76700050e-01 -4.59547937e-01 -8.17015544e-02  4.77351129e-01
  7.51922559e-03  2.00574964e-01 -1.66614670e-02  1.56650841e-01
 -7.79949054e-02 -9.51774791e-02 -2.37094939e-01  2.67146919e-02
 -2.99329907e-01  3.23303461e-01  7.52230823e-01  6.81907358e-03
 -1.51959509e-01  3.45862210e-02  3.84806663e-01  4.20006424e-01
  9.83895212e-02 -9.36878249e-02 -4.72067773e-01 -1.21283337e-01
 -1.97301030e-01  2.04707891e-01  1.41168103e-01 -1.08807378e-01
 -1.89200774e-01  9.23745930e-01 -3.85286778e-01  5.79640031e-01
  9.44772586e-02  1.89663559e-01  1.11127950e-01 -4.15148020e-01
 -6.94872439e-02  5.98345339e-01 -1.41524985e-01  9.78972465e-02
  4.10010293e-02 -1.00489445e-01 -2.99148887e-01 -4.02584106e-01
 -1.64039433e-02  3.53491664e-01 -5.26062369e-01  1.22836733e+00
 -2.24450603e-01  7.65232220e-02 -7.37055168e-02 -2.72773743e-01
 -5.85512221e-02 -3.10435388e-02 -2.32067183e-02 -5.31308353e-01
  5.19007891e-02  1.08369626e-02 -2.78000653e-01  2.77635783e-01
  2.59317636e-01  3.21356565e-01 -3.44422221e-01  1.09315264e+00
 -8.41853142e-01  5.51324904e-01  1.27895951e-01  4.63862836e-01
 -8.80865991e-01  1.04200609e-01 -1.50721734e-02  3.15124691e-01
  5.58089554e-01 -8.40441212e-02  1.16535947e-01  3.63339782e-01
  1.66669086e-01  2.09542498e-01  4.19142902e-01  2.30148852e-01
 -3.43953259e-02  7.84849465e-01  1.33691970e-02  2.24207789e-01
  4.94509608e-01  1.07841501e-02 -2.48857796e-01  5.08341253e-01
  6.13503218e-01  2.78537899e-01  3.22074026e-01 -6.03170753e-01
 -1.94411024e-01 -1.30374536e-01  1.80538252e-01 -5.81866205e-01
  5.04921734e-01  1.98611096e-01  1.72504574e-01  7.34794587e-02
 -3.14948082e-01  3.48892897e-01 -4.99384701e-01  2.63918906e-01
  6.18348690e-03 -4.10296559e-01  1.49963215e-01 -1.30287871e-01
 -8.49293265e-03  2.00639889e-01 -4.63786423e-01  6.82763278e-01
 -3.40493172e-01  8.78527239e-02  1.94703475e-01 -3.91174734e-01
 -1.16773772e+00 -4.52084661e-01  5.27911820e-02  3.29426289e-01
  1.65397093e-01  2.99610347e-01 -1.20315261e-01 -9.54563841e-02
  6.40818000e-01  4.31185991e-01  4.34644312e-01  4.49687660e-01
 -3.89652640e-01 -6.63635552e-01  3.69142175e-01 -3.56639802e-01
  1.85221091e-01 -1.53051928e-01  3.25834841e-01  3.79656851e-01
 -2.23140299e-01  2.90443122e-01  4.23120648e-01 -3.93536299e-01
 -4.35153209e-02 -3.88289660e-01 -7.45520294e-01 -5.18684626e-01
 -5.14748991e-01  2.21949980e-01 -3.80952746e-01 -1.09853677e-01
 -2.31291562e-01  3.86951637e-04 -4.90547448e-01  1.00022960e+00
 -2.24971280e-01 -2.57355779e-01  4.57550198e-01 -6.50965452e-01
  3.34434241e-01 -1.54147997e-01  1.29064307e-01  1.04634175e-02
  1.44218370e-01 -3.27906102e-01 -1.21191815e-01 -1.88820869e-01
  4.97400939e-01 -5.68177938e-01  3.57579023e-01  3.33760567e-02
  5.03294826e-01  3.23767394e-01  7.23577961e-02 -4.42055613e-01
 -5.37148833e-01 -3.14082086e-01  1.80709317e-01  3.37826103e-01
 -1.19249687e-01  1.36802375e-01  7.87792742e-01  9.08126757e-02
 -9.68447089e-01 -9.98358727e-02  3.97945136e-01 -6.88488632e-02
 -1.91075638e-01 -1.95450813e-01 -3.61865133e-01  4.52473253e-01
 -2.16865480e-01  5.84798157e-01 -3.60250443e-01 -5.03872074e-02
 -2.20927447e-01  3.94757837e-01 -5.06689310e-01 -4.44104254e-01
 -1.03911189e-02  1.22190647e-01 -3.43316853e-01 -2.39304185e-01
 -3.06493908e-01  2.46764466e-01  5.20037174e-01 -3.27943593e-01
 -4.48000073e-01 -1.89489629e-02 -1.98753536e-01  4.15975004e-01
  4.74278569e-01 -8.81566405e-02 -4.75145429e-02 -4.40452695e-02
  3.88654619e-01  3.90878350e-01  3.05703372e-01  2.08271489e-01
 -7.29542524e-02 -4.24165912e-02 -3.37746114e-01  2.02222452e-01
  4.40787494e-01 -8.23017418e-01  2.01147005e-01  5.65197051e-01
 -3.58821720e-01  3.10736060e-01  3.73821020e-01  3.19383413e-01
 -1.19312084e+00 -2.70473599e-01  2.21694633e-01  6.07537687e-01
  1.59315214e-01  1.97825730e-01  2.06210449e-01  1.40373915e-01
 -3.72074455e-01 -3.58550459e-01  8.64836395e-01  6.59020916e-02
 -3.00774634e-01 -3.78575444e-01 -8.26502815e-02 -2.21906200e-01
  5.21559179e-01 -9.53441024e-01 -8.34104866e-02  2.43336752e-01
  3.52466464e-01  1.64711758e-01  2.91074067e-01 -5.91429949e-01
  4.10671532e-02  2.42724970e-01 -3.03516030e-01  2.83832669e-01
 -2.50126988e-01 -4.80695702e-02 -8.96350816e-02  9.95076239e-01
  7.88789988e-01  1.01048660e+00 -8.87877122e-02 -2.50724047e-01
  9.71530899e-02  1.00876927e-01  3.55806231e-01 -3.25462893e-02
 -1.55891851e-01 -1.97037578e-01 -1.46084160e-01  1.63641185e-01
  2.91992068e-01  1.07703499e-01  2.09864661e-01 -4.48947608e-01
 -4.49198097e-01 -4.20045182e-02  7.01367736e-01 -5.90717375e-01
  2.94511586e-01 -7.77525678e-02  5.45710921e-01  6.72812015e-02
  5.33918366e-02 -3.77175301e-01  2.75950998e-01 -3.55020553e-01
 -2.19484895e-01 -3.35838020e-01 -9.72010791e-01 -1.82009667e-01
 -4.47301775e-01 -4.58835959e-01 -1.63828328e-01 -6.42052591e-01
 -3.28273978e-03 -5.60767174e-01 -3.63044888e-01  1.99030831e-01
  1.35779172e-01 -4.15821135e-01  6.01479769e-01  2.47967258e-01
  3.41713339e-01 -2.87894487e-01 -4.70192701e-01  3.25168669e-01
 -4.50633109e-01  4.84762073e-01 -1.11695953e-01  5.24183452e-01
  8.82745348e-03 -3.10525537e-01 -3.20842892e-01  9.50142369e-03
 -6.18446887e-01 -3.49960715e-01 -5.17509699e-01 -1.83921054e-01
  3.05069298e-01  2.85102069e-01 -1.12538032e-01  2.02594191e-01
  3.95901531e-01  2.89932191e-01 -6.76772773e-01 -3.43161374e-01
 -1.79709047e-01  2.42304206e-01  9.90549251e-02  2.07530871e-01
  1.96210012e-01 -1.18895479e-01  3.68983597e-01  1.04722194e-01
  1.34063333e-01  7.54093081e-02  2.75487658e-02 -6.82211816e-01
  1.06373489e+00 -1.13457024e-01  5.46746433e-01  4.48219359e-01
  1.87659398e-01  8.42574894e-01  6.73052967e-02 -7.74226069e-01
  7.69765535e-03 -4.92338538e-01 -4.85440828e-02  8.95608962e-01
  7.59215415e-01  2.95915306e-01 -2.41996780e-01  2.60449380e-01
  1.32005125e-01 -1.90248281e-01  1.87273398e-01 -1.92529440e-01
 -1.18672207e-01  1.85272560e-01  3.22850466e-01  9.21173930e-01
  1.60836846e-01  5.07076263e-01  2.40917593e-01  4.91665214e-01
 -5.34197211e-01  3.18972319e-01  1.62602663e-01 -6.64033517e-02
 -1.97353065e-01  2.52742437e-03 -4.57628012e-01 -3.11189383e-01
 -2.61037946e-01 -1.84255689e-01  3.33894074e-01  4.53692913e-01
  1.97513208e-01 -3.83004807e-02 -6.28181040e-01 -7.76972055e-01
 -5.89324296e-01 -7.02567324e-02 -3.87048215e-01 -1.46997124e-01
  7.50766098e-02  3.15779626e-01 -5.91672361e-01  6.54611528e-01
  6.24871731e-01 -3.21180254e-01  5.51707344e-03 -5.52901626e-01
 -4.87339258e-01  4.28387225e-01 -1.38392612e-01 -9.17968303e-02
  7.36980617e-01  6.55587435e-01 -6.67770326e-01 -1.59367234e-01
 -2.63224095e-01  2.00411767e-01  4.20058876e-01 -5.92461765e-01
  3.29692692e-01  1.29378855e-01 -3.89723033e-01 -4.17405367e-01
  2.23844405e-03 -3.31947953e-01 -8.14045966e-03 -2.40236223e-02
  8.73785242e-02  3.23205322e-01 -2.81413347e-01  6.52814984e-01
  7.90490448e-01 -6.64852679e-01 -2.07126494e-02  3.47392350e-01
 -5.87996304e-01 -1.97136208e-01 -6.07264750e-02  1.86524406e-01
  4.12281826e-02 -1.16971344e-01  3.45756948e-01 -3.12663466e-02
 -1.74805634e-02  4.35160361e-02 -5.18575609e-01 -6.76908433e-01
 -5.48817776e-02 -6.10305905e-01  4.72474992e-01 -1.17384493e-01
  7.72079766e-01 -2.55768269e-01 -1.77578062e-01 -2.56141275e-02
  2.04524189e-01 -1.94121823e-01  3.37216556e-01 -1.84743091e-01
 -9.04785872e-01 -7.94723108e-02 -3.17060441e-01 -7.09120333e-01
  4.12463009e-01  5.82338162e-02 -7.88752437e-01 -9.86501500e-02
  3.55104715e-01  1.02367913e-02 -2.42303267e-01  1.16921954e-01
  6.26540110e-02 -1.76444426e-02  3.21318090e-01 -1.93999931e-01
 -6.03659935e-02  4.58516866e-01 -2.00752899e-01  2.28992682e-02
  5.52737117e-01  3.45218629e-01  3.43266726e-01  4.16000664e-01
 -3.07933778e-01  2.66177982e-01 -2.07949236e-01 -7.49089196e-02
  7.55152225e-01  4.78358299e-01 -5.92917264e-01  3.44976068e-01
  2.37134680e-01 -3.29373121e-01  2.24499866e-01  1.05209339e+00
  1.48405656e-01  3.09777915e-01 -4.37082648e-02  6.11180924e-02
 -9.51340795e-01  2.12321028e-01  1.88141674e-01  2.27738053e-01
  2.91805059e-01  8.34023803e-02 -1.44034566e-03 -5.51130399e-02
  7.69400477e-01  7.27185905e-02 -2.71416634e-01  1.87926978e-01
 -1.04880370e-01 -6.26368165e-01  6.89826190e-01  5.39030015e-01
 -2.15596870e-01 -7.64025599e-02 -1.89056203e-01  6.99614525e-01
  8.93805921e-01 -6.65719360e-02  3.32869172e-01 -3.93981338e-01
 -5.76568246e-01  1.79032668e-01  4.07175094e-01 -1.75211623e-01
  5.22846162e-01 -3.74539047e-01 -1.48373932e-01  5.14377832e-01
  5.46100616e-01 -2.49149412e-01  1.92249194e-02 -3.51906866e-01
  8.30893070e-02 -1.92762032e-01 -1.12848267e-01  1.68092012e-01
 -4.39570434e-02  1.63851053e-01 -3.04508924e-01 -4.96126592e-01
  3.02265137e-01  7.28852451e-01  3.23639303e-01 -1.44060984e-01
  1.74535230e-01  1.83452129e-01  6.95781857e-02 -5.63662685e-02
  4.74270999e-01  2.30976656e-01 -6.51225597e-02  3.51684034e-01
 -2.14552745e-01 -1.54998675e-01  9.40711424e-02  2.01582074e-01
  1.90513194e-01 -4.76366848e-01  3.83218341e-02 -1.18501693e-01
 -3.67061406e-01 -3.78571808e-01 -4.89677072e-01  2.42419109e-01
 -3.90194058e-01  4.42771614e-02  2.21447214e-01  3.89717072e-02
 -4.44989592e-01 -3.63402635e-01 -1.02324476e-02  6.41425371e-01
 -6.99776828e-01 -5.21829009e-01  2.03561634e-01 -4.88378763e-01
 -3.10356319e-01 -1.04722226e+00  3.84361565e-01 -2.03250498e-01
  6.17899597e-01 -9.59323868e-02 -1.67732254e-01 -3.22567493e-01
 -2.64734980e-02 -3.38393539e-01 -3.43178749e-01 -4.92152810e-01
 -1.01527243e+01  1.63439438e-02 -1.78873196e-01 -8.03262651e-01
 -2.79256970e-01 -1.57053515e-01  6.18054390e-01  9.07191455e-01
 -6.38027668e-01  1.38350338e-01 -3.00993860e-01  1.73756793e-01
  9.91098955e-02  3.24706405e-01 -4.89207171e-02 -2.37849057e-01
 -8.22074413e-02 -2.22452298e-01 -7.10787475e-02  1.83995634e-01
  5.04444875e-02 -4.57108051e-01  6.18177235e-01  4.97568816e-01
  1.39977783e-01 -1.67480156e-01 -2.22203538e-01 -1.65806964e-01
  8.06193799e-02  1.15056679e-01 -1.48706388e+00  8.95490706e-01
 -2.65712112e-01  2.55249202e-01 -3.39463413e-01  5.58177114e-01
  1.81930602e-01  3.99233818e-01 -6.82187200e-01  1.42395586e-01
  3.86561096e-01 -1.91157386e-01 -1.59021094e-01 -5.20633698e-01
 -5.59801087e-02 -1.09455332e-01  1.11139126e-01  1.53666005e-01
  3.79155815e-01 -4.71249819e-01 -2.77210444e-01 -9.65962112e-02
  2.98793793e-01 -5.49257696e-01  2.56033182e-01 -4.03150141e-01
  1.69905290e-01 -8.14483762e-01  3.43398228e-02  3.09020460e-01
  5.86670876e-01  5.48967600e-01  4.04146761e-01  5.53962052e-01
  2.35429689e-01  4.93588954e-01  1.80950820e-01  1.36343062e-01
 -1.29961714e-01  2.71122843e-01 -1.05848126e-01  3.55192423e-01
  2.41930094e-02  3.83460194e-01 -1.13880873e-01  1.87893480e-01
  1.89029083e-01  6.69361055e-02  3.73395056e-01  1.04414858e-01
  3.31714302e-01 -1.00211799e+00 -1.06408251e-02 -5.88439638e-03
 -4.46110815e-01  2.84768134e-01  6.07134812e-02 -2.74396569e-01
  3.87766570e-01 -8.14115763e-01  2.50965834e-01 -5.69013692e-02
 -5.01915924e-02  2.11786866e-01  4.40259606e-01 -1.03054099e-01
 -4.43920679e-02  2.43249252e-01 -1.27666490e-02 -3.45587999e-01]"
ワ,"[ 2.41312757e-01  1.78770334e-01  4.63107407e-01 -2.30970860e-01
  2.00373262e-01  2.77688056e-01  1.22989722e-01  3.08803529e-01
 -9.90669243e-03 -6.19081438e-01  7.02891827e-01 -3.67085427e-01
 -6.94075525e-01  2.04239041e-01  3.71259689e-01 -3.85068625e-01
  4.79442365e-02 -2.96942960e-03 -2.35241279e-02 -6.80560887e-01
 -7.09689438e-01 -3.32321316e-01  1.33449525e-01  3.07501584e-01
 -5.79979718e-02 -3.17662477e-01  2.53216267e-01  3.63688499e-01
 -6.85061589e-02  4.07397486e-02 -3.93713087e-01 -2.22357392e-01
  1.63261220e-01  8.32343325e-02 -2.01122910e-02  4.20076281e-01
 -3.85860242e-02 -7.19058961e-02 -1.45384714e-01 -5.82923368e-02
  1.35667948e-02 -1.08499892e-01 -4.62835878e-01 -1.23548329e-01
  7.51526281e-02  5.49737632e-01  2.00306147e-01  1.60707191e-01
  6.36260390e-01  1.62989646e-01 -1.02465764e-01  2.14496672e-01
  3.96599740e-01 -1.59053028e-01  2.97322124e-01 -1.74758390e-01
  4.91109669e-01 -2.99057394e-01 -1.81793213e-01 -1.68553367e-02
 -1.85349524e-01 -1.85606912e-01  1.34869680e-01 -1.99984297e-01
 -5.88796064e-02 -5.89682221e-01  2.04702184e-01 -1.09877281e-01
 -2.94551462e-01 -8.37729990e-01 -4.08452690e-01  4.86794636e-02
  1.98038220e-01 -3.73755604e-01  6.23922288e-01 -4.07869607e-01
  3.51131380e-01  1.78239346e-01 -2.16964837e-02  4.87788133e-02
  7.19891414e-02  4.07847732e-01  1.16257677e-02 -4.40961421e-01
  4.78208721e-01 -2.75317933e-02 -2.51472503e-01 -7.44754910e-01
  2.05165476e-01 -3.79210383e-01 -1.34947240e-01 -8.64250660e-02
  7.02781796e-01  7.51868039e-02 -4.80694436e-02 -9.26386863e-02
  6.66812807e-02 -2.96792209e-01 -1.82822675e-01  4.30065870e-01
  1.84507102e-01  2.61872739e-01  3.07327211e-01 -1.08279675e-01
 -1.92211524e-01  5.10803349e-02 -2.11336568e-01  1.31162181e-01
  1.73354521e-01 -1.69563502e-01 -5.20379804e-02 -4.63836551e-01
 -7.41418302e-01  2.43459940e-01 -2.26892516e-01 -1.38464314e-03
 -5.29135354e-02  2.84847021e-01 -6.55732751e-01  5.48838437e-01
  4.75387812e-01  4.56340671e-01  9.71252173e-02 -2.15011358e-01
 -1.58604667e-01  3.36148381e-01 -1.13925584e-01 -1.99937731e-01
 -1.11095995e-01 -1.13007210e-01 -6.24144971e-01  1.06282912e-01
 -1.75889462e-01  4.10359316e-02 -4.10412960e-02  6.24406934e-01
  2.32682392e-01 -3.46159071e-01 -2.46445179e-01 -4.86181408e-01
 -3.92178595e-02 -4.13064063e-01  2.63327390e-01 -3.57798815e-01
 -2.99539745e-01  4.13420945e-01 -3.35970372e-01 -6.49303198e-01
  5.21126688e-01  3.13008189e-01 -2.83915818e-01  7.57297456e-01
 -5.18208742e-01 -6.15696199e-02  1.02712102e-01  1.73883680e-02
 -5.00848055e-01  4.96297795e-03 -2.35852927e-01  1.59353375e-01
  1.62526108e-02 -3.12187165e-01  1.38134584e-01  7.07564890e-01
 -3.57932001e-02  2.62448907e-01  4.84837174e-01  3.59840214e-01
 -1.32753000e-01  3.69317055e-01  1.73502579e-01  3.28321069e-01
  1.60543397e-01 -1.47444233e-01  2.03897670e-01  4.11395997e-01
  1.90488040e-01  1.23299919e-01  1.73960462e-01 -6.16261005e-01
 -1.28782943e-01 -5.90417802e-01 -2.56126225e-01 -4.29839492e-01
  6.68615848e-02 -4.96128798e-02  1.18036903e-01 -8.69859010e-02
 -9.33648273e-03 -6.27424836e-01  1.89670458e-01 -3.84685487e-01
  5.83632626e-02 -3.41237873e-01 -7.75578395e-02 -1.15938894e-01
 -1.86300963e-01 -1.25131339e-01 -1.30458847e-01  6.32146120e-01
  7.07256496e-02  2.46650994e-01 -1.56285390e-01 -2.59739190e-01
 -9.40013945e-01 -2.57477552e-01  3.04974735e-01  2.31342509e-01
  5.14218569e-01  2.66561389e-01 -2.76700348e-01  5.65551460e-01
  2.45579869e-01  1.89482391e-01  1.44254580e-01  4.63168025e-01
 -4.66797203e-01 -4.87503797e-01  3.42424899e-01 -4.52726223e-02
  2.02515692e-01 -1.73521712e-01  4.55023289e-01  1.35221183e-01
  1.27749473e-01  3.90618026e-01  3.95260483e-01 -4.49961349e-02
 -2.83877522e-01  5.81055760e-01 -2.73013830e-01 -3.00172925e-01
 -5.72367013e-01 -2.31857151e-01 -7.00156748e-01 -1.54121488e-01
 -3.08991194e-01  3.29571664e-01 -3.61489058e-01  5.53109087e-02
  2.00627476e-01 -2.71377504e-01 -2.28559263e-02 -3.49900305e-01
  1.02636963e-01  1.87525712e-02 -7.59266689e-02  7.33842142e-03
 -1.25525728e-01  4.39842371e-03 -5.80786824e-01 -5.80649793e-01
  1.52222390e-04 -5.36818385e-01  3.95524532e-01  3.87314737e-01
  5.03296673e-01 -1.84272066e-01  1.28242731e-01 -6.77852392e-01
 -9.79830325e-02 -6.28655255e-01 -2.05274940e-01 -3.76873016e-01
  4.44958434e-02  6.03562184e-02 -1.92746505e-01 -4.94977564e-01
 -3.39279532e-01 -2.73395836e-01 -7.42387548e-02 -2.18325466e-01
 -1.79071531e-01  2.23553628e-01  4.63783927e-03  4.27511521e-02
 -5.41605890e-01  2.38763660e-01 -1.32682592e-01  3.06786895e-01
 -6.26791239e-01  1.87562272e-01 -6.92230642e-01  4.12008524e-01
  1.02160431e-01 -2.38845363e-01 -2.05380544e-01 -6.09787285e-01
 -1.92958057e-01  3.75987917e-01  1.18556686e-01 -3.62667888e-01
 -5.75807273e-01  1.32315278e-01 -1.76393032e-01 -1.73126720e-02
  4.49931808e-02  3.37923974e-01  3.76860172e-01  1.69914097e-01
  1.93141162e-01  4.40372676e-01  6.46395236e-02 -2.48248219e-01
 -2.53826588e-01 -3.35295409e-01 -3.86617810e-01 -1.76303685e-01
  4.71369922e-01 -3.01892906e-01 -1.22408219e-01  6.84111476e-01
 -2.76846200e-01  3.28893125e-01  2.13025495e-01  2.83522278e-01
 -1.90407300e+00  1.05473198e-01  3.87575448e-01  5.53796254e-02
 -1.15783028e-01  6.76978827e-01  1.93166971e-01  2.56325096e-01
 -5.99739611e-01 -5.15846193e-01  6.79478765e-01  4.47150111e-01
 -1.42887160e-01 -3.14780772e-02  4.06855851e-01 -1.58911332e-01
 -9.65684932e-03 -7.69786298e-01  1.97960407e-01  3.81275386e-01
  1.11930273e-01 -1.50876999e-01  9.27985758e-02 -2.91723996e-01
  8.56456459e-02  9.26432014e-02  1.70701355e-01  5.20618796e-01
 -7.43687093e-01 -5.02448417e-02  5.22429124e-02  8.60012770e-01
  8.04751694e-01  4.54075068e-01  5.50342835e-02 -2.37832755e-01
  2.51064450e-01  7.95485020e-01  4.64181095e-01 -1.45451456e-01
  2.24768799e-02 -1.57770321e-01  5.33059061e-01  2.39982620e-01
 -1.74436703e-01 -7.85607006e-03  2.89194852e-01  2.06837133e-01
 -1.85327828e-01  6.37874901e-01  7.02621102e-01  1.64374009e-01
  2.27419958e-01  1.12259462e-01  1.08037770e+00  1.67354960e-02
 -1.72071263e-01 -6.43910766e-01 -6.93342164e-02 -3.77212167e-01
  2.81704869e-02  3.41115147e-02  1.20493926e-01  3.88853669e-01
 -2.63448954e-01  2.35607386e-01  1.88252196e-01 -1.41860157e-01
  3.51186752e-01 -5.90380609e-01 -4.72296059e-01 -1.88462615e-01
  7.87147358e-02 -7.79935062e-01  4.34082210e-01  3.55190009e-01
  4.19434786e-01 -1.69391766e-01 -4.18043315e-01  8.21450800e-02
 -1.83815256e-01 -1.40508369e-01 -1.36860460e-01  2.68377185e-01
  3.59268486e-03 -3.26128811e-01  1.75420865e-01 -4.79549021e-01
 -4.57891375e-01 -3.07402648e-02 -9.61886823e-01 -1.04021795e-01
 -1.70662075e-01  5.63137412e-01 -1.73657268e-01 -8.61991346e-02
  1.74125224e-01 -2.78803669e-02 -1.50995806e-01 -1.28255382e-01
 -5.93872368e-01  4.08979267e-01  8.29112455e-02  1.02354802e-01
  3.40668440e-01  3.22893888e-01  2.23098412e-01  3.68858397e-01
 -5.46056628e-01  5.54232895e-02 -6.03650272e-01 -3.18844438e-01
  6.69489622e-01 -1.69353768e-01  2.79108077e-01  2.57520890e-03
 -1.78716391e-01  5.42557955e-01 -2.63845533e-01 -5.68337917e-01
 -1.81565315e-01  6.08710647e-01  7.67980963e-02  6.42816007e-01
  3.76709580e-01  7.91594207e-01 -1.17319480e-01  4.40379500e-01
 -1.17283333e-02 -7.06030503e-02  4.44159210e-01 -6.63274646e-01
  8.61259475e-02 -4.58831452e-02  1.41032517e-01  4.22554821e-01
  2.31228128e-01  1.68151632e-01  2.72352487e-01  2.04196349e-01
 -1.13721728e-01  2.08122849e-01  2.45736510e-01  4.33487922e-01
 -3.47875446e-01 -6.16108119e-01 -3.62785935e-01  3.60947698e-02
 -4.68685806e-01 -1.44036159e-01  6.83917046e-01 -6.83362037e-02
  9.23455954e-02 -2.30743796e-01 -7.26019025e-01 -4.81681883e-01
 -4.78433490e-01 -2.10555166e-01  7.35890418e-02  4.20312673e-01
  5.72357178e-01  7.58978259e-03 -9.13279593e-01  3.10104191e-01
  1.92948788e-01  4.60647821e-01  1.26132712e-01 -2.45517045e-01
 -1.57347322e-01  6.69548139e-02 -7.16644004e-02 -1.94064915e-01
  1.80845261e-01  1.32692205e-02 -5.06711341e-02 -4.84208435e-01
  1.54028118e-01 -2.62370050e-01  1.47505835e-01 -2.53997326e-01
  5.18557966e-01  1.03220277e-01 -7.60931194e-01 -3.09986204e-01
  1.27462447e-01 -2.59673744e-01 -1.30606472e-01 -6.11622214e-01
  1.90020576e-01 -3.81309032e-01 -1.31044686e-01  2.89544016e-01
  5.35934985e-01 -2.92400450e-01 -1.34607494e-01  3.89133215e-01
  5.69875956e-01 -4.60829735e-02  3.97218838e-02 -7.01807290e-02
 -2.84918666e-01 -1.75846890e-01  4.25268263e-02 -1.49015009e-01
 -1.98945567e-01 -1.96695402e-02 -7.79639900e-01 -2.52239078e-01
  5.96350096e-02 -8.66110325e-01  6.77447796e-01  1.85520396e-01
  5.30179322e-01 -5.00316203e-01 -8.92804191e-02 -2.44664043e-01
 -5.51854670e-02 -6.70366175e-03  4.18735623e-01 -3.89188193e-02
 -7.82246053e-01 -6.78139701e-02 -4.74071294e-01 -4.95743424e-01
  4.79934067e-01  3.95989537e-01 -4.03847337e-01  9.71675739e-02
  3.38846087e-01 -2.26312622e-01 -1.47653654e-01  8.29782858e-02
 -1.34539217e-01  1.11060828e-01  2.89263725e-01  3.48658375e-02
  2.14787796e-01  2.84224987e-01 -3.34473252e-01  1.85316160e-01
  2.59804994e-01  6.58567667e-01  2.96102852e-01 -5.68209914e-04
  1.01207104e-02 -3.23925205e-02 -5.57614267e-01  4.53878731e-01
  2.71720946e-01  5.44496894e-01 -3.91265363e-01  6.19258583e-01
  6.21328235e-01 -4.58239913e-01  3.54358107e-01  6.62291646e-01
  4.14657146e-01  3.33427131e-01 -3.52933556e-02 -6.12291433e-02
 -7.31713176e-01  2.76707411e-01 -3.05102021e-02  2.55432218e-01
 -3.55859622e-02 -3.24385017e-02 -1.06860235e-01 -2.45563000e-01
  1.75148211e-02  3.63733441e-01  3.27782601e-01  1.44681349e-01
  3.02171677e-01 -3.77583772e-01  4.75103110e-01  4.33124989e-01
  2.10160855e-02 -1.45999461e-01  2.46096119e-01  3.80226105e-01
  6.37458980e-01  3.14390995e-02  3.57241213e-01 -2.07258850e-01
 -1.02187920e+00  8.56554732e-02  1.02315852e-02  3.64446521e-01
  5.95105469e-01 -5.78033805e-01 -2.02329919e-01  1.86021313e-01
  5.03720343e-01 -2.87385941e-01 -9.41149369e-02 -4.39944655e-01
  1.73243046e-01  2.61532307e-01 -1.30306855e-01  7.27578476e-02
  1.29107237e-01  3.21299791e-01 -1.63494468e-01  1.45674944e-01
  2.13067949e-01  7.29916453e-01  1.36237934e-01  9.12676230e-02
  4.25005369e-02 -2.69976765e-01 -4.45096910e-01  5.19218408e-02
  6.58692420e-02 -3.38729471e-01 -4.07128155e-01  3.78243290e-02
 -3.90721649e-01  1.47309169e-01 -2.99052000e-01  2.54909217e-01
  3.07830989e-01  5.76332025e-02 -3.66539471e-02 -4.79074359e-01
 -6.32993877e-02 -2.42817495e-02 -7.73797452e-01  9.51301605e-02
 -2.57984787e-01  1.72079846e-01 -2.19289929e-01  2.13155206e-02
 -4.72984076e-01 -2.63345808e-01 -3.67784172e-01  5.50566792e-01
 -1.21872328e-01 -4.21429157e-01  4.17335808e-01  3.11452329e-01
 -1.26444384e-01 -9.92277384e-01  3.27897877e-01  3.60675633e-01
  5.68462253e-01 -2.31235683e-01  5.09494424e-01 -3.74531507e-01
  2.22900659e-01  1.00892588e-01 -4.16084230e-01  5.26250482e-01
 -1.04641905e+01 -4.21339095e-01 -4.99089569e-01 -2.99182802e-01
 -5.23726225e-01  3.39393765e-01  6.27589703e-01  3.31080645e-01
 -4.00895625e-01  1.50315478e-01  7.72168711e-02  4.32523161e-01
  3.52770120e-01  3.08515072e-01 -5.92936039e-01  1.28889039e-01
 -3.21943879e-01 -4.82525885e-01  1.69491174e-03 -2.16053218e-01
  1.13106675e-01 -6.64482653e-01  5.31032443e-01  5.34587860e-01
  1.47968188e-01 -1.67655766e-01 -1.39973372e-01  4.00479287e-01
 -3.12294308e-02  2.98741668e-01 -8.07222068e-01  4.48259860e-01
 -1.69217005e-01  4.52093810e-01 -2.33320862e-01  5.34967370e-02
 -2.51293957e-01  5.02317607e-01  2.49905419e-02  3.45352024e-01
  3.13356221e-01  4.28559840e-01  7.75187612e-02 -1.17707647e-01
 -2.01953635e-01  3.70267332e-01  1.41878560e-01  3.13789338e-01
  5.65622211e-01 -4.79439693e-03  4.82669659e-02 -1.86638683e-01
 -2.59339571e-01 -3.54102194e-01  2.77955770e-01 -4.53307340e-03
  7.60052860e-01 -7.73522913e-01 -3.09432000e-02  1.05239153e-01
  3.33052367e-01 -1.45843044e-01  9.52336907e-01  8.97085905e-01
  2.63575464e-01  1.60239428e-01  4.37854975e-01  3.98333400e-01
 -3.24703217e-01 -1.07503854e-01  3.31086814e-01  5.56431592e-01
 -9.66658220e-02  2.01535046e-01  1.42471105e-01  7.56823540e-01
  2.72642467e-02 -2.36781344e-01  2.11419031e-01 -2.96052217e-01
  4.38117802e-01 -1.65540233e-01 -2.86581606e-01  1.38894692e-01
 -6.06552839e-01  2.48870358e-01  6.86032027e-02  3.07487011e-01
  1.11129873e-01 -5.87075889e-01  4.45045739e-01 -1.70424923e-01
 -2.90448219e-01  4.09216136e-01  2.25521177e-01 -2.21803546e-01
 -1.48806930e-01  3.03539425e-01  3.37459475e-01  4.87138368e-02]"
、,"[ 6.19564891e-01  3.48990470e-01  1.05678833e+00 -4.76518273e-01
 -5.89197993e-01 -1.80985272e-01  5.99807594e-03  3.48114818e-01
 -8.36570024e-01 -6.61913931e-01 -2.24984929e-01 -7.09401548e-01
 -5.04682176e-02 -4.27168548e-01  7.36394823e-01  4.46071267e-01
 -5.13972580e-01  4.70191985e-01  1.28610849e-01 -3.88933688e-01
 -8.02529752e-01 -7.19212174e-01 -5.51232576e-01  1.94179580e-01
 -4.24044102e-01 -9.22909081e-01 -5.77747524e-01 -2.25871503e-01
  6.16062246e-03  1.90361649e-01  2.63263822e-01 -4.59424913e-01
 -3.37029576e-01  3.26155871e-01 -7.29415655e-01  6.90664709e-01
  1.09855078e-01  2.04123273e-01  4.16223079e-01 -5.47825217e-01
 -3.63002121e-01  5.25299966e-01 -6.01237535e-01 -5.33705831e-01
 -1.17106579e-01  4.18937579e-02 -1.70351088e-01 -3.14008780e-02
 -1.48378670e-01 -3.94418240e-01 -7.10678399e-01  7.77076364e-01
  3.95307064e-01  1.97193235e-01  4.25059050e-01  3.48844767e-01
  1.00915372e+00  2.31695063e-02  2.51429193e-02 -2.77285814e-01
 -7.28493154e-01  1.35660499e-01  3.72835487e-01  1.99648649e-01
 -5.92863142e-01  3.53270203e-01 -1.97767407e-01  5.27011633e-01
  4.37785447e-01 -1.56749219e-01  5.72068393e-01  3.82230729e-01
  2.29865074e-01 -3.82067144e-01  2.72301346e-01 -1.02660549e+00
  4.22236949e-01 -3.06795806e-01  2.78303176e-01  1.54867232e-01
 -2.39579827e-01 -1.77194715e-01  1.18241027e-01 -3.52237910e-01
 -6.73986316e-01 -3.20739567e-01 -1.28038943e+00 -1.31478816e-01
  1.09240055e-01  1.84782878e-01  7.71256909e-02 -4.37089592e-01
  3.70442659e-01 -3.06403965e-01  1.08329844e+00  4.15291339e-01
  3.11756343e-01 -1.49722591e-01  3.45589489e-01  2.24148557e-01
 -1.34176648e+00  5.55211902e-01 -2.22490579e-02 -8.50768030e-01
 -5.02077460e-01 -1.63305908e-01 -2.70293057e-01  9.13572550e-01
  5.68603694e-01  4.23302144e-01  3.08378842e-02 -2.61343122e-01
 -8.98737192e-01  1.84125751e-01 -7.97238424e-02  4.29514229e-01
 -5.93999922e-01 -1.56880766e-01  3.80602181e-02  1.47981182e-01
  2.25672424e-01  5.83205521e-01 -4.94649231e-01 -1.37248248e-01
  2.71740586e-01  1.91771790e-01  1.43268898e-01  3.52248698e-01
  2.58248210e-01 -6.03671372e-01  3.54725391e-01 -6.76566124e-01
 -4.38275337e-01  4.48752232e-02 -6.32838964e-01  9.65863824e-01
  2.95597851e-01 -4.53616470e-01  4.55907583e-02  1.16707087e-01
 -4.53558147e-01 -1.90691963e-01  8.19033861e-01 -4.69342530e-01
 -1.26384541e-01  4.84015971e-01 -3.18053514e-01 -3.54662597e-01
  4.17958498e-01  3.84567499e-01 -1.17151245e-01  1.18549073e+00
 -5.98949552e-01  4.14049864e-01  3.31434339e-01  4.17121530e-01
  1.97724313e-01  2.48643070e-01  3.47716659e-01  2.76961979e-02
  4.11643386e-01  6.32825419e-02  1.18790403e-01  1.04815269e+00
  6.59482360e-01 -1.55564593e-02  6.94226623e-01 -1.47756666e-01
  1.06589071e-01  9.08275247e-01  5.21017790e-01  6.92718804e-01
  2.86959380e-01 -8.05722103e-02 -1.43041581e-01  5.36922634e-01
  1.05046320e+00  4.52052206e-01 -3.81556600e-01 -1.08431470e+00
  4.24223900e-01  4.42889363e-01  7.72779524e-01 -1.12714835e-01
  5.96364141e-01 -5.33625722e-01 -4.14586544e-01 -9.30271968e-02
  4.22243088e-01  1.92764640e-01 -4.03500378e-01 -4.11044836e-01
  1.08263455e-01 -2.98586348e-03  5.24127074e-02  1.66703388e-01
  1.68479487e-01  3.49166006e-01 -1.20710939e-01  3.30856562e-01
  5.55051029e-01 -1.82412248e-02 -1.45895436e-01 -9.32063878e-01
 -1.46862078e+00 -5.85870445e-01 -5.39659746e-02  1.87197924e-01
  1.99310929e-01  6.86297357e-01 -7.20427871e-01 -1.59490690e-01
  1.60043836e-01 -4.50078696e-01  8.95096779e-01  4.83115405e-01
 -3.66250455e-01 -1.39857665e-01 -7.72723109e-02 -4.02719527e-02
  1.94887012e-01 -6.46153808e-01  3.49651247e-01  1.92998335e-01
 -2.92580247e-01  8.70890141e-01  5.92843413e-01 -9.52753246e-01
 -5.80048859e-01  2.99438626e-01 -7.09566295e-01 -3.87702137e-01
 -1.41489968e-01 -1.18763022e-01 -2.26882517e-01 -9.62506711e-01
 -6.21627271e-01  1.76975623e-01 -3.72060448e-01  6.18373096e-01
 -2.94424206e-01 -2.43675172e-01  3.91376376e-01  3.01522762e-01
  3.71793747e-01  2.27553472e-01 -1.13737024e-01 -4.07382041e-01
 -9.31951523e-01 -1.59475222e-01 -6.82427824e-01 -4.46774662e-01
 -2.98469603e-01  5.49641788e-01  4.08855259e-01 -3.41720372e-01
  3.42265159e-01 -8.26678753e-01 -2.16926455e-01 -9.44948673e-01
  3.00152451e-01 -2.17595428e-01  4.51044381e-01  2.43331358e-01
 -5.62678635e-01  1.60341650e-01  3.20326388e-01 -2.13534370e-01
 -4.06488061e-01 -1.03091255e-01  1.62412778e-01  1.53968409e-01
  3.97691995e-01 -4.14722145e-01 -4.98390198e-02  1.03123114e-01
  6.80415213e-01  1.05989110e+00 -1.46921188e-01 -6.75565481e-01
 -4.15622860e-01  7.21889496e-01 -8.20095241e-01 -5.11177719e-01
  8.52808803e-02  1.03799796e+00 -4.34150070e-01 -9.35805589e-03
 -9.31151360e-02 -2.13160783e-01  1.91886798e-01 -6.06915236e-01
  5.88084161e-02  1.08633958e-01 -1.04977202e+00 -5.27109094e-02
  4.00129139e-01  2.34819949e-01  3.81599426e-01 -1.05606109e-01
  2.87341863e-01 -2.64762312e-01  5.89905195e-02  1.70946449e-01
 -1.00497715e-01 -5.17471313e-01 -1.42846733e-01  6.44447267e-01
  2.66576797e-01 -8.47026348e-01 -1.11494452e-01  6.19632423e-01
 -1.26149130e+00 -3.06786031e-01  4.95160431e-01  4.62523967e-01
 -8.06296706e-01  3.06060970e-01  7.66430736e-01  5.97837329e-01
 -3.23574483e-01 -4.80345666e-01  4.36190069e-01  6.80817723e-01
 -3.46220940e-01 -7.66511083e-01  4.46574271e-01  1.41370684e-01
 -1.02980293e-01 -5.40488064e-01 -4.22592521e-01  2.65439659e-01
 -9.56962928e-02 -2.44895786e-01 -4.19214696e-01 -1.64666414e-01
 -3.06633502e-01 -1.86299354e-01  2.45105460e-01 -3.18525545e-02
 -4.67939153e-02  6.95682168e-01 -4.29805338e-01  2.94353485e-01
 -7.33016968e-01 -4.37277049e-01  2.66561896e-01  1.27512980e+00
  4.79947448e-01  6.53741300e-01 -7.52601027e-01 -1.44520000e-01
  5.73795199e-01 -2.82812655e-01  7.84134388e-01 -7.08252609e-01
  3.59551996e-01 -2.24990100e-01  4.48699862e-01  1.16294272e-01
 -3.12129945e-01  2.35679686e-01 -7.60837853e-01 -6.73935056e-01
  2.67290294e-01 -1.21579804e-02  5.65718532e-01  1.67689368e-01
  5.01080379e-02  1.14676392e+00  9.60680321e-02  2.76987255e-01
 -2.71636963e-01 -1.22291183e+00 -2.89872140e-01 -8.18493664e-01
 -6.62508532e-02 -1.92694157e-01 -1.40860051e-01  6.37988448e-01
 -5.30418992e-01  1.86866343e-01 -1.20204642e-01 -4.11263764e-01
  2.44287238e-01 -3.00013542e-01 -6.34748220e-01  7.67916441e-02
 -5.25389146e-03 -5.00541568e-01  9.10909593e-01 -7.81153853e-04
  5.73917747e-01 -3.62056822e-01 -6.39089048e-01  5.51906526e-01
 -2.96102375e-01  4.11931053e-03 -1.62997516e-03  1.26707420e-01
 -2.28781044e-01 -2.66635448e-01 -1.43769935e-01  7.04218075e-02
 -1.01175630e+00  5.35757422e-01 -4.32021618e-01  6.75554797e-02
 -8.48605037e-02 -2.45917618e-01 -7.83925593e-01 -2.14090332e-01
  6.49926662e-02 -1.52617112e-01  1.47238150e-01  3.65546376e-01
  1.92785159e-01 -4.59866107e-01  4.44740862e-01  5.81870079e-01
  7.73893416e-01 -2.91641772e-01  6.76422954e-01 -2.63343096e-01
  1.17030136e-01  3.80716622e-01 -6.36992872e-01 -5.00421047e-01
  4.08815056e-01  2.97089845e-01 -4.51088995e-01 -2.04766601e-01
 -3.11228544e-01  1.16950512e+00 -2.77644664e-01 -4.54189658e-01
  9.02678370e-01 -3.50255519e-01  3.74343127e-01  1.03486288e+00
  7.54888535e-01 -3.30618560e-01  8.13705385e-01  2.18930379e-01
  4.16463256e-01  4.81533222e-02 -4.06268418e-01 -2.30281323e-01
  8.68297458e-01 -6.90934286e-02  6.66430816e-02  7.24653006e-01
  2.38760859e-01  2.06386119e-01  3.04114431e-01 -5.26445173e-02
  9.19842198e-02  3.20594013e-01 -1.03994980e-01 -3.44978005e-01
 -9.09045413e-02 -1.85921431e-01 -3.08676630e-01 -1.10416561e-01
 -4.00955886e-01  3.75517428e-01  1.05863655e+00 -6.94070578e-01
  3.78207475e-01 -9.08133805e-01 -5.52755296e-01 -1.38808548e-01
 -1.92001596e-01  8.75670761e-02 -8.22129548e-01 -3.54723066e-01
  4.55889665e-02  1.00279652e-01 -4.14493322e-01  1.08850069e-01
  3.55072469e-01 -2.15982288e-01 -3.15951049e-01 -8.13616157e-01
  1.16831638e-01  7.96491444e-01 -5.83824217e-01 -3.93423349e-01
  6.02574646e-02  1.43868119e-01  7.51962185e-01 -8.37876320e-01
 -4.99396086e-01 -3.88970673e-01 -1.63934782e-01 -7.29858518e-01
 -7.74035156e-02  1.87464610e-01 -6.80498838e-01  2.74432480e-01
  2.74815336e-02 -2.77334094e-01 -6.96903944e-01 -2.62158155e-01
 -1.01872317e-01 -5.72798729e-01  2.52303690e-01  1.73197880e-01
 -2.32819691e-01  1.08727254e-01 -1.14598490e-01  3.01972538e-01
  7.32996821e-01 -3.82890403e-01  8.87310505e-01  1.18421558e-02
  3.52819413e-01 -8.10456395e-01  5.46011448e-01 -7.75444210e-01
  2.38731921e-01 -7.29404271e-01 -6.84348583e-01 -7.15870261e-01
 -5.92095733e-01 -4.44831431e-01  6.94105983e-01  1.41565049e+00
  5.82514405e-01 -6.70187950e-01  2.14604646e-01 -1.19992949e-01
 -4.59861130e-01 -5.14126062e-01  7.87957609e-02  2.87131276e-02
 -1.56250954e+00 -1.51050702e-01  1.10962011e-01 -5.99425375e-01
  1.38390613e+00 -1.81464463e-01 -5.51844716e-01 -2.03921989e-01
  4.20286179e-01  3.99480015e-01 -4.89688039e-01  5.79875633e-02
  6.39865458e-01  2.55382061e-01  8.10141325e-01 -2.74228573e-01
  9.06463787e-02  1.43677816e-01  1.23314664e-01  9.46904346e-02
  4.15143430e-01  4.98303205e-01  8.01388994e-02  8.77618074e-01
 -6.99887455e-01 -6.97887897e-01 -6.23159766e-01  3.57088059e-01
  1.52939767e-01  6.89155638e-01  2.19663188e-01  7.95781195e-01
  6.50093913e-01 -1.51333585e-01  5.73428571e-02  8.89968514e-01
 -5.97225539e-02  1.22493303e+00 -5.51827133e-01  1.37401536e-01
 -7.72205174e-01 -2.06141174e-02  9.32204127e-01  7.35337436e-01
 -8.95386338e-02 -1.53636605e-01 -3.05787884e-02 -5.36286592e-01
  6.01685405e-01  3.55800867e-01 -1.03232712e-01  3.82544249e-01
  2.98963398e-01 -4.40684706e-01  1.03710151e+00 -3.41293402e-02
  2.65880525e-01 -6.53926969e-01 -6.79441914e-02  7.28975594e-01
  4.15084481e-01  9.39821303e-02  7.79341817e-01 -2.90805787e-01
 -6.84835374e-01 -1.62706956e-01  4.63800877e-01 -5.89522481e-01
  6.39394343e-01 -2.95108021e-03 -5.35931289e-01  7.10071802e-01
  6.55490518e-01  3.54701787e-01  3.58774036e-01 -5.89766741e-01
  1.17845006e-01 -1.08676121e-01 -1.62910074e-01  3.95880550e-01
  2.95421898e-01  4.05331105e-01  4.14086431e-02 -8.01070631e-01
  4.48301136e-01  1.35899627e+00 -5.21174166e-03 -9.20743793e-02
  3.09572011e-01  4.76359650e-02 -3.68001699e-01  1.13999829e-01
  3.10434073e-01 -2.43526921e-01  2.28980020e-01 -2.65523016e-01
 -3.08441073e-01 -1.91721022e-01 -1.11167714e-01  8.36298406e-01
  1.01698734e-01 -1.07925378e-01 -1.25733867e-01 -4.97482158e-02
 -7.83489943e-01 -9.43723172e-02 -1.25350189e+00 -8.20444703e-01
 -2.28514839e-02  7.94210806e-02  1.26814499e-01 -8.76045674e-02
 -1.05067170e+00 -3.63582850e-01 -3.43650937e-01 -7.80060351e-01
 -2.88844973e-01  2.45602176e-01  4.45047945e-01 -2.33513191e-02
 -6.45122170e-01 -3.19861680e-01  4.66754586e-01  4.40857112e-01
  2.82281876e-01  2.90625960e-01 -4.73927796e-01 -2.05121815e-01
 -6.80044219e-02  5.64762473e-01 -6.96877837e-02 -4.17860806e-01
 -9.23985100e+00  4.85890538e-01 -6.96021855e-01 -3.61793712e-02
 -2.90854603e-01  1.09774433e-01  7.45853484e-01  9.02153552e-01
 -8.39797497e-01  8.33707035e-01 -4.17751402e-01  3.90330076e-01
  6.95094764e-01  6.22927845e-01 -6.64734542e-01  4.40518484e-02
  3.32636237e-01 -1.16694659e-01  6.17951155e-01 -1.33797184e-01
 -4.72347558e-01 -8.30896676e-01  3.33613247e-01 -3.58044833e-01
 -5.38796723e-01  3.51196766e-01  7.18298554e-01  2.11320475e-01
 -3.41110140e-01  7.43181169e-01 -7.08786130e-01  2.28396952e-01
 -4.62522358e-02 -4.46464896e-01 -3.44868720e-01  6.35457754e-01
  4.75096405e-01  5.00575125e-01 -6.28811955e-01 -9.84638035e-02
 -2.70890117e-01  7.00600922e-01  8.04221705e-02  8.24451894e-02
 -1.22166611e-01 -9.91153196e-02 -1.91530034e-01 -4.20115441e-02
  9.88452911e-01 -2.90996104e-01 -7.04822019e-02 -7.77584851e-01
  4.59912896e-01 -9.61031556e-01 -3.41256499e-01  5.53800277e-02
 -5.96617341e-01 -8.16795051e-01 -3.44860584e-01  1.78946048e-01
  4.90690202e-01  3.57918739e-01  6.26448035e-01  1.93165451e-01
  1.91162061e-02  1.54929057e-01  4.83032584e-01  4.93613690e-01
 -3.64377618e-01 -4.92198080e-01 -7.11397529e-02  2.91632563e-02
 -4.73363608e-01 -1.61238447e-01 -1.43021703e-01  1.17001042e-03
 -6.81431472e-01 -2.01734558e-01  7.15143025e-01 -2.83666495e-02
  1.09446359e+00 -1.71665415e-01  2.87442692e-02 -3.10643524e-01
  1.18271388e-01  3.75444852e-02  8.50067377e-01  6.01617038e-01
 -7.22594792e-03 -7.78655231e-01  4.37221348e-01  5.96830487e-01
  6.06789231e-01  6.27070546e-01  1.22048862e-01  3.47596146e-02
  8.28653276e-01 -1.22065932e-01  8.15058947e-01  1.96478128e-01]"
ボ,"[ 1.43968731e-01  1.29296109e-01  3.83807093e-01 -2.48517498e-01
  4.04743433e-01  1.59658611e-01  1.03534706e-01  1.05028719e-01
  1.95356663e-02 -4.98433644e-03  5.88259399e-01 -3.89284074e-01
 -1.17709041e-01 -5.01268983e-01  4.40715998e-01 -6.02904975e-01
  1.05689585e-01  3.61643493e-01 -3.75603251e-02 -2.58612692e-01
 -9.55813825e-01  9.45159495e-02  2.17605993e-01  2.69649029e-01
 -6.26011342e-02 -1.87173471e-01 -6.93016708e-01  6.46919608e-01
 -5.88734522e-02  5.97820729e-02 -3.44706774e-01 -3.44874382e-01
 -2.37182230e-01 -1.39790446e-01 -4.16167825e-01  1.47244141e-01
  3.59527022e-01  2.85040528e-01 -9.45339054e-02 -2.02971503e-01
 -1.26171276e-01 -1.82042606e-02 -2.01743171e-01 -4.69379634e-01
 -2.42455587e-01  9.07969236e-01  9.59874466e-02  4.43850070e-01
  4.28595990e-01  4.24717337e-01 -1.30976081e-01  4.40100878e-01
  4.16720808e-01  1.05127126e-01  4.88355577e-01 -3.31154227e-01
  4.60438699e-01 -2.40558594e-01  5.89196272e-02  1.64192587e-01
 -3.55100393e-01 -3.97407234e-01  7.91350752e-02 -1.52481273e-01
 -5.57665341e-02  2.39126816e-01 -3.14146191e-01 -1.72656462e-01
  1.71625525e-01 -3.29569250e-01 -1.90620899e-01 -1.79222986e-01
  1.45638242e-01 -1.73210487e-01  9.25609469e-01 -2.29573682e-01
  1.08233690e-01  6.01663738e-02  3.28603178e-01 -1.90073445e-01
 -8.93552750e-02  3.84091586e-01 -9.93738919e-02 -1.06370616e+00
 -8.38044845e-03  5.68892360e-01 -5.80907822e-01 -9.35966551e-01
  3.91823739e-01 -1.57365203e-01 -3.33951175e-01  3.08501452e-01
  5.54661155e-01  2.62828946e-01  2.95419604e-01  3.56742233e-01
  3.48510742e-02 -2.56597906e-01 -3.26043189e-01  2.27274350e-03
 -1.49647564e-01  2.27325007e-01  3.86915714e-01  1.52269214e-01
 -2.15114653e-03 -1.08639099e-01 -1.52617455e-01 -1.25594378e-01
 -1.00315414e-01  2.13729709e-01 -1.36486724e-01 -5.76606631e-01
 -5.92686176e-01  1.02962069e-02  5.54624975e-01 -1.80841342e-01
  3.98560576e-02  4.76718307e-01 -2.71874487e-01  3.49195629e-01
 -5.67234270e-02  4.40398067e-01 -3.76671642e-01  1.29137635e-01
 -9.57377627e-02  1.64836153e-01 -2.40847975e-01 -3.38414907e-02
 -2.02164296e-02 -8.69689658e-02 -2.04969585e-01  2.38196120e-01
 -2.24671438e-01 -1.83164552e-01 -2.01448828e-01  9.04832363e-01
  1.44831553e-01 -4.71555069e-02 -7.24714249e-02 -5.77205181e-01
 -2.87155986e-01 -1.12019300e-01  2.15837821e-01 -4.02212858e-01
 -2.51988024e-01  3.48667167e-02 -5.15854768e-02 -5.73321104e-01
  3.48176032e-01  1.12722114e-01 -3.26426804e-01  2.77615726e-01
 -3.97735387e-01  1.21880829e-01 -1.59756869e-01  1.91009730e-01
 -7.02085018e-01  2.47413427e-01  2.63892531e-01  7.45887399e-01
  3.00804526e-01 -4.68610644e-01 -2.25501098e-02  5.86979866e-01
  1.59224302e-01  2.44298697e-01  4.02363449e-01  1.70169502e-01
  1.25885993e-01  7.71435738e-01 -3.44693251e-02  2.84981877e-01
  2.73808867e-01 -3.49588022e-02  5.59471488e-01  2.32134163e-01
  6.51844382e-01  2.59766787e-01 -2.97566950e-01 -3.07725877e-01
  2.45918855e-01 -2.26356789e-01 -9.75445807e-02 -3.52193892e-01
  5.10008335e-01 -3.56446713e-01  3.34554762e-01  1.52297109e-01
  1.00707032e-01 -1.20548345e-01 -5.84773645e-02 -6.27534091e-01
  1.80691406e-01 -6.54273808e-01  2.49709263e-01 -1.91589355e-01
 -9.81824845e-02  1.96141988e-01 -5.27110994e-01  6.20782077e-01
  2.24386260e-01 -1.41512141e-01 -3.69813472e-01 -7.56898046e-01
 -9.86607552e-01 -1.51645631e-01 -3.01198453e-01  3.67146075e-01
  3.05037111e-01  2.00678155e-01 -4.37754154e-01  3.09028894e-01
  1.46358505e-01 -3.51324305e-02  2.61199623e-01  3.86659987e-02
 -6.10110462e-01 -3.64696294e-01  1.86579376e-01 -4.51552391e-01
  2.88414121e-01 -2.41618767e-01  6.05074428e-02  3.69180232e-01
  4.87188660e-02  5.72254844e-02  7.13848174e-02 -2.15361133e-01
 -5.35080768e-02  4.89023328e-01 -1.31515190e-01 -5.51032007e-01
 -8.10324311e-01  3.07085097e-01 -6.42951310e-01  3.63495797e-02
 -4.07978892e-01  3.78850251e-01 -4.16245699e-01  5.19816101e-01
  3.32102150e-01 -8.88243988e-02  1.13072872e-01 -5.83134294e-01
 -6.64528608e-02  4.17150468e-01 -6.65173456e-02 -2.48573482e-01
 -3.77749354e-01  2.17215687e-01 -4.65434760e-01 -3.65521014e-01
  1.98468998e-01 -5.64187467e-01  6.59870386e-01  2.80107737e-01
  5.81371427e-01  1.03284776e-01  3.61150891e-01 -5.73504090e-01
  7.12853484e-03 -8.07754040e-01  2.76524085e-03 -1.66689053e-01
 -4.23618495e-01  1.97664509e-03 -1.30084530e-01 -3.16168159e-01
 -3.81092012e-01 -3.85811448e-01 -1.11713961e-01 -2.08397403e-01
 -2.27290928e-01 -2.15817615e-01 -4.90738973e-02 -1.59610137e-01
 -2.62562960e-01  5.40569305e-01 -4.96632606e-01  1.30690038e-01
 -7.51809657e-01  5.05266786e-01 -4.48404312e-01 -1.33148327e-01
 -1.08845294e-01 -2.53874570e-01 -5.67028522e-01 -2.94266403e-01
  1.43343568e-01  5.25280416e-01  4.04527813e-01 -6.62962258e-01
 -4.12294328e-01  5.86231411e-01 -3.17175925e-01  6.46582320e-02
  2.07859367e-01  4.32496011e-01  2.83643603e-01 -1.73649684e-01
  4.33606654e-01  2.03151703e-01  3.40958506e-01  1.42498598e-01
  3.79189774e-02 -4.28617060e-01 -3.88892531e-01  1.24942854e-01
  4.26385731e-01  4.17636416e-04  1.40882760e-01  8.76760423e-01
 -1.79667413e-01  1.35288119e-01  3.92127901e-01 -1.13506190e-01
 -1.67567265e+00  3.97902757e-01  1.63756698e-01 -4.28438075e-02
 -1.15927026e-01  3.69629562e-01  1.15145020e-01 -6.85918629e-02
 -4.26933378e-01 -7.33786345e-01  9.46309805e-01  3.64008516e-01
 -3.91431987e-01 -2.99268931e-01  5.13334572e-01  1.33237258e-01
  9.13364738e-02 -5.81742525e-01  6.58871606e-02  3.41152161e-01
 -2.24677077e-03 -3.56842339e-01 -2.17529774e-01 -4.94102895e-01
 -5.07653475e-01  6.01671338e-01 -8.87849927e-03  6.56251252e-01
 -3.41563016e-01 -3.46596509e-01  4.16920662e-01  1.12813389e+00
  9.71953213e-01  6.54368103e-01 -1.72595486e-01 -6.25874177e-02
  2.53858238e-01  5.50587952e-01  8.13980877e-01  9.36224982e-02
 -8.18842798e-02 -1.32260144e-01  2.60642588e-01  2.96149701e-02
 -2.25849047e-01  2.62670398e-01  2.87731856e-01  5.28828502e-02
  2.29647979e-02  3.78388405e-01  4.24943745e-01 -1.13225803e-02
  2.37152457e-01  6.50040269e-01  1.85532317e-01  8.01329091e-02
 -2.74933595e-02 -1.89585939e-01  2.17246741e-01 -6.03768468e-01
 -3.51489820e-02  5.60030229e-02 -3.90024448e-04  3.18029039e-02
 -5.43986976e-01 -1.49135277e-01  7.14677796e-02 -1.50824532e-01
 -1.30583793e-01 -5.83103001e-01 -6.24916375e-01  3.61661129e-02
 -8.96803848e-03 -8.39713454e-01  6.49816155e-01  8.58744919e-01
  4.41373199e-01 -5.70862234e-01 -6.95268333e-01  2.90176719e-01
 -7.59563386e-01 -1.62751168e-01 -1.04371250e-01  4.36204731e-01
 -4.93537217e-01  2.09354311e-01  1.70867206e-05 -5.58606029e-01
 -5.07734835e-01  6.35871440e-02 -5.59253991e-01  5.66951782e-02
 -3.54695797e-01  4.35295075e-01  2.13019565e-01  2.20399559e-01
  2.63864011e-01  2.90987432e-01 -6.75917745e-01 -2.00158209e-01
 -2.65155286e-01  6.13727212e-01  9.78870988e-01  1.23371564e-01
  2.64536887e-01  4.55512971e-01  2.78911054e-01  1.95406973e-01
 -2.24995315e-01  8.12973529e-02 -4.68858123e-01 -3.99340689e-01
  9.13773179e-01 -1.05692297e-01  9.60718170e-02  2.79600292e-01
  2.21967474e-01  6.82747722e-01  4.76958826e-02 -6.33459449e-01
 -1.42611250e-01 -3.51344654e-03 -8.45188182e-03  6.64594471e-01
  2.51996458e-01  1.02293801e+00 -3.50059986e-01 -6.02922626e-02
  2.70557046e-01 -4.66861725e-02  6.03840053e-01 -5.76559722e-01
 -2.29098275e-01 -1.64570045e-02  2.16661856e-01  7.84393072e-01
  2.56222755e-01  3.65711838e-01  3.37096572e-01  1.24943413e-01
  9.59089771e-02  3.02809477e-01  4.31051135e-01 -4.23594266e-02
 -9.09996182e-02 -4.44920361e-01 -3.66884500e-01 -3.61607581e-01
 -5.47330976e-01  2.37949230e-02 -1.08498327e-01 -2.24499851e-01
 -7.45213553e-02 -5.29477954e-01 -8.34871709e-01 -7.27315605e-01
 -7.99622357e-01  1.28270924e-01 -3.52051437e-01  3.94260228e-01
  2.30438814e-01  3.43690723e-01 -4.13268805e-01  4.70652938e-01
  4.56493974e-01  5.32299459e-01  3.54392052e-01 -4.25750583e-01
 -6.05270267e-01  1.86201006e-01 -2.98822939e-01  2.00989872e-01
 -3.25496262e-03  1.48290424e-02 -5.61886191e-01 -6.14756644e-01
 -2.91400589e-02  9.93388938e-04 -5.79189211e-02  2.18134612e-01
  3.02555948e-01  2.74385452e-01 -5.04652381e-01 -5.20418823e-01
 -2.92053998e-01 -2.65693694e-01  2.96653122e-01 -6.17980480e-01
 -1.03547387e-02 -6.73439428e-02 -1.63986877e-01  5.98007500e-01
  6.89637184e-01 -6.08840108e-01 -2.69214939e-02  6.09881401e-01
  3.65410023e-03 -2.68336356e-01  1.67864058e-02  5.90142719e-02
 -1.35880396e-01  1.42305285e-01  5.00531137e-01 -8.00979584e-02
 -8.72372761e-02  2.58927001e-03 -5.95014393e-01 -8.24574530e-01
 -8.35050419e-02 -8.27136874e-01  6.48925722e-01  4.91965888e-03
  3.33304882e-01 -4.42167848e-01 -1.22152992e-01 -7.53346756e-02
  1.91547662e-01 -3.22714895e-01  1.77833557e-01 -8.10354725e-02
 -4.90823269e-01  2.98531979e-01 -1.92046970e-01 -8.20323110e-01
  5.07908821e-01  3.68899375e-01 -6.62523866e-01 -2.70157278e-01
  2.75581837e-01 -1.37583151e-01 -7.00301111e-01 -1.51200652e-01
  1.86482575e-02 -8.33663270e-02  3.06888461e-01  1.65405065e-01
  4.65642631e-01  1.54219121e-01 -1.94929242e-01  3.06398273e-01
  4.62561995e-01  5.44993639e-01  3.78071487e-01  2.54871458e-01
 -3.71269703e-01  3.31986278e-01 -2.43299589e-01  3.17264318e-01
  1.97958216e-01  4.46793944e-01 -2.05315948e-01  9.14394557e-01
  4.32882249e-01 -4.99682605e-01  1.97797582e-01  8.52308571e-01
  6.47882998e-01  4.38651979e-01 -2.75765896e-01  8.63866135e-02
 -1.15543020e+00  3.81804466e-01  2.80959845e-01  6.05168045e-02
 -1.79027736e-01 -4.35319453e-01 -4.08413440e-01 -3.83105218e-01
 -1.73397154e-01  3.23708862e-01  7.08637685e-02  3.89953077e-01
  4.09640014e-01  6.74070464e-03  5.39636493e-01  3.39369662e-02
 -1.13060623e-01 -2.76275009e-01 -1.32615417e-01  2.48775303e-01
  5.50809085e-01 -2.67985910e-01  4.58055615e-01 -4.24144417e-01
 -6.62923515e-01 -1.43915936e-01  2.06032768e-01  5.56595474e-02
  5.94799340e-01 -5.30410826e-01 -2.17080638e-01  4.17262018e-01
  5.57757378e-01 -1.15144238e-01 -1.29942745e-01 -5.40679574e-01
  1.67102143e-01 -2.94811815e-01 -5.25668740e-01  3.47147405e-01
  6.79101869e-02  5.53250909e-01 -4.62654948e-01  6.28871173e-02
  3.34887207e-01  6.73877954e-01 -8.25635195e-02 -1.91852927e-01
 -1.48287535e-01  3.01577374e-02 -4.18716818e-01  2.47582138e-01
  2.78064132e-01 -3.19064021e-01 -2.16690958e-01  2.31520176e-01
 -4.85456795e-01  1.58054098e-01 -1.88160494e-01  7.77434260e-02
  1.02165416e-01  1.03373332e-02  1.41051829e-01 -4.78675365e-01
  1.85169592e-01 -2.08932664e-02 -7.30433464e-01 -5.10022938e-02
 -1.26221597e-01  1.98098212e-01  7.49369338e-02 -7.29110241e-02
 -1.07560647e+00 -3.04985851e-01  1.19471774e-02  4.38590497e-01
 -6.67031229e-01 -7.70086169e-01  2.69297600e-01  1.41462848e-01
 -4.55404222e-02 -9.18663740e-01  5.09503223e-02  2.76019070e-02
  5.82564592e-01  1.45897672e-01  1.57146379e-02 -3.67520243e-01
  2.21337855e-01  3.63566160e-01 -5.28674603e-01  1.75517485e-01
 -1.02476654e+01 -3.79638970e-01 -4.63618815e-01 -3.95832002e-01
 -8.87795836e-02  7.40054846e-02  8.44785094e-01  1.07111804e-01
 -2.75887072e-01  3.10805603e-03 -1.09200925e-01  3.16082507e-01
  4.08179104e-01  4.16896313e-01 -5.42520821e-01  3.53235081e-02
 -4.19245332e-01 -3.25092226e-01 -3.22941579e-02  1.31314367e-01
 -2.18308270e-01 -9.57723409e-02  8.17523420e-01  1.77278236e-01
  1.41073361e-01 -5.30275524e-01  1.06968723e-01 -8.31779987e-02
 -2.52349883e-01  2.61349350e-01 -8.08145165e-01  6.52001739e-01
  8.00354555e-02  1.48960173e-01 -1.37319401e-01  3.27122569e-01
 -2.55815357e-01  3.00974548e-01 -5.97417772e-01  5.15671313e-01
  4.25869346e-01  1.83970466e-01  3.51981580e-01  1.20952405e-01
  3.91370207e-01  1.72822420e-02  1.74159110e-01  1.29832581e-01
  2.00363040e-01 -3.68525609e-02  2.87089311e-03 -2.21639574e-01
 -4.48448695e-02 -3.57883334e-01  2.40963653e-01  6.86307251e-02
  6.16600752e-01 -1.06831574e+00 -4.24465030e-01  1.64621890e-01
  4.18363959e-01  1.78700596e-01  9.25536096e-01  4.38363582e-01
  6.14050448e-01  4.28173095e-01  6.09515190e-01  1.79588616e-01
 -8.61002862e-01 -2.40949169e-01  1.78070605e-01  4.28637147e-01
  2.13268891e-01 -8.40645283e-02  3.98240924e-01  4.95660394e-01
 -1.38293311e-01 -9.57192183e-02  2.83478945e-01  6.96157217e-02
  4.47724760e-01 -1.53639317e-01  1.94915891e-01  2.34778404e-01
 -1.11337793e+00  1.79901391e-01 -4.56451982e-01 -1.24303684e-01
  3.47999841e-01 -7.53541708e-01  7.68418133e-01  1.50885254e-01
 -3.25734526e-01  4.64918435e-01  8.71630162e-02 -5.28093539e-02
  3.47592272e-02  7.96337903e-01  4.29879278e-01  1.64336234e-01]"
オ,"[ 5.29659688e-01  2.13090628e-01  4.55938280e-01 -3.78823578e-01
  9.63736400e-02  2.29296863e-01  2.38674492e-01  2.54841328e-01
 -7.63473809e-02 -5.99594891e-01  3.98756087e-01 -4.26396728e-01
  4.47566777e-01 -2.47670770e-01  6.96951926e-01 -6.56861961e-02
  7.09809884e-02 -1.64454520e-01 -1.08748702e-02 -3.70274395e-01
 -7.57648110e-01 -4.13432628e-01  3.18069786e-01  3.61408234e-01
  5.38302250e-02 -3.14446181e-01  2.48361547e-02  2.23327637e-01
 -1.62991717e-01  6.53100684e-02 -1.63625494e-01 -3.66718590e-01
 -2.87500978e-01 -1.43985704e-01 -1.41204700e-01  7.16443360e-01
  4.47980128e-02 -3.34321529e-01 -4.82722819e-02 -4.44858879e-01
  2.02450410e-01 -3.92537266e-02 -7.78143555e-02 -4.90674525e-01
 -4.24458086e-01  3.56974810e-01  1.42114460e-01  4.50804353e-01
  3.91071677e-01  6.58024773e-02 -2.39533976e-01  3.98799419e-01
  2.06403464e-01  3.77097838e-02  5.50478280e-01 -1.33396879e-01
  3.77492875e-01 -5.41711688e-01 -7.68055692e-02  2.61351973e-01
 -3.71713042e-01 -2.48553813e-01  5.21899402e-01 -1.36066273e-01
  8.11342075e-02  2.62257587e-02 -2.15081081e-01 -1.48256406e-01
  4.50063795e-02 -7.74799466e-01 -2.17825398e-01  2.92504013e-01
  3.74759495e-01 -3.83584619e-01  6.91850007e-01 -3.06555510e-01
  2.23782212e-01  1.15314923e-01  2.37160161e-01 -2.25102723e-01
 -3.46247643e-01  2.76684880e-01  2.55294591e-01 -7.24557042e-01
  2.26185378e-02  4.93616015e-02 -4.94028270e-01 -9.88056362e-01
  4.52703059e-01 -3.51128668e-01 -2.28992887e-02  7.41178766e-02
  2.15323508e-01  2.37703428e-01  6.52189553e-02  1.71886206e-01
  1.26418486e-01 -2.44162172e-01 -2.34624997e-01  2.50547945e-01
  8.68691355e-02  4.09331530e-01  3.27502042e-01 -1.70980483e-01
 -2.63423085e-01  7.60699585e-02 -1.54891476e-01  2.17485011e-01
  2.51036793e-01  8.09057802e-02 -3.74579966e-01 -2.97812015e-01
 -4.65494871e-01  2.72554666e-01 -2.09189262e-02  1.43589988e-01
 -1.98187307e-01  3.38896513e-01 -4.34930116e-01  6.07869983e-01
 -2.53846645e-01  7.91590750e-01 -3.56875882e-02  3.04778337e-01
  2.15029195e-01  5.05295575e-01  1.75789315e-02 -2.72460543e-02
 -1.28480300e-01 -2.57205337e-01  3.57783772e-02 -5.79200909e-02
 -6.81407750e-01  9.21545029e-02 -2.53729820e-01  9.22534049e-01
 -1.14336526e-02 -4.79016826e-02 -1.36097178e-01 -4.66877937e-01
 -1.52467445e-01 -1.32425740e-01  2.75294513e-01 -4.04690713e-01
 -1.19702034e-01  1.62625894e-01 -2.09465668e-01 -4.74402338e-01
  4.88818675e-01  3.42639595e-01 -3.91703337e-01  8.26958001e-01
 -7.30417073e-01  5.75210862e-02 -2.62061339e-02  3.64656836e-01
 -7.47365952e-01  1.51088730e-01  4.98598143e-02  5.59486687e-01
  9.29848328e-02 -4.33689654e-01  1.99748993e-01  3.20905179e-01
  1.02211989e-01  4.26367015e-01  4.94799048e-01  2.34954759e-01
  1.95354655e-01  4.70945448e-01  5.61673045e-02  4.96297121e-01
  4.58567068e-02 -2.13768110e-01  4.98518795e-01  2.91810691e-01
  1.29393652e-01  2.64626890e-01  6.80747330e-02 -5.47927022e-01
 -3.65224034e-02 -1.63021132e-01 -1.03595313e-02 -1.49563789e-01
  4.60751444e-01 -1.61316916e-01 -5.02539128e-02  1.14508383e-01
 -2.07946435e-01  1.70403823e-01  3.67571041e-02 -2.62583464e-01
  3.75305802e-01 -6.91209018e-01  9.99286249e-02 -3.19407612e-01
 -3.27440232e-01 -3.80385637e-01 -3.02856833e-01  3.92470658e-01
  6.25739247e-02 -2.27741338e-02 -1.50439635e-01 -1.84177473e-01
 -8.77260089e-01 -3.44324052e-01  7.29026124e-02  6.55198872e-01
  3.60122412e-01  2.26610646e-01  7.18065351e-02  2.47886717e-01
  4.67506111e-01  7.48334527e-02  1.43081367e-01 -1.94220652e-03
 -2.31676742e-01 -1.86713114e-01  1.26302436e-01 -1.21085666e-01
  4.20135766e-01 -9.82303694e-02  3.48750234e-01 -5.42345010e-02
 -4.06590849e-01  2.43656427e-01  8.67293999e-02 -3.94006163e-01
  5.03381453e-02  7.26811528e-01 -2.60775447e-01 -6.34871423e-01
 -4.98527706e-01 -9.47990268e-02 -6.50830209e-01  6.62958398e-02
 -2.68383652e-01  2.85508454e-01 -3.49700004e-01  1.12674169e-01
 -1.74492911e-01 -4.75419343e-01 -1.81578606e-01 -2.11868286e-01
  3.28344889e-02  1.42950699e-01 -2.28110589e-02 -1.91820711e-01
 -5.15208364e-01 -3.52586992e-02 -3.48714292e-01 -4.78997946e-01
 -3.10264714e-03 -5.51242530e-01  4.46956694e-01  2.26768479e-01
  5.19576371e-01 -4.01957147e-02  2.23008469e-01 -2.11780015e-02
 -6.47084936e-02 -8.50242257e-01 -1.22388318e-01 -8.21013227e-02
 -5.00536263e-01 -2.89797261e-02  1.61732789e-02 -4.62967247e-01
 -3.05137724e-01 -4.27984715e-01 -5.37696257e-02 -4.27530885e-01
 -4.58555937e-01  5.07671535e-02 -6.09349832e-02  1.21000551e-01
 -1.44150585e-01  4.98395979e-01 -4.44367468e-01  1.57625675e-01
 -6.23378396e-01  1.97799042e-01 -6.93991065e-01 -2.58265138e-01
  1.02615738e-02 -2.50993371e-01 -3.85790080e-01  1.67727783e-01
 -4.67547983e-01  3.76975834e-01  3.34049433e-01  5.89170568e-02
 -4.29504603e-01 -2.34155897e-02 -3.79841536e-01  1.28155112e-01
  2.17148751e-01  7.27256596e-01  2.17628777e-01 -6.18875958e-02
  1.72691017e-01  4.01492089e-01  1.91140860e-01  1.47364363e-01
 -1.01788752e-01 -2.96952933e-01  8.40102732e-02  5.50181009e-02
  6.37321651e-01  1.06117532e-01 -1.75985415e-02  1.04611826e+00
 -3.49941045e-01  2.47092575e-01  4.92686391e-01  2.86440611e-01
 -1.74274695e+00  1.24134626e-02 -1.29007444e-01  4.75340001e-02
 -2.40004599e-01  2.80745119e-01 -3.55460658e-03  1.37170598e-01
 -4.59278792e-01 -5.40335178e-01  9.03911769e-01  2.87854135e-01
 -9.33829881e-03 -5.12270808e-01  3.49341303e-01 -2.35028371e-01
  2.98427008e-02 -4.78011936e-01  2.12677538e-01  4.78230417e-01
 -4.10766840e-01  5.39882034e-02 -1.65991887e-01 -5.37499726e-01
 -8.39669257e-02  1.67763039e-01  1.61569253e-01  2.47225672e-01
 -5.30215204e-01  1.38052374e-01  3.13878089e-01  4.00859684e-01
  7.85849571e-01  3.03985566e-01 -6.16408102e-02  5.77767044e-02
  4.45068717e-01  1.35041907e-01  4.25412297e-01 -2.85625219e-01
  1.75831676e-01 -4.75820117e-02  8.53437722e-01  1.25897396e-02
  9.11166295e-02 -1.54978712e-03  1.21304177e-01  2.29567096e-01
 -8.19531530e-02  3.54898632e-01  1.46432102e-01  4.78751250e-02
  1.90706670e-01  5.32224238e-01  5.80730975e-01  1.44955635e-01
 -2.83899516e-01 -3.66182566e-01  3.64569165e-02 -3.21286529e-01
 -6.24405146e-01 -3.38620603e-01 -3.43862951e-01 -1.22221127e-01
 -4.49567646e-01  2.92913973e-01 -2.96255443e-02 -5.18385053e-01
  5.49229495e-02 -3.55665028e-01 -4.25226897e-01  3.32149923e-01
 -5.32559305e-02 -7.33311176e-01  5.86143553e-01  2.21728235e-01
  2.88144261e-01 -5.33857048e-01 -6.53079987e-01 -4.23921756e-02
 -2.73390263e-01 -3.03942800e-01  1.67657301e-01 -3.30829591e-01
 -5.40301539e-02  3.47336739e-01 -7.84889758e-02 -9.32381302e-02
 -3.43779474e-01 -2.95097053e-01 -7.08986878e-01  1.88760504e-01
 -5.04166633e-02  3.23213547e-01  2.19684243e-02  2.22186521e-01
  2.20306531e-01  4.48722839e-02 -2.71185935e-01  8.39256197e-02
 -3.24997872e-01  5.80433309e-01  3.90726745e-01  1.66425571e-01
  5.81920862e-01  4.44246560e-01  2.81132221e-01  5.24589181e-01
  2.02089325e-02  1.34099787e-02 -6.10522449e-01 -3.01175117e-01
  7.10016072e-01 -3.79120931e-02  2.43217826e-01 -1.07879639e-01
 -1.81926806e-02  6.09081030e-01 -3.24829035e-02 -5.74191928e-01
  5.14266547e-04  7.38754347e-02 -1.84155032e-01  2.62513518e-01
  6.57590330e-01  8.22842896e-01 -2.32491437e-02  2.09028870e-02
 -1.40678659e-01 -1.87530726e-01  3.15161854e-01 -1.30644426e-01
 -1.17975011e-01 -2.94526875e-01  9.54099279e-03  2.99439758e-01
  6.59657598e-01  2.00672433e-01  6.23160660e-01  3.09473157e-01
 -3.43716770e-01  2.67425120e-01  4.35273141e-01  4.79529262e-01
 -2.94526517e-01 -2.89981574e-01 -3.53981167e-01  2.58303136e-02
 -3.89669329e-01 -6.62572011e-02  6.73135698e-01 -1.59499541e-01
  1.76897496e-01  7.67650688e-03 -6.11082435e-01 -6.22050464e-01
 -3.78277510e-01  1.60815239e-01 -9.92601439e-02  1.43383160e-01
  2.02571973e-01 -1.35760903e-02 -4.93025184e-01  1.85777426e-01
  5.61464727e-02  2.98899978e-01  5.03491282e-01 -1.53601959e-01
 -9.01676565e-02  3.59078869e-03  3.82498726e-02  6.76893964e-02
 -1.81071088e-01  4.58883010e-02 -2.62824357e-01 -4.94412094e-01
  1.62131209e-02  1.84012845e-01  2.54214287e-01 -1.46533042e-01
  6.53414965e-01  1.32467419e-01 -5.13203919e-01 -5.65060019e-01
 -2.37240583e-01 -2.22166181e-01 -4.52727154e-02 -4.98032242e-01
 -9.01912376e-02  4.43757847e-02  3.66764814e-01  8.76772404e-02
  2.80246258e-01 -3.57614696e-01  7.92291760e-02  2.38751560e-01
  6.34034872e-01 -1.30070135e-01  2.30014458e-01 -1.98584244e-01
  2.17490532e-02  8.81654993e-02  7.55990595e-02  5.94925098e-02
 -1.43209085e-01 -5.36220908e-01 -6.97850943e-01 -3.78329605e-01
 -1.78958684e-01 -1.07865930e+00  5.39438188e-01  1.38625845e-01
  2.41053805e-01 -4.67630297e-01 -4.62996036e-01 -1.47763044e-01
  3.01077008e-01 -1.15580216e-01  4.24873710e-01 -2.17767403e-01
 -5.78147948e-01 -4.97000404e-02  1.25194728e-01 -6.60147369e-01
  9.40503120e-01  2.54540563e-01 -4.91650820e-01 -3.95495683e-01
  3.87395293e-01  1.95834413e-01 -2.21845999e-01  1.07280806e-01
 -1.32592082e-01 -5.39364815e-01  1.55032635e-01 -3.46933961e-01
  3.21011186e-01 -1.54360160e-01 -3.52674324e-05 -1.24660306e-01
  5.85190356e-01  3.44327986e-01  2.44300678e-01  7.75589198e-02
 -2.27900639e-01 -2.08970875e-01 -2.48069152e-01  3.25702071e-01
  1.40794307e-01  3.85053605e-01 -1.76682368e-01  3.16250384e-01
  5.83125949e-01 -8.46609056e-01  8.67414474e-02  7.60417283e-01
  4.11032021e-01  4.44315493e-01 -1.52564764e-01  3.20903882e-02
 -8.17037404e-01  1.35569990e-01  1.41821682e-01 -1.72215570e-02
  4.57020789e-01 -3.56507041e-02 -1.37511179e-01 -4.09765035e-01
 -1.68074183e-02  4.00395066e-01  1.72828749e-01  3.64892520e-02
  4.35541987e-01 -1.55622914e-01  5.13322771e-01  3.38330954e-01
 -2.61516929e-01 -3.60293716e-01  5.43467440e-02  4.09025818e-01
  7.75284708e-01  1.81759849e-01  3.60168815e-01 -7.15021849e-01
 -6.30539358e-01  3.01282763e-01  8.31094086e-02  3.05178523e-01
  5.01429319e-01 -2.74868637e-01 -6.27902821e-02  6.11264467e-01
  2.97894835e-01 -7.07817525e-02 -3.29446822e-01 -4.16540891e-01
 -1.70716390e-01 -2.36667961e-01 -5.00891149e-01  2.01751813e-01
  8.45913216e-02 -4.67947908e-02  2.11769968e-01  1.54199144e-02
  9.83888358e-02  5.82226098e-01  2.87197321e-03 -3.05047333e-01
  2.04790220e-01  6.14336543e-02 -9.01422724e-02  8.08300227e-02
 -2.23519325e-01 -2.46593595e-01 -2.41717659e-02  2.41519004e-01
 -1.57367334e-01  2.02508613e-01  3.40979882e-02  1.61916167e-01
  3.30591708e-01 -4.44882154e-01 -1.90104902e-01 -3.14644456e-01
 -3.17463845e-01 -1.30728632e-01 -6.57792032e-01 -3.59774739e-01
 -3.09588555e-02 -4.71150875e-02 -1.59254432e-01 -5.93736023e-02
 -4.67871338e-01 -2.32516110e-01 -4.49221104e-01  2.52285540e-01
 -1.73445553e-01 -8.41765165e-01  3.82302940e-01  2.62718678e-01
 -1.25296742e-01 -1.19992077e+00  2.47536302e-01  1.70461625e-01
  2.44115233e-01  1.72105312e-01  7.04698920e-01 -3.42238545e-01
 -2.60701954e-01  8.75810459e-02 -2.85531700e-01  2.54745066e-01
 -1.05163517e+01  1.05978079e-01 -4.22578603e-01 -3.99893075e-01
 -3.50487739e-01  3.93149853e-01  6.25632167e-01  5.66282392e-01
 -1.95585936e-01  1.21423393e-01 -3.40548642e-02  9.15949419e-02
 -1.44770285e-02  6.83787882e-01 -5.20783842e-01 -3.06553662e-01
 -2.30557114e-01 -2.15277169e-02 -4.03221026e-02 -2.39191204e-01
  1.14314690e-01 -2.84472644e-01  5.08635998e-01  7.36679852e-01
  5.46224177e-01 -4.08423632e-01 -2.61187971e-01  2.47341441e-03
 -2.02753499e-01  5.91974974e-01 -6.01364851e-01  5.32571316e-01
  3.64352502e-02  3.01084399e-01 -1.52536288e-01  2.52969116e-01
 -4.02831227e-01  6.68329716e-01 -3.90014835e-02  4.04142320e-01
  3.15302551e-01  4.24127430e-01 -2.56795008e-02 -3.04168835e-02
  1.74899265e-01  2.39173710e-01  4.69064713e-01  1.11696711e-02
  5.41832387e-01 -2.42215633e-01 -1.27103299e-01  1.33843392e-01
  6.82288781e-02 -9.43486765e-02  4.55611289e-01 -3.05458643e-02
  6.39403582e-01 -6.74558520e-01 -3.16420607e-02  6.43760711e-02
  3.38028491e-01 -7.73757696e-02  3.83367360e-01  4.44365919e-01
  3.00741434e-01  4.10556674e-01  5.21741688e-01  3.65373969e-01
 -9.13043141e-01 -2.37799183e-01  1.62567645e-01  4.71616268e-01
 -9.50486809e-02  3.25132906e-01 -2.56731838e-01  3.13396513e-01
  3.61466676e-01 -2.95936376e-01  5.50640672e-02 -2.80053783e-02
  2.83950686e-01 -3.02975923e-01  8.33558366e-02  2.40718409e-01
 -6.21874213e-01  4.87202406e-02 -8.32330659e-02 -4.81247865e-02
  2.59869248e-01 -4.46125746e-01  2.38236561e-01  8.38035122e-02
 -5.34437299e-01  5.06531894e-01  4.48012590e-01  1.81824807e-02
 -1.21032991e-01  2.26519614e-01  4.85405922e-01 -2.47120038e-02]"
エ,"[ 7.49431178e-02  5.01032650e-01  3.71009111e-01 -6.56086028e-01
 -3.93311083e-02  1.11033827e-01  8.59642401e-02  1.29492721e-02
  3.09907757e-02 -2.11056188e-01  9.35834050e-01  1.51548266e-01
  2.76879251e-01 -5.60724914e-01  5.66632569e-01 -4.20523405e-01
 -5.14361337e-02 -4.09527987e-01  8.79349932e-03 -2.53402650e-01
 -6.62889838e-01 -5.67319214e-01 -4.00479972e-01  3.46296370e-01
  2.72009045e-01 -3.10672164e-01 -1.53719122e-02  1.21904902e-01
 -7.11736679e-02 -1.89829588e-01 -5.25779903e-01 -5.60103118e-01
 -1.19114444e-02  3.21192861e-01 -5.74001014e-01  2.33592629e-01
 -2.17736177e-02  2.18208656e-01  3.81268710e-01 -3.95985246e-01
  1.37295693e-01  4.79886025e-01 -7.52676800e-02 -2.06066132e-01
 -9.97740179e-02  5.04196942e-01  1.90258861e-01  2.21398860e-01
  1.71468824e-01  6.79966435e-02 -4.21714067e-01 -1.68467537e-02
  2.04312205e-01 -1.90398887e-01  5.38444705e-02  4.33580458e-01
  5.71286678e-02 -5.62152028e-01 -3.75801064e-02  3.36768448e-01
 -4.25777376e-01 -3.87140930e-01 -4.00727838e-01  4.77067739e-01
 -3.17199707e-01 -2.11854219e-01 -2.09713489e-01  9.56955645e-03
 -4.40587431e-01  1.29947439e-02 -3.03889841e-01  4.24129404e-02
 -9.43005010e-02 -6.75430775e-01  8.31806421e-01  3.75881009e-02
  4.46292728e-01 -6.71996117e-01 -1.21229060e-01 -1.19366713e-01
 -5.26283264e-01  3.42914313e-01 -2.23487273e-01 -6.91354930e-01
 -4.83786881e-01  3.52899700e-01 -6.47834003e-01 -7.44002223e-01
  7.96065569e-01 -6.85420781e-02  8.56943354e-02 -9.58595425e-02
  2.73612171e-01  4.21512663e-01 -1.40418172e-01 -1.87079757e-02
  2.70051777e-01  9.94873978e-03 -8.17176774e-02  3.63323629e-01
 -2.21207719e-02 -1.86085358e-01 -4.17227186e-02 -8.41543451e-02
  1.98291913e-01 -2.14003623e-01 -4.35556881e-02  1.44901589e-01
 -2.94326013e-03 -5.43723404e-02 -1.22122183e-01 -7.23502934e-01
 -2.58875966e-01  2.87857980e-01  1.31301165e-01  2.11674720e-02
 -2.96356976e-01  8.37514222e-01 -4.39513296e-01  4.82495427e-01
  7.97572657e-02  3.57806653e-01 -1.53261676e-01 -2.70175099e-01
 -2.23703012e-01  5.74558675e-01 -1.02646105e-01  3.83036405e-01
  1.74547076e-01 -5.29835880e-01  2.13349923e-01 -2.18502060e-01
 -1.88780800e-01  4.01416272e-01 -5.59132732e-02  6.71357870e-01
  2.78952569e-01  4.71573472e-01  3.28535914e-01 -7.74656117e-01
 -9.57909897e-02  3.11404765e-01  2.69721717e-01 -3.40171039e-01
  5.62755406e-01 -2.15944737e-01  2.51815617e-01 -9.29246992e-02
  1.41218543e-01  3.11568737e-01  1.79130509e-01  1.20471048e+00
 -2.10572332e-01 -1.96618572e-01 -2.36555755e-01 -5.17658889e-02
 -3.07199419e-01  1.25263661e-01  1.05257466e-01  4.95750695e-01
  4.41689968e-01 -3.90760690e-01  4.25344594e-02  4.74080950e-01
 -2.82182157e-01  6.41244948e-01  5.07183194e-01  5.08637130e-02
  3.43918443e-01  6.33344412e-01 -2.84297224e-02  5.08958578e-01
 -1.08605362e-01 -5.63475072e-01 -3.09455097e-02  7.18838274e-01
  3.11085969e-01  6.35863066e-01  6.10875249e-01 -8.96563232e-01
 -1.29546538e-01 -1.18551396e-01  4.23219740e-01 -8.14579189e-01
  4.03254390e-01 -3.26253116e-01  1.59038063e-02 -2.14253545e-01
  1.69885457e-01 -1.01008505e-01 -6.98457658e-01 -7.69030256e-03
  1.10916123e-01 -1.49169326e-01  6.95568621e-02 -2.23351493e-01
 -1.67310871e-02 -1.53420176e-02 -4.73733783e-01  6.62492394e-01
 -1.55940384e-01  2.20743269e-01  5.69845475e-02 -5.21950066e-01
 -1.23164821e+00 -4.40265208e-01  1.79916531e-01  6.10490918e-01
  1.23957217e-01  1.50706798e-01  1.24864198e-01  5.59974611e-01
  1.79614857e-01  4.11330879e-01  8.71389449e-01  8.51402245e-03
 -8.08025599e-01 -4.60823387e-01  7.83801138e-01 -8.63122821e-01
  8.05009827e-02  1.36614740e-01  2.77286381e-01  1.55079171e-01
 -7.04077542e-01 -1.31914457e-02  4.27594572e-01 -7.21594691e-02
  1.84490919e-01  7.93224573e-01 -8.39586034e-02 -7.51721978e-01
 -1.23412168e+00  1.73010528e-01 -6.86014295e-01  2.27877453e-01
 -5.20519018e-01  5.39434791e-01 -2.30349496e-01  7.31074035e-01
 -1.67083248e-01 -2.19035484e-02  3.54957432e-01 -2.39356548e-01
 -5.96496224e-01  2.47126579e-01  2.77322769e-01 -6.43123031e-01
 -8.61402631e-01  1.48505986e-01 -3.95572007e-01 -3.46983105e-01
  5.13678968e-01 -1.92053244e-01  4.30924058e-01  2.74242520e-01
  3.55482250e-01  2.85939753e-01 -1.08376160e-01 -1.78881124e-01
 -4.73172247e-01 -5.59971154e-01 -2.12876573e-01  3.95400524e-01
  3.57731432e-01  4.16701764e-01  2.35432744e-01 -5.40754735e-01
 -7.10140765e-01  1.72899887e-02  2.25649536e-01 -8.14393401e-01
 -1.77157909e-01 -4.11701620e-01 -3.66852552e-01  4.50219691e-01
 -1.02949524e-02  3.20554286e-01 -5.79238422e-02  6.46699190e-01
 -3.70770842e-01  1.49506554e-01 -6.71253860e-01 -1.69505075e-01
  9.71602499e-02 -1.35223299e-01 -5.95333099e-01 -5.81464350e-01
 -6.01678252e-01  3.32408398e-01  2.71419346e-01  1.11821465e-01
 -4.50823575e-01  1.62023589e-01 -2.61740804e-01  1.26052737e-01
  7.69246995e-01 -1.06877536e-01  9.80919078e-02  8.63420725e-01
  2.05881163e-01  1.52816549e-01  1.12961024e-01 -2.91555166e-01
 -8.47493857e-02 -6.28647089e-01 -3.78523648e-01 -3.95426631e-01
  6.10501528e-01 -3.89444649e-01 -1.45683244e-01  1.00770640e+00
 -1.24738075e-01  1.98371142e-01  8.30610633e-01  6.31189704e-01
 -1.38023496e+00 -8.84410068e-02  1.38881400e-01 -9.37888920e-02
 -2.33330622e-01  3.48640352e-01  3.72688621e-01  7.71161169e-02
 -1.58530146e-01 -2.01512918e-01  8.19977105e-01  6.57835662e-01
 -3.07063282e-01 -4.45311606e-01  5.95620811e-01  1.38683528e-01
  3.18892688e-01  5.21704368e-02 -1.05923101e-01  3.50725651e-01
 -4.51859444e-01  2.43814245e-01 -4.37732339e-01 -2.28637934e-01
 -1.23443738e-01  1.99282706e-01  1.53326886e-02  3.55832368e-01
 -1.75238714e-01 -1.93353429e-01  5.62626481e-01  9.20954168e-01
  3.65836382e-01  7.40744352e-01 -1.07005641e-01 -4.05289568e-02
  2.04324976e-01  6.21333897e-01  2.40942016e-01  1.00166395e-01
 -5.82824826e-01 -2.98474967e-01  3.78045946e-01 -2.11902231e-01
 -4.75258201e-01  5.30466795e-01  1.04156449e-01 -2.01849893e-01
 -4.77229506e-01  7.38404274e-01  5.59038401e-01 -2.05956355e-01
  6.61153972e-01  5.55407286e-01  6.56745732e-01  2.72258967e-01
 -1.38809577e-01 -3.04811746e-01 -8.25459585e-02 -7.33940080e-02
 -7.52356723e-02  1.49725646e-01 -3.45039368e-01 -2.78274834e-01
  1.92222535e-03  4.86252047e-02 -4.26040709e-01  1.73490688e-01
 -2.19582468e-01 -6.37617469e-01 -7.79368758e-01 -6.38616085e-02
 -5.98666906e-01 -4.02683556e-01  1.53507710e-01  3.49218369e-01
  4.96404797e-01 -7.46436119e-01 -1.27160102e-01  2.51165897e-01
 -4.92122710e-01 -8.71448442e-02  3.86377841e-01  2.23375782e-01
 -2.90125102e-01  3.03281009e-01 -3.70757431e-01 -4.03794736e-01
 -5.77179134e-01 -4.44060229e-02 -1.04837954e-01  2.17332259e-01
  4.06465679e-01 -2.22239599e-01 -8.43929201e-02  4.95486379e-01
 -3.50905448e-01 -1.52125493e-01 -3.21315140e-01 -2.46775806e-01
 -3.82359296e-01 -4.12671652e-04  2.38200620e-01 -7.21666291e-02
  4.45732325e-01  1.20664507e-01  2.80147403e-01 -2.94679552e-01
  5.58578931e-02 -9.15755033e-02 -6.72047362e-02 -6.94782078e-01
  1.04354882e+00 -2.69881546e-01  6.02235436e-01 -1.58561260e-01
 -1.92069113e-01  5.22306383e-01  1.90169856e-01 -3.55835259e-01
 -8.40175059e-03 -7.83602055e-03 -7.59240210e-01  3.99619490e-01
  1.86790496e-01  4.29634601e-01 -6.99672580e-01  2.84174293e-01
 -7.37468712e-03 -3.83309305e-01  3.45307380e-01  2.95856372e-02
 -8.58638138e-02 -1.76126018e-01  2.84739733e-01  1.12819874e+00
  2.59274393e-01  5.76573610e-01  2.23180369e-01  3.46827544e-02
 -2.90376484e-01  3.83453637e-01  5.88037133e-01  4.45123911e-01
 -2.62109414e-02  3.62952724e-02 -5.89790702e-01 -1.57811478e-01
 -2.34529153e-01 -1.07565261e-01  2.75635540e-01 -3.12539004e-02
  4.42996174e-01 -2.00424671e-01  6.38856515e-02 -1.45128235e-01
 -9.03110743e-01  1.22215673e-01 -1.83455974e-01  1.90583006e-01
  6.72918677e-01  8.66291672e-02 -1.77675679e-01  6.91896319e-01
  1.55387428e-02  2.87879676e-01  2.94174224e-01 -5.04811108e-01
 -2.96197444e-01  7.20140785e-02 -2.90926903e-01 -9.77205262e-02
  2.29391560e-01  3.34298432e-01 -4.12439078e-01 -6.84638262e-01
  3.14877063e-01  1.59763262e-01 -4.36460860e-02 -2.03460261e-01
  1.76448569e-01 -1.12643145e-01 -4.20278698e-01 -3.83272469e-01
 -4.15162832e-01 -3.10437888e-01  1.65065378e-01 -1.24663043e+00
 -2.33240694e-01  1.88436523e-01 -2.68815458e-01 -7.36619309e-02
  4.76408720e-01 -3.35844785e-01  1.45267323e-01  2.70305097e-01
  2.23708168e-01 -2.59050727e-01  1.92719046e-02 -7.95586184e-02
  3.60382497e-02 -1.43853471e-01  8.17067564e-01  1.57955945e-01
  5.94176769e-01  3.02763134e-01 -7.02812195e-01 -5.92044413e-01
 -4.64571029e-01 -7.17980623e-01  6.74262345e-01  2.43594989e-01
  8.04029763e-01 -8.91859178e-03 -1.65393263e-01 -7.11243376e-02
  4.08478856e-01  7.11899251e-02  6.05967902e-02  1.59769386e-01
 -2.14870855e-01  5.21353722e-01 -7.97996402e-01 -7.23581433e-01
  6.33552015e-01  1.01985641e-01 -4.84138072e-01  1.76099405e-01
  4.59033042e-01  1.12507381e-01 -3.67301494e-01  3.59121636e-02
  9.98397097e-02 -3.44982535e-01 -1.47585198e-01  7.24823996e-02
  3.37226003e-01  2.34375075e-01 -2.84378707e-01 -2.74755180e-01
  8.73201549e-01  5.53095937e-01  3.11206371e-01  5.13002574e-02
  1.39406128e-02 -9.74974036e-02 -3.20152581e-01 -2.99951583e-02
  4.05217052e-01  5.80809832e-01 -5.88267036e-02  5.73496640e-01
  3.37932199e-01 -4.85316575e-01 -1.70424297e-01  9.54895794e-01
  7.69428685e-02  4.07064021e-01 -3.71109039e-01 -2.57349730e-01
 -7.02964842e-01  1.88997194e-01 -3.05151016e-01  3.27525251e-02
  6.43477499e-01  3.99682879e-01  3.45081657e-01  1.13673501e-01
  1.36255339e-01 -8.39655027e-02  3.55355710e-01  2.35715985e-01
  3.32238138e-01 -1.44938335e-01  1.77589938e-01  3.90060455e-01
 -3.42190593e-01 -4.44659531e-01 -1.96662620e-01  3.75720471e-01
  7.61897445e-01  6.69720694e-02 -8.96947533e-02 -1.94353417e-01
 -1.42506254e+00  4.08629850e-02  2.39048749e-01 -1.05659887e-01
  6.61223233e-01 -3.57933849e-01 -2.46756338e-03  5.10180533e-01
  7.15527773e-01  9.04975653e-01 -3.29780877e-01 -7.37475991e-01
 -1.50851309e-01 -9.83057022e-02 -2.11136267e-01  3.97500306e-01
  1.60713062e-01  3.46934795e-01  2.55133778e-01  1.90562867e-02
 -5.40425591e-02  6.16401494e-01 -9.06426013e-02 -1.72364384e-01
  5.01456261e-01  2.08467498e-01 -6.07839860e-02  5.16667478e-02
  8.61604735e-02 -7.67332762e-02 -3.33077610e-01  2.26525944e-02
 -4.77579057e-01 -1.98005348e-01 -7.86902010e-02 -7.66219199e-02
  2.64043331e-01  7.17762411e-02 -1.74975291e-01 -2.70109683e-01
 -4.58554663e-02  2.41101071e-01 -5.18975616e-01 -4.91798609e-01
 -1.24326311e-01 -9.21150967e-02 -1.27718940e-01 -3.56086880e-01
 -8.63985896e-01 -7.44039774e-01 -3.18985470e-02  9.38406363e-02
 -6.16404891e-01 -4.53393430e-01  3.09618115e-01  3.29736918e-01
 -1.63864449e-01 -1.09431958e+00  4.66469139e-01  4.08923849e-02
  5.65858066e-01 -4.97309953e-01  1.92539424e-01 -2.81811297e-01
 -3.99208926e-02 -6.17792606e-01 -3.55566889e-01  4.47504193e-01
 -1.01533995e+01 -3.59984040e-01 -7.59553611e-01 -6.85563147e-01
 -2.45858803e-01  2.24058568e-01  1.22064757e+00  3.80887270e-01
 -4.86187279e-01  6.86450005e-02  1.69203162e-01  2.28595912e-01
  9.12148729e-02  6.85228944e-01 -3.79328668e-01 -3.99435788e-01
 -1.46052361e-01  1.55733347e-01 -4.43009511e-02  1.98004439e-01
 -2.46072784e-01 -1.71367183e-01  3.37561756e-01  2.44405299e-01
  4.44576703e-03 -3.16619694e-01 -5.72696507e-01 -1.58001631e-01
 -1.99297741e-01 -7.91026130e-02 -4.22679096e-01  2.34842613e-01
 -2.14701504e-01 -1.03630580e-01 -2.92151541e-01 -1.28618265e-02
 -1.19806953e-01  9.42057893e-02 -8.20350587e-01  4.57287103e-01
  3.88988912e-01 -1.81165531e-01  3.20800781e-01  7.58871958e-02
  3.50387841e-01  1.00688441e-02  8.30795586e-01 -1.30786538e-01
  3.25682312e-01 -5.03523462e-02  3.46918821e-01 -5.06963253e-01
  2.86774725e-01 -3.74339134e-01 -1.17621101e-01 -6.06089197e-02
  8.16559434e-01 -8.02324891e-01  5.16206808e-02  1.02803461e-01
  5.52830510e-02  1.89324647e-01  6.52777076e-01  3.59339446e-01
 -2.30839103e-01  8.04167315e-02  2.59255409e-01  6.44260794e-02
 -4.23123777e-01 -2.59534389e-01  5.51220141e-02  1.73933491e-01
 -1.74712032e-01  1.24423078e-03 -2.37219736e-01  4.57047343e-01
  5.78706324e-01  4.22215372e-01  2.87899643e-01  7.81440958e-02
  3.83422107e-01 -5.83606899e-01  3.23537916e-01  8.98044556e-03
 -6.08517885e-01  2.58649856e-01 -2.11422727e-01 -6.24385923e-02
  3.22138906e-01 -6.66587830e-01  6.35194719e-01 -4.80550468e-01
  3.25992666e-02  2.78866172e-01  6.55025601e-01  1.52695730e-01
 -2.97367096e-01  3.76310833e-02  3.14781755e-01  9.76977646e-02]"
キ,"[ 8.95541534e-03  1.93943679e-01 -2.19393417e-01 -8.92130435e-01
  2.42650047e-01  8.09080482e-01 -6.46168832e-04  2.05910534e-01
  1.10375106e-01 -4.96003240e-01  9.61736321e-01  3.43844235e-01
 -8.60624686e-02 -3.22288632e-01  7.87273169e-01 -2.82382250e-01
  1.62315413e-01 -2.04620451e-01  1.29165396e-01  1.35729909e-01
 -5.59301555e-01 -7.71651804e-01  4.71532978e-02  5.98602355e-01
  3.54917258e-01 -5.78055680e-01  2.48704970e-01  2.21687809e-01
 -1.11314997e-01  1.56763837e-01  6.53873309e-02 -5.54898620e-01
  6.57591000e-02 -4.08096582e-01 -1.88163891e-01  5.68439662e-01
  1.58004373e-01 -1.12947980e-02 -6.64695054e-02 -2.63184607e-01
 -1.66061565e-01 -1.19715571e-01 -1.67684168e-01 -3.76225561e-01
 -2.97118813e-01  3.92755568e-01 -2.49987170e-01  5.84943771e-01
  3.31728369e-01  3.25531244e-01 -3.31443280e-01  3.08691591e-01
  5.32747090e-01 -1.73132390e-01 -1.80470288e-01 -5.74593604e-01
  1.86371833e-01 -4.88706082e-01 -1.50947779e-01  3.31200749e-01
 -3.01331311e-01 -2.36292854e-01  1.91156968e-01  1.28126368e-01
 -3.28826338e-01  8.34068581e-02  3.56408060e-01 -8.96729976e-02
 -3.48768085e-01 -3.75455797e-01 -5.94362676e-01  2.97772795e-01
 -2.02980235e-01 -1.20220110e-01  7.73371041e-01 -6.91891074e-01
 -1.58249527e-01  1.30785689e-01  1.29266158e-01  1.79776907e-01
 -2.61399895e-01  3.05765033e-01 -9.99675915e-02 -3.73337835e-01
  1.24599084e-01  4.37534839e-01 -1.94954410e-01 -6.72745228e-01
  1.44924343e-01 -8.80607590e-02  1.11788116e-01  2.10497543e-01
 -9.01843756e-02  2.62070388e-01 -3.07616532e-01 -1.19099766e-01
  1.79402411e-01 -2.00954840e-01  2.89622247e-01  5.20121634e-01
 -1.78588443e-02 -1.17552616e-01  2.64332891e-01 -3.21151242e-02
 -1.85805157e-01  3.74532938e-02 -5.32194197e-01  4.01904404e-01
 -5.88168092e-02 -4.00046796e-01 -4.04437035e-01 -1.29484117e-01
 -3.23006064e-01  3.37711692e-01 -1.51133491e-02  4.91504550e-01
 -3.58000785e-01  7.89115205e-02 -5.35848975e-01  6.66496634e-01
  2.89223343e-01  2.27232218e-01 -2.35034198e-01 -1.88314974e-01
 -3.74681950e-02  4.13669527e-01 -5.03701806e-01 -1.58473641e-01
 -2.87291557e-01 -3.90068710e-01 -3.34778786e-01  5.66991605e-02
 -5.14350951e-01  1.79104745e-01 -4.27209646e-01  2.67672092e-01
 -8.89261079e-04 -1.19334877e-01 -3.42761911e-02 -3.69829506e-01
  6.14160895e-01  3.06377765e-02 -3.20189357e-01  2.11317345e-01
  4.61371541e-02  3.98370087e-01 -2.14113176e-01 -6.93280876e-01
  7.19506264e-01  3.67898166e-01 -5.48111618e-01  6.06311381e-01
 -7.24916577e-01 -1.17251009e-01 -1.63594902e-01 -7.41870552e-02
 -3.89509290e-01  3.95639062e-01 -1.36247858e-01  5.22060752e-01
 -3.88469547e-01 -6.50954366e-01 -9.05016065e-02  4.57758069e-01
 -7.45252073e-02  6.84095860e-01  1.85122505e-01 -9.91550237e-02
  3.36494744e-01  6.37281060e-01 -4.53508161e-02  5.29571354e-01
  1.63416564e-01 -4.52313751e-01  4.46202680e-02  3.80010456e-01
  2.84567654e-01  1.25498787e-01  5.07377148e-01 -4.64139074e-01
  2.48077974e-01 -3.82289618e-01 -1.00916103e-01 -6.63088441e-01
  3.79759163e-01  8.46238807e-02 -1.31826878e-01 -7.38795400e-02
  4.52208519e-01 -4.92566936e-02 -4.89292353e-01 -2.39758313e-01
  4.08961117e-01 -3.73908579e-01 -3.14192352e-04 -2.21018270e-01
  1.85947537e-01 -6.73991561e-01  1.74583882e-01  2.20360518e-01
  3.80732268e-01 -5.70086055e-02 -1.23728894e-01 -4.59577829e-01
 -1.14833128e+00 -1.46083161e-01  7.01409936e-01  8.36838424e-01
  7.83072561e-02  3.08049113e-01  1.53777620e-03  5.98541617e-01
  5.87440908e-01  1.81283072e-01  1.90099686e-01  3.73004861e-02
 -1.21875815e-01  1.01458222e-01  5.28168917e-01 -4.94313359e-01
  1.74793363e-01 -2.83659756e-01  9.85108018e-02  2.78705657e-01
 -1.97782189e-01  2.92181432e-01  4.31199640e-01 -2.28194132e-01
 -3.46764296e-01  7.51405716e-01 -8.00013483e-01 -3.45087945e-01
 -9.34791565e-03  2.90069640e-01 -9.35361981e-01  6.39275670e-01
 -2.49227002e-01  1.08282909e-01 -4.89022613e-01  3.59387398e-02
  1.80134073e-01 -3.58527958e-01  1.10484406e-01 -6.22185171e-01
  1.22851543e-01  2.16117829e-01 -1.65604912e-02 -5.91867805e-01
 -6.22704566e-01  2.14903783e-02 -5.29885411e-01 -3.63920033e-01
  7.63952255e-01 -5.79501092e-01  7.76230633e-01  3.47670943e-01
  4.01907474e-01 -4.65738088e-01 -1.66949853e-01 -2.76027799e-01
  1.19352832e-01 -9.02114153e-01 -1.91264972e-01 -5.95059931e-01
 -1.17213301e-01  1.43087864e-01  1.23377241e-01 -7.68889785e-01
 -7.35463500e-01 -1.78938970e-01  2.60366052e-01 -4.21660766e-03
 -3.10383588e-01  1.65979624e-01 -3.10154855e-01  2.52922773e-02
 -1.00762486e-01  2.14290395e-01 -6.00286424e-01  7.24116042e-02
 -8.21164668e-01  1.79350212e-01 -5.73020160e-01  2.57498711e-01
  3.91078740e-01 -4.62004170e-02 -8.76006931e-02 -9.75300372e-02
 -1.01646848e-01  3.96740377e-01  5.24923384e-01 -4.80151325e-01
 -7.72374332e-01 -5.56713268e-02  1.36875222e-02 -5.71516752e-02
  3.41343313e-01  2.65776783e-01  4.21169661e-02  1.71055004e-01
  6.34024203e-01  2.79953629e-01  4.70709145e-01 -4.33475703e-01
 -6.73077554e-02 -7.17294872e-01 -4.15428042e-01 -4.80342627e-01
  9.94733274e-01 -2.26152822e-01  2.40361691e-01  1.30219853e+00
 -2.75100857e-01  9.32967961e-02  7.32125103e-01  1.68319442e-03
 -1.43373823e+00  1.74288064e-01  3.82753253e-01  4.13208455e-01
  6.96791559e-02  3.02496344e-01  2.77840614e-01  4.46366459e-01
 -1.16852686e-01 -2.42527783e-01  3.24426562e-01  5.89959919e-01
  4.96654846e-02 -6.17261529e-01  8.24537873e-01  2.25558400e-01
  2.68026531e-01 -7.74688840e-01 -2.02640831e-01  5.43036759e-01
 -1.03259680e-03 -1.04866818e-01  4.13876265e-01 -2.56678700e-01
 -1.03787787e-01  1.20357707e-01  3.50648493e-01  2.90042460e-02
 -7.87934482e-01 -9.09556150e-02  1.30071580e-01  8.85647237e-01
  8.77828896e-01  6.83142662e-01  2.79224873e-01  4.40075062e-02
  1.30308241e-01  5.56677818e-01  2.51294822e-01 -1.22369118e-01
  5.70113584e-02 -4.87337857e-01  1.63743943e-01  4.84549850e-02
  1.15698695e-01 -5.89177966e-01  4.56835628e-01  6.30295813e-01
  5.85559793e-02  8.24226975e-01  3.04629773e-01  4.02407110e-01
  8.29458088e-02  2.38421828e-01  6.34583473e-01  1.95689335e-01
 -3.38089973e-01 -5.31706750e-01  2.16041178e-01  4.93471250e-02
 -2.21853882e-01 -2.58346591e-02  5.46785057e-01  2.58034080e-01
 -4.19097334e-01  1.45868048e-01  3.83677006e-01 -6.16870709e-02
 -2.06575274e-01 -5.55883586e-01 -4.77074146e-01 -6.67674005e-01
 -2.17221990e-01 -7.53665030e-01  1.46900326e-01  1.00456528e-01
  4.13944781e-01  7.50255212e-02 -5.52678525e-01 -1.66114524e-01
 -3.63337815e-01 -4.28478360e-01 -6.71730787e-02  1.91703774e-02
 -2.37083778e-01 -5.20790964e-02 -2.88241416e-01 -4.22892630e-01
 -3.67043942e-01 -2.75505364e-01 -3.14944893e-01  4.82364863e-01
  1.29322171e-01  5.75220883e-01 -1.06219001e-01 -1.53994770e-03
 -2.03370318e-01 -2.99327653e-02 -4.37041968e-01 -1.11680180e-01
 -9.71891463e-01  6.86314583e-01 -8.80109817e-02 -1.89983308e-01
  1.44798771e-01  5.74575961e-01  6.48456514e-01  2.47849390e-01
 -5.98492026e-02 -2.13786483e-01  5.03655113e-02 -5.76078057e-01
  5.63365996e-01 -1.35103062e-01  6.26339018e-01 -2.80535758e-01
  7.55492091e-01  3.44837397e-01 -1.70314535e-01 -1.54609323e-01
  1.70087397e-01  5.62610030e-01  1.59848154e-01  2.57217931e-03
  3.21221769e-01  8.51487637e-01 -2.38462672e-01  3.62996340e-01
 -2.15473220e-01  5.96317589e-01  5.76057315e-01 -2.38859266e-01
  2.66685963e-01 -4.24248368e-01  2.19455481e-01  3.00182253e-01
  5.28793395e-01  1.61605850e-01  4.73580629e-01  4.51240063e-01
  2.98608214e-01  5.37596405e-01  3.15589428e-01  7.14832172e-02
 -3.80567089e-02 -8.04987475e-02 -9.41788375e-01 -1.09886369e-02
 -1.58045277e-01  5.99218979e-02  3.74786913e-01 -5.96284211e-01
 -4.10428904e-02 -6.52371049e-02 -7.64486432e-01 -7.14869380e-01
 -7.93939769e-01 -1.06156580e-01 -2.38705829e-01  8.46536979e-02
  6.28985643e-01  3.57397407e-01 -6.01002336e-01  7.24508762e-01
 -2.20529974e-01  7.52130628e-01  7.96506882e-01 -2.41772056e-01
  3.19433659e-02 -6.06076717e-02  5.57358325e-01  6.81068525e-02
 -2.14915752e-01  3.27474385e-01 -3.37716609e-01 -8.51009607e-01
 -2.49373242e-01  6.90346539e-01 -3.53602916e-01 -4.53097850e-01
  6.91390753e-01 -2.19785050e-01 -4.71114218e-01 -9.46978688e-01
 -1.04230501e-01 -3.89204264e-01 -3.67775112e-02 -9.60398912e-01
 -1.53288156e-01  6.10974543e-02  2.20168903e-02  2.25339964e-01
 -6.60680905e-02 -1.17988609e-01  1.58000574e-01  6.73131466e-01
  4.48967278e-01 -2.16382951e-01  2.88030296e-03 -1.59505308e-01
 -2.22712994e-01  1.85534164e-01  3.29947829e-01  4.37812209e-01
  4.86791693e-02 -8.43349770e-02 -8.43693137e-01 -2.03351736e-01
 -8.15125465e-01 -1.06094337e+00  2.96236780e-02  1.21984212e-02
  6.58005059e-01  8.58059749e-02  6.45452514e-02  8.14585686e-02
  3.75422239e-01  4.35649097e-01 -5.41432574e-02 -1.78277165e-01
 -1.06997979e+00  5.05224407e-01 -3.29275370e-01 -4.73258346e-01
  7.10337520e-01 -6.72724098e-02 -4.04047146e-02  3.41581434e-01
  1.77471966e-01 -4.99029532e-02 -4.52777632e-02  3.67976695e-01
 -1.26280501e-01 -1.78740323e-01 -1.12019606e-01  7.12124705e-02
  6.74707964e-02  1.30537406e-01 -7.87577033e-01 -2.87869394e-01
  4.49710160e-01  5.70153654e-01  2.78291926e-02 -2.57629782e-01
  5.55600971e-02 -1.15658045e-01 -3.25040609e-01  2.39700377e-02
  2.13117972e-01  3.54038686e-01 -6.28237009e-01  4.35430884e-01
  5.32808006e-01 -6.25529170e-01  3.72600853e-01  6.56930566e-01
  4.47987288e-01  3.46437573e-01 -8.26312602e-02  5.27823210e-01
 -1.23149014e+00  4.10891861e-01  4.57226157e-01  1.05139270e-01
  1.89831376e-01  3.74056287e-02  1.29761487e-01 -4.98504668e-01
 -4.48461533e-01  1.29066348e-01 -6.84365034e-02  5.38088500e-01
  3.25291425e-01  3.04066688e-01  5.54421186e-01  8.91184688e-01
 -1.46343544e-01 -4.43869233e-02  2.67165631e-01 -2.79257953e-01
  1.11924231e+00 -2.32369766e-01  2.13255510e-01 -1.60199225e-01
 -8.98679674e-01  3.29925925e-01  3.82203132e-01 -6.39000088e-02
  8.32295418e-01 -2.78939962e-01 -1.83035985e-01  6.64344609e-01
  3.51437956e-01  4.31914032e-01 -4.01126802e-01 -9.30783391e-01
 -1.24653675e-01 -1.89244494e-01 -5.44877350e-02  1.91333622e-01
  1.24964993e-02  2.76572496e-01  2.17395425e-01  7.55365239e-03
  2.29572177e-01  7.33206570e-01  3.26696903e-01  4.63561900e-02
  2.55257100e-01  2.63036601e-02 -5.05064785e-01 -1.24614336e-01
  1.12662509e-01 -2.68405974e-01 -5.11248827e-01  3.90427977e-01
 -1.24957994e-01 -2.79401779e-01  7.73320273e-02 -3.05027574e-01
  2.22876221e-01  7.62445033e-02 -3.17492455e-01 -1.08262193e+00
  2.16517393e-02 -1.38986781e-01 -6.15933299e-01 -1.18479952e-01
 -2.91320443e-01 -2.32399385e-02 -3.37807804e-01 -1.07022107e+00
 -5.51625013e-01  2.23631293e-01 -4.13636625e-01  2.74785906e-01
 -4.48171794e-01 -1.15806162e+00  2.55390227e-01  4.10949588e-01
 -6.42045140e-02 -9.18176949e-01  2.61395842e-01  8.89717713e-02
  3.43686670e-01 -1.95112213e-01  3.49766284e-01 -4.54054743e-01
  1.73809782e-01 -2.47522429e-01 -5.88273965e-02 -1.01371385e-01
 -1.01587448e+01  7.72986338e-02 -3.86676341e-01 -6.97727650e-02
 -3.08672786e-01  5.60729019e-02  5.75469553e-01  5.31388700e-01
 -1.75497159e-01  1.45234063e-01  1.49929151e-01  1.24616005e-01
  1.82425693e-01  2.90618271e-01 -5.00913382e-01 -1.27692640e-01
 -6.55863047e-01 -1.71828374e-01 -5.31716365e-03  2.11136743e-01
  7.47468621e-02  1.51268914e-01  3.46353263e-01  5.56347847e-01
  2.82740265e-01 -4.46914911e-01 -2.93237239e-01  3.20671469e-01
 -3.95900071e-01  4.11026478e-01 -5.48589945e-01  1.10857159e-01
  2.51112282e-02  4.57164526e-01 -3.25433642e-01  1.72176719e-01
 -1.57319322e-01  2.64936805e-01  3.45934123e-01  1.98150381e-01
  2.11577281e-01  1.91264555e-01  2.05551162e-01  5.96089661e-02
  1.44676462e-01  5.31624220e-02  2.10561410e-01  3.79570723e-01
  4.09475684e-01  2.19456945e-02  2.21180096e-01 -4.73943412e-01
  1.43642779e-02 -3.64128202e-01  5.71498513e-01  2.93038070e-01
  5.57545483e-01 -4.73117292e-01 -1.42530426e-01  1.28628194e-01
 -2.56134897e-01  1.46199346e-01  4.61464375e-01  3.11360300e-01
 -1.50301903e-01  4.36743885e-01  3.19429010e-01  3.93048376e-01
 -1.81135491e-01 -3.68356586e-01 -1.54186383e-01  6.00778162e-01
 -4.67477627e-02  7.33655989e-02 -3.31823200e-01  2.22925290e-01
 -7.28904232e-02  5.02280332e-02  1.79950461e-01 -4.04444873e-01
  3.83785553e-02 -4.28325087e-01 -5.95588267e-01  1.08142123e-01
 -8.51407945e-01 -1.60182337e-03  4.26875136e-04  2.68151075e-01
  9.88975726e-03 -6.36322618e-01  3.73881608e-01 -5.47238111e-01
 -4.18695994e-02  4.58674371e-01 -2.13582352e-01 -1.28645852e-01
  1.42740697e-01  8.45728934e-01  4.44111705e-01 -1.45622373e-01]"
マ,"[ 1.05957165e-01  3.40053856e-01  2.30944306e-01 -5.77192426e-01
  3.83870333e-01  2.66647875e-01 -1.73500091e-01  1.95110634e-01
 -8.43930468e-02 -3.14701080e-01  8.02738249e-01 -2.64519364e-01
 -1.71971455e-01 -3.63812029e-01  4.97637272e-01 -5.30947782e-02
  3.92107546e-01  3.44349742e-02  5.71922846e-02  5.35839759e-02
 -2.75518417e-01 -8.96507919e-01 -2.73487687e-01  6.93899989e-01
  3.53704423e-01 -6.10282719e-01  1.34066835e-01  5.53446293e-01
  1.71566695e-01  4.17400822e-02 -7.57106960e-01 -2.75162905e-01
 -5.03255725e-01  2.91730881e-01 -4.60956812e-01  2.65738577e-01
  2.56765664e-01 -2.05743507e-01 -1.63783371e-01 -3.16551626e-01
 -6.15312047e-02 -4.73765144e-03  1.09542795e-01 -1.81805685e-01
  1.13456905e-01  9.92847905e-02 -2.16805995e-01  1.54202685e-01
  5.28823912e-01 -1.70717478e-01  1.93405617e-02  3.25319916e-01
  2.73563981e-01 -2.36297131e-01  9.39831696e-03  1.32594436e-01
  7.68118560e-01  5.70726097e-02 -2.05208629e-01 -2.21674010e-01
 -3.64047945e-01 -2.10808683e-03 -3.83605570e-01  1.15507700e-01
 -3.56452256e-01 -7.04809055e-02 -2.86508352e-01 -6.57990277e-02
 -6.31796122e-01 -3.98595750e-01 -3.28693300e-01  2.19296277e-01
 -1.27181932e-01 -7.50274062e-02  6.58820093e-01 -1.30900472e-01
 -2.62359619e-01  1.57757685e-01  4.83989507e-01 -4.92652655e-01
 -8.46174181e-01  4.43735629e-01 -4.39153254e-01 -2.88346291e-01
  1.82145834e-01 -1.46640660e-02 -3.78790051e-01 -4.05282438e-01
  2.96985716e-01 -5.86355999e-02  9.02661607e-02  3.41056705e-01
  1.27545044e-01 -2.21781507e-01 -3.09059858e-01  3.73055279e-01
  2.87348449e-01 -5.10371983e-01 -3.56207758e-01  1.96990088e-01
 -6.03724737e-04 -3.52663025e-02  2.95113444e-01  1.04806602e-01
 -2.45320108e-02 -8.77516046e-02  1.03533408e-02  2.07940951e-01
  8.81486461e-02 -1.66606069e-01 -5.46726882e-01 -6.68470919e-01
 -7.03691542e-02  5.93598150e-02 -8.70667472e-02 -1.69578403e-01
 -1.78016156e-01  4.33414906e-01 -5.03629446e-01  1.15655400e-01
  4.22711764e-03 -5.27548939e-02 -1.98182821e-01 -7.97740743e-02
 -2.24983748e-02  3.28271925e-01 -9.07857809e-03 -1.14787586e-01
 -2.43491203e-01 -3.86493921e-01  5.51508330e-02 -2.66456269e-02
 -2.53541708e-01  2.47691408e-01 -3.48276973e-01  2.77466804e-01
  8.15193579e-02 -1.00045346e-01 -3.19585800e-01 -6.96167827e-01
 -2.31976286e-01  1.28701478e-01 -1.30604759e-01 -1.08367346e-01
 -3.01263630e-01  1.31706119e-01  1.70345396e-01 -8.21683556e-02
  5.68776667e-01  6.30514443e-01 -3.82644594e-01  7.81347752e-01
 -1.38573289e-01 -6.53119922e-01  2.46690467e-01  1.98378608e-01
 -7.28507817e-01  2.11311817e-01  9.82494056e-02  5.66044509e-01
 -6.44169524e-02 -2.12488081e-02  6.76087365e-02  3.93715203e-01
  2.34017774e-01  6.16712570e-01  2.58654475e-01  9.78830308e-02
  1.97992876e-01  3.84589016e-01 -2.28974625e-01  4.04641986e-01
  1.38317287e-01 -4.62958753e-01 -1.80749148e-02  2.38206998e-01
 -1.63716406e-01  1.79696858e-01  3.80740106e-01 -5.52869439e-01
  4.75718118e-02 -2.81976640e-01  1.35278583e-01 -1.51509032e-01
  1.95112482e-01 -2.23186597e-01  9.69530270e-02 -1.92621306e-01
  1.00161269e-01 -4.01294231e-02 -3.74489397e-01 -2.87725240e-01
  2.85538435e-01 -1.69767588e-01 -1.49769112e-01 -5.79272360e-02
  4.90153432e-02 -2.82619864e-01 -1.90698639e-01  3.47875804e-01
  1.72385961e-01  2.12730661e-01 -2.24217221e-01 -1.31826341e-01
 -9.88284111e-01 -4.85925227e-02  2.98614446e-02  3.79273713e-01
  1.65967345e-01  2.67895252e-01 -2.35104531e-01  1.90647811e-01
  3.10888469e-01  1.77436441e-01  1.67052969e-02 -4.94879894e-02
 -6.71910226e-01 -4.10301358e-01  6.47210777e-01 -4.40321088e-01
 -1.18621714e-01 -2.53080368e-01  1.95757210e-01  4.50105280e-01
 -1.93893686e-01  4.24554236e-02  3.12475890e-01 -4.15839888e-02
  7.57141039e-04  2.26264611e-01 -2.04057455e-01 -2.40007892e-01
 -9.39131737e-01  2.60365382e-03 -4.15258825e-01  3.87633473e-01
 -6.81658924e-01  3.88028920e-01 -3.24342959e-02  1.96527675e-01
  3.46921086e-01  6.34388998e-02  6.41265884e-02 -2.14539126e-01
 -1.03787281e-01  2.77677417e-01 -5.39604910e-02 -1.47925749e-01
 -2.66260952e-01  3.58363539e-01 -6.51794612e-01 -7.17706859e-01
  2.59117603e-01 -5.84375620e-01  3.38262945e-01  1.21803418e-01
  5.25153950e-02  5.11007942e-02  1.03293352e-01 -2.41584033e-01
 -2.41076514e-01 -7.80242145e-01 -1.77497230e-02 -1.79499567e-01
  2.93822959e-02  8.87054056e-02  2.52470911e-01 -4.16575104e-01
 -2.81416863e-01  7.99126253e-02 -1.91104691e-02 -2.91640162e-01
 -1.80306569e-01  1.16429083e-01 -6.93224728e-01 -7.67013356e-02
 -5.29033095e-02  5.94085217e-01 -6.38089061e-01 -9.08126831e-02
 -7.58761466e-01  6.66126370e-01 -6.61527693e-01  1.10324956e-01
 -1.25147805e-01  1.52335942e-01 -2.00906143e-01 -6.52554929e-01
  5.50641119e-02  2.23790824e-01  6.27351522e-01 -4.23082352e-01
 -4.26233560e-01 -3.52253795e-01 -2.91006505e-01 -5.13292328e-02
  4.96032387e-01  1.07720695e-01 -1.66982457e-01 -2.06979569e-02
  2.04361320e-01  2.17916951e-01  2.04150870e-01 -3.38703364e-01
 -2.89210647e-01 -3.30018967e-01 -6.62595034e-02 -2.98706114e-01
  8.42201769e-01  3.22278626e-02 -8.74947980e-02  9.46658313e-01
 -5.45463979e-01  8.70389193e-02  5.81904531e-01  2.00096950e-01
 -2.04716849e+00 -1.03331782e-01  5.84533326e-02  4.85437155e-01
 -3.31417620e-01  3.78426552e-01  3.54712427e-01  5.39702177e-01
 -8.63233656e-02 -3.49074066e-01  6.38827622e-01  7.76102126e-01
 -2.19403177e-01 -4.74667460e-01  2.45324805e-01  6.50144890e-02
  2.69794911e-01 -6.02388024e-01 -1.58004701e-01  1.61861613e-01
  1.44480065e-01  8.32441524e-02 -1.92289025e-01 -5.66956580e-01
  2.92847157e-01 -2.41057962e-01  2.57736593e-01  4.34993714e-01
 -4.43845809e-01 -9.17096362e-02  3.79547864e-01  4.85793233e-01
  5.10392249e-01  1.01240814e+00 -2.78333127e-01  1.55220658e-01
  5.01249969e-01  4.23532277e-01  3.32226098e-01 -3.34758572e-02
  1.60164405e-02 -1.64685592e-01  4.79555070e-01  3.86612624e-01
  4.41303134e-01  1.79122493e-01  6.38835132e-01  9.84200314e-02
 -4.13713120e-02  4.63315040e-01  2.38428026e-01  3.00883234e-01
  5.99202454e-01  4.02950495e-01  4.39857006e-01  9.89842862e-02
 -3.79411668e-01 -2.71601260e-01  3.48731041e-01 -3.22902590e-01
 -2.05262274e-01  2.63429552e-01  3.24977279e-01 -3.10640693e-01
 -4.34983581e-01  7.47896060e-02  2.36158714e-01 -3.89062822e-01
 -2.19625890e-01 -4.76817608e-01 -6.82085276e-01  8.87865275e-02
 -5.71698606e-01 -9.16368544e-01  6.13403730e-02 -1.02463383e-02
  3.35730880e-01 -2.48447716e-01 -5.95144093e-01  3.42780948e-01
 -3.96180123e-01  8.79837796e-02 -4.94026504e-02 -1.43752575e-01
 -2.17821956e-01  2.06019610e-01 -1.41822457e-01 -9.86594474e-04
 -2.73745924e-01  2.97918528e-01  3.47307399e-02 -6.65253252e-02
  2.08478764e-01  2.20855802e-01 -1.14581369e-01  1.44526139e-01
 -4.66415882e-02 -2.92968422e-01 -2.49470666e-01  2.09334031e-01
 -8.32739294e-01  1.25057250e-01  1.05184289e-02  1.24474354e-02
  4.48632866e-01  1.65256560e-01  6.68724120e-01 -1.65485471e-01
 -1.89104855e-01  2.97964573e-01 -4.15671058e-02 -3.79843444e-01
  7.89801240e-01  2.28990931e-02  2.41343513e-01 -2.35211015e-01
  1.40717432e-01  4.58223492e-01 -4.62798595e-01 -3.11101466e-01
  2.90492833e-01 -4.53866571e-02 -2.76922345e-01 -1.09087139e-01
  1.47916153e-01  9.46914673e-01 -5.33707082e-01  4.89964694e-01
  1.44200802e-01 -1.80379719e-01  1.25938103e-01 -2.05338374e-01
 -2.27299541e-01 -3.22770119e-01  3.16837490e-01  2.46118411e-01
  5.08159161e-01 -7.95721188e-02  1.35431722e-01  6.79356754e-01
 -5.65627962e-02  1.80115834e-01  6.30114853e-01  2.52021253e-01
 -2.27737829e-01 -6.10690534e-01 -4.82170224e-01 -1.59069955e-01
 -4.83244359e-01  2.74217784e-01  1.70463115e-01 -1.02594152e-01
 -2.14747787e-01 -1.61464378e-01 -2.77729183e-01 -1.43503621e-01
 -3.16009641e-01  6.44951314e-02  3.28982830e-01  2.70344377e-01
  4.72148657e-01  1.39904261e-01 -2.84279466e-01  2.28132859e-01
  1.52226210e-01  5.97405076e-01  4.14104700e-01 -2.23908126e-01
 -3.23378593e-01  1.99910447e-01 -7.16648027e-02 -2.64914095e-01
 -1.92876190e-01  4.47356313e-01 -6.54338002e-02 -8.52353498e-02
  2.11223185e-01  2.12676734e-01 -3.63546014e-01  3.62056047e-01
  5.00188442e-03 -3.68710272e-02 -4.40821588e-01 -7.96744704e-01
 -5.99740088e-01 -2.53868490e-01  2.10705176e-01 -5.93362689e-01
  3.52531262e-02  2.79194303e-02 -1.90963913e-02 -3.12988795e-02
  7.39234639e-03 -2.65051812e-01 -6.74720407e-02  5.59659958e-01
  4.61621493e-01 -2.52307564e-01 -6.54356852e-02  1.91090092e-01
  1.09083354e-01  8.88506323e-02  5.51689923e-01  8.08266699e-02
  1.23479627e-01 -1.66812718e-01 -6.38604224e-01  1.58458576e-01
 -1.13545701e-01 -1.16422582e+00  1.97248623e-01  9.14834207e-04
 -1.34316450e-02 -2.05018282e-01  9.05603841e-02  1.13908790e-01
 -2.25373730e-01  3.25983651e-02  2.28962526e-01 -8.73127133e-02
 -7.38249183e-01  4.09092635e-01 -9.50387418e-02 -4.14145499e-01
 -8.54952708e-02  1.99611649e-01 -4.75986332e-01 -3.96056026e-02
 -3.49299237e-02  1.68269336e-01 -1.65795207e-01  3.64961654e-01
 -3.95081192e-01 -2.56700933e-01  4.96565908e-01  2.96402071e-02
  1.35580122e-01  2.57784098e-01 -4.00324702e-01  1.22042365e-01
  4.04780060e-01  7.44787931e-01  2.78024912e-01 -5.76530434e-02
 -6.06102645e-02 -1.94543779e-01 -6.27572656e-01  5.11728346e-01
  6.96738303e-01  3.20801795e-01 -3.72796625e-01  3.81244332e-01
  3.66263270e-01 -5.07493794e-01  6.38353109e-01  1.11026907e+00
  3.56294751e-01  3.12413722e-01 -8.39640275e-02  2.97488384e-02
 -7.99601436e-01  8.40087384e-02 -4.00531143e-02  6.43691003e-01
 -8.40645507e-02 -4.63601314e-02  5.03934324e-01  1.58097699e-01
 -2.76872605e-01  1.81470886e-01  2.36868784e-01  9.80499610e-02
  2.62278676e-01  2.38933742e-01  6.56061172e-01  1.89102367e-01
  1.35108322e-01 -2.77879447e-01  3.63457613e-02  6.40146434e-02
  5.19191444e-01 -2.34563231e-01  3.23946267e-01 -1.59388915e-01
 -9.40091312e-01 -4.99056190e-01 -1.03164233e-01  3.38052303e-01
  3.72609854e-01  2.41362661e-01 -3.95672858e-01  1.77028179e-01
  4.50166047e-01  3.64853106e-02 -3.13602626e-01 -4.99738395e-01
  2.84145474e-02 -1.36133239e-01 -1.61188051e-01  1.35997906e-01
 -4.09764796e-01  5.14871538e-01  9.78625342e-02  3.83381277e-01
  4.24164236e-01  7.93318629e-01  1.56946853e-01  9.39410478e-02
  4.69367534e-01  7.75964512e-03 -3.92480075e-01  2.21627757e-01
  3.09520125e-01 -1.81728020e-01 -7.09444210e-02  2.51829475e-01
 -1.70301765e-01 -8.68276730e-02  1.35404810e-01 -2.16552481e-01
  5.54125786e-01 -6.24028109e-02 -5.18190265e-01 -2.93915272e-01
 -2.12178111e-01  1.48552321e-02 -7.58591056e-01 -1.12988479e-01
 -2.62787580e-01  2.01148897e-01 -9.68685932e-03 -3.73531938e-01
 -4.18603152e-01 -1.60637185e-01 -3.65588725e-01  3.48307431e-01
 -2.85753131e-01 -3.37914228e-01 -1.86379962e-02  6.29578710e-01
 -5.19606531e-01 -1.20564282e+00  4.38627481e-01  2.14025438e-01
  6.96466148e-01 -2.59725720e-01  3.15661997e-01 -1.77970737e-01
  2.72394031e-01  1.67907849e-01 -2.60283828e-01  1.53833404e-01
 -1.04719715e+01 -1.58268288e-02 -4.36405122e-01 -2.11918563e-01
 -1.53892517e-01  5.95498383e-01  2.15989411e-01  5.40154763e-02
  2.41162833e-02  2.67418504e-01  4.66568261e-01  3.98257077e-01
  5.19832850e-01  5.60923159e-01 -4.40689355e-01 -1.87064245e-01
 -1.51860360e-02 -2.91113436e-01  1.74521670e-01  3.80184710e-01
  3.45591635e-01 -1.74975395e-01  4.75934386e-01  5.87852597e-01
  8.19604844e-02 -3.52317899e-01 -4.84937966e-01  1.38693392e-01
 -3.30972105e-01  2.56723821e-01 -2.99211323e-01  2.45340735e-01
 -4.83920842e-01  6.03439093e-01 -3.36869180e-01  9.10930037e-02
 -1.72201946e-01  1.44805938e-01  1.25461161e-01  4.56928551e-01
  1.78577811e-01  8.31786543e-02 -9.28993616e-03  3.65067013e-02
  2.57893831e-01  4.72935945e-01  1.23677015e-01  1.34637043e-01
  2.61524230e-01  1.38622507e-01 -9.42716002e-02 -5.10943294e-01
  3.94602209e-01 -2.36893877e-01  1.17641166e-01  3.68023098e-01
  3.77377599e-01 -6.56296015e-01  5.22089526e-02 -1.63333833e-01
  6.03837557e-02 -2.44489819e-01  5.16872168e-01  2.11720914e-01
  1.36465698e-01  6.34612739e-02  5.02254784e-01  5.42219520e-01
 -2.55725026e-01 -1.03830658e-01  1.84430495e-01 -3.32084931e-02
 -2.52216429e-01 -1.74612179e-01 -2.93649822e-01  6.71498775e-01
 -3.95529240e-01  2.07447827e-01 -2.82322109e-01 -1.78651158e-02
  3.50751489e-01 -2.12021694e-01 -5.20725965e-01  6.78779066e-01
 -1.95795059e-01 -2.37900153e-01 -2.16074347e-01  2.36986056e-01
  7.22922087e-01 -6.13776624e-01  2.69483238e-01 -3.00918221e-01
 -3.21903080e-02  2.47115210e-01  4.21028525e-01  2.86464512e-01
 -2.62414336e-01  3.63731444e-01  3.99751127e-01  1.56464726e-01]"
サ,"[ 6.48852065e-02  7.03525424e-01  4.71259475e-01 -5.47538280e-01
  1.59046471e-01  3.98378938e-01  3.51637304e-01  1.23026282e-01
 -2.36791316e-02 -5.60553074e-01  6.91640377e-01 -1.82065725e-01
 -3.69573385e-01 -4.81643021e-01  5.01200736e-01  2.13964377e-02
  6.06600717e-02 -3.49444240e-01  8.08935091e-02 -4.40633446e-01
 -8.89577985e-01 -5.16568840e-01 -2.66183019e-01 -1.12697050e-01
  5.20015620e-02 -5.65481424e-01  1.07526816e-01  6.08377531e-02
 -2.72094548e-01  1.09412938e-01 -1.46132946e-01 -5.17516971e-01
  1.58073138e-02  2.16582283e-01 -3.97458136e-01  1.42894834e-01
  3.70732784e-01  9.52575803e-02 -8.72540697e-02 -8.91159754e-03
 -1.78627878e-01 -2.46154368e-01 -1.56675205e-01 -2.89727360e-01
 -3.17594945e-01  5.58815479e-01  2.79103786e-01  2.11603582e-01
  3.49331588e-01  2.05476016e-01 -1.15657732e-01  5.24988830e-01
  1.53630912e-01 -6.92296997e-02  2.36809149e-01 -1.02029659e-01
 -1.25966864e-02 -3.04194719e-01 -3.15399706e-01  3.45738739e-01
 -7.24034965e-01 -2.79484242e-01  1.94713280e-01  1.92494970e-02
 -2.23813370e-01 -7.14084730e-02  9.05480701e-03 -1.17216989e-01
  9.39084142e-02 -7.12507546e-01  2.45665506e-01  1.63750336e-01
  4.14535357e-03 -7.42333591e-01  8.38340044e-01 -4.34353292e-01
  4.01309252e-01 -7.71496892e-02  2.78353333e-01  1.19877301e-01
 -3.97254974e-01  5.62397897e-01  1.22871153e-01 -6.20353937e-01
 -1.69597164e-01  2.42013648e-01 -3.80565464e-01 -6.62786305e-01
  3.45268995e-01 -3.59812587e-01  5.76520599e-02  2.00124495e-02
  1.91770032e-01  3.70260924e-01 -1.34176135e-01 -1.51688844e-01
  4.49814230e-01 -5.21264434e-01  1.30199362e-02  3.71496558e-01
  1.53533020e-03 -2.44601384e-01  1.04438558e-01 -1.65181175e-01
  4.10203040e-02  1.10388726e-01 -2.76432276e-01  2.55873948e-01
  1.37467124e-02  1.84370503e-01 -2.21014187e-01 -4.20769125e-01
 -4.75366950e-01  5.86740971e-02  2.19318613e-01  5.20587303e-02
 -2.34473526e-01  5.72899818e-01  2.10268691e-01  1.03446215e-01
  1.41941123e-02  6.29506111e-01 -3.81130904e-01 -2.46828154e-01
  5.90361245e-02  4.16344255e-01  1.49371430e-01 -1.43032014e-01
 -2.41779566e-01 -2.60848761e-01 -3.12812954e-01 -2.84071654e-01
 -2.44613469e-01  1.25942156e-01 -2.89646715e-01  4.50176060e-01
  5.04773594e-02 -3.52998316e-01  1.13899022e-01 -6.54235959e-01
 -1.33767173e-01  3.23209584e-01  3.24869633e-01 -2.07984060e-01
 -9.04217213e-02  2.75806218e-01 -1.10058188e-01 -1.76043496e-01
  4.69163418e-01  3.71321470e-01 -3.15964818e-01  1.18894470e+00
 -9.77653041e-02 -2.36529291e-01  4.28550214e-01  1.52144447e-01
 -4.27527875e-01 -1.24428906e-01 -3.29179853e-01  5.47669291e-01
  1.09668657e-01 -5.16037405e-01 -1.80932403e-01  6.72310293e-01
  1.64470002e-01  4.19158190e-01  5.14015794e-01  5.93434758e-02
 -3.18827242e-01  6.71130180e-01  6.82057679e-01  3.04443717e-01
  9.05157700e-02 -4.31542933e-01  1.52115792e-01  3.78735930e-01
  4.82584625e-01  2.81445563e-01  3.89888361e-02 -3.12768012e-01
 -1.06153563e-01 -3.03414047e-01 -8.86566043e-02 -5.08924544e-01
  1.78575069e-01 -1.68269172e-01 -4.45346795e-02  3.66098762e-01
  1.18671551e-01 -3.54280442e-01  4.91569676e-02 -7.28126764e-01
  2.73617238e-01 -4.56217438e-01 -4.03513163e-01 -3.32028061e-01
 -9.10236090e-02 -1.60996541e-02 -3.16254199e-01  7.65344381e-01
  2.08226442e-01  2.22663477e-01 -4.62109685e-01 -5.03148079e-01
 -7.04046428e-01 -4.17786837e-01  1.92755848e-01  3.25580388e-01
  2.74508834e-01  2.98293412e-01 -1.40111834e-01  7.32503653e-01
  4.36888725e-01  1.04065090e-01  6.63826585e-01  1.11908346e-01
 -5.29434502e-01 -1.58596545e-01  1.36538446e-01 -2.71710515e-01
  1.68289095e-02 -1.43857330e-01  2.23187774e-01  2.19698206e-01
  4.91481006e-01  1.39787018e-01  3.44771683e-01 -2.91718394e-01
  3.47799039e-04  4.66008574e-01 -6.52888238e-01 -5.49850225e-01
 -6.40699267e-01  1.27929106e-01 -6.49453163e-01 -3.09229910e-01
 -2.26405174e-01  5.86145997e-01 -3.01487416e-01  3.05002928e-01
 -1.71601936e-01  5.22212051e-02  2.62980670e-01 -4.79166329e-01
 -4.00644653e-02  3.01657975e-01 -3.86766881e-01 -6.75783679e-02
 -5.16773582e-01 -2.28013545e-01 -7.07644105e-01 -6.66559935e-01
  3.55829746e-01 -4.61296439e-01  8.44811022e-01  4.26307291e-01
  3.71732712e-01 -2.13081673e-01  2.13679045e-01 -4.39565063e-01
 -1.37918234e-01 -4.23471957e-01 -3.56907025e-02 -3.57493088e-02
  6.43920619e-03  5.18430889e-01  1.77977279e-01 -7.04118609e-01
 -8.20468128e-01 -7.47683346e-01  2.89045600e-03 -4.27005917e-01
 -4.48817581e-01 -1.26862684e-02 -1.40586987e-01  2.08228439e-01
 -3.22150171e-01  7.39568472e-01 -5.39633691e-01  2.31612802e-01
 -4.95352089e-01  5.77102244e-01 -4.02023971e-01  8.10956806e-02
  1.58399388e-01  5.33142269e-01 -6.83377147e-01  3.98928970e-02
 -4.10019249e-01  6.16541564e-01  6.22053146e-01 -3.40668768e-01
 -7.22548187e-01  5.85577302e-02 -3.17920953e-01 -2.81351935e-02
  5.41764259e-01  1.81391180e-01 -2.23405108e-01  5.44012249e-01
 -5.67818657e-02 -2.07478311e-02  1.07779898e-01 -1.51588678e-01
 -2.79320955e-01 -6.69250906e-01  4.15550694e-02 -7.70800859e-02
  4.21720058e-01 -2.45931208e-01  1.56357229e-01  6.29200578e-01
 -5.00476956e-01  3.27726454e-01  6.85827672e-01  1.78009003e-01
 -1.34466732e+00 -3.47803831e-02  9.70336378e-01  4.02741618e-02
 -1.42233791e-02  3.64326715e-01  2.37702653e-01  6.11222684e-01
 -3.20216656e-01 -2.53927797e-01  8.57806206e-01  2.86966592e-01
 -3.53852838e-01 -4.95684296e-02  4.07599509e-01 -2.34691605e-01
  1.20644316e-01 -1.43227458e-01 -2.50022382e-01  4.77750540e-01
 -2.25214824e-01 -4.60919030e-02  1.73849121e-01 -6.79776549e-01
 -4.63077009e-01  4.71773237e-01  1.56606995e-02 -4.88553382e-02
 -7.31864274e-01 -3.65110099e-01  3.01570654e-01  1.10267889e+00
  6.13544583e-01  5.63904941e-01 -2.99272597e-01 -5.78055501e-01
  5.96465230e-01  1.50615771e-04  4.02940094e-01 -2.75426984e-01
 -5.33567369e-01 -1.48361996e-01  4.49246019e-01 -6.20859936e-02
 -2.08370313e-01  1.51020363e-01  2.35329941e-01  2.07149833e-01
 -2.61694074e-01  2.41553992e-01  7.68660784e-01  5.04842214e-02
  2.83390254e-01  3.92474920e-01  8.20503294e-01  2.19335154e-01
  1.43007234e-01 -1.70031965e-01 -1.07781634e-01 -4.64503653e-02
  7.00113893e-01  3.85007143e-01  3.88053469e-02  2.07332835e-01
  1.03102028e-01 -8.78358856e-02 -3.71767849e-01 -1.38467491e-01
 -4.57870327e-02 -6.77795529e-01 -6.86381996e-01 -1.38799250e-01
 -1.20216766e-02 -7.04550207e-01  4.73073274e-01  3.41971546e-01
  4.30788040e-01 -5.31537712e-01 -1.25059620e-01  5.03993094e-01
 -1.76398262e-01 -3.41738552e-01 -1.69385582e-01  3.54361773e-01
 -5.93971789e-01 -2.22967491e-01 -2.57781804e-01 -3.57987642e-01
 -3.16711187e-01 -9.47636142e-02 -8.81610334e-01  2.20693976e-01
  1.56133309e-01  5.56351900e-01 -2.49521770e-02  1.05067261e-01
  2.07316682e-01 -1.10191561e-01 -4.43511643e-02 -8.73317719e-02
 -1.36641830e-01  2.70251371e-02  4.36297655e-01  4.53897506e-01
  4.01118547e-01  4.22963232e-01 -1.97619330e-02 -3.55470181e-01
 -2.13236973e-01  2.44985700e-01 -4.82125819e-01 -5.26201785e-01
  7.47960925e-01 -1.56482920e-01  4.60313037e-02 -2.65412003e-01
 -5.34625314e-02  8.03116500e-01 -2.67045736e-01 -1.75648287e-01
 -5.17050028e-02  6.71064258e-02  9.57477838e-02  4.14703816e-01
  3.73381436e-01  9.59229290e-01 -1.59511548e-02  8.13415796e-02
 -6.27298504e-02 -2.35581264e-01  4.48313117e-01 -4.81231034e-01
  2.09117308e-01 -8.79557282e-02  2.81148791e-01  9.07665372e-01
  3.41973573e-01  2.44738191e-01  1.39856592e-01 -1.14559658e-01
 -2.82923520e-01  1.40285790e-01  8.49328220e-01  6.95818588e-02
 -3.92946899e-01 -1.77651234e-02 -4.74189192e-01  1.98056206e-01
 -6.19919263e-02 -5.01796342e-02  4.37217653e-02 -5.34453213e-01
  4.95691419e-01 -4.10655379e-01 -4.85100865e-01 -7.39810586e-01
 -7.04944968e-01  2.71274447e-01 -1.83758855e-01  5.18123545e-02
  4.88727152e-01  4.54407066e-01 -5.84678769e-01  3.87683719e-01
  3.21872056e-01  3.57393831e-01  3.55383009e-01 -3.79998296e-01
 -3.47448796e-01  4.07785267e-01 -8.78432542e-02 -2.30085835e-01
  8.11518729e-02 -7.79503956e-02 -3.45691741e-01 -3.99745852e-01
  9.90882963e-02  8.93566385e-03 -4.58664000e-02 -9.93360579e-02
  1.96768552e-01  2.82615889e-02 -4.26361799e-01 -2.70883530e-01
 -3.11137944e-01  1.78970415e-02 -1.39445350e-01 -5.24506509e-01
 -2.02143371e-01 -1.23284593e-01  5.05717874e-01  4.11226004e-01
  4.57899332e-01 -2.59011388e-01  2.66994417e-01  3.35939407e-01
  5.42337060e-01 -3.52597147e-01 -9.29851979e-02 -2.86421806e-01
 -5.18491387e-01  2.44461909e-01  5.57728350e-01 -3.99972685e-02
 -6.80266693e-02 -5.23167908e-01 -6.83489978e-01 -7.34597668e-02
 -1.04289405e-01 -9.44649816e-01  3.00450414e-01  3.42819601e-01
  5.22377014e-01 -5.12178838e-01  1.71480253e-01 -1.72848389e-01
  4.42137241e-01  1.61882833e-01  2.45924875e-01  2.21804485e-01
 -6.90505624e-01 -1.06625184e-01 -9.04255658e-02 -5.26045501e-01
  7.96223164e-01  4.66599345e-01 -4.81679857e-01  3.22850019e-01
  7.02495575e-01  1.76348478e-01 -4.62830335e-01  1.37234271e-01
 -4.23074573e-01 -2.60591537e-01  1.08638801e-01  4.98605758e-01
  1.53192118e-01  1.12182207e-01 -2.57297605e-01  3.10910214e-02
  6.21003330e-01  5.43195248e-01  2.99308687e-01 -1.11577511e-02
 -9.05102044e-02 -2.91862011e-01 -3.59261155e-01  4.76599544e-01
  3.13599229e-01  9.27524805e-01 -6.94848120e-01  8.27094734e-01
  4.17987198e-01 -3.51679027e-01  5.47586322e-01  8.27581048e-01
 -1.29535213e-01  3.58832538e-01 -3.82195741e-01  6.48860633e-02
 -9.12461519e-01  4.41856310e-02 -2.21253231e-01 -1.43553661e-02
 -1.20179899e-01 -6.09278530e-02  4.01586480e-03 -4.19904470e-01
  2.20407352e-01  2.30938774e-02  4.10899669e-02 -1.94762070e-02
  3.95751148e-01 -4.75532591e-01  7.65454233e-01  3.58244687e-01
 -3.60044986e-01 -1.57360524e-01  1.47609949e-01  8.77888873e-02
  7.88861632e-01 -2.47701049e-01  4.31561410e-01  9.22671258e-02
 -8.84726584e-01  1.00226708e-01  8.95279422e-02 -9.47557390e-02
  6.43715441e-01 -3.26216608e-01 -3.80982012e-01  3.47205490e-01
  9.38326716e-01  2.87590206e-01 -3.56857061e-01 -5.20918727e-01
 -5.70540652e-02 -4.02328372e-01 -3.85965049e-01  2.92511992e-02
  1.27606243e-01  4.22553509e-01 -1.21369891e-01 -4.19671200e-02
  1.57646224e-01  4.03877705e-01  1.31064340e-01  1.15740314e-01
  4.20765020e-02  9.24983174e-02 -2.73703396e-01  1.22083016e-01
  3.15802097e-01 -4.91713166e-01 -1.74496084e-01  7.19657719e-01
 -1.16461284e-01  2.35321566e-01  5.78406751e-02  2.04155892e-01
  1.03044659e-01  1.11952238e-01 -1.83408707e-01 -6.72207594e-01
 -3.49768341e-01  4.40805137e-01 -8.75808716e-01 -1.17407180e-01
  1.08051732e-01  3.65384132e-01  1.02070287e-01 -6.08843146e-03
 -5.85435987e-01 -2.72290111e-01 -1.77197620e-01  3.64187717e-01
 -4.98526663e-01 -6.59672797e-01  6.45488799e-01 -8.88883695e-02
 -4.59713668e-01 -1.22878194e+00  5.89016974e-01  7.76873603e-02
  5.91555059e-01  1.35122418e-01  1.53823718e-01  1.05919868e-01
  2.23764598e-01  3.77426692e-03 -2.17317641e-01  5.81588626e-01
 -1.02896585e+01 -3.00397485e-01 -3.24251980e-01 -7.45515168e-01
 -3.65222842e-01  2.69418508e-01  6.05192363e-01  1.78144068e-01
 -4.92345065e-01  1.49109691e-01 -3.99667203e-01  5.90169504e-02
  1.55871555e-01  1.00437291e-01 -3.68130863e-01  3.06801140e-01
 -3.21902841e-01 -2.93937206e-01 -3.14736694e-01  4.05683368e-02
 -4.04672593e-01 -3.30422372e-01  7.07302928e-01  1.13579541e-01
 -4.77767587e-02 -3.10592890e-01 -5.43449596e-02  9.66573209e-02
 -3.45795631e-01  2.95453578e-01 -3.79869014e-01  5.76226175e-01
 -1.73605904e-01 -1.12764962e-01 -4.58371878e-01 -1.88887537e-01
  4.78667468e-02 -4.94932413e-01 -1.94460616e-01  5.71884453e-01
  4.42748487e-01  6.00157559e-01  3.81390261e-03 -1.24246635e-01
  2.43384108e-01 -1.41740346e-03  1.91264541e-03  4.63049300e-02
  6.04634345e-01 -2.78821349e-01  4.44624096e-01 -2.66278207e-01
  2.37011582e-01 -1.86130553e-01  2.63404369e-01  2.88528621e-01
  7.91618526e-01 -1.00486386e+00 -1.51113421e-01  2.24622712e-01
  1.17757380e-01  1.10612117e-01  1.01274061e+00  8.12015459e-02
 -8.26491714e-02  3.21199447e-01  3.93637121e-01  1.78999379e-01
 -4.70517844e-01 -6.87119901e-01  3.97443473e-01  4.09759700e-01
  1.83875710e-01  1.60238653e-01 -3.04278731e-01  4.77321118e-01
 -5.04228137e-02  3.17943126e-01  1.72936738e-01  1.84958018e-02
  6.55283153e-01 -3.92788082e-01 -2.61824816e-01  1.86970681e-01
 -8.68328035e-01  1.72864348e-01 -1.37730643e-01 -2.82920212e-01
  3.12147856e-01 -7.29880512e-01  3.38896424e-01  1.42414495e-01
 -1.12944044e-01  3.94561291e-01  4.24635291e-01 -2.91074336e-01
 -1.67425960e-01  4.52450275e-01  3.38353097e-01 -4.10437047e-01]"
ツ,"[ 5.93054652e-01  6.31973743e-01  1.03743041e+00 -3.38346958e-01
 -3.17314506e-01  1.53912351e-01  3.15369278e-01  1.51547164e-01
 -4.57865357e-01 -2.20222011e-01  5.76399744e-01 -3.91476065e-01
 -1.33452311e-01  2.79024214e-01  3.35606664e-01  1.37487009e-01
  2.61563778e-01 -2.28357583e-01  4.92620841e-02 -7.41534173e-01
 -9.50193763e-01 -6.12515390e-01 -4.34492260e-01  4.54787582e-01
  7.51314908e-02 -2.52016306e-01 -4.93485093e-01  6.05775714e-01
 -1.70909956e-01 -6.64632380e-01 -3.49549532e-01 -1.44126952e-01
 -6.26271032e-03 -2.70445645e-01 -4.18693185e-01  3.66081923e-01
 -9.08106416e-02 -1.67567566e-01  2.11204201e-01 -3.60965729e-01
 -1.14444247e-03 -2.14913532e-01 -4.87886727e-01  2.32112721e-01
 -4.77376610e-01  6.70569420e-01 -9.40615907e-02  1.54971063e-01
  2.92042106e-01  6.08545803e-02 -3.01110178e-01  6.00833297e-01
 -1.35813415e-01  8.39150250e-02  4.55926627e-01 -4.41419542e-01
  2.60415792e-01 -4.71800208e-01 -1.63885862e-01  1.06522053e-01
 -1.59824967e-01 -1.17468774e-01  4.50728893e-01  1.67311013e-01
 -1.66427702e-01 -2.49589533e-01  2.20223367e-01 -1.80876836e-01
  1.08066872e-01 -9.67219412e-01 -1.31951064e-01 -2.58802082e-02
 -1.50461033e-01 -4.68418270e-01  4.98867363e-01  2.43514460e-02
  4.68619429e-02  2.81541646e-01  3.76499176e-01  3.90359312e-02
 -3.03812642e-02  5.56054294e-01  2.74985075e-01 -6.51585042e-01
 -1.58623844e-01  2.88541615e-01 -5.72049022e-01 -9.29416120e-01
  2.64997065e-01 -2.49971077e-01  1.53992191e-01  4.67643775e-02
  1.22241378e-01  1.43719867e-01 -8.80763903e-02  8.17514434e-02
 -1.37730427e-02  3.03064100e-02 -1.82975069e-01  2.70702749e-01
 -1.06515467e-01  1.08411767e-01  2.14313090e-01 -4.60908115e-01
 -1.05703540e-01  4.34699774e-01 -3.12488884e-01  1.87799945e-01
  2.35221758e-01  9.21714008e-02 -1.80327550e-01 -1.84084579e-01
 -7.12374568e-01  1.50278956e-01  2.76150644e-01  1.74813911e-01
  9.21629276e-03  3.54635179e-01 -4.53446448e-01  4.60162103e-01
  5.43807819e-02  4.50085491e-01  1.63460001e-01 -5.35523951e-01
 -2.58360445e-01  4.78288740e-01  1.05740577e-01 -9.72614884e-02
 -3.85400295e-01 -3.68733704e-02 -5.14321506e-01 -1.66028574e-01
 -2.61615694e-01 -2.34482318e-01 -1.48843810e-01  9.75131094e-01
  1.55135244e-02  2.06181351e-02 -2.67561898e-02 -8.91184881e-02
 -6.97191358e-01  3.06477070e-01  1.04075082e-01 -3.07842433e-01
  2.36447006e-01  8.45491216e-02 -6.16469324e-01 -1.15081584e-02
 -9.82868075e-02  4.13612545e-01 -2.35832080e-01  9.88422036e-01
 -7.58666992e-01  4.72182482e-01  3.41621876e-01  2.27347150e-01
 -4.13756937e-01  6.71729147e-02  2.23990455e-01  2.37898961e-01
  3.37500215e-01 -3.55970323e-01  2.47457281e-01  5.22889495e-01
  1.55343041e-01  3.29023629e-01  6.76953912e-01  1.03399821e-01
  1.68621317e-01  6.27864659e-01  2.53408551e-01  4.74841982e-01
  4.06576723e-01 -2.25432307e-01  1.25512406e-01  1.80875376e-01
  3.66562694e-01  4.11012806e-02  6.33999482e-02 -3.03811669e-01
  4.02486891e-01  2.25465655e-01  3.91595632e-01 -3.89827818e-01
  1.64712384e-01 -9.10687670e-02 -6.17955886e-02  7.92720392e-02
  2.14447603e-02 -5.54776471e-03 -1.61833882e-01 -1.38865158e-01
  3.17331403e-01 -3.40902805e-01 -1.76126644e-01 -6.22356534e-01
  8.21443051e-02  8.42387229e-02 -5.67101240e-01  2.41387129e-01
  8.37173238e-02  3.20969187e-02 -8.50063041e-02 -6.65098071e-01
 -9.84754860e-01  3.60095836e-02  2.41818115e-01  6.08451784e-01
  8.06956768e-01  2.81766176e-01 -9.29860473e-02  2.53277109e-03
  4.18947428e-01  1.99152201e-01  4.85445112e-01  1.92844465e-01
 -3.37190986e-01 -4.52641368e-01  3.02482257e-03 -2.51425534e-01
  3.63532513e-01 -9.91331134e-03  2.24667847e-01  9.34928954e-02
  3.12020451e-01  5.91023028e-01  2.89616317e-01 -3.11537862e-01
 -1.82891920e-01  1.78330034e-01 -4.44863766e-01 -4.78335470e-01
 -6.94796681e-01 -2.77433366e-01 -1.06586099e+00 -8.27516541e-02
 -1.44576892e-01  4.42896485e-01 -3.88468176e-01  1.79802507e-01
  8.41944590e-02 -2.34571114e-01  1.72580764e-01 -6.22433901e-01
 -9.22546983e-02  2.92022347e-01 -2.57126421e-01  2.42164116e-02
 -2.25935161e-01  7.69189149e-02 -1.19292557e-01 -6.40552640e-01
  4.77488190e-01 -2.45089531e-01  5.89251697e-01  2.12640911e-01
  4.18048948e-01 -5.16140640e-01  4.68056947e-01 -6.23251915e-01
  1.64984390e-01 -4.07239109e-01 -2.56092608e-01 -1.04508609e-01
  3.66087295e-02 -4.40852270e-02 -1.67182591e-02 -7.41434336e-01
 -7.63267040e-01 -6.71020031e-01  4.08105940e-01 -3.77534419e-01
 -1.79519504e-01 -2.68681854e-01  9.10318792e-02  1.88492581e-01
 -3.94902855e-01  3.07717770e-01 -4.48317796e-01  8.59495625e-02
 -3.69568586e-01  1.50235659e-02 -4.44562376e-01 -7.99343437e-02
 -2.07168445e-01 -1.20681457e-01 -3.15463930e-01 -2.61234671e-01
 -4.70812380e-01  5.48560262e-01  3.39034051e-01 -5.00531614e-01
 -1.77754298e-01  2.37363741e-01 -6.71192050e-01  5.02425075e-01
  4.33513820e-01  5.07969260e-01  9.20075923e-02 -2.37593815e-01
  1.14749134e-01  4.10525888e-01  1.94923222e-01 -5.02009809e-01
 -9.19230953e-02 -2.79888600e-01  1.65445015e-01 -1.50376469e-01
  3.02746981e-01 -8.91336650e-02  8.01515132e-02  8.00420344e-01
 -7.20185876e-01  3.82074833e-01  4.18466628e-01  6.24531806e-01
 -1.58155990e+00 -1.63273260e-01  3.23990941e-01  1.56616807e-01
 -2.85761863e-01  2.13390306e-01  6.22513354e-01  1.32764697e-01
 -5.07827640e-01 -6.07454956e-01  7.86349297e-01 -1.37129784e-01
 -4.02927659e-02  1.29466593e-01  4.33317035e-01  9.55873802e-02
 -7.22486898e-02 -2.39398569e-01  2.70016164e-01  3.44933212e-01
 -4.14106876e-01 -1.10244639e-01  1.78232610e-01 -4.78728235e-01
 -5.97938120e-01  5.34675300e-01 -2.81399429e-01  4.62422185e-02
 -5.26508749e-01 -2.26671472e-01  2.63142914e-01  1.23555315e+00
  9.06456888e-01  4.72202837e-01 -4.69096184e-01  3.97255607e-02
  2.95152754e-01  9.27587226e-02  4.36679989e-01 -4.56834972e-01
 -5.90069853e-02 -2.20178396e-01  2.60797739e-01 -3.32017866e-04
 -2.06950381e-01 -2.99770951e-01  6.51008741e-04 -2.24055022e-01
  1.38122231e-01  1.75745636e-01  6.39236927e-01  5.88848948e-01
  7.19190687e-02  2.77102858e-01  5.82066476e-01  2.16311961e-01
 -1.70263752e-01 -6.40766442e-01 -2.30413541e-01 -5.68587244e-01
  2.90704947e-02 -3.38953942e-01  3.12527008e-02  1.81268796e-01
 -6.44818321e-02 -2.55915046e-01 -1.90084308e-01 -7.55711079e-01
 -3.13365348e-02 -6.44157767e-01 -1.46841154e-01 -4.33835089e-01
 -1.41964793e-01 -5.82514048e-01  5.22669613e-01  2.56532013e-01
  4.11837041e-01 -2.65571237e-01 -6.84333980e-01  3.32307428e-01
 -4.00399417e-01  2.06229866e-01 -1.33592084e-01  2.60509789e-01
 -4.81329948e-01  2.42689289e-02 -7.52809644e-02 -4.78108406e-01
 -5.65111399e-01 -8.87082592e-02 -1.04523158e+00 -4.79845367e-02
 -2.66531497e-01  8.26450288e-01 -3.27674337e-02  2.85120279e-01
  4.31138948e-02  2.52920598e-01 -1.52341291e-01 -3.42377901e-01
 -2.89321750e-01  3.02034825e-01  6.61273122e-01  5.66177130e-01
  5.04028320e-01  3.27413112e-01  3.73967439e-01  2.12331444e-01
  3.67514849e-01 -7.76118934e-02 -7.36723125e-01 -1.21164195e-01
  4.99236196e-01 -1.67580128e-01  1.14323527e-01  1.70401514e-01
  1.82005525e-01  7.76777327e-01 -4.02723670e-01 -1.36259639e+00
 -3.62330899e-02  2.31313914e-01 -6.11715205e-03  3.95618588e-01
  6.89358473e-01  6.49379611e-01  1.68875813e-01  3.07827920e-01
  1.79943383e-01  5.88066094e-02  3.48358154e-01 -1.07764162e-01
  4.42926407e-01  1.75804436e-01  4.12040174e-01  5.61165810e-01
  2.70444304e-01  3.96539837e-01  7.22435355e-01  5.81487000e-01
 -3.75631601e-01  3.89082193e-01  2.34206215e-01 -6.45181462e-02
 -4.64044631e-01  3.88724625e-01 -5.32438338e-01 -1.56040117e-01
 -4.40344483e-01  1.38371438e-01  8.85570109e-01 -3.94426674e-01
  4.82774436e-01 -3.91781479e-01 -3.31564277e-01 -5.33570290e-01
 -6.43657744e-01  2.25389302e-01 -3.71477544e-01  4.74753138e-03
  4.03961092e-01  1.67642422e-02 -6.07153833e-01  1.63797542e-01
  3.15056533e-01  5.81275940e-01  1.68434724e-01 -3.42039049e-01
 -3.63199413e-02  5.71580946e-01 -2.08626255e-01 -1.29445828e-02
  1.73548475e-01 -5.56816049e-02 -2.27941990e-01 -9.74845469e-01
 -5.03141522e-01 -1.16645418e-01  9.46948007e-02 -5.06972015e-01
  6.75150454e-01  4.82142806e-01 -5.62234879e-01 -2.52805948e-01
 -3.16546917e-01 -5.73950410e-02 -8.56062025e-02 -5.31324863e-01
  1.03178859e-01 -7.95996413e-02 -1.23421298e-02  6.55670106e-01
  5.35984337e-01 -4.28724408e-01 -5.57401143e-02  5.66330373e-01
  3.62647355e-01  4.24878709e-02  2.00143695e-01 -4.51183498e-01
 -4.79660392e-01  5.60747162e-02  2.92415738e-01 -8.92062262e-02
 -1.26171678e-01 -2.47355521e-01 -5.90400398e-01 -5.41651428e-01
 -3.02963138e-01 -1.24599636e+00  4.30589676e-01 -4.74571697e-02
  3.65876317e-01 -1.09364641e+00  2.65629798e-01 -1.48231715e-01
  4.52908427e-01 -1.17568851e-01  5.35040796e-01 -7.83148408e-02
 -8.81633103e-01 -2.90599912e-02  2.55460083e-01 -4.95382816e-01
  1.01877964e+00  5.99872589e-01 -3.33801836e-01 -2.95218706e-01
  2.19536379e-01  1.34753346e-01 -1.53826803e-01  1.61928892e-01
 -2.18645781e-01 -3.78058046e-01  8.16185698e-02 -9.91635993e-02
  3.99884731e-01  3.49968255e-01  1.32835768e-02  7.84867257e-02
  7.46547461e-01  1.67585403e-01  5.67745447e-01  3.43107969e-01
 -6.40130758e-01 -6.30431697e-02 -4.24698025e-01  2.37113789e-01
  1.23999968e-01  7.86675453e-01 -2.24457860e-01  3.43409002e-01
  6.81579888e-01 -2.36948401e-01 -1.11627102e-01  5.49222469e-01
  7.97847286e-02  3.61143678e-01 -1.64887279e-01  8.69230479e-02
 -9.79767382e-01  3.18145871e-01  2.97810853e-01  1.51207387e-01
  5.99983111e-02  1.21585131e-01  1.28585761e-02 -8.22406709e-01
  2.65094697e-01  6.52206242e-02 -2.65663743e-01  2.78957367e-01
  3.24606329e-01 -6.27619699e-02  8.22525263e-01  3.37410361e-01
 -2.73981065e-01 -5.44343330e-02 -1.59358665e-01  8.00446153e-01
  8.54212821e-01 -1.37147456e-01  4.37386125e-01 -4.90453899e-01
 -8.21708441e-01  2.43767127e-01  1.17553338e-01  3.25485438e-01
  6.08734131e-01 -4.99935985e-01 -3.56372505e-01  6.48382843e-01
  2.60487318e-01  1.23897068e-01 -2.65856236e-01 -4.23188478e-01
  3.21372062e-01 -9.52896774e-02 -9.99052972e-02  2.13368446e-01
  2.74972856e-01  5.59816003e-01  4.74202037e-01  1.23255827e-01
 -3.89277786e-01  7.70849645e-01  4.01249155e-02 -4.25729841e-01
  1.60591438e-01 -6.24344647e-01  1.91366538e-01  2.53939450e-01
  3.62298101e-01  1.14751421e-01 -3.00408155e-01  2.21279413e-01
 -3.05855602e-01 -1.42267123e-01 -3.53112787e-01  4.56153959e-01
  1.53230906e-01 -8.16366374e-02 -2.91995317e-01 -5.06588340e-01
 -2.15198979e-01 -2.21242458e-02 -8.62219751e-01 -6.20679744e-02
  9.31381062e-02  2.48438075e-01 -2.22354665e-01 -1.84063073e-02
 -7.27000237e-01 -3.78167182e-01 -3.25843364e-01  3.78066629e-01
 -7.06938386e-01 -3.96107137e-01  5.64179420e-01  9.21429172e-02
 -1.90799348e-02 -1.30559301e+00  5.10205030e-01 -7.26425573e-02
  2.44777650e-01 -1.59302056e-01  1.41413763e-01 -4.17100400e-01
  4.53599133e-02  8.63836333e-02 -2.98153698e-01  8.65919068e-02
 -1.01870337e+01  2.16223821e-01 -5.15332103e-01 -4.30300862e-01
 -5.00162661e-01 -7.47401714e-02  8.72419477e-01  4.47256416e-01
 -1.86784685e-01  6.05300307e-01 -1.99960366e-01  6.10309899e-01
  3.53901982e-01  2.62665115e-02 -1.96473315e-01  9.74662229e-02
 -2.96127349e-01 -5.57382181e-02 -2.70759046e-01 -9.54452828e-02
 -4.60564673e-01 -3.72810394e-01  7.33393729e-01  4.50788796e-01
  6.29659116e-01 -1.57702535e-01  1.32048354e-01  4.13061649e-01
 -3.31314117e-01  3.68720263e-01 -1.03724337e+00  5.49242020e-01
 -3.11428607e-01  7.60378182e-01  1.52323395e-01  8.01357627e-02
  6.27902970e-02  1.70735419e-01 -2.68398166e-01  4.23721880e-01
  4.93558913e-01 -3.09099872e-02 -7.72415921e-02  3.53514850e-02
 -2.98044205e-01  3.58415954e-02 -1.19324647e-01  7.53478631e-02
  5.91220021e-01 -2.72128522e-01 -4.93429005e-02 -1.86581269e-01
  1.33067638e-01 -2.25517973e-01  2.00520188e-01  1.49728149e-01
  8.18328917e-01 -6.64590061e-01 -3.17550451e-01  9.87665951e-02
  5.90586960e-01 -6.58743680e-02  4.69421178e-01  6.20416582e-01
  1.04325533e-01  5.02266645e-01  3.52702737e-01  2.42429018e-01
 -1.14290822e+00 -2.23148361e-01  3.11280310e-01  7.61534333e-01
 -2.10704356e-02  3.10787577e-02 -1.68237954e-01  2.66182274e-01
  1.29674822e-01  1.88206553e-01  4.32092816e-01 -7.68738389e-02
  1.99163601e-01 -1.85180590e-01 -6.95248768e-02  5.90726435e-01
 -7.08386242e-01  1.37811095e-01 -6.11194149e-02 -3.21356416e-01
  2.62741297e-01 -4.81617630e-01  3.14485490e-01 -1.78254366e-01
 -8.47641468e-01  5.24996400e-01  7.51510680e-01 -3.50318164e-01
 -3.77528638e-01 -9.29861590e-02  2.22409159e-01 -2.93462634e-01]"
ガ,"[ 4.87102926e-01  3.11243832e-01  6.41896725e-01 -2.55658299e-01
 -2.65800506e-01  4.89918888e-01  4.23613012e-01 -1.52509168e-01
 -7.58007944e-01  5.26193194e-02  8.78986001e-01  1.58182885e-02
 -6.48951292e-01  4.87012928e-03  1.28733128e-01 -9.17625278e-02
  1.06653929e-01 -2.34214693e-01 -2.32696757e-02 -1.29869543e-02
 -5.89991927e-01 -2.12751880e-01 -2.25817293e-01  6.77580535e-01
  2.99185868e-02 -1.01807162e-01 -2.57883817e-01  5.04817069e-01
  1.95891991e-01  5.71742505e-02  1.50267839e-01 -3.04121487e-02
 -1.19789757e-01 -1.16197348e-01 -4.10967320e-01  2.94807196e-01
 -5.72437160e-02  5.08057140e-02  3.51844072e-01  1.74906567e-01
 -3.35266627e-02 -2.32654914e-01 -5.39196789e-01 -1.53322414e-01
 -1.20861731e-01  2.53205359e-01 -3.15593332e-01  1.97897702e-01
  4.16663513e-02  3.15873295e-01 -4.19974297e-01  2.47631639e-01
  5.25173724e-01  2.76362062e-01  8.60089436e-02 -1.84508413e-01
  8.09439600e-01 -7.50835657e-01 -7.39435246e-03  6.53295815e-01
 -1.12950766e+00  2.26271987e-01 -2.96407342e-01 -4.52189259e-02
 -8.16813260e-02 -1.67574599e-01 -9.04666558e-02 -1.34454355e-01
  6.22959554e-01 -6.75826013e-01  1.66561082e-01 -3.04991782e-01
 -4.26511496e-01 -4.62691098e-01  1.61378220e-01 -4.63635921e-01
  2.19851434e-02  5.47964334e-01  9.30253208e-01  3.34874988e-01
 -5.61325312e-01  3.77667874e-01 -6.95181713e-02 -7.27690876e-01
 -4.35756534e-01 -4.83368058e-03 -9.61649895e-01 -6.33571684e-01
  6.30200267e-01 -2.44495586e-01 -3.73210102e-01 -7.22561300e-01
  2.58134335e-01  1.18708104e-01  7.05392420e-01 -2.53477916e-02
 -2.43883505e-01  2.70567611e-02 -3.36368196e-02  2.74582863e-01
 -7.68600881e-01  3.54108483e-01  7.19083607e-01 -7.18512163e-02
 -2.06512079e-01 -1.81876216e-03 -1.87226936e-01  3.97638738e-01
  4.30907458e-01  5.46827078e-01  2.21992701e-01 -8.01890850e-01
 -9.75964725e-01 -4.73407269e-01  2.08316132e-01 -3.77684906e-02
 -1.18580699e-01  2.88550228e-01 -1.79840237e-01  6.87829077e-01
  1.89707786e-01  6.30121589e-01 -2.09169060e-01 -7.22944438e-01
 -3.67359072e-01  4.42403853e-01  3.75250220e-01 -1.67699128e-01
 -4.45971876e-01 -4.43130046e-01 -7.77075946e-01 -6.73386604e-02
 -3.17144930e-01 -4.29443687e-01 -5.21790266e-01  8.09447527e-01
 -2.51292497e-01  1.07509039e-01 -4.02591705e-01 -4.01843041e-01
 -4.66763973e-01  2.77931184e-01  4.54577282e-02 -6.54930830e-01
 -4.47751172e-02  1.82618666e-02 -1.46186337e-01 -3.53450954e-01
  3.65551651e-01  4.58576322e-01  3.83030809e-02  1.15077615e+00
 -7.05161870e-01  5.01098812e-01  1.11437701e-01 -1.24031894e-01
 -6.37571394e-01 -1.16458729e-01  1.03160486e-01  2.92469934e-03
  2.76314765e-01  4.90697436e-02  3.06794971e-01  1.14732182e+00
  2.20069811e-01  1.14685535e-01 -5.42340055e-02  9.31418501e-03
  2.35789567e-01  7.93124497e-01  9.28854406e-01  2.65765101e-01
  7.83144653e-01 -5.17836809e-01  1.42908663e-01  3.79758269e-01
  5.70825636e-01  1.89598482e-02 -2.14401141e-01 -2.80106753e-01
 -5.26373684e-02 -3.25409532e-01  2.34065682e-01 -5.05458832e-01
  6.04711890e-01  2.00704515e-01  4.48527634e-01 -1.53408259e-01
 -1.05654262e-01 -2.11676490e-02  4.89759520e-02 -5.36264181e-01
  2.35504940e-01 -5.77372491e-01 -3.04202884e-01 -2.59778798e-01
  4.16109085e-01  4.37170476e-01 -1.98232874e-01  2.00957581e-01
  1.16632193e-01 -2.99597561e-01 -1.53533630e-02 -8.52346659e-01
 -2.52352655e-01 -2.51293719e-01  6.04821183e-02  4.70658660e-01
  1.50551990e-01  8.46910700e-02 -1.78496465e-01 -3.23285073e-01
 -2.10635960e-02 -1.85596377e-01  6.92743003e-01 -6.86029613e-01
 -7.52128541e-01 -6.00426733e-01 -1.78169087e-01  1.76661879e-01
  5.30058563e-01 -2.94614315e-01  4.18475419e-02 -3.43066841e-01
  3.03220630e-01  3.98076743e-01  5.03547430e-01 -1.45327166e-01
 -6.16286635e-01  1.14175066e-01 -4.64864165e-01 -6.51364386e-01
 -5.74836969e-01  1.39019296e-01 -6.86530650e-01 -7.18855500e-01
 -1.62003525e-02  2.56190926e-01 -1.57868505e-01 -2.49113645e-02
  5.58117688e-01 -4.45236683e-01  5.37131071e-01 -4.22934502e-01
 -5.33883691e-01  3.80867422e-01 -4.37793344e-01 -7.93895796e-02
  1.63957864e-01 -1.22851722e-01 -7.34448314e-01 -1.51064739e-01
  2.86140591e-02 -3.42519619e-02  9.11681950e-01  6.52216673e-01
  9.04354215e-01 -3.60261589e-01  2.94997424e-01 -7.33624399e-01
 -2.37593725e-01 -5.25563180e-01 -2.72787124e-01 -6.93399534e-02
  1.87732786e-01 -1.90736473e-01 -4.59045589e-01 -1.07583833e+00
 -1.03320360e+00 -4.22039717e-01  3.44428681e-02 -9.79672968e-02
 -1.53228685e-01 -2.95765638e-01  1.62366420e-01  5.44586360e-01
 -5.72979867e-01  6.52360082e-01 -3.40823948e-01  9.85157251e-01
 -4.81229156e-01  4.01148051e-01 -7.45911956e-01 -2.72951245e-01
 -2.08285823e-02  5.04634142e-01 -7.04863131e-01 -5.09969354e-01
 -4.51653063e-01  5.08494616e-01  7.07686424e-01 -7.81175137e-01
  1.91884879e-02  7.66404271e-02 -6.47989988e-01  3.43551278e-01
  2.79196143e-01 -1.82792485e-01  1.73138395e-01 -2.43612807e-02
  4.02659476e-01 -4.16874498e-01  4.06860799e-01 -7.95387328e-02
  4.87347171e-02 -3.54602754e-01  3.98236811e-02  3.16585839e-01
  3.39974403e-01 -3.07458758e-01  6.74966514e-01  4.79050040e-01
 -4.88953501e-01 -7.36426562e-02  6.04643524e-01  4.84294802e-01
 -1.68717945e+00  1.72572300e-01  4.86988902e-01  7.63374567e-02
 -4.58339840e-01  3.84485513e-01  5.82558215e-01  5.67464590e-01
  1.39527276e-01 -8.92349124e-01  1.38178408e+00  1.11770689e-01
 -5.03181100e-01  1.96331054e-01  2.76365191e-01 -1.24078147e-01
  2.28829496e-02 -6.27416313e-01  6.66640177e-02  5.14796913e-01
 -1.71295613e-01 -6.22882098e-02  1.01601094e-01 -3.97314727e-01
 -3.47880386e-02  6.59143984e-01 -7.94553995e-01 -3.30902576e-01
 -6.23083949e-01 -1.47895947e-01  3.65183175e-01  1.67670977e+00
  1.52352259e-01  5.25753498e-01 -7.20292032e-01 -2.38409936e-01
 -4.74726677e-01 -8.77086222e-02  5.77413626e-02 -4.95049238e-01
  3.59099135e-02 -4.44957197e-01  2.49648958e-01  2.66159117e-01
  1.78566054e-01 -1.27892867e-01  2.91438788e-01  2.75978565e-01
 -9.63191763e-02 -2.77525536e-03  6.35804117e-01 -7.95160532e-02
  3.34968567e-01  1.78161725e-01  7.12979853e-01  8.59439433e-01
  1.29124030e-01 -1.74191177e-01  2.29232401e-01 -9.37118471e-01
  4.22426820e-01  5.19556165e-01 -3.88682097e-01  4.20554668e-01
  8.07774588e-02 -4.75782640e-02 -4.32050042e-02 -5.15965760e-01
  4.31924939e-01 -5.30254841e-01 -6.94619775e-01 -2.55624413e-01
  3.96445721e-01 -2.18339581e-02  7.94128895e-01  6.02789223e-01
  5.55866838e-01 -5.52847505e-01 -4.49416786e-01  4.72039253e-01
 -2.78069116e-02  6.45434022e-01 -3.10274422e-01  4.74136442e-01
 -1.93098858e-01 -8.16230103e-02 -3.30630004e-01 -1.10169291e+00
 -1.13280618e+00 -3.52735966e-01 -8.43716204e-01  8.83318409e-02
  1.66179333e-02  5.26093543e-01 -3.56828183e-01  3.08924347e-01
  4.33942318e-01  8.85413289e-02 -1.92443833e-01 -8.67350101e-01
  1.52217718e-02  9.92809236e-02  1.53158471e-01  1.44698232e-01
  3.81255835e-01  4.37904656e-01 -2.32859179e-01 -5.45465410e-01
  3.18789572e-01  2.32400820e-01 -2.12542072e-01 -7.39846110e-01
  2.90166646e-01 -1.75499260e-01 -2.76845038e-01 -7.00312927e-02
  2.61328429e-01  1.22521937e+00 -9.07525071e-04 -6.64439201e-01
 -6.06603697e-02  2.54310548e-01 -1.09296091e-01  1.08313107e+00
  5.47250509e-01  4.56077576e-01 -2.52092749e-01  7.64947459e-02
 -2.58932501e-01 -1.01815470e-01  4.55579013e-02 -1.34167776e-01
  6.16688550e-01  1.23469651e-01  3.93703103e-01  1.07308948e+00
 -7.08035752e-02  4.18296814e-01  1.89480096e-01  5.41648686e-01
 -5.78362405e-01  4.31199521e-01 -6.22014344e-01 -3.88963670e-01
 -4.04560477e-01  2.73272306e-01 -6.44837677e-01 -4.88343865e-01
  7.48318881e-02 -5.59296608e-02  3.65558594e-01  9.47508067e-02
  3.34743351e-01 -4.86705512e-01 -7.51668096e-01 -6.94775105e-01
 -8.65111053e-01 -1.33149996e-01 -7.60113299e-01 -7.70404860e-02
  1.18197012e+00  1.87574059e-01 -6.37452304e-01 -2.22108066e-01
 -2.06482261e-01  4.50286150e-01  2.12032590e-02 -2.14349162e-02
 -4.26329583e-01  4.19664890e-01 -5.26169300e-01 -6.16239272e-02
  2.19854400e-01  2.90658865e-02 -4.52168137e-01 -7.93602288e-01
 -7.37201929e-01  2.36092298e-03  2.14386970e-01 -5.86620867e-01
  4.46115047e-01  2.37375095e-01 -4.82349604e-01  2.23666042e-01
  1.76527977e-01 -4.17226076e-01 -1.36192858e-01 -5.13982534e-01
 -1.69208318e-01 -2.42283970e-01  8.09249952e-02  4.38421555e-02
  5.07420957e-01 -4.11537796e-01 -2.90060192e-01  9.95623589e-01
  8.85742232e-02  6.95859119e-02  5.98578572e-01  3.09065189e-02
 -5.30822277e-01 -3.20099927e-02  5.52023709e-01  5.25248706e-01
  5.48582077e-01  1.85407206e-01 -7.00361907e-01 -5.91181457e-01
 -8.54389668e-02 -7.71633446e-01  6.79493964e-01  1.72312722e-01
  8.22359025e-01 -8.29587638e-01  2.44997725e-01 -6.35278821e-02
  4.55855787e-01 -1.47618756e-01  5.59244454e-01  3.89434427e-01
 -1.01204860e+00 -7.71505952e-01 -3.53402346e-01 -4.53035712e-01
  5.87937951e-01  5.10177433e-01 -6.03639901e-01  1.73932269e-01
  7.94981360e-01  3.54230553e-01 -6.28021598e-01 -4.55308780e-02
 -4.54213530e-01  7.79537261e-02  8.99411857e-01  2.59792469e-02
  3.64872545e-01  6.61783457e-01 -8.72354567e-01  4.20550346e-01
  6.46677837e-02  7.14213789e-01  1.11260369e-01 -1.35064004e-02
 -3.33639950e-01  1.85249746e-01 -9.36810434e-01 -4.13559973e-01
  2.35341579e-01  1.02262273e-02 -4.04132396e-01  5.86309910e-01
  6.87199056e-01 -4.46733892e-01 -1.71096385e-01  1.19632244e+00
  6.93441391e-01  1.17275608e+00  6.93421215e-02  2.63220608e-01
 -6.31223857e-01  5.04677773e-01  9.99296308e-02  1.13816246e-01
 -4.36114192e-01 -4.96457182e-02 -3.17858234e-02 -5.10294259e-01
  2.84287542e-01  3.04703057e-01 -4.71303798e-03  1.99713781e-01
 -2.32942969e-01 -4.44165878e-02  1.13874626e+00  1.27944246e-01
  9.08200592e-02 -1.36128470e-01 -8.36950764e-02  7.81595886e-01
  3.87852669e-01  1.13653108e-01  2.87332624e-01  1.16083063e-02
 -5.78344226e-01  1.75072759e-01 -3.80622298e-01  4.01899815e-01
  5.45887649e-01 -6.93964660e-01 -8.11438859e-01  5.98314643e-01
  5.78667760e-01  2.32014835e-01 -1.50028467e-02 -6.39318228e-01
 -1.01939127e-01 -5.47196604e-02  2.05331877e-01 -8.08889270e-02
  2.01290622e-01  2.76928246e-01 -1.14401348e-01 -4.04419929e-01
  2.06725106e-01  3.96473378e-01 -7.10416734e-02 -6.28069341e-01
 -1.21564813e-01 -1.57631814e-01  3.05762708e-01  1.28870085e-01
  3.10597092e-01  4.82357899e-03 -2.38377333e-01  4.69483793e-01
 -1.85609758e-01 -3.79555434e-01 -2.56590217e-01  8.33581448e-01
  2.38814473e-01 -5.74004231e-03  2.24772781e-01 -4.34586316e-01
 -4.82878760e-02  1.45668969e-01 -7.98618555e-01 -8.86615664e-02
  3.91872108e-01 -3.64762038e-01 -2.86167711e-01  3.89739692e-01
 -6.75868332e-01  2.99784631e-01  1.21098742e-01  5.83182991e-01
 -6.07244790e-01 -4.77152824e-01  4.59966838e-01 -1.51549010e-02
 -2.35751390e-01 -1.48351049e+00  5.75333118e-01  1.72610536e-01
  3.98239195e-01  7.32976347e-02  3.29162300e-01  2.27515206e-01
 -2.97334611e-01  3.33437324e-01 -3.54394078e-01  2.68682569e-01
 -9.62337112e+00 -3.36690634e-01 -2.50004083e-01 -3.44363868e-01
 -3.09751272e-01 -1.92816377e-01  1.17885637e+00  7.91099310e-01
 -3.51741403e-01  1.09298572e-01 -5.06483197e-01 -5.39910555e-01
  4.72893506e-01 -1.59490675e-01  3.44220502e-03  3.76025468e-01
 -8.66629839e-01 -5.09394169e-01 -5.06559193e-01  2.62557805e-01
 -1.96012110e-01 -7.77080804e-02  8.86441767e-01  8.80405903e-02
  2.78712120e-02  2.87945390e-01  4.37858135e-01  1.46378219e-01
 -6.59997091e-02  7.54593849e-01 -5.52720547e-01  4.25995737e-01
 -7.24203587e-02  5.26358068e-01 -3.62492770e-01  1.43278226e-01
  1.11451164e-01 -3.98030970e-03 -9.82244492e-01  7.61471212e-01
  4.78391171e-01  6.14347816e-01  1.77219689e-01  3.31757545e-01
 -1.94949806e-01 -4.19891298e-01 -9.06330422e-02  2.13685602e-01
  2.22917244e-01 -7.46719539e-02  7.28704548e-03 -5.78665972e-01
  4.51801211e-01 -3.77995819e-01  4.56797719e-01 -2.50311732e-01
  6.14805400e-01 -4.80902761e-01  6.73477471e-01 -1.68807562e-02
 -3.96499373e-02  4.69478190e-01  6.35107517e-01  2.96951056e-01
 -8.25255752e-01  5.72971702e-01 -2.36644641e-01 -1.97643682e-01
 -6.04832292e-01 -4.43856090e-01  9.19528723e-01 -1.17217293e-02
  3.22073817e-01  5.44641279e-02  4.76709872e-01  3.85126144e-01
 -5.30833416e-02  2.26926416e-01  4.39385384e-01  1.78381726e-01
  8.09423387e-01 -4.46282804e-01 -6.75133988e-02  1.70631260e-01
 -7.23487198e-01  1.87262089e-03  5.20968497e-01 -2.99509287e-01
  1.36904612e-01 -6.00550413e-01  1.13538408e+00  5.05654335e-01
 -8.69104207e-01 -4.20394316e-02  3.11608732e-01 -8.70124400e-02
 -4.16175537e-02  2.89624840e-01  3.13185215e-01 -1.62926763e-01]"
イ,"[ 2.50548184e-01  4.48937267e-01  1.49297416e-01 -5.58641434e-01
 -1.36049360e-03  9.18458104e-02  3.72122318e-01 -2.34025866e-02
  8.32772255e-02 -4.97295290e-01  9.22433853e-01  7.10767582e-02
 -3.67893755e-01 -5.82557209e-02  4.59260195e-01  4.77102995e-02
  3.02615255e-01 -9.85034108e-02 -3.38973910e-01 -3.08446378e-01
 -4.29474026e-01 -4.62878853e-01  3.21236649e-03  1.25402525e-01
  4.18089509e-01 -4.00412738e-01 -9.11752507e-02  2.27680996e-01
 -1.43591851e-01 -1.56664610e-01 -3.75716507e-01 -3.74419689e-01
 -1.87974006e-01 -2.18470380e-01 -2.78684914e-01  8.27848911e-01
  1.41053796e-01 -2.76184261e-01  4.95626181e-02 -3.05525046e-02
 -2.75077790e-01 -1.03702962e-01  1.34631038e-01 -2.77510285e-01
 -3.40850383e-01  5.33725679e-01  8.50845575e-02  2.99998224e-01
  3.01730722e-01 -2.98516285e-02 -4.11128640e-01  4.12371367e-01
  2.30536029e-01 -5.54429591e-02 -2.61237088e-04 -1.30602717e-01
 -1.06849350e-01 -1.77051768e-01  1.52675107e-01 -1.06077278e-02
 -8.04195479e-02 -2.17927918e-01  1.38151884e-01 -6.45262748e-02
 -4.89816844e-01 -2.55414426e-01  1.58404615e-02  8.91135074e-03
 -1.77109227e-01 -5.93673766e-01 -3.99504185e-01  2.75213420e-01
  1.36441067e-01 -4.09847617e-01  4.42099303e-01 -3.25954139e-01
  3.14410836e-01 -1.61171347e-01 -1.37885913e-01 -1.05943531e-01
 -2.27227271e-01  4.18201625e-01 -1.32867172e-01 -6.18982315e-01
  1.17178842e-01  5.95237687e-03  1.06585197e-01 -4.83482927e-01
  3.78091365e-01 -5.38670719e-01 -3.54409844e-01  2.72403359e-01
  5.72565138e-01  3.44812155e-01 -2.85803229e-01  7.02245161e-02
  1.58337325e-01 -2.32174933e-01 -2.50325263e-01 -1.26444459e-01
  5.01085997e-01 -3.91440392e-01  1.21531844e-01 -1.62783220e-01
 -1.63571373e-01  1.28945395e-01 -4.89772826e-01  5.72921038e-01
 -3.15574333e-02 -1.19167745e-01 -2.01856926e-01 -2.57736564e-01
 -3.56377959e-01  4.04012829e-01 -2.66229004e-01 -1.14951387e-01
 -1.68238834e-01  3.99795383e-01 -2.98424929e-01  1.94822043e-01
  2.34678298e-01  2.92861432e-01  6.76141456e-02  1.55305445e-01
 -9.61431861e-02  5.45691550e-01 -2.27928966e-01 -5.58218956e-02
  6.11917041e-02 -2.34988824e-01  2.70687819e-01  7.24034384e-02
 -3.39391261e-01 -1.39200687e-01 -5.78420401e-01  2.52620310e-01
 -1.55659407e-01  5.99726513e-02 -8.23525488e-02 -5.83877563e-01
  4.79102395e-02 -2.66819984e-01  2.30884418e-01  1.89756200e-01
  4.72326167e-02  3.04461829e-02  4.09246147e-01 -2.07717076e-01
  4.46753055e-01  1.35313988e-01 -5.19040711e-02  7.83359170e-01
 -3.72239619e-01 -2.98980087e-01 -2.79809713e-01  4.24865223e-02
 -3.43452454e-01  4.00078408e-02  6.53272718e-02  4.72722799e-01
  2.74603307e-01 -6.96615577e-01  7.82220960e-02  4.43041563e-01
  2.62496650e-01  7.81520724e-01  1.20959178e-01 -9.58712175e-02
 -2.41772830e-02  5.50421357e-01  2.61897832e-01  4.25607026e-01
  1.25510529e-01 -5.66315174e-01  2.34457389e-01  5.65372288e-01
  1.36234045e-01  1.51190206e-01  2.92226672e-01 -4.61350918e-01
  1.08596943e-01 -4.49336797e-01 -2.26929694e-01 -4.77954000e-01
  5.77559650e-01 -1.59313872e-01 -1.40749946e-01  4.92161028e-02
  4.04408202e-02  6.45688677e-04 -5.78388631e-01  3.01188584e-02
  5.47215581e-01 -4.30748194e-01 -4.94826287e-02 -1.22020781e-01
 -5.79941235e-02 -3.47213954e-01 -1.85375482e-01  5.23390710e-01
 -8.71587992e-02  2.89862871e-01 -2.70354658e-01 -2.00902432e-01
 -1.12464201e+00 -2.22978801e-01  2.93578357e-01  4.99000549e-01
  2.64169604e-01  1.19105786e-01 -4.83888686e-01  2.27860138e-01
  4.43124741e-01  4.85236853e-01  2.13789027e-02  5.02767190e-02
 -2.78068930e-01  1.79585114e-01  3.59902501e-01 -5.64133942e-01
  4.23757136e-02 -1.10955477e-01  7.74233863e-02  3.42142850e-01
 -2.29771048e-01 -1.03759691e-01 -2.96202395e-02  6.09361641e-02
 -1.47232220e-01  7.78218448e-01  2.73346543e-01 -9.64207575e-02
 -5.74971795e-01 -4.45089012e-01 -9.19788301e-01  2.41214693e-01
 -1.61082417e-01  2.24556953e-01  3.09266180e-01  2.97025204e-01
  2.58245766e-01 -2.68003106e-01 -1.42835811e-01 -2.70083547e-01
 -2.40813389e-01  3.36348623e-01  1.93774030e-01 -1.58180520e-01
 -5.90977848e-01  3.31599921e-01 -5.10832071e-01 -2.68380016e-01
  6.35851324e-01 -1.43599451e-01  5.74423790e-01  1.40938282e-01
  4.89772707e-01 -8.53540748e-02 -1.87461779e-01 -9.55950767e-02
  4.36156765e-02 -4.13839400e-01 -1.06972173e-01 -2.34485179e-01
  1.09996134e-02  1.04650222e-01  5.84264323e-02 -6.36326253e-01
 -7.37071559e-02 -3.16342860e-01  1.02464452e-01 -5.68891943e-01
 -7.04476461e-02  2.30291873e-01 -3.56901407e-01  2.50668466e-01
 -1.04109794e-01  3.35607588e-01 -2.99138874e-01 -8.98166895e-02
 -1.03467691e+00  4.62022066e-01 -7.32673287e-01  3.54275584e-01
  1.19880915e-01 -1.02041975e-01 -6.54364452e-02 -1.25603393e-01
 -1.99910551e-01  5.11823535e-01  1.64882660e-01 -2.88099885e-01
 -5.12577772e-01 -3.31790335e-02 -1.48431510e-01  8.92459005e-02
  1.57078892e-01 -2.20352858e-01  7.79311778e-03  1.18221991e-01
  5.48335910e-01  1.16938703e-01  1.51461095e-01 -1.68676421e-01
 -3.16606641e-01 -8.21139872e-01 -1.74249917e-01  1.65940970e-01
  6.09729469e-01 -3.89872491e-01 -1.51548386e-01  1.06592011e+00
 -1.71224177e-01 -2.75369376e-01  2.07378134e-01  4.92522776e-01
 -1.40063012e+00  1.89765319e-01  5.88225245e-01  8.27125367e-03
  5.32373041e-02  3.26102495e-01  3.05587888e-01  3.56416821e-01
 -5.22400737e-01 -3.92370522e-02  3.14461082e-01  3.73597950e-01
 -3.61708365e-03 -3.67071837e-01  3.96332085e-01 -7.00402111e-02
  7.45707527e-02 -6.12056315e-01 -3.19102615e-01  4.11913991e-01
 -8.74440968e-02  8.74632224e-02 -1.70665272e-02 -3.10056239e-01
  6.94663972e-02 -2.88684756e-01  2.69203126e-01 -3.25777143e-01
 -2.06082761e-01 -2.72670299e-01  2.63510078e-01  4.49198842e-01
  6.61635160e-01  5.16491294e-01  3.55158955e-01  2.68697768e-01
  4.47348505e-01  3.80298793e-01  4.60312426e-01  3.10991406e-01
 -1.06315635e-01  1.95352584e-02  5.47567546e-01  3.21961701e-01
  2.60394633e-01 -2.76618730e-02 -2.40978584e-01  6.40438259e-01
 -3.42877991e-02  4.84192222e-01  4.39171344e-01  6.22052073e-01
  3.92522663e-01  2.46110246e-01  4.16232944e-01 -1.99239522e-01
 -1.42119557e-01 -3.44763428e-01  2.17241168e-01 -2.86960572e-01
 -1.59542978e-01 -1.53736860e-01  2.50040978e-01 -1.45809427e-01
 -5.12594461e-01  1.40727222e-01 -4.43835914e-01 -1.36881182e-02
  1.92942649e-01 -2.21435457e-01 -5.87340951e-01 -4.13562387e-01
 -4.07140642e-01 -5.99370241e-01  4.87648457e-01  2.24278212e-01
  1.67591110e-01 -5.40347576e-01  1.19901717e-01  1.17969602e-01
  1.69764191e-01 -1.75971016e-01  1.14829168e-02 -1.52550280e-01
  2.82090437e-02 -1.22996107e-01  9.48477630e-03 -6.52793765e-01
 -4.27664936e-01 -5.18693566e-01 -8.45184565e-01 -1.18298441e-01
  1.16165116e-01  3.92276138e-01 -3.25253829e-02  1.95514411e-01
  1.77094415e-01  2.15909585e-01 -2.99488634e-01 -1.85980365e-01
 -8.11992049e-01 -1.56768765e-02  2.14666843e-01  2.32266650e-01
  2.32969046e-01  1.96242005e-01  1.09963231e-01 -4.82075438e-02
 -2.86134541e-01 -1.21539105e-02 -2.40013272e-01 -2.71101832e-01
  9.78989422e-01 -2.60523081e-01  4.55204725e-01 -1.96337432e-01
  1.22119568e-01  3.16756964e-01 -1.55484170e-01 -1.12817459e-01
 -9.07303840e-02  4.70662534e-01 -1.36885494e-01 -1.00792803e-01
  5.52294701e-02  4.65402246e-01 -3.23762983e-01  1.65308639e-01
 -6.53367415e-02  1.07103758e-01  2.05337912e-01 -7.62300417e-02
 -1.51009575e-01 -2.40501344e-01  1.47733510e-01  2.34147370e-01
  2.86229432e-01  2.51718760e-01  2.90646464e-01  6.03635311e-01
  4.65304367e-02  2.98180014e-01  2.58697182e-01  7.23807216e-01
 -2.89932221e-01 -2.15029269e-01 -4.93934572e-01 -8.92949179e-02
 -4.69449073e-01 -1.57416940e-01  5.62630594e-01 -2.20334351e-01
  2.11852729e-01 -1.33978590e-01 -6.52937293e-01 -6.51318654e-02
  5.19523630e-03  6.90673441e-02  7.03841001e-02  3.64892095e-01
  4.39906210e-01 -1.26997204e-02 -6.32700920e-01  5.94457984e-01
 -3.08315009e-01  5.14515579e-01  3.45945537e-01 -5.75061738e-01
 -2.74261087e-01 -7.64722601e-02  7.89083093e-02  5.09687886e-02
  2.43710428e-01  5.64227998e-01 -3.49140644e-01 -1.05415034e+00
 -1.87589705e-01  2.53937304e-01 -1.90228805e-01 -4.17483807e-01
  2.18119115e-01  1.22731857e-01 -9.40392911e-01 -6.61184728e-01
 -3.90708268e-01 -2.36801296e-01 -7.50048086e-02 -9.41760957e-01
  2.10737124e-01  9.18762311e-02 -6.85869977e-02  4.35755491e-01
  6.55624503e-03  5.23173697e-02  2.63327897e-01  4.12435800e-01
  3.27125221e-01 -5.27841270e-01 -8.82996395e-02  1.80286646e-01
 -1.07608419e-02  7.57314712e-02  4.33559537e-01  2.23505148e-03
  1.34608984e-01 -3.60789821e-02 -6.57026768e-01 -1.32698357e-01
 -3.95163506e-01 -8.62202346e-01  3.90648544e-01 -4.85257804e-02
  2.44066179e-01 -4.38990742e-01  3.58604819e-01 -2.36322448e-01
  4.19668891e-02  1.43683150e-01  1.25273690e-02  7.06452206e-02
 -6.10257745e-01  3.14744920e-01 -4.90727723e-01 -4.11903232e-01
  8.03740144e-01  6.32723987e-01 -2.77031273e-01  2.62137149e-02
  3.44409823e-01  4.50162590e-02 -3.13975930e-01  4.23781313e-02
 -2.82185283e-02 -5.54161631e-02 -1.43077955e-01  2.06894383e-01
  3.07502449e-01  2.10439786e-02 -2.29835853e-01 -2.39742830e-01
  5.74667513e-01  4.28124398e-01  2.77385592e-01 -1.01543844e-01
 -8.49071965e-02 -2.14944541e-01 -3.83535475e-01  1.77746221e-01
  1.37170434e-01  6.50477767e-01 -1.97822720e-01  9.01136279e-01
 -1.24171965e-01 -3.45695406e-01  2.91801929e-01  6.94676459e-01
 -1.00216694e-01  2.65137017e-01  1.18587442e-01  1.11891091e-01
 -8.89651358e-01  1.92576736e-01 -2.56352037e-01  2.20070198e-01
  1.24248847e-01  4.35625374e-01  4.67876673e-01 -6.21459007e-01
 -2.60323167e-01 -1.67298496e-01  1.88351333e-01  6.08341210e-02
  5.43614805e-01 -2.58542933e-02  9.34903026e-02  2.46212676e-01
 -1.92727745e-01 -2.98794582e-02  1.24369562e-01  7.80878812e-02
  8.33908319e-01  2.22439915e-01  8.71190205e-02 -2.11816251e-01
 -8.10535669e-01  3.45863700e-01 -6.89836740e-02  1.86973158e-02
  4.62515622e-01 -2.82231331e-01  1.24969304e-01  3.07149708e-01
  6.09694600e-01  1.46806642e-01 -2.99306214e-01 -7.93890119e-01
  1.00233920e-01 -2.04421189e-02 -9.92076397e-02  2.56079793e-01
 -4.15349118e-02  3.64851028e-01  2.03915536e-01 -1.63459256e-01
  3.52919996e-02  5.44714212e-01 -1.73364803e-01  3.65872378e-03
  3.04246575e-01  1.87192932e-01 -4.30703133e-01  9.28122667e-04
 -2.07629338e-01 -4.05075431e-01 -4.26637322e-01 -2.03930631e-01
 -2.27074519e-01 -5.35288043e-02 -1.84056550e-01 -7.97881931e-02
  2.25498512e-01  1.30450606e-01 -1.00639246e-01 -3.92300665e-01
 -3.50677848e-01  5.15872836e-01 -7.76475906e-01 -1.35777131e-01
 -1.23755664e-01  7.65950009e-02 -1.07487820e-01 -1.10861044e-02
 -3.66661578e-01 -1.66465893e-01 -1.05065398e-01  1.48900092e-01
  3.98935229e-02 -4.16027158e-01  2.04854488e-01  2.29957908e-01
 -1.17511697e-01 -7.88458526e-01  1.99353009e-01 -9.32439640e-02
  6.56968772e-01 -1.90095633e-01  2.81826943e-01 -2.75059789e-01
  2.35864297e-01 -3.13181818e-01 -1.30200773e-01  3.28198932e-02
 -1.05836725e+01 -4.90938015e-02 -4.45158988e-01 -1.26329452e-01
 -4.17215824e-01  4.06702816e-01  6.91445172e-01  2.89368570e-01
 -4.18654144e-01  3.56551111e-02  3.73300225e-01  3.36038560e-01
  2.67772228e-01  3.57701659e-01 -6.44478917e-01 -2.05714375e-01
  1.31649956e-01 -8.91802087e-02 -1.39646545e-01 -2.16188714e-01
  2.65375733e-01 -1.75341463e-03  2.89542437e-01  6.34695351e-01
  7.94324726e-02 -5.25712609e-01 -4.68636990e-01  2.96326786e-01
  3.42756063e-02  2.95155644e-01 -3.47007871e-01  1.42052948e-01
  4.79567125e-02  3.19089413e-01 -3.11677724e-01 -2.71849841e-01
 -1.24731869e-01  3.27666491e-01  1.14261262e-01  1.91989005e-01
  2.59902000e-01  6.57625675e-01  2.85983682e-01  8.54373276e-02
  2.72264183e-01  4.46437061e-01  5.17217338e-01  2.94055164e-01
  6.83405817e-01 -4.87478226e-02  2.03231443e-02  3.26814830e-01
 -1.70927256e-01 -1.00325570e-01  3.27387571e-01  4.90538143e-02
  7.69046783e-01 -6.56353056e-01 -4.45701927e-01  7.36973062e-02
 -4.54915389e-02  7.13259354e-02  9.17894423e-01  5.18121719e-01
  3.08233760e-02 -7.76502043e-02  3.12881738e-01  4.84794885e-01
 -5.00979424e-01 -2.22961918e-01 -3.55613269e-02  2.15073958e-01
  1.17330384e-02 -7.69709051e-02 -5.12711585e-01  2.75899589e-01
 -4.08498105e-03 -2.58596897e-01  3.27946901e-01  2.06794024e-01
  1.48800939e-01  2.20320001e-01  1.59264449e-02  1.42602280e-01
 -5.16741991e-01  1.08714618e-01 -2.09900662e-01  1.72531307e-01
  8.48772973e-02 -4.64440048e-01 -7.00366572e-02 -2.24854469e-01
 -3.09130512e-02  7.70375192e-01  4.16402221e-01 -3.29809636e-02
 -9.87273157e-02  1.02551058e-01  5.01251996e-01  2.52322238e-02]"
ツ,"[ 5.93054652e-01  6.31973743e-01  1.03743041e+00 -3.38346958e-01
 -3.17314506e-01  1.53912351e-01  3.15369278e-01  1.51547164e-01
 -4.57865357e-01 -2.20222011e-01  5.76399744e-01 -3.91476065e-01
 -1.33452311e-01  2.79024214e-01  3.35606664e-01  1.37487009e-01
  2.61563778e-01 -2.28357583e-01  4.92620841e-02 -7.41534173e-01
 -9.50193763e-01 -6.12515390e-01 -4.34492260e-01  4.54787582e-01
  7.51314908e-02 -2.52016306e-01 -4.93485093e-01  6.05775714e-01
 -1.70909956e-01 -6.64632380e-01 -3.49549532e-01 -1.44126952e-01
 -6.26271032e-03 -2.70445645e-01 -4.18693185e-01  3.66081923e-01
 -9.08106416e-02 -1.67567566e-01  2.11204201e-01 -3.60965729e-01
 -1.14444247e-03 -2.14913532e-01 -4.87886727e-01  2.32112721e-01
 -4.77376610e-01  6.70569420e-01 -9.40615907e-02  1.54971063e-01
  2.92042106e-01  6.08545803e-02 -3.01110178e-01  6.00833297e-01
 -1.35813415e-01  8.39150250e-02  4.55926627e-01 -4.41419542e-01
  2.60415792e-01 -4.71800208e-01 -1.63885862e-01  1.06522053e-01
 -1.59824967e-01 -1.17468774e-01  4.50728893e-01  1.67311013e-01
 -1.66427702e-01 -2.49589533e-01  2.20223367e-01 -1.80876836e-01
  1.08066872e-01 -9.67219412e-01 -1.31951064e-01 -2.58802082e-02
 -1.50461033e-01 -4.68418270e-01  4.98867363e-01  2.43514460e-02
  4.68619429e-02  2.81541646e-01  3.76499176e-01  3.90359312e-02
 -3.03812642e-02  5.56054294e-01  2.74985075e-01 -6.51585042e-01
 -1.58623844e-01  2.88541615e-01 -5.72049022e-01 -9.29416120e-01
  2.64997065e-01 -2.49971077e-01  1.53992191e-01  4.67643775e-02
  1.22241378e-01  1.43719867e-01 -8.80763903e-02  8.17514434e-02
 -1.37730427e-02  3.03064100e-02 -1.82975069e-01  2.70702749e-01
 -1.06515467e-01  1.08411767e-01  2.14313090e-01 -4.60908115e-01
 -1.05703540e-01  4.34699774e-01 -3.12488884e-01  1.87799945e-01
  2.35221758e-01  9.21714008e-02 -1.80327550e-01 -1.84084579e-01
 -7.12374568e-01  1.50278956e-01  2.76150644e-01  1.74813911e-01
  9.21629276e-03  3.54635179e-01 -4.53446448e-01  4.60162103e-01
  5.43807819e-02  4.50085491e-01  1.63460001e-01 -5.35523951e-01
 -2.58360445e-01  4.78288740e-01  1.05740577e-01 -9.72614884e-02
 -3.85400295e-01 -3.68733704e-02 -5.14321506e-01 -1.66028574e-01
 -2.61615694e-01 -2.34482318e-01 -1.48843810e-01  9.75131094e-01
  1.55135244e-02  2.06181351e-02 -2.67561898e-02 -8.91184881e-02
 -6.97191358e-01  3.06477070e-01  1.04075082e-01 -3.07842433e-01
  2.36447006e-01  8.45491216e-02 -6.16469324e-01 -1.15081584e-02
 -9.82868075e-02  4.13612545e-01 -2.35832080e-01  9.88422036e-01
 -7.58666992e-01  4.72182482e-01  3.41621876e-01  2.27347150e-01
 -4.13756937e-01  6.71729147e-02  2.23990455e-01  2.37898961e-01
  3.37500215e-01 -3.55970323e-01  2.47457281e-01  5.22889495e-01
  1.55343041e-01  3.29023629e-01  6.76953912e-01  1.03399821e-01
  1.68621317e-01  6.27864659e-01  2.53408551e-01  4.74841982e-01
  4.06576723e-01 -2.25432307e-01  1.25512406e-01  1.80875376e-01
  3.66562694e-01  4.11012806e-02  6.33999482e-02 -3.03811669e-01
  4.02486891e-01  2.25465655e-01  3.91595632e-01 -3.89827818e-01
  1.64712384e-01 -9.10687670e-02 -6.17955886e-02  7.92720392e-02
  2.14447603e-02 -5.54776471e-03 -1.61833882e-01 -1.38865158e-01
  3.17331403e-01 -3.40902805e-01 -1.76126644e-01 -6.22356534e-01
  8.21443051e-02  8.42387229e-02 -5.67101240e-01  2.41387129e-01
  8.37173238e-02  3.20969187e-02 -8.50063041e-02 -6.65098071e-01
 -9.84754860e-01  3.60095836e-02  2.41818115e-01  6.08451784e-01
  8.06956768e-01  2.81766176e-01 -9.29860473e-02  2.53277109e-03
  4.18947428e-01  1.99152201e-01  4.85445112e-01  1.92844465e-01
 -3.37190986e-01 -4.52641368e-01  3.02482257e-03 -2.51425534e-01
  3.63532513e-01 -9.91331134e-03  2.24667847e-01  9.34928954e-02
  3.12020451e-01  5.91023028e-01  2.89616317e-01 -3.11537862e-01
 -1.82891920e-01  1.78330034e-01 -4.44863766e-01 -4.78335470e-01
 -6.94796681e-01 -2.77433366e-01 -1.06586099e+00 -8.27516541e-02
 -1.44576892e-01  4.42896485e-01 -3.88468176e-01  1.79802507e-01
  8.41944590e-02 -2.34571114e-01  1.72580764e-01 -6.22433901e-01
 -9.22546983e-02  2.92022347e-01 -2.57126421e-01  2.42164116e-02
 -2.25935161e-01  7.69189149e-02 -1.19292557e-01 -6.40552640e-01
  4.77488190e-01 -2.45089531e-01  5.89251697e-01  2.12640911e-01
  4.18048948e-01 -5.16140640e-01  4.68056947e-01 -6.23251915e-01
  1.64984390e-01 -4.07239109e-01 -2.56092608e-01 -1.04508609e-01
  3.66087295e-02 -4.40852270e-02 -1.67182591e-02 -7.41434336e-01
 -7.63267040e-01 -6.71020031e-01  4.08105940e-01 -3.77534419e-01
 -1.79519504e-01 -2.68681854e-01  9.10318792e-02  1.88492581e-01
 -3.94902855e-01  3.07717770e-01 -4.48317796e-01  8.59495625e-02
 -3.69568586e-01  1.50235659e-02 -4.44562376e-01 -7.99343437e-02
 -2.07168445e-01 -1.20681457e-01 -3.15463930e-01 -2.61234671e-01
 -4.70812380e-01  5.48560262e-01  3.39034051e-01 -5.00531614e-01
 -1.77754298e-01  2.37363741e-01 -6.71192050e-01  5.02425075e-01
  4.33513820e-01  5.07969260e-01  9.20075923e-02 -2.37593815e-01
  1.14749134e-01  4.10525888e-01  1.94923222e-01 -5.02009809e-01
 -9.19230953e-02 -2.79888600e-01  1.65445015e-01 -1.50376469e-01
  3.02746981e-01 -8.91336650e-02  8.01515132e-02  8.00420344e-01
 -7.20185876e-01  3.82074833e-01  4.18466628e-01  6.24531806e-01
 -1.58155990e+00 -1.63273260e-01  3.23990941e-01  1.56616807e-01
 -2.85761863e-01  2.13390306e-01  6.22513354e-01  1.32764697e-01
 -5.07827640e-01 -6.07454956e-01  7.86349297e-01 -1.37129784e-01
 -4.02927659e-02  1.29466593e-01  4.33317035e-01  9.55873802e-02
 -7.22486898e-02 -2.39398569e-01  2.70016164e-01  3.44933212e-01
 -4.14106876e-01 -1.10244639e-01  1.78232610e-01 -4.78728235e-01
 -5.97938120e-01  5.34675300e-01 -2.81399429e-01  4.62422185e-02
 -5.26508749e-01 -2.26671472e-01  2.63142914e-01  1.23555315e+00
  9.06456888e-01  4.72202837e-01 -4.69096184e-01  3.97255607e-02
  2.95152754e-01  9.27587226e-02  4.36679989e-01 -4.56834972e-01
 -5.90069853e-02 -2.20178396e-01  2.60797739e-01 -3.32017866e-04
 -2.06950381e-01 -2.99770951e-01  6.51008741e-04 -2.24055022e-01
  1.38122231e-01  1.75745636e-01  6.39236927e-01  5.88848948e-01
  7.19190687e-02  2.77102858e-01  5.82066476e-01  2.16311961e-01
 -1.70263752e-01 -6.40766442e-01 -2.30413541e-01 -5.68587244e-01
  2.90704947e-02 -3.38953942e-01  3.12527008e-02  1.81268796e-01
 -6.44818321e-02 -2.55915046e-01 -1.90084308e-01 -7.55711079e-01
 -3.13365348e-02 -6.44157767e-01 -1.46841154e-01 -4.33835089e-01
 -1.41964793e-01 -5.82514048e-01  5.22669613e-01  2.56532013e-01
  4.11837041e-01 -2.65571237e-01 -6.84333980e-01  3.32307428e-01
 -4.00399417e-01  2.06229866e-01 -1.33592084e-01  2.60509789e-01
 -4.81329948e-01  2.42689289e-02 -7.52809644e-02 -4.78108406e-01
 -5.65111399e-01 -8.87082592e-02 -1.04523158e+00 -4.79845367e-02
 -2.66531497e-01  8.26450288e-01 -3.27674337e-02  2.85120279e-01
  4.31138948e-02  2.52920598e-01 -1.52341291e-01 -3.42377901e-01
 -2.89321750e-01  3.02034825e-01  6.61273122e-01  5.66177130e-01
  5.04028320e-01  3.27413112e-01  3.73967439e-01  2.12331444e-01
  3.67514849e-01 -7.76118934e-02 -7.36723125e-01 -1.21164195e-01
  4.99236196e-01 -1.67580128e-01  1.14323527e-01  1.70401514e-01
  1.82005525e-01  7.76777327e-01 -4.02723670e-01 -1.36259639e+00
 -3.62330899e-02  2.31313914e-01 -6.11715205e-03  3.95618588e-01
  6.89358473e-01  6.49379611e-01  1.68875813e-01  3.07827920e-01
  1.79943383e-01  5.88066094e-02  3.48358154e-01 -1.07764162e-01
  4.42926407e-01  1.75804436e-01  4.12040174e-01  5.61165810e-01
  2.70444304e-01  3.96539837e-01  7.22435355e-01  5.81487000e-01
 -3.75631601e-01  3.89082193e-01  2.34206215e-01 -6.45181462e-02
 -4.64044631e-01  3.88724625e-01 -5.32438338e-01 -1.56040117e-01
 -4.40344483e-01  1.38371438e-01  8.85570109e-01 -3.94426674e-01
  4.82774436e-01 -3.91781479e-01 -3.31564277e-01 -5.33570290e-01
 -6.43657744e-01  2.25389302e-01 -3.71477544e-01  4.74753138e-03
  4.03961092e-01  1.67642422e-02 -6.07153833e-01  1.63797542e-01
  3.15056533e-01  5.81275940e-01  1.68434724e-01 -3.42039049e-01
 -3.63199413e-02  5.71580946e-01 -2.08626255e-01 -1.29445828e-02
  1.73548475e-01 -5.56816049e-02 -2.27941990e-01 -9.74845469e-01
 -5.03141522e-01 -1.16645418e-01  9.46948007e-02 -5.06972015e-01
  6.75150454e-01  4.82142806e-01 -5.62234879e-01 -2.52805948e-01
 -3.16546917e-01 -5.73950410e-02 -8.56062025e-02 -5.31324863e-01
  1.03178859e-01 -7.95996413e-02 -1.23421298e-02  6.55670106e-01
  5.35984337e-01 -4.28724408e-01 -5.57401143e-02  5.66330373e-01
  3.62647355e-01  4.24878709e-02  2.00143695e-01 -4.51183498e-01
 -4.79660392e-01  5.60747162e-02  2.92415738e-01 -8.92062262e-02
 -1.26171678e-01 -2.47355521e-01 -5.90400398e-01 -5.41651428e-01
 -3.02963138e-01 -1.24599636e+00  4.30589676e-01 -4.74571697e-02
  3.65876317e-01 -1.09364641e+00  2.65629798e-01 -1.48231715e-01
  4.52908427e-01 -1.17568851e-01  5.35040796e-01 -7.83148408e-02
 -8.81633103e-01 -2.90599912e-02  2.55460083e-01 -4.95382816e-01
  1.01877964e+00  5.99872589e-01 -3.33801836e-01 -2.95218706e-01
  2.19536379e-01  1.34753346e-01 -1.53826803e-01  1.61928892e-01
 -2.18645781e-01 -3.78058046e-01  8.16185698e-02 -9.91635993e-02
  3.99884731e-01  3.49968255e-01  1.32835768e-02  7.84867257e-02
  7.46547461e-01  1.67585403e-01  5.67745447e-01  3.43107969e-01
 -6.40130758e-01 -6.30431697e-02 -4.24698025e-01  2.37113789e-01
  1.23999968e-01  7.86675453e-01 -2.24457860e-01  3.43409002e-01
  6.81579888e-01 -2.36948401e-01 -1.11627102e-01  5.49222469e-01
  7.97847286e-02  3.61143678e-01 -1.64887279e-01  8.69230479e-02
 -9.79767382e-01  3.18145871e-01  2.97810853e-01  1.51207387e-01
  5.99983111e-02  1.21585131e-01  1.28585761e-02 -8.22406709e-01
  2.65094697e-01  6.52206242e-02 -2.65663743e-01  2.78957367e-01
  3.24606329e-01 -6.27619699e-02  8.22525263e-01  3.37410361e-01
 -2.73981065e-01 -5.44343330e-02 -1.59358665e-01  8.00446153e-01
  8.54212821e-01 -1.37147456e-01  4.37386125e-01 -4.90453899e-01
 -8.21708441e-01  2.43767127e-01  1.17553338e-01  3.25485438e-01
  6.08734131e-01 -4.99935985e-01 -3.56372505e-01  6.48382843e-01
  2.60487318e-01  1.23897068e-01 -2.65856236e-01 -4.23188478e-01
  3.21372062e-01 -9.52896774e-02 -9.99052972e-02  2.13368446e-01
  2.74972856e-01  5.59816003e-01  4.74202037e-01  1.23255827e-01
 -3.89277786e-01  7.70849645e-01  4.01249155e-02 -4.25729841e-01
  1.60591438e-01 -6.24344647e-01  1.91366538e-01  2.53939450e-01
  3.62298101e-01  1.14751421e-01 -3.00408155e-01  2.21279413e-01
 -3.05855602e-01 -1.42267123e-01 -3.53112787e-01  4.56153959e-01
  1.53230906e-01 -8.16366374e-02 -2.91995317e-01 -5.06588340e-01
 -2.15198979e-01 -2.21242458e-02 -8.62219751e-01 -6.20679744e-02
  9.31381062e-02  2.48438075e-01 -2.22354665e-01 -1.84063073e-02
 -7.27000237e-01 -3.78167182e-01 -3.25843364e-01  3.78066629e-01
 -7.06938386e-01 -3.96107137e-01  5.64179420e-01  9.21429172e-02
 -1.90799348e-02 -1.30559301e+00  5.10205030e-01 -7.26425573e-02
  2.44777650e-01 -1.59302056e-01  1.41413763e-01 -4.17100400e-01
  4.53599133e-02  8.63836333e-02 -2.98153698e-01  8.65919068e-02
 -1.01870337e+01  2.16223821e-01 -5.15332103e-01 -4.30300862e-01
 -5.00162661e-01 -7.47401714e-02  8.72419477e-01  4.47256416e-01
 -1.86784685e-01  6.05300307e-01 -1.99960366e-01  6.10309899e-01
  3.53901982e-01  2.62665115e-02 -1.96473315e-01  9.74662229e-02
 -2.96127349e-01 -5.57382181e-02 -2.70759046e-01 -9.54452828e-02
 -4.60564673e-01 -3.72810394e-01  7.33393729e-01  4.50788796e-01
  6.29659116e-01 -1.57702535e-01  1.32048354e-01  4.13061649e-01
 -3.31314117e-01  3.68720263e-01 -1.03724337e+00  5.49242020e-01
 -3.11428607e-01  7.60378182e-01  1.52323395e-01  8.01357627e-02
  6.27902970e-02  1.70735419e-01 -2.68398166e-01  4.23721880e-01
  4.93558913e-01 -3.09099872e-02 -7.72415921e-02  3.53514850e-02
 -2.98044205e-01  3.58415954e-02 -1.19324647e-01  7.53478631e-02
  5.91220021e-01 -2.72128522e-01 -4.93429005e-02 -1.86581269e-01
  1.33067638e-01 -2.25517973e-01  2.00520188e-01  1.49728149e-01
  8.18328917e-01 -6.64590061e-01 -3.17550451e-01  9.87665951e-02
  5.90586960e-01 -6.58743680e-02  4.69421178e-01  6.20416582e-01
  1.04325533e-01  5.02266645e-01  3.52702737e-01  2.42429018e-01
 -1.14290822e+00 -2.23148361e-01  3.11280310e-01  7.61534333e-01
 -2.10704356e-02  3.10787577e-02 -1.68237954e-01  2.66182274e-01
  1.29674822e-01  1.88206553e-01  4.32092816e-01 -7.68738389e-02
  1.99163601e-01 -1.85180590e-01 -6.95248768e-02  5.90726435e-01
 -7.08386242e-01  1.37811095e-01 -6.11194149e-02 -3.21356416e-01
  2.62741297e-01 -4.81617630e-01  3.14485490e-01 -1.78254366e-01
 -8.47641468e-01  5.24996400e-01  7.51510680e-01 -3.50318164e-01
 -3.77528638e-01 -9.29861590e-02  2.22409159e-01 -2.93462634e-01]"
ショ,"[ 2.28304654e-01  7.89331138e-01  2.19113936e-04 -6.90246344e-01
 -3.22711952e-02  3.07821304e-01 -7.76218995e-02  1.38505563e-01
 -3.07710588e-01 -9.31504130e-01  3.05423200e-01 -1.10974856e-01
 -4.45940465e-01 -9.96417105e-02  1.77683771e-01 -4.85266030e-01
  4.01610173e-02 -1.34229027e-02 -5.05378023e-02 -3.41332331e-02
 -2.41724551e-01 -5.56867778e-01 -4.49695617e-01  2.44822294e-01
  4.37301964e-01 -3.46183270e-01 -1.42757790e-02  9.85774174e-02
 -5.86620927e-01 -3.62864494e-01 -4.65757877e-01 -5.38749456e-01
  4.94318344e-02 -4.16718602e-01  4.06212926e-01  2.99468368e-01
 -8.70691910e-02  3.04260962e-02  2.66906977e-01 -7.07496330e-02
 -8.05634540e-03 -7.02925697e-02 -2.77679801e-01 -7.27240741e-02
 -7.92584494e-02  8.46816123e-01  2.51150161e-01  2.84647316e-01
  4.30834591e-01 -1.85796025e-03 -1.09988160e-03 -4.67871390e-02
  3.16513151e-01  2.52857674e-02  1.20886946e-02  6.84144795e-02
  6.53659225e-01 -1.44177405e-02 -3.47644150e-01  6.93854913e-02
 -4.56248820e-01  3.13112848e-02  3.03654492e-01  5.02726249e-03
 -2.19206557e-01 -1.50029480e-01  4.74377602e-01  1.47302225e-01
 -3.35976809e-01 -1.78591162e-01  8.40024427e-02  1.59395307e-01
 -2.48061791e-01  1.61098137e-01  6.91199303e-01 -3.00366938e-01
  1.33655928e-02 -1.47038057e-01  1.19987272e-01 -3.49286169e-01
 -3.61040711e-01  4.60818857e-01  1.37360886e-01 -3.31723392e-01
  7.84028247e-02 -3.85733768e-02 -7.94203937e-01 -6.50706112e-01
  1.53903842e-01 -3.45176667e-01  2.20388427e-01 -2.59405851e-01
  7.48536587e-01  2.21097052e-01 -9.54062343e-02 -2.30464786e-01
  4.70966026e-02 -3.14632177e-01 -2.61901826e-01  3.60745370e-01
 -1.04028638e-02 -1.23632774e-01  1.22416824e-01  5.55003062e-02
  1.95367470e-01 -1.36673331e-01 -2.70393312e-01  1.40636727e-01
  5.69855943e-02  2.67882198e-01 -5.67926504e-02 -2.26835996e-01
 -2.64381647e-01  3.92000854e-01 -1.26968458e-01  5.86538874e-02
  1.88449576e-01  4.19992805e-01 -1.37902042e-02  4.40735936e-01
 -8.92596599e-03  4.89983737e-01  6.90595433e-02 -1.80960670e-01
 -4.52604920e-01  1.49945721e-01  1.56861246e-01 -1.98760495e-01
 -3.86988036e-02 -9.70350206e-03 -2.29909450e-01  2.87896663e-01
 -2.24099874e-01 -7.21627921e-02 -4.70410496e-01  3.07521313e-01
 -2.28559271e-01 -1.18379645e-01 -1.61248267e-01 -3.30244958e-01
 -1.53342709e-01  1.67674571e-02  3.13573718e-01 -4.88338619e-02
 -2.14996547e-01  2.33668685e-01 -1.46126315e-01 -2.89087325e-01
  7.90711939e-01  5.15609026e-01  4.41646166e-02  9.92606699e-01
 -4.04835373e-01 -1.64082292e-02 -4.08914350e-02 -8.53236914e-02
  1.76703319e-01 -8.35229754e-02 -3.29940587e-01  5.36456525e-01
  3.05974055e-02 -5.98196447e-01  3.84886205e-01  4.78234828e-01
  4.37444933e-02  3.62940818e-01  3.76001954e-01 -7.39018321e-02
  3.60674322e-01  6.85424507e-01  4.46789593e-01  3.41908962e-01
  2.64824182e-01 -3.43531102e-01  5.59175372e-01  5.35274148e-01
  6.64214417e-02  2.72307038e-01 -6.96397796e-02 -4.25288498e-01
  2.61515170e-01 -1.97662070e-01  2.49076262e-01 -1.10025508e-02
  3.46613854e-01 -2.57524073e-01 -2.25325942e-01 -1.38040885e-01
 -1.30248040e-01 -2.73559779e-01 -2.34633461e-01 -1.05836898e-01
  2.14094788e-01 -4.49909717e-01 -2.07163587e-01  3.03861573e-02
 -3.63090262e-02 -2.61761338e-01 -2.74033472e-03  6.90611184e-01
  2.17812940e-01  2.08585814e-01  2.02365100e-01 -8.77727509e-01
 -6.90549850e-01 -2.85399985e-02  2.76680201e-01  5.36465347e-01
  3.54588598e-01  1.30166277e-01 -5.73849320e-01  4.44399357e-01
  8.30921978e-02 -2.42379114e-01  3.50685805e-01  2.61655718e-01
 -5.51683843e-01 -9.69077051e-02  2.51736730e-01 -7.45881855e-01
  3.81428212e-01 -4.41674620e-01  4.91306894e-02  9.64123458e-02
 -1.30419910e-01 -4.38417017e-01  5.90569258e-01 -4.54621822e-01
  1.00111209e-01  5.07699132e-01  7.70543739e-02 -2.55528033e-01
 -4.94165540e-01  8.41438919e-02 -5.21133900e-01  3.27531904e-01
  2.96561923e-02  5.84153831e-01 -4.98692505e-02  2.25130990e-01
 -7.70206912e-04 -1.95690870e-01  2.50802245e-02 -1.00970186e-01
 -6.69394666e-03  2.97327399e-01  4.69252579e-02 -5.13517261e-01
 -5.82201838e-01 -2.27804646e-01 -4.49405521e-01 -4.62047875e-01
  2.18236864e-01 -2.07534477e-01  3.64112675e-01  2.45085001e-01
  2.02977851e-01 -6.46495447e-02 -1.06758922e-01 -3.98033887e-01
 -2.23208696e-01 -3.23632807e-01 -3.55550982e-02 -3.14898431e-01
 -1.44024640e-01  2.83140123e-01 -5.11541553e-02 -6.45495832e-01
 -7.76977003e-01 -3.13666463e-01  2.66232282e-01 -2.93010920e-01
 -2.16191545e-01 -4.70464714e-02 -8.78704250e-01  1.37500271e-01
  2.78121352e-01  4.77776974e-01 -5.38826168e-01  4.77989554e-01
 -2.94309288e-01  4.87324059e-01 -8.33678305e-01  3.72710645e-01
  3.55157554e-02  1.91840336e-01 -3.14629078e-01 -5.88220060e-01
 -1.25003964e-01  2.70728886e-01 -1.46108776e-01 -7.59894848e-01
 -3.21187347e-01 -4.18816460e-03 -4.49394345e-01  1.05696931e-01
  1.31055325e-01 -7.94209018e-02  1.92464292e-01  3.94743919e-01
  5.87829277e-02  2.27185413e-01  2.27805898e-01 -5.15023768e-01
 -3.20124596e-01 -6.62617743e-01 -2.64028579e-01 -8.40267632e-03
  8.49247813e-01 -5.16815305e-01 -8.20465162e-02  1.02808475e+00
 -6.59898877e-01 -2.54317045e-01  7.50286818e-01  3.14631283e-01
 -1.53495252e+00  1.89462513e-01  6.81430772e-02 -2.86588520e-01
  8.52154419e-02  5.28153956e-01  4.28677738e-01  6.41592443e-01
 -1.05051622e-01 -3.59637737e-01  6.26673341e-01  2.97449768e-01
 -2.55410939e-01 -2.01659650e-02  4.51624572e-01 -3.10497850e-01
  1.58779457e-01 -3.00787240e-01  3.15588899e-02  1.70005456e-01
  9.62942764e-02  4.87696789e-02 -5.65310605e-02 -3.42984766e-01
 -1.28497034e-01  1.35919720e-01  2.26203278e-01  6.95191443e-01
 -1.49579868e-01 -8.00636858e-02  6.03288591e-01  7.33051181e-01
  5.51075995e-01  5.67912877e-01 -3.00517708e-01 -1.78303663e-03
  4.29334044e-01  2.97866821e-01  3.72681081e-01  1.98799789e-01
  3.37773472e-01  2.78654754e-01  2.91642785e-01 -1.99723512e-01
  2.61805862e-01 -3.08444828e-01  2.98289835e-01  5.37675805e-02
  1.61340058e-01  6.68641388e-01  4.50585276e-01  4.34616387e-01
 -1.54567093e-01  4.56495374e-01  6.62006795e-01  1.32509246e-01
 -3.45741436e-02 -4.34889555e-01  6.77131414e-02 -1.50184348e-01
  4.73008543e-01 -1.12048142e-01  8.20764005e-01 -4.01414156e-01
 -1.67322997e-02 -1.92455258e-02  2.57726490e-01 -2.54632622e-01
 -4.81788665e-01 -2.93842375e-01 -8.16520333e-01 -6.83810294e-01
 -2.41888717e-01 -4.43853885e-01  2.53362298e-01  1.44904181e-01
  2.12206662e-01 -4.58775491e-01 -2.67291337e-01  1.59801334e-01
 -2.48296395e-01  2.00209349e-01 -3.95257860e-01  4.42072600e-01
 -6.40022159e-02 -9.27467570e-02 -3.51452269e-02 -1.79829746e-01
 -6.41434729e-01 -3.54601562e-01 -6.85174942e-01  2.11828843e-01
  2.45630413e-01  4.64849502e-01 -3.04945558e-01 -3.62503044e-02
 -1.53953806e-01  1.63522735e-01  1.32199988e-01 -5.97548544e-01
 -4.17611957e-01  2.44489938e-01  2.46803999e-01  3.36417645e-01
  7.04756200e-01  1.85675040e-01  3.35570931e-01  1.50893137e-01
  8.60352442e-02  1.07115172e-01 -2.37456173e-01 -1.68952674e-01
  6.01087511e-01  4.31860477e-04 -6.03410862e-02  2.29762644e-01
  9.91856530e-02  6.55785576e-02 -1.91357374e-01 -4.71223742e-01
  7.85098076e-02  1.00224040e-01 -3.13719422e-01  3.11196178e-01
 -4.10139561e-03  6.72519326e-01 -3.69339019e-01 -3.25238123e-03
  3.60486567e-01  2.14695588e-01  4.00666296e-01 -4.73336369e-01
  6.27950439e-03 -2.57071823e-01  2.69745499e-01  3.47069949e-01
  3.32168579e-01  1.20891906e-01  3.39318037e-01  6.67597890e-01
  4.08668444e-02  2.71379024e-01  2.63388306e-01 -6.81295395e-02
 -4.30986464e-01  3.80658507e-02 -1.12614669e-01 -2.79084481e-02
 -4.65476155e-01  9.36223865e-02  1.26553923e-01 -4.00786027e-02
 -6.42396463e-03 -2.15821177e-01 -4.22298640e-01 -2.46541634e-01
 -1.90931350e-01  8.79986733e-02  1.78563759e-01  2.58786678e-01
  3.91602576e-01 -1.03256620e-01 -4.91154850e-01  5.59807420e-01
 -1.28347799e-01 -6.93664551e-02  1.80263519e-01 -4.58885252e-01
 -2.43695751e-01  3.99628818e-01 -6.60810620e-02  1.38625547e-01
 -2.71301270e-01  3.96033138e-01 -7.06033930e-02 -5.95668495e-01
 -8.44382644e-02 -3.33546288e-03 -3.17498356e-01 -4.00678337e-01
  7.32532680e-01  1.40243411e-01 -6.11575484e-01 -6.78462148e-01
 -2.73494720e-01 -4.31340307e-01 -1.49875715e-01 -5.04864216e-01
 -2.23524988e-01 -1.91411868e-01 -1.96794510e-01  5.73883414e-01
  2.71698117e-01 -4.58256781e-01  7.07430422e-01  4.33518142e-01
  4.15375590e-01 -3.40088218e-01 -4.05201793e-01  4.68157269e-02
 -7.74511918e-02 -3.22833955e-01  2.22442493e-01 -2.00092524e-01
 -2.83288546e-02 -4.55994099e-01 -6.94140911e-01 -7.71054268e-01
 -1.85761690e-01 -7.58069634e-01  3.77336621e-01  2.22266808e-01
  2.31490135e-02 -4.69142854e-01  3.68270367e-01 -3.12096298e-01
  2.78190076e-01  2.77326196e-01 -1.84592545e-01  1.14834420e-01
 -6.31893516e-01  1.39800951e-01 -4.33273733e-01 -9.98008668e-01
  8.50589216e-01  4.70587105e-01 -7.45685101e-01 -1.98088542e-01
 -5.69831394e-02  1.25535831e-01 -3.26618850e-01  5.93798421e-02
 -2.25524455e-01  1.61825061e-01  3.88008654e-01  3.29542011e-01
  1.86610758e-01  1.02028862e-01 -3.75136137e-01 -2.00804844e-01
  2.34664053e-01  4.56710279e-01  7.36954391e-01 -1.43976837e-01
  5.49518131e-02 -2.30872542e-01 -2.56840259e-01  1.85936511e-01
  1.06482297e-01  4.34626848e-01  6.38484210e-02  5.72300017e-01
  6.81939363e-01 -2.43947372e-01  3.41514409e-01  4.82594669e-01
  2.44894996e-01  4.75270033e-01 -4.57554534e-02  9.54469740e-02
 -1.08130300e+00  3.50297272e-01 -1.14523038e-01  2.78055757e-01
 -1.32457078e-01 -2.31186420e-01  1.66827023e-01 -2.04465449e-01
 -4.20801677e-02  1.65564567e-01  3.92424054e-02  4.01177287e-01
  4.27983522e-01 -1.20835401e-01  6.18887782e-01  4.18376356e-01
 -3.21693361e-01 -1.76826760e-01 -2.13524714e-01 -5.74494228e-02
  1.07992578e+00  1.51468478e-02  3.23776565e-02 -1.39479235e-01
 -8.81848872e-01  4.73162532e-01  6.25792369e-02 -4.22585994e-01
  6.78647816e-01 -4.51305538e-01 -2.98847139e-01  7.43803322e-01
  1.85499370e-01  1.24629162e-01 -9.18589532e-02 -9.95642602e-01
  2.55334169e-01 -1.65170446e-01 -4.20912318e-02  4.17501360e-01
  2.26202652e-01  1.83492288e-01 -1.64074719e-01 -2.67989278e-01
 -8.01611245e-02  6.36292875e-01 -1.08910598e-01 -3.20832282e-01
  7.78197264e-03 -2.40545362e-01  4.22936603e-02 -4.84706014e-02
 -4.58117062e-03 -1.01785511e-01 -2.08630964e-01  1.76030338e-01
 -4.11422938e-01  7.44765401e-02  4.50449213e-02  1.50963038e-01
  8.13400932e-03  5.95919378e-02 -4.35867012e-01 -6.81841850e-01
 -2.69382689e-02  3.20409149e-01 -7.82295525e-01 -1.54904589e-01
 -2.09570006e-01 -1.89241067e-01  2.13478267e-01 -1.09576091e-01
 -7.79215693e-01  7.73057342e-02 -6.25832438e-01 -2.52972133e-02
 -5.20396471e-01 -5.82575276e-02  3.35543633e-01  5.32894135e-02
 -2.03616276e-01 -5.56625187e-01  2.88531333e-01  2.14978471e-01
  4.23637182e-01 -2.09850132e-01 -6.19802810e-02 -2.13649832e-02
  4.44420099e-01  2.94208139e-01 -1.77159935e-01  1.41710505e-01
 -1.04027500e+01 -7.76643306e-03 -5.41432619e-01 -6.69736639e-02
 -4.27026987e-01  1.82964146e-01  8.26849997e-01  1.70939937e-01
 -2.32456997e-01  5.52730918e-01  3.31491470e-01  5.39587975e-01
  5.59225559e-01  5.40761113e-01 -5.48945844e-01 -5.79975285e-02
  8.45218152e-02  1.72694653e-01 -5.13979435e-01 -2.65277594e-01
  9.52647626e-02 -3.62150222e-01  6.74932659e-01  2.93080002e-01
 -1.59978673e-01 -6.54994845e-01 -3.67054045e-01  4.93888080e-01
 -4.27497864e-01  1.86437160e-01 -5.03162861e-01  4.68223214e-01
 -2.18649253e-01  1.02276385e-01 -6.30351663e-01 -1.58887401e-01
 -7.17132017e-02 -8.45015235e-03  2.68280767e-02  4.02356535e-01
 -1.26466185e-01  6.07927501e-01  4.68640864e-01 -1.83480889e-01
  3.53381366e-01  5.85373700e-01  2.26760775e-01  3.18766743e-01
  5.24215341e-01 -1.41610071e-01  1.22791007e-01 -4.01717052e-02
  2.68044323e-01 -6.83983266e-01  4.19475108e-01  2.57938802e-01
  6.32430673e-01 -7.60614872e-01 -3.31496418e-01  1.67871282e-01
  3.14270288e-01 -1.88243523e-01  9.38461244e-01  6.29709542e-01
 -2.35918730e-01  5.06492853e-01  4.08229530e-01  1.92322373e-01
  5.55984490e-02 -3.94787163e-01  4.50159371e-01  3.64450365e-01
 -7.32386112e-01  3.43574107e-01 -5.67913949e-01  7.75303483e-01
  1.15990136e-02 -8.30778256e-02  3.38084280e-01 -9.36827213e-02
  2.87268877e-01  1.85633719e-01  1.96953520e-01  2.47764215e-01
 -8.87309313e-01  3.95907670e-01 -5.62452614e-01 -2.82206088e-01
  2.59404033e-01 -6.39002442e-01  1.02516338e-01  2.66248703e-01
 -2.82868952e-01  4.09394652e-01  4.56691712e-01 -3.38752508e-01
  1.22033410e-01  2.25448281e-01  2.62273729e-01  7.77414665e-02]"
オ,"[ 5.29659688e-01  2.13090628e-01  4.55938280e-01 -3.78823578e-01
  9.63736400e-02  2.29296863e-01  2.38674492e-01  2.54841328e-01
 -7.63473809e-02 -5.99594891e-01  3.98756087e-01 -4.26396728e-01
  4.47566777e-01 -2.47670770e-01  6.96951926e-01 -6.56861961e-02
  7.09809884e-02 -1.64454520e-01 -1.08748702e-02 -3.70274395e-01
 -7.57648110e-01 -4.13432628e-01  3.18069786e-01  3.61408234e-01
  5.38302250e-02 -3.14446181e-01  2.48361547e-02  2.23327637e-01
 -1.62991717e-01  6.53100684e-02 -1.63625494e-01 -3.66718590e-01
 -2.87500978e-01 -1.43985704e-01 -1.41204700e-01  7.16443360e-01
  4.47980128e-02 -3.34321529e-01 -4.82722819e-02 -4.44858879e-01
  2.02450410e-01 -3.92537266e-02 -7.78143555e-02 -4.90674525e-01
 -4.24458086e-01  3.56974810e-01  1.42114460e-01  4.50804353e-01
  3.91071677e-01  6.58024773e-02 -2.39533976e-01  3.98799419e-01
  2.06403464e-01  3.77097838e-02  5.50478280e-01 -1.33396879e-01
  3.77492875e-01 -5.41711688e-01 -7.68055692e-02  2.61351973e-01
 -3.71713042e-01 -2.48553813e-01  5.21899402e-01 -1.36066273e-01
  8.11342075e-02  2.62257587e-02 -2.15081081e-01 -1.48256406e-01
  4.50063795e-02 -7.74799466e-01 -2.17825398e-01  2.92504013e-01
  3.74759495e-01 -3.83584619e-01  6.91850007e-01 -3.06555510e-01
  2.23782212e-01  1.15314923e-01  2.37160161e-01 -2.25102723e-01
 -3.46247643e-01  2.76684880e-01  2.55294591e-01 -7.24557042e-01
  2.26185378e-02  4.93616015e-02 -4.94028270e-01 -9.88056362e-01
  4.52703059e-01 -3.51128668e-01 -2.28992887e-02  7.41178766e-02
  2.15323508e-01  2.37703428e-01  6.52189553e-02  1.71886206e-01
  1.26418486e-01 -2.44162172e-01 -2.34624997e-01  2.50547945e-01
  8.68691355e-02  4.09331530e-01  3.27502042e-01 -1.70980483e-01
 -2.63423085e-01  7.60699585e-02 -1.54891476e-01  2.17485011e-01
  2.51036793e-01  8.09057802e-02 -3.74579966e-01 -2.97812015e-01
 -4.65494871e-01  2.72554666e-01 -2.09189262e-02  1.43589988e-01
 -1.98187307e-01  3.38896513e-01 -4.34930116e-01  6.07869983e-01
 -2.53846645e-01  7.91590750e-01 -3.56875882e-02  3.04778337e-01
  2.15029195e-01  5.05295575e-01  1.75789315e-02 -2.72460543e-02
 -1.28480300e-01 -2.57205337e-01  3.57783772e-02 -5.79200909e-02
 -6.81407750e-01  9.21545029e-02 -2.53729820e-01  9.22534049e-01
 -1.14336526e-02 -4.79016826e-02 -1.36097178e-01 -4.66877937e-01
 -1.52467445e-01 -1.32425740e-01  2.75294513e-01 -4.04690713e-01
 -1.19702034e-01  1.62625894e-01 -2.09465668e-01 -4.74402338e-01
  4.88818675e-01  3.42639595e-01 -3.91703337e-01  8.26958001e-01
 -7.30417073e-01  5.75210862e-02 -2.62061339e-02  3.64656836e-01
 -7.47365952e-01  1.51088730e-01  4.98598143e-02  5.59486687e-01
  9.29848328e-02 -4.33689654e-01  1.99748993e-01  3.20905179e-01
  1.02211989e-01  4.26367015e-01  4.94799048e-01  2.34954759e-01
  1.95354655e-01  4.70945448e-01  5.61673045e-02  4.96297121e-01
  4.58567068e-02 -2.13768110e-01  4.98518795e-01  2.91810691e-01
  1.29393652e-01  2.64626890e-01  6.80747330e-02 -5.47927022e-01
 -3.65224034e-02 -1.63021132e-01 -1.03595313e-02 -1.49563789e-01
  4.60751444e-01 -1.61316916e-01 -5.02539128e-02  1.14508383e-01
 -2.07946435e-01  1.70403823e-01  3.67571041e-02 -2.62583464e-01
  3.75305802e-01 -6.91209018e-01  9.99286249e-02 -3.19407612e-01
 -3.27440232e-01 -3.80385637e-01 -3.02856833e-01  3.92470658e-01
  6.25739247e-02 -2.27741338e-02 -1.50439635e-01 -1.84177473e-01
 -8.77260089e-01 -3.44324052e-01  7.29026124e-02  6.55198872e-01
  3.60122412e-01  2.26610646e-01  7.18065351e-02  2.47886717e-01
  4.67506111e-01  7.48334527e-02  1.43081367e-01 -1.94220652e-03
 -2.31676742e-01 -1.86713114e-01  1.26302436e-01 -1.21085666e-01
  4.20135766e-01 -9.82303694e-02  3.48750234e-01 -5.42345010e-02
 -4.06590849e-01  2.43656427e-01  8.67293999e-02 -3.94006163e-01
  5.03381453e-02  7.26811528e-01 -2.60775447e-01 -6.34871423e-01
 -4.98527706e-01 -9.47990268e-02 -6.50830209e-01  6.62958398e-02
 -2.68383652e-01  2.85508454e-01 -3.49700004e-01  1.12674169e-01
 -1.74492911e-01 -4.75419343e-01 -1.81578606e-01 -2.11868286e-01
  3.28344889e-02  1.42950699e-01 -2.28110589e-02 -1.91820711e-01
 -5.15208364e-01 -3.52586992e-02 -3.48714292e-01 -4.78997946e-01
 -3.10264714e-03 -5.51242530e-01  4.46956694e-01  2.26768479e-01
  5.19576371e-01 -4.01957147e-02  2.23008469e-01 -2.11780015e-02
 -6.47084936e-02 -8.50242257e-01 -1.22388318e-01 -8.21013227e-02
 -5.00536263e-01 -2.89797261e-02  1.61732789e-02 -4.62967247e-01
 -3.05137724e-01 -4.27984715e-01 -5.37696257e-02 -4.27530885e-01
 -4.58555937e-01  5.07671535e-02 -6.09349832e-02  1.21000551e-01
 -1.44150585e-01  4.98395979e-01 -4.44367468e-01  1.57625675e-01
 -6.23378396e-01  1.97799042e-01 -6.93991065e-01 -2.58265138e-01
  1.02615738e-02 -2.50993371e-01 -3.85790080e-01  1.67727783e-01
 -4.67547983e-01  3.76975834e-01  3.34049433e-01  5.89170568e-02
 -4.29504603e-01 -2.34155897e-02 -3.79841536e-01  1.28155112e-01
  2.17148751e-01  7.27256596e-01  2.17628777e-01 -6.18875958e-02
  1.72691017e-01  4.01492089e-01  1.91140860e-01  1.47364363e-01
 -1.01788752e-01 -2.96952933e-01  8.40102732e-02  5.50181009e-02
  6.37321651e-01  1.06117532e-01 -1.75985415e-02  1.04611826e+00
 -3.49941045e-01  2.47092575e-01  4.92686391e-01  2.86440611e-01
 -1.74274695e+00  1.24134626e-02 -1.29007444e-01  4.75340001e-02
 -2.40004599e-01  2.80745119e-01 -3.55460658e-03  1.37170598e-01
 -4.59278792e-01 -5.40335178e-01  9.03911769e-01  2.87854135e-01
 -9.33829881e-03 -5.12270808e-01  3.49341303e-01 -2.35028371e-01
  2.98427008e-02 -4.78011936e-01  2.12677538e-01  4.78230417e-01
 -4.10766840e-01  5.39882034e-02 -1.65991887e-01 -5.37499726e-01
 -8.39669257e-02  1.67763039e-01  1.61569253e-01  2.47225672e-01
 -5.30215204e-01  1.38052374e-01  3.13878089e-01  4.00859684e-01
  7.85849571e-01  3.03985566e-01 -6.16408102e-02  5.77767044e-02
  4.45068717e-01  1.35041907e-01  4.25412297e-01 -2.85625219e-01
  1.75831676e-01 -4.75820117e-02  8.53437722e-01  1.25897396e-02
  9.11166295e-02 -1.54978712e-03  1.21304177e-01  2.29567096e-01
 -8.19531530e-02  3.54898632e-01  1.46432102e-01  4.78751250e-02
  1.90706670e-01  5.32224238e-01  5.80730975e-01  1.44955635e-01
 -2.83899516e-01 -3.66182566e-01  3.64569165e-02 -3.21286529e-01
 -6.24405146e-01 -3.38620603e-01 -3.43862951e-01 -1.22221127e-01
 -4.49567646e-01  2.92913973e-01 -2.96255443e-02 -5.18385053e-01
  5.49229495e-02 -3.55665028e-01 -4.25226897e-01  3.32149923e-01
 -5.32559305e-02 -7.33311176e-01  5.86143553e-01  2.21728235e-01
  2.88144261e-01 -5.33857048e-01 -6.53079987e-01 -4.23921756e-02
 -2.73390263e-01 -3.03942800e-01  1.67657301e-01 -3.30829591e-01
 -5.40301539e-02  3.47336739e-01 -7.84889758e-02 -9.32381302e-02
 -3.43779474e-01 -2.95097053e-01 -7.08986878e-01  1.88760504e-01
 -5.04166633e-02  3.23213547e-01  2.19684243e-02  2.22186521e-01
  2.20306531e-01  4.48722839e-02 -2.71185935e-01  8.39256197e-02
 -3.24997872e-01  5.80433309e-01  3.90726745e-01  1.66425571e-01
  5.81920862e-01  4.44246560e-01  2.81132221e-01  5.24589181e-01
  2.02089325e-02  1.34099787e-02 -6.10522449e-01 -3.01175117e-01
  7.10016072e-01 -3.79120931e-02  2.43217826e-01 -1.07879639e-01
 -1.81926806e-02  6.09081030e-01 -3.24829035e-02 -5.74191928e-01
  5.14266547e-04  7.38754347e-02 -1.84155032e-01  2.62513518e-01
  6.57590330e-01  8.22842896e-01 -2.32491437e-02  2.09028870e-02
 -1.40678659e-01 -1.87530726e-01  3.15161854e-01 -1.30644426e-01
 -1.17975011e-01 -2.94526875e-01  9.54099279e-03  2.99439758e-01
  6.59657598e-01  2.00672433e-01  6.23160660e-01  3.09473157e-01
 -3.43716770e-01  2.67425120e-01  4.35273141e-01  4.79529262e-01
 -2.94526517e-01 -2.89981574e-01 -3.53981167e-01  2.58303136e-02
 -3.89669329e-01 -6.62572011e-02  6.73135698e-01 -1.59499541e-01
  1.76897496e-01  7.67650688e-03 -6.11082435e-01 -6.22050464e-01
 -3.78277510e-01  1.60815239e-01 -9.92601439e-02  1.43383160e-01
  2.02571973e-01 -1.35760903e-02 -4.93025184e-01  1.85777426e-01
  5.61464727e-02  2.98899978e-01  5.03491282e-01 -1.53601959e-01
 -9.01676565e-02  3.59078869e-03  3.82498726e-02  6.76893964e-02
 -1.81071088e-01  4.58883010e-02 -2.62824357e-01 -4.94412094e-01
  1.62131209e-02  1.84012845e-01  2.54214287e-01 -1.46533042e-01
  6.53414965e-01  1.32467419e-01 -5.13203919e-01 -5.65060019e-01
 -2.37240583e-01 -2.22166181e-01 -4.52727154e-02 -4.98032242e-01
 -9.01912376e-02  4.43757847e-02  3.66764814e-01  8.76772404e-02
  2.80246258e-01 -3.57614696e-01  7.92291760e-02  2.38751560e-01
  6.34034872e-01 -1.30070135e-01  2.30014458e-01 -1.98584244e-01
  2.17490532e-02  8.81654993e-02  7.55990595e-02  5.94925098e-02
 -1.43209085e-01 -5.36220908e-01 -6.97850943e-01 -3.78329605e-01
 -1.78958684e-01 -1.07865930e+00  5.39438188e-01  1.38625845e-01
  2.41053805e-01 -4.67630297e-01 -4.62996036e-01 -1.47763044e-01
  3.01077008e-01 -1.15580216e-01  4.24873710e-01 -2.17767403e-01
 -5.78147948e-01 -4.97000404e-02  1.25194728e-01 -6.60147369e-01
  9.40503120e-01  2.54540563e-01 -4.91650820e-01 -3.95495683e-01
  3.87395293e-01  1.95834413e-01 -2.21845999e-01  1.07280806e-01
 -1.32592082e-01 -5.39364815e-01  1.55032635e-01 -3.46933961e-01
  3.21011186e-01 -1.54360160e-01 -3.52674324e-05 -1.24660306e-01
  5.85190356e-01  3.44327986e-01  2.44300678e-01  7.75589198e-02
 -2.27900639e-01 -2.08970875e-01 -2.48069152e-01  3.25702071e-01
  1.40794307e-01  3.85053605e-01 -1.76682368e-01  3.16250384e-01
  5.83125949e-01 -8.46609056e-01  8.67414474e-02  7.60417283e-01
  4.11032021e-01  4.44315493e-01 -1.52564764e-01  3.20903882e-02
 -8.17037404e-01  1.35569990e-01  1.41821682e-01 -1.72215570e-02
  4.57020789e-01 -3.56507041e-02 -1.37511179e-01 -4.09765035e-01
 -1.68074183e-02  4.00395066e-01  1.72828749e-01  3.64892520e-02
  4.35541987e-01 -1.55622914e-01  5.13322771e-01  3.38330954e-01
 -2.61516929e-01 -3.60293716e-01  5.43467440e-02  4.09025818e-01
  7.75284708e-01  1.81759849e-01  3.60168815e-01 -7.15021849e-01
 -6.30539358e-01  3.01282763e-01  8.31094086e-02  3.05178523e-01
  5.01429319e-01 -2.74868637e-01 -6.27902821e-02  6.11264467e-01
  2.97894835e-01 -7.07817525e-02 -3.29446822e-01 -4.16540891e-01
 -1.70716390e-01 -2.36667961e-01 -5.00891149e-01  2.01751813e-01
  8.45913216e-02 -4.67947908e-02  2.11769968e-01  1.54199144e-02
  9.83888358e-02  5.82226098e-01  2.87197321e-03 -3.05047333e-01
  2.04790220e-01  6.14336543e-02 -9.01422724e-02  8.08300227e-02
 -2.23519325e-01 -2.46593595e-01 -2.41717659e-02  2.41519004e-01
 -1.57367334e-01  2.02508613e-01  3.40979882e-02  1.61916167e-01
  3.30591708e-01 -4.44882154e-01 -1.90104902e-01 -3.14644456e-01
 -3.17463845e-01 -1.30728632e-01 -6.57792032e-01 -3.59774739e-01
 -3.09588555e-02 -4.71150875e-02 -1.59254432e-01 -5.93736023e-02
 -4.67871338e-01 -2.32516110e-01 -4.49221104e-01  2.52285540e-01
 -1.73445553e-01 -8.41765165e-01  3.82302940e-01  2.62718678e-01
 -1.25296742e-01 -1.19992077e+00  2.47536302e-01  1.70461625e-01
  2.44115233e-01  1.72105312e-01  7.04698920e-01 -3.42238545e-01
 -2.60701954e-01  8.75810459e-02 -2.85531700e-01  2.54745066e-01
 -1.05163517e+01  1.05978079e-01 -4.22578603e-01 -3.99893075e-01
 -3.50487739e-01  3.93149853e-01  6.25632167e-01  5.66282392e-01
 -1.95585936e-01  1.21423393e-01 -3.40548642e-02  9.15949419e-02
 -1.44770285e-02  6.83787882e-01 -5.20783842e-01 -3.06553662e-01
 -2.30557114e-01 -2.15277169e-02 -4.03221026e-02 -2.39191204e-01
  1.14314690e-01 -2.84472644e-01  5.08635998e-01  7.36679852e-01
  5.46224177e-01 -4.08423632e-01 -2.61187971e-01  2.47341441e-03
 -2.02753499e-01  5.91974974e-01 -6.01364851e-01  5.32571316e-01
  3.64352502e-02  3.01084399e-01 -1.52536288e-01  2.52969116e-01
 -4.02831227e-01  6.68329716e-01 -3.90014835e-02  4.04142320e-01
  3.15302551e-01  4.24127430e-01 -2.56795008e-02 -3.04168835e-02
  1.74899265e-01  2.39173710e-01  4.69064713e-01  1.11696711e-02
  5.41832387e-01 -2.42215633e-01 -1.27103299e-01  1.33843392e-01
  6.82288781e-02 -9.43486765e-02  4.55611289e-01 -3.05458643e-02
  6.39403582e-01 -6.74558520e-01 -3.16420607e-02  6.43760711e-02
  3.38028491e-01 -7.73757696e-02  3.83367360e-01  4.44365919e-01
  3.00741434e-01  4.10556674e-01  5.21741688e-01  3.65373969e-01
 -9.13043141e-01 -2.37799183e-01  1.62567645e-01  4.71616268e-01
 -9.50486809e-02  3.25132906e-01 -2.56731838e-01  3.13396513e-01
  3.61466676e-01 -2.95936376e-01  5.50640672e-02 -2.80053783e-02
  2.83950686e-01 -3.02975923e-01  8.33558366e-02  2.40718409e-01
 -6.21874213e-01  4.87202406e-02 -8.32330659e-02 -4.81247865e-02
  2.59869248e-01 -4.46125746e-01  2.38236561e-01  8.38035122e-02
 -5.34437299e-01  5.06531894e-01  4.48012590e-01  1.81824807e-02
 -1.21032991e-01  2.26519614e-01  4.85405922e-01 -2.47120038e-02]"
ジ,"[-1.00214332e-02  4.46114838e-01  2.00346470e-01 -2.06727102e-01
  3.34256560e-01  5.82534075e-01  1.37879014e-01 -4.26719040e-01
  3.89542766e-02 -1.11338556e-01  6.69009328e-01  3.81595314e-01
 -9.52585191e-02  8.15567195e-01  7.47376025e-01 -1.82520207e-02
 -4.17015702e-01  4.12987843e-02 -1.56443760e-01 -5.08737683e-01
 -3.43523562e-01 -3.92755032e-01 -2.09648028e-01  2.56650865e-01
  7.41200224e-02 -3.12140226e-01  8.43326569e-01  1.25927240e-01
  1.99571013e-01 -3.22546244e-01 -3.57921124e-01 -4.11157191e-01
 -6.21526241e-02 -3.48601192e-01 -2.94646114e-01  5.34757078e-01
 -1.27070546e-01 -3.33502084e-01 -9.71235260e-02  2.26039872e-01
 -6.95131272e-02 -2.57729143e-01 -4.63213235e-01 -1.26044288e-01
  2.98516918e-02  2.47833580e-01  1.63164109e-01  8.55596662e-01
  1.18958972e-01  3.16295214e-02 -4.50527072e-01  1.34723261e-01
  6.41612589e-01 -6.06171966e-01  3.86694342e-01  1.52796865e-01
  1.07234553e-01 -6.74632907e-01  7.25263432e-02  3.05797547e-01
 -4.72120613e-01 -2.46033847e-01  1.46462932e-01 -2.27588490e-01
 -2.79938996e-01  1.73462182e-02  1.38264358e-01 -6.57626510e-01
  4.16914187e-02 -3.80681902e-01 -2.01037422e-01  2.56067961e-02
 -2.72895515e-01 -6.19790614e-01  4.62366074e-01 -2.21089348e-01
  2.90622413e-01 -1.56250030e-01  2.86910199e-02 -2.80692186e-02
  2.71332890e-01  1.81723192e-01  1.47807464e-01 -3.06750506e-01
 -1.89038366e-02 -1.75594509e-01  1.44240379e-01 -6.99274778e-01
  1.98083237e-01 -1.91683471e-01  3.94819379e-01  2.46642500e-01
  7.13792741e-02  5.18882751e-01 -1.59665078e-01  4.73226458e-01
  3.12840015e-01 -3.14019918e-01 -2.84796029e-01  3.39860350e-01
  2.95899302e-01 -2.35947832e-01 -3.24858844e-01 -2.95635283e-01
 -1.83599979e-01  3.22835743e-01  2.18621597e-01  6.71382964e-01
 -3.06291312e-01 -2.19835997e-01 -3.70407999e-01 -1.30989775e-02
 -1.16981220e+00  4.21669930e-01 -1.58725351e-01  3.72976363e-01
 -3.89226019e-01  5.92440665e-01 -5.76473415e-01  4.45010841e-01
  1.04310296e-01  6.69758618e-01  1.80835545e-01 -4.32366431e-01
 -1.39923960e-01  3.53465140e-01  1.52158916e-01  1.21734150e-01
 -1.51794255e-01 -3.32215965e-01  1.35374628e-02 -3.17419469e-01
 -3.09227586e-01  2.97165543e-01 -2.09367529e-01  5.36409199e-01
 -1.68283075e-01  1.12953611e-01 -4.03812557e-01 -6.42186940e-01
  3.26682448e-01 -2.36146376e-01  1.70138687e-01 -4.72069889e-01
 -1.47565845e-02 -3.09375584e-01 -7.66289949e-01  1.97931081e-01
  4.21015061e-02 -4.11884412e-02  1.34059057e-01  1.28088105e+00
 -5.20534039e-01 -2.32053265e-01  4.01960850e-01  5.12029052e-01
 -7.72689164e-01 -8.54186192e-02  1.20955661e-01  8.00898731e-01
  7.36651942e-02 -4.37230438e-01  1.05709404e-01  9.35666382e-01
  2.36246586e-01  2.01320633e-01  2.48912275e-01  7.56383836e-02
  6.79156035e-02  6.33179724e-01  3.28166991e-01  5.42355657e-01
  2.09343344e-01 -1.97078794e-01  1.85365006e-01  4.93970066e-01
  6.44816101e-01  2.68502049e-02  8.71030092e-01 -6.52557015e-01
 -1.96074858e-01 -4.32599753e-01 -3.46265808e-02 -5.31125426e-01
  1.98693886e-01 -4.77702506e-02  6.02716915e-02  3.74596983e-01
 -3.02401837e-02  1.31808996e-01 -3.60719442e-01 -8.17932859e-02
  1.87273473e-01 -3.15979183e-01 -3.41938019e-01 -3.06617469e-01
  1.33242337e-02  3.89677674e-01 -4.27868396e-01  5.61242759e-01
 -1.93272799e-01  1.78422093e-01 -2.87942827e-01 -5.05018473e-01
 -5.69826901e-01  2.25562796e-01  3.95666152e-01  5.52994370e-01
  1.87713027e-01  3.19405317e-01 -3.32435459e-01  2.23731473e-01
  5.87415993e-01  3.71017486e-01  5.32363132e-02  1.10670455e-01
 -4.66257513e-01 -2.02175155e-01  4.28151131e-01 -4.31525499e-01
  5.42480499e-03 -7.35623166e-02  5.36420226e-01  3.43768567e-01
  1.80420220e-01  5.83290040e-01  1.55450463e-01  3.48515332e-01
 -1.09199889e-01  9.83552992e-01 -4.69174474e-01 -3.64136875e-01
 -7.09866345e-01 -1.13484442e-01 -3.55502963e-01  5.35296500e-01
 -2.89258529e-02  3.10188800e-01  2.64247537e-01  2.60326922e-01
  2.80291170e-01 -4.07964140e-01 -7.71073252e-02 -2.70260036e-01
 -3.51430744e-01  5.25258482e-01  1.95515275e-01  7.37012625e-02
 -3.09574455e-01  1.89676270e-01 -3.67618948e-01 -7.58585751e-01
  6.05829477e-01 -2.54798204e-01  8.53422523e-01  2.89377302e-01
  3.49382341e-01 -2.92912394e-01  3.46593171e-01 -1.70152441e-01
  1.36926204e-01 -2.50340905e-02 -2.14528888e-02  1.35444522e-01
 -4.49785709e-01  5.29716372e-01  4.50464478e-03 -1.52229935e-01
 -3.70919764e-01 -1.69567615e-01  5.49335718e-01 -6.97317779e-01
 -4.68349338e-01 -1.43729702e-01 -1.83796883e-01  2.59372741e-01
 -1.69422492e-01  6.44588351e-01 -3.99236083e-02  9.82512385e-02
 -7.37665832e-01  5.37971109e-02 -1.70459628e-01  3.02492589e-01
  3.11463088e-01 -5.72238155e-02 -2.97640443e-01 -5.26475161e-02
 -5.90882897e-01  5.09187937e-01  5.11137426e-01 -4.44058597e-01
 -4.97079432e-01  5.49389601e-01 -3.62512678e-01  3.49109322e-01
  1.09429762e-01 -9.13067609e-02  3.25273156e-01  5.91009080e-01
  6.46709502e-01  5.18164337e-01 -6.19563311e-02 -3.32972169e-01
  3.25245224e-02 -3.10221732e-01 -3.91876668e-01  7.63004348e-02
  5.54364622e-01 -8.28743041e-01  2.12454185e-01  3.75301480e-01
 -2.23286390e-01 -3.09832901e-01  4.54652727e-01  5.64610839e-01
 -1.86144722e+00 -2.86898732e-01  5.07066905e-01  3.26316684e-01
  2.15008542e-01  3.67095053e-01  3.42907935e-01  8.83300975e-02
 -5.52383780e-01 -8.63954365e-01  4.53293562e-01 -1.27048224e-01
 -5.68312049e-01 -1.98522121e-01  3.43791209e-02 -2.90908571e-02
 -4.43374552e-02 -5.25737822e-01 -1.32076025e-01 -2.50126701e-02
  1.97491199e-01  3.32975797e-02  2.56419331e-01  4.85620201e-02
 -3.93753558e-01  3.24588120e-01 -1.78815573e-01  2.33305186e-01
 -7.04735756e-01 -4.26337481e-01  4.34761286e-01  1.12845182e+00
  2.56602287e-01  2.54292279e-01  1.89482912e-01 -2.04880193e-01
  2.99308836e-01  4.32160676e-01  3.29810202e-01 -2.27694623e-02
 -3.47021043e-01 -4.67430323e-01 -3.41797844e-02  1.27504677e-01
  3.06741655e-01 -4.56190348e-01 -9.02281702e-02  4.78924155e-01
 -5.61182976e-01  2.85659611e-01  3.51780742e-01  4.45211791e-02
  4.39253032e-01  5.21982670e-01  7.04428911e-01 -1.00346237e-01
 -2.59761602e-01 -6.64071202e-01  8.62636641e-02 -1.69463709e-01
 -2.15235978e-01 -3.73799121e-03 -3.75852622e-02  1.67268142e-01
 -1.65191934e-01  1.34897828e-01 -5.31807959e-01 -3.19998354e-01
  5.26879668e-01 -9.72781122e-01 -3.60061049e-01 -7.07383275e-01
 -2.15734303e-01 -9.28487360e-01  6.25995278e-01  4.30116951e-01
 -4.53046449e-02 -2.54922688e-01 -4.52913105e-01 -3.30346674e-01
  2.59077102e-01 -1.08147547e-01 -1.44169584e-01 -7.47664124e-02
 -1.17547393e-01 -1.26063272e-01 -2.29916707e-01 -2.50430584e-01
 -6.67477906e-01 -6.87096357e-01 -7.37967610e-01  4.26447213e-01
  1.15498556e-02  3.70370716e-01 -1.19642414e-01  9.28429514e-03
  3.13465208e-01  5.50747752e-01 -8.07372212e-01 -4.27067608e-01
 -8.22116137e-01 -4.80820835e-02  4.14458811e-01  1.92174077e-01
  3.40165854e-01  3.83800529e-02 -1.44902796e-01  1.32622212e-01
 -1.42906383e-01  8.60245377e-02  7.85081014e-02 -5.53870857e-01
  5.95759034e-01 -4.05099809e-01  5.13634801e-01  1.03572741e-01
  2.19192728e-02  3.89188588e-01 -5.56147277e-01 -7.08157778e-01
  8.51314664e-02  5.43742836e-01  1.52838901e-01  4.78582591e-01
  1.95058376e-01  6.16266191e-01 -3.25685054e-01  5.73823631e-01
  1.18416607e-01  2.41437182e-02  1.76071689e-01  2.58331876e-02
 -6.76297918e-02  5.88949583e-02  4.06013906e-01  4.62080836e-01
  2.51632720e-01  4.28229600e-01 -2.42411822e-01  2.81210363e-01
 -5.28371394e-01 -1.22654662e-02 -1.97051391e-01  6.46775246e-01
 -2.10841745e-01 -1.13671146e-01 -3.55725318e-01 -2.21253976e-01
 -8.02042305e-01 -7.89907947e-02  6.03309035e-01 -7.22285658e-02
  4.54265773e-01 -1.88744828e-01 -9.94379997e-01 -3.09749186e-01
 -1.01664579e+00  1.45336777e-01 -3.57231855e-01 -6.81411698e-02
  5.16068995e-01  1.02302516e-02 -2.16361985e-01  7.94195458e-02
 -1.04584999e-03  3.12148839e-01  2.19850153e-01 -4.57772881e-01
 -5.49552083e-01 -1.20112233e-01 -6.60774037e-02 -2.80499995e-01
  6.16194546e-01  3.22472394e-01 -5.02931893e-01 -5.80091655e-01
 -4.94655758e-01 -1.74154028e-01 -1.27823383e-01 -1.88505352e-01
  3.65495086e-01  3.94172281e-01 -3.54934573e-01 -3.09393525e-01
 -2.51443833e-01 -2.02974170e-01  1.40535787e-01 -4.49849665e-01
 -2.79373884e-01  1.27727181e-01 -2.21748665e-01  4.18628365e-01
 -2.69542813e-01 -2.58131593e-01 -2.84182936e-01  4.30385649e-01
  5.70182264e-01 -4.34375614e-01  7.00783208e-02 -5.12013495e-01
 -3.33854049e-01  7.01214150e-02  3.51409614e-01  3.55329841e-01
  5.08428156e-01 -2.39475723e-02 -1.21480536e+00 -2.41990983e-02
 -1.53936729e-01 -7.11091101e-01  4.43649501e-01 -8.36603418e-02
  5.39884090e-01 -8.02808404e-01  2.73263246e-01 -1.90668747e-01
  5.31463847e-02  4.89589721e-02  2.31379360e-01  4.74247746e-02
 -5.14213920e-01 -1.75241813e-01 -4.20423806e-01 -8.53179991e-01
  5.91554165e-01  1.71208262e-01 -6.03712142e-01  5.65893412e-01
  9.18577790e-01  2.00876519e-01 -1.92052752e-01  2.46493757e-01
 -3.13242078e-01 -2.20761642e-01  3.24331343e-01 -1.31082118e-01
  2.20110223e-01  2.24861994e-01 -6.19773448e-01  7.60357007e-02
  8.55346084e-01  7.42082596e-01  4.29017305e-01 -4.37535524e-01
 -3.85810375e-01 -2.96581268e-01 -1.55063853e-01 -1.87217414e-01
  6.99617207e-01  6.05384946e-01 -6.30212069e-01  5.64034879e-01
  5.72007537e-01 -3.43983144e-01 -1.18302636e-01  3.81884277e-01
 -5.89851849e-02  3.25885504e-01  3.50778341e-01 -4.07700390e-01
 -6.56467259e-01  4.34035867e-01  3.71403277e-01 -1.63589954e-01
  3.88354033e-01  9.76219624e-02  1.14293881e-01 -2.62863994e-01
 -3.68794650e-01 -4.46604192e-02  2.73447305e-01  3.49446535e-01
  8.39151323e-01  1.93132445e-01  5.87468743e-01  2.55585730e-01
 -6.43494904e-01  2.59963125e-01  1.51666760e-01  5.94950020e-01
  1.12540662e+00 -6.40235990e-02  4.04116482e-01 -5.78162014e-01
 -3.24305415e-01  4.13487881e-01  1.71497270e-01 -3.74137126e-02
  7.14358270e-01 -4.72758472e-01 -1.04190215e-01  4.02953029e-01
  7.66095579e-01 -9.42149088e-02 -3.11668247e-01 -6.85397685e-01
  8.59517828e-02  1.64576188e-01 -4.05817986e-01 -5.06104194e-02
 -2.69752252e-03 -9.29211080e-02  1.18348233e-01 -5.83362997e-01
  2.13505238e-01  6.17022693e-01  2.36226574e-01 -1.48082241e-01
  8.22852179e-02  6.10533834e-01 -2.19132259e-01  8.49054933e-01
  1.40247196e-01 -1.97693482e-01 -1.91375911e-01  2.00555205e-01
 -6.34439737e-02 -3.70448411e-01 -1.98541462e-01  2.59474277e-01
  1.90494612e-01 -2.12736279e-01 -3.23645949e-01 -4.88263875e-01
  1.48093924e-01  1.47656202e-02 -6.64715469e-01  2.23839626e-01
  9.70194191e-02  2.68251806e-01 -1.88496813e-01 -1.14288768e-02
 -4.66295518e-02 -3.84591937e-01 -2.58995980e-01  9.78487656e-02
 -3.27577323e-01 -6.05240166e-01  4.69115436e-01  4.83716950e-02
 -4.97022755e-02 -1.53939021e+00  6.37181699e-01  9.39938650e-02
  4.69484657e-01  5.78735694e-02  1.30327746e-01  2.79808864e-02
 -7.26406649e-02 -1.78582400e-01 -2.55781889e-01  5.15377104e-01
 -1.01246109e+01  1.49940744e-01 -4.23641205e-01 -2.52103060e-01
  3.10397208e-01  3.35321754e-01  7.42122352e-01  4.90978181e-01
 -4.63964969e-01 -1.51150122e-01 -1.80365548e-01 -7.06015170e-01
  1.30994022e-02  3.24877441e-01 -3.53250057e-01 -3.93043309e-01
 -3.36749107e-01 -4.70731109e-01 -3.38685900e-01 -1.76492468e-01
 -1.40459508e-01 -3.87392864e-02  8.49484146e-01  7.80409694e-01
 -3.66742671e-01 -5.83509088e-01  3.11473966e-01  2.59379012e-04
 -2.99503077e-02  4.57691438e-02 -1.04180253e+00  1.01014471e+00
 -1.65051997e-01 -3.63248177e-02  2.30377808e-01  4.55113947e-01
  2.95992762e-01  4.69831526e-01 -2.83712685e-01  2.78406620e-01
  5.50653994e-01  6.36807468e-04 -9.46063846e-02 -6.34246707e-01
  4.74667042e-01  5.36858499e-01  7.80985653e-01  2.32221648e-01
  2.85355091e-01 -2.98986584e-01 -4.01616842e-01 -3.01843584e-01
 -6.33141547e-02 -1.27302751e-01  6.96334660e-01  1.44364014e-02
  5.95886648e-01 -6.76920891e-01 -3.59666394e-03 -1.92232504e-02
  5.02524853e-01 -2.71303415e-01  4.53530103e-01  1.70518070e-01
 -2.20626906e-01  2.90512830e-01 -4.60041136e-01  3.43764216e-01
 -4.62442249e-01  2.18388170e-01 -9.54822674e-02  2.36118987e-01
  2.36607194e-01  1.09224230e-01 -4.58922774e-01  4.05979782e-01
  2.28025522e-02  3.77873369e-02  4.39087719e-01 -3.60961646e-01
  2.04739749e-01 -2.46830329e-01 -1.84871018e-01  1.23518653e-01
 -8.02505195e-01  4.96708304e-02  3.03059101e-01 -3.34305912e-01
 -1.89714264e-02 -9.48713779e-01  3.28557670e-01 -3.28417152e-01
 -9.31068882e-02  6.32346928e-01  1.87544227e-01 -3.59089702e-01
  7.41059557e-02  3.72141808e-01  5.90662837e-01 -4.32323843e-01]"
テ,"[ 4.86870736e-01  2.07949430e-01  4.88378942e-01 -5.50900400e-01
  4.62613016e-01  1.21281013e-01  9.12269577e-02 -1.81352094e-01
 -4.67244424e-02 -4.79556769e-01  6.88520491e-01 -3.09961975e-01
  1.51986768e-02  2.46261153e-02  3.35060775e-01 -3.56744081e-01
  2.61551470e-01 -2.24953681e-01  8.96363854e-02 -4.71723437e-01
 -6.56762004e-01 -1.28160119e-01 -2.01838806e-01  1.76269755e-01
  8.85178596e-02  9.92065296e-03 -4.73639637e-01 -7.35934898e-02
 -6.85933009e-02 -2.14320689e-01 -6.05719268e-01 -3.40691060e-01
  2.86326915e-01  3.11165720e-01 -1.16717897e-01  2.43090257e-01
  1.07781202e-01 -9.81216654e-02  2.63830036e-01 -3.86727154e-01
  4.54277284e-02 -2.16785278e-02 -2.64894754e-01 -9.70964804e-02
 -2.95700818e-01  8.40678036e-01  2.34042346e-01  3.42162877e-01
  7.34120190e-01 -2.02554300e-01 -4.24992204e-01  3.46906781e-01
  1.50066197e-01 -3.03254034e-02  4.06385630e-01 -1.77121446e-01
  2.07711309e-01 -5.44795811e-01 -2.61468500e-01  3.54316413e-01
 -5.53257108e-01 -2.44943485e-01  7.74652183e-01 -8.99620280e-02
 -5.16972952e-02 -3.42397004e-01  4.41427901e-02 -1.55674368e-01
  1.06326714e-02 -8.26144218e-01 -6.57163501e-01 -5.67122437e-02
 -1.26266837e-01 -2.64056355e-01  1.25148261e+00 -1.53898314e-01
  1.74061313e-01  3.96364719e-01  3.22451234e-01 -1.06579788e-01
  9.97388288e-02  4.76149380e-01  6.83448017e-02 -7.46302903e-01
  7.36038610e-02  3.16988170e-01 -1.34761408e-01 -5.59292078e-01
  3.80752802e-01 -4.06674296e-01 -5.34235477e-01  6.10495150e-01
  6.11758471e-01  2.62865484e-01 -7.87698925e-02 -2.75407988e-03
 -9.94143076e-04 -3.11702967e-01 -4.54210430e-01  1.81202944e-02
 -5.36308810e-02 -1.09382376e-01  2.00402483e-01  4.62064683e-01
  4.10733789e-01  3.81456390e-02 -3.80830348e-01  3.26550826e-02
  1.72061473e-01  9.05015171e-02 -2.24035576e-01 -4.51205432e-01
 -4.16073501e-01  6.14668310e-01 -2.29745373e-01 -1.02816954e-01
 -1.94919139e-01  4.40123342e-02 -1.91246539e-01  6.32244945e-01
  2.10728258e-01  2.03242943e-01  2.74745494e-01 -2.24829391e-01
  1.16396591e-01  6.39822662e-01  1.71352535e-01 -3.83561939e-01
 -3.66873950e-01  8.32146630e-02 -1.86117649e-01  2.87324101e-01
 -8.94091725e-02 -2.02821687e-01 -5.22468567e-01  1.04172766e+00
 -2.00885296e-01 -5.39882369e-02 -3.32165718e-01 -4.50954348e-01
 -3.60283226e-01 -3.57839204e-02  1.27192676e-01 -1.75926208e-01
  1.48783371e-01  9.32709724e-02 -4.87331361e-01 -4.07212526e-01
 -7.94686601e-02 -3.01456273e-01 -1.20119222e-01  1.04052746e+00
 -8.40103328e-01  3.93184461e-02 -7.02311769e-02 -2.06679720e-02
 -9.08705831e-01  9.24965441e-02  3.32125366e-01  2.91529745e-01
  2.18343481e-01 -8.14126730e-01  1.71400368e-01  6.00785971e-01
 -2.18205944e-01  4.35079336e-01  8.48536789e-02  4.53198999e-01
  8.25355202e-02  6.63613617e-01 -1.42151475e-01  4.04944927e-01
  1.52110934e-01 -2.73135006e-01  6.08589649e-01  3.03507745e-01
  2.09735185e-01  4.35281638e-03  1.93951547e-01 -5.53771794e-01
 -3.50065790e-02  4.81672958e-03 -3.19836855e-01 -5.14965653e-01
  3.39626193e-01 -1.16199993e-01  1.42873064e-01  1.77800119e-01
 -2.77932674e-01  1.01555578e-01  1.63913578e-01 -4.18343544e-01
  4.51898187e-01 -5.96767701e-02 -2.37347245e-01 -7.15114295e-01
 -3.10148358e-01  1.56580076e-01 -6.12684488e-01  6.99673772e-01
  1.96058393e-01  6.37141392e-02 -2.73703545e-01 -5.00507236e-01
 -6.06106818e-01 -3.09466451e-01  5.52216768e-01 -6.58937264e-03
  2.29679212e-01  6.12415910e-01 -2.39026293e-01  2.11809710e-01
  4.04511184e-01  2.10045204e-01  2.67534763e-01  2.24807352e-01
  1.85005029e-03 -6.33225963e-02  3.35519850e-01 -7.83334374e-01
  4.63567466e-01 -2.89046407e-01  4.36418623e-01 -1.11633971e-01
  2.69094169e-01  1.87084645e-01 -8.07175133e-03 -2.90080696e-01
 -4.40906994e-02  5.08892298e-01 -5.14312804e-01 -3.16938162e-01
 -9.38935220e-01  2.77556270e-01 -7.69779682e-01  1.34652495e-01
 -4.69939113e-02  5.00614524e-01 -4.95018214e-01  5.21567583e-01
  2.49780580e-01 -1.12179957e-01  2.99326152e-01 -2.91592300e-01
 -9.16415155e-02 -1.37067204e-02 -7.65860900e-02  2.93723177e-02
 -2.95034975e-01  3.77431750e-01 -5.78274190e-01 -4.87826914e-01
  5.25598466e-01 -3.89122099e-01  6.91588402e-01  5.45946360e-01
  3.34485769e-01 -1.86525121e-01  4.37023252e-01 -4.37263608e-01
  3.62589866e-01 -3.91840667e-01 -7.33695477e-02 -3.78590487e-02
 -1.14041343e-01  1.91516802e-01 -2.74605025e-02 -6.74628913e-01
  1.51389450e-01 -7.36378133e-01  5.48430502e-01 -4.28707927e-01
 -1.91778824e-01 -1.97284237e-01 -2.11388275e-01  1.66222468e-01
 -2.98336208e-01  2.06852183e-01 -3.02669615e-01  2.00272545e-01
 -7.44820952e-01  7.99385607e-02 -5.30686378e-01 -2.27033384e-02
 -9.28113163e-02 -2.77631968e-01 -2.21441209e-01  6.60026446e-02
 -2.13015556e-01  4.49215442e-01  1.79988772e-01 -8.85716453e-02
 -4.20023739e-01  9.34969634e-02 -3.71179253e-01 -1.36445314e-01
  3.39112669e-01  4.44526374e-01 -2.26043329e-01  2.08769977e-01
 -3.11610177e-02  4.58298057e-01 -1.26941964e-01 -3.19482386e-02
  1.57447129e-01 -3.84958744e-01 -2.98782378e-01 -3.76474053e-01
  3.07019681e-01 -3.28237385e-01 -1.24994501e-01  7.78701305e-01
 -3.54297012e-01  2.50440724e-02  2.07493708e-01  5.39454341e-01
 -1.31976819e+00  4.87489700e-02 -1.86781194e-02 -2.79504597e-01
 -3.83040011e-01  6.31351769e-01  2.10742410e-02  6.93660304e-02
 -3.49999696e-01 -4.29790437e-01  1.09922886e+00  2.38492936e-01
 -2.42161319e-01 -3.42310816e-01  4.46882904e-01  1.89153165e-01
 -8.47587734e-03 -6.15038514e-01 -1.38385683e-01  3.68392289e-01
 -1.46176308e-01  1.83205694e-01  2.64667034e-01 -2.88714021e-01
 -1.53668270e-01  5.39402068e-01 -1.37265503e-01  5.77667236e-01
 -1.40926734e-01 -1.16187096e-01  2.01383904e-02  9.95134354e-01
  1.16013944e+00  7.90808380e-01 -2.94401437e-01 -7.95457363e-02
  4.86185580e-01  5.65614939e-01  6.66599572e-01 -1.73053473e-01
  5.65650538e-02  2.95314733e-02  4.95661139e-01  4.77846712e-01
 -2.28027090e-01  1.68163374e-01  4.91558105e-01  8.23624015e-01
  3.24497104e-01  1.71048254e-01  2.50162840e-01  3.32636833e-01
  8.66409242e-02  3.80683810e-01  8.05906057e-01  2.98864335e-01
 -3.80589038e-01 -4.38035071e-01 -3.59504759e-01  4.74650366e-03
 -1.66853279e-01 -2.00264648e-01 -2.72379935e-01 -8.04928988e-02
 -4.30613309e-01  9.21047404e-02 -1.81933418e-02 -4.22375113e-01
 -2.11610466e-01 -6.73562229e-01 -4.09595877e-01 -1.94722429e-01
  7.96057954e-02 -1.05414677e+00  4.86203194e-01  3.77001077e-01
  4.29721326e-01 -4.69914138e-01 -5.45828342e-01  1.05630510e-01
 -3.78208369e-01 -7.83784613e-02  8.31684470e-03  3.07626545e-01
 -1.92371115e-01  3.85910720e-02 -3.07302535e-01 -1.76168993e-01
 -4.49075818e-01 -6.04020879e-02 -9.06434596e-01 -4.91103590e-01
  7.82221835e-03  3.15909535e-01 -1.26313761e-01  1.42937720e-01
  1.22101225e-01  5.54507017e-01 -3.26962858e-01  4.38868476e-04
 -6.39667928e-01  4.57862318e-01  7.32912838e-01 -1.58856437e-01
  4.05183554e-01  4.88288969e-01  1.83513328e-01  3.60627532e-01
  3.29953320e-02  3.53134662e-01 -6.65375531e-01 -1.12098195e-01
  7.20381379e-01 -2.60905772e-01  2.89892644e-01  1.10164108e-02
 -4.16402549e-01  2.02763319e-01 -4.26158547e-01 -2.66568601e-01
 -2.81747222e-01  1.15441702e-01 -1.80369794e-01 -2.21825372e-02
  3.61537337e-01  6.95248842e-01 -9.21077654e-02  5.07843256e-01
  9.01524723e-02 -1.61741644e-01  6.47813737e-01  3.50983620e-01
 -5.20194769e-01  1.64731964e-01 -5.46946861e-02  3.94543171e-01
  2.97110975e-01  2.71569580e-01  6.53318584e-01  4.22279656e-01
 -1.56808183e-01  2.98361033e-01  2.89915830e-01  4.20342356e-01
 -2.56765366e-01 -5.78115106e-01 -6.52232766e-02  1.14136701e-02
 -4.72823828e-01 -2.42414594e-01  3.61390471e-01 -2.24036016e-02
  3.36996347e-01 -7.07713841e-03 -8.40031743e-01 -6.16850972e-01
 -6.44645214e-01 -4.74027880e-02 -1.57048404e-01 -2.54752557e-03
  8.25879037e-01 -8.61581787e-02 -7.35335946e-01  6.56368077e-01
  1.82123289e-01  2.81977773e-01  4.43847656e-01 -1.38205960e-01
 -7.79041499e-02  3.11078459e-01  2.43604839e-01  7.47796297e-02
  4.72121507e-01  2.63671298e-02 -2.08745092e-01 -6.66381776e-01
  4.95785475e-01 -5.16476221e-02  1.76061168e-01 -2.93902874e-01
  5.30614972e-01  1.26364399e-02 -6.59676552e-01 -6.31372333e-01
 -1.75144114e-02 -1.02907471e-01  1.85661539e-02  2.08101850e-02
 -1.21669389e-01  7.61394501e-02  3.09686750e-01  3.45534831e-01
  7.77953148e-01 -3.51694882e-01  1.71501324e-01  6.85933232e-01
  6.57720029e-01 -2.24097624e-01 -7.60074034e-02 -4.05994505e-01
 -3.62349927e-01 -3.56441528e-01  2.69671082e-01 -1.86617881e-01
 -2.47191757e-01 -4.58816171e-01 -1.06687164e+00 -5.94184995e-01
  6.88545108e-02 -6.16423905e-01  3.20113122e-01  2.79986352e-01
  1.85047612e-01 -2.90233314e-01 -1.90551654e-01 -4.88676786e-01
  3.71414334e-01 -7.00740435e-04  2.67010272e-01  7.69363791e-02
 -4.73610014e-01  1.33438811e-01 -7.45075047e-01 -4.25966293e-01
  8.52061510e-01  7.53365099e-01 -6.25388563e-01 -1.40557274e-01
  4.06823218e-01 -4.35151756e-01 -5.25170803e-01 -3.28803658e-01
 -5.74375466e-02  3.08558363e-02 -5.77387623e-02 -2.68395454e-01
  2.90498078e-01  1.61290944e-01  2.09991693e-01 -4.57261577e-02
  4.51499283e-01  3.84204865e-01  5.71915090e-01  1.08089730e-01
 -1.36249527e-01  6.70223534e-02 -5.86427093e-01  4.91193891e-01
  2.61366427e-01  4.04793292e-01 -3.85958046e-01  2.09836721e-01
  8.78538132e-01 -5.35625100e-01  4.17565823e-01  5.21707237e-01
  4.87250298e-01  5.05094051e-01 -5.26231825e-01 -1.25313699e-02
 -8.84643614e-01  6.86695278e-02  4.64947000e-02  1.76208001e-02
  4.84792501e-01  6.37591779e-02 -3.19555372e-01 -5.45577586e-01
 -5.25549293e-01  3.50794435e-01  4.24982637e-01  4.17923957e-01
 -8.77870917e-02 -2.20574439e-02  5.46147406e-01  3.95370513e-01
  8.96842107e-02 -4.36755598e-01  1.70456529e-01  2.64189959e-01
  7.81404018e-01 -1.99582472e-01  5.43830276e-01 -7.51701176e-01
 -1.19076812e+00  2.65535891e-01  8.68844390e-02  2.74184700e-02
  3.62259537e-01 -4.81481344e-01  7.94841275e-02  1.42918900e-01
  3.31556380e-01  1.80438329e-02 -4.92835850e-01 -8.23775291e-01
 -7.86128268e-02  9.57009718e-02 -5.68129182e-01  3.64212617e-02
  1.51638845e-02  9.13373888e-01  4.65123206e-01 -1.34123981e-01
 -2.41982758e-01  1.04913783e+00  1.45522848e-01  1.20935209e-01
 -1.44281223e-01 -4.21544015e-02  1.29934892e-01  2.26772994e-01
  1.31560490e-01 -4.52049792e-01 -3.33946019e-01  2.57350594e-01
 -5.29917538e-01  6.13833815e-02 -2.56033361e-01  1.77683309e-02
  1.50968522e-01 -1.13515425e-02 -2.67582446e-01 -3.72143298e-01
 -1.48681670e-01 -1.72459960e-01 -7.15766549e-01  2.66040862e-01
  1.26407612e-02 -2.04727594e-02 -3.71579856e-01 -1.51869971e-02
 -5.96589684e-01 -3.34111661e-01  7.51203392e-03  5.59155583e-01
 -7.13556886e-01 -6.28375888e-01  5.80643237e-01 -2.13782012e-01
 -2.62025416e-01 -7.18983829e-01  1.42495885e-01  8.16798732e-02
  5.32587826e-01 -2.10769907e-01  2.72367030e-01 -3.99312615e-01
 -1.50620993e-02  1.06755324e-01 -1.09015815e-01  5.56852460e-01
 -1.01873598e+01  1.71142861e-01 -4.46446866e-01 -1.13863909e+00
 -6.65484443e-02  1.58886164e-01  4.51073676e-01  3.38424951e-01
 -2.20477492e-01 -8.47415477e-02 -6.01294562e-02  4.05085295e-01
  3.03303510e-01  3.22946548e-01 -9.58641350e-01 -1.25276193e-01
 -3.60988945e-01 -2.08340108e-01  6.64683804e-02 -6.70790434e-01
 -2.60911703e-01 -4.50433105e-01  6.06779873e-01  6.37122393e-01
  3.50347795e-02 -3.59295547e-01 -4.89420116e-01  2.31084332e-01
  8.90985597e-03  2.50889063e-01 -6.30751550e-01  6.52456522e-01
  1.43231973e-01  4.51670110e-01  8.66411403e-02 -9.74258259e-02
 -2.71300703e-01  6.25793517e-01 -3.70002449e-01  3.42485100e-01
  2.64654845e-01  3.65608931e-01 -3.20258260e-01 -7.97861964e-02
  6.59766570e-02  7.07174838e-02  5.85534215e-01  2.20264763e-01
  6.85213625e-01  7.00863302e-02 -1.76350757e-01  2.85056561e-01
 -2.57746279e-01  5.63963056e-02 -2.89305858e-03  7.37100244e-02
  8.30139816e-01 -1.71529815e-01 -2.74008870e-01  1.09150246e-01
  4.21118468e-01 -5.83479963e-02  4.83291119e-01  7.38198519e-01
  2.02137336e-01  6.53232485e-02  4.99131083e-01  5.63167334e-01
 -6.76371276e-01 -1.97998613e-01  2.10409850e-01  2.61923164e-01
 -8.63594115e-02  3.74580890e-01 -3.16290021e-01  5.31469226e-01
  4.36622053e-02 -1.05829358e-01 -7.81411827e-02  2.98099250e-01
  8.34752738e-01 -4.99027908e-01  1.11067981e-01  3.54934752e-01
 -1.29341447e+00  3.75192873e-02 -7.84960836e-02  2.69360363e-01
  2.12021247e-01 -7.35856891e-01  4.59265083e-01 -5.31073213e-01
 -6.01497471e-01  3.06140661e-01  4.00391579e-01 -3.96174520e-01
 -1.14305161e-01  1.39166832e-01  3.90625387e-01 -2.02238992e-01]"
モ,"[ 9.75756943e-01  6.74968064e-01  9.16028261e-01 -5.77044547e-01
  1.01051219e-01 -9.59448740e-02  2.26067886e-01  2.38940507e-01
 -3.94376129e-01 -3.93854789e-02  4.40192848e-01 -6.59103453e-01
 -1.60127982e-01 -3.06484461e-01  1.34465992e-01 -4.57465112e-01
  6.25317022e-02 -3.29531997e-01 -2.20506415e-01 -3.12297016e-01
 -8.91977012e-01 -7.59420753e-01 -1.85379893e-01  2.18892097e-01
 -1.91052616e-01 -9.85809565e-01  1.00717939e-01  5.94954073e-01
  2.63505816e-01 -5.72512209e-01 -2.78642088e-01 -6.29119799e-02
  7.36200577e-03  2.45850340e-01 -7.45445311e-01  7.58118555e-02
  3.32646593e-02 -3.87177259e-01 -5.06983623e-02 -6.29001185e-02
  1.15248241e-01 -4.26904887e-01 -4.45393384e-01  3.78535211e-01
 -2.07151383e-01  3.53713900e-01 -3.12234648e-02  3.14299732e-01
  2.18358800e-01  2.20113158e-01 -4.03873801e-01  4.04152155e-01
  4.25471693e-01 -1.67482823e-01  2.16524035e-01 -4.73079473e-01
  3.04925293e-01 -5.63924611e-01  1.72000855e-01  6.03202701e-01
 -2.39325076e-01  6.90906048e-02  1.04558468e-01  2.97801018e-01
  4.70392890e-02  1.19282149e-01 -1.33763209e-01 -1.66622251e-01
 -1.56889483e-01 -1.52239352e-01 -5.15811257e-02  9.41227525e-02
 -2.16425091e-01 -1.37162372e-01  1.00719404e+00 -2.37038448e-01
 -2.47733034e-02  3.81082952e-01 -2.73000360e-01 -4.65392202e-01
 -1.04133949e-01  5.72119951e-01  3.50106955e-02 -7.76564717e-01
 -7.09255859e-02  4.56337154e-01 -7.20024168e-01 -1.20204258e+00
  3.91197801e-01 -2.85273641e-01 -1.57026455e-01 -1.53400451e-01
  4.71417196e-02  4.68172938e-01  9.70913321e-02  7.30906948e-02
  1.13217592e-01 -2.42391884e-01  1.72794551e-01  6.40255153e-01
 -5.81529774e-02  1.23432353e-01  3.32456678e-01 -3.27588230e-01
 -1.58526704e-01  1.39141724e-01 -1.20074511e-01  1.88875139e-01
 -2.06046715e-01  2.48143405e-01 -5.33352196e-01 -9.79328156e-01
 -6.88660085e-01  9.63836759e-02  2.44003639e-01 -2.30065510e-01
 -4.47376162e-01  4.72928554e-01  2.12813565e-03  3.37137491e-01
 -1.65512025e-01 -1.43981827e-02 -1.76517293e-01 -1.01098940e-01
  1.61820054e-01 -5.56167122e-03  6.63326532e-02  1.36193978e-02
  1.68533176e-01  6.54277857e-03 -5.12389958e-01 -2.53454000e-01
 -6.64819181e-01 -7.51880705e-02 -3.03985417e-01  7.24541545e-01
 -2.33443547e-02  2.93645322e-01 -1.28709808e-01 -2.57544398e-01
 -5.93218543e-02  7.96478987e-03  4.46497977e-01 -4.08153176e-01
  8.56433883e-02 -3.51947904e-01 -2.40995690e-01 -5.75999856e-01
 -1.14033759e-01  2.87822306e-01 -3.48379582e-01  7.43765354e-01
 -7.31770277e-01  4.01932627e-01  1.30682692e-01  3.69663775e-01
 -5.71694314e-01 -3.28275979e-01 -2.15784669e-01 -7.82648250e-02
  2.43225262e-01 -3.28131378e-01  2.56691664e-01  1.04505682e+00
  7.64662586e-03 -1.52338579e-01  5.65812945e-01  2.98285365e-01
 -5.25276735e-02  6.84965968e-01  8.82208467e-01  1.98411062e-01
  2.87016392e-01 -1.00689851e-01  1.93329796e-01  1.89386025e-01
  8.50188017e-01  3.37181091e-01 -3.32229108e-01 -2.92867750e-01
  5.19032896e-01 -1.70811027e-01  1.53685227e-01 -5.71572185e-01
  4.33035403e-01 -3.45900953e-01  4.60724950e-01 -1.27980530e-01
  8.52313116e-02 -5.38889356e-02 -9.31285992e-02 -2.02121451e-01
  2.72034287e-01 -2.63615966e-01 -4.52254832e-01 -3.66570055e-01
  1.06261671e-01 -1.38138950e-01 -9.66908224e-03  1.83407143e-01
  1.18935563e-01  1.15183294e-02 -1.24982841e-01 -1.11115003e+00
 -5.00522316e-01  5.14432371e-01  3.94202143e-01  7.60498405e-01
  6.16024315e-01  5.86320996e-01 -1.09442897e-01  3.09486777e-01
  4.32984173e-01  1.04367785e-01  8.11539590e-01 -4.40365411e-02
 -4.80497122e-01 -5.23110986e-01  7.59973377e-02 -1.08470641e-01
  7.26266563e-01 -2.27150992e-01  6.68463856e-02  8.28060210e-02
  1.15788266e-01  1.25667065e-01  1.84345484e-01 -2.01199964e-01
 -1.00434795e-01  5.57638109e-01 -8.03869545e-01 -1.89767078e-01
 -7.07880676e-01  2.98724417e-02 -6.93244994e-01 -2.61894196e-01
 -5.14877379e-01 -4.96751964e-01 -6.16010129e-01  1.88669384e-01
 -4.89765257e-02 -4.23200309e-01  1.86805829e-01 -3.49718541e-01
  1.50179312e-01  9.87772346e-01 -1.09773397e-01 -2.37123445e-01
  9.14276391e-02  4.76601198e-02 -3.57734174e-01 -6.22891903e-01
 -5.40060876e-03 -8.36046338e-01  9.03699875e-01  3.56498003e-01
  6.08864725e-01  1.14167936e-01  4.40646946e-01 -5.34560680e-01
  4.14428338e-02 -6.76720977e-01 -4.21978444e-01  1.22960560e-01
  4.71838892e-01 -1.21195711e-01  1.57498479e-01 -6.38704654e-03
 -1.72513649e-01 -4.32172120e-01  1.80459872e-01  2.94286340e-01
 -1.64544433e-01 -3.27110797e-01  1.31196156e-01  1.47378817e-01
 -3.85553062e-01  8.93880427e-01 -5.58604300e-01  2.72626013e-01
 -4.53839451e-01  4.36329752e-01 -2.73097903e-01 -2.56797582e-01
  5.40732443e-02  1.25018120e-01 -5.10649979e-01 -5.04771173e-01
 -1.30520776e-01  6.16267204e-01  6.88133061e-01 -5.19388735e-01
  1.17315287e-02  6.07722402e-01 -8.10673274e-03  7.22132921e-02
  1.19690754e-01  2.17490271e-01 -2.39255548e-01 -6.11079276e-01
  7.40555227e-01 -2.35992167e-02  2.67330259e-01 -1.85644493e-01
 -2.91665681e-02 -4.45930660e-01  6.73999786e-02  1.88850015e-01
  4.03667629e-01 -1.06779128e-01  6.40957832e-01  9.84383523e-01
 -2.14936167e-01 -2.97908306e-01  4.48539019e-01  6.62284076e-01
 -1.85383260e+00 -2.04166040e-01  2.17079163e-01 -2.74829008e-02
 -8.25949192e-01  2.28522256e-01  1.90947369e-01  1.92611486e-01
  9.97032691e-03 -9.48241591e-01  8.18393350e-01  2.44650051e-01
 -5.02013490e-02 -1.03988327e-01  4.77635205e-01  2.16019705e-01
 -2.53480315e-01 -6.50396943e-01  4.11745727e-01  2.58943468e-01
 -2.84033716e-01 -3.75125498e-01  2.73473114e-01 -2.65557736e-01
 -2.80286700e-01  1.45842060e-01 -1.91887021e-01  3.02558094e-01
 -3.03958714e-01 -1.21705011e-01  2.76422441e-01  7.83196688e-01
  4.91666734e-01  7.06509292e-01 -6.34209216e-01 -2.03523695e-01
 -3.06122266e-02 -9.17494483e-03 -2.11075135e-02 -6.47863090e-01
 -1.48485035e-01 -1.50659442e-01 -9.09792185e-02 -3.54387581e-01
  1.11416332e-01  3.38380963e-01  1.93474129e-01 -7.97038078e-02
 -3.86703074e-01  3.04047644e-01  7.62456954e-01  8.77795219e-02
 -1.76154941e-01  3.12930256e-01  6.99005008e-01  2.82450676e-01
  8.29887539e-02 -3.93003374e-01  3.22351485e-01 -5.01899779e-01
  1.58990815e-01 -4.64529961e-01 -2.61761118e-02  5.80502450e-01
 -5.00478089e-01  3.03107202e-01  4.08559829e-01 -3.42500538e-01
 -5.25531471e-01 -4.40891773e-01 -1.82147145e-01 -1.56982869e-01
 -9.16477069e-02 -9.25133228e-01  1.03032446e+00  3.31162781e-01
  2.69111991e-01 -2.45103046e-01 -6.22783124e-01  2.37553380e-02
 -1.31810039e-01 -1.16003782e-01 -3.74749526e-02  4.02593404e-01
 -1.92658752e-01 -3.36723179e-01 -2.79729724e-01 -1.73724949e-01
 -1.00987244e+00  7.88132772e-02 -9.57037628e-01 -3.98487628e-01
  2.79314090e-02  7.08143413e-01 -9.27544758e-02 -1.72958806e-01
  1.13585949e-01  2.98995584e-01 -4.36409116e-01 -4.13961112e-01
 -4.06709574e-02  8.01093638e-01 -2.46902779e-01  5.33362431e-03
  5.76893270e-01  1.95790127e-01  6.38142884e-01 -1.39802992e-01
  1.97150528e-01  5.49620390e-02 -5.68130672e-01 -4.31033552e-01
  5.81697464e-01 -3.64178747e-01  5.21148562e-01 -2.23251134e-01
 -2.18383417e-01  4.44451243e-01 -1.78330109e-01 -7.22008049e-01
  1.84738278e-01  2.72115499e-01 -3.10775101e-01  3.59497964e-01
  1.72973111e-01  8.99496853e-01  1.83706060e-01 -4.43672910e-02
  6.32839277e-02  1.43633142e-01  6.97289407e-01 -3.16822886e-01
  6.05561957e-02 -2.85712421e-01  5.43934762e-01  7.67478049e-01
  4.27803457e-01  3.16206157e-01  8.60169053e-01  8.03180635e-02
 -5.94487429e-01  2.44134888e-01 -4.35755886e-02 -3.62314433e-02
 -2.40085989e-01  3.82260740e-01 -4.05005336e-01 -1.82815194e-01
 -1.84448600e-01 -8.29601735e-02  5.22892416e-01 -3.19916070e-01
  1.16957471e-01 -3.03725988e-01 -4.51095074e-01 -5.25262773e-01
 -8.41379523e-01  2.39417598e-01 -6.01539612e-01 -1.30529795e-02
  3.04487944e-01 -1.64826587e-03 -1.08015411e-01  4.33767915e-01
  1.29922524e-01  4.14362848e-01  5.14305085e-02 -3.37300867e-01
 -1.61128163e-01  4.99034375e-01 -1.00654393e-01 -2.74118006e-01
 -6.80951476e-02  1.90677673e-01 -3.96453470e-01 -6.87705278e-01
  1.04857959e-01 -2.47327670e-01  8.35115761e-02 -5.91364205e-02
  6.53218031e-01  2.37732813e-01 -4.45876837e-01 -2.61527929e-03
 -1.47708476e-01 -1.99250475e-01  1.10435672e-01 -8.35794449e-01
 -1.47008628e-01 -1.41196800e-02 -2.87028980e-02  1.59210831e-01
  4.54539329e-01 -4.36360747e-01 -3.17184240e-01  5.32982767e-01
  2.85133958e-01 -2.11249247e-01  1.74937937e-02 -2.14189082e-01
 -5.69875062e-01  4.22087908e-01  2.38896459e-01  1.04245665e-02
  1.95125759e-01  5.91490567e-02 -6.78799510e-01 -4.57350433e-01
 -3.31151128e-01 -1.00045502e+00  4.20969158e-01 -6.00189678e-02
  2.49949247e-01 -4.99759823e-01  1.24455346e-02 -1.19838819e-01
  3.08549792e-01 -6.11564983e-03  5.10685816e-02 -1.34130463e-01
 -2.49842823e-01 -1.00819819e-01  1.87229618e-01 -9.02981460e-01
  9.03473139e-01  3.63518655e-01 -6.41335428e-01  1.06524393e-01
  8.73376489e-01  5.53631246e-01 -2.26671502e-01  3.44685197e-01
  1.92849245e-02 -2.07043499e-01  1.27179891e-01 -1.30400658e-01
  3.51154655e-01  6.05747521e-01 -1.67865202e-01  1.97754920e-01
  7.21139491e-01  3.17692220e-01  3.47689509e-01  5.29764034e-03
 -9.84115303e-02  4.31212746e-02 -2.44405538e-01  3.46200198e-01
 -1.86165012e-02  4.39985573e-01 -2.94718832e-01  8.13968420e-01
  7.10666835e-01 -4.17012125e-01 -1.65732443e-01  9.04951274e-01
  5.78546524e-01  3.50277632e-01 -4.79523577e-02  4.23387319e-01
 -6.42379820e-01  1.00579653e-02  7.96366513e-01  4.84119318e-02
  8.74627978e-02  2.31978774e-01 -2.54809856e-01 -1.38683587e-01
  2.29974285e-01 -3.60155731e-01  3.68518621e-01  7.43602589e-02
  1.44925699e-01  1.21415272e-01  9.47496355e-01  1.29447609e-01
 -1.17219828e-01 -2.82986999e-01  2.72374991e-02  9.70702469e-01
  4.00325179e-01  1.16124138e-01  4.18478996e-01 -5.23989677e-01
 -7.16021240e-01  2.88488418e-01  2.39597335e-01  4.18102741e-01
  3.31413150e-01 -3.17122430e-01 -8.33709836e-01  3.32334369e-01
  5.15629649e-02  2.66288996e-01 -2.18733370e-01 -6.29638433e-01
  3.68710220e-01  1.32643223e-01 -7.11184084e-01  1.60705224e-02
  1.20414972e-01  7.22823858e-01  2.05795262e-02  4.81191635e-01
  5.41338146e-01  3.80557954e-01 -2.81528473e-01 -1.49994627e-01
  2.98053592e-01 -6.21722750e-02  5.82227483e-02 -1.64368331e-01
  7.19732270e-02 -1.20018378e-01 -4.78173792e-01  2.56337136e-01
 -1.52921036e-01 -7.30245486e-02 -4.62291181e-01 -8.72256756e-02
  4.06261057e-01  3.69172613e-03 -1.31576091e-01 -4.31925088e-01
 -1.21737868e-02  1.15828618e-01 -6.25078797e-01 -2.70632744e-01
  2.24060372e-01 -2.30924860e-01  5.54384403e-02 -1.03726916e-01
 -8.49404931e-01 -6.62601829e-01 -1.64915770e-01  2.19853163e-01
 -7.17615008e-01 -5.07914841e-01  5.16055882e-01  1.80120438e-01
  2.22618803e-01 -1.57521641e+00  3.35209727e-01 -7.14263171e-02
  5.81639290e-01  1.29725963e-01  3.13245296e-01  5.55768237e-02
 -6.98352838e-03 -3.70092154e-01 -3.03186119e-01 -1.25534832e-01
 -1.01181898e+01 -2.47398734e-01 -7.39145637e-01 -3.91312301e-01
 -4.69169885e-01 -1.83402270e-01  8.87967527e-01  6.41996503e-01
  5.25713973e-02  4.37591374e-01 -2.92742819e-01  8.74848306e-01
  2.37339988e-01  1.89436138e-01 -2.89359599e-01  2.63220668e-02
 -3.25541675e-01 -3.56066167e-01 -2.38994747e-01 -2.28842035e-01
 -1.80810183e-01 -2.93628931e-01  2.54836857e-01  1.99712306e-01
  4.18225050e-01 -4.88089263e-01  1.85437247e-01  2.55253643e-01
 -4.02128786e-01  4.13817585e-01 -4.68402892e-01  5.11424839e-01
 -3.04983795e-01  4.36678261e-01 -2.62591958e-01  5.39095467e-03
  1.75157309e-01  2.32889175e-01 -3.69778842e-01  4.63871032e-01
  5.12973905e-01  2.72680879e-01 -2.39656381e-02  1.50434777e-01
  5.09492636e-01  2.26622492e-01  3.75436485e-01  3.67631376e-01
  5.87722421e-01 -1.10685807e-02  2.66385466e-01 -1.60942242e-01
  3.62809390e-01 -4.39754725e-01 -1.68709964e-01 -2.62978792e-01
  8.34632099e-01 -7.00718164e-01  2.63439059e-01  3.40358019e-02
  3.74540716e-01  1.81333557e-01  4.82449085e-01  8.31015587e-01
  3.25197726e-01  4.92981166e-01  3.22527528e-01 -2.37648040e-02
 -7.49128282e-01 -4.80870128e-01  3.46692681e-01  4.03109431e-01
 -1.92122817e-01  1.64627969e-01  2.25998834e-01  5.87944798e-02
 -1.39586627e-01  6.41438961e-02  7.50380039e-01 -2.59752363e-01
 -1.16587151e-02 -4.07802224e-01  7.86360428e-02  3.92059207e-01
 -6.43795907e-01  3.94785225e-01  2.51510859e-01 -3.72777879e-01
 -1.55958086e-02 -2.17491854e-02  6.76865876e-01 -1.40609026e-01
 -6.46511436e-01  2.86207646e-01 -4.59172344e-03 -4.35084671e-01
  1.67312413e-01 -2.95110762e-01  3.18316787e-01 -3.20817232e-01]"
オ,"[ 5.29659688e-01  2.13090628e-01  4.55938280e-01 -3.78823578e-01
  9.63736400e-02  2.29296863e-01  2.38674492e-01  2.54841328e-01
 -7.63473809e-02 -5.99594891e-01  3.98756087e-01 -4.26396728e-01
  4.47566777e-01 -2.47670770e-01  6.96951926e-01 -6.56861961e-02
  7.09809884e-02 -1.64454520e-01 -1.08748702e-02 -3.70274395e-01
 -7.57648110e-01 -4.13432628e-01  3.18069786e-01  3.61408234e-01
  5.38302250e-02 -3.14446181e-01  2.48361547e-02  2.23327637e-01
 -1.62991717e-01  6.53100684e-02 -1.63625494e-01 -3.66718590e-01
 -2.87500978e-01 -1.43985704e-01 -1.41204700e-01  7.16443360e-01
  4.47980128e-02 -3.34321529e-01 -4.82722819e-02 -4.44858879e-01
  2.02450410e-01 -3.92537266e-02 -7.78143555e-02 -4.90674525e-01
 -4.24458086e-01  3.56974810e-01  1.42114460e-01  4.50804353e-01
  3.91071677e-01  6.58024773e-02 -2.39533976e-01  3.98799419e-01
  2.06403464e-01  3.77097838e-02  5.50478280e-01 -1.33396879e-01
  3.77492875e-01 -5.41711688e-01 -7.68055692e-02  2.61351973e-01
 -3.71713042e-01 -2.48553813e-01  5.21899402e-01 -1.36066273e-01
  8.11342075e-02  2.62257587e-02 -2.15081081e-01 -1.48256406e-01
  4.50063795e-02 -7.74799466e-01 -2.17825398e-01  2.92504013e-01
  3.74759495e-01 -3.83584619e-01  6.91850007e-01 -3.06555510e-01
  2.23782212e-01  1.15314923e-01  2.37160161e-01 -2.25102723e-01
 -3.46247643e-01  2.76684880e-01  2.55294591e-01 -7.24557042e-01
  2.26185378e-02  4.93616015e-02 -4.94028270e-01 -9.88056362e-01
  4.52703059e-01 -3.51128668e-01 -2.28992887e-02  7.41178766e-02
  2.15323508e-01  2.37703428e-01  6.52189553e-02  1.71886206e-01
  1.26418486e-01 -2.44162172e-01 -2.34624997e-01  2.50547945e-01
  8.68691355e-02  4.09331530e-01  3.27502042e-01 -1.70980483e-01
 -2.63423085e-01  7.60699585e-02 -1.54891476e-01  2.17485011e-01
  2.51036793e-01  8.09057802e-02 -3.74579966e-01 -2.97812015e-01
 -4.65494871e-01  2.72554666e-01 -2.09189262e-02  1.43589988e-01
 -1.98187307e-01  3.38896513e-01 -4.34930116e-01  6.07869983e-01
 -2.53846645e-01  7.91590750e-01 -3.56875882e-02  3.04778337e-01
  2.15029195e-01  5.05295575e-01  1.75789315e-02 -2.72460543e-02
 -1.28480300e-01 -2.57205337e-01  3.57783772e-02 -5.79200909e-02
 -6.81407750e-01  9.21545029e-02 -2.53729820e-01  9.22534049e-01
 -1.14336526e-02 -4.79016826e-02 -1.36097178e-01 -4.66877937e-01
 -1.52467445e-01 -1.32425740e-01  2.75294513e-01 -4.04690713e-01
 -1.19702034e-01  1.62625894e-01 -2.09465668e-01 -4.74402338e-01
  4.88818675e-01  3.42639595e-01 -3.91703337e-01  8.26958001e-01
 -7.30417073e-01  5.75210862e-02 -2.62061339e-02  3.64656836e-01
 -7.47365952e-01  1.51088730e-01  4.98598143e-02  5.59486687e-01
  9.29848328e-02 -4.33689654e-01  1.99748993e-01  3.20905179e-01
  1.02211989e-01  4.26367015e-01  4.94799048e-01  2.34954759e-01
  1.95354655e-01  4.70945448e-01  5.61673045e-02  4.96297121e-01
  4.58567068e-02 -2.13768110e-01  4.98518795e-01  2.91810691e-01
  1.29393652e-01  2.64626890e-01  6.80747330e-02 -5.47927022e-01
 -3.65224034e-02 -1.63021132e-01 -1.03595313e-02 -1.49563789e-01
  4.60751444e-01 -1.61316916e-01 -5.02539128e-02  1.14508383e-01
 -2.07946435e-01  1.70403823e-01  3.67571041e-02 -2.62583464e-01
  3.75305802e-01 -6.91209018e-01  9.99286249e-02 -3.19407612e-01
 -3.27440232e-01 -3.80385637e-01 -3.02856833e-01  3.92470658e-01
  6.25739247e-02 -2.27741338e-02 -1.50439635e-01 -1.84177473e-01
 -8.77260089e-01 -3.44324052e-01  7.29026124e-02  6.55198872e-01
  3.60122412e-01  2.26610646e-01  7.18065351e-02  2.47886717e-01
  4.67506111e-01  7.48334527e-02  1.43081367e-01 -1.94220652e-03
 -2.31676742e-01 -1.86713114e-01  1.26302436e-01 -1.21085666e-01
  4.20135766e-01 -9.82303694e-02  3.48750234e-01 -5.42345010e-02
 -4.06590849e-01  2.43656427e-01  8.67293999e-02 -3.94006163e-01
  5.03381453e-02  7.26811528e-01 -2.60775447e-01 -6.34871423e-01
 -4.98527706e-01 -9.47990268e-02 -6.50830209e-01  6.62958398e-02
 -2.68383652e-01  2.85508454e-01 -3.49700004e-01  1.12674169e-01
 -1.74492911e-01 -4.75419343e-01 -1.81578606e-01 -2.11868286e-01
  3.28344889e-02  1.42950699e-01 -2.28110589e-02 -1.91820711e-01
 -5.15208364e-01 -3.52586992e-02 -3.48714292e-01 -4.78997946e-01
 -3.10264714e-03 -5.51242530e-01  4.46956694e-01  2.26768479e-01
  5.19576371e-01 -4.01957147e-02  2.23008469e-01 -2.11780015e-02
 -6.47084936e-02 -8.50242257e-01 -1.22388318e-01 -8.21013227e-02
 -5.00536263e-01 -2.89797261e-02  1.61732789e-02 -4.62967247e-01
 -3.05137724e-01 -4.27984715e-01 -5.37696257e-02 -4.27530885e-01
 -4.58555937e-01  5.07671535e-02 -6.09349832e-02  1.21000551e-01
 -1.44150585e-01  4.98395979e-01 -4.44367468e-01  1.57625675e-01
 -6.23378396e-01  1.97799042e-01 -6.93991065e-01 -2.58265138e-01
  1.02615738e-02 -2.50993371e-01 -3.85790080e-01  1.67727783e-01
 -4.67547983e-01  3.76975834e-01  3.34049433e-01  5.89170568e-02
 -4.29504603e-01 -2.34155897e-02 -3.79841536e-01  1.28155112e-01
  2.17148751e-01  7.27256596e-01  2.17628777e-01 -6.18875958e-02
  1.72691017e-01  4.01492089e-01  1.91140860e-01  1.47364363e-01
 -1.01788752e-01 -2.96952933e-01  8.40102732e-02  5.50181009e-02
  6.37321651e-01  1.06117532e-01 -1.75985415e-02  1.04611826e+00
 -3.49941045e-01  2.47092575e-01  4.92686391e-01  2.86440611e-01
 -1.74274695e+00  1.24134626e-02 -1.29007444e-01  4.75340001e-02
 -2.40004599e-01  2.80745119e-01 -3.55460658e-03  1.37170598e-01
 -4.59278792e-01 -5.40335178e-01  9.03911769e-01  2.87854135e-01
 -9.33829881e-03 -5.12270808e-01  3.49341303e-01 -2.35028371e-01
  2.98427008e-02 -4.78011936e-01  2.12677538e-01  4.78230417e-01
 -4.10766840e-01  5.39882034e-02 -1.65991887e-01 -5.37499726e-01
 -8.39669257e-02  1.67763039e-01  1.61569253e-01  2.47225672e-01
 -5.30215204e-01  1.38052374e-01  3.13878089e-01  4.00859684e-01
  7.85849571e-01  3.03985566e-01 -6.16408102e-02  5.77767044e-02
  4.45068717e-01  1.35041907e-01  4.25412297e-01 -2.85625219e-01
  1.75831676e-01 -4.75820117e-02  8.53437722e-01  1.25897396e-02
  9.11166295e-02 -1.54978712e-03  1.21304177e-01  2.29567096e-01
 -8.19531530e-02  3.54898632e-01  1.46432102e-01  4.78751250e-02
  1.90706670e-01  5.32224238e-01  5.80730975e-01  1.44955635e-01
 -2.83899516e-01 -3.66182566e-01  3.64569165e-02 -3.21286529e-01
 -6.24405146e-01 -3.38620603e-01 -3.43862951e-01 -1.22221127e-01
 -4.49567646e-01  2.92913973e-01 -2.96255443e-02 -5.18385053e-01
  5.49229495e-02 -3.55665028e-01 -4.25226897e-01  3.32149923e-01
 -5.32559305e-02 -7.33311176e-01  5.86143553e-01  2.21728235e-01
  2.88144261e-01 -5.33857048e-01 -6.53079987e-01 -4.23921756e-02
 -2.73390263e-01 -3.03942800e-01  1.67657301e-01 -3.30829591e-01
 -5.40301539e-02  3.47336739e-01 -7.84889758e-02 -9.32381302e-02
 -3.43779474e-01 -2.95097053e-01 -7.08986878e-01  1.88760504e-01
 -5.04166633e-02  3.23213547e-01  2.19684243e-02  2.22186521e-01
  2.20306531e-01  4.48722839e-02 -2.71185935e-01  8.39256197e-02
 -3.24997872e-01  5.80433309e-01  3.90726745e-01  1.66425571e-01
  5.81920862e-01  4.44246560e-01  2.81132221e-01  5.24589181e-01
  2.02089325e-02  1.34099787e-02 -6.10522449e-01 -3.01175117e-01
  7.10016072e-01 -3.79120931e-02  2.43217826e-01 -1.07879639e-01
 -1.81926806e-02  6.09081030e-01 -3.24829035e-02 -5.74191928e-01
  5.14266547e-04  7.38754347e-02 -1.84155032e-01  2.62513518e-01
  6.57590330e-01  8.22842896e-01 -2.32491437e-02  2.09028870e-02
 -1.40678659e-01 -1.87530726e-01  3.15161854e-01 -1.30644426e-01
 -1.17975011e-01 -2.94526875e-01  9.54099279e-03  2.99439758e-01
  6.59657598e-01  2.00672433e-01  6.23160660e-01  3.09473157e-01
 -3.43716770e-01  2.67425120e-01  4.35273141e-01  4.79529262e-01
 -2.94526517e-01 -2.89981574e-01 -3.53981167e-01  2.58303136e-02
 -3.89669329e-01 -6.62572011e-02  6.73135698e-01 -1.59499541e-01
  1.76897496e-01  7.67650688e-03 -6.11082435e-01 -6.22050464e-01
 -3.78277510e-01  1.60815239e-01 -9.92601439e-02  1.43383160e-01
  2.02571973e-01 -1.35760903e-02 -4.93025184e-01  1.85777426e-01
  5.61464727e-02  2.98899978e-01  5.03491282e-01 -1.53601959e-01
 -9.01676565e-02  3.59078869e-03  3.82498726e-02  6.76893964e-02
 -1.81071088e-01  4.58883010e-02 -2.62824357e-01 -4.94412094e-01
  1.62131209e-02  1.84012845e-01  2.54214287e-01 -1.46533042e-01
  6.53414965e-01  1.32467419e-01 -5.13203919e-01 -5.65060019e-01
 -2.37240583e-01 -2.22166181e-01 -4.52727154e-02 -4.98032242e-01
 -9.01912376e-02  4.43757847e-02  3.66764814e-01  8.76772404e-02
  2.80246258e-01 -3.57614696e-01  7.92291760e-02  2.38751560e-01
  6.34034872e-01 -1.30070135e-01  2.30014458e-01 -1.98584244e-01
  2.17490532e-02  8.81654993e-02  7.55990595e-02  5.94925098e-02
 -1.43209085e-01 -5.36220908e-01 -6.97850943e-01 -3.78329605e-01
 -1.78958684e-01 -1.07865930e+00  5.39438188e-01  1.38625845e-01
  2.41053805e-01 -4.67630297e-01 -4.62996036e-01 -1.47763044e-01
  3.01077008e-01 -1.15580216e-01  4.24873710e-01 -2.17767403e-01
 -5.78147948e-01 -4.97000404e-02  1.25194728e-01 -6.60147369e-01
  9.40503120e-01  2.54540563e-01 -4.91650820e-01 -3.95495683e-01
  3.87395293e-01  1.95834413e-01 -2.21845999e-01  1.07280806e-01
 -1.32592082e-01 -5.39364815e-01  1.55032635e-01 -3.46933961e-01
  3.21011186e-01 -1.54360160e-01 -3.52674324e-05 -1.24660306e-01
  5.85190356e-01  3.44327986e-01  2.44300678e-01  7.75589198e-02
 -2.27900639e-01 -2.08970875e-01 -2.48069152e-01  3.25702071e-01
  1.40794307e-01  3.85053605e-01 -1.76682368e-01  3.16250384e-01
  5.83125949e-01 -8.46609056e-01  8.67414474e-02  7.60417283e-01
  4.11032021e-01  4.44315493e-01 -1.52564764e-01  3.20903882e-02
 -8.17037404e-01  1.35569990e-01  1.41821682e-01 -1.72215570e-02
  4.57020789e-01 -3.56507041e-02 -1.37511179e-01 -4.09765035e-01
 -1.68074183e-02  4.00395066e-01  1.72828749e-01  3.64892520e-02
  4.35541987e-01 -1.55622914e-01  5.13322771e-01  3.38330954e-01
 -2.61516929e-01 -3.60293716e-01  5.43467440e-02  4.09025818e-01
  7.75284708e-01  1.81759849e-01  3.60168815e-01 -7.15021849e-01
 -6.30539358e-01  3.01282763e-01  8.31094086e-02  3.05178523e-01
  5.01429319e-01 -2.74868637e-01 -6.27902821e-02  6.11264467e-01
  2.97894835e-01 -7.07817525e-02 -3.29446822e-01 -4.16540891e-01
 -1.70716390e-01 -2.36667961e-01 -5.00891149e-01  2.01751813e-01
  8.45913216e-02 -4.67947908e-02  2.11769968e-01  1.54199144e-02
  9.83888358e-02  5.82226098e-01  2.87197321e-03 -3.05047333e-01
  2.04790220e-01  6.14336543e-02 -9.01422724e-02  8.08300227e-02
 -2.23519325e-01 -2.46593595e-01 -2.41717659e-02  2.41519004e-01
 -1.57367334e-01  2.02508613e-01  3.40979882e-02  1.61916167e-01
  3.30591708e-01 -4.44882154e-01 -1.90104902e-01 -3.14644456e-01
 -3.17463845e-01 -1.30728632e-01 -6.57792032e-01 -3.59774739e-01
 -3.09588555e-02 -4.71150875e-02 -1.59254432e-01 -5.93736023e-02
 -4.67871338e-01 -2.32516110e-01 -4.49221104e-01  2.52285540e-01
 -1.73445553e-01 -8.41765165e-01  3.82302940e-01  2.62718678e-01
 -1.25296742e-01 -1.19992077e+00  2.47536302e-01  1.70461625e-01
  2.44115233e-01  1.72105312e-01  7.04698920e-01 -3.42238545e-01
 -2.60701954e-01  8.75810459e-02 -2.85531700e-01  2.54745066e-01
 -1.05163517e+01  1.05978079e-01 -4.22578603e-01 -3.99893075e-01
 -3.50487739e-01  3.93149853e-01  6.25632167e-01  5.66282392e-01
 -1.95585936e-01  1.21423393e-01 -3.40548642e-02  9.15949419e-02
 -1.44770285e-02  6.83787882e-01 -5.20783842e-01 -3.06553662e-01
 -2.30557114e-01 -2.15277169e-02 -4.03221026e-02 -2.39191204e-01
  1.14314690e-01 -2.84472644e-01  5.08635998e-01  7.36679852e-01
  5.46224177e-01 -4.08423632e-01 -2.61187971e-01  2.47341441e-03
 -2.02753499e-01  5.91974974e-01 -6.01364851e-01  5.32571316e-01
  3.64352502e-02  3.01084399e-01 -1.52536288e-01  2.52969116e-01
 -4.02831227e-01  6.68329716e-01 -3.90014835e-02  4.04142320e-01
  3.15302551e-01  4.24127430e-01 -2.56795008e-02 -3.04168835e-02
  1.74899265e-01  2.39173710e-01  4.69064713e-01  1.11696711e-02
  5.41832387e-01 -2.42215633e-01 -1.27103299e-01  1.33843392e-01
  6.82288781e-02 -9.43486765e-02  4.55611289e-01 -3.05458643e-02
  6.39403582e-01 -6.74558520e-01 -3.16420607e-02  6.43760711e-02
  3.38028491e-01 -7.73757696e-02  3.83367360e-01  4.44365919e-01
  3.00741434e-01  4.10556674e-01  5.21741688e-01  3.65373969e-01
 -9.13043141e-01 -2.37799183e-01  1.62567645e-01  4.71616268e-01
 -9.50486809e-02  3.25132906e-01 -2.56731838e-01  3.13396513e-01
  3.61466676e-01 -2.95936376e-01  5.50640672e-02 -2.80053783e-02
  2.83950686e-01 -3.02975923e-01  8.33558366e-02  2.40718409e-01
 -6.21874213e-01  4.87202406e-02 -8.32330659e-02 -4.81247865e-02
  2.59869248e-01 -4.46125746e-01  2.38236561e-01  8.38035122e-02
 -5.34437299e-01  5.06531894e-01  4.48012590e-01  1.81824807e-02
 -1.21032991e-01  2.26519614e-01  4.85405922e-01 -2.47120038e-02]"
カ,"[ 3.58623505e-01 -2.46663745e-02  7.75448501e-01 -8.84407759e-01
  2.05631573e-02  3.39202523e-01 -1.35529384e-01 -5.29141799e-02
 -4.17153358e-01  3.07938814e-01  7.79973149e-01 -1.58491731e-01
  2.73954391e-01 -6.79569840e-01  6.54694617e-01 -5.09500563e-01
  2.79152691e-01 -1.55786097e-01  7.91591853e-02 -4.01464760e-01
 -8.99065256e-01 -9.26213205e-01 -1.83110192e-01  1.54470608e-01
 -9.02618244e-02  1.37811098e-02  1.21721886e-02  2.65641689e-01
 -1.97515488e-01  1.73800450e-03 -1.44873202e-01 -5.53951979e-01
 -1.02262542e-01  5.79993427e-02 -1.09505653e+00 -1.95033997e-01
  1.50330216e-01 -1.41734228e-01 -9.51748267e-02 -5.36378443e-01
  3.32558602e-01  3.11147776e-02 -6.13094509e-01 -1.33484438e-01
 -1.43150702e-01  5.45336604e-01 -2.29549840e-01  3.67545485e-01
 -1.44952787e-02 -7.86912739e-02 -4.05287087e-01  1.60253420e-01
  1.48657605e-01  1.46855205e-01  1.35043159e-01 -3.60164315e-01
  1.21215262e-01 -8.88408124e-01 -3.86912338e-02  8.90291296e-03
 -4.12297577e-01  1.84104204e-01  2.63562113e-01  3.95972162e-01
 -2.63143957e-01  4.52321544e-02  9.61821601e-02 -4.72497046e-02
  7.39715621e-02 -6.48744583e-01 -3.36413719e-02  1.64206326e-01
  1.29086927e-01 -4.54291046e-01  7.61634171e-01 -2.88086832e-01
  1.88634962e-01 -1.51704654e-01  3.14154088e-01 -4.34453413e-02
 -4.34984684e-01  1.72228113e-01 -1.45956039e-01 -3.82179230e-01
 -2.66938031e-01  1.74713507e-01 -4.73184168e-01 -8.13936889e-01
  8.41606438e-01 -1.63370445e-01  3.98811787e-01  3.35717320e-01
  1.42418474e-01  2.34820977e-01 -3.75823498e-01  1.53101116e-01
  1.80200025e-01 -5.68276718e-02 -3.80255103e-01  6.07531250e-01
 -1.82700142e-01  5.76381758e-02 -3.03319804e-02 -2.17319041e-01
  3.21460456e-01 -3.65903884e-01 -3.78341734e-01  1.67370379e-01
  3.26045692e-01 -1.77744448e-01 -4.28996652e-01 -3.37885380e-01
 -5.36792994e-01  3.36251765e-01  3.13205421e-01 -3.23720835e-02
 -2.09487334e-01  2.36570567e-01  3.92595269e-02  4.16601747e-01
  2.06613198e-01  5.64181983e-01 -1.32583544e-01  9.94166546e-03
 -9.32277665e-02  4.95230347e-01  9.01037604e-02 -6.32624030e-01
  1.58358559e-01 -2.86766887e-01 -1.73558444e-02  1.07340008e-01
 -4.51720394e-02 -1.58379287e-01 -3.47066075e-01  1.00911450e+00
 -1.72081903e-01  4.28343192e-02 -1.08846836e-01 -5.53245187e-01
 -3.17088962e-02  1.57655567e-01  2.14766219e-01 -2.54550487e-01
  1.04970887e-01  2.99687594e-01  1.89547196e-01 -7.63222635e-01
  1.11502409e-02  1.36825204e-01 -1.47052079e-01  1.06679690e+00
 -7.71152258e-01  2.61684030e-01 -2.60864586e-01 -4.06512246e-02
 -5.02321661e-01  8.80809948e-02  5.01655638e-01  4.69206512e-01
  1.57339752e-01 -5.43632388e-01  5.91759145e-01  5.71602881e-01
  4.12188023e-01  3.37212831e-01  8.57105330e-02 -2.18367904e-01
 -1.45391166e-01  2.89241046e-01 -2.56868720e-01  1.15889378e-01
  1.48382783e-01 -4.54930305e-01  1.39046222e-01  4.08452988e-01
  2.68079937e-01 -1.32260621e-01  4.45829958e-01 -9.17394400e-01
  1.21634929e-02 -1.29310846e-01 -2.40721285e-01 -6.55108631e-01
  5.75766742e-01 -1.57064945e-01 -2.02726319e-01 -2.56978065e-01
  3.70329581e-02 -5.15710235e-01  9.59524959e-02  4.32647280e-02
  6.84190571e-01 -1.56286225e-01 -1.19201258e-01 -4.01351511e-01
  1.61897153e-01 -1.43419474e-01  4.97052148e-02  5.62051535e-01
  1.37465179e-01  1.46439686e-01  6.39640493e-03 -1.10575020e+00
 -5.28054357e-01  1.39588684e-01  7.02512980e-01  6.46990657e-01
  3.36560547e-01  3.55961710e-01 -3.14682722e-01 -2.04505265e-01
  2.06223518e-01  3.48682970e-01  5.52944124e-01 -1.65666640e-02
 -7.39449561e-01 -3.70001137e-01  3.48041385e-01 -1.95296228e-01
  3.64514917e-01 -3.96472722e-01  1.47909656e-01 -1.23007759e-01
 -1.66088358e-01  3.02128971e-01  2.42732868e-01 -4.32539165e-01
 -1.25467569e-01  7.21932948e-01 -5.37491798e-01 -3.94340783e-01
 -6.42009258e-01  1.48062214e-01 -3.87935340e-01  1.26514211e-01
 -3.87917072e-01  2.45502919e-01 -5.14781237e-01  1.67034715e-01
  2.13678837e-01 -9.73865539e-02  1.90267146e-01 -3.02353382e-01
 -1.98651329e-01  2.05969542e-01 -4.91631292e-02  1.52407825e-01
 -3.03271323e-01 -6.56548962e-02 -5.80709100e-01 -4.50180680e-01
  1.67043418e-01 -3.80928963e-01  6.60770416e-01  1.63124174e-01
  1.35975048e-01 -7.01999813e-02  3.47878784e-01 -6.32830441e-01
 -1.44762829e-01 -4.55075115e-01  2.43626311e-01 -1.20690782e-02
  3.93141806e-01  2.13240936e-01  8.69434029e-02 -4.91389245e-01
 -4.09337163e-01 -4.92964417e-01  2.15222612e-01 -2.12857053e-01
 -2.55736828e-01 -1.29893035e-01 -2.42748056e-02  4.75189276e-02
 -2.41011977e-01  3.78963977e-01 -6.74059987e-01  3.41774493e-01
 -1.21557496e-01  5.53519130e-01 -4.47248578e-01 -1.68598294e-01
  3.95195127e-01 -4.91952971e-02 -4.26788419e-01 -4.14090097e-01
 -2.03364879e-01  2.09795654e-01  3.88204962e-01 -6.76829159e-01
 -2.19864860e-01  3.54496539e-01 -4.50361013e-01 -2.10239254e-02
  5.21236181e-01  2.84831040e-02  8.04966912e-02  2.86666632e-01
 -8.99264291e-02  1.58280760e-01  5.97535729e-01 -5.80159724e-01
 -2.41445109e-01 -5.60136199e-01 -2.93470304e-02 -3.48329276e-01
  5.56526780e-01  2.30383947e-02  1.48194492e-01  7.26094961e-01
 -4.63306069e-01 -9.25065577e-02  9.19669688e-01  5.36000967e-01
 -1.65137398e+00  2.89298415e-01  6.97310388e-01 -1.96222365e-01
 -2.48253286e-01  5.48110120e-02  1.19285556e-02 -1.02505405e-02
 -2.15799615e-01 -7.55335927e-01  8.92776191e-01  2.45091185e-01
 -2.06558183e-01 -2.45091453e-01  4.92400676e-01  7.27382153e-02
  5.52626327e-02 -4.77321327e-01 -2.58106768e-01  3.70079964e-01
  2.18699321e-01 -1.69243783e-01 -2.95927197e-01 -1.56339571e-01
 -5.49375415e-01  1.43275663e-01 -2.39141226e-01  2.10572466e-01
 -4.81670737e-01  3.63241844e-02  3.82827461e-01  1.13138402e+00
  3.20399702e-01  5.80115676e-01 -3.88420105e-01 -7.16237649e-02
  8.46663177e-01  4.57819790e-01  4.99442339e-01  3.78467560e-01
 -2.81308055e-01 -2.93053031e-01  6.19681478e-01 -5.02775423e-02
 -3.03343028e-01  3.20499182e-01 -1.04893170e-01  2.07846895e-01
 -1.03425182e-01  6.94383830e-02  1.11082636e-01 -1.49621904e-01
  1.32135212e-01  7.33817935e-01  6.12316489e-01  1.74469128e-01
 -9.40590948e-02 -4.33509260e-01  5.79937808e-02 -1.72508448e-01
  2.55798876e-01  4.38544452e-01 -2.90040284e-01 -2.99348027e-01
 -1.93711147e-01 -2.49136806e-01 -2.32577637e-01 -3.40362430e-01
 -4.00767982e-01 -9.23901081e-01 -1.06636667e+00  5.14844134e-02
  3.64310034e-02 -7.81357527e-01  2.97342867e-01  1.25311241e-01
  6.62686706e-01 -4.19278175e-01 -5.31334817e-01  1.36208460e-01
 -4.69912589e-01  4.40434292e-02 -1.70939550e-01  4.09764461e-02
 -2.54860371e-01  2.88720042e-01 -5.70760727e-01 -2.33660102e-01
 -3.97560418e-01 -2.70689547e-01 -4.77144927e-01  8.33981112e-02
  1.56268239e-01  7.86443114e-01  3.29351239e-02  2.74410903e-01
 -8.30293223e-02  1.66195571e-01 -1.35205150e-01 -1.19310774e-01
 -6.01310849e-01  3.27095807e-01  6.02727771e-01  7.36267149e-01
  2.22532064e-01  4.85335290e-01 -1.07432296e-02 -1.67816505e-01
  2.71096110e-01 -2.33207718e-01 -2.86459357e-01 -2.64937460e-01
  5.48817039e-01 -4.61884618e-01  2.98371047e-01 -3.07025105e-01
 -2.51187943e-02  8.15504372e-01 -2.75913030e-01 -6.44754231e-01
  1.93344522e-02  4.44431394e-01  2.74196744e-01  2.01898515e-01
  2.21787766e-01  1.11262667e+00 -1.61107406e-01  6.74714327e-01
  2.07938656e-01 -3.06594729e-01  1.53259989e-02 -2.52609968e-01
  1.08531192e-02  1.80814713e-01  5.40342867e-01  8.98994684e-01
  2.68079460e-01  3.87798011e-01  4.22550350e-01  3.94640565e-02
 -3.09843242e-01 -4.48453352e-02  5.02027273e-01  8.76635760e-02
 -5.82270384e-01  6.71888217e-02 -4.89350617e-01 -3.11073989e-01
 -3.76003265e-01 -1.52919888e-01  2.54867524e-01 -1.87409982e-01
  4.83119279e-01 -4.07314867e-01 -6.55646503e-01 -4.32575643e-01
 -7.92497277e-01  1.22521192e-01 -1.23758957e-01  2.85037518e-01
  5.57697177e-01  5.66789687e-01  1.51675284e-01  7.97831640e-02
  3.05660993e-01  7.30963707e-01  2.39923492e-01 -1.62907496e-01
 -1.68818742e-01  3.58493179e-01  1.53902203e-01  4.34617549e-01
  2.28625417e-01  6.95969686e-02 -3.13285530e-01 -5.33015549e-01
 -3.97986710e-01  1.47943035e-01  1.00019462e-02 -3.02755665e-02
  3.52582216e-01  2.73273457e-02 -1.54553518e-01 -5.19303083e-01
 -2.44539768e-01 -3.31824273e-01 -1.69063598e-01 -7.04006612e-01
 -1.21840023e-01 -5.30770898e-01  1.14736691e-01  4.09819782e-01
  4.93195772e-01 -5.63853145e-01  1.66293547e-01  3.00701708e-01
  1.20490536e-01 -1.54460818e-02  1.16325922e-01 -7.11223111e-02
 -2.87986457e-01 -6.43923953e-02  9.23106298e-02 -8.17050263e-02
  6.59828961e-01  1.59188434e-01 -5.55954158e-01 -2.43936986e-01
  1.15936778e-01 -9.04175043e-01  4.33933824e-01 -1.37775674e-01
  1.39560133e-01 -6.94661975e-01  1.77638426e-01  5.66961803e-02
  2.87550706e-02 -2.34372467e-01  1.43907323e-01  1.38518408e-01
 -7.58113921e-01  3.10334802e-01 -1.81319714e-01 -3.84622782e-01
  7.97916114e-01  5.46773851e-01 -1.85301051e-01  2.61838198e-01
  5.00708103e-01  6.13263138e-02 -4.15486455e-01  3.24717611e-01
 -1.60925969e-01  1.05415650e-01  3.04943383e-01 -1.88915536e-01
  5.68400979e-01  1.68301255e-01  1.19882308e-01  1.03814043e-01
  3.48907083e-01  6.84636235e-01  4.38413203e-01  2.53433138e-01
 -1.55607834e-01 -4.70798522e-01 -7.94094026e-01  3.76302749e-02
  2.78303146e-01  5.75215876e-01 -3.88453275e-01  5.00085056e-01
  6.70906901e-01 -2.61370316e-02  3.63673955e-01  9.21187937e-01
  1.95423767e-01  4.20796484e-01 -4.99180734e-01  6.07120134e-02
 -9.31693137e-01  4.19819355e-01  3.13179880e-01 -9.41114202e-02
 -1.07177213e-01  1.38800368e-01 -5.11286616e-01 -4.66663241e-01
  1.72097191e-01 -1.05628192e-01 -1.70082480e-01 -2.41322935e-01
  6.42610252e-01 -1.10959895e-01  9.40922022e-01  3.93224031e-01
  1.11649428e-02 -4.84756917e-01  1.63169324e-01 -1.47922978e-01
  6.43826902e-01  5.49303964e-02  4.04966950e-01 -2.15639636e-01
 -1.03778875e+00 -4.04413819e-01  2.61354953e-01  2.08905756e-01
  2.86806047e-01 -5.07086396e-01 -3.62063153e-03  4.51601774e-01
  5.59650540e-01  2.33726546e-01 -1.10181369e-01 -4.99156475e-01
  6.02733493e-02 -1.41714185e-01 -2.06763536e-01  3.99964780e-01
  8.63533318e-02  3.39435160e-01  3.76995921e-01 -1.77013367e-01
  8.54547098e-02  4.84107405e-01  1.96362540e-01 -1.33794844e-01
  6.52293503e-01  5.57423271e-02 -1.15380608e-01  6.89100772e-02
  2.01813541e-02 -2.67379105e-01  1.12823248e-02  6.30568624e-01
 -9.38891470e-02 -1.80415940e-02 -5.15584350e-01  3.14987510e-01
 -3.19119431e-02  1.47030190e-01 -4.01001453e-01 -4.66903061e-01
  2.83106536e-01  2.52689123e-01 -3.53933305e-01  2.24920940e-02
 -2.45350897e-01 -2.29598999e-01 -3.57043922e-01 -3.35031182e-01
 -5.43241918e-01 -1.94483936e-01 -3.95304978e-01  4.29940641e-01
 -7.70074725e-01 -5.16545594e-01  4.46759880e-01 -1.45376548e-01
 -1.55776113e-01 -1.12323403e+00  6.05643272e-01 -4.00147796e-01
  6.36294961e-01 -1.85506940e-01 -9.61032361e-02  1.83214974e-02
 -3.13865632e-01 -3.22945774e-01 -5.74643850e-01  4.83222187e-01
 -1.02312622e+01 -1.53170988e-01 -2.06183270e-01 -6.94933414e-01
 -3.92779797e-01 -1.07496738e-01  1.08158612e+00  1.50632700e-02
 -5.57699800e-01  1.20039679e-01 -2.45275140e-01  1.35550335e-01
  5.34533679e-01  3.76105100e-01 -7.03593642e-02 -3.01707648e-02
 -1.40226766e-01 -5.82136810e-01 -3.43775511e-01 -1.21521324e-01
 -7.73715600e-02 -1.95056483e-01  6.71905637e-01 -4.01544832e-02
  7.59009197e-02 -3.98200870e-01 -1.59837261e-01  2.66551733e-01
  1.22852407e-01  4.76531118e-01 -2.14640051e-01  8.28400373e-01
 -1.77804306e-01  6.64553940e-02 -1.84410334e-01 -2.97167152e-02
 -2.54587047e-02  4.63637054e-01 -1.10334717e-01  4.90783155e-01
  3.83713841e-01  3.58788252e-01  1.40073374e-01  4.72070165e-02
  3.78129005e-01  4.28333610e-01  1.36748672e-01  3.20807397e-01
  7.62167990e-01 -7.51866400e-02  4.96974945e-01 -7.55950093e-01
  3.25058818e-01  6.83932751e-02 -4.67355758e-01  4.09008339e-02
  9.32538629e-01 -5.53281605e-01  4.71072271e-03  2.53292948e-01
  3.74016225e-01 -4.09752391e-02  1.16638350e+00  4.04410571e-01
 -2.60072678e-01  3.02253067e-01  1.11051150e-01  1.22262955e-01
 -4.74618435e-01 -4.05456990e-01  3.80825192e-01  1.47620821e-02
  1.46137968e-01  3.14544082e-01 -3.71834219e-01 -8.59000683e-02
 -2.63521336e-02  2.05508903e-01  3.81883562e-01 -6.79506063e-02
  8.54203880e-01  2.12811939e-02 -4.13789153e-01  4.24296439e-01
 -5.25970340e-01  1.24857441e-01  1.41605467e-01 -7.15519413e-02
  5.41422784e-01 -6.79489851e-01  7.72998869e-01 -3.00903887e-01
 -3.18955958e-01  7.00099707e-01  3.12905520e-01 -5.65515816e-01
  3.17841887e-01  1.30851224e-01  8.86329114e-02 -2.18677804e-01]"
シ,"[ 1.63603336e-01  5.61111569e-01  9.63577688e-01 -2.53137738e-01
  2.56172061e-01  3.77693935e-03  6.68121040e-01 -2.36982659e-01
 -4.65715885e-01 -1.55674174e-01  4.12211478e-01 -2.10179478e-01
 -4.99211907e-01  2.61354506e-01  3.42842668e-01  2.63275474e-01
 -1.77709743e-01 -5.32054305e-01  6.49681985e-02 -6.26070611e-03
 -1.25149870e+00 -8.28390598e-01 -1.89384073e-01  6.71663284e-01
  2.07438827e-01 -9.78362501e-01  3.77800345e-01 -2.11091451e-02
  1.04807252e-02 -4.03985888e-01 -5.49396932e-01 -2.47840136e-02
 -1.91635624e-01  5.88911772e-01 -7.29784012e-01  2.90721714e-01
  2.35302493e-01 -5.32673478e-01  3.72516029e-02 -2.32694298e-01
  2.69700229e-01 -3.14180046e-01  1.98765814e-01  4.80454773e-01
  5.27459458e-02  3.14000607e-01  2.15839341e-01  8.33956525e-02
 -2.61348099e-01  2.62496650e-01 -6.32890701e-01  3.62549484e-01
  6.21737957e-01  2.13496968e-01  1.06652446e-01 -3.82269382e-01
  2.38241270e-01 -3.02271515e-01  3.15013081e-01  5.37103832e-01
 -4.60227698e-01 -5.21640889e-02  2.73281813e-01  2.33560175e-01
  4.40126993e-02  4.59627628e-01 -3.10776800e-01 -2.55873173e-01
  1.84489161e-01 -9.53016818e-01 -1.16699925e-02 -2.67543606e-02
  7.59125724e-02 -8.65208328e-01  6.29284382e-01 -1.13531232e-01
  1.74959049e-01  2.80857474e-01  7.98219964e-02  7.07317367e-02
 -8.50631669e-02  2.57181942e-01  5.51892519e-02 -4.44931746e-01
 -8.18901122e-01  9.33475047e-02 -6.96617007e-01 -6.23130858e-01
  3.71504366e-01  4.11418043e-02 -1.95469856e-01 -4.27931309e-01
 -4.14786547e-01  3.39911133e-01  4.86581028e-01  6.07203186e-01
  1.65332884e-01 -3.06674480e-01 -1.96098447e-01  2.70745069e-01
  3.15446079e-01 -1.98801577e-01  4.08902198e-01 -1.61339059e-01
  1.77288413e-01  1.85977116e-01 -3.70616257e-01  1.48716778e-01
  4.08792943e-01  2.12757394e-01 -5.67500591e-01 -1.41534701e-01
 -8.02746654e-01 -3.71534050e-01  1.98545009e-01  3.18036497e-01
 -5.26221037e-01  1.49696767e-01 -2.26424158e-01 -2.63807811e-02
  6.83838204e-02  5.67933559e-01  1.33882046e-01 -8.03805113e-01
  1.47024572e-01  5.01258194e-01  2.98709244e-01 -1.02923319e-01
 -4.27690059e-01 -2.98318058e-01 -5.08204043e-01 -3.89622480e-01
  1.46926427e-02  4.39901382e-01 -6.63587570e-01  5.56197882e-01
  2.44140953e-01  1.97624266e-01  3.07847504e-02 -3.10484916e-01
 -4.37712848e-01 -7.02986568e-02 -6.70259818e-02 -5.50451458e-01
  2.80624270e-01 -2.52366424e-01 -7.73504913e-01 -3.96372974e-01
 -3.38088036e-01 -2.59885877e-01  3.16100307e-02  1.26596892e+00
 -5.36586583e-01 -3.84549797e-01  3.12108517e-01  2.26555511e-01
 -7.50627458e-01  4.07783315e-02 -8.68369360e-03 -1.20559931e-02
  1.46507204e-01 -4.34125006e-01  3.76425385e-01  4.52755094e-01
  6.10721648e-01 -1.43308654e-01  1.21564254e-01 -2.17006564e-01
  8.92624035e-02  3.41462523e-01  8.29442620e-01 -4.34506573e-02
  6.89471722e-01  1.75456047e-01 -8.19169134e-02  3.93725932e-01
  8.95509422e-01 -3.23472381e-01 -2.85314228e-02 -3.22180778e-01
 -2.76332945e-01 -3.61938745e-01  2.55494118e-01 -4.93816763e-01
  6.15046442e-01 -7.14162290e-01  3.50738347e-01 -2.79103369e-01
 -3.05350870e-01 -1.47183865e-01  9.65518579e-02 -3.45172763e-01
  8.85943592e-01 -3.47847521e-01 -5.72144806e-01 -3.34402382e-01
  2.66456336e-01  1.63429365e-01 -5.65876484e-01  2.49374613e-01
  2.16334730e-01  1.26294568e-01 -6.11438192e-02 -6.54739439e-01
 -5.59577346e-01  4.15687710e-01  2.59343386e-01  3.45921442e-02
  1.85577556e-01  8.12051535e-01 -3.64490032e-01  2.77725369e-01
  5.67121744e-01  1.16499767e-01  1.13798089e-01  2.31491864e-01
 -1.07704923e-01 -4.00251538e-01 -8.44152346e-02 -1.93388820e-01
  6.97521329e-01 -3.22067261e-01 -5.72157919e-01  2.38063872e-01
  9.07755271e-02  4.22748774e-01  1.94230005e-01 -1.46908224e-01
 -1.11429714e-01  1.28377765e-01 -9.45113897e-01 -3.79291624e-01
 -8.43826830e-01 -3.37311447e-01 -4.89846915e-01 -6.03349268e-01
 -3.42031807e-01 -1.87918872e-01 -6.26741290e-01 -3.37494574e-02
 -1.44564360e-01 -4.07004058e-01  1.44591808e-01 -3.00484687e-01
 -1.69790462e-01  6.13060147e-02  3.16678523e-03 -3.22889864e-01
 -4.27733690e-01 -3.62180211e-02 -4.87673320e-02 -4.17041361e-01
  2.10702002e-01 -2.12283745e-01  1.03694344e+00  6.47431910e-01
  7.51720965e-01 -5.99120140e-01  4.85574543e-01 -4.26550001e-01
 -3.09426934e-01 -3.62140328e-01  3.36613059e-01  3.46474886e-01
  1.14484623e-01 -7.78585598e-02 -3.50176185e-01 -6.98029697e-01
 -8.47503781e-01 -5.56796730e-01  5.96597314e-01 -1.50695592e-01
  5.54423034e-02 -4.01285052e-01  1.51616141e-01  3.36203933e-01
 -6.12843335e-01  8.59668911e-01 -4.06478405e-01  4.37324733e-01
 -8.02108526e-01  9.65873659e-01 -5.92792965e-02 -8.89306068e-02
 -1.72614858e-01  4.76021051e-01 -8.32711518e-01 -5.10946847e-02
 -7.54189074e-01  9.48963881e-01  3.52217108e-01 -4.52993035e-01
  7.23286346e-02  2.32128352e-01  4.94474359e-02  4.08591211e-01
  4.25799489e-01  2.89515376e-01  4.38592046e-01  1.57430798e-01
  2.88930625e-01  1.98024437e-01 -1.14860736e-01 -3.20596963e-01
  2.44942352e-01 -1.75852269e-01 -2.82983601e-01  5.00118911e-01
  2.65005648e-01 -1.70627415e-01  6.26630843e-01  4.88212436e-01
 -5.54039836e-01  4.73126680e-01  8.14007580e-01  3.70932430e-01
 -1.26522517e+00 -4.62719977e-01  3.85998785e-01  2.01425612e-01
  1.43208772e-01 -2.41515085e-01  4.11659509e-01  5.12628376e-01
 -3.45255584e-01 -3.80812168e-01  1.24181926e+00 -2.67702967e-01
 -3.13587397e-01  1.96126342e-01  3.14073890e-01 -2.26803899e-01
  1.97941273e-01 -6.14944696e-01  1.07354991e-01  6.05356038e-01
 -4.45777863e-01  9.98661444e-02 -7.48908669e-02  2.16349978e-02
 -3.33703101e-01  2.57237405e-01 -7.12485015e-01 -1.46129191e-01
 -8.59092250e-02 -1.52098253e-01 -2.60041326e-01  1.10747290e+00
  4.22103316e-01  8.08546960e-01 -1.01743996e+00 -5.56677103e-01
  9.52742025e-02  1.53047562e-01  2.62036294e-01 -6.84613287e-01
 -5.06963253e-01 -4.78540778e-01  1.73185542e-01 -4.43175822e-01
  2.96869427e-01 -2.47007281e-01  2.77859241e-01  1.82748139e-01
 -4.40009058e-01  3.02606106e-01  6.95116758e-01  1.92022532e-01
  3.09463501e-01  4.28770334e-01  2.22777292e-01  5.44481516e-01
  1.39733464e-01 -4.71071571e-01 -4.70793843e-02 -2.88962960e-01
  6.26677573e-01 -2.03951113e-02 -6.44016981e-01  4.26964521e-01
  3.35068583e-01 -7.75960758e-02 -2.38808498e-01 -6.17244720e-01
  2.93143153e-01 -4.81806278e-01 -1.96176425e-01 -3.97129536e-01
 -7.80908018e-02 -2.53324300e-01  1.00818324e+00  5.93216956e-01
  2.25838467e-01 -7.43759215e-01 -7.36458480e-01  1.43390253e-01
  2.10463963e-02  4.73305613e-01 -6.31350577e-02  2.00848415e-01
 -5.80213703e-02 -3.85002673e-01 -2.80049592e-01 -2.87430823e-01
 -4.90521938e-01 -1.70227587e-01 -3.80782664e-01 -1.47157148e-01
  8.08348581e-02  1.01589811e+00 -8.18671212e-02 -4.37057298e-03
  2.62422889e-01  9.21149552e-01 -3.35390031e-01 -1.73789158e-01
 -7.30690241e-01  3.33568841e-01  4.80212867e-01  2.59432256e-01
  4.18212950e-01  1.95657551e-01  6.45623922e-01 -2.13693246e-01
  1.78742424e-01  5.62320828e-01 -9.52494293e-02 -4.65902001e-01
  5.89449584e-01 -3.53551835e-01  5.18576503e-01  5.02124608e-01
 -2.37696528e-01  5.33088624e-01 -5.82868397e-01 -3.41817796e-01
  1.96036562e-01  4.39268559e-01  1.02159917e-01  7.31368437e-02
  5.08945584e-01  7.32358634e-01  6.20243400e-02  5.34525454e-01
 -1.53113946e-01  2.23901365e-02 -4.30824012e-02 -3.57109845e-01
  3.91505152e-01 -1.26716554e-01  4.57513362e-01  7.47415841e-01
  7.45801553e-02  3.34050059e-02  4.64789659e-01  3.22117567e-01
 -1.32783830e-01  4.43664342e-01 -2.16353476e-01 -8.20769295e-02
 -4.78877872e-01  5.29356718e-01 -4.33604360e-01  6.95783198e-02
 -2.83975571e-01 -6.94778040e-02  3.94160777e-01 -4.52841341e-01
  3.87324691e-01 -5.11859715e-01 -9.78059590e-01 -8.96248102e-01
 -1.04058635e+00 -3.77825201e-02 -6.19799137e-01  1.91784561e-01
  4.33692962e-01  3.37722838e-01 -5.85271358e-01  5.86609483e-01
  5.23256540e-01  4.36906874e-01  2.11797580e-02 -3.00570160e-01
 -3.29498142e-01 -4.39510107e-01 -2.45361894e-01  1.29090101e-01
  1.25719383e-01 -1.49542749e-01 -4.85604465e-01 -3.82494986e-01
 -2.38695383e-01 -1.57915473e-01 -7.22726732e-02 -3.96916449e-01
  2.52207041e-01  3.05159539e-01 -8.78956556e-01  4.76449668e-01
 -2.94450581e-01  4.68497962e-01 -4.81890261e-01 -3.45439583e-01
 -2.33464584e-01 -6.99124783e-02  1.46506466e-02  5.08740425e-01
  5.97614706e-01 -3.36241394e-01  3.17217082e-01  1.04651940e+00
  3.05898547e-01 -6.56388164e-01  2.83049121e-02 -3.90717566e-01
 -8.86869013e-01  5.47399879e-01  1.71412870e-01  5.07201314e-01
  3.82300287e-01 -3.45996581e-02 -7.65721858e-01 -2.35219523e-01
 -1.58159360e-01 -6.66702092e-01  6.33459628e-01 -5.27844906e-01
  6.03116572e-01 -1.00139427e+00  4.27998066e-01 -4.41523343e-01
  6.44017681e-02 -3.05156887e-01  4.91352290e-01 -1.68144673e-01
 -5.52774727e-01 -1.37960762e-01 -4.20004010e-01 -4.03524876e-01
  7.79307544e-01  4.22886670e-01 -6.71458542e-01  7.57039905e-01
  8.81175041e-01  2.14556932e-01  1.86129939e-02 -1.68943759e-02
 -4.29343402e-01  5.67590781e-02  1.42172739e-01 -2.25387812e-02
  6.03763223e-01  5.61386764e-01 -3.29905719e-01 -3.26231331e-01
  8.16208720e-01  1.29227236e-01  4.44275558e-01 -4.90773432e-02
 -5.76477528e-01  1.52885646e-01 -1.82719082e-02 -2.00882480e-01
  3.78912129e-02  7.83524573e-01 -4.60827529e-01  5.39143980e-01
  5.29404819e-01  2.07973700e-02 -1.17460554e-02  1.48646772e+00
 -3.43136042e-01  7.31328011e-01  3.37306947e-01  3.41524363e-01
 -8.93943369e-01  3.84448409e-01  6.33160949e-01  2.41828486e-01
  9.61683840e-02  8.83182585e-02 -3.43893796e-01 -5.76559842e-01
  7.11446762e-01 -8.87278855e-01 -9.04211588e-03  2.59813726e-01
  5.65520227e-01 -1.51020244e-01  8.81471992e-01  5.15365481e-01
  7.14452118e-02  3.47704649e-01  2.73196846e-01  7.52917647e-01
  4.35855448e-01 -9.34442356e-02  7.08543539e-01 -5.22925794e-01
 -6.61077797e-01  5.14232039e-01 -4.63536829e-01 -2.70550586e-02
  9.68362018e-02 -5.85820258e-01 -4.64604139e-01  5.28101861e-01
  5.53121328e-01  3.62198144e-01 -2.89152026e-01 -3.39333653e-01
 -7.22410977e-02  8.00727010e-02 -2.96876937e-01  2.65658528e-01
 -1.76449239e-01  7.62426972e-01  3.61016214e-01  1.73849866e-01
  2.63490468e-01  3.82313341e-01 -9.09759626e-02 -7.05301836e-02
  4.68845516e-01  1.79444313e-01  2.47649342e-01 -3.59204039e-03
  4.73301470e-01  3.41785736e-02 -4.40897405e-01  7.78917253e-01
 -3.33704561e-01 -5.44424772e-01 -2.70071059e-01 -3.57808471e-02
  3.64897400e-01 -1.81391388e-01 -2.01868527e-02 -3.40008408e-01
  2.28847831e-01  1.52716920e-01 -7.29587078e-01  2.88266450e-01
  3.66138697e-01 -1.49304062e-01  1.14134274e-01 -1.71195582e-01
 -3.95289660e-01 -6.54736280e-01 -2.20074251e-01  4.37257811e-02
 -1.17882323e+00 -3.56144339e-01  6.80303812e-01  1.58449277e-01
 -3.37136328e-01 -1.18336618e+00  4.72523868e-01 -3.65001768e-01
  4.75816190e-01 -7.74253085e-02 -5.39039373e-02  1.83478847e-01
 -1.41189367e-01 -3.53323489e-01 -3.16048354e-01 -2.00425401e-01
 -9.85924721e+00  2.97644973e-01 -1.24877118e-01 -4.89321053e-01
  1.11029655e-01 -3.54481637e-01  4.84276652e-01  6.80180073e-01
 -3.70484024e-01  5.96631408e-01 -4.41550702e-01 -2.75892943e-01
  6.81962550e-01 -1.87635437e-01 -3.18950176e-01 -2.50903785e-01
 -5.99779427e-01 -4.29402709e-01 -2.56298244e-01  1.98815390e-01
 -2.07847580e-02 -1.33887872e-01  1.02630436e+00  6.93728983e-01
 -2.52547532e-01 -2.98883885e-01  2.51271397e-01  4.53359067e-01
  3.67264807e-01  6.86093122e-02 -5.70196271e-01  6.50061727e-01
 -3.53747904e-01  1.91726416e-01 -1.36249721e-01  1.31582379e-01
  3.13424826e-01  3.74453850e-02 -4.94371414e-01  2.52475470e-01
  5.20692050e-01 -1.47162408e-01 -5.39980233e-01 -6.79523051e-02
  5.88387609e-01 -5.37824452e-01 -9.84445810e-02  2.44418249e-01
  7.35999703e-01 -1.32617310e-01 -2.00176045e-01 -2.77599722e-01
  6.80311143e-01 -1.87823802e-01  1.43186361e-01 -6.00769650e-03
  6.81607246e-01 -3.22454154e-01 -2.20514849e-01 -5.97079456e-01
 -3.22564691e-01 -1.35977179e-01  2.45767385e-01  7.95433998e-01
 -1.36381760e-01  3.45778793e-01 -3.19691539e-01  6.21876642e-02
 -7.23689795e-01 -1.56849295e-01  3.80473137e-01  5.97694278e-01
  3.61764669e-01 -7.59989321e-02  2.41424039e-01  2.31006801e-01
 -6.27083957e-01  3.99850421e-02  3.88293356e-01 -8.10375810e-03
  1.01581670e-01 -6.11351907e-01 -2.39075180e-02  9.02662575e-01
 -7.92504013e-01 -4.10769917e-02  1.70538336e-01 -1.09856233e-01
  4.10794824e-01 -3.28421772e-01  1.15346745e-01 -2.10215241e-01
 -4.22236502e-01  5.11194885e-01  2.24089339e-01 -5.37134349e-01
  1.26098305e-01  1.60041273e-01 -1.52237881e-02 -6.84546590e-01]"
ク,"[ 2.60196477e-01  7.71667540e-01  1.15915453e+00 -2.49042720e-01
  6.24289572e-01  5.12441337e-01  2.77206957e-01  1.34479376e-02
 -6.32550001e-01 -3.89576465e-01  5.36901891e-01 -4.04379666e-01
 -3.96104485e-01 -9.10567492e-02  5.37040867e-02 -2.77782798e-01
 -3.01277161e-01 -4.78483737e-01  8.34780931e-02 -1.90985441e-01
 -8.34200382e-01 -4.67917681e-01 -5.02063334e-01  9.45692837e-01
  2.10563377e-01 -6.25866890e-01 -1.73195958e-01  2.51730055e-01
  5.08832633e-01 -4.24505442e-01 -1.45944238e-01 -4.04359847e-02
  1.67103887e-01  1.44281045e-01 -6.58120692e-01  2.51528233e-01
 -7.88288265e-02 -1.90069541e-01  4.83775437e-01  5.08098722e-01
  2.04168811e-01 -4.52791840e-01 -1.88183084e-01  2.09518597e-01
 -2.64447480e-01  6.20810509e-01  2.29791299e-01  1.75227195e-01
 -8.29321966e-02 -6.43036485e-01  1.22299418e-02  3.86009783e-01
  2.55788594e-01  3.05051744e-01  1.44909874e-01 -4.55426246e-01
  7.61219859e-01 -1.02945411e+00 -4.80309963e-01  7.94955969e-01
 -7.31621802e-01  5.13282716e-02 -2.11315244e-01  1.32065058e-01
 -6.68505192e-01  2.89209127e-01 -5.87130487e-02 -5.32485366e-01
 -7.73560256e-02 -4.11173642e-01  7.18304276e-01 -1.96817085e-01
 -9.62654725e-02 -5.99820912e-01  9.33791459e-01 -5.39041102e-01
  1.82269812e-01  3.39249074e-01  1.85224816e-01  4.01392989e-02
  2.88879070e-02  3.59316379e-01  4.71389621e-01 -3.88554811e-01
 -1.48425534e-01  1.46239236e-01 -8.08907568e-01 -9.69410181e-01
  6.65670335e-01 -1.96126923e-02  1.64390244e-02  4.29009683e-02
 -4.78490174e-01  8.78115371e-02  1.02738869e+00  1.29321292e-01
  3.39726508e-01 -3.99778217e-01  1.17319323e-01  4.92487997e-01
 -2.66723335e-01  1.41569048e-01 -3.21172267e-01 -3.36155087e-01
 -3.84912230e-02 -8.82785022e-02 -5.77941060e-01  1.52294010e-01
  2.69674301e-01  3.35416138e-01 -3.32557946e-01 -1.02678645e+00
 -5.03105819e-01 -2.53836393e-01  7.98321426e-01  6.43799454e-02
 -8.85188282e-01  3.56509835e-01 -8.11012924e-01  2.15516776e-01
 -1.01303294e-01  1.71427011e-01 -3.54856551e-01 -6.91939950e-01
 -1.87597312e-02  1.37199327e-01  3.80942136e-01 -4.75458890e-01
 -1.68571845e-01 -7.14127839e-01 -7.25221217e-01 -4.96220887e-01
 -6.80423439e-01  3.39686513e-01 -6.46927834e-01  9.90753114e-01
 -1.21850763e-02  1.51878700e-01  9.80211049e-02 -4.14505720e-01
 -8.67651820e-01  2.86146924e-02  4.15253222e-01 -6.41819835e-01
 -1.38866324e-02  2.56266773e-01  7.87621960e-02 -1.17486507e-01
  4.66612220e-01  1.27499774e-01 -9.28182714e-03  1.06915653e+00
 -7.10630357e-01  1.17086895e-01  5.02184629e-01  2.51902968e-01
 -4.76722002e-01  4.21703368e-01  3.18808138e-01  4.16269988e-01
  3.25423926e-01 -2.51908023e-02 -3.73780966e-01  6.91607773e-01
  3.37154418e-01  4.90053803e-01  5.34252763e-01 -2.97585707e-02
 -9.11524445e-02  3.34360361e-01  3.27062726e-01 -3.91871557e-02
  2.24272966e-01  2.60772314e-02 -2.71033406e-01  6.89779446e-02
  5.18383563e-01 -9.16298181e-02  5.55247515e-02 -1.15310907e+00
 -2.77596325e-01  1.01725347e-01  6.64962888e-01 -6.38902664e-01
  8.36057544e-01  8.76204371e-02  1.32206365e-01  3.17080975e-01
  3.77422303e-01 -1.90548643e-01 -3.84610891e-01 -4.60340023e-01
  6.85780585e-01 -5.97081840e-01 -4.96161640e-01 -1.13449566e-01
  5.19355297e-01  3.19341213e-01 -5.31963587e-01  4.34350431e-01
  4.53911424e-01  4.17395145e-01  1.00020379e-01 -7.70497501e-01
 -5.92647076e-01 -3.24892133e-01 -1.04639553e-01  3.54579598e-01
  4.35823560e-01  1.67298168e-01 -1.97595075e-01  1.50724456e-01
  2.21246392e-01  3.73520732e-01  1.18857217e+00  2.57620484e-01
 -1.09462726e+00 -3.11310410e-01  6.79983139e-01 -4.02263820e-01
  4.39367473e-01 -6.53211415e-01 -4.15239483e-01 -1.70145988e-01
 -5.68780862e-02  7.39843071e-01  4.84301865e-01 -7.10323036e-01
 -1.64201856e-01  4.48254466e-01 -7.39771307e-01 -7.21781135e-01
 -3.26136202e-01  4.18436497e-01 -3.65296811e-01 -1.91747487e-01
 -5.45055151e-01  5.88369071e-02 -1.16988504e+00  5.66035032e-01
 -6.71023667e-01 -4.89876390e-01  3.79558384e-01 -4.55694169e-01
  4.75119874e-02 -1.22610174e-01 -4.22688961e-01 -4.26232070e-01
 -5.74466348e-01 -4.52838689e-02 -1.62322640e-01 -3.00680399e-01
  1.42582208e-01 -4.81973827e-01  6.33945286e-01  8.74134958e-01
  4.00109023e-01 -6.72254413e-02  2.55788207e-01 -5.25393307e-01
 -1.78439245e-01 -7.80938387e-01 -2.09622815e-01 -1.42761976e-01
  1.98840335e-01  8.01732898e-01  1.15420438e-01 -1.52391896e-01
 -1.15732360e+00 -3.84558022e-01  5.94755054e-01 -1.39125869e-01
 -1.82271883e-01  2.09486306e-01 -2.73280323e-01  3.06655675e-01
 -3.46677810e-01  1.17022288e+00 -1.48817450e-01  5.59621215e-01
 -4.77354765e-01  8.75140429e-01 -1.02524400e+00 -2.38219202e-01
 -2.59711951e-01  5.17503500e-01 -3.03702414e-01 -5.81907749e-01
 -2.99463689e-01  6.06716096e-01  9.38427448e-01 -5.27760506e-01
  1.93660334e-01 -4.49289024e-01 -3.76345366e-02  2.78360784e-01
  5.02227485e-01  4.47737277e-02  4.64513227e-02  6.30439296e-02
  5.36792159e-01  3.56679291e-01  3.20338339e-01 -5.04708707e-01
  2.09250271e-01 -5.42144775e-01  3.40330973e-02  3.84686559e-01
 -2.01655403e-01 -3.67166102e-01  2.50027627e-01  6.09812081e-01
 -6.00838006e-01  3.78953218e-02  1.31855834e+00  1.70417026e-01
 -1.24256361e+00  1.16679840e-01  2.19755962e-01  6.59569144e-01
 -7.38492250e-01  2.44466171e-01  1.44839466e-01  6.15730703e-01
 -6.25522733e-01 -6.87185228e-01  1.28101611e+00  4.09541160e-01
  1.44494966e-01  1.71817765e-01  3.21048886e-01 -4.71158475e-01
  1.56625211e-01 -5.00887752e-01  3.02410334e-01  2.65326619e-01
 -8.69952261e-01 -6.63931593e-02 -8.14085379e-02 -9.16087747e-01
 -8.88345838e-01  4.66942877e-01 -2.87551850e-01  4.95985806e-01
 -7.72244811e-01 -1.44079551e-01  6.31329477e-01  1.44879150e+00
  7.45965004e-01  6.29451931e-01 -1.08065534e+00 -3.68878633e-01
  1.75455838e-01 -6.57195598e-02 -3.38567831e-02 -1.75555855e-01
  2.04769939e-01 -2.75788248e-01  6.18297011e-02 -1.67478338e-01
  3.57894868e-01  5.02398275e-02 -1.18345246e-01  2.16492161e-01
 -2.38235712e-01  2.44437262e-01  3.55245978e-01 -2.94780675e-02
  2.63764203e-01  5.59274077e-01  1.11651146e+00  1.10024966e-01
 -1.90357361e-02 -6.45922363e-01 -3.45478244e-02 -8.43630016e-01
  3.67620945e-01  6.51250482e-02 -3.25354546e-01  4.78100061e-01
  7.18282461e-02 -3.29701662e-01 -4.54442315e-02 -5.06226778e-01
  8.44847709e-02 -4.01085615e-01 -5.09675443e-01  3.12748045e-01
  2.10587740e-01 -4.52464521e-02  4.97682780e-01  4.91972715e-01
  4.29130912e-01 -5.23398757e-01 -9.43262815e-01  3.37992162e-01
 -2.42254227e-01  1.42103694e-02  1.51191473e-01  3.45418483e-01
 -5.32907963e-01 -1.07836612e-01 -5.05534708e-01 -4.69458580e-01
 -5.39652586e-01  2.90536303e-02 -6.77014768e-01  3.59861106e-02
  1.31933063e-01  7.23980308e-01 -6.60355330e-01  2.53243953e-01
 -1.37367636e-01  1.34533048e-01 -3.99792165e-01 -7.69085348e-01
 -2.51957566e-01  5.19851387e-01  2.31317863e-01  5.03291965e-01
  4.87517953e-01 -1.25676438e-01  5.17343819e-01 -1.47013992e-01
  4.80350733e-01  6.58685863e-01 -3.87927145e-01 -3.43823940e-01
  7.23245561e-01 -7.87359700e-02  4.00748879e-01  1.85286164e-01
  2.03268722e-01  6.85592830e-01 -3.86888564e-01 -7.17055082e-01
  7.49049410e-02 -2.59809315e-01 -4.25441772e-01  8.18724394e-01
  8.23091447e-01  4.54958767e-01 -3.32271695e-01  5.20878553e-01
  1.17112041e-01 -2.20070049e-01 -1.44655019e-01 -7.64782548e-01
  4.55233365e-01  1.71499237e-01  1.06702626e+00  8.11798751e-01
  2.60668337e-01 -1.06650785e-01  2.76012033e-01  2.93348551e-01
 -6.36377275e-01  3.15974593e-01  5.01814663e-01 -2.12537661e-01
 -4.41121399e-01  4.28492039e-01 -4.84221518e-01  1.77771356e-02
  4.30639803e-01  1.17921154e-03  5.70151746e-01  1.19020715e-01
  2.97816396e-01 -9.60047662e-01 -5.82479179e-01 -8.00320089e-01
 -7.15108752e-01  3.54776591e-01 -3.09542835e-01 -5.87472739e-03
  5.37807643e-01  1.71904802e-01 -6.09015703e-01  7.10887253e-01
  1.42351780e-02  2.61312068e-01  1.11308493e-01 -1.25418329e+00
 -6.23344928e-02  4.32842255e-01 -5.13861537e-01 -5.94785810e-01
 -1.97942659e-01  7.50741437e-02 -5.79480052e-01 -4.51544970e-01
  5.02276599e-01 -4.55630541e-01  1.86423019e-01 -3.65054220e-01
  4.55969542e-01 -1.44015074e-01 -8.31836879e-01 -1.59967721e-01
 -1.75264433e-01 -4.15147617e-02 -6.44078195e-01 -3.74031246e-01
 -1.74108475e-01 -1.47157490e-01  2.32844487e-01  5.37898242e-01
  5.30961573e-01 -2.83032179e-01  5.26342273e-01  1.69117317e-01
  6.70935035e-01 -5.53865135e-01  7.67803378e-03 -4.52748328e-01
 -3.90837908e-01 -1.00022458e-01  8.30071330e-01 -6.19895235e-02
  1.63474083e-01  1.63734183e-01 -1.01566780e+00 -6.25840664e-01
 -9.60905924e-02 -7.74562359e-01  5.63766956e-01  2.98217446e-01
  1.09654462e+00 -1.02314508e+00  2.11841241e-01 -3.16810966e-01
  3.21508616e-01  3.13719809e-01  2.70627022e-01  3.07801425e-01
 -1.26975477e+00 -3.48826021e-01 -1.98647827e-01 -9.02320564e-01
  1.37463939e+00 -1.14572458e-02 -6.70178413e-01  8.00737679e-01
  9.20693398e-01  4.08773750e-01 -3.79571021e-01 -2.17764173e-02
 -9.64465961e-02  8.28632116e-02  1.04742326e-01 -8.40235054e-02
  3.95069957e-01  3.74082595e-01 -1.13686979e-01  2.49935627e-01
  1.85602710e-01  9.28186417e-01  5.36824763e-01 -1.60520747e-01
 -1.50707915e-01 -3.41460466e-01 -4.61574882e-01  1.23866030e-03
 -7.76219368e-02  3.67366791e-01 -1.01367176e+00  1.13972795e+00
  5.71146488e-01 -2.25763306e-01  6.36152327e-01  8.22552145e-01
  1.15193307e-01  8.86490822e-01  6.29400238e-02 -4.61571455e-01
 -4.16148603e-01  3.11542004e-01  3.70331734e-01  5.37033498e-01
 -3.26771885e-01  3.60597335e-02 -5.36019683e-01  1.43773690e-01
  7.08063781e-01 -2.59699434e-01 -5.79656251e-02  4.79259342e-02
  4.65667576e-01 -3.29204112e-01  6.09754086e-01  1.79529428e-01
 -3.87241751e-01  1.67559227e-03  3.52180332e-01  9.32618499e-01
  1.38038504e+00  1.61499083e-01  5.33876479e-01 -1.91541761e-01
 -4.73391414e-01  7.01276958e-02  3.29782329e-02  1.64330885e-01
  8.21374059e-01 -1.89902112e-02 -6.16416156e-01  7.61721373e-01
  1.76582426e-01  1.81489289e-01 -3.07503104e-01 -7.29253232e-01
 -1.65629014e-01 -1.36620641e-01 -6.08190000e-01  2.07964644e-01
  5.84343374e-01  4.70226049e-01 -1.50611907e-01 -6.72256291e-01
 -2.11675853e-01  5.79976618e-01 -2.92512588e-02  1.26929972e-02
  2.70023257e-01 -4.33915347e-01 -5.12646418e-03  9.01865363e-02
  3.13582599e-01 -3.70747238e-01  5.41979559e-02  1.98627293e-01
 -6.52126193e-01  1.68179527e-01 -1.14617638e-01  7.38644719e-01
  2.63390869e-01 -4.81293015e-02  2.82820523e-01 -8.68178606e-01
 -4.64074522e-01  4.13243659e-02 -5.05540252e-01  1.55961841e-01
 -2.02982709e-01 -6.60738170e-01 -5.91162503e-01 -3.49203020e-01
 -8.14115644e-01 -3.05605114e-01 -1.34271696e-01  4.94431645e-01
 -8.59795272e-01 -1.58057362e-01  1.36916444e-01 -2.23080181e-02
 -4.80614156e-01 -1.49327302e+00  1.74037933e-01  2.44806185e-01
  4.47381139e-02  6.10779345e-01 -1.47978896e-02  1.62881717e-01
 -1.63374379e-01  2.24744484e-01 -3.93657357e-01 -5.35556972e-01
 -9.42827606e+00  1.91608816e-02 -4.04879361e-01 -6.88787878e-01
 -2.45647371e-01 -1.07350171e+00  1.00933969e+00  1.07252038e+00
 -4.29164678e-01  3.82226914e-01 -3.42212766e-02  6.32764585e-03
  7.39865422e-01  3.31105530e-01 -6.66051954e-02 -1.16073944e-01
 -2.62341887e-01  4.28433120e-02 -4.00852531e-01  1.41275957e-01
 -9.65386927e-01 -2.79744625e-01  3.08860540e-01 -1.53477848e-01
  2.84446985e-01 -4.53707576e-01  3.94372523e-01  1.08914584e-01
 -9.97073874e-02  2.90245742e-01 -6.19374752e-01  3.79822284e-01
 -1.24716699e-01 -3.62564065e-02 -6.95575774e-01  6.29854262e-01
  6.80021524e-01 -6.90756813e-02 -2.16799468e-01  5.42277098e-01
  3.44773203e-01  6.13334835e-01  4.27318476e-02 -9.81976166e-02
  8.67847726e-02 -3.29649568e-01  4.41367328e-01  4.50058460e-01
  6.73288584e-01  3.53333429e-02  1.05393771e-02 -6.36611283e-01
  1.80604786e-01 -4.35551256e-01  2.91910708e-01 -3.82140160e-01
  4.18005466e-01 -4.95882511e-01  2.79781282e-01  1.08730979e-01
  4.24488872e-01  1.69686437e-01  8.88563931e-01  4.11826134e-01
 -3.50971788e-01  1.14503670e+00 -1.69630483e-01 -1.65991068e-01
 -3.80303487e-02 -1.43315792e-01  1.41743310e-02  1.36937514e-01
 -3.12920101e-02  3.23201805e-01 -2.91940302e-01  3.64618272e-01
 -2.24745665e-02  3.83081555e-01  2.65610367e-01  1.13500908e-01
  5.03313422e-01 -5.48441112e-01  1.84115872e-01  1.80992588e-01
 -6.59974873e-01  2.86986232e-01  5.20059884e-01 -4.62960571e-01
  2.47530192e-02 -1.95787966e-01  8.47390354e-01 -1.78217053e-01
 -2.31389135e-01 -8.63113534e-03  6.18851855e-02 -5.65403104e-01
  2.22127661e-01  6.00623310e-01 -1.65242597e-01 -5.08115888e-01]"
ナ,"[-1.36217847e-01  3.79785836e-01 -7.92758390e-02 -5.09535491e-01
 -1.95318786e-03  2.65511032e-02  3.28162432e-01  1.86124414e-01
 -4.10467416e-01 -4.79793012e-01  5.64779341e-01 -1.58841357e-01
 -3.58249873e-01 -1.21736579e-01  8.01063955e-01 -2.62379080e-01
 -1.14656851e-01  5.74271560e-01  7.07754716e-02  2.66021073e-01
 -1.86416194e-01 -6.59682512e-01  3.99309322e-02  2.96137743e-02
  4.26596284e-01 -2.26286814e-01 -5.27459085e-02  2.43042350e-01
 -1.87669918e-01 -3.39602441e-01 -6.15385592e-01 -7.27221608e-01
 -2.41543472e-01 -5.58901489e-01 -3.99754226e-01  3.63775998e-01
  4.19665515e-01  1.36867613e-01 -1.26615241e-01 -3.62567186e-01
 -3.51681143e-01 -3.00753027e-01 -3.07276398e-01 -3.41567010e-01
  1.82689756e-01  7.73475230e-01 -1.72071517e-01  2.98296034e-01
  1.09790802e+00 -5.19320881e-03 -2.24340603e-01  3.36468339e-01
 -9.59923957e-03 -4.88534989e-03  1.07273594e-01 -1.52681500e-01
  6.55446112e-01  3.33327949e-02 -4.53105271e-02  3.10871243e-01
  6.76823854e-02 -1.04677454e-01  4.56239283e-01  2.24224582e-01
 -7.09120929e-01 -3.74676853e-01  4.51853909e-02 -6.66756928e-02
 -3.65355164e-01 -4.55440432e-01 -3.05466056e-01 -1.93880707e-01
  3.06158047e-02 -8.07640776e-02  1.83492303e-02 -4.41437542e-01
  1.64273813e-01 -4.63895202e-02  5.95329642e-01 -7.01336637e-02
 -3.65556823e-03  5.08116007e-01  5.08597158e-02 -1.96027994e-01
  2.67019659e-01  4.62842956e-02 -3.44363570e-01 -9.88484859e-01
  3.15028399e-01 -2.64876187e-01 -1.39831915e-01  5.50535142e-01
 -2.55879790e-01  1.75825730e-01 -5.80384552e-01 -1.28734753e-01
  1.76557988e-01 -1.89133123e-01  6.04552999e-02  2.59222746e-01
 -4.22254391e-02 -7.70054460e-02  7.04882324e-01 -5.76668568e-02
 -1.53928623e-01  3.42632353e-01 -3.43115151e-01  4.49620113e-02
  2.42110752e-02 -7.46607408e-02 -3.88004512e-01 -3.23105186e-01
  1.31809622e-01  5.69591165e-01 -6.86645955e-02  2.54773289e-01
  8.70746672e-02  2.53773272e-01  2.56878912e-01  2.00417340e-01
  4.36134845e-01  8.56271565e-01 -2.30346486e-01 -1.05310023e-01
 -5.41190982e-01  5.03071785e-01 -1.98655307e-01 -3.05972755e-01
 -1.14055686e-01 -5.99570692e-01  4.72426526e-02  2.75245816e-01
 -1.28947541e-01  2.38380015e-01 -5.20284116e-01  7.78640866e-01
 -1.01966277e-01  4.08485919e-01  4.54666317e-02 -4.16279823e-01
  3.09428930e-01  2.98197530e-02  2.51705293e-02  1.33771747e-01
 -3.04233849e-01  3.02716553e-01  1.36913702e-01 -2.07376768e-04
  3.76660138e-01  5.68434715e-01 -1.34753644e-01  7.10936606e-01
 -7.64993131e-01 -1.17561013e-01  1.90661415e-01  3.33658755e-01
 -7.87062764e-01  2.36750439e-01  4.83446121e-01  8.27533305e-01
  8.74495357e-02 -8.20303857e-01  5.06666861e-02 -5.36461994e-02
  3.01194191e-01  1.36812225e-01  1.21609658e-01 -3.14265013e-01
  4.17913049e-01  4.48738635e-01  3.17748487e-01  2.46622518e-01
  2.27483809e-02 -2.00229630e-01  6.43893063e-01  6.77333772e-01
  2.43685111e-01  2.57706285e-01 -1.15250852e-02 -1.76610917e-01
 -2.47992203e-01 -4.40509081e-01  7.68386200e-02 -1.65818632e-01
  9.74546149e-02 -3.75914931e-01 -1.54532149e-01 -3.64104837e-01
  1.88847661e-01 -1.59631923e-01  6.68581054e-02 -2.98287272e-01
  3.53886485e-01 -1.14993319e-01  2.72798166e-03 -5.53391516e-01
 -3.80839705e-02 -4.13825214e-01 -9.75275040e-02  2.52881944e-01
 -4.01181877e-01  5.58508001e-02 -1.11496776e-01 -1.42224833e-01
 -1.08030295e+00 -5.20593338e-02  3.11988711e-01  7.99841583e-01
  4.60781097e-01  4.70659047e-01 -1.18820198e-01 -2.65575480e-02
  6.86475158e-01  1.83247432e-01  2.20387485e-02  1.38242573e-01
 -6.60987377e-01  1.32219061e-01  2.95667499e-01  5.98401092e-02
 -5.83511233e-01  1.12225980e-01  2.05917597e-01  4.03799087e-01
  4.57566790e-02  6.79417625e-02  8.97147134e-02 -1.06335782e-01
  2.76489615e-01  2.20542759e-01 -9.18733925e-02  2.29321420e-02
 -7.94441044e-01 -1.39095321e-01 -1.19558227e+00  4.44883972e-01
 -1.01232916e-01  5.70947587e-01 -7.26514831e-02  8.01285803e-02
  3.90290692e-02 -2.42909957e-02 -7.13287592e-02 -1.06457040e-01
 -5.04622236e-02  5.21994591e-01 -2.17935219e-01 -2.63024211e-01
 -3.88072252e-01  6.34832829e-02 -9.22822654e-02 -6.15083814e-01
  2.72369564e-01 -2.32835665e-01  6.31019831e-01  4.55764443e-01
  4.66444761e-01 -6.27220929e-01 -3.09162855e-01 -3.47595394e-01
 -2.33423427e-01 -5.47605753e-01  1.95025384e-01 -3.92802775e-01
 -2.44636402e-01 -6.13931753e-03  3.07361662e-01 -7.44153321e-01
 -2.54494816e-01 -5.41086376e-01  2.85130084e-01 -7.32665181e-01
 -3.65930125e-02 -2.10548982e-01 -1.57022804e-01 -2.61361718e-01
 -2.50898272e-01  2.97212362e-01 -7.76135921e-01  1.28358558e-01
 -5.88600695e-01  4.96300757e-01 -7.17930615e-01  2.75920719e-01
  2.24471271e-01 -2.24002495e-01 -4.96995419e-01 -1.19362988e-01
  2.06217155e-01  1.59566939e-01  2.91711509e-01 -1.50227964e-01
 -1.06531978e-01 -2.88291186e-01 -2.69295812e-01 -1.27763137e-01
  1.79937214e-01 -2.57913977e-01  1.82493612e-01 -1.06588555e-02
  4.38590735e-01  5.49603939e-01  5.10780990e-01  8.62148404e-02
 -1.89244464e-01 -5.10406494e-01 -8.06207210e-02 -4.01949018e-01
  8.37279558e-01 -1.27503648e-01  6.81416690e-02  8.43417823e-01
 -3.43123525e-01  4.27420944e-01  4.92610663e-01  3.57669204e-01
 -1.83962739e+00  8.63521472e-02  1.83601186e-01 -1.78991839e-01
 -1.02437764e-01  4.95744765e-01  3.24417114e-01  3.79628479e-01
 -2.82256156e-01 -2.42777660e-01  1.53881446e-01  4.30253983e-01
 -2.43113890e-01 -5.06444931e-01  2.94239849e-01 -1.20952807e-01
 -1.11387268e-01 -5.77569306e-01 -2.61537135e-01  3.22505057e-01
  5.52402794e-01 -7.49784410e-02 -4.16341238e-02 -4.51178700e-01
  1.46364989e-02 -4.89417017e-02 -7.73097873e-02 -3.48984972e-02
 -5.18511772e-01 -2.18516905e-02 -5.50190685e-03  4.79943335e-01
  5.31697452e-01  6.18142724e-01  5.17191410e-01 -3.68477814e-02
  4.15738523e-01  4.09637064e-01  2.78648823e-01  2.58205205e-01
 -1.92478687e-01  3.38051021e-02  6.54076815e-01  4.56723630e-01
  1.25677779e-01  2.34822974e-01  2.94249147e-01  5.72276235e-01
  4.93437529e-01  2.86634922e-01  3.06924045e-01  1.74232289e-01
  4.80722755e-01  7.67842352e-01  4.61996824e-01 -1.49397627e-01
 -5.35545051e-01 -2.07195401e-01  4.61773090e-02 -7.19204664e-01
 -2.36712545e-02  1.69839919e-01  4.68096703e-01 -6.63670242e-01
 -3.45444322e-01 -2.95199662e-01  1.76241323e-02 -7.02230990e-01
 -3.58724922e-01 -6.69557035e-01 -6.39351606e-01 -1.93379059e-01
  1.65576994e-01 -4.11117226e-01  5.45201898e-02 -6.07914478e-02
  7.05879748e-01 -6.72730744e-01 -3.99949640e-01  1.13895223e-01
 -6.31103158e-01 -2.93652326e-01 -3.77531469e-01 -1.63616955e-01
 -3.91004562e-01 -1.25441849e-01  3.14322710e-01 -4.70428199e-01
 -7.83000410e-01 -2.88838267e-01 -6.09501421e-01 -3.22668433e-01
  3.07533801e-01  5.02631187e-01  3.61660123e-02  5.98707616e-01
  2.11616114e-01  3.22341442e-01 -3.80458027e-01  7.36585975e-01
 -8.92982781e-01  4.00662065e-01  2.41615936e-01  4.03680295e-01
  6.13344252e-01  5.35341918e-01  4.90175307e-01  8.57306346e-02
  1.54749513e-01 -3.47645255e-03 -1.79560825e-01 -6.78959489e-01
  6.71502113e-01 -4.02425438e-01  5.00388384e-01 -1.75969094e-01
 -2.62269527e-01  4.49397892e-01 -3.34530354e-01 -2.27431476e-01
 -1.88923135e-01  3.93853813e-01  3.31171937e-02  1.88998282e-01
  2.92169690e-01  9.07335699e-01 -1.43206015e-01 -1.83547169e-01
  9.28238034e-02  1.60436437e-01  4.88099992e-01  1.68469951e-01
  5.57058044e-02 -6.00753911e-02  2.54856884e-01  1.46979168e-01
 -1.44283250e-01  2.38408491e-01  2.79301614e-01  4.87950534e-01
  1.73891008e-01  2.02815458e-01  2.59649754e-01 -1.50730982e-01
 -4.01128232e-01 -4.44263101e-01 -7.44524181e-01 -3.40825647e-01
 -5.52254975e-01 -7.67023489e-02  9.34108198e-01 -2.39603773e-01
  2.25190129e-02 -4.28295434e-01 -4.49173182e-01 -3.42966765e-01
 -5.46806157e-01  1.06074482e-01  4.81443912e-01  2.84314156e-01
  9.18398738e-01  1.30967349e-01 -7.45666564e-01  1.76642686e-01
  2.21011579e-01  4.07253027e-01  6.63063765e-01  9.09066014e-03
  3.50896940e-02  1.83811858e-01  1.82680011e-01  4.70659614e-01
 -1.01974562e-01  6.26978725e-02 -9.40832615e-01 -6.52404249e-01
 -3.24350387e-01  3.67973775e-01  3.67124885e-01 -2.21401602e-01
  4.15161073e-01  9.94877517e-02 -4.92430925e-01 -7.80409276e-01
 -2.40423933e-01 -3.42800945e-01  1.29675731e-01 -9.90501523e-01
 -9.37732756e-02  1.18506961e-01 -1.67349026e-01  4.45392698e-01
  2.83873439e-01 -4.39427286e-01  2.52377331e-01  4.21399295e-01
  5.71334600e-01 -7.26973414e-01 -2.95927469e-02  2.91597378e-02
  4.24708948e-02  2.92873144e-01  2.04589441e-01 -1.02795161e-01
 -7.58736432e-02 -1.95115730e-01 -8.25254500e-01 -4.65269268e-01
 -5.27914286e-01 -1.17438126e+00  6.21102273e-01  1.46073565e-01
  1.34798642e-02 -4.54668194e-01  3.69665682e-01 -9.39018354e-02
  1.79259390e-01  3.46551925e-01  2.71567196e-01 -4.09156322e-01
 -9.87835944e-01  1.17123187e-01 -4.00100410e-01 -7.79720724e-01
 -6.15735836e-02  7.60794103e-01 -3.06203067e-01 -1.51217744e-01
  6.68269396e-02 -4.68070358e-02  5.00749517e-03 -3.84405628e-02
 -2.85034955e-01 -7.58327544e-02  7.27977306e-02  1.18851520e-01
  2.82191873e-01  1.08784445e-01 -5.96040972e-02  1.46751404e-01
  2.27181897e-01  8.85928571e-01  2.84479290e-01  1.18054681e-01
 -3.82209152e-01 -2.01807499e-01 -7.07857534e-02  6.98361918e-02
  2.02183425e-01  4.53183949e-01 -6.44808471e-01  1.25333160e-01
  6.75511301e-01 -6.16195202e-01  6.16117045e-02  4.95503813e-01
  6.56136870e-01  2.38089874e-01 -3.15300524e-01 -1.00683272e-02
 -6.44401968e-01  3.05437386e-01  4.04159427e-01  6.76220596e-01
 -1.20024569e-01  9.89443287e-02 -1.09465942e-01 -8.93416941e-01
 -6.44049406e-01  1.70678586e-01  2.32825950e-01  3.58750582e-01
  2.90902436e-01  6.03955314e-02  3.64982843e-01  2.88788140e-01
  3.25582206e-01  2.98508048e-01 -2.11853176e-01 -1.69587851e-01
  9.25581336e-01 -1.00967355e-01  4.19761032e-01 -5.97174942e-01
 -1.12329876e+00 -1.14141829e-01 -1.00131340e-01  2.89266169e-01
  6.18421614e-01 -2.26853136e-02 -2.46456966e-01  5.18426597e-01
  3.93800706e-01  2.33769998e-01 -3.89728211e-02 -7.22244859e-01
 -5.15709594e-02 -8.79537985e-02 -3.18342112e-02  2.17369661e-01
 -9.24059898e-02  3.81692141e-01  4.86069262e-01  4.05491590e-01
  5.01701906e-02  2.69278318e-01  7.19921067e-02 -2.63382852e-01
  3.92926067e-01  2.74747610e-01 -4.12314445e-01 -3.01242560e-01
  2.44315729e-01 -4.21547800e-01  7.09136343e-03  3.57484549e-01
 -2.73204625e-01 -5.03464162e-01 -1.94650888e-01 -3.36996615e-01
  3.47201884e-01  1.80828840e-01 -5.29132307e-01 -3.22091542e-02
 -6.23873733e-02  3.67710628e-02 -1.78253248e-01 -4.06050496e-02
 -3.81089188e-02 -8.67923498e-02 -1.65621966e-01  3.79243270e-02
 -6.91981614e-01  1.61953513e-02 -8.07290912e-01  1.26615137e-01
 -2.16477290e-01 -7.05652595e-01  4.07820255e-01  7.20290840e-02
 -4.22391802e-01 -1.19935584e+00  3.84969234e-01  1.55750945e-01
  5.93656301e-01 -2.86965460e-01  4.22575116e-01 -2.09008619e-01
  3.65491688e-01  2.06109527e-02 -5.05034685e-01  5.86398458e-03
 -1.02386160e+01  2.93695301e-01 -8.07565212e-01 -4.65996787e-02
 -2.19530776e-01  2.15877116e-01  4.06636357e-01  2.02618510e-01
 -1.14357591e-01  7.83499703e-02  4.85066801e-01  6.26463711e-01
  2.03689128e-01  3.30434442e-01 -5.96944213e-01 -2.57458121e-01
  1.55121490e-01 -5.21634400e-01 -4.14517932e-02 -6.80052564e-02
  3.14117461e-01 -5.96499518e-02  7.12457478e-01  4.58022505e-01
 -4.48841117e-02 -2.83873647e-01 -4.76288140e-01  6.18951201e-01
 -3.41623366e-01  3.32348108e-01 -5.62076449e-01  2.32299924e-01
  3.24432969e-01  5.09893335e-02 -3.02852899e-01 -2.84949720e-01
 -8.83074999e-02  1.36656255e-01  1.83941081e-01  1.22880384e-01
 -4.62945290e-02  4.57452267e-01  5.45233749e-02  6.43202439e-02
  2.69053727e-01  3.59110266e-01  4.33827117e-02  3.14644277e-01
  5.46511352e-01 -2.06803922e-02 -1.34080142e-01 -2.38514975e-01
  1.48372516e-01 -1.07856549e-01  3.60755771e-01 -3.13270502e-02
  7.97114253e-01 -2.66944528e-01 -3.02110076e-01  3.60109583e-02
  4.78554875e-01 -1.68002859e-01  6.27351522e-01  3.93252403e-01
  3.06651354e-01  3.53701234e-01  5.44516444e-01  3.99895757e-01
 -2.98449010e-01 -3.67829949e-01  2.15354741e-01  2.46415168e-01
 -1.14773951e-01 -3.16884935e-01 -3.18966627e-01  6.03009045e-01
  6.61231354e-02 -2.57588595e-01 -2.31780112e-02  9.41014364e-02
  2.65585244e-01 -5.33725787e-03 -4.46496755e-01  5.85658699e-02
 -9.59826112e-01 -6.34158403e-02 -3.14684808e-02  4.64487463e-01
  1.35348931e-01 -6.52033329e-01  4.94852304e-01 -1.96370915e-01
  1.20603964e-01  5.20343333e-02 -7.96077028e-02  9.75164324e-02
  2.76541382e-01  1.29650429e-01  6.51039779e-01  3.14553797e-01]"
イ,"[ 2.50548184e-01  4.48937267e-01  1.49297416e-01 -5.58641434e-01
 -1.36049360e-03  9.18458104e-02  3.72122318e-01 -2.34025866e-02
  8.32772255e-02 -4.97295290e-01  9.22433853e-01  7.10767582e-02
 -3.67893755e-01 -5.82557209e-02  4.59260195e-01  4.77102995e-02
  3.02615255e-01 -9.85034108e-02 -3.38973910e-01 -3.08446378e-01
 -4.29474026e-01 -4.62878853e-01  3.21236649e-03  1.25402525e-01
  4.18089509e-01 -4.00412738e-01 -9.11752507e-02  2.27680996e-01
 -1.43591851e-01 -1.56664610e-01 -3.75716507e-01 -3.74419689e-01
 -1.87974006e-01 -2.18470380e-01 -2.78684914e-01  8.27848911e-01
  1.41053796e-01 -2.76184261e-01  4.95626181e-02 -3.05525046e-02
 -2.75077790e-01 -1.03702962e-01  1.34631038e-01 -2.77510285e-01
 -3.40850383e-01  5.33725679e-01  8.50845575e-02  2.99998224e-01
  3.01730722e-01 -2.98516285e-02 -4.11128640e-01  4.12371367e-01
  2.30536029e-01 -5.54429591e-02 -2.61237088e-04 -1.30602717e-01
 -1.06849350e-01 -1.77051768e-01  1.52675107e-01 -1.06077278e-02
 -8.04195479e-02 -2.17927918e-01  1.38151884e-01 -6.45262748e-02
 -4.89816844e-01 -2.55414426e-01  1.58404615e-02  8.91135074e-03
 -1.77109227e-01 -5.93673766e-01 -3.99504185e-01  2.75213420e-01
  1.36441067e-01 -4.09847617e-01  4.42099303e-01 -3.25954139e-01
  3.14410836e-01 -1.61171347e-01 -1.37885913e-01 -1.05943531e-01
 -2.27227271e-01  4.18201625e-01 -1.32867172e-01 -6.18982315e-01
  1.17178842e-01  5.95237687e-03  1.06585197e-01 -4.83482927e-01
  3.78091365e-01 -5.38670719e-01 -3.54409844e-01  2.72403359e-01
  5.72565138e-01  3.44812155e-01 -2.85803229e-01  7.02245161e-02
  1.58337325e-01 -2.32174933e-01 -2.50325263e-01 -1.26444459e-01
  5.01085997e-01 -3.91440392e-01  1.21531844e-01 -1.62783220e-01
 -1.63571373e-01  1.28945395e-01 -4.89772826e-01  5.72921038e-01
 -3.15574333e-02 -1.19167745e-01 -2.01856926e-01 -2.57736564e-01
 -3.56377959e-01  4.04012829e-01 -2.66229004e-01 -1.14951387e-01
 -1.68238834e-01  3.99795383e-01 -2.98424929e-01  1.94822043e-01
  2.34678298e-01  2.92861432e-01  6.76141456e-02  1.55305445e-01
 -9.61431861e-02  5.45691550e-01 -2.27928966e-01 -5.58218956e-02
  6.11917041e-02 -2.34988824e-01  2.70687819e-01  7.24034384e-02
 -3.39391261e-01 -1.39200687e-01 -5.78420401e-01  2.52620310e-01
 -1.55659407e-01  5.99726513e-02 -8.23525488e-02 -5.83877563e-01
  4.79102395e-02 -2.66819984e-01  2.30884418e-01  1.89756200e-01
  4.72326167e-02  3.04461829e-02  4.09246147e-01 -2.07717076e-01
  4.46753055e-01  1.35313988e-01 -5.19040711e-02  7.83359170e-01
 -3.72239619e-01 -2.98980087e-01 -2.79809713e-01  4.24865223e-02
 -3.43452454e-01  4.00078408e-02  6.53272718e-02  4.72722799e-01
  2.74603307e-01 -6.96615577e-01  7.82220960e-02  4.43041563e-01
  2.62496650e-01  7.81520724e-01  1.20959178e-01 -9.58712175e-02
 -2.41772830e-02  5.50421357e-01  2.61897832e-01  4.25607026e-01
  1.25510529e-01 -5.66315174e-01  2.34457389e-01  5.65372288e-01
  1.36234045e-01  1.51190206e-01  2.92226672e-01 -4.61350918e-01
  1.08596943e-01 -4.49336797e-01 -2.26929694e-01 -4.77954000e-01
  5.77559650e-01 -1.59313872e-01 -1.40749946e-01  4.92161028e-02
  4.04408202e-02  6.45688677e-04 -5.78388631e-01  3.01188584e-02
  5.47215581e-01 -4.30748194e-01 -4.94826287e-02 -1.22020781e-01
 -5.79941235e-02 -3.47213954e-01 -1.85375482e-01  5.23390710e-01
 -8.71587992e-02  2.89862871e-01 -2.70354658e-01 -2.00902432e-01
 -1.12464201e+00 -2.22978801e-01  2.93578357e-01  4.99000549e-01
  2.64169604e-01  1.19105786e-01 -4.83888686e-01  2.27860138e-01
  4.43124741e-01  4.85236853e-01  2.13789027e-02  5.02767190e-02
 -2.78068930e-01  1.79585114e-01  3.59902501e-01 -5.64133942e-01
  4.23757136e-02 -1.10955477e-01  7.74233863e-02  3.42142850e-01
 -2.29771048e-01 -1.03759691e-01 -2.96202395e-02  6.09361641e-02
 -1.47232220e-01  7.78218448e-01  2.73346543e-01 -9.64207575e-02
 -5.74971795e-01 -4.45089012e-01 -9.19788301e-01  2.41214693e-01
 -1.61082417e-01  2.24556953e-01  3.09266180e-01  2.97025204e-01
  2.58245766e-01 -2.68003106e-01 -1.42835811e-01 -2.70083547e-01
 -2.40813389e-01  3.36348623e-01  1.93774030e-01 -1.58180520e-01
 -5.90977848e-01  3.31599921e-01 -5.10832071e-01 -2.68380016e-01
  6.35851324e-01 -1.43599451e-01  5.74423790e-01  1.40938282e-01
  4.89772707e-01 -8.53540748e-02 -1.87461779e-01 -9.55950767e-02
  4.36156765e-02 -4.13839400e-01 -1.06972173e-01 -2.34485179e-01
  1.09996134e-02  1.04650222e-01  5.84264323e-02 -6.36326253e-01
 -7.37071559e-02 -3.16342860e-01  1.02464452e-01 -5.68891943e-01
 -7.04476461e-02  2.30291873e-01 -3.56901407e-01  2.50668466e-01
 -1.04109794e-01  3.35607588e-01 -2.99138874e-01 -8.98166895e-02
 -1.03467691e+00  4.62022066e-01 -7.32673287e-01  3.54275584e-01
  1.19880915e-01 -1.02041975e-01 -6.54364452e-02 -1.25603393e-01
 -1.99910551e-01  5.11823535e-01  1.64882660e-01 -2.88099885e-01
 -5.12577772e-01 -3.31790335e-02 -1.48431510e-01  8.92459005e-02
  1.57078892e-01 -2.20352858e-01  7.79311778e-03  1.18221991e-01
  5.48335910e-01  1.16938703e-01  1.51461095e-01 -1.68676421e-01
 -3.16606641e-01 -8.21139872e-01 -1.74249917e-01  1.65940970e-01
  6.09729469e-01 -3.89872491e-01 -1.51548386e-01  1.06592011e+00
 -1.71224177e-01 -2.75369376e-01  2.07378134e-01  4.92522776e-01
 -1.40063012e+00  1.89765319e-01  5.88225245e-01  8.27125367e-03
  5.32373041e-02  3.26102495e-01  3.05587888e-01  3.56416821e-01
 -5.22400737e-01 -3.92370522e-02  3.14461082e-01  3.73597950e-01
 -3.61708365e-03 -3.67071837e-01  3.96332085e-01 -7.00402111e-02
  7.45707527e-02 -6.12056315e-01 -3.19102615e-01  4.11913991e-01
 -8.74440968e-02  8.74632224e-02 -1.70665272e-02 -3.10056239e-01
  6.94663972e-02 -2.88684756e-01  2.69203126e-01 -3.25777143e-01
 -2.06082761e-01 -2.72670299e-01  2.63510078e-01  4.49198842e-01
  6.61635160e-01  5.16491294e-01  3.55158955e-01  2.68697768e-01
  4.47348505e-01  3.80298793e-01  4.60312426e-01  3.10991406e-01
 -1.06315635e-01  1.95352584e-02  5.47567546e-01  3.21961701e-01
  2.60394633e-01 -2.76618730e-02 -2.40978584e-01  6.40438259e-01
 -3.42877991e-02  4.84192222e-01  4.39171344e-01  6.22052073e-01
  3.92522663e-01  2.46110246e-01  4.16232944e-01 -1.99239522e-01
 -1.42119557e-01 -3.44763428e-01  2.17241168e-01 -2.86960572e-01
 -1.59542978e-01 -1.53736860e-01  2.50040978e-01 -1.45809427e-01
 -5.12594461e-01  1.40727222e-01 -4.43835914e-01 -1.36881182e-02
  1.92942649e-01 -2.21435457e-01 -5.87340951e-01 -4.13562387e-01
 -4.07140642e-01 -5.99370241e-01  4.87648457e-01  2.24278212e-01
  1.67591110e-01 -5.40347576e-01  1.19901717e-01  1.17969602e-01
  1.69764191e-01 -1.75971016e-01  1.14829168e-02 -1.52550280e-01
  2.82090437e-02 -1.22996107e-01  9.48477630e-03 -6.52793765e-01
 -4.27664936e-01 -5.18693566e-01 -8.45184565e-01 -1.18298441e-01
  1.16165116e-01  3.92276138e-01 -3.25253829e-02  1.95514411e-01
  1.77094415e-01  2.15909585e-01 -2.99488634e-01 -1.85980365e-01
 -8.11992049e-01 -1.56768765e-02  2.14666843e-01  2.32266650e-01
  2.32969046e-01  1.96242005e-01  1.09963231e-01 -4.82075438e-02
 -2.86134541e-01 -1.21539105e-02 -2.40013272e-01 -2.71101832e-01
  9.78989422e-01 -2.60523081e-01  4.55204725e-01 -1.96337432e-01
  1.22119568e-01  3.16756964e-01 -1.55484170e-01 -1.12817459e-01
 -9.07303840e-02  4.70662534e-01 -1.36885494e-01 -1.00792803e-01
  5.52294701e-02  4.65402246e-01 -3.23762983e-01  1.65308639e-01
 -6.53367415e-02  1.07103758e-01  2.05337912e-01 -7.62300417e-02
 -1.51009575e-01 -2.40501344e-01  1.47733510e-01  2.34147370e-01
  2.86229432e-01  2.51718760e-01  2.90646464e-01  6.03635311e-01
  4.65304367e-02  2.98180014e-01  2.58697182e-01  7.23807216e-01
 -2.89932221e-01 -2.15029269e-01 -4.93934572e-01 -8.92949179e-02
 -4.69449073e-01 -1.57416940e-01  5.62630594e-01 -2.20334351e-01
  2.11852729e-01 -1.33978590e-01 -6.52937293e-01 -6.51318654e-02
  5.19523630e-03  6.90673441e-02  7.03841001e-02  3.64892095e-01
  4.39906210e-01 -1.26997204e-02 -6.32700920e-01  5.94457984e-01
 -3.08315009e-01  5.14515579e-01  3.45945537e-01 -5.75061738e-01
 -2.74261087e-01 -7.64722601e-02  7.89083093e-02  5.09687886e-02
  2.43710428e-01  5.64227998e-01 -3.49140644e-01 -1.05415034e+00
 -1.87589705e-01  2.53937304e-01 -1.90228805e-01 -4.17483807e-01
  2.18119115e-01  1.22731857e-01 -9.40392911e-01 -6.61184728e-01
 -3.90708268e-01 -2.36801296e-01 -7.50048086e-02 -9.41760957e-01
  2.10737124e-01  9.18762311e-02 -6.85869977e-02  4.35755491e-01
  6.55624503e-03  5.23173697e-02  2.63327897e-01  4.12435800e-01
  3.27125221e-01 -5.27841270e-01 -8.82996395e-02  1.80286646e-01
 -1.07608419e-02  7.57314712e-02  4.33559537e-01  2.23505148e-03
  1.34608984e-01 -3.60789821e-02 -6.57026768e-01 -1.32698357e-01
 -3.95163506e-01 -8.62202346e-01  3.90648544e-01 -4.85257804e-02
  2.44066179e-01 -4.38990742e-01  3.58604819e-01 -2.36322448e-01
  4.19668891e-02  1.43683150e-01  1.25273690e-02  7.06452206e-02
 -6.10257745e-01  3.14744920e-01 -4.90727723e-01 -4.11903232e-01
  8.03740144e-01  6.32723987e-01 -2.77031273e-01  2.62137149e-02
  3.44409823e-01  4.50162590e-02 -3.13975930e-01  4.23781313e-02
 -2.82185283e-02 -5.54161631e-02 -1.43077955e-01  2.06894383e-01
  3.07502449e-01  2.10439786e-02 -2.29835853e-01 -2.39742830e-01
  5.74667513e-01  4.28124398e-01  2.77385592e-01 -1.01543844e-01
 -8.49071965e-02 -2.14944541e-01 -3.83535475e-01  1.77746221e-01
  1.37170434e-01  6.50477767e-01 -1.97822720e-01  9.01136279e-01
 -1.24171965e-01 -3.45695406e-01  2.91801929e-01  6.94676459e-01
 -1.00216694e-01  2.65137017e-01  1.18587442e-01  1.11891091e-01
 -8.89651358e-01  1.92576736e-01 -2.56352037e-01  2.20070198e-01
  1.24248847e-01  4.35625374e-01  4.67876673e-01 -6.21459007e-01
 -2.60323167e-01 -1.67298496e-01  1.88351333e-01  6.08341210e-02
  5.43614805e-01 -2.58542933e-02  9.34903026e-02  2.46212676e-01
 -1.92727745e-01 -2.98794582e-02  1.24369562e-01  7.80878812e-02
  8.33908319e-01  2.22439915e-01  8.71190205e-02 -2.11816251e-01
 -8.10535669e-01  3.45863700e-01 -6.89836740e-02  1.86973158e-02
  4.62515622e-01 -2.82231331e-01  1.24969304e-01  3.07149708e-01
  6.09694600e-01  1.46806642e-01 -2.99306214e-01 -7.93890119e-01
  1.00233920e-01 -2.04421189e-02 -9.92076397e-02  2.56079793e-01
 -4.15349118e-02  3.64851028e-01  2.03915536e-01 -1.63459256e-01
  3.52919996e-02  5.44714212e-01 -1.73364803e-01  3.65872378e-03
  3.04246575e-01  1.87192932e-01 -4.30703133e-01  9.28122667e-04
 -2.07629338e-01 -4.05075431e-01 -4.26637322e-01 -2.03930631e-01
 -2.27074519e-01 -5.35288043e-02 -1.84056550e-01 -7.97881931e-02
  2.25498512e-01  1.30450606e-01 -1.00639246e-01 -3.92300665e-01
 -3.50677848e-01  5.15872836e-01 -7.76475906e-01 -1.35777131e-01
 -1.23755664e-01  7.65950009e-02 -1.07487820e-01 -1.10861044e-02
 -3.66661578e-01 -1.66465893e-01 -1.05065398e-01  1.48900092e-01
  3.98935229e-02 -4.16027158e-01  2.04854488e-01  2.29957908e-01
 -1.17511697e-01 -7.88458526e-01  1.99353009e-01 -9.32439640e-02
  6.56968772e-01 -1.90095633e-01  2.81826943e-01 -2.75059789e-01
  2.35864297e-01 -3.13181818e-01 -1.30200773e-01  3.28198932e-02
 -1.05836725e+01 -4.90938015e-02 -4.45158988e-01 -1.26329452e-01
 -4.17215824e-01  4.06702816e-01  6.91445172e-01  2.89368570e-01
 -4.18654144e-01  3.56551111e-02  3.73300225e-01  3.36038560e-01
  2.67772228e-01  3.57701659e-01 -6.44478917e-01 -2.05714375e-01
  1.31649956e-01 -8.91802087e-02 -1.39646545e-01 -2.16188714e-01
  2.65375733e-01 -1.75341463e-03  2.89542437e-01  6.34695351e-01
  7.94324726e-02 -5.25712609e-01 -4.68636990e-01  2.96326786e-01
  3.42756063e-02  2.95155644e-01 -3.47007871e-01  1.42052948e-01
  4.79567125e-02  3.19089413e-01 -3.11677724e-01 -2.71849841e-01
 -1.24731869e-01  3.27666491e-01  1.14261262e-01  1.91989005e-01
  2.59902000e-01  6.57625675e-01  2.85983682e-01  8.54373276e-02
  2.72264183e-01  4.46437061e-01  5.17217338e-01  2.94055164e-01
  6.83405817e-01 -4.87478226e-02  2.03231443e-02  3.26814830e-01
 -1.70927256e-01 -1.00325570e-01  3.27387571e-01  4.90538143e-02
  7.69046783e-01 -6.56353056e-01 -4.45701927e-01  7.36973062e-02
 -4.54915389e-02  7.13259354e-02  9.17894423e-01  5.18121719e-01
  3.08233760e-02 -7.76502043e-02  3.12881738e-01  4.84794885e-01
 -5.00979424e-01 -2.22961918e-01 -3.55613269e-02  2.15073958e-01
  1.17330384e-02 -7.69709051e-02 -5.12711585e-01  2.75899589e-01
 -4.08498105e-03 -2.58596897e-01  3.27946901e-01  2.06794024e-01
  1.48800939e-01  2.20320001e-01  1.59264449e-02  1.42602280e-01
 -5.16741991e-01  1.08714618e-01 -2.09900662e-01  1.72531307e-01
  8.48772973e-02 -4.64440048e-01 -7.00366572e-02 -2.24854469e-01
 -3.09130512e-02  7.70375192e-01  4.16402221e-01 -3.29809636e-02
 -9.87273157e-02  1.02551058e-01  5.01251996e-01  2.52322238e-02]"
