Mora,Embedding
ヨ,"[ 3.76123607e-01  5.58127701e-01  5.02387881e-01 -4.19084877e-01
 -2.37189770e-01  2.63941109e-01  6.22690380e-01 -5.25488891e-02
 -6.85710013e-02 -2.77831405e-01  6.02482915e-01 -3.19439232e-01
 -5.27547598e-01  2.91336089e-01  2.92683512e-01  3.38352844e-02
 -1.41562611e-01 -7.33345225e-02  1.60451028e-02  1.53554544e-01
 -9.61992681e-01 -2.22095385e-01 -1.30666688e-01  4.35382307e-01
  1.68916106e-01 -4.80403572e-01 -1.43346727e-01 -1.45335570e-02
  1.92061245e-01 -3.70755166e-01 -3.62604290e-01  4.01687384e-01
 -4.06456999e-02 -2.04421729e-01 -3.86594862e-01  3.59148562e-01
 -1.68750271e-01 -3.54464233e-01  5.21917820e-01 -4.02718574e-01
 -2.10502788e-01 -2.69450128e-01  1.14207724e-02 -1.65716514e-01
 -2.77513891e-01  3.81438255e-01  2.56860316e-01  2.67217048e-02
  2.94598900e-02  1.08157575e-01 -8.93486589e-02  1.32327899e-01
  3.01018924e-01 -2.28276283e-01  1.82867646e-01 -1.68045938e-01
  1.24809921e-01 -5.58091462e-01 -5.69105672e-04  3.83068584e-02
 -2.61879057e-01 -4.85844463e-01  3.48019958e-01  1.58204492e-02
 -9.45382193e-02 -1.67546690e-01 -2.22960860e-02 -1.27003178e-01
  4.73280668e-01 -5.27735770e-01  3.16733360e-01 -4.49543074e-02
 -2.10503731e-02 -3.74282777e-01  4.10635740e-01 -3.16499919e-01
  4.65788811e-01  1.32368654e-01  4.57253039e-01  2.62281597e-01
 -5.74039109e-03  2.06352323e-01  2.64677078e-01 -4.87059116e-01
 -1.08920738e-01 -1.08710965e-02 -3.44181716e-01 -5.97275972e-01
  4.21410173e-01 -9.87535492e-02  1.55905247e-01 -1.97323281e-02
  4.86331850e-01  2.90858179e-01  1.17778100e-01  5.40035367e-01
  2.29073569e-01 -2.34328404e-01 -2.28810072e-01  1.19239606e-01
  2.40891382e-01 -1.05881542e-01  5.54737508e-01 -3.06681931e-01
 -2.47584611e-01  2.15197369e-01 -7.52173722e-01  5.41862667e-01
  1.13314427e-01  5.63225858e-02 -2.41214827e-01 -4.83138680e-01
 -5.51125586e-01 -4.61577922e-01  4.59133297e-01  4.16004620e-02
 -2.10959464e-03  4.59391296e-01 -4.81735587e-01  3.50096673e-01
  2.28335842e-01  4.94771272e-01 -4.68469143e-01 -3.66325945e-01
  4.89499867e-02  5.00472665e-01  3.58897865e-01  2.28808329e-01
 -4.26733643e-02 -4.14143875e-02 -1.16191685e-01 -1.62242725e-02
 -8.75480920e-02  1.47849560e-01  3.98390815e-02  7.08949208e-01
  3.35592598e-01 -9.15078670e-02  1.06434062e-01 -5.67572236e-01
 -2.37157643e-01 -2.61251569e-01  3.69944543e-01 -3.38529795e-01
  8.81510898e-02  1.16398908e-01 -7.43121207e-02 -4.87046510e-01
  4.60929304e-01  1.85444430e-02  2.16143411e-02  1.00498521e+00
 -4.20260876e-01  1.93953395e-01  1.48878768e-01  4.48364258e-01
 -9.04630601e-01 -9.04704724e-03  9.88406390e-02 -4.87338901e-02
  2.58388549e-01 -4.93442357e-01  7.56338090e-02  7.77541161e-01
  1.25781566e-01  3.21601510e-01  3.45175952e-01 -2.16167405e-01
 -3.76197770e-02  4.84921455e-01  3.52592617e-01  5.57852745e-01
  3.64456236e-01 -3.43533576e-01 -3.22412550e-01  1.98187739e-01
  4.56917673e-01  4.31032807e-01  2.99483389e-02 -1.08026735e-01
  2.51073718e-01 -1.04500717e-02  2.85470724e-01 -6.08836830e-01
  4.83035177e-01 -1.75916642e-01  3.27230036e-01 -1.33651450e-01
 -2.29494661e-01 -1.79581508e-01 -2.65111744e-01 -3.09851110e-01
  2.14079186e-01 -4.29880410e-01 -1.87353745e-01 -6.79706573e-01
  3.18825960e-01  2.23419189e-01 -7.29823172e-01  4.96248662e-01
  5.42895854e-01 -1.13015115e-01 -1.10106252e-01 -9.31256711e-01
 -1.01596713e+00 -5.89784265e-01 -9.01478827e-02  4.38914835e-01
  3.51131499e-01  4.69472110e-01 -3.29515725e-01 -5.04175760e-02
  5.69976211e-01  3.24884415e-01  1.81530386e-01 -3.07547376e-02
 -3.16355079e-01 -2.44260103e-01  3.84279862e-02 -4.49709982e-01
  1.96308568e-02 -8.70598778e-02  5.20591974e-01  1.59027144e-01
  2.09660158e-02  6.38818920e-01  4.54602763e-02 -7.32677802e-02
 -2.99626648e-01  6.67063713e-01 -5.27067780e-01 -8.73652399e-01
 -3.74255717e-01 -1.66882709e-01 -3.33550543e-01 -5.60181625e-02
 -2.27894485e-01  1.08797856e-01 -2.48800248e-01  2.60280579e-01
 -7.66454414e-02 -3.63631219e-01  4.10016328e-01 -4.44434673e-01
  8.69618654e-02  3.29715848e-01 -8.11166689e-02  2.81258821e-01
 -1.78129271e-01  4.37347777e-02 -5.39284706e-01 -4.32556957e-01
 -2.05296859e-01 -4.57599193e-01  5.29358268e-01  4.04846013e-01
  3.39745522e-01 -3.15350741e-01  1.88066989e-01 -3.40537578e-01
 -3.04192811e-01 -4.91447151e-01 -4.47556525e-01 -2.48774111e-01
  1.10320129e-01  1.84408262e-01 -2.07916364e-01 -5.58888018e-01
 -5.08582890e-01 -8.60936642e-01  2.73104012e-01 -5.34818292e-01
  2.11077929e-01  3.21259610e-02 -9.44452509e-02  9.86703560e-02
 -4.73058105e-01  2.53675938e-01 -3.52047294e-01  2.44915709e-02
 -6.16986930e-01  2.15932399e-01 -5.43361127e-01  3.74430381e-02
  1.32085979e-01  2.09413216e-01 -2.32072130e-01 -1.45656824e-01
 -4.62190866e-01  6.13223612e-01  1.89530775e-01 -4.67592746e-01
 -5.06873608e-01  3.59303318e-02 -9.36826706e-01  1.44040689e-01
  6.21699691e-01 -1.54900439e-02  5.80278337e-01 -1.34216130e-01
  4.40178812e-01  4.70188320e-01  5.84952980e-02 -3.23952347e-01
 -2.86226049e-02 -6.56955004e-01  1.98778421e-01  2.87123257e-03
  4.83624727e-01 -2.26733357e-01  1.05275057e-01  8.06576133e-01
 -1.65569127e-01  1.21622846e-01  1.51700303e-01  5.01645446e-01
 -2.01033831e+00  1.07708815e-02  2.65508205e-01  2.24765986e-01
 -1.63057148e-01 -1.70233458e-01  7.00292826e-01  4.88029271e-01
 -5.38781226e-01 -4.93416727e-01  8.66748095e-01 -2.19004393e-01
 -1.03013165e-01 -1.37609899e-01  3.95988941e-01 -1.84391066e-01
  1.94543414e-02 -4.47420061e-01  1.14841662e-01  3.73593003e-01
 -1.85624734e-01  6.52813837e-02  1.16828695e-01 -3.63541275e-01
 -1.73966870e-01  1.07084818e-01 -4.03333634e-01 -2.59388149e-01
 -4.57769603e-01 -3.28328460e-01  1.17382094e-01  9.76281762e-01
  5.80533922e-01  4.64916378e-01 -7.54816651e-01 -3.47861052e-01
 -2.01463848e-02  2.72240669e-01  1.86939865e-01  3.53159430e-03
 -3.66815217e-02 -2.30995238e-01  3.32155645e-01 -9.94343683e-03
  3.42954516e-01 -6.07266486e-01 -3.81619215e-01  3.58544499e-01
 -1.75407678e-01  5.45424484e-02  6.29116237e-01  2.26415053e-01
  3.40126380e-02  5.86714625e-01  5.88414431e-01  2.90572315e-01
  9.59544070e-03 -4.25020188e-01  1.95517112e-02 -1.32806063e-01
  5.20020723e-02 -3.63370895e-01 -1.43203184e-01  4.93222594e-01
  9.02457833e-02  1.14908241e-01  7.55191734e-03 -4.17974323e-01
  2.47008815e-01 -4.93202835e-01 -1.33889422e-01 -8.46770480e-02
  3.22977781e-01 -4.54431176e-01  2.87125707e-01  1.61736786e-01
  4.53014374e-01 -6.61116421e-01 -3.09663624e-01  8.22263807e-02
  1.01828314e-02  2.34760910e-01  4.17708606e-02  3.13706279e-01
 -1.47655353e-01 -4.27997947e-01 -1.95743531e-01 -7.58407652e-01
 -4.39249635e-01 -4.04916883e-01 -6.98071063e-01 -4.59249876e-02
 -2.24016346e-02  3.41646552e-01 -3.14539850e-01  9.57275331e-02
 -1.53979436e-01  1.88611299e-01 -3.10131282e-01 -4.37580109e-01
 -5.02686687e-02  6.75007582e-01  3.81738722e-01  6.72120929e-01
  1.88597947e-01  8.25444907e-02  4.60392416e-01  3.00441474e-01
 -2.06760034e-01 -1.60568714e-01 -5.30133188e-01 -4.52001363e-01
  6.26433313e-01 -2.75243409e-02 -5.46793006e-02 -1.19618684e-01
  1.32504329e-01  5.79099298e-01 -4.77223307e-01 -7.47968435e-01
  3.37963253e-01  5.31304598e-01 -1.83914393e-01  2.52430290e-01
  2.33127043e-01  4.99959469e-01  2.35980493e-04 -5.78771047e-02
 -8.65561739e-02  3.89413029e-01  5.13037518e-02 -3.45640481e-01
 -4.28915098e-02  7.73789659e-02  6.11553073e-01  5.11209786e-01
  3.81627791e-02  4.90644813e-01  2.36655667e-01  3.92058939e-01
 -5.82278371e-01  2.09018737e-01  3.02609771e-01  1.93195567e-01
 -3.53252411e-01  1.39111117e-01 -1.90275297e-01 -3.02688509e-01
 -3.97372916e-02 -1.41669258e-01  6.44728303e-01  1.37172714e-01
  2.06242308e-01 -3.60868156e-01 -7.18996644e-01 -2.39995971e-01
 -4.07428920e-01 -3.30754042e-01 -6.60566911e-02  2.71971375e-01
  4.58128214e-01  1.18239939e-01 -8.78857613e-01  5.59360027e-01
 -8.37336555e-02  1.50209874e-01  2.55705953e-01 -2.49164119e-01
 -1.68512881e-01 -1.33666292e-01 -3.61298360e-02 -6.07807755e-01
  4.93094444e-01  2.43985932e-02 -3.06938797e-01 -5.30711412e-01
  1.33644313e-01 -1.41461585e-02  3.70425254e-01 -5.82208037e-01
  5.07016242e-01  2.09625527e-01 -7.91704059e-01 -1.05910539e-03
 -1.39470324e-01 -2.03956559e-01 -1.18096925e-01 -3.70093912e-01
  1.12086974e-01 -8.92886743e-02  7.98018351e-02  7.28433251e-01
  3.42446804e-01 -1.04682893e-01 -1.02917269e-01  6.31265342e-01
  4.01709050e-01 -2.03112558e-01 -2.31964603e-01 -2.27258354e-01
 -4.84871000e-01 -3.04903984e-01 -1.64748728e-01  6.84426874e-02
  2.04016149e-01 -3.57604057e-01 -4.98151332e-01 -6.29877925e-01
  2.93831304e-02 -1.04446244e+00  6.37473345e-01 -3.28029364e-01
  2.96338379e-01 -7.22725093e-01  9.65472087e-02 -2.32929081e-01
 -7.10023716e-02  8.46583545e-02  3.19337070e-01 -1.20400973e-01
 -8.73341918e-01 -6.17882283e-03 -4.26665787e-03 -6.01482868e-01
  7.32196748e-01  1.82781234e-01 -5.02851963e-01  1.89972535e-01
  3.95702869e-01  4.28749472e-01 -7.72369504e-02  2.77349561e-01
 -5.08094192e-01  1.80752560e-01 -9.31542646e-03 -2.13523969e-01
  2.32608169e-01  9.68848616e-02 -7.78021887e-02 -1.93880290e-01
  7.50949681e-01  4.45944846e-01  8.10620368e-01  4.53378528e-01
 -3.91265094e-01  2.29769964e-02 -4.29074019e-01  1.58395559e-01
 -8.05262774e-02  7.78834224e-01 -1.05924398e-01  7.47776866e-01
  3.19085807e-01 -7.06327915e-01  3.78322244e-01  1.15310466e+00
 -2.43985698e-01  5.21706283e-01 -1.21252067e-01  2.08300054e-02
 -6.50496542e-01  7.28494897e-02  2.16630295e-01  1.16782859e-01
 -1.79422274e-01  7.41716921e-02 -3.50896925e-01 -3.32324564e-01
  1.46734193e-01  3.33259143e-02 -5.14929742e-02  2.89450526e-01
  2.81549037e-01 -2.59059966e-01  9.00873601e-01  7.94625282e-01
 -2.12559283e-01 -4.57698032e-02  6.50607795e-02  5.16819179e-01
  5.63714325e-01 -2.67907202e-01  3.50062549e-01 -2.40627378e-01
 -7.54866421e-01  4.07133996e-01  2.87774891e-01  2.26894230e-01
  8.40395272e-01 -4.81142789e-01 -5.57891168e-02  7.07441866e-01
  4.90463376e-01  3.12488963e-04 -2.58009702e-01 -6.50021434e-01
  2.50065953e-01  4.73876260e-02 -9.66321006e-02  3.59020770e-01
  4.91607338e-02  2.93560654e-01 -4.83907722e-02 -1.41897425e-01
  1.55973181e-01  8.09610069e-01 -2.05154687e-01  1.15851328e-01
  8.40430781e-02 -8.37096721e-02 -6.07960820e-02  1.38527915e-01
  2.89888650e-01 -9.52045619e-02 -4.35509831e-01  4.37401146e-01
 -3.81699860e-01  7.32257143e-02 -4.90226746e-01  4.04262930e-01
  1.20122887e-01 -1.57380365e-02  2.57669479e-01 -3.86039257e-01
  2.52763093e-01 -3.58595014e-01 -8.54103446e-01  2.48863921e-01
  3.43773693e-01  3.62590641e-01  3.06223124e-01  5.18469587e-02
 -4.73802298e-01 -5.84358752e-01  5.99474311e-02  3.29288810e-01
 -2.08962381e-01 -6.02897346e-01  7.59888709e-01 -1.35054156e-01
 -2.29221612e-01 -1.31561792e+00  1.23514272e-01  3.36628914e-01
  3.15149426e-01 -1.88331053e-01  6.84522688e-01  4.64595594e-02
  4.82913032e-02 -1.77420124e-01 -4.45265383e-01  1.85755596e-01
 -1.03416920e+01 -1.17195779e-02 -4.32380229e-01 -2.78401703e-01
 -4.97852474e-01 -1.24644689e-01  6.70163810e-01  6.44555151e-01
 -5.51097021e-02  3.89560372e-01  9.25578270e-03  1.36777982e-01
  2.64278710e-01  1.69216186e-01 -1.09164659e-02 -1.01056024e-01
 -3.04400861e-01  1.38152868e-01 -6.39832020e-02 -3.09739262e-01
 -1.03834242e-01 -1.02720656e-01  4.41978961e-01  2.27691174e-01
  1.54794291e-01 -5.04932404e-01  4.35314238e-01  5.59800029e-01
 -1.14235513e-01  3.21497053e-01 -9.94959891e-01  1.67441219e-01
  2.73501277e-02  1.47140115e-01 -2.54922211e-01 -1.12846509e-01
 -1.33519903e-01  1.11832276e-01 -1.57464549e-01  6.04668915e-01
  2.06864640e-01  2.89664656e-01  1.21711873e-01  1.61289304e-01
  2.29845211e-01  8.82808194e-02  5.06726950e-02  2.46109784e-01
  4.98167843e-01  1.87578909e-02 -4.53949332e-01  1.16397507e-01
  8.67422149e-02 -1.76403567e-01  1.69339329e-01  1.07374899e-01
  5.12797952e-01 -8.89742374e-01 -1.65830970e-01  8.63249078e-02
  1.35007277e-01  1.90046251e-01  5.00331044e-01  5.18415987e-01
 -2.76835471e-01  8.39332640e-01  2.05704048e-01  2.88850218e-01
 -1.04201019e+00  3.46679300e-01  1.34575605e-01  5.55355847e-01
 -1.86475575e-01  1.63550988e-01 -1.17836982e-01  6.28222704e-01
  1.71266589e-02 -1.65493861e-01  3.35186869e-01  5.61884325e-03
  2.74050415e-01 -2.29368225e-01  1.95667937e-01  1.18526965e-01
 -6.13697052e-01  1.52291238e-01  1.67156368e-01 -7.96797425e-02
  2.43238881e-01 -7.36133099e-01  4.66196150e-01 -2.53040314e-01
 -5.52847743e-01  6.03863418e-01  2.62625724e-01 -4.65934187e-01
 -3.36689949e-01  1.86360180e-02  2.03590482e-01 -3.35190713e-01]"
フ,"[ 7.82647550e-01  5.25917411e-01  1.30208886e+00 -3.08349848e-01
  2.12421298e-01  8.31846118e-01  5.09613454e-01  3.76419425e-01
 -9.01432931e-01 -5.63749075e-01  4.13691878e-01 -7.01193094e-01
 -2.95583636e-01  3.47710401e-01  2.74811149e-01  2.73348927e-01
 -3.14747930e-01 -3.07599485e-01  2.14062095e-01 -1.05566442e+00
 -1.68436706e+00 -6.00017130e-01 -4.54872221e-01  7.45620370e-01
  1.93564624e-01 -9.04433846e-01 -3.99377942e-02 -3.06529939e-01
  3.32067877e-01 -4.79370236e-01 -6.47513032e-01  2.99863487e-01
 -2.04831287e-01  2.48792037e-01 -7.03609228e-01  3.75649333e-01
 -5.23770034e-01 -5.79116642e-01  4.59319204e-01  4.35822047e-02
 -1.24784343e-01 -4.10947472e-01  3.52863520e-02  4.47593838e-01
 -2.28891909e-01  4.46135998e-01  8.41410272e-03  3.60631526e-01
  4.21722978e-02 -3.79455566e-01 -8.03179443e-01  5.98859489e-01
  5.25773704e-01  4.15566325e-01  2.42164657e-01 -1.17814112e-02
  7.35914886e-01 -7.01969922e-01  2.43315741e-01  5.86080372e-01
 -7.90153563e-01 -3.74113023e-01  5.64501345e-01 -8.77593011e-02
 -1.02911972e-01  3.65419507e-01 -3.01722795e-01 -4.39783037e-01
  7.34266222e-01 -1.01545915e-01  1.93434149e-01  3.04078907e-01
 -1.30567893e-01 -1.05014837e+00  7.23466992e-01 -3.06914151e-01
 -5.59362359e-02  8.14135969e-01  3.47547978e-01  1.16925292e-01
 -1.95765108e-01  4.91143107e-01  5.68294048e-01 -1.94267750e-01
 -4.74248260e-01 -2.92376410e-02 -5.25469661e-01 -1.04090118e+00
  7.49848306e-01 -8.27324912e-02  1.00664392e-01 -3.59692812e-01
  1.58191510e-02 -1.38005957e-01  6.64549351e-01  4.15148288e-01
 -3.05054523e-03 -2.80613840e-01 -3.90187562e-01  6.02873676e-02
 -3.06217760e-01  1.63814053e-01  3.20496738e-01 -5.31065203e-02
 -3.50250065e-01 -1.43982127e-01 -3.32299203e-01  2.78855026e-01
  3.77189964e-01  4.89404947e-01 -6.11553490e-01 -7.62937069e-01
 -2.65266418e-01 -4.73008096e-01  4.86597598e-01 -3.82624045e-02
 -3.93780142e-01  3.75756770e-02  5.67347966e-02  3.26442629e-01
  9.69640911e-03  5.39633155e-01  1.58000886e-01 -6.77504778e-01
  3.86275910e-02 -6.03411682e-02  7.53792286e-01 -1.78754419e-01
 -6.00111723e-01  5.77094816e-02 -4.29245710e-01 -1.01733065e+00
 -1.63769573e-01  2.00555101e-03 -2.79669017e-01  7.68581033e-01
  1.96971789e-01 -2.81340003e-01 -5.58883771e-02  4.81328517e-02
 -6.11000121e-01  1.57626033e-01  5.38281739e-01 -8.71837318e-01
  3.33581562e-03  3.88865054e-01 -7.27371454e-01  2.03920640e-02
  2.86573499e-01  1.33916870e-01  6.15801439e-02  1.57815647e+00
 -7.01809883e-01  1.98264286e-01  1.62270084e-01  3.90638649e-01
 -6.51776671e-01 -8.84410813e-02  6.51547685e-02  1.70063674e-01
  4.54091191e-01 -1.01943612e-01  2.89283633e-01  4.66449320e-01
 -5.93703091e-02  8.79369825e-02  6.23777628e-01 -2.35121757e-01
 -3.87005538e-01  3.16160589e-01  5.06709337e-01  6.64134681e-01
  3.00256401e-01  4.16216135e-01 -3.30784559e-01  3.69539529e-01
  1.18171763e+00  3.82842481e-01 -2.79423267e-01 -6.68540180e-01
 -1.39313906e-01  2.24739667e-02  4.02513772e-01 -5.96123338e-01
  9.27061379e-01 -9.58791301e-02  2.17003152e-02 -3.79576057e-01
 -4.39115047e-01  4.82353121e-01 -3.18075120e-01 -1.56537786e-01
  5.23457110e-01 -3.43480468e-01 -5.78572690e-01 -1.80210188e-01
  8.66729736e-01  3.60177487e-01 -5.11703849e-01  2.46784866e-01
  1.03565529e-02  3.24565709e-01 -5.54741360e-02 -7.31342852e-01
 -8.63351941e-01  1.38213262e-01  2.96723306e-01  3.60331684e-01
  2.66837329e-01  7.36216068e-01 -3.45761746e-01 -2.27996320e-01
  5.57525575e-01  7.35202758e-03  5.64224362e-01  3.12273741e-01
 -5.55185437e-01 -3.19980741e-01 -1.09665945e-01  3.40611219e-01
  4.13384765e-01 -7.42934823e-01  9.65041518e-02  4.52797972e-02
  2.45937765e-01  8.75594616e-01 -1.19197428e-01 -2.42388397e-01
 -4.14965540e-01 -1.83113828e-01 -1.61120355e+00 -7.48286903e-01
 -7.81039417e-01 -1.94545358e-01 -3.63337874e-01 -5.55990398e-01
 -3.12035292e-01 -1.69833302e-01 -1.05484533e+00  4.51220751e-01
 -3.41326773e-01 -4.72518146e-01  5.25271714e-01 -3.33267033e-01
 -1.45078912e-01  2.72296190e-01 -2.69689322e-01 -2.71205038e-01
 -2.67325819e-01 -1.68802559e-01 -3.45682800e-01  4.61778939e-02
 -2.78889418e-01 -7.82595053e-02  9.09902334e-01  7.65965939e-01
  8.24813664e-01 -5.93795717e-01  2.70438612e-01 -7.05629528e-01
 -1.70206234e-01 -1.99136332e-01 -8.74573067e-02  4.67531532e-01
 -1.29725859e-01  9.21973437e-02 -2.85319149e-01 -5.01835465e-01
 -1.32753387e-01 -7.17441320e-01  3.15306664e-01 -2.85966814e-01
  2.21679091e-01 -3.14525634e-01  2.00291276e-01  6.47503018e-01
 -4.85193402e-01  6.03637397e-01  7.81825855e-02  1.19231150e-01
 -7.29739293e-02  3.89627844e-01 -6.47833526e-01 -5.57009913e-02
 -4.68339086e-01  2.02988729e-01 -6.89609587e-01 -1.56571627e-01
 -6.22638881e-01  1.06590903e+00  4.69919473e-01 -6.70174599e-01
  1.61680475e-01 -1.01886757e-01 -6.51634693e-01  7.24902675e-02
  1.06340373e+00 -4.81708907e-02  5.07693827e-01  1.76863298e-01
  1.11637963e-02  3.17154229e-01  1.05577040e+00 -3.76553357e-01
  3.21000189e-01 -1.27280923e-02  5.94699681e-01  8.35534558e-02
 -1.91299558e-01 -8.43067989e-02  3.51381242e-01  6.48470879e-01
 -3.42365652e-01  7.75106549e-01  7.82606065e-01  8.60111356e-01
 -1.65384138e+00 -5.60502708e-01  4.47244525e-01  2.06942573e-01
 -7.57783413e-01 -3.49187404e-01  3.40590298e-01  2.77040303e-01
 -5.02242386e-01 -7.94109225e-01  1.41403389e+00  4.98766005e-02
  2.08683982e-01  3.63987163e-02  1.88692361e-01 -1.11031048e-01
 -3.60130608e-01 -1.12408829e+00  5.79652131e-01  3.87356013e-01
 -7.95459867e-01  2.00630147e-02  1.39887869e-01 -2.52302825e-01
 -5.48057795e-01  5.79018295e-01 -1.01518631e+00  2.15661302e-01
 -7.13244557e-01 -1.41519114e-01  5.80285549e-01  1.01964450e+00
  7.87522018e-01  3.35296363e-01 -1.33867955e+00 -3.95884991e-01
 -4.64708060e-01 -5.51258147e-01 -3.68074626e-01 -2.89611042e-01
 -5.86372055e-02 -4.85617459e-01  3.59065861e-01 -2.03989476e-01
  3.19382042e-01 -4.66966063e-01  1.84358098e-02 -1.17764577e-01
 -7.51829743e-01  2.17194811e-01  4.98323023e-01 -1.21766530e-01
  3.02167505e-01  3.97454649e-01  8.73189807e-01  4.86418575e-01
 -1.47506103e-01 -8.21750760e-01 -4.15377289e-01 -7.17481852e-01
 -1.88540682e-01 -4.71468329e-01 -5.40361106e-01  8.72439623e-01
 -6.35207340e-04 -3.62211853e-01 -2.05666453e-01 -9.95925963e-01
  6.53732181e-01 -2.55873770e-01 -4.66859102e-01 -5.66553548e-02
  1.70031525e-02 -3.28914702e-01  7.08534956e-01  1.28941527e-02
  7.04864323e-01 -4.43582982e-01 -8.13341975e-01  1.12423912e-01
  3.96507755e-02 -2.63977855e-01 -1.46456614e-01  7.61071742e-02
 -1.33130148e-01 -1.81857683e-02 -3.39247912e-01 -5.73343217e-01
 -4.14599389e-01  2.88230866e-01 -6.08850181e-01 -9.06104147e-02
 -1.52483240e-01  6.97809756e-01 -2.26354331e-01  1.55598328e-01
  4.98451181e-02  5.96865177e-01 -6.97800636e-01 -4.87546891e-01
 -6.56886725e-03  8.43118504e-02  2.02044323e-01  2.06645131e-01
  4.42749113e-01  1.44969016e-01  3.98659706e-01  1.59820527e-01
  4.30325896e-01  1.50802344e-01 -5.40567458e-01 -3.22427094e-01
  6.21984422e-01 -2.15380952e-01  1.02795482e-01  3.13167959e-01
 -4.95007336e-02  4.14121062e-01 -2.43007839e-01 -1.13359225e+00
  5.52682877e-01  9.35630500e-02 -1.70994759e-01  7.19465137e-01
  8.00606847e-01  3.39845896e-01  3.50449800e-01  2.76076257e-01
 -2.42712386e-02  2.78523583e-02 -3.48795623e-01 -3.79682630e-01
  5.32269657e-01 -6.66004699e-03  6.83804512e-01  8.62019122e-01
  2.15399951e-01  5.26101351e-01  4.66692746e-01  5.13240814e-01
 -7.97293186e-01 -4.25045453e-02  1.19311996e-01 -4.42487270e-01
 -3.89292121e-01  9.43137109e-01 -5.37301004e-01  1.40377805e-01
 -9.62409601e-02 -2.76737869e-01  1.23733783e+00  3.06611061e-01
  6.16704583e-01 -1.15459180e+00 -5.08632064e-01 -9.02416706e-01
 -1.16800499e+00  2.13716894e-01 -6.36904895e-01  2.09286492e-02
  3.65663379e-01 -3.00349444e-01 -5.02281070e-01  4.09797400e-01
  6.45879626e-01  5.96021675e-02 -2.25404516e-01 -2.97485203e-01
 -4.05407518e-01  4.94538099e-02 -6.48215055e-01 -2.73283094e-01
  3.17872465e-01 -5.39429896e-02 -2.89714366e-01 -4.14691389e-01
  3.14884573e-01 -1.20146506e-01  7.00893283e-01 -2.47429326e-01
  1.03932969e-01  8.91305208e-02 -5.52187622e-01  5.21543026e-02
 -1.70706600e-01  1.37383267e-01 -6.73377633e-01  2.77359128e-01
 -1.02622703e-01 -3.35127592e-01 -1.46926776e-01  6.38033569e-01
  6.10380352e-01 -6.89893484e-01 -3.36894900e-01  3.70931476e-01
  1.59607306e-01 -2.26615220e-01  2.43816748e-01 -6.97083175e-01
 -5.01698911e-01 -3.41538906e-01  1.11199372e-01 -1.55766206e-02
  1.43861040e-01  3.09151441e-01 -1.08954763e+00 -7.68035650e-01
  6.43837094e-01 -1.38792276e+00  2.77736723e-01 -7.27885514e-02
  7.27701783e-01 -1.08867919e+00 -5.95618449e-02 -1.70104325e-01
 -1.64844006e-01 -3.16530496e-01  2.49177963e-01  1.80337980e-01
 -1.04563236e+00 -4.03307676e-01  3.63963604e-01 -8.29517961e-01
  1.67252862e+00  8.32167938e-02 -8.31673741e-01  3.97058129e-01
  5.50849199e-01  6.57026947e-01 -2.09646925e-01  6.33909032e-02
 -3.37766588e-01  1.10040694e-01  3.34869444e-01 -2.18474403e-01
  5.02188325e-01  1.71818405e-01 -1.33710459e-01 -1.80999190e-01
  3.94617528e-01  3.53572994e-01  3.58871698e-01  5.83962142e-01
 -3.26499939e-01  3.35221514e-02 -4.11523253e-01  2.17437997e-01
 -6.74751848e-02  2.34942034e-01 -4.63930994e-01  7.39022493e-01
  1.85013235e-01 -2.15560272e-01  2.49356732e-01  1.16218233e+00
  4.12730649e-02  9.49841797e-01  9.35586616e-02  2.36268148e-01
 -5.33513308e-01  4.20653492e-01  6.77196741e-01  1.67118043e-01
  7.00884163e-02  2.54230171e-01 -2.47839391e-01 -5.79863414e-02
  7.09711015e-01 -5.82409501e-01 -3.60090882e-02  3.53170335e-01
  3.22864391e-02 -2.96020389e-01  6.82790756e-01  4.07968700e-01
 -1.78888366e-01 -1.72180623e-01 -9.47501436e-02  1.08485448e+00
  9.26844954e-01  1.47440165e-01  9.45097208e-01 -7.09666729e-01
 -3.59796733e-01  1.36256427e-01 -2.47442365e-01 -2.60311872e-01
  3.11763376e-01 -2.20792860e-01 -8.63722742e-01  6.91807508e-01
  6.39093995e-01  4.34571542e-02 -1.29994214e-01 -7.24925101e-01
  2.89378852e-01 -1.67659983e-01 -3.07060570e-01  2.06952721e-01
  2.21372291e-01  6.77560747e-01  2.32271492e-01 -3.65689360e-02
  1.25641316e-01  8.04988444e-01  2.53866129e-02 -1.40548557e-01
  1.78979188e-01 -3.75238508e-02  4.76011723e-01  2.03800470e-01
  7.21946537e-01  2.19666451e-01 -1.18965879e-01  7.66073704e-01
 -2.63091683e-01 -1.71911418e-01 -2.65062511e-01  8.61074150e-01
  3.75340104e-01 -7.87468791e-01  1.90886483e-01 -1.85985342e-01
  1.32765591e-01 -3.18561375e-01 -8.11702728e-01 -2.00231493e-01
  1.60125226e-01 -4.23499137e-01 -2.64557183e-01  2.83981919e-01
 -3.87500584e-01 -1.95529550e-01 -2.38287300e-01  3.39453638e-01
 -1.17828834e+00 -2.70878464e-01  6.08580232e-01  1.08951919e-01
 -4.94533986e-01 -1.60599089e+00  4.11206633e-01  7.20181286e-01
  1.60185650e-01  1.57779574e-01  4.77547348e-01 -9.90123525e-02
 -5.26445031e-01  7.39465132e-02 -5.46195984e-01 -2.56094247e-01
 -9.25653744e+00  4.01836902e-01 -1.64053157e-01 -6.55582607e-01
 -2.39472106e-01 -3.47618222e-01  9.82560873e-01  1.10607791e+00
 -3.42825651e-01  6.24939620e-01 -7.08633214e-02  9.89143550e-02
  4.06998575e-01  6.51035516e-04  8.99028033e-02  1.49146020e-01
  6.48775846e-02  4.12713997e-02 -1.64781004e-01  1.31873667e-01
 -7.60875344e-01 -4.36492890e-01  6.29807651e-01  1.12572923e-01
  2.87511319e-01 -2.35936731e-01  1.51090130e-01  7.92638600e-01
  6.61192358e-01  5.90873122e-01 -8.57350707e-01  6.14852905e-01
 -7.63439834e-01  5.06893992e-01 -3.98905903e-01  2.96875507e-01
  7.40435064e-01  3.40602428e-01 -5.18068075e-01  4.91527766e-01
  5.32348812e-01  3.73053223e-01  4.88676019e-02 -2.28323847e-01
 -2.64637411e-01 -8.41872334e-01  4.30218935e-01  7.89315179e-02
  9.75777745e-01 -1.45805582e-01 -6.18143618e-01  1.92748025e-01
  1.86329857e-01 -6.91390157e-01  3.57598871e-01 -1.90877125e-01
  2.85256207e-01 -1.04374230e+00  3.64740342e-01 -1.32046798e-02
 -4.36468683e-02 -8.27958733e-02  5.22545993e-01  7.40824759e-01
  1.81303754e-01  8.13947678e-01 -1.33367151e-01  1.46204337e-01
 -1.01795745e+00  6.88395500e-02  2.01275110e-01  4.17577833e-01
  1.95419192e-01  3.05780590e-01  2.36955956e-01  3.95616591e-01
 -8.40825662e-02  2.88647592e-01  4.74342287e-01 -2.23226458e-01
  6.44110262e-01 -5.34417808e-01  1.75139606e-01  4.00959432e-01
 -6.76573634e-01  1.13503136e-01  2.19728470e-01 -8.71298254e-01
  3.33032191e-01 -7.56392777e-01  3.60424697e-01 -3.42170596e-01
 -4.85507190e-01  5.57083964e-01  2.93882817e-01 -4.86824155e-01
 -5.74239418e-02  5.44822104e-02  2.94287384e-01 -4.14492786e-01]"
カ,"[ 3.58623505e-01 -2.46663745e-02  7.75448501e-01 -8.84407759e-01
  2.05631573e-02  3.39202523e-01 -1.35529384e-01 -5.29141799e-02
 -4.17153358e-01  3.07938814e-01  7.79973149e-01 -1.58491731e-01
  2.73954391e-01 -6.79569840e-01  6.54694617e-01 -5.09500563e-01
  2.79152691e-01 -1.55786097e-01  7.91591853e-02 -4.01464760e-01
 -8.99065256e-01 -9.26213205e-01 -1.83110192e-01  1.54470608e-01
 -9.02618244e-02  1.37811098e-02  1.21721886e-02  2.65641689e-01
 -1.97515488e-01  1.73800450e-03 -1.44873202e-01 -5.53951979e-01
 -1.02262542e-01  5.79993427e-02 -1.09505653e+00 -1.95033997e-01
  1.50330216e-01 -1.41734228e-01 -9.51748267e-02 -5.36378443e-01
  3.32558602e-01  3.11147776e-02 -6.13094509e-01 -1.33484438e-01
 -1.43150702e-01  5.45336604e-01 -2.29549840e-01  3.67545485e-01
 -1.44952787e-02 -7.86912739e-02 -4.05287087e-01  1.60253420e-01
  1.48657605e-01  1.46855205e-01  1.35043159e-01 -3.60164315e-01
  1.21215262e-01 -8.88408124e-01 -3.86912338e-02  8.90291296e-03
 -4.12297577e-01  1.84104204e-01  2.63562113e-01  3.95972162e-01
 -2.63143957e-01  4.52321544e-02  9.61821601e-02 -4.72497046e-02
  7.39715621e-02 -6.48744583e-01 -3.36413719e-02  1.64206326e-01
  1.29086927e-01 -4.54291046e-01  7.61634171e-01 -2.88086832e-01
  1.88634962e-01 -1.51704654e-01  3.14154088e-01 -4.34453413e-02
 -4.34984684e-01  1.72228113e-01 -1.45956039e-01 -3.82179230e-01
 -2.66938031e-01  1.74713507e-01 -4.73184168e-01 -8.13936889e-01
  8.41606438e-01 -1.63370445e-01  3.98811787e-01  3.35717320e-01
  1.42418474e-01  2.34820977e-01 -3.75823498e-01  1.53101116e-01
  1.80200025e-01 -5.68276718e-02 -3.80255103e-01  6.07531250e-01
 -1.82700142e-01  5.76381758e-02 -3.03319804e-02 -2.17319041e-01
  3.21460456e-01 -3.65903884e-01 -3.78341734e-01  1.67370379e-01
  3.26045692e-01 -1.77744448e-01 -4.28996652e-01 -3.37885380e-01
 -5.36792994e-01  3.36251765e-01  3.13205421e-01 -3.23720835e-02
 -2.09487334e-01  2.36570567e-01  3.92595269e-02  4.16601747e-01
  2.06613198e-01  5.64181983e-01 -1.32583544e-01  9.94166546e-03
 -9.32277665e-02  4.95230347e-01  9.01037604e-02 -6.32624030e-01
  1.58358559e-01 -2.86766887e-01 -1.73558444e-02  1.07340008e-01
 -4.51720394e-02 -1.58379287e-01 -3.47066075e-01  1.00911450e+00
 -1.72081903e-01  4.28343192e-02 -1.08846836e-01 -5.53245187e-01
 -3.17088962e-02  1.57655567e-01  2.14766219e-01 -2.54550487e-01
  1.04970887e-01  2.99687594e-01  1.89547196e-01 -7.63222635e-01
  1.11502409e-02  1.36825204e-01 -1.47052079e-01  1.06679690e+00
 -7.71152258e-01  2.61684030e-01 -2.60864586e-01 -4.06512246e-02
 -5.02321661e-01  8.80809948e-02  5.01655638e-01  4.69206512e-01
  1.57339752e-01 -5.43632388e-01  5.91759145e-01  5.71602881e-01
  4.12188023e-01  3.37212831e-01  8.57105330e-02 -2.18367904e-01
 -1.45391166e-01  2.89241046e-01 -2.56868720e-01  1.15889378e-01
  1.48382783e-01 -4.54930305e-01  1.39046222e-01  4.08452988e-01
  2.68079937e-01 -1.32260621e-01  4.45829958e-01 -9.17394400e-01
  1.21634929e-02 -1.29310846e-01 -2.40721285e-01 -6.55108631e-01
  5.75766742e-01 -1.57064945e-01 -2.02726319e-01 -2.56978065e-01
  3.70329581e-02 -5.15710235e-01  9.59524959e-02  4.32647280e-02
  6.84190571e-01 -1.56286225e-01 -1.19201258e-01 -4.01351511e-01
  1.61897153e-01 -1.43419474e-01  4.97052148e-02  5.62051535e-01
  1.37465179e-01  1.46439686e-01  6.39640493e-03 -1.10575020e+00
 -5.28054357e-01  1.39588684e-01  7.02512980e-01  6.46990657e-01
  3.36560547e-01  3.55961710e-01 -3.14682722e-01 -2.04505265e-01
  2.06223518e-01  3.48682970e-01  5.52944124e-01 -1.65666640e-02
 -7.39449561e-01 -3.70001137e-01  3.48041385e-01 -1.95296228e-01
  3.64514917e-01 -3.96472722e-01  1.47909656e-01 -1.23007759e-01
 -1.66088358e-01  3.02128971e-01  2.42732868e-01 -4.32539165e-01
 -1.25467569e-01  7.21932948e-01 -5.37491798e-01 -3.94340783e-01
 -6.42009258e-01  1.48062214e-01 -3.87935340e-01  1.26514211e-01
 -3.87917072e-01  2.45502919e-01 -5.14781237e-01  1.67034715e-01
  2.13678837e-01 -9.73865539e-02  1.90267146e-01 -3.02353382e-01
 -1.98651329e-01  2.05969542e-01 -4.91631292e-02  1.52407825e-01
 -3.03271323e-01 -6.56548962e-02 -5.80709100e-01 -4.50180680e-01
  1.67043418e-01 -3.80928963e-01  6.60770416e-01  1.63124174e-01
  1.35975048e-01 -7.01999813e-02  3.47878784e-01 -6.32830441e-01
 -1.44762829e-01 -4.55075115e-01  2.43626311e-01 -1.20690782e-02
  3.93141806e-01  2.13240936e-01  8.69434029e-02 -4.91389245e-01
 -4.09337163e-01 -4.92964417e-01  2.15222612e-01 -2.12857053e-01
 -2.55736828e-01 -1.29893035e-01 -2.42748056e-02  4.75189276e-02
 -2.41011977e-01  3.78963977e-01 -6.74059987e-01  3.41774493e-01
 -1.21557496e-01  5.53519130e-01 -4.47248578e-01 -1.68598294e-01
  3.95195127e-01 -4.91952971e-02 -4.26788419e-01 -4.14090097e-01
 -2.03364879e-01  2.09795654e-01  3.88204962e-01 -6.76829159e-01
 -2.19864860e-01  3.54496539e-01 -4.50361013e-01 -2.10239254e-02
  5.21236181e-01  2.84831040e-02  8.04966912e-02  2.86666632e-01
 -8.99264291e-02  1.58280760e-01  5.97535729e-01 -5.80159724e-01
 -2.41445109e-01 -5.60136199e-01 -2.93470304e-02 -3.48329276e-01
  5.56526780e-01  2.30383947e-02  1.48194492e-01  7.26094961e-01
 -4.63306069e-01 -9.25065577e-02  9.19669688e-01  5.36000967e-01
 -1.65137398e+00  2.89298415e-01  6.97310388e-01 -1.96222365e-01
 -2.48253286e-01  5.48110120e-02  1.19285556e-02 -1.02505405e-02
 -2.15799615e-01 -7.55335927e-01  8.92776191e-01  2.45091185e-01
 -2.06558183e-01 -2.45091453e-01  4.92400676e-01  7.27382153e-02
  5.52626327e-02 -4.77321327e-01 -2.58106768e-01  3.70079964e-01
  2.18699321e-01 -1.69243783e-01 -2.95927197e-01 -1.56339571e-01
 -5.49375415e-01  1.43275663e-01 -2.39141226e-01  2.10572466e-01
 -4.81670737e-01  3.63241844e-02  3.82827461e-01  1.13138402e+00
  3.20399702e-01  5.80115676e-01 -3.88420105e-01 -7.16237649e-02
  8.46663177e-01  4.57819790e-01  4.99442339e-01  3.78467560e-01
 -2.81308055e-01 -2.93053031e-01  6.19681478e-01 -5.02775423e-02
 -3.03343028e-01  3.20499182e-01 -1.04893170e-01  2.07846895e-01
 -1.03425182e-01  6.94383830e-02  1.11082636e-01 -1.49621904e-01
  1.32135212e-01  7.33817935e-01  6.12316489e-01  1.74469128e-01
 -9.40590948e-02 -4.33509260e-01  5.79937808e-02 -1.72508448e-01
  2.55798876e-01  4.38544452e-01 -2.90040284e-01 -2.99348027e-01
 -1.93711147e-01 -2.49136806e-01 -2.32577637e-01 -3.40362430e-01
 -4.00767982e-01 -9.23901081e-01 -1.06636667e+00  5.14844134e-02
  3.64310034e-02 -7.81357527e-01  2.97342867e-01  1.25311241e-01
  6.62686706e-01 -4.19278175e-01 -5.31334817e-01  1.36208460e-01
 -4.69912589e-01  4.40434292e-02 -1.70939550e-01  4.09764461e-02
 -2.54860371e-01  2.88720042e-01 -5.70760727e-01 -2.33660102e-01
 -3.97560418e-01 -2.70689547e-01 -4.77144927e-01  8.33981112e-02
  1.56268239e-01  7.86443114e-01  3.29351239e-02  2.74410903e-01
 -8.30293223e-02  1.66195571e-01 -1.35205150e-01 -1.19310774e-01
 -6.01310849e-01  3.27095807e-01  6.02727771e-01  7.36267149e-01
  2.22532064e-01  4.85335290e-01 -1.07432296e-02 -1.67816505e-01
  2.71096110e-01 -2.33207718e-01 -2.86459357e-01 -2.64937460e-01
  5.48817039e-01 -4.61884618e-01  2.98371047e-01 -3.07025105e-01
 -2.51187943e-02  8.15504372e-01 -2.75913030e-01 -6.44754231e-01
  1.93344522e-02  4.44431394e-01  2.74196744e-01  2.01898515e-01
  2.21787766e-01  1.11262667e+00 -1.61107406e-01  6.74714327e-01
  2.07938656e-01 -3.06594729e-01  1.53259989e-02 -2.52609968e-01
  1.08531192e-02  1.80814713e-01  5.40342867e-01  8.98994684e-01
  2.68079460e-01  3.87798011e-01  4.22550350e-01  3.94640565e-02
 -3.09843242e-01 -4.48453352e-02  5.02027273e-01  8.76635760e-02
 -5.82270384e-01  6.71888217e-02 -4.89350617e-01 -3.11073989e-01
 -3.76003265e-01 -1.52919888e-01  2.54867524e-01 -1.87409982e-01
  4.83119279e-01 -4.07314867e-01 -6.55646503e-01 -4.32575643e-01
 -7.92497277e-01  1.22521192e-01 -1.23758957e-01  2.85037518e-01
  5.57697177e-01  5.66789687e-01  1.51675284e-01  7.97831640e-02
  3.05660993e-01  7.30963707e-01  2.39923492e-01 -1.62907496e-01
 -1.68818742e-01  3.58493179e-01  1.53902203e-01  4.34617549e-01
  2.28625417e-01  6.95969686e-02 -3.13285530e-01 -5.33015549e-01
 -3.97986710e-01  1.47943035e-01  1.00019462e-02 -3.02755665e-02
  3.52582216e-01  2.73273457e-02 -1.54553518e-01 -5.19303083e-01
 -2.44539768e-01 -3.31824273e-01 -1.69063598e-01 -7.04006612e-01
 -1.21840023e-01 -5.30770898e-01  1.14736691e-01  4.09819782e-01
  4.93195772e-01 -5.63853145e-01  1.66293547e-01  3.00701708e-01
  1.20490536e-01 -1.54460818e-02  1.16325922e-01 -7.11223111e-02
 -2.87986457e-01 -6.43923953e-02  9.23106298e-02 -8.17050263e-02
  6.59828961e-01  1.59188434e-01 -5.55954158e-01 -2.43936986e-01
  1.15936778e-01 -9.04175043e-01  4.33933824e-01 -1.37775674e-01
  1.39560133e-01 -6.94661975e-01  1.77638426e-01  5.66961803e-02
  2.87550706e-02 -2.34372467e-01  1.43907323e-01  1.38518408e-01
 -7.58113921e-01  3.10334802e-01 -1.81319714e-01 -3.84622782e-01
  7.97916114e-01  5.46773851e-01 -1.85301051e-01  2.61838198e-01
  5.00708103e-01  6.13263138e-02 -4.15486455e-01  3.24717611e-01
 -1.60925969e-01  1.05415650e-01  3.04943383e-01 -1.88915536e-01
  5.68400979e-01  1.68301255e-01  1.19882308e-01  1.03814043e-01
  3.48907083e-01  6.84636235e-01  4.38413203e-01  2.53433138e-01
 -1.55607834e-01 -4.70798522e-01 -7.94094026e-01  3.76302749e-02
  2.78303146e-01  5.75215876e-01 -3.88453275e-01  5.00085056e-01
  6.70906901e-01 -2.61370316e-02  3.63673955e-01  9.21187937e-01
  1.95423767e-01  4.20796484e-01 -4.99180734e-01  6.07120134e-02
 -9.31693137e-01  4.19819355e-01  3.13179880e-01 -9.41114202e-02
 -1.07177213e-01  1.38800368e-01 -5.11286616e-01 -4.66663241e-01
  1.72097191e-01 -1.05628192e-01 -1.70082480e-01 -2.41322935e-01
  6.42610252e-01 -1.10959895e-01  9.40922022e-01  3.93224031e-01
  1.11649428e-02 -4.84756917e-01  1.63169324e-01 -1.47922978e-01
  6.43826902e-01  5.49303964e-02  4.04966950e-01 -2.15639636e-01
 -1.03778875e+00 -4.04413819e-01  2.61354953e-01  2.08905756e-01
  2.86806047e-01 -5.07086396e-01 -3.62063153e-03  4.51601774e-01
  5.59650540e-01  2.33726546e-01 -1.10181369e-01 -4.99156475e-01
  6.02733493e-02 -1.41714185e-01 -2.06763536e-01  3.99964780e-01
  8.63533318e-02  3.39435160e-01  3.76995921e-01 -1.77013367e-01
  8.54547098e-02  4.84107405e-01  1.96362540e-01 -1.33794844e-01
  6.52293503e-01  5.57423271e-02 -1.15380608e-01  6.89100772e-02
  2.01813541e-02 -2.67379105e-01  1.12823248e-02  6.30568624e-01
 -9.38891470e-02 -1.80415940e-02 -5.15584350e-01  3.14987510e-01
 -3.19119431e-02  1.47030190e-01 -4.01001453e-01 -4.66903061e-01
  2.83106536e-01  2.52689123e-01 -3.53933305e-01  2.24920940e-02
 -2.45350897e-01 -2.29598999e-01 -3.57043922e-01 -3.35031182e-01
 -5.43241918e-01 -1.94483936e-01 -3.95304978e-01  4.29940641e-01
 -7.70074725e-01 -5.16545594e-01  4.46759880e-01 -1.45376548e-01
 -1.55776113e-01 -1.12323403e+00  6.05643272e-01 -4.00147796e-01
  6.36294961e-01 -1.85506940e-01 -9.61032361e-02  1.83214974e-02
 -3.13865632e-01 -3.22945774e-01 -5.74643850e-01  4.83222187e-01
 -1.02312622e+01 -1.53170988e-01 -2.06183270e-01 -6.94933414e-01
 -3.92779797e-01 -1.07496738e-01  1.08158612e+00  1.50632700e-02
 -5.57699800e-01  1.20039679e-01 -2.45275140e-01  1.35550335e-01
  5.34533679e-01  3.76105100e-01 -7.03593642e-02 -3.01707648e-02
 -1.40226766e-01 -5.82136810e-01 -3.43775511e-01 -1.21521324e-01
 -7.73715600e-02 -1.95056483e-01  6.71905637e-01 -4.01544832e-02
  7.59009197e-02 -3.98200870e-01 -1.59837261e-01  2.66551733e-01
  1.22852407e-01  4.76531118e-01 -2.14640051e-01  8.28400373e-01
 -1.77804306e-01  6.64553940e-02 -1.84410334e-01 -2.97167152e-02
 -2.54587047e-02  4.63637054e-01 -1.10334717e-01  4.90783155e-01
  3.83713841e-01  3.58788252e-01  1.40073374e-01  4.72070165e-02
  3.78129005e-01  4.28333610e-01  1.36748672e-01  3.20807397e-01
  7.62167990e-01 -7.51866400e-02  4.96974945e-01 -7.55950093e-01
  3.25058818e-01  6.83932751e-02 -4.67355758e-01  4.09008339e-02
  9.32538629e-01 -5.53281605e-01  4.71072271e-03  2.53292948e-01
  3.74016225e-01 -4.09752391e-02  1.16638350e+00  4.04410571e-01
 -2.60072678e-01  3.02253067e-01  1.11051150e-01  1.22262955e-01
 -4.74618435e-01 -4.05456990e-01  3.80825192e-01  1.47620821e-02
  1.46137968e-01  3.14544082e-01 -3.71834219e-01 -8.59000683e-02
 -2.63521336e-02  2.05508903e-01  3.81883562e-01 -6.79506063e-02
  8.54203880e-01  2.12811939e-02 -4.13789153e-01  4.24296439e-01
 -5.25970340e-01  1.24857441e-01  1.41605467e-01 -7.15519413e-02
  5.41422784e-01 -6.79489851e-01  7.72998869e-01 -3.00903887e-01
 -3.18955958e-01  7.00099707e-01  3.12905520e-01 -5.65515816e-01
  3.17841887e-01  1.30851224e-01  8.86329114e-02 -2.18677804e-01]"
シ,"[ 1.63603336e-01  5.61111569e-01  9.63577688e-01 -2.53137738e-01
  2.56172061e-01  3.77693935e-03  6.68121040e-01 -2.36982659e-01
 -4.65715885e-01 -1.55674174e-01  4.12211478e-01 -2.10179478e-01
 -4.99211907e-01  2.61354506e-01  3.42842668e-01  2.63275474e-01
 -1.77709743e-01 -5.32054305e-01  6.49681985e-02 -6.26070611e-03
 -1.25149870e+00 -8.28390598e-01 -1.89384073e-01  6.71663284e-01
  2.07438827e-01 -9.78362501e-01  3.77800345e-01 -2.11091451e-02
  1.04807252e-02 -4.03985888e-01 -5.49396932e-01 -2.47840136e-02
 -1.91635624e-01  5.88911772e-01 -7.29784012e-01  2.90721714e-01
  2.35302493e-01 -5.32673478e-01  3.72516029e-02 -2.32694298e-01
  2.69700229e-01 -3.14180046e-01  1.98765814e-01  4.80454773e-01
  5.27459458e-02  3.14000607e-01  2.15839341e-01  8.33956525e-02
 -2.61348099e-01  2.62496650e-01 -6.32890701e-01  3.62549484e-01
  6.21737957e-01  2.13496968e-01  1.06652446e-01 -3.82269382e-01
  2.38241270e-01 -3.02271515e-01  3.15013081e-01  5.37103832e-01
 -4.60227698e-01 -5.21640889e-02  2.73281813e-01  2.33560175e-01
  4.40126993e-02  4.59627628e-01 -3.10776800e-01 -2.55873173e-01
  1.84489161e-01 -9.53016818e-01 -1.16699925e-02 -2.67543606e-02
  7.59125724e-02 -8.65208328e-01  6.29284382e-01 -1.13531232e-01
  1.74959049e-01  2.80857474e-01  7.98219964e-02  7.07317367e-02
 -8.50631669e-02  2.57181942e-01  5.51892519e-02 -4.44931746e-01
 -8.18901122e-01  9.33475047e-02 -6.96617007e-01 -6.23130858e-01
  3.71504366e-01  4.11418043e-02 -1.95469856e-01 -4.27931309e-01
 -4.14786547e-01  3.39911133e-01  4.86581028e-01  6.07203186e-01
  1.65332884e-01 -3.06674480e-01 -1.96098447e-01  2.70745069e-01
  3.15446079e-01 -1.98801577e-01  4.08902198e-01 -1.61339059e-01
  1.77288413e-01  1.85977116e-01 -3.70616257e-01  1.48716778e-01
  4.08792943e-01  2.12757394e-01 -5.67500591e-01 -1.41534701e-01
 -8.02746654e-01 -3.71534050e-01  1.98545009e-01  3.18036497e-01
 -5.26221037e-01  1.49696767e-01 -2.26424158e-01 -2.63807811e-02
  6.83838204e-02  5.67933559e-01  1.33882046e-01 -8.03805113e-01
  1.47024572e-01  5.01258194e-01  2.98709244e-01 -1.02923319e-01
 -4.27690059e-01 -2.98318058e-01 -5.08204043e-01 -3.89622480e-01
  1.46926427e-02  4.39901382e-01 -6.63587570e-01  5.56197882e-01
  2.44140953e-01  1.97624266e-01  3.07847504e-02 -3.10484916e-01
 -4.37712848e-01 -7.02986568e-02 -6.70259818e-02 -5.50451458e-01
  2.80624270e-01 -2.52366424e-01 -7.73504913e-01 -3.96372974e-01
 -3.38088036e-01 -2.59885877e-01  3.16100307e-02  1.26596892e+00
 -5.36586583e-01 -3.84549797e-01  3.12108517e-01  2.26555511e-01
 -7.50627458e-01  4.07783315e-02 -8.68369360e-03 -1.20559931e-02
  1.46507204e-01 -4.34125006e-01  3.76425385e-01  4.52755094e-01
  6.10721648e-01 -1.43308654e-01  1.21564254e-01 -2.17006564e-01
  8.92624035e-02  3.41462523e-01  8.29442620e-01 -4.34506573e-02
  6.89471722e-01  1.75456047e-01 -8.19169134e-02  3.93725932e-01
  8.95509422e-01 -3.23472381e-01 -2.85314228e-02 -3.22180778e-01
 -2.76332945e-01 -3.61938745e-01  2.55494118e-01 -4.93816763e-01
  6.15046442e-01 -7.14162290e-01  3.50738347e-01 -2.79103369e-01
 -3.05350870e-01 -1.47183865e-01  9.65518579e-02 -3.45172763e-01
  8.85943592e-01 -3.47847521e-01 -5.72144806e-01 -3.34402382e-01
  2.66456336e-01  1.63429365e-01 -5.65876484e-01  2.49374613e-01
  2.16334730e-01  1.26294568e-01 -6.11438192e-02 -6.54739439e-01
 -5.59577346e-01  4.15687710e-01  2.59343386e-01  3.45921442e-02
  1.85577556e-01  8.12051535e-01 -3.64490032e-01  2.77725369e-01
  5.67121744e-01  1.16499767e-01  1.13798089e-01  2.31491864e-01
 -1.07704923e-01 -4.00251538e-01 -8.44152346e-02 -1.93388820e-01
  6.97521329e-01 -3.22067261e-01 -5.72157919e-01  2.38063872e-01
  9.07755271e-02  4.22748774e-01  1.94230005e-01 -1.46908224e-01
 -1.11429714e-01  1.28377765e-01 -9.45113897e-01 -3.79291624e-01
 -8.43826830e-01 -3.37311447e-01 -4.89846915e-01 -6.03349268e-01
 -3.42031807e-01 -1.87918872e-01 -6.26741290e-01 -3.37494574e-02
 -1.44564360e-01 -4.07004058e-01  1.44591808e-01 -3.00484687e-01
 -1.69790462e-01  6.13060147e-02  3.16678523e-03 -3.22889864e-01
 -4.27733690e-01 -3.62180211e-02 -4.87673320e-02 -4.17041361e-01
  2.10702002e-01 -2.12283745e-01  1.03694344e+00  6.47431910e-01
  7.51720965e-01 -5.99120140e-01  4.85574543e-01 -4.26550001e-01
 -3.09426934e-01 -3.62140328e-01  3.36613059e-01  3.46474886e-01
  1.14484623e-01 -7.78585598e-02 -3.50176185e-01 -6.98029697e-01
 -8.47503781e-01 -5.56796730e-01  5.96597314e-01 -1.50695592e-01
  5.54423034e-02 -4.01285052e-01  1.51616141e-01  3.36203933e-01
 -6.12843335e-01  8.59668911e-01 -4.06478405e-01  4.37324733e-01
 -8.02108526e-01  9.65873659e-01 -5.92792965e-02 -8.89306068e-02
 -1.72614858e-01  4.76021051e-01 -8.32711518e-01 -5.10946847e-02
 -7.54189074e-01  9.48963881e-01  3.52217108e-01 -4.52993035e-01
  7.23286346e-02  2.32128352e-01  4.94474359e-02  4.08591211e-01
  4.25799489e-01  2.89515376e-01  4.38592046e-01  1.57430798e-01
  2.88930625e-01  1.98024437e-01 -1.14860736e-01 -3.20596963e-01
  2.44942352e-01 -1.75852269e-01 -2.82983601e-01  5.00118911e-01
  2.65005648e-01 -1.70627415e-01  6.26630843e-01  4.88212436e-01
 -5.54039836e-01  4.73126680e-01  8.14007580e-01  3.70932430e-01
 -1.26522517e+00 -4.62719977e-01  3.85998785e-01  2.01425612e-01
  1.43208772e-01 -2.41515085e-01  4.11659509e-01  5.12628376e-01
 -3.45255584e-01 -3.80812168e-01  1.24181926e+00 -2.67702967e-01
 -3.13587397e-01  1.96126342e-01  3.14073890e-01 -2.26803899e-01
  1.97941273e-01 -6.14944696e-01  1.07354991e-01  6.05356038e-01
 -4.45777863e-01  9.98661444e-02 -7.48908669e-02  2.16349978e-02
 -3.33703101e-01  2.57237405e-01 -7.12485015e-01 -1.46129191e-01
 -8.59092250e-02 -1.52098253e-01 -2.60041326e-01  1.10747290e+00
  4.22103316e-01  8.08546960e-01 -1.01743996e+00 -5.56677103e-01
  9.52742025e-02  1.53047562e-01  2.62036294e-01 -6.84613287e-01
 -5.06963253e-01 -4.78540778e-01  1.73185542e-01 -4.43175822e-01
  2.96869427e-01 -2.47007281e-01  2.77859241e-01  1.82748139e-01
 -4.40009058e-01  3.02606106e-01  6.95116758e-01  1.92022532e-01
  3.09463501e-01  4.28770334e-01  2.22777292e-01  5.44481516e-01
  1.39733464e-01 -4.71071571e-01 -4.70793843e-02 -2.88962960e-01
  6.26677573e-01 -2.03951113e-02 -6.44016981e-01  4.26964521e-01
  3.35068583e-01 -7.75960758e-02 -2.38808498e-01 -6.17244720e-01
  2.93143153e-01 -4.81806278e-01 -1.96176425e-01 -3.97129536e-01
 -7.80908018e-02 -2.53324300e-01  1.00818324e+00  5.93216956e-01
  2.25838467e-01 -7.43759215e-01 -7.36458480e-01  1.43390253e-01
  2.10463963e-02  4.73305613e-01 -6.31350577e-02  2.00848415e-01
 -5.80213703e-02 -3.85002673e-01 -2.80049592e-01 -2.87430823e-01
 -4.90521938e-01 -1.70227587e-01 -3.80782664e-01 -1.47157148e-01
  8.08348581e-02  1.01589811e+00 -8.18671212e-02 -4.37057298e-03
  2.62422889e-01  9.21149552e-01 -3.35390031e-01 -1.73789158e-01
 -7.30690241e-01  3.33568841e-01  4.80212867e-01  2.59432256e-01
  4.18212950e-01  1.95657551e-01  6.45623922e-01 -2.13693246e-01
  1.78742424e-01  5.62320828e-01 -9.52494293e-02 -4.65902001e-01
  5.89449584e-01 -3.53551835e-01  5.18576503e-01  5.02124608e-01
 -2.37696528e-01  5.33088624e-01 -5.82868397e-01 -3.41817796e-01
  1.96036562e-01  4.39268559e-01  1.02159917e-01  7.31368437e-02
  5.08945584e-01  7.32358634e-01  6.20243400e-02  5.34525454e-01
 -1.53113946e-01  2.23901365e-02 -4.30824012e-02 -3.57109845e-01
  3.91505152e-01 -1.26716554e-01  4.57513362e-01  7.47415841e-01
  7.45801553e-02  3.34050059e-02  4.64789659e-01  3.22117567e-01
 -1.32783830e-01  4.43664342e-01 -2.16353476e-01 -8.20769295e-02
 -4.78877872e-01  5.29356718e-01 -4.33604360e-01  6.95783198e-02
 -2.83975571e-01 -6.94778040e-02  3.94160777e-01 -4.52841341e-01
  3.87324691e-01 -5.11859715e-01 -9.78059590e-01 -8.96248102e-01
 -1.04058635e+00 -3.77825201e-02 -6.19799137e-01  1.91784561e-01
  4.33692962e-01  3.37722838e-01 -5.85271358e-01  5.86609483e-01
  5.23256540e-01  4.36906874e-01  2.11797580e-02 -3.00570160e-01
 -3.29498142e-01 -4.39510107e-01 -2.45361894e-01  1.29090101e-01
  1.25719383e-01 -1.49542749e-01 -4.85604465e-01 -3.82494986e-01
 -2.38695383e-01 -1.57915473e-01 -7.22726732e-02 -3.96916449e-01
  2.52207041e-01  3.05159539e-01 -8.78956556e-01  4.76449668e-01
 -2.94450581e-01  4.68497962e-01 -4.81890261e-01 -3.45439583e-01
 -2.33464584e-01 -6.99124783e-02  1.46506466e-02  5.08740425e-01
  5.97614706e-01 -3.36241394e-01  3.17217082e-01  1.04651940e+00
  3.05898547e-01 -6.56388164e-01  2.83049121e-02 -3.90717566e-01
 -8.86869013e-01  5.47399879e-01  1.71412870e-01  5.07201314e-01
  3.82300287e-01 -3.45996581e-02 -7.65721858e-01 -2.35219523e-01
 -1.58159360e-01 -6.66702092e-01  6.33459628e-01 -5.27844906e-01
  6.03116572e-01 -1.00139427e+00  4.27998066e-01 -4.41523343e-01
  6.44017681e-02 -3.05156887e-01  4.91352290e-01 -1.68144673e-01
 -5.52774727e-01 -1.37960762e-01 -4.20004010e-01 -4.03524876e-01
  7.79307544e-01  4.22886670e-01 -6.71458542e-01  7.57039905e-01
  8.81175041e-01  2.14556932e-01  1.86129939e-02 -1.68943759e-02
 -4.29343402e-01  5.67590781e-02  1.42172739e-01 -2.25387812e-02
  6.03763223e-01  5.61386764e-01 -3.29905719e-01 -3.26231331e-01
  8.16208720e-01  1.29227236e-01  4.44275558e-01 -4.90773432e-02
 -5.76477528e-01  1.52885646e-01 -1.82719082e-02 -2.00882480e-01
  3.78912129e-02  7.83524573e-01 -4.60827529e-01  5.39143980e-01
  5.29404819e-01  2.07973700e-02 -1.17460554e-02  1.48646772e+00
 -3.43136042e-01  7.31328011e-01  3.37306947e-01  3.41524363e-01
 -8.93943369e-01  3.84448409e-01  6.33160949e-01  2.41828486e-01
  9.61683840e-02  8.83182585e-02 -3.43893796e-01 -5.76559842e-01
  7.11446762e-01 -8.87278855e-01 -9.04211588e-03  2.59813726e-01
  5.65520227e-01 -1.51020244e-01  8.81471992e-01  5.15365481e-01
  7.14452118e-02  3.47704649e-01  2.73196846e-01  7.52917647e-01
  4.35855448e-01 -9.34442356e-02  7.08543539e-01 -5.22925794e-01
 -6.61077797e-01  5.14232039e-01 -4.63536829e-01 -2.70550586e-02
  9.68362018e-02 -5.85820258e-01 -4.64604139e-01  5.28101861e-01
  5.53121328e-01  3.62198144e-01 -2.89152026e-01 -3.39333653e-01
 -7.22410977e-02  8.00727010e-02 -2.96876937e-01  2.65658528e-01
 -1.76449239e-01  7.62426972e-01  3.61016214e-01  1.73849866e-01
  2.63490468e-01  3.82313341e-01 -9.09759626e-02 -7.05301836e-02
  4.68845516e-01  1.79444313e-01  2.47649342e-01 -3.59204039e-03
  4.73301470e-01  3.41785736e-02 -4.40897405e-01  7.78917253e-01
 -3.33704561e-01 -5.44424772e-01 -2.70071059e-01 -3.57808471e-02
  3.64897400e-01 -1.81391388e-01 -2.01868527e-02 -3.40008408e-01
  2.28847831e-01  1.52716920e-01 -7.29587078e-01  2.88266450e-01
  3.66138697e-01 -1.49304062e-01  1.14134274e-01 -1.71195582e-01
 -3.95289660e-01 -6.54736280e-01 -2.20074251e-01  4.37257811e-02
 -1.17882323e+00 -3.56144339e-01  6.80303812e-01  1.58449277e-01
 -3.37136328e-01 -1.18336618e+00  4.72523868e-01 -3.65001768e-01
  4.75816190e-01 -7.74253085e-02 -5.39039373e-02  1.83478847e-01
 -1.41189367e-01 -3.53323489e-01 -3.16048354e-01 -2.00425401e-01
 -9.85924721e+00  2.97644973e-01 -1.24877118e-01 -4.89321053e-01
  1.11029655e-01 -3.54481637e-01  4.84276652e-01  6.80180073e-01
 -3.70484024e-01  5.96631408e-01 -4.41550702e-01 -2.75892943e-01
  6.81962550e-01 -1.87635437e-01 -3.18950176e-01 -2.50903785e-01
 -5.99779427e-01 -4.29402709e-01 -2.56298244e-01  1.98815390e-01
 -2.07847580e-02 -1.33887872e-01  1.02630436e+00  6.93728983e-01
 -2.52547532e-01 -2.98883885e-01  2.51271397e-01  4.53359067e-01
  3.67264807e-01  6.86093122e-02 -5.70196271e-01  6.50061727e-01
 -3.53747904e-01  1.91726416e-01 -1.36249721e-01  1.31582379e-01
  3.13424826e-01  3.74453850e-02 -4.94371414e-01  2.52475470e-01
  5.20692050e-01 -1.47162408e-01 -5.39980233e-01 -6.79523051e-02
  5.88387609e-01 -5.37824452e-01 -9.84445810e-02  2.44418249e-01
  7.35999703e-01 -1.32617310e-01 -2.00176045e-01 -2.77599722e-01
  6.80311143e-01 -1.87823802e-01  1.43186361e-01 -6.00769650e-03
  6.81607246e-01 -3.22454154e-01 -2.20514849e-01 -5.97079456e-01
 -3.22564691e-01 -1.35977179e-01  2.45767385e-01  7.95433998e-01
 -1.36381760e-01  3.45778793e-01 -3.19691539e-01  6.21876642e-02
 -7.23689795e-01 -1.56849295e-01  3.80473137e-01  5.97694278e-01
  3.61764669e-01 -7.59989321e-02  2.41424039e-01  2.31006801e-01
 -6.27083957e-01  3.99850421e-02  3.88293356e-01 -8.10375810e-03
  1.01581670e-01 -6.11351907e-01 -2.39075180e-02  9.02662575e-01
 -7.92504013e-01 -4.10769917e-02  1.70538336e-01 -1.09856233e-01
  4.10794824e-01 -3.28421772e-01  1.15346745e-01 -2.10215241e-01
 -4.22236502e-01  5.11194885e-01  2.24089339e-01 -5.37134349e-01
  1.26098305e-01  1.60041273e-01 -1.52237881e-02 -6.84546590e-01]"
ヲ,"[ 3.20455879e-01  4.85528201e-01  3.86574492e-02 -6.65199518e-01
  4.90829684e-02  9.40057859e-02  6.29144609e-01  6.50162622e-02
 -4.89691883e-01 -3.03456634e-01  5.31316340e-01 -4.87235278e-01
 -4.01360124e-01  5.21582030e-02  1.01046935e-01 -9.11417380e-02
  9.52261090e-02 -8.15162212e-02  9.27488226e-03 -2.26725832e-01
  2.84782816e-02 -6.86816037e-01 -1.29417747e-01  1.22092009e-01
 -8.53891373e-02 -4.03358489e-01 -2.69041598e-01  5.19365191e-01
 -1.82863161e-01 -1.66871876e-01 -5.53688586e-01 -4.23616081e-01
  1.36358887e-01 -4.30458551e-03  2.77135611e-01  7.77556598e-02
 -3.49789023e-01  4.05227654e-02  2.74362504e-01 -4.47582781e-01
 -3.58385444e-01 -3.52921605e-01 -3.72211069e-01 -2.59282105e-02
  2.64020532e-01  1.98842380e-02  3.64948809e-02  3.88975531e-01
  8.04247975e-01  3.28020304e-01  5.30457161e-02  4.03200507e-01
  2.71628350e-01 -8.41557886e-03 -1.87746182e-01  5.36935292e-02
  6.73100114e-01 -2.94682473e-01  3.38887990e-01 -4.79425155e-02
 -4.56800044e-01 -2.46020645e-01 -5.80902457e-01 -2.07321137e-01
 -3.00304592e-01  5.82445264e-01 -9.96634290e-02  5.12287438e-01
 -1.29825041e-01 -1.36901870e-01  1.15925714e-01  1.94971450e-02
 -2.21286893e-01  1.42700151e-01  4.99672860e-01 -4.10564214e-01
  5.98120034e-01  1.28348768e-01  5.32594204e-01 -1.66004542e-02
 -5.26465476e-01  4.19118047e-01 -2.81153992e-02 -7.38647521e-01
  4.00289625e-01  3.15287977e-01 -8.22727740e-01 -5.90892315e-01
  6.36773407e-01 -2.95071781e-01 -5.18885016e-01 -2.03167707e-01
  4.34820801e-01  6.24515116e-01  1.11944474e-01 -3.08893889e-01
  1.62725434e-01 -1.84761748e-01  2.04969570e-01 -2.59799268e-02
 -2.98563957e-01 -4.02793467e-01  8.79792511e-01 -8.24323535e-01
 -2.57798940e-01  6.18682921e-01 -1.28181174e-01  2.89609283e-01
  2.86314964e-01  5.28106213e-01  5.56381524e-01 -7.00878263e-01
 -2.35729754e-01  2.59706110e-01  2.34842807e-01 -1.52508333e-01
  3.96202326e-01  1.96990281e-01 -1.90536037e-01  7.06462562e-02
  2.31352106e-01  7.84801722e-01 -1.32107154e-01 -3.34127247e-02
 -2.28415132e-01  2.11748958e-01  4.62207615e-01 -1.72553629e-01
  1.42044038e-01 -1.54703960e-01 -1.59650818e-01  2.37332270e-01
 -8.16425383e-02 -1.29605308e-01 -2.83813149e-01  6.19144559e-01
  9.27719399e-02  3.53635281e-01 -1.03334516e-01 -7.65228570e-01
 -2.81261653e-01  5.12293652e-02  5.68125963e-01 -1.68940187e-01
 -2.22227827e-01 -2.29301050e-01  1.71002388e-01 -2.10613728e-01
  2.61455029e-01  5.95423102e-01 -3.80027890e-01  4.95595455e-01
 -5.65086901e-01 -1.82464063e-01  3.84702623e-01 -1.07584968e-01
 -6.30381405e-01  1.44960672e-01  7.65232965e-02  2.35061765e-01
  3.68336797e-01 -5.44574142e-01  1.09689243e-01  3.87932241e-01
  4.54646975e-01  8.85230720e-01  1.49101213e-01 -9.20034945e-02
  3.86218905e-01  9.72686470e-01  6.58333838e-01  4.99584526e-01
  7.84792006e-01 -4.84414190e-01  4.25960511e-01  4.84428942e-01
  1.06477767e-01 -3.95479560e-01  2.42816821e-01 -6.54241621e-01
 -1.51081979e-01  1.31485626e-01 -3.71761829e-01 -3.18577409e-01
  2.69378930e-01 -3.41590554e-01  5.52491546e-01  3.14870514e-02
 -2.09436014e-01  1.54398188e-01 -3.24402809e-01 -4.81576592e-01
 -1.51966467e-01 -2.99409300e-01 -6.92118883e-01  2.44533688e-01
 -2.72238970e-01  9.51792821e-02 -3.40509117e-02  4.66062903e-01
 -3.07929330e-02 -1.61566287e-01 -8.00750613e-01 -5.87814510e-01
 -6.24364674e-01  3.35855573e-01  1.03580274e-01  5.16731858e-01
  6.17095828e-01  1.70042161e-02 -8.07152390e-02  1.23389729e-03
  2.58790284e-01  2.37485513e-01  4.09036547e-01 -3.44159454e-01
 -4.06849235e-01 -1.94180921e-01  2.16387123e-01  6.34656727e-01
  2.21931443e-01  2.32099295e-01  6.82182074e-01 -5.36699630e-02
 -5.57579622e-02  3.33146513e-01  1.47742391e-01  1.19394496e-01
  4.75608140e-01  5.95162697e-02 -1.83824226e-01 -4.93402213e-01
 -8.60750198e-01  5.87736815e-02 -1.93676218e-01  1.15055591e-02
 -3.75082672e-01  6.43787503e-01  5.97757936e-01 -4.25830856e-02
 -1.73084974e-01 -1.65008366e-01  1.53626978e-01  3.86587693e-03
 -5.98010004e-01  5.35377443e-01  1.01748638e-01  2.74135824e-02
 -7.06258342e-02  2.42647598e-03 -8.24796617e-01 -6.15157425e-01
  1.68529868e-01  2.02207282e-01  3.99445951e-01  2.38968626e-01
  1.54591620e-01 -6.13805890e-01  5.57384863e-02 -3.76970738e-01
 -3.04839551e-01 -7.29912221e-01 -3.74996334e-01 -3.69314760e-01
 -2.31376946e-01 -5.48492037e-02  2.48737127e-01 -2.83017129e-01
 -5.71586251e-01 -7.56170392e-01  1.53585887e-02 -1.77678585e-01
 -2.37398401e-01  1.69717237e-01 -5.37549257e-01 -9.90006328e-02
 -1.95724770e-01  3.69285077e-01 -5.26325941e-01  3.03290300e-02
 -4.08769727e-01  4.96332556e-01 -4.01029289e-01  2.51471967e-01
  2.64965147e-01  3.72402787e-01 -2.48919144e-01 -8.02912593e-01
 -9.11488235e-02  3.02096516e-01  1.46323100e-01 -3.20416480e-01
  1.37850538e-01 -3.39513034e-01 -2.29342058e-01 -8.27428699e-02
  4.04057294e-01 -2.76278704e-01  1.90900117e-01  5.71515188e-02
  7.91048706e-01 -3.18401992e-01  6.14631355e-01  4.84840095e-01
 -2.61606038e-01 -2.66214579e-01 -9.87711155e-06 -3.45525384e-01
  2.66577899e-01 -2.44530931e-01 -2.61648968e-02  7.65033245e-01
 -2.63371885e-01 -1.45808710e-02  7.10641816e-02  2.15044856e-01
 -1.74088526e+00  2.82590419e-01  1.80699706e-01  1.66763529e-01
 -5.11777639e-01  8.39743435e-01  4.12721097e-01  1.31881297e-01
 -1.02715686e-01  2.99286731e-02  5.98883390e-01  3.72548044e-01
 -7.59102553e-02  3.35805148e-01  6.93007335e-02 -1.52767941e-01
  1.76132135e-02 -3.09172779e-01 -8.56363550e-02  4.91534233e-01
 -2.47750767e-02 -3.22969884e-01  6.14094064e-02 -5.40919662e-01
  1.20541379e-01  2.12103814e-01 -4.61340174e-02  3.74266654e-02
 -1.42539963e-01 -6.83405221e-01  3.11843097e-01  7.85870135e-01
  3.29594076e-01  4.99253869e-01 -3.44457060e-01 -2.63788074e-01
  3.26521069e-01 -6.84621707e-02  4.15456295e-02  2.56737471e-01
 -1.51744351e-01 -1.33956969e-01  1.02802277e+00  5.75925291e-01
 -2.47844607e-01 -6.04220852e-02  2.14361604e-02  3.14754359e-02
 -2.56836385e-01 -2.48998165e-01  6.61537886e-01 -3.13007273e-02
  2.91762233e-01  3.39498967e-01  4.33820337e-01  6.20629638e-03
 -1.66797251e-01 -1.86020449e-01  4.02532697e-01 -8.26052308e-01
  4.70805764e-01 -1.74912900e-01 -8.55461136e-02  9.28791463e-02
 -4.37504262e-01 -1.46654174e-01  1.91152543e-01 -3.52618217e-01
 -2.48154104e-01 -5.70914686e-01 -1.77061602e-01 -2.28446215e-01
 -2.80090094e-01 -3.50355387e-01  2.20363483e-01 -1.20312892e-01
  1.21175185e-01 -5.08134425e-01 -5.03873155e-02  3.48210067e-01
 -1.36223733e-01 -5.64797744e-02  1.40334606e-01  2.92404503e-01
 -2.01735601e-01 -4.53456283e-01 -4.40192372e-01 -7.48599470e-01
 -6.47184849e-01 -1.86269224e-01 -1.71778843e-01 -1.72408059e-01
  8.26343447e-02  1.67420343e-01  7.03337640e-02  3.90617400e-02
 -1.28400810e-02  3.80258799e-01 -4.53642070e-01 -7.82600999e-01
 -2.81409621e-01  5.62509239e-01  5.05380452e-01 -7.11044967e-02
  4.47337687e-01  1.19841181e-01 -1.26887402e-02 -2.21837357e-01
  5.78853264e-02  3.58361870e-01 -8.81433547e-01  1.83538869e-01
  3.54167104e-01 -7.25191981e-02  5.35488687e-02  2.23745108e-01
 -1.66750327e-01  4.65683907e-01 -2.98986882e-01 -6.98552072e-01
 -5.02876461e-01  1.99477449e-01  2.91617960e-02  6.44784331e-01
  6.39089823e-01  1.02140081e+00 -5.33311903e-01  1.90039482e-02
  4.15926695e-01 -3.43969136e-01  4.85983580e-01  7.82874972e-02
 -5.28586745e-01 -1.93075001e-01  3.81051809e-01  6.70702159e-01
  3.19797754e-01  1.90368921e-01 -1.06464393e-01  8.75580162e-02
 -3.27784151e-01  6.50975034e-02  2.06476808e-01  3.19554448e-01
 -3.38597804e-01  3.72130275e-01 -4.09669489e-01  9.89624858e-02
 -4.35712308e-01 -3.57734323e-01  8.11883867e-01  2.13762656e-01
 -8.95203836e-03  1.70197353e-01 -5.67706406e-01 -4.17617172e-01
 -5.24898887e-01  7.38669280e-03 -2.90515453e-01  4.13917005e-01
  3.09732735e-01 -1.86425764e-02 -7.28797436e-01 -3.84173244e-02
 -4.35743034e-02  4.85654116e-01  7.11939514e-01 -5.33730626e-01
 -1.19508535e-01  4.53990757e-01 -2.37971544e-01 -6.39684498e-02
  5.98197222e-01  4.27609861e-01 -4.89585055e-03 -6.46053314e-01
  2.52503604e-01  3.10373515e-01  1.83103547e-01 -2.67240793e-01
  4.88578737e-01 -5.24961855e-04 -6.60420418e-01 -5.46648949e-02
 -3.45778525e-01 -3.20866317e-01 -1.63848534e-01 -5.00056922e-01
 -2.02728733e-01 -5.74969590e-01  1.26640990e-01  3.84569734e-01
  7.94918060e-01 -7.57155120e-01  2.22761512e-01  2.87487030e-01
  1.11168951e-01  4.77523386e-01 -6.45553768e-02  1.19073922e-02
 -2.42397070e-01 -1.24473646e-01  7.17616439e-01  5.69379926e-02
  2.11796865e-01 -3.09639663e-01 -4.82532889e-01  2.08854020e-01
 -3.55385810e-01 -1.04204905e+00  7.79356420e-01  1.26644270e-02
  4.13283795e-01 -7.08176076e-01  1.49345323e-01 -7.65169740e-01
  3.25407041e-03 -9.14791077e-02  9.78366658e-02 -1.11654550e-01
 -8.75704169e-01 -3.13991636e-01 -1.59094304e-01 -5.66377580e-01
  5.02381623e-01  4.60236013e-01 -9.82158959e-01 -1.58259675e-01
 -7.09792553e-03 -2.53142744e-01 -3.60427290e-01 -9.41133052e-02
 -7.88796425e-01  2.21928880e-01  3.75554144e-01  5.31251192e-01
  1.59806967e-01  2.59240985e-01 -3.50378543e-01 -4.55179930e-01
  9.46708381e-01  2.26078078e-01  3.70821685e-01  2.14122698e-01
 -2.14330301e-01  3.57138246e-01 -4.92413610e-01  4.19325262e-01
 -2.25655571e-01  6.13506436e-01 -1.03066795e-01  5.48817873e-01
  1.62576661e-01 -4.67727184e-01  4.33758684e-02  9.87399459e-01
  4.14647222e-01  6.22174799e-01 -3.47541161e-02 -4.45516318e-01
 -9.75279927e-01  6.19540274e-01 -7.52112418e-02  7.07108974e-02
 -2.23059371e-01 -1.69125527e-01 -8.87128338e-02 -7.56355643e-01
 -2.03510106e-01  5.69104254e-01  1.23496614e-01  5.35952330e-01
  9.08351988e-02  2.64063943e-03  8.01284075e-01  3.36239070e-01
 -5.43836057e-01  6.21774942e-02  2.11588725e-01 -1.34831443e-01
  3.84201884e-01  5.09960711e-01  2.37459362e-01 -6.87472671e-02
 -1.14118588e+00 -1.12966016e-01 -3.90985548e-01  4.26523566e-01
  3.41002733e-01 -3.35113883e-01 -3.04574966e-01 -2.02447176e-01
  6.51141346e-01  1.18816122e-02 -1.18034661e-01 -3.92895758e-01
  8.02096874e-02  1.81320850e-02 -3.09682339e-01 -4.04152870e-02
  3.72565597e-01  4.21107590e-01 -3.59532654e-01 -1.72240123e-01
 -1.53076619e-01  2.77862638e-01 -3.64395380e-01 -4.84514445e-01
  2.74763316e-01  6.99016154e-02 -2.01612666e-01 -2.32675895e-02
  1.87882110e-01 -4.56029713e-01 -1.54521242e-01 -6.84470087e-02
 -5.71183205e-01 -7.74160549e-02  2.26110682e-01  2.77084291e-01
  1.02772802e-01  1.36934027e-01  5.50413504e-02 -3.40131134e-01
  3.45117688e-01  1.43045232e-01 -9.15470600e-01 -1.72058985e-01
 -2.54767001e-05  2.42415026e-01  4.37476575e-01  2.34339967e-01
 -2.35866278e-01  1.98669240e-01 -5.19523144e-01 -3.09079867e-02
  2.12848380e-01 -5.26628911e-01  2.32067794e-01 -4.97545041e-02
 -4.03855115e-01 -1.26020944e+00  3.59481364e-01  4.09864224e-02
 -1.61884546e-01 -1.44862935e-01  2.41664592e-02 -3.81735750e-02
  2.51696318e-01  1.24813408e-01 -2.56904602e-01  2.69139051e-01
 -1.01839027e+01 -2.56715000e-01 -7.18460202e-01 -6.79630518e-01
 -3.51159900e-01  3.78977835e-01  6.48255169e-01  4.52355385e-01
 -2.73004800e-01  4.89516914e-01 -1.09148540e-01  3.03975284e-01
  1.72423244e-01  5.18298745e-01  1.84263717e-02 -7.57041294e-03
  2.14918777e-01 -9.09195468e-02 -2.01914892e-01 -3.10897201e-01
 -5.79622425e-02 -1.13314852e-01  6.72418773e-01  6.76067993e-02
 -3.90843190e-02 -6.40587747e-01 -3.95063907e-01  3.10825318e-01
  5.64018674e-02  5.07270932e-01 -5.50993800e-01  1.00702178e+00
 -4.92061526e-01  4.78999227e-01 -2.84120262e-01 -5.64695120e-01
 -1.35040656e-01  1.90320268e-01  2.12933123e-01  6.92360878e-01
 -4.86094952e-02  6.78657949e-01  1.88240364e-01  2.13950887e-01
  3.85446399e-01  1.51423872e-01  2.53877461e-01  8.11235547e-01
  2.59626895e-01  3.86650443e-01 -2.08261326e-01 -3.06865305e-01
  2.08678946e-01  1.30409017e-01  9.34861898e-02 -1.98082924e-01
 -1.50705472e-01 -8.94274652e-01 -3.28174800e-01 -2.26006404e-01
  5.08023143e-01 -1.44763812e-01  7.43415415e-01  6.46694541e-01
 -4.47029501e-01 -2.55549818e-01  3.53536785e-01  3.17102760e-01
 -6.13859534e-01 -1.94112897e-01  5.54634154e-01 -4.73646849e-01
 -5.34936599e-02  1.91792250e-01 -6.95120811e-01  5.46485841e-01
  2.73507684e-01 -2.49431476e-01  7.68069088e-01  3.17653507e-01
  6.65317059e-01  1.69256791e-01 -4.70712006e-01  2.70485371e-01
 -9.56245601e-01  7.43104517e-01  5.06362431e-02  2.95341223e-01
 -2.51233578e-01 -3.25440615e-01  6.69067085e-01  2.44053409e-01
 -1.78112477e-01  1.24390073e-01  2.58728713e-01 -5.26339889e-01
  2.78722107e-01  3.45656484e-01  4.04441178e-01  2.08187848e-01]"
シ,"[ 1.63603336e-01  5.61111569e-01  9.63577688e-01 -2.53137738e-01
  2.56172061e-01  3.77693935e-03  6.68121040e-01 -2.36982659e-01
 -4.65715885e-01 -1.55674174e-01  4.12211478e-01 -2.10179478e-01
 -4.99211907e-01  2.61354506e-01  3.42842668e-01  2.63275474e-01
 -1.77709743e-01 -5.32054305e-01  6.49681985e-02 -6.26070611e-03
 -1.25149870e+00 -8.28390598e-01 -1.89384073e-01  6.71663284e-01
  2.07438827e-01 -9.78362501e-01  3.77800345e-01 -2.11091451e-02
  1.04807252e-02 -4.03985888e-01 -5.49396932e-01 -2.47840136e-02
 -1.91635624e-01  5.88911772e-01 -7.29784012e-01  2.90721714e-01
  2.35302493e-01 -5.32673478e-01  3.72516029e-02 -2.32694298e-01
  2.69700229e-01 -3.14180046e-01  1.98765814e-01  4.80454773e-01
  5.27459458e-02  3.14000607e-01  2.15839341e-01  8.33956525e-02
 -2.61348099e-01  2.62496650e-01 -6.32890701e-01  3.62549484e-01
  6.21737957e-01  2.13496968e-01  1.06652446e-01 -3.82269382e-01
  2.38241270e-01 -3.02271515e-01  3.15013081e-01  5.37103832e-01
 -4.60227698e-01 -5.21640889e-02  2.73281813e-01  2.33560175e-01
  4.40126993e-02  4.59627628e-01 -3.10776800e-01 -2.55873173e-01
  1.84489161e-01 -9.53016818e-01 -1.16699925e-02 -2.67543606e-02
  7.59125724e-02 -8.65208328e-01  6.29284382e-01 -1.13531232e-01
  1.74959049e-01  2.80857474e-01  7.98219964e-02  7.07317367e-02
 -8.50631669e-02  2.57181942e-01  5.51892519e-02 -4.44931746e-01
 -8.18901122e-01  9.33475047e-02 -6.96617007e-01 -6.23130858e-01
  3.71504366e-01  4.11418043e-02 -1.95469856e-01 -4.27931309e-01
 -4.14786547e-01  3.39911133e-01  4.86581028e-01  6.07203186e-01
  1.65332884e-01 -3.06674480e-01 -1.96098447e-01  2.70745069e-01
  3.15446079e-01 -1.98801577e-01  4.08902198e-01 -1.61339059e-01
  1.77288413e-01  1.85977116e-01 -3.70616257e-01  1.48716778e-01
  4.08792943e-01  2.12757394e-01 -5.67500591e-01 -1.41534701e-01
 -8.02746654e-01 -3.71534050e-01  1.98545009e-01  3.18036497e-01
 -5.26221037e-01  1.49696767e-01 -2.26424158e-01 -2.63807811e-02
  6.83838204e-02  5.67933559e-01  1.33882046e-01 -8.03805113e-01
  1.47024572e-01  5.01258194e-01  2.98709244e-01 -1.02923319e-01
 -4.27690059e-01 -2.98318058e-01 -5.08204043e-01 -3.89622480e-01
  1.46926427e-02  4.39901382e-01 -6.63587570e-01  5.56197882e-01
  2.44140953e-01  1.97624266e-01  3.07847504e-02 -3.10484916e-01
 -4.37712848e-01 -7.02986568e-02 -6.70259818e-02 -5.50451458e-01
  2.80624270e-01 -2.52366424e-01 -7.73504913e-01 -3.96372974e-01
 -3.38088036e-01 -2.59885877e-01  3.16100307e-02  1.26596892e+00
 -5.36586583e-01 -3.84549797e-01  3.12108517e-01  2.26555511e-01
 -7.50627458e-01  4.07783315e-02 -8.68369360e-03 -1.20559931e-02
  1.46507204e-01 -4.34125006e-01  3.76425385e-01  4.52755094e-01
  6.10721648e-01 -1.43308654e-01  1.21564254e-01 -2.17006564e-01
  8.92624035e-02  3.41462523e-01  8.29442620e-01 -4.34506573e-02
  6.89471722e-01  1.75456047e-01 -8.19169134e-02  3.93725932e-01
  8.95509422e-01 -3.23472381e-01 -2.85314228e-02 -3.22180778e-01
 -2.76332945e-01 -3.61938745e-01  2.55494118e-01 -4.93816763e-01
  6.15046442e-01 -7.14162290e-01  3.50738347e-01 -2.79103369e-01
 -3.05350870e-01 -1.47183865e-01  9.65518579e-02 -3.45172763e-01
  8.85943592e-01 -3.47847521e-01 -5.72144806e-01 -3.34402382e-01
  2.66456336e-01  1.63429365e-01 -5.65876484e-01  2.49374613e-01
  2.16334730e-01  1.26294568e-01 -6.11438192e-02 -6.54739439e-01
 -5.59577346e-01  4.15687710e-01  2.59343386e-01  3.45921442e-02
  1.85577556e-01  8.12051535e-01 -3.64490032e-01  2.77725369e-01
  5.67121744e-01  1.16499767e-01  1.13798089e-01  2.31491864e-01
 -1.07704923e-01 -4.00251538e-01 -8.44152346e-02 -1.93388820e-01
  6.97521329e-01 -3.22067261e-01 -5.72157919e-01  2.38063872e-01
  9.07755271e-02  4.22748774e-01  1.94230005e-01 -1.46908224e-01
 -1.11429714e-01  1.28377765e-01 -9.45113897e-01 -3.79291624e-01
 -8.43826830e-01 -3.37311447e-01 -4.89846915e-01 -6.03349268e-01
 -3.42031807e-01 -1.87918872e-01 -6.26741290e-01 -3.37494574e-02
 -1.44564360e-01 -4.07004058e-01  1.44591808e-01 -3.00484687e-01
 -1.69790462e-01  6.13060147e-02  3.16678523e-03 -3.22889864e-01
 -4.27733690e-01 -3.62180211e-02 -4.87673320e-02 -4.17041361e-01
  2.10702002e-01 -2.12283745e-01  1.03694344e+00  6.47431910e-01
  7.51720965e-01 -5.99120140e-01  4.85574543e-01 -4.26550001e-01
 -3.09426934e-01 -3.62140328e-01  3.36613059e-01  3.46474886e-01
  1.14484623e-01 -7.78585598e-02 -3.50176185e-01 -6.98029697e-01
 -8.47503781e-01 -5.56796730e-01  5.96597314e-01 -1.50695592e-01
  5.54423034e-02 -4.01285052e-01  1.51616141e-01  3.36203933e-01
 -6.12843335e-01  8.59668911e-01 -4.06478405e-01  4.37324733e-01
 -8.02108526e-01  9.65873659e-01 -5.92792965e-02 -8.89306068e-02
 -1.72614858e-01  4.76021051e-01 -8.32711518e-01 -5.10946847e-02
 -7.54189074e-01  9.48963881e-01  3.52217108e-01 -4.52993035e-01
  7.23286346e-02  2.32128352e-01  4.94474359e-02  4.08591211e-01
  4.25799489e-01  2.89515376e-01  4.38592046e-01  1.57430798e-01
  2.88930625e-01  1.98024437e-01 -1.14860736e-01 -3.20596963e-01
  2.44942352e-01 -1.75852269e-01 -2.82983601e-01  5.00118911e-01
  2.65005648e-01 -1.70627415e-01  6.26630843e-01  4.88212436e-01
 -5.54039836e-01  4.73126680e-01  8.14007580e-01  3.70932430e-01
 -1.26522517e+00 -4.62719977e-01  3.85998785e-01  2.01425612e-01
  1.43208772e-01 -2.41515085e-01  4.11659509e-01  5.12628376e-01
 -3.45255584e-01 -3.80812168e-01  1.24181926e+00 -2.67702967e-01
 -3.13587397e-01  1.96126342e-01  3.14073890e-01 -2.26803899e-01
  1.97941273e-01 -6.14944696e-01  1.07354991e-01  6.05356038e-01
 -4.45777863e-01  9.98661444e-02 -7.48908669e-02  2.16349978e-02
 -3.33703101e-01  2.57237405e-01 -7.12485015e-01 -1.46129191e-01
 -8.59092250e-02 -1.52098253e-01 -2.60041326e-01  1.10747290e+00
  4.22103316e-01  8.08546960e-01 -1.01743996e+00 -5.56677103e-01
  9.52742025e-02  1.53047562e-01  2.62036294e-01 -6.84613287e-01
 -5.06963253e-01 -4.78540778e-01  1.73185542e-01 -4.43175822e-01
  2.96869427e-01 -2.47007281e-01  2.77859241e-01  1.82748139e-01
 -4.40009058e-01  3.02606106e-01  6.95116758e-01  1.92022532e-01
  3.09463501e-01  4.28770334e-01  2.22777292e-01  5.44481516e-01
  1.39733464e-01 -4.71071571e-01 -4.70793843e-02 -2.88962960e-01
  6.26677573e-01 -2.03951113e-02 -6.44016981e-01  4.26964521e-01
  3.35068583e-01 -7.75960758e-02 -2.38808498e-01 -6.17244720e-01
  2.93143153e-01 -4.81806278e-01 -1.96176425e-01 -3.97129536e-01
 -7.80908018e-02 -2.53324300e-01  1.00818324e+00  5.93216956e-01
  2.25838467e-01 -7.43759215e-01 -7.36458480e-01  1.43390253e-01
  2.10463963e-02  4.73305613e-01 -6.31350577e-02  2.00848415e-01
 -5.80213703e-02 -3.85002673e-01 -2.80049592e-01 -2.87430823e-01
 -4.90521938e-01 -1.70227587e-01 -3.80782664e-01 -1.47157148e-01
  8.08348581e-02  1.01589811e+00 -8.18671212e-02 -4.37057298e-03
  2.62422889e-01  9.21149552e-01 -3.35390031e-01 -1.73789158e-01
 -7.30690241e-01  3.33568841e-01  4.80212867e-01  2.59432256e-01
  4.18212950e-01  1.95657551e-01  6.45623922e-01 -2.13693246e-01
  1.78742424e-01  5.62320828e-01 -9.52494293e-02 -4.65902001e-01
  5.89449584e-01 -3.53551835e-01  5.18576503e-01  5.02124608e-01
 -2.37696528e-01  5.33088624e-01 -5.82868397e-01 -3.41817796e-01
  1.96036562e-01  4.39268559e-01  1.02159917e-01  7.31368437e-02
  5.08945584e-01  7.32358634e-01  6.20243400e-02  5.34525454e-01
 -1.53113946e-01  2.23901365e-02 -4.30824012e-02 -3.57109845e-01
  3.91505152e-01 -1.26716554e-01  4.57513362e-01  7.47415841e-01
  7.45801553e-02  3.34050059e-02  4.64789659e-01  3.22117567e-01
 -1.32783830e-01  4.43664342e-01 -2.16353476e-01 -8.20769295e-02
 -4.78877872e-01  5.29356718e-01 -4.33604360e-01  6.95783198e-02
 -2.83975571e-01 -6.94778040e-02  3.94160777e-01 -4.52841341e-01
  3.87324691e-01 -5.11859715e-01 -9.78059590e-01 -8.96248102e-01
 -1.04058635e+00 -3.77825201e-02 -6.19799137e-01  1.91784561e-01
  4.33692962e-01  3.37722838e-01 -5.85271358e-01  5.86609483e-01
  5.23256540e-01  4.36906874e-01  2.11797580e-02 -3.00570160e-01
 -3.29498142e-01 -4.39510107e-01 -2.45361894e-01  1.29090101e-01
  1.25719383e-01 -1.49542749e-01 -4.85604465e-01 -3.82494986e-01
 -2.38695383e-01 -1.57915473e-01 -7.22726732e-02 -3.96916449e-01
  2.52207041e-01  3.05159539e-01 -8.78956556e-01  4.76449668e-01
 -2.94450581e-01  4.68497962e-01 -4.81890261e-01 -3.45439583e-01
 -2.33464584e-01 -6.99124783e-02  1.46506466e-02  5.08740425e-01
  5.97614706e-01 -3.36241394e-01  3.17217082e-01  1.04651940e+00
  3.05898547e-01 -6.56388164e-01  2.83049121e-02 -3.90717566e-01
 -8.86869013e-01  5.47399879e-01  1.71412870e-01  5.07201314e-01
  3.82300287e-01 -3.45996581e-02 -7.65721858e-01 -2.35219523e-01
 -1.58159360e-01 -6.66702092e-01  6.33459628e-01 -5.27844906e-01
  6.03116572e-01 -1.00139427e+00  4.27998066e-01 -4.41523343e-01
  6.44017681e-02 -3.05156887e-01  4.91352290e-01 -1.68144673e-01
 -5.52774727e-01 -1.37960762e-01 -4.20004010e-01 -4.03524876e-01
  7.79307544e-01  4.22886670e-01 -6.71458542e-01  7.57039905e-01
  8.81175041e-01  2.14556932e-01  1.86129939e-02 -1.68943759e-02
 -4.29343402e-01  5.67590781e-02  1.42172739e-01 -2.25387812e-02
  6.03763223e-01  5.61386764e-01 -3.29905719e-01 -3.26231331e-01
  8.16208720e-01  1.29227236e-01  4.44275558e-01 -4.90773432e-02
 -5.76477528e-01  1.52885646e-01 -1.82719082e-02 -2.00882480e-01
  3.78912129e-02  7.83524573e-01 -4.60827529e-01  5.39143980e-01
  5.29404819e-01  2.07973700e-02 -1.17460554e-02  1.48646772e+00
 -3.43136042e-01  7.31328011e-01  3.37306947e-01  3.41524363e-01
 -8.93943369e-01  3.84448409e-01  6.33160949e-01  2.41828486e-01
  9.61683840e-02  8.83182585e-02 -3.43893796e-01 -5.76559842e-01
  7.11446762e-01 -8.87278855e-01 -9.04211588e-03  2.59813726e-01
  5.65520227e-01 -1.51020244e-01  8.81471992e-01  5.15365481e-01
  7.14452118e-02  3.47704649e-01  2.73196846e-01  7.52917647e-01
  4.35855448e-01 -9.34442356e-02  7.08543539e-01 -5.22925794e-01
 -6.61077797e-01  5.14232039e-01 -4.63536829e-01 -2.70550586e-02
  9.68362018e-02 -5.85820258e-01 -4.64604139e-01  5.28101861e-01
  5.53121328e-01  3.62198144e-01 -2.89152026e-01 -3.39333653e-01
 -7.22410977e-02  8.00727010e-02 -2.96876937e-01  2.65658528e-01
 -1.76449239e-01  7.62426972e-01  3.61016214e-01  1.73849866e-01
  2.63490468e-01  3.82313341e-01 -9.09759626e-02 -7.05301836e-02
  4.68845516e-01  1.79444313e-01  2.47649342e-01 -3.59204039e-03
  4.73301470e-01  3.41785736e-02 -4.40897405e-01  7.78917253e-01
 -3.33704561e-01 -5.44424772e-01 -2.70071059e-01 -3.57808471e-02
  3.64897400e-01 -1.81391388e-01 -2.01868527e-02 -3.40008408e-01
  2.28847831e-01  1.52716920e-01 -7.29587078e-01  2.88266450e-01
  3.66138697e-01 -1.49304062e-01  1.14134274e-01 -1.71195582e-01
 -3.95289660e-01 -6.54736280e-01 -2.20074251e-01  4.37257811e-02
 -1.17882323e+00 -3.56144339e-01  6.80303812e-01  1.58449277e-01
 -3.37136328e-01 -1.18336618e+00  4.72523868e-01 -3.65001768e-01
  4.75816190e-01 -7.74253085e-02 -5.39039373e-02  1.83478847e-01
 -1.41189367e-01 -3.53323489e-01 -3.16048354e-01 -2.00425401e-01
 -9.85924721e+00  2.97644973e-01 -1.24877118e-01 -4.89321053e-01
  1.11029655e-01 -3.54481637e-01  4.84276652e-01  6.80180073e-01
 -3.70484024e-01  5.96631408e-01 -4.41550702e-01 -2.75892943e-01
  6.81962550e-01 -1.87635437e-01 -3.18950176e-01 -2.50903785e-01
 -5.99779427e-01 -4.29402709e-01 -2.56298244e-01  1.98815390e-01
 -2.07847580e-02 -1.33887872e-01  1.02630436e+00  6.93728983e-01
 -2.52547532e-01 -2.98883885e-01  2.51271397e-01  4.53359067e-01
  3.67264807e-01  6.86093122e-02 -5.70196271e-01  6.50061727e-01
 -3.53747904e-01  1.91726416e-01 -1.36249721e-01  1.31582379e-01
  3.13424826e-01  3.74453850e-02 -4.94371414e-01  2.52475470e-01
  5.20692050e-01 -1.47162408e-01 -5.39980233e-01 -6.79523051e-02
  5.88387609e-01 -5.37824452e-01 -9.84445810e-02  2.44418249e-01
  7.35999703e-01 -1.32617310e-01 -2.00176045e-01 -2.77599722e-01
  6.80311143e-01 -1.87823802e-01  1.43186361e-01 -6.00769650e-03
  6.81607246e-01 -3.22454154e-01 -2.20514849e-01 -5.97079456e-01
 -3.22564691e-01 -1.35977179e-01  2.45767385e-01  7.95433998e-01
 -1.36381760e-01  3.45778793e-01 -3.19691539e-01  6.21876642e-02
 -7.23689795e-01 -1.56849295e-01  3.80473137e-01  5.97694278e-01
  3.61764669e-01 -7.59989321e-02  2.41424039e-01  2.31006801e-01
 -6.27083957e-01  3.99850421e-02  3.88293356e-01 -8.10375810e-03
  1.01581670e-01 -6.11351907e-01 -2.39075180e-02  9.02662575e-01
 -7.92504013e-01 -4.10769917e-02  1.70538336e-01 -1.09856233e-01
  4.10794824e-01 -3.28421772e-01  1.15346745e-01 -2.10215241e-01
 -4.22236502e-01  5.11194885e-01  2.24089339e-01 -5.37134349e-01
  1.26098305e-01  1.60041273e-01 -1.52237881e-02 -6.84546590e-01]"
タ,"[-2.99661551e-02  2.35579774e-01  2.16267854e-01 -4.62301165e-01
  1.46502957e-01  1.59057260e-01  4.88843143e-01  3.43817882e-02
  2.31429592e-01 -4.75955218e-01  9.65501428e-01  1.44587487e-01
 -3.04416180e-01  2.18970031e-01  5.76633871e-01 -7.43149146e-02
  1.22966498e-01 -2.05837458e-01  3.06487232e-01 -6.46916866e-01
 -4.75787103e-01 -4.26514417e-01 -3.73811781e-01  3.08984555e-02
  1.09216664e-02 -2.93104202e-01 -3.61434907e-01 -5.65030053e-02
  3.21628079e-02 -3.50589812e-01 -1.99837789e-01 -4.79252517e-01
 -1.99252479e-02  6.12472259e-02 -1.20409250e-01  6.15912259e-01
  1.48660764e-01 -7.46806189e-02 -2.11993039e-01 -2.97742337e-01
  1.13387346e-01 -1.35826588e-01 -6.36355281e-01 -4.45344567e-01
 -2.16307081e-02  6.85872316e-01  2.61787891e-01  1.03010170e-01
  2.79183775e-01  4.58381362e-02 -3.35032940e-01  5.32670803e-02
  1.20524228e-01 -1.07789263e-01 -1.40848160e-01  2.16222078e-01
  2.49952212e-01 -2.18029901e-01  1.12820625e-01  5.73501959e-02
 -7.49453455e-02 -1.90446988e-01  1.85510695e-01 -2.76439339e-01
 -1.08943269e-01 -2.89292574e-01 -1.85147242e-03 -1.42507613e-01
  3.78167368e-02 -5.24221301e-01  1.77446336e-01  5.51392175e-02
  1.34303674e-01 -2.22959772e-01  5.37544012e-01 -6.02257848e-01
  1.93570793e-01 -5.20524643e-02  5.09709895e-01 -1.05174385e-01
 -8.81144702e-02  3.53035271e-01 -1.23251960e-01 -1.02641988e+00
  2.46412903e-01  6.85964823e-02 -4.19943005e-01 -6.87328100e-01
  4.39353973e-01 -2.58307606e-01  1.43659532e-01 -1.16709851e-01
  1.21523656e-01  2.03724787e-01 -1.73979446e-01 -3.89984041e-01
  1.05054297e-01 -4.06380087e-01 -2.28427779e-02  9.06861573e-02
 -1.99103817e-01 -1.66494742e-01  2.53965884e-01 -8.31622109e-02
 -2.95609951e-01  7.66281486e-02 -1.89088240e-01  2.16593280e-01
 -1.05295256e-02  1.92863315e-01 -2.46624053e-01 -7.36581922e-01
 -6.68454885e-01  1.53523594e-01  1.62854731e-01  1.69706754e-02
 -4.62951362e-01  3.33336711e-01 -2.92251855e-01  3.58274668e-01
  3.38005960e-01  4.42474961e-01 -2.91267037e-01 -3.03502560e-01
 -3.53537560e-01  3.23735535e-01  2.82929122e-01 -9.15389434e-02
 -1.75312623e-01 -4.67682272e-01  1.64385363e-01  1.34649038e-01
 -4.42312837e-01  9.67956036e-02 -1.39187291e-01  6.48608625e-01
 -3.97078618e-02 -1.59846812e-01 -2.53886968e-01 -6.38386071e-01
  7.89156705e-02 -8.54528099e-02  2.54754603e-01  9.89833549e-02
 -3.24334204e-01  1.43080607e-01 -2.32915238e-01 -3.56462330e-01
  1.02784388e-01  2.76890486e-01 -3.18893880e-01  8.76443386e-01
 -2.85117447e-01  6.30542263e-02  5.69943249e-01  3.91576618e-01
 -3.98441225e-01  2.92969435e-01  2.51048923e-01  3.46937567e-01
  4.38345283e-01 -2.63639092e-01  1.75802618e-01  6.37234390e-01
  6.20617568e-02  4.89996850e-01  2.63442606e-01  1.88494578e-01
  1.00585274e-01  5.90886295e-01  5.55005610e-01  7.33949602e-01
  3.01001310e-01 -3.43335152e-01  5.00806533e-02  2.68896341e-01
  4.46986854e-01  2.31619105e-01  3.13695908e-01 -5.93590736e-01
 -6.11111848e-03 -2.24852040e-01  2.15833895e-02 -6.38685599e-02
  2.72835732e-01 -3.05014640e-01 -1.88641906e-01  4.10682037e-02
 -1.33700579e-01 -1.17594734e-01  1.64533272e-01 -3.79234791e-01
 -1.36827324e-02 -4.53405052e-01 -1.51211515e-01 -7.35498369e-01
  2.08937928e-01 -2.01926902e-01 -1.95111409e-01  6.64365649e-01
 -8.06749389e-02  1.93651304e-01 -1.68233156e-01 -5.78627706e-01
 -8.63688767e-01 -5.78569829e-01 -1.07736632e-01  7.04155922e-01
  5.88181317e-01 -7.45659769e-02  1.79060221e-01  5.25111556e-01
  2.50659406e-01  4.12462294e-01  1.57410830e-01  3.48495960e-01
 -3.53809148e-01 -4.02734399e-01  5.56166053e-01 -3.23269120e-03
 -5.00005744e-02 -5.67764267e-02  5.39637566e-01  2.04771265e-01
 -2.07519755e-01  5.01338005e-01  2.38741606e-01  1.70733929e-01
  6.99376762e-02  7.66363382e-01  1.18161114e-02 -5.86142182e-01
 -8.61167014e-01 -1.38440445e-01 -6.18503392e-01  2.19616920e-01
 -4.59072590e-01  6.19849443e-01 -4.46947105e-03  2.17116296e-01
  3.87898088e-01 -2.12497994e-01  1.40855059e-01 -7.15549588e-01
 -2.68750787e-01 -6.20127320e-02  1.47290947e-02 -8.14034939e-02
 -1.75518453e-01  2.29930595e-01 -6.10323489e-01 -6.31057501e-01
  1.71859533e-01 -4.53166574e-01  7.35765338e-01  2.59308606e-01
  1.98752582e-01 -1.23523995e-01  3.81315440e-01  5.03578298e-02
 -1.35161996e-01 -7.68967330e-01  3.92617434e-01 -6.43246844e-02
 -4.20342356e-01 -2.33181566e-02 -8.91819522e-02 -5.95490873e-01
 -4.39379811e-01 -3.94754142e-01 -1.84425384e-01 -3.75927567e-01
 -5.30730367e-01  2.09036112e-01 -1.57520652e-01  7.15329424e-02
 -1.29061699e-01  4.82911676e-01 -4.35601532e-01  2.91576117e-01
 -7.29819953e-01  3.35105658e-01 -6.40949190e-01 -9.48633403e-02
 -6.31974414e-02 -3.41346890e-01 -4.44250852e-01 -3.95514250e-01
 -1.38266921e-01  5.76125264e-01  2.62405366e-01 -1.72705904e-01
 -5.69435418e-01  1.49088740e-01 -2.58043766e-01  1.36819229e-01
  4.62164849e-01  1.36330351e-01 -1.63418509e-03  3.11880618e-01
  4.15723115e-01 -1.28348678e-01  2.41879076e-02 -1.07980743e-01
 -1.69175193e-02 -8.13083231e-01 -6.53277189e-02 -1.74520656e-01
  3.46210748e-01 -3.70300412e-01 -1.86801478e-01  6.85641587e-01
 -4.23173457e-01  5.92816889e-01  1.72281384e-01  2.52265394e-01
 -1.44581926e+00  3.85023117e-01  1.90219432e-01  2.97844350e-01
  8.77886042e-02  1.45401657e-01  1.11027993e-01 -5.74938990e-02
 -6.78434014e-01 -7.60268331e-01  7.41028190e-01  4.46878314e-01
 -2.33668759e-01  2.00399145e-01  4.54014122e-01 -1.06233016e-01
  2.08326623e-01 -2.76969552e-01 -3.36054385e-01  3.22804064e-01
  4.57792461e-01 -4.67718914e-02  2.76760478e-03 -4.14963007e-01
 -6.25007808e-01  5.21641970e-01  1.65115684e-01 -3.09191048e-02
 -8.05808425e-01 -3.20819281e-02  5.92415571e-01  8.43997777e-01
  3.92516553e-01  6.69855714e-01  2.77556330e-01 -3.47468078e-01
  5.76897085e-01  5.22862792e-01  4.86821592e-01  3.57853249e-02
  1.69018611e-01 -3.01421285e-01  4.69983786e-01  2.59584159e-01
 -1.95665166e-01 -5.30209802e-02  3.26360971e-01  3.86536181e-01
 -4.39108610e-01 -8.63753352e-03  6.73512280e-01 -5.43981791e-02
  3.62797439e-01  5.08806467e-01  8.52006793e-01  9.19913948e-02
 -1.24715783e-01 -4.45874661e-01  3.89481150e-02 -4.72150475e-01
 -4.64070290e-02  2.49437928e-01  6.43545926e-01  1.80078059e-01
 -3.93484175e-01 -4.67068553e-01 -3.88526499e-01 -4.55216765e-01
  2.36079320e-01 -3.04135948e-01 -5.05308151e-01  1.08156547e-01
 -3.48840982e-01 -2.52555817e-01  5.02934605e-02  2.95357853e-01
  4.80964005e-01 -4.88614053e-01 -2.77517438e-01  1.84798762e-01
 -1.73088774e-01 -9.53997746e-02  1.68650150e-01  6.75341263e-02
 -2.79203564e-01 -3.37671582e-03 -3.07510078e-01 -4.16349381e-01
 -1.23659872e-01 -1.28648296e-01 -7.28284359e-01  3.61377001e-01
 -3.37164178e-02  3.18481117e-01 -1.11765340e-01  2.12363601e-01
 -5.79021797e-02 -6.12405641e-03 -6.83400095e-01  2.51117557e-01
 -5.14046490e-01  5.09802341e-01  2.02501014e-01  3.70196730e-01
  2.70219278e-02  2.29741096e-01 -1.73004437e-02  2.23613024e-01
 -5.74088037e-01  1.03956148e-01 -3.94132435e-01 -1.11431397e-01
  5.26212454e-01 -6.53336525e-01  3.76909375e-01  1.18666455e-01
 -5.49459457e-01  7.20542371e-01 -3.26295465e-01  2.80928705e-02
 -1.27219662e-01  3.66679519e-01 -4.74165112e-01  1.33520305e-01
  5.62403500e-01  8.15480411e-01 -3.18196118e-01  4.57316011e-01
  2.00192392e-01 -1.78305805e-01  5.11981130e-01 -3.31428885e-01
  4.66658995e-02  6.66111999e-04  9.05242860e-02  4.37036812e-01
  1.26744494e-01  4.23158169e-01  2.31924251e-01 -5.15421033e-02
  2.10968688e-01  1.31144881e-01  3.46457288e-02  2.26193637e-01
 -4.26744789e-01 -5.13709113e-02 -1.42823681e-02 -1.93165302e-01
  1.01279892e-01 -5.32419123e-02  6.21730506e-01  2.30820462e-01
  3.73899966e-01 -3.55054617e-01 -5.41763544e-01 -3.83245200e-01
 -9.60799813e-01  1.31556511e-01 -7.90663213e-02 -1.63276196e-02
  6.90846264e-01  5.88578545e-02 -7.22112656e-01  2.35836729e-01
  2.72128489e-02  2.91976184e-01  4.03083205e-01 -2.15442598e-01
  7.09559470e-02  3.98972124e-01 -1.26126707e-01  1.62863761e-01
  1.12107601e-02 -3.19076516e-02 -1.29413649e-01 -7.25190401e-01
 -7.46306777e-02  9.69066843e-03 -1.38259888e-01  4.86339219e-02
 -4.86963317e-02  5.17931938e-01 -3.24877322e-01 -4.77065593e-01
 -2.66946048e-01 -9.78841260e-02 -1.59749001e-01 -5.27204216e-01
 -8.82906318e-02 -2.66705990e-01 -3.70777920e-02  5.53722858e-01
  1.26212314e-01 -1.79925904e-01  3.51804793e-01  8.11239600e-01
  3.29001725e-01 -2.76133955e-01 -1.77328452e-01  2.83513945e-02
 -2.39449125e-02  1.81579497e-02  3.36701691e-01  1.05576985e-01
 -5.92071339e-02 -2.49660667e-02 -6.41791821e-01 -3.77359599e-01
 -4.98495139e-02 -1.00686407e+00  7.86765099e-01  1.42199829e-01
  3.27162951e-01 -5.91947615e-01 -4.25616086e-01 -5.56285195e-02
 -9.50140357e-02  6.57174364e-02  3.92176419e-01  2.68515050e-01
 -4.43358719e-01 -1.54498905e-01 -6.50962949e-01 -7.22716451e-01
  2.66091764e-01  5.06580889e-01 -4.47363377e-01  7.18003884e-02
  3.01400125e-01  9.06874165e-02 -8.54358301e-02 -1.14973076e-01
 -2.02326894e-01 -3.82802844e-01  3.16183567e-01  3.47123623e-01
  2.67594904e-01  3.91975075e-01  1.17510473e-02  3.49306107e-01
  4.06838328e-01  6.52106583e-01  6.77609265e-01  2.06728265e-01
 -2.95980304e-01 -3.38719860e-02 -3.01791042e-01  2.97948092e-01
  3.51940691e-01 -6.79865256e-02 -8.16438615e-01  1.29637510e-01
  3.59595239e-01 -4.22446281e-01  3.53436232e-01  4.15180892e-01
  4.23547804e-01  5.95414937e-01 -3.82038802e-01 -7.82274976e-02
 -7.61259735e-01  1.75590232e-01  1.18746981e-01  2.82905460e-03
 -3.04479867e-01  3.16141918e-02  9.14571509e-02 -4.56850737e-01
 -2.21329153e-01  2.10730210e-01  2.45994300e-01  1.57623172e-01
  3.49374592e-01 -4.12948579e-01  5.97092390e-01  4.30367559e-01
 -2.68079549e-01 -2.92229682e-01 -1.48793817e-01  2.31118336e-01
  4.30457860e-01  1.59084797e-01  3.57093871e-01 -3.77342790e-01
 -8.44543278e-01 -2.18009446e-02 -1.30999135e-02  2.65737385e-01
  7.06270576e-01 -8.16599965e-01 -4.97601070e-02  5.13370395e-01
  8.08049083e-01 -5.22131585e-02 -2.97910810e-01 -5.25259852e-01
 -1.88427538e-01 -1.35287687e-01 -3.31186384e-01  3.62425178e-01
  4.46477719e-02  5.87640524e-01 -3.18144932e-02 -1.16054967e-01
 -1.95367426e-01  8.12337279e-01  4.07300919e-01  6.72218297e-03
  2.08169505e-01  3.49424258e-02 -4.43483621e-01 -7.18753934e-02
  2.72153318e-01 -3.70367467e-01 -1.54869959e-01  1.74514607e-01
 -3.93838197e-01 -1.14709832e-01 -1.86655268e-01 -5.02172261e-02
  3.51100236e-01 -1.54087305e-01 -4.24016178e-01 -3.41828108e-01
 -5.34637272e-02  3.64018321e-01 -8.19524467e-01 -1.77215248e-01
 -2.28437096e-01  1.85579330e-01  4.22203019e-02 -1.65699080e-01
 -4.80414540e-01 -5.62826455e-01 -4.52997953e-01  1.40648350e-01
  1.40121818e-01 -4.81932133e-01  4.71815914e-01  1.96079716e-01
 -1.48388878e-01 -1.19142509e+00  4.96811807e-01  1.02793932e-01
  7.11098373e-01 -2.55843937e-01  3.21620345e-01 -1.03126299e-02
  1.24622777e-01 -1.62571281e-01 -4.50742304e-01  6.66210949e-01
 -1.04435930e+01 -3.57222646e-01 -5.08106053e-01 -1.70224175e-01
 -3.90432179e-01  4.77056652e-01  1.89552546e-01  4.22308922e-01
 -4.48839180e-03 -6.46698475e-02  6.86290264e-02  1.07366987e-01
  1.40162811e-01  1.49776787e-01 -2.20811665e-01 -7.43995681e-02
 -3.73730332e-01 -2.49499276e-01 -6.55974090e-01 -6.84830919e-02
  1.96705148e-01 -3.56589913e-01  2.96620339e-01  3.35487694e-01
  1.99687496e-01  7.04082847e-02  3.58760089e-01  5.80973513e-02
 -3.10387552e-01  5.27437508e-01 -9.37580168e-02  2.01940879e-01
 -1.02422178e-01  2.93562889e-01 -5.40420711e-01  2.52985451e-02
  9.93592367e-02 -1.66584421e-02 -2.29644433e-01  5.84807038e-01
  2.08952114e-01  4.40937787e-01  3.92607786e-02 -2.71267653e-01
  3.37653905e-01  3.44211668e-01  2.34188393e-01 -8.45958963e-02
  4.30568844e-01  7.24609494e-02  8.71606618e-02 -1.99142188e-01
 -1.00829452e-01  3.45502868e-02  1.31053835e-01 -3.51088084e-02
  3.42283726e-01 -8.66864383e-01 -1.78458676e-01 -9.74012390e-02
  2.31044665e-01  8.35519806e-02  1.22753024e+00  3.87448698e-01
  5.01337796e-02  2.66884863e-01  2.13528678e-01  2.18898375e-02
 -4.01895314e-01 -3.08612972e-01  4.91428465e-01  2.12013632e-01
 -2.32747510e-01  1.83431536e-01 -8.17566887e-02  5.74736416e-01
  3.35067958e-01  1.57740995e-01  2.36426964e-01  1.89588703e-02
  5.00497401e-01  1.82547957e-01  5.91266863e-02  2.70417303e-01
 -7.46211171e-01  2.68312404e-03  3.72308880e-01  1.89852014e-01
  4.80819434e-01 -5.40397644e-01  6.07325137e-01 -3.68746966e-01
 -2.22947985e-01  4.32999194e-01  3.82213861e-01  5.22193760e-02
  4.58044559e-02  1.62065029e-01  4.00699943e-01 -5.65884411e-02]"
ノ,"[ 1.23113811e-01  4.49260980e-01  3.88404280e-01  4.12229039e-02
  7.58494586e-02  5.55812836e-01  2.30610564e-01  1.55199990e-01
 -4.04612541e-01 -4.64430183e-01  3.74848321e-02 -1.54315770e-01
 -2.07908779e-01  6.23014152e-01  7.49955997e-02 -3.30402814e-02
 -2.26855040e-01 -1.62437931e-01 -3.13676387e-01 -2.00981289e-01
 -4.48760957e-01 -3.97047579e-01 -4.97110158e-01  4.76455122e-01
 -2.80899405e-01 -7.96614587e-02 -1.04049891e-02  1.68051675e-01
  2.50054508e-01 -1.14886917e-01 -9.53003466e-02 -4.02071178e-01
 -5.61126232e-01  1.01643596e-02 -6.13143682e-01 -8.41822997e-02
 -4.24341589e-01 -1.15477450e-01  2.67024755e-01  2.16015093e-02
 -1.81246996e-02 -1.73579127e-01 -3.49012285e-01 -3.33618551e-01
 -7.02253431e-02  4.09980029e-01  2.20420837e-01  3.00006866e-01
  2.42361739e-01  4.48936149e-02 -3.21125537e-02  3.01297307e-01
  1.92337692e-01  8.26527849e-02  4.47368920e-01 -5.93059182e-01
  8.80979478e-01 -8.07471931e-01  2.13088438e-01  5.51424801e-01
 -6.56773627e-01 -3.90758187e-01  1.43242121e-01  2.11935133e-01
 -9.31481495e-02 -2.19872966e-01  3.20592284e-01 -2.26815380e-02
  1.36021286e-01 -7.62172818e-01  2.12349832e-01 -1.27141982e-01
 -6.43603504e-02 -1.57820612e-01  2.64960796e-01 -7.73804367e-01
  3.08751792e-01 -1.34795398e-01 -9.22530517e-02  4.32345748e-01
 -6.07732952e-01  8.60530555e-01  1.02429159e-01 -4.22151029e-01
 -2.94526704e-02 -1.23188280e-01 -6.46335602e-01 -8.16068292e-01
  4.59982216e-01 -2.75368243e-01  2.81266272e-01  3.78872514e-01
  1.45803541e-01  7.60105848e-01  1.65413618e-02  4.40185964e-02
  3.51011038e-01  3.87873113e-01  8.99581686e-02  3.23933095e-01
 -4.62004006e-01 -5.34325987e-02  5.84278762e-01 -8.37862790e-01
 -1.35014057e-01  4.42395322e-02 -4.43261951e-01  4.66958582e-01
  1.38552159e-01  4.95200753e-02 -2.71311730e-01 -2.95672476e-01
 -3.43964279e-01  2.89145172e-01  2.78231651e-01  3.83880287e-01
 -2.12855288e-04  3.52657884e-01 -2.96841830e-01  4.20441896e-01
  1.40269235e-01  6.62803769e-01  1.09529132e-02 -2.49316245e-01
 -7.61166990e-01 -1.78450748e-01  2.51341045e-01  2.48560891e-01
  4.15656120e-02 -8.78526211e-01  1.42715305e-01 -3.67501788e-02
 -5.65640450e-01 -1.95349798e-01 -3.72287840e-01  6.86625242e-01
 -3.80434580e-02  1.79914564e-01 -1.07767247e-01 -4.58080381e-01
 -6.97997212e-01  2.59056240e-01 -1.68051690e-01 -4.91655879e-02
 -2.13580102e-01 -9.60002318e-02 -1.39121320e-02  1.98626667e-01
  6.02209568e-01  5.10934234e-01 -1.99028850e-01  1.08309150e+00
 -4.65114534e-01  3.38232853e-02  3.89487773e-01  1.73709512e-01
 -5.13961792e-01 -8.78164452e-03  2.31831729e-01  5.93233228e-01
  5.72017312e-01 -4.90951926e-01  3.55887771e-01  9.36181843e-01
  4.92500840e-03  2.35442325e-01  4.68925864e-01 -1.16490021e-01
  3.04736435e-01  5.32806814e-01  5.97709119e-01  5.41073382e-01
  5.92143834e-02 -2.41891831e-01  1.00824591e-02  5.17738283e-01
  7.23901451e-01  8.04607421e-02  1.66189998e-01 -5.36121488e-01
  7.83840641e-02 -6.55987710e-02 -9.39969718e-03 -8.04161727e-01
  2.19759196e-01 -3.05725276e-01  1.52500451e-01 -8.31784010e-02
 -2.19059780e-01  4.82337968e-03 -2.45514527e-01 -1.42656997e-01
  1.65396035e-01 -1.80536762e-01  2.26214379e-02  2.52815306e-01
  1.00860395e-01 -7.36695156e-02 -3.12549770e-01  2.79089343e-03
 -2.68920720e-01  9.18744355e-02 -8.30516815e-02 -1.10109758e+00
 -9.53852296e-01  1.03881106e-01  5.31826556e-01  4.94676471e-01
  3.65183890e-01 -9.52106789e-02 -2.39994168e-01  2.04554543e-01
  7.21654952e-01  1.95283428e-01  4.75211233e-01  4.69315678e-01
 -5.75710177e-01 -1.04978181e-01  1.77905098e-01  3.13063949e-01
 -9.79202688e-02  8.28086808e-02  4.22740579e-02 -8.02398846e-02
 -9.45495218e-02  8.08014631e-01  1.93626329e-01 -1.15061909e-01
  5.42823086e-03  7.24072158e-01 -7.91777432e-01 -2.52511680e-01
 -5.10340989e-01 -2.52442151e-01  4.33612178e-04 -1.39367178e-01
 -5.12304783e-01  5.12993574e-01 -8.56382102e-02 -2.78315190e-02
 -4.14654672e-01 -2.26634517e-01  5.57317138e-01 -5.89458108e-01
  2.18611151e-01  2.76710242e-01 -1.29829556e-01  3.41493078e-02
 -5.82733810e-01 -1.07430205e-01 -4.65020955e-01 -5.12474656e-01
  9.52655450e-02 -2.72701353e-01  8.77055287e-01  3.07052471e-02
  7.11751580e-01 -1.73607394e-01  1.39930546e-01 -2.33707801e-01
 -1.70010328e-01 -4.66006249e-01 -3.89308721e-01 -3.20064992e-01
  3.61925870e-01  2.42260829e-01  5.45590460e-01 -2.52547652e-01
 -1.68000793e+00 -8.29514936e-02  9.01246294e-02 -5.90021551e-01
 -1.16623260e-01 -1.34414792e-01 -1.57002702e-01 -3.50256592e-01
 -7.30955303e-02  7.53961086e-01 -6.83084846e-01 -1.34672865e-01
 -2.11008042e-01  4.07173544e-01 -4.59838241e-01  6.23786785e-02
  1.15388535e-01  4.10698295e-01 -1.90829471e-01 -6.96349680e-01
 -3.93040687e-01  1.79575663e-02  1.43006444e-01  1.85511503e-02
 -4.81871307e-01 -1.48434574e-02 -4.17085320e-01  2.82912433e-01
  1.63787574e-01 -4.43290174e-01  3.41521949e-01  3.08568865e-01
  6.14660859e-01  5.54905236e-01  5.43033540e-01 -1.67243108e-01
 -6.71458781e-01  2.20170617e-01  1.89688981e-01 -3.02759826e-01
  5.59830368e-01 -5.56518137e-01  3.51618409e-01  3.42310756e-01
 -3.35783273e-01  2.90837556e-01  6.45881951e-01 -3.10758837e-02
 -1.57252991e+00 -2.52801150e-01  3.62301499e-01  2.08795875e-01
 -3.81751925e-01  1.31960496e-01  1.57625541e-01  3.44234735e-01
 -5.06384075e-01 -2.88007140e-01  5.49816430e-01  1.96436539e-01
  2.62163132e-01 -1.87219411e-01  5.82617044e-01 -5.04882991e-01
  3.97969894e-02 -6.78749979e-01 -1.71617232e-02  4.86107826e-01
 -2.34532297e-01 -1.44409791e-01  2.65208751e-01 -3.78248841e-01
 -2.67185420e-01  4.09802943e-01 -1.96832940e-01  5.28481901e-02
 -2.97440588e-01 -4.00130190e-02  2.80279517e-01  1.49727285e+00
  5.00847161e-01  6.12199247e-01 -3.23981762e-01 -3.65001798e-01
  2.64122099e-01  1.23170167e-01  3.43326449e-01 -3.92052352e-01
 -1.27428100e-01 -3.56435657e-01  2.99845319e-02 -6.09694757e-02
  1.71967726e-02 -1.90320536e-02 -2.85898656e-01  1.66258633e-01
 -4.61461455e-01  2.69408196e-01  4.63846594e-01  3.98641117e-02
  2.29337320e-01  6.74637556e-01  5.30179381e-01  2.00344041e-01
 -2.47796908e-01 -5.39353251e-01 -6.30355719e-03 -5.17817616e-01
  3.77795935e-01  3.54310274e-02 -2.08152793e-02  3.71635914e-01
 -3.01368773e-01  1.76991686e-01  3.63877625e-03 -2.82759398e-01
  3.79030369e-02 -5.90867937e-01 -3.02749813e-01 -1.49082586e-01
  7.98156932e-02 -3.84007663e-01  2.99143672e-01  4.65351671e-01
  5.44371367e-01 -3.98653477e-01 -3.92270029e-01  9.72675309e-02
 -9.83534157e-02  1.27100050e-01  7.17663020e-02  2.14128464e-01
 -4.05843407e-02 -1.31443769e-01 -5.32420456e-01 -4.54500645e-01
 -6.07447386e-01 -9.98709500e-02 -4.86487567e-01 -2.52065331e-01
  2.66220659e-01  6.39294863e-01 -6.12208340e-03 -2.62565445e-04
  2.04694018e-01  2.40642652e-01 -4.27702397e-01 -5.29126644e-01
 -2.38432959e-02  3.13135058e-01  5.64491034e-01  3.77767503e-01
  5.96675158e-01  1.17585137e-01  3.22405636e-01 -3.39446403e-02
  1.58558324e-01  3.65950882e-01 -3.81578386e-01 -2.99306184e-01
  1.03000677e+00 -4.18948561e-01 -1.96306072e-02 -1.87338233e-01
  1.94606170e-01  7.99240828e-01 -2.15115011e-01 -7.93520927e-01
  4.18662280e-01  4.26677354e-02  2.31191576e-01  6.34077966e-01
  4.24195170e-01  1.04574716e+00  2.88774312e-01  4.17648017e-01
  3.80794793e-01 -2.01076746e-01  1.47980750e-01 -3.86171550e-01
 -5.57927750e-02 -1.40444979e-01  3.92957896e-01  7.64117658e-01
  3.73838156e-01  2.85865635e-01  3.53921093e-02  4.45983082e-01
 -5.20824790e-01  1.52594760e-01  3.83240670e-01 -2.02982485e-01
 -5.34681618e-01  2.18737781e-01 -9.72753882e-01 -8.20762157e-01
 -1.42118096e-01 -1.54181104e-02  4.62866515e-01  8.17298517e-03
  3.94206733e-01 -5.85130751e-01 -7.57343411e-01 -4.78797048e-01
 -9.84368324e-01 -6.97788373e-02  5.17299473e-02 -1.90207765e-01
  5.90698004e-01  3.00529271e-01 -9.81938839e-01  4.61364597e-01
  3.21069539e-01  4.84507680e-01  1.78513914e-01 -3.84794921e-01
 -3.21662426e-01  8.44351947e-01 -5.01440942e-01 -4.16651845e-01
  7.50177801e-01 -7.43482336e-02 -6.99120983e-02 -3.65538716e-01
 -2.01956391e-01  1.56544775e-01  4.73310828e-01 -1.82083428e-01
  2.54827708e-01 -2.31193323e-02 -4.22174037e-01 -2.79205352e-01
 -2.62507737e-01 -3.16567719e-01  2.97977895e-01 -8.84693801e-01
 -2.04450682e-01 -2.52627939e-01 -1.21887743e-01  6.88534558e-01
  6.42952502e-01 -2.15195671e-01  9.18591321e-02  7.15314806e-01
  1.78813905e-01 -2.66066790e-01 -3.31308916e-02  7.55949542e-02
 -3.62432927e-01 -2.60648489e-01  1.19486786e-02  3.90239060e-01
  2.84600645e-01  3.44783872e-01 -7.18457520e-01 -3.53507429e-01
 -1.42467782e-01 -7.82932281e-01  4.00694132e-01  1.92137603e-02
  5.24908721e-01 -9.15139794e-01  1.73386246e-01 -1.48684144e-01
  3.27598691e-01  1.39680013e-01 -2.00174563e-02 -7.63090774e-02
 -1.40753603e+00  5.34817576e-02 -4.91853833e-01 -7.90289640e-01
  5.31877756e-01 -2.84822911e-01 -6.91955984e-01  2.17893630e-01
  1.76820919e-01 -9.17976275e-02  9.21580791e-02 -3.85496318e-02
 -4.90076423e-01 -4.22873162e-02  4.48101699e-01 -1.26145676e-01
 -1.06432103e-01  4.72065836e-01 -3.87865245e-01  3.98647003e-02
  6.03585422e-01  5.24963677e-01  1.71705201e-01  1.21528871e-01
 -7.35646188e-02  5.01642190e-02 -7.86901593e-01  1.55635715e-01
  8.70108232e-02  4.39944237e-01 -3.94597560e-01  2.23512560e-01
  6.52563274e-01 -3.68132114e-01 -5.19896671e-02  8.49521458e-01
  1.55818611e-01  6.38476849e-01  1.11140544e-02 -2.35162959e-01
 -8.81849945e-01  4.97459799e-01  4.13625896e-01  2.62266725e-01
 -3.03950429e-01  2.89349884e-01 -1.05225965e-01 -4.88278657e-01
  2.41197437e-01 -6.67811558e-02 -6.48341775e-02  4.65491861e-01
  4.32802051e-01  1.59918487e-01  7.77037919e-01  6.60133779e-01
 -3.09938699e-01  4.00959253e-01  1.44314617e-01  2.56775558e-01
  9.15910959e-01 -6.73000142e-02  5.17660499e-01 -3.36589038e-01
 -7.84148991e-01  2.95045078e-01  1.96931988e-01  3.56830567e-01
  1.17378509e+00  1.39682159e-01 -3.98816109e-01  5.46224952e-01
  8.05906475e-01 -7.51746744e-02  1.15499027e-01 -4.92774248e-01
 -5.36334105e-02 -8.12551901e-02 -2.03518867e-01 -7.50195608e-02
 -6.83854148e-02  8.23175758e-02 -1.19391821e-01  1.93659291e-01
 -2.46352330e-01  4.71951336e-01 -4.20903563e-01 -3.07816327e-01
  3.75900447e-01 -2.96159741e-03  3.02026123e-01 -5.33858947e-02
  4.79073226e-01 -3.20880771e-01 -2.08250985e-01  4.28363711e-01
 -4.07904178e-01 -4.38894421e-01 -5.32719642e-02  3.54732394e-01
 -3.68370116e-02 -5.23723802e-03  9.40156654e-02 -3.61226708e-01
 -2.11391807e-01  2.54273117e-01 -5.56930721e-01  3.65894824e-01
 -6.42438754e-02  2.67786860e-01  1.88380986e-01  4.71253060e-02
 -4.17745918e-01 -2.76442826e-01 -5.47187746e-01  1.43008962e-01
 -3.96871269e-01 -6.32258832e-01  4.64212120e-01 -1.83759145e-02
 -3.48539829e-01 -1.56650519e+00  6.56196892e-01 -1.74322262e-01
  3.85934293e-01 -1.87943995e-01  1.42567590e-01 -5.21857180e-02
  2.90188640e-02  1.42841697e-01 -4.49915349e-01 -3.34871858e-02
 -1.01067724e+01  3.11617330e-02 -7.10338235e-01 -5.03866792e-01
 -2.64388956e-02  1.03408713e-02  8.33916724e-01  5.29698193e-01
 -3.99114966e-01  1.70718711e-02 -4.22287047e-01  2.25666061e-01
  2.73504108e-01  5.72039843e-01 -4.24214043e-02 -3.59833062e-01
 -3.35964322e-01 -5.06882787e-01 -9.67234299e-02 -3.82920861e-01
 -6.20862655e-02 -6.16059639e-02  8.08233559e-01  1.75922617e-01
 -1.41766801e-01 -4.45674956e-01 -3.42614204e-01  3.71506095e-01
 -1.45561367e-01  1.72550425e-01 -1.12354136e+00  9.02729630e-01
 -3.65799874e-01 -3.82174015e-01 -4.52700913e-01  2.52111197e-01
 -1.03344508e-02  2.84253508e-01 -5.91973849e-02  6.01249099e-01
  2.94511944e-01  6.63701892e-01 -1.59801975e-01 -3.01804602e-01
  1.33111045e-01  4.78138477e-01 -1.13877743e-01  2.86380202e-01
  2.44580165e-01 -1.81336150e-01  1.40264288e-01 -3.99034947e-01
  2.80913800e-01 -1.46982849e-01 -1.33303432e-02 -1.94240063e-01
  7.76720881e-01 -7.87925303e-01  3.11534498e-02  1.07299186e-01
  2.39278749e-01 -1.93022102e-01  4.25227582e-01  2.08171546e-01
 -3.23789686e-01  4.72927004e-01  1.39993340e-01  2.36181840e-01
 -7.69515574e-01 -2.41971061e-01  3.64501327e-01  1.33696809e-01
  1.55698970e-01  1.74356505e-01 -2.46817935e-02  5.74505568e-01
 -1.88891619e-01  4.66608964e-02  7.75435716e-02  2.81894326e-01
  4.17148203e-01 -4.69411433e-01 -6.45520866e-01  1.39159366e-01
 -1.64156571e-01  4.06951696e-01 -1.34477422e-01  3.28823775e-01
  7.53167793e-02 -4.62564290e-01  3.39626253e-01 -4.55998957e-01
 -6.29896760e-01 -1.37135521e-01 -4.55033481e-02 -3.14345300e-01
  2.21978888e-01  2.28932858e-01  3.69276494e-01  4.94382977e-01]"
デ,"[-1.49877360e-02  3.42676997e-01  4.62385952e-01 -3.55439931e-01
  9.12744924e-03  6.61840677e-01  1.95152313e-01 -2.39658102e-01
 -4.44475412e-01 -1.82722777e-01  5.20953953e-01  1.73015565e-01
 -6.19603515e-01  1.40488192e-01  5.13234973e-01  1.73784599e-01
 -3.12046319e-01 -6.83026254e-01 -2.99218506e-01 -4.75415915e-01
 -6.57058716e-01 -2.37184763e-01 -4.59500521e-01  5.02030730e-01
  1.44113898e-01 -2.80888289e-01  1.21744089e-01  7.92015567e-02
  3.03506881e-01  2.71061342e-03 -4.27589327e-01  9.07872692e-02
 -2.58857071e-01 -2.33860224e-01 -9.86742318e-01  2.76292622e-01
  5.03557771e-02  8.85476172e-02  3.63290161e-01 -3.62759590e-01
 -1.94144696e-01 -1.60535678e-01 -3.70065928e-01 -3.75025362e-01
 -2.48309910e-01  6.65484667e-01  2.31304929e-01  8.19068968e-01
  1.73876658e-01  6.56130239e-02 -8.37070227e-01  6.94711268e-01
  7.48001993e-01  4.51432288e-01  2.31893644e-01 -3.31233114e-01
  1.01549160e+00 -8.30877602e-01 -8.48540142e-02  4.80992168e-01
 -6.45912766e-01 -6.73207223e-01 -2.34513983e-01  7.33444020e-02
 -3.28207731e-01  3.93639714e-01 -6.38629496e-02 -3.29200447e-01
  5.36948025e-01 -7.77534604e-01  6.07947260e-02 -9.28475633e-02
  1.75375313e-01 -3.69110972e-01  6.08185172e-01 -2.32577249e-01
  7.27094337e-02 -2.06440389e-01  3.57040465e-01  1.76093534e-01
 -3.52844298e-01  3.69598776e-01  1.40934765e-01 -8.85430992e-01
 -4.36340034e-01  1.02728680e-01 -1.01795924e+00 -8.37292492e-01
  2.76700050e-01 -4.59547937e-01 -8.17015544e-02  4.77351129e-01
  7.51922559e-03  2.00574964e-01 -1.66614670e-02  1.56650841e-01
 -7.79949054e-02 -9.51774791e-02 -2.37094939e-01  2.67146919e-02
 -2.99329907e-01  3.23303461e-01  7.52230823e-01  6.81907358e-03
 -1.51959509e-01  3.45862210e-02  3.84806663e-01  4.20006424e-01
  9.83895212e-02 -9.36878249e-02 -4.72067773e-01 -1.21283337e-01
 -1.97301030e-01  2.04707891e-01  1.41168103e-01 -1.08807378e-01
 -1.89200774e-01  9.23745930e-01 -3.85286778e-01  5.79640031e-01
  9.44772586e-02  1.89663559e-01  1.11127950e-01 -4.15148020e-01
 -6.94872439e-02  5.98345339e-01 -1.41524985e-01  9.78972465e-02
  4.10010293e-02 -1.00489445e-01 -2.99148887e-01 -4.02584106e-01
 -1.64039433e-02  3.53491664e-01 -5.26062369e-01  1.22836733e+00
 -2.24450603e-01  7.65232220e-02 -7.37055168e-02 -2.72773743e-01
 -5.85512221e-02 -3.10435388e-02 -2.32067183e-02 -5.31308353e-01
  5.19007891e-02  1.08369626e-02 -2.78000653e-01  2.77635783e-01
  2.59317636e-01  3.21356565e-01 -3.44422221e-01  1.09315264e+00
 -8.41853142e-01  5.51324904e-01  1.27895951e-01  4.63862836e-01
 -8.80865991e-01  1.04200609e-01 -1.50721734e-02  3.15124691e-01
  5.58089554e-01 -8.40441212e-02  1.16535947e-01  3.63339782e-01
  1.66669086e-01  2.09542498e-01  4.19142902e-01  2.30148852e-01
 -3.43953259e-02  7.84849465e-01  1.33691970e-02  2.24207789e-01
  4.94509608e-01  1.07841501e-02 -2.48857796e-01  5.08341253e-01
  6.13503218e-01  2.78537899e-01  3.22074026e-01 -6.03170753e-01
 -1.94411024e-01 -1.30374536e-01  1.80538252e-01 -5.81866205e-01
  5.04921734e-01  1.98611096e-01  1.72504574e-01  7.34794587e-02
 -3.14948082e-01  3.48892897e-01 -4.99384701e-01  2.63918906e-01
  6.18348690e-03 -4.10296559e-01  1.49963215e-01 -1.30287871e-01
 -8.49293265e-03  2.00639889e-01 -4.63786423e-01  6.82763278e-01
 -3.40493172e-01  8.78527239e-02  1.94703475e-01 -3.91174734e-01
 -1.16773772e+00 -4.52084661e-01  5.27911820e-02  3.29426289e-01
  1.65397093e-01  2.99610347e-01 -1.20315261e-01 -9.54563841e-02
  6.40818000e-01  4.31185991e-01  4.34644312e-01  4.49687660e-01
 -3.89652640e-01 -6.63635552e-01  3.69142175e-01 -3.56639802e-01
  1.85221091e-01 -1.53051928e-01  3.25834841e-01  3.79656851e-01
 -2.23140299e-01  2.90443122e-01  4.23120648e-01 -3.93536299e-01
 -4.35153209e-02 -3.88289660e-01 -7.45520294e-01 -5.18684626e-01
 -5.14748991e-01  2.21949980e-01 -3.80952746e-01 -1.09853677e-01
 -2.31291562e-01  3.86951637e-04 -4.90547448e-01  1.00022960e+00
 -2.24971280e-01 -2.57355779e-01  4.57550198e-01 -6.50965452e-01
  3.34434241e-01 -1.54147997e-01  1.29064307e-01  1.04634175e-02
  1.44218370e-01 -3.27906102e-01 -1.21191815e-01 -1.88820869e-01
  4.97400939e-01 -5.68177938e-01  3.57579023e-01  3.33760567e-02
  5.03294826e-01  3.23767394e-01  7.23577961e-02 -4.42055613e-01
 -5.37148833e-01 -3.14082086e-01  1.80709317e-01  3.37826103e-01
 -1.19249687e-01  1.36802375e-01  7.87792742e-01  9.08126757e-02
 -9.68447089e-01 -9.98358727e-02  3.97945136e-01 -6.88488632e-02
 -1.91075638e-01 -1.95450813e-01 -3.61865133e-01  4.52473253e-01
 -2.16865480e-01  5.84798157e-01 -3.60250443e-01 -5.03872074e-02
 -2.20927447e-01  3.94757837e-01 -5.06689310e-01 -4.44104254e-01
 -1.03911189e-02  1.22190647e-01 -3.43316853e-01 -2.39304185e-01
 -3.06493908e-01  2.46764466e-01  5.20037174e-01 -3.27943593e-01
 -4.48000073e-01 -1.89489629e-02 -1.98753536e-01  4.15975004e-01
  4.74278569e-01 -8.81566405e-02 -4.75145429e-02 -4.40452695e-02
  3.88654619e-01  3.90878350e-01  3.05703372e-01  2.08271489e-01
 -7.29542524e-02 -4.24165912e-02 -3.37746114e-01  2.02222452e-01
  4.40787494e-01 -8.23017418e-01  2.01147005e-01  5.65197051e-01
 -3.58821720e-01  3.10736060e-01  3.73821020e-01  3.19383413e-01
 -1.19312084e+00 -2.70473599e-01  2.21694633e-01  6.07537687e-01
  1.59315214e-01  1.97825730e-01  2.06210449e-01  1.40373915e-01
 -3.72074455e-01 -3.58550459e-01  8.64836395e-01  6.59020916e-02
 -3.00774634e-01 -3.78575444e-01 -8.26502815e-02 -2.21906200e-01
  5.21559179e-01 -9.53441024e-01 -8.34104866e-02  2.43336752e-01
  3.52466464e-01  1.64711758e-01  2.91074067e-01 -5.91429949e-01
  4.10671532e-02  2.42724970e-01 -3.03516030e-01  2.83832669e-01
 -2.50126988e-01 -4.80695702e-02 -8.96350816e-02  9.95076239e-01
  7.88789988e-01  1.01048660e+00 -8.87877122e-02 -2.50724047e-01
  9.71530899e-02  1.00876927e-01  3.55806231e-01 -3.25462893e-02
 -1.55891851e-01 -1.97037578e-01 -1.46084160e-01  1.63641185e-01
  2.91992068e-01  1.07703499e-01  2.09864661e-01 -4.48947608e-01
 -4.49198097e-01 -4.20045182e-02  7.01367736e-01 -5.90717375e-01
  2.94511586e-01 -7.77525678e-02  5.45710921e-01  6.72812015e-02
  5.33918366e-02 -3.77175301e-01  2.75950998e-01 -3.55020553e-01
 -2.19484895e-01 -3.35838020e-01 -9.72010791e-01 -1.82009667e-01
 -4.47301775e-01 -4.58835959e-01 -1.63828328e-01 -6.42052591e-01
 -3.28273978e-03 -5.60767174e-01 -3.63044888e-01  1.99030831e-01
  1.35779172e-01 -4.15821135e-01  6.01479769e-01  2.47967258e-01
  3.41713339e-01 -2.87894487e-01 -4.70192701e-01  3.25168669e-01
 -4.50633109e-01  4.84762073e-01 -1.11695953e-01  5.24183452e-01
  8.82745348e-03 -3.10525537e-01 -3.20842892e-01  9.50142369e-03
 -6.18446887e-01 -3.49960715e-01 -5.17509699e-01 -1.83921054e-01
  3.05069298e-01  2.85102069e-01 -1.12538032e-01  2.02594191e-01
  3.95901531e-01  2.89932191e-01 -6.76772773e-01 -3.43161374e-01
 -1.79709047e-01  2.42304206e-01  9.90549251e-02  2.07530871e-01
  1.96210012e-01 -1.18895479e-01  3.68983597e-01  1.04722194e-01
  1.34063333e-01  7.54093081e-02  2.75487658e-02 -6.82211816e-01
  1.06373489e+00 -1.13457024e-01  5.46746433e-01  4.48219359e-01
  1.87659398e-01  8.42574894e-01  6.73052967e-02 -7.74226069e-01
  7.69765535e-03 -4.92338538e-01 -4.85440828e-02  8.95608962e-01
  7.59215415e-01  2.95915306e-01 -2.41996780e-01  2.60449380e-01
  1.32005125e-01 -1.90248281e-01  1.87273398e-01 -1.92529440e-01
 -1.18672207e-01  1.85272560e-01  3.22850466e-01  9.21173930e-01
  1.60836846e-01  5.07076263e-01  2.40917593e-01  4.91665214e-01
 -5.34197211e-01  3.18972319e-01  1.62602663e-01 -6.64033517e-02
 -1.97353065e-01  2.52742437e-03 -4.57628012e-01 -3.11189383e-01
 -2.61037946e-01 -1.84255689e-01  3.33894074e-01  4.53692913e-01
  1.97513208e-01 -3.83004807e-02 -6.28181040e-01 -7.76972055e-01
 -5.89324296e-01 -7.02567324e-02 -3.87048215e-01 -1.46997124e-01
  7.50766098e-02  3.15779626e-01 -5.91672361e-01  6.54611528e-01
  6.24871731e-01 -3.21180254e-01  5.51707344e-03 -5.52901626e-01
 -4.87339258e-01  4.28387225e-01 -1.38392612e-01 -9.17968303e-02
  7.36980617e-01  6.55587435e-01 -6.67770326e-01 -1.59367234e-01
 -2.63224095e-01  2.00411767e-01  4.20058876e-01 -5.92461765e-01
  3.29692692e-01  1.29378855e-01 -3.89723033e-01 -4.17405367e-01
  2.23844405e-03 -3.31947953e-01 -8.14045966e-03 -2.40236223e-02
  8.73785242e-02  3.23205322e-01 -2.81413347e-01  6.52814984e-01
  7.90490448e-01 -6.64852679e-01 -2.07126494e-02  3.47392350e-01
 -5.87996304e-01 -1.97136208e-01 -6.07264750e-02  1.86524406e-01
  4.12281826e-02 -1.16971344e-01  3.45756948e-01 -3.12663466e-02
 -1.74805634e-02  4.35160361e-02 -5.18575609e-01 -6.76908433e-01
 -5.48817776e-02 -6.10305905e-01  4.72474992e-01 -1.17384493e-01
  7.72079766e-01 -2.55768269e-01 -1.77578062e-01 -2.56141275e-02
  2.04524189e-01 -1.94121823e-01  3.37216556e-01 -1.84743091e-01
 -9.04785872e-01 -7.94723108e-02 -3.17060441e-01 -7.09120333e-01
  4.12463009e-01  5.82338162e-02 -7.88752437e-01 -9.86501500e-02
  3.55104715e-01  1.02367913e-02 -2.42303267e-01  1.16921954e-01
  6.26540110e-02 -1.76444426e-02  3.21318090e-01 -1.93999931e-01
 -6.03659935e-02  4.58516866e-01 -2.00752899e-01  2.28992682e-02
  5.52737117e-01  3.45218629e-01  3.43266726e-01  4.16000664e-01
 -3.07933778e-01  2.66177982e-01 -2.07949236e-01 -7.49089196e-02
  7.55152225e-01  4.78358299e-01 -5.92917264e-01  3.44976068e-01
  2.37134680e-01 -3.29373121e-01  2.24499866e-01  1.05209339e+00
  1.48405656e-01  3.09777915e-01 -4.37082648e-02  6.11180924e-02
 -9.51340795e-01  2.12321028e-01  1.88141674e-01  2.27738053e-01
  2.91805059e-01  8.34023803e-02 -1.44034566e-03 -5.51130399e-02
  7.69400477e-01  7.27185905e-02 -2.71416634e-01  1.87926978e-01
 -1.04880370e-01 -6.26368165e-01  6.89826190e-01  5.39030015e-01
 -2.15596870e-01 -7.64025599e-02 -1.89056203e-01  6.99614525e-01
  8.93805921e-01 -6.65719360e-02  3.32869172e-01 -3.93981338e-01
 -5.76568246e-01  1.79032668e-01  4.07175094e-01 -1.75211623e-01
  5.22846162e-01 -3.74539047e-01 -1.48373932e-01  5.14377832e-01
  5.46100616e-01 -2.49149412e-01  1.92249194e-02 -3.51906866e-01
  8.30893070e-02 -1.92762032e-01 -1.12848267e-01  1.68092012e-01
 -4.39570434e-02  1.63851053e-01 -3.04508924e-01 -4.96126592e-01
  3.02265137e-01  7.28852451e-01  3.23639303e-01 -1.44060984e-01
  1.74535230e-01  1.83452129e-01  6.95781857e-02 -5.63662685e-02
  4.74270999e-01  2.30976656e-01 -6.51225597e-02  3.51684034e-01
 -2.14552745e-01 -1.54998675e-01  9.40711424e-02  2.01582074e-01
  1.90513194e-01 -4.76366848e-01  3.83218341e-02 -1.18501693e-01
 -3.67061406e-01 -3.78571808e-01 -4.89677072e-01  2.42419109e-01
 -3.90194058e-01  4.42771614e-02  2.21447214e-01  3.89717072e-02
 -4.44989592e-01 -3.63402635e-01 -1.02324476e-02  6.41425371e-01
 -6.99776828e-01 -5.21829009e-01  2.03561634e-01 -4.88378763e-01
 -3.10356319e-01 -1.04722226e+00  3.84361565e-01 -2.03250498e-01
  6.17899597e-01 -9.59323868e-02 -1.67732254e-01 -3.22567493e-01
 -2.64734980e-02 -3.38393539e-01 -3.43178749e-01 -4.92152810e-01
 -1.01527243e+01  1.63439438e-02 -1.78873196e-01 -8.03262651e-01
 -2.79256970e-01 -1.57053515e-01  6.18054390e-01  9.07191455e-01
 -6.38027668e-01  1.38350338e-01 -3.00993860e-01  1.73756793e-01
  9.91098955e-02  3.24706405e-01 -4.89207171e-02 -2.37849057e-01
 -8.22074413e-02 -2.22452298e-01 -7.10787475e-02  1.83995634e-01
  5.04444875e-02 -4.57108051e-01  6.18177235e-01  4.97568816e-01
  1.39977783e-01 -1.67480156e-01 -2.22203538e-01 -1.65806964e-01
  8.06193799e-02  1.15056679e-01 -1.48706388e+00  8.95490706e-01
 -2.65712112e-01  2.55249202e-01 -3.39463413e-01  5.58177114e-01
  1.81930602e-01  3.99233818e-01 -6.82187200e-01  1.42395586e-01
  3.86561096e-01 -1.91157386e-01 -1.59021094e-01 -5.20633698e-01
 -5.59801087e-02 -1.09455332e-01  1.11139126e-01  1.53666005e-01
  3.79155815e-01 -4.71249819e-01 -2.77210444e-01 -9.65962112e-02
  2.98793793e-01 -5.49257696e-01  2.56033182e-01 -4.03150141e-01
  1.69905290e-01 -8.14483762e-01  3.43398228e-02  3.09020460e-01
  5.86670876e-01  5.48967600e-01  4.04146761e-01  5.53962052e-01
  2.35429689e-01  4.93588954e-01  1.80950820e-01  1.36343062e-01
 -1.29961714e-01  2.71122843e-01 -1.05848126e-01  3.55192423e-01
  2.41930094e-02  3.83460194e-01 -1.13880873e-01  1.87893480e-01
  1.89029083e-01  6.69361055e-02  3.73395056e-01  1.04414858e-01
  3.31714302e-01 -1.00211799e+00 -1.06408251e-02 -5.88439638e-03
 -4.46110815e-01  2.84768134e-01  6.07134812e-02 -2.74396569e-01
  3.87766570e-01 -8.14115763e-01  2.50965834e-01 -5.69013692e-02
 -5.01915924e-02  2.11786866e-01  4.40259606e-01 -1.03054099e-01
 -4.43920679e-02  2.43249252e-01 -1.27666490e-02 -3.45587999e-01]"
、,"[ 6.19564891e-01  3.48990470e-01  1.05678833e+00 -4.76518273e-01
 -5.89197993e-01 -1.80985272e-01  5.99807594e-03  3.48114818e-01
 -8.36570024e-01 -6.61913931e-01 -2.24984929e-01 -7.09401548e-01
 -5.04682176e-02 -4.27168548e-01  7.36394823e-01  4.46071267e-01
 -5.13972580e-01  4.70191985e-01  1.28610849e-01 -3.88933688e-01
 -8.02529752e-01 -7.19212174e-01 -5.51232576e-01  1.94179580e-01
 -4.24044102e-01 -9.22909081e-01 -5.77747524e-01 -2.25871503e-01
  6.16062246e-03  1.90361649e-01  2.63263822e-01 -4.59424913e-01
 -3.37029576e-01  3.26155871e-01 -7.29415655e-01  6.90664709e-01
  1.09855078e-01  2.04123273e-01  4.16223079e-01 -5.47825217e-01
 -3.63002121e-01  5.25299966e-01 -6.01237535e-01 -5.33705831e-01
 -1.17106579e-01  4.18937579e-02 -1.70351088e-01 -3.14008780e-02
 -1.48378670e-01 -3.94418240e-01 -7.10678399e-01  7.77076364e-01
  3.95307064e-01  1.97193235e-01  4.25059050e-01  3.48844767e-01
  1.00915372e+00  2.31695063e-02  2.51429193e-02 -2.77285814e-01
 -7.28493154e-01  1.35660499e-01  3.72835487e-01  1.99648649e-01
 -5.92863142e-01  3.53270203e-01 -1.97767407e-01  5.27011633e-01
  4.37785447e-01 -1.56749219e-01  5.72068393e-01  3.82230729e-01
  2.29865074e-01 -3.82067144e-01  2.72301346e-01 -1.02660549e+00
  4.22236949e-01 -3.06795806e-01  2.78303176e-01  1.54867232e-01
 -2.39579827e-01 -1.77194715e-01  1.18241027e-01 -3.52237910e-01
 -6.73986316e-01 -3.20739567e-01 -1.28038943e+00 -1.31478816e-01
  1.09240055e-01  1.84782878e-01  7.71256909e-02 -4.37089592e-01
  3.70442659e-01 -3.06403965e-01  1.08329844e+00  4.15291339e-01
  3.11756343e-01 -1.49722591e-01  3.45589489e-01  2.24148557e-01
 -1.34176648e+00  5.55211902e-01 -2.22490579e-02 -8.50768030e-01
 -5.02077460e-01 -1.63305908e-01 -2.70293057e-01  9.13572550e-01
  5.68603694e-01  4.23302144e-01  3.08378842e-02 -2.61343122e-01
 -8.98737192e-01  1.84125751e-01 -7.97238424e-02  4.29514229e-01
 -5.93999922e-01 -1.56880766e-01  3.80602181e-02  1.47981182e-01
  2.25672424e-01  5.83205521e-01 -4.94649231e-01 -1.37248248e-01
  2.71740586e-01  1.91771790e-01  1.43268898e-01  3.52248698e-01
  2.58248210e-01 -6.03671372e-01  3.54725391e-01 -6.76566124e-01
 -4.38275337e-01  4.48752232e-02 -6.32838964e-01  9.65863824e-01
  2.95597851e-01 -4.53616470e-01  4.55907583e-02  1.16707087e-01
 -4.53558147e-01 -1.90691963e-01  8.19033861e-01 -4.69342530e-01
 -1.26384541e-01  4.84015971e-01 -3.18053514e-01 -3.54662597e-01
  4.17958498e-01  3.84567499e-01 -1.17151245e-01  1.18549073e+00
 -5.98949552e-01  4.14049864e-01  3.31434339e-01  4.17121530e-01
  1.97724313e-01  2.48643070e-01  3.47716659e-01  2.76961979e-02
  4.11643386e-01  6.32825419e-02  1.18790403e-01  1.04815269e+00
  6.59482360e-01 -1.55564593e-02  6.94226623e-01 -1.47756666e-01
  1.06589071e-01  9.08275247e-01  5.21017790e-01  6.92718804e-01
  2.86959380e-01 -8.05722103e-02 -1.43041581e-01  5.36922634e-01
  1.05046320e+00  4.52052206e-01 -3.81556600e-01 -1.08431470e+00
  4.24223900e-01  4.42889363e-01  7.72779524e-01 -1.12714835e-01
  5.96364141e-01 -5.33625722e-01 -4.14586544e-01 -9.30271968e-02
  4.22243088e-01  1.92764640e-01 -4.03500378e-01 -4.11044836e-01
  1.08263455e-01 -2.98586348e-03  5.24127074e-02  1.66703388e-01
  1.68479487e-01  3.49166006e-01 -1.20710939e-01  3.30856562e-01
  5.55051029e-01 -1.82412248e-02 -1.45895436e-01 -9.32063878e-01
 -1.46862078e+00 -5.85870445e-01 -5.39659746e-02  1.87197924e-01
  1.99310929e-01  6.86297357e-01 -7.20427871e-01 -1.59490690e-01
  1.60043836e-01 -4.50078696e-01  8.95096779e-01  4.83115405e-01
 -3.66250455e-01 -1.39857665e-01 -7.72723109e-02 -4.02719527e-02
  1.94887012e-01 -6.46153808e-01  3.49651247e-01  1.92998335e-01
 -2.92580247e-01  8.70890141e-01  5.92843413e-01 -9.52753246e-01
 -5.80048859e-01  2.99438626e-01 -7.09566295e-01 -3.87702137e-01
 -1.41489968e-01 -1.18763022e-01 -2.26882517e-01 -9.62506711e-01
 -6.21627271e-01  1.76975623e-01 -3.72060448e-01  6.18373096e-01
 -2.94424206e-01 -2.43675172e-01  3.91376376e-01  3.01522762e-01
  3.71793747e-01  2.27553472e-01 -1.13737024e-01 -4.07382041e-01
 -9.31951523e-01 -1.59475222e-01 -6.82427824e-01 -4.46774662e-01
 -2.98469603e-01  5.49641788e-01  4.08855259e-01 -3.41720372e-01
  3.42265159e-01 -8.26678753e-01 -2.16926455e-01 -9.44948673e-01
  3.00152451e-01 -2.17595428e-01  4.51044381e-01  2.43331358e-01
 -5.62678635e-01  1.60341650e-01  3.20326388e-01 -2.13534370e-01
 -4.06488061e-01 -1.03091255e-01  1.62412778e-01  1.53968409e-01
  3.97691995e-01 -4.14722145e-01 -4.98390198e-02  1.03123114e-01
  6.80415213e-01  1.05989110e+00 -1.46921188e-01 -6.75565481e-01
 -4.15622860e-01  7.21889496e-01 -8.20095241e-01 -5.11177719e-01
  8.52808803e-02  1.03799796e+00 -4.34150070e-01 -9.35805589e-03
 -9.31151360e-02 -2.13160783e-01  1.91886798e-01 -6.06915236e-01
  5.88084161e-02  1.08633958e-01 -1.04977202e+00 -5.27109094e-02
  4.00129139e-01  2.34819949e-01  3.81599426e-01 -1.05606109e-01
  2.87341863e-01 -2.64762312e-01  5.89905195e-02  1.70946449e-01
 -1.00497715e-01 -5.17471313e-01 -1.42846733e-01  6.44447267e-01
  2.66576797e-01 -8.47026348e-01 -1.11494452e-01  6.19632423e-01
 -1.26149130e+00 -3.06786031e-01  4.95160431e-01  4.62523967e-01
 -8.06296706e-01  3.06060970e-01  7.66430736e-01  5.97837329e-01
 -3.23574483e-01 -4.80345666e-01  4.36190069e-01  6.80817723e-01
 -3.46220940e-01 -7.66511083e-01  4.46574271e-01  1.41370684e-01
 -1.02980293e-01 -5.40488064e-01 -4.22592521e-01  2.65439659e-01
 -9.56962928e-02 -2.44895786e-01 -4.19214696e-01 -1.64666414e-01
 -3.06633502e-01 -1.86299354e-01  2.45105460e-01 -3.18525545e-02
 -4.67939153e-02  6.95682168e-01 -4.29805338e-01  2.94353485e-01
 -7.33016968e-01 -4.37277049e-01  2.66561896e-01  1.27512980e+00
  4.79947448e-01  6.53741300e-01 -7.52601027e-01 -1.44520000e-01
  5.73795199e-01 -2.82812655e-01  7.84134388e-01 -7.08252609e-01
  3.59551996e-01 -2.24990100e-01  4.48699862e-01  1.16294272e-01
 -3.12129945e-01  2.35679686e-01 -7.60837853e-01 -6.73935056e-01
  2.67290294e-01 -1.21579804e-02  5.65718532e-01  1.67689368e-01
  5.01080379e-02  1.14676392e+00  9.60680321e-02  2.76987255e-01
 -2.71636963e-01 -1.22291183e+00 -2.89872140e-01 -8.18493664e-01
 -6.62508532e-02 -1.92694157e-01 -1.40860051e-01  6.37988448e-01
 -5.30418992e-01  1.86866343e-01 -1.20204642e-01 -4.11263764e-01
  2.44287238e-01 -3.00013542e-01 -6.34748220e-01  7.67916441e-02
 -5.25389146e-03 -5.00541568e-01  9.10909593e-01 -7.81153853e-04
  5.73917747e-01 -3.62056822e-01 -6.39089048e-01  5.51906526e-01
 -2.96102375e-01  4.11931053e-03 -1.62997516e-03  1.26707420e-01
 -2.28781044e-01 -2.66635448e-01 -1.43769935e-01  7.04218075e-02
 -1.01175630e+00  5.35757422e-01 -4.32021618e-01  6.75554797e-02
 -8.48605037e-02 -2.45917618e-01 -7.83925593e-01 -2.14090332e-01
  6.49926662e-02 -1.52617112e-01  1.47238150e-01  3.65546376e-01
  1.92785159e-01 -4.59866107e-01  4.44740862e-01  5.81870079e-01
  7.73893416e-01 -2.91641772e-01  6.76422954e-01 -2.63343096e-01
  1.17030136e-01  3.80716622e-01 -6.36992872e-01 -5.00421047e-01
  4.08815056e-01  2.97089845e-01 -4.51088995e-01 -2.04766601e-01
 -3.11228544e-01  1.16950512e+00 -2.77644664e-01 -4.54189658e-01
  9.02678370e-01 -3.50255519e-01  3.74343127e-01  1.03486288e+00
  7.54888535e-01 -3.30618560e-01  8.13705385e-01  2.18930379e-01
  4.16463256e-01  4.81533222e-02 -4.06268418e-01 -2.30281323e-01
  8.68297458e-01 -6.90934286e-02  6.66430816e-02  7.24653006e-01
  2.38760859e-01  2.06386119e-01  3.04114431e-01 -5.26445173e-02
  9.19842198e-02  3.20594013e-01 -1.03994980e-01 -3.44978005e-01
 -9.09045413e-02 -1.85921431e-01 -3.08676630e-01 -1.10416561e-01
 -4.00955886e-01  3.75517428e-01  1.05863655e+00 -6.94070578e-01
  3.78207475e-01 -9.08133805e-01 -5.52755296e-01 -1.38808548e-01
 -1.92001596e-01  8.75670761e-02 -8.22129548e-01 -3.54723066e-01
  4.55889665e-02  1.00279652e-01 -4.14493322e-01  1.08850069e-01
  3.55072469e-01 -2.15982288e-01 -3.15951049e-01 -8.13616157e-01
  1.16831638e-01  7.96491444e-01 -5.83824217e-01 -3.93423349e-01
  6.02574646e-02  1.43868119e-01  7.51962185e-01 -8.37876320e-01
 -4.99396086e-01 -3.88970673e-01 -1.63934782e-01 -7.29858518e-01
 -7.74035156e-02  1.87464610e-01 -6.80498838e-01  2.74432480e-01
  2.74815336e-02 -2.77334094e-01 -6.96903944e-01 -2.62158155e-01
 -1.01872317e-01 -5.72798729e-01  2.52303690e-01  1.73197880e-01
 -2.32819691e-01  1.08727254e-01 -1.14598490e-01  3.01972538e-01
  7.32996821e-01 -3.82890403e-01  8.87310505e-01  1.18421558e-02
  3.52819413e-01 -8.10456395e-01  5.46011448e-01 -7.75444210e-01
  2.38731921e-01 -7.29404271e-01 -6.84348583e-01 -7.15870261e-01
 -5.92095733e-01 -4.44831431e-01  6.94105983e-01  1.41565049e+00
  5.82514405e-01 -6.70187950e-01  2.14604646e-01 -1.19992949e-01
 -4.59861130e-01 -5.14126062e-01  7.87957609e-02  2.87131276e-02
 -1.56250954e+00 -1.51050702e-01  1.10962011e-01 -5.99425375e-01
  1.38390613e+00 -1.81464463e-01 -5.51844716e-01 -2.03921989e-01
  4.20286179e-01  3.99480015e-01 -4.89688039e-01  5.79875633e-02
  6.39865458e-01  2.55382061e-01  8.10141325e-01 -2.74228573e-01
  9.06463787e-02  1.43677816e-01  1.23314664e-01  9.46904346e-02
  4.15143430e-01  4.98303205e-01  8.01388994e-02  8.77618074e-01
 -6.99887455e-01 -6.97887897e-01 -6.23159766e-01  3.57088059e-01
  1.52939767e-01  6.89155638e-01  2.19663188e-01  7.95781195e-01
  6.50093913e-01 -1.51333585e-01  5.73428571e-02  8.89968514e-01
 -5.97225539e-02  1.22493303e+00 -5.51827133e-01  1.37401536e-01
 -7.72205174e-01 -2.06141174e-02  9.32204127e-01  7.35337436e-01
 -8.95386338e-02 -1.53636605e-01 -3.05787884e-02 -5.36286592e-01
  6.01685405e-01  3.55800867e-01 -1.03232712e-01  3.82544249e-01
  2.98963398e-01 -4.40684706e-01  1.03710151e+00 -3.41293402e-02
  2.65880525e-01 -6.53926969e-01 -6.79441914e-02  7.28975594e-01
  4.15084481e-01  9.39821303e-02  7.79341817e-01 -2.90805787e-01
 -6.84835374e-01 -1.62706956e-01  4.63800877e-01 -5.89522481e-01
  6.39394343e-01 -2.95108021e-03 -5.35931289e-01  7.10071802e-01
  6.55490518e-01  3.54701787e-01  3.58774036e-01 -5.89766741e-01
  1.17845006e-01 -1.08676121e-01 -1.62910074e-01  3.95880550e-01
  2.95421898e-01  4.05331105e-01  4.14086431e-02 -8.01070631e-01
  4.48301136e-01  1.35899627e+00 -5.21174166e-03 -9.20743793e-02
  3.09572011e-01  4.76359650e-02 -3.68001699e-01  1.13999829e-01
  3.10434073e-01 -2.43526921e-01  2.28980020e-01 -2.65523016e-01
 -3.08441073e-01 -1.91721022e-01 -1.11167714e-01  8.36298406e-01
  1.01698734e-01 -1.07925378e-01 -1.25733867e-01 -4.97482158e-02
 -7.83489943e-01 -9.43723172e-02 -1.25350189e+00 -8.20444703e-01
 -2.28514839e-02  7.94210806e-02  1.26814499e-01 -8.76045674e-02
 -1.05067170e+00 -3.63582850e-01 -3.43650937e-01 -7.80060351e-01
 -2.88844973e-01  2.45602176e-01  4.45047945e-01 -2.33513191e-02
 -6.45122170e-01 -3.19861680e-01  4.66754586e-01  4.40857112e-01
  2.82281876e-01  2.90625960e-01 -4.73927796e-01 -2.05121815e-01
 -6.80044219e-02  5.64762473e-01 -6.96877837e-02 -4.17860806e-01
 -9.23985100e+00  4.85890538e-01 -6.96021855e-01 -3.61793712e-02
 -2.90854603e-01  1.09774433e-01  7.45853484e-01  9.02153552e-01
 -8.39797497e-01  8.33707035e-01 -4.17751402e-01  3.90330076e-01
  6.95094764e-01  6.22927845e-01 -6.64734542e-01  4.40518484e-02
  3.32636237e-01 -1.16694659e-01  6.17951155e-01 -1.33797184e-01
 -4.72347558e-01 -8.30896676e-01  3.33613247e-01 -3.58044833e-01
 -5.38796723e-01  3.51196766e-01  7.18298554e-01  2.11320475e-01
 -3.41110140e-01  7.43181169e-01 -7.08786130e-01  2.28396952e-01
 -4.62522358e-02 -4.46464896e-01 -3.44868720e-01  6.35457754e-01
  4.75096405e-01  5.00575125e-01 -6.28811955e-01 -9.84638035e-02
 -2.70890117e-01  7.00600922e-01  8.04221705e-02  8.24451894e-02
 -1.22166611e-01 -9.91153196e-02 -1.91530034e-01 -4.20115441e-02
  9.88452911e-01 -2.90996104e-01 -7.04822019e-02 -7.77584851e-01
  4.59912896e-01 -9.61031556e-01 -3.41256499e-01  5.53800277e-02
 -5.96617341e-01 -8.16795051e-01 -3.44860584e-01  1.78946048e-01
  4.90690202e-01  3.57918739e-01  6.26448035e-01  1.93165451e-01
  1.91162061e-02  1.54929057e-01  4.83032584e-01  4.93613690e-01
 -3.64377618e-01 -4.92198080e-01 -7.11397529e-02  2.91632563e-02
 -4.73363608e-01 -1.61238447e-01 -1.43021703e-01  1.17001042e-03
 -6.81431472e-01 -2.01734558e-01  7.15143025e-01 -2.83666495e-02
  1.09446359e+00 -1.71665415e-01  2.87442692e-02 -3.10643524e-01
  1.18271388e-01  3.75444852e-02  8.50067377e-01  6.01617038e-01
 -7.22594792e-03 -7.78655231e-01  4.37221348e-01  5.96830487e-01
  6.06789231e-01  6.27070546e-01  1.22048862e-01  3.47596146e-02
  8.28653276e-01 -1.22065932e-01  8.15058947e-01  1.96478128e-01]"
ト,"[ 8.99626017e-01  3.09130698e-01  8.12819600e-01 -2.52838045e-01
 -1.02191545e-01  4.98119444e-01  1.28011823e-01  3.84045631e-01
 -2.90893018e-01 -4.94917482e-01  3.34161967e-01 -8.03521991e-01
  1.98937848e-01  1.80991024e-01  1.72163859e-01  1.53083757e-01
 -1.55420294e-02 -4.07430083e-01 -6.06828146e-02 -5.70345938e-01
 -1.05462205e+00 -3.69774103e-02 -2.99121857e-01  2.88921654e-01
  1.64684922e-01 -3.17931592e-01 -2.96225250e-01 -4.27190632e-01
  4.81976777e-01 -1.96193174e-01 -4.64893669e-01 -2.52728481e-02
 -4.99696463e-01  4.20471579e-01 -5.73658884e-01  4.70495373e-01
 -1.89029321e-01 -4.81578887e-01 -1.68175131e-01 -4.40656513e-01
  1.58372581e-01 -3.77393633e-01 -6.15124628e-02 -4.39044535e-02
 -2.49826297e-01  6.91761911e-01  3.02302465e-02  1.57639518e-01
  2.64520466e-01 -2.30485395e-01 -4.33412760e-01  5.70295215e-01
  2.43365094e-01  4.13600355e-02  1.60774872e-01 -3.35617214e-01
  5.27781010e-01 -6.63308382e-01 -1.52849331e-01  2.85274893e-01
 -1.86185688e-01 -4.66750264e-01  5.34498334e-01  5.56747764e-02
 -4.27642874e-02  2.61713505e-01  2.38973334e-01 -3.03214014e-01
  5.03926456e-01 -4.78005111e-01 -3.23481590e-01 -6.11474849e-02
  1.53870717e-01 -7.27557003e-01  4.14120704e-01 -1.88103765e-01
 -1.65740192e-01  6.86811149e-01  4.23703194e-01  6.94168955e-02
 -1.51477650e-01  3.23479325e-01  2.86183327e-01 -4.03200388e-01
 -1.32090747e-01  2.48237893e-01 -7.42134675e-02 -8.61447632e-01
  4.73762363e-01 -5.37233055e-01  2.12232053e-01  5.28571367e-01
  1.82535738e-01 -1.86836809e-01 -1.26927853e-01  5.09512424e-02
  1.52612090e-01 -1.85964629e-01 -1.84329093e-01  4.22969580e-01
 -2.29341313e-01  2.26301216e-02  5.04482448e-01  1.65389150e-01
  9.82902199e-02 -3.06381434e-02 -3.70443106e-01  3.07672858e-01
 -2.13690158e-02 -1.75011188e-01 -8.14728320e-01 -1.68397203e-01
 -6.69846117e-01  1.15789987e-01  6.15226984e-01  1.75114721e-02
 -4.29243505e-01  5.62646508e-01 -1.70351088e-01  8.91097963e-01
  2.70106524e-01  4.71162826e-01  5.26042402e-01 -1.01900108e-01
 -1.46015212e-01  4.65556413e-01  1.11426368e-01  1.39247924e-01
 -1.97803929e-01 -4.80518281e-01 -1.41790405e-01 -3.80159944e-01
 -4.30925906e-01 -1.05294883e-01 -1.31211266e-01  8.66150022e-01
 -1.17298007e-01 -1.05071090e-01 -8.86020735e-02 -3.38887304e-01
 -2.61299282e-01 -5.80046475e-02 -4.54300120e-02 -4.78907943e-01
  3.12525541e-01  2.26834834e-01 -6.36539400e-01 -4.46528852e-01
  8.86500403e-02  3.68395716e-01 -2.48668656e-01  9.40183282e-01
 -5.58526039e-01 -3.16474199e-01  2.97910213e-01  4.51019078e-01
 -1.07402515e+00  1.29828742e-02  4.86247154e-04  4.11834180e-01
  3.13365579e-01 -4.94157404e-01  2.59256005e-01  3.56339186e-01
  2.30564162e-01  1.03045143e-01  6.44856036e-01  2.65142113e-01
 -2.47644693e-01  4.87953365e-01  4.01362002e-01  4.36599910e-01
  3.12357664e-01  1.46875605e-01 -2.14014605e-01  5.56785762e-01
  1.22893667e+00 -2.67826263e-02  1.28810678e-03 -5.75258434e-01
  1.05961971e-01 -2.91204476e-03  3.11054409e-01 -3.85678023e-01
  4.33442652e-01 -1.18277624e-01 -2.91570544e-01  1.60813645e-01
 -7.25029260e-02  4.13998485e-01  4.70968429e-03 -4.30829793e-01
  3.36559206e-01 -4.92761314e-01  2.82448381e-02 -5.52854419e-01
 -1.86306298e-01 -2.00989917e-02 -6.82114601e-01  3.97153467e-01
  5.63734621e-02  4.08522971e-02  1.56798348e-01 -5.98982811e-01
 -7.96501637e-01  1.13421224e-01  2.78274883e-02  4.85289931e-01
  6.98265061e-02  4.07788187e-01 -1.91256851e-02  1.33014634e-01
  2.97225356e-01 -2.15060953e-02  1.03081562e-01  1.71573520e-01
 -1.31121010e-01 -2.84414679e-01  5.81150353e-01 -2.70970851e-01
  2.74195015e-01 -2.46319801e-01  1.56673074e-01  6.16434067e-02
 -2.60170233e-02  3.48230660e-01  1.17271163e-01 -4.90546934e-02
 -3.14342588e-01  6.52653635e-01 -7.90711701e-01 -6.64200902e-01
 -6.16480112e-01 -1.17326327e-01 -5.15593350e-01 -2.54892409e-01
 -4.16550845e-01  5.43952212e-02 -5.30211806e-01  4.01339978e-01
 -9.04225931e-02 -4.33952630e-01  7.31585398e-02 -4.79508638e-01
  3.59326661e-01  1.97224483e-01 -1.94645122e-01  1.71052217e-02
 -2.69402802e-01  8.62214193e-02 -1.98182613e-01 -5.65648854e-01
 -1.88872859e-01 -3.54779840e-01  4.44142133e-01  3.75066459e-01
  7.66671360e-01 -3.71058345e-01  2.08314702e-01 -4.45646912e-01
  8.60977173e-02 -8.17036331e-01  7.69248456e-02  3.51320356e-01
 -3.56194153e-02 -1.66098416e-01  1.11983135e-01 -3.10074598e-01
 -5.34000635e-01 -6.22278094e-01  4.79826301e-01 -1.23068191e-01
 -3.81958820e-02  1.97971746e-01  2.61708885e-01  1.83784395e-01
 -5.93885005e-01  4.24991667e-01 -3.40074569e-01  1.60141319e-01
 -2.72818029e-01  9.94215533e-02 -4.92255628e-01 -1.91739321e-01
 -1.53679281e-01 -2.74819732e-01 -2.93030590e-01  3.37580182e-02
 -1.70226291e-01  7.82295763e-01  2.69750297e-01 -1.40096873e-01
 -5.41143298e-01 -5.72116487e-02 -5.61044812e-01 -1.29166275e-01
  7.43155122e-01  3.01424980e-01 -4.52632338e-01 -4.04601306e-01
  4.50013041e-01  6.75762653e-01  1.35520339e-01  2.14814499e-01
  8.92589092e-02 -2.07424521e-01 -7.33067617e-02  1.04055308e-01
  3.89632612e-01 -3.18750441e-01  6.55990914e-02  1.19231296e+00
 -1.17146619e-01  5.98960221e-01  9.55635726e-01  5.44395387e-01
 -1.67826998e+00 -3.91641974e-01  1.47798436e-03  1.30741745e-01
 -1.55465066e-01 -1.16698839e-01 -8.08823630e-02  9.40475464e-02
 -8.27659070e-01 -5.04253268e-01  1.09051144e+00  1.15575045e-01
  1.31501377e-01 -3.72791499e-01  3.98138255e-01  3.29233408e-02
  4.50891629e-02 -6.06540740e-01  2.72047132e-01  7.78252006e-01
 -4.68925446e-01 -4.88193221e-02  9.48868021e-02 -3.24022621e-01
 -1.34525299e-01  3.21229577e-01 -3.16337049e-01  2.51150876e-01
 -8.34790051e-01 -1.96822479e-01  6.89413249e-02  9.33955431e-01
  1.29180372e+00  4.05727178e-01 -4.61466789e-01 -4.83234137e-01
 -1.83431745e-01  1.00015514e-01  2.59024471e-01 -8.70351344e-02
 -1.09344102e-01  1.27193689e-01  4.87373739e-01 -3.20596062e-02
  2.22172901e-01 -1.66737363e-01 -1.32942006e-01  3.17806453e-01
 -2.75816202e-01  5.95494866e-01  2.11978033e-01  1.27813131e-01
  3.23974460e-01  3.31538260e-01  7.66826868e-01  6.09129012e-01
  1.79222867e-01 -5.11933386e-01 -3.55118234e-03 -9.23794031e-01
 -5.94412744e-01 -2.40034178e-01 -9.67190489e-02  1.30277455e-01
 -3.99640262e-01 -1.69895098e-01 -1.95181847e-01 -3.73859793e-01
 -1.10854588e-01 -5.88168204e-01 -2.05114901e-01 -2.99755353e-02
  3.70233357e-02 -6.16972983e-01  8.13226283e-01  2.27785066e-01
  7.61696756e-01 -6.16658092e-01 -1.13706803e+00 -4.57379431e-01
 -2.37596110e-01 -4.57825750e-01 -3.20100307e-01 -1.85513869e-01
 -2.29515731e-01  1.11196496e-01 -3.18417341e-01 -6.73927009e-01
 -2.21602336e-01  5.88685088e-02 -6.55642986e-01 -3.78350019e-01
 -1.48760632e-01  7.30361760e-01 -3.65097523e-02  6.32442236e-02
  2.21974254e-01  4.87446129e-01 -8.68142784e-01 -3.37770432e-01
 -1.46214664e-01  2.02308863e-01  4.39344458e-02  3.58733475e-01
  2.62200624e-01  2.86132336e-01  4.01499033e-01  1.97038949e-01
  1.06132023e-01 -1.37743041e-01 -5.15969634e-01 -5.93289256e-01
  9.53447282e-01 -8.15913603e-02  1.39916599e-01  1.91599995e-01
 -7.44230524e-02  7.73496866e-01 -5.61773062e-01 -8.59278023e-01
  4.87609535e-01  2.97745466e-01 -1.38086542e-01  4.55865443e-01
  5.77549815e-01  4.23217088e-01  3.90843302e-01  8.45097601e-02
 -2.76515007e-01  2.23067284e-01  2.01519027e-01  1.33279309e-01
  3.52059215e-01  6.28231913e-02  1.76427588e-02  6.78996623e-01
  4.15868491e-01  6.63650930e-02  1.07721007e+00  5.28899491e-01
 -3.77829343e-01  1.20796980e-02  4.82678950e-01  2.99049854e-01
 -5.17146230e-01  3.97621453e-01 -3.37439507e-01  1.87507376e-01
 -3.26333269e-02  2.22569183e-01  5.19824684e-01 -1.94388524e-01
  3.46271485e-01 -7.45414615e-01 -5.75294614e-01 -6.53049767e-01
 -8.48182738e-01  2.05743983e-01 -4.62834895e-01 -3.37220460e-01
  3.66290301e-01 -2.50895083e-01 -6.35367036e-01  7.55000234e-01
  7.01274455e-01  2.87930593e-02  1.10016897e-01  2.69115239e-01
 -7.33719915e-02  4.13772017e-01 -2.69890875e-01 -6.63285479e-02
  2.50661373e-02  3.47682536e-02 -5.36447287e-01 -7.33136177e-01
  7.86415488e-02  2.48679623e-01  1.83060080e-01 -1.57535583e-01
  5.04047334e-01 -3.35959494e-02 -4.72213358e-01 -2.45352775e-01
 -2.87816465e-01 -2.98260450e-02 -4.14882779e-01 -2.74765026e-02
  9.63166431e-02 -1.06028959e-01  3.53896618e-02  4.74916518e-01
  1.50138795e-01 -3.99721593e-01 -3.32643658e-01  8.00883949e-01
  4.44564342e-01 -1.05853133e-01  1.44554213e-01 -2.01462284e-01
 -3.95758748e-01 -1.20203398e-01  1.63898189e-02 -7.12101236e-02
 -2.09608704e-01 -1.26847610e-01 -1.15579259e+00 -5.63615322e-01
  2.52002478e-02 -7.06640601e-01  4.37087625e-01 -1.16956551e-02
  7.33008742e-01 -3.83739263e-01 -6.87164590e-02 -1.17376678e-01
  2.67198443e-01 -1.68773517e-01  2.39844620e-01 -6.29022717e-01
 -8.16435933e-01  9.99794975e-02  7.74521083e-02 -6.94360316e-01
  1.11573601e+00  7.03531802e-01 -6.90635681e-01  6.14769280e-01
  5.53005159e-01  3.60482901e-01 -1.61894426e-01  1.61296278e-01
 -1.40763208e-01 -4.54352111e-01  1.97117582e-01 -3.16789925e-01
  3.72317046e-01  3.43469024e-01 -2.14494511e-01  7.60695636e-02
  1.80298641e-01  5.86565018e-01  4.35890198e-01  1.29675090e-01
 -4.75987107e-01 -1.92739651e-01 -4.09152061e-01  2.28484273e-01
  1.77847773e-01  2.95332909e-01 -8.87520969e-01  2.95780212e-01
  4.66156721e-01 -9.19750035e-01  6.38210177e-02  7.04369962e-01
  3.57109666e-01  6.62393451e-01 -4.23906557e-02  2.60558426e-01
 -5.48196018e-01  6.80386201e-02  2.34804451e-01 -1.33400872e-01
  1.63578670e-02  2.67415076e-01  6.07450455e-02  2.23846003e-01
  4.69166040e-01 -3.76796544e-01  2.27762952e-01 -2.87558526e-01
  2.12431088e-01 -2.10115805e-01  4.80375648e-01  2.48125166e-01
 -8.25944245e-02 -2.18683198e-01  3.41552585e-01  7.71987259e-01
  7.39031672e-01  2.73281604e-01  9.11938250e-01 -7.18496621e-01
 -7.05155671e-01 -1.74789429e-01  3.21191400e-01  1.36348441e-01
  4.62974101e-01 -2.58111656e-01 -1.37334555e-01  7.52277195e-01
  6.41154826e-01  4.12623677e-03 -4.81312066e-01 -5.00517607e-01
  3.66972655e-01 -5.30138254e-01 -5.77765778e-02  2.19853371e-01
  3.30424547e-01  4.32010472e-01  7.65517116e-01  2.92407453e-01
 -9.45353732e-02  8.79786551e-01  2.12729037e-01 -1.42062649e-01
  1.03762209e-01  1.58136964e-01  4.46179183e-03  8.95058513e-02
  3.23258340e-01  1.36007577e-01 -4.35149133e-01  8.35486412e-01
 -3.74740899e-01 -1.31133512e-01 -6.71191216e-01  1.26324356e-01
  4.33586597e-01 -3.72951537e-01  1.45223677e-01 -6.10945046e-01
 -1.69614539e-01 -5.45045376e-01 -9.75249231e-01 -1.89746499e-01
 -5.56456298e-02  8.49890858e-02 -5.49978912e-02 -1.29346743e-01
 -6.49682164e-01 -7.52420902e-01 -6.17382936e-02  2.36525238e-02
 -8.50414097e-01 -6.97885513e-01  4.98856932e-01  1.43545479e-01
 -4.41159159e-02 -1.50195539e+00  6.31375909e-01  9.69351362e-03
  8.32421124e-01 -8.72243047e-02  5.30750990e-01 -2.11050898e-01
 -2.41971403e-01 -1.67467460e-01 -3.99953127e-01  1.12231776e-01
 -1.00346336e+01  4.55579847e-01 -1.16390549e-01 -6.31056190e-01
 -1.22162156e-01 -2.01925635e-02  8.68137896e-01  7.52472460e-01
 -1.83003202e-01  1.34782746e-01 -9.73465070e-02  9.74884927e-02
  4.56096269e-02  1.63631707e-01 -2.73651779e-01 -3.43795449e-01
 -4.24158305e-01 -3.49126875e-01  5.31329364e-02  1.15124106e-01
 -6.26486123e-01 -4.84989077e-01  4.31291103e-01  1.05775960e-01
  1.45779103e-01 -2.70539910e-01 -1.57117948e-01  1.82940036e-01
 -3.97707969e-02  4.37644571e-01 -8.50439608e-01  4.65572447e-01
 -8.45106989e-02  1.19136795e-01 -2.89523482e-01  5.75840890e-01
  3.72167118e-02  3.85308683e-01  3.11250966e-02  8.96248519e-02
  3.67806524e-01  1.88829958e-01 -2.36845851e-01  4.48492356e-02
  1.81413159e-01 -5.44901490e-02  5.02706349e-01 -7.99727812e-02
  9.43412006e-01 -2.76128918e-01 -1.61216095e-01 -8.11537206e-02
  1.43149704e-01  2.87773386e-02  4.47222948e-01 -6.66476712e-02
  5.20835578e-01 -4.71732229e-01  2.05351755e-01 -5.04164547e-02
  1.73646837e-01  3.20107609e-01  2.75486171e-01  1.07672417e+00
  4.56274122e-01  2.04708472e-01 -3.01561668e-03  2.27824971e-01
 -8.44179928e-01  3.12729955e-01  5.76669164e-02  6.24740243e-01
 -2.49056190e-01  3.32588702e-01  1.88772231e-01  4.92160767e-01
  4.51239124e-02 -1.47628367e-01  9.78325605e-02 -3.59121740e-01
  4.53637153e-01 -7.23876357e-01  1.80109844e-01  6.21484101e-01
 -3.10626328e-01  2.80472219e-01  2.93616146e-01 -3.37920964e-01
  9.26949605e-02 -7.59903967e-01  5.06849766e-01 -2.92546540e-01
 -5.44286609e-01  2.03327000e-01  1.20504670e-01  1.44687556e-02
 -2.13957325e-01 -4.91808243e-02  4.83002901e-01 -2.58737773e-01]"
テ,"[ 4.86870736e-01  2.07949430e-01  4.88378942e-01 -5.50900400e-01
  4.62613016e-01  1.21281013e-01  9.12269577e-02 -1.81352094e-01
 -4.67244424e-02 -4.79556769e-01  6.88520491e-01 -3.09961975e-01
  1.51986768e-02  2.46261153e-02  3.35060775e-01 -3.56744081e-01
  2.61551470e-01 -2.24953681e-01  8.96363854e-02 -4.71723437e-01
 -6.56762004e-01 -1.28160119e-01 -2.01838806e-01  1.76269755e-01
  8.85178596e-02  9.92065296e-03 -4.73639637e-01 -7.35934898e-02
 -6.85933009e-02 -2.14320689e-01 -6.05719268e-01 -3.40691060e-01
  2.86326915e-01  3.11165720e-01 -1.16717897e-01  2.43090257e-01
  1.07781202e-01 -9.81216654e-02  2.63830036e-01 -3.86727154e-01
  4.54277284e-02 -2.16785278e-02 -2.64894754e-01 -9.70964804e-02
 -2.95700818e-01  8.40678036e-01  2.34042346e-01  3.42162877e-01
  7.34120190e-01 -2.02554300e-01 -4.24992204e-01  3.46906781e-01
  1.50066197e-01 -3.03254034e-02  4.06385630e-01 -1.77121446e-01
  2.07711309e-01 -5.44795811e-01 -2.61468500e-01  3.54316413e-01
 -5.53257108e-01 -2.44943485e-01  7.74652183e-01 -8.99620280e-02
 -5.16972952e-02 -3.42397004e-01  4.41427901e-02 -1.55674368e-01
  1.06326714e-02 -8.26144218e-01 -6.57163501e-01 -5.67122437e-02
 -1.26266837e-01 -2.64056355e-01  1.25148261e+00 -1.53898314e-01
  1.74061313e-01  3.96364719e-01  3.22451234e-01 -1.06579788e-01
  9.97388288e-02  4.76149380e-01  6.83448017e-02 -7.46302903e-01
  7.36038610e-02  3.16988170e-01 -1.34761408e-01 -5.59292078e-01
  3.80752802e-01 -4.06674296e-01 -5.34235477e-01  6.10495150e-01
  6.11758471e-01  2.62865484e-01 -7.87698925e-02 -2.75407988e-03
 -9.94143076e-04 -3.11702967e-01 -4.54210430e-01  1.81202944e-02
 -5.36308810e-02 -1.09382376e-01  2.00402483e-01  4.62064683e-01
  4.10733789e-01  3.81456390e-02 -3.80830348e-01  3.26550826e-02
  1.72061473e-01  9.05015171e-02 -2.24035576e-01 -4.51205432e-01
 -4.16073501e-01  6.14668310e-01 -2.29745373e-01 -1.02816954e-01
 -1.94919139e-01  4.40123342e-02 -1.91246539e-01  6.32244945e-01
  2.10728258e-01  2.03242943e-01  2.74745494e-01 -2.24829391e-01
  1.16396591e-01  6.39822662e-01  1.71352535e-01 -3.83561939e-01
 -3.66873950e-01  8.32146630e-02 -1.86117649e-01  2.87324101e-01
 -8.94091725e-02 -2.02821687e-01 -5.22468567e-01  1.04172766e+00
 -2.00885296e-01 -5.39882369e-02 -3.32165718e-01 -4.50954348e-01
 -3.60283226e-01 -3.57839204e-02  1.27192676e-01 -1.75926208e-01
  1.48783371e-01  9.32709724e-02 -4.87331361e-01 -4.07212526e-01
 -7.94686601e-02 -3.01456273e-01 -1.20119222e-01  1.04052746e+00
 -8.40103328e-01  3.93184461e-02 -7.02311769e-02 -2.06679720e-02
 -9.08705831e-01  9.24965441e-02  3.32125366e-01  2.91529745e-01
  2.18343481e-01 -8.14126730e-01  1.71400368e-01  6.00785971e-01
 -2.18205944e-01  4.35079336e-01  8.48536789e-02  4.53198999e-01
  8.25355202e-02  6.63613617e-01 -1.42151475e-01  4.04944927e-01
  1.52110934e-01 -2.73135006e-01  6.08589649e-01  3.03507745e-01
  2.09735185e-01  4.35281638e-03  1.93951547e-01 -5.53771794e-01
 -3.50065790e-02  4.81672958e-03 -3.19836855e-01 -5.14965653e-01
  3.39626193e-01 -1.16199993e-01  1.42873064e-01  1.77800119e-01
 -2.77932674e-01  1.01555578e-01  1.63913578e-01 -4.18343544e-01
  4.51898187e-01 -5.96767701e-02 -2.37347245e-01 -7.15114295e-01
 -3.10148358e-01  1.56580076e-01 -6.12684488e-01  6.99673772e-01
  1.96058393e-01  6.37141392e-02 -2.73703545e-01 -5.00507236e-01
 -6.06106818e-01 -3.09466451e-01  5.52216768e-01 -6.58937264e-03
  2.29679212e-01  6.12415910e-01 -2.39026293e-01  2.11809710e-01
  4.04511184e-01  2.10045204e-01  2.67534763e-01  2.24807352e-01
  1.85005029e-03 -6.33225963e-02  3.35519850e-01 -7.83334374e-01
  4.63567466e-01 -2.89046407e-01  4.36418623e-01 -1.11633971e-01
  2.69094169e-01  1.87084645e-01 -8.07175133e-03 -2.90080696e-01
 -4.40906994e-02  5.08892298e-01 -5.14312804e-01 -3.16938162e-01
 -9.38935220e-01  2.77556270e-01 -7.69779682e-01  1.34652495e-01
 -4.69939113e-02  5.00614524e-01 -4.95018214e-01  5.21567583e-01
  2.49780580e-01 -1.12179957e-01  2.99326152e-01 -2.91592300e-01
 -9.16415155e-02 -1.37067204e-02 -7.65860900e-02  2.93723177e-02
 -2.95034975e-01  3.77431750e-01 -5.78274190e-01 -4.87826914e-01
  5.25598466e-01 -3.89122099e-01  6.91588402e-01  5.45946360e-01
  3.34485769e-01 -1.86525121e-01  4.37023252e-01 -4.37263608e-01
  3.62589866e-01 -3.91840667e-01 -7.33695477e-02 -3.78590487e-02
 -1.14041343e-01  1.91516802e-01 -2.74605025e-02 -6.74628913e-01
  1.51389450e-01 -7.36378133e-01  5.48430502e-01 -4.28707927e-01
 -1.91778824e-01 -1.97284237e-01 -2.11388275e-01  1.66222468e-01
 -2.98336208e-01  2.06852183e-01 -3.02669615e-01  2.00272545e-01
 -7.44820952e-01  7.99385607e-02 -5.30686378e-01 -2.27033384e-02
 -9.28113163e-02 -2.77631968e-01 -2.21441209e-01  6.60026446e-02
 -2.13015556e-01  4.49215442e-01  1.79988772e-01 -8.85716453e-02
 -4.20023739e-01  9.34969634e-02 -3.71179253e-01 -1.36445314e-01
  3.39112669e-01  4.44526374e-01 -2.26043329e-01  2.08769977e-01
 -3.11610177e-02  4.58298057e-01 -1.26941964e-01 -3.19482386e-02
  1.57447129e-01 -3.84958744e-01 -2.98782378e-01 -3.76474053e-01
  3.07019681e-01 -3.28237385e-01 -1.24994501e-01  7.78701305e-01
 -3.54297012e-01  2.50440724e-02  2.07493708e-01  5.39454341e-01
 -1.31976819e+00  4.87489700e-02 -1.86781194e-02 -2.79504597e-01
 -3.83040011e-01  6.31351769e-01  2.10742410e-02  6.93660304e-02
 -3.49999696e-01 -4.29790437e-01  1.09922886e+00  2.38492936e-01
 -2.42161319e-01 -3.42310816e-01  4.46882904e-01  1.89153165e-01
 -8.47587734e-03 -6.15038514e-01 -1.38385683e-01  3.68392289e-01
 -1.46176308e-01  1.83205694e-01  2.64667034e-01 -2.88714021e-01
 -1.53668270e-01  5.39402068e-01 -1.37265503e-01  5.77667236e-01
 -1.40926734e-01 -1.16187096e-01  2.01383904e-02  9.95134354e-01
  1.16013944e+00  7.90808380e-01 -2.94401437e-01 -7.95457363e-02
  4.86185580e-01  5.65614939e-01  6.66599572e-01 -1.73053473e-01
  5.65650538e-02  2.95314733e-02  4.95661139e-01  4.77846712e-01
 -2.28027090e-01  1.68163374e-01  4.91558105e-01  8.23624015e-01
  3.24497104e-01  1.71048254e-01  2.50162840e-01  3.32636833e-01
  8.66409242e-02  3.80683810e-01  8.05906057e-01  2.98864335e-01
 -3.80589038e-01 -4.38035071e-01 -3.59504759e-01  4.74650366e-03
 -1.66853279e-01 -2.00264648e-01 -2.72379935e-01 -8.04928988e-02
 -4.30613309e-01  9.21047404e-02 -1.81933418e-02 -4.22375113e-01
 -2.11610466e-01 -6.73562229e-01 -4.09595877e-01 -1.94722429e-01
  7.96057954e-02 -1.05414677e+00  4.86203194e-01  3.77001077e-01
  4.29721326e-01 -4.69914138e-01 -5.45828342e-01  1.05630510e-01
 -3.78208369e-01 -7.83784613e-02  8.31684470e-03  3.07626545e-01
 -1.92371115e-01  3.85910720e-02 -3.07302535e-01 -1.76168993e-01
 -4.49075818e-01 -6.04020879e-02 -9.06434596e-01 -4.91103590e-01
  7.82221835e-03  3.15909535e-01 -1.26313761e-01  1.42937720e-01
  1.22101225e-01  5.54507017e-01 -3.26962858e-01  4.38868476e-04
 -6.39667928e-01  4.57862318e-01  7.32912838e-01 -1.58856437e-01
  4.05183554e-01  4.88288969e-01  1.83513328e-01  3.60627532e-01
  3.29953320e-02  3.53134662e-01 -6.65375531e-01 -1.12098195e-01
  7.20381379e-01 -2.60905772e-01  2.89892644e-01  1.10164108e-02
 -4.16402549e-01  2.02763319e-01 -4.26158547e-01 -2.66568601e-01
 -2.81747222e-01  1.15441702e-01 -1.80369794e-01 -2.21825372e-02
  3.61537337e-01  6.95248842e-01 -9.21077654e-02  5.07843256e-01
  9.01524723e-02 -1.61741644e-01  6.47813737e-01  3.50983620e-01
 -5.20194769e-01  1.64731964e-01 -5.46946861e-02  3.94543171e-01
  2.97110975e-01  2.71569580e-01  6.53318584e-01  4.22279656e-01
 -1.56808183e-01  2.98361033e-01  2.89915830e-01  4.20342356e-01
 -2.56765366e-01 -5.78115106e-01 -6.52232766e-02  1.14136701e-02
 -4.72823828e-01 -2.42414594e-01  3.61390471e-01 -2.24036016e-02
  3.36996347e-01 -7.07713841e-03 -8.40031743e-01 -6.16850972e-01
 -6.44645214e-01 -4.74027880e-02 -1.57048404e-01 -2.54752557e-03
  8.25879037e-01 -8.61581787e-02 -7.35335946e-01  6.56368077e-01
  1.82123289e-01  2.81977773e-01  4.43847656e-01 -1.38205960e-01
 -7.79041499e-02  3.11078459e-01  2.43604839e-01  7.47796297e-02
  4.72121507e-01  2.63671298e-02 -2.08745092e-01 -6.66381776e-01
  4.95785475e-01 -5.16476221e-02  1.76061168e-01 -2.93902874e-01
  5.30614972e-01  1.26364399e-02 -6.59676552e-01 -6.31372333e-01
 -1.75144114e-02 -1.02907471e-01  1.85661539e-02  2.08101850e-02
 -1.21669389e-01  7.61394501e-02  3.09686750e-01  3.45534831e-01
  7.77953148e-01 -3.51694882e-01  1.71501324e-01  6.85933232e-01
  6.57720029e-01 -2.24097624e-01 -7.60074034e-02 -4.05994505e-01
 -3.62349927e-01 -3.56441528e-01  2.69671082e-01 -1.86617881e-01
 -2.47191757e-01 -4.58816171e-01 -1.06687164e+00 -5.94184995e-01
  6.88545108e-02 -6.16423905e-01  3.20113122e-01  2.79986352e-01
  1.85047612e-01 -2.90233314e-01 -1.90551654e-01 -4.88676786e-01
  3.71414334e-01 -7.00740435e-04  2.67010272e-01  7.69363791e-02
 -4.73610014e-01  1.33438811e-01 -7.45075047e-01 -4.25966293e-01
  8.52061510e-01  7.53365099e-01 -6.25388563e-01 -1.40557274e-01
  4.06823218e-01 -4.35151756e-01 -5.25170803e-01 -3.28803658e-01
 -5.74375466e-02  3.08558363e-02 -5.77387623e-02 -2.68395454e-01
  2.90498078e-01  1.61290944e-01  2.09991693e-01 -4.57261577e-02
  4.51499283e-01  3.84204865e-01  5.71915090e-01  1.08089730e-01
 -1.36249527e-01  6.70223534e-02 -5.86427093e-01  4.91193891e-01
  2.61366427e-01  4.04793292e-01 -3.85958046e-01  2.09836721e-01
  8.78538132e-01 -5.35625100e-01  4.17565823e-01  5.21707237e-01
  4.87250298e-01  5.05094051e-01 -5.26231825e-01 -1.25313699e-02
 -8.84643614e-01  6.86695278e-02  4.64947000e-02  1.76208001e-02
  4.84792501e-01  6.37591779e-02 -3.19555372e-01 -5.45577586e-01
 -5.25549293e-01  3.50794435e-01  4.24982637e-01  4.17923957e-01
 -8.77870917e-02 -2.20574439e-02  5.46147406e-01  3.95370513e-01
  8.96842107e-02 -4.36755598e-01  1.70456529e-01  2.64189959e-01
  7.81404018e-01 -1.99582472e-01  5.43830276e-01 -7.51701176e-01
 -1.19076812e+00  2.65535891e-01  8.68844390e-02  2.74184700e-02
  3.62259537e-01 -4.81481344e-01  7.94841275e-02  1.42918900e-01
  3.31556380e-01  1.80438329e-02 -4.92835850e-01 -8.23775291e-01
 -7.86128268e-02  9.57009718e-02 -5.68129182e-01  3.64212617e-02
  1.51638845e-02  9.13373888e-01  4.65123206e-01 -1.34123981e-01
 -2.41982758e-01  1.04913783e+00  1.45522848e-01  1.20935209e-01
 -1.44281223e-01 -4.21544015e-02  1.29934892e-01  2.26772994e-01
  1.31560490e-01 -4.52049792e-01 -3.33946019e-01  2.57350594e-01
 -5.29917538e-01  6.13833815e-02 -2.56033361e-01  1.77683309e-02
  1.50968522e-01 -1.13515425e-02 -2.67582446e-01 -3.72143298e-01
 -1.48681670e-01 -1.72459960e-01 -7.15766549e-01  2.66040862e-01
  1.26407612e-02 -2.04727594e-02 -3.71579856e-01 -1.51869971e-02
 -5.96589684e-01 -3.34111661e-01  7.51203392e-03  5.59155583e-01
 -7.13556886e-01 -6.28375888e-01  5.80643237e-01 -2.13782012e-01
 -2.62025416e-01 -7.18983829e-01  1.42495885e-01  8.16798732e-02
  5.32587826e-01 -2.10769907e-01  2.72367030e-01 -3.99312615e-01
 -1.50620993e-02  1.06755324e-01 -1.09015815e-01  5.56852460e-01
 -1.01873598e+01  1.71142861e-01 -4.46446866e-01 -1.13863909e+00
 -6.65484443e-02  1.58886164e-01  4.51073676e-01  3.38424951e-01
 -2.20477492e-01 -8.47415477e-02 -6.01294562e-02  4.05085295e-01
  3.03303510e-01  3.22946548e-01 -9.58641350e-01 -1.25276193e-01
 -3.60988945e-01 -2.08340108e-01  6.64683804e-02 -6.70790434e-01
 -2.60911703e-01 -4.50433105e-01  6.06779873e-01  6.37122393e-01
  3.50347795e-02 -3.59295547e-01 -4.89420116e-01  2.31084332e-01
  8.90985597e-03  2.50889063e-01 -6.30751550e-01  6.52456522e-01
  1.43231973e-01  4.51670110e-01  8.66411403e-02 -9.74258259e-02
 -2.71300703e-01  6.25793517e-01 -3.70002449e-01  3.42485100e-01
  2.64654845e-01  3.65608931e-01 -3.20258260e-01 -7.97861964e-02
  6.59766570e-02  7.07174838e-02  5.85534215e-01  2.20264763e-01
  6.85213625e-01  7.00863302e-02 -1.76350757e-01  2.85056561e-01
 -2.57746279e-01  5.63963056e-02 -2.89305858e-03  7.37100244e-02
  8.30139816e-01 -1.71529815e-01 -2.74008870e-01  1.09150246e-01
  4.21118468e-01 -5.83479963e-02  4.83291119e-01  7.38198519e-01
  2.02137336e-01  6.53232485e-02  4.99131083e-01  5.63167334e-01
 -6.76371276e-01 -1.97998613e-01  2.10409850e-01  2.61923164e-01
 -8.63594115e-02  3.74580890e-01 -3.16290021e-01  5.31469226e-01
  4.36622053e-02 -1.05829358e-01 -7.81411827e-02  2.98099250e-01
  8.34752738e-01 -4.99027908e-01  1.11067981e-01  3.54934752e-01
 -1.29341447e+00  3.75192873e-02 -7.84960836e-02  2.69360363e-01
  2.12021247e-01 -7.35856891e-01  4.59265083e-01 -5.31073213e-01
 -6.01497471e-01  3.06140661e-01  4.00391579e-01 -3.96174520e-01
 -1.14305161e-01  1.39166832e-01  3.90625387e-01 -2.02238992e-01]"
モ,"[ 9.75756943e-01  6.74968064e-01  9.16028261e-01 -5.77044547e-01
  1.01051219e-01 -9.59448740e-02  2.26067886e-01  2.38940507e-01
 -3.94376129e-01 -3.93854789e-02  4.40192848e-01 -6.59103453e-01
 -1.60127982e-01 -3.06484461e-01  1.34465992e-01 -4.57465112e-01
  6.25317022e-02 -3.29531997e-01 -2.20506415e-01 -3.12297016e-01
 -8.91977012e-01 -7.59420753e-01 -1.85379893e-01  2.18892097e-01
 -1.91052616e-01 -9.85809565e-01  1.00717939e-01  5.94954073e-01
  2.63505816e-01 -5.72512209e-01 -2.78642088e-01 -6.29119799e-02
  7.36200577e-03  2.45850340e-01 -7.45445311e-01  7.58118555e-02
  3.32646593e-02 -3.87177259e-01 -5.06983623e-02 -6.29001185e-02
  1.15248241e-01 -4.26904887e-01 -4.45393384e-01  3.78535211e-01
 -2.07151383e-01  3.53713900e-01 -3.12234648e-02  3.14299732e-01
  2.18358800e-01  2.20113158e-01 -4.03873801e-01  4.04152155e-01
  4.25471693e-01 -1.67482823e-01  2.16524035e-01 -4.73079473e-01
  3.04925293e-01 -5.63924611e-01  1.72000855e-01  6.03202701e-01
 -2.39325076e-01  6.90906048e-02  1.04558468e-01  2.97801018e-01
  4.70392890e-02  1.19282149e-01 -1.33763209e-01 -1.66622251e-01
 -1.56889483e-01 -1.52239352e-01 -5.15811257e-02  9.41227525e-02
 -2.16425091e-01 -1.37162372e-01  1.00719404e+00 -2.37038448e-01
 -2.47733034e-02  3.81082952e-01 -2.73000360e-01 -4.65392202e-01
 -1.04133949e-01  5.72119951e-01  3.50106955e-02 -7.76564717e-01
 -7.09255859e-02  4.56337154e-01 -7.20024168e-01 -1.20204258e+00
  3.91197801e-01 -2.85273641e-01 -1.57026455e-01 -1.53400451e-01
  4.71417196e-02  4.68172938e-01  9.70913321e-02  7.30906948e-02
  1.13217592e-01 -2.42391884e-01  1.72794551e-01  6.40255153e-01
 -5.81529774e-02  1.23432353e-01  3.32456678e-01 -3.27588230e-01
 -1.58526704e-01  1.39141724e-01 -1.20074511e-01  1.88875139e-01
 -2.06046715e-01  2.48143405e-01 -5.33352196e-01 -9.79328156e-01
 -6.88660085e-01  9.63836759e-02  2.44003639e-01 -2.30065510e-01
 -4.47376162e-01  4.72928554e-01  2.12813565e-03  3.37137491e-01
 -1.65512025e-01 -1.43981827e-02 -1.76517293e-01 -1.01098940e-01
  1.61820054e-01 -5.56167122e-03  6.63326532e-02  1.36193978e-02
  1.68533176e-01  6.54277857e-03 -5.12389958e-01 -2.53454000e-01
 -6.64819181e-01 -7.51880705e-02 -3.03985417e-01  7.24541545e-01
 -2.33443547e-02  2.93645322e-01 -1.28709808e-01 -2.57544398e-01
 -5.93218543e-02  7.96478987e-03  4.46497977e-01 -4.08153176e-01
  8.56433883e-02 -3.51947904e-01 -2.40995690e-01 -5.75999856e-01
 -1.14033759e-01  2.87822306e-01 -3.48379582e-01  7.43765354e-01
 -7.31770277e-01  4.01932627e-01  1.30682692e-01  3.69663775e-01
 -5.71694314e-01 -3.28275979e-01 -2.15784669e-01 -7.82648250e-02
  2.43225262e-01 -3.28131378e-01  2.56691664e-01  1.04505682e+00
  7.64662586e-03 -1.52338579e-01  5.65812945e-01  2.98285365e-01
 -5.25276735e-02  6.84965968e-01  8.82208467e-01  1.98411062e-01
  2.87016392e-01 -1.00689851e-01  1.93329796e-01  1.89386025e-01
  8.50188017e-01  3.37181091e-01 -3.32229108e-01 -2.92867750e-01
  5.19032896e-01 -1.70811027e-01  1.53685227e-01 -5.71572185e-01
  4.33035403e-01 -3.45900953e-01  4.60724950e-01 -1.27980530e-01
  8.52313116e-02 -5.38889356e-02 -9.31285992e-02 -2.02121451e-01
  2.72034287e-01 -2.63615966e-01 -4.52254832e-01 -3.66570055e-01
  1.06261671e-01 -1.38138950e-01 -9.66908224e-03  1.83407143e-01
  1.18935563e-01  1.15183294e-02 -1.24982841e-01 -1.11115003e+00
 -5.00522316e-01  5.14432371e-01  3.94202143e-01  7.60498405e-01
  6.16024315e-01  5.86320996e-01 -1.09442897e-01  3.09486777e-01
  4.32984173e-01  1.04367785e-01  8.11539590e-01 -4.40365411e-02
 -4.80497122e-01 -5.23110986e-01  7.59973377e-02 -1.08470641e-01
  7.26266563e-01 -2.27150992e-01  6.68463856e-02  8.28060210e-02
  1.15788266e-01  1.25667065e-01  1.84345484e-01 -2.01199964e-01
 -1.00434795e-01  5.57638109e-01 -8.03869545e-01 -1.89767078e-01
 -7.07880676e-01  2.98724417e-02 -6.93244994e-01 -2.61894196e-01
 -5.14877379e-01 -4.96751964e-01 -6.16010129e-01  1.88669384e-01
 -4.89765257e-02 -4.23200309e-01  1.86805829e-01 -3.49718541e-01
  1.50179312e-01  9.87772346e-01 -1.09773397e-01 -2.37123445e-01
  9.14276391e-02  4.76601198e-02 -3.57734174e-01 -6.22891903e-01
 -5.40060876e-03 -8.36046338e-01  9.03699875e-01  3.56498003e-01
  6.08864725e-01  1.14167936e-01  4.40646946e-01 -5.34560680e-01
  4.14428338e-02 -6.76720977e-01 -4.21978444e-01  1.22960560e-01
  4.71838892e-01 -1.21195711e-01  1.57498479e-01 -6.38704654e-03
 -1.72513649e-01 -4.32172120e-01  1.80459872e-01  2.94286340e-01
 -1.64544433e-01 -3.27110797e-01  1.31196156e-01  1.47378817e-01
 -3.85553062e-01  8.93880427e-01 -5.58604300e-01  2.72626013e-01
 -4.53839451e-01  4.36329752e-01 -2.73097903e-01 -2.56797582e-01
  5.40732443e-02  1.25018120e-01 -5.10649979e-01 -5.04771173e-01
 -1.30520776e-01  6.16267204e-01  6.88133061e-01 -5.19388735e-01
  1.17315287e-02  6.07722402e-01 -8.10673274e-03  7.22132921e-02
  1.19690754e-01  2.17490271e-01 -2.39255548e-01 -6.11079276e-01
  7.40555227e-01 -2.35992167e-02  2.67330259e-01 -1.85644493e-01
 -2.91665681e-02 -4.45930660e-01  6.73999786e-02  1.88850015e-01
  4.03667629e-01 -1.06779128e-01  6.40957832e-01  9.84383523e-01
 -2.14936167e-01 -2.97908306e-01  4.48539019e-01  6.62284076e-01
 -1.85383260e+00 -2.04166040e-01  2.17079163e-01 -2.74829008e-02
 -8.25949192e-01  2.28522256e-01  1.90947369e-01  1.92611486e-01
  9.97032691e-03 -9.48241591e-01  8.18393350e-01  2.44650051e-01
 -5.02013490e-02 -1.03988327e-01  4.77635205e-01  2.16019705e-01
 -2.53480315e-01 -6.50396943e-01  4.11745727e-01  2.58943468e-01
 -2.84033716e-01 -3.75125498e-01  2.73473114e-01 -2.65557736e-01
 -2.80286700e-01  1.45842060e-01 -1.91887021e-01  3.02558094e-01
 -3.03958714e-01 -1.21705011e-01  2.76422441e-01  7.83196688e-01
  4.91666734e-01  7.06509292e-01 -6.34209216e-01 -2.03523695e-01
 -3.06122266e-02 -9.17494483e-03 -2.11075135e-02 -6.47863090e-01
 -1.48485035e-01 -1.50659442e-01 -9.09792185e-02 -3.54387581e-01
  1.11416332e-01  3.38380963e-01  1.93474129e-01 -7.97038078e-02
 -3.86703074e-01  3.04047644e-01  7.62456954e-01  8.77795219e-02
 -1.76154941e-01  3.12930256e-01  6.99005008e-01  2.82450676e-01
  8.29887539e-02 -3.93003374e-01  3.22351485e-01 -5.01899779e-01
  1.58990815e-01 -4.64529961e-01 -2.61761118e-02  5.80502450e-01
 -5.00478089e-01  3.03107202e-01  4.08559829e-01 -3.42500538e-01
 -5.25531471e-01 -4.40891773e-01 -1.82147145e-01 -1.56982869e-01
 -9.16477069e-02 -9.25133228e-01  1.03032446e+00  3.31162781e-01
  2.69111991e-01 -2.45103046e-01 -6.22783124e-01  2.37553380e-02
 -1.31810039e-01 -1.16003782e-01 -3.74749526e-02  4.02593404e-01
 -1.92658752e-01 -3.36723179e-01 -2.79729724e-01 -1.73724949e-01
 -1.00987244e+00  7.88132772e-02 -9.57037628e-01 -3.98487628e-01
  2.79314090e-02  7.08143413e-01 -9.27544758e-02 -1.72958806e-01
  1.13585949e-01  2.98995584e-01 -4.36409116e-01 -4.13961112e-01
 -4.06709574e-02  8.01093638e-01 -2.46902779e-01  5.33362431e-03
  5.76893270e-01  1.95790127e-01  6.38142884e-01 -1.39802992e-01
  1.97150528e-01  5.49620390e-02 -5.68130672e-01 -4.31033552e-01
  5.81697464e-01 -3.64178747e-01  5.21148562e-01 -2.23251134e-01
 -2.18383417e-01  4.44451243e-01 -1.78330109e-01 -7.22008049e-01
  1.84738278e-01  2.72115499e-01 -3.10775101e-01  3.59497964e-01
  1.72973111e-01  8.99496853e-01  1.83706060e-01 -4.43672910e-02
  6.32839277e-02  1.43633142e-01  6.97289407e-01 -3.16822886e-01
  6.05561957e-02 -2.85712421e-01  5.43934762e-01  7.67478049e-01
  4.27803457e-01  3.16206157e-01  8.60169053e-01  8.03180635e-02
 -5.94487429e-01  2.44134888e-01 -4.35755886e-02 -3.62314433e-02
 -2.40085989e-01  3.82260740e-01 -4.05005336e-01 -1.82815194e-01
 -1.84448600e-01 -8.29601735e-02  5.22892416e-01 -3.19916070e-01
  1.16957471e-01 -3.03725988e-01 -4.51095074e-01 -5.25262773e-01
 -8.41379523e-01  2.39417598e-01 -6.01539612e-01 -1.30529795e-02
  3.04487944e-01 -1.64826587e-03 -1.08015411e-01  4.33767915e-01
  1.29922524e-01  4.14362848e-01  5.14305085e-02 -3.37300867e-01
 -1.61128163e-01  4.99034375e-01 -1.00654393e-01 -2.74118006e-01
 -6.80951476e-02  1.90677673e-01 -3.96453470e-01 -6.87705278e-01
  1.04857959e-01 -2.47327670e-01  8.35115761e-02 -5.91364205e-02
  6.53218031e-01  2.37732813e-01 -4.45876837e-01 -2.61527929e-03
 -1.47708476e-01 -1.99250475e-01  1.10435672e-01 -8.35794449e-01
 -1.47008628e-01 -1.41196800e-02 -2.87028980e-02  1.59210831e-01
  4.54539329e-01 -4.36360747e-01 -3.17184240e-01  5.32982767e-01
  2.85133958e-01 -2.11249247e-01  1.74937937e-02 -2.14189082e-01
 -5.69875062e-01  4.22087908e-01  2.38896459e-01  1.04245665e-02
  1.95125759e-01  5.91490567e-02 -6.78799510e-01 -4.57350433e-01
 -3.31151128e-01 -1.00045502e+00  4.20969158e-01 -6.00189678e-02
  2.49949247e-01 -4.99759823e-01  1.24455346e-02 -1.19838819e-01
  3.08549792e-01 -6.11564983e-03  5.10685816e-02 -1.34130463e-01
 -2.49842823e-01 -1.00819819e-01  1.87229618e-01 -9.02981460e-01
  9.03473139e-01  3.63518655e-01 -6.41335428e-01  1.06524393e-01
  8.73376489e-01  5.53631246e-01 -2.26671502e-01  3.44685197e-01
  1.92849245e-02 -2.07043499e-01  1.27179891e-01 -1.30400658e-01
  3.51154655e-01  6.05747521e-01 -1.67865202e-01  1.97754920e-01
  7.21139491e-01  3.17692220e-01  3.47689509e-01  5.29764034e-03
 -9.84115303e-02  4.31212746e-02 -2.44405538e-01  3.46200198e-01
 -1.86165012e-02  4.39985573e-01 -2.94718832e-01  8.13968420e-01
  7.10666835e-01 -4.17012125e-01 -1.65732443e-01  9.04951274e-01
  5.78546524e-01  3.50277632e-01 -4.79523577e-02  4.23387319e-01
 -6.42379820e-01  1.00579653e-02  7.96366513e-01  4.84119318e-02
  8.74627978e-02  2.31978774e-01 -2.54809856e-01 -1.38683587e-01
  2.29974285e-01 -3.60155731e-01  3.68518621e-01  7.43602589e-02
  1.44925699e-01  1.21415272e-01  9.47496355e-01  1.29447609e-01
 -1.17219828e-01 -2.82986999e-01  2.72374991e-02  9.70702469e-01
  4.00325179e-01  1.16124138e-01  4.18478996e-01 -5.23989677e-01
 -7.16021240e-01  2.88488418e-01  2.39597335e-01  4.18102741e-01
  3.31413150e-01 -3.17122430e-01 -8.33709836e-01  3.32334369e-01
  5.15629649e-02  2.66288996e-01 -2.18733370e-01 -6.29638433e-01
  3.68710220e-01  1.32643223e-01 -7.11184084e-01  1.60705224e-02
  1.20414972e-01  7.22823858e-01  2.05795262e-02  4.81191635e-01
  5.41338146e-01  3.80557954e-01 -2.81528473e-01 -1.49994627e-01
  2.98053592e-01 -6.21722750e-02  5.82227483e-02 -1.64368331e-01
  7.19732270e-02 -1.20018378e-01 -4.78173792e-01  2.56337136e-01
 -1.52921036e-01 -7.30245486e-02 -4.62291181e-01 -8.72256756e-02
  4.06261057e-01  3.69172613e-03 -1.31576091e-01 -4.31925088e-01
 -1.21737868e-02  1.15828618e-01 -6.25078797e-01 -2.70632744e-01
  2.24060372e-01 -2.30924860e-01  5.54384403e-02 -1.03726916e-01
 -8.49404931e-01 -6.62601829e-01 -1.64915770e-01  2.19853163e-01
 -7.17615008e-01 -5.07914841e-01  5.16055882e-01  1.80120438e-01
  2.22618803e-01 -1.57521641e+00  3.35209727e-01 -7.14263171e-02
  5.81639290e-01  1.29725963e-01  3.13245296e-01  5.55768237e-02
 -6.98352838e-03 -3.70092154e-01 -3.03186119e-01 -1.25534832e-01
 -1.01181898e+01 -2.47398734e-01 -7.39145637e-01 -3.91312301e-01
 -4.69169885e-01 -1.83402270e-01  8.87967527e-01  6.41996503e-01
  5.25713973e-02  4.37591374e-01 -2.92742819e-01  8.74848306e-01
  2.37339988e-01  1.89436138e-01 -2.89359599e-01  2.63220668e-02
 -3.25541675e-01 -3.56066167e-01 -2.38994747e-01 -2.28842035e-01
 -1.80810183e-01 -2.93628931e-01  2.54836857e-01  1.99712306e-01
  4.18225050e-01 -4.88089263e-01  1.85437247e-01  2.55253643e-01
 -4.02128786e-01  4.13817585e-01 -4.68402892e-01  5.11424839e-01
 -3.04983795e-01  4.36678261e-01 -2.62591958e-01  5.39095467e-03
  1.75157309e-01  2.32889175e-01 -3.69778842e-01  4.63871032e-01
  5.12973905e-01  2.72680879e-01 -2.39656381e-02  1.50434777e-01
  5.09492636e-01  2.26622492e-01  3.75436485e-01  3.67631376e-01
  5.87722421e-01 -1.10685807e-02  2.66385466e-01 -1.60942242e-01
  3.62809390e-01 -4.39754725e-01 -1.68709964e-01 -2.62978792e-01
  8.34632099e-01 -7.00718164e-01  2.63439059e-01  3.40358019e-02
  3.74540716e-01  1.81333557e-01  4.82449085e-01  8.31015587e-01
  3.25197726e-01  4.92981166e-01  3.22527528e-01 -2.37648040e-02
 -7.49128282e-01 -4.80870128e-01  3.46692681e-01  4.03109431e-01
 -1.92122817e-01  1.64627969e-01  2.25998834e-01  5.87944798e-02
 -1.39586627e-01  6.41438961e-02  7.50380039e-01 -2.59752363e-01
 -1.16587151e-02 -4.07802224e-01  7.86360428e-02  3.92059207e-01
 -6.43795907e-01  3.94785225e-01  2.51510859e-01 -3.72777879e-01
 -1.55958086e-02 -2.17491854e-02  6.76865876e-01 -1.40609026e-01
 -6.46511436e-01  2.86207646e-01 -4.59172344e-03 -4.35084671e-01
  1.67312413e-01 -2.95110762e-01  3.18316787e-01 -3.20817232e-01]"
ネ,"[-9.04624909e-02  2.91434854e-01  9.04282928e-01 -5.26531518e-01
  3.02941799e-01  6.85989618e-01  6.58910945e-02  6.44199014e-01
 -1.46322727e-01 -5.39845169e-01  5.75140417e-01 -5.78725874e-01
 -1.04360715e-01 -1.21249676e-01  4.42352802e-01 -2.36637324e-01
  1.12872146e-01 -1.29227266e-01  5.09248786e-02 -8.19203138e-01
 -1.00466204e+00 -3.25135350e-01 -1.07780449e-01  3.18066269e-01
  1.63871512e-01 -3.80425841e-01 -3.34224641e-01  2.38293231e-01
  1.62795000e-02 -3.78982835e-02 -2.23315597e-01 -1.67192165e-02
  2.80671939e-02 -1.33340016e-01 -2.48226181e-01  1.37488201e-01
  3.36142838e-01 -1.65118918e-01  1.00864172e-01 -2.56837934e-01
 -2.23948956e-02  2.91657418e-01  2.87697047e-01 -1.48040473e-01
 -6.36554807e-02  8.94070983e-01 -1.04083335e-02  5.54164588e-01
  5.44723451e-01  4.92274389e-02 -3.07690233e-01  3.06089222e-01
  2.01426774e-01  2.50163645e-01  3.28588575e-01 -1.71061948e-01
  5.22628546e-01 -7.24975169e-01 -3.49913627e-01  2.62754649e-01
 -5.10370076e-01 -4.83010739e-01  4.54653025e-01  4.36647385e-01
 -2.43526906e-01 -4.47186917e-01  9.96631607e-02 -5.92703760e-01
  1.82454977e-02 -9.45511222e-01 -1.68086708e-01  3.94600809e-01
  2.53333598e-01 -4.07012165e-01  5.96204579e-01 -2.49409243e-01
 -1.73832744e-01  2.45984912e-01 -3.50573212e-02 -1.09094687e-01
  2.18520060e-01  1.93456843e-01  1.40325397e-01 -2.34586954e-01
  4.91658859e-02  8.81952792e-02 -3.37671012e-01 -4.96242672e-01
  3.55932444e-01 -4.25803810e-01 -1.92581028e-01  1.26382530e-01
  3.92620057e-01 -5.40257275e-01  4.22997959e-02 -2.37050995e-01
  1.69873357e-01 -3.93021435e-01 -2.39478797e-01  7.40128532e-02
 -1.46760240e-01 -1.83989465e-01  3.92607570e-01  1.36662096e-01
 -1.05394185e-01  2.90613145e-01 -4.01018828e-01  3.19626570e-01
 -2.31695473e-01  1.13191880e-01 -4.60313648e-01 -4.10404265e-01
 -7.45987222e-02  1.97018266e-01 -2.10347384e-01  4.16215450e-01
 -1.63839415e-01  3.70822430e-01 -3.47851992e-01  2.07409233e-01
  4.67015773e-01  3.49357069e-01 -2.65290916e-01 -8.05102661e-02
 -2.12034047e-01  2.75029480e-01 -2.00369924e-01  5.63736856e-02
 -3.37331146e-01 -4.21698689e-01 -6.46777004e-02  3.01258750e-02
 -3.00148815e-01 -2.13919178e-01 -1.31793723e-01  1.15191209e+00
  1.89576261e-02 -1.84155300e-01 -8.66636559e-02 -5.57760000e-01
 -5.18743753e-01  4.10831183e-01 -7.63097778e-02  4.87296879e-02
  1.62575349e-01  5.49742401e-01 -2.40379184e-01 -3.44399899e-01
 -1.10672042e-02  4.87232268e-01 -3.71624142e-01  9.81789291e-01
 -7.86096692e-01  2.86217839e-01  1.12387620e-01  1.31132349e-01
 -6.78511977e-01  1.74601719e-01  8.95658061e-02  4.82283801e-01
  4.10757989e-01 -2.46389464e-01  4.10163626e-02  2.82058626e-01
 -6.89423084e-02  3.54495458e-02  2.54838318e-01  2.03212932e-01
 -6.95834532e-02  3.42621088e-01  1.44752711e-01  3.17427486e-01
  1.66459590e-01 -1.24789782e-01  3.89051110e-01  1.87201396e-01
  2.09892884e-01  1.67635843e-01  5.29015400e-02 -3.45066220e-01
  1.10254586e-01 -4.13207918e-01  1.92251444e-01 -4.57222879e-01
  4.04114515e-01 -2.47576088e-02 -1.04889557e-01  2.22668663e-01
 -4.78862494e-01  1.66096643e-01 -2.25358829e-01 -4.39917088e-01
  1.90173760e-01 -5.31242847e-01  2.11855277e-01 -5.35987616e-01
  2.93876439e-01 -4.92867291e-01 -2.15750828e-01  5.71224451e-01
 -5.12602814e-02  3.77107173e-01 -9.45263878e-02 -4.19214517e-01
 -5.00518143e-01 -2.16431707e-01  4.29751910e-03  3.50658000e-01
  3.51923287e-01  3.96558523e-01  2.83405595e-02  8.55740130e-01
  4.13030475e-01 -2.99773924e-02  8.93852413e-02 -5.99222407e-02
 -3.80011022e-01 -7.58654714e-01  4.94451553e-01 -6.63681984e-01
  1.79880768e-01 -3.13959658e-01  3.65312129e-01  9.30416510e-02
  4.32038248e-01  4.63480890e-01  6.89244494e-02 -4.07869101e-01
 -2.40783185e-01  1.91179663e-02 -5.73649287e-01 -8.06379974e-01
 -4.18702036e-01 -5.34186177e-02 -7.15543389e-01 -1.48613468e-01
  8.15653577e-02  2.06242517e-01 -5.05281746e-01  4.49112356e-01
  5.07456243e-01 -2.24411309e-01  1.60502821e-01 -6.09640479e-01
 -1.79380789e-01  1.54849708e-01  3.55339557e-01 -2.57735580e-01
 -2.09210962e-01  3.95354554e-02 -5.28824747e-01 -4.16626096e-01
  5.03833652e-01 -5.66850424e-01  1.13676417e+00  4.62972969e-01
  6.13855720e-01 -3.48984957e-01  8.71286169e-02 -3.18558186e-01
 -2.35825986e-01 -1.15521383e+00 -2.01638322e-02  2.70594954e-01
  1.45149067e-01 -2.10827693e-01  4.10884440e-01 -4.29026574e-01
 -1.40642181e-01 -3.78177106e-01  7.60002077e-01 -1.34463469e-02
  1.67017132e-01  1.85481519e-01 -2.59697527e-01  2.73689628e-01
 -2.38430023e-01  5.48707366e-01 -2.55952597e-01  1.32287577e-01
 -6.87547743e-01  8.26127008e-02 -6.87123895e-01  1.63853824e-01
 -1.53401300e-01 -1.06001213e-01 -3.22762311e-01 -3.41239683e-02
 -4.99950320e-01  3.26750427e-01  5.60471773e-01 -3.97723645e-01
 -1.82751611e-01 -2.46611059e-01 -3.42375934e-01  1.59855917e-01
  3.71764928e-01  3.66831422e-01 -6.80406511e-01  2.09172815e-03
 -5.55881625e-03  5.19457817e-01  1.37395307e-01 -1.24314897e-01
 -7.33662471e-02 -5.35979509e-01 -2.63219446e-01 -1.96582124e-01
  7.59749562e-02 -3.16858023e-01 -1.81485951e-01  6.68097258e-01
 -6.26976192e-01  4.12821800e-01  2.58027971e-01  5.63023448e-01
 -1.29059803e+00 -3.66715699e-01  3.51393908e-01  2.58923620e-01
 -4.67196524e-01  3.13937455e-01 -3.62828560e-02  2.38759398e-01
 -2.15992093e-01 -2.30961740e-01  8.40286195e-01  2.38141552e-01
 -1.63931146e-01 -6.29633248e-01  4.33969349e-01  2.28680760e-01
  4.88821119e-01 -4.45836753e-01  1.87543988e-01  5.85531950e-01
 -1.41987652e-01  6.59430847e-02  1.00673079e-01 -4.64237779e-01
  2.70666461e-02  1.69738129e-01  4.21636134e-01  4.66075927e-01
 -1.67522430e-01 -1.03586853e-01  2.10953221e-01  6.98619664e-01
  9.89115655e-01  6.03332281e-01 -7.64152333e-02 -2.53402919e-01
  7.43955299e-02  5.03931999e-01  3.38376015e-01 -2.28894025e-01
 -6.42153025e-02 -2.77762711e-02  6.55643523e-01 -7.56156221e-02
  2.79294461e-01  2.18934745e-01  3.67987007e-01  3.07341628e-02
  1.58519000e-01 -1.74270943e-02  3.41687649e-01  3.03104341e-01
  6.87781796e-02  3.62821758e-01  9.83503819e-01  6.68450370e-02
 -7.60772765e-01 -5.69037557e-01 -2.79689450e-02 -3.98506582e-01
 -2.82947361e-01 -2.52855062e-01 -2.38510132e-01  9.43529531e-02
 -9.04832333e-02 -1.52296349e-01  1.56231195e-01 -4.07851577e-01
  3.57277282e-02 -1.57201827e-01 -7.20250785e-01 -2.56466538e-01
  2.72460915e-02 -5.98547339e-01  1.10299492e+00  5.00133857e-02
  4.25731450e-01 -3.61306727e-01 -3.36037517e-01 -1.77387878e-01
 -8.16658854e-01 -2.19012067e-01 -8.62146169e-02  3.90553206e-01
 -3.91580075e-01  1.92649111e-01 -4.27440137e-01 -3.58074069e-01
 -4.61346984e-01 -1.19693885e-02 -4.97505754e-01  8.09079781e-03
  3.40710968e-01  9.39312696e-01  2.21082389e-01  2.71491110e-01
  3.70989531e-01 -6.18120991e-02 -7.10445166e-01  2.79040992e-01
 -6.45683944e-01  2.67435342e-01  3.85630829e-03 -7.20230117e-03
  3.97108376e-01  7.22920954e-01  4.72843260e-01  3.39375734e-01
  4.04270768e-01 -2.89507002e-01 -5.73215067e-01 -4.24756050e-01
  7.53117561e-01 -2.68197268e-01  4.87396151e-01 -1.57304585e-01
  2.37973824e-01  5.03080189e-01 -2.44404033e-01  1.03816390e-01
  2.52828628e-01  2.06549093e-01 -4.53231096e-01  4.56806868e-02
  4.23182786e-01  6.66696608e-01  3.67090136e-01 -1.00858986e-01
 -2.01791450e-01 -2.48435259e-01  5.08106112e-01  4.23552752e-01
 -1.82344154e-01  8.91690403e-02  9.00240019e-02  7.33899891e-01
  4.76315945e-01  1.31931141e-01  4.94981110e-01  4.51987088e-01
  2.15527773e-01  1.76788628e-01  2.26882279e-01 -1.14835827e-02
 -2.09250405e-01 -3.67237739e-02 -4.39783514e-01 -3.43748957e-01
 -2.56312519e-01  7.71972761e-02  3.57133865e-01  1.89720660e-01
  3.62151891e-01 -4.80001271e-02 -6.33927166e-01 -7.82052040e-01
 -8.22273672e-01  1.21643096e-01 -5.95558047e-01 -2.40201913e-02
  7.10253775e-01  1.78383902e-01 -2.72605360e-01  9.34899449e-01
  1.49844155e-01  2.29564756e-02  5.00631690e-01 -8.06579411e-01
 -1.47176951e-01  2.82049865e-01 -1.41367048e-01 -1.86054558e-01
  4.98373836e-01  6.05515055e-02 -4.90867972e-01 -9.55327153e-01
  3.36250633e-01 -2.58079171e-01  1.98026806e-01 -4.73208725e-01
  4.31098431e-01  3.33318681e-01 -7.75256753e-01 -5.72458863e-01
 -8.05055797e-02 -2.92891674e-02  2.21863717e-01 -3.40204120e-01
  1.94220021e-01  1.86329126e-01  2.94644862e-01  2.53958642e-01
  9.13877308e-01 -2.99790531e-01  3.08296680e-01  4.08229053e-01
  5.57941675e-01 -3.35355103e-01  2.10405096e-01  1.90066800e-01
 -2.84161180e-01 -5.23403846e-02  2.86732554e-01 -3.25609267e-01
 -9.34688076e-02 -9.89334881e-02 -6.39451444e-01 -3.24185371e-01
  1.62494890e-02 -1.05870926e+00  7.13038206e-01  2.65318155e-01
  5.31006873e-01  1.52613491e-01 -1.84925914e-01 -2.86289185e-01
  2.43652105e-01  9.94746387e-02  3.66747826e-01 -3.27622026e-01
 -8.64172220e-01  5.53745270e-01 -4.18407947e-01 -8.95799100e-01
  1.19176936e+00  6.07363462e-01 -4.14588541e-01 -1.98198214e-01
  2.63130665e-01 -6.71490654e-02  1.99357599e-01  1.97588950e-01
 -3.91265363e-01 -5.44865608e-01  2.52495289e-01  8.98089781e-02
  3.08265351e-02 -4.24858816e-02 -4.88064468e-01 -1.83262154e-01
  4.44537878e-01  3.10621023e-01  1.76612005e-01  3.64897288e-02
  1.00801580e-01 -2.94095159e-01 -1.28431737e-01  4.43776637e-01
 -1.15096860e-01  6.02259815e-01 -1.49721086e-01  3.51983547e-01
  7.57274806e-01 -7.21356332e-01  2.95696616e-01  4.51930076e-01
  5.44827640e-01  4.80890036e-01 -8.15318674e-02 -1.37068361e-01
 -6.85785413e-01  1.80621743e-01  2.86979109e-01  2.48027369e-02
  3.68144184e-01 -1.22134060e-01  5.45647256e-02 -3.87317717e-01
  9.03550535e-03 -1.45806829e-02  2.04941019e-01  2.51405060e-01
  2.74554580e-01 -1.19632944e-01  1.69452712e-01  2.07197264e-01
 -1.99860688e-02 -4.83322054e-01 -2.58320332e-01  3.77114862e-01
  1.12690461e+00  2.18795706e-02  4.28300709e-01 -6.48284256e-01
 -8.98892999e-01  3.10312301e-01  8.47781077e-03  1.81592107e-01
  6.79206729e-01 -2.27202371e-01 -3.04538041e-01  7.44953513e-01
 -7.76117295e-02  6.87526166e-02 -5.07163942e-01 -3.71110797e-01
 -1.05400339e-01 -2.47755945e-01 -6.03301406e-01  3.40030789e-01
  1.41196802e-01  4.54187453e-01  2.63169110e-01  5.41853793e-02
 -2.66903251e-01  1.00454259e+00  2.81500399e-01  1.84022024e-01
  1.94308788e-01 -5.86784184e-02  1.66903377e-01  4.05731611e-02
  3.23886126e-01 -4.28726852e-01 -5.90444744e-01 -3.88059430e-02
 -5.56958795e-01 -1.69080526e-01 -3.43567543e-02  2.93203890e-01
  3.98700923e-01 -2.09201366e-01 -2.01708063e-01 -7.80813634e-01
 -4.76591527e-01 -2.21159816e-01 -6.41254842e-01 -1.10794291e-01
 -3.00914228e-01  1.59308568e-01 -7.05694631e-02 -6.58238828e-02
 -8.68282378e-01 -3.42139393e-01 -4.49051075e-02  3.79797816e-01
 -4.99476552e-01 -2.79945552e-01  4.72104847e-01 -2.50942651e-02
  9.97405499e-02 -1.32091498e+00  1.44714057e-01  1.03977598e-01
  1.59187511e-01 -2.08900362e-01  5.77883661e-01 -4.94407177e-01
  3.92545313e-01  5.91462143e-02 -2.14427218e-01 -1.75821602e-01
 -1.01959038e+01 -1.17179185e-01 -3.68401974e-01 -4.96354282e-01
 -2.17456743e-01  3.31124276e-01  4.05130118e-01  3.14982861e-01
 -2.29069352e-01  9.61148366e-02 -2.78616518e-01  3.79446566e-01
  4.63797629e-01  4.89724815e-01 -7.99372792e-01 -7.23662227e-02
 -3.31849456e-01 -7.93876648e-02  3.46027464e-01  4.62670088e-01
 -1.91379070e-01 -6.15744114e-01  5.15180469e-01  8.52451026e-02
  4.65062141e-01 -5.88140488e-01 -8.45910311e-01 -5.57419844e-02
 -4.89926368e-01  1.33793622e-01 -1.06076348e+00  2.66155243e-01
  1.46896705e-01  3.58705848e-01 -4.05016661e-01 -1.76302150e-01
 -2.40046307e-01  1.98803231e-01 -3.40929031e-01  2.02339500e-01
  1.31910816e-01  2.65785515e-01  2.39998512e-02  1.70480087e-01
 -6.40340894e-02  1.50025144e-01  1.91230878e-01  2.48245269e-01
  8.90160561e-01  2.11919978e-01  2.06441700e-01 -2.02858262e-02
 -4.88318354e-02 -3.85941602e-02  1.25540525e-01 -4.78729486e-01
  4.33473557e-01 -4.73655134e-01 -6.07443191e-02  1.04414001e-02
  3.33953083e-01  2.51757782e-02  8.01868796e-01  4.74027216e-01
  6.40781224e-01  3.21064919e-01  3.77763480e-01  3.08490634e-01
 -7.05924213e-01 -4.06024784e-01  9.03865248e-02  2.56279320e-01
 -3.96275073e-01  1.33353323e-01  3.15283313e-02  5.15611649e-01
  4.50968146e-01  3.36551629e-02  1.86281547e-01 -4.74302359e-02
  5.40259719e-01 -8.16600680e-01  3.13845187e-01  5.01390338e-01
 -7.22962439e-01 -2.82029957e-01 -5.45421354e-02  2.24004507e-01
  7.01425150e-02 -6.01012945e-01  1.23404466e-01 -4.75880176e-01
 -5.40257633e-01  3.04751545e-01  8.82815063e-01 -2.07281768e-01
 -5.59574008e-01  3.29136997e-01  7.99122304e-02 -1.02398926e-02]"
ム,"[ 1.43602103e-01  4.76014733e-01  5.20443857e-01 -4.05160859e-02
  1.35566756e-01  4.12154913e-01  2.47058079e-01  3.93412262e-02
 -2.44968280e-01 -3.18311125e-01  4.73327726e-01 -2.80617535e-01
 -9.56493989e-03  2.80475974e-01  4.65694368e-01  3.33313458e-02
  1.60197645e-01  1.66907031e-02  8.18050206e-02 -2.60904640e-01
 -5.24480283e-01 -3.85125041e-01 -6.81594387e-02  5.53932786e-01
 -1.12933330e-01 -2.90002614e-01  2.20831409e-01  2.34878063e-01
  1.45226836e-01 -2.68220574e-01 -5.38188219e-01 -1.14210941e-01
 -2.56053776e-01 -1.46924615e-01 -6.62969887e-01  1.60776123e-01
 -2.34564647e-01 -4.35554594e-01  1.94943249e-01 -6.49727806e-02
 -3.72458577e-01 -5.18435717e-01 -3.65786195e-01  2.53567874e-01
 -2.67030180e-01  6.47985578e-01  2.86863655e-01  1.20322350e-02
 -3.60344611e-02 -1.44429207e-01 -4.47519183e-01  3.80639464e-01
  5.23644865e-01  2.22278804e-01  4.63201404e-01  3.92754823e-02
  4.38151091e-01 -4.53714728e-01 -8.96975771e-02  3.00553441e-01
 -3.49346995e-01 -3.32015753e-01  2.07146972e-01  1.77321717e-01
 -2.78252065e-01 -2.87022799e-01 -2.73763627e-01 -2.50691056e-01
  3.53977710e-01 -4.80134070e-01  2.30920345e-01  6.90744519e-02
  2.44809408e-02 -4.77312773e-01  7.76027441e-01 -4.71614242e-01
  1.06104650e-01  6.69761837e-01  1.92513853e-01 -5.00406027e-01
 -3.05976778e-01  3.81782323e-01  6.95223585e-02 -5.22531450e-01
  2.68813260e-02  4.84450310e-01 -2.76530087e-01 -6.40052617e-01
  2.57360101e-01 -2.69385010e-01  1.69787720e-01 -3.14377323e-02
 -8.67879763e-02  1.09052278e-01  2.57777274e-01  5.12136742e-02
  2.26103038e-01 -3.76034856e-01 -5.38956165e-01  5.31137764e-01
  2.51044039e-05  3.54206115e-01 -7.39018768e-02 -3.58157724e-01
 -3.20479006e-01 -2.43710369e-01 -3.48937958e-01  1.25368655e-01
  1.41427398e-01  2.45647784e-02 -4.84818935e-01 -4.82831836e-01
 -5.03641844e-01  1.29094526e-01  3.01603228e-01  4.35933471e-01
 -2.95801729e-01  8.38965416e-01 -6.99007213e-01  2.63516903e-01
  1.91624507e-01  1.63042501e-01 -1.18442826e-01 -7.73402929e-01
 -3.93626034e-01  3.83634657e-01  1.05268890e-02 -3.60273600e-01
 -2.67334551e-01 -2.12036282e-01 -2.69481122e-01 -7.63939738e-01
 -2.01887503e-01  1.06077172e-01 -5.57218790e-01  8.40031326e-01
  2.14869276e-01  3.45688388e-02 -2.11836770e-01 -5.97970963e-01
 -2.13978440e-01  1.80454239e-01  1.81049615e-01 -4.71936226e-01
  1.53009683e-01 -1.64255917e-01 -5.66155612e-01 -1.95606336e-01
  4.01072055e-01  3.13333452e-01 -2.39090025e-01  1.07133281e+00
 -5.40409923e-01  3.49732041e-01  2.89383829e-01  3.75502855e-01
 -5.91118515e-01  4.70193118e-01  1.91331640e-01  4.68349457e-01
  4.91521239e-01 -4.73837256e-01  1.57965735e-01  8.40475321e-01
  1.73598617e-01  9.70089495e-01  3.40938479e-01  1.32305652e-01
 -1.25149831e-01  2.83728212e-01 -1.12132505e-01  1.16427243e-01
  2.94206142e-01  2.47102380e-02 -2.11563617e-01  1.48512378e-01
  6.58019543e-01  4.61067036e-02  1.11959547e-01 -7.58130193e-01
 -1.70789137e-01 -1.04324065e-01 -6.31945133e-02 -3.72061133e-01
  1.06915526e-01 -1.93851724e-01  1.03730962e-01 -1.76975980e-01
 -2.62136966e-01  3.67826037e-02 -5.44879474e-02 -3.00219119e-01
  8.92605856e-02 -2.27236539e-01 -7.43028428e-03 -9.99141261e-02
 -1.09002247e-01  3.78109127e-01 -3.28946084e-01  1.25452593e-01
  4.52589020e-02  1.74640402e-01  1.42606899e-01 -4.20295715e-01
 -9.80433047e-01  1.61179587e-01  3.52293134e-01  5.06167293e-01
  3.87237132e-01  4.76538748e-01 -4.68051970e-01 -1.16581798e-01
  3.25313866e-01  2.91542470e-01  9.52239633e-02  7.21261576e-02
 -5.00888526e-01 -3.55026759e-02  1.75400153e-01 -1.56104848e-01
  3.52571011e-01 -3.14814895e-01  4.33689468e-02 -3.23833413e-02
 -1.41914517e-01  3.38361949e-01 -9.49990749e-03  1.98075175e-02
 -3.67047548e-01  7.03561723e-01 -6.24135256e-01 -4.33892250e-01
 -3.05933416e-01  8.42372552e-02 -5.28609157e-01 -1.50571376e-01
 -2.34844029e-01 -5.14954627e-02 -2.27427632e-01  3.51561517e-01
 -8.33070502e-02 -4.91757482e-01  3.56944233e-01 -4.17574883e-01
 -1.15273967e-01  2.41975591e-01  2.82577515e-01 -1.83099732e-02
 -4.07564163e-01 -1.03666387e-01 -4.94906157e-01 -2.79055506e-01
  5.63309109e-03 -6.78305179e-02 -5.13651818e-02  3.70434999e-01
  2.04299554e-01 -3.84737730e-01  3.55272628e-02 -2.04454646e-01
 -3.02855223e-01 -5.29238224e-01  1.82055421e-02  2.59900391e-01
 -3.72598410e-01  9.17545483e-02  1.85743019e-01 -2.93066204e-01
 -3.50224584e-01 -5.98993778e-01 -1.79790348e-01 -4.26471561e-01
 -1.89946115e-01 -3.20223048e-02 -2.14276642e-01 -9.85549688e-02
  3.69618014e-02  5.87903380e-01  2.30570212e-02  2.87587732e-01
 -6.19765162e-01  7.36136138e-01 -6.08293533e-01  6.76687807e-02
  6.12765886e-02  1.32670384e-02 -2.77873546e-01 -2.73220260e-02
 -1.51868954e-01  3.70415509e-01  3.22019368e-01 -3.36105824e-01
 -7.74042726e-01  2.63760686e-01 -5.00166833e-01  5.18919958e-04
  3.94204676e-01  1.08608410e-01  1.44411013e-01  4.72095758e-01
  3.07359576e-01  3.23571414e-01  2.22180098e-01 -2.37411126e-01
  1.78797860e-02 -5.31470954e-01 -2.35305578e-01  2.23541871e-01
  2.00218648e-01 -5.35578489e-01  6.54555976e-01  8.80417466e-01
 -3.13839346e-01  3.07702631e-01  6.68286562e-01  4.99851376e-01
 -1.56728840e+00 -5.53278744e-01  5.60714662e-01 -2.90586464e-02
 -2.57980555e-01  2.89472848e-01  1.66867003e-01 -1.15851365e-01
 -2.58879155e-01 -5.37026227e-01  1.07044673e+00  3.89270127e-01
 -5.14962673e-01 -1.51201725e-01  4.11869526e-01 -4.66638416e-01
 -5.38217500e-02 -4.33745831e-01  2.32112736e-01  2.74624705e-01
 -1.53075501e-01 -1.06283061e-01 -9.78514031e-02 -2.57474959e-01
 -4.75186825e-01  1.47520617e-01 -1.57898903e-01  1.76917657e-01
 -7.73607671e-01  1.36210084e-01  5.63018560e-01  8.86220336e-01
  5.45750082e-01  9.19663161e-02 -4.90884930e-01 -1.93456307e-01
  1.07075341e-01 -1.33103251e-01  1.47745252e-01  1.04201652e-01
 -1.48111820e-01 -3.97655994e-01  1.00765064e-01  2.91429907e-01
  3.58782783e-02 -2.46121928e-01  2.41477698e-01  2.41825715e-01
 -3.71893466e-01  6.00410998e-01  6.03201270e-01  2.41872728e-01
  5.43709733e-02  4.71977413e-01  4.31860268e-01  1.42900229e-01
  1.42749101e-01 -6.79327548e-01 -1.88216209e-01 -6.50391817e-01
  4.76876795e-01  4.89878058e-02 -9.86547861e-03  1.05629869e-01
 -4.70140368e-01 -1.11863352e-01 -2.34892458e-01 -5.51430464e-01
  2.14695439e-01 -6.09879911e-01 -1.14855886e-01  1.24675073e-01
  2.47741002e-03 -7.24750698e-01  7.29268789e-01  4.21794385e-01
  2.29119018e-01 -3.16538736e-02 -5.04948080e-01  3.41323018e-01
 -6.59356937e-02  2.84422338e-01 -1.33191124e-01  1.86302528e-01
 -2.00757354e-01 -1.65417001e-01 -1.41454175e-01 -4.37822610e-01
 -2.38257736e-01 -2.41436139e-01 -6.66549444e-01  3.39692719e-02
 -2.98880577e-01  5.97077072e-01 -3.21839340e-02 -2.81089358e-02
  1.59569696e-01 -2.18652412e-02 -7.27526665e-01  2.23996356e-01
 -2.13719040e-01  5.04211724e-01 -5.90324290e-02  3.67360592e-01
  4.30618674e-01  3.79230440e-01  4.77692395e-01 -3.13632816e-01
 -2.48931661e-01  4.95454073e-02 -2.03749359e-01 -4.21850890e-01
  4.28961724e-01 -1.66533545e-01  3.51325035e-01  1.48043126e-01
 -6.44152537e-02  7.45336771e-01 -3.86346012e-01 -5.90925395e-01
  3.70312065e-01  1.34378538e-01 -3.28842580e-01  5.91751516e-01
  5.02657294e-01  1.11457396e+00  1.15203470e-01  4.21844330e-03
 -2.13708375e-02 -4.20418888e-01 -1.95613131e-01 -3.39222282e-01
  1.68487579e-01  8.04361701e-02  1.21332914e-01  2.92209119e-01
  3.02686274e-01  2.36103281e-01  4.00271118e-01  4.37614709e-01
 -1.33047536e-01  1.91141769e-01  1.71185136e-01  5.15156388e-01
 -2.85354435e-01  2.19543710e-01 -4.55218971e-01  8.33936930e-02
 -1.81842789e-01 -1.85832202e-01  4.64251697e-01  1.22611605e-01
  5.88583648e-01 -2.60491759e-01 -4.41589862e-01 -6.52354002e-01
 -4.90104437e-01  1.91662088e-01  2.57072281e-02  2.63595641e-01
  3.68470252e-01  2.61401683e-01 -5.78796268e-01  4.72076744e-01
  5.49337327e-01  5.44165373e-01 -2.81932324e-01 -3.39191020e-01
 -3.31447512e-01  3.98856044e-01 -3.14457208e-01 -2.85281576e-02
  1.78262338e-01 -1.48767903e-01 -4.54703689e-01 -7.67425179e-01
 -2.56890595e-01 -1.06423400e-01  3.02468270e-01 -2.60854244e-01
  2.23144963e-01  2.08165288e-01 -5.32685816e-01 -4.39787246e-02
 -2.68126309e-01 -2.41584796e-03 -1.18186705e-01 -6.09646797e-01
  8.67198631e-02  8.56338255e-03  1.49200976e-01  3.67631495e-01
  3.95044446e-01 -4.11272645e-01 -1.50471300e-01  7.60785460e-01
  2.57019997e-01 -3.15740138e-01 -4.43465039e-02 -1.18165895e-01
  7.11392844e-03  1.26391426e-01  3.08391631e-01  1.36229321e-01
  1.07494399e-01 -7.45394006e-02 -9.37302113e-01  8.10179114e-02
  2.07106903e-01 -9.18639421e-01  6.26550019e-01  2.21743494e-01
  3.90430510e-01 -5.58632672e-01  8.92588776e-03 -1.46400258e-01
  1.47120163e-01 -2.86505911e-02  2.44063348e-01 -2.97313579e-03
 -7.82563329e-01  1.93731740e-01 -4.96804528e-02 -5.58228314e-01
  5.71709275e-01  1.66154817e-01 -4.57054287e-01  6.03397608e-01
  7.64311075e-01  1.27387404e-01 -1.11643620e-01  1.94878161e-01
 -2.48559222e-01 -1.73145995e-01  3.78760487e-01 -2.00731993e-01
  3.68203223e-01  7.26856530e-01 -1.94112763e-01  7.70600960e-02
  6.82470143e-01  2.83455878e-01  6.20780170e-01  2.16732919e-01
 -3.22537214e-01 -1.51516855e-01 -4.58547831e-01  1.66072935e-01
  3.02899361e-01  4.39597666e-01 -7.40923822e-01  7.94438004e-01
  3.85547429e-01 -4.02237028e-01  1.85213804e-01  1.22025025e+00
  7.50517473e-03  5.47075629e-01  1.79214269e-01 -1.96984410e-02
 -8.12765062e-01  5.17830141e-02  3.30034971e-01 -8.44670981e-02
 -3.95940214e-01  1.98776014e-02 -2.77987212e-01 -2.42729381e-01
  7.72854090e-02  3.58061865e-02  1.62495360e-01  4.40441728e-01
  8.21168303e-01 -9.91571546e-02  5.42005002e-01  1.01040304e-01
  3.80055398e-01  1.05974078e-01  1.52239338e-01  8.99064779e-01
  8.47591579e-01  9.57222432e-02  5.67025661e-01 -3.07409197e-01
 -6.25775397e-01 -1.45964697e-02  8.49113241e-02 -2.42564559e-01
  4.35397685e-01 -1.95100725e-01 -6.29262507e-01  9.37519073e-01
  4.56567198e-01 -2.20402822e-01 -3.53262395e-01 -6.34296954e-01
 -7.46966377e-02 -1.04963444e-01 -3.01106155e-01  1.13430262e-01
 -5.28447963e-02  2.99859166e-01  5.71296960e-02 -5.63237309e-01
  2.01396048e-01  6.45252168e-01  8.56429115e-02 -4.86158997e-01
  6.69129565e-02  3.13488245e-01 -1.20544592e-02  2.23075449e-01
  3.97230119e-01 -3.59833986e-02  8.46792907e-02  4.68214229e-03
 -3.15375984e-01 -2.36037925e-01 -1.22031525e-01  3.91649693e-01
  2.24043801e-01 -3.60574007e-01 -2.84052849e-01 -5.43047547e-01
  4.00020480e-01 -1.04552142e-01 -4.44317162e-01 -1.87673628e-01
 -1.94360420e-01  4.54037003e-02 -2.65173346e-01 -1.70264259e-01
 -6.93827033e-01 -2.41711602e-01 -4.19434339e-01  2.97287926e-02
 -1.01088083e+00 -3.62304121e-01  3.38936001e-01  9.47883278e-02
 -1.92734286e-01 -1.17797983e+00  7.67312646e-01  1.39820755e-01
  4.11359742e-02 -1.00355165e-03  1.53267860e-01  1.91805437e-01
 -1.73987702e-01 -1.63382426e-01 -5.49235940e-01  1.75660267e-01
 -1.03474712e+01  2.49925479e-02 -1.96523532e-01 -2.13349253e-01
 -1.46689609e-01 -1.48057207e-01  3.36901039e-01  4.97120231e-01
 -2.49478489e-01  2.35282347e-01 -3.66511226e-01  1.19574837e-01
  3.87435049e-01  4.73670214e-01 -5.76214671e-01 -2.97818691e-01
 -3.61331612e-01 -3.12052608e-01 -4.33671772e-01 -1.01882242e-01
 -4.00985122e-01 -1.50986835e-01  4.56144243e-01  2.69071639e-01
  3.73668939e-01 -7.61301994e-01  6.15807697e-02  7.94048756e-02
 -6.47756457e-02  4.63419825e-01 -7.39560843e-01  5.34527838e-01
 -1.80346206e-01  5.74372053e-01 -1.98814437e-01  2.69316047e-01
  7.17712417e-02  9.68846738e-01 -3.13359529e-01  8.12102497e-01
  1.05990246e-01  2.38130555e-01 -1.22601077e-01 -1.60979718e-01
  2.94128269e-01  1.11644655e-01  1.96552351e-01  1.47409096e-01
  3.62274766e-01  4.51815203e-02 -5.63434772e-02 -8.35579634e-02
  2.54499763e-01 -3.59209716e-01  2.68491238e-01  6.32865261e-03
  4.14926887e-01 -5.99614561e-01  1.55654967e-01  6.64178208e-02
  1.40055522e-01  2.82734662e-01  9.31817293e-01  4.50724900e-01
  5.64612895e-02  4.59706753e-01 -2.88171560e-01 -1.90913498e-01
 -5.83573341e-01 -2.11839080e-02  3.07116747e-01  3.94616067e-01
  5.45001626e-02  2.18488783e-01 -1.36425301e-01  3.00692827e-01
 -1.60969406e-01  1.99888900e-01  2.61078566e-01  1.33690447e-01
  6.10190868e-01 -5.38430393e-01 -1.35856047e-01  3.08918297e-01
 -3.43137145e-01 -1.36707082e-01 -2.87137609e-02 -7.55045284e-03
  4.21187818e-01 -4.82663721e-01  6.33365333e-01 -6.93775937e-02
 -5.32140255e-01  4.43954527e-01  3.35505664e-01 -6.27859771e-01
  1.57734022e-01  4.78217125e-01  6.58742189e-02 -4.46895033e-01]"
イ,"[ 2.50548184e-01  4.48937267e-01  1.49297416e-01 -5.58641434e-01
 -1.36049360e-03  9.18458104e-02  3.72122318e-01 -2.34025866e-02
  8.32772255e-02 -4.97295290e-01  9.22433853e-01  7.10767582e-02
 -3.67893755e-01 -5.82557209e-02  4.59260195e-01  4.77102995e-02
  3.02615255e-01 -9.85034108e-02 -3.38973910e-01 -3.08446378e-01
 -4.29474026e-01 -4.62878853e-01  3.21236649e-03  1.25402525e-01
  4.18089509e-01 -4.00412738e-01 -9.11752507e-02  2.27680996e-01
 -1.43591851e-01 -1.56664610e-01 -3.75716507e-01 -3.74419689e-01
 -1.87974006e-01 -2.18470380e-01 -2.78684914e-01  8.27848911e-01
  1.41053796e-01 -2.76184261e-01  4.95626181e-02 -3.05525046e-02
 -2.75077790e-01 -1.03702962e-01  1.34631038e-01 -2.77510285e-01
 -3.40850383e-01  5.33725679e-01  8.50845575e-02  2.99998224e-01
  3.01730722e-01 -2.98516285e-02 -4.11128640e-01  4.12371367e-01
  2.30536029e-01 -5.54429591e-02 -2.61237088e-04 -1.30602717e-01
 -1.06849350e-01 -1.77051768e-01  1.52675107e-01 -1.06077278e-02
 -8.04195479e-02 -2.17927918e-01  1.38151884e-01 -6.45262748e-02
 -4.89816844e-01 -2.55414426e-01  1.58404615e-02  8.91135074e-03
 -1.77109227e-01 -5.93673766e-01 -3.99504185e-01  2.75213420e-01
  1.36441067e-01 -4.09847617e-01  4.42099303e-01 -3.25954139e-01
  3.14410836e-01 -1.61171347e-01 -1.37885913e-01 -1.05943531e-01
 -2.27227271e-01  4.18201625e-01 -1.32867172e-01 -6.18982315e-01
  1.17178842e-01  5.95237687e-03  1.06585197e-01 -4.83482927e-01
  3.78091365e-01 -5.38670719e-01 -3.54409844e-01  2.72403359e-01
  5.72565138e-01  3.44812155e-01 -2.85803229e-01  7.02245161e-02
  1.58337325e-01 -2.32174933e-01 -2.50325263e-01 -1.26444459e-01
  5.01085997e-01 -3.91440392e-01  1.21531844e-01 -1.62783220e-01
 -1.63571373e-01  1.28945395e-01 -4.89772826e-01  5.72921038e-01
 -3.15574333e-02 -1.19167745e-01 -2.01856926e-01 -2.57736564e-01
 -3.56377959e-01  4.04012829e-01 -2.66229004e-01 -1.14951387e-01
 -1.68238834e-01  3.99795383e-01 -2.98424929e-01  1.94822043e-01
  2.34678298e-01  2.92861432e-01  6.76141456e-02  1.55305445e-01
 -9.61431861e-02  5.45691550e-01 -2.27928966e-01 -5.58218956e-02
  6.11917041e-02 -2.34988824e-01  2.70687819e-01  7.24034384e-02
 -3.39391261e-01 -1.39200687e-01 -5.78420401e-01  2.52620310e-01
 -1.55659407e-01  5.99726513e-02 -8.23525488e-02 -5.83877563e-01
  4.79102395e-02 -2.66819984e-01  2.30884418e-01  1.89756200e-01
  4.72326167e-02  3.04461829e-02  4.09246147e-01 -2.07717076e-01
  4.46753055e-01  1.35313988e-01 -5.19040711e-02  7.83359170e-01
 -3.72239619e-01 -2.98980087e-01 -2.79809713e-01  4.24865223e-02
 -3.43452454e-01  4.00078408e-02  6.53272718e-02  4.72722799e-01
  2.74603307e-01 -6.96615577e-01  7.82220960e-02  4.43041563e-01
  2.62496650e-01  7.81520724e-01  1.20959178e-01 -9.58712175e-02
 -2.41772830e-02  5.50421357e-01  2.61897832e-01  4.25607026e-01
  1.25510529e-01 -5.66315174e-01  2.34457389e-01  5.65372288e-01
  1.36234045e-01  1.51190206e-01  2.92226672e-01 -4.61350918e-01
  1.08596943e-01 -4.49336797e-01 -2.26929694e-01 -4.77954000e-01
  5.77559650e-01 -1.59313872e-01 -1.40749946e-01  4.92161028e-02
  4.04408202e-02  6.45688677e-04 -5.78388631e-01  3.01188584e-02
  5.47215581e-01 -4.30748194e-01 -4.94826287e-02 -1.22020781e-01
 -5.79941235e-02 -3.47213954e-01 -1.85375482e-01  5.23390710e-01
 -8.71587992e-02  2.89862871e-01 -2.70354658e-01 -2.00902432e-01
 -1.12464201e+00 -2.22978801e-01  2.93578357e-01  4.99000549e-01
  2.64169604e-01  1.19105786e-01 -4.83888686e-01  2.27860138e-01
  4.43124741e-01  4.85236853e-01  2.13789027e-02  5.02767190e-02
 -2.78068930e-01  1.79585114e-01  3.59902501e-01 -5.64133942e-01
  4.23757136e-02 -1.10955477e-01  7.74233863e-02  3.42142850e-01
 -2.29771048e-01 -1.03759691e-01 -2.96202395e-02  6.09361641e-02
 -1.47232220e-01  7.78218448e-01  2.73346543e-01 -9.64207575e-02
 -5.74971795e-01 -4.45089012e-01 -9.19788301e-01  2.41214693e-01
 -1.61082417e-01  2.24556953e-01  3.09266180e-01  2.97025204e-01
  2.58245766e-01 -2.68003106e-01 -1.42835811e-01 -2.70083547e-01
 -2.40813389e-01  3.36348623e-01  1.93774030e-01 -1.58180520e-01
 -5.90977848e-01  3.31599921e-01 -5.10832071e-01 -2.68380016e-01
  6.35851324e-01 -1.43599451e-01  5.74423790e-01  1.40938282e-01
  4.89772707e-01 -8.53540748e-02 -1.87461779e-01 -9.55950767e-02
  4.36156765e-02 -4.13839400e-01 -1.06972173e-01 -2.34485179e-01
  1.09996134e-02  1.04650222e-01  5.84264323e-02 -6.36326253e-01
 -7.37071559e-02 -3.16342860e-01  1.02464452e-01 -5.68891943e-01
 -7.04476461e-02  2.30291873e-01 -3.56901407e-01  2.50668466e-01
 -1.04109794e-01  3.35607588e-01 -2.99138874e-01 -8.98166895e-02
 -1.03467691e+00  4.62022066e-01 -7.32673287e-01  3.54275584e-01
  1.19880915e-01 -1.02041975e-01 -6.54364452e-02 -1.25603393e-01
 -1.99910551e-01  5.11823535e-01  1.64882660e-01 -2.88099885e-01
 -5.12577772e-01 -3.31790335e-02 -1.48431510e-01  8.92459005e-02
  1.57078892e-01 -2.20352858e-01  7.79311778e-03  1.18221991e-01
  5.48335910e-01  1.16938703e-01  1.51461095e-01 -1.68676421e-01
 -3.16606641e-01 -8.21139872e-01 -1.74249917e-01  1.65940970e-01
  6.09729469e-01 -3.89872491e-01 -1.51548386e-01  1.06592011e+00
 -1.71224177e-01 -2.75369376e-01  2.07378134e-01  4.92522776e-01
 -1.40063012e+00  1.89765319e-01  5.88225245e-01  8.27125367e-03
  5.32373041e-02  3.26102495e-01  3.05587888e-01  3.56416821e-01
 -5.22400737e-01 -3.92370522e-02  3.14461082e-01  3.73597950e-01
 -3.61708365e-03 -3.67071837e-01  3.96332085e-01 -7.00402111e-02
  7.45707527e-02 -6.12056315e-01 -3.19102615e-01  4.11913991e-01
 -8.74440968e-02  8.74632224e-02 -1.70665272e-02 -3.10056239e-01
  6.94663972e-02 -2.88684756e-01  2.69203126e-01 -3.25777143e-01
 -2.06082761e-01 -2.72670299e-01  2.63510078e-01  4.49198842e-01
  6.61635160e-01  5.16491294e-01  3.55158955e-01  2.68697768e-01
  4.47348505e-01  3.80298793e-01  4.60312426e-01  3.10991406e-01
 -1.06315635e-01  1.95352584e-02  5.47567546e-01  3.21961701e-01
  2.60394633e-01 -2.76618730e-02 -2.40978584e-01  6.40438259e-01
 -3.42877991e-02  4.84192222e-01  4.39171344e-01  6.22052073e-01
  3.92522663e-01  2.46110246e-01  4.16232944e-01 -1.99239522e-01
 -1.42119557e-01 -3.44763428e-01  2.17241168e-01 -2.86960572e-01
 -1.59542978e-01 -1.53736860e-01  2.50040978e-01 -1.45809427e-01
 -5.12594461e-01  1.40727222e-01 -4.43835914e-01 -1.36881182e-02
  1.92942649e-01 -2.21435457e-01 -5.87340951e-01 -4.13562387e-01
 -4.07140642e-01 -5.99370241e-01  4.87648457e-01  2.24278212e-01
  1.67591110e-01 -5.40347576e-01  1.19901717e-01  1.17969602e-01
  1.69764191e-01 -1.75971016e-01  1.14829168e-02 -1.52550280e-01
  2.82090437e-02 -1.22996107e-01  9.48477630e-03 -6.52793765e-01
 -4.27664936e-01 -5.18693566e-01 -8.45184565e-01 -1.18298441e-01
  1.16165116e-01  3.92276138e-01 -3.25253829e-02  1.95514411e-01
  1.77094415e-01  2.15909585e-01 -2.99488634e-01 -1.85980365e-01
 -8.11992049e-01 -1.56768765e-02  2.14666843e-01  2.32266650e-01
  2.32969046e-01  1.96242005e-01  1.09963231e-01 -4.82075438e-02
 -2.86134541e-01 -1.21539105e-02 -2.40013272e-01 -2.71101832e-01
  9.78989422e-01 -2.60523081e-01  4.55204725e-01 -1.96337432e-01
  1.22119568e-01  3.16756964e-01 -1.55484170e-01 -1.12817459e-01
 -9.07303840e-02  4.70662534e-01 -1.36885494e-01 -1.00792803e-01
  5.52294701e-02  4.65402246e-01 -3.23762983e-01  1.65308639e-01
 -6.53367415e-02  1.07103758e-01  2.05337912e-01 -7.62300417e-02
 -1.51009575e-01 -2.40501344e-01  1.47733510e-01  2.34147370e-01
  2.86229432e-01  2.51718760e-01  2.90646464e-01  6.03635311e-01
  4.65304367e-02  2.98180014e-01  2.58697182e-01  7.23807216e-01
 -2.89932221e-01 -2.15029269e-01 -4.93934572e-01 -8.92949179e-02
 -4.69449073e-01 -1.57416940e-01  5.62630594e-01 -2.20334351e-01
  2.11852729e-01 -1.33978590e-01 -6.52937293e-01 -6.51318654e-02
  5.19523630e-03  6.90673441e-02  7.03841001e-02  3.64892095e-01
  4.39906210e-01 -1.26997204e-02 -6.32700920e-01  5.94457984e-01
 -3.08315009e-01  5.14515579e-01  3.45945537e-01 -5.75061738e-01
 -2.74261087e-01 -7.64722601e-02  7.89083093e-02  5.09687886e-02
  2.43710428e-01  5.64227998e-01 -3.49140644e-01 -1.05415034e+00
 -1.87589705e-01  2.53937304e-01 -1.90228805e-01 -4.17483807e-01
  2.18119115e-01  1.22731857e-01 -9.40392911e-01 -6.61184728e-01
 -3.90708268e-01 -2.36801296e-01 -7.50048086e-02 -9.41760957e-01
  2.10737124e-01  9.18762311e-02 -6.85869977e-02  4.35755491e-01
  6.55624503e-03  5.23173697e-02  2.63327897e-01  4.12435800e-01
  3.27125221e-01 -5.27841270e-01 -8.82996395e-02  1.80286646e-01
 -1.07608419e-02  7.57314712e-02  4.33559537e-01  2.23505148e-03
  1.34608984e-01 -3.60789821e-02 -6.57026768e-01 -1.32698357e-01
 -3.95163506e-01 -8.62202346e-01  3.90648544e-01 -4.85257804e-02
  2.44066179e-01 -4.38990742e-01  3.58604819e-01 -2.36322448e-01
  4.19668891e-02  1.43683150e-01  1.25273690e-02  7.06452206e-02
 -6.10257745e-01  3.14744920e-01 -4.90727723e-01 -4.11903232e-01
  8.03740144e-01  6.32723987e-01 -2.77031273e-01  2.62137149e-02
  3.44409823e-01  4.50162590e-02 -3.13975930e-01  4.23781313e-02
 -2.82185283e-02 -5.54161631e-02 -1.43077955e-01  2.06894383e-01
  3.07502449e-01  2.10439786e-02 -2.29835853e-01 -2.39742830e-01
  5.74667513e-01  4.28124398e-01  2.77385592e-01 -1.01543844e-01
 -8.49071965e-02 -2.14944541e-01 -3.83535475e-01  1.77746221e-01
  1.37170434e-01  6.50477767e-01 -1.97822720e-01  9.01136279e-01
 -1.24171965e-01 -3.45695406e-01  2.91801929e-01  6.94676459e-01
 -1.00216694e-01  2.65137017e-01  1.18587442e-01  1.11891091e-01
 -8.89651358e-01  1.92576736e-01 -2.56352037e-01  2.20070198e-01
  1.24248847e-01  4.35625374e-01  4.67876673e-01 -6.21459007e-01
 -2.60323167e-01 -1.67298496e-01  1.88351333e-01  6.08341210e-02
  5.43614805e-01 -2.58542933e-02  9.34903026e-02  2.46212676e-01
 -1.92727745e-01 -2.98794582e-02  1.24369562e-01  7.80878812e-02
  8.33908319e-01  2.22439915e-01  8.71190205e-02 -2.11816251e-01
 -8.10535669e-01  3.45863700e-01 -6.89836740e-02  1.86973158e-02
  4.62515622e-01 -2.82231331e-01  1.24969304e-01  3.07149708e-01
  6.09694600e-01  1.46806642e-01 -2.99306214e-01 -7.93890119e-01
  1.00233920e-01 -2.04421189e-02 -9.92076397e-02  2.56079793e-01
 -4.15349118e-02  3.64851028e-01  2.03915536e-01 -1.63459256e-01
  3.52919996e-02  5.44714212e-01 -1.73364803e-01  3.65872378e-03
  3.04246575e-01  1.87192932e-01 -4.30703133e-01  9.28122667e-04
 -2.07629338e-01 -4.05075431e-01 -4.26637322e-01 -2.03930631e-01
 -2.27074519e-01 -5.35288043e-02 -1.84056550e-01 -7.97881931e-02
  2.25498512e-01  1.30450606e-01 -1.00639246e-01 -3.92300665e-01
 -3.50677848e-01  5.15872836e-01 -7.76475906e-01 -1.35777131e-01
 -1.23755664e-01  7.65950009e-02 -1.07487820e-01 -1.10861044e-02
 -3.66661578e-01 -1.66465893e-01 -1.05065398e-01  1.48900092e-01
  3.98935229e-02 -4.16027158e-01  2.04854488e-01  2.29957908e-01
 -1.17511697e-01 -7.88458526e-01  1.99353009e-01 -9.32439640e-02
  6.56968772e-01 -1.90095633e-01  2.81826943e-01 -2.75059789e-01
  2.35864297e-01 -3.13181818e-01 -1.30200773e-01  3.28198932e-02
 -1.05836725e+01 -4.90938015e-02 -4.45158988e-01 -1.26329452e-01
 -4.17215824e-01  4.06702816e-01  6.91445172e-01  2.89368570e-01
 -4.18654144e-01  3.56551111e-02  3.73300225e-01  3.36038560e-01
  2.67772228e-01  3.57701659e-01 -6.44478917e-01 -2.05714375e-01
  1.31649956e-01 -8.91802087e-02 -1.39646545e-01 -2.16188714e-01
  2.65375733e-01 -1.75341463e-03  2.89542437e-01  6.34695351e-01
  7.94324726e-02 -5.25712609e-01 -4.68636990e-01  2.96326786e-01
  3.42756063e-02  2.95155644e-01 -3.47007871e-01  1.42052948e-01
  4.79567125e-02  3.19089413e-01 -3.11677724e-01 -2.71849841e-01
 -1.24731869e-01  3.27666491e-01  1.14261262e-01  1.91989005e-01
  2.59902000e-01  6.57625675e-01  2.85983682e-01  8.54373276e-02
  2.72264183e-01  4.46437061e-01  5.17217338e-01  2.94055164e-01
  6.83405817e-01 -4.87478226e-02  2.03231443e-02  3.26814830e-01
 -1.70927256e-01 -1.00325570e-01  3.27387571e-01  4.90538143e-02
  7.69046783e-01 -6.56353056e-01 -4.45701927e-01  7.36973062e-02
 -4.54915389e-02  7.13259354e-02  9.17894423e-01  5.18121719e-01
  3.08233760e-02 -7.76502043e-02  3.12881738e-01  4.84794885e-01
 -5.00979424e-01 -2.22961918e-01 -3.55613269e-02  2.15073958e-01
  1.17330384e-02 -7.69709051e-02 -5.12711585e-01  2.75899589e-01
 -4.08498105e-03 -2.58596897e-01  3.27946901e-01  2.06794024e-01
  1.48800939e-01  2.20320001e-01  1.59264449e-02  1.42602280e-01
 -5.16741991e-01  1.08714618e-01 -2.09900662e-01  1.72531307e-01
  8.48772973e-02 -4.64440048e-01 -7.00366572e-02 -2.24854469e-01
 -3.09130512e-02  7.70375192e-01  4.16402221e-01 -3.29809636e-02
 -9.87273157e-02  1.02551058e-01  5.01251996e-01  2.52322238e-02]"
ン,"[ 3.17613687e-03 -6.07978404e-02  8.68006200e-02 -6.61807656e-01
  1.11189066e-02  3.26512426e-01  1.91664413e-01 -4.04566735e-01
 -4.29208189e-01 -4.08304513e-01  5.46361029e-01  2.07058281e-01
 -3.82692397e-01  6.25517517e-02  7.95114398e-01 -4.42884237e-01
  3.12596262e-01  3.43851298e-01 -5.23972958e-02  5.17843142e-02
  9.78624746e-02 -5.57179034e-01 -2.74719983e-01  4.72691730e-02
 -4.59600277e-02 -3.68633270e-01  2.24446252e-01 -8.23124871e-02
  9.83265489e-02 -2.37664342e-01  1.59143001e-01 -4.42582101e-01
 -8.01399499e-02 -2.66500235e-01 -3.09830289e-02  1.08848056e-02
 -6.90804943e-02  2.67906427e-01  2.06370443e-01  1.93275303e-01
  1.47970796e-01  7.63707468e-03  1.94862664e-01 -1.71204269e-01
 -5.28566688e-02  1.62715256e-01 -8.94470736e-02  1.00410804e-01
  5.91101348e-01 -2.88962901e-01  1.37422949e-01  5.50191760e-01
  4.75078493e-01  1.71626002e-01 -6.01437613e-02  3.18500221e-01
  8.22449863e-01 -5.57417631e-01 -1.14977181e-01  1.27614051e-01
 -5.70630729e-01  2.01447353e-01 -3.59570861e-01  2.33215570e-01
 -2.31568545e-01  1.06435306e-01  3.59065235e-02 -1.41760200e-01
 -3.78113747e-01 -3.54009688e-01 -2.74864323e-02  4.02396023e-01
 -6.04655266e-01 -3.35921586e-01  5.04861295e-01 -1.39341205e-01
  3.97652686e-01 -1.79454118e-01  2.27434691e-02  1.81479022e-01
 -1.18774094e-01  2.26871729e-01 -9.03581604e-02 -6.76216125e-01
  5.69993667e-02  2.46051811e-02 -2.30012953e-01 -5.12059629e-01
  1.24878541e-01 -4.49353546e-01 -1.13327712e-01 -2.07393631e-01
  3.07430148e-01  1.45306038e-02 -1.84143722e-01  1.83727786e-01
 -6.20439947e-02 -2.28585601e-01 -8.33185613e-02 -1.28377341e-02
 -4.64905530e-01  2.86150634e-01  1.15068398e-01  1.07643448e-01
  5.51507473e-02  1.07568718e-01 -1.80956811e-01  3.81249785e-01
 -1.39119878e-01  4.46294099e-01  2.86272138e-01 -2.63554543e-01
 -2.67962813e-01  5.20831123e-02 -1.24907292e-01  2.64774775e-03
  2.67717317e-02  2.46902078e-01  3.02001107e-02  3.71081442e-01
 -1.09858617e-01  4.69937414e-01  5.87188080e-03 -6.16717003e-02
 -2.28099138e-01 -1.40672177e-01  7.04468787e-02 -3.09187949e-01
 -7.20217265e-03 -3.81282210e-01  1.61726072e-01 -4.14503291e-02
 -5.85693121e-01  2.54744262e-01 -1.13806263e-01  4.81149107e-01
  1.30574569e-01  7.83994868e-02 -3.91741931e-01 -5.68801582e-01
 -3.19120549e-02 -2.43827060e-01  3.64306957e-01  9.48860645e-02
 -1.71864644e-01  2.71617740e-01  3.19801271e-01  1.31136999e-01
  7.37638891e-01  5.04436970e-01 -2.00155348e-01  7.39304841e-01
 -4.96624589e-01 -5.09211002e-03  2.59334475e-01 -1.62421137e-01
 -4.99266744e-01  4.15181309e-01 -1.08698241e-01  6.08009756e-01
  1.55262813e-01 -3.18141460e-01  2.96795756e-01  8.42025757e-01
  1.29516676e-01  7.17563033e-01  3.21345001e-01  4.22184765e-01
  6.05125904e-01  5.96647143e-01 -1.65656701e-01  5.46399534e-01
  3.13374668e-01 -3.28739911e-01  2.96329826e-01  5.74971503e-03
  3.74555811e-02  5.07695258e-01  1.68163180e-01 -9.26605403e-01
 -1.95722863e-01  1.94184914e-01  5.22578396e-02 -4.19142753e-01
  7.75595307e-01  6.69464469e-03  5.30292153e-01  2.60510147e-01
 -6.96816519e-02 -1.84170589e-01 -3.72766554e-02 -9.85671952e-03
  2.62230158e-01 -4.05326307e-01 -5.70496500e-01 -1.91451058e-01
  9.44606438e-02  5.08277006e-02 -4.83355403e-01  4.18068171e-01
  3.13399851e-01 -3.69711295e-02 -2.73024946e-01 -8.95397723e-01
 -8.14264417e-01 -2.51998007e-01 -1.53145298e-01  2.97361761e-01
  1.47576453e-02  9.84799936e-02 -2.79979825e-01 -3.44386131e-01
  3.40916514e-01  6.03276640e-02  2.96489507e-01 -5.70669658e-02
 -9.99072969e-01  2.38197539e-02  4.89080735e-02 -3.46764252e-02
  1.86461926e-01  1.58124045e-02  2.86242902e-01 -5.11531234e-01
 -2.33803719e-01  1.35309905e-01  1.60846829e-01 -2.10655406e-01
  1.54798746e-01  5.37417233e-01 -6.63324967e-02 -1.90049887e-01
 -8.29337060e-01  2.21803054e-01 -4.50445712e-02  4.05446231e-01
 -6.59997702e-01  6.99217796e-01  1.81041267e-02 -2.42955773e-03
  5.48265994e-01  3.27879101e-01  1.13901928e-01  2.34907120e-01
 -3.64142329e-01  3.44855964e-01  1.52600616e-01 -4.32588935e-01
 -6.53170884e-01 -5.37963450e-01 -9.27617610e-01 -3.59889865e-01
 -8.56102630e-02  1.10338099e-01  4.77373540e-01  9.74730402e-02
  2.28224918e-01 -4.77896720e-01  1.22330181e-01 -3.65375876e-01
 -3.75363022e-01 -4.72373843e-01 -2.52517253e-01  3.11940946e-02
 -1.93095580e-01 -2.20293105e-01  8.52293335e-03 -5.55094838e-01
 -7.38495648e-01  1.60837919e-01  7.88786188e-02 -3.68390322e-01
 -4.11453336e-01  6.41935840e-02 -1.21346146e-01 -3.29597801e-01
 -1.12583721e-02  2.54391462e-01 -3.79724205e-01 -2.08807196e-02
 -6.49289191e-01  6.13862753e-01 -6.30755723e-01 -3.39933723e-01
 -1.04494296e-01  1.66841224e-02 -1.44660562e-01 -4.67879236e-01
 -1.89699382e-01  7.63560593e-01  2.99068868e-01 -1.38578862e-01
 -3.64135116e-01 -4.97943729e-01 -5.78303158e-01  4.36944693e-01
  4.17651296e-01  1.07447378e-01  8.78961757e-02  4.02312696e-01
  5.33405006e-01  1.97818547e-01  2.84468293e-01 -1.84748411e-01
 -2.36684322e-01 -2.72533864e-01 -1.30634427e-01  6.27033412e-02
  4.48220760e-01 -3.05838406e-01 -1.22567318e-01  9.93842244e-01
 -4.59341526e-01 -3.65406692e-01  7.31888354e-01 -6.70155808e-02
 -1.39971960e+00  2.08987743e-01  4.64135826e-01  3.39649886e-01
 -4.81524795e-01  7.12354779e-01  1.87801823e-01  5.76931000e-01
 -2.34410152e-01 -4.89848614e-01  5.67231834e-01 -1.24762781e-01
 -4.13682163e-01  4.25400406e-01  1.54349640e-01 -5.03200829e-01
 -8.71274900e-03 -4.59089309e-01 -2.12643519e-01  4.48241919e-01
 -1.86276466e-01 -2.74078120e-02  1.12516331e-02 -4.01343137e-01
 -2.44004950e-01  3.09017986e-01 -1.48792658e-02 -5.37410796e-01
 -5.53410411e-01 -2.89433151e-01  3.39350790e-01  1.05810380e+00
  1.44974336e-01  6.22008622e-01 -4.68728423e-01  4.52818841e-01
  3.88497591e-01  1.07368588e-01  5.57179749e-01  2.76418477e-01
 -2.42470354e-01 -2.15807959e-01  5.62711298e-01  4.15305495e-01
  1.06074534e-01 -4.43860218e-02  1.33653417e-01  6.35653511e-02
  1.82625905e-01 -1.05584092e-01  6.50277615e-01 -1.41808420e-01
  3.53652328e-01  5.14618933e-01  2.33099461e-01 -9.00570750e-02
  7.81622529e-02 -4.57689911e-01  1.09429002e-01 -8.40636492e-01
  5.04574835e-01 -2.83449870e-02 -2.18085330e-02 -5.20893447e-02
 -1.03149295e-01 -4.37160015e-01 -1.79494787e-02 -1.39989480e-01
  2.67539263e-01 -5.08157313e-01 -5.33895075e-01  1.07774056e-01
 -6.89213574e-02 -2.83149242e-01  1.71120137e-01  3.12902868e-01
  4.28791821e-01 -5.32688439e-01 -4.09486890e-01  7.73353815e-01
  1.62159633e-02 -7.25411298e-03  5.61429620e-01  1.17548563e-01
 -7.60221034e-02 -2.11329386e-01 -4.42888379e-01 -2.04645008e-01
 -7.78024912e-01 -3.56423646e-01 -4.52841729e-01  2.16080964e-01
  2.36276343e-01  3.22584599e-01 -1.11663848e-01 -4.70034219e-02
  7.03728721e-02  1.37324661e-01 -6.32245988e-02 -6.52181864e-01
  2.31035039e-01 -1.59226939e-01  5.89680910e-01  8.06764603e-01
  1.58732638e-01 -2.73249149e-01 -1.71576813e-01  2.11646900e-01
  2.31354371e-01  1.23028457e-01 -6.48590446e-01  1.93797164e-02
  5.92741907e-01 -9.51088667e-02 -2.24315897e-01  1.12371504e-01
  3.11464936e-01  4.61230457e-01 -2.76660681e-01 -3.82485032e-01
 -3.53952907e-02  3.31824541e-01 -5.21954633e-02  3.87284011e-01
  9.41041410e-02  1.02863395e+00  2.51859516e-01 -7.52753988e-02
  2.33967155e-01 -3.08179170e-01 -7.24743828e-02 -2.20114797e-01
  2.93157399e-01  1.90492213e-01  9.27618966e-02  5.09248078e-01
  1.10045530e-01 -3.63772511e-01 -2.76042730e-01 -8.28023702e-02
  3.29618990e-01  1.68551907e-01  9.73466262e-02  2.86636442e-01
 -5.14961481e-01 -3.74912634e-03 -3.45947295e-01 -4.57727015e-01
 -1.33094743e-01  1.08476266e-01  6.00565195e-01  1.60536230e-01
  5.43937564e-01 -5.33170700e-01 -3.25734526e-01 -3.71145517e-01
 -4.54083532e-01 -1.34091273e-01 -2.62034595e-01  2.08984196e-01
  1.86641410e-01  1.43626943e-01 -4.56720203e-01 -3.66131932e-01
 -8.83623958e-02  3.65077525e-01  2.15740874e-02 -1.00308716e+00
 -4.10585403e-01  6.31158948e-01 -1.84855133e-01 -3.69897455e-01
  1.03659995e-01  2.36632690e-01  1.72609523e-01 -2.16003954e-01
 -2.13409830e-02 -1.68961227e-01  3.04128975e-01 -1.61232110e-02
  4.92134273e-01 -9.64426622e-02 -2.04459786e-01 -3.32964689e-01
  5.66480383e-02 -2.57824510e-01 -3.34034473e-01 -5.72498620e-01
 -3.06880534e-01 -4.57549095e-02  1.79456457e-01  1.16783254e-01
  4.51031655e-01 -2.44654551e-01  4.98524696e-01  3.15715522e-02
  1.46785304e-01 -9.06953961e-02  2.86881000e-01 -2.87588745e-01
 -1.96511522e-01 -1.93210766e-01  5.32663286e-01  2.68179744e-01
  3.17699850e-01 -2.00333640e-01 -5.33043921e-01 -1.28149822e-01
 -2.39200979e-01 -5.19485593e-01  5.82714915e-01  9.00339633e-02
  5.45618236e-01 -1.83607638e-01  2.24078834e-01 -1.90752864e-01
 -1.51288521e-03 -3.93022567e-01 -1.05430625e-01 -1.07825808e-01
 -8.34050000e-01 -1.86623216e-01 -3.21225554e-01 -4.42048252e-01
  5.20093322e-01  2.66908616e-01 -6.01378739e-01 -3.17012846e-01
  1.42521292e-01 -3.42735127e-02 -4.50731009e-01 -8.93237889e-02
 -5.12572050e-01  1.82778418e-01  4.87899512e-01  4.28265184e-01
  4.14472908e-01 -2.68916726e-01 -6.81961894e-01  1.48743704e-01
  7.06680298e-01  1.27625644e-01  2.58611500e-01  1.33899599e-01
 -6.30201921e-02  6.87753735e-03 -3.61166924e-01  5.99597991e-01
  3.28471392e-01  6.11234367e-01 -1.59367308e-01  5.79657137e-01
  5.70499778e-01 -2.03969046e-01  2.70966887e-01  9.04450119e-01
  3.97225410e-01  6.36755407e-01 -5.77708259e-02  3.68234590e-02
 -5.47057211e-01  2.95317620e-01 -2.78408259e-01  2.50532746e-01
  2.95597583e-01 -3.87314558e-01 -1.06711723e-02 -4.47060823e-01
  5.82158118e-02  3.54063928e-01 -2.57291913e-01  6.40492439e-02
 -1.53027967e-01 -5.27771890e-01  3.81747633e-01 -1.58414677e-01
 -7.10591152e-02  1.84038460e-01 -3.50280739e-02  4.53729361e-01
  5.28607190e-01  2.89910972e-01 -4.13019881e-02  2.18813434e-01
 -6.56645000e-01  8.71488005e-02 -4.67824578e-01  2.55652428e-01
  8.07451427e-01  1.06632136e-01 -7.05801308e-01  1.14724427e-01
  7.12393165e-01 -3.56042296e-01  6.12720251e-02 -1.09155071e+00
 -1.83731511e-01 -1.11092418e-01  1.16029590e-01  1.15147159e-01
 -1.75462157e-01  4.96920139e-01 -3.07970017e-01 -1.20885350e-01
 -2.61702031e-01  7.54705608e-01  6.75808936e-02 -2.03601196e-01
 -8.34806710e-02  5.29114045e-02 -5.20556681e-02  2.55377173e-01
  5.19331433e-02 -4.06432241e-01  1.17533110e-01 -4.00002636e-02
 -2.94865906e-01 -2.02174541e-02  4.06660765e-01  1.87807217e-01
  2.56806910e-02  2.26845756e-01 -4.00772244e-02 -8.69129181e-01
 -2.08236724e-01  3.32490236e-01 -9.42822278e-01 -7.35208243e-02
 -1.42976373e-01 -1.13643274e-01  3.54890704e-01 -1.47615075e-01
 -3.49446923e-01  1.57335289e-02 -2.95113206e-01 -5.24454191e-02
 -1.21971622e-01 -5.85670590e-01 -6.85122907e-02  2.01101497e-01
 -9.97806042e-02 -1.07491338e+00  1.43380091e-01  1.80716157e-01
  3.34964663e-01  5.05462624e-02  5.15951395e-01  2.37292767e-01
  3.97394374e-02  4.21320677e-01 -2.29931965e-01  1.79247186e-01
 -1.03820820e+01 -4.44893003e-01 -3.65293264e-01 -1.83305487e-01
 -3.69284958e-01  4.92114902e-01  6.92190528e-01  3.03514808e-01
 -2.52415985e-01  4.12858665e-01 -3.01866412e-01  2.48289540e-01
  1.43474624e-01  9.37308729e-01 -4.28608716e-01 -1.82765752e-01
  3.00782621e-01  8.21121186e-02  6.40494302e-02  3.10793161e-01
 -2.13016227e-01 -4.07034278e-01  6.02096558e-01  7.59041309e-02
 -6.83071688e-02 -3.66577953e-01 -2.48921990e-01  2.34104961e-01
 -1.81457207e-01  1.10360451e-01 -6.09164238e-01  5.34744024e-01
  1.00308433e-01  3.63924474e-01 -7.44879067e-01 -2.30176792e-01
 -8.91357064e-02  2.33388156e-01  3.84759128e-01  5.59588253e-01
 -8.36476907e-02  6.77435100e-01  2.64930218e-01 -4.22809809e-01
  8.53337288e-01 -2.34485701e-01  3.33837777e-01  5.19216418e-01
  2.75016248e-01  1.35407135e-01 -1.36321679e-01 -6.43802226e-01
  4.21624165e-03 -4.34754133e-01 -1.33099556e-01 -1.42282978e-01
  3.30442816e-01 -6.97705925e-01  3.30822952e-02 -1.12732790e-01
  4.78639036e-01 -2.73013711e-01  6.63694620e-01 -5.87224513e-02
 -3.25073451e-01 -1.60571501e-01  6.56867251e-02  6.94627881e-01
 -5.97562611e-01 -2.92080969e-01  5.59029043e-01 -2.73032725e-01
  2.16637284e-01  4.05589044e-01 -4.60919708e-01  2.65621245e-01
 -1.92683697e-01 -1.77279994e-01  1.11961389e+00  7.46123493e-02
  4.50416654e-01 -4.80197296e-02 -4.25727963e-01  1.74755409e-01
 -1.07366514e+00  4.93901521e-01 -1.73196644e-01  1.24258988e-01
  3.95558953e-01 -4.19577271e-01  5.82466722e-01  1.52464572e-03
 -3.31682295e-01  1.18207902e-01  4.81196791e-01  6.66705295e-02
  4.59523231e-01  7.95234889e-02  9.23289955e-01  1.36794508e-01]"
ダ,"[ 7.86714554e-01  7.08349273e-02  7.42893398e-01 -1.83869109e-01
  1.01191126e-01  2.39210054e-01  1.92313224e-01  2.13063106e-01
 -3.26941073e-01 -8.91355202e-02  7.46151865e-01 -4.69970584e-01
 -3.17607462e-01 -2.09833998e-02  2.54723936e-01 -2.69319057e-01
  1.18726298e-01 -1.64608106e-01 -1.75356597e-01 -4.72011209e-01
 -9.11198914e-01 -3.48418325e-01 -2.33601496e-01  4.05426204e-01
  1.20810837e-01 -6.87112451e-01  1.99824527e-01  6.55777156e-02
  3.15184921e-01 -4.27596301e-01 -4.24800664e-01 -2.06834793e-01
 -1.02126412e-01 -1.93514645e-01 -5.42068064e-01  3.19319457e-01
  2.70476937e-01 -5.58041990e-01  2.90586799e-01  1.41193494e-01
  2.86115825e-01 -5.99215150e-01 -4.33591515e-01 -1.25105336e-01
 -2.85694331e-01  2.83312023e-01  1.60674879e-03 -8.15877505e-03
 -1.91741467e-01  1.15363762e-01 -4.50774342e-01  4.62576956e-01
  2.47719079e-01  2.11608365e-01 -1.17613012e-02 -1.96292922e-01
  5.63313961e-01 -5.85725009e-01  3.44009548e-01 -3.79705392e-02
 -1.35426417e-01 -9.63524729e-03  4.31339711e-01  1.51367441e-01
 -7.47178197e-02 -4.42377359e-01  1.42631447e-02 -2.47666404e-01
  8.65586624e-02 -1.81779608e-01  1.97997183e-01  4.16893005e-01
 -2.25948617e-01 -5.06982982e-01  4.39289957e-01 -4.06568736e-01
  7.99621418e-02  5.69405258e-01  2.50508606e-01  1.23281240e-01
 -2.34215677e-01  4.30861652e-01  3.33728224e-01 -1.04900610e+00
 -9.53195244e-02  6.74893081e-01 -5.40532291e-01 -9.73404050e-01
  2.23985851e-01 -1.63795874e-01  1.22502945e-01 -6.66073815e-04
  8.42236429e-02  5.55625856e-01  2.16464162e-01 -8.50918964e-02
  1.72172651e-01 -8.53357315e-02 -1.75384045e-01  1.98283512e-02
 -6.05727080e-03  6.49299681e-01  3.86852592e-01 -2.10316554e-01
  2.75844950e-02 -6.91965735e-03 -4.67597514e-01  1.80984780e-01
 -1.08109541e-01  2.56448895e-01 -2.81597823e-01 -6.74434900e-01
 -7.94129193e-01 -3.05498809e-01  3.20206225e-01  1.17705122e-01
 -4.82728273e-01  5.57358861e-01 -3.80815864e-01  7.89362550e-01
  1.53706580e-01  1.35673443e-02  2.88473040e-01 -5.34815669e-01
 -2.56182879e-01  6.61963522e-01 -4.10815850e-02  1.90170303e-01
 -2.04378809e-03  1.04912907e-01 -4.38805193e-01 -6.09751582e-01
 -4.10097510e-01 -1.05083637e-01 -3.39493841e-01  5.58828175e-01
 -1.01566231e-02 -1.72827527e-01 -2.83181608e-01 -4.43560421e-01
 -2.78785586e-01 -9.09146294e-03  3.26992095e-01 -2.44171157e-01
 -8.55772570e-02  2.05893993e-01 -2.39526555e-01 -7.22220957e-01
  7.62970746e-02  2.44294986e-01 -7.23672807e-02  8.20787191e-01
 -7.42160797e-01  1.11326620e-01  7.07470998e-02  3.74314129e-01
 -5.62060475e-01 -1.20667264e-01  4.24097590e-02  1.89208552e-01
  1.68001160e-01 -4.17545438e-01  2.63867918e-02  1.16782928e+00
  4.88682419e-01  6.67501450e-01  1.89247608e-01  1.24349460e-01
 -3.46329361e-01  1.01264238e+00  3.88690621e-01 -1.34767279e-01
 -3.64661701e-02 -2.68478215e-01 -2.27005318e-01  2.46184215e-01
  7.00757444e-01  2.09298208e-01  5.51032163e-02 -3.22149009e-01
  3.03785298e-02 -1.28993168e-01  2.47318283e-01 -6.81204975e-01
  3.26690644e-01 -4.98809153e-03  2.22484209e-02  1.81263939e-01
 -1.56607125e-02  1.16939191e-02 -4.34721857e-02 -5.90896308e-01
  2.35128418e-01  1.04026459e-01 -2.90416688e-01 -2.52052724e-01
 -1.16657294e-01  1.68389559e-01 -5.05465984e-01  7.31107116e-01
 -8.75383988e-02 -5.20121939e-02 -1.95041969e-01 -7.62953341e-01
 -9.58197236e-01 -1.44637108e-01  2.34538779e-01  9.01429534e-01
  4.07821208e-01  6.29756331e-01 -4.10700798e-01 -1.21088838e-02
  7.44269937e-02  4.30814922e-01  6.97004080e-01  5.14623404e-01
 -3.77084136e-01 -8.35417688e-01  6.88030303e-01 -3.19491625e-01
  7.11719841e-02 -1.09017603e-01  4.69500989e-01 -5.05524762e-02
  1.77395388e-01  1.76179901e-01  5.70615768e-01  1.72787700e-02
 -5.29328585e-01  6.12888932e-01 -5.87090075e-01 -7.01371133e-01
 -6.50608242e-01  1.06572300e-01 -8.74849439e-01 -3.04847896e-01
 -1.70158278e-02  3.61644000e-01 -2.66962081e-01  4.07368749e-01
  1.16846681e-01 -4.03204173e-01  2.62280345e-01 -8.02602112e-01
  1.71659693e-01  3.98849487e-01 -2.46233597e-01  3.28189507e-02
  8.33067372e-02  4.26292390e-01 -3.85362506e-01 -3.27465773e-01
 -3.03336114e-01 -4.36185867e-01  6.58582449e-01  1.54066414e-01
  5.07061839e-01 -1.95756435e-01  5.58178842e-01 -6.43954158e-01
 -1.43138602e-01 -5.07917881e-01 -7.54758194e-02  2.68168479e-01
  6.73800930e-02  1.01369187e-01  2.60749608e-01 -4.75842506e-03
 -2.04482853e-01 -4.27545458e-01  1.86760053e-01 -1.46926060e-01
 -2.61572391e-01  8.70727375e-02 -9.83484983e-02  1.20090328e-01
 -2.58715391e-01  5.61444581e-01 -3.46907705e-01  3.71793389e-01
 -1.98741093e-01  4.71657544e-01 -4.95008290e-01 -2.13570803e-01
  1.29829317e-01 -1.67990163e-01 -7.25462556e-01  1.36007473e-01
 -4.95627642e-01  7.11258709e-01  3.24658275e-01 -6.43754542e-01
 -6.61221981e-01  7.57171167e-03 -2.56570876e-01 -1.09477811e-01
  9.73891392e-02  1.41657162e-02  5.28893471e-01 -2.00309426e-01
  4.80530113e-01  2.37599567e-01  5.38198769e-01 -1.24152772e-01
  1.20023549e-01 -4.06052440e-01 -3.60588450e-03  3.62094164e-01
  4.94219333e-01 -1.56870596e-02  2.78096020e-01  6.44880354e-01
 -7.93284103e-02  4.85585213e-01  2.90071994e-01  6.04702890e-01
 -1.94860458e+00 -6.13640487e-01  4.68035996e-01 -2.08448783e-01
 -3.92904818e-01  1.37804404e-01  2.85404831e-01  1.84585094e-01
 -2.27361038e-01 -6.98093593e-01  1.15709400e+00  3.65301877e-01
 -1.66478559e-01  4.56408113e-02  4.50541884e-01 -1.29122987e-01
 -4.82037887e-02 -9.37928557e-01  4.55287009e-01  7.13996470e-01
  3.19093838e-02 -5.19073367e-01 -2.99164355e-01 -4.72713023e-01
 -2.01185316e-01  2.58878410e-01 -4.19529557e-01  1.73009470e-01
 -7.93539762e-01 -1.28755674e-01  3.41026788e-03  1.13236904e+00
  6.84293330e-01  7.06061304e-01 -6.03573918e-01 -1.53207988e-01
 -3.31126988e-01  1.57555759e-01 -4.15466279e-02 -2.44446963e-01
  9.01303515e-02 -4.32672381e-01  6.30003661e-02 -1.78403214e-01
  8.59770700e-02  2.11934242e-02  3.95099968e-02  5.36345005e-01
 -5.91595948e-01  2.90085614e-01  5.91699362e-01 -1.29347771e-01
  2.97405332e-01  2.67027438e-01  8.87635887e-01  8.20816830e-02
  1.79935411e-01 -7.89586425e-01  4.97711003e-02 -3.30200344e-01
 -7.63139203e-02 -1.49170518e-01 -5.81076890e-02  6.23550653e-01
 -3.17764968e-01 -1.10785505e-02 -9.75172371e-02 -3.82246733e-01
  1.63755566e-01 -3.30403268e-01 -2.53992796e-01 -1.46244869e-01
  1.67036384e-01 -4.31098938e-01  5.96781254e-01  4.44889635e-01
  4.73326415e-01  2.24231593e-02 -2.64335394e-01  4.16286111e-01
 -1.17863961e-01  3.72304320e-01  1.64878815e-01  4.62975383e-01
 -4.95393991e-01 -1.04752295e-01 -1.49253562e-01 -5.99958777e-01
 -4.27237093e-01 -2.19944939e-02 -8.27218115e-01 -1.67011350e-01
 -2.91963220e-01  6.53698564e-01 -1.04144260e-01 -4.66476411e-01
  4.50275451e-01  1.88626349e-01 -6.23283088e-01 -5.98511815e-01
 -3.79816800e-01  5.32403171e-01 -3.09517026e-01  3.82414430e-01
  5.04179358e-01  4.45646703e-01  5.98533526e-02 -9.39377993e-02
 -8.58146548e-02 -3.28860193e-01 -4.89392579e-01 -3.37364525e-01
  8.16439927e-01 -1.99680462e-01 -8.74824226e-02 -1.79662198e-01
  1.20781243e-01  9.83806729e-01 -2.46181443e-01 -7.06167996e-01
  1.84776485e-01  2.78745592e-01 -9.08841267e-02  6.49790466e-01
  4.03090179e-01  9.48866725e-01  2.29081973e-01 -3.04198693e-02
 -3.10237795e-01 -4.30306196e-02  2.52798796e-02 -2.75557190e-01
 -1.22642852e-02  1.14261704e-02  6.22465491e-01  7.52787590e-01
  2.85755008e-01  5.34583151e-01  4.28843439e-01  1.18037097e-01
 -5.08956969e-01  3.32667381e-01 -7.16354698e-02  1.97122812e-01
 -6.33699074e-02  4.32701975e-01 -3.71223509e-01 -2.99541019e-02
 -1.15622126e-01 -4.70808685e-01  5.41847825e-01 -1.69412196e-01
  4.19521093e-01 -4.42405492e-01 -4.31113780e-01 -6.67392671e-01
 -5.92762768e-01  2.93712884e-01 -2.54387766e-01 -1.35150179e-01
  3.84918243e-01 -2.61929601e-01 -7.11760163e-01  5.97695671e-02
  5.86167336e-01  7.70050347e-01 -1.32831568e-02 -6.06674552e-01
 -1.96065113e-01  6.87392175e-01 -5.47984779e-01 -5.40097535e-01
  4.15446699e-01  1.07626371e-01 -1.66254655e-01 -1.27003288e+00
 -5.14018774e-01  3.81118841e-02  2.04751477e-01  8.72189999e-02
  3.04242760e-01  3.13170463e-01 -7.68497407e-01 -5.22592366e-02
 -2.10719243e-01 -4.20840353e-01 -8.23997520e-03 -6.72515571e-01
 -1.68707464e-02 -5.67318220e-03 -5.02896383e-02  3.62348378e-01
  4.67149466e-01 -5.87936401e-01 -5.68638086e-01  6.63863361e-01
  8.26817974e-02 -7.66754001e-02  1.54925659e-01 -6.59083724e-02
 -7.00471103e-02 -8.09440687e-02  2.50249773e-01  1.81322005e-02
 -1.43737588e-02 -1.95668757e-01 -9.35773134e-01 -3.33531022e-01
 -4.95368615e-02 -5.99126458e-01  2.72022069e-01  4.33734477e-01
  3.98546457e-01 -5.55747449e-01 -2.11986393e-01 -2.20101401e-02
  1.05022311e-01 -2.33714487e-02  2.61603266e-01 -2.12018266e-01
 -7.45832384e-01  3.16111445e-01 -6.67942921e-03 -6.43119097e-01
  9.98608351e-01  4.70578313e-01 -4.47846800e-01  2.53803581e-01
  5.42999983e-01 -7.58123547e-02 -2.41908878e-02 -1.49790004e-01
 -1.30126685e-01  4.30177897e-01  5.89731693e-01 -6.73604310e-02
  4.00107235e-01  5.47872782e-01 -5.96600235e-01  2.29628026e-01
  3.66872579e-01  4.74554449e-01  3.96606326e-01  2.03719735e-01
 -2.61710018e-01 -6.14960909e-01 -4.63144779e-01  5.09416521e-01
  7.65738115e-02  4.16536212e-01 -6.90255702e-01  5.52953541e-01
  6.34525657e-01 -4.80597734e-01  2.62136549e-01  7.58611917e-01
  3.90249729e-01  6.20191574e-01  6.15557805e-02 -5.30609637e-02
 -8.09289515e-01  2.74573117e-01  2.87055165e-01  2.03687027e-01
 -4.63621587e-01  1.88636258e-01  2.50928015e-01 -1.91972718e-01
  6.64985597e-01  9.39723477e-03  1.72820315e-01 -2.49546349e-01
  4.24697064e-02 -3.90565008e-01  1.09505534e+00  1.73301145e-01
  4.76333648e-02 -2.53128428e-02  1.83791108e-02  7.76229858e-01
  9.55665350e-01  2.34649703e-02  5.15891671e-01 -4.35312063e-01
 -8.01516831e-01  1.98608324e-01 -8.79543424e-02  1.09306298e-01
  3.63506615e-01 -7.27546275e-01 -6.55346334e-01  4.98710394e-01
  5.51626503e-01  4.96764993e-03 -4.83222783e-01 -6.14585638e-01
  2.44391561e-01 -3.44973922e-01  1.44438803e-01 -6.87149391e-02
  3.25828582e-01  4.65034395e-01 -1.74198404e-01  1.13261938e-01
  1.34371683e-01  9.52621937e-01  1.16988152e-01 -1.17631011e-01
  5.68449087e-02 -6.61344826e-02 -1.28969103e-01  3.50437343e-01
  4.04781640e-01 -1.43371001e-01 -3.54334086e-01  3.73850614e-01
 -3.75341535e-01  5.32990322e-02 -2.98335195e-01  7.10311607e-02
 -3.95378247e-02 -3.43820959e-01  3.27911615e-01 -3.51115912e-01
  1.41487822e-01 -4.54248749e-02 -6.89398289e-01 -2.80030668e-01
  2.41338551e-01  1.04613915e-01 -2.39841953e-01 -4.24303599e-02
 -4.17065561e-01 -3.41212153e-01 -1.44375801e-01  4.41786319e-01
 -1.05035233e+00 -4.56690311e-01  6.96669042e-01  3.70758146e-01
 -1.64982051e-01 -1.73777032e+00  5.02282441e-01  2.02695191e-01
  2.34420329e-01  1.43306121e-01  1.61909744e-01 -2.70626038e-01
 -6.02383725e-02 -3.24645847e-01 -4.47877079e-01 -1.93918914e-01
 -1.00647411e+01 -1.18980162e-01 -4.44589444e-02 -6.67080164e-01
 -4.67765272e-01 -2.12428242e-01  8.15504253e-01  3.46774071e-01
 -1.98790208e-02 -9.43387747e-02 -5.05934238e-01  2.10155636e-01
  2.57538021e-01  3.40120830e-02 -2.78191775e-01  2.62715314e-02
 -6.75364971e-01 -3.38905722e-01 -2.07706094e-01 -2.90699583e-02
 -1.53472781e-01 -3.77387583e-01  3.94524872e-01  4.31224346e-01
  6.89903915e-01 -2.91553468e-01 -2.73687720e-01  1.79279298e-01
 -2.19441488e-01  7.21848905e-01 -6.43919766e-01  1.90051571e-01
 -3.98616850e-01  5.04627705e-01 -3.04782093e-01  1.33153081e-01
  4.44344759e-01  4.24526691e-01 -8.12497064e-02  6.31481826e-01
  3.37121308e-01  1.26208767e-01  2.93325216e-01 -1.76489785e-01
  1.93023592e-01  1.01242013e-01  4.31854308e-01  6.51801154e-02
  9.17856455e-01 -2.31129542e-01 -3.73673975e-01  1.02076102e-02
 -5.17674834e-02 -2.91645318e-01  1.44750938e-01  2.72795379e-01
  4.96867716e-01 -6.25556111e-01  2.61825711e-01  1.18656315e-01
  3.85000587e-01  4.58489001e-01  9.72712398e-01  8.03777218e-01
 -5.70654310e-02  4.22381580e-01  3.17416899e-02  1.41183481e-01
 -8.40685129e-01 -4.60754007e-01  3.38461727e-01  6.10205173e-01
  3.50587368e-02  3.05510849e-01  1.85101479e-01  3.75044078e-01
 -1.58696339e-01  8.74420330e-02  1.66680932e-01  2.76464820e-02
  1.76009387e-01 -3.34643781e-01  8.10303614e-02  3.94456089e-01
 -7.95966685e-01 -2.16752782e-01  1.91067815e-01 -3.85501720e-02
  1.60231560e-01 -6.39836967e-01  7.04527140e-01  2.65899211e-01
 -5.75271308e-01  3.08782101e-01  3.16203207e-01 -8.29215646e-02
 -3.17987561e-01  8.25023651e-03  3.81430119e-01 -3.94706309e-01]"
