Mora,Embedding
コ,"[-3.40031236e-02  8.18359554e-01  2.43368626e-01 -5.56144714e-01
  2.80287147e-01  6.06937468e-01  6.05787814e-01 -6.49851501e-01
 -5.27460337e-01 -8.74856338e-02  5.27706683e-01 -1.51821449e-01
 -3.97614658e-01  4.72632051e-02  2.96691686e-01 -4.14127946e-01
  2.93983459e-01 -3.02294623e-02  3.46110873e-02 -2.14860544e-01
 -4.73697275e-01 -9.39324856e-01  1.81948498e-01 -6.29787818e-02
  1.37610927e-01 -5.49549222e-01  7.73554146e-02  3.99033368e-01
  2.39412144e-01 -1.20417230e-01 -3.43516842e-02 -6.02576971e-01
 -1.76644072e-01 -5.22153318e-01 -8.69409442e-02 -2.00160295e-01
 -1.84772238e-01  1.02109909e-01 -2.83956826e-01 -4.35639620e-01
  6.91074133e-02 -1.34097770e-01 -4.78954166e-01 -6.77442923e-02
 -7.04328865e-02  5.95569313e-01 -1.12009607e-01  5.03426671e-01
  4.22184706e-01  2.60098368e-01 -2.82476395e-01  2.81704605e-01
  4.87569511e-01  3.00828099e-01  5.40202819e-02 -1.70578212e-01
 -2.20259428e-02 -1.35105759e-01 -2.67725945e-01  6.10149316e-02
 -6.93861961e-01 -1.24004789e-01 -4.49293703e-02  2.43316486e-01
 -3.29383165e-01  2.82415420e-01 -2.80290097e-01 -5.05430140e-02
 -4.80194613e-02 -6.97480559e-01  3.62185657e-01 -1.86056301e-01
 -3.15920144e-01  9.36432481e-02  1.12326097e+00 -3.04470539e-01
  3.98620695e-01 -6.24346495e-01  4.29722220e-01 -9.46053937e-02
 -4.32018876e-01  4.25306380e-01 -2.56495237e-01 -5.73162973e-01
 -1.99533135e-01  5.59410453e-01 -8.60556006e-01 -8.51772189e-01
  7.52198517e-01  3.16954106e-02  1.14665784e-01  1.72239348e-01
  2.20329762e-01  3.43912691e-01  1.82003394e-01 -3.97315234e-01
  2.98139691e-01  7.17239156e-02 -4.53803241e-02  6.21352911e-01
 -5.47691822e-01 -3.27000111e-01  1.19758427e-01  1.09058693e-01
  2.52100050e-01  6.00410700e-02 -5.94386935e-01  5.30175269e-01
  1.43666342e-01  3.56762558e-01 -1.05631933e-01 -5.69109857e-01
 -5.39138019e-01  1.87002212e-01  2.95804799e-01 -1.87213555e-01
  9.66304690e-02  3.55871528e-01  1.03556737e-01  6.96730435e-01
 -1.13138989e-01  5.10706186e-01 -4.45971303e-02 -2.87576199e-01
 -1.72110781e-01 -1.58677682e-01  6.38342798e-01 -5.43034673e-01
 -2.40154698e-01 -6.30624294e-01 -1.48481414e-01  3.84620756e-01
 -8.77233505e-01  1.54931769e-01 -3.26643914e-01  6.34937525e-01
 -2.28713498e-01  5.75828850e-01 -5.07465661e-01 -6.15215182e-01
 -1.73314512e-01  1.26228094e-01  7.10624158e-01 -8.49522948e-01
  2.33728122e-02  1.52235493e-01  7.95869157e-04 -1.54659331e-01
  7.76271522e-01  4.53313589e-01 -2.08476968e-02  6.05333745e-01
 -7.55394220e-01  1.84092343e-01 -1.23584218e-01 -9.77719277e-02
 -4.35410231e-01  6.22624338e-01  7.95721710e-02  9.35803592e-01
  1.79002583e-01 -3.63964587e-01  2.90543884e-01  8.88212323e-01
  1.02122009e-01  3.86993051e-01  6.23167455e-01  2.50698775e-01
  5.90187073e-01  8.35399806e-01 -2.45349072e-02  6.25492156e-01
  3.34949374e-01 -4.87716913e-01  1.49089679e-01  5.92454612e-01
  5.16888976e-01 -3.16922404e-02  1.87372908e-01 -3.48076105e-01
 -3.00012857e-01 -1.27463996e-01 -3.67748946e-01 -5.24430752e-01
  5.27959585e-01 -6.38387740e-01  3.31762694e-02  2.40299806e-01
  6.82033598e-02 -7.42740110e-02 -1.41142756e-01 -3.52961153e-01
  2.40099296e-01 -6.40367925e-01 -4.44272518e-01  2.43649393e-01
 -4.15564120e-01  1.55024424e-01  2.12862402e-01  2.95139313e-01
 -1.17131069e-01 -1.79158852e-01 -4.97405112e-01 -1.40239155e+00
 -1.11215949e+00  2.01140746e-01  2.42208958e-01  9.74566042e-02
  1.29909083e-01  1.41460180e-01 -2.57268578e-01  2.15118565e-02
 -6.11172756e-03 -8.77538472e-02  3.59233856e-01 -7.25206137e-02
 -8.13828826e-01 -6.57663122e-02  4.47233528e-01 -9.12438035e-02
  3.20160508e-01 -3.82249147e-01  2.72036731e-01  5.85039780e-02
 -4.54798758e-01  3.14509869e-01  2.30412364e-01 -4.06691968e-01
 -8.03591907e-02  4.82664675e-01 -2.94177324e-01 -5.43042421e-01
 -9.27678406e-01  1.45620689e-01 -3.89038861e-01  2.60894358e-01
 -3.13992769e-01  3.50613832e-01 -2.99503386e-01  4.87678289e-01
 -1.00990638e-01 -5.68887115e-01 -2.37294547e-02 -2.46849686e-01
 -1.60343610e-02  4.77189988e-01  9.60796624e-02 -2.20960200e-01
 -7.21571147e-01  1.23716027e-01 -8.58770967e-01 -3.70252162e-01
  2.08493829e-01 -1.25054270e-01  8.56157601e-01  3.54532540e-01
  9.82189476e-02 -1.30364999e-01 -9.67959985e-02  3.54307964e-02
 -4.85871285e-01 -5.66526175e-01  7.79870674e-02 -2.44835049e-01
  2.38737687e-01 -1.70298427e-01 -8.43780786e-02 -7.32693553e-01
 -7.16245770e-01 -3.56674522e-01 -5.07580563e-02 -1.11444421e-01
 -3.71584117e-01 -3.26895833e-01 -3.95800918e-01  3.83227199e-01
 -1.37553915e-01  6.40039444e-01 -3.32488269e-01  4.13617432e-01
  3.78613770e-02  5.31190574e-01 -1.22279990e+00  2.42338732e-01
  2.64373302e-01 -9.07766521e-02 -2.55535871e-01 -1.07908785e+00
 -3.85602087e-01  4.62247461e-01  1.39149040e-01 -3.34768414e-01
 -1.34344980e-01 -7.55908713e-02 -3.67132366e-01 -1.54725164e-01
 -1.53716981e-01  1.45521075e-01 -3.18582170e-02  4.83611882e-01
  2.97614813e-01  1.73670217e-01  2.58747071e-01 -4.89936024e-01
 -5.40043533e-01  1.29702212e-02  1.32869467e-01 -1.38940036e-01
  6.00982368e-01  7.74345845e-02 -4.95811133e-03  1.19829559e+00
 -7.53678024e-01 -1.69955209e-01  1.04749227e+00  2.15753168e-02
 -1.37812638e+00  2.43046731e-01  5.06793678e-01  1.91017538e-01
 -1.75383016e-01  8.41663301e-01  1.72287852e-01  2.55304694e-01
 -4.19848680e-01 -4.21023011e-01  1.15853453e+00  2.63974041e-01
 -5.31793594e-01 -2.44952932e-01  7.17396021e-01 -1.82570085e-01
  4.60462362e-01 -2.99816877e-01 -4.18125063e-01  3.80264372e-01
 -3.56573641e-01 -9.74904448e-02  2.03913953e-02 -3.03174943e-01
 -7.90582418e-01  4.33789790e-01 -1.92611724e-01  5.28056026e-01
 -7.42500722e-01 -2.97957629e-01  4.02795643e-01  1.20531130e+00
  6.39519632e-01  6.79526448e-01 -2.82252878e-01  2.15375517e-02
  7.73160398e-01  6.30646646e-02  4.17632610e-01  1.84704646e-01
  1.45980671e-01 -4.25112963e-01  9.14489031e-01 -1.27254620e-01
 -4.63717103e-01  3.19115907e-01  5.11827409e-01  6.51170254e-01
  1.09212166e-02 -2.18484193e-01  4.71887678e-01  8.35557431e-02
  7.72223771e-01  9.56755221e-01  6.26986265e-01  6.76405504e-02
  2.78371871e-01 -2.52559930e-01  7.70499945e-01 -5.13050497e-01
  4.04873602e-02  1.69144586e-01 -5.06784245e-02 -4.09605026e-01
 -7.89666891e-01 -9.51197669e-02 -1.90251738e-01 -4.23296779e-01
 -4.16331172e-01 -9.04510736e-01 -8.18772376e-01  2.47665361e-01
  4.80200946e-01 -7.86351085e-01  1.25358924e-01  2.82301158e-01
  3.99951339e-01 -5.53323090e-01 -2.05699444e-01  2.42023602e-01
 -4.31606293e-01  1.18376680e-01  1.86674267e-01  4.33183640e-01
 -4.52770084e-01  8.33026096e-02 -4.70022619e-01 -2.19578043e-01
 -9.30724025e-01 -6.14590228e-01 -4.82733667e-01  8.83011818e-02
  2.60424078e-01  4.40565169e-01  1.60905376e-01  4.12852436e-01
 -2.53472418e-01  6.70503825e-02 -1.84876829e-01 -4.45384949e-01
 -1.38996065e-01  4.67279851e-01  2.47606084e-01  6.31031334e-01
  1.70158848e-01  5.18903196e-01  3.59810628e-02  1.59394083e-04
  6.37744069e-02 -4.33488116e-02 -3.50952476e-01 -3.59039009e-01
  6.87483430e-01 -1.52769506e-01 -1.09389797e-01 -3.22362743e-02
 -4.38390486e-02  7.21520543e-01 -6.34018928e-02 -1.10090613e+00
 -1.57892734e-01  3.41296405e-01  8.62532109e-02  3.65873307e-01
  3.95502239e-01  1.09564686e+00 -2.06748605e-01  2.04002485e-01
  5.86377323e-01 -7.85374492e-02  7.58567274e-01 -3.16875279e-02
 -2.84819245e-01 -3.17162216e-01  1.47566512e-01  6.65841460e-01
  6.79170862e-02 -1.07560135e-01  2.48768359e-01  4.16045189e-01
 -2.99391717e-01 -1.97558269e-01  3.30075651e-01 -9.90340039e-02
 -6.71737075e-01 -3.46156269e-01 -5.35025001e-01 -6.36352241e-01
 -1.34762287e-01  3.77500027e-01  2.80994862e-01 -4.31473274e-03
  4.33102727e-01 -6.10811472e-01 -6.75711572e-01 -4.98841137e-01
 -9.49790061e-01  3.83423924e-01 -2.04540879e-01  5.66437304e-01
  5.67321777e-01  5.19686155e-02 -5.26067436e-01  2.73315936e-01
 -1.19956948e-01  4.37942624e-01  8.92815590e-01 -3.02216083e-01
 -1.61841691e-01  4.91000712e-01 -1.36516541e-01  6.80396140e-01
 -2.31352121e-01  1.73795685e-01 -3.02254379e-01 -3.17599215e-02
 -8.61420557e-02  1.39808625e-01  3.32722031e-02 -5.36412954e-01
  8.43076706e-01  1.15854286e-01 -3.74888450e-01 -4.09248322e-01
 -6.42643034e-01 -1.10807993e-01  4.49589521e-01 -7.45605767e-01
  2.17578318e-02 -6.09686315e-01  1.93664342e-01  6.53223693e-01
  8.42315733e-01 -6.93938136e-01  4.56017166e-01  1.89332709e-01
  7.64791220e-02 -1.87673971e-01  2.29304031e-01 -3.87045652e-01
 -3.21306914e-01  4.00711372e-02  5.27030945e-01  1.77018955e-01
  6.84628606e-01 -5.61532855e-01 -8.35055828e-01 -5.50360084e-02
 -2.28319854e-01 -6.27835453e-01  3.52906764e-01  7.03449324e-02
  2.99848020e-01 -5.31550109e-01  2.19050184e-01 -7.14979172e-01
  5.29027820e-01  3.57724875e-01  1.50618061e-01  9.88623574e-02
 -7.47942328e-01 -1.62821457e-01 -4.41728026e-01 -9.56836641e-01
  4.63358998e-01  4.12965864e-01 -8.09680045e-01  2.92298663e-02
  4.38703060e-01  5.18194199e-01 -6.92168474e-01 -5.76343417e-01
 -3.93741280e-01  9.18499455e-02  4.85231012e-01  2.01218501e-01
 -2.92095225e-02  1.40590826e-03 -3.01596671e-01  1.65906876e-01
  5.81577837e-01  6.98478281e-01  6.66153252e-01  9.39693525e-02
 -2.94664018e-02  1.55121654e-01 -7.05009222e-01  5.15378006e-02
 -2.03845084e-01 -1.34968176e-01 -5.61633892e-02  9.25351322e-01
  5.31623602e-01 -4.03094798e-01 -1.51008889e-01  9.34486568e-01
  4.13570940e-01  8.28534424e-01 -4.16184038e-01 -1.79562360e-01
 -4.56801862e-01  4.43943411e-01  1.18514307e-01 -2.82733023e-01
 -1.11502949e-02 -1.11879811e-01 -3.39961082e-01 -2.81307280e-01
 -3.18983853e-01  2.75723249e-01  6.29651472e-02  2.88141757e-01
  1.76223144e-01 -2.62073815e-01  4.36531037e-01 -2.49325544e-01
 -4.77575183e-01 -1.89346969e-01  4.37821686e-01  1.73898518e-01
  7.86911190e-01  2.15352759e-01  2.70626277e-01 -3.22856337e-01
 -9.98281896e-01 -3.61847103e-01  3.10712487e-01  3.70376438e-01
  7.74248183e-01 -7.68168449e-01 -5.58015406e-01  1.15990505e-01
  2.89381862e-01 -5.41180037e-02  9.31880623e-02 -9.02059972e-01
 -3.80132139e-01  1.89359561e-01 -6.94767594e-01  3.49366009e-01
  2.77846783e-01  1.84967622e-01 -2.18699008e-01 -4.49166149e-01
  6.59638345e-02  5.69992125e-01 -1.78454325e-01 -5.48816741e-01
  3.58918577e-01 -4.75102440e-02 -5.17831855e-02  1.53852642e-01
  1.20168254e-01 -5.57288192e-02 -3.42426635e-02  1.67805642e-01
 -4.46234524e-01  5.53899184e-02 -2.60110736e-01  3.95022452e-01
  2.41767475e-03  2.88103372e-01 -1.59017786e-01 -1.04087019e+00
  8.51010457e-02 -1.17336260e-02 -4.97439772e-01 -3.01034570e-01
 -2.17571869e-01 -3.18164945e-01 -1.54365450e-02 -1.19722486e-01
 -2.46728197e-01  3.23862582e-01 -3.17559153e-01  5.85205019e-01
 -1.22650959e-01 -6.32888436e-01  3.05619657e-01  3.99862498e-01
 -3.82739812e-01 -8.35300505e-01  3.57702881e-01  4.12165910e-01
  4.39000070e-01 -3.57071832e-02  5.17107286e-02  1.34083614e-01
  3.38933468e-01  4.90094960e-01 -6.08103216e-01  5.32438278e-01
 -9.79601955e+00 -3.71066123e-01 -6.01284325e-01 -3.19527388e-01
 -3.20709139e-01 -5.82566969e-02  1.07630455e+00  6.74293786e-02
 -1.24784179e-01 -1.62956342e-01 -8.72951075e-02 -1.50995729e-02
  4.90367979e-01  8.81763518e-01 -6.94205523e-01 -5.37462115e-01
 -7.15912804e-02 -3.04488838e-01 -4.26196158e-01 -1.00694515e-01
  4.00756449e-02 -2.51404136e-01  1.06191254e+00 -6.17653802e-02
 -3.38840127e-01 -3.50596279e-01  1.02015689e-01 -1.28545742e-02
 -2.46737078e-01  8.90286267e-01 -7.34142900e-01  1.49080098e+00
  1.81100830e-01 -9.58405361e-02 -2.63732672e-01  7.83888251e-02
 -8.42657387e-02  3.83993536e-01 -6.18537843e-01  5.44169486e-01
  1.76882356e-01  1.02944911e+00 -2.23442614e-01 -1.23551995e-01
  5.35986066e-01 -1.85154695e-02  4.37277973e-01  1.87122524e-01
  2.56300658e-01 -1.69576496e-01 -1.90561801e-01 -4.08345729e-01
  1.47109717e-01 -1.90664619e-01  1.80475160e-01 -1.62386492e-01
  6.50650859e-01 -6.85634136e-01  2.07714401e-02  8.01436305e-02
  5.25141239e-01 -1.48999259e-01  5.69961369e-01  6.55263126e-01
 -4.02973682e-01  7.19710812e-02  2.27081656e-01  1.52651006e-02
 -5.92391968e-01 -2.47420773e-01  2.75155902e-01  5.59971444e-02
  9.35863703e-02  3.79527777e-01 -3.10469508e-01  5.26294708e-01
 -1.55469045e-01 -3.09055030e-01  7.42112637e-01  3.24877620e-01
  1.00749028e+00 -1.15901396e-01 -6.03499189e-02  1.92686677e-01
 -8.88719261e-01  4.23133701e-01 -1.65509388e-01  3.20394248e-01
  5.79544723e-01 -6.26762092e-01  1.00056088e+00  5.16397581e-02
 -5.61918616e-02  2.78020412e-01 -2.57949438e-02 -1.43004343e-01
  6.82184458e-01  5.56321383e-01  5.35772443e-01  1.37304470e-01]"
レ,"[ 2.11790562e-01  3.12147915e-01  1.56239405e-01 -4.62925494e-01
  3.90045017e-01  6.33704841e-01  1.08811867e+00 -5.64637408e-03
 -1.70766532e-01  2.53077507e-01  6.52835608e-01  5.36284596e-02
 -7.73065925e-01 -2.08476856e-01  4.08956826e-01 -1.93083435e-02
  1.95161268e-01 -4.57857430e-01 -2.57242247e-02 -4.03957129e-01
 -5.13635576e-01 -4.37197149e-01 -2.87885010e-01  3.59757394e-01
  1.92466006e-01 -4.33365285e-01 -1.64243922e-01  3.59828532e-01
 -2.01904532e-02 -3.53789479e-01 -3.70608479e-01 -6.53367996e-01
 -8.40082914e-02  4.72385108e-01 -1.64403200e-01  1.47810608e-01
 -4.61415619e-01 -6.33785501e-02  2.76199311e-01  1.68242469e-01
 -2.04160556e-01 -1.32096857e-01 -3.42380077e-01  1.46032572e-01
 -2.51288235e-01  4.13353950e-01  3.87004912e-01  3.07377338e-01
  2.51169115e-01  1.01749063e-01 -1.65935755e-01  5.35423934e-01
  6.02197349e-01  2.14505911e-01  6.72789931e-01 -3.70636135e-02
  5.68251252e-01 -4.53531414e-01  4.94370274e-02  5.92842340e-01
 -8.04089427e-01 -2.66785383e-01  8.47482085e-02  5.41311167e-02
 -1.31178811e-01  3.64593685e-01 -4.00320202e-01  2.56372929e-01
  4.19665754e-01 -7.32927322e-01 -1.02700032e-01 -2.46067911e-01
 -2.20003235e-03 -5.06109774e-01  6.37231410e-01 -4.90771949e-01
  4.08214003e-01 -7.41296187e-02 -1.14414558e-01  2.06918269e-01
  1.20670125e-02  2.96857655e-01 -3.16032529e-01 -1.09711146e+00
 -2.13455111e-01  2.33853862e-01 -1.17373765e+00 -1.17531931e+00
 -3.94072346e-02 -3.73141170e-01  1.85219899e-01 -1.90411940e-01
  4.35625821e-01 -3.77321728e-02  5.28561592e-01 -4.80665490e-02
  3.76573473e-01  1.47235572e-01 -1.90814406e-01 -5.46784066e-02
 -1.79864869e-01 -1.82770062e-02  4.56758618e-01  1.20619118e-01
 -6.94888085e-02  1.79526940e-01  1.03570692e-01  8.89171138e-02
  2.19496906e-01  5.48862159e-01 -4.58923429e-01 -4.54540968e-01
 -3.25635016e-01 -2.90356189e-01  1.37022883e-01 -2.43274197e-01
 -1.39434570e-02  6.21202469e-01 -2.83238292e-01  4.95013028e-01
 -3.10995672e-02  2.13604867e-01 -2.24200655e-02 -4.05663669e-01
  1.09675638e-01  1.83357760e-01  3.71012926e-01 -2.45225817e-01
 -4.35414821e-01 -6.80235922e-01 -7.03988492e-01  2.01055184e-01
 -4.14252132e-01 -1.98510036e-01 -5.41311920e-01  4.76782709e-01
  6.54575527e-02  1.35801822e-01 -2.06374973e-01 -3.62702549e-01
 -8.91103268e-01  5.50651133e-01  4.38832015e-01 -2.73552805e-01
  3.57039243e-01  1.53650001e-01 -1.08367205e-01 -3.01844239e-01
 -2.96181202e-01  3.65690410e-01 -4.61749397e-02  1.08299446e+00
 -8.86420965e-01 -2.87730750e-02  1.13404825e-01  1.90755382e-01
 -8.78477871e-01  8.68647620e-02  1.61097020e-01  2.16070712e-01
  1.83381528e-01  1.90998510e-01  4.24192905e-01  7.58680820e-01
  1.73998281e-01  4.19262707e-01  1.72381356e-01 -4.71206419e-02
  4.60250080e-01  9.33453441e-01  8.02692533e-01  5.90680301e-01
  6.39782727e-01 -2.72129148e-01  3.72003704e-01  4.91988689e-01
  1.08685577e+00 -2.08739191e-01 -4.18818779e-02 -6.68927848e-01
 -1.77817926e-01  5.38549572e-02  2.51314670e-01 -7.79233038e-01
  4.28760499e-01 -1.39289677e-01  4.77126479e-01 -9.00978316e-03
 -3.29728305e-01  2.22734496e-01  9.43627767e-03 -4.76323575e-01
  2.74438173e-01 -6.07636034e-01 -5.66053152e-01 -3.83359306e-02
 -2.29928046e-01  2.98950762e-01 -9.94605124e-01  3.43955100e-01
  2.81170547e-01  3.48459274e-01 -2.54391998e-01 -6.05091989e-01
 -7.90200830e-01 -6.91058576e-01 -3.28721493e-01  5.90669692e-01
  2.16125086e-01  4.58050460e-01 -2.02739686e-01  3.01326998e-02
  1.13393530e-01  5.62979728e-02  6.82333112e-01 -2.00289935e-01
 -2.36324996e-01 -3.91351014e-01  2.05564927e-02 -4.40373242e-01
  3.19210052e-01 -3.49599898e-01 -9.98927746e-03 -4.20623481e-01
  7.27967247e-02  4.09278065e-01  6.04039319e-02 -7.25088894e-01
 -4.53305095e-02  1.21204503e-01 -5.08763850e-01 -3.21923256e-01
 -8.82857144e-01 -4.66342270e-02 -6.77094221e-01 -2.27426693e-01
 -5.28761923e-01  2.71380156e-01 -1.00383714e-01  2.02354625e-01
  2.90312022e-01 -2.93077946e-01  3.58733088e-01 -4.66686547e-01
 -2.53672034e-01  7.41484538e-02 -1.06865931e-02 -1.50152221e-01
  8.24689120e-02  1.69533268e-02 -6.54282510e-01 -5.56208372e-01
  2.80531526e-01 -5.24953485e-01  6.29130185e-01  9.26729441e-01
  2.12974876e-01 -3.86684299e-01 -1.40479237e-01 -2.88277268e-01
 -7.53846824e-01 -6.01349950e-01  1.03062717e-02  3.49313468e-01
  1.73552707e-01 -3.60199332e-01 -1.70882866e-02 -3.89978021e-01
 -8.49648237e-01 -6.78683221e-01  1.21645011e-01 -5.44718921e-01
 -3.87903333e-01 -3.88252020e-01 -6.39475882e-02 -3.94706249e-01
 -5.11833131e-01  7.81625688e-01 -2.74681926e-01  8.12987864e-01
 -2.57096708e-01  5.21027982e-01 -5.01482964e-01 -3.58229369e-01
 -1.58339262e-01  2.93700576e-01 -5.81605315e-01 -6.31688178e-01
 -5.70438147e-01  8.12469661e-01  2.56196409e-01 -4.40510631e-01
  1.52350411e-01 -1.69668958e-01 -1.51950847e-02  6.57054722e-01
  4.60845739e-01 -1.51015133e-01  1.98665634e-01 -5.71198501e-02
  8.23478937e-01  2.07625404e-01  2.60527611e-01  1.41267627e-01
 -2.33722225e-01 -1.79886833e-01 -4.09681976e-01  2.39389837e-01
  5.92723012e-01 -6.54698193e-01  2.64564067e-01  6.65835500e-01
 -7.61334956e-01  2.99999505e-01  6.03593469e-01  4.40113693e-01
 -1.74230647e+00 -2.08247915e-01  4.11691397e-01 -2.18686476e-01
 -4.67979968e-01  4.47311580e-01  4.50253218e-01  7.44841516e-01
 -5.64385235e-01 -5.38400114e-01  1.08515155e+00  2.08265528e-01
 -3.98362309e-01 -2.84172446e-01 -2.71444231e-01  1.41183719e-01
  4.09434795e-01 -4.37738210e-01  1.24744058e-01  5.90748489e-01
 -6.01208389e-01 -2.03941509e-01 -2.87634075e-01 -4.80963409e-01
 -2.62211673e-02  7.63347030e-01 -7.54665509e-02  5.89029372e-01
 -2.06197560e-01 -1.38684109e-01  2.51260161e-01  1.26485646e+00
  5.82103789e-01  9.37070131e-01 -4.06178564e-01 -6.91404760e-01
  4.05639559e-01  2.79361814e-01  1.42325491e-01 -6.55316055e-01
 -3.59991714e-02 -2.83814464e-02  2.44900599e-01  1.19050898e-01
 -3.28858078e-01  2.84518689e-01  5.11830151e-01  2.19289780e-01
 -2.33976275e-01  2.86750615e-01  1.06900609e+00 -1.21941626e-01
  2.69066602e-01  3.37108433e-01  4.46323216e-01  4.31613386e-01
 -5.12827151e-02 -4.48308259e-01  2.96298474e-01 -5.64652562e-01
  4.48917717e-01 -1.90751746e-01 -2.69841373e-01 -4.24539857e-02
 -1.35695472e-01 -4.08144474e-01 -6.40518814e-02 -5.69630146e-01
  3.33210021e-01 -5.20815074e-01 -6.19455874e-01 -3.63946736e-01
  2.95442313e-01  2.60435045e-03  6.86691821e-01  1.07836270e+00
  3.76238257e-01 -8.40712011e-01 -5.07274330e-01  2.69872755e-01
 -7.40011930e-01  3.48720223e-01  2.92439133e-01  5.26220083e-01
 -1.46135643e-01 -3.23804498e-01 -6.99282467e-01 -4.24319774e-01
 -1.00188851e+00 -6.89015761e-02 -4.80664849e-01 -1.32868499e-01
 -1.87674150e-01  7.84283876e-01  3.77273299e-02  1.31311953e-01
  3.74370724e-01  2.35737562e-01 -6.33470654e-01 -6.37345314e-01
 -5.29601276e-01  2.66539037e-01  4.46591377e-01  4.13009435e-01
  9.35427696e-02  5.24656892e-01  3.60433251e-01 -4.25687172e-02
 -1.10221570e-02 -5.92614971e-02 -5.06973788e-02 -4.68889147e-01
  3.95512402e-01 -3.82778645e-01 -1.10836163e-01  4.71593887e-01
 -1.80875406e-01  1.09324825e+00 -7.88529310e-03 -2.66083121e-01
  2.14231595e-01  3.94428186e-02 -3.39678556e-01  9.83330548e-01
  1.91027910e-01  6.93450511e-01 -1.56026751e-01  4.66009766e-01
 -1.68740615e-01 -1.36379644e-01  2.89318502e-01 -5.63642085e-01
 -1.79401845e-01 -2.32059769e-02  1.53800517e-01  1.24000978e+00
  2.16638684e-01  4.75354567e-02 -2.21421555e-01  1.91967785e-01
 -8.71589184e-02  5.17838478e-01  1.64071806e-02  8.22151229e-02
 -3.61091226e-01  3.84118736e-01 -3.54102761e-01  3.14372778e-02
  4.43949178e-02  1.30570307e-01  2.44209960e-01  1.80386201e-01
  5.13420045e-01 -7.06629395e-01 -6.80223227e-01 -3.78711283e-01
 -1.31094873e+00 -9.61420834e-02 -8.00831974e-01  4.02071595e-01
  3.25710654e-01 -1.60698395e-03 -6.92893386e-01  7.90025234e-01
  2.71647990e-01  2.06939697e-01 -3.80356349e-02 -4.02706206e-01
 -5.26985705e-01  1.13552645e-01 -2.24539846e-01 -2.60666847e-01
  2.76364952e-01 -2.63771206e-01 -8.33178759e-01 -7.69113898e-01
 -1.42383292e-01 -4.96436387e-01  2.64447421e-01 -4.33224589e-01
  3.28410834e-01  5.42612433e-01 -9.38507378e-01  7.11900219e-02
 -3.31252277e-01  1.20897647e-02 -4.63244654e-02 -5.59325635e-01
  1.61403492e-01 -2.11348832e-01 -1.16198711e-01  9.56927776e-01
  1.27268028e+00 -1.53821990e-01  2.98032211e-03  6.46416366e-01
  4.68276858e-01 -1.48246452e-01  1.67837664e-01 -5.86160384e-02
 -7.77111426e-02 -1.36144102e-01  4.18100566e-01  3.95189852e-01
  4.98411685e-01 -1.01971865e-01 -9.67411876e-01 -3.02570164e-01
 -2.82127056e-02 -7.61660874e-01  8.48079741e-01  1.49477154e-01
  5.74199378e-01 -5.65008640e-01  2.55076796e-01 -7.17981756e-01
  6.53414503e-02 -3.38440329e-01  7.42141068e-01 -1.51932612e-01
 -1.04733407e+00 -3.78960431e-01 -3.38416129e-01 -6.56064034e-01
  1.15195918e+00  2.97550470e-01 -5.31781554e-01  2.55158365e-01
  4.73155648e-01  5.87594211e-01 -1.61969066e-01 -2.60976464e-01
 -6.07911706e-01 -1.74270698e-03  5.69970489e-01  1.86057240e-01
  1.89609990e-01  2.32887164e-01 -2.60109603e-01 -3.14332336e-01
  9.24727798e-01 -1.06491365e-01  2.15405792e-01  1.57620443e-03
 -1.40528515e-01  2.64834464e-01 -3.59886736e-01  1.25120774e-01
 -1.51385283e-02  3.54250163e-01 -3.90069842e-01  8.11315775e-01
  6.53498530e-01 -2.98208266e-01  1.15145974e-01  1.21756446e+00
  2.15686724e-01  8.10126424e-01 -9.30581689e-02  1.70218095e-01
 -1.07148409e+00  3.22002560e-01 -2.50449870e-02 -3.08299571e-01
  3.45678963e-02  3.35915893e-01 -5.97240590e-02 -7.91508332e-02
  1.83592528e-01 -5.30821010e-02 -4.85626757e-02  8.92215788e-01
  6.28977939e-02 -5.88202000e-01  8.48995626e-01  2.75404096e-01
 -5.14001846e-01  1.32637694e-01  5.38741909e-02  7.39607275e-01
  7.34033346e-01 -8.87859836e-02  5.72359920e-01 -3.43440711e-01
 -9.11301970e-01  3.25283855e-01 -3.19748878e-01  2.64806688e-01
  6.55352116e-01 -8.62215042e-01 -2.80593604e-01  5.22382438e-01
  3.25566441e-01 -1.45460561e-01 -4.46990699e-01 -8.11535060e-01
  1.60925388e-01  1.23084284e-01 -4.95300621e-01  2.15020292e-02
  2.96721846e-01  9.40444529e-01  3.57534975e-01 -3.53697807e-01
  2.37445027e-01  5.37648380e-01  1.12892590e-01 -2.52233088e-01
  6.98895827e-02  5.08544855e-02  2.92694837e-01 -1.91583142e-01
  1.01325643e+00 -1.81537628e-01 -3.18529636e-01  4.01400715e-01
 -4.61487442e-01 -3.35044116e-01  2.22076222e-01  3.51487756e-01
  4.88082767e-02 -2.46164948e-01  2.16562927e-01 -3.72650236e-01
 -1.61316410e-01 -2.57273652e-02 -8.78512681e-01  1.48966551e-01
 -1.10783957e-01 -7.34648556e-02  2.12040335e-01 -1.65950194e-01
 -5.67233562e-01 -3.63309979e-01 -1.48784265e-01  2.36909747e-01
 -1.06703007e+00 -3.29795510e-01  9.11358535e-01 -4.60878871e-02
 -4.54724908e-01 -1.18096209e+00  6.42949939e-01 -1.85985178e-01
  5.63629448e-01  3.84793319e-02  3.63342285e-01  2.95556746e-02
  2.43544385e-01 -1.63167957e-02 -4.47826445e-01  1.28145382e-01
 -9.77260590e+00  1.10378549e-01 -2.11438283e-01 -7.28446722e-01
  1.29618287e-01 -3.70057583e-01  7.00108409e-01  7.79978216e-01
 -5.73680699e-01  1.28816161e-02 -2.32107490e-01  1.51225463e-01
  4.53378767e-01  3.11708361e-01 -2.54814327e-01 -3.48427474e-01
 -3.22798729e-01 -2.58097917e-01 -7.22405827e-03 -1.06705673e-01
  8.84802192e-02 -6.27997220e-01  1.16019666e+00 -6.01275265e-02
 -2.13984042e-01  2.70081256e-02 -6.55421615e-01  2.71694750e-01
  2.10449353e-01  2.71274835e-01 -1.05003941e+00  6.97763801e-01
  1.51515856e-01 -1.20972410e-01 -7.65801743e-02  8.32716227e-02
 -1.00773744e-01 -1.84431449e-01 -9.22588110e-01  6.24495208e-01
 -8.83222818e-02  5.16309321e-01  3.37488532e-01  1.38079226e-02
  5.46293259e-01 -6.01533771e-01 -1.60022140e-01  1.80612728e-01
  7.66687691e-01 -3.52241285e-02 -2.13444576e-01 -2.16333881e-01
  1.73329502e-01 -1.14239946e-01  1.53278857e-01 -1.43183187e-01
  3.88860852e-01 -5.07604122e-01  4.85215038e-01  5.22066280e-02
  5.55349886e-01  1.53843284e-01  2.52172232e-01  4.67775911e-01
 -1.82433665e-01  6.69867516e-01 -6.03947453e-02 -1.95523575e-02
 -3.21256250e-01  1.43888779e-02  5.34737468e-01  4.91153777e-01
  3.02569658e-01  1.23411715e-01  2.06503168e-01  4.24642891e-01
 -1.62363812e-01  3.43252271e-01  1.86459780e-01  1.21148631e-01
  5.06132185e-01 -7.59795964e-01  1.33055225e-01  2.47879140e-02
 -1.00066650e+00  4.11822110e-01 -2.99781144e-01 -1.39427539e-02
  2.92196095e-01 -4.11412448e-01  4.69855070e-01 -5.69961779e-02
 -3.11755896e-01 -6.10242784e-02  3.81321520e-01 -7.60421902e-02
  2.16456562e-01  2.93256402e-01  1.02699339e-01 -3.38741601e-01]"
ラ,"[ 2.53270626e-01  9.87377539e-02  6.95462167e-01 -7.88378119e-01
  2.84588963e-01  2.73937255e-01  5.22956073e-01  3.08304708e-02
  3.29807848e-01 -4.75687487e-03  8.15141141e-01 -5.77190042e-01
 -3.10846776e-01  1.18641965e-02  8.12146366e-01 -7.99373686e-02
  6.62725940e-02 -3.57988983e-01  2.81068534e-01 -4.04754400e-01
 -8.98082972e-01 -4.62202102e-01 -1.81117505e-01  4.40734297e-01
  4.05904427e-02 -3.35834682e-01 -2.21621647e-01  1.01561174e-01
 -2.68296991e-02 -1.42383561e-01 -1.24907367e-01 -3.21613421e-04
 -1.28024817e-01  2.58824080e-01 -2.76931196e-01  4.17086542e-01
 -1.58638507e-01 -3.56592715e-01  3.77284408e-01 -9.22773406e-02
  6.67844191e-02 -1.34741202e-01 -5.74468315e-01 -1.44362509e-01
 -4.19269890e-01  1.10907778e-01  1.84497908e-01 -1.78516265e-02
  9.75063443e-02 -5.61684519e-02 -6.95068017e-02  2.37551361e-01
  3.32574487e-01  6.22163415e-02  5.57750702e-01 -2.28059843e-01
  6.06942654e-01 -5.55038393e-01  1.48991168e-01  2.96692789e-01
 -2.74570078e-01 -4.71665144e-01 -2.22448800e-02 -1.60193611e-02
  2.10027657e-02  1.78835228e-01 -2.30052680e-01 -2.05455855e-01
  6.27453774e-02 -7.87832141e-01 -5.67941181e-02 -4.08992469e-01
  1.18813448e-01 -5.43733239e-01  6.64223552e-01 -6.89116955e-01
  4.36958484e-02  3.67432922e-01  3.51985365e-01  2.89693028e-02
  3.56173739e-02  5.89322925e-01 -5.82076497e-02 -7.17161715e-01
  3.38350534e-01  4.42372799e-01 -6.66883588e-01 -7.38075554e-01
  5.01148880e-01 -1.53953090e-01 -5.66951856e-02  2.45523989e-01
  3.91033173e-01  2.63293326e-01  1.93595633e-01 -8.08111653e-02
  1.62332311e-01  7.95813650e-02 -1.74654931e-01  2.87753671e-01
 -1.89735908e-02  1.99261144e-01  5.63528061e-01 -3.35476130e-01
 -2.56715149e-01  2.29818478e-01  2.76396126e-02  2.48261079e-01
  1.17512764e-02 -1.83383434e-03 -2.76161045e-01 -5.92692316e-01
 -7.28372097e-01 -2.93676823e-01  2.31086418e-01 -1.95216432e-01
 -3.65851372e-01  7.64556587e-01 -5.87422550e-01  5.37672877e-01
 -1.07076064e-01  1.92525938e-01 -1.60207413e-03 -6.44911051e-01
 -4.39450853e-02  3.63225490e-01  6.86226487e-02  4.15229723e-02
 -5.54874480e-01 -1.74134091e-01 -3.75283003e-01 -2.12726399e-01
 -3.16730551e-02 -8.64915997e-02 -3.73455137e-01  1.15719700e+00
 -9.77409631e-02 -9.51070711e-02 -2.00000316e-01 -6.00262046e-01
 -2.61361480e-01  1.08916298e-01  5.31519391e-02 -3.72357637e-01
 -1.14186704e-01  1.15593979e-02 -3.97608787e-01 -4.82986957e-01
  1.37045190e-01  5.22210598e-01 -2.62639791e-01  5.76527476e-01
 -6.16798103e-01  1.62783191e-01  7.41128027e-01  2.01589003e-01
 -6.24676764e-01 -5.69022261e-02 -5.29121757e-02  2.88467202e-02
  3.88348103e-01 -6.22968823e-02  4.67911839e-01  6.14076138e-01
  1.56997308e-01  3.10498834e-01  5.60977101e-01  2.98110068e-01
 -7.23266415e-03  7.15846956e-01  5.76314449e-01  4.31958407e-01
  1.15408145e-01  7.40832239e-02  7.43823424e-02  2.70756967e-02
  4.96211648e-01  2.33886331e-01  7.78639242e-02 -8.88630867e-01
 -2.12654680e-01 -1.30145371e-01  3.64229903e-02 -7.40129888e-01
  2.93503881e-01  2.23607980e-02  8.65651518e-02 -5.75080290e-02
 -2.42624938e-01 -3.02792311e-01  1.58190653e-01 -5.24743497e-01
  5.02157770e-02 -1.85492709e-01 -1.93014055e-01 -3.62344831e-01
  9.48902890e-02 -1.17486276e-01 -9.54668283e-01  6.52449250e-01
  1.67125538e-01  2.45508477e-01 -8.62253234e-02 -7.54143596e-01
 -9.99651611e-01 -2.93012947e-01 -3.91836852e-01  8.52741972e-02
  1.76823258e-01  5.67606151e-01 -1.59431398e-01  6.56268001e-01
  2.10688531e-01  4.70487364e-02  5.18510640e-01  3.33031118e-01
 -4.14093435e-01 -5.87943494e-01  4.40402478e-01 -3.55222881e-01
  1.24906383e-01  9.59924459e-02  4.63635065e-02  2.09822968e-01
 -1.41890123e-01  6.37005389e-01  6.89286113e-01 -2.22339127e-02
 -3.68153244e-01  2.87981957e-01 -7.26172626e-01 -5.22901893e-01
 -8.68096948e-01 -6.79086074e-02 -6.88344657e-01 -2.01859418e-02
 -4.46027815e-01  1.42239168e-01 -5.13913631e-01  1.16549648e-01
 -1.56832367e-01 -1.97795108e-01 -3.66561599e-02 -2.54355133e-01
 -9.91805121e-02  3.93450558e-01 -3.03624034e-01  1.69656351e-02
 -4.90956716e-02  1.90390572e-01 -4.49034780e-01 -2.93005615e-01
 -1.99353710e-01 -1.87944815e-01  8.19045722e-01  3.75777453e-01
  5.09625375e-01 -2.91577727e-01  3.04714471e-01 -5.95760703e-01
 -2.11331457e-01 -5.66877663e-01  2.54399832e-02  1.52165741e-01
 -1.08242653e-01  1.60358101e-01  4.88675326e-01 -2.90090144e-01
 -2.55199224e-01 -4.54103172e-01 -3.06041837e-01 -4.37733084e-01
 -1.36168703e-01 -1.34160325e-01 -1.75734580e-01 -7.58554339e-02
 -1.59386322e-01  5.47748148e-01 -4.63304102e-01  5.53437889e-01
 -5.54661036e-01  5.92372835e-01 -5.68527400e-01 -1.34761229e-01
 -2.53724377e-03 -7.10046813e-02 -6.56352580e-01  1.88097566e-01
 -2.66044825e-01  4.70321089e-01  3.35011244e-01 -2.53842264e-01
 -5.98699689e-01 -2.32988242e-02 -6.41149655e-02  6.02724291e-02
  4.36396658e-01 -6.83801770e-02  1.88855916e-01 -1.94358423e-01
  2.12073371e-01  3.69042665e-01  2.86862582e-01  2.48668864e-01
  7.53948316e-02 -1.29033133e-01  1.38281537e-02 -1.02120370e-01
  5.81830859e-01 -1.82891369e-01  8.70829150e-02  3.96825343e-01
 -1.20211653e-01  8.35807025e-01  2.47353420e-01  2.95750439e-01
 -2.02025151e+00 -1.78645149e-01  5.81769705e-01  4.25674736e-01
 -1.18711919e-01 -1.79369524e-02  2.89899319e-01  3.87929082e-01
 -4.40901756e-01 -6.31123722e-01  7.17390358e-01  6.63825199e-02
 -2.33978987e-01  9.45433229e-02  2.72408605e-01 -5.28950036e-01
 -2.28985101e-01 -6.27215981e-01  3.25900495e-01  3.26163530e-01
 -1.38554573e-01  1.69384420e-01 -1.41314223e-01 -3.62724781e-01
 -1.89346522e-01  1.98416457e-01 -1.10224254e-01  1.47545040e-01
 -3.26285303e-01 -1.53909311e-01  1.09817274e-01  1.05529988e+00
  8.14586341e-01  7.76242733e-01 -6.05074525e-01 -2.91356057e-01
  1.98924780e-01 -1.88326072e-02  4.06798929e-01 -3.29102278e-01
 -2.60669976e-01 -2.37461537e-01  1.23333961e-01  1.13474287e-01
 -2.65957028e-01  3.47773343e-01  1.08636133e-01  2.11360201e-01
  1.64236963e-01  2.80332893e-01  8.35479915e-01  1.36864875e-02
  2.61703849e-01  1.90394521e-01  6.99881852e-01 -1.25160217e-01
 -2.02715084e-01 -5.03157854e-01 -9.73147079e-02 -3.98211181e-01
  4.50898021e-01 -1.45898508e-02 -4.80954766e-01  9.67228353e-01
 -6.31411076e-01  2.29471046e-02 -7.96091557e-02 -8.49434078e-01
  6.67261556e-02 -6.47500098e-01 -5.11322320e-01 -1.11789577e-01
  6.23994619e-02 -3.42024833e-01  8.33359003e-01  4.69603896e-01
  3.45478237e-01 -1.74997419e-01 -4.25816000e-01  2.03247890e-01
 -2.55825579e-01 -1.18956819e-01  2.53787309e-01  1.97761416e-01
 -2.99388856e-01  4.38908905e-01 -4.79048006e-02 -4.51583602e-02
 -8.42034817e-02  1.01423018e-01 -6.62310064e-01 -1.30025402e-01
 -3.63982141e-01  3.87988448e-01 -1.46594375e-01 -7.90069252e-03
  2.64993280e-01  2.08396912e-01 -3.12448978e-01 -2.19520181e-01
 -5.18066227e-01  3.40439349e-01  5.17223656e-01  6.03937805e-01
  3.49927604e-01  4.12674904e-01  1.65540680e-01  1.38448998e-01
 -1.42545238e-01 -1.89514458e-01 -6.97188675e-01 -4.06189591e-01
  6.41554594e-01 -3.97847295e-01  4.14564252e-01  1.58506483e-01
 -3.19334358e-01  5.59643567e-01 -3.40233892e-01 -6.00299835e-01
  1.45685226e-01 -1.49027258e-01 -2.28659324e-02  6.77009642e-01
  3.24287921e-01  5.95579684e-01 -1.78462431e-01  3.52012992e-01
 -2.71401644e-01 -1.32833824e-01  3.52630317e-01 -4.06342268e-01
 -2.71254808e-01 -1.27819985e-01  6.89758718e-01  4.25232738e-01
  5.70499599e-01 -1.54717073e-01  1.95907623e-01  2.57012635e-01
  4.77967635e-02  5.08501649e-01  2.12759867e-01  4.21233118e-01
 -1.00713745e-01  7.40931332e-02  4.24261689e-02  3.12955469e-01
 -1.83564931e-01 -6.73314780e-02  4.64093328e-01 -9.65812132e-02
  1.91563576e-01 -4.04270947e-01 -5.19899786e-01 -5.84408820e-01
 -7.99030542e-01 -8.55081826e-02 -4.08061087e-01 -1.79124713e-01
  3.41108352e-01 -1.37945399e-01 -8.54282320e-01  3.84833813e-01
  5.82003534e-01  4.03780550e-01  4.61774552e-03 -4.18125808e-01
 -2.04226136e-01  4.80800122e-01 -6.63753808e-01 -5.63919008e-01
  3.90475243e-01 -1.85801581e-01 -2.96708286e-01 -6.60396516e-01
 -5.61350510e-02 -3.24935243e-02  1.72122017e-01  4.07124430e-01
  2.92283952e-01  1.66618586e-01 -7.01685011e-01 -2.68204689e-01
  3.28103118e-02 -6.71117753e-02 -2.68216521e-01 -5.04461527e-01
  8.87793377e-02  1.94697171e-01 -3.99043001e-02  9.69417095e-01
  6.01988673e-01 -1.94168597e-01 -3.45485620e-02  1.64930359e-01
  2.80784667e-01 -5.77812672e-01 -3.48071843e-01 -1.39973313e-01
  1.65531375e-02  2.63955653e-01  3.04985195e-01  4.27665144e-01
 -1.27359629e-01  1.30271658e-01 -8.54135573e-01 -1.21150076e-01
  1.93844423e-01 -8.81334960e-01  4.75998968e-01  3.57424140e-01
  3.80155146e-01 -5.73102951e-01 -3.33607912e-01 -1.65807262e-01
  5.83642581e-03  9.52580273e-02  4.23555076e-01 -1.10207237e-01
 -7.59613156e-01  1.12884328e-01 -9.55019817e-02 -7.34941185e-01
  8.56067300e-01  8.08745027e-02 -1.50218129e-01  4.30696845e-01
  6.07655466e-01 -1.36959702e-01 -6.78598464e-01  2.33269751e-01
 -6.41356766e-01  2.12215334e-01  4.10271704e-01 -2.34598652e-01
  4.87755686e-01  4.00270641e-01 -7.85405263e-02 -7.64096081e-02
  2.72442371e-01  5.84150374e-01  6.27572596e-01  1.79128066e-01
 -1.29294217e-01  4.26231921e-02 -4.05393690e-01  2.16333866e-01
  9.56493467e-02  4.90267813e-01 -8.58217239e-01  4.23231155e-01
  8.13017726e-01 -1.73364967e-01  2.93461144e-01  6.26166344e-01
  5.36940852e-03  4.27652299e-01 -6.62788525e-02  2.45866161e-02
 -7.67751992e-01 -5.58660273e-03 -2.52458423e-01  2.22486958e-01
 -3.57456237e-01 -9.99850929e-02 -2.18281433e-01 -1.43523797e-01
  3.53017986e-01  1.56096354e-01  2.12538794e-01  1.89081758e-01
  2.29652315e-01  2.07888894e-04  3.54234636e-01  4.71144348e-01
 -3.77826601e-01 -7.70725608e-02  7.42701888e-02  6.61627591e-01
  1.20964193e+00 -8.79128799e-02  2.22318709e-01 -3.24199110e-01
 -6.35652840e-01  2.00999379e-01 -3.09928477e-01 -2.02802569e-01
  6.35356486e-01 -4.64238316e-01 -4.21102852e-01  7.20435619e-01
  5.56970298e-01 -1.12259619e-01 -3.35921049e-01 -6.78987682e-01
  3.06451291e-01 -3.64525646e-01 -3.58039699e-02 -1.80355817e-01
  1.71331912e-01  6.10625148e-01  9.39211473e-02 -2.65944302e-01
  2.79520065e-01  2.60394752e-01  2.07433805e-01 -2.94441640e-01
  4.26446259e-01  3.47163498e-01 -1.66735590e-01 -2.20098197e-01
  3.85380745e-01 -5.66783488e-01  7.28470311e-02  6.28888845e-01
 -3.50618005e-01  2.30734758e-02 -2.78882027e-01  5.17897546e-01
  2.65526235e-01 -4.33350176e-01 -1.25136852e-01 -5.58462217e-02
  1.86102822e-01 -1.40357047e-01 -3.92369300e-01 -2.88898945e-02
 -9.97362286e-02  4.37302917e-01  2.80037113e-02 -9.13358927e-02
 -6.38850808e-01 -4.53593343e-01 -5.08930147e-01  3.43186855e-01
 -7.35313416e-01 -4.75256324e-01  4.90795225e-01 -3.69984144e-03
 -3.83029312e-01 -1.62150919e+00  6.11397386e-01  1.80861756e-01
  6.05450928e-01 -3.51978719e-01  1.45609125e-01 -1.43551469e-01
  3.44983451e-02  5.13985343e-02 -2.35743463e-01 -5.22996224e-02
 -1.02195988e+01  1.56664215e-02 -2.58103251e-01 -5.84866107e-01
 -3.37668687e-01  6.20149337e-02  6.57682300e-01  7.72946179e-01
 -3.14657807e-01  4.32801247e-01 -2.54427493e-01  2.17407569e-01
  3.06373477e-01  1.62230164e-01  1.71837106e-03 -1.23758152e-01
 -2.38091081e-01 -2.00674385e-01  8.61281827e-02 -1.36207119e-01
 -4.53082532e-01 -5.12007415e-01  7.51704276e-01  2.52698213e-01
  2.17669785e-01 -5.29599249e-01 -1.85365632e-01  4.67296600e-01
 -1.79144189e-01  2.49629736e-01 -5.72531760e-01  3.19052637e-01
  1.67583376e-02  3.78161371e-01 -3.73111367e-01 -1.35247156e-01
  3.85129571e-01 -3.00110895e-02 -7.11425021e-02  5.28204978e-01
  1.73106238e-01  2.24871799e-01 -4.54593599e-02 -2.82118708e-01
  8.62217665e-01 -4.90557738e-02 -8.08173120e-02  1.54214010e-01
  6.69794858e-01 -1.31488889e-01 -1.16734967e-01 -3.93422008e-01
  1.68819949e-01 -8.90919194e-02  2.08645001e-01 -3.15526605e-01
  3.69041830e-01 -8.31192493e-01  1.90174848e-01  1.39232099e-01
  6.71183228e-01  1.46949321e-01  6.42448187e-01  7.69449234e-01
  9.02850777e-02  2.91785121e-01  4.18797076e-01 -2.20942907e-02
 -2.41106272e-01 -1.74841896e-01  3.50351632e-01  6.63156927e-01
 -2.36927867e-01  5.40119074e-02  3.84159237e-02  3.05069357e-01
  6.05629897e-03 -8.62767398e-02 -5.60752265e-02  2.08659306e-01
  5.25546670e-01 -3.60084862e-01 -3.09907138e-01  4.15821016e-01
 -4.79371011e-01 -8.06445032e-02  1.26048878e-01  3.13714445e-01
  8.92589390e-02 -6.07618749e-01  5.16116738e-01 -2.21939325e-01
 -5.50240338e-01  4.25179273e-01  6.09534025e-01 -3.40138525e-01
 -2.81861246e-01  1.43380880e-01  4.59405392e-01  9.51334238e-02]"
デ,"[-1.49877360e-02  3.42676997e-01  4.62385952e-01 -3.55439931e-01
  9.12744924e-03  6.61840677e-01  1.95152313e-01 -2.39658102e-01
 -4.44475412e-01 -1.82722777e-01  5.20953953e-01  1.73015565e-01
 -6.19603515e-01  1.40488192e-01  5.13234973e-01  1.73784599e-01
 -3.12046319e-01 -6.83026254e-01 -2.99218506e-01 -4.75415915e-01
 -6.57058716e-01 -2.37184763e-01 -4.59500521e-01  5.02030730e-01
  1.44113898e-01 -2.80888289e-01  1.21744089e-01  7.92015567e-02
  3.03506881e-01  2.71061342e-03 -4.27589327e-01  9.07872692e-02
 -2.58857071e-01 -2.33860224e-01 -9.86742318e-01  2.76292622e-01
  5.03557771e-02  8.85476172e-02  3.63290161e-01 -3.62759590e-01
 -1.94144696e-01 -1.60535678e-01 -3.70065928e-01 -3.75025362e-01
 -2.48309910e-01  6.65484667e-01  2.31304929e-01  8.19068968e-01
  1.73876658e-01  6.56130239e-02 -8.37070227e-01  6.94711268e-01
  7.48001993e-01  4.51432288e-01  2.31893644e-01 -3.31233114e-01
  1.01549160e+00 -8.30877602e-01 -8.48540142e-02  4.80992168e-01
 -6.45912766e-01 -6.73207223e-01 -2.34513983e-01  7.33444020e-02
 -3.28207731e-01  3.93639714e-01 -6.38629496e-02 -3.29200447e-01
  5.36948025e-01 -7.77534604e-01  6.07947260e-02 -9.28475633e-02
  1.75375313e-01 -3.69110972e-01  6.08185172e-01 -2.32577249e-01
  7.27094337e-02 -2.06440389e-01  3.57040465e-01  1.76093534e-01
 -3.52844298e-01  3.69598776e-01  1.40934765e-01 -8.85430992e-01
 -4.36340034e-01  1.02728680e-01 -1.01795924e+00 -8.37292492e-01
  2.76700050e-01 -4.59547937e-01 -8.17015544e-02  4.77351129e-01
  7.51922559e-03  2.00574964e-01 -1.66614670e-02  1.56650841e-01
 -7.79949054e-02 -9.51774791e-02 -2.37094939e-01  2.67146919e-02
 -2.99329907e-01  3.23303461e-01  7.52230823e-01  6.81907358e-03
 -1.51959509e-01  3.45862210e-02  3.84806663e-01  4.20006424e-01
  9.83895212e-02 -9.36878249e-02 -4.72067773e-01 -1.21283337e-01
 -1.97301030e-01  2.04707891e-01  1.41168103e-01 -1.08807378e-01
 -1.89200774e-01  9.23745930e-01 -3.85286778e-01  5.79640031e-01
  9.44772586e-02  1.89663559e-01  1.11127950e-01 -4.15148020e-01
 -6.94872439e-02  5.98345339e-01 -1.41524985e-01  9.78972465e-02
  4.10010293e-02 -1.00489445e-01 -2.99148887e-01 -4.02584106e-01
 -1.64039433e-02  3.53491664e-01 -5.26062369e-01  1.22836733e+00
 -2.24450603e-01  7.65232220e-02 -7.37055168e-02 -2.72773743e-01
 -5.85512221e-02 -3.10435388e-02 -2.32067183e-02 -5.31308353e-01
  5.19007891e-02  1.08369626e-02 -2.78000653e-01  2.77635783e-01
  2.59317636e-01  3.21356565e-01 -3.44422221e-01  1.09315264e+00
 -8.41853142e-01  5.51324904e-01  1.27895951e-01  4.63862836e-01
 -8.80865991e-01  1.04200609e-01 -1.50721734e-02  3.15124691e-01
  5.58089554e-01 -8.40441212e-02  1.16535947e-01  3.63339782e-01
  1.66669086e-01  2.09542498e-01  4.19142902e-01  2.30148852e-01
 -3.43953259e-02  7.84849465e-01  1.33691970e-02  2.24207789e-01
  4.94509608e-01  1.07841501e-02 -2.48857796e-01  5.08341253e-01
  6.13503218e-01  2.78537899e-01  3.22074026e-01 -6.03170753e-01
 -1.94411024e-01 -1.30374536e-01  1.80538252e-01 -5.81866205e-01
  5.04921734e-01  1.98611096e-01  1.72504574e-01  7.34794587e-02
 -3.14948082e-01  3.48892897e-01 -4.99384701e-01  2.63918906e-01
  6.18348690e-03 -4.10296559e-01  1.49963215e-01 -1.30287871e-01
 -8.49293265e-03  2.00639889e-01 -4.63786423e-01  6.82763278e-01
 -3.40493172e-01  8.78527239e-02  1.94703475e-01 -3.91174734e-01
 -1.16773772e+00 -4.52084661e-01  5.27911820e-02  3.29426289e-01
  1.65397093e-01  2.99610347e-01 -1.20315261e-01 -9.54563841e-02
  6.40818000e-01  4.31185991e-01  4.34644312e-01  4.49687660e-01
 -3.89652640e-01 -6.63635552e-01  3.69142175e-01 -3.56639802e-01
  1.85221091e-01 -1.53051928e-01  3.25834841e-01  3.79656851e-01
 -2.23140299e-01  2.90443122e-01  4.23120648e-01 -3.93536299e-01
 -4.35153209e-02 -3.88289660e-01 -7.45520294e-01 -5.18684626e-01
 -5.14748991e-01  2.21949980e-01 -3.80952746e-01 -1.09853677e-01
 -2.31291562e-01  3.86951637e-04 -4.90547448e-01  1.00022960e+00
 -2.24971280e-01 -2.57355779e-01  4.57550198e-01 -6.50965452e-01
  3.34434241e-01 -1.54147997e-01  1.29064307e-01  1.04634175e-02
  1.44218370e-01 -3.27906102e-01 -1.21191815e-01 -1.88820869e-01
  4.97400939e-01 -5.68177938e-01  3.57579023e-01  3.33760567e-02
  5.03294826e-01  3.23767394e-01  7.23577961e-02 -4.42055613e-01
 -5.37148833e-01 -3.14082086e-01  1.80709317e-01  3.37826103e-01
 -1.19249687e-01  1.36802375e-01  7.87792742e-01  9.08126757e-02
 -9.68447089e-01 -9.98358727e-02  3.97945136e-01 -6.88488632e-02
 -1.91075638e-01 -1.95450813e-01 -3.61865133e-01  4.52473253e-01
 -2.16865480e-01  5.84798157e-01 -3.60250443e-01 -5.03872074e-02
 -2.20927447e-01  3.94757837e-01 -5.06689310e-01 -4.44104254e-01
 -1.03911189e-02  1.22190647e-01 -3.43316853e-01 -2.39304185e-01
 -3.06493908e-01  2.46764466e-01  5.20037174e-01 -3.27943593e-01
 -4.48000073e-01 -1.89489629e-02 -1.98753536e-01  4.15975004e-01
  4.74278569e-01 -8.81566405e-02 -4.75145429e-02 -4.40452695e-02
  3.88654619e-01  3.90878350e-01  3.05703372e-01  2.08271489e-01
 -7.29542524e-02 -4.24165912e-02 -3.37746114e-01  2.02222452e-01
  4.40787494e-01 -8.23017418e-01  2.01147005e-01  5.65197051e-01
 -3.58821720e-01  3.10736060e-01  3.73821020e-01  3.19383413e-01
 -1.19312084e+00 -2.70473599e-01  2.21694633e-01  6.07537687e-01
  1.59315214e-01  1.97825730e-01  2.06210449e-01  1.40373915e-01
 -3.72074455e-01 -3.58550459e-01  8.64836395e-01  6.59020916e-02
 -3.00774634e-01 -3.78575444e-01 -8.26502815e-02 -2.21906200e-01
  5.21559179e-01 -9.53441024e-01 -8.34104866e-02  2.43336752e-01
  3.52466464e-01  1.64711758e-01  2.91074067e-01 -5.91429949e-01
  4.10671532e-02  2.42724970e-01 -3.03516030e-01  2.83832669e-01
 -2.50126988e-01 -4.80695702e-02 -8.96350816e-02  9.95076239e-01
  7.88789988e-01  1.01048660e+00 -8.87877122e-02 -2.50724047e-01
  9.71530899e-02  1.00876927e-01  3.55806231e-01 -3.25462893e-02
 -1.55891851e-01 -1.97037578e-01 -1.46084160e-01  1.63641185e-01
  2.91992068e-01  1.07703499e-01  2.09864661e-01 -4.48947608e-01
 -4.49198097e-01 -4.20045182e-02  7.01367736e-01 -5.90717375e-01
  2.94511586e-01 -7.77525678e-02  5.45710921e-01  6.72812015e-02
  5.33918366e-02 -3.77175301e-01  2.75950998e-01 -3.55020553e-01
 -2.19484895e-01 -3.35838020e-01 -9.72010791e-01 -1.82009667e-01
 -4.47301775e-01 -4.58835959e-01 -1.63828328e-01 -6.42052591e-01
 -3.28273978e-03 -5.60767174e-01 -3.63044888e-01  1.99030831e-01
  1.35779172e-01 -4.15821135e-01  6.01479769e-01  2.47967258e-01
  3.41713339e-01 -2.87894487e-01 -4.70192701e-01  3.25168669e-01
 -4.50633109e-01  4.84762073e-01 -1.11695953e-01  5.24183452e-01
  8.82745348e-03 -3.10525537e-01 -3.20842892e-01  9.50142369e-03
 -6.18446887e-01 -3.49960715e-01 -5.17509699e-01 -1.83921054e-01
  3.05069298e-01  2.85102069e-01 -1.12538032e-01  2.02594191e-01
  3.95901531e-01  2.89932191e-01 -6.76772773e-01 -3.43161374e-01
 -1.79709047e-01  2.42304206e-01  9.90549251e-02  2.07530871e-01
  1.96210012e-01 -1.18895479e-01  3.68983597e-01  1.04722194e-01
  1.34063333e-01  7.54093081e-02  2.75487658e-02 -6.82211816e-01
  1.06373489e+00 -1.13457024e-01  5.46746433e-01  4.48219359e-01
  1.87659398e-01  8.42574894e-01  6.73052967e-02 -7.74226069e-01
  7.69765535e-03 -4.92338538e-01 -4.85440828e-02  8.95608962e-01
  7.59215415e-01  2.95915306e-01 -2.41996780e-01  2.60449380e-01
  1.32005125e-01 -1.90248281e-01  1.87273398e-01 -1.92529440e-01
 -1.18672207e-01  1.85272560e-01  3.22850466e-01  9.21173930e-01
  1.60836846e-01  5.07076263e-01  2.40917593e-01  4.91665214e-01
 -5.34197211e-01  3.18972319e-01  1.62602663e-01 -6.64033517e-02
 -1.97353065e-01  2.52742437e-03 -4.57628012e-01 -3.11189383e-01
 -2.61037946e-01 -1.84255689e-01  3.33894074e-01  4.53692913e-01
  1.97513208e-01 -3.83004807e-02 -6.28181040e-01 -7.76972055e-01
 -5.89324296e-01 -7.02567324e-02 -3.87048215e-01 -1.46997124e-01
  7.50766098e-02  3.15779626e-01 -5.91672361e-01  6.54611528e-01
  6.24871731e-01 -3.21180254e-01  5.51707344e-03 -5.52901626e-01
 -4.87339258e-01  4.28387225e-01 -1.38392612e-01 -9.17968303e-02
  7.36980617e-01  6.55587435e-01 -6.67770326e-01 -1.59367234e-01
 -2.63224095e-01  2.00411767e-01  4.20058876e-01 -5.92461765e-01
  3.29692692e-01  1.29378855e-01 -3.89723033e-01 -4.17405367e-01
  2.23844405e-03 -3.31947953e-01 -8.14045966e-03 -2.40236223e-02
  8.73785242e-02  3.23205322e-01 -2.81413347e-01  6.52814984e-01
  7.90490448e-01 -6.64852679e-01 -2.07126494e-02  3.47392350e-01
 -5.87996304e-01 -1.97136208e-01 -6.07264750e-02  1.86524406e-01
  4.12281826e-02 -1.16971344e-01  3.45756948e-01 -3.12663466e-02
 -1.74805634e-02  4.35160361e-02 -5.18575609e-01 -6.76908433e-01
 -5.48817776e-02 -6.10305905e-01  4.72474992e-01 -1.17384493e-01
  7.72079766e-01 -2.55768269e-01 -1.77578062e-01 -2.56141275e-02
  2.04524189e-01 -1.94121823e-01  3.37216556e-01 -1.84743091e-01
 -9.04785872e-01 -7.94723108e-02 -3.17060441e-01 -7.09120333e-01
  4.12463009e-01  5.82338162e-02 -7.88752437e-01 -9.86501500e-02
  3.55104715e-01  1.02367913e-02 -2.42303267e-01  1.16921954e-01
  6.26540110e-02 -1.76444426e-02  3.21318090e-01 -1.93999931e-01
 -6.03659935e-02  4.58516866e-01 -2.00752899e-01  2.28992682e-02
  5.52737117e-01  3.45218629e-01  3.43266726e-01  4.16000664e-01
 -3.07933778e-01  2.66177982e-01 -2.07949236e-01 -7.49089196e-02
  7.55152225e-01  4.78358299e-01 -5.92917264e-01  3.44976068e-01
  2.37134680e-01 -3.29373121e-01  2.24499866e-01  1.05209339e+00
  1.48405656e-01  3.09777915e-01 -4.37082648e-02  6.11180924e-02
 -9.51340795e-01  2.12321028e-01  1.88141674e-01  2.27738053e-01
  2.91805059e-01  8.34023803e-02 -1.44034566e-03 -5.51130399e-02
  7.69400477e-01  7.27185905e-02 -2.71416634e-01  1.87926978e-01
 -1.04880370e-01 -6.26368165e-01  6.89826190e-01  5.39030015e-01
 -2.15596870e-01 -7.64025599e-02 -1.89056203e-01  6.99614525e-01
  8.93805921e-01 -6.65719360e-02  3.32869172e-01 -3.93981338e-01
 -5.76568246e-01  1.79032668e-01  4.07175094e-01 -1.75211623e-01
  5.22846162e-01 -3.74539047e-01 -1.48373932e-01  5.14377832e-01
  5.46100616e-01 -2.49149412e-01  1.92249194e-02 -3.51906866e-01
  8.30893070e-02 -1.92762032e-01 -1.12848267e-01  1.68092012e-01
 -4.39570434e-02  1.63851053e-01 -3.04508924e-01 -4.96126592e-01
  3.02265137e-01  7.28852451e-01  3.23639303e-01 -1.44060984e-01
  1.74535230e-01  1.83452129e-01  6.95781857e-02 -5.63662685e-02
  4.74270999e-01  2.30976656e-01 -6.51225597e-02  3.51684034e-01
 -2.14552745e-01 -1.54998675e-01  9.40711424e-02  2.01582074e-01
  1.90513194e-01 -4.76366848e-01  3.83218341e-02 -1.18501693e-01
 -3.67061406e-01 -3.78571808e-01 -4.89677072e-01  2.42419109e-01
 -3.90194058e-01  4.42771614e-02  2.21447214e-01  3.89717072e-02
 -4.44989592e-01 -3.63402635e-01 -1.02324476e-02  6.41425371e-01
 -6.99776828e-01 -5.21829009e-01  2.03561634e-01 -4.88378763e-01
 -3.10356319e-01 -1.04722226e+00  3.84361565e-01 -2.03250498e-01
  6.17899597e-01 -9.59323868e-02 -1.67732254e-01 -3.22567493e-01
 -2.64734980e-02 -3.38393539e-01 -3.43178749e-01 -4.92152810e-01
 -1.01527243e+01  1.63439438e-02 -1.78873196e-01 -8.03262651e-01
 -2.79256970e-01 -1.57053515e-01  6.18054390e-01  9.07191455e-01
 -6.38027668e-01  1.38350338e-01 -3.00993860e-01  1.73756793e-01
  9.91098955e-02  3.24706405e-01 -4.89207171e-02 -2.37849057e-01
 -8.22074413e-02 -2.22452298e-01 -7.10787475e-02  1.83995634e-01
  5.04444875e-02 -4.57108051e-01  6.18177235e-01  4.97568816e-01
  1.39977783e-01 -1.67480156e-01 -2.22203538e-01 -1.65806964e-01
  8.06193799e-02  1.15056679e-01 -1.48706388e+00  8.95490706e-01
 -2.65712112e-01  2.55249202e-01 -3.39463413e-01  5.58177114e-01
  1.81930602e-01  3.99233818e-01 -6.82187200e-01  1.42395586e-01
  3.86561096e-01 -1.91157386e-01 -1.59021094e-01 -5.20633698e-01
 -5.59801087e-02 -1.09455332e-01  1.11139126e-01  1.53666005e-01
  3.79155815e-01 -4.71249819e-01 -2.77210444e-01 -9.65962112e-02
  2.98793793e-01 -5.49257696e-01  2.56033182e-01 -4.03150141e-01
  1.69905290e-01 -8.14483762e-01  3.43398228e-02  3.09020460e-01
  5.86670876e-01  5.48967600e-01  4.04146761e-01  5.53962052e-01
  2.35429689e-01  4.93588954e-01  1.80950820e-01  1.36343062e-01
 -1.29961714e-01  2.71122843e-01 -1.05848126e-01  3.55192423e-01
  2.41930094e-02  3.83460194e-01 -1.13880873e-01  1.87893480e-01
  1.89029083e-01  6.69361055e-02  3.73395056e-01  1.04414858e-01
  3.31714302e-01 -1.00211799e+00 -1.06408251e-02 -5.88439638e-03
 -4.46110815e-01  2.84768134e-01  6.07134812e-02 -2.74396569e-01
  3.87766570e-01 -8.14115763e-01  2.50965834e-01 -5.69013692e-02
 -5.01915924e-02  2.11786866e-01  4.40259606e-01 -1.03054099e-01
 -4.43920679e-02  2.43249252e-01 -1.27666490e-02 -3.45587999e-01]"
ヒ,"[ 1.55163929e-01  4.50629085e-01 -1.36361467e-02 -6.37048185e-01
  4.61574614e-01  2.63999641e-01 -7.58199543e-02  1.40095189e-01
 -5.67241669e-01 -4.53650862e-01  9.66921926e-01  2.57813334e-01
  4.37002890e-02 -3.05585284e-02  6.50280416e-01 -1.53807878e-01
  7.64647573e-02  3.03991646e-01  2.62440205e-01 -3.60155612e-01
 -2.74471909e-01 -1.24167049e+00 -1.99216641e-02  2.23058760e-01
  9.38585997e-02 -7.50812292e-02  4.50796545e-01  1.40209436e-01
 -9.56296250e-02  2.89095915e-03  6.83367997e-02 -7.17038512e-01
 -1.06045537e-01 -2.60430574e-01 -2.05409899e-01  5.06551981e-01
 -2.68813431e-01  1.83443595e-02  3.60571563e-01 -2.46378034e-01
  9.43169892e-02  1.75815895e-01  1.80362970e-01 -7.12032676e-01
 -5.48870206e-01  2.45632857e-01  3.94925445e-01  3.63772392e-01
  6.27575293e-02  1.14131294e-01 -4.36373711e-01  2.05967486e-01
 -4.93296571e-02 -1.74354404e-01  6.55324850e-03 -3.94086063e-01
 -2.06686199e-01 -2.97159731e-01 -1.70253396e-01 -6.82727322e-02
 -3.28732699e-01  5.14913090e-02  5.22784114e-01 -1.42666698e-01
 -6.10588014e-01  1.48656294e-01 -1.97922349e-01 -1.56042308e-01
 -5.12634516e-02 -2.41983265e-01 -3.74015540e-01  2.28718683e-01
  3.28783929e-01 -2.56620198e-01  6.18943810e-01 -8.66599083e-02
  1.36227787e-01 -2.02879250e-01  4.39100787e-02 -3.75054777e-01
 -2.60504097e-01  4.77020264e-01  9.09885988e-02 -2.72760630e-01
 -1.42903998e-01 -7.12911412e-02 -4.52535123e-01 -4.56733018e-01
  4.61258918e-01 -1.94647908e-01 -2.38242112e-02  2.89498102e-02
  4.36228186e-01  2.91375816e-01  4.21952419e-02  5.15799701e-01
  2.68361539e-01 -4.03615713e-01 -3.87888849e-01  2.02200457e-01
 -1.92754343e-01 -3.25532615e-01  6.53295755e-01  7.47601092e-02
 -2.38217816e-01  3.40789914e-01 -4.75397438e-01  4.33137864e-01
  1.88607052e-01 -1.85041785e-01 -4.21493024e-01 -6.24684215e-01
 -4.04569626e-01  4.46337909e-01 -2.08164409e-01  5.41237704e-02
  2.79976856e-02  2.27031440e-01 -6.07581615e-01  3.64315808e-01
  1.14184089e-01  2.70614594e-01 -6.24018371e-01 -1.58532515e-01
 -3.57299209e-01 -4.68583182e-02  5.06937690e-02 -4.44966763e-01
  6.83520064e-02 -4.22062635e-01 -6.89848810e-02 -4.34633374e-01
 -2.90032238e-01 -3.25610965e-01 -2.64132112e-01  8.08070838e-01
  9.63991284e-02 -5.15964301e-03 -1.32631928e-01 -9.51043725e-01
 -4.26096201e-01  2.16296852e-01 -2.91372798e-02 -4.33891982e-01
  2.01202966e-02 -4.25894745e-02  4.65102315e-01 -1.42748028e-01
  4.59066302e-01  4.94918764e-01 -5.90072751e-01  1.06250679e+00
 -8.02911043e-01 -2.84239948e-01 -1.89515993e-01  5.08069813e-01
 -6.41799569e-01 -1.67011917e-01  1.23493657e-01  4.37618524e-01
 -8.19468405e-03  5.16502708e-02 -3.45338024e-02  3.24310422e-01
 -1.11839153e-01  5.01318812e-01  7.06172660e-02 -4.24969137e-01
  8.88606161e-02  4.55806434e-01  4.02511805e-01  7.78622508e-01
  9.36259553e-02 -5.45078576e-01 -7.58634061e-02  4.75037634e-01
  2.34685168e-01  1.20429933e-01  3.57523829e-01 -4.71898228e-01
 -6.25396073e-02 -4.08446819e-01  1.51939578e-02 -5.14397085e-01
  8.48657042e-02 -5.99384725e-01 -1.68413773e-01 -4.10153449e-01
  1.57758445e-01  2.50831425e-01  1.99053645e-01 -2.80121088e-01
  8.38920847e-02 -4.26519960e-01  9.67216343e-02 -4.48227534e-03
 -4.43103500e-02 -6.77568257e-01  4.32526857e-01  2.42012173e-01
  1.41927123e-01  2.56105304e-01 -1.63611218e-01 -5.88033855e-01
 -7.51383424e-01  2.44412184e-01  2.21866876e-01  3.72235954e-01
 -5.76323681e-02  1.66755300e-02 -4.48637545e-01  1.02654465e-01
  5.11342824e-01  1.72245428e-01  2.42601782e-01  1.14221424e-01
 -2.05483958e-01 -1.45319790e-01  1.27388850e-01 -7.53499717e-02
  4.73481923e-01 -2.94533759e-01  3.90319228e-01  3.16763639e-01
 -3.26131582e-01 -8.70011002e-02  1.50479972e-01 -3.44834477e-01
 -2.03273565e-01  7.68140376e-01 -9.45703983e-02 -3.77202928e-01
 -5.68017721e-01  2.19685715e-02 -7.39502668e-01  2.86781937e-01
 -7.55594000e-02  5.30850649e-01 -1.51109919e-01 -4.51962613e-02
  4.40692604e-01  2.16043591e-01  1.35101616e-01 -2.54626572e-01
 -4.47163075e-01 -7.11394399e-02 -9.25125852e-02  1.12662524e-01
 -7.48715281e-01 -4.30632651e-01 -2.31216729e-01  8.09345096e-02
  6.15893722e-01 -3.97866182e-02  5.63772202e-01  2.28426918e-01
  3.07951391e-01  8.08858126e-02  4.06194925e-01 -5.81916809e-01
 -1.70844141e-02 -6.82335019e-01  7.06702024e-02  4.93665924e-03
  2.40170732e-02 -1.96219072e-01  7.57161295e-03 -9.28356767e-01
 -6.51742399e-01 -7.02332497e-01  6.91634119e-02 -2.30856463e-01
 -5.22082388e-01 -3.58589552e-02 -1.38229132e-01 -8.13654736e-02
 -2.65871257e-01  9.06672895e-01 -4.70491767e-01  1.47815766e-02
 -8.69449198e-01 -3.77383381e-02 -4.28023994e-01  1.34573698e-01
  2.12339461e-01 -1.39414370e-01 -8.91146064e-02 -5.12437880e-01
 -8.94404948e-02  2.88951904e-01  3.88167769e-01 -7.84830332e-01
 -3.55498701e-01  4.36375022e-01 -1.33846015e-01 -1.20868668e-01
  9.79854073e-03  7.34140277e-02 -2.53417403e-01  4.31749642e-01
  1.82544306e-01 -3.14954251e-01  3.55976433e-01 -2.54518151e-01
  2.58164108e-01 -8.05562511e-02  4.78713326e-02 -3.31465036e-01
  8.82379949e-01 -5.10529459e-01 -1.68392286e-01  5.33858120e-01
 -6.26435280e-01  4.17019473e-03  2.99826205e-01  1.25867471e-01
 -1.54474664e+00  2.51492143e-01  3.82569969e-01  2.85382062e-01
  6.63605258e-02  7.61764869e-02  4.04422492e-01  6.64045587e-02
  1.58098876e-01 -6.74464524e-01  8.37702036e-01  5.64817071e-01
  3.66671570e-02 -2.53508717e-01  6.22234583e-01 -2.58339047e-01
  2.45552316e-01 -4.19432878e-01  7.35396892e-02  5.08377492e-01
  5.92531189e-02 -8.39532986e-02 -7.08200596e-03  1.76741183e-01
 -3.47936511e-01  2.59684741e-01 -1.26191795e-01  9.86007005e-02
 -7.10791349e-01 -1.76534727e-02  4.05083925e-01  6.86374187e-01
  6.63551450e-01 -5.80600500e-02 -8.35014209e-02 -6.63131922e-02
  5.27273417e-01  1.27283067e-01  2.56576747e-01 -5.87564744e-02
  2.04383209e-01 -4.83681768e-01  3.65783691e-01 -3.90339941e-01
  3.07927549e-01 -3.57930332e-01  2.84997731e-01  8.61942351e-01
 -3.33005071e-01  4.61453915e-01  4.30732191e-01  2.07392037e-01
  7.08928779e-02  9.44701135e-01  8.01466763e-01  2.85312265e-01
 -4.48169738e-01 -6.78279042e-01  1.94015458e-01 -2.25725204e-01
  1.71803638e-01 -1.44169882e-01  4.63325083e-01  1.48886472e-01
 -3.33074361e-01 -7.89213032e-02  2.91775037e-02 -1.32490188e-01
 -9.80433747e-02 -5.41558743e-01 -7.65871406e-01 -1.08654514e-01
 -2.47844204e-01 -1.32092848e-01  2.04669625e-01 -2.72427406e-03
  3.52538139e-01 -8.61778855e-02 -8.06340575e-01  1.93819366e-02
 -5.20705044e-01  6.84253201e-02  1.30855769e-01  3.22859138e-01
  4.99389544e-02  3.06585461e-01  1.44938245e-01 -2.46905282e-01
 -3.11935753e-01 -4.58400458e-01 -6.78742528e-01 -1.01515301e-01
  2.73720384e-01  7.85925210e-01 -3.08444083e-01  1.58835396e-01
  1.31683461e-02 -3.12738642e-02 -7.11815715e-01 -2.32666150e-01
 -8.07960153e-01  3.11336339e-01  2.57586055e-02  2.18905821e-01
  1.55648872e-01  5.78007340e-01  1.45363137e-01  2.15496615e-01
  9.68502164e-02  4.64936644e-02  4.28659841e-02 -2.21153677e-01
  7.86692679e-01 -4.56607997e-01  5.22610724e-01 -2.97211036e-02
 -1.36367474e-02  8.40261355e-02 -5.34928739e-01 -4.86498535e-01
  1.68863967e-01  6.86931372e-01 -2.17004329e-01  4.96401712e-02
  3.65440577e-01  1.07659757e+00 -5.10851920e-01  2.69177496e-01
  3.11261594e-01 -1.71334296e-01  3.51037472e-01  2.19495550e-01
  9.01605710e-02 -2.18020290e-01  5.81805669e-02  3.32626134e-01
  2.57871002e-01  1.41513154e-01  3.24529707e-01  1.50253472e-03
 -2.71650404e-01  6.04998827e-01  2.54725128e-01  4.77300942e-01
 -8.95203233e-01  4.30978276e-02 -5.54706931e-01 -5.20927727e-01
  1.19153585e-03  2.07523644e-01  8.72218072e-01  8.75146016e-02
  1.98490322e-01 -5.99608958e-01 -7.44588614e-01 -4.34849083e-01
 -8.67530704e-01 -8.03818256e-02 -1.16991699e-01  3.09220046e-01
  6.05660200e-01  6.07805669e-01 -3.28037232e-01  5.31461656e-01
 -6.24786615e-01  5.95932007e-01  8.60277534e-01 -2.26701826e-01
  2.74459124e-01  4.10082519e-01 -3.31774384e-01  2.44482830e-01
 -2.52417833e-01  3.81982535e-01  1.01557421e-02 -4.98567849e-01
 -2.72047788e-01  2.78722107e-01  1.07037336e-01 -6.73644185e-01
  5.77456355e-01  1.26720607e-01 -4.29499418e-01 -6.08011842e-01
 -4.01772112e-01  2.17029080e-03  1.21820293e-01 -8.57625544e-01
 -2.74419308e-01 -1.03479862e-01 -1.70258656e-02  2.80035347e-01
  4.20093209e-01 -4.40910876e-01  2.41737917e-01  3.88491780e-01
  7.06475675e-01 -4.15072531e-01  4.87671457e-02 -1.96135029e-01
 -1.33028433e-01  7.52157345e-02  1.17836058e-01 -4.08499300e-01
  5.61800420e-01 -3.06004912e-01 -7.19547391e-01 -3.61836702e-01
 -2.82992005e-01 -1.16535485e+00  4.83564794e-01 -5.59975028e-01
  4.08049256e-01 -8.47766817e-01  3.95242006e-01 -3.72934699e-01
 -2.06250772e-01  1.43032685e-01  1.13382675e-01 -4.96458560e-01
 -1.04263818e+00 -1.83790714e-01 -5.24878144e-01 -2.20518589e-01
  5.10982811e-01  6.30161822e-01 -3.60183150e-01  8.02402571e-02
  6.93825722e-01  2.98009187e-01  1.84750017e-02  5.69400154e-02
 -2.59537995e-01  2.16411334e-02  1.97418764e-01 -9.32305604e-02
  4.16574210e-01  1.82040334e-01 -4.91071753e-02 -2.06615701e-02
  8.65200222e-01  5.40902913e-01  6.71835244e-01 -2.06684425e-01
  3.05464715e-01 -1.62903443e-01 -1.22208536e-01  6.97445171e-03
 -1.01039829e-02  5.44657826e-01 -7.69844428e-02  4.26393270e-01
  5.53697228e-01 -2.78907418e-01  9.61661153e-03  1.07729781e+00
 -4.93160225e-02  7.06425428e-01 -1.27718806e-01 -1.90759242e-01
 -1.02204823e+00  2.68568993e-01  1.49569422e-01 -2.48444259e-01
  4.21154164e-02 -3.30538511e-01  6.13698661e-01 -4.45403069e-01
 -1.95231378e-01  1.58312976e-01 -3.32696199e-01  4.22976047e-01
  3.96931797e-01  3.06821018e-01  9.08111751e-01  2.58940876e-01
 -3.61784250e-01 -4.35905546e-01 -5.86334109e-01 -2.46839020e-02
  4.67771649e-01  2.10449740e-01  3.83956939e-01 -5.81724383e-02
 -6.29828155e-01  6.22367859e-01  1.40578421e-02  4.51951265e-01
  5.43520212e-01 -1.82317048e-01  1.04146786e-01  2.17062354e-01
  1.83251232e-01  2.38702267e-01 -3.81185859e-01 -8.37856174e-01
 -1.79612398e-01 -6.53539374e-02 -5.49545884e-01  4.36767302e-02
  2.65382499e-01  3.25376123e-01  3.64917144e-02 -1.46784842e-01
 -7.23554194e-02  6.48796141e-01  8.18063244e-02 -5.43899043e-03
  3.28720808e-01  6.17479086e-02  2.05965899e-02  1.34502634e-01
 -1.01710029e-01 -3.53233278e-01 -3.03001016e-01  5.54798879e-02
 -4.52709526e-01 -2.38955677e-01 -3.90672565e-01 -5.62675484e-02
  1.84820116e-01 -1.85190558e-01 -6.86260998e-01 -8.89159381e-01
  3.08949471e-01  2.31629714e-01 -9.76697385e-01 -1.34674132e-01
 -1.53746948e-01 -1.26249313e-01 -1.08155079e-01  2.32751489e-01
 -5.19888818e-01  1.78478528e-02 -5.44291317e-01  1.38842657e-01
 -5.25458395e-01 -6.47599161e-01  3.03425997e-01  1.54913038e-01
 -4.78464723e-01 -1.40520430e+00  7.11693585e-01  7.00362921e-01
  5.20587921e-01 -1.19312420e-01  1.62330970e-01 -2.87895113e-01
 -1.52476236e-01 -5.40961921e-01 -3.28441054e-01  7.75396079e-02
 -1.01632404e+01  5.43361045e-02 -9.46041226e-01  5.41164353e-02
 -2.53831357e-01  3.98074478e-01  7.79157460e-01  6.33316994e-01
 -1.16882287e-01  1.92258596e-01  3.34070146e-01  4.39619422e-01
  2.55984664e-01  5.16249418e-01 -5.80921888e-01  1.42543659e-01
 -1.03695922e-01 -6.29739702e-01 -2.57934928e-01 -1.71960354e-01
  5.17548084e-01  2.34717101e-01  9.96891737e-01  3.28582019e-01
 -7.29481652e-02 -1.04145363e-01 -1.33318976e-01  3.41159195e-01
  1.25850141e-01  5.16036510e-01 -7.68180728e-01  5.26330531e-01
  9.60212827e-01  3.83135855e-01 -1.76739946e-01 -4.61997204e-02
 -1.81025267e-01  3.00170153e-01  2.55888820e-01  3.72230142e-01
  2.26677626e-01  8.57685983e-01  2.29020014e-01 -1.37798756e-01
 -8.32230151e-02  4.64920878e-01  2.73889661e-01  4.29055780e-01
  7.04821408e-01  3.22564125e-01  6.41271710e-01 -1.89906597e-01
  3.79778862e-01 -2.98611790e-01  8.97846967e-02  9.21912957e-03
  1.05752504e+00 -8.12295437e-01 -1.69563796e-02  3.06675702e-01
  6.40439034e-01 -1.87356651e-01  1.04428542e+00  7.84847677e-01
  3.96177411e-01  4.61309999e-01  4.02995408e-01  7.59478748e-01
 -6.23503029e-01 -4.38056082e-01  2.15441972e-01  2.96034753e-01
  5.71728945e-02 -4.05136868e-02 -2.12904945e-01  1.25589147e-01
  9.45852399e-02 -6.74786046e-02  2.39897564e-01  2.00784802e-01
  4.94554251e-01 -1.01030972e-02 -1.81055412e-01 -9.27843153e-02
 -6.66632771e-01  8.02120566e-02 -7.18905628e-02  1.01309821e-01
  2.95345277e-01 -3.52988124e-01  2.77120382e-01 -3.84134203e-01
 -6.34924948e-01  3.90292704e-01  7.23413706e-01 -5.65826774e-01
 -1.96928889e-01  1.23624243e-01  3.02865267e-01 -1.95817307e-01]"
キ,"[ 8.95541534e-03  1.93943679e-01 -2.19393417e-01 -8.92130435e-01
  2.42650047e-01  8.09080482e-01 -6.46168832e-04  2.05910534e-01
  1.10375106e-01 -4.96003240e-01  9.61736321e-01  3.43844235e-01
 -8.60624686e-02 -3.22288632e-01  7.87273169e-01 -2.82382250e-01
  1.62315413e-01 -2.04620451e-01  1.29165396e-01  1.35729909e-01
 -5.59301555e-01 -7.71651804e-01  4.71532978e-02  5.98602355e-01
  3.54917258e-01 -5.78055680e-01  2.48704970e-01  2.21687809e-01
 -1.11314997e-01  1.56763837e-01  6.53873309e-02 -5.54898620e-01
  6.57591000e-02 -4.08096582e-01 -1.88163891e-01  5.68439662e-01
  1.58004373e-01 -1.12947980e-02 -6.64695054e-02 -2.63184607e-01
 -1.66061565e-01 -1.19715571e-01 -1.67684168e-01 -3.76225561e-01
 -2.97118813e-01  3.92755568e-01 -2.49987170e-01  5.84943771e-01
  3.31728369e-01  3.25531244e-01 -3.31443280e-01  3.08691591e-01
  5.32747090e-01 -1.73132390e-01 -1.80470288e-01 -5.74593604e-01
  1.86371833e-01 -4.88706082e-01 -1.50947779e-01  3.31200749e-01
 -3.01331311e-01 -2.36292854e-01  1.91156968e-01  1.28126368e-01
 -3.28826338e-01  8.34068581e-02  3.56408060e-01 -8.96729976e-02
 -3.48768085e-01 -3.75455797e-01 -5.94362676e-01  2.97772795e-01
 -2.02980235e-01 -1.20220110e-01  7.73371041e-01 -6.91891074e-01
 -1.58249527e-01  1.30785689e-01  1.29266158e-01  1.79776907e-01
 -2.61399895e-01  3.05765033e-01 -9.99675915e-02 -3.73337835e-01
  1.24599084e-01  4.37534839e-01 -1.94954410e-01 -6.72745228e-01
  1.44924343e-01 -8.80607590e-02  1.11788116e-01  2.10497543e-01
 -9.01843756e-02  2.62070388e-01 -3.07616532e-01 -1.19099766e-01
  1.79402411e-01 -2.00954840e-01  2.89622247e-01  5.20121634e-01
 -1.78588443e-02 -1.17552616e-01  2.64332891e-01 -3.21151242e-02
 -1.85805157e-01  3.74532938e-02 -5.32194197e-01  4.01904404e-01
 -5.88168092e-02 -4.00046796e-01 -4.04437035e-01 -1.29484117e-01
 -3.23006064e-01  3.37711692e-01 -1.51133491e-02  4.91504550e-01
 -3.58000785e-01  7.89115205e-02 -5.35848975e-01  6.66496634e-01
  2.89223343e-01  2.27232218e-01 -2.35034198e-01 -1.88314974e-01
 -3.74681950e-02  4.13669527e-01 -5.03701806e-01 -1.58473641e-01
 -2.87291557e-01 -3.90068710e-01 -3.34778786e-01  5.66991605e-02
 -5.14350951e-01  1.79104745e-01 -4.27209646e-01  2.67672092e-01
 -8.89261079e-04 -1.19334877e-01 -3.42761911e-02 -3.69829506e-01
  6.14160895e-01  3.06377765e-02 -3.20189357e-01  2.11317345e-01
  4.61371541e-02  3.98370087e-01 -2.14113176e-01 -6.93280876e-01
  7.19506264e-01  3.67898166e-01 -5.48111618e-01  6.06311381e-01
 -7.24916577e-01 -1.17251009e-01 -1.63594902e-01 -7.41870552e-02
 -3.89509290e-01  3.95639062e-01 -1.36247858e-01  5.22060752e-01
 -3.88469547e-01 -6.50954366e-01 -9.05016065e-02  4.57758069e-01
 -7.45252073e-02  6.84095860e-01  1.85122505e-01 -9.91550237e-02
  3.36494744e-01  6.37281060e-01 -4.53508161e-02  5.29571354e-01
  1.63416564e-01 -4.52313751e-01  4.46202680e-02  3.80010456e-01
  2.84567654e-01  1.25498787e-01  5.07377148e-01 -4.64139074e-01
  2.48077974e-01 -3.82289618e-01 -1.00916103e-01 -6.63088441e-01
  3.79759163e-01  8.46238807e-02 -1.31826878e-01 -7.38795400e-02
  4.52208519e-01 -4.92566936e-02 -4.89292353e-01 -2.39758313e-01
  4.08961117e-01 -3.73908579e-01 -3.14192352e-04 -2.21018270e-01
  1.85947537e-01 -6.73991561e-01  1.74583882e-01  2.20360518e-01
  3.80732268e-01 -5.70086055e-02 -1.23728894e-01 -4.59577829e-01
 -1.14833128e+00 -1.46083161e-01  7.01409936e-01  8.36838424e-01
  7.83072561e-02  3.08049113e-01  1.53777620e-03  5.98541617e-01
  5.87440908e-01  1.81283072e-01  1.90099686e-01  3.73004861e-02
 -1.21875815e-01  1.01458222e-01  5.28168917e-01 -4.94313359e-01
  1.74793363e-01 -2.83659756e-01  9.85108018e-02  2.78705657e-01
 -1.97782189e-01  2.92181432e-01  4.31199640e-01 -2.28194132e-01
 -3.46764296e-01  7.51405716e-01 -8.00013483e-01 -3.45087945e-01
 -9.34791565e-03  2.90069640e-01 -9.35361981e-01  6.39275670e-01
 -2.49227002e-01  1.08282909e-01 -4.89022613e-01  3.59387398e-02
  1.80134073e-01 -3.58527958e-01  1.10484406e-01 -6.22185171e-01
  1.22851543e-01  2.16117829e-01 -1.65604912e-02 -5.91867805e-01
 -6.22704566e-01  2.14903783e-02 -5.29885411e-01 -3.63920033e-01
  7.63952255e-01 -5.79501092e-01  7.76230633e-01  3.47670943e-01
  4.01907474e-01 -4.65738088e-01 -1.66949853e-01 -2.76027799e-01
  1.19352832e-01 -9.02114153e-01 -1.91264972e-01 -5.95059931e-01
 -1.17213301e-01  1.43087864e-01  1.23377241e-01 -7.68889785e-01
 -7.35463500e-01 -1.78938970e-01  2.60366052e-01 -4.21660766e-03
 -3.10383588e-01  1.65979624e-01 -3.10154855e-01  2.52922773e-02
 -1.00762486e-01  2.14290395e-01 -6.00286424e-01  7.24116042e-02
 -8.21164668e-01  1.79350212e-01 -5.73020160e-01  2.57498711e-01
  3.91078740e-01 -4.62004170e-02 -8.76006931e-02 -9.75300372e-02
 -1.01646848e-01  3.96740377e-01  5.24923384e-01 -4.80151325e-01
 -7.72374332e-01 -5.56713268e-02  1.36875222e-02 -5.71516752e-02
  3.41343313e-01  2.65776783e-01  4.21169661e-02  1.71055004e-01
  6.34024203e-01  2.79953629e-01  4.70709145e-01 -4.33475703e-01
 -6.73077554e-02 -7.17294872e-01 -4.15428042e-01 -4.80342627e-01
  9.94733274e-01 -2.26152822e-01  2.40361691e-01  1.30219853e+00
 -2.75100857e-01  9.32967961e-02  7.32125103e-01  1.68319442e-03
 -1.43373823e+00  1.74288064e-01  3.82753253e-01  4.13208455e-01
  6.96791559e-02  3.02496344e-01  2.77840614e-01  4.46366459e-01
 -1.16852686e-01 -2.42527783e-01  3.24426562e-01  5.89959919e-01
  4.96654846e-02 -6.17261529e-01  8.24537873e-01  2.25558400e-01
  2.68026531e-01 -7.74688840e-01 -2.02640831e-01  5.43036759e-01
 -1.03259680e-03 -1.04866818e-01  4.13876265e-01 -2.56678700e-01
 -1.03787787e-01  1.20357707e-01  3.50648493e-01  2.90042460e-02
 -7.87934482e-01 -9.09556150e-02  1.30071580e-01  8.85647237e-01
  8.77828896e-01  6.83142662e-01  2.79224873e-01  4.40075062e-02
  1.30308241e-01  5.56677818e-01  2.51294822e-01 -1.22369118e-01
  5.70113584e-02 -4.87337857e-01  1.63743943e-01  4.84549850e-02
  1.15698695e-01 -5.89177966e-01  4.56835628e-01  6.30295813e-01
  5.85559793e-02  8.24226975e-01  3.04629773e-01  4.02407110e-01
  8.29458088e-02  2.38421828e-01  6.34583473e-01  1.95689335e-01
 -3.38089973e-01 -5.31706750e-01  2.16041178e-01  4.93471250e-02
 -2.21853882e-01 -2.58346591e-02  5.46785057e-01  2.58034080e-01
 -4.19097334e-01  1.45868048e-01  3.83677006e-01 -6.16870709e-02
 -2.06575274e-01 -5.55883586e-01 -4.77074146e-01 -6.67674005e-01
 -2.17221990e-01 -7.53665030e-01  1.46900326e-01  1.00456528e-01
  4.13944781e-01  7.50255212e-02 -5.52678525e-01 -1.66114524e-01
 -3.63337815e-01 -4.28478360e-01 -6.71730787e-02  1.91703774e-02
 -2.37083778e-01 -5.20790964e-02 -2.88241416e-01 -4.22892630e-01
 -3.67043942e-01 -2.75505364e-01 -3.14944893e-01  4.82364863e-01
  1.29322171e-01  5.75220883e-01 -1.06219001e-01 -1.53994770e-03
 -2.03370318e-01 -2.99327653e-02 -4.37041968e-01 -1.11680180e-01
 -9.71891463e-01  6.86314583e-01 -8.80109817e-02 -1.89983308e-01
  1.44798771e-01  5.74575961e-01  6.48456514e-01  2.47849390e-01
 -5.98492026e-02 -2.13786483e-01  5.03655113e-02 -5.76078057e-01
  5.63365996e-01 -1.35103062e-01  6.26339018e-01 -2.80535758e-01
  7.55492091e-01  3.44837397e-01 -1.70314535e-01 -1.54609323e-01
  1.70087397e-01  5.62610030e-01  1.59848154e-01  2.57217931e-03
  3.21221769e-01  8.51487637e-01 -2.38462672e-01  3.62996340e-01
 -2.15473220e-01  5.96317589e-01  5.76057315e-01 -2.38859266e-01
  2.66685963e-01 -4.24248368e-01  2.19455481e-01  3.00182253e-01
  5.28793395e-01  1.61605850e-01  4.73580629e-01  4.51240063e-01
  2.98608214e-01  5.37596405e-01  3.15589428e-01  7.14832172e-02
 -3.80567089e-02 -8.04987475e-02 -9.41788375e-01 -1.09886369e-02
 -1.58045277e-01  5.99218979e-02  3.74786913e-01 -5.96284211e-01
 -4.10428904e-02 -6.52371049e-02 -7.64486432e-01 -7.14869380e-01
 -7.93939769e-01 -1.06156580e-01 -2.38705829e-01  8.46536979e-02
  6.28985643e-01  3.57397407e-01 -6.01002336e-01  7.24508762e-01
 -2.20529974e-01  7.52130628e-01  7.96506882e-01 -2.41772056e-01
  3.19433659e-02 -6.06076717e-02  5.57358325e-01  6.81068525e-02
 -2.14915752e-01  3.27474385e-01 -3.37716609e-01 -8.51009607e-01
 -2.49373242e-01  6.90346539e-01 -3.53602916e-01 -4.53097850e-01
  6.91390753e-01 -2.19785050e-01 -4.71114218e-01 -9.46978688e-01
 -1.04230501e-01 -3.89204264e-01 -3.67775112e-02 -9.60398912e-01
 -1.53288156e-01  6.10974543e-02  2.20168903e-02  2.25339964e-01
 -6.60680905e-02 -1.17988609e-01  1.58000574e-01  6.73131466e-01
  4.48967278e-01 -2.16382951e-01  2.88030296e-03 -1.59505308e-01
 -2.22712994e-01  1.85534164e-01  3.29947829e-01  4.37812209e-01
  4.86791693e-02 -8.43349770e-02 -8.43693137e-01 -2.03351736e-01
 -8.15125465e-01 -1.06094337e+00  2.96236780e-02  1.21984212e-02
  6.58005059e-01  8.58059749e-02  6.45452514e-02  8.14585686e-02
  3.75422239e-01  4.35649097e-01 -5.41432574e-02 -1.78277165e-01
 -1.06997979e+00  5.05224407e-01 -3.29275370e-01 -4.73258346e-01
  7.10337520e-01 -6.72724098e-02 -4.04047146e-02  3.41581434e-01
  1.77471966e-01 -4.99029532e-02 -4.52777632e-02  3.67976695e-01
 -1.26280501e-01 -1.78740323e-01 -1.12019606e-01  7.12124705e-02
  6.74707964e-02  1.30537406e-01 -7.87577033e-01 -2.87869394e-01
  4.49710160e-01  5.70153654e-01  2.78291926e-02 -2.57629782e-01
  5.55600971e-02 -1.15658045e-01 -3.25040609e-01  2.39700377e-02
  2.13117972e-01  3.54038686e-01 -6.28237009e-01  4.35430884e-01
  5.32808006e-01 -6.25529170e-01  3.72600853e-01  6.56930566e-01
  4.47987288e-01  3.46437573e-01 -8.26312602e-02  5.27823210e-01
 -1.23149014e+00  4.10891861e-01  4.57226157e-01  1.05139270e-01
  1.89831376e-01  3.74056287e-02  1.29761487e-01 -4.98504668e-01
 -4.48461533e-01  1.29066348e-01 -6.84365034e-02  5.38088500e-01
  3.25291425e-01  3.04066688e-01  5.54421186e-01  8.91184688e-01
 -1.46343544e-01 -4.43869233e-02  2.67165631e-01 -2.79257953e-01
  1.11924231e+00 -2.32369766e-01  2.13255510e-01 -1.60199225e-01
 -8.98679674e-01  3.29925925e-01  3.82203132e-01 -6.39000088e-02
  8.32295418e-01 -2.78939962e-01 -1.83035985e-01  6.64344609e-01
  3.51437956e-01  4.31914032e-01 -4.01126802e-01 -9.30783391e-01
 -1.24653675e-01 -1.89244494e-01 -5.44877350e-02  1.91333622e-01
  1.24964993e-02  2.76572496e-01  2.17395425e-01  7.55365239e-03
  2.29572177e-01  7.33206570e-01  3.26696903e-01  4.63561900e-02
  2.55257100e-01  2.63036601e-02 -5.05064785e-01 -1.24614336e-01
  1.12662509e-01 -2.68405974e-01 -5.11248827e-01  3.90427977e-01
 -1.24957994e-01 -2.79401779e-01  7.73320273e-02 -3.05027574e-01
  2.22876221e-01  7.62445033e-02 -3.17492455e-01 -1.08262193e+00
  2.16517393e-02 -1.38986781e-01 -6.15933299e-01 -1.18479952e-01
 -2.91320443e-01 -2.32399385e-02 -3.37807804e-01 -1.07022107e+00
 -5.51625013e-01  2.23631293e-01 -4.13636625e-01  2.74785906e-01
 -4.48171794e-01 -1.15806162e+00  2.55390227e-01  4.10949588e-01
 -6.42045140e-02 -9.18176949e-01  2.61395842e-01  8.89717713e-02
  3.43686670e-01 -1.95112213e-01  3.49766284e-01 -4.54054743e-01
  1.73809782e-01 -2.47522429e-01 -5.88273965e-02 -1.01371385e-01
 -1.01587448e+01  7.72986338e-02 -3.86676341e-01 -6.97727650e-02
 -3.08672786e-01  5.60729019e-02  5.75469553e-01  5.31388700e-01
 -1.75497159e-01  1.45234063e-01  1.49929151e-01  1.24616005e-01
  1.82425693e-01  2.90618271e-01 -5.00913382e-01 -1.27692640e-01
 -6.55863047e-01 -1.71828374e-01 -5.31716365e-03  2.11136743e-01
  7.47468621e-02  1.51268914e-01  3.46353263e-01  5.56347847e-01
  2.82740265e-01 -4.46914911e-01 -2.93237239e-01  3.20671469e-01
 -3.95900071e-01  4.11026478e-01 -5.48589945e-01  1.10857159e-01
  2.51112282e-02  4.57164526e-01 -3.25433642e-01  1.72176719e-01
 -1.57319322e-01  2.64936805e-01  3.45934123e-01  1.98150381e-01
  2.11577281e-01  1.91264555e-01  2.05551162e-01  5.96089661e-02
  1.44676462e-01  5.31624220e-02  2.10561410e-01  3.79570723e-01
  4.09475684e-01  2.19456945e-02  2.21180096e-01 -4.73943412e-01
  1.43642779e-02 -3.64128202e-01  5.71498513e-01  2.93038070e-01
  5.57545483e-01 -4.73117292e-01 -1.42530426e-01  1.28628194e-01
 -2.56134897e-01  1.46199346e-01  4.61464375e-01  3.11360300e-01
 -1.50301903e-01  4.36743885e-01  3.19429010e-01  3.93048376e-01
 -1.81135491e-01 -3.68356586e-01 -1.54186383e-01  6.00778162e-01
 -4.67477627e-02  7.33655989e-02 -3.31823200e-01  2.22925290e-01
 -7.28904232e-02  5.02280332e-02  1.79950461e-01 -4.04444873e-01
  3.83785553e-02 -4.28325087e-01 -5.95588267e-01  1.08142123e-01
 -8.51407945e-01 -1.60182337e-03  4.26875136e-04  2.68151075e-01
  9.88975726e-03 -6.36322618e-01  3.73881608e-01 -5.47238111e-01
 -4.18695994e-02  4.58674371e-01 -2.13582352e-01 -1.28645852e-01
  1.42740697e-01  8.45728934e-01  4.44111705e-01 -1.45622373e-01]"
タ,"[-2.99661551e-02  2.35579774e-01  2.16267854e-01 -4.62301165e-01
  1.46502957e-01  1.59057260e-01  4.88843143e-01  3.43817882e-02
  2.31429592e-01 -4.75955218e-01  9.65501428e-01  1.44587487e-01
 -3.04416180e-01  2.18970031e-01  5.76633871e-01 -7.43149146e-02
  1.22966498e-01 -2.05837458e-01  3.06487232e-01 -6.46916866e-01
 -4.75787103e-01 -4.26514417e-01 -3.73811781e-01  3.08984555e-02
  1.09216664e-02 -2.93104202e-01 -3.61434907e-01 -5.65030053e-02
  3.21628079e-02 -3.50589812e-01 -1.99837789e-01 -4.79252517e-01
 -1.99252479e-02  6.12472259e-02 -1.20409250e-01  6.15912259e-01
  1.48660764e-01 -7.46806189e-02 -2.11993039e-01 -2.97742337e-01
  1.13387346e-01 -1.35826588e-01 -6.36355281e-01 -4.45344567e-01
 -2.16307081e-02  6.85872316e-01  2.61787891e-01  1.03010170e-01
  2.79183775e-01  4.58381362e-02 -3.35032940e-01  5.32670803e-02
  1.20524228e-01 -1.07789263e-01 -1.40848160e-01  2.16222078e-01
  2.49952212e-01 -2.18029901e-01  1.12820625e-01  5.73501959e-02
 -7.49453455e-02 -1.90446988e-01  1.85510695e-01 -2.76439339e-01
 -1.08943269e-01 -2.89292574e-01 -1.85147242e-03 -1.42507613e-01
  3.78167368e-02 -5.24221301e-01  1.77446336e-01  5.51392175e-02
  1.34303674e-01 -2.22959772e-01  5.37544012e-01 -6.02257848e-01
  1.93570793e-01 -5.20524643e-02  5.09709895e-01 -1.05174385e-01
 -8.81144702e-02  3.53035271e-01 -1.23251960e-01 -1.02641988e+00
  2.46412903e-01  6.85964823e-02 -4.19943005e-01 -6.87328100e-01
  4.39353973e-01 -2.58307606e-01  1.43659532e-01 -1.16709851e-01
  1.21523656e-01  2.03724787e-01 -1.73979446e-01 -3.89984041e-01
  1.05054297e-01 -4.06380087e-01 -2.28427779e-02  9.06861573e-02
 -1.99103817e-01 -1.66494742e-01  2.53965884e-01 -8.31622109e-02
 -2.95609951e-01  7.66281486e-02 -1.89088240e-01  2.16593280e-01
 -1.05295256e-02  1.92863315e-01 -2.46624053e-01 -7.36581922e-01
 -6.68454885e-01  1.53523594e-01  1.62854731e-01  1.69706754e-02
 -4.62951362e-01  3.33336711e-01 -2.92251855e-01  3.58274668e-01
  3.38005960e-01  4.42474961e-01 -2.91267037e-01 -3.03502560e-01
 -3.53537560e-01  3.23735535e-01  2.82929122e-01 -9.15389434e-02
 -1.75312623e-01 -4.67682272e-01  1.64385363e-01  1.34649038e-01
 -4.42312837e-01  9.67956036e-02 -1.39187291e-01  6.48608625e-01
 -3.97078618e-02 -1.59846812e-01 -2.53886968e-01 -6.38386071e-01
  7.89156705e-02 -8.54528099e-02  2.54754603e-01  9.89833549e-02
 -3.24334204e-01  1.43080607e-01 -2.32915238e-01 -3.56462330e-01
  1.02784388e-01  2.76890486e-01 -3.18893880e-01  8.76443386e-01
 -2.85117447e-01  6.30542263e-02  5.69943249e-01  3.91576618e-01
 -3.98441225e-01  2.92969435e-01  2.51048923e-01  3.46937567e-01
  4.38345283e-01 -2.63639092e-01  1.75802618e-01  6.37234390e-01
  6.20617568e-02  4.89996850e-01  2.63442606e-01  1.88494578e-01
  1.00585274e-01  5.90886295e-01  5.55005610e-01  7.33949602e-01
  3.01001310e-01 -3.43335152e-01  5.00806533e-02  2.68896341e-01
  4.46986854e-01  2.31619105e-01  3.13695908e-01 -5.93590736e-01
 -6.11111848e-03 -2.24852040e-01  2.15833895e-02 -6.38685599e-02
  2.72835732e-01 -3.05014640e-01 -1.88641906e-01  4.10682037e-02
 -1.33700579e-01 -1.17594734e-01  1.64533272e-01 -3.79234791e-01
 -1.36827324e-02 -4.53405052e-01 -1.51211515e-01 -7.35498369e-01
  2.08937928e-01 -2.01926902e-01 -1.95111409e-01  6.64365649e-01
 -8.06749389e-02  1.93651304e-01 -1.68233156e-01 -5.78627706e-01
 -8.63688767e-01 -5.78569829e-01 -1.07736632e-01  7.04155922e-01
  5.88181317e-01 -7.45659769e-02  1.79060221e-01  5.25111556e-01
  2.50659406e-01  4.12462294e-01  1.57410830e-01  3.48495960e-01
 -3.53809148e-01 -4.02734399e-01  5.56166053e-01 -3.23269120e-03
 -5.00005744e-02 -5.67764267e-02  5.39637566e-01  2.04771265e-01
 -2.07519755e-01  5.01338005e-01  2.38741606e-01  1.70733929e-01
  6.99376762e-02  7.66363382e-01  1.18161114e-02 -5.86142182e-01
 -8.61167014e-01 -1.38440445e-01 -6.18503392e-01  2.19616920e-01
 -4.59072590e-01  6.19849443e-01 -4.46947105e-03  2.17116296e-01
  3.87898088e-01 -2.12497994e-01  1.40855059e-01 -7.15549588e-01
 -2.68750787e-01 -6.20127320e-02  1.47290947e-02 -8.14034939e-02
 -1.75518453e-01  2.29930595e-01 -6.10323489e-01 -6.31057501e-01
  1.71859533e-01 -4.53166574e-01  7.35765338e-01  2.59308606e-01
  1.98752582e-01 -1.23523995e-01  3.81315440e-01  5.03578298e-02
 -1.35161996e-01 -7.68967330e-01  3.92617434e-01 -6.43246844e-02
 -4.20342356e-01 -2.33181566e-02 -8.91819522e-02 -5.95490873e-01
 -4.39379811e-01 -3.94754142e-01 -1.84425384e-01 -3.75927567e-01
 -5.30730367e-01  2.09036112e-01 -1.57520652e-01  7.15329424e-02
 -1.29061699e-01  4.82911676e-01 -4.35601532e-01  2.91576117e-01
 -7.29819953e-01  3.35105658e-01 -6.40949190e-01 -9.48633403e-02
 -6.31974414e-02 -3.41346890e-01 -4.44250852e-01 -3.95514250e-01
 -1.38266921e-01  5.76125264e-01  2.62405366e-01 -1.72705904e-01
 -5.69435418e-01  1.49088740e-01 -2.58043766e-01  1.36819229e-01
  4.62164849e-01  1.36330351e-01 -1.63418509e-03  3.11880618e-01
  4.15723115e-01 -1.28348678e-01  2.41879076e-02 -1.07980743e-01
 -1.69175193e-02 -8.13083231e-01 -6.53277189e-02 -1.74520656e-01
  3.46210748e-01 -3.70300412e-01 -1.86801478e-01  6.85641587e-01
 -4.23173457e-01  5.92816889e-01  1.72281384e-01  2.52265394e-01
 -1.44581926e+00  3.85023117e-01  1.90219432e-01  2.97844350e-01
  8.77886042e-02  1.45401657e-01  1.11027993e-01 -5.74938990e-02
 -6.78434014e-01 -7.60268331e-01  7.41028190e-01  4.46878314e-01
 -2.33668759e-01  2.00399145e-01  4.54014122e-01 -1.06233016e-01
  2.08326623e-01 -2.76969552e-01 -3.36054385e-01  3.22804064e-01
  4.57792461e-01 -4.67718914e-02  2.76760478e-03 -4.14963007e-01
 -6.25007808e-01  5.21641970e-01  1.65115684e-01 -3.09191048e-02
 -8.05808425e-01 -3.20819281e-02  5.92415571e-01  8.43997777e-01
  3.92516553e-01  6.69855714e-01  2.77556330e-01 -3.47468078e-01
  5.76897085e-01  5.22862792e-01  4.86821592e-01  3.57853249e-02
  1.69018611e-01 -3.01421285e-01  4.69983786e-01  2.59584159e-01
 -1.95665166e-01 -5.30209802e-02  3.26360971e-01  3.86536181e-01
 -4.39108610e-01 -8.63753352e-03  6.73512280e-01 -5.43981791e-02
  3.62797439e-01  5.08806467e-01  8.52006793e-01  9.19913948e-02
 -1.24715783e-01 -4.45874661e-01  3.89481150e-02 -4.72150475e-01
 -4.64070290e-02  2.49437928e-01  6.43545926e-01  1.80078059e-01
 -3.93484175e-01 -4.67068553e-01 -3.88526499e-01 -4.55216765e-01
  2.36079320e-01 -3.04135948e-01 -5.05308151e-01  1.08156547e-01
 -3.48840982e-01 -2.52555817e-01  5.02934605e-02  2.95357853e-01
  4.80964005e-01 -4.88614053e-01 -2.77517438e-01  1.84798762e-01
 -1.73088774e-01 -9.53997746e-02  1.68650150e-01  6.75341263e-02
 -2.79203564e-01 -3.37671582e-03 -3.07510078e-01 -4.16349381e-01
 -1.23659872e-01 -1.28648296e-01 -7.28284359e-01  3.61377001e-01
 -3.37164178e-02  3.18481117e-01 -1.11765340e-01  2.12363601e-01
 -5.79021797e-02 -6.12405641e-03 -6.83400095e-01  2.51117557e-01
 -5.14046490e-01  5.09802341e-01  2.02501014e-01  3.70196730e-01
  2.70219278e-02  2.29741096e-01 -1.73004437e-02  2.23613024e-01
 -5.74088037e-01  1.03956148e-01 -3.94132435e-01 -1.11431397e-01
  5.26212454e-01 -6.53336525e-01  3.76909375e-01  1.18666455e-01
 -5.49459457e-01  7.20542371e-01 -3.26295465e-01  2.80928705e-02
 -1.27219662e-01  3.66679519e-01 -4.74165112e-01  1.33520305e-01
  5.62403500e-01  8.15480411e-01 -3.18196118e-01  4.57316011e-01
  2.00192392e-01 -1.78305805e-01  5.11981130e-01 -3.31428885e-01
  4.66658995e-02  6.66111999e-04  9.05242860e-02  4.37036812e-01
  1.26744494e-01  4.23158169e-01  2.31924251e-01 -5.15421033e-02
  2.10968688e-01  1.31144881e-01  3.46457288e-02  2.26193637e-01
 -4.26744789e-01 -5.13709113e-02 -1.42823681e-02 -1.93165302e-01
  1.01279892e-01 -5.32419123e-02  6.21730506e-01  2.30820462e-01
  3.73899966e-01 -3.55054617e-01 -5.41763544e-01 -3.83245200e-01
 -9.60799813e-01  1.31556511e-01 -7.90663213e-02 -1.63276196e-02
  6.90846264e-01  5.88578545e-02 -7.22112656e-01  2.35836729e-01
  2.72128489e-02  2.91976184e-01  4.03083205e-01 -2.15442598e-01
  7.09559470e-02  3.98972124e-01 -1.26126707e-01  1.62863761e-01
  1.12107601e-02 -3.19076516e-02 -1.29413649e-01 -7.25190401e-01
 -7.46306777e-02  9.69066843e-03 -1.38259888e-01  4.86339219e-02
 -4.86963317e-02  5.17931938e-01 -3.24877322e-01 -4.77065593e-01
 -2.66946048e-01 -9.78841260e-02 -1.59749001e-01 -5.27204216e-01
 -8.82906318e-02 -2.66705990e-01 -3.70777920e-02  5.53722858e-01
  1.26212314e-01 -1.79925904e-01  3.51804793e-01  8.11239600e-01
  3.29001725e-01 -2.76133955e-01 -1.77328452e-01  2.83513945e-02
 -2.39449125e-02  1.81579497e-02  3.36701691e-01  1.05576985e-01
 -5.92071339e-02 -2.49660667e-02 -6.41791821e-01 -3.77359599e-01
 -4.98495139e-02 -1.00686407e+00  7.86765099e-01  1.42199829e-01
  3.27162951e-01 -5.91947615e-01 -4.25616086e-01 -5.56285195e-02
 -9.50140357e-02  6.57174364e-02  3.92176419e-01  2.68515050e-01
 -4.43358719e-01 -1.54498905e-01 -6.50962949e-01 -7.22716451e-01
  2.66091764e-01  5.06580889e-01 -4.47363377e-01  7.18003884e-02
  3.01400125e-01  9.06874165e-02 -8.54358301e-02 -1.14973076e-01
 -2.02326894e-01 -3.82802844e-01  3.16183567e-01  3.47123623e-01
  2.67594904e-01  3.91975075e-01  1.17510473e-02  3.49306107e-01
  4.06838328e-01  6.52106583e-01  6.77609265e-01  2.06728265e-01
 -2.95980304e-01 -3.38719860e-02 -3.01791042e-01  2.97948092e-01
  3.51940691e-01 -6.79865256e-02 -8.16438615e-01  1.29637510e-01
  3.59595239e-01 -4.22446281e-01  3.53436232e-01  4.15180892e-01
  4.23547804e-01  5.95414937e-01 -3.82038802e-01 -7.82274976e-02
 -7.61259735e-01  1.75590232e-01  1.18746981e-01  2.82905460e-03
 -3.04479867e-01  3.16141918e-02  9.14571509e-02 -4.56850737e-01
 -2.21329153e-01  2.10730210e-01  2.45994300e-01  1.57623172e-01
  3.49374592e-01 -4.12948579e-01  5.97092390e-01  4.30367559e-01
 -2.68079549e-01 -2.92229682e-01 -1.48793817e-01  2.31118336e-01
  4.30457860e-01  1.59084797e-01  3.57093871e-01 -3.77342790e-01
 -8.44543278e-01 -2.18009446e-02 -1.30999135e-02  2.65737385e-01
  7.06270576e-01 -8.16599965e-01 -4.97601070e-02  5.13370395e-01
  8.08049083e-01 -5.22131585e-02 -2.97910810e-01 -5.25259852e-01
 -1.88427538e-01 -1.35287687e-01 -3.31186384e-01  3.62425178e-01
  4.46477719e-02  5.87640524e-01 -3.18144932e-02 -1.16054967e-01
 -1.95367426e-01  8.12337279e-01  4.07300919e-01  6.72218297e-03
  2.08169505e-01  3.49424258e-02 -4.43483621e-01 -7.18753934e-02
  2.72153318e-01 -3.70367467e-01 -1.54869959e-01  1.74514607e-01
 -3.93838197e-01 -1.14709832e-01 -1.86655268e-01 -5.02172261e-02
  3.51100236e-01 -1.54087305e-01 -4.24016178e-01 -3.41828108e-01
 -5.34637272e-02  3.64018321e-01 -8.19524467e-01 -1.77215248e-01
 -2.28437096e-01  1.85579330e-01  4.22203019e-02 -1.65699080e-01
 -4.80414540e-01 -5.62826455e-01 -4.52997953e-01  1.40648350e-01
  1.40121818e-01 -4.81932133e-01  4.71815914e-01  1.96079716e-01
 -1.48388878e-01 -1.19142509e+00  4.96811807e-01  1.02793932e-01
  7.11098373e-01 -2.55843937e-01  3.21620345e-01 -1.03126299e-02
  1.24622777e-01 -1.62571281e-01 -4.50742304e-01  6.66210949e-01
 -1.04435930e+01 -3.57222646e-01 -5.08106053e-01 -1.70224175e-01
 -3.90432179e-01  4.77056652e-01  1.89552546e-01  4.22308922e-01
 -4.48839180e-03 -6.46698475e-02  6.86290264e-02  1.07366987e-01
  1.40162811e-01  1.49776787e-01 -2.20811665e-01 -7.43995681e-02
 -3.73730332e-01 -2.49499276e-01 -6.55974090e-01 -6.84830919e-02
  1.96705148e-01 -3.56589913e-01  2.96620339e-01  3.35487694e-01
  1.99687496e-01  7.04082847e-02  3.58760089e-01  5.80973513e-02
 -3.10387552e-01  5.27437508e-01 -9.37580168e-02  2.01940879e-01
 -1.02422178e-01  2.93562889e-01 -5.40420711e-01  2.52985451e-02
  9.93592367e-02 -1.66584421e-02 -2.29644433e-01  5.84807038e-01
  2.08952114e-01  4.40937787e-01  3.92607786e-02 -2.71267653e-01
  3.37653905e-01  3.44211668e-01  2.34188393e-01 -8.45958963e-02
  4.30568844e-01  7.24609494e-02  8.71606618e-02 -1.99142188e-01
 -1.00829452e-01  3.45502868e-02  1.31053835e-01 -3.51088084e-02
  3.42283726e-01 -8.66864383e-01 -1.78458676e-01 -9.74012390e-02
  2.31044665e-01  8.35519806e-02  1.22753024e+00  3.87448698e-01
  5.01337796e-02  2.66884863e-01  2.13528678e-01  2.18898375e-02
 -4.01895314e-01 -3.08612972e-01  4.91428465e-01  2.12013632e-01
 -2.32747510e-01  1.83431536e-01 -8.17566887e-02  5.74736416e-01
  3.35067958e-01  1.57740995e-01  2.36426964e-01  1.89588703e-02
  5.00497401e-01  1.82547957e-01  5.91266863e-02  2.70417303e-01
 -7.46211171e-01  2.68312404e-03  3.72308880e-01  1.89852014e-01
  4.80819434e-01 -5.40397644e-01  6.07325137e-01 -3.68746966e-01
 -2.22947985e-01  4.32999194e-01  3.82213861e-01  5.22193760e-02
  4.58044559e-02  1.62065029e-01  4.00699943e-01 -5.65884411e-02]"
オ,"[ 5.29659688e-01  2.13090628e-01  4.55938280e-01 -3.78823578e-01
  9.63736400e-02  2.29296863e-01  2.38674492e-01  2.54841328e-01
 -7.63473809e-02 -5.99594891e-01  3.98756087e-01 -4.26396728e-01
  4.47566777e-01 -2.47670770e-01  6.96951926e-01 -6.56861961e-02
  7.09809884e-02 -1.64454520e-01 -1.08748702e-02 -3.70274395e-01
 -7.57648110e-01 -4.13432628e-01  3.18069786e-01  3.61408234e-01
  5.38302250e-02 -3.14446181e-01  2.48361547e-02  2.23327637e-01
 -1.62991717e-01  6.53100684e-02 -1.63625494e-01 -3.66718590e-01
 -2.87500978e-01 -1.43985704e-01 -1.41204700e-01  7.16443360e-01
  4.47980128e-02 -3.34321529e-01 -4.82722819e-02 -4.44858879e-01
  2.02450410e-01 -3.92537266e-02 -7.78143555e-02 -4.90674525e-01
 -4.24458086e-01  3.56974810e-01  1.42114460e-01  4.50804353e-01
  3.91071677e-01  6.58024773e-02 -2.39533976e-01  3.98799419e-01
  2.06403464e-01  3.77097838e-02  5.50478280e-01 -1.33396879e-01
  3.77492875e-01 -5.41711688e-01 -7.68055692e-02  2.61351973e-01
 -3.71713042e-01 -2.48553813e-01  5.21899402e-01 -1.36066273e-01
  8.11342075e-02  2.62257587e-02 -2.15081081e-01 -1.48256406e-01
  4.50063795e-02 -7.74799466e-01 -2.17825398e-01  2.92504013e-01
  3.74759495e-01 -3.83584619e-01  6.91850007e-01 -3.06555510e-01
  2.23782212e-01  1.15314923e-01  2.37160161e-01 -2.25102723e-01
 -3.46247643e-01  2.76684880e-01  2.55294591e-01 -7.24557042e-01
  2.26185378e-02  4.93616015e-02 -4.94028270e-01 -9.88056362e-01
  4.52703059e-01 -3.51128668e-01 -2.28992887e-02  7.41178766e-02
  2.15323508e-01  2.37703428e-01  6.52189553e-02  1.71886206e-01
  1.26418486e-01 -2.44162172e-01 -2.34624997e-01  2.50547945e-01
  8.68691355e-02  4.09331530e-01  3.27502042e-01 -1.70980483e-01
 -2.63423085e-01  7.60699585e-02 -1.54891476e-01  2.17485011e-01
  2.51036793e-01  8.09057802e-02 -3.74579966e-01 -2.97812015e-01
 -4.65494871e-01  2.72554666e-01 -2.09189262e-02  1.43589988e-01
 -1.98187307e-01  3.38896513e-01 -4.34930116e-01  6.07869983e-01
 -2.53846645e-01  7.91590750e-01 -3.56875882e-02  3.04778337e-01
  2.15029195e-01  5.05295575e-01  1.75789315e-02 -2.72460543e-02
 -1.28480300e-01 -2.57205337e-01  3.57783772e-02 -5.79200909e-02
 -6.81407750e-01  9.21545029e-02 -2.53729820e-01  9.22534049e-01
 -1.14336526e-02 -4.79016826e-02 -1.36097178e-01 -4.66877937e-01
 -1.52467445e-01 -1.32425740e-01  2.75294513e-01 -4.04690713e-01
 -1.19702034e-01  1.62625894e-01 -2.09465668e-01 -4.74402338e-01
  4.88818675e-01  3.42639595e-01 -3.91703337e-01  8.26958001e-01
 -7.30417073e-01  5.75210862e-02 -2.62061339e-02  3.64656836e-01
 -7.47365952e-01  1.51088730e-01  4.98598143e-02  5.59486687e-01
  9.29848328e-02 -4.33689654e-01  1.99748993e-01  3.20905179e-01
  1.02211989e-01  4.26367015e-01  4.94799048e-01  2.34954759e-01
  1.95354655e-01  4.70945448e-01  5.61673045e-02  4.96297121e-01
  4.58567068e-02 -2.13768110e-01  4.98518795e-01  2.91810691e-01
  1.29393652e-01  2.64626890e-01  6.80747330e-02 -5.47927022e-01
 -3.65224034e-02 -1.63021132e-01 -1.03595313e-02 -1.49563789e-01
  4.60751444e-01 -1.61316916e-01 -5.02539128e-02  1.14508383e-01
 -2.07946435e-01  1.70403823e-01  3.67571041e-02 -2.62583464e-01
  3.75305802e-01 -6.91209018e-01  9.99286249e-02 -3.19407612e-01
 -3.27440232e-01 -3.80385637e-01 -3.02856833e-01  3.92470658e-01
  6.25739247e-02 -2.27741338e-02 -1.50439635e-01 -1.84177473e-01
 -8.77260089e-01 -3.44324052e-01  7.29026124e-02  6.55198872e-01
  3.60122412e-01  2.26610646e-01  7.18065351e-02  2.47886717e-01
  4.67506111e-01  7.48334527e-02  1.43081367e-01 -1.94220652e-03
 -2.31676742e-01 -1.86713114e-01  1.26302436e-01 -1.21085666e-01
  4.20135766e-01 -9.82303694e-02  3.48750234e-01 -5.42345010e-02
 -4.06590849e-01  2.43656427e-01  8.67293999e-02 -3.94006163e-01
  5.03381453e-02  7.26811528e-01 -2.60775447e-01 -6.34871423e-01
 -4.98527706e-01 -9.47990268e-02 -6.50830209e-01  6.62958398e-02
 -2.68383652e-01  2.85508454e-01 -3.49700004e-01  1.12674169e-01
 -1.74492911e-01 -4.75419343e-01 -1.81578606e-01 -2.11868286e-01
  3.28344889e-02  1.42950699e-01 -2.28110589e-02 -1.91820711e-01
 -5.15208364e-01 -3.52586992e-02 -3.48714292e-01 -4.78997946e-01
 -3.10264714e-03 -5.51242530e-01  4.46956694e-01  2.26768479e-01
  5.19576371e-01 -4.01957147e-02  2.23008469e-01 -2.11780015e-02
 -6.47084936e-02 -8.50242257e-01 -1.22388318e-01 -8.21013227e-02
 -5.00536263e-01 -2.89797261e-02  1.61732789e-02 -4.62967247e-01
 -3.05137724e-01 -4.27984715e-01 -5.37696257e-02 -4.27530885e-01
 -4.58555937e-01  5.07671535e-02 -6.09349832e-02  1.21000551e-01
 -1.44150585e-01  4.98395979e-01 -4.44367468e-01  1.57625675e-01
 -6.23378396e-01  1.97799042e-01 -6.93991065e-01 -2.58265138e-01
  1.02615738e-02 -2.50993371e-01 -3.85790080e-01  1.67727783e-01
 -4.67547983e-01  3.76975834e-01  3.34049433e-01  5.89170568e-02
 -4.29504603e-01 -2.34155897e-02 -3.79841536e-01  1.28155112e-01
  2.17148751e-01  7.27256596e-01  2.17628777e-01 -6.18875958e-02
  1.72691017e-01  4.01492089e-01  1.91140860e-01  1.47364363e-01
 -1.01788752e-01 -2.96952933e-01  8.40102732e-02  5.50181009e-02
  6.37321651e-01  1.06117532e-01 -1.75985415e-02  1.04611826e+00
 -3.49941045e-01  2.47092575e-01  4.92686391e-01  2.86440611e-01
 -1.74274695e+00  1.24134626e-02 -1.29007444e-01  4.75340001e-02
 -2.40004599e-01  2.80745119e-01 -3.55460658e-03  1.37170598e-01
 -4.59278792e-01 -5.40335178e-01  9.03911769e-01  2.87854135e-01
 -9.33829881e-03 -5.12270808e-01  3.49341303e-01 -2.35028371e-01
  2.98427008e-02 -4.78011936e-01  2.12677538e-01  4.78230417e-01
 -4.10766840e-01  5.39882034e-02 -1.65991887e-01 -5.37499726e-01
 -8.39669257e-02  1.67763039e-01  1.61569253e-01  2.47225672e-01
 -5.30215204e-01  1.38052374e-01  3.13878089e-01  4.00859684e-01
  7.85849571e-01  3.03985566e-01 -6.16408102e-02  5.77767044e-02
  4.45068717e-01  1.35041907e-01  4.25412297e-01 -2.85625219e-01
  1.75831676e-01 -4.75820117e-02  8.53437722e-01  1.25897396e-02
  9.11166295e-02 -1.54978712e-03  1.21304177e-01  2.29567096e-01
 -8.19531530e-02  3.54898632e-01  1.46432102e-01  4.78751250e-02
  1.90706670e-01  5.32224238e-01  5.80730975e-01  1.44955635e-01
 -2.83899516e-01 -3.66182566e-01  3.64569165e-02 -3.21286529e-01
 -6.24405146e-01 -3.38620603e-01 -3.43862951e-01 -1.22221127e-01
 -4.49567646e-01  2.92913973e-01 -2.96255443e-02 -5.18385053e-01
  5.49229495e-02 -3.55665028e-01 -4.25226897e-01  3.32149923e-01
 -5.32559305e-02 -7.33311176e-01  5.86143553e-01  2.21728235e-01
  2.88144261e-01 -5.33857048e-01 -6.53079987e-01 -4.23921756e-02
 -2.73390263e-01 -3.03942800e-01  1.67657301e-01 -3.30829591e-01
 -5.40301539e-02  3.47336739e-01 -7.84889758e-02 -9.32381302e-02
 -3.43779474e-01 -2.95097053e-01 -7.08986878e-01  1.88760504e-01
 -5.04166633e-02  3.23213547e-01  2.19684243e-02  2.22186521e-01
  2.20306531e-01  4.48722839e-02 -2.71185935e-01  8.39256197e-02
 -3.24997872e-01  5.80433309e-01  3.90726745e-01  1.66425571e-01
  5.81920862e-01  4.44246560e-01  2.81132221e-01  5.24589181e-01
  2.02089325e-02  1.34099787e-02 -6.10522449e-01 -3.01175117e-01
  7.10016072e-01 -3.79120931e-02  2.43217826e-01 -1.07879639e-01
 -1.81926806e-02  6.09081030e-01 -3.24829035e-02 -5.74191928e-01
  5.14266547e-04  7.38754347e-02 -1.84155032e-01  2.62513518e-01
  6.57590330e-01  8.22842896e-01 -2.32491437e-02  2.09028870e-02
 -1.40678659e-01 -1.87530726e-01  3.15161854e-01 -1.30644426e-01
 -1.17975011e-01 -2.94526875e-01  9.54099279e-03  2.99439758e-01
  6.59657598e-01  2.00672433e-01  6.23160660e-01  3.09473157e-01
 -3.43716770e-01  2.67425120e-01  4.35273141e-01  4.79529262e-01
 -2.94526517e-01 -2.89981574e-01 -3.53981167e-01  2.58303136e-02
 -3.89669329e-01 -6.62572011e-02  6.73135698e-01 -1.59499541e-01
  1.76897496e-01  7.67650688e-03 -6.11082435e-01 -6.22050464e-01
 -3.78277510e-01  1.60815239e-01 -9.92601439e-02  1.43383160e-01
  2.02571973e-01 -1.35760903e-02 -4.93025184e-01  1.85777426e-01
  5.61464727e-02  2.98899978e-01  5.03491282e-01 -1.53601959e-01
 -9.01676565e-02  3.59078869e-03  3.82498726e-02  6.76893964e-02
 -1.81071088e-01  4.58883010e-02 -2.62824357e-01 -4.94412094e-01
  1.62131209e-02  1.84012845e-01  2.54214287e-01 -1.46533042e-01
  6.53414965e-01  1.32467419e-01 -5.13203919e-01 -5.65060019e-01
 -2.37240583e-01 -2.22166181e-01 -4.52727154e-02 -4.98032242e-01
 -9.01912376e-02  4.43757847e-02  3.66764814e-01  8.76772404e-02
  2.80246258e-01 -3.57614696e-01  7.92291760e-02  2.38751560e-01
  6.34034872e-01 -1.30070135e-01  2.30014458e-01 -1.98584244e-01
  2.17490532e-02  8.81654993e-02  7.55990595e-02  5.94925098e-02
 -1.43209085e-01 -5.36220908e-01 -6.97850943e-01 -3.78329605e-01
 -1.78958684e-01 -1.07865930e+00  5.39438188e-01  1.38625845e-01
  2.41053805e-01 -4.67630297e-01 -4.62996036e-01 -1.47763044e-01
  3.01077008e-01 -1.15580216e-01  4.24873710e-01 -2.17767403e-01
 -5.78147948e-01 -4.97000404e-02  1.25194728e-01 -6.60147369e-01
  9.40503120e-01  2.54540563e-01 -4.91650820e-01 -3.95495683e-01
  3.87395293e-01  1.95834413e-01 -2.21845999e-01  1.07280806e-01
 -1.32592082e-01 -5.39364815e-01  1.55032635e-01 -3.46933961e-01
  3.21011186e-01 -1.54360160e-01 -3.52674324e-05 -1.24660306e-01
  5.85190356e-01  3.44327986e-01  2.44300678e-01  7.75589198e-02
 -2.27900639e-01 -2.08970875e-01 -2.48069152e-01  3.25702071e-01
  1.40794307e-01  3.85053605e-01 -1.76682368e-01  3.16250384e-01
  5.83125949e-01 -8.46609056e-01  8.67414474e-02  7.60417283e-01
  4.11032021e-01  4.44315493e-01 -1.52564764e-01  3.20903882e-02
 -8.17037404e-01  1.35569990e-01  1.41821682e-01 -1.72215570e-02
  4.57020789e-01 -3.56507041e-02 -1.37511179e-01 -4.09765035e-01
 -1.68074183e-02  4.00395066e-01  1.72828749e-01  3.64892520e-02
  4.35541987e-01 -1.55622914e-01  5.13322771e-01  3.38330954e-01
 -2.61516929e-01 -3.60293716e-01  5.43467440e-02  4.09025818e-01
  7.75284708e-01  1.81759849e-01  3.60168815e-01 -7.15021849e-01
 -6.30539358e-01  3.01282763e-01  8.31094086e-02  3.05178523e-01
  5.01429319e-01 -2.74868637e-01 -6.27902821e-02  6.11264467e-01
  2.97894835e-01 -7.07817525e-02 -3.29446822e-01 -4.16540891e-01
 -1.70716390e-01 -2.36667961e-01 -5.00891149e-01  2.01751813e-01
  8.45913216e-02 -4.67947908e-02  2.11769968e-01  1.54199144e-02
  9.83888358e-02  5.82226098e-01  2.87197321e-03 -3.05047333e-01
  2.04790220e-01  6.14336543e-02 -9.01422724e-02  8.08300227e-02
 -2.23519325e-01 -2.46593595e-01 -2.41717659e-02  2.41519004e-01
 -1.57367334e-01  2.02508613e-01  3.40979882e-02  1.61916167e-01
  3.30591708e-01 -4.44882154e-01 -1.90104902e-01 -3.14644456e-01
 -3.17463845e-01 -1.30728632e-01 -6.57792032e-01 -3.59774739e-01
 -3.09588555e-02 -4.71150875e-02 -1.59254432e-01 -5.93736023e-02
 -4.67871338e-01 -2.32516110e-01 -4.49221104e-01  2.52285540e-01
 -1.73445553e-01 -8.41765165e-01  3.82302940e-01  2.62718678e-01
 -1.25296742e-01 -1.19992077e+00  2.47536302e-01  1.70461625e-01
  2.44115233e-01  1.72105312e-01  7.04698920e-01 -3.42238545e-01
 -2.60701954e-01  8.75810459e-02 -2.85531700e-01  2.54745066e-01
 -1.05163517e+01  1.05978079e-01 -4.22578603e-01 -3.99893075e-01
 -3.50487739e-01  3.93149853e-01  6.25632167e-01  5.66282392e-01
 -1.95585936e-01  1.21423393e-01 -3.40548642e-02  9.15949419e-02
 -1.44770285e-02  6.83787882e-01 -5.20783842e-01 -3.06553662e-01
 -2.30557114e-01 -2.15277169e-02 -4.03221026e-02 -2.39191204e-01
  1.14314690e-01 -2.84472644e-01  5.08635998e-01  7.36679852e-01
  5.46224177e-01 -4.08423632e-01 -2.61187971e-01  2.47341441e-03
 -2.02753499e-01  5.91974974e-01 -6.01364851e-01  5.32571316e-01
  3.64352502e-02  3.01084399e-01 -1.52536288e-01  2.52969116e-01
 -4.02831227e-01  6.68329716e-01 -3.90014835e-02  4.04142320e-01
  3.15302551e-01  4.24127430e-01 -2.56795008e-02 -3.04168835e-02
  1.74899265e-01  2.39173710e-01  4.69064713e-01  1.11696711e-02
  5.41832387e-01 -2.42215633e-01 -1.27103299e-01  1.33843392e-01
  6.82288781e-02 -9.43486765e-02  4.55611289e-01 -3.05458643e-02
  6.39403582e-01 -6.74558520e-01 -3.16420607e-02  6.43760711e-02
  3.38028491e-01 -7.73757696e-02  3.83367360e-01  4.44365919e-01
  3.00741434e-01  4.10556674e-01  5.21741688e-01  3.65373969e-01
 -9.13043141e-01 -2.37799183e-01  1.62567645e-01  4.71616268e-01
 -9.50486809e-02  3.25132906e-01 -2.56731838e-01  3.13396513e-01
  3.61466676e-01 -2.95936376e-01  5.50640672e-02 -2.80053783e-02
  2.83950686e-01 -3.02975923e-01  8.33558366e-02  2.40718409e-01
 -6.21874213e-01  4.87202406e-02 -8.32330659e-02 -4.81247865e-02
  2.59869248e-01 -4.46125746e-01  2.38236561e-01  8.38035122e-02
 -5.34437299e-01  5.06531894e-01  4.48012590e-01  1.81824807e-02
 -1.21032991e-01  2.26519614e-01  4.85405922e-01 -2.47120038e-02]"
サ,"[ 6.48852065e-02  7.03525424e-01  4.71259475e-01 -5.47538280e-01
  1.59046471e-01  3.98378938e-01  3.51637304e-01  1.23026282e-01
 -2.36791316e-02 -5.60553074e-01  6.91640377e-01 -1.82065725e-01
 -3.69573385e-01 -4.81643021e-01  5.01200736e-01  2.13964377e-02
  6.06600717e-02 -3.49444240e-01  8.08935091e-02 -4.40633446e-01
 -8.89577985e-01 -5.16568840e-01 -2.66183019e-01 -1.12697050e-01
  5.20015620e-02 -5.65481424e-01  1.07526816e-01  6.08377531e-02
 -2.72094548e-01  1.09412938e-01 -1.46132946e-01 -5.17516971e-01
  1.58073138e-02  2.16582283e-01 -3.97458136e-01  1.42894834e-01
  3.70732784e-01  9.52575803e-02 -8.72540697e-02 -8.91159754e-03
 -1.78627878e-01 -2.46154368e-01 -1.56675205e-01 -2.89727360e-01
 -3.17594945e-01  5.58815479e-01  2.79103786e-01  2.11603582e-01
  3.49331588e-01  2.05476016e-01 -1.15657732e-01  5.24988830e-01
  1.53630912e-01 -6.92296997e-02  2.36809149e-01 -1.02029659e-01
 -1.25966864e-02 -3.04194719e-01 -3.15399706e-01  3.45738739e-01
 -7.24034965e-01 -2.79484242e-01  1.94713280e-01  1.92494970e-02
 -2.23813370e-01 -7.14084730e-02  9.05480701e-03 -1.17216989e-01
  9.39084142e-02 -7.12507546e-01  2.45665506e-01  1.63750336e-01
  4.14535357e-03 -7.42333591e-01  8.38340044e-01 -4.34353292e-01
  4.01309252e-01 -7.71496892e-02  2.78353333e-01  1.19877301e-01
 -3.97254974e-01  5.62397897e-01  1.22871153e-01 -6.20353937e-01
 -1.69597164e-01  2.42013648e-01 -3.80565464e-01 -6.62786305e-01
  3.45268995e-01 -3.59812587e-01  5.76520599e-02  2.00124495e-02
  1.91770032e-01  3.70260924e-01 -1.34176135e-01 -1.51688844e-01
  4.49814230e-01 -5.21264434e-01  1.30199362e-02  3.71496558e-01
  1.53533020e-03 -2.44601384e-01  1.04438558e-01 -1.65181175e-01
  4.10203040e-02  1.10388726e-01 -2.76432276e-01  2.55873948e-01
  1.37467124e-02  1.84370503e-01 -2.21014187e-01 -4.20769125e-01
 -4.75366950e-01  5.86740971e-02  2.19318613e-01  5.20587303e-02
 -2.34473526e-01  5.72899818e-01  2.10268691e-01  1.03446215e-01
  1.41941123e-02  6.29506111e-01 -3.81130904e-01 -2.46828154e-01
  5.90361245e-02  4.16344255e-01  1.49371430e-01 -1.43032014e-01
 -2.41779566e-01 -2.60848761e-01 -3.12812954e-01 -2.84071654e-01
 -2.44613469e-01  1.25942156e-01 -2.89646715e-01  4.50176060e-01
  5.04773594e-02 -3.52998316e-01  1.13899022e-01 -6.54235959e-01
 -1.33767173e-01  3.23209584e-01  3.24869633e-01 -2.07984060e-01
 -9.04217213e-02  2.75806218e-01 -1.10058188e-01 -1.76043496e-01
  4.69163418e-01  3.71321470e-01 -3.15964818e-01  1.18894470e+00
 -9.77653041e-02 -2.36529291e-01  4.28550214e-01  1.52144447e-01
 -4.27527875e-01 -1.24428906e-01 -3.29179853e-01  5.47669291e-01
  1.09668657e-01 -5.16037405e-01 -1.80932403e-01  6.72310293e-01
  1.64470002e-01  4.19158190e-01  5.14015794e-01  5.93434758e-02
 -3.18827242e-01  6.71130180e-01  6.82057679e-01  3.04443717e-01
  9.05157700e-02 -4.31542933e-01  1.52115792e-01  3.78735930e-01
  4.82584625e-01  2.81445563e-01  3.89888361e-02 -3.12768012e-01
 -1.06153563e-01 -3.03414047e-01 -8.86566043e-02 -5.08924544e-01
  1.78575069e-01 -1.68269172e-01 -4.45346795e-02  3.66098762e-01
  1.18671551e-01 -3.54280442e-01  4.91569676e-02 -7.28126764e-01
  2.73617238e-01 -4.56217438e-01 -4.03513163e-01 -3.32028061e-01
 -9.10236090e-02 -1.60996541e-02 -3.16254199e-01  7.65344381e-01
  2.08226442e-01  2.22663477e-01 -4.62109685e-01 -5.03148079e-01
 -7.04046428e-01 -4.17786837e-01  1.92755848e-01  3.25580388e-01
  2.74508834e-01  2.98293412e-01 -1.40111834e-01  7.32503653e-01
  4.36888725e-01  1.04065090e-01  6.63826585e-01  1.11908346e-01
 -5.29434502e-01 -1.58596545e-01  1.36538446e-01 -2.71710515e-01
  1.68289095e-02 -1.43857330e-01  2.23187774e-01  2.19698206e-01
  4.91481006e-01  1.39787018e-01  3.44771683e-01 -2.91718394e-01
  3.47799039e-04  4.66008574e-01 -6.52888238e-01 -5.49850225e-01
 -6.40699267e-01  1.27929106e-01 -6.49453163e-01 -3.09229910e-01
 -2.26405174e-01  5.86145997e-01 -3.01487416e-01  3.05002928e-01
 -1.71601936e-01  5.22212051e-02  2.62980670e-01 -4.79166329e-01
 -4.00644653e-02  3.01657975e-01 -3.86766881e-01 -6.75783679e-02
 -5.16773582e-01 -2.28013545e-01 -7.07644105e-01 -6.66559935e-01
  3.55829746e-01 -4.61296439e-01  8.44811022e-01  4.26307291e-01
  3.71732712e-01 -2.13081673e-01  2.13679045e-01 -4.39565063e-01
 -1.37918234e-01 -4.23471957e-01 -3.56907025e-02 -3.57493088e-02
  6.43920619e-03  5.18430889e-01  1.77977279e-01 -7.04118609e-01
 -8.20468128e-01 -7.47683346e-01  2.89045600e-03 -4.27005917e-01
 -4.48817581e-01 -1.26862684e-02 -1.40586987e-01  2.08228439e-01
 -3.22150171e-01  7.39568472e-01 -5.39633691e-01  2.31612802e-01
 -4.95352089e-01  5.77102244e-01 -4.02023971e-01  8.10956806e-02
  1.58399388e-01  5.33142269e-01 -6.83377147e-01  3.98928970e-02
 -4.10019249e-01  6.16541564e-01  6.22053146e-01 -3.40668768e-01
 -7.22548187e-01  5.85577302e-02 -3.17920953e-01 -2.81351935e-02
  5.41764259e-01  1.81391180e-01 -2.23405108e-01  5.44012249e-01
 -5.67818657e-02 -2.07478311e-02  1.07779898e-01 -1.51588678e-01
 -2.79320955e-01 -6.69250906e-01  4.15550694e-02 -7.70800859e-02
  4.21720058e-01 -2.45931208e-01  1.56357229e-01  6.29200578e-01
 -5.00476956e-01  3.27726454e-01  6.85827672e-01  1.78009003e-01
 -1.34466732e+00 -3.47803831e-02  9.70336378e-01  4.02741618e-02
 -1.42233791e-02  3.64326715e-01  2.37702653e-01  6.11222684e-01
 -3.20216656e-01 -2.53927797e-01  8.57806206e-01  2.86966592e-01
 -3.53852838e-01 -4.95684296e-02  4.07599509e-01 -2.34691605e-01
  1.20644316e-01 -1.43227458e-01 -2.50022382e-01  4.77750540e-01
 -2.25214824e-01 -4.60919030e-02  1.73849121e-01 -6.79776549e-01
 -4.63077009e-01  4.71773237e-01  1.56606995e-02 -4.88553382e-02
 -7.31864274e-01 -3.65110099e-01  3.01570654e-01  1.10267889e+00
  6.13544583e-01  5.63904941e-01 -2.99272597e-01 -5.78055501e-01
  5.96465230e-01  1.50615771e-04  4.02940094e-01 -2.75426984e-01
 -5.33567369e-01 -1.48361996e-01  4.49246019e-01 -6.20859936e-02
 -2.08370313e-01  1.51020363e-01  2.35329941e-01  2.07149833e-01
 -2.61694074e-01  2.41553992e-01  7.68660784e-01  5.04842214e-02
  2.83390254e-01  3.92474920e-01  8.20503294e-01  2.19335154e-01
  1.43007234e-01 -1.70031965e-01 -1.07781634e-01 -4.64503653e-02
  7.00113893e-01  3.85007143e-01  3.88053469e-02  2.07332835e-01
  1.03102028e-01 -8.78358856e-02 -3.71767849e-01 -1.38467491e-01
 -4.57870327e-02 -6.77795529e-01 -6.86381996e-01 -1.38799250e-01
 -1.20216766e-02 -7.04550207e-01  4.73073274e-01  3.41971546e-01
  4.30788040e-01 -5.31537712e-01 -1.25059620e-01  5.03993094e-01
 -1.76398262e-01 -3.41738552e-01 -1.69385582e-01  3.54361773e-01
 -5.93971789e-01 -2.22967491e-01 -2.57781804e-01 -3.57987642e-01
 -3.16711187e-01 -9.47636142e-02 -8.81610334e-01  2.20693976e-01
  1.56133309e-01  5.56351900e-01 -2.49521770e-02  1.05067261e-01
  2.07316682e-01 -1.10191561e-01 -4.43511643e-02 -8.73317719e-02
 -1.36641830e-01  2.70251371e-02  4.36297655e-01  4.53897506e-01
  4.01118547e-01  4.22963232e-01 -1.97619330e-02 -3.55470181e-01
 -2.13236973e-01  2.44985700e-01 -4.82125819e-01 -5.26201785e-01
  7.47960925e-01 -1.56482920e-01  4.60313037e-02 -2.65412003e-01
 -5.34625314e-02  8.03116500e-01 -2.67045736e-01 -1.75648287e-01
 -5.17050028e-02  6.71064258e-02  9.57477838e-02  4.14703816e-01
  3.73381436e-01  9.59229290e-01 -1.59511548e-02  8.13415796e-02
 -6.27298504e-02 -2.35581264e-01  4.48313117e-01 -4.81231034e-01
  2.09117308e-01 -8.79557282e-02  2.81148791e-01  9.07665372e-01
  3.41973573e-01  2.44738191e-01  1.39856592e-01 -1.14559658e-01
 -2.82923520e-01  1.40285790e-01  8.49328220e-01  6.95818588e-02
 -3.92946899e-01 -1.77651234e-02 -4.74189192e-01  1.98056206e-01
 -6.19919263e-02 -5.01796342e-02  4.37217653e-02 -5.34453213e-01
  4.95691419e-01 -4.10655379e-01 -4.85100865e-01 -7.39810586e-01
 -7.04944968e-01  2.71274447e-01 -1.83758855e-01  5.18123545e-02
  4.88727152e-01  4.54407066e-01 -5.84678769e-01  3.87683719e-01
  3.21872056e-01  3.57393831e-01  3.55383009e-01 -3.79998296e-01
 -3.47448796e-01  4.07785267e-01 -8.78432542e-02 -2.30085835e-01
  8.11518729e-02 -7.79503956e-02 -3.45691741e-01 -3.99745852e-01
  9.90882963e-02  8.93566385e-03 -4.58664000e-02 -9.93360579e-02
  1.96768552e-01  2.82615889e-02 -4.26361799e-01 -2.70883530e-01
 -3.11137944e-01  1.78970415e-02 -1.39445350e-01 -5.24506509e-01
 -2.02143371e-01 -1.23284593e-01  5.05717874e-01  4.11226004e-01
  4.57899332e-01 -2.59011388e-01  2.66994417e-01  3.35939407e-01
  5.42337060e-01 -3.52597147e-01 -9.29851979e-02 -2.86421806e-01
 -5.18491387e-01  2.44461909e-01  5.57728350e-01 -3.99972685e-02
 -6.80266693e-02 -5.23167908e-01 -6.83489978e-01 -7.34597668e-02
 -1.04289405e-01 -9.44649816e-01  3.00450414e-01  3.42819601e-01
  5.22377014e-01 -5.12178838e-01  1.71480253e-01 -1.72848389e-01
  4.42137241e-01  1.61882833e-01  2.45924875e-01  2.21804485e-01
 -6.90505624e-01 -1.06625184e-01 -9.04255658e-02 -5.26045501e-01
  7.96223164e-01  4.66599345e-01 -4.81679857e-01  3.22850019e-01
  7.02495575e-01  1.76348478e-01 -4.62830335e-01  1.37234271e-01
 -4.23074573e-01 -2.60591537e-01  1.08638801e-01  4.98605758e-01
  1.53192118e-01  1.12182207e-01 -2.57297605e-01  3.10910214e-02
  6.21003330e-01  5.43195248e-01  2.99308687e-01 -1.11577511e-02
 -9.05102044e-02 -2.91862011e-01 -3.59261155e-01  4.76599544e-01
  3.13599229e-01  9.27524805e-01 -6.94848120e-01  8.27094734e-01
  4.17987198e-01 -3.51679027e-01  5.47586322e-01  8.27581048e-01
 -1.29535213e-01  3.58832538e-01 -3.82195741e-01  6.48860633e-02
 -9.12461519e-01  4.41856310e-02 -2.21253231e-01 -1.43553661e-02
 -1.20179899e-01 -6.09278530e-02  4.01586480e-03 -4.19904470e-01
  2.20407352e-01  2.30938774e-02  4.10899669e-02 -1.94762070e-02
  3.95751148e-01 -4.75532591e-01  7.65454233e-01  3.58244687e-01
 -3.60044986e-01 -1.57360524e-01  1.47609949e-01  8.77888873e-02
  7.88861632e-01 -2.47701049e-01  4.31561410e-01  9.22671258e-02
 -8.84726584e-01  1.00226708e-01  8.95279422e-02 -9.47557390e-02
  6.43715441e-01 -3.26216608e-01 -3.80982012e-01  3.47205490e-01
  9.38326716e-01  2.87590206e-01 -3.56857061e-01 -5.20918727e-01
 -5.70540652e-02 -4.02328372e-01 -3.85965049e-01  2.92511992e-02
  1.27606243e-01  4.22553509e-01 -1.21369891e-01 -4.19671200e-02
  1.57646224e-01  4.03877705e-01  1.31064340e-01  1.15740314e-01
  4.20765020e-02  9.24983174e-02 -2.73703396e-01  1.22083016e-01
  3.15802097e-01 -4.91713166e-01 -1.74496084e-01  7.19657719e-01
 -1.16461284e-01  2.35321566e-01  5.78406751e-02  2.04155892e-01
  1.03044659e-01  1.11952238e-01 -1.83408707e-01 -6.72207594e-01
 -3.49768341e-01  4.40805137e-01 -8.75808716e-01 -1.17407180e-01
  1.08051732e-01  3.65384132e-01  1.02070287e-01 -6.08843146e-03
 -5.85435987e-01 -2.72290111e-01 -1.77197620e-01  3.64187717e-01
 -4.98526663e-01 -6.59672797e-01  6.45488799e-01 -8.88883695e-02
 -4.59713668e-01 -1.22878194e+00  5.89016974e-01  7.76873603e-02
  5.91555059e-01  1.35122418e-01  1.53823718e-01  1.05919868e-01
  2.23764598e-01  3.77426692e-03 -2.17317641e-01  5.81588626e-01
 -1.02896585e+01 -3.00397485e-01 -3.24251980e-01 -7.45515168e-01
 -3.65222842e-01  2.69418508e-01  6.05192363e-01  1.78144068e-01
 -4.92345065e-01  1.49109691e-01 -3.99667203e-01  5.90169504e-02
  1.55871555e-01  1.00437291e-01 -3.68130863e-01  3.06801140e-01
 -3.21902841e-01 -2.93937206e-01 -3.14736694e-01  4.05683368e-02
 -4.04672593e-01 -3.30422372e-01  7.07302928e-01  1.13579541e-01
 -4.77767587e-02 -3.10592890e-01 -5.43449596e-02  9.66573209e-02
 -3.45795631e-01  2.95453578e-01 -3.79869014e-01  5.76226175e-01
 -1.73605904e-01 -1.12764962e-01 -4.58371878e-01 -1.88887537e-01
  4.78667468e-02 -4.94932413e-01 -1.94460616e-01  5.71884453e-01
  4.42748487e-01  6.00157559e-01  3.81390261e-03 -1.24246635e-01
  2.43384108e-01 -1.41740346e-03  1.91264541e-03  4.63049300e-02
  6.04634345e-01 -2.78821349e-01  4.44624096e-01 -2.66278207e-01
  2.37011582e-01 -1.86130553e-01  2.63404369e-01  2.88528621e-01
  7.91618526e-01 -1.00486386e+00 -1.51113421e-01  2.24622712e-01
  1.17757380e-01  1.10612117e-01  1.01274061e+00  8.12015459e-02
 -8.26491714e-02  3.21199447e-01  3.93637121e-01  1.78999379e-01
 -4.70517844e-01 -6.87119901e-01  3.97443473e-01  4.09759700e-01
  1.83875710e-01  1.60238653e-01 -3.04278731e-01  4.77321118e-01
 -5.04228137e-02  3.17943126e-01  1.72936738e-01  1.84958018e-02
  6.55283153e-01 -3.92788082e-01 -2.61824816e-01  1.86970681e-01
 -8.68328035e-01  1.72864348e-01 -1.37730643e-01 -2.82920212e-01
  3.12147856e-01 -7.29880512e-01  3.38896424e-01  1.42414495e-01
 -1.12944044e-01  3.94561291e-01  4.24635291e-01 -2.91074336e-01
 -1.67425960e-01  4.52450275e-01  3.38353097e-01 -4.10437047e-01]"
レ,"[ 2.11790562e-01  3.12147915e-01  1.56239405e-01 -4.62925494e-01
  3.90045017e-01  6.33704841e-01  1.08811867e+00 -5.64637408e-03
 -1.70766532e-01  2.53077507e-01  6.52835608e-01  5.36284596e-02
 -7.73065925e-01 -2.08476856e-01  4.08956826e-01 -1.93083435e-02
  1.95161268e-01 -4.57857430e-01 -2.57242247e-02 -4.03957129e-01
 -5.13635576e-01 -4.37197149e-01 -2.87885010e-01  3.59757394e-01
  1.92466006e-01 -4.33365285e-01 -1.64243922e-01  3.59828532e-01
 -2.01904532e-02 -3.53789479e-01 -3.70608479e-01 -6.53367996e-01
 -8.40082914e-02  4.72385108e-01 -1.64403200e-01  1.47810608e-01
 -4.61415619e-01 -6.33785501e-02  2.76199311e-01  1.68242469e-01
 -2.04160556e-01 -1.32096857e-01 -3.42380077e-01  1.46032572e-01
 -2.51288235e-01  4.13353950e-01  3.87004912e-01  3.07377338e-01
  2.51169115e-01  1.01749063e-01 -1.65935755e-01  5.35423934e-01
  6.02197349e-01  2.14505911e-01  6.72789931e-01 -3.70636135e-02
  5.68251252e-01 -4.53531414e-01  4.94370274e-02  5.92842340e-01
 -8.04089427e-01 -2.66785383e-01  8.47482085e-02  5.41311167e-02
 -1.31178811e-01  3.64593685e-01 -4.00320202e-01  2.56372929e-01
  4.19665754e-01 -7.32927322e-01 -1.02700032e-01 -2.46067911e-01
 -2.20003235e-03 -5.06109774e-01  6.37231410e-01 -4.90771949e-01
  4.08214003e-01 -7.41296187e-02 -1.14414558e-01  2.06918269e-01
  1.20670125e-02  2.96857655e-01 -3.16032529e-01 -1.09711146e+00
 -2.13455111e-01  2.33853862e-01 -1.17373765e+00 -1.17531931e+00
 -3.94072346e-02 -3.73141170e-01  1.85219899e-01 -1.90411940e-01
  4.35625821e-01 -3.77321728e-02  5.28561592e-01 -4.80665490e-02
  3.76573473e-01  1.47235572e-01 -1.90814406e-01 -5.46784066e-02
 -1.79864869e-01 -1.82770062e-02  4.56758618e-01  1.20619118e-01
 -6.94888085e-02  1.79526940e-01  1.03570692e-01  8.89171138e-02
  2.19496906e-01  5.48862159e-01 -4.58923429e-01 -4.54540968e-01
 -3.25635016e-01 -2.90356189e-01  1.37022883e-01 -2.43274197e-01
 -1.39434570e-02  6.21202469e-01 -2.83238292e-01  4.95013028e-01
 -3.10995672e-02  2.13604867e-01 -2.24200655e-02 -4.05663669e-01
  1.09675638e-01  1.83357760e-01  3.71012926e-01 -2.45225817e-01
 -4.35414821e-01 -6.80235922e-01 -7.03988492e-01  2.01055184e-01
 -4.14252132e-01 -1.98510036e-01 -5.41311920e-01  4.76782709e-01
  6.54575527e-02  1.35801822e-01 -2.06374973e-01 -3.62702549e-01
 -8.91103268e-01  5.50651133e-01  4.38832015e-01 -2.73552805e-01
  3.57039243e-01  1.53650001e-01 -1.08367205e-01 -3.01844239e-01
 -2.96181202e-01  3.65690410e-01 -4.61749397e-02  1.08299446e+00
 -8.86420965e-01 -2.87730750e-02  1.13404825e-01  1.90755382e-01
 -8.78477871e-01  8.68647620e-02  1.61097020e-01  2.16070712e-01
  1.83381528e-01  1.90998510e-01  4.24192905e-01  7.58680820e-01
  1.73998281e-01  4.19262707e-01  1.72381356e-01 -4.71206419e-02
  4.60250080e-01  9.33453441e-01  8.02692533e-01  5.90680301e-01
  6.39782727e-01 -2.72129148e-01  3.72003704e-01  4.91988689e-01
  1.08685577e+00 -2.08739191e-01 -4.18818779e-02 -6.68927848e-01
 -1.77817926e-01  5.38549572e-02  2.51314670e-01 -7.79233038e-01
  4.28760499e-01 -1.39289677e-01  4.77126479e-01 -9.00978316e-03
 -3.29728305e-01  2.22734496e-01  9.43627767e-03 -4.76323575e-01
  2.74438173e-01 -6.07636034e-01 -5.66053152e-01 -3.83359306e-02
 -2.29928046e-01  2.98950762e-01 -9.94605124e-01  3.43955100e-01
  2.81170547e-01  3.48459274e-01 -2.54391998e-01 -6.05091989e-01
 -7.90200830e-01 -6.91058576e-01 -3.28721493e-01  5.90669692e-01
  2.16125086e-01  4.58050460e-01 -2.02739686e-01  3.01326998e-02
  1.13393530e-01  5.62979728e-02  6.82333112e-01 -2.00289935e-01
 -2.36324996e-01 -3.91351014e-01  2.05564927e-02 -4.40373242e-01
  3.19210052e-01 -3.49599898e-01 -9.98927746e-03 -4.20623481e-01
  7.27967247e-02  4.09278065e-01  6.04039319e-02 -7.25088894e-01
 -4.53305095e-02  1.21204503e-01 -5.08763850e-01 -3.21923256e-01
 -8.82857144e-01 -4.66342270e-02 -6.77094221e-01 -2.27426693e-01
 -5.28761923e-01  2.71380156e-01 -1.00383714e-01  2.02354625e-01
  2.90312022e-01 -2.93077946e-01  3.58733088e-01 -4.66686547e-01
 -2.53672034e-01  7.41484538e-02 -1.06865931e-02 -1.50152221e-01
  8.24689120e-02  1.69533268e-02 -6.54282510e-01 -5.56208372e-01
  2.80531526e-01 -5.24953485e-01  6.29130185e-01  9.26729441e-01
  2.12974876e-01 -3.86684299e-01 -1.40479237e-01 -2.88277268e-01
 -7.53846824e-01 -6.01349950e-01  1.03062717e-02  3.49313468e-01
  1.73552707e-01 -3.60199332e-01 -1.70882866e-02 -3.89978021e-01
 -8.49648237e-01 -6.78683221e-01  1.21645011e-01 -5.44718921e-01
 -3.87903333e-01 -3.88252020e-01 -6.39475882e-02 -3.94706249e-01
 -5.11833131e-01  7.81625688e-01 -2.74681926e-01  8.12987864e-01
 -2.57096708e-01  5.21027982e-01 -5.01482964e-01 -3.58229369e-01
 -1.58339262e-01  2.93700576e-01 -5.81605315e-01 -6.31688178e-01
 -5.70438147e-01  8.12469661e-01  2.56196409e-01 -4.40510631e-01
  1.52350411e-01 -1.69668958e-01 -1.51950847e-02  6.57054722e-01
  4.60845739e-01 -1.51015133e-01  1.98665634e-01 -5.71198501e-02
  8.23478937e-01  2.07625404e-01  2.60527611e-01  1.41267627e-01
 -2.33722225e-01 -1.79886833e-01 -4.09681976e-01  2.39389837e-01
  5.92723012e-01 -6.54698193e-01  2.64564067e-01  6.65835500e-01
 -7.61334956e-01  2.99999505e-01  6.03593469e-01  4.40113693e-01
 -1.74230647e+00 -2.08247915e-01  4.11691397e-01 -2.18686476e-01
 -4.67979968e-01  4.47311580e-01  4.50253218e-01  7.44841516e-01
 -5.64385235e-01 -5.38400114e-01  1.08515155e+00  2.08265528e-01
 -3.98362309e-01 -2.84172446e-01 -2.71444231e-01  1.41183719e-01
  4.09434795e-01 -4.37738210e-01  1.24744058e-01  5.90748489e-01
 -6.01208389e-01 -2.03941509e-01 -2.87634075e-01 -4.80963409e-01
 -2.62211673e-02  7.63347030e-01 -7.54665509e-02  5.89029372e-01
 -2.06197560e-01 -1.38684109e-01  2.51260161e-01  1.26485646e+00
  5.82103789e-01  9.37070131e-01 -4.06178564e-01 -6.91404760e-01
  4.05639559e-01  2.79361814e-01  1.42325491e-01 -6.55316055e-01
 -3.59991714e-02 -2.83814464e-02  2.44900599e-01  1.19050898e-01
 -3.28858078e-01  2.84518689e-01  5.11830151e-01  2.19289780e-01
 -2.33976275e-01  2.86750615e-01  1.06900609e+00 -1.21941626e-01
  2.69066602e-01  3.37108433e-01  4.46323216e-01  4.31613386e-01
 -5.12827151e-02 -4.48308259e-01  2.96298474e-01 -5.64652562e-01
  4.48917717e-01 -1.90751746e-01 -2.69841373e-01 -4.24539857e-02
 -1.35695472e-01 -4.08144474e-01 -6.40518814e-02 -5.69630146e-01
  3.33210021e-01 -5.20815074e-01 -6.19455874e-01 -3.63946736e-01
  2.95442313e-01  2.60435045e-03  6.86691821e-01  1.07836270e+00
  3.76238257e-01 -8.40712011e-01 -5.07274330e-01  2.69872755e-01
 -7.40011930e-01  3.48720223e-01  2.92439133e-01  5.26220083e-01
 -1.46135643e-01 -3.23804498e-01 -6.99282467e-01 -4.24319774e-01
 -1.00188851e+00 -6.89015761e-02 -4.80664849e-01 -1.32868499e-01
 -1.87674150e-01  7.84283876e-01  3.77273299e-02  1.31311953e-01
  3.74370724e-01  2.35737562e-01 -6.33470654e-01 -6.37345314e-01
 -5.29601276e-01  2.66539037e-01  4.46591377e-01  4.13009435e-01
  9.35427696e-02  5.24656892e-01  3.60433251e-01 -4.25687172e-02
 -1.10221570e-02 -5.92614971e-02 -5.06973788e-02 -4.68889147e-01
  3.95512402e-01 -3.82778645e-01 -1.10836163e-01  4.71593887e-01
 -1.80875406e-01  1.09324825e+00 -7.88529310e-03 -2.66083121e-01
  2.14231595e-01  3.94428186e-02 -3.39678556e-01  9.83330548e-01
  1.91027910e-01  6.93450511e-01 -1.56026751e-01  4.66009766e-01
 -1.68740615e-01 -1.36379644e-01  2.89318502e-01 -5.63642085e-01
 -1.79401845e-01 -2.32059769e-02  1.53800517e-01  1.24000978e+00
  2.16638684e-01  4.75354567e-02 -2.21421555e-01  1.91967785e-01
 -8.71589184e-02  5.17838478e-01  1.64071806e-02  8.22151229e-02
 -3.61091226e-01  3.84118736e-01 -3.54102761e-01  3.14372778e-02
  4.43949178e-02  1.30570307e-01  2.44209960e-01  1.80386201e-01
  5.13420045e-01 -7.06629395e-01 -6.80223227e-01 -3.78711283e-01
 -1.31094873e+00 -9.61420834e-02 -8.00831974e-01  4.02071595e-01
  3.25710654e-01 -1.60698395e-03 -6.92893386e-01  7.90025234e-01
  2.71647990e-01  2.06939697e-01 -3.80356349e-02 -4.02706206e-01
 -5.26985705e-01  1.13552645e-01 -2.24539846e-01 -2.60666847e-01
  2.76364952e-01 -2.63771206e-01 -8.33178759e-01 -7.69113898e-01
 -1.42383292e-01 -4.96436387e-01  2.64447421e-01 -4.33224589e-01
  3.28410834e-01  5.42612433e-01 -9.38507378e-01  7.11900219e-02
 -3.31252277e-01  1.20897647e-02 -4.63244654e-02 -5.59325635e-01
  1.61403492e-01 -2.11348832e-01 -1.16198711e-01  9.56927776e-01
  1.27268028e+00 -1.53821990e-01  2.98032211e-03  6.46416366e-01
  4.68276858e-01 -1.48246452e-01  1.67837664e-01 -5.86160384e-02
 -7.77111426e-02 -1.36144102e-01  4.18100566e-01  3.95189852e-01
  4.98411685e-01 -1.01971865e-01 -9.67411876e-01 -3.02570164e-01
 -2.82127056e-02 -7.61660874e-01  8.48079741e-01  1.49477154e-01
  5.74199378e-01 -5.65008640e-01  2.55076796e-01 -7.17981756e-01
  6.53414503e-02 -3.38440329e-01  7.42141068e-01 -1.51932612e-01
 -1.04733407e+00 -3.78960431e-01 -3.38416129e-01 -6.56064034e-01
  1.15195918e+00  2.97550470e-01 -5.31781554e-01  2.55158365e-01
  4.73155648e-01  5.87594211e-01 -1.61969066e-01 -2.60976464e-01
 -6.07911706e-01 -1.74270698e-03  5.69970489e-01  1.86057240e-01
  1.89609990e-01  2.32887164e-01 -2.60109603e-01 -3.14332336e-01
  9.24727798e-01 -1.06491365e-01  2.15405792e-01  1.57620443e-03
 -1.40528515e-01  2.64834464e-01 -3.59886736e-01  1.25120774e-01
 -1.51385283e-02  3.54250163e-01 -3.90069842e-01  8.11315775e-01
  6.53498530e-01 -2.98208266e-01  1.15145974e-01  1.21756446e+00
  2.15686724e-01  8.10126424e-01 -9.30581689e-02  1.70218095e-01
 -1.07148409e+00  3.22002560e-01 -2.50449870e-02 -3.08299571e-01
  3.45678963e-02  3.35915893e-01 -5.97240590e-02 -7.91508332e-02
  1.83592528e-01 -5.30821010e-02 -4.85626757e-02  8.92215788e-01
  6.28977939e-02 -5.88202000e-01  8.48995626e-01  2.75404096e-01
 -5.14001846e-01  1.32637694e-01  5.38741909e-02  7.39607275e-01
  7.34033346e-01 -8.87859836e-02  5.72359920e-01 -3.43440711e-01
 -9.11301970e-01  3.25283855e-01 -3.19748878e-01  2.64806688e-01
  6.55352116e-01 -8.62215042e-01 -2.80593604e-01  5.22382438e-01
  3.25566441e-01 -1.45460561e-01 -4.46990699e-01 -8.11535060e-01
  1.60925388e-01  1.23084284e-01 -4.95300621e-01  2.15020292e-02
  2.96721846e-01  9.40444529e-01  3.57534975e-01 -3.53697807e-01
  2.37445027e-01  5.37648380e-01  1.12892590e-01 -2.52233088e-01
  6.98895827e-02  5.08544855e-02  2.92694837e-01 -1.91583142e-01
  1.01325643e+00 -1.81537628e-01 -3.18529636e-01  4.01400715e-01
 -4.61487442e-01 -3.35044116e-01  2.22076222e-01  3.51487756e-01
  4.88082767e-02 -2.46164948e-01  2.16562927e-01 -3.72650236e-01
 -1.61316410e-01 -2.57273652e-02 -8.78512681e-01  1.48966551e-01
 -1.10783957e-01 -7.34648556e-02  2.12040335e-01 -1.65950194e-01
 -5.67233562e-01 -3.63309979e-01 -1.48784265e-01  2.36909747e-01
 -1.06703007e+00 -3.29795510e-01  9.11358535e-01 -4.60878871e-02
 -4.54724908e-01 -1.18096209e+00  6.42949939e-01 -1.85985178e-01
  5.63629448e-01  3.84793319e-02  3.63342285e-01  2.95556746e-02
  2.43544385e-01 -1.63167957e-02 -4.47826445e-01  1.28145382e-01
 -9.77260590e+00  1.10378549e-01 -2.11438283e-01 -7.28446722e-01
  1.29618287e-01 -3.70057583e-01  7.00108409e-01  7.79978216e-01
 -5.73680699e-01  1.28816161e-02 -2.32107490e-01  1.51225463e-01
  4.53378767e-01  3.11708361e-01 -2.54814327e-01 -3.48427474e-01
 -3.22798729e-01 -2.58097917e-01 -7.22405827e-03 -1.06705673e-01
  8.84802192e-02 -6.27997220e-01  1.16019666e+00 -6.01275265e-02
 -2.13984042e-01  2.70081256e-02 -6.55421615e-01  2.71694750e-01
  2.10449353e-01  2.71274835e-01 -1.05003941e+00  6.97763801e-01
  1.51515856e-01 -1.20972410e-01 -7.65801743e-02  8.32716227e-02
 -1.00773744e-01 -1.84431449e-01 -9.22588110e-01  6.24495208e-01
 -8.83222818e-02  5.16309321e-01  3.37488532e-01  1.38079226e-02
  5.46293259e-01 -6.01533771e-01 -1.60022140e-01  1.80612728e-01
  7.66687691e-01 -3.52241285e-02 -2.13444576e-01 -2.16333881e-01
  1.73329502e-01 -1.14239946e-01  1.53278857e-01 -1.43183187e-01
  3.88860852e-01 -5.07604122e-01  4.85215038e-01  5.22066280e-02
  5.55349886e-01  1.53843284e-01  2.52172232e-01  4.67775911e-01
 -1.82433665e-01  6.69867516e-01 -6.03947453e-02 -1.95523575e-02
 -3.21256250e-01  1.43888779e-02  5.34737468e-01  4.91153777e-01
  3.02569658e-01  1.23411715e-01  2.06503168e-01  4.24642891e-01
 -1.62363812e-01  3.43252271e-01  1.86459780e-01  1.21148631e-01
  5.06132185e-01 -7.59795964e-01  1.33055225e-01  2.47879140e-02
 -1.00066650e+00  4.11822110e-01 -2.99781144e-01 -1.39427539e-02
  2.92196095e-01 -4.11412448e-01  4.69855070e-01 -5.69961779e-02
 -3.11755896e-01 -6.10242784e-02  3.81321520e-01 -7.60421902e-02
  2.16456562e-01  2.93256402e-01  1.02699339e-01 -3.38741601e-01]"
タ,"[-2.99661551e-02  2.35579774e-01  2.16267854e-01 -4.62301165e-01
  1.46502957e-01  1.59057260e-01  4.88843143e-01  3.43817882e-02
  2.31429592e-01 -4.75955218e-01  9.65501428e-01  1.44587487e-01
 -3.04416180e-01  2.18970031e-01  5.76633871e-01 -7.43149146e-02
  1.22966498e-01 -2.05837458e-01  3.06487232e-01 -6.46916866e-01
 -4.75787103e-01 -4.26514417e-01 -3.73811781e-01  3.08984555e-02
  1.09216664e-02 -2.93104202e-01 -3.61434907e-01 -5.65030053e-02
  3.21628079e-02 -3.50589812e-01 -1.99837789e-01 -4.79252517e-01
 -1.99252479e-02  6.12472259e-02 -1.20409250e-01  6.15912259e-01
  1.48660764e-01 -7.46806189e-02 -2.11993039e-01 -2.97742337e-01
  1.13387346e-01 -1.35826588e-01 -6.36355281e-01 -4.45344567e-01
 -2.16307081e-02  6.85872316e-01  2.61787891e-01  1.03010170e-01
  2.79183775e-01  4.58381362e-02 -3.35032940e-01  5.32670803e-02
  1.20524228e-01 -1.07789263e-01 -1.40848160e-01  2.16222078e-01
  2.49952212e-01 -2.18029901e-01  1.12820625e-01  5.73501959e-02
 -7.49453455e-02 -1.90446988e-01  1.85510695e-01 -2.76439339e-01
 -1.08943269e-01 -2.89292574e-01 -1.85147242e-03 -1.42507613e-01
  3.78167368e-02 -5.24221301e-01  1.77446336e-01  5.51392175e-02
  1.34303674e-01 -2.22959772e-01  5.37544012e-01 -6.02257848e-01
  1.93570793e-01 -5.20524643e-02  5.09709895e-01 -1.05174385e-01
 -8.81144702e-02  3.53035271e-01 -1.23251960e-01 -1.02641988e+00
  2.46412903e-01  6.85964823e-02 -4.19943005e-01 -6.87328100e-01
  4.39353973e-01 -2.58307606e-01  1.43659532e-01 -1.16709851e-01
  1.21523656e-01  2.03724787e-01 -1.73979446e-01 -3.89984041e-01
  1.05054297e-01 -4.06380087e-01 -2.28427779e-02  9.06861573e-02
 -1.99103817e-01 -1.66494742e-01  2.53965884e-01 -8.31622109e-02
 -2.95609951e-01  7.66281486e-02 -1.89088240e-01  2.16593280e-01
 -1.05295256e-02  1.92863315e-01 -2.46624053e-01 -7.36581922e-01
 -6.68454885e-01  1.53523594e-01  1.62854731e-01  1.69706754e-02
 -4.62951362e-01  3.33336711e-01 -2.92251855e-01  3.58274668e-01
  3.38005960e-01  4.42474961e-01 -2.91267037e-01 -3.03502560e-01
 -3.53537560e-01  3.23735535e-01  2.82929122e-01 -9.15389434e-02
 -1.75312623e-01 -4.67682272e-01  1.64385363e-01  1.34649038e-01
 -4.42312837e-01  9.67956036e-02 -1.39187291e-01  6.48608625e-01
 -3.97078618e-02 -1.59846812e-01 -2.53886968e-01 -6.38386071e-01
  7.89156705e-02 -8.54528099e-02  2.54754603e-01  9.89833549e-02
 -3.24334204e-01  1.43080607e-01 -2.32915238e-01 -3.56462330e-01
  1.02784388e-01  2.76890486e-01 -3.18893880e-01  8.76443386e-01
 -2.85117447e-01  6.30542263e-02  5.69943249e-01  3.91576618e-01
 -3.98441225e-01  2.92969435e-01  2.51048923e-01  3.46937567e-01
  4.38345283e-01 -2.63639092e-01  1.75802618e-01  6.37234390e-01
  6.20617568e-02  4.89996850e-01  2.63442606e-01  1.88494578e-01
  1.00585274e-01  5.90886295e-01  5.55005610e-01  7.33949602e-01
  3.01001310e-01 -3.43335152e-01  5.00806533e-02  2.68896341e-01
  4.46986854e-01  2.31619105e-01  3.13695908e-01 -5.93590736e-01
 -6.11111848e-03 -2.24852040e-01  2.15833895e-02 -6.38685599e-02
  2.72835732e-01 -3.05014640e-01 -1.88641906e-01  4.10682037e-02
 -1.33700579e-01 -1.17594734e-01  1.64533272e-01 -3.79234791e-01
 -1.36827324e-02 -4.53405052e-01 -1.51211515e-01 -7.35498369e-01
  2.08937928e-01 -2.01926902e-01 -1.95111409e-01  6.64365649e-01
 -8.06749389e-02  1.93651304e-01 -1.68233156e-01 -5.78627706e-01
 -8.63688767e-01 -5.78569829e-01 -1.07736632e-01  7.04155922e-01
  5.88181317e-01 -7.45659769e-02  1.79060221e-01  5.25111556e-01
  2.50659406e-01  4.12462294e-01  1.57410830e-01  3.48495960e-01
 -3.53809148e-01 -4.02734399e-01  5.56166053e-01 -3.23269120e-03
 -5.00005744e-02 -5.67764267e-02  5.39637566e-01  2.04771265e-01
 -2.07519755e-01  5.01338005e-01  2.38741606e-01  1.70733929e-01
  6.99376762e-02  7.66363382e-01  1.18161114e-02 -5.86142182e-01
 -8.61167014e-01 -1.38440445e-01 -6.18503392e-01  2.19616920e-01
 -4.59072590e-01  6.19849443e-01 -4.46947105e-03  2.17116296e-01
  3.87898088e-01 -2.12497994e-01  1.40855059e-01 -7.15549588e-01
 -2.68750787e-01 -6.20127320e-02  1.47290947e-02 -8.14034939e-02
 -1.75518453e-01  2.29930595e-01 -6.10323489e-01 -6.31057501e-01
  1.71859533e-01 -4.53166574e-01  7.35765338e-01  2.59308606e-01
  1.98752582e-01 -1.23523995e-01  3.81315440e-01  5.03578298e-02
 -1.35161996e-01 -7.68967330e-01  3.92617434e-01 -6.43246844e-02
 -4.20342356e-01 -2.33181566e-02 -8.91819522e-02 -5.95490873e-01
 -4.39379811e-01 -3.94754142e-01 -1.84425384e-01 -3.75927567e-01
 -5.30730367e-01  2.09036112e-01 -1.57520652e-01  7.15329424e-02
 -1.29061699e-01  4.82911676e-01 -4.35601532e-01  2.91576117e-01
 -7.29819953e-01  3.35105658e-01 -6.40949190e-01 -9.48633403e-02
 -6.31974414e-02 -3.41346890e-01 -4.44250852e-01 -3.95514250e-01
 -1.38266921e-01  5.76125264e-01  2.62405366e-01 -1.72705904e-01
 -5.69435418e-01  1.49088740e-01 -2.58043766e-01  1.36819229e-01
  4.62164849e-01  1.36330351e-01 -1.63418509e-03  3.11880618e-01
  4.15723115e-01 -1.28348678e-01  2.41879076e-02 -1.07980743e-01
 -1.69175193e-02 -8.13083231e-01 -6.53277189e-02 -1.74520656e-01
  3.46210748e-01 -3.70300412e-01 -1.86801478e-01  6.85641587e-01
 -4.23173457e-01  5.92816889e-01  1.72281384e-01  2.52265394e-01
 -1.44581926e+00  3.85023117e-01  1.90219432e-01  2.97844350e-01
  8.77886042e-02  1.45401657e-01  1.11027993e-01 -5.74938990e-02
 -6.78434014e-01 -7.60268331e-01  7.41028190e-01  4.46878314e-01
 -2.33668759e-01  2.00399145e-01  4.54014122e-01 -1.06233016e-01
  2.08326623e-01 -2.76969552e-01 -3.36054385e-01  3.22804064e-01
  4.57792461e-01 -4.67718914e-02  2.76760478e-03 -4.14963007e-01
 -6.25007808e-01  5.21641970e-01  1.65115684e-01 -3.09191048e-02
 -8.05808425e-01 -3.20819281e-02  5.92415571e-01  8.43997777e-01
  3.92516553e-01  6.69855714e-01  2.77556330e-01 -3.47468078e-01
  5.76897085e-01  5.22862792e-01  4.86821592e-01  3.57853249e-02
  1.69018611e-01 -3.01421285e-01  4.69983786e-01  2.59584159e-01
 -1.95665166e-01 -5.30209802e-02  3.26360971e-01  3.86536181e-01
 -4.39108610e-01 -8.63753352e-03  6.73512280e-01 -5.43981791e-02
  3.62797439e-01  5.08806467e-01  8.52006793e-01  9.19913948e-02
 -1.24715783e-01 -4.45874661e-01  3.89481150e-02 -4.72150475e-01
 -4.64070290e-02  2.49437928e-01  6.43545926e-01  1.80078059e-01
 -3.93484175e-01 -4.67068553e-01 -3.88526499e-01 -4.55216765e-01
  2.36079320e-01 -3.04135948e-01 -5.05308151e-01  1.08156547e-01
 -3.48840982e-01 -2.52555817e-01  5.02934605e-02  2.95357853e-01
  4.80964005e-01 -4.88614053e-01 -2.77517438e-01  1.84798762e-01
 -1.73088774e-01 -9.53997746e-02  1.68650150e-01  6.75341263e-02
 -2.79203564e-01 -3.37671582e-03 -3.07510078e-01 -4.16349381e-01
 -1.23659872e-01 -1.28648296e-01 -7.28284359e-01  3.61377001e-01
 -3.37164178e-02  3.18481117e-01 -1.11765340e-01  2.12363601e-01
 -5.79021797e-02 -6.12405641e-03 -6.83400095e-01  2.51117557e-01
 -5.14046490e-01  5.09802341e-01  2.02501014e-01  3.70196730e-01
  2.70219278e-02  2.29741096e-01 -1.73004437e-02  2.23613024e-01
 -5.74088037e-01  1.03956148e-01 -3.94132435e-01 -1.11431397e-01
  5.26212454e-01 -6.53336525e-01  3.76909375e-01  1.18666455e-01
 -5.49459457e-01  7.20542371e-01 -3.26295465e-01  2.80928705e-02
 -1.27219662e-01  3.66679519e-01 -4.74165112e-01  1.33520305e-01
  5.62403500e-01  8.15480411e-01 -3.18196118e-01  4.57316011e-01
  2.00192392e-01 -1.78305805e-01  5.11981130e-01 -3.31428885e-01
  4.66658995e-02  6.66111999e-04  9.05242860e-02  4.37036812e-01
  1.26744494e-01  4.23158169e-01  2.31924251e-01 -5.15421033e-02
  2.10968688e-01  1.31144881e-01  3.46457288e-02  2.26193637e-01
 -4.26744789e-01 -5.13709113e-02 -1.42823681e-02 -1.93165302e-01
  1.01279892e-01 -5.32419123e-02  6.21730506e-01  2.30820462e-01
  3.73899966e-01 -3.55054617e-01 -5.41763544e-01 -3.83245200e-01
 -9.60799813e-01  1.31556511e-01 -7.90663213e-02 -1.63276196e-02
  6.90846264e-01  5.88578545e-02 -7.22112656e-01  2.35836729e-01
  2.72128489e-02  2.91976184e-01  4.03083205e-01 -2.15442598e-01
  7.09559470e-02  3.98972124e-01 -1.26126707e-01  1.62863761e-01
  1.12107601e-02 -3.19076516e-02 -1.29413649e-01 -7.25190401e-01
 -7.46306777e-02  9.69066843e-03 -1.38259888e-01  4.86339219e-02
 -4.86963317e-02  5.17931938e-01 -3.24877322e-01 -4.77065593e-01
 -2.66946048e-01 -9.78841260e-02 -1.59749001e-01 -5.27204216e-01
 -8.82906318e-02 -2.66705990e-01 -3.70777920e-02  5.53722858e-01
  1.26212314e-01 -1.79925904e-01  3.51804793e-01  8.11239600e-01
  3.29001725e-01 -2.76133955e-01 -1.77328452e-01  2.83513945e-02
 -2.39449125e-02  1.81579497e-02  3.36701691e-01  1.05576985e-01
 -5.92071339e-02 -2.49660667e-02 -6.41791821e-01 -3.77359599e-01
 -4.98495139e-02 -1.00686407e+00  7.86765099e-01  1.42199829e-01
  3.27162951e-01 -5.91947615e-01 -4.25616086e-01 -5.56285195e-02
 -9.50140357e-02  6.57174364e-02  3.92176419e-01  2.68515050e-01
 -4.43358719e-01 -1.54498905e-01 -6.50962949e-01 -7.22716451e-01
  2.66091764e-01  5.06580889e-01 -4.47363377e-01  7.18003884e-02
  3.01400125e-01  9.06874165e-02 -8.54358301e-02 -1.14973076e-01
 -2.02326894e-01 -3.82802844e-01  3.16183567e-01  3.47123623e-01
  2.67594904e-01  3.91975075e-01  1.17510473e-02  3.49306107e-01
  4.06838328e-01  6.52106583e-01  6.77609265e-01  2.06728265e-01
 -2.95980304e-01 -3.38719860e-02 -3.01791042e-01  2.97948092e-01
  3.51940691e-01 -6.79865256e-02 -8.16438615e-01  1.29637510e-01
  3.59595239e-01 -4.22446281e-01  3.53436232e-01  4.15180892e-01
  4.23547804e-01  5.95414937e-01 -3.82038802e-01 -7.82274976e-02
 -7.61259735e-01  1.75590232e-01  1.18746981e-01  2.82905460e-03
 -3.04479867e-01  3.16141918e-02  9.14571509e-02 -4.56850737e-01
 -2.21329153e-01  2.10730210e-01  2.45994300e-01  1.57623172e-01
  3.49374592e-01 -4.12948579e-01  5.97092390e-01  4.30367559e-01
 -2.68079549e-01 -2.92229682e-01 -1.48793817e-01  2.31118336e-01
  4.30457860e-01  1.59084797e-01  3.57093871e-01 -3.77342790e-01
 -8.44543278e-01 -2.18009446e-02 -1.30999135e-02  2.65737385e-01
  7.06270576e-01 -8.16599965e-01 -4.97601070e-02  5.13370395e-01
  8.08049083e-01 -5.22131585e-02 -2.97910810e-01 -5.25259852e-01
 -1.88427538e-01 -1.35287687e-01 -3.31186384e-01  3.62425178e-01
  4.46477719e-02  5.87640524e-01 -3.18144932e-02 -1.16054967e-01
 -1.95367426e-01  8.12337279e-01  4.07300919e-01  6.72218297e-03
  2.08169505e-01  3.49424258e-02 -4.43483621e-01 -7.18753934e-02
  2.72153318e-01 -3.70367467e-01 -1.54869959e-01  1.74514607e-01
 -3.93838197e-01 -1.14709832e-01 -1.86655268e-01 -5.02172261e-02
  3.51100236e-01 -1.54087305e-01 -4.24016178e-01 -3.41828108e-01
 -5.34637272e-02  3.64018321e-01 -8.19524467e-01 -1.77215248e-01
 -2.28437096e-01  1.85579330e-01  4.22203019e-02 -1.65699080e-01
 -4.80414540e-01 -5.62826455e-01 -4.52997953e-01  1.40648350e-01
  1.40121818e-01 -4.81932133e-01  4.71815914e-01  1.96079716e-01
 -1.48388878e-01 -1.19142509e+00  4.96811807e-01  1.02793932e-01
  7.11098373e-01 -2.55843937e-01  3.21620345e-01 -1.03126299e-02
  1.24622777e-01 -1.62571281e-01 -4.50742304e-01  6.66210949e-01
 -1.04435930e+01 -3.57222646e-01 -5.08106053e-01 -1.70224175e-01
 -3.90432179e-01  4.77056652e-01  1.89552546e-01  4.22308922e-01
 -4.48839180e-03 -6.46698475e-02  6.86290264e-02  1.07366987e-01
  1.40162811e-01  1.49776787e-01 -2.20811665e-01 -7.43995681e-02
 -3.73730332e-01 -2.49499276e-01 -6.55974090e-01 -6.84830919e-02
  1.96705148e-01 -3.56589913e-01  2.96620339e-01  3.35487694e-01
  1.99687496e-01  7.04082847e-02  3.58760089e-01  5.80973513e-02
 -3.10387552e-01  5.27437508e-01 -9.37580168e-02  2.01940879e-01
 -1.02422178e-01  2.93562889e-01 -5.40420711e-01  2.52985451e-02
  9.93592367e-02 -1.66584421e-02 -2.29644433e-01  5.84807038e-01
  2.08952114e-01  4.40937787e-01  3.92607786e-02 -2.71267653e-01
  3.37653905e-01  3.44211668e-01  2.34188393e-01 -8.45958963e-02
  4.30568844e-01  7.24609494e-02  8.71606618e-02 -1.99142188e-01
 -1.00829452e-01  3.45502868e-02  1.31053835e-01 -3.51088084e-02
  3.42283726e-01 -8.66864383e-01 -1.78458676e-01 -9.74012390e-02
  2.31044665e-01  8.35519806e-02  1.22753024e+00  3.87448698e-01
  5.01337796e-02  2.66884863e-01  2.13528678e-01  2.18898375e-02
 -4.01895314e-01 -3.08612972e-01  4.91428465e-01  2.12013632e-01
 -2.32747510e-01  1.83431536e-01 -8.17566887e-02  5.74736416e-01
  3.35067958e-01  1.57740995e-01  2.36426964e-01  1.89588703e-02
  5.00497401e-01  1.82547957e-01  5.91266863e-02  2.70417303e-01
 -7.46211171e-01  2.68312404e-03  3.72308880e-01  1.89852014e-01
  4.80819434e-01 -5.40397644e-01  6.07325137e-01 -3.68746966e-01
 -2.22947985e-01  4.32999194e-01  3.82213861e-01  5.22193760e-02
  4.58044559e-02  1.62065029e-01  4.00699943e-01 -5.65884411e-02]"
キ,"[ 8.95541534e-03  1.93943679e-01 -2.19393417e-01 -8.92130435e-01
  2.42650047e-01  8.09080482e-01 -6.46168832e-04  2.05910534e-01
  1.10375106e-01 -4.96003240e-01  9.61736321e-01  3.43844235e-01
 -8.60624686e-02 -3.22288632e-01  7.87273169e-01 -2.82382250e-01
  1.62315413e-01 -2.04620451e-01  1.29165396e-01  1.35729909e-01
 -5.59301555e-01 -7.71651804e-01  4.71532978e-02  5.98602355e-01
  3.54917258e-01 -5.78055680e-01  2.48704970e-01  2.21687809e-01
 -1.11314997e-01  1.56763837e-01  6.53873309e-02 -5.54898620e-01
  6.57591000e-02 -4.08096582e-01 -1.88163891e-01  5.68439662e-01
  1.58004373e-01 -1.12947980e-02 -6.64695054e-02 -2.63184607e-01
 -1.66061565e-01 -1.19715571e-01 -1.67684168e-01 -3.76225561e-01
 -2.97118813e-01  3.92755568e-01 -2.49987170e-01  5.84943771e-01
  3.31728369e-01  3.25531244e-01 -3.31443280e-01  3.08691591e-01
  5.32747090e-01 -1.73132390e-01 -1.80470288e-01 -5.74593604e-01
  1.86371833e-01 -4.88706082e-01 -1.50947779e-01  3.31200749e-01
 -3.01331311e-01 -2.36292854e-01  1.91156968e-01  1.28126368e-01
 -3.28826338e-01  8.34068581e-02  3.56408060e-01 -8.96729976e-02
 -3.48768085e-01 -3.75455797e-01 -5.94362676e-01  2.97772795e-01
 -2.02980235e-01 -1.20220110e-01  7.73371041e-01 -6.91891074e-01
 -1.58249527e-01  1.30785689e-01  1.29266158e-01  1.79776907e-01
 -2.61399895e-01  3.05765033e-01 -9.99675915e-02 -3.73337835e-01
  1.24599084e-01  4.37534839e-01 -1.94954410e-01 -6.72745228e-01
  1.44924343e-01 -8.80607590e-02  1.11788116e-01  2.10497543e-01
 -9.01843756e-02  2.62070388e-01 -3.07616532e-01 -1.19099766e-01
  1.79402411e-01 -2.00954840e-01  2.89622247e-01  5.20121634e-01
 -1.78588443e-02 -1.17552616e-01  2.64332891e-01 -3.21151242e-02
 -1.85805157e-01  3.74532938e-02 -5.32194197e-01  4.01904404e-01
 -5.88168092e-02 -4.00046796e-01 -4.04437035e-01 -1.29484117e-01
 -3.23006064e-01  3.37711692e-01 -1.51133491e-02  4.91504550e-01
 -3.58000785e-01  7.89115205e-02 -5.35848975e-01  6.66496634e-01
  2.89223343e-01  2.27232218e-01 -2.35034198e-01 -1.88314974e-01
 -3.74681950e-02  4.13669527e-01 -5.03701806e-01 -1.58473641e-01
 -2.87291557e-01 -3.90068710e-01 -3.34778786e-01  5.66991605e-02
 -5.14350951e-01  1.79104745e-01 -4.27209646e-01  2.67672092e-01
 -8.89261079e-04 -1.19334877e-01 -3.42761911e-02 -3.69829506e-01
  6.14160895e-01  3.06377765e-02 -3.20189357e-01  2.11317345e-01
  4.61371541e-02  3.98370087e-01 -2.14113176e-01 -6.93280876e-01
  7.19506264e-01  3.67898166e-01 -5.48111618e-01  6.06311381e-01
 -7.24916577e-01 -1.17251009e-01 -1.63594902e-01 -7.41870552e-02
 -3.89509290e-01  3.95639062e-01 -1.36247858e-01  5.22060752e-01
 -3.88469547e-01 -6.50954366e-01 -9.05016065e-02  4.57758069e-01
 -7.45252073e-02  6.84095860e-01  1.85122505e-01 -9.91550237e-02
  3.36494744e-01  6.37281060e-01 -4.53508161e-02  5.29571354e-01
  1.63416564e-01 -4.52313751e-01  4.46202680e-02  3.80010456e-01
  2.84567654e-01  1.25498787e-01  5.07377148e-01 -4.64139074e-01
  2.48077974e-01 -3.82289618e-01 -1.00916103e-01 -6.63088441e-01
  3.79759163e-01  8.46238807e-02 -1.31826878e-01 -7.38795400e-02
  4.52208519e-01 -4.92566936e-02 -4.89292353e-01 -2.39758313e-01
  4.08961117e-01 -3.73908579e-01 -3.14192352e-04 -2.21018270e-01
  1.85947537e-01 -6.73991561e-01  1.74583882e-01  2.20360518e-01
  3.80732268e-01 -5.70086055e-02 -1.23728894e-01 -4.59577829e-01
 -1.14833128e+00 -1.46083161e-01  7.01409936e-01  8.36838424e-01
  7.83072561e-02  3.08049113e-01  1.53777620e-03  5.98541617e-01
  5.87440908e-01  1.81283072e-01  1.90099686e-01  3.73004861e-02
 -1.21875815e-01  1.01458222e-01  5.28168917e-01 -4.94313359e-01
  1.74793363e-01 -2.83659756e-01  9.85108018e-02  2.78705657e-01
 -1.97782189e-01  2.92181432e-01  4.31199640e-01 -2.28194132e-01
 -3.46764296e-01  7.51405716e-01 -8.00013483e-01 -3.45087945e-01
 -9.34791565e-03  2.90069640e-01 -9.35361981e-01  6.39275670e-01
 -2.49227002e-01  1.08282909e-01 -4.89022613e-01  3.59387398e-02
  1.80134073e-01 -3.58527958e-01  1.10484406e-01 -6.22185171e-01
  1.22851543e-01  2.16117829e-01 -1.65604912e-02 -5.91867805e-01
 -6.22704566e-01  2.14903783e-02 -5.29885411e-01 -3.63920033e-01
  7.63952255e-01 -5.79501092e-01  7.76230633e-01  3.47670943e-01
  4.01907474e-01 -4.65738088e-01 -1.66949853e-01 -2.76027799e-01
  1.19352832e-01 -9.02114153e-01 -1.91264972e-01 -5.95059931e-01
 -1.17213301e-01  1.43087864e-01  1.23377241e-01 -7.68889785e-01
 -7.35463500e-01 -1.78938970e-01  2.60366052e-01 -4.21660766e-03
 -3.10383588e-01  1.65979624e-01 -3.10154855e-01  2.52922773e-02
 -1.00762486e-01  2.14290395e-01 -6.00286424e-01  7.24116042e-02
 -8.21164668e-01  1.79350212e-01 -5.73020160e-01  2.57498711e-01
  3.91078740e-01 -4.62004170e-02 -8.76006931e-02 -9.75300372e-02
 -1.01646848e-01  3.96740377e-01  5.24923384e-01 -4.80151325e-01
 -7.72374332e-01 -5.56713268e-02  1.36875222e-02 -5.71516752e-02
  3.41343313e-01  2.65776783e-01  4.21169661e-02  1.71055004e-01
  6.34024203e-01  2.79953629e-01  4.70709145e-01 -4.33475703e-01
 -6.73077554e-02 -7.17294872e-01 -4.15428042e-01 -4.80342627e-01
  9.94733274e-01 -2.26152822e-01  2.40361691e-01  1.30219853e+00
 -2.75100857e-01  9.32967961e-02  7.32125103e-01  1.68319442e-03
 -1.43373823e+00  1.74288064e-01  3.82753253e-01  4.13208455e-01
  6.96791559e-02  3.02496344e-01  2.77840614e-01  4.46366459e-01
 -1.16852686e-01 -2.42527783e-01  3.24426562e-01  5.89959919e-01
  4.96654846e-02 -6.17261529e-01  8.24537873e-01  2.25558400e-01
  2.68026531e-01 -7.74688840e-01 -2.02640831e-01  5.43036759e-01
 -1.03259680e-03 -1.04866818e-01  4.13876265e-01 -2.56678700e-01
 -1.03787787e-01  1.20357707e-01  3.50648493e-01  2.90042460e-02
 -7.87934482e-01 -9.09556150e-02  1.30071580e-01  8.85647237e-01
  8.77828896e-01  6.83142662e-01  2.79224873e-01  4.40075062e-02
  1.30308241e-01  5.56677818e-01  2.51294822e-01 -1.22369118e-01
  5.70113584e-02 -4.87337857e-01  1.63743943e-01  4.84549850e-02
  1.15698695e-01 -5.89177966e-01  4.56835628e-01  6.30295813e-01
  5.85559793e-02  8.24226975e-01  3.04629773e-01  4.02407110e-01
  8.29458088e-02  2.38421828e-01  6.34583473e-01  1.95689335e-01
 -3.38089973e-01 -5.31706750e-01  2.16041178e-01  4.93471250e-02
 -2.21853882e-01 -2.58346591e-02  5.46785057e-01  2.58034080e-01
 -4.19097334e-01  1.45868048e-01  3.83677006e-01 -6.16870709e-02
 -2.06575274e-01 -5.55883586e-01 -4.77074146e-01 -6.67674005e-01
 -2.17221990e-01 -7.53665030e-01  1.46900326e-01  1.00456528e-01
  4.13944781e-01  7.50255212e-02 -5.52678525e-01 -1.66114524e-01
 -3.63337815e-01 -4.28478360e-01 -6.71730787e-02  1.91703774e-02
 -2.37083778e-01 -5.20790964e-02 -2.88241416e-01 -4.22892630e-01
 -3.67043942e-01 -2.75505364e-01 -3.14944893e-01  4.82364863e-01
  1.29322171e-01  5.75220883e-01 -1.06219001e-01 -1.53994770e-03
 -2.03370318e-01 -2.99327653e-02 -4.37041968e-01 -1.11680180e-01
 -9.71891463e-01  6.86314583e-01 -8.80109817e-02 -1.89983308e-01
  1.44798771e-01  5.74575961e-01  6.48456514e-01  2.47849390e-01
 -5.98492026e-02 -2.13786483e-01  5.03655113e-02 -5.76078057e-01
  5.63365996e-01 -1.35103062e-01  6.26339018e-01 -2.80535758e-01
  7.55492091e-01  3.44837397e-01 -1.70314535e-01 -1.54609323e-01
  1.70087397e-01  5.62610030e-01  1.59848154e-01  2.57217931e-03
  3.21221769e-01  8.51487637e-01 -2.38462672e-01  3.62996340e-01
 -2.15473220e-01  5.96317589e-01  5.76057315e-01 -2.38859266e-01
  2.66685963e-01 -4.24248368e-01  2.19455481e-01  3.00182253e-01
  5.28793395e-01  1.61605850e-01  4.73580629e-01  4.51240063e-01
  2.98608214e-01  5.37596405e-01  3.15589428e-01  7.14832172e-02
 -3.80567089e-02 -8.04987475e-02 -9.41788375e-01 -1.09886369e-02
 -1.58045277e-01  5.99218979e-02  3.74786913e-01 -5.96284211e-01
 -4.10428904e-02 -6.52371049e-02 -7.64486432e-01 -7.14869380e-01
 -7.93939769e-01 -1.06156580e-01 -2.38705829e-01  8.46536979e-02
  6.28985643e-01  3.57397407e-01 -6.01002336e-01  7.24508762e-01
 -2.20529974e-01  7.52130628e-01  7.96506882e-01 -2.41772056e-01
  3.19433659e-02 -6.06076717e-02  5.57358325e-01  6.81068525e-02
 -2.14915752e-01  3.27474385e-01 -3.37716609e-01 -8.51009607e-01
 -2.49373242e-01  6.90346539e-01 -3.53602916e-01 -4.53097850e-01
  6.91390753e-01 -2.19785050e-01 -4.71114218e-01 -9.46978688e-01
 -1.04230501e-01 -3.89204264e-01 -3.67775112e-02 -9.60398912e-01
 -1.53288156e-01  6.10974543e-02  2.20168903e-02  2.25339964e-01
 -6.60680905e-02 -1.17988609e-01  1.58000574e-01  6.73131466e-01
  4.48967278e-01 -2.16382951e-01  2.88030296e-03 -1.59505308e-01
 -2.22712994e-01  1.85534164e-01  3.29947829e-01  4.37812209e-01
  4.86791693e-02 -8.43349770e-02 -8.43693137e-01 -2.03351736e-01
 -8.15125465e-01 -1.06094337e+00  2.96236780e-02  1.21984212e-02
  6.58005059e-01  8.58059749e-02  6.45452514e-02  8.14585686e-02
  3.75422239e-01  4.35649097e-01 -5.41432574e-02 -1.78277165e-01
 -1.06997979e+00  5.05224407e-01 -3.29275370e-01 -4.73258346e-01
  7.10337520e-01 -6.72724098e-02 -4.04047146e-02  3.41581434e-01
  1.77471966e-01 -4.99029532e-02 -4.52777632e-02  3.67976695e-01
 -1.26280501e-01 -1.78740323e-01 -1.12019606e-01  7.12124705e-02
  6.74707964e-02  1.30537406e-01 -7.87577033e-01 -2.87869394e-01
  4.49710160e-01  5.70153654e-01  2.78291926e-02 -2.57629782e-01
  5.55600971e-02 -1.15658045e-01 -3.25040609e-01  2.39700377e-02
  2.13117972e-01  3.54038686e-01 -6.28237009e-01  4.35430884e-01
  5.32808006e-01 -6.25529170e-01  3.72600853e-01  6.56930566e-01
  4.47987288e-01  3.46437573e-01 -8.26312602e-02  5.27823210e-01
 -1.23149014e+00  4.10891861e-01  4.57226157e-01  1.05139270e-01
  1.89831376e-01  3.74056287e-02  1.29761487e-01 -4.98504668e-01
 -4.48461533e-01  1.29066348e-01 -6.84365034e-02  5.38088500e-01
  3.25291425e-01  3.04066688e-01  5.54421186e-01  8.91184688e-01
 -1.46343544e-01 -4.43869233e-02  2.67165631e-01 -2.79257953e-01
  1.11924231e+00 -2.32369766e-01  2.13255510e-01 -1.60199225e-01
 -8.98679674e-01  3.29925925e-01  3.82203132e-01 -6.39000088e-02
  8.32295418e-01 -2.78939962e-01 -1.83035985e-01  6.64344609e-01
  3.51437956e-01  4.31914032e-01 -4.01126802e-01 -9.30783391e-01
 -1.24653675e-01 -1.89244494e-01 -5.44877350e-02  1.91333622e-01
  1.24964993e-02  2.76572496e-01  2.17395425e-01  7.55365239e-03
  2.29572177e-01  7.33206570e-01  3.26696903e-01  4.63561900e-02
  2.55257100e-01  2.63036601e-02 -5.05064785e-01 -1.24614336e-01
  1.12662509e-01 -2.68405974e-01 -5.11248827e-01  3.90427977e-01
 -1.24957994e-01 -2.79401779e-01  7.73320273e-02 -3.05027574e-01
  2.22876221e-01  7.62445033e-02 -3.17492455e-01 -1.08262193e+00
  2.16517393e-02 -1.38986781e-01 -6.15933299e-01 -1.18479952e-01
 -2.91320443e-01 -2.32399385e-02 -3.37807804e-01 -1.07022107e+00
 -5.51625013e-01  2.23631293e-01 -4.13636625e-01  2.74785906e-01
 -4.48171794e-01 -1.15806162e+00  2.55390227e-01  4.10949588e-01
 -6.42045140e-02 -9.18176949e-01  2.61395842e-01  8.89717713e-02
  3.43686670e-01 -1.95112213e-01  3.49766284e-01 -4.54054743e-01
  1.73809782e-01 -2.47522429e-01 -5.88273965e-02 -1.01371385e-01
 -1.01587448e+01  7.72986338e-02 -3.86676341e-01 -6.97727650e-02
 -3.08672786e-01  5.60729019e-02  5.75469553e-01  5.31388700e-01
 -1.75497159e-01  1.45234063e-01  1.49929151e-01  1.24616005e-01
  1.82425693e-01  2.90618271e-01 -5.00913382e-01 -1.27692640e-01
 -6.55863047e-01 -1.71828374e-01 -5.31716365e-03  2.11136743e-01
  7.47468621e-02  1.51268914e-01  3.46353263e-01  5.56347847e-01
  2.82740265e-01 -4.46914911e-01 -2.93237239e-01  3.20671469e-01
 -3.95900071e-01  4.11026478e-01 -5.48589945e-01  1.10857159e-01
  2.51112282e-02  4.57164526e-01 -3.25433642e-01  1.72176719e-01
 -1.57319322e-01  2.64936805e-01  3.45934123e-01  1.98150381e-01
  2.11577281e-01  1.91264555e-01  2.05551162e-01  5.96089661e-02
  1.44676462e-01  5.31624220e-02  2.10561410e-01  3.79570723e-01
  4.09475684e-01  2.19456945e-02  2.21180096e-01 -4.73943412e-01
  1.43642779e-02 -3.64128202e-01  5.71498513e-01  2.93038070e-01
  5.57545483e-01 -4.73117292e-01 -1.42530426e-01  1.28628194e-01
 -2.56134897e-01  1.46199346e-01  4.61464375e-01  3.11360300e-01
 -1.50301903e-01  4.36743885e-01  3.19429010e-01  3.93048376e-01
 -1.81135491e-01 -3.68356586e-01 -1.54186383e-01  6.00778162e-01
 -4.67477627e-02  7.33655989e-02 -3.31823200e-01  2.22925290e-01
 -7.28904232e-02  5.02280332e-02  1.79950461e-01 -4.04444873e-01
  3.83785553e-02 -4.28325087e-01 -5.95588267e-01  1.08142123e-01
 -8.51407945e-01 -1.60182337e-03  4.26875136e-04  2.68151075e-01
  9.88975726e-03 -6.36322618e-01  3.73881608e-01 -5.47238111e-01
 -4.18695994e-02  4.58674371e-01 -2.13582352e-01 -1.28645852e-01
  1.42740697e-01  8.45728934e-01  4.44111705e-01 -1.45622373e-01]"
シ,"[ 1.63603336e-01  5.61111569e-01  9.63577688e-01 -2.53137738e-01
  2.56172061e-01  3.77693935e-03  6.68121040e-01 -2.36982659e-01
 -4.65715885e-01 -1.55674174e-01  4.12211478e-01 -2.10179478e-01
 -4.99211907e-01  2.61354506e-01  3.42842668e-01  2.63275474e-01
 -1.77709743e-01 -5.32054305e-01  6.49681985e-02 -6.26070611e-03
 -1.25149870e+00 -8.28390598e-01 -1.89384073e-01  6.71663284e-01
  2.07438827e-01 -9.78362501e-01  3.77800345e-01 -2.11091451e-02
  1.04807252e-02 -4.03985888e-01 -5.49396932e-01 -2.47840136e-02
 -1.91635624e-01  5.88911772e-01 -7.29784012e-01  2.90721714e-01
  2.35302493e-01 -5.32673478e-01  3.72516029e-02 -2.32694298e-01
  2.69700229e-01 -3.14180046e-01  1.98765814e-01  4.80454773e-01
  5.27459458e-02  3.14000607e-01  2.15839341e-01  8.33956525e-02
 -2.61348099e-01  2.62496650e-01 -6.32890701e-01  3.62549484e-01
  6.21737957e-01  2.13496968e-01  1.06652446e-01 -3.82269382e-01
  2.38241270e-01 -3.02271515e-01  3.15013081e-01  5.37103832e-01
 -4.60227698e-01 -5.21640889e-02  2.73281813e-01  2.33560175e-01
  4.40126993e-02  4.59627628e-01 -3.10776800e-01 -2.55873173e-01
  1.84489161e-01 -9.53016818e-01 -1.16699925e-02 -2.67543606e-02
  7.59125724e-02 -8.65208328e-01  6.29284382e-01 -1.13531232e-01
  1.74959049e-01  2.80857474e-01  7.98219964e-02  7.07317367e-02
 -8.50631669e-02  2.57181942e-01  5.51892519e-02 -4.44931746e-01
 -8.18901122e-01  9.33475047e-02 -6.96617007e-01 -6.23130858e-01
  3.71504366e-01  4.11418043e-02 -1.95469856e-01 -4.27931309e-01
 -4.14786547e-01  3.39911133e-01  4.86581028e-01  6.07203186e-01
  1.65332884e-01 -3.06674480e-01 -1.96098447e-01  2.70745069e-01
  3.15446079e-01 -1.98801577e-01  4.08902198e-01 -1.61339059e-01
  1.77288413e-01  1.85977116e-01 -3.70616257e-01  1.48716778e-01
  4.08792943e-01  2.12757394e-01 -5.67500591e-01 -1.41534701e-01
 -8.02746654e-01 -3.71534050e-01  1.98545009e-01  3.18036497e-01
 -5.26221037e-01  1.49696767e-01 -2.26424158e-01 -2.63807811e-02
  6.83838204e-02  5.67933559e-01  1.33882046e-01 -8.03805113e-01
  1.47024572e-01  5.01258194e-01  2.98709244e-01 -1.02923319e-01
 -4.27690059e-01 -2.98318058e-01 -5.08204043e-01 -3.89622480e-01
  1.46926427e-02  4.39901382e-01 -6.63587570e-01  5.56197882e-01
  2.44140953e-01  1.97624266e-01  3.07847504e-02 -3.10484916e-01
 -4.37712848e-01 -7.02986568e-02 -6.70259818e-02 -5.50451458e-01
  2.80624270e-01 -2.52366424e-01 -7.73504913e-01 -3.96372974e-01
 -3.38088036e-01 -2.59885877e-01  3.16100307e-02  1.26596892e+00
 -5.36586583e-01 -3.84549797e-01  3.12108517e-01  2.26555511e-01
 -7.50627458e-01  4.07783315e-02 -8.68369360e-03 -1.20559931e-02
  1.46507204e-01 -4.34125006e-01  3.76425385e-01  4.52755094e-01
  6.10721648e-01 -1.43308654e-01  1.21564254e-01 -2.17006564e-01
  8.92624035e-02  3.41462523e-01  8.29442620e-01 -4.34506573e-02
  6.89471722e-01  1.75456047e-01 -8.19169134e-02  3.93725932e-01
  8.95509422e-01 -3.23472381e-01 -2.85314228e-02 -3.22180778e-01
 -2.76332945e-01 -3.61938745e-01  2.55494118e-01 -4.93816763e-01
  6.15046442e-01 -7.14162290e-01  3.50738347e-01 -2.79103369e-01
 -3.05350870e-01 -1.47183865e-01  9.65518579e-02 -3.45172763e-01
  8.85943592e-01 -3.47847521e-01 -5.72144806e-01 -3.34402382e-01
  2.66456336e-01  1.63429365e-01 -5.65876484e-01  2.49374613e-01
  2.16334730e-01  1.26294568e-01 -6.11438192e-02 -6.54739439e-01
 -5.59577346e-01  4.15687710e-01  2.59343386e-01  3.45921442e-02
  1.85577556e-01  8.12051535e-01 -3.64490032e-01  2.77725369e-01
  5.67121744e-01  1.16499767e-01  1.13798089e-01  2.31491864e-01
 -1.07704923e-01 -4.00251538e-01 -8.44152346e-02 -1.93388820e-01
  6.97521329e-01 -3.22067261e-01 -5.72157919e-01  2.38063872e-01
  9.07755271e-02  4.22748774e-01  1.94230005e-01 -1.46908224e-01
 -1.11429714e-01  1.28377765e-01 -9.45113897e-01 -3.79291624e-01
 -8.43826830e-01 -3.37311447e-01 -4.89846915e-01 -6.03349268e-01
 -3.42031807e-01 -1.87918872e-01 -6.26741290e-01 -3.37494574e-02
 -1.44564360e-01 -4.07004058e-01  1.44591808e-01 -3.00484687e-01
 -1.69790462e-01  6.13060147e-02  3.16678523e-03 -3.22889864e-01
 -4.27733690e-01 -3.62180211e-02 -4.87673320e-02 -4.17041361e-01
  2.10702002e-01 -2.12283745e-01  1.03694344e+00  6.47431910e-01
  7.51720965e-01 -5.99120140e-01  4.85574543e-01 -4.26550001e-01
 -3.09426934e-01 -3.62140328e-01  3.36613059e-01  3.46474886e-01
  1.14484623e-01 -7.78585598e-02 -3.50176185e-01 -6.98029697e-01
 -8.47503781e-01 -5.56796730e-01  5.96597314e-01 -1.50695592e-01
  5.54423034e-02 -4.01285052e-01  1.51616141e-01  3.36203933e-01
 -6.12843335e-01  8.59668911e-01 -4.06478405e-01  4.37324733e-01
 -8.02108526e-01  9.65873659e-01 -5.92792965e-02 -8.89306068e-02
 -1.72614858e-01  4.76021051e-01 -8.32711518e-01 -5.10946847e-02
 -7.54189074e-01  9.48963881e-01  3.52217108e-01 -4.52993035e-01
  7.23286346e-02  2.32128352e-01  4.94474359e-02  4.08591211e-01
  4.25799489e-01  2.89515376e-01  4.38592046e-01  1.57430798e-01
  2.88930625e-01  1.98024437e-01 -1.14860736e-01 -3.20596963e-01
  2.44942352e-01 -1.75852269e-01 -2.82983601e-01  5.00118911e-01
  2.65005648e-01 -1.70627415e-01  6.26630843e-01  4.88212436e-01
 -5.54039836e-01  4.73126680e-01  8.14007580e-01  3.70932430e-01
 -1.26522517e+00 -4.62719977e-01  3.85998785e-01  2.01425612e-01
  1.43208772e-01 -2.41515085e-01  4.11659509e-01  5.12628376e-01
 -3.45255584e-01 -3.80812168e-01  1.24181926e+00 -2.67702967e-01
 -3.13587397e-01  1.96126342e-01  3.14073890e-01 -2.26803899e-01
  1.97941273e-01 -6.14944696e-01  1.07354991e-01  6.05356038e-01
 -4.45777863e-01  9.98661444e-02 -7.48908669e-02  2.16349978e-02
 -3.33703101e-01  2.57237405e-01 -7.12485015e-01 -1.46129191e-01
 -8.59092250e-02 -1.52098253e-01 -2.60041326e-01  1.10747290e+00
  4.22103316e-01  8.08546960e-01 -1.01743996e+00 -5.56677103e-01
  9.52742025e-02  1.53047562e-01  2.62036294e-01 -6.84613287e-01
 -5.06963253e-01 -4.78540778e-01  1.73185542e-01 -4.43175822e-01
  2.96869427e-01 -2.47007281e-01  2.77859241e-01  1.82748139e-01
 -4.40009058e-01  3.02606106e-01  6.95116758e-01  1.92022532e-01
  3.09463501e-01  4.28770334e-01  2.22777292e-01  5.44481516e-01
  1.39733464e-01 -4.71071571e-01 -4.70793843e-02 -2.88962960e-01
  6.26677573e-01 -2.03951113e-02 -6.44016981e-01  4.26964521e-01
  3.35068583e-01 -7.75960758e-02 -2.38808498e-01 -6.17244720e-01
  2.93143153e-01 -4.81806278e-01 -1.96176425e-01 -3.97129536e-01
 -7.80908018e-02 -2.53324300e-01  1.00818324e+00  5.93216956e-01
  2.25838467e-01 -7.43759215e-01 -7.36458480e-01  1.43390253e-01
  2.10463963e-02  4.73305613e-01 -6.31350577e-02  2.00848415e-01
 -5.80213703e-02 -3.85002673e-01 -2.80049592e-01 -2.87430823e-01
 -4.90521938e-01 -1.70227587e-01 -3.80782664e-01 -1.47157148e-01
  8.08348581e-02  1.01589811e+00 -8.18671212e-02 -4.37057298e-03
  2.62422889e-01  9.21149552e-01 -3.35390031e-01 -1.73789158e-01
 -7.30690241e-01  3.33568841e-01  4.80212867e-01  2.59432256e-01
  4.18212950e-01  1.95657551e-01  6.45623922e-01 -2.13693246e-01
  1.78742424e-01  5.62320828e-01 -9.52494293e-02 -4.65902001e-01
  5.89449584e-01 -3.53551835e-01  5.18576503e-01  5.02124608e-01
 -2.37696528e-01  5.33088624e-01 -5.82868397e-01 -3.41817796e-01
  1.96036562e-01  4.39268559e-01  1.02159917e-01  7.31368437e-02
  5.08945584e-01  7.32358634e-01  6.20243400e-02  5.34525454e-01
 -1.53113946e-01  2.23901365e-02 -4.30824012e-02 -3.57109845e-01
  3.91505152e-01 -1.26716554e-01  4.57513362e-01  7.47415841e-01
  7.45801553e-02  3.34050059e-02  4.64789659e-01  3.22117567e-01
 -1.32783830e-01  4.43664342e-01 -2.16353476e-01 -8.20769295e-02
 -4.78877872e-01  5.29356718e-01 -4.33604360e-01  6.95783198e-02
 -2.83975571e-01 -6.94778040e-02  3.94160777e-01 -4.52841341e-01
  3.87324691e-01 -5.11859715e-01 -9.78059590e-01 -8.96248102e-01
 -1.04058635e+00 -3.77825201e-02 -6.19799137e-01  1.91784561e-01
  4.33692962e-01  3.37722838e-01 -5.85271358e-01  5.86609483e-01
  5.23256540e-01  4.36906874e-01  2.11797580e-02 -3.00570160e-01
 -3.29498142e-01 -4.39510107e-01 -2.45361894e-01  1.29090101e-01
  1.25719383e-01 -1.49542749e-01 -4.85604465e-01 -3.82494986e-01
 -2.38695383e-01 -1.57915473e-01 -7.22726732e-02 -3.96916449e-01
  2.52207041e-01  3.05159539e-01 -8.78956556e-01  4.76449668e-01
 -2.94450581e-01  4.68497962e-01 -4.81890261e-01 -3.45439583e-01
 -2.33464584e-01 -6.99124783e-02  1.46506466e-02  5.08740425e-01
  5.97614706e-01 -3.36241394e-01  3.17217082e-01  1.04651940e+00
  3.05898547e-01 -6.56388164e-01  2.83049121e-02 -3.90717566e-01
 -8.86869013e-01  5.47399879e-01  1.71412870e-01  5.07201314e-01
  3.82300287e-01 -3.45996581e-02 -7.65721858e-01 -2.35219523e-01
 -1.58159360e-01 -6.66702092e-01  6.33459628e-01 -5.27844906e-01
  6.03116572e-01 -1.00139427e+00  4.27998066e-01 -4.41523343e-01
  6.44017681e-02 -3.05156887e-01  4.91352290e-01 -1.68144673e-01
 -5.52774727e-01 -1.37960762e-01 -4.20004010e-01 -4.03524876e-01
  7.79307544e-01  4.22886670e-01 -6.71458542e-01  7.57039905e-01
  8.81175041e-01  2.14556932e-01  1.86129939e-02 -1.68943759e-02
 -4.29343402e-01  5.67590781e-02  1.42172739e-01 -2.25387812e-02
  6.03763223e-01  5.61386764e-01 -3.29905719e-01 -3.26231331e-01
  8.16208720e-01  1.29227236e-01  4.44275558e-01 -4.90773432e-02
 -5.76477528e-01  1.52885646e-01 -1.82719082e-02 -2.00882480e-01
  3.78912129e-02  7.83524573e-01 -4.60827529e-01  5.39143980e-01
  5.29404819e-01  2.07973700e-02 -1.17460554e-02  1.48646772e+00
 -3.43136042e-01  7.31328011e-01  3.37306947e-01  3.41524363e-01
 -8.93943369e-01  3.84448409e-01  6.33160949e-01  2.41828486e-01
  9.61683840e-02  8.83182585e-02 -3.43893796e-01 -5.76559842e-01
  7.11446762e-01 -8.87278855e-01 -9.04211588e-03  2.59813726e-01
  5.65520227e-01 -1.51020244e-01  8.81471992e-01  5.15365481e-01
  7.14452118e-02  3.47704649e-01  2.73196846e-01  7.52917647e-01
  4.35855448e-01 -9.34442356e-02  7.08543539e-01 -5.22925794e-01
 -6.61077797e-01  5.14232039e-01 -4.63536829e-01 -2.70550586e-02
  9.68362018e-02 -5.85820258e-01 -4.64604139e-01  5.28101861e-01
  5.53121328e-01  3.62198144e-01 -2.89152026e-01 -3.39333653e-01
 -7.22410977e-02  8.00727010e-02 -2.96876937e-01  2.65658528e-01
 -1.76449239e-01  7.62426972e-01  3.61016214e-01  1.73849866e-01
  2.63490468e-01  3.82313341e-01 -9.09759626e-02 -7.05301836e-02
  4.68845516e-01  1.79444313e-01  2.47649342e-01 -3.59204039e-03
  4.73301470e-01  3.41785736e-02 -4.40897405e-01  7.78917253e-01
 -3.33704561e-01 -5.44424772e-01 -2.70071059e-01 -3.57808471e-02
  3.64897400e-01 -1.81391388e-01 -2.01868527e-02 -3.40008408e-01
  2.28847831e-01  1.52716920e-01 -7.29587078e-01  2.88266450e-01
  3.66138697e-01 -1.49304062e-01  1.14134274e-01 -1.71195582e-01
 -3.95289660e-01 -6.54736280e-01 -2.20074251e-01  4.37257811e-02
 -1.17882323e+00 -3.56144339e-01  6.80303812e-01  1.58449277e-01
 -3.37136328e-01 -1.18336618e+00  4.72523868e-01 -3.65001768e-01
  4.75816190e-01 -7.74253085e-02 -5.39039373e-02  1.83478847e-01
 -1.41189367e-01 -3.53323489e-01 -3.16048354e-01 -2.00425401e-01
 -9.85924721e+00  2.97644973e-01 -1.24877118e-01 -4.89321053e-01
  1.11029655e-01 -3.54481637e-01  4.84276652e-01  6.80180073e-01
 -3.70484024e-01  5.96631408e-01 -4.41550702e-01 -2.75892943e-01
  6.81962550e-01 -1.87635437e-01 -3.18950176e-01 -2.50903785e-01
 -5.99779427e-01 -4.29402709e-01 -2.56298244e-01  1.98815390e-01
 -2.07847580e-02 -1.33887872e-01  1.02630436e+00  6.93728983e-01
 -2.52547532e-01 -2.98883885e-01  2.51271397e-01  4.53359067e-01
  3.67264807e-01  6.86093122e-02 -5.70196271e-01  6.50061727e-01
 -3.53747904e-01  1.91726416e-01 -1.36249721e-01  1.31582379e-01
  3.13424826e-01  3.74453850e-02 -4.94371414e-01  2.52475470e-01
  5.20692050e-01 -1.47162408e-01 -5.39980233e-01 -6.79523051e-02
  5.88387609e-01 -5.37824452e-01 -9.84445810e-02  2.44418249e-01
  7.35999703e-01 -1.32617310e-01 -2.00176045e-01 -2.77599722e-01
  6.80311143e-01 -1.87823802e-01  1.43186361e-01 -6.00769650e-03
  6.81607246e-01 -3.22454154e-01 -2.20514849e-01 -5.97079456e-01
 -3.22564691e-01 -1.35977179e-01  2.45767385e-01  7.95433998e-01
 -1.36381760e-01  3.45778793e-01 -3.19691539e-01  6.21876642e-02
 -7.23689795e-01 -1.56849295e-01  3.80473137e-01  5.97694278e-01
  3.61764669e-01 -7.59989321e-02  2.41424039e-01  2.31006801e-01
 -6.27083957e-01  3.99850421e-02  3.88293356e-01 -8.10375810e-03
  1.01581670e-01 -6.11351907e-01 -2.39075180e-02  9.02662575e-01
 -7.92504013e-01 -4.10769917e-02  1.70538336e-01 -1.09856233e-01
  4.10794824e-01 -3.28421772e-01  1.15346745e-01 -2.10215241e-01
 -4.22236502e-01  5.11194885e-01  2.24089339e-01 -5.37134349e-01
  1.26098305e-01  1.60041273e-01 -1.52237881e-02 -6.84546590e-01]"
ワ,"[ 2.41312757e-01  1.78770334e-01  4.63107407e-01 -2.30970860e-01
  2.00373262e-01  2.77688056e-01  1.22989722e-01  3.08803529e-01
 -9.90669243e-03 -6.19081438e-01  7.02891827e-01 -3.67085427e-01
 -6.94075525e-01  2.04239041e-01  3.71259689e-01 -3.85068625e-01
  4.79442365e-02 -2.96942960e-03 -2.35241279e-02 -6.80560887e-01
 -7.09689438e-01 -3.32321316e-01  1.33449525e-01  3.07501584e-01
 -5.79979718e-02 -3.17662477e-01  2.53216267e-01  3.63688499e-01
 -6.85061589e-02  4.07397486e-02 -3.93713087e-01 -2.22357392e-01
  1.63261220e-01  8.32343325e-02 -2.01122910e-02  4.20076281e-01
 -3.85860242e-02 -7.19058961e-02 -1.45384714e-01 -5.82923368e-02
  1.35667948e-02 -1.08499892e-01 -4.62835878e-01 -1.23548329e-01
  7.51526281e-02  5.49737632e-01  2.00306147e-01  1.60707191e-01
  6.36260390e-01  1.62989646e-01 -1.02465764e-01  2.14496672e-01
  3.96599740e-01 -1.59053028e-01  2.97322124e-01 -1.74758390e-01
  4.91109669e-01 -2.99057394e-01 -1.81793213e-01 -1.68553367e-02
 -1.85349524e-01 -1.85606912e-01  1.34869680e-01 -1.99984297e-01
 -5.88796064e-02 -5.89682221e-01  2.04702184e-01 -1.09877281e-01
 -2.94551462e-01 -8.37729990e-01 -4.08452690e-01  4.86794636e-02
  1.98038220e-01 -3.73755604e-01  6.23922288e-01 -4.07869607e-01
  3.51131380e-01  1.78239346e-01 -2.16964837e-02  4.87788133e-02
  7.19891414e-02  4.07847732e-01  1.16257677e-02 -4.40961421e-01
  4.78208721e-01 -2.75317933e-02 -2.51472503e-01 -7.44754910e-01
  2.05165476e-01 -3.79210383e-01 -1.34947240e-01 -8.64250660e-02
  7.02781796e-01  7.51868039e-02 -4.80694436e-02 -9.26386863e-02
  6.66812807e-02 -2.96792209e-01 -1.82822675e-01  4.30065870e-01
  1.84507102e-01  2.61872739e-01  3.07327211e-01 -1.08279675e-01
 -1.92211524e-01  5.10803349e-02 -2.11336568e-01  1.31162181e-01
  1.73354521e-01 -1.69563502e-01 -5.20379804e-02 -4.63836551e-01
 -7.41418302e-01  2.43459940e-01 -2.26892516e-01 -1.38464314e-03
 -5.29135354e-02  2.84847021e-01 -6.55732751e-01  5.48838437e-01
  4.75387812e-01  4.56340671e-01  9.71252173e-02 -2.15011358e-01
 -1.58604667e-01  3.36148381e-01 -1.13925584e-01 -1.99937731e-01
 -1.11095995e-01 -1.13007210e-01 -6.24144971e-01  1.06282912e-01
 -1.75889462e-01  4.10359316e-02 -4.10412960e-02  6.24406934e-01
  2.32682392e-01 -3.46159071e-01 -2.46445179e-01 -4.86181408e-01
 -3.92178595e-02 -4.13064063e-01  2.63327390e-01 -3.57798815e-01
 -2.99539745e-01  4.13420945e-01 -3.35970372e-01 -6.49303198e-01
  5.21126688e-01  3.13008189e-01 -2.83915818e-01  7.57297456e-01
 -5.18208742e-01 -6.15696199e-02  1.02712102e-01  1.73883680e-02
 -5.00848055e-01  4.96297795e-03 -2.35852927e-01  1.59353375e-01
  1.62526108e-02 -3.12187165e-01  1.38134584e-01  7.07564890e-01
 -3.57932001e-02  2.62448907e-01  4.84837174e-01  3.59840214e-01
 -1.32753000e-01  3.69317055e-01  1.73502579e-01  3.28321069e-01
  1.60543397e-01 -1.47444233e-01  2.03897670e-01  4.11395997e-01
  1.90488040e-01  1.23299919e-01  1.73960462e-01 -6.16261005e-01
 -1.28782943e-01 -5.90417802e-01 -2.56126225e-01 -4.29839492e-01
  6.68615848e-02 -4.96128798e-02  1.18036903e-01 -8.69859010e-02
 -9.33648273e-03 -6.27424836e-01  1.89670458e-01 -3.84685487e-01
  5.83632626e-02 -3.41237873e-01 -7.75578395e-02 -1.15938894e-01
 -1.86300963e-01 -1.25131339e-01 -1.30458847e-01  6.32146120e-01
  7.07256496e-02  2.46650994e-01 -1.56285390e-01 -2.59739190e-01
 -9.40013945e-01 -2.57477552e-01  3.04974735e-01  2.31342509e-01
  5.14218569e-01  2.66561389e-01 -2.76700348e-01  5.65551460e-01
  2.45579869e-01  1.89482391e-01  1.44254580e-01  4.63168025e-01
 -4.66797203e-01 -4.87503797e-01  3.42424899e-01 -4.52726223e-02
  2.02515692e-01 -1.73521712e-01  4.55023289e-01  1.35221183e-01
  1.27749473e-01  3.90618026e-01  3.95260483e-01 -4.49961349e-02
 -2.83877522e-01  5.81055760e-01 -2.73013830e-01 -3.00172925e-01
 -5.72367013e-01 -2.31857151e-01 -7.00156748e-01 -1.54121488e-01
 -3.08991194e-01  3.29571664e-01 -3.61489058e-01  5.53109087e-02
  2.00627476e-01 -2.71377504e-01 -2.28559263e-02 -3.49900305e-01
  1.02636963e-01  1.87525712e-02 -7.59266689e-02  7.33842142e-03
 -1.25525728e-01  4.39842371e-03 -5.80786824e-01 -5.80649793e-01
  1.52222390e-04 -5.36818385e-01  3.95524532e-01  3.87314737e-01
  5.03296673e-01 -1.84272066e-01  1.28242731e-01 -6.77852392e-01
 -9.79830325e-02 -6.28655255e-01 -2.05274940e-01 -3.76873016e-01
  4.44958434e-02  6.03562184e-02 -1.92746505e-01 -4.94977564e-01
 -3.39279532e-01 -2.73395836e-01 -7.42387548e-02 -2.18325466e-01
 -1.79071531e-01  2.23553628e-01  4.63783927e-03  4.27511521e-02
 -5.41605890e-01  2.38763660e-01 -1.32682592e-01  3.06786895e-01
 -6.26791239e-01  1.87562272e-01 -6.92230642e-01  4.12008524e-01
  1.02160431e-01 -2.38845363e-01 -2.05380544e-01 -6.09787285e-01
 -1.92958057e-01  3.75987917e-01  1.18556686e-01 -3.62667888e-01
 -5.75807273e-01  1.32315278e-01 -1.76393032e-01 -1.73126720e-02
  4.49931808e-02  3.37923974e-01  3.76860172e-01  1.69914097e-01
  1.93141162e-01  4.40372676e-01  6.46395236e-02 -2.48248219e-01
 -2.53826588e-01 -3.35295409e-01 -3.86617810e-01 -1.76303685e-01
  4.71369922e-01 -3.01892906e-01 -1.22408219e-01  6.84111476e-01
 -2.76846200e-01  3.28893125e-01  2.13025495e-01  2.83522278e-01
 -1.90407300e+00  1.05473198e-01  3.87575448e-01  5.53796254e-02
 -1.15783028e-01  6.76978827e-01  1.93166971e-01  2.56325096e-01
 -5.99739611e-01 -5.15846193e-01  6.79478765e-01  4.47150111e-01
 -1.42887160e-01 -3.14780772e-02  4.06855851e-01 -1.58911332e-01
 -9.65684932e-03 -7.69786298e-01  1.97960407e-01  3.81275386e-01
  1.11930273e-01 -1.50876999e-01  9.27985758e-02 -2.91723996e-01
  8.56456459e-02  9.26432014e-02  1.70701355e-01  5.20618796e-01
 -7.43687093e-01 -5.02448417e-02  5.22429124e-02  8.60012770e-01
  8.04751694e-01  4.54075068e-01  5.50342835e-02 -2.37832755e-01
  2.51064450e-01  7.95485020e-01  4.64181095e-01 -1.45451456e-01
  2.24768799e-02 -1.57770321e-01  5.33059061e-01  2.39982620e-01
 -1.74436703e-01 -7.85607006e-03  2.89194852e-01  2.06837133e-01
 -1.85327828e-01  6.37874901e-01  7.02621102e-01  1.64374009e-01
  2.27419958e-01  1.12259462e-01  1.08037770e+00  1.67354960e-02
 -1.72071263e-01 -6.43910766e-01 -6.93342164e-02 -3.77212167e-01
  2.81704869e-02  3.41115147e-02  1.20493926e-01  3.88853669e-01
 -2.63448954e-01  2.35607386e-01  1.88252196e-01 -1.41860157e-01
  3.51186752e-01 -5.90380609e-01 -4.72296059e-01 -1.88462615e-01
  7.87147358e-02 -7.79935062e-01  4.34082210e-01  3.55190009e-01
  4.19434786e-01 -1.69391766e-01 -4.18043315e-01  8.21450800e-02
 -1.83815256e-01 -1.40508369e-01 -1.36860460e-01  2.68377185e-01
  3.59268486e-03 -3.26128811e-01  1.75420865e-01 -4.79549021e-01
 -4.57891375e-01 -3.07402648e-02 -9.61886823e-01 -1.04021795e-01
 -1.70662075e-01  5.63137412e-01 -1.73657268e-01 -8.61991346e-02
  1.74125224e-01 -2.78803669e-02 -1.50995806e-01 -1.28255382e-01
 -5.93872368e-01  4.08979267e-01  8.29112455e-02  1.02354802e-01
  3.40668440e-01  3.22893888e-01  2.23098412e-01  3.68858397e-01
 -5.46056628e-01  5.54232895e-02 -6.03650272e-01 -3.18844438e-01
  6.69489622e-01 -1.69353768e-01  2.79108077e-01  2.57520890e-03
 -1.78716391e-01  5.42557955e-01 -2.63845533e-01 -5.68337917e-01
 -1.81565315e-01  6.08710647e-01  7.67980963e-02  6.42816007e-01
  3.76709580e-01  7.91594207e-01 -1.17319480e-01  4.40379500e-01
 -1.17283333e-02 -7.06030503e-02  4.44159210e-01 -6.63274646e-01
  8.61259475e-02 -4.58831452e-02  1.41032517e-01  4.22554821e-01
  2.31228128e-01  1.68151632e-01  2.72352487e-01  2.04196349e-01
 -1.13721728e-01  2.08122849e-01  2.45736510e-01  4.33487922e-01
 -3.47875446e-01 -6.16108119e-01 -3.62785935e-01  3.60947698e-02
 -4.68685806e-01 -1.44036159e-01  6.83917046e-01 -6.83362037e-02
  9.23455954e-02 -2.30743796e-01 -7.26019025e-01 -4.81681883e-01
 -4.78433490e-01 -2.10555166e-01  7.35890418e-02  4.20312673e-01
  5.72357178e-01  7.58978259e-03 -9.13279593e-01  3.10104191e-01
  1.92948788e-01  4.60647821e-01  1.26132712e-01 -2.45517045e-01
 -1.57347322e-01  6.69548139e-02 -7.16644004e-02 -1.94064915e-01
  1.80845261e-01  1.32692205e-02 -5.06711341e-02 -4.84208435e-01
  1.54028118e-01 -2.62370050e-01  1.47505835e-01 -2.53997326e-01
  5.18557966e-01  1.03220277e-01 -7.60931194e-01 -3.09986204e-01
  1.27462447e-01 -2.59673744e-01 -1.30606472e-01 -6.11622214e-01
  1.90020576e-01 -3.81309032e-01 -1.31044686e-01  2.89544016e-01
  5.35934985e-01 -2.92400450e-01 -1.34607494e-01  3.89133215e-01
  5.69875956e-01 -4.60829735e-02  3.97218838e-02 -7.01807290e-02
 -2.84918666e-01 -1.75846890e-01  4.25268263e-02 -1.49015009e-01
 -1.98945567e-01 -1.96695402e-02 -7.79639900e-01 -2.52239078e-01
  5.96350096e-02 -8.66110325e-01  6.77447796e-01  1.85520396e-01
  5.30179322e-01 -5.00316203e-01 -8.92804191e-02 -2.44664043e-01
 -5.51854670e-02 -6.70366175e-03  4.18735623e-01 -3.89188193e-02
 -7.82246053e-01 -6.78139701e-02 -4.74071294e-01 -4.95743424e-01
  4.79934067e-01  3.95989537e-01 -4.03847337e-01  9.71675739e-02
  3.38846087e-01 -2.26312622e-01 -1.47653654e-01  8.29782858e-02
 -1.34539217e-01  1.11060828e-01  2.89263725e-01  3.48658375e-02
  2.14787796e-01  2.84224987e-01 -3.34473252e-01  1.85316160e-01
  2.59804994e-01  6.58567667e-01  2.96102852e-01 -5.68209914e-04
  1.01207104e-02 -3.23925205e-02 -5.57614267e-01  4.53878731e-01
  2.71720946e-01  5.44496894e-01 -3.91265363e-01  6.19258583e-01
  6.21328235e-01 -4.58239913e-01  3.54358107e-01  6.62291646e-01
  4.14657146e-01  3.33427131e-01 -3.52933556e-02 -6.12291433e-02
 -7.31713176e-01  2.76707411e-01 -3.05102021e-02  2.55432218e-01
 -3.55859622e-02 -3.24385017e-02 -1.06860235e-01 -2.45563000e-01
  1.75148211e-02  3.63733441e-01  3.27782601e-01  1.44681349e-01
  3.02171677e-01 -3.77583772e-01  4.75103110e-01  4.33124989e-01
  2.10160855e-02 -1.45999461e-01  2.46096119e-01  3.80226105e-01
  6.37458980e-01  3.14390995e-02  3.57241213e-01 -2.07258850e-01
 -1.02187920e+00  8.56554732e-02  1.02315852e-02  3.64446521e-01
  5.95105469e-01 -5.78033805e-01 -2.02329919e-01  1.86021313e-01
  5.03720343e-01 -2.87385941e-01 -9.41149369e-02 -4.39944655e-01
  1.73243046e-01  2.61532307e-01 -1.30306855e-01  7.27578476e-02
  1.29107237e-01  3.21299791e-01 -1.63494468e-01  1.45674944e-01
  2.13067949e-01  7.29916453e-01  1.36237934e-01  9.12676230e-02
  4.25005369e-02 -2.69976765e-01 -4.45096910e-01  5.19218408e-02
  6.58692420e-02 -3.38729471e-01 -4.07128155e-01  3.78243290e-02
 -3.90721649e-01  1.47309169e-01 -2.99052000e-01  2.54909217e-01
  3.07830989e-01  5.76332025e-02 -3.66539471e-02 -4.79074359e-01
 -6.32993877e-02 -2.42817495e-02 -7.73797452e-01  9.51301605e-02
 -2.57984787e-01  1.72079846e-01 -2.19289929e-01  2.13155206e-02
 -4.72984076e-01 -2.63345808e-01 -3.67784172e-01  5.50566792e-01
 -1.21872328e-01 -4.21429157e-01  4.17335808e-01  3.11452329e-01
 -1.26444384e-01 -9.92277384e-01  3.27897877e-01  3.60675633e-01
  5.68462253e-01 -2.31235683e-01  5.09494424e-01 -3.74531507e-01
  2.22900659e-01  1.00892588e-01 -4.16084230e-01  5.26250482e-01
 -1.04641905e+01 -4.21339095e-01 -4.99089569e-01 -2.99182802e-01
 -5.23726225e-01  3.39393765e-01  6.27589703e-01  3.31080645e-01
 -4.00895625e-01  1.50315478e-01  7.72168711e-02  4.32523161e-01
  3.52770120e-01  3.08515072e-01 -5.92936039e-01  1.28889039e-01
 -3.21943879e-01 -4.82525885e-01  1.69491174e-03 -2.16053218e-01
  1.13106675e-01 -6.64482653e-01  5.31032443e-01  5.34587860e-01
  1.47968188e-01 -1.67655766e-01 -1.39973372e-01  4.00479287e-01
 -3.12294308e-02  2.98741668e-01 -8.07222068e-01  4.48259860e-01
 -1.69217005e-01  4.52093810e-01 -2.33320862e-01  5.34967370e-02
 -2.51293957e-01  5.02317607e-01  2.49905419e-02  3.45352024e-01
  3.13356221e-01  4.28559840e-01  7.75187612e-02 -1.17707647e-01
 -2.01953635e-01  3.70267332e-01  1.41878560e-01  3.13789338e-01
  5.65622211e-01 -4.79439693e-03  4.82669659e-02 -1.86638683e-01
 -2.59339571e-01 -3.54102194e-01  2.77955770e-01 -4.53307340e-03
  7.60052860e-01 -7.73522913e-01 -3.09432000e-02  1.05239153e-01
  3.33052367e-01 -1.45843044e-01  9.52336907e-01  8.97085905e-01
  2.63575464e-01  1.60239428e-01  4.37854975e-01  3.98333400e-01
 -3.24703217e-01 -1.07503854e-01  3.31086814e-01  5.56431592e-01
 -9.66658220e-02  2.01535046e-01  1.42471105e-01  7.56823540e-01
  2.72642467e-02 -2.36781344e-01  2.11419031e-01 -2.96052217e-01
  4.38117802e-01 -1.65540233e-01 -2.86581606e-01  1.38894692e-01
 -6.06552839e-01  2.48870358e-01  6.86032027e-02  3.07487011e-01
  1.11129873e-01 -5.87075889e-01  4.45045739e-01 -1.70424923e-01
 -2.90448219e-01  4.09216136e-01  2.25521177e-01 -2.21803546e-01
 -1.48806930e-01  3.03539425e-01  3.37459475e-01  4.87138368e-02]"
ホ,"[-6.58295080e-02  3.72778177e-01  1.82021782e-01 -3.23179990e-01
  1.04814015e-01  4.80331808e-01  2.95477748e-01  2.69492507e-01
 -2.27916986e-01 -5.55236459e-01  3.61344725e-01 -1.31318286e-01
 -6.64863527e-01 -1.57437727e-01  3.03965986e-01 -4.40114856e-01
 -1.13611454e-02  1.67503849e-01 -1.23980217e-01 -5.97841859e-01
 -5.11857152e-01 -7.42383718e-01 -1.53813541e-01 -6.39555743e-04
  1.99856639e-01 -2.99629539e-01 -3.39202136e-02  2.87709385e-01
 -8.77935626e-03  1.05714805e-01 -4.55078661e-01 -6.09473109e-01
 -9.16380286e-02 -2.59667218e-01 -2.36372560e-01  4.01530802e-01
  2.54705310e-01  1.23386964e-01 -1.03006616e-01 -1.43205240e-01
 -1.07604340e-02 -1.44781247e-01 -2.44272233e-04 -4.82069582e-01
 -4.79154848e-02  4.80505586e-01  2.26407293e-02  5.03615737e-01
  6.19541168e-01  1.83892965e-01 -1.34474754e-01  2.04372495e-01
 -4.26079892e-02 -1.48145303e-01  1.93711147e-01 -2.38595620e-01
  1.77027211e-01  4.67835106e-02 -1.85349867e-01  8.77698362e-02
 -4.38440919e-01 -5.36066592e-02  1.95153669e-01  1.52999297e-01
 -6.80411458e-02 -1.53000459e-01  3.12220246e-01  9.66205895e-02
 -3.82074416e-01 -3.41188014e-01 -9.96837541e-02  2.74092257e-01
 -1.11824453e-01 -4.48224336e-01  6.30958140e-01 -4.08659801e-02
  3.84613007e-01 -3.16461146e-01  2.30957359e-01 -6.54704943e-02
 -4.42419112e-01  3.59233052e-01 -2.40688860e-01 -3.83088559e-01
  9.29616466e-02  1.84297726e-01 -5.88076174e-01 -3.33717316e-01
  1.80433214e-01 -1.62176758e-01  3.91140990e-02 -1.65283144e-01
  4.86469150e-01  2.03766063e-01 -1.78438500e-01 -1.74682271e-02
  1.52167141e-01 -1.45687848e-01 -1.61973417e-01  1.94916427e-01
 -5.37099577e-02 -1.83340505e-01  2.95906723e-01 -1.34383544e-01
 -2.09436402e-01  1.39297128e-01 -2.42718220e-01  9.78012457e-02
  2.71152914e-01  9.15098041e-02 -2.02075288e-01 -2.89102912e-01
 -2.57172287e-01  3.25633407e-01 -4.95517142e-02 -1.23019159e-01
 -5.83152920e-02  1.50816336e-01 -1.59835726e-01 -1.80488527e-02
  3.26425940e-01  7.29968190e-01 -1.90083146e-01  2.86410749e-02
 -1.20934755e-01  1.57865599e-01 -1.00624189e-01 -2.94737071e-01
 -1.22186849e-02 -4.77081358e-01  1.95815712e-02  2.06409499e-01
 -5.16727209e-01 -1.21586345e-01 -1.74652636e-01  7.22440422e-01
  5.09730130e-02 -2.19047025e-01 -3.87035348e-02 -6.48658872e-01
 -7.19963983e-02 -2.43320931e-02  1.95679516e-01 -3.04376453e-01
 -2.65672356e-01  1.73963130e-01  1.57428011e-01 -4.79998142e-01
  4.62403625e-01  2.31035843e-01 -7.76454747e-01  5.92460573e-01
 -2.93447793e-01 -1.24810062e-01  8.63439739e-02  2.14903653e-01
 -7.70692527e-01  3.67526054e-01  1.06517851e-01  4.52467591e-01
  6.38523102e-02 -4.71879631e-01 -6.65073749e-03  6.89562619e-01
  3.03649046e-02  4.96952891e-01  3.32976282e-01  1.62965834e-01
  1.74313560e-01  9.59600627e-01  1.16002083e-01  5.14895618e-01
  1.62817702e-01 -2.17223018e-01  2.75904596e-01  5.26109636e-01
  1.47666663e-01  4.37709659e-01  1.24668248e-01 -5.03913522e-01
  2.70365626e-01 -2.84602404e-01 -1.36368617e-01 -2.15274677e-01
  1.89982876e-01 -3.21594179e-01  1.01077229e-01  2.92672276e-01
  1.89896882e-01 -1.89282615e-02 -1.52162313e-01 -3.39273423e-01
  2.28938490e-01 -4.23144698e-01  1.81547906e-02 -3.81597690e-02
 -1.89253330e-01 -3.14668864e-01  2.33606517e-01  1.85052305e-01
 -1.94207747e-02  2.09598601e-01 -5.19624412e-01 -5.77574670e-01
 -1.16202557e+00 -2.55526721e-01  3.30076180e-02  5.52513301e-01
  2.92695016e-01 -1.62519366e-01 -2.08020464e-01  2.88572401e-01
  3.52489442e-01  3.18059400e-02 -5.48414737e-02  5.30523509e-02
 -1.88695282e-01 -3.20505500e-01  3.15841705e-01  5.65083735e-02
  1.99694663e-01 -2.05410868e-01  2.90262967e-01  1.41368598e-01
  3.97998579e-02 -1.23134684e-02  3.20098400e-01 -6.84689507e-02
  5.47447288e-03  8.83400142e-01 -2.63971388e-01 -8.37037936e-02
 -6.22638106e-01  1.97143871e-02 -4.06560451e-01  3.06573689e-01
 -2.82914281e-01  7.12595940e-01  1.65859520e-01  1.50554493e-01
  1.82811007e-01 -9.14656967e-02  1.07409721e-02 -1.34223551e-01
  2.17379972e-01  5.63696802e-01 -9.65611637e-02 -5.35913944e-01
 -5.23799062e-01 -4.75816011e-01 -6.06811047e-01 -6.13304555e-01
  5.45591354e-01 -3.69624317e-01  5.24888873e-01  2.00831100e-01
  2.05906227e-01  9.05640703e-03  8.85922611e-02 -7.96209499e-02
 -8.48273933e-02 -3.20792764e-01  1.35321850e-02  6.63520992e-02
 -1.10476248e-01  2.60599583e-01 -1.25735374e-02 -6.00527287e-01
 -5.65441906e-01 -5.21556616e-01  1.15835898e-01 -4.41416323e-01
 -4.82972004e-02 -2.23479137e-01 -5.68240702e-01 -5.99476360e-02
 -4.34217215e-01  4.13434893e-01 -1.81244582e-01 -6.51630759e-02
 -4.66223568e-01  1.48483485e-01 -5.68988085e-01  4.83392119e-01
  2.02603757e-01 -3.08148656e-02 -4.08102497e-02 -5.57858169e-01
 -3.65929380e-02  3.37071747e-01  8.82330537e-02 -6.65093303e-01
 -2.16749474e-01  1.03402004e-01 -4.99781609e-01  2.59665579e-01
  2.35201418e-01 -1.81121901e-02 -1.01704352e-01  5.72164178e-01
  1.97879568e-01  3.08484316e-01  4.32841778e-01 -5.69284260e-01
 -2.33199477e-01 -5.52170098e-01  1.18604869e-01 -1.98285013e-01
  5.71295023e-01 -3.83323103e-01 -1.01390786e-01  9.18756425e-01
 -3.04042608e-01 -1.50026083e-01  1.37028202e-01  2.98872679e-01
 -1.28661740e+00  1.55966416e-01 -1.31694928e-01 -4.30871919e-02
  4.56142277e-02  4.34307724e-01  1.27770707e-01  3.25902909e-01
 -3.29347640e-01 -2.65763193e-01  4.81755167e-01  2.97542632e-01
 -4.29015309e-02 -3.06609392e-01  4.03541476e-01 -2.80947424e-02
  1.61603272e-01 -3.40323359e-01 -9.79852602e-02  3.09594989e-01
 -1.78478330e-01  1.89568385e-01 -9.51627642e-03 -4.47931975e-01
 -4.27861154e-01  1.21670119e-01  4.70945388e-01  2.84241080e-01
 -4.41281825e-01 -3.71492088e-01  3.31860512e-01  5.05593181e-01
  7.78706789e-01  6.28249943e-01  6.77845106e-02 -1.83635786e-01
  5.72260916e-01  8.09928894e-01  2.79354215e-01 -9.57497060e-02
 -5.80937602e-03 -3.54918420e-01  7.02558994e-01  1.04821406e-01
 -1.96514830e-01 -1.56660210e-02  4.02609169e-01  1.60051063e-01
  1.58417642e-01  3.58100504e-01  3.31499100e-01  2.55162001e-01
  3.58447462e-01  4.07381684e-01  2.42054507e-01 -1.70701593e-02
 -4.62691724e-01 -1.28408447e-01  2.84805596e-01 -4.42684859e-01
  6.09680526e-02 -1.83632553e-01  4.31259543e-01 -2.61046700e-02
 -4.91093695e-01 -1.36215419e-01 -2.18814728e-03 -1.25005081e-01
 -1.78880557e-01 -5.29325485e-01 -2.91092008e-01  5.73946983e-02
 -3.24437827e-01 -5.54018319e-01  1.10887185e-01  6.98532164e-02
  7.02228189e-01 -4.07348424e-01 -5.82247712e-02  3.63635942e-02
 -9.59387347e-02  8.51720106e-03 -1.06387541e-01 -3.62407193e-02
 -1.80957451e-01 -6.93124831e-02 -1.85834393e-01 -4.11863953e-01
 -7.07204223e-01 -1.92459792e-01 -5.99635303e-01  8.46023560e-02
  1.36550739e-01  3.41639191e-01 -3.43166530e-01 -1.05992062e-02
  2.00874001e-01  1.09974861e-01 -7.02215582e-02 -1.04421861e-01
 -4.96283442e-01  5.21746501e-02  6.23590291e-01  1.98978081e-01
  2.54914433e-01  4.34659183e-01 -1.23012565e-01  2.24107578e-01
 -3.37557942e-01  4.91364077e-02 -4.92130548e-01 -5.33687472e-01
  8.03103209e-01 -2.28598073e-01  5.49755618e-02  1.42253995e-01
 -1.63204391e-02  4.91393566e-01 -1.78623959e-01 -4.48837787e-01
  2.19715363e-03  5.62655747e-01  2.51395881e-01  3.94591600e-01
  5.06730020e-01  1.03956318e+00 -6.00898027e-01  2.39988372e-01
  5.07253885e-01  1.42326787e-01  4.18476611e-01 -8.66876543e-02
  1.02302700e-01 -2.18502432e-01  1.73408896e-01  2.73053825e-01
  7.42037743e-02  1.80801973e-02  3.59175026e-01  4.18950915e-01
 -2.94169813e-01  2.35183209e-01  2.67423373e-02  4.18781698e-01
 -4.97428864e-01 -8.01163793e-01 -5.55562317e-01 -3.07355314e-01
 -7.55604863e-01  2.55428344e-01  4.00642574e-01 -6.57842308e-03
  1.43490911e-01 -3.94364059e-01 -9.34372902e-01 -3.84953022e-01
 -1.80009902e-01  3.59259427e-01 -2.09788725e-01  3.92574787e-01
  4.88543838e-01  1.73770607e-01 -8.45303655e-01  3.62320960e-01
 -3.28088194e-01  3.56294423e-01  6.70682549e-01 -5.05035341e-01
 -1.31921798e-01  3.88316751e-01  2.64817625e-01  2.14957729e-01
 -8.04751143e-02  3.22206497e-01 -9.20152590e-02 -4.40140009e-01
  6.48980439e-02  1.62065595e-01  1.29928827e-01 -4.69446152e-01
  2.79940724e-01  1.76730752e-01 -3.38074625e-01 -4.70356792e-01
 -1.60655141e-01 -3.34710598e-01  6.78023184e-03 -3.66150975e-01
 -1.87958211e-01 -3.39670070e-02  1.04503222e-01  1.75127462e-01
  2.66236275e-01 -3.14026415e-01  2.84954429e-01  3.65774095e-01
  2.52071679e-01 -2.83149570e-01  2.14992359e-01  8.10703114e-02
 -2.73080945e-01  2.55953342e-01  3.85111868e-01 -2.58938223e-01
 -2.53613945e-02 -1.92595929e-01 -6.24341190e-01  5.73893078e-02
 -2.90193051e-01 -8.52507949e-01  6.07277513e-01  3.83671075e-02
  7.77931213e-02 -4.17530775e-01  4.49648678e-01 -3.95229578e-01
  2.70402431e-01  4.18067902e-01  1.90862522e-01 -2.53910959e-01
 -7.40311086e-01  1.61511414e-02 -3.06471080e-01 -7.26516902e-01
  5.01623333e-01  3.03811461e-01 -5.22838831e-01 -2.06179053e-01
  5.96643314e-02  3.19776744e-01 -1.73985586e-01 -1.20737255e-01
 -6.00447059e-01 -3.79954666e-01  3.39925736e-01  4.59809333e-01
  1.01070292e-01 -1.35753617e-01 -2.06208006e-01 -2.67091930e-01
  6.54408872e-01  6.07567489e-01  3.75084490e-01 -3.44902575e-01
  6.76187202e-02  1.67563438e-01 -4.54778641e-01  4.35398161e-01
  1.97651878e-01  2.94406980e-01  1.12079449e-01  4.29997444e-01
  3.61890495e-01 -2.81872898e-01  9.21506882e-02  5.07022142e-01
  2.70604968e-01  3.64108175e-01 -1.91346332e-01 -3.24573159e-01
 -6.77778184e-01  4.38956767e-01 -5.80630712e-02  1.21913567e-01
 -1.22001655e-01 -1.36960834e-01  2.64232039e-01 -3.93163085e-01
 -4.10649955e-01  2.50995189e-01  2.41625413e-01  4.22506362e-01
  9.75071415e-02  2.49138162e-01  4.24395829e-01  3.80312532e-01
 -2.85741836e-01  1.27261862e-01 -9.99755785e-03  2.53133059e-01
  6.81272447e-01  1.00989997e-01  1.40872478e-01 -3.65093023e-01
 -1.18928480e+00  2.11599723e-01 -5.71433268e-03  3.77650470e-01
  5.89085162e-01 -5.23371696e-01 -4.16160941e-01  2.25660235e-01
  6.28036916e-01  1.08731852e-03 -2.43973091e-01 -8.00983012e-01
  4.30466495e-02 -2.77967691e-01 -4.04746175e-01  1.58440769e-01
  1.24002345e-01  3.22475255e-01 -2.33052582e-01  1.31316274e-01
  1.13001972e-01  8.14619422e-01  3.53416465e-02 -1.50269926e-01
  1.31076410e-01 -1.76889017e-01 -6.12610340e-01  5.67315705e-02
  2.72871196e-01 -3.32249373e-01 -6.10788725e-02  4.17167395e-02
 -1.82855502e-01  8.67497921e-02  6.62692562e-02  1.18722506e-01
  2.46244803e-01  6.20200858e-02 -4.51751173e-01 -6.62624896e-01
 -1.19186481e-02  1.39906362e-01 -8.57748866e-01 -1.86205447e-01
 -7.51260072e-02  8.98517743e-02  7.70112649e-02 -2.01989740e-01
 -5.52131891e-01 -5.47625273e-02 -3.01215827e-01  2.84199357e-01
 -1.41255632e-01 -5.18200755e-01  3.74956727e-01  5.98643363e-01
  6.43034354e-02 -9.14158404e-01  2.78775603e-01  5.53678498e-02
  5.89873672e-01 -4.85914685e-02  3.62490028e-01 -4.09991980e-01
  1.08745575e-01  2.06418466e-02 -1.14863493e-01  1.82900086e-01
 -1.05082903e+01 -4.13540334e-01 -3.83588046e-01 -1.84255406e-01
 -3.38423312e-01  1.41639531e-01  6.39061630e-01  8.83982144e-03
 -1.25499904e-01 -6.49336949e-02  1.47236362e-01  7.58043289e-01
  6.03780806e-01  8.18123162e-01 -3.62998426e-01 -2.14781180e-01
 -1.87328771e-01 -9.24891382e-02 -2.22033545e-01  3.50309461e-02
  6.56242013e-01 -7.32783079e-02  4.48897451e-01  3.61121148e-01
 -2.76080966e-01 -4.07636642e-01 -3.14083457e-01  4.99297708e-01
 -2.33230501e-01  4.77178544e-01 -6.79655552e-01  7.38981903e-01
  8.93662348e-02  3.22254188e-02 -4.02202189e-01 -1.78148270e-01
 -3.81568342e-01 -1.50847957e-01 -1.52671397e-01  5.41669607e-01
  2.02561855e-01  6.49425268e-01 -1.96713954e-02  1.72373116e-01
  8.49036798e-02  4.32549248e-04 -4.64189537e-02  3.58394563e-01
  4.48923320e-01  1.65567562e-01 -2.59712823e-02  1.79818012e-02
  4.00058739e-02 -3.92799616e-01  6.65311992e-01  1.20582111e-01
  5.72458029e-01 -5.68755448e-01  6.49551749e-02  2.73863487e-02
  4.01772290e-01 -2.87373364e-01  9.06909585e-01  5.45415759e-01
  2.56948680e-01  7.24860281e-02  2.24274829e-01  6.78948343e-01
 -4.63330746e-01 -2.90253252e-01  2.00980335e-01  2.45740876e-01
 -2.59161033e-02  1.76471546e-01 -1.09593518e-01  5.63401341e-01
  3.00128646e-02 -3.56496185e-01  5.85970163e-01 -1.53175378e-02
  3.84497374e-01  1.10831112e-01 -1.50993466e-01  3.94517146e-02
 -9.91658509e-01  2.14268088e-01 -2.07597733e-01  7.83342961e-03
  2.99397409e-01 -7.09862888e-01  2.78765112e-01 -1.91726044e-01
 -4.18018512e-02  5.32159150e-01  3.39629054e-01 -1.93620883e-02
  7.96488225e-02  4.42235917e-01  7.18379736e-01  4.71167937e-02]"
ヘ,"[ 7.21809745e-01  9.10791039e-01  7.75451303e-01 -3.57931226e-01
  1.98320393e-02  2.88129672e-02  7.87705004e-01  2.25709140e-01
 -8.11563373e-01 -3.78585488e-01  3.25496703e-01  3.35121721e-01
 -2.08366632e-01  1.91095024e-01  4.95582163e-01  9.29458886e-02
 -3.88085991e-01 -9.72877860e-01 -7.06089148e-03 -6.22086763e-01
 -1.43193781e+00 -6.84917986e-01 -1.26387760e-01  1.54365197e-01
  5.52127659e-01 -2.39472106e-01  2.09601492e-01 -2.68458158e-01
  1.81964934e-01 -7.33560443e-01 -6.80402756e-01  2.10247651e-01
 -3.47136468e-01  1.41352534e-01 -8.23124468e-01  6.27692044e-01
 -2.90259600e-01 -2.62949198e-01  4.54186589e-01  4.42850679e-01
 -1.17725559e-01 -2.24121213e-01  3.33618820e-01 -2.44829699e-01
 -5.24262369e-01  6.78268135e-01  5.55727541e-01  2.31743187e-01
 -1.29307091e-01  1.35985494e-01 -4.70504045e-01  6.20803237e-01
  6.97471321e-01  4.46598530e-01  1.16176516e-01  7.36078843e-02
  7.48676136e-02 -7.40524888e-01  2.57292747e-01  8.53415430e-01
 -4.04910594e-01 -6.75913513e-01 -3.35004866e-01  3.77109237e-02
 -2.12193459e-01  6.74050987e-01 -4.64674205e-01 -1.99855566e-01
  7.98552275e-01  4.13126163e-02 -1.59033865e-01 -1.56365514e-01
 -2.83297956e-01 -1.29092157e+00  2.07794055e-01 -3.85158658e-01
  5.00242889e-01 -4.29863125e-01 -5.90278916e-02  5.24588943e-01
 -2.16887891e-02  5.26994944e-01  3.63946468e-01 -8.35368991e-01
 -1.12071037e+00  5.27183533e-01 -8.33459258e-01 -6.54625177e-01
  8.69243920e-01 -1.87860638e-01 -1.69154793e-01  1.04415879e-01
  3.29586864e-01  2.39770096e-02  6.23821437e-01  6.69510424e-01
 -1.84748769e-01  6.62734434e-02 -4.43083584e-01  2.26959422e-01
 -5.01004100e-01 -6.26778066e-01  3.86470139e-01 -4.34361883e-02
 -1.69848040e-01  1.89120322e-01 -2.23403703e-02 -1.79929044e-02
  2.63324827e-01  2.68465161e-01 -3.54138285e-01 -2.06508234e-01
 -3.91886353e-01 -4.87053841e-01  5.48322573e-02  4.42043990e-02
 -2.92733997e-01  1.03829831e-01 -2.96458080e-02 -3.69944721e-02
  2.37149358e-01  7.00282395e-01  4.94502246e-01 -1.04912460e+00
  9.95619129e-03  1.50318593e-01  1.72262087e-01 -9.57487449e-02
 -5.67880310e-02 -2.67804842e-02 -6.19947255e-01 -3.93012911e-01
 -4.44517620e-02  7.56292865e-02 -8.25083435e-01  6.60766184e-01
  2.28059977e-01  4.30344939e-01  7.22653046e-02 -1.86477408e-01
 -1.03682160e+00 -2.29846835e-01  1.83735132e-01 -6.66108251e-01
  3.47199976e-01  3.62977386e-02 -3.89596045e-01 -1.97447345e-01
 -7.87077397e-02  4.97755706e-01  2.14174449e-01  1.17161191e+00
 -8.83648157e-01  2.83818156e-01 -1.10639721e-01  2.33235821e-01
 -6.85143173e-01  1.84040457e-01 -1.14259638e-01  3.88161659e-01
  5.50913930e-01  1.98890686e-01  1.27848729e-01 -5.85168153e-02
 -4.47526313e-02  8.89751315e-01  7.61185050e-01 -1.80422351e-01
 -3.66417944e-01  4.38282639e-01  5.81290185e-01  2.08044529e-01
  5.04386604e-01  5.19450724e-01 -2.80721128e-01  3.97902310e-01
  1.11374724e+00 -6.51864111e-01 -3.40018451e-01 -8.67460370e-01
 -4.26659286e-02 -3.21520329e-01  5.91596186e-01 -5.66513419e-01
  9.66273308e-01  3.08282942e-01 -2.46840969e-01 -2.25719795e-01
  1.59549285e-02  1.01057279e+00 -4.08520728e-01 -3.46959561e-01
  3.13290715e-01 -6.35035694e-01 -4.24595326e-01 -2.79010445e-01
  2.21075207e-01  3.04810107e-01 -5.50370514e-01  4.81855839e-01
 -5.41532263e-02  6.00227535e-01  2.95365185e-01 -7.25606084e-01
 -8.59496057e-01 -1.53814882e-01 -4.22679901e-01  1.38206929e-01
 -1.48522422e-01  1.09096475e-01 -2.41952881e-01 -2.27298349e-01
  5.20461082e-01  3.96731794e-02  6.92398548e-01  1.20562658e-01
 -2.36070886e-01 -2.33877644e-01  6.29509032e-01  1.91902921e-01
  2.37966657e-01 -2.32386626e-02  1.56952552e-02  1.68111041e-01
 -2.72282094e-01  2.56711274e-01  2.75093526e-01 -4.36436445e-01
 -4.66671854e-01  4.25766617e-01 -6.00558221e-01 -5.53538203e-01
 -7.72067666e-01  5.08961916e-01 -5.40901244e-01 -2.33873978e-01
 -6.43164873e-01  1.09600380e-01 -7.56231010e-01  7.22430468e-01
  2.07479112e-02 -1.04126617e-01  4.55554456e-01 -2.27392793e-01
 -2.99353302e-01 -1.81216467e-02 -1.79841835e-02 -8.56875241e-01
 -4.37249988e-01 -4.29142356e-01 -2.20110677e-02  1.20298952e-01
  5.76619685e-01  2.68047839e-01  3.78046751e-01  4.95739691e-02
  9.33228195e-01 -1.10772848e-02  6.10855632e-02 -1.39393518e-03
 -3.88339758e-01 -6.68951631e-01  1.14146553e-01  4.55940425e-01
  4.46256667e-01 -7.50310719e-03  3.72017920e-02 -1.88389882e-01
 -1.35642242e+00 -1.09783733e+00  9.26701963e-01 -9.51852560e-01
  9.23010185e-02 -4.04086262e-01  7.71771729e-01  2.26740852e-01
 -2.31839001e-01  6.08067930e-01  1.32057130e-01  4.78501648e-01
 -3.06876928e-01 -3.83755341e-02 -6.27208650e-01 -5.13875604e-01
 -3.48160505e-01  3.67515475e-01 -2.86739916e-01 -3.41407448e-01
 -5.59534848e-01  1.87874839e-01  2.49174401e-01 -1.18826187e+00
  2.09063336e-01  2.18962625e-01 -2.90075511e-01  2.05961153e-01
  6.79099441e-01 -4.72360075e-01  3.32531571e-01  4.47020531e-02
  2.68716156e-01 -6.02892302e-02  5.71316540e-01  3.66518110e-01
  4.16438550e-01  3.10445484e-02  2.74982393e-01  5.79324603e-01
  2.53046870e-01 -6.41403258e-01  4.18618321e-01  4.54624057e-01
 -7.60862231e-01  3.74806523e-01  2.84041792e-01  6.86479390e-01
 -1.08496094e+00 -2.75692642e-01  2.79081196e-01  9.51094210e-01
 -8.99915695e-02 -3.91398221e-01  1.05998933e-01 -4.99299206e-02
  7.00188428e-02 -3.86741012e-01  1.23246372e+00 -3.50477427e-01
  1.30770639e-01  2.81866401e-01  2.30009571e-01 -1.29332855e-01
 -1.32263321e-02 -2.13001817e-01  6.20600641e-01  2.88225234e-01
 -1.04212952e+00  1.02679677e-01  8.49381089e-02 -2.42779836e-01
 -1.85272694e-01  8.81986976e-01 -6.37675047e-01 -1.58861861e-01
 -1.79357588e-01 -2.08096087e-01 -1.02844380e-01  1.55203760e+00
  7.31924772e-01  3.12400639e-01 -1.10633588e+00 -6.54575348e-01
 -9.96441841e-02 -1.20492235e-01  2.35015079e-02 -4.90476966e-01
  2.29957044e-01 -7.74889410e-01 -3.42230737e-01 -3.32644463e-01
  5.31350493e-01  7.64407143e-02 -6.33634388e-01  1.60121873e-01
 -8.94445240e-01  4.79015112e-01  8.42204213e-01 -5.49264133e-01
  2.53654540e-01  2.65991151e-01  7.69444704e-01  8.15289319e-01
 -2.35438626e-02 -5.53519189e-01 -3.38107757e-02  3.74789275e-02
  2.87285566e-01 -1.09320648e-01 -7.67826140e-01  5.73140562e-01
 -2.22502947e-01 -4.50272053e-01 -5.17515779e-01 -1.95622846e-01
  4.76716161e-01  2.71104164e-02 -1.26646072e-01 -6.50646240e-02
  4.47890162e-01  1.11910552e-01  4.79707927e-01  7.19167590e-01
  1.10975671e+00 -5.17839491e-01 -9.88183141e-01  6.85953796e-02
 -4.28648204e-01  3.31239223e-01 -1.02510244e-01  3.60513985e-01
  2.54064292e-01 -1.70124173e-01  1.62422150e-01  1.44447282e-01
 -9.24903929e-01  2.66040623e-01 -4.58728850e-01  7.02380836e-01
  3.44482213e-01  8.28652024e-01  1.41103864e-01  2.67589211e-01
  3.97718728e-01  1.00325358e+00 -9.64056253e-01 -4.13828373e-01
 -1.86059490e-01  4.81576830e-01  1.19667463e-01  4.21971649e-01
  7.49976933e-01  3.02260011e-01  1.42674178e-01 -9.12050307e-02
  4.18592453e-01  1.82294816e-01  2.35378847e-01 -5.85806966e-01
  6.57183111e-01 -4.50076282e-01 -1.26800850e-01  3.09169322e-01
 -9.85202268e-02  6.52500212e-01 -7.55663395e-01 -7.70358682e-01
  5.77626765e-01  1.51350692e-01 -2.65360355e-01  7.14816034e-01
  6.09454155e-01 -3.57332885e-01 -4.89793211e-01  2.74888128e-01
 -4.46701437e-01  1.96626440e-01 -6.50418639e-01 -6.07419848e-01
  5.03605008e-01  1.44534364e-01  4.68802691e-01  9.31403399e-01
  3.37348878e-02  5.25139749e-01  5.31568706e-01 -6.33010566e-02
 -4.26707953e-01  6.13508165e-01 -1.15456477e-01  4.01466846e-01
 -5.06959975e-01  1.10680568e+00 -7.30721414e-01 -5.08046627e-01
 -2.75481850e-01 -1.86359525e-01  8.74648750e-01  4.24979180e-01
  2.10077763e-01 -7.04150379e-01 -5.66807926e-01 -6.44928336e-01
 -9.12152827e-01 -2.04091609e-01 -9.45340395e-01 -1.28071338e-01
  1.33425087e-01  3.46747667e-01 -7.87205994e-01  6.40744627e-01
  1.47758260e-01  3.71871561e-01 -3.73199344e-01 -4.81296062e-01
 -1.26392886e-01  3.79402310e-01 -6.09143019e-01  2.94094775e-02
  8.22115839e-01  1.89315170e-01 -1.03475668e-01 -6.11597121e-01
 -9.36182961e-02 -3.32647651e-01  3.39746654e-01 -3.11499149e-01
  3.72946948e-01 -1.31002605e-01 -5.39086044e-01  7.76377797e-01
 -1.47226706e-01  1.85189590e-01 -4.37565058e-01  1.94879651e-01
 -1.21203661e-01 -6.21095411e-02 -1.16876781e-01  6.00708306e-01
  8.70524287e-01 -5.26448488e-01 -2.45197624e-01  2.74069935e-01
 -4.40874875e-01 -4.90863323e-01 -8.51138774e-03 -2.18335047e-01
 -6.25127912e-01 -2.83932656e-01  5.48689842e-01  2.14247614e-01
  4.53386903e-01  6.85900897e-02 -8.94236803e-01 -8.41336846e-01
  8.00943151e-02 -4.68863696e-01  7.49425709e-01 -4.84536469e-01
  8.66004944e-01 -1.14769483e+00  4.59819645e-01 -2.45747596e-01
 -1.31018534e-01 -4.87921596e-01  2.95901507e-01 -3.79650652e-01
 -1.33848262e+00  1.37976974e-01 -1.68974057e-01 -3.55598301e-01
  1.65936530e+00  1.01978354e-01 -7.40953267e-01  3.45813125e-01
  6.75924897e-01  9.78869915e-01 -1.58910483e-01  1.61420241e-01
 -1.62743777e-01  3.93820740e-02  2.14252278e-01 -4.85120453e-02
  2.38454401e-01  2.15694513e-02 -7.34261647e-02  2.57641599e-02
  2.68333554e-01  5.61319366e-02  7.22987354e-01  1.89756542e-01
 -2.06341818e-01  3.67038101e-01  2.62796134e-01 -3.38886827e-01
 -2.05912739e-02  2.70863324e-01 -6.44308567e-01  6.81536853e-01
  2.61852205e-01 -1.88552991e-01 -1.58558726e-01  9.83912766e-01
 -1.24411359e-01  8.63901258e-01  5.07578313e-01 -9.77723394e-03
 -9.58079278e-01 -3.40803444e-01  4.87225950e-01 -1.85784400e-01
 -2.49470994e-01 -3.84368934e-02 -1.90174133e-01 -1.04901657e-01
  7.45210409e-01 -2.26512045e-01 -9.05304030e-02  2.06597835e-01
  1.79747894e-01 -2.71807671e-01  7.00536430e-01  4.65908498e-01
 -3.58900726e-01  3.89933228e-01 -3.32100004e-01  6.14105582e-01
  6.95509255e-01  2.62712151e-01  7.73279190e-01 -6.10464036e-01
 -7.08235726e-02  4.15158689e-01 -1.95623070e-01 -6.90852582e-01
  1.24301650e-01 -3.96848559e-01 -1.46452695e-01  8.85844976e-02
  4.70619410e-01  6.77359924e-02 -2.46768519e-01 -7.27434576e-01
 -1.17659293e-01 -6.44776821e-01 -1.86915606e-01  6.41880929e-01
  2.01457385e-02  1.19886172e+00  4.02313948e-01 -5.07915974e-01
  3.55392814e-01  9.00588810e-01  2.72065908e-01  1.02200098e-01
 -2.77619034e-01  5.79021215e-01  2.08910570e-01 -1.45091891e-01
  5.72108030e-01  6.66909099e-01 -5.80360532e-01  3.85031611e-01
 -3.73079896e-01 -1.26414686e-01 -5.96499383e-01  3.91216606e-01
  5.15087187e-01 -4.22499150e-01  6.46895096e-02 -5.74714720e-01
  3.27602029e-02 -9.10163224e-02 -7.64841676e-01 -4.65063676e-02
 -1.64508566e-01 -5.83992805e-04 -2.19959304e-01  2.31785491e-01
 -8.59945953e-01 -6.21410310e-01  1.37499318e-01 -2.82596558e-01
 -1.24576449e+00 -2.01742709e-01  7.81884372e-01 -5.49222529e-01
  6.47806302e-02 -1.32297754e+00  6.22209907e-01  2.73916483e-01
 -1.50151281e-02 -9.29282084e-02 -4.52223830e-02 -2.39078686e-01
 -2.38415852e-01 -3.35619926e-01 -5.52555621e-01 -4.64290939e-02
 -9.23812103e+00  5.29008865e-01  5.79921067e-01 -8.62425387e-01
 -2.79616956e-02 -4.28765953e-01  1.47873878e+00  1.28143489e+00
 -5.93072832e-01  7.82644749e-01 -5.83924472e-01 -6.92383707e-01
  4.52592194e-01 -6.27433658e-02  2.57324040e-01 -7.30737373e-02
 -1.53387293e-01  3.36932808e-01 -9.21699032e-02  3.50065418e-02
 -3.69533598e-01 -4.27437782e-01  9.45477545e-01  6.01584554e-01
 -7.19990060e-02 -8.66470560e-02 -8.60842839e-02  3.55754882e-01
  2.81537503e-01  5.71990013e-01 -1.56825292e+00  5.48193991e-01
  1.04070790e-01  1.03163213e-01 -3.51165771e-01  5.07684886e-01
  3.86647135e-01 -8.45201500e-03 -1.10098910e+00  1.54105097e-01
  1.21366009e-01  7.33672902e-02  5.12708604e-01 -8.93331543e-02
  1.40092462e-01 -8.93724501e-01  3.37455839e-01 -5.36919534e-02
  6.76311195e-01 -9.59497243e-02 -3.32995802e-01 -3.38018298e-01
  6.66284144e-01 -6.04863942e-01  1.56604141e-01 -8.02797616e-01
  4.93026137e-01 -1.26022041e+00  6.57620192e-01  1.95172906e-03
  1.13118060e-01  2.94932604e-01  3.93211037e-01  6.28082335e-01
  1.90053269e-01  1.01969361e+00 -8.47079396e-01  4.86864485e-02
 -8.13232005e-01  7.25007802e-02 -5.95150888e-02  4.18955028e-01
  1.07886262e-01  1.23298742e-01  6.33737683e-01  2.02790737e-01
 -1.85561642e-01  4.12522219e-02  5.20892143e-01 -5.48740447e-01
  5.43358475e-02 -8.09380054e-01  3.84710282e-01  2.54978657e-01
 -6.32744074e-01  6.57077670e-01  8.29471171e-01 -7.85086393e-01
  1.26869246e-01 -4.63918477e-01  5.51868618e-01 -4.95799303e-01
 -7.34249949e-01  3.61564517e-01 -6.47497773e-02 -2.89964348e-01
 -2.82112509e-01 -2.83341706e-01  9.11585242e-02 -7.54415035e-01]"
エ,"[ 7.49431178e-02  5.01032650e-01  3.71009111e-01 -6.56086028e-01
 -3.93311083e-02  1.11033827e-01  8.59642401e-02  1.29492721e-02
  3.09907757e-02 -2.11056188e-01  9.35834050e-01  1.51548266e-01
  2.76879251e-01 -5.60724914e-01  5.66632569e-01 -4.20523405e-01
 -5.14361337e-02 -4.09527987e-01  8.79349932e-03 -2.53402650e-01
 -6.62889838e-01 -5.67319214e-01 -4.00479972e-01  3.46296370e-01
  2.72009045e-01 -3.10672164e-01 -1.53719122e-02  1.21904902e-01
 -7.11736679e-02 -1.89829588e-01 -5.25779903e-01 -5.60103118e-01
 -1.19114444e-02  3.21192861e-01 -5.74001014e-01  2.33592629e-01
 -2.17736177e-02  2.18208656e-01  3.81268710e-01 -3.95985246e-01
  1.37295693e-01  4.79886025e-01 -7.52676800e-02 -2.06066132e-01
 -9.97740179e-02  5.04196942e-01  1.90258861e-01  2.21398860e-01
  1.71468824e-01  6.79966435e-02 -4.21714067e-01 -1.68467537e-02
  2.04312205e-01 -1.90398887e-01  5.38444705e-02  4.33580458e-01
  5.71286678e-02 -5.62152028e-01 -3.75801064e-02  3.36768448e-01
 -4.25777376e-01 -3.87140930e-01 -4.00727838e-01  4.77067739e-01
 -3.17199707e-01 -2.11854219e-01 -2.09713489e-01  9.56955645e-03
 -4.40587431e-01  1.29947439e-02 -3.03889841e-01  4.24129404e-02
 -9.43005010e-02 -6.75430775e-01  8.31806421e-01  3.75881009e-02
  4.46292728e-01 -6.71996117e-01 -1.21229060e-01 -1.19366713e-01
 -5.26283264e-01  3.42914313e-01 -2.23487273e-01 -6.91354930e-01
 -4.83786881e-01  3.52899700e-01 -6.47834003e-01 -7.44002223e-01
  7.96065569e-01 -6.85420781e-02  8.56943354e-02 -9.58595425e-02
  2.73612171e-01  4.21512663e-01 -1.40418172e-01 -1.87079757e-02
  2.70051777e-01  9.94873978e-03 -8.17176774e-02  3.63323629e-01
 -2.21207719e-02 -1.86085358e-01 -4.17227186e-02 -8.41543451e-02
  1.98291913e-01 -2.14003623e-01 -4.35556881e-02  1.44901589e-01
 -2.94326013e-03 -5.43723404e-02 -1.22122183e-01 -7.23502934e-01
 -2.58875966e-01  2.87857980e-01  1.31301165e-01  2.11674720e-02
 -2.96356976e-01  8.37514222e-01 -4.39513296e-01  4.82495427e-01
  7.97572657e-02  3.57806653e-01 -1.53261676e-01 -2.70175099e-01
 -2.23703012e-01  5.74558675e-01 -1.02646105e-01  3.83036405e-01
  1.74547076e-01 -5.29835880e-01  2.13349923e-01 -2.18502060e-01
 -1.88780800e-01  4.01416272e-01 -5.59132732e-02  6.71357870e-01
  2.78952569e-01  4.71573472e-01  3.28535914e-01 -7.74656117e-01
 -9.57909897e-02  3.11404765e-01  2.69721717e-01 -3.40171039e-01
  5.62755406e-01 -2.15944737e-01  2.51815617e-01 -9.29246992e-02
  1.41218543e-01  3.11568737e-01  1.79130509e-01  1.20471048e+00
 -2.10572332e-01 -1.96618572e-01 -2.36555755e-01 -5.17658889e-02
 -3.07199419e-01  1.25263661e-01  1.05257466e-01  4.95750695e-01
  4.41689968e-01 -3.90760690e-01  4.25344594e-02  4.74080950e-01
 -2.82182157e-01  6.41244948e-01  5.07183194e-01  5.08637130e-02
  3.43918443e-01  6.33344412e-01 -2.84297224e-02  5.08958578e-01
 -1.08605362e-01 -5.63475072e-01 -3.09455097e-02  7.18838274e-01
  3.11085969e-01  6.35863066e-01  6.10875249e-01 -8.96563232e-01
 -1.29546538e-01 -1.18551396e-01  4.23219740e-01 -8.14579189e-01
  4.03254390e-01 -3.26253116e-01  1.59038063e-02 -2.14253545e-01
  1.69885457e-01 -1.01008505e-01 -6.98457658e-01 -7.69030256e-03
  1.10916123e-01 -1.49169326e-01  6.95568621e-02 -2.23351493e-01
 -1.67310871e-02 -1.53420176e-02 -4.73733783e-01  6.62492394e-01
 -1.55940384e-01  2.20743269e-01  5.69845475e-02 -5.21950066e-01
 -1.23164821e+00 -4.40265208e-01  1.79916531e-01  6.10490918e-01
  1.23957217e-01  1.50706798e-01  1.24864198e-01  5.59974611e-01
  1.79614857e-01  4.11330879e-01  8.71389449e-01  8.51402245e-03
 -8.08025599e-01 -4.60823387e-01  7.83801138e-01 -8.63122821e-01
  8.05009827e-02  1.36614740e-01  2.77286381e-01  1.55079171e-01
 -7.04077542e-01 -1.31914457e-02  4.27594572e-01 -7.21594691e-02
  1.84490919e-01  7.93224573e-01 -8.39586034e-02 -7.51721978e-01
 -1.23412168e+00  1.73010528e-01 -6.86014295e-01  2.27877453e-01
 -5.20519018e-01  5.39434791e-01 -2.30349496e-01  7.31074035e-01
 -1.67083248e-01 -2.19035484e-02  3.54957432e-01 -2.39356548e-01
 -5.96496224e-01  2.47126579e-01  2.77322769e-01 -6.43123031e-01
 -8.61402631e-01  1.48505986e-01 -3.95572007e-01 -3.46983105e-01
  5.13678968e-01 -1.92053244e-01  4.30924058e-01  2.74242520e-01
  3.55482250e-01  2.85939753e-01 -1.08376160e-01 -1.78881124e-01
 -4.73172247e-01 -5.59971154e-01 -2.12876573e-01  3.95400524e-01
  3.57731432e-01  4.16701764e-01  2.35432744e-01 -5.40754735e-01
 -7.10140765e-01  1.72899887e-02  2.25649536e-01 -8.14393401e-01
 -1.77157909e-01 -4.11701620e-01 -3.66852552e-01  4.50219691e-01
 -1.02949524e-02  3.20554286e-01 -5.79238422e-02  6.46699190e-01
 -3.70770842e-01  1.49506554e-01 -6.71253860e-01 -1.69505075e-01
  9.71602499e-02 -1.35223299e-01 -5.95333099e-01 -5.81464350e-01
 -6.01678252e-01  3.32408398e-01  2.71419346e-01  1.11821465e-01
 -4.50823575e-01  1.62023589e-01 -2.61740804e-01  1.26052737e-01
  7.69246995e-01 -1.06877536e-01  9.80919078e-02  8.63420725e-01
  2.05881163e-01  1.52816549e-01  1.12961024e-01 -2.91555166e-01
 -8.47493857e-02 -6.28647089e-01 -3.78523648e-01 -3.95426631e-01
  6.10501528e-01 -3.89444649e-01 -1.45683244e-01  1.00770640e+00
 -1.24738075e-01  1.98371142e-01  8.30610633e-01  6.31189704e-01
 -1.38023496e+00 -8.84410068e-02  1.38881400e-01 -9.37888920e-02
 -2.33330622e-01  3.48640352e-01  3.72688621e-01  7.71161169e-02
 -1.58530146e-01 -2.01512918e-01  8.19977105e-01  6.57835662e-01
 -3.07063282e-01 -4.45311606e-01  5.95620811e-01  1.38683528e-01
  3.18892688e-01  5.21704368e-02 -1.05923101e-01  3.50725651e-01
 -4.51859444e-01  2.43814245e-01 -4.37732339e-01 -2.28637934e-01
 -1.23443738e-01  1.99282706e-01  1.53326886e-02  3.55832368e-01
 -1.75238714e-01 -1.93353429e-01  5.62626481e-01  9.20954168e-01
  3.65836382e-01  7.40744352e-01 -1.07005641e-01 -4.05289568e-02
  2.04324976e-01  6.21333897e-01  2.40942016e-01  1.00166395e-01
 -5.82824826e-01 -2.98474967e-01  3.78045946e-01 -2.11902231e-01
 -4.75258201e-01  5.30466795e-01  1.04156449e-01 -2.01849893e-01
 -4.77229506e-01  7.38404274e-01  5.59038401e-01 -2.05956355e-01
  6.61153972e-01  5.55407286e-01  6.56745732e-01  2.72258967e-01
 -1.38809577e-01 -3.04811746e-01 -8.25459585e-02 -7.33940080e-02
 -7.52356723e-02  1.49725646e-01 -3.45039368e-01 -2.78274834e-01
  1.92222535e-03  4.86252047e-02 -4.26040709e-01  1.73490688e-01
 -2.19582468e-01 -6.37617469e-01 -7.79368758e-01 -6.38616085e-02
 -5.98666906e-01 -4.02683556e-01  1.53507710e-01  3.49218369e-01
  4.96404797e-01 -7.46436119e-01 -1.27160102e-01  2.51165897e-01
 -4.92122710e-01 -8.71448442e-02  3.86377841e-01  2.23375782e-01
 -2.90125102e-01  3.03281009e-01 -3.70757431e-01 -4.03794736e-01
 -5.77179134e-01 -4.44060229e-02 -1.04837954e-01  2.17332259e-01
  4.06465679e-01 -2.22239599e-01 -8.43929201e-02  4.95486379e-01
 -3.50905448e-01 -1.52125493e-01 -3.21315140e-01 -2.46775806e-01
 -3.82359296e-01 -4.12671652e-04  2.38200620e-01 -7.21666291e-02
  4.45732325e-01  1.20664507e-01  2.80147403e-01 -2.94679552e-01
  5.58578931e-02 -9.15755033e-02 -6.72047362e-02 -6.94782078e-01
  1.04354882e+00 -2.69881546e-01  6.02235436e-01 -1.58561260e-01
 -1.92069113e-01  5.22306383e-01  1.90169856e-01 -3.55835259e-01
 -8.40175059e-03 -7.83602055e-03 -7.59240210e-01  3.99619490e-01
  1.86790496e-01  4.29634601e-01 -6.99672580e-01  2.84174293e-01
 -7.37468712e-03 -3.83309305e-01  3.45307380e-01  2.95856372e-02
 -8.58638138e-02 -1.76126018e-01  2.84739733e-01  1.12819874e+00
  2.59274393e-01  5.76573610e-01  2.23180369e-01  3.46827544e-02
 -2.90376484e-01  3.83453637e-01  5.88037133e-01  4.45123911e-01
 -2.62109414e-02  3.62952724e-02 -5.89790702e-01 -1.57811478e-01
 -2.34529153e-01 -1.07565261e-01  2.75635540e-01 -3.12539004e-02
  4.42996174e-01 -2.00424671e-01  6.38856515e-02 -1.45128235e-01
 -9.03110743e-01  1.22215673e-01 -1.83455974e-01  1.90583006e-01
  6.72918677e-01  8.66291672e-02 -1.77675679e-01  6.91896319e-01
  1.55387428e-02  2.87879676e-01  2.94174224e-01 -5.04811108e-01
 -2.96197444e-01  7.20140785e-02 -2.90926903e-01 -9.77205262e-02
  2.29391560e-01  3.34298432e-01 -4.12439078e-01 -6.84638262e-01
  3.14877063e-01  1.59763262e-01 -4.36460860e-02 -2.03460261e-01
  1.76448569e-01 -1.12643145e-01 -4.20278698e-01 -3.83272469e-01
 -4.15162832e-01 -3.10437888e-01  1.65065378e-01 -1.24663043e+00
 -2.33240694e-01  1.88436523e-01 -2.68815458e-01 -7.36619309e-02
  4.76408720e-01 -3.35844785e-01  1.45267323e-01  2.70305097e-01
  2.23708168e-01 -2.59050727e-01  1.92719046e-02 -7.95586184e-02
  3.60382497e-02 -1.43853471e-01  8.17067564e-01  1.57955945e-01
  5.94176769e-01  3.02763134e-01 -7.02812195e-01 -5.92044413e-01
 -4.64571029e-01 -7.17980623e-01  6.74262345e-01  2.43594989e-01
  8.04029763e-01 -8.91859178e-03 -1.65393263e-01 -7.11243376e-02
  4.08478856e-01  7.11899251e-02  6.05967902e-02  1.59769386e-01
 -2.14870855e-01  5.21353722e-01 -7.97996402e-01 -7.23581433e-01
  6.33552015e-01  1.01985641e-01 -4.84138072e-01  1.76099405e-01
  4.59033042e-01  1.12507381e-01 -3.67301494e-01  3.59121636e-02
  9.98397097e-02 -3.44982535e-01 -1.47585198e-01  7.24823996e-02
  3.37226003e-01  2.34375075e-01 -2.84378707e-01 -2.74755180e-01
  8.73201549e-01  5.53095937e-01  3.11206371e-01  5.13002574e-02
  1.39406128e-02 -9.74974036e-02 -3.20152581e-01 -2.99951583e-02
  4.05217052e-01  5.80809832e-01 -5.88267036e-02  5.73496640e-01
  3.37932199e-01 -4.85316575e-01 -1.70424297e-01  9.54895794e-01
  7.69428685e-02  4.07064021e-01 -3.71109039e-01 -2.57349730e-01
 -7.02964842e-01  1.88997194e-01 -3.05151016e-01  3.27525251e-02
  6.43477499e-01  3.99682879e-01  3.45081657e-01  1.13673501e-01
  1.36255339e-01 -8.39655027e-02  3.55355710e-01  2.35715985e-01
  3.32238138e-01 -1.44938335e-01  1.77589938e-01  3.90060455e-01
 -3.42190593e-01 -4.44659531e-01 -1.96662620e-01  3.75720471e-01
  7.61897445e-01  6.69720694e-02 -8.96947533e-02 -1.94353417e-01
 -1.42506254e+00  4.08629850e-02  2.39048749e-01 -1.05659887e-01
  6.61223233e-01 -3.57933849e-01 -2.46756338e-03  5.10180533e-01
  7.15527773e-01  9.04975653e-01 -3.29780877e-01 -7.37475991e-01
 -1.50851309e-01 -9.83057022e-02 -2.11136267e-01  3.97500306e-01
  1.60713062e-01  3.46934795e-01  2.55133778e-01  1.90562867e-02
 -5.40425591e-02  6.16401494e-01 -9.06426013e-02 -1.72364384e-01
  5.01456261e-01  2.08467498e-01 -6.07839860e-02  5.16667478e-02
  8.61604735e-02 -7.67332762e-02 -3.33077610e-01  2.26525944e-02
 -4.77579057e-01 -1.98005348e-01 -7.86902010e-02 -7.66219199e-02
  2.64043331e-01  7.17762411e-02 -1.74975291e-01 -2.70109683e-01
 -4.58554663e-02  2.41101071e-01 -5.18975616e-01 -4.91798609e-01
 -1.24326311e-01 -9.21150967e-02 -1.27718940e-01 -3.56086880e-01
 -8.63985896e-01 -7.44039774e-01 -3.18985470e-02  9.38406363e-02
 -6.16404891e-01 -4.53393430e-01  3.09618115e-01  3.29736918e-01
 -1.63864449e-01 -1.09431958e+00  4.66469139e-01  4.08923849e-02
  5.65858066e-01 -4.97309953e-01  1.92539424e-01 -2.81811297e-01
 -3.99208926e-02 -6.17792606e-01 -3.55566889e-01  4.47504193e-01
 -1.01533995e+01 -3.59984040e-01 -7.59553611e-01 -6.85563147e-01
 -2.45858803e-01  2.24058568e-01  1.22064757e+00  3.80887270e-01
 -4.86187279e-01  6.86450005e-02  1.69203162e-01  2.28595912e-01
  9.12148729e-02  6.85228944e-01 -3.79328668e-01 -3.99435788e-01
 -1.46052361e-01  1.55733347e-01 -4.43009511e-02  1.98004439e-01
 -2.46072784e-01 -1.71367183e-01  3.37561756e-01  2.44405299e-01
  4.44576703e-03 -3.16619694e-01 -5.72696507e-01 -1.58001631e-01
 -1.99297741e-01 -7.91026130e-02 -4.22679096e-01  2.34842613e-01
 -2.14701504e-01 -1.03630580e-01 -2.92151541e-01 -1.28618265e-02
 -1.19806953e-01  9.42057893e-02 -8.20350587e-01  4.57287103e-01
  3.88988912e-01 -1.81165531e-01  3.20800781e-01  7.58871958e-02
  3.50387841e-01  1.00688441e-02  8.30795586e-01 -1.30786538e-01
  3.25682312e-01 -5.03523462e-02  3.46918821e-01 -5.06963253e-01
  2.86774725e-01 -3.74339134e-01 -1.17621101e-01 -6.06089197e-02
  8.16559434e-01 -8.02324891e-01  5.16206808e-02  1.02803461e-01
  5.52830510e-02  1.89324647e-01  6.52777076e-01  3.59339446e-01
 -2.30839103e-01  8.04167315e-02  2.59255409e-01  6.44260794e-02
 -4.23123777e-01 -2.59534389e-01  5.51220141e-02  1.73933491e-01
 -1.74712032e-01  1.24423078e-03 -2.37219736e-01  4.57047343e-01
  5.78706324e-01  4.22215372e-01  2.87899643e-01  7.81440958e-02
  3.83422107e-01 -5.83606899e-01  3.23537916e-01  8.98044556e-03
 -6.08517885e-01  2.58649856e-01 -2.11422727e-01 -6.24385923e-02
  3.22138906e-01 -6.66587830e-01  6.35194719e-01 -4.80550468e-01
  3.25992666e-02  2.78866172e-01  6.55025601e-01  1.52695730e-01
 -2.97367096e-01  3.76310833e-02  3.14781755e-01  9.76977646e-02]"
ナ,"[-1.36217847e-01  3.79785836e-01 -7.92758390e-02 -5.09535491e-01
 -1.95318786e-03  2.65511032e-02  3.28162432e-01  1.86124414e-01
 -4.10467416e-01 -4.79793012e-01  5.64779341e-01 -1.58841357e-01
 -3.58249873e-01 -1.21736579e-01  8.01063955e-01 -2.62379080e-01
 -1.14656851e-01  5.74271560e-01  7.07754716e-02  2.66021073e-01
 -1.86416194e-01 -6.59682512e-01  3.99309322e-02  2.96137743e-02
  4.26596284e-01 -2.26286814e-01 -5.27459085e-02  2.43042350e-01
 -1.87669918e-01 -3.39602441e-01 -6.15385592e-01 -7.27221608e-01
 -2.41543472e-01 -5.58901489e-01 -3.99754226e-01  3.63775998e-01
  4.19665515e-01  1.36867613e-01 -1.26615241e-01 -3.62567186e-01
 -3.51681143e-01 -3.00753027e-01 -3.07276398e-01 -3.41567010e-01
  1.82689756e-01  7.73475230e-01 -1.72071517e-01  2.98296034e-01
  1.09790802e+00 -5.19320881e-03 -2.24340603e-01  3.36468339e-01
 -9.59923957e-03 -4.88534989e-03  1.07273594e-01 -1.52681500e-01
  6.55446112e-01  3.33327949e-02 -4.53105271e-02  3.10871243e-01
  6.76823854e-02 -1.04677454e-01  4.56239283e-01  2.24224582e-01
 -7.09120929e-01 -3.74676853e-01  4.51853909e-02 -6.66756928e-02
 -3.65355164e-01 -4.55440432e-01 -3.05466056e-01 -1.93880707e-01
  3.06158047e-02 -8.07640776e-02  1.83492303e-02 -4.41437542e-01
  1.64273813e-01 -4.63895202e-02  5.95329642e-01 -7.01336637e-02
 -3.65556823e-03  5.08116007e-01  5.08597158e-02 -1.96027994e-01
  2.67019659e-01  4.62842956e-02 -3.44363570e-01 -9.88484859e-01
  3.15028399e-01 -2.64876187e-01 -1.39831915e-01  5.50535142e-01
 -2.55879790e-01  1.75825730e-01 -5.80384552e-01 -1.28734753e-01
  1.76557988e-01 -1.89133123e-01  6.04552999e-02  2.59222746e-01
 -4.22254391e-02 -7.70054460e-02  7.04882324e-01 -5.76668568e-02
 -1.53928623e-01  3.42632353e-01 -3.43115151e-01  4.49620113e-02
  2.42110752e-02 -7.46607408e-02 -3.88004512e-01 -3.23105186e-01
  1.31809622e-01  5.69591165e-01 -6.86645955e-02  2.54773289e-01
  8.70746672e-02  2.53773272e-01  2.56878912e-01  2.00417340e-01
  4.36134845e-01  8.56271565e-01 -2.30346486e-01 -1.05310023e-01
 -5.41190982e-01  5.03071785e-01 -1.98655307e-01 -3.05972755e-01
 -1.14055686e-01 -5.99570692e-01  4.72426526e-02  2.75245816e-01
 -1.28947541e-01  2.38380015e-01 -5.20284116e-01  7.78640866e-01
 -1.01966277e-01  4.08485919e-01  4.54666317e-02 -4.16279823e-01
  3.09428930e-01  2.98197530e-02  2.51705293e-02  1.33771747e-01
 -3.04233849e-01  3.02716553e-01  1.36913702e-01 -2.07376768e-04
  3.76660138e-01  5.68434715e-01 -1.34753644e-01  7.10936606e-01
 -7.64993131e-01 -1.17561013e-01  1.90661415e-01  3.33658755e-01
 -7.87062764e-01  2.36750439e-01  4.83446121e-01  8.27533305e-01
  8.74495357e-02 -8.20303857e-01  5.06666861e-02 -5.36461994e-02
  3.01194191e-01  1.36812225e-01  1.21609658e-01 -3.14265013e-01
  4.17913049e-01  4.48738635e-01  3.17748487e-01  2.46622518e-01
  2.27483809e-02 -2.00229630e-01  6.43893063e-01  6.77333772e-01
  2.43685111e-01  2.57706285e-01 -1.15250852e-02 -1.76610917e-01
 -2.47992203e-01 -4.40509081e-01  7.68386200e-02 -1.65818632e-01
  9.74546149e-02 -3.75914931e-01 -1.54532149e-01 -3.64104837e-01
  1.88847661e-01 -1.59631923e-01  6.68581054e-02 -2.98287272e-01
  3.53886485e-01 -1.14993319e-01  2.72798166e-03 -5.53391516e-01
 -3.80839705e-02 -4.13825214e-01 -9.75275040e-02  2.52881944e-01
 -4.01181877e-01  5.58508001e-02 -1.11496776e-01 -1.42224833e-01
 -1.08030295e+00 -5.20593338e-02  3.11988711e-01  7.99841583e-01
  4.60781097e-01  4.70659047e-01 -1.18820198e-01 -2.65575480e-02
  6.86475158e-01  1.83247432e-01  2.20387485e-02  1.38242573e-01
 -6.60987377e-01  1.32219061e-01  2.95667499e-01  5.98401092e-02
 -5.83511233e-01  1.12225980e-01  2.05917597e-01  4.03799087e-01
  4.57566790e-02  6.79417625e-02  8.97147134e-02 -1.06335782e-01
  2.76489615e-01  2.20542759e-01 -9.18733925e-02  2.29321420e-02
 -7.94441044e-01 -1.39095321e-01 -1.19558227e+00  4.44883972e-01
 -1.01232916e-01  5.70947587e-01 -7.26514831e-02  8.01285803e-02
  3.90290692e-02 -2.42909957e-02 -7.13287592e-02 -1.06457040e-01
 -5.04622236e-02  5.21994591e-01 -2.17935219e-01 -2.63024211e-01
 -3.88072252e-01  6.34832829e-02 -9.22822654e-02 -6.15083814e-01
  2.72369564e-01 -2.32835665e-01  6.31019831e-01  4.55764443e-01
  4.66444761e-01 -6.27220929e-01 -3.09162855e-01 -3.47595394e-01
 -2.33423427e-01 -5.47605753e-01  1.95025384e-01 -3.92802775e-01
 -2.44636402e-01 -6.13931753e-03  3.07361662e-01 -7.44153321e-01
 -2.54494816e-01 -5.41086376e-01  2.85130084e-01 -7.32665181e-01
 -3.65930125e-02 -2.10548982e-01 -1.57022804e-01 -2.61361718e-01
 -2.50898272e-01  2.97212362e-01 -7.76135921e-01  1.28358558e-01
 -5.88600695e-01  4.96300757e-01 -7.17930615e-01  2.75920719e-01
  2.24471271e-01 -2.24002495e-01 -4.96995419e-01 -1.19362988e-01
  2.06217155e-01  1.59566939e-01  2.91711509e-01 -1.50227964e-01
 -1.06531978e-01 -2.88291186e-01 -2.69295812e-01 -1.27763137e-01
  1.79937214e-01 -2.57913977e-01  1.82493612e-01 -1.06588555e-02
  4.38590735e-01  5.49603939e-01  5.10780990e-01  8.62148404e-02
 -1.89244464e-01 -5.10406494e-01 -8.06207210e-02 -4.01949018e-01
  8.37279558e-01 -1.27503648e-01  6.81416690e-02  8.43417823e-01
 -3.43123525e-01  4.27420944e-01  4.92610663e-01  3.57669204e-01
 -1.83962739e+00  8.63521472e-02  1.83601186e-01 -1.78991839e-01
 -1.02437764e-01  4.95744765e-01  3.24417114e-01  3.79628479e-01
 -2.82256156e-01 -2.42777660e-01  1.53881446e-01  4.30253983e-01
 -2.43113890e-01 -5.06444931e-01  2.94239849e-01 -1.20952807e-01
 -1.11387268e-01 -5.77569306e-01 -2.61537135e-01  3.22505057e-01
  5.52402794e-01 -7.49784410e-02 -4.16341238e-02 -4.51178700e-01
  1.46364989e-02 -4.89417017e-02 -7.73097873e-02 -3.48984972e-02
 -5.18511772e-01 -2.18516905e-02 -5.50190685e-03  4.79943335e-01
  5.31697452e-01  6.18142724e-01  5.17191410e-01 -3.68477814e-02
  4.15738523e-01  4.09637064e-01  2.78648823e-01  2.58205205e-01
 -1.92478687e-01  3.38051021e-02  6.54076815e-01  4.56723630e-01
  1.25677779e-01  2.34822974e-01  2.94249147e-01  5.72276235e-01
  4.93437529e-01  2.86634922e-01  3.06924045e-01  1.74232289e-01
  4.80722755e-01  7.67842352e-01  4.61996824e-01 -1.49397627e-01
 -5.35545051e-01 -2.07195401e-01  4.61773090e-02 -7.19204664e-01
 -2.36712545e-02  1.69839919e-01  4.68096703e-01 -6.63670242e-01
 -3.45444322e-01 -2.95199662e-01  1.76241323e-02 -7.02230990e-01
 -3.58724922e-01 -6.69557035e-01 -6.39351606e-01 -1.93379059e-01
  1.65576994e-01 -4.11117226e-01  5.45201898e-02 -6.07914478e-02
  7.05879748e-01 -6.72730744e-01 -3.99949640e-01  1.13895223e-01
 -6.31103158e-01 -2.93652326e-01 -3.77531469e-01 -1.63616955e-01
 -3.91004562e-01 -1.25441849e-01  3.14322710e-01 -4.70428199e-01
 -7.83000410e-01 -2.88838267e-01 -6.09501421e-01 -3.22668433e-01
  3.07533801e-01  5.02631187e-01  3.61660123e-02  5.98707616e-01
  2.11616114e-01  3.22341442e-01 -3.80458027e-01  7.36585975e-01
 -8.92982781e-01  4.00662065e-01  2.41615936e-01  4.03680295e-01
  6.13344252e-01  5.35341918e-01  4.90175307e-01  8.57306346e-02
  1.54749513e-01 -3.47645255e-03 -1.79560825e-01 -6.78959489e-01
  6.71502113e-01 -4.02425438e-01  5.00388384e-01 -1.75969094e-01
 -2.62269527e-01  4.49397892e-01 -3.34530354e-01 -2.27431476e-01
 -1.88923135e-01  3.93853813e-01  3.31171937e-02  1.88998282e-01
  2.92169690e-01  9.07335699e-01 -1.43206015e-01 -1.83547169e-01
  9.28238034e-02  1.60436437e-01  4.88099992e-01  1.68469951e-01
  5.57058044e-02 -6.00753911e-02  2.54856884e-01  1.46979168e-01
 -1.44283250e-01  2.38408491e-01  2.79301614e-01  4.87950534e-01
  1.73891008e-01  2.02815458e-01  2.59649754e-01 -1.50730982e-01
 -4.01128232e-01 -4.44263101e-01 -7.44524181e-01 -3.40825647e-01
 -5.52254975e-01 -7.67023489e-02  9.34108198e-01 -2.39603773e-01
  2.25190129e-02 -4.28295434e-01 -4.49173182e-01 -3.42966765e-01
 -5.46806157e-01  1.06074482e-01  4.81443912e-01  2.84314156e-01
  9.18398738e-01  1.30967349e-01 -7.45666564e-01  1.76642686e-01
  2.21011579e-01  4.07253027e-01  6.63063765e-01  9.09066014e-03
  3.50896940e-02  1.83811858e-01  1.82680011e-01  4.70659614e-01
 -1.01974562e-01  6.26978725e-02 -9.40832615e-01 -6.52404249e-01
 -3.24350387e-01  3.67973775e-01  3.67124885e-01 -2.21401602e-01
  4.15161073e-01  9.94877517e-02 -4.92430925e-01 -7.80409276e-01
 -2.40423933e-01 -3.42800945e-01  1.29675731e-01 -9.90501523e-01
 -9.37732756e-02  1.18506961e-01 -1.67349026e-01  4.45392698e-01
  2.83873439e-01 -4.39427286e-01  2.52377331e-01  4.21399295e-01
  5.71334600e-01 -7.26973414e-01 -2.95927469e-02  2.91597378e-02
  4.24708948e-02  2.92873144e-01  2.04589441e-01 -1.02795161e-01
 -7.58736432e-02 -1.95115730e-01 -8.25254500e-01 -4.65269268e-01
 -5.27914286e-01 -1.17438126e+00  6.21102273e-01  1.46073565e-01
  1.34798642e-02 -4.54668194e-01  3.69665682e-01 -9.39018354e-02
  1.79259390e-01  3.46551925e-01  2.71567196e-01 -4.09156322e-01
 -9.87835944e-01  1.17123187e-01 -4.00100410e-01 -7.79720724e-01
 -6.15735836e-02  7.60794103e-01 -3.06203067e-01 -1.51217744e-01
  6.68269396e-02 -4.68070358e-02  5.00749517e-03 -3.84405628e-02
 -2.85034955e-01 -7.58327544e-02  7.27977306e-02  1.18851520e-01
  2.82191873e-01  1.08784445e-01 -5.96040972e-02  1.46751404e-01
  2.27181897e-01  8.85928571e-01  2.84479290e-01  1.18054681e-01
 -3.82209152e-01 -2.01807499e-01 -7.07857534e-02  6.98361918e-02
  2.02183425e-01  4.53183949e-01 -6.44808471e-01  1.25333160e-01
  6.75511301e-01 -6.16195202e-01  6.16117045e-02  4.95503813e-01
  6.56136870e-01  2.38089874e-01 -3.15300524e-01 -1.00683272e-02
 -6.44401968e-01  3.05437386e-01  4.04159427e-01  6.76220596e-01
 -1.20024569e-01  9.89443287e-02 -1.09465942e-01 -8.93416941e-01
 -6.44049406e-01  1.70678586e-01  2.32825950e-01  3.58750582e-01
  2.90902436e-01  6.03955314e-02  3.64982843e-01  2.88788140e-01
  3.25582206e-01  2.98508048e-01 -2.11853176e-01 -1.69587851e-01
  9.25581336e-01 -1.00967355e-01  4.19761032e-01 -5.97174942e-01
 -1.12329876e+00 -1.14141829e-01 -1.00131340e-01  2.89266169e-01
  6.18421614e-01 -2.26853136e-02 -2.46456966e-01  5.18426597e-01
  3.93800706e-01  2.33769998e-01 -3.89728211e-02 -7.22244859e-01
 -5.15709594e-02 -8.79537985e-02 -3.18342112e-02  2.17369661e-01
 -9.24059898e-02  3.81692141e-01  4.86069262e-01  4.05491590e-01
  5.01701906e-02  2.69278318e-01  7.19921067e-02 -2.63382852e-01
  3.92926067e-01  2.74747610e-01 -4.12314445e-01 -3.01242560e-01
  2.44315729e-01 -4.21547800e-01  7.09136343e-03  3.57484549e-01
 -2.73204625e-01 -5.03464162e-01 -1.94650888e-01 -3.36996615e-01
  3.47201884e-01  1.80828840e-01 -5.29132307e-01 -3.22091542e-02
 -6.23873733e-02  3.67710628e-02 -1.78253248e-01 -4.06050496e-02
 -3.81089188e-02 -8.67923498e-02 -1.65621966e-01  3.79243270e-02
 -6.91981614e-01  1.61953513e-02 -8.07290912e-01  1.26615137e-01
 -2.16477290e-01 -7.05652595e-01  4.07820255e-01  7.20290840e-02
 -4.22391802e-01 -1.19935584e+00  3.84969234e-01  1.55750945e-01
  5.93656301e-01 -2.86965460e-01  4.22575116e-01 -2.09008619e-01
  3.65491688e-01  2.06109527e-02 -5.05034685e-01  5.86398458e-03
 -1.02386160e+01  2.93695301e-01 -8.07565212e-01 -4.65996787e-02
 -2.19530776e-01  2.15877116e-01  4.06636357e-01  2.02618510e-01
 -1.14357591e-01  7.83499703e-02  4.85066801e-01  6.26463711e-01
  2.03689128e-01  3.30434442e-01 -5.96944213e-01 -2.57458121e-01
  1.55121490e-01 -5.21634400e-01 -4.14517932e-02 -6.80052564e-02
  3.14117461e-01 -5.96499518e-02  7.12457478e-01  4.58022505e-01
 -4.48841117e-02 -2.83873647e-01 -4.76288140e-01  6.18951201e-01
 -3.41623366e-01  3.32348108e-01 -5.62076449e-01  2.32299924e-01
  3.24432969e-01  5.09893335e-02 -3.02852899e-01 -2.84949720e-01
 -8.83074999e-02  1.36656255e-01  1.83941081e-01  1.22880384e-01
 -4.62945290e-02  4.57452267e-01  5.45233749e-02  6.43202439e-02
  2.69053727e-01  3.59110266e-01  4.33827117e-02  3.14644277e-01
  5.46511352e-01 -2.06803922e-02 -1.34080142e-01 -2.38514975e-01
  1.48372516e-01 -1.07856549e-01  3.60755771e-01 -3.13270502e-02
  7.97114253e-01 -2.66944528e-01 -3.02110076e-01  3.60109583e-02
  4.78554875e-01 -1.68002859e-01  6.27351522e-01  3.93252403e-01
  3.06651354e-01  3.53701234e-01  5.44516444e-01  3.99895757e-01
 -2.98449010e-01 -3.67829949e-01  2.15354741e-01  2.46415168e-01
 -1.14773951e-01 -3.16884935e-01 -3.18966627e-01  6.03009045e-01
  6.61231354e-02 -2.57588595e-01 -2.31780112e-02  9.41014364e-02
  2.65585244e-01 -5.33725787e-03 -4.46496755e-01  5.85658699e-02
 -9.59826112e-01 -6.34158403e-02 -3.14684808e-02  4.64487463e-01
  1.35348931e-01 -6.52033329e-01  4.94852304e-01 -1.96370915e-01
  1.20603964e-01  5.20343333e-02 -7.96077028e-02  9.75164324e-02
  2.76541382e-01  1.29650429e-01  6.51039779e-01  3.14553797e-01]"
ド,"[ 4.55315076e-02  1.11755431e+00  2.32576534e-01 -3.21958840e-01
  7.47614861e-01  5.10799587e-01  1.95131972e-01  1.09812263e-02
 -3.30355972e-01 -9.02393982e-02  3.31177711e-01 -1.54019962e-03
 -4.19891864e-01 -3.24253827e-01  4.57445800e-01 -4.27364469e-01
 -4.09955829e-01 -2.05799937e-01  1.01997025e-01 -6.08689785e-01
 -4.50045049e-01 -3.54958773e-01 -2.98420668e-01  3.72499108e-01
  3.64646375e-01 -5.11211693e-01 -6.15701936e-02  3.22499931e-01
  2.21713856e-01 -7.51865923e-01 -1.30349007e-02 -9.61925447e-01
 -2.46155307e-01 -1.08344562e-01 -6.16706371e-01  2.94032812e-01
 -6.27324879e-02 -5.04684746e-02  3.31844389e-01 -1.41736478e-01
  8.70209858e-02 -2.00183123e-01 -1.66388154e-01  1.27112284e-01
 -1.48712769e-01  4.60621148e-01  2.23002717e-01  7.75551081e-01
  3.53919744e-01 -2.19537035e-01 -2.51669526e-01  5.80110431e-01
  1.61497131e-01  3.06547046e-01  4.12699491e-01 -1.15309440e-01
  6.86840415e-01 -6.64283693e-01 -1.21976562e-01 -8.32865089e-02
 -6.72163188e-01 -4.82379436e-01 -4.39141989e-01  8.09119865e-02
 -3.53929341e-01  4.28402811e-01 -4.96427208e-01  5.20951271e-01
  3.44881773e-01 -4.05663490e-01  1.55628294e-01  1.56816673e-02
 -5.53560495e-01 -3.53899628e-01  5.10631382e-01 -2.07908258e-01
  7.81936526e-01 -5.40003359e-01  1.52715027e-01  1.54920578e-01
 -3.53737354e-01  4.76619989e-01  1.14100963e-01 -6.12415135e-01
 -2.85712719e-01 -1.47426501e-01 -9.43577528e-01 -9.65062380e-01
  4.60504442e-01 -2.85127997e-01 -2.08443001e-01  4.80536312e-01
  2.70960107e-02  4.44375545e-01  1.24381810e-01  2.16947019e-01
  2.40557224e-01 -4.31803942e-01 -1.26883090e-01  1.47686675e-01
 -2.15708569e-01  1.00079574e-01  5.20579934e-01 -1.78711131e-01
 -8.07533786e-02  4.91405994e-01 -3.10902685e-01  5.69681883e-01
  9.87765864e-02  3.43720943e-01 -1.40485406e-01 -6.20470226e-01
 -3.93896937e-01 -5.63206486e-02  1.12670824e-01 -5.25189005e-02
 -1.38906091e-01  7.54071414e-01 -4.68264878e-01  4.74120319e-01
 -1.11972459e-01  2.14550972e-01  2.40050629e-03 -5.45545578e-01
 -1.41890496e-01  4.55065876e-01  3.62888277e-01 -3.00867315e-02
 -2.49312203e-02 -3.26199740e-01 -2.32995838e-01 -2.68152356e-01
 -4.81540672e-02  3.38615149e-01 -6.89116299e-01  3.89741987e-01
 -1.61175877e-01  2.85428584e-01 -1.87231809e-01 -3.44847232e-01
 -3.35158765e-01  1.14251338e-01  5.94641566e-01 -5.95182776e-01
 -2.75190800e-01  4.20189559e-01  9.40943956e-02 -5.69419980e-01
  2.70485938e-01  3.65358621e-01  5.51536679e-03  1.10252082e+00
 -7.91772962e-01 -2.90080994e-01  4.76526469e-01  2.50107318e-01
 -3.62200499e-01 -4.11701538e-02 -1.45468544e-02  8.14491689e-01
  8.68468266e-03  3.47299082e-03  2.12257862e-01  4.26737428e-01
  7.06742406e-02  5.32699704e-01  7.06891656e-01 -1.88672602e-01
  2.34730989e-01  5.82557380e-01  3.37686628e-01  2.60598183e-01
 -1.75097615e-01 -3.82202417e-01  1.76600382e-01  2.46852100e-01
  7.39481926e-01  1.87200159e-02  5.61777055e-01 -3.73308599e-01
 -3.51623416e-01  8.32774639e-02  4.02914912e-01 -9.02503908e-01
  7.07336664e-01 -1.21645108e-02  1.55199617e-01  2.90937871e-01
 -3.79981339e-01  4.20105718e-02 -1.06332853e-01 -1.20890453e-01
 -2.27990746e-01 -5.23127377e-01 -3.76971304e-01  1.65440127e-01
  3.23129207e-01  3.30207705e-01 -5.13428986e-01  3.67783904e-01
  1.65996119e-01  2.96532631e-01 -4.66203213e-01 -8.11758876e-01
 -8.01783025e-01 -3.27615887e-01  2.71572620e-01  4.00009006e-01
  3.10397416e-01  1.14281438e-01 -6.72237575e-02 -6.80930614e-02
  3.73996586e-01  3.51493619e-02  1.08186889e+00 -2.29946718e-01
 -1.18893516e+00 -7.12735474e-01 -1.95729826e-02 -3.28347147e-01
 -1.62485942e-01  5.81881218e-02  4.63397473e-01 -9.89036635e-02
 -7.56534711e-02  4.22470033e-01  7.58683860e-01 -1.31244631e-02
 -1.83842465e-01  4.14778352e-01 -2.77423561e-01 -7.32342899e-01
 -8.95318925e-01  1.46392554e-01 -5.18827260e-01  2.32696503e-01
  5.14056608e-02  5.12724996e-01 -2.08409391e-02  6.26272440e-01
 -1.19962409e-01  2.50342011e-01  4.02904928e-01 -4.22562242e-01
  2.43577808e-01  9.15516540e-02 -3.76591474e-01 -9.26035866e-02
 -1.81203380e-01 -3.65991503e-01 -7.28313625e-01 -5.40764391e-01
  8.18124115e-02 -1.25387013e-01  3.47557366e-01  6.98478580e-01
 -9.86943245e-02 -1.26807429e-02  1.13970272e-01 -1.94940314e-01
 -5.87723672e-01 -8.35766017e-01 -2.66215324e-01  3.99192363e-01
 -2.62882616e-02  6.98470846e-02  2.77764142e-01  5.45241572e-02
 -2.32588381e-01 -5.78888476e-01 -9.45299026e-03 -5.43452561e-01
 -5.66882491e-01 -2.20999479e-01 -5.42185545e-01 -1.01815611e-01
  2.53356725e-01  5.66718996e-01 -1.35609865e-01  2.61967599e-01
 -2.85428762e-02  8.78275096e-01 -5.51714778e-01 -1.46154299e-01
  9.40372497e-02 -9.41233486e-02 -2.54329860e-01 -7.30964303e-01
 -9.44521666e-01  2.08244026e-01  1.72847524e-01 -1.89614311e-01
 -3.16914916e-01 -7.17748180e-02 -7.12906182e-01  4.76904511e-01
  2.16579884e-01 -2.84142941e-01  2.91102529e-01  1.10423535e-01
  6.53563321e-01  4.11990315e-01  4.19668168e-01 -1.48836583e-01
 -7.21823514e-01 -4.04432923e-01 -2.54182786e-01  5.50036788e-01
  7.90183246e-02 -2.65042305e-01  3.59886646e-01  8.03833663e-01
 -3.30285639e-01 -1.55856267e-01  9.20703411e-01  2.73477077e-01
 -1.48055542e+00 -2.09883302e-01  9.85985279e-01  4.44575518e-01
 -3.68259370e-01  5.19403994e-01 -5.20439781e-02  1.65162355e-01
 -1.76043898e-01 -5.38102150e-01  7.42182672e-01 -2.75989711e-01
 -2.50312060e-01 -2.47410357e-01  1.03768818e-01 -3.15879211e-02
  2.60065556e-01 -3.54988128e-01  4.37795639e-01  3.69109482e-01
 -9.82329965e-01 -4.29556705e-02  3.37161660e-01 -5.54540642e-02
 -7.80307949e-02  3.29323262e-01  3.20045799e-01  3.08395505e-01
 -5.04183650e-01 -2.36765802e-01  1.19650744e-01  1.21294975e+00
  4.74753708e-01  4.97335583e-01 -8.21120068e-02 -3.80508482e-01
  5.10926187e-01 -1.98383629e-02  1.54334888e-01 -2.96208054e-01
  1.67447347e-02  8.60470682e-02  1.68188468e-01 -1.64839566e-01
  4.23358232e-01  1.43127264e-02 -2.77433157e-01  2.30011255e-01
  3.62777293e-01  2.59514451e-01  6.91717684e-01 -1.10888518e-01
  2.75709212e-01  4.16298300e-01  2.54351974e-01  9.60005894e-02
  3.29575539e-02 -5.81822544e-02  2.16672763e-01 -2.64051408e-01
  2.54324041e-02 -3.62642407e-01 -1.78867087e-01  3.10761034e-01
 -1.03068270e-01 -2.65651405e-01 -6.60433024e-02 -2.03510582e-01
 -2.60204136e-01 -6.52118623e-01 -1.96432471e-01  5.02503626e-02
  1.16004296e-01 -5.46934724e-01  2.83550560e-01  5.81880987e-01
  3.76488566e-01 -1.37686104e-01 -2.11970657e-01  2.32429311e-01
 -2.80458689e-01  5.17517217e-02  5.40854037e-01  6.81786314e-02
 -1.12886243e-01 -2.36835539e-01 -2.43052214e-01 -2.80264229e-01
 -8.58571768e-01 -6.98700964e-01 -7.87719667e-01  1.54490083e-01
  3.78914960e-02  5.91637850e-01 -2.83047676e-01  2.72194564e-01
  3.83623183e-01  6.06366396e-01 -4.16234672e-01 -6.45413041e-01
 -3.70604008e-01  1.32641703e-01 -1.51656121e-01  6.30757306e-03
  2.56741434e-01  3.21171314e-01  2.61879623e-01  2.72517830e-01
 -3.00316364e-01  3.72765511e-01 -2.79667705e-01 -2.64698863e-01
  6.81614459e-01 -2.63181955e-01  2.82554533e-02 -5.06602563e-02
  4.60825600e-02  7.93179989e-01 -4.62586552e-01 -8.16000760e-01
 -5.75939119e-02  3.32432054e-02 -3.44895184e-01  8.19839478e-01
  1.98205397e-01  7.84979701e-01 -9.80474949e-02  1.96167499e-01
  8.87225568e-02 -3.44812065e-01  7.09101081e-01 -6.76544905e-01
  1.67844206e-01 -7.21417516e-02  5.22601664e-01  3.86695564e-01
  5.43839037e-01  1.67074978e-01 -2.05198348e-01  7.63194114e-02
 -8.17956388e-01  1.87827051e-01  5.14328301e-01  4.63790357e-01
 -2.11256728e-01  2.53326654e-01 -3.81755769e-01  2.92500407e-01
 -7.36772045e-02 -5.82855567e-02  3.24584484e-01  5.38300097e-01
  3.77806067e-01 -3.39343131e-01 -5.89413226e-01 -1.95186347e-01
 -8.90896559e-01  2.95145035e-01 -1.33885816e-01  1.02199644e-01
  2.98054338e-01  3.32502574e-01 -5.38739681e-01  2.91222364e-01
  1.38280317e-01  3.08557600e-01  5.49443625e-02 -4.47300941e-01
 -3.00204694e-01  5.77725112e-01  1.79659590e-01  3.94515619e-02
  2.07430467e-01  7.31396675e-01 -5.12926519e-01 -2.86403358e-01
  3.72885615e-01 -1.20520540e-01 -1.17090791e-02 -3.28241348e-01
  5.40440321e-01  2.35907137e-01 -4.13057894e-01 -1.63695458e-02
 -2.38099456e-01 -4.49655086e-01  3.90577495e-01 -1.54896393e-01
 -3.61666262e-01 -6.32753456e-03 -1.75133988e-01  3.90436858e-01
  7.49638200e-01 -5.30076683e-01 -2.81725585e-01  3.07649881e-01
  1.62358254e-01 -2.88051724e-01  2.39426330e-01 -3.19162458e-01
  7.56315142e-02 -2.80314852e-02  5.38301647e-01 -5.84745072e-02
  2.68732280e-01 -7.35778585e-02 -1.08876824e+00 -1.72088996e-01
 -2.88106650e-01 -9.14527535e-01  1.73389897e-01  2.12015688e-01
  7.23597109e-01 -7.80504167e-01  1.40555725e-01 -4.63976711e-01
  1.71863347e-01 -4.03306484e-02  2.07838729e-01 -1.13437563e-01
 -8.72646987e-01 -2.70157754e-01 -4.01931971e-01 -9.18276191e-01
  5.21984398e-01  1.07134497e-02 -5.95794141e-01  3.51455957e-01
  4.69397217e-01  2.18168497e-01 -2.67468423e-01 -2.59960651e-01
 -1.19215600e-01  2.92843878e-01  3.06437872e-02 -9.15895998e-02
  4.08497691e-01  5.22224009e-01 -4.91925776e-01  2.04182178e-01
  8.30911100e-01  5.28829277e-01  7.85694003e-01  4.86160666e-01
 -1.92168981e-01 -7.58914277e-02 -5.12657225e-01  2.84515560e-01
  1.90621048e-01  4.56086755e-01 -3.04732233e-01  1.79097265e-01
  1.96817890e-02 -1.62735179e-01  2.57049859e-01  9.36145365e-01
  2.20835879e-01  8.45273614e-01 -9.66596529e-02  5.99004067e-02
 -9.07098830e-01 -7.08995610e-02  2.59755291e-02 -4.93510127e-01
 -2.28941545e-01 -2.77773470e-01  1.58618689e-01  3.68444510e-02
  3.46885145e-01 -4.76304442e-02 -1.03774622e-01 -1.64152473e-01
  3.50193560e-01 -2.02909589e-01  5.38882077e-01  5.21877825e-01
 -7.19965875e-01  3.78570318e-01 -1.83089614e-01  3.52429897e-01
  7.73001313e-01  1.21438175e-01  4.32219416e-01 -2.50856370e-01
 -6.10104203e-01  4.24617618e-01  5.48097901e-02 -7.75216753e-03
  4.32025224e-01 -3.00250858e-01  1.31285414e-01  3.74121040e-01
  3.56966496e-01 -1.18624613e-01 -3.93697172e-02 -8.00083280e-01
  2.20604897e-01 -3.44235264e-02 -8.08074474e-01  2.06579664e-03
  4.73022535e-02  1.75712317e-01 -2.06864432e-01 -5.54128766e-01
  3.28743756e-01 -2.38005370e-02 -3.47273163e-02 -2.26674736e-01
  3.85114431e-01  1.62571698e-01  1.18773490e-01  3.42263758e-01
  6.19489729e-01 -1.83380139e-03 -1.32681713e-01  5.43957651e-01
 -1.22049332e-01 -3.73058021e-01  3.41446698e-01  4.07545894e-01
 -9.99799445e-02 -3.87736112e-01  1.99082986e-01 -3.44607979e-01
  2.38866389e-01 -3.22737634e-01 -4.21933740e-01 -1.51335597e-02
 -6.28197342e-02  2.55022407e-01  3.45618248e-01 -6.63866028e-02
 -4.38629985e-01 -4.68990803e-01 -1.89684182e-01 -1.88217252e-01
 -7.86879897e-01 -2.48291731e-01  4.73972648e-01 -2.76552647e-01
 -2.79158682e-01 -1.24078703e+00  3.88753533e-01  1.73638493e-01
 -1.92997756e-03 -4.55608934e-01  5.01871288e-01  2.57328432e-02
  1.03665382e-01 -1.63757652e-01 -5.17868936e-01  4.33847964e-01
 -1.01105719e+01  6.14515953e-02 -5.47154248e-01 -5.84152520e-01
  1.62509561e-01  1.76520169e-01  9.39229727e-01  4.49118584e-01
 -2.85923094e-01  6.45708069e-02 -3.96921039e-01  1.57889232e-01
  2.04660401e-01  6.15660787e-01  5.76042719e-02  1.88562404e-02
 -2.82132745e-01  1.88882127e-02 -4.06774879e-01 -3.25595215e-02
 -1.90356180e-01 -3.47908974e-01  8.18647087e-01  3.50688815e-01
 -1.97529286e-01 -4.10449266e-01 -1.66400269e-01 -3.63952190e-01
 -3.62812459e-01  1.20507255e-01 -1.09540057e+00  1.14383745e+00
  2.03297228e-01  5.98883107e-02  5.53371534e-02 -1.91985965e-01
 -1.52093470e-02  1.45486668e-02 -5.30895233e-01  4.76681203e-01
  1.70698315e-01  8.38994563e-01  1.97993353e-01 -5.24232805e-01
  3.74485224e-01 -2.77686659e-02  3.91069680e-01  1.95419136e-02
  1.71389148e-01 -3.36142689e-01 -2.95087099e-01 -1.16306106e-02
  2.42438808e-01 -2.21141651e-01  2.98136950e-01 -6.06329441e-01
  1.60945356e-01 -9.52497661e-01  3.12873840e-01  8.50829706e-02
  4.78727728e-01 -1.17156260e-01  6.27334356e-01  3.14706266e-01
  8.76415819e-02  6.82443798e-01 -1.28832281e-01  2.48414695e-01
 -3.20647269e-01  1.92922726e-01  3.81642669e-01 -1.73503876e-01
  5.88144362e-02  8.53994191e-02 -4.15856063e-01 -7.12278336e-02
  2.57334232e-01 -5.90681285e-02  6.68320715e-01  7.81078488e-02
  3.00986588e-01 -2.35781461e-01 -9.86617357e-02  2.43246689e-01
 -7.73735046e-01  3.72999050e-02  2.21975390e-02 -6.01805151e-01
  4.07343268e-01 -4.90831435e-01  3.36940438e-01 -2.12287992e-01
 -3.89651537e-01  1.25789598e-01  3.83134156e-01 -6.11753874e-02
  4.56875890e-01  6.00942850e-01  3.94244462e-01 -4.95429456e-01]"
ニ,"[ 2.39988178e-01  4.98018354e-01  8.95507991e-01  5.04149776e-03
 -2.96980441e-01 -1.28887564e-01  8.37725878e-01 -2.46583581e-01
 -6.96334004e-01 -3.83814514e-01  5.02365887e-01 -2.31945470e-01
 -2.09004536e-01  1.23188756e-02  3.37587237e-01  9.55833197e-02
 -2.99468726e-01 -3.32096785e-01  1.05328545e-01 -3.35621864e-01
 -1.19924712e+00 -4.85773325e-01 -1.45177497e-02  6.03932813e-02
  5.99503107e-02 -7.81361461e-01  1.38590381e-01  7.01314211e-02
  1.48276970e-01 -4.49906230e-01 -5.65768123e-01  9.19201374e-02
 -1.73622057e-01  3.05349496e-03 -4.91009176e-01  6.13108039e-01
  1.52755463e-02 -9.71176624e-02  5.18929482e-01  1.48104697e-01
  3.02371359e-03 -1.04456700e-01  2.00241767e-02  4.10717428e-02
 -1.00732647e-01  4.26466435e-01  1.32814810e-01  4.96850312e-01
 -1.85599312e-01 -1.61219478e-01 -3.43895525e-01  3.89820635e-01
  5.20955980e-01  1.57752603e-01  1.92417175e-01  6.55715242e-02
  8.84710133e-01 -6.20181322e-01  2.48170391e-01  4.45669949e-01
 -4.49268341e-01 -5.54559171e-01  2.07646072e-01  9.06073600e-02
 -3.40903044e-01  4.91930664e-01 -5.97350180e-01 -1.56829968e-01
  4.56269503e-01 -5.39125562e-01  4.92937267e-02 -2.53828436e-01
  1.44734114e-01 -7.69211173e-01  5.15935540e-01 -4.59401578e-01
  1.82134658e-01 -1.12531677e-01 -7.64267743e-02  1.73809811e-01
  2.12652758e-01  2.44235754e-01  5.53750321e-02 -6.86998665e-01
 -3.67736429e-01  6.94059134e-01 -9.10184622e-01 -1.08163643e+00
  8.66368055e-01 -2.36262754e-01 -1.76884800e-01  3.00073773e-01
  1.56975225e-01  8.42565894e-02  6.70451820e-01  6.20414972e-01
  8.54531080e-02  2.57643044e-01  2.82056499e-02  2.92650551e-01
 -3.81049931e-01 -2.81757742e-01  3.63446027e-01 -3.95799786e-01
 -4.15611774e-01  2.61318475e-01 -1.87292680e-01  3.63612592e-01
  9.76108462e-02  4.04498488e-01 -2.06691846e-01 -9.86826599e-01
 -2.26228744e-01  1.46449551e-01  5.39549470e-01  2.33269021e-01
 -1.63488612e-01  3.49314034e-01 -2.61843711e-01  2.53573030e-01
  1.71662539e-01  5.83239615e-01 -3.42006832e-02 -1.10916424e+00
  7.96048045e-02  3.21269304e-01 -8.85724649e-02  2.60915197e-02
 -1.13755137e-01 -1.52995363e-01 -4.82470751e-01 -6.09114051e-01
 -3.28988731e-01 -9.74496305e-02 -6.01261318e-01  6.51743472e-01
  6.65056109e-01  5.21687448e-01  8.27017352e-02 -2.81015009e-01
 -6.03887081e-01 -6.20010272e-02  4.01846975e-01 -3.22541028e-01
  6.03326857e-01 -1.02281785e-02 -4.96304125e-01 -4.26085979e-01
  1.62226528e-01  1.48317486e-01 -1.59876928e-01  8.02332342e-01
 -7.59132564e-01 -6.17249794e-02  1.53783709e-01  4.51979250e-01
 -7.27886617e-01  1.69708714e-01  2.76408553e-01  1.89026684e-01
  7.83275664e-01  3.37716967e-01  1.77055672e-01  7.06372678e-01
  3.58970881e-01  3.68409246e-01  3.85559678e-01 -3.53331655e-01
  1.53440619e-02  4.55874085e-01  3.50383490e-01  2.17953846e-01
  7.68198848e-01  1.38644367e-01 -5.55621028e-01  6.62138402e-01
  1.07146370e+00 -3.01238596e-01 -2.04942793e-01 -5.72211206e-01
 -2.70607501e-01 -2.14417055e-01  5.49105227e-01 -7.79320717e-01
  5.07459939e-01 -6.77689153e-04  2.81504181e-04 -2.34270364e-01
  1.57279626e-01  6.06056094e-01 -4.20353681e-01 -5.84464729e-01
  2.66149670e-01 -5.12387574e-01 -2.07080051e-01 -2.71703005e-01
 -2.05106005e-01  2.20942393e-01 -9.21006858e-01  3.23648512e-01
  4.33096886e-01  7.33364746e-02 -1.98340982e-01 -4.93855506e-01
 -6.89294100e-01  6.02587014e-02 -8.97126719e-02  3.99407655e-01
 -1.87018573e-01  8.92463326e-02 -2.99725264e-01 -1.55441687e-01
  3.47486079e-01  2.82178491e-01  4.19694215e-01  1.55134380e-01
 -1.16505414e-01 -1.75717235e-01  3.27611148e-01  5.51695228e-02
  3.73387218e-01 -1.66614413e-01  1.50819710e-02 -2.42360711e-01
  1.22449778e-01  5.37093580e-01  3.70651454e-01 -6.75179839e-01
 -2.30487987e-01  4.68411744e-01 -6.56977355e-01 -8.94375801e-01
 -5.81995785e-01 -1.02702983e-01 -5.70869088e-01 -5.74259520e-01
 -4.28675741e-01  2.31389746e-01 -5.87648094e-01  5.27140200e-01
 -1.35432541e-01 -3.49061757e-01  2.20525056e-01 -5.16434789e-01
 -2.15833813e-01  1.98885590e-01  1.23256803e-01 -1.67608425e-01
 -6.28982604e-01 -2.82601506e-01 -2.26736084e-01 -2.49921575e-01
  1.01974934e-01 -3.67952704e-01  5.21100342e-01  7.17682838e-01
  8.67065132e-01 -1.78678766e-01  3.08760971e-01 -3.62246484e-01
 -4.94038820e-01 -6.56109869e-01  7.56227598e-02  1.84467956e-01
 -9.68985036e-02  4.71398607e-02 -1.32945165e-01 -2.87313789e-01
 -9.78180587e-01 -3.19053590e-01  3.31853360e-01 -2.46191680e-01
  1.73809994e-02 -1.85013145e-01  4.62290138e-01  1.79328620e-01
  2.59251177e-01  7.66176939e-01 -3.64025652e-01  2.71997869e-01
 -3.02224636e-01  2.61138618e-01 -6.11751914e-01  1.41730681e-01
 -1.54224768e-01  4.24566209e-01 -5.10331392e-01 -5.34509361e-01
 -5.33447266e-01  7.16960073e-01  4.46059614e-01 -6.07499242e-01
  2.07023591e-01 -1.22298248e-01 -5.59150815e-01  4.84924793e-01
  3.39263827e-01  2.01661754e-02  2.77093083e-01 -7.16230199e-02
  6.28801644e-01  2.93567091e-01  8.05922031e-01 -8.94927382e-02
 -2.00201899e-01 -1.22476704e-01  1.70935780e-01  7.12828279e-01
  1.83763400e-01 -8.02681029e-01  6.80369377e-01  3.82238477e-01
 -5.34948111e-01  3.93619537e-01  5.95366955e-01  5.87542713e-01
 -1.38230765e+00 -1.75351441e-01  6.86440587e-01  7.56553888e-01
 -6.60086274e-01 -7.14258658e-06  2.97134340e-01  3.12337548e-01
 -1.88899130e-01 -2.40754262e-01  1.23286712e+00 -9.09240395e-02
 -6.52929991e-02 -2.22514734e-01 -7.49331564e-02 -3.39318931e-01
  2.48290256e-01 -3.78671199e-01  9.35624242e-02  4.35639024e-01
 -5.85079014e-01 -1.83174744e-01 -3.18006545e-01 -2.90594935e-01
 -4.24087793e-01  6.38543367e-01 -5.36976278e-01 -1.30527511e-01
 -1.90998502e-02 -4.49397177e-01 -1.47821322e-01  1.06924582e+00
  1.11024654e+00  1.68292746e-01 -8.28435302e-01 -7.25870073e-01
  1.02730483e-01 -3.82748246e-01 -9.08938646e-02 -5.36572218e-01
  1.47394165e-01 -2.61008650e-01 -2.49914333e-01 -1.99813452e-02
  4.39121537e-02  1.04779318e-01 -2.14180186e-01  1.83400869e-01
 -3.46643627e-01  3.88646126e-01  1.03277528e+00  3.49547789e-02
  3.68846476e-01  6.38868928e-01  6.72288179e-01  3.38695914e-01
  6.50130883e-02 -8.78607035e-01  6.81200475e-02 -5.90404987e-01
  4.95224267e-01 -8.86519551e-02 -7.30560660e-01  9.07346785e-01
 -8.63807574e-02  1.66115239e-01 -3.56405050e-01 -5.11898935e-01
  2.59050071e-01 -4.33588028e-01 -1.34439599e-02  1.83345765e-01
  1.51775464e-01 -1.97776735e-01  7.99921691e-01  4.20220852e-01
  6.37763143e-01 -4.77705687e-01 -7.68992126e-01 -1.67379096e-01
 -3.21367145e-01  1.55838728e-01  3.72185826e-01  5.08289456e-01
 -9.48093012e-02 -1.15304634e-01  1.59989353e-02  2.06453741e-01
 -9.58780050e-01  6.85359314e-02 -6.51793361e-01  7.04318658e-02
  7.30981156e-02  2.11315274e-01  3.15223746e-02  5.27812578e-02
  3.18917871e-01  5.80801547e-01 -7.78379977e-01 -1.61388829e-01
  1.78864390e-01  3.19994479e-01  3.38855326e-01  6.49617970e-01
  5.54922700e-01  5.90652749e-02  5.40966034e-01 -2.23577231e-01
  3.46589625e-01  1.65587157e-01  1.74746141e-01 -5.20546496e-01
  9.49707210e-01 -4.51154590e-01 -8.76128525e-02  1.54448807e-01
  6.02484681e-02  5.61193466e-01 -4.67550218e-01 -8.07605207e-01
  4.19911563e-01 -1.82609066e-01  5.61552107e-01  1.18297470e+00
 -8.05006996e-02  2.96015471e-01 -4.64479625e-02  1.87562793e-01
 -2.05320850e-01  3.64763290e-01 -1.00939989e-01 -6.39843345e-01
  4.27743912e-01  1.48142621e-01  2.72276789e-01  1.41129005e+00
  8.62573981e-02  2.67267913e-01  1.45289376e-01  2.41290808e-01
 -3.22308242e-01 -9.55208763e-02 -3.00914079e-01  1.27816588e-01
 -1.15207039e-01  8.35735679e-01 -6.28821492e-01  5.30882254e-02
 -1.28828391e-01  5.24586625e-02  6.77211404e-01  4.08189178e-01
  1.27430807e-03 -3.65740597e-01 -5.74689567e-01 -4.13478673e-01
 -4.50351298e-01  1.39700668e-02 -6.15269423e-01 -5.08028306e-02
 -2.44748503e-01  4.97177429e-02 -9.58145142e-01  4.67866123e-01
  4.89380181e-01  6.27292097e-02  1.94662705e-01 -5.68079174e-01
 -1.69913232e-01  5.43918490e-01 -6.85943604e-01 -6.36755109e-01
  2.70639420e-01  6.15531914e-02 -3.26060712e-01 -9.57592249e-01
 -1.97490796e-01 -3.58115435e-01  2.89127558e-01 -4.28639263e-01
  1.62303254e-01  1.23498198e-02 -5.65133810e-01 -1.75413221e-01
 -5.32848775e-01 -3.94395769e-01 -7.78370649e-02 -1.52942285e-01
 -4.35021520e-02 -2.34165028e-01  4.55569178e-02  8.60987008e-01
  5.78102887e-01 -3.40484947e-01 -6.78211376e-02  6.00131154e-01
  1.34011349e-02 -3.03174287e-01  1.34680793e-01 -1.44233227e-01
 -5.26163042e-01  4.35550392e-01  5.09154499e-01 -8.33733231e-02
  2.18092039e-01  2.67089635e-01 -7.99122572e-01 -4.18002486e-01
 -3.34506005e-01 -1.05095851e+00  4.23824608e-01 -3.56232166e-01
  8.67233098e-01 -5.95498502e-01  4.30989295e-01 -4.02423292e-01
  3.90986919e-01  1.71622541e-02  4.16390330e-01 -4.85770315e-01
 -1.32328975e+00 -3.38276356e-01 -2.78126150e-01 -6.34211361e-01
  1.08852756e+00 -1.20027043e-01 -7.55029440e-01  2.68978149e-01
  2.81859577e-01  1.83319554e-01 -2.46581674e-01  2.26847857e-01
 -3.90494317e-02 -1.69130769e-02  8.01749900e-03 -1.57665983e-01
  3.53744954e-01  3.58544439e-01  1.78397536e-01 -9.76162311e-03
  8.24940324e-01  3.85430932e-01  1.55031815e-01  1.72671199e-01
 -4.52601820e-01  2.31630221e-01 -8.50178897e-02 -2.92136341e-01
 -1.44215494e-01  4.84172821e-01 -4.87031668e-01  5.14036715e-01
  3.83085430e-01 -8.01923990e-01 -1.51489019e-01  1.19481027e+00
  2.63545394e-01  6.82392240e-01  7.65335336e-02 -9.81333405e-02
 -6.14413142e-01  7.81684965e-02  5.95352292e-01 -1.32365778e-01
 -4.47791576e-01  1.94167018e-01 -1.36386290e-01 -7.82188214e-03
  7.71508753e-01 -3.65745723e-02 -1.18379690e-01  3.81918460e-01
  6.33423403e-02 -3.29495847e-01  9.61151242e-01  9.25962180e-02
 -3.06232810e-01  2.92535964e-02 -5.50469980e-02  4.20026034e-01
  4.79091495e-01  1.94364086e-01  4.59074676e-01 -1.40517382e-02
 -5.84810674e-01  7.21693635e-02  3.96188885e-01 -2.21036226e-01
  8.91806424e-01 -3.36766124e-01 -2.76369184e-01  6.25843644e-01
  3.86376560e-01  1.28298014e-01 -1.49681764e-02 -7.28680491e-01
 -2.71520883e-01 -6.28290713e-01  6.71744421e-02  1.37115344e-01
  4.39225763e-01  3.18459839e-01  1.89389437e-01 -4.35012490e-01
  3.68715554e-01  3.21261317e-01 -1.68234855e-01 -3.00772935e-01
  6.84005171e-02  2.57900000e-01  2.62689501e-01  1.78413033e-01
  2.42349848e-01  8.31109434e-02 -4.74817395e-01  7.60157406e-01
 -2.58183986e-01 -1.07246801e-01 -9.47952121e-02  1.75308958e-01
  5.91599166e-01 -2.41050825e-01  3.20967257e-01  7.49908313e-02
 -4.73887809e-02  5.60566001e-02 -4.47945863e-01  1.06365249e-01
 -2.00239748e-01  2.81386194e-03 -2.55647004e-01  8.40660557e-02
 -6.80085182e-01 -8.13112259e-01 -2.01230571e-02  4.06319648e-01
 -4.02574241e-01 -5.07808864e-01  4.86407310e-01 -1.20434076e-01
 -5.76042056e-01 -1.56621480e+00  5.19383132e-01  8.15850645e-02
  1.06269373e-02  1.05899330e-02 -2.20879242e-01 -2.32655033e-01
 -1.76005363e-01  2.45941177e-01 -6.74645543e-01 -3.29390198e-01
 -9.80719566e+00 -1.24987848e-02 -5.16305089e-01 -1.69034228e-01
 -1.28199637e-01 -4.53296870e-01  1.13936782e+00  8.25395584e-01
 -5.36453128e-01  3.24026257e-01 -5.62829137e-01  2.93635935e-01
  5.91186583e-01  3.53038192e-01  4.28162724e-01 -3.93927336e-01
 -6.78737909e-02  6.66920915e-02  3.08079898e-01  1.39982000e-01
 -1.82690114e-01 -1.62025258e-01  1.01952136e+00  3.14514697e-01
  6.64615780e-02 -6.18861258e-01 -1.65896490e-01  6.42012000e-01
 -2.04370409e-01  2.01991171e-01 -9.69994366e-01  9.67738569e-01
 -1.64439350e-01  5.63455336e-02 -4.27154571e-01  1.41432285e-01
 -8.07258338e-02 -4.51164246e-02 -8.57247651e-01  4.81636137e-01
  3.63676101e-02 -1.15515734e-03  2.12058321e-01 -7.37558529e-02
  4.53648657e-01 -2.47572556e-01 -1.13700464e-01  2.64775455e-01
  3.16004544e-01 -1.87130738e-02 -1.75688401e-01  2.80899644e-01
  6.08626902e-01 -5.37230492e-01  3.72936457e-01 -7.10644662e-01
  3.59981090e-01 -9.49310005e-01  2.19201967e-01 -2.92246699e-01
  5.07802777e-02  1.27202868e-01  5.29527009e-01  7.47220516e-01
 -7.87647441e-02  5.49038589e-01 -2.04139622e-03 -6.29251659e-01
 -6.55556560e-01 -1.58900291e-01  3.97139251e-01  1.71144515e-01
  2.27958634e-02 -2.40527719e-01  1.44262925e-01  4.69414949e-01
 -8.20372067e-03  3.55487317e-01  7.01573551e-01 -2.77191818e-01
  7.40035355e-01 -5.10673463e-01  3.53430718e-01  5.59746802e-01
 -7.75950968e-01  3.75806212e-01  1.69567689e-01 -1.91189870e-01
 -2.10226551e-02 -7.55651236e-01  4.54522610e-01 -2.34404549e-01
 -2.77356386e-01  7.50988349e-02 -1.68514609e-01  1.70134261e-01
 -8.15538764e-02 -1.39744431e-01  9.23962072e-02 -5.64954102e-01]"
ム,"[ 1.43602103e-01  4.76014733e-01  5.20443857e-01 -4.05160859e-02
  1.35566756e-01  4.12154913e-01  2.47058079e-01  3.93412262e-02
 -2.44968280e-01 -3.18311125e-01  4.73327726e-01 -2.80617535e-01
 -9.56493989e-03  2.80475974e-01  4.65694368e-01  3.33313458e-02
  1.60197645e-01  1.66907031e-02  8.18050206e-02 -2.60904640e-01
 -5.24480283e-01 -3.85125041e-01 -6.81594387e-02  5.53932786e-01
 -1.12933330e-01 -2.90002614e-01  2.20831409e-01  2.34878063e-01
  1.45226836e-01 -2.68220574e-01 -5.38188219e-01 -1.14210941e-01
 -2.56053776e-01 -1.46924615e-01 -6.62969887e-01  1.60776123e-01
 -2.34564647e-01 -4.35554594e-01  1.94943249e-01 -6.49727806e-02
 -3.72458577e-01 -5.18435717e-01 -3.65786195e-01  2.53567874e-01
 -2.67030180e-01  6.47985578e-01  2.86863655e-01  1.20322350e-02
 -3.60344611e-02 -1.44429207e-01 -4.47519183e-01  3.80639464e-01
  5.23644865e-01  2.22278804e-01  4.63201404e-01  3.92754823e-02
  4.38151091e-01 -4.53714728e-01 -8.96975771e-02  3.00553441e-01
 -3.49346995e-01 -3.32015753e-01  2.07146972e-01  1.77321717e-01
 -2.78252065e-01 -2.87022799e-01 -2.73763627e-01 -2.50691056e-01
  3.53977710e-01 -4.80134070e-01  2.30920345e-01  6.90744519e-02
  2.44809408e-02 -4.77312773e-01  7.76027441e-01 -4.71614242e-01
  1.06104650e-01  6.69761837e-01  1.92513853e-01 -5.00406027e-01
 -3.05976778e-01  3.81782323e-01  6.95223585e-02 -5.22531450e-01
  2.68813260e-02  4.84450310e-01 -2.76530087e-01 -6.40052617e-01
  2.57360101e-01 -2.69385010e-01  1.69787720e-01 -3.14377323e-02
 -8.67879763e-02  1.09052278e-01  2.57777274e-01  5.12136742e-02
  2.26103038e-01 -3.76034856e-01 -5.38956165e-01  5.31137764e-01
  2.51044039e-05  3.54206115e-01 -7.39018768e-02 -3.58157724e-01
 -3.20479006e-01 -2.43710369e-01 -3.48937958e-01  1.25368655e-01
  1.41427398e-01  2.45647784e-02 -4.84818935e-01 -4.82831836e-01
 -5.03641844e-01  1.29094526e-01  3.01603228e-01  4.35933471e-01
 -2.95801729e-01  8.38965416e-01 -6.99007213e-01  2.63516903e-01
  1.91624507e-01  1.63042501e-01 -1.18442826e-01 -7.73402929e-01
 -3.93626034e-01  3.83634657e-01  1.05268890e-02 -3.60273600e-01
 -2.67334551e-01 -2.12036282e-01 -2.69481122e-01 -7.63939738e-01
 -2.01887503e-01  1.06077172e-01 -5.57218790e-01  8.40031326e-01
  2.14869276e-01  3.45688388e-02 -2.11836770e-01 -5.97970963e-01
 -2.13978440e-01  1.80454239e-01  1.81049615e-01 -4.71936226e-01
  1.53009683e-01 -1.64255917e-01 -5.66155612e-01 -1.95606336e-01
  4.01072055e-01  3.13333452e-01 -2.39090025e-01  1.07133281e+00
 -5.40409923e-01  3.49732041e-01  2.89383829e-01  3.75502855e-01
 -5.91118515e-01  4.70193118e-01  1.91331640e-01  4.68349457e-01
  4.91521239e-01 -4.73837256e-01  1.57965735e-01  8.40475321e-01
  1.73598617e-01  9.70089495e-01  3.40938479e-01  1.32305652e-01
 -1.25149831e-01  2.83728212e-01 -1.12132505e-01  1.16427243e-01
  2.94206142e-01  2.47102380e-02 -2.11563617e-01  1.48512378e-01
  6.58019543e-01  4.61067036e-02  1.11959547e-01 -7.58130193e-01
 -1.70789137e-01 -1.04324065e-01 -6.31945133e-02 -3.72061133e-01
  1.06915526e-01 -1.93851724e-01  1.03730962e-01 -1.76975980e-01
 -2.62136966e-01  3.67826037e-02 -5.44879474e-02 -3.00219119e-01
  8.92605856e-02 -2.27236539e-01 -7.43028428e-03 -9.99141261e-02
 -1.09002247e-01  3.78109127e-01 -3.28946084e-01  1.25452593e-01
  4.52589020e-02  1.74640402e-01  1.42606899e-01 -4.20295715e-01
 -9.80433047e-01  1.61179587e-01  3.52293134e-01  5.06167293e-01
  3.87237132e-01  4.76538748e-01 -4.68051970e-01 -1.16581798e-01
  3.25313866e-01  2.91542470e-01  9.52239633e-02  7.21261576e-02
 -5.00888526e-01 -3.55026759e-02  1.75400153e-01 -1.56104848e-01
  3.52571011e-01 -3.14814895e-01  4.33689468e-02 -3.23833413e-02
 -1.41914517e-01  3.38361949e-01 -9.49990749e-03  1.98075175e-02
 -3.67047548e-01  7.03561723e-01 -6.24135256e-01 -4.33892250e-01
 -3.05933416e-01  8.42372552e-02 -5.28609157e-01 -1.50571376e-01
 -2.34844029e-01 -5.14954627e-02 -2.27427632e-01  3.51561517e-01
 -8.33070502e-02 -4.91757482e-01  3.56944233e-01 -4.17574883e-01
 -1.15273967e-01  2.41975591e-01  2.82577515e-01 -1.83099732e-02
 -4.07564163e-01 -1.03666387e-01 -4.94906157e-01 -2.79055506e-01
  5.63309109e-03 -6.78305179e-02 -5.13651818e-02  3.70434999e-01
  2.04299554e-01 -3.84737730e-01  3.55272628e-02 -2.04454646e-01
 -3.02855223e-01 -5.29238224e-01  1.82055421e-02  2.59900391e-01
 -3.72598410e-01  9.17545483e-02  1.85743019e-01 -2.93066204e-01
 -3.50224584e-01 -5.98993778e-01 -1.79790348e-01 -4.26471561e-01
 -1.89946115e-01 -3.20223048e-02 -2.14276642e-01 -9.85549688e-02
  3.69618014e-02  5.87903380e-01  2.30570212e-02  2.87587732e-01
 -6.19765162e-01  7.36136138e-01 -6.08293533e-01  6.76687807e-02
  6.12765886e-02  1.32670384e-02 -2.77873546e-01 -2.73220260e-02
 -1.51868954e-01  3.70415509e-01  3.22019368e-01 -3.36105824e-01
 -7.74042726e-01  2.63760686e-01 -5.00166833e-01  5.18919958e-04
  3.94204676e-01  1.08608410e-01  1.44411013e-01  4.72095758e-01
  3.07359576e-01  3.23571414e-01  2.22180098e-01 -2.37411126e-01
  1.78797860e-02 -5.31470954e-01 -2.35305578e-01  2.23541871e-01
  2.00218648e-01 -5.35578489e-01  6.54555976e-01  8.80417466e-01
 -3.13839346e-01  3.07702631e-01  6.68286562e-01  4.99851376e-01
 -1.56728840e+00 -5.53278744e-01  5.60714662e-01 -2.90586464e-02
 -2.57980555e-01  2.89472848e-01  1.66867003e-01 -1.15851365e-01
 -2.58879155e-01 -5.37026227e-01  1.07044673e+00  3.89270127e-01
 -5.14962673e-01 -1.51201725e-01  4.11869526e-01 -4.66638416e-01
 -5.38217500e-02 -4.33745831e-01  2.32112736e-01  2.74624705e-01
 -1.53075501e-01 -1.06283061e-01 -9.78514031e-02 -2.57474959e-01
 -4.75186825e-01  1.47520617e-01 -1.57898903e-01  1.76917657e-01
 -7.73607671e-01  1.36210084e-01  5.63018560e-01  8.86220336e-01
  5.45750082e-01  9.19663161e-02 -4.90884930e-01 -1.93456307e-01
  1.07075341e-01 -1.33103251e-01  1.47745252e-01  1.04201652e-01
 -1.48111820e-01 -3.97655994e-01  1.00765064e-01  2.91429907e-01
  3.58782783e-02 -2.46121928e-01  2.41477698e-01  2.41825715e-01
 -3.71893466e-01  6.00410998e-01  6.03201270e-01  2.41872728e-01
  5.43709733e-02  4.71977413e-01  4.31860268e-01  1.42900229e-01
  1.42749101e-01 -6.79327548e-01 -1.88216209e-01 -6.50391817e-01
  4.76876795e-01  4.89878058e-02 -9.86547861e-03  1.05629869e-01
 -4.70140368e-01 -1.11863352e-01 -2.34892458e-01 -5.51430464e-01
  2.14695439e-01 -6.09879911e-01 -1.14855886e-01  1.24675073e-01
  2.47741002e-03 -7.24750698e-01  7.29268789e-01  4.21794385e-01
  2.29119018e-01 -3.16538736e-02 -5.04948080e-01  3.41323018e-01
 -6.59356937e-02  2.84422338e-01 -1.33191124e-01  1.86302528e-01
 -2.00757354e-01 -1.65417001e-01 -1.41454175e-01 -4.37822610e-01
 -2.38257736e-01 -2.41436139e-01 -6.66549444e-01  3.39692719e-02
 -2.98880577e-01  5.97077072e-01 -3.21839340e-02 -2.81089358e-02
  1.59569696e-01 -2.18652412e-02 -7.27526665e-01  2.23996356e-01
 -2.13719040e-01  5.04211724e-01 -5.90324290e-02  3.67360592e-01
  4.30618674e-01  3.79230440e-01  4.77692395e-01 -3.13632816e-01
 -2.48931661e-01  4.95454073e-02 -2.03749359e-01 -4.21850890e-01
  4.28961724e-01 -1.66533545e-01  3.51325035e-01  1.48043126e-01
 -6.44152537e-02  7.45336771e-01 -3.86346012e-01 -5.90925395e-01
  3.70312065e-01  1.34378538e-01 -3.28842580e-01  5.91751516e-01
  5.02657294e-01  1.11457396e+00  1.15203470e-01  4.21844330e-03
 -2.13708375e-02 -4.20418888e-01 -1.95613131e-01 -3.39222282e-01
  1.68487579e-01  8.04361701e-02  1.21332914e-01  2.92209119e-01
  3.02686274e-01  2.36103281e-01  4.00271118e-01  4.37614709e-01
 -1.33047536e-01  1.91141769e-01  1.71185136e-01  5.15156388e-01
 -2.85354435e-01  2.19543710e-01 -4.55218971e-01  8.33936930e-02
 -1.81842789e-01 -1.85832202e-01  4.64251697e-01  1.22611605e-01
  5.88583648e-01 -2.60491759e-01 -4.41589862e-01 -6.52354002e-01
 -4.90104437e-01  1.91662088e-01  2.57072281e-02  2.63595641e-01
  3.68470252e-01  2.61401683e-01 -5.78796268e-01  4.72076744e-01
  5.49337327e-01  5.44165373e-01 -2.81932324e-01 -3.39191020e-01
 -3.31447512e-01  3.98856044e-01 -3.14457208e-01 -2.85281576e-02
  1.78262338e-01 -1.48767903e-01 -4.54703689e-01 -7.67425179e-01
 -2.56890595e-01 -1.06423400e-01  3.02468270e-01 -2.60854244e-01
  2.23144963e-01  2.08165288e-01 -5.32685816e-01 -4.39787246e-02
 -2.68126309e-01 -2.41584796e-03 -1.18186705e-01 -6.09646797e-01
  8.67198631e-02  8.56338255e-03  1.49200976e-01  3.67631495e-01
  3.95044446e-01 -4.11272645e-01 -1.50471300e-01  7.60785460e-01
  2.57019997e-01 -3.15740138e-01 -4.43465039e-02 -1.18165895e-01
  7.11392844e-03  1.26391426e-01  3.08391631e-01  1.36229321e-01
  1.07494399e-01 -7.45394006e-02 -9.37302113e-01  8.10179114e-02
  2.07106903e-01 -9.18639421e-01  6.26550019e-01  2.21743494e-01
  3.90430510e-01 -5.58632672e-01  8.92588776e-03 -1.46400258e-01
  1.47120163e-01 -2.86505911e-02  2.44063348e-01 -2.97313579e-03
 -7.82563329e-01  1.93731740e-01 -4.96804528e-02 -5.58228314e-01
  5.71709275e-01  1.66154817e-01 -4.57054287e-01  6.03397608e-01
  7.64311075e-01  1.27387404e-01 -1.11643620e-01  1.94878161e-01
 -2.48559222e-01 -1.73145995e-01  3.78760487e-01 -2.00731993e-01
  3.68203223e-01  7.26856530e-01 -1.94112763e-01  7.70600960e-02
  6.82470143e-01  2.83455878e-01  6.20780170e-01  2.16732919e-01
 -3.22537214e-01 -1.51516855e-01 -4.58547831e-01  1.66072935e-01
  3.02899361e-01  4.39597666e-01 -7.40923822e-01  7.94438004e-01
  3.85547429e-01 -4.02237028e-01  1.85213804e-01  1.22025025e+00
  7.50517473e-03  5.47075629e-01  1.79214269e-01 -1.96984410e-02
 -8.12765062e-01  5.17830141e-02  3.30034971e-01 -8.44670981e-02
 -3.95940214e-01  1.98776014e-02 -2.77987212e-01 -2.42729381e-01
  7.72854090e-02  3.58061865e-02  1.62495360e-01  4.40441728e-01
  8.21168303e-01 -9.91571546e-02  5.42005002e-01  1.01040304e-01
  3.80055398e-01  1.05974078e-01  1.52239338e-01  8.99064779e-01
  8.47591579e-01  9.57222432e-02  5.67025661e-01 -3.07409197e-01
 -6.25775397e-01 -1.45964697e-02  8.49113241e-02 -2.42564559e-01
  4.35397685e-01 -1.95100725e-01 -6.29262507e-01  9.37519073e-01
  4.56567198e-01 -2.20402822e-01 -3.53262395e-01 -6.34296954e-01
 -7.46966377e-02 -1.04963444e-01 -3.01106155e-01  1.13430262e-01
 -5.28447963e-02  2.99859166e-01  5.71296960e-02 -5.63237309e-01
  2.01396048e-01  6.45252168e-01  8.56429115e-02 -4.86158997e-01
  6.69129565e-02  3.13488245e-01 -1.20544592e-02  2.23075449e-01
  3.97230119e-01 -3.59833986e-02  8.46792907e-02  4.68214229e-03
 -3.15375984e-01 -2.36037925e-01 -1.22031525e-01  3.91649693e-01
  2.24043801e-01 -3.60574007e-01 -2.84052849e-01 -5.43047547e-01
  4.00020480e-01 -1.04552142e-01 -4.44317162e-01 -1.87673628e-01
 -1.94360420e-01  4.54037003e-02 -2.65173346e-01 -1.70264259e-01
 -6.93827033e-01 -2.41711602e-01 -4.19434339e-01  2.97287926e-02
 -1.01088083e+00 -3.62304121e-01  3.38936001e-01  9.47883278e-02
 -1.92734286e-01 -1.17797983e+00  7.67312646e-01  1.39820755e-01
  4.11359742e-02 -1.00355165e-03  1.53267860e-01  1.91805437e-01
 -1.73987702e-01 -1.63382426e-01 -5.49235940e-01  1.75660267e-01
 -1.03474712e+01  2.49925479e-02 -1.96523532e-01 -2.13349253e-01
 -1.46689609e-01 -1.48057207e-01  3.36901039e-01  4.97120231e-01
 -2.49478489e-01  2.35282347e-01 -3.66511226e-01  1.19574837e-01
  3.87435049e-01  4.73670214e-01 -5.76214671e-01 -2.97818691e-01
 -3.61331612e-01 -3.12052608e-01 -4.33671772e-01 -1.01882242e-01
 -4.00985122e-01 -1.50986835e-01  4.56144243e-01  2.69071639e-01
  3.73668939e-01 -7.61301994e-01  6.15807697e-02  7.94048756e-02
 -6.47756457e-02  4.63419825e-01 -7.39560843e-01  5.34527838e-01
 -1.80346206e-01  5.74372053e-01 -1.98814437e-01  2.69316047e-01
  7.17712417e-02  9.68846738e-01 -3.13359529e-01  8.12102497e-01
  1.05990246e-01  2.38130555e-01 -1.22601077e-01 -1.60979718e-01
  2.94128269e-01  1.11644655e-01  1.96552351e-01  1.47409096e-01
  3.62274766e-01  4.51815203e-02 -5.63434772e-02 -8.35579634e-02
  2.54499763e-01 -3.59209716e-01  2.68491238e-01  6.32865261e-03
  4.14926887e-01 -5.99614561e-01  1.55654967e-01  6.64178208e-02
  1.40055522e-01  2.82734662e-01  9.31817293e-01  4.50724900e-01
  5.64612895e-02  4.59706753e-01 -2.88171560e-01 -1.90913498e-01
 -5.83573341e-01 -2.11839080e-02  3.07116747e-01  3.94616067e-01
  5.45001626e-02  2.18488783e-01 -1.36425301e-01  3.00692827e-01
 -1.60969406e-01  1.99888900e-01  2.61078566e-01  1.33690447e-01
  6.10190868e-01 -5.38430393e-01 -1.35856047e-01  3.08918297e-01
 -3.43137145e-01 -1.36707082e-01 -2.87137609e-02 -7.55045284e-03
  4.21187818e-01 -4.82663721e-01  6.33365333e-01 -6.93775937e-02
 -5.32140255e-01  4.43954527e-01  3.35505664e-01 -6.27859771e-01
  1.57734022e-01  4.78217125e-01  6.58742189e-02 -4.46895033e-01]"
ラ,"[ 2.53270626e-01  9.87377539e-02  6.95462167e-01 -7.88378119e-01
  2.84588963e-01  2.73937255e-01  5.22956073e-01  3.08304708e-02
  3.29807848e-01 -4.75687487e-03  8.15141141e-01 -5.77190042e-01
 -3.10846776e-01  1.18641965e-02  8.12146366e-01 -7.99373686e-02
  6.62725940e-02 -3.57988983e-01  2.81068534e-01 -4.04754400e-01
 -8.98082972e-01 -4.62202102e-01 -1.81117505e-01  4.40734297e-01
  4.05904427e-02 -3.35834682e-01 -2.21621647e-01  1.01561174e-01
 -2.68296991e-02 -1.42383561e-01 -1.24907367e-01 -3.21613421e-04
 -1.28024817e-01  2.58824080e-01 -2.76931196e-01  4.17086542e-01
 -1.58638507e-01 -3.56592715e-01  3.77284408e-01 -9.22773406e-02
  6.67844191e-02 -1.34741202e-01 -5.74468315e-01 -1.44362509e-01
 -4.19269890e-01  1.10907778e-01  1.84497908e-01 -1.78516265e-02
  9.75063443e-02 -5.61684519e-02 -6.95068017e-02  2.37551361e-01
  3.32574487e-01  6.22163415e-02  5.57750702e-01 -2.28059843e-01
  6.06942654e-01 -5.55038393e-01  1.48991168e-01  2.96692789e-01
 -2.74570078e-01 -4.71665144e-01 -2.22448800e-02 -1.60193611e-02
  2.10027657e-02  1.78835228e-01 -2.30052680e-01 -2.05455855e-01
  6.27453774e-02 -7.87832141e-01 -5.67941181e-02 -4.08992469e-01
  1.18813448e-01 -5.43733239e-01  6.64223552e-01 -6.89116955e-01
  4.36958484e-02  3.67432922e-01  3.51985365e-01  2.89693028e-02
  3.56173739e-02  5.89322925e-01 -5.82076497e-02 -7.17161715e-01
  3.38350534e-01  4.42372799e-01 -6.66883588e-01 -7.38075554e-01
  5.01148880e-01 -1.53953090e-01 -5.66951856e-02  2.45523989e-01
  3.91033173e-01  2.63293326e-01  1.93595633e-01 -8.08111653e-02
  1.62332311e-01  7.95813650e-02 -1.74654931e-01  2.87753671e-01
 -1.89735908e-02  1.99261144e-01  5.63528061e-01 -3.35476130e-01
 -2.56715149e-01  2.29818478e-01  2.76396126e-02  2.48261079e-01
  1.17512764e-02 -1.83383434e-03 -2.76161045e-01 -5.92692316e-01
 -7.28372097e-01 -2.93676823e-01  2.31086418e-01 -1.95216432e-01
 -3.65851372e-01  7.64556587e-01 -5.87422550e-01  5.37672877e-01
 -1.07076064e-01  1.92525938e-01 -1.60207413e-03 -6.44911051e-01
 -4.39450853e-02  3.63225490e-01  6.86226487e-02  4.15229723e-02
 -5.54874480e-01 -1.74134091e-01 -3.75283003e-01 -2.12726399e-01
 -3.16730551e-02 -8.64915997e-02 -3.73455137e-01  1.15719700e+00
 -9.77409631e-02 -9.51070711e-02 -2.00000316e-01 -6.00262046e-01
 -2.61361480e-01  1.08916298e-01  5.31519391e-02 -3.72357637e-01
 -1.14186704e-01  1.15593979e-02 -3.97608787e-01 -4.82986957e-01
  1.37045190e-01  5.22210598e-01 -2.62639791e-01  5.76527476e-01
 -6.16798103e-01  1.62783191e-01  7.41128027e-01  2.01589003e-01
 -6.24676764e-01 -5.69022261e-02 -5.29121757e-02  2.88467202e-02
  3.88348103e-01 -6.22968823e-02  4.67911839e-01  6.14076138e-01
  1.56997308e-01  3.10498834e-01  5.60977101e-01  2.98110068e-01
 -7.23266415e-03  7.15846956e-01  5.76314449e-01  4.31958407e-01
  1.15408145e-01  7.40832239e-02  7.43823424e-02  2.70756967e-02
  4.96211648e-01  2.33886331e-01  7.78639242e-02 -8.88630867e-01
 -2.12654680e-01 -1.30145371e-01  3.64229903e-02 -7.40129888e-01
  2.93503881e-01  2.23607980e-02  8.65651518e-02 -5.75080290e-02
 -2.42624938e-01 -3.02792311e-01  1.58190653e-01 -5.24743497e-01
  5.02157770e-02 -1.85492709e-01 -1.93014055e-01 -3.62344831e-01
  9.48902890e-02 -1.17486276e-01 -9.54668283e-01  6.52449250e-01
  1.67125538e-01  2.45508477e-01 -8.62253234e-02 -7.54143596e-01
 -9.99651611e-01 -2.93012947e-01 -3.91836852e-01  8.52741972e-02
  1.76823258e-01  5.67606151e-01 -1.59431398e-01  6.56268001e-01
  2.10688531e-01  4.70487364e-02  5.18510640e-01  3.33031118e-01
 -4.14093435e-01 -5.87943494e-01  4.40402478e-01 -3.55222881e-01
  1.24906383e-01  9.59924459e-02  4.63635065e-02  2.09822968e-01
 -1.41890123e-01  6.37005389e-01  6.89286113e-01 -2.22339127e-02
 -3.68153244e-01  2.87981957e-01 -7.26172626e-01 -5.22901893e-01
 -8.68096948e-01 -6.79086074e-02 -6.88344657e-01 -2.01859418e-02
 -4.46027815e-01  1.42239168e-01 -5.13913631e-01  1.16549648e-01
 -1.56832367e-01 -1.97795108e-01 -3.66561599e-02 -2.54355133e-01
 -9.91805121e-02  3.93450558e-01 -3.03624034e-01  1.69656351e-02
 -4.90956716e-02  1.90390572e-01 -4.49034780e-01 -2.93005615e-01
 -1.99353710e-01 -1.87944815e-01  8.19045722e-01  3.75777453e-01
  5.09625375e-01 -2.91577727e-01  3.04714471e-01 -5.95760703e-01
 -2.11331457e-01 -5.66877663e-01  2.54399832e-02  1.52165741e-01
 -1.08242653e-01  1.60358101e-01  4.88675326e-01 -2.90090144e-01
 -2.55199224e-01 -4.54103172e-01 -3.06041837e-01 -4.37733084e-01
 -1.36168703e-01 -1.34160325e-01 -1.75734580e-01 -7.58554339e-02
 -1.59386322e-01  5.47748148e-01 -4.63304102e-01  5.53437889e-01
 -5.54661036e-01  5.92372835e-01 -5.68527400e-01 -1.34761229e-01
 -2.53724377e-03 -7.10046813e-02 -6.56352580e-01  1.88097566e-01
 -2.66044825e-01  4.70321089e-01  3.35011244e-01 -2.53842264e-01
 -5.98699689e-01 -2.32988242e-02 -6.41149655e-02  6.02724291e-02
  4.36396658e-01 -6.83801770e-02  1.88855916e-01 -1.94358423e-01
  2.12073371e-01  3.69042665e-01  2.86862582e-01  2.48668864e-01
  7.53948316e-02 -1.29033133e-01  1.38281537e-02 -1.02120370e-01
  5.81830859e-01 -1.82891369e-01  8.70829150e-02  3.96825343e-01
 -1.20211653e-01  8.35807025e-01  2.47353420e-01  2.95750439e-01
 -2.02025151e+00 -1.78645149e-01  5.81769705e-01  4.25674736e-01
 -1.18711919e-01 -1.79369524e-02  2.89899319e-01  3.87929082e-01
 -4.40901756e-01 -6.31123722e-01  7.17390358e-01  6.63825199e-02
 -2.33978987e-01  9.45433229e-02  2.72408605e-01 -5.28950036e-01
 -2.28985101e-01 -6.27215981e-01  3.25900495e-01  3.26163530e-01
 -1.38554573e-01  1.69384420e-01 -1.41314223e-01 -3.62724781e-01
 -1.89346522e-01  1.98416457e-01 -1.10224254e-01  1.47545040e-01
 -3.26285303e-01 -1.53909311e-01  1.09817274e-01  1.05529988e+00
  8.14586341e-01  7.76242733e-01 -6.05074525e-01 -2.91356057e-01
  1.98924780e-01 -1.88326072e-02  4.06798929e-01 -3.29102278e-01
 -2.60669976e-01 -2.37461537e-01  1.23333961e-01  1.13474287e-01
 -2.65957028e-01  3.47773343e-01  1.08636133e-01  2.11360201e-01
  1.64236963e-01  2.80332893e-01  8.35479915e-01  1.36864875e-02
  2.61703849e-01  1.90394521e-01  6.99881852e-01 -1.25160217e-01
 -2.02715084e-01 -5.03157854e-01 -9.73147079e-02 -3.98211181e-01
  4.50898021e-01 -1.45898508e-02 -4.80954766e-01  9.67228353e-01
 -6.31411076e-01  2.29471046e-02 -7.96091557e-02 -8.49434078e-01
  6.67261556e-02 -6.47500098e-01 -5.11322320e-01 -1.11789577e-01
  6.23994619e-02 -3.42024833e-01  8.33359003e-01  4.69603896e-01
  3.45478237e-01 -1.74997419e-01 -4.25816000e-01  2.03247890e-01
 -2.55825579e-01 -1.18956819e-01  2.53787309e-01  1.97761416e-01
 -2.99388856e-01  4.38908905e-01 -4.79048006e-02 -4.51583602e-02
 -8.42034817e-02  1.01423018e-01 -6.62310064e-01 -1.30025402e-01
 -3.63982141e-01  3.87988448e-01 -1.46594375e-01 -7.90069252e-03
  2.64993280e-01  2.08396912e-01 -3.12448978e-01 -2.19520181e-01
 -5.18066227e-01  3.40439349e-01  5.17223656e-01  6.03937805e-01
  3.49927604e-01  4.12674904e-01  1.65540680e-01  1.38448998e-01
 -1.42545238e-01 -1.89514458e-01 -6.97188675e-01 -4.06189591e-01
  6.41554594e-01 -3.97847295e-01  4.14564252e-01  1.58506483e-01
 -3.19334358e-01  5.59643567e-01 -3.40233892e-01 -6.00299835e-01
  1.45685226e-01 -1.49027258e-01 -2.28659324e-02  6.77009642e-01
  3.24287921e-01  5.95579684e-01 -1.78462431e-01  3.52012992e-01
 -2.71401644e-01 -1.32833824e-01  3.52630317e-01 -4.06342268e-01
 -2.71254808e-01 -1.27819985e-01  6.89758718e-01  4.25232738e-01
  5.70499599e-01 -1.54717073e-01  1.95907623e-01  2.57012635e-01
  4.77967635e-02  5.08501649e-01  2.12759867e-01  4.21233118e-01
 -1.00713745e-01  7.40931332e-02  4.24261689e-02  3.12955469e-01
 -1.83564931e-01 -6.73314780e-02  4.64093328e-01 -9.65812132e-02
  1.91563576e-01 -4.04270947e-01 -5.19899786e-01 -5.84408820e-01
 -7.99030542e-01 -8.55081826e-02 -4.08061087e-01 -1.79124713e-01
  3.41108352e-01 -1.37945399e-01 -8.54282320e-01  3.84833813e-01
  5.82003534e-01  4.03780550e-01  4.61774552e-03 -4.18125808e-01
 -2.04226136e-01  4.80800122e-01 -6.63753808e-01 -5.63919008e-01
  3.90475243e-01 -1.85801581e-01 -2.96708286e-01 -6.60396516e-01
 -5.61350510e-02 -3.24935243e-02  1.72122017e-01  4.07124430e-01
  2.92283952e-01  1.66618586e-01 -7.01685011e-01 -2.68204689e-01
  3.28103118e-02 -6.71117753e-02 -2.68216521e-01 -5.04461527e-01
  8.87793377e-02  1.94697171e-01 -3.99043001e-02  9.69417095e-01
  6.01988673e-01 -1.94168597e-01 -3.45485620e-02  1.64930359e-01
  2.80784667e-01 -5.77812672e-01 -3.48071843e-01 -1.39973313e-01
  1.65531375e-02  2.63955653e-01  3.04985195e-01  4.27665144e-01
 -1.27359629e-01  1.30271658e-01 -8.54135573e-01 -1.21150076e-01
  1.93844423e-01 -8.81334960e-01  4.75998968e-01  3.57424140e-01
  3.80155146e-01 -5.73102951e-01 -3.33607912e-01 -1.65807262e-01
  5.83642581e-03  9.52580273e-02  4.23555076e-01 -1.10207237e-01
 -7.59613156e-01  1.12884328e-01 -9.55019817e-02 -7.34941185e-01
  8.56067300e-01  8.08745027e-02 -1.50218129e-01  4.30696845e-01
  6.07655466e-01 -1.36959702e-01 -6.78598464e-01  2.33269751e-01
 -6.41356766e-01  2.12215334e-01  4.10271704e-01 -2.34598652e-01
  4.87755686e-01  4.00270641e-01 -7.85405263e-02 -7.64096081e-02
  2.72442371e-01  5.84150374e-01  6.27572596e-01  1.79128066e-01
 -1.29294217e-01  4.26231921e-02 -4.05393690e-01  2.16333866e-01
  9.56493467e-02  4.90267813e-01 -8.58217239e-01  4.23231155e-01
  8.13017726e-01 -1.73364967e-01  2.93461144e-01  6.26166344e-01
  5.36940852e-03  4.27652299e-01 -6.62788525e-02  2.45866161e-02
 -7.67751992e-01 -5.58660273e-03 -2.52458423e-01  2.22486958e-01
 -3.57456237e-01 -9.99850929e-02 -2.18281433e-01 -1.43523797e-01
  3.53017986e-01  1.56096354e-01  2.12538794e-01  1.89081758e-01
  2.29652315e-01  2.07888894e-04  3.54234636e-01  4.71144348e-01
 -3.77826601e-01 -7.70725608e-02  7.42701888e-02  6.61627591e-01
  1.20964193e+00 -8.79128799e-02  2.22318709e-01 -3.24199110e-01
 -6.35652840e-01  2.00999379e-01 -3.09928477e-01 -2.02802569e-01
  6.35356486e-01 -4.64238316e-01 -4.21102852e-01  7.20435619e-01
  5.56970298e-01 -1.12259619e-01 -3.35921049e-01 -6.78987682e-01
  3.06451291e-01 -3.64525646e-01 -3.58039699e-02 -1.80355817e-01
  1.71331912e-01  6.10625148e-01  9.39211473e-02 -2.65944302e-01
  2.79520065e-01  2.60394752e-01  2.07433805e-01 -2.94441640e-01
  4.26446259e-01  3.47163498e-01 -1.66735590e-01 -2.20098197e-01
  3.85380745e-01 -5.66783488e-01  7.28470311e-02  6.28888845e-01
 -3.50618005e-01  2.30734758e-02 -2.78882027e-01  5.17897546e-01
  2.65526235e-01 -4.33350176e-01 -1.25136852e-01 -5.58462217e-02
  1.86102822e-01 -1.40357047e-01 -3.92369300e-01 -2.88898945e-02
 -9.97362286e-02  4.37302917e-01  2.80037113e-02 -9.13358927e-02
 -6.38850808e-01 -4.53593343e-01 -5.08930147e-01  3.43186855e-01
 -7.35313416e-01 -4.75256324e-01  4.90795225e-01 -3.69984144e-03
 -3.83029312e-01 -1.62150919e+00  6.11397386e-01  1.80861756e-01
  6.05450928e-01 -3.51978719e-01  1.45609125e-01 -1.43551469e-01
  3.44983451e-02  5.13985343e-02 -2.35743463e-01 -5.22996224e-02
 -1.02195988e+01  1.56664215e-02 -2.58103251e-01 -5.84866107e-01
 -3.37668687e-01  6.20149337e-02  6.57682300e-01  7.72946179e-01
 -3.14657807e-01  4.32801247e-01 -2.54427493e-01  2.17407569e-01
  3.06373477e-01  1.62230164e-01  1.71837106e-03 -1.23758152e-01
 -2.38091081e-01 -2.00674385e-01  8.61281827e-02 -1.36207119e-01
 -4.53082532e-01 -5.12007415e-01  7.51704276e-01  2.52698213e-01
  2.17669785e-01 -5.29599249e-01 -1.85365632e-01  4.67296600e-01
 -1.79144189e-01  2.49629736e-01 -5.72531760e-01  3.19052637e-01
  1.67583376e-02  3.78161371e-01 -3.73111367e-01 -1.35247156e-01
  3.85129571e-01 -3.00110895e-02 -7.11425021e-02  5.28204978e-01
  1.73106238e-01  2.24871799e-01 -4.54593599e-02 -2.82118708e-01
  8.62217665e-01 -4.90557738e-02 -8.08173120e-02  1.54214010e-01
  6.69794858e-01 -1.31488889e-01 -1.16734967e-01 -3.93422008e-01
  1.68819949e-01 -8.90919194e-02  2.08645001e-01 -3.15526605e-01
  3.69041830e-01 -8.31192493e-01  1.90174848e-01  1.39232099e-01
  6.71183228e-01  1.46949321e-01  6.42448187e-01  7.69449234e-01
  9.02850777e-02  2.91785121e-01  4.18797076e-01 -2.20942907e-02
 -2.41106272e-01 -1.74841896e-01  3.50351632e-01  6.63156927e-01
 -2.36927867e-01  5.40119074e-02  3.84159237e-02  3.05069357e-01
  6.05629897e-03 -8.62767398e-02 -5.60752265e-02  2.08659306e-01
  5.25546670e-01 -3.60084862e-01 -3.09907138e-01  4.15821016e-01
 -4.79371011e-01 -8.06445032e-02  1.26048878e-01  3.13714445e-01
  8.92589390e-02 -6.07618749e-01  5.16116738e-01 -2.21939325e-01
 -5.50240338e-01  4.25179273e-01  6.09534025e-01 -3.40138525e-01
 -2.81861246e-01  1.43380880e-01  4.59405392e-01  9.51334238e-02]"
ガ,"[ 4.87102926e-01  3.11243832e-01  6.41896725e-01 -2.55658299e-01
 -2.65800506e-01  4.89918888e-01  4.23613012e-01 -1.52509168e-01
 -7.58007944e-01  5.26193194e-02  8.78986001e-01  1.58182885e-02
 -6.48951292e-01  4.87012928e-03  1.28733128e-01 -9.17625278e-02
  1.06653929e-01 -2.34214693e-01 -2.32696757e-02 -1.29869543e-02
 -5.89991927e-01 -2.12751880e-01 -2.25817293e-01  6.77580535e-01
  2.99185868e-02 -1.01807162e-01 -2.57883817e-01  5.04817069e-01
  1.95891991e-01  5.71742505e-02  1.50267839e-01 -3.04121487e-02
 -1.19789757e-01 -1.16197348e-01 -4.10967320e-01  2.94807196e-01
 -5.72437160e-02  5.08057140e-02  3.51844072e-01  1.74906567e-01
 -3.35266627e-02 -2.32654914e-01 -5.39196789e-01 -1.53322414e-01
 -1.20861731e-01  2.53205359e-01 -3.15593332e-01  1.97897702e-01
  4.16663513e-02  3.15873295e-01 -4.19974297e-01  2.47631639e-01
  5.25173724e-01  2.76362062e-01  8.60089436e-02 -1.84508413e-01
  8.09439600e-01 -7.50835657e-01 -7.39435246e-03  6.53295815e-01
 -1.12950766e+00  2.26271987e-01 -2.96407342e-01 -4.52189259e-02
 -8.16813260e-02 -1.67574599e-01 -9.04666558e-02 -1.34454355e-01
  6.22959554e-01 -6.75826013e-01  1.66561082e-01 -3.04991782e-01
 -4.26511496e-01 -4.62691098e-01  1.61378220e-01 -4.63635921e-01
  2.19851434e-02  5.47964334e-01  9.30253208e-01  3.34874988e-01
 -5.61325312e-01  3.77667874e-01 -6.95181713e-02 -7.27690876e-01
 -4.35756534e-01 -4.83368058e-03 -9.61649895e-01 -6.33571684e-01
  6.30200267e-01 -2.44495586e-01 -3.73210102e-01 -7.22561300e-01
  2.58134335e-01  1.18708104e-01  7.05392420e-01 -2.53477916e-02
 -2.43883505e-01  2.70567611e-02 -3.36368196e-02  2.74582863e-01
 -7.68600881e-01  3.54108483e-01  7.19083607e-01 -7.18512163e-02
 -2.06512079e-01 -1.81876216e-03 -1.87226936e-01  3.97638738e-01
  4.30907458e-01  5.46827078e-01  2.21992701e-01 -8.01890850e-01
 -9.75964725e-01 -4.73407269e-01  2.08316132e-01 -3.77684906e-02
 -1.18580699e-01  2.88550228e-01 -1.79840237e-01  6.87829077e-01
  1.89707786e-01  6.30121589e-01 -2.09169060e-01 -7.22944438e-01
 -3.67359072e-01  4.42403853e-01  3.75250220e-01 -1.67699128e-01
 -4.45971876e-01 -4.43130046e-01 -7.77075946e-01 -6.73386604e-02
 -3.17144930e-01 -4.29443687e-01 -5.21790266e-01  8.09447527e-01
 -2.51292497e-01  1.07509039e-01 -4.02591705e-01 -4.01843041e-01
 -4.66763973e-01  2.77931184e-01  4.54577282e-02 -6.54930830e-01
 -4.47751172e-02  1.82618666e-02 -1.46186337e-01 -3.53450954e-01
  3.65551651e-01  4.58576322e-01  3.83030809e-02  1.15077615e+00
 -7.05161870e-01  5.01098812e-01  1.11437701e-01 -1.24031894e-01
 -6.37571394e-01 -1.16458729e-01  1.03160486e-01  2.92469934e-03
  2.76314765e-01  4.90697436e-02  3.06794971e-01  1.14732182e+00
  2.20069811e-01  1.14685535e-01 -5.42340055e-02  9.31418501e-03
  2.35789567e-01  7.93124497e-01  9.28854406e-01  2.65765101e-01
  7.83144653e-01 -5.17836809e-01  1.42908663e-01  3.79758269e-01
  5.70825636e-01  1.89598482e-02 -2.14401141e-01 -2.80106753e-01
 -5.26373684e-02 -3.25409532e-01  2.34065682e-01 -5.05458832e-01
  6.04711890e-01  2.00704515e-01  4.48527634e-01 -1.53408259e-01
 -1.05654262e-01 -2.11676490e-02  4.89759520e-02 -5.36264181e-01
  2.35504940e-01 -5.77372491e-01 -3.04202884e-01 -2.59778798e-01
  4.16109085e-01  4.37170476e-01 -1.98232874e-01  2.00957581e-01
  1.16632193e-01 -2.99597561e-01 -1.53533630e-02 -8.52346659e-01
 -2.52352655e-01 -2.51293719e-01  6.04821183e-02  4.70658660e-01
  1.50551990e-01  8.46910700e-02 -1.78496465e-01 -3.23285073e-01
 -2.10635960e-02 -1.85596377e-01  6.92743003e-01 -6.86029613e-01
 -7.52128541e-01 -6.00426733e-01 -1.78169087e-01  1.76661879e-01
  5.30058563e-01 -2.94614315e-01  4.18475419e-02 -3.43066841e-01
  3.03220630e-01  3.98076743e-01  5.03547430e-01 -1.45327166e-01
 -6.16286635e-01  1.14175066e-01 -4.64864165e-01 -6.51364386e-01
 -5.74836969e-01  1.39019296e-01 -6.86530650e-01 -7.18855500e-01
 -1.62003525e-02  2.56190926e-01 -1.57868505e-01 -2.49113645e-02
  5.58117688e-01 -4.45236683e-01  5.37131071e-01 -4.22934502e-01
 -5.33883691e-01  3.80867422e-01 -4.37793344e-01 -7.93895796e-02
  1.63957864e-01 -1.22851722e-01 -7.34448314e-01 -1.51064739e-01
  2.86140591e-02 -3.42519619e-02  9.11681950e-01  6.52216673e-01
  9.04354215e-01 -3.60261589e-01  2.94997424e-01 -7.33624399e-01
 -2.37593725e-01 -5.25563180e-01 -2.72787124e-01 -6.93399534e-02
  1.87732786e-01 -1.90736473e-01 -4.59045589e-01 -1.07583833e+00
 -1.03320360e+00 -4.22039717e-01  3.44428681e-02 -9.79672968e-02
 -1.53228685e-01 -2.95765638e-01  1.62366420e-01  5.44586360e-01
 -5.72979867e-01  6.52360082e-01 -3.40823948e-01  9.85157251e-01
 -4.81229156e-01  4.01148051e-01 -7.45911956e-01 -2.72951245e-01
 -2.08285823e-02  5.04634142e-01 -7.04863131e-01 -5.09969354e-01
 -4.51653063e-01  5.08494616e-01  7.07686424e-01 -7.81175137e-01
  1.91884879e-02  7.66404271e-02 -6.47989988e-01  3.43551278e-01
  2.79196143e-01 -1.82792485e-01  1.73138395e-01 -2.43612807e-02
  4.02659476e-01 -4.16874498e-01  4.06860799e-01 -7.95387328e-02
  4.87347171e-02 -3.54602754e-01  3.98236811e-02  3.16585839e-01
  3.39974403e-01 -3.07458758e-01  6.74966514e-01  4.79050040e-01
 -4.88953501e-01 -7.36426562e-02  6.04643524e-01  4.84294802e-01
 -1.68717945e+00  1.72572300e-01  4.86988902e-01  7.63374567e-02
 -4.58339840e-01  3.84485513e-01  5.82558215e-01  5.67464590e-01
  1.39527276e-01 -8.92349124e-01  1.38178408e+00  1.11770689e-01
 -5.03181100e-01  1.96331054e-01  2.76365191e-01 -1.24078147e-01
  2.28829496e-02 -6.27416313e-01  6.66640177e-02  5.14796913e-01
 -1.71295613e-01 -6.22882098e-02  1.01601094e-01 -3.97314727e-01
 -3.47880386e-02  6.59143984e-01 -7.94553995e-01 -3.30902576e-01
 -6.23083949e-01 -1.47895947e-01  3.65183175e-01  1.67670977e+00
  1.52352259e-01  5.25753498e-01 -7.20292032e-01 -2.38409936e-01
 -4.74726677e-01 -8.77086222e-02  5.77413626e-02 -4.95049238e-01
  3.59099135e-02 -4.44957197e-01  2.49648958e-01  2.66159117e-01
  1.78566054e-01 -1.27892867e-01  2.91438788e-01  2.75978565e-01
 -9.63191763e-02 -2.77525536e-03  6.35804117e-01 -7.95160532e-02
  3.34968567e-01  1.78161725e-01  7.12979853e-01  8.59439433e-01
  1.29124030e-01 -1.74191177e-01  2.29232401e-01 -9.37118471e-01
  4.22426820e-01  5.19556165e-01 -3.88682097e-01  4.20554668e-01
  8.07774588e-02 -4.75782640e-02 -4.32050042e-02 -5.15965760e-01
  4.31924939e-01 -5.30254841e-01 -6.94619775e-01 -2.55624413e-01
  3.96445721e-01 -2.18339581e-02  7.94128895e-01  6.02789223e-01
  5.55866838e-01 -5.52847505e-01 -4.49416786e-01  4.72039253e-01
 -2.78069116e-02  6.45434022e-01 -3.10274422e-01  4.74136442e-01
 -1.93098858e-01 -8.16230103e-02 -3.30630004e-01 -1.10169291e+00
 -1.13280618e+00 -3.52735966e-01 -8.43716204e-01  8.83318409e-02
  1.66179333e-02  5.26093543e-01 -3.56828183e-01  3.08924347e-01
  4.33942318e-01  8.85413289e-02 -1.92443833e-01 -8.67350101e-01
  1.52217718e-02  9.92809236e-02  1.53158471e-01  1.44698232e-01
  3.81255835e-01  4.37904656e-01 -2.32859179e-01 -5.45465410e-01
  3.18789572e-01  2.32400820e-01 -2.12542072e-01 -7.39846110e-01
  2.90166646e-01 -1.75499260e-01 -2.76845038e-01 -7.00312927e-02
  2.61328429e-01  1.22521937e+00 -9.07525071e-04 -6.64439201e-01
 -6.06603697e-02  2.54310548e-01 -1.09296091e-01  1.08313107e+00
  5.47250509e-01  4.56077576e-01 -2.52092749e-01  7.64947459e-02
 -2.58932501e-01 -1.01815470e-01  4.55579013e-02 -1.34167776e-01
  6.16688550e-01  1.23469651e-01  3.93703103e-01  1.07308948e+00
 -7.08035752e-02  4.18296814e-01  1.89480096e-01  5.41648686e-01
 -5.78362405e-01  4.31199521e-01 -6.22014344e-01 -3.88963670e-01
 -4.04560477e-01  2.73272306e-01 -6.44837677e-01 -4.88343865e-01
  7.48318881e-02 -5.59296608e-02  3.65558594e-01  9.47508067e-02
  3.34743351e-01 -4.86705512e-01 -7.51668096e-01 -6.94775105e-01
 -8.65111053e-01 -1.33149996e-01 -7.60113299e-01 -7.70404860e-02
  1.18197012e+00  1.87574059e-01 -6.37452304e-01 -2.22108066e-01
 -2.06482261e-01  4.50286150e-01  2.12032590e-02 -2.14349162e-02
 -4.26329583e-01  4.19664890e-01 -5.26169300e-01 -6.16239272e-02
  2.19854400e-01  2.90658865e-02 -4.52168137e-01 -7.93602288e-01
 -7.37201929e-01  2.36092298e-03  2.14386970e-01 -5.86620867e-01
  4.46115047e-01  2.37375095e-01 -4.82349604e-01  2.23666042e-01
  1.76527977e-01 -4.17226076e-01 -1.36192858e-01 -5.13982534e-01
 -1.69208318e-01 -2.42283970e-01  8.09249952e-02  4.38421555e-02
  5.07420957e-01 -4.11537796e-01 -2.90060192e-01  9.95623589e-01
  8.85742232e-02  6.95859119e-02  5.98578572e-01  3.09065189e-02
 -5.30822277e-01 -3.20099927e-02  5.52023709e-01  5.25248706e-01
  5.48582077e-01  1.85407206e-01 -7.00361907e-01 -5.91181457e-01
 -8.54389668e-02 -7.71633446e-01  6.79493964e-01  1.72312722e-01
  8.22359025e-01 -8.29587638e-01  2.44997725e-01 -6.35278821e-02
  4.55855787e-01 -1.47618756e-01  5.59244454e-01  3.89434427e-01
 -1.01204860e+00 -7.71505952e-01 -3.53402346e-01 -4.53035712e-01
  5.87937951e-01  5.10177433e-01 -6.03639901e-01  1.73932269e-01
  7.94981360e-01  3.54230553e-01 -6.28021598e-01 -4.55308780e-02
 -4.54213530e-01  7.79537261e-02  8.99411857e-01  2.59792469e-02
  3.64872545e-01  6.61783457e-01 -8.72354567e-01  4.20550346e-01
  6.46677837e-02  7.14213789e-01  1.11260369e-01 -1.35064004e-02
 -3.33639950e-01  1.85249746e-01 -9.36810434e-01 -4.13559973e-01
  2.35341579e-01  1.02262273e-02 -4.04132396e-01  5.86309910e-01
  6.87199056e-01 -4.46733892e-01 -1.71096385e-01  1.19632244e+00
  6.93441391e-01  1.17275608e+00  6.93421215e-02  2.63220608e-01
 -6.31223857e-01  5.04677773e-01  9.99296308e-02  1.13816246e-01
 -4.36114192e-01 -4.96457182e-02 -3.17858234e-02 -5.10294259e-01
  2.84287542e-01  3.04703057e-01 -4.71303798e-03  1.99713781e-01
 -2.32942969e-01 -4.44165878e-02  1.13874626e+00  1.27944246e-01
  9.08200592e-02 -1.36128470e-01 -8.36950764e-02  7.81595886e-01
  3.87852669e-01  1.13653108e-01  2.87332624e-01  1.16083063e-02
 -5.78344226e-01  1.75072759e-01 -3.80622298e-01  4.01899815e-01
  5.45887649e-01 -6.93964660e-01 -8.11438859e-01  5.98314643e-01
  5.78667760e-01  2.32014835e-01 -1.50028467e-02 -6.39318228e-01
 -1.01939127e-01 -5.47196604e-02  2.05331877e-01 -8.08889270e-02
  2.01290622e-01  2.76928246e-01 -1.14401348e-01 -4.04419929e-01
  2.06725106e-01  3.96473378e-01 -7.10416734e-02 -6.28069341e-01
 -1.21564813e-01 -1.57631814e-01  3.05762708e-01  1.28870085e-01
  3.10597092e-01  4.82357899e-03 -2.38377333e-01  4.69483793e-01
 -1.85609758e-01 -3.79555434e-01 -2.56590217e-01  8.33581448e-01
  2.38814473e-01 -5.74004231e-03  2.24772781e-01 -4.34586316e-01
 -4.82878760e-02  1.45668969e-01 -7.98618555e-01 -8.86615664e-02
  3.91872108e-01 -3.64762038e-01 -2.86167711e-01  3.89739692e-01
 -6.75868332e-01  2.99784631e-01  1.21098742e-01  5.83182991e-01
 -6.07244790e-01 -4.77152824e-01  4.59966838e-01 -1.51549010e-02
 -2.35751390e-01 -1.48351049e+00  5.75333118e-01  1.72610536e-01
  3.98239195e-01  7.32976347e-02  3.29162300e-01  2.27515206e-01
 -2.97334611e-01  3.33437324e-01 -3.54394078e-01  2.68682569e-01
 -9.62337112e+00 -3.36690634e-01 -2.50004083e-01 -3.44363868e-01
 -3.09751272e-01 -1.92816377e-01  1.17885637e+00  7.91099310e-01
 -3.51741403e-01  1.09298572e-01 -5.06483197e-01 -5.39910555e-01
  4.72893506e-01 -1.59490675e-01  3.44220502e-03  3.76025468e-01
 -8.66629839e-01 -5.09394169e-01 -5.06559193e-01  2.62557805e-01
 -1.96012110e-01 -7.77080804e-02  8.86441767e-01  8.80405903e-02
  2.78712120e-02  2.87945390e-01  4.37858135e-01  1.46378219e-01
 -6.59997091e-02  7.54593849e-01 -5.52720547e-01  4.25995737e-01
 -7.24203587e-02  5.26358068e-01 -3.62492770e-01  1.43278226e-01
  1.11451164e-01 -3.98030970e-03 -9.82244492e-01  7.61471212e-01
  4.78391171e-01  6.14347816e-01  1.77219689e-01  3.31757545e-01
 -1.94949806e-01 -4.19891298e-01 -9.06330422e-02  2.13685602e-01
  2.22917244e-01 -7.46719539e-02  7.28704548e-03 -5.78665972e-01
  4.51801211e-01 -3.77995819e-01  4.56797719e-01 -2.50311732e-01
  6.14805400e-01 -4.80902761e-01  6.73477471e-01 -1.68807562e-02
 -3.96499373e-02  4.69478190e-01  6.35107517e-01  2.96951056e-01
 -8.25255752e-01  5.72971702e-01 -2.36644641e-01 -1.97643682e-01
 -6.04832292e-01 -4.43856090e-01  9.19528723e-01 -1.17217293e-02
  3.22073817e-01  5.44641279e-02  4.76709872e-01  3.85126144e-01
 -5.30833416e-02  2.26926416e-01  4.39385384e-01  1.78381726e-01
  8.09423387e-01 -4.46282804e-01 -6.75133988e-02  1.70631260e-01
 -7.23487198e-01  1.87262089e-03  5.20968497e-01 -2.99509287e-01
  1.36904612e-01 -6.00550413e-01  1.13538408e+00  5.05654335e-01
 -8.69104207e-01 -4.20394316e-02  3.11608732e-01 -8.70124400e-02
 -4.16175537e-02  2.89624840e-01  3.13185215e-01 -1.62926763e-01]"
ラ,"[ 2.53270626e-01  9.87377539e-02  6.95462167e-01 -7.88378119e-01
  2.84588963e-01  2.73937255e-01  5.22956073e-01  3.08304708e-02
  3.29807848e-01 -4.75687487e-03  8.15141141e-01 -5.77190042e-01
 -3.10846776e-01  1.18641965e-02  8.12146366e-01 -7.99373686e-02
  6.62725940e-02 -3.57988983e-01  2.81068534e-01 -4.04754400e-01
 -8.98082972e-01 -4.62202102e-01 -1.81117505e-01  4.40734297e-01
  4.05904427e-02 -3.35834682e-01 -2.21621647e-01  1.01561174e-01
 -2.68296991e-02 -1.42383561e-01 -1.24907367e-01 -3.21613421e-04
 -1.28024817e-01  2.58824080e-01 -2.76931196e-01  4.17086542e-01
 -1.58638507e-01 -3.56592715e-01  3.77284408e-01 -9.22773406e-02
  6.67844191e-02 -1.34741202e-01 -5.74468315e-01 -1.44362509e-01
 -4.19269890e-01  1.10907778e-01  1.84497908e-01 -1.78516265e-02
  9.75063443e-02 -5.61684519e-02 -6.95068017e-02  2.37551361e-01
  3.32574487e-01  6.22163415e-02  5.57750702e-01 -2.28059843e-01
  6.06942654e-01 -5.55038393e-01  1.48991168e-01  2.96692789e-01
 -2.74570078e-01 -4.71665144e-01 -2.22448800e-02 -1.60193611e-02
  2.10027657e-02  1.78835228e-01 -2.30052680e-01 -2.05455855e-01
  6.27453774e-02 -7.87832141e-01 -5.67941181e-02 -4.08992469e-01
  1.18813448e-01 -5.43733239e-01  6.64223552e-01 -6.89116955e-01
  4.36958484e-02  3.67432922e-01  3.51985365e-01  2.89693028e-02
  3.56173739e-02  5.89322925e-01 -5.82076497e-02 -7.17161715e-01
  3.38350534e-01  4.42372799e-01 -6.66883588e-01 -7.38075554e-01
  5.01148880e-01 -1.53953090e-01 -5.66951856e-02  2.45523989e-01
  3.91033173e-01  2.63293326e-01  1.93595633e-01 -8.08111653e-02
  1.62332311e-01  7.95813650e-02 -1.74654931e-01  2.87753671e-01
 -1.89735908e-02  1.99261144e-01  5.63528061e-01 -3.35476130e-01
 -2.56715149e-01  2.29818478e-01  2.76396126e-02  2.48261079e-01
  1.17512764e-02 -1.83383434e-03 -2.76161045e-01 -5.92692316e-01
 -7.28372097e-01 -2.93676823e-01  2.31086418e-01 -1.95216432e-01
 -3.65851372e-01  7.64556587e-01 -5.87422550e-01  5.37672877e-01
 -1.07076064e-01  1.92525938e-01 -1.60207413e-03 -6.44911051e-01
 -4.39450853e-02  3.63225490e-01  6.86226487e-02  4.15229723e-02
 -5.54874480e-01 -1.74134091e-01 -3.75283003e-01 -2.12726399e-01
 -3.16730551e-02 -8.64915997e-02 -3.73455137e-01  1.15719700e+00
 -9.77409631e-02 -9.51070711e-02 -2.00000316e-01 -6.00262046e-01
 -2.61361480e-01  1.08916298e-01  5.31519391e-02 -3.72357637e-01
 -1.14186704e-01  1.15593979e-02 -3.97608787e-01 -4.82986957e-01
  1.37045190e-01  5.22210598e-01 -2.62639791e-01  5.76527476e-01
 -6.16798103e-01  1.62783191e-01  7.41128027e-01  2.01589003e-01
 -6.24676764e-01 -5.69022261e-02 -5.29121757e-02  2.88467202e-02
  3.88348103e-01 -6.22968823e-02  4.67911839e-01  6.14076138e-01
  1.56997308e-01  3.10498834e-01  5.60977101e-01  2.98110068e-01
 -7.23266415e-03  7.15846956e-01  5.76314449e-01  4.31958407e-01
  1.15408145e-01  7.40832239e-02  7.43823424e-02  2.70756967e-02
  4.96211648e-01  2.33886331e-01  7.78639242e-02 -8.88630867e-01
 -2.12654680e-01 -1.30145371e-01  3.64229903e-02 -7.40129888e-01
  2.93503881e-01  2.23607980e-02  8.65651518e-02 -5.75080290e-02
 -2.42624938e-01 -3.02792311e-01  1.58190653e-01 -5.24743497e-01
  5.02157770e-02 -1.85492709e-01 -1.93014055e-01 -3.62344831e-01
  9.48902890e-02 -1.17486276e-01 -9.54668283e-01  6.52449250e-01
  1.67125538e-01  2.45508477e-01 -8.62253234e-02 -7.54143596e-01
 -9.99651611e-01 -2.93012947e-01 -3.91836852e-01  8.52741972e-02
  1.76823258e-01  5.67606151e-01 -1.59431398e-01  6.56268001e-01
  2.10688531e-01  4.70487364e-02  5.18510640e-01  3.33031118e-01
 -4.14093435e-01 -5.87943494e-01  4.40402478e-01 -3.55222881e-01
  1.24906383e-01  9.59924459e-02  4.63635065e-02  2.09822968e-01
 -1.41890123e-01  6.37005389e-01  6.89286113e-01 -2.22339127e-02
 -3.68153244e-01  2.87981957e-01 -7.26172626e-01 -5.22901893e-01
 -8.68096948e-01 -6.79086074e-02 -6.88344657e-01 -2.01859418e-02
 -4.46027815e-01  1.42239168e-01 -5.13913631e-01  1.16549648e-01
 -1.56832367e-01 -1.97795108e-01 -3.66561599e-02 -2.54355133e-01
 -9.91805121e-02  3.93450558e-01 -3.03624034e-01  1.69656351e-02
 -4.90956716e-02  1.90390572e-01 -4.49034780e-01 -2.93005615e-01
 -1.99353710e-01 -1.87944815e-01  8.19045722e-01  3.75777453e-01
  5.09625375e-01 -2.91577727e-01  3.04714471e-01 -5.95760703e-01
 -2.11331457e-01 -5.66877663e-01  2.54399832e-02  1.52165741e-01
 -1.08242653e-01  1.60358101e-01  4.88675326e-01 -2.90090144e-01
 -2.55199224e-01 -4.54103172e-01 -3.06041837e-01 -4.37733084e-01
 -1.36168703e-01 -1.34160325e-01 -1.75734580e-01 -7.58554339e-02
 -1.59386322e-01  5.47748148e-01 -4.63304102e-01  5.53437889e-01
 -5.54661036e-01  5.92372835e-01 -5.68527400e-01 -1.34761229e-01
 -2.53724377e-03 -7.10046813e-02 -6.56352580e-01  1.88097566e-01
 -2.66044825e-01  4.70321089e-01  3.35011244e-01 -2.53842264e-01
 -5.98699689e-01 -2.32988242e-02 -6.41149655e-02  6.02724291e-02
  4.36396658e-01 -6.83801770e-02  1.88855916e-01 -1.94358423e-01
  2.12073371e-01  3.69042665e-01  2.86862582e-01  2.48668864e-01
  7.53948316e-02 -1.29033133e-01  1.38281537e-02 -1.02120370e-01
  5.81830859e-01 -1.82891369e-01  8.70829150e-02  3.96825343e-01
 -1.20211653e-01  8.35807025e-01  2.47353420e-01  2.95750439e-01
 -2.02025151e+00 -1.78645149e-01  5.81769705e-01  4.25674736e-01
 -1.18711919e-01 -1.79369524e-02  2.89899319e-01  3.87929082e-01
 -4.40901756e-01 -6.31123722e-01  7.17390358e-01  6.63825199e-02
 -2.33978987e-01  9.45433229e-02  2.72408605e-01 -5.28950036e-01
 -2.28985101e-01 -6.27215981e-01  3.25900495e-01  3.26163530e-01
 -1.38554573e-01  1.69384420e-01 -1.41314223e-01 -3.62724781e-01
 -1.89346522e-01  1.98416457e-01 -1.10224254e-01  1.47545040e-01
 -3.26285303e-01 -1.53909311e-01  1.09817274e-01  1.05529988e+00
  8.14586341e-01  7.76242733e-01 -6.05074525e-01 -2.91356057e-01
  1.98924780e-01 -1.88326072e-02  4.06798929e-01 -3.29102278e-01
 -2.60669976e-01 -2.37461537e-01  1.23333961e-01  1.13474287e-01
 -2.65957028e-01  3.47773343e-01  1.08636133e-01  2.11360201e-01
  1.64236963e-01  2.80332893e-01  8.35479915e-01  1.36864875e-02
  2.61703849e-01  1.90394521e-01  6.99881852e-01 -1.25160217e-01
 -2.02715084e-01 -5.03157854e-01 -9.73147079e-02 -3.98211181e-01
  4.50898021e-01 -1.45898508e-02 -4.80954766e-01  9.67228353e-01
 -6.31411076e-01  2.29471046e-02 -7.96091557e-02 -8.49434078e-01
  6.67261556e-02 -6.47500098e-01 -5.11322320e-01 -1.11789577e-01
  6.23994619e-02 -3.42024833e-01  8.33359003e-01  4.69603896e-01
  3.45478237e-01 -1.74997419e-01 -4.25816000e-01  2.03247890e-01
 -2.55825579e-01 -1.18956819e-01  2.53787309e-01  1.97761416e-01
 -2.99388856e-01  4.38908905e-01 -4.79048006e-02 -4.51583602e-02
 -8.42034817e-02  1.01423018e-01 -6.62310064e-01 -1.30025402e-01
 -3.63982141e-01  3.87988448e-01 -1.46594375e-01 -7.90069252e-03
  2.64993280e-01  2.08396912e-01 -3.12448978e-01 -2.19520181e-01
 -5.18066227e-01  3.40439349e-01  5.17223656e-01  6.03937805e-01
  3.49927604e-01  4.12674904e-01  1.65540680e-01  1.38448998e-01
 -1.42545238e-01 -1.89514458e-01 -6.97188675e-01 -4.06189591e-01
  6.41554594e-01 -3.97847295e-01  4.14564252e-01  1.58506483e-01
 -3.19334358e-01  5.59643567e-01 -3.40233892e-01 -6.00299835e-01
  1.45685226e-01 -1.49027258e-01 -2.28659324e-02  6.77009642e-01
  3.24287921e-01  5.95579684e-01 -1.78462431e-01  3.52012992e-01
 -2.71401644e-01 -1.32833824e-01  3.52630317e-01 -4.06342268e-01
 -2.71254808e-01 -1.27819985e-01  6.89758718e-01  4.25232738e-01
  5.70499599e-01 -1.54717073e-01  1.95907623e-01  2.57012635e-01
  4.77967635e-02  5.08501649e-01  2.12759867e-01  4.21233118e-01
 -1.00713745e-01  7.40931332e-02  4.24261689e-02  3.12955469e-01
 -1.83564931e-01 -6.73314780e-02  4.64093328e-01 -9.65812132e-02
  1.91563576e-01 -4.04270947e-01 -5.19899786e-01 -5.84408820e-01
 -7.99030542e-01 -8.55081826e-02 -4.08061087e-01 -1.79124713e-01
  3.41108352e-01 -1.37945399e-01 -8.54282320e-01  3.84833813e-01
  5.82003534e-01  4.03780550e-01  4.61774552e-03 -4.18125808e-01
 -2.04226136e-01  4.80800122e-01 -6.63753808e-01 -5.63919008e-01
  3.90475243e-01 -1.85801581e-01 -2.96708286e-01 -6.60396516e-01
 -5.61350510e-02 -3.24935243e-02  1.72122017e-01  4.07124430e-01
  2.92283952e-01  1.66618586e-01 -7.01685011e-01 -2.68204689e-01
  3.28103118e-02 -6.71117753e-02 -2.68216521e-01 -5.04461527e-01
  8.87793377e-02  1.94697171e-01 -3.99043001e-02  9.69417095e-01
  6.01988673e-01 -1.94168597e-01 -3.45485620e-02  1.64930359e-01
  2.80784667e-01 -5.77812672e-01 -3.48071843e-01 -1.39973313e-01
  1.65531375e-02  2.63955653e-01  3.04985195e-01  4.27665144e-01
 -1.27359629e-01  1.30271658e-01 -8.54135573e-01 -1.21150076e-01
  1.93844423e-01 -8.81334960e-01  4.75998968e-01  3.57424140e-01
  3.80155146e-01 -5.73102951e-01 -3.33607912e-01 -1.65807262e-01
  5.83642581e-03  9.52580273e-02  4.23555076e-01 -1.10207237e-01
 -7.59613156e-01  1.12884328e-01 -9.55019817e-02 -7.34941185e-01
  8.56067300e-01  8.08745027e-02 -1.50218129e-01  4.30696845e-01
  6.07655466e-01 -1.36959702e-01 -6.78598464e-01  2.33269751e-01
 -6.41356766e-01  2.12215334e-01  4.10271704e-01 -2.34598652e-01
  4.87755686e-01  4.00270641e-01 -7.85405263e-02 -7.64096081e-02
  2.72442371e-01  5.84150374e-01  6.27572596e-01  1.79128066e-01
 -1.29294217e-01  4.26231921e-02 -4.05393690e-01  2.16333866e-01
  9.56493467e-02  4.90267813e-01 -8.58217239e-01  4.23231155e-01
  8.13017726e-01 -1.73364967e-01  2.93461144e-01  6.26166344e-01
  5.36940852e-03  4.27652299e-01 -6.62788525e-02  2.45866161e-02
 -7.67751992e-01 -5.58660273e-03 -2.52458423e-01  2.22486958e-01
 -3.57456237e-01 -9.99850929e-02 -2.18281433e-01 -1.43523797e-01
  3.53017986e-01  1.56096354e-01  2.12538794e-01  1.89081758e-01
  2.29652315e-01  2.07888894e-04  3.54234636e-01  4.71144348e-01
 -3.77826601e-01 -7.70725608e-02  7.42701888e-02  6.61627591e-01
  1.20964193e+00 -8.79128799e-02  2.22318709e-01 -3.24199110e-01
 -6.35652840e-01  2.00999379e-01 -3.09928477e-01 -2.02802569e-01
  6.35356486e-01 -4.64238316e-01 -4.21102852e-01  7.20435619e-01
  5.56970298e-01 -1.12259619e-01 -3.35921049e-01 -6.78987682e-01
  3.06451291e-01 -3.64525646e-01 -3.58039699e-02 -1.80355817e-01
  1.71331912e-01  6.10625148e-01  9.39211473e-02 -2.65944302e-01
  2.79520065e-01  2.60394752e-01  2.07433805e-01 -2.94441640e-01
  4.26446259e-01  3.47163498e-01 -1.66735590e-01 -2.20098197e-01
  3.85380745e-01 -5.66783488e-01  7.28470311e-02  6.28888845e-01
 -3.50618005e-01  2.30734758e-02 -2.78882027e-01  5.17897546e-01
  2.65526235e-01 -4.33350176e-01 -1.25136852e-01 -5.58462217e-02
  1.86102822e-01 -1.40357047e-01 -3.92369300e-01 -2.88898945e-02
 -9.97362286e-02  4.37302917e-01  2.80037113e-02 -9.13358927e-02
 -6.38850808e-01 -4.53593343e-01 -5.08930147e-01  3.43186855e-01
 -7.35313416e-01 -4.75256324e-01  4.90795225e-01 -3.69984144e-03
 -3.83029312e-01 -1.62150919e+00  6.11397386e-01  1.80861756e-01
  6.05450928e-01 -3.51978719e-01  1.45609125e-01 -1.43551469e-01
  3.44983451e-02  5.13985343e-02 -2.35743463e-01 -5.22996224e-02
 -1.02195988e+01  1.56664215e-02 -2.58103251e-01 -5.84866107e-01
 -3.37668687e-01  6.20149337e-02  6.57682300e-01  7.72946179e-01
 -3.14657807e-01  4.32801247e-01 -2.54427493e-01  2.17407569e-01
  3.06373477e-01  1.62230164e-01  1.71837106e-03 -1.23758152e-01
 -2.38091081e-01 -2.00674385e-01  8.61281827e-02 -1.36207119e-01
 -4.53082532e-01 -5.12007415e-01  7.51704276e-01  2.52698213e-01
  2.17669785e-01 -5.29599249e-01 -1.85365632e-01  4.67296600e-01
 -1.79144189e-01  2.49629736e-01 -5.72531760e-01  3.19052637e-01
  1.67583376e-02  3.78161371e-01 -3.73111367e-01 -1.35247156e-01
  3.85129571e-01 -3.00110895e-02 -7.11425021e-02  5.28204978e-01
  1.73106238e-01  2.24871799e-01 -4.54593599e-02 -2.82118708e-01
  8.62217665e-01 -4.90557738e-02 -8.08173120e-02  1.54214010e-01
  6.69794858e-01 -1.31488889e-01 -1.16734967e-01 -3.93422008e-01
  1.68819949e-01 -8.90919194e-02  2.08645001e-01 -3.15526605e-01
  3.69041830e-01 -8.31192493e-01  1.90174848e-01  1.39232099e-01
  6.71183228e-01  1.46949321e-01  6.42448187e-01  7.69449234e-01
  9.02850777e-02  2.91785121e-01  4.18797076e-01 -2.20942907e-02
 -2.41106272e-01 -1.74841896e-01  3.50351632e-01  6.63156927e-01
 -2.36927867e-01  5.40119074e-02  3.84159237e-02  3.05069357e-01
  6.05629897e-03 -8.62767398e-02 -5.60752265e-02  2.08659306e-01
  5.25546670e-01 -3.60084862e-01 -3.09907138e-01  4.15821016e-01
 -4.79371011e-01 -8.06445032e-02  1.26048878e-01  3.13714445e-01
  8.92589390e-02 -6.07618749e-01  5.16116738e-01 -2.21939325e-01
 -5.50240338e-01  4.25179273e-01  6.09534025e-01 -3.40138525e-01
 -2.81861246e-01  1.43380880e-01  4.59405392e-01  9.51334238e-02]"
レ,"[ 2.11790562e-01  3.12147915e-01  1.56239405e-01 -4.62925494e-01
  3.90045017e-01  6.33704841e-01  1.08811867e+00 -5.64637408e-03
 -1.70766532e-01  2.53077507e-01  6.52835608e-01  5.36284596e-02
 -7.73065925e-01 -2.08476856e-01  4.08956826e-01 -1.93083435e-02
  1.95161268e-01 -4.57857430e-01 -2.57242247e-02 -4.03957129e-01
 -5.13635576e-01 -4.37197149e-01 -2.87885010e-01  3.59757394e-01
  1.92466006e-01 -4.33365285e-01 -1.64243922e-01  3.59828532e-01
 -2.01904532e-02 -3.53789479e-01 -3.70608479e-01 -6.53367996e-01
 -8.40082914e-02  4.72385108e-01 -1.64403200e-01  1.47810608e-01
 -4.61415619e-01 -6.33785501e-02  2.76199311e-01  1.68242469e-01
 -2.04160556e-01 -1.32096857e-01 -3.42380077e-01  1.46032572e-01
 -2.51288235e-01  4.13353950e-01  3.87004912e-01  3.07377338e-01
  2.51169115e-01  1.01749063e-01 -1.65935755e-01  5.35423934e-01
  6.02197349e-01  2.14505911e-01  6.72789931e-01 -3.70636135e-02
  5.68251252e-01 -4.53531414e-01  4.94370274e-02  5.92842340e-01
 -8.04089427e-01 -2.66785383e-01  8.47482085e-02  5.41311167e-02
 -1.31178811e-01  3.64593685e-01 -4.00320202e-01  2.56372929e-01
  4.19665754e-01 -7.32927322e-01 -1.02700032e-01 -2.46067911e-01
 -2.20003235e-03 -5.06109774e-01  6.37231410e-01 -4.90771949e-01
  4.08214003e-01 -7.41296187e-02 -1.14414558e-01  2.06918269e-01
  1.20670125e-02  2.96857655e-01 -3.16032529e-01 -1.09711146e+00
 -2.13455111e-01  2.33853862e-01 -1.17373765e+00 -1.17531931e+00
 -3.94072346e-02 -3.73141170e-01  1.85219899e-01 -1.90411940e-01
  4.35625821e-01 -3.77321728e-02  5.28561592e-01 -4.80665490e-02
  3.76573473e-01  1.47235572e-01 -1.90814406e-01 -5.46784066e-02
 -1.79864869e-01 -1.82770062e-02  4.56758618e-01  1.20619118e-01
 -6.94888085e-02  1.79526940e-01  1.03570692e-01  8.89171138e-02
  2.19496906e-01  5.48862159e-01 -4.58923429e-01 -4.54540968e-01
 -3.25635016e-01 -2.90356189e-01  1.37022883e-01 -2.43274197e-01
 -1.39434570e-02  6.21202469e-01 -2.83238292e-01  4.95013028e-01
 -3.10995672e-02  2.13604867e-01 -2.24200655e-02 -4.05663669e-01
  1.09675638e-01  1.83357760e-01  3.71012926e-01 -2.45225817e-01
 -4.35414821e-01 -6.80235922e-01 -7.03988492e-01  2.01055184e-01
 -4.14252132e-01 -1.98510036e-01 -5.41311920e-01  4.76782709e-01
  6.54575527e-02  1.35801822e-01 -2.06374973e-01 -3.62702549e-01
 -8.91103268e-01  5.50651133e-01  4.38832015e-01 -2.73552805e-01
  3.57039243e-01  1.53650001e-01 -1.08367205e-01 -3.01844239e-01
 -2.96181202e-01  3.65690410e-01 -4.61749397e-02  1.08299446e+00
 -8.86420965e-01 -2.87730750e-02  1.13404825e-01  1.90755382e-01
 -8.78477871e-01  8.68647620e-02  1.61097020e-01  2.16070712e-01
  1.83381528e-01  1.90998510e-01  4.24192905e-01  7.58680820e-01
  1.73998281e-01  4.19262707e-01  1.72381356e-01 -4.71206419e-02
  4.60250080e-01  9.33453441e-01  8.02692533e-01  5.90680301e-01
  6.39782727e-01 -2.72129148e-01  3.72003704e-01  4.91988689e-01
  1.08685577e+00 -2.08739191e-01 -4.18818779e-02 -6.68927848e-01
 -1.77817926e-01  5.38549572e-02  2.51314670e-01 -7.79233038e-01
  4.28760499e-01 -1.39289677e-01  4.77126479e-01 -9.00978316e-03
 -3.29728305e-01  2.22734496e-01  9.43627767e-03 -4.76323575e-01
  2.74438173e-01 -6.07636034e-01 -5.66053152e-01 -3.83359306e-02
 -2.29928046e-01  2.98950762e-01 -9.94605124e-01  3.43955100e-01
  2.81170547e-01  3.48459274e-01 -2.54391998e-01 -6.05091989e-01
 -7.90200830e-01 -6.91058576e-01 -3.28721493e-01  5.90669692e-01
  2.16125086e-01  4.58050460e-01 -2.02739686e-01  3.01326998e-02
  1.13393530e-01  5.62979728e-02  6.82333112e-01 -2.00289935e-01
 -2.36324996e-01 -3.91351014e-01  2.05564927e-02 -4.40373242e-01
  3.19210052e-01 -3.49599898e-01 -9.98927746e-03 -4.20623481e-01
  7.27967247e-02  4.09278065e-01  6.04039319e-02 -7.25088894e-01
 -4.53305095e-02  1.21204503e-01 -5.08763850e-01 -3.21923256e-01
 -8.82857144e-01 -4.66342270e-02 -6.77094221e-01 -2.27426693e-01
 -5.28761923e-01  2.71380156e-01 -1.00383714e-01  2.02354625e-01
  2.90312022e-01 -2.93077946e-01  3.58733088e-01 -4.66686547e-01
 -2.53672034e-01  7.41484538e-02 -1.06865931e-02 -1.50152221e-01
  8.24689120e-02  1.69533268e-02 -6.54282510e-01 -5.56208372e-01
  2.80531526e-01 -5.24953485e-01  6.29130185e-01  9.26729441e-01
  2.12974876e-01 -3.86684299e-01 -1.40479237e-01 -2.88277268e-01
 -7.53846824e-01 -6.01349950e-01  1.03062717e-02  3.49313468e-01
  1.73552707e-01 -3.60199332e-01 -1.70882866e-02 -3.89978021e-01
 -8.49648237e-01 -6.78683221e-01  1.21645011e-01 -5.44718921e-01
 -3.87903333e-01 -3.88252020e-01 -6.39475882e-02 -3.94706249e-01
 -5.11833131e-01  7.81625688e-01 -2.74681926e-01  8.12987864e-01
 -2.57096708e-01  5.21027982e-01 -5.01482964e-01 -3.58229369e-01
 -1.58339262e-01  2.93700576e-01 -5.81605315e-01 -6.31688178e-01
 -5.70438147e-01  8.12469661e-01  2.56196409e-01 -4.40510631e-01
  1.52350411e-01 -1.69668958e-01 -1.51950847e-02  6.57054722e-01
  4.60845739e-01 -1.51015133e-01  1.98665634e-01 -5.71198501e-02
  8.23478937e-01  2.07625404e-01  2.60527611e-01  1.41267627e-01
 -2.33722225e-01 -1.79886833e-01 -4.09681976e-01  2.39389837e-01
  5.92723012e-01 -6.54698193e-01  2.64564067e-01  6.65835500e-01
 -7.61334956e-01  2.99999505e-01  6.03593469e-01  4.40113693e-01
 -1.74230647e+00 -2.08247915e-01  4.11691397e-01 -2.18686476e-01
 -4.67979968e-01  4.47311580e-01  4.50253218e-01  7.44841516e-01
 -5.64385235e-01 -5.38400114e-01  1.08515155e+00  2.08265528e-01
 -3.98362309e-01 -2.84172446e-01 -2.71444231e-01  1.41183719e-01
  4.09434795e-01 -4.37738210e-01  1.24744058e-01  5.90748489e-01
 -6.01208389e-01 -2.03941509e-01 -2.87634075e-01 -4.80963409e-01
 -2.62211673e-02  7.63347030e-01 -7.54665509e-02  5.89029372e-01
 -2.06197560e-01 -1.38684109e-01  2.51260161e-01  1.26485646e+00
  5.82103789e-01  9.37070131e-01 -4.06178564e-01 -6.91404760e-01
  4.05639559e-01  2.79361814e-01  1.42325491e-01 -6.55316055e-01
 -3.59991714e-02 -2.83814464e-02  2.44900599e-01  1.19050898e-01
 -3.28858078e-01  2.84518689e-01  5.11830151e-01  2.19289780e-01
 -2.33976275e-01  2.86750615e-01  1.06900609e+00 -1.21941626e-01
  2.69066602e-01  3.37108433e-01  4.46323216e-01  4.31613386e-01
 -5.12827151e-02 -4.48308259e-01  2.96298474e-01 -5.64652562e-01
  4.48917717e-01 -1.90751746e-01 -2.69841373e-01 -4.24539857e-02
 -1.35695472e-01 -4.08144474e-01 -6.40518814e-02 -5.69630146e-01
  3.33210021e-01 -5.20815074e-01 -6.19455874e-01 -3.63946736e-01
  2.95442313e-01  2.60435045e-03  6.86691821e-01  1.07836270e+00
  3.76238257e-01 -8.40712011e-01 -5.07274330e-01  2.69872755e-01
 -7.40011930e-01  3.48720223e-01  2.92439133e-01  5.26220083e-01
 -1.46135643e-01 -3.23804498e-01 -6.99282467e-01 -4.24319774e-01
 -1.00188851e+00 -6.89015761e-02 -4.80664849e-01 -1.32868499e-01
 -1.87674150e-01  7.84283876e-01  3.77273299e-02  1.31311953e-01
  3.74370724e-01  2.35737562e-01 -6.33470654e-01 -6.37345314e-01
 -5.29601276e-01  2.66539037e-01  4.46591377e-01  4.13009435e-01
  9.35427696e-02  5.24656892e-01  3.60433251e-01 -4.25687172e-02
 -1.10221570e-02 -5.92614971e-02 -5.06973788e-02 -4.68889147e-01
  3.95512402e-01 -3.82778645e-01 -1.10836163e-01  4.71593887e-01
 -1.80875406e-01  1.09324825e+00 -7.88529310e-03 -2.66083121e-01
  2.14231595e-01  3.94428186e-02 -3.39678556e-01  9.83330548e-01
  1.91027910e-01  6.93450511e-01 -1.56026751e-01  4.66009766e-01
 -1.68740615e-01 -1.36379644e-01  2.89318502e-01 -5.63642085e-01
 -1.79401845e-01 -2.32059769e-02  1.53800517e-01  1.24000978e+00
  2.16638684e-01  4.75354567e-02 -2.21421555e-01  1.91967785e-01
 -8.71589184e-02  5.17838478e-01  1.64071806e-02  8.22151229e-02
 -3.61091226e-01  3.84118736e-01 -3.54102761e-01  3.14372778e-02
  4.43949178e-02  1.30570307e-01  2.44209960e-01  1.80386201e-01
  5.13420045e-01 -7.06629395e-01 -6.80223227e-01 -3.78711283e-01
 -1.31094873e+00 -9.61420834e-02 -8.00831974e-01  4.02071595e-01
  3.25710654e-01 -1.60698395e-03 -6.92893386e-01  7.90025234e-01
  2.71647990e-01  2.06939697e-01 -3.80356349e-02 -4.02706206e-01
 -5.26985705e-01  1.13552645e-01 -2.24539846e-01 -2.60666847e-01
  2.76364952e-01 -2.63771206e-01 -8.33178759e-01 -7.69113898e-01
 -1.42383292e-01 -4.96436387e-01  2.64447421e-01 -4.33224589e-01
  3.28410834e-01  5.42612433e-01 -9.38507378e-01  7.11900219e-02
 -3.31252277e-01  1.20897647e-02 -4.63244654e-02 -5.59325635e-01
  1.61403492e-01 -2.11348832e-01 -1.16198711e-01  9.56927776e-01
  1.27268028e+00 -1.53821990e-01  2.98032211e-03  6.46416366e-01
  4.68276858e-01 -1.48246452e-01  1.67837664e-01 -5.86160384e-02
 -7.77111426e-02 -1.36144102e-01  4.18100566e-01  3.95189852e-01
  4.98411685e-01 -1.01971865e-01 -9.67411876e-01 -3.02570164e-01
 -2.82127056e-02 -7.61660874e-01  8.48079741e-01  1.49477154e-01
  5.74199378e-01 -5.65008640e-01  2.55076796e-01 -7.17981756e-01
  6.53414503e-02 -3.38440329e-01  7.42141068e-01 -1.51932612e-01
 -1.04733407e+00 -3.78960431e-01 -3.38416129e-01 -6.56064034e-01
  1.15195918e+00  2.97550470e-01 -5.31781554e-01  2.55158365e-01
  4.73155648e-01  5.87594211e-01 -1.61969066e-01 -2.60976464e-01
 -6.07911706e-01 -1.74270698e-03  5.69970489e-01  1.86057240e-01
  1.89609990e-01  2.32887164e-01 -2.60109603e-01 -3.14332336e-01
  9.24727798e-01 -1.06491365e-01  2.15405792e-01  1.57620443e-03
 -1.40528515e-01  2.64834464e-01 -3.59886736e-01  1.25120774e-01
 -1.51385283e-02  3.54250163e-01 -3.90069842e-01  8.11315775e-01
  6.53498530e-01 -2.98208266e-01  1.15145974e-01  1.21756446e+00
  2.15686724e-01  8.10126424e-01 -9.30581689e-02  1.70218095e-01
 -1.07148409e+00  3.22002560e-01 -2.50449870e-02 -3.08299571e-01
  3.45678963e-02  3.35915893e-01 -5.97240590e-02 -7.91508332e-02
  1.83592528e-01 -5.30821010e-02 -4.85626757e-02  8.92215788e-01
  6.28977939e-02 -5.88202000e-01  8.48995626e-01  2.75404096e-01
 -5.14001846e-01  1.32637694e-01  5.38741909e-02  7.39607275e-01
  7.34033346e-01 -8.87859836e-02  5.72359920e-01 -3.43440711e-01
 -9.11301970e-01  3.25283855e-01 -3.19748878e-01  2.64806688e-01
  6.55352116e-01 -8.62215042e-01 -2.80593604e-01  5.22382438e-01
  3.25566441e-01 -1.45460561e-01 -4.46990699e-01 -8.11535060e-01
  1.60925388e-01  1.23084284e-01 -4.95300621e-01  2.15020292e-02
  2.96721846e-01  9.40444529e-01  3.57534975e-01 -3.53697807e-01
  2.37445027e-01  5.37648380e-01  1.12892590e-01 -2.52233088e-01
  6.98895827e-02  5.08544855e-02  2.92694837e-01 -1.91583142e-01
  1.01325643e+00 -1.81537628e-01 -3.18529636e-01  4.01400715e-01
 -4.61487442e-01 -3.35044116e-01  2.22076222e-01  3.51487756e-01
  4.88082767e-02 -2.46164948e-01  2.16562927e-01 -3.72650236e-01
 -1.61316410e-01 -2.57273652e-02 -8.78512681e-01  1.48966551e-01
 -1.10783957e-01 -7.34648556e-02  2.12040335e-01 -1.65950194e-01
 -5.67233562e-01 -3.63309979e-01 -1.48784265e-01  2.36909747e-01
 -1.06703007e+00 -3.29795510e-01  9.11358535e-01 -4.60878871e-02
 -4.54724908e-01 -1.18096209e+00  6.42949939e-01 -1.85985178e-01
  5.63629448e-01  3.84793319e-02  3.63342285e-01  2.95556746e-02
  2.43544385e-01 -1.63167957e-02 -4.47826445e-01  1.28145382e-01
 -9.77260590e+00  1.10378549e-01 -2.11438283e-01 -7.28446722e-01
  1.29618287e-01 -3.70057583e-01  7.00108409e-01  7.79978216e-01
 -5.73680699e-01  1.28816161e-02 -2.32107490e-01  1.51225463e-01
  4.53378767e-01  3.11708361e-01 -2.54814327e-01 -3.48427474e-01
 -3.22798729e-01 -2.58097917e-01 -7.22405827e-03 -1.06705673e-01
  8.84802192e-02 -6.27997220e-01  1.16019666e+00 -6.01275265e-02
 -2.13984042e-01  2.70081256e-02 -6.55421615e-01  2.71694750e-01
  2.10449353e-01  2.71274835e-01 -1.05003941e+00  6.97763801e-01
  1.51515856e-01 -1.20972410e-01 -7.65801743e-02  8.32716227e-02
 -1.00773744e-01 -1.84431449e-01 -9.22588110e-01  6.24495208e-01
 -8.83222818e-02  5.16309321e-01  3.37488532e-01  1.38079226e-02
  5.46293259e-01 -6.01533771e-01 -1.60022140e-01  1.80612728e-01
  7.66687691e-01 -3.52241285e-02 -2.13444576e-01 -2.16333881e-01
  1.73329502e-01 -1.14239946e-01  1.53278857e-01 -1.43183187e-01
  3.88860852e-01 -5.07604122e-01  4.85215038e-01  5.22066280e-02
  5.55349886e-01  1.53843284e-01  2.52172232e-01  4.67775911e-01
 -1.82433665e-01  6.69867516e-01 -6.03947453e-02 -1.95523575e-02
 -3.21256250e-01  1.43888779e-02  5.34737468e-01  4.91153777e-01
  3.02569658e-01  1.23411715e-01  2.06503168e-01  4.24642891e-01
 -1.62363812e-01  3.43252271e-01  1.86459780e-01  1.21148631e-01
  5.06132185e-01 -7.59795964e-01  1.33055225e-01  2.47879140e-02
 -1.00066650e+00  4.11822110e-01 -2.99781144e-01 -1.39427539e-02
  2.92196095e-01 -4.11412448e-01  4.69855070e-01 -5.69961779e-02
 -3.11755896e-01 -6.10242784e-02  3.81321520e-01 -7.60421902e-02
  2.16456562e-01  2.93256402e-01  1.02699339e-01 -3.38741601e-01]"
、,"[ 6.19564891e-01  3.48990470e-01  1.05678833e+00 -4.76518273e-01
 -5.89197993e-01 -1.80985272e-01  5.99807594e-03  3.48114818e-01
 -8.36570024e-01 -6.61913931e-01 -2.24984929e-01 -7.09401548e-01
 -5.04682176e-02 -4.27168548e-01  7.36394823e-01  4.46071267e-01
 -5.13972580e-01  4.70191985e-01  1.28610849e-01 -3.88933688e-01
 -8.02529752e-01 -7.19212174e-01 -5.51232576e-01  1.94179580e-01
 -4.24044102e-01 -9.22909081e-01 -5.77747524e-01 -2.25871503e-01
  6.16062246e-03  1.90361649e-01  2.63263822e-01 -4.59424913e-01
 -3.37029576e-01  3.26155871e-01 -7.29415655e-01  6.90664709e-01
  1.09855078e-01  2.04123273e-01  4.16223079e-01 -5.47825217e-01
 -3.63002121e-01  5.25299966e-01 -6.01237535e-01 -5.33705831e-01
 -1.17106579e-01  4.18937579e-02 -1.70351088e-01 -3.14008780e-02
 -1.48378670e-01 -3.94418240e-01 -7.10678399e-01  7.77076364e-01
  3.95307064e-01  1.97193235e-01  4.25059050e-01  3.48844767e-01
  1.00915372e+00  2.31695063e-02  2.51429193e-02 -2.77285814e-01
 -7.28493154e-01  1.35660499e-01  3.72835487e-01  1.99648649e-01
 -5.92863142e-01  3.53270203e-01 -1.97767407e-01  5.27011633e-01
  4.37785447e-01 -1.56749219e-01  5.72068393e-01  3.82230729e-01
  2.29865074e-01 -3.82067144e-01  2.72301346e-01 -1.02660549e+00
  4.22236949e-01 -3.06795806e-01  2.78303176e-01  1.54867232e-01
 -2.39579827e-01 -1.77194715e-01  1.18241027e-01 -3.52237910e-01
 -6.73986316e-01 -3.20739567e-01 -1.28038943e+00 -1.31478816e-01
  1.09240055e-01  1.84782878e-01  7.71256909e-02 -4.37089592e-01
  3.70442659e-01 -3.06403965e-01  1.08329844e+00  4.15291339e-01
  3.11756343e-01 -1.49722591e-01  3.45589489e-01  2.24148557e-01
 -1.34176648e+00  5.55211902e-01 -2.22490579e-02 -8.50768030e-01
 -5.02077460e-01 -1.63305908e-01 -2.70293057e-01  9.13572550e-01
  5.68603694e-01  4.23302144e-01  3.08378842e-02 -2.61343122e-01
 -8.98737192e-01  1.84125751e-01 -7.97238424e-02  4.29514229e-01
 -5.93999922e-01 -1.56880766e-01  3.80602181e-02  1.47981182e-01
  2.25672424e-01  5.83205521e-01 -4.94649231e-01 -1.37248248e-01
  2.71740586e-01  1.91771790e-01  1.43268898e-01  3.52248698e-01
  2.58248210e-01 -6.03671372e-01  3.54725391e-01 -6.76566124e-01
 -4.38275337e-01  4.48752232e-02 -6.32838964e-01  9.65863824e-01
  2.95597851e-01 -4.53616470e-01  4.55907583e-02  1.16707087e-01
 -4.53558147e-01 -1.90691963e-01  8.19033861e-01 -4.69342530e-01
 -1.26384541e-01  4.84015971e-01 -3.18053514e-01 -3.54662597e-01
  4.17958498e-01  3.84567499e-01 -1.17151245e-01  1.18549073e+00
 -5.98949552e-01  4.14049864e-01  3.31434339e-01  4.17121530e-01
  1.97724313e-01  2.48643070e-01  3.47716659e-01  2.76961979e-02
  4.11643386e-01  6.32825419e-02  1.18790403e-01  1.04815269e+00
  6.59482360e-01 -1.55564593e-02  6.94226623e-01 -1.47756666e-01
  1.06589071e-01  9.08275247e-01  5.21017790e-01  6.92718804e-01
  2.86959380e-01 -8.05722103e-02 -1.43041581e-01  5.36922634e-01
  1.05046320e+00  4.52052206e-01 -3.81556600e-01 -1.08431470e+00
  4.24223900e-01  4.42889363e-01  7.72779524e-01 -1.12714835e-01
  5.96364141e-01 -5.33625722e-01 -4.14586544e-01 -9.30271968e-02
  4.22243088e-01  1.92764640e-01 -4.03500378e-01 -4.11044836e-01
  1.08263455e-01 -2.98586348e-03  5.24127074e-02  1.66703388e-01
  1.68479487e-01  3.49166006e-01 -1.20710939e-01  3.30856562e-01
  5.55051029e-01 -1.82412248e-02 -1.45895436e-01 -9.32063878e-01
 -1.46862078e+00 -5.85870445e-01 -5.39659746e-02  1.87197924e-01
  1.99310929e-01  6.86297357e-01 -7.20427871e-01 -1.59490690e-01
  1.60043836e-01 -4.50078696e-01  8.95096779e-01  4.83115405e-01
 -3.66250455e-01 -1.39857665e-01 -7.72723109e-02 -4.02719527e-02
  1.94887012e-01 -6.46153808e-01  3.49651247e-01  1.92998335e-01
 -2.92580247e-01  8.70890141e-01  5.92843413e-01 -9.52753246e-01
 -5.80048859e-01  2.99438626e-01 -7.09566295e-01 -3.87702137e-01
 -1.41489968e-01 -1.18763022e-01 -2.26882517e-01 -9.62506711e-01
 -6.21627271e-01  1.76975623e-01 -3.72060448e-01  6.18373096e-01
 -2.94424206e-01 -2.43675172e-01  3.91376376e-01  3.01522762e-01
  3.71793747e-01  2.27553472e-01 -1.13737024e-01 -4.07382041e-01
 -9.31951523e-01 -1.59475222e-01 -6.82427824e-01 -4.46774662e-01
 -2.98469603e-01  5.49641788e-01  4.08855259e-01 -3.41720372e-01
  3.42265159e-01 -8.26678753e-01 -2.16926455e-01 -9.44948673e-01
  3.00152451e-01 -2.17595428e-01  4.51044381e-01  2.43331358e-01
 -5.62678635e-01  1.60341650e-01  3.20326388e-01 -2.13534370e-01
 -4.06488061e-01 -1.03091255e-01  1.62412778e-01  1.53968409e-01
  3.97691995e-01 -4.14722145e-01 -4.98390198e-02  1.03123114e-01
  6.80415213e-01  1.05989110e+00 -1.46921188e-01 -6.75565481e-01
 -4.15622860e-01  7.21889496e-01 -8.20095241e-01 -5.11177719e-01
  8.52808803e-02  1.03799796e+00 -4.34150070e-01 -9.35805589e-03
 -9.31151360e-02 -2.13160783e-01  1.91886798e-01 -6.06915236e-01
  5.88084161e-02  1.08633958e-01 -1.04977202e+00 -5.27109094e-02
  4.00129139e-01  2.34819949e-01  3.81599426e-01 -1.05606109e-01
  2.87341863e-01 -2.64762312e-01  5.89905195e-02  1.70946449e-01
 -1.00497715e-01 -5.17471313e-01 -1.42846733e-01  6.44447267e-01
  2.66576797e-01 -8.47026348e-01 -1.11494452e-01  6.19632423e-01
 -1.26149130e+00 -3.06786031e-01  4.95160431e-01  4.62523967e-01
 -8.06296706e-01  3.06060970e-01  7.66430736e-01  5.97837329e-01
 -3.23574483e-01 -4.80345666e-01  4.36190069e-01  6.80817723e-01
 -3.46220940e-01 -7.66511083e-01  4.46574271e-01  1.41370684e-01
 -1.02980293e-01 -5.40488064e-01 -4.22592521e-01  2.65439659e-01
 -9.56962928e-02 -2.44895786e-01 -4.19214696e-01 -1.64666414e-01
 -3.06633502e-01 -1.86299354e-01  2.45105460e-01 -3.18525545e-02
 -4.67939153e-02  6.95682168e-01 -4.29805338e-01  2.94353485e-01
 -7.33016968e-01 -4.37277049e-01  2.66561896e-01  1.27512980e+00
  4.79947448e-01  6.53741300e-01 -7.52601027e-01 -1.44520000e-01
  5.73795199e-01 -2.82812655e-01  7.84134388e-01 -7.08252609e-01
  3.59551996e-01 -2.24990100e-01  4.48699862e-01  1.16294272e-01
 -3.12129945e-01  2.35679686e-01 -7.60837853e-01 -6.73935056e-01
  2.67290294e-01 -1.21579804e-02  5.65718532e-01  1.67689368e-01
  5.01080379e-02  1.14676392e+00  9.60680321e-02  2.76987255e-01
 -2.71636963e-01 -1.22291183e+00 -2.89872140e-01 -8.18493664e-01
 -6.62508532e-02 -1.92694157e-01 -1.40860051e-01  6.37988448e-01
 -5.30418992e-01  1.86866343e-01 -1.20204642e-01 -4.11263764e-01
  2.44287238e-01 -3.00013542e-01 -6.34748220e-01  7.67916441e-02
 -5.25389146e-03 -5.00541568e-01  9.10909593e-01 -7.81153853e-04
  5.73917747e-01 -3.62056822e-01 -6.39089048e-01  5.51906526e-01
 -2.96102375e-01  4.11931053e-03 -1.62997516e-03  1.26707420e-01
 -2.28781044e-01 -2.66635448e-01 -1.43769935e-01  7.04218075e-02
 -1.01175630e+00  5.35757422e-01 -4.32021618e-01  6.75554797e-02
 -8.48605037e-02 -2.45917618e-01 -7.83925593e-01 -2.14090332e-01
  6.49926662e-02 -1.52617112e-01  1.47238150e-01  3.65546376e-01
  1.92785159e-01 -4.59866107e-01  4.44740862e-01  5.81870079e-01
  7.73893416e-01 -2.91641772e-01  6.76422954e-01 -2.63343096e-01
  1.17030136e-01  3.80716622e-01 -6.36992872e-01 -5.00421047e-01
  4.08815056e-01  2.97089845e-01 -4.51088995e-01 -2.04766601e-01
 -3.11228544e-01  1.16950512e+00 -2.77644664e-01 -4.54189658e-01
  9.02678370e-01 -3.50255519e-01  3.74343127e-01  1.03486288e+00
  7.54888535e-01 -3.30618560e-01  8.13705385e-01  2.18930379e-01
  4.16463256e-01  4.81533222e-02 -4.06268418e-01 -2.30281323e-01
  8.68297458e-01 -6.90934286e-02  6.66430816e-02  7.24653006e-01
  2.38760859e-01  2.06386119e-01  3.04114431e-01 -5.26445173e-02
  9.19842198e-02  3.20594013e-01 -1.03994980e-01 -3.44978005e-01
 -9.09045413e-02 -1.85921431e-01 -3.08676630e-01 -1.10416561e-01
 -4.00955886e-01  3.75517428e-01  1.05863655e+00 -6.94070578e-01
  3.78207475e-01 -9.08133805e-01 -5.52755296e-01 -1.38808548e-01
 -1.92001596e-01  8.75670761e-02 -8.22129548e-01 -3.54723066e-01
  4.55889665e-02  1.00279652e-01 -4.14493322e-01  1.08850069e-01
  3.55072469e-01 -2.15982288e-01 -3.15951049e-01 -8.13616157e-01
  1.16831638e-01  7.96491444e-01 -5.83824217e-01 -3.93423349e-01
  6.02574646e-02  1.43868119e-01  7.51962185e-01 -8.37876320e-01
 -4.99396086e-01 -3.88970673e-01 -1.63934782e-01 -7.29858518e-01
 -7.74035156e-02  1.87464610e-01 -6.80498838e-01  2.74432480e-01
  2.74815336e-02 -2.77334094e-01 -6.96903944e-01 -2.62158155e-01
 -1.01872317e-01 -5.72798729e-01  2.52303690e-01  1.73197880e-01
 -2.32819691e-01  1.08727254e-01 -1.14598490e-01  3.01972538e-01
  7.32996821e-01 -3.82890403e-01  8.87310505e-01  1.18421558e-02
  3.52819413e-01 -8.10456395e-01  5.46011448e-01 -7.75444210e-01
  2.38731921e-01 -7.29404271e-01 -6.84348583e-01 -7.15870261e-01
 -5.92095733e-01 -4.44831431e-01  6.94105983e-01  1.41565049e+00
  5.82514405e-01 -6.70187950e-01  2.14604646e-01 -1.19992949e-01
 -4.59861130e-01 -5.14126062e-01  7.87957609e-02  2.87131276e-02
 -1.56250954e+00 -1.51050702e-01  1.10962011e-01 -5.99425375e-01
  1.38390613e+00 -1.81464463e-01 -5.51844716e-01 -2.03921989e-01
  4.20286179e-01  3.99480015e-01 -4.89688039e-01  5.79875633e-02
  6.39865458e-01  2.55382061e-01  8.10141325e-01 -2.74228573e-01
  9.06463787e-02  1.43677816e-01  1.23314664e-01  9.46904346e-02
  4.15143430e-01  4.98303205e-01  8.01388994e-02  8.77618074e-01
 -6.99887455e-01 -6.97887897e-01 -6.23159766e-01  3.57088059e-01
  1.52939767e-01  6.89155638e-01  2.19663188e-01  7.95781195e-01
  6.50093913e-01 -1.51333585e-01  5.73428571e-02  8.89968514e-01
 -5.97225539e-02  1.22493303e+00 -5.51827133e-01  1.37401536e-01
 -7.72205174e-01 -2.06141174e-02  9.32204127e-01  7.35337436e-01
 -8.95386338e-02 -1.53636605e-01 -3.05787884e-02 -5.36286592e-01
  6.01685405e-01  3.55800867e-01 -1.03232712e-01  3.82544249e-01
  2.98963398e-01 -4.40684706e-01  1.03710151e+00 -3.41293402e-02
  2.65880525e-01 -6.53926969e-01 -6.79441914e-02  7.28975594e-01
  4.15084481e-01  9.39821303e-02  7.79341817e-01 -2.90805787e-01
 -6.84835374e-01 -1.62706956e-01  4.63800877e-01 -5.89522481e-01
  6.39394343e-01 -2.95108021e-03 -5.35931289e-01  7.10071802e-01
  6.55490518e-01  3.54701787e-01  3.58774036e-01 -5.89766741e-01
  1.17845006e-01 -1.08676121e-01 -1.62910074e-01  3.95880550e-01
  2.95421898e-01  4.05331105e-01  4.14086431e-02 -8.01070631e-01
  4.48301136e-01  1.35899627e+00 -5.21174166e-03 -9.20743793e-02
  3.09572011e-01  4.76359650e-02 -3.68001699e-01  1.13999829e-01
  3.10434073e-01 -2.43526921e-01  2.28980020e-01 -2.65523016e-01
 -3.08441073e-01 -1.91721022e-01 -1.11167714e-01  8.36298406e-01
  1.01698734e-01 -1.07925378e-01 -1.25733867e-01 -4.97482158e-02
 -7.83489943e-01 -9.43723172e-02 -1.25350189e+00 -8.20444703e-01
 -2.28514839e-02  7.94210806e-02  1.26814499e-01 -8.76045674e-02
 -1.05067170e+00 -3.63582850e-01 -3.43650937e-01 -7.80060351e-01
 -2.88844973e-01  2.45602176e-01  4.45047945e-01 -2.33513191e-02
 -6.45122170e-01 -3.19861680e-01  4.66754586e-01  4.40857112e-01
  2.82281876e-01  2.90625960e-01 -4.73927796e-01 -2.05121815e-01
 -6.80044219e-02  5.64762473e-01 -6.96877837e-02 -4.17860806e-01
 -9.23985100e+00  4.85890538e-01 -6.96021855e-01 -3.61793712e-02
 -2.90854603e-01  1.09774433e-01  7.45853484e-01  9.02153552e-01
 -8.39797497e-01  8.33707035e-01 -4.17751402e-01  3.90330076e-01
  6.95094764e-01  6.22927845e-01 -6.64734542e-01  4.40518484e-02
  3.32636237e-01 -1.16694659e-01  6.17951155e-01 -1.33797184e-01
 -4.72347558e-01 -8.30896676e-01  3.33613247e-01 -3.58044833e-01
 -5.38796723e-01  3.51196766e-01  7.18298554e-01  2.11320475e-01
 -3.41110140e-01  7.43181169e-01 -7.08786130e-01  2.28396952e-01
 -4.62522358e-02 -4.46464896e-01 -3.44868720e-01  6.35457754e-01
  4.75096405e-01  5.00575125e-01 -6.28811955e-01 -9.84638035e-02
 -2.70890117e-01  7.00600922e-01  8.04221705e-02  8.24451894e-02
 -1.22166611e-01 -9.91153196e-02 -1.91530034e-01 -4.20115441e-02
  9.88452911e-01 -2.90996104e-01 -7.04822019e-02 -7.77584851e-01
  4.59912896e-01 -9.61031556e-01 -3.41256499e-01  5.53800277e-02
 -5.96617341e-01 -8.16795051e-01 -3.44860584e-01  1.78946048e-01
  4.90690202e-01  3.57918739e-01  6.26448035e-01  1.93165451e-01
  1.91162061e-02  1.54929057e-01  4.83032584e-01  4.93613690e-01
 -3.64377618e-01 -4.92198080e-01 -7.11397529e-02  2.91632563e-02
 -4.73363608e-01 -1.61238447e-01 -1.43021703e-01  1.17001042e-03
 -6.81431472e-01 -2.01734558e-01  7.15143025e-01 -2.83666495e-02
  1.09446359e+00 -1.71665415e-01  2.87442692e-02 -3.10643524e-01
  1.18271388e-01  3.75444852e-02  8.50067377e-01  6.01617038e-01
 -7.22594792e-03 -7.78655231e-01  4.37221348e-01  5.96830487e-01
  6.06789231e-01  6.27070546e-01  1.22048862e-01  3.47596146e-02
  8.28653276e-01 -1.22065932e-01  8.15058947e-01  1.96478128e-01]"
タ,"[-2.99661551e-02  2.35579774e-01  2.16267854e-01 -4.62301165e-01
  1.46502957e-01  1.59057260e-01  4.88843143e-01  3.43817882e-02
  2.31429592e-01 -4.75955218e-01  9.65501428e-01  1.44587487e-01
 -3.04416180e-01  2.18970031e-01  5.76633871e-01 -7.43149146e-02
  1.22966498e-01 -2.05837458e-01  3.06487232e-01 -6.46916866e-01
 -4.75787103e-01 -4.26514417e-01 -3.73811781e-01  3.08984555e-02
  1.09216664e-02 -2.93104202e-01 -3.61434907e-01 -5.65030053e-02
  3.21628079e-02 -3.50589812e-01 -1.99837789e-01 -4.79252517e-01
 -1.99252479e-02  6.12472259e-02 -1.20409250e-01  6.15912259e-01
  1.48660764e-01 -7.46806189e-02 -2.11993039e-01 -2.97742337e-01
  1.13387346e-01 -1.35826588e-01 -6.36355281e-01 -4.45344567e-01
 -2.16307081e-02  6.85872316e-01  2.61787891e-01  1.03010170e-01
  2.79183775e-01  4.58381362e-02 -3.35032940e-01  5.32670803e-02
  1.20524228e-01 -1.07789263e-01 -1.40848160e-01  2.16222078e-01
  2.49952212e-01 -2.18029901e-01  1.12820625e-01  5.73501959e-02
 -7.49453455e-02 -1.90446988e-01  1.85510695e-01 -2.76439339e-01
 -1.08943269e-01 -2.89292574e-01 -1.85147242e-03 -1.42507613e-01
  3.78167368e-02 -5.24221301e-01  1.77446336e-01  5.51392175e-02
  1.34303674e-01 -2.22959772e-01  5.37544012e-01 -6.02257848e-01
  1.93570793e-01 -5.20524643e-02  5.09709895e-01 -1.05174385e-01
 -8.81144702e-02  3.53035271e-01 -1.23251960e-01 -1.02641988e+00
  2.46412903e-01  6.85964823e-02 -4.19943005e-01 -6.87328100e-01
  4.39353973e-01 -2.58307606e-01  1.43659532e-01 -1.16709851e-01
  1.21523656e-01  2.03724787e-01 -1.73979446e-01 -3.89984041e-01
  1.05054297e-01 -4.06380087e-01 -2.28427779e-02  9.06861573e-02
 -1.99103817e-01 -1.66494742e-01  2.53965884e-01 -8.31622109e-02
 -2.95609951e-01  7.66281486e-02 -1.89088240e-01  2.16593280e-01
 -1.05295256e-02  1.92863315e-01 -2.46624053e-01 -7.36581922e-01
 -6.68454885e-01  1.53523594e-01  1.62854731e-01  1.69706754e-02
 -4.62951362e-01  3.33336711e-01 -2.92251855e-01  3.58274668e-01
  3.38005960e-01  4.42474961e-01 -2.91267037e-01 -3.03502560e-01
 -3.53537560e-01  3.23735535e-01  2.82929122e-01 -9.15389434e-02
 -1.75312623e-01 -4.67682272e-01  1.64385363e-01  1.34649038e-01
 -4.42312837e-01  9.67956036e-02 -1.39187291e-01  6.48608625e-01
 -3.97078618e-02 -1.59846812e-01 -2.53886968e-01 -6.38386071e-01
  7.89156705e-02 -8.54528099e-02  2.54754603e-01  9.89833549e-02
 -3.24334204e-01  1.43080607e-01 -2.32915238e-01 -3.56462330e-01
  1.02784388e-01  2.76890486e-01 -3.18893880e-01  8.76443386e-01
 -2.85117447e-01  6.30542263e-02  5.69943249e-01  3.91576618e-01
 -3.98441225e-01  2.92969435e-01  2.51048923e-01  3.46937567e-01
  4.38345283e-01 -2.63639092e-01  1.75802618e-01  6.37234390e-01
  6.20617568e-02  4.89996850e-01  2.63442606e-01  1.88494578e-01
  1.00585274e-01  5.90886295e-01  5.55005610e-01  7.33949602e-01
  3.01001310e-01 -3.43335152e-01  5.00806533e-02  2.68896341e-01
  4.46986854e-01  2.31619105e-01  3.13695908e-01 -5.93590736e-01
 -6.11111848e-03 -2.24852040e-01  2.15833895e-02 -6.38685599e-02
  2.72835732e-01 -3.05014640e-01 -1.88641906e-01  4.10682037e-02
 -1.33700579e-01 -1.17594734e-01  1.64533272e-01 -3.79234791e-01
 -1.36827324e-02 -4.53405052e-01 -1.51211515e-01 -7.35498369e-01
  2.08937928e-01 -2.01926902e-01 -1.95111409e-01  6.64365649e-01
 -8.06749389e-02  1.93651304e-01 -1.68233156e-01 -5.78627706e-01
 -8.63688767e-01 -5.78569829e-01 -1.07736632e-01  7.04155922e-01
  5.88181317e-01 -7.45659769e-02  1.79060221e-01  5.25111556e-01
  2.50659406e-01  4.12462294e-01  1.57410830e-01  3.48495960e-01
 -3.53809148e-01 -4.02734399e-01  5.56166053e-01 -3.23269120e-03
 -5.00005744e-02 -5.67764267e-02  5.39637566e-01  2.04771265e-01
 -2.07519755e-01  5.01338005e-01  2.38741606e-01  1.70733929e-01
  6.99376762e-02  7.66363382e-01  1.18161114e-02 -5.86142182e-01
 -8.61167014e-01 -1.38440445e-01 -6.18503392e-01  2.19616920e-01
 -4.59072590e-01  6.19849443e-01 -4.46947105e-03  2.17116296e-01
  3.87898088e-01 -2.12497994e-01  1.40855059e-01 -7.15549588e-01
 -2.68750787e-01 -6.20127320e-02  1.47290947e-02 -8.14034939e-02
 -1.75518453e-01  2.29930595e-01 -6.10323489e-01 -6.31057501e-01
  1.71859533e-01 -4.53166574e-01  7.35765338e-01  2.59308606e-01
  1.98752582e-01 -1.23523995e-01  3.81315440e-01  5.03578298e-02
 -1.35161996e-01 -7.68967330e-01  3.92617434e-01 -6.43246844e-02
 -4.20342356e-01 -2.33181566e-02 -8.91819522e-02 -5.95490873e-01
 -4.39379811e-01 -3.94754142e-01 -1.84425384e-01 -3.75927567e-01
 -5.30730367e-01  2.09036112e-01 -1.57520652e-01  7.15329424e-02
 -1.29061699e-01  4.82911676e-01 -4.35601532e-01  2.91576117e-01
 -7.29819953e-01  3.35105658e-01 -6.40949190e-01 -9.48633403e-02
 -6.31974414e-02 -3.41346890e-01 -4.44250852e-01 -3.95514250e-01
 -1.38266921e-01  5.76125264e-01  2.62405366e-01 -1.72705904e-01
 -5.69435418e-01  1.49088740e-01 -2.58043766e-01  1.36819229e-01
  4.62164849e-01  1.36330351e-01 -1.63418509e-03  3.11880618e-01
  4.15723115e-01 -1.28348678e-01  2.41879076e-02 -1.07980743e-01
 -1.69175193e-02 -8.13083231e-01 -6.53277189e-02 -1.74520656e-01
  3.46210748e-01 -3.70300412e-01 -1.86801478e-01  6.85641587e-01
 -4.23173457e-01  5.92816889e-01  1.72281384e-01  2.52265394e-01
 -1.44581926e+00  3.85023117e-01  1.90219432e-01  2.97844350e-01
  8.77886042e-02  1.45401657e-01  1.11027993e-01 -5.74938990e-02
 -6.78434014e-01 -7.60268331e-01  7.41028190e-01  4.46878314e-01
 -2.33668759e-01  2.00399145e-01  4.54014122e-01 -1.06233016e-01
  2.08326623e-01 -2.76969552e-01 -3.36054385e-01  3.22804064e-01
  4.57792461e-01 -4.67718914e-02  2.76760478e-03 -4.14963007e-01
 -6.25007808e-01  5.21641970e-01  1.65115684e-01 -3.09191048e-02
 -8.05808425e-01 -3.20819281e-02  5.92415571e-01  8.43997777e-01
  3.92516553e-01  6.69855714e-01  2.77556330e-01 -3.47468078e-01
  5.76897085e-01  5.22862792e-01  4.86821592e-01  3.57853249e-02
  1.69018611e-01 -3.01421285e-01  4.69983786e-01  2.59584159e-01
 -1.95665166e-01 -5.30209802e-02  3.26360971e-01  3.86536181e-01
 -4.39108610e-01 -8.63753352e-03  6.73512280e-01 -5.43981791e-02
  3.62797439e-01  5.08806467e-01  8.52006793e-01  9.19913948e-02
 -1.24715783e-01 -4.45874661e-01  3.89481150e-02 -4.72150475e-01
 -4.64070290e-02  2.49437928e-01  6.43545926e-01  1.80078059e-01
 -3.93484175e-01 -4.67068553e-01 -3.88526499e-01 -4.55216765e-01
  2.36079320e-01 -3.04135948e-01 -5.05308151e-01  1.08156547e-01
 -3.48840982e-01 -2.52555817e-01  5.02934605e-02  2.95357853e-01
  4.80964005e-01 -4.88614053e-01 -2.77517438e-01  1.84798762e-01
 -1.73088774e-01 -9.53997746e-02  1.68650150e-01  6.75341263e-02
 -2.79203564e-01 -3.37671582e-03 -3.07510078e-01 -4.16349381e-01
 -1.23659872e-01 -1.28648296e-01 -7.28284359e-01  3.61377001e-01
 -3.37164178e-02  3.18481117e-01 -1.11765340e-01  2.12363601e-01
 -5.79021797e-02 -6.12405641e-03 -6.83400095e-01  2.51117557e-01
 -5.14046490e-01  5.09802341e-01  2.02501014e-01  3.70196730e-01
  2.70219278e-02  2.29741096e-01 -1.73004437e-02  2.23613024e-01
 -5.74088037e-01  1.03956148e-01 -3.94132435e-01 -1.11431397e-01
  5.26212454e-01 -6.53336525e-01  3.76909375e-01  1.18666455e-01
 -5.49459457e-01  7.20542371e-01 -3.26295465e-01  2.80928705e-02
 -1.27219662e-01  3.66679519e-01 -4.74165112e-01  1.33520305e-01
  5.62403500e-01  8.15480411e-01 -3.18196118e-01  4.57316011e-01
  2.00192392e-01 -1.78305805e-01  5.11981130e-01 -3.31428885e-01
  4.66658995e-02  6.66111999e-04  9.05242860e-02  4.37036812e-01
  1.26744494e-01  4.23158169e-01  2.31924251e-01 -5.15421033e-02
  2.10968688e-01  1.31144881e-01  3.46457288e-02  2.26193637e-01
 -4.26744789e-01 -5.13709113e-02 -1.42823681e-02 -1.93165302e-01
  1.01279892e-01 -5.32419123e-02  6.21730506e-01  2.30820462e-01
  3.73899966e-01 -3.55054617e-01 -5.41763544e-01 -3.83245200e-01
 -9.60799813e-01  1.31556511e-01 -7.90663213e-02 -1.63276196e-02
  6.90846264e-01  5.88578545e-02 -7.22112656e-01  2.35836729e-01
  2.72128489e-02  2.91976184e-01  4.03083205e-01 -2.15442598e-01
  7.09559470e-02  3.98972124e-01 -1.26126707e-01  1.62863761e-01
  1.12107601e-02 -3.19076516e-02 -1.29413649e-01 -7.25190401e-01
 -7.46306777e-02  9.69066843e-03 -1.38259888e-01  4.86339219e-02
 -4.86963317e-02  5.17931938e-01 -3.24877322e-01 -4.77065593e-01
 -2.66946048e-01 -9.78841260e-02 -1.59749001e-01 -5.27204216e-01
 -8.82906318e-02 -2.66705990e-01 -3.70777920e-02  5.53722858e-01
  1.26212314e-01 -1.79925904e-01  3.51804793e-01  8.11239600e-01
  3.29001725e-01 -2.76133955e-01 -1.77328452e-01  2.83513945e-02
 -2.39449125e-02  1.81579497e-02  3.36701691e-01  1.05576985e-01
 -5.92071339e-02 -2.49660667e-02 -6.41791821e-01 -3.77359599e-01
 -4.98495139e-02 -1.00686407e+00  7.86765099e-01  1.42199829e-01
  3.27162951e-01 -5.91947615e-01 -4.25616086e-01 -5.56285195e-02
 -9.50140357e-02  6.57174364e-02  3.92176419e-01  2.68515050e-01
 -4.43358719e-01 -1.54498905e-01 -6.50962949e-01 -7.22716451e-01
  2.66091764e-01  5.06580889e-01 -4.47363377e-01  7.18003884e-02
  3.01400125e-01  9.06874165e-02 -8.54358301e-02 -1.14973076e-01
 -2.02326894e-01 -3.82802844e-01  3.16183567e-01  3.47123623e-01
  2.67594904e-01  3.91975075e-01  1.17510473e-02  3.49306107e-01
  4.06838328e-01  6.52106583e-01  6.77609265e-01  2.06728265e-01
 -2.95980304e-01 -3.38719860e-02 -3.01791042e-01  2.97948092e-01
  3.51940691e-01 -6.79865256e-02 -8.16438615e-01  1.29637510e-01
  3.59595239e-01 -4.22446281e-01  3.53436232e-01  4.15180892e-01
  4.23547804e-01  5.95414937e-01 -3.82038802e-01 -7.82274976e-02
 -7.61259735e-01  1.75590232e-01  1.18746981e-01  2.82905460e-03
 -3.04479867e-01  3.16141918e-02  9.14571509e-02 -4.56850737e-01
 -2.21329153e-01  2.10730210e-01  2.45994300e-01  1.57623172e-01
  3.49374592e-01 -4.12948579e-01  5.97092390e-01  4.30367559e-01
 -2.68079549e-01 -2.92229682e-01 -1.48793817e-01  2.31118336e-01
  4.30457860e-01  1.59084797e-01  3.57093871e-01 -3.77342790e-01
 -8.44543278e-01 -2.18009446e-02 -1.30999135e-02  2.65737385e-01
  7.06270576e-01 -8.16599965e-01 -4.97601070e-02  5.13370395e-01
  8.08049083e-01 -5.22131585e-02 -2.97910810e-01 -5.25259852e-01
 -1.88427538e-01 -1.35287687e-01 -3.31186384e-01  3.62425178e-01
  4.46477719e-02  5.87640524e-01 -3.18144932e-02 -1.16054967e-01
 -1.95367426e-01  8.12337279e-01  4.07300919e-01  6.72218297e-03
  2.08169505e-01  3.49424258e-02 -4.43483621e-01 -7.18753934e-02
  2.72153318e-01 -3.70367467e-01 -1.54869959e-01  1.74514607e-01
 -3.93838197e-01 -1.14709832e-01 -1.86655268e-01 -5.02172261e-02
  3.51100236e-01 -1.54087305e-01 -4.24016178e-01 -3.41828108e-01
 -5.34637272e-02  3.64018321e-01 -8.19524467e-01 -1.77215248e-01
 -2.28437096e-01  1.85579330e-01  4.22203019e-02 -1.65699080e-01
 -4.80414540e-01 -5.62826455e-01 -4.52997953e-01  1.40648350e-01
  1.40121818e-01 -4.81932133e-01  4.71815914e-01  1.96079716e-01
 -1.48388878e-01 -1.19142509e+00  4.96811807e-01  1.02793932e-01
  7.11098373e-01 -2.55843937e-01  3.21620345e-01 -1.03126299e-02
  1.24622777e-01 -1.62571281e-01 -4.50742304e-01  6.66210949e-01
 -1.04435930e+01 -3.57222646e-01 -5.08106053e-01 -1.70224175e-01
 -3.90432179e-01  4.77056652e-01  1.89552546e-01  4.22308922e-01
 -4.48839180e-03 -6.46698475e-02  6.86290264e-02  1.07366987e-01
  1.40162811e-01  1.49776787e-01 -2.20811665e-01 -7.43995681e-02
 -3.73730332e-01 -2.49499276e-01 -6.55974090e-01 -6.84830919e-02
  1.96705148e-01 -3.56589913e-01  2.96620339e-01  3.35487694e-01
  1.99687496e-01  7.04082847e-02  3.58760089e-01  5.80973513e-02
 -3.10387552e-01  5.27437508e-01 -9.37580168e-02  2.01940879e-01
 -1.02422178e-01  2.93562889e-01 -5.40420711e-01  2.52985451e-02
  9.93592367e-02 -1.66584421e-02 -2.29644433e-01  5.84807038e-01
  2.08952114e-01  4.40937787e-01  3.92607786e-02 -2.71267653e-01
  3.37653905e-01  3.44211668e-01  2.34188393e-01 -8.45958963e-02
  4.30568844e-01  7.24609494e-02  8.71606618e-02 -1.99142188e-01
 -1.00829452e-01  3.45502868e-02  1.31053835e-01 -3.51088084e-02
  3.42283726e-01 -8.66864383e-01 -1.78458676e-01 -9.74012390e-02
  2.31044665e-01  8.35519806e-02  1.22753024e+00  3.87448698e-01
  5.01337796e-02  2.66884863e-01  2.13528678e-01  2.18898375e-02
 -4.01895314e-01 -3.08612972e-01  4.91428465e-01  2.12013632e-01
 -2.32747510e-01  1.83431536e-01 -8.17566887e-02  5.74736416e-01
  3.35067958e-01  1.57740995e-01  2.36426964e-01  1.89588703e-02
  5.00497401e-01  1.82547957e-01  5.91266863e-02  2.70417303e-01
 -7.46211171e-01  2.68312404e-03  3.72308880e-01  1.89852014e-01
  4.80819434e-01 -5.40397644e-01  6.07325137e-01 -3.68746966e-01
 -2.22947985e-01  4.32999194e-01  3.82213861e-01  5.22193760e-02
  4.58044559e-02  1.62065029e-01  4.00699943e-01 -5.65884411e-02]"
オ,"[ 5.29659688e-01  2.13090628e-01  4.55938280e-01 -3.78823578e-01
  9.63736400e-02  2.29296863e-01  2.38674492e-01  2.54841328e-01
 -7.63473809e-02 -5.99594891e-01  3.98756087e-01 -4.26396728e-01
  4.47566777e-01 -2.47670770e-01  6.96951926e-01 -6.56861961e-02
  7.09809884e-02 -1.64454520e-01 -1.08748702e-02 -3.70274395e-01
 -7.57648110e-01 -4.13432628e-01  3.18069786e-01  3.61408234e-01
  5.38302250e-02 -3.14446181e-01  2.48361547e-02  2.23327637e-01
 -1.62991717e-01  6.53100684e-02 -1.63625494e-01 -3.66718590e-01
 -2.87500978e-01 -1.43985704e-01 -1.41204700e-01  7.16443360e-01
  4.47980128e-02 -3.34321529e-01 -4.82722819e-02 -4.44858879e-01
  2.02450410e-01 -3.92537266e-02 -7.78143555e-02 -4.90674525e-01
 -4.24458086e-01  3.56974810e-01  1.42114460e-01  4.50804353e-01
  3.91071677e-01  6.58024773e-02 -2.39533976e-01  3.98799419e-01
  2.06403464e-01  3.77097838e-02  5.50478280e-01 -1.33396879e-01
  3.77492875e-01 -5.41711688e-01 -7.68055692e-02  2.61351973e-01
 -3.71713042e-01 -2.48553813e-01  5.21899402e-01 -1.36066273e-01
  8.11342075e-02  2.62257587e-02 -2.15081081e-01 -1.48256406e-01
  4.50063795e-02 -7.74799466e-01 -2.17825398e-01  2.92504013e-01
  3.74759495e-01 -3.83584619e-01  6.91850007e-01 -3.06555510e-01
  2.23782212e-01  1.15314923e-01  2.37160161e-01 -2.25102723e-01
 -3.46247643e-01  2.76684880e-01  2.55294591e-01 -7.24557042e-01
  2.26185378e-02  4.93616015e-02 -4.94028270e-01 -9.88056362e-01
  4.52703059e-01 -3.51128668e-01 -2.28992887e-02  7.41178766e-02
  2.15323508e-01  2.37703428e-01  6.52189553e-02  1.71886206e-01
  1.26418486e-01 -2.44162172e-01 -2.34624997e-01  2.50547945e-01
  8.68691355e-02  4.09331530e-01  3.27502042e-01 -1.70980483e-01
 -2.63423085e-01  7.60699585e-02 -1.54891476e-01  2.17485011e-01
  2.51036793e-01  8.09057802e-02 -3.74579966e-01 -2.97812015e-01
 -4.65494871e-01  2.72554666e-01 -2.09189262e-02  1.43589988e-01
 -1.98187307e-01  3.38896513e-01 -4.34930116e-01  6.07869983e-01
 -2.53846645e-01  7.91590750e-01 -3.56875882e-02  3.04778337e-01
  2.15029195e-01  5.05295575e-01  1.75789315e-02 -2.72460543e-02
 -1.28480300e-01 -2.57205337e-01  3.57783772e-02 -5.79200909e-02
 -6.81407750e-01  9.21545029e-02 -2.53729820e-01  9.22534049e-01
 -1.14336526e-02 -4.79016826e-02 -1.36097178e-01 -4.66877937e-01
 -1.52467445e-01 -1.32425740e-01  2.75294513e-01 -4.04690713e-01
 -1.19702034e-01  1.62625894e-01 -2.09465668e-01 -4.74402338e-01
  4.88818675e-01  3.42639595e-01 -3.91703337e-01  8.26958001e-01
 -7.30417073e-01  5.75210862e-02 -2.62061339e-02  3.64656836e-01
 -7.47365952e-01  1.51088730e-01  4.98598143e-02  5.59486687e-01
  9.29848328e-02 -4.33689654e-01  1.99748993e-01  3.20905179e-01
  1.02211989e-01  4.26367015e-01  4.94799048e-01  2.34954759e-01
  1.95354655e-01  4.70945448e-01  5.61673045e-02  4.96297121e-01
  4.58567068e-02 -2.13768110e-01  4.98518795e-01  2.91810691e-01
  1.29393652e-01  2.64626890e-01  6.80747330e-02 -5.47927022e-01
 -3.65224034e-02 -1.63021132e-01 -1.03595313e-02 -1.49563789e-01
  4.60751444e-01 -1.61316916e-01 -5.02539128e-02  1.14508383e-01
 -2.07946435e-01  1.70403823e-01  3.67571041e-02 -2.62583464e-01
  3.75305802e-01 -6.91209018e-01  9.99286249e-02 -3.19407612e-01
 -3.27440232e-01 -3.80385637e-01 -3.02856833e-01  3.92470658e-01
  6.25739247e-02 -2.27741338e-02 -1.50439635e-01 -1.84177473e-01
 -8.77260089e-01 -3.44324052e-01  7.29026124e-02  6.55198872e-01
  3.60122412e-01  2.26610646e-01  7.18065351e-02  2.47886717e-01
  4.67506111e-01  7.48334527e-02  1.43081367e-01 -1.94220652e-03
 -2.31676742e-01 -1.86713114e-01  1.26302436e-01 -1.21085666e-01
  4.20135766e-01 -9.82303694e-02  3.48750234e-01 -5.42345010e-02
 -4.06590849e-01  2.43656427e-01  8.67293999e-02 -3.94006163e-01
  5.03381453e-02  7.26811528e-01 -2.60775447e-01 -6.34871423e-01
 -4.98527706e-01 -9.47990268e-02 -6.50830209e-01  6.62958398e-02
 -2.68383652e-01  2.85508454e-01 -3.49700004e-01  1.12674169e-01
 -1.74492911e-01 -4.75419343e-01 -1.81578606e-01 -2.11868286e-01
  3.28344889e-02  1.42950699e-01 -2.28110589e-02 -1.91820711e-01
 -5.15208364e-01 -3.52586992e-02 -3.48714292e-01 -4.78997946e-01
 -3.10264714e-03 -5.51242530e-01  4.46956694e-01  2.26768479e-01
  5.19576371e-01 -4.01957147e-02  2.23008469e-01 -2.11780015e-02
 -6.47084936e-02 -8.50242257e-01 -1.22388318e-01 -8.21013227e-02
 -5.00536263e-01 -2.89797261e-02  1.61732789e-02 -4.62967247e-01
 -3.05137724e-01 -4.27984715e-01 -5.37696257e-02 -4.27530885e-01
 -4.58555937e-01  5.07671535e-02 -6.09349832e-02  1.21000551e-01
 -1.44150585e-01  4.98395979e-01 -4.44367468e-01  1.57625675e-01
 -6.23378396e-01  1.97799042e-01 -6.93991065e-01 -2.58265138e-01
  1.02615738e-02 -2.50993371e-01 -3.85790080e-01  1.67727783e-01
 -4.67547983e-01  3.76975834e-01  3.34049433e-01  5.89170568e-02
 -4.29504603e-01 -2.34155897e-02 -3.79841536e-01  1.28155112e-01
  2.17148751e-01  7.27256596e-01  2.17628777e-01 -6.18875958e-02
  1.72691017e-01  4.01492089e-01  1.91140860e-01  1.47364363e-01
 -1.01788752e-01 -2.96952933e-01  8.40102732e-02  5.50181009e-02
  6.37321651e-01  1.06117532e-01 -1.75985415e-02  1.04611826e+00
 -3.49941045e-01  2.47092575e-01  4.92686391e-01  2.86440611e-01
 -1.74274695e+00  1.24134626e-02 -1.29007444e-01  4.75340001e-02
 -2.40004599e-01  2.80745119e-01 -3.55460658e-03  1.37170598e-01
 -4.59278792e-01 -5.40335178e-01  9.03911769e-01  2.87854135e-01
 -9.33829881e-03 -5.12270808e-01  3.49341303e-01 -2.35028371e-01
  2.98427008e-02 -4.78011936e-01  2.12677538e-01  4.78230417e-01
 -4.10766840e-01  5.39882034e-02 -1.65991887e-01 -5.37499726e-01
 -8.39669257e-02  1.67763039e-01  1.61569253e-01  2.47225672e-01
 -5.30215204e-01  1.38052374e-01  3.13878089e-01  4.00859684e-01
  7.85849571e-01  3.03985566e-01 -6.16408102e-02  5.77767044e-02
  4.45068717e-01  1.35041907e-01  4.25412297e-01 -2.85625219e-01
  1.75831676e-01 -4.75820117e-02  8.53437722e-01  1.25897396e-02
  9.11166295e-02 -1.54978712e-03  1.21304177e-01  2.29567096e-01
 -8.19531530e-02  3.54898632e-01  1.46432102e-01  4.78751250e-02
  1.90706670e-01  5.32224238e-01  5.80730975e-01  1.44955635e-01
 -2.83899516e-01 -3.66182566e-01  3.64569165e-02 -3.21286529e-01
 -6.24405146e-01 -3.38620603e-01 -3.43862951e-01 -1.22221127e-01
 -4.49567646e-01  2.92913973e-01 -2.96255443e-02 -5.18385053e-01
  5.49229495e-02 -3.55665028e-01 -4.25226897e-01  3.32149923e-01
 -5.32559305e-02 -7.33311176e-01  5.86143553e-01  2.21728235e-01
  2.88144261e-01 -5.33857048e-01 -6.53079987e-01 -4.23921756e-02
 -2.73390263e-01 -3.03942800e-01  1.67657301e-01 -3.30829591e-01
 -5.40301539e-02  3.47336739e-01 -7.84889758e-02 -9.32381302e-02
 -3.43779474e-01 -2.95097053e-01 -7.08986878e-01  1.88760504e-01
 -5.04166633e-02  3.23213547e-01  2.19684243e-02  2.22186521e-01
  2.20306531e-01  4.48722839e-02 -2.71185935e-01  8.39256197e-02
 -3.24997872e-01  5.80433309e-01  3.90726745e-01  1.66425571e-01
  5.81920862e-01  4.44246560e-01  2.81132221e-01  5.24589181e-01
  2.02089325e-02  1.34099787e-02 -6.10522449e-01 -3.01175117e-01
  7.10016072e-01 -3.79120931e-02  2.43217826e-01 -1.07879639e-01
 -1.81926806e-02  6.09081030e-01 -3.24829035e-02 -5.74191928e-01
  5.14266547e-04  7.38754347e-02 -1.84155032e-01  2.62513518e-01
  6.57590330e-01  8.22842896e-01 -2.32491437e-02  2.09028870e-02
 -1.40678659e-01 -1.87530726e-01  3.15161854e-01 -1.30644426e-01
 -1.17975011e-01 -2.94526875e-01  9.54099279e-03  2.99439758e-01
  6.59657598e-01  2.00672433e-01  6.23160660e-01  3.09473157e-01
 -3.43716770e-01  2.67425120e-01  4.35273141e-01  4.79529262e-01
 -2.94526517e-01 -2.89981574e-01 -3.53981167e-01  2.58303136e-02
 -3.89669329e-01 -6.62572011e-02  6.73135698e-01 -1.59499541e-01
  1.76897496e-01  7.67650688e-03 -6.11082435e-01 -6.22050464e-01
 -3.78277510e-01  1.60815239e-01 -9.92601439e-02  1.43383160e-01
  2.02571973e-01 -1.35760903e-02 -4.93025184e-01  1.85777426e-01
  5.61464727e-02  2.98899978e-01  5.03491282e-01 -1.53601959e-01
 -9.01676565e-02  3.59078869e-03  3.82498726e-02  6.76893964e-02
 -1.81071088e-01  4.58883010e-02 -2.62824357e-01 -4.94412094e-01
  1.62131209e-02  1.84012845e-01  2.54214287e-01 -1.46533042e-01
  6.53414965e-01  1.32467419e-01 -5.13203919e-01 -5.65060019e-01
 -2.37240583e-01 -2.22166181e-01 -4.52727154e-02 -4.98032242e-01
 -9.01912376e-02  4.43757847e-02  3.66764814e-01  8.76772404e-02
  2.80246258e-01 -3.57614696e-01  7.92291760e-02  2.38751560e-01
  6.34034872e-01 -1.30070135e-01  2.30014458e-01 -1.98584244e-01
  2.17490532e-02  8.81654993e-02  7.55990595e-02  5.94925098e-02
 -1.43209085e-01 -5.36220908e-01 -6.97850943e-01 -3.78329605e-01
 -1.78958684e-01 -1.07865930e+00  5.39438188e-01  1.38625845e-01
  2.41053805e-01 -4.67630297e-01 -4.62996036e-01 -1.47763044e-01
  3.01077008e-01 -1.15580216e-01  4.24873710e-01 -2.17767403e-01
 -5.78147948e-01 -4.97000404e-02  1.25194728e-01 -6.60147369e-01
  9.40503120e-01  2.54540563e-01 -4.91650820e-01 -3.95495683e-01
  3.87395293e-01  1.95834413e-01 -2.21845999e-01  1.07280806e-01
 -1.32592082e-01 -5.39364815e-01  1.55032635e-01 -3.46933961e-01
  3.21011186e-01 -1.54360160e-01 -3.52674324e-05 -1.24660306e-01
  5.85190356e-01  3.44327986e-01  2.44300678e-01  7.75589198e-02
 -2.27900639e-01 -2.08970875e-01 -2.48069152e-01  3.25702071e-01
  1.40794307e-01  3.85053605e-01 -1.76682368e-01  3.16250384e-01
  5.83125949e-01 -8.46609056e-01  8.67414474e-02  7.60417283e-01
  4.11032021e-01  4.44315493e-01 -1.52564764e-01  3.20903882e-02
 -8.17037404e-01  1.35569990e-01  1.41821682e-01 -1.72215570e-02
  4.57020789e-01 -3.56507041e-02 -1.37511179e-01 -4.09765035e-01
 -1.68074183e-02  4.00395066e-01  1.72828749e-01  3.64892520e-02
  4.35541987e-01 -1.55622914e-01  5.13322771e-01  3.38330954e-01
 -2.61516929e-01 -3.60293716e-01  5.43467440e-02  4.09025818e-01
  7.75284708e-01  1.81759849e-01  3.60168815e-01 -7.15021849e-01
 -6.30539358e-01  3.01282763e-01  8.31094086e-02  3.05178523e-01
  5.01429319e-01 -2.74868637e-01 -6.27902821e-02  6.11264467e-01
  2.97894835e-01 -7.07817525e-02 -3.29446822e-01 -4.16540891e-01
 -1.70716390e-01 -2.36667961e-01 -5.00891149e-01  2.01751813e-01
  8.45913216e-02 -4.67947908e-02  2.11769968e-01  1.54199144e-02
  9.83888358e-02  5.82226098e-01  2.87197321e-03 -3.05047333e-01
  2.04790220e-01  6.14336543e-02 -9.01422724e-02  8.08300227e-02
 -2.23519325e-01 -2.46593595e-01 -2.41717659e-02  2.41519004e-01
 -1.57367334e-01  2.02508613e-01  3.40979882e-02  1.61916167e-01
  3.30591708e-01 -4.44882154e-01 -1.90104902e-01 -3.14644456e-01
 -3.17463845e-01 -1.30728632e-01 -6.57792032e-01 -3.59774739e-01
 -3.09588555e-02 -4.71150875e-02 -1.59254432e-01 -5.93736023e-02
 -4.67871338e-01 -2.32516110e-01 -4.49221104e-01  2.52285540e-01
 -1.73445553e-01 -8.41765165e-01  3.82302940e-01  2.62718678e-01
 -1.25296742e-01 -1.19992077e+00  2.47536302e-01  1.70461625e-01
  2.44115233e-01  1.72105312e-01  7.04698920e-01 -3.42238545e-01
 -2.60701954e-01  8.75810459e-02 -2.85531700e-01  2.54745066e-01
 -1.05163517e+01  1.05978079e-01 -4.22578603e-01 -3.99893075e-01
 -3.50487739e-01  3.93149853e-01  6.25632167e-01  5.66282392e-01
 -1.95585936e-01  1.21423393e-01 -3.40548642e-02  9.15949419e-02
 -1.44770285e-02  6.83787882e-01 -5.20783842e-01 -3.06553662e-01
 -2.30557114e-01 -2.15277169e-02 -4.03221026e-02 -2.39191204e-01
  1.14314690e-01 -2.84472644e-01  5.08635998e-01  7.36679852e-01
  5.46224177e-01 -4.08423632e-01 -2.61187971e-01  2.47341441e-03
 -2.02753499e-01  5.91974974e-01 -6.01364851e-01  5.32571316e-01
  3.64352502e-02  3.01084399e-01 -1.52536288e-01  2.52969116e-01
 -4.02831227e-01  6.68329716e-01 -3.90014835e-02  4.04142320e-01
  3.15302551e-01  4.24127430e-01 -2.56795008e-02 -3.04168835e-02
  1.74899265e-01  2.39173710e-01  4.69064713e-01  1.11696711e-02
  5.41832387e-01 -2.42215633e-01 -1.27103299e-01  1.33843392e-01
  6.82288781e-02 -9.43486765e-02  4.55611289e-01 -3.05458643e-02
  6.39403582e-01 -6.74558520e-01 -3.16420607e-02  6.43760711e-02
  3.38028491e-01 -7.73757696e-02  3.83367360e-01  4.44365919e-01
  3.00741434e-01  4.10556674e-01  5.21741688e-01  3.65373969e-01
 -9.13043141e-01 -2.37799183e-01  1.62567645e-01  4.71616268e-01
 -9.50486809e-02  3.25132906e-01 -2.56731838e-01  3.13396513e-01
  3.61466676e-01 -2.95936376e-01  5.50640672e-02 -2.80053783e-02
  2.83950686e-01 -3.02975923e-01  8.33558366e-02  2.40718409e-01
 -6.21874213e-01  4.87202406e-02 -8.32330659e-02 -4.81247865e-02
  2.59869248e-01 -4.46125746e-01  2.38236561e-01  8.38035122e-02
 -5.34437299e-01  5.06531894e-01  4.48012590e-01  1.81824807e-02
 -1.21032991e-01  2.26519614e-01  4.85405922e-01 -2.47120038e-02]"
レ,"[ 2.11790562e-01  3.12147915e-01  1.56239405e-01 -4.62925494e-01
  3.90045017e-01  6.33704841e-01  1.08811867e+00 -5.64637408e-03
 -1.70766532e-01  2.53077507e-01  6.52835608e-01  5.36284596e-02
 -7.73065925e-01 -2.08476856e-01  4.08956826e-01 -1.93083435e-02
  1.95161268e-01 -4.57857430e-01 -2.57242247e-02 -4.03957129e-01
 -5.13635576e-01 -4.37197149e-01 -2.87885010e-01  3.59757394e-01
  1.92466006e-01 -4.33365285e-01 -1.64243922e-01  3.59828532e-01
 -2.01904532e-02 -3.53789479e-01 -3.70608479e-01 -6.53367996e-01
 -8.40082914e-02  4.72385108e-01 -1.64403200e-01  1.47810608e-01
 -4.61415619e-01 -6.33785501e-02  2.76199311e-01  1.68242469e-01
 -2.04160556e-01 -1.32096857e-01 -3.42380077e-01  1.46032572e-01
 -2.51288235e-01  4.13353950e-01  3.87004912e-01  3.07377338e-01
  2.51169115e-01  1.01749063e-01 -1.65935755e-01  5.35423934e-01
  6.02197349e-01  2.14505911e-01  6.72789931e-01 -3.70636135e-02
  5.68251252e-01 -4.53531414e-01  4.94370274e-02  5.92842340e-01
 -8.04089427e-01 -2.66785383e-01  8.47482085e-02  5.41311167e-02
 -1.31178811e-01  3.64593685e-01 -4.00320202e-01  2.56372929e-01
  4.19665754e-01 -7.32927322e-01 -1.02700032e-01 -2.46067911e-01
 -2.20003235e-03 -5.06109774e-01  6.37231410e-01 -4.90771949e-01
  4.08214003e-01 -7.41296187e-02 -1.14414558e-01  2.06918269e-01
  1.20670125e-02  2.96857655e-01 -3.16032529e-01 -1.09711146e+00
 -2.13455111e-01  2.33853862e-01 -1.17373765e+00 -1.17531931e+00
 -3.94072346e-02 -3.73141170e-01  1.85219899e-01 -1.90411940e-01
  4.35625821e-01 -3.77321728e-02  5.28561592e-01 -4.80665490e-02
  3.76573473e-01  1.47235572e-01 -1.90814406e-01 -5.46784066e-02
 -1.79864869e-01 -1.82770062e-02  4.56758618e-01  1.20619118e-01
 -6.94888085e-02  1.79526940e-01  1.03570692e-01  8.89171138e-02
  2.19496906e-01  5.48862159e-01 -4.58923429e-01 -4.54540968e-01
 -3.25635016e-01 -2.90356189e-01  1.37022883e-01 -2.43274197e-01
 -1.39434570e-02  6.21202469e-01 -2.83238292e-01  4.95013028e-01
 -3.10995672e-02  2.13604867e-01 -2.24200655e-02 -4.05663669e-01
  1.09675638e-01  1.83357760e-01  3.71012926e-01 -2.45225817e-01
 -4.35414821e-01 -6.80235922e-01 -7.03988492e-01  2.01055184e-01
 -4.14252132e-01 -1.98510036e-01 -5.41311920e-01  4.76782709e-01
  6.54575527e-02  1.35801822e-01 -2.06374973e-01 -3.62702549e-01
 -8.91103268e-01  5.50651133e-01  4.38832015e-01 -2.73552805e-01
  3.57039243e-01  1.53650001e-01 -1.08367205e-01 -3.01844239e-01
 -2.96181202e-01  3.65690410e-01 -4.61749397e-02  1.08299446e+00
 -8.86420965e-01 -2.87730750e-02  1.13404825e-01  1.90755382e-01
 -8.78477871e-01  8.68647620e-02  1.61097020e-01  2.16070712e-01
  1.83381528e-01  1.90998510e-01  4.24192905e-01  7.58680820e-01
  1.73998281e-01  4.19262707e-01  1.72381356e-01 -4.71206419e-02
  4.60250080e-01  9.33453441e-01  8.02692533e-01  5.90680301e-01
  6.39782727e-01 -2.72129148e-01  3.72003704e-01  4.91988689e-01
  1.08685577e+00 -2.08739191e-01 -4.18818779e-02 -6.68927848e-01
 -1.77817926e-01  5.38549572e-02  2.51314670e-01 -7.79233038e-01
  4.28760499e-01 -1.39289677e-01  4.77126479e-01 -9.00978316e-03
 -3.29728305e-01  2.22734496e-01  9.43627767e-03 -4.76323575e-01
  2.74438173e-01 -6.07636034e-01 -5.66053152e-01 -3.83359306e-02
 -2.29928046e-01  2.98950762e-01 -9.94605124e-01  3.43955100e-01
  2.81170547e-01  3.48459274e-01 -2.54391998e-01 -6.05091989e-01
 -7.90200830e-01 -6.91058576e-01 -3.28721493e-01  5.90669692e-01
  2.16125086e-01  4.58050460e-01 -2.02739686e-01  3.01326998e-02
  1.13393530e-01  5.62979728e-02  6.82333112e-01 -2.00289935e-01
 -2.36324996e-01 -3.91351014e-01  2.05564927e-02 -4.40373242e-01
  3.19210052e-01 -3.49599898e-01 -9.98927746e-03 -4.20623481e-01
  7.27967247e-02  4.09278065e-01  6.04039319e-02 -7.25088894e-01
 -4.53305095e-02  1.21204503e-01 -5.08763850e-01 -3.21923256e-01
 -8.82857144e-01 -4.66342270e-02 -6.77094221e-01 -2.27426693e-01
 -5.28761923e-01  2.71380156e-01 -1.00383714e-01  2.02354625e-01
  2.90312022e-01 -2.93077946e-01  3.58733088e-01 -4.66686547e-01
 -2.53672034e-01  7.41484538e-02 -1.06865931e-02 -1.50152221e-01
  8.24689120e-02  1.69533268e-02 -6.54282510e-01 -5.56208372e-01
  2.80531526e-01 -5.24953485e-01  6.29130185e-01  9.26729441e-01
  2.12974876e-01 -3.86684299e-01 -1.40479237e-01 -2.88277268e-01
 -7.53846824e-01 -6.01349950e-01  1.03062717e-02  3.49313468e-01
  1.73552707e-01 -3.60199332e-01 -1.70882866e-02 -3.89978021e-01
 -8.49648237e-01 -6.78683221e-01  1.21645011e-01 -5.44718921e-01
 -3.87903333e-01 -3.88252020e-01 -6.39475882e-02 -3.94706249e-01
 -5.11833131e-01  7.81625688e-01 -2.74681926e-01  8.12987864e-01
 -2.57096708e-01  5.21027982e-01 -5.01482964e-01 -3.58229369e-01
 -1.58339262e-01  2.93700576e-01 -5.81605315e-01 -6.31688178e-01
 -5.70438147e-01  8.12469661e-01  2.56196409e-01 -4.40510631e-01
  1.52350411e-01 -1.69668958e-01 -1.51950847e-02  6.57054722e-01
  4.60845739e-01 -1.51015133e-01  1.98665634e-01 -5.71198501e-02
  8.23478937e-01  2.07625404e-01  2.60527611e-01  1.41267627e-01
 -2.33722225e-01 -1.79886833e-01 -4.09681976e-01  2.39389837e-01
  5.92723012e-01 -6.54698193e-01  2.64564067e-01  6.65835500e-01
 -7.61334956e-01  2.99999505e-01  6.03593469e-01  4.40113693e-01
 -1.74230647e+00 -2.08247915e-01  4.11691397e-01 -2.18686476e-01
 -4.67979968e-01  4.47311580e-01  4.50253218e-01  7.44841516e-01
 -5.64385235e-01 -5.38400114e-01  1.08515155e+00  2.08265528e-01
 -3.98362309e-01 -2.84172446e-01 -2.71444231e-01  1.41183719e-01
  4.09434795e-01 -4.37738210e-01  1.24744058e-01  5.90748489e-01
 -6.01208389e-01 -2.03941509e-01 -2.87634075e-01 -4.80963409e-01
 -2.62211673e-02  7.63347030e-01 -7.54665509e-02  5.89029372e-01
 -2.06197560e-01 -1.38684109e-01  2.51260161e-01  1.26485646e+00
  5.82103789e-01  9.37070131e-01 -4.06178564e-01 -6.91404760e-01
  4.05639559e-01  2.79361814e-01  1.42325491e-01 -6.55316055e-01
 -3.59991714e-02 -2.83814464e-02  2.44900599e-01  1.19050898e-01
 -3.28858078e-01  2.84518689e-01  5.11830151e-01  2.19289780e-01
 -2.33976275e-01  2.86750615e-01  1.06900609e+00 -1.21941626e-01
  2.69066602e-01  3.37108433e-01  4.46323216e-01  4.31613386e-01
 -5.12827151e-02 -4.48308259e-01  2.96298474e-01 -5.64652562e-01
  4.48917717e-01 -1.90751746e-01 -2.69841373e-01 -4.24539857e-02
 -1.35695472e-01 -4.08144474e-01 -6.40518814e-02 -5.69630146e-01
  3.33210021e-01 -5.20815074e-01 -6.19455874e-01 -3.63946736e-01
  2.95442313e-01  2.60435045e-03  6.86691821e-01  1.07836270e+00
  3.76238257e-01 -8.40712011e-01 -5.07274330e-01  2.69872755e-01
 -7.40011930e-01  3.48720223e-01  2.92439133e-01  5.26220083e-01
 -1.46135643e-01 -3.23804498e-01 -6.99282467e-01 -4.24319774e-01
 -1.00188851e+00 -6.89015761e-02 -4.80664849e-01 -1.32868499e-01
 -1.87674150e-01  7.84283876e-01  3.77273299e-02  1.31311953e-01
  3.74370724e-01  2.35737562e-01 -6.33470654e-01 -6.37345314e-01
 -5.29601276e-01  2.66539037e-01  4.46591377e-01  4.13009435e-01
  9.35427696e-02  5.24656892e-01  3.60433251e-01 -4.25687172e-02
 -1.10221570e-02 -5.92614971e-02 -5.06973788e-02 -4.68889147e-01
  3.95512402e-01 -3.82778645e-01 -1.10836163e-01  4.71593887e-01
 -1.80875406e-01  1.09324825e+00 -7.88529310e-03 -2.66083121e-01
  2.14231595e-01  3.94428186e-02 -3.39678556e-01  9.83330548e-01
  1.91027910e-01  6.93450511e-01 -1.56026751e-01  4.66009766e-01
 -1.68740615e-01 -1.36379644e-01  2.89318502e-01 -5.63642085e-01
 -1.79401845e-01 -2.32059769e-02  1.53800517e-01  1.24000978e+00
  2.16638684e-01  4.75354567e-02 -2.21421555e-01  1.91967785e-01
 -8.71589184e-02  5.17838478e-01  1.64071806e-02  8.22151229e-02
 -3.61091226e-01  3.84118736e-01 -3.54102761e-01  3.14372778e-02
  4.43949178e-02  1.30570307e-01  2.44209960e-01  1.80386201e-01
  5.13420045e-01 -7.06629395e-01 -6.80223227e-01 -3.78711283e-01
 -1.31094873e+00 -9.61420834e-02 -8.00831974e-01  4.02071595e-01
  3.25710654e-01 -1.60698395e-03 -6.92893386e-01  7.90025234e-01
  2.71647990e-01  2.06939697e-01 -3.80356349e-02 -4.02706206e-01
 -5.26985705e-01  1.13552645e-01 -2.24539846e-01 -2.60666847e-01
  2.76364952e-01 -2.63771206e-01 -8.33178759e-01 -7.69113898e-01
 -1.42383292e-01 -4.96436387e-01  2.64447421e-01 -4.33224589e-01
  3.28410834e-01  5.42612433e-01 -9.38507378e-01  7.11900219e-02
 -3.31252277e-01  1.20897647e-02 -4.63244654e-02 -5.59325635e-01
  1.61403492e-01 -2.11348832e-01 -1.16198711e-01  9.56927776e-01
  1.27268028e+00 -1.53821990e-01  2.98032211e-03  6.46416366e-01
  4.68276858e-01 -1.48246452e-01  1.67837664e-01 -5.86160384e-02
 -7.77111426e-02 -1.36144102e-01  4.18100566e-01  3.95189852e-01
  4.98411685e-01 -1.01971865e-01 -9.67411876e-01 -3.02570164e-01
 -2.82127056e-02 -7.61660874e-01  8.48079741e-01  1.49477154e-01
  5.74199378e-01 -5.65008640e-01  2.55076796e-01 -7.17981756e-01
  6.53414503e-02 -3.38440329e-01  7.42141068e-01 -1.51932612e-01
 -1.04733407e+00 -3.78960431e-01 -3.38416129e-01 -6.56064034e-01
  1.15195918e+00  2.97550470e-01 -5.31781554e-01  2.55158365e-01
  4.73155648e-01  5.87594211e-01 -1.61969066e-01 -2.60976464e-01
 -6.07911706e-01 -1.74270698e-03  5.69970489e-01  1.86057240e-01
  1.89609990e-01  2.32887164e-01 -2.60109603e-01 -3.14332336e-01
  9.24727798e-01 -1.06491365e-01  2.15405792e-01  1.57620443e-03
 -1.40528515e-01  2.64834464e-01 -3.59886736e-01  1.25120774e-01
 -1.51385283e-02  3.54250163e-01 -3.90069842e-01  8.11315775e-01
  6.53498530e-01 -2.98208266e-01  1.15145974e-01  1.21756446e+00
  2.15686724e-01  8.10126424e-01 -9.30581689e-02  1.70218095e-01
 -1.07148409e+00  3.22002560e-01 -2.50449870e-02 -3.08299571e-01
  3.45678963e-02  3.35915893e-01 -5.97240590e-02 -7.91508332e-02
  1.83592528e-01 -5.30821010e-02 -4.85626757e-02  8.92215788e-01
  6.28977939e-02 -5.88202000e-01  8.48995626e-01  2.75404096e-01
 -5.14001846e-01  1.32637694e-01  5.38741909e-02  7.39607275e-01
  7.34033346e-01 -8.87859836e-02  5.72359920e-01 -3.43440711e-01
 -9.11301970e-01  3.25283855e-01 -3.19748878e-01  2.64806688e-01
  6.55352116e-01 -8.62215042e-01 -2.80593604e-01  5.22382438e-01
  3.25566441e-01 -1.45460561e-01 -4.46990699e-01 -8.11535060e-01
  1.60925388e-01  1.23084284e-01 -4.95300621e-01  2.15020292e-02
  2.96721846e-01  9.40444529e-01  3.57534975e-01 -3.53697807e-01
  2.37445027e-01  5.37648380e-01  1.12892590e-01 -2.52233088e-01
  6.98895827e-02  5.08544855e-02  2.92694837e-01 -1.91583142e-01
  1.01325643e+00 -1.81537628e-01 -3.18529636e-01  4.01400715e-01
 -4.61487442e-01 -3.35044116e-01  2.22076222e-01  3.51487756e-01
  4.88082767e-02 -2.46164948e-01  2.16562927e-01 -3.72650236e-01
 -1.61316410e-01 -2.57273652e-02 -8.78512681e-01  1.48966551e-01
 -1.10783957e-01 -7.34648556e-02  2.12040335e-01 -1.65950194e-01
 -5.67233562e-01 -3.63309979e-01 -1.48784265e-01  2.36909747e-01
 -1.06703007e+00 -3.29795510e-01  9.11358535e-01 -4.60878871e-02
 -4.54724908e-01 -1.18096209e+00  6.42949939e-01 -1.85985178e-01
  5.63629448e-01  3.84793319e-02  3.63342285e-01  2.95556746e-02
  2.43544385e-01 -1.63167957e-02 -4.47826445e-01  1.28145382e-01
 -9.77260590e+00  1.10378549e-01 -2.11438283e-01 -7.28446722e-01
  1.29618287e-01 -3.70057583e-01  7.00108409e-01  7.79978216e-01
 -5.73680699e-01  1.28816161e-02 -2.32107490e-01  1.51225463e-01
  4.53378767e-01  3.11708361e-01 -2.54814327e-01 -3.48427474e-01
 -3.22798729e-01 -2.58097917e-01 -7.22405827e-03 -1.06705673e-01
  8.84802192e-02 -6.27997220e-01  1.16019666e+00 -6.01275265e-02
 -2.13984042e-01  2.70081256e-02 -6.55421615e-01  2.71694750e-01
  2.10449353e-01  2.71274835e-01 -1.05003941e+00  6.97763801e-01
  1.51515856e-01 -1.20972410e-01 -7.65801743e-02  8.32716227e-02
 -1.00773744e-01 -1.84431449e-01 -9.22588110e-01  6.24495208e-01
 -8.83222818e-02  5.16309321e-01  3.37488532e-01  1.38079226e-02
  5.46293259e-01 -6.01533771e-01 -1.60022140e-01  1.80612728e-01
  7.66687691e-01 -3.52241285e-02 -2.13444576e-01 -2.16333881e-01
  1.73329502e-01 -1.14239946e-01  1.53278857e-01 -1.43183187e-01
  3.88860852e-01 -5.07604122e-01  4.85215038e-01  5.22066280e-02
  5.55349886e-01  1.53843284e-01  2.52172232e-01  4.67775911e-01
 -1.82433665e-01  6.69867516e-01 -6.03947453e-02 -1.95523575e-02
 -3.21256250e-01  1.43888779e-02  5.34737468e-01  4.91153777e-01
  3.02569658e-01  1.23411715e-01  2.06503168e-01  4.24642891e-01
 -1.62363812e-01  3.43252271e-01  1.86459780e-01  1.21148631e-01
  5.06132185e-01 -7.59795964e-01  1.33055225e-01  2.47879140e-02
 -1.00066650e+00  4.11822110e-01 -2.99781144e-01 -1.39427539e-02
  2.92196095e-01 -4.11412448e-01  4.69855070e-01 -5.69961779e-02
 -3.11755896e-01 -6.10242784e-02  3.81321520e-01 -7.60421902e-02
  2.16456562e-01  2.93256402e-01  1.02699339e-01 -3.38741601e-01]"
タ,"[-2.99661551e-02  2.35579774e-01  2.16267854e-01 -4.62301165e-01
  1.46502957e-01  1.59057260e-01  4.88843143e-01  3.43817882e-02
  2.31429592e-01 -4.75955218e-01  9.65501428e-01  1.44587487e-01
 -3.04416180e-01  2.18970031e-01  5.76633871e-01 -7.43149146e-02
  1.22966498e-01 -2.05837458e-01  3.06487232e-01 -6.46916866e-01
 -4.75787103e-01 -4.26514417e-01 -3.73811781e-01  3.08984555e-02
  1.09216664e-02 -2.93104202e-01 -3.61434907e-01 -5.65030053e-02
  3.21628079e-02 -3.50589812e-01 -1.99837789e-01 -4.79252517e-01
 -1.99252479e-02  6.12472259e-02 -1.20409250e-01  6.15912259e-01
  1.48660764e-01 -7.46806189e-02 -2.11993039e-01 -2.97742337e-01
  1.13387346e-01 -1.35826588e-01 -6.36355281e-01 -4.45344567e-01
 -2.16307081e-02  6.85872316e-01  2.61787891e-01  1.03010170e-01
  2.79183775e-01  4.58381362e-02 -3.35032940e-01  5.32670803e-02
  1.20524228e-01 -1.07789263e-01 -1.40848160e-01  2.16222078e-01
  2.49952212e-01 -2.18029901e-01  1.12820625e-01  5.73501959e-02
 -7.49453455e-02 -1.90446988e-01  1.85510695e-01 -2.76439339e-01
 -1.08943269e-01 -2.89292574e-01 -1.85147242e-03 -1.42507613e-01
  3.78167368e-02 -5.24221301e-01  1.77446336e-01  5.51392175e-02
  1.34303674e-01 -2.22959772e-01  5.37544012e-01 -6.02257848e-01
  1.93570793e-01 -5.20524643e-02  5.09709895e-01 -1.05174385e-01
 -8.81144702e-02  3.53035271e-01 -1.23251960e-01 -1.02641988e+00
  2.46412903e-01  6.85964823e-02 -4.19943005e-01 -6.87328100e-01
  4.39353973e-01 -2.58307606e-01  1.43659532e-01 -1.16709851e-01
  1.21523656e-01  2.03724787e-01 -1.73979446e-01 -3.89984041e-01
  1.05054297e-01 -4.06380087e-01 -2.28427779e-02  9.06861573e-02
 -1.99103817e-01 -1.66494742e-01  2.53965884e-01 -8.31622109e-02
 -2.95609951e-01  7.66281486e-02 -1.89088240e-01  2.16593280e-01
 -1.05295256e-02  1.92863315e-01 -2.46624053e-01 -7.36581922e-01
 -6.68454885e-01  1.53523594e-01  1.62854731e-01  1.69706754e-02
 -4.62951362e-01  3.33336711e-01 -2.92251855e-01  3.58274668e-01
  3.38005960e-01  4.42474961e-01 -2.91267037e-01 -3.03502560e-01
 -3.53537560e-01  3.23735535e-01  2.82929122e-01 -9.15389434e-02
 -1.75312623e-01 -4.67682272e-01  1.64385363e-01  1.34649038e-01
 -4.42312837e-01  9.67956036e-02 -1.39187291e-01  6.48608625e-01
 -3.97078618e-02 -1.59846812e-01 -2.53886968e-01 -6.38386071e-01
  7.89156705e-02 -8.54528099e-02  2.54754603e-01  9.89833549e-02
 -3.24334204e-01  1.43080607e-01 -2.32915238e-01 -3.56462330e-01
  1.02784388e-01  2.76890486e-01 -3.18893880e-01  8.76443386e-01
 -2.85117447e-01  6.30542263e-02  5.69943249e-01  3.91576618e-01
 -3.98441225e-01  2.92969435e-01  2.51048923e-01  3.46937567e-01
  4.38345283e-01 -2.63639092e-01  1.75802618e-01  6.37234390e-01
  6.20617568e-02  4.89996850e-01  2.63442606e-01  1.88494578e-01
  1.00585274e-01  5.90886295e-01  5.55005610e-01  7.33949602e-01
  3.01001310e-01 -3.43335152e-01  5.00806533e-02  2.68896341e-01
  4.46986854e-01  2.31619105e-01  3.13695908e-01 -5.93590736e-01
 -6.11111848e-03 -2.24852040e-01  2.15833895e-02 -6.38685599e-02
  2.72835732e-01 -3.05014640e-01 -1.88641906e-01  4.10682037e-02
 -1.33700579e-01 -1.17594734e-01  1.64533272e-01 -3.79234791e-01
 -1.36827324e-02 -4.53405052e-01 -1.51211515e-01 -7.35498369e-01
  2.08937928e-01 -2.01926902e-01 -1.95111409e-01  6.64365649e-01
 -8.06749389e-02  1.93651304e-01 -1.68233156e-01 -5.78627706e-01
 -8.63688767e-01 -5.78569829e-01 -1.07736632e-01  7.04155922e-01
  5.88181317e-01 -7.45659769e-02  1.79060221e-01  5.25111556e-01
  2.50659406e-01  4.12462294e-01  1.57410830e-01  3.48495960e-01
 -3.53809148e-01 -4.02734399e-01  5.56166053e-01 -3.23269120e-03
 -5.00005744e-02 -5.67764267e-02  5.39637566e-01  2.04771265e-01
 -2.07519755e-01  5.01338005e-01  2.38741606e-01  1.70733929e-01
  6.99376762e-02  7.66363382e-01  1.18161114e-02 -5.86142182e-01
 -8.61167014e-01 -1.38440445e-01 -6.18503392e-01  2.19616920e-01
 -4.59072590e-01  6.19849443e-01 -4.46947105e-03  2.17116296e-01
  3.87898088e-01 -2.12497994e-01  1.40855059e-01 -7.15549588e-01
 -2.68750787e-01 -6.20127320e-02  1.47290947e-02 -8.14034939e-02
 -1.75518453e-01  2.29930595e-01 -6.10323489e-01 -6.31057501e-01
  1.71859533e-01 -4.53166574e-01  7.35765338e-01  2.59308606e-01
  1.98752582e-01 -1.23523995e-01  3.81315440e-01  5.03578298e-02
 -1.35161996e-01 -7.68967330e-01  3.92617434e-01 -6.43246844e-02
 -4.20342356e-01 -2.33181566e-02 -8.91819522e-02 -5.95490873e-01
 -4.39379811e-01 -3.94754142e-01 -1.84425384e-01 -3.75927567e-01
 -5.30730367e-01  2.09036112e-01 -1.57520652e-01  7.15329424e-02
 -1.29061699e-01  4.82911676e-01 -4.35601532e-01  2.91576117e-01
 -7.29819953e-01  3.35105658e-01 -6.40949190e-01 -9.48633403e-02
 -6.31974414e-02 -3.41346890e-01 -4.44250852e-01 -3.95514250e-01
 -1.38266921e-01  5.76125264e-01  2.62405366e-01 -1.72705904e-01
 -5.69435418e-01  1.49088740e-01 -2.58043766e-01  1.36819229e-01
  4.62164849e-01  1.36330351e-01 -1.63418509e-03  3.11880618e-01
  4.15723115e-01 -1.28348678e-01  2.41879076e-02 -1.07980743e-01
 -1.69175193e-02 -8.13083231e-01 -6.53277189e-02 -1.74520656e-01
  3.46210748e-01 -3.70300412e-01 -1.86801478e-01  6.85641587e-01
 -4.23173457e-01  5.92816889e-01  1.72281384e-01  2.52265394e-01
 -1.44581926e+00  3.85023117e-01  1.90219432e-01  2.97844350e-01
  8.77886042e-02  1.45401657e-01  1.11027993e-01 -5.74938990e-02
 -6.78434014e-01 -7.60268331e-01  7.41028190e-01  4.46878314e-01
 -2.33668759e-01  2.00399145e-01  4.54014122e-01 -1.06233016e-01
  2.08326623e-01 -2.76969552e-01 -3.36054385e-01  3.22804064e-01
  4.57792461e-01 -4.67718914e-02  2.76760478e-03 -4.14963007e-01
 -6.25007808e-01  5.21641970e-01  1.65115684e-01 -3.09191048e-02
 -8.05808425e-01 -3.20819281e-02  5.92415571e-01  8.43997777e-01
  3.92516553e-01  6.69855714e-01  2.77556330e-01 -3.47468078e-01
  5.76897085e-01  5.22862792e-01  4.86821592e-01  3.57853249e-02
  1.69018611e-01 -3.01421285e-01  4.69983786e-01  2.59584159e-01
 -1.95665166e-01 -5.30209802e-02  3.26360971e-01  3.86536181e-01
 -4.39108610e-01 -8.63753352e-03  6.73512280e-01 -5.43981791e-02
  3.62797439e-01  5.08806467e-01  8.52006793e-01  9.19913948e-02
 -1.24715783e-01 -4.45874661e-01  3.89481150e-02 -4.72150475e-01
 -4.64070290e-02  2.49437928e-01  6.43545926e-01  1.80078059e-01
 -3.93484175e-01 -4.67068553e-01 -3.88526499e-01 -4.55216765e-01
  2.36079320e-01 -3.04135948e-01 -5.05308151e-01  1.08156547e-01
 -3.48840982e-01 -2.52555817e-01  5.02934605e-02  2.95357853e-01
  4.80964005e-01 -4.88614053e-01 -2.77517438e-01  1.84798762e-01
 -1.73088774e-01 -9.53997746e-02  1.68650150e-01  6.75341263e-02
 -2.79203564e-01 -3.37671582e-03 -3.07510078e-01 -4.16349381e-01
 -1.23659872e-01 -1.28648296e-01 -7.28284359e-01  3.61377001e-01
 -3.37164178e-02  3.18481117e-01 -1.11765340e-01  2.12363601e-01
 -5.79021797e-02 -6.12405641e-03 -6.83400095e-01  2.51117557e-01
 -5.14046490e-01  5.09802341e-01  2.02501014e-01  3.70196730e-01
  2.70219278e-02  2.29741096e-01 -1.73004437e-02  2.23613024e-01
 -5.74088037e-01  1.03956148e-01 -3.94132435e-01 -1.11431397e-01
  5.26212454e-01 -6.53336525e-01  3.76909375e-01  1.18666455e-01
 -5.49459457e-01  7.20542371e-01 -3.26295465e-01  2.80928705e-02
 -1.27219662e-01  3.66679519e-01 -4.74165112e-01  1.33520305e-01
  5.62403500e-01  8.15480411e-01 -3.18196118e-01  4.57316011e-01
  2.00192392e-01 -1.78305805e-01  5.11981130e-01 -3.31428885e-01
  4.66658995e-02  6.66111999e-04  9.05242860e-02  4.37036812e-01
  1.26744494e-01  4.23158169e-01  2.31924251e-01 -5.15421033e-02
  2.10968688e-01  1.31144881e-01  3.46457288e-02  2.26193637e-01
 -4.26744789e-01 -5.13709113e-02 -1.42823681e-02 -1.93165302e-01
  1.01279892e-01 -5.32419123e-02  6.21730506e-01  2.30820462e-01
  3.73899966e-01 -3.55054617e-01 -5.41763544e-01 -3.83245200e-01
 -9.60799813e-01  1.31556511e-01 -7.90663213e-02 -1.63276196e-02
  6.90846264e-01  5.88578545e-02 -7.22112656e-01  2.35836729e-01
  2.72128489e-02  2.91976184e-01  4.03083205e-01 -2.15442598e-01
  7.09559470e-02  3.98972124e-01 -1.26126707e-01  1.62863761e-01
  1.12107601e-02 -3.19076516e-02 -1.29413649e-01 -7.25190401e-01
 -7.46306777e-02  9.69066843e-03 -1.38259888e-01  4.86339219e-02
 -4.86963317e-02  5.17931938e-01 -3.24877322e-01 -4.77065593e-01
 -2.66946048e-01 -9.78841260e-02 -1.59749001e-01 -5.27204216e-01
 -8.82906318e-02 -2.66705990e-01 -3.70777920e-02  5.53722858e-01
  1.26212314e-01 -1.79925904e-01  3.51804793e-01  8.11239600e-01
  3.29001725e-01 -2.76133955e-01 -1.77328452e-01  2.83513945e-02
 -2.39449125e-02  1.81579497e-02  3.36701691e-01  1.05576985e-01
 -5.92071339e-02 -2.49660667e-02 -6.41791821e-01 -3.77359599e-01
 -4.98495139e-02 -1.00686407e+00  7.86765099e-01  1.42199829e-01
  3.27162951e-01 -5.91947615e-01 -4.25616086e-01 -5.56285195e-02
 -9.50140357e-02  6.57174364e-02  3.92176419e-01  2.68515050e-01
 -4.43358719e-01 -1.54498905e-01 -6.50962949e-01 -7.22716451e-01
  2.66091764e-01  5.06580889e-01 -4.47363377e-01  7.18003884e-02
  3.01400125e-01  9.06874165e-02 -8.54358301e-02 -1.14973076e-01
 -2.02326894e-01 -3.82802844e-01  3.16183567e-01  3.47123623e-01
  2.67594904e-01  3.91975075e-01  1.17510473e-02  3.49306107e-01
  4.06838328e-01  6.52106583e-01  6.77609265e-01  2.06728265e-01
 -2.95980304e-01 -3.38719860e-02 -3.01791042e-01  2.97948092e-01
  3.51940691e-01 -6.79865256e-02 -8.16438615e-01  1.29637510e-01
  3.59595239e-01 -4.22446281e-01  3.53436232e-01  4.15180892e-01
  4.23547804e-01  5.95414937e-01 -3.82038802e-01 -7.82274976e-02
 -7.61259735e-01  1.75590232e-01  1.18746981e-01  2.82905460e-03
 -3.04479867e-01  3.16141918e-02  9.14571509e-02 -4.56850737e-01
 -2.21329153e-01  2.10730210e-01  2.45994300e-01  1.57623172e-01
  3.49374592e-01 -4.12948579e-01  5.97092390e-01  4.30367559e-01
 -2.68079549e-01 -2.92229682e-01 -1.48793817e-01  2.31118336e-01
  4.30457860e-01  1.59084797e-01  3.57093871e-01 -3.77342790e-01
 -8.44543278e-01 -2.18009446e-02 -1.30999135e-02  2.65737385e-01
  7.06270576e-01 -8.16599965e-01 -4.97601070e-02  5.13370395e-01
  8.08049083e-01 -5.22131585e-02 -2.97910810e-01 -5.25259852e-01
 -1.88427538e-01 -1.35287687e-01 -3.31186384e-01  3.62425178e-01
  4.46477719e-02  5.87640524e-01 -3.18144932e-02 -1.16054967e-01
 -1.95367426e-01  8.12337279e-01  4.07300919e-01  6.72218297e-03
  2.08169505e-01  3.49424258e-02 -4.43483621e-01 -7.18753934e-02
  2.72153318e-01 -3.70367467e-01 -1.54869959e-01  1.74514607e-01
 -3.93838197e-01 -1.14709832e-01 -1.86655268e-01 -5.02172261e-02
  3.51100236e-01 -1.54087305e-01 -4.24016178e-01 -3.41828108e-01
 -5.34637272e-02  3.64018321e-01 -8.19524467e-01 -1.77215248e-01
 -2.28437096e-01  1.85579330e-01  4.22203019e-02 -1.65699080e-01
 -4.80414540e-01 -5.62826455e-01 -4.52997953e-01  1.40648350e-01
  1.40121818e-01 -4.81932133e-01  4.71815914e-01  1.96079716e-01
 -1.48388878e-01 -1.19142509e+00  4.96811807e-01  1.02793932e-01
  7.11098373e-01 -2.55843937e-01  3.21620345e-01 -1.03126299e-02
  1.24622777e-01 -1.62571281e-01 -4.50742304e-01  6.66210949e-01
 -1.04435930e+01 -3.57222646e-01 -5.08106053e-01 -1.70224175e-01
 -3.90432179e-01  4.77056652e-01  1.89552546e-01  4.22308922e-01
 -4.48839180e-03 -6.46698475e-02  6.86290264e-02  1.07366987e-01
  1.40162811e-01  1.49776787e-01 -2.20811665e-01 -7.43995681e-02
 -3.73730332e-01 -2.49499276e-01 -6.55974090e-01 -6.84830919e-02
  1.96705148e-01 -3.56589913e-01  2.96620339e-01  3.35487694e-01
  1.99687496e-01  7.04082847e-02  3.58760089e-01  5.80973513e-02
 -3.10387552e-01  5.27437508e-01 -9.37580168e-02  2.01940879e-01
 -1.02422178e-01  2.93562889e-01 -5.40420711e-01  2.52985451e-02
  9.93592367e-02 -1.66584421e-02 -2.29644433e-01  5.84807038e-01
  2.08952114e-01  4.40937787e-01  3.92607786e-02 -2.71267653e-01
  3.37653905e-01  3.44211668e-01  2.34188393e-01 -8.45958963e-02
  4.30568844e-01  7.24609494e-02  8.71606618e-02 -1.99142188e-01
 -1.00829452e-01  3.45502868e-02  1.31053835e-01 -3.51088084e-02
  3.42283726e-01 -8.66864383e-01 -1.78458676e-01 -9.74012390e-02
  2.31044665e-01  8.35519806e-02  1.22753024e+00  3.87448698e-01
  5.01337796e-02  2.66884863e-01  2.13528678e-01  2.18898375e-02
 -4.01895314e-01 -3.08612972e-01  4.91428465e-01  2.12013632e-01
 -2.32747510e-01  1.83431536e-01 -8.17566887e-02  5.74736416e-01
  3.35067958e-01  1.57740995e-01  2.36426964e-01  1.89588703e-02
  5.00497401e-01  1.82547957e-01  5.91266863e-02  2.70417303e-01
 -7.46211171e-01  2.68312404e-03  3.72308880e-01  1.89852014e-01
  4.80819434e-01 -5.40397644e-01  6.07325137e-01 -3.68746966e-01
 -2.22947985e-01  4.32999194e-01  3.82213861e-01  5.22193760e-02
  4.58044559e-02  1.62065029e-01  4.00699943e-01 -5.65884411e-02]"
ト,"[ 8.99626017e-01  3.09130698e-01  8.12819600e-01 -2.52838045e-01
 -1.02191545e-01  4.98119444e-01  1.28011823e-01  3.84045631e-01
 -2.90893018e-01 -4.94917482e-01  3.34161967e-01 -8.03521991e-01
  1.98937848e-01  1.80991024e-01  1.72163859e-01  1.53083757e-01
 -1.55420294e-02 -4.07430083e-01 -6.06828146e-02 -5.70345938e-01
 -1.05462205e+00 -3.69774103e-02 -2.99121857e-01  2.88921654e-01
  1.64684922e-01 -3.17931592e-01 -2.96225250e-01 -4.27190632e-01
  4.81976777e-01 -1.96193174e-01 -4.64893669e-01 -2.52728481e-02
 -4.99696463e-01  4.20471579e-01 -5.73658884e-01  4.70495373e-01
 -1.89029321e-01 -4.81578887e-01 -1.68175131e-01 -4.40656513e-01
  1.58372581e-01 -3.77393633e-01 -6.15124628e-02 -4.39044535e-02
 -2.49826297e-01  6.91761911e-01  3.02302465e-02  1.57639518e-01
  2.64520466e-01 -2.30485395e-01 -4.33412760e-01  5.70295215e-01
  2.43365094e-01  4.13600355e-02  1.60774872e-01 -3.35617214e-01
  5.27781010e-01 -6.63308382e-01 -1.52849331e-01  2.85274893e-01
 -1.86185688e-01 -4.66750264e-01  5.34498334e-01  5.56747764e-02
 -4.27642874e-02  2.61713505e-01  2.38973334e-01 -3.03214014e-01
  5.03926456e-01 -4.78005111e-01 -3.23481590e-01 -6.11474849e-02
  1.53870717e-01 -7.27557003e-01  4.14120704e-01 -1.88103765e-01
 -1.65740192e-01  6.86811149e-01  4.23703194e-01  6.94168955e-02
 -1.51477650e-01  3.23479325e-01  2.86183327e-01 -4.03200388e-01
 -1.32090747e-01  2.48237893e-01 -7.42134675e-02 -8.61447632e-01
  4.73762363e-01 -5.37233055e-01  2.12232053e-01  5.28571367e-01
  1.82535738e-01 -1.86836809e-01 -1.26927853e-01  5.09512424e-02
  1.52612090e-01 -1.85964629e-01 -1.84329093e-01  4.22969580e-01
 -2.29341313e-01  2.26301216e-02  5.04482448e-01  1.65389150e-01
  9.82902199e-02 -3.06381434e-02 -3.70443106e-01  3.07672858e-01
 -2.13690158e-02 -1.75011188e-01 -8.14728320e-01 -1.68397203e-01
 -6.69846117e-01  1.15789987e-01  6.15226984e-01  1.75114721e-02
 -4.29243505e-01  5.62646508e-01 -1.70351088e-01  8.91097963e-01
  2.70106524e-01  4.71162826e-01  5.26042402e-01 -1.01900108e-01
 -1.46015212e-01  4.65556413e-01  1.11426368e-01  1.39247924e-01
 -1.97803929e-01 -4.80518281e-01 -1.41790405e-01 -3.80159944e-01
 -4.30925906e-01 -1.05294883e-01 -1.31211266e-01  8.66150022e-01
 -1.17298007e-01 -1.05071090e-01 -8.86020735e-02 -3.38887304e-01
 -2.61299282e-01 -5.80046475e-02 -4.54300120e-02 -4.78907943e-01
  3.12525541e-01  2.26834834e-01 -6.36539400e-01 -4.46528852e-01
  8.86500403e-02  3.68395716e-01 -2.48668656e-01  9.40183282e-01
 -5.58526039e-01 -3.16474199e-01  2.97910213e-01  4.51019078e-01
 -1.07402515e+00  1.29828742e-02  4.86247154e-04  4.11834180e-01
  3.13365579e-01 -4.94157404e-01  2.59256005e-01  3.56339186e-01
  2.30564162e-01  1.03045143e-01  6.44856036e-01  2.65142113e-01
 -2.47644693e-01  4.87953365e-01  4.01362002e-01  4.36599910e-01
  3.12357664e-01  1.46875605e-01 -2.14014605e-01  5.56785762e-01
  1.22893667e+00 -2.67826263e-02  1.28810678e-03 -5.75258434e-01
  1.05961971e-01 -2.91204476e-03  3.11054409e-01 -3.85678023e-01
  4.33442652e-01 -1.18277624e-01 -2.91570544e-01  1.60813645e-01
 -7.25029260e-02  4.13998485e-01  4.70968429e-03 -4.30829793e-01
  3.36559206e-01 -4.92761314e-01  2.82448381e-02 -5.52854419e-01
 -1.86306298e-01 -2.00989917e-02 -6.82114601e-01  3.97153467e-01
  5.63734621e-02  4.08522971e-02  1.56798348e-01 -5.98982811e-01
 -7.96501637e-01  1.13421224e-01  2.78274883e-02  4.85289931e-01
  6.98265061e-02  4.07788187e-01 -1.91256851e-02  1.33014634e-01
  2.97225356e-01 -2.15060953e-02  1.03081562e-01  1.71573520e-01
 -1.31121010e-01 -2.84414679e-01  5.81150353e-01 -2.70970851e-01
  2.74195015e-01 -2.46319801e-01  1.56673074e-01  6.16434067e-02
 -2.60170233e-02  3.48230660e-01  1.17271163e-01 -4.90546934e-02
 -3.14342588e-01  6.52653635e-01 -7.90711701e-01 -6.64200902e-01
 -6.16480112e-01 -1.17326327e-01 -5.15593350e-01 -2.54892409e-01
 -4.16550845e-01  5.43952212e-02 -5.30211806e-01  4.01339978e-01
 -9.04225931e-02 -4.33952630e-01  7.31585398e-02 -4.79508638e-01
  3.59326661e-01  1.97224483e-01 -1.94645122e-01  1.71052217e-02
 -2.69402802e-01  8.62214193e-02 -1.98182613e-01 -5.65648854e-01
 -1.88872859e-01 -3.54779840e-01  4.44142133e-01  3.75066459e-01
  7.66671360e-01 -3.71058345e-01  2.08314702e-01 -4.45646912e-01
  8.60977173e-02 -8.17036331e-01  7.69248456e-02  3.51320356e-01
 -3.56194153e-02 -1.66098416e-01  1.11983135e-01 -3.10074598e-01
 -5.34000635e-01 -6.22278094e-01  4.79826301e-01 -1.23068191e-01
 -3.81958820e-02  1.97971746e-01  2.61708885e-01  1.83784395e-01
 -5.93885005e-01  4.24991667e-01 -3.40074569e-01  1.60141319e-01
 -2.72818029e-01  9.94215533e-02 -4.92255628e-01 -1.91739321e-01
 -1.53679281e-01 -2.74819732e-01 -2.93030590e-01  3.37580182e-02
 -1.70226291e-01  7.82295763e-01  2.69750297e-01 -1.40096873e-01
 -5.41143298e-01 -5.72116487e-02 -5.61044812e-01 -1.29166275e-01
  7.43155122e-01  3.01424980e-01 -4.52632338e-01 -4.04601306e-01
  4.50013041e-01  6.75762653e-01  1.35520339e-01  2.14814499e-01
  8.92589092e-02 -2.07424521e-01 -7.33067617e-02  1.04055308e-01
  3.89632612e-01 -3.18750441e-01  6.55990914e-02  1.19231296e+00
 -1.17146619e-01  5.98960221e-01  9.55635726e-01  5.44395387e-01
 -1.67826998e+00 -3.91641974e-01  1.47798436e-03  1.30741745e-01
 -1.55465066e-01 -1.16698839e-01 -8.08823630e-02  9.40475464e-02
 -8.27659070e-01 -5.04253268e-01  1.09051144e+00  1.15575045e-01
  1.31501377e-01 -3.72791499e-01  3.98138255e-01  3.29233408e-02
  4.50891629e-02 -6.06540740e-01  2.72047132e-01  7.78252006e-01
 -4.68925446e-01 -4.88193221e-02  9.48868021e-02 -3.24022621e-01
 -1.34525299e-01  3.21229577e-01 -3.16337049e-01  2.51150876e-01
 -8.34790051e-01 -1.96822479e-01  6.89413249e-02  9.33955431e-01
  1.29180372e+00  4.05727178e-01 -4.61466789e-01 -4.83234137e-01
 -1.83431745e-01  1.00015514e-01  2.59024471e-01 -8.70351344e-02
 -1.09344102e-01  1.27193689e-01  4.87373739e-01 -3.20596062e-02
  2.22172901e-01 -1.66737363e-01 -1.32942006e-01  3.17806453e-01
 -2.75816202e-01  5.95494866e-01  2.11978033e-01  1.27813131e-01
  3.23974460e-01  3.31538260e-01  7.66826868e-01  6.09129012e-01
  1.79222867e-01 -5.11933386e-01 -3.55118234e-03 -9.23794031e-01
 -5.94412744e-01 -2.40034178e-01 -9.67190489e-02  1.30277455e-01
 -3.99640262e-01 -1.69895098e-01 -1.95181847e-01 -3.73859793e-01
 -1.10854588e-01 -5.88168204e-01 -2.05114901e-01 -2.99755353e-02
  3.70233357e-02 -6.16972983e-01  8.13226283e-01  2.27785066e-01
  7.61696756e-01 -6.16658092e-01 -1.13706803e+00 -4.57379431e-01
 -2.37596110e-01 -4.57825750e-01 -3.20100307e-01 -1.85513869e-01
 -2.29515731e-01  1.11196496e-01 -3.18417341e-01 -6.73927009e-01
 -2.21602336e-01  5.88685088e-02 -6.55642986e-01 -3.78350019e-01
 -1.48760632e-01  7.30361760e-01 -3.65097523e-02  6.32442236e-02
  2.21974254e-01  4.87446129e-01 -8.68142784e-01 -3.37770432e-01
 -1.46214664e-01  2.02308863e-01  4.39344458e-02  3.58733475e-01
  2.62200624e-01  2.86132336e-01  4.01499033e-01  1.97038949e-01
  1.06132023e-01 -1.37743041e-01 -5.15969634e-01 -5.93289256e-01
  9.53447282e-01 -8.15913603e-02  1.39916599e-01  1.91599995e-01
 -7.44230524e-02  7.73496866e-01 -5.61773062e-01 -8.59278023e-01
  4.87609535e-01  2.97745466e-01 -1.38086542e-01  4.55865443e-01
  5.77549815e-01  4.23217088e-01  3.90843302e-01  8.45097601e-02
 -2.76515007e-01  2.23067284e-01  2.01519027e-01  1.33279309e-01
  3.52059215e-01  6.28231913e-02  1.76427588e-02  6.78996623e-01
  4.15868491e-01  6.63650930e-02  1.07721007e+00  5.28899491e-01
 -3.77829343e-01  1.20796980e-02  4.82678950e-01  2.99049854e-01
 -5.17146230e-01  3.97621453e-01 -3.37439507e-01  1.87507376e-01
 -3.26333269e-02  2.22569183e-01  5.19824684e-01 -1.94388524e-01
  3.46271485e-01 -7.45414615e-01 -5.75294614e-01 -6.53049767e-01
 -8.48182738e-01  2.05743983e-01 -4.62834895e-01 -3.37220460e-01
  3.66290301e-01 -2.50895083e-01 -6.35367036e-01  7.55000234e-01
  7.01274455e-01  2.87930593e-02  1.10016897e-01  2.69115239e-01
 -7.33719915e-02  4.13772017e-01 -2.69890875e-01 -6.63285479e-02
  2.50661373e-02  3.47682536e-02 -5.36447287e-01 -7.33136177e-01
  7.86415488e-02  2.48679623e-01  1.83060080e-01 -1.57535583e-01
  5.04047334e-01 -3.35959494e-02 -4.72213358e-01 -2.45352775e-01
 -2.87816465e-01 -2.98260450e-02 -4.14882779e-01 -2.74765026e-02
  9.63166431e-02 -1.06028959e-01  3.53896618e-02  4.74916518e-01
  1.50138795e-01 -3.99721593e-01 -3.32643658e-01  8.00883949e-01
  4.44564342e-01 -1.05853133e-01  1.44554213e-01 -2.01462284e-01
 -3.95758748e-01 -1.20203398e-01  1.63898189e-02 -7.12101236e-02
 -2.09608704e-01 -1.26847610e-01 -1.15579259e+00 -5.63615322e-01
  2.52002478e-02 -7.06640601e-01  4.37087625e-01 -1.16956551e-02
  7.33008742e-01 -3.83739263e-01 -6.87164590e-02 -1.17376678e-01
  2.67198443e-01 -1.68773517e-01  2.39844620e-01 -6.29022717e-01
 -8.16435933e-01  9.99794975e-02  7.74521083e-02 -6.94360316e-01
  1.11573601e+00  7.03531802e-01 -6.90635681e-01  6.14769280e-01
  5.53005159e-01  3.60482901e-01 -1.61894426e-01  1.61296278e-01
 -1.40763208e-01 -4.54352111e-01  1.97117582e-01 -3.16789925e-01
  3.72317046e-01  3.43469024e-01 -2.14494511e-01  7.60695636e-02
  1.80298641e-01  5.86565018e-01  4.35890198e-01  1.29675090e-01
 -4.75987107e-01 -1.92739651e-01 -4.09152061e-01  2.28484273e-01
  1.77847773e-01  2.95332909e-01 -8.87520969e-01  2.95780212e-01
  4.66156721e-01 -9.19750035e-01  6.38210177e-02  7.04369962e-01
  3.57109666e-01  6.62393451e-01 -4.23906557e-02  2.60558426e-01
 -5.48196018e-01  6.80386201e-02  2.34804451e-01 -1.33400872e-01
  1.63578670e-02  2.67415076e-01  6.07450455e-02  2.23846003e-01
  4.69166040e-01 -3.76796544e-01  2.27762952e-01 -2.87558526e-01
  2.12431088e-01 -2.10115805e-01  4.80375648e-01  2.48125166e-01
 -8.25944245e-02 -2.18683198e-01  3.41552585e-01  7.71987259e-01
  7.39031672e-01  2.73281604e-01  9.11938250e-01 -7.18496621e-01
 -7.05155671e-01 -1.74789429e-01  3.21191400e-01  1.36348441e-01
  4.62974101e-01 -2.58111656e-01 -1.37334555e-01  7.52277195e-01
  6.41154826e-01  4.12623677e-03 -4.81312066e-01 -5.00517607e-01
  3.66972655e-01 -5.30138254e-01 -5.77765778e-02  2.19853371e-01
  3.30424547e-01  4.32010472e-01  7.65517116e-01  2.92407453e-01
 -9.45353732e-02  8.79786551e-01  2.12729037e-01 -1.42062649e-01
  1.03762209e-01  1.58136964e-01  4.46179183e-03  8.95058513e-02
  3.23258340e-01  1.36007577e-01 -4.35149133e-01  8.35486412e-01
 -3.74740899e-01 -1.31133512e-01 -6.71191216e-01  1.26324356e-01
  4.33586597e-01 -3.72951537e-01  1.45223677e-01 -6.10945046e-01
 -1.69614539e-01 -5.45045376e-01 -9.75249231e-01 -1.89746499e-01
 -5.56456298e-02  8.49890858e-02 -5.49978912e-02 -1.29346743e-01
 -6.49682164e-01 -7.52420902e-01 -6.17382936e-02  2.36525238e-02
 -8.50414097e-01 -6.97885513e-01  4.98856932e-01  1.43545479e-01
 -4.41159159e-02 -1.50195539e+00  6.31375909e-01  9.69351362e-03
  8.32421124e-01 -8.72243047e-02  5.30750990e-01 -2.11050898e-01
 -2.41971403e-01 -1.67467460e-01 -3.99953127e-01  1.12231776e-01
 -1.00346336e+01  4.55579847e-01 -1.16390549e-01 -6.31056190e-01
 -1.22162156e-01 -2.01925635e-02  8.68137896e-01  7.52472460e-01
 -1.83003202e-01  1.34782746e-01 -9.73465070e-02  9.74884927e-02
  4.56096269e-02  1.63631707e-01 -2.73651779e-01 -3.43795449e-01
 -4.24158305e-01 -3.49126875e-01  5.31329364e-02  1.15124106e-01
 -6.26486123e-01 -4.84989077e-01  4.31291103e-01  1.05775960e-01
  1.45779103e-01 -2.70539910e-01 -1.57117948e-01  1.82940036e-01
 -3.97707969e-02  4.37644571e-01 -8.50439608e-01  4.65572447e-01
 -8.45106989e-02  1.19136795e-01 -2.89523482e-01  5.75840890e-01
  3.72167118e-02  3.85308683e-01  3.11250966e-02  8.96248519e-02
  3.67806524e-01  1.88829958e-01 -2.36845851e-01  4.48492356e-02
  1.81413159e-01 -5.44901490e-02  5.02706349e-01 -7.99727812e-02
  9.43412006e-01 -2.76128918e-01 -1.61216095e-01 -8.11537206e-02
  1.43149704e-01  2.87773386e-02  4.47222948e-01 -6.66476712e-02
  5.20835578e-01 -4.71732229e-01  2.05351755e-01 -5.04164547e-02
  1.73646837e-01  3.20107609e-01  2.75486171e-01  1.07672417e+00
  4.56274122e-01  2.04708472e-01 -3.01561668e-03  2.27824971e-01
 -8.44179928e-01  3.12729955e-01  5.76669164e-02  6.24740243e-01
 -2.49056190e-01  3.32588702e-01  1.88772231e-01  4.92160767e-01
  4.51239124e-02 -1.47628367e-01  9.78325605e-02 -3.59121740e-01
  4.53637153e-01 -7.23876357e-01  1.80109844e-01  6.21484101e-01
 -3.10626328e-01  2.80472219e-01  2.93616146e-01 -3.37920964e-01
  9.26949605e-02 -7.59903967e-01  5.06849766e-01 -2.92546540e-01
 -5.44286609e-01  2.03327000e-01  1.20504670e-01  1.44687556e-02
 -2.13957325e-01 -4.91808243e-02  4.83002901e-01 -2.58737773e-01]"
コ,"[-3.40031236e-02  8.18359554e-01  2.43368626e-01 -5.56144714e-01
  2.80287147e-01  6.06937468e-01  6.05787814e-01 -6.49851501e-01
 -5.27460337e-01 -8.74856338e-02  5.27706683e-01 -1.51821449e-01
 -3.97614658e-01  4.72632051e-02  2.96691686e-01 -4.14127946e-01
  2.93983459e-01 -3.02294623e-02  3.46110873e-02 -2.14860544e-01
 -4.73697275e-01 -9.39324856e-01  1.81948498e-01 -6.29787818e-02
  1.37610927e-01 -5.49549222e-01  7.73554146e-02  3.99033368e-01
  2.39412144e-01 -1.20417230e-01 -3.43516842e-02 -6.02576971e-01
 -1.76644072e-01 -5.22153318e-01 -8.69409442e-02 -2.00160295e-01
 -1.84772238e-01  1.02109909e-01 -2.83956826e-01 -4.35639620e-01
  6.91074133e-02 -1.34097770e-01 -4.78954166e-01 -6.77442923e-02
 -7.04328865e-02  5.95569313e-01 -1.12009607e-01  5.03426671e-01
  4.22184706e-01  2.60098368e-01 -2.82476395e-01  2.81704605e-01
  4.87569511e-01  3.00828099e-01  5.40202819e-02 -1.70578212e-01
 -2.20259428e-02 -1.35105759e-01 -2.67725945e-01  6.10149316e-02
 -6.93861961e-01 -1.24004789e-01 -4.49293703e-02  2.43316486e-01
 -3.29383165e-01  2.82415420e-01 -2.80290097e-01 -5.05430140e-02
 -4.80194613e-02 -6.97480559e-01  3.62185657e-01 -1.86056301e-01
 -3.15920144e-01  9.36432481e-02  1.12326097e+00 -3.04470539e-01
  3.98620695e-01 -6.24346495e-01  4.29722220e-01 -9.46053937e-02
 -4.32018876e-01  4.25306380e-01 -2.56495237e-01 -5.73162973e-01
 -1.99533135e-01  5.59410453e-01 -8.60556006e-01 -8.51772189e-01
  7.52198517e-01  3.16954106e-02  1.14665784e-01  1.72239348e-01
  2.20329762e-01  3.43912691e-01  1.82003394e-01 -3.97315234e-01
  2.98139691e-01  7.17239156e-02 -4.53803241e-02  6.21352911e-01
 -5.47691822e-01 -3.27000111e-01  1.19758427e-01  1.09058693e-01
  2.52100050e-01  6.00410700e-02 -5.94386935e-01  5.30175269e-01
  1.43666342e-01  3.56762558e-01 -1.05631933e-01 -5.69109857e-01
 -5.39138019e-01  1.87002212e-01  2.95804799e-01 -1.87213555e-01
  9.66304690e-02  3.55871528e-01  1.03556737e-01  6.96730435e-01
 -1.13138989e-01  5.10706186e-01 -4.45971303e-02 -2.87576199e-01
 -1.72110781e-01 -1.58677682e-01  6.38342798e-01 -5.43034673e-01
 -2.40154698e-01 -6.30624294e-01 -1.48481414e-01  3.84620756e-01
 -8.77233505e-01  1.54931769e-01 -3.26643914e-01  6.34937525e-01
 -2.28713498e-01  5.75828850e-01 -5.07465661e-01 -6.15215182e-01
 -1.73314512e-01  1.26228094e-01  7.10624158e-01 -8.49522948e-01
  2.33728122e-02  1.52235493e-01  7.95869157e-04 -1.54659331e-01
  7.76271522e-01  4.53313589e-01 -2.08476968e-02  6.05333745e-01
 -7.55394220e-01  1.84092343e-01 -1.23584218e-01 -9.77719277e-02
 -4.35410231e-01  6.22624338e-01  7.95721710e-02  9.35803592e-01
  1.79002583e-01 -3.63964587e-01  2.90543884e-01  8.88212323e-01
  1.02122009e-01  3.86993051e-01  6.23167455e-01  2.50698775e-01
  5.90187073e-01  8.35399806e-01 -2.45349072e-02  6.25492156e-01
  3.34949374e-01 -4.87716913e-01  1.49089679e-01  5.92454612e-01
  5.16888976e-01 -3.16922404e-02  1.87372908e-01 -3.48076105e-01
 -3.00012857e-01 -1.27463996e-01 -3.67748946e-01 -5.24430752e-01
  5.27959585e-01 -6.38387740e-01  3.31762694e-02  2.40299806e-01
  6.82033598e-02 -7.42740110e-02 -1.41142756e-01 -3.52961153e-01
  2.40099296e-01 -6.40367925e-01 -4.44272518e-01  2.43649393e-01
 -4.15564120e-01  1.55024424e-01  2.12862402e-01  2.95139313e-01
 -1.17131069e-01 -1.79158852e-01 -4.97405112e-01 -1.40239155e+00
 -1.11215949e+00  2.01140746e-01  2.42208958e-01  9.74566042e-02
  1.29909083e-01  1.41460180e-01 -2.57268578e-01  2.15118565e-02
 -6.11172756e-03 -8.77538472e-02  3.59233856e-01 -7.25206137e-02
 -8.13828826e-01 -6.57663122e-02  4.47233528e-01 -9.12438035e-02
  3.20160508e-01 -3.82249147e-01  2.72036731e-01  5.85039780e-02
 -4.54798758e-01  3.14509869e-01  2.30412364e-01 -4.06691968e-01
 -8.03591907e-02  4.82664675e-01 -2.94177324e-01 -5.43042421e-01
 -9.27678406e-01  1.45620689e-01 -3.89038861e-01  2.60894358e-01
 -3.13992769e-01  3.50613832e-01 -2.99503386e-01  4.87678289e-01
 -1.00990638e-01 -5.68887115e-01 -2.37294547e-02 -2.46849686e-01
 -1.60343610e-02  4.77189988e-01  9.60796624e-02 -2.20960200e-01
 -7.21571147e-01  1.23716027e-01 -8.58770967e-01 -3.70252162e-01
  2.08493829e-01 -1.25054270e-01  8.56157601e-01  3.54532540e-01
  9.82189476e-02 -1.30364999e-01 -9.67959985e-02  3.54307964e-02
 -4.85871285e-01 -5.66526175e-01  7.79870674e-02 -2.44835049e-01
  2.38737687e-01 -1.70298427e-01 -8.43780786e-02 -7.32693553e-01
 -7.16245770e-01 -3.56674522e-01 -5.07580563e-02 -1.11444421e-01
 -3.71584117e-01 -3.26895833e-01 -3.95800918e-01  3.83227199e-01
 -1.37553915e-01  6.40039444e-01 -3.32488269e-01  4.13617432e-01
  3.78613770e-02  5.31190574e-01 -1.22279990e+00  2.42338732e-01
  2.64373302e-01 -9.07766521e-02 -2.55535871e-01 -1.07908785e+00
 -3.85602087e-01  4.62247461e-01  1.39149040e-01 -3.34768414e-01
 -1.34344980e-01 -7.55908713e-02 -3.67132366e-01 -1.54725164e-01
 -1.53716981e-01  1.45521075e-01 -3.18582170e-02  4.83611882e-01
  2.97614813e-01  1.73670217e-01  2.58747071e-01 -4.89936024e-01
 -5.40043533e-01  1.29702212e-02  1.32869467e-01 -1.38940036e-01
  6.00982368e-01  7.74345845e-02 -4.95811133e-03  1.19829559e+00
 -7.53678024e-01 -1.69955209e-01  1.04749227e+00  2.15753168e-02
 -1.37812638e+00  2.43046731e-01  5.06793678e-01  1.91017538e-01
 -1.75383016e-01  8.41663301e-01  1.72287852e-01  2.55304694e-01
 -4.19848680e-01 -4.21023011e-01  1.15853453e+00  2.63974041e-01
 -5.31793594e-01 -2.44952932e-01  7.17396021e-01 -1.82570085e-01
  4.60462362e-01 -2.99816877e-01 -4.18125063e-01  3.80264372e-01
 -3.56573641e-01 -9.74904448e-02  2.03913953e-02 -3.03174943e-01
 -7.90582418e-01  4.33789790e-01 -1.92611724e-01  5.28056026e-01
 -7.42500722e-01 -2.97957629e-01  4.02795643e-01  1.20531130e+00
  6.39519632e-01  6.79526448e-01 -2.82252878e-01  2.15375517e-02
  7.73160398e-01  6.30646646e-02  4.17632610e-01  1.84704646e-01
  1.45980671e-01 -4.25112963e-01  9.14489031e-01 -1.27254620e-01
 -4.63717103e-01  3.19115907e-01  5.11827409e-01  6.51170254e-01
  1.09212166e-02 -2.18484193e-01  4.71887678e-01  8.35557431e-02
  7.72223771e-01  9.56755221e-01  6.26986265e-01  6.76405504e-02
  2.78371871e-01 -2.52559930e-01  7.70499945e-01 -5.13050497e-01
  4.04873602e-02  1.69144586e-01 -5.06784245e-02 -4.09605026e-01
 -7.89666891e-01 -9.51197669e-02 -1.90251738e-01 -4.23296779e-01
 -4.16331172e-01 -9.04510736e-01 -8.18772376e-01  2.47665361e-01
  4.80200946e-01 -7.86351085e-01  1.25358924e-01  2.82301158e-01
  3.99951339e-01 -5.53323090e-01 -2.05699444e-01  2.42023602e-01
 -4.31606293e-01  1.18376680e-01  1.86674267e-01  4.33183640e-01
 -4.52770084e-01  8.33026096e-02 -4.70022619e-01 -2.19578043e-01
 -9.30724025e-01 -6.14590228e-01 -4.82733667e-01  8.83011818e-02
  2.60424078e-01  4.40565169e-01  1.60905376e-01  4.12852436e-01
 -2.53472418e-01  6.70503825e-02 -1.84876829e-01 -4.45384949e-01
 -1.38996065e-01  4.67279851e-01  2.47606084e-01  6.31031334e-01
  1.70158848e-01  5.18903196e-01  3.59810628e-02  1.59394083e-04
  6.37744069e-02 -4.33488116e-02 -3.50952476e-01 -3.59039009e-01
  6.87483430e-01 -1.52769506e-01 -1.09389797e-01 -3.22362743e-02
 -4.38390486e-02  7.21520543e-01 -6.34018928e-02 -1.10090613e+00
 -1.57892734e-01  3.41296405e-01  8.62532109e-02  3.65873307e-01
  3.95502239e-01  1.09564686e+00 -2.06748605e-01  2.04002485e-01
  5.86377323e-01 -7.85374492e-02  7.58567274e-01 -3.16875279e-02
 -2.84819245e-01 -3.17162216e-01  1.47566512e-01  6.65841460e-01
  6.79170862e-02 -1.07560135e-01  2.48768359e-01  4.16045189e-01
 -2.99391717e-01 -1.97558269e-01  3.30075651e-01 -9.90340039e-02
 -6.71737075e-01 -3.46156269e-01 -5.35025001e-01 -6.36352241e-01
 -1.34762287e-01  3.77500027e-01  2.80994862e-01 -4.31473274e-03
  4.33102727e-01 -6.10811472e-01 -6.75711572e-01 -4.98841137e-01
 -9.49790061e-01  3.83423924e-01 -2.04540879e-01  5.66437304e-01
  5.67321777e-01  5.19686155e-02 -5.26067436e-01  2.73315936e-01
 -1.19956948e-01  4.37942624e-01  8.92815590e-01 -3.02216083e-01
 -1.61841691e-01  4.91000712e-01 -1.36516541e-01  6.80396140e-01
 -2.31352121e-01  1.73795685e-01 -3.02254379e-01 -3.17599215e-02
 -8.61420557e-02  1.39808625e-01  3.32722031e-02 -5.36412954e-01
  8.43076706e-01  1.15854286e-01 -3.74888450e-01 -4.09248322e-01
 -6.42643034e-01 -1.10807993e-01  4.49589521e-01 -7.45605767e-01
  2.17578318e-02 -6.09686315e-01  1.93664342e-01  6.53223693e-01
  8.42315733e-01 -6.93938136e-01  4.56017166e-01  1.89332709e-01
  7.64791220e-02 -1.87673971e-01  2.29304031e-01 -3.87045652e-01
 -3.21306914e-01  4.00711372e-02  5.27030945e-01  1.77018955e-01
  6.84628606e-01 -5.61532855e-01 -8.35055828e-01 -5.50360084e-02
 -2.28319854e-01 -6.27835453e-01  3.52906764e-01  7.03449324e-02
  2.99848020e-01 -5.31550109e-01  2.19050184e-01 -7.14979172e-01
  5.29027820e-01  3.57724875e-01  1.50618061e-01  9.88623574e-02
 -7.47942328e-01 -1.62821457e-01 -4.41728026e-01 -9.56836641e-01
  4.63358998e-01  4.12965864e-01 -8.09680045e-01  2.92298663e-02
  4.38703060e-01  5.18194199e-01 -6.92168474e-01 -5.76343417e-01
 -3.93741280e-01  9.18499455e-02  4.85231012e-01  2.01218501e-01
 -2.92095225e-02  1.40590826e-03 -3.01596671e-01  1.65906876e-01
  5.81577837e-01  6.98478281e-01  6.66153252e-01  9.39693525e-02
 -2.94664018e-02  1.55121654e-01 -7.05009222e-01  5.15378006e-02
 -2.03845084e-01 -1.34968176e-01 -5.61633892e-02  9.25351322e-01
  5.31623602e-01 -4.03094798e-01 -1.51008889e-01  9.34486568e-01
  4.13570940e-01  8.28534424e-01 -4.16184038e-01 -1.79562360e-01
 -4.56801862e-01  4.43943411e-01  1.18514307e-01 -2.82733023e-01
 -1.11502949e-02 -1.11879811e-01 -3.39961082e-01 -2.81307280e-01
 -3.18983853e-01  2.75723249e-01  6.29651472e-02  2.88141757e-01
  1.76223144e-01 -2.62073815e-01  4.36531037e-01 -2.49325544e-01
 -4.77575183e-01 -1.89346969e-01  4.37821686e-01  1.73898518e-01
  7.86911190e-01  2.15352759e-01  2.70626277e-01 -3.22856337e-01
 -9.98281896e-01 -3.61847103e-01  3.10712487e-01  3.70376438e-01
  7.74248183e-01 -7.68168449e-01 -5.58015406e-01  1.15990505e-01
  2.89381862e-01 -5.41180037e-02  9.31880623e-02 -9.02059972e-01
 -3.80132139e-01  1.89359561e-01 -6.94767594e-01  3.49366009e-01
  2.77846783e-01  1.84967622e-01 -2.18699008e-01 -4.49166149e-01
  6.59638345e-02  5.69992125e-01 -1.78454325e-01 -5.48816741e-01
  3.58918577e-01 -4.75102440e-02 -5.17831855e-02  1.53852642e-01
  1.20168254e-01 -5.57288192e-02 -3.42426635e-02  1.67805642e-01
 -4.46234524e-01  5.53899184e-02 -2.60110736e-01  3.95022452e-01
  2.41767475e-03  2.88103372e-01 -1.59017786e-01 -1.04087019e+00
  8.51010457e-02 -1.17336260e-02 -4.97439772e-01 -3.01034570e-01
 -2.17571869e-01 -3.18164945e-01 -1.54365450e-02 -1.19722486e-01
 -2.46728197e-01  3.23862582e-01 -3.17559153e-01  5.85205019e-01
 -1.22650959e-01 -6.32888436e-01  3.05619657e-01  3.99862498e-01
 -3.82739812e-01 -8.35300505e-01  3.57702881e-01  4.12165910e-01
  4.39000070e-01 -3.57071832e-02  5.17107286e-02  1.34083614e-01
  3.38933468e-01  4.90094960e-01 -6.08103216e-01  5.32438278e-01
 -9.79601955e+00 -3.71066123e-01 -6.01284325e-01 -3.19527388e-01
 -3.20709139e-01 -5.82566969e-02  1.07630455e+00  6.74293786e-02
 -1.24784179e-01 -1.62956342e-01 -8.72951075e-02 -1.50995729e-02
  4.90367979e-01  8.81763518e-01 -6.94205523e-01 -5.37462115e-01
 -7.15912804e-02 -3.04488838e-01 -4.26196158e-01 -1.00694515e-01
  4.00756449e-02 -2.51404136e-01  1.06191254e+00 -6.17653802e-02
 -3.38840127e-01 -3.50596279e-01  1.02015689e-01 -1.28545742e-02
 -2.46737078e-01  8.90286267e-01 -7.34142900e-01  1.49080098e+00
  1.81100830e-01 -9.58405361e-02 -2.63732672e-01  7.83888251e-02
 -8.42657387e-02  3.83993536e-01 -6.18537843e-01  5.44169486e-01
  1.76882356e-01  1.02944911e+00 -2.23442614e-01 -1.23551995e-01
  5.35986066e-01 -1.85154695e-02  4.37277973e-01  1.87122524e-01
  2.56300658e-01 -1.69576496e-01 -1.90561801e-01 -4.08345729e-01
  1.47109717e-01 -1.90664619e-01  1.80475160e-01 -1.62386492e-01
  6.50650859e-01 -6.85634136e-01  2.07714401e-02  8.01436305e-02
  5.25141239e-01 -1.48999259e-01  5.69961369e-01  6.55263126e-01
 -4.02973682e-01  7.19710812e-02  2.27081656e-01  1.52651006e-02
 -5.92391968e-01 -2.47420773e-01  2.75155902e-01  5.59971444e-02
  9.35863703e-02  3.79527777e-01 -3.10469508e-01  5.26294708e-01
 -1.55469045e-01 -3.09055030e-01  7.42112637e-01  3.24877620e-01
  1.00749028e+00 -1.15901396e-01 -6.03499189e-02  1.92686677e-01
 -8.88719261e-01  4.23133701e-01 -1.65509388e-01  3.20394248e-01
  5.79544723e-01 -6.26762092e-01  1.00056088e+00  5.16397581e-02
 -5.61918616e-02  2.78020412e-01 -2.57949438e-02 -1.43004343e-01
  6.82184458e-01  5.56321383e-01  5.35772443e-01  1.37304470e-01]"
ロ,"[ 3.93603504e-01  1.65328920e-01  7.31764376e-01 -4.77838308e-01
  4.66815196e-02  4.46917236e-01  2.81047702e-01  2.31460199e-01
 -2.79135108e-01 -3.88820767e-01  6.55507565e-01 -3.98177803e-01
 -3.40044320e-01 -1.04616351e-01  2.28735819e-01 -9.62967053e-02
  7.63659254e-02 -7.08993822e-02  2.02288711e-03 -2.78095782e-01
 -9.49718714e-01 -4.56739634e-01  5.45703433e-02  3.63331944e-01
  8.77718031e-02 -4.65134889e-01 -4.83256251e-01  1.51347652e-01
  2.48704076e-01 -9.90544036e-02 -1.01392674e+00  7.95593411e-02
 -2.44803146e-01  6.39411435e-02 -4.66439039e-01  2.54544735e-01
  2.83056945e-01 -3.56155217e-01  5.57423830e-01 -2.33088642e-01
 -1.66768774e-01  3.05391438e-02 -4.73355800e-01  1.00274652e-01
 -1.23359509e-01  4.96219605e-01  3.21781248e-01  3.74388963e-01
  4.87688392e-01  1.90058202e-01 -3.61224115e-01  4.65383172e-01
  2.46343538e-01  1.08558141e-01  1.93331063e-01 -2.64631689e-01
  5.06403923e-01 -4.53041285e-01  1.69110969e-01  2.15137168e-03
 -5.78154445e-01 -5.31976104e-01  3.54528576e-01 -6.28372729e-02
  8.44825879e-02 -4.35170718e-02 -2.00743631e-01 -1.03182897e-01
  2.82636195e-01 -7.91078031e-01 -4.72120829e-02 -8.24591368e-02
  2.35757053e-01 -2.91209102e-01  6.33535981e-01 -2.35406801e-01
  1.53758481e-01  2.56504416e-01  7.15828612e-02  2.35506687e-02
 -2.02839687e-01  4.99748558e-01 -4.75747436e-02 -8.74802709e-01
 -1.22072488e-01  7.68059343e-02 -6.58749819e-01 -4.16881382e-01
  4.11964864e-01 -6.08856976e-02 -1.83258489e-01  1.96896166e-01
  2.91210979e-01  2.10198000e-01  3.99041288e-02  2.32436076e-01
 -5.31216264e-02  4.26756870e-03 -2.59720087e-01  2.87252784e-01
 -1.66963935e-01 -7.14184269e-02  4.58647817e-01 -3.85561615e-01
 -3.76808971e-01 -6.18808083e-02 -1.08675033e-01  2.21583158e-01
 -5.03562726e-02 -4.43019494e-02 -2.32353255e-01 -4.78373349e-01
 -4.84696001e-01  1.81194022e-01  1.51804700e-01 -3.40944052e-01
  4.16369922e-02  5.66178501e-01 -3.82588565e-01  2.07382008e-01
  1.92733660e-01  4.62902397e-01  1.49657547e-01 -5.74796379e-01
 -2.51747289e-04  7.84058630e-01 -3.29435170e-01 -9.80533659e-02
 -9.43027139e-02 -2.78311372e-01 -2.77232170e-01 -1.95812717e-01
 -1.53586477e-01 -1.66504100e-01 -3.05134058e-01  1.01861072e+00
  2.57425606e-01  1.87779486e-01  1.06190518e-01 -4.18292344e-01
 -4.44643974e-01  9.88022983e-02 -1.21495821e-01 -2.28296697e-01
  1.61085546e-01  1.05628200e-01 -2.30158210e-01 -3.35495412e-01
  1.42745256e-01  1.39233291e-01 -3.13662589e-01  7.30331600e-01
 -3.37013900e-01  5.59217110e-02  3.38773519e-01  2.63928354e-01
 -8.40778291e-01 -6.97509721e-02  1.05944060e-01  3.45442533e-01
  2.36218706e-01 -2.01653793e-01  3.97634804e-01  4.01577294e-01
  1.32217675e-01  5.03894687e-01 -5.96042499e-02 -1.95144296e-01
 -2.09699422e-02  5.75890779e-01  3.47178876e-01  2.52472579e-01
  4.05959278e-01 -2.13925019e-02  3.87211651e-01  1.58849612e-01
  6.22976184e-01  9.73249003e-02  1.10226586e-01 -5.50915122e-01
 -2.57502496e-02  1.27081975e-01  6.01847507e-02 -6.54771209e-01
  3.39140952e-01 -3.02909791e-01  3.20806712e-01  1.32777005e-01
 -4.37094450e-01  4.47222628e-02 -2.45046496e-01 -6.34214878e-01
  4.48737562e-01 -2.36062214e-01  1.55413061e-01 -2.41365299e-01
 -3.25900018e-01 -2.70138770e-01 -3.67026567e-01  2.45837942e-01
 -1.56013355e-01  1.38284996e-01 -3.53337765e-01 -8.45758021e-01
 -7.04173446e-01 -3.62579644e-01 -1.52752906e-01  6.79366767e-01
  2.22773999e-01  3.04355830e-01  2.00443432e-01  3.71371508e-01
  4.40811872e-01  1.33042857e-01  1.46946847e-01  5.00878394e-01
 -2.43536115e-01 -3.29045504e-01  2.57124931e-01 -2.30947629e-01
  3.18653166e-01  3.88996005e-02  5.11830747e-01  5.16689382e-02
  6.17429614e-02  3.63630563e-01  1.65100500e-01 -3.80499452e-01
 -2.57246047e-01  5.12978137e-01 -4.03593242e-01 -4.37340349e-01
 -6.89810693e-01 -1.00988559e-01 -3.56025755e-01 -1.64037734e-01
 -2.49523103e-01  7.76571929e-02 -4.01478022e-01  4.57080960e-01
  1.24379642e-01 -2.69149274e-01  4.31717724e-01 -4.08442825e-01
 -1.94908425e-01  4.54584002e-01  1.88034639e-01  1.02178352e-02
 -1.01181038e-01 -1.85676619e-01 -5.60380518e-01 -4.55360442e-01
  1.94583729e-01 -4.49204296e-01  5.30499935e-01  4.06339198e-01
  4.77918893e-01 -8.02118406e-02  2.80927986e-01 -3.15315455e-01
 -7.85654187e-02 -7.23199427e-01  5.06810397e-02  1.48956408e-03
  2.20694631e-01 -2.28439897e-01 -3.76892798e-02 -8.71406347e-02
 -6.24641061e-01 -2.78323442e-01  1.74083814e-01 -4.21586365e-01
  3.54818106e-01 -2.02030227e-01  2.52278060e-01  2.22148329e-01
 -4.65580404e-01  6.17384613e-01 -1.22243866e-01  2.46022552e-01
 -6.00621760e-01  4.87661600e-01 -5.58545828e-01  1.65738359e-01
 -2.21931502e-01  8.45103562e-02 -6.01028085e-01  1.77062843e-02
 -3.40629846e-01  1.67574435e-01  4.51191038e-01 -4.31585759e-01
 -2.16788173e-01  1.28382906e-01 -4.67123687e-01  2.40974158e-01
  3.64070624e-01 -1.92035630e-01 -8.89089238e-03 -1.04395524e-01
  3.03584784e-01  5.51634550e-01  4.24962282e-01  2.13114902e-01
 -1.60197183e-01 -4.13989961e-01 -1.85650691e-01 -1.61327362e-01
  5.53101778e-01 -6.16172552e-01  6.44978434e-02  8.49401414e-01
 -1.14635147e-01  4.89951819e-01 -4.68920209e-02  1.73818424e-01
 -1.57062590e+00 -2.73239821e-01  2.15749040e-01 -8.66665319e-02
 -5.82438223e-02  3.76625150e-01  1.98312417e-01  3.65230799e-01
 -2.71489322e-01 -4.06369328e-01  5.09051025e-01  6.28886297e-02
  1.76054984e-01 -3.86251837e-01  4.32349043e-03 -1.55343637e-01
  1.56803742e-01 -3.60548675e-01  1.44511476e-01  1.88842788e-01
 -1.87336534e-01 -8.98968428e-02  2.90765285e-01 -5.40294886e-01
 -1.11586936e-01  6.21906877e-01  4.35770825e-02  2.31960818e-01
 -3.95852208e-01 -2.88171738e-01  6.99320957e-02  6.80097759e-01
  7.71488547e-01  3.17995191e-01 -6.13744855e-01 -3.37560326e-01
  3.59119803e-01  5.64831607e-02  4.73032504e-01 -5.95710538e-02
 -5.22726215e-02 -5.00607081e-02  2.15539575e-01 -2.47149337e-02
 -2.20399335e-01  1.26693919e-02  6.91236630e-02  1.25414893e-01
 -2.50004619e-01  1.39354482e-01  4.89354104e-01  2.05540299e-01
 -2.02203810e-01  4.48888868e-01  9.13325787e-01  1.10547811e-01
 -3.80925566e-01 -4.34245408e-01 -1.44599617e-01 -1.50507987e-01
  2.36702725e-01 -1.76301822e-01 -1.51379049e-01  2.48720497e-01
 -2.97367662e-01  2.78613836e-01  4.31612730e-02 -4.57993299e-01
  3.47330660e-01 -6.40483499e-01 -3.07698399e-01 -2.28182763e-01
 -2.02056393e-01 -8.52195978e-01  9.07402992e-01  3.74651730e-01
  4.34557140e-01 -4.68203813e-01 -7.26886213e-01  8.67897496e-02
 -7.64008224e-01 -2.65024334e-01  2.01757904e-02  3.59738082e-01
 -4.02744532e-01  1.30858824e-01 -8.51573721e-02 -2.23584116e-01
 -3.51293743e-01  2.03474745e-01 -4.61586446e-01 -3.99885833e-01
 -1.89306572e-01  2.63505310e-01 -1.37479382e-03  2.41000712e-01
  3.61792088e-01  6.84606358e-02 -3.52356315e-01 -5.15895858e-02
 -4.61443603e-01  4.53097761e-01  4.85532463e-01  4.92313087e-01
  5.47289491e-01  2.57857293e-01  1.42087162e-01  1.32888760e-02
 -1.39948040e-01  2.14984015e-01 -4.41331208e-01 -3.71827871e-01
  9.95428383e-01 -6.28905833e-01  1.32106617e-01 -2.51489114e-02
 -1.13676250e-01  7.00185359e-01 -1.55172780e-01 -8.55655015e-01
  2.77991146e-02  1.75002381e-01  1.24484442e-01  3.35821897e-01
  1.92530885e-01  4.45862025e-01 -2.28440315e-01  1.17909238e-01
 -1.77731201e-01 -2.56566666e-02  2.85590231e-01 -1.12160593e-02
 -2.70494074e-01 -1.64972559e-01  9.09266695e-02  8.38088989e-01
  1.13110073e-01  6.19928762e-02 -6.97558969e-02  1.77738249e-01
  4.50576395e-02  5.97098947e-01  8.13382417e-02  2.29915261e-01
  1.32801726e-01 -2.78451979e-01 -3.21377456e-01 -4.28852588e-01
 -3.28154564e-01  6.72010779e-02  2.86527276e-01 -6.23503849e-02
  1.07030585e-01 -4.78669792e-01 -4.99899805e-01 -5.36913276e-01
 -8.41058791e-01 -7.92658329e-02 -1.97482437e-01  1.94343388e-01
  2.00333118e-01 -2.68475693e-02 -1.00078285e+00  6.64101779e-01
  2.50348955e-01  4.03770924e-01  4.36351776e-01 -4.83802915e-01
 -4.31641608e-01  2.34520540e-01 -8.31550546e-03 -3.59240741e-01
  4.25188363e-01  3.09285611e-01 -1.76151991e-01 -9.25939739e-01
  3.37587357e-01 -1.61420375e-01  1.89113438e-01 -2.65740514e-01
  1.79883823e-01  3.07151794e-01 -6.44329250e-01 -2.10214019e-01
 -1.35989848e-03 -2.56493241e-01  2.33775854e-01 -4.97188210e-01
 -9.36855376e-02 -1.83315292e-01  1.72785949e-02  4.13661689e-01
  5.81699133e-01 -4.34777886e-01  3.44949067e-02  2.34362409e-01
  3.85327309e-01 -2.70049721e-01 -2.97511593e-02  1.11107856e-01
 -1.14966378e-01 -2.76360083e-02  2.17360392e-01  1.11358438e-03
 -5.20003736e-02  6.69739991e-02 -5.43164372e-01 -3.01848292e-01
  6.65765181e-02 -9.85611200e-01  6.36146724e-01  1.83071092e-01
  3.99541706e-01 -5.17683625e-01 -2.83731341e-01 -1.89819485e-01
  3.64790767e-01 -6.70014620e-02  3.61168265e-01 -4.35736388e-01
 -8.00333142e-01  6.44415766e-02 -2.87919462e-01 -9.43780601e-01
  4.51251984e-01  8.97711664e-02 -6.60724759e-01  1.02502272e-01
  2.26608455e-01  7.64602274e-02 -4.42304939e-01 -6.44352436e-02
 -3.32296908e-01 -1.14450455e-01  4.88148123e-01 -2.35372454e-01
  3.26400995e-01  1.97584689e-01 -1.73158050e-01  3.86548303e-02
  4.93196696e-01  4.76368427e-01  6.11265659e-01  3.33136261e-01
 -2.55317152e-01  5.25656752e-02  7.44932815e-02  1.02176562e-01
 -2.20396686e-02  5.00061274e-01 -3.08398157e-01  3.92069638e-01
  8.59893382e-01 -3.52619112e-01  3.36409897e-01  8.12084675e-01
  2.82419086e-01  5.04728496e-01 -3.23802799e-01 -4.36069183e-02
 -7.91582048e-01 -8.31005257e-03  3.94458286e-02  1.93797722e-01
 -1.27595127e-01  6.23924807e-02 -4.56281044e-02 -3.73847067e-01
  2.26679265e-01  4.16400433e-01  2.61602759e-01  5.19942418e-02
  8.48897099e-02  2.74542749e-01  7.08552301e-01  3.74130875e-01
 -1.58526421e-01 -5.09096310e-02  8.19825828e-02  2.75183827e-01
  9.21409309e-01 -2.76749134e-01  6.61381245e-01 -4.40857023e-01
 -7.60954261e-01  2.17542157e-01  1.90388963e-01  1.41516432e-01
  5.50349176e-01 -1.06858030e-01  1.44933630e-02  4.11065400e-01
  4.22067046e-01  1.50393625e-03 -3.38201672e-01 -2.32650325e-01
  1.38565227e-01 -3.07095051e-02 -1.16067138e-02  1.54153123e-01
  9.97702405e-02  6.14409983e-01  4.01772767e-01 -2.99614251e-01
  5.19151747e-01  6.43284082e-01  1.07158951e-01 -2.86273479e-01
  1.09104114e-02  9.19862315e-02 -2.54631490e-01 -1.30298018e-01
  3.86551023e-01 -2.45829120e-01 -3.04584235e-01  2.43730545e-01
 -3.88401181e-01  3.70481282e-01 -1.71668112e-01 -3.00013777e-02
  1.80345312e-01 -4.03203629e-02  1.53623551e-01 -3.20629448e-01
 -2.70540535e-01 -1.46238431e-01 -3.71605664e-01 -1.54007990e-02
  6.12694658e-02  2.13981315e-01 -1.34788096e-01  1.35283947e-01
 -7.18880177e-01 -4.24000919e-01 -3.54080886e-01  3.08006495e-01
 -6.99835241e-01 -3.31592649e-01  4.24797088e-01  1.02789007e-01
  2.39040777e-01 -1.14540613e+00  3.62040013e-01  1.46333501e-01
  2.81856209e-01 -1.42181337e-01  2.41447344e-01 -1.28640711e-01
  1.32383993e-02 -3.36125828e-02  3.63887995e-02  2.83389911e-02
 -1.04538603e+01 -1.62378512e-02 -2.80646890e-01 -7.47007966e-01
 -2.44422197e-01  9.06453058e-02  9.96310353e-01  7.19040751e-01
 -1.68483257e-01  1.91747561e-01 -9.67894346e-02  1.20903850e-01
  2.85021305e-01  2.82578468e-01 -9.60588232e-02 -1.24011643e-01
 -1.53613463e-01 -4.40471508e-02 -2.27598220e-01 -1.55945361e-01
  5.79664670e-02 -5.22182643e-01  7.74065733e-01  8.18891153e-02
  5.52339479e-03 -8.40817988e-02 -3.88312161e-01  3.96793425e-01
 -6.57288134e-02  1.63560778e-01 -9.95067894e-01  2.27836400e-01
  5.62633276e-01  2.64260024e-01 -2.70853430e-01  8.61987099e-03
 -4.97525595e-02  2.98491806e-01 -3.66474599e-01  5.16598105e-01
  2.65017658e-01  3.53828937e-01 -1.56282216e-01  2.52616256e-01
  2.14949936e-01 -2.99960002e-02 -1.47969097e-01  3.24050963e-01
  4.80702490e-01  1.21171556e-01  1.36863049e-02  5.28755877e-03
  3.21393728e-01 -2.20367402e-01  1.41953737e-01  1.24661312e-01
  3.22534442e-01 -8.66209030e-01 -3.25996242e-02  7.43201822e-02
  6.52173877e-01  2.70513594e-01  5.59785247e-01  3.81625712e-01
  3.28391671e-01  2.97172904e-01  2.16815099e-01  2.28412285e-01
 -5.95175266e-01 -2.70860642e-01  1.42771989e-01  3.39437753e-01
 -1.81068759e-02  3.78702581e-01 -1.08868256e-02  4.94372785e-01
  2.00388446e-01 -3.25739861e-01  2.54123360e-01  2.94386614e-02
  4.21634942e-01 -3.52123827e-01  2.45552912e-01  3.10309529e-01
 -6.30027115e-01  4.03994232e-01 -1.25674531e-02  8.17839131e-02
 -8.19123685e-02 -4.83694226e-01  6.14173472e-01 -3.85594994e-01
 -3.12486470e-01  1.81175828e-01  4.21103626e-01 -2.08214685e-01
 -3.24901909e-01  8.59574601e-02 -3.31623293e-02  2.51634102e-02]"
ヲ,"[ 3.20455879e-01  4.85528201e-01  3.86574492e-02 -6.65199518e-01
  4.90829684e-02  9.40057859e-02  6.29144609e-01  6.50162622e-02
 -4.89691883e-01 -3.03456634e-01  5.31316340e-01 -4.87235278e-01
 -4.01360124e-01  5.21582030e-02  1.01046935e-01 -9.11417380e-02
  9.52261090e-02 -8.15162212e-02  9.27488226e-03 -2.26725832e-01
  2.84782816e-02 -6.86816037e-01 -1.29417747e-01  1.22092009e-01
 -8.53891373e-02 -4.03358489e-01 -2.69041598e-01  5.19365191e-01
 -1.82863161e-01 -1.66871876e-01 -5.53688586e-01 -4.23616081e-01
  1.36358887e-01 -4.30458551e-03  2.77135611e-01  7.77556598e-02
 -3.49789023e-01  4.05227654e-02  2.74362504e-01 -4.47582781e-01
 -3.58385444e-01 -3.52921605e-01 -3.72211069e-01 -2.59282105e-02
  2.64020532e-01  1.98842380e-02  3.64948809e-02  3.88975531e-01
  8.04247975e-01  3.28020304e-01  5.30457161e-02  4.03200507e-01
  2.71628350e-01 -8.41557886e-03 -1.87746182e-01  5.36935292e-02
  6.73100114e-01 -2.94682473e-01  3.38887990e-01 -4.79425155e-02
 -4.56800044e-01 -2.46020645e-01 -5.80902457e-01 -2.07321137e-01
 -3.00304592e-01  5.82445264e-01 -9.96634290e-02  5.12287438e-01
 -1.29825041e-01 -1.36901870e-01  1.15925714e-01  1.94971450e-02
 -2.21286893e-01  1.42700151e-01  4.99672860e-01 -4.10564214e-01
  5.98120034e-01  1.28348768e-01  5.32594204e-01 -1.66004542e-02
 -5.26465476e-01  4.19118047e-01 -2.81153992e-02 -7.38647521e-01
  4.00289625e-01  3.15287977e-01 -8.22727740e-01 -5.90892315e-01
  6.36773407e-01 -2.95071781e-01 -5.18885016e-01 -2.03167707e-01
  4.34820801e-01  6.24515116e-01  1.11944474e-01 -3.08893889e-01
  1.62725434e-01 -1.84761748e-01  2.04969570e-01 -2.59799268e-02
 -2.98563957e-01 -4.02793467e-01  8.79792511e-01 -8.24323535e-01
 -2.57798940e-01  6.18682921e-01 -1.28181174e-01  2.89609283e-01
  2.86314964e-01  5.28106213e-01  5.56381524e-01 -7.00878263e-01
 -2.35729754e-01  2.59706110e-01  2.34842807e-01 -1.52508333e-01
  3.96202326e-01  1.96990281e-01 -1.90536037e-01  7.06462562e-02
  2.31352106e-01  7.84801722e-01 -1.32107154e-01 -3.34127247e-02
 -2.28415132e-01  2.11748958e-01  4.62207615e-01 -1.72553629e-01
  1.42044038e-01 -1.54703960e-01 -1.59650818e-01  2.37332270e-01
 -8.16425383e-02 -1.29605308e-01 -2.83813149e-01  6.19144559e-01
  9.27719399e-02  3.53635281e-01 -1.03334516e-01 -7.65228570e-01
 -2.81261653e-01  5.12293652e-02  5.68125963e-01 -1.68940187e-01
 -2.22227827e-01 -2.29301050e-01  1.71002388e-01 -2.10613728e-01
  2.61455029e-01  5.95423102e-01 -3.80027890e-01  4.95595455e-01
 -5.65086901e-01 -1.82464063e-01  3.84702623e-01 -1.07584968e-01
 -6.30381405e-01  1.44960672e-01  7.65232965e-02  2.35061765e-01
  3.68336797e-01 -5.44574142e-01  1.09689243e-01  3.87932241e-01
  4.54646975e-01  8.85230720e-01  1.49101213e-01 -9.20034945e-02
  3.86218905e-01  9.72686470e-01  6.58333838e-01  4.99584526e-01
  7.84792006e-01 -4.84414190e-01  4.25960511e-01  4.84428942e-01
  1.06477767e-01 -3.95479560e-01  2.42816821e-01 -6.54241621e-01
 -1.51081979e-01  1.31485626e-01 -3.71761829e-01 -3.18577409e-01
  2.69378930e-01 -3.41590554e-01  5.52491546e-01  3.14870514e-02
 -2.09436014e-01  1.54398188e-01 -3.24402809e-01 -4.81576592e-01
 -1.51966467e-01 -2.99409300e-01 -6.92118883e-01  2.44533688e-01
 -2.72238970e-01  9.51792821e-02 -3.40509117e-02  4.66062903e-01
 -3.07929330e-02 -1.61566287e-01 -8.00750613e-01 -5.87814510e-01
 -6.24364674e-01  3.35855573e-01  1.03580274e-01  5.16731858e-01
  6.17095828e-01  1.70042161e-02 -8.07152390e-02  1.23389729e-03
  2.58790284e-01  2.37485513e-01  4.09036547e-01 -3.44159454e-01
 -4.06849235e-01 -1.94180921e-01  2.16387123e-01  6.34656727e-01
  2.21931443e-01  2.32099295e-01  6.82182074e-01 -5.36699630e-02
 -5.57579622e-02  3.33146513e-01  1.47742391e-01  1.19394496e-01
  4.75608140e-01  5.95162697e-02 -1.83824226e-01 -4.93402213e-01
 -8.60750198e-01  5.87736815e-02 -1.93676218e-01  1.15055591e-02
 -3.75082672e-01  6.43787503e-01  5.97757936e-01 -4.25830856e-02
 -1.73084974e-01 -1.65008366e-01  1.53626978e-01  3.86587693e-03
 -5.98010004e-01  5.35377443e-01  1.01748638e-01  2.74135824e-02
 -7.06258342e-02  2.42647598e-03 -8.24796617e-01 -6.15157425e-01
  1.68529868e-01  2.02207282e-01  3.99445951e-01  2.38968626e-01
  1.54591620e-01 -6.13805890e-01  5.57384863e-02 -3.76970738e-01
 -3.04839551e-01 -7.29912221e-01 -3.74996334e-01 -3.69314760e-01
 -2.31376946e-01 -5.48492037e-02  2.48737127e-01 -2.83017129e-01
 -5.71586251e-01 -7.56170392e-01  1.53585887e-02 -1.77678585e-01
 -2.37398401e-01  1.69717237e-01 -5.37549257e-01 -9.90006328e-02
 -1.95724770e-01  3.69285077e-01 -5.26325941e-01  3.03290300e-02
 -4.08769727e-01  4.96332556e-01 -4.01029289e-01  2.51471967e-01
  2.64965147e-01  3.72402787e-01 -2.48919144e-01 -8.02912593e-01
 -9.11488235e-02  3.02096516e-01  1.46323100e-01 -3.20416480e-01
  1.37850538e-01 -3.39513034e-01 -2.29342058e-01 -8.27428699e-02
  4.04057294e-01 -2.76278704e-01  1.90900117e-01  5.71515188e-02
  7.91048706e-01 -3.18401992e-01  6.14631355e-01  4.84840095e-01
 -2.61606038e-01 -2.66214579e-01 -9.87711155e-06 -3.45525384e-01
  2.66577899e-01 -2.44530931e-01 -2.61648968e-02  7.65033245e-01
 -2.63371885e-01 -1.45808710e-02  7.10641816e-02  2.15044856e-01
 -1.74088526e+00  2.82590419e-01  1.80699706e-01  1.66763529e-01
 -5.11777639e-01  8.39743435e-01  4.12721097e-01  1.31881297e-01
 -1.02715686e-01  2.99286731e-02  5.98883390e-01  3.72548044e-01
 -7.59102553e-02  3.35805148e-01  6.93007335e-02 -1.52767941e-01
  1.76132135e-02 -3.09172779e-01 -8.56363550e-02  4.91534233e-01
 -2.47750767e-02 -3.22969884e-01  6.14094064e-02 -5.40919662e-01
  1.20541379e-01  2.12103814e-01 -4.61340174e-02  3.74266654e-02
 -1.42539963e-01 -6.83405221e-01  3.11843097e-01  7.85870135e-01
  3.29594076e-01  4.99253869e-01 -3.44457060e-01 -2.63788074e-01
  3.26521069e-01 -6.84621707e-02  4.15456295e-02  2.56737471e-01
 -1.51744351e-01 -1.33956969e-01  1.02802277e+00  5.75925291e-01
 -2.47844607e-01 -6.04220852e-02  2.14361604e-02  3.14754359e-02
 -2.56836385e-01 -2.48998165e-01  6.61537886e-01 -3.13007273e-02
  2.91762233e-01  3.39498967e-01  4.33820337e-01  6.20629638e-03
 -1.66797251e-01 -1.86020449e-01  4.02532697e-01 -8.26052308e-01
  4.70805764e-01 -1.74912900e-01 -8.55461136e-02  9.28791463e-02
 -4.37504262e-01 -1.46654174e-01  1.91152543e-01 -3.52618217e-01
 -2.48154104e-01 -5.70914686e-01 -1.77061602e-01 -2.28446215e-01
 -2.80090094e-01 -3.50355387e-01  2.20363483e-01 -1.20312892e-01
  1.21175185e-01 -5.08134425e-01 -5.03873155e-02  3.48210067e-01
 -1.36223733e-01 -5.64797744e-02  1.40334606e-01  2.92404503e-01
 -2.01735601e-01 -4.53456283e-01 -4.40192372e-01 -7.48599470e-01
 -6.47184849e-01 -1.86269224e-01 -1.71778843e-01 -1.72408059e-01
  8.26343447e-02  1.67420343e-01  7.03337640e-02  3.90617400e-02
 -1.28400810e-02  3.80258799e-01 -4.53642070e-01 -7.82600999e-01
 -2.81409621e-01  5.62509239e-01  5.05380452e-01 -7.11044967e-02
  4.47337687e-01  1.19841181e-01 -1.26887402e-02 -2.21837357e-01
  5.78853264e-02  3.58361870e-01 -8.81433547e-01  1.83538869e-01
  3.54167104e-01 -7.25191981e-02  5.35488687e-02  2.23745108e-01
 -1.66750327e-01  4.65683907e-01 -2.98986882e-01 -6.98552072e-01
 -5.02876461e-01  1.99477449e-01  2.91617960e-02  6.44784331e-01
  6.39089823e-01  1.02140081e+00 -5.33311903e-01  1.90039482e-02
  4.15926695e-01 -3.43969136e-01  4.85983580e-01  7.82874972e-02
 -5.28586745e-01 -1.93075001e-01  3.81051809e-01  6.70702159e-01
  3.19797754e-01  1.90368921e-01 -1.06464393e-01  8.75580162e-02
 -3.27784151e-01  6.50975034e-02  2.06476808e-01  3.19554448e-01
 -3.38597804e-01  3.72130275e-01 -4.09669489e-01  9.89624858e-02
 -4.35712308e-01 -3.57734323e-01  8.11883867e-01  2.13762656e-01
 -8.95203836e-03  1.70197353e-01 -5.67706406e-01 -4.17617172e-01
 -5.24898887e-01  7.38669280e-03 -2.90515453e-01  4.13917005e-01
  3.09732735e-01 -1.86425764e-02 -7.28797436e-01 -3.84173244e-02
 -4.35743034e-02  4.85654116e-01  7.11939514e-01 -5.33730626e-01
 -1.19508535e-01  4.53990757e-01 -2.37971544e-01 -6.39684498e-02
  5.98197222e-01  4.27609861e-01 -4.89585055e-03 -6.46053314e-01
  2.52503604e-01  3.10373515e-01  1.83103547e-01 -2.67240793e-01
  4.88578737e-01 -5.24961855e-04 -6.60420418e-01 -5.46648949e-02
 -3.45778525e-01 -3.20866317e-01 -1.63848534e-01 -5.00056922e-01
 -2.02728733e-01 -5.74969590e-01  1.26640990e-01  3.84569734e-01
  7.94918060e-01 -7.57155120e-01  2.22761512e-01  2.87487030e-01
  1.11168951e-01  4.77523386e-01 -6.45553768e-02  1.19073922e-02
 -2.42397070e-01 -1.24473646e-01  7.17616439e-01  5.69379926e-02
  2.11796865e-01 -3.09639663e-01 -4.82532889e-01  2.08854020e-01
 -3.55385810e-01 -1.04204905e+00  7.79356420e-01  1.26644270e-02
  4.13283795e-01 -7.08176076e-01  1.49345323e-01 -7.65169740e-01
  3.25407041e-03 -9.14791077e-02  9.78366658e-02 -1.11654550e-01
 -8.75704169e-01 -3.13991636e-01 -1.59094304e-01 -5.66377580e-01
  5.02381623e-01  4.60236013e-01 -9.82158959e-01 -1.58259675e-01
 -7.09792553e-03 -2.53142744e-01 -3.60427290e-01 -9.41133052e-02
 -7.88796425e-01  2.21928880e-01  3.75554144e-01  5.31251192e-01
  1.59806967e-01  2.59240985e-01 -3.50378543e-01 -4.55179930e-01
  9.46708381e-01  2.26078078e-01  3.70821685e-01  2.14122698e-01
 -2.14330301e-01  3.57138246e-01 -4.92413610e-01  4.19325262e-01
 -2.25655571e-01  6.13506436e-01 -1.03066795e-01  5.48817873e-01
  1.62576661e-01 -4.67727184e-01  4.33758684e-02  9.87399459e-01
  4.14647222e-01  6.22174799e-01 -3.47541161e-02 -4.45516318e-01
 -9.75279927e-01  6.19540274e-01 -7.52112418e-02  7.07108974e-02
 -2.23059371e-01 -1.69125527e-01 -8.87128338e-02 -7.56355643e-01
 -2.03510106e-01  5.69104254e-01  1.23496614e-01  5.35952330e-01
  9.08351988e-02  2.64063943e-03  8.01284075e-01  3.36239070e-01
 -5.43836057e-01  6.21774942e-02  2.11588725e-01 -1.34831443e-01
  3.84201884e-01  5.09960711e-01  2.37459362e-01 -6.87472671e-02
 -1.14118588e+00 -1.12966016e-01 -3.90985548e-01  4.26523566e-01
  3.41002733e-01 -3.35113883e-01 -3.04574966e-01 -2.02447176e-01
  6.51141346e-01  1.18816122e-02 -1.18034661e-01 -3.92895758e-01
  8.02096874e-02  1.81320850e-02 -3.09682339e-01 -4.04152870e-02
  3.72565597e-01  4.21107590e-01 -3.59532654e-01 -1.72240123e-01
 -1.53076619e-01  2.77862638e-01 -3.64395380e-01 -4.84514445e-01
  2.74763316e-01  6.99016154e-02 -2.01612666e-01 -2.32675895e-02
  1.87882110e-01 -4.56029713e-01 -1.54521242e-01 -6.84470087e-02
 -5.71183205e-01 -7.74160549e-02  2.26110682e-01  2.77084291e-01
  1.02772802e-01  1.36934027e-01  5.50413504e-02 -3.40131134e-01
  3.45117688e-01  1.43045232e-01 -9.15470600e-01 -1.72058985e-01
 -2.54767001e-05  2.42415026e-01  4.37476575e-01  2.34339967e-01
 -2.35866278e-01  1.98669240e-01 -5.19523144e-01 -3.09079867e-02
  2.12848380e-01 -5.26628911e-01  2.32067794e-01 -4.97545041e-02
 -4.03855115e-01 -1.26020944e+00  3.59481364e-01  4.09864224e-02
 -1.61884546e-01 -1.44862935e-01  2.41664592e-02 -3.81735750e-02
  2.51696318e-01  1.24813408e-01 -2.56904602e-01  2.69139051e-01
 -1.01839027e+01 -2.56715000e-01 -7.18460202e-01 -6.79630518e-01
 -3.51159900e-01  3.78977835e-01  6.48255169e-01  4.52355385e-01
 -2.73004800e-01  4.89516914e-01 -1.09148540e-01  3.03975284e-01
  1.72423244e-01  5.18298745e-01  1.84263717e-02 -7.57041294e-03
  2.14918777e-01 -9.09195468e-02 -2.01914892e-01 -3.10897201e-01
 -5.79622425e-02 -1.13314852e-01  6.72418773e-01  6.76067993e-02
 -3.90843190e-02 -6.40587747e-01 -3.95063907e-01  3.10825318e-01
  5.64018674e-02  5.07270932e-01 -5.50993800e-01  1.00702178e+00
 -4.92061526e-01  4.78999227e-01 -2.84120262e-01 -5.64695120e-01
 -1.35040656e-01  1.90320268e-01  2.12933123e-01  6.92360878e-01
 -4.86094952e-02  6.78657949e-01  1.88240364e-01  2.13950887e-01
  3.85446399e-01  1.51423872e-01  2.53877461e-01  8.11235547e-01
  2.59626895e-01  3.86650443e-01 -2.08261326e-01 -3.06865305e-01
  2.08678946e-01  1.30409017e-01  9.34861898e-02 -1.98082924e-01
 -1.50705472e-01 -8.94274652e-01 -3.28174800e-01 -2.26006404e-01
  5.08023143e-01 -1.44763812e-01  7.43415415e-01  6.46694541e-01
 -4.47029501e-01 -2.55549818e-01  3.53536785e-01  3.17102760e-01
 -6.13859534e-01 -1.94112897e-01  5.54634154e-01 -4.73646849e-01
 -5.34936599e-02  1.91792250e-01 -6.95120811e-01  5.46485841e-01
  2.73507684e-01 -2.49431476e-01  7.68069088e-01  3.17653507e-01
  6.65317059e-01  1.69256791e-01 -4.70712006e-01  2.70485371e-01
 -9.56245601e-01  7.43104517e-01  5.06362431e-02  2.95341223e-01
 -2.51233578e-01 -3.25440615e-01  6.69067085e-01  2.44053409e-01
 -1.78112477e-01  1.24390073e-01  2.58728713e-01 -5.26339889e-01
  2.78722107e-01  3.45656484e-01  4.04441178e-01  2.08187848e-01]"
、,"[ 6.19564891e-01  3.48990470e-01  1.05678833e+00 -4.76518273e-01
 -5.89197993e-01 -1.80985272e-01  5.99807594e-03  3.48114818e-01
 -8.36570024e-01 -6.61913931e-01 -2.24984929e-01 -7.09401548e-01
 -5.04682176e-02 -4.27168548e-01  7.36394823e-01  4.46071267e-01
 -5.13972580e-01  4.70191985e-01  1.28610849e-01 -3.88933688e-01
 -8.02529752e-01 -7.19212174e-01 -5.51232576e-01  1.94179580e-01
 -4.24044102e-01 -9.22909081e-01 -5.77747524e-01 -2.25871503e-01
  6.16062246e-03  1.90361649e-01  2.63263822e-01 -4.59424913e-01
 -3.37029576e-01  3.26155871e-01 -7.29415655e-01  6.90664709e-01
  1.09855078e-01  2.04123273e-01  4.16223079e-01 -5.47825217e-01
 -3.63002121e-01  5.25299966e-01 -6.01237535e-01 -5.33705831e-01
 -1.17106579e-01  4.18937579e-02 -1.70351088e-01 -3.14008780e-02
 -1.48378670e-01 -3.94418240e-01 -7.10678399e-01  7.77076364e-01
  3.95307064e-01  1.97193235e-01  4.25059050e-01  3.48844767e-01
  1.00915372e+00  2.31695063e-02  2.51429193e-02 -2.77285814e-01
 -7.28493154e-01  1.35660499e-01  3.72835487e-01  1.99648649e-01
 -5.92863142e-01  3.53270203e-01 -1.97767407e-01  5.27011633e-01
  4.37785447e-01 -1.56749219e-01  5.72068393e-01  3.82230729e-01
  2.29865074e-01 -3.82067144e-01  2.72301346e-01 -1.02660549e+00
  4.22236949e-01 -3.06795806e-01  2.78303176e-01  1.54867232e-01
 -2.39579827e-01 -1.77194715e-01  1.18241027e-01 -3.52237910e-01
 -6.73986316e-01 -3.20739567e-01 -1.28038943e+00 -1.31478816e-01
  1.09240055e-01  1.84782878e-01  7.71256909e-02 -4.37089592e-01
  3.70442659e-01 -3.06403965e-01  1.08329844e+00  4.15291339e-01
  3.11756343e-01 -1.49722591e-01  3.45589489e-01  2.24148557e-01
 -1.34176648e+00  5.55211902e-01 -2.22490579e-02 -8.50768030e-01
 -5.02077460e-01 -1.63305908e-01 -2.70293057e-01  9.13572550e-01
  5.68603694e-01  4.23302144e-01  3.08378842e-02 -2.61343122e-01
 -8.98737192e-01  1.84125751e-01 -7.97238424e-02  4.29514229e-01
 -5.93999922e-01 -1.56880766e-01  3.80602181e-02  1.47981182e-01
  2.25672424e-01  5.83205521e-01 -4.94649231e-01 -1.37248248e-01
  2.71740586e-01  1.91771790e-01  1.43268898e-01  3.52248698e-01
  2.58248210e-01 -6.03671372e-01  3.54725391e-01 -6.76566124e-01
 -4.38275337e-01  4.48752232e-02 -6.32838964e-01  9.65863824e-01
  2.95597851e-01 -4.53616470e-01  4.55907583e-02  1.16707087e-01
 -4.53558147e-01 -1.90691963e-01  8.19033861e-01 -4.69342530e-01
 -1.26384541e-01  4.84015971e-01 -3.18053514e-01 -3.54662597e-01
  4.17958498e-01  3.84567499e-01 -1.17151245e-01  1.18549073e+00
 -5.98949552e-01  4.14049864e-01  3.31434339e-01  4.17121530e-01
  1.97724313e-01  2.48643070e-01  3.47716659e-01  2.76961979e-02
  4.11643386e-01  6.32825419e-02  1.18790403e-01  1.04815269e+00
  6.59482360e-01 -1.55564593e-02  6.94226623e-01 -1.47756666e-01
  1.06589071e-01  9.08275247e-01  5.21017790e-01  6.92718804e-01
  2.86959380e-01 -8.05722103e-02 -1.43041581e-01  5.36922634e-01
  1.05046320e+00  4.52052206e-01 -3.81556600e-01 -1.08431470e+00
  4.24223900e-01  4.42889363e-01  7.72779524e-01 -1.12714835e-01
  5.96364141e-01 -5.33625722e-01 -4.14586544e-01 -9.30271968e-02
  4.22243088e-01  1.92764640e-01 -4.03500378e-01 -4.11044836e-01
  1.08263455e-01 -2.98586348e-03  5.24127074e-02  1.66703388e-01
  1.68479487e-01  3.49166006e-01 -1.20710939e-01  3.30856562e-01
  5.55051029e-01 -1.82412248e-02 -1.45895436e-01 -9.32063878e-01
 -1.46862078e+00 -5.85870445e-01 -5.39659746e-02  1.87197924e-01
  1.99310929e-01  6.86297357e-01 -7.20427871e-01 -1.59490690e-01
  1.60043836e-01 -4.50078696e-01  8.95096779e-01  4.83115405e-01
 -3.66250455e-01 -1.39857665e-01 -7.72723109e-02 -4.02719527e-02
  1.94887012e-01 -6.46153808e-01  3.49651247e-01  1.92998335e-01
 -2.92580247e-01  8.70890141e-01  5.92843413e-01 -9.52753246e-01
 -5.80048859e-01  2.99438626e-01 -7.09566295e-01 -3.87702137e-01
 -1.41489968e-01 -1.18763022e-01 -2.26882517e-01 -9.62506711e-01
 -6.21627271e-01  1.76975623e-01 -3.72060448e-01  6.18373096e-01
 -2.94424206e-01 -2.43675172e-01  3.91376376e-01  3.01522762e-01
  3.71793747e-01  2.27553472e-01 -1.13737024e-01 -4.07382041e-01
 -9.31951523e-01 -1.59475222e-01 -6.82427824e-01 -4.46774662e-01
 -2.98469603e-01  5.49641788e-01  4.08855259e-01 -3.41720372e-01
  3.42265159e-01 -8.26678753e-01 -2.16926455e-01 -9.44948673e-01
  3.00152451e-01 -2.17595428e-01  4.51044381e-01  2.43331358e-01
 -5.62678635e-01  1.60341650e-01  3.20326388e-01 -2.13534370e-01
 -4.06488061e-01 -1.03091255e-01  1.62412778e-01  1.53968409e-01
  3.97691995e-01 -4.14722145e-01 -4.98390198e-02  1.03123114e-01
  6.80415213e-01  1.05989110e+00 -1.46921188e-01 -6.75565481e-01
 -4.15622860e-01  7.21889496e-01 -8.20095241e-01 -5.11177719e-01
  8.52808803e-02  1.03799796e+00 -4.34150070e-01 -9.35805589e-03
 -9.31151360e-02 -2.13160783e-01  1.91886798e-01 -6.06915236e-01
  5.88084161e-02  1.08633958e-01 -1.04977202e+00 -5.27109094e-02
  4.00129139e-01  2.34819949e-01  3.81599426e-01 -1.05606109e-01
  2.87341863e-01 -2.64762312e-01  5.89905195e-02  1.70946449e-01
 -1.00497715e-01 -5.17471313e-01 -1.42846733e-01  6.44447267e-01
  2.66576797e-01 -8.47026348e-01 -1.11494452e-01  6.19632423e-01
 -1.26149130e+00 -3.06786031e-01  4.95160431e-01  4.62523967e-01
 -8.06296706e-01  3.06060970e-01  7.66430736e-01  5.97837329e-01
 -3.23574483e-01 -4.80345666e-01  4.36190069e-01  6.80817723e-01
 -3.46220940e-01 -7.66511083e-01  4.46574271e-01  1.41370684e-01
 -1.02980293e-01 -5.40488064e-01 -4.22592521e-01  2.65439659e-01
 -9.56962928e-02 -2.44895786e-01 -4.19214696e-01 -1.64666414e-01
 -3.06633502e-01 -1.86299354e-01  2.45105460e-01 -3.18525545e-02
 -4.67939153e-02  6.95682168e-01 -4.29805338e-01  2.94353485e-01
 -7.33016968e-01 -4.37277049e-01  2.66561896e-01  1.27512980e+00
  4.79947448e-01  6.53741300e-01 -7.52601027e-01 -1.44520000e-01
  5.73795199e-01 -2.82812655e-01  7.84134388e-01 -7.08252609e-01
  3.59551996e-01 -2.24990100e-01  4.48699862e-01  1.16294272e-01
 -3.12129945e-01  2.35679686e-01 -7.60837853e-01 -6.73935056e-01
  2.67290294e-01 -1.21579804e-02  5.65718532e-01  1.67689368e-01
  5.01080379e-02  1.14676392e+00  9.60680321e-02  2.76987255e-01
 -2.71636963e-01 -1.22291183e+00 -2.89872140e-01 -8.18493664e-01
 -6.62508532e-02 -1.92694157e-01 -1.40860051e-01  6.37988448e-01
 -5.30418992e-01  1.86866343e-01 -1.20204642e-01 -4.11263764e-01
  2.44287238e-01 -3.00013542e-01 -6.34748220e-01  7.67916441e-02
 -5.25389146e-03 -5.00541568e-01  9.10909593e-01 -7.81153853e-04
  5.73917747e-01 -3.62056822e-01 -6.39089048e-01  5.51906526e-01
 -2.96102375e-01  4.11931053e-03 -1.62997516e-03  1.26707420e-01
 -2.28781044e-01 -2.66635448e-01 -1.43769935e-01  7.04218075e-02
 -1.01175630e+00  5.35757422e-01 -4.32021618e-01  6.75554797e-02
 -8.48605037e-02 -2.45917618e-01 -7.83925593e-01 -2.14090332e-01
  6.49926662e-02 -1.52617112e-01  1.47238150e-01  3.65546376e-01
  1.92785159e-01 -4.59866107e-01  4.44740862e-01  5.81870079e-01
  7.73893416e-01 -2.91641772e-01  6.76422954e-01 -2.63343096e-01
  1.17030136e-01  3.80716622e-01 -6.36992872e-01 -5.00421047e-01
  4.08815056e-01  2.97089845e-01 -4.51088995e-01 -2.04766601e-01
 -3.11228544e-01  1.16950512e+00 -2.77644664e-01 -4.54189658e-01
  9.02678370e-01 -3.50255519e-01  3.74343127e-01  1.03486288e+00
  7.54888535e-01 -3.30618560e-01  8.13705385e-01  2.18930379e-01
  4.16463256e-01  4.81533222e-02 -4.06268418e-01 -2.30281323e-01
  8.68297458e-01 -6.90934286e-02  6.66430816e-02  7.24653006e-01
  2.38760859e-01  2.06386119e-01  3.04114431e-01 -5.26445173e-02
  9.19842198e-02  3.20594013e-01 -1.03994980e-01 -3.44978005e-01
 -9.09045413e-02 -1.85921431e-01 -3.08676630e-01 -1.10416561e-01
 -4.00955886e-01  3.75517428e-01  1.05863655e+00 -6.94070578e-01
  3.78207475e-01 -9.08133805e-01 -5.52755296e-01 -1.38808548e-01
 -1.92001596e-01  8.75670761e-02 -8.22129548e-01 -3.54723066e-01
  4.55889665e-02  1.00279652e-01 -4.14493322e-01  1.08850069e-01
  3.55072469e-01 -2.15982288e-01 -3.15951049e-01 -8.13616157e-01
  1.16831638e-01  7.96491444e-01 -5.83824217e-01 -3.93423349e-01
  6.02574646e-02  1.43868119e-01  7.51962185e-01 -8.37876320e-01
 -4.99396086e-01 -3.88970673e-01 -1.63934782e-01 -7.29858518e-01
 -7.74035156e-02  1.87464610e-01 -6.80498838e-01  2.74432480e-01
  2.74815336e-02 -2.77334094e-01 -6.96903944e-01 -2.62158155e-01
 -1.01872317e-01 -5.72798729e-01  2.52303690e-01  1.73197880e-01
 -2.32819691e-01  1.08727254e-01 -1.14598490e-01  3.01972538e-01
  7.32996821e-01 -3.82890403e-01  8.87310505e-01  1.18421558e-02
  3.52819413e-01 -8.10456395e-01  5.46011448e-01 -7.75444210e-01
  2.38731921e-01 -7.29404271e-01 -6.84348583e-01 -7.15870261e-01
 -5.92095733e-01 -4.44831431e-01  6.94105983e-01  1.41565049e+00
  5.82514405e-01 -6.70187950e-01  2.14604646e-01 -1.19992949e-01
 -4.59861130e-01 -5.14126062e-01  7.87957609e-02  2.87131276e-02
 -1.56250954e+00 -1.51050702e-01  1.10962011e-01 -5.99425375e-01
  1.38390613e+00 -1.81464463e-01 -5.51844716e-01 -2.03921989e-01
  4.20286179e-01  3.99480015e-01 -4.89688039e-01  5.79875633e-02
  6.39865458e-01  2.55382061e-01  8.10141325e-01 -2.74228573e-01
  9.06463787e-02  1.43677816e-01  1.23314664e-01  9.46904346e-02
  4.15143430e-01  4.98303205e-01  8.01388994e-02  8.77618074e-01
 -6.99887455e-01 -6.97887897e-01 -6.23159766e-01  3.57088059e-01
  1.52939767e-01  6.89155638e-01  2.19663188e-01  7.95781195e-01
  6.50093913e-01 -1.51333585e-01  5.73428571e-02  8.89968514e-01
 -5.97225539e-02  1.22493303e+00 -5.51827133e-01  1.37401536e-01
 -7.72205174e-01 -2.06141174e-02  9.32204127e-01  7.35337436e-01
 -8.95386338e-02 -1.53636605e-01 -3.05787884e-02 -5.36286592e-01
  6.01685405e-01  3.55800867e-01 -1.03232712e-01  3.82544249e-01
  2.98963398e-01 -4.40684706e-01  1.03710151e+00 -3.41293402e-02
  2.65880525e-01 -6.53926969e-01 -6.79441914e-02  7.28975594e-01
  4.15084481e-01  9.39821303e-02  7.79341817e-01 -2.90805787e-01
 -6.84835374e-01 -1.62706956e-01  4.63800877e-01 -5.89522481e-01
  6.39394343e-01 -2.95108021e-03 -5.35931289e-01  7.10071802e-01
  6.55490518e-01  3.54701787e-01  3.58774036e-01 -5.89766741e-01
  1.17845006e-01 -1.08676121e-01 -1.62910074e-01  3.95880550e-01
  2.95421898e-01  4.05331105e-01  4.14086431e-02 -8.01070631e-01
  4.48301136e-01  1.35899627e+00 -5.21174166e-03 -9.20743793e-02
  3.09572011e-01  4.76359650e-02 -3.68001699e-01  1.13999829e-01
  3.10434073e-01 -2.43526921e-01  2.28980020e-01 -2.65523016e-01
 -3.08441073e-01 -1.91721022e-01 -1.11167714e-01  8.36298406e-01
  1.01698734e-01 -1.07925378e-01 -1.25733867e-01 -4.97482158e-02
 -7.83489943e-01 -9.43723172e-02 -1.25350189e+00 -8.20444703e-01
 -2.28514839e-02  7.94210806e-02  1.26814499e-01 -8.76045674e-02
 -1.05067170e+00 -3.63582850e-01 -3.43650937e-01 -7.80060351e-01
 -2.88844973e-01  2.45602176e-01  4.45047945e-01 -2.33513191e-02
 -6.45122170e-01 -3.19861680e-01  4.66754586e-01  4.40857112e-01
  2.82281876e-01  2.90625960e-01 -4.73927796e-01 -2.05121815e-01
 -6.80044219e-02  5.64762473e-01 -6.96877837e-02 -4.17860806e-01
 -9.23985100e+00  4.85890538e-01 -6.96021855e-01 -3.61793712e-02
 -2.90854603e-01  1.09774433e-01  7.45853484e-01  9.02153552e-01
 -8.39797497e-01  8.33707035e-01 -4.17751402e-01  3.90330076e-01
  6.95094764e-01  6.22927845e-01 -6.64734542e-01  4.40518484e-02
  3.32636237e-01 -1.16694659e-01  6.17951155e-01 -1.33797184e-01
 -4.72347558e-01 -8.30896676e-01  3.33613247e-01 -3.58044833e-01
 -5.38796723e-01  3.51196766e-01  7.18298554e-01  2.11320475e-01
 -3.41110140e-01  7.43181169e-01 -7.08786130e-01  2.28396952e-01
 -4.62522358e-02 -4.46464896e-01 -3.44868720e-01  6.35457754e-01
  4.75096405e-01  5.00575125e-01 -6.28811955e-01 -9.84638035e-02
 -2.70890117e-01  7.00600922e-01  8.04221705e-02  8.24451894e-02
 -1.22166611e-01 -9.91153196e-02 -1.91530034e-01 -4.20115441e-02
  9.88452911e-01 -2.90996104e-01 -7.04822019e-02 -7.77584851e-01
  4.59912896e-01 -9.61031556e-01 -3.41256499e-01  5.53800277e-02
 -5.96617341e-01 -8.16795051e-01 -3.44860584e-01  1.78946048e-01
  4.90690202e-01  3.57918739e-01  6.26448035e-01  1.93165451e-01
  1.91162061e-02  1.54929057e-01  4.83032584e-01  4.93613690e-01
 -3.64377618e-01 -4.92198080e-01 -7.11397529e-02  2.91632563e-02
 -4.73363608e-01 -1.61238447e-01 -1.43021703e-01  1.17001042e-03
 -6.81431472e-01 -2.01734558e-01  7.15143025e-01 -2.83666495e-02
  1.09446359e+00 -1.71665415e-01  2.87442692e-02 -3.10643524e-01
  1.18271388e-01  3.75444852e-02  8.50067377e-01  6.01617038e-01
 -7.22594792e-03 -7.78655231e-01  4.37221348e-01  5.96830487e-01
  6.06789231e-01  6.27070546e-01  1.22048862e-01  3.47596146e-02
  8.28653276e-01 -1.22065932e-01  8.15058947e-01  1.96478128e-01]"
ヨ,"[ 3.76123607e-01  5.58127701e-01  5.02387881e-01 -4.19084877e-01
 -2.37189770e-01  2.63941109e-01  6.22690380e-01 -5.25488891e-02
 -6.85710013e-02 -2.77831405e-01  6.02482915e-01 -3.19439232e-01
 -5.27547598e-01  2.91336089e-01  2.92683512e-01  3.38352844e-02
 -1.41562611e-01 -7.33345225e-02  1.60451028e-02  1.53554544e-01
 -9.61992681e-01 -2.22095385e-01 -1.30666688e-01  4.35382307e-01
  1.68916106e-01 -4.80403572e-01 -1.43346727e-01 -1.45335570e-02
  1.92061245e-01 -3.70755166e-01 -3.62604290e-01  4.01687384e-01
 -4.06456999e-02 -2.04421729e-01 -3.86594862e-01  3.59148562e-01
 -1.68750271e-01 -3.54464233e-01  5.21917820e-01 -4.02718574e-01
 -2.10502788e-01 -2.69450128e-01  1.14207724e-02 -1.65716514e-01
 -2.77513891e-01  3.81438255e-01  2.56860316e-01  2.67217048e-02
  2.94598900e-02  1.08157575e-01 -8.93486589e-02  1.32327899e-01
  3.01018924e-01 -2.28276283e-01  1.82867646e-01 -1.68045938e-01
  1.24809921e-01 -5.58091462e-01 -5.69105672e-04  3.83068584e-02
 -2.61879057e-01 -4.85844463e-01  3.48019958e-01  1.58204492e-02
 -9.45382193e-02 -1.67546690e-01 -2.22960860e-02 -1.27003178e-01
  4.73280668e-01 -5.27735770e-01  3.16733360e-01 -4.49543074e-02
 -2.10503731e-02 -3.74282777e-01  4.10635740e-01 -3.16499919e-01
  4.65788811e-01  1.32368654e-01  4.57253039e-01  2.62281597e-01
 -5.74039109e-03  2.06352323e-01  2.64677078e-01 -4.87059116e-01
 -1.08920738e-01 -1.08710965e-02 -3.44181716e-01 -5.97275972e-01
  4.21410173e-01 -9.87535492e-02  1.55905247e-01 -1.97323281e-02
  4.86331850e-01  2.90858179e-01  1.17778100e-01  5.40035367e-01
  2.29073569e-01 -2.34328404e-01 -2.28810072e-01  1.19239606e-01
  2.40891382e-01 -1.05881542e-01  5.54737508e-01 -3.06681931e-01
 -2.47584611e-01  2.15197369e-01 -7.52173722e-01  5.41862667e-01
  1.13314427e-01  5.63225858e-02 -2.41214827e-01 -4.83138680e-01
 -5.51125586e-01 -4.61577922e-01  4.59133297e-01  4.16004620e-02
 -2.10959464e-03  4.59391296e-01 -4.81735587e-01  3.50096673e-01
  2.28335842e-01  4.94771272e-01 -4.68469143e-01 -3.66325945e-01
  4.89499867e-02  5.00472665e-01  3.58897865e-01  2.28808329e-01
 -4.26733643e-02 -4.14143875e-02 -1.16191685e-01 -1.62242725e-02
 -8.75480920e-02  1.47849560e-01  3.98390815e-02  7.08949208e-01
  3.35592598e-01 -9.15078670e-02  1.06434062e-01 -5.67572236e-01
 -2.37157643e-01 -2.61251569e-01  3.69944543e-01 -3.38529795e-01
  8.81510898e-02  1.16398908e-01 -7.43121207e-02 -4.87046510e-01
  4.60929304e-01  1.85444430e-02  2.16143411e-02  1.00498521e+00
 -4.20260876e-01  1.93953395e-01  1.48878768e-01  4.48364258e-01
 -9.04630601e-01 -9.04704724e-03  9.88406390e-02 -4.87338901e-02
  2.58388549e-01 -4.93442357e-01  7.56338090e-02  7.77541161e-01
  1.25781566e-01  3.21601510e-01  3.45175952e-01 -2.16167405e-01
 -3.76197770e-02  4.84921455e-01  3.52592617e-01  5.57852745e-01
  3.64456236e-01 -3.43533576e-01 -3.22412550e-01  1.98187739e-01
  4.56917673e-01  4.31032807e-01  2.99483389e-02 -1.08026735e-01
  2.51073718e-01 -1.04500717e-02  2.85470724e-01 -6.08836830e-01
  4.83035177e-01 -1.75916642e-01  3.27230036e-01 -1.33651450e-01
 -2.29494661e-01 -1.79581508e-01 -2.65111744e-01 -3.09851110e-01
  2.14079186e-01 -4.29880410e-01 -1.87353745e-01 -6.79706573e-01
  3.18825960e-01  2.23419189e-01 -7.29823172e-01  4.96248662e-01
  5.42895854e-01 -1.13015115e-01 -1.10106252e-01 -9.31256711e-01
 -1.01596713e+00 -5.89784265e-01 -9.01478827e-02  4.38914835e-01
  3.51131499e-01  4.69472110e-01 -3.29515725e-01 -5.04175760e-02
  5.69976211e-01  3.24884415e-01  1.81530386e-01 -3.07547376e-02
 -3.16355079e-01 -2.44260103e-01  3.84279862e-02 -4.49709982e-01
  1.96308568e-02 -8.70598778e-02  5.20591974e-01  1.59027144e-01
  2.09660158e-02  6.38818920e-01  4.54602763e-02 -7.32677802e-02
 -2.99626648e-01  6.67063713e-01 -5.27067780e-01 -8.73652399e-01
 -3.74255717e-01 -1.66882709e-01 -3.33550543e-01 -5.60181625e-02
 -2.27894485e-01  1.08797856e-01 -2.48800248e-01  2.60280579e-01
 -7.66454414e-02 -3.63631219e-01  4.10016328e-01 -4.44434673e-01
  8.69618654e-02  3.29715848e-01 -8.11166689e-02  2.81258821e-01
 -1.78129271e-01  4.37347777e-02 -5.39284706e-01 -4.32556957e-01
 -2.05296859e-01 -4.57599193e-01  5.29358268e-01  4.04846013e-01
  3.39745522e-01 -3.15350741e-01  1.88066989e-01 -3.40537578e-01
 -3.04192811e-01 -4.91447151e-01 -4.47556525e-01 -2.48774111e-01
  1.10320129e-01  1.84408262e-01 -2.07916364e-01 -5.58888018e-01
 -5.08582890e-01 -8.60936642e-01  2.73104012e-01 -5.34818292e-01
  2.11077929e-01  3.21259610e-02 -9.44452509e-02  9.86703560e-02
 -4.73058105e-01  2.53675938e-01 -3.52047294e-01  2.44915709e-02
 -6.16986930e-01  2.15932399e-01 -5.43361127e-01  3.74430381e-02
  1.32085979e-01  2.09413216e-01 -2.32072130e-01 -1.45656824e-01
 -4.62190866e-01  6.13223612e-01  1.89530775e-01 -4.67592746e-01
 -5.06873608e-01  3.59303318e-02 -9.36826706e-01  1.44040689e-01
  6.21699691e-01 -1.54900439e-02  5.80278337e-01 -1.34216130e-01
  4.40178812e-01  4.70188320e-01  5.84952980e-02 -3.23952347e-01
 -2.86226049e-02 -6.56955004e-01  1.98778421e-01  2.87123257e-03
  4.83624727e-01 -2.26733357e-01  1.05275057e-01  8.06576133e-01
 -1.65569127e-01  1.21622846e-01  1.51700303e-01  5.01645446e-01
 -2.01033831e+00  1.07708815e-02  2.65508205e-01  2.24765986e-01
 -1.63057148e-01 -1.70233458e-01  7.00292826e-01  4.88029271e-01
 -5.38781226e-01 -4.93416727e-01  8.66748095e-01 -2.19004393e-01
 -1.03013165e-01 -1.37609899e-01  3.95988941e-01 -1.84391066e-01
  1.94543414e-02 -4.47420061e-01  1.14841662e-01  3.73593003e-01
 -1.85624734e-01  6.52813837e-02  1.16828695e-01 -3.63541275e-01
 -1.73966870e-01  1.07084818e-01 -4.03333634e-01 -2.59388149e-01
 -4.57769603e-01 -3.28328460e-01  1.17382094e-01  9.76281762e-01
  5.80533922e-01  4.64916378e-01 -7.54816651e-01 -3.47861052e-01
 -2.01463848e-02  2.72240669e-01  1.86939865e-01  3.53159430e-03
 -3.66815217e-02 -2.30995238e-01  3.32155645e-01 -9.94343683e-03
  3.42954516e-01 -6.07266486e-01 -3.81619215e-01  3.58544499e-01
 -1.75407678e-01  5.45424484e-02  6.29116237e-01  2.26415053e-01
  3.40126380e-02  5.86714625e-01  5.88414431e-01  2.90572315e-01
  9.59544070e-03 -4.25020188e-01  1.95517112e-02 -1.32806063e-01
  5.20020723e-02 -3.63370895e-01 -1.43203184e-01  4.93222594e-01
  9.02457833e-02  1.14908241e-01  7.55191734e-03 -4.17974323e-01
  2.47008815e-01 -4.93202835e-01 -1.33889422e-01 -8.46770480e-02
  3.22977781e-01 -4.54431176e-01  2.87125707e-01  1.61736786e-01
  4.53014374e-01 -6.61116421e-01 -3.09663624e-01  8.22263807e-02
  1.01828314e-02  2.34760910e-01  4.17708606e-02  3.13706279e-01
 -1.47655353e-01 -4.27997947e-01 -1.95743531e-01 -7.58407652e-01
 -4.39249635e-01 -4.04916883e-01 -6.98071063e-01 -4.59249876e-02
 -2.24016346e-02  3.41646552e-01 -3.14539850e-01  9.57275331e-02
 -1.53979436e-01  1.88611299e-01 -3.10131282e-01 -4.37580109e-01
 -5.02686687e-02  6.75007582e-01  3.81738722e-01  6.72120929e-01
  1.88597947e-01  8.25444907e-02  4.60392416e-01  3.00441474e-01
 -2.06760034e-01 -1.60568714e-01 -5.30133188e-01 -4.52001363e-01
  6.26433313e-01 -2.75243409e-02 -5.46793006e-02 -1.19618684e-01
  1.32504329e-01  5.79099298e-01 -4.77223307e-01 -7.47968435e-01
  3.37963253e-01  5.31304598e-01 -1.83914393e-01  2.52430290e-01
  2.33127043e-01  4.99959469e-01  2.35980493e-04 -5.78771047e-02
 -8.65561739e-02  3.89413029e-01  5.13037518e-02 -3.45640481e-01
 -4.28915098e-02  7.73789659e-02  6.11553073e-01  5.11209786e-01
  3.81627791e-02  4.90644813e-01  2.36655667e-01  3.92058939e-01
 -5.82278371e-01  2.09018737e-01  3.02609771e-01  1.93195567e-01
 -3.53252411e-01  1.39111117e-01 -1.90275297e-01 -3.02688509e-01
 -3.97372916e-02 -1.41669258e-01  6.44728303e-01  1.37172714e-01
  2.06242308e-01 -3.60868156e-01 -7.18996644e-01 -2.39995971e-01
 -4.07428920e-01 -3.30754042e-01 -6.60566911e-02  2.71971375e-01
  4.58128214e-01  1.18239939e-01 -8.78857613e-01  5.59360027e-01
 -8.37336555e-02  1.50209874e-01  2.55705953e-01 -2.49164119e-01
 -1.68512881e-01 -1.33666292e-01 -3.61298360e-02 -6.07807755e-01
  4.93094444e-01  2.43985932e-02 -3.06938797e-01 -5.30711412e-01
  1.33644313e-01 -1.41461585e-02  3.70425254e-01 -5.82208037e-01
  5.07016242e-01  2.09625527e-01 -7.91704059e-01 -1.05910539e-03
 -1.39470324e-01 -2.03956559e-01 -1.18096925e-01 -3.70093912e-01
  1.12086974e-01 -8.92886743e-02  7.98018351e-02  7.28433251e-01
  3.42446804e-01 -1.04682893e-01 -1.02917269e-01  6.31265342e-01
  4.01709050e-01 -2.03112558e-01 -2.31964603e-01 -2.27258354e-01
 -4.84871000e-01 -3.04903984e-01 -1.64748728e-01  6.84426874e-02
  2.04016149e-01 -3.57604057e-01 -4.98151332e-01 -6.29877925e-01
  2.93831304e-02 -1.04446244e+00  6.37473345e-01 -3.28029364e-01
  2.96338379e-01 -7.22725093e-01  9.65472087e-02 -2.32929081e-01
 -7.10023716e-02  8.46583545e-02  3.19337070e-01 -1.20400973e-01
 -8.73341918e-01 -6.17882283e-03 -4.26665787e-03 -6.01482868e-01
  7.32196748e-01  1.82781234e-01 -5.02851963e-01  1.89972535e-01
  3.95702869e-01  4.28749472e-01 -7.72369504e-02  2.77349561e-01
 -5.08094192e-01  1.80752560e-01 -9.31542646e-03 -2.13523969e-01
  2.32608169e-01  9.68848616e-02 -7.78021887e-02 -1.93880290e-01
  7.50949681e-01  4.45944846e-01  8.10620368e-01  4.53378528e-01
 -3.91265094e-01  2.29769964e-02 -4.29074019e-01  1.58395559e-01
 -8.05262774e-02  7.78834224e-01 -1.05924398e-01  7.47776866e-01
  3.19085807e-01 -7.06327915e-01  3.78322244e-01  1.15310466e+00
 -2.43985698e-01  5.21706283e-01 -1.21252067e-01  2.08300054e-02
 -6.50496542e-01  7.28494897e-02  2.16630295e-01  1.16782859e-01
 -1.79422274e-01  7.41716921e-02 -3.50896925e-01 -3.32324564e-01
  1.46734193e-01  3.33259143e-02 -5.14929742e-02  2.89450526e-01
  2.81549037e-01 -2.59059966e-01  9.00873601e-01  7.94625282e-01
 -2.12559283e-01 -4.57698032e-02  6.50607795e-02  5.16819179e-01
  5.63714325e-01 -2.67907202e-01  3.50062549e-01 -2.40627378e-01
 -7.54866421e-01  4.07133996e-01  2.87774891e-01  2.26894230e-01
  8.40395272e-01 -4.81142789e-01 -5.57891168e-02  7.07441866e-01
  4.90463376e-01  3.12488963e-04 -2.58009702e-01 -6.50021434e-01
  2.50065953e-01  4.73876260e-02 -9.66321006e-02  3.59020770e-01
  4.91607338e-02  2.93560654e-01 -4.83907722e-02 -1.41897425e-01
  1.55973181e-01  8.09610069e-01 -2.05154687e-01  1.15851328e-01
  8.40430781e-02 -8.37096721e-02 -6.07960820e-02  1.38527915e-01
  2.89888650e-01 -9.52045619e-02 -4.35509831e-01  4.37401146e-01
 -3.81699860e-01  7.32257143e-02 -4.90226746e-01  4.04262930e-01
  1.20122887e-01 -1.57380365e-02  2.57669479e-01 -3.86039257e-01
  2.52763093e-01 -3.58595014e-01 -8.54103446e-01  2.48863921e-01
  3.43773693e-01  3.62590641e-01  3.06223124e-01  5.18469587e-02
 -4.73802298e-01 -5.84358752e-01  5.99474311e-02  3.29288810e-01
 -2.08962381e-01 -6.02897346e-01  7.59888709e-01 -1.35054156e-01
 -2.29221612e-01 -1.31561792e+00  1.23514272e-01  3.36628914e-01
  3.15149426e-01 -1.88331053e-01  6.84522688e-01  4.64595594e-02
  4.82913032e-02 -1.77420124e-01 -4.45265383e-01  1.85755596e-01
 -1.03416920e+01 -1.17195779e-02 -4.32380229e-01 -2.78401703e-01
 -4.97852474e-01 -1.24644689e-01  6.70163810e-01  6.44555151e-01
 -5.51097021e-02  3.89560372e-01  9.25578270e-03  1.36777982e-01
  2.64278710e-01  1.69216186e-01 -1.09164659e-02 -1.01056024e-01
 -3.04400861e-01  1.38152868e-01 -6.39832020e-02 -3.09739262e-01
 -1.03834242e-01 -1.02720656e-01  4.41978961e-01  2.27691174e-01
  1.54794291e-01 -5.04932404e-01  4.35314238e-01  5.59800029e-01
 -1.14235513e-01  3.21497053e-01 -9.94959891e-01  1.67441219e-01
  2.73501277e-02  1.47140115e-01 -2.54922211e-01 -1.12846509e-01
 -1.33519903e-01  1.11832276e-01 -1.57464549e-01  6.04668915e-01
  2.06864640e-01  2.89664656e-01  1.21711873e-01  1.61289304e-01
  2.29845211e-01  8.82808194e-02  5.06726950e-02  2.46109784e-01
  4.98167843e-01  1.87578909e-02 -4.53949332e-01  1.16397507e-01
  8.67422149e-02 -1.76403567e-01  1.69339329e-01  1.07374899e-01
  5.12797952e-01 -8.89742374e-01 -1.65830970e-01  8.63249078e-02
  1.35007277e-01  1.90046251e-01  5.00331044e-01  5.18415987e-01
 -2.76835471e-01  8.39332640e-01  2.05704048e-01  2.88850218e-01
 -1.04201019e+00  3.46679300e-01  1.34575605e-01  5.55355847e-01
 -1.86475575e-01  1.63550988e-01 -1.17836982e-01  6.28222704e-01
  1.71266589e-02 -1.65493861e-01  3.35186869e-01  5.61884325e-03
  2.74050415e-01 -2.29368225e-01  1.95667937e-01  1.18526965e-01
 -6.13697052e-01  1.52291238e-01  1.67156368e-01 -7.96797425e-02
  2.43238881e-01 -7.36133099e-01  4.66196150e-01 -2.53040314e-01
 -5.52847743e-01  6.03863418e-01  2.62625724e-01 -4.65934187e-01
 -3.36689949e-01  1.86360180e-02  2.03590482e-01 -3.35190713e-01]"
ロ,"[ 3.93603504e-01  1.65328920e-01  7.31764376e-01 -4.77838308e-01
  4.66815196e-02  4.46917236e-01  2.81047702e-01  2.31460199e-01
 -2.79135108e-01 -3.88820767e-01  6.55507565e-01 -3.98177803e-01
 -3.40044320e-01 -1.04616351e-01  2.28735819e-01 -9.62967053e-02
  7.63659254e-02 -7.08993822e-02  2.02288711e-03 -2.78095782e-01
 -9.49718714e-01 -4.56739634e-01  5.45703433e-02  3.63331944e-01
  8.77718031e-02 -4.65134889e-01 -4.83256251e-01  1.51347652e-01
  2.48704076e-01 -9.90544036e-02 -1.01392674e+00  7.95593411e-02
 -2.44803146e-01  6.39411435e-02 -4.66439039e-01  2.54544735e-01
  2.83056945e-01 -3.56155217e-01  5.57423830e-01 -2.33088642e-01
 -1.66768774e-01  3.05391438e-02 -4.73355800e-01  1.00274652e-01
 -1.23359509e-01  4.96219605e-01  3.21781248e-01  3.74388963e-01
  4.87688392e-01  1.90058202e-01 -3.61224115e-01  4.65383172e-01
  2.46343538e-01  1.08558141e-01  1.93331063e-01 -2.64631689e-01
  5.06403923e-01 -4.53041285e-01  1.69110969e-01  2.15137168e-03
 -5.78154445e-01 -5.31976104e-01  3.54528576e-01 -6.28372729e-02
  8.44825879e-02 -4.35170718e-02 -2.00743631e-01 -1.03182897e-01
  2.82636195e-01 -7.91078031e-01 -4.72120829e-02 -8.24591368e-02
  2.35757053e-01 -2.91209102e-01  6.33535981e-01 -2.35406801e-01
  1.53758481e-01  2.56504416e-01  7.15828612e-02  2.35506687e-02
 -2.02839687e-01  4.99748558e-01 -4.75747436e-02 -8.74802709e-01
 -1.22072488e-01  7.68059343e-02 -6.58749819e-01 -4.16881382e-01
  4.11964864e-01 -6.08856976e-02 -1.83258489e-01  1.96896166e-01
  2.91210979e-01  2.10198000e-01  3.99041288e-02  2.32436076e-01
 -5.31216264e-02  4.26756870e-03 -2.59720087e-01  2.87252784e-01
 -1.66963935e-01 -7.14184269e-02  4.58647817e-01 -3.85561615e-01
 -3.76808971e-01 -6.18808083e-02 -1.08675033e-01  2.21583158e-01
 -5.03562726e-02 -4.43019494e-02 -2.32353255e-01 -4.78373349e-01
 -4.84696001e-01  1.81194022e-01  1.51804700e-01 -3.40944052e-01
  4.16369922e-02  5.66178501e-01 -3.82588565e-01  2.07382008e-01
  1.92733660e-01  4.62902397e-01  1.49657547e-01 -5.74796379e-01
 -2.51747289e-04  7.84058630e-01 -3.29435170e-01 -9.80533659e-02
 -9.43027139e-02 -2.78311372e-01 -2.77232170e-01 -1.95812717e-01
 -1.53586477e-01 -1.66504100e-01 -3.05134058e-01  1.01861072e+00
  2.57425606e-01  1.87779486e-01  1.06190518e-01 -4.18292344e-01
 -4.44643974e-01  9.88022983e-02 -1.21495821e-01 -2.28296697e-01
  1.61085546e-01  1.05628200e-01 -2.30158210e-01 -3.35495412e-01
  1.42745256e-01  1.39233291e-01 -3.13662589e-01  7.30331600e-01
 -3.37013900e-01  5.59217110e-02  3.38773519e-01  2.63928354e-01
 -8.40778291e-01 -6.97509721e-02  1.05944060e-01  3.45442533e-01
  2.36218706e-01 -2.01653793e-01  3.97634804e-01  4.01577294e-01
  1.32217675e-01  5.03894687e-01 -5.96042499e-02 -1.95144296e-01
 -2.09699422e-02  5.75890779e-01  3.47178876e-01  2.52472579e-01
  4.05959278e-01 -2.13925019e-02  3.87211651e-01  1.58849612e-01
  6.22976184e-01  9.73249003e-02  1.10226586e-01 -5.50915122e-01
 -2.57502496e-02  1.27081975e-01  6.01847507e-02 -6.54771209e-01
  3.39140952e-01 -3.02909791e-01  3.20806712e-01  1.32777005e-01
 -4.37094450e-01  4.47222628e-02 -2.45046496e-01 -6.34214878e-01
  4.48737562e-01 -2.36062214e-01  1.55413061e-01 -2.41365299e-01
 -3.25900018e-01 -2.70138770e-01 -3.67026567e-01  2.45837942e-01
 -1.56013355e-01  1.38284996e-01 -3.53337765e-01 -8.45758021e-01
 -7.04173446e-01 -3.62579644e-01 -1.52752906e-01  6.79366767e-01
  2.22773999e-01  3.04355830e-01  2.00443432e-01  3.71371508e-01
  4.40811872e-01  1.33042857e-01  1.46946847e-01  5.00878394e-01
 -2.43536115e-01 -3.29045504e-01  2.57124931e-01 -2.30947629e-01
  3.18653166e-01  3.88996005e-02  5.11830747e-01  5.16689382e-02
  6.17429614e-02  3.63630563e-01  1.65100500e-01 -3.80499452e-01
 -2.57246047e-01  5.12978137e-01 -4.03593242e-01 -4.37340349e-01
 -6.89810693e-01 -1.00988559e-01 -3.56025755e-01 -1.64037734e-01
 -2.49523103e-01  7.76571929e-02 -4.01478022e-01  4.57080960e-01
  1.24379642e-01 -2.69149274e-01  4.31717724e-01 -4.08442825e-01
 -1.94908425e-01  4.54584002e-01  1.88034639e-01  1.02178352e-02
 -1.01181038e-01 -1.85676619e-01 -5.60380518e-01 -4.55360442e-01
  1.94583729e-01 -4.49204296e-01  5.30499935e-01  4.06339198e-01
  4.77918893e-01 -8.02118406e-02  2.80927986e-01 -3.15315455e-01
 -7.85654187e-02 -7.23199427e-01  5.06810397e-02  1.48956408e-03
  2.20694631e-01 -2.28439897e-01 -3.76892798e-02 -8.71406347e-02
 -6.24641061e-01 -2.78323442e-01  1.74083814e-01 -4.21586365e-01
  3.54818106e-01 -2.02030227e-01  2.52278060e-01  2.22148329e-01
 -4.65580404e-01  6.17384613e-01 -1.22243866e-01  2.46022552e-01
 -6.00621760e-01  4.87661600e-01 -5.58545828e-01  1.65738359e-01
 -2.21931502e-01  8.45103562e-02 -6.01028085e-01  1.77062843e-02
 -3.40629846e-01  1.67574435e-01  4.51191038e-01 -4.31585759e-01
 -2.16788173e-01  1.28382906e-01 -4.67123687e-01  2.40974158e-01
  3.64070624e-01 -1.92035630e-01 -8.89089238e-03 -1.04395524e-01
  3.03584784e-01  5.51634550e-01  4.24962282e-01  2.13114902e-01
 -1.60197183e-01 -4.13989961e-01 -1.85650691e-01 -1.61327362e-01
  5.53101778e-01 -6.16172552e-01  6.44978434e-02  8.49401414e-01
 -1.14635147e-01  4.89951819e-01 -4.68920209e-02  1.73818424e-01
 -1.57062590e+00 -2.73239821e-01  2.15749040e-01 -8.66665319e-02
 -5.82438223e-02  3.76625150e-01  1.98312417e-01  3.65230799e-01
 -2.71489322e-01 -4.06369328e-01  5.09051025e-01  6.28886297e-02
  1.76054984e-01 -3.86251837e-01  4.32349043e-03 -1.55343637e-01
  1.56803742e-01 -3.60548675e-01  1.44511476e-01  1.88842788e-01
 -1.87336534e-01 -8.98968428e-02  2.90765285e-01 -5.40294886e-01
 -1.11586936e-01  6.21906877e-01  4.35770825e-02  2.31960818e-01
 -3.95852208e-01 -2.88171738e-01  6.99320957e-02  6.80097759e-01
  7.71488547e-01  3.17995191e-01 -6.13744855e-01 -3.37560326e-01
  3.59119803e-01  5.64831607e-02  4.73032504e-01 -5.95710538e-02
 -5.22726215e-02 -5.00607081e-02  2.15539575e-01 -2.47149337e-02
 -2.20399335e-01  1.26693919e-02  6.91236630e-02  1.25414893e-01
 -2.50004619e-01  1.39354482e-01  4.89354104e-01  2.05540299e-01
 -2.02203810e-01  4.48888868e-01  9.13325787e-01  1.10547811e-01
 -3.80925566e-01 -4.34245408e-01 -1.44599617e-01 -1.50507987e-01
  2.36702725e-01 -1.76301822e-01 -1.51379049e-01  2.48720497e-01
 -2.97367662e-01  2.78613836e-01  4.31612730e-02 -4.57993299e-01
  3.47330660e-01 -6.40483499e-01 -3.07698399e-01 -2.28182763e-01
 -2.02056393e-01 -8.52195978e-01  9.07402992e-01  3.74651730e-01
  4.34557140e-01 -4.68203813e-01 -7.26886213e-01  8.67897496e-02
 -7.64008224e-01 -2.65024334e-01  2.01757904e-02  3.59738082e-01
 -4.02744532e-01  1.30858824e-01 -8.51573721e-02 -2.23584116e-01
 -3.51293743e-01  2.03474745e-01 -4.61586446e-01 -3.99885833e-01
 -1.89306572e-01  2.63505310e-01 -1.37479382e-03  2.41000712e-01
  3.61792088e-01  6.84606358e-02 -3.52356315e-01 -5.15895858e-02
 -4.61443603e-01  4.53097761e-01  4.85532463e-01  4.92313087e-01
  5.47289491e-01  2.57857293e-01  1.42087162e-01  1.32888760e-02
 -1.39948040e-01  2.14984015e-01 -4.41331208e-01 -3.71827871e-01
  9.95428383e-01 -6.28905833e-01  1.32106617e-01 -2.51489114e-02
 -1.13676250e-01  7.00185359e-01 -1.55172780e-01 -8.55655015e-01
  2.77991146e-02  1.75002381e-01  1.24484442e-01  3.35821897e-01
  1.92530885e-01  4.45862025e-01 -2.28440315e-01  1.17909238e-01
 -1.77731201e-01 -2.56566666e-02  2.85590231e-01 -1.12160593e-02
 -2.70494074e-01 -1.64972559e-01  9.09266695e-02  8.38088989e-01
  1.13110073e-01  6.19928762e-02 -6.97558969e-02  1.77738249e-01
  4.50576395e-02  5.97098947e-01  8.13382417e-02  2.29915261e-01
  1.32801726e-01 -2.78451979e-01 -3.21377456e-01 -4.28852588e-01
 -3.28154564e-01  6.72010779e-02  2.86527276e-01 -6.23503849e-02
  1.07030585e-01 -4.78669792e-01 -4.99899805e-01 -5.36913276e-01
 -8.41058791e-01 -7.92658329e-02 -1.97482437e-01  1.94343388e-01
  2.00333118e-01 -2.68475693e-02 -1.00078285e+00  6.64101779e-01
  2.50348955e-01  4.03770924e-01  4.36351776e-01 -4.83802915e-01
 -4.31641608e-01  2.34520540e-01 -8.31550546e-03 -3.59240741e-01
  4.25188363e-01  3.09285611e-01 -1.76151991e-01 -9.25939739e-01
  3.37587357e-01 -1.61420375e-01  1.89113438e-01 -2.65740514e-01
  1.79883823e-01  3.07151794e-01 -6.44329250e-01 -2.10214019e-01
 -1.35989848e-03 -2.56493241e-01  2.33775854e-01 -4.97188210e-01
 -9.36855376e-02 -1.83315292e-01  1.72785949e-02  4.13661689e-01
  5.81699133e-01 -4.34777886e-01  3.44949067e-02  2.34362409e-01
  3.85327309e-01 -2.70049721e-01 -2.97511593e-02  1.11107856e-01
 -1.14966378e-01 -2.76360083e-02  2.17360392e-01  1.11358438e-03
 -5.20003736e-02  6.69739991e-02 -5.43164372e-01 -3.01848292e-01
  6.65765181e-02 -9.85611200e-01  6.36146724e-01  1.83071092e-01
  3.99541706e-01 -5.17683625e-01 -2.83731341e-01 -1.89819485e-01
  3.64790767e-01 -6.70014620e-02  3.61168265e-01 -4.35736388e-01
 -8.00333142e-01  6.44415766e-02 -2.87919462e-01 -9.43780601e-01
  4.51251984e-01  8.97711664e-02 -6.60724759e-01  1.02502272e-01
  2.26608455e-01  7.64602274e-02 -4.42304939e-01 -6.44352436e-02
 -3.32296908e-01 -1.14450455e-01  4.88148123e-01 -2.35372454e-01
  3.26400995e-01  1.97584689e-01 -1.73158050e-01  3.86548303e-02
  4.93196696e-01  4.76368427e-01  6.11265659e-01  3.33136261e-01
 -2.55317152e-01  5.25656752e-02  7.44932815e-02  1.02176562e-01
 -2.20396686e-02  5.00061274e-01 -3.08398157e-01  3.92069638e-01
  8.59893382e-01 -3.52619112e-01  3.36409897e-01  8.12084675e-01
  2.82419086e-01  5.04728496e-01 -3.23802799e-01 -4.36069183e-02
 -7.91582048e-01 -8.31005257e-03  3.94458286e-02  1.93797722e-01
 -1.27595127e-01  6.23924807e-02 -4.56281044e-02 -3.73847067e-01
  2.26679265e-01  4.16400433e-01  2.61602759e-01  5.19942418e-02
  8.48897099e-02  2.74542749e-01  7.08552301e-01  3.74130875e-01
 -1.58526421e-01 -5.09096310e-02  8.19825828e-02  2.75183827e-01
  9.21409309e-01 -2.76749134e-01  6.61381245e-01 -4.40857023e-01
 -7.60954261e-01  2.17542157e-01  1.90388963e-01  1.41516432e-01
  5.50349176e-01 -1.06858030e-01  1.44933630e-02  4.11065400e-01
  4.22067046e-01  1.50393625e-03 -3.38201672e-01 -2.32650325e-01
  1.38565227e-01 -3.07095051e-02 -1.16067138e-02  1.54153123e-01
  9.97702405e-02  6.14409983e-01  4.01772767e-01 -2.99614251e-01
  5.19151747e-01  6.43284082e-01  1.07158951e-01 -2.86273479e-01
  1.09104114e-02  9.19862315e-02 -2.54631490e-01 -1.30298018e-01
  3.86551023e-01 -2.45829120e-01 -3.04584235e-01  2.43730545e-01
 -3.88401181e-01  3.70481282e-01 -1.71668112e-01 -3.00013777e-02
  1.80345312e-01 -4.03203629e-02  1.53623551e-01 -3.20629448e-01
 -2.70540535e-01 -1.46238431e-01 -3.71605664e-01 -1.54007990e-02
  6.12694658e-02  2.13981315e-01 -1.34788096e-01  1.35283947e-01
 -7.18880177e-01 -4.24000919e-01 -3.54080886e-01  3.08006495e-01
 -6.99835241e-01 -3.31592649e-01  4.24797088e-01  1.02789007e-01
  2.39040777e-01 -1.14540613e+00  3.62040013e-01  1.46333501e-01
  2.81856209e-01 -1.42181337e-01  2.41447344e-01 -1.28640711e-01
  1.32383993e-02 -3.36125828e-02  3.63887995e-02  2.83389911e-02
 -1.04538603e+01 -1.62378512e-02 -2.80646890e-01 -7.47007966e-01
 -2.44422197e-01  9.06453058e-02  9.96310353e-01  7.19040751e-01
 -1.68483257e-01  1.91747561e-01 -9.67894346e-02  1.20903850e-01
  2.85021305e-01  2.82578468e-01 -9.60588232e-02 -1.24011643e-01
 -1.53613463e-01 -4.40471508e-02 -2.27598220e-01 -1.55945361e-01
  5.79664670e-02 -5.22182643e-01  7.74065733e-01  8.18891153e-02
  5.52339479e-03 -8.40817988e-02 -3.88312161e-01  3.96793425e-01
 -6.57288134e-02  1.63560778e-01 -9.95067894e-01  2.27836400e-01
  5.62633276e-01  2.64260024e-01 -2.70853430e-01  8.61987099e-03
 -4.97525595e-02  2.98491806e-01 -3.66474599e-01  5.16598105e-01
  2.65017658e-01  3.53828937e-01 -1.56282216e-01  2.52616256e-01
  2.14949936e-01 -2.99960002e-02 -1.47969097e-01  3.24050963e-01
  4.80702490e-01  1.21171556e-01  1.36863049e-02  5.28755877e-03
  3.21393728e-01 -2.20367402e-01  1.41953737e-01  1.24661312e-01
  3.22534442e-01 -8.66209030e-01 -3.25996242e-02  7.43201822e-02
  6.52173877e-01  2.70513594e-01  5.59785247e-01  3.81625712e-01
  3.28391671e-01  2.97172904e-01  2.16815099e-01  2.28412285e-01
 -5.95175266e-01 -2.70860642e-01  1.42771989e-01  3.39437753e-01
 -1.81068759e-02  3.78702581e-01 -1.08868256e-02  4.94372785e-01
  2.00388446e-01 -3.25739861e-01  2.54123360e-01  2.94386614e-02
  4.21634942e-01 -3.52123827e-01  2.45552912e-01  3.10309529e-01
 -6.30027115e-01  4.03994232e-01 -1.25674531e-02  8.17839131e-02
 -8.19123685e-02 -4.83694226e-01  6.14173472e-01 -3.85594994e-01
 -3.12486470e-01  1.81175828e-01  4.21103626e-01 -2.08214685e-01
 -3.24901909e-01  8.59574601e-02 -3.31623293e-02  2.51634102e-02]"
イ,"[ 2.50548184e-01  4.48937267e-01  1.49297416e-01 -5.58641434e-01
 -1.36049360e-03  9.18458104e-02  3.72122318e-01 -2.34025866e-02
  8.32772255e-02 -4.97295290e-01  9.22433853e-01  7.10767582e-02
 -3.67893755e-01 -5.82557209e-02  4.59260195e-01  4.77102995e-02
  3.02615255e-01 -9.85034108e-02 -3.38973910e-01 -3.08446378e-01
 -4.29474026e-01 -4.62878853e-01  3.21236649e-03  1.25402525e-01
  4.18089509e-01 -4.00412738e-01 -9.11752507e-02  2.27680996e-01
 -1.43591851e-01 -1.56664610e-01 -3.75716507e-01 -3.74419689e-01
 -1.87974006e-01 -2.18470380e-01 -2.78684914e-01  8.27848911e-01
  1.41053796e-01 -2.76184261e-01  4.95626181e-02 -3.05525046e-02
 -2.75077790e-01 -1.03702962e-01  1.34631038e-01 -2.77510285e-01
 -3.40850383e-01  5.33725679e-01  8.50845575e-02  2.99998224e-01
  3.01730722e-01 -2.98516285e-02 -4.11128640e-01  4.12371367e-01
  2.30536029e-01 -5.54429591e-02 -2.61237088e-04 -1.30602717e-01
 -1.06849350e-01 -1.77051768e-01  1.52675107e-01 -1.06077278e-02
 -8.04195479e-02 -2.17927918e-01  1.38151884e-01 -6.45262748e-02
 -4.89816844e-01 -2.55414426e-01  1.58404615e-02  8.91135074e-03
 -1.77109227e-01 -5.93673766e-01 -3.99504185e-01  2.75213420e-01
  1.36441067e-01 -4.09847617e-01  4.42099303e-01 -3.25954139e-01
  3.14410836e-01 -1.61171347e-01 -1.37885913e-01 -1.05943531e-01
 -2.27227271e-01  4.18201625e-01 -1.32867172e-01 -6.18982315e-01
  1.17178842e-01  5.95237687e-03  1.06585197e-01 -4.83482927e-01
  3.78091365e-01 -5.38670719e-01 -3.54409844e-01  2.72403359e-01
  5.72565138e-01  3.44812155e-01 -2.85803229e-01  7.02245161e-02
  1.58337325e-01 -2.32174933e-01 -2.50325263e-01 -1.26444459e-01
  5.01085997e-01 -3.91440392e-01  1.21531844e-01 -1.62783220e-01
 -1.63571373e-01  1.28945395e-01 -4.89772826e-01  5.72921038e-01
 -3.15574333e-02 -1.19167745e-01 -2.01856926e-01 -2.57736564e-01
 -3.56377959e-01  4.04012829e-01 -2.66229004e-01 -1.14951387e-01
 -1.68238834e-01  3.99795383e-01 -2.98424929e-01  1.94822043e-01
  2.34678298e-01  2.92861432e-01  6.76141456e-02  1.55305445e-01
 -9.61431861e-02  5.45691550e-01 -2.27928966e-01 -5.58218956e-02
  6.11917041e-02 -2.34988824e-01  2.70687819e-01  7.24034384e-02
 -3.39391261e-01 -1.39200687e-01 -5.78420401e-01  2.52620310e-01
 -1.55659407e-01  5.99726513e-02 -8.23525488e-02 -5.83877563e-01
  4.79102395e-02 -2.66819984e-01  2.30884418e-01  1.89756200e-01
  4.72326167e-02  3.04461829e-02  4.09246147e-01 -2.07717076e-01
  4.46753055e-01  1.35313988e-01 -5.19040711e-02  7.83359170e-01
 -3.72239619e-01 -2.98980087e-01 -2.79809713e-01  4.24865223e-02
 -3.43452454e-01  4.00078408e-02  6.53272718e-02  4.72722799e-01
  2.74603307e-01 -6.96615577e-01  7.82220960e-02  4.43041563e-01
  2.62496650e-01  7.81520724e-01  1.20959178e-01 -9.58712175e-02
 -2.41772830e-02  5.50421357e-01  2.61897832e-01  4.25607026e-01
  1.25510529e-01 -5.66315174e-01  2.34457389e-01  5.65372288e-01
  1.36234045e-01  1.51190206e-01  2.92226672e-01 -4.61350918e-01
  1.08596943e-01 -4.49336797e-01 -2.26929694e-01 -4.77954000e-01
  5.77559650e-01 -1.59313872e-01 -1.40749946e-01  4.92161028e-02
  4.04408202e-02  6.45688677e-04 -5.78388631e-01  3.01188584e-02
  5.47215581e-01 -4.30748194e-01 -4.94826287e-02 -1.22020781e-01
 -5.79941235e-02 -3.47213954e-01 -1.85375482e-01  5.23390710e-01
 -8.71587992e-02  2.89862871e-01 -2.70354658e-01 -2.00902432e-01
 -1.12464201e+00 -2.22978801e-01  2.93578357e-01  4.99000549e-01
  2.64169604e-01  1.19105786e-01 -4.83888686e-01  2.27860138e-01
  4.43124741e-01  4.85236853e-01  2.13789027e-02  5.02767190e-02
 -2.78068930e-01  1.79585114e-01  3.59902501e-01 -5.64133942e-01
  4.23757136e-02 -1.10955477e-01  7.74233863e-02  3.42142850e-01
 -2.29771048e-01 -1.03759691e-01 -2.96202395e-02  6.09361641e-02
 -1.47232220e-01  7.78218448e-01  2.73346543e-01 -9.64207575e-02
 -5.74971795e-01 -4.45089012e-01 -9.19788301e-01  2.41214693e-01
 -1.61082417e-01  2.24556953e-01  3.09266180e-01  2.97025204e-01
  2.58245766e-01 -2.68003106e-01 -1.42835811e-01 -2.70083547e-01
 -2.40813389e-01  3.36348623e-01  1.93774030e-01 -1.58180520e-01
 -5.90977848e-01  3.31599921e-01 -5.10832071e-01 -2.68380016e-01
  6.35851324e-01 -1.43599451e-01  5.74423790e-01  1.40938282e-01
  4.89772707e-01 -8.53540748e-02 -1.87461779e-01 -9.55950767e-02
  4.36156765e-02 -4.13839400e-01 -1.06972173e-01 -2.34485179e-01
  1.09996134e-02  1.04650222e-01  5.84264323e-02 -6.36326253e-01
 -7.37071559e-02 -3.16342860e-01  1.02464452e-01 -5.68891943e-01
 -7.04476461e-02  2.30291873e-01 -3.56901407e-01  2.50668466e-01
 -1.04109794e-01  3.35607588e-01 -2.99138874e-01 -8.98166895e-02
 -1.03467691e+00  4.62022066e-01 -7.32673287e-01  3.54275584e-01
  1.19880915e-01 -1.02041975e-01 -6.54364452e-02 -1.25603393e-01
 -1.99910551e-01  5.11823535e-01  1.64882660e-01 -2.88099885e-01
 -5.12577772e-01 -3.31790335e-02 -1.48431510e-01  8.92459005e-02
  1.57078892e-01 -2.20352858e-01  7.79311778e-03  1.18221991e-01
  5.48335910e-01  1.16938703e-01  1.51461095e-01 -1.68676421e-01
 -3.16606641e-01 -8.21139872e-01 -1.74249917e-01  1.65940970e-01
  6.09729469e-01 -3.89872491e-01 -1.51548386e-01  1.06592011e+00
 -1.71224177e-01 -2.75369376e-01  2.07378134e-01  4.92522776e-01
 -1.40063012e+00  1.89765319e-01  5.88225245e-01  8.27125367e-03
  5.32373041e-02  3.26102495e-01  3.05587888e-01  3.56416821e-01
 -5.22400737e-01 -3.92370522e-02  3.14461082e-01  3.73597950e-01
 -3.61708365e-03 -3.67071837e-01  3.96332085e-01 -7.00402111e-02
  7.45707527e-02 -6.12056315e-01 -3.19102615e-01  4.11913991e-01
 -8.74440968e-02  8.74632224e-02 -1.70665272e-02 -3.10056239e-01
  6.94663972e-02 -2.88684756e-01  2.69203126e-01 -3.25777143e-01
 -2.06082761e-01 -2.72670299e-01  2.63510078e-01  4.49198842e-01
  6.61635160e-01  5.16491294e-01  3.55158955e-01  2.68697768e-01
  4.47348505e-01  3.80298793e-01  4.60312426e-01  3.10991406e-01
 -1.06315635e-01  1.95352584e-02  5.47567546e-01  3.21961701e-01
  2.60394633e-01 -2.76618730e-02 -2.40978584e-01  6.40438259e-01
 -3.42877991e-02  4.84192222e-01  4.39171344e-01  6.22052073e-01
  3.92522663e-01  2.46110246e-01  4.16232944e-01 -1.99239522e-01
 -1.42119557e-01 -3.44763428e-01  2.17241168e-01 -2.86960572e-01
 -1.59542978e-01 -1.53736860e-01  2.50040978e-01 -1.45809427e-01
 -5.12594461e-01  1.40727222e-01 -4.43835914e-01 -1.36881182e-02
  1.92942649e-01 -2.21435457e-01 -5.87340951e-01 -4.13562387e-01
 -4.07140642e-01 -5.99370241e-01  4.87648457e-01  2.24278212e-01
  1.67591110e-01 -5.40347576e-01  1.19901717e-01  1.17969602e-01
  1.69764191e-01 -1.75971016e-01  1.14829168e-02 -1.52550280e-01
  2.82090437e-02 -1.22996107e-01  9.48477630e-03 -6.52793765e-01
 -4.27664936e-01 -5.18693566e-01 -8.45184565e-01 -1.18298441e-01
  1.16165116e-01  3.92276138e-01 -3.25253829e-02  1.95514411e-01
  1.77094415e-01  2.15909585e-01 -2.99488634e-01 -1.85980365e-01
 -8.11992049e-01 -1.56768765e-02  2.14666843e-01  2.32266650e-01
  2.32969046e-01  1.96242005e-01  1.09963231e-01 -4.82075438e-02
 -2.86134541e-01 -1.21539105e-02 -2.40013272e-01 -2.71101832e-01
  9.78989422e-01 -2.60523081e-01  4.55204725e-01 -1.96337432e-01
  1.22119568e-01  3.16756964e-01 -1.55484170e-01 -1.12817459e-01
 -9.07303840e-02  4.70662534e-01 -1.36885494e-01 -1.00792803e-01
  5.52294701e-02  4.65402246e-01 -3.23762983e-01  1.65308639e-01
 -6.53367415e-02  1.07103758e-01  2.05337912e-01 -7.62300417e-02
 -1.51009575e-01 -2.40501344e-01  1.47733510e-01  2.34147370e-01
  2.86229432e-01  2.51718760e-01  2.90646464e-01  6.03635311e-01
  4.65304367e-02  2.98180014e-01  2.58697182e-01  7.23807216e-01
 -2.89932221e-01 -2.15029269e-01 -4.93934572e-01 -8.92949179e-02
 -4.69449073e-01 -1.57416940e-01  5.62630594e-01 -2.20334351e-01
  2.11852729e-01 -1.33978590e-01 -6.52937293e-01 -6.51318654e-02
  5.19523630e-03  6.90673441e-02  7.03841001e-02  3.64892095e-01
  4.39906210e-01 -1.26997204e-02 -6.32700920e-01  5.94457984e-01
 -3.08315009e-01  5.14515579e-01  3.45945537e-01 -5.75061738e-01
 -2.74261087e-01 -7.64722601e-02  7.89083093e-02  5.09687886e-02
  2.43710428e-01  5.64227998e-01 -3.49140644e-01 -1.05415034e+00
 -1.87589705e-01  2.53937304e-01 -1.90228805e-01 -4.17483807e-01
  2.18119115e-01  1.22731857e-01 -9.40392911e-01 -6.61184728e-01
 -3.90708268e-01 -2.36801296e-01 -7.50048086e-02 -9.41760957e-01
  2.10737124e-01  9.18762311e-02 -6.85869977e-02  4.35755491e-01
  6.55624503e-03  5.23173697e-02  2.63327897e-01  4.12435800e-01
  3.27125221e-01 -5.27841270e-01 -8.82996395e-02  1.80286646e-01
 -1.07608419e-02  7.57314712e-02  4.33559537e-01  2.23505148e-03
  1.34608984e-01 -3.60789821e-02 -6.57026768e-01 -1.32698357e-01
 -3.95163506e-01 -8.62202346e-01  3.90648544e-01 -4.85257804e-02
  2.44066179e-01 -4.38990742e-01  3.58604819e-01 -2.36322448e-01
  4.19668891e-02  1.43683150e-01  1.25273690e-02  7.06452206e-02
 -6.10257745e-01  3.14744920e-01 -4.90727723e-01 -4.11903232e-01
  8.03740144e-01  6.32723987e-01 -2.77031273e-01  2.62137149e-02
  3.44409823e-01  4.50162590e-02 -3.13975930e-01  4.23781313e-02
 -2.82185283e-02 -5.54161631e-02 -1.43077955e-01  2.06894383e-01
  3.07502449e-01  2.10439786e-02 -2.29835853e-01 -2.39742830e-01
  5.74667513e-01  4.28124398e-01  2.77385592e-01 -1.01543844e-01
 -8.49071965e-02 -2.14944541e-01 -3.83535475e-01  1.77746221e-01
  1.37170434e-01  6.50477767e-01 -1.97822720e-01  9.01136279e-01
 -1.24171965e-01 -3.45695406e-01  2.91801929e-01  6.94676459e-01
 -1.00216694e-01  2.65137017e-01  1.18587442e-01  1.11891091e-01
 -8.89651358e-01  1.92576736e-01 -2.56352037e-01  2.20070198e-01
  1.24248847e-01  4.35625374e-01  4.67876673e-01 -6.21459007e-01
 -2.60323167e-01 -1.67298496e-01  1.88351333e-01  6.08341210e-02
  5.43614805e-01 -2.58542933e-02  9.34903026e-02  2.46212676e-01
 -1.92727745e-01 -2.98794582e-02  1.24369562e-01  7.80878812e-02
  8.33908319e-01  2.22439915e-01  8.71190205e-02 -2.11816251e-01
 -8.10535669e-01  3.45863700e-01 -6.89836740e-02  1.86973158e-02
  4.62515622e-01 -2.82231331e-01  1.24969304e-01  3.07149708e-01
  6.09694600e-01  1.46806642e-01 -2.99306214e-01 -7.93890119e-01
  1.00233920e-01 -2.04421189e-02 -9.92076397e-02  2.56079793e-01
 -4.15349118e-02  3.64851028e-01  2.03915536e-01 -1.63459256e-01
  3.52919996e-02  5.44714212e-01 -1.73364803e-01  3.65872378e-03
  3.04246575e-01  1.87192932e-01 -4.30703133e-01  9.28122667e-04
 -2.07629338e-01 -4.05075431e-01 -4.26637322e-01 -2.03930631e-01
 -2.27074519e-01 -5.35288043e-02 -1.84056550e-01 -7.97881931e-02
  2.25498512e-01  1.30450606e-01 -1.00639246e-01 -3.92300665e-01
 -3.50677848e-01  5.15872836e-01 -7.76475906e-01 -1.35777131e-01
 -1.23755664e-01  7.65950009e-02 -1.07487820e-01 -1.10861044e-02
 -3.66661578e-01 -1.66465893e-01 -1.05065398e-01  1.48900092e-01
  3.98935229e-02 -4.16027158e-01  2.04854488e-01  2.29957908e-01
 -1.17511697e-01 -7.88458526e-01  1.99353009e-01 -9.32439640e-02
  6.56968772e-01 -1.90095633e-01  2.81826943e-01 -2.75059789e-01
  2.35864297e-01 -3.13181818e-01 -1.30200773e-01  3.28198932e-02
 -1.05836725e+01 -4.90938015e-02 -4.45158988e-01 -1.26329452e-01
 -4.17215824e-01  4.06702816e-01  6.91445172e-01  2.89368570e-01
 -4.18654144e-01  3.56551111e-02  3.73300225e-01  3.36038560e-01
  2.67772228e-01  3.57701659e-01 -6.44478917e-01 -2.05714375e-01
  1.31649956e-01 -8.91802087e-02 -1.39646545e-01 -2.16188714e-01
  2.65375733e-01 -1.75341463e-03  2.89542437e-01  6.34695351e-01
  7.94324726e-02 -5.25712609e-01 -4.68636990e-01  2.96326786e-01
  3.42756063e-02  2.95155644e-01 -3.47007871e-01  1.42052948e-01
  4.79567125e-02  3.19089413e-01 -3.11677724e-01 -2.71849841e-01
 -1.24731869e-01  3.27666491e-01  1.14261262e-01  1.91989005e-01
  2.59902000e-01  6.57625675e-01  2.85983682e-01  8.54373276e-02
  2.72264183e-01  4.46437061e-01  5.17217338e-01  2.94055164e-01
  6.83405817e-01 -4.87478226e-02  2.03231443e-02  3.26814830e-01
 -1.70927256e-01 -1.00325570e-01  3.27387571e-01  4.90538143e-02
  7.69046783e-01 -6.56353056e-01 -4.45701927e-01  7.36973062e-02
 -4.54915389e-02  7.13259354e-02  9.17894423e-01  5.18121719e-01
  3.08233760e-02 -7.76502043e-02  3.12881738e-01  4.84794885e-01
 -5.00979424e-01 -2.22961918e-01 -3.55613269e-02  2.15073958e-01
  1.17330384e-02 -7.69709051e-02 -5.12711585e-01  2.75899589e-01
 -4.08498105e-03 -2.58596897e-01  3.27946901e-01  2.06794024e-01
  1.48800939e-01  2.20320001e-01  1.59264449e-02  1.42602280e-01
 -5.16741991e-01  1.08714618e-01 -2.09900662e-01  1.72531307e-01
  8.48772973e-02 -4.64440048e-01 -7.00366572e-02 -2.24854469e-01
 -3.09130512e-02  7.70375192e-01  4.16402221e-01 -3.29809636e-02
 -9.87273157e-02  1.02551058e-01  5.01251996e-01  2.52322238e-02]"
ト,"[ 8.99626017e-01  3.09130698e-01  8.12819600e-01 -2.52838045e-01
 -1.02191545e-01  4.98119444e-01  1.28011823e-01  3.84045631e-01
 -2.90893018e-01 -4.94917482e-01  3.34161967e-01 -8.03521991e-01
  1.98937848e-01  1.80991024e-01  1.72163859e-01  1.53083757e-01
 -1.55420294e-02 -4.07430083e-01 -6.06828146e-02 -5.70345938e-01
 -1.05462205e+00 -3.69774103e-02 -2.99121857e-01  2.88921654e-01
  1.64684922e-01 -3.17931592e-01 -2.96225250e-01 -4.27190632e-01
  4.81976777e-01 -1.96193174e-01 -4.64893669e-01 -2.52728481e-02
 -4.99696463e-01  4.20471579e-01 -5.73658884e-01  4.70495373e-01
 -1.89029321e-01 -4.81578887e-01 -1.68175131e-01 -4.40656513e-01
  1.58372581e-01 -3.77393633e-01 -6.15124628e-02 -4.39044535e-02
 -2.49826297e-01  6.91761911e-01  3.02302465e-02  1.57639518e-01
  2.64520466e-01 -2.30485395e-01 -4.33412760e-01  5.70295215e-01
  2.43365094e-01  4.13600355e-02  1.60774872e-01 -3.35617214e-01
  5.27781010e-01 -6.63308382e-01 -1.52849331e-01  2.85274893e-01
 -1.86185688e-01 -4.66750264e-01  5.34498334e-01  5.56747764e-02
 -4.27642874e-02  2.61713505e-01  2.38973334e-01 -3.03214014e-01
  5.03926456e-01 -4.78005111e-01 -3.23481590e-01 -6.11474849e-02
  1.53870717e-01 -7.27557003e-01  4.14120704e-01 -1.88103765e-01
 -1.65740192e-01  6.86811149e-01  4.23703194e-01  6.94168955e-02
 -1.51477650e-01  3.23479325e-01  2.86183327e-01 -4.03200388e-01
 -1.32090747e-01  2.48237893e-01 -7.42134675e-02 -8.61447632e-01
  4.73762363e-01 -5.37233055e-01  2.12232053e-01  5.28571367e-01
  1.82535738e-01 -1.86836809e-01 -1.26927853e-01  5.09512424e-02
  1.52612090e-01 -1.85964629e-01 -1.84329093e-01  4.22969580e-01
 -2.29341313e-01  2.26301216e-02  5.04482448e-01  1.65389150e-01
  9.82902199e-02 -3.06381434e-02 -3.70443106e-01  3.07672858e-01
 -2.13690158e-02 -1.75011188e-01 -8.14728320e-01 -1.68397203e-01
 -6.69846117e-01  1.15789987e-01  6.15226984e-01  1.75114721e-02
 -4.29243505e-01  5.62646508e-01 -1.70351088e-01  8.91097963e-01
  2.70106524e-01  4.71162826e-01  5.26042402e-01 -1.01900108e-01
 -1.46015212e-01  4.65556413e-01  1.11426368e-01  1.39247924e-01
 -1.97803929e-01 -4.80518281e-01 -1.41790405e-01 -3.80159944e-01
 -4.30925906e-01 -1.05294883e-01 -1.31211266e-01  8.66150022e-01
 -1.17298007e-01 -1.05071090e-01 -8.86020735e-02 -3.38887304e-01
 -2.61299282e-01 -5.80046475e-02 -4.54300120e-02 -4.78907943e-01
  3.12525541e-01  2.26834834e-01 -6.36539400e-01 -4.46528852e-01
  8.86500403e-02  3.68395716e-01 -2.48668656e-01  9.40183282e-01
 -5.58526039e-01 -3.16474199e-01  2.97910213e-01  4.51019078e-01
 -1.07402515e+00  1.29828742e-02  4.86247154e-04  4.11834180e-01
  3.13365579e-01 -4.94157404e-01  2.59256005e-01  3.56339186e-01
  2.30564162e-01  1.03045143e-01  6.44856036e-01  2.65142113e-01
 -2.47644693e-01  4.87953365e-01  4.01362002e-01  4.36599910e-01
  3.12357664e-01  1.46875605e-01 -2.14014605e-01  5.56785762e-01
  1.22893667e+00 -2.67826263e-02  1.28810678e-03 -5.75258434e-01
  1.05961971e-01 -2.91204476e-03  3.11054409e-01 -3.85678023e-01
  4.33442652e-01 -1.18277624e-01 -2.91570544e-01  1.60813645e-01
 -7.25029260e-02  4.13998485e-01  4.70968429e-03 -4.30829793e-01
  3.36559206e-01 -4.92761314e-01  2.82448381e-02 -5.52854419e-01
 -1.86306298e-01 -2.00989917e-02 -6.82114601e-01  3.97153467e-01
  5.63734621e-02  4.08522971e-02  1.56798348e-01 -5.98982811e-01
 -7.96501637e-01  1.13421224e-01  2.78274883e-02  4.85289931e-01
  6.98265061e-02  4.07788187e-01 -1.91256851e-02  1.33014634e-01
  2.97225356e-01 -2.15060953e-02  1.03081562e-01  1.71573520e-01
 -1.31121010e-01 -2.84414679e-01  5.81150353e-01 -2.70970851e-01
  2.74195015e-01 -2.46319801e-01  1.56673074e-01  6.16434067e-02
 -2.60170233e-02  3.48230660e-01  1.17271163e-01 -4.90546934e-02
 -3.14342588e-01  6.52653635e-01 -7.90711701e-01 -6.64200902e-01
 -6.16480112e-01 -1.17326327e-01 -5.15593350e-01 -2.54892409e-01
 -4.16550845e-01  5.43952212e-02 -5.30211806e-01  4.01339978e-01
 -9.04225931e-02 -4.33952630e-01  7.31585398e-02 -4.79508638e-01
  3.59326661e-01  1.97224483e-01 -1.94645122e-01  1.71052217e-02
 -2.69402802e-01  8.62214193e-02 -1.98182613e-01 -5.65648854e-01
 -1.88872859e-01 -3.54779840e-01  4.44142133e-01  3.75066459e-01
  7.66671360e-01 -3.71058345e-01  2.08314702e-01 -4.45646912e-01
  8.60977173e-02 -8.17036331e-01  7.69248456e-02  3.51320356e-01
 -3.56194153e-02 -1.66098416e-01  1.11983135e-01 -3.10074598e-01
 -5.34000635e-01 -6.22278094e-01  4.79826301e-01 -1.23068191e-01
 -3.81958820e-02  1.97971746e-01  2.61708885e-01  1.83784395e-01
 -5.93885005e-01  4.24991667e-01 -3.40074569e-01  1.60141319e-01
 -2.72818029e-01  9.94215533e-02 -4.92255628e-01 -1.91739321e-01
 -1.53679281e-01 -2.74819732e-01 -2.93030590e-01  3.37580182e-02
 -1.70226291e-01  7.82295763e-01  2.69750297e-01 -1.40096873e-01
 -5.41143298e-01 -5.72116487e-02 -5.61044812e-01 -1.29166275e-01
  7.43155122e-01  3.01424980e-01 -4.52632338e-01 -4.04601306e-01
  4.50013041e-01  6.75762653e-01  1.35520339e-01  2.14814499e-01
  8.92589092e-02 -2.07424521e-01 -7.33067617e-02  1.04055308e-01
  3.89632612e-01 -3.18750441e-01  6.55990914e-02  1.19231296e+00
 -1.17146619e-01  5.98960221e-01  9.55635726e-01  5.44395387e-01
 -1.67826998e+00 -3.91641974e-01  1.47798436e-03  1.30741745e-01
 -1.55465066e-01 -1.16698839e-01 -8.08823630e-02  9.40475464e-02
 -8.27659070e-01 -5.04253268e-01  1.09051144e+00  1.15575045e-01
  1.31501377e-01 -3.72791499e-01  3.98138255e-01  3.29233408e-02
  4.50891629e-02 -6.06540740e-01  2.72047132e-01  7.78252006e-01
 -4.68925446e-01 -4.88193221e-02  9.48868021e-02 -3.24022621e-01
 -1.34525299e-01  3.21229577e-01 -3.16337049e-01  2.51150876e-01
 -8.34790051e-01 -1.96822479e-01  6.89413249e-02  9.33955431e-01
  1.29180372e+00  4.05727178e-01 -4.61466789e-01 -4.83234137e-01
 -1.83431745e-01  1.00015514e-01  2.59024471e-01 -8.70351344e-02
 -1.09344102e-01  1.27193689e-01  4.87373739e-01 -3.20596062e-02
  2.22172901e-01 -1.66737363e-01 -1.32942006e-01  3.17806453e-01
 -2.75816202e-01  5.95494866e-01  2.11978033e-01  1.27813131e-01
  3.23974460e-01  3.31538260e-01  7.66826868e-01  6.09129012e-01
  1.79222867e-01 -5.11933386e-01 -3.55118234e-03 -9.23794031e-01
 -5.94412744e-01 -2.40034178e-01 -9.67190489e-02  1.30277455e-01
 -3.99640262e-01 -1.69895098e-01 -1.95181847e-01 -3.73859793e-01
 -1.10854588e-01 -5.88168204e-01 -2.05114901e-01 -2.99755353e-02
  3.70233357e-02 -6.16972983e-01  8.13226283e-01  2.27785066e-01
  7.61696756e-01 -6.16658092e-01 -1.13706803e+00 -4.57379431e-01
 -2.37596110e-01 -4.57825750e-01 -3.20100307e-01 -1.85513869e-01
 -2.29515731e-01  1.11196496e-01 -3.18417341e-01 -6.73927009e-01
 -2.21602336e-01  5.88685088e-02 -6.55642986e-01 -3.78350019e-01
 -1.48760632e-01  7.30361760e-01 -3.65097523e-02  6.32442236e-02
  2.21974254e-01  4.87446129e-01 -8.68142784e-01 -3.37770432e-01
 -1.46214664e-01  2.02308863e-01  4.39344458e-02  3.58733475e-01
  2.62200624e-01  2.86132336e-01  4.01499033e-01  1.97038949e-01
  1.06132023e-01 -1.37743041e-01 -5.15969634e-01 -5.93289256e-01
  9.53447282e-01 -8.15913603e-02  1.39916599e-01  1.91599995e-01
 -7.44230524e-02  7.73496866e-01 -5.61773062e-01 -8.59278023e-01
  4.87609535e-01  2.97745466e-01 -1.38086542e-01  4.55865443e-01
  5.77549815e-01  4.23217088e-01  3.90843302e-01  8.45097601e-02
 -2.76515007e-01  2.23067284e-01  2.01519027e-01  1.33279309e-01
  3.52059215e-01  6.28231913e-02  1.76427588e-02  6.78996623e-01
  4.15868491e-01  6.63650930e-02  1.07721007e+00  5.28899491e-01
 -3.77829343e-01  1.20796980e-02  4.82678950e-01  2.99049854e-01
 -5.17146230e-01  3.97621453e-01 -3.37439507e-01  1.87507376e-01
 -3.26333269e-02  2.22569183e-01  5.19824684e-01 -1.94388524e-01
  3.46271485e-01 -7.45414615e-01 -5.75294614e-01 -6.53049767e-01
 -8.48182738e-01  2.05743983e-01 -4.62834895e-01 -3.37220460e-01
  3.66290301e-01 -2.50895083e-01 -6.35367036e-01  7.55000234e-01
  7.01274455e-01  2.87930593e-02  1.10016897e-01  2.69115239e-01
 -7.33719915e-02  4.13772017e-01 -2.69890875e-01 -6.63285479e-02
  2.50661373e-02  3.47682536e-02 -5.36447287e-01 -7.33136177e-01
  7.86415488e-02  2.48679623e-01  1.83060080e-01 -1.57535583e-01
  5.04047334e-01 -3.35959494e-02 -4.72213358e-01 -2.45352775e-01
 -2.87816465e-01 -2.98260450e-02 -4.14882779e-01 -2.74765026e-02
  9.63166431e-02 -1.06028959e-01  3.53896618e-02  4.74916518e-01
  1.50138795e-01 -3.99721593e-01 -3.32643658e-01  8.00883949e-01
  4.44564342e-01 -1.05853133e-01  1.44554213e-01 -2.01462284e-01
 -3.95758748e-01 -1.20203398e-01  1.63898189e-02 -7.12101236e-02
 -2.09608704e-01 -1.26847610e-01 -1.15579259e+00 -5.63615322e-01
  2.52002478e-02 -7.06640601e-01  4.37087625e-01 -1.16956551e-02
  7.33008742e-01 -3.83739263e-01 -6.87164590e-02 -1.17376678e-01
  2.67198443e-01 -1.68773517e-01  2.39844620e-01 -6.29022717e-01
 -8.16435933e-01  9.99794975e-02  7.74521083e-02 -6.94360316e-01
  1.11573601e+00  7.03531802e-01 -6.90635681e-01  6.14769280e-01
  5.53005159e-01  3.60482901e-01 -1.61894426e-01  1.61296278e-01
 -1.40763208e-01 -4.54352111e-01  1.97117582e-01 -3.16789925e-01
  3.72317046e-01  3.43469024e-01 -2.14494511e-01  7.60695636e-02
  1.80298641e-01  5.86565018e-01  4.35890198e-01  1.29675090e-01
 -4.75987107e-01 -1.92739651e-01 -4.09152061e-01  2.28484273e-01
  1.77847773e-01  2.95332909e-01 -8.87520969e-01  2.95780212e-01
  4.66156721e-01 -9.19750035e-01  6.38210177e-02  7.04369962e-01
  3.57109666e-01  6.62393451e-01 -4.23906557e-02  2.60558426e-01
 -5.48196018e-01  6.80386201e-02  2.34804451e-01 -1.33400872e-01
  1.63578670e-02  2.67415076e-01  6.07450455e-02  2.23846003e-01
  4.69166040e-01 -3.76796544e-01  2.27762952e-01 -2.87558526e-01
  2.12431088e-01 -2.10115805e-01  4.80375648e-01  2.48125166e-01
 -8.25944245e-02 -2.18683198e-01  3.41552585e-01  7.71987259e-01
  7.39031672e-01  2.73281604e-01  9.11938250e-01 -7.18496621e-01
 -7.05155671e-01 -1.74789429e-01  3.21191400e-01  1.36348441e-01
  4.62974101e-01 -2.58111656e-01 -1.37334555e-01  7.52277195e-01
  6.41154826e-01  4.12623677e-03 -4.81312066e-01 -5.00517607e-01
  3.66972655e-01 -5.30138254e-01 -5.77765778e-02  2.19853371e-01
  3.30424547e-01  4.32010472e-01  7.65517116e-01  2.92407453e-01
 -9.45353732e-02  8.79786551e-01  2.12729037e-01 -1.42062649e-01
  1.03762209e-01  1.58136964e-01  4.46179183e-03  8.95058513e-02
  3.23258340e-01  1.36007577e-01 -4.35149133e-01  8.35486412e-01
 -3.74740899e-01 -1.31133512e-01 -6.71191216e-01  1.26324356e-01
  4.33586597e-01 -3.72951537e-01  1.45223677e-01 -6.10945046e-01
 -1.69614539e-01 -5.45045376e-01 -9.75249231e-01 -1.89746499e-01
 -5.56456298e-02  8.49890858e-02 -5.49978912e-02 -1.29346743e-01
 -6.49682164e-01 -7.52420902e-01 -6.17382936e-02  2.36525238e-02
 -8.50414097e-01 -6.97885513e-01  4.98856932e-01  1.43545479e-01
 -4.41159159e-02 -1.50195539e+00  6.31375909e-01  9.69351362e-03
  8.32421124e-01 -8.72243047e-02  5.30750990e-01 -2.11050898e-01
 -2.41971403e-01 -1.67467460e-01 -3.99953127e-01  1.12231776e-01
 -1.00346336e+01  4.55579847e-01 -1.16390549e-01 -6.31056190e-01
 -1.22162156e-01 -2.01925635e-02  8.68137896e-01  7.52472460e-01
 -1.83003202e-01  1.34782746e-01 -9.73465070e-02  9.74884927e-02
  4.56096269e-02  1.63631707e-01 -2.73651779e-01 -3.43795449e-01
 -4.24158305e-01 -3.49126875e-01  5.31329364e-02  1.15124106e-01
 -6.26486123e-01 -4.84989077e-01  4.31291103e-01  1.05775960e-01
  1.45779103e-01 -2.70539910e-01 -1.57117948e-01  1.82940036e-01
 -3.97707969e-02  4.37644571e-01 -8.50439608e-01  4.65572447e-01
 -8.45106989e-02  1.19136795e-01 -2.89523482e-01  5.75840890e-01
  3.72167118e-02  3.85308683e-01  3.11250966e-02  8.96248519e-02
  3.67806524e-01  1.88829958e-01 -2.36845851e-01  4.48492356e-02
  1.81413159e-01 -5.44901490e-02  5.02706349e-01 -7.99727812e-02
  9.43412006e-01 -2.76128918e-01 -1.61216095e-01 -8.11537206e-02
  1.43149704e-01  2.87773386e-02  4.47222948e-01 -6.66476712e-02
  5.20835578e-01 -4.71732229e-01  2.05351755e-01 -5.04164547e-02
  1.73646837e-01  3.20107609e-01  2.75486171e-01  1.07672417e+00
  4.56274122e-01  2.04708472e-01 -3.01561668e-03  2.27824971e-01
 -8.44179928e-01  3.12729955e-01  5.76669164e-02  6.24740243e-01
 -2.49056190e-01  3.32588702e-01  1.88772231e-01  4.92160767e-01
  4.51239124e-02 -1.47628367e-01  9.78325605e-02 -3.59121740e-01
  4.53637153e-01 -7.23876357e-01  1.80109844e-01  6.21484101e-01
 -3.10626328e-01  2.80472219e-01  2.93616146e-01 -3.37920964e-01
  9.26949605e-02 -7.59903967e-01  5.06849766e-01 -2.92546540e-01
 -5.44286609e-01  2.03327000e-01  1.20504670e-01  1.44687556e-02
 -2.13957325e-01 -4.91808243e-02  4.83002901e-01 -2.58737773e-01]"
カ,"[ 3.58623505e-01 -2.46663745e-02  7.75448501e-01 -8.84407759e-01
  2.05631573e-02  3.39202523e-01 -1.35529384e-01 -5.29141799e-02
 -4.17153358e-01  3.07938814e-01  7.79973149e-01 -1.58491731e-01
  2.73954391e-01 -6.79569840e-01  6.54694617e-01 -5.09500563e-01
  2.79152691e-01 -1.55786097e-01  7.91591853e-02 -4.01464760e-01
 -8.99065256e-01 -9.26213205e-01 -1.83110192e-01  1.54470608e-01
 -9.02618244e-02  1.37811098e-02  1.21721886e-02  2.65641689e-01
 -1.97515488e-01  1.73800450e-03 -1.44873202e-01 -5.53951979e-01
 -1.02262542e-01  5.79993427e-02 -1.09505653e+00 -1.95033997e-01
  1.50330216e-01 -1.41734228e-01 -9.51748267e-02 -5.36378443e-01
  3.32558602e-01  3.11147776e-02 -6.13094509e-01 -1.33484438e-01
 -1.43150702e-01  5.45336604e-01 -2.29549840e-01  3.67545485e-01
 -1.44952787e-02 -7.86912739e-02 -4.05287087e-01  1.60253420e-01
  1.48657605e-01  1.46855205e-01  1.35043159e-01 -3.60164315e-01
  1.21215262e-01 -8.88408124e-01 -3.86912338e-02  8.90291296e-03
 -4.12297577e-01  1.84104204e-01  2.63562113e-01  3.95972162e-01
 -2.63143957e-01  4.52321544e-02  9.61821601e-02 -4.72497046e-02
  7.39715621e-02 -6.48744583e-01 -3.36413719e-02  1.64206326e-01
  1.29086927e-01 -4.54291046e-01  7.61634171e-01 -2.88086832e-01
  1.88634962e-01 -1.51704654e-01  3.14154088e-01 -4.34453413e-02
 -4.34984684e-01  1.72228113e-01 -1.45956039e-01 -3.82179230e-01
 -2.66938031e-01  1.74713507e-01 -4.73184168e-01 -8.13936889e-01
  8.41606438e-01 -1.63370445e-01  3.98811787e-01  3.35717320e-01
  1.42418474e-01  2.34820977e-01 -3.75823498e-01  1.53101116e-01
  1.80200025e-01 -5.68276718e-02 -3.80255103e-01  6.07531250e-01
 -1.82700142e-01  5.76381758e-02 -3.03319804e-02 -2.17319041e-01
  3.21460456e-01 -3.65903884e-01 -3.78341734e-01  1.67370379e-01
  3.26045692e-01 -1.77744448e-01 -4.28996652e-01 -3.37885380e-01
 -5.36792994e-01  3.36251765e-01  3.13205421e-01 -3.23720835e-02
 -2.09487334e-01  2.36570567e-01  3.92595269e-02  4.16601747e-01
  2.06613198e-01  5.64181983e-01 -1.32583544e-01  9.94166546e-03
 -9.32277665e-02  4.95230347e-01  9.01037604e-02 -6.32624030e-01
  1.58358559e-01 -2.86766887e-01 -1.73558444e-02  1.07340008e-01
 -4.51720394e-02 -1.58379287e-01 -3.47066075e-01  1.00911450e+00
 -1.72081903e-01  4.28343192e-02 -1.08846836e-01 -5.53245187e-01
 -3.17088962e-02  1.57655567e-01  2.14766219e-01 -2.54550487e-01
  1.04970887e-01  2.99687594e-01  1.89547196e-01 -7.63222635e-01
  1.11502409e-02  1.36825204e-01 -1.47052079e-01  1.06679690e+00
 -7.71152258e-01  2.61684030e-01 -2.60864586e-01 -4.06512246e-02
 -5.02321661e-01  8.80809948e-02  5.01655638e-01  4.69206512e-01
  1.57339752e-01 -5.43632388e-01  5.91759145e-01  5.71602881e-01
  4.12188023e-01  3.37212831e-01  8.57105330e-02 -2.18367904e-01
 -1.45391166e-01  2.89241046e-01 -2.56868720e-01  1.15889378e-01
  1.48382783e-01 -4.54930305e-01  1.39046222e-01  4.08452988e-01
  2.68079937e-01 -1.32260621e-01  4.45829958e-01 -9.17394400e-01
  1.21634929e-02 -1.29310846e-01 -2.40721285e-01 -6.55108631e-01
  5.75766742e-01 -1.57064945e-01 -2.02726319e-01 -2.56978065e-01
  3.70329581e-02 -5.15710235e-01  9.59524959e-02  4.32647280e-02
  6.84190571e-01 -1.56286225e-01 -1.19201258e-01 -4.01351511e-01
  1.61897153e-01 -1.43419474e-01  4.97052148e-02  5.62051535e-01
  1.37465179e-01  1.46439686e-01  6.39640493e-03 -1.10575020e+00
 -5.28054357e-01  1.39588684e-01  7.02512980e-01  6.46990657e-01
  3.36560547e-01  3.55961710e-01 -3.14682722e-01 -2.04505265e-01
  2.06223518e-01  3.48682970e-01  5.52944124e-01 -1.65666640e-02
 -7.39449561e-01 -3.70001137e-01  3.48041385e-01 -1.95296228e-01
  3.64514917e-01 -3.96472722e-01  1.47909656e-01 -1.23007759e-01
 -1.66088358e-01  3.02128971e-01  2.42732868e-01 -4.32539165e-01
 -1.25467569e-01  7.21932948e-01 -5.37491798e-01 -3.94340783e-01
 -6.42009258e-01  1.48062214e-01 -3.87935340e-01  1.26514211e-01
 -3.87917072e-01  2.45502919e-01 -5.14781237e-01  1.67034715e-01
  2.13678837e-01 -9.73865539e-02  1.90267146e-01 -3.02353382e-01
 -1.98651329e-01  2.05969542e-01 -4.91631292e-02  1.52407825e-01
 -3.03271323e-01 -6.56548962e-02 -5.80709100e-01 -4.50180680e-01
  1.67043418e-01 -3.80928963e-01  6.60770416e-01  1.63124174e-01
  1.35975048e-01 -7.01999813e-02  3.47878784e-01 -6.32830441e-01
 -1.44762829e-01 -4.55075115e-01  2.43626311e-01 -1.20690782e-02
  3.93141806e-01  2.13240936e-01  8.69434029e-02 -4.91389245e-01
 -4.09337163e-01 -4.92964417e-01  2.15222612e-01 -2.12857053e-01
 -2.55736828e-01 -1.29893035e-01 -2.42748056e-02  4.75189276e-02
 -2.41011977e-01  3.78963977e-01 -6.74059987e-01  3.41774493e-01
 -1.21557496e-01  5.53519130e-01 -4.47248578e-01 -1.68598294e-01
  3.95195127e-01 -4.91952971e-02 -4.26788419e-01 -4.14090097e-01
 -2.03364879e-01  2.09795654e-01  3.88204962e-01 -6.76829159e-01
 -2.19864860e-01  3.54496539e-01 -4.50361013e-01 -2.10239254e-02
  5.21236181e-01  2.84831040e-02  8.04966912e-02  2.86666632e-01
 -8.99264291e-02  1.58280760e-01  5.97535729e-01 -5.80159724e-01
 -2.41445109e-01 -5.60136199e-01 -2.93470304e-02 -3.48329276e-01
  5.56526780e-01  2.30383947e-02  1.48194492e-01  7.26094961e-01
 -4.63306069e-01 -9.25065577e-02  9.19669688e-01  5.36000967e-01
 -1.65137398e+00  2.89298415e-01  6.97310388e-01 -1.96222365e-01
 -2.48253286e-01  5.48110120e-02  1.19285556e-02 -1.02505405e-02
 -2.15799615e-01 -7.55335927e-01  8.92776191e-01  2.45091185e-01
 -2.06558183e-01 -2.45091453e-01  4.92400676e-01  7.27382153e-02
  5.52626327e-02 -4.77321327e-01 -2.58106768e-01  3.70079964e-01
  2.18699321e-01 -1.69243783e-01 -2.95927197e-01 -1.56339571e-01
 -5.49375415e-01  1.43275663e-01 -2.39141226e-01  2.10572466e-01
 -4.81670737e-01  3.63241844e-02  3.82827461e-01  1.13138402e+00
  3.20399702e-01  5.80115676e-01 -3.88420105e-01 -7.16237649e-02
  8.46663177e-01  4.57819790e-01  4.99442339e-01  3.78467560e-01
 -2.81308055e-01 -2.93053031e-01  6.19681478e-01 -5.02775423e-02
 -3.03343028e-01  3.20499182e-01 -1.04893170e-01  2.07846895e-01
 -1.03425182e-01  6.94383830e-02  1.11082636e-01 -1.49621904e-01
  1.32135212e-01  7.33817935e-01  6.12316489e-01  1.74469128e-01
 -9.40590948e-02 -4.33509260e-01  5.79937808e-02 -1.72508448e-01
  2.55798876e-01  4.38544452e-01 -2.90040284e-01 -2.99348027e-01
 -1.93711147e-01 -2.49136806e-01 -2.32577637e-01 -3.40362430e-01
 -4.00767982e-01 -9.23901081e-01 -1.06636667e+00  5.14844134e-02
  3.64310034e-02 -7.81357527e-01  2.97342867e-01  1.25311241e-01
  6.62686706e-01 -4.19278175e-01 -5.31334817e-01  1.36208460e-01
 -4.69912589e-01  4.40434292e-02 -1.70939550e-01  4.09764461e-02
 -2.54860371e-01  2.88720042e-01 -5.70760727e-01 -2.33660102e-01
 -3.97560418e-01 -2.70689547e-01 -4.77144927e-01  8.33981112e-02
  1.56268239e-01  7.86443114e-01  3.29351239e-02  2.74410903e-01
 -8.30293223e-02  1.66195571e-01 -1.35205150e-01 -1.19310774e-01
 -6.01310849e-01  3.27095807e-01  6.02727771e-01  7.36267149e-01
  2.22532064e-01  4.85335290e-01 -1.07432296e-02 -1.67816505e-01
  2.71096110e-01 -2.33207718e-01 -2.86459357e-01 -2.64937460e-01
  5.48817039e-01 -4.61884618e-01  2.98371047e-01 -3.07025105e-01
 -2.51187943e-02  8.15504372e-01 -2.75913030e-01 -6.44754231e-01
  1.93344522e-02  4.44431394e-01  2.74196744e-01  2.01898515e-01
  2.21787766e-01  1.11262667e+00 -1.61107406e-01  6.74714327e-01
  2.07938656e-01 -3.06594729e-01  1.53259989e-02 -2.52609968e-01
  1.08531192e-02  1.80814713e-01  5.40342867e-01  8.98994684e-01
  2.68079460e-01  3.87798011e-01  4.22550350e-01  3.94640565e-02
 -3.09843242e-01 -4.48453352e-02  5.02027273e-01  8.76635760e-02
 -5.82270384e-01  6.71888217e-02 -4.89350617e-01 -3.11073989e-01
 -3.76003265e-01 -1.52919888e-01  2.54867524e-01 -1.87409982e-01
  4.83119279e-01 -4.07314867e-01 -6.55646503e-01 -4.32575643e-01
 -7.92497277e-01  1.22521192e-01 -1.23758957e-01  2.85037518e-01
  5.57697177e-01  5.66789687e-01  1.51675284e-01  7.97831640e-02
  3.05660993e-01  7.30963707e-01  2.39923492e-01 -1.62907496e-01
 -1.68818742e-01  3.58493179e-01  1.53902203e-01  4.34617549e-01
  2.28625417e-01  6.95969686e-02 -3.13285530e-01 -5.33015549e-01
 -3.97986710e-01  1.47943035e-01  1.00019462e-02 -3.02755665e-02
  3.52582216e-01  2.73273457e-02 -1.54553518e-01 -5.19303083e-01
 -2.44539768e-01 -3.31824273e-01 -1.69063598e-01 -7.04006612e-01
 -1.21840023e-01 -5.30770898e-01  1.14736691e-01  4.09819782e-01
  4.93195772e-01 -5.63853145e-01  1.66293547e-01  3.00701708e-01
  1.20490536e-01 -1.54460818e-02  1.16325922e-01 -7.11223111e-02
 -2.87986457e-01 -6.43923953e-02  9.23106298e-02 -8.17050263e-02
  6.59828961e-01  1.59188434e-01 -5.55954158e-01 -2.43936986e-01
  1.15936778e-01 -9.04175043e-01  4.33933824e-01 -1.37775674e-01
  1.39560133e-01 -6.94661975e-01  1.77638426e-01  5.66961803e-02
  2.87550706e-02 -2.34372467e-01  1.43907323e-01  1.38518408e-01
 -7.58113921e-01  3.10334802e-01 -1.81319714e-01 -3.84622782e-01
  7.97916114e-01  5.46773851e-01 -1.85301051e-01  2.61838198e-01
  5.00708103e-01  6.13263138e-02 -4.15486455e-01  3.24717611e-01
 -1.60925969e-01  1.05415650e-01  3.04943383e-01 -1.88915536e-01
  5.68400979e-01  1.68301255e-01  1.19882308e-01  1.03814043e-01
  3.48907083e-01  6.84636235e-01  4.38413203e-01  2.53433138e-01
 -1.55607834e-01 -4.70798522e-01 -7.94094026e-01  3.76302749e-02
  2.78303146e-01  5.75215876e-01 -3.88453275e-01  5.00085056e-01
  6.70906901e-01 -2.61370316e-02  3.63673955e-01  9.21187937e-01
  1.95423767e-01  4.20796484e-01 -4.99180734e-01  6.07120134e-02
 -9.31693137e-01  4.19819355e-01  3.13179880e-01 -9.41114202e-02
 -1.07177213e-01  1.38800368e-01 -5.11286616e-01 -4.66663241e-01
  1.72097191e-01 -1.05628192e-01 -1.70082480e-01 -2.41322935e-01
  6.42610252e-01 -1.10959895e-01  9.40922022e-01  3.93224031e-01
  1.11649428e-02 -4.84756917e-01  1.63169324e-01 -1.47922978e-01
  6.43826902e-01  5.49303964e-02  4.04966950e-01 -2.15639636e-01
 -1.03778875e+00 -4.04413819e-01  2.61354953e-01  2.08905756e-01
  2.86806047e-01 -5.07086396e-01 -3.62063153e-03  4.51601774e-01
  5.59650540e-01  2.33726546e-01 -1.10181369e-01 -4.99156475e-01
  6.02733493e-02 -1.41714185e-01 -2.06763536e-01  3.99964780e-01
  8.63533318e-02  3.39435160e-01  3.76995921e-01 -1.77013367e-01
  8.54547098e-02  4.84107405e-01  1.96362540e-01 -1.33794844e-01
  6.52293503e-01  5.57423271e-02 -1.15380608e-01  6.89100772e-02
  2.01813541e-02 -2.67379105e-01  1.12823248e-02  6.30568624e-01
 -9.38891470e-02 -1.80415940e-02 -5.15584350e-01  3.14987510e-01
 -3.19119431e-02  1.47030190e-01 -4.01001453e-01 -4.66903061e-01
  2.83106536e-01  2.52689123e-01 -3.53933305e-01  2.24920940e-02
 -2.45350897e-01 -2.29598999e-01 -3.57043922e-01 -3.35031182e-01
 -5.43241918e-01 -1.94483936e-01 -3.95304978e-01  4.29940641e-01
 -7.70074725e-01 -5.16545594e-01  4.46759880e-01 -1.45376548e-01
 -1.55776113e-01 -1.12323403e+00  6.05643272e-01 -4.00147796e-01
  6.36294961e-01 -1.85506940e-01 -9.61032361e-02  1.83214974e-02
 -3.13865632e-01 -3.22945774e-01 -5.74643850e-01  4.83222187e-01
 -1.02312622e+01 -1.53170988e-01 -2.06183270e-01 -6.94933414e-01
 -3.92779797e-01 -1.07496738e-01  1.08158612e+00  1.50632700e-02
 -5.57699800e-01  1.20039679e-01 -2.45275140e-01  1.35550335e-01
  5.34533679e-01  3.76105100e-01 -7.03593642e-02 -3.01707648e-02
 -1.40226766e-01 -5.82136810e-01 -3.43775511e-01 -1.21521324e-01
 -7.73715600e-02 -1.95056483e-01  6.71905637e-01 -4.01544832e-02
  7.59009197e-02 -3.98200870e-01 -1.59837261e-01  2.66551733e-01
  1.22852407e-01  4.76531118e-01 -2.14640051e-01  8.28400373e-01
 -1.77804306e-01  6.64553940e-02 -1.84410334e-01 -2.97167152e-02
 -2.54587047e-02  4.63637054e-01 -1.10334717e-01  4.90783155e-01
  3.83713841e-01  3.58788252e-01  1.40073374e-01  4.72070165e-02
  3.78129005e-01  4.28333610e-01  1.36748672e-01  3.20807397e-01
  7.62167990e-01 -7.51866400e-02  4.96974945e-01 -7.55950093e-01
  3.25058818e-01  6.83932751e-02 -4.67355758e-01  4.09008339e-02
  9.32538629e-01 -5.53281605e-01  4.71072271e-03  2.53292948e-01
  3.74016225e-01 -4.09752391e-02  1.16638350e+00  4.04410571e-01
 -2.60072678e-01  3.02253067e-01  1.11051150e-01  1.22262955e-01
 -4.74618435e-01 -4.05456990e-01  3.80825192e-01  1.47620821e-02
  1.46137968e-01  3.14544082e-01 -3.71834219e-01 -8.59000683e-02
 -2.63521336e-02  2.05508903e-01  3.81883562e-01 -6.79506063e-02
  8.54203880e-01  2.12811939e-02 -4.13789153e-01  4.24296439e-01
 -5.25970340e-01  1.24857441e-01  1.41605467e-01 -7.15519413e-02
  5.41422784e-01 -6.79489851e-01  7.72998869e-01 -3.00903887e-01
 -3.18955958e-01  7.00099707e-01  3.12905520e-01 -5.65515816e-01
  3.17841887e-01  1.30851224e-01  8.86329114e-02 -2.18677804e-01]"
ブ,"[ 1.20977364e-01  4.52929229e-01  4.01255071e-01 -4.76554424e-01
  8.61533508e-02  3.46301079e-01  2.31773943e-01 -1.02311835e-01
 -1.86183006e-01 -3.11022103e-01  2.88175315e-01  2.74326876e-02
 -7.01203465e-01 -1.52078852e-01  6.66583598e-01 -5.26720583e-01
  1.48164891e-02  8.37877914e-02  2.37792544e-02 -4.13437456e-01
 -6.45597696e-01 -4.83020514e-01 -9.56778228e-02  4.12068337e-01
  2.02971101e-01 -2.86325455e-01  1.43353924e-01  2.76078045e-01
 -3.08791935e-01 -5.28469086e-01 -2.43205845e-01  2.52840593e-02
 -2.60772318e-01 -2.20212474e-01 -3.31668913e-01  2.31280863e-01
  7.70034045e-02 -1.42174944e-01  1.18907385e-01 -4.28129584e-01
 -3.04920584e-01 -3.02049845e-01 -4.95369703e-01 -3.21023405e-01
 -3.47051322e-01  5.51644325e-01  1.10747218e-01  1.94305375e-01
  4.14510965e-01  1.32001609e-01 -2.91451216e-01  2.22837731e-01
  6.49302542e-01  9.17156413e-02  4.64306921e-01  4.60346460e-01
  6.82339728e-01 -2.73620278e-01  2.04530545e-02  2.84425855e-01
 -2.68133909e-01 -3.49418819e-01  2.55287945e-01 -2.22817063e-02
  1.52004939e-02 -2.05317274e-01  1.63486868e-01 -2.45121554e-01
 -2.59527918e-02 -1.30566299e-01 -1.28934681e-02  3.19417208e-01
  7.68725201e-02 -2.66246170e-01  8.61141860e-01 -1.03505537e-01
  1.72860429e-01  1.90648705e-01  2.76733637e-01 -2.22207457e-02
 -6.50617480e-01  4.59541112e-01  3.18968028e-01 -5.93835592e-01
 -2.32102334e-01  6.24579608e-01 -6.63727403e-01 -7.05954492e-01
  1.88279703e-01 -2.82891035e-01 -8.00658911e-02 -1.64222643e-01
  1.91407919e-01  3.16221237e-01  3.23704958e-01  2.00490630e-03
  3.65354449e-01 -2.42512658e-01 -3.12644005e-01  4.56198752e-01
  2.20329925e-01 -1.46735534e-01  5.13345823e-02 -1.19232638e-02
  4.52058855e-03 -1.80751070e-01  2.76919186e-01  9.52421352e-02
 -2.61248648e-02  3.30396354e-01 -3.03476274e-01 -6.95781231e-01
 -4.33683425e-01  2.90290713e-01  3.34506571e-01  1.55874997e-01
 -7.16953799e-02  3.80745500e-01 -5.11474192e-01 -1.11080594e-01
  1.05541460e-01  6.52300119e-01  2.46416274e-02 -5.75530410e-01
  1.74400032e-01  2.35363171e-01  4.69665617e-01  2.24694386e-01
 -1.27888903e-01 -4.28653866e-01  2.16576140e-02 -1.40629439e-02
 -2.75721997e-01  6.17802739e-02 -5.02215743e-01  8.03156018e-01
 -1.91798583e-01 -1.05585143e-01 -2.50044972e-01 -7.37793863e-01
 -5.61265387e-02  4.14157003e-01  2.54708469e-01 -2.36825541e-01
 -1.79014001e-02 -4.86695096e-02 -3.97771537e-01 -5.56116458e-03
  2.91086406e-01  6.33572519e-01 -2.27325261e-01  7.23101914e-01
 -3.14055860e-01  4.39041667e-02  2.45001122e-01  4.73137535e-02
 -1.74840301e-01  4.95986879e-01 -1.09171003e-01  4.08464111e-03
  1.99239984e-01 -6.14820063e-01  1.39242217e-01  7.60112405e-01
  2.41571590e-01  7.93458819e-01  3.15882623e-01 -7.23175588e-04
  1.34559453e-01  7.51038015e-01  2.07216918e-01  2.26019710e-01
  1.91998422e-01 -3.13720644e-01 -3.48079228e-03  6.77077919e-02
  4.36396897e-01  4.00112480e-01  9.15714577e-02 -6.14734292e-01
 -1.08914152e-01 -1.54845566e-01 -2.22962439e-01 -1.29576605e-02
  3.23919624e-01  1.33446351e-01 -9.57871228e-02  5.01726344e-02
 -2.24231541e-01 -4.54367638e-01 -2.75766198e-02 -4.43218857e-01
  3.91977001e-03 -2.95209169e-01 -2.69937694e-01  1.77085456e-02
 -2.85980850e-01  6.37149736e-02 -5.99049568e-01  3.73642862e-01
  3.02568138e-01 -2.24686041e-02  1.03648368e-03 -7.08277047e-01
 -5.88016391e-01 -5.55620313e-01  5.44140995e-01  8.79848659e-01
  2.11164072e-01  6.36259437e-01 -6.35351479e-01 -2.39746869e-01
  3.42881903e-02 -2.88071483e-02  4.08397555e-01  3.28656435e-01
 -5.05391300e-01 -3.70291352e-01  2.06624925e-01 -2.09391579e-01
  3.10119122e-01 -2.85291523e-01  2.09148660e-01 -1.12725660e-01
  2.43814494e-02  4.99457717e-01  4.02424097e-01 -2.19448268e-01
 -8.30244124e-02  3.89010459e-01 -1.85300320e-01 -6.97095156e-01
 -6.59108877e-01  2.66410798e-01 -5.35917342e-01 -1.58468634e-02
 -4.63841967e-02  6.35183156e-01 -8.98918957e-02  3.36412489e-01
  2.76045859e-01 -3.67429376e-01 -4.17006984e-02 -7.00961113e-01
 -1.19686954e-01  4.28117067e-02  2.91329414e-01 -1.92588940e-02
 -3.58733207e-01 -2.57340193e-01 -9.86634374e-01 -5.03781438e-01
  4.85899374e-02 -2.92546779e-01  5.44021189e-01  1.20365478e-01
  2.25462675e-01  8.36078152e-02  1.20919980e-01 -2.43111372e-01
 -2.19721869e-01 -5.70842505e-01  1.10458918e-01  5.78975827e-02
 -7.82886028e-01  2.73101211e-01  1.44699827e-01 -5.53510606e-01
 -3.31168830e-01 -6.93928719e-01  1.18916579e-01 -1.11060821e-01
 -4.26006436e-01 -4.12569493e-02 -6.88577175e-01 -1.68281749e-01
  6.27972111e-02  3.11238021e-01 -2.96042651e-01  4.27525997e-01
 -5.06105900e-01  2.68324107e-01 -7.06590712e-01 -1.28885865e-01
 -1.65839702e-01  1.00279987e-01 -6.14536881e-01  1.30132109e-01
 -3.90194327e-01  3.38942647e-01  4.01220053e-01 -5.55334508e-01
 -4.54176098e-01  2.81165749e-01 -3.19607228e-01  3.18978608e-01
  5.72841942e-01  4.83139930e-03  5.30821681e-01  1.94802180e-01
  2.14846477e-01  2.54048973e-01 -5.55688068e-02 -2.69554257e-01
 -2.05633521e-01 -5.42137682e-01 -2.13127919e-02 -7.70529658e-02
  6.54383838e-01 -5.06998658e-01  5.04020154e-02  1.06908274e+00
 -3.38952631e-01  2.43977070e-01  4.69742715e-01  3.87455553e-01
 -1.84711671e+00 -2.28439316e-01  7.32402384e-01 -6.74590049e-03
  2.15667635e-02  5.69344223e-01  2.95620173e-01 -1.84263617e-01
  1.69065282e-01 -5.79022229e-01  6.08331263e-01  5.42191565e-01
 -9.16587472e-01  1.68176532e-01  2.62621224e-01 -2.50657678e-01
  3.77750009e-01 -7.10093677e-01 -8.99377987e-02  5.91769993e-01
 -1.33812830e-01 -2.74611086e-01 -2.18862832e-01 -6.07141018e-01
 -3.91051471e-01  4.76764768e-01  7.43472278e-02 -1.63472190e-01
 -3.90563130e-01 -1.84646174e-01  3.51208359e-01  1.13371050e+00
  4.17777568e-01  7.14306474e-01 -4.80211049e-01  1.02421306e-02
  2.98838168e-01  3.29272866e-01  2.25013480e-01 -7.33693540e-02
  1.46255970e-01 -5.51086843e-01  1.45865411e-01  7.12748319e-02
 -9.79251191e-02 -1.35363162e-01  4.71002519e-01  2.18113244e-01
 -2.33528480e-01 -7.62519473e-03  5.48713386e-01 -6.69851378e-02
 -1.12464048e-01  3.17358583e-01  4.06314820e-01 -2.62710713e-02
 -5.55545799e-02 -4.89838481e-01  2.86108941e-01 -4.11259830e-01
  9.68259722e-02  5.99674368e-03 -3.62678558e-01 -1.84198637e-02
 -1.82088315e-01  5.21907303e-03 -1.39122367e-01 -5.05778909e-01
  1.77312657e-01 -4.68078285e-01 -5.26228487e-01 -1.74212947e-01
  1.26968667e-01 -7.61401713e-01  5.15114129e-01  4.61775243e-01
  4.52642202e-01 -2.30323285e-01 -4.13946420e-01  2.59244472e-01
 -1.21204294e-01  7.03712553e-02  1.54866934e-01  1.18397437e-02
 -1.50536090e-01  1.16856925e-01 -2.41350845e-01 -2.65969276e-01
 -7.38127112e-01  1.86607298e-02 -8.82281244e-01  2.31290311e-01
  2.18420193e-01  6.58321381e-01 -1.98070630e-01 -2.47718841e-01
  4.13925946e-02 -2.92062074e-01 -6.72912776e-01 -3.44527245e-01
 -3.82570237e-01  1.06670119e-01  2.03551307e-01  4.21390742e-01
  4.15810227e-01  3.30310553e-01  2.83045202e-01  1.42789409e-01
  2.35659424e-02  2.88446844e-01 -2.80723333e-01 -2.95302480e-01
  5.37731588e-01 -2.84942519e-02  2.76952356e-01  2.26152256e-01
 -2.79702190e-02  7.31919527e-01 -4.27810907e-01 -6.54006779e-01
  1.45114169e-01  1.64161563e-01 -1.49427086e-01  1.42045990e-01
  6.07074559e-01  1.13625371e+00 -3.37668777e-01  2.80543029e-01
  2.41610631e-01 -2.16101602e-01  3.44567716e-01 -2.25517601e-01
 -8.13742653e-02 -5.18134348e-02  1.33687451e-01  6.64630353e-01
  5.29061079e-01  2.52102733e-01 -6.67956844e-02  4.78919983e-01
 -3.74058604e-01  1.87346205e-01  1.10729411e-01  4.54943240e-01
 -3.43420267e-01 -2.13607356e-01  1.34157509e-01  3.64387393e-01
 -3.70914757e-01 -2.85918444e-01  4.27304171e-02  5.47825247e-02
  1.87314987e-01  2.13205934e-01 -3.52162570e-01 -6.13018513e-01
 -5.39051831e-01  1.04230985e-01 -3.20540637e-01 -7.48778060e-02
  4.97279227e-01  1.93230644e-01 -6.63318992e-01  2.92800486e-01
  9.68500003e-02  3.93796504e-01  4.68957067e-01 -8.07831883e-01
 -3.78690660e-01  8.88809636e-02 -6.53953031e-02 -3.75960255e-03
  2.39502385e-01 -1.63179591e-01 -2.76579320e-01 -7.41258204e-01
 -1.72190130e-01 -8.24019462e-02 -2.79128879e-01 -9.22545865e-02
  3.77285421e-01  3.63793559e-02 -7.69677699e-01 -1.05354665e-02
 -1.61918476e-01 -2.05767900e-01 -1.61174908e-02 -5.07048607e-01
  1.68243088e-02 -1.63603351e-01  8.42492506e-02  5.61108410e-01
  2.47039169e-01 -3.06216121e-01  1.37019306e-01  5.76022029e-01
  4.20392096e-01 -1.38271764e-01 -1.54936254e-01  7.58321956e-02
 -1.67831495e-01  1.13754928e-01  8.19929659e-01  1.51197240e-01
 -2.03131661e-01 -4.00625616e-01 -8.11065614e-01 -5.29493272e-01
  5.19344956e-02 -1.45049155e+00  7.03093350e-01  2.10057914e-01
  4.66479249e-02 -6.88427746e-01  4.84584123e-02  3.32649574e-02
  1.69135947e-02  5.32311387e-02  2.61020452e-01  2.46351942e-01
 -3.30662102e-01  7.51602426e-02 -1.75374717e-01 -7.90249228e-01
  5.03319263e-01  2.63069659e-01 -7.14001477e-01 -3.59542258e-02
  5.35077274e-01 -1.45915434e-01 -3.08938473e-01  1.08654924e-01
  1.87197402e-01  5.33601642e-02  3.42137307e-01  5.11779547e-01
 -3.12418081e-02  8.49648535e-01 -3.68165314e-01  2.59647787e-01
  7.27686286e-01  2.99002409e-01  4.43571448e-01  7.83718154e-02
 -5.40216744e-01 -2.56282061e-01 -5.68058729e-01  5.72370350e-01
  3.98185343e-01  3.57727230e-01 -6.10626698e-01  4.67532545e-01
  5.36711752e-01 -1.84882164e-01  1.21791132e-01  9.43810523e-01
  6.35360554e-02  3.68010879e-01 -2.20642611e-01  2.18878351e-02
 -8.90912116e-01  2.62172252e-01 -2.02820078e-01 -2.06538528e-01
 -1.36708260e-01 -3.56449783e-01  1.13031581e-01 -3.30218166e-01
 -2.87023112e-02  2.66468614e-01 -6.65837154e-02  3.60438019e-01
  9.83591080e-02 -9.12034437e-02  9.25375819e-01  1.67992175e-01
 -3.68069917e-01 -2.62079775e-01  6.05496727e-02  2.99857914e-01
  4.46808487e-01  5.96114993e-02  1.20136626e-01 -2.96790332e-01
 -8.40636849e-01  3.66331518e-01 -1.43441841e-01 -1.09314740e-01
  5.75263202e-01 -2.52841860e-01 -1.35896027e-01  4.05600786e-01
  6.09426856e-01 -4.24894840e-01 -2.42388546e-01 -7.46225893e-01
  9.33186561e-02 -1.64650455e-01 -5.47387958e-01  2.94596821e-01
  6.48399070e-02  5.12731194e-01 -3.54636639e-01 -1.59584120e-01
  5.74642003e-01  7.34503210e-01  2.11743087e-01 -1.11765161e-01
  4.05453257e-02  8.72428417e-02 -2.88913488e-01  5.29098213e-01
  4.13459480e-01  1.57028828e-02  2.40635648e-01  4.80221689e-01
  1.49719924e-01  1.05799697e-01 -4.84530665e-02  3.51055145e-01
  9.30639803e-02 -1.48976311e-01 -2.62804955e-01 -3.58160168e-01
  2.35560730e-01  4.79600253e-03 -3.60601008e-01 -1.75849512e-01
 -2.33870238e-01  3.44283015e-01  3.22877407e-01 -1.10275827e-01
 -3.87146264e-01 -1.38598040e-01 -2.92835891e-01  1.04026765e-01
 -3.42436492e-01 -1.03221528e-01  1.87511817e-01  2.31952474e-01
 -3.80196184e-01 -1.06407249e+00  4.18570489e-01  4.68326926e-01
  5.26885211e-01 -1.84953902e-02  8.60236809e-02 -4.23651308e-01
  2.35579699e-01  7.94001296e-02 -6.63665891e-01  1.25946492e-01
 -1.03221645e+01 -2.57700980e-01 -1.49493292e-01 -4.10948366e-01
  5.42704239e-02  9.39150527e-02  6.51024222e-01  4.89630640e-01
 -3.44820976e-01  4.05759096e-01 -1.99669883e-01  5.56207262e-02
  1.63173929e-01  4.34522510e-01 -7.93454885e-01 -7.50043169e-02
 -1.78545892e-01 -4.15711045e-01 -5.47028594e-02  2.87848681e-01
 -7.81793818e-02 -2.11842716e-01  7.21590221e-01  4.19033498e-01
  1.25021830e-01 -3.47460926e-01  2.50267964e-02 -1.31445020e-01
 -1.95550993e-02  4.90818888e-01 -6.37589574e-01  6.92223966e-01
 -4.06468391e-01  3.24253529e-01 -4.07773554e-01 -5.35357371e-02
 -1.15039036e-01  1.45869866e-01 -4.53923106e-01  8.68697822e-01
  4.56494421e-01 -1.50423795e-01  5.72806560e-02 -2.59898484e-01
  1.89218506e-01  2.42534071e-01  1.37488451e-02  4.50421810e-01
  4.03402507e-01 -6.05995283e-02 -2.44729951e-01  6.81126788e-02
 -4.61839855e-01 -2.85160005e-01  3.03183824e-01  3.82957786e-01
  2.98241854e-01 -1.07231915e+00 -6.35932013e-02  2.58410394e-01
  3.87369305e-01  2.20067501e-01  1.13629186e+00  1.92739949e-01
 -1.03879329e-02  1.09424897e-01  6.07799217e-02  2.50507444e-02
 -3.75132978e-01  9.50664468e-03  8.37198257e-01  2.53869295e-01
  1.75472468e-01  3.18850093e-02 -3.44433069e-01  4.77033675e-01
  8.43614191e-02  2.81156778e-01  5.46188712e-01  5.38477972e-02
  2.43820548e-01 -3.40741053e-02  5.57637028e-02  3.59811127e-01
 -7.51427650e-01 -1.91079363e-01  1.56452414e-02 -1.05074100e-01
  2.51995683e-01 -5.40316880e-01  1.86464131e-01  4.22505409e-01
 -3.49059880e-01  5.25924742e-01  3.89057934e-01 -3.95056486e-01
 -3.62418503e-01  5.16210020e-01  2.79023618e-01 -4.04787362e-01]"
ト,"[ 8.99626017e-01  3.09130698e-01  8.12819600e-01 -2.52838045e-01
 -1.02191545e-01  4.98119444e-01  1.28011823e-01  3.84045631e-01
 -2.90893018e-01 -4.94917482e-01  3.34161967e-01 -8.03521991e-01
  1.98937848e-01  1.80991024e-01  1.72163859e-01  1.53083757e-01
 -1.55420294e-02 -4.07430083e-01 -6.06828146e-02 -5.70345938e-01
 -1.05462205e+00 -3.69774103e-02 -2.99121857e-01  2.88921654e-01
  1.64684922e-01 -3.17931592e-01 -2.96225250e-01 -4.27190632e-01
  4.81976777e-01 -1.96193174e-01 -4.64893669e-01 -2.52728481e-02
 -4.99696463e-01  4.20471579e-01 -5.73658884e-01  4.70495373e-01
 -1.89029321e-01 -4.81578887e-01 -1.68175131e-01 -4.40656513e-01
  1.58372581e-01 -3.77393633e-01 -6.15124628e-02 -4.39044535e-02
 -2.49826297e-01  6.91761911e-01  3.02302465e-02  1.57639518e-01
  2.64520466e-01 -2.30485395e-01 -4.33412760e-01  5.70295215e-01
  2.43365094e-01  4.13600355e-02  1.60774872e-01 -3.35617214e-01
  5.27781010e-01 -6.63308382e-01 -1.52849331e-01  2.85274893e-01
 -1.86185688e-01 -4.66750264e-01  5.34498334e-01  5.56747764e-02
 -4.27642874e-02  2.61713505e-01  2.38973334e-01 -3.03214014e-01
  5.03926456e-01 -4.78005111e-01 -3.23481590e-01 -6.11474849e-02
  1.53870717e-01 -7.27557003e-01  4.14120704e-01 -1.88103765e-01
 -1.65740192e-01  6.86811149e-01  4.23703194e-01  6.94168955e-02
 -1.51477650e-01  3.23479325e-01  2.86183327e-01 -4.03200388e-01
 -1.32090747e-01  2.48237893e-01 -7.42134675e-02 -8.61447632e-01
  4.73762363e-01 -5.37233055e-01  2.12232053e-01  5.28571367e-01
  1.82535738e-01 -1.86836809e-01 -1.26927853e-01  5.09512424e-02
  1.52612090e-01 -1.85964629e-01 -1.84329093e-01  4.22969580e-01
 -2.29341313e-01  2.26301216e-02  5.04482448e-01  1.65389150e-01
  9.82902199e-02 -3.06381434e-02 -3.70443106e-01  3.07672858e-01
 -2.13690158e-02 -1.75011188e-01 -8.14728320e-01 -1.68397203e-01
 -6.69846117e-01  1.15789987e-01  6.15226984e-01  1.75114721e-02
 -4.29243505e-01  5.62646508e-01 -1.70351088e-01  8.91097963e-01
  2.70106524e-01  4.71162826e-01  5.26042402e-01 -1.01900108e-01
 -1.46015212e-01  4.65556413e-01  1.11426368e-01  1.39247924e-01
 -1.97803929e-01 -4.80518281e-01 -1.41790405e-01 -3.80159944e-01
 -4.30925906e-01 -1.05294883e-01 -1.31211266e-01  8.66150022e-01
 -1.17298007e-01 -1.05071090e-01 -8.86020735e-02 -3.38887304e-01
 -2.61299282e-01 -5.80046475e-02 -4.54300120e-02 -4.78907943e-01
  3.12525541e-01  2.26834834e-01 -6.36539400e-01 -4.46528852e-01
  8.86500403e-02  3.68395716e-01 -2.48668656e-01  9.40183282e-01
 -5.58526039e-01 -3.16474199e-01  2.97910213e-01  4.51019078e-01
 -1.07402515e+00  1.29828742e-02  4.86247154e-04  4.11834180e-01
  3.13365579e-01 -4.94157404e-01  2.59256005e-01  3.56339186e-01
  2.30564162e-01  1.03045143e-01  6.44856036e-01  2.65142113e-01
 -2.47644693e-01  4.87953365e-01  4.01362002e-01  4.36599910e-01
  3.12357664e-01  1.46875605e-01 -2.14014605e-01  5.56785762e-01
  1.22893667e+00 -2.67826263e-02  1.28810678e-03 -5.75258434e-01
  1.05961971e-01 -2.91204476e-03  3.11054409e-01 -3.85678023e-01
  4.33442652e-01 -1.18277624e-01 -2.91570544e-01  1.60813645e-01
 -7.25029260e-02  4.13998485e-01  4.70968429e-03 -4.30829793e-01
  3.36559206e-01 -4.92761314e-01  2.82448381e-02 -5.52854419e-01
 -1.86306298e-01 -2.00989917e-02 -6.82114601e-01  3.97153467e-01
  5.63734621e-02  4.08522971e-02  1.56798348e-01 -5.98982811e-01
 -7.96501637e-01  1.13421224e-01  2.78274883e-02  4.85289931e-01
  6.98265061e-02  4.07788187e-01 -1.91256851e-02  1.33014634e-01
  2.97225356e-01 -2.15060953e-02  1.03081562e-01  1.71573520e-01
 -1.31121010e-01 -2.84414679e-01  5.81150353e-01 -2.70970851e-01
  2.74195015e-01 -2.46319801e-01  1.56673074e-01  6.16434067e-02
 -2.60170233e-02  3.48230660e-01  1.17271163e-01 -4.90546934e-02
 -3.14342588e-01  6.52653635e-01 -7.90711701e-01 -6.64200902e-01
 -6.16480112e-01 -1.17326327e-01 -5.15593350e-01 -2.54892409e-01
 -4.16550845e-01  5.43952212e-02 -5.30211806e-01  4.01339978e-01
 -9.04225931e-02 -4.33952630e-01  7.31585398e-02 -4.79508638e-01
  3.59326661e-01  1.97224483e-01 -1.94645122e-01  1.71052217e-02
 -2.69402802e-01  8.62214193e-02 -1.98182613e-01 -5.65648854e-01
 -1.88872859e-01 -3.54779840e-01  4.44142133e-01  3.75066459e-01
  7.66671360e-01 -3.71058345e-01  2.08314702e-01 -4.45646912e-01
  8.60977173e-02 -8.17036331e-01  7.69248456e-02  3.51320356e-01
 -3.56194153e-02 -1.66098416e-01  1.11983135e-01 -3.10074598e-01
 -5.34000635e-01 -6.22278094e-01  4.79826301e-01 -1.23068191e-01
 -3.81958820e-02  1.97971746e-01  2.61708885e-01  1.83784395e-01
 -5.93885005e-01  4.24991667e-01 -3.40074569e-01  1.60141319e-01
 -2.72818029e-01  9.94215533e-02 -4.92255628e-01 -1.91739321e-01
 -1.53679281e-01 -2.74819732e-01 -2.93030590e-01  3.37580182e-02
 -1.70226291e-01  7.82295763e-01  2.69750297e-01 -1.40096873e-01
 -5.41143298e-01 -5.72116487e-02 -5.61044812e-01 -1.29166275e-01
  7.43155122e-01  3.01424980e-01 -4.52632338e-01 -4.04601306e-01
  4.50013041e-01  6.75762653e-01  1.35520339e-01  2.14814499e-01
  8.92589092e-02 -2.07424521e-01 -7.33067617e-02  1.04055308e-01
  3.89632612e-01 -3.18750441e-01  6.55990914e-02  1.19231296e+00
 -1.17146619e-01  5.98960221e-01  9.55635726e-01  5.44395387e-01
 -1.67826998e+00 -3.91641974e-01  1.47798436e-03  1.30741745e-01
 -1.55465066e-01 -1.16698839e-01 -8.08823630e-02  9.40475464e-02
 -8.27659070e-01 -5.04253268e-01  1.09051144e+00  1.15575045e-01
  1.31501377e-01 -3.72791499e-01  3.98138255e-01  3.29233408e-02
  4.50891629e-02 -6.06540740e-01  2.72047132e-01  7.78252006e-01
 -4.68925446e-01 -4.88193221e-02  9.48868021e-02 -3.24022621e-01
 -1.34525299e-01  3.21229577e-01 -3.16337049e-01  2.51150876e-01
 -8.34790051e-01 -1.96822479e-01  6.89413249e-02  9.33955431e-01
  1.29180372e+00  4.05727178e-01 -4.61466789e-01 -4.83234137e-01
 -1.83431745e-01  1.00015514e-01  2.59024471e-01 -8.70351344e-02
 -1.09344102e-01  1.27193689e-01  4.87373739e-01 -3.20596062e-02
  2.22172901e-01 -1.66737363e-01 -1.32942006e-01  3.17806453e-01
 -2.75816202e-01  5.95494866e-01  2.11978033e-01  1.27813131e-01
  3.23974460e-01  3.31538260e-01  7.66826868e-01  6.09129012e-01
  1.79222867e-01 -5.11933386e-01 -3.55118234e-03 -9.23794031e-01
 -5.94412744e-01 -2.40034178e-01 -9.67190489e-02  1.30277455e-01
 -3.99640262e-01 -1.69895098e-01 -1.95181847e-01 -3.73859793e-01
 -1.10854588e-01 -5.88168204e-01 -2.05114901e-01 -2.99755353e-02
  3.70233357e-02 -6.16972983e-01  8.13226283e-01  2.27785066e-01
  7.61696756e-01 -6.16658092e-01 -1.13706803e+00 -4.57379431e-01
 -2.37596110e-01 -4.57825750e-01 -3.20100307e-01 -1.85513869e-01
 -2.29515731e-01  1.11196496e-01 -3.18417341e-01 -6.73927009e-01
 -2.21602336e-01  5.88685088e-02 -6.55642986e-01 -3.78350019e-01
 -1.48760632e-01  7.30361760e-01 -3.65097523e-02  6.32442236e-02
  2.21974254e-01  4.87446129e-01 -8.68142784e-01 -3.37770432e-01
 -1.46214664e-01  2.02308863e-01  4.39344458e-02  3.58733475e-01
  2.62200624e-01  2.86132336e-01  4.01499033e-01  1.97038949e-01
  1.06132023e-01 -1.37743041e-01 -5.15969634e-01 -5.93289256e-01
  9.53447282e-01 -8.15913603e-02  1.39916599e-01  1.91599995e-01
 -7.44230524e-02  7.73496866e-01 -5.61773062e-01 -8.59278023e-01
  4.87609535e-01  2.97745466e-01 -1.38086542e-01  4.55865443e-01
  5.77549815e-01  4.23217088e-01  3.90843302e-01  8.45097601e-02
 -2.76515007e-01  2.23067284e-01  2.01519027e-01  1.33279309e-01
  3.52059215e-01  6.28231913e-02  1.76427588e-02  6.78996623e-01
  4.15868491e-01  6.63650930e-02  1.07721007e+00  5.28899491e-01
 -3.77829343e-01  1.20796980e-02  4.82678950e-01  2.99049854e-01
 -5.17146230e-01  3.97621453e-01 -3.37439507e-01  1.87507376e-01
 -3.26333269e-02  2.22569183e-01  5.19824684e-01 -1.94388524e-01
  3.46271485e-01 -7.45414615e-01 -5.75294614e-01 -6.53049767e-01
 -8.48182738e-01  2.05743983e-01 -4.62834895e-01 -3.37220460e-01
  3.66290301e-01 -2.50895083e-01 -6.35367036e-01  7.55000234e-01
  7.01274455e-01  2.87930593e-02  1.10016897e-01  2.69115239e-01
 -7.33719915e-02  4.13772017e-01 -2.69890875e-01 -6.63285479e-02
  2.50661373e-02  3.47682536e-02 -5.36447287e-01 -7.33136177e-01
  7.86415488e-02  2.48679623e-01  1.83060080e-01 -1.57535583e-01
  5.04047334e-01 -3.35959494e-02 -4.72213358e-01 -2.45352775e-01
 -2.87816465e-01 -2.98260450e-02 -4.14882779e-01 -2.74765026e-02
  9.63166431e-02 -1.06028959e-01  3.53896618e-02  4.74916518e-01
  1.50138795e-01 -3.99721593e-01 -3.32643658e-01  8.00883949e-01
  4.44564342e-01 -1.05853133e-01  1.44554213e-01 -2.01462284e-01
 -3.95758748e-01 -1.20203398e-01  1.63898189e-02 -7.12101236e-02
 -2.09608704e-01 -1.26847610e-01 -1.15579259e+00 -5.63615322e-01
  2.52002478e-02 -7.06640601e-01  4.37087625e-01 -1.16956551e-02
  7.33008742e-01 -3.83739263e-01 -6.87164590e-02 -1.17376678e-01
  2.67198443e-01 -1.68773517e-01  2.39844620e-01 -6.29022717e-01
 -8.16435933e-01  9.99794975e-02  7.74521083e-02 -6.94360316e-01
  1.11573601e+00  7.03531802e-01 -6.90635681e-01  6.14769280e-01
  5.53005159e-01  3.60482901e-01 -1.61894426e-01  1.61296278e-01
 -1.40763208e-01 -4.54352111e-01  1.97117582e-01 -3.16789925e-01
  3.72317046e-01  3.43469024e-01 -2.14494511e-01  7.60695636e-02
  1.80298641e-01  5.86565018e-01  4.35890198e-01  1.29675090e-01
 -4.75987107e-01 -1.92739651e-01 -4.09152061e-01  2.28484273e-01
  1.77847773e-01  2.95332909e-01 -8.87520969e-01  2.95780212e-01
  4.66156721e-01 -9.19750035e-01  6.38210177e-02  7.04369962e-01
  3.57109666e-01  6.62393451e-01 -4.23906557e-02  2.60558426e-01
 -5.48196018e-01  6.80386201e-02  2.34804451e-01 -1.33400872e-01
  1.63578670e-02  2.67415076e-01  6.07450455e-02  2.23846003e-01
  4.69166040e-01 -3.76796544e-01  2.27762952e-01 -2.87558526e-01
  2.12431088e-01 -2.10115805e-01  4.80375648e-01  2.48125166e-01
 -8.25944245e-02 -2.18683198e-01  3.41552585e-01  7.71987259e-01
  7.39031672e-01  2.73281604e-01  9.11938250e-01 -7.18496621e-01
 -7.05155671e-01 -1.74789429e-01  3.21191400e-01  1.36348441e-01
  4.62974101e-01 -2.58111656e-01 -1.37334555e-01  7.52277195e-01
  6.41154826e-01  4.12623677e-03 -4.81312066e-01 -5.00517607e-01
  3.66972655e-01 -5.30138254e-01 -5.77765778e-02  2.19853371e-01
  3.30424547e-01  4.32010472e-01  7.65517116e-01  2.92407453e-01
 -9.45353732e-02  8.79786551e-01  2.12729037e-01 -1.42062649e-01
  1.03762209e-01  1.58136964e-01  4.46179183e-03  8.95058513e-02
  3.23258340e-01  1.36007577e-01 -4.35149133e-01  8.35486412e-01
 -3.74740899e-01 -1.31133512e-01 -6.71191216e-01  1.26324356e-01
  4.33586597e-01 -3.72951537e-01  1.45223677e-01 -6.10945046e-01
 -1.69614539e-01 -5.45045376e-01 -9.75249231e-01 -1.89746499e-01
 -5.56456298e-02  8.49890858e-02 -5.49978912e-02 -1.29346743e-01
 -6.49682164e-01 -7.52420902e-01 -6.17382936e-02  2.36525238e-02
 -8.50414097e-01 -6.97885513e-01  4.98856932e-01  1.43545479e-01
 -4.41159159e-02 -1.50195539e+00  6.31375909e-01  9.69351362e-03
  8.32421124e-01 -8.72243047e-02  5.30750990e-01 -2.11050898e-01
 -2.41971403e-01 -1.67467460e-01 -3.99953127e-01  1.12231776e-01
 -1.00346336e+01  4.55579847e-01 -1.16390549e-01 -6.31056190e-01
 -1.22162156e-01 -2.01925635e-02  8.68137896e-01  7.52472460e-01
 -1.83003202e-01  1.34782746e-01 -9.73465070e-02  9.74884927e-02
  4.56096269e-02  1.63631707e-01 -2.73651779e-01 -3.43795449e-01
 -4.24158305e-01 -3.49126875e-01  5.31329364e-02  1.15124106e-01
 -6.26486123e-01 -4.84989077e-01  4.31291103e-01  1.05775960e-01
  1.45779103e-01 -2.70539910e-01 -1.57117948e-01  1.82940036e-01
 -3.97707969e-02  4.37644571e-01 -8.50439608e-01  4.65572447e-01
 -8.45106989e-02  1.19136795e-01 -2.89523482e-01  5.75840890e-01
  3.72167118e-02  3.85308683e-01  3.11250966e-02  8.96248519e-02
  3.67806524e-01  1.88829958e-01 -2.36845851e-01  4.48492356e-02
  1.81413159e-01 -5.44901490e-02  5.02706349e-01 -7.99727812e-02
  9.43412006e-01 -2.76128918e-01 -1.61216095e-01 -8.11537206e-02
  1.43149704e-01  2.87773386e-02  4.47222948e-01 -6.66476712e-02
  5.20835578e-01 -4.71732229e-01  2.05351755e-01 -5.04164547e-02
  1.73646837e-01  3.20107609e-01  2.75486171e-01  1.07672417e+00
  4.56274122e-01  2.04708472e-01 -3.01561668e-03  2.27824971e-01
 -8.44179928e-01  3.12729955e-01  5.76669164e-02  6.24740243e-01
 -2.49056190e-01  3.32588702e-01  1.88772231e-01  4.92160767e-01
  4.51239124e-02 -1.47628367e-01  9.78325605e-02 -3.59121740e-01
  4.53637153e-01 -7.23876357e-01  1.80109844e-01  6.21484101e-01
 -3.10626328e-01  2.80472219e-01  2.93616146e-01 -3.37920964e-01
  9.26949605e-02 -7.59903967e-01  5.06849766e-01 -2.92546540e-01
 -5.44286609e-01  2.03327000e-01  1.20504670e-01  1.44687556e-02
 -2.13957325e-01 -4.91808243e-02  4.83002901e-01 -2.58737773e-01]"
ノ,"[ 1.23113811e-01  4.49260980e-01  3.88404280e-01  4.12229039e-02
  7.58494586e-02  5.55812836e-01  2.30610564e-01  1.55199990e-01
 -4.04612541e-01 -4.64430183e-01  3.74848321e-02 -1.54315770e-01
 -2.07908779e-01  6.23014152e-01  7.49955997e-02 -3.30402814e-02
 -2.26855040e-01 -1.62437931e-01 -3.13676387e-01 -2.00981289e-01
 -4.48760957e-01 -3.97047579e-01 -4.97110158e-01  4.76455122e-01
 -2.80899405e-01 -7.96614587e-02 -1.04049891e-02  1.68051675e-01
  2.50054508e-01 -1.14886917e-01 -9.53003466e-02 -4.02071178e-01
 -5.61126232e-01  1.01643596e-02 -6.13143682e-01 -8.41822997e-02
 -4.24341589e-01 -1.15477450e-01  2.67024755e-01  2.16015093e-02
 -1.81246996e-02 -1.73579127e-01 -3.49012285e-01 -3.33618551e-01
 -7.02253431e-02  4.09980029e-01  2.20420837e-01  3.00006866e-01
  2.42361739e-01  4.48936149e-02 -3.21125537e-02  3.01297307e-01
  1.92337692e-01  8.26527849e-02  4.47368920e-01 -5.93059182e-01
  8.80979478e-01 -8.07471931e-01  2.13088438e-01  5.51424801e-01
 -6.56773627e-01 -3.90758187e-01  1.43242121e-01  2.11935133e-01
 -9.31481495e-02 -2.19872966e-01  3.20592284e-01 -2.26815380e-02
  1.36021286e-01 -7.62172818e-01  2.12349832e-01 -1.27141982e-01
 -6.43603504e-02 -1.57820612e-01  2.64960796e-01 -7.73804367e-01
  3.08751792e-01 -1.34795398e-01 -9.22530517e-02  4.32345748e-01
 -6.07732952e-01  8.60530555e-01  1.02429159e-01 -4.22151029e-01
 -2.94526704e-02 -1.23188280e-01 -6.46335602e-01 -8.16068292e-01
  4.59982216e-01 -2.75368243e-01  2.81266272e-01  3.78872514e-01
  1.45803541e-01  7.60105848e-01  1.65413618e-02  4.40185964e-02
  3.51011038e-01  3.87873113e-01  8.99581686e-02  3.23933095e-01
 -4.62004006e-01 -5.34325987e-02  5.84278762e-01 -8.37862790e-01
 -1.35014057e-01  4.42395322e-02 -4.43261951e-01  4.66958582e-01
  1.38552159e-01  4.95200753e-02 -2.71311730e-01 -2.95672476e-01
 -3.43964279e-01  2.89145172e-01  2.78231651e-01  3.83880287e-01
 -2.12855288e-04  3.52657884e-01 -2.96841830e-01  4.20441896e-01
  1.40269235e-01  6.62803769e-01  1.09529132e-02 -2.49316245e-01
 -7.61166990e-01 -1.78450748e-01  2.51341045e-01  2.48560891e-01
  4.15656120e-02 -8.78526211e-01  1.42715305e-01 -3.67501788e-02
 -5.65640450e-01 -1.95349798e-01 -3.72287840e-01  6.86625242e-01
 -3.80434580e-02  1.79914564e-01 -1.07767247e-01 -4.58080381e-01
 -6.97997212e-01  2.59056240e-01 -1.68051690e-01 -4.91655879e-02
 -2.13580102e-01 -9.60002318e-02 -1.39121320e-02  1.98626667e-01
  6.02209568e-01  5.10934234e-01 -1.99028850e-01  1.08309150e+00
 -4.65114534e-01  3.38232853e-02  3.89487773e-01  1.73709512e-01
 -5.13961792e-01 -8.78164452e-03  2.31831729e-01  5.93233228e-01
  5.72017312e-01 -4.90951926e-01  3.55887771e-01  9.36181843e-01
  4.92500840e-03  2.35442325e-01  4.68925864e-01 -1.16490021e-01
  3.04736435e-01  5.32806814e-01  5.97709119e-01  5.41073382e-01
  5.92143834e-02 -2.41891831e-01  1.00824591e-02  5.17738283e-01
  7.23901451e-01  8.04607421e-02  1.66189998e-01 -5.36121488e-01
  7.83840641e-02 -6.55987710e-02 -9.39969718e-03 -8.04161727e-01
  2.19759196e-01 -3.05725276e-01  1.52500451e-01 -8.31784010e-02
 -2.19059780e-01  4.82337968e-03 -2.45514527e-01 -1.42656997e-01
  1.65396035e-01 -1.80536762e-01  2.26214379e-02  2.52815306e-01
  1.00860395e-01 -7.36695156e-02 -3.12549770e-01  2.79089343e-03
 -2.68920720e-01  9.18744355e-02 -8.30516815e-02 -1.10109758e+00
 -9.53852296e-01  1.03881106e-01  5.31826556e-01  4.94676471e-01
  3.65183890e-01 -9.52106789e-02 -2.39994168e-01  2.04554543e-01
  7.21654952e-01  1.95283428e-01  4.75211233e-01  4.69315678e-01
 -5.75710177e-01 -1.04978181e-01  1.77905098e-01  3.13063949e-01
 -9.79202688e-02  8.28086808e-02  4.22740579e-02 -8.02398846e-02
 -9.45495218e-02  8.08014631e-01  1.93626329e-01 -1.15061909e-01
  5.42823086e-03  7.24072158e-01 -7.91777432e-01 -2.52511680e-01
 -5.10340989e-01 -2.52442151e-01  4.33612178e-04 -1.39367178e-01
 -5.12304783e-01  5.12993574e-01 -8.56382102e-02 -2.78315190e-02
 -4.14654672e-01 -2.26634517e-01  5.57317138e-01 -5.89458108e-01
  2.18611151e-01  2.76710242e-01 -1.29829556e-01  3.41493078e-02
 -5.82733810e-01 -1.07430205e-01 -4.65020955e-01 -5.12474656e-01
  9.52655450e-02 -2.72701353e-01  8.77055287e-01  3.07052471e-02
  7.11751580e-01 -1.73607394e-01  1.39930546e-01 -2.33707801e-01
 -1.70010328e-01 -4.66006249e-01 -3.89308721e-01 -3.20064992e-01
  3.61925870e-01  2.42260829e-01  5.45590460e-01 -2.52547652e-01
 -1.68000793e+00 -8.29514936e-02  9.01246294e-02 -5.90021551e-01
 -1.16623260e-01 -1.34414792e-01 -1.57002702e-01 -3.50256592e-01
 -7.30955303e-02  7.53961086e-01 -6.83084846e-01 -1.34672865e-01
 -2.11008042e-01  4.07173544e-01 -4.59838241e-01  6.23786785e-02
  1.15388535e-01  4.10698295e-01 -1.90829471e-01 -6.96349680e-01
 -3.93040687e-01  1.79575663e-02  1.43006444e-01  1.85511503e-02
 -4.81871307e-01 -1.48434574e-02 -4.17085320e-01  2.82912433e-01
  1.63787574e-01 -4.43290174e-01  3.41521949e-01  3.08568865e-01
  6.14660859e-01  5.54905236e-01  5.43033540e-01 -1.67243108e-01
 -6.71458781e-01  2.20170617e-01  1.89688981e-01 -3.02759826e-01
  5.59830368e-01 -5.56518137e-01  3.51618409e-01  3.42310756e-01
 -3.35783273e-01  2.90837556e-01  6.45881951e-01 -3.10758837e-02
 -1.57252991e+00 -2.52801150e-01  3.62301499e-01  2.08795875e-01
 -3.81751925e-01  1.31960496e-01  1.57625541e-01  3.44234735e-01
 -5.06384075e-01 -2.88007140e-01  5.49816430e-01  1.96436539e-01
  2.62163132e-01 -1.87219411e-01  5.82617044e-01 -5.04882991e-01
  3.97969894e-02 -6.78749979e-01 -1.71617232e-02  4.86107826e-01
 -2.34532297e-01 -1.44409791e-01  2.65208751e-01 -3.78248841e-01
 -2.67185420e-01  4.09802943e-01 -1.96832940e-01  5.28481901e-02
 -2.97440588e-01 -4.00130190e-02  2.80279517e-01  1.49727285e+00
  5.00847161e-01  6.12199247e-01 -3.23981762e-01 -3.65001798e-01
  2.64122099e-01  1.23170167e-01  3.43326449e-01 -3.92052352e-01
 -1.27428100e-01 -3.56435657e-01  2.99845319e-02 -6.09694757e-02
  1.71967726e-02 -1.90320536e-02 -2.85898656e-01  1.66258633e-01
 -4.61461455e-01  2.69408196e-01  4.63846594e-01  3.98641117e-02
  2.29337320e-01  6.74637556e-01  5.30179381e-01  2.00344041e-01
 -2.47796908e-01 -5.39353251e-01 -6.30355719e-03 -5.17817616e-01
  3.77795935e-01  3.54310274e-02 -2.08152793e-02  3.71635914e-01
 -3.01368773e-01  1.76991686e-01  3.63877625e-03 -2.82759398e-01
  3.79030369e-02 -5.90867937e-01 -3.02749813e-01 -1.49082586e-01
  7.98156932e-02 -3.84007663e-01  2.99143672e-01  4.65351671e-01
  5.44371367e-01 -3.98653477e-01 -3.92270029e-01  9.72675309e-02
 -9.83534157e-02  1.27100050e-01  7.17663020e-02  2.14128464e-01
 -4.05843407e-02 -1.31443769e-01 -5.32420456e-01 -4.54500645e-01
 -6.07447386e-01 -9.98709500e-02 -4.86487567e-01 -2.52065331e-01
  2.66220659e-01  6.39294863e-01 -6.12208340e-03 -2.62565445e-04
  2.04694018e-01  2.40642652e-01 -4.27702397e-01 -5.29126644e-01
 -2.38432959e-02  3.13135058e-01  5.64491034e-01  3.77767503e-01
  5.96675158e-01  1.17585137e-01  3.22405636e-01 -3.39446403e-02
  1.58558324e-01  3.65950882e-01 -3.81578386e-01 -2.99306184e-01
  1.03000677e+00 -4.18948561e-01 -1.96306072e-02 -1.87338233e-01
  1.94606170e-01  7.99240828e-01 -2.15115011e-01 -7.93520927e-01
  4.18662280e-01  4.26677354e-02  2.31191576e-01  6.34077966e-01
  4.24195170e-01  1.04574716e+00  2.88774312e-01  4.17648017e-01
  3.80794793e-01 -2.01076746e-01  1.47980750e-01 -3.86171550e-01
 -5.57927750e-02 -1.40444979e-01  3.92957896e-01  7.64117658e-01
  3.73838156e-01  2.85865635e-01  3.53921093e-02  4.45983082e-01
 -5.20824790e-01  1.52594760e-01  3.83240670e-01 -2.02982485e-01
 -5.34681618e-01  2.18737781e-01 -9.72753882e-01 -8.20762157e-01
 -1.42118096e-01 -1.54181104e-02  4.62866515e-01  8.17298517e-03
  3.94206733e-01 -5.85130751e-01 -7.57343411e-01 -4.78797048e-01
 -9.84368324e-01 -6.97788373e-02  5.17299473e-02 -1.90207765e-01
  5.90698004e-01  3.00529271e-01 -9.81938839e-01  4.61364597e-01
  3.21069539e-01  4.84507680e-01  1.78513914e-01 -3.84794921e-01
 -3.21662426e-01  8.44351947e-01 -5.01440942e-01 -4.16651845e-01
  7.50177801e-01 -7.43482336e-02 -6.99120983e-02 -3.65538716e-01
 -2.01956391e-01  1.56544775e-01  4.73310828e-01 -1.82083428e-01
  2.54827708e-01 -2.31193323e-02 -4.22174037e-01 -2.79205352e-01
 -2.62507737e-01 -3.16567719e-01  2.97977895e-01 -8.84693801e-01
 -2.04450682e-01 -2.52627939e-01 -1.21887743e-01  6.88534558e-01
  6.42952502e-01 -2.15195671e-01  9.18591321e-02  7.15314806e-01
  1.78813905e-01 -2.66066790e-01 -3.31308916e-02  7.55949542e-02
 -3.62432927e-01 -2.60648489e-01  1.19486786e-02  3.90239060e-01
  2.84600645e-01  3.44783872e-01 -7.18457520e-01 -3.53507429e-01
 -1.42467782e-01 -7.82932281e-01  4.00694132e-01  1.92137603e-02
  5.24908721e-01 -9.15139794e-01  1.73386246e-01 -1.48684144e-01
  3.27598691e-01  1.39680013e-01 -2.00174563e-02 -7.63090774e-02
 -1.40753603e+00  5.34817576e-02 -4.91853833e-01 -7.90289640e-01
  5.31877756e-01 -2.84822911e-01 -6.91955984e-01  2.17893630e-01
  1.76820919e-01 -9.17976275e-02  9.21580791e-02 -3.85496318e-02
 -4.90076423e-01 -4.22873162e-02  4.48101699e-01 -1.26145676e-01
 -1.06432103e-01  4.72065836e-01 -3.87865245e-01  3.98647003e-02
  6.03585422e-01  5.24963677e-01  1.71705201e-01  1.21528871e-01
 -7.35646188e-02  5.01642190e-02 -7.86901593e-01  1.55635715e-01
  8.70108232e-02  4.39944237e-01 -3.94597560e-01  2.23512560e-01
  6.52563274e-01 -3.68132114e-01 -5.19896671e-02  8.49521458e-01
  1.55818611e-01  6.38476849e-01  1.11140544e-02 -2.35162959e-01
 -8.81849945e-01  4.97459799e-01  4.13625896e-01  2.62266725e-01
 -3.03950429e-01  2.89349884e-01 -1.05225965e-01 -4.88278657e-01
  2.41197437e-01 -6.67811558e-02 -6.48341775e-02  4.65491861e-01
  4.32802051e-01  1.59918487e-01  7.77037919e-01  6.60133779e-01
 -3.09938699e-01  4.00959253e-01  1.44314617e-01  2.56775558e-01
  9.15910959e-01 -6.73000142e-02  5.17660499e-01 -3.36589038e-01
 -7.84148991e-01  2.95045078e-01  1.96931988e-01  3.56830567e-01
  1.17378509e+00  1.39682159e-01 -3.98816109e-01  5.46224952e-01
  8.05906475e-01 -7.51746744e-02  1.15499027e-01 -4.92774248e-01
 -5.36334105e-02 -8.12551901e-02 -2.03518867e-01 -7.50195608e-02
 -6.83854148e-02  8.23175758e-02 -1.19391821e-01  1.93659291e-01
 -2.46352330e-01  4.71951336e-01 -4.20903563e-01 -3.07816327e-01
  3.75900447e-01 -2.96159741e-03  3.02026123e-01 -5.33858947e-02
  4.79073226e-01 -3.20880771e-01 -2.08250985e-01  4.28363711e-01
 -4.07904178e-01 -4.38894421e-01 -5.32719642e-02  3.54732394e-01
 -3.68370116e-02 -5.23723802e-03  9.40156654e-02 -3.61226708e-01
 -2.11391807e-01  2.54273117e-01 -5.56930721e-01  3.65894824e-01
 -6.42438754e-02  2.67786860e-01  1.88380986e-01  4.71253060e-02
 -4.17745918e-01 -2.76442826e-01 -5.47187746e-01  1.43008962e-01
 -3.96871269e-01 -6.32258832e-01  4.64212120e-01 -1.83759145e-02
 -3.48539829e-01 -1.56650519e+00  6.56196892e-01 -1.74322262e-01
  3.85934293e-01 -1.87943995e-01  1.42567590e-01 -5.21857180e-02
  2.90188640e-02  1.42841697e-01 -4.49915349e-01 -3.34871858e-02
 -1.01067724e+01  3.11617330e-02 -7.10338235e-01 -5.03866792e-01
 -2.64388956e-02  1.03408713e-02  8.33916724e-01  5.29698193e-01
 -3.99114966e-01  1.70718711e-02 -4.22287047e-01  2.25666061e-01
  2.73504108e-01  5.72039843e-01 -4.24214043e-02 -3.59833062e-01
 -3.35964322e-01 -5.06882787e-01 -9.67234299e-02 -3.82920861e-01
 -6.20862655e-02 -6.16059639e-02  8.08233559e-01  1.75922617e-01
 -1.41766801e-01 -4.45674956e-01 -3.42614204e-01  3.71506095e-01
 -1.45561367e-01  1.72550425e-01 -1.12354136e+00  9.02729630e-01
 -3.65799874e-01 -3.82174015e-01 -4.52700913e-01  2.52111197e-01
 -1.03344508e-02  2.84253508e-01 -5.91973849e-02  6.01249099e-01
  2.94511944e-01  6.63701892e-01 -1.59801975e-01 -3.01804602e-01
  1.33111045e-01  4.78138477e-01 -1.13877743e-01  2.86380202e-01
  2.44580165e-01 -1.81336150e-01  1.40264288e-01 -3.99034947e-01
  2.80913800e-01 -1.46982849e-01 -1.33303432e-02 -1.94240063e-01
  7.76720881e-01 -7.87925303e-01  3.11534498e-02  1.07299186e-01
  2.39278749e-01 -1.93022102e-01  4.25227582e-01  2.08171546e-01
 -3.23789686e-01  4.72927004e-01  1.39993340e-01  2.36181840e-01
 -7.69515574e-01 -2.41971061e-01  3.64501327e-01  1.33696809e-01
  1.55698970e-01  1.74356505e-01 -2.46817935e-02  5.74505568e-01
 -1.88891619e-01  4.66608964e-02  7.75435716e-02  2.81894326e-01
  4.17148203e-01 -4.69411433e-01 -6.45520866e-01  1.39159366e-01
 -1.64156571e-01  4.06951696e-01 -1.34477422e-01  3.28823775e-01
  7.53167793e-02 -4.62564290e-01  3.39626253e-01 -4.55998957e-01
 -6.29896760e-01 -1.37135521e-01 -4.55033481e-02 -3.14345300e-01
  2.21978888e-01  2.28932858e-01  3.69276494e-01  4.94382977e-01]"
ス,"[-8.27001184e-02  1.63342103e-01  5.93598664e-01 -4.62302208e-01
  1.39666408e-01  4.56351250e-01  7.61629939e-02  2.59100925e-02
 -4.73271191e-01 -3.88588995e-01  6.81214273e-01 -1.50779635e-01
 -3.54535431e-01 -9.40122604e-02  6.22866303e-02 -3.12688291e-01
  3.12589481e-02  7.28805289e-02 -1.20578714e-01 -2.19176665e-01
 -6.03414237e-01 -4.61069584e-01 -5.29229939e-01  2.90642977e-01
  4.16784734e-01 -5.71440458e-01  5.79594634e-02  9.08421203e-02
 -1.87915593e-01 -2.31751770e-01 -2.49037400e-01 -2.90077150e-01
 -1.23094946e-01  1.20979354e-01 -7.58971572e-02  1.95404500e-01
  2.59778887e-01 -2.45712981e-01  6.92536771e-01 -3.22994590e-02
  1.64376587e-01  1.92307159e-01 -5.07204942e-02 -7.47006619e-03
 -3.64935666e-01  3.64705354e-01 -1.93177687e-03  1.73920721e-01
  8.81137133e-01 -2.56510437e-01 -2.08128855e-01  5.57290673e-01
  5.11284694e-02  7.40488246e-02  3.74118179e-01 -6.09033518e-02
  6.34784281e-01 -6.74849331e-01 -1.89263523e-01  3.71107429e-01
 -6.15525424e-01 -1.29825175e-01  2.36713454e-01  2.93509901e-01
 -6.80344971e-03  2.00853292e-02 -1.40845224e-01  3.13157022e-01
 -3.63625765e-01 -3.74101967e-01 -2.89027616e-02  2.29789510e-01
 -2.33225048e-01  5.15499413e-02  7.71711886e-01 -1.92841645e-02
  6.20999753e-01  3.08780402e-01 -1.01851031e-01 -3.33153009e-01
  1.18019514e-01  6.12170875e-01 -1.09355398e-01 -3.22954148e-01
  1.14678450e-01  4.95060086e-01 -7.95543551e-01 -3.74151975e-01
  4.90665376e-01 -4.09927249e-01 -4.65092778e-01  3.34067941e-01
  1.28811210e-01  2.10879028e-01  4.34034258e-01  1.96141563e-02
  2.00806320e-01 -3.12423885e-01  1.56066027e-02  3.16706479e-01
  3.71354461e-01 -2.64626116e-01  1.52322873e-01 -4.29974794e-01
 -3.91734429e-02  3.12481612e-01 -5.53329848e-02  3.26177090e-01
 -1.53890491e-01  2.46150643e-01  8.13657716e-02 -6.54744804e-01
 -1.86262935e-01  1.57720327e-01  1.66823789e-01  5.29426187e-02
 -2.33325869e-01  8.61796662e-02 -5.84478259e-01  6.77337885e-01
 -1.53294399e-01  3.80000055e-01 -2.04017878e-01 -5.01036108e-01
 -2.11584587e-02  2.49684915e-01  1.29481822e-01 -9.39929187e-02
 -6.35142550e-02 -4.91160572e-01  8.79260823e-02 -4.71736670e-01
 -4.52528149e-01  1.78366359e-02 -4.23741877e-01  9.01239514e-01
  3.47908884e-02  5.04967153e-01 -1.41491860e-01 -8.35286200e-01
 -5.62614739e-01 -3.31854671e-01  1.55061543e-01 -2.73114830e-01
  3.05486530e-01  3.63342732e-01 -2.06677448e-02 -1.58075765e-01
  4.85764928e-02  3.67524832e-01 -3.38623106e-01  1.16163766e+00
 -5.64561903e-01 -2.14346528e-01  6.86940849e-01  1.11800686e-01
 -3.19588095e-01  2.53409863e-01  2.47347295e-01  4.60937053e-01
  6.02471232e-01 -4.03585523e-01 -5.60598932e-02  6.13694414e-02
  4.71612625e-02  9.34124827e-01  7.51462936e-01 -2.18281569e-03
  6.35430157e-01  9.73549485e-01  6.28125846e-01  7.84503043e-01
 -1.47292390e-01 -1.67959839e-01  2.24710479e-01  5.69403827e-01
  1.02987796e-01  1.34540722e-01  2.51237899e-01 -1.06120908e+00
 -5.79498529e-01  1.98104754e-01 -3.09981078e-01 -4.08840954e-01
  1.15252674e-01 -2.18043432e-01  7.50891790e-02  3.90774518e-01
 -4.79872711e-02 -2.16506392e-01  9.83166974e-03 -6.45426512e-01
  7.88497090e-01 -2.19254985e-01 -1.61468968e-01 -2.80024767e-01
 -2.24687785e-01 -2.75189221e-01 -6.81288183e-01  2.74771601e-01
  7.68482462e-02  1.74575031e-01 -6.01283610e-01 -5.14822423e-01
 -3.21567833e-01 -6.13715500e-02 -9.76576060e-02  1.54030338e-01
 -1.25701547e-01 -7.69209415e-02 -2.05868930e-01  2.21646965e-01
  1.24845989e-01  4.50567305e-02  4.86288011e-01 -6.24157153e-02
 -1.12259829e+00 -6.49003461e-02  2.85488933e-01 -1.19642980e-01
  2.86041379e-01  2.34145582e-01  3.26081723e-01 -1.45364583e-01
 -1.88289583e-02  2.04029962e-01  4.24419552e-01 -7.35670447e-01
  3.84145379e-01  4.47795302e-01 -4.05372798e-01 -4.96373236e-01
 -9.50230300e-01 -1.39663279e-01 -3.36346000e-01 -1.42353296e-01
 -7.35390633e-02  8.26594114e-01 -4.18664038e-01  3.10891330e-01
 -1.30948037e-01 -1.25859410e-01 -6.28867745e-02 -3.98941904e-01
 -7.40968287e-02 -3.59716942e-03 -9.90840569e-02  1.63452029e-01
 -9.04866457e-01  1.25497475e-01 -7.41978884e-01 -4.45683181e-01
  5.50313532e-01 -1.52108923e-01  6.13865614e-01  3.73962551e-01
  1.64082706e-01  4.65237387e-02  5.74956894e-01  1.25275135e-01
 -6.62147179e-02 -3.91418904e-01 -1.91082418e-01 -2.95155764e-01
 -2.22519413e-01  3.60417485e-01 -8.19627047e-02 -4.87602532e-01
 -3.77324849e-01 -3.97049934e-01  7.93973505e-01 -3.30920726e-01
 -1.99240044e-01 -4.38617542e-02 -2.20602542e-01  6.02884367e-02
 -2.08334655e-01  9.71218050e-01 -6.35405302e-01  3.39508206e-01
 -7.64667809e-01  7.81402230e-01 -6.48694098e-01 -4.56383079e-02
  2.24111199e-01 -8.61245543e-02 -1.01245821e-01 -5.84852636e-01
 -5.16110897e-01  5.77920854e-01  4.38748807e-01 -1.92143563e-02
  1.90757379e-01 -6.06620014e-01 -6.51343167e-01  8.33741650e-02
  2.93645054e-01  4.82644439e-01  3.24188583e-02  2.64555454e-01
  1.20133599e-02  1.83336541e-01  2.69874692e-01 -1.65080547e-01
 -1.77530289e-01 -3.71824294e-01  5.38991868e-01 -1.73495207e-02
  9.36963335e-02 -7.93663323e-01 -3.87240589e-01  1.04287386e+00
 -6.89307868e-01  3.32893163e-01  5.45411229e-01  2.85485834e-01
 -1.32172060e+00 -3.27341072e-02  2.27806628e-01  3.58317822e-01
 -2.52290219e-01  6.64008737e-01  4.27133083e-01  4.10969585e-01
 -9.74254981e-02 -8.58964622e-02  4.52565372e-01 -1.47355705e-01
 -6.37311459e-01 -3.91739309e-02  8.84404927e-02 -2.16014683e-01
  3.80623877e-01 -3.02017838e-01  3.14069949e-02  5.97538829e-01
 -1.22898316e+00 -8.93310681e-02  7.24627599e-02 -4.73775268e-01
 -2.76165277e-01  2.32858509e-01  1.73251182e-01 -3.66818577e-01
 -3.29011381e-01 -3.05366576e-01  2.90938616e-01  6.41918361e-01
  9.38266277e-01  7.90097177e-01 -6.49930120e-01 -1.31817579e-01
  6.65233612e-01  7.17198127e-04  2.00858459e-01 -2.85483181e-01
 -8.27966705e-02 -5.86195989e-03  1.02331483e+00 -1.57175008e-02
 -1.07252680e-01  2.31342882e-01  3.86256650e-02  2.93074131e-01
 -2.48002335e-01 -2.10076571e-01  5.22578478e-01  1.76734224e-01
  3.93994123e-01  3.75230670e-01  8.43453705e-01 -2.64873356e-01
 -7.31941238e-02 -5.53715229e-01 -1.40874460e-02 -6.69813752e-01
  1.50581859e-02 -2.82478929e-01 -4.25761878e-01 -1.22450300e-01
 -6.72025979e-01 -3.87929797e-01 -2.30829686e-01 -2.62557864e-01
  1.71673611e-01 -7.71194041e-01 -7.93166101e-01 -2.38081843e-01
 -4.28030610e-01 -8.72411966e-01  3.22457850e-01  1.90450829e-02
  2.86738485e-01 -7.89294362e-01 -1.14390105e-01  2.27447286e-01
 -2.91917473e-01 -7.54761472e-02  9.78571698e-02  1.66356429e-01
 -5.21417439e-01  5.13291836e-01 -2.53087550e-01 -2.18490779e-01
 -4.83996242e-01  1.05644728e-03 -8.32036257e-01 -2.40033507e-01
 -2.95373000e-04  1.87055409e-01 -5.74543893e-01  1.96896151e-01
 -1.99150264e-01  1.45853877e-01 -2.63868570e-01 -3.54659617e-01
 -1.95052713e-01 -2.16017038e-01  4.67073500e-01 -6.02985360e-02
  8.71844769e-01  1.12997554e-01  6.53106421e-02  2.19257161e-01
 -3.51746269e-02  7.63722420e-01 -6.62873805e-01  2.43983287e-02
  3.76019478e-01 -1.52088687e-01  1.33473337e-01 -4.44055498e-02
 -1.73657313e-01  1.36809990e-01  2.39638090e-02 -9.33094472e-02
 -5.53176284e-01  8.55219737e-02 -9.22085643e-02  2.69308239e-01
  6.45415843e-01  7.83851862e-01 -4.21919137e-01  2.94933587e-01
  8.56478214e-02 -7.84803748e-01  2.86621988e-01  9.52172726e-02
 -4.34654415e-01 -3.43698859e-01  3.91492695e-01  4.79394734e-01
  5.13689935e-01  5.44372089e-02  2.08625481e-01  4.29573715e-01
 -3.75571609e-01  6.99665129e-01  7.69119859e-02  8.84451792e-02
 -2.09943935e-01 -2.83574969e-01 -5.15874088e-01  1.01921791e-02
 -6.69235826e-01 -1.75135918e-02  5.95354855e-01  2.87290871e-01
  5.50181270e-01 -4.79285747e-01 -6.52187884e-01 -5.79864323e-01
 -6.14315629e-01  2.92150736e-01 -9.80795478e-04  7.97012448e-02
  4.44883287e-01  9.98178869e-03 -9.19725060e-01  6.83195472e-01
 -3.61178935e-01  5.35026670e-01  4.99599159e-01 -1.14066017e+00
 -1.50562242e-01  4.25231338e-01 -5.86354375e-01  2.48917356e-01
  1.28559723e-01  8.12497199e-01 -4.05812174e-01 -3.09080362e-01
  6.84269011e-01 -2.23376811e-01  2.08546683e-01 -5.09666860e-01
  4.47512805e-01 -1.17661104e-01 -8.95741820e-01 -1.62817910e-01
 -2.43858054e-01 -3.31045538e-02 -1.72476634e-01 -2.24157929e-01
  1.68140575e-01  1.47297397e-01  9.60498512e-01  4.32784081e-01
  5.03936648e-01 -6.50144100e-01  1.99210793e-01  9.54011232e-02
  4.59796518e-01 -2.32050851e-01  3.26407515e-02 -2.32136175e-01
  7.57596642e-02  4.75449502e-01  6.28572822e-01 -1.75050214e-01
  2.04981789e-01 -2.46754169e-01 -1.07313275e+00 -1.17109075e-01
 -3.07534993e-01 -6.07551754e-01  4.23925728e-01 -7.76286349e-02
  5.11574686e-01 -5.03097951e-01 -4.56412546e-02 -7.52580464e-01
  5.34262896e-01  8.84707794e-02  1.40701905e-01  8.16794559e-02
 -6.36810482e-01  1.77846532e-02 -6.76690102e-01 -3.86613846e-01
  6.56853676e-01  3.77005130e-01 -8.19551647e-01 -3.84059221e-01
  1.08006999e-01  3.56527507e-01 -6.88344598e-01 -7.00520515e-01
 -1.21464491e-01  2.47884020e-01  3.80952060e-01  3.55397850e-01
  9.49756131e-02  2.72381693e-01 -2.80793369e-01  2.41759941e-01
  9.32917356e-01  4.16473091e-01  1.76811442e-01  1.29151270e-01
 -1.89176038e-01 -4.02310602e-02 -7.17557490e-01  6.53312206e-01
  5.33540845e-01  4.07055587e-01 -1.74018554e-02  3.73408377e-01
  7.75942922e-01 -4.44265366e-01  2.54248530e-01  1.00993288e+00
 -7.51323327e-02  4.45622474e-01 -6.24502935e-02 -3.27790618e-01
 -6.64840758e-01  3.88521791e-01 -3.22251648e-01 -2.12539211e-01
  3.15764457e-01 -7.21098185e-02  5.51570915e-02 -3.86497080e-01
 -5.22980280e-02  2.55856574e-01  6.21364057e-01  4.89157379e-01
  2.91212946e-01 -4.91629820e-03  6.14897907e-01  7.91245401e-02
 -4.08913761e-01 -2.09054902e-01 -9.94897112e-02  1.85098909e-02
  1.03913164e+00  3.36266190e-01  5.09573102e-01 -1.90455422e-01
 -1.27775979e+00  3.78383309e-01 -1.59254313e-01  2.49097887e-02
  5.04943252e-01 -9.03396979e-02 -1.48149103e-01  9.69685167e-02
  3.38519812e-01 -1.13834471e-01 -4.47569191e-02 -7.11608469e-01
 -2.29977787e-01 -2.19235029e-02 -6.04494572e-01  3.80880982e-01
  3.80402178e-01  5.11610568e-01 -1.41658276e-01 -5.57098866e-01
 -3.71441931e-01  7.60142326e-01 -2.48325229e-01 -6.37696028e-01
 -5.66601753e-02  2.36148581e-01 -1.23353653e-01  2.88233459e-01
 -1.09473847e-01 -5.72251856e-01  1.33803561e-01  8.27727243e-02
 -8.99930477e-01  1.17340393e-01  4.51454878e-01  3.27707350e-01
  4.00613308e-01 -1.53518870e-01  3.88096576e-03 -4.44698155e-01
 -1.06500931e-01  3.09937000e-01 -8.34463418e-01 -3.15910399e-01
 -2.21758932e-01 -1.13977129e-02  4.04080041e-02  2.64832880e-02
 -5.98565303e-02 -9.73303244e-02 -5.93957901e-01  1.17098995e-01
 -4.92727697e-01 -2.71768391e-01  1.78671569e-01  1.48278385e-01
 -5.30964851e-01 -1.41770816e+00 -7.21718669e-02  3.41295630e-01
  2.75005251e-01  7.69899487e-02  1.54719204e-01 -1.32020354e-01
  1.63152367e-01  9.19862449e-01 -3.21652323e-01  6.80655301e-01
 -9.94049072e+00 -3.47332269e-01 -8.55714977e-01 -3.28957111e-01
 -4.93189752e-01  4.92429018e-01  7.62812138e-01  5.23986459e-01
 -5.60896099e-02  5.57721496e-01  2.11654007e-01  8.98969173e-01
  4.51822162e-01  5.68722069e-01 -6.23029292e-01  1.51473343e-01
  6.64195716e-01 -3.54819030e-01 -1.03937544e-01 -9.72772837e-02
 -2.81613320e-01 -4.87229049e-01  6.43563449e-01  2.97266006e-01
  8.14530998e-02 -3.63046557e-01 -1.28889576e-01  4.13029402e-01
 -4.55561817e-01  4.12591904e-01 -7.05003619e-01  7.49490380e-01
  6.23624772e-02  3.80619109e-01 -5.30776262e-01 -3.60530972e-01
 -3.19866687e-01  1.00832470e-01  1.93124339e-02  5.36636591e-01
 -6.23037994e-01  9.55520034e-01 -2.68028736e-01 -2.76610404e-01
 -4.48778756e-02  2.02643797e-01  6.98617399e-01  2.06551850e-01
  6.11528337e-01  2.16784999e-01  3.89566049e-02 -4.01639998e-01
 -1.41626748e-03 -4.44786787e-01  3.22555393e-01 -7.41254836e-02
  6.17381871e-01 -4.60592240e-01  2.89274395e-01  3.17694128e-01
  9.84703422e-01 -3.31400901e-01  1.00011826e+00  5.09342849e-01
 -1.44435674e-01  1.83014676e-01  1.31432742e-01  4.86373723e-01
 -6.79618835e-01 -5.23924351e-01  5.67910910e-01  4.36936170e-01
 -1.67860821e-01 -5.09642027e-02 -4.63371873e-01  2.81046242e-01
  3.66512030e-01 -8.35415572e-02  1.31270096e-01  3.12359184e-01
  6.50542736e-01 -1.86164707e-01 -4.14111465e-02  1.20477803e-01
 -1.51686883e+00  2.43485123e-01  3.94422412e-02  2.41327047e-01
  2.72515863e-01 -7.73747385e-01  5.05349696e-01 -5.90775497e-02
 -3.06885868e-01  2.10205212e-01  5.22950172e-01 -2.70906001e-01
  8.11141953e-02  4.15471375e-01  6.24361813e-01  1.33846924e-01]"
キ,"[ 8.95541534e-03  1.93943679e-01 -2.19393417e-01 -8.92130435e-01
  2.42650047e-01  8.09080482e-01 -6.46168832e-04  2.05910534e-01
  1.10375106e-01 -4.96003240e-01  9.61736321e-01  3.43844235e-01
 -8.60624686e-02 -3.22288632e-01  7.87273169e-01 -2.82382250e-01
  1.62315413e-01 -2.04620451e-01  1.29165396e-01  1.35729909e-01
 -5.59301555e-01 -7.71651804e-01  4.71532978e-02  5.98602355e-01
  3.54917258e-01 -5.78055680e-01  2.48704970e-01  2.21687809e-01
 -1.11314997e-01  1.56763837e-01  6.53873309e-02 -5.54898620e-01
  6.57591000e-02 -4.08096582e-01 -1.88163891e-01  5.68439662e-01
  1.58004373e-01 -1.12947980e-02 -6.64695054e-02 -2.63184607e-01
 -1.66061565e-01 -1.19715571e-01 -1.67684168e-01 -3.76225561e-01
 -2.97118813e-01  3.92755568e-01 -2.49987170e-01  5.84943771e-01
  3.31728369e-01  3.25531244e-01 -3.31443280e-01  3.08691591e-01
  5.32747090e-01 -1.73132390e-01 -1.80470288e-01 -5.74593604e-01
  1.86371833e-01 -4.88706082e-01 -1.50947779e-01  3.31200749e-01
 -3.01331311e-01 -2.36292854e-01  1.91156968e-01  1.28126368e-01
 -3.28826338e-01  8.34068581e-02  3.56408060e-01 -8.96729976e-02
 -3.48768085e-01 -3.75455797e-01 -5.94362676e-01  2.97772795e-01
 -2.02980235e-01 -1.20220110e-01  7.73371041e-01 -6.91891074e-01
 -1.58249527e-01  1.30785689e-01  1.29266158e-01  1.79776907e-01
 -2.61399895e-01  3.05765033e-01 -9.99675915e-02 -3.73337835e-01
  1.24599084e-01  4.37534839e-01 -1.94954410e-01 -6.72745228e-01
  1.44924343e-01 -8.80607590e-02  1.11788116e-01  2.10497543e-01
 -9.01843756e-02  2.62070388e-01 -3.07616532e-01 -1.19099766e-01
  1.79402411e-01 -2.00954840e-01  2.89622247e-01  5.20121634e-01
 -1.78588443e-02 -1.17552616e-01  2.64332891e-01 -3.21151242e-02
 -1.85805157e-01  3.74532938e-02 -5.32194197e-01  4.01904404e-01
 -5.88168092e-02 -4.00046796e-01 -4.04437035e-01 -1.29484117e-01
 -3.23006064e-01  3.37711692e-01 -1.51133491e-02  4.91504550e-01
 -3.58000785e-01  7.89115205e-02 -5.35848975e-01  6.66496634e-01
  2.89223343e-01  2.27232218e-01 -2.35034198e-01 -1.88314974e-01
 -3.74681950e-02  4.13669527e-01 -5.03701806e-01 -1.58473641e-01
 -2.87291557e-01 -3.90068710e-01 -3.34778786e-01  5.66991605e-02
 -5.14350951e-01  1.79104745e-01 -4.27209646e-01  2.67672092e-01
 -8.89261079e-04 -1.19334877e-01 -3.42761911e-02 -3.69829506e-01
  6.14160895e-01  3.06377765e-02 -3.20189357e-01  2.11317345e-01
  4.61371541e-02  3.98370087e-01 -2.14113176e-01 -6.93280876e-01
  7.19506264e-01  3.67898166e-01 -5.48111618e-01  6.06311381e-01
 -7.24916577e-01 -1.17251009e-01 -1.63594902e-01 -7.41870552e-02
 -3.89509290e-01  3.95639062e-01 -1.36247858e-01  5.22060752e-01
 -3.88469547e-01 -6.50954366e-01 -9.05016065e-02  4.57758069e-01
 -7.45252073e-02  6.84095860e-01  1.85122505e-01 -9.91550237e-02
  3.36494744e-01  6.37281060e-01 -4.53508161e-02  5.29571354e-01
  1.63416564e-01 -4.52313751e-01  4.46202680e-02  3.80010456e-01
  2.84567654e-01  1.25498787e-01  5.07377148e-01 -4.64139074e-01
  2.48077974e-01 -3.82289618e-01 -1.00916103e-01 -6.63088441e-01
  3.79759163e-01  8.46238807e-02 -1.31826878e-01 -7.38795400e-02
  4.52208519e-01 -4.92566936e-02 -4.89292353e-01 -2.39758313e-01
  4.08961117e-01 -3.73908579e-01 -3.14192352e-04 -2.21018270e-01
  1.85947537e-01 -6.73991561e-01  1.74583882e-01  2.20360518e-01
  3.80732268e-01 -5.70086055e-02 -1.23728894e-01 -4.59577829e-01
 -1.14833128e+00 -1.46083161e-01  7.01409936e-01  8.36838424e-01
  7.83072561e-02  3.08049113e-01  1.53777620e-03  5.98541617e-01
  5.87440908e-01  1.81283072e-01  1.90099686e-01  3.73004861e-02
 -1.21875815e-01  1.01458222e-01  5.28168917e-01 -4.94313359e-01
  1.74793363e-01 -2.83659756e-01  9.85108018e-02  2.78705657e-01
 -1.97782189e-01  2.92181432e-01  4.31199640e-01 -2.28194132e-01
 -3.46764296e-01  7.51405716e-01 -8.00013483e-01 -3.45087945e-01
 -9.34791565e-03  2.90069640e-01 -9.35361981e-01  6.39275670e-01
 -2.49227002e-01  1.08282909e-01 -4.89022613e-01  3.59387398e-02
  1.80134073e-01 -3.58527958e-01  1.10484406e-01 -6.22185171e-01
  1.22851543e-01  2.16117829e-01 -1.65604912e-02 -5.91867805e-01
 -6.22704566e-01  2.14903783e-02 -5.29885411e-01 -3.63920033e-01
  7.63952255e-01 -5.79501092e-01  7.76230633e-01  3.47670943e-01
  4.01907474e-01 -4.65738088e-01 -1.66949853e-01 -2.76027799e-01
  1.19352832e-01 -9.02114153e-01 -1.91264972e-01 -5.95059931e-01
 -1.17213301e-01  1.43087864e-01  1.23377241e-01 -7.68889785e-01
 -7.35463500e-01 -1.78938970e-01  2.60366052e-01 -4.21660766e-03
 -3.10383588e-01  1.65979624e-01 -3.10154855e-01  2.52922773e-02
 -1.00762486e-01  2.14290395e-01 -6.00286424e-01  7.24116042e-02
 -8.21164668e-01  1.79350212e-01 -5.73020160e-01  2.57498711e-01
  3.91078740e-01 -4.62004170e-02 -8.76006931e-02 -9.75300372e-02
 -1.01646848e-01  3.96740377e-01  5.24923384e-01 -4.80151325e-01
 -7.72374332e-01 -5.56713268e-02  1.36875222e-02 -5.71516752e-02
  3.41343313e-01  2.65776783e-01  4.21169661e-02  1.71055004e-01
  6.34024203e-01  2.79953629e-01  4.70709145e-01 -4.33475703e-01
 -6.73077554e-02 -7.17294872e-01 -4.15428042e-01 -4.80342627e-01
  9.94733274e-01 -2.26152822e-01  2.40361691e-01  1.30219853e+00
 -2.75100857e-01  9.32967961e-02  7.32125103e-01  1.68319442e-03
 -1.43373823e+00  1.74288064e-01  3.82753253e-01  4.13208455e-01
  6.96791559e-02  3.02496344e-01  2.77840614e-01  4.46366459e-01
 -1.16852686e-01 -2.42527783e-01  3.24426562e-01  5.89959919e-01
  4.96654846e-02 -6.17261529e-01  8.24537873e-01  2.25558400e-01
  2.68026531e-01 -7.74688840e-01 -2.02640831e-01  5.43036759e-01
 -1.03259680e-03 -1.04866818e-01  4.13876265e-01 -2.56678700e-01
 -1.03787787e-01  1.20357707e-01  3.50648493e-01  2.90042460e-02
 -7.87934482e-01 -9.09556150e-02  1.30071580e-01  8.85647237e-01
  8.77828896e-01  6.83142662e-01  2.79224873e-01  4.40075062e-02
  1.30308241e-01  5.56677818e-01  2.51294822e-01 -1.22369118e-01
  5.70113584e-02 -4.87337857e-01  1.63743943e-01  4.84549850e-02
  1.15698695e-01 -5.89177966e-01  4.56835628e-01  6.30295813e-01
  5.85559793e-02  8.24226975e-01  3.04629773e-01  4.02407110e-01
  8.29458088e-02  2.38421828e-01  6.34583473e-01  1.95689335e-01
 -3.38089973e-01 -5.31706750e-01  2.16041178e-01  4.93471250e-02
 -2.21853882e-01 -2.58346591e-02  5.46785057e-01  2.58034080e-01
 -4.19097334e-01  1.45868048e-01  3.83677006e-01 -6.16870709e-02
 -2.06575274e-01 -5.55883586e-01 -4.77074146e-01 -6.67674005e-01
 -2.17221990e-01 -7.53665030e-01  1.46900326e-01  1.00456528e-01
  4.13944781e-01  7.50255212e-02 -5.52678525e-01 -1.66114524e-01
 -3.63337815e-01 -4.28478360e-01 -6.71730787e-02  1.91703774e-02
 -2.37083778e-01 -5.20790964e-02 -2.88241416e-01 -4.22892630e-01
 -3.67043942e-01 -2.75505364e-01 -3.14944893e-01  4.82364863e-01
  1.29322171e-01  5.75220883e-01 -1.06219001e-01 -1.53994770e-03
 -2.03370318e-01 -2.99327653e-02 -4.37041968e-01 -1.11680180e-01
 -9.71891463e-01  6.86314583e-01 -8.80109817e-02 -1.89983308e-01
  1.44798771e-01  5.74575961e-01  6.48456514e-01  2.47849390e-01
 -5.98492026e-02 -2.13786483e-01  5.03655113e-02 -5.76078057e-01
  5.63365996e-01 -1.35103062e-01  6.26339018e-01 -2.80535758e-01
  7.55492091e-01  3.44837397e-01 -1.70314535e-01 -1.54609323e-01
  1.70087397e-01  5.62610030e-01  1.59848154e-01  2.57217931e-03
  3.21221769e-01  8.51487637e-01 -2.38462672e-01  3.62996340e-01
 -2.15473220e-01  5.96317589e-01  5.76057315e-01 -2.38859266e-01
  2.66685963e-01 -4.24248368e-01  2.19455481e-01  3.00182253e-01
  5.28793395e-01  1.61605850e-01  4.73580629e-01  4.51240063e-01
  2.98608214e-01  5.37596405e-01  3.15589428e-01  7.14832172e-02
 -3.80567089e-02 -8.04987475e-02 -9.41788375e-01 -1.09886369e-02
 -1.58045277e-01  5.99218979e-02  3.74786913e-01 -5.96284211e-01
 -4.10428904e-02 -6.52371049e-02 -7.64486432e-01 -7.14869380e-01
 -7.93939769e-01 -1.06156580e-01 -2.38705829e-01  8.46536979e-02
  6.28985643e-01  3.57397407e-01 -6.01002336e-01  7.24508762e-01
 -2.20529974e-01  7.52130628e-01  7.96506882e-01 -2.41772056e-01
  3.19433659e-02 -6.06076717e-02  5.57358325e-01  6.81068525e-02
 -2.14915752e-01  3.27474385e-01 -3.37716609e-01 -8.51009607e-01
 -2.49373242e-01  6.90346539e-01 -3.53602916e-01 -4.53097850e-01
  6.91390753e-01 -2.19785050e-01 -4.71114218e-01 -9.46978688e-01
 -1.04230501e-01 -3.89204264e-01 -3.67775112e-02 -9.60398912e-01
 -1.53288156e-01  6.10974543e-02  2.20168903e-02  2.25339964e-01
 -6.60680905e-02 -1.17988609e-01  1.58000574e-01  6.73131466e-01
  4.48967278e-01 -2.16382951e-01  2.88030296e-03 -1.59505308e-01
 -2.22712994e-01  1.85534164e-01  3.29947829e-01  4.37812209e-01
  4.86791693e-02 -8.43349770e-02 -8.43693137e-01 -2.03351736e-01
 -8.15125465e-01 -1.06094337e+00  2.96236780e-02  1.21984212e-02
  6.58005059e-01  8.58059749e-02  6.45452514e-02  8.14585686e-02
  3.75422239e-01  4.35649097e-01 -5.41432574e-02 -1.78277165e-01
 -1.06997979e+00  5.05224407e-01 -3.29275370e-01 -4.73258346e-01
  7.10337520e-01 -6.72724098e-02 -4.04047146e-02  3.41581434e-01
  1.77471966e-01 -4.99029532e-02 -4.52777632e-02  3.67976695e-01
 -1.26280501e-01 -1.78740323e-01 -1.12019606e-01  7.12124705e-02
  6.74707964e-02  1.30537406e-01 -7.87577033e-01 -2.87869394e-01
  4.49710160e-01  5.70153654e-01  2.78291926e-02 -2.57629782e-01
  5.55600971e-02 -1.15658045e-01 -3.25040609e-01  2.39700377e-02
  2.13117972e-01  3.54038686e-01 -6.28237009e-01  4.35430884e-01
  5.32808006e-01 -6.25529170e-01  3.72600853e-01  6.56930566e-01
  4.47987288e-01  3.46437573e-01 -8.26312602e-02  5.27823210e-01
 -1.23149014e+00  4.10891861e-01  4.57226157e-01  1.05139270e-01
  1.89831376e-01  3.74056287e-02  1.29761487e-01 -4.98504668e-01
 -4.48461533e-01  1.29066348e-01 -6.84365034e-02  5.38088500e-01
  3.25291425e-01  3.04066688e-01  5.54421186e-01  8.91184688e-01
 -1.46343544e-01 -4.43869233e-02  2.67165631e-01 -2.79257953e-01
  1.11924231e+00 -2.32369766e-01  2.13255510e-01 -1.60199225e-01
 -8.98679674e-01  3.29925925e-01  3.82203132e-01 -6.39000088e-02
  8.32295418e-01 -2.78939962e-01 -1.83035985e-01  6.64344609e-01
  3.51437956e-01  4.31914032e-01 -4.01126802e-01 -9.30783391e-01
 -1.24653675e-01 -1.89244494e-01 -5.44877350e-02  1.91333622e-01
  1.24964993e-02  2.76572496e-01  2.17395425e-01  7.55365239e-03
  2.29572177e-01  7.33206570e-01  3.26696903e-01  4.63561900e-02
  2.55257100e-01  2.63036601e-02 -5.05064785e-01 -1.24614336e-01
  1.12662509e-01 -2.68405974e-01 -5.11248827e-01  3.90427977e-01
 -1.24957994e-01 -2.79401779e-01  7.73320273e-02 -3.05027574e-01
  2.22876221e-01  7.62445033e-02 -3.17492455e-01 -1.08262193e+00
  2.16517393e-02 -1.38986781e-01 -6.15933299e-01 -1.18479952e-01
 -2.91320443e-01 -2.32399385e-02 -3.37807804e-01 -1.07022107e+00
 -5.51625013e-01  2.23631293e-01 -4.13636625e-01  2.74785906e-01
 -4.48171794e-01 -1.15806162e+00  2.55390227e-01  4.10949588e-01
 -6.42045140e-02 -9.18176949e-01  2.61395842e-01  8.89717713e-02
  3.43686670e-01 -1.95112213e-01  3.49766284e-01 -4.54054743e-01
  1.73809782e-01 -2.47522429e-01 -5.88273965e-02 -1.01371385e-01
 -1.01587448e+01  7.72986338e-02 -3.86676341e-01 -6.97727650e-02
 -3.08672786e-01  5.60729019e-02  5.75469553e-01  5.31388700e-01
 -1.75497159e-01  1.45234063e-01  1.49929151e-01  1.24616005e-01
  1.82425693e-01  2.90618271e-01 -5.00913382e-01 -1.27692640e-01
 -6.55863047e-01 -1.71828374e-01 -5.31716365e-03  2.11136743e-01
  7.47468621e-02  1.51268914e-01  3.46353263e-01  5.56347847e-01
  2.82740265e-01 -4.46914911e-01 -2.93237239e-01  3.20671469e-01
 -3.95900071e-01  4.11026478e-01 -5.48589945e-01  1.10857159e-01
  2.51112282e-02  4.57164526e-01 -3.25433642e-01  1.72176719e-01
 -1.57319322e-01  2.64936805e-01  3.45934123e-01  1.98150381e-01
  2.11577281e-01  1.91264555e-01  2.05551162e-01  5.96089661e-02
  1.44676462e-01  5.31624220e-02  2.10561410e-01  3.79570723e-01
  4.09475684e-01  2.19456945e-02  2.21180096e-01 -4.73943412e-01
  1.43642779e-02 -3.64128202e-01  5.71498513e-01  2.93038070e-01
  5.57545483e-01 -4.73117292e-01 -1.42530426e-01  1.28628194e-01
 -2.56134897e-01  1.46199346e-01  4.61464375e-01  3.11360300e-01
 -1.50301903e-01  4.36743885e-01  3.19429010e-01  3.93048376e-01
 -1.81135491e-01 -3.68356586e-01 -1.54186383e-01  6.00778162e-01
 -4.67477627e-02  7.33655989e-02 -3.31823200e-01  2.22925290e-01
 -7.28904232e-02  5.02280332e-02  1.79950461e-01 -4.04444873e-01
  3.83785553e-02 -4.28325087e-01 -5.95588267e-01  1.08142123e-01
 -8.51407945e-01 -1.60182337e-03  4.26875136e-04  2.68151075e-01
  9.88975726e-03 -6.36322618e-01  3.73881608e-01 -5.47238111e-01
 -4.18695994e-02  4.58674371e-01 -2.13582352e-01 -1.28645852e-01
  1.42740697e-01  8.45728934e-01  4.44111705e-01 -1.45622373e-01]"
マ,"[ 1.05957165e-01  3.40053856e-01  2.30944306e-01 -5.77192426e-01
  3.83870333e-01  2.66647875e-01 -1.73500091e-01  1.95110634e-01
 -8.43930468e-02 -3.14701080e-01  8.02738249e-01 -2.64519364e-01
 -1.71971455e-01 -3.63812029e-01  4.97637272e-01 -5.30947782e-02
  3.92107546e-01  3.44349742e-02  5.71922846e-02  5.35839759e-02
 -2.75518417e-01 -8.96507919e-01 -2.73487687e-01  6.93899989e-01
  3.53704423e-01 -6.10282719e-01  1.34066835e-01  5.53446293e-01
  1.71566695e-01  4.17400822e-02 -7.57106960e-01 -2.75162905e-01
 -5.03255725e-01  2.91730881e-01 -4.60956812e-01  2.65738577e-01
  2.56765664e-01 -2.05743507e-01 -1.63783371e-01 -3.16551626e-01
 -6.15312047e-02 -4.73765144e-03  1.09542795e-01 -1.81805685e-01
  1.13456905e-01  9.92847905e-02 -2.16805995e-01  1.54202685e-01
  5.28823912e-01 -1.70717478e-01  1.93405617e-02  3.25319916e-01
  2.73563981e-01 -2.36297131e-01  9.39831696e-03  1.32594436e-01
  7.68118560e-01  5.70726097e-02 -2.05208629e-01 -2.21674010e-01
 -3.64047945e-01 -2.10808683e-03 -3.83605570e-01  1.15507700e-01
 -3.56452256e-01 -7.04809055e-02 -2.86508352e-01 -6.57990277e-02
 -6.31796122e-01 -3.98595750e-01 -3.28693300e-01  2.19296277e-01
 -1.27181932e-01 -7.50274062e-02  6.58820093e-01 -1.30900472e-01
 -2.62359619e-01  1.57757685e-01  4.83989507e-01 -4.92652655e-01
 -8.46174181e-01  4.43735629e-01 -4.39153254e-01 -2.88346291e-01
  1.82145834e-01 -1.46640660e-02 -3.78790051e-01 -4.05282438e-01
  2.96985716e-01 -5.86355999e-02  9.02661607e-02  3.41056705e-01
  1.27545044e-01 -2.21781507e-01 -3.09059858e-01  3.73055279e-01
  2.87348449e-01 -5.10371983e-01 -3.56207758e-01  1.96990088e-01
 -6.03724737e-04 -3.52663025e-02  2.95113444e-01  1.04806602e-01
 -2.45320108e-02 -8.77516046e-02  1.03533408e-02  2.07940951e-01
  8.81486461e-02 -1.66606069e-01 -5.46726882e-01 -6.68470919e-01
 -7.03691542e-02  5.93598150e-02 -8.70667472e-02 -1.69578403e-01
 -1.78016156e-01  4.33414906e-01 -5.03629446e-01  1.15655400e-01
  4.22711764e-03 -5.27548939e-02 -1.98182821e-01 -7.97740743e-02
 -2.24983748e-02  3.28271925e-01 -9.07857809e-03 -1.14787586e-01
 -2.43491203e-01 -3.86493921e-01  5.51508330e-02 -2.66456269e-02
 -2.53541708e-01  2.47691408e-01 -3.48276973e-01  2.77466804e-01
  8.15193579e-02 -1.00045346e-01 -3.19585800e-01 -6.96167827e-01
 -2.31976286e-01  1.28701478e-01 -1.30604759e-01 -1.08367346e-01
 -3.01263630e-01  1.31706119e-01  1.70345396e-01 -8.21683556e-02
  5.68776667e-01  6.30514443e-01 -3.82644594e-01  7.81347752e-01
 -1.38573289e-01 -6.53119922e-01  2.46690467e-01  1.98378608e-01
 -7.28507817e-01  2.11311817e-01  9.82494056e-02  5.66044509e-01
 -6.44169524e-02 -2.12488081e-02  6.76087365e-02  3.93715203e-01
  2.34017774e-01  6.16712570e-01  2.58654475e-01  9.78830308e-02
  1.97992876e-01  3.84589016e-01 -2.28974625e-01  4.04641986e-01
  1.38317287e-01 -4.62958753e-01 -1.80749148e-02  2.38206998e-01
 -1.63716406e-01  1.79696858e-01  3.80740106e-01 -5.52869439e-01
  4.75718118e-02 -2.81976640e-01  1.35278583e-01 -1.51509032e-01
  1.95112482e-01 -2.23186597e-01  9.69530270e-02 -1.92621306e-01
  1.00161269e-01 -4.01294231e-02 -3.74489397e-01 -2.87725240e-01
  2.85538435e-01 -1.69767588e-01 -1.49769112e-01 -5.79272360e-02
  4.90153432e-02 -2.82619864e-01 -1.90698639e-01  3.47875804e-01
  1.72385961e-01  2.12730661e-01 -2.24217221e-01 -1.31826341e-01
 -9.88284111e-01 -4.85925227e-02  2.98614446e-02  3.79273713e-01
  1.65967345e-01  2.67895252e-01 -2.35104531e-01  1.90647811e-01
  3.10888469e-01  1.77436441e-01  1.67052969e-02 -4.94879894e-02
 -6.71910226e-01 -4.10301358e-01  6.47210777e-01 -4.40321088e-01
 -1.18621714e-01 -2.53080368e-01  1.95757210e-01  4.50105280e-01
 -1.93893686e-01  4.24554236e-02  3.12475890e-01 -4.15839888e-02
  7.57141039e-04  2.26264611e-01 -2.04057455e-01 -2.40007892e-01
 -9.39131737e-01  2.60365382e-03 -4.15258825e-01  3.87633473e-01
 -6.81658924e-01  3.88028920e-01 -3.24342959e-02  1.96527675e-01
  3.46921086e-01  6.34388998e-02  6.41265884e-02 -2.14539126e-01
 -1.03787281e-01  2.77677417e-01 -5.39604910e-02 -1.47925749e-01
 -2.66260952e-01  3.58363539e-01 -6.51794612e-01 -7.17706859e-01
  2.59117603e-01 -5.84375620e-01  3.38262945e-01  1.21803418e-01
  5.25153950e-02  5.11007942e-02  1.03293352e-01 -2.41584033e-01
 -2.41076514e-01 -7.80242145e-01 -1.77497230e-02 -1.79499567e-01
  2.93822959e-02  8.87054056e-02  2.52470911e-01 -4.16575104e-01
 -2.81416863e-01  7.99126253e-02 -1.91104691e-02 -2.91640162e-01
 -1.80306569e-01  1.16429083e-01 -6.93224728e-01 -7.67013356e-02
 -5.29033095e-02  5.94085217e-01 -6.38089061e-01 -9.08126831e-02
 -7.58761466e-01  6.66126370e-01 -6.61527693e-01  1.10324956e-01
 -1.25147805e-01  1.52335942e-01 -2.00906143e-01 -6.52554929e-01
  5.50641119e-02  2.23790824e-01  6.27351522e-01 -4.23082352e-01
 -4.26233560e-01 -3.52253795e-01 -2.91006505e-01 -5.13292328e-02
  4.96032387e-01  1.07720695e-01 -1.66982457e-01 -2.06979569e-02
  2.04361320e-01  2.17916951e-01  2.04150870e-01 -3.38703364e-01
 -2.89210647e-01 -3.30018967e-01 -6.62595034e-02 -2.98706114e-01
  8.42201769e-01  3.22278626e-02 -8.74947980e-02  9.46658313e-01
 -5.45463979e-01  8.70389193e-02  5.81904531e-01  2.00096950e-01
 -2.04716849e+00 -1.03331782e-01  5.84533326e-02  4.85437155e-01
 -3.31417620e-01  3.78426552e-01  3.54712427e-01  5.39702177e-01
 -8.63233656e-02 -3.49074066e-01  6.38827622e-01  7.76102126e-01
 -2.19403177e-01 -4.74667460e-01  2.45324805e-01  6.50144890e-02
  2.69794911e-01 -6.02388024e-01 -1.58004701e-01  1.61861613e-01
  1.44480065e-01  8.32441524e-02 -1.92289025e-01 -5.66956580e-01
  2.92847157e-01 -2.41057962e-01  2.57736593e-01  4.34993714e-01
 -4.43845809e-01 -9.17096362e-02  3.79547864e-01  4.85793233e-01
  5.10392249e-01  1.01240814e+00 -2.78333127e-01  1.55220658e-01
  5.01249969e-01  4.23532277e-01  3.32226098e-01 -3.34758572e-02
  1.60164405e-02 -1.64685592e-01  4.79555070e-01  3.86612624e-01
  4.41303134e-01  1.79122493e-01  6.38835132e-01  9.84200314e-02
 -4.13713120e-02  4.63315040e-01  2.38428026e-01  3.00883234e-01
  5.99202454e-01  4.02950495e-01  4.39857006e-01  9.89842862e-02
 -3.79411668e-01 -2.71601260e-01  3.48731041e-01 -3.22902590e-01
 -2.05262274e-01  2.63429552e-01  3.24977279e-01 -3.10640693e-01
 -4.34983581e-01  7.47896060e-02  2.36158714e-01 -3.89062822e-01
 -2.19625890e-01 -4.76817608e-01 -6.82085276e-01  8.87865275e-02
 -5.71698606e-01 -9.16368544e-01  6.13403730e-02 -1.02463383e-02
  3.35730880e-01 -2.48447716e-01 -5.95144093e-01  3.42780948e-01
 -3.96180123e-01  8.79837796e-02 -4.94026504e-02 -1.43752575e-01
 -2.17821956e-01  2.06019610e-01 -1.41822457e-01 -9.86594474e-04
 -2.73745924e-01  2.97918528e-01  3.47307399e-02 -6.65253252e-02
  2.08478764e-01  2.20855802e-01 -1.14581369e-01  1.44526139e-01
 -4.66415882e-02 -2.92968422e-01 -2.49470666e-01  2.09334031e-01
 -8.32739294e-01  1.25057250e-01  1.05184289e-02  1.24474354e-02
  4.48632866e-01  1.65256560e-01  6.68724120e-01 -1.65485471e-01
 -1.89104855e-01  2.97964573e-01 -4.15671058e-02 -3.79843444e-01
  7.89801240e-01  2.28990931e-02  2.41343513e-01 -2.35211015e-01
  1.40717432e-01  4.58223492e-01 -4.62798595e-01 -3.11101466e-01
  2.90492833e-01 -4.53866571e-02 -2.76922345e-01 -1.09087139e-01
  1.47916153e-01  9.46914673e-01 -5.33707082e-01  4.89964694e-01
  1.44200802e-01 -1.80379719e-01  1.25938103e-01 -2.05338374e-01
 -2.27299541e-01 -3.22770119e-01  3.16837490e-01  2.46118411e-01
  5.08159161e-01 -7.95721188e-02  1.35431722e-01  6.79356754e-01
 -5.65627962e-02  1.80115834e-01  6.30114853e-01  2.52021253e-01
 -2.27737829e-01 -6.10690534e-01 -4.82170224e-01 -1.59069955e-01
 -4.83244359e-01  2.74217784e-01  1.70463115e-01 -1.02594152e-01
 -2.14747787e-01 -1.61464378e-01 -2.77729183e-01 -1.43503621e-01
 -3.16009641e-01  6.44951314e-02  3.28982830e-01  2.70344377e-01
  4.72148657e-01  1.39904261e-01 -2.84279466e-01  2.28132859e-01
  1.52226210e-01  5.97405076e-01  4.14104700e-01 -2.23908126e-01
 -3.23378593e-01  1.99910447e-01 -7.16648027e-02 -2.64914095e-01
 -1.92876190e-01  4.47356313e-01 -6.54338002e-02 -8.52353498e-02
  2.11223185e-01  2.12676734e-01 -3.63546014e-01  3.62056047e-01
  5.00188442e-03 -3.68710272e-02 -4.40821588e-01 -7.96744704e-01
 -5.99740088e-01 -2.53868490e-01  2.10705176e-01 -5.93362689e-01
  3.52531262e-02  2.79194303e-02 -1.90963913e-02 -3.12988795e-02
  7.39234639e-03 -2.65051812e-01 -6.74720407e-02  5.59659958e-01
  4.61621493e-01 -2.52307564e-01 -6.54356852e-02  1.91090092e-01
  1.09083354e-01  8.88506323e-02  5.51689923e-01  8.08266699e-02
  1.23479627e-01 -1.66812718e-01 -6.38604224e-01  1.58458576e-01
 -1.13545701e-01 -1.16422582e+00  1.97248623e-01  9.14834207e-04
 -1.34316450e-02 -2.05018282e-01  9.05603841e-02  1.13908790e-01
 -2.25373730e-01  3.25983651e-02  2.28962526e-01 -8.73127133e-02
 -7.38249183e-01  4.09092635e-01 -9.50387418e-02 -4.14145499e-01
 -8.54952708e-02  1.99611649e-01 -4.75986332e-01 -3.96056026e-02
 -3.49299237e-02  1.68269336e-01 -1.65795207e-01  3.64961654e-01
 -3.95081192e-01 -2.56700933e-01  4.96565908e-01  2.96402071e-02
  1.35580122e-01  2.57784098e-01 -4.00324702e-01  1.22042365e-01
  4.04780060e-01  7.44787931e-01  2.78024912e-01 -5.76530434e-02
 -6.06102645e-02 -1.94543779e-01 -6.27572656e-01  5.11728346e-01
  6.96738303e-01  3.20801795e-01 -3.72796625e-01  3.81244332e-01
  3.66263270e-01 -5.07493794e-01  6.38353109e-01  1.11026907e+00
  3.56294751e-01  3.12413722e-01 -8.39640275e-02  2.97488384e-02
 -7.99601436e-01  8.40087384e-02 -4.00531143e-02  6.43691003e-01
 -8.40645507e-02 -4.63601314e-02  5.03934324e-01  1.58097699e-01
 -2.76872605e-01  1.81470886e-01  2.36868784e-01  9.80499610e-02
  2.62278676e-01  2.38933742e-01  6.56061172e-01  1.89102367e-01
  1.35108322e-01 -2.77879447e-01  3.63457613e-02  6.40146434e-02
  5.19191444e-01 -2.34563231e-01  3.23946267e-01 -1.59388915e-01
 -9.40091312e-01 -4.99056190e-01 -1.03164233e-01  3.38052303e-01
  3.72609854e-01  2.41362661e-01 -3.95672858e-01  1.77028179e-01
  4.50166047e-01  3.64853106e-02 -3.13602626e-01 -4.99738395e-01
  2.84145474e-02 -1.36133239e-01 -1.61188051e-01  1.35997906e-01
 -4.09764796e-01  5.14871538e-01  9.78625342e-02  3.83381277e-01
  4.24164236e-01  7.93318629e-01  1.56946853e-01  9.39410478e-02
  4.69367534e-01  7.75964512e-03 -3.92480075e-01  2.21627757e-01
  3.09520125e-01 -1.81728020e-01 -7.09444210e-02  2.51829475e-01
 -1.70301765e-01 -8.68276730e-02  1.35404810e-01 -2.16552481e-01
  5.54125786e-01 -6.24028109e-02 -5.18190265e-01 -2.93915272e-01
 -2.12178111e-01  1.48552321e-02 -7.58591056e-01 -1.12988479e-01
 -2.62787580e-01  2.01148897e-01 -9.68685932e-03 -3.73531938e-01
 -4.18603152e-01 -1.60637185e-01 -3.65588725e-01  3.48307431e-01
 -2.85753131e-01 -3.37914228e-01 -1.86379962e-02  6.29578710e-01
 -5.19606531e-01 -1.20564282e+00  4.38627481e-01  2.14025438e-01
  6.96466148e-01 -2.59725720e-01  3.15661997e-01 -1.77970737e-01
  2.72394031e-01  1.67907849e-01 -2.60283828e-01  1.53833404e-01
 -1.04719715e+01 -1.58268288e-02 -4.36405122e-01 -2.11918563e-01
 -1.53892517e-01  5.95498383e-01  2.15989411e-01  5.40154763e-02
  2.41162833e-02  2.67418504e-01  4.66568261e-01  3.98257077e-01
  5.19832850e-01  5.60923159e-01 -4.40689355e-01 -1.87064245e-01
 -1.51860360e-02 -2.91113436e-01  1.74521670e-01  3.80184710e-01
  3.45591635e-01 -1.74975395e-01  4.75934386e-01  5.87852597e-01
  8.19604844e-02 -3.52317899e-01 -4.84937966e-01  1.38693392e-01
 -3.30972105e-01  2.56723821e-01 -2.99211323e-01  2.45340735e-01
 -4.83920842e-01  6.03439093e-01 -3.36869180e-01  9.10930037e-02
 -1.72201946e-01  1.44805938e-01  1.25461161e-01  4.56928551e-01
  1.78577811e-01  8.31786543e-02 -9.28993616e-03  3.65067013e-02
  2.57893831e-01  4.72935945e-01  1.23677015e-01  1.34637043e-01
  2.61524230e-01  1.38622507e-01 -9.42716002e-02 -5.10943294e-01
  3.94602209e-01 -2.36893877e-01  1.17641166e-01  3.68023098e-01
  3.77377599e-01 -6.56296015e-01  5.22089526e-02 -1.63333833e-01
  6.03837557e-02 -2.44489819e-01  5.16872168e-01  2.11720914e-01
  1.36465698e-01  6.34612739e-02  5.02254784e-01  5.42219520e-01
 -2.55725026e-01 -1.03830658e-01  1.84430495e-01 -3.32084931e-02
 -2.52216429e-01 -1.74612179e-01 -2.93649822e-01  6.71498775e-01
 -3.95529240e-01  2.07447827e-01 -2.82322109e-01 -1.78651158e-02
  3.50751489e-01 -2.12021694e-01 -5.20725965e-01  6.78779066e-01
 -1.95795059e-01 -2.37900153e-01 -2.16074347e-01  2.36986056e-01
  7.22922087e-01 -6.13776624e-01  2.69483238e-01 -3.00918221e-01
 -3.21903080e-02  2.47115210e-01  4.21028525e-01  2.86464512e-01
 -2.62414336e-01  3.63731444e-01  3.99751127e-01  1.56464726e-01]"
カ,"[ 3.58623505e-01 -2.46663745e-02  7.75448501e-01 -8.84407759e-01
  2.05631573e-02  3.39202523e-01 -1.35529384e-01 -5.29141799e-02
 -4.17153358e-01  3.07938814e-01  7.79973149e-01 -1.58491731e-01
  2.73954391e-01 -6.79569840e-01  6.54694617e-01 -5.09500563e-01
  2.79152691e-01 -1.55786097e-01  7.91591853e-02 -4.01464760e-01
 -8.99065256e-01 -9.26213205e-01 -1.83110192e-01  1.54470608e-01
 -9.02618244e-02  1.37811098e-02  1.21721886e-02  2.65641689e-01
 -1.97515488e-01  1.73800450e-03 -1.44873202e-01 -5.53951979e-01
 -1.02262542e-01  5.79993427e-02 -1.09505653e+00 -1.95033997e-01
  1.50330216e-01 -1.41734228e-01 -9.51748267e-02 -5.36378443e-01
  3.32558602e-01  3.11147776e-02 -6.13094509e-01 -1.33484438e-01
 -1.43150702e-01  5.45336604e-01 -2.29549840e-01  3.67545485e-01
 -1.44952787e-02 -7.86912739e-02 -4.05287087e-01  1.60253420e-01
  1.48657605e-01  1.46855205e-01  1.35043159e-01 -3.60164315e-01
  1.21215262e-01 -8.88408124e-01 -3.86912338e-02  8.90291296e-03
 -4.12297577e-01  1.84104204e-01  2.63562113e-01  3.95972162e-01
 -2.63143957e-01  4.52321544e-02  9.61821601e-02 -4.72497046e-02
  7.39715621e-02 -6.48744583e-01 -3.36413719e-02  1.64206326e-01
  1.29086927e-01 -4.54291046e-01  7.61634171e-01 -2.88086832e-01
  1.88634962e-01 -1.51704654e-01  3.14154088e-01 -4.34453413e-02
 -4.34984684e-01  1.72228113e-01 -1.45956039e-01 -3.82179230e-01
 -2.66938031e-01  1.74713507e-01 -4.73184168e-01 -8.13936889e-01
  8.41606438e-01 -1.63370445e-01  3.98811787e-01  3.35717320e-01
  1.42418474e-01  2.34820977e-01 -3.75823498e-01  1.53101116e-01
  1.80200025e-01 -5.68276718e-02 -3.80255103e-01  6.07531250e-01
 -1.82700142e-01  5.76381758e-02 -3.03319804e-02 -2.17319041e-01
  3.21460456e-01 -3.65903884e-01 -3.78341734e-01  1.67370379e-01
  3.26045692e-01 -1.77744448e-01 -4.28996652e-01 -3.37885380e-01
 -5.36792994e-01  3.36251765e-01  3.13205421e-01 -3.23720835e-02
 -2.09487334e-01  2.36570567e-01  3.92595269e-02  4.16601747e-01
  2.06613198e-01  5.64181983e-01 -1.32583544e-01  9.94166546e-03
 -9.32277665e-02  4.95230347e-01  9.01037604e-02 -6.32624030e-01
  1.58358559e-01 -2.86766887e-01 -1.73558444e-02  1.07340008e-01
 -4.51720394e-02 -1.58379287e-01 -3.47066075e-01  1.00911450e+00
 -1.72081903e-01  4.28343192e-02 -1.08846836e-01 -5.53245187e-01
 -3.17088962e-02  1.57655567e-01  2.14766219e-01 -2.54550487e-01
  1.04970887e-01  2.99687594e-01  1.89547196e-01 -7.63222635e-01
  1.11502409e-02  1.36825204e-01 -1.47052079e-01  1.06679690e+00
 -7.71152258e-01  2.61684030e-01 -2.60864586e-01 -4.06512246e-02
 -5.02321661e-01  8.80809948e-02  5.01655638e-01  4.69206512e-01
  1.57339752e-01 -5.43632388e-01  5.91759145e-01  5.71602881e-01
  4.12188023e-01  3.37212831e-01  8.57105330e-02 -2.18367904e-01
 -1.45391166e-01  2.89241046e-01 -2.56868720e-01  1.15889378e-01
  1.48382783e-01 -4.54930305e-01  1.39046222e-01  4.08452988e-01
  2.68079937e-01 -1.32260621e-01  4.45829958e-01 -9.17394400e-01
  1.21634929e-02 -1.29310846e-01 -2.40721285e-01 -6.55108631e-01
  5.75766742e-01 -1.57064945e-01 -2.02726319e-01 -2.56978065e-01
  3.70329581e-02 -5.15710235e-01  9.59524959e-02  4.32647280e-02
  6.84190571e-01 -1.56286225e-01 -1.19201258e-01 -4.01351511e-01
  1.61897153e-01 -1.43419474e-01  4.97052148e-02  5.62051535e-01
  1.37465179e-01  1.46439686e-01  6.39640493e-03 -1.10575020e+00
 -5.28054357e-01  1.39588684e-01  7.02512980e-01  6.46990657e-01
  3.36560547e-01  3.55961710e-01 -3.14682722e-01 -2.04505265e-01
  2.06223518e-01  3.48682970e-01  5.52944124e-01 -1.65666640e-02
 -7.39449561e-01 -3.70001137e-01  3.48041385e-01 -1.95296228e-01
  3.64514917e-01 -3.96472722e-01  1.47909656e-01 -1.23007759e-01
 -1.66088358e-01  3.02128971e-01  2.42732868e-01 -4.32539165e-01
 -1.25467569e-01  7.21932948e-01 -5.37491798e-01 -3.94340783e-01
 -6.42009258e-01  1.48062214e-01 -3.87935340e-01  1.26514211e-01
 -3.87917072e-01  2.45502919e-01 -5.14781237e-01  1.67034715e-01
  2.13678837e-01 -9.73865539e-02  1.90267146e-01 -3.02353382e-01
 -1.98651329e-01  2.05969542e-01 -4.91631292e-02  1.52407825e-01
 -3.03271323e-01 -6.56548962e-02 -5.80709100e-01 -4.50180680e-01
  1.67043418e-01 -3.80928963e-01  6.60770416e-01  1.63124174e-01
  1.35975048e-01 -7.01999813e-02  3.47878784e-01 -6.32830441e-01
 -1.44762829e-01 -4.55075115e-01  2.43626311e-01 -1.20690782e-02
  3.93141806e-01  2.13240936e-01  8.69434029e-02 -4.91389245e-01
 -4.09337163e-01 -4.92964417e-01  2.15222612e-01 -2.12857053e-01
 -2.55736828e-01 -1.29893035e-01 -2.42748056e-02  4.75189276e-02
 -2.41011977e-01  3.78963977e-01 -6.74059987e-01  3.41774493e-01
 -1.21557496e-01  5.53519130e-01 -4.47248578e-01 -1.68598294e-01
  3.95195127e-01 -4.91952971e-02 -4.26788419e-01 -4.14090097e-01
 -2.03364879e-01  2.09795654e-01  3.88204962e-01 -6.76829159e-01
 -2.19864860e-01  3.54496539e-01 -4.50361013e-01 -2.10239254e-02
  5.21236181e-01  2.84831040e-02  8.04966912e-02  2.86666632e-01
 -8.99264291e-02  1.58280760e-01  5.97535729e-01 -5.80159724e-01
 -2.41445109e-01 -5.60136199e-01 -2.93470304e-02 -3.48329276e-01
  5.56526780e-01  2.30383947e-02  1.48194492e-01  7.26094961e-01
 -4.63306069e-01 -9.25065577e-02  9.19669688e-01  5.36000967e-01
 -1.65137398e+00  2.89298415e-01  6.97310388e-01 -1.96222365e-01
 -2.48253286e-01  5.48110120e-02  1.19285556e-02 -1.02505405e-02
 -2.15799615e-01 -7.55335927e-01  8.92776191e-01  2.45091185e-01
 -2.06558183e-01 -2.45091453e-01  4.92400676e-01  7.27382153e-02
  5.52626327e-02 -4.77321327e-01 -2.58106768e-01  3.70079964e-01
  2.18699321e-01 -1.69243783e-01 -2.95927197e-01 -1.56339571e-01
 -5.49375415e-01  1.43275663e-01 -2.39141226e-01  2.10572466e-01
 -4.81670737e-01  3.63241844e-02  3.82827461e-01  1.13138402e+00
  3.20399702e-01  5.80115676e-01 -3.88420105e-01 -7.16237649e-02
  8.46663177e-01  4.57819790e-01  4.99442339e-01  3.78467560e-01
 -2.81308055e-01 -2.93053031e-01  6.19681478e-01 -5.02775423e-02
 -3.03343028e-01  3.20499182e-01 -1.04893170e-01  2.07846895e-01
 -1.03425182e-01  6.94383830e-02  1.11082636e-01 -1.49621904e-01
  1.32135212e-01  7.33817935e-01  6.12316489e-01  1.74469128e-01
 -9.40590948e-02 -4.33509260e-01  5.79937808e-02 -1.72508448e-01
  2.55798876e-01  4.38544452e-01 -2.90040284e-01 -2.99348027e-01
 -1.93711147e-01 -2.49136806e-01 -2.32577637e-01 -3.40362430e-01
 -4.00767982e-01 -9.23901081e-01 -1.06636667e+00  5.14844134e-02
  3.64310034e-02 -7.81357527e-01  2.97342867e-01  1.25311241e-01
  6.62686706e-01 -4.19278175e-01 -5.31334817e-01  1.36208460e-01
 -4.69912589e-01  4.40434292e-02 -1.70939550e-01  4.09764461e-02
 -2.54860371e-01  2.88720042e-01 -5.70760727e-01 -2.33660102e-01
 -3.97560418e-01 -2.70689547e-01 -4.77144927e-01  8.33981112e-02
  1.56268239e-01  7.86443114e-01  3.29351239e-02  2.74410903e-01
 -8.30293223e-02  1.66195571e-01 -1.35205150e-01 -1.19310774e-01
 -6.01310849e-01  3.27095807e-01  6.02727771e-01  7.36267149e-01
  2.22532064e-01  4.85335290e-01 -1.07432296e-02 -1.67816505e-01
  2.71096110e-01 -2.33207718e-01 -2.86459357e-01 -2.64937460e-01
  5.48817039e-01 -4.61884618e-01  2.98371047e-01 -3.07025105e-01
 -2.51187943e-02  8.15504372e-01 -2.75913030e-01 -6.44754231e-01
  1.93344522e-02  4.44431394e-01  2.74196744e-01  2.01898515e-01
  2.21787766e-01  1.11262667e+00 -1.61107406e-01  6.74714327e-01
  2.07938656e-01 -3.06594729e-01  1.53259989e-02 -2.52609968e-01
  1.08531192e-02  1.80814713e-01  5.40342867e-01  8.98994684e-01
  2.68079460e-01  3.87798011e-01  4.22550350e-01  3.94640565e-02
 -3.09843242e-01 -4.48453352e-02  5.02027273e-01  8.76635760e-02
 -5.82270384e-01  6.71888217e-02 -4.89350617e-01 -3.11073989e-01
 -3.76003265e-01 -1.52919888e-01  2.54867524e-01 -1.87409982e-01
  4.83119279e-01 -4.07314867e-01 -6.55646503e-01 -4.32575643e-01
 -7.92497277e-01  1.22521192e-01 -1.23758957e-01  2.85037518e-01
  5.57697177e-01  5.66789687e-01  1.51675284e-01  7.97831640e-02
  3.05660993e-01  7.30963707e-01  2.39923492e-01 -1.62907496e-01
 -1.68818742e-01  3.58493179e-01  1.53902203e-01  4.34617549e-01
  2.28625417e-01  6.95969686e-02 -3.13285530e-01 -5.33015549e-01
 -3.97986710e-01  1.47943035e-01  1.00019462e-02 -3.02755665e-02
  3.52582216e-01  2.73273457e-02 -1.54553518e-01 -5.19303083e-01
 -2.44539768e-01 -3.31824273e-01 -1.69063598e-01 -7.04006612e-01
 -1.21840023e-01 -5.30770898e-01  1.14736691e-01  4.09819782e-01
  4.93195772e-01 -5.63853145e-01  1.66293547e-01  3.00701708e-01
  1.20490536e-01 -1.54460818e-02  1.16325922e-01 -7.11223111e-02
 -2.87986457e-01 -6.43923953e-02  9.23106298e-02 -8.17050263e-02
  6.59828961e-01  1.59188434e-01 -5.55954158e-01 -2.43936986e-01
  1.15936778e-01 -9.04175043e-01  4.33933824e-01 -1.37775674e-01
  1.39560133e-01 -6.94661975e-01  1.77638426e-01  5.66961803e-02
  2.87550706e-02 -2.34372467e-01  1.43907323e-01  1.38518408e-01
 -7.58113921e-01  3.10334802e-01 -1.81319714e-01 -3.84622782e-01
  7.97916114e-01  5.46773851e-01 -1.85301051e-01  2.61838198e-01
  5.00708103e-01  6.13263138e-02 -4.15486455e-01  3.24717611e-01
 -1.60925969e-01  1.05415650e-01  3.04943383e-01 -1.88915536e-01
  5.68400979e-01  1.68301255e-01  1.19882308e-01  1.03814043e-01
  3.48907083e-01  6.84636235e-01  4.38413203e-01  2.53433138e-01
 -1.55607834e-01 -4.70798522e-01 -7.94094026e-01  3.76302749e-02
  2.78303146e-01  5.75215876e-01 -3.88453275e-01  5.00085056e-01
  6.70906901e-01 -2.61370316e-02  3.63673955e-01  9.21187937e-01
  1.95423767e-01  4.20796484e-01 -4.99180734e-01  6.07120134e-02
 -9.31693137e-01  4.19819355e-01  3.13179880e-01 -9.41114202e-02
 -1.07177213e-01  1.38800368e-01 -5.11286616e-01 -4.66663241e-01
  1.72097191e-01 -1.05628192e-01 -1.70082480e-01 -2.41322935e-01
  6.42610252e-01 -1.10959895e-01  9.40922022e-01  3.93224031e-01
  1.11649428e-02 -4.84756917e-01  1.63169324e-01 -1.47922978e-01
  6.43826902e-01  5.49303964e-02  4.04966950e-01 -2.15639636e-01
 -1.03778875e+00 -4.04413819e-01  2.61354953e-01  2.08905756e-01
  2.86806047e-01 -5.07086396e-01 -3.62063153e-03  4.51601774e-01
  5.59650540e-01  2.33726546e-01 -1.10181369e-01 -4.99156475e-01
  6.02733493e-02 -1.41714185e-01 -2.06763536e-01  3.99964780e-01
  8.63533318e-02  3.39435160e-01  3.76995921e-01 -1.77013367e-01
  8.54547098e-02  4.84107405e-01  1.96362540e-01 -1.33794844e-01
  6.52293503e-01  5.57423271e-02 -1.15380608e-01  6.89100772e-02
  2.01813541e-02 -2.67379105e-01  1.12823248e-02  6.30568624e-01
 -9.38891470e-02 -1.80415940e-02 -5.15584350e-01  3.14987510e-01
 -3.19119431e-02  1.47030190e-01 -4.01001453e-01 -4.66903061e-01
  2.83106536e-01  2.52689123e-01 -3.53933305e-01  2.24920940e-02
 -2.45350897e-01 -2.29598999e-01 -3.57043922e-01 -3.35031182e-01
 -5.43241918e-01 -1.94483936e-01 -3.95304978e-01  4.29940641e-01
 -7.70074725e-01 -5.16545594e-01  4.46759880e-01 -1.45376548e-01
 -1.55776113e-01 -1.12323403e+00  6.05643272e-01 -4.00147796e-01
  6.36294961e-01 -1.85506940e-01 -9.61032361e-02  1.83214974e-02
 -3.13865632e-01 -3.22945774e-01 -5.74643850e-01  4.83222187e-01
 -1.02312622e+01 -1.53170988e-01 -2.06183270e-01 -6.94933414e-01
 -3.92779797e-01 -1.07496738e-01  1.08158612e+00  1.50632700e-02
 -5.57699800e-01  1.20039679e-01 -2.45275140e-01  1.35550335e-01
  5.34533679e-01  3.76105100e-01 -7.03593642e-02 -3.01707648e-02
 -1.40226766e-01 -5.82136810e-01 -3.43775511e-01 -1.21521324e-01
 -7.73715600e-02 -1.95056483e-01  6.71905637e-01 -4.01544832e-02
  7.59009197e-02 -3.98200870e-01 -1.59837261e-01  2.66551733e-01
  1.22852407e-01  4.76531118e-01 -2.14640051e-01  8.28400373e-01
 -1.77804306e-01  6.64553940e-02 -1.84410334e-01 -2.97167152e-02
 -2.54587047e-02  4.63637054e-01 -1.10334717e-01  4.90783155e-01
  3.83713841e-01  3.58788252e-01  1.40073374e-01  4.72070165e-02
  3.78129005e-01  4.28333610e-01  1.36748672e-01  3.20807397e-01
  7.62167990e-01 -7.51866400e-02  4.96974945e-01 -7.55950093e-01
  3.25058818e-01  6.83932751e-02 -4.67355758e-01  4.09008339e-02
  9.32538629e-01 -5.53281605e-01  4.71072271e-03  2.53292948e-01
  3.74016225e-01 -4.09752391e-02  1.16638350e+00  4.04410571e-01
 -2.60072678e-01  3.02253067e-01  1.11051150e-01  1.22262955e-01
 -4.74618435e-01 -4.05456990e-01  3.80825192e-01  1.47620821e-02
  1.46137968e-01  3.14544082e-01 -3.71834219e-01 -8.59000683e-02
 -2.63521336e-02  2.05508903e-01  3.81883562e-01 -6.79506063e-02
  8.54203880e-01  2.12811939e-02 -4.13789153e-01  4.24296439e-01
 -5.25970340e-01  1.24857441e-01  1.41605467e-01 -7.15519413e-02
  5.41422784e-01 -6.79489851e-01  7.72998869e-01 -3.00903887e-01
 -3.18955958e-01  7.00099707e-01  3.12905520e-01 -5.65515816e-01
  3.17841887e-01  1.30851224e-01  8.86329114e-02 -2.18677804e-01]"
ラ,"[ 2.53270626e-01  9.87377539e-02  6.95462167e-01 -7.88378119e-01
  2.84588963e-01  2.73937255e-01  5.22956073e-01  3.08304708e-02
  3.29807848e-01 -4.75687487e-03  8.15141141e-01 -5.77190042e-01
 -3.10846776e-01  1.18641965e-02  8.12146366e-01 -7.99373686e-02
  6.62725940e-02 -3.57988983e-01  2.81068534e-01 -4.04754400e-01
 -8.98082972e-01 -4.62202102e-01 -1.81117505e-01  4.40734297e-01
  4.05904427e-02 -3.35834682e-01 -2.21621647e-01  1.01561174e-01
 -2.68296991e-02 -1.42383561e-01 -1.24907367e-01 -3.21613421e-04
 -1.28024817e-01  2.58824080e-01 -2.76931196e-01  4.17086542e-01
 -1.58638507e-01 -3.56592715e-01  3.77284408e-01 -9.22773406e-02
  6.67844191e-02 -1.34741202e-01 -5.74468315e-01 -1.44362509e-01
 -4.19269890e-01  1.10907778e-01  1.84497908e-01 -1.78516265e-02
  9.75063443e-02 -5.61684519e-02 -6.95068017e-02  2.37551361e-01
  3.32574487e-01  6.22163415e-02  5.57750702e-01 -2.28059843e-01
  6.06942654e-01 -5.55038393e-01  1.48991168e-01  2.96692789e-01
 -2.74570078e-01 -4.71665144e-01 -2.22448800e-02 -1.60193611e-02
  2.10027657e-02  1.78835228e-01 -2.30052680e-01 -2.05455855e-01
  6.27453774e-02 -7.87832141e-01 -5.67941181e-02 -4.08992469e-01
  1.18813448e-01 -5.43733239e-01  6.64223552e-01 -6.89116955e-01
  4.36958484e-02  3.67432922e-01  3.51985365e-01  2.89693028e-02
  3.56173739e-02  5.89322925e-01 -5.82076497e-02 -7.17161715e-01
  3.38350534e-01  4.42372799e-01 -6.66883588e-01 -7.38075554e-01
  5.01148880e-01 -1.53953090e-01 -5.66951856e-02  2.45523989e-01
  3.91033173e-01  2.63293326e-01  1.93595633e-01 -8.08111653e-02
  1.62332311e-01  7.95813650e-02 -1.74654931e-01  2.87753671e-01
 -1.89735908e-02  1.99261144e-01  5.63528061e-01 -3.35476130e-01
 -2.56715149e-01  2.29818478e-01  2.76396126e-02  2.48261079e-01
  1.17512764e-02 -1.83383434e-03 -2.76161045e-01 -5.92692316e-01
 -7.28372097e-01 -2.93676823e-01  2.31086418e-01 -1.95216432e-01
 -3.65851372e-01  7.64556587e-01 -5.87422550e-01  5.37672877e-01
 -1.07076064e-01  1.92525938e-01 -1.60207413e-03 -6.44911051e-01
 -4.39450853e-02  3.63225490e-01  6.86226487e-02  4.15229723e-02
 -5.54874480e-01 -1.74134091e-01 -3.75283003e-01 -2.12726399e-01
 -3.16730551e-02 -8.64915997e-02 -3.73455137e-01  1.15719700e+00
 -9.77409631e-02 -9.51070711e-02 -2.00000316e-01 -6.00262046e-01
 -2.61361480e-01  1.08916298e-01  5.31519391e-02 -3.72357637e-01
 -1.14186704e-01  1.15593979e-02 -3.97608787e-01 -4.82986957e-01
  1.37045190e-01  5.22210598e-01 -2.62639791e-01  5.76527476e-01
 -6.16798103e-01  1.62783191e-01  7.41128027e-01  2.01589003e-01
 -6.24676764e-01 -5.69022261e-02 -5.29121757e-02  2.88467202e-02
  3.88348103e-01 -6.22968823e-02  4.67911839e-01  6.14076138e-01
  1.56997308e-01  3.10498834e-01  5.60977101e-01  2.98110068e-01
 -7.23266415e-03  7.15846956e-01  5.76314449e-01  4.31958407e-01
  1.15408145e-01  7.40832239e-02  7.43823424e-02  2.70756967e-02
  4.96211648e-01  2.33886331e-01  7.78639242e-02 -8.88630867e-01
 -2.12654680e-01 -1.30145371e-01  3.64229903e-02 -7.40129888e-01
  2.93503881e-01  2.23607980e-02  8.65651518e-02 -5.75080290e-02
 -2.42624938e-01 -3.02792311e-01  1.58190653e-01 -5.24743497e-01
  5.02157770e-02 -1.85492709e-01 -1.93014055e-01 -3.62344831e-01
  9.48902890e-02 -1.17486276e-01 -9.54668283e-01  6.52449250e-01
  1.67125538e-01  2.45508477e-01 -8.62253234e-02 -7.54143596e-01
 -9.99651611e-01 -2.93012947e-01 -3.91836852e-01  8.52741972e-02
  1.76823258e-01  5.67606151e-01 -1.59431398e-01  6.56268001e-01
  2.10688531e-01  4.70487364e-02  5.18510640e-01  3.33031118e-01
 -4.14093435e-01 -5.87943494e-01  4.40402478e-01 -3.55222881e-01
  1.24906383e-01  9.59924459e-02  4.63635065e-02  2.09822968e-01
 -1.41890123e-01  6.37005389e-01  6.89286113e-01 -2.22339127e-02
 -3.68153244e-01  2.87981957e-01 -7.26172626e-01 -5.22901893e-01
 -8.68096948e-01 -6.79086074e-02 -6.88344657e-01 -2.01859418e-02
 -4.46027815e-01  1.42239168e-01 -5.13913631e-01  1.16549648e-01
 -1.56832367e-01 -1.97795108e-01 -3.66561599e-02 -2.54355133e-01
 -9.91805121e-02  3.93450558e-01 -3.03624034e-01  1.69656351e-02
 -4.90956716e-02  1.90390572e-01 -4.49034780e-01 -2.93005615e-01
 -1.99353710e-01 -1.87944815e-01  8.19045722e-01  3.75777453e-01
  5.09625375e-01 -2.91577727e-01  3.04714471e-01 -5.95760703e-01
 -2.11331457e-01 -5.66877663e-01  2.54399832e-02  1.52165741e-01
 -1.08242653e-01  1.60358101e-01  4.88675326e-01 -2.90090144e-01
 -2.55199224e-01 -4.54103172e-01 -3.06041837e-01 -4.37733084e-01
 -1.36168703e-01 -1.34160325e-01 -1.75734580e-01 -7.58554339e-02
 -1.59386322e-01  5.47748148e-01 -4.63304102e-01  5.53437889e-01
 -5.54661036e-01  5.92372835e-01 -5.68527400e-01 -1.34761229e-01
 -2.53724377e-03 -7.10046813e-02 -6.56352580e-01  1.88097566e-01
 -2.66044825e-01  4.70321089e-01  3.35011244e-01 -2.53842264e-01
 -5.98699689e-01 -2.32988242e-02 -6.41149655e-02  6.02724291e-02
  4.36396658e-01 -6.83801770e-02  1.88855916e-01 -1.94358423e-01
  2.12073371e-01  3.69042665e-01  2.86862582e-01  2.48668864e-01
  7.53948316e-02 -1.29033133e-01  1.38281537e-02 -1.02120370e-01
  5.81830859e-01 -1.82891369e-01  8.70829150e-02  3.96825343e-01
 -1.20211653e-01  8.35807025e-01  2.47353420e-01  2.95750439e-01
 -2.02025151e+00 -1.78645149e-01  5.81769705e-01  4.25674736e-01
 -1.18711919e-01 -1.79369524e-02  2.89899319e-01  3.87929082e-01
 -4.40901756e-01 -6.31123722e-01  7.17390358e-01  6.63825199e-02
 -2.33978987e-01  9.45433229e-02  2.72408605e-01 -5.28950036e-01
 -2.28985101e-01 -6.27215981e-01  3.25900495e-01  3.26163530e-01
 -1.38554573e-01  1.69384420e-01 -1.41314223e-01 -3.62724781e-01
 -1.89346522e-01  1.98416457e-01 -1.10224254e-01  1.47545040e-01
 -3.26285303e-01 -1.53909311e-01  1.09817274e-01  1.05529988e+00
  8.14586341e-01  7.76242733e-01 -6.05074525e-01 -2.91356057e-01
  1.98924780e-01 -1.88326072e-02  4.06798929e-01 -3.29102278e-01
 -2.60669976e-01 -2.37461537e-01  1.23333961e-01  1.13474287e-01
 -2.65957028e-01  3.47773343e-01  1.08636133e-01  2.11360201e-01
  1.64236963e-01  2.80332893e-01  8.35479915e-01  1.36864875e-02
  2.61703849e-01  1.90394521e-01  6.99881852e-01 -1.25160217e-01
 -2.02715084e-01 -5.03157854e-01 -9.73147079e-02 -3.98211181e-01
  4.50898021e-01 -1.45898508e-02 -4.80954766e-01  9.67228353e-01
 -6.31411076e-01  2.29471046e-02 -7.96091557e-02 -8.49434078e-01
  6.67261556e-02 -6.47500098e-01 -5.11322320e-01 -1.11789577e-01
  6.23994619e-02 -3.42024833e-01  8.33359003e-01  4.69603896e-01
  3.45478237e-01 -1.74997419e-01 -4.25816000e-01  2.03247890e-01
 -2.55825579e-01 -1.18956819e-01  2.53787309e-01  1.97761416e-01
 -2.99388856e-01  4.38908905e-01 -4.79048006e-02 -4.51583602e-02
 -8.42034817e-02  1.01423018e-01 -6.62310064e-01 -1.30025402e-01
 -3.63982141e-01  3.87988448e-01 -1.46594375e-01 -7.90069252e-03
  2.64993280e-01  2.08396912e-01 -3.12448978e-01 -2.19520181e-01
 -5.18066227e-01  3.40439349e-01  5.17223656e-01  6.03937805e-01
  3.49927604e-01  4.12674904e-01  1.65540680e-01  1.38448998e-01
 -1.42545238e-01 -1.89514458e-01 -6.97188675e-01 -4.06189591e-01
  6.41554594e-01 -3.97847295e-01  4.14564252e-01  1.58506483e-01
 -3.19334358e-01  5.59643567e-01 -3.40233892e-01 -6.00299835e-01
  1.45685226e-01 -1.49027258e-01 -2.28659324e-02  6.77009642e-01
  3.24287921e-01  5.95579684e-01 -1.78462431e-01  3.52012992e-01
 -2.71401644e-01 -1.32833824e-01  3.52630317e-01 -4.06342268e-01
 -2.71254808e-01 -1.27819985e-01  6.89758718e-01  4.25232738e-01
  5.70499599e-01 -1.54717073e-01  1.95907623e-01  2.57012635e-01
  4.77967635e-02  5.08501649e-01  2.12759867e-01  4.21233118e-01
 -1.00713745e-01  7.40931332e-02  4.24261689e-02  3.12955469e-01
 -1.83564931e-01 -6.73314780e-02  4.64093328e-01 -9.65812132e-02
  1.91563576e-01 -4.04270947e-01 -5.19899786e-01 -5.84408820e-01
 -7.99030542e-01 -8.55081826e-02 -4.08061087e-01 -1.79124713e-01
  3.41108352e-01 -1.37945399e-01 -8.54282320e-01  3.84833813e-01
  5.82003534e-01  4.03780550e-01  4.61774552e-03 -4.18125808e-01
 -2.04226136e-01  4.80800122e-01 -6.63753808e-01 -5.63919008e-01
  3.90475243e-01 -1.85801581e-01 -2.96708286e-01 -6.60396516e-01
 -5.61350510e-02 -3.24935243e-02  1.72122017e-01  4.07124430e-01
  2.92283952e-01  1.66618586e-01 -7.01685011e-01 -2.68204689e-01
  3.28103118e-02 -6.71117753e-02 -2.68216521e-01 -5.04461527e-01
  8.87793377e-02  1.94697171e-01 -3.99043001e-02  9.69417095e-01
  6.01988673e-01 -1.94168597e-01 -3.45485620e-02  1.64930359e-01
  2.80784667e-01 -5.77812672e-01 -3.48071843e-01 -1.39973313e-01
  1.65531375e-02  2.63955653e-01  3.04985195e-01  4.27665144e-01
 -1.27359629e-01  1.30271658e-01 -8.54135573e-01 -1.21150076e-01
  1.93844423e-01 -8.81334960e-01  4.75998968e-01  3.57424140e-01
  3.80155146e-01 -5.73102951e-01 -3.33607912e-01 -1.65807262e-01
  5.83642581e-03  9.52580273e-02  4.23555076e-01 -1.10207237e-01
 -7.59613156e-01  1.12884328e-01 -9.55019817e-02 -7.34941185e-01
  8.56067300e-01  8.08745027e-02 -1.50218129e-01  4.30696845e-01
  6.07655466e-01 -1.36959702e-01 -6.78598464e-01  2.33269751e-01
 -6.41356766e-01  2.12215334e-01  4.10271704e-01 -2.34598652e-01
  4.87755686e-01  4.00270641e-01 -7.85405263e-02 -7.64096081e-02
  2.72442371e-01  5.84150374e-01  6.27572596e-01  1.79128066e-01
 -1.29294217e-01  4.26231921e-02 -4.05393690e-01  2.16333866e-01
  9.56493467e-02  4.90267813e-01 -8.58217239e-01  4.23231155e-01
  8.13017726e-01 -1.73364967e-01  2.93461144e-01  6.26166344e-01
  5.36940852e-03  4.27652299e-01 -6.62788525e-02  2.45866161e-02
 -7.67751992e-01 -5.58660273e-03 -2.52458423e-01  2.22486958e-01
 -3.57456237e-01 -9.99850929e-02 -2.18281433e-01 -1.43523797e-01
  3.53017986e-01  1.56096354e-01  2.12538794e-01  1.89081758e-01
  2.29652315e-01  2.07888894e-04  3.54234636e-01  4.71144348e-01
 -3.77826601e-01 -7.70725608e-02  7.42701888e-02  6.61627591e-01
  1.20964193e+00 -8.79128799e-02  2.22318709e-01 -3.24199110e-01
 -6.35652840e-01  2.00999379e-01 -3.09928477e-01 -2.02802569e-01
  6.35356486e-01 -4.64238316e-01 -4.21102852e-01  7.20435619e-01
  5.56970298e-01 -1.12259619e-01 -3.35921049e-01 -6.78987682e-01
  3.06451291e-01 -3.64525646e-01 -3.58039699e-02 -1.80355817e-01
  1.71331912e-01  6.10625148e-01  9.39211473e-02 -2.65944302e-01
  2.79520065e-01  2.60394752e-01  2.07433805e-01 -2.94441640e-01
  4.26446259e-01  3.47163498e-01 -1.66735590e-01 -2.20098197e-01
  3.85380745e-01 -5.66783488e-01  7.28470311e-02  6.28888845e-01
 -3.50618005e-01  2.30734758e-02 -2.78882027e-01  5.17897546e-01
  2.65526235e-01 -4.33350176e-01 -1.25136852e-01 -5.58462217e-02
  1.86102822e-01 -1.40357047e-01 -3.92369300e-01 -2.88898945e-02
 -9.97362286e-02  4.37302917e-01  2.80037113e-02 -9.13358927e-02
 -6.38850808e-01 -4.53593343e-01 -5.08930147e-01  3.43186855e-01
 -7.35313416e-01 -4.75256324e-01  4.90795225e-01 -3.69984144e-03
 -3.83029312e-01 -1.62150919e+00  6.11397386e-01  1.80861756e-01
  6.05450928e-01 -3.51978719e-01  1.45609125e-01 -1.43551469e-01
  3.44983451e-02  5.13985343e-02 -2.35743463e-01 -5.22996224e-02
 -1.02195988e+01  1.56664215e-02 -2.58103251e-01 -5.84866107e-01
 -3.37668687e-01  6.20149337e-02  6.57682300e-01  7.72946179e-01
 -3.14657807e-01  4.32801247e-01 -2.54427493e-01  2.17407569e-01
  3.06373477e-01  1.62230164e-01  1.71837106e-03 -1.23758152e-01
 -2.38091081e-01 -2.00674385e-01  8.61281827e-02 -1.36207119e-01
 -4.53082532e-01 -5.12007415e-01  7.51704276e-01  2.52698213e-01
  2.17669785e-01 -5.29599249e-01 -1.85365632e-01  4.67296600e-01
 -1.79144189e-01  2.49629736e-01 -5.72531760e-01  3.19052637e-01
  1.67583376e-02  3.78161371e-01 -3.73111367e-01 -1.35247156e-01
  3.85129571e-01 -3.00110895e-02 -7.11425021e-02  5.28204978e-01
  1.73106238e-01  2.24871799e-01 -4.54593599e-02 -2.82118708e-01
  8.62217665e-01 -4.90557738e-02 -8.08173120e-02  1.54214010e-01
  6.69794858e-01 -1.31488889e-01 -1.16734967e-01 -3.93422008e-01
  1.68819949e-01 -8.90919194e-02  2.08645001e-01 -3.15526605e-01
  3.69041830e-01 -8.31192493e-01  1.90174848e-01  1.39232099e-01
  6.71183228e-01  1.46949321e-01  6.42448187e-01  7.69449234e-01
  9.02850777e-02  2.91785121e-01  4.18797076e-01 -2.20942907e-02
 -2.41106272e-01 -1.74841896e-01  3.50351632e-01  6.63156927e-01
 -2.36927867e-01  5.40119074e-02  3.84159237e-02  3.05069357e-01
  6.05629897e-03 -8.62767398e-02 -5.60752265e-02  2.08659306e-01
  5.25546670e-01 -3.60084862e-01 -3.09907138e-01  4.15821016e-01
 -4.79371011e-01 -8.06445032e-02  1.26048878e-01  3.13714445e-01
  8.92589390e-02 -6.07618749e-01  5.16116738e-01 -2.21939325e-01
 -5.50240338e-01  4.25179273e-01  6.09534025e-01 -3.40138525e-01
 -2.81861246e-01  1.43380880e-01  4.59405392e-01  9.51334238e-02]"
タ,"[-2.99661551e-02  2.35579774e-01  2.16267854e-01 -4.62301165e-01
  1.46502957e-01  1.59057260e-01  4.88843143e-01  3.43817882e-02
  2.31429592e-01 -4.75955218e-01  9.65501428e-01  1.44587487e-01
 -3.04416180e-01  2.18970031e-01  5.76633871e-01 -7.43149146e-02
  1.22966498e-01 -2.05837458e-01  3.06487232e-01 -6.46916866e-01
 -4.75787103e-01 -4.26514417e-01 -3.73811781e-01  3.08984555e-02
  1.09216664e-02 -2.93104202e-01 -3.61434907e-01 -5.65030053e-02
  3.21628079e-02 -3.50589812e-01 -1.99837789e-01 -4.79252517e-01
 -1.99252479e-02  6.12472259e-02 -1.20409250e-01  6.15912259e-01
  1.48660764e-01 -7.46806189e-02 -2.11993039e-01 -2.97742337e-01
  1.13387346e-01 -1.35826588e-01 -6.36355281e-01 -4.45344567e-01
 -2.16307081e-02  6.85872316e-01  2.61787891e-01  1.03010170e-01
  2.79183775e-01  4.58381362e-02 -3.35032940e-01  5.32670803e-02
  1.20524228e-01 -1.07789263e-01 -1.40848160e-01  2.16222078e-01
  2.49952212e-01 -2.18029901e-01  1.12820625e-01  5.73501959e-02
 -7.49453455e-02 -1.90446988e-01  1.85510695e-01 -2.76439339e-01
 -1.08943269e-01 -2.89292574e-01 -1.85147242e-03 -1.42507613e-01
  3.78167368e-02 -5.24221301e-01  1.77446336e-01  5.51392175e-02
  1.34303674e-01 -2.22959772e-01  5.37544012e-01 -6.02257848e-01
  1.93570793e-01 -5.20524643e-02  5.09709895e-01 -1.05174385e-01
 -8.81144702e-02  3.53035271e-01 -1.23251960e-01 -1.02641988e+00
  2.46412903e-01  6.85964823e-02 -4.19943005e-01 -6.87328100e-01
  4.39353973e-01 -2.58307606e-01  1.43659532e-01 -1.16709851e-01
  1.21523656e-01  2.03724787e-01 -1.73979446e-01 -3.89984041e-01
  1.05054297e-01 -4.06380087e-01 -2.28427779e-02  9.06861573e-02
 -1.99103817e-01 -1.66494742e-01  2.53965884e-01 -8.31622109e-02
 -2.95609951e-01  7.66281486e-02 -1.89088240e-01  2.16593280e-01
 -1.05295256e-02  1.92863315e-01 -2.46624053e-01 -7.36581922e-01
 -6.68454885e-01  1.53523594e-01  1.62854731e-01  1.69706754e-02
 -4.62951362e-01  3.33336711e-01 -2.92251855e-01  3.58274668e-01
  3.38005960e-01  4.42474961e-01 -2.91267037e-01 -3.03502560e-01
 -3.53537560e-01  3.23735535e-01  2.82929122e-01 -9.15389434e-02
 -1.75312623e-01 -4.67682272e-01  1.64385363e-01  1.34649038e-01
 -4.42312837e-01  9.67956036e-02 -1.39187291e-01  6.48608625e-01
 -3.97078618e-02 -1.59846812e-01 -2.53886968e-01 -6.38386071e-01
  7.89156705e-02 -8.54528099e-02  2.54754603e-01  9.89833549e-02
 -3.24334204e-01  1.43080607e-01 -2.32915238e-01 -3.56462330e-01
  1.02784388e-01  2.76890486e-01 -3.18893880e-01  8.76443386e-01
 -2.85117447e-01  6.30542263e-02  5.69943249e-01  3.91576618e-01
 -3.98441225e-01  2.92969435e-01  2.51048923e-01  3.46937567e-01
  4.38345283e-01 -2.63639092e-01  1.75802618e-01  6.37234390e-01
  6.20617568e-02  4.89996850e-01  2.63442606e-01  1.88494578e-01
  1.00585274e-01  5.90886295e-01  5.55005610e-01  7.33949602e-01
  3.01001310e-01 -3.43335152e-01  5.00806533e-02  2.68896341e-01
  4.46986854e-01  2.31619105e-01  3.13695908e-01 -5.93590736e-01
 -6.11111848e-03 -2.24852040e-01  2.15833895e-02 -6.38685599e-02
  2.72835732e-01 -3.05014640e-01 -1.88641906e-01  4.10682037e-02
 -1.33700579e-01 -1.17594734e-01  1.64533272e-01 -3.79234791e-01
 -1.36827324e-02 -4.53405052e-01 -1.51211515e-01 -7.35498369e-01
  2.08937928e-01 -2.01926902e-01 -1.95111409e-01  6.64365649e-01
 -8.06749389e-02  1.93651304e-01 -1.68233156e-01 -5.78627706e-01
 -8.63688767e-01 -5.78569829e-01 -1.07736632e-01  7.04155922e-01
  5.88181317e-01 -7.45659769e-02  1.79060221e-01  5.25111556e-01
  2.50659406e-01  4.12462294e-01  1.57410830e-01  3.48495960e-01
 -3.53809148e-01 -4.02734399e-01  5.56166053e-01 -3.23269120e-03
 -5.00005744e-02 -5.67764267e-02  5.39637566e-01  2.04771265e-01
 -2.07519755e-01  5.01338005e-01  2.38741606e-01  1.70733929e-01
  6.99376762e-02  7.66363382e-01  1.18161114e-02 -5.86142182e-01
 -8.61167014e-01 -1.38440445e-01 -6.18503392e-01  2.19616920e-01
 -4.59072590e-01  6.19849443e-01 -4.46947105e-03  2.17116296e-01
  3.87898088e-01 -2.12497994e-01  1.40855059e-01 -7.15549588e-01
 -2.68750787e-01 -6.20127320e-02  1.47290947e-02 -8.14034939e-02
 -1.75518453e-01  2.29930595e-01 -6.10323489e-01 -6.31057501e-01
  1.71859533e-01 -4.53166574e-01  7.35765338e-01  2.59308606e-01
  1.98752582e-01 -1.23523995e-01  3.81315440e-01  5.03578298e-02
 -1.35161996e-01 -7.68967330e-01  3.92617434e-01 -6.43246844e-02
 -4.20342356e-01 -2.33181566e-02 -8.91819522e-02 -5.95490873e-01
 -4.39379811e-01 -3.94754142e-01 -1.84425384e-01 -3.75927567e-01
 -5.30730367e-01  2.09036112e-01 -1.57520652e-01  7.15329424e-02
 -1.29061699e-01  4.82911676e-01 -4.35601532e-01  2.91576117e-01
 -7.29819953e-01  3.35105658e-01 -6.40949190e-01 -9.48633403e-02
 -6.31974414e-02 -3.41346890e-01 -4.44250852e-01 -3.95514250e-01
 -1.38266921e-01  5.76125264e-01  2.62405366e-01 -1.72705904e-01
 -5.69435418e-01  1.49088740e-01 -2.58043766e-01  1.36819229e-01
  4.62164849e-01  1.36330351e-01 -1.63418509e-03  3.11880618e-01
  4.15723115e-01 -1.28348678e-01  2.41879076e-02 -1.07980743e-01
 -1.69175193e-02 -8.13083231e-01 -6.53277189e-02 -1.74520656e-01
  3.46210748e-01 -3.70300412e-01 -1.86801478e-01  6.85641587e-01
 -4.23173457e-01  5.92816889e-01  1.72281384e-01  2.52265394e-01
 -1.44581926e+00  3.85023117e-01  1.90219432e-01  2.97844350e-01
  8.77886042e-02  1.45401657e-01  1.11027993e-01 -5.74938990e-02
 -6.78434014e-01 -7.60268331e-01  7.41028190e-01  4.46878314e-01
 -2.33668759e-01  2.00399145e-01  4.54014122e-01 -1.06233016e-01
  2.08326623e-01 -2.76969552e-01 -3.36054385e-01  3.22804064e-01
  4.57792461e-01 -4.67718914e-02  2.76760478e-03 -4.14963007e-01
 -6.25007808e-01  5.21641970e-01  1.65115684e-01 -3.09191048e-02
 -8.05808425e-01 -3.20819281e-02  5.92415571e-01  8.43997777e-01
  3.92516553e-01  6.69855714e-01  2.77556330e-01 -3.47468078e-01
  5.76897085e-01  5.22862792e-01  4.86821592e-01  3.57853249e-02
  1.69018611e-01 -3.01421285e-01  4.69983786e-01  2.59584159e-01
 -1.95665166e-01 -5.30209802e-02  3.26360971e-01  3.86536181e-01
 -4.39108610e-01 -8.63753352e-03  6.73512280e-01 -5.43981791e-02
  3.62797439e-01  5.08806467e-01  8.52006793e-01  9.19913948e-02
 -1.24715783e-01 -4.45874661e-01  3.89481150e-02 -4.72150475e-01
 -4.64070290e-02  2.49437928e-01  6.43545926e-01  1.80078059e-01
 -3.93484175e-01 -4.67068553e-01 -3.88526499e-01 -4.55216765e-01
  2.36079320e-01 -3.04135948e-01 -5.05308151e-01  1.08156547e-01
 -3.48840982e-01 -2.52555817e-01  5.02934605e-02  2.95357853e-01
  4.80964005e-01 -4.88614053e-01 -2.77517438e-01  1.84798762e-01
 -1.73088774e-01 -9.53997746e-02  1.68650150e-01  6.75341263e-02
 -2.79203564e-01 -3.37671582e-03 -3.07510078e-01 -4.16349381e-01
 -1.23659872e-01 -1.28648296e-01 -7.28284359e-01  3.61377001e-01
 -3.37164178e-02  3.18481117e-01 -1.11765340e-01  2.12363601e-01
 -5.79021797e-02 -6.12405641e-03 -6.83400095e-01  2.51117557e-01
 -5.14046490e-01  5.09802341e-01  2.02501014e-01  3.70196730e-01
  2.70219278e-02  2.29741096e-01 -1.73004437e-02  2.23613024e-01
 -5.74088037e-01  1.03956148e-01 -3.94132435e-01 -1.11431397e-01
  5.26212454e-01 -6.53336525e-01  3.76909375e-01  1.18666455e-01
 -5.49459457e-01  7.20542371e-01 -3.26295465e-01  2.80928705e-02
 -1.27219662e-01  3.66679519e-01 -4.74165112e-01  1.33520305e-01
  5.62403500e-01  8.15480411e-01 -3.18196118e-01  4.57316011e-01
  2.00192392e-01 -1.78305805e-01  5.11981130e-01 -3.31428885e-01
  4.66658995e-02  6.66111999e-04  9.05242860e-02  4.37036812e-01
  1.26744494e-01  4.23158169e-01  2.31924251e-01 -5.15421033e-02
  2.10968688e-01  1.31144881e-01  3.46457288e-02  2.26193637e-01
 -4.26744789e-01 -5.13709113e-02 -1.42823681e-02 -1.93165302e-01
  1.01279892e-01 -5.32419123e-02  6.21730506e-01  2.30820462e-01
  3.73899966e-01 -3.55054617e-01 -5.41763544e-01 -3.83245200e-01
 -9.60799813e-01  1.31556511e-01 -7.90663213e-02 -1.63276196e-02
  6.90846264e-01  5.88578545e-02 -7.22112656e-01  2.35836729e-01
  2.72128489e-02  2.91976184e-01  4.03083205e-01 -2.15442598e-01
  7.09559470e-02  3.98972124e-01 -1.26126707e-01  1.62863761e-01
  1.12107601e-02 -3.19076516e-02 -1.29413649e-01 -7.25190401e-01
 -7.46306777e-02  9.69066843e-03 -1.38259888e-01  4.86339219e-02
 -4.86963317e-02  5.17931938e-01 -3.24877322e-01 -4.77065593e-01
 -2.66946048e-01 -9.78841260e-02 -1.59749001e-01 -5.27204216e-01
 -8.82906318e-02 -2.66705990e-01 -3.70777920e-02  5.53722858e-01
  1.26212314e-01 -1.79925904e-01  3.51804793e-01  8.11239600e-01
  3.29001725e-01 -2.76133955e-01 -1.77328452e-01  2.83513945e-02
 -2.39449125e-02  1.81579497e-02  3.36701691e-01  1.05576985e-01
 -5.92071339e-02 -2.49660667e-02 -6.41791821e-01 -3.77359599e-01
 -4.98495139e-02 -1.00686407e+00  7.86765099e-01  1.42199829e-01
  3.27162951e-01 -5.91947615e-01 -4.25616086e-01 -5.56285195e-02
 -9.50140357e-02  6.57174364e-02  3.92176419e-01  2.68515050e-01
 -4.43358719e-01 -1.54498905e-01 -6.50962949e-01 -7.22716451e-01
  2.66091764e-01  5.06580889e-01 -4.47363377e-01  7.18003884e-02
  3.01400125e-01  9.06874165e-02 -8.54358301e-02 -1.14973076e-01
 -2.02326894e-01 -3.82802844e-01  3.16183567e-01  3.47123623e-01
  2.67594904e-01  3.91975075e-01  1.17510473e-02  3.49306107e-01
  4.06838328e-01  6.52106583e-01  6.77609265e-01  2.06728265e-01
 -2.95980304e-01 -3.38719860e-02 -3.01791042e-01  2.97948092e-01
  3.51940691e-01 -6.79865256e-02 -8.16438615e-01  1.29637510e-01
  3.59595239e-01 -4.22446281e-01  3.53436232e-01  4.15180892e-01
  4.23547804e-01  5.95414937e-01 -3.82038802e-01 -7.82274976e-02
 -7.61259735e-01  1.75590232e-01  1.18746981e-01  2.82905460e-03
 -3.04479867e-01  3.16141918e-02  9.14571509e-02 -4.56850737e-01
 -2.21329153e-01  2.10730210e-01  2.45994300e-01  1.57623172e-01
  3.49374592e-01 -4.12948579e-01  5.97092390e-01  4.30367559e-01
 -2.68079549e-01 -2.92229682e-01 -1.48793817e-01  2.31118336e-01
  4.30457860e-01  1.59084797e-01  3.57093871e-01 -3.77342790e-01
 -8.44543278e-01 -2.18009446e-02 -1.30999135e-02  2.65737385e-01
  7.06270576e-01 -8.16599965e-01 -4.97601070e-02  5.13370395e-01
  8.08049083e-01 -5.22131585e-02 -2.97910810e-01 -5.25259852e-01
 -1.88427538e-01 -1.35287687e-01 -3.31186384e-01  3.62425178e-01
  4.46477719e-02  5.87640524e-01 -3.18144932e-02 -1.16054967e-01
 -1.95367426e-01  8.12337279e-01  4.07300919e-01  6.72218297e-03
  2.08169505e-01  3.49424258e-02 -4.43483621e-01 -7.18753934e-02
  2.72153318e-01 -3.70367467e-01 -1.54869959e-01  1.74514607e-01
 -3.93838197e-01 -1.14709832e-01 -1.86655268e-01 -5.02172261e-02
  3.51100236e-01 -1.54087305e-01 -4.24016178e-01 -3.41828108e-01
 -5.34637272e-02  3.64018321e-01 -8.19524467e-01 -1.77215248e-01
 -2.28437096e-01  1.85579330e-01  4.22203019e-02 -1.65699080e-01
 -4.80414540e-01 -5.62826455e-01 -4.52997953e-01  1.40648350e-01
  1.40121818e-01 -4.81932133e-01  4.71815914e-01  1.96079716e-01
 -1.48388878e-01 -1.19142509e+00  4.96811807e-01  1.02793932e-01
  7.11098373e-01 -2.55843937e-01  3.21620345e-01 -1.03126299e-02
  1.24622777e-01 -1.62571281e-01 -4.50742304e-01  6.66210949e-01
 -1.04435930e+01 -3.57222646e-01 -5.08106053e-01 -1.70224175e-01
 -3.90432179e-01  4.77056652e-01  1.89552546e-01  4.22308922e-01
 -4.48839180e-03 -6.46698475e-02  6.86290264e-02  1.07366987e-01
  1.40162811e-01  1.49776787e-01 -2.20811665e-01 -7.43995681e-02
 -3.73730332e-01 -2.49499276e-01 -6.55974090e-01 -6.84830919e-02
  1.96705148e-01 -3.56589913e-01  2.96620339e-01  3.35487694e-01
  1.99687496e-01  7.04082847e-02  3.58760089e-01  5.80973513e-02
 -3.10387552e-01  5.27437508e-01 -9.37580168e-02  2.01940879e-01
 -1.02422178e-01  2.93562889e-01 -5.40420711e-01  2.52985451e-02
  9.93592367e-02 -1.66584421e-02 -2.29644433e-01  5.84807038e-01
  2.08952114e-01  4.40937787e-01  3.92607786e-02 -2.71267653e-01
  3.37653905e-01  3.44211668e-01  2.34188393e-01 -8.45958963e-02
  4.30568844e-01  7.24609494e-02  8.71606618e-02 -1.99142188e-01
 -1.00829452e-01  3.45502868e-02  1.31053835e-01 -3.51088084e-02
  3.42283726e-01 -8.66864383e-01 -1.78458676e-01 -9.74012390e-02
  2.31044665e-01  8.35519806e-02  1.22753024e+00  3.87448698e-01
  5.01337796e-02  2.66884863e-01  2.13528678e-01  2.18898375e-02
 -4.01895314e-01 -3.08612972e-01  4.91428465e-01  2.12013632e-01
 -2.32747510e-01  1.83431536e-01 -8.17566887e-02  5.74736416e-01
  3.35067958e-01  1.57740995e-01  2.36426964e-01  1.89588703e-02
  5.00497401e-01  1.82547957e-01  5.91266863e-02  2.70417303e-01
 -7.46211171e-01  2.68312404e-03  3.72308880e-01  1.89852014e-01
  4.80819434e-01 -5.40397644e-01  6.07325137e-01 -3.68746966e-01
 -2.22947985e-01  4.32999194e-01  3.82213861e-01  5.22193760e-02
  4.58044559e-02  1.62065029e-01  4.00699943e-01 -5.65884411e-02]"
ン,"[ 3.17613687e-03 -6.07978404e-02  8.68006200e-02 -6.61807656e-01
  1.11189066e-02  3.26512426e-01  1.91664413e-01 -4.04566735e-01
 -4.29208189e-01 -4.08304513e-01  5.46361029e-01  2.07058281e-01
 -3.82692397e-01  6.25517517e-02  7.95114398e-01 -4.42884237e-01
  3.12596262e-01  3.43851298e-01 -5.23972958e-02  5.17843142e-02
  9.78624746e-02 -5.57179034e-01 -2.74719983e-01  4.72691730e-02
 -4.59600277e-02 -3.68633270e-01  2.24446252e-01 -8.23124871e-02
  9.83265489e-02 -2.37664342e-01  1.59143001e-01 -4.42582101e-01
 -8.01399499e-02 -2.66500235e-01 -3.09830289e-02  1.08848056e-02
 -6.90804943e-02  2.67906427e-01  2.06370443e-01  1.93275303e-01
  1.47970796e-01  7.63707468e-03  1.94862664e-01 -1.71204269e-01
 -5.28566688e-02  1.62715256e-01 -8.94470736e-02  1.00410804e-01
  5.91101348e-01 -2.88962901e-01  1.37422949e-01  5.50191760e-01
  4.75078493e-01  1.71626002e-01 -6.01437613e-02  3.18500221e-01
  8.22449863e-01 -5.57417631e-01 -1.14977181e-01  1.27614051e-01
 -5.70630729e-01  2.01447353e-01 -3.59570861e-01  2.33215570e-01
 -2.31568545e-01  1.06435306e-01  3.59065235e-02 -1.41760200e-01
 -3.78113747e-01 -3.54009688e-01 -2.74864323e-02  4.02396023e-01
 -6.04655266e-01 -3.35921586e-01  5.04861295e-01 -1.39341205e-01
  3.97652686e-01 -1.79454118e-01  2.27434691e-02  1.81479022e-01
 -1.18774094e-01  2.26871729e-01 -9.03581604e-02 -6.76216125e-01
  5.69993667e-02  2.46051811e-02 -2.30012953e-01 -5.12059629e-01
  1.24878541e-01 -4.49353546e-01 -1.13327712e-01 -2.07393631e-01
  3.07430148e-01  1.45306038e-02 -1.84143722e-01  1.83727786e-01
 -6.20439947e-02 -2.28585601e-01 -8.33185613e-02 -1.28377341e-02
 -4.64905530e-01  2.86150634e-01  1.15068398e-01  1.07643448e-01
  5.51507473e-02  1.07568718e-01 -1.80956811e-01  3.81249785e-01
 -1.39119878e-01  4.46294099e-01  2.86272138e-01 -2.63554543e-01
 -2.67962813e-01  5.20831123e-02 -1.24907292e-01  2.64774775e-03
  2.67717317e-02  2.46902078e-01  3.02001107e-02  3.71081442e-01
 -1.09858617e-01  4.69937414e-01  5.87188080e-03 -6.16717003e-02
 -2.28099138e-01 -1.40672177e-01  7.04468787e-02 -3.09187949e-01
 -7.20217265e-03 -3.81282210e-01  1.61726072e-01 -4.14503291e-02
 -5.85693121e-01  2.54744262e-01 -1.13806263e-01  4.81149107e-01
  1.30574569e-01  7.83994868e-02 -3.91741931e-01 -5.68801582e-01
 -3.19120549e-02 -2.43827060e-01  3.64306957e-01  9.48860645e-02
 -1.71864644e-01  2.71617740e-01  3.19801271e-01  1.31136999e-01
  7.37638891e-01  5.04436970e-01 -2.00155348e-01  7.39304841e-01
 -4.96624589e-01 -5.09211002e-03  2.59334475e-01 -1.62421137e-01
 -4.99266744e-01  4.15181309e-01 -1.08698241e-01  6.08009756e-01
  1.55262813e-01 -3.18141460e-01  2.96795756e-01  8.42025757e-01
  1.29516676e-01  7.17563033e-01  3.21345001e-01  4.22184765e-01
  6.05125904e-01  5.96647143e-01 -1.65656701e-01  5.46399534e-01
  3.13374668e-01 -3.28739911e-01  2.96329826e-01  5.74971503e-03
  3.74555811e-02  5.07695258e-01  1.68163180e-01 -9.26605403e-01
 -1.95722863e-01  1.94184914e-01  5.22578396e-02 -4.19142753e-01
  7.75595307e-01  6.69464469e-03  5.30292153e-01  2.60510147e-01
 -6.96816519e-02 -1.84170589e-01 -3.72766554e-02 -9.85671952e-03
  2.62230158e-01 -4.05326307e-01 -5.70496500e-01 -1.91451058e-01
  9.44606438e-02  5.08277006e-02 -4.83355403e-01  4.18068171e-01
  3.13399851e-01 -3.69711295e-02 -2.73024946e-01 -8.95397723e-01
 -8.14264417e-01 -2.51998007e-01 -1.53145298e-01  2.97361761e-01
  1.47576453e-02  9.84799936e-02 -2.79979825e-01 -3.44386131e-01
  3.40916514e-01  6.03276640e-02  2.96489507e-01 -5.70669658e-02
 -9.99072969e-01  2.38197539e-02  4.89080735e-02 -3.46764252e-02
  1.86461926e-01  1.58124045e-02  2.86242902e-01 -5.11531234e-01
 -2.33803719e-01  1.35309905e-01  1.60846829e-01 -2.10655406e-01
  1.54798746e-01  5.37417233e-01 -6.63324967e-02 -1.90049887e-01
 -8.29337060e-01  2.21803054e-01 -4.50445712e-02  4.05446231e-01
 -6.59997702e-01  6.99217796e-01  1.81041267e-02 -2.42955773e-03
  5.48265994e-01  3.27879101e-01  1.13901928e-01  2.34907120e-01
 -3.64142329e-01  3.44855964e-01  1.52600616e-01 -4.32588935e-01
 -6.53170884e-01 -5.37963450e-01 -9.27617610e-01 -3.59889865e-01
 -8.56102630e-02  1.10338099e-01  4.77373540e-01  9.74730402e-02
  2.28224918e-01 -4.77896720e-01  1.22330181e-01 -3.65375876e-01
 -3.75363022e-01 -4.72373843e-01 -2.52517253e-01  3.11940946e-02
 -1.93095580e-01 -2.20293105e-01  8.52293335e-03 -5.55094838e-01
 -7.38495648e-01  1.60837919e-01  7.88786188e-02 -3.68390322e-01
 -4.11453336e-01  6.41935840e-02 -1.21346146e-01 -3.29597801e-01
 -1.12583721e-02  2.54391462e-01 -3.79724205e-01 -2.08807196e-02
 -6.49289191e-01  6.13862753e-01 -6.30755723e-01 -3.39933723e-01
 -1.04494296e-01  1.66841224e-02 -1.44660562e-01 -4.67879236e-01
 -1.89699382e-01  7.63560593e-01  2.99068868e-01 -1.38578862e-01
 -3.64135116e-01 -4.97943729e-01 -5.78303158e-01  4.36944693e-01
  4.17651296e-01  1.07447378e-01  8.78961757e-02  4.02312696e-01
  5.33405006e-01  1.97818547e-01  2.84468293e-01 -1.84748411e-01
 -2.36684322e-01 -2.72533864e-01 -1.30634427e-01  6.27033412e-02
  4.48220760e-01 -3.05838406e-01 -1.22567318e-01  9.93842244e-01
 -4.59341526e-01 -3.65406692e-01  7.31888354e-01 -6.70155808e-02
 -1.39971960e+00  2.08987743e-01  4.64135826e-01  3.39649886e-01
 -4.81524795e-01  7.12354779e-01  1.87801823e-01  5.76931000e-01
 -2.34410152e-01 -4.89848614e-01  5.67231834e-01 -1.24762781e-01
 -4.13682163e-01  4.25400406e-01  1.54349640e-01 -5.03200829e-01
 -8.71274900e-03 -4.59089309e-01 -2.12643519e-01  4.48241919e-01
 -1.86276466e-01 -2.74078120e-02  1.12516331e-02 -4.01343137e-01
 -2.44004950e-01  3.09017986e-01 -1.48792658e-02 -5.37410796e-01
 -5.53410411e-01 -2.89433151e-01  3.39350790e-01  1.05810380e+00
  1.44974336e-01  6.22008622e-01 -4.68728423e-01  4.52818841e-01
  3.88497591e-01  1.07368588e-01  5.57179749e-01  2.76418477e-01
 -2.42470354e-01 -2.15807959e-01  5.62711298e-01  4.15305495e-01
  1.06074534e-01 -4.43860218e-02  1.33653417e-01  6.35653511e-02
  1.82625905e-01 -1.05584092e-01  6.50277615e-01 -1.41808420e-01
  3.53652328e-01  5.14618933e-01  2.33099461e-01 -9.00570750e-02
  7.81622529e-02 -4.57689911e-01  1.09429002e-01 -8.40636492e-01
  5.04574835e-01 -2.83449870e-02 -2.18085330e-02 -5.20893447e-02
 -1.03149295e-01 -4.37160015e-01 -1.79494787e-02 -1.39989480e-01
  2.67539263e-01 -5.08157313e-01 -5.33895075e-01  1.07774056e-01
 -6.89213574e-02 -2.83149242e-01  1.71120137e-01  3.12902868e-01
  4.28791821e-01 -5.32688439e-01 -4.09486890e-01  7.73353815e-01
  1.62159633e-02 -7.25411298e-03  5.61429620e-01  1.17548563e-01
 -7.60221034e-02 -2.11329386e-01 -4.42888379e-01 -2.04645008e-01
 -7.78024912e-01 -3.56423646e-01 -4.52841729e-01  2.16080964e-01
  2.36276343e-01  3.22584599e-01 -1.11663848e-01 -4.70034219e-02
  7.03728721e-02  1.37324661e-01 -6.32245988e-02 -6.52181864e-01
  2.31035039e-01 -1.59226939e-01  5.89680910e-01  8.06764603e-01
  1.58732638e-01 -2.73249149e-01 -1.71576813e-01  2.11646900e-01
  2.31354371e-01  1.23028457e-01 -6.48590446e-01  1.93797164e-02
  5.92741907e-01 -9.51088667e-02 -2.24315897e-01  1.12371504e-01
  3.11464936e-01  4.61230457e-01 -2.76660681e-01 -3.82485032e-01
 -3.53952907e-02  3.31824541e-01 -5.21954633e-02  3.87284011e-01
  9.41041410e-02  1.02863395e+00  2.51859516e-01 -7.52753988e-02
  2.33967155e-01 -3.08179170e-01 -7.24743828e-02 -2.20114797e-01
  2.93157399e-01  1.90492213e-01  9.27618966e-02  5.09248078e-01
  1.10045530e-01 -3.63772511e-01 -2.76042730e-01 -8.28023702e-02
  3.29618990e-01  1.68551907e-01  9.73466262e-02  2.86636442e-01
 -5.14961481e-01 -3.74912634e-03 -3.45947295e-01 -4.57727015e-01
 -1.33094743e-01  1.08476266e-01  6.00565195e-01  1.60536230e-01
  5.43937564e-01 -5.33170700e-01 -3.25734526e-01 -3.71145517e-01
 -4.54083532e-01 -1.34091273e-01 -2.62034595e-01  2.08984196e-01
  1.86641410e-01  1.43626943e-01 -4.56720203e-01 -3.66131932e-01
 -8.83623958e-02  3.65077525e-01  2.15740874e-02 -1.00308716e+00
 -4.10585403e-01  6.31158948e-01 -1.84855133e-01 -3.69897455e-01
  1.03659995e-01  2.36632690e-01  1.72609523e-01 -2.16003954e-01
 -2.13409830e-02 -1.68961227e-01  3.04128975e-01 -1.61232110e-02
  4.92134273e-01 -9.64426622e-02 -2.04459786e-01 -3.32964689e-01
  5.66480383e-02 -2.57824510e-01 -3.34034473e-01 -5.72498620e-01
 -3.06880534e-01 -4.57549095e-02  1.79456457e-01  1.16783254e-01
  4.51031655e-01 -2.44654551e-01  4.98524696e-01  3.15715522e-02
  1.46785304e-01 -9.06953961e-02  2.86881000e-01 -2.87588745e-01
 -1.96511522e-01 -1.93210766e-01  5.32663286e-01  2.68179744e-01
  3.17699850e-01 -2.00333640e-01 -5.33043921e-01 -1.28149822e-01
 -2.39200979e-01 -5.19485593e-01  5.82714915e-01  9.00339633e-02
  5.45618236e-01 -1.83607638e-01  2.24078834e-01 -1.90752864e-01
 -1.51288521e-03 -3.93022567e-01 -1.05430625e-01 -1.07825808e-01
 -8.34050000e-01 -1.86623216e-01 -3.21225554e-01 -4.42048252e-01
  5.20093322e-01  2.66908616e-01 -6.01378739e-01 -3.17012846e-01
  1.42521292e-01 -3.42735127e-02 -4.50731009e-01 -8.93237889e-02
 -5.12572050e-01  1.82778418e-01  4.87899512e-01  4.28265184e-01
  4.14472908e-01 -2.68916726e-01 -6.81961894e-01  1.48743704e-01
  7.06680298e-01  1.27625644e-01  2.58611500e-01  1.33899599e-01
 -6.30201921e-02  6.87753735e-03 -3.61166924e-01  5.99597991e-01
  3.28471392e-01  6.11234367e-01 -1.59367308e-01  5.79657137e-01
  5.70499778e-01 -2.03969046e-01  2.70966887e-01  9.04450119e-01
  3.97225410e-01  6.36755407e-01 -5.77708259e-02  3.68234590e-02
 -5.47057211e-01  2.95317620e-01 -2.78408259e-01  2.50532746e-01
  2.95597583e-01 -3.87314558e-01 -1.06711723e-02 -4.47060823e-01
  5.82158118e-02  3.54063928e-01 -2.57291913e-01  6.40492439e-02
 -1.53027967e-01 -5.27771890e-01  3.81747633e-01 -1.58414677e-01
 -7.10591152e-02  1.84038460e-01 -3.50280739e-02  4.53729361e-01
  5.28607190e-01  2.89910972e-01 -4.13019881e-02  2.18813434e-01
 -6.56645000e-01  8.71488005e-02 -4.67824578e-01  2.55652428e-01
  8.07451427e-01  1.06632136e-01 -7.05801308e-01  1.14724427e-01
  7.12393165e-01 -3.56042296e-01  6.12720251e-02 -1.09155071e+00
 -1.83731511e-01 -1.11092418e-01  1.16029590e-01  1.15147159e-01
 -1.75462157e-01  4.96920139e-01 -3.07970017e-01 -1.20885350e-01
 -2.61702031e-01  7.54705608e-01  6.75808936e-02 -2.03601196e-01
 -8.34806710e-02  5.29114045e-02 -5.20556681e-02  2.55377173e-01
  5.19331433e-02 -4.06432241e-01  1.17533110e-01 -4.00002636e-02
 -2.94865906e-01 -2.02174541e-02  4.06660765e-01  1.87807217e-01
  2.56806910e-02  2.26845756e-01 -4.00772244e-02 -8.69129181e-01
 -2.08236724e-01  3.32490236e-01 -9.42822278e-01 -7.35208243e-02
 -1.42976373e-01 -1.13643274e-01  3.54890704e-01 -1.47615075e-01
 -3.49446923e-01  1.57335289e-02 -2.95113206e-01 -5.24454191e-02
 -1.21971622e-01 -5.85670590e-01 -6.85122907e-02  2.01101497e-01
 -9.97806042e-02 -1.07491338e+00  1.43380091e-01  1.80716157e-01
  3.34964663e-01  5.05462624e-02  5.15951395e-01  2.37292767e-01
  3.97394374e-02  4.21320677e-01 -2.29931965e-01  1.79247186e-01
 -1.03820820e+01 -4.44893003e-01 -3.65293264e-01 -1.83305487e-01
 -3.69284958e-01  4.92114902e-01  6.92190528e-01  3.03514808e-01
 -2.52415985e-01  4.12858665e-01 -3.01866412e-01  2.48289540e-01
  1.43474624e-01  9.37308729e-01 -4.28608716e-01 -1.82765752e-01
  3.00782621e-01  8.21121186e-02  6.40494302e-02  3.10793161e-01
 -2.13016227e-01 -4.07034278e-01  6.02096558e-01  7.59041309e-02
 -6.83071688e-02 -3.66577953e-01 -2.48921990e-01  2.34104961e-01
 -1.81457207e-01  1.10360451e-01 -6.09164238e-01  5.34744024e-01
  1.00308433e-01  3.63924474e-01 -7.44879067e-01 -2.30176792e-01
 -8.91357064e-02  2.33388156e-01  3.84759128e-01  5.59588253e-01
 -8.36476907e-02  6.77435100e-01  2.64930218e-01 -4.22809809e-01
  8.53337288e-01 -2.34485701e-01  3.33837777e-01  5.19216418e-01
  2.75016248e-01  1.35407135e-01 -1.36321679e-01 -6.43802226e-01
  4.21624165e-03 -4.34754133e-01 -1.33099556e-01 -1.42282978e-01
  3.30442816e-01 -6.97705925e-01  3.30822952e-02 -1.12732790e-01
  4.78639036e-01 -2.73013711e-01  6.63694620e-01 -5.87224513e-02
 -3.25073451e-01 -1.60571501e-01  6.56867251e-02  6.94627881e-01
 -5.97562611e-01 -2.92080969e-01  5.59029043e-01 -2.73032725e-01
  2.16637284e-01  4.05589044e-01 -4.60919708e-01  2.65621245e-01
 -1.92683697e-01 -1.77279994e-01  1.11961389e+00  7.46123493e-02
  4.50416654e-01 -4.80197296e-02 -4.25727963e-01  1.74755409e-01
 -1.07366514e+00  4.93901521e-01 -1.73196644e-01  1.24258988e-01
  3.95558953e-01 -4.19577271e-01  5.82466722e-01  1.52464572e-03
 -3.31682295e-01  1.18207902e-01  4.81196791e-01  6.66705295e-02
  4.59523231e-01  7.95234889e-02  9.23289955e-01  1.36794508e-01]"
ケ,"[ 2.42983744e-01  6.61647081e-01  4.14434195e-01 -5.31312227e-01
  1.04339898e-01  1.10275947e-01  1.06261194e-01 -2.47834116e-01
 -2.82122970e-01 -1.26020119e-01  3.78420025e-01  1.03774980e-01
 -1.07884943e-01 -2.94757605e-01  5.36776423e-01 -9.28157926e-01
  1.16735227e-01  6.56434596e-02 -1.83230370e-01 -2.12079987e-01
 -4.94876027e-01 -4.05501306e-01 -4.89496082e-01  4.15394038e-01
  2.37108335e-01  9.90686864e-02  3.00017208e-01  2.30317578e-01
 -1.50839567e-01 -4.30407733e-01  1.60728768e-01 -3.66934896e-01
 -7.88718555e-03 -2.88333207e-01 -2.22001731e-01  4.11872476e-01
  1.57045312e-02 -3.44284624e-01  6.69746280e-01  3.24419528e-01
  4.92513508e-01 -1.04946829e-02 -1.45402238e-01 -4.75986481e-01
 -1.83862805e-01 -2.56758053e-02  2.66797654e-02 -2.45186791e-01
 -1.45347774e-01  2.87010878e-01 -6.90131187e-02  1.47571281e-01
  2.69189686e-01 -9.75613892e-02 -1.41009599e-01 -2.09819764e-01
  4.57318753e-01 -1.17477477e-01  7.93971196e-02  1.47165596e-01
 -6.07470214e-01 -2.48136818e-02 -2.85619438e-01  2.63646305e-01
 -1.50541455e-01  2.05124050e-01  1.77532330e-01 -1.43306538e-01
 -3.58594465e-03  1.59628808e-01 -9.07938555e-02  2.54120946e-01
 -4.10707742e-01  8.26245546e-02  4.37749714e-01  1.31619766e-01
  1.34735867e-01 -6.24474466e-01  2.05821231e-01  1.93708450e-01
 -1.44872308e-01  6.12187028e-01 -1.08338021e-01 -9.23694670e-01
 -3.28349292e-01  4.22950089e-01 -8.55821431e-01 -6.49204493e-01
  7.46537626e-01  1.91497773e-01  3.26317757e-01 -1.21452220e-01
  1.69238001e-01  5.16637638e-02  4.65066671e-01  5.60071655e-02
  1.09511249e-01  6.39735139e-04  5.53719327e-02  4.07889456e-01
 -5.67250371e-01 -1.98796421e-01  2.26551190e-01  2.04362273e-02
 -2.53286928e-01  1.02281630e-01 -1.48578644e-01  2.98435390e-01
  5.23440242e-01  1.86442465e-01  2.29677036e-02 -5.23345530e-01
 -1.03751111e+00 -3.80867198e-02 -5.10710001e-01 -6.20136447e-02
 -1.46765798e-01  2.12909490e-01 -5.90549596e-03  9.58530605e-01
  1.52095973e-01  6.95381522e-01 -2.73402929e-01 -4.18316722e-01
 -6.10742569e-01 -3.33437175e-02  2.11496949e-01 -5.00729121e-03
  2.97402203e-01 -5.95650613e-01 -1.55517846e-01 -3.45940113e-01
 -4.77604061e-01  1.49687156e-01 -2.89343983e-01  1.32733428e+00
 -2.77786016e-01 -3.31554204e-01 -1.16688140e-01 -7.16544151e-01
 -3.89084756e-01  2.68974900e-01  4.93835807e-01 -3.20211232e-01
 -3.55864555e-01  2.38670006e-01  2.28365019e-01 -1.37026206e-01
  3.48668247e-01  2.29750574e-01  7.07686543e-02  7.89300978e-01
 -4.18758661e-01  2.13486463e-01 -3.80802862e-02 -2.27503344e-01
 -4.24121708e-01  8.12907040e-01 -5.52768633e-02  1.29970178e-01
  4.82939869e-01 -3.33131254e-01  8.83076787e-02  6.62143707e-01
  1.92182183e-01  3.53275150e-01  5.63312531e-01  8.06767792e-02
  5.19129634e-01  8.49038839e-01  1.57426313e-01  1.92037836e-01
  2.67482817e-01 -1.19606145e-02 -1.79694071e-02  3.75825554e-01
  1.09623320e-01 -1.50926575e-01  5.98473698e-02 -6.68065310e-01
  1.79712959e-02 -4.22224879e-01  2.69056648e-01 -6.09035969e-01
  4.29628283e-01  1.82001814e-01  2.57597476e-01 -8.01635720e-03
  2.30918154e-01  2.19380587e-01  7.11452216e-02 -1.97873503e-01
  3.08654934e-01 -3.05957019e-01 -2.48256177e-01 -4.04009558e-02
 -1.86616182e-01 -1.04710683e-01 -3.69098902e-01  6.21734321e-01
 -1.49576059e-02  2.08998397e-02  1.55353740e-01 -1.00836909e+00
 -6.59872770e-01 -3.07220090e-02  7.40824491e-02  2.43539974e-01
  2.01195046e-01  4.04138356e-01 -3.81080389e-01  3.07194799e-01
  2.13843957e-01  2.13415235e-01  7.39353836e-01  1.24230146e-01
 -4.99982357e-01 -6.20070517e-01  6.95783973e-01 -4.20925260e-01
  2.96665817e-01  2.87886381e-01  1.15416288e-01 -3.49674284e-01
 -5.42521775e-01  3.03326398e-01  6.87091231e-01 -1.92804158e-01
  2.80525297e-01  7.86598802e-01 -2.74355739e-01 -7.09179521e-01
 -7.55965531e-01  4.02801573e-01 -5.77353060e-01 -3.29766446e-03
 -1.89533249e-01  3.89778644e-01  1.03490449e-01  4.46693420e-01
 -2.23336563e-01  8.43053237e-02  1.23795629e-01  2.08829269e-02
 -2.95165867e-01  1.24773525e-01 -2.41209030e-01 -6.96718931e-01
 -2.19151139e-01 -5.63319623e-01 -7.80928135e-01  2.35174313e-01
 -7.93177709e-02 -6.61480308e-01  7.60380387e-01 -1.34834036e-01
  1.94659144e-01  3.50688249e-01  6.98992610e-01 -2.84044683e-01
 -9.34493959e-01 -6.18886948e-01 -1.09934501e-01 -2.04715028e-01
 -2.34594434e-01  2.68267363e-01  1.31307706e-01 -2.01235846e-01
 -9.30844724e-01 -3.64141345e-01  5.58054447e-01 -4.75634784e-01
 -2.43771940e-01 -9.48891789e-02 -5.02436817e-01 -1.32405728e-01
  5.24689332e-02  6.77733064e-01 -5.29695034e-01  4.79349852e-01
 -6.65214896e-01  2.19945520e-01 -9.17438090e-01 -3.69209707e-01
  2.43194371e-01 -2.33711869e-01 -2.76689231e-01 -6.34642959e-01
 -2.65756041e-01  1.16315419e-02  1.32512823e-01 -1.06600308e+00
 -1.12010859e-01 -8.64522457e-02 -2.06303611e-01  5.90228558e-01
  2.40708724e-01  3.16125125e-01 -2.27327973e-01  2.48950850e-02
  1.73042521e-01  9.93838012e-02  4.27819520e-01 -1.96427464e-01
 -2.36885741e-01  1.08922052e-03 -5.91033623e-02 -3.96090686e-01
  5.07862151e-01 -1.63101852e-01  2.18893185e-01  4.48639601e-01
 -5.53712368e-01 -4.63178568e-02  1.24448180e+00  3.48742932e-01
 -1.50201535e+00  5.99540830e-01  2.30322972e-01  4.92267251e-01
 -2.42355950e-02  8.28933001e-01  1.65879533e-01  2.40007624e-01
 -1.75178066e-01 -4.95150208e-01  8.98319900e-01  5.47534764e-01
 -3.15732449e-01  4.95436102e-01  7.17108905e-01 -2.82720804e-01
  3.41013402e-01 -6.12178087e-01  2.75671203e-02  3.62047583e-01
 -1.28877148e-01  5.86671494e-02 -3.59301597e-01 -4.15886462e-01
 -3.23458314e-01  2.18678832e-01 -5.43814264e-02  3.66624892e-01
 -6.25962555e-01 -3.30054104e-01  3.59206237e-02  9.05072808e-01
  7.25975335e-01  6.45570040e-01 -8.03440869e-01 -3.68760109e-01
  3.28003079e-01  3.39110285e-01 -1.11615039e-01 -4.98237126e-02
  3.11206102e-01 -6.00452781e-01  7.44467080e-01  4.94389795e-03
 -2.73741663e-01  4.37093407e-01  2.13876575e-01 -1.15026243e-01
 -1.55057222e-01  3.71474773e-01  5.80129623e-01  1.33970277e-02
  3.82444471e-01  1.66542724e-01  5.57122946e-01  1.55771459e-02
 -3.92663777e-01 -2.14872837e-01  5.07878125e-01 -6.61259174e-01
 -1.46612436e-01 -3.99776213e-02 -4.44043040e-01  3.93290460e-01
  5.50920703e-02  1.10716604e-01 -4.61688399e-01 -9.68769789e-02
 -3.80791992e-01 -3.49235535e-01 -7.85924554e-01  1.58579722e-01
 -1.02816418e-01  1.69182509e-01  6.84942007e-02  5.90056367e-02
  6.42101586e-01 -3.89000237e-01 -6.94823146e-01  4.97640848e-01
 -2.10066885e-01  6.16585910e-01  1.52980611e-01  3.49158138e-01
 -8.53445530e-02  5.20271301e-01  8.30933154e-02 -3.33798945e-01
 -9.16583180e-01 -1.62950270e-02 -7.33271241e-01  4.28533703e-02
 -1.87878296e-01  6.51965141e-01 -1.90103903e-01  1.04135819e-01
 -2.16933176e-01 -1.17223606e-01 -6.70883596e-01 -4.08377767e-01
 -2.15285514e-02  4.12570119e-01  1.18696384e-01  2.39137217e-01
  7.60342479e-02  2.22781777e-01 -1.96928754e-01 -1.20594062e-01
  2.04806358e-01 -2.83829331e-01 -2.15340763e-01 -3.13322783e-01
  3.03208202e-01  2.22940505e-01  1.99378073e-01  1.40564054e-01
  1.34893656e-01  9.17116284e-01 -4.07739868e-03 -5.68395793e-01
 -2.02481136e-01  7.48540014e-02 -5.58235884e-01  6.20762229e-01
  6.03394628e-01  3.16879570e-01 -2.12513283e-01 -2.88510211e-02
  3.11512262e-01  2.21039176e-01  2.49351710e-01 -2.54389405e-01
 -9.92610976e-02 -1.65607199e-01  6.28498852e-01  1.07133162e+00
  2.83630192e-01 -1.07452095e-01  9.00056660e-02  4.16677803e-01
 -3.19882363e-01  2.92134970e-01 -9.71302092e-02 -2.27658406e-01
 -1.31079271e-01  1.18297018e-01 -5.38550392e-02 -6.49767578e-01
 -2.52242424e-02 -2.64421463e-01  5.95304929e-02  1.22790508e-01
 -5.16981892e-02  1.29454523e-01 -2.90019035e-01 -9.42623094e-02
 -1.63310438e-01 -1.55384481e-01 -4.45168197e-01 -7.10231885e-02
  4.44833100e-01  2.61295855e-01 -5.23063362e-01 -1.09547697e-01
 -5.02949953e-01  2.45134383e-01  2.19964564e-01 -9.73588765e-01
 -7.07339635e-03  4.77484614e-01 -4.49726194e-01  3.07370156e-01
  7.92830348e-01  1.82920434e-02 -1.01889014e-01 -6.85815573e-01
 -1.85781986e-01  1.09096784e-02  1.31780818e-01 -6.56769753e-01
  8.30115080e-01  1.01656109e-01 -5.71702659e-01 -1.14932701e-01
 -2.62709200e-01  3.40241790e-02  3.10940528e-03 -3.71332943e-01
 -3.02453190e-01  1.30453035e-01 -7.12276027e-02  3.35875690e-01
  3.01972717e-01 -3.83608252e-01  5.50241292e-01  4.76828396e-01
 -1.81396514e-01 -2.05640882e-01  1.38178796e-01  1.30057931e-01
 -2.51086652e-01 -4.90662009e-01  5.84722817e-01  9.90990922e-02
  4.54297751e-01 -5.01931250e-01 -4.52583998e-01 -9.55391824e-01
 -3.08103412e-01 -4.12002712e-01  1.01010895e+00  1.06171153e-01
  5.92078924e-01 -5.46623349e-01  3.69764157e-02 -2.33401835e-01
 -4.80785966e-01  3.40243764e-02 -6.63916057e-04  1.70540854e-01
 -5.42601883e-01  5.97610399e-02 -5.66765144e-02 -5.71679771e-01
  5.89732587e-01  2.15650350e-01 -5.51976800e-01  2.14102030e-01
  3.32562447e-01  4.88354474e-01 -3.27153951e-01 -4.44363104e-03
  2.88240220e-02 -4.15050626e-01  4.93107557e-01  5.98717451e-01
 -1.68216433e-02  8.29540566e-03 -4.52356666e-01  1.86267331e-01
  4.56171542e-01  9.95494574e-02  5.67488372e-01 -1.29907057e-01
  3.05525810e-01 -3.93447608e-01 -5.91024399e-01 -1.65695339e-01
  5.24529397e-01 -3.61129120e-02 -2.30585098e-01  5.20514965e-01
  8.12446654e-01 -4.47135925e-01 -2.02597722e-01  5.87855458e-01
  5.43065906e-01  5.17321825e-01 -1.23918481e-01 -3.95412445e-02
 -1.17859408e-01  3.18789661e-01  1.79927766e-01  4.06401195e-02
  7.95059875e-02 -3.79260033e-01  1.64937034e-01  2.50375401e-02
 -2.21073125e-02  5.72055094e-02 -1.90583706e-01 -2.51102239e-01
 -1.88268591e-02 -9.07959864e-02  9.66732800e-01 -9.44556296e-02
 -8.23743418e-02 -1.61988020e-01  2.51872968e-02  7.46377885e-01
  3.58150423e-01  5.91222405e-01 -2.39296228e-01 -1.58086210e-01
 -1.10108197e+00  1.27563700e-01  3.13126653e-01  2.48641402e-01
  4.77851599e-01 -5.83883703e-01 -4.25911844e-01  1.56735554e-01
 -2.80694552e-02  2.17195883e-01 -3.51877838e-01 -3.05016547e-01
 -3.96391414e-02 -1.14743374e-01 -6.35525823e-01  1.86520383e-01
  6.95757940e-02  2.21612215e-01 -2.65844554e-01 -1.08380392e-01
  5.52495196e-02  7.24156082e-01  4.91474532e-02 -1.66815087e-01
  4.28943217e-01 -5.20951390e-01 -3.09499532e-01 -2.50238031e-01
  4.03599054e-01 -1.37843356e-01 -2.86464602e-01 -1.82003081e-01
 -2.83991575e-01 -1.86084658e-01  1.14216693e-01  7.54496992e-01
  3.30890685e-01 -4.47415560e-01 -2.43613750e-01 -6.80003405e-01
  1.10743001e-01 -4.49113101e-02 -2.78133154e-01 -1.66787356e-01
  8.78268927e-02  1.51174292e-01 -3.81850898e-02 -4.34712261e-01
 -9.46749151e-01  2.70525157e-01  1.03676040e-02 -7.44999852e-03
 -5.32436848e-01 -2.00023711e-01  1.84640855e-01 -1.12786546e-01
 -6.11799508e-02 -1.41685295e+00  2.16365591e-01  2.85401821e-01
  4.74258691e-01 -5.20505667e-01 -1.40135452e-01 -3.13458234e-01
  7.91247413e-02 -6.75518811e-02 -3.64398360e-01  2.23663613e-01
 -1.01262293e+01 -5.95409036e-01 -2.01366365e-01  1.83145076e-01
 -6.07669294e-01 -9.56417769e-02  7.92103410e-01  4.13495660e-01
 -7.08602548e-01  2.05084875e-01  7.76176751e-02 -2.83153001e-02
  3.39361548e-01  7.49784529e-01 -4.07476127e-01  2.13155784e-02
 -1.99846745e-01  7.02861995e-02  5.54596148e-02  2.28046671e-01
 -6.89334646e-02 -4.80258167e-01  7.31772542e-01  2.83301268e-02
 -1.39087085e-02 -2.48534426e-01 -4.82468680e-02 -3.12602293e-04
 -2.20595345e-01  5.58956504e-01 -9.52058136e-01  6.14722252e-01
  1.45301884e-02  5.22126071e-02 -5.02472281e-01 -1.64752603e-01
  2.00219844e-02  3.84266376e-01 -5.65384388e-01  1.70460314e-01
 -1.71508998e-01  7.51562297e-01 -3.78189497e-02  3.84574264e-01
  2.85517097e-01  2.30679050e-01  3.77662361e-01  3.39139163e-01
  4.17845428e-01 -1.35157764e-01  1.26713172e-01 -8.31874549e-01
  7.93661296e-01 -3.53794098e-01  7.52086714e-02  8.17460492e-02
  5.92950761e-01 -4.89647657e-01  2.42520183e-01  4.49772663e-02
  5.13068318e-01  2.26554811e-01  5.21204293e-01  7.71906316e-01
 -5.12834564e-02  8.63157958e-02  1.18301526e-01  1.62772954e-01
 -6.37453437e-01 -1.27570048e-01  4.73882705e-01  3.82147282e-01
 -1.57582954e-01  3.60108823e-01 -1.02092385e-01  4.07757275e-02
  1.95189804e-01  2.84396082e-01  6.15221262e-01 -1.50578991e-01
  5.93798995e-01 -6.15887761e-01  3.32245171e-01  3.16054106e-01
 -8.13950002e-01  3.92543405e-01 -1.29814759e-01  8.86130780e-02
  3.96851242e-01 -6.39333487e-01  7.39025772e-01  8.23216140e-01
 -4.74990696e-01  1.07104614e-01  4.60877270e-01 -3.34663004e-01
  1.82906508e-01 -5.94441928e-02  5.92715979e-01 -1.58273373e-02]"
ン,"[ 3.17613687e-03 -6.07978404e-02  8.68006200e-02 -6.61807656e-01
  1.11189066e-02  3.26512426e-01  1.91664413e-01 -4.04566735e-01
 -4.29208189e-01 -4.08304513e-01  5.46361029e-01  2.07058281e-01
 -3.82692397e-01  6.25517517e-02  7.95114398e-01 -4.42884237e-01
  3.12596262e-01  3.43851298e-01 -5.23972958e-02  5.17843142e-02
  9.78624746e-02 -5.57179034e-01 -2.74719983e-01  4.72691730e-02
 -4.59600277e-02 -3.68633270e-01  2.24446252e-01 -8.23124871e-02
  9.83265489e-02 -2.37664342e-01  1.59143001e-01 -4.42582101e-01
 -8.01399499e-02 -2.66500235e-01 -3.09830289e-02  1.08848056e-02
 -6.90804943e-02  2.67906427e-01  2.06370443e-01  1.93275303e-01
  1.47970796e-01  7.63707468e-03  1.94862664e-01 -1.71204269e-01
 -5.28566688e-02  1.62715256e-01 -8.94470736e-02  1.00410804e-01
  5.91101348e-01 -2.88962901e-01  1.37422949e-01  5.50191760e-01
  4.75078493e-01  1.71626002e-01 -6.01437613e-02  3.18500221e-01
  8.22449863e-01 -5.57417631e-01 -1.14977181e-01  1.27614051e-01
 -5.70630729e-01  2.01447353e-01 -3.59570861e-01  2.33215570e-01
 -2.31568545e-01  1.06435306e-01  3.59065235e-02 -1.41760200e-01
 -3.78113747e-01 -3.54009688e-01 -2.74864323e-02  4.02396023e-01
 -6.04655266e-01 -3.35921586e-01  5.04861295e-01 -1.39341205e-01
  3.97652686e-01 -1.79454118e-01  2.27434691e-02  1.81479022e-01
 -1.18774094e-01  2.26871729e-01 -9.03581604e-02 -6.76216125e-01
  5.69993667e-02  2.46051811e-02 -2.30012953e-01 -5.12059629e-01
  1.24878541e-01 -4.49353546e-01 -1.13327712e-01 -2.07393631e-01
  3.07430148e-01  1.45306038e-02 -1.84143722e-01  1.83727786e-01
 -6.20439947e-02 -2.28585601e-01 -8.33185613e-02 -1.28377341e-02
 -4.64905530e-01  2.86150634e-01  1.15068398e-01  1.07643448e-01
  5.51507473e-02  1.07568718e-01 -1.80956811e-01  3.81249785e-01
 -1.39119878e-01  4.46294099e-01  2.86272138e-01 -2.63554543e-01
 -2.67962813e-01  5.20831123e-02 -1.24907292e-01  2.64774775e-03
  2.67717317e-02  2.46902078e-01  3.02001107e-02  3.71081442e-01
 -1.09858617e-01  4.69937414e-01  5.87188080e-03 -6.16717003e-02
 -2.28099138e-01 -1.40672177e-01  7.04468787e-02 -3.09187949e-01
 -7.20217265e-03 -3.81282210e-01  1.61726072e-01 -4.14503291e-02
 -5.85693121e-01  2.54744262e-01 -1.13806263e-01  4.81149107e-01
  1.30574569e-01  7.83994868e-02 -3.91741931e-01 -5.68801582e-01
 -3.19120549e-02 -2.43827060e-01  3.64306957e-01  9.48860645e-02
 -1.71864644e-01  2.71617740e-01  3.19801271e-01  1.31136999e-01
  7.37638891e-01  5.04436970e-01 -2.00155348e-01  7.39304841e-01
 -4.96624589e-01 -5.09211002e-03  2.59334475e-01 -1.62421137e-01
 -4.99266744e-01  4.15181309e-01 -1.08698241e-01  6.08009756e-01
  1.55262813e-01 -3.18141460e-01  2.96795756e-01  8.42025757e-01
  1.29516676e-01  7.17563033e-01  3.21345001e-01  4.22184765e-01
  6.05125904e-01  5.96647143e-01 -1.65656701e-01  5.46399534e-01
  3.13374668e-01 -3.28739911e-01  2.96329826e-01  5.74971503e-03
  3.74555811e-02  5.07695258e-01  1.68163180e-01 -9.26605403e-01
 -1.95722863e-01  1.94184914e-01  5.22578396e-02 -4.19142753e-01
  7.75595307e-01  6.69464469e-03  5.30292153e-01  2.60510147e-01
 -6.96816519e-02 -1.84170589e-01 -3.72766554e-02 -9.85671952e-03
  2.62230158e-01 -4.05326307e-01 -5.70496500e-01 -1.91451058e-01
  9.44606438e-02  5.08277006e-02 -4.83355403e-01  4.18068171e-01
  3.13399851e-01 -3.69711295e-02 -2.73024946e-01 -8.95397723e-01
 -8.14264417e-01 -2.51998007e-01 -1.53145298e-01  2.97361761e-01
  1.47576453e-02  9.84799936e-02 -2.79979825e-01 -3.44386131e-01
  3.40916514e-01  6.03276640e-02  2.96489507e-01 -5.70669658e-02
 -9.99072969e-01  2.38197539e-02  4.89080735e-02 -3.46764252e-02
  1.86461926e-01  1.58124045e-02  2.86242902e-01 -5.11531234e-01
 -2.33803719e-01  1.35309905e-01  1.60846829e-01 -2.10655406e-01
  1.54798746e-01  5.37417233e-01 -6.63324967e-02 -1.90049887e-01
 -8.29337060e-01  2.21803054e-01 -4.50445712e-02  4.05446231e-01
 -6.59997702e-01  6.99217796e-01  1.81041267e-02 -2.42955773e-03
  5.48265994e-01  3.27879101e-01  1.13901928e-01  2.34907120e-01
 -3.64142329e-01  3.44855964e-01  1.52600616e-01 -4.32588935e-01
 -6.53170884e-01 -5.37963450e-01 -9.27617610e-01 -3.59889865e-01
 -8.56102630e-02  1.10338099e-01  4.77373540e-01  9.74730402e-02
  2.28224918e-01 -4.77896720e-01  1.22330181e-01 -3.65375876e-01
 -3.75363022e-01 -4.72373843e-01 -2.52517253e-01  3.11940946e-02
 -1.93095580e-01 -2.20293105e-01  8.52293335e-03 -5.55094838e-01
 -7.38495648e-01  1.60837919e-01  7.88786188e-02 -3.68390322e-01
 -4.11453336e-01  6.41935840e-02 -1.21346146e-01 -3.29597801e-01
 -1.12583721e-02  2.54391462e-01 -3.79724205e-01 -2.08807196e-02
 -6.49289191e-01  6.13862753e-01 -6.30755723e-01 -3.39933723e-01
 -1.04494296e-01  1.66841224e-02 -1.44660562e-01 -4.67879236e-01
 -1.89699382e-01  7.63560593e-01  2.99068868e-01 -1.38578862e-01
 -3.64135116e-01 -4.97943729e-01 -5.78303158e-01  4.36944693e-01
  4.17651296e-01  1.07447378e-01  8.78961757e-02  4.02312696e-01
  5.33405006e-01  1.97818547e-01  2.84468293e-01 -1.84748411e-01
 -2.36684322e-01 -2.72533864e-01 -1.30634427e-01  6.27033412e-02
  4.48220760e-01 -3.05838406e-01 -1.22567318e-01  9.93842244e-01
 -4.59341526e-01 -3.65406692e-01  7.31888354e-01 -6.70155808e-02
 -1.39971960e+00  2.08987743e-01  4.64135826e-01  3.39649886e-01
 -4.81524795e-01  7.12354779e-01  1.87801823e-01  5.76931000e-01
 -2.34410152e-01 -4.89848614e-01  5.67231834e-01 -1.24762781e-01
 -4.13682163e-01  4.25400406e-01  1.54349640e-01 -5.03200829e-01
 -8.71274900e-03 -4.59089309e-01 -2.12643519e-01  4.48241919e-01
 -1.86276466e-01 -2.74078120e-02  1.12516331e-02 -4.01343137e-01
 -2.44004950e-01  3.09017986e-01 -1.48792658e-02 -5.37410796e-01
 -5.53410411e-01 -2.89433151e-01  3.39350790e-01  1.05810380e+00
  1.44974336e-01  6.22008622e-01 -4.68728423e-01  4.52818841e-01
  3.88497591e-01  1.07368588e-01  5.57179749e-01  2.76418477e-01
 -2.42470354e-01 -2.15807959e-01  5.62711298e-01  4.15305495e-01
  1.06074534e-01 -4.43860218e-02  1.33653417e-01  6.35653511e-02
  1.82625905e-01 -1.05584092e-01  6.50277615e-01 -1.41808420e-01
  3.53652328e-01  5.14618933e-01  2.33099461e-01 -9.00570750e-02
  7.81622529e-02 -4.57689911e-01  1.09429002e-01 -8.40636492e-01
  5.04574835e-01 -2.83449870e-02 -2.18085330e-02 -5.20893447e-02
 -1.03149295e-01 -4.37160015e-01 -1.79494787e-02 -1.39989480e-01
  2.67539263e-01 -5.08157313e-01 -5.33895075e-01  1.07774056e-01
 -6.89213574e-02 -2.83149242e-01  1.71120137e-01  3.12902868e-01
  4.28791821e-01 -5.32688439e-01 -4.09486890e-01  7.73353815e-01
  1.62159633e-02 -7.25411298e-03  5.61429620e-01  1.17548563e-01
 -7.60221034e-02 -2.11329386e-01 -4.42888379e-01 -2.04645008e-01
 -7.78024912e-01 -3.56423646e-01 -4.52841729e-01  2.16080964e-01
  2.36276343e-01  3.22584599e-01 -1.11663848e-01 -4.70034219e-02
  7.03728721e-02  1.37324661e-01 -6.32245988e-02 -6.52181864e-01
  2.31035039e-01 -1.59226939e-01  5.89680910e-01  8.06764603e-01
  1.58732638e-01 -2.73249149e-01 -1.71576813e-01  2.11646900e-01
  2.31354371e-01  1.23028457e-01 -6.48590446e-01  1.93797164e-02
  5.92741907e-01 -9.51088667e-02 -2.24315897e-01  1.12371504e-01
  3.11464936e-01  4.61230457e-01 -2.76660681e-01 -3.82485032e-01
 -3.53952907e-02  3.31824541e-01 -5.21954633e-02  3.87284011e-01
  9.41041410e-02  1.02863395e+00  2.51859516e-01 -7.52753988e-02
  2.33967155e-01 -3.08179170e-01 -7.24743828e-02 -2.20114797e-01
  2.93157399e-01  1.90492213e-01  9.27618966e-02  5.09248078e-01
  1.10045530e-01 -3.63772511e-01 -2.76042730e-01 -8.28023702e-02
  3.29618990e-01  1.68551907e-01  9.73466262e-02  2.86636442e-01
 -5.14961481e-01 -3.74912634e-03 -3.45947295e-01 -4.57727015e-01
 -1.33094743e-01  1.08476266e-01  6.00565195e-01  1.60536230e-01
  5.43937564e-01 -5.33170700e-01 -3.25734526e-01 -3.71145517e-01
 -4.54083532e-01 -1.34091273e-01 -2.62034595e-01  2.08984196e-01
  1.86641410e-01  1.43626943e-01 -4.56720203e-01 -3.66131932e-01
 -8.83623958e-02  3.65077525e-01  2.15740874e-02 -1.00308716e+00
 -4.10585403e-01  6.31158948e-01 -1.84855133e-01 -3.69897455e-01
  1.03659995e-01  2.36632690e-01  1.72609523e-01 -2.16003954e-01
 -2.13409830e-02 -1.68961227e-01  3.04128975e-01 -1.61232110e-02
  4.92134273e-01 -9.64426622e-02 -2.04459786e-01 -3.32964689e-01
  5.66480383e-02 -2.57824510e-01 -3.34034473e-01 -5.72498620e-01
 -3.06880534e-01 -4.57549095e-02  1.79456457e-01  1.16783254e-01
  4.51031655e-01 -2.44654551e-01  4.98524696e-01  3.15715522e-02
  1.46785304e-01 -9.06953961e-02  2.86881000e-01 -2.87588745e-01
 -1.96511522e-01 -1.93210766e-01  5.32663286e-01  2.68179744e-01
  3.17699850e-01 -2.00333640e-01 -5.33043921e-01 -1.28149822e-01
 -2.39200979e-01 -5.19485593e-01  5.82714915e-01  9.00339633e-02
  5.45618236e-01 -1.83607638e-01  2.24078834e-01 -1.90752864e-01
 -1.51288521e-03 -3.93022567e-01 -1.05430625e-01 -1.07825808e-01
 -8.34050000e-01 -1.86623216e-01 -3.21225554e-01 -4.42048252e-01
  5.20093322e-01  2.66908616e-01 -6.01378739e-01 -3.17012846e-01
  1.42521292e-01 -3.42735127e-02 -4.50731009e-01 -8.93237889e-02
 -5.12572050e-01  1.82778418e-01  4.87899512e-01  4.28265184e-01
  4.14472908e-01 -2.68916726e-01 -6.81961894e-01  1.48743704e-01
  7.06680298e-01  1.27625644e-01  2.58611500e-01  1.33899599e-01
 -6.30201921e-02  6.87753735e-03 -3.61166924e-01  5.99597991e-01
  3.28471392e-01  6.11234367e-01 -1.59367308e-01  5.79657137e-01
  5.70499778e-01 -2.03969046e-01  2.70966887e-01  9.04450119e-01
  3.97225410e-01  6.36755407e-01 -5.77708259e-02  3.68234590e-02
 -5.47057211e-01  2.95317620e-01 -2.78408259e-01  2.50532746e-01
  2.95597583e-01 -3.87314558e-01 -1.06711723e-02 -4.47060823e-01
  5.82158118e-02  3.54063928e-01 -2.57291913e-01  6.40492439e-02
 -1.53027967e-01 -5.27771890e-01  3.81747633e-01 -1.58414677e-01
 -7.10591152e-02  1.84038460e-01 -3.50280739e-02  4.53729361e-01
  5.28607190e-01  2.89910972e-01 -4.13019881e-02  2.18813434e-01
 -6.56645000e-01  8.71488005e-02 -4.67824578e-01  2.55652428e-01
  8.07451427e-01  1.06632136e-01 -7.05801308e-01  1.14724427e-01
  7.12393165e-01 -3.56042296e-01  6.12720251e-02 -1.09155071e+00
 -1.83731511e-01 -1.11092418e-01  1.16029590e-01  1.15147159e-01
 -1.75462157e-01  4.96920139e-01 -3.07970017e-01 -1.20885350e-01
 -2.61702031e-01  7.54705608e-01  6.75808936e-02 -2.03601196e-01
 -8.34806710e-02  5.29114045e-02 -5.20556681e-02  2.55377173e-01
  5.19331433e-02 -4.06432241e-01  1.17533110e-01 -4.00002636e-02
 -2.94865906e-01 -2.02174541e-02  4.06660765e-01  1.87807217e-01
  2.56806910e-02  2.26845756e-01 -4.00772244e-02 -8.69129181e-01
 -2.08236724e-01  3.32490236e-01 -9.42822278e-01 -7.35208243e-02
 -1.42976373e-01 -1.13643274e-01  3.54890704e-01 -1.47615075e-01
 -3.49446923e-01  1.57335289e-02 -2.95113206e-01 -5.24454191e-02
 -1.21971622e-01 -5.85670590e-01 -6.85122907e-02  2.01101497e-01
 -9.97806042e-02 -1.07491338e+00  1.43380091e-01  1.80716157e-01
  3.34964663e-01  5.05462624e-02  5.15951395e-01  2.37292767e-01
  3.97394374e-02  4.21320677e-01 -2.29931965e-01  1.79247186e-01
 -1.03820820e+01 -4.44893003e-01 -3.65293264e-01 -1.83305487e-01
 -3.69284958e-01  4.92114902e-01  6.92190528e-01  3.03514808e-01
 -2.52415985e-01  4.12858665e-01 -3.01866412e-01  2.48289540e-01
  1.43474624e-01  9.37308729e-01 -4.28608716e-01 -1.82765752e-01
  3.00782621e-01  8.21121186e-02  6.40494302e-02  3.10793161e-01
 -2.13016227e-01 -4.07034278e-01  6.02096558e-01  7.59041309e-02
 -6.83071688e-02 -3.66577953e-01 -2.48921990e-01  2.34104961e-01
 -1.81457207e-01  1.10360451e-01 -6.09164238e-01  5.34744024e-01
  1.00308433e-01  3.63924474e-01 -7.44879067e-01 -2.30176792e-01
 -8.91357064e-02  2.33388156e-01  3.84759128e-01  5.59588253e-01
 -8.36476907e-02  6.77435100e-01  2.64930218e-01 -4.22809809e-01
  8.53337288e-01 -2.34485701e-01  3.33837777e-01  5.19216418e-01
  2.75016248e-01  1.35407135e-01 -1.36321679e-01 -6.43802226e-01
  4.21624165e-03 -4.34754133e-01 -1.33099556e-01 -1.42282978e-01
  3.30442816e-01 -6.97705925e-01  3.30822952e-02 -1.12732790e-01
  4.78639036e-01 -2.73013711e-01  6.63694620e-01 -5.87224513e-02
 -3.25073451e-01 -1.60571501e-01  6.56867251e-02  6.94627881e-01
 -5.97562611e-01 -2.92080969e-01  5.59029043e-01 -2.73032725e-01
  2.16637284e-01  4.05589044e-01 -4.60919708e-01  2.65621245e-01
 -1.92683697e-01 -1.77279994e-01  1.11961389e+00  7.46123493e-02
  4.50416654e-01 -4.80197296e-02 -4.25727963e-01  1.74755409e-01
 -1.07366514e+00  4.93901521e-01 -1.73196644e-01  1.24258988e-01
  3.95558953e-01 -4.19577271e-01  5.82466722e-01  1.52464572e-03
 -3.31682295e-01  1.18207902e-01  4.81196791e-01  6.66705295e-02
  4.59523231e-01  7.95234889e-02  9.23289955e-01  1.36794508e-01]"
ヲ,"[ 3.20455879e-01  4.85528201e-01  3.86574492e-02 -6.65199518e-01
  4.90829684e-02  9.40057859e-02  6.29144609e-01  6.50162622e-02
 -4.89691883e-01 -3.03456634e-01  5.31316340e-01 -4.87235278e-01
 -4.01360124e-01  5.21582030e-02  1.01046935e-01 -9.11417380e-02
  9.52261090e-02 -8.15162212e-02  9.27488226e-03 -2.26725832e-01
  2.84782816e-02 -6.86816037e-01 -1.29417747e-01  1.22092009e-01
 -8.53891373e-02 -4.03358489e-01 -2.69041598e-01  5.19365191e-01
 -1.82863161e-01 -1.66871876e-01 -5.53688586e-01 -4.23616081e-01
  1.36358887e-01 -4.30458551e-03  2.77135611e-01  7.77556598e-02
 -3.49789023e-01  4.05227654e-02  2.74362504e-01 -4.47582781e-01
 -3.58385444e-01 -3.52921605e-01 -3.72211069e-01 -2.59282105e-02
  2.64020532e-01  1.98842380e-02  3.64948809e-02  3.88975531e-01
  8.04247975e-01  3.28020304e-01  5.30457161e-02  4.03200507e-01
  2.71628350e-01 -8.41557886e-03 -1.87746182e-01  5.36935292e-02
  6.73100114e-01 -2.94682473e-01  3.38887990e-01 -4.79425155e-02
 -4.56800044e-01 -2.46020645e-01 -5.80902457e-01 -2.07321137e-01
 -3.00304592e-01  5.82445264e-01 -9.96634290e-02  5.12287438e-01
 -1.29825041e-01 -1.36901870e-01  1.15925714e-01  1.94971450e-02
 -2.21286893e-01  1.42700151e-01  4.99672860e-01 -4.10564214e-01
  5.98120034e-01  1.28348768e-01  5.32594204e-01 -1.66004542e-02
 -5.26465476e-01  4.19118047e-01 -2.81153992e-02 -7.38647521e-01
  4.00289625e-01  3.15287977e-01 -8.22727740e-01 -5.90892315e-01
  6.36773407e-01 -2.95071781e-01 -5.18885016e-01 -2.03167707e-01
  4.34820801e-01  6.24515116e-01  1.11944474e-01 -3.08893889e-01
  1.62725434e-01 -1.84761748e-01  2.04969570e-01 -2.59799268e-02
 -2.98563957e-01 -4.02793467e-01  8.79792511e-01 -8.24323535e-01
 -2.57798940e-01  6.18682921e-01 -1.28181174e-01  2.89609283e-01
  2.86314964e-01  5.28106213e-01  5.56381524e-01 -7.00878263e-01
 -2.35729754e-01  2.59706110e-01  2.34842807e-01 -1.52508333e-01
  3.96202326e-01  1.96990281e-01 -1.90536037e-01  7.06462562e-02
  2.31352106e-01  7.84801722e-01 -1.32107154e-01 -3.34127247e-02
 -2.28415132e-01  2.11748958e-01  4.62207615e-01 -1.72553629e-01
  1.42044038e-01 -1.54703960e-01 -1.59650818e-01  2.37332270e-01
 -8.16425383e-02 -1.29605308e-01 -2.83813149e-01  6.19144559e-01
  9.27719399e-02  3.53635281e-01 -1.03334516e-01 -7.65228570e-01
 -2.81261653e-01  5.12293652e-02  5.68125963e-01 -1.68940187e-01
 -2.22227827e-01 -2.29301050e-01  1.71002388e-01 -2.10613728e-01
  2.61455029e-01  5.95423102e-01 -3.80027890e-01  4.95595455e-01
 -5.65086901e-01 -1.82464063e-01  3.84702623e-01 -1.07584968e-01
 -6.30381405e-01  1.44960672e-01  7.65232965e-02  2.35061765e-01
  3.68336797e-01 -5.44574142e-01  1.09689243e-01  3.87932241e-01
  4.54646975e-01  8.85230720e-01  1.49101213e-01 -9.20034945e-02
  3.86218905e-01  9.72686470e-01  6.58333838e-01  4.99584526e-01
  7.84792006e-01 -4.84414190e-01  4.25960511e-01  4.84428942e-01
  1.06477767e-01 -3.95479560e-01  2.42816821e-01 -6.54241621e-01
 -1.51081979e-01  1.31485626e-01 -3.71761829e-01 -3.18577409e-01
  2.69378930e-01 -3.41590554e-01  5.52491546e-01  3.14870514e-02
 -2.09436014e-01  1.54398188e-01 -3.24402809e-01 -4.81576592e-01
 -1.51966467e-01 -2.99409300e-01 -6.92118883e-01  2.44533688e-01
 -2.72238970e-01  9.51792821e-02 -3.40509117e-02  4.66062903e-01
 -3.07929330e-02 -1.61566287e-01 -8.00750613e-01 -5.87814510e-01
 -6.24364674e-01  3.35855573e-01  1.03580274e-01  5.16731858e-01
  6.17095828e-01  1.70042161e-02 -8.07152390e-02  1.23389729e-03
  2.58790284e-01  2.37485513e-01  4.09036547e-01 -3.44159454e-01
 -4.06849235e-01 -1.94180921e-01  2.16387123e-01  6.34656727e-01
  2.21931443e-01  2.32099295e-01  6.82182074e-01 -5.36699630e-02
 -5.57579622e-02  3.33146513e-01  1.47742391e-01  1.19394496e-01
  4.75608140e-01  5.95162697e-02 -1.83824226e-01 -4.93402213e-01
 -8.60750198e-01  5.87736815e-02 -1.93676218e-01  1.15055591e-02
 -3.75082672e-01  6.43787503e-01  5.97757936e-01 -4.25830856e-02
 -1.73084974e-01 -1.65008366e-01  1.53626978e-01  3.86587693e-03
 -5.98010004e-01  5.35377443e-01  1.01748638e-01  2.74135824e-02
 -7.06258342e-02  2.42647598e-03 -8.24796617e-01 -6.15157425e-01
  1.68529868e-01  2.02207282e-01  3.99445951e-01  2.38968626e-01
  1.54591620e-01 -6.13805890e-01  5.57384863e-02 -3.76970738e-01
 -3.04839551e-01 -7.29912221e-01 -3.74996334e-01 -3.69314760e-01
 -2.31376946e-01 -5.48492037e-02  2.48737127e-01 -2.83017129e-01
 -5.71586251e-01 -7.56170392e-01  1.53585887e-02 -1.77678585e-01
 -2.37398401e-01  1.69717237e-01 -5.37549257e-01 -9.90006328e-02
 -1.95724770e-01  3.69285077e-01 -5.26325941e-01  3.03290300e-02
 -4.08769727e-01  4.96332556e-01 -4.01029289e-01  2.51471967e-01
  2.64965147e-01  3.72402787e-01 -2.48919144e-01 -8.02912593e-01
 -9.11488235e-02  3.02096516e-01  1.46323100e-01 -3.20416480e-01
  1.37850538e-01 -3.39513034e-01 -2.29342058e-01 -8.27428699e-02
  4.04057294e-01 -2.76278704e-01  1.90900117e-01  5.71515188e-02
  7.91048706e-01 -3.18401992e-01  6.14631355e-01  4.84840095e-01
 -2.61606038e-01 -2.66214579e-01 -9.87711155e-06 -3.45525384e-01
  2.66577899e-01 -2.44530931e-01 -2.61648968e-02  7.65033245e-01
 -2.63371885e-01 -1.45808710e-02  7.10641816e-02  2.15044856e-01
 -1.74088526e+00  2.82590419e-01  1.80699706e-01  1.66763529e-01
 -5.11777639e-01  8.39743435e-01  4.12721097e-01  1.31881297e-01
 -1.02715686e-01  2.99286731e-02  5.98883390e-01  3.72548044e-01
 -7.59102553e-02  3.35805148e-01  6.93007335e-02 -1.52767941e-01
  1.76132135e-02 -3.09172779e-01 -8.56363550e-02  4.91534233e-01
 -2.47750767e-02 -3.22969884e-01  6.14094064e-02 -5.40919662e-01
  1.20541379e-01  2.12103814e-01 -4.61340174e-02  3.74266654e-02
 -1.42539963e-01 -6.83405221e-01  3.11843097e-01  7.85870135e-01
  3.29594076e-01  4.99253869e-01 -3.44457060e-01 -2.63788074e-01
  3.26521069e-01 -6.84621707e-02  4.15456295e-02  2.56737471e-01
 -1.51744351e-01 -1.33956969e-01  1.02802277e+00  5.75925291e-01
 -2.47844607e-01 -6.04220852e-02  2.14361604e-02  3.14754359e-02
 -2.56836385e-01 -2.48998165e-01  6.61537886e-01 -3.13007273e-02
  2.91762233e-01  3.39498967e-01  4.33820337e-01  6.20629638e-03
 -1.66797251e-01 -1.86020449e-01  4.02532697e-01 -8.26052308e-01
  4.70805764e-01 -1.74912900e-01 -8.55461136e-02  9.28791463e-02
 -4.37504262e-01 -1.46654174e-01  1.91152543e-01 -3.52618217e-01
 -2.48154104e-01 -5.70914686e-01 -1.77061602e-01 -2.28446215e-01
 -2.80090094e-01 -3.50355387e-01  2.20363483e-01 -1.20312892e-01
  1.21175185e-01 -5.08134425e-01 -5.03873155e-02  3.48210067e-01
 -1.36223733e-01 -5.64797744e-02  1.40334606e-01  2.92404503e-01
 -2.01735601e-01 -4.53456283e-01 -4.40192372e-01 -7.48599470e-01
 -6.47184849e-01 -1.86269224e-01 -1.71778843e-01 -1.72408059e-01
  8.26343447e-02  1.67420343e-01  7.03337640e-02  3.90617400e-02
 -1.28400810e-02  3.80258799e-01 -4.53642070e-01 -7.82600999e-01
 -2.81409621e-01  5.62509239e-01  5.05380452e-01 -7.11044967e-02
  4.47337687e-01  1.19841181e-01 -1.26887402e-02 -2.21837357e-01
  5.78853264e-02  3.58361870e-01 -8.81433547e-01  1.83538869e-01
  3.54167104e-01 -7.25191981e-02  5.35488687e-02  2.23745108e-01
 -1.66750327e-01  4.65683907e-01 -2.98986882e-01 -6.98552072e-01
 -5.02876461e-01  1.99477449e-01  2.91617960e-02  6.44784331e-01
  6.39089823e-01  1.02140081e+00 -5.33311903e-01  1.90039482e-02
  4.15926695e-01 -3.43969136e-01  4.85983580e-01  7.82874972e-02
 -5.28586745e-01 -1.93075001e-01  3.81051809e-01  6.70702159e-01
  3.19797754e-01  1.90368921e-01 -1.06464393e-01  8.75580162e-02
 -3.27784151e-01  6.50975034e-02  2.06476808e-01  3.19554448e-01
 -3.38597804e-01  3.72130275e-01 -4.09669489e-01  9.89624858e-02
 -4.35712308e-01 -3.57734323e-01  8.11883867e-01  2.13762656e-01
 -8.95203836e-03  1.70197353e-01 -5.67706406e-01 -4.17617172e-01
 -5.24898887e-01  7.38669280e-03 -2.90515453e-01  4.13917005e-01
  3.09732735e-01 -1.86425764e-02 -7.28797436e-01 -3.84173244e-02
 -4.35743034e-02  4.85654116e-01  7.11939514e-01 -5.33730626e-01
 -1.19508535e-01  4.53990757e-01 -2.37971544e-01 -6.39684498e-02
  5.98197222e-01  4.27609861e-01 -4.89585055e-03 -6.46053314e-01
  2.52503604e-01  3.10373515e-01  1.83103547e-01 -2.67240793e-01
  4.88578737e-01 -5.24961855e-04 -6.60420418e-01 -5.46648949e-02
 -3.45778525e-01 -3.20866317e-01 -1.63848534e-01 -5.00056922e-01
 -2.02728733e-01 -5.74969590e-01  1.26640990e-01  3.84569734e-01
  7.94918060e-01 -7.57155120e-01  2.22761512e-01  2.87487030e-01
  1.11168951e-01  4.77523386e-01 -6.45553768e-02  1.19073922e-02
 -2.42397070e-01 -1.24473646e-01  7.17616439e-01  5.69379926e-02
  2.11796865e-01 -3.09639663e-01 -4.82532889e-01  2.08854020e-01
 -3.55385810e-01 -1.04204905e+00  7.79356420e-01  1.26644270e-02
  4.13283795e-01 -7.08176076e-01  1.49345323e-01 -7.65169740e-01
  3.25407041e-03 -9.14791077e-02  9.78366658e-02 -1.11654550e-01
 -8.75704169e-01 -3.13991636e-01 -1.59094304e-01 -5.66377580e-01
  5.02381623e-01  4.60236013e-01 -9.82158959e-01 -1.58259675e-01
 -7.09792553e-03 -2.53142744e-01 -3.60427290e-01 -9.41133052e-02
 -7.88796425e-01  2.21928880e-01  3.75554144e-01  5.31251192e-01
  1.59806967e-01  2.59240985e-01 -3.50378543e-01 -4.55179930e-01
  9.46708381e-01  2.26078078e-01  3.70821685e-01  2.14122698e-01
 -2.14330301e-01  3.57138246e-01 -4.92413610e-01  4.19325262e-01
 -2.25655571e-01  6.13506436e-01 -1.03066795e-01  5.48817873e-01
  1.62576661e-01 -4.67727184e-01  4.33758684e-02  9.87399459e-01
  4.14647222e-01  6.22174799e-01 -3.47541161e-02 -4.45516318e-01
 -9.75279927e-01  6.19540274e-01 -7.52112418e-02  7.07108974e-02
 -2.23059371e-01 -1.69125527e-01 -8.87128338e-02 -7.56355643e-01
 -2.03510106e-01  5.69104254e-01  1.23496614e-01  5.35952330e-01
  9.08351988e-02  2.64063943e-03  8.01284075e-01  3.36239070e-01
 -5.43836057e-01  6.21774942e-02  2.11588725e-01 -1.34831443e-01
  3.84201884e-01  5.09960711e-01  2.37459362e-01 -6.87472671e-02
 -1.14118588e+00 -1.12966016e-01 -3.90985548e-01  4.26523566e-01
  3.41002733e-01 -3.35113883e-01 -3.04574966e-01 -2.02447176e-01
  6.51141346e-01  1.18816122e-02 -1.18034661e-01 -3.92895758e-01
  8.02096874e-02  1.81320850e-02 -3.09682339e-01 -4.04152870e-02
  3.72565597e-01  4.21107590e-01 -3.59532654e-01 -1.72240123e-01
 -1.53076619e-01  2.77862638e-01 -3.64395380e-01 -4.84514445e-01
  2.74763316e-01  6.99016154e-02 -2.01612666e-01 -2.32675895e-02
  1.87882110e-01 -4.56029713e-01 -1.54521242e-01 -6.84470087e-02
 -5.71183205e-01 -7.74160549e-02  2.26110682e-01  2.77084291e-01
  1.02772802e-01  1.36934027e-01  5.50413504e-02 -3.40131134e-01
  3.45117688e-01  1.43045232e-01 -9.15470600e-01 -1.72058985e-01
 -2.54767001e-05  2.42415026e-01  4.37476575e-01  2.34339967e-01
 -2.35866278e-01  1.98669240e-01 -5.19523144e-01 -3.09079867e-02
  2.12848380e-01 -5.26628911e-01  2.32067794e-01 -4.97545041e-02
 -4.03855115e-01 -1.26020944e+00  3.59481364e-01  4.09864224e-02
 -1.61884546e-01 -1.44862935e-01  2.41664592e-02 -3.81735750e-02
  2.51696318e-01  1.24813408e-01 -2.56904602e-01  2.69139051e-01
 -1.01839027e+01 -2.56715000e-01 -7.18460202e-01 -6.79630518e-01
 -3.51159900e-01  3.78977835e-01  6.48255169e-01  4.52355385e-01
 -2.73004800e-01  4.89516914e-01 -1.09148540e-01  3.03975284e-01
  1.72423244e-01  5.18298745e-01  1.84263717e-02 -7.57041294e-03
  2.14918777e-01 -9.09195468e-02 -2.01914892e-01 -3.10897201e-01
 -5.79622425e-02 -1.13314852e-01  6.72418773e-01  6.76067993e-02
 -3.90843190e-02 -6.40587747e-01 -3.95063907e-01  3.10825318e-01
  5.64018674e-02  5.07270932e-01 -5.50993800e-01  1.00702178e+00
 -4.92061526e-01  4.78999227e-01 -2.84120262e-01 -5.64695120e-01
 -1.35040656e-01  1.90320268e-01  2.12933123e-01  6.92360878e-01
 -4.86094952e-02  6.78657949e-01  1.88240364e-01  2.13950887e-01
  3.85446399e-01  1.51423872e-01  2.53877461e-01  8.11235547e-01
  2.59626895e-01  3.86650443e-01 -2.08261326e-01 -3.06865305e-01
  2.08678946e-01  1.30409017e-01  9.34861898e-02 -1.98082924e-01
 -1.50705472e-01 -8.94274652e-01 -3.28174800e-01 -2.26006404e-01
  5.08023143e-01 -1.44763812e-01  7.43415415e-01  6.46694541e-01
 -4.47029501e-01 -2.55549818e-01  3.53536785e-01  3.17102760e-01
 -6.13859534e-01 -1.94112897e-01  5.54634154e-01 -4.73646849e-01
 -5.34936599e-02  1.91792250e-01 -6.95120811e-01  5.46485841e-01
  2.73507684e-01 -2.49431476e-01  7.68069088e-01  3.17653507e-01
  6.65317059e-01  1.69256791e-01 -4.70712006e-01  2.70485371e-01
 -9.56245601e-01  7.43104517e-01  5.06362431e-02  2.95341223e-01
 -2.51233578e-01 -3.25440615e-01  6.69067085e-01  2.44053409e-01
 -1.78112477e-01  1.24390073e-01  2.58728713e-01 -5.26339889e-01
  2.78722107e-01  3.45656484e-01  4.04441178e-01  2.08187848e-01]"
サ,"[ 6.48852065e-02  7.03525424e-01  4.71259475e-01 -5.47538280e-01
  1.59046471e-01  3.98378938e-01  3.51637304e-01  1.23026282e-01
 -2.36791316e-02 -5.60553074e-01  6.91640377e-01 -1.82065725e-01
 -3.69573385e-01 -4.81643021e-01  5.01200736e-01  2.13964377e-02
  6.06600717e-02 -3.49444240e-01  8.08935091e-02 -4.40633446e-01
 -8.89577985e-01 -5.16568840e-01 -2.66183019e-01 -1.12697050e-01
  5.20015620e-02 -5.65481424e-01  1.07526816e-01  6.08377531e-02
 -2.72094548e-01  1.09412938e-01 -1.46132946e-01 -5.17516971e-01
  1.58073138e-02  2.16582283e-01 -3.97458136e-01  1.42894834e-01
  3.70732784e-01  9.52575803e-02 -8.72540697e-02 -8.91159754e-03
 -1.78627878e-01 -2.46154368e-01 -1.56675205e-01 -2.89727360e-01
 -3.17594945e-01  5.58815479e-01  2.79103786e-01  2.11603582e-01
  3.49331588e-01  2.05476016e-01 -1.15657732e-01  5.24988830e-01
  1.53630912e-01 -6.92296997e-02  2.36809149e-01 -1.02029659e-01
 -1.25966864e-02 -3.04194719e-01 -3.15399706e-01  3.45738739e-01
 -7.24034965e-01 -2.79484242e-01  1.94713280e-01  1.92494970e-02
 -2.23813370e-01 -7.14084730e-02  9.05480701e-03 -1.17216989e-01
  9.39084142e-02 -7.12507546e-01  2.45665506e-01  1.63750336e-01
  4.14535357e-03 -7.42333591e-01  8.38340044e-01 -4.34353292e-01
  4.01309252e-01 -7.71496892e-02  2.78353333e-01  1.19877301e-01
 -3.97254974e-01  5.62397897e-01  1.22871153e-01 -6.20353937e-01
 -1.69597164e-01  2.42013648e-01 -3.80565464e-01 -6.62786305e-01
  3.45268995e-01 -3.59812587e-01  5.76520599e-02  2.00124495e-02
  1.91770032e-01  3.70260924e-01 -1.34176135e-01 -1.51688844e-01
  4.49814230e-01 -5.21264434e-01  1.30199362e-02  3.71496558e-01
  1.53533020e-03 -2.44601384e-01  1.04438558e-01 -1.65181175e-01
  4.10203040e-02  1.10388726e-01 -2.76432276e-01  2.55873948e-01
  1.37467124e-02  1.84370503e-01 -2.21014187e-01 -4.20769125e-01
 -4.75366950e-01  5.86740971e-02  2.19318613e-01  5.20587303e-02
 -2.34473526e-01  5.72899818e-01  2.10268691e-01  1.03446215e-01
  1.41941123e-02  6.29506111e-01 -3.81130904e-01 -2.46828154e-01
  5.90361245e-02  4.16344255e-01  1.49371430e-01 -1.43032014e-01
 -2.41779566e-01 -2.60848761e-01 -3.12812954e-01 -2.84071654e-01
 -2.44613469e-01  1.25942156e-01 -2.89646715e-01  4.50176060e-01
  5.04773594e-02 -3.52998316e-01  1.13899022e-01 -6.54235959e-01
 -1.33767173e-01  3.23209584e-01  3.24869633e-01 -2.07984060e-01
 -9.04217213e-02  2.75806218e-01 -1.10058188e-01 -1.76043496e-01
  4.69163418e-01  3.71321470e-01 -3.15964818e-01  1.18894470e+00
 -9.77653041e-02 -2.36529291e-01  4.28550214e-01  1.52144447e-01
 -4.27527875e-01 -1.24428906e-01 -3.29179853e-01  5.47669291e-01
  1.09668657e-01 -5.16037405e-01 -1.80932403e-01  6.72310293e-01
  1.64470002e-01  4.19158190e-01  5.14015794e-01  5.93434758e-02
 -3.18827242e-01  6.71130180e-01  6.82057679e-01  3.04443717e-01
  9.05157700e-02 -4.31542933e-01  1.52115792e-01  3.78735930e-01
  4.82584625e-01  2.81445563e-01  3.89888361e-02 -3.12768012e-01
 -1.06153563e-01 -3.03414047e-01 -8.86566043e-02 -5.08924544e-01
  1.78575069e-01 -1.68269172e-01 -4.45346795e-02  3.66098762e-01
  1.18671551e-01 -3.54280442e-01  4.91569676e-02 -7.28126764e-01
  2.73617238e-01 -4.56217438e-01 -4.03513163e-01 -3.32028061e-01
 -9.10236090e-02 -1.60996541e-02 -3.16254199e-01  7.65344381e-01
  2.08226442e-01  2.22663477e-01 -4.62109685e-01 -5.03148079e-01
 -7.04046428e-01 -4.17786837e-01  1.92755848e-01  3.25580388e-01
  2.74508834e-01  2.98293412e-01 -1.40111834e-01  7.32503653e-01
  4.36888725e-01  1.04065090e-01  6.63826585e-01  1.11908346e-01
 -5.29434502e-01 -1.58596545e-01  1.36538446e-01 -2.71710515e-01
  1.68289095e-02 -1.43857330e-01  2.23187774e-01  2.19698206e-01
  4.91481006e-01  1.39787018e-01  3.44771683e-01 -2.91718394e-01
  3.47799039e-04  4.66008574e-01 -6.52888238e-01 -5.49850225e-01
 -6.40699267e-01  1.27929106e-01 -6.49453163e-01 -3.09229910e-01
 -2.26405174e-01  5.86145997e-01 -3.01487416e-01  3.05002928e-01
 -1.71601936e-01  5.22212051e-02  2.62980670e-01 -4.79166329e-01
 -4.00644653e-02  3.01657975e-01 -3.86766881e-01 -6.75783679e-02
 -5.16773582e-01 -2.28013545e-01 -7.07644105e-01 -6.66559935e-01
  3.55829746e-01 -4.61296439e-01  8.44811022e-01  4.26307291e-01
  3.71732712e-01 -2.13081673e-01  2.13679045e-01 -4.39565063e-01
 -1.37918234e-01 -4.23471957e-01 -3.56907025e-02 -3.57493088e-02
  6.43920619e-03  5.18430889e-01  1.77977279e-01 -7.04118609e-01
 -8.20468128e-01 -7.47683346e-01  2.89045600e-03 -4.27005917e-01
 -4.48817581e-01 -1.26862684e-02 -1.40586987e-01  2.08228439e-01
 -3.22150171e-01  7.39568472e-01 -5.39633691e-01  2.31612802e-01
 -4.95352089e-01  5.77102244e-01 -4.02023971e-01  8.10956806e-02
  1.58399388e-01  5.33142269e-01 -6.83377147e-01  3.98928970e-02
 -4.10019249e-01  6.16541564e-01  6.22053146e-01 -3.40668768e-01
 -7.22548187e-01  5.85577302e-02 -3.17920953e-01 -2.81351935e-02
  5.41764259e-01  1.81391180e-01 -2.23405108e-01  5.44012249e-01
 -5.67818657e-02 -2.07478311e-02  1.07779898e-01 -1.51588678e-01
 -2.79320955e-01 -6.69250906e-01  4.15550694e-02 -7.70800859e-02
  4.21720058e-01 -2.45931208e-01  1.56357229e-01  6.29200578e-01
 -5.00476956e-01  3.27726454e-01  6.85827672e-01  1.78009003e-01
 -1.34466732e+00 -3.47803831e-02  9.70336378e-01  4.02741618e-02
 -1.42233791e-02  3.64326715e-01  2.37702653e-01  6.11222684e-01
 -3.20216656e-01 -2.53927797e-01  8.57806206e-01  2.86966592e-01
 -3.53852838e-01 -4.95684296e-02  4.07599509e-01 -2.34691605e-01
  1.20644316e-01 -1.43227458e-01 -2.50022382e-01  4.77750540e-01
 -2.25214824e-01 -4.60919030e-02  1.73849121e-01 -6.79776549e-01
 -4.63077009e-01  4.71773237e-01  1.56606995e-02 -4.88553382e-02
 -7.31864274e-01 -3.65110099e-01  3.01570654e-01  1.10267889e+00
  6.13544583e-01  5.63904941e-01 -2.99272597e-01 -5.78055501e-01
  5.96465230e-01  1.50615771e-04  4.02940094e-01 -2.75426984e-01
 -5.33567369e-01 -1.48361996e-01  4.49246019e-01 -6.20859936e-02
 -2.08370313e-01  1.51020363e-01  2.35329941e-01  2.07149833e-01
 -2.61694074e-01  2.41553992e-01  7.68660784e-01  5.04842214e-02
  2.83390254e-01  3.92474920e-01  8.20503294e-01  2.19335154e-01
  1.43007234e-01 -1.70031965e-01 -1.07781634e-01 -4.64503653e-02
  7.00113893e-01  3.85007143e-01  3.88053469e-02  2.07332835e-01
  1.03102028e-01 -8.78358856e-02 -3.71767849e-01 -1.38467491e-01
 -4.57870327e-02 -6.77795529e-01 -6.86381996e-01 -1.38799250e-01
 -1.20216766e-02 -7.04550207e-01  4.73073274e-01  3.41971546e-01
  4.30788040e-01 -5.31537712e-01 -1.25059620e-01  5.03993094e-01
 -1.76398262e-01 -3.41738552e-01 -1.69385582e-01  3.54361773e-01
 -5.93971789e-01 -2.22967491e-01 -2.57781804e-01 -3.57987642e-01
 -3.16711187e-01 -9.47636142e-02 -8.81610334e-01  2.20693976e-01
  1.56133309e-01  5.56351900e-01 -2.49521770e-02  1.05067261e-01
  2.07316682e-01 -1.10191561e-01 -4.43511643e-02 -8.73317719e-02
 -1.36641830e-01  2.70251371e-02  4.36297655e-01  4.53897506e-01
  4.01118547e-01  4.22963232e-01 -1.97619330e-02 -3.55470181e-01
 -2.13236973e-01  2.44985700e-01 -4.82125819e-01 -5.26201785e-01
  7.47960925e-01 -1.56482920e-01  4.60313037e-02 -2.65412003e-01
 -5.34625314e-02  8.03116500e-01 -2.67045736e-01 -1.75648287e-01
 -5.17050028e-02  6.71064258e-02  9.57477838e-02  4.14703816e-01
  3.73381436e-01  9.59229290e-01 -1.59511548e-02  8.13415796e-02
 -6.27298504e-02 -2.35581264e-01  4.48313117e-01 -4.81231034e-01
  2.09117308e-01 -8.79557282e-02  2.81148791e-01  9.07665372e-01
  3.41973573e-01  2.44738191e-01  1.39856592e-01 -1.14559658e-01
 -2.82923520e-01  1.40285790e-01  8.49328220e-01  6.95818588e-02
 -3.92946899e-01 -1.77651234e-02 -4.74189192e-01  1.98056206e-01
 -6.19919263e-02 -5.01796342e-02  4.37217653e-02 -5.34453213e-01
  4.95691419e-01 -4.10655379e-01 -4.85100865e-01 -7.39810586e-01
 -7.04944968e-01  2.71274447e-01 -1.83758855e-01  5.18123545e-02
  4.88727152e-01  4.54407066e-01 -5.84678769e-01  3.87683719e-01
  3.21872056e-01  3.57393831e-01  3.55383009e-01 -3.79998296e-01
 -3.47448796e-01  4.07785267e-01 -8.78432542e-02 -2.30085835e-01
  8.11518729e-02 -7.79503956e-02 -3.45691741e-01 -3.99745852e-01
  9.90882963e-02  8.93566385e-03 -4.58664000e-02 -9.93360579e-02
  1.96768552e-01  2.82615889e-02 -4.26361799e-01 -2.70883530e-01
 -3.11137944e-01  1.78970415e-02 -1.39445350e-01 -5.24506509e-01
 -2.02143371e-01 -1.23284593e-01  5.05717874e-01  4.11226004e-01
  4.57899332e-01 -2.59011388e-01  2.66994417e-01  3.35939407e-01
  5.42337060e-01 -3.52597147e-01 -9.29851979e-02 -2.86421806e-01
 -5.18491387e-01  2.44461909e-01  5.57728350e-01 -3.99972685e-02
 -6.80266693e-02 -5.23167908e-01 -6.83489978e-01 -7.34597668e-02
 -1.04289405e-01 -9.44649816e-01  3.00450414e-01  3.42819601e-01
  5.22377014e-01 -5.12178838e-01  1.71480253e-01 -1.72848389e-01
  4.42137241e-01  1.61882833e-01  2.45924875e-01  2.21804485e-01
 -6.90505624e-01 -1.06625184e-01 -9.04255658e-02 -5.26045501e-01
  7.96223164e-01  4.66599345e-01 -4.81679857e-01  3.22850019e-01
  7.02495575e-01  1.76348478e-01 -4.62830335e-01  1.37234271e-01
 -4.23074573e-01 -2.60591537e-01  1.08638801e-01  4.98605758e-01
  1.53192118e-01  1.12182207e-01 -2.57297605e-01  3.10910214e-02
  6.21003330e-01  5.43195248e-01  2.99308687e-01 -1.11577511e-02
 -9.05102044e-02 -2.91862011e-01 -3.59261155e-01  4.76599544e-01
  3.13599229e-01  9.27524805e-01 -6.94848120e-01  8.27094734e-01
  4.17987198e-01 -3.51679027e-01  5.47586322e-01  8.27581048e-01
 -1.29535213e-01  3.58832538e-01 -3.82195741e-01  6.48860633e-02
 -9.12461519e-01  4.41856310e-02 -2.21253231e-01 -1.43553661e-02
 -1.20179899e-01 -6.09278530e-02  4.01586480e-03 -4.19904470e-01
  2.20407352e-01  2.30938774e-02  4.10899669e-02 -1.94762070e-02
  3.95751148e-01 -4.75532591e-01  7.65454233e-01  3.58244687e-01
 -3.60044986e-01 -1.57360524e-01  1.47609949e-01  8.77888873e-02
  7.88861632e-01 -2.47701049e-01  4.31561410e-01  9.22671258e-02
 -8.84726584e-01  1.00226708e-01  8.95279422e-02 -9.47557390e-02
  6.43715441e-01 -3.26216608e-01 -3.80982012e-01  3.47205490e-01
  9.38326716e-01  2.87590206e-01 -3.56857061e-01 -5.20918727e-01
 -5.70540652e-02 -4.02328372e-01 -3.85965049e-01  2.92511992e-02
  1.27606243e-01  4.22553509e-01 -1.21369891e-01 -4.19671200e-02
  1.57646224e-01  4.03877705e-01  1.31064340e-01  1.15740314e-01
  4.20765020e-02  9.24983174e-02 -2.73703396e-01  1.22083016e-01
  3.15802097e-01 -4.91713166e-01 -1.74496084e-01  7.19657719e-01
 -1.16461284e-01  2.35321566e-01  5.78406751e-02  2.04155892e-01
  1.03044659e-01  1.11952238e-01 -1.83408707e-01 -6.72207594e-01
 -3.49768341e-01  4.40805137e-01 -8.75808716e-01 -1.17407180e-01
  1.08051732e-01  3.65384132e-01  1.02070287e-01 -6.08843146e-03
 -5.85435987e-01 -2.72290111e-01 -1.77197620e-01  3.64187717e-01
 -4.98526663e-01 -6.59672797e-01  6.45488799e-01 -8.88883695e-02
 -4.59713668e-01 -1.22878194e+00  5.89016974e-01  7.76873603e-02
  5.91555059e-01  1.35122418e-01  1.53823718e-01  1.05919868e-01
  2.23764598e-01  3.77426692e-03 -2.17317641e-01  5.81588626e-01
 -1.02896585e+01 -3.00397485e-01 -3.24251980e-01 -7.45515168e-01
 -3.65222842e-01  2.69418508e-01  6.05192363e-01  1.78144068e-01
 -4.92345065e-01  1.49109691e-01 -3.99667203e-01  5.90169504e-02
  1.55871555e-01  1.00437291e-01 -3.68130863e-01  3.06801140e-01
 -3.21902841e-01 -2.93937206e-01 -3.14736694e-01  4.05683368e-02
 -4.04672593e-01 -3.30422372e-01  7.07302928e-01  1.13579541e-01
 -4.77767587e-02 -3.10592890e-01 -5.43449596e-02  9.66573209e-02
 -3.45795631e-01  2.95453578e-01 -3.79869014e-01  5.76226175e-01
 -1.73605904e-01 -1.12764962e-01 -4.58371878e-01 -1.88887537e-01
  4.78667468e-02 -4.94932413e-01 -1.94460616e-01  5.71884453e-01
  4.42748487e-01  6.00157559e-01  3.81390261e-03 -1.24246635e-01
  2.43384108e-01 -1.41740346e-03  1.91264541e-03  4.63049300e-02
  6.04634345e-01 -2.78821349e-01  4.44624096e-01 -2.66278207e-01
  2.37011582e-01 -1.86130553e-01  2.63404369e-01  2.88528621e-01
  7.91618526e-01 -1.00486386e+00 -1.51113421e-01  2.24622712e-01
  1.17757380e-01  1.10612117e-01  1.01274061e+00  8.12015459e-02
 -8.26491714e-02  3.21199447e-01  3.93637121e-01  1.78999379e-01
 -4.70517844e-01 -6.87119901e-01  3.97443473e-01  4.09759700e-01
  1.83875710e-01  1.60238653e-01 -3.04278731e-01  4.77321118e-01
 -5.04228137e-02  3.17943126e-01  1.72936738e-01  1.84958018e-02
  6.55283153e-01 -3.92788082e-01 -2.61824816e-01  1.86970681e-01
 -8.68328035e-01  1.72864348e-01 -1.37730643e-01 -2.82920212e-01
  3.12147856e-01 -7.29880512e-01  3.38896424e-01  1.42414495e-01
 -1.12944044e-01  3.94561291e-01  4.24635291e-01 -2.91074336e-01
 -1.67425960e-01  4.52450275e-01  3.38353097e-01 -4.10437047e-01]"
シ,"[ 1.63603336e-01  5.61111569e-01  9.63577688e-01 -2.53137738e-01
  2.56172061e-01  3.77693935e-03  6.68121040e-01 -2.36982659e-01
 -4.65715885e-01 -1.55674174e-01  4.12211478e-01 -2.10179478e-01
 -4.99211907e-01  2.61354506e-01  3.42842668e-01  2.63275474e-01
 -1.77709743e-01 -5.32054305e-01  6.49681985e-02 -6.26070611e-03
 -1.25149870e+00 -8.28390598e-01 -1.89384073e-01  6.71663284e-01
  2.07438827e-01 -9.78362501e-01  3.77800345e-01 -2.11091451e-02
  1.04807252e-02 -4.03985888e-01 -5.49396932e-01 -2.47840136e-02
 -1.91635624e-01  5.88911772e-01 -7.29784012e-01  2.90721714e-01
  2.35302493e-01 -5.32673478e-01  3.72516029e-02 -2.32694298e-01
  2.69700229e-01 -3.14180046e-01  1.98765814e-01  4.80454773e-01
  5.27459458e-02  3.14000607e-01  2.15839341e-01  8.33956525e-02
 -2.61348099e-01  2.62496650e-01 -6.32890701e-01  3.62549484e-01
  6.21737957e-01  2.13496968e-01  1.06652446e-01 -3.82269382e-01
  2.38241270e-01 -3.02271515e-01  3.15013081e-01  5.37103832e-01
 -4.60227698e-01 -5.21640889e-02  2.73281813e-01  2.33560175e-01
  4.40126993e-02  4.59627628e-01 -3.10776800e-01 -2.55873173e-01
  1.84489161e-01 -9.53016818e-01 -1.16699925e-02 -2.67543606e-02
  7.59125724e-02 -8.65208328e-01  6.29284382e-01 -1.13531232e-01
  1.74959049e-01  2.80857474e-01  7.98219964e-02  7.07317367e-02
 -8.50631669e-02  2.57181942e-01  5.51892519e-02 -4.44931746e-01
 -8.18901122e-01  9.33475047e-02 -6.96617007e-01 -6.23130858e-01
  3.71504366e-01  4.11418043e-02 -1.95469856e-01 -4.27931309e-01
 -4.14786547e-01  3.39911133e-01  4.86581028e-01  6.07203186e-01
  1.65332884e-01 -3.06674480e-01 -1.96098447e-01  2.70745069e-01
  3.15446079e-01 -1.98801577e-01  4.08902198e-01 -1.61339059e-01
  1.77288413e-01  1.85977116e-01 -3.70616257e-01  1.48716778e-01
  4.08792943e-01  2.12757394e-01 -5.67500591e-01 -1.41534701e-01
 -8.02746654e-01 -3.71534050e-01  1.98545009e-01  3.18036497e-01
 -5.26221037e-01  1.49696767e-01 -2.26424158e-01 -2.63807811e-02
  6.83838204e-02  5.67933559e-01  1.33882046e-01 -8.03805113e-01
  1.47024572e-01  5.01258194e-01  2.98709244e-01 -1.02923319e-01
 -4.27690059e-01 -2.98318058e-01 -5.08204043e-01 -3.89622480e-01
  1.46926427e-02  4.39901382e-01 -6.63587570e-01  5.56197882e-01
  2.44140953e-01  1.97624266e-01  3.07847504e-02 -3.10484916e-01
 -4.37712848e-01 -7.02986568e-02 -6.70259818e-02 -5.50451458e-01
  2.80624270e-01 -2.52366424e-01 -7.73504913e-01 -3.96372974e-01
 -3.38088036e-01 -2.59885877e-01  3.16100307e-02  1.26596892e+00
 -5.36586583e-01 -3.84549797e-01  3.12108517e-01  2.26555511e-01
 -7.50627458e-01  4.07783315e-02 -8.68369360e-03 -1.20559931e-02
  1.46507204e-01 -4.34125006e-01  3.76425385e-01  4.52755094e-01
  6.10721648e-01 -1.43308654e-01  1.21564254e-01 -2.17006564e-01
  8.92624035e-02  3.41462523e-01  8.29442620e-01 -4.34506573e-02
  6.89471722e-01  1.75456047e-01 -8.19169134e-02  3.93725932e-01
  8.95509422e-01 -3.23472381e-01 -2.85314228e-02 -3.22180778e-01
 -2.76332945e-01 -3.61938745e-01  2.55494118e-01 -4.93816763e-01
  6.15046442e-01 -7.14162290e-01  3.50738347e-01 -2.79103369e-01
 -3.05350870e-01 -1.47183865e-01  9.65518579e-02 -3.45172763e-01
  8.85943592e-01 -3.47847521e-01 -5.72144806e-01 -3.34402382e-01
  2.66456336e-01  1.63429365e-01 -5.65876484e-01  2.49374613e-01
  2.16334730e-01  1.26294568e-01 -6.11438192e-02 -6.54739439e-01
 -5.59577346e-01  4.15687710e-01  2.59343386e-01  3.45921442e-02
  1.85577556e-01  8.12051535e-01 -3.64490032e-01  2.77725369e-01
  5.67121744e-01  1.16499767e-01  1.13798089e-01  2.31491864e-01
 -1.07704923e-01 -4.00251538e-01 -8.44152346e-02 -1.93388820e-01
  6.97521329e-01 -3.22067261e-01 -5.72157919e-01  2.38063872e-01
  9.07755271e-02  4.22748774e-01  1.94230005e-01 -1.46908224e-01
 -1.11429714e-01  1.28377765e-01 -9.45113897e-01 -3.79291624e-01
 -8.43826830e-01 -3.37311447e-01 -4.89846915e-01 -6.03349268e-01
 -3.42031807e-01 -1.87918872e-01 -6.26741290e-01 -3.37494574e-02
 -1.44564360e-01 -4.07004058e-01  1.44591808e-01 -3.00484687e-01
 -1.69790462e-01  6.13060147e-02  3.16678523e-03 -3.22889864e-01
 -4.27733690e-01 -3.62180211e-02 -4.87673320e-02 -4.17041361e-01
  2.10702002e-01 -2.12283745e-01  1.03694344e+00  6.47431910e-01
  7.51720965e-01 -5.99120140e-01  4.85574543e-01 -4.26550001e-01
 -3.09426934e-01 -3.62140328e-01  3.36613059e-01  3.46474886e-01
  1.14484623e-01 -7.78585598e-02 -3.50176185e-01 -6.98029697e-01
 -8.47503781e-01 -5.56796730e-01  5.96597314e-01 -1.50695592e-01
  5.54423034e-02 -4.01285052e-01  1.51616141e-01  3.36203933e-01
 -6.12843335e-01  8.59668911e-01 -4.06478405e-01  4.37324733e-01
 -8.02108526e-01  9.65873659e-01 -5.92792965e-02 -8.89306068e-02
 -1.72614858e-01  4.76021051e-01 -8.32711518e-01 -5.10946847e-02
 -7.54189074e-01  9.48963881e-01  3.52217108e-01 -4.52993035e-01
  7.23286346e-02  2.32128352e-01  4.94474359e-02  4.08591211e-01
  4.25799489e-01  2.89515376e-01  4.38592046e-01  1.57430798e-01
  2.88930625e-01  1.98024437e-01 -1.14860736e-01 -3.20596963e-01
  2.44942352e-01 -1.75852269e-01 -2.82983601e-01  5.00118911e-01
  2.65005648e-01 -1.70627415e-01  6.26630843e-01  4.88212436e-01
 -5.54039836e-01  4.73126680e-01  8.14007580e-01  3.70932430e-01
 -1.26522517e+00 -4.62719977e-01  3.85998785e-01  2.01425612e-01
  1.43208772e-01 -2.41515085e-01  4.11659509e-01  5.12628376e-01
 -3.45255584e-01 -3.80812168e-01  1.24181926e+00 -2.67702967e-01
 -3.13587397e-01  1.96126342e-01  3.14073890e-01 -2.26803899e-01
  1.97941273e-01 -6.14944696e-01  1.07354991e-01  6.05356038e-01
 -4.45777863e-01  9.98661444e-02 -7.48908669e-02  2.16349978e-02
 -3.33703101e-01  2.57237405e-01 -7.12485015e-01 -1.46129191e-01
 -8.59092250e-02 -1.52098253e-01 -2.60041326e-01  1.10747290e+00
  4.22103316e-01  8.08546960e-01 -1.01743996e+00 -5.56677103e-01
  9.52742025e-02  1.53047562e-01  2.62036294e-01 -6.84613287e-01
 -5.06963253e-01 -4.78540778e-01  1.73185542e-01 -4.43175822e-01
  2.96869427e-01 -2.47007281e-01  2.77859241e-01  1.82748139e-01
 -4.40009058e-01  3.02606106e-01  6.95116758e-01  1.92022532e-01
  3.09463501e-01  4.28770334e-01  2.22777292e-01  5.44481516e-01
  1.39733464e-01 -4.71071571e-01 -4.70793843e-02 -2.88962960e-01
  6.26677573e-01 -2.03951113e-02 -6.44016981e-01  4.26964521e-01
  3.35068583e-01 -7.75960758e-02 -2.38808498e-01 -6.17244720e-01
  2.93143153e-01 -4.81806278e-01 -1.96176425e-01 -3.97129536e-01
 -7.80908018e-02 -2.53324300e-01  1.00818324e+00  5.93216956e-01
  2.25838467e-01 -7.43759215e-01 -7.36458480e-01  1.43390253e-01
  2.10463963e-02  4.73305613e-01 -6.31350577e-02  2.00848415e-01
 -5.80213703e-02 -3.85002673e-01 -2.80049592e-01 -2.87430823e-01
 -4.90521938e-01 -1.70227587e-01 -3.80782664e-01 -1.47157148e-01
  8.08348581e-02  1.01589811e+00 -8.18671212e-02 -4.37057298e-03
  2.62422889e-01  9.21149552e-01 -3.35390031e-01 -1.73789158e-01
 -7.30690241e-01  3.33568841e-01  4.80212867e-01  2.59432256e-01
  4.18212950e-01  1.95657551e-01  6.45623922e-01 -2.13693246e-01
  1.78742424e-01  5.62320828e-01 -9.52494293e-02 -4.65902001e-01
  5.89449584e-01 -3.53551835e-01  5.18576503e-01  5.02124608e-01
 -2.37696528e-01  5.33088624e-01 -5.82868397e-01 -3.41817796e-01
  1.96036562e-01  4.39268559e-01  1.02159917e-01  7.31368437e-02
  5.08945584e-01  7.32358634e-01  6.20243400e-02  5.34525454e-01
 -1.53113946e-01  2.23901365e-02 -4.30824012e-02 -3.57109845e-01
  3.91505152e-01 -1.26716554e-01  4.57513362e-01  7.47415841e-01
  7.45801553e-02  3.34050059e-02  4.64789659e-01  3.22117567e-01
 -1.32783830e-01  4.43664342e-01 -2.16353476e-01 -8.20769295e-02
 -4.78877872e-01  5.29356718e-01 -4.33604360e-01  6.95783198e-02
 -2.83975571e-01 -6.94778040e-02  3.94160777e-01 -4.52841341e-01
  3.87324691e-01 -5.11859715e-01 -9.78059590e-01 -8.96248102e-01
 -1.04058635e+00 -3.77825201e-02 -6.19799137e-01  1.91784561e-01
  4.33692962e-01  3.37722838e-01 -5.85271358e-01  5.86609483e-01
  5.23256540e-01  4.36906874e-01  2.11797580e-02 -3.00570160e-01
 -3.29498142e-01 -4.39510107e-01 -2.45361894e-01  1.29090101e-01
  1.25719383e-01 -1.49542749e-01 -4.85604465e-01 -3.82494986e-01
 -2.38695383e-01 -1.57915473e-01 -7.22726732e-02 -3.96916449e-01
  2.52207041e-01  3.05159539e-01 -8.78956556e-01  4.76449668e-01
 -2.94450581e-01  4.68497962e-01 -4.81890261e-01 -3.45439583e-01
 -2.33464584e-01 -6.99124783e-02  1.46506466e-02  5.08740425e-01
  5.97614706e-01 -3.36241394e-01  3.17217082e-01  1.04651940e+00
  3.05898547e-01 -6.56388164e-01  2.83049121e-02 -3.90717566e-01
 -8.86869013e-01  5.47399879e-01  1.71412870e-01  5.07201314e-01
  3.82300287e-01 -3.45996581e-02 -7.65721858e-01 -2.35219523e-01
 -1.58159360e-01 -6.66702092e-01  6.33459628e-01 -5.27844906e-01
  6.03116572e-01 -1.00139427e+00  4.27998066e-01 -4.41523343e-01
  6.44017681e-02 -3.05156887e-01  4.91352290e-01 -1.68144673e-01
 -5.52774727e-01 -1.37960762e-01 -4.20004010e-01 -4.03524876e-01
  7.79307544e-01  4.22886670e-01 -6.71458542e-01  7.57039905e-01
  8.81175041e-01  2.14556932e-01  1.86129939e-02 -1.68943759e-02
 -4.29343402e-01  5.67590781e-02  1.42172739e-01 -2.25387812e-02
  6.03763223e-01  5.61386764e-01 -3.29905719e-01 -3.26231331e-01
  8.16208720e-01  1.29227236e-01  4.44275558e-01 -4.90773432e-02
 -5.76477528e-01  1.52885646e-01 -1.82719082e-02 -2.00882480e-01
  3.78912129e-02  7.83524573e-01 -4.60827529e-01  5.39143980e-01
  5.29404819e-01  2.07973700e-02 -1.17460554e-02  1.48646772e+00
 -3.43136042e-01  7.31328011e-01  3.37306947e-01  3.41524363e-01
 -8.93943369e-01  3.84448409e-01  6.33160949e-01  2.41828486e-01
  9.61683840e-02  8.83182585e-02 -3.43893796e-01 -5.76559842e-01
  7.11446762e-01 -8.87278855e-01 -9.04211588e-03  2.59813726e-01
  5.65520227e-01 -1.51020244e-01  8.81471992e-01  5.15365481e-01
  7.14452118e-02  3.47704649e-01  2.73196846e-01  7.52917647e-01
  4.35855448e-01 -9.34442356e-02  7.08543539e-01 -5.22925794e-01
 -6.61077797e-01  5.14232039e-01 -4.63536829e-01 -2.70550586e-02
  9.68362018e-02 -5.85820258e-01 -4.64604139e-01  5.28101861e-01
  5.53121328e-01  3.62198144e-01 -2.89152026e-01 -3.39333653e-01
 -7.22410977e-02  8.00727010e-02 -2.96876937e-01  2.65658528e-01
 -1.76449239e-01  7.62426972e-01  3.61016214e-01  1.73849866e-01
  2.63490468e-01  3.82313341e-01 -9.09759626e-02 -7.05301836e-02
  4.68845516e-01  1.79444313e-01  2.47649342e-01 -3.59204039e-03
  4.73301470e-01  3.41785736e-02 -4.40897405e-01  7.78917253e-01
 -3.33704561e-01 -5.44424772e-01 -2.70071059e-01 -3.57808471e-02
  3.64897400e-01 -1.81391388e-01 -2.01868527e-02 -3.40008408e-01
  2.28847831e-01  1.52716920e-01 -7.29587078e-01  2.88266450e-01
  3.66138697e-01 -1.49304062e-01  1.14134274e-01 -1.71195582e-01
 -3.95289660e-01 -6.54736280e-01 -2.20074251e-01  4.37257811e-02
 -1.17882323e+00 -3.56144339e-01  6.80303812e-01  1.58449277e-01
 -3.37136328e-01 -1.18336618e+00  4.72523868e-01 -3.65001768e-01
  4.75816190e-01 -7.74253085e-02 -5.39039373e-02  1.83478847e-01
 -1.41189367e-01 -3.53323489e-01 -3.16048354e-01 -2.00425401e-01
 -9.85924721e+00  2.97644973e-01 -1.24877118e-01 -4.89321053e-01
  1.11029655e-01 -3.54481637e-01  4.84276652e-01  6.80180073e-01
 -3.70484024e-01  5.96631408e-01 -4.41550702e-01 -2.75892943e-01
  6.81962550e-01 -1.87635437e-01 -3.18950176e-01 -2.50903785e-01
 -5.99779427e-01 -4.29402709e-01 -2.56298244e-01  1.98815390e-01
 -2.07847580e-02 -1.33887872e-01  1.02630436e+00  6.93728983e-01
 -2.52547532e-01 -2.98883885e-01  2.51271397e-01  4.53359067e-01
  3.67264807e-01  6.86093122e-02 -5.70196271e-01  6.50061727e-01
 -3.53747904e-01  1.91726416e-01 -1.36249721e-01  1.31582379e-01
  3.13424826e-01  3.74453850e-02 -4.94371414e-01  2.52475470e-01
  5.20692050e-01 -1.47162408e-01 -5.39980233e-01 -6.79523051e-02
  5.88387609e-01 -5.37824452e-01 -9.84445810e-02  2.44418249e-01
  7.35999703e-01 -1.32617310e-01 -2.00176045e-01 -2.77599722e-01
  6.80311143e-01 -1.87823802e-01  1.43186361e-01 -6.00769650e-03
  6.81607246e-01 -3.22454154e-01 -2.20514849e-01 -5.97079456e-01
 -3.22564691e-01 -1.35977179e-01  2.45767385e-01  7.95433998e-01
 -1.36381760e-01  3.45778793e-01 -3.19691539e-01  6.21876642e-02
 -7.23689795e-01 -1.56849295e-01  3.80473137e-01  5.97694278e-01
  3.61764669e-01 -7.59989321e-02  2.41424039e-01  2.31006801e-01
 -6.27083957e-01  3.99850421e-02  3.88293356e-01 -8.10375810e-03
  1.01581670e-01 -6.11351907e-01 -2.39075180e-02  9.02662575e-01
 -7.92504013e-01 -4.10769917e-02  1.70538336e-01 -1.09856233e-01
  4.10794824e-01 -3.28421772e-01  1.15346745e-01 -2.10215241e-01
 -4.22236502e-01  5.11194885e-01  2.24089339e-01 -5.37134349e-01
  1.26098305e-01  1.60041273e-01 -1.52237881e-02 -6.84546590e-01]"
イ,"[ 2.50548184e-01  4.48937267e-01  1.49297416e-01 -5.58641434e-01
 -1.36049360e-03  9.18458104e-02  3.72122318e-01 -2.34025866e-02
  8.32772255e-02 -4.97295290e-01  9.22433853e-01  7.10767582e-02
 -3.67893755e-01 -5.82557209e-02  4.59260195e-01  4.77102995e-02
  3.02615255e-01 -9.85034108e-02 -3.38973910e-01 -3.08446378e-01
 -4.29474026e-01 -4.62878853e-01  3.21236649e-03  1.25402525e-01
  4.18089509e-01 -4.00412738e-01 -9.11752507e-02  2.27680996e-01
 -1.43591851e-01 -1.56664610e-01 -3.75716507e-01 -3.74419689e-01
 -1.87974006e-01 -2.18470380e-01 -2.78684914e-01  8.27848911e-01
  1.41053796e-01 -2.76184261e-01  4.95626181e-02 -3.05525046e-02
 -2.75077790e-01 -1.03702962e-01  1.34631038e-01 -2.77510285e-01
 -3.40850383e-01  5.33725679e-01  8.50845575e-02  2.99998224e-01
  3.01730722e-01 -2.98516285e-02 -4.11128640e-01  4.12371367e-01
  2.30536029e-01 -5.54429591e-02 -2.61237088e-04 -1.30602717e-01
 -1.06849350e-01 -1.77051768e-01  1.52675107e-01 -1.06077278e-02
 -8.04195479e-02 -2.17927918e-01  1.38151884e-01 -6.45262748e-02
 -4.89816844e-01 -2.55414426e-01  1.58404615e-02  8.91135074e-03
 -1.77109227e-01 -5.93673766e-01 -3.99504185e-01  2.75213420e-01
  1.36441067e-01 -4.09847617e-01  4.42099303e-01 -3.25954139e-01
  3.14410836e-01 -1.61171347e-01 -1.37885913e-01 -1.05943531e-01
 -2.27227271e-01  4.18201625e-01 -1.32867172e-01 -6.18982315e-01
  1.17178842e-01  5.95237687e-03  1.06585197e-01 -4.83482927e-01
  3.78091365e-01 -5.38670719e-01 -3.54409844e-01  2.72403359e-01
  5.72565138e-01  3.44812155e-01 -2.85803229e-01  7.02245161e-02
  1.58337325e-01 -2.32174933e-01 -2.50325263e-01 -1.26444459e-01
  5.01085997e-01 -3.91440392e-01  1.21531844e-01 -1.62783220e-01
 -1.63571373e-01  1.28945395e-01 -4.89772826e-01  5.72921038e-01
 -3.15574333e-02 -1.19167745e-01 -2.01856926e-01 -2.57736564e-01
 -3.56377959e-01  4.04012829e-01 -2.66229004e-01 -1.14951387e-01
 -1.68238834e-01  3.99795383e-01 -2.98424929e-01  1.94822043e-01
  2.34678298e-01  2.92861432e-01  6.76141456e-02  1.55305445e-01
 -9.61431861e-02  5.45691550e-01 -2.27928966e-01 -5.58218956e-02
  6.11917041e-02 -2.34988824e-01  2.70687819e-01  7.24034384e-02
 -3.39391261e-01 -1.39200687e-01 -5.78420401e-01  2.52620310e-01
 -1.55659407e-01  5.99726513e-02 -8.23525488e-02 -5.83877563e-01
  4.79102395e-02 -2.66819984e-01  2.30884418e-01  1.89756200e-01
  4.72326167e-02  3.04461829e-02  4.09246147e-01 -2.07717076e-01
  4.46753055e-01  1.35313988e-01 -5.19040711e-02  7.83359170e-01
 -3.72239619e-01 -2.98980087e-01 -2.79809713e-01  4.24865223e-02
 -3.43452454e-01  4.00078408e-02  6.53272718e-02  4.72722799e-01
  2.74603307e-01 -6.96615577e-01  7.82220960e-02  4.43041563e-01
  2.62496650e-01  7.81520724e-01  1.20959178e-01 -9.58712175e-02
 -2.41772830e-02  5.50421357e-01  2.61897832e-01  4.25607026e-01
  1.25510529e-01 -5.66315174e-01  2.34457389e-01  5.65372288e-01
  1.36234045e-01  1.51190206e-01  2.92226672e-01 -4.61350918e-01
  1.08596943e-01 -4.49336797e-01 -2.26929694e-01 -4.77954000e-01
  5.77559650e-01 -1.59313872e-01 -1.40749946e-01  4.92161028e-02
  4.04408202e-02  6.45688677e-04 -5.78388631e-01  3.01188584e-02
  5.47215581e-01 -4.30748194e-01 -4.94826287e-02 -1.22020781e-01
 -5.79941235e-02 -3.47213954e-01 -1.85375482e-01  5.23390710e-01
 -8.71587992e-02  2.89862871e-01 -2.70354658e-01 -2.00902432e-01
 -1.12464201e+00 -2.22978801e-01  2.93578357e-01  4.99000549e-01
  2.64169604e-01  1.19105786e-01 -4.83888686e-01  2.27860138e-01
  4.43124741e-01  4.85236853e-01  2.13789027e-02  5.02767190e-02
 -2.78068930e-01  1.79585114e-01  3.59902501e-01 -5.64133942e-01
  4.23757136e-02 -1.10955477e-01  7.74233863e-02  3.42142850e-01
 -2.29771048e-01 -1.03759691e-01 -2.96202395e-02  6.09361641e-02
 -1.47232220e-01  7.78218448e-01  2.73346543e-01 -9.64207575e-02
 -5.74971795e-01 -4.45089012e-01 -9.19788301e-01  2.41214693e-01
 -1.61082417e-01  2.24556953e-01  3.09266180e-01  2.97025204e-01
  2.58245766e-01 -2.68003106e-01 -1.42835811e-01 -2.70083547e-01
 -2.40813389e-01  3.36348623e-01  1.93774030e-01 -1.58180520e-01
 -5.90977848e-01  3.31599921e-01 -5.10832071e-01 -2.68380016e-01
  6.35851324e-01 -1.43599451e-01  5.74423790e-01  1.40938282e-01
  4.89772707e-01 -8.53540748e-02 -1.87461779e-01 -9.55950767e-02
  4.36156765e-02 -4.13839400e-01 -1.06972173e-01 -2.34485179e-01
  1.09996134e-02  1.04650222e-01  5.84264323e-02 -6.36326253e-01
 -7.37071559e-02 -3.16342860e-01  1.02464452e-01 -5.68891943e-01
 -7.04476461e-02  2.30291873e-01 -3.56901407e-01  2.50668466e-01
 -1.04109794e-01  3.35607588e-01 -2.99138874e-01 -8.98166895e-02
 -1.03467691e+00  4.62022066e-01 -7.32673287e-01  3.54275584e-01
  1.19880915e-01 -1.02041975e-01 -6.54364452e-02 -1.25603393e-01
 -1.99910551e-01  5.11823535e-01  1.64882660e-01 -2.88099885e-01
 -5.12577772e-01 -3.31790335e-02 -1.48431510e-01  8.92459005e-02
  1.57078892e-01 -2.20352858e-01  7.79311778e-03  1.18221991e-01
  5.48335910e-01  1.16938703e-01  1.51461095e-01 -1.68676421e-01
 -3.16606641e-01 -8.21139872e-01 -1.74249917e-01  1.65940970e-01
  6.09729469e-01 -3.89872491e-01 -1.51548386e-01  1.06592011e+00
 -1.71224177e-01 -2.75369376e-01  2.07378134e-01  4.92522776e-01
 -1.40063012e+00  1.89765319e-01  5.88225245e-01  8.27125367e-03
  5.32373041e-02  3.26102495e-01  3.05587888e-01  3.56416821e-01
 -5.22400737e-01 -3.92370522e-02  3.14461082e-01  3.73597950e-01
 -3.61708365e-03 -3.67071837e-01  3.96332085e-01 -7.00402111e-02
  7.45707527e-02 -6.12056315e-01 -3.19102615e-01  4.11913991e-01
 -8.74440968e-02  8.74632224e-02 -1.70665272e-02 -3.10056239e-01
  6.94663972e-02 -2.88684756e-01  2.69203126e-01 -3.25777143e-01
 -2.06082761e-01 -2.72670299e-01  2.63510078e-01  4.49198842e-01
  6.61635160e-01  5.16491294e-01  3.55158955e-01  2.68697768e-01
  4.47348505e-01  3.80298793e-01  4.60312426e-01  3.10991406e-01
 -1.06315635e-01  1.95352584e-02  5.47567546e-01  3.21961701e-01
  2.60394633e-01 -2.76618730e-02 -2.40978584e-01  6.40438259e-01
 -3.42877991e-02  4.84192222e-01  4.39171344e-01  6.22052073e-01
  3.92522663e-01  2.46110246e-01  4.16232944e-01 -1.99239522e-01
 -1.42119557e-01 -3.44763428e-01  2.17241168e-01 -2.86960572e-01
 -1.59542978e-01 -1.53736860e-01  2.50040978e-01 -1.45809427e-01
 -5.12594461e-01  1.40727222e-01 -4.43835914e-01 -1.36881182e-02
  1.92942649e-01 -2.21435457e-01 -5.87340951e-01 -4.13562387e-01
 -4.07140642e-01 -5.99370241e-01  4.87648457e-01  2.24278212e-01
  1.67591110e-01 -5.40347576e-01  1.19901717e-01  1.17969602e-01
  1.69764191e-01 -1.75971016e-01  1.14829168e-02 -1.52550280e-01
  2.82090437e-02 -1.22996107e-01  9.48477630e-03 -6.52793765e-01
 -4.27664936e-01 -5.18693566e-01 -8.45184565e-01 -1.18298441e-01
  1.16165116e-01  3.92276138e-01 -3.25253829e-02  1.95514411e-01
  1.77094415e-01  2.15909585e-01 -2.99488634e-01 -1.85980365e-01
 -8.11992049e-01 -1.56768765e-02  2.14666843e-01  2.32266650e-01
  2.32969046e-01  1.96242005e-01  1.09963231e-01 -4.82075438e-02
 -2.86134541e-01 -1.21539105e-02 -2.40013272e-01 -2.71101832e-01
  9.78989422e-01 -2.60523081e-01  4.55204725e-01 -1.96337432e-01
  1.22119568e-01  3.16756964e-01 -1.55484170e-01 -1.12817459e-01
 -9.07303840e-02  4.70662534e-01 -1.36885494e-01 -1.00792803e-01
  5.52294701e-02  4.65402246e-01 -3.23762983e-01  1.65308639e-01
 -6.53367415e-02  1.07103758e-01  2.05337912e-01 -7.62300417e-02
 -1.51009575e-01 -2.40501344e-01  1.47733510e-01  2.34147370e-01
  2.86229432e-01  2.51718760e-01  2.90646464e-01  6.03635311e-01
  4.65304367e-02  2.98180014e-01  2.58697182e-01  7.23807216e-01
 -2.89932221e-01 -2.15029269e-01 -4.93934572e-01 -8.92949179e-02
 -4.69449073e-01 -1.57416940e-01  5.62630594e-01 -2.20334351e-01
  2.11852729e-01 -1.33978590e-01 -6.52937293e-01 -6.51318654e-02
  5.19523630e-03  6.90673441e-02  7.03841001e-02  3.64892095e-01
  4.39906210e-01 -1.26997204e-02 -6.32700920e-01  5.94457984e-01
 -3.08315009e-01  5.14515579e-01  3.45945537e-01 -5.75061738e-01
 -2.74261087e-01 -7.64722601e-02  7.89083093e-02  5.09687886e-02
  2.43710428e-01  5.64227998e-01 -3.49140644e-01 -1.05415034e+00
 -1.87589705e-01  2.53937304e-01 -1.90228805e-01 -4.17483807e-01
  2.18119115e-01  1.22731857e-01 -9.40392911e-01 -6.61184728e-01
 -3.90708268e-01 -2.36801296e-01 -7.50048086e-02 -9.41760957e-01
  2.10737124e-01  9.18762311e-02 -6.85869977e-02  4.35755491e-01
  6.55624503e-03  5.23173697e-02  2.63327897e-01  4.12435800e-01
  3.27125221e-01 -5.27841270e-01 -8.82996395e-02  1.80286646e-01
 -1.07608419e-02  7.57314712e-02  4.33559537e-01  2.23505148e-03
  1.34608984e-01 -3.60789821e-02 -6.57026768e-01 -1.32698357e-01
 -3.95163506e-01 -8.62202346e-01  3.90648544e-01 -4.85257804e-02
  2.44066179e-01 -4.38990742e-01  3.58604819e-01 -2.36322448e-01
  4.19668891e-02  1.43683150e-01  1.25273690e-02  7.06452206e-02
 -6.10257745e-01  3.14744920e-01 -4.90727723e-01 -4.11903232e-01
  8.03740144e-01  6.32723987e-01 -2.77031273e-01  2.62137149e-02
  3.44409823e-01  4.50162590e-02 -3.13975930e-01  4.23781313e-02
 -2.82185283e-02 -5.54161631e-02 -1.43077955e-01  2.06894383e-01
  3.07502449e-01  2.10439786e-02 -2.29835853e-01 -2.39742830e-01
  5.74667513e-01  4.28124398e-01  2.77385592e-01 -1.01543844e-01
 -8.49071965e-02 -2.14944541e-01 -3.83535475e-01  1.77746221e-01
  1.37170434e-01  6.50477767e-01 -1.97822720e-01  9.01136279e-01
 -1.24171965e-01 -3.45695406e-01  2.91801929e-01  6.94676459e-01
 -1.00216694e-01  2.65137017e-01  1.18587442e-01  1.11891091e-01
 -8.89651358e-01  1.92576736e-01 -2.56352037e-01  2.20070198e-01
  1.24248847e-01  4.35625374e-01  4.67876673e-01 -6.21459007e-01
 -2.60323167e-01 -1.67298496e-01  1.88351333e-01  6.08341210e-02
  5.43614805e-01 -2.58542933e-02  9.34903026e-02  2.46212676e-01
 -1.92727745e-01 -2.98794582e-02  1.24369562e-01  7.80878812e-02
  8.33908319e-01  2.22439915e-01  8.71190205e-02 -2.11816251e-01
 -8.10535669e-01  3.45863700e-01 -6.89836740e-02  1.86973158e-02
  4.62515622e-01 -2.82231331e-01  1.24969304e-01  3.07149708e-01
  6.09694600e-01  1.46806642e-01 -2.99306214e-01 -7.93890119e-01
  1.00233920e-01 -2.04421189e-02 -9.92076397e-02  2.56079793e-01
 -4.15349118e-02  3.64851028e-01  2.03915536e-01 -1.63459256e-01
  3.52919996e-02  5.44714212e-01 -1.73364803e-01  3.65872378e-03
  3.04246575e-01  1.87192932e-01 -4.30703133e-01  9.28122667e-04
 -2.07629338e-01 -4.05075431e-01 -4.26637322e-01 -2.03930631e-01
 -2.27074519e-01 -5.35288043e-02 -1.84056550e-01 -7.97881931e-02
  2.25498512e-01  1.30450606e-01 -1.00639246e-01 -3.92300665e-01
 -3.50677848e-01  5.15872836e-01 -7.76475906e-01 -1.35777131e-01
 -1.23755664e-01  7.65950009e-02 -1.07487820e-01 -1.10861044e-02
 -3.66661578e-01 -1.66465893e-01 -1.05065398e-01  1.48900092e-01
  3.98935229e-02 -4.16027158e-01  2.04854488e-01  2.29957908e-01
 -1.17511697e-01 -7.88458526e-01  1.99353009e-01 -9.32439640e-02
  6.56968772e-01 -1.90095633e-01  2.81826943e-01 -2.75059789e-01
  2.35864297e-01 -3.13181818e-01 -1.30200773e-01  3.28198932e-02
 -1.05836725e+01 -4.90938015e-02 -4.45158988e-01 -1.26329452e-01
 -4.17215824e-01  4.06702816e-01  6.91445172e-01  2.89368570e-01
 -4.18654144e-01  3.56551111e-02  3.73300225e-01  3.36038560e-01
  2.67772228e-01  3.57701659e-01 -6.44478917e-01 -2.05714375e-01
  1.31649956e-01 -8.91802087e-02 -1.39646545e-01 -2.16188714e-01
  2.65375733e-01 -1.75341463e-03  2.89542437e-01  6.34695351e-01
  7.94324726e-02 -5.25712609e-01 -4.68636990e-01  2.96326786e-01
  3.42756063e-02  2.95155644e-01 -3.47007871e-01  1.42052948e-01
  4.79567125e-02  3.19089413e-01 -3.11677724e-01 -2.71849841e-01
 -1.24731869e-01  3.27666491e-01  1.14261262e-01  1.91989005e-01
  2.59902000e-01  6.57625675e-01  2.85983682e-01  8.54373276e-02
  2.72264183e-01  4.46437061e-01  5.17217338e-01  2.94055164e-01
  6.83405817e-01 -4.87478226e-02  2.03231443e-02  3.26814830e-01
 -1.70927256e-01 -1.00325570e-01  3.27387571e-01  4.90538143e-02
  7.69046783e-01 -6.56353056e-01 -4.45701927e-01  7.36973062e-02
 -4.54915389e-02  7.13259354e-02  9.17894423e-01  5.18121719e-01
  3.08233760e-02 -7.76502043e-02  3.12881738e-01  4.84794885e-01
 -5.00979424e-01 -2.22961918e-01 -3.55613269e-02  2.15073958e-01
  1.17330384e-02 -7.69709051e-02 -5.12711585e-01  2.75899589e-01
 -4.08498105e-03 -2.58596897e-01  3.27946901e-01  2.06794024e-01
  1.48800939e-01  2.20320001e-01  1.59264449e-02  1.42602280e-01
 -5.16741991e-01  1.08714618e-01 -2.09900662e-01  1.72531307e-01
  8.48772973e-02 -4.64440048e-01 -7.00366572e-02 -2.24854469e-01
 -3.09130512e-02  7.70375192e-01  4.16402221e-01 -3.29809636e-02
 -9.87273157e-02  1.02551058e-01  5.01251996e-01  2.52322238e-02]"
レ,"[ 2.11790562e-01  3.12147915e-01  1.56239405e-01 -4.62925494e-01
  3.90045017e-01  6.33704841e-01  1.08811867e+00 -5.64637408e-03
 -1.70766532e-01  2.53077507e-01  6.52835608e-01  5.36284596e-02
 -7.73065925e-01 -2.08476856e-01  4.08956826e-01 -1.93083435e-02
  1.95161268e-01 -4.57857430e-01 -2.57242247e-02 -4.03957129e-01
 -5.13635576e-01 -4.37197149e-01 -2.87885010e-01  3.59757394e-01
  1.92466006e-01 -4.33365285e-01 -1.64243922e-01  3.59828532e-01
 -2.01904532e-02 -3.53789479e-01 -3.70608479e-01 -6.53367996e-01
 -8.40082914e-02  4.72385108e-01 -1.64403200e-01  1.47810608e-01
 -4.61415619e-01 -6.33785501e-02  2.76199311e-01  1.68242469e-01
 -2.04160556e-01 -1.32096857e-01 -3.42380077e-01  1.46032572e-01
 -2.51288235e-01  4.13353950e-01  3.87004912e-01  3.07377338e-01
  2.51169115e-01  1.01749063e-01 -1.65935755e-01  5.35423934e-01
  6.02197349e-01  2.14505911e-01  6.72789931e-01 -3.70636135e-02
  5.68251252e-01 -4.53531414e-01  4.94370274e-02  5.92842340e-01
 -8.04089427e-01 -2.66785383e-01  8.47482085e-02  5.41311167e-02
 -1.31178811e-01  3.64593685e-01 -4.00320202e-01  2.56372929e-01
  4.19665754e-01 -7.32927322e-01 -1.02700032e-01 -2.46067911e-01
 -2.20003235e-03 -5.06109774e-01  6.37231410e-01 -4.90771949e-01
  4.08214003e-01 -7.41296187e-02 -1.14414558e-01  2.06918269e-01
  1.20670125e-02  2.96857655e-01 -3.16032529e-01 -1.09711146e+00
 -2.13455111e-01  2.33853862e-01 -1.17373765e+00 -1.17531931e+00
 -3.94072346e-02 -3.73141170e-01  1.85219899e-01 -1.90411940e-01
  4.35625821e-01 -3.77321728e-02  5.28561592e-01 -4.80665490e-02
  3.76573473e-01  1.47235572e-01 -1.90814406e-01 -5.46784066e-02
 -1.79864869e-01 -1.82770062e-02  4.56758618e-01  1.20619118e-01
 -6.94888085e-02  1.79526940e-01  1.03570692e-01  8.89171138e-02
  2.19496906e-01  5.48862159e-01 -4.58923429e-01 -4.54540968e-01
 -3.25635016e-01 -2.90356189e-01  1.37022883e-01 -2.43274197e-01
 -1.39434570e-02  6.21202469e-01 -2.83238292e-01  4.95013028e-01
 -3.10995672e-02  2.13604867e-01 -2.24200655e-02 -4.05663669e-01
  1.09675638e-01  1.83357760e-01  3.71012926e-01 -2.45225817e-01
 -4.35414821e-01 -6.80235922e-01 -7.03988492e-01  2.01055184e-01
 -4.14252132e-01 -1.98510036e-01 -5.41311920e-01  4.76782709e-01
  6.54575527e-02  1.35801822e-01 -2.06374973e-01 -3.62702549e-01
 -8.91103268e-01  5.50651133e-01  4.38832015e-01 -2.73552805e-01
  3.57039243e-01  1.53650001e-01 -1.08367205e-01 -3.01844239e-01
 -2.96181202e-01  3.65690410e-01 -4.61749397e-02  1.08299446e+00
 -8.86420965e-01 -2.87730750e-02  1.13404825e-01  1.90755382e-01
 -8.78477871e-01  8.68647620e-02  1.61097020e-01  2.16070712e-01
  1.83381528e-01  1.90998510e-01  4.24192905e-01  7.58680820e-01
  1.73998281e-01  4.19262707e-01  1.72381356e-01 -4.71206419e-02
  4.60250080e-01  9.33453441e-01  8.02692533e-01  5.90680301e-01
  6.39782727e-01 -2.72129148e-01  3.72003704e-01  4.91988689e-01
  1.08685577e+00 -2.08739191e-01 -4.18818779e-02 -6.68927848e-01
 -1.77817926e-01  5.38549572e-02  2.51314670e-01 -7.79233038e-01
  4.28760499e-01 -1.39289677e-01  4.77126479e-01 -9.00978316e-03
 -3.29728305e-01  2.22734496e-01  9.43627767e-03 -4.76323575e-01
  2.74438173e-01 -6.07636034e-01 -5.66053152e-01 -3.83359306e-02
 -2.29928046e-01  2.98950762e-01 -9.94605124e-01  3.43955100e-01
  2.81170547e-01  3.48459274e-01 -2.54391998e-01 -6.05091989e-01
 -7.90200830e-01 -6.91058576e-01 -3.28721493e-01  5.90669692e-01
  2.16125086e-01  4.58050460e-01 -2.02739686e-01  3.01326998e-02
  1.13393530e-01  5.62979728e-02  6.82333112e-01 -2.00289935e-01
 -2.36324996e-01 -3.91351014e-01  2.05564927e-02 -4.40373242e-01
  3.19210052e-01 -3.49599898e-01 -9.98927746e-03 -4.20623481e-01
  7.27967247e-02  4.09278065e-01  6.04039319e-02 -7.25088894e-01
 -4.53305095e-02  1.21204503e-01 -5.08763850e-01 -3.21923256e-01
 -8.82857144e-01 -4.66342270e-02 -6.77094221e-01 -2.27426693e-01
 -5.28761923e-01  2.71380156e-01 -1.00383714e-01  2.02354625e-01
  2.90312022e-01 -2.93077946e-01  3.58733088e-01 -4.66686547e-01
 -2.53672034e-01  7.41484538e-02 -1.06865931e-02 -1.50152221e-01
  8.24689120e-02  1.69533268e-02 -6.54282510e-01 -5.56208372e-01
  2.80531526e-01 -5.24953485e-01  6.29130185e-01  9.26729441e-01
  2.12974876e-01 -3.86684299e-01 -1.40479237e-01 -2.88277268e-01
 -7.53846824e-01 -6.01349950e-01  1.03062717e-02  3.49313468e-01
  1.73552707e-01 -3.60199332e-01 -1.70882866e-02 -3.89978021e-01
 -8.49648237e-01 -6.78683221e-01  1.21645011e-01 -5.44718921e-01
 -3.87903333e-01 -3.88252020e-01 -6.39475882e-02 -3.94706249e-01
 -5.11833131e-01  7.81625688e-01 -2.74681926e-01  8.12987864e-01
 -2.57096708e-01  5.21027982e-01 -5.01482964e-01 -3.58229369e-01
 -1.58339262e-01  2.93700576e-01 -5.81605315e-01 -6.31688178e-01
 -5.70438147e-01  8.12469661e-01  2.56196409e-01 -4.40510631e-01
  1.52350411e-01 -1.69668958e-01 -1.51950847e-02  6.57054722e-01
  4.60845739e-01 -1.51015133e-01  1.98665634e-01 -5.71198501e-02
  8.23478937e-01  2.07625404e-01  2.60527611e-01  1.41267627e-01
 -2.33722225e-01 -1.79886833e-01 -4.09681976e-01  2.39389837e-01
  5.92723012e-01 -6.54698193e-01  2.64564067e-01  6.65835500e-01
 -7.61334956e-01  2.99999505e-01  6.03593469e-01  4.40113693e-01
 -1.74230647e+00 -2.08247915e-01  4.11691397e-01 -2.18686476e-01
 -4.67979968e-01  4.47311580e-01  4.50253218e-01  7.44841516e-01
 -5.64385235e-01 -5.38400114e-01  1.08515155e+00  2.08265528e-01
 -3.98362309e-01 -2.84172446e-01 -2.71444231e-01  1.41183719e-01
  4.09434795e-01 -4.37738210e-01  1.24744058e-01  5.90748489e-01
 -6.01208389e-01 -2.03941509e-01 -2.87634075e-01 -4.80963409e-01
 -2.62211673e-02  7.63347030e-01 -7.54665509e-02  5.89029372e-01
 -2.06197560e-01 -1.38684109e-01  2.51260161e-01  1.26485646e+00
  5.82103789e-01  9.37070131e-01 -4.06178564e-01 -6.91404760e-01
  4.05639559e-01  2.79361814e-01  1.42325491e-01 -6.55316055e-01
 -3.59991714e-02 -2.83814464e-02  2.44900599e-01  1.19050898e-01
 -3.28858078e-01  2.84518689e-01  5.11830151e-01  2.19289780e-01
 -2.33976275e-01  2.86750615e-01  1.06900609e+00 -1.21941626e-01
  2.69066602e-01  3.37108433e-01  4.46323216e-01  4.31613386e-01
 -5.12827151e-02 -4.48308259e-01  2.96298474e-01 -5.64652562e-01
  4.48917717e-01 -1.90751746e-01 -2.69841373e-01 -4.24539857e-02
 -1.35695472e-01 -4.08144474e-01 -6.40518814e-02 -5.69630146e-01
  3.33210021e-01 -5.20815074e-01 -6.19455874e-01 -3.63946736e-01
  2.95442313e-01  2.60435045e-03  6.86691821e-01  1.07836270e+00
  3.76238257e-01 -8.40712011e-01 -5.07274330e-01  2.69872755e-01
 -7.40011930e-01  3.48720223e-01  2.92439133e-01  5.26220083e-01
 -1.46135643e-01 -3.23804498e-01 -6.99282467e-01 -4.24319774e-01
 -1.00188851e+00 -6.89015761e-02 -4.80664849e-01 -1.32868499e-01
 -1.87674150e-01  7.84283876e-01  3.77273299e-02  1.31311953e-01
  3.74370724e-01  2.35737562e-01 -6.33470654e-01 -6.37345314e-01
 -5.29601276e-01  2.66539037e-01  4.46591377e-01  4.13009435e-01
  9.35427696e-02  5.24656892e-01  3.60433251e-01 -4.25687172e-02
 -1.10221570e-02 -5.92614971e-02 -5.06973788e-02 -4.68889147e-01
  3.95512402e-01 -3.82778645e-01 -1.10836163e-01  4.71593887e-01
 -1.80875406e-01  1.09324825e+00 -7.88529310e-03 -2.66083121e-01
  2.14231595e-01  3.94428186e-02 -3.39678556e-01  9.83330548e-01
  1.91027910e-01  6.93450511e-01 -1.56026751e-01  4.66009766e-01
 -1.68740615e-01 -1.36379644e-01  2.89318502e-01 -5.63642085e-01
 -1.79401845e-01 -2.32059769e-02  1.53800517e-01  1.24000978e+00
  2.16638684e-01  4.75354567e-02 -2.21421555e-01  1.91967785e-01
 -8.71589184e-02  5.17838478e-01  1.64071806e-02  8.22151229e-02
 -3.61091226e-01  3.84118736e-01 -3.54102761e-01  3.14372778e-02
  4.43949178e-02  1.30570307e-01  2.44209960e-01  1.80386201e-01
  5.13420045e-01 -7.06629395e-01 -6.80223227e-01 -3.78711283e-01
 -1.31094873e+00 -9.61420834e-02 -8.00831974e-01  4.02071595e-01
  3.25710654e-01 -1.60698395e-03 -6.92893386e-01  7.90025234e-01
  2.71647990e-01  2.06939697e-01 -3.80356349e-02 -4.02706206e-01
 -5.26985705e-01  1.13552645e-01 -2.24539846e-01 -2.60666847e-01
  2.76364952e-01 -2.63771206e-01 -8.33178759e-01 -7.69113898e-01
 -1.42383292e-01 -4.96436387e-01  2.64447421e-01 -4.33224589e-01
  3.28410834e-01  5.42612433e-01 -9.38507378e-01  7.11900219e-02
 -3.31252277e-01  1.20897647e-02 -4.63244654e-02 -5.59325635e-01
  1.61403492e-01 -2.11348832e-01 -1.16198711e-01  9.56927776e-01
  1.27268028e+00 -1.53821990e-01  2.98032211e-03  6.46416366e-01
  4.68276858e-01 -1.48246452e-01  1.67837664e-01 -5.86160384e-02
 -7.77111426e-02 -1.36144102e-01  4.18100566e-01  3.95189852e-01
  4.98411685e-01 -1.01971865e-01 -9.67411876e-01 -3.02570164e-01
 -2.82127056e-02 -7.61660874e-01  8.48079741e-01  1.49477154e-01
  5.74199378e-01 -5.65008640e-01  2.55076796e-01 -7.17981756e-01
  6.53414503e-02 -3.38440329e-01  7.42141068e-01 -1.51932612e-01
 -1.04733407e+00 -3.78960431e-01 -3.38416129e-01 -6.56064034e-01
  1.15195918e+00  2.97550470e-01 -5.31781554e-01  2.55158365e-01
  4.73155648e-01  5.87594211e-01 -1.61969066e-01 -2.60976464e-01
 -6.07911706e-01 -1.74270698e-03  5.69970489e-01  1.86057240e-01
  1.89609990e-01  2.32887164e-01 -2.60109603e-01 -3.14332336e-01
  9.24727798e-01 -1.06491365e-01  2.15405792e-01  1.57620443e-03
 -1.40528515e-01  2.64834464e-01 -3.59886736e-01  1.25120774e-01
 -1.51385283e-02  3.54250163e-01 -3.90069842e-01  8.11315775e-01
  6.53498530e-01 -2.98208266e-01  1.15145974e-01  1.21756446e+00
  2.15686724e-01  8.10126424e-01 -9.30581689e-02  1.70218095e-01
 -1.07148409e+00  3.22002560e-01 -2.50449870e-02 -3.08299571e-01
  3.45678963e-02  3.35915893e-01 -5.97240590e-02 -7.91508332e-02
  1.83592528e-01 -5.30821010e-02 -4.85626757e-02  8.92215788e-01
  6.28977939e-02 -5.88202000e-01  8.48995626e-01  2.75404096e-01
 -5.14001846e-01  1.32637694e-01  5.38741909e-02  7.39607275e-01
  7.34033346e-01 -8.87859836e-02  5.72359920e-01 -3.43440711e-01
 -9.11301970e-01  3.25283855e-01 -3.19748878e-01  2.64806688e-01
  6.55352116e-01 -8.62215042e-01 -2.80593604e-01  5.22382438e-01
  3.25566441e-01 -1.45460561e-01 -4.46990699e-01 -8.11535060e-01
  1.60925388e-01  1.23084284e-01 -4.95300621e-01  2.15020292e-02
  2.96721846e-01  9.40444529e-01  3.57534975e-01 -3.53697807e-01
  2.37445027e-01  5.37648380e-01  1.12892590e-01 -2.52233088e-01
  6.98895827e-02  5.08544855e-02  2.92694837e-01 -1.91583142e-01
  1.01325643e+00 -1.81537628e-01 -3.18529636e-01  4.01400715e-01
 -4.61487442e-01 -3.35044116e-01  2.22076222e-01  3.51487756e-01
  4.88082767e-02 -2.46164948e-01  2.16562927e-01 -3.72650236e-01
 -1.61316410e-01 -2.57273652e-02 -8.78512681e-01  1.48966551e-01
 -1.10783957e-01 -7.34648556e-02  2.12040335e-01 -1.65950194e-01
 -5.67233562e-01 -3.63309979e-01 -1.48784265e-01  2.36909747e-01
 -1.06703007e+00 -3.29795510e-01  9.11358535e-01 -4.60878871e-02
 -4.54724908e-01 -1.18096209e+00  6.42949939e-01 -1.85985178e-01
  5.63629448e-01  3.84793319e-02  3.63342285e-01  2.95556746e-02
  2.43544385e-01 -1.63167957e-02 -4.47826445e-01  1.28145382e-01
 -9.77260590e+00  1.10378549e-01 -2.11438283e-01 -7.28446722e-01
  1.29618287e-01 -3.70057583e-01  7.00108409e-01  7.79978216e-01
 -5.73680699e-01  1.28816161e-02 -2.32107490e-01  1.51225463e-01
  4.53378767e-01  3.11708361e-01 -2.54814327e-01 -3.48427474e-01
 -3.22798729e-01 -2.58097917e-01 -7.22405827e-03 -1.06705673e-01
  8.84802192e-02 -6.27997220e-01  1.16019666e+00 -6.01275265e-02
 -2.13984042e-01  2.70081256e-02 -6.55421615e-01  2.71694750e-01
  2.10449353e-01  2.71274835e-01 -1.05003941e+00  6.97763801e-01
  1.51515856e-01 -1.20972410e-01 -7.65801743e-02  8.32716227e-02
 -1.00773744e-01 -1.84431449e-01 -9.22588110e-01  6.24495208e-01
 -8.83222818e-02  5.16309321e-01  3.37488532e-01  1.38079226e-02
  5.46293259e-01 -6.01533771e-01 -1.60022140e-01  1.80612728e-01
  7.66687691e-01 -3.52241285e-02 -2.13444576e-01 -2.16333881e-01
  1.73329502e-01 -1.14239946e-01  1.53278857e-01 -1.43183187e-01
  3.88860852e-01 -5.07604122e-01  4.85215038e-01  5.22066280e-02
  5.55349886e-01  1.53843284e-01  2.52172232e-01  4.67775911e-01
 -1.82433665e-01  6.69867516e-01 -6.03947453e-02 -1.95523575e-02
 -3.21256250e-01  1.43888779e-02  5.34737468e-01  4.91153777e-01
  3.02569658e-01  1.23411715e-01  2.06503168e-01  4.24642891e-01
 -1.62363812e-01  3.43252271e-01  1.86459780e-01  1.21148631e-01
  5.06132185e-01 -7.59795964e-01  1.33055225e-01  2.47879140e-02
 -1.00066650e+00  4.11822110e-01 -2.99781144e-01 -1.39427539e-02
  2.92196095e-01 -4.11412448e-01  4.69855070e-01 -5.69961779e-02
 -3.11755896e-01 -6.10242784e-02  3.81321520e-01 -7.60421902e-02
  2.16456562e-01  2.93256402e-01  1.02699339e-01 -3.38741601e-01]"
ラ,"[ 2.53270626e-01  9.87377539e-02  6.95462167e-01 -7.88378119e-01
  2.84588963e-01  2.73937255e-01  5.22956073e-01  3.08304708e-02
  3.29807848e-01 -4.75687487e-03  8.15141141e-01 -5.77190042e-01
 -3.10846776e-01  1.18641965e-02  8.12146366e-01 -7.99373686e-02
  6.62725940e-02 -3.57988983e-01  2.81068534e-01 -4.04754400e-01
 -8.98082972e-01 -4.62202102e-01 -1.81117505e-01  4.40734297e-01
  4.05904427e-02 -3.35834682e-01 -2.21621647e-01  1.01561174e-01
 -2.68296991e-02 -1.42383561e-01 -1.24907367e-01 -3.21613421e-04
 -1.28024817e-01  2.58824080e-01 -2.76931196e-01  4.17086542e-01
 -1.58638507e-01 -3.56592715e-01  3.77284408e-01 -9.22773406e-02
  6.67844191e-02 -1.34741202e-01 -5.74468315e-01 -1.44362509e-01
 -4.19269890e-01  1.10907778e-01  1.84497908e-01 -1.78516265e-02
  9.75063443e-02 -5.61684519e-02 -6.95068017e-02  2.37551361e-01
  3.32574487e-01  6.22163415e-02  5.57750702e-01 -2.28059843e-01
  6.06942654e-01 -5.55038393e-01  1.48991168e-01  2.96692789e-01
 -2.74570078e-01 -4.71665144e-01 -2.22448800e-02 -1.60193611e-02
  2.10027657e-02  1.78835228e-01 -2.30052680e-01 -2.05455855e-01
  6.27453774e-02 -7.87832141e-01 -5.67941181e-02 -4.08992469e-01
  1.18813448e-01 -5.43733239e-01  6.64223552e-01 -6.89116955e-01
  4.36958484e-02  3.67432922e-01  3.51985365e-01  2.89693028e-02
  3.56173739e-02  5.89322925e-01 -5.82076497e-02 -7.17161715e-01
  3.38350534e-01  4.42372799e-01 -6.66883588e-01 -7.38075554e-01
  5.01148880e-01 -1.53953090e-01 -5.66951856e-02  2.45523989e-01
  3.91033173e-01  2.63293326e-01  1.93595633e-01 -8.08111653e-02
  1.62332311e-01  7.95813650e-02 -1.74654931e-01  2.87753671e-01
 -1.89735908e-02  1.99261144e-01  5.63528061e-01 -3.35476130e-01
 -2.56715149e-01  2.29818478e-01  2.76396126e-02  2.48261079e-01
  1.17512764e-02 -1.83383434e-03 -2.76161045e-01 -5.92692316e-01
 -7.28372097e-01 -2.93676823e-01  2.31086418e-01 -1.95216432e-01
 -3.65851372e-01  7.64556587e-01 -5.87422550e-01  5.37672877e-01
 -1.07076064e-01  1.92525938e-01 -1.60207413e-03 -6.44911051e-01
 -4.39450853e-02  3.63225490e-01  6.86226487e-02  4.15229723e-02
 -5.54874480e-01 -1.74134091e-01 -3.75283003e-01 -2.12726399e-01
 -3.16730551e-02 -8.64915997e-02 -3.73455137e-01  1.15719700e+00
 -9.77409631e-02 -9.51070711e-02 -2.00000316e-01 -6.00262046e-01
 -2.61361480e-01  1.08916298e-01  5.31519391e-02 -3.72357637e-01
 -1.14186704e-01  1.15593979e-02 -3.97608787e-01 -4.82986957e-01
  1.37045190e-01  5.22210598e-01 -2.62639791e-01  5.76527476e-01
 -6.16798103e-01  1.62783191e-01  7.41128027e-01  2.01589003e-01
 -6.24676764e-01 -5.69022261e-02 -5.29121757e-02  2.88467202e-02
  3.88348103e-01 -6.22968823e-02  4.67911839e-01  6.14076138e-01
  1.56997308e-01  3.10498834e-01  5.60977101e-01  2.98110068e-01
 -7.23266415e-03  7.15846956e-01  5.76314449e-01  4.31958407e-01
  1.15408145e-01  7.40832239e-02  7.43823424e-02  2.70756967e-02
  4.96211648e-01  2.33886331e-01  7.78639242e-02 -8.88630867e-01
 -2.12654680e-01 -1.30145371e-01  3.64229903e-02 -7.40129888e-01
  2.93503881e-01  2.23607980e-02  8.65651518e-02 -5.75080290e-02
 -2.42624938e-01 -3.02792311e-01  1.58190653e-01 -5.24743497e-01
  5.02157770e-02 -1.85492709e-01 -1.93014055e-01 -3.62344831e-01
  9.48902890e-02 -1.17486276e-01 -9.54668283e-01  6.52449250e-01
  1.67125538e-01  2.45508477e-01 -8.62253234e-02 -7.54143596e-01
 -9.99651611e-01 -2.93012947e-01 -3.91836852e-01  8.52741972e-02
  1.76823258e-01  5.67606151e-01 -1.59431398e-01  6.56268001e-01
  2.10688531e-01  4.70487364e-02  5.18510640e-01  3.33031118e-01
 -4.14093435e-01 -5.87943494e-01  4.40402478e-01 -3.55222881e-01
  1.24906383e-01  9.59924459e-02  4.63635065e-02  2.09822968e-01
 -1.41890123e-01  6.37005389e-01  6.89286113e-01 -2.22339127e-02
 -3.68153244e-01  2.87981957e-01 -7.26172626e-01 -5.22901893e-01
 -8.68096948e-01 -6.79086074e-02 -6.88344657e-01 -2.01859418e-02
 -4.46027815e-01  1.42239168e-01 -5.13913631e-01  1.16549648e-01
 -1.56832367e-01 -1.97795108e-01 -3.66561599e-02 -2.54355133e-01
 -9.91805121e-02  3.93450558e-01 -3.03624034e-01  1.69656351e-02
 -4.90956716e-02  1.90390572e-01 -4.49034780e-01 -2.93005615e-01
 -1.99353710e-01 -1.87944815e-01  8.19045722e-01  3.75777453e-01
  5.09625375e-01 -2.91577727e-01  3.04714471e-01 -5.95760703e-01
 -2.11331457e-01 -5.66877663e-01  2.54399832e-02  1.52165741e-01
 -1.08242653e-01  1.60358101e-01  4.88675326e-01 -2.90090144e-01
 -2.55199224e-01 -4.54103172e-01 -3.06041837e-01 -4.37733084e-01
 -1.36168703e-01 -1.34160325e-01 -1.75734580e-01 -7.58554339e-02
 -1.59386322e-01  5.47748148e-01 -4.63304102e-01  5.53437889e-01
 -5.54661036e-01  5.92372835e-01 -5.68527400e-01 -1.34761229e-01
 -2.53724377e-03 -7.10046813e-02 -6.56352580e-01  1.88097566e-01
 -2.66044825e-01  4.70321089e-01  3.35011244e-01 -2.53842264e-01
 -5.98699689e-01 -2.32988242e-02 -6.41149655e-02  6.02724291e-02
  4.36396658e-01 -6.83801770e-02  1.88855916e-01 -1.94358423e-01
  2.12073371e-01  3.69042665e-01  2.86862582e-01  2.48668864e-01
  7.53948316e-02 -1.29033133e-01  1.38281537e-02 -1.02120370e-01
  5.81830859e-01 -1.82891369e-01  8.70829150e-02  3.96825343e-01
 -1.20211653e-01  8.35807025e-01  2.47353420e-01  2.95750439e-01
 -2.02025151e+00 -1.78645149e-01  5.81769705e-01  4.25674736e-01
 -1.18711919e-01 -1.79369524e-02  2.89899319e-01  3.87929082e-01
 -4.40901756e-01 -6.31123722e-01  7.17390358e-01  6.63825199e-02
 -2.33978987e-01  9.45433229e-02  2.72408605e-01 -5.28950036e-01
 -2.28985101e-01 -6.27215981e-01  3.25900495e-01  3.26163530e-01
 -1.38554573e-01  1.69384420e-01 -1.41314223e-01 -3.62724781e-01
 -1.89346522e-01  1.98416457e-01 -1.10224254e-01  1.47545040e-01
 -3.26285303e-01 -1.53909311e-01  1.09817274e-01  1.05529988e+00
  8.14586341e-01  7.76242733e-01 -6.05074525e-01 -2.91356057e-01
  1.98924780e-01 -1.88326072e-02  4.06798929e-01 -3.29102278e-01
 -2.60669976e-01 -2.37461537e-01  1.23333961e-01  1.13474287e-01
 -2.65957028e-01  3.47773343e-01  1.08636133e-01  2.11360201e-01
  1.64236963e-01  2.80332893e-01  8.35479915e-01  1.36864875e-02
  2.61703849e-01  1.90394521e-01  6.99881852e-01 -1.25160217e-01
 -2.02715084e-01 -5.03157854e-01 -9.73147079e-02 -3.98211181e-01
  4.50898021e-01 -1.45898508e-02 -4.80954766e-01  9.67228353e-01
 -6.31411076e-01  2.29471046e-02 -7.96091557e-02 -8.49434078e-01
  6.67261556e-02 -6.47500098e-01 -5.11322320e-01 -1.11789577e-01
  6.23994619e-02 -3.42024833e-01  8.33359003e-01  4.69603896e-01
  3.45478237e-01 -1.74997419e-01 -4.25816000e-01  2.03247890e-01
 -2.55825579e-01 -1.18956819e-01  2.53787309e-01  1.97761416e-01
 -2.99388856e-01  4.38908905e-01 -4.79048006e-02 -4.51583602e-02
 -8.42034817e-02  1.01423018e-01 -6.62310064e-01 -1.30025402e-01
 -3.63982141e-01  3.87988448e-01 -1.46594375e-01 -7.90069252e-03
  2.64993280e-01  2.08396912e-01 -3.12448978e-01 -2.19520181e-01
 -5.18066227e-01  3.40439349e-01  5.17223656e-01  6.03937805e-01
  3.49927604e-01  4.12674904e-01  1.65540680e-01  1.38448998e-01
 -1.42545238e-01 -1.89514458e-01 -6.97188675e-01 -4.06189591e-01
  6.41554594e-01 -3.97847295e-01  4.14564252e-01  1.58506483e-01
 -3.19334358e-01  5.59643567e-01 -3.40233892e-01 -6.00299835e-01
  1.45685226e-01 -1.49027258e-01 -2.28659324e-02  6.77009642e-01
  3.24287921e-01  5.95579684e-01 -1.78462431e-01  3.52012992e-01
 -2.71401644e-01 -1.32833824e-01  3.52630317e-01 -4.06342268e-01
 -2.71254808e-01 -1.27819985e-01  6.89758718e-01  4.25232738e-01
  5.70499599e-01 -1.54717073e-01  1.95907623e-01  2.57012635e-01
  4.77967635e-02  5.08501649e-01  2.12759867e-01  4.21233118e-01
 -1.00713745e-01  7.40931332e-02  4.24261689e-02  3.12955469e-01
 -1.83564931e-01 -6.73314780e-02  4.64093328e-01 -9.65812132e-02
  1.91563576e-01 -4.04270947e-01 -5.19899786e-01 -5.84408820e-01
 -7.99030542e-01 -8.55081826e-02 -4.08061087e-01 -1.79124713e-01
  3.41108352e-01 -1.37945399e-01 -8.54282320e-01  3.84833813e-01
  5.82003534e-01  4.03780550e-01  4.61774552e-03 -4.18125808e-01
 -2.04226136e-01  4.80800122e-01 -6.63753808e-01 -5.63919008e-01
  3.90475243e-01 -1.85801581e-01 -2.96708286e-01 -6.60396516e-01
 -5.61350510e-02 -3.24935243e-02  1.72122017e-01  4.07124430e-01
  2.92283952e-01  1.66618586e-01 -7.01685011e-01 -2.68204689e-01
  3.28103118e-02 -6.71117753e-02 -2.68216521e-01 -5.04461527e-01
  8.87793377e-02  1.94697171e-01 -3.99043001e-02  9.69417095e-01
  6.01988673e-01 -1.94168597e-01 -3.45485620e-02  1.64930359e-01
  2.80784667e-01 -5.77812672e-01 -3.48071843e-01 -1.39973313e-01
  1.65531375e-02  2.63955653e-01  3.04985195e-01  4.27665144e-01
 -1.27359629e-01  1.30271658e-01 -8.54135573e-01 -1.21150076e-01
  1.93844423e-01 -8.81334960e-01  4.75998968e-01  3.57424140e-01
  3.80155146e-01 -5.73102951e-01 -3.33607912e-01 -1.65807262e-01
  5.83642581e-03  9.52580273e-02  4.23555076e-01 -1.10207237e-01
 -7.59613156e-01  1.12884328e-01 -9.55019817e-02 -7.34941185e-01
  8.56067300e-01  8.08745027e-02 -1.50218129e-01  4.30696845e-01
  6.07655466e-01 -1.36959702e-01 -6.78598464e-01  2.33269751e-01
 -6.41356766e-01  2.12215334e-01  4.10271704e-01 -2.34598652e-01
  4.87755686e-01  4.00270641e-01 -7.85405263e-02 -7.64096081e-02
  2.72442371e-01  5.84150374e-01  6.27572596e-01  1.79128066e-01
 -1.29294217e-01  4.26231921e-02 -4.05393690e-01  2.16333866e-01
  9.56493467e-02  4.90267813e-01 -8.58217239e-01  4.23231155e-01
  8.13017726e-01 -1.73364967e-01  2.93461144e-01  6.26166344e-01
  5.36940852e-03  4.27652299e-01 -6.62788525e-02  2.45866161e-02
 -7.67751992e-01 -5.58660273e-03 -2.52458423e-01  2.22486958e-01
 -3.57456237e-01 -9.99850929e-02 -2.18281433e-01 -1.43523797e-01
  3.53017986e-01  1.56096354e-01  2.12538794e-01  1.89081758e-01
  2.29652315e-01  2.07888894e-04  3.54234636e-01  4.71144348e-01
 -3.77826601e-01 -7.70725608e-02  7.42701888e-02  6.61627591e-01
  1.20964193e+00 -8.79128799e-02  2.22318709e-01 -3.24199110e-01
 -6.35652840e-01  2.00999379e-01 -3.09928477e-01 -2.02802569e-01
  6.35356486e-01 -4.64238316e-01 -4.21102852e-01  7.20435619e-01
  5.56970298e-01 -1.12259619e-01 -3.35921049e-01 -6.78987682e-01
  3.06451291e-01 -3.64525646e-01 -3.58039699e-02 -1.80355817e-01
  1.71331912e-01  6.10625148e-01  9.39211473e-02 -2.65944302e-01
  2.79520065e-01  2.60394752e-01  2.07433805e-01 -2.94441640e-01
  4.26446259e-01  3.47163498e-01 -1.66735590e-01 -2.20098197e-01
  3.85380745e-01 -5.66783488e-01  7.28470311e-02  6.28888845e-01
 -3.50618005e-01  2.30734758e-02 -2.78882027e-01  5.17897546e-01
  2.65526235e-01 -4.33350176e-01 -1.25136852e-01 -5.58462217e-02
  1.86102822e-01 -1.40357047e-01 -3.92369300e-01 -2.88898945e-02
 -9.97362286e-02  4.37302917e-01  2.80037113e-02 -9.13358927e-02
 -6.38850808e-01 -4.53593343e-01 -5.08930147e-01  3.43186855e-01
 -7.35313416e-01 -4.75256324e-01  4.90795225e-01 -3.69984144e-03
 -3.83029312e-01 -1.62150919e+00  6.11397386e-01  1.80861756e-01
  6.05450928e-01 -3.51978719e-01  1.45609125e-01 -1.43551469e-01
  3.44983451e-02  5.13985343e-02 -2.35743463e-01 -5.22996224e-02
 -1.02195988e+01  1.56664215e-02 -2.58103251e-01 -5.84866107e-01
 -3.37668687e-01  6.20149337e-02  6.57682300e-01  7.72946179e-01
 -3.14657807e-01  4.32801247e-01 -2.54427493e-01  2.17407569e-01
  3.06373477e-01  1.62230164e-01  1.71837106e-03 -1.23758152e-01
 -2.38091081e-01 -2.00674385e-01  8.61281827e-02 -1.36207119e-01
 -4.53082532e-01 -5.12007415e-01  7.51704276e-01  2.52698213e-01
  2.17669785e-01 -5.29599249e-01 -1.85365632e-01  4.67296600e-01
 -1.79144189e-01  2.49629736e-01 -5.72531760e-01  3.19052637e-01
  1.67583376e-02  3.78161371e-01 -3.73111367e-01 -1.35247156e-01
  3.85129571e-01 -3.00110895e-02 -7.11425021e-02  5.28204978e-01
  1.73106238e-01  2.24871799e-01 -4.54593599e-02 -2.82118708e-01
  8.62217665e-01 -4.90557738e-02 -8.08173120e-02  1.54214010e-01
  6.69794858e-01 -1.31488889e-01 -1.16734967e-01 -3.93422008e-01
  1.68819949e-01 -8.90919194e-02  2.08645001e-01 -3.15526605e-01
  3.69041830e-01 -8.31192493e-01  1.90174848e-01  1.39232099e-01
  6.71183228e-01  1.46949321e-01  6.42448187e-01  7.69449234e-01
  9.02850777e-02  2.91785121e-01  4.18797076e-01 -2.20942907e-02
 -2.41106272e-01 -1.74841896e-01  3.50351632e-01  6.63156927e-01
 -2.36927867e-01  5.40119074e-02  3.84159237e-02  3.05069357e-01
  6.05629897e-03 -8.62767398e-02 -5.60752265e-02  2.08659306e-01
  5.25546670e-01 -3.60084862e-01 -3.09907138e-01  4.15821016e-01
 -4.79371011e-01 -8.06445032e-02  1.26048878e-01  3.13714445e-01
  8.92589390e-02 -6.07618749e-01  5.16116738e-01 -2.21939325e-01
 -5.50240338e-01  4.25179273e-01  6.09534025e-01 -3.40138525e-01
 -2.81861246e-01  1.43380880e-01  4.59405392e-01  9.51334238e-02]"
レ,"[ 2.11790562e-01  3.12147915e-01  1.56239405e-01 -4.62925494e-01
  3.90045017e-01  6.33704841e-01  1.08811867e+00 -5.64637408e-03
 -1.70766532e-01  2.53077507e-01  6.52835608e-01  5.36284596e-02
 -7.73065925e-01 -2.08476856e-01  4.08956826e-01 -1.93083435e-02
  1.95161268e-01 -4.57857430e-01 -2.57242247e-02 -4.03957129e-01
 -5.13635576e-01 -4.37197149e-01 -2.87885010e-01  3.59757394e-01
  1.92466006e-01 -4.33365285e-01 -1.64243922e-01  3.59828532e-01
 -2.01904532e-02 -3.53789479e-01 -3.70608479e-01 -6.53367996e-01
 -8.40082914e-02  4.72385108e-01 -1.64403200e-01  1.47810608e-01
 -4.61415619e-01 -6.33785501e-02  2.76199311e-01  1.68242469e-01
 -2.04160556e-01 -1.32096857e-01 -3.42380077e-01  1.46032572e-01
 -2.51288235e-01  4.13353950e-01  3.87004912e-01  3.07377338e-01
  2.51169115e-01  1.01749063e-01 -1.65935755e-01  5.35423934e-01
  6.02197349e-01  2.14505911e-01  6.72789931e-01 -3.70636135e-02
  5.68251252e-01 -4.53531414e-01  4.94370274e-02  5.92842340e-01
 -8.04089427e-01 -2.66785383e-01  8.47482085e-02  5.41311167e-02
 -1.31178811e-01  3.64593685e-01 -4.00320202e-01  2.56372929e-01
  4.19665754e-01 -7.32927322e-01 -1.02700032e-01 -2.46067911e-01
 -2.20003235e-03 -5.06109774e-01  6.37231410e-01 -4.90771949e-01
  4.08214003e-01 -7.41296187e-02 -1.14414558e-01  2.06918269e-01
  1.20670125e-02  2.96857655e-01 -3.16032529e-01 -1.09711146e+00
 -2.13455111e-01  2.33853862e-01 -1.17373765e+00 -1.17531931e+00
 -3.94072346e-02 -3.73141170e-01  1.85219899e-01 -1.90411940e-01
  4.35625821e-01 -3.77321728e-02  5.28561592e-01 -4.80665490e-02
  3.76573473e-01  1.47235572e-01 -1.90814406e-01 -5.46784066e-02
 -1.79864869e-01 -1.82770062e-02  4.56758618e-01  1.20619118e-01
 -6.94888085e-02  1.79526940e-01  1.03570692e-01  8.89171138e-02
  2.19496906e-01  5.48862159e-01 -4.58923429e-01 -4.54540968e-01
 -3.25635016e-01 -2.90356189e-01  1.37022883e-01 -2.43274197e-01
 -1.39434570e-02  6.21202469e-01 -2.83238292e-01  4.95013028e-01
 -3.10995672e-02  2.13604867e-01 -2.24200655e-02 -4.05663669e-01
  1.09675638e-01  1.83357760e-01  3.71012926e-01 -2.45225817e-01
 -4.35414821e-01 -6.80235922e-01 -7.03988492e-01  2.01055184e-01
 -4.14252132e-01 -1.98510036e-01 -5.41311920e-01  4.76782709e-01
  6.54575527e-02  1.35801822e-01 -2.06374973e-01 -3.62702549e-01
 -8.91103268e-01  5.50651133e-01  4.38832015e-01 -2.73552805e-01
  3.57039243e-01  1.53650001e-01 -1.08367205e-01 -3.01844239e-01
 -2.96181202e-01  3.65690410e-01 -4.61749397e-02  1.08299446e+00
 -8.86420965e-01 -2.87730750e-02  1.13404825e-01  1.90755382e-01
 -8.78477871e-01  8.68647620e-02  1.61097020e-01  2.16070712e-01
  1.83381528e-01  1.90998510e-01  4.24192905e-01  7.58680820e-01
  1.73998281e-01  4.19262707e-01  1.72381356e-01 -4.71206419e-02
  4.60250080e-01  9.33453441e-01  8.02692533e-01  5.90680301e-01
  6.39782727e-01 -2.72129148e-01  3.72003704e-01  4.91988689e-01
  1.08685577e+00 -2.08739191e-01 -4.18818779e-02 -6.68927848e-01
 -1.77817926e-01  5.38549572e-02  2.51314670e-01 -7.79233038e-01
  4.28760499e-01 -1.39289677e-01  4.77126479e-01 -9.00978316e-03
 -3.29728305e-01  2.22734496e-01  9.43627767e-03 -4.76323575e-01
  2.74438173e-01 -6.07636034e-01 -5.66053152e-01 -3.83359306e-02
 -2.29928046e-01  2.98950762e-01 -9.94605124e-01  3.43955100e-01
  2.81170547e-01  3.48459274e-01 -2.54391998e-01 -6.05091989e-01
 -7.90200830e-01 -6.91058576e-01 -3.28721493e-01  5.90669692e-01
  2.16125086e-01  4.58050460e-01 -2.02739686e-01  3.01326998e-02
  1.13393530e-01  5.62979728e-02  6.82333112e-01 -2.00289935e-01
 -2.36324996e-01 -3.91351014e-01  2.05564927e-02 -4.40373242e-01
  3.19210052e-01 -3.49599898e-01 -9.98927746e-03 -4.20623481e-01
  7.27967247e-02  4.09278065e-01  6.04039319e-02 -7.25088894e-01
 -4.53305095e-02  1.21204503e-01 -5.08763850e-01 -3.21923256e-01
 -8.82857144e-01 -4.66342270e-02 -6.77094221e-01 -2.27426693e-01
 -5.28761923e-01  2.71380156e-01 -1.00383714e-01  2.02354625e-01
  2.90312022e-01 -2.93077946e-01  3.58733088e-01 -4.66686547e-01
 -2.53672034e-01  7.41484538e-02 -1.06865931e-02 -1.50152221e-01
  8.24689120e-02  1.69533268e-02 -6.54282510e-01 -5.56208372e-01
  2.80531526e-01 -5.24953485e-01  6.29130185e-01  9.26729441e-01
  2.12974876e-01 -3.86684299e-01 -1.40479237e-01 -2.88277268e-01
 -7.53846824e-01 -6.01349950e-01  1.03062717e-02  3.49313468e-01
  1.73552707e-01 -3.60199332e-01 -1.70882866e-02 -3.89978021e-01
 -8.49648237e-01 -6.78683221e-01  1.21645011e-01 -5.44718921e-01
 -3.87903333e-01 -3.88252020e-01 -6.39475882e-02 -3.94706249e-01
 -5.11833131e-01  7.81625688e-01 -2.74681926e-01  8.12987864e-01
 -2.57096708e-01  5.21027982e-01 -5.01482964e-01 -3.58229369e-01
 -1.58339262e-01  2.93700576e-01 -5.81605315e-01 -6.31688178e-01
 -5.70438147e-01  8.12469661e-01  2.56196409e-01 -4.40510631e-01
  1.52350411e-01 -1.69668958e-01 -1.51950847e-02  6.57054722e-01
  4.60845739e-01 -1.51015133e-01  1.98665634e-01 -5.71198501e-02
  8.23478937e-01  2.07625404e-01  2.60527611e-01  1.41267627e-01
 -2.33722225e-01 -1.79886833e-01 -4.09681976e-01  2.39389837e-01
  5.92723012e-01 -6.54698193e-01  2.64564067e-01  6.65835500e-01
 -7.61334956e-01  2.99999505e-01  6.03593469e-01  4.40113693e-01
 -1.74230647e+00 -2.08247915e-01  4.11691397e-01 -2.18686476e-01
 -4.67979968e-01  4.47311580e-01  4.50253218e-01  7.44841516e-01
 -5.64385235e-01 -5.38400114e-01  1.08515155e+00  2.08265528e-01
 -3.98362309e-01 -2.84172446e-01 -2.71444231e-01  1.41183719e-01
  4.09434795e-01 -4.37738210e-01  1.24744058e-01  5.90748489e-01
 -6.01208389e-01 -2.03941509e-01 -2.87634075e-01 -4.80963409e-01
 -2.62211673e-02  7.63347030e-01 -7.54665509e-02  5.89029372e-01
 -2.06197560e-01 -1.38684109e-01  2.51260161e-01  1.26485646e+00
  5.82103789e-01  9.37070131e-01 -4.06178564e-01 -6.91404760e-01
  4.05639559e-01  2.79361814e-01  1.42325491e-01 -6.55316055e-01
 -3.59991714e-02 -2.83814464e-02  2.44900599e-01  1.19050898e-01
 -3.28858078e-01  2.84518689e-01  5.11830151e-01  2.19289780e-01
 -2.33976275e-01  2.86750615e-01  1.06900609e+00 -1.21941626e-01
  2.69066602e-01  3.37108433e-01  4.46323216e-01  4.31613386e-01
 -5.12827151e-02 -4.48308259e-01  2.96298474e-01 -5.64652562e-01
  4.48917717e-01 -1.90751746e-01 -2.69841373e-01 -4.24539857e-02
 -1.35695472e-01 -4.08144474e-01 -6.40518814e-02 -5.69630146e-01
  3.33210021e-01 -5.20815074e-01 -6.19455874e-01 -3.63946736e-01
  2.95442313e-01  2.60435045e-03  6.86691821e-01  1.07836270e+00
  3.76238257e-01 -8.40712011e-01 -5.07274330e-01  2.69872755e-01
 -7.40011930e-01  3.48720223e-01  2.92439133e-01  5.26220083e-01
 -1.46135643e-01 -3.23804498e-01 -6.99282467e-01 -4.24319774e-01
 -1.00188851e+00 -6.89015761e-02 -4.80664849e-01 -1.32868499e-01
 -1.87674150e-01  7.84283876e-01  3.77273299e-02  1.31311953e-01
  3.74370724e-01  2.35737562e-01 -6.33470654e-01 -6.37345314e-01
 -5.29601276e-01  2.66539037e-01  4.46591377e-01  4.13009435e-01
  9.35427696e-02  5.24656892e-01  3.60433251e-01 -4.25687172e-02
 -1.10221570e-02 -5.92614971e-02 -5.06973788e-02 -4.68889147e-01
  3.95512402e-01 -3.82778645e-01 -1.10836163e-01  4.71593887e-01
 -1.80875406e-01  1.09324825e+00 -7.88529310e-03 -2.66083121e-01
  2.14231595e-01  3.94428186e-02 -3.39678556e-01  9.83330548e-01
  1.91027910e-01  6.93450511e-01 -1.56026751e-01  4.66009766e-01
 -1.68740615e-01 -1.36379644e-01  2.89318502e-01 -5.63642085e-01
 -1.79401845e-01 -2.32059769e-02  1.53800517e-01  1.24000978e+00
  2.16638684e-01  4.75354567e-02 -2.21421555e-01  1.91967785e-01
 -8.71589184e-02  5.17838478e-01  1.64071806e-02  8.22151229e-02
 -3.61091226e-01  3.84118736e-01 -3.54102761e-01  3.14372778e-02
  4.43949178e-02  1.30570307e-01  2.44209960e-01  1.80386201e-01
  5.13420045e-01 -7.06629395e-01 -6.80223227e-01 -3.78711283e-01
 -1.31094873e+00 -9.61420834e-02 -8.00831974e-01  4.02071595e-01
  3.25710654e-01 -1.60698395e-03 -6.92893386e-01  7.90025234e-01
  2.71647990e-01  2.06939697e-01 -3.80356349e-02 -4.02706206e-01
 -5.26985705e-01  1.13552645e-01 -2.24539846e-01 -2.60666847e-01
  2.76364952e-01 -2.63771206e-01 -8.33178759e-01 -7.69113898e-01
 -1.42383292e-01 -4.96436387e-01  2.64447421e-01 -4.33224589e-01
  3.28410834e-01  5.42612433e-01 -9.38507378e-01  7.11900219e-02
 -3.31252277e-01  1.20897647e-02 -4.63244654e-02 -5.59325635e-01
  1.61403492e-01 -2.11348832e-01 -1.16198711e-01  9.56927776e-01
  1.27268028e+00 -1.53821990e-01  2.98032211e-03  6.46416366e-01
  4.68276858e-01 -1.48246452e-01  1.67837664e-01 -5.86160384e-02
 -7.77111426e-02 -1.36144102e-01  4.18100566e-01  3.95189852e-01
  4.98411685e-01 -1.01971865e-01 -9.67411876e-01 -3.02570164e-01
 -2.82127056e-02 -7.61660874e-01  8.48079741e-01  1.49477154e-01
  5.74199378e-01 -5.65008640e-01  2.55076796e-01 -7.17981756e-01
  6.53414503e-02 -3.38440329e-01  7.42141068e-01 -1.51932612e-01
 -1.04733407e+00 -3.78960431e-01 -3.38416129e-01 -6.56064034e-01
  1.15195918e+00  2.97550470e-01 -5.31781554e-01  2.55158365e-01
  4.73155648e-01  5.87594211e-01 -1.61969066e-01 -2.60976464e-01
 -6.07911706e-01 -1.74270698e-03  5.69970489e-01  1.86057240e-01
  1.89609990e-01  2.32887164e-01 -2.60109603e-01 -3.14332336e-01
  9.24727798e-01 -1.06491365e-01  2.15405792e-01  1.57620443e-03
 -1.40528515e-01  2.64834464e-01 -3.59886736e-01  1.25120774e-01
 -1.51385283e-02  3.54250163e-01 -3.90069842e-01  8.11315775e-01
  6.53498530e-01 -2.98208266e-01  1.15145974e-01  1.21756446e+00
  2.15686724e-01  8.10126424e-01 -9.30581689e-02  1.70218095e-01
 -1.07148409e+00  3.22002560e-01 -2.50449870e-02 -3.08299571e-01
  3.45678963e-02  3.35915893e-01 -5.97240590e-02 -7.91508332e-02
  1.83592528e-01 -5.30821010e-02 -4.85626757e-02  8.92215788e-01
  6.28977939e-02 -5.88202000e-01  8.48995626e-01  2.75404096e-01
 -5.14001846e-01  1.32637694e-01  5.38741909e-02  7.39607275e-01
  7.34033346e-01 -8.87859836e-02  5.72359920e-01 -3.43440711e-01
 -9.11301970e-01  3.25283855e-01 -3.19748878e-01  2.64806688e-01
  6.55352116e-01 -8.62215042e-01 -2.80593604e-01  5.22382438e-01
  3.25566441e-01 -1.45460561e-01 -4.46990699e-01 -8.11535060e-01
  1.60925388e-01  1.23084284e-01 -4.95300621e-01  2.15020292e-02
  2.96721846e-01  9.40444529e-01  3.57534975e-01 -3.53697807e-01
  2.37445027e-01  5.37648380e-01  1.12892590e-01 -2.52233088e-01
  6.98895827e-02  5.08544855e-02  2.92694837e-01 -1.91583142e-01
  1.01325643e+00 -1.81537628e-01 -3.18529636e-01  4.01400715e-01
 -4.61487442e-01 -3.35044116e-01  2.22076222e-01  3.51487756e-01
  4.88082767e-02 -2.46164948e-01  2.16562927e-01 -3.72650236e-01
 -1.61316410e-01 -2.57273652e-02 -8.78512681e-01  1.48966551e-01
 -1.10783957e-01 -7.34648556e-02  2.12040335e-01 -1.65950194e-01
 -5.67233562e-01 -3.63309979e-01 -1.48784265e-01  2.36909747e-01
 -1.06703007e+00 -3.29795510e-01  9.11358535e-01 -4.60878871e-02
 -4.54724908e-01 -1.18096209e+00  6.42949939e-01 -1.85985178e-01
  5.63629448e-01  3.84793319e-02  3.63342285e-01  2.95556746e-02
  2.43544385e-01 -1.63167957e-02 -4.47826445e-01  1.28145382e-01
 -9.77260590e+00  1.10378549e-01 -2.11438283e-01 -7.28446722e-01
  1.29618287e-01 -3.70057583e-01  7.00108409e-01  7.79978216e-01
 -5.73680699e-01  1.28816161e-02 -2.32107490e-01  1.51225463e-01
  4.53378767e-01  3.11708361e-01 -2.54814327e-01 -3.48427474e-01
 -3.22798729e-01 -2.58097917e-01 -7.22405827e-03 -1.06705673e-01
  8.84802192e-02 -6.27997220e-01  1.16019666e+00 -6.01275265e-02
 -2.13984042e-01  2.70081256e-02 -6.55421615e-01  2.71694750e-01
  2.10449353e-01  2.71274835e-01 -1.05003941e+00  6.97763801e-01
  1.51515856e-01 -1.20972410e-01 -7.65801743e-02  8.32716227e-02
 -1.00773744e-01 -1.84431449e-01 -9.22588110e-01  6.24495208e-01
 -8.83222818e-02  5.16309321e-01  3.37488532e-01  1.38079226e-02
  5.46293259e-01 -6.01533771e-01 -1.60022140e-01  1.80612728e-01
  7.66687691e-01 -3.52241285e-02 -2.13444576e-01 -2.16333881e-01
  1.73329502e-01 -1.14239946e-01  1.53278857e-01 -1.43183187e-01
  3.88860852e-01 -5.07604122e-01  4.85215038e-01  5.22066280e-02
  5.55349886e-01  1.53843284e-01  2.52172232e-01  4.67775911e-01
 -1.82433665e-01  6.69867516e-01 -6.03947453e-02 -1.95523575e-02
 -3.21256250e-01  1.43888779e-02  5.34737468e-01  4.91153777e-01
  3.02569658e-01  1.23411715e-01  2.06503168e-01  4.24642891e-01
 -1.62363812e-01  3.43252271e-01  1.86459780e-01  1.21148631e-01
  5.06132185e-01 -7.59795964e-01  1.33055225e-01  2.47879140e-02
 -1.00066650e+00  4.11822110e-01 -2.99781144e-01 -1.39427539e-02
  2.92196095e-01 -4.11412448e-01  4.69855070e-01 -5.69961779e-02
 -3.11755896e-01 -6.10242784e-02  3.81321520e-01 -7.60421902e-02
  2.16456562e-01  2.93256402e-01  1.02699339e-01 -3.38741601e-01]"
テ,"[ 4.86870736e-01  2.07949430e-01  4.88378942e-01 -5.50900400e-01
  4.62613016e-01  1.21281013e-01  9.12269577e-02 -1.81352094e-01
 -4.67244424e-02 -4.79556769e-01  6.88520491e-01 -3.09961975e-01
  1.51986768e-02  2.46261153e-02  3.35060775e-01 -3.56744081e-01
  2.61551470e-01 -2.24953681e-01  8.96363854e-02 -4.71723437e-01
 -6.56762004e-01 -1.28160119e-01 -2.01838806e-01  1.76269755e-01
  8.85178596e-02  9.92065296e-03 -4.73639637e-01 -7.35934898e-02
 -6.85933009e-02 -2.14320689e-01 -6.05719268e-01 -3.40691060e-01
  2.86326915e-01  3.11165720e-01 -1.16717897e-01  2.43090257e-01
  1.07781202e-01 -9.81216654e-02  2.63830036e-01 -3.86727154e-01
  4.54277284e-02 -2.16785278e-02 -2.64894754e-01 -9.70964804e-02
 -2.95700818e-01  8.40678036e-01  2.34042346e-01  3.42162877e-01
  7.34120190e-01 -2.02554300e-01 -4.24992204e-01  3.46906781e-01
  1.50066197e-01 -3.03254034e-02  4.06385630e-01 -1.77121446e-01
  2.07711309e-01 -5.44795811e-01 -2.61468500e-01  3.54316413e-01
 -5.53257108e-01 -2.44943485e-01  7.74652183e-01 -8.99620280e-02
 -5.16972952e-02 -3.42397004e-01  4.41427901e-02 -1.55674368e-01
  1.06326714e-02 -8.26144218e-01 -6.57163501e-01 -5.67122437e-02
 -1.26266837e-01 -2.64056355e-01  1.25148261e+00 -1.53898314e-01
  1.74061313e-01  3.96364719e-01  3.22451234e-01 -1.06579788e-01
  9.97388288e-02  4.76149380e-01  6.83448017e-02 -7.46302903e-01
  7.36038610e-02  3.16988170e-01 -1.34761408e-01 -5.59292078e-01
  3.80752802e-01 -4.06674296e-01 -5.34235477e-01  6.10495150e-01
  6.11758471e-01  2.62865484e-01 -7.87698925e-02 -2.75407988e-03
 -9.94143076e-04 -3.11702967e-01 -4.54210430e-01  1.81202944e-02
 -5.36308810e-02 -1.09382376e-01  2.00402483e-01  4.62064683e-01
  4.10733789e-01  3.81456390e-02 -3.80830348e-01  3.26550826e-02
  1.72061473e-01  9.05015171e-02 -2.24035576e-01 -4.51205432e-01
 -4.16073501e-01  6.14668310e-01 -2.29745373e-01 -1.02816954e-01
 -1.94919139e-01  4.40123342e-02 -1.91246539e-01  6.32244945e-01
  2.10728258e-01  2.03242943e-01  2.74745494e-01 -2.24829391e-01
  1.16396591e-01  6.39822662e-01  1.71352535e-01 -3.83561939e-01
 -3.66873950e-01  8.32146630e-02 -1.86117649e-01  2.87324101e-01
 -8.94091725e-02 -2.02821687e-01 -5.22468567e-01  1.04172766e+00
 -2.00885296e-01 -5.39882369e-02 -3.32165718e-01 -4.50954348e-01
 -3.60283226e-01 -3.57839204e-02  1.27192676e-01 -1.75926208e-01
  1.48783371e-01  9.32709724e-02 -4.87331361e-01 -4.07212526e-01
 -7.94686601e-02 -3.01456273e-01 -1.20119222e-01  1.04052746e+00
 -8.40103328e-01  3.93184461e-02 -7.02311769e-02 -2.06679720e-02
 -9.08705831e-01  9.24965441e-02  3.32125366e-01  2.91529745e-01
  2.18343481e-01 -8.14126730e-01  1.71400368e-01  6.00785971e-01
 -2.18205944e-01  4.35079336e-01  8.48536789e-02  4.53198999e-01
  8.25355202e-02  6.63613617e-01 -1.42151475e-01  4.04944927e-01
  1.52110934e-01 -2.73135006e-01  6.08589649e-01  3.03507745e-01
  2.09735185e-01  4.35281638e-03  1.93951547e-01 -5.53771794e-01
 -3.50065790e-02  4.81672958e-03 -3.19836855e-01 -5.14965653e-01
  3.39626193e-01 -1.16199993e-01  1.42873064e-01  1.77800119e-01
 -2.77932674e-01  1.01555578e-01  1.63913578e-01 -4.18343544e-01
  4.51898187e-01 -5.96767701e-02 -2.37347245e-01 -7.15114295e-01
 -3.10148358e-01  1.56580076e-01 -6.12684488e-01  6.99673772e-01
  1.96058393e-01  6.37141392e-02 -2.73703545e-01 -5.00507236e-01
 -6.06106818e-01 -3.09466451e-01  5.52216768e-01 -6.58937264e-03
  2.29679212e-01  6.12415910e-01 -2.39026293e-01  2.11809710e-01
  4.04511184e-01  2.10045204e-01  2.67534763e-01  2.24807352e-01
  1.85005029e-03 -6.33225963e-02  3.35519850e-01 -7.83334374e-01
  4.63567466e-01 -2.89046407e-01  4.36418623e-01 -1.11633971e-01
  2.69094169e-01  1.87084645e-01 -8.07175133e-03 -2.90080696e-01
 -4.40906994e-02  5.08892298e-01 -5.14312804e-01 -3.16938162e-01
 -9.38935220e-01  2.77556270e-01 -7.69779682e-01  1.34652495e-01
 -4.69939113e-02  5.00614524e-01 -4.95018214e-01  5.21567583e-01
  2.49780580e-01 -1.12179957e-01  2.99326152e-01 -2.91592300e-01
 -9.16415155e-02 -1.37067204e-02 -7.65860900e-02  2.93723177e-02
 -2.95034975e-01  3.77431750e-01 -5.78274190e-01 -4.87826914e-01
  5.25598466e-01 -3.89122099e-01  6.91588402e-01  5.45946360e-01
  3.34485769e-01 -1.86525121e-01  4.37023252e-01 -4.37263608e-01
  3.62589866e-01 -3.91840667e-01 -7.33695477e-02 -3.78590487e-02
 -1.14041343e-01  1.91516802e-01 -2.74605025e-02 -6.74628913e-01
  1.51389450e-01 -7.36378133e-01  5.48430502e-01 -4.28707927e-01
 -1.91778824e-01 -1.97284237e-01 -2.11388275e-01  1.66222468e-01
 -2.98336208e-01  2.06852183e-01 -3.02669615e-01  2.00272545e-01
 -7.44820952e-01  7.99385607e-02 -5.30686378e-01 -2.27033384e-02
 -9.28113163e-02 -2.77631968e-01 -2.21441209e-01  6.60026446e-02
 -2.13015556e-01  4.49215442e-01  1.79988772e-01 -8.85716453e-02
 -4.20023739e-01  9.34969634e-02 -3.71179253e-01 -1.36445314e-01
  3.39112669e-01  4.44526374e-01 -2.26043329e-01  2.08769977e-01
 -3.11610177e-02  4.58298057e-01 -1.26941964e-01 -3.19482386e-02
  1.57447129e-01 -3.84958744e-01 -2.98782378e-01 -3.76474053e-01
  3.07019681e-01 -3.28237385e-01 -1.24994501e-01  7.78701305e-01
 -3.54297012e-01  2.50440724e-02  2.07493708e-01  5.39454341e-01
 -1.31976819e+00  4.87489700e-02 -1.86781194e-02 -2.79504597e-01
 -3.83040011e-01  6.31351769e-01  2.10742410e-02  6.93660304e-02
 -3.49999696e-01 -4.29790437e-01  1.09922886e+00  2.38492936e-01
 -2.42161319e-01 -3.42310816e-01  4.46882904e-01  1.89153165e-01
 -8.47587734e-03 -6.15038514e-01 -1.38385683e-01  3.68392289e-01
 -1.46176308e-01  1.83205694e-01  2.64667034e-01 -2.88714021e-01
 -1.53668270e-01  5.39402068e-01 -1.37265503e-01  5.77667236e-01
 -1.40926734e-01 -1.16187096e-01  2.01383904e-02  9.95134354e-01
  1.16013944e+00  7.90808380e-01 -2.94401437e-01 -7.95457363e-02
  4.86185580e-01  5.65614939e-01  6.66599572e-01 -1.73053473e-01
  5.65650538e-02  2.95314733e-02  4.95661139e-01  4.77846712e-01
 -2.28027090e-01  1.68163374e-01  4.91558105e-01  8.23624015e-01
  3.24497104e-01  1.71048254e-01  2.50162840e-01  3.32636833e-01
  8.66409242e-02  3.80683810e-01  8.05906057e-01  2.98864335e-01
 -3.80589038e-01 -4.38035071e-01 -3.59504759e-01  4.74650366e-03
 -1.66853279e-01 -2.00264648e-01 -2.72379935e-01 -8.04928988e-02
 -4.30613309e-01  9.21047404e-02 -1.81933418e-02 -4.22375113e-01
 -2.11610466e-01 -6.73562229e-01 -4.09595877e-01 -1.94722429e-01
  7.96057954e-02 -1.05414677e+00  4.86203194e-01  3.77001077e-01
  4.29721326e-01 -4.69914138e-01 -5.45828342e-01  1.05630510e-01
 -3.78208369e-01 -7.83784613e-02  8.31684470e-03  3.07626545e-01
 -1.92371115e-01  3.85910720e-02 -3.07302535e-01 -1.76168993e-01
 -4.49075818e-01 -6.04020879e-02 -9.06434596e-01 -4.91103590e-01
  7.82221835e-03  3.15909535e-01 -1.26313761e-01  1.42937720e-01
  1.22101225e-01  5.54507017e-01 -3.26962858e-01  4.38868476e-04
 -6.39667928e-01  4.57862318e-01  7.32912838e-01 -1.58856437e-01
  4.05183554e-01  4.88288969e-01  1.83513328e-01  3.60627532e-01
  3.29953320e-02  3.53134662e-01 -6.65375531e-01 -1.12098195e-01
  7.20381379e-01 -2.60905772e-01  2.89892644e-01  1.10164108e-02
 -4.16402549e-01  2.02763319e-01 -4.26158547e-01 -2.66568601e-01
 -2.81747222e-01  1.15441702e-01 -1.80369794e-01 -2.21825372e-02
  3.61537337e-01  6.95248842e-01 -9.21077654e-02  5.07843256e-01
  9.01524723e-02 -1.61741644e-01  6.47813737e-01  3.50983620e-01
 -5.20194769e-01  1.64731964e-01 -5.46946861e-02  3.94543171e-01
  2.97110975e-01  2.71569580e-01  6.53318584e-01  4.22279656e-01
 -1.56808183e-01  2.98361033e-01  2.89915830e-01  4.20342356e-01
 -2.56765366e-01 -5.78115106e-01 -6.52232766e-02  1.14136701e-02
 -4.72823828e-01 -2.42414594e-01  3.61390471e-01 -2.24036016e-02
  3.36996347e-01 -7.07713841e-03 -8.40031743e-01 -6.16850972e-01
 -6.44645214e-01 -4.74027880e-02 -1.57048404e-01 -2.54752557e-03
  8.25879037e-01 -8.61581787e-02 -7.35335946e-01  6.56368077e-01
  1.82123289e-01  2.81977773e-01  4.43847656e-01 -1.38205960e-01
 -7.79041499e-02  3.11078459e-01  2.43604839e-01  7.47796297e-02
  4.72121507e-01  2.63671298e-02 -2.08745092e-01 -6.66381776e-01
  4.95785475e-01 -5.16476221e-02  1.76061168e-01 -2.93902874e-01
  5.30614972e-01  1.26364399e-02 -6.59676552e-01 -6.31372333e-01
 -1.75144114e-02 -1.02907471e-01  1.85661539e-02  2.08101850e-02
 -1.21669389e-01  7.61394501e-02  3.09686750e-01  3.45534831e-01
  7.77953148e-01 -3.51694882e-01  1.71501324e-01  6.85933232e-01
  6.57720029e-01 -2.24097624e-01 -7.60074034e-02 -4.05994505e-01
 -3.62349927e-01 -3.56441528e-01  2.69671082e-01 -1.86617881e-01
 -2.47191757e-01 -4.58816171e-01 -1.06687164e+00 -5.94184995e-01
  6.88545108e-02 -6.16423905e-01  3.20113122e-01  2.79986352e-01
  1.85047612e-01 -2.90233314e-01 -1.90551654e-01 -4.88676786e-01
  3.71414334e-01 -7.00740435e-04  2.67010272e-01  7.69363791e-02
 -4.73610014e-01  1.33438811e-01 -7.45075047e-01 -4.25966293e-01
  8.52061510e-01  7.53365099e-01 -6.25388563e-01 -1.40557274e-01
  4.06823218e-01 -4.35151756e-01 -5.25170803e-01 -3.28803658e-01
 -5.74375466e-02  3.08558363e-02 -5.77387623e-02 -2.68395454e-01
  2.90498078e-01  1.61290944e-01  2.09991693e-01 -4.57261577e-02
  4.51499283e-01  3.84204865e-01  5.71915090e-01  1.08089730e-01
 -1.36249527e-01  6.70223534e-02 -5.86427093e-01  4.91193891e-01
  2.61366427e-01  4.04793292e-01 -3.85958046e-01  2.09836721e-01
  8.78538132e-01 -5.35625100e-01  4.17565823e-01  5.21707237e-01
  4.87250298e-01  5.05094051e-01 -5.26231825e-01 -1.25313699e-02
 -8.84643614e-01  6.86695278e-02  4.64947000e-02  1.76208001e-02
  4.84792501e-01  6.37591779e-02 -3.19555372e-01 -5.45577586e-01
 -5.25549293e-01  3.50794435e-01  4.24982637e-01  4.17923957e-01
 -8.77870917e-02 -2.20574439e-02  5.46147406e-01  3.95370513e-01
  8.96842107e-02 -4.36755598e-01  1.70456529e-01  2.64189959e-01
  7.81404018e-01 -1.99582472e-01  5.43830276e-01 -7.51701176e-01
 -1.19076812e+00  2.65535891e-01  8.68844390e-02  2.74184700e-02
  3.62259537e-01 -4.81481344e-01  7.94841275e-02  1.42918900e-01
  3.31556380e-01  1.80438329e-02 -4.92835850e-01 -8.23775291e-01
 -7.86128268e-02  9.57009718e-02 -5.68129182e-01  3.64212617e-02
  1.51638845e-02  9.13373888e-01  4.65123206e-01 -1.34123981e-01
 -2.41982758e-01  1.04913783e+00  1.45522848e-01  1.20935209e-01
 -1.44281223e-01 -4.21544015e-02  1.29934892e-01  2.26772994e-01
  1.31560490e-01 -4.52049792e-01 -3.33946019e-01  2.57350594e-01
 -5.29917538e-01  6.13833815e-02 -2.56033361e-01  1.77683309e-02
  1.50968522e-01 -1.13515425e-02 -2.67582446e-01 -3.72143298e-01
 -1.48681670e-01 -1.72459960e-01 -7.15766549e-01  2.66040862e-01
  1.26407612e-02 -2.04727594e-02 -3.71579856e-01 -1.51869971e-02
 -5.96589684e-01 -3.34111661e-01  7.51203392e-03  5.59155583e-01
 -7.13556886e-01 -6.28375888e-01  5.80643237e-01 -2.13782012e-01
 -2.62025416e-01 -7.18983829e-01  1.42495885e-01  8.16798732e-02
  5.32587826e-01 -2.10769907e-01  2.72367030e-01 -3.99312615e-01
 -1.50620993e-02  1.06755324e-01 -1.09015815e-01  5.56852460e-01
 -1.01873598e+01  1.71142861e-01 -4.46446866e-01 -1.13863909e+00
 -6.65484443e-02  1.58886164e-01  4.51073676e-01  3.38424951e-01
 -2.20477492e-01 -8.47415477e-02 -6.01294562e-02  4.05085295e-01
  3.03303510e-01  3.22946548e-01 -9.58641350e-01 -1.25276193e-01
 -3.60988945e-01 -2.08340108e-01  6.64683804e-02 -6.70790434e-01
 -2.60911703e-01 -4.50433105e-01  6.06779873e-01  6.37122393e-01
  3.50347795e-02 -3.59295547e-01 -4.89420116e-01  2.31084332e-01
  8.90985597e-03  2.50889063e-01 -6.30751550e-01  6.52456522e-01
  1.43231973e-01  4.51670110e-01  8.66411403e-02 -9.74258259e-02
 -2.71300703e-01  6.25793517e-01 -3.70002449e-01  3.42485100e-01
  2.64654845e-01  3.65608931e-01 -3.20258260e-01 -7.97861964e-02
  6.59766570e-02  7.07174838e-02  5.85534215e-01  2.20264763e-01
  6.85213625e-01  7.00863302e-02 -1.76350757e-01  2.85056561e-01
 -2.57746279e-01  5.63963056e-02 -2.89305858e-03  7.37100244e-02
  8.30139816e-01 -1.71529815e-01 -2.74008870e-01  1.09150246e-01
  4.21118468e-01 -5.83479963e-02  4.83291119e-01  7.38198519e-01
  2.02137336e-01  6.53232485e-02  4.99131083e-01  5.63167334e-01
 -6.76371276e-01 -1.97998613e-01  2.10409850e-01  2.61923164e-01
 -8.63594115e-02  3.74580890e-01 -3.16290021e-01  5.31469226e-01
  4.36622053e-02 -1.05829358e-01 -7.81411827e-02  2.98099250e-01
  8.34752738e-01 -4.99027908e-01  1.11067981e-01  3.54934752e-01
 -1.29341447e+00  3.75192873e-02 -7.84960836e-02  2.69360363e-01
  2.12021247e-01 -7.35856891e-01  4.59265083e-01 -5.31073213e-01
 -6.01497471e-01  3.06140661e-01  4.00391579e-01 -3.96174520e-01
 -1.14305161e-01  1.39166832e-01  3.90625387e-01 -2.02238992e-01]"
タ,"[-2.99661551e-02  2.35579774e-01  2.16267854e-01 -4.62301165e-01
  1.46502957e-01  1.59057260e-01  4.88843143e-01  3.43817882e-02
  2.31429592e-01 -4.75955218e-01  9.65501428e-01  1.44587487e-01
 -3.04416180e-01  2.18970031e-01  5.76633871e-01 -7.43149146e-02
  1.22966498e-01 -2.05837458e-01  3.06487232e-01 -6.46916866e-01
 -4.75787103e-01 -4.26514417e-01 -3.73811781e-01  3.08984555e-02
  1.09216664e-02 -2.93104202e-01 -3.61434907e-01 -5.65030053e-02
  3.21628079e-02 -3.50589812e-01 -1.99837789e-01 -4.79252517e-01
 -1.99252479e-02  6.12472259e-02 -1.20409250e-01  6.15912259e-01
  1.48660764e-01 -7.46806189e-02 -2.11993039e-01 -2.97742337e-01
  1.13387346e-01 -1.35826588e-01 -6.36355281e-01 -4.45344567e-01
 -2.16307081e-02  6.85872316e-01  2.61787891e-01  1.03010170e-01
  2.79183775e-01  4.58381362e-02 -3.35032940e-01  5.32670803e-02
  1.20524228e-01 -1.07789263e-01 -1.40848160e-01  2.16222078e-01
  2.49952212e-01 -2.18029901e-01  1.12820625e-01  5.73501959e-02
 -7.49453455e-02 -1.90446988e-01  1.85510695e-01 -2.76439339e-01
 -1.08943269e-01 -2.89292574e-01 -1.85147242e-03 -1.42507613e-01
  3.78167368e-02 -5.24221301e-01  1.77446336e-01  5.51392175e-02
  1.34303674e-01 -2.22959772e-01  5.37544012e-01 -6.02257848e-01
  1.93570793e-01 -5.20524643e-02  5.09709895e-01 -1.05174385e-01
 -8.81144702e-02  3.53035271e-01 -1.23251960e-01 -1.02641988e+00
  2.46412903e-01  6.85964823e-02 -4.19943005e-01 -6.87328100e-01
  4.39353973e-01 -2.58307606e-01  1.43659532e-01 -1.16709851e-01
  1.21523656e-01  2.03724787e-01 -1.73979446e-01 -3.89984041e-01
  1.05054297e-01 -4.06380087e-01 -2.28427779e-02  9.06861573e-02
 -1.99103817e-01 -1.66494742e-01  2.53965884e-01 -8.31622109e-02
 -2.95609951e-01  7.66281486e-02 -1.89088240e-01  2.16593280e-01
 -1.05295256e-02  1.92863315e-01 -2.46624053e-01 -7.36581922e-01
 -6.68454885e-01  1.53523594e-01  1.62854731e-01  1.69706754e-02
 -4.62951362e-01  3.33336711e-01 -2.92251855e-01  3.58274668e-01
  3.38005960e-01  4.42474961e-01 -2.91267037e-01 -3.03502560e-01
 -3.53537560e-01  3.23735535e-01  2.82929122e-01 -9.15389434e-02
 -1.75312623e-01 -4.67682272e-01  1.64385363e-01  1.34649038e-01
 -4.42312837e-01  9.67956036e-02 -1.39187291e-01  6.48608625e-01
 -3.97078618e-02 -1.59846812e-01 -2.53886968e-01 -6.38386071e-01
  7.89156705e-02 -8.54528099e-02  2.54754603e-01  9.89833549e-02
 -3.24334204e-01  1.43080607e-01 -2.32915238e-01 -3.56462330e-01
  1.02784388e-01  2.76890486e-01 -3.18893880e-01  8.76443386e-01
 -2.85117447e-01  6.30542263e-02  5.69943249e-01  3.91576618e-01
 -3.98441225e-01  2.92969435e-01  2.51048923e-01  3.46937567e-01
  4.38345283e-01 -2.63639092e-01  1.75802618e-01  6.37234390e-01
  6.20617568e-02  4.89996850e-01  2.63442606e-01  1.88494578e-01
  1.00585274e-01  5.90886295e-01  5.55005610e-01  7.33949602e-01
  3.01001310e-01 -3.43335152e-01  5.00806533e-02  2.68896341e-01
  4.46986854e-01  2.31619105e-01  3.13695908e-01 -5.93590736e-01
 -6.11111848e-03 -2.24852040e-01  2.15833895e-02 -6.38685599e-02
  2.72835732e-01 -3.05014640e-01 -1.88641906e-01  4.10682037e-02
 -1.33700579e-01 -1.17594734e-01  1.64533272e-01 -3.79234791e-01
 -1.36827324e-02 -4.53405052e-01 -1.51211515e-01 -7.35498369e-01
  2.08937928e-01 -2.01926902e-01 -1.95111409e-01  6.64365649e-01
 -8.06749389e-02  1.93651304e-01 -1.68233156e-01 -5.78627706e-01
 -8.63688767e-01 -5.78569829e-01 -1.07736632e-01  7.04155922e-01
  5.88181317e-01 -7.45659769e-02  1.79060221e-01  5.25111556e-01
  2.50659406e-01  4.12462294e-01  1.57410830e-01  3.48495960e-01
 -3.53809148e-01 -4.02734399e-01  5.56166053e-01 -3.23269120e-03
 -5.00005744e-02 -5.67764267e-02  5.39637566e-01  2.04771265e-01
 -2.07519755e-01  5.01338005e-01  2.38741606e-01  1.70733929e-01
  6.99376762e-02  7.66363382e-01  1.18161114e-02 -5.86142182e-01
 -8.61167014e-01 -1.38440445e-01 -6.18503392e-01  2.19616920e-01
 -4.59072590e-01  6.19849443e-01 -4.46947105e-03  2.17116296e-01
  3.87898088e-01 -2.12497994e-01  1.40855059e-01 -7.15549588e-01
 -2.68750787e-01 -6.20127320e-02  1.47290947e-02 -8.14034939e-02
 -1.75518453e-01  2.29930595e-01 -6.10323489e-01 -6.31057501e-01
  1.71859533e-01 -4.53166574e-01  7.35765338e-01  2.59308606e-01
  1.98752582e-01 -1.23523995e-01  3.81315440e-01  5.03578298e-02
 -1.35161996e-01 -7.68967330e-01  3.92617434e-01 -6.43246844e-02
 -4.20342356e-01 -2.33181566e-02 -8.91819522e-02 -5.95490873e-01
 -4.39379811e-01 -3.94754142e-01 -1.84425384e-01 -3.75927567e-01
 -5.30730367e-01  2.09036112e-01 -1.57520652e-01  7.15329424e-02
 -1.29061699e-01  4.82911676e-01 -4.35601532e-01  2.91576117e-01
 -7.29819953e-01  3.35105658e-01 -6.40949190e-01 -9.48633403e-02
 -6.31974414e-02 -3.41346890e-01 -4.44250852e-01 -3.95514250e-01
 -1.38266921e-01  5.76125264e-01  2.62405366e-01 -1.72705904e-01
 -5.69435418e-01  1.49088740e-01 -2.58043766e-01  1.36819229e-01
  4.62164849e-01  1.36330351e-01 -1.63418509e-03  3.11880618e-01
  4.15723115e-01 -1.28348678e-01  2.41879076e-02 -1.07980743e-01
 -1.69175193e-02 -8.13083231e-01 -6.53277189e-02 -1.74520656e-01
  3.46210748e-01 -3.70300412e-01 -1.86801478e-01  6.85641587e-01
 -4.23173457e-01  5.92816889e-01  1.72281384e-01  2.52265394e-01
 -1.44581926e+00  3.85023117e-01  1.90219432e-01  2.97844350e-01
  8.77886042e-02  1.45401657e-01  1.11027993e-01 -5.74938990e-02
 -6.78434014e-01 -7.60268331e-01  7.41028190e-01  4.46878314e-01
 -2.33668759e-01  2.00399145e-01  4.54014122e-01 -1.06233016e-01
  2.08326623e-01 -2.76969552e-01 -3.36054385e-01  3.22804064e-01
  4.57792461e-01 -4.67718914e-02  2.76760478e-03 -4.14963007e-01
 -6.25007808e-01  5.21641970e-01  1.65115684e-01 -3.09191048e-02
 -8.05808425e-01 -3.20819281e-02  5.92415571e-01  8.43997777e-01
  3.92516553e-01  6.69855714e-01  2.77556330e-01 -3.47468078e-01
  5.76897085e-01  5.22862792e-01  4.86821592e-01  3.57853249e-02
  1.69018611e-01 -3.01421285e-01  4.69983786e-01  2.59584159e-01
 -1.95665166e-01 -5.30209802e-02  3.26360971e-01  3.86536181e-01
 -4.39108610e-01 -8.63753352e-03  6.73512280e-01 -5.43981791e-02
  3.62797439e-01  5.08806467e-01  8.52006793e-01  9.19913948e-02
 -1.24715783e-01 -4.45874661e-01  3.89481150e-02 -4.72150475e-01
 -4.64070290e-02  2.49437928e-01  6.43545926e-01  1.80078059e-01
 -3.93484175e-01 -4.67068553e-01 -3.88526499e-01 -4.55216765e-01
  2.36079320e-01 -3.04135948e-01 -5.05308151e-01  1.08156547e-01
 -3.48840982e-01 -2.52555817e-01  5.02934605e-02  2.95357853e-01
  4.80964005e-01 -4.88614053e-01 -2.77517438e-01  1.84798762e-01
 -1.73088774e-01 -9.53997746e-02  1.68650150e-01  6.75341263e-02
 -2.79203564e-01 -3.37671582e-03 -3.07510078e-01 -4.16349381e-01
 -1.23659872e-01 -1.28648296e-01 -7.28284359e-01  3.61377001e-01
 -3.37164178e-02  3.18481117e-01 -1.11765340e-01  2.12363601e-01
 -5.79021797e-02 -6.12405641e-03 -6.83400095e-01  2.51117557e-01
 -5.14046490e-01  5.09802341e-01  2.02501014e-01  3.70196730e-01
  2.70219278e-02  2.29741096e-01 -1.73004437e-02  2.23613024e-01
 -5.74088037e-01  1.03956148e-01 -3.94132435e-01 -1.11431397e-01
  5.26212454e-01 -6.53336525e-01  3.76909375e-01  1.18666455e-01
 -5.49459457e-01  7.20542371e-01 -3.26295465e-01  2.80928705e-02
 -1.27219662e-01  3.66679519e-01 -4.74165112e-01  1.33520305e-01
  5.62403500e-01  8.15480411e-01 -3.18196118e-01  4.57316011e-01
  2.00192392e-01 -1.78305805e-01  5.11981130e-01 -3.31428885e-01
  4.66658995e-02  6.66111999e-04  9.05242860e-02  4.37036812e-01
  1.26744494e-01  4.23158169e-01  2.31924251e-01 -5.15421033e-02
  2.10968688e-01  1.31144881e-01  3.46457288e-02  2.26193637e-01
 -4.26744789e-01 -5.13709113e-02 -1.42823681e-02 -1.93165302e-01
  1.01279892e-01 -5.32419123e-02  6.21730506e-01  2.30820462e-01
  3.73899966e-01 -3.55054617e-01 -5.41763544e-01 -3.83245200e-01
 -9.60799813e-01  1.31556511e-01 -7.90663213e-02 -1.63276196e-02
  6.90846264e-01  5.88578545e-02 -7.22112656e-01  2.35836729e-01
  2.72128489e-02  2.91976184e-01  4.03083205e-01 -2.15442598e-01
  7.09559470e-02  3.98972124e-01 -1.26126707e-01  1.62863761e-01
  1.12107601e-02 -3.19076516e-02 -1.29413649e-01 -7.25190401e-01
 -7.46306777e-02  9.69066843e-03 -1.38259888e-01  4.86339219e-02
 -4.86963317e-02  5.17931938e-01 -3.24877322e-01 -4.77065593e-01
 -2.66946048e-01 -9.78841260e-02 -1.59749001e-01 -5.27204216e-01
 -8.82906318e-02 -2.66705990e-01 -3.70777920e-02  5.53722858e-01
  1.26212314e-01 -1.79925904e-01  3.51804793e-01  8.11239600e-01
  3.29001725e-01 -2.76133955e-01 -1.77328452e-01  2.83513945e-02
 -2.39449125e-02  1.81579497e-02  3.36701691e-01  1.05576985e-01
 -5.92071339e-02 -2.49660667e-02 -6.41791821e-01 -3.77359599e-01
 -4.98495139e-02 -1.00686407e+00  7.86765099e-01  1.42199829e-01
  3.27162951e-01 -5.91947615e-01 -4.25616086e-01 -5.56285195e-02
 -9.50140357e-02  6.57174364e-02  3.92176419e-01  2.68515050e-01
 -4.43358719e-01 -1.54498905e-01 -6.50962949e-01 -7.22716451e-01
  2.66091764e-01  5.06580889e-01 -4.47363377e-01  7.18003884e-02
  3.01400125e-01  9.06874165e-02 -8.54358301e-02 -1.14973076e-01
 -2.02326894e-01 -3.82802844e-01  3.16183567e-01  3.47123623e-01
  2.67594904e-01  3.91975075e-01  1.17510473e-02  3.49306107e-01
  4.06838328e-01  6.52106583e-01  6.77609265e-01  2.06728265e-01
 -2.95980304e-01 -3.38719860e-02 -3.01791042e-01  2.97948092e-01
  3.51940691e-01 -6.79865256e-02 -8.16438615e-01  1.29637510e-01
  3.59595239e-01 -4.22446281e-01  3.53436232e-01  4.15180892e-01
  4.23547804e-01  5.95414937e-01 -3.82038802e-01 -7.82274976e-02
 -7.61259735e-01  1.75590232e-01  1.18746981e-01  2.82905460e-03
 -3.04479867e-01  3.16141918e-02  9.14571509e-02 -4.56850737e-01
 -2.21329153e-01  2.10730210e-01  2.45994300e-01  1.57623172e-01
  3.49374592e-01 -4.12948579e-01  5.97092390e-01  4.30367559e-01
 -2.68079549e-01 -2.92229682e-01 -1.48793817e-01  2.31118336e-01
  4.30457860e-01  1.59084797e-01  3.57093871e-01 -3.77342790e-01
 -8.44543278e-01 -2.18009446e-02 -1.30999135e-02  2.65737385e-01
  7.06270576e-01 -8.16599965e-01 -4.97601070e-02  5.13370395e-01
  8.08049083e-01 -5.22131585e-02 -2.97910810e-01 -5.25259852e-01
 -1.88427538e-01 -1.35287687e-01 -3.31186384e-01  3.62425178e-01
  4.46477719e-02  5.87640524e-01 -3.18144932e-02 -1.16054967e-01
 -1.95367426e-01  8.12337279e-01  4.07300919e-01  6.72218297e-03
  2.08169505e-01  3.49424258e-02 -4.43483621e-01 -7.18753934e-02
  2.72153318e-01 -3.70367467e-01 -1.54869959e-01  1.74514607e-01
 -3.93838197e-01 -1.14709832e-01 -1.86655268e-01 -5.02172261e-02
  3.51100236e-01 -1.54087305e-01 -4.24016178e-01 -3.41828108e-01
 -5.34637272e-02  3.64018321e-01 -8.19524467e-01 -1.77215248e-01
 -2.28437096e-01  1.85579330e-01  4.22203019e-02 -1.65699080e-01
 -4.80414540e-01 -5.62826455e-01 -4.52997953e-01  1.40648350e-01
  1.40121818e-01 -4.81932133e-01  4.71815914e-01  1.96079716e-01
 -1.48388878e-01 -1.19142509e+00  4.96811807e-01  1.02793932e-01
  7.11098373e-01 -2.55843937e-01  3.21620345e-01 -1.03126299e-02
  1.24622777e-01 -1.62571281e-01 -4.50742304e-01  6.66210949e-01
 -1.04435930e+01 -3.57222646e-01 -5.08106053e-01 -1.70224175e-01
 -3.90432179e-01  4.77056652e-01  1.89552546e-01  4.22308922e-01
 -4.48839180e-03 -6.46698475e-02  6.86290264e-02  1.07366987e-01
  1.40162811e-01  1.49776787e-01 -2.20811665e-01 -7.43995681e-02
 -3.73730332e-01 -2.49499276e-01 -6.55974090e-01 -6.84830919e-02
  1.96705148e-01 -3.56589913e-01  2.96620339e-01  3.35487694e-01
  1.99687496e-01  7.04082847e-02  3.58760089e-01  5.80973513e-02
 -3.10387552e-01  5.27437508e-01 -9.37580168e-02  2.01940879e-01
 -1.02422178e-01  2.93562889e-01 -5.40420711e-01  2.52985451e-02
  9.93592367e-02 -1.66584421e-02 -2.29644433e-01  5.84807038e-01
  2.08952114e-01  4.40937787e-01  3.92607786e-02 -2.71267653e-01
  3.37653905e-01  3.44211668e-01  2.34188393e-01 -8.45958963e-02
  4.30568844e-01  7.24609494e-02  8.71606618e-02 -1.99142188e-01
 -1.00829452e-01  3.45502868e-02  1.31053835e-01 -3.51088084e-02
  3.42283726e-01 -8.66864383e-01 -1.78458676e-01 -9.74012390e-02
  2.31044665e-01  8.35519806e-02  1.22753024e+00  3.87448698e-01
  5.01337796e-02  2.66884863e-01  2.13528678e-01  2.18898375e-02
 -4.01895314e-01 -3.08612972e-01  4.91428465e-01  2.12013632e-01
 -2.32747510e-01  1.83431536e-01 -8.17566887e-02  5.74736416e-01
  3.35067958e-01  1.57740995e-01  2.36426964e-01  1.89588703e-02
  5.00497401e-01  1.82547957e-01  5.91266863e-02  2.70417303e-01
 -7.46211171e-01  2.68312404e-03  3.72308880e-01  1.89852014e-01
  4.80819434e-01 -5.40397644e-01  6.07325137e-01 -3.68746966e-01
 -2.22947985e-01  4.32999194e-01  3.82213861e-01  5.22193760e-02
  4.58044559e-02  1.62065029e-01  4.00699943e-01 -5.65884411e-02]"
オ,"[ 5.29659688e-01  2.13090628e-01  4.55938280e-01 -3.78823578e-01
  9.63736400e-02  2.29296863e-01  2.38674492e-01  2.54841328e-01
 -7.63473809e-02 -5.99594891e-01  3.98756087e-01 -4.26396728e-01
  4.47566777e-01 -2.47670770e-01  6.96951926e-01 -6.56861961e-02
  7.09809884e-02 -1.64454520e-01 -1.08748702e-02 -3.70274395e-01
 -7.57648110e-01 -4.13432628e-01  3.18069786e-01  3.61408234e-01
  5.38302250e-02 -3.14446181e-01  2.48361547e-02  2.23327637e-01
 -1.62991717e-01  6.53100684e-02 -1.63625494e-01 -3.66718590e-01
 -2.87500978e-01 -1.43985704e-01 -1.41204700e-01  7.16443360e-01
  4.47980128e-02 -3.34321529e-01 -4.82722819e-02 -4.44858879e-01
  2.02450410e-01 -3.92537266e-02 -7.78143555e-02 -4.90674525e-01
 -4.24458086e-01  3.56974810e-01  1.42114460e-01  4.50804353e-01
  3.91071677e-01  6.58024773e-02 -2.39533976e-01  3.98799419e-01
  2.06403464e-01  3.77097838e-02  5.50478280e-01 -1.33396879e-01
  3.77492875e-01 -5.41711688e-01 -7.68055692e-02  2.61351973e-01
 -3.71713042e-01 -2.48553813e-01  5.21899402e-01 -1.36066273e-01
  8.11342075e-02  2.62257587e-02 -2.15081081e-01 -1.48256406e-01
  4.50063795e-02 -7.74799466e-01 -2.17825398e-01  2.92504013e-01
  3.74759495e-01 -3.83584619e-01  6.91850007e-01 -3.06555510e-01
  2.23782212e-01  1.15314923e-01  2.37160161e-01 -2.25102723e-01
 -3.46247643e-01  2.76684880e-01  2.55294591e-01 -7.24557042e-01
  2.26185378e-02  4.93616015e-02 -4.94028270e-01 -9.88056362e-01
  4.52703059e-01 -3.51128668e-01 -2.28992887e-02  7.41178766e-02
  2.15323508e-01  2.37703428e-01  6.52189553e-02  1.71886206e-01
  1.26418486e-01 -2.44162172e-01 -2.34624997e-01  2.50547945e-01
  8.68691355e-02  4.09331530e-01  3.27502042e-01 -1.70980483e-01
 -2.63423085e-01  7.60699585e-02 -1.54891476e-01  2.17485011e-01
  2.51036793e-01  8.09057802e-02 -3.74579966e-01 -2.97812015e-01
 -4.65494871e-01  2.72554666e-01 -2.09189262e-02  1.43589988e-01
 -1.98187307e-01  3.38896513e-01 -4.34930116e-01  6.07869983e-01
 -2.53846645e-01  7.91590750e-01 -3.56875882e-02  3.04778337e-01
  2.15029195e-01  5.05295575e-01  1.75789315e-02 -2.72460543e-02
 -1.28480300e-01 -2.57205337e-01  3.57783772e-02 -5.79200909e-02
 -6.81407750e-01  9.21545029e-02 -2.53729820e-01  9.22534049e-01
 -1.14336526e-02 -4.79016826e-02 -1.36097178e-01 -4.66877937e-01
 -1.52467445e-01 -1.32425740e-01  2.75294513e-01 -4.04690713e-01
 -1.19702034e-01  1.62625894e-01 -2.09465668e-01 -4.74402338e-01
  4.88818675e-01  3.42639595e-01 -3.91703337e-01  8.26958001e-01
 -7.30417073e-01  5.75210862e-02 -2.62061339e-02  3.64656836e-01
 -7.47365952e-01  1.51088730e-01  4.98598143e-02  5.59486687e-01
  9.29848328e-02 -4.33689654e-01  1.99748993e-01  3.20905179e-01
  1.02211989e-01  4.26367015e-01  4.94799048e-01  2.34954759e-01
  1.95354655e-01  4.70945448e-01  5.61673045e-02  4.96297121e-01
  4.58567068e-02 -2.13768110e-01  4.98518795e-01  2.91810691e-01
  1.29393652e-01  2.64626890e-01  6.80747330e-02 -5.47927022e-01
 -3.65224034e-02 -1.63021132e-01 -1.03595313e-02 -1.49563789e-01
  4.60751444e-01 -1.61316916e-01 -5.02539128e-02  1.14508383e-01
 -2.07946435e-01  1.70403823e-01  3.67571041e-02 -2.62583464e-01
  3.75305802e-01 -6.91209018e-01  9.99286249e-02 -3.19407612e-01
 -3.27440232e-01 -3.80385637e-01 -3.02856833e-01  3.92470658e-01
  6.25739247e-02 -2.27741338e-02 -1.50439635e-01 -1.84177473e-01
 -8.77260089e-01 -3.44324052e-01  7.29026124e-02  6.55198872e-01
  3.60122412e-01  2.26610646e-01  7.18065351e-02  2.47886717e-01
  4.67506111e-01  7.48334527e-02  1.43081367e-01 -1.94220652e-03
 -2.31676742e-01 -1.86713114e-01  1.26302436e-01 -1.21085666e-01
  4.20135766e-01 -9.82303694e-02  3.48750234e-01 -5.42345010e-02
 -4.06590849e-01  2.43656427e-01  8.67293999e-02 -3.94006163e-01
  5.03381453e-02  7.26811528e-01 -2.60775447e-01 -6.34871423e-01
 -4.98527706e-01 -9.47990268e-02 -6.50830209e-01  6.62958398e-02
 -2.68383652e-01  2.85508454e-01 -3.49700004e-01  1.12674169e-01
 -1.74492911e-01 -4.75419343e-01 -1.81578606e-01 -2.11868286e-01
  3.28344889e-02  1.42950699e-01 -2.28110589e-02 -1.91820711e-01
 -5.15208364e-01 -3.52586992e-02 -3.48714292e-01 -4.78997946e-01
 -3.10264714e-03 -5.51242530e-01  4.46956694e-01  2.26768479e-01
  5.19576371e-01 -4.01957147e-02  2.23008469e-01 -2.11780015e-02
 -6.47084936e-02 -8.50242257e-01 -1.22388318e-01 -8.21013227e-02
 -5.00536263e-01 -2.89797261e-02  1.61732789e-02 -4.62967247e-01
 -3.05137724e-01 -4.27984715e-01 -5.37696257e-02 -4.27530885e-01
 -4.58555937e-01  5.07671535e-02 -6.09349832e-02  1.21000551e-01
 -1.44150585e-01  4.98395979e-01 -4.44367468e-01  1.57625675e-01
 -6.23378396e-01  1.97799042e-01 -6.93991065e-01 -2.58265138e-01
  1.02615738e-02 -2.50993371e-01 -3.85790080e-01  1.67727783e-01
 -4.67547983e-01  3.76975834e-01  3.34049433e-01  5.89170568e-02
 -4.29504603e-01 -2.34155897e-02 -3.79841536e-01  1.28155112e-01
  2.17148751e-01  7.27256596e-01  2.17628777e-01 -6.18875958e-02
  1.72691017e-01  4.01492089e-01  1.91140860e-01  1.47364363e-01
 -1.01788752e-01 -2.96952933e-01  8.40102732e-02  5.50181009e-02
  6.37321651e-01  1.06117532e-01 -1.75985415e-02  1.04611826e+00
 -3.49941045e-01  2.47092575e-01  4.92686391e-01  2.86440611e-01
 -1.74274695e+00  1.24134626e-02 -1.29007444e-01  4.75340001e-02
 -2.40004599e-01  2.80745119e-01 -3.55460658e-03  1.37170598e-01
 -4.59278792e-01 -5.40335178e-01  9.03911769e-01  2.87854135e-01
 -9.33829881e-03 -5.12270808e-01  3.49341303e-01 -2.35028371e-01
  2.98427008e-02 -4.78011936e-01  2.12677538e-01  4.78230417e-01
 -4.10766840e-01  5.39882034e-02 -1.65991887e-01 -5.37499726e-01
 -8.39669257e-02  1.67763039e-01  1.61569253e-01  2.47225672e-01
 -5.30215204e-01  1.38052374e-01  3.13878089e-01  4.00859684e-01
  7.85849571e-01  3.03985566e-01 -6.16408102e-02  5.77767044e-02
  4.45068717e-01  1.35041907e-01  4.25412297e-01 -2.85625219e-01
  1.75831676e-01 -4.75820117e-02  8.53437722e-01  1.25897396e-02
  9.11166295e-02 -1.54978712e-03  1.21304177e-01  2.29567096e-01
 -8.19531530e-02  3.54898632e-01  1.46432102e-01  4.78751250e-02
  1.90706670e-01  5.32224238e-01  5.80730975e-01  1.44955635e-01
 -2.83899516e-01 -3.66182566e-01  3.64569165e-02 -3.21286529e-01
 -6.24405146e-01 -3.38620603e-01 -3.43862951e-01 -1.22221127e-01
 -4.49567646e-01  2.92913973e-01 -2.96255443e-02 -5.18385053e-01
  5.49229495e-02 -3.55665028e-01 -4.25226897e-01  3.32149923e-01
 -5.32559305e-02 -7.33311176e-01  5.86143553e-01  2.21728235e-01
  2.88144261e-01 -5.33857048e-01 -6.53079987e-01 -4.23921756e-02
 -2.73390263e-01 -3.03942800e-01  1.67657301e-01 -3.30829591e-01
 -5.40301539e-02  3.47336739e-01 -7.84889758e-02 -9.32381302e-02
 -3.43779474e-01 -2.95097053e-01 -7.08986878e-01  1.88760504e-01
 -5.04166633e-02  3.23213547e-01  2.19684243e-02  2.22186521e-01
  2.20306531e-01  4.48722839e-02 -2.71185935e-01  8.39256197e-02
 -3.24997872e-01  5.80433309e-01  3.90726745e-01  1.66425571e-01
  5.81920862e-01  4.44246560e-01  2.81132221e-01  5.24589181e-01
  2.02089325e-02  1.34099787e-02 -6.10522449e-01 -3.01175117e-01
  7.10016072e-01 -3.79120931e-02  2.43217826e-01 -1.07879639e-01
 -1.81926806e-02  6.09081030e-01 -3.24829035e-02 -5.74191928e-01
  5.14266547e-04  7.38754347e-02 -1.84155032e-01  2.62513518e-01
  6.57590330e-01  8.22842896e-01 -2.32491437e-02  2.09028870e-02
 -1.40678659e-01 -1.87530726e-01  3.15161854e-01 -1.30644426e-01
 -1.17975011e-01 -2.94526875e-01  9.54099279e-03  2.99439758e-01
  6.59657598e-01  2.00672433e-01  6.23160660e-01  3.09473157e-01
 -3.43716770e-01  2.67425120e-01  4.35273141e-01  4.79529262e-01
 -2.94526517e-01 -2.89981574e-01 -3.53981167e-01  2.58303136e-02
 -3.89669329e-01 -6.62572011e-02  6.73135698e-01 -1.59499541e-01
  1.76897496e-01  7.67650688e-03 -6.11082435e-01 -6.22050464e-01
 -3.78277510e-01  1.60815239e-01 -9.92601439e-02  1.43383160e-01
  2.02571973e-01 -1.35760903e-02 -4.93025184e-01  1.85777426e-01
  5.61464727e-02  2.98899978e-01  5.03491282e-01 -1.53601959e-01
 -9.01676565e-02  3.59078869e-03  3.82498726e-02  6.76893964e-02
 -1.81071088e-01  4.58883010e-02 -2.62824357e-01 -4.94412094e-01
  1.62131209e-02  1.84012845e-01  2.54214287e-01 -1.46533042e-01
  6.53414965e-01  1.32467419e-01 -5.13203919e-01 -5.65060019e-01
 -2.37240583e-01 -2.22166181e-01 -4.52727154e-02 -4.98032242e-01
 -9.01912376e-02  4.43757847e-02  3.66764814e-01  8.76772404e-02
  2.80246258e-01 -3.57614696e-01  7.92291760e-02  2.38751560e-01
  6.34034872e-01 -1.30070135e-01  2.30014458e-01 -1.98584244e-01
  2.17490532e-02  8.81654993e-02  7.55990595e-02  5.94925098e-02
 -1.43209085e-01 -5.36220908e-01 -6.97850943e-01 -3.78329605e-01
 -1.78958684e-01 -1.07865930e+00  5.39438188e-01  1.38625845e-01
  2.41053805e-01 -4.67630297e-01 -4.62996036e-01 -1.47763044e-01
  3.01077008e-01 -1.15580216e-01  4.24873710e-01 -2.17767403e-01
 -5.78147948e-01 -4.97000404e-02  1.25194728e-01 -6.60147369e-01
  9.40503120e-01  2.54540563e-01 -4.91650820e-01 -3.95495683e-01
  3.87395293e-01  1.95834413e-01 -2.21845999e-01  1.07280806e-01
 -1.32592082e-01 -5.39364815e-01  1.55032635e-01 -3.46933961e-01
  3.21011186e-01 -1.54360160e-01 -3.52674324e-05 -1.24660306e-01
  5.85190356e-01  3.44327986e-01  2.44300678e-01  7.75589198e-02
 -2.27900639e-01 -2.08970875e-01 -2.48069152e-01  3.25702071e-01
  1.40794307e-01  3.85053605e-01 -1.76682368e-01  3.16250384e-01
  5.83125949e-01 -8.46609056e-01  8.67414474e-02  7.60417283e-01
  4.11032021e-01  4.44315493e-01 -1.52564764e-01  3.20903882e-02
 -8.17037404e-01  1.35569990e-01  1.41821682e-01 -1.72215570e-02
  4.57020789e-01 -3.56507041e-02 -1.37511179e-01 -4.09765035e-01
 -1.68074183e-02  4.00395066e-01  1.72828749e-01  3.64892520e-02
  4.35541987e-01 -1.55622914e-01  5.13322771e-01  3.38330954e-01
 -2.61516929e-01 -3.60293716e-01  5.43467440e-02  4.09025818e-01
  7.75284708e-01  1.81759849e-01  3.60168815e-01 -7.15021849e-01
 -6.30539358e-01  3.01282763e-01  8.31094086e-02  3.05178523e-01
  5.01429319e-01 -2.74868637e-01 -6.27902821e-02  6.11264467e-01
  2.97894835e-01 -7.07817525e-02 -3.29446822e-01 -4.16540891e-01
 -1.70716390e-01 -2.36667961e-01 -5.00891149e-01  2.01751813e-01
  8.45913216e-02 -4.67947908e-02  2.11769968e-01  1.54199144e-02
  9.83888358e-02  5.82226098e-01  2.87197321e-03 -3.05047333e-01
  2.04790220e-01  6.14336543e-02 -9.01422724e-02  8.08300227e-02
 -2.23519325e-01 -2.46593595e-01 -2.41717659e-02  2.41519004e-01
 -1.57367334e-01  2.02508613e-01  3.40979882e-02  1.61916167e-01
  3.30591708e-01 -4.44882154e-01 -1.90104902e-01 -3.14644456e-01
 -3.17463845e-01 -1.30728632e-01 -6.57792032e-01 -3.59774739e-01
 -3.09588555e-02 -4.71150875e-02 -1.59254432e-01 -5.93736023e-02
 -4.67871338e-01 -2.32516110e-01 -4.49221104e-01  2.52285540e-01
 -1.73445553e-01 -8.41765165e-01  3.82302940e-01  2.62718678e-01
 -1.25296742e-01 -1.19992077e+00  2.47536302e-01  1.70461625e-01
  2.44115233e-01  1.72105312e-01  7.04698920e-01 -3.42238545e-01
 -2.60701954e-01  8.75810459e-02 -2.85531700e-01  2.54745066e-01
 -1.05163517e+01  1.05978079e-01 -4.22578603e-01 -3.99893075e-01
 -3.50487739e-01  3.93149853e-01  6.25632167e-01  5.66282392e-01
 -1.95585936e-01  1.21423393e-01 -3.40548642e-02  9.15949419e-02
 -1.44770285e-02  6.83787882e-01 -5.20783842e-01 -3.06553662e-01
 -2.30557114e-01 -2.15277169e-02 -4.03221026e-02 -2.39191204e-01
  1.14314690e-01 -2.84472644e-01  5.08635998e-01  7.36679852e-01
  5.46224177e-01 -4.08423632e-01 -2.61187971e-01  2.47341441e-03
 -2.02753499e-01  5.91974974e-01 -6.01364851e-01  5.32571316e-01
  3.64352502e-02  3.01084399e-01 -1.52536288e-01  2.52969116e-01
 -4.02831227e-01  6.68329716e-01 -3.90014835e-02  4.04142320e-01
  3.15302551e-01  4.24127430e-01 -2.56795008e-02 -3.04168835e-02
  1.74899265e-01  2.39173710e-01  4.69064713e-01  1.11696711e-02
  5.41832387e-01 -2.42215633e-01 -1.27103299e-01  1.33843392e-01
  6.82288781e-02 -9.43486765e-02  4.55611289e-01 -3.05458643e-02
  6.39403582e-01 -6.74558520e-01 -3.16420607e-02  6.43760711e-02
  3.38028491e-01 -7.73757696e-02  3.83367360e-01  4.44365919e-01
  3.00741434e-01  4.10556674e-01  5.21741688e-01  3.65373969e-01
 -9.13043141e-01 -2.37799183e-01  1.62567645e-01  4.71616268e-01
 -9.50486809e-02  3.25132906e-01 -2.56731838e-01  3.13396513e-01
  3.61466676e-01 -2.95936376e-01  5.50640672e-02 -2.80053783e-02
  2.83950686e-01 -3.02975923e-01  8.33558366e-02  2.40718409e-01
 -6.21874213e-01  4.87202406e-02 -8.32330659e-02 -4.81247865e-02
  2.59869248e-01 -4.46125746e-01  2.38236561e-01  8.38035122e-02
 -5.34437299e-01  5.06531894e-01  4.48012590e-01  1.81824807e-02
 -1.21032991e-01  2.26519614e-01  4.85405922e-01 -2.47120038e-02]"
サ,"[ 6.48852065e-02  7.03525424e-01  4.71259475e-01 -5.47538280e-01
  1.59046471e-01  3.98378938e-01  3.51637304e-01  1.23026282e-01
 -2.36791316e-02 -5.60553074e-01  6.91640377e-01 -1.82065725e-01
 -3.69573385e-01 -4.81643021e-01  5.01200736e-01  2.13964377e-02
  6.06600717e-02 -3.49444240e-01  8.08935091e-02 -4.40633446e-01
 -8.89577985e-01 -5.16568840e-01 -2.66183019e-01 -1.12697050e-01
  5.20015620e-02 -5.65481424e-01  1.07526816e-01  6.08377531e-02
 -2.72094548e-01  1.09412938e-01 -1.46132946e-01 -5.17516971e-01
  1.58073138e-02  2.16582283e-01 -3.97458136e-01  1.42894834e-01
  3.70732784e-01  9.52575803e-02 -8.72540697e-02 -8.91159754e-03
 -1.78627878e-01 -2.46154368e-01 -1.56675205e-01 -2.89727360e-01
 -3.17594945e-01  5.58815479e-01  2.79103786e-01  2.11603582e-01
  3.49331588e-01  2.05476016e-01 -1.15657732e-01  5.24988830e-01
  1.53630912e-01 -6.92296997e-02  2.36809149e-01 -1.02029659e-01
 -1.25966864e-02 -3.04194719e-01 -3.15399706e-01  3.45738739e-01
 -7.24034965e-01 -2.79484242e-01  1.94713280e-01  1.92494970e-02
 -2.23813370e-01 -7.14084730e-02  9.05480701e-03 -1.17216989e-01
  9.39084142e-02 -7.12507546e-01  2.45665506e-01  1.63750336e-01
  4.14535357e-03 -7.42333591e-01  8.38340044e-01 -4.34353292e-01
  4.01309252e-01 -7.71496892e-02  2.78353333e-01  1.19877301e-01
 -3.97254974e-01  5.62397897e-01  1.22871153e-01 -6.20353937e-01
 -1.69597164e-01  2.42013648e-01 -3.80565464e-01 -6.62786305e-01
  3.45268995e-01 -3.59812587e-01  5.76520599e-02  2.00124495e-02
  1.91770032e-01  3.70260924e-01 -1.34176135e-01 -1.51688844e-01
  4.49814230e-01 -5.21264434e-01  1.30199362e-02  3.71496558e-01
  1.53533020e-03 -2.44601384e-01  1.04438558e-01 -1.65181175e-01
  4.10203040e-02  1.10388726e-01 -2.76432276e-01  2.55873948e-01
  1.37467124e-02  1.84370503e-01 -2.21014187e-01 -4.20769125e-01
 -4.75366950e-01  5.86740971e-02  2.19318613e-01  5.20587303e-02
 -2.34473526e-01  5.72899818e-01  2.10268691e-01  1.03446215e-01
  1.41941123e-02  6.29506111e-01 -3.81130904e-01 -2.46828154e-01
  5.90361245e-02  4.16344255e-01  1.49371430e-01 -1.43032014e-01
 -2.41779566e-01 -2.60848761e-01 -3.12812954e-01 -2.84071654e-01
 -2.44613469e-01  1.25942156e-01 -2.89646715e-01  4.50176060e-01
  5.04773594e-02 -3.52998316e-01  1.13899022e-01 -6.54235959e-01
 -1.33767173e-01  3.23209584e-01  3.24869633e-01 -2.07984060e-01
 -9.04217213e-02  2.75806218e-01 -1.10058188e-01 -1.76043496e-01
  4.69163418e-01  3.71321470e-01 -3.15964818e-01  1.18894470e+00
 -9.77653041e-02 -2.36529291e-01  4.28550214e-01  1.52144447e-01
 -4.27527875e-01 -1.24428906e-01 -3.29179853e-01  5.47669291e-01
  1.09668657e-01 -5.16037405e-01 -1.80932403e-01  6.72310293e-01
  1.64470002e-01  4.19158190e-01  5.14015794e-01  5.93434758e-02
 -3.18827242e-01  6.71130180e-01  6.82057679e-01  3.04443717e-01
  9.05157700e-02 -4.31542933e-01  1.52115792e-01  3.78735930e-01
  4.82584625e-01  2.81445563e-01  3.89888361e-02 -3.12768012e-01
 -1.06153563e-01 -3.03414047e-01 -8.86566043e-02 -5.08924544e-01
  1.78575069e-01 -1.68269172e-01 -4.45346795e-02  3.66098762e-01
  1.18671551e-01 -3.54280442e-01  4.91569676e-02 -7.28126764e-01
  2.73617238e-01 -4.56217438e-01 -4.03513163e-01 -3.32028061e-01
 -9.10236090e-02 -1.60996541e-02 -3.16254199e-01  7.65344381e-01
  2.08226442e-01  2.22663477e-01 -4.62109685e-01 -5.03148079e-01
 -7.04046428e-01 -4.17786837e-01  1.92755848e-01  3.25580388e-01
  2.74508834e-01  2.98293412e-01 -1.40111834e-01  7.32503653e-01
  4.36888725e-01  1.04065090e-01  6.63826585e-01  1.11908346e-01
 -5.29434502e-01 -1.58596545e-01  1.36538446e-01 -2.71710515e-01
  1.68289095e-02 -1.43857330e-01  2.23187774e-01  2.19698206e-01
  4.91481006e-01  1.39787018e-01  3.44771683e-01 -2.91718394e-01
  3.47799039e-04  4.66008574e-01 -6.52888238e-01 -5.49850225e-01
 -6.40699267e-01  1.27929106e-01 -6.49453163e-01 -3.09229910e-01
 -2.26405174e-01  5.86145997e-01 -3.01487416e-01  3.05002928e-01
 -1.71601936e-01  5.22212051e-02  2.62980670e-01 -4.79166329e-01
 -4.00644653e-02  3.01657975e-01 -3.86766881e-01 -6.75783679e-02
 -5.16773582e-01 -2.28013545e-01 -7.07644105e-01 -6.66559935e-01
  3.55829746e-01 -4.61296439e-01  8.44811022e-01  4.26307291e-01
  3.71732712e-01 -2.13081673e-01  2.13679045e-01 -4.39565063e-01
 -1.37918234e-01 -4.23471957e-01 -3.56907025e-02 -3.57493088e-02
  6.43920619e-03  5.18430889e-01  1.77977279e-01 -7.04118609e-01
 -8.20468128e-01 -7.47683346e-01  2.89045600e-03 -4.27005917e-01
 -4.48817581e-01 -1.26862684e-02 -1.40586987e-01  2.08228439e-01
 -3.22150171e-01  7.39568472e-01 -5.39633691e-01  2.31612802e-01
 -4.95352089e-01  5.77102244e-01 -4.02023971e-01  8.10956806e-02
  1.58399388e-01  5.33142269e-01 -6.83377147e-01  3.98928970e-02
 -4.10019249e-01  6.16541564e-01  6.22053146e-01 -3.40668768e-01
 -7.22548187e-01  5.85577302e-02 -3.17920953e-01 -2.81351935e-02
  5.41764259e-01  1.81391180e-01 -2.23405108e-01  5.44012249e-01
 -5.67818657e-02 -2.07478311e-02  1.07779898e-01 -1.51588678e-01
 -2.79320955e-01 -6.69250906e-01  4.15550694e-02 -7.70800859e-02
  4.21720058e-01 -2.45931208e-01  1.56357229e-01  6.29200578e-01
 -5.00476956e-01  3.27726454e-01  6.85827672e-01  1.78009003e-01
 -1.34466732e+00 -3.47803831e-02  9.70336378e-01  4.02741618e-02
 -1.42233791e-02  3.64326715e-01  2.37702653e-01  6.11222684e-01
 -3.20216656e-01 -2.53927797e-01  8.57806206e-01  2.86966592e-01
 -3.53852838e-01 -4.95684296e-02  4.07599509e-01 -2.34691605e-01
  1.20644316e-01 -1.43227458e-01 -2.50022382e-01  4.77750540e-01
 -2.25214824e-01 -4.60919030e-02  1.73849121e-01 -6.79776549e-01
 -4.63077009e-01  4.71773237e-01  1.56606995e-02 -4.88553382e-02
 -7.31864274e-01 -3.65110099e-01  3.01570654e-01  1.10267889e+00
  6.13544583e-01  5.63904941e-01 -2.99272597e-01 -5.78055501e-01
  5.96465230e-01  1.50615771e-04  4.02940094e-01 -2.75426984e-01
 -5.33567369e-01 -1.48361996e-01  4.49246019e-01 -6.20859936e-02
 -2.08370313e-01  1.51020363e-01  2.35329941e-01  2.07149833e-01
 -2.61694074e-01  2.41553992e-01  7.68660784e-01  5.04842214e-02
  2.83390254e-01  3.92474920e-01  8.20503294e-01  2.19335154e-01
  1.43007234e-01 -1.70031965e-01 -1.07781634e-01 -4.64503653e-02
  7.00113893e-01  3.85007143e-01  3.88053469e-02  2.07332835e-01
  1.03102028e-01 -8.78358856e-02 -3.71767849e-01 -1.38467491e-01
 -4.57870327e-02 -6.77795529e-01 -6.86381996e-01 -1.38799250e-01
 -1.20216766e-02 -7.04550207e-01  4.73073274e-01  3.41971546e-01
  4.30788040e-01 -5.31537712e-01 -1.25059620e-01  5.03993094e-01
 -1.76398262e-01 -3.41738552e-01 -1.69385582e-01  3.54361773e-01
 -5.93971789e-01 -2.22967491e-01 -2.57781804e-01 -3.57987642e-01
 -3.16711187e-01 -9.47636142e-02 -8.81610334e-01  2.20693976e-01
  1.56133309e-01  5.56351900e-01 -2.49521770e-02  1.05067261e-01
  2.07316682e-01 -1.10191561e-01 -4.43511643e-02 -8.73317719e-02
 -1.36641830e-01  2.70251371e-02  4.36297655e-01  4.53897506e-01
  4.01118547e-01  4.22963232e-01 -1.97619330e-02 -3.55470181e-01
 -2.13236973e-01  2.44985700e-01 -4.82125819e-01 -5.26201785e-01
  7.47960925e-01 -1.56482920e-01  4.60313037e-02 -2.65412003e-01
 -5.34625314e-02  8.03116500e-01 -2.67045736e-01 -1.75648287e-01
 -5.17050028e-02  6.71064258e-02  9.57477838e-02  4.14703816e-01
  3.73381436e-01  9.59229290e-01 -1.59511548e-02  8.13415796e-02
 -6.27298504e-02 -2.35581264e-01  4.48313117e-01 -4.81231034e-01
  2.09117308e-01 -8.79557282e-02  2.81148791e-01  9.07665372e-01
  3.41973573e-01  2.44738191e-01  1.39856592e-01 -1.14559658e-01
 -2.82923520e-01  1.40285790e-01  8.49328220e-01  6.95818588e-02
 -3.92946899e-01 -1.77651234e-02 -4.74189192e-01  1.98056206e-01
 -6.19919263e-02 -5.01796342e-02  4.37217653e-02 -5.34453213e-01
  4.95691419e-01 -4.10655379e-01 -4.85100865e-01 -7.39810586e-01
 -7.04944968e-01  2.71274447e-01 -1.83758855e-01  5.18123545e-02
  4.88727152e-01  4.54407066e-01 -5.84678769e-01  3.87683719e-01
  3.21872056e-01  3.57393831e-01  3.55383009e-01 -3.79998296e-01
 -3.47448796e-01  4.07785267e-01 -8.78432542e-02 -2.30085835e-01
  8.11518729e-02 -7.79503956e-02 -3.45691741e-01 -3.99745852e-01
  9.90882963e-02  8.93566385e-03 -4.58664000e-02 -9.93360579e-02
  1.96768552e-01  2.82615889e-02 -4.26361799e-01 -2.70883530e-01
 -3.11137944e-01  1.78970415e-02 -1.39445350e-01 -5.24506509e-01
 -2.02143371e-01 -1.23284593e-01  5.05717874e-01  4.11226004e-01
  4.57899332e-01 -2.59011388e-01  2.66994417e-01  3.35939407e-01
  5.42337060e-01 -3.52597147e-01 -9.29851979e-02 -2.86421806e-01
 -5.18491387e-01  2.44461909e-01  5.57728350e-01 -3.99972685e-02
 -6.80266693e-02 -5.23167908e-01 -6.83489978e-01 -7.34597668e-02
 -1.04289405e-01 -9.44649816e-01  3.00450414e-01  3.42819601e-01
  5.22377014e-01 -5.12178838e-01  1.71480253e-01 -1.72848389e-01
  4.42137241e-01  1.61882833e-01  2.45924875e-01  2.21804485e-01
 -6.90505624e-01 -1.06625184e-01 -9.04255658e-02 -5.26045501e-01
  7.96223164e-01  4.66599345e-01 -4.81679857e-01  3.22850019e-01
  7.02495575e-01  1.76348478e-01 -4.62830335e-01  1.37234271e-01
 -4.23074573e-01 -2.60591537e-01  1.08638801e-01  4.98605758e-01
  1.53192118e-01  1.12182207e-01 -2.57297605e-01  3.10910214e-02
  6.21003330e-01  5.43195248e-01  2.99308687e-01 -1.11577511e-02
 -9.05102044e-02 -2.91862011e-01 -3.59261155e-01  4.76599544e-01
  3.13599229e-01  9.27524805e-01 -6.94848120e-01  8.27094734e-01
  4.17987198e-01 -3.51679027e-01  5.47586322e-01  8.27581048e-01
 -1.29535213e-01  3.58832538e-01 -3.82195741e-01  6.48860633e-02
 -9.12461519e-01  4.41856310e-02 -2.21253231e-01 -1.43553661e-02
 -1.20179899e-01 -6.09278530e-02  4.01586480e-03 -4.19904470e-01
  2.20407352e-01  2.30938774e-02  4.10899669e-02 -1.94762070e-02
  3.95751148e-01 -4.75532591e-01  7.65454233e-01  3.58244687e-01
 -3.60044986e-01 -1.57360524e-01  1.47609949e-01  8.77888873e-02
  7.88861632e-01 -2.47701049e-01  4.31561410e-01  9.22671258e-02
 -8.84726584e-01  1.00226708e-01  8.95279422e-02 -9.47557390e-02
  6.43715441e-01 -3.26216608e-01 -3.80982012e-01  3.47205490e-01
  9.38326716e-01  2.87590206e-01 -3.56857061e-01 -5.20918727e-01
 -5.70540652e-02 -4.02328372e-01 -3.85965049e-01  2.92511992e-02
  1.27606243e-01  4.22553509e-01 -1.21369891e-01 -4.19671200e-02
  1.57646224e-01  4.03877705e-01  1.31064340e-01  1.15740314e-01
  4.20765020e-02  9.24983174e-02 -2.73703396e-01  1.22083016e-01
  3.15802097e-01 -4.91713166e-01 -1.74496084e-01  7.19657719e-01
 -1.16461284e-01  2.35321566e-01  5.78406751e-02  2.04155892e-01
  1.03044659e-01  1.11952238e-01 -1.83408707e-01 -6.72207594e-01
 -3.49768341e-01  4.40805137e-01 -8.75808716e-01 -1.17407180e-01
  1.08051732e-01  3.65384132e-01  1.02070287e-01 -6.08843146e-03
 -5.85435987e-01 -2.72290111e-01 -1.77197620e-01  3.64187717e-01
 -4.98526663e-01 -6.59672797e-01  6.45488799e-01 -8.88883695e-02
 -4.59713668e-01 -1.22878194e+00  5.89016974e-01  7.76873603e-02
  5.91555059e-01  1.35122418e-01  1.53823718e-01  1.05919868e-01
  2.23764598e-01  3.77426692e-03 -2.17317641e-01  5.81588626e-01
 -1.02896585e+01 -3.00397485e-01 -3.24251980e-01 -7.45515168e-01
 -3.65222842e-01  2.69418508e-01  6.05192363e-01  1.78144068e-01
 -4.92345065e-01  1.49109691e-01 -3.99667203e-01  5.90169504e-02
  1.55871555e-01  1.00437291e-01 -3.68130863e-01  3.06801140e-01
 -3.21902841e-01 -2.93937206e-01 -3.14736694e-01  4.05683368e-02
 -4.04672593e-01 -3.30422372e-01  7.07302928e-01  1.13579541e-01
 -4.77767587e-02 -3.10592890e-01 -5.43449596e-02  9.66573209e-02
 -3.45795631e-01  2.95453578e-01 -3.79869014e-01  5.76226175e-01
 -1.73605904e-01 -1.12764962e-01 -4.58371878e-01 -1.88887537e-01
  4.78667468e-02 -4.94932413e-01 -1.94460616e-01  5.71884453e-01
  4.42748487e-01  6.00157559e-01  3.81390261e-03 -1.24246635e-01
  2.43384108e-01 -1.41740346e-03  1.91264541e-03  4.63049300e-02
  6.04634345e-01 -2.78821349e-01  4.44624096e-01 -2.66278207e-01
  2.37011582e-01 -1.86130553e-01  2.63404369e-01  2.88528621e-01
  7.91618526e-01 -1.00486386e+00 -1.51113421e-01  2.24622712e-01
  1.17757380e-01  1.10612117e-01  1.01274061e+00  8.12015459e-02
 -8.26491714e-02  3.21199447e-01  3.93637121e-01  1.78999379e-01
 -4.70517844e-01 -6.87119901e-01  3.97443473e-01  4.09759700e-01
  1.83875710e-01  1.60238653e-01 -3.04278731e-01  4.77321118e-01
 -5.04228137e-02  3.17943126e-01  1.72936738e-01  1.84958018e-02
  6.55283153e-01 -3.92788082e-01 -2.61824816e-01  1.86970681e-01
 -8.68328035e-01  1.72864348e-01 -1.37730643e-01 -2.82920212e-01
  3.12147856e-01 -7.29880512e-01  3.38896424e-01  1.42414495e-01
 -1.12944044e-01  3.94561291e-01  4.24635291e-01 -2.91074336e-01
 -1.67425960e-01  4.52450275e-01  3.38353097e-01 -4.10437047e-01]"
レ,"[ 2.11790562e-01  3.12147915e-01  1.56239405e-01 -4.62925494e-01
  3.90045017e-01  6.33704841e-01  1.08811867e+00 -5.64637408e-03
 -1.70766532e-01  2.53077507e-01  6.52835608e-01  5.36284596e-02
 -7.73065925e-01 -2.08476856e-01  4.08956826e-01 -1.93083435e-02
  1.95161268e-01 -4.57857430e-01 -2.57242247e-02 -4.03957129e-01
 -5.13635576e-01 -4.37197149e-01 -2.87885010e-01  3.59757394e-01
  1.92466006e-01 -4.33365285e-01 -1.64243922e-01  3.59828532e-01
 -2.01904532e-02 -3.53789479e-01 -3.70608479e-01 -6.53367996e-01
 -8.40082914e-02  4.72385108e-01 -1.64403200e-01  1.47810608e-01
 -4.61415619e-01 -6.33785501e-02  2.76199311e-01  1.68242469e-01
 -2.04160556e-01 -1.32096857e-01 -3.42380077e-01  1.46032572e-01
 -2.51288235e-01  4.13353950e-01  3.87004912e-01  3.07377338e-01
  2.51169115e-01  1.01749063e-01 -1.65935755e-01  5.35423934e-01
  6.02197349e-01  2.14505911e-01  6.72789931e-01 -3.70636135e-02
  5.68251252e-01 -4.53531414e-01  4.94370274e-02  5.92842340e-01
 -8.04089427e-01 -2.66785383e-01  8.47482085e-02  5.41311167e-02
 -1.31178811e-01  3.64593685e-01 -4.00320202e-01  2.56372929e-01
  4.19665754e-01 -7.32927322e-01 -1.02700032e-01 -2.46067911e-01
 -2.20003235e-03 -5.06109774e-01  6.37231410e-01 -4.90771949e-01
  4.08214003e-01 -7.41296187e-02 -1.14414558e-01  2.06918269e-01
  1.20670125e-02  2.96857655e-01 -3.16032529e-01 -1.09711146e+00
 -2.13455111e-01  2.33853862e-01 -1.17373765e+00 -1.17531931e+00
 -3.94072346e-02 -3.73141170e-01  1.85219899e-01 -1.90411940e-01
  4.35625821e-01 -3.77321728e-02  5.28561592e-01 -4.80665490e-02
  3.76573473e-01  1.47235572e-01 -1.90814406e-01 -5.46784066e-02
 -1.79864869e-01 -1.82770062e-02  4.56758618e-01  1.20619118e-01
 -6.94888085e-02  1.79526940e-01  1.03570692e-01  8.89171138e-02
  2.19496906e-01  5.48862159e-01 -4.58923429e-01 -4.54540968e-01
 -3.25635016e-01 -2.90356189e-01  1.37022883e-01 -2.43274197e-01
 -1.39434570e-02  6.21202469e-01 -2.83238292e-01  4.95013028e-01
 -3.10995672e-02  2.13604867e-01 -2.24200655e-02 -4.05663669e-01
  1.09675638e-01  1.83357760e-01  3.71012926e-01 -2.45225817e-01
 -4.35414821e-01 -6.80235922e-01 -7.03988492e-01  2.01055184e-01
 -4.14252132e-01 -1.98510036e-01 -5.41311920e-01  4.76782709e-01
  6.54575527e-02  1.35801822e-01 -2.06374973e-01 -3.62702549e-01
 -8.91103268e-01  5.50651133e-01  4.38832015e-01 -2.73552805e-01
  3.57039243e-01  1.53650001e-01 -1.08367205e-01 -3.01844239e-01
 -2.96181202e-01  3.65690410e-01 -4.61749397e-02  1.08299446e+00
 -8.86420965e-01 -2.87730750e-02  1.13404825e-01  1.90755382e-01
 -8.78477871e-01  8.68647620e-02  1.61097020e-01  2.16070712e-01
  1.83381528e-01  1.90998510e-01  4.24192905e-01  7.58680820e-01
  1.73998281e-01  4.19262707e-01  1.72381356e-01 -4.71206419e-02
  4.60250080e-01  9.33453441e-01  8.02692533e-01  5.90680301e-01
  6.39782727e-01 -2.72129148e-01  3.72003704e-01  4.91988689e-01
  1.08685577e+00 -2.08739191e-01 -4.18818779e-02 -6.68927848e-01
 -1.77817926e-01  5.38549572e-02  2.51314670e-01 -7.79233038e-01
  4.28760499e-01 -1.39289677e-01  4.77126479e-01 -9.00978316e-03
 -3.29728305e-01  2.22734496e-01  9.43627767e-03 -4.76323575e-01
  2.74438173e-01 -6.07636034e-01 -5.66053152e-01 -3.83359306e-02
 -2.29928046e-01  2.98950762e-01 -9.94605124e-01  3.43955100e-01
  2.81170547e-01  3.48459274e-01 -2.54391998e-01 -6.05091989e-01
 -7.90200830e-01 -6.91058576e-01 -3.28721493e-01  5.90669692e-01
  2.16125086e-01  4.58050460e-01 -2.02739686e-01  3.01326998e-02
  1.13393530e-01  5.62979728e-02  6.82333112e-01 -2.00289935e-01
 -2.36324996e-01 -3.91351014e-01  2.05564927e-02 -4.40373242e-01
  3.19210052e-01 -3.49599898e-01 -9.98927746e-03 -4.20623481e-01
  7.27967247e-02  4.09278065e-01  6.04039319e-02 -7.25088894e-01
 -4.53305095e-02  1.21204503e-01 -5.08763850e-01 -3.21923256e-01
 -8.82857144e-01 -4.66342270e-02 -6.77094221e-01 -2.27426693e-01
 -5.28761923e-01  2.71380156e-01 -1.00383714e-01  2.02354625e-01
  2.90312022e-01 -2.93077946e-01  3.58733088e-01 -4.66686547e-01
 -2.53672034e-01  7.41484538e-02 -1.06865931e-02 -1.50152221e-01
  8.24689120e-02  1.69533268e-02 -6.54282510e-01 -5.56208372e-01
  2.80531526e-01 -5.24953485e-01  6.29130185e-01  9.26729441e-01
  2.12974876e-01 -3.86684299e-01 -1.40479237e-01 -2.88277268e-01
 -7.53846824e-01 -6.01349950e-01  1.03062717e-02  3.49313468e-01
  1.73552707e-01 -3.60199332e-01 -1.70882866e-02 -3.89978021e-01
 -8.49648237e-01 -6.78683221e-01  1.21645011e-01 -5.44718921e-01
 -3.87903333e-01 -3.88252020e-01 -6.39475882e-02 -3.94706249e-01
 -5.11833131e-01  7.81625688e-01 -2.74681926e-01  8.12987864e-01
 -2.57096708e-01  5.21027982e-01 -5.01482964e-01 -3.58229369e-01
 -1.58339262e-01  2.93700576e-01 -5.81605315e-01 -6.31688178e-01
 -5.70438147e-01  8.12469661e-01  2.56196409e-01 -4.40510631e-01
  1.52350411e-01 -1.69668958e-01 -1.51950847e-02  6.57054722e-01
  4.60845739e-01 -1.51015133e-01  1.98665634e-01 -5.71198501e-02
  8.23478937e-01  2.07625404e-01  2.60527611e-01  1.41267627e-01
 -2.33722225e-01 -1.79886833e-01 -4.09681976e-01  2.39389837e-01
  5.92723012e-01 -6.54698193e-01  2.64564067e-01  6.65835500e-01
 -7.61334956e-01  2.99999505e-01  6.03593469e-01  4.40113693e-01
 -1.74230647e+00 -2.08247915e-01  4.11691397e-01 -2.18686476e-01
 -4.67979968e-01  4.47311580e-01  4.50253218e-01  7.44841516e-01
 -5.64385235e-01 -5.38400114e-01  1.08515155e+00  2.08265528e-01
 -3.98362309e-01 -2.84172446e-01 -2.71444231e-01  1.41183719e-01
  4.09434795e-01 -4.37738210e-01  1.24744058e-01  5.90748489e-01
 -6.01208389e-01 -2.03941509e-01 -2.87634075e-01 -4.80963409e-01
 -2.62211673e-02  7.63347030e-01 -7.54665509e-02  5.89029372e-01
 -2.06197560e-01 -1.38684109e-01  2.51260161e-01  1.26485646e+00
  5.82103789e-01  9.37070131e-01 -4.06178564e-01 -6.91404760e-01
  4.05639559e-01  2.79361814e-01  1.42325491e-01 -6.55316055e-01
 -3.59991714e-02 -2.83814464e-02  2.44900599e-01  1.19050898e-01
 -3.28858078e-01  2.84518689e-01  5.11830151e-01  2.19289780e-01
 -2.33976275e-01  2.86750615e-01  1.06900609e+00 -1.21941626e-01
  2.69066602e-01  3.37108433e-01  4.46323216e-01  4.31613386e-01
 -5.12827151e-02 -4.48308259e-01  2.96298474e-01 -5.64652562e-01
  4.48917717e-01 -1.90751746e-01 -2.69841373e-01 -4.24539857e-02
 -1.35695472e-01 -4.08144474e-01 -6.40518814e-02 -5.69630146e-01
  3.33210021e-01 -5.20815074e-01 -6.19455874e-01 -3.63946736e-01
  2.95442313e-01  2.60435045e-03  6.86691821e-01  1.07836270e+00
  3.76238257e-01 -8.40712011e-01 -5.07274330e-01  2.69872755e-01
 -7.40011930e-01  3.48720223e-01  2.92439133e-01  5.26220083e-01
 -1.46135643e-01 -3.23804498e-01 -6.99282467e-01 -4.24319774e-01
 -1.00188851e+00 -6.89015761e-02 -4.80664849e-01 -1.32868499e-01
 -1.87674150e-01  7.84283876e-01  3.77273299e-02  1.31311953e-01
  3.74370724e-01  2.35737562e-01 -6.33470654e-01 -6.37345314e-01
 -5.29601276e-01  2.66539037e-01  4.46591377e-01  4.13009435e-01
  9.35427696e-02  5.24656892e-01  3.60433251e-01 -4.25687172e-02
 -1.10221570e-02 -5.92614971e-02 -5.06973788e-02 -4.68889147e-01
  3.95512402e-01 -3.82778645e-01 -1.10836163e-01  4.71593887e-01
 -1.80875406e-01  1.09324825e+00 -7.88529310e-03 -2.66083121e-01
  2.14231595e-01  3.94428186e-02 -3.39678556e-01  9.83330548e-01
  1.91027910e-01  6.93450511e-01 -1.56026751e-01  4.66009766e-01
 -1.68740615e-01 -1.36379644e-01  2.89318502e-01 -5.63642085e-01
 -1.79401845e-01 -2.32059769e-02  1.53800517e-01  1.24000978e+00
  2.16638684e-01  4.75354567e-02 -2.21421555e-01  1.91967785e-01
 -8.71589184e-02  5.17838478e-01  1.64071806e-02  8.22151229e-02
 -3.61091226e-01  3.84118736e-01 -3.54102761e-01  3.14372778e-02
  4.43949178e-02  1.30570307e-01  2.44209960e-01  1.80386201e-01
  5.13420045e-01 -7.06629395e-01 -6.80223227e-01 -3.78711283e-01
 -1.31094873e+00 -9.61420834e-02 -8.00831974e-01  4.02071595e-01
  3.25710654e-01 -1.60698395e-03 -6.92893386e-01  7.90025234e-01
  2.71647990e-01  2.06939697e-01 -3.80356349e-02 -4.02706206e-01
 -5.26985705e-01  1.13552645e-01 -2.24539846e-01 -2.60666847e-01
  2.76364952e-01 -2.63771206e-01 -8.33178759e-01 -7.69113898e-01
 -1.42383292e-01 -4.96436387e-01  2.64447421e-01 -4.33224589e-01
  3.28410834e-01  5.42612433e-01 -9.38507378e-01  7.11900219e-02
 -3.31252277e-01  1.20897647e-02 -4.63244654e-02 -5.59325635e-01
  1.61403492e-01 -2.11348832e-01 -1.16198711e-01  9.56927776e-01
  1.27268028e+00 -1.53821990e-01  2.98032211e-03  6.46416366e-01
  4.68276858e-01 -1.48246452e-01  1.67837664e-01 -5.86160384e-02
 -7.77111426e-02 -1.36144102e-01  4.18100566e-01  3.95189852e-01
  4.98411685e-01 -1.01971865e-01 -9.67411876e-01 -3.02570164e-01
 -2.82127056e-02 -7.61660874e-01  8.48079741e-01  1.49477154e-01
  5.74199378e-01 -5.65008640e-01  2.55076796e-01 -7.17981756e-01
  6.53414503e-02 -3.38440329e-01  7.42141068e-01 -1.51932612e-01
 -1.04733407e+00 -3.78960431e-01 -3.38416129e-01 -6.56064034e-01
  1.15195918e+00  2.97550470e-01 -5.31781554e-01  2.55158365e-01
  4.73155648e-01  5.87594211e-01 -1.61969066e-01 -2.60976464e-01
 -6.07911706e-01 -1.74270698e-03  5.69970489e-01  1.86057240e-01
  1.89609990e-01  2.32887164e-01 -2.60109603e-01 -3.14332336e-01
  9.24727798e-01 -1.06491365e-01  2.15405792e-01  1.57620443e-03
 -1.40528515e-01  2.64834464e-01 -3.59886736e-01  1.25120774e-01
 -1.51385283e-02  3.54250163e-01 -3.90069842e-01  8.11315775e-01
  6.53498530e-01 -2.98208266e-01  1.15145974e-01  1.21756446e+00
  2.15686724e-01  8.10126424e-01 -9.30581689e-02  1.70218095e-01
 -1.07148409e+00  3.22002560e-01 -2.50449870e-02 -3.08299571e-01
  3.45678963e-02  3.35915893e-01 -5.97240590e-02 -7.91508332e-02
  1.83592528e-01 -5.30821010e-02 -4.85626757e-02  8.92215788e-01
  6.28977939e-02 -5.88202000e-01  8.48995626e-01  2.75404096e-01
 -5.14001846e-01  1.32637694e-01  5.38741909e-02  7.39607275e-01
  7.34033346e-01 -8.87859836e-02  5.72359920e-01 -3.43440711e-01
 -9.11301970e-01  3.25283855e-01 -3.19748878e-01  2.64806688e-01
  6.55352116e-01 -8.62215042e-01 -2.80593604e-01  5.22382438e-01
  3.25566441e-01 -1.45460561e-01 -4.46990699e-01 -8.11535060e-01
  1.60925388e-01  1.23084284e-01 -4.95300621e-01  2.15020292e-02
  2.96721846e-01  9.40444529e-01  3.57534975e-01 -3.53697807e-01
  2.37445027e-01  5.37648380e-01  1.12892590e-01 -2.52233088e-01
  6.98895827e-02  5.08544855e-02  2.92694837e-01 -1.91583142e-01
  1.01325643e+00 -1.81537628e-01 -3.18529636e-01  4.01400715e-01
 -4.61487442e-01 -3.35044116e-01  2.22076222e-01  3.51487756e-01
  4.88082767e-02 -2.46164948e-01  2.16562927e-01 -3.72650236e-01
 -1.61316410e-01 -2.57273652e-02 -8.78512681e-01  1.48966551e-01
 -1.10783957e-01 -7.34648556e-02  2.12040335e-01 -1.65950194e-01
 -5.67233562e-01 -3.63309979e-01 -1.48784265e-01  2.36909747e-01
 -1.06703007e+00 -3.29795510e-01  9.11358535e-01 -4.60878871e-02
 -4.54724908e-01 -1.18096209e+00  6.42949939e-01 -1.85985178e-01
  5.63629448e-01  3.84793319e-02  3.63342285e-01  2.95556746e-02
  2.43544385e-01 -1.63167957e-02 -4.47826445e-01  1.28145382e-01
 -9.77260590e+00  1.10378549e-01 -2.11438283e-01 -7.28446722e-01
  1.29618287e-01 -3.70057583e-01  7.00108409e-01  7.79978216e-01
 -5.73680699e-01  1.28816161e-02 -2.32107490e-01  1.51225463e-01
  4.53378767e-01  3.11708361e-01 -2.54814327e-01 -3.48427474e-01
 -3.22798729e-01 -2.58097917e-01 -7.22405827e-03 -1.06705673e-01
  8.84802192e-02 -6.27997220e-01  1.16019666e+00 -6.01275265e-02
 -2.13984042e-01  2.70081256e-02 -6.55421615e-01  2.71694750e-01
  2.10449353e-01  2.71274835e-01 -1.05003941e+00  6.97763801e-01
  1.51515856e-01 -1.20972410e-01 -7.65801743e-02  8.32716227e-02
 -1.00773744e-01 -1.84431449e-01 -9.22588110e-01  6.24495208e-01
 -8.83222818e-02  5.16309321e-01  3.37488532e-01  1.38079226e-02
  5.46293259e-01 -6.01533771e-01 -1.60022140e-01  1.80612728e-01
  7.66687691e-01 -3.52241285e-02 -2.13444576e-01 -2.16333881e-01
  1.73329502e-01 -1.14239946e-01  1.53278857e-01 -1.43183187e-01
  3.88860852e-01 -5.07604122e-01  4.85215038e-01  5.22066280e-02
  5.55349886e-01  1.53843284e-01  2.52172232e-01  4.67775911e-01
 -1.82433665e-01  6.69867516e-01 -6.03947453e-02 -1.95523575e-02
 -3.21256250e-01  1.43888779e-02  5.34737468e-01  4.91153777e-01
  3.02569658e-01  1.23411715e-01  2.06503168e-01  4.24642891e-01
 -1.62363812e-01  3.43252271e-01  1.86459780e-01  1.21148631e-01
  5.06132185e-01 -7.59795964e-01  1.33055225e-01  2.47879140e-02
 -1.00066650e+00  4.11822110e-01 -2.99781144e-01 -1.39427539e-02
  2.92196095e-01 -4.11412448e-01  4.69855070e-01 -5.69961779e-02
 -3.11755896e-01 -6.10242784e-02  3.81321520e-01 -7.60421902e-02
  2.16456562e-01  2.93256402e-01  1.02699339e-01 -3.38741601e-01]"
タ,"[-2.99661551e-02  2.35579774e-01  2.16267854e-01 -4.62301165e-01
  1.46502957e-01  1.59057260e-01  4.88843143e-01  3.43817882e-02
  2.31429592e-01 -4.75955218e-01  9.65501428e-01  1.44587487e-01
 -3.04416180e-01  2.18970031e-01  5.76633871e-01 -7.43149146e-02
  1.22966498e-01 -2.05837458e-01  3.06487232e-01 -6.46916866e-01
 -4.75787103e-01 -4.26514417e-01 -3.73811781e-01  3.08984555e-02
  1.09216664e-02 -2.93104202e-01 -3.61434907e-01 -5.65030053e-02
  3.21628079e-02 -3.50589812e-01 -1.99837789e-01 -4.79252517e-01
 -1.99252479e-02  6.12472259e-02 -1.20409250e-01  6.15912259e-01
  1.48660764e-01 -7.46806189e-02 -2.11993039e-01 -2.97742337e-01
  1.13387346e-01 -1.35826588e-01 -6.36355281e-01 -4.45344567e-01
 -2.16307081e-02  6.85872316e-01  2.61787891e-01  1.03010170e-01
  2.79183775e-01  4.58381362e-02 -3.35032940e-01  5.32670803e-02
  1.20524228e-01 -1.07789263e-01 -1.40848160e-01  2.16222078e-01
  2.49952212e-01 -2.18029901e-01  1.12820625e-01  5.73501959e-02
 -7.49453455e-02 -1.90446988e-01  1.85510695e-01 -2.76439339e-01
 -1.08943269e-01 -2.89292574e-01 -1.85147242e-03 -1.42507613e-01
  3.78167368e-02 -5.24221301e-01  1.77446336e-01  5.51392175e-02
  1.34303674e-01 -2.22959772e-01  5.37544012e-01 -6.02257848e-01
  1.93570793e-01 -5.20524643e-02  5.09709895e-01 -1.05174385e-01
 -8.81144702e-02  3.53035271e-01 -1.23251960e-01 -1.02641988e+00
  2.46412903e-01  6.85964823e-02 -4.19943005e-01 -6.87328100e-01
  4.39353973e-01 -2.58307606e-01  1.43659532e-01 -1.16709851e-01
  1.21523656e-01  2.03724787e-01 -1.73979446e-01 -3.89984041e-01
  1.05054297e-01 -4.06380087e-01 -2.28427779e-02  9.06861573e-02
 -1.99103817e-01 -1.66494742e-01  2.53965884e-01 -8.31622109e-02
 -2.95609951e-01  7.66281486e-02 -1.89088240e-01  2.16593280e-01
 -1.05295256e-02  1.92863315e-01 -2.46624053e-01 -7.36581922e-01
 -6.68454885e-01  1.53523594e-01  1.62854731e-01  1.69706754e-02
 -4.62951362e-01  3.33336711e-01 -2.92251855e-01  3.58274668e-01
  3.38005960e-01  4.42474961e-01 -2.91267037e-01 -3.03502560e-01
 -3.53537560e-01  3.23735535e-01  2.82929122e-01 -9.15389434e-02
 -1.75312623e-01 -4.67682272e-01  1.64385363e-01  1.34649038e-01
 -4.42312837e-01  9.67956036e-02 -1.39187291e-01  6.48608625e-01
 -3.97078618e-02 -1.59846812e-01 -2.53886968e-01 -6.38386071e-01
  7.89156705e-02 -8.54528099e-02  2.54754603e-01  9.89833549e-02
 -3.24334204e-01  1.43080607e-01 -2.32915238e-01 -3.56462330e-01
  1.02784388e-01  2.76890486e-01 -3.18893880e-01  8.76443386e-01
 -2.85117447e-01  6.30542263e-02  5.69943249e-01  3.91576618e-01
 -3.98441225e-01  2.92969435e-01  2.51048923e-01  3.46937567e-01
  4.38345283e-01 -2.63639092e-01  1.75802618e-01  6.37234390e-01
  6.20617568e-02  4.89996850e-01  2.63442606e-01  1.88494578e-01
  1.00585274e-01  5.90886295e-01  5.55005610e-01  7.33949602e-01
  3.01001310e-01 -3.43335152e-01  5.00806533e-02  2.68896341e-01
  4.46986854e-01  2.31619105e-01  3.13695908e-01 -5.93590736e-01
 -6.11111848e-03 -2.24852040e-01  2.15833895e-02 -6.38685599e-02
  2.72835732e-01 -3.05014640e-01 -1.88641906e-01  4.10682037e-02
 -1.33700579e-01 -1.17594734e-01  1.64533272e-01 -3.79234791e-01
 -1.36827324e-02 -4.53405052e-01 -1.51211515e-01 -7.35498369e-01
  2.08937928e-01 -2.01926902e-01 -1.95111409e-01  6.64365649e-01
 -8.06749389e-02  1.93651304e-01 -1.68233156e-01 -5.78627706e-01
 -8.63688767e-01 -5.78569829e-01 -1.07736632e-01  7.04155922e-01
  5.88181317e-01 -7.45659769e-02  1.79060221e-01  5.25111556e-01
  2.50659406e-01  4.12462294e-01  1.57410830e-01  3.48495960e-01
 -3.53809148e-01 -4.02734399e-01  5.56166053e-01 -3.23269120e-03
 -5.00005744e-02 -5.67764267e-02  5.39637566e-01  2.04771265e-01
 -2.07519755e-01  5.01338005e-01  2.38741606e-01  1.70733929e-01
  6.99376762e-02  7.66363382e-01  1.18161114e-02 -5.86142182e-01
 -8.61167014e-01 -1.38440445e-01 -6.18503392e-01  2.19616920e-01
 -4.59072590e-01  6.19849443e-01 -4.46947105e-03  2.17116296e-01
  3.87898088e-01 -2.12497994e-01  1.40855059e-01 -7.15549588e-01
 -2.68750787e-01 -6.20127320e-02  1.47290947e-02 -8.14034939e-02
 -1.75518453e-01  2.29930595e-01 -6.10323489e-01 -6.31057501e-01
  1.71859533e-01 -4.53166574e-01  7.35765338e-01  2.59308606e-01
  1.98752582e-01 -1.23523995e-01  3.81315440e-01  5.03578298e-02
 -1.35161996e-01 -7.68967330e-01  3.92617434e-01 -6.43246844e-02
 -4.20342356e-01 -2.33181566e-02 -8.91819522e-02 -5.95490873e-01
 -4.39379811e-01 -3.94754142e-01 -1.84425384e-01 -3.75927567e-01
 -5.30730367e-01  2.09036112e-01 -1.57520652e-01  7.15329424e-02
 -1.29061699e-01  4.82911676e-01 -4.35601532e-01  2.91576117e-01
 -7.29819953e-01  3.35105658e-01 -6.40949190e-01 -9.48633403e-02
 -6.31974414e-02 -3.41346890e-01 -4.44250852e-01 -3.95514250e-01
 -1.38266921e-01  5.76125264e-01  2.62405366e-01 -1.72705904e-01
 -5.69435418e-01  1.49088740e-01 -2.58043766e-01  1.36819229e-01
  4.62164849e-01  1.36330351e-01 -1.63418509e-03  3.11880618e-01
  4.15723115e-01 -1.28348678e-01  2.41879076e-02 -1.07980743e-01
 -1.69175193e-02 -8.13083231e-01 -6.53277189e-02 -1.74520656e-01
  3.46210748e-01 -3.70300412e-01 -1.86801478e-01  6.85641587e-01
 -4.23173457e-01  5.92816889e-01  1.72281384e-01  2.52265394e-01
 -1.44581926e+00  3.85023117e-01  1.90219432e-01  2.97844350e-01
  8.77886042e-02  1.45401657e-01  1.11027993e-01 -5.74938990e-02
 -6.78434014e-01 -7.60268331e-01  7.41028190e-01  4.46878314e-01
 -2.33668759e-01  2.00399145e-01  4.54014122e-01 -1.06233016e-01
  2.08326623e-01 -2.76969552e-01 -3.36054385e-01  3.22804064e-01
  4.57792461e-01 -4.67718914e-02  2.76760478e-03 -4.14963007e-01
 -6.25007808e-01  5.21641970e-01  1.65115684e-01 -3.09191048e-02
 -8.05808425e-01 -3.20819281e-02  5.92415571e-01  8.43997777e-01
  3.92516553e-01  6.69855714e-01  2.77556330e-01 -3.47468078e-01
  5.76897085e-01  5.22862792e-01  4.86821592e-01  3.57853249e-02
  1.69018611e-01 -3.01421285e-01  4.69983786e-01  2.59584159e-01
 -1.95665166e-01 -5.30209802e-02  3.26360971e-01  3.86536181e-01
 -4.39108610e-01 -8.63753352e-03  6.73512280e-01 -5.43981791e-02
  3.62797439e-01  5.08806467e-01  8.52006793e-01  9.19913948e-02
 -1.24715783e-01 -4.45874661e-01  3.89481150e-02 -4.72150475e-01
 -4.64070290e-02  2.49437928e-01  6.43545926e-01  1.80078059e-01
 -3.93484175e-01 -4.67068553e-01 -3.88526499e-01 -4.55216765e-01
  2.36079320e-01 -3.04135948e-01 -5.05308151e-01  1.08156547e-01
 -3.48840982e-01 -2.52555817e-01  5.02934605e-02  2.95357853e-01
  4.80964005e-01 -4.88614053e-01 -2.77517438e-01  1.84798762e-01
 -1.73088774e-01 -9.53997746e-02  1.68650150e-01  6.75341263e-02
 -2.79203564e-01 -3.37671582e-03 -3.07510078e-01 -4.16349381e-01
 -1.23659872e-01 -1.28648296e-01 -7.28284359e-01  3.61377001e-01
 -3.37164178e-02  3.18481117e-01 -1.11765340e-01  2.12363601e-01
 -5.79021797e-02 -6.12405641e-03 -6.83400095e-01  2.51117557e-01
 -5.14046490e-01  5.09802341e-01  2.02501014e-01  3.70196730e-01
  2.70219278e-02  2.29741096e-01 -1.73004437e-02  2.23613024e-01
 -5.74088037e-01  1.03956148e-01 -3.94132435e-01 -1.11431397e-01
  5.26212454e-01 -6.53336525e-01  3.76909375e-01  1.18666455e-01
 -5.49459457e-01  7.20542371e-01 -3.26295465e-01  2.80928705e-02
 -1.27219662e-01  3.66679519e-01 -4.74165112e-01  1.33520305e-01
  5.62403500e-01  8.15480411e-01 -3.18196118e-01  4.57316011e-01
  2.00192392e-01 -1.78305805e-01  5.11981130e-01 -3.31428885e-01
  4.66658995e-02  6.66111999e-04  9.05242860e-02  4.37036812e-01
  1.26744494e-01  4.23158169e-01  2.31924251e-01 -5.15421033e-02
  2.10968688e-01  1.31144881e-01  3.46457288e-02  2.26193637e-01
 -4.26744789e-01 -5.13709113e-02 -1.42823681e-02 -1.93165302e-01
  1.01279892e-01 -5.32419123e-02  6.21730506e-01  2.30820462e-01
  3.73899966e-01 -3.55054617e-01 -5.41763544e-01 -3.83245200e-01
 -9.60799813e-01  1.31556511e-01 -7.90663213e-02 -1.63276196e-02
  6.90846264e-01  5.88578545e-02 -7.22112656e-01  2.35836729e-01
  2.72128489e-02  2.91976184e-01  4.03083205e-01 -2.15442598e-01
  7.09559470e-02  3.98972124e-01 -1.26126707e-01  1.62863761e-01
  1.12107601e-02 -3.19076516e-02 -1.29413649e-01 -7.25190401e-01
 -7.46306777e-02  9.69066843e-03 -1.38259888e-01  4.86339219e-02
 -4.86963317e-02  5.17931938e-01 -3.24877322e-01 -4.77065593e-01
 -2.66946048e-01 -9.78841260e-02 -1.59749001e-01 -5.27204216e-01
 -8.82906318e-02 -2.66705990e-01 -3.70777920e-02  5.53722858e-01
  1.26212314e-01 -1.79925904e-01  3.51804793e-01  8.11239600e-01
  3.29001725e-01 -2.76133955e-01 -1.77328452e-01  2.83513945e-02
 -2.39449125e-02  1.81579497e-02  3.36701691e-01  1.05576985e-01
 -5.92071339e-02 -2.49660667e-02 -6.41791821e-01 -3.77359599e-01
 -4.98495139e-02 -1.00686407e+00  7.86765099e-01  1.42199829e-01
  3.27162951e-01 -5.91947615e-01 -4.25616086e-01 -5.56285195e-02
 -9.50140357e-02  6.57174364e-02  3.92176419e-01  2.68515050e-01
 -4.43358719e-01 -1.54498905e-01 -6.50962949e-01 -7.22716451e-01
  2.66091764e-01  5.06580889e-01 -4.47363377e-01  7.18003884e-02
  3.01400125e-01  9.06874165e-02 -8.54358301e-02 -1.14973076e-01
 -2.02326894e-01 -3.82802844e-01  3.16183567e-01  3.47123623e-01
  2.67594904e-01  3.91975075e-01  1.17510473e-02  3.49306107e-01
  4.06838328e-01  6.52106583e-01  6.77609265e-01  2.06728265e-01
 -2.95980304e-01 -3.38719860e-02 -3.01791042e-01  2.97948092e-01
  3.51940691e-01 -6.79865256e-02 -8.16438615e-01  1.29637510e-01
  3.59595239e-01 -4.22446281e-01  3.53436232e-01  4.15180892e-01
  4.23547804e-01  5.95414937e-01 -3.82038802e-01 -7.82274976e-02
 -7.61259735e-01  1.75590232e-01  1.18746981e-01  2.82905460e-03
 -3.04479867e-01  3.16141918e-02  9.14571509e-02 -4.56850737e-01
 -2.21329153e-01  2.10730210e-01  2.45994300e-01  1.57623172e-01
  3.49374592e-01 -4.12948579e-01  5.97092390e-01  4.30367559e-01
 -2.68079549e-01 -2.92229682e-01 -1.48793817e-01  2.31118336e-01
  4.30457860e-01  1.59084797e-01  3.57093871e-01 -3.77342790e-01
 -8.44543278e-01 -2.18009446e-02 -1.30999135e-02  2.65737385e-01
  7.06270576e-01 -8.16599965e-01 -4.97601070e-02  5.13370395e-01
  8.08049083e-01 -5.22131585e-02 -2.97910810e-01 -5.25259852e-01
 -1.88427538e-01 -1.35287687e-01 -3.31186384e-01  3.62425178e-01
  4.46477719e-02  5.87640524e-01 -3.18144932e-02 -1.16054967e-01
 -1.95367426e-01  8.12337279e-01  4.07300919e-01  6.72218297e-03
  2.08169505e-01  3.49424258e-02 -4.43483621e-01 -7.18753934e-02
  2.72153318e-01 -3.70367467e-01 -1.54869959e-01  1.74514607e-01
 -3.93838197e-01 -1.14709832e-01 -1.86655268e-01 -5.02172261e-02
  3.51100236e-01 -1.54087305e-01 -4.24016178e-01 -3.41828108e-01
 -5.34637272e-02  3.64018321e-01 -8.19524467e-01 -1.77215248e-01
 -2.28437096e-01  1.85579330e-01  4.22203019e-02 -1.65699080e-01
 -4.80414540e-01 -5.62826455e-01 -4.52997953e-01  1.40648350e-01
  1.40121818e-01 -4.81932133e-01  4.71815914e-01  1.96079716e-01
 -1.48388878e-01 -1.19142509e+00  4.96811807e-01  1.02793932e-01
  7.11098373e-01 -2.55843937e-01  3.21620345e-01 -1.03126299e-02
  1.24622777e-01 -1.62571281e-01 -4.50742304e-01  6.66210949e-01
 -1.04435930e+01 -3.57222646e-01 -5.08106053e-01 -1.70224175e-01
 -3.90432179e-01  4.77056652e-01  1.89552546e-01  4.22308922e-01
 -4.48839180e-03 -6.46698475e-02  6.86290264e-02  1.07366987e-01
  1.40162811e-01  1.49776787e-01 -2.20811665e-01 -7.43995681e-02
 -3.73730332e-01 -2.49499276e-01 -6.55974090e-01 -6.84830919e-02
  1.96705148e-01 -3.56589913e-01  2.96620339e-01  3.35487694e-01
  1.99687496e-01  7.04082847e-02  3.58760089e-01  5.80973513e-02
 -3.10387552e-01  5.27437508e-01 -9.37580168e-02  2.01940879e-01
 -1.02422178e-01  2.93562889e-01 -5.40420711e-01  2.52985451e-02
  9.93592367e-02 -1.66584421e-02 -2.29644433e-01  5.84807038e-01
  2.08952114e-01  4.40937787e-01  3.92607786e-02 -2.71267653e-01
  3.37653905e-01  3.44211668e-01  2.34188393e-01 -8.45958963e-02
  4.30568844e-01  7.24609494e-02  8.71606618e-02 -1.99142188e-01
 -1.00829452e-01  3.45502868e-02  1.31053835e-01 -3.51088084e-02
  3.42283726e-01 -8.66864383e-01 -1.78458676e-01 -9.74012390e-02
  2.31044665e-01  8.35519806e-02  1.22753024e+00  3.87448698e-01
  5.01337796e-02  2.66884863e-01  2.13528678e-01  2.18898375e-02
 -4.01895314e-01 -3.08612972e-01  4.91428465e-01  2.12013632e-01
 -2.32747510e-01  1.83431536e-01 -8.17566887e-02  5.74736416e-01
  3.35067958e-01  1.57740995e-01  2.36426964e-01  1.89588703e-02
  5.00497401e-01  1.82547957e-01  5.91266863e-02  2.70417303e-01
 -7.46211171e-01  2.68312404e-03  3.72308880e-01  1.89852014e-01
  4.80819434e-01 -5.40397644e-01  6.07325137e-01 -3.68746966e-01
 -2.22947985e-01  4.32999194e-01  3.82213861e-01  5.22193760e-02
  4.58044559e-02  1.62065029e-01  4.00699943e-01 -5.65884411e-02]"
ト,"[ 8.99626017e-01  3.09130698e-01  8.12819600e-01 -2.52838045e-01
 -1.02191545e-01  4.98119444e-01  1.28011823e-01  3.84045631e-01
 -2.90893018e-01 -4.94917482e-01  3.34161967e-01 -8.03521991e-01
  1.98937848e-01  1.80991024e-01  1.72163859e-01  1.53083757e-01
 -1.55420294e-02 -4.07430083e-01 -6.06828146e-02 -5.70345938e-01
 -1.05462205e+00 -3.69774103e-02 -2.99121857e-01  2.88921654e-01
  1.64684922e-01 -3.17931592e-01 -2.96225250e-01 -4.27190632e-01
  4.81976777e-01 -1.96193174e-01 -4.64893669e-01 -2.52728481e-02
 -4.99696463e-01  4.20471579e-01 -5.73658884e-01  4.70495373e-01
 -1.89029321e-01 -4.81578887e-01 -1.68175131e-01 -4.40656513e-01
  1.58372581e-01 -3.77393633e-01 -6.15124628e-02 -4.39044535e-02
 -2.49826297e-01  6.91761911e-01  3.02302465e-02  1.57639518e-01
  2.64520466e-01 -2.30485395e-01 -4.33412760e-01  5.70295215e-01
  2.43365094e-01  4.13600355e-02  1.60774872e-01 -3.35617214e-01
  5.27781010e-01 -6.63308382e-01 -1.52849331e-01  2.85274893e-01
 -1.86185688e-01 -4.66750264e-01  5.34498334e-01  5.56747764e-02
 -4.27642874e-02  2.61713505e-01  2.38973334e-01 -3.03214014e-01
  5.03926456e-01 -4.78005111e-01 -3.23481590e-01 -6.11474849e-02
  1.53870717e-01 -7.27557003e-01  4.14120704e-01 -1.88103765e-01
 -1.65740192e-01  6.86811149e-01  4.23703194e-01  6.94168955e-02
 -1.51477650e-01  3.23479325e-01  2.86183327e-01 -4.03200388e-01
 -1.32090747e-01  2.48237893e-01 -7.42134675e-02 -8.61447632e-01
  4.73762363e-01 -5.37233055e-01  2.12232053e-01  5.28571367e-01
  1.82535738e-01 -1.86836809e-01 -1.26927853e-01  5.09512424e-02
  1.52612090e-01 -1.85964629e-01 -1.84329093e-01  4.22969580e-01
 -2.29341313e-01  2.26301216e-02  5.04482448e-01  1.65389150e-01
  9.82902199e-02 -3.06381434e-02 -3.70443106e-01  3.07672858e-01
 -2.13690158e-02 -1.75011188e-01 -8.14728320e-01 -1.68397203e-01
 -6.69846117e-01  1.15789987e-01  6.15226984e-01  1.75114721e-02
 -4.29243505e-01  5.62646508e-01 -1.70351088e-01  8.91097963e-01
  2.70106524e-01  4.71162826e-01  5.26042402e-01 -1.01900108e-01
 -1.46015212e-01  4.65556413e-01  1.11426368e-01  1.39247924e-01
 -1.97803929e-01 -4.80518281e-01 -1.41790405e-01 -3.80159944e-01
 -4.30925906e-01 -1.05294883e-01 -1.31211266e-01  8.66150022e-01
 -1.17298007e-01 -1.05071090e-01 -8.86020735e-02 -3.38887304e-01
 -2.61299282e-01 -5.80046475e-02 -4.54300120e-02 -4.78907943e-01
  3.12525541e-01  2.26834834e-01 -6.36539400e-01 -4.46528852e-01
  8.86500403e-02  3.68395716e-01 -2.48668656e-01  9.40183282e-01
 -5.58526039e-01 -3.16474199e-01  2.97910213e-01  4.51019078e-01
 -1.07402515e+00  1.29828742e-02  4.86247154e-04  4.11834180e-01
  3.13365579e-01 -4.94157404e-01  2.59256005e-01  3.56339186e-01
  2.30564162e-01  1.03045143e-01  6.44856036e-01  2.65142113e-01
 -2.47644693e-01  4.87953365e-01  4.01362002e-01  4.36599910e-01
  3.12357664e-01  1.46875605e-01 -2.14014605e-01  5.56785762e-01
  1.22893667e+00 -2.67826263e-02  1.28810678e-03 -5.75258434e-01
  1.05961971e-01 -2.91204476e-03  3.11054409e-01 -3.85678023e-01
  4.33442652e-01 -1.18277624e-01 -2.91570544e-01  1.60813645e-01
 -7.25029260e-02  4.13998485e-01  4.70968429e-03 -4.30829793e-01
  3.36559206e-01 -4.92761314e-01  2.82448381e-02 -5.52854419e-01
 -1.86306298e-01 -2.00989917e-02 -6.82114601e-01  3.97153467e-01
  5.63734621e-02  4.08522971e-02  1.56798348e-01 -5.98982811e-01
 -7.96501637e-01  1.13421224e-01  2.78274883e-02  4.85289931e-01
  6.98265061e-02  4.07788187e-01 -1.91256851e-02  1.33014634e-01
  2.97225356e-01 -2.15060953e-02  1.03081562e-01  1.71573520e-01
 -1.31121010e-01 -2.84414679e-01  5.81150353e-01 -2.70970851e-01
  2.74195015e-01 -2.46319801e-01  1.56673074e-01  6.16434067e-02
 -2.60170233e-02  3.48230660e-01  1.17271163e-01 -4.90546934e-02
 -3.14342588e-01  6.52653635e-01 -7.90711701e-01 -6.64200902e-01
 -6.16480112e-01 -1.17326327e-01 -5.15593350e-01 -2.54892409e-01
 -4.16550845e-01  5.43952212e-02 -5.30211806e-01  4.01339978e-01
 -9.04225931e-02 -4.33952630e-01  7.31585398e-02 -4.79508638e-01
  3.59326661e-01  1.97224483e-01 -1.94645122e-01  1.71052217e-02
 -2.69402802e-01  8.62214193e-02 -1.98182613e-01 -5.65648854e-01
 -1.88872859e-01 -3.54779840e-01  4.44142133e-01  3.75066459e-01
  7.66671360e-01 -3.71058345e-01  2.08314702e-01 -4.45646912e-01
  8.60977173e-02 -8.17036331e-01  7.69248456e-02  3.51320356e-01
 -3.56194153e-02 -1.66098416e-01  1.11983135e-01 -3.10074598e-01
 -5.34000635e-01 -6.22278094e-01  4.79826301e-01 -1.23068191e-01
 -3.81958820e-02  1.97971746e-01  2.61708885e-01  1.83784395e-01
 -5.93885005e-01  4.24991667e-01 -3.40074569e-01  1.60141319e-01
 -2.72818029e-01  9.94215533e-02 -4.92255628e-01 -1.91739321e-01
 -1.53679281e-01 -2.74819732e-01 -2.93030590e-01  3.37580182e-02
 -1.70226291e-01  7.82295763e-01  2.69750297e-01 -1.40096873e-01
 -5.41143298e-01 -5.72116487e-02 -5.61044812e-01 -1.29166275e-01
  7.43155122e-01  3.01424980e-01 -4.52632338e-01 -4.04601306e-01
  4.50013041e-01  6.75762653e-01  1.35520339e-01  2.14814499e-01
  8.92589092e-02 -2.07424521e-01 -7.33067617e-02  1.04055308e-01
  3.89632612e-01 -3.18750441e-01  6.55990914e-02  1.19231296e+00
 -1.17146619e-01  5.98960221e-01  9.55635726e-01  5.44395387e-01
 -1.67826998e+00 -3.91641974e-01  1.47798436e-03  1.30741745e-01
 -1.55465066e-01 -1.16698839e-01 -8.08823630e-02  9.40475464e-02
 -8.27659070e-01 -5.04253268e-01  1.09051144e+00  1.15575045e-01
  1.31501377e-01 -3.72791499e-01  3.98138255e-01  3.29233408e-02
  4.50891629e-02 -6.06540740e-01  2.72047132e-01  7.78252006e-01
 -4.68925446e-01 -4.88193221e-02  9.48868021e-02 -3.24022621e-01
 -1.34525299e-01  3.21229577e-01 -3.16337049e-01  2.51150876e-01
 -8.34790051e-01 -1.96822479e-01  6.89413249e-02  9.33955431e-01
  1.29180372e+00  4.05727178e-01 -4.61466789e-01 -4.83234137e-01
 -1.83431745e-01  1.00015514e-01  2.59024471e-01 -8.70351344e-02
 -1.09344102e-01  1.27193689e-01  4.87373739e-01 -3.20596062e-02
  2.22172901e-01 -1.66737363e-01 -1.32942006e-01  3.17806453e-01
 -2.75816202e-01  5.95494866e-01  2.11978033e-01  1.27813131e-01
  3.23974460e-01  3.31538260e-01  7.66826868e-01  6.09129012e-01
  1.79222867e-01 -5.11933386e-01 -3.55118234e-03 -9.23794031e-01
 -5.94412744e-01 -2.40034178e-01 -9.67190489e-02  1.30277455e-01
 -3.99640262e-01 -1.69895098e-01 -1.95181847e-01 -3.73859793e-01
 -1.10854588e-01 -5.88168204e-01 -2.05114901e-01 -2.99755353e-02
  3.70233357e-02 -6.16972983e-01  8.13226283e-01  2.27785066e-01
  7.61696756e-01 -6.16658092e-01 -1.13706803e+00 -4.57379431e-01
 -2.37596110e-01 -4.57825750e-01 -3.20100307e-01 -1.85513869e-01
 -2.29515731e-01  1.11196496e-01 -3.18417341e-01 -6.73927009e-01
 -2.21602336e-01  5.88685088e-02 -6.55642986e-01 -3.78350019e-01
 -1.48760632e-01  7.30361760e-01 -3.65097523e-02  6.32442236e-02
  2.21974254e-01  4.87446129e-01 -8.68142784e-01 -3.37770432e-01
 -1.46214664e-01  2.02308863e-01  4.39344458e-02  3.58733475e-01
  2.62200624e-01  2.86132336e-01  4.01499033e-01  1.97038949e-01
  1.06132023e-01 -1.37743041e-01 -5.15969634e-01 -5.93289256e-01
  9.53447282e-01 -8.15913603e-02  1.39916599e-01  1.91599995e-01
 -7.44230524e-02  7.73496866e-01 -5.61773062e-01 -8.59278023e-01
  4.87609535e-01  2.97745466e-01 -1.38086542e-01  4.55865443e-01
  5.77549815e-01  4.23217088e-01  3.90843302e-01  8.45097601e-02
 -2.76515007e-01  2.23067284e-01  2.01519027e-01  1.33279309e-01
  3.52059215e-01  6.28231913e-02  1.76427588e-02  6.78996623e-01
  4.15868491e-01  6.63650930e-02  1.07721007e+00  5.28899491e-01
 -3.77829343e-01  1.20796980e-02  4.82678950e-01  2.99049854e-01
 -5.17146230e-01  3.97621453e-01 -3.37439507e-01  1.87507376e-01
 -3.26333269e-02  2.22569183e-01  5.19824684e-01 -1.94388524e-01
  3.46271485e-01 -7.45414615e-01 -5.75294614e-01 -6.53049767e-01
 -8.48182738e-01  2.05743983e-01 -4.62834895e-01 -3.37220460e-01
  3.66290301e-01 -2.50895083e-01 -6.35367036e-01  7.55000234e-01
  7.01274455e-01  2.87930593e-02  1.10016897e-01  2.69115239e-01
 -7.33719915e-02  4.13772017e-01 -2.69890875e-01 -6.63285479e-02
  2.50661373e-02  3.47682536e-02 -5.36447287e-01 -7.33136177e-01
  7.86415488e-02  2.48679623e-01  1.83060080e-01 -1.57535583e-01
  5.04047334e-01 -3.35959494e-02 -4.72213358e-01 -2.45352775e-01
 -2.87816465e-01 -2.98260450e-02 -4.14882779e-01 -2.74765026e-02
  9.63166431e-02 -1.06028959e-01  3.53896618e-02  4.74916518e-01
  1.50138795e-01 -3.99721593e-01 -3.32643658e-01  8.00883949e-01
  4.44564342e-01 -1.05853133e-01  1.44554213e-01 -2.01462284e-01
 -3.95758748e-01 -1.20203398e-01  1.63898189e-02 -7.12101236e-02
 -2.09608704e-01 -1.26847610e-01 -1.15579259e+00 -5.63615322e-01
  2.52002478e-02 -7.06640601e-01  4.37087625e-01 -1.16956551e-02
  7.33008742e-01 -3.83739263e-01 -6.87164590e-02 -1.17376678e-01
  2.67198443e-01 -1.68773517e-01  2.39844620e-01 -6.29022717e-01
 -8.16435933e-01  9.99794975e-02  7.74521083e-02 -6.94360316e-01
  1.11573601e+00  7.03531802e-01 -6.90635681e-01  6.14769280e-01
  5.53005159e-01  3.60482901e-01 -1.61894426e-01  1.61296278e-01
 -1.40763208e-01 -4.54352111e-01  1.97117582e-01 -3.16789925e-01
  3.72317046e-01  3.43469024e-01 -2.14494511e-01  7.60695636e-02
  1.80298641e-01  5.86565018e-01  4.35890198e-01  1.29675090e-01
 -4.75987107e-01 -1.92739651e-01 -4.09152061e-01  2.28484273e-01
  1.77847773e-01  2.95332909e-01 -8.87520969e-01  2.95780212e-01
  4.66156721e-01 -9.19750035e-01  6.38210177e-02  7.04369962e-01
  3.57109666e-01  6.62393451e-01 -4.23906557e-02  2.60558426e-01
 -5.48196018e-01  6.80386201e-02  2.34804451e-01 -1.33400872e-01
  1.63578670e-02  2.67415076e-01  6.07450455e-02  2.23846003e-01
  4.69166040e-01 -3.76796544e-01  2.27762952e-01 -2.87558526e-01
  2.12431088e-01 -2.10115805e-01  4.80375648e-01  2.48125166e-01
 -8.25944245e-02 -2.18683198e-01  3.41552585e-01  7.71987259e-01
  7.39031672e-01  2.73281604e-01  9.11938250e-01 -7.18496621e-01
 -7.05155671e-01 -1.74789429e-01  3.21191400e-01  1.36348441e-01
  4.62974101e-01 -2.58111656e-01 -1.37334555e-01  7.52277195e-01
  6.41154826e-01  4.12623677e-03 -4.81312066e-01 -5.00517607e-01
  3.66972655e-01 -5.30138254e-01 -5.77765778e-02  2.19853371e-01
  3.30424547e-01  4.32010472e-01  7.65517116e-01  2.92407453e-01
 -9.45353732e-02  8.79786551e-01  2.12729037e-01 -1.42062649e-01
  1.03762209e-01  1.58136964e-01  4.46179183e-03  8.95058513e-02
  3.23258340e-01  1.36007577e-01 -4.35149133e-01  8.35486412e-01
 -3.74740899e-01 -1.31133512e-01 -6.71191216e-01  1.26324356e-01
  4.33586597e-01 -3.72951537e-01  1.45223677e-01 -6.10945046e-01
 -1.69614539e-01 -5.45045376e-01 -9.75249231e-01 -1.89746499e-01
 -5.56456298e-02  8.49890858e-02 -5.49978912e-02 -1.29346743e-01
 -6.49682164e-01 -7.52420902e-01 -6.17382936e-02  2.36525238e-02
 -8.50414097e-01 -6.97885513e-01  4.98856932e-01  1.43545479e-01
 -4.41159159e-02 -1.50195539e+00  6.31375909e-01  9.69351362e-03
  8.32421124e-01 -8.72243047e-02  5.30750990e-01 -2.11050898e-01
 -2.41971403e-01 -1.67467460e-01 -3.99953127e-01  1.12231776e-01
 -1.00346336e+01  4.55579847e-01 -1.16390549e-01 -6.31056190e-01
 -1.22162156e-01 -2.01925635e-02  8.68137896e-01  7.52472460e-01
 -1.83003202e-01  1.34782746e-01 -9.73465070e-02  9.74884927e-02
  4.56096269e-02  1.63631707e-01 -2.73651779e-01 -3.43795449e-01
 -4.24158305e-01 -3.49126875e-01  5.31329364e-02  1.15124106e-01
 -6.26486123e-01 -4.84989077e-01  4.31291103e-01  1.05775960e-01
  1.45779103e-01 -2.70539910e-01 -1.57117948e-01  1.82940036e-01
 -3.97707969e-02  4.37644571e-01 -8.50439608e-01  4.65572447e-01
 -8.45106989e-02  1.19136795e-01 -2.89523482e-01  5.75840890e-01
  3.72167118e-02  3.85308683e-01  3.11250966e-02  8.96248519e-02
  3.67806524e-01  1.88829958e-01 -2.36845851e-01  4.48492356e-02
  1.81413159e-01 -5.44901490e-02  5.02706349e-01 -7.99727812e-02
  9.43412006e-01 -2.76128918e-01 -1.61216095e-01 -8.11537206e-02
  1.43149704e-01  2.87773386e-02  4.47222948e-01 -6.66476712e-02
  5.20835578e-01 -4.71732229e-01  2.05351755e-01 -5.04164547e-02
  1.73646837e-01  3.20107609e-01  2.75486171e-01  1.07672417e+00
  4.56274122e-01  2.04708472e-01 -3.01561668e-03  2.27824971e-01
 -8.44179928e-01  3.12729955e-01  5.76669164e-02  6.24740243e-01
 -2.49056190e-01  3.32588702e-01  1.88772231e-01  4.92160767e-01
  4.51239124e-02 -1.47628367e-01  9.78325605e-02 -3.59121740e-01
  4.53637153e-01 -7.23876357e-01  1.80109844e-01  6.21484101e-01
 -3.10626328e-01  2.80472219e-01  2.93616146e-01 -3.37920964e-01
  9.26949605e-02 -7.59903967e-01  5.06849766e-01 -2.92546540e-01
 -5.44286609e-01  2.03327000e-01  1.20504670e-01  1.44687556e-02
 -2.13957325e-01 -4.91808243e-02  4.83002901e-01 -2.58737773e-01]"
イ,"[ 2.50548184e-01  4.48937267e-01  1.49297416e-01 -5.58641434e-01
 -1.36049360e-03  9.18458104e-02  3.72122318e-01 -2.34025866e-02
  8.32772255e-02 -4.97295290e-01  9.22433853e-01  7.10767582e-02
 -3.67893755e-01 -5.82557209e-02  4.59260195e-01  4.77102995e-02
  3.02615255e-01 -9.85034108e-02 -3.38973910e-01 -3.08446378e-01
 -4.29474026e-01 -4.62878853e-01  3.21236649e-03  1.25402525e-01
  4.18089509e-01 -4.00412738e-01 -9.11752507e-02  2.27680996e-01
 -1.43591851e-01 -1.56664610e-01 -3.75716507e-01 -3.74419689e-01
 -1.87974006e-01 -2.18470380e-01 -2.78684914e-01  8.27848911e-01
  1.41053796e-01 -2.76184261e-01  4.95626181e-02 -3.05525046e-02
 -2.75077790e-01 -1.03702962e-01  1.34631038e-01 -2.77510285e-01
 -3.40850383e-01  5.33725679e-01  8.50845575e-02  2.99998224e-01
  3.01730722e-01 -2.98516285e-02 -4.11128640e-01  4.12371367e-01
  2.30536029e-01 -5.54429591e-02 -2.61237088e-04 -1.30602717e-01
 -1.06849350e-01 -1.77051768e-01  1.52675107e-01 -1.06077278e-02
 -8.04195479e-02 -2.17927918e-01  1.38151884e-01 -6.45262748e-02
 -4.89816844e-01 -2.55414426e-01  1.58404615e-02  8.91135074e-03
 -1.77109227e-01 -5.93673766e-01 -3.99504185e-01  2.75213420e-01
  1.36441067e-01 -4.09847617e-01  4.42099303e-01 -3.25954139e-01
  3.14410836e-01 -1.61171347e-01 -1.37885913e-01 -1.05943531e-01
 -2.27227271e-01  4.18201625e-01 -1.32867172e-01 -6.18982315e-01
  1.17178842e-01  5.95237687e-03  1.06585197e-01 -4.83482927e-01
  3.78091365e-01 -5.38670719e-01 -3.54409844e-01  2.72403359e-01
  5.72565138e-01  3.44812155e-01 -2.85803229e-01  7.02245161e-02
  1.58337325e-01 -2.32174933e-01 -2.50325263e-01 -1.26444459e-01
  5.01085997e-01 -3.91440392e-01  1.21531844e-01 -1.62783220e-01
 -1.63571373e-01  1.28945395e-01 -4.89772826e-01  5.72921038e-01
 -3.15574333e-02 -1.19167745e-01 -2.01856926e-01 -2.57736564e-01
 -3.56377959e-01  4.04012829e-01 -2.66229004e-01 -1.14951387e-01
 -1.68238834e-01  3.99795383e-01 -2.98424929e-01  1.94822043e-01
  2.34678298e-01  2.92861432e-01  6.76141456e-02  1.55305445e-01
 -9.61431861e-02  5.45691550e-01 -2.27928966e-01 -5.58218956e-02
  6.11917041e-02 -2.34988824e-01  2.70687819e-01  7.24034384e-02
 -3.39391261e-01 -1.39200687e-01 -5.78420401e-01  2.52620310e-01
 -1.55659407e-01  5.99726513e-02 -8.23525488e-02 -5.83877563e-01
  4.79102395e-02 -2.66819984e-01  2.30884418e-01  1.89756200e-01
  4.72326167e-02  3.04461829e-02  4.09246147e-01 -2.07717076e-01
  4.46753055e-01  1.35313988e-01 -5.19040711e-02  7.83359170e-01
 -3.72239619e-01 -2.98980087e-01 -2.79809713e-01  4.24865223e-02
 -3.43452454e-01  4.00078408e-02  6.53272718e-02  4.72722799e-01
  2.74603307e-01 -6.96615577e-01  7.82220960e-02  4.43041563e-01
  2.62496650e-01  7.81520724e-01  1.20959178e-01 -9.58712175e-02
 -2.41772830e-02  5.50421357e-01  2.61897832e-01  4.25607026e-01
  1.25510529e-01 -5.66315174e-01  2.34457389e-01  5.65372288e-01
  1.36234045e-01  1.51190206e-01  2.92226672e-01 -4.61350918e-01
  1.08596943e-01 -4.49336797e-01 -2.26929694e-01 -4.77954000e-01
  5.77559650e-01 -1.59313872e-01 -1.40749946e-01  4.92161028e-02
  4.04408202e-02  6.45688677e-04 -5.78388631e-01  3.01188584e-02
  5.47215581e-01 -4.30748194e-01 -4.94826287e-02 -1.22020781e-01
 -5.79941235e-02 -3.47213954e-01 -1.85375482e-01  5.23390710e-01
 -8.71587992e-02  2.89862871e-01 -2.70354658e-01 -2.00902432e-01
 -1.12464201e+00 -2.22978801e-01  2.93578357e-01  4.99000549e-01
  2.64169604e-01  1.19105786e-01 -4.83888686e-01  2.27860138e-01
  4.43124741e-01  4.85236853e-01  2.13789027e-02  5.02767190e-02
 -2.78068930e-01  1.79585114e-01  3.59902501e-01 -5.64133942e-01
  4.23757136e-02 -1.10955477e-01  7.74233863e-02  3.42142850e-01
 -2.29771048e-01 -1.03759691e-01 -2.96202395e-02  6.09361641e-02
 -1.47232220e-01  7.78218448e-01  2.73346543e-01 -9.64207575e-02
 -5.74971795e-01 -4.45089012e-01 -9.19788301e-01  2.41214693e-01
 -1.61082417e-01  2.24556953e-01  3.09266180e-01  2.97025204e-01
  2.58245766e-01 -2.68003106e-01 -1.42835811e-01 -2.70083547e-01
 -2.40813389e-01  3.36348623e-01  1.93774030e-01 -1.58180520e-01
 -5.90977848e-01  3.31599921e-01 -5.10832071e-01 -2.68380016e-01
  6.35851324e-01 -1.43599451e-01  5.74423790e-01  1.40938282e-01
  4.89772707e-01 -8.53540748e-02 -1.87461779e-01 -9.55950767e-02
  4.36156765e-02 -4.13839400e-01 -1.06972173e-01 -2.34485179e-01
  1.09996134e-02  1.04650222e-01  5.84264323e-02 -6.36326253e-01
 -7.37071559e-02 -3.16342860e-01  1.02464452e-01 -5.68891943e-01
 -7.04476461e-02  2.30291873e-01 -3.56901407e-01  2.50668466e-01
 -1.04109794e-01  3.35607588e-01 -2.99138874e-01 -8.98166895e-02
 -1.03467691e+00  4.62022066e-01 -7.32673287e-01  3.54275584e-01
  1.19880915e-01 -1.02041975e-01 -6.54364452e-02 -1.25603393e-01
 -1.99910551e-01  5.11823535e-01  1.64882660e-01 -2.88099885e-01
 -5.12577772e-01 -3.31790335e-02 -1.48431510e-01  8.92459005e-02
  1.57078892e-01 -2.20352858e-01  7.79311778e-03  1.18221991e-01
  5.48335910e-01  1.16938703e-01  1.51461095e-01 -1.68676421e-01
 -3.16606641e-01 -8.21139872e-01 -1.74249917e-01  1.65940970e-01
  6.09729469e-01 -3.89872491e-01 -1.51548386e-01  1.06592011e+00
 -1.71224177e-01 -2.75369376e-01  2.07378134e-01  4.92522776e-01
 -1.40063012e+00  1.89765319e-01  5.88225245e-01  8.27125367e-03
  5.32373041e-02  3.26102495e-01  3.05587888e-01  3.56416821e-01
 -5.22400737e-01 -3.92370522e-02  3.14461082e-01  3.73597950e-01
 -3.61708365e-03 -3.67071837e-01  3.96332085e-01 -7.00402111e-02
  7.45707527e-02 -6.12056315e-01 -3.19102615e-01  4.11913991e-01
 -8.74440968e-02  8.74632224e-02 -1.70665272e-02 -3.10056239e-01
  6.94663972e-02 -2.88684756e-01  2.69203126e-01 -3.25777143e-01
 -2.06082761e-01 -2.72670299e-01  2.63510078e-01  4.49198842e-01
  6.61635160e-01  5.16491294e-01  3.55158955e-01  2.68697768e-01
  4.47348505e-01  3.80298793e-01  4.60312426e-01  3.10991406e-01
 -1.06315635e-01  1.95352584e-02  5.47567546e-01  3.21961701e-01
  2.60394633e-01 -2.76618730e-02 -2.40978584e-01  6.40438259e-01
 -3.42877991e-02  4.84192222e-01  4.39171344e-01  6.22052073e-01
  3.92522663e-01  2.46110246e-01  4.16232944e-01 -1.99239522e-01
 -1.42119557e-01 -3.44763428e-01  2.17241168e-01 -2.86960572e-01
 -1.59542978e-01 -1.53736860e-01  2.50040978e-01 -1.45809427e-01
 -5.12594461e-01  1.40727222e-01 -4.43835914e-01 -1.36881182e-02
  1.92942649e-01 -2.21435457e-01 -5.87340951e-01 -4.13562387e-01
 -4.07140642e-01 -5.99370241e-01  4.87648457e-01  2.24278212e-01
  1.67591110e-01 -5.40347576e-01  1.19901717e-01  1.17969602e-01
  1.69764191e-01 -1.75971016e-01  1.14829168e-02 -1.52550280e-01
  2.82090437e-02 -1.22996107e-01  9.48477630e-03 -6.52793765e-01
 -4.27664936e-01 -5.18693566e-01 -8.45184565e-01 -1.18298441e-01
  1.16165116e-01  3.92276138e-01 -3.25253829e-02  1.95514411e-01
  1.77094415e-01  2.15909585e-01 -2.99488634e-01 -1.85980365e-01
 -8.11992049e-01 -1.56768765e-02  2.14666843e-01  2.32266650e-01
  2.32969046e-01  1.96242005e-01  1.09963231e-01 -4.82075438e-02
 -2.86134541e-01 -1.21539105e-02 -2.40013272e-01 -2.71101832e-01
  9.78989422e-01 -2.60523081e-01  4.55204725e-01 -1.96337432e-01
  1.22119568e-01  3.16756964e-01 -1.55484170e-01 -1.12817459e-01
 -9.07303840e-02  4.70662534e-01 -1.36885494e-01 -1.00792803e-01
  5.52294701e-02  4.65402246e-01 -3.23762983e-01  1.65308639e-01
 -6.53367415e-02  1.07103758e-01  2.05337912e-01 -7.62300417e-02
 -1.51009575e-01 -2.40501344e-01  1.47733510e-01  2.34147370e-01
  2.86229432e-01  2.51718760e-01  2.90646464e-01  6.03635311e-01
  4.65304367e-02  2.98180014e-01  2.58697182e-01  7.23807216e-01
 -2.89932221e-01 -2.15029269e-01 -4.93934572e-01 -8.92949179e-02
 -4.69449073e-01 -1.57416940e-01  5.62630594e-01 -2.20334351e-01
  2.11852729e-01 -1.33978590e-01 -6.52937293e-01 -6.51318654e-02
  5.19523630e-03  6.90673441e-02  7.03841001e-02  3.64892095e-01
  4.39906210e-01 -1.26997204e-02 -6.32700920e-01  5.94457984e-01
 -3.08315009e-01  5.14515579e-01  3.45945537e-01 -5.75061738e-01
 -2.74261087e-01 -7.64722601e-02  7.89083093e-02  5.09687886e-02
  2.43710428e-01  5.64227998e-01 -3.49140644e-01 -1.05415034e+00
 -1.87589705e-01  2.53937304e-01 -1.90228805e-01 -4.17483807e-01
  2.18119115e-01  1.22731857e-01 -9.40392911e-01 -6.61184728e-01
 -3.90708268e-01 -2.36801296e-01 -7.50048086e-02 -9.41760957e-01
  2.10737124e-01  9.18762311e-02 -6.85869977e-02  4.35755491e-01
  6.55624503e-03  5.23173697e-02  2.63327897e-01  4.12435800e-01
  3.27125221e-01 -5.27841270e-01 -8.82996395e-02  1.80286646e-01
 -1.07608419e-02  7.57314712e-02  4.33559537e-01  2.23505148e-03
  1.34608984e-01 -3.60789821e-02 -6.57026768e-01 -1.32698357e-01
 -3.95163506e-01 -8.62202346e-01  3.90648544e-01 -4.85257804e-02
  2.44066179e-01 -4.38990742e-01  3.58604819e-01 -2.36322448e-01
  4.19668891e-02  1.43683150e-01  1.25273690e-02  7.06452206e-02
 -6.10257745e-01  3.14744920e-01 -4.90727723e-01 -4.11903232e-01
  8.03740144e-01  6.32723987e-01 -2.77031273e-01  2.62137149e-02
  3.44409823e-01  4.50162590e-02 -3.13975930e-01  4.23781313e-02
 -2.82185283e-02 -5.54161631e-02 -1.43077955e-01  2.06894383e-01
  3.07502449e-01  2.10439786e-02 -2.29835853e-01 -2.39742830e-01
  5.74667513e-01  4.28124398e-01  2.77385592e-01 -1.01543844e-01
 -8.49071965e-02 -2.14944541e-01 -3.83535475e-01  1.77746221e-01
  1.37170434e-01  6.50477767e-01 -1.97822720e-01  9.01136279e-01
 -1.24171965e-01 -3.45695406e-01  2.91801929e-01  6.94676459e-01
 -1.00216694e-01  2.65137017e-01  1.18587442e-01  1.11891091e-01
 -8.89651358e-01  1.92576736e-01 -2.56352037e-01  2.20070198e-01
  1.24248847e-01  4.35625374e-01  4.67876673e-01 -6.21459007e-01
 -2.60323167e-01 -1.67298496e-01  1.88351333e-01  6.08341210e-02
  5.43614805e-01 -2.58542933e-02  9.34903026e-02  2.46212676e-01
 -1.92727745e-01 -2.98794582e-02  1.24369562e-01  7.80878812e-02
  8.33908319e-01  2.22439915e-01  8.71190205e-02 -2.11816251e-01
 -8.10535669e-01  3.45863700e-01 -6.89836740e-02  1.86973158e-02
  4.62515622e-01 -2.82231331e-01  1.24969304e-01  3.07149708e-01
  6.09694600e-01  1.46806642e-01 -2.99306214e-01 -7.93890119e-01
  1.00233920e-01 -2.04421189e-02 -9.92076397e-02  2.56079793e-01
 -4.15349118e-02  3.64851028e-01  2.03915536e-01 -1.63459256e-01
  3.52919996e-02  5.44714212e-01 -1.73364803e-01  3.65872378e-03
  3.04246575e-01  1.87192932e-01 -4.30703133e-01  9.28122667e-04
 -2.07629338e-01 -4.05075431e-01 -4.26637322e-01 -2.03930631e-01
 -2.27074519e-01 -5.35288043e-02 -1.84056550e-01 -7.97881931e-02
  2.25498512e-01  1.30450606e-01 -1.00639246e-01 -3.92300665e-01
 -3.50677848e-01  5.15872836e-01 -7.76475906e-01 -1.35777131e-01
 -1.23755664e-01  7.65950009e-02 -1.07487820e-01 -1.10861044e-02
 -3.66661578e-01 -1.66465893e-01 -1.05065398e-01  1.48900092e-01
  3.98935229e-02 -4.16027158e-01  2.04854488e-01  2.29957908e-01
 -1.17511697e-01 -7.88458526e-01  1.99353009e-01 -9.32439640e-02
  6.56968772e-01 -1.90095633e-01  2.81826943e-01 -2.75059789e-01
  2.35864297e-01 -3.13181818e-01 -1.30200773e-01  3.28198932e-02
 -1.05836725e+01 -4.90938015e-02 -4.45158988e-01 -1.26329452e-01
 -4.17215824e-01  4.06702816e-01  6.91445172e-01  2.89368570e-01
 -4.18654144e-01  3.56551111e-02  3.73300225e-01  3.36038560e-01
  2.67772228e-01  3.57701659e-01 -6.44478917e-01 -2.05714375e-01
  1.31649956e-01 -8.91802087e-02 -1.39646545e-01 -2.16188714e-01
  2.65375733e-01 -1.75341463e-03  2.89542437e-01  6.34695351e-01
  7.94324726e-02 -5.25712609e-01 -4.68636990e-01  2.96326786e-01
  3.42756063e-02  2.95155644e-01 -3.47007871e-01  1.42052948e-01
  4.79567125e-02  3.19089413e-01 -3.11677724e-01 -2.71849841e-01
 -1.24731869e-01  3.27666491e-01  1.14261262e-01  1.91989005e-01
  2.59902000e-01  6.57625675e-01  2.85983682e-01  8.54373276e-02
  2.72264183e-01  4.46437061e-01  5.17217338e-01  2.94055164e-01
  6.83405817e-01 -4.87478226e-02  2.03231443e-02  3.26814830e-01
 -1.70927256e-01 -1.00325570e-01  3.27387571e-01  4.90538143e-02
  7.69046783e-01 -6.56353056e-01 -4.45701927e-01  7.36973062e-02
 -4.54915389e-02  7.13259354e-02  9.17894423e-01  5.18121719e-01
  3.08233760e-02 -7.76502043e-02  3.12881738e-01  4.84794885e-01
 -5.00979424e-01 -2.22961918e-01 -3.55613269e-02  2.15073958e-01
  1.17330384e-02 -7.69709051e-02 -5.12711585e-01  2.75899589e-01
 -4.08498105e-03 -2.58596897e-01  3.27946901e-01  2.06794024e-01
  1.48800939e-01  2.20320001e-01  1.59264449e-02  1.42602280e-01
 -5.16741991e-01  1.08714618e-01 -2.09900662e-01  1.72531307e-01
  8.48772973e-02 -4.64440048e-01 -7.00366572e-02 -2.24854469e-01
 -3.09130512e-02  7.70375192e-01  4.16402221e-01 -3.29809636e-02
 -9.87273157e-02  1.02551058e-01  5.01251996e-01  2.52322238e-02]"
ウ,"[ 7.16040671e-01  5.49604118e-01  1.06005788e+00 -4.43172455e-01
  4.48430814e-02  3.21956873e-01  2.71565050e-01  6.27996447e-03
 -6.29997611e-01 -2.32913792e-01  5.50556898e-01 -5.56434214e-01
 -2.96823680e-01 -1.86366051e-01  3.26148659e-01  1.99595429e-02
 -1.58993572e-01 -4.17444408e-01  3.07723641e-01 -4.44192618e-01
 -1.43569231e+00 -5.54302156e-01 -1.95291460e-01  1.66947424e-01
 -3.15049201e-01 -4.72497463e-01  2.60067999e-01  9.22654122e-02
  3.44574243e-01 -3.43114972e-01 -6.20528758e-01 -1.69486374e-01
  2.76246853e-02  1.34527147e-01 -5.56464970e-01  5.06611824e-01
  1.04094464e-02 -3.86327565e-01  7.52918601e-01  1.90581203e-01
 -4.34430949e-02 -6.25337195e-03 -1.10675767e-01 -1.08855870e-03
 -2.32951060e-01  1.11647189e-01  1.65237427e-01  3.18500936e-01
 -2.47206446e-02 -4.21565592e-01 -8.24009240e-01  5.96374750e-01
  3.77323061e-01 -2.69231144e-02  1.93046033e-01 -2.09483609e-01
  9.54737663e-01 -1.06687963e+00  1.30802184e-01  3.89132231e-01
 -6.29865587e-01 -3.24621201e-01  4.78024840e-01 -1.24621272e-01
 -1.86718076e-01  2.39668280e-01  2.34998707e-02 -4.59245592e-03
  4.92657870e-01 -5.36670446e-01  4.45383221e-01  1.37165293e-01
 -1.06255487e-01 -7.00016022e-01  5.88559628e-01 -2.72763222e-01
  1.12935334e-01  3.39727432e-01  1.95166901e-01  2.92498488e-02
  1.83363944e-01  1.89394563e-01  1.85008928e-01 -4.67837989e-01
 -4.56617743e-01  1.38285562e-01 -7.63405025e-01 -1.02783906e+00
  5.83211482e-01 -3.62402737e-01  3.35579403e-02  2.73272693e-01
  3.22291493e-01 -1.09906569e-01  4.74197924e-01  2.39227071e-01
  1.66855566e-02 -4.34027566e-03 -3.33974242e-01  3.18278372e-02
 -3.18505466e-01  6.91365972e-02  1.39354065e-01 -4.68101025e-01
  1.09371647e-01 -1.71451703e-01 -3.93294811e-01  5.83107769e-01
  3.21184307e-01  2.40821555e-01 -3.93265545e-01 -3.88634324e-01
 -5.44151247e-01 -2.60616064e-01  4.82611597e-01  4.43647839e-02
 -5.01767933e-01  6.23804390e-01 -3.32778066e-01  5.30165613e-01
  1.64832041e-01  3.45000714e-01 -4.61008027e-02 -4.88058507e-01
 -1.34052157e-01  6.93930864e-01  2.39530593e-01 -8.71166661e-02
  2.27967203e-01 -1.75932318e-01 -1.81243718e-01 -7.23655999e-01
 -6.06303625e-02 -1.28423259e-01 -4.14808691e-01  7.96422780e-01
  3.08164418e-01  4.59326208e-02  2.72155344e-01 -5.11127651e-01
 -5.17636001e-01 -2.33959407e-01  4.80236083e-01 -6.77524328e-01
  1.86314955e-01  4.57313567e-01 -3.24295014e-01 -2.71047413e-01
  7.19058096e-01  3.44485730e-01 -4.05073091e-02  1.22162378e+00
 -5.08316815e-01 -4.21504397e-03 -1.09104328e-01  5.94537437e-01
 -7.33305216e-01  3.25606942e-01  5.37666380e-01  4.37829107e-01
  7.36100733e-01 -1.03426576e-02  5.24857640e-02  4.43390757e-01
  2.24078279e-02  2.88335592e-01  1.59544170e-01 -4.79702562e-01
 -3.03679973e-01  4.21258777e-01  1.49492174e-01  5.48896074e-01
  3.40950936e-01 -8.71381015e-02 -3.95018846e-01  1.61977962e-01
  8.20331812e-01 -1.80283591e-01  2.67578334e-01 -7.52974987e-01
 -2.78710455e-01  1.59581810e-01  5.62970757e-01 -6.08632386e-01
  4.92239565e-01 -6.07765988e-02  5.25845625e-02 -1.43023312e-01
 -1.91966355e-01  9.97748300e-02 -3.55560511e-01 -5.00298202e-01
  5.06961286e-01 -5.31934798e-01 -3.02319258e-01 -4.19243068e-01
  3.32695007e-01  1.38085470e-01 -4.93383825e-01  6.11286104e-01
  3.28400701e-01  1.61657035e-01 -1.62158489e-01 -5.78785896e-01
 -9.84539866e-01 -6.54933900e-02 -3.81376334e-02  2.91111887e-01
  2.58381993e-01  3.82747889e-01 -5.70695341e-01  7.09239393e-02
  7.39507303e-02  2.86776960e-01  6.94371700e-01  3.66030782e-01
 -2.54819304e-01 -4.56412643e-01 -3.78085524e-02 -4.54684757e-02
  1.46628395e-01 -2.53059566e-01  3.08271676e-01  1.77779138e-01
  4.23457958e-02  1.95485353e-01  1.80061296e-01 -4.82959569e-01
 -4.46991146e-01  4.22453701e-01 -5.54798007e-01 -6.09553218e-01
 -2.87503093e-01 -7.14776516e-02 -6.48085237e-01 -5.90021431e-01
 -3.88478547e-01 -2.70618126e-02 -2.96799630e-01  5.09854853e-01
 -2.20749557e-01 -3.46815139e-01  4.21644419e-01 -3.03888112e-01
 -2.97898710e-01  3.92776459e-01 -5.96282370e-02  4.85152230e-02
 -2.71362692e-01 -1.80214211e-01 -4.85119194e-01 -5.50102711e-01
 -1.46064058e-01 -5.48247062e-02  3.20635945e-01  4.96225029e-01
  4.85402435e-01 -2.99278855e-01  3.81333351e-01 -3.73530388e-01
 -4.47713405e-01 -5.84976196e-01 -1.86789498e-01 -1.52982026e-01
  6.60977811e-02  1.69545248e-01 -7.59079531e-02 -3.52529973e-01
 -7.25149870e-01 -4.50740993e-01  7.21923411e-02 -1.67071857e-02
 -5.82984127e-02 -1.75238892e-01  1.76436588e-01  8.80754665e-02
  1.37753308e-01  4.12329048e-01 -4.05186027e-01 -8.90388526e-03
 -2.57804722e-01  5.31994402e-01 -6.91399395e-01  1.42606691e-01
  9.13780835e-03  4.74073827e-01 -6.84618592e-01  1.83268113e-03
 -4.53542352e-01  7.37884343e-01  5.01132190e-01 -5.56135714e-01
  6.02494963e-02 -1.66056618e-01 -9.42103505e-01 -2.07673684e-01
  6.04506969e-01 -1.59555115e-03  4.08099085e-01 -1.18454859e-01
  3.92930657e-01  4.43378568e-01  8.90624821e-01 -6.74004629e-02
 -1.12778442e-02 -3.92647624e-01  1.57701224e-01  1.88776746e-01
  5.44503987e-01 -1.62852779e-01  2.81394482e-01  5.10875642e-01
 -6.43028021e-01  3.15815985e-01  8.40604305e-01  4.54933047e-01
 -1.77802837e+00 -3.15490574e-01  5.09924591e-01  1.88154355e-01
 -3.58378887e-01 -2.12312624e-01  2.24696264e-01  3.30497444e-01
 -3.35794449e-01 -4.86739337e-01  1.28249645e+00  2.57858187e-01
  1.95693672e-01 -4.18170601e-01  1.12636484e-01 -5.62515445e-02
 -1.41708806e-01 -5.21446228e-01  3.38325202e-01  4.10431117e-01
 -7.61240005e-01 -6.54457929e-03 -2.19285846e-01 -3.20843577e-01
 -5.57930410e-01  3.38376254e-01 -6.22255981e-01 -1.54126929e-02
 -3.61003816e-01 -1.23855829e-01  6.44548163e-02  1.19892108e+00
  8.73766601e-01  1.13605425e-01 -7.85572767e-01 -1.87774196e-01
 -5.42365722e-02 -3.29933971e-01  1.71589345e-01 -4.71077673e-02
 -1.40358746e-01 -1.25417739e-01  3.49879503e-01  1.09792404e-01
  1.69236571e-01 -9.03558135e-02 -6.12367451e-01 -1.05428100e-01
 -1.60651013e-01  7.27182508e-01  9.39148664e-01  1.42024815e-01
 -1.07327076e-02  5.41143000e-01  9.44216192e-01  3.77133340e-01
  1.17603675e-01 -6.48429930e-01 -3.32254231e-01 -4.62767929e-01
  7.66859427e-02 -2.49351487e-01 -4.17594105e-01  5.56211174e-01
 -1.49287611e-01  3.68744880e-02  1.74082235e-01 -8.22863281e-01
  4.12290752e-01 -5.09033144e-01 -2.34752417e-01 -2.06544533e-01
 -1.70366451e-01 -4.29976463e-01  7.41584122e-01  2.43178412e-01
  3.58751476e-01 -3.15397292e-01 -9.57608461e-01  6.62799597e-01
 -1.86171591e-01 -1.34786561e-01  1.95244402e-01  1.56921580e-01
 -1.30145578e-02  1.55310869e-01 -5.91698289e-02 -3.21650922e-01
 -8.68708730e-01 -3.00891966e-01 -4.20406580e-01 -6.36451244e-02
 -8.57962519e-02  6.06308579e-01  1.67367030e-02  1.61768347e-01
  2.56656736e-01  3.89099389e-01 -1.40243977e-01 -2.96801627e-01
 -5.63014865e-01  4.06154007e-01  3.24818224e-01  9.64802563e-01
  4.04055476e-01  7.86697958e-03  5.23979902e-01  1.74883660e-02
  8.57487842e-02  1.28358930e-01 -6.16624892e-01 -4.25798893e-01
  9.45486486e-01 -4.24720228e-01 -2.15534687e-01  3.16232592e-01
  1.19009264e-01  5.50872147e-01 -3.95574868e-01 -1.00243187e+00
  5.23220181e-01 -3.21571022e-01  2.51395792e-01  1.02209866e+00
  2.45553657e-01  1.29528150e-01  2.35287622e-01  2.30562892e-02
 -4.23205048e-01 -2.76933640e-01 -3.28922331e-01 -5.09810746e-01
  4.11363840e-01 -1.82649434e-01  6.00071728e-01  4.72385496e-01
  5.99153638e-01 -4.93774936e-02  3.51201832e-01  2.94397473e-01
 -5.44508100e-01  4.76869196e-01  6.14898860e-01  3.76830667e-01
 -2.98026800e-01  4.51095432e-01 -4.61815894e-01  2.61024199e-02
 -2.56652623e-01 -2.92400658e-01  1.01136053e+00 -3.66128348e-02
  5.85108876e-01 -7.22363710e-01 -3.12030435e-01 -4.95933414e-01
 -4.94141340e-01 -1.92767397e-01 -2.27434888e-01  7.53657743e-02
  2.83958793e-01 -3.67110074e-01 -6.58712447e-01  2.88394988e-01
  5.98970175e-01  4.79709685e-01 -5.10609299e-02 -3.06638241e-01
 -2.42385089e-01  1.44310355e-01 -7.13408232e-01 -5.08119762e-01
  5.75716496e-01  1.33645713e-01 -3.49325001e-01 -8.85440588e-01
 -3.18086386e-01 -1.37975529e-01  1.80566147e-01 -4.81180012e-01
  4.65103425e-02 -2.90102869e-01 -7.40047514e-01 -2.73175985e-01
 -4.84755099e-01 -1.20044157e-01 -6.42106056e-01 -3.72304142e-01
 -2.52456278e-01 -4.79332060e-01  4.62514767e-03  6.94812894e-01
  7.40345001e-01 -4.98549789e-01 -2.38092914e-01  1.25692427e-01
  1.68650851e-01 -2.38517508e-01  1.64094210e-01 -3.25444698e-01
 -1.57747671e-01 -5.75693488e-01  2.04005197e-01 -2.76162952e-01
 -6.52704909e-02 -8.76909718e-02 -7.34548450e-01 -4.65900540e-01
  3.24366055e-02 -8.09866250e-01  1.94154412e-01 -5.71203344e-02
  9.31557417e-01 -5.27416945e-01  1.28314644e-01 -5.06936982e-02
 -2.37449393e-01 -5.59950769e-01  5.27624726e-01 -3.12546849e-01
 -1.15858138e+00  3.61088723e-01  1.45674750e-01 -4.96135384e-01
  1.24215174e+00  2.09113210e-01 -6.29974842e-01 -1.04992591e-01
  1.29986420e-01  1.62437677e-01 -2.30471909e-01  1.48638442e-01
  3.89331430e-02  3.44085783e-01  4.43722427e-01 -4.37509924e-01
  6.19332314e-01 -3.59158660e-03 -2.29898542e-01 -1.35452345e-01
  3.42429459e-01  3.44156265e-01  6.82905555e-01  1.29414752e-01
 -6.26249969e-01 -2.23208055e-01 -3.25437993e-01 -6.77823722e-02
 -4.93472163e-03  3.35961312e-01 -5.25542736e-01  8.92374694e-01
  5.95879138e-01 -5.63697219e-01  3.58893722e-01  1.21140432e+00
 -4.23423871e-02  1.00338936e+00  1.73222333e-01  4.11442295e-02
 -6.27874792e-01  1.51021287e-01  7.85162672e-02  1.13573238e-01
 -7.04819784e-02  6.16788268e-02 -2.95042545e-01 -2.07189351e-01
  8.60603988e-01 -1.21087298e-01 -3.26449782e-01  8.48917291e-02
  2.58577079e-01 -2.89985210e-01  8.56760681e-01  3.06805164e-01
 -1.36516513e-02 -1.71894342e-01  3.32547456e-01  6.21066749e-01
  1.23173916e+00 -4.21998173e-01  3.74052674e-01 -3.31547111e-01
 -5.47127068e-01  1.43684179e-01  1.50127530e-01 -8.64528418e-02
  6.01215363e-01 -6.97274566e-01 -8.04886967e-02  7.73182809e-01
  2.36947969e-01  3.00097913e-02 -7.37051517e-02 -5.07893443e-01
  1.77318618e-01 -4.61463809e-01 -1.80193573e-01  4.58078273e-02
  3.56192291e-01  7.27163076e-01  4.08696771e-01 -1.53136924e-01
 -6.61972314e-02  8.01147103e-01 -9.96110737e-02 -4.93488669e-01
 -7.96970874e-02 -1.86291501e-01  3.93057391e-02 -5.20649850e-02
  3.48019212e-01 -2.10816879e-02 -2.20096946e-01  6.96488619e-01
 -2.26593941e-01  1.58699993e-02 -2.68517137e-01  3.71264756e-01
  1.12312593e-01 -1.10282540e-01  2.15176210e-01 -2.13267505e-01
  2.19078302e-01 -8.04663170e-03 -8.18797827e-01  5.76216057e-02
  1.49572268e-01  8.99965018e-02 -5.05091488e-01  5.94391348e-03
 -4.69350129e-01 -3.57458442e-01 -1.22824110e-01  1.75755724e-01
 -1.18492377e+00 -7.96239614e-01  4.04311538e-01 -1.13843111e-02
 -2.22231910e-01 -1.39412284e+00  6.04565978e-01  3.70403737e-01
 -3.32081988e-02 -1.89859390e-01  2.78543860e-01 -6.24178387e-02
 -2.02721819e-01 -1.56946585e-01 -2.01258510e-01  3.42308521e-01
 -9.88176918e+00  1.12770759e-01  2.50407439e-02 -6.22600853e-01
 -2.76820093e-01 -1.41919762e-01  1.09794724e+00  8.69891942e-01
 -1.87412709e-01  4.06247199e-01 -2.01487169e-01 -3.28345932e-02
  4.22211558e-01  6.47771239e-01  1.65358242e-02 -7.57811219e-02
 -2.08381042e-01  1.53451160e-01  1.10351264e-01 -8.12371746e-02
 -6.07629895e-01 -3.31951827e-01  7.04402804e-01  2.13520423e-01
  3.32133681e-01 -5.60950339e-01 -5.38508654e-01  7.21315145e-01
  2.39347965e-02  2.18113080e-01 -1.00224507e+00  2.96147227e-01
  1.26131713e-01  4.14044440e-01 -1.12271339e-01  3.90668362e-01
  1.04702450e-01  8.87585223e-01 -6.42447472e-02  1.89240113e-01
  1.08976685e-01  4.44355249e-01  7.05835000e-02  4.31388766e-02
  3.93780977e-01 -6.31690770e-02  2.85484418e-02  4.78996664e-01
  8.08911502e-01 -2.49125585e-01 -4.23261702e-01 -2.74450004e-01
  4.65073913e-01 -2.50932336e-01  1.57838166e-01 -4.56525050e-02
  6.44307196e-01 -9.43918109e-01  1.45242319e-01  1.49372593e-01
  3.02978486e-01  5.56549609e-01  6.30358040e-01  7.06629515e-01
 -1.50151372e-01  4.65382963e-01  5.70741117e-01  5.43890186e-02
 -1.22884679e+00 -4.16785181e-01  3.50274801e-01  3.19097728e-01
  2.79913932e-01  2.02869564e-01  1.53428257e-01  3.13708216e-01
 -2.31102943e-01  1.96545213e-01  2.69514769e-01  1.90439910e-01
  6.27090394e-01 -4.20842886e-01  1.83549061e-01  6.61153436e-01
 -5.12235284e-01  3.42084557e-01  2.13412911e-01 -2.76893467e-01
  2.21116453e-01 -5.82990050e-01  6.00941181e-01  1.98592559e-01
 -5.65831959e-01  4.26244050e-01  4.98821706e-01 -1.24667063e-01
 -2.60311179e-02  7.08031207e-02  2.06412062e-01 -3.70711058e-01]"
