Mora,Embedding
イ,"[ 2.50548184e-01  4.48937267e-01  1.49297416e-01 -5.58641434e-01
 -1.36049360e-03  9.18458104e-02  3.72122318e-01 -2.34025866e-02
  8.32772255e-02 -4.97295290e-01  9.22433853e-01  7.10767582e-02
 -3.67893755e-01 -5.82557209e-02  4.59260195e-01  4.77102995e-02
  3.02615255e-01 -9.85034108e-02 -3.38973910e-01 -3.08446378e-01
 -4.29474026e-01 -4.62878853e-01  3.21236649e-03  1.25402525e-01
  4.18089509e-01 -4.00412738e-01 -9.11752507e-02  2.27680996e-01
 -1.43591851e-01 -1.56664610e-01 -3.75716507e-01 -3.74419689e-01
 -1.87974006e-01 -2.18470380e-01 -2.78684914e-01  8.27848911e-01
  1.41053796e-01 -2.76184261e-01  4.95626181e-02 -3.05525046e-02
 -2.75077790e-01 -1.03702962e-01  1.34631038e-01 -2.77510285e-01
 -3.40850383e-01  5.33725679e-01  8.50845575e-02  2.99998224e-01
  3.01730722e-01 -2.98516285e-02 -4.11128640e-01  4.12371367e-01
  2.30536029e-01 -5.54429591e-02 -2.61237088e-04 -1.30602717e-01
 -1.06849350e-01 -1.77051768e-01  1.52675107e-01 -1.06077278e-02
 -8.04195479e-02 -2.17927918e-01  1.38151884e-01 -6.45262748e-02
 -4.89816844e-01 -2.55414426e-01  1.58404615e-02  8.91135074e-03
 -1.77109227e-01 -5.93673766e-01 -3.99504185e-01  2.75213420e-01
  1.36441067e-01 -4.09847617e-01  4.42099303e-01 -3.25954139e-01
  3.14410836e-01 -1.61171347e-01 -1.37885913e-01 -1.05943531e-01
 -2.27227271e-01  4.18201625e-01 -1.32867172e-01 -6.18982315e-01
  1.17178842e-01  5.95237687e-03  1.06585197e-01 -4.83482927e-01
  3.78091365e-01 -5.38670719e-01 -3.54409844e-01  2.72403359e-01
  5.72565138e-01  3.44812155e-01 -2.85803229e-01  7.02245161e-02
  1.58337325e-01 -2.32174933e-01 -2.50325263e-01 -1.26444459e-01
  5.01085997e-01 -3.91440392e-01  1.21531844e-01 -1.62783220e-01
 -1.63571373e-01  1.28945395e-01 -4.89772826e-01  5.72921038e-01
 -3.15574333e-02 -1.19167745e-01 -2.01856926e-01 -2.57736564e-01
 -3.56377959e-01  4.04012829e-01 -2.66229004e-01 -1.14951387e-01
 -1.68238834e-01  3.99795383e-01 -2.98424929e-01  1.94822043e-01
  2.34678298e-01  2.92861432e-01  6.76141456e-02  1.55305445e-01
 -9.61431861e-02  5.45691550e-01 -2.27928966e-01 -5.58218956e-02
  6.11917041e-02 -2.34988824e-01  2.70687819e-01  7.24034384e-02
 -3.39391261e-01 -1.39200687e-01 -5.78420401e-01  2.52620310e-01
 -1.55659407e-01  5.99726513e-02 -8.23525488e-02 -5.83877563e-01
  4.79102395e-02 -2.66819984e-01  2.30884418e-01  1.89756200e-01
  4.72326167e-02  3.04461829e-02  4.09246147e-01 -2.07717076e-01
  4.46753055e-01  1.35313988e-01 -5.19040711e-02  7.83359170e-01
 -3.72239619e-01 -2.98980087e-01 -2.79809713e-01  4.24865223e-02
 -3.43452454e-01  4.00078408e-02  6.53272718e-02  4.72722799e-01
  2.74603307e-01 -6.96615577e-01  7.82220960e-02  4.43041563e-01
  2.62496650e-01  7.81520724e-01  1.20959178e-01 -9.58712175e-02
 -2.41772830e-02  5.50421357e-01  2.61897832e-01  4.25607026e-01
  1.25510529e-01 -5.66315174e-01  2.34457389e-01  5.65372288e-01
  1.36234045e-01  1.51190206e-01  2.92226672e-01 -4.61350918e-01
  1.08596943e-01 -4.49336797e-01 -2.26929694e-01 -4.77954000e-01
  5.77559650e-01 -1.59313872e-01 -1.40749946e-01  4.92161028e-02
  4.04408202e-02  6.45688677e-04 -5.78388631e-01  3.01188584e-02
  5.47215581e-01 -4.30748194e-01 -4.94826287e-02 -1.22020781e-01
 -5.79941235e-02 -3.47213954e-01 -1.85375482e-01  5.23390710e-01
 -8.71587992e-02  2.89862871e-01 -2.70354658e-01 -2.00902432e-01
 -1.12464201e+00 -2.22978801e-01  2.93578357e-01  4.99000549e-01
  2.64169604e-01  1.19105786e-01 -4.83888686e-01  2.27860138e-01
  4.43124741e-01  4.85236853e-01  2.13789027e-02  5.02767190e-02
 -2.78068930e-01  1.79585114e-01  3.59902501e-01 -5.64133942e-01
  4.23757136e-02 -1.10955477e-01  7.74233863e-02  3.42142850e-01
 -2.29771048e-01 -1.03759691e-01 -2.96202395e-02  6.09361641e-02
 -1.47232220e-01  7.78218448e-01  2.73346543e-01 -9.64207575e-02
 -5.74971795e-01 -4.45089012e-01 -9.19788301e-01  2.41214693e-01
 -1.61082417e-01  2.24556953e-01  3.09266180e-01  2.97025204e-01
  2.58245766e-01 -2.68003106e-01 -1.42835811e-01 -2.70083547e-01
 -2.40813389e-01  3.36348623e-01  1.93774030e-01 -1.58180520e-01
 -5.90977848e-01  3.31599921e-01 -5.10832071e-01 -2.68380016e-01
  6.35851324e-01 -1.43599451e-01  5.74423790e-01  1.40938282e-01
  4.89772707e-01 -8.53540748e-02 -1.87461779e-01 -9.55950767e-02
  4.36156765e-02 -4.13839400e-01 -1.06972173e-01 -2.34485179e-01
  1.09996134e-02  1.04650222e-01  5.84264323e-02 -6.36326253e-01
 -7.37071559e-02 -3.16342860e-01  1.02464452e-01 -5.68891943e-01
 -7.04476461e-02  2.30291873e-01 -3.56901407e-01  2.50668466e-01
 -1.04109794e-01  3.35607588e-01 -2.99138874e-01 -8.98166895e-02
 -1.03467691e+00  4.62022066e-01 -7.32673287e-01  3.54275584e-01
  1.19880915e-01 -1.02041975e-01 -6.54364452e-02 -1.25603393e-01
 -1.99910551e-01  5.11823535e-01  1.64882660e-01 -2.88099885e-01
 -5.12577772e-01 -3.31790335e-02 -1.48431510e-01  8.92459005e-02
  1.57078892e-01 -2.20352858e-01  7.79311778e-03  1.18221991e-01
  5.48335910e-01  1.16938703e-01  1.51461095e-01 -1.68676421e-01
 -3.16606641e-01 -8.21139872e-01 -1.74249917e-01  1.65940970e-01
  6.09729469e-01 -3.89872491e-01 -1.51548386e-01  1.06592011e+00
 -1.71224177e-01 -2.75369376e-01  2.07378134e-01  4.92522776e-01
 -1.40063012e+00  1.89765319e-01  5.88225245e-01  8.27125367e-03
  5.32373041e-02  3.26102495e-01  3.05587888e-01  3.56416821e-01
 -5.22400737e-01 -3.92370522e-02  3.14461082e-01  3.73597950e-01
 -3.61708365e-03 -3.67071837e-01  3.96332085e-01 -7.00402111e-02
  7.45707527e-02 -6.12056315e-01 -3.19102615e-01  4.11913991e-01
 -8.74440968e-02  8.74632224e-02 -1.70665272e-02 -3.10056239e-01
  6.94663972e-02 -2.88684756e-01  2.69203126e-01 -3.25777143e-01
 -2.06082761e-01 -2.72670299e-01  2.63510078e-01  4.49198842e-01
  6.61635160e-01  5.16491294e-01  3.55158955e-01  2.68697768e-01
  4.47348505e-01  3.80298793e-01  4.60312426e-01  3.10991406e-01
 -1.06315635e-01  1.95352584e-02  5.47567546e-01  3.21961701e-01
  2.60394633e-01 -2.76618730e-02 -2.40978584e-01  6.40438259e-01
 -3.42877991e-02  4.84192222e-01  4.39171344e-01  6.22052073e-01
  3.92522663e-01  2.46110246e-01  4.16232944e-01 -1.99239522e-01
 -1.42119557e-01 -3.44763428e-01  2.17241168e-01 -2.86960572e-01
 -1.59542978e-01 -1.53736860e-01  2.50040978e-01 -1.45809427e-01
 -5.12594461e-01  1.40727222e-01 -4.43835914e-01 -1.36881182e-02
  1.92942649e-01 -2.21435457e-01 -5.87340951e-01 -4.13562387e-01
 -4.07140642e-01 -5.99370241e-01  4.87648457e-01  2.24278212e-01
  1.67591110e-01 -5.40347576e-01  1.19901717e-01  1.17969602e-01
  1.69764191e-01 -1.75971016e-01  1.14829168e-02 -1.52550280e-01
  2.82090437e-02 -1.22996107e-01  9.48477630e-03 -6.52793765e-01
 -4.27664936e-01 -5.18693566e-01 -8.45184565e-01 -1.18298441e-01
  1.16165116e-01  3.92276138e-01 -3.25253829e-02  1.95514411e-01
  1.77094415e-01  2.15909585e-01 -2.99488634e-01 -1.85980365e-01
 -8.11992049e-01 -1.56768765e-02  2.14666843e-01  2.32266650e-01
  2.32969046e-01  1.96242005e-01  1.09963231e-01 -4.82075438e-02
 -2.86134541e-01 -1.21539105e-02 -2.40013272e-01 -2.71101832e-01
  9.78989422e-01 -2.60523081e-01  4.55204725e-01 -1.96337432e-01
  1.22119568e-01  3.16756964e-01 -1.55484170e-01 -1.12817459e-01
 -9.07303840e-02  4.70662534e-01 -1.36885494e-01 -1.00792803e-01
  5.52294701e-02  4.65402246e-01 -3.23762983e-01  1.65308639e-01
 -6.53367415e-02  1.07103758e-01  2.05337912e-01 -7.62300417e-02
 -1.51009575e-01 -2.40501344e-01  1.47733510e-01  2.34147370e-01
  2.86229432e-01  2.51718760e-01  2.90646464e-01  6.03635311e-01
  4.65304367e-02  2.98180014e-01  2.58697182e-01  7.23807216e-01
 -2.89932221e-01 -2.15029269e-01 -4.93934572e-01 -8.92949179e-02
 -4.69449073e-01 -1.57416940e-01  5.62630594e-01 -2.20334351e-01
  2.11852729e-01 -1.33978590e-01 -6.52937293e-01 -6.51318654e-02
  5.19523630e-03  6.90673441e-02  7.03841001e-02  3.64892095e-01
  4.39906210e-01 -1.26997204e-02 -6.32700920e-01  5.94457984e-01
 -3.08315009e-01  5.14515579e-01  3.45945537e-01 -5.75061738e-01
 -2.74261087e-01 -7.64722601e-02  7.89083093e-02  5.09687886e-02
  2.43710428e-01  5.64227998e-01 -3.49140644e-01 -1.05415034e+00
 -1.87589705e-01  2.53937304e-01 -1.90228805e-01 -4.17483807e-01
  2.18119115e-01  1.22731857e-01 -9.40392911e-01 -6.61184728e-01
 -3.90708268e-01 -2.36801296e-01 -7.50048086e-02 -9.41760957e-01
  2.10737124e-01  9.18762311e-02 -6.85869977e-02  4.35755491e-01
  6.55624503e-03  5.23173697e-02  2.63327897e-01  4.12435800e-01
  3.27125221e-01 -5.27841270e-01 -8.82996395e-02  1.80286646e-01
 -1.07608419e-02  7.57314712e-02  4.33559537e-01  2.23505148e-03
  1.34608984e-01 -3.60789821e-02 -6.57026768e-01 -1.32698357e-01
 -3.95163506e-01 -8.62202346e-01  3.90648544e-01 -4.85257804e-02
  2.44066179e-01 -4.38990742e-01  3.58604819e-01 -2.36322448e-01
  4.19668891e-02  1.43683150e-01  1.25273690e-02  7.06452206e-02
 -6.10257745e-01  3.14744920e-01 -4.90727723e-01 -4.11903232e-01
  8.03740144e-01  6.32723987e-01 -2.77031273e-01  2.62137149e-02
  3.44409823e-01  4.50162590e-02 -3.13975930e-01  4.23781313e-02
 -2.82185283e-02 -5.54161631e-02 -1.43077955e-01  2.06894383e-01
  3.07502449e-01  2.10439786e-02 -2.29835853e-01 -2.39742830e-01
  5.74667513e-01  4.28124398e-01  2.77385592e-01 -1.01543844e-01
 -8.49071965e-02 -2.14944541e-01 -3.83535475e-01  1.77746221e-01
  1.37170434e-01  6.50477767e-01 -1.97822720e-01  9.01136279e-01
 -1.24171965e-01 -3.45695406e-01  2.91801929e-01  6.94676459e-01
 -1.00216694e-01  2.65137017e-01  1.18587442e-01  1.11891091e-01
 -8.89651358e-01  1.92576736e-01 -2.56352037e-01  2.20070198e-01
  1.24248847e-01  4.35625374e-01  4.67876673e-01 -6.21459007e-01
 -2.60323167e-01 -1.67298496e-01  1.88351333e-01  6.08341210e-02
  5.43614805e-01 -2.58542933e-02  9.34903026e-02  2.46212676e-01
 -1.92727745e-01 -2.98794582e-02  1.24369562e-01  7.80878812e-02
  8.33908319e-01  2.22439915e-01  8.71190205e-02 -2.11816251e-01
 -8.10535669e-01  3.45863700e-01 -6.89836740e-02  1.86973158e-02
  4.62515622e-01 -2.82231331e-01  1.24969304e-01  3.07149708e-01
  6.09694600e-01  1.46806642e-01 -2.99306214e-01 -7.93890119e-01
  1.00233920e-01 -2.04421189e-02 -9.92076397e-02  2.56079793e-01
 -4.15349118e-02  3.64851028e-01  2.03915536e-01 -1.63459256e-01
  3.52919996e-02  5.44714212e-01 -1.73364803e-01  3.65872378e-03
  3.04246575e-01  1.87192932e-01 -4.30703133e-01  9.28122667e-04
 -2.07629338e-01 -4.05075431e-01 -4.26637322e-01 -2.03930631e-01
 -2.27074519e-01 -5.35288043e-02 -1.84056550e-01 -7.97881931e-02
  2.25498512e-01  1.30450606e-01 -1.00639246e-01 -3.92300665e-01
 -3.50677848e-01  5.15872836e-01 -7.76475906e-01 -1.35777131e-01
 -1.23755664e-01  7.65950009e-02 -1.07487820e-01 -1.10861044e-02
 -3.66661578e-01 -1.66465893e-01 -1.05065398e-01  1.48900092e-01
  3.98935229e-02 -4.16027158e-01  2.04854488e-01  2.29957908e-01
 -1.17511697e-01 -7.88458526e-01  1.99353009e-01 -9.32439640e-02
  6.56968772e-01 -1.90095633e-01  2.81826943e-01 -2.75059789e-01
  2.35864297e-01 -3.13181818e-01 -1.30200773e-01  3.28198932e-02
 -1.05836725e+01 -4.90938015e-02 -4.45158988e-01 -1.26329452e-01
 -4.17215824e-01  4.06702816e-01  6.91445172e-01  2.89368570e-01
 -4.18654144e-01  3.56551111e-02  3.73300225e-01  3.36038560e-01
  2.67772228e-01  3.57701659e-01 -6.44478917e-01 -2.05714375e-01
  1.31649956e-01 -8.91802087e-02 -1.39646545e-01 -2.16188714e-01
  2.65375733e-01 -1.75341463e-03  2.89542437e-01  6.34695351e-01
  7.94324726e-02 -5.25712609e-01 -4.68636990e-01  2.96326786e-01
  3.42756063e-02  2.95155644e-01 -3.47007871e-01  1.42052948e-01
  4.79567125e-02  3.19089413e-01 -3.11677724e-01 -2.71849841e-01
 -1.24731869e-01  3.27666491e-01  1.14261262e-01  1.91989005e-01
  2.59902000e-01  6.57625675e-01  2.85983682e-01  8.54373276e-02
  2.72264183e-01  4.46437061e-01  5.17217338e-01  2.94055164e-01
  6.83405817e-01 -4.87478226e-02  2.03231443e-02  3.26814830e-01
 -1.70927256e-01 -1.00325570e-01  3.27387571e-01  4.90538143e-02
  7.69046783e-01 -6.56353056e-01 -4.45701927e-01  7.36973062e-02
 -4.54915389e-02  7.13259354e-02  9.17894423e-01  5.18121719e-01
  3.08233760e-02 -7.76502043e-02  3.12881738e-01  4.84794885e-01
 -5.00979424e-01 -2.22961918e-01 -3.55613269e-02  2.15073958e-01
  1.17330384e-02 -7.69709051e-02 -5.12711585e-01  2.75899589e-01
 -4.08498105e-03 -2.58596897e-01  3.27946901e-01  2.06794024e-01
  1.48800939e-01  2.20320001e-01  1.59264449e-02  1.42602280e-01
 -5.16741991e-01  1.08714618e-01 -2.09900662e-01  1.72531307e-01
  8.48772973e-02 -4.64440048e-01 -7.00366572e-02 -2.24854469e-01
 -3.09130512e-02  7.70375192e-01  4.16402221e-01 -3.29809636e-02
 -9.87273157e-02  1.02551058e-01  5.01251996e-01  2.52322238e-02]"
ッ,"[-8.47506686e-04  2.42939927e-02  2.92595834e-01 -8.14079523e-01
 -1.90448701e-01  1.69514883e-02 -1.97485581e-01  8.23104233e-02
 -2.56802887e-02 -3.11568141e-01  9.89377499e-01 -3.98658514e-01
 -7.40464866e-01 -2.20807299e-01  8.63698218e-03 -2.98646897e-01
  4.27465320e-01  7.22979829e-02  6.94795847e-02 -2.50536650e-02
 -1.54569462e-01 -9.57251370e-01 -6.99210539e-02 -1.18036285e-01
  1.72650620e-01 -2.13143110e-01 -9.14977863e-02  4.07562435e-01
 -2.35810820e-02 -1.20783314e-01 -5.25771454e-02 -5.57964563e-01
  1.83352619e-01 -4.80833769e-01 -3.83052796e-01  2.27689296e-01
  6.66377544e-02 -1.85623124e-01  4.21090834e-02  1.06750607e-01
 -1.60486266e-01 -7.08496153e-01 -1.83558196e-01 -1.34461612e-01
 -3.83230746e-01  8.17966342e-01 -1.04487441e-01  4.73394454e-01
  9.34944212e-01 -7.90410042e-02  1.32304460e-01  9.53064203e-01
  4.84225065e-01  8.36067647e-02 -2.11102828e-01 -3.16094905e-01
  6.45886421e-01  1.09655246e-01  6.07465580e-02  1.68169916e-01
 -8.20827007e-01 -1.67322606e-01 -6.96369708e-02  3.01774234e-01
 -1.59296483e-01  1.27004638e-01  6.29984736e-01 -4.48810160e-02
 -3.58839601e-01 -2.63454050e-01  4.50156294e-02  5.23348488e-02
 -1.79233834e-01  9.79395956e-02  3.94698471e-01 -1.10990971e-01
  4.48001117e-01  7.81854615e-02  3.76926959e-02 -6.98037893e-02
  6.10019602e-02  6.93809509e-01 -3.00615519e-01 -5.83717227e-01
  4.89663422e-01  3.19297373e-01 -9.86517251e-01 -6.30892873e-01
  2.03965306e-01 -4.85032052e-01 -3.43829751e-01  4.04426605e-01
  5.63760042e-01  1.74714521e-01 -2.54069954e-01 -5.54850837e-03
 -4.07151639e-01 -3.97180140e-01 -6.96826577e-02 -1.03775948e-01
 -4.29990403e-02 -3.08415890e-01  8.10774416e-02 -6.27929986e-01
 -6.31677285e-02  4.42603141e-01  9.22260806e-02 -1.07993968e-01
 -8.02938715e-02  4.21695739e-01  3.82215902e-02 -2.91090041e-01
 -5.15611529e-01  4.72381622e-01  3.05263191e-01 -2.42019951e-01
  2.22711995e-01  2.47001320e-01  2.08430484e-01  2.26234168e-01
 -1.00659087e-01  3.79266351e-01  1.74238011e-01  8.36182535e-02
 -1.33942598e-02  2.39255339e-01 -1.30939618e-01 -2.66430587e-01
  7.50697777e-02 -4.44466136e-02 -1.25058651e-01 -2.96719640e-01
 -1.86754733e-01  4.62284870e-02 -1.54895216e-01  5.73002458e-01
 -3.15622211e-01  7.70455599e-01 -3.20683196e-02 -8.27799365e-02
 -3.32298666e-01  7.83412009e-02  5.61223209e-01 -1.40593082e-01
 -1.47807434e-01  7.12252706e-02  1.11468785e-01  1.49039268e-01
  5.94648540e-01  7.88424492e-01 -3.91317755e-01  6.91043139e-01
 -4.83508110e-01 -4.28604394e-01 -2.31125608e-01 -2.82913804e-01
 -2.63750523e-01 -7.04973117e-02  1.47693142e-01  4.35707957e-01
  1.04040034e-01 -1.85909553e-03  3.51055562e-01  5.78566730e-01
  3.56493235e-01  6.93491459e-01  6.79336667e-01  1.04836617e-02
  5.64589947e-02  7.34041274e-01  1.75245255e-01  2.01285884e-01
 -8.71088058e-02 -3.34875554e-01  3.41685236e-01  4.57763910e-01
  9.21465084e-02 -3.79127383e-01  1.97858661e-01 -3.54641646e-01
  2.27847993e-02  1.49662599e-01 -1.25286877e-01 -5.89776933e-01
 -1.40248507e-01 -3.27250779e-01 -6.84032962e-02 -3.22818726e-01
  1.90828200e-02 -2.64298260e-01 -1.89512879e-01  4.75499779e-01
  5.46563506e-01 -3.43252271e-01 -4.94703323e-01  6.61941245e-02
  1.48628056e-01 -2.43603975e-01  3.29280831e-02  3.34250718e-01
  6.09131381e-02 -1.99352786e-01 -1.03870869e-01 -1.22504130e-01
 -7.65457749e-01 -1.80951357e-01  1.82308063e-01  5.48664153e-01
  6.67081714e-01  8.36969092e-02 -4.10286725e-01 -1.59660488e-01
  6.41829669e-02  4.18602318e-01  4.69397753e-01  2.35138666e-02
 -2.17871487e-01 -1.16390340e-01  1.12331241e-01  2.34616790e-02
 -4.30729091e-01  4.54013079e-01  8.91013667e-02  6.94965944e-02
  1.87675163e-01 -3.53168607e-01  5.71272075e-02  9.92624238e-02
  2.43666977e-01  4.37540859e-01 -1.75157428e-01 -2.53198981e-01
 -1.15796626e+00 -1.47411004e-01 -4.23822612e-01  2.40944430e-01
 -2.29290519e-02  2.70325035e-01 -2.88698673e-02  3.00190561e-02
  1.06341422e-01  9.21325088e-02 -4.84354421e-03 -1.15073593e-02
 -6.69395864e-01  6.47869647e-01  3.73189062e-01 -3.99430767e-02
 -2.55176485e-01  8.68210196e-02 -6.69010699e-01 -8.68354917e-01
  4.48582083e-01  3.27773802e-02  4.75684166e-01 -1.87951401e-01
  6.30643785e-01 -1.76486447e-01  3.40425909e-01 -2.41494030e-01
  1.45505160e-01 -2.49008402e-01 -3.35902050e-02  3.57912965e-02
  1.18982039e-01  2.90074974e-01  1.72507614e-01 -2.29160145e-01
 -8.25703382e-01 -5.39578915e-01  2.12891892e-01  1.57956600e-01
 -8.46386105e-02  3.60620230e-01 -2.93606728e-01  1.42795816e-01
  1.35174662e-01 -5.01793735e-02 -7.02021182e-01 -1.10004142e-01
 -2.61116207e-01  1.68701619e-01 -2.93743283e-01 -2.77439535e-01
 -1.80265456e-01 -1.88336968e-01 -2.85822600e-01 -4.13237453e-01
 -2.19129056e-01  5.13268113e-01  2.14392528e-01 -3.70486051e-01
  2.13172466e-01 -2.27042928e-01 -1.16288401e-01  1.73262432e-01
  5.90516090e-01  2.44925678e-01 -5.42839207e-02 -6.69542491e-01
  5.97523510e-01  3.61676663e-01  6.71564817e-01 -2.78169990e-01
 -1.99699834e-01 -1.76418543e-01 -1.54903978e-01 -9.07438025e-02
  2.66942233e-01 -6.08694434e-01 -5.30273259e-01  6.35840595e-01
 -8.04271996e-01  3.06021899e-01  3.99774194e-01  5.80411032e-02
 -1.27470434e+00 -1.77075028e-01  1.99602470e-02 -5.59020899e-02
 -7.63286889e-01  3.30546498e-01  5.24254799e-01  1.76424041e-01
 -2.66655773e-01 -3.71856838e-02  3.81560355e-01  6.49979293e-01
  4.38561961e-02  4.34572339e-01  8.30164030e-02 -2.41769329e-01
  1.65009409e-01 -4.87840265e-01  5.10681868e-02  2.03279480e-01
  1.21932589e-01 -3.96724343e-01  5.46043292e-02 -6.94123745e-01
 -2.26219118e-01 -2.31471565e-02  2.78449118e-01  3.06026757e-01
  1.00672983e-01 -4.90973979e-01  2.38472387e-01  3.49034578e-01
  2.42558584e-01  7.42991567e-01 -3.22544366e-01  5.06904900e-01
 -1.01611048e-01  2.08872557e-01  2.72996962e-01  7.13843405e-02
 -3.15712363e-01 -1.08891599e-01  5.54433763e-01  3.19269538e-01
 -3.19388300e-01  7.70788789e-02 -4.13034335e-02  2.08734218e-02
 -2.05880031e-01  3.82290214e-01  5.48962116e-01  5.07611811e-01
  4.45574790e-01  1.42261192e-01  9.56121907e-02 -7.56447166e-02
 -7.84140229e-02 -2.99235940e-01  1.25958547e-01 -9.25358415e-01
  5.29253781e-01 -2.02331785e-02  2.88136780e-01  3.05612702e-02
 -2.73930401e-01 -3.86917382e-01  2.48603255e-01 -4.98808384e-01
 -2.83866316e-01 -5.09455025e-01 -6.84368134e-01 -3.06197137e-01
 -4.65287149e-01 -3.74651730e-01  3.58070210e-02  4.71418500e-01
  1.89269185e-01 -5.82943738e-01 -5.17256558e-01  2.93249249e-01
 -3.78361195e-02  1.89553946e-01  1.27694994e-01  1.62362978e-01
 -3.14908251e-02 -1.71098813e-01 -3.38809311e-01 -3.71348321e-01
 -4.75199580e-01 -2.89647341e-01 -4.34038043e-01  4.90949601e-02
  2.89366543e-01  5.01486123e-01  2.67183483e-02 -5.03257401e-02
  1.09760575e-02  2.30440453e-01 -1.98166892e-01 -2.66537905e-01
 -6.87542498e-01  1.11522146e-01  3.45836654e-02 -6.21969886e-02
  8.99233595e-02  2.76384264e-01  2.26911068e-01  3.56235147e-01
  1.98055521e-01 -1.19500801e-01 -2.94791996e-01 -1.33640662e-01
  3.47375304e-01  1.01813078e-01  5.73905051e-01  2.61757702e-01
  1.01998515e-01  5.32067418e-01  1.17770312e-02 -7.19606280e-01
 -3.07098925e-01  2.34142035e-01 -3.88557136e-01  5.45258462e-01
  3.11125308e-01  6.45825028e-01  4.71418239e-02  5.32802224e-01
  3.87044191e-01 -3.84281948e-02  6.05842378e-03 -1.84927061e-01
 -7.92526752e-02  2.98224181e-01  6.68091416e-01  3.04943085e-01
  2.76624531e-01  2.43416756e-01 -2.80041784e-01  3.93905073e-01
  1.69157777e-02  1.56918496e-01  3.21291775e-01  4.25111175e-01
 -3.54684651e-01 -1.95974112e-01 -6.56105019e-03 -1.79668605e-01
 -6.91111326e-01 -3.04593015e-02  3.63923818e-01  5.77213317e-02
  1.38374437e-02 -6.17824644e-02 -3.14596653e-01  5.75002320e-02
 -1.56237140e-01  8.46666694e-02 -2.97804344e-02  6.67660773e-01
  5.26712537e-01 -1.24667093e-01 -5.65044940e-01 -7.83725381e-02
  7.07679708e-03  5.11005819e-01  2.31497794e-01 -4.16817099e-01
 -4.20320123e-01  5.46391964e-01 -1.77787155e-01 -3.02303702e-01
  2.99235821e-01  4.87391621e-01  1.90210283e-01 -6.52332723e-01
 -1.31267652e-01  2.42344007e-01 -6.98639229e-02 -2.31751770e-01
  1.51189134e-01  3.22608203e-01 -6.72967732e-01 -2.05140516e-01
 -3.29638422e-01 -5.31659424e-01 -1.28801465e-01 -9.05934215e-01
  1.22679649e-02 -3.13087970e-01 -3.98196392e-02  1.16017498e-01
  1.16420947e-01 -4.42744583e-01  2.45429903e-01  1.89279631e-01
  5.48090458e-01  3.00165772e-01 -4.67945896e-02  2.77818576e-03
 -4.20744658e-01 -2.94364363e-01  5.25679350e-01 -7.89788589e-02
  2.41179056e-02 -5.65772176e-01 -7.64156461e-01 -1.95248082e-01
 -4.14111197e-01 -7.12515295e-01  3.46152127e-01  3.56806546e-01
  4.12776113e-01 -1.85369641e-01  4.51021165e-01 -4.17513460e-01
  1.34009952e-02  9.45235640e-02 -3.25989783e-01 -5.00334203e-01
 -6.87770367e-01  4.15633649e-01 -4.14894640e-01 -5.54629683e-01
  5.33082902e-01  7.36215115e-01 -6.05679035e-01 -4.70431417e-01
 -3.47102076e-01 -2.91393191e-01 -4.87988621e-01 -7.91056752e-02
 -1.52726322e-01  5.10874569e-01  2.99910396e-01  2.17180923e-01
  1.67730004e-01 -1.34261295e-01 -3.61462682e-01 -5.50509512e-01
  5.57986081e-01  3.14915031e-01 -1.14077568e-01 -4.31632288e-02
 -1.66878581e-01 -2.22636476e-01 -8.76133382e-01  3.56135458e-01
  1.66203454e-01  2.31309414e-01  3.39711964e-01  4.53466266e-01
  7.04250395e-01 -6.99137092e-01 -9.77260768e-02  3.35215628e-01
  2.90630013e-01  2.74315983e-01 -2.03353792e-01 -1.72365248e-01
 -8.64004731e-01  4.59424704e-01 -3.34643215e-01  2.34503314e-01
  8.86781588e-02 -3.82791430e-01  2.81619161e-01 -3.25470835e-01
 -3.26316893e-01  1.01723537e-01 -1.84479102e-01  1.15822263e-01
 -1.19098097e-01 -3.66676480e-01  1.75667003e-01 -4.54066694e-03
 -1.10253058e-01 -2.17340104e-02 -1.46190688e-01 -1.67545393e-01
  5.46591878e-01 -1.14716083e-01  3.25182259e-01  7.42973536e-02
 -1.25379455e+00  1.44153893e-01 -5.99849164e-01  9.84874368e-02
  6.86569154e-01  9.54359174e-02 -1.19657964e-02  7.81981423e-02
  1.66727483e-01  1.51386037e-01  9.79283154e-02 -5.02373099e-01
  5.60054541e-01 -7.06957057e-02  2.47862823e-02 -1.92125607e-02
  5.46874344e-01  6.66625321e-01  1.50740087e-01  1.33988649e-01
 -9.05893072e-02  5.73347569e-01  1.00745134e-01 -1.63917989e-01
 -1.30797774e-01  1.11221917e-01  4.73478079e-01 -4.64152880e-02
 -2.10045022e-03 -4.98632759e-01 -3.16165417e-01  1.27706796e-01
 -5.95438004e-01  3.21493149e-01  2.71850109e-01 -3.45778286e-01
  3.64198029e-01  2.73863345e-01 -9.64826122e-02 -3.16955984e-01
 -2.69187093e-01  4.47824776e-01 -8.51844132e-01 -1.73871264e-01
 -2.50654608e-01 -4.87087756e-01 -1.00906551e-01 -1.73168510e-01
 -3.78765255e-01  3.18785340e-01 -4.10436332e-01  7.24791884e-02
 -1.77745581e-01 -9.74716023e-02 -2.07787566e-02  2.08218724e-01
 -3.10959905e-01 -1.18311179e+00 -1.88875608e-02  1.99798986e-01
  5.48037291e-01 -1.68579504e-01  2.90980577e-01 -1.58854038e-01
  5.08575857e-01  5.81818163e-01 -4.95408848e-02 -1.91274844e-02
 -1.03957481e+01 -3.64851475e-01 -1.69960961e-01 -5.69442451e-01
 -2.48629868e-01  2.23875627e-01  8.74860346e-01  2.19626017e-02
 -4.87221062e-01  6.39231741e-01 -4.14543189e-02  7.79987991e-01
  2.67817110e-01  8.79665732e-01 -4.30224031e-01 -1.82397708e-01
  6.82664931e-01 -1.67242646e-01  3.25068265e-01  2.80352652e-01
  1.03585653e-01 -5.12652814e-01  4.77270216e-01  4.91865367e-01
 -7.21673071e-02 -7.07749665e-01 -4.30587590e-01  5.41725218e-01
 -2.96124399e-01  5.25842845e-01 -3.64319861e-01  7.31131613e-01
 -1.22682653e-01  6.11600101e-01 -3.01570147e-01 -2.19101459e-01
  1.33309349e-01  6.02326915e-02  3.46776336e-01  3.63430768e-01
  3.49481881e-01  2.82120168e-01  1.82673723e-01 -3.56274724e-01
  2.11686224e-01  8.05666298e-02  3.65479618e-01  3.22925955e-01
  6.22707546e-01  4.20425951e-01  2.00688526e-01 -3.78806531e-01
 -3.61131430e-02  6.80233315e-02  6.17180951e-03 -2.93460220e-01
  3.81616130e-02 -6.99855387e-01 -3.73764873e-01 -2.71740347e-01
  5.42073905e-01 -1.98461041e-01  2.19437405e-01  4.79096591e-01
 -2.03483433e-01 -6.42513633e-02  2.12867439e-01  3.90677452e-01
 -3.27794224e-01 -1.68550581e-01  5.94593525e-01  1.77362993e-01
  7.63745904e-02  5.21458805e-01 -4.54223394e-01  2.04354689e-01
 -1.27189517e-01  3.58935744e-02  6.77352428e-01  5.00895595e-03
  3.62008691e-01  5.19858718e-01  7.54419044e-02  7.71235645e-01
 -8.36303294e-01 -2.85395179e-02 -6.94998428e-02  2.66399592e-01
  4.98742461e-02 -4.34731364e-01  8.65727961e-02  3.08061212e-01
 -2.45130941e-01  2.33193971e-02  6.83282137e-01 -1.55321196e-01
  1.30864024e-01  2.32385352e-01  7.07895517e-01 -2.66293347e-01]"
カ,"[ 3.58623505e-01 -2.46663745e-02  7.75448501e-01 -8.84407759e-01
  2.05631573e-02  3.39202523e-01 -1.35529384e-01 -5.29141799e-02
 -4.17153358e-01  3.07938814e-01  7.79973149e-01 -1.58491731e-01
  2.73954391e-01 -6.79569840e-01  6.54694617e-01 -5.09500563e-01
  2.79152691e-01 -1.55786097e-01  7.91591853e-02 -4.01464760e-01
 -8.99065256e-01 -9.26213205e-01 -1.83110192e-01  1.54470608e-01
 -9.02618244e-02  1.37811098e-02  1.21721886e-02  2.65641689e-01
 -1.97515488e-01  1.73800450e-03 -1.44873202e-01 -5.53951979e-01
 -1.02262542e-01  5.79993427e-02 -1.09505653e+00 -1.95033997e-01
  1.50330216e-01 -1.41734228e-01 -9.51748267e-02 -5.36378443e-01
  3.32558602e-01  3.11147776e-02 -6.13094509e-01 -1.33484438e-01
 -1.43150702e-01  5.45336604e-01 -2.29549840e-01  3.67545485e-01
 -1.44952787e-02 -7.86912739e-02 -4.05287087e-01  1.60253420e-01
  1.48657605e-01  1.46855205e-01  1.35043159e-01 -3.60164315e-01
  1.21215262e-01 -8.88408124e-01 -3.86912338e-02  8.90291296e-03
 -4.12297577e-01  1.84104204e-01  2.63562113e-01  3.95972162e-01
 -2.63143957e-01  4.52321544e-02  9.61821601e-02 -4.72497046e-02
  7.39715621e-02 -6.48744583e-01 -3.36413719e-02  1.64206326e-01
  1.29086927e-01 -4.54291046e-01  7.61634171e-01 -2.88086832e-01
  1.88634962e-01 -1.51704654e-01  3.14154088e-01 -4.34453413e-02
 -4.34984684e-01  1.72228113e-01 -1.45956039e-01 -3.82179230e-01
 -2.66938031e-01  1.74713507e-01 -4.73184168e-01 -8.13936889e-01
  8.41606438e-01 -1.63370445e-01  3.98811787e-01  3.35717320e-01
  1.42418474e-01  2.34820977e-01 -3.75823498e-01  1.53101116e-01
  1.80200025e-01 -5.68276718e-02 -3.80255103e-01  6.07531250e-01
 -1.82700142e-01  5.76381758e-02 -3.03319804e-02 -2.17319041e-01
  3.21460456e-01 -3.65903884e-01 -3.78341734e-01  1.67370379e-01
  3.26045692e-01 -1.77744448e-01 -4.28996652e-01 -3.37885380e-01
 -5.36792994e-01  3.36251765e-01  3.13205421e-01 -3.23720835e-02
 -2.09487334e-01  2.36570567e-01  3.92595269e-02  4.16601747e-01
  2.06613198e-01  5.64181983e-01 -1.32583544e-01  9.94166546e-03
 -9.32277665e-02  4.95230347e-01  9.01037604e-02 -6.32624030e-01
  1.58358559e-01 -2.86766887e-01 -1.73558444e-02  1.07340008e-01
 -4.51720394e-02 -1.58379287e-01 -3.47066075e-01  1.00911450e+00
 -1.72081903e-01  4.28343192e-02 -1.08846836e-01 -5.53245187e-01
 -3.17088962e-02  1.57655567e-01  2.14766219e-01 -2.54550487e-01
  1.04970887e-01  2.99687594e-01  1.89547196e-01 -7.63222635e-01
  1.11502409e-02  1.36825204e-01 -1.47052079e-01  1.06679690e+00
 -7.71152258e-01  2.61684030e-01 -2.60864586e-01 -4.06512246e-02
 -5.02321661e-01  8.80809948e-02  5.01655638e-01  4.69206512e-01
  1.57339752e-01 -5.43632388e-01  5.91759145e-01  5.71602881e-01
  4.12188023e-01  3.37212831e-01  8.57105330e-02 -2.18367904e-01
 -1.45391166e-01  2.89241046e-01 -2.56868720e-01  1.15889378e-01
  1.48382783e-01 -4.54930305e-01  1.39046222e-01  4.08452988e-01
  2.68079937e-01 -1.32260621e-01  4.45829958e-01 -9.17394400e-01
  1.21634929e-02 -1.29310846e-01 -2.40721285e-01 -6.55108631e-01
  5.75766742e-01 -1.57064945e-01 -2.02726319e-01 -2.56978065e-01
  3.70329581e-02 -5.15710235e-01  9.59524959e-02  4.32647280e-02
  6.84190571e-01 -1.56286225e-01 -1.19201258e-01 -4.01351511e-01
  1.61897153e-01 -1.43419474e-01  4.97052148e-02  5.62051535e-01
  1.37465179e-01  1.46439686e-01  6.39640493e-03 -1.10575020e+00
 -5.28054357e-01  1.39588684e-01  7.02512980e-01  6.46990657e-01
  3.36560547e-01  3.55961710e-01 -3.14682722e-01 -2.04505265e-01
  2.06223518e-01  3.48682970e-01  5.52944124e-01 -1.65666640e-02
 -7.39449561e-01 -3.70001137e-01  3.48041385e-01 -1.95296228e-01
  3.64514917e-01 -3.96472722e-01  1.47909656e-01 -1.23007759e-01
 -1.66088358e-01  3.02128971e-01  2.42732868e-01 -4.32539165e-01
 -1.25467569e-01  7.21932948e-01 -5.37491798e-01 -3.94340783e-01
 -6.42009258e-01  1.48062214e-01 -3.87935340e-01  1.26514211e-01
 -3.87917072e-01  2.45502919e-01 -5.14781237e-01  1.67034715e-01
  2.13678837e-01 -9.73865539e-02  1.90267146e-01 -3.02353382e-01
 -1.98651329e-01  2.05969542e-01 -4.91631292e-02  1.52407825e-01
 -3.03271323e-01 -6.56548962e-02 -5.80709100e-01 -4.50180680e-01
  1.67043418e-01 -3.80928963e-01  6.60770416e-01  1.63124174e-01
  1.35975048e-01 -7.01999813e-02  3.47878784e-01 -6.32830441e-01
 -1.44762829e-01 -4.55075115e-01  2.43626311e-01 -1.20690782e-02
  3.93141806e-01  2.13240936e-01  8.69434029e-02 -4.91389245e-01
 -4.09337163e-01 -4.92964417e-01  2.15222612e-01 -2.12857053e-01
 -2.55736828e-01 -1.29893035e-01 -2.42748056e-02  4.75189276e-02
 -2.41011977e-01  3.78963977e-01 -6.74059987e-01  3.41774493e-01
 -1.21557496e-01  5.53519130e-01 -4.47248578e-01 -1.68598294e-01
  3.95195127e-01 -4.91952971e-02 -4.26788419e-01 -4.14090097e-01
 -2.03364879e-01  2.09795654e-01  3.88204962e-01 -6.76829159e-01
 -2.19864860e-01  3.54496539e-01 -4.50361013e-01 -2.10239254e-02
  5.21236181e-01  2.84831040e-02  8.04966912e-02  2.86666632e-01
 -8.99264291e-02  1.58280760e-01  5.97535729e-01 -5.80159724e-01
 -2.41445109e-01 -5.60136199e-01 -2.93470304e-02 -3.48329276e-01
  5.56526780e-01  2.30383947e-02  1.48194492e-01  7.26094961e-01
 -4.63306069e-01 -9.25065577e-02  9.19669688e-01  5.36000967e-01
 -1.65137398e+00  2.89298415e-01  6.97310388e-01 -1.96222365e-01
 -2.48253286e-01  5.48110120e-02  1.19285556e-02 -1.02505405e-02
 -2.15799615e-01 -7.55335927e-01  8.92776191e-01  2.45091185e-01
 -2.06558183e-01 -2.45091453e-01  4.92400676e-01  7.27382153e-02
  5.52626327e-02 -4.77321327e-01 -2.58106768e-01  3.70079964e-01
  2.18699321e-01 -1.69243783e-01 -2.95927197e-01 -1.56339571e-01
 -5.49375415e-01  1.43275663e-01 -2.39141226e-01  2.10572466e-01
 -4.81670737e-01  3.63241844e-02  3.82827461e-01  1.13138402e+00
  3.20399702e-01  5.80115676e-01 -3.88420105e-01 -7.16237649e-02
  8.46663177e-01  4.57819790e-01  4.99442339e-01  3.78467560e-01
 -2.81308055e-01 -2.93053031e-01  6.19681478e-01 -5.02775423e-02
 -3.03343028e-01  3.20499182e-01 -1.04893170e-01  2.07846895e-01
 -1.03425182e-01  6.94383830e-02  1.11082636e-01 -1.49621904e-01
  1.32135212e-01  7.33817935e-01  6.12316489e-01  1.74469128e-01
 -9.40590948e-02 -4.33509260e-01  5.79937808e-02 -1.72508448e-01
  2.55798876e-01  4.38544452e-01 -2.90040284e-01 -2.99348027e-01
 -1.93711147e-01 -2.49136806e-01 -2.32577637e-01 -3.40362430e-01
 -4.00767982e-01 -9.23901081e-01 -1.06636667e+00  5.14844134e-02
  3.64310034e-02 -7.81357527e-01  2.97342867e-01  1.25311241e-01
  6.62686706e-01 -4.19278175e-01 -5.31334817e-01  1.36208460e-01
 -4.69912589e-01  4.40434292e-02 -1.70939550e-01  4.09764461e-02
 -2.54860371e-01  2.88720042e-01 -5.70760727e-01 -2.33660102e-01
 -3.97560418e-01 -2.70689547e-01 -4.77144927e-01  8.33981112e-02
  1.56268239e-01  7.86443114e-01  3.29351239e-02  2.74410903e-01
 -8.30293223e-02  1.66195571e-01 -1.35205150e-01 -1.19310774e-01
 -6.01310849e-01  3.27095807e-01  6.02727771e-01  7.36267149e-01
  2.22532064e-01  4.85335290e-01 -1.07432296e-02 -1.67816505e-01
  2.71096110e-01 -2.33207718e-01 -2.86459357e-01 -2.64937460e-01
  5.48817039e-01 -4.61884618e-01  2.98371047e-01 -3.07025105e-01
 -2.51187943e-02  8.15504372e-01 -2.75913030e-01 -6.44754231e-01
  1.93344522e-02  4.44431394e-01  2.74196744e-01  2.01898515e-01
  2.21787766e-01  1.11262667e+00 -1.61107406e-01  6.74714327e-01
  2.07938656e-01 -3.06594729e-01  1.53259989e-02 -2.52609968e-01
  1.08531192e-02  1.80814713e-01  5.40342867e-01  8.98994684e-01
  2.68079460e-01  3.87798011e-01  4.22550350e-01  3.94640565e-02
 -3.09843242e-01 -4.48453352e-02  5.02027273e-01  8.76635760e-02
 -5.82270384e-01  6.71888217e-02 -4.89350617e-01 -3.11073989e-01
 -3.76003265e-01 -1.52919888e-01  2.54867524e-01 -1.87409982e-01
  4.83119279e-01 -4.07314867e-01 -6.55646503e-01 -4.32575643e-01
 -7.92497277e-01  1.22521192e-01 -1.23758957e-01  2.85037518e-01
  5.57697177e-01  5.66789687e-01  1.51675284e-01  7.97831640e-02
  3.05660993e-01  7.30963707e-01  2.39923492e-01 -1.62907496e-01
 -1.68818742e-01  3.58493179e-01  1.53902203e-01  4.34617549e-01
  2.28625417e-01  6.95969686e-02 -3.13285530e-01 -5.33015549e-01
 -3.97986710e-01  1.47943035e-01  1.00019462e-02 -3.02755665e-02
  3.52582216e-01  2.73273457e-02 -1.54553518e-01 -5.19303083e-01
 -2.44539768e-01 -3.31824273e-01 -1.69063598e-01 -7.04006612e-01
 -1.21840023e-01 -5.30770898e-01  1.14736691e-01  4.09819782e-01
  4.93195772e-01 -5.63853145e-01  1.66293547e-01  3.00701708e-01
  1.20490536e-01 -1.54460818e-02  1.16325922e-01 -7.11223111e-02
 -2.87986457e-01 -6.43923953e-02  9.23106298e-02 -8.17050263e-02
  6.59828961e-01  1.59188434e-01 -5.55954158e-01 -2.43936986e-01
  1.15936778e-01 -9.04175043e-01  4.33933824e-01 -1.37775674e-01
  1.39560133e-01 -6.94661975e-01  1.77638426e-01  5.66961803e-02
  2.87550706e-02 -2.34372467e-01  1.43907323e-01  1.38518408e-01
 -7.58113921e-01  3.10334802e-01 -1.81319714e-01 -3.84622782e-01
  7.97916114e-01  5.46773851e-01 -1.85301051e-01  2.61838198e-01
  5.00708103e-01  6.13263138e-02 -4.15486455e-01  3.24717611e-01
 -1.60925969e-01  1.05415650e-01  3.04943383e-01 -1.88915536e-01
  5.68400979e-01  1.68301255e-01  1.19882308e-01  1.03814043e-01
  3.48907083e-01  6.84636235e-01  4.38413203e-01  2.53433138e-01
 -1.55607834e-01 -4.70798522e-01 -7.94094026e-01  3.76302749e-02
  2.78303146e-01  5.75215876e-01 -3.88453275e-01  5.00085056e-01
  6.70906901e-01 -2.61370316e-02  3.63673955e-01  9.21187937e-01
  1.95423767e-01  4.20796484e-01 -4.99180734e-01  6.07120134e-02
 -9.31693137e-01  4.19819355e-01  3.13179880e-01 -9.41114202e-02
 -1.07177213e-01  1.38800368e-01 -5.11286616e-01 -4.66663241e-01
  1.72097191e-01 -1.05628192e-01 -1.70082480e-01 -2.41322935e-01
  6.42610252e-01 -1.10959895e-01  9.40922022e-01  3.93224031e-01
  1.11649428e-02 -4.84756917e-01  1.63169324e-01 -1.47922978e-01
  6.43826902e-01  5.49303964e-02  4.04966950e-01 -2.15639636e-01
 -1.03778875e+00 -4.04413819e-01  2.61354953e-01  2.08905756e-01
  2.86806047e-01 -5.07086396e-01 -3.62063153e-03  4.51601774e-01
  5.59650540e-01  2.33726546e-01 -1.10181369e-01 -4.99156475e-01
  6.02733493e-02 -1.41714185e-01 -2.06763536e-01  3.99964780e-01
  8.63533318e-02  3.39435160e-01  3.76995921e-01 -1.77013367e-01
  8.54547098e-02  4.84107405e-01  1.96362540e-01 -1.33794844e-01
  6.52293503e-01  5.57423271e-02 -1.15380608e-01  6.89100772e-02
  2.01813541e-02 -2.67379105e-01  1.12823248e-02  6.30568624e-01
 -9.38891470e-02 -1.80415940e-02 -5.15584350e-01  3.14987510e-01
 -3.19119431e-02  1.47030190e-01 -4.01001453e-01 -4.66903061e-01
  2.83106536e-01  2.52689123e-01 -3.53933305e-01  2.24920940e-02
 -2.45350897e-01 -2.29598999e-01 -3.57043922e-01 -3.35031182e-01
 -5.43241918e-01 -1.94483936e-01 -3.95304978e-01  4.29940641e-01
 -7.70074725e-01 -5.16545594e-01  4.46759880e-01 -1.45376548e-01
 -1.55776113e-01 -1.12323403e+00  6.05643272e-01 -4.00147796e-01
  6.36294961e-01 -1.85506940e-01 -9.61032361e-02  1.83214974e-02
 -3.13865632e-01 -3.22945774e-01 -5.74643850e-01  4.83222187e-01
 -1.02312622e+01 -1.53170988e-01 -2.06183270e-01 -6.94933414e-01
 -3.92779797e-01 -1.07496738e-01  1.08158612e+00  1.50632700e-02
 -5.57699800e-01  1.20039679e-01 -2.45275140e-01  1.35550335e-01
  5.34533679e-01  3.76105100e-01 -7.03593642e-02 -3.01707648e-02
 -1.40226766e-01 -5.82136810e-01 -3.43775511e-01 -1.21521324e-01
 -7.73715600e-02 -1.95056483e-01  6.71905637e-01 -4.01544832e-02
  7.59009197e-02 -3.98200870e-01 -1.59837261e-01  2.66551733e-01
  1.22852407e-01  4.76531118e-01 -2.14640051e-01  8.28400373e-01
 -1.77804306e-01  6.64553940e-02 -1.84410334e-01 -2.97167152e-02
 -2.54587047e-02  4.63637054e-01 -1.10334717e-01  4.90783155e-01
  3.83713841e-01  3.58788252e-01  1.40073374e-01  4.72070165e-02
  3.78129005e-01  4.28333610e-01  1.36748672e-01  3.20807397e-01
  7.62167990e-01 -7.51866400e-02  4.96974945e-01 -7.55950093e-01
  3.25058818e-01  6.83932751e-02 -4.67355758e-01  4.09008339e-02
  9.32538629e-01 -5.53281605e-01  4.71072271e-03  2.53292948e-01
  3.74016225e-01 -4.09752391e-02  1.16638350e+00  4.04410571e-01
 -2.60072678e-01  3.02253067e-01  1.11051150e-01  1.22262955e-01
 -4.74618435e-01 -4.05456990e-01  3.80825192e-01  1.47620821e-02
  1.46137968e-01  3.14544082e-01 -3.71834219e-01 -8.59000683e-02
 -2.63521336e-02  2.05508903e-01  3.81883562e-01 -6.79506063e-02
  8.54203880e-01  2.12811939e-02 -4.13789153e-01  4.24296439e-01
 -5.25970340e-01  1.24857441e-01  1.41605467e-01 -7.15519413e-02
  5.41422784e-01 -6.79489851e-01  7.72998869e-01 -3.00903887e-01
 -3.18955958e-01  7.00099707e-01  3.12905520e-01 -5.65515816e-01
  3.17841887e-01  1.30851224e-01  8.86329114e-02 -2.18677804e-01]"
ゲ,"[ 1.31695867e-01  5.70191979e-01  1.66115239e-01 -5.93744695e-01
  1.05879277e-01  3.31919417e-02 -1.40525058e-01 -6.17750704e-01
 -2.01397881e-01 -2.46275142e-01  4.56472903e-01  1.28485039e-01
 -7.32679814e-02 -2.90726036e-01  3.12648833e-01 -2.99733788e-01
  4.91500497e-01 -1.16014555e-01  5.48750460e-02 -3.12935442e-01
 -3.56959254e-01 -5.09858668e-01  1.16600908e-01 -2.65925797e-03
  6.31719604e-02 -1.91804782e-01  1.10778220e-01  5.45505106e-01
 -1.84987172e-01 -8.83802921e-02  1.56939536e-01 -7.12178290e-01
  3.13177884e-01 -1.81786686e-01 -1.36627778e-01 -3.24443340e-01
  1.98390529e-01  1.53677449e-01  2.59839267e-01 -7.32917905e-01
  2.22398207e-01 -1.96164444e-01 -3.44205022e-01 -9.93838236e-02
 -5.25229514e-01  3.15158486e-01  3.50833721e-02  7.12210417e-01
  1.14708059e-01  1.90969005e-01 -1.43885389e-02  6.94951117e-01
  4.12146151e-01  5.52040003e-02 -1.03942312e-01 -1.40965745e-01
  4.73964214e-01 -1.61120415e-01  1.21302679e-01  5.50307155e-01
 -4.90508676e-01 -2.06629872e-01  2.04887867e-01  8.79930705e-03
  1.36684254e-02 -5.25947325e-02  1.78490281e-01 -1.71604514e-01
  4.28341359e-01 -5.30010343e-01  3.30362879e-02  6.80180132e-01
 -7.83384740e-01  4.76788074e-01  5.03441036e-01  9.01805237e-02
 -1.78724825e-01 -3.81532490e-01  2.48907655e-01 -2.87517067e-02
  6.92985579e-02  4.15300488e-01  2.09696721e-02 -1.05700231e+00
 -1.50465772e-01  6.42075002e-01 -8.00644517e-01 -6.47857189e-01
  4.82216895e-01  1.19678058e-01 -9.10158008e-02 -3.38231809e-02
  1.95862532e-01  1.44951001e-01  1.91617832e-01 -1.21217132e-01
 -7.32328817e-02 -4.72256780e-01  4.64917719e-02 -2.39015102e-01
 -4.17535156e-01  3.61892059e-02  2.51722097e-01 -4.20906320e-02
 -1.80545375e-01 -1.47858378e-03 -5.36202013e-01  1.05313145e-01
 -1.06874421e-01  3.52771699e-01  1.19792596e-01 -7.62818456e-01
 -4.51760799e-01  1.45736828e-01  4.01192725e-01  2.25852221e-01
 -1.45385027e-01  5.38999081e-01  2.54445076e-02  4.15384263e-01
 -2.62905627e-01  6.37254238e-01 -1.05373532e-01 -3.91440749e-01
 -5.79845428e-01  4.65403125e-02  3.64577509e-02 -4.66577671e-02
  6.01407699e-02 -6.01207674e-01  2.14915857e-01  3.42100650e-01
 -5.89950204e-01  1.52447984e-01 -6.37091815e-01  8.95470262e-01
 -2.17260167e-01  1.99088991e-01 -5.23663759e-01 -7.20248938e-01
 -5.13291478e-01  1.93048730e-01  3.17104340e-01  1.63095072e-02
 -2.14714915e-01 -4.20584887e-01  1.64437607e-01  1.01214263e-03
  6.91878140e-01  4.93425727e-01  1.38471037e-01  6.34872735e-01
 -5.52513123e-01 -4.84633371e-02 -1.47273824e-01 -3.18600610e-02
 -6.84269071e-01  1.26880258e-01 -2.89569795e-01  5.94599426e-01
  7.60998726e-02 -3.72537553e-01  8.38408411e-01  6.47066712e-01
  2.40983367e-01  6.10347986e-01  3.87846857e-01 -6.29927889e-02
  3.03672373e-01  1.25191772e+00 -1.00449562e-01 -9.15700123e-02
  3.49157065e-01 -6.89800978e-01  2.42720559e-01  4.04374093e-01
  2.36523896e-01 -3.31564009e-01 -1.58927917e-01 -3.14407170e-01
 -2.27624938e-01 -4.20274258e-01 -3.13153207e-01 -3.05434376e-01
  4.84242260e-01  7.53005892e-02  3.78263563e-01  3.36064100e-01
 -5.74972257e-02  2.65751183e-01  5.54397702e-02  2.25383565e-01
  2.82154232e-01 -2.22438037e-01 -2.19328985e-01 -3.43638174e-02
 -1.65172800e-01  2.55449582e-02 -2.65949368e-01  1.85177222e-01
 -1.74368992e-01 -8.79282728e-02 -3.30946177e-01 -9.18723822e-01
 -8.82182419e-01 -2.72147715e-01  2.10651904e-01  2.40651980e-01
 -1.14584655e-01  1.36117581e-02  1.55838311e-01  3.40700686e-01
  2.37138763e-01 -5.24629243e-02  2.63887376e-01 -1.29561692e-01
 -4.76200193e-01 -4.51452225e-01  4.06595767e-01 -4.56337184e-01
  2.35723570e-01  7.60839134e-02  4.83924240e-01 -3.71537507e-02
 -4.51919734e-01  4.43841182e-02  9.06696096e-02 -2.31893927e-01
  1.76913857e-01  9.50803041e-01  4.86884564e-01  8.29137042e-02
  2.91942134e-02  1.38965115e-01 -3.15649539e-01  1.02276005e-01
 -1.44295603e-01  3.02183986e-01 -1.24873288e-01  4.87102330e-01
  2.26218462e-01 -3.75305355e-01  1.35495171e-01 -4.27335232e-01
 -1.90729618e-01  2.15092823e-01  8.62185359e-02 -2.33046487e-01
 -2.88254380e-01 -3.18867654e-01 -4.05714154e-01 -4.17429447e-01
  2.77064085e-01 -1.69854119e-01  5.94751835e-01  3.07149917e-01
  2.07739145e-01  3.79736036e-01  4.93568331e-01 -1.71859022e-02
 -4.09892738e-01 -2.45354220e-01 -9.99954045e-02  9.47394669e-02
  3.82346421e-01  2.61445463e-01 -1.59760088e-01 -4.61174726e-01
 -1.01460230e+00 -5.81917048e-01  1.66623473e-01 -8.24687630e-02
 -2.04264000e-01  1.96960066e-02 -1.22353509e-01  6.92883804e-02
 -6.78367615e-02  7.58985043e-01 -6.62794769e-01  3.96894604e-01
 -4.48826402e-01  7.77220726e-02 -7.71728456e-01 -2.05450729e-01
  2.64341801e-01 -1.03474952e-01 -4.86591727e-01 -2.06243679e-01
 -2.73209631e-01  5.50098002e-01  2.79043406e-01 -7.78760612e-01
  3.61104943e-02  2.85518859e-02 -3.44186485e-01  4.05306458e-01
 -1.25540629e-01  1.44470721e-01 -2.66968518e-01  1.19221322e-01
 -1.99018389e-01 -2.12032199e-01  3.38836223e-01 -5.75821638e-01
 -6.15427792e-01 -1.37577713e-01 -3.19483548e-01  1.11638032e-01
  6.40507460e-01 -4.15780485e-01 -6.52688667e-02  8.54435563e-01
 -1.02743065e+00 -5.11688292e-01  1.01460481e+00  2.71665752e-01
 -1.81361032e+00  3.38327914e-01  3.86274427e-01  2.94583917e-01
 -2.97825485e-01  4.33315963e-01  7.01488554e-02  2.03698948e-02
  4.78709012e-01 -3.52108568e-01  8.41929078e-01  3.67632985e-01
 -5.81339657e-01 -2.81565875e-01  1.97141603e-01 -2.76818275e-01
  8.67391467e-01 -4.07694846e-01 -5.66663027e-01  2.92635292e-01
 -2.68072248e-01  1.12742677e-01 -7.33208805e-02 -4.02045101e-01
 -1.82987541e-01  4.00895000e-01  2.18585119e-01  1.35418773e-01
 -5.19811362e-02 -8.18471432e-01  4.13604975e-01  9.09234762e-01
  7.24215508e-01  4.83727515e-01 -2.55004972e-01 -1.25508383e-01
  4.21825171e-01  4.20730799e-01  5.80236614e-01 -1.85867444e-01
  4.06244956e-02 -4.64619249e-01  8.54801655e-01  5.91755398e-02
 -2.35058814e-01  4.11109298e-01 -2.10020225e-02  3.48257184e-01
  4.90720063e-01  6.53704524e-01  5.88921368e-01  1.56680062e-01
  6.09674811e-01  3.28972012e-01 -2.12863628e-02 -1.63577542e-01
 -4.46752496e-02 -2.32958850e-02  6.53058410e-01 -3.47306639e-01
  4.59011674e-01  2.61282891e-01 -1.31609946e-01  8.08107406e-02
 -1.58480763e-01 -6.18081927e-01 -5.04902378e-02 -1.45893618e-01
 -4.47235823e-01 -8.54337096e-01 -9.14261341e-01  1.72471851e-01
  7.14104176e-02 -4.59813327e-01  4.53078359e-01  7.03968048e-01
  6.04315102e-01 -8.04949641e-01 -1.65063024e-01  6.72368109e-02
 -2.89219618e-02  2.29615763e-01  2.13489279e-01  3.92498374e-01
 -1.01683967e-01  3.58836144e-01 -6.24957144e-01 -2.78982282e-01
 -5.81854522e-01 -1.69315144e-01 -4.03249264e-01  5.35497442e-02
  3.40625376e-01  1.18203834e-01 -2.56768942e-01  3.54282628e-03
 -1.89480945e-01  6.67262316e-01 -4.29691046e-01 -5.66487551e-01
  2.01480165e-01  3.56271207e-01  3.45829934e-01  2.36014605e-01
  1.42922446e-01  6.13235235e-01 -3.85567605e-01  2.28724808e-01
  2.65177935e-01  1.51798623e-02 -4.48409349e-01 -1.09648816e-01
  9.10638869e-01 -6.93002269e-02 -6.12438768e-02 -1.96471095e-01
 -5.52845523e-02  5.13204873e-01  3.99884358e-02 -6.34104788e-01
 -2.99318910e-01  6.03655934e-01 -9.96187925e-02  4.48598385e-01
  7.53996149e-02  8.88164997e-01 -2.69013375e-01  1.21410497e-01
  3.22994113e-01  4.75042947e-02  8.80033612e-01  8.06174800e-02
 -1.76355213e-01 -1.76942974e-01  6.02556057e-02  1.02972853e+00
  4.45703492e-02  2.23000750e-01 -1.43535525e-01  2.43992448e-01
  6.59149885e-02  5.34015656e-01  1.60395280e-01 -5.53998016e-02
 -2.44786277e-01 -1.30293682e-01 -1.33114591e-01 -8.76605093e-01
 -7.61421978e-01 -1.25275239e-01  1.62901834e-01  4.99034300e-02
  2.54717886e-01  2.86862999e-01 -7.20918179e-01 -7.34615549e-02
 -4.56160843e-01  4.02792782e-01  1.58645213e-01  4.29878235e-01
  1.70918375e-01  2.56822050e-01 -6.25776887e-01 -3.37419137e-02
 -2.74285316e-01  1.86628073e-01  3.59268218e-01 -6.30532503e-01
  7.52730072e-02  3.07294101e-01  2.55453855e-01  1.08156793e-01
  1.31891817e-01  6.71951622e-02 -4.17472459e-02 -5.13196528e-01
 -1.74266770e-01  2.05865666e-01  5.07617369e-02 -6.20057404e-01
  4.68324959e-01  6.25903130e-01 -2.42173105e-01 -5.37185431e-01
 -1.31265849e-01 -2.67054647e-01  2.42704332e-01 -8.77834082e-01
 -2.22054243e-01 -5.22810638e-01  6.56591728e-02  5.73242009e-02
  6.93913102e-01  1.23647243e-01  8.03719759e-01  3.86768132e-01
  1.17854793e-02 -1.01652890e-01  3.98105770e-01  8.18810090e-02
 -3.03233236e-01  3.66262436e-01  6.14684761e-01 -1.57605052e-01
 -3.01896315e-03 -7.44467735e-01 -5.14434993e-01 -2.93681413e-01
 -6.67446017e-01 -7.62199998e-01  1.01522899e+00 -2.37336278e-01
  2.11886033e-01 -1.42924815e-01  3.95919472e-01 -4.83777553e-01
 -2.90090680e-01  3.90128553e-01 -1.18338533e-01  6.72414675e-02
 -4.28911716e-01 -2.87847042e-01 -7.94654429e-01 -5.51604688e-01
  3.71353149e-01  2.27185249e-01 -7.63279259e-01 -4.29036647e-01
 -5.36266491e-02 -3.21500897e-02 -8.72444630e-01 -3.05917621e-01
 -5.72250426e-01 -2.73064852e-01  3.47542912e-01  5.16269863e-01
 -2.59889588e-02  3.54794055e-01 -2.68726140e-01  1.27087638e-01
  7.91948080e-01  1.55236855e-01  1.92506567e-01 -1.12887137e-01
  4.23231907e-02  4.80356604e-01 -4.88430530e-01  1.00308165e-01
  1.14547737e-01  2.51527786e-01  2.09338218e-01  5.42884707e-01
  7.35736370e-01 -7.55235195e-01 -1.33825988e-01  8.36550117e-01
  2.53993869e-01  8.84455621e-01 -4.55219448e-01 -6.07674085e-02
 -1.00413656e+00 -3.72469500e-02  2.40407929e-01 -1.03521012e-02
  7.34858513e-02 -2.68630981e-01 -2.43711859e-01 -3.38459104e-01
 -2.42002793e-02  4.12583679e-01 -2.03910366e-01  1.67042077e-01
 -3.18314433e-02 -5.99473596e-01  6.27565026e-01 -4.94325273e-02
 -2.97119897e-02 -1.97481483e-01 -4.76304084e-01  9.62397978e-02
  7.61820236e-03  7.11464763e-01 -1.68532487e-02 -5.50570302e-02
 -4.93873805e-01 -2.51876026e-01 -2.27970406e-02  6.24435484e-01
  8.91526818e-01 -7.23901093e-01 -1.61094051e-02  4.09999609e-01
  5.52962303e-01  3.41527909e-02  3.67163010e-02 -1.11590111e+00
  1.41770914e-01  5.29384539e-02 -4.79641378e-01  4.03638631e-01
  1.21119097e-01  6.15789831e-01 -6.41079366e-01 -3.23200732e-01
  4.63711619e-01  9.71996367e-01 -4.60470431e-02 -5.27029216e-01
  1.75885782e-01 -1.19178697e-01  9.98980105e-02  2.04179212e-01
  2.21788138e-01 -8.49649757e-02 -2.44336620e-01 -1.55106351e-01
 -2.67788023e-01  2.88561553e-01  7.60178939e-02  4.15404104e-02
  1.03684537e-01  2.65897542e-01 -5.28784394e-01 -3.54581475e-01
 -5.91718629e-02 -1.94182262e-01 -9.40602720e-01  9.10492986e-02
  1.52979702e-01  1.32715508e-01  2.55936801e-01  1.06701262e-01
 -3.42154652e-01  2.88453013e-01 -7.89576322e-02  4.84134674e-01
 -9.41674933e-02 -5.95664740e-01  8.33298042e-02 -4.07678634e-01
 -8.40194747e-02 -1.02257252e+00  8.75949487e-02  1.27338007e-01
  3.04559767e-01 -2.28859991e-01  2.14389279e-01 -1.16544619e-01
  3.20370436e-01  5.82718909e-01 -2.55125612e-01  3.88541698e-01
 -1.00992451e+01 -1.98522195e-01 -4.56862003e-01 -1.59178197e-01
 -4.74128947e-02  3.45843226e-01  1.19737792e+00 -4.68272775e-01
 -5.39454639e-01  2.87652254e-01 -3.65662396e-01  3.49332839e-01
  2.99085528e-01  6.21679306e-01 -8.96787107e-01 -3.17494750e-01
  3.42630118e-01  8.52470919e-02 -9.82790068e-02  5.46869300e-02
  1.19860113e-01 -4.70420510e-01  3.33563775e-01  5.29118896e-01
 -1.86362922e-01 -6.17052555e-01 -5.79938710e-01  8.04432556e-02
 -5.82980454e-01  7.87644207e-01 -8.04244399e-01  9.78738844e-01
 -2.20182106e-01  3.29968095e-01 -4.93967146e-01 -1.33501906e-02
 -1.67733997e-01 -1.30124465e-01 -4.51653779e-01  1.12580955e-01
 -6.55309111e-02  7.73898959e-01 -1.61629453e-01 -2.20354781e-01
  7.88054347e-01  1.50541604e-01  2.03217313e-01  4.17485327e-01
 -7.36427307e-02 -2.45632827e-02  7.27302805e-02 -2.76221216e-01
 -2.69859396e-02 -1.95046380e-01  3.03573579e-01  5.51763140e-02
  8.07272792e-01 -2.74908513e-01 -2.81127691e-01 -4.86348048e-02
  2.71791905e-01  4.50816974e-02  5.73258638e-01  2.60416299e-01
 -4.97566998e-01  2.05143273e-01  2.01208800e-01  7.22116455e-02
 -8.16200137e-01 -5.44714332e-01  8.27346444e-01  2.04882130e-01
 -2.36369982e-01 -8.02892755e-05 -1.02842227e-01  7.35991541e-03
 -1.16233245e-01  1.17949337e-01  1.03608751e+00  1.02492794e-01
  3.08060914e-01 -2.50722915e-01  7.24604651e-02  3.18337008e-02
 -8.81892622e-01  3.86458695e-01 -3.69760096e-01  2.85119146e-01
  4.90103424e-01 -3.46821308e-01  5.59751689e-01  4.40444350e-01
 -2.55365521e-01  3.65781076e-02  3.77778709e-01 -3.16377640e-01
  9.52511653e-02 -2.37753198e-01  1.66107729e-01  1.96037456e-01]"
ツ,"[ 5.93054652e-01  6.31973743e-01  1.03743041e+00 -3.38346958e-01
 -3.17314506e-01  1.53912351e-01  3.15369278e-01  1.51547164e-01
 -4.57865357e-01 -2.20222011e-01  5.76399744e-01 -3.91476065e-01
 -1.33452311e-01  2.79024214e-01  3.35606664e-01  1.37487009e-01
  2.61563778e-01 -2.28357583e-01  4.92620841e-02 -7.41534173e-01
 -9.50193763e-01 -6.12515390e-01 -4.34492260e-01  4.54787582e-01
  7.51314908e-02 -2.52016306e-01 -4.93485093e-01  6.05775714e-01
 -1.70909956e-01 -6.64632380e-01 -3.49549532e-01 -1.44126952e-01
 -6.26271032e-03 -2.70445645e-01 -4.18693185e-01  3.66081923e-01
 -9.08106416e-02 -1.67567566e-01  2.11204201e-01 -3.60965729e-01
 -1.14444247e-03 -2.14913532e-01 -4.87886727e-01  2.32112721e-01
 -4.77376610e-01  6.70569420e-01 -9.40615907e-02  1.54971063e-01
  2.92042106e-01  6.08545803e-02 -3.01110178e-01  6.00833297e-01
 -1.35813415e-01  8.39150250e-02  4.55926627e-01 -4.41419542e-01
  2.60415792e-01 -4.71800208e-01 -1.63885862e-01  1.06522053e-01
 -1.59824967e-01 -1.17468774e-01  4.50728893e-01  1.67311013e-01
 -1.66427702e-01 -2.49589533e-01  2.20223367e-01 -1.80876836e-01
  1.08066872e-01 -9.67219412e-01 -1.31951064e-01 -2.58802082e-02
 -1.50461033e-01 -4.68418270e-01  4.98867363e-01  2.43514460e-02
  4.68619429e-02  2.81541646e-01  3.76499176e-01  3.90359312e-02
 -3.03812642e-02  5.56054294e-01  2.74985075e-01 -6.51585042e-01
 -1.58623844e-01  2.88541615e-01 -5.72049022e-01 -9.29416120e-01
  2.64997065e-01 -2.49971077e-01  1.53992191e-01  4.67643775e-02
  1.22241378e-01  1.43719867e-01 -8.80763903e-02  8.17514434e-02
 -1.37730427e-02  3.03064100e-02 -1.82975069e-01  2.70702749e-01
 -1.06515467e-01  1.08411767e-01  2.14313090e-01 -4.60908115e-01
 -1.05703540e-01  4.34699774e-01 -3.12488884e-01  1.87799945e-01
  2.35221758e-01  9.21714008e-02 -1.80327550e-01 -1.84084579e-01
 -7.12374568e-01  1.50278956e-01  2.76150644e-01  1.74813911e-01
  9.21629276e-03  3.54635179e-01 -4.53446448e-01  4.60162103e-01
  5.43807819e-02  4.50085491e-01  1.63460001e-01 -5.35523951e-01
 -2.58360445e-01  4.78288740e-01  1.05740577e-01 -9.72614884e-02
 -3.85400295e-01 -3.68733704e-02 -5.14321506e-01 -1.66028574e-01
 -2.61615694e-01 -2.34482318e-01 -1.48843810e-01  9.75131094e-01
  1.55135244e-02  2.06181351e-02 -2.67561898e-02 -8.91184881e-02
 -6.97191358e-01  3.06477070e-01  1.04075082e-01 -3.07842433e-01
  2.36447006e-01  8.45491216e-02 -6.16469324e-01 -1.15081584e-02
 -9.82868075e-02  4.13612545e-01 -2.35832080e-01  9.88422036e-01
 -7.58666992e-01  4.72182482e-01  3.41621876e-01  2.27347150e-01
 -4.13756937e-01  6.71729147e-02  2.23990455e-01  2.37898961e-01
  3.37500215e-01 -3.55970323e-01  2.47457281e-01  5.22889495e-01
  1.55343041e-01  3.29023629e-01  6.76953912e-01  1.03399821e-01
  1.68621317e-01  6.27864659e-01  2.53408551e-01  4.74841982e-01
  4.06576723e-01 -2.25432307e-01  1.25512406e-01  1.80875376e-01
  3.66562694e-01  4.11012806e-02  6.33999482e-02 -3.03811669e-01
  4.02486891e-01  2.25465655e-01  3.91595632e-01 -3.89827818e-01
  1.64712384e-01 -9.10687670e-02 -6.17955886e-02  7.92720392e-02
  2.14447603e-02 -5.54776471e-03 -1.61833882e-01 -1.38865158e-01
  3.17331403e-01 -3.40902805e-01 -1.76126644e-01 -6.22356534e-01
  8.21443051e-02  8.42387229e-02 -5.67101240e-01  2.41387129e-01
  8.37173238e-02  3.20969187e-02 -8.50063041e-02 -6.65098071e-01
 -9.84754860e-01  3.60095836e-02  2.41818115e-01  6.08451784e-01
  8.06956768e-01  2.81766176e-01 -9.29860473e-02  2.53277109e-03
  4.18947428e-01  1.99152201e-01  4.85445112e-01  1.92844465e-01
 -3.37190986e-01 -4.52641368e-01  3.02482257e-03 -2.51425534e-01
  3.63532513e-01 -9.91331134e-03  2.24667847e-01  9.34928954e-02
  3.12020451e-01  5.91023028e-01  2.89616317e-01 -3.11537862e-01
 -1.82891920e-01  1.78330034e-01 -4.44863766e-01 -4.78335470e-01
 -6.94796681e-01 -2.77433366e-01 -1.06586099e+00 -8.27516541e-02
 -1.44576892e-01  4.42896485e-01 -3.88468176e-01  1.79802507e-01
  8.41944590e-02 -2.34571114e-01  1.72580764e-01 -6.22433901e-01
 -9.22546983e-02  2.92022347e-01 -2.57126421e-01  2.42164116e-02
 -2.25935161e-01  7.69189149e-02 -1.19292557e-01 -6.40552640e-01
  4.77488190e-01 -2.45089531e-01  5.89251697e-01  2.12640911e-01
  4.18048948e-01 -5.16140640e-01  4.68056947e-01 -6.23251915e-01
  1.64984390e-01 -4.07239109e-01 -2.56092608e-01 -1.04508609e-01
  3.66087295e-02 -4.40852270e-02 -1.67182591e-02 -7.41434336e-01
 -7.63267040e-01 -6.71020031e-01  4.08105940e-01 -3.77534419e-01
 -1.79519504e-01 -2.68681854e-01  9.10318792e-02  1.88492581e-01
 -3.94902855e-01  3.07717770e-01 -4.48317796e-01  8.59495625e-02
 -3.69568586e-01  1.50235659e-02 -4.44562376e-01 -7.99343437e-02
 -2.07168445e-01 -1.20681457e-01 -3.15463930e-01 -2.61234671e-01
 -4.70812380e-01  5.48560262e-01  3.39034051e-01 -5.00531614e-01
 -1.77754298e-01  2.37363741e-01 -6.71192050e-01  5.02425075e-01
  4.33513820e-01  5.07969260e-01  9.20075923e-02 -2.37593815e-01
  1.14749134e-01  4.10525888e-01  1.94923222e-01 -5.02009809e-01
 -9.19230953e-02 -2.79888600e-01  1.65445015e-01 -1.50376469e-01
  3.02746981e-01 -8.91336650e-02  8.01515132e-02  8.00420344e-01
 -7.20185876e-01  3.82074833e-01  4.18466628e-01  6.24531806e-01
 -1.58155990e+00 -1.63273260e-01  3.23990941e-01  1.56616807e-01
 -2.85761863e-01  2.13390306e-01  6.22513354e-01  1.32764697e-01
 -5.07827640e-01 -6.07454956e-01  7.86349297e-01 -1.37129784e-01
 -4.02927659e-02  1.29466593e-01  4.33317035e-01  9.55873802e-02
 -7.22486898e-02 -2.39398569e-01  2.70016164e-01  3.44933212e-01
 -4.14106876e-01 -1.10244639e-01  1.78232610e-01 -4.78728235e-01
 -5.97938120e-01  5.34675300e-01 -2.81399429e-01  4.62422185e-02
 -5.26508749e-01 -2.26671472e-01  2.63142914e-01  1.23555315e+00
  9.06456888e-01  4.72202837e-01 -4.69096184e-01  3.97255607e-02
  2.95152754e-01  9.27587226e-02  4.36679989e-01 -4.56834972e-01
 -5.90069853e-02 -2.20178396e-01  2.60797739e-01 -3.32017866e-04
 -2.06950381e-01 -2.99770951e-01  6.51008741e-04 -2.24055022e-01
  1.38122231e-01  1.75745636e-01  6.39236927e-01  5.88848948e-01
  7.19190687e-02  2.77102858e-01  5.82066476e-01  2.16311961e-01
 -1.70263752e-01 -6.40766442e-01 -2.30413541e-01 -5.68587244e-01
  2.90704947e-02 -3.38953942e-01  3.12527008e-02  1.81268796e-01
 -6.44818321e-02 -2.55915046e-01 -1.90084308e-01 -7.55711079e-01
 -3.13365348e-02 -6.44157767e-01 -1.46841154e-01 -4.33835089e-01
 -1.41964793e-01 -5.82514048e-01  5.22669613e-01  2.56532013e-01
  4.11837041e-01 -2.65571237e-01 -6.84333980e-01  3.32307428e-01
 -4.00399417e-01  2.06229866e-01 -1.33592084e-01  2.60509789e-01
 -4.81329948e-01  2.42689289e-02 -7.52809644e-02 -4.78108406e-01
 -5.65111399e-01 -8.87082592e-02 -1.04523158e+00 -4.79845367e-02
 -2.66531497e-01  8.26450288e-01 -3.27674337e-02  2.85120279e-01
  4.31138948e-02  2.52920598e-01 -1.52341291e-01 -3.42377901e-01
 -2.89321750e-01  3.02034825e-01  6.61273122e-01  5.66177130e-01
  5.04028320e-01  3.27413112e-01  3.73967439e-01  2.12331444e-01
  3.67514849e-01 -7.76118934e-02 -7.36723125e-01 -1.21164195e-01
  4.99236196e-01 -1.67580128e-01  1.14323527e-01  1.70401514e-01
  1.82005525e-01  7.76777327e-01 -4.02723670e-01 -1.36259639e+00
 -3.62330899e-02  2.31313914e-01 -6.11715205e-03  3.95618588e-01
  6.89358473e-01  6.49379611e-01  1.68875813e-01  3.07827920e-01
  1.79943383e-01  5.88066094e-02  3.48358154e-01 -1.07764162e-01
  4.42926407e-01  1.75804436e-01  4.12040174e-01  5.61165810e-01
  2.70444304e-01  3.96539837e-01  7.22435355e-01  5.81487000e-01
 -3.75631601e-01  3.89082193e-01  2.34206215e-01 -6.45181462e-02
 -4.64044631e-01  3.88724625e-01 -5.32438338e-01 -1.56040117e-01
 -4.40344483e-01  1.38371438e-01  8.85570109e-01 -3.94426674e-01
  4.82774436e-01 -3.91781479e-01 -3.31564277e-01 -5.33570290e-01
 -6.43657744e-01  2.25389302e-01 -3.71477544e-01  4.74753138e-03
  4.03961092e-01  1.67642422e-02 -6.07153833e-01  1.63797542e-01
  3.15056533e-01  5.81275940e-01  1.68434724e-01 -3.42039049e-01
 -3.63199413e-02  5.71580946e-01 -2.08626255e-01 -1.29445828e-02
  1.73548475e-01 -5.56816049e-02 -2.27941990e-01 -9.74845469e-01
 -5.03141522e-01 -1.16645418e-01  9.46948007e-02 -5.06972015e-01
  6.75150454e-01  4.82142806e-01 -5.62234879e-01 -2.52805948e-01
 -3.16546917e-01 -5.73950410e-02 -8.56062025e-02 -5.31324863e-01
  1.03178859e-01 -7.95996413e-02 -1.23421298e-02  6.55670106e-01
  5.35984337e-01 -4.28724408e-01 -5.57401143e-02  5.66330373e-01
  3.62647355e-01  4.24878709e-02  2.00143695e-01 -4.51183498e-01
 -4.79660392e-01  5.60747162e-02  2.92415738e-01 -8.92062262e-02
 -1.26171678e-01 -2.47355521e-01 -5.90400398e-01 -5.41651428e-01
 -3.02963138e-01 -1.24599636e+00  4.30589676e-01 -4.74571697e-02
  3.65876317e-01 -1.09364641e+00  2.65629798e-01 -1.48231715e-01
  4.52908427e-01 -1.17568851e-01  5.35040796e-01 -7.83148408e-02
 -8.81633103e-01 -2.90599912e-02  2.55460083e-01 -4.95382816e-01
  1.01877964e+00  5.99872589e-01 -3.33801836e-01 -2.95218706e-01
  2.19536379e-01  1.34753346e-01 -1.53826803e-01  1.61928892e-01
 -2.18645781e-01 -3.78058046e-01  8.16185698e-02 -9.91635993e-02
  3.99884731e-01  3.49968255e-01  1.32835768e-02  7.84867257e-02
  7.46547461e-01  1.67585403e-01  5.67745447e-01  3.43107969e-01
 -6.40130758e-01 -6.30431697e-02 -4.24698025e-01  2.37113789e-01
  1.23999968e-01  7.86675453e-01 -2.24457860e-01  3.43409002e-01
  6.81579888e-01 -2.36948401e-01 -1.11627102e-01  5.49222469e-01
  7.97847286e-02  3.61143678e-01 -1.64887279e-01  8.69230479e-02
 -9.79767382e-01  3.18145871e-01  2.97810853e-01  1.51207387e-01
  5.99983111e-02  1.21585131e-01  1.28585761e-02 -8.22406709e-01
  2.65094697e-01  6.52206242e-02 -2.65663743e-01  2.78957367e-01
  3.24606329e-01 -6.27619699e-02  8.22525263e-01  3.37410361e-01
 -2.73981065e-01 -5.44343330e-02 -1.59358665e-01  8.00446153e-01
  8.54212821e-01 -1.37147456e-01  4.37386125e-01 -4.90453899e-01
 -8.21708441e-01  2.43767127e-01  1.17553338e-01  3.25485438e-01
  6.08734131e-01 -4.99935985e-01 -3.56372505e-01  6.48382843e-01
  2.60487318e-01  1.23897068e-01 -2.65856236e-01 -4.23188478e-01
  3.21372062e-01 -9.52896774e-02 -9.99052972e-02  2.13368446e-01
  2.74972856e-01  5.59816003e-01  4.74202037e-01  1.23255827e-01
 -3.89277786e-01  7.70849645e-01  4.01249155e-02 -4.25729841e-01
  1.60591438e-01 -6.24344647e-01  1.91366538e-01  2.53939450e-01
  3.62298101e-01  1.14751421e-01 -3.00408155e-01  2.21279413e-01
 -3.05855602e-01 -1.42267123e-01 -3.53112787e-01  4.56153959e-01
  1.53230906e-01 -8.16366374e-02 -2.91995317e-01 -5.06588340e-01
 -2.15198979e-01 -2.21242458e-02 -8.62219751e-01 -6.20679744e-02
  9.31381062e-02  2.48438075e-01 -2.22354665e-01 -1.84063073e-02
 -7.27000237e-01 -3.78167182e-01 -3.25843364e-01  3.78066629e-01
 -7.06938386e-01 -3.96107137e-01  5.64179420e-01  9.21429172e-02
 -1.90799348e-02 -1.30559301e+00  5.10205030e-01 -7.26425573e-02
  2.44777650e-01 -1.59302056e-01  1.41413763e-01 -4.17100400e-01
  4.53599133e-02  8.63836333e-02 -2.98153698e-01  8.65919068e-02
 -1.01870337e+01  2.16223821e-01 -5.15332103e-01 -4.30300862e-01
 -5.00162661e-01 -7.47401714e-02  8.72419477e-01  4.47256416e-01
 -1.86784685e-01  6.05300307e-01 -1.99960366e-01  6.10309899e-01
  3.53901982e-01  2.62665115e-02 -1.96473315e-01  9.74662229e-02
 -2.96127349e-01 -5.57382181e-02 -2.70759046e-01 -9.54452828e-02
 -4.60564673e-01 -3.72810394e-01  7.33393729e-01  4.50788796e-01
  6.29659116e-01 -1.57702535e-01  1.32048354e-01  4.13061649e-01
 -3.31314117e-01  3.68720263e-01 -1.03724337e+00  5.49242020e-01
 -3.11428607e-01  7.60378182e-01  1.52323395e-01  8.01357627e-02
  6.27902970e-02  1.70735419e-01 -2.68398166e-01  4.23721880e-01
  4.93558913e-01 -3.09099872e-02 -7.72415921e-02  3.53514850e-02
 -2.98044205e-01  3.58415954e-02 -1.19324647e-01  7.53478631e-02
  5.91220021e-01 -2.72128522e-01 -4.93429005e-02 -1.86581269e-01
  1.33067638e-01 -2.25517973e-01  2.00520188e-01  1.49728149e-01
  8.18328917e-01 -6.64590061e-01 -3.17550451e-01  9.87665951e-02
  5.90586960e-01 -6.58743680e-02  4.69421178e-01  6.20416582e-01
  1.04325533e-01  5.02266645e-01  3.52702737e-01  2.42429018e-01
 -1.14290822e+00 -2.23148361e-01  3.11280310e-01  7.61534333e-01
 -2.10704356e-02  3.10787577e-02 -1.68237954e-01  2.66182274e-01
  1.29674822e-01  1.88206553e-01  4.32092816e-01 -7.68738389e-02
  1.99163601e-01 -1.85180590e-01 -6.95248768e-02  5.90726435e-01
 -7.08386242e-01  1.37811095e-01 -6.11194149e-02 -3.21356416e-01
  2.62741297e-01 -4.81617630e-01  3.14485490e-01 -1.78254366e-01
 -8.47641468e-01  5.24996400e-01  7.51510680e-01 -3.50318164e-01
 -3.77528638e-01 -9.29861590e-02  2.22409159e-01 -2.93462634e-01]"
カ,"[ 3.58623505e-01 -2.46663745e-02  7.75448501e-01 -8.84407759e-01
  2.05631573e-02  3.39202523e-01 -1.35529384e-01 -5.29141799e-02
 -4.17153358e-01  3.07938814e-01  7.79973149e-01 -1.58491731e-01
  2.73954391e-01 -6.79569840e-01  6.54694617e-01 -5.09500563e-01
  2.79152691e-01 -1.55786097e-01  7.91591853e-02 -4.01464760e-01
 -8.99065256e-01 -9.26213205e-01 -1.83110192e-01  1.54470608e-01
 -9.02618244e-02  1.37811098e-02  1.21721886e-02  2.65641689e-01
 -1.97515488e-01  1.73800450e-03 -1.44873202e-01 -5.53951979e-01
 -1.02262542e-01  5.79993427e-02 -1.09505653e+00 -1.95033997e-01
  1.50330216e-01 -1.41734228e-01 -9.51748267e-02 -5.36378443e-01
  3.32558602e-01  3.11147776e-02 -6.13094509e-01 -1.33484438e-01
 -1.43150702e-01  5.45336604e-01 -2.29549840e-01  3.67545485e-01
 -1.44952787e-02 -7.86912739e-02 -4.05287087e-01  1.60253420e-01
  1.48657605e-01  1.46855205e-01  1.35043159e-01 -3.60164315e-01
  1.21215262e-01 -8.88408124e-01 -3.86912338e-02  8.90291296e-03
 -4.12297577e-01  1.84104204e-01  2.63562113e-01  3.95972162e-01
 -2.63143957e-01  4.52321544e-02  9.61821601e-02 -4.72497046e-02
  7.39715621e-02 -6.48744583e-01 -3.36413719e-02  1.64206326e-01
  1.29086927e-01 -4.54291046e-01  7.61634171e-01 -2.88086832e-01
  1.88634962e-01 -1.51704654e-01  3.14154088e-01 -4.34453413e-02
 -4.34984684e-01  1.72228113e-01 -1.45956039e-01 -3.82179230e-01
 -2.66938031e-01  1.74713507e-01 -4.73184168e-01 -8.13936889e-01
  8.41606438e-01 -1.63370445e-01  3.98811787e-01  3.35717320e-01
  1.42418474e-01  2.34820977e-01 -3.75823498e-01  1.53101116e-01
  1.80200025e-01 -5.68276718e-02 -3.80255103e-01  6.07531250e-01
 -1.82700142e-01  5.76381758e-02 -3.03319804e-02 -2.17319041e-01
  3.21460456e-01 -3.65903884e-01 -3.78341734e-01  1.67370379e-01
  3.26045692e-01 -1.77744448e-01 -4.28996652e-01 -3.37885380e-01
 -5.36792994e-01  3.36251765e-01  3.13205421e-01 -3.23720835e-02
 -2.09487334e-01  2.36570567e-01  3.92595269e-02  4.16601747e-01
  2.06613198e-01  5.64181983e-01 -1.32583544e-01  9.94166546e-03
 -9.32277665e-02  4.95230347e-01  9.01037604e-02 -6.32624030e-01
  1.58358559e-01 -2.86766887e-01 -1.73558444e-02  1.07340008e-01
 -4.51720394e-02 -1.58379287e-01 -3.47066075e-01  1.00911450e+00
 -1.72081903e-01  4.28343192e-02 -1.08846836e-01 -5.53245187e-01
 -3.17088962e-02  1.57655567e-01  2.14766219e-01 -2.54550487e-01
  1.04970887e-01  2.99687594e-01  1.89547196e-01 -7.63222635e-01
  1.11502409e-02  1.36825204e-01 -1.47052079e-01  1.06679690e+00
 -7.71152258e-01  2.61684030e-01 -2.60864586e-01 -4.06512246e-02
 -5.02321661e-01  8.80809948e-02  5.01655638e-01  4.69206512e-01
  1.57339752e-01 -5.43632388e-01  5.91759145e-01  5.71602881e-01
  4.12188023e-01  3.37212831e-01  8.57105330e-02 -2.18367904e-01
 -1.45391166e-01  2.89241046e-01 -2.56868720e-01  1.15889378e-01
  1.48382783e-01 -4.54930305e-01  1.39046222e-01  4.08452988e-01
  2.68079937e-01 -1.32260621e-01  4.45829958e-01 -9.17394400e-01
  1.21634929e-02 -1.29310846e-01 -2.40721285e-01 -6.55108631e-01
  5.75766742e-01 -1.57064945e-01 -2.02726319e-01 -2.56978065e-01
  3.70329581e-02 -5.15710235e-01  9.59524959e-02  4.32647280e-02
  6.84190571e-01 -1.56286225e-01 -1.19201258e-01 -4.01351511e-01
  1.61897153e-01 -1.43419474e-01  4.97052148e-02  5.62051535e-01
  1.37465179e-01  1.46439686e-01  6.39640493e-03 -1.10575020e+00
 -5.28054357e-01  1.39588684e-01  7.02512980e-01  6.46990657e-01
  3.36560547e-01  3.55961710e-01 -3.14682722e-01 -2.04505265e-01
  2.06223518e-01  3.48682970e-01  5.52944124e-01 -1.65666640e-02
 -7.39449561e-01 -3.70001137e-01  3.48041385e-01 -1.95296228e-01
  3.64514917e-01 -3.96472722e-01  1.47909656e-01 -1.23007759e-01
 -1.66088358e-01  3.02128971e-01  2.42732868e-01 -4.32539165e-01
 -1.25467569e-01  7.21932948e-01 -5.37491798e-01 -3.94340783e-01
 -6.42009258e-01  1.48062214e-01 -3.87935340e-01  1.26514211e-01
 -3.87917072e-01  2.45502919e-01 -5.14781237e-01  1.67034715e-01
  2.13678837e-01 -9.73865539e-02  1.90267146e-01 -3.02353382e-01
 -1.98651329e-01  2.05969542e-01 -4.91631292e-02  1.52407825e-01
 -3.03271323e-01 -6.56548962e-02 -5.80709100e-01 -4.50180680e-01
  1.67043418e-01 -3.80928963e-01  6.60770416e-01  1.63124174e-01
  1.35975048e-01 -7.01999813e-02  3.47878784e-01 -6.32830441e-01
 -1.44762829e-01 -4.55075115e-01  2.43626311e-01 -1.20690782e-02
  3.93141806e-01  2.13240936e-01  8.69434029e-02 -4.91389245e-01
 -4.09337163e-01 -4.92964417e-01  2.15222612e-01 -2.12857053e-01
 -2.55736828e-01 -1.29893035e-01 -2.42748056e-02  4.75189276e-02
 -2.41011977e-01  3.78963977e-01 -6.74059987e-01  3.41774493e-01
 -1.21557496e-01  5.53519130e-01 -4.47248578e-01 -1.68598294e-01
  3.95195127e-01 -4.91952971e-02 -4.26788419e-01 -4.14090097e-01
 -2.03364879e-01  2.09795654e-01  3.88204962e-01 -6.76829159e-01
 -2.19864860e-01  3.54496539e-01 -4.50361013e-01 -2.10239254e-02
  5.21236181e-01  2.84831040e-02  8.04966912e-02  2.86666632e-01
 -8.99264291e-02  1.58280760e-01  5.97535729e-01 -5.80159724e-01
 -2.41445109e-01 -5.60136199e-01 -2.93470304e-02 -3.48329276e-01
  5.56526780e-01  2.30383947e-02  1.48194492e-01  7.26094961e-01
 -4.63306069e-01 -9.25065577e-02  9.19669688e-01  5.36000967e-01
 -1.65137398e+00  2.89298415e-01  6.97310388e-01 -1.96222365e-01
 -2.48253286e-01  5.48110120e-02  1.19285556e-02 -1.02505405e-02
 -2.15799615e-01 -7.55335927e-01  8.92776191e-01  2.45091185e-01
 -2.06558183e-01 -2.45091453e-01  4.92400676e-01  7.27382153e-02
  5.52626327e-02 -4.77321327e-01 -2.58106768e-01  3.70079964e-01
  2.18699321e-01 -1.69243783e-01 -2.95927197e-01 -1.56339571e-01
 -5.49375415e-01  1.43275663e-01 -2.39141226e-01  2.10572466e-01
 -4.81670737e-01  3.63241844e-02  3.82827461e-01  1.13138402e+00
  3.20399702e-01  5.80115676e-01 -3.88420105e-01 -7.16237649e-02
  8.46663177e-01  4.57819790e-01  4.99442339e-01  3.78467560e-01
 -2.81308055e-01 -2.93053031e-01  6.19681478e-01 -5.02775423e-02
 -3.03343028e-01  3.20499182e-01 -1.04893170e-01  2.07846895e-01
 -1.03425182e-01  6.94383830e-02  1.11082636e-01 -1.49621904e-01
  1.32135212e-01  7.33817935e-01  6.12316489e-01  1.74469128e-01
 -9.40590948e-02 -4.33509260e-01  5.79937808e-02 -1.72508448e-01
  2.55798876e-01  4.38544452e-01 -2.90040284e-01 -2.99348027e-01
 -1.93711147e-01 -2.49136806e-01 -2.32577637e-01 -3.40362430e-01
 -4.00767982e-01 -9.23901081e-01 -1.06636667e+00  5.14844134e-02
  3.64310034e-02 -7.81357527e-01  2.97342867e-01  1.25311241e-01
  6.62686706e-01 -4.19278175e-01 -5.31334817e-01  1.36208460e-01
 -4.69912589e-01  4.40434292e-02 -1.70939550e-01  4.09764461e-02
 -2.54860371e-01  2.88720042e-01 -5.70760727e-01 -2.33660102e-01
 -3.97560418e-01 -2.70689547e-01 -4.77144927e-01  8.33981112e-02
  1.56268239e-01  7.86443114e-01  3.29351239e-02  2.74410903e-01
 -8.30293223e-02  1.66195571e-01 -1.35205150e-01 -1.19310774e-01
 -6.01310849e-01  3.27095807e-01  6.02727771e-01  7.36267149e-01
  2.22532064e-01  4.85335290e-01 -1.07432296e-02 -1.67816505e-01
  2.71096110e-01 -2.33207718e-01 -2.86459357e-01 -2.64937460e-01
  5.48817039e-01 -4.61884618e-01  2.98371047e-01 -3.07025105e-01
 -2.51187943e-02  8.15504372e-01 -2.75913030e-01 -6.44754231e-01
  1.93344522e-02  4.44431394e-01  2.74196744e-01  2.01898515e-01
  2.21787766e-01  1.11262667e+00 -1.61107406e-01  6.74714327e-01
  2.07938656e-01 -3.06594729e-01  1.53259989e-02 -2.52609968e-01
  1.08531192e-02  1.80814713e-01  5.40342867e-01  8.98994684e-01
  2.68079460e-01  3.87798011e-01  4.22550350e-01  3.94640565e-02
 -3.09843242e-01 -4.48453352e-02  5.02027273e-01  8.76635760e-02
 -5.82270384e-01  6.71888217e-02 -4.89350617e-01 -3.11073989e-01
 -3.76003265e-01 -1.52919888e-01  2.54867524e-01 -1.87409982e-01
  4.83119279e-01 -4.07314867e-01 -6.55646503e-01 -4.32575643e-01
 -7.92497277e-01  1.22521192e-01 -1.23758957e-01  2.85037518e-01
  5.57697177e-01  5.66789687e-01  1.51675284e-01  7.97831640e-02
  3.05660993e-01  7.30963707e-01  2.39923492e-01 -1.62907496e-01
 -1.68818742e-01  3.58493179e-01  1.53902203e-01  4.34617549e-01
  2.28625417e-01  6.95969686e-02 -3.13285530e-01 -5.33015549e-01
 -3.97986710e-01  1.47943035e-01  1.00019462e-02 -3.02755665e-02
  3.52582216e-01  2.73273457e-02 -1.54553518e-01 -5.19303083e-01
 -2.44539768e-01 -3.31824273e-01 -1.69063598e-01 -7.04006612e-01
 -1.21840023e-01 -5.30770898e-01  1.14736691e-01  4.09819782e-01
  4.93195772e-01 -5.63853145e-01  1.66293547e-01  3.00701708e-01
  1.20490536e-01 -1.54460818e-02  1.16325922e-01 -7.11223111e-02
 -2.87986457e-01 -6.43923953e-02  9.23106298e-02 -8.17050263e-02
  6.59828961e-01  1.59188434e-01 -5.55954158e-01 -2.43936986e-01
  1.15936778e-01 -9.04175043e-01  4.33933824e-01 -1.37775674e-01
  1.39560133e-01 -6.94661975e-01  1.77638426e-01  5.66961803e-02
  2.87550706e-02 -2.34372467e-01  1.43907323e-01  1.38518408e-01
 -7.58113921e-01  3.10334802e-01 -1.81319714e-01 -3.84622782e-01
  7.97916114e-01  5.46773851e-01 -1.85301051e-01  2.61838198e-01
  5.00708103e-01  6.13263138e-02 -4.15486455e-01  3.24717611e-01
 -1.60925969e-01  1.05415650e-01  3.04943383e-01 -1.88915536e-01
  5.68400979e-01  1.68301255e-01  1.19882308e-01  1.03814043e-01
  3.48907083e-01  6.84636235e-01  4.38413203e-01  2.53433138e-01
 -1.55607834e-01 -4.70798522e-01 -7.94094026e-01  3.76302749e-02
  2.78303146e-01  5.75215876e-01 -3.88453275e-01  5.00085056e-01
  6.70906901e-01 -2.61370316e-02  3.63673955e-01  9.21187937e-01
  1.95423767e-01  4.20796484e-01 -4.99180734e-01  6.07120134e-02
 -9.31693137e-01  4.19819355e-01  3.13179880e-01 -9.41114202e-02
 -1.07177213e-01  1.38800368e-01 -5.11286616e-01 -4.66663241e-01
  1.72097191e-01 -1.05628192e-01 -1.70082480e-01 -2.41322935e-01
  6.42610252e-01 -1.10959895e-01  9.40922022e-01  3.93224031e-01
  1.11649428e-02 -4.84756917e-01  1.63169324e-01 -1.47922978e-01
  6.43826902e-01  5.49303964e-02  4.04966950e-01 -2.15639636e-01
 -1.03778875e+00 -4.04413819e-01  2.61354953e-01  2.08905756e-01
  2.86806047e-01 -5.07086396e-01 -3.62063153e-03  4.51601774e-01
  5.59650540e-01  2.33726546e-01 -1.10181369e-01 -4.99156475e-01
  6.02733493e-02 -1.41714185e-01 -2.06763536e-01  3.99964780e-01
  8.63533318e-02  3.39435160e-01  3.76995921e-01 -1.77013367e-01
  8.54547098e-02  4.84107405e-01  1.96362540e-01 -1.33794844e-01
  6.52293503e-01  5.57423271e-02 -1.15380608e-01  6.89100772e-02
  2.01813541e-02 -2.67379105e-01  1.12823248e-02  6.30568624e-01
 -9.38891470e-02 -1.80415940e-02 -5.15584350e-01  3.14987510e-01
 -3.19119431e-02  1.47030190e-01 -4.01001453e-01 -4.66903061e-01
  2.83106536e-01  2.52689123e-01 -3.53933305e-01  2.24920940e-02
 -2.45350897e-01 -2.29598999e-01 -3.57043922e-01 -3.35031182e-01
 -5.43241918e-01 -1.94483936e-01 -3.95304978e-01  4.29940641e-01
 -7.70074725e-01 -5.16545594e-01  4.46759880e-01 -1.45376548e-01
 -1.55776113e-01 -1.12323403e+00  6.05643272e-01 -4.00147796e-01
  6.36294961e-01 -1.85506940e-01 -9.61032361e-02  1.83214974e-02
 -3.13865632e-01 -3.22945774e-01 -5.74643850e-01  4.83222187e-01
 -1.02312622e+01 -1.53170988e-01 -2.06183270e-01 -6.94933414e-01
 -3.92779797e-01 -1.07496738e-01  1.08158612e+00  1.50632700e-02
 -5.57699800e-01  1.20039679e-01 -2.45275140e-01  1.35550335e-01
  5.34533679e-01  3.76105100e-01 -7.03593642e-02 -3.01707648e-02
 -1.40226766e-01 -5.82136810e-01 -3.43775511e-01 -1.21521324e-01
 -7.73715600e-02 -1.95056483e-01  6.71905637e-01 -4.01544832e-02
  7.59009197e-02 -3.98200870e-01 -1.59837261e-01  2.66551733e-01
  1.22852407e-01  4.76531118e-01 -2.14640051e-01  8.28400373e-01
 -1.77804306e-01  6.64553940e-02 -1.84410334e-01 -2.97167152e-02
 -2.54587047e-02  4.63637054e-01 -1.10334717e-01  4.90783155e-01
  3.83713841e-01  3.58788252e-01  1.40073374e-01  4.72070165e-02
  3.78129005e-01  4.28333610e-01  1.36748672e-01  3.20807397e-01
  7.62167990e-01 -7.51866400e-02  4.96974945e-01 -7.55950093e-01
  3.25058818e-01  6.83932751e-02 -4.67355758e-01  4.09008339e-02
  9.32538629e-01 -5.53281605e-01  4.71072271e-03  2.53292948e-01
  3.74016225e-01 -4.09752391e-02  1.16638350e+00  4.04410571e-01
 -2.60072678e-01  3.02253067e-01  1.11051150e-01  1.22262955e-01
 -4.74618435e-01 -4.05456990e-01  3.80825192e-01  1.47620821e-02
  1.46137968e-01  3.14544082e-01 -3.71834219e-01 -8.59000683e-02
 -2.63521336e-02  2.05508903e-01  3.81883562e-01 -6.79506063e-02
  8.54203880e-01  2.12811939e-02 -4.13789153e-01  4.24296439e-01
 -5.25970340e-01  1.24857441e-01  1.41605467e-01 -7.15519413e-02
  5.41422784e-01 -6.79489851e-01  7.72998869e-01 -3.00903887e-01
 -3.18955958e-01  7.00099707e-01  3.12905520e-01 -5.65515816e-01
  3.17841887e-01  1.30851224e-01  8.86329114e-02 -2.18677804e-01]"
ン,"[ 3.17613687e-03 -6.07978404e-02  8.68006200e-02 -6.61807656e-01
  1.11189066e-02  3.26512426e-01  1.91664413e-01 -4.04566735e-01
 -4.29208189e-01 -4.08304513e-01  5.46361029e-01  2.07058281e-01
 -3.82692397e-01  6.25517517e-02  7.95114398e-01 -4.42884237e-01
  3.12596262e-01  3.43851298e-01 -5.23972958e-02  5.17843142e-02
  9.78624746e-02 -5.57179034e-01 -2.74719983e-01  4.72691730e-02
 -4.59600277e-02 -3.68633270e-01  2.24446252e-01 -8.23124871e-02
  9.83265489e-02 -2.37664342e-01  1.59143001e-01 -4.42582101e-01
 -8.01399499e-02 -2.66500235e-01 -3.09830289e-02  1.08848056e-02
 -6.90804943e-02  2.67906427e-01  2.06370443e-01  1.93275303e-01
  1.47970796e-01  7.63707468e-03  1.94862664e-01 -1.71204269e-01
 -5.28566688e-02  1.62715256e-01 -8.94470736e-02  1.00410804e-01
  5.91101348e-01 -2.88962901e-01  1.37422949e-01  5.50191760e-01
  4.75078493e-01  1.71626002e-01 -6.01437613e-02  3.18500221e-01
  8.22449863e-01 -5.57417631e-01 -1.14977181e-01  1.27614051e-01
 -5.70630729e-01  2.01447353e-01 -3.59570861e-01  2.33215570e-01
 -2.31568545e-01  1.06435306e-01  3.59065235e-02 -1.41760200e-01
 -3.78113747e-01 -3.54009688e-01 -2.74864323e-02  4.02396023e-01
 -6.04655266e-01 -3.35921586e-01  5.04861295e-01 -1.39341205e-01
  3.97652686e-01 -1.79454118e-01  2.27434691e-02  1.81479022e-01
 -1.18774094e-01  2.26871729e-01 -9.03581604e-02 -6.76216125e-01
  5.69993667e-02  2.46051811e-02 -2.30012953e-01 -5.12059629e-01
  1.24878541e-01 -4.49353546e-01 -1.13327712e-01 -2.07393631e-01
  3.07430148e-01  1.45306038e-02 -1.84143722e-01  1.83727786e-01
 -6.20439947e-02 -2.28585601e-01 -8.33185613e-02 -1.28377341e-02
 -4.64905530e-01  2.86150634e-01  1.15068398e-01  1.07643448e-01
  5.51507473e-02  1.07568718e-01 -1.80956811e-01  3.81249785e-01
 -1.39119878e-01  4.46294099e-01  2.86272138e-01 -2.63554543e-01
 -2.67962813e-01  5.20831123e-02 -1.24907292e-01  2.64774775e-03
  2.67717317e-02  2.46902078e-01  3.02001107e-02  3.71081442e-01
 -1.09858617e-01  4.69937414e-01  5.87188080e-03 -6.16717003e-02
 -2.28099138e-01 -1.40672177e-01  7.04468787e-02 -3.09187949e-01
 -7.20217265e-03 -3.81282210e-01  1.61726072e-01 -4.14503291e-02
 -5.85693121e-01  2.54744262e-01 -1.13806263e-01  4.81149107e-01
  1.30574569e-01  7.83994868e-02 -3.91741931e-01 -5.68801582e-01
 -3.19120549e-02 -2.43827060e-01  3.64306957e-01  9.48860645e-02
 -1.71864644e-01  2.71617740e-01  3.19801271e-01  1.31136999e-01
  7.37638891e-01  5.04436970e-01 -2.00155348e-01  7.39304841e-01
 -4.96624589e-01 -5.09211002e-03  2.59334475e-01 -1.62421137e-01
 -4.99266744e-01  4.15181309e-01 -1.08698241e-01  6.08009756e-01
  1.55262813e-01 -3.18141460e-01  2.96795756e-01  8.42025757e-01
  1.29516676e-01  7.17563033e-01  3.21345001e-01  4.22184765e-01
  6.05125904e-01  5.96647143e-01 -1.65656701e-01  5.46399534e-01
  3.13374668e-01 -3.28739911e-01  2.96329826e-01  5.74971503e-03
  3.74555811e-02  5.07695258e-01  1.68163180e-01 -9.26605403e-01
 -1.95722863e-01  1.94184914e-01  5.22578396e-02 -4.19142753e-01
  7.75595307e-01  6.69464469e-03  5.30292153e-01  2.60510147e-01
 -6.96816519e-02 -1.84170589e-01 -3.72766554e-02 -9.85671952e-03
  2.62230158e-01 -4.05326307e-01 -5.70496500e-01 -1.91451058e-01
  9.44606438e-02  5.08277006e-02 -4.83355403e-01  4.18068171e-01
  3.13399851e-01 -3.69711295e-02 -2.73024946e-01 -8.95397723e-01
 -8.14264417e-01 -2.51998007e-01 -1.53145298e-01  2.97361761e-01
  1.47576453e-02  9.84799936e-02 -2.79979825e-01 -3.44386131e-01
  3.40916514e-01  6.03276640e-02  2.96489507e-01 -5.70669658e-02
 -9.99072969e-01  2.38197539e-02  4.89080735e-02 -3.46764252e-02
  1.86461926e-01  1.58124045e-02  2.86242902e-01 -5.11531234e-01
 -2.33803719e-01  1.35309905e-01  1.60846829e-01 -2.10655406e-01
  1.54798746e-01  5.37417233e-01 -6.63324967e-02 -1.90049887e-01
 -8.29337060e-01  2.21803054e-01 -4.50445712e-02  4.05446231e-01
 -6.59997702e-01  6.99217796e-01  1.81041267e-02 -2.42955773e-03
  5.48265994e-01  3.27879101e-01  1.13901928e-01  2.34907120e-01
 -3.64142329e-01  3.44855964e-01  1.52600616e-01 -4.32588935e-01
 -6.53170884e-01 -5.37963450e-01 -9.27617610e-01 -3.59889865e-01
 -8.56102630e-02  1.10338099e-01  4.77373540e-01  9.74730402e-02
  2.28224918e-01 -4.77896720e-01  1.22330181e-01 -3.65375876e-01
 -3.75363022e-01 -4.72373843e-01 -2.52517253e-01  3.11940946e-02
 -1.93095580e-01 -2.20293105e-01  8.52293335e-03 -5.55094838e-01
 -7.38495648e-01  1.60837919e-01  7.88786188e-02 -3.68390322e-01
 -4.11453336e-01  6.41935840e-02 -1.21346146e-01 -3.29597801e-01
 -1.12583721e-02  2.54391462e-01 -3.79724205e-01 -2.08807196e-02
 -6.49289191e-01  6.13862753e-01 -6.30755723e-01 -3.39933723e-01
 -1.04494296e-01  1.66841224e-02 -1.44660562e-01 -4.67879236e-01
 -1.89699382e-01  7.63560593e-01  2.99068868e-01 -1.38578862e-01
 -3.64135116e-01 -4.97943729e-01 -5.78303158e-01  4.36944693e-01
  4.17651296e-01  1.07447378e-01  8.78961757e-02  4.02312696e-01
  5.33405006e-01  1.97818547e-01  2.84468293e-01 -1.84748411e-01
 -2.36684322e-01 -2.72533864e-01 -1.30634427e-01  6.27033412e-02
  4.48220760e-01 -3.05838406e-01 -1.22567318e-01  9.93842244e-01
 -4.59341526e-01 -3.65406692e-01  7.31888354e-01 -6.70155808e-02
 -1.39971960e+00  2.08987743e-01  4.64135826e-01  3.39649886e-01
 -4.81524795e-01  7.12354779e-01  1.87801823e-01  5.76931000e-01
 -2.34410152e-01 -4.89848614e-01  5.67231834e-01 -1.24762781e-01
 -4.13682163e-01  4.25400406e-01  1.54349640e-01 -5.03200829e-01
 -8.71274900e-03 -4.59089309e-01 -2.12643519e-01  4.48241919e-01
 -1.86276466e-01 -2.74078120e-02  1.12516331e-02 -4.01343137e-01
 -2.44004950e-01  3.09017986e-01 -1.48792658e-02 -5.37410796e-01
 -5.53410411e-01 -2.89433151e-01  3.39350790e-01  1.05810380e+00
  1.44974336e-01  6.22008622e-01 -4.68728423e-01  4.52818841e-01
  3.88497591e-01  1.07368588e-01  5.57179749e-01  2.76418477e-01
 -2.42470354e-01 -2.15807959e-01  5.62711298e-01  4.15305495e-01
  1.06074534e-01 -4.43860218e-02  1.33653417e-01  6.35653511e-02
  1.82625905e-01 -1.05584092e-01  6.50277615e-01 -1.41808420e-01
  3.53652328e-01  5.14618933e-01  2.33099461e-01 -9.00570750e-02
  7.81622529e-02 -4.57689911e-01  1.09429002e-01 -8.40636492e-01
  5.04574835e-01 -2.83449870e-02 -2.18085330e-02 -5.20893447e-02
 -1.03149295e-01 -4.37160015e-01 -1.79494787e-02 -1.39989480e-01
  2.67539263e-01 -5.08157313e-01 -5.33895075e-01  1.07774056e-01
 -6.89213574e-02 -2.83149242e-01  1.71120137e-01  3.12902868e-01
  4.28791821e-01 -5.32688439e-01 -4.09486890e-01  7.73353815e-01
  1.62159633e-02 -7.25411298e-03  5.61429620e-01  1.17548563e-01
 -7.60221034e-02 -2.11329386e-01 -4.42888379e-01 -2.04645008e-01
 -7.78024912e-01 -3.56423646e-01 -4.52841729e-01  2.16080964e-01
  2.36276343e-01  3.22584599e-01 -1.11663848e-01 -4.70034219e-02
  7.03728721e-02  1.37324661e-01 -6.32245988e-02 -6.52181864e-01
  2.31035039e-01 -1.59226939e-01  5.89680910e-01  8.06764603e-01
  1.58732638e-01 -2.73249149e-01 -1.71576813e-01  2.11646900e-01
  2.31354371e-01  1.23028457e-01 -6.48590446e-01  1.93797164e-02
  5.92741907e-01 -9.51088667e-02 -2.24315897e-01  1.12371504e-01
  3.11464936e-01  4.61230457e-01 -2.76660681e-01 -3.82485032e-01
 -3.53952907e-02  3.31824541e-01 -5.21954633e-02  3.87284011e-01
  9.41041410e-02  1.02863395e+00  2.51859516e-01 -7.52753988e-02
  2.33967155e-01 -3.08179170e-01 -7.24743828e-02 -2.20114797e-01
  2.93157399e-01  1.90492213e-01  9.27618966e-02  5.09248078e-01
  1.10045530e-01 -3.63772511e-01 -2.76042730e-01 -8.28023702e-02
  3.29618990e-01  1.68551907e-01  9.73466262e-02  2.86636442e-01
 -5.14961481e-01 -3.74912634e-03 -3.45947295e-01 -4.57727015e-01
 -1.33094743e-01  1.08476266e-01  6.00565195e-01  1.60536230e-01
  5.43937564e-01 -5.33170700e-01 -3.25734526e-01 -3.71145517e-01
 -4.54083532e-01 -1.34091273e-01 -2.62034595e-01  2.08984196e-01
  1.86641410e-01  1.43626943e-01 -4.56720203e-01 -3.66131932e-01
 -8.83623958e-02  3.65077525e-01  2.15740874e-02 -1.00308716e+00
 -4.10585403e-01  6.31158948e-01 -1.84855133e-01 -3.69897455e-01
  1.03659995e-01  2.36632690e-01  1.72609523e-01 -2.16003954e-01
 -2.13409830e-02 -1.68961227e-01  3.04128975e-01 -1.61232110e-02
  4.92134273e-01 -9.64426622e-02 -2.04459786e-01 -3.32964689e-01
  5.66480383e-02 -2.57824510e-01 -3.34034473e-01 -5.72498620e-01
 -3.06880534e-01 -4.57549095e-02  1.79456457e-01  1.16783254e-01
  4.51031655e-01 -2.44654551e-01  4.98524696e-01  3.15715522e-02
  1.46785304e-01 -9.06953961e-02  2.86881000e-01 -2.87588745e-01
 -1.96511522e-01 -1.93210766e-01  5.32663286e-01  2.68179744e-01
  3.17699850e-01 -2.00333640e-01 -5.33043921e-01 -1.28149822e-01
 -2.39200979e-01 -5.19485593e-01  5.82714915e-01  9.00339633e-02
  5.45618236e-01 -1.83607638e-01  2.24078834e-01 -1.90752864e-01
 -1.51288521e-03 -3.93022567e-01 -1.05430625e-01 -1.07825808e-01
 -8.34050000e-01 -1.86623216e-01 -3.21225554e-01 -4.42048252e-01
  5.20093322e-01  2.66908616e-01 -6.01378739e-01 -3.17012846e-01
  1.42521292e-01 -3.42735127e-02 -4.50731009e-01 -8.93237889e-02
 -5.12572050e-01  1.82778418e-01  4.87899512e-01  4.28265184e-01
  4.14472908e-01 -2.68916726e-01 -6.81961894e-01  1.48743704e-01
  7.06680298e-01  1.27625644e-01  2.58611500e-01  1.33899599e-01
 -6.30201921e-02  6.87753735e-03 -3.61166924e-01  5.99597991e-01
  3.28471392e-01  6.11234367e-01 -1.59367308e-01  5.79657137e-01
  5.70499778e-01 -2.03969046e-01  2.70966887e-01  9.04450119e-01
  3.97225410e-01  6.36755407e-01 -5.77708259e-02  3.68234590e-02
 -5.47057211e-01  2.95317620e-01 -2.78408259e-01  2.50532746e-01
  2.95597583e-01 -3.87314558e-01 -1.06711723e-02 -4.47060823e-01
  5.82158118e-02  3.54063928e-01 -2.57291913e-01  6.40492439e-02
 -1.53027967e-01 -5.27771890e-01  3.81747633e-01 -1.58414677e-01
 -7.10591152e-02  1.84038460e-01 -3.50280739e-02  4.53729361e-01
  5.28607190e-01  2.89910972e-01 -4.13019881e-02  2.18813434e-01
 -6.56645000e-01  8.71488005e-02 -4.67824578e-01  2.55652428e-01
  8.07451427e-01  1.06632136e-01 -7.05801308e-01  1.14724427e-01
  7.12393165e-01 -3.56042296e-01  6.12720251e-02 -1.09155071e+00
 -1.83731511e-01 -1.11092418e-01  1.16029590e-01  1.15147159e-01
 -1.75462157e-01  4.96920139e-01 -3.07970017e-01 -1.20885350e-01
 -2.61702031e-01  7.54705608e-01  6.75808936e-02 -2.03601196e-01
 -8.34806710e-02  5.29114045e-02 -5.20556681e-02  2.55377173e-01
  5.19331433e-02 -4.06432241e-01  1.17533110e-01 -4.00002636e-02
 -2.94865906e-01 -2.02174541e-02  4.06660765e-01  1.87807217e-01
  2.56806910e-02  2.26845756e-01 -4.00772244e-02 -8.69129181e-01
 -2.08236724e-01  3.32490236e-01 -9.42822278e-01 -7.35208243e-02
 -1.42976373e-01 -1.13643274e-01  3.54890704e-01 -1.47615075e-01
 -3.49446923e-01  1.57335289e-02 -2.95113206e-01 -5.24454191e-02
 -1.21971622e-01 -5.85670590e-01 -6.85122907e-02  2.01101497e-01
 -9.97806042e-02 -1.07491338e+00  1.43380091e-01  1.80716157e-01
  3.34964663e-01  5.05462624e-02  5.15951395e-01  2.37292767e-01
  3.97394374e-02  4.21320677e-01 -2.29931965e-01  1.79247186e-01
 -1.03820820e+01 -4.44893003e-01 -3.65293264e-01 -1.83305487e-01
 -3.69284958e-01  4.92114902e-01  6.92190528e-01  3.03514808e-01
 -2.52415985e-01  4.12858665e-01 -3.01866412e-01  2.48289540e-01
  1.43474624e-01  9.37308729e-01 -4.28608716e-01 -1.82765752e-01
  3.00782621e-01  8.21121186e-02  6.40494302e-02  3.10793161e-01
 -2.13016227e-01 -4.07034278e-01  6.02096558e-01  7.59041309e-02
 -6.83071688e-02 -3.66577953e-01 -2.48921990e-01  2.34104961e-01
 -1.81457207e-01  1.10360451e-01 -6.09164238e-01  5.34744024e-01
  1.00308433e-01  3.63924474e-01 -7.44879067e-01 -2.30176792e-01
 -8.91357064e-02  2.33388156e-01  3.84759128e-01  5.59588253e-01
 -8.36476907e-02  6.77435100e-01  2.64930218e-01 -4.22809809e-01
  8.53337288e-01 -2.34485701e-01  3.33837777e-01  5.19216418e-01
  2.75016248e-01  1.35407135e-01 -1.36321679e-01 -6.43802226e-01
  4.21624165e-03 -4.34754133e-01 -1.33099556e-01 -1.42282978e-01
  3.30442816e-01 -6.97705925e-01  3.30822952e-02 -1.12732790e-01
  4.78639036e-01 -2.73013711e-01  6.63694620e-01 -5.87224513e-02
 -3.25073451e-01 -1.60571501e-01  6.56867251e-02  6.94627881e-01
 -5.97562611e-01 -2.92080969e-01  5.59029043e-01 -2.73032725e-01
  2.16637284e-01  4.05589044e-01 -4.60919708e-01  2.65621245e-01
 -1.92683697e-01 -1.77279994e-01  1.11961389e+00  7.46123493e-02
  4.50416654e-01 -4.80197296e-02 -4.25727963e-01  1.74755409e-01
 -1.07366514e+00  4.93901521e-01 -1.73196644e-01  1.24258988e-01
  3.95558953e-01 -4.19577271e-01  5.82466722e-01  1.52464572e-03
 -3.31682295e-01  1.18207902e-01  4.81196791e-01  6.66705295e-02
  4.59523231e-01  7.95234889e-02  9.23289955e-01  1.36794508e-01]"
、,"[ 6.19564891e-01  3.48990470e-01  1.05678833e+00 -4.76518273e-01
 -5.89197993e-01 -1.80985272e-01  5.99807594e-03  3.48114818e-01
 -8.36570024e-01 -6.61913931e-01 -2.24984929e-01 -7.09401548e-01
 -5.04682176e-02 -4.27168548e-01  7.36394823e-01  4.46071267e-01
 -5.13972580e-01  4.70191985e-01  1.28610849e-01 -3.88933688e-01
 -8.02529752e-01 -7.19212174e-01 -5.51232576e-01  1.94179580e-01
 -4.24044102e-01 -9.22909081e-01 -5.77747524e-01 -2.25871503e-01
  6.16062246e-03  1.90361649e-01  2.63263822e-01 -4.59424913e-01
 -3.37029576e-01  3.26155871e-01 -7.29415655e-01  6.90664709e-01
  1.09855078e-01  2.04123273e-01  4.16223079e-01 -5.47825217e-01
 -3.63002121e-01  5.25299966e-01 -6.01237535e-01 -5.33705831e-01
 -1.17106579e-01  4.18937579e-02 -1.70351088e-01 -3.14008780e-02
 -1.48378670e-01 -3.94418240e-01 -7.10678399e-01  7.77076364e-01
  3.95307064e-01  1.97193235e-01  4.25059050e-01  3.48844767e-01
  1.00915372e+00  2.31695063e-02  2.51429193e-02 -2.77285814e-01
 -7.28493154e-01  1.35660499e-01  3.72835487e-01  1.99648649e-01
 -5.92863142e-01  3.53270203e-01 -1.97767407e-01  5.27011633e-01
  4.37785447e-01 -1.56749219e-01  5.72068393e-01  3.82230729e-01
  2.29865074e-01 -3.82067144e-01  2.72301346e-01 -1.02660549e+00
  4.22236949e-01 -3.06795806e-01  2.78303176e-01  1.54867232e-01
 -2.39579827e-01 -1.77194715e-01  1.18241027e-01 -3.52237910e-01
 -6.73986316e-01 -3.20739567e-01 -1.28038943e+00 -1.31478816e-01
  1.09240055e-01  1.84782878e-01  7.71256909e-02 -4.37089592e-01
  3.70442659e-01 -3.06403965e-01  1.08329844e+00  4.15291339e-01
  3.11756343e-01 -1.49722591e-01  3.45589489e-01  2.24148557e-01
 -1.34176648e+00  5.55211902e-01 -2.22490579e-02 -8.50768030e-01
 -5.02077460e-01 -1.63305908e-01 -2.70293057e-01  9.13572550e-01
  5.68603694e-01  4.23302144e-01  3.08378842e-02 -2.61343122e-01
 -8.98737192e-01  1.84125751e-01 -7.97238424e-02  4.29514229e-01
 -5.93999922e-01 -1.56880766e-01  3.80602181e-02  1.47981182e-01
  2.25672424e-01  5.83205521e-01 -4.94649231e-01 -1.37248248e-01
  2.71740586e-01  1.91771790e-01  1.43268898e-01  3.52248698e-01
  2.58248210e-01 -6.03671372e-01  3.54725391e-01 -6.76566124e-01
 -4.38275337e-01  4.48752232e-02 -6.32838964e-01  9.65863824e-01
  2.95597851e-01 -4.53616470e-01  4.55907583e-02  1.16707087e-01
 -4.53558147e-01 -1.90691963e-01  8.19033861e-01 -4.69342530e-01
 -1.26384541e-01  4.84015971e-01 -3.18053514e-01 -3.54662597e-01
  4.17958498e-01  3.84567499e-01 -1.17151245e-01  1.18549073e+00
 -5.98949552e-01  4.14049864e-01  3.31434339e-01  4.17121530e-01
  1.97724313e-01  2.48643070e-01  3.47716659e-01  2.76961979e-02
  4.11643386e-01  6.32825419e-02  1.18790403e-01  1.04815269e+00
  6.59482360e-01 -1.55564593e-02  6.94226623e-01 -1.47756666e-01
  1.06589071e-01  9.08275247e-01  5.21017790e-01  6.92718804e-01
  2.86959380e-01 -8.05722103e-02 -1.43041581e-01  5.36922634e-01
  1.05046320e+00  4.52052206e-01 -3.81556600e-01 -1.08431470e+00
  4.24223900e-01  4.42889363e-01  7.72779524e-01 -1.12714835e-01
  5.96364141e-01 -5.33625722e-01 -4.14586544e-01 -9.30271968e-02
  4.22243088e-01  1.92764640e-01 -4.03500378e-01 -4.11044836e-01
  1.08263455e-01 -2.98586348e-03  5.24127074e-02  1.66703388e-01
  1.68479487e-01  3.49166006e-01 -1.20710939e-01  3.30856562e-01
  5.55051029e-01 -1.82412248e-02 -1.45895436e-01 -9.32063878e-01
 -1.46862078e+00 -5.85870445e-01 -5.39659746e-02  1.87197924e-01
  1.99310929e-01  6.86297357e-01 -7.20427871e-01 -1.59490690e-01
  1.60043836e-01 -4.50078696e-01  8.95096779e-01  4.83115405e-01
 -3.66250455e-01 -1.39857665e-01 -7.72723109e-02 -4.02719527e-02
  1.94887012e-01 -6.46153808e-01  3.49651247e-01  1.92998335e-01
 -2.92580247e-01  8.70890141e-01  5.92843413e-01 -9.52753246e-01
 -5.80048859e-01  2.99438626e-01 -7.09566295e-01 -3.87702137e-01
 -1.41489968e-01 -1.18763022e-01 -2.26882517e-01 -9.62506711e-01
 -6.21627271e-01  1.76975623e-01 -3.72060448e-01  6.18373096e-01
 -2.94424206e-01 -2.43675172e-01  3.91376376e-01  3.01522762e-01
  3.71793747e-01  2.27553472e-01 -1.13737024e-01 -4.07382041e-01
 -9.31951523e-01 -1.59475222e-01 -6.82427824e-01 -4.46774662e-01
 -2.98469603e-01  5.49641788e-01  4.08855259e-01 -3.41720372e-01
  3.42265159e-01 -8.26678753e-01 -2.16926455e-01 -9.44948673e-01
  3.00152451e-01 -2.17595428e-01  4.51044381e-01  2.43331358e-01
 -5.62678635e-01  1.60341650e-01  3.20326388e-01 -2.13534370e-01
 -4.06488061e-01 -1.03091255e-01  1.62412778e-01  1.53968409e-01
  3.97691995e-01 -4.14722145e-01 -4.98390198e-02  1.03123114e-01
  6.80415213e-01  1.05989110e+00 -1.46921188e-01 -6.75565481e-01
 -4.15622860e-01  7.21889496e-01 -8.20095241e-01 -5.11177719e-01
  8.52808803e-02  1.03799796e+00 -4.34150070e-01 -9.35805589e-03
 -9.31151360e-02 -2.13160783e-01  1.91886798e-01 -6.06915236e-01
  5.88084161e-02  1.08633958e-01 -1.04977202e+00 -5.27109094e-02
  4.00129139e-01  2.34819949e-01  3.81599426e-01 -1.05606109e-01
  2.87341863e-01 -2.64762312e-01  5.89905195e-02  1.70946449e-01
 -1.00497715e-01 -5.17471313e-01 -1.42846733e-01  6.44447267e-01
  2.66576797e-01 -8.47026348e-01 -1.11494452e-01  6.19632423e-01
 -1.26149130e+00 -3.06786031e-01  4.95160431e-01  4.62523967e-01
 -8.06296706e-01  3.06060970e-01  7.66430736e-01  5.97837329e-01
 -3.23574483e-01 -4.80345666e-01  4.36190069e-01  6.80817723e-01
 -3.46220940e-01 -7.66511083e-01  4.46574271e-01  1.41370684e-01
 -1.02980293e-01 -5.40488064e-01 -4.22592521e-01  2.65439659e-01
 -9.56962928e-02 -2.44895786e-01 -4.19214696e-01 -1.64666414e-01
 -3.06633502e-01 -1.86299354e-01  2.45105460e-01 -3.18525545e-02
 -4.67939153e-02  6.95682168e-01 -4.29805338e-01  2.94353485e-01
 -7.33016968e-01 -4.37277049e-01  2.66561896e-01  1.27512980e+00
  4.79947448e-01  6.53741300e-01 -7.52601027e-01 -1.44520000e-01
  5.73795199e-01 -2.82812655e-01  7.84134388e-01 -7.08252609e-01
  3.59551996e-01 -2.24990100e-01  4.48699862e-01  1.16294272e-01
 -3.12129945e-01  2.35679686e-01 -7.60837853e-01 -6.73935056e-01
  2.67290294e-01 -1.21579804e-02  5.65718532e-01  1.67689368e-01
  5.01080379e-02  1.14676392e+00  9.60680321e-02  2.76987255e-01
 -2.71636963e-01 -1.22291183e+00 -2.89872140e-01 -8.18493664e-01
 -6.62508532e-02 -1.92694157e-01 -1.40860051e-01  6.37988448e-01
 -5.30418992e-01  1.86866343e-01 -1.20204642e-01 -4.11263764e-01
  2.44287238e-01 -3.00013542e-01 -6.34748220e-01  7.67916441e-02
 -5.25389146e-03 -5.00541568e-01  9.10909593e-01 -7.81153853e-04
  5.73917747e-01 -3.62056822e-01 -6.39089048e-01  5.51906526e-01
 -2.96102375e-01  4.11931053e-03 -1.62997516e-03  1.26707420e-01
 -2.28781044e-01 -2.66635448e-01 -1.43769935e-01  7.04218075e-02
 -1.01175630e+00  5.35757422e-01 -4.32021618e-01  6.75554797e-02
 -8.48605037e-02 -2.45917618e-01 -7.83925593e-01 -2.14090332e-01
  6.49926662e-02 -1.52617112e-01  1.47238150e-01  3.65546376e-01
  1.92785159e-01 -4.59866107e-01  4.44740862e-01  5.81870079e-01
  7.73893416e-01 -2.91641772e-01  6.76422954e-01 -2.63343096e-01
  1.17030136e-01  3.80716622e-01 -6.36992872e-01 -5.00421047e-01
  4.08815056e-01  2.97089845e-01 -4.51088995e-01 -2.04766601e-01
 -3.11228544e-01  1.16950512e+00 -2.77644664e-01 -4.54189658e-01
  9.02678370e-01 -3.50255519e-01  3.74343127e-01  1.03486288e+00
  7.54888535e-01 -3.30618560e-01  8.13705385e-01  2.18930379e-01
  4.16463256e-01  4.81533222e-02 -4.06268418e-01 -2.30281323e-01
  8.68297458e-01 -6.90934286e-02  6.66430816e-02  7.24653006e-01
  2.38760859e-01  2.06386119e-01  3.04114431e-01 -5.26445173e-02
  9.19842198e-02  3.20594013e-01 -1.03994980e-01 -3.44978005e-01
 -9.09045413e-02 -1.85921431e-01 -3.08676630e-01 -1.10416561e-01
 -4.00955886e-01  3.75517428e-01  1.05863655e+00 -6.94070578e-01
  3.78207475e-01 -9.08133805e-01 -5.52755296e-01 -1.38808548e-01
 -1.92001596e-01  8.75670761e-02 -8.22129548e-01 -3.54723066e-01
  4.55889665e-02  1.00279652e-01 -4.14493322e-01  1.08850069e-01
  3.55072469e-01 -2.15982288e-01 -3.15951049e-01 -8.13616157e-01
  1.16831638e-01  7.96491444e-01 -5.83824217e-01 -3.93423349e-01
  6.02574646e-02  1.43868119e-01  7.51962185e-01 -8.37876320e-01
 -4.99396086e-01 -3.88970673e-01 -1.63934782e-01 -7.29858518e-01
 -7.74035156e-02  1.87464610e-01 -6.80498838e-01  2.74432480e-01
  2.74815336e-02 -2.77334094e-01 -6.96903944e-01 -2.62158155e-01
 -1.01872317e-01 -5.72798729e-01  2.52303690e-01  1.73197880e-01
 -2.32819691e-01  1.08727254e-01 -1.14598490e-01  3.01972538e-01
  7.32996821e-01 -3.82890403e-01  8.87310505e-01  1.18421558e-02
  3.52819413e-01 -8.10456395e-01  5.46011448e-01 -7.75444210e-01
  2.38731921e-01 -7.29404271e-01 -6.84348583e-01 -7.15870261e-01
 -5.92095733e-01 -4.44831431e-01  6.94105983e-01  1.41565049e+00
  5.82514405e-01 -6.70187950e-01  2.14604646e-01 -1.19992949e-01
 -4.59861130e-01 -5.14126062e-01  7.87957609e-02  2.87131276e-02
 -1.56250954e+00 -1.51050702e-01  1.10962011e-01 -5.99425375e-01
  1.38390613e+00 -1.81464463e-01 -5.51844716e-01 -2.03921989e-01
  4.20286179e-01  3.99480015e-01 -4.89688039e-01  5.79875633e-02
  6.39865458e-01  2.55382061e-01  8.10141325e-01 -2.74228573e-01
  9.06463787e-02  1.43677816e-01  1.23314664e-01  9.46904346e-02
  4.15143430e-01  4.98303205e-01  8.01388994e-02  8.77618074e-01
 -6.99887455e-01 -6.97887897e-01 -6.23159766e-01  3.57088059e-01
  1.52939767e-01  6.89155638e-01  2.19663188e-01  7.95781195e-01
  6.50093913e-01 -1.51333585e-01  5.73428571e-02  8.89968514e-01
 -5.97225539e-02  1.22493303e+00 -5.51827133e-01  1.37401536e-01
 -7.72205174e-01 -2.06141174e-02  9.32204127e-01  7.35337436e-01
 -8.95386338e-02 -1.53636605e-01 -3.05787884e-02 -5.36286592e-01
  6.01685405e-01  3.55800867e-01 -1.03232712e-01  3.82544249e-01
  2.98963398e-01 -4.40684706e-01  1.03710151e+00 -3.41293402e-02
  2.65880525e-01 -6.53926969e-01 -6.79441914e-02  7.28975594e-01
  4.15084481e-01  9.39821303e-02  7.79341817e-01 -2.90805787e-01
 -6.84835374e-01 -1.62706956e-01  4.63800877e-01 -5.89522481e-01
  6.39394343e-01 -2.95108021e-03 -5.35931289e-01  7.10071802e-01
  6.55490518e-01  3.54701787e-01  3.58774036e-01 -5.89766741e-01
  1.17845006e-01 -1.08676121e-01 -1.62910074e-01  3.95880550e-01
  2.95421898e-01  4.05331105e-01  4.14086431e-02 -8.01070631e-01
  4.48301136e-01  1.35899627e+00 -5.21174166e-03 -9.20743793e-02
  3.09572011e-01  4.76359650e-02 -3.68001699e-01  1.13999829e-01
  3.10434073e-01 -2.43526921e-01  2.28980020e-01 -2.65523016e-01
 -3.08441073e-01 -1.91721022e-01 -1.11167714e-01  8.36298406e-01
  1.01698734e-01 -1.07925378e-01 -1.25733867e-01 -4.97482158e-02
 -7.83489943e-01 -9.43723172e-02 -1.25350189e+00 -8.20444703e-01
 -2.28514839e-02  7.94210806e-02  1.26814499e-01 -8.76045674e-02
 -1.05067170e+00 -3.63582850e-01 -3.43650937e-01 -7.80060351e-01
 -2.88844973e-01  2.45602176e-01  4.45047945e-01 -2.33513191e-02
 -6.45122170e-01 -3.19861680e-01  4.66754586e-01  4.40857112e-01
  2.82281876e-01  2.90625960e-01 -4.73927796e-01 -2.05121815e-01
 -6.80044219e-02  5.64762473e-01 -6.96877837e-02 -4.17860806e-01
 -9.23985100e+00  4.85890538e-01 -6.96021855e-01 -3.61793712e-02
 -2.90854603e-01  1.09774433e-01  7.45853484e-01  9.02153552e-01
 -8.39797497e-01  8.33707035e-01 -4.17751402e-01  3.90330076e-01
  6.95094764e-01  6.22927845e-01 -6.64734542e-01  4.40518484e-02
  3.32636237e-01 -1.16694659e-01  6.17951155e-01 -1.33797184e-01
 -4.72347558e-01 -8.30896676e-01  3.33613247e-01 -3.58044833e-01
 -5.38796723e-01  3.51196766e-01  7.18298554e-01  2.11320475e-01
 -3.41110140e-01  7.43181169e-01 -7.08786130e-01  2.28396952e-01
 -4.62522358e-02 -4.46464896e-01 -3.44868720e-01  6.35457754e-01
  4.75096405e-01  5.00575125e-01 -6.28811955e-01 -9.84638035e-02
 -2.70890117e-01  7.00600922e-01  8.04221705e-02  8.24451894e-02
 -1.22166611e-01 -9.91153196e-02 -1.91530034e-01 -4.20115441e-02
  9.88452911e-01 -2.90996104e-01 -7.04822019e-02 -7.77584851e-01
  4.59912896e-01 -9.61031556e-01 -3.41256499e-01  5.53800277e-02
 -5.96617341e-01 -8.16795051e-01 -3.44860584e-01  1.78946048e-01
  4.90690202e-01  3.57918739e-01  6.26448035e-01  1.93165451e-01
  1.91162061e-02  1.54929057e-01  4.83032584e-01  4.93613690e-01
 -3.64377618e-01 -4.92198080e-01 -7.11397529e-02  2.91632563e-02
 -4.73363608e-01 -1.61238447e-01 -1.43021703e-01  1.17001042e-03
 -6.81431472e-01 -2.01734558e-01  7.15143025e-01 -2.83666495e-02
  1.09446359e+00 -1.71665415e-01  2.87442692e-02 -3.10643524e-01
  1.18271388e-01  3.75444852e-02  8.50067377e-01  6.01617038e-01
 -7.22594792e-03 -7.78655231e-01  4.37221348e-01  5.96830487e-01
  6.06789231e-01  6.27070546e-01  1.22048862e-01  3.47596146e-02
  8.28653276e-01 -1.22065932e-01  8.15058947e-01  1.96478128e-01]"
ア,"[-8.56139064e-02  3.02740455e-01  3.66918623e-01 -6.81469440e-01
  3.29799533e-01  4.54889685e-02  2.21813381e-01 -7.68228769e-01
 -3.37525725e-01 -5.22257835e-02  1.10155940e+00  2.18479648e-01
 -3.83875251e-01 -2.12393418e-01  4.36723888e-01 -2.45362014e-01
  1.51291087e-01  3.39847654e-02  2.91650742e-01  3.07729185e-01
 -1.98748000e-02 -4.48341548e-01  1.57476664e-01  3.42278816e-02
  4.34476882e-01 -3.80789608e-01  2.59692192e-01  2.77812123e-01
 -9.01101753e-02 -4.18382466e-01 -5.25415778e-01 -5.09669721e-01
 -1.32547200e-01 -6.81952417e-01 -4.68593985e-01  1.07640345e-02
  2.77650476e-01 -9.30416360e-02  3.17752987e-01 -6.70901299e-01
 -2.58810464e-02 -4.02225286e-01 -5.11971354e-01 -8.41182694e-02
 -3.94098788e-01  2.90239781e-01  1.68055609e-01  4.93335187e-01
  3.30769658e-01 -4.81752167e-03 -4.12266999e-01  1.57610234e-02
  1.01749651e-01 -1.69630498e-01  1.77154705e-01  2.15597332e-01
  1.42561227e-01 -2.15666324e-01  4.50630099e-01 -4.19221133e-01
 -4.73264366e-01  1.26632243e-01  2.42408320e-01 -5.34897484e-03
  2.18444109e-01 -3.28550756e-01  1.16647491e-02 -2.45906100e-01
  8.98685306e-02 -3.67957592e-01  1.82659552e-01  2.81845182e-01
 -2.51022309e-01 -5.60812950e-01  7.32178390e-01 -2.87109733e-01
  4.77445535e-02 -1.43804058e-01  2.27447242e-01 -2.07319334e-02
 -3.13366205e-01  5.59108138e-01  9.29709524e-02 -5.19241810e-01
 -3.14470202e-01  2.69096106e-01 -5.87040484e-01 -6.55221283e-01
  2.98218399e-01 -2.15201795e-01 -6.42039478e-02 -1.88823268e-01
  5.24567187e-01  4.59967852e-01  1.04787141e-01 -8.82977992e-02
 -3.79604404e-03 -2.57573754e-01 -4.02461737e-01 -1.43519163e-01
 -1.77037418e-01  2.51689982e-02  4.50256467e-01  9.15600061e-02
 -1.64590672e-01 -1.08144417e-01 -2.30344549e-01  5.03730476e-01
  8.84097815e-02  1.89898282e-01 -3.03039342e-01 -8.20235074e-01
 -7.09428847e-01 -1.77695081e-01  3.02248001e-02  1.11528449e-01
 -2.76109636e-01  3.87872756e-01 -3.57310951e-01  3.06591183e-01
 -4.07336652e-02  4.78101611e-01 -2.27663204e-01 -1.25333056e-01
  1.90807372e-01  6.55695319e-01  3.24717164e-01 -1.45403743e-01
 -1.42536983e-01 -2.75677294e-01  1.70531690e-01  1.50956854e-01
 -4.04435962e-01 -7.06731379e-02 -1.81705147e-01  9.14120317e-01
  7.94043615e-02  3.80747736e-01 -9.16137248e-02 -5.63675821e-01
 -1.96325913e-01 -9.78846774e-02  5.79095542e-01 -7.57808611e-03
  1.14902206e-01  7.90247023e-02  3.83759886e-01 -7.20137954e-02
  4.38300043e-01  4.62301970e-01  1.34851411e-01  8.78886759e-01
 -6.41681314e-01 -7.62286857e-02 -2.14986801e-01  2.27942802e-02
 -7.29105890e-01 -2.22765282e-02  4.02747005e-01  3.65028977e-01
  5.01327038e-01 -4.39956695e-01  8.37064683e-02  2.44141325e-01
  1.86105996e-01  5.45487881e-01 -1.61982447e-01  2.75094926e-01
 -1.06398620e-01  7.18359411e-01  7.30761960e-02  3.48565459e-01
 -1.14014437e-02 -5.47548413e-01  5.88868737e-01  3.47661912e-01
 -1.49831467e-03  4.03633893e-01  6.39072955e-01 -8.60836506e-01
 -1.63063422e-01 -2.41389428e-03  5.42049289e-01 -4.91792589e-01
  3.88116986e-02 -4.08880562e-01  2.65413254e-01  1.94101557e-01
  5.86227290e-02 -1.47086844e-01 -3.21618840e-02 -2.78160095e-01
  1.54328883e-01 -7.50309005e-02 -3.08155745e-01 -2.24371761e-01
 -6.49818452e-03 -1.88379467e-01 -3.11965913e-01  4.97898519e-01
 -8.15924555e-02  2.13608384e-01 -6.05939209e-01 -7.47707129e-01
 -1.01716185e+00 -1.26258329e-01  9.17839110e-02  2.66265988e-01
  4.82101887e-01  6.74710143e-03 -1.68044895e-01  5.66640915e-03
 -2.29208753e-01  5.27327657e-01  5.54585338e-01  2.04365462e-01
 -2.58986354e-01 -7.42352188e-01  3.82943183e-01 -5.31102180e-01
 -2.91173398e-01  1.87991083e-01  6.03350759e-01 -8.18633810e-02
 -5.23401916e-01  2.94640332e-01  1.69834211e-01  4.86966759e-01
  1.03170061e-02 -1.21270552e-01 -8.28623027e-02 -8.57433617e-01
 -9.36667442e-01  2.91541785e-01 -7.28857756e-01 -6.77822232e-01
 -4.59589064e-01  4.07723218e-01  4.29260023e-02  4.98022616e-01
  6.73874617e-02 -1.36200488e-01  4.04502064e-01 -4.72320355e-02
 -5.26768208e-01  4.47045535e-01  9.94912013e-02  1.81415349e-01
 -2.90759742e-01  3.20472836e-01 -3.43134820e-01 -4.20722514e-01
  1.11354925e-01 -3.82795520e-02  6.31180942e-01  1.48698553e-01
  4.46934730e-01 -2.69063503e-01  1.97065026e-01 -2.40176812e-01
 -1.35310635e-01 -1.48509815e-01  7.54585639e-02 -8.79444629e-02
 -4.55608487e-01  8.98625106e-02  2.82745272e-01 -8.55266377e-02
 -1.34380326e-01 -4.57180470e-01  2.40176916e-01 -3.54278564e-01
 -4.31633860e-01 -2.75934428e-01 -1.66673049e-01  2.09935993e-01
 -4.16957796e-01  3.78483385e-01 -2.72529006e-01  4.60734934e-01
 -5.16923487e-01  8.42852071e-02 -5.87346554e-01 -4.67474908e-01
  2.96625346e-01  2.54956167e-03 -4.38164562e-01 -3.57231826e-01
 -6.64146125e-01  4.18148279e-01  9.39948857e-02 -1.42541796e-01
  4.31831516e-02  1.50386924e-02 -4.12402689e-01  6.36208802e-02
  2.24109605e-01  4.81088161e-02  1.76868051e-01  2.55240470e-01
  5.83295286e-01  1.00737080e-01  5.87756157e-01  2.42017712e-02
  4.64593023e-02 -7.67612994e-01 -1.24863394e-01  7.71990493e-02
  6.01087034e-01  2.47266088e-02 -2.71271378e-01  9.44731951e-01
 -7.48981833e-01  2.50659287e-01  1.35953665e-01  4.36797827e-01
 -1.49509811e+00  1.31861279e-02  5.32317936e-01 -1.02852926e-01
 -7.47156501e-01  5.07615328e-01  3.31835240e-01  9.62553546e-02
  3.81212205e-01 -7.55121410e-01  9.60964680e-01  5.20123184e-01
 -5.96139848e-01  5.59463724e-02  3.23554903e-01 -3.74620073e-02
  2.71072298e-01 -3.80279839e-01 -2.10356954e-02  3.32610279e-01
 -1.91518236e-02 -3.09790909e-01 -2.34986767e-01 -6.41908944e-02
 -3.76436681e-01  3.43098909e-01  1.99529663e-01 -3.75200093e-01
 -4.52565044e-01 -2.48875707e-01  1.54740453e-01  8.06137025e-01
  1.62439600e-01  7.06430852e-01 -2.72926569e-01 -1.51162848e-01
  3.32902312e-01  1.86213985e-01  2.00586125e-01  2.55493939e-01
 -3.85046393e-01 -3.09882075e-01  3.34749937e-01  3.61523688e-01
 -8.70125145e-02  1.17123939e-01  1.52848810e-01 -1.03821680e-01
 -1.19236164e-01  2.61777073e-01  5.36394358e-01  1.01695992e-02
  7.22588599e-01  2.97883183e-01  6.40619516e-01  5.19015379e-02
  2.84985006e-01 -1.31650686e-01  3.70109916e-01 -9.69279334e-02
  1.58608243e-01  2.92110205e-01 -5.57724535e-01  2.54637927e-01
 -6.37705743e-01 -3.06318492e-01  9.36555937e-02 -4.70354021e-01
  3.21178325e-02 -7.39066899e-01 -5.06066859e-01  2.07862362e-01
 -2.98199892e-01 -6.95709586e-01  9.93551910e-02  2.61629462e-01
  2.98718721e-01 -4.00396258e-01 -2.96341956e-01  1.06079765e-01
 -9.92017314e-02  2.73635507e-01  5.41966915e-01  3.73985559e-01
 -4.21106696e-01  4.48349603e-02 -5.18124580e-01  8.26670453e-02
 -6.93614185e-01 -2.67721742e-01 -3.83261502e-01  2.16604561e-01
  1.88926756e-01  2.17397884e-01  3.02322477e-01 -2.29302309e-02
  3.30198035e-02  2.85004765e-01 -2.99083650e-01 -2.81243086e-01
 -5.14826715e-01 -1.75399520e-02  4.18958887e-02  4.42850709e-01
  1.68201849e-01  5.86634517e-01 -1.33998007e-01 -2.39505231e-01
 -6.00530207e-02 -1.72021717e-01 -2.59029299e-01 -4.19188201e-01
  5.92540026e-01 -4.99119222e-01  1.70943439e-01 -3.44966531e-01
 -1.87651977e-01  7.56110847e-01  1.84494276e-02 -1.32108629e-02
 -5.95052466e-02  3.45615625e-01 -3.01172704e-01  6.62847996e-01
  3.64247918e-01  6.27003074e-01  1.45101652e-01  4.62624311e-01
 -1.14073336e-01 -3.32137525e-01  3.58932048e-01  1.94102004e-01
  8.49796683e-02 -3.43214631e-01  4.53867286e-01  3.89586151e-01
  6.67229742e-02  1.20623752e-01 -2.70603985e-01  2.27163449e-01
  1.13812014e-01  1.51693612e-01  4.10889089e-01  1.35777727e-01
  2.02523936e-02  2.24383697e-01 -3.03088665e-01  3.55454385e-02
 -1.58732235e-01 -5.16002417e-01  3.77168596e-01  1.29737228e-01
  7.77284861e-01 -3.66578288e-02 -2.61188269e-01 -1.23631619e-01
 -5.13213873e-01  1.70539811e-01  1.74008161e-02  3.70736420e-01
  4.56324667e-01  1.62856147e-01 -1.11642033e-01  9.56767052e-02
 -1.92905162e-02  3.44975829e-01  4.00333405e-01 -6.94940805e-01
 -2.75600433e-01  2.02198997e-01  1.37212574e-01 -2.13618129e-01
  3.50191504e-01  4.66799080e-01  3.65966372e-02 -6.70683146e-01
 -2.83549298e-02  2.13585138e-01 -1.90956563e-01 -2.38711648e-02
  5.53976417e-01  9.50358137e-02 -4.05080497e-01 -4.01607126e-01
 -1.80432171e-01 -4.13534492e-01  3.12788822e-02 -7.74021029e-01
 -1.33451179e-01 -1.44193649e-01 -1.23055346e-01  4.89797324e-01
  6.75720572e-01 -2.64782608e-01 -1.07567139e-01  3.63957763e-01
  1.24347366e-01 -3.40770185e-01 -2.13301599e-01  2.42104992e-01
  1.12090148e-01 -7.88217634e-02  7.01323450e-01  9.39735770e-02
  8.72932374e-02 -2.22011074e-01 -8.72299790e-01 -1.47304488e-02
 -3.31273019e-01 -6.71504796e-01  3.99886400e-01  4.08091903e-01
 -3.14026028e-02 -3.80787462e-01  3.78406078e-01 -2.50835747e-01
 -3.21762450e-02  1.28281906e-01  2.92781174e-01 -1.93143263e-01
 -6.32037699e-01  4.11850065e-01 -5.57355404e-01 -3.57634604e-01
  5.55591941e-01 -1.08105494e-02 -5.60555041e-01 -3.96264046e-01
  8.51229191e-01 -2.70731390e-01 -6.96613312e-01  8.28655660e-02
 -3.44545245e-01  4.07533616e-01  2.90771037e-01  2.49748215e-01
  2.22741384e-02  1.67773202e-01 -4.13716972e-01  4.47412133e-02
  4.01618212e-01  4.78118300e-01  4.18568462e-01  2.43107617e-01
 -2.99902231e-01 -5.38670003e-01 -3.86130273e-01  4.34720397e-01
  4.65777159e-01  4.29787487e-01 -1.84280694e-01  6.43347383e-01
  2.81921268e-01 -5.11567950e-01 -1.57107376e-02  9.06101286e-01
  3.94504458e-01  4.95516092e-01 -2.70964503e-01 -2.35544682e-01
 -6.77909255e-01 -2.07214743e-01  5.64181805e-02  2.72577941e-01
 -3.11586056e-02  1.17610559e-01  1.47219732e-01 -4.70565617e-01
 -9.60212871e-02  4.89034317e-02 -1.84012190e-01 -1.39017120e-01
  2.96243250e-01 -2.82449305e-01  2.17589498e-01  7.27496445e-02
 -3.00563395e-01 -9.62504372e-02 -3.84004265e-02  1.65501267e-01
  6.09464169e-01  6.90211356e-02  6.84956908e-02  2.57181767e-02
 -1.05873454e+00  1.50069386e-01 -2.81789958e-01  1.27591118e-01
  5.40462792e-01 -5.19490123e-01 -4.47396100e-01  3.28666627e-01
  4.84655917e-01  2.46924520e-01 -2.34570742e-01 -9.53014135e-01
  2.12274939e-01 -7.93172978e-03 -2.14523584e-01 -1.39891073e-01
 -1.83867276e-01  2.31527716e-01  1.12296110e-02 -3.76588106e-01
 -3.46077308e-02  5.06906986e-01  1.98409140e-01 -1.76820587e-02
  8.04087520e-02  8.29249993e-02  1.03489473e-01  1.47649035e-01
  5.31235849e-03 -3.20765376e-01  1.42327055e-01  8.27370510e-02
 -4.85530347e-01  1.02021545e-01  3.94010730e-02  1.46850213e-01
  4.40492108e-03  8.56601226e-04 -1.01568267e-01 -4.67095703e-01
  2.22158104e-01  2.19469205e-01 -6.90754354e-01 -3.25084180e-01
  1.75471187e-01  2.45635673e-01 -2.81841874e-01 -1.99431896e-01
 -2.95501709e-01 -3.78937423e-01  2.64950059e-02  4.40769821e-01
 -2.68136352e-01 -6.74465597e-01  1.90524459e-01  2.44256258e-01
 -3.99234086e-01 -1.16663790e+00  1.87954620e-01  1.05167136e-01
  5.22831798e-01 -1.77811161e-01  2.21223980e-01 -2.71224976e-02
  7.88793117e-02 -3.33588451e-01 -2.63842225e-01  3.19792092e-01
 -1.03468761e+01 -2.44539261e-01 -2.15268224e-01 -7.26662159e-01
 -3.72948140e-01  7.42654920e-01  1.01515412e+00  1.85297400e-01
  1.04285493e-01  4.49742705e-01 -6.86010361e-01 -1.76623046e-01
  5.95116198e-01  4.10606623e-01 -2.66310662e-01 -1.01680264e-01
 -3.46687040e-03 -6.64215028e-01  1.79550588e-01  4.61170301e-02
 -1.88490003e-01 -9.31667686e-02  1.00897396e+00  1.81435645e-01
  3.41640562e-01 -6.26424134e-01 -2.70807922e-01  4.26549651e-02
 -2.10851789e-01  6.42809391e-01 -3.69195491e-01  3.57716084e-01
  1.49220973e-01  3.23194772e-01 -3.28726530e-01 -5.56796134e-01
  1.71622813e-01  5.96134722e-01 -3.42921078e-01  4.70570117e-01
  2.97382116e-01  4.09452707e-01  4.12468433e-01 -1.97123662e-01
  3.92018735e-01  7.91536987e-01  2.63753712e-01 -7.32133836e-02
  6.74169123e-01  3.25515978e-02  3.36727239e-02 -3.71825665e-01
  1.80881843e-01 -2.63271689e-01 -1.67755708e-01 -2.32821226e-01
  8.39209139e-01 -6.22108221e-01  6.51988238e-02 -1.92218482e-01
  4.24268603e-01  8.56949948e-03  1.35705626e+00  3.05712700e-01
 -6.72394693e-01  6.03219261e-04  2.60016322e-01  2.27366894e-01
 -6.50889337e-01 -2.39238963e-01  7.52511024e-01 -2.99976945e-01
  7.02338964e-02  1.67935565e-01 -1.01139769e-01  2.99135953e-01
 -4.40396965e-01 -2.15764001e-01  1.89010039e-01  5.47618605e-02
  5.51583588e-01  2.27158129e-01 -1.57137647e-01  2.88989335e-01
 -1.04259169e+00 -1.08805984e-01  5.49033701e-01 -5.28628528e-02
  7.63008773e-01 -4.41817701e-01  4.52982783e-01  1.56099781e-01
 -1.35963276e-01  4.00149263e-02  2.36584485e-01  1.64650276e-01
  7.44567156e-01  7.71074891e-02  3.30137402e-01 -1.20960325e-01]"
メ,"[ 4.47831541e-01  5.20468414e-01  6.53958797e-01 -4.79076743e-01
  4.17697191e-01  1.13416362e+00  4.09216225e-01  2.84797400e-01
  2.01903153e-02 -3.57694685e-01  9.68746006e-01  6.10975213e-02
  4.44438308e-03 -2.70516396e-01  4.20381099e-01 -1.07213825e-01
  1.06806576e-01 -6.02377117e-01  1.19115382e-01 -2.87205696e-01
 -2.89433658e-01 -4.84038562e-01 -3.71197760e-01  6.15831137e-01
 -8.63843337e-02 -6.60451055e-01  2.13526905e-01 -4.03939970e-02
  3.49863954e-02 -6.86700881e-01 -2.40706895e-02 -6.22965395e-01
 -2.62402892e-01 -1.07410952e-01 -4.51988876e-01  1.17225096e-01
 -1.94890171e-01 -3.62141542e-02  4.41621840e-02  3.67800117e-01
  9.54888836e-02 -1.78562880e-01 -1.79148972e-01 -5.35197616e-01
 -2.94932991e-01  8.44677091e-01 -1.80678532e-01  1.33815452e-01
  5.46930842e-02  3.23582560e-01 -2.77470440e-01  2.48211041e-01
  5.30403793e-01 -2.85047621e-01  1.59243345e-01 -7.79808402e-01
 -9.37715769e-02 -4.61512834e-01 -2.96816286e-02  4.14755531e-02
 -6.40078962e-01 -2.01872885e-01 -1.67405859e-01  3.38265389e-01
 -1.69250965e-01 -5.54135144e-02 -6.77155435e-01  1.87819317e-01
 -3.23293246e-02 -1.02664852e+00 -2.15312541e-01 -1.76157191e-01
 -3.31681103e-01 -2.73257971e-01  8.02778006e-01  5.62046431e-02
 -2.34017059e-01 -2.30783269e-01  1.44578889e-02 -3.57263654e-01
 -1.57423675e-01  2.65312314e-01  2.33511344e-01 -4.54365551e-01
 -8.14819336e-02  2.95590967e-01 -7.38513231e-01 -6.16194129e-01
  4.08374399e-01 -2.17923924e-01 -1.46747187e-01  2.33013526e-01
  2.11604372e-01 -8.21099058e-02  4.33349401e-01  2.84252703e-01
 -1.92550153e-01 -1.91524714e-01 -6.00190163e-01  1.19477324e-01
 -2.14507431e-01  7.63184875e-02  9.68130156e-02  1.56498685e-01
 -5.50189316e-02 -3.52396101e-01 -1.83265641e-01  6.99892081e-03
 -2.88620532e-01 -4.63112779e-02 -2.82005608e-01 -5.72733343e-01
 -7.51677871e-01 -2.36995101e-01  1.10846143e-02 -2.99745619e-01
  4.12593514e-01  5.23913503e-01 -7.65142381e-01  3.37750018e-01
 -6.64651245e-02 -1.64475188e-01 -2.08265912e-02 -3.65700036e-01
  4.77359027e-01 -4.57245708e-02  1.15549393e-01 -2.46038549e-02
  1.29528537e-01  2.55945891e-01  6.21258318e-02 -2.95849681e-01
 -2.31797099e-01  4.43273932e-01 -5.52580178e-01  7.86646605e-01
 -1.38108313e-01  9.24957544e-02 -2.62509555e-01 -2.46632487e-01
 -3.26146513e-01  2.71010786e-01  5.66323042e-01 -6.20714068e-01
  1.46379247e-01  3.14817317e-02 -5.26518561e-02 -1.40371904e-01
  8.22348058e-01  3.85610312e-02 -2.16699783e-02  5.81484854e-01
 -6.47400200e-01  4.38884683e-02  3.57936502e-01  6.04057074e-01
 -1.07821837e-01  1.62066951e-01  5.38130850e-02  6.13659859e-01
  2.76849568e-01 -5.49033999e-01  2.30593294e-01  6.93644524e-01
  5.02747357e-01  1.15702307e+00  5.25951803e-01  4.27882046e-01
  3.73056710e-01  6.13874137e-01  1.87468544e-01  3.20301116e-01
  4.66277182e-01  7.73494542e-02  8.44793469e-02 -1.73450589e-01
  6.87740594e-02  1.64850280e-01  7.87202045e-02 -2.08988860e-01
  3.43848616e-01 -1.08661778e-01 -6.99405298e-02 -3.97253186e-01
  3.75990391e-01 -3.76779288e-02  5.09771965e-02 -2.93563932e-01
  4.12669718e-01 -2.41148055e-01  4.74683121e-02 -4.09090161e-01
  5.64910769e-01 -1.68377653e-01 -1.73472002e-01 -1.03334948e-01
  2.85215229e-01  1.55291751e-01 -3.23104352e-01  4.39353466e-01
 -6.14044480e-02  1.86212033e-01 -4.35304165e-01 -6.59266233e-01
 -1.36126983e+00 -4.17892247e-01  1.79775730e-01  1.88751385e-01
  1.28975973e-01 -1.82772040e-01  1.31066129e-01  2.42152900e-01
 -5.22040650e-02  3.78359199e-01  4.47855681e-01  1.93533137e-01
 -1.04614389e+00 -7.24739969e-01  9.04444277e-01 -7.79234827e-01
  1.98160633e-01 -8.24836046e-02 -1.33243445e-02  6.52847961e-02
 -3.77030700e-01  5.44424295e-01 -5.02392724e-02 -1.43751398e-01
 -8.03635344e-02  3.88726205e-01 -3.08451563e-01 -3.63450438e-01
 -9.33060288e-01  4.35229808e-01 -8.22318494e-01  6.60800874e-01
 -2.72913754e-01 -2.15081155e-01 -4.06986415e-01  4.65017080e-01
  5.31769320e-02 -4.52003539e-01  3.72062176e-01 -3.44936877e-01
  1.13165691e-01  7.45608211e-02  1.05874881e-01 -4.66433823e-01
  3.77090782e-01  2.38941416e-01 -1.06244755e+00 -3.14560831e-01
  2.76574522e-01 -6.08472943e-01  4.84397650e-01  5.39877005e-02
 -1.16442395e-02  2.37648934e-01 -6.05370104e-02 -2.71738261e-01
 -6.14447705e-02 -8.71620655e-01 -7.50742853e-01 -1.88227624e-01
  3.69936705e-01 -5.59371011e-03  1.30589586e-02 -1.69734493e-01
 -6.77970350e-01  3.40438992e-01  1.97359681e-01 -6.33468270e-01
 -1.31520182e-01  1.89006165e-01 -5.40571630e-01  1.33979291e-01
 -2.88758874e-01  6.57387316e-01 -3.08995366e-01  6.24232180e-03
 -9.42277193e-01  3.51495087e-01 -6.94059134e-01 -2.69838274e-01
 -4.51151103e-01  1.14599839e-01 -8.39707702e-02 -4.80920196e-01
  1.25211254e-01  5.78611732e-01  7.81591833e-01 -6.87963128e-01
  1.26976579e-01 -3.79721671e-01  5.30765653e-02  1.91115424e-01
  7.12320209e-01  2.51898438e-01  6.20479763e-01 -3.76231074e-01
  4.74930227e-01  1.26967847e-01  4.50251698e-01 -1.09543148e-02
  6.52999058e-02 -1.24810189e-01 -6.40545934e-02 -3.42127621e-01
  6.62722111e-01  4.05114070e-02  1.24865830e-01  1.05368066e+00
 -5.80276489e-01  1.82749957e-01  3.83440405e-01  4.76955444e-01
 -1.84265733e+00 -4.18028265e-01  5.91004938e-02  5.04139423e-01
 -4.85002846e-01  5.18228173e-01 -8.14304352e-02 -7.96786174e-02
 -8.14476609e-01 -1.79848209e-01  6.74438357e-01  6.83265328e-01
 -2.26892918e-01  2.24696487e-01  8.94370615e-01 -3.21736366e-01
  6.54765442e-02 -1.76126495e-01  1.56898633e-01  4.73045588e-01
  4.20619249e-01 -1.25411525e-01  1.01555981e-01 -3.20006430e-01
 -2.56220013e-01  2.01327756e-01  3.93591285e-01  7.96340227e-01
 -1.38957024e-01 -5.95287859e-01  7.42457926e-01  1.33758950e+00
  2.49911398e-01  7.10661948e-01  1.81490704e-01  4.76197392e-01
  9.56437230e-01  7.53038585e-01  3.16913456e-01  2.17434093e-01
  8.39734375e-02 -1.36668175e-01  3.07318807e-01 -1.45044163e-01
  2.19830256e-02  1.37226269e-01  5.96531928e-01 -1.01225019e-01
 -2.73906827e-01  3.62922698e-01  1.71586186e-01  1.32846937e-01
  3.06453496e-01  1.24793209e-01 -6.18093759e-02  1.16712265e-01
 -1.80304311e-02 -3.61805171e-01  5.22786617e-01 -2.59544194e-01
  8.60259309e-03  1.60157997e-02 -2.21263900e-01  2.42657289e-02
 -2.88114011e-01 -2.33348217e-02  3.46138567e-01 -3.38534683e-01
 -8.72234881e-01 -7.40761280e-01 -8.29404712e-01 -1.29510537e-01
 -6.94418326e-02 -6.08799994e-01  2.45951056e-01  6.21837497e-01
  1.53538674e-01 -7.24415004e-01 -1.68217748e-01  6.48679495e-01
 -5.46488762e-01 -1.15040004e-01  3.30174059e-01  2.86037236e-01
 -3.37511271e-01  5.08024633e-01 -3.48326653e-01  8.33200570e-03
 -9.24255908e-01 -4.29921508e-01  6.87494352e-02 -1.25363052e-01
  6.27695560e-01  5.48649549e-01  6.13780200e-01  2.54338264e-01
  3.63935716e-02  5.08097513e-03 -7.08508551e-01 -7.09103286e-01
 -8.71912301e-01  2.23325998e-01 -1.23358488e-01 -1.37490546e-02
 -3.32505137e-01  5.73148489e-01  4.35373932e-01  1.26437321e-01
 -1.33635541e-02 -5.51197194e-02 -1.13770843e-01 -4.34484839e-01
  5.68039477e-01 -2.98843771e-01 -1.36596516e-01 -4.38529886e-02
  2.20947370e-01  4.76622522e-01 -1.66529670e-01 -4.11611021e-01
  2.49301329e-01  2.15166976e-04 -6.43682361e-01  3.02932113e-01
  4.76099432e-01  5.84865689e-01 -3.61965328e-01  2.51475632e-01
  5.78926243e-02 -1.50585443e-01 -2.62260556e-01 -9.37899411e-01
 -1.07030582e+00 -1.63080156e-01  7.81623423e-01  7.94768274e-01
  1.10973299e+00  1.87933609e-01  1.29377484e-01  9.67795610e-01
 -4.51663919e-02  4.50860709e-01  3.74708414e-01 -2.22916193e-02
 -2.80867904e-01 -9.87806842e-02  1.91581063e-02  3.24061625e-02
 -3.43407631e-01  1.71426564e-01 -3.80856395e-01 -4.60673124e-02
 -5.52057385e-01 -1.93414584e-01 -3.18719745e-01 -7.47450292e-01
 -6.32515132e-01  4.35582578e-01 -4.44716245e-01  8.80368829e-01
  7.06764877e-01 -6.12755418e-02 -3.70586872e-01  4.35489625e-01
  4.25418973e-01  6.24845207e-01  2.08238199e-01 -5.09620428e-01
  6.03441224e-02  9.91400406e-02  2.53337417e-02 -5.90691864e-01
  3.01096469e-01  7.80634880e-01 -1.69298023e-01 -2.62339979e-01
  3.25375438e-01  5.22024967e-02 -2.26343870e-01  1.84588179e-01
  3.03663522e-01  7.20651224e-02 -2.48974159e-01 -7.72021472e-01
  9.44428593e-02 -1.15427800e-01 -4.28663418e-02 -6.62593365e-01
  2.40629818e-02  1.04328036e-01 -7.15367198e-01  3.76406759e-01
  2.53559321e-01 -6.75704718e-01 -2.42907032e-01  1.06422031e+00
  4.29446902e-03 -2.27146819e-01 -5.73829472e-01 -8.81030038e-02
  1.37938023e-01 -2.06558615e-01  6.57074630e-01  1.24504320e-01
  7.65152648e-02  7.17393756e-02 -8.78719985e-01 -1.97007746e-01
  3.36247683e-01 -4.25528646e-01  9.30847824e-01  7.13542104e-02
  5.25790155e-01  1.51974350e-01 -1.22149438e-02 -3.04092050e-01
 -6.94559962e-02 -4.87697661e-01 -2.87540942e-01 -9.47724003e-03
 -6.79272056e-01  7.23817766e-01 -9.61042941e-02 -5.50105512e-01
  5.90825975e-01  3.00931334e-01 -5.93765378e-01  2.97119141e-01
  6.23465717e-01  1.39161944e-01 -5.03332555e-01  1.15241423e-01
  1.37857586e-01 -4.15086716e-01 -6.00133883e-03 -2.36747667e-01
  4.88566041e-01  6.42919540e-01 -3.47156465e-01  2.50574738e-01
 -2.27758493e-02  4.97191250e-01  4.64505911e-01 -2.76368976e-01
  3.71231064e-02 -4.83692884e-02 -2.42348865e-01 -1.63599998e-01
  5.86027145e-01  4.09045517e-01 -2.15263397e-01  5.09908915e-01
  2.16484383e-01 -1.04440130e-01  7.24088609e-01  6.49824917e-01
  2.58057088e-01  2.55139053e-01 -2.54854351e-01  2.15307578e-01
 -1.44393563e+00  1.54003175e-02 -6.20265007e-02  1.09347984e-01
 -5.05956888e-01 -1.35228589e-01 -2.16336533e-01 -2.42122244e-02
  1.36547446e-01  1.26437187e-01  2.45118245e-01  2.25218251e-01
  4.62883681e-01  1.14106648e-01  2.66526133e-01  3.71117920e-01
  8.03166032e-02 -2.03847289e-01 -5.35558239e-02 -2.16774866e-01
  8.89650106e-01 -1.39563650e-01  1.46841422e-01 -1.40118152e-01
 -9.44451869e-01 -1.35718167e-01  2.57753789e-01 -1.54292420e-01
  4.12273616e-01  2.24196874e-02 -4.71663773e-01  2.10481510e-01
 -3.14698249e-01 -3.64693731e-01 -4.17081147e-01 -4.72287625e-01
 -5.47388136e-01 -3.19867104e-01 -4.02723610e-01  5.10284185e-01
 -1.89068019e-01  6.13676667e-01 -6.30382240e-01 -3.06035072e-01
 -3.01567852e-01  4.12768632e-01 -1.37675973e-02  1.11223996e-01
  3.93382221e-01  2.45809749e-01 -3.01810384e-01 -1.34854764e-01
  3.78870487e-01 -3.13324898e-01  1.67155847e-01 -1.09008379e-01
  3.51977013e-02 -6.27206326e-01 -2.50560522e-01  8.47843513e-02
 -2.16541756e-02 -9.02118832e-02 -1.57000363e-01 -3.68804246e-01
  2.03450829e-01 -1.01480938e-01 -3.90780777e-01  1.02750808e-01
 -2.98658490e-01  1.09786123e-01 -2.02436578e-02 -3.46513569e-01
 -5.43346591e-02  6.12112274e-03  1.17069386e-01  4.77606624e-01
 -7.16407359e-01 -2.45685335e-02 -4.33696769e-02 -9.06214863e-02
  2.35225800e-02 -1.09287322e+00 -1.37664050e-01  3.21586043e-01
  3.92776519e-01 -2.21113577e-01  4.84541029e-01 -4.79808450e-01
  2.62646198e-01 -2.79014677e-01 -3.57711405e-01  2.35436380e-01
 -9.95963383e+00 -1.17738601e-02  1.40896678e-01 -1.43282533e+00
 -2.79263705e-01  2.43233129e-01  7.71031737e-01  7.65827417e-01
 -5.13061404e-01  5.63339353e-01 -1.51371974e-02  5.95170200e-01
  1.06148016e+00  9.60172176e-01 -4.50345188e-01 -1.21541530e-01
  9.74920467e-02 -4.70564663e-01  3.10504884e-01 -3.33475173e-01
 -1.59964889e-01  1.35449292e-02  9.20035988e-02  5.40797055e-01
 -2.36671269e-01 -3.86754423e-01 -3.69544089e-01 -2.99910586e-02
  1.92437306e-01  1.36741221e-01 -7.12788224e-01  5.34329116e-02
 -5.83524346e-01  9.60877240e-01 -2.24351898e-01 -2.68125296e-01
  4.37793396e-02  2.26364955e-01 -2.65750438e-01  8.38131130e-01
 -2.06876829e-01  4.84383941e-01  4.26013499e-01 -2.53022492e-01
  4.22511548e-01  7.72839189e-02  1.41593203e-01 -1.05059445e-02
  4.38837558e-01  3.65556806e-01  2.74623662e-01 -6.39723301e-01
  1.13189137e-02 -2.84362119e-02 -2.25102417e-02  2.32257098e-01
  4.28059548e-01 -1.03463197e+00  1.94948360e-01  1.58615187e-01
  3.11699241e-01 -3.18830729e-01  8.30598295e-01  3.43468815e-01
 -1.71277508e-01  1.12667203e+00 -2.77727127e-01 -1.36487573e-01
 -5.47776401e-01 -1.22530244e-01 -7.43695349e-03  1.30861148e-01
  1.95510715e-01  1.39847025e-02 -3.66135389e-01  2.88432330e-01
 -3.65755677e-01  5.01263678e-01  3.48676026e-01  3.98953974e-01
 -1.06688552e-01  2.40438491e-01  1.48734465e-01  1.19005263e-01
 -4.21995848e-01 -2.82700956e-01 -2.40091980e-01 -3.14638138e-01
  3.48672152e-01 -4.68845218e-01  5.60178161e-01 -4.14196104e-01
 -2.19827935e-01  1.55481160e-01  2.58518577e-01  3.56976837e-01
 -2.70431966e-01  8.73237371e-01  2.08878592e-01  2.88596511e-01]"
ガ,"[ 4.87102926e-01  3.11243832e-01  6.41896725e-01 -2.55658299e-01
 -2.65800506e-01  4.89918888e-01  4.23613012e-01 -1.52509168e-01
 -7.58007944e-01  5.26193194e-02  8.78986001e-01  1.58182885e-02
 -6.48951292e-01  4.87012928e-03  1.28733128e-01 -9.17625278e-02
  1.06653929e-01 -2.34214693e-01 -2.32696757e-02 -1.29869543e-02
 -5.89991927e-01 -2.12751880e-01 -2.25817293e-01  6.77580535e-01
  2.99185868e-02 -1.01807162e-01 -2.57883817e-01  5.04817069e-01
  1.95891991e-01  5.71742505e-02  1.50267839e-01 -3.04121487e-02
 -1.19789757e-01 -1.16197348e-01 -4.10967320e-01  2.94807196e-01
 -5.72437160e-02  5.08057140e-02  3.51844072e-01  1.74906567e-01
 -3.35266627e-02 -2.32654914e-01 -5.39196789e-01 -1.53322414e-01
 -1.20861731e-01  2.53205359e-01 -3.15593332e-01  1.97897702e-01
  4.16663513e-02  3.15873295e-01 -4.19974297e-01  2.47631639e-01
  5.25173724e-01  2.76362062e-01  8.60089436e-02 -1.84508413e-01
  8.09439600e-01 -7.50835657e-01 -7.39435246e-03  6.53295815e-01
 -1.12950766e+00  2.26271987e-01 -2.96407342e-01 -4.52189259e-02
 -8.16813260e-02 -1.67574599e-01 -9.04666558e-02 -1.34454355e-01
  6.22959554e-01 -6.75826013e-01  1.66561082e-01 -3.04991782e-01
 -4.26511496e-01 -4.62691098e-01  1.61378220e-01 -4.63635921e-01
  2.19851434e-02  5.47964334e-01  9.30253208e-01  3.34874988e-01
 -5.61325312e-01  3.77667874e-01 -6.95181713e-02 -7.27690876e-01
 -4.35756534e-01 -4.83368058e-03 -9.61649895e-01 -6.33571684e-01
  6.30200267e-01 -2.44495586e-01 -3.73210102e-01 -7.22561300e-01
  2.58134335e-01  1.18708104e-01  7.05392420e-01 -2.53477916e-02
 -2.43883505e-01  2.70567611e-02 -3.36368196e-02  2.74582863e-01
 -7.68600881e-01  3.54108483e-01  7.19083607e-01 -7.18512163e-02
 -2.06512079e-01 -1.81876216e-03 -1.87226936e-01  3.97638738e-01
  4.30907458e-01  5.46827078e-01  2.21992701e-01 -8.01890850e-01
 -9.75964725e-01 -4.73407269e-01  2.08316132e-01 -3.77684906e-02
 -1.18580699e-01  2.88550228e-01 -1.79840237e-01  6.87829077e-01
  1.89707786e-01  6.30121589e-01 -2.09169060e-01 -7.22944438e-01
 -3.67359072e-01  4.42403853e-01  3.75250220e-01 -1.67699128e-01
 -4.45971876e-01 -4.43130046e-01 -7.77075946e-01 -6.73386604e-02
 -3.17144930e-01 -4.29443687e-01 -5.21790266e-01  8.09447527e-01
 -2.51292497e-01  1.07509039e-01 -4.02591705e-01 -4.01843041e-01
 -4.66763973e-01  2.77931184e-01  4.54577282e-02 -6.54930830e-01
 -4.47751172e-02  1.82618666e-02 -1.46186337e-01 -3.53450954e-01
  3.65551651e-01  4.58576322e-01  3.83030809e-02  1.15077615e+00
 -7.05161870e-01  5.01098812e-01  1.11437701e-01 -1.24031894e-01
 -6.37571394e-01 -1.16458729e-01  1.03160486e-01  2.92469934e-03
  2.76314765e-01  4.90697436e-02  3.06794971e-01  1.14732182e+00
  2.20069811e-01  1.14685535e-01 -5.42340055e-02  9.31418501e-03
  2.35789567e-01  7.93124497e-01  9.28854406e-01  2.65765101e-01
  7.83144653e-01 -5.17836809e-01  1.42908663e-01  3.79758269e-01
  5.70825636e-01  1.89598482e-02 -2.14401141e-01 -2.80106753e-01
 -5.26373684e-02 -3.25409532e-01  2.34065682e-01 -5.05458832e-01
  6.04711890e-01  2.00704515e-01  4.48527634e-01 -1.53408259e-01
 -1.05654262e-01 -2.11676490e-02  4.89759520e-02 -5.36264181e-01
  2.35504940e-01 -5.77372491e-01 -3.04202884e-01 -2.59778798e-01
  4.16109085e-01  4.37170476e-01 -1.98232874e-01  2.00957581e-01
  1.16632193e-01 -2.99597561e-01 -1.53533630e-02 -8.52346659e-01
 -2.52352655e-01 -2.51293719e-01  6.04821183e-02  4.70658660e-01
  1.50551990e-01  8.46910700e-02 -1.78496465e-01 -3.23285073e-01
 -2.10635960e-02 -1.85596377e-01  6.92743003e-01 -6.86029613e-01
 -7.52128541e-01 -6.00426733e-01 -1.78169087e-01  1.76661879e-01
  5.30058563e-01 -2.94614315e-01  4.18475419e-02 -3.43066841e-01
  3.03220630e-01  3.98076743e-01  5.03547430e-01 -1.45327166e-01
 -6.16286635e-01  1.14175066e-01 -4.64864165e-01 -6.51364386e-01
 -5.74836969e-01  1.39019296e-01 -6.86530650e-01 -7.18855500e-01
 -1.62003525e-02  2.56190926e-01 -1.57868505e-01 -2.49113645e-02
  5.58117688e-01 -4.45236683e-01  5.37131071e-01 -4.22934502e-01
 -5.33883691e-01  3.80867422e-01 -4.37793344e-01 -7.93895796e-02
  1.63957864e-01 -1.22851722e-01 -7.34448314e-01 -1.51064739e-01
  2.86140591e-02 -3.42519619e-02  9.11681950e-01  6.52216673e-01
  9.04354215e-01 -3.60261589e-01  2.94997424e-01 -7.33624399e-01
 -2.37593725e-01 -5.25563180e-01 -2.72787124e-01 -6.93399534e-02
  1.87732786e-01 -1.90736473e-01 -4.59045589e-01 -1.07583833e+00
 -1.03320360e+00 -4.22039717e-01  3.44428681e-02 -9.79672968e-02
 -1.53228685e-01 -2.95765638e-01  1.62366420e-01  5.44586360e-01
 -5.72979867e-01  6.52360082e-01 -3.40823948e-01  9.85157251e-01
 -4.81229156e-01  4.01148051e-01 -7.45911956e-01 -2.72951245e-01
 -2.08285823e-02  5.04634142e-01 -7.04863131e-01 -5.09969354e-01
 -4.51653063e-01  5.08494616e-01  7.07686424e-01 -7.81175137e-01
  1.91884879e-02  7.66404271e-02 -6.47989988e-01  3.43551278e-01
  2.79196143e-01 -1.82792485e-01  1.73138395e-01 -2.43612807e-02
  4.02659476e-01 -4.16874498e-01  4.06860799e-01 -7.95387328e-02
  4.87347171e-02 -3.54602754e-01  3.98236811e-02  3.16585839e-01
  3.39974403e-01 -3.07458758e-01  6.74966514e-01  4.79050040e-01
 -4.88953501e-01 -7.36426562e-02  6.04643524e-01  4.84294802e-01
 -1.68717945e+00  1.72572300e-01  4.86988902e-01  7.63374567e-02
 -4.58339840e-01  3.84485513e-01  5.82558215e-01  5.67464590e-01
  1.39527276e-01 -8.92349124e-01  1.38178408e+00  1.11770689e-01
 -5.03181100e-01  1.96331054e-01  2.76365191e-01 -1.24078147e-01
  2.28829496e-02 -6.27416313e-01  6.66640177e-02  5.14796913e-01
 -1.71295613e-01 -6.22882098e-02  1.01601094e-01 -3.97314727e-01
 -3.47880386e-02  6.59143984e-01 -7.94553995e-01 -3.30902576e-01
 -6.23083949e-01 -1.47895947e-01  3.65183175e-01  1.67670977e+00
  1.52352259e-01  5.25753498e-01 -7.20292032e-01 -2.38409936e-01
 -4.74726677e-01 -8.77086222e-02  5.77413626e-02 -4.95049238e-01
  3.59099135e-02 -4.44957197e-01  2.49648958e-01  2.66159117e-01
  1.78566054e-01 -1.27892867e-01  2.91438788e-01  2.75978565e-01
 -9.63191763e-02 -2.77525536e-03  6.35804117e-01 -7.95160532e-02
  3.34968567e-01  1.78161725e-01  7.12979853e-01  8.59439433e-01
  1.29124030e-01 -1.74191177e-01  2.29232401e-01 -9.37118471e-01
  4.22426820e-01  5.19556165e-01 -3.88682097e-01  4.20554668e-01
  8.07774588e-02 -4.75782640e-02 -4.32050042e-02 -5.15965760e-01
  4.31924939e-01 -5.30254841e-01 -6.94619775e-01 -2.55624413e-01
  3.96445721e-01 -2.18339581e-02  7.94128895e-01  6.02789223e-01
  5.55866838e-01 -5.52847505e-01 -4.49416786e-01  4.72039253e-01
 -2.78069116e-02  6.45434022e-01 -3.10274422e-01  4.74136442e-01
 -1.93098858e-01 -8.16230103e-02 -3.30630004e-01 -1.10169291e+00
 -1.13280618e+00 -3.52735966e-01 -8.43716204e-01  8.83318409e-02
  1.66179333e-02  5.26093543e-01 -3.56828183e-01  3.08924347e-01
  4.33942318e-01  8.85413289e-02 -1.92443833e-01 -8.67350101e-01
  1.52217718e-02  9.92809236e-02  1.53158471e-01  1.44698232e-01
  3.81255835e-01  4.37904656e-01 -2.32859179e-01 -5.45465410e-01
  3.18789572e-01  2.32400820e-01 -2.12542072e-01 -7.39846110e-01
  2.90166646e-01 -1.75499260e-01 -2.76845038e-01 -7.00312927e-02
  2.61328429e-01  1.22521937e+00 -9.07525071e-04 -6.64439201e-01
 -6.06603697e-02  2.54310548e-01 -1.09296091e-01  1.08313107e+00
  5.47250509e-01  4.56077576e-01 -2.52092749e-01  7.64947459e-02
 -2.58932501e-01 -1.01815470e-01  4.55579013e-02 -1.34167776e-01
  6.16688550e-01  1.23469651e-01  3.93703103e-01  1.07308948e+00
 -7.08035752e-02  4.18296814e-01  1.89480096e-01  5.41648686e-01
 -5.78362405e-01  4.31199521e-01 -6.22014344e-01 -3.88963670e-01
 -4.04560477e-01  2.73272306e-01 -6.44837677e-01 -4.88343865e-01
  7.48318881e-02 -5.59296608e-02  3.65558594e-01  9.47508067e-02
  3.34743351e-01 -4.86705512e-01 -7.51668096e-01 -6.94775105e-01
 -8.65111053e-01 -1.33149996e-01 -7.60113299e-01 -7.70404860e-02
  1.18197012e+00  1.87574059e-01 -6.37452304e-01 -2.22108066e-01
 -2.06482261e-01  4.50286150e-01  2.12032590e-02 -2.14349162e-02
 -4.26329583e-01  4.19664890e-01 -5.26169300e-01 -6.16239272e-02
  2.19854400e-01  2.90658865e-02 -4.52168137e-01 -7.93602288e-01
 -7.37201929e-01  2.36092298e-03  2.14386970e-01 -5.86620867e-01
  4.46115047e-01  2.37375095e-01 -4.82349604e-01  2.23666042e-01
  1.76527977e-01 -4.17226076e-01 -1.36192858e-01 -5.13982534e-01
 -1.69208318e-01 -2.42283970e-01  8.09249952e-02  4.38421555e-02
  5.07420957e-01 -4.11537796e-01 -2.90060192e-01  9.95623589e-01
  8.85742232e-02  6.95859119e-02  5.98578572e-01  3.09065189e-02
 -5.30822277e-01 -3.20099927e-02  5.52023709e-01  5.25248706e-01
  5.48582077e-01  1.85407206e-01 -7.00361907e-01 -5.91181457e-01
 -8.54389668e-02 -7.71633446e-01  6.79493964e-01  1.72312722e-01
  8.22359025e-01 -8.29587638e-01  2.44997725e-01 -6.35278821e-02
  4.55855787e-01 -1.47618756e-01  5.59244454e-01  3.89434427e-01
 -1.01204860e+00 -7.71505952e-01 -3.53402346e-01 -4.53035712e-01
  5.87937951e-01  5.10177433e-01 -6.03639901e-01  1.73932269e-01
  7.94981360e-01  3.54230553e-01 -6.28021598e-01 -4.55308780e-02
 -4.54213530e-01  7.79537261e-02  8.99411857e-01  2.59792469e-02
  3.64872545e-01  6.61783457e-01 -8.72354567e-01  4.20550346e-01
  6.46677837e-02  7.14213789e-01  1.11260369e-01 -1.35064004e-02
 -3.33639950e-01  1.85249746e-01 -9.36810434e-01 -4.13559973e-01
  2.35341579e-01  1.02262273e-02 -4.04132396e-01  5.86309910e-01
  6.87199056e-01 -4.46733892e-01 -1.71096385e-01  1.19632244e+00
  6.93441391e-01  1.17275608e+00  6.93421215e-02  2.63220608e-01
 -6.31223857e-01  5.04677773e-01  9.99296308e-02  1.13816246e-01
 -4.36114192e-01 -4.96457182e-02 -3.17858234e-02 -5.10294259e-01
  2.84287542e-01  3.04703057e-01 -4.71303798e-03  1.99713781e-01
 -2.32942969e-01 -4.44165878e-02  1.13874626e+00  1.27944246e-01
  9.08200592e-02 -1.36128470e-01 -8.36950764e-02  7.81595886e-01
  3.87852669e-01  1.13653108e-01  2.87332624e-01  1.16083063e-02
 -5.78344226e-01  1.75072759e-01 -3.80622298e-01  4.01899815e-01
  5.45887649e-01 -6.93964660e-01 -8.11438859e-01  5.98314643e-01
  5.78667760e-01  2.32014835e-01 -1.50028467e-02 -6.39318228e-01
 -1.01939127e-01 -5.47196604e-02  2.05331877e-01 -8.08889270e-02
  2.01290622e-01  2.76928246e-01 -1.14401348e-01 -4.04419929e-01
  2.06725106e-01  3.96473378e-01 -7.10416734e-02 -6.28069341e-01
 -1.21564813e-01 -1.57631814e-01  3.05762708e-01  1.28870085e-01
  3.10597092e-01  4.82357899e-03 -2.38377333e-01  4.69483793e-01
 -1.85609758e-01 -3.79555434e-01 -2.56590217e-01  8.33581448e-01
  2.38814473e-01 -5.74004231e-03  2.24772781e-01 -4.34586316e-01
 -4.82878760e-02  1.45668969e-01 -7.98618555e-01 -8.86615664e-02
  3.91872108e-01 -3.64762038e-01 -2.86167711e-01  3.89739692e-01
 -6.75868332e-01  2.99784631e-01  1.21098742e-01  5.83182991e-01
 -6.07244790e-01 -4.77152824e-01  4.59966838e-01 -1.51549010e-02
 -2.35751390e-01 -1.48351049e+00  5.75333118e-01  1.72610536e-01
  3.98239195e-01  7.32976347e-02  3.29162300e-01  2.27515206e-01
 -2.97334611e-01  3.33437324e-01 -3.54394078e-01  2.68682569e-01
 -9.62337112e+00 -3.36690634e-01 -2.50004083e-01 -3.44363868e-01
 -3.09751272e-01 -1.92816377e-01  1.17885637e+00  7.91099310e-01
 -3.51741403e-01  1.09298572e-01 -5.06483197e-01 -5.39910555e-01
  4.72893506e-01 -1.59490675e-01  3.44220502e-03  3.76025468e-01
 -8.66629839e-01 -5.09394169e-01 -5.06559193e-01  2.62557805e-01
 -1.96012110e-01 -7.77080804e-02  8.86441767e-01  8.80405903e-02
  2.78712120e-02  2.87945390e-01  4.37858135e-01  1.46378219e-01
 -6.59997091e-02  7.54593849e-01 -5.52720547e-01  4.25995737e-01
 -7.24203587e-02  5.26358068e-01 -3.62492770e-01  1.43278226e-01
  1.11451164e-01 -3.98030970e-03 -9.82244492e-01  7.61471212e-01
  4.78391171e-01  6.14347816e-01  1.77219689e-01  3.31757545e-01
 -1.94949806e-01 -4.19891298e-01 -9.06330422e-02  2.13685602e-01
  2.22917244e-01 -7.46719539e-02  7.28704548e-03 -5.78665972e-01
  4.51801211e-01 -3.77995819e-01  4.56797719e-01 -2.50311732e-01
  6.14805400e-01 -4.80902761e-01  6.73477471e-01 -1.68807562e-02
 -3.96499373e-02  4.69478190e-01  6.35107517e-01  2.96951056e-01
 -8.25255752e-01  5.72971702e-01 -2.36644641e-01 -1.97643682e-01
 -6.04832292e-01 -4.43856090e-01  9.19528723e-01 -1.17217293e-02
  3.22073817e-01  5.44641279e-02  4.76709872e-01  3.85126144e-01
 -5.30833416e-02  2.26926416e-01  4.39385384e-01  1.78381726e-01
  8.09423387e-01 -4.46282804e-01 -6.75133988e-02  1.70631260e-01
 -7.23487198e-01  1.87262089e-03  5.20968497e-01 -2.99509287e-01
  1.36904612e-01 -6.00550413e-01  1.13538408e+00  5.05654335e-01
 -8.69104207e-01 -4.20394316e-02  3.11608732e-01 -8.70124400e-02
 -4.16175537e-02  2.89624840e-01  3.13185215e-01 -1.62926763e-01]"
フ,"[ 7.82647550e-01  5.25917411e-01  1.30208886e+00 -3.08349848e-01
  2.12421298e-01  8.31846118e-01  5.09613454e-01  3.76419425e-01
 -9.01432931e-01 -5.63749075e-01  4.13691878e-01 -7.01193094e-01
 -2.95583636e-01  3.47710401e-01  2.74811149e-01  2.73348927e-01
 -3.14747930e-01 -3.07599485e-01  2.14062095e-01 -1.05566442e+00
 -1.68436706e+00 -6.00017130e-01 -4.54872221e-01  7.45620370e-01
  1.93564624e-01 -9.04433846e-01 -3.99377942e-02 -3.06529939e-01
  3.32067877e-01 -4.79370236e-01 -6.47513032e-01  2.99863487e-01
 -2.04831287e-01  2.48792037e-01 -7.03609228e-01  3.75649333e-01
 -5.23770034e-01 -5.79116642e-01  4.59319204e-01  4.35822047e-02
 -1.24784343e-01 -4.10947472e-01  3.52863520e-02  4.47593838e-01
 -2.28891909e-01  4.46135998e-01  8.41410272e-03  3.60631526e-01
  4.21722978e-02 -3.79455566e-01 -8.03179443e-01  5.98859489e-01
  5.25773704e-01  4.15566325e-01  2.42164657e-01 -1.17814112e-02
  7.35914886e-01 -7.01969922e-01  2.43315741e-01  5.86080372e-01
 -7.90153563e-01 -3.74113023e-01  5.64501345e-01 -8.77593011e-02
 -1.02911972e-01  3.65419507e-01 -3.01722795e-01 -4.39783037e-01
  7.34266222e-01 -1.01545915e-01  1.93434149e-01  3.04078907e-01
 -1.30567893e-01 -1.05014837e+00  7.23466992e-01 -3.06914151e-01
 -5.59362359e-02  8.14135969e-01  3.47547978e-01  1.16925292e-01
 -1.95765108e-01  4.91143107e-01  5.68294048e-01 -1.94267750e-01
 -4.74248260e-01 -2.92376410e-02 -5.25469661e-01 -1.04090118e+00
  7.49848306e-01 -8.27324912e-02  1.00664392e-01 -3.59692812e-01
  1.58191510e-02 -1.38005957e-01  6.64549351e-01  4.15148288e-01
 -3.05054523e-03 -2.80613840e-01 -3.90187562e-01  6.02873676e-02
 -3.06217760e-01  1.63814053e-01  3.20496738e-01 -5.31065203e-02
 -3.50250065e-01 -1.43982127e-01 -3.32299203e-01  2.78855026e-01
  3.77189964e-01  4.89404947e-01 -6.11553490e-01 -7.62937069e-01
 -2.65266418e-01 -4.73008096e-01  4.86597598e-01 -3.82624045e-02
 -3.93780142e-01  3.75756770e-02  5.67347966e-02  3.26442629e-01
  9.69640911e-03  5.39633155e-01  1.58000886e-01 -6.77504778e-01
  3.86275910e-02 -6.03411682e-02  7.53792286e-01 -1.78754419e-01
 -6.00111723e-01  5.77094816e-02 -4.29245710e-01 -1.01733065e+00
 -1.63769573e-01  2.00555101e-03 -2.79669017e-01  7.68581033e-01
  1.96971789e-01 -2.81340003e-01 -5.58883771e-02  4.81328517e-02
 -6.11000121e-01  1.57626033e-01  5.38281739e-01 -8.71837318e-01
  3.33581562e-03  3.88865054e-01 -7.27371454e-01  2.03920640e-02
  2.86573499e-01  1.33916870e-01  6.15801439e-02  1.57815647e+00
 -7.01809883e-01  1.98264286e-01  1.62270084e-01  3.90638649e-01
 -6.51776671e-01 -8.84410813e-02  6.51547685e-02  1.70063674e-01
  4.54091191e-01 -1.01943612e-01  2.89283633e-01  4.66449320e-01
 -5.93703091e-02  8.79369825e-02  6.23777628e-01 -2.35121757e-01
 -3.87005538e-01  3.16160589e-01  5.06709337e-01  6.64134681e-01
  3.00256401e-01  4.16216135e-01 -3.30784559e-01  3.69539529e-01
  1.18171763e+00  3.82842481e-01 -2.79423267e-01 -6.68540180e-01
 -1.39313906e-01  2.24739667e-02  4.02513772e-01 -5.96123338e-01
  9.27061379e-01 -9.58791301e-02  2.17003152e-02 -3.79576057e-01
 -4.39115047e-01  4.82353121e-01 -3.18075120e-01 -1.56537786e-01
  5.23457110e-01 -3.43480468e-01 -5.78572690e-01 -1.80210188e-01
  8.66729736e-01  3.60177487e-01 -5.11703849e-01  2.46784866e-01
  1.03565529e-02  3.24565709e-01 -5.54741360e-02 -7.31342852e-01
 -8.63351941e-01  1.38213262e-01  2.96723306e-01  3.60331684e-01
  2.66837329e-01  7.36216068e-01 -3.45761746e-01 -2.27996320e-01
  5.57525575e-01  7.35202758e-03  5.64224362e-01  3.12273741e-01
 -5.55185437e-01 -3.19980741e-01 -1.09665945e-01  3.40611219e-01
  4.13384765e-01 -7.42934823e-01  9.65041518e-02  4.52797972e-02
  2.45937765e-01  8.75594616e-01 -1.19197428e-01 -2.42388397e-01
 -4.14965540e-01 -1.83113828e-01 -1.61120355e+00 -7.48286903e-01
 -7.81039417e-01 -1.94545358e-01 -3.63337874e-01 -5.55990398e-01
 -3.12035292e-01 -1.69833302e-01 -1.05484533e+00  4.51220751e-01
 -3.41326773e-01 -4.72518146e-01  5.25271714e-01 -3.33267033e-01
 -1.45078912e-01  2.72296190e-01 -2.69689322e-01 -2.71205038e-01
 -2.67325819e-01 -1.68802559e-01 -3.45682800e-01  4.61778939e-02
 -2.78889418e-01 -7.82595053e-02  9.09902334e-01  7.65965939e-01
  8.24813664e-01 -5.93795717e-01  2.70438612e-01 -7.05629528e-01
 -1.70206234e-01 -1.99136332e-01 -8.74573067e-02  4.67531532e-01
 -1.29725859e-01  9.21973437e-02 -2.85319149e-01 -5.01835465e-01
 -1.32753387e-01 -7.17441320e-01  3.15306664e-01 -2.85966814e-01
  2.21679091e-01 -3.14525634e-01  2.00291276e-01  6.47503018e-01
 -4.85193402e-01  6.03637397e-01  7.81825855e-02  1.19231150e-01
 -7.29739293e-02  3.89627844e-01 -6.47833526e-01 -5.57009913e-02
 -4.68339086e-01  2.02988729e-01 -6.89609587e-01 -1.56571627e-01
 -6.22638881e-01  1.06590903e+00  4.69919473e-01 -6.70174599e-01
  1.61680475e-01 -1.01886757e-01 -6.51634693e-01  7.24902675e-02
  1.06340373e+00 -4.81708907e-02  5.07693827e-01  1.76863298e-01
  1.11637963e-02  3.17154229e-01  1.05577040e+00 -3.76553357e-01
  3.21000189e-01 -1.27280923e-02  5.94699681e-01  8.35534558e-02
 -1.91299558e-01 -8.43067989e-02  3.51381242e-01  6.48470879e-01
 -3.42365652e-01  7.75106549e-01  7.82606065e-01  8.60111356e-01
 -1.65384138e+00 -5.60502708e-01  4.47244525e-01  2.06942573e-01
 -7.57783413e-01 -3.49187404e-01  3.40590298e-01  2.77040303e-01
 -5.02242386e-01 -7.94109225e-01  1.41403389e+00  4.98766005e-02
  2.08683982e-01  3.63987163e-02  1.88692361e-01 -1.11031048e-01
 -3.60130608e-01 -1.12408829e+00  5.79652131e-01  3.87356013e-01
 -7.95459867e-01  2.00630147e-02  1.39887869e-01 -2.52302825e-01
 -5.48057795e-01  5.79018295e-01 -1.01518631e+00  2.15661302e-01
 -7.13244557e-01 -1.41519114e-01  5.80285549e-01  1.01964450e+00
  7.87522018e-01  3.35296363e-01 -1.33867955e+00 -3.95884991e-01
 -4.64708060e-01 -5.51258147e-01 -3.68074626e-01 -2.89611042e-01
 -5.86372055e-02 -4.85617459e-01  3.59065861e-01 -2.03989476e-01
  3.19382042e-01 -4.66966063e-01  1.84358098e-02 -1.17764577e-01
 -7.51829743e-01  2.17194811e-01  4.98323023e-01 -1.21766530e-01
  3.02167505e-01  3.97454649e-01  8.73189807e-01  4.86418575e-01
 -1.47506103e-01 -8.21750760e-01 -4.15377289e-01 -7.17481852e-01
 -1.88540682e-01 -4.71468329e-01 -5.40361106e-01  8.72439623e-01
 -6.35207340e-04 -3.62211853e-01 -2.05666453e-01 -9.95925963e-01
  6.53732181e-01 -2.55873770e-01 -4.66859102e-01 -5.66553548e-02
  1.70031525e-02 -3.28914702e-01  7.08534956e-01  1.28941527e-02
  7.04864323e-01 -4.43582982e-01 -8.13341975e-01  1.12423912e-01
  3.96507755e-02 -2.63977855e-01 -1.46456614e-01  7.61071742e-02
 -1.33130148e-01 -1.81857683e-02 -3.39247912e-01 -5.73343217e-01
 -4.14599389e-01  2.88230866e-01 -6.08850181e-01 -9.06104147e-02
 -1.52483240e-01  6.97809756e-01 -2.26354331e-01  1.55598328e-01
  4.98451181e-02  5.96865177e-01 -6.97800636e-01 -4.87546891e-01
 -6.56886725e-03  8.43118504e-02  2.02044323e-01  2.06645131e-01
  4.42749113e-01  1.44969016e-01  3.98659706e-01  1.59820527e-01
  4.30325896e-01  1.50802344e-01 -5.40567458e-01 -3.22427094e-01
  6.21984422e-01 -2.15380952e-01  1.02795482e-01  3.13167959e-01
 -4.95007336e-02  4.14121062e-01 -2.43007839e-01 -1.13359225e+00
  5.52682877e-01  9.35630500e-02 -1.70994759e-01  7.19465137e-01
  8.00606847e-01  3.39845896e-01  3.50449800e-01  2.76076257e-01
 -2.42712386e-02  2.78523583e-02 -3.48795623e-01 -3.79682630e-01
  5.32269657e-01 -6.66004699e-03  6.83804512e-01  8.62019122e-01
  2.15399951e-01  5.26101351e-01  4.66692746e-01  5.13240814e-01
 -7.97293186e-01 -4.25045453e-02  1.19311996e-01 -4.42487270e-01
 -3.89292121e-01  9.43137109e-01 -5.37301004e-01  1.40377805e-01
 -9.62409601e-02 -2.76737869e-01  1.23733783e+00  3.06611061e-01
  6.16704583e-01 -1.15459180e+00 -5.08632064e-01 -9.02416706e-01
 -1.16800499e+00  2.13716894e-01 -6.36904895e-01  2.09286492e-02
  3.65663379e-01 -3.00349444e-01 -5.02281070e-01  4.09797400e-01
  6.45879626e-01  5.96021675e-02 -2.25404516e-01 -2.97485203e-01
 -4.05407518e-01  4.94538099e-02 -6.48215055e-01 -2.73283094e-01
  3.17872465e-01 -5.39429896e-02 -2.89714366e-01 -4.14691389e-01
  3.14884573e-01 -1.20146506e-01  7.00893283e-01 -2.47429326e-01
  1.03932969e-01  8.91305208e-02 -5.52187622e-01  5.21543026e-02
 -1.70706600e-01  1.37383267e-01 -6.73377633e-01  2.77359128e-01
 -1.02622703e-01 -3.35127592e-01 -1.46926776e-01  6.38033569e-01
  6.10380352e-01 -6.89893484e-01 -3.36894900e-01  3.70931476e-01
  1.59607306e-01 -2.26615220e-01  2.43816748e-01 -6.97083175e-01
 -5.01698911e-01 -3.41538906e-01  1.11199372e-01 -1.55766206e-02
  1.43861040e-01  3.09151441e-01 -1.08954763e+00 -7.68035650e-01
  6.43837094e-01 -1.38792276e+00  2.77736723e-01 -7.27885514e-02
  7.27701783e-01 -1.08867919e+00 -5.95618449e-02 -1.70104325e-01
 -1.64844006e-01 -3.16530496e-01  2.49177963e-01  1.80337980e-01
 -1.04563236e+00 -4.03307676e-01  3.63963604e-01 -8.29517961e-01
  1.67252862e+00  8.32167938e-02 -8.31673741e-01  3.97058129e-01
  5.50849199e-01  6.57026947e-01 -2.09646925e-01  6.33909032e-02
 -3.37766588e-01  1.10040694e-01  3.34869444e-01 -2.18474403e-01
  5.02188325e-01  1.71818405e-01 -1.33710459e-01 -1.80999190e-01
  3.94617528e-01  3.53572994e-01  3.58871698e-01  5.83962142e-01
 -3.26499939e-01  3.35221514e-02 -4.11523253e-01  2.17437997e-01
 -6.74751848e-02  2.34942034e-01 -4.63930994e-01  7.39022493e-01
  1.85013235e-01 -2.15560272e-01  2.49356732e-01  1.16218233e+00
  4.12730649e-02  9.49841797e-01  9.35586616e-02  2.36268148e-01
 -5.33513308e-01  4.20653492e-01  6.77196741e-01  1.67118043e-01
  7.00884163e-02  2.54230171e-01 -2.47839391e-01 -5.79863414e-02
  7.09711015e-01 -5.82409501e-01 -3.60090882e-02  3.53170335e-01
  3.22864391e-02 -2.96020389e-01  6.82790756e-01  4.07968700e-01
 -1.78888366e-01 -1.72180623e-01 -9.47501436e-02  1.08485448e+00
  9.26844954e-01  1.47440165e-01  9.45097208e-01 -7.09666729e-01
 -3.59796733e-01  1.36256427e-01 -2.47442365e-01 -2.60311872e-01
  3.11763376e-01 -2.20792860e-01 -8.63722742e-01  6.91807508e-01
  6.39093995e-01  4.34571542e-02 -1.29994214e-01 -7.24925101e-01
  2.89378852e-01 -1.67659983e-01 -3.07060570e-01  2.06952721e-01
  2.21372291e-01  6.77560747e-01  2.32271492e-01 -3.65689360e-02
  1.25641316e-01  8.04988444e-01  2.53866129e-02 -1.40548557e-01
  1.78979188e-01 -3.75238508e-02  4.76011723e-01  2.03800470e-01
  7.21946537e-01  2.19666451e-01 -1.18965879e-01  7.66073704e-01
 -2.63091683e-01 -1.71911418e-01 -2.65062511e-01  8.61074150e-01
  3.75340104e-01 -7.87468791e-01  1.90886483e-01 -1.85985342e-01
  1.32765591e-01 -3.18561375e-01 -8.11702728e-01 -2.00231493e-01
  1.60125226e-01 -4.23499137e-01 -2.64557183e-01  2.83981919e-01
 -3.87500584e-01 -1.95529550e-01 -2.38287300e-01  3.39453638e-01
 -1.17828834e+00 -2.70878464e-01  6.08580232e-01  1.08951919e-01
 -4.94533986e-01 -1.60599089e+00  4.11206633e-01  7.20181286e-01
  1.60185650e-01  1.57779574e-01  4.77547348e-01 -9.90123525e-02
 -5.26445031e-01  7.39465132e-02 -5.46195984e-01 -2.56094247e-01
 -9.25653744e+00  4.01836902e-01 -1.64053157e-01 -6.55582607e-01
 -2.39472106e-01 -3.47618222e-01  9.82560873e-01  1.10607791e+00
 -3.42825651e-01  6.24939620e-01 -7.08633214e-02  9.89143550e-02
  4.06998575e-01  6.51035516e-04  8.99028033e-02  1.49146020e-01
  6.48775846e-02  4.12713997e-02 -1.64781004e-01  1.31873667e-01
 -7.60875344e-01 -4.36492890e-01  6.29807651e-01  1.12572923e-01
  2.87511319e-01 -2.35936731e-01  1.51090130e-01  7.92638600e-01
  6.61192358e-01  5.90873122e-01 -8.57350707e-01  6.14852905e-01
 -7.63439834e-01  5.06893992e-01 -3.98905903e-01  2.96875507e-01
  7.40435064e-01  3.40602428e-01 -5.18068075e-01  4.91527766e-01
  5.32348812e-01  3.73053223e-01  4.88676019e-02 -2.28323847e-01
 -2.64637411e-01 -8.41872334e-01  4.30218935e-01  7.89315179e-02
  9.75777745e-01 -1.45805582e-01 -6.18143618e-01  1.92748025e-01
  1.86329857e-01 -6.91390157e-01  3.57598871e-01 -1.90877125e-01
  2.85256207e-01 -1.04374230e+00  3.64740342e-01 -1.32046798e-02
 -4.36468683e-02 -8.27958733e-02  5.22545993e-01  7.40824759e-01
  1.81303754e-01  8.13947678e-01 -1.33367151e-01  1.46204337e-01
 -1.01795745e+00  6.88395500e-02  2.01275110e-01  4.17577833e-01
  1.95419192e-01  3.05780590e-01  2.36955956e-01  3.95616591e-01
 -8.40825662e-02  2.88647592e-01  4.74342287e-01 -2.23226458e-01
  6.44110262e-01 -5.34417808e-01  1.75139606e-01  4.00959432e-01
 -6.76573634e-01  1.13503136e-01  2.19728470e-01 -8.71298254e-01
  3.33032191e-01 -7.56392777e-01  3.60424697e-01 -3.42170596e-01
 -4.85507190e-01  5.57083964e-01  2.93882817e-01 -4.86824155e-01
 -5.74239418e-02  5.44822104e-02  2.94287384e-01 -4.14492786e-01]"
ラ,"[ 2.53270626e-01  9.87377539e-02  6.95462167e-01 -7.88378119e-01
  2.84588963e-01  2.73937255e-01  5.22956073e-01  3.08304708e-02
  3.29807848e-01 -4.75687487e-03  8.15141141e-01 -5.77190042e-01
 -3.10846776e-01  1.18641965e-02  8.12146366e-01 -7.99373686e-02
  6.62725940e-02 -3.57988983e-01  2.81068534e-01 -4.04754400e-01
 -8.98082972e-01 -4.62202102e-01 -1.81117505e-01  4.40734297e-01
  4.05904427e-02 -3.35834682e-01 -2.21621647e-01  1.01561174e-01
 -2.68296991e-02 -1.42383561e-01 -1.24907367e-01 -3.21613421e-04
 -1.28024817e-01  2.58824080e-01 -2.76931196e-01  4.17086542e-01
 -1.58638507e-01 -3.56592715e-01  3.77284408e-01 -9.22773406e-02
  6.67844191e-02 -1.34741202e-01 -5.74468315e-01 -1.44362509e-01
 -4.19269890e-01  1.10907778e-01  1.84497908e-01 -1.78516265e-02
  9.75063443e-02 -5.61684519e-02 -6.95068017e-02  2.37551361e-01
  3.32574487e-01  6.22163415e-02  5.57750702e-01 -2.28059843e-01
  6.06942654e-01 -5.55038393e-01  1.48991168e-01  2.96692789e-01
 -2.74570078e-01 -4.71665144e-01 -2.22448800e-02 -1.60193611e-02
  2.10027657e-02  1.78835228e-01 -2.30052680e-01 -2.05455855e-01
  6.27453774e-02 -7.87832141e-01 -5.67941181e-02 -4.08992469e-01
  1.18813448e-01 -5.43733239e-01  6.64223552e-01 -6.89116955e-01
  4.36958484e-02  3.67432922e-01  3.51985365e-01  2.89693028e-02
  3.56173739e-02  5.89322925e-01 -5.82076497e-02 -7.17161715e-01
  3.38350534e-01  4.42372799e-01 -6.66883588e-01 -7.38075554e-01
  5.01148880e-01 -1.53953090e-01 -5.66951856e-02  2.45523989e-01
  3.91033173e-01  2.63293326e-01  1.93595633e-01 -8.08111653e-02
  1.62332311e-01  7.95813650e-02 -1.74654931e-01  2.87753671e-01
 -1.89735908e-02  1.99261144e-01  5.63528061e-01 -3.35476130e-01
 -2.56715149e-01  2.29818478e-01  2.76396126e-02  2.48261079e-01
  1.17512764e-02 -1.83383434e-03 -2.76161045e-01 -5.92692316e-01
 -7.28372097e-01 -2.93676823e-01  2.31086418e-01 -1.95216432e-01
 -3.65851372e-01  7.64556587e-01 -5.87422550e-01  5.37672877e-01
 -1.07076064e-01  1.92525938e-01 -1.60207413e-03 -6.44911051e-01
 -4.39450853e-02  3.63225490e-01  6.86226487e-02  4.15229723e-02
 -5.54874480e-01 -1.74134091e-01 -3.75283003e-01 -2.12726399e-01
 -3.16730551e-02 -8.64915997e-02 -3.73455137e-01  1.15719700e+00
 -9.77409631e-02 -9.51070711e-02 -2.00000316e-01 -6.00262046e-01
 -2.61361480e-01  1.08916298e-01  5.31519391e-02 -3.72357637e-01
 -1.14186704e-01  1.15593979e-02 -3.97608787e-01 -4.82986957e-01
  1.37045190e-01  5.22210598e-01 -2.62639791e-01  5.76527476e-01
 -6.16798103e-01  1.62783191e-01  7.41128027e-01  2.01589003e-01
 -6.24676764e-01 -5.69022261e-02 -5.29121757e-02  2.88467202e-02
  3.88348103e-01 -6.22968823e-02  4.67911839e-01  6.14076138e-01
  1.56997308e-01  3.10498834e-01  5.60977101e-01  2.98110068e-01
 -7.23266415e-03  7.15846956e-01  5.76314449e-01  4.31958407e-01
  1.15408145e-01  7.40832239e-02  7.43823424e-02  2.70756967e-02
  4.96211648e-01  2.33886331e-01  7.78639242e-02 -8.88630867e-01
 -2.12654680e-01 -1.30145371e-01  3.64229903e-02 -7.40129888e-01
  2.93503881e-01  2.23607980e-02  8.65651518e-02 -5.75080290e-02
 -2.42624938e-01 -3.02792311e-01  1.58190653e-01 -5.24743497e-01
  5.02157770e-02 -1.85492709e-01 -1.93014055e-01 -3.62344831e-01
  9.48902890e-02 -1.17486276e-01 -9.54668283e-01  6.52449250e-01
  1.67125538e-01  2.45508477e-01 -8.62253234e-02 -7.54143596e-01
 -9.99651611e-01 -2.93012947e-01 -3.91836852e-01  8.52741972e-02
  1.76823258e-01  5.67606151e-01 -1.59431398e-01  6.56268001e-01
  2.10688531e-01  4.70487364e-02  5.18510640e-01  3.33031118e-01
 -4.14093435e-01 -5.87943494e-01  4.40402478e-01 -3.55222881e-01
  1.24906383e-01  9.59924459e-02  4.63635065e-02  2.09822968e-01
 -1.41890123e-01  6.37005389e-01  6.89286113e-01 -2.22339127e-02
 -3.68153244e-01  2.87981957e-01 -7.26172626e-01 -5.22901893e-01
 -8.68096948e-01 -6.79086074e-02 -6.88344657e-01 -2.01859418e-02
 -4.46027815e-01  1.42239168e-01 -5.13913631e-01  1.16549648e-01
 -1.56832367e-01 -1.97795108e-01 -3.66561599e-02 -2.54355133e-01
 -9.91805121e-02  3.93450558e-01 -3.03624034e-01  1.69656351e-02
 -4.90956716e-02  1.90390572e-01 -4.49034780e-01 -2.93005615e-01
 -1.99353710e-01 -1.87944815e-01  8.19045722e-01  3.75777453e-01
  5.09625375e-01 -2.91577727e-01  3.04714471e-01 -5.95760703e-01
 -2.11331457e-01 -5.66877663e-01  2.54399832e-02  1.52165741e-01
 -1.08242653e-01  1.60358101e-01  4.88675326e-01 -2.90090144e-01
 -2.55199224e-01 -4.54103172e-01 -3.06041837e-01 -4.37733084e-01
 -1.36168703e-01 -1.34160325e-01 -1.75734580e-01 -7.58554339e-02
 -1.59386322e-01  5.47748148e-01 -4.63304102e-01  5.53437889e-01
 -5.54661036e-01  5.92372835e-01 -5.68527400e-01 -1.34761229e-01
 -2.53724377e-03 -7.10046813e-02 -6.56352580e-01  1.88097566e-01
 -2.66044825e-01  4.70321089e-01  3.35011244e-01 -2.53842264e-01
 -5.98699689e-01 -2.32988242e-02 -6.41149655e-02  6.02724291e-02
  4.36396658e-01 -6.83801770e-02  1.88855916e-01 -1.94358423e-01
  2.12073371e-01  3.69042665e-01  2.86862582e-01  2.48668864e-01
  7.53948316e-02 -1.29033133e-01  1.38281537e-02 -1.02120370e-01
  5.81830859e-01 -1.82891369e-01  8.70829150e-02  3.96825343e-01
 -1.20211653e-01  8.35807025e-01  2.47353420e-01  2.95750439e-01
 -2.02025151e+00 -1.78645149e-01  5.81769705e-01  4.25674736e-01
 -1.18711919e-01 -1.79369524e-02  2.89899319e-01  3.87929082e-01
 -4.40901756e-01 -6.31123722e-01  7.17390358e-01  6.63825199e-02
 -2.33978987e-01  9.45433229e-02  2.72408605e-01 -5.28950036e-01
 -2.28985101e-01 -6.27215981e-01  3.25900495e-01  3.26163530e-01
 -1.38554573e-01  1.69384420e-01 -1.41314223e-01 -3.62724781e-01
 -1.89346522e-01  1.98416457e-01 -1.10224254e-01  1.47545040e-01
 -3.26285303e-01 -1.53909311e-01  1.09817274e-01  1.05529988e+00
  8.14586341e-01  7.76242733e-01 -6.05074525e-01 -2.91356057e-01
  1.98924780e-01 -1.88326072e-02  4.06798929e-01 -3.29102278e-01
 -2.60669976e-01 -2.37461537e-01  1.23333961e-01  1.13474287e-01
 -2.65957028e-01  3.47773343e-01  1.08636133e-01  2.11360201e-01
  1.64236963e-01  2.80332893e-01  8.35479915e-01  1.36864875e-02
  2.61703849e-01  1.90394521e-01  6.99881852e-01 -1.25160217e-01
 -2.02715084e-01 -5.03157854e-01 -9.73147079e-02 -3.98211181e-01
  4.50898021e-01 -1.45898508e-02 -4.80954766e-01  9.67228353e-01
 -6.31411076e-01  2.29471046e-02 -7.96091557e-02 -8.49434078e-01
  6.67261556e-02 -6.47500098e-01 -5.11322320e-01 -1.11789577e-01
  6.23994619e-02 -3.42024833e-01  8.33359003e-01  4.69603896e-01
  3.45478237e-01 -1.74997419e-01 -4.25816000e-01  2.03247890e-01
 -2.55825579e-01 -1.18956819e-01  2.53787309e-01  1.97761416e-01
 -2.99388856e-01  4.38908905e-01 -4.79048006e-02 -4.51583602e-02
 -8.42034817e-02  1.01423018e-01 -6.62310064e-01 -1.30025402e-01
 -3.63982141e-01  3.87988448e-01 -1.46594375e-01 -7.90069252e-03
  2.64993280e-01  2.08396912e-01 -3.12448978e-01 -2.19520181e-01
 -5.18066227e-01  3.40439349e-01  5.17223656e-01  6.03937805e-01
  3.49927604e-01  4.12674904e-01  1.65540680e-01  1.38448998e-01
 -1.42545238e-01 -1.89514458e-01 -6.97188675e-01 -4.06189591e-01
  6.41554594e-01 -3.97847295e-01  4.14564252e-01  1.58506483e-01
 -3.19334358e-01  5.59643567e-01 -3.40233892e-01 -6.00299835e-01
  1.45685226e-01 -1.49027258e-01 -2.28659324e-02  6.77009642e-01
  3.24287921e-01  5.95579684e-01 -1.78462431e-01  3.52012992e-01
 -2.71401644e-01 -1.32833824e-01  3.52630317e-01 -4.06342268e-01
 -2.71254808e-01 -1.27819985e-01  6.89758718e-01  4.25232738e-01
  5.70499599e-01 -1.54717073e-01  1.95907623e-01  2.57012635e-01
  4.77967635e-02  5.08501649e-01  2.12759867e-01  4.21233118e-01
 -1.00713745e-01  7.40931332e-02  4.24261689e-02  3.12955469e-01
 -1.83564931e-01 -6.73314780e-02  4.64093328e-01 -9.65812132e-02
  1.91563576e-01 -4.04270947e-01 -5.19899786e-01 -5.84408820e-01
 -7.99030542e-01 -8.55081826e-02 -4.08061087e-01 -1.79124713e-01
  3.41108352e-01 -1.37945399e-01 -8.54282320e-01  3.84833813e-01
  5.82003534e-01  4.03780550e-01  4.61774552e-03 -4.18125808e-01
 -2.04226136e-01  4.80800122e-01 -6.63753808e-01 -5.63919008e-01
  3.90475243e-01 -1.85801581e-01 -2.96708286e-01 -6.60396516e-01
 -5.61350510e-02 -3.24935243e-02  1.72122017e-01  4.07124430e-01
  2.92283952e-01  1.66618586e-01 -7.01685011e-01 -2.68204689e-01
  3.28103118e-02 -6.71117753e-02 -2.68216521e-01 -5.04461527e-01
  8.87793377e-02  1.94697171e-01 -3.99043001e-02  9.69417095e-01
  6.01988673e-01 -1.94168597e-01 -3.45485620e-02  1.64930359e-01
  2.80784667e-01 -5.77812672e-01 -3.48071843e-01 -1.39973313e-01
  1.65531375e-02  2.63955653e-01  3.04985195e-01  4.27665144e-01
 -1.27359629e-01  1.30271658e-01 -8.54135573e-01 -1.21150076e-01
  1.93844423e-01 -8.81334960e-01  4.75998968e-01  3.57424140e-01
  3.80155146e-01 -5.73102951e-01 -3.33607912e-01 -1.65807262e-01
  5.83642581e-03  9.52580273e-02  4.23555076e-01 -1.10207237e-01
 -7.59613156e-01  1.12884328e-01 -9.55019817e-02 -7.34941185e-01
  8.56067300e-01  8.08745027e-02 -1.50218129e-01  4.30696845e-01
  6.07655466e-01 -1.36959702e-01 -6.78598464e-01  2.33269751e-01
 -6.41356766e-01  2.12215334e-01  4.10271704e-01 -2.34598652e-01
  4.87755686e-01  4.00270641e-01 -7.85405263e-02 -7.64096081e-02
  2.72442371e-01  5.84150374e-01  6.27572596e-01  1.79128066e-01
 -1.29294217e-01  4.26231921e-02 -4.05393690e-01  2.16333866e-01
  9.56493467e-02  4.90267813e-01 -8.58217239e-01  4.23231155e-01
  8.13017726e-01 -1.73364967e-01  2.93461144e-01  6.26166344e-01
  5.36940852e-03  4.27652299e-01 -6.62788525e-02  2.45866161e-02
 -7.67751992e-01 -5.58660273e-03 -2.52458423e-01  2.22486958e-01
 -3.57456237e-01 -9.99850929e-02 -2.18281433e-01 -1.43523797e-01
  3.53017986e-01  1.56096354e-01  2.12538794e-01  1.89081758e-01
  2.29652315e-01  2.07888894e-04  3.54234636e-01  4.71144348e-01
 -3.77826601e-01 -7.70725608e-02  7.42701888e-02  6.61627591e-01
  1.20964193e+00 -8.79128799e-02  2.22318709e-01 -3.24199110e-01
 -6.35652840e-01  2.00999379e-01 -3.09928477e-01 -2.02802569e-01
  6.35356486e-01 -4.64238316e-01 -4.21102852e-01  7.20435619e-01
  5.56970298e-01 -1.12259619e-01 -3.35921049e-01 -6.78987682e-01
  3.06451291e-01 -3.64525646e-01 -3.58039699e-02 -1.80355817e-01
  1.71331912e-01  6.10625148e-01  9.39211473e-02 -2.65944302e-01
  2.79520065e-01  2.60394752e-01  2.07433805e-01 -2.94441640e-01
  4.26446259e-01  3.47163498e-01 -1.66735590e-01 -2.20098197e-01
  3.85380745e-01 -5.66783488e-01  7.28470311e-02  6.28888845e-01
 -3.50618005e-01  2.30734758e-02 -2.78882027e-01  5.17897546e-01
  2.65526235e-01 -4.33350176e-01 -1.25136852e-01 -5.58462217e-02
  1.86102822e-01 -1.40357047e-01 -3.92369300e-01 -2.88898945e-02
 -9.97362286e-02  4.37302917e-01  2.80037113e-02 -9.13358927e-02
 -6.38850808e-01 -4.53593343e-01 -5.08930147e-01  3.43186855e-01
 -7.35313416e-01 -4.75256324e-01  4.90795225e-01 -3.69984144e-03
 -3.83029312e-01 -1.62150919e+00  6.11397386e-01  1.80861756e-01
  6.05450928e-01 -3.51978719e-01  1.45609125e-01 -1.43551469e-01
  3.44983451e-02  5.13985343e-02 -2.35743463e-01 -5.22996224e-02
 -1.02195988e+01  1.56664215e-02 -2.58103251e-01 -5.84866107e-01
 -3.37668687e-01  6.20149337e-02  6.57682300e-01  7.72946179e-01
 -3.14657807e-01  4.32801247e-01 -2.54427493e-01  2.17407569e-01
  3.06373477e-01  1.62230164e-01  1.71837106e-03 -1.23758152e-01
 -2.38091081e-01 -2.00674385e-01  8.61281827e-02 -1.36207119e-01
 -4.53082532e-01 -5.12007415e-01  7.51704276e-01  2.52698213e-01
  2.17669785e-01 -5.29599249e-01 -1.85365632e-01  4.67296600e-01
 -1.79144189e-01  2.49629736e-01 -5.72531760e-01  3.19052637e-01
  1.67583376e-02  3.78161371e-01 -3.73111367e-01 -1.35247156e-01
  3.85129571e-01 -3.00110895e-02 -7.11425021e-02  5.28204978e-01
  1.73106238e-01  2.24871799e-01 -4.54593599e-02 -2.82118708e-01
  8.62217665e-01 -4.90557738e-02 -8.08173120e-02  1.54214010e-01
  6.69794858e-01 -1.31488889e-01 -1.16734967e-01 -3.93422008e-01
  1.68819949e-01 -8.90919194e-02  2.08645001e-01 -3.15526605e-01
  3.69041830e-01 -8.31192493e-01  1.90174848e-01  1.39232099e-01
  6.71183228e-01  1.46949321e-01  6.42448187e-01  7.69449234e-01
  9.02850777e-02  2.91785121e-01  4.18797076e-01 -2.20942907e-02
 -2.41106272e-01 -1.74841896e-01  3.50351632e-01  6.63156927e-01
 -2.36927867e-01  5.40119074e-02  3.84159237e-02  3.05069357e-01
  6.05629897e-03 -8.62767398e-02 -5.60752265e-02  2.08659306e-01
  5.25546670e-01 -3.60084862e-01 -3.09907138e-01  4.15821016e-01
 -4.79371011e-01 -8.06445032e-02  1.26048878e-01  3.13714445e-01
  8.92589390e-02 -6.07618749e-01  5.16116738e-01 -2.21939325e-01
 -5.50240338e-01  4.25179273e-01  6.09534025e-01 -3.40138525e-01
 -2.81861246e-01  1.43380880e-01  4.59405392e-01  9.51334238e-02]"
ナ,"[-1.36217847e-01  3.79785836e-01 -7.92758390e-02 -5.09535491e-01
 -1.95318786e-03  2.65511032e-02  3.28162432e-01  1.86124414e-01
 -4.10467416e-01 -4.79793012e-01  5.64779341e-01 -1.58841357e-01
 -3.58249873e-01 -1.21736579e-01  8.01063955e-01 -2.62379080e-01
 -1.14656851e-01  5.74271560e-01  7.07754716e-02  2.66021073e-01
 -1.86416194e-01 -6.59682512e-01  3.99309322e-02  2.96137743e-02
  4.26596284e-01 -2.26286814e-01 -5.27459085e-02  2.43042350e-01
 -1.87669918e-01 -3.39602441e-01 -6.15385592e-01 -7.27221608e-01
 -2.41543472e-01 -5.58901489e-01 -3.99754226e-01  3.63775998e-01
  4.19665515e-01  1.36867613e-01 -1.26615241e-01 -3.62567186e-01
 -3.51681143e-01 -3.00753027e-01 -3.07276398e-01 -3.41567010e-01
  1.82689756e-01  7.73475230e-01 -1.72071517e-01  2.98296034e-01
  1.09790802e+00 -5.19320881e-03 -2.24340603e-01  3.36468339e-01
 -9.59923957e-03 -4.88534989e-03  1.07273594e-01 -1.52681500e-01
  6.55446112e-01  3.33327949e-02 -4.53105271e-02  3.10871243e-01
  6.76823854e-02 -1.04677454e-01  4.56239283e-01  2.24224582e-01
 -7.09120929e-01 -3.74676853e-01  4.51853909e-02 -6.66756928e-02
 -3.65355164e-01 -4.55440432e-01 -3.05466056e-01 -1.93880707e-01
  3.06158047e-02 -8.07640776e-02  1.83492303e-02 -4.41437542e-01
  1.64273813e-01 -4.63895202e-02  5.95329642e-01 -7.01336637e-02
 -3.65556823e-03  5.08116007e-01  5.08597158e-02 -1.96027994e-01
  2.67019659e-01  4.62842956e-02 -3.44363570e-01 -9.88484859e-01
  3.15028399e-01 -2.64876187e-01 -1.39831915e-01  5.50535142e-01
 -2.55879790e-01  1.75825730e-01 -5.80384552e-01 -1.28734753e-01
  1.76557988e-01 -1.89133123e-01  6.04552999e-02  2.59222746e-01
 -4.22254391e-02 -7.70054460e-02  7.04882324e-01 -5.76668568e-02
 -1.53928623e-01  3.42632353e-01 -3.43115151e-01  4.49620113e-02
  2.42110752e-02 -7.46607408e-02 -3.88004512e-01 -3.23105186e-01
  1.31809622e-01  5.69591165e-01 -6.86645955e-02  2.54773289e-01
  8.70746672e-02  2.53773272e-01  2.56878912e-01  2.00417340e-01
  4.36134845e-01  8.56271565e-01 -2.30346486e-01 -1.05310023e-01
 -5.41190982e-01  5.03071785e-01 -1.98655307e-01 -3.05972755e-01
 -1.14055686e-01 -5.99570692e-01  4.72426526e-02  2.75245816e-01
 -1.28947541e-01  2.38380015e-01 -5.20284116e-01  7.78640866e-01
 -1.01966277e-01  4.08485919e-01  4.54666317e-02 -4.16279823e-01
  3.09428930e-01  2.98197530e-02  2.51705293e-02  1.33771747e-01
 -3.04233849e-01  3.02716553e-01  1.36913702e-01 -2.07376768e-04
  3.76660138e-01  5.68434715e-01 -1.34753644e-01  7.10936606e-01
 -7.64993131e-01 -1.17561013e-01  1.90661415e-01  3.33658755e-01
 -7.87062764e-01  2.36750439e-01  4.83446121e-01  8.27533305e-01
  8.74495357e-02 -8.20303857e-01  5.06666861e-02 -5.36461994e-02
  3.01194191e-01  1.36812225e-01  1.21609658e-01 -3.14265013e-01
  4.17913049e-01  4.48738635e-01  3.17748487e-01  2.46622518e-01
  2.27483809e-02 -2.00229630e-01  6.43893063e-01  6.77333772e-01
  2.43685111e-01  2.57706285e-01 -1.15250852e-02 -1.76610917e-01
 -2.47992203e-01 -4.40509081e-01  7.68386200e-02 -1.65818632e-01
  9.74546149e-02 -3.75914931e-01 -1.54532149e-01 -3.64104837e-01
  1.88847661e-01 -1.59631923e-01  6.68581054e-02 -2.98287272e-01
  3.53886485e-01 -1.14993319e-01  2.72798166e-03 -5.53391516e-01
 -3.80839705e-02 -4.13825214e-01 -9.75275040e-02  2.52881944e-01
 -4.01181877e-01  5.58508001e-02 -1.11496776e-01 -1.42224833e-01
 -1.08030295e+00 -5.20593338e-02  3.11988711e-01  7.99841583e-01
  4.60781097e-01  4.70659047e-01 -1.18820198e-01 -2.65575480e-02
  6.86475158e-01  1.83247432e-01  2.20387485e-02  1.38242573e-01
 -6.60987377e-01  1.32219061e-01  2.95667499e-01  5.98401092e-02
 -5.83511233e-01  1.12225980e-01  2.05917597e-01  4.03799087e-01
  4.57566790e-02  6.79417625e-02  8.97147134e-02 -1.06335782e-01
  2.76489615e-01  2.20542759e-01 -9.18733925e-02  2.29321420e-02
 -7.94441044e-01 -1.39095321e-01 -1.19558227e+00  4.44883972e-01
 -1.01232916e-01  5.70947587e-01 -7.26514831e-02  8.01285803e-02
  3.90290692e-02 -2.42909957e-02 -7.13287592e-02 -1.06457040e-01
 -5.04622236e-02  5.21994591e-01 -2.17935219e-01 -2.63024211e-01
 -3.88072252e-01  6.34832829e-02 -9.22822654e-02 -6.15083814e-01
  2.72369564e-01 -2.32835665e-01  6.31019831e-01  4.55764443e-01
  4.66444761e-01 -6.27220929e-01 -3.09162855e-01 -3.47595394e-01
 -2.33423427e-01 -5.47605753e-01  1.95025384e-01 -3.92802775e-01
 -2.44636402e-01 -6.13931753e-03  3.07361662e-01 -7.44153321e-01
 -2.54494816e-01 -5.41086376e-01  2.85130084e-01 -7.32665181e-01
 -3.65930125e-02 -2.10548982e-01 -1.57022804e-01 -2.61361718e-01
 -2.50898272e-01  2.97212362e-01 -7.76135921e-01  1.28358558e-01
 -5.88600695e-01  4.96300757e-01 -7.17930615e-01  2.75920719e-01
  2.24471271e-01 -2.24002495e-01 -4.96995419e-01 -1.19362988e-01
  2.06217155e-01  1.59566939e-01  2.91711509e-01 -1.50227964e-01
 -1.06531978e-01 -2.88291186e-01 -2.69295812e-01 -1.27763137e-01
  1.79937214e-01 -2.57913977e-01  1.82493612e-01 -1.06588555e-02
  4.38590735e-01  5.49603939e-01  5.10780990e-01  8.62148404e-02
 -1.89244464e-01 -5.10406494e-01 -8.06207210e-02 -4.01949018e-01
  8.37279558e-01 -1.27503648e-01  6.81416690e-02  8.43417823e-01
 -3.43123525e-01  4.27420944e-01  4.92610663e-01  3.57669204e-01
 -1.83962739e+00  8.63521472e-02  1.83601186e-01 -1.78991839e-01
 -1.02437764e-01  4.95744765e-01  3.24417114e-01  3.79628479e-01
 -2.82256156e-01 -2.42777660e-01  1.53881446e-01  4.30253983e-01
 -2.43113890e-01 -5.06444931e-01  2.94239849e-01 -1.20952807e-01
 -1.11387268e-01 -5.77569306e-01 -2.61537135e-01  3.22505057e-01
  5.52402794e-01 -7.49784410e-02 -4.16341238e-02 -4.51178700e-01
  1.46364989e-02 -4.89417017e-02 -7.73097873e-02 -3.48984972e-02
 -5.18511772e-01 -2.18516905e-02 -5.50190685e-03  4.79943335e-01
  5.31697452e-01  6.18142724e-01  5.17191410e-01 -3.68477814e-02
  4.15738523e-01  4.09637064e-01  2.78648823e-01  2.58205205e-01
 -1.92478687e-01  3.38051021e-02  6.54076815e-01  4.56723630e-01
  1.25677779e-01  2.34822974e-01  2.94249147e-01  5.72276235e-01
  4.93437529e-01  2.86634922e-01  3.06924045e-01  1.74232289e-01
  4.80722755e-01  7.67842352e-01  4.61996824e-01 -1.49397627e-01
 -5.35545051e-01 -2.07195401e-01  4.61773090e-02 -7.19204664e-01
 -2.36712545e-02  1.69839919e-01  4.68096703e-01 -6.63670242e-01
 -3.45444322e-01 -2.95199662e-01  1.76241323e-02 -7.02230990e-01
 -3.58724922e-01 -6.69557035e-01 -6.39351606e-01 -1.93379059e-01
  1.65576994e-01 -4.11117226e-01  5.45201898e-02 -6.07914478e-02
  7.05879748e-01 -6.72730744e-01 -3.99949640e-01  1.13895223e-01
 -6.31103158e-01 -2.93652326e-01 -3.77531469e-01 -1.63616955e-01
 -3.91004562e-01 -1.25441849e-01  3.14322710e-01 -4.70428199e-01
 -7.83000410e-01 -2.88838267e-01 -6.09501421e-01 -3.22668433e-01
  3.07533801e-01  5.02631187e-01  3.61660123e-02  5.98707616e-01
  2.11616114e-01  3.22341442e-01 -3.80458027e-01  7.36585975e-01
 -8.92982781e-01  4.00662065e-01  2.41615936e-01  4.03680295e-01
  6.13344252e-01  5.35341918e-01  4.90175307e-01  8.57306346e-02
  1.54749513e-01 -3.47645255e-03 -1.79560825e-01 -6.78959489e-01
  6.71502113e-01 -4.02425438e-01  5.00388384e-01 -1.75969094e-01
 -2.62269527e-01  4.49397892e-01 -3.34530354e-01 -2.27431476e-01
 -1.88923135e-01  3.93853813e-01  3.31171937e-02  1.88998282e-01
  2.92169690e-01  9.07335699e-01 -1.43206015e-01 -1.83547169e-01
  9.28238034e-02  1.60436437e-01  4.88099992e-01  1.68469951e-01
  5.57058044e-02 -6.00753911e-02  2.54856884e-01  1.46979168e-01
 -1.44283250e-01  2.38408491e-01  2.79301614e-01  4.87950534e-01
  1.73891008e-01  2.02815458e-01  2.59649754e-01 -1.50730982e-01
 -4.01128232e-01 -4.44263101e-01 -7.44524181e-01 -3.40825647e-01
 -5.52254975e-01 -7.67023489e-02  9.34108198e-01 -2.39603773e-01
  2.25190129e-02 -4.28295434e-01 -4.49173182e-01 -3.42966765e-01
 -5.46806157e-01  1.06074482e-01  4.81443912e-01  2.84314156e-01
  9.18398738e-01  1.30967349e-01 -7.45666564e-01  1.76642686e-01
  2.21011579e-01  4.07253027e-01  6.63063765e-01  9.09066014e-03
  3.50896940e-02  1.83811858e-01  1.82680011e-01  4.70659614e-01
 -1.01974562e-01  6.26978725e-02 -9.40832615e-01 -6.52404249e-01
 -3.24350387e-01  3.67973775e-01  3.67124885e-01 -2.21401602e-01
  4.15161073e-01  9.94877517e-02 -4.92430925e-01 -7.80409276e-01
 -2.40423933e-01 -3.42800945e-01  1.29675731e-01 -9.90501523e-01
 -9.37732756e-02  1.18506961e-01 -1.67349026e-01  4.45392698e-01
  2.83873439e-01 -4.39427286e-01  2.52377331e-01  4.21399295e-01
  5.71334600e-01 -7.26973414e-01 -2.95927469e-02  2.91597378e-02
  4.24708948e-02  2.92873144e-01  2.04589441e-01 -1.02795161e-01
 -7.58736432e-02 -1.95115730e-01 -8.25254500e-01 -4.65269268e-01
 -5.27914286e-01 -1.17438126e+00  6.21102273e-01  1.46073565e-01
  1.34798642e-02 -4.54668194e-01  3.69665682e-01 -9.39018354e-02
  1.79259390e-01  3.46551925e-01  2.71567196e-01 -4.09156322e-01
 -9.87835944e-01  1.17123187e-01 -4.00100410e-01 -7.79720724e-01
 -6.15735836e-02  7.60794103e-01 -3.06203067e-01 -1.51217744e-01
  6.68269396e-02 -4.68070358e-02  5.00749517e-03 -3.84405628e-02
 -2.85034955e-01 -7.58327544e-02  7.27977306e-02  1.18851520e-01
  2.82191873e-01  1.08784445e-01 -5.96040972e-02  1.46751404e-01
  2.27181897e-01  8.85928571e-01  2.84479290e-01  1.18054681e-01
 -3.82209152e-01 -2.01807499e-01 -7.07857534e-02  6.98361918e-02
  2.02183425e-01  4.53183949e-01 -6.44808471e-01  1.25333160e-01
  6.75511301e-01 -6.16195202e-01  6.16117045e-02  4.95503813e-01
  6.56136870e-01  2.38089874e-01 -3.15300524e-01 -1.00683272e-02
 -6.44401968e-01  3.05437386e-01  4.04159427e-01  6.76220596e-01
 -1.20024569e-01  9.89443287e-02 -1.09465942e-01 -8.93416941e-01
 -6.44049406e-01  1.70678586e-01  2.32825950e-01  3.58750582e-01
  2.90902436e-01  6.03955314e-02  3.64982843e-01  2.88788140e-01
  3.25582206e-01  2.98508048e-01 -2.11853176e-01 -1.69587851e-01
  9.25581336e-01 -1.00967355e-01  4.19761032e-01 -5.97174942e-01
 -1.12329876e+00 -1.14141829e-01 -1.00131340e-01  2.89266169e-01
  6.18421614e-01 -2.26853136e-02 -2.46456966e-01  5.18426597e-01
  3.93800706e-01  2.33769998e-01 -3.89728211e-02 -7.22244859e-01
 -5.15709594e-02 -8.79537985e-02 -3.18342112e-02  2.17369661e-01
 -9.24059898e-02  3.81692141e-01  4.86069262e-01  4.05491590e-01
  5.01701906e-02  2.69278318e-01  7.19921067e-02 -2.63382852e-01
  3.92926067e-01  2.74747610e-01 -4.12314445e-01 -3.01242560e-01
  2.44315729e-01 -4.21547800e-01  7.09136343e-03  3.57484549e-01
 -2.73204625e-01 -5.03464162e-01 -1.94650888e-01 -3.36996615e-01
  3.47201884e-01  1.80828840e-01 -5.29132307e-01 -3.22091542e-02
 -6.23873733e-02  3.67710628e-02 -1.78253248e-01 -4.06050496e-02
 -3.81089188e-02 -8.67923498e-02 -1.65621966e-01  3.79243270e-02
 -6.91981614e-01  1.61953513e-02 -8.07290912e-01  1.26615137e-01
 -2.16477290e-01 -7.05652595e-01  4.07820255e-01  7.20290840e-02
 -4.22391802e-01 -1.19935584e+00  3.84969234e-01  1.55750945e-01
  5.93656301e-01 -2.86965460e-01  4.22575116e-01 -2.09008619e-01
  3.65491688e-01  2.06109527e-02 -5.05034685e-01  5.86398458e-03
 -1.02386160e+01  2.93695301e-01 -8.07565212e-01 -4.65996787e-02
 -2.19530776e-01  2.15877116e-01  4.06636357e-01  2.02618510e-01
 -1.14357591e-01  7.83499703e-02  4.85066801e-01  6.26463711e-01
  2.03689128e-01  3.30434442e-01 -5.96944213e-01 -2.57458121e-01
  1.55121490e-01 -5.21634400e-01 -4.14517932e-02 -6.80052564e-02
  3.14117461e-01 -5.96499518e-02  7.12457478e-01  4.58022505e-01
 -4.48841117e-02 -2.83873647e-01 -4.76288140e-01  6.18951201e-01
 -3.41623366e-01  3.32348108e-01 -5.62076449e-01  2.32299924e-01
  3.24432969e-01  5.09893335e-02 -3.02852899e-01 -2.84949720e-01
 -8.83074999e-02  1.36656255e-01  1.83941081e-01  1.22880384e-01
 -4.62945290e-02  4.57452267e-01  5.45233749e-02  6.43202439e-02
  2.69053727e-01  3.59110266e-01  4.33827117e-02  3.14644277e-01
  5.46511352e-01 -2.06803922e-02 -1.34080142e-01 -2.38514975e-01
  1.48372516e-01 -1.07856549e-01  3.60755771e-01 -3.13270502e-02
  7.97114253e-01 -2.66944528e-01 -3.02110076e-01  3.60109583e-02
  4.78554875e-01 -1.68002859e-01  6.27351522e-01  3.93252403e-01
  3.06651354e-01  3.53701234e-01  5.44516444e-01  3.99895757e-01
 -2.98449010e-01 -3.67829949e-01  2.15354741e-01  2.46415168e-01
 -1.14773951e-01 -3.16884935e-01 -3.18966627e-01  6.03009045e-01
  6.61231354e-02 -2.57588595e-01 -2.31780112e-02  9.41014364e-02
  2.65585244e-01 -5.33725787e-03 -4.46496755e-01  5.85658699e-02
 -9.59826112e-01 -6.34158403e-02 -3.14684808e-02  4.64487463e-01
  1.35348931e-01 -6.52033329e-01  4.94852304e-01 -1.96370915e-01
  1.20603964e-01  5.20343333e-02 -7.96077028e-02  9.75164324e-02
  2.76541382e-01  1.29650429e-01  6.51039779e-01  3.14553797e-01]"
カ,"[ 3.58623505e-01 -2.46663745e-02  7.75448501e-01 -8.84407759e-01
  2.05631573e-02  3.39202523e-01 -1.35529384e-01 -5.29141799e-02
 -4.17153358e-01  3.07938814e-01  7.79973149e-01 -1.58491731e-01
  2.73954391e-01 -6.79569840e-01  6.54694617e-01 -5.09500563e-01
  2.79152691e-01 -1.55786097e-01  7.91591853e-02 -4.01464760e-01
 -8.99065256e-01 -9.26213205e-01 -1.83110192e-01  1.54470608e-01
 -9.02618244e-02  1.37811098e-02  1.21721886e-02  2.65641689e-01
 -1.97515488e-01  1.73800450e-03 -1.44873202e-01 -5.53951979e-01
 -1.02262542e-01  5.79993427e-02 -1.09505653e+00 -1.95033997e-01
  1.50330216e-01 -1.41734228e-01 -9.51748267e-02 -5.36378443e-01
  3.32558602e-01  3.11147776e-02 -6.13094509e-01 -1.33484438e-01
 -1.43150702e-01  5.45336604e-01 -2.29549840e-01  3.67545485e-01
 -1.44952787e-02 -7.86912739e-02 -4.05287087e-01  1.60253420e-01
  1.48657605e-01  1.46855205e-01  1.35043159e-01 -3.60164315e-01
  1.21215262e-01 -8.88408124e-01 -3.86912338e-02  8.90291296e-03
 -4.12297577e-01  1.84104204e-01  2.63562113e-01  3.95972162e-01
 -2.63143957e-01  4.52321544e-02  9.61821601e-02 -4.72497046e-02
  7.39715621e-02 -6.48744583e-01 -3.36413719e-02  1.64206326e-01
  1.29086927e-01 -4.54291046e-01  7.61634171e-01 -2.88086832e-01
  1.88634962e-01 -1.51704654e-01  3.14154088e-01 -4.34453413e-02
 -4.34984684e-01  1.72228113e-01 -1.45956039e-01 -3.82179230e-01
 -2.66938031e-01  1.74713507e-01 -4.73184168e-01 -8.13936889e-01
  8.41606438e-01 -1.63370445e-01  3.98811787e-01  3.35717320e-01
  1.42418474e-01  2.34820977e-01 -3.75823498e-01  1.53101116e-01
  1.80200025e-01 -5.68276718e-02 -3.80255103e-01  6.07531250e-01
 -1.82700142e-01  5.76381758e-02 -3.03319804e-02 -2.17319041e-01
  3.21460456e-01 -3.65903884e-01 -3.78341734e-01  1.67370379e-01
  3.26045692e-01 -1.77744448e-01 -4.28996652e-01 -3.37885380e-01
 -5.36792994e-01  3.36251765e-01  3.13205421e-01 -3.23720835e-02
 -2.09487334e-01  2.36570567e-01  3.92595269e-02  4.16601747e-01
  2.06613198e-01  5.64181983e-01 -1.32583544e-01  9.94166546e-03
 -9.32277665e-02  4.95230347e-01  9.01037604e-02 -6.32624030e-01
  1.58358559e-01 -2.86766887e-01 -1.73558444e-02  1.07340008e-01
 -4.51720394e-02 -1.58379287e-01 -3.47066075e-01  1.00911450e+00
 -1.72081903e-01  4.28343192e-02 -1.08846836e-01 -5.53245187e-01
 -3.17088962e-02  1.57655567e-01  2.14766219e-01 -2.54550487e-01
  1.04970887e-01  2.99687594e-01  1.89547196e-01 -7.63222635e-01
  1.11502409e-02  1.36825204e-01 -1.47052079e-01  1.06679690e+00
 -7.71152258e-01  2.61684030e-01 -2.60864586e-01 -4.06512246e-02
 -5.02321661e-01  8.80809948e-02  5.01655638e-01  4.69206512e-01
  1.57339752e-01 -5.43632388e-01  5.91759145e-01  5.71602881e-01
  4.12188023e-01  3.37212831e-01  8.57105330e-02 -2.18367904e-01
 -1.45391166e-01  2.89241046e-01 -2.56868720e-01  1.15889378e-01
  1.48382783e-01 -4.54930305e-01  1.39046222e-01  4.08452988e-01
  2.68079937e-01 -1.32260621e-01  4.45829958e-01 -9.17394400e-01
  1.21634929e-02 -1.29310846e-01 -2.40721285e-01 -6.55108631e-01
  5.75766742e-01 -1.57064945e-01 -2.02726319e-01 -2.56978065e-01
  3.70329581e-02 -5.15710235e-01  9.59524959e-02  4.32647280e-02
  6.84190571e-01 -1.56286225e-01 -1.19201258e-01 -4.01351511e-01
  1.61897153e-01 -1.43419474e-01  4.97052148e-02  5.62051535e-01
  1.37465179e-01  1.46439686e-01  6.39640493e-03 -1.10575020e+00
 -5.28054357e-01  1.39588684e-01  7.02512980e-01  6.46990657e-01
  3.36560547e-01  3.55961710e-01 -3.14682722e-01 -2.04505265e-01
  2.06223518e-01  3.48682970e-01  5.52944124e-01 -1.65666640e-02
 -7.39449561e-01 -3.70001137e-01  3.48041385e-01 -1.95296228e-01
  3.64514917e-01 -3.96472722e-01  1.47909656e-01 -1.23007759e-01
 -1.66088358e-01  3.02128971e-01  2.42732868e-01 -4.32539165e-01
 -1.25467569e-01  7.21932948e-01 -5.37491798e-01 -3.94340783e-01
 -6.42009258e-01  1.48062214e-01 -3.87935340e-01  1.26514211e-01
 -3.87917072e-01  2.45502919e-01 -5.14781237e-01  1.67034715e-01
  2.13678837e-01 -9.73865539e-02  1.90267146e-01 -3.02353382e-01
 -1.98651329e-01  2.05969542e-01 -4.91631292e-02  1.52407825e-01
 -3.03271323e-01 -6.56548962e-02 -5.80709100e-01 -4.50180680e-01
  1.67043418e-01 -3.80928963e-01  6.60770416e-01  1.63124174e-01
  1.35975048e-01 -7.01999813e-02  3.47878784e-01 -6.32830441e-01
 -1.44762829e-01 -4.55075115e-01  2.43626311e-01 -1.20690782e-02
  3.93141806e-01  2.13240936e-01  8.69434029e-02 -4.91389245e-01
 -4.09337163e-01 -4.92964417e-01  2.15222612e-01 -2.12857053e-01
 -2.55736828e-01 -1.29893035e-01 -2.42748056e-02  4.75189276e-02
 -2.41011977e-01  3.78963977e-01 -6.74059987e-01  3.41774493e-01
 -1.21557496e-01  5.53519130e-01 -4.47248578e-01 -1.68598294e-01
  3.95195127e-01 -4.91952971e-02 -4.26788419e-01 -4.14090097e-01
 -2.03364879e-01  2.09795654e-01  3.88204962e-01 -6.76829159e-01
 -2.19864860e-01  3.54496539e-01 -4.50361013e-01 -2.10239254e-02
  5.21236181e-01  2.84831040e-02  8.04966912e-02  2.86666632e-01
 -8.99264291e-02  1.58280760e-01  5.97535729e-01 -5.80159724e-01
 -2.41445109e-01 -5.60136199e-01 -2.93470304e-02 -3.48329276e-01
  5.56526780e-01  2.30383947e-02  1.48194492e-01  7.26094961e-01
 -4.63306069e-01 -9.25065577e-02  9.19669688e-01  5.36000967e-01
 -1.65137398e+00  2.89298415e-01  6.97310388e-01 -1.96222365e-01
 -2.48253286e-01  5.48110120e-02  1.19285556e-02 -1.02505405e-02
 -2.15799615e-01 -7.55335927e-01  8.92776191e-01  2.45091185e-01
 -2.06558183e-01 -2.45091453e-01  4.92400676e-01  7.27382153e-02
  5.52626327e-02 -4.77321327e-01 -2.58106768e-01  3.70079964e-01
  2.18699321e-01 -1.69243783e-01 -2.95927197e-01 -1.56339571e-01
 -5.49375415e-01  1.43275663e-01 -2.39141226e-01  2.10572466e-01
 -4.81670737e-01  3.63241844e-02  3.82827461e-01  1.13138402e+00
  3.20399702e-01  5.80115676e-01 -3.88420105e-01 -7.16237649e-02
  8.46663177e-01  4.57819790e-01  4.99442339e-01  3.78467560e-01
 -2.81308055e-01 -2.93053031e-01  6.19681478e-01 -5.02775423e-02
 -3.03343028e-01  3.20499182e-01 -1.04893170e-01  2.07846895e-01
 -1.03425182e-01  6.94383830e-02  1.11082636e-01 -1.49621904e-01
  1.32135212e-01  7.33817935e-01  6.12316489e-01  1.74469128e-01
 -9.40590948e-02 -4.33509260e-01  5.79937808e-02 -1.72508448e-01
  2.55798876e-01  4.38544452e-01 -2.90040284e-01 -2.99348027e-01
 -1.93711147e-01 -2.49136806e-01 -2.32577637e-01 -3.40362430e-01
 -4.00767982e-01 -9.23901081e-01 -1.06636667e+00  5.14844134e-02
  3.64310034e-02 -7.81357527e-01  2.97342867e-01  1.25311241e-01
  6.62686706e-01 -4.19278175e-01 -5.31334817e-01  1.36208460e-01
 -4.69912589e-01  4.40434292e-02 -1.70939550e-01  4.09764461e-02
 -2.54860371e-01  2.88720042e-01 -5.70760727e-01 -2.33660102e-01
 -3.97560418e-01 -2.70689547e-01 -4.77144927e-01  8.33981112e-02
  1.56268239e-01  7.86443114e-01  3.29351239e-02  2.74410903e-01
 -8.30293223e-02  1.66195571e-01 -1.35205150e-01 -1.19310774e-01
 -6.01310849e-01  3.27095807e-01  6.02727771e-01  7.36267149e-01
  2.22532064e-01  4.85335290e-01 -1.07432296e-02 -1.67816505e-01
  2.71096110e-01 -2.33207718e-01 -2.86459357e-01 -2.64937460e-01
  5.48817039e-01 -4.61884618e-01  2.98371047e-01 -3.07025105e-01
 -2.51187943e-02  8.15504372e-01 -2.75913030e-01 -6.44754231e-01
  1.93344522e-02  4.44431394e-01  2.74196744e-01  2.01898515e-01
  2.21787766e-01  1.11262667e+00 -1.61107406e-01  6.74714327e-01
  2.07938656e-01 -3.06594729e-01  1.53259989e-02 -2.52609968e-01
  1.08531192e-02  1.80814713e-01  5.40342867e-01  8.98994684e-01
  2.68079460e-01  3.87798011e-01  4.22550350e-01  3.94640565e-02
 -3.09843242e-01 -4.48453352e-02  5.02027273e-01  8.76635760e-02
 -5.82270384e-01  6.71888217e-02 -4.89350617e-01 -3.11073989e-01
 -3.76003265e-01 -1.52919888e-01  2.54867524e-01 -1.87409982e-01
  4.83119279e-01 -4.07314867e-01 -6.55646503e-01 -4.32575643e-01
 -7.92497277e-01  1.22521192e-01 -1.23758957e-01  2.85037518e-01
  5.57697177e-01  5.66789687e-01  1.51675284e-01  7.97831640e-02
  3.05660993e-01  7.30963707e-01  2.39923492e-01 -1.62907496e-01
 -1.68818742e-01  3.58493179e-01  1.53902203e-01  4.34617549e-01
  2.28625417e-01  6.95969686e-02 -3.13285530e-01 -5.33015549e-01
 -3.97986710e-01  1.47943035e-01  1.00019462e-02 -3.02755665e-02
  3.52582216e-01  2.73273457e-02 -1.54553518e-01 -5.19303083e-01
 -2.44539768e-01 -3.31824273e-01 -1.69063598e-01 -7.04006612e-01
 -1.21840023e-01 -5.30770898e-01  1.14736691e-01  4.09819782e-01
  4.93195772e-01 -5.63853145e-01  1.66293547e-01  3.00701708e-01
  1.20490536e-01 -1.54460818e-02  1.16325922e-01 -7.11223111e-02
 -2.87986457e-01 -6.43923953e-02  9.23106298e-02 -8.17050263e-02
  6.59828961e-01  1.59188434e-01 -5.55954158e-01 -2.43936986e-01
  1.15936778e-01 -9.04175043e-01  4.33933824e-01 -1.37775674e-01
  1.39560133e-01 -6.94661975e-01  1.77638426e-01  5.66961803e-02
  2.87550706e-02 -2.34372467e-01  1.43907323e-01  1.38518408e-01
 -7.58113921e-01  3.10334802e-01 -1.81319714e-01 -3.84622782e-01
  7.97916114e-01  5.46773851e-01 -1.85301051e-01  2.61838198e-01
  5.00708103e-01  6.13263138e-02 -4.15486455e-01  3.24717611e-01
 -1.60925969e-01  1.05415650e-01  3.04943383e-01 -1.88915536e-01
  5.68400979e-01  1.68301255e-01  1.19882308e-01  1.03814043e-01
  3.48907083e-01  6.84636235e-01  4.38413203e-01  2.53433138e-01
 -1.55607834e-01 -4.70798522e-01 -7.94094026e-01  3.76302749e-02
  2.78303146e-01  5.75215876e-01 -3.88453275e-01  5.00085056e-01
  6.70906901e-01 -2.61370316e-02  3.63673955e-01  9.21187937e-01
  1.95423767e-01  4.20796484e-01 -4.99180734e-01  6.07120134e-02
 -9.31693137e-01  4.19819355e-01  3.13179880e-01 -9.41114202e-02
 -1.07177213e-01  1.38800368e-01 -5.11286616e-01 -4.66663241e-01
  1.72097191e-01 -1.05628192e-01 -1.70082480e-01 -2.41322935e-01
  6.42610252e-01 -1.10959895e-01  9.40922022e-01  3.93224031e-01
  1.11649428e-02 -4.84756917e-01  1.63169324e-01 -1.47922978e-01
  6.43826902e-01  5.49303964e-02  4.04966950e-01 -2.15639636e-01
 -1.03778875e+00 -4.04413819e-01  2.61354953e-01  2.08905756e-01
  2.86806047e-01 -5.07086396e-01 -3.62063153e-03  4.51601774e-01
  5.59650540e-01  2.33726546e-01 -1.10181369e-01 -4.99156475e-01
  6.02733493e-02 -1.41714185e-01 -2.06763536e-01  3.99964780e-01
  8.63533318e-02  3.39435160e-01  3.76995921e-01 -1.77013367e-01
  8.54547098e-02  4.84107405e-01  1.96362540e-01 -1.33794844e-01
  6.52293503e-01  5.57423271e-02 -1.15380608e-01  6.89100772e-02
  2.01813541e-02 -2.67379105e-01  1.12823248e-02  6.30568624e-01
 -9.38891470e-02 -1.80415940e-02 -5.15584350e-01  3.14987510e-01
 -3.19119431e-02  1.47030190e-01 -4.01001453e-01 -4.66903061e-01
  2.83106536e-01  2.52689123e-01 -3.53933305e-01  2.24920940e-02
 -2.45350897e-01 -2.29598999e-01 -3.57043922e-01 -3.35031182e-01
 -5.43241918e-01 -1.94483936e-01 -3.95304978e-01  4.29940641e-01
 -7.70074725e-01 -5.16545594e-01  4.46759880e-01 -1.45376548e-01
 -1.55776113e-01 -1.12323403e+00  6.05643272e-01 -4.00147796e-01
  6.36294961e-01 -1.85506940e-01 -9.61032361e-02  1.83214974e-02
 -3.13865632e-01 -3.22945774e-01 -5.74643850e-01  4.83222187e-01
 -1.02312622e+01 -1.53170988e-01 -2.06183270e-01 -6.94933414e-01
 -3.92779797e-01 -1.07496738e-01  1.08158612e+00  1.50632700e-02
 -5.57699800e-01  1.20039679e-01 -2.45275140e-01  1.35550335e-01
  5.34533679e-01  3.76105100e-01 -7.03593642e-02 -3.01707648e-02
 -1.40226766e-01 -5.82136810e-01 -3.43775511e-01 -1.21521324e-01
 -7.73715600e-02 -1.95056483e-01  6.71905637e-01 -4.01544832e-02
  7.59009197e-02 -3.98200870e-01 -1.59837261e-01  2.66551733e-01
  1.22852407e-01  4.76531118e-01 -2.14640051e-01  8.28400373e-01
 -1.77804306e-01  6.64553940e-02 -1.84410334e-01 -2.97167152e-02
 -2.54587047e-02  4.63637054e-01 -1.10334717e-01  4.90783155e-01
  3.83713841e-01  3.58788252e-01  1.40073374e-01  4.72070165e-02
  3.78129005e-01  4.28333610e-01  1.36748672e-01  3.20807397e-01
  7.62167990e-01 -7.51866400e-02  4.96974945e-01 -7.55950093e-01
  3.25058818e-01  6.83932751e-02 -4.67355758e-01  4.09008339e-02
  9.32538629e-01 -5.53281605e-01  4.71072271e-03  2.53292948e-01
  3.74016225e-01 -4.09752391e-02  1.16638350e+00  4.04410571e-01
 -2.60072678e-01  3.02253067e-01  1.11051150e-01  1.22262955e-01
 -4.74618435e-01 -4.05456990e-01  3.80825192e-01  1.47620821e-02
  1.46137968e-01  3.14544082e-01 -3.71834219e-01 -8.59000683e-02
 -2.63521336e-02  2.05508903e-01  3.81883562e-01 -6.79506063e-02
  8.54203880e-01  2.12811939e-02 -4.13789153e-01  4.24296439e-01
 -5.25970340e-01  1.24857441e-01  1.41605467e-01 -7.15519413e-02
  5.41422784e-01 -6.79489851e-01  7.72998869e-01 -3.00903887e-01
 -3.18955958e-01  7.00099707e-01  3.12905520e-01 -5.65515816e-01
  3.17841887e-01  1.30851224e-01  8.86329114e-02 -2.18677804e-01]"
ッ,"[-8.47506686e-04  2.42939927e-02  2.92595834e-01 -8.14079523e-01
 -1.90448701e-01  1.69514883e-02 -1.97485581e-01  8.23104233e-02
 -2.56802887e-02 -3.11568141e-01  9.89377499e-01 -3.98658514e-01
 -7.40464866e-01 -2.20807299e-01  8.63698218e-03 -2.98646897e-01
  4.27465320e-01  7.22979829e-02  6.94795847e-02 -2.50536650e-02
 -1.54569462e-01 -9.57251370e-01 -6.99210539e-02 -1.18036285e-01
  1.72650620e-01 -2.13143110e-01 -9.14977863e-02  4.07562435e-01
 -2.35810820e-02 -1.20783314e-01 -5.25771454e-02 -5.57964563e-01
  1.83352619e-01 -4.80833769e-01 -3.83052796e-01  2.27689296e-01
  6.66377544e-02 -1.85623124e-01  4.21090834e-02  1.06750607e-01
 -1.60486266e-01 -7.08496153e-01 -1.83558196e-01 -1.34461612e-01
 -3.83230746e-01  8.17966342e-01 -1.04487441e-01  4.73394454e-01
  9.34944212e-01 -7.90410042e-02  1.32304460e-01  9.53064203e-01
  4.84225065e-01  8.36067647e-02 -2.11102828e-01 -3.16094905e-01
  6.45886421e-01  1.09655246e-01  6.07465580e-02  1.68169916e-01
 -8.20827007e-01 -1.67322606e-01 -6.96369708e-02  3.01774234e-01
 -1.59296483e-01  1.27004638e-01  6.29984736e-01 -4.48810160e-02
 -3.58839601e-01 -2.63454050e-01  4.50156294e-02  5.23348488e-02
 -1.79233834e-01  9.79395956e-02  3.94698471e-01 -1.10990971e-01
  4.48001117e-01  7.81854615e-02  3.76926959e-02 -6.98037893e-02
  6.10019602e-02  6.93809509e-01 -3.00615519e-01 -5.83717227e-01
  4.89663422e-01  3.19297373e-01 -9.86517251e-01 -6.30892873e-01
  2.03965306e-01 -4.85032052e-01 -3.43829751e-01  4.04426605e-01
  5.63760042e-01  1.74714521e-01 -2.54069954e-01 -5.54850837e-03
 -4.07151639e-01 -3.97180140e-01 -6.96826577e-02 -1.03775948e-01
 -4.29990403e-02 -3.08415890e-01  8.10774416e-02 -6.27929986e-01
 -6.31677285e-02  4.42603141e-01  9.22260806e-02 -1.07993968e-01
 -8.02938715e-02  4.21695739e-01  3.82215902e-02 -2.91090041e-01
 -5.15611529e-01  4.72381622e-01  3.05263191e-01 -2.42019951e-01
  2.22711995e-01  2.47001320e-01  2.08430484e-01  2.26234168e-01
 -1.00659087e-01  3.79266351e-01  1.74238011e-01  8.36182535e-02
 -1.33942598e-02  2.39255339e-01 -1.30939618e-01 -2.66430587e-01
  7.50697777e-02 -4.44466136e-02 -1.25058651e-01 -2.96719640e-01
 -1.86754733e-01  4.62284870e-02 -1.54895216e-01  5.73002458e-01
 -3.15622211e-01  7.70455599e-01 -3.20683196e-02 -8.27799365e-02
 -3.32298666e-01  7.83412009e-02  5.61223209e-01 -1.40593082e-01
 -1.47807434e-01  7.12252706e-02  1.11468785e-01  1.49039268e-01
  5.94648540e-01  7.88424492e-01 -3.91317755e-01  6.91043139e-01
 -4.83508110e-01 -4.28604394e-01 -2.31125608e-01 -2.82913804e-01
 -2.63750523e-01 -7.04973117e-02  1.47693142e-01  4.35707957e-01
  1.04040034e-01 -1.85909553e-03  3.51055562e-01  5.78566730e-01
  3.56493235e-01  6.93491459e-01  6.79336667e-01  1.04836617e-02
  5.64589947e-02  7.34041274e-01  1.75245255e-01  2.01285884e-01
 -8.71088058e-02 -3.34875554e-01  3.41685236e-01  4.57763910e-01
  9.21465084e-02 -3.79127383e-01  1.97858661e-01 -3.54641646e-01
  2.27847993e-02  1.49662599e-01 -1.25286877e-01 -5.89776933e-01
 -1.40248507e-01 -3.27250779e-01 -6.84032962e-02 -3.22818726e-01
  1.90828200e-02 -2.64298260e-01 -1.89512879e-01  4.75499779e-01
  5.46563506e-01 -3.43252271e-01 -4.94703323e-01  6.61941245e-02
  1.48628056e-01 -2.43603975e-01  3.29280831e-02  3.34250718e-01
  6.09131381e-02 -1.99352786e-01 -1.03870869e-01 -1.22504130e-01
 -7.65457749e-01 -1.80951357e-01  1.82308063e-01  5.48664153e-01
  6.67081714e-01  8.36969092e-02 -4.10286725e-01 -1.59660488e-01
  6.41829669e-02  4.18602318e-01  4.69397753e-01  2.35138666e-02
 -2.17871487e-01 -1.16390340e-01  1.12331241e-01  2.34616790e-02
 -4.30729091e-01  4.54013079e-01  8.91013667e-02  6.94965944e-02
  1.87675163e-01 -3.53168607e-01  5.71272075e-02  9.92624238e-02
  2.43666977e-01  4.37540859e-01 -1.75157428e-01 -2.53198981e-01
 -1.15796626e+00 -1.47411004e-01 -4.23822612e-01  2.40944430e-01
 -2.29290519e-02  2.70325035e-01 -2.88698673e-02  3.00190561e-02
  1.06341422e-01  9.21325088e-02 -4.84354421e-03 -1.15073593e-02
 -6.69395864e-01  6.47869647e-01  3.73189062e-01 -3.99430767e-02
 -2.55176485e-01  8.68210196e-02 -6.69010699e-01 -8.68354917e-01
  4.48582083e-01  3.27773802e-02  4.75684166e-01 -1.87951401e-01
  6.30643785e-01 -1.76486447e-01  3.40425909e-01 -2.41494030e-01
  1.45505160e-01 -2.49008402e-01 -3.35902050e-02  3.57912965e-02
  1.18982039e-01  2.90074974e-01  1.72507614e-01 -2.29160145e-01
 -8.25703382e-01 -5.39578915e-01  2.12891892e-01  1.57956600e-01
 -8.46386105e-02  3.60620230e-01 -2.93606728e-01  1.42795816e-01
  1.35174662e-01 -5.01793735e-02 -7.02021182e-01 -1.10004142e-01
 -2.61116207e-01  1.68701619e-01 -2.93743283e-01 -2.77439535e-01
 -1.80265456e-01 -1.88336968e-01 -2.85822600e-01 -4.13237453e-01
 -2.19129056e-01  5.13268113e-01  2.14392528e-01 -3.70486051e-01
  2.13172466e-01 -2.27042928e-01 -1.16288401e-01  1.73262432e-01
  5.90516090e-01  2.44925678e-01 -5.42839207e-02 -6.69542491e-01
  5.97523510e-01  3.61676663e-01  6.71564817e-01 -2.78169990e-01
 -1.99699834e-01 -1.76418543e-01 -1.54903978e-01 -9.07438025e-02
  2.66942233e-01 -6.08694434e-01 -5.30273259e-01  6.35840595e-01
 -8.04271996e-01  3.06021899e-01  3.99774194e-01  5.80411032e-02
 -1.27470434e+00 -1.77075028e-01  1.99602470e-02 -5.59020899e-02
 -7.63286889e-01  3.30546498e-01  5.24254799e-01  1.76424041e-01
 -2.66655773e-01 -3.71856838e-02  3.81560355e-01  6.49979293e-01
  4.38561961e-02  4.34572339e-01  8.30164030e-02 -2.41769329e-01
  1.65009409e-01 -4.87840265e-01  5.10681868e-02  2.03279480e-01
  1.21932589e-01 -3.96724343e-01  5.46043292e-02 -6.94123745e-01
 -2.26219118e-01 -2.31471565e-02  2.78449118e-01  3.06026757e-01
  1.00672983e-01 -4.90973979e-01  2.38472387e-01  3.49034578e-01
  2.42558584e-01  7.42991567e-01 -3.22544366e-01  5.06904900e-01
 -1.01611048e-01  2.08872557e-01  2.72996962e-01  7.13843405e-02
 -3.15712363e-01 -1.08891599e-01  5.54433763e-01  3.19269538e-01
 -3.19388300e-01  7.70788789e-02 -4.13034335e-02  2.08734218e-02
 -2.05880031e-01  3.82290214e-01  5.48962116e-01  5.07611811e-01
  4.45574790e-01  1.42261192e-01  9.56121907e-02 -7.56447166e-02
 -7.84140229e-02 -2.99235940e-01  1.25958547e-01 -9.25358415e-01
  5.29253781e-01 -2.02331785e-02  2.88136780e-01  3.05612702e-02
 -2.73930401e-01 -3.86917382e-01  2.48603255e-01 -4.98808384e-01
 -2.83866316e-01 -5.09455025e-01 -6.84368134e-01 -3.06197137e-01
 -4.65287149e-01 -3.74651730e-01  3.58070210e-02  4.71418500e-01
  1.89269185e-01 -5.82943738e-01 -5.17256558e-01  2.93249249e-01
 -3.78361195e-02  1.89553946e-01  1.27694994e-01  1.62362978e-01
 -3.14908251e-02 -1.71098813e-01 -3.38809311e-01 -3.71348321e-01
 -4.75199580e-01 -2.89647341e-01 -4.34038043e-01  4.90949601e-02
  2.89366543e-01  5.01486123e-01  2.67183483e-02 -5.03257401e-02
  1.09760575e-02  2.30440453e-01 -1.98166892e-01 -2.66537905e-01
 -6.87542498e-01  1.11522146e-01  3.45836654e-02 -6.21969886e-02
  8.99233595e-02  2.76384264e-01  2.26911068e-01  3.56235147e-01
  1.98055521e-01 -1.19500801e-01 -2.94791996e-01 -1.33640662e-01
  3.47375304e-01  1.01813078e-01  5.73905051e-01  2.61757702e-01
  1.01998515e-01  5.32067418e-01  1.17770312e-02 -7.19606280e-01
 -3.07098925e-01  2.34142035e-01 -3.88557136e-01  5.45258462e-01
  3.11125308e-01  6.45825028e-01  4.71418239e-02  5.32802224e-01
  3.87044191e-01 -3.84281948e-02  6.05842378e-03 -1.84927061e-01
 -7.92526752e-02  2.98224181e-01  6.68091416e-01  3.04943085e-01
  2.76624531e-01  2.43416756e-01 -2.80041784e-01  3.93905073e-01
  1.69157777e-02  1.56918496e-01  3.21291775e-01  4.25111175e-01
 -3.54684651e-01 -1.95974112e-01 -6.56105019e-03 -1.79668605e-01
 -6.91111326e-01 -3.04593015e-02  3.63923818e-01  5.77213317e-02
  1.38374437e-02 -6.17824644e-02 -3.14596653e-01  5.75002320e-02
 -1.56237140e-01  8.46666694e-02 -2.97804344e-02  6.67660773e-01
  5.26712537e-01 -1.24667093e-01 -5.65044940e-01 -7.83725381e-02
  7.07679708e-03  5.11005819e-01  2.31497794e-01 -4.16817099e-01
 -4.20320123e-01  5.46391964e-01 -1.77787155e-01 -3.02303702e-01
  2.99235821e-01  4.87391621e-01  1.90210283e-01 -6.52332723e-01
 -1.31267652e-01  2.42344007e-01 -6.98639229e-02 -2.31751770e-01
  1.51189134e-01  3.22608203e-01 -6.72967732e-01 -2.05140516e-01
 -3.29638422e-01 -5.31659424e-01 -1.28801465e-01 -9.05934215e-01
  1.22679649e-02 -3.13087970e-01 -3.98196392e-02  1.16017498e-01
  1.16420947e-01 -4.42744583e-01  2.45429903e-01  1.89279631e-01
  5.48090458e-01  3.00165772e-01 -4.67945896e-02  2.77818576e-03
 -4.20744658e-01 -2.94364363e-01  5.25679350e-01 -7.89788589e-02
  2.41179056e-02 -5.65772176e-01 -7.64156461e-01 -1.95248082e-01
 -4.14111197e-01 -7.12515295e-01  3.46152127e-01  3.56806546e-01
  4.12776113e-01 -1.85369641e-01  4.51021165e-01 -4.17513460e-01
  1.34009952e-02  9.45235640e-02 -3.25989783e-01 -5.00334203e-01
 -6.87770367e-01  4.15633649e-01 -4.14894640e-01 -5.54629683e-01
  5.33082902e-01  7.36215115e-01 -6.05679035e-01 -4.70431417e-01
 -3.47102076e-01 -2.91393191e-01 -4.87988621e-01 -7.91056752e-02
 -1.52726322e-01  5.10874569e-01  2.99910396e-01  2.17180923e-01
  1.67730004e-01 -1.34261295e-01 -3.61462682e-01 -5.50509512e-01
  5.57986081e-01  3.14915031e-01 -1.14077568e-01 -4.31632288e-02
 -1.66878581e-01 -2.22636476e-01 -8.76133382e-01  3.56135458e-01
  1.66203454e-01  2.31309414e-01  3.39711964e-01  4.53466266e-01
  7.04250395e-01 -6.99137092e-01 -9.77260768e-02  3.35215628e-01
  2.90630013e-01  2.74315983e-01 -2.03353792e-01 -1.72365248e-01
 -8.64004731e-01  4.59424704e-01 -3.34643215e-01  2.34503314e-01
  8.86781588e-02 -3.82791430e-01  2.81619161e-01 -3.25470835e-01
 -3.26316893e-01  1.01723537e-01 -1.84479102e-01  1.15822263e-01
 -1.19098097e-01 -3.66676480e-01  1.75667003e-01 -4.54066694e-03
 -1.10253058e-01 -2.17340104e-02 -1.46190688e-01 -1.67545393e-01
  5.46591878e-01 -1.14716083e-01  3.25182259e-01  7.42973536e-02
 -1.25379455e+00  1.44153893e-01 -5.99849164e-01  9.84874368e-02
  6.86569154e-01  9.54359174e-02 -1.19657964e-02  7.81981423e-02
  1.66727483e-01  1.51386037e-01  9.79283154e-02 -5.02373099e-01
  5.60054541e-01 -7.06957057e-02  2.47862823e-02 -1.92125607e-02
  5.46874344e-01  6.66625321e-01  1.50740087e-01  1.33988649e-01
 -9.05893072e-02  5.73347569e-01  1.00745134e-01 -1.63917989e-01
 -1.30797774e-01  1.11221917e-01  4.73478079e-01 -4.64152880e-02
 -2.10045022e-03 -4.98632759e-01 -3.16165417e-01  1.27706796e-01
 -5.95438004e-01  3.21493149e-01  2.71850109e-01 -3.45778286e-01
  3.64198029e-01  2.73863345e-01 -9.64826122e-02 -3.16955984e-01
 -2.69187093e-01  4.47824776e-01 -8.51844132e-01 -1.73871264e-01
 -2.50654608e-01 -4.87087756e-01 -1.00906551e-01 -1.73168510e-01
 -3.78765255e-01  3.18785340e-01 -4.10436332e-01  7.24791884e-02
 -1.77745581e-01 -9.74716023e-02 -2.07787566e-02  2.08218724e-01
 -3.10959905e-01 -1.18311179e+00 -1.88875608e-02  1.99798986e-01
  5.48037291e-01 -1.68579504e-01  2.90980577e-01 -1.58854038e-01
  5.08575857e-01  5.81818163e-01 -4.95408848e-02 -1.91274844e-02
 -1.03957481e+01 -3.64851475e-01 -1.69960961e-01 -5.69442451e-01
 -2.48629868e-01  2.23875627e-01  8.74860346e-01  2.19626017e-02
 -4.87221062e-01  6.39231741e-01 -4.14543189e-02  7.79987991e-01
  2.67817110e-01  8.79665732e-01 -4.30224031e-01 -1.82397708e-01
  6.82664931e-01 -1.67242646e-01  3.25068265e-01  2.80352652e-01
  1.03585653e-01 -5.12652814e-01  4.77270216e-01  4.91865367e-01
 -7.21673071e-02 -7.07749665e-01 -4.30587590e-01  5.41725218e-01
 -2.96124399e-01  5.25842845e-01 -3.64319861e-01  7.31131613e-01
 -1.22682653e-01  6.11600101e-01 -3.01570147e-01 -2.19101459e-01
  1.33309349e-01  6.02326915e-02  3.46776336e-01  3.63430768e-01
  3.49481881e-01  2.82120168e-01  1.82673723e-01 -3.56274724e-01
  2.11686224e-01  8.05666298e-02  3.65479618e-01  3.22925955e-01
  6.22707546e-01  4.20425951e-01  2.00688526e-01 -3.78806531e-01
 -3.61131430e-02  6.80233315e-02  6.17180951e-03 -2.93460220e-01
  3.81616130e-02 -6.99855387e-01 -3.73764873e-01 -2.71740347e-01
  5.42073905e-01 -1.98461041e-01  2.19437405e-01  4.79096591e-01
 -2.03483433e-01 -6.42513633e-02  2.12867439e-01  3.90677452e-01
 -3.27794224e-01 -1.68550581e-01  5.94593525e-01  1.77362993e-01
  7.63745904e-02  5.21458805e-01 -4.54223394e-01  2.04354689e-01
 -1.27189517e-01  3.58935744e-02  6.77352428e-01  5.00895595e-03
  3.62008691e-01  5.19858718e-01  7.54419044e-02  7.71235645e-01
 -8.36303294e-01 -2.85395179e-02 -6.94998428e-02  2.66399592e-01
  4.98742461e-02 -4.34731364e-01  8.65727961e-02  3.08061212e-01
 -2.45130941e-01  2.33193971e-02  6.83282137e-01 -1.55321196e-01
  1.30864024e-01  2.32385352e-01  7.07895517e-01 -2.66293347e-01]"
タ,"[-2.99661551e-02  2.35579774e-01  2.16267854e-01 -4.62301165e-01
  1.46502957e-01  1.59057260e-01  4.88843143e-01  3.43817882e-02
  2.31429592e-01 -4.75955218e-01  9.65501428e-01  1.44587487e-01
 -3.04416180e-01  2.18970031e-01  5.76633871e-01 -7.43149146e-02
  1.22966498e-01 -2.05837458e-01  3.06487232e-01 -6.46916866e-01
 -4.75787103e-01 -4.26514417e-01 -3.73811781e-01  3.08984555e-02
  1.09216664e-02 -2.93104202e-01 -3.61434907e-01 -5.65030053e-02
  3.21628079e-02 -3.50589812e-01 -1.99837789e-01 -4.79252517e-01
 -1.99252479e-02  6.12472259e-02 -1.20409250e-01  6.15912259e-01
  1.48660764e-01 -7.46806189e-02 -2.11993039e-01 -2.97742337e-01
  1.13387346e-01 -1.35826588e-01 -6.36355281e-01 -4.45344567e-01
 -2.16307081e-02  6.85872316e-01  2.61787891e-01  1.03010170e-01
  2.79183775e-01  4.58381362e-02 -3.35032940e-01  5.32670803e-02
  1.20524228e-01 -1.07789263e-01 -1.40848160e-01  2.16222078e-01
  2.49952212e-01 -2.18029901e-01  1.12820625e-01  5.73501959e-02
 -7.49453455e-02 -1.90446988e-01  1.85510695e-01 -2.76439339e-01
 -1.08943269e-01 -2.89292574e-01 -1.85147242e-03 -1.42507613e-01
  3.78167368e-02 -5.24221301e-01  1.77446336e-01  5.51392175e-02
  1.34303674e-01 -2.22959772e-01  5.37544012e-01 -6.02257848e-01
  1.93570793e-01 -5.20524643e-02  5.09709895e-01 -1.05174385e-01
 -8.81144702e-02  3.53035271e-01 -1.23251960e-01 -1.02641988e+00
  2.46412903e-01  6.85964823e-02 -4.19943005e-01 -6.87328100e-01
  4.39353973e-01 -2.58307606e-01  1.43659532e-01 -1.16709851e-01
  1.21523656e-01  2.03724787e-01 -1.73979446e-01 -3.89984041e-01
  1.05054297e-01 -4.06380087e-01 -2.28427779e-02  9.06861573e-02
 -1.99103817e-01 -1.66494742e-01  2.53965884e-01 -8.31622109e-02
 -2.95609951e-01  7.66281486e-02 -1.89088240e-01  2.16593280e-01
 -1.05295256e-02  1.92863315e-01 -2.46624053e-01 -7.36581922e-01
 -6.68454885e-01  1.53523594e-01  1.62854731e-01  1.69706754e-02
 -4.62951362e-01  3.33336711e-01 -2.92251855e-01  3.58274668e-01
  3.38005960e-01  4.42474961e-01 -2.91267037e-01 -3.03502560e-01
 -3.53537560e-01  3.23735535e-01  2.82929122e-01 -9.15389434e-02
 -1.75312623e-01 -4.67682272e-01  1.64385363e-01  1.34649038e-01
 -4.42312837e-01  9.67956036e-02 -1.39187291e-01  6.48608625e-01
 -3.97078618e-02 -1.59846812e-01 -2.53886968e-01 -6.38386071e-01
  7.89156705e-02 -8.54528099e-02  2.54754603e-01  9.89833549e-02
 -3.24334204e-01  1.43080607e-01 -2.32915238e-01 -3.56462330e-01
  1.02784388e-01  2.76890486e-01 -3.18893880e-01  8.76443386e-01
 -2.85117447e-01  6.30542263e-02  5.69943249e-01  3.91576618e-01
 -3.98441225e-01  2.92969435e-01  2.51048923e-01  3.46937567e-01
  4.38345283e-01 -2.63639092e-01  1.75802618e-01  6.37234390e-01
  6.20617568e-02  4.89996850e-01  2.63442606e-01  1.88494578e-01
  1.00585274e-01  5.90886295e-01  5.55005610e-01  7.33949602e-01
  3.01001310e-01 -3.43335152e-01  5.00806533e-02  2.68896341e-01
  4.46986854e-01  2.31619105e-01  3.13695908e-01 -5.93590736e-01
 -6.11111848e-03 -2.24852040e-01  2.15833895e-02 -6.38685599e-02
  2.72835732e-01 -3.05014640e-01 -1.88641906e-01  4.10682037e-02
 -1.33700579e-01 -1.17594734e-01  1.64533272e-01 -3.79234791e-01
 -1.36827324e-02 -4.53405052e-01 -1.51211515e-01 -7.35498369e-01
  2.08937928e-01 -2.01926902e-01 -1.95111409e-01  6.64365649e-01
 -8.06749389e-02  1.93651304e-01 -1.68233156e-01 -5.78627706e-01
 -8.63688767e-01 -5.78569829e-01 -1.07736632e-01  7.04155922e-01
  5.88181317e-01 -7.45659769e-02  1.79060221e-01  5.25111556e-01
  2.50659406e-01  4.12462294e-01  1.57410830e-01  3.48495960e-01
 -3.53809148e-01 -4.02734399e-01  5.56166053e-01 -3.23269120e-03
 -5.00005744e-02 -5.67764267e-02  5.39637566e-01  2.04771265e-01
 -2.07519755e-01  5.01338005e-01  2.38741606e-01  1.70733929e-01
  6.99376762e-02  7.66363382e-01  1.18161114e-02 -5.86142182e-01
 -8.61167014e-01 -1.38440445e-01 -6.18503392e-01  2.19616920e-01
 -4.59072590e-01  6.19849443e-01 -4.46947105e-03  2.17116296e-01
  3.87898088e-01 -2.12497994e-01  1.40855059e-01 -7.15549588e-01
 -2.68750787e-01 -6.20127320e-02  1.47290947e-02 -8.14034939e-02
 -1.75518453e-01  2.29930595e-01 -6.10323489e-01 -6.31057501e-01
  1.71859533e-01 -4.53166574e-01  7.35765338e-01  2.59308606e-01
  1.98752582e-01 -1.23523995e-01  3.81315440e-01  5.03578298e-02
 -1.35161996e-01 -7.68967330e-01  3.92617434e-01 -6.43246844e-02
 -4.20342356e-01 -2.33181566e-02 -8.91819522e-02 -5.95490873e-01
 -4.39379811e-01 -3.94754142e-01 -1.84425384e-01 -3.75927567e-01
 -5.30730367e-01  2.09036112e-01 -1.57520652e-01  7.15329424e-02
 -1.29061699e-01  4.82911676e-01 -4.35601532e-01  2.91576117e-01
 -7.29819953e-01  3.35105658e-01 -6.40949190e-01 -9.48633403e-02
 -6.31974414e-02 -3.41346890e-01 -4.44250852e-01 -3.95514250e-01
 -1.38266921e-01  5.76125264e-01  2.62405366e-01 -1.72705904e-01
 -5.69435418e-01  1.49088740e-01 -2.58043766e-01  1.36819229e-01
  4.62164849e-01  1.36330351e-01 -1.63418509e-03  3.11880618e-01
  4.15723115e-01 -1.28348678e-01  2.41879076e-02 -1.07980743e-01
 -1.69175193e-02 -8.13083231e-01 -6.53277189e-02 -1.74520656e-01
  3.46210748e-01 -3.70300412e-01 -1.86801478e-01  6.85641587e-01
 -4.23173457e-01  5.92816889e-01  1.72281384e-01  2.52265394e-01
 -1.44581926e+00  3.85023117e-01  1.90219432e-01  2.97844350e-01
  8.77886042e-02  1.45401657e-01  1.11027993e-01 -5.74938990e-02
 -6.78434014e-01 -7.60268331e-01  7.41028190e-01  4.46878314e-01
 -2.33668759e-01  2.00399145e-01  4.54014122e-01 -1.06233016e-01
  2.08326623e-01 -2.76969552e-01 -3.36054385e-01  3.22804064e-01
  4.57792461e-01 -4.67718914e-02  2.76760478e-03 -4.14963007e-01
 -6.25007808e-01  5.21641970e-01  1.65115684e-01 -3.09191048e-02
 -8.05808425e-01 -3.20819281e-02  5.92415571e-01  8.43997777e-01
  3.92516553e-01  6.69855714e-01  2.77556330e-01 -3.47468078e-01
  5.76897085e-01  5.22862792e-01  4.86821592e-01  3.57853249e-02
  1.69018611e-01 -3.01421285e-01  4.69983786e-01  2.59584159e-01
 -1.95665166e-01 -5.30209802e-02  3.26360971e-01  3.86536181e-01
 -4.39108610e-01 -8.63753352e-03  6.73512280e-01 -5.43981791e-02
  3.62797439e-01  5.08806467e-01  8.52006793e-01  9.19913948e-02
 -1.24715783e-01 -4.45874661e-01  3.89481150e-02 -4.72150475e-01
 -4.64070290e-02  2.49437928e-01  6.43545926e-01  1.80078059e-01
 -3.93484175e-01 -4.67068553e-01 -3.88526499e-01 -4.55216765e-01
  2.36079320e-01 -3.04135948e-01 -5.05308151e-01  1.08156547e-01
 -3.48840982e-01 -2.52555817e-01  5.02934605e-02  2.95357853e-01
  4.80964005e-01 -4.88614053e-01 -2.77517438e-01  1.84798762e-01
 -1.73088774e-01 -9.53997746e-02  1.68650150e-01  6.75341263e-02
 -2.79203564e-01 -3.37671582e-03 -3.07510078e-01 -4.16349381e-01
 -1.23659872e-01 -1.28648296e-01 -7.28284359e-01  3.61377001e-01
 -3.37164178e-02  3.18481117e-01 -1.11765340e-01  2.12363601e-01
 -5.79021797e-02 -6.12405641e-03 -6.83400095e-01  2.51117557e-01
 -5.14046490e-01  5.09802341e-01  2.02501014e-01  3.70196730e-01
  2.70219278e-02  2.29741096e-01 -1.73004437e-02  2.23613024e-01
 -5.74088037e-01  1.03956148e-01 -3.94132435e-01 -1.11431397e-01
  5.26212454e-01 -6.53336525e-01  3.76909375e-01  1.18666455e-01
 -5.49459457e-01  7.20542371e-01 -3.26295465e-01  2.80928705e-02
 -1.27219662e-01  3.66679519e-01 -4.74165112e-01  1.33520305e-01
  5.62403500e-01  8.15480411e-01 -3.18196118e-01  4.57316011e-01
  2.00192392e-01 -1.78305805e-01  5.11981130e-01 -3.31428885e-01
  4.66658995e-02  6.66111999e-04  9.05242860e-02  4.37036812e-01
  1.26744494e-01  4.23158169e-01  2.31924251e-01 -5.15421033e-02
  2.10968688e-01  1.31144881e-01  3.46457288e-02  2.26193637e-01
 -4.26744789e-01 -5.13709113e-02 -1.42823681e-02 -1.93165302e-01
  1.01279892e-01 -5.32419123e-02  6.21730506e-01  2.30820462e-01
  3.73899966e-01 -3.55054617e-01 -5.41763544e-01 -3.83245200e-01
 -9.60799813e-01  1.31556511e-01 -7.90663213e-02 -1.63276196e-02
  6.90846264e-01  5.88578545e-02 -7.22112656e-01  2.35836729e-01
  2.72128489e-02  2.91976184e-01  4.03083205e-01 -2.15442598e-01
  7.09559470e-02  3.98972124e-01 -1.26126707e-01  1.62863761e-01
  1.12107601e-02 -3.19076516e-02 -1.29413649e-01 -7.25190401e-01
 -7.46306777e-02  9.69066843e-03 -1.38259888e-01  4.86339219e-02
 -4.86963317e-02  5.17931938e-01 -3.24877322e-01 -4.77065593e-01
 -2.66946048e-01 -9.78841260e-02 -1.59749001e-01 -5.27204216e-01
 -8.82906318e-02 -2.66705990e-01 -3.70777920e-02  5.53722858e-01
  1.26212314e-01 -1.79925904e-01  3.51804793e-01  8.11239600e-01
  3.29001725e-01 -2.76133955e-01 -1.77328452e-01  2.83513945e-02
 -2.39449125e-02  1.81579497e-02  3.36701691e-01  1.05576985e-01
 -5.92071339e-02 -2.49660667e-02 -6.41791821e-01 -3.77359599e-01
 -4.98495139e-02 -1.00686407e+00  7.86765099e-01  1.42199829e-01
  3.27162951e-01 -5.91947615e-01 -4.25616086e-01 -5.56285195e-02
 -9.50140357e-02  6.57174364e-02  3.92176419e-01  2.68515050e-01
 -4.43358719e-01 -1.54498905e-01 -6.50962949e-01 -7.22716451e-01
  2.66091764e-01  5.06580889e-01 -4.47363377e-01  7.18003884e-02
  3.01400125e-01  9.06874165e-02 -8.54358301e-02 -1.14973076e-01
 -2.02326894e-01 -3.82802844e-01  3.16183567e-01  3.47123623e-01
  2.67594904e-01  3.91975075e-01  1.17510473e-02  3.49306107e-01
  4.06838328e-01  6.52106583e-01  6.77609265e-01  2.06728265e-01
 -2.95980304e-01 -3.38719860e-02 -3.01791042e-01  2.97948092e-01
  3.51940691e-01 -6.79865256e-02 -8.16438615e-01  1.29637510e-01
  3.59595239e-01 -4.22446281e-01  3.53436232e-01  4.15180892e-01
  4.23547804e-01  5.95414937e-01 -3.82038802e-01 -7.82274976e-02
 -7.61259735e-01  1.75590232e-01  1.18746981e-01  2.82905460e-03
 -3.04479867e-01  3.16141918e-02  9.14571509e-02 -4.56850737e-01
 -2.21329153e-01  2.10730210e-01  2.45994300e-01  1.57623172e-01
  3.49374592e-01 -4.12948579e-01  5.97092390e-01  4.30367559e-01
 -2.68079549e-01 -2.92229682e-01 -1.48793817e-01  2.31118336e-01
  4.30457860e-01  1.59084797e-01  3.57093871e-01 -3.77342790e-01
 -8.44543278e-01 -2.18009446e-02 -1.30999135e-02  2.65737385e-01
  7.06270576e-01 -8.16599965e-01 -4.97601070e-02  5.13370395e-01
  8.08049083e-01 -5.22131585e-02 -2.97910810e-01 -5.25259852e-01
 -1.88427538e-01 -1.35287687e-01 -3.31186384e-01  3.62425178e-01
  4.46477719e-02  5.87640524e-01 -3.18144932e-02 -1.16054967e-01
 -1.95367426e-01  8.12337279e-01  4.07300919e-01  6.72218297e-03
  2.08169505e-01  3.49424258e-02 -4.43483621e-01 -7.18753934e-02
  2.72153318e-01 -3.70367467e-01 -1.54869959e-01  1.74514607e-01
 -3.93838197e-01 -1.14709832e-01 -1.86655268e-01 -5.02172261e-02
  3.51100236e-01 -1.54087305e-01 -4.24016178e-01 -3.41828108e-01
 -5.34637272e-02  3.64018321e-01 -8.19524467e-01 -1.77215248e-01
 -2.28437096e-01  1.85579330e-01  4.22203019e-02 -1.65699080e-01
 -4.80414540e-01 -5.62826455e-01 -4.52997953e-01  1.40648350e-01
  1.40121818e-01 -4.81932133e-01  4.71815914e-01  1.96079716e-01
 -1.48388878e-01 -1.19142509e+00  4.96811807e-01  1.02793932e-01
  7.11098373e-01 -2.55843937e-01  3.21620345e-01 -1.03126299e-02
  1.24622777e-01 -1.62571281e-01 -4.50742304e-01  6.66210949e-01
 -1.04435930e+01 -3.57222646e-01 -5.08106053e-01 -1.70224175e-01
 -3.90432179e-01  4.77056652e-01  1.89552546e-01  4.22308922e-01
 -4.48839180e-03 -6.46698475e-02  6.86290264e-02  1.07366987e-01
  1.40162811e-01  1.49776787e-01 -2.20811665e-01 -7.43995681e-02
 -3.73730332e-01 -2.49499276e-01 -6.55974090e-01 -6.84830919e-02
  1.96705148e-01 -3.56589913e-01  2.96620339e-01  3.35487694e-01
  1.99687496e-01  7.04082847e-02  3.58760089e-01  5.80973513e-02
 -3.10387552e-01  5.27437508e-01 -9.37580168e-02  2.01940879e-01
 -1.02422178e-01  2.93562889e-01 -5.40420711e-01  2.52985451e-02
  9.93592367e-02 -1.66584421e-02 -2.29644433e-01  5.84807038e-01
  2.08952114e-01  4.40937787e-01  3.92607786e-02 -2.71267653e-01
  3.37653905e-01  3.44211668e-01  2.34188393e-01 -8.45958963e-02
  4.30568844e-01  7.24609494e-02  8.71606618e-02 -1.99142188e-01
 -1.00829452e-01  3.45502868e-02  1.31053835e-01 -3.51088084e-02
  3.42283726e-01 -8.66864383e-01 -1.78458676e-01 -9.74012390e-02
  2.31044665e-01  8.35519806e-02  1.22753024e+00  3.87448698e-01
  5.01337796e-02  2.66884863e-01  2.13528678e-01  2.18898375e-02
 -4.01895314e-01 -3.08612972e-01  4.91428465e-01  2.12013632e-01
 -2.32747510e-01  1.83431536e-01 -8.17566887e-02  5.74736416e-01
  3.35067958e-01  1.57740995e-01  2.36426964e-01  1.89588703e-02
  5.00497401e-01  1.82547957e-01  5.91266863e-02  2.70417303e-01
 -7.46211171e-01  2.68312404e-03  3.72308880e-01  1.89852014e-01
  4.80819434e-01 -5.40397644e-01  6.07325137e-01 -3.68746966e-01
 -2.22947985e-01  4.32999194e-01  3.82213861e-01  5.22193760e-02
  4.58044559e-02  1.62065029e-01  4.00699943e-01 -5.65884411e-02]"
ノ,"[ 1.23113811e-01  4.49260980e-01  3.88404280e-01  4.12229039e-02
  7.58494586e-02  5.55812836e-01  2.30610564e-01  1.55199990e-01
 -4.04612541e-01 -4.64430183e-01  3.74848321e-02 -1.54315770e-01
 -2.07908779e-01  6.23014152e-01  7.49955997e-02 -3.30402814e-02
 -2.26855040e-01 -1.62437931e-01 -3.13676387e-01 -2.00981289e-01
 -4.48760957e-01 -3.97047579e-01 -4.97110158e-01  4.76455122e-01
 -2.80899405e-01 -7.96614587e-02 -1.04049891e-02  1.68051675e-01
  2.50054508e-01 -1.14886917e-01 -9.53003466e-02 -4.02071178e-01
 -5.61126232e-01  1.01643596e-02 -6.13143682e-01 -8.41822997e-02
 -4.24341589e-01 -1.15477450e-01  2.67024755e-01  2.16015093e-02
 -1.81246996e-02 -1.73579127e-01 -3.49012285e-01 -3.33618551e-01
 -7.02253431e-02  4.09980029e-01  2.20420837e-01  3.00006866e-01
  2.42361739e-01  4.48936149e-02 -3.21125537e-02  3.01297307e-01
  1.92337692e-01  8.26527849e-02  4.47368920e-01 -5.93059182e-01
  8.80979478e-01 -8.07471931e-01  2.13088438e-01  5.51424801e-01
 -6.56773627e-01 -3.90758187e-01  1.43242121e-01  2.11935133e-01
 -9.31481495e-02 -2.19872966e-01  3.20592284e-01 -2.26815380e-02
  1.36021286e-01 -7.62172818e-01  2.12349832e-01 -1.27141982e-01
 -6.43603504e-02 -1.57820612e-01  2.64960796e-01 -7.73804367e-01
  3.08751792e-01 -1.34795398e-01 -9.22530517e-02  4.32345748e-01
 -6.07732952e-01  8.60530555e-01  1.02429159e-01 -4.22151029e-01
 -2.94526704e-02 -1.23188280e-01 -6.46335602e-01 -8.16068292e-01
  4.59982216e-01 -2.75368243e-01  2.81266272e-01  3.78872514e-01
  1.45803541e-01  7.60105848e-01  1.65413618e-02  4.40185964e-02
  3.51011038e-01  3.87873113e-01  8.99581686e-02  3.23933095e-01
 -4.62004006e-01 -5.34325987e-02  5.84278762e-01 -8.37862790e-01
 -1.35014057e-01  4.42395322e-02 -4.43261951e-01  4.66958582e-01
  1.38552159e-01  4.95200753e-02 -2.71311730e-01 -2.95672476e-01
 -3.43964279e-01  2.89145172e-01  2.78231651e-01  3.83880287e-01
 -2.12855288e-04  3.52657884e-01 -2.96841830e-01  4.20441896e-01
  1.40269235e-01  6.62803769e-01  1.09529132e-02 -2.49316245e-01
 -7.61166990e-01 -1.78450748e-01  2.51341045e-01  2.48560891e-01
  4.15656120e-02 -8.78526211e-01  1.42715305e-01 -3.67501788e-02
 -5.65640450e-01 -1.95349798e-01 -3.72287840e-01  6.86625242e-01
 -3.80434580e-02  1.79914564e-01 -1.07767247e-01 -4.58080381e-01
 -6.97997212e-01  2.59056240e-01 -1.68051690e-01 -4.91655879e-02
 -2.13580102e-01 -9.60002318e-02 -1.39121320e-02  1.98626667e-01
  6.02209568e-01  5.10934234e-01 -1.99028850e-01  1.08309150e+00
 -4.65114534e-01  3.38232853e-02  3.89487773e-01  1.73709512e-01
 -5.13961792e-01 -8.78164452e-03  2.31831729e-01  5.93233228e-01
  5.72017312e-01 -4.90951926e-01  3.55887771e-01  9.36181843e-01
  4.92500840e-03  2.35442325e-01  4.68925864e-01 -1.16490021e-01
  3.04736435e-01  5.32806814e-01  5.97709119e-01  5.41073382e-01
  5.92143834e-02 -2.41891831e-01  1.00824591e-02  5.17738283e-01
  7.23901451e-01  8.04607421e-02  1.66189998e-01 -5.36121488e-01
  7.83840641e-02 -6.55987710e-02 -9.39969718e-03 -8.04161727e-01
  2.19759196e-01 -3.05725276e-01  1.52500451e-01 -8.31784010e-02
 -2.19059780e-01  4.82337968e-03 -2.45514527e-01 -1.42656997e-01
  1.65396035e-01 -1.80536762e-01  2.26214379e-02  2.52815306e-01
  1.00860395e-01 -7.36695156e-02 -3.12549770e-01  2.79089343e-03
 -2.68920720e-01  9.18744355e-02 -8.30516815e-02 -1.10109758e+00
 -9.53852296e-01  1.03881106e-01  5.31826556e-01  4.94676471e-01
  3.65183890e-01 -9.52106789e-02 -2.39994168e-01  2.04554543e-01
  7.21654952e-01  1.95283428e-01  4.75211233e-01  4.69315678e-01
 -5.75710177e-01 -1.04978181e-01  1.77905098e-01  3.13063949e-01
 -9.79202688e-02  8.28086808e-02  4.22740579e-02 -8.02398846e-02
 -9.45495218e-02  8.08014631e-01  1.93626329e-01 -1.15061909e-01
  5.42823086e-03  7.24072158e-01 -7.91777432e-01 -2.52511680e-01
 -5.10340989e-01 -2.52442151e-01  4.33612178e-04 -1.39367178e-01
 -5.12304783e-01  5.12993574e-01 -8.56382102e-02 -2.78315190e-02
 -4.14654672e-01 -2.26634517e-01  5.57317138e-01 -5.89458108e-01
  2.18611151e-01  2.76710242e-01 -1.29829556e-01  3.41493078e-02
 -5.82733810e-01 -1.07430205e-01 -4.65020955e-01 -5.12474656e-01
  9.52655450e-02 -2.72701353e-01  8.77055287e-01  3.07052471e-02
  7.11751580e-01 -1.73607394e-01  1.39930546e-01 -2.33707801e-01
 -1.70010328e-01 -4.66006249e-01 -3.89308721e-01 -3.20064992e-01
  3.61925870e-01  2.42260829e-01  5.45590460e-01 -2.52547652e-01
 -1.68000793e+00 -8.29514936e-02  9.01246294e-02 -5.90021551e-01
 -1.16623260e-01 -1.34414792e-01 -1.57002702e-01 -3.50256592e-01
 -7.30955303e-02  7.53961086e-01 -6.83084846e-01 -1.34672865e-01
 -2.11008042e-01  4.07173544e-01 -4.59838241e-01  6.23786785e-02
  1.15388535e-01  4.10698295e-01 -1.90829471e-01 -6.96349680e-01
 -3.93040687e-01  1.79575663e-02  1.43006444e-01  1.85511503e-02
 -4.81871307e-01 -1.48434574e-02 -4.17085320e-01  2.82912433e-01
  1.63787574e-01 -4.43290174e-01  3.41521949e-01  3.08568865e-01
  6.14660859e-01  5.54905236e-01  5.43033540e-01 -1.67243108e-01
 -6.71458781e-01  2.20170617e-01  1.89688981e-01 -3.02759826e-01
  5.59830368e-01 -5.56518137e-01  3.51618409e-01  3.42310756e-01
 -3.35783273e-01  2.90837556e-01  6.45881951e-01 -3.10758837e-02
 -1.57252991e+00 -2.52801150e-01  3.62301499e-01  2.08795875e-01
 -3.81751925e-01  1.31960496e-01  1.57625541e-01  3.44234735e-01
 -5.06384075e-01 -2.88007140e-01  5.49816430e-01  1.96436539e-01
  2.62163132e-01 -1.87219411e-01  5.82617044e-01 -5.04882991e-01
  3.97969894e-02 -6.78749979e-01 -1.71617232e-02  4.86107826e-01
 -2.34532297e-01 -1.44409791e-01  2.65208751e-01 -3.78248841e-01
 -2.67185420e-01  4.09802943e-01 -1.96832940e-01  5.28481901e-02
 -2.97440588e-01 -4.00130190e-02  2.80279517e-01  1.49727285e+00
  5.00847161e-01  6.12199247e-01 -3.23981762e-01 -3.65001798e-01
  2.64122099e-01  1.23170167e-01  3.43326449e-01 -3.92052352e-01
 -1.27428100e-01 -3.56435657e-01  2.99845319e-02 -6.09694757e-02
  1.71967726e-02 -1.90320536e-02 -2.85898656e-01  1.66258633e-01
 -4.61461455e-01  2.69408196e-01  4.63846594e-01  3.98641117e-02
  2.29337320e-01  6.74637556e-01  5.30179381e-01  2.00344041e-01
 -2.47796908e-01 -5.39353251e-01 -6.30355719e-03 -5.17817616e-01
  3.77795935e-01  3.54310274e-02 -2.08152793e-02  3.71635914e-01
 -3.01368773e-01  1.76991686e-01  3.63877625e-03 -2.82759398e-01
  3.79030369e-02 -5.90867937e-01 -3.02749813e-01 -1.49082586e-01
  7.98156932e-02 -3.84007663e-01  2.99143672e-01  4.65351671e-01
  5.44371367e-01 -3.98653477e-01 -3.92270029e-01  9.72675309e-02
 -9.83534157e-02  1.27100050e-01  7.17663020e-02  2.14128464e-01
 -4.05843407e-02 -1.31443769e-01 -5.32420456e-01 -4.54500645e-01
 -6.07447386e-01 -9.98709500e-02 -4.86487567e-01 -2.52065331e-01
  2.66220659e-01  6.39294863e-01 -6.12208340e-03 -2.62565445e-04
  2.04694018e-01  2.40642652e-01 -4.27702397e-01 -5.29126644e-01
 -2.38432959e-02  3.13135058e-01  5.64491034e-01  3.77767503e-01
  5.96675158e-01  1.17585137e-01  3.22405636e-01 -3.39446403e-02
  1.58558324e-01  3.65950882e-01 -3.81578386e-01 -2.99306184e-01
  1.03000677e+00 -4.18948561e-01 -1.96306072e-02 -1.87338233e-01
  1.94606170e-01  7.99240828e-01 -2.15115011e-01 -7.93520927e-01
  4.18662280e-01  4.26677354e-02  2.31191576e-01  6.34077966e-01
  4.24195170e-01  1.04574716e+00  2.88774312e-01  4.17648017e-01
  3.80794793e-01 -2.01076746e-01  1.47980750e-01 -3.86171550e-01
 -5.57927750e-02 -1.40444979e-01  3.92957896e-01  7.64117658e-01
  3.73838156e-01  2.85865635e-01  3.53921093e-02  4.45983082e-01
 -5.20824790e-01  1.52594760e-01  3.83240670e-01 -2.02982485e-01
 -5.34681618e-01  2.18737781e-01 -9.72753882e-01 -8.20762157e-01
 -1.42118096e-01 -1.54181104e-02  4.62866515e-01  8.17298517e-03
  3.94206733e-01 -5.85130751e-01 -7.57343411e-01 -4.78797048e-01
 -9.84368324e-01 -6.97788373e-02  5.17299473e-02 -1.90207765e-01
  5.90698004e-01  3.00529271e-01 -9.81938839e-01  4.61364597e-01
  3.21069539e-01  4.84507680e-01  1.78513914e-01 -3.84794921e-01
 -3.21662426e-01  8.44351947e-01 -5.01440942e-01 -4.16651845e-01
  7.50177801e-01 -7.43482336e-02 -6.99120983e-02 -3.65538716e-01
 -2.01956391e-01  1.56544775e-01  4.73310828e-01 -1.82083428e-01
  2.54827708e-01 -2.31193323e-02 -4.22174037e-01 -2.79205352e-01
 -2.62507737e-01 -3.16567719e-01  2.97977895e-01 -8.84693801e-01
 -2.04450682e-01 -2.52627939e-01 -1.21887743e-01  6.88534558e-01
  6.42952502e-01 -2.15195671e-01  9.18591321e-02  7.15314806e-01
  1.78813905e-01 -2.66066790e-01 -3.31308916e-02  7.55949542e-02
 -3.62432927e-01 -2.60648489e-01  1.19486786e-02  3.90239060e-01
  2.84600645e-01  3.44783872e-01 -7.18457520e-01 -3.53507429e-01
 -1.42467782e-01 -7.82932281e-01  4.00694132e-01  1.92137603e-02
  5.24908721e-01 -9.15139794e-01  1.73386246e-01 -1.48684144e-01
  3.27598691e-01  1.39680013e-01 -2.00174563e-02 -7.63090774e-02
 -1.40753603e+00  5.34817576e-02 -4.91853833e-01 -7.90289640e-01
  5.31877756e-01 -2.84822911e-01 -6.91955984e-01  2.17893630e-01
  1.76820919e-01 -9.17976275e-02  9.21580791e-02 -3.85496318e-02
 -4.90076423e-01 -4.22873162e-02  4.48101699e-01 -1.26145676e-01
 -1.06432103e-01  4.72065836e-01 -3.87865245e-01  3.98647003e-02
  6.03585422e-01  5.24963677e-01  1.71705201e-01  1.21528871e-01
 -7.35646188e-02  5.01642190e-02 -7.86901593e-01  1.55635715e-01
  8.70108232e-02  4.39944237e-01 -3.94597560e-01  2.23512560e-01
  6.52563274e-01 -3.68132114e-01 -5.19896671e-02  8.49521458e-01
  1.55818611e-01  6.38476849e-01  1.11140544e-02 -2.35162959e-01
 -8.81849945e-01  4.97459799e-01  4.13625896e-01  2.62266725e-01
 -3.03950429e-01  2.89349884e-01 -1.05225965e-01 -4.88278657e-01
  2.41197437e-01 -6.67811558e-02 -6.48341775e-02  4.65491861e-01
  4.32802051e-01  1.59918487e-01  7.77037919e-01  6.60133779e-01
 -3.09938699e-01  4.00959253e-01  1.44314617e-01  2.56775558e-01
  9.15910959e-01 -6.73000142e-02  5.17660499e-01 -3.36589038e-01
 -7.84148991e-01  2.95045078e-01  1.96931988e-01  3.56830567e-01
  1.17378509e+00  1.39682159e-01 -3.98816109e-01  5.46224952e-01
  8.05906475e-01 -7.51746744e-02  1.15499027e-01 -4.92774248e-01
 -5.36334105e-02 -8.12551901e-02 -2.03518867e-01 -7.50195608e-02
 -6.83854148e-02  8.23175758e-02 -1.19391821e-01  1.93659291e-01
 -2.46352330e-01  4.71951336e-01 -4.20903563e-01 -3.07816327e-01
  3.75900447e-01 -2.96159741e-03  3.02026123e-01 -5.33858947e-02
  4.79073226e-01 -3.20880771e-01 -2.08250985e-01  4.28363711e-01
 -4.07904178e-01 -4.38894421e-01 -5.32719642e-02  3.54732394e-01
 -3.68370116e-02 -5.23723802e-03  9.40156654e-02 -3.61226708e-01
 -2.11391807e-01  2.54273117e-01 -5.56930721e-01  3.65894824e-01
 -6.42438754e-02  2.67786860e-01  1.88380986e-01  4.71253060e-02
 -4.17745918e-01 -2.76442826e-01 -5.47187746e-01  1.43008962e-01
 -3.96871269e-01 -6.32258832e-01  4.64212120e-01 -1.83759145e-02
 -3.48539829e-01 -1.56650519e+00  6.56196892e-01 -1.74322262e-01
  3.85934293e-01 -1.87943995e-01  1.42567590e-01 -5.21857180e-02
  2.90188640e-02  1.42841697e-01 -4.49915349e-01 -3.34871858e-02
 -1.01067724e+01  3.11617330e-02 -7.10338235e-01 -5.03866792e-01
 -2.64388956e-02  1.03408713e-02  8.33916724e-01  5.29698193e-01
 -3.99114966e-01  1.70718711e-02 -4.22287047e-01  2.25666061e-01
  2.73504108e-01  5.72039843e-01 -4.24214043e-02 -3.59833062e-01
 -3.35964322e-01 -5.06882787e-01 -9.67234299e-02 -3.82920861e-01
 -6.20862655e-02 -6.16059639e-02  8.08233559e-01  1.75922617e-01
 -1.41766801e-01 -4.45674956e-01 -3.42614204e-01  3.71506095e-01
 -1.45561367e-01  1.72550425e-01 -1.12354136e+00  9.02729630e-01
 -3.65799874e-01 -3.82174015e-01 -4.52700913e-01  2.52111197e-01
 -1.03344508e-02  2.84253508e-01 -5.91973849e-02  6.01249099e-01
  2.94511944e-01  6.63701892e-01 -1.59801975e-01 -3.01804602e-01
  1.33111045e-01  4.78138477e-01 -1.13877743e-01  2.86380202e-01
  2.44580165e-01 -1.81336150e-01  1.40264288e-01 -3.99034947e-01
  2.80913800e-01 -1.46982849e-01 -1.33303432e-02 -1.94240063e-01
  7.76720881e-01 -7.87925303e-01  3.11534498e-02  1.07299186e-01
  2.39278749e-01 -1.93022102e-01  4.25227582e-01  2.08171546e-01
 -3.23789686e-01  4.72927004e-01  1.39993340e-01  2.36181840e-01
 -7.69515574e-01 -2.41971061e-01  3.64501327e-01  1.33696809e-01
  1.55698970e-01  1.74356505e-01 -2.46817935e-02  5.74505568e-01
 -1.88891619e-01  4.66608964e-02  7.75435716e-02  2.81894326e-01
  4.17148203e-01 -4.69411433e-01 -6.45520866e-01  1.39159366e-01
 -1.64156571e-01  4.06951696e-01 -1.34477422e-01  3.28823775e-01
  7.53167793e-02 -4.62564290e-01  3.39626253e-01 -4.55998957e-01
 -6.29896760e-01 -1.37135521e-01 -4.55033481e-02 -3.14345300e-01
  2.21978888e-01  2.28932858e-01  3.69276494e-01  4.94382977e-01]"
デ,"[-1.49877360e-02  3.42676997e-01  4.62385952e-01 -3.55439931e-01
  9.12744924e-03  6.61840677e-01  1.95152313e-01 -2.39658102e-01
 -4.44475412e-01 -1.82722777e-01  5.20953953e-01  1.73015565e-01
 -6.19603515e-01  1.40488192e-01  5.13234973e-01  1.73784599e-01
 -3.12046319e-01 -6.83026254e-01 -2.99218506e-01 -4.75415915e-01
 -6.57058716e-01 -2.37184763e-01 -4.59500521e-01  5.02030730e-01
  1.44113898e-01 -2.80888289e-01  1.21744089e-01  7.92015567e-02
  3.03506881e-01  2.71061342e-03 -4.27589327e-01  9.07872692e-02
 -2.58857071e-01 -2.33860224e-01 -9.86742318e-01  2.76292622e-01
  5.03557771e-02  8.85476172e-02  3.63290161e-01 -3.62759590e-01
 -1.94144696e-01 -1.60535678e-01 -3.70065928e-01 -3.75025362e-01
 -2.48309910e-01  6.65484667e-01  2.31304929e-01  8.19068968e-01
  1.73876658e-01  6.56130239e-02 -8.37070227e-01  6.94711268e-01
  7.48001993e-01  4.51432288e-01  2.31893644e-01 -3.31233114e-01
  1.01549160e+00 -8.30877602e-01 -8.48540142e-02  4.80992168e-01
 -6.45912766e-01 -6.73207223e-01 -2.34513983e-01  7.33444020e-02
 -3.28207731e-01  3.93639714e-01 -6.38629496e-02 -3.29200447e-01
  5.36948025e-01 -7.77534604e-01  6.07947260e-02 -9.28475633e-02
  1.75375313e-01 -3.69110972e-01  6.08185172e-01 -2.32577249e-01
  7.27094337e-02 -2.06440389e-01  3.57040465e-01  1.76093534e-01
 -3.52844298e-01  3.69598776e-01  1.40934765e-01 -8.85430992e-01
 -4.36340034e-01  1.02728680e-01 -1.01795924e+00 -8.37292492e-01
  2.76700050e-01 -4.59547937e-01 -8.17015544e-02  4.77351129e-01
  7.51922559e-03  2.00574964e-01 -1.66614670e-02  1.56650841e-01
 -7.79949054e-02 -9.51774791e-02 -2.37094939e-01  2.67146919e-02
 -2.99329907e-01  3.23303461e-01  7.52230823e-01  6.81907358e-03
 -1.51959509e-01  3.45862210e-02  3.84806663e-01  4.20006424e-01
  9.83895212e-02 -9.36878249e-02 -4.72067773e-01 -1.21283337e-01
 -1.97301030e-01  2.04707891e-01  1.41168103e-01 -1.08807378e-01
 -1.89200774e-01  9.23745930e-01 -3.85286778e-01  5.79640031e-01
  9.44772586e-02  1.89663559e-01  1.11127950e-01 -4.15148020e-01
 -6.94872439e-02  5.98345339e-01 -1.41524985e-01  9.78972465e-02
  4.10010293e-02 -1.00489445e-01 -2.99148887e-01 -4.02584106e-01
 -1.64039433e-02  3.53491664e-01 -5.26062369e-01  1.22836733e+00
 -2.24450603e-01  7.65232220e-02 -7.37055168e-02 -2.72773743e-01
 -5.85512221e-02 -3.10435388e-02 -2.32067183e-02 -5.31308353e-01
  5.19007891e-02  1.08369626e-02 -2.78000653e-01  2.77635783e-01
  2.59317636e-01  3.21356565e-01 -3.44422221e-01  1.09315264e+00
 -8.41853142e-01  5.51324904e-01  1.27895951e-01  4.63862836e-01
 -8.80865991e-01  1.04200609e-01 -1.50721734e-02  3.15124691e-01
  5.58089554e-01 -8.40441212e-02  1.16535947e-01  3.63339782e-01
  1.66669086e-01  2.09542498e-01  4.19142902e-01  2.30148852e-01
 -3.43953259e-02  7.84849465e-01  1.33691970e-02  2.24207789e-01
  4.94509608e-01  1.07841501e-02 -2.48857796e-01  5.08341253e-01
  6.13503218e-01  2.78537899e-01  3.22074026e-01 -6.03170753e-01
 -1.94411024e-01 -1.30374536e-01  1.80538252e-01 -5.81866205e-01
  5.04921734e-01  1.98611096e-01  1.72504574e-01  7.34794587e-02
 -3.14948082e-01  3.48892897e-01 -4.99384701e-01  2.63918906e-01
  6.18348690e-03 -4.10296559e-01  1.49963215e-01 -1.30287871e-01
 -8.49293265e-03  2.00639889e-01 -4.63786423e-01  6.82763278e-01
 -3.40493172e-01  8.78527239e-02  1.94703475e-01 -3.91174734e-01
 -1.16773772e+00 -4.52084661e-01  5.27911820e-02  3.29426289e-01
  1.65397093e-01  2.99610347e-01 -1.20315261e-01 -9.54563841e-02
  6.40818000e-01  4.31185991e-01  4.34644312e-01  4.49687660e-01
 -3.89652640e-01 -6.63635552e-01  3.69142175e-01 -3.56639802e-01
  1.85221091e-01 -1.53051928e-01  3.25834841e-01  3.79656851e-01
 -2.23140299e-01  2.90443122e-01  4.23120648e-01 -3.93536299e-01
 -4.35153209e-02 -3.88289660e-01 -7.45520294e-01 -5.18684626e-01
 -5.14748991e-01  2.21949980e-01 -3.80952746e-01 -1.09853677e-01
 -2.31291562e-01  3.86951637e-04 -4.90547448e-01  1.00022960e+00
 -2.24971280e-01 -2.57355779e-01  4.57550198e-01 -6.50965452e-01
  3.34434241e-01 -1.54147997e-01  1.29064307e-01  1.04634175e-02
  1.44218370e-01 -3.27906102e-01 -1.21191815e-01 -1.88820869e-01
  4.97400939e-01 -5.68177938e-01  3.57579023e-01  3.33760567e-02
  5.03294826e-01  3.23767394e-01  7.23577961e-02 -4.42055613e-01
 -5.37148833e-01 -3.14082086e-01  1.80709317e-01  3.37826103e-01
 -1.19249687e-01  1.36802375e-01  7.87792742e-01  9.08126757e-02
 -9.68447089e-01 -9.98358727e-02  3.97945136e-01 -6.88488632e-02
 -1.91075638e-01 -1.95450813e-01 -3.61865133e-01  4.52473253e-01
 -2.16865480e-01  5.84798157e-01 -3.60250443e-01 -5.03872074e-02
 -2.20927447e-01  3.94757837e-01 -5.06689310e-01 -4.44104254e-01
 -1.03911189e-02  1.22190647e-01 -3.43316853e-01 -2.39304185e-01
 -3.06493908e-01  2.46764466e-01  5.20037174e-01 -3.27943593e-01
 -4.48000073e-01 -1.89489629e-02 -1.98753536e-01  4.15975004e-01
  4.74278569e-01 -8.81566405e-02 -4.75145429e-02 -4.40452695e-02
  3.88654619e-01  3.90878350e-01  3.05703372e-01  2.08271489e-01
 -7.29542524e-02 -4.24165912e-02 -3.37746114e-01  2.02222452e-01
  4.40787494e-01 -8.23017418e-01  2.01147005e-01  5.65197051e-01
 -3.58821720e-01  3.10736060e-01  3.73821020e-01  3.19383413e-01
 -1.19312084e+00 -2.70473599e-01  2.21694633e-01  6.07537687e-01
  1.59315214e-01  1.97825730e-01  2.06210449e-01  1.40373915e-01
 -3.72074455e-01 -3.58550459e-01  8.64836395e-01  6.59020916e-02
 -3.00774634e-01 -3.78575444e-01 -8.26502815e-02 -2.21906200e-01
  5.21559179e-01 -9.53441024e-01 -8.34104866e-02  2.43336752e-01
  3.52466464e-01  1.64711758e-01  2.91074067e-01 -5.91429949e-01
  4.10671532e-02  2.42724970e-01 -3.03516030e-01  2.83832669e-01
 -2.50126988e-01 -4.80695702e-02 -8.96350816e-02  9.95076239e-01
  7.88789988e-01  1.01048660e+00 -8.87877122e-02 -2.50724047e-01
  9.71530899e-02  1.00876927e-01  3.55806231e-01 -3.25462893e-02
 -1.55891851e-01 -1.97037578e-01 -1.46084160e-01  1.63641185e-01
  2.91992068e-01  1.07703499e-01  2.09864661e-01 -4.48947608e-01
 -4.49198097e-01 -4.20045182e-02  7.01367736e-01 -5.90717375e-01
  2.94511586e-01 -7.77525678e-02  5.45710921e-01  6.72812015e-02
  5.33918366e-02 -3.77175301e-01  2.75950998e-01 -3.55020553e-01
 -2.19484895e-01 -3.35838020e-01 -9.72010791e-01 -1.82009667e-01
 -4.47301775e-01 -4.58835959e-01 -1.63828328e-01 -6.42052591e-01
 -3.28273978e-03 -5.60767174e-01 -3.63044888e-01  1.99030831e-01
  1.35779172e-01 -4.15821135e-01  6.01479769e-01  2.47967258e-01
  3.41713339e-01 -2.87894487e-01 -4.70192701e-01  3.25168669e-01
 -4.50633109e-01  4.84762073e-01 -1.11695953e-01  5.24183452e-01
  8.82745348e-03 -3.10525537e-01 -3.20842892e-01  9.50142369e-03
 -6.18446887e-01 -3.49960715e-01 -5.17509699e-01 -1.83921054e-01
  3.05069298e-01  2.85102069e-01 -1.12538032e-01  2.02594191e-01
  3.95901531e-01  2.89932191e-01 -6.76772773e-01 -3.43161374e-01
 -1.79709047e-01  2.42304206e-01  9.90549251e-02  2.07530871e-01
  1.96210012e-01 -1.18895479e-01  3.68983597e-01  1.04722194e-01
  1.34063333e-01  7.54093081e-02  2.75487658e-02 -6.82211816e-01
  1.06373489e+00 -1.13457024e-01  5.46746433e-01  4.48219359e-01
  1.87659398e-01  8.42574894e-01  6.73052967e-02 -7.74226069e-01
  7.69765535e-03 -4.92338538e-01 -4.85440828e-02  8.95608962e-01
  7.59215415e-01  2.95915306e-01 -2.41996780e-01  2.60449380e-01
  1.32005125e-01 -1.90248281e-01  1.87273398e-01 -1.92529440e-01
 -1.18672207e-01  1.85272560e-01  3.22850466e-01  9.21173930e-01
  1.60836846e-01  5.07076263e-01  2.40917593e-01  4.91665214e-01
 -5.34197211e-01  3.18972319e-01  1.62602663e-01 -6.64033517e-02
 -1.97353065e-01  2.52742437e-03 -4.57628012e-01 -3.11189383e-01
 -2.61037946e-01 -1.84255689e-01  3.33894074e-01  4.53692913e-01
  1.97513208e-01 -3.83004807e-02 -6.28181040e-01 -7.76972055e-01
 -5.89324296e-01 -7.02567324e-02 -3.87048215e-01 -1.46997124e-01
  7.50766098e-02  3.15779626e-01 -5.91672361e-01  6.54611528e-01
  6.24871731e-01 -3.21180254e-01  5.51707344e-03 -5.52901626e-01
 -4.87339258e-01  4.28387225e-01 -1.38392612e-01 -9.17968303e-02
  7.36980617e-01  6.55587435e-01 -6.67770326e-01 -1.59367234e-01
 -2.63224095e-01  2.00411767e-01  4.20058876e-01 -5.92461765e-01
  3.29692692e-01  1.29378855e-01 -3.89723033e-01 -4.17405367e-01
  2.23844405e-03 -3.31947953e-01 -8.14045966e-03 -2.40236223e-02
  8.73785242e-02  3.23205322e-01 -2.81413347e-01  6.52814984e-01
  7.90490448e-01 -6.64852679e-01 -2.07126494e-02  3.47392350e-01
 -5.87996304e-01 -1.97136208e-01 -6.07264750e-02  1.86524406e-01
  4.12281826e-02 -1.16971344e-01  3.45756948e-01 -3.12663466e-02
 -1.74805634e-02  4.35160361e-02 -5.18575609e-01 -6.76908433e-01
 -5.48817776e-02 -6.10305905e-01  4.72474992e-01 -1.17384493e-01
  7.72079766e-01 -2.55768269e-01 -1.77578062e-01 -2.56141275e-02
  2.04524189e-01 -1.94121823e-01  3.37216556e-01 -1.84743091e-01
 -9.04785872e-01 -7.94723108e-02 -3.17060441e-01 -7.09120333e-01
  4.12463009e-01  5.82338162e-02 -7.88752437e-01 -9.86501500e-02
  3.55104715e-01  1.02367913e-02 -2.42303267e-01  1.16921954e-01
  6.26540110e-02 -1.76444426e-02  3.21318090e-01 -1.93999931e-01
 -6.03659935e-02  4.58516866e-01 -2.00752899e-01  2.28992682e-02
  5.52737117e-01  3.45218629e-01  3.43266726e-01  4.16000664e-01
 -3.07933778e-01  2.66177982e-01 -2.07949236e-01 -7.49089196e-02
  7.55152225e-01  4.78358299e-01 -5.92917264e-01  3.44976068e-01
  2.37134680e-01 -3.29373121e-01  2.24499866e-01  1.05209339e+00
  1.48405656e-01  3.09777915e-01 -4.37082648e-02  6.11180924e-02
 -9.51340795e-01  2.12321028e-01  1.88141674e-01  2.27738053e-01
  2.91805059e-01  8.34023803e-02 -1.44034566e-03 -5.51130399e-02
  7.69400477e-01  7.27185905e-02 -2.71416634e-01  1.87926978e-01
 -1.04880370e-01 -6.26368165e-01  6.89826190e-01  5.39030015e-01
 -2.15596870e-01 -7.64025599e-02 -1.89056203e-01  6.99614525e-01
  8.93805921e-01 -6.65719360e-02  3.32869172e-01 -3.93981338e-01
 -5.76568246e-01  1.79032668e-01  4.07175094e-01 -1.75211623e-01
  5.22846162e-01 -3.74539047e-01 -1.48373932e-01  5.14377832e-01
  5.46100616e-01 -2.49149412e-01  1.92249194e-02 -3.51906866e-01
  8.30893070e-02 -1.92762032e-01 -1.12848267e-01  1.68092012e-01
 -4.39570434e-02  1.63851053e-01 -3.04508924e-01 -4.96126592e-01
  3.02265137e-01  7.28852451e-01  3.23639303e-01 -1.44060984e-01
  1.74535230e-01  1.83452129e-01  6.95781857e-02 -5.63662685e-02
  4.74270999e-01  2.30976656e-01 -6.51225597e-02  3.51684034e-01
 -2.14552745e-01 -1.54998675e-01  9.40711424e-02  2.01582074e-01
  1.90513194e-01 -4.76366848e-01  3.83218341e-02 -1.18501693e-01
 -3.67061406e-01 -3.78571808e-01 -4.89677072e-01  2.42419109e-01
 -3.90194058e-01  4.42771614e-02  2.21447214e-01  3.89717072e-02
 -4.44989592e-01 -3.63402635e-01 -1.02324476e-02  6.41425371e-01
 -6.99776828e-01 -5.21829009e-01  2.03561634e-01 -4.88378763e-01
 -3.10356319e-01 -1.04722226e+00  3.84361565e-01 -2.03250498e-01
  6.17899597e-01 -9.59323868e-02 -1.67732254e-01 -3.22567493e-01
 -2.64734980e-02 -3.38393539e-01 -3.43178749e-01 -4.92152810e-01
 -1.01527243e+01  1.63439438e-02 -1.78873196e-01 -8.03262651e-01
 -2.79256970e-01 -1.57053515e-01  6.18054390e-01  9.07191455e-01
 -6.38027668e-01  1.38350338e-01 -3.00993860e-01  1.73756793e-01
  9.91098955e-02  3.24706405e-01 -4.89207171e-02 -2.37849057e-01
 -8.22074413e-02 -2.22452298e-01 -7.10787475e-02  1.83995634e-01
  5.04444875e-02 -4.57108051e-01  6.18177235e-01  4.97568816e-01
  1.39977783e-01 -1.67480156e-01 -2.22203538e-01 -1.65806964e-01
  8.06193799e-02  1.15056679e-01 -1.48706388e+00  8.95490706e-01
 -2.65712112e-01  2.55249202e-01 -3.39463413e-01  5.58177114e-01
  1.81930602e-01  3.99233818e-01 -6.82187200e-01  1.42395586e-01
  3.86561096e-01 -1.91157386e-01 -1.59021094e-01 -5.20633698e-01
 -5.59801087e-02 -1.09455332e-01  1.11139126e-01  1.53666005e-01
  3.79155815e-01 -4.71249819e-01 -2.77210444e-01 -9.65962112e-02
  2.98793793e-01 -5.49257696e-01  2.56033182e-01 -4.03150141e-01
  1.69905290e-01 -8.14483762e-01  3.43398228e-02  3.09020460e-01
  5.86670876e-01  5.48967600e-01  4.04146761e-01  5.53962052e-01
  2.35429689e-01  4.93588954e-01  1.80950820e-01  1.36343062e-01
 -1.29961714e-01  2.71122843e-01 -1.05848126e-01  3.55192423e-01
  2.41930094e-02  3.83460194e-01 -1.13880873e-01  1.87893480e-01
  1.89029083e-01  6.69361055e-02  3.73395056e-01  1.04414858e-01
  3.31714302e-01 -1.00211799e+00 -1.06408251e-02 -5.88439638e-03
 -4.46110815e-01  2.84768134e-01  6.07134812e-02 -2.74396569e-01
  3.87766570e-01 -8.14115763e-01  2.50965834e-01 -5.69013692e-02
 -5.01915924e-02  2.11786866e-01  4.40259606e-01 -1.03054099e-01
 -4.43920679e-02  2.43249252e-01 -1.27666490e-02 -3.45587999e-01]"
、,"[ 6.19564891e-01  3.48990470e-01  1.05678833e+00 -4.76518273e-01
 -5.89197993e-01 -1.80985272e-01  5.99807594e-03  3.48114818e-01
 -8.36570024e-01 -6.61913931e-01 -2.24984929e-01 -7.09401548e-01
 -5.04682176e-02 -4.27168548e-01  7.36394823e-01  4.46071267e-01
 -5.13972580e-01  4.70191985e-01  1.28610849e-01 -3.88933688e-01
 -8.02529752e-01 -7.19212174e-01 -5.51232576e-01  1.94179580e-01
 -4.24044102e-01 -9.22909081e-01 -5.77747524e-01 -2.25871503e-01
  6.16062246e-03  1.90361649e-01  2.63263822e-01 -4.59424913e-01
 -3.37029576e-01  3.26155871e-01 -7.29415655e-01  6.90664709e-01
  1.09855078e-01  2.04123273e-01  4.16223079e-01 -5.47825217e-01
 -3.63002121e-01  5.25299966e-01 -6.01237535e-01 -5.33705831e-01
 -1.17106579e-01  4.18937579e-02 -1.70351088e-01 -3.14008780e-02
 -1.48378670e-01 -3.94418240e-01 -7.10678399e-01  7.77076364e-01
  3.95307064e-01  1.97193235e-01  4.25059050e-01  3.48844767e-01
  1.00915372e+00  2.31695063e-02  2.51429193e-02 -2.77285814e-01
 -7.28493154e-01  1.35660499e-01  3.72835487e-01  1.99648649e-01
 -5.92863142e-01  3.53270203e-01 -1.97767407e-01  5.27011633e-01
  4.37785447e-01 -1.56749219e-01  5.72068393e-01  3.82230729e-01
  2.29865074e-01 -3.82067144e-01  2.72301346e-01 -1.02660549e+00
  4.22236949e-01 -3.06795806e-01  2.78303176e-01  1.54867232e-01
 -2.39579827e-01 -1.77194715e-01  1.18241027e-01 -3.52237910e-01
 -6.73986316e-01 -3.20739567e-01 -1.28038943e+00 -1.31478816e-01
  1.09240055e-01  1.84782878e-01  7.71256909e-02 -4.37089592e-01
  3.70442659e-01 -3.06403965e-01  1.08329844e+00  4.15291339e-01
  3.11756343e-01 -1.49722591e-01  3.45589489e-01  2.24148557e-01
 -1.34176648e+00  5.55211902e-01 -2.22490579e-02 -8.50768030e-01
 -5.02077460e-01 -1.63305908e-01 -2.70293057e-01  9.13572550e-01
  5.68603694e-01  4.23302144e-01  3.08378842e-02 -2.61343122e-01
 -8.98737192e-01  1.84125751e-01 -7.97238424e-02  4.29514229e-01
 -5.93999922e-01 -1.56880766e-01  3.80602181e-02  1.47981182e-01
  2.25672424e-01  5.83205521e-01 -4.94649231e-01 -1.37248248e-01
  2.71740586e-01  1.91771790e-01  1.43268898e-01  3.52248698e-01
  2.58248210e-01 -6.03671372e-01  3.54725391e-01 -6.76566124e-01
 -4.38275337e-01  4.48752232e-02 -6.32838964e-01  9.65863824e-01
  2.95597851e-01 -4.53616470e-01  4.55907583e-02  1.16707087e-01
 -4.53558147e-01 -1.90691963e-01  8.19033861e-01 -4.69342530e-01
 -1.26384541e-01  4.84015971e-01 -3.18053514e-01 -3.54662597e-01
  4.17958498e-01  3.84567499e-01 -1.17151245e-01  1.18549073e+00
 -5.98949552e-01  4.14049864e-01  3.31434339e-01  4.17121530e-01
  1.97724313e-01  2.48643070e-01  3.47716659e-01  2.76961979e-02
  4.11643386e-01  6.32825419e-02  1.18790403e-01  1.04815269e+00
  6.59482360e-01 -1.55564593e-02  6.94226623e-01 -1.47756666e-01
  1.06589071e-01  9.08275247e-01  5.21017790e-01  6.92718804e-01
  2.86959380e-01 -8.05722103e-02 -1.43041581e-01  5.36922634e-01
  1.05046320e+00  4.52052206e-01 -3.81556600e-01 -1.08431470e+00
  4.24223900e-01  4.42889363e-01  7.72779524e-01 -1.12714835e-01
  5.96364141e-01 -5.33625722e-01 -4.14586544e-01 -9.30271968e-02
  4.22243088e-01  1.92764640e-01 -4.03500378e-01 -4.11044836e-01
  1.08263455e-01 -2.98586348e-03  5.24127074e-02  1.66703388e-01
  1.68479487e-01  3.49166006e-01 -1.20710939e-01  3.30856562e-01
  5.55051029e-01 -1.82412248e-02 -1.45895436e-01 -9.32063878e-01
 -1.46862078e+00 -5.85870445e-01 -5.39659746e-02  1.87197924e-01
  1.99310929e-01  6.86297357e-01 -7.20427871e-01 -1.59490690e-01
  1.60043836e-01 -4.50078696e-01  8.95096779e-01  4.83115405e-01
 -3.66250455e-01 -1.39857665e-01 -7.72723109e-02 -4.02719527e-02
  1.94887012e-01 -6.46153808e-01  3.49651247e-01  1.92998335e-01
 -2.92580247e-01  8.70890141e-01  5.92843413e-01 -9.52753246e-01
 -5.80048859e-01  2.99438626e-01 -7.09566295e-01 -3.87702137e-01
 -1.41489968e-01 -1.18763022e-01 -2.26882517e-01 -9.62506711e-01
 -6.21627271e-01  1.76975623e-01 -3.72060448e-01  6.18373096e-01
 -2.94424206e-01 -2.43675172e-01  3.91376376e-01  3.01522762e-01
  3.71793747e-01  2.27553472e-01 -1.13737024e-01 -4.07382041e-01
 -9.31951523e-01 -1.59475222e-01 -6.82427824e-01 -4.46774662e-01
 -2.98469603e-01  5.49641788e-01  4.08855259e-01 -3.41720372e-01
  3.42265159e-01 -8.26678753e-01 -2.16926455e-01 -9.44948673e-01
  3.00152451e-01 -2.17595428e-01  4.51044381e-01  2.43331358e-01
 -5.62678635e-01  1.60341650e-01  3.20326388e-01 -2.13534370e-01
 -4.06488061e-01 -1.03091255e-01  1.62412778e-01  1.53968409e-01
  3.97691995e-01 -4.14722145e-01 -4.98390198e-02  1.03123114e-01
  6.80415213e-01  1.05989110e+00 -1.46921188e-01 -6.75565481e-01
 -4.15622860e-01  7.21889496e-01 -8.20095241e-01 -5.11177719e-01
  8.52808803e-02  1.03799796e+00 -4.34150070e-01 -9.35805589e-03
 -9.31151360e-02 -2.13160783e-01  1.91886798e-01 -6.06915236e-01
  5.88084161e-02  1.08633958e-01 -1.04977202e+00 -5.27109094e-02
  4.00129139e-01  2.34819949e-01  3.81599426e-01 -1.05606109e-01
  2.87341863e-01 -2.64762312e-01  5.89905195e-02  1.70946449e-01
 -1.00497715e-01 -5.17471313e-01 -1.42846733e-01  6.44447267e-01
  2.66576797e-01 -8.47026348e-01 -1.11494452e-01  6.19632423e-01
 -1.26149130e+00 -3.06786031e-01  4.95160431e-01  4.62523967e-01
 -8.06296706e-01  3.06060970e-01  7.66430736e-01  5.97837329e-01
 -3.23574483e-01 -4.80345666e-01  4.36190069e-01  6.80817723e-01
 -3.46220940e-01 -7.66511083e-01  4.46574271e-01  1.41370684e-01
 -1.02980293e-01 -5.40488064e-01 -4.22592521e-01  2.65439659e-01
 -9.56962928e-02 -2.44895786e-01 -4.19214696e-01 -1.64666414e-01
 -3.06633502e-01 -1.86299354e-01  2.45105460e-01 -3.18525545e-02
 -4.67939153e-02  6.95682168e-01 -4.29805338e-01  2.94353485e-01
 -7.33016968e-01 -4.37277049e-01  2.66561896e-01  1.27512980e+00
  4.79947448e-01  6.53741300e-01 -7.52601027e-01 -1.44520000e-01
  5.73795199e-01 -2.82812655e-01  7.84134388e-01 -7.08252609e-01
  3.59551996e-01 -2.24990100e-01  4.48699862e-01  1.16294272e-01
 -3.12129945e-01  2.35679686e-01 -7.60837853e-01 -6.73935056e-01
  2.67290294e-01 -1.21579804e-02  5.65718532e-01  1.67689368e-01
  5.01080379e-02  1.14676392e+00  9.60680321e-02  2.76987255e-01
 -2.71636963e-01 -1.22291183e+00 -2.89872140e-01 -8.18493664e-01
 -6.62508532e-02 -1.92694157e-01 -1.40860051e-01  6.37988448e-01
 -5.30418992e-01  1.86866343e-01 -1.20204642e-01 -4.11263764e-01
  2.44287238e-01 -3.00013542e-01 -6.34748220e-01  7.67916441e-02
 -5.25389146e-03 -5.00541568e-01  9.10909593e-01 -7.81153853e-04
  5.73917747e-01 -3.62056822e-01 -6.39089048e-01  5.51906526e-01
 -2.96102375e-01  4.11931053e-03 -1.62997516e-03  1.26707420e-01
 -2.28781044e-01 -2.66635448e-01 -1.43769935e-01  7.04218075e-02
 -1.01175630e+00  5.35757422e-01 -4.32021618e-01  6.75554797e-02
 -8.48605037e-02 -2.45917618e-01 -7.83925593e-01 -2.14090332e-01
  6.49926662e-02 -1.52617112e-01  1.47238150e-01  3.65546376e-01
  1.92785159e-01 -4.59866107e-01  4.44740862e-01  5.81870079e-01
  7.73893416e-01 -2.91641772e-01  6.76422954e-01 -2.63343096e-01
  1.17030136e-01  3.80716622e-01 -6.36992872e-01 -5.00421047e-01
  4.08815056e-01  2.97089845e-01 -4.51088995e-01 -2.04766601e-01
 -3.11228544e-01  1.16950512e+00 -2.77644664e-01 -4.54189658e-01
  9.02678370e-01 -3.50255519e-01  3.74343127e-01  1.03486288e+00
  7.54888535e-01 -3.30618560e-01  8.13705385e-01  2.18930379e-01
  4.16463256e-01  4.81533222e-02 -4.06268418e-01 -2.30281323e-01
  8.68297458e-01 -6.90934286e-02  6.66430816e-02  7.24653006e-01
  2.38760859e-01  2.06386119e-01  3.04114431e-01 -5.26445173e-02
  9.19842198e-02  3.20594013e-01 -1.03994980e-01 -3.44978005e-01
 -9.09045413e-02 -1.85921431e-01 -3.08676630e-01 -1.10416561e-01
 -4.00955886e-01  3.75517428e-01  1.05863655e+00 -6.94070578e-01
  3.78207475e-01 -9.08133805e-01 -5.52755296e-01 -1.38808548e-01
 -1.92001596e-01  8.75670761e-02 -8.22129548e-01 -3.54723066e-01
  4.55889665e-02  1.00279652e-01 -4.14493322e-01  1.08850069e-01
  3.55072469e-01 -2.15982288e-01 -3.15951049e-01 -8.13616157e-01
  1.16831638e-01  7.96491444e-01 -5.83824217e-01 -3.93423349e-01
  6.02574646e-02  1.43868119e-01  7.51962185e-01 -8.37876320e-01
 -4.99396086e-01 -3.88970673e-01 -1.63934782e-01 -7.29858518e-01
 -7.74035156e-02  1.87464610e-01 -6.80498838e-01  2.74432480e-01
  2.74815336e-02 -2.77334094e-01 -6.96903944e-01 -2.62158155e-01
 -1.01872317e-01 -5.72798729e-01  2.52303690e-01  1.73197880e-01
 -2.32819691e-01  1.08727254e-01 -1.14598490e-01  3.01972538e-01
  7.32996821e-01 -3.82890403e-01  8.87310505e-01  1.18421558e-02
  3.52819413e-01 -8.10456395e-01  5.46011448e-01 -7.75444210e-01
  2.38731921e-01 -7.29404271e-01 -6.84348583e-01 -7.15870261e-01
 -5.92095733e-01 -4.44831431e-01  6.94105983e-01  1.41565049e+00
  5.82514405e-01 -6.70187950e-01  2.14604646e-01 -1.19992949e-01
 -4.59861130e-01 -5.14126062e-01  7.87957609e-02  2.87131276e-02
 -1.56250954e+00 -1.51050702e-01  1.10962011e-01 -5.99425375e-01
  1.38390613e+00 -1.81464463e-01 -5.51844716e-01 -2.03921989e-01
  4.20286179e-01  3.99480015e-01 -4.89688039e-01  5.79875633e-02
  6.39865458e-01  2.55382061e-01  8.10141325e-01 -2.74228573e-01
  9.06463787e-02  1.43677816e-01  1.23314664e-01  9.46904346e-02
  4.15143430e-01  4.98303205e-01  8.01388994e-02  8.77618074e-01
 -6.99887455e-01 -6.97887897e-01 -6.23159766e-01  3.57088059e-01
  1.52939767e-01  6.89155638e-01  2.19663188e-01  7.95781195e-01
  6.50093913e-01 -1.51333585e-01  5.73428571e-02  8.89968514e-01
 -5.97225539e-02  1.22493303e+00 -5.51827133e-01  1.37401536e-01
 -7.72205174e-01 -2.06141174e-02  9.32204127e-01  7.35337436e-01
 -8.95386338e-02 -1.53636605e-01 -3.05787884e-02 -5.36286592e-01
  6.01685405e-01  3.55800867e-01 -1.03232712e-01  3.82544249e-01
  2.98963398e-01 -4.40684706e-01  1.03710151e+00 -3.41293402e-02
  2.65880525e-01 -6.53926969e-01 -6.79441914e-02  7.28975594e-01
  4.15084481e-01  9.39821303e-02  7.79341817e-01 -2.90805787e-01
 -6.84835374e-01 -1.62706956e-01  4.63800877e-01 -5.89522481e-01
  6.39394343e-01 -2.95108021e-03 -5.35931289e-01  7.10071802e-01
  6.55490518e-01  3.54701787e-01  3.58774036e-01 -5.89766741e-01
  1.17845006e-01 -1.08676121e-01 -1.62910074e-01  3.95880550e-01
  2.95421898e-01  4.05331105e-01  4.14086431e-02 -8.01070631e-01
  4.48301136e-01  1.35899627e+00 -5.21174166e-03 -9.20743793e-02
  3.09572011e-01  4.76359650e-02 -3.68001699e-01  1.13999829e-01
  3.10434073e-01 -2.43526921e-01  2.28980020e-01 -2.65523016e-01
 -3.08441073e-01 -1.91721022e-01 -1.11167714e-01  8.36298406e-01
  1.01698734e-01 -1.07925378e-01 -1.25733867e-01 -4.97482158e-02
 -7.83489943e-01 -9.43723172e-02 -1.25350189e+00 -8.20444703e-01
 -2.28514839e-02  7.94210806e-02  1.26814499e-01 -8.76045674e-02
 -1.05067170e+00 -3.63582850e-01 -3.43650937e-01 -7.80060351e-01
 -2.88844973e-01  2.45602176e-01  4.45047945e-01 -2.33513191e-02
 -6.45122170e-01 -3.19861680e-01  4.66754586e-01  4.40857112e-01
  2.82281876e-01  2.90625960e-01 -4.73927796e-01 -2.05121815e-01
 -6.80044219e-02  5.64762473e-01 -6.96877837e-02 -4.17860806e-01
 -9.23985100e+00  4.85890538e-01 -6.96021855e-01 -3.61793712e-02
 -2.90854603e-01  1.09774433e-01  7.45853484e-01  9.02153552e-01
 -8.39797497e-01  8.33707035e-01 -4.17751402e-01  3.90330076e-01
  6.95094764e-01  6.22927845e-01 -6.64734542e-01  4.40518484e-02
  3.32636237e-01 -1.16694659e-01  6.17951155e-01 -1.33797184e-01
 -4.72347558e-01 -8.30896676e-01  3.33613247e-01 -3.58044833e-01
 -5.38796723e-01  3.51196766e-01  7.18298554e-01  2.11320475e-01
 -3.41110140e-01  7.43181169e-01 -7.08786130e-01  2.28396952e-01
 -4.62522358e-02 -4.46464896e-01 -3.44868720e-01  6.35457754e-01
  4.75096405e-01  5.00575125e-01 -6.28811955e-01 -9.84638035e-02
 -2.70890117e-01  7.00600922e-01  8.04221705e-02  8.24451894e-02
 -1.22166611e-01 -9.91153196e-02 -1.91530034e-01 -4.20115441e-02
  9.88452911e-01 -2.90996104e-01 -7.04822019e-02 -7.77584851e-01
  4.59912896e-01 -9.61031556e-01 -3.41256499e-01  5.53800277e-02
 -5.96617341e-01 -8.16795051e-01 -3.44860584e-01  1.78946048e-01
  4.90690202e-01  3.57918739e-01  6.26448035e-01  1.93165451e-01
  1.91162061e-02  1.54929057e-01  4.83032584e-01  4.93613690e-01
 -3.64377618e-01 -4.92198080e-01 -7.11397529e-02  2.91632563e-02
 -4.73363608e-01 -1.61238447e-01 -1.43021703e-01  1.17001042e-03
 -6.81431472e-01 -2.01734558e-01  7.15143025e-01 -2.83666495e-02
  1.09446359e+00 -1.71665415e-01  2.87442692e-02 -3.10643524e-01
  1.18271388e-01  3.75444852e-02  8.50067377e-01  6.01617038e-01
 -7.22594792e-03 -7.78655231e-01  4.37221348e-01  5.96830487e-01
  6.06789231e-01  6.27070546e-01  1.22048862e-01  3.47596146e-02
  8.28653276e-01 -1.22065932e-01  8.15058947e-01  1.96478128e-01]"
カ,"[ 3.58623505e-01 -2.46663745e-02  7.75448501e-01 -8.84407759e-01
  2.05631573e-02  3.39202523e-01 -1.35529384e-01 -5.29141799e-02
 -4.17153358e-01  3.07938814e-01  7.79973149e-01 -1.58491731e-01
  2.73954391e-01 -6.79569840e-01  6.54694617e-01 -5.09500563e-01
  2.79152691e-01 -1.55786097e-01  7.91591853e-02 -4.01464760e-01
 -8.99065256e-01 -9.26213205e-01 -1.83110192e-01  1.54470608e-01
 -9.02618244e-02  1.37811098e-02  1.21721886e-02  2.65641689e-01
 -1.97515488e-01  1.73800450e-03 -1.44873202e-01 -5.53951979e-01
 -1.02262542e-01  5.79993427e-02 -1.09505653e+00 -1.95033997e-01
  1.50330216e-01 -1.41734228e-01 -9.51748267e-02 -5.36378443e-01
  3.32558602e-01  3.11147776e-02 -6.13094509e-01 -1.33484438e-01
 -1.43150702e-01  5.45336604e-01 -2.29549840e-01  3.67545485e-01
 -1.44952787e-02 -7.86912739e-02 -4.05287087e-01  1.60253420e-01
  1.48657605e-01  1.46855205e-01  1.35043159e-01 -3.60164315e-01
  1.21215262e-01 -8.88408124e-01 -3.86912338e-02  8.90291296e-03
 -4.12297577e-01  1.84104204e-01  2.63562113e-01  3.95972162e-01
 -2.63143957e-01  4.52321544e-02  9.61821601e-02 -4.72497046e-02
  7.39715621e-02 -6.48744583e-01 -3.36413719e-02  1.64206326e-01
  1.29086927e-01 -4.54291046e-01  7.61634171e-01 -2.88086832e-01
  1.88634962e-01 -1.51704654e-01  3.14154088e-01 -4.34453413e-02
 -4.34984684e-01  1.72228113e-01 -1.45956039e-01 -3.82179230e-01
 -2.66938031e-01  1.74713507e-01 -4.73184168e-01 -8.13936889e-01
  8.41606438e-01 -1.63370445e-01  3.98811787e-01  3.35717320e-01
  1.42418474e-01  2.34820977e-01 -3.75823498e-01  1.53101116e-01
  1.80200025e-01 -5.68276718e-02 -3.80255103e-01  6.07531250e-01
 -1.82700142e-01  5.76381758e-02 -3.03319804e-02 -2.17319041e-01
  3.21460456e-01 -3.65903884e-01 -3.78341734e-01  1.67370379e-01
  3.26045692e-01 -1.77744448e-01 -4.28996652e-01 -3.37885380e-01
 -5.36792994e-01  3.36251765e-01  3.13205421e-01 -3.23720835e-02
 -2.09487334e-01  2.36570567e-01  3.92595269e-02  4.16601747e-01
  2.06613198e-01  5.64181983e-01 -1.32583544e-01  9.94166546e-03
 -9.32277665e-02  4.95230347e-01  9.01037604e-02 -6.32624030e-01
  1.58358559e-01 -2.86766887e-01 -1.73558444e-02  1.07340008e-01
 -4.51720394e-02 -1.58379287e-01 -3.47066075e-01  1.00911450e+00
 -1.72081903e-01  4.28343192e-02 -1.08846836e-01 -5.53245187e-01
 -3.17088962e-02  1.57655567e-01  2.14766219e-01 -2.54550487e-01
  1.04970887e-01  2.99687594e-01  1.89547196e-01 -7.63222635e-01
  1.11502409e-02  1.36825204e-01 -1.47052079e-01  1.06679690e+00
 -7.71152258e-01  2.61684030e-01 -2.60864586e-01 -4.06512246e-02
 -5.02321661e-01  8.80809948e-02  5.01655638e-01  4.69206512e-01
  1.57339752e-01 -5.43632388e-01  5.91759145e-01  5.71602881e-01
  4.12188023e-01  3.37212831e-01  8.57105330e-02 -2.18367904e-01
 -1.45391166e-01  2.89241046e-01 -2.56868720e-01  1.15889378e-01
  1.48382783e-01 -4.54930305e-01  1.39046222e-01  4.08452988e-01
  2.68079937e-01 -1.32260621e-01  4.45829958e-01 -9.17394400e-01
  1.21634929e-02 -1.29310846e-01 -2.40721285e-01 -6.55108631e-01
  5.75766742e-01 -1.57064945e-01 -2.02726319e-01 -2.56978065e-01
  3.70329581e-02 -5.15710235e-01  9.59524959e-02  4.32647280e-02
  6.84190571e-01 -1.56286225e-01 -1.19201258e-01 -4.01351511e-01
  1.61897153e-01 -1.43419474e-01  4.97052148e-02  5.62051535e-01
  1.37465179e-01  1.46439686e-01  6.39640493e-03 -1.10575020e+00
 -5.28054357e-01  1.39588684e-01  7.02512980e-01  6.46990657e-01
  3.36560547e-01  3.55961710e-01 -3.14682722e-01 -2.04505265e-01
  2.06223518e-01  3.48682970e-01  5.52944124e-01 -1.65666640e-02
 -7.39449561e-01 -3.70001137e-01  3.48041385e-01 -1.95296228e-01
  3.64514917e-01 -3.96472722e-01  1.47909656e-01 -1.23007759e-01
 -1.66088358e-01  3.02128971e-01  2.42732868e-01 -4.32539165e-01
 -1.25467569e-01  7.21932948e-01 -5.37491798e-01 -3.94340783e-01
 -6.42009258e-01  1.48062214e-01 -3.87935340e-01  1.26514211e-01
 -3.87917072e-01  2.45502919e-01 -5.14781237e-01  1.67034715e-01
  2.13678837e-01 -9.73865539e-02  1.90267146e-01 -3.02353382e-01
 -1.98651329e-01  2.05969542e-01 -4.91631292e-02  1.52407825e-01
 -3.03271323e-01 -6.56548962e-02 -5.80709100e-01 -4.50180680e-01
  1.67043418e-01 -3.80928963e-01  6.60770416e-01  1.63124174e-01
  1.35975048e-01 -7.01999813e-02  3.47878784e-01 -6.32830441e-01
 -1.44762829e-01 -4.55075115e-01  2.43626311e-01 -1.20690782e-02
  3.93141806e-01  2.13240936e-01  8.69434029e-02 -4.91389245e-01
 -4.09337163e-01 -4.92964417e-01  2.15222612e-01 -2.12857053e-01
 -2.55736828e-01 -1.29893035e-01 -2.42748056e-02  4.75189276e-02
 -2.41011977e-01  3.78963977e-01 -6.74059987e-01  3.41774493e-01
 -1.21557496e-01  5.53519130e-01 -4.47248578e-01 -1.68598294e-01
  3.95195127e-01 -4.91952971e-02 -4.26788419e-01 -4.14090097e-01
 -2.03364879e-01  2.09795654e-01  3.88204962e-01 -6.76829159e-01
 -2.19864860e-01  3.54496539e-01 -4.50361013e-01 -2.10239254e-02
  5.21236181e-01  2.84831040e-02  8.04966912e-02  2.86666632e-01
 -8.99264291e-02  1.58280760e-01  5.97535729e-01 -5.80159724e-01
 -2.41445109e-01 -5.60136199e-01 -2.93470304e-02 -3.48329276e-01
  5.56526780e-01  2.30383947e-02  1.48194492e-01  7.26094961e-01
 -4.63306069e-01 -9.25065577e-02  9.19669688e-01  5.36000967e-01
 -1.65137398e+00  2.89298415e-01  6.97310388e-01 -1.96222365e-01
 -2.48253286e-01  5.48110120e-02  1.19285556e-02 -1.02505405e-02
 -2.15799615e-01 -7.55335927e-01  8.92776191e-01  2.45091185e-01
 -2.06558183e-01 -2.45091453e-01  4.92400676e-01  7.27382153e-02
  5.52626327e-02 -4.77321327e-01 -2.58106768e-01  3.70079964e-01
  2.18699321e-01 -1.69243783e-01 -2.95927197e-01 -1.56339571e-01
 -5.49375415e-01  1.43275663e-01 -2.39141226e-01  2.10572466e-01
 -4.81670737e-01  3.63241844e-02  3.82827461e-01  1.13138402e+00
  3.20399702e-01  5.80115676e-01 -3.88420105e-01 -7.16237649e-02
  8.46663177e-01  4.57819790e-01  4.99442339e-01  3.78467560e-01
 -2.81308055e-01 -2.93053031e-01  6.19681478e-01 -5.02775423e-02
 -3.03343028e-01  3.20499182e-01 -1.04893170e-01  2.07846895e-01
 -1.03425182e-01  6.94383830e-02  1.11082636e-01 -1.49621904e-01
  1.32135212e-01  7.33817935e-01  6.12316489e-01  1.74469128e-01
 -9.40590948e-02 -4.33509260e-01  5.79937808e-02 -1.72508448e-01
  2.55798876e-01  4.38544452e-01 -2.90040284e-01 -2.99348027e-01
 -1.93711147e-01 -2.49136806e-01 -2.32577637e-01 -3.40362430e-01
 -4.00767982e-01 -9.23901081e-01 -1.06636667e+00  5.14844134e-02
  3.64310034e-02 -7.81357527e-01  2.97342867e-01  1.25311241e-01
  6.62686706e-01 -4.19278175e-01 -5.31334817e-01  1.36208460e-01
 -4.69912589e-01  4.40434292e-02 -1.70939550e-01  4.09764461e-02
 -2.54860371e-01  2.88720042e-01 -5.70760727e-01 -2.33660102e-01
 -3.97560418e-01 -2.70689547e-01 -4.77144927e-01  8.33981112e-02
  1.56268239e-01  7.86443114e-01  3.29351239e-02  2.74410903e-01
 -8.30293223e-02  1.66195571e-01 -1.35205150e-01 -1.19310774e-01
 -6.01310849e-01  3.27095807e-01  6.02727771e-01  7.36267149e-01
  2.22532064e-01  4.85335290e-01 -1.07432296e-02 -1.67816505e-01
  2.71096110e-01 -2.33207718e-01 -2.86459357e-01 -2.64937460e-01
  5.48817039e-01 -4.61884618e-01  2.98371047e-01 -3.07025105e-01
 -2.51187943e-02  8.15504372e-01 -2.75913030e-01 -6.44754231e-01
  1.93344522e-02  4.44431394e-01  2.74196744e-01  2.01898515e-01
  2.21787766e-01  1.11262667e+00 -1.61107406e-01  6.74714327e-01
  2.07938656e-01 -3.06594729e-01  1.53259989e-02 -2.52609968e-01
  1.08531192e-02  1.80814713e-01  5.40342867e-01  8.98994684e-01
  2.68079460e-01  3.87798011e-01  4.22550350e-01  3.94640565e-02
 -3.09843242e-01 -4.48453352e-02  5.02027273e-01  8.76635760e-02
 -5.82270384e-01  6.71888217e-02 -4.89350617e-01 -3.11073989e-01
 -3.76003265e-01 -1.52919888e-01  2.54867524e-01 -1.87409982e-01
  4.83119279e-01 -4.07314867e-01 -6.55646503e-01 -4.32575643e-01
 -7.92497277e-01  1.22521192e-01 -1.23758957e-01  2.85037518e-01
  5.57697177e-01  5.66789687e-01  1.51675284e-01  7.97831640e-02
  3.05660993e-01  7.30963707e-01  2.39923492e-01 -1.62907496e-01
 -1.68818742e-01  3.58493179e-01  1.53902203e-01  4.34617549e-01
  2.28625417e-01  6.95969686e-02 -3.13285530e-01 -5.33015549e-01
 -3.97986710e-01  1.47943035e-01  1.00019462e-02 -3.02755665e-02
  3.52582216e-01  2.73273457e-02 -1.54553518e-01 -5.19303083e-01
 -2.44539768e-01 -3.31824273e-01 -1.69063598e-01 -7.04006612e-01
 -1.21840023e-01 -5.30770898e-01  1.14736691e-01  4.09819782e-01
  4.93195772e-01 -5.63853145e-01  1.66293547e-01  3.00701708e-01
  1.20490536e-01 -1.54460818e-02  1.16325922e-01 -7.11223111e-02
 -2.87986457e-01 -6.43923953e-02  9.23106298e-02 -8.17050263e-02
  6.59828961e-01  1.59188434e-01 -5.55954158e-01 -2.43936986e-01
  1.15936778e-01 -9.04175043e-01  4.33933824e-01 -1.37775674e-01
  1.39560133e-01 -6.94661975e-01  1.77638426e-01  5.66961803e-02
  2.87550706e-02 -2.34372467e-01  1.43907323e-01  1.38518408e-01
 -7.58113921e-01  3.10334802e-01 -1.81319714e-01 -3.84622782e-01
  7.97916114e-01  5.46773851e-01 -1.85301051e-01  2.61838198e-01
  5.00708103e-01  6.13263138e-02 -4.15486455e-01  3.24717611e-01
 -1.60925969e-01  1.05415650e-01  3.04943383e-01 -1.88915536e-01
  5.68400979e-01  1.68301255e-01  1.19882308e-01  1.03814043e-01
  3.48907083e-01  6.84636235e-01  4.38413203e-01  2.53433138e-01
 -1.55607834e-01 -4.70798522e-01 -7.94094026e-01  3.76302749e-02
  2.78303146e-01  5.75215876e-01 -3.88453275e-01  5.00085056e-01
  6.70906901e-01 -2.61370316e-02  3.63673955e-01  9.21187937e-01
  1.95423767e-01  4.20796484e-01 -4.99180734e-01  6.07120134e-02
 -9.31693137e-01  4.19819355e-01  3.13179880e-01 -9.41114202e-02
 -1.07177213e-01  1.38800368e-01 -5.11286616e-01 -4.66663241e-01
  1.72097191e-01 -1.05628192e-01 -1.70082480e-01 -2.41322935e-01
  6.42610252e-01 -1.10959895e-01  9.40922022e-01  3.93224031e-01
  1.11649428e-02 -4.84756917e-01  1.63169324e-01 -1.47922978e-01
  6.43826902e-01  5.49303964e-02  4.04966950e-01 -2.15639636e-01
 -1.03778875e+00 -4.04413819e-01  2.61354953e-01  2.08905756e-01
  2.86806047e-01 -5.07086396e-01 -3.62063153e-03  4.51601774e-01
  5.59650540e-01  2.33726546e-01 -1.10181369e-01 -4.99156475e-01
  6.02733493e-02 -1.41714185e-01 -2.06763536e-01  3.99964780e-01
  8.63533318e-02  3.39435160e-01  3.76995921e-01 -1.77013367e-01
  8.54547098e-02  4.84107405e-01  1.96362540e-01 -1.33794844e-01
  6.52293503e-01  5.57423271e-02 -1.15380608e-01  6.89100772e-02
  2.01813541e-02 -2.67379105e-01  1.12823248e-02  6.30568624e-01
 -9.38891470e-02 -1.80415940e-02 -5.15584350e-01  3.14987510e-01
 -3.19119431e-02  1.47030190e-01 -4.01001453e-01 -4.66903061e-01
  2.83106536e-01  2.52689123e-01 -3.53933305e-01  2.24920940e-02
 -2.45350897e-01 -2.29598999e-01 -3.57043922e-01 -3.35031182e-01
 -5.43241918e-01 -1.94483936e-01 -3.95304978e-01  4.29940641e-01
 -7.70074725e-01 -5.16545594e-01  4.46759880e-01 -1.45376548e-01
 -1.55776113e-01 -1.12323403e+00  6.05643272e-01 -4.00147796e-01
  6.36294961e-01 -1.85506940e-01 -9.61032361e-02  1.83214974e-02
 -3.13865632e-01 -3.22945774e-01 -5.74643850e-01  4.83222187e-01
 -1.02312622e+01 -1.53170988e-01 -2.06183270e-01 -6.94933414e-01
 -3.92779797e-01 -1.07496738e-01  1.08158612e+00  1.50632700e-02
 -5.57699800e-01  1.20039679e-01 -2.45275140e-01  1.35550335e-01
  5.34533679e-01  3.76105100e-01 -7.03593642e-02 -3.01707648e-02
 -1.40226766e-01 -5.82136810e-01 -3.43775511e-01 -1.21521324e-01
 -7.73715600e-02 -1.95056483e-01  6.71905637e-01 -4.01544832e-02
  7.59009197e-02 -3.98200870e-01 -1.59837261e-01  2.66551733e-01
  1.22852407e-01  4.76531118e-01 -2.14640051e-01  8.28400373e-01
 -1.77804306e-01  6.64553940e-02 -1.84410334e-01 -2.97167152e-02
 -2.54587047e-02  4.63637054e-01 -1.10334717e-01  4.90783155e-01
  3.83713841e-01  3.58788252e-01  1.40073374e-01  4.72070165e-02
  3.78129005e-01  4.28333610e-01  1.36748672e-01  3.20807397e-01
  7.62167990e-01 -7.51866400e-02  4.96974945e-01 -7.55950093e-01
  3.25058818e-01  6.83932751e-02 -4.67355758e-01  4.09008339e-02
  9.32538629e-01 -5.53281605e-01  4.71072271e-03  2.53292948e-01
  3.74016225e-01 -4.09752391e-02  1.16638350e+00  4.04410571e-01
 -2.60072678e-01  3.02253067e-01  1.11051150e-01  1.22262955e-01
 -4.74618435e-01 -4.05456990e-01  3.80825192e-01  1.47620821e-02
  1.46137968e-01  3.14544082e-01 -3.71834219e-01 -8.59000683e-02
 -2.63521336e-02  2.05508903e-01  3.81883562e-01 -6.79506063e-02
  8.54203880e-01  2.12811939e-02 -4.13789153e-01  4.24296439e-01
 -5.25970340e-01  1.24857441e-01  1.41605467e-01 -7.15519413e-02
  5.41422784e-01 -6.79489851e-01  7.72998869e-01 -3.00903887e-01
 -3.18955958e-01  7.00099707e-01  3.12905520e-01 -5.65515816e-01
  3.17841887e-01  1.30851224e-01  8.86329114e-02 -2.18677804e-01]"
レ,"[ 2.11790562e-01  3.12147915e-01  1.56239405e-01 -4.62925494e-01
  3.90045017e-01  6.33704841e-01  1.08811867e+00 -5.64637408e-03
 -1.70766532e-01  2.53077507e-01  6.52835608e-01  5.36284596e-02
 -7.73065925e-01 -2.08476856e-01  4.08956826e-01 -1.93083435e-02
  1.95161268e-01 -4.57857430e-01 -2.57242247e-02 -4.03957129e-01
 -5.13635576e-01 -4.37197149e-01 -2.87885010e-01  3.59757394e-01
  1.92466006e-01 -4.33365285e-01 -1.64243922e-01  3.59828532e-01
 -2.01904532e-02 -3.53789479e-01 -3.70608479e-01 -6.53367996e-01
 -8.40082914e-02  4.72385108e-01 -1.64403200e-01  1.47810608e-01
 -4.61415619e-01 -6.33785501e-02  2.76199311e-01  1.68242469e-01
 -2.04160556e-01 -1.32096857e-01 -3.42380077e-01  1.46032572e-01
 -2.51288235e-01  4.13353950e-01  3.87004912e-01  3.07377338e-01
  2.51169115e-01  1.01749063e-01 -1.65935755e-01  5.35423934e-01
  6.02197349e-01  2.14505911e-01  6.72789931e-01 -3.70636135e-02
  5.68251252e-01 -4.53531414e-01  4.94370274e-02  5.92842340e-01
 -8.04089427e-01 -2.66785383e-01  8.47482085e-02  5.41311167e-02
 -1.31178811e-01  3.64593685e-01 -4.00320202e-01  2.56372929e-01
  4.19665754e-01 -7.32927322e-01 -1.02700032e-01 -2.46067911e-01
 -2.20003235e-03 -5.06109774e-01  6.37231410e-01 -4.90771949e-01
  4.08214003e-01 -7.41296187e-02 -1.14414558e-01  2.06918269e-01
  1.20670125e-02  2.96857655e-01 -3.16032529e-01 -1.09711146e+00
 -2.13455111e-01  2.33853862e-01 -1.17373765e+00 -1.17531931e+00
 -3.94072346e-02 -3.73141170e-01  1.85219899e-01 -1.90411940e-01
  4.35625821e-01 -3.77321728e-02  5.28561592e-01 -4.80665490e-02
  3.76573473e-01  1.47235572e-01 -1.90814406e-01 -5.46784066e-02
 -1.79864869e-01 -1.82770062e-02  4.56758618e-01  1.20619118e-01
 -6.94888085e-02  1.79526940e-01  1.03570692e-01  8.89171138e-02
  2.19496906e-01  5.48862159e-01 -4.58923429e-01 -4.54540968e-01
 -3.25635016e-01 -2.90356189e-01  1.37022883e-01 -2.43274197e-01
 -1.39434570e-02  6.21202469e-01 -2.83238292e-01  4.95013028e-01
 -3.10995672e-02  2.13604867e-01 -2.24200655e-02 -4.05663669e-01
  1.09675638e-01  1.83357760e-01  3.71012926e-01 -2.45225817e-01
 -4.35414821e-01 -6.80235922e-01 -7.03988492e-01  2.01055184e-01
 -4.14252132e-01 -1.98510036e-01 -5.41311920e-01  4.76782709e-01
  6.54575527e-02  1.35801822e-01 -2.06374973e-01 -3.62702549e-01
 -8.91103268e-01  5.50651133e-01  4.38832015e-01 -2.73552805e-01
  3.57039243e-01  1.53650001e-01 -1.08367205e-01 -3.01844239e-01
 -2.96181202e-01  3.65690410e-01 -4.61749397e-02  1.08299446e+00
 -8.86420965e-01 -2.87730750e-02  1.13404825e-01  1.90755382e-01
 -8.78477871e-01  8.68647620e-02  1.61097020e-01  2.16070712e-01
  1.83381528e-01  1.90998510e-01  4.24192905e-01  7.58680820e-01
  1.73998281e-01  4.19262707e-01  1.72381356e-01 -4.71206419e-02
  4.60250080e-01  9.33453441e-01  8.02692533e-01  5.90680301e-01
  6.39782727e-01 -2.72129148e-01  3.72003704e-01  4.91988689e-01
  1.08685577e+00 -2.08739191e-01 -4.18818779e-02 -6.68927848e-01
 -1.77817926e-01  5.38549572e-02  2.51314670e-01 -7.79233038e-01
  4.28760499e-01 -1.39289677e-01  4.77126479e-01 -9.00978316e-03
 -3.29728305e-01  2.22734496e-01  9.43627767e-03 -4.76323575e-01
  2.74438173e-01 -6.07636034e-01 -5.66053152e-01 -3.83359306e-02
 -2.29928046e-01  2.98950762e-01 -9.94605124e-01  3.43955100e-01
  2.81170547e-01  3.48459274e-01 -2.54391998e-01 -6.05091989e-01
 -7.90200830e-01 -6.91058576e-01 -3.28721493e-01  5.90669692e-01
  2.16125086e-01  4.58050460e-01 -2.02739686e-01  3.01326998e-02
  1.13393530e-01  5.62979728e-02  6.82333112e-01 -2.00289935e-01
 -2.36324996e-01 -3.91351014e-01  2.05564927e-02 -4.40373242e-01
  3.19210052e-01 -3.49599898e-01 -9.98927746e-03 -4.20623481e-01
  7.27967247e-02  4.09278065e-01  6.04039319e-02 -7.25088894e-01
 -4.53305095e-02  1.21204503e-01 -5.08763850e-01 -3.21923256e-01
 -8.82857144e-01 -4.66342270e-02 -6.77094221e-01 -2.27426693e-01
 -5.28761923e-01  2.71380156e-01 -1.00383714e-01  2.02354625e-01
  2.90312022e-01 -2.93077946e-01  3.58733088e-01 -4.66686547e-01
 -2.53672034e-01  7.41484538e-02 -1.06865931e-02 -1.50152221e-01
  8.24689120e-02  1.69533268e-02 -6.54282510e-01 -5.56208372e-01
  2.80531526e-01 -5.24953485e-01  6.29130185e-01  9.26729441e-01
  2.12974876e-01 -3.86684299e-01 -1.40479237e-01 -2.88277268e-01
 -7.53846824e-01 -6.01349950e-01  1.03062717e-02  3.49313468e-01
  1.73552707e-01 -3.60199332e-01 -1.70882866e-02 -3.89978021e-01
 -8.49648237e-01 -6.78683221e-01  1.21645011e-01 -5.44718921e-01
 -3.87903333e-01 -3.88252020e-01 -6.39475882e-02 -3.94706249e-01
 -5.11833131e-01  7.81625688e-01 -2.74681926e-01  8.12987864e-01
 -2.57096708e-01  5.21027982e-01 -5.01482964e-01 -3.58229369e-01
 -1.58339262e-01  2.93700576e-01 -5.81605315e-01 -6.31688178e-01
 -5.70438147e-01  8.12469661e-01  2.56196409e-01 -4.40510631e-01
  1.52350411e-01 -1.69668958e-01 -1.51950847e-02  6.57054722e-01
  4.60845739e-01 -1.51015133e-01  1.98665634e-01 -5.71198501e-02
  8.23478937e-01  2.07625404e-01  2.60527611e-01  1.41267627e-01
 -2.33722225e-01 -1.79886833e-01 -4.09681976e-01  2.39389837e-01
  5.92723012e-01 -6.54698193e-01  2.64564067e-01  6.65835500e-01
 -7.61334956e-01  2.99999505e-01  6.03593469e-01  4.40113693e-01
 -1.74230647e+00 -2.08247915e-01  4.11691397e-01 -2.18686476e-01
 -4.67979968e-01  4.47311580e-01  4.50253218e-01  7.44841516e-01
 -5.64385235e-01 -5.38400114e-01  1.08515155e+00  2.08265528e-01
 -3.98362309e-01 -2.84172446e-01 -2.71444231e-01  1.41183719e-01
  4.09434795e-01 -4.37738210e-01  1.24744058e-01  5.90748489e-01
 -6.01208389e-01 -2.03941509e-01 -2.87634075e-01 -4.80963409e-01
 -2.62211673e-02  7.63347030e-01 -7.54665509e-02  5.89029372e-01
 -2.06197560e-01 -1.38684109e-01  2.51260161e-01  1.26485646e+00
  5.82103789e-01  9.37070131e-01 -4.06178564e-01 -6.91404760e-01
  4.05639559e-01  2.79361814e-01  1.42325491e-01 -6.55316055e-01
 -3.59991714e-02 -2.83814464e-02  2.44900599e-01  1.19050898e-01
 -3.28858078e-01  2.84518689e-01  5.11830151e-01  2.19289780e-01
 -2.33976275e-01  2.86750615e-01  1.06900609e+00 -1.21941626e-01
  2.69066602e-01  3.37108433e-01  4.46323216e-01  4.31613386e-01
 -5.12827151e-02 -4.48308259e-01  2.96298474e-01 -5.64652562e-01
  4.48917717e-01 -1.90751746e-01 -2.69841373e-01 -4.24539857e-02
 -1.35695472e-01 -4.08144474e-01 -6.40518814e-02 -5.69630146e-01
  3.33210021e-01 -5.20815074e-01 -6.19455874e-01 -3.63946736e-01
  2.95442313e-01  2.60435045e-03  6.86691821e-01  1.07836270e+00
  3.76238257e-01 -8.40712011e-01 -5.07274330e-01  2.69872755e-01
 -7.40011930e-01  3.48720223e-01  2.92439133e-01  5.26220083e-01
 -1.46135643e-01 -3.23804498e-01 -6.99282467e-01 -4.24319774e-01
 -1.00188851e+00 -6.89015761e-02 -4.80664849e-01 -1.32868499e-01
 -1.87674150e-01  7.84283876e-01  3.77273299e-02  1.31311953e-01
  3.74370724e-01  2.35737562e-01 -6.33470654e-01 -6.37345314e-01
 -5.29601276e-01  2.66539037e-01  4.46591377e-01  4.13009435e-01
  9.35427696e-02  5.24656892e-01  3.60433251e-01 -4.25687172e-02
 -1.10221570e-02 -5.92614971e-02 -5.06973788e-02 -4.68889147e-01
  3.95512402e-01 -3.82778645e-01 -1.10836163e-01  4.71593887e-01
 -1.80875406e-01  1.09324825e+00 -7.88529310e-03 -2.66083121e-01
  2.14231595e-01  3.94428186e-02 -3.39678556e-01  9.83330548e-01
  1.91027910e-01  6.93450511e-01 -1.56026751e-01  4.66009766e-01
 -1.68740615e-01 -1.36379644e-01  2.89318502e-01 -5.63642085e-01
 -1.79401845e-01 -2.32059769e-02  1.53800517e-01  1.24000978e+00
  2.16638684e-01  4.75354567e-02 -2.21421555e-01  1.91967785e-01
 -8.71589184e-02  5.17838478e-01  1.64071806e-02  8.22151229e-02
 -3.61091226e-01  3.84118736e-01 -3.54102761e-01  3.14372778e-02
  4.43949178e-02  1.30570307e-01  2.44209960e-01  1.80386201e-01
  5.13420045e-01 -7.06629395e-01 -6.80223227e-01 -3.78711283e-01
 -1.31094873e+00 -9.61420834e-02 -8.00831974e-01  4.02071595e-01
  3.25710654e-01 -1.60698395e-03 -6.92893386e-01  7.90025234e-01
  2.71647990e-01  2.06939697e-01 -3.80356349e-02 -4.02706206e-01
 -5.26985705e-01  1.13552645e-01 -2.24539846e-01 -2.60666847e-01
  2.76364952e-01 -2.63771206e-01 -8.33178759e-01 -7.69113898e-01
 -1.42383292e-01 -4.96436387e-01  2.64447421e-01 -4.33224589e-01
  3.28410834e-01  5.42612433e-01 -9.38507378e-01  7.11900219e-02
 -3.31252277e-01  1.20897647e-02 -4.63244654e-02 -5.59325635e-01
  1.61403492e-01 -2.11348832e-01 -1.16198711e-01  9.56927776e-01
  1.27268028e+00 -1.53821990e-01  2.98032211e-03  6.46416366e-01
  4.68276858e-01 -1.48246452e-01  1.67837664e-01 -5.86160384e-02
 -7.77111426e-02 -1.36144102e-01  4.18100566e-01  3.95189852e-01
  4.98411685e-01 -1.01971865e-01 -9.67411876e-01 -3.02570164e-01
 -2.82127056e-02 -7.61660874e-01  8.48079741e-01  1.49477154e-01
  5.74199378e-01 -5.65008640e-01  2.55076796e-01 -7.17981756e-01
  6.53414503e-02 -3.38440329e-01  7.42141068e-01 -1.51932612e-01
 -1.04733407e+00 -3.78960431e-01 -3.38416129e-01 -6.56064034e-01
  1.15195918e+00  2.97550470e-01 -5.31781554e-01  2.55158365e-01
  4.73155648e-01  5.87594211e-01 -1.61969066e-01 -2.60976464e-01
 -6.07911706e-01 -1.74270698e-03  5.69970489e-01  1.86057240e-01
  1.89609990e-01  2.32887164e-01 -2.60109603e-01 -3.14332336e-01
  9.24727798e-01 -1.06491365e-01  2.15405792e-01  1.57620443e-03
 -1.40528515e-01  2.64834464e-01 -3.59886736e-01  1.25120774e-01
 -1.51385283e-02  3.54250163e-01 -3.90069842e-01  8.11315775e-01
  6.53498530e-01 -2.98208266e-01  1.15145974e-01  1.21756446e+00
  2.15686724e-01  8.10126424e-01 -9.30581689e-02  1.70218095e-01
 -1.07148409e+00  3.22002560e-01 -2.50449870e-02 -3.08299571e-01
  3.45678963e-02  3.35915893e-01 -5.97240590e-02 -7.91508332e-02
  1.83592528e-01 -5.30821010e-02 -4.85626757e-02  8.92215788e-01
  6.28977939e-02 -5.88202000e-01  8.48995626e-01  2.75404096e-01
 -5.14001846e-01  1.32637694e-01  5.38741909e-02  7.39607275e-01
  7.34033346e-01 -8.87859836e-02  5.72359920e-01 -3.43440711e-01
 -9.11301970e-01  3.25283855e-01 -3.19748878e-01  2.64806688e-01
  6.55352116e-01 -8.62215042e-01 -2.80593604e-01  5.22382438e-01
  3.25566441e-01 -1.45460561e-01 -4.46990699e-01 -8.11535060e-01
  1.60925388e-01  1.23084284e-01 -4.95300621e-01  2.15020292e-02
  2.96721846e-01  9.40444529e-01  3.57534975e-01 -3.53697807e-01
  2.37445027e-01  5.37648380e-01  1.12892590e-01 -2.52233088e-01
  6.98895827e-02  5.08544855e-02  2.92694837e-01 -1.91583142e-01
  1.01325643e+00 -1.81537628e-01 -3.18529636e-01  4.01400715e-01
 -4.61487442e-01 -3.35044116e-01  2.22076222e-01  3.51487756e-01
  4.88082767e-02 -2.46164948e-01  2.16562927e-01 -3.72650236e-01
 -1.61316410e-01 -2.57273652e-02 -8.78512681e-01  1.48966551e-01
 -1.10783957e-01 -7.34648556e-02  2.12040335e-01 -1.65950194e-01
 -5.67233562e-01 -3.63309979e-01 -1.48784265e-01  2.36909747e-01
 -1.06703007e+00 -3.29795510e-01  9.11358535e-01 -4.60878871e-02
 -4.54724908e-01 -1.18096209e+00  6.42949939e-01 -1.85985178e-01
  5.63629448e-01  3.84793319e-02  3.63342285e-01  2.95556746e-02
  2.43544385e-01 -1.63167957e-02 -4.47826445e-01  1.28145382e-01
 -9.77260590e+00  1.10378549e-01 -2.11438283e-01 -7.28446722e-01
  1.29618287e-01 -3.70057583e-01  7.00108409e-01  7.79978216e-01
 -5.73680699e-01  1.28816161e-02 -2.32107490e-01  1.51225463e-01
  4.53378767e-01  3.11708361e-01 -2.54814327e-01 -3.48427474e-01
 -3.22798729e-01 -2.58097917e-01 -7.22405827e-03 -1.06705673e-01
  8.84802192e-02 -6.27997220e-01  1.16019666e+00 -6.01275265e-02
 -2.13984042e-01  2.70081256e-02 -6.55421615e-01  2.71694750e-01
  2.10449353e-01  2.71274835e-01 -1.05003941e+00  6.97763801e-01
  1.51515856e-01 -1.20972410e-01 -7.65801743e-02  8.32716227e-02
 -1.00773744e-01 -1.84431449e-01 -9.22588110e-01  6.24495208e-01
 -8.83222818e-02  5.16309321e-01  3.37488532e-01  1.38079226e-02
  5.46293259e-01 -6.01533771e-01 -1.60022140e-01  1.80612728e-01
  7.66687691e-01 -3.52241285e-02 -2.13444576e-01 -2.16333881e-01
  1.73329502e-01 -1.14239946e-01  1.53278857e-01 -1.43183187e-01
  3.88860852e-01 -5.07604122e-01  4.85215038e-01  5.22066280e-02
  5.55349886e-01  1.53843284e-01  2.52172232e-01  4.67775911e-01
 -1.82433665e-01  6.69867516e-01 -6.03947453e-02 -1.95523575e-02
 -3.21256250e-01  1.43888779e-02  5.34737468e-01  4.91153777e-01
  3.02569658e-01  1.23411715e-01  2.06503168e-01  4.24642891e-01
 -1.62363812e-01  3.43252271e-01  1.86459780e-01  1.21148631e-01
  5.06132185e-01 -7.59795964e-01  1.33055225e-01  2.47879140e-02
 -1.00066650e+00  4.11822110e-01 -2.99781144e-01 -1.39427539e-02
  2.92196095e-01 -4.11412448e-01  4.69855070e-01 -5.69961779e-02
 -3.11755896e-01 -6.10242784e-02  3.81321520e-01 -7.60421902e-02
  2.16456562e-01  2.93256402e-01  1.02699339e-01 -3.38741601e-01]"
ラ,"[ 2.53270626e-01  9.87377539e-02  6.95462167e-01 -7.88378119e-01
  2.84588963e-01  2.73937255e-01  5.22956073e-01  3.08304708e-02
  3.29807848e-01 -4.75687487e-03  8.15141141e-01 -5.77190042e-01
 -3.10846776e-01  1.18641965e-02  8.12146366e-01 -7.99373686e-02
  6.62725940e-02 -3.57988983e-01  2.81068534e-01 -4.04754400e-01
 -8.98082972e-01 -4.62202102e-01 -1.81117505e-01  4.40734297e-01
  4.05904427e-02 -3.35834682e-01 -2.21621647e-01  1.01561174e-01
 -2.68296991e-02 -1.42383561e-01 -1.24907367e-01 -3.21613421e-04
 -1.28024817e-01  2.58824080e-01 -2.76931196e-01  4.17086542e-01
 -1.58638507e-01 -3.56592715e-01  3.77284408e-01 -9.22773406e-02
  6.67844191e-02 -1.34741202e-01 -5.74468315e-01 -1.44362509e-01
 -4.19269890e-01  1.10907778e-01  1.84497908e-01 -1.78516265e-02
  9.75063443e-02 -5.61684519e-02 -6.95068017e-02  2.37551361e-01
  3.32574487e-01  6.22163415e-02  5.57750702e-01 -2.28059843e-01
  6.06942654e-01 -5.55038393e-01  1.48991168e-01  2.96692789e-01
 -2.74570078e-01 -4.71665144e-01 -2.22448800e-02 -1.60193611e-02
  2.10027657e-02  1.78835228e-01 -2.30052680e-01 -2.05455855e-01
  6.27453774e-02 -7.87832141e-01 -5.67941181e-02 -4.08992469e-01
  1.18813448e-01 -5.43733239e-01  6.64223552e-01 -6.89116955e-01
  4.36958484e-02  3.67432922e-01  3.51985365e-01  2.89693028e-02
  3.56173739e-02  5.89322925e-01 -5.82076497e-02 -7.17161715e-01
  3.38350534e-01  4.42372799e-01 -6.66883588e-01 -7.38075554e-01
  5.01148880e-01 -1.53953090e-01 -5.66951856e-02  2.45523989e-01
  3.91033173e-01  2.63293326e-01  1.93595633e-01 -8.08111653e-02
  1.62332311e-01  7.95813650e-02 -1.74654931e-01  2.87753671e-01
 -1.89735908e-02  1.99261144e-01  5.63528061e-01 -3.35476130e-01
 -2.56715149e-01  2.29818478e-01  2.76396126e-02  2.48261079e-01
  1.17512764e-02 -1.83383434e-03 -2.76161045e-01 -5.92692316e-01
 -7.28372097e-01 -2.93676823e-01  2.31086418e-01 -1.95216432e-01
 -3.65851372e-01  7.64556587e-01 -5.87422550e-01  5.37672877e-01
 -1.07076064e-01  1.92525938e-01 -1.60207413e-03 -6.44911051e-01
 -4.39450853e-02  3.63225490e-01  6.86226487e-02  4.15229723e-02
 -5.54874480e-01 -1.74134091e-01 -3.75283003e-01 -2.12726399e-01
 -3.16730551e-02 -8.64915997e-02 -3.73455137e-01  1.15719700e+00
 -9.77409631e-02 -9.51070711e-02 -2.00000316e-01 -6.00262046e-01
 -2.61361480e-01  1.08916298e-01  5.31519391e-02 -3.72357637e-01
 -1.14186704e-01  1.15593979e-02 -3.97608787e-01 -4.82986957e-01
  1.37045190e-01  5.22210598e-01 -2.62639791e-01  5.76527476e-01
 -6.16798103e-01  1.62783191e-01  7.41128027e-01  2.01589003e-01
 -6.24676764e-01 -5.69022261e-02 -5.29121757e-02  2.88467202e-02
  3.88348103e-01 -6.22968823e-02  4.67911839e-01  6.14076138e-01
  1.56997308e-01  3.10498834e-01  5.60977101e-01  2.98110068e-01
 -7.23266415e-03  7.15846956e-01  5.76314449e-01  4.31958407e-01
  1.15408145e-01  7.40832239e-02  7.43823424e-02  2.70756967e-02
  4.96211648e-01  2.33886331e-01  7.78639242e-02 -8.88630867e-01
 -2.12654680e-01 -1.30145371e-01  3.64229903e-02 -7.40129888e-01
  2.93503881e-01  2.23607980e-02  8.65651518e-02 -5.75080290e-02
 -2.42624938e-01 -3.02792311e-01  1.58190653e-01 -5.24743497e-01
  5.02157770e-02 -1.85492709e-01 -1.93014055e-01 -3.62344831e-01
  9.48902890e-02 -1.17486276e-01 -9.54668283e-01  6.52449250e-01
  1.67125538e-01  2.45508477e-01 -8.62253234e-02 -7.54143596e-01
 -9.99651611e-01 -2.93012947e-01 -3.91836852e-01  8.52741972e-02
  1.76823258e-01  5.67606151e-01 -1.59431398e-01  6.56268001e-01
  2.10688531e-01  4.70487364e-02  5.18510640e-01  3.33031118e-01
 -4.14093435e-01 -5.87943494e-01  4.40402478e-01 -3.55222881e-01
  1.24906383e-01  9.59924459e-02  4.63635065e-02  2.09822968e-01
 -1.41890123e-01  6.37005389e-01  6.89286113e-01 -2.22339127e-02
 -3.68153244e-01  2.87981957e-01 -7.26172626e-01 -5.22901893e-01
 -8.68096948e-01 -6.79086074e-02 -6.88344657e-01 -2.01859418e-02
 -4.46027815e-01  1.42239168e-01 -5.13913631e-01  1.16549648e-01
 -1.56832367e-01 -1.97795108e-01 -3.66561599e-02 -2.54355133e-01
 -9.91805121e-02  3.93450558e-01 -3.03624034e-01  1.69656351e-02
 -4.90956716e-02  1.90390572e-01 -4.49034780e-01 -2.93005615e-01
 -1.99353710e-01 -1.87944815e-01  8.19045722e-01  3.75777453e-01
  5.09625375e-01 -2.91577727e-01  3.04714471e-01 -5.95760703e-01
 -2.11331457e-01 -5.66877663e-01  2.54399832e-02  1.52165741e-01
 -1.08242653e-01  1.60358101e-01  4.88675326e-01 -2.90090144e-01
 -2.55199224e-01 -4.54103172e-01 -3.06041837e-01 -4.37733084e-01
 -1.36168703e-01 -1.34160325e-01 -1.75734580e-01 -7.58554339e-02
 -1.59386322e-01  5.47748148e-01 -4.63304102e-01  5.53437889e-01
 -5.54661036e-01  5.92372835e-01 -5.68527400e-01 -1.34761229e-01
 -2.53724377e-03 -7.10046813e-02 -6.56352580e-01  1.88097566e-01
 -2.66044825e-01  4.70321089e-01  3.35011244e-01 -2.53842264e-01
 -5.98699689e-01 -2.32988242e-02 -6.41149655e-02  6.02724291e-02
  4.36396658e-01 -6.83801770e-02  1.88855916e-01 -1.94358423e-01
  2.12073371e-01  3.69042665e-01  2.86862582e-01  2.48668864e-01
  7.53948316e-02 -1.29033133e-01  1.38281537e-02 -1.02120370e-01
  5.81830859e-01 -1.82891369e-01  8.70829150e-02  3.96825343e-01
 -1.20211653e-01  8.35807025e-01  2.47353420e-01  2.95750439e-01
 -2.02025151e+00 -1.78645149e-01  5.81769705e-01  4.25674736e-01
 -1.18711919e-01 -1.79369524e-02  2.89899319e-01  3.87929082e-01
 -4.40901756e-01 -6.31123722e-01  7.17390358e-01  6.63825199e-02
 -2.33978987e-01  9.45433229e-02  2.72408605e-01 -5.28950036e-01
 -2.28985101e-01 -6.27215981e-01  3.25900495e-01  3.26163530e-01
 -1.38554573e-01  1.69384420e-01 -1.41314223e-01 -3.62724781e-01
 -1.89346522e-01  1.98416457e-01 -1.10224254e-01  1.47545040e-01
 -3.26285303e-01 -1.53909311e-01  1.09817274e-01  1.05529988e+00
  8.14586341e-01  7.76242733e-01 -6.05074525e-01 -2.91356057e-01
  1.98924780e-01 -1.88326072e-02  4.06798929e-01 -3.29102278e-01
 -2.60669976e-01 -2.37461537e-01  1.23333961e-01  1.13474287e-01
 -2.65957028e-01  3.47773343e-01  1.08636133e-01  2.11360201e-01
  1.64236963e-01  2.80332893e-01  8.35479915e-01  1.36864875e-02
  2.61703849e-01  1.90394521e-01  6.99881852e-01 -1.25160217e-01
 -2.02715084e-01 -5.03157854e-01 -9.73147079e-02 -3.98211181e-01
  4.50898021e-01 -1.45898508e-02 -4.80954766e-01  9.67228353e-01
 -6.31411076e-01  2.29471046e-02 -7.96091557e-02 -8.49434078e-01
  6.67261556e-02 -6.47500098e-01 -5.11322320e-01 -1.11789577e-01
  6.23994619e-02 -3.42024833e-01  8.33359003e-01  4.69603896e-01
  3.45478237e-01 -1.74997419e-01 -4.25816000e-01  2.03247890e-01
 -2.55825579e-01 -1.18956819e-01  2.53787309e-01  1.97761416e-01
 -2.99388856e-01  4.38908905e-01 -4.79048006e-02 -4.51583602e-02
 -8.42034817e-02  1.01423018e-01 -6.62310064e-01 -1.30025402e-01
 -3.63982141e-01  3.87988448e-01 -1.46594375e-01 -7.90069252e-03
  2.64993280e-01  2.08396912e-01 -3.12448978e-01 -2.19520181e-01
 -5.18066227e-01  3.40439349e-01  5.17223656e-01  6.03937805e-01
  3.49927604e-01  4.12674904e-01  1.65540680e-01  1.38448998e-01
 -1.42545238e-01 -1.89514458e-01 -6.97188675e-01 -4.06189591e-01
  6.41554594e-01 -3.97847295e-01  4.14564252e-01  1.58506483e-01
 -3.19334358e-01  5.59643567e-01 -3.40233892e-01 -6.00299835e-01
  1.45685226e-01 -1.49027258e-01 -2.28659324e-02  6.77009642e-01
  3.24287921e-01  5.95579684e-01 -1.78462431e-01  3.52012992e-01
 -2.71401644e-01 -1.32833824e-01  3.52630317e-01 -4.06342268e-01
 -2.71254808e-01 -1.27819985e-01  6.89758718e-01  4.25232738e-01
  5.70499599e-01 -1.54717073e-01  1.95907623e-01  2.57012635e-01
  4.77967635e-02  5.08501649e-01  2.12759867e-01  4.21233118e-01
 -1.00713745e-01  7.40931332e-02  4.24261689e-02  3.12955469e-01
 -1.83564931e-01 -6.73314780e-02  4.64093328e-01 -9.65812132e-02
  1.91563576e-01 -4.04270947e-01 -5.19899786e-01 -5.84408820e-01
 -7.99030542e-01 -8.55081826e-02 -4.08061087e-01 -1.79124713e-01
  3.41108352e-01 -1.37945399e-01 -8.54282320e-01  3.84833813e-01
  5.82003534e-01  4.03780550e-01  4.61774552e-03 -4.18125808e-01
 -2.04226136e-01  4.80800122e-01 -6.63753808e-01 -5.63919008e-01
  3.90475243e-01 -1.85801581e-01 -2.96708286e-01 -6.60396516e-01
 -5.61350510e-02 -3.24935243e-02  1.72122017e-01  4.07124430e-01
  2.92283952e-01  1.66618586e-01 -7.01685011e-01 -2.68204689e-01
  3.28103118e-02 -6.71117753e-02 -2.68216521e-01 -5.04461527e-01
  8.87793377e-02  1.94697171e-01 -3.99043001e-02  9.69417095e-01
  6.01988673e-01 -1.94168597e-01 -3.45485620e-02  1.64930359e-01
  2.80784667e-01 -5.77812672e-01 -3.48071843e-01 -1.39973313e-01
  1.65531375e-02  2.63955653e-01  3.04985195e-01  4.27665144e-01
 -1.27359629e-01  1.30271658e-01 -8.54135573e-01 -1.21150076e-01
  1.93844423e-01 -8.81334960e-01  4.75998968e-01  3.57424140e-01
  3.80155146e-01 -5.73102951e-01 -3.33607912e-01 -1.65807262e-01
  5.83642581e-03  9.52580273e-02  4.23555076e-01 -1.10207237e-01
 -7.59613156e-01  1.12884328e-01 -9.55019817e-02 -7.34941185e-01
  8.56067300e-01  8.08745027e-02 -1.50218129e-01  4.30696845e-01
  6.07655466e-01 -1.36959702e-01 -6.78598464e-01  2.33269751e-01
 -6.41356766e-01  2.12215334e-01  4.10271704e-01 -2.34598652e-01
  4.87755686e-01  4.00270641e-01 -7.85405263e-02 -7.64096081e-02
  2.72442371e-01  5.84150374e-01  6.27572596e-01  1.79128066e-01
 -1.29294217e-01  4.26231921e-02 -4.05393690e-01  2.16333866e-01
  9.56493467e-02  4.90267813e-01 -8.58217239e-01  4.23231155e-01
  8.13017726e-01 -1.73364967e-01  2.93461144e-01  6.26166344e-01
  5.36940852e-03  4.27652299e-01 -6.62788525e-02  2.45866161e-02
 -7.67751992e-01 -5.58660273e-03 -2.52458423e-01  2.22486958e-01
 -3.57456237e-01 -9.99850929e-02 -2.18281433e-01 -1.43523797e-01
  3.53017986e-01  1.56096354e-01  2.12538794e-01  1.89081758e-01
  2.29652315e-01  2.07888894e-04  3.54234636e-01  4.71144348e-01
 -3.77826601e-01 -7.70725608e-02  7.42701888e-02  6.61627591e-01
  1.20964193e+00 -8.79128799e-02  2.22318709e-01 -3.24199110e-01
 -6.35652840e-01  2.00999379e-01 -3.09928477e-01 -2.02802569e-01
  6.35356486e-01 -4.64238316e-01 -4.21102852e-01  7.20435619e-01
  5.56970298e-01 -1.12259619e-01 -3.35921049e-01 -6.78987682e-01
  3.06451291e-01 -3.64525646e-01 -3.58039699e-02 -1.80355817e-01
  1.71331912e-01  6.10625148e-01  9.39211473e-02 -2.65944302e-01
  2.79520065e-01  2.60394752e-01  2.07433805e-01 -2.94441640e-01
  4.26446259e-01  3.47163498e-01 -1.66735590e-01 -2.20098197e-01
  3.85380745e-01 -5.66783488e-01  7.28470311e-02  6.28888845e-01
 -3.50618005e-01  2.30734758e-02 -2.78882027e-01  5.17897546e-01
  2.65526235e-01 -4.33350176e-01 -1.25136852e-01 -5.58462217e-02
  1.86102822e-01 -1.40357047e-01 -3.92369300e-01 -2.88898945e-02
 -9.97362286e-02  4.37302917e-01  2.80037113e-02 -9.13358927e-02
 -6.38850808e-01 -4.53593343e-01 -5.08930147e-01  3.43186855e-01
 -7.35313416e-01 -4.75256324e-01  4.90795225e-01 -3.69984144e-03
 -3.83029312e-01 -1.62150919e+00  6.11397386e-01  1.80861756e-01
  6.05450928e-01 -3.51978719e-01  1.45609125e-01 -1.43551469e-01
  3.44983451e-02  5.13985343e-02 -2.35743463e-01 -5.22996224e-02
 -1.02195988e+01  1.56664215e-02 -2.58103251e-01 -5.84866107e-01
 -3.37668687e-01  6.20149337e-02  6.57682300e-01  7.72946179e-01
 -3.14657807e-01  4.32801247e-01 -2.54427493e-01  2.17407569e-01
  3.06373477e-01  1.62230164e-01  1.71837106e-03 -1.23758152e-01
 -2.38091081e-01 -2.00674385e-01  8.61281827e-02 -1.36207119e-01
 -4.53082532e-01 -5.12007415e-01  7.51704276e-01  2.52698213e-01
  2.17669785e-01 -5.29599249e-01 -1.85365632e-01  4.67296600e-01
 -1.79144189e-01  2.49629736e-01 -5.72531760e-01  3.19052637e-01
  1.67583376e-02  3.78161371e-01 -3.73111367e-01 -1.35247156e-01
  3.85129571e-01 -3.00110895e-02 -7.11425021e-02  5.28204978e-01
  1.73106238e-01  2.24871799e-01 -4.54593599e-02 -2.82118708e-01
  8.62217665e-01 -4.90557738e-02 -8.08173120e-02  1.54214010e-01
  6.69794858e-01 -1.31488889e-01 -1.16734967e-01 -3.93422008e-01
  1.68819949e-01 -8.90919194e-02  2.08645001e-01 -3.15526605e-01
  3.69041830e-01 -8.31192493e-01  1.90174848e-01  1.39232099e-01
  6.71183228e-01  1.46949321e-01  6.42448187e-01  7.69449234e-01
  9.02850777e-02  2.91785121e-01  4.18797076e-01 -2.20942907e-02
 -2.41106272e-01 -1.74841896e-01  3.50351632e-01  6.63156927e-01
 -2.36927867e-01  5.40119074e-02  3.84159237e-02  3.05069357e-01
  6.05629897e-03 -8.62767398e-02 -5.60752265e-02  2.08659306e-01
  5.25546670e-01 -3.60084862e-01 -3.09907138e-01  4.15821016e-01
 -4.79371011e-01 -8.06445032e-02  1.26048878e-01  3.13714445e-01
  8.92589390e-02 -6.07618749e-01  5.16116738e-01 -2.21939325e-01
 -5.50240338e-01  4.25179273e-01  6.09534025e-01 -3.40138525e-01
 -2.81861246e-01  1.43380880e-01  4.59405392e-01  9.51334238e-02]"
ワ,"[ 2.41312757e-01  1.78770334e-01  4.63107407e-01 -2.30970860e-01
  2.00373262e-01  2.77688056e-01  1.22989722e-01  3.08803529e-01
 -9.90669243e-03 -6.19081438e-01  7.02891827e-01 -3.67085427e-01
 -6.94075525e-01  2.04239041e-01  3.71259689e-01 -3.85068625e-01
  4.79442365e-02 -2.96942960e-03 -2.35241279e-02 -6.80560887e-01
 -7.09689438e-01 -3.32321316e-01  1.33449525e-01  3.07501584e-01
 -5.79979718e-02 -3.17662477e-01  2.53216267e-01  3.63688499e-01
 -6.85061589e-02  4.07397486e-02 -3.93713087e-01 -2.22357392e-01
  1.63261220e-01  8.32343325e-02 -2.01122910e-02  4.20076281e-01
 -3.85860242e-02 -7.19058961e-02 -1.45384714e-01 -5.82923368e-02
  1.35667948e-02 -1.08499892e-01 -4.62835878e-01 -1.23548329e-01
  7.51526281e-02  5.49737632e-01  2.00306147e-01  1.60707191e-01
  6.36260390e-01  1.62989646e-01 -1.02465764e-01  2.14496672e-01
  3.96599740e-01 -1.59053028e-01  2.97322124e-01 -1.74758390e-01
  4.91109669e-01 -2.99057394e-01 -1.81793213e-01 -1.68553367e-02
 -1.85349524e-01 -1.85606912e-01  1.34869680e-01 -1.99984297e-01
 -5.88796064e-02 -5.89682221e-01  2.04702184e-01 -1.09877281e-01
 -2.94551462e-01 -8.37729990e-01 -4.08452690e-01  4.86794636e-02
  1.98038220e-01 -3.73755604e-01  6.23922288e-01 -4.07869607e-01
  3.51131380e-01  1.78239346e-01 -2.16964837e-02  4.87788133e-02
  7.19891414e-02  4.07847732e-01  1.16257677e-02 -4.40961421e-01
  4.78208721e-01 -2.75317933e-02 -2.51472503e-01 -7.44754910e-01
  2.05165476e-01 -3.79210383e-01 -1.34947240e-01 -8.64250660e-02
  7.02781796e-01  7.51868039e-02 -4.80694436e-02 -9.26386863e-02
  6.66812807e-02 -2.96792209e-01 -1.82822675e-01  4.30065870e-01
  1.84507102e-01  2.61872739e-01  3.07327211e-01 -1.08279675e-01
 -1.92211524e-01  5.10803349e-02 -2.11336568e-01  1.31162181e-01
  1.73354521e-01 -1.69563502e-01 -5.20379804e-02 -4.63836551e-01
 -7.41418302e-01  2.43459940e-01 -2.26892516e-01 -1.38464314e-03
 -5.29135354e-02  2.84847021e-01 -6.55732751e-01  5.48838437e-01
  4.75387812e-01  4.56340671e-01  9.71252173e-02 -2.15011358e-01
 -1.58604667e-01  3.36148381e-01 -1.13925584e-01 -1.99937731e-01
 -1.11095995e-01 -1.13007210e-01 -6.24144971e-01  1.06282912e-01
 -1.75889462e-01  4.10359316e-02 -4.10412960e-02  6.24406934e-01
  2.32682392e-01 -3.46159071e-01 -2.46445179e-01 -4.86181408e-01
 -3.92178595e-02 -4.13064063e-01  2.63327390e-01 -3.57798815e-01
 -2.99539745e-01  4.13420945e-01 -3.35970372e-01 -6.49303198e-01
  5.21126688e-01  3.13008189e-01 -2.83915818e-01  7.57297456e-01
 -5.18208742e-01 -6.15696199e-02  1.02712102e-01  1.73883680e-02
 -5.00848055e-01  4.96297795e-03 -2.35852927e-01  1.59353375e-01
  1.62526108e-02 -3.12187165e-01  1.38134584e-01  7.07564890e-01
 -3.57932001e-02  2.62448907e-01  4.84837174e-01  3.59840214e-01
 -1.32753000e-01  3.69317055e-01  1.73502579e-01  3.28321069e-01
  1.60543397e-01 -1.47444233e-01  2.03897670e-01  4.11395997e-01
  1.90488040e-01  1.23299919e-01  1.73960462e-01 -6.16261005e-01
 -1.28782943e-01 -5.90417802e-01 -2.56126225e-01 -4.29839492e-01
  6.68615848e-02 -4.96128798e-02  1.18036903e-01 -8.69859010e-02
 -9.33648273e-03 -6.27424836e-01  1.89670458e-01 -3.84685487e-01
  5.83632626e-02 -3.41237873e-01 -7.75578395e-02 -1.15938894e-01
 -1.86300963e-01 -1.25131339e-01 -1.30458847e-01  6.32146120e-01
  7.07256496e-02  2.46650994e-01 -1.56285390e-01 -2.59739190e-01
 -9.40013945e-01 -2.57477552e-01  3.04974735e-01  2.31342509e-01
  5.14218569e-01  2.66561389e-01 -2.76700348e-01  5.65551460e-01
  2.45579869e-01  1.89482391e-01  1.44254580e-01  4.63168025e-01
 -4.66797203e-01 -4.87503797e-01  3.42424899e-01 -4.52726223e-02
  2.02515692e-01 -1.73521712e-01  4.55023289e-01  1.35221183e-01
  1.27749473e-01  3.90618026e-01  3.95260483e-01 -4.49961349e-02
 -2.83877522e-01  5.81055760e-01 -2.73013830e-01 -3.00172925e-01
 -5.72367013e-01 -2.31857151e-01 -7.00156748e-01 -1.54121488e-01
 -3.08991194e-01  3.29571664e-01 -3.61489058e-01  5.53109087e-02
  2.00627476e-01 -2.71377504e-01 -2.28559263e-02 -3.49900305e-01
  1.02636963e-01  1.87525712e-02 -7.59266689e-02  7.33842142e-03
 -1.25525728e-01  4.39842371e-03 -5.80786824e-01 -5.80649793e-01
  1.52222390e-04 -5.36818385e-01  3.95524532e-01  3.87314737e-01
  5.03296673e-01 -1.84272066e-01  1.28242731e-01 -6.77852392e-01
 -9.79830325e-02 -6.28655255e-01 -2.05274940e-01 -3.76873016e-01
  4.44958434e-02  6.03562184e-02 -1.92746505e-01 -4.94977564e-01
 -3.39279532e-01 -2.73395836e-01 -7.42387548e-02 -2.18325466e-01
 -1.79071531e-01  2.23553628e-01  4.63783927e-03  4.27511521e-02
 -5.41605890e-01  2.38763660e-01 -1.32682592e-01  3.06786895e-01
 -6.26791239e-01  1.87562272e-01 -6.92230642e-01  4.12008524e-01
  1.02160431e-01 -2.38845363e-01 -2.05380544e-01 -6.09787285e-01
 -1.92958057e-01  3.75987917e-01  1.18556686e-01 -3.62667888e-01
 -5.75807273e-01  1.32315278e-01 -1.76393032e-01 -1.73126720e-02
  4.49931808e-02  3.37923974e-01  3.76860172e-01  1.69914097e-01
  1.93141162e-01  4.40372676e-01  6.46395236e-02 -2.48248219e-01
 -2.53826588e-01 -3.35295409e-01 -3.86617810e-01 -1.76303685e-01
  4.71369922e-01 -3.01892906e-01 -1.22408219e-01  6.84111476e-01
 -2.76846200e-01  3.28893125e-01  2.13025495e-01  2.83522278e-01
 -1.90407300e+00  1.05473198e-01  3.87575448e-01  5.53796254e-02
 -1.15783028e-01  6.76978827e-01  1.93166971e-01  2.56325096e-01
 -5.99739611e-01 -5.15846193e-01  6.79478765e-01  4.47150111e-01
 -1.42887160e-01 -3.14780772e-02  4.06855851e-01 -1.58911332e-01
 -9.65684932e-03 -7.69786298e-01  1.97960407e-01  3.81275386e-01
  1.11930273e-01 -1.50876999e-01  9.27985758e-02 -2.91723996e-01
  8.56456459e-02  9.26432014e-02  1.70701355e-01  5.20618796e-01
 -7.43687093e-01 -5.02448417e-02  5.22429124e-02  8.60012770e-01
  8.04751694e-01  4.54075068e-01  5.50342835e-02 -2.37832755e-01
  2.51064450e-01  7.95485020e-01  4.64181095e-01 -1.45451456e-01
  2.24768799e-02 -1.57770321e-01  5.33059061e-01  2.39982620e-01
 -1.74436703e-01 -7.85607006e-03  2.89194852e-01  2.06837133e-01
 -1.85327828e-01  6.37874901e-01  7.02621102e-01  1.64374009e-01
  2.27419958e-01  1.12259462e-01  1.08037770e+00  1.67354960e-02
 -1.72071263e-01 -6.43910766e-01 -6.93342164e-02 -3.77212167e-01
  2.81704869e-02  3.41115147e-02  1.20493926e-01  3.88853669e-01
 -2.63448954e-01  2.35607386e-01  1.88252196e-01 -1.41860157e-01
  3.51186752e-01 -5.90380609e-01 -4.72296059e-01 -1.88462615e-01
  7.87147358e-02 -7.79935062e-01  4.34082210e-01  3.55190009e-01
  4.19434786e-01 -1.69391766e-01 -4.18043315e-01  8.21450800e-02
 -1.83815256e-01 -1.40508369e-01 -1.36860460e-01  2.68377185e-01
  3.59268486e-03 -3.26128811e-01  1.75420865e-01 -4.79549021e-01
 -4.57891375e-01 -3.07402648e-02 -9.61886823e-01 -1.04021795e-01
 -1.70662075e-01  5.63137412e-01 -1.73657268e-01 -8.61991346e-02
  1.74125224e-01 -2.78803669e-02 -1.50995806e-01 -1.28255382e-01
 -5.93872368e-01  4.08979267e-01  8.29112455e-02  1.02354802e-01
  3.40668440e-01  3.22893888e-01  2.23098412e-01  3.68858397e-01
 -5.46056628e-01  5.54232895e-02 -6.03650272e-01 -3.18844438e-01
  6.69489622e-01 -1.69353768e-01  2.79108077e-01  2.57520890e-03
 -1.78716391e-01  5.42557955e-01 -2.63845533e-01 -5.68337917e-01
 -1.81565315e-01  6.08710647e-01  7.67980963e-02  6.42816007e-01
  3.76709580e-01  7.91594207e-01 -1.17319480e-01  4.40379500e-01
 -1.17283333e-02 -7.06030503e-02  4.44159210e-01 -6.63274646e-01
  8.61259475e-02 -4.58831452e-02  1.41032517e-01  4.22554821e-01
  2.31228128e-01  1.68151632e-01  2.72352487e-01  2.04196349e-01
 -1.13721728e-01  2.08122849e-01  2.45736510e-01  4.33487922e-01
 -3.47875446e-01 -6.16108119e-01 -3.62785935e-01  3.60947698e-02
 -4.68685806e-01 -1.44036159e-01  6.83917046e-01 -6.83362037e-02
  9.23455954e-02 -2.30743796e-01 -7.26019025e-01 -4.81681883e-01
 -4.78433490e-01 -2.10555166e-01  7.35890418e-02  4.20312673e-01
  5.72357178e-01  7.58978259e-03 -9.13279593e-01  3.10104191e-01
  1.92948788e-01  4.60647821e-01  1.26132712e-01 -2.45517045e-01
 -1.57347322e-01  6.69548139e-02 -7.16644004e-02 -1.94064915e-01
  1.80845261e-01  1.32692205e-02 -5.06711341e-02 -4.84208435e-01
  1.54028118e-01 -2.62370050e-01  1.47505835e-01 -2.53997326e-01
  5.18557966e-01  1.03220277e-01 -7.60931194e-01 -3.09986204e-01
  1.27462447e-01 -2.59673744e-01 -1.30606472e-01 -6.11622214e-01
  1.90020576e-01 -3.81309032e-01 -1.31044686e-01  2.89544016e-01
  5.35934985e-01 -2.92400450e-01 -1.34607494e-01  3.89133215e-01
  5.69875956e-01 -4.60829735e-02  3.97218838e-02 -7.01807290e-02
 -2.84918666e-01 -1.75846890e-01  4.25268263e-02 -1.49015009e-01
 -1.98945567e-01 -1.96695402e-02 -7.79639900e-01 -2.52239078e-01
  5.96350096e-02 -8.66110325e-01  6.77447796e-01  1.85520396e-01
  5.30179322e-01 -5.00316203e-01 -8.92804191e-02 -2.44664043e-01
 -5.51854670e-02 -6.70366175e-03  4.18735623e-01 -3.89188193e-02
 -7.82246053e-01 -6.78139701e-02 -4.74071294e-01 -4.95743424e-01
  4.79934067e-01  3.95989537e-01 -4.03847337e-01  9.71675739e-02
  3.38846087e-01 -2.26312622e-01 -1.47653654e-01  8.29782858e-02
 -1.34539217e-01  1.11060828e-01  2.89263725e-01  3.48658375e-02
  2.14787796e-01  2.84224987e-01 -3.34473252e-01  1.85316160e-01
  2.59804994e-01  6.58567667e-01  2.96102852e-01 -5.68209914e-04
  1.01207104e-02 -3.23925205e-02 -5.57614267e-01  4.53878731e-01
  2.71720946e-01  5.44496894e-01 -3.91265363e-01  6.19258583e-01
  6.21328235e-01 -4.58239913e-01  3.54358107e-01  6.62291646e-01
  4.14657146e-01  3.33427131e-01 -3.52933556e-02 -6.12291433e-02
 -7.31713176e-01  2.76707411e-01 -3.05102021e-02  2.55432218e-01
 -3.55859622e-02 -3.24385017e-02 -1.06860235e-01 -2.45563000e-01
  1.75148211e-02  3.63733441e-01  3.27782601e-01  1.44681349e-01
  3.02171677e-01 -3.77583772e-01  4.75103110e-01  4.33124989e-01
  2.10160855e-02 -1.45999461e-01  2.46096119e-01  3.80226105e-01
  6.37458980e-01  3.14390995e-02  3.57241213e-01 -2.07258850e-01
 -1.02187920e+00  8.56554732e-02  1.02315852e-02  3.64446521e-01
  5.95105469e-01 -5.78033805e-01 -2.02329919e-01  1.86021313e-01
  5.03720343e-01 -2.87385941e-01 -9.41149369e-02 -4.39944655e-01
  1.73243046e-01  2.61532307e-01 -1.30306855e-01  7.27578476e-02
  1.29107237e-01  3.21299791e-01 -1.63494468e-01  1.45674944e-01
  2.13067949e-01  7.29916453e-01  1.36237934e-01  9.12676230e-02
  4.25005369e-02 -2.69976765e-01 -4.45096910e-01  5.19218408e-02
  6.58692420e-02 -3.38729471e-01 -4.07128155e-01  3.78243290e-02
 -3.90721649e-01  1.47309169e-01 -2.99052000e-01  2.54909217e-01
  3.07830989e-01  5.76332025e-02 -3.66539471e-02 -4.79074359e-01
 -6.32993877e-02 -2.42817495e-02 -7.73797452e-01  9.51301605e-02
 -2.57984787e-01  1.72079846e-01 -2.19289929e-01  2.13155206e-02
 -4.72984076e-01 -2.63345808e-01 -3.67784172e-01  5.50566792e-01
 -1.21872328e-01 -4.21429157e-01  4.17335808e-01  3.11452329e-01
 -1.26444384e-01 -9.92277384e-01  3.27897877e-01  3.60675633e-01
  5.68462253e-01 -2.31235683e-01  5.09494424e-01 -3.74531507e-01
  2.22900659e-01  1.00892588e-01 -4.16084230e-01  5.26250482e-01
 -1.04641905e+01 -4.21339095e-01 -4.99089569e-01 -2.99182802e-01
 -5.23726225e-01  3.39393765e-01  6.27589703e-01  3.31080645e-01
 -4.00895625e-01  1.50315478e-01  7.72168711e-02  4.32523161e-01
  3.52770120e-01  3.08515072e-01 -5.92936039e-01  1.28889039e-01
 -3.21943879e-01 -4.82525885e-01  1.69491174e-03 -2.16053218e-01
  1.13106675e-01 -6.64482653e-01  5.31032443e-01  5.34587860e-01
  1.47968188e-01 -1.67655766e-01 -1.39973372e-01  4.00479287e-01
 -3.12294308e-02  2.98741668e-01 -8.07222068e-01  4.48259860e-01
 -1.69217005e-01  4.52093810e-01 -2.33320862e-01  5.34967370e-02
 -2.51293957e-01  5.02317607e-01  2.49905419e-02  3.45352024e-01
  3.13356221e-01  4.28559840e-01  7.75187612e-02 -1.17707647e-01
 -2.01953635e-01  3.70267332e-01  1.41878560e-01  3.13789338e-01
  5.65622211e-01 -4.79439693e-03  4.82669659e-02 -1.86638683e-01
 -2.59339571e-01 -3.54102194e-01  2.77955770e-01 -4.53307340e-03
  7.60052860e-01 -7.73522913e-01 -3.09432000e-02  1.05239153e-01
  3.33052367e-01 -1.45843044e-01  9.52336907e-01  8.97085905e-01
  2.63575464e-01  1.60239428e-01  4.37854975e-01  3.98333400e-01
 -3.24703217e-01 -1.07503854e-01  3.31086814e-01  5.56431592e-01
 -9.66658220e-02  2.01535046e-01  1.42471105e-01  7.56823540e-01
  2.72642467e-02 -2.36781344e-01  2.11419031e-01 -2.96052217e-01
  4.38117802e-01 -1.65540233e-01 -2.86581606e-01  1.38894692e-01
 -6.06552839e-01  2.48870358e-01  6.86032027e-02  3.07487011e-01
  1.11129873e-01 -5.87075889e-01  4.45045739e-01 -1.70424923e-01
 -2.90448219e-01  4.09216136e-01  2.25521177e-01 -2.21803546e-01
 -1.48806930e-01  3.03539425e-01  3.37459475e-01  4.87138368e-02]"
、,"[ 6.19564891e-01  3.48990470e-01  1.05678833e+00 -4.76518273e-01
 -5.89197993e-01 -1.80985272e-01  5.99807594e-03  3.48114818e-01
 -8.36570024e-01 -6.61913931e-01 -2.24984929e-01 -7.09401548e-01
 -5.04682176e-02 -4.27168548e-01  7.36394823e-01  4.46071267e-01
 -5.13972580e-01  4.70191985e-01  1.28610849e-01 -3.88933688e-01
 -8.02529752e-01 -7.19212174e-01 -5.51232576e-01  1.94179580e-01
 -4.24044102e-01 -9.22909081e-01 -5.77747524e-01 -2.25871503e-01
  6.16062246e-03  1.90361649e-01  2.63263822e-01 -4.59424913e-01
 -3.37029576e-01  3.26155871e-01 -7.29415655e-01  6.90664709e-01
  1.09855078e-01  2.04123273e-01  4.16223079e-01 -5.47825217e-01
 -3.63002121e-01  5.25299966e-01 -6.01237535e-01 -5.33705831e-01
 -1.17106579e-01  4.18937579e-02 -1.70351088e-01 -3.14008780e-02
 -1.48378670e-01 -3.94418240e-01 -7.10678399e-01  7.77076364e-01
  3.95307064e-01  1.97193235e-01  4.25059050e-01  3.48844767e-01
  1.00915372e+00  2.31695063e-02  2.51429193e-02 -2.77285814e-01
 -7.28493154e-01  1.35660499e-01  3.72835487e-01  1.99648649e-01
 -5.92863142e-01  3.53270203e-01 -1.97767407e-01  5.27011633e-01
  4.37785447e-01 -1.56749219e-01  5.72068393e-01  3.82230729e-01
  2.29865074e-01 -3.82067144e-01  2.72301346e-01 -1.02660549e+00
  4.22236949e-01 -3.06795806e-01  2.78303176e-01  1.54867232e-01
 -2.39579827e-01 -1.77194715e-01  1.18241027e-01 -3.52237910e-01
 -6.73986316e-01 -3.20739567e-01 -1.28038943e+00 -1.31478816e-01
  1.09240055e-01  1.84782878e-01  7.71256909e-02 -4.37089592e-01
  3.70442659e-01 -3.06403965e-01  1.08329844e+00  4.15291339e-01
  3.11756343e-01 -1.49722591e-01  3.45589489e-01  2.24148557e-01
 -1.34176648e+00  5.55211902e-01 -2.22490579e-02 -8.50768030e-01
 -5.02077460e-01 -1.63305908e-01 -2.70293057e-01  9.13572550e-01
  5.68603694e-01  4.23302144e-01  3.08378842e-02 -2.61343122e-01
 -8.98737192e-01  1.84125751e-01 -7.97238424e-02  4.29514229e-01
 -5.93999922e-01 -1.56880766e-01  3.80602181e-02  1.47981182e-01
  2.25672424e-01  5.83205521e-01 -4.94649231e-01 -1.37248248e-01
  2.71740586e-01  1.91771790e-01  1.43268898e-01  3.52248698e-01
  2.58248210e-01 -6.03671372e-01  3.54725391e-01 -6.76566124e-01
 -4.38275337e-01  4.48752232e-02 -6.32838964e-01  9.65863824e-01
  2.95597851e-01 -4.53616470e-01  4.55907583e-02  1.16707087e-01
 -4.53558147e-01 -1.90691963e-01  8.19033861e-01 -4.69342530e-01
 -1.26384541e-01  4.84015971e-01 -3.18053514e-01 -3.54662597e-01
  4.17958498e-01  3.84567499e-01 -1.17151245e-01  1.18549073e+00
 -5.98949552e-01  4.14049864e-01  3.31434339e-01  4.17121530e-01
  1.97724313e-01  2.48643070e-01  3.47716659e-01  2.76961979e-02
  4.11643386e-01  6.32825419e-02  1.18790403e-01  1.04815269e+00
  6.59482360e-01 -1.55564593e-02  6.94226623e-01 -1.47756666e-01
  1.06589071e-01  9.08275247e-01  5.21017790e-01  6.92718804e-01
  2.86959380e-01 -8.05722103e-02 -1.43041581e-01  5.36922634e-01
  1.05046320e+00  4.52052206e-01 -3.81556600e-01 -1.08431470e+00
  4.24223900e-01  4.42889363e-01  7.72779524e-01 -1.12714835e-01
  5.96364141e-01 -5.33625722e-01 -4.14586544e-01 -9.30271968e-02
  4.22243088e-01  1.92764640e-01 -4.03500378e-01 -4.11044836e-01
  1.08263455e-01 -2.98586348e-03  5.24127074e-02  1.66703388e-01
  1.68479487e-01  3.49166006e-01 -1.20710939e-01  3.30856562e-01
  5.55051029e-01 -1.82412248e-02 -1.45895436e-01 -9.32063878e-01
 -1.46862078e+00 -5.85870445e-01 -5.39659746e-02  1.87197924e-01
  1.99310929e-01  6.86297357e-01 -7.20427871e-01 -1.59490690e-01
  1.60043836e-01 -4.50078696e-01  8.95096779e-01  4.83115405e-01
 -3.66250455e-01 -1.39857665e-01 -7.72723109e-02 -4.02719527e-02
  1.94887012e-01 -6.46153808e-01  3.49651247e-01  1.92998335e-01
 -2.92580247e-01  8.70890141e-01  5.92843413e-01 -9.52753246e-01
 -5.80048859e-01  2.99438626e-01 -7.09566295e-01 -3.87702137e-01
 -1.41489968e-01 -1.18763022e-01 -2.26882517e-01 -9.62506711e-01
 -6.21627271e-01  1.76975623e-01 -3.72060448e-01  6.18373096e-01
 -2.94424206e-01 -2.43675172e-01  3.91376376e-01  3.01522762e-01
  3.71793747e-01  2.27553472e-01 -1.13737024e-01 -4.07382041e-01
 -9.31951523e-01 -1.59475222e-01 -6.82427824e-01 -4.46774662e-01
 -2.98469603e-01  5.49641788e-01  4.08855259e-01 -3.41720372e-01
  3.42265159e-01 -8.26678753e-01 -2.16926455e-01 -9.44948673e-01
  3.00152451e-01 -2.17595428e-01  4.51044381e-01  2.43331358e-01
 -5.62678635e-01  1.60341650e-01  3.20326388e-01 -2.13534370e-01
 -4.06488061e-01 -1.03091255e-01  1.62412778e-01  1.53968409e-01
  3.97691995e-01 -4.14722145e-01 -4.98390198e-02  1.03123114e-01
  6.80415213e-01  1.05989110e+00 -1.46921188e-01 -6.75565481e-01
 -4.15622860e-01  7.21889496e-01 -8.20095241e-01 -5.11177719e-01
  8.52808803e-02  1.03799796e+00 -4.34150070e-01 -9.35805589e-03
 -9.31151360e-02 -2.13160783e-01  1.91886798e-01 -6.06915236e-01
  5.88084161e-02  1.08633958e-01 -1.04977202e+00 -5.27109094e-02
  4.00129139e-01  2.34819949e-01  3.81599426e-01 -1.05606109e-01
  2.87341863e-01 -2.64762312e-01  5.89905195e-02  1.70946449e-01
 -1.00497715e-01 -5.17471313e-01 -1.42846733e-01  6.44447267e-01
  2.66576797e-01 -8.47026348e-01 -1.11494452e-01  6.19632423e-01
 -1.26149130e+00 -3.06786031e-01  4.95160431e-01  4.62523967e-01
 -8.06296706e-01  3.06060970e-01  7.66430736e-01  5.97837329e-01
 -3.23574483e-01 -4.80345666e-01  4.36190069e-01  6.80817723e-01
 -3.46220940e-01 -7.66511083e-01  4.46574271e-01  1.41370684e-01
 -1.02980293e-01 -5.40488064e-01 -4.22592521e-01  2.65439659e-01
 -9.56962928e-02 -2.44895786e-01 -4.19214696e-01 -1.64666414e-01
 -3.06633502e-01 -1.86299354e-01  2.45105460e-01 -3.18525545e-02
 -4.67939153e-02  6.95682168e-01 -4.29805338e-01  2.94353485e-01
 -7.33016968e-01 -4.37277049e-01  2.66561896e-01  1.27512980e+00
  4.79947448e-01  6.53741300e-01 -7.52601027e-01 -1.44520000e-01
  5.73795199e-01 -2.82812655e-01  7.84134388e-01 -7.08252609e-01
  3.59551996e-01 -2.24990100e-01  4.48699862e-01  1.16294272e-01
 -3.12129945e-01  2.35679686e-01 -7.60837853e-01 -6.73935056e-01
  2.67290294e-01 -1.21579804e-02  5.65718532e-01  1.67689368e-01
  5.01080379e-02  1.14676392e+00  9.60680321e-02  2.76987255e-01
 -2.71636963e-01 -1.22291183e+00 -2.89872140e-01 -8.18493664e-01
 -6.62508532e-02 -1.92694157e-01 -1.40860051e-01  6.37988448e-01
 -5.30418992e-01  1.86866343e-01 -1.20204642e-01 -4.11263764e-01
  2.44287238e-01 -3.00013542e-01 -6.34748220e-01  7.67916441e-02
 -5.25389146e-03 -5.00541568e-01  9.10909593e-01 -7.81153853e-04
  5.73917747e-01 -3.62056822e-01 -6.39089048e-01  5.51906526e-01
 -2.96102375e-01  4.11931053e-03 -1.62997516e-03  1.26707420e-01
 -2.28781044e-01 -2.66635448e-01 -1.43769935e-01  7.04218075e-02
 -1.01175630e+00  5.35757422e-01 -4.32021618e-01  6.75554797e-02
 -8.48605037e-02 -2.45917618e-01 -7.83925593e-01 -2.14090332e-01
  6.49926662e-02 -1.52617112e-01  1.47238150e-01  3.65546376e-01
  1.92785159e-01 -4.59866107e-01  4.44740862e-01  5.81870079e-01
  7.73893416e-01 -2.91641772e-01  6.76422954e-01 -2.63343096e-01
  1.17030136e-01  3.80716622e-01 -6.36992872e-01 -5.00421047e-01
  4.08815056e-01  2.97089845e-01 -4.51088995e-01 -2.04766601e-01
 -3.11228544e-01  1.16950512e+00 -2.77644664e-01 -4.54189658e-01
  9.02678370e-01 -3.50255519e-01  3.74343127e-01  1.03486288e+00
  7.54888535e-01 -3.30618560e-01  8.13705385e-01  2.18930379e-01
  4.16463256e-01  4.81533222e-02 -4.06268418e-01 -2.30281323e-01
  8.68297458e-01 -6.90934286e-02  6.66430816e-02  7.24653006e-01
  2.38760859e-01  2.06386119e-01  3.04114431e-01 -5.26445173e-02
  9.19842198e-02  3.20594013e-01 -1.03994980e-01 -3.44978005e-01
 -9.09045413e-02 -1.85921431e-01 -3.08676630e-01 -1.10416561e-01
 -4.00955886e-01  3.75517428e-01  1.05863655e+00 -6.94070578e-01
  3.78207475e-01 -9.08133805e-01 -5.52755296e-01 -1.38808548e-01
 -1.92001596e-01  8.75670761e-02 -8.22129548e-01 -3.54723066e-01
  4.55889665e-02  1.00279652e-01 -4.14493322e-01  1.08850069e-01
  3.55072469e-01 -2.15982288e-01 -3.15951049e-01 -8.13616157e-01
  1.16831638e-01  7.96491444e-01 -5.83824217e-01 -3.93423349e-01
  6.02574646e-02  1.43868119e-01  7.51962185e-01 -8.37876320e-01
 -4.99396086e-01 -3.88970673e-01 -1.63934782e-01 -7.29858518e-01
 -7.74035156e-02  1.87464610e-01 -6.80498838e-01  2.74432480e-01
  2.74815336e-02 -2.77334094e-01 -6.96903944e-01 -2.62158155e-01
 -1.01872317e-01 -5.72798729e-01  2.52303690e-01  1.73197880e-01
 -2.32819691e-01  1.08727254e-01 -1.14598490e-01  3.01972538e-01
  7.32996821e-01 -3.82890403e-01  8.87310505e-01  1.18421558e-02
  3.52819413e-01 -8.10456395e-01  5.46011448e-01 -7.75444210e-01
  2.38731921e-01 -7.29404271e-01 -6.84348583e-01 -7.15870261e-01
 -5.92095733e-01 -4.44831431e-01  6.94105983e-01  1.41565049e+00
  5.82514405e-01 -6.70187950e-01  2.14604646e-01 -1.19992949e-01
 -4.59861130e-01 -5.14126062e-01  7.87957609e-02  2.87131276e-02
 -1.56250954e+00 -1.51050702e-01  1.10962011e-01 -5.99425375e-01
  1.38390613e+00 -1.81464463e-01 -5.51844716e-01 -2.03921989e-01
  4.20286179e-01  3.99480015e-01 -4.89688039e-01  5.79875633e-02
  6.39865458e-01  2.55382061e-01  8.10141325e-01 -2.74228573e-01
  9.06463787e-02  1.43677816e-01  1.23314664e-01  9.46904346e-02
  4.15143430e-01  4.98303205e-01  8.01388994e-02  8.77618074e-01
 -6.99887455e-01 -6.97887897e-01 -6.23159766e-01  3.57088059e-01
  1.52939767e-01  6.89155638e-01  2.19663188e-01  7.95781195e-01
  6.50093913e-01 -1.51333585e-01  5.73428571e-02  8.89968514e-01
 -5.97225539e-02  1.22493303e+00 -5.51827133e-01  1.37401536e-01
 -7.72205174e-01 -2.06141174e-02  9.32204127e-01  7.35337436e-01
 -8.95386338e-02 -1.53636605e-01 -3.05787884e-02 -5.36286592e-01
  6.01685405e-01  3.55800867e-01 -1.03232712e-01  3.82544249e-01
  2.98963398e-01 -4.40684706e-01  1.03710151e+00 -3.41293402e-02
  2.65880525e-01 -6.53926969e-01 -6.79441914e-02  7.28975594e-01
  4.15084481e-01  9.39821303e-02  7.79341817e-01 -2.90805787e-01
 -6.84835374e-01 -1.62706956e-01  4.63800877e-01 -5.89522481e-01
  6.39394343e-01 -2.95108021e-03 -5.35931289e-01  7.10071802e-01
  6.55490518e-01  3.54701787e-01  3.58774036e-01 -5.89766741e-01
  1.17845006e-01 -1.08676121e-01 -1.62910074e-01  3.95880550e-01
  2.95421898e-01  4.05331105e-01  4.14086431e-02 -8.01070631e-01
  4.48301136e-01  1.35899627e+00 -5.21174166e-03 -9.20743793e-02
  3.09572011e-01  4.76359650e-02 -3.68001699e-01  1.13999829e-01
  3.10434073e-01 -2.43526921e-01  2.28980020e-01 -2.65523016e-01
 -3.08441073e-01 -1.91721022e-01 -1.11167714e-01  8.36298406e-01
  1.01698734e-01 -1.07925378e-01 -1.25733867e-01 -4.97482158e-02
 -7.83489943e-01 -9.43723172e-02 -1.25350189e+00 -8.20444703e-01
 -2.28514839e-02  7.94210806e-02  1.26814499e-01 -8.76045674e-02
 -1.05067170e+00 -3.63582850e-01 -3.43650937e-01 -7.80060351e-01
 -2.88844973e-01  2.45602176e-01  4.45047945e-01 -2.33513191e-02
 -6.45122170e-01 -3.19861680e-01  4.66754586e-01  4.40857112e-01
  2.82281876e-01  2.90625960e-01 -4.73927796e-01 -2.05121815e-01
 -6.80044219e-02  5.64762473e-01 -6.96877837e-02 -4.17860806e-01
 -9.23985100e+00  4.85890538e-01 -6.96021855e-01 -3.61793712e-02
 -2.90854603e-01  1.09774433e-01  7.45853484e-01  9.02153552e-01
 -8.39797497e-01  8.33707035e-01 -4.17751402e-01  3.90330076e-01
  6.95094764e-01  6.22927845e-01 -6.64734542e-01  4.40518484e-02
  3.32636237e-01 -1.16694659e-01  6.17951155e-01 -1.33797184e-01
 -4.72347558e-01 -8.30896676e-01  3.33613247e-01 -3.58044833e-01
 -5.38796723e-01  3.51196766e-01  7.18298554e-01  2.11320475e-01
 -3.41110140e-01  7.43181169e-01 -7.08786130e-01  2.28396952e-01
 -4.62522358e-02 -4.46464896e-01 -3.44868720e-01  6.35457754e-01
  4.75096405e-01  5.00575125e-01 -6.28811955e-01 -9.84638035e-02
 -2.70890117e-01  7.00600922e-01  8.04221705e-02  8.24451894e-02
 -1.22166611e-01 -9.91153196e-02 -1.91530034e-01 -4.20115441e-02
  9.88452911e-01 -2.90996104e-01 -7.04822019e-02 -7.77584851e-01
  4.59912896e-01 -9.61031556e-01 -3.41256499e-01  5.53800277e-02
 -5.96617341e-01 -8.16795051e-01 -3.44860584e-01  1.78946048e-01
  4.90690202e-01  3.57918739e-01  6.26448035e-01  1.93165451e-01
  1.91162061e-02  1.54929057e-01  4.83032584e-01  4.93613690e-01
 -3.64377618e-01 -4.92198080e-01 -7.11397529e-02  2.91632563e-02
 -4.73363608e-01 -1.61238447e-01 -1.43021703e-01  1.17001042e-03
 -6.81431472e-01 -2.01734558e-01  7.15143025e-01 -2.83666495e-02
  1.09446359e+00 -1.71665415e-01  2.87442692e-02 -3.10643524e-01
  1.18271388e-01  3.75444852e-02  8.50067377e-01  6.01617038e-01
 -7.22594792e-03 -7.78655231e-01  4.37221348e-01  5.96830487e-01
  6.06789231e-01  6.27070546e-01  1.22048862e-01  3.47596146e-02
  8.28653276e-01 -1.22065932e-01  8.15058947e-01  1.96478128e-01]"
イ,"[ 2.50548184e-01  4.48937267e-01  1.49297416e-01 -5.58641434e-01
 -1.36049360e-03  9.18458104e-02  3.72122318e-01 -2.34025866e-02
  8.32772255e-02 -4.97295290e-01  9.22433853e-01  7.10767582e-02
 -3.67893755e-01 -5.82557209e-02  4.59260195e-01  4.77102995e-02
  3.02615255e-01 -9.85034108e-02 -3.38973910e-01 -3.08446378e-01
 -4.29474026e-01 -4.62878853e-01  3.21236649e-03  1.25402525e-01
  4.18089509e-01 -4.00412738e-01 -9.11752507e-02  2.27680996e-01
 -1.43591851e-01 -1.56664610e-01 -3.75716507e-01 -3.74419689e-01
 -1.87974006e-01 -2.18470380e-01 -2.78684914e-01  8.27848911e-01
  1.41053796e-01 -2.76184261e-01  4.95626181e-02 -3.05525046e-02
 -2.75077790e-01 -1.03702962e-01  1.34631038e-01 -2.77510285e-01
 -3.40850383e-01  5.33725679e-01  8.50845575e-02  2.99998224e-01
  3.01730722e-01 -2.98516285e-02 -4.11128640e-01  4.12371367e-01
  2.30536029e-01 -5.54429591e-02 -2.61237088e-04 -1.30602717e-01
 -1.06849350e-01 -1.77051768e-01  1.52675107e-01 -1.06077278e-02
 -8.04195479e-02 -2.17927918e-01  1.38151884e-01 -6.45262748e-02
 -4.89816844e-01 -2.55414426e-01  1.58404615e-02  8.91135074e-03
 -1.77109227e-01 -5.93673766e-01 -3.99504185e-01  2.75213420e-01
  1.36441067e-01 -4.09847617e-01  4.42099303e-01 -3.25954139e-01
  3.14410836e-01 -1.61171347e-01 -1.37885913e-01 -1.05943531e-01
 -2.27227271e-01  4.18201625e-01 -1.32867172e-01 -6.18982315e-01
  1.17178842e-01  5.95237687e-03  1.06585197e-01 -4.83482927e-01
  3.78091365e-01 -5.38670719e-01 -3.54409844e-01  2.72403359e-01
  5.72565138e-01  3.44812155e-01 -2.85803229e-01  7.02245161e-02
  1.58337325e-01 -2.32174933e-01 -2.50325263e-01 -1.26444459e-01
  5.01085997e-01 -3.91440392e-01  1.21531844e-01 -1.62783220e-01
 -1.63571373e-01  1.28945395e-01 -4.89772826e-01  5.72921038e-01
 -3.15574333e-02 -1.19167745e-01 -2.01856926e-01 -2.57736564e-01
 -3.56377959e-01  4.04012829e-01 -2.66229004e-01 -1.14951387e-01
 -1.68238834e-01  3.99795383e-01 -2.98424929e-01  1.94822043e-01
  2.34678298e-01  2.92861432e-01  6.76141456e-02  1.55305445e-01
 -9.61431861e-02  5.45691550e-01 -2.27928966e-01 -5.58218956e-02
  6.11917041e-02 -2.34988824e-01  2.70687819e-01  7.24034384e-02
 -3.39391261e-01 -1.39200687e-01 -5.78420401e-01  2.52620310e-01
 -1.55659407e-01  5.99726513e-02 -8.23525488e-02 -5.83877563e-01
  4.79102395e-02 -2.66819984e-01  2.30884418e-01  1.89756200e-01
  4.72326167e-02  3.04461829e-02  4.09246147e-01 -2.07717076e-01
  4.46753055e-01  1.35313988e-01 -5.19040711e-02  7.83359170e-01
 -3.72239619e-01 -2.98980087e-01 -2.79809713e-01  4.24865223e-02
 -3.43452454e-01  4.00078408e-02  6.53272718e-02  4.72722799e-01
  2.74603307e-01 -6.96615577e-01  7.82220960e-02  4.43041563e-01
  2.62496650e-01  7.81520724e-01  1.20959178e-01 -9.58712175e-02
 -2.41772830e-02  5.50421357e-01  2.61897832e-01  4.25607026e-01
  1.25510529e-01 -5.66315174e-01  2.34457389e-01  5.65372288e-01
  1.36234045e-01  1.51190206e-01  2.92226672e-01 -4.61350918e-01
  1.08596943e-01 -4.49336797e-01 -2.26929694e-01 -4.77954000e-01
  5.77559650e-01 -1.59313872e-01 -1.40749946e-01  4.92161028e-02
  4.04408202e-02  6.45688677e-04 -5.78388631e-01  3.01188584e-02
  5.47215581e-01 -4.30748194e-01 -4.94826287e-02 -1.22020781e-01
 -5.79941235e-02 -3.47213954e-01 -1.85375482e-01  5.23390710e-01
 -8.71587992e-02  2.89862871e-01 -2.70354658e-01 -2.00902432e-01
 -1.12464201e+00 -2.22978801e-01  2.93578357e-01  4.99000549e-01
  2.64169604e-01  1.19105786e-01 -4.83888686e-01  2.27860138e-01
  4.43124741e-01  4.85236853e-01  2.13789027e-02  5.02767190e-02
 -2.78068930e-01  1.79585114e-01  3.59902501e-01 -5.64133942e-01
  4.23757136e-02 -1.10955477e-01  7.74233863e-02  3.42142850e-01
 -2.29771048e-01 -1.03759691e-01 -2.96202395e-02  6.09361641e-02
 -1.47232220e-01  7.78218448e-01  2.73346543e-01 -9.64207575e-02
 -5.74971795e-01 -4.45089012e-01 -9.19788301e-01  2.41214693e-01
 -1.61082417e-01  2.24556953e-01  3.09266180e-01  2.97025204e-01
  2.58245766e-01 -2.68003106e-01 -1.42835811e-01 -2.70083547e-01
 -2.40813389e-01  3.36348623e-01  1.93774030e-01 -1.58180520e-01
 -5.90977848e-01  3.31599921e-01 -5.10832071e-01 -2.68380016e-01
  6.35851324e-01 -1.43599451e-01  5.74423790e-01  1.40938282e-01
  4.89772707e-01 -8.53540748e-02 -1.87461779e-01 -9.55950767e-02
  4.36156765e-02 -4.13839400e-01 -1.06972173e-01 -2.34485179e-01
  1.09996134e-02  1.04650222e-01  5.84264323e-02 -6.36326253e-01
 -7.37071559e-02 -3.16342860e-01  1.02464452e-01 -5.68891943e-01
 -7.04476461e-02  2.30291873e-01 -3.56901407e-01  2.50668466e-01
 -1.04109794e-01  3.35607588e-01 -2.99138874e-01 -8.98166895e-02
 -1.03467691e+00  4.62022066e-01 -7.32673287e-01  3.54275584e-01
  1.19880915e-01 -1.02041975e-01 -6.54364452e-02 -1.25603393e-01
 -1.99910551e-01  5.11823535e-01  1.64882660e-01 -2.88099885e-01
 -5.12577772e-01 -3.31790335e-02 -1.48431510e-01  8.92459005e-02
  1.57078892e-01 -2.20352858e-01  7.79311778e-03  1.18221991e-01
  5.48335910e-01  1.16938703e-01  1.51461095e-01 -1.68676421e-01
 -3.16606641e-01 -8.21139872e-01 -1.74249917e-01  1.65940970e-01
  6.09729469e-01 -3.89872491e-01 -1.51548386e-01  1.06592011e+00
 -1.71224177e-01 -2.75369376e-01  2.07378134e-01  4.92522776e-01
 -1.40063012e+00  1.89765319e-01  5.88225245e-01  8.27125367e-03
  5.32373041e-02  3.26102495e-01  3.05587888e-01  3.56416821e-01
 -5.22400737e-01 -3.92370522e-02  3.14461082e-01  3.73597950e-01
 -3.61708365e-03 -3.67071837e-01  3.96332085e-01 -7.00402111e-02
  7.45707527e-02 -6.12056315e-01 -3.19102615e-01  4.11913991e-01
 -8.74440968e-02  8.74632224e-02 -1.70665272e-02 -3.10056239e-01
  6.94663972e-02 -2.88684756e-01  2.69203126e-01 -3.25777143e-01
 -2.06082761e-01 -2.72670299e-01  2.63510078e-01  4.49198842e-01
  6.61635160e-01  5.16491294e-01  3.55158955e-01  2.68697768e-01
  4.47348505e-01  3.80298793e-01  4.60312426e-01  3.10991406e-01
 -1.06315635e-01  1.95352584e-02  5.47567546e-01  3.21961701e-01
  2.60394633e-01 -2.76618730e-02 -2.40978584e-01  6.40438259e-01
 -3.42877991e-02  4.84192222e-01  4.39171344e-01  6.22052073e-01
  3.92522663e-01  2.46110246e-01  4.16232944e-01 -1.99239522e-01
 -1.42119557e-01 -3.44763428e-01  2.17241168e-01 -2.86960572e-01
 -1.59542978e-01 -1.53736860e-01  2.50040978e-01 -1.45809427e-01
 -5.12594461e-01  1.40727222e-01 -4.43835914e-01 -1.36881182e-02
  1.92942649e-01 -2.21435457e-01 -5.87340951e-01 -4.13562387e-01
 -4.07140642e-01 -5.99370241e-01  4.87648457e-01  2.24278212e-01
  1.67591110e-01 -5.40347576e-01  1.19901717e-01  1.17969602e-01
  1.69764191e-01 -1.75971016e-01  1.14829168e-02 -1.52550280e-01
  2.82090437e-02 -1.22996107e-01  9.48477630e-03 -6.52793765e-01
 -4.27664936e-01 -5.18693566e-01 -8.45184565e-01 -1.18298441e-01
  1.16165116e-01  3.92276138e-01 -3.25253829e-02  1.95514411e-01
  1.77094415e-01  2.15909585e-01 -2.99488634e-01 -1.85980365e-01
 -8.11992049e-01 -1.56768765e-02  2.14666843e-01  2.32266650e-01
  2.32969046e-01  1.96242005e-01  1.09963231e-01 -4.82075438e-02
 -2.86134541e-01 -1.21539105e-02 -2.40013272e-01 -2.71101832e-01
  9.78989422e-01 -2.60523081e-01  4.55204725e-01 -1.96337432e-01
  1.22119568e-01  3.16756964e-01 -1.55484170e-01 -1.12817459e-01
 -9.07303840e-02  4.70662534e-01 -1.36885494e-01 -1.00792803e-01
  5.52294701e-02  4.65402246e-01 -3.23762983e-01  1.65308639e-01
 -6.53367415e-02  1.07103758e-01  2.05337912e-01 -7.62300417e-02
 -1.51009575e-01 -2.40501344e-01  1.47733510e-01  2.34147370e-01
  2.86229432e-01  2.51718760e-01  2.90646464e-01  6.03635311e-01
  4.65304367e-02  2.98180014e-01  2.58697182e-01  7.23807216e-01
 -2.89932221e-01 -2.15029269e-01 -4.93934572e-01 -8.92949179e-02
 -4.69449073e-01 -1.57416940e-01  5.62630594e-01 -2.20334351e-01
  2.11852729e-01 -1.33978590e-01 -6.52937293e-01 -6.51318654e-02
  5.19523630e-03  6.90673441e-02  7.03841001e-02  3.64892095e-01
  4.39906210e-01 -1.26997204e-02 -6.32700920e-01  5.94457984e-01
 -3.08315009e-01  5.14515579e-01  3.45945537e-01 -5.75061738e-01
 -2.74261087e-01 -7.64722601e-02  7.89083093e-02  5.09687886e-02
  2.43710428e-01  5.64227998e-01 -3.49140644e-01 -1.05415034e+00
 -1.87589705e-01  2.53937304e-01 -1.90228805e-01 -4.17483807e-01
  2.18119115e-01  1.22731857e-01 -9.40392911e-01 -6.61184728e-01
 -3.90708268e-01 -2.36801296e-01 -7.50048086e-02 -9.41760957e-01
  2.10737124e-01  9.18762311e-02 -6.85869977e-02  4.35755491e-01
  6.55624503e-03  5.23173697e-02  2.63327897e-01  4.12435800e-01
  3.27125221e-01 -5.27841270e-01 -8.82996395e-02  1.80286646e-01
 -1.07608419e-02  7.57314712e-02  4.33559537e-01  2.23505148e-03
  1.34608984e-01 -3.60789821e-02 -6.57026768e-01 -1.32698357e-01
 -3.95163506e-01 -8.62202346e-01  3.90648544e-01 -4.85257804e-02
  2.44066179e-01 -4.38990742e-01  3.58604819e-01 -2.36322448e-01
  4.19668891e-02  1.43683150e-01  1.25273690e-02  7.06452206e-02
 -6.10257745e-01  3.14744920e-01 -4.90727723e-01 -4.11903232e-01
  8.03740144e-01  6.32723987e-01 -2.77031273e-01  2.62137149e-02
  3.44409823e-01  4.50162590e-02 -3.13975930e-01  4.23781313e-02
 -2.82185283e-02 -5.54161631e-02 -1.43077955e-01  2.06894383e-01
  3.07502449e-01  2.10439786e-02 -2.29835853e-01 -2.39742830e-01
  5.74667513e-01  4.28124398e-01  2.77385592e-01 -1.01543844e-01
 -8.49071965e-02 -2.14944541e-01 -3.83535475e-01  1.77746221e-01
  1.37170434e-01  6.50477767e-01 -1.97822720e-01  9.01136279e-01
 -1.24171965e-01 -3.45695406e-01  2.91801929e-01  6.94676459e-01
 -1.00216694e-01  2.65137017e-01  1.18587442e-01  1.11891091e-01
 -8.89651358e-01  1.92576736e-01 -2.56352037e-01  2.20070198e-01
  1.24248847e-01  4.35625374e-01  4.67876673e-01 -6.21459007e-01
 -2.60323167e-01 -1.67298496e-01  1.88351333e-01  6.08341210e-02
  5.43614805e-01 -2.58542933e-02  9.34903026e-02  2.46212676e-01
 -1.92727745e-01 -2.98794582e-02  1.24369562e-01  7.80878812e-02
  8.33908319e-01  2.22439915e-01  8.71190205e-02 -2.11816251e-01
 -8.10535669e-01  3.45863700e-01 -6.89836740e-02  1.86973158e-02
  4.62515622e-01 -2.82231331e-01  1.24969304e-01  3.07149708e-01
  6.09694600e-01  1.46806642e-01 -2.99306214e-01 -7.93890119e-01
  1.00233920e-01 -2.04421189e-02 -9.92076397e-02  2.56079793e-01
 -4.15349118e-02  3.64851028e-01  2.03915536e-01 -1.63459256e-01
  3.52919996e-02  5.44714212e-01 -1.73364803e-01  3.65872378e-03
  3.04246575e-01  1.87192932e-01 -4.30703133e-01  9.28122667e-04
 -2.07629338e-01 -4.05075431e-01 -4.26637322e-01 -2.03930631e-01
 -2.27074519e-01 -5.35288043e-02 -1.84056550e-01 -7.97881931e-02
  2.25498512e-01  1.30450606e-01 -1.00639246e-01 -3.92300665e-01
 -3.50677848e-01  5.15872836e-01 -7.76475906e-01 -1.35777131e-01
 -1.23755664e-01  7.65950009e-02 -1.07487820e-01 -1.10861044e-02
 -3.66661578e-01 -1.66465893e-01 -1.05065398e-01  1.48900092e-01
  3.98935229e-02 -4.16027158e-01  2.04854488e-01  2.29957908e-01
 -1.17511697e-01 -7.88458526e-01  1.99353009e-01 -9.32439640e-02
  6.56968772e-01 -1.90095633e-01  2.81826943e-01 -2.75059789e-01
  2.35864297e-01 -3.13181818e-01 -1.30200773e-01  3.28198932e-02
 -1.05836725e+01 -4.90938015e-02 -4.45158988e-01 -1.26329452e-01
 -4.17215824e-01  4.06702816e-01  6.91445172e-01  2.89368570e-01
 -4.18654144e-01  3.56551111e-02  3.73300225e-01  3.36038560e-01
  2.67772228e-01  3.57701659e-01 -6.44478917e-01 -2.05714375e-01
  1.31649956e-01 -8.91802087e-02 -1.39646545e-01 -2.16188714e-01
  2.65375733e-01 -1.75341463e-03  2.89542437e-01  6.34695351e-01
  7.94324726e-02 -5.25712609e-01 -4.68636990e-01  2.96326786e-01
  3.42756063e-02  2.95155644e-01 -3.47007871e-01  1.42052948e-01
  4.79567125e-02  3.19089413e-01 -3.11677724e-01 -2.71849841e-01
 -1.24731869e-01  3.27666491e-01  1.14261262e-01  1.91989005e-01
  2.59902000e-01  6.57625675e-01  2.85983682e-01  8.54373276e-02
  2.72264183e-01  4.46437061e-01  5.17217338e-01  2.94055164e-01
  6.83405817e-01 -4.87478226e-02  2.03231443e-02  3.26814830e-01
 -1.70927256e-01 -1.00325570e-01  3.27387571e-01  4.90538143e-02
  7.69046783e-01 -6.56353056e-01 -4.45701927e-01  7.36973062e-02
 -4.54915389e-02  7.13259354e-02  9.17894423e-01  5.18121719e-01
  3.08233760e-02 -7.76502043e-02  3.12881738e-01  4.84794885e-01
 -5.00979424e-01 -2.22961918e-01 -3.55613269e-02  2.15073958e-01
  1.17330384e-02 -7.69709051e-02 -5.12711585e-01  2.75899589e-01
 -4.08498105e-03 -2.58596897e-01  3.27946901e-01  2.06794024e-01
  1.48800939e-01  2.20320001e-01  1.59264449e-02  1.42602280e-01
 -5.16741991e-01  1.08714618e-01 -2.09900662e-01  1.72531307e-01
  8.48772973e-02 -4.64440048e-01 -7.00366572e-02 -2.24854469e-01
 -3.09130512e-02  7.70375192e-01  4.16402221e-01 -3.29809636e-02
 -9.87273157e-02  1.02551058e-01  5.01251996e-01  2.52322238e-02]"
ド,"[ 4.55315076e-02  1.11755431e+00  2.32576534e-01 -3.21958840e-01
  7.47614861e-01  5.10799587e-01  1.95131972e-01  1.09812263e-02
 -3.30355972e-01 -9.02393982e-02  3.31177711e-01 -1.54019962e-03
 -4.19891864e-01 -3.24253827e-01  4.57445800e-01 -4.27364469e-01
 -4.09955829e-01 -2.05799937e-01  1.01997025e-01 -6.08689785e-01
 -4.50045049e-01 -3.54958773e-01 -2.98420668e-01  3.72499108e-01
  3.64646375e-01 -5.11211693e-01 -6.15701936e-02  3.22499931e-01
  2.21713856e-01 -7.51865923e-01 -1.30349007e-02 -9.61925447e-01
 -2.46155307e-01 -1.08344562e-01 -6.16706371e-01  2.94032812e-01
 -6.27324879e-02 -5.04684746e-02  3.31844389e-01 -1.41736478e-01
  8.70209858e-02 -2.00183123e-01 -1.66388154e-01  1.27112284e-01
 -1.48712769e-01  4.60621148e-01  2.23002717e-01  7.75551081e-01
  3.53919744e-01 -2.19537035e-01 -2.51669526e-01  5.80110431e-01
  1.61497131e-01  3.06547046e-01  4.12699491e-01 -1.15309440e-01
  6.86840415e-01 -6.64283693e-01 -1.21976562e-01 -8.32865089e-02
 -6.72163188e-01 -4.82379436e-01 -4.39141989e-01  8.09119865e-02
 -3.53929341e-01  4.28402811e-01 -4.96427208e-01  5.20951271e-01
  3.44881773e-01 -4.05663490e-01  1.55628294e-01  1.56816673e-02
 -5.53560495e-01 -3.53899628e-01  5.10631382e-01 -2.07908258e-01
  7.81936526e-01 -5.40003359e-01  1.52715027e-01  1.54920578e-01
 -3.53737354e-01  4.76619989e-01  1.14100963e-01 -6.12415135e-01
 -2.85712719e-01 -1.47426501e-01 -9.43577528e-01 -9.65062380e-01
  4.60504442e-01 -2.85127997e-01 -2.08443001e-01  4.80536312e-01
  2.70960107e-02  4.44375545e-01  1.24381810e-01  2.16947019e-01
  2.40557224e-01 -4.31803942e-01 -1.26883090e-01  1.47686675e-01
 -2.15708569e-01  1.00079574e-01  5.20579934e-01 -1.78711131e-01
 -8.07533786e-02  4.91405994e-01 -3.10902685e-01  5.69681883e-01
  9.87765864e-02  3.43720943e-01 -1.40485406e-01 -6.20470226e-01
 -3.93896937e-01 -5.63206486e-02  1.12670824e-01 -5.25189005e-02
 -1.38906091e-01  7.54071414e-01 -4.68264878e-01  4.74120319e-01
 -1.11972459e-01  2.14550972e-01  2.40050629e-03 -5.45545578e-01
 -1.41890496e-01  4.55065876e-01  3.62888277e-01 -3.00867315e-02
 -2.49312203e-02 -3.26199740e-01 -2.32995838e-01 -2.68152356e-01
 -4.81540672e-02  3.38615149e-01 -6.89116299e-01  3.89741987e-01
 -1.61175877e-01  2.85428584e-01 -1.87231809e-01 -3.44847232e-01
 -3.35158765e-01  1.14251338e-01  5.94641566e-01 -5.95182776e-01
 -2.75190800e-01  4.20189559e-01  9.40943956e-02 -5.69419980e-01
  2.70485938e-01  3.65358621e-01  5.51536679e-03  1.10252082e+00
 -7.91772962e-01 -2.90080994e-01  4.76526469e-01  2.50107318e-01
 -3.62200499e-01 -4.11701538e-02 -1.45468544e-02  8.14491689e-01
  8.68468266e-03  3.47299082e-03  2.12257862e-01  4.26737428e-01
  7.06742406e-02  5.32699704e-01  7.06891656e-01 -1.88672602e-01
  2.34730989e-01  5.82557380e-01  3.37686628e-01  2.60598183e-01
 -1.75097615e-01 -3.82202417e-01  1.76600382e-01  2.46852100e-01
  7.39481926e-01  1.87200159e-02  5.61777055e-01 -3.73308599e-01
 -3.51623416e-01  8.32774639e-02  4.02914912e-01 -9.02503908e-01
  7.07336664e-01 -1.21645108e-02  1.55199617e-01  2.90937871e-01
 -3.79981339e-01  4.20105718e-02 -1.06332853e-01 -1.20890453e-01
 -2.27990746e-01 -5.23127377e-01 -3.76971304e-01  1.65440127e-01
  3.23129207e-01  3.30207705e-01 -5.13428986e-01  3.67783904e-01
  1.65996119e-01  2.96532631e-01 -4.66203213e-01 -8.11758876e-01
 -8.01783025e-01 -3.27615887e-01  2.71572620e-01  4.00009006e-01
  3.10397416e-01  1.14281438e-01 -6.72237575e-02 -6.80930614e-02
  3.73996586e-01  3.51493619e-02  1.08186889e+00 -2.29946718e-01
 -1.18893516e+00 -7.12735474e-01 -1.95729826e-02 -3.28347147e-01
 -1.62485942e-01  5.81881218e-02  4.63397473e-01 -9.89036635e-02
 -7.56534711e-02  4.22470033e-01  7.58683860e-01 -1.31244631e-02
 -1.83842465e-01  4.14778352e-01 -2.77423561e-01 -7.32342899e-01
 -8.95318925e-01  1.46392554e-01 -5.18827260e-01  2.32696503e-01
  5.14056608e-02  5.12724996e-01 -2.08409391e-02  6.26272440e-01
 -1.19962409e-01  2.50342011e-01  4.02904928e-01 -4.22562242e-01
  2.43577808e-01  9.15516540e-02 -3.76591474e-01 -9.26035866e-02
 -1.81203380e-01 -3.65991503e-01 -7.28313625e-01 -5.40764391e-01
  8.18124115e-02 -1.25387013e-01  3.47557366e-01  6.98478580e-01
 -9.86943245e-02 -1.26807429e-02  1.13970272e-01 -1.94940314e-01
 -5.87723672e-01 -8.35766017e-01 -2.66215324e-01  3.99192363e-01
 -2.62882616e-02  6.98470846e-02  2.77764142e-01  5.45241572e-02
 -2.32588381e-01 -5.78888476e-01 -9.45299026e-03 -5.43452561e-01
 -5.66882491e-01 -2.20999479e-01 -5.42185545e-01 -1.01815611e-01
  2.53356725e-01  5.66718996e-01 -1.35609865e-01  2.61967599e-01
 -2.85428762e-02  8.78275096e-01 -5.51714778e-01 -1.46154299e-01
  9.40372497e-02 -9.41233486e-02 -2.54329860e-01 -7.30964303e-01
 -9.44521666e-01  2.08244026e-01  1.72847524e-01 -1.89614311e-01
 -3.16914916e-01 -7.17748180e-02 -7.12906182e-01  4.76904511e-01
  2.16579884e-01 -2.84142941e-01  2.91102529e-01  1.10423535e-01
  6.53563321e-01  4.11990315e-01  4.19668168e-01 -1.48836583e-01
 -7.21823514e-01 -4.04432923e-01 -2.54182786e-01  5.50036788e-01
  7.90183246e-02 -2.65042305e-01  3.59886646e-01  8.03833663e-01
 -3.30285639e-01 -1.55856267e-01  9.20703411e-01  2.73477077e-01
 -1.48055542e+00 -2.09883302e-01  9.85985279e-01  4.44575518e-01
 -3.68259370e-01  5.19403994e-01 -5.20439781e-02  1.65162355e-01
 -1.76043898e-01 -5.38102150e-01  7.42182672e-01 -2.75989711e-01
 -2.50312060e-01 -2.47410357e-01  1.03768818e-01 -3.15879211e-02
  2.60065556e-01 -3.54988128e-01  4.37795639e-01  3.69109482e-01
 -9.82329965e-01 -4.29556705e-02  3.37161660e-01 -5.54540642e-02
 -7.80307949e-02  3.29323262e-01  3.20045799e-01  3.08395505e-01
 -5.04183650e-01 -2.36765802e-01  1.19650744e-01  1.21294975e+00
  4.74753708e-01  4.97335583e-01 -8.21120068e-02 -3.80508482e-01
  5.10926187e-01 -1.98383629e-02  1.54334888e-01 -2.96208054e-01
  1.67447347e-02  8.60470682e-02  1.68188468e-01 -1.64839566e-01
  4.23358232e-01  1.43127264e-02 -2.77433157e-01  2.30011255e-01
  3.62777293e-01  2.59514451e-01  6.91717684e-01 -1.10888518e-01
  2.75709212e-01  4.16298300e-01  2.54351974e-01  9.60005894e-02
  3.29575539e-02 -5.81822544e-02  2.16672763e-01 -2.64051408e-01
  2.54324041e-02 -3.62642407e-01 -1.78867087e-01  3.10761034e-01
 -1.03068270e-01 -2.65651405e-01 -6.60433024e-02 -2.03510582e-01
 -2.60204136e-01 -6.52118623e-01 -1.96432471e-01  5.02503626e-02
  1.16004296e-01 -5.46934724e-01  2.83550560e-01  5.81880987e-01
  3.76488566e-01 -1.37686104e-01 -2.11970657e-01  2.32429311e-01
 -2.80458689e-01  5.17517217e-02  5.40854037e-01  6.81786314e-02
 -1.12886243e-01 -2.36835539e-01 -2.43052214e-01 -2.80264229e-01
 -8.58571768e-01 -6.98700964e-01 -7.87719667e-01  1.54490083e-01
  3.78914960e-02  5.91637850e-01 -2.83047676e-01  2.72194564e-01
  3.83623183e-01  6.06366396e-01 -4.16234672e-01 -6.45413041e-01
 -3.70604008e-01  1.32641703e-01 -1.51656121e-01  6.30757306e-03
  2.56741434e-01  3.21171314e-01  2.61879623e-01  2.72517830e-01
 -3.00316364e-01  3.72765511e-01 -2.79667705e-01 -2.64698863e-01
  6.81614459e-01 -2.63181955e-01  2.82554533e-02 -5.06602563e-02
  4.60825600e-02  7.93179989e-01 -4.62586552e-01 -8.16000760e-01
 -5.75939119e-02  3.32432054e-02 -3.44895184e-01  8.19839478e-01
  1.98205397e-01  7.84979701e-01 -9.80474949e-02  1.96167499e-01
  8.87225568e-02 -3.44812065e-01  7.09101081e-01 -6.76544905e-01
  1.67844206e-01 -7.21417516e-02  5.22601664e-01  3.86695564e-01
  5.43839037e-01  1.67074978e-01 -2.05198348e-01  7.63194114e-02
 -8.17956388e-01  1.87827051e-01  5.14328301e-01  4.63790357e-01
 -2.11256728e-01  2.53326654e-01 -3.81755769e-01  2.92500407e-01
 -7.36772045e-02 -5.82855567e-02  3.24584484e-01  5.38300097e-01
  3.77806067e-01 -3.39343131e-01 -5.89413226e-01 -1.95186347e-01
 -8.90896559e-01  2.95145035e-01 -1.33885816e-01  1.02199644e-01
  2.98054338e-01  3.32502574e-01 -5.38739681e-01  2.91222364e-01
  1.38280317e-01  3.08557600e-01  5.49443625e-02 -4.47300941e-01
 -3.00204694e-01  5.77725112e-01  1.79659590e-01  3.94515619e-02
  2.07430467e-01  7.31396675e-01 -5.12926519e-01 -2.86403358e-01
  3.72885615e-01 -1.20520540e-01 -1.17090791e-02 -3.28241348e-01
  5.40440321e-01  2.35907137e-01 -4.13057894e-01 -1.63695458e-02
 -2.38099456e-01 -4.49655086e-01  3.90577495e-01 -1.54896393e-01
 -3.61666262e-01 -6.32753456e-03 -1.75133988e-01  3.90436858e-01
  7.49638200e-01 -5.30076683e-01 -2.81725585e-01  3.07649881e-01
  1.62358254e-01 -2.88051724e-01  2.39426330e-01 -3.19162458e-01
  7.56315142e-02 -2.80314852e-02  5.38301647e-01 -5.84745072e-02
  2.68732280e-01 -7.35778585e-02 -1.08876824e+00 -1.72088996e-01
 -2.88106650e-01 -9.14527535e-01  1.73389897e-01  2.12015688e-01
  7.23597109e-01 -7.80504167e-01  1.40555725e-01 -4.63976711e-01
  1.71863347e-01 -4.03306484e-02  2.07838729e-01 -1.13437563e-01
 -8.72646987e-01 -2.70157754e-01 -4.01931971e-01 -9.18276191e-01
  5.21984398e-01  1.07134497e-02 -5.95794141e-01  3.51455957e-01
  4.69397217e-01  2.18168497e-01 -2.67468423e-01 -2.59960651e-01
 -1.19215600e-01  2.92843878e-01  3.06437872e-02 -9.15895998e-02
  4.08497691e-01  5.22224009e-01 -4.91925776e-01  2.04182178e-01
  8.30911100e-01  5.28829277e-01  7.85694003e-01  4.86160666e-01
 -1.92168981e-01 -7.58914277e-02 -5.12657225e-01  2.84515560e-01
  1.90621048e-01  4.56086755e-01 -3.04732233e-01  1.79097265e-01
  1.96817890e-02 -1.62735179e-01  2.57049859e-01  9.36145365e-01
  2.20835879e-01  8.45273614e-01 -9.66596529e-02  5.99004067e-02
 -9.07098830e-01 -7.08995610e-02  2.59755291e-02 -4.93510127e-01
 -2.28941545e-01 -2.77773470e-01  1.58618689e-01  3.68444510e-02
  3.46885145e-01 -4.76304442e-02 -1.03774622e-01 -1.64152473e-01
  3.50193560e-01 -2.02909589e-01  5.38882077e-01  5.21877825e-01
 -7.19965875e-01  3.78570318e-01 -1.83089614e-01  3.52429897e-01
  7.73001313e-01  1.21438175e-01  4.32219416e-01 -2.50856370e-01
 -6.10104203e-01  4.24617618e-01  5.48097901e-02 -7.75216753e-03
  4.32025224e-01 -3.00250858e-01  1.31285414e-01  3.74121040e-01
  3.56966496e-01 -1.18624613e-01 -3.93697172e-02 -8.00083280e-01
  2.20604897e-01 -3.44235264e-02 -8.08074474e-01  2.06579664e-03
  4.73022535e-02  1.75712317e-01 -2.06864432e-01 -5.54128766e-01
  3.28743756e-01 -2.38005370e-02 -3.47273163e-02 -2.26674736e-01
  3.85114431e-01  1.62571698e-01  1.18773490e-01  3.42263758e-01
  6.19489729e-01 -1.83380139e-03 -1.32681713e-01  5.43957651e-01
 -1.22049332e-01 -3.73058021e-01  3.41446698e-01  4.07545894e-01
 -9.99799445e-02 -3.87736112e-01  1.99082986e-01 -3.44607979e-01
  2.38866389e-01 -3.22737634e-01 -4.21933740e-01 -1.51335597e-02
 -6.28197342e-02  2.55022407e-01  3.45618248e-01 -6.63866028e-02
 -4.38629985e-01 -4.68990803e-01 -1.89684182e-01 -1.88217252e-01
 -7.86879897e-01 -2.48291731e-01  4.73972648e-01 -2.76552647e-01
 -2.79158682e-01 -1.24078703e+00  3.88753533e-01  1.73638493e-01
 -1.92997756e-03 -4.55608934e-01  5.01871288e-01  2.57328432e-02
  1.03665382e-01 -1.63757652e-01 -5.17868936e-01  4.33847964e-01
 -1.01105719e+01  6.14515953e-02 -5.47154248e-01 -5.84152520e-01
  1.62509561e-01  1.76520169e-01  9.39229727e-01  4.49118584e-01
 -2.85923094e-01  6.45708069e-02 -3.96921039e-01  1.57889232e-01
  2.04660401e-01  6.15660787e-01  5.76042719e-02  1.88562404e-02
 -2.82132745e-01  1.88882127e-02 -4.06774879e-01 -3.25595215e-02
 -1.90356180e-01 -3.47908974e-01  8.18647087e-01  3.50688815e-01
 -1.97529286e-01 -4.10449266e-01 -1.66400269e-01 -3.63952190e-01
 -3.62812459e-01  1.20507255e-01 -1.09540057e+00  1.14383745e+00
  2.03297228e-01  5.98883107e-02  5.53371534e-02 -1.91985965e-01
 -1.52093470e-02  1.45486668e-02 -5.30895233e-01  4.76681203e-01
  1.70698315e-01  8.38994563e-01  1.97993353e-01 -5.24232805e-01
  3.74485224e-01 -2.77686659e-02  3.91069680e-01  1.95419136e-02
  1.71389148e-01 -3.36142689e-01 -2.95087099e-01 -1.16306106e-02
  2.42438808e-01 -2.21141651e-01  2.98136950e-01 -6.06329441e-01
  1.60945356e-01 -9.52497661e-01  3.12873840e-01  8.50829706e-02
  4.78727728e-01 -1.17156260e-01  6.27334356e-01  3.14706266e-01
  8.76415819e-02  6.82443798e-01 -1.28832281e-01  2.48414695e-01
 -3.20647269e-01  1.92922726e-01  3.81642669e-01 -1.73503876e-01
  5.88144362e-02  8.53994191e-02 -4.15856063e-01 -7.12278336e-02
  2.57334232e-01 -5.90681285e-02  6.68320715e-01  7.81078488e-02
  3.00986588e-01 -2.35781461e-01 -9.86617357e-02  2.43246689e-01
 -7.73735046e-01  3.72999050e-02  2.21975390e-02 -6.01805151e-01
  4.07343268e-01 -4.90831435e-01  3.36940438e-01 -2.12287992e-01
 -3.89651537e-01  1.25789598e-01  3.83134156e-01 -6.11753874e-02
  4.56875890e-01  6.00942850e-01  3.94244462e-01 -4.95429456e-01]"
ヲ,"[ 3.20455879e-01  4.85528201e-01  3.86574492e-02 -6.65199518e-01
  4.90829684e-02  9.40057859e-02  6.29144609e-01  6.50162622e-02
 -4.89691883e-01 -3.03456634e-01  5.31316340e-01 -4.87235278e-01
 -4.01360124e-01  5.21582030e-02  1.01046935e-01 -9.11417380e-02
  9.52261090e-02 -8.15162212e-02  9.27488226e-03 -2.26725832e-01
  2.84782816e-02 -6.86816037e-01 -1.29417747e-01  1.22092009e-01
 -8.53891373e-02 -4.03358489e-01 -2.69041598e-01  5.19365191e-01
 -1.82863161e-01 -1.66871876e-01 -5.53688586e-01 -4.23616081e-01
  1.36358887e-01 -4.30458551e-03  2.77135611e-01  7.77556598e-02
 -3.49789023e-01  4.05227654e-02  2.74362504e-01 -4.47582781e-01
 -3.58385444e-01 -3.52921605e-01 -3.72211069e-01 -2.59282105e-02
  2.64020532e-01  1.98842380e-02  3.64948809e-02  3.88975531e-01
  8.04247975e-01  3.28020304e-01  5.30457161e-02  4.03200507e-01
  2.71628350e-01 -8.41557886e-03 -1.87746182e-01  5.36935292e-02
  6.73100114e-01 -2.94682473e-01  3.38887990e-01 -4.79425155e-02
 -4.56800044e-01 -2.46020645e-01 -5.80902457e-01 -2.07321137e-01
 -3.00304592e-01  5.82445264e-01 -9.96634290e-02  5.12287438e-01
 -1.29825041e-01 -1.36901870e-01  1.15925714e-01  1.94971450e-02
 -2.21286893e-01  1.42700151e-01  4.99672860e-01 -4.10564214e-01
  5.98120034e-01  1.28348768e-01  5.32594204e-01 -1.66004542e-02
 -5.26465476e-01  4.19118047e-01 -2.81153992e-02 -7.38647521e-01
  4.00289625e-01  3.15287977e-01 -8.22727740e-01 -5.90892315e-01
  6.36773407e-01 -2.95071781e-01 -5.18885016e-01 -2.03167707e-01
  4.34820801e-01  6.24515116e-01  1.11944474e-01 -3.08893889e-01
  1.62725434e-01 -1.84761748e-01  2.04969570e-01 -2.59799268e-02
 -2.98563957e-01 -4.02793467e-01  8.79792511e-01 -8.24323535e-01
 -2.57798940e-01  6.18682921e-01 -1.28181174e-01  2.89609283e-01
  2.86314964e-01  5.28106213e-01  5.56381524e-01 -7.00878263e-01
 -2.35729754e-01  2.59706110e-01  2.34842807e-01 -1.52508333e-01
  3.96202326e-01  1.96990281e-01 -1.90536037e-01  7.06462562e-02
  2.31352106e-01  7.84801722e-01 -1.32107154e-01 -3.34127247e-02
 -2.28415132e-01  2.11748958e-01  4.62207615e-01 -1.72553629e-01
  1.42044038e-01 -1.54703960e-01 -1.59650818e-01  2.37332270e-01
 -8.16425383e-02 -1.29605308e-01 -2.83813149e-01  6.19144559e-01
  9.27719399e-02  3.53635281e-01 -1.03334516e-01 -7.65228570e-01
 -2.81261653e-01  5.12293652e-02  5.68125963e-01 -1.68940187e-01
 -2.22227827e-01 -2.29301050e-01  1.71002388e-01 -2.10613728e-01
  2.61455029e-01  5.95423102e-01 -3.80027890e-01  4.95595455e-01
 -5.65086901e-01 -1.82464063e-01  3.84702623e-01 -1.07584968e-01
 -6.30381405e-01  1.44960672e-01  7.65232965e-02  2.35061765e-01
  3.68336797e-01 -5.44574142e-01  1.09689243e-01  3.87932241e-01
  4.54646975e-01  8.85230720e-01  1.49101213e-01 -9.20034945e-02
  3.86218905e-01  9.72686470e-01  6.58333838e-01  4.99584526e-01
  7.84792006e-01 -4.84414190e-01  4.25960511e-01  4.84428942e-01
  1.06477767e-01 -3.95479560e-01  2.42816821e-01 -6.54241621e-01
 -1.51081979e-01  1.31485626e-01 -3.71761829e-01 -3.18577409e-01
  2.69378930e-01 -3.41590554e-01  5.52491546e-01  3.14870514e-02
 -2.09436014e-01  1.54398188e-01 -3.24402809e-01 -4.81576592e-01
 -1.51966467e-01 -2.99409300e-01 -6.92118883e-01  2.44533688e-01
 -2.72238970e-01  9.51792821e-02 -3.40509117e-02  4.66062903e-01
 -3.07929330e-02 -1.61566287e-01 -8.00750613e-01 -5.87814510e-01
 -6.24364674e-01  3.35855573e-01  1.03580274e-01  5.16731858e-01
  6.17095828e-01  1.70042161e-02 -8.07152390e-02  1.23389729e-03
  2.58790284e-01  2.37485513e-01  4.09036547e-01 -3.44159454e-01
 -4.06849235e-01 -1.94180921e-01  2.16387123e-01  6.34656727e-01
  2.21931443e-01  2.32099295e-01  6.82182074e-01 -5.36699630e-02
 -5.57579622e-02  3.33146513e-01  1.47742391e-01  1.19394496e-01
  4.75608140e-01  5.95162697e-02 -1.83824226e-01 -4.93402213e-01
 -8.60750198e-01  5.87736815e-02 -1.93676218e-01  1.15055591e-02
 -3.75082672e-01  6.43787503e-01  5.97757936e-01 -4.25830856e-02
 -1.73084974e-01 -1.65008366e-01  1.53626978e-01  3.86587693e-03
 -5.98010004e-01  5.35377443e-01  1.01748638e-01  2.74135824e-02
 -7.06258342e-02  2.42647598e-03 -8.24796617e-01 -6.15157425e-01
  1.68529868e-01  2.02207282e-01  3.99445951e-01  2.38968626e-01
  1.54591620e-01 -6.13805890e-01  5.57384863e-02 -3.76970738e-01
 -3.04839551e-01 -7.29912221e-01 -3.74996334e-01 -3.69314760e-01
 -2.31376946e-01 -5.48492037e-02  2.48737127e-01 -2.83017129e-01
 -5.71586251e-01 -7.56170392e-01  1.53585887e-02 -1.77678585e-01
 -2.37398401e-01  1.69717237e-01 -5.37549257e-01 -9.90006328e-02
 -1.95724770e-01  3.69285077e-01 -5.26325941e-01  3.03290300e-02
 -4.08769727e-01  4.96332556e-01 -4.01029289e-01  2.51471967e-01
  2.64965147e-01  3.72402787e-01 -2.48919144e-01 -8.02912593e-01
 -9.11488235e-02  3.02096516e-01  1.46323100e-01 -3.20416480e-01
  1.37850538e-01 -3.39513034e-01 -2.29342058e-01 -8.27428699e-02
  4.04057294e-01 -2.76278704e-01  1.90900117e-01  5.71515188e-02
  7.91048706e-01 -3.18401992e-01  6.14631355e-01  4.84840095e-01
 -2.61606038e-01 -2.66214579e-01 -9.87711155e-06 -3.45525384e-01
  2.66577899e-01 -2.44530931e-01 -2.61648968e-02  7.65033245e-01
 -2.63371885e-01 -1.45808710e-02  7.10641816e-02  2.15044856e-01
 -1.74088526e+00  2.82590419e-01  1.80699706e-01  1.66763529e-01
 -5.11777639e-01  8.39743435e-01  4.12721097e-01  1.31881297e-01
 -1.02715686e-01  2.99286731e-02  5.98883390e-01  3.72548044e-01
 -7.59102553e-02  3.35805148e-01  6.93007335e-02 -1.52767941e-01
  1.76132135e-02 -3.09172779e-01 -8.56363550e-02  4.91534233e-01
 -2.47750767e-02 -3.22969884e-01  6.14094064e-02 -5.40919662e-01
  1.20541379e-01  2.12103814e-01 -4.61340174e-02  3.74266654e-02
 -1.42539963e-01 -6.83405221e-01  3.11843097e-01  7.85870135e-01
  3.29594076e-01  4.99253869e-01 -3.44457060e-01 -2.63788074e-01
  3.26521069e-01 -6.84621707e-02  4.15456295e-02  2.56737471e-01
 -1.51744351e-01 -1.33956969e-01  1.02802277e+00  5.75925291e-01
 -2.47844607e-01 -6.04220852e-02  2.14361604e-02  3.14754359e-02
 -2.56836385e-01 -2.48998165e-01  6.61537886e-01 -3.13007273e-02
  2.91762233e-01  3.39498967e-01  4.33820337e-01  6.20629638e-03
 -1.66797251e-01 -1.86020449e-01  4.02532697e-01 -8.26052308e-01
  4.70805764e-01 -1.74912900e-01 -8.55461136e-02  9.28791463e-02
 -4.37504262e-01 -1.46654174e-01  1.91152543e-01 -3.52618217e-01
 -2.48154104e-01 -5.70914686e-01 -1.77061602e-01 -2.28446215e-01
 -2.80090094e-01 -3.50355387e-01  2.20363483e-01 -1.20312892e-01
  1.21175185e-01 -5.08134425e-01 -5.03873155e-02  3.48210067e-01
 -1.36223733e-01 -5.64797744e-02  1.40334606e-01  2.92404503e-01
 -2.01735601e-01 -4.53456283e-01 -4.40192372e-01 -7.48599470e-01
 -6.47184849e-01 -1.86269224e-01 -1.71778843e-01 -1.72408059e-01
  8.26343447e-02  1.67420343e-01  7.03337640e-02  3.90617400e-02
 -1.28400810e-02  3.80258799e-01 -4.53642070e-01 -7.82600999e-01
 -2.81409621e-01  5.62509239e-01  5.05380452e-01 -7.11044967e-02
  4.47337687e-01  1.19841181e-01 -1.26887402e-02 -2.21837357e-01
  5.78853264e-02  3.58361870e-01 -8.81433547e-01  1.83538869e-01
  3.54167104e-01 -7.25191981e-02  5.35488687e-02  2.23745108e-01
 -1.66750327e-01  4.65683907e-01 -2.98986882e-01 -6.98552072e-01
 -5.02876461e-01  1.99477449e-01  2.91617960e-02  6.44784331e-01
  6.39089823e-01  1.02140081e+00 -5.33311903e-01  1.90039482e-02
  4.15926695e-01 -3.43969136e-01  4.85983580e-01  7.82874972e-02
 -5.28586745e-01 -1.93075001e-01  3.81051809e-01  6.70702159e-01
  3.19797754e-01  1.90368921e-01 -1.06464393e-01  8.75580162e-02
 -3.27784151e-01  6.50975034e-02  2.06476808e-01  3.19554448e-01
 -3.38597804e-01  3.72130275e-01 -4.09669489e-01  9.89624858e-02
 -4.35712308e-01 -3.57734323e-01  8.11883867e-01  2.13762656e-01
 -8.95203836e-03  1.70197353e-01 -5.67706406e-01 -4.17617172e-01
 -5.24898887e-01  7.38669280e-03 -2.90515453e-01  4.13917005e-01
  3.09732735e-01 -1.86425764e-02 -7.28797436e-01 -3.84173244e-02
 -4.35743034e-02  4.85654116e-01  7.11939514e-01 -5.33730626e-01
 -1.19508535e-01  4.53990757e-01 -2.37971544e-01 -6.39684498e-02
  5.98197222e-01  4.27609861e-01 -4.89585055e-03 -6.46053314e-01
  2.52503604e-01  3.10373515e-01  1.83103547e-01 -2.67240793e-01
  4.88578737e-01 -5.24961855e-04 -6.60420418e-01 -5.46648949e-02
 -3.45778525e-01 -3.20866317e-01 -1.63848534e-01 -5.00056922e-01
 -2.02728733e-01 -5.74969590e-01  1.26640990e-01  3.84569734e-01
  7.94918060e-01 -7.57155120e-01  2.22761512e-01  2.87487030e-01
  1.11168951e-01  4.77523386e-01 -6.45553768e-02  1.19073922e-02
 -2.42397070e-01 -1.24473646e-01  7.17616439e-01  5.69379926e-02
  2.11796865e-01 -3.09639663e-01 -4.82532889e-01  2.08854020e-01
 -3.55385810e-01 -1.04204905e+00  7.79356420e-01  1.26644270e-02
  4.13283795e-01 -7.08176076e-01  1.49345323e-01 -7.65169740e-01
  3.25407041e-03 -9.14791077e-02  9.78366658e-02 -1.11654550e-01
 -8.75704169e-01 -3.13991636e-01 -1.59094304e-01 -5.66377580e-01
  5.02381623e-01  4.60236013e-01 -9.82158959e-01 -1.58259675e-01
 -7.09792553e-03 -2.53142744e-01 -3.60427290e-01 -9.41133052e-02
 -7.88796425e-01  2.21928880e-01  3.75554144e-01  5.31251192e-01
  1.59806967e-01  2.59240985e-01 -3.50378543e-01 -4.55179930e-01
  9.46708381e-01  2.26078078e-01  3.70821685e-01  2.14122698e-01
 -2.14330301e-01  3.57138246e-01 -4.92413610e-01  4.19325262e-01
 -2.25655571e-01  6.13506436e-01 -1.03066795e-01  5.48817873e-01
  1.62576661e-01 -4.67727184e-01  4.33758684e-02  9.87399459e-01
  4.14647222e-01  6.22174799e-01 -3.47541161e-02 -4.45516318e-01
 -9.75279927e-01  6.19540274e-01 -7.52112418e-02  7.07108974e-02
 -2.23059371e-01 -1.69125527e-01 -8.87128338e-02 -7.56355643e-01
 -2.03510106e-01  5.69104254e-01  1.23496614e-01  5.35952330e-01
  9.08351988e-02  2.64063943e-03  8.01284075e-01  3.36239070e-01
 -5.43836057e-01  6.21774942e-02  2.11588725e-01 -1.34831443e-01
  3.84201884e-01  5.09960711e-01  2.37459362e-01 -6.87472671e-02
 -1.14118588e+00 -1.12966016e-01 -3.90985548e-01  4.26523566e-01
  3.41002733e-01 -3.35113883e-01 -3.04574966e-01 -2.02447176e-01
  6.51141346e-01  1.18816122e-02 -1.18034661e-01 -3.92895758e-01
  8.02096874e-02  1.81320850e-02 -3.09682339e-01 -4.04152870e-02
  3.72565597e-01  4.21107590e-01 -3.59532654e-01 -1.72240123e-01
 -1.53076619e-01  2.77862638e-01 -3.64395380e-01 -4.84514445e-01
  2.74763316e-01  6.99016154e-02 -2.01612666e-01 -2.32675895e-02
  1.87882110e-01 -4.56029713e-01 -1.54521242e-01 -6.84470087e-02
 -5.71183205e-01 -7.74160549e-02  2.26110682e-01  2.77084291e-01
  1.02772802e-01  1.36934027e-01  5.50413504e-02 -3.40131134e-01
  3.45117688e-01  1.43045232e-01 -9.15470600e-01 -1.72058985e-01
 -2.54767001e-05  2.42415026e-01  4.37476575e-01  2.34339967e-01
 -2.35866278e-01  1.98669240e-01 -5.19523144e-01 -3.09079867e-02
  2.12848380e-01 -5.26628911e-01  2.32067794e-01 -4.97545041e-02
 -4.03855115e-01 -1.26020944e+00  3.59481364e-01  4.09864224e-02
 -1.61884546e-01 -1.44862935e-01  2.41664592e-02 -3.81735750e-02
  2.51696318e-01  1.24813408e-01 -2.56904602e-01  2.69139051e-01
 -1.01839027e+01 -2.56715000e-01 -7.18460202e-01 -6.79630518e-01
 -3.51159900e-01  3.78977835e-01  6.48255169e-01  4.52355385e-01
 -2.73004800e-01  4.89516914e-01 -1.09148540e-01  3.03975284e-01
  1.72423244e-01  5.18298745e-01  1.84263717e-02 -7.57041294e-03
  2.14918777e-01 -9.09195468e-02 -2.01914892e-01 -3.10897201e-01
 -5.79622425e-02 -1.13314852e-01  6.72418773e-01  6.76067993e-02
 -3.90843190e-02 -6.40587747e-01 -3.95063907e-01  3.10825318e-01
  5.64018674e-02  5.07270932e-01 -5.50993800e-01  1.00702178e+00
 -4.92061526e-01  4.78999227e-01 -2.84120262e-01 -5.64695120e-01
 -1.35040656e-01  1.90320268e-01  2.12933123e-01  6.92360878e-01
 -4.86094952e-02  6.78657949e-01  1.88240364e-01  2.13950887e-01
  3.85446399e-01  1.51423872e-01  2.53877461e-01  8.11235547e-01
  2.59626895e-01  3.86650443e-01 -2.08261326e-01 -3.06865305e-01
  2.08678946e-01  1.30409017e-01  9.34861898e-02 -1.98082924e-01
 -1.50705472e-01 -8.94274652e-01 -3.28174800e-01 -2.26006404e-01
  5.08023143e-01 -1.44763812e-01  7.43415415e-01  6.46694541e-01
 -4.47029501e-01 -2.55549818e-01  3.53536785e-01  3.17102760e-01
 -6.13859534e-01 -1.94112897e-01  5.54634154e-01 -4.73646849e-01
 -5.34936599e-02  1.91792250e-01 -6.95120811e-01  5.46485841e-01
  2.73507684e-01 -2.49431476e-01  7.68069088e-01  3.17653507e-01
  6.65317059e-01  1.69256791e-01 -4.70712006e-01  2.70485371e-01
 -9.56245601e-01  7.43104517e-01  5.06362431e-02  2.95341223e-01
 -2.51233578e-01 -3.25440615e-01  6.69067085e-01  2.44053409e-01
 -1.78112477e-01  1.24390073e-01  2.58728713e-01 -5.26339889e-01
  2.78722107e-01  3.45656484e-01  4.04441178e-01  2.08187848e-01]"
ホ,"[-6.58295080e-02  3.72778177e-01  1.82021782e-01 -3.23179990e-01
  1.04814015e-01  4.80331808e-01  2.95477748e-01  2.69492507e-01
 -2.27916986e-01 -5.55236459e-01  3.61344725e-01 -1.31318286e-01
 -6.64863527e-01 -1.57437727e-01  3.03965986e-01 -4.40114856e-01
 -1.13611454e-02  1.67503849e-01 -1.23980217e-01 -5.97841859e-01
 -5.11857152e-01 -7.42383718e-01 -1.53813541e-01 -6.39555743e-04
  1.99856639e-01 -2.99629539e-01 -3.39202136e-02  2.87709385e-01
 -8.77935626e-03  1.05714805e-01 -4.55078661e-01 -6.09473109e-01
 -9.16380286e-02 -2.59667218e-01 -2.36372560e-01  4.01530802e-01
  2.54705310e-01  1.23386964e-01 -1.03006616e-01 -1.43205240e-01
 -1.07604340e-02 -1.44781247e-01 -2.44272233e-04 -4.82069582e-01
 -4.79154848e-02  4.80505586e-01  2.26407293e-02  5.03615737e-01
  6.19541168e-01  1.83892965e-01 -1.34474754e-01  2.04372495e-01
 -4.26079892e-02 -1.48145303e-01  1.93711147e-01 -2.38595620e-01
  1.77027211e-01  4.67835106e-02 -1.85349867e-01  8.77698362e-02
 -4.38440919e-01 -5.36066592e-02  1.95153669e-01  1.52999297e-01
 -6.80411458e-02 -1.53000459e-01  3.12220246e-01  9.66205895e-02
 -3.82074416e-01 -3.41188014e-01 -9.96837541e-02  2.74092257e-01
 -1.11824453e-01 -4.48224336e-01  6.30958140e-01 -4.08659801e-02
  3.84613007e-01 -3.16461146e-01  2.30957359e-01 -6.54704943e-02
 -4.42419112e-01  3.59233052e-01 -2.40688860e-01 -3.83088559e-01
  9.29616466e-02  1.84297726e-01 -5.88076174e-01 -3.33717316e-01
  1.80433214e-01 -1.62176758e-01  3.91140990e-02 -1.65283144e-01
  4.86469150e-01  2.03766063e-01 -1.78438500e-01 -1.74682271e-02
  1.52167141e-01 -1.45687848e-01 -1.61973417e-01  1.94916427e-01
 -5.37099577e-02 -1.83340505e-01  2.95906723e-01 -1.34383544e-01
 -2.09436402e-01  1.39297128e-01 -2.42718220e-01  9.78012457e-02
  2.71152914e-01  9.15098041e-02 -2.02075288e-01 -2.89102912e-01
 -2.57172287e-01  3.25633407e-01 -4.95517142e-02 -1.23019159e-01
 -5.83152920e-02  1.50816336e-01 -1.59835726e-01 -1.80488527e-02
  3.26425940e-01  7.29968190e-01 -1.90083146e-01  2.86410749e-02
 -1.20934755e-01  1.57865599e-01 -1.00624189e-01 -2.94737071e-01
 -1.22186849e-02 -4.77081358e-01  1.95815712e-02  2.06409499e-01
 -5.16727209e-01 -1.21586345e-01 -1.74652636e-01  7.22440422e-01
  5.09730130e-02 -2.19047025e-01 -3.87035348e-02 -6.48658872e-01
 -7.19963983e-02 -2.43320931e-02  1.95679516e-01 -3.04376453e-01
 -2.65672356e-01  1.73963130e-01  1.57428011e-01 -4.79998142e-01
  4.62403625e-01  2.31035843e-01 -7.76454747e-01  5.92460573e-01
 -2.93447793e-01 -1.24810062e-01  8.63439739e-02  2.14903653e-01
 -7.70692527e-01  3.67526054e-01  1.06517851e-01  4.52467591e-01
  6.38523102e-02 -4.71879631e-01 -6.65073749e-03  6.89562619e-01
  3.03649046e-02  4.96952891e-01  3.32976282e-01  1.62965834e-01
  1.74313560e-01  9.59600627e-01  1.16002083e-01  5.14895618e-01
  1.62817702e-01 -2.17223018e-01  2.75904596e-01  5.26109636e-01
  1.47666663e-01  4.37709659e-01  1.24668248e-01 -5.03913522e-01
  2.70365626e-01 -2.84602404e-01 -1.36368617e-01 -2.15274677e-01
  1.89982876e-01 -3.21594179e-01  1.01077229e-01  2.92672276e-01
  1.89896882e-01 -1.89282615e-02 -1.52162313e-01 -3.39273423e-01
  2.28938490e-01 -4.23144698e-01  1.81547906e-02 -3.81597690e-02
 -1.89253330e-01 -3.14668864e-01  2.33606517e-01  1.85052305e-01
 -1.94207747e-02  2.09598601e-01 -5.19624412e-01 -5.77574670e-01
 -1.16202557e+00 -2.55526721e-01  3.30076180e-02  5.52513301e-01
  2.92695016e-01 -1.62519366e-01 -2.08020464e-01  2.88572401e-01
  3.52489442e-01  3.18059400e-02 -5.48414737e-02  5.30523509e-02
 -1.88695282e-01 -3.20505500e-01  3.15841705e-01  5.65083735e-02
  1.99694663e-01 -2.05410868e-01  2.90262967e-01  1.41368598e-01
  3.97998579e-02 -1.23134684e-02  3.20098400e-01 -6.84689507e-02
  5.47447288e-03  8.83400142e-01 -2.63971388e-01 -8.37037936e-02
 -6.22638106e-01  1.97143871e-02 -4.06560451e-01  3.06573689e-01
 -2.82914281e-01  7.12595940e-01  1.65859520e-01  1.50554493e-01
  1.82811007e-01 -9.14656967e-02  1.07409721e-02 -1.34223551e-01
  2.17379972e-01  5.63696802e-01 -9.65611637e-02 -5.35913944e-01
 -5.23799062e-01 -4.75816011e-01 -6.06811047e-01 -6.13304555e-01
  5.45591354e-01 -3.69624317e-01  5.24888873e-01  2.00831100e-01
  2.05906227e-01  9.05640703e-03  8.85922611e-02 -7.96209499e-02
 -8.48273933e-02 -3.20792764e-01  1.35321850e-02  6.63520992e-02
 -1.10476248e-01  2.60599583e-01 -1.25735374e-02 -6.00527287e-01
 -5.65441906e-01 -5.21556616e-01  1.15835898e-01 -4.41416323e-01
 -4.82972004e-02 -2.23479137e-01 -5.68240702e-01 -5.99476360e-02
 -4.34217215e-01  4.13434893e-01 -1.81244582e-01 -6.51630759e-02
 -4.66223568e-01  1.48483485e-01 -5.68988085e-01  4.83392119e-01
  2.02603757e-01 -3.08148656e-02 -4.08102497e-02 -5.57858169e-01
 -3.65929380e-02  3.37071747e-01  8.82330537e-02 -6.65093303e-01
 -2.16749474e-01  1.03402004e-01 -4.99781609e-01  2.59665579e-01
  2.35201418e-01 -1.81121901e-02 -1.01704352e-01  5.72164178e-01
  1.97879568e-01  3.08484316e-01  4.32841778e-01 -5.69284260e-01
 -2.33199477e-01 -5.52170098e-01  1.18604869e-01 -1.98285013e-01
  5.71295023e-01 -3.83323103e-01 -1.01390786e-01  9.18756425e-01
 -3.04042608e-01 -1.50026083e-01  1.37028202e-01  2.98872679e-01
 -1.28661740e+00  1.55966416e-01 -1.31694928e-01 -4.30871919e-02
  4.56142277e-02  4.34307724e-01  1.27770707e-01  3.25902909e-01
 -3.29347640e-01 -2.65763193e-01  4.81755167e-01  2.97542632e-01
 -4.29015309e-02 -3.06609392e-01  4.03541476e-01 -2.80947424e-02
  1.61603272e-01 -3.40323359e-01 -9.79852602e-02  3.09594989e-01
 -1.78478330e-01  1.89568385e-01 -9.51627642e-03 -4.47931975e-01
 -4.27861154e-01  1.21670119e-01  4.70945388e-01  2.84241080e-01
 -4.41281825e-01 -3.71492088e-01  3.31860512e-01  5.05593181e-01
  7.78706789e-01  6.28249943e-01  6.77845106e-02 -1.83635786e-01
  5.72260916e-01  8.09928894e-01  2.79354215e-01 -9.57497060e-02
 -5.80937602e-03 -3.54918420e-01  7.02558994e-01  1.04821406e-01
 -1.96514830e-01 -1.56660210e-02  4.02609169e-01  1.60051063e-01
  1.58417642e-01  3.58100504e-01  3.31499100e-01  2.55162001e-01
  3.58447462e-01  4.07381684e-01  2.42054507e-01 -1.70701593e-02
 -4.62691724e-01 -1.28408447e-01  2.84805596e-01 -4.42684859e-01
  6.09680526e-02 -1.83632553e-01  4.31259543e-01 -2.61046700e-02
 -4.91093695e-01 -1.36215419e-01 -2.18814728e-03 -1.25005081e-01
 -1.78880557e-01 -5.29325485e-01 -2.91092008e-01  5.73946983e-02
 -3.24437827e-01 -5.54018319e-01  1.10887185e-01  6.98532164e-02
  7.02228189e-01 -4.07348424e-01 -5.82247712e-02  3.63635942e-02
 -9.59387347e-02  8.51720106e-03 -1.06387541e-01 -3.62407193e-02
 -1.80957451e-01 -6.93124831e-02 -1.85834393e-01 -4.11863953e-01
 -7.07204223e-01 -1.92459792e-01 -5.99635303e-01  8.46023560e-02
  1.36550739e-01  3.41639191e-01 -3.43166530e-01 -1.05992062e-02
  2.00874001e-01  1.09974861e-01 -7.02215582e-02 -1.04421861e-01
 -4.96283442e-01  5.21746501e-02  6.23590291e-01  1.98978081e-01
  2.54914433e-01  4.34659183e-01 -1.23012565e-01  2.24107578e-01
 -3.37557942e-01  4.91364077e-02 -4.92130548e-01 -5.33687472e-01
  8.03103209e-01 -2.28598073e-01  5.49755618e-02  1.42253995e-01
 -1.63204391e-02  4.91393566e-01 -1.78623959e-01 -4.48837787e-01
  2.19715363e-03  5.62655747e-01  2.51395881e-01  3.94591600e-01
  5.06730020e-01  1.03956318e+00 -6.00898027e-01  2.39988372e-01
  5.07253885e-01  1.42326787e-01  4.18476611e-01 -8.66876543e-02
  1.02302700e-01 -2.18502432e-01  1.73408896e-01  2.73053825e-01
  7.42037743e-02  1.80801973e-02  3.59175026e-01  4.18950915e-01
 -2.94169813e-01  2.35183209e-01  2.67423373e-02  4.18781698e-01
 -4.97428864e-01 -8.01163793e-01 -5.55562317e-01 -3.07355314e-01
 -7.55604863e-01  2.55428344e-01  4.00642574e-01 -6.57842308e-03
  1.43490911e-01 -3.94364059e-01 -9.34372902e-01 -3.84953022e-01
 -1.80009902e-01  3.59259427e-01 -2.09788725e-01  3.92574787e-01
  4.88543838e-01  1.73770607e-01 -8.45303655e-01  3.62320960e-01
 -3.28088194e-01  3.56294423e-01  6.70682549e-01 -5.05035341e-01
 -1.31921798e-01  3.88316751e-01  2.64817625e-01  2.14957729e-01
 -8.04751143e-02  3.22206497e-01 -9.20152590e-02 -4.40140009e-01
  6.48980439e-02  1.62065595e-01  1.29928827e-01 -4.69446152e-01
  2.79940724e-01  1.76730752e-01 -3.38074625e-01 -4.70356792e-01
 -1.60655141e-01 -3.34710598e-01  6.78023184e-03 -3.66150975e-01
 -1.87958211e-01 -3.39670070e-02  1.04503222e-01  1.75127462e-01
  2.66236275e-01 -3.14026415e-01  2.84954429e-01  3.65774095e-01
  2.52071679e-01 -2.83149570e-01  2.14992359e-01  8.10703114e-02
 -2.73080945e-01  2.55953342e-01  3.85111868e-01 -2.58938223e-01
 -2.53613945e-02 -1.92595929e-01 -6.24341190e-01  5.73893078e-02
 -2.90193051e-01 -8.52507949e-01  6.07277513e-01  3.83671075e-02
  7.77931213e-02 -4.17530775e-01  4.49648678e-01 -3.95229578e-01
  2.70402431e-01  4.18067902e-01  1.90862522e-01 -2.53910959e-01
 -7.40311086e-01  1.61511414e-02 -3.06471080e-01 -7.26516902e-01
  5.01623333e-01  3.03811461e-01 -5.22838831e-01 -2.06179053e-01
  5.96643314e-02  3.19776744e-01 -1.73985586e-01 -1.20737255e-01
 -6.00447059e-01 -3.79954666e-01  3.39925736e-01  4.59809333e-01
  1.01070292e-01 -1.35753617e-01 -2.06208006e-01 -2.67091930e-01
  6.54408872e-01  6.07567489e-01  3.75084490e-01 -3.44902575e-01
  6.76187202e-02  1.67563438e-01 -4.54778641e-01  4.35398161e-01
  1.97651878e-01  2.94406980e-01  1.12079449e-01  4.29997444e-01
  3.61890495e-01 -2.81872898e-01  9.21506882e-02  5.07022142e-01
  2.70604968e-01  3.64108175e-01 -1.91346332e-01 -3.24573159e-01
 -6.77778184e-01  4.38956767e-01 -5.80630712e-02  1.21913567e-01
 -1.22001655e-01 -1.36960834e-01  2.64232039e-01 -3.93163085e-01
 -4.10649955e-01  2.50995189e-01  2.41625413e-01  4.22506362e-01
  9.75071415e-02  2.49138162e-01  4.24395829e-01  3.80312532e-01
 -2.85741836e-01  1.27261862e-01 -9.99755785e-03  2.53133059e-01
  6.81272447e-01  1.00989997e-01  1.40872478e-01 -3.65093023e-01
 -1.18928480e+00  2.11599723e-01 -5.71433268e-03  3.77650470e-01
  5.89085162e-01 -5.23371696e-01 -4.16160941e-01  2.25660235e-01
  6.28036916e-01  1.08731852e-03 -2.43973091e-01 -8.00983012e-01
  4.30466495e-02 -2.77967691e-01 -4.04746175e-01  1.58440769e-01
  1.24002345e-01  3.22475255e-01 -2.33052582e-01  1.31316274e-01
  1.13001972e-01  8.14619422e-01  3.53416465e-02 -1.50269926e-01
  1.31076410e-01 -1.76889017e-01 -6.12610340e-01  5.67315705e-02
  2.72871196e-01 -3.32249373e-01 -6.10788725e-02  4.17167395e-02
 -1.82855502e-01  8.67497921e-02  6.62692562e-02  1.18722506e-01
  2.46244803e-01  6.20200858e-02 -4.51751173e-01 -6.62624896e-01
 -1.19186481e-02  1.39906362e-01 -8.57748866e-01 -1.86205447e-01
 -7.51260072e-02  8.98517743e-02  7.70112649e-02 -2.01989740e-01
 -5.52131891e-01 -5.47625273e-02 -3.01215827e-01  2.84199357e-01
 -1.41255632e-01 -5.18200755e-01  3.74956727e-01  5.98643363e-01
  6.43034354e-02 -9.14158404e-01  2.78775603e-01  5.53678498e-02
  5.89873672e-01 -4.85914685e-02  3.62490028e-01 -4.09991980e-01
  1.08745575e-01  2.06418466e-02 -1.14863493e-01  1.82900086e-01
 -1.05082903e+01 -4.13540334e-01 -3.83588046e-01 -1.84255406e-01
 -3.38423312e-01  1.41639531e-01  6.39061630e-01  8.83982144e-03
 -1.25499904e-01 -6.49336949e-02  1.47236362e-01  7.58043289e-01
  6.03780806e-01  8.18123162e-01 -3.62998426e-01 -2.14781180e-01
 -1.87328771e-01 -9.24891382e-02 -2.22033545e-01  3.50309461e-02
  6.56242013e-01 -7.32783079e-02  4.48897451e-01  3.61121148e-01
 -2.76080966e-01 -4.07636642e-01 -3.14083457e-01  4.99297708e-01
 -2.33230501e-01  4.77178544e-01 -6.79655552e-01  7.38981903e-01
  8.93662348e-02  3.22254188e-02 -4.02202189e-01 -1.78148270e-01
 -3.81568342e-01 -1.50847957e-01 -1.52671397e-01  5.41669607e-01
  2.02561855e-01  6.49425268e-01 -1.96713954e-02  1.72373116e-01
  8.49036798e-02  4.32549248e-04 -4.64189537e-02  3.58394563e-01
  4.48923320e-01  1.65567562e-01 -2.59712823e-02  1.79818012e-02
  4.00058739e-02 -3.92799616e-01  6.65311992e-01  1.20582111e-01
  5.72458029e-01 -5.68755448e-01  6.49551749e-02  2.73863487e-02
  4.01772290e-01 -2.87373364e-01  9.06909585e-01  5.45415759e-01
  2.56948680e-01  7.24860281e-02  2.24274829e-01  6.78948343e-01
 -4.63330746e-01 -2.90253252e-01  2.00980335e-01  2.45740876e-01
 -2.59161033e-02  1.76471546e-01 -1.09593518e-01  5.63401341e-01
  3.00128646e-02 -3.56496185e-01  5.85970163e-01 -1.53175378e-02
  3.84497374e-01  1.10831112e-01 -1.50993466e-01  3.94517146e-02
 -9.91658509e-01  2.14268088e-01 -2.07597733e-01  7.83342961e-03
  2.99397409e-01 -7.09862888e-01  2.78765112e-01 -1.91726044e-01
 -4.18018512e-02  5.32159150e-01  3.39629054e-01 -1.93620883e-02
  7.96488225e-02  4.42235917e-01  7.18379736e-01  4.71167937e-02]"
ラ,"[ 2.53270626e-01  9.87377539e-02  6.95462167e-01 -7.88378119e-01
  2.84588963e-01  2.73937255e-01  5.22956073e-01  3.08304708e-02
  3.29807848e-01 -4.75687487e-03  8.15141141e-01 -5.77190042e-01
 -3.10846776e-01  1.18641965e-02  8.12146366e-01 -7.99373686e-02
  6.62725940e-02 -3.57988983e-01  2.81068534e-01 -4.04754400e-01
 -8.98082972e-01 -4.62202102e-01 -1.81117505e-01  4.40734297e-01
  4.05904427e-02 -3.35834682e-01 -2.21621647e-01  1.01561174e-01
 -2.68296991e-02 -1.42383561e-01 -1.24907367e-01 -3.21613421e-04
 -1.28024817e-01  2.58824080e-01 -2.76931196e-01  4.17086542e-01
 -1.58638507e-01 -3.56592715e-01  3.77284408e-01 -9.22773406e-02
  6.67844191e-02 -1.34741202e-01 -5.74468315e-01 -1.44362509e-01
 -4.19269890e-01  1.10907778e-01  1.84497908e-01 -1.78516265e-02
  9.75063443e-02 -5.61684519e-02 -6.95068017e-02  2.37551361e-01
  3.32574487e-01  6.22163415e-02  5.57750702e-01 -2.28059843e-01
  6.06942654e-01 -5.55038393e-01  1.48991168e-01  2.96692789e-01
 -2.74570078e-01 -4.71665144e-01 -2.22448800e-02 -1.60193611e-02
  2.10027657e-02  1.78835228e-01 -2.30052680e-01 -2.05455855e-01
  6.27453774e-02 -7.87832141e-01 -5.67941181e-02 -4.08992469e-01
  1.18813448e-01 -5.43733239e-01  6.64223552e-01 -6.89116955e-01
  4.36958484e-02  3.67432922e-01  3.51985365e-01  2.89693028e-02
  3.56173739e-02  5.89322925e-01 -5.82076497e-02 -7.17161715e-01
  3.38350534e-01  4.42372799e-01 -6.66883588e-01 -7.38075554e-01
  5.01148880e-01 -1.53953090e-01 -5.66951856e-02  2.45523989e-01
  3.91033173e-01  2.63293326e-01  1.93595633e-01 -8.08111653e-02
  1.62332311e-01  7.95813650e-02 -1.74654931e-01  2.87753671e-01
 -1.89735908e-02  1.99261144e-01  5.63528061e-01 -3.35476130e-01
 -2.56715149e-01  2.29818478e-01  2.76396126e-02  2.48261079e-01
  1.17512764e-02 -1.83383434e-03 -2.76161045e-01 -5.92692316e-01
 -7.28372097e-01 -2.93676823e-01  2.31086418e-01 -1.95216432e-01
 -3.65851372e-01  7.64556587e-01 -5.87422550e-01  5.37672877e-01
 -1.07076064e-01  1.92525938e-01 -1.60207413e-03 -6.44911051e-01
 -4.39450853e-02  3.63225490e-01  6.86226487e-02  4.15229723e-02
 -5.54874480e-01 -1.74134091e-01 -3.75283003e-01 -2.12726399e-01
 -3.16730551e-02 -8.64915997e-02 -3.73455137e-01  1.15719700e+00
 -9.77409631e-02 -9.51070711e-02 -2.00000316e-01 -6.00262046e-01
 -2.61361480e-01  1.08916298e-01  5.31519391e-02 -3.72357637e-01
 -1.14186704e-01  1.15593979e-02 -3.97608787e-01 -4.82986957e-01
  1.37045190e-01  5.22210598e-01 -2.62639791e-01  5.76527476e-01
 -6.16798103e-01  1.62783191e-01  7.41128027e-01  2.01589003e-01
 -6.24676764e-01 -5.69022261e-02 -5.29121757e-02  2.88467202e-02
  3.88348103e-01 -6.22968823e-02  4.67911839e-01  6.14076138e-01
  1.56997308e-01  3.10498834e-01  5.60977101e-01  2.98110068e-01
 -7.23266415e-03  7.15846956e-01  5.76314449e-01  4.31958407e-01
  1.15408145e-01  7.40832239e-02  7.43823424e-02  2.70756967e-02
  4.96211648e-01  2.33886331e-01  7.78639242e-02 -8.88630867e-01
 -2.12654680e-01 -1.30145371e-01  3.64229903e-02 -7.40129888e-01
  2.93503881e-01  2.23607980e-02  8.65651518e-02 -5.75080290e-02
 -2.42624938e-01 -3.02792311e-01  1.58190653e-01 -5.24743497e-01
  5.02157770e-02 -1.85492709e-01 -1.93014055e-01 -3.62344831e-01
  9.48902890e-02 -1.17486276e-01 -9.54668283e-01  6.52449250e-01
  1.67125538e-01  2.45508477e-01 -8.62253234e-02 -7.54143596e-01
 -9.99651611e-01 -2.93012947e-01 -3.91836852e-01  8.52741972e-02
  1.76823258e-01  5.67606151e-01 -1.59431398e-01  6.56268001e-01
  2.10688531e-01  4.70487364e-02  5.18510640e-01  3.33031118e-01
 -4.14093435e-01 -5.87943494e-01  4.40402478e-01 -3.55222881e-01
  1.24906383e-01  9.59924459e-02  4.63635065e-02  2.09822968e-01
 -1.41890123e-01  6.37005389e-01  6.89286113e-01 -2.22339127e-02
 -3.68153244e-01  2.87981957e-01 -7.26172626e-01 -5.22901893e-01
 -8.68096948e-01 -6.79086074e-02 -6.88344657e-01 -2.01859418e-02
 -4.46027815e-01  1.42239168e-01 -5.13913631e-01  1.16549648e-01
 -1.56832367e-01 -1.97795108e-01 -3.66561599e-02 -2.54355133e-01
 -9.91805121e-02  3.93450558e-01 -3.03624034e-01  1.69656351e-02
 -4.90956716e-02  1.90390572e-01 -4.49034780e-01 -2.93005615e-01
 -1.99353710e-01 -1.87944815e-01  8.19045722e-01  3.75777453e-01
  5.09625375e-01 -2.91577727e-01  3.04714471e-01 -5.95760703e-01
 -2.11331457e-01 -5.66877663e-01  2.54399832e-02  1.52165741e-01
 -1.08242653e-01  1.60358101e-01  4.88675326e-01 -2.90090144e-01
 -2.55199224e-01 -4.54103172e-01 -3.06041837e-01 -4.37733084e-01
 -1.36168703e-01 -1.34160325e-01 -1.75734580e-01 -7.58554339e-02
 -1.59386322e-01  5.47748148e-01 -4.63304102e-01  5.53437889e-01
 -5.54661036e-01  5.92372835e-01 -5.68527400e-01 -1.34761229e-01
 -2.53724377e-03 -7.10046813e-02 -6.56352580e-01  1.88097566e-01
 -2.66044825e-01  4.70321089e-01  3.35011244e-01 -2.53842264e-01
 -5.98699689e-01 -2.32988242e-02 -6.41149655e-02  6.02724291e-02
  4.36396658e-01 -6.83801770e-02  1.88855916e-01 -1.94358423e-01
  2.12073371e-01  3.69042665e-01  2.86862582e-01  2.48668864e-01
  7.53948316e-02 -1.29033133e-01  1.38281537e-02 -1.02120370e-01
  5.81830859e-01 -1.82891369e-01  8.70829150e-02  3.96825343e-01
 -1.20211653e-01  8.35807025e-01  2.47353420e-01  2.95750439e-01
 -2.02025151e+00 -1.78645149e-01  5.81769705e-01  4.25674736e-01
 -1.18711919e-01 -1.79369524e-02  2.89899319e-01  3.87929082e-01
 -4.40901756e-01 -6.31123722e-01  7.17390358e-01  6.63825199e-02
 -2.33978987e-01  9.45433229e-02  2.72408605e-01 -5.28950036e-01
 -2.28985101e-01 -6.27215981e-01  3.25900495e-01  3.26163530e-01
 -1.38554573e-01  1.69384420e-01 -1.41314223e-01 -3.62724781e-01
 -1.89346522e-01  1.98416457e-01 -1.10224254e-01  1.47545040e-01
 -3.26285303e-01 -1.53909311e-01  1.09817274e-01  1.05529988e+00
  8.14586341e-01  7.76242733e-01 -6.05074525e-01 -2.91356057e-01
  1.98924780e-01 -1.88326072e-02  4.06798929e-01 -3.29102278e-01
 -2.60669976e-01 -2.37461537e-01  1.23333961e-01  1.13474287e-01
 -2.65957028e-01  3.47773343e-01  1.08636133e-01  2.11360201e-01
  1.64236963e-01  2.80332893e-01  8.35479915e-01  1.36864875e-02
  2.61703849e-01  1.90394521e-01  6.99881852e-01 -1.25160217e-01
 -2.02715084e-01 -5.03157854e-01 -9.73147079e-02 -3.98211181e-01
  4.50898021e-01 -1.45898508e-02 -4.80954766e-01  9.67228353e-01
 -6.31411076e-01  2.29471046e-02 -7.96091557e-02 -8.49434078e-01
  6.67261556e-02 -6.47500098e-01 -5.11322320e-01 -1.11789577e-01
  6.23994619e-02 -3.42024833e-01  8.33359003e-01  4.69603896e-01
  3.45478237e-01 -1.74997419e-01 -4.25816000e-01  2.03247890e-01
 -2.55825579e-01 -1.18956819e-01  2.53787309e-01  1.97761416e-01
 -2.99388856e-01  4.38908905e-01 -4.79048006e-02 -4.51583602e-02
 -8.42034817e-02  1.01423018e-01 -6.62310064e-01 -1.30025402e-01
 -3.63982141e-01  3.87988448e-01 -1.46594375e-01 -7.90069252e-03
  2.64993280e-01  2.08396912e-01 -3.12448978e-01 -2.19520181e-01
 -5.18066227e-01  3.40439349e-01  5.17223656e-01  6.03937805e-01
  3.49927604e-01  4.12674904e-01  1.65540680e-01  1.38448998e-01
 -1.42545238e-01 -1.89514458e-01 -6.97188675e-01 -4.06189591e-01
  6.41554594e-01 -3.97847295e-01  4.14564252e-01  1.58506483e-01
 -3.19334358e-01  5.59643567e-01 -3.40233892e-01 -6.00299835e-01
  1.45685226e-01 -1.49027258e-01 -2.28659324e-02  6.77009642e-01
  3.24287921e-01  5.95579684e-01 -1.78462431e-01  3.52012992e-01
 -2.71401644e-01 -1.32833824e-01  3.52630317e-01 -4.06342268e-01
 -2.71254808e-01 -1.27819985e-01  6.89758718e-01  4.25232738e-01
  5.70499599e-01 -1.54717073e-01  1.95907623e-01  2.57012635e-01
  4.77967635e-02  5.08501649e-01  2.12759867e-01  4.21233118e-01
 -1.00713745e-01  7.40931332e-02  4.24261689e-02  3.12955469e-01
 -1.83564931e-01 -6.73314780e-02  4.64093328e-01 -9.65812132e-02
  1.91563576e-01 -4.04270947e-01 -5.19899786e-01 -5.84408820e-01
 -7.99030542e-01 -8.55081826e-02 -4.08061087e-01 -1.79124713e-01
  3.41108352e-01 -1.37945399e-01 -8.54282320e-01  3.84833813e-01
  5.82003534e-01  4.03780550e-01  4.61774552e-03 -4.18125808e-01
 -2.04226136e-01  4.80800122e-01 -6.63753808e-01 -5.63919008e-01
  3.90475243e-01 -1.85801581e-01 -2.96708286e-01 -6.60396516e-01
 -5.61350510e-02 -3.24935243e-02  1.72122017e-01  4.07124430e-01
  2.92283952e-01  1.66618586e-01 -7.01685011e-01 -2.68204689e-01
  3.28103118e-02 -6.71117753e-02 -2.68216521e-01 -5.04461527e-01
  8.87793377e-02  1.94697171e-01 -3.99043001e-02  9.69417095e-01
  6.01988673e-01 -1.94168597e-01 -3.45485620e-02  1.64930359e-01
  2.80784667e-01 -5.77812672e-01 -3.48071843e-01 -1.39973313e-01
  1.65531375e-02  2.63955653e-01  3.04985195e-01  4.27665144e-01
 -1.27359629e-01  1.30271658e-01 -8.54135573e-01 -1.21150076e-01
  1.93844423e-01 -8.81334960e-01  4.75998968e-01  3.57424140e-01
  3.80155146e-01 -5.73102951e-01 -3.33607912e-01 -1.65807262e-01
  5.83642581e-03  9.52580273e-02  4.23555076e-01 -1.10207237e-01
 -7.59613156e-01  1.12884328e-01 -9.55019817e-02 -7.34941185e-01
  8.56067300e-01  8.08745027e-02 -1.50218129e-01  4.30696845e-01
  6.07655466e-01 -1.36959702e-01 -6.78598464e-01  2.33269751e-01
 -6.41356766e-01  2.12215334e-01  4.10271704e-01 -2.34598652e-01
  4.87755686e-01  4.00270641e-01 -7.85405263e-02 -7.64096081e-02
  2.72442371e-01  5.84150374e-01  6.27572596e-01  1.79128066e-01
 -1.29294217e-01  4.26231921e-02 -4.05393690e-01  2.16333866e-01
  9.56493467e-02  4.90267813e-01 -8.58217239e-01  4.23231155e-01
  8.13017726e-01 -1.73364967e-01  2.93461144e-01  6.26166344e-01
  5.36940852e-03  4.27652299e-01 -6.62788525e-02  2.45866161e-02
 -7.67751992e-01 -5.58660273e-03 -2.52458423e-01  2.22486958e-01
 -3.57456237e-01 -9.99850929e-02 -2.18281433e-01 -1.43523797e-01
  3.53017986e-01  1.56096354e-01  2.12538794e-01  1.89081758e-01
  2.29652315e-01  2.07888894e-04  3.54234636e-01  4.71144348e-01
 -3.77826601e-01 -7.70725608e-02  7.42701888e-02  6.61627591e-01
  1.20964193e+00 -8.79128799e-02  2.22318709e-01 -3.24199110e-01
 -6.35652840e-01  2.00999379e-01 -3.09928477e-01 -2.02802569e-01
  6.35356486e-01 -4.64238316e-01 -4.21102852e-01  7.20435619e-01
  5.56970298e-01 -1.12259619e-01 -3.35921049e-01 -6.78987682e-01
  3.06451291e-01 -3.64525646e-01 -3.58039699e-02 -1.80355817e-01
  1.71331912e-01  6.10625148e-01  9.39211473e-02 -2.65944302e-01
  2.79520065e-01  2.60394752e-01  2.07433805e-01 -2.94441640e-01
  4.26446259e-01  3.47163498e-01 -1.66735590e-01 -2.20098197e-01
  3.85380745e-01 -5.66783488e-01  7.28470311e-02  6.28888845e-01
 -3.50618005e-01  2.30734758e-02 -2.78882027e-01  5.17897546e-01
  2.65526235e-01 -4.33350176e-01 -1.25136852e-01 -5.58462217e-02
  1.86102822e-01 -1.40357047e-01 -3.92369300e-01 -2.88898945e-02
 -9.97362286e-02  4.37302917e-01  2.80037113e-02 -9.13358927e-02
 -6.38850808e-01 -4.53593343e-01 -5.08930147e-01  3.43186855e-01
 -7.35313416e-01 -4.75256324e-01  4.90795225e-01 -3.69984144e-03
 -3.83029312e-01 -1.62150919e+00  6.11397386e-01  1.80861756e-01
  6.05450928e-01 -3.51978719e-01  1.45609125e-01 -1.43551469e-01
  3.44983451e-02  5.13985343e-02 -2.35743463e-01 -5.22996224e-02
 -1.02195988e+01  1.56664215e-02 -2.58103251e-01 -5.84866107e-01
 -3.37668687e-01  6.20149337e-02  6.57682300e-01  7.72946179e-01
 -3.14657807e-01  4.32801247e-01 -2.54427493e-01  2.17407569e-01
  3.06373477e-01  1.62230164e-01  1.71837106e-03 -1.23758152e-01
 -2.38091081e-01 -2.00674385e-01  8.61281827e-02 -1.36207119e-01
 -4.53082532e-01 -5.12007415e-01  7.51704276e-01  2.52698213e-01
  2.17669785e-01 -5.29599249e-01 -1.85365632e-01  4.67296600e-01
 -1.79144189e-01  2.49629736e-01 -5.72531760e-01  3.19052637e-01
  1.67583376e-02  3.78161371e-01 -3.73111367e-01 -1.35247156e-01
  3.85129571e-01 -3.00110895e-02 -7.11425021e-02  5.28204978e-01
  1.73106238e-01  2.24871799e-01 -4.54593599e-02 -2.82118708e-01
  8.62217665e-01 -4.90557738e-02 -8.08173120e-02  1.54214010e-01
  6.69794858e-01 -1.31488889e-01 -1.16734967e-01 -3.93422008e-01
  1.68819949e-01 -8.90919194e-02  2.08645001e-01 -3.15526605e-01
  3.69041830e-01 -8.31192493e-01  1.90174848e-01  1.39232099e-01
  6.71183228e-01  1.46949321e-01  6.42448187e-01  7.69449234e-01
  9.02850777e-02  2.91785121e-01  4.18797076e-01 -2.20942907e-02
 -2.41106272e-01 -1.74841896e-01  3.50351632e-01  6.63156927e-01
 -2.36927867e-01  5.40119074e-02  3.84159237e-02  3.05069357e-01
  6.05629897e-03 -8.62767398e-02 -5.60752265e-02  2.08659306e-01
  5.25546670e-01 -3.60084862e-01 -3.09907138e-01  4.15821016e-01
 -4.79371011e-01 -8.06445032e-02  1.26048878e-01  3.13714445e-01
  8.92589390e-02 -6.07618749e-01  5.16116738e-01 -2.21939325e-01
 -5.50240338e-01  4.25179273e-01  6.09534025e-01 -3.40138525e-01
 -2.81861246e-01  1.43380880e-01  4.59405392e-01  9.51334238e-02]"
ナ,"[-1.36217847e-01  3.79785836e-01 -7.92758390e-02 -5.09535491e-01
 -1.95318786e-03  2.65511032e-02  3.28162432e-01  1.86124414e-01
 -4.10467416e-01 -4.79793012e-01  5.64779341e-01 -1.58841357e-01
 -3.58249873e-01 -1.21736579e-01  8.01063955e-01 -2.62379080e-01
 -1.14656851e-01  5.74271560e-01  7.07754716e-02  2.66021073e-01
 -1.86416194e-01 -6.59682512e-01  3.99309322e-02  2.96137743e-02
  4.26596284e-01 -2.26286814e-01 -5.27459085e-02  2.43042350e-01
 -1.87669918e-01 -3.39602441e-01 -6.15385592e-01 -7.27221608e-01
 -2.41543472e-01 -5.58901489e-01 -3.99754226e-01  3.63775998e-01
  4.19665515e-01  1.36867613e-01 -1.26615241e-01 -3.62567186e-01
 -3.51681143e-01 -3.00753027e-01 -3.07276398e-01 -3.41567010e-01
  1.82689756e-01  7.73475230e-01 -1.72071517e-01  2.98296034e-01
  1.09790802e+00 -5.19320881e-03 -2.24340603e-01  3.36468339e-01
 -9.59923957e-03 -4.88534989e-03  1.07273594e-01 -1.52681500e-01
  6.55446112e-01  3.33327949e-02 -4.53105271e-02  3.10871243e-01
  6.76823854e-02 -1.04677454e-01  4.56239283e-01  2.24224582e-01
 -7.09120929e-01 -3.74676853e-01  4.51853909e-02 -6.66756928e-02
 -3.65355164e-01 -4.55440432e-01 -3.05466056e-01 -1.93880707e-01
  3.06158047e-02 -8.07640776e-02  1.83492303e-02 -4.41437542e-01
  1.64273813e-01 -4.63895202e-02  5.95329642e-01 -7.01336637e-02
 -3.65556823e-03  5.08116007e-01  5.08597158e-02 -1.96027994e-01
  2.67019659e-01  4.62842956e-02 -3.44363570e-01 -9.88484859e-01
  3.15028399e-01 -2.64876187e-01 -1.39831915e-01  5.50535142e-01
 -2.55879790e-01  1.75825730e-01 -5.80384552e-01 -1.28734753e-01
  1.76557988e-01 -1.89133123e-01  6.04552999e-02  2.59222746e-01
 -4.22254391e-02 -7.70054460e-02  7.04882324e-01 -5.76668568e-02
 -1.53928623e-01  3.42632353e-01 -3.43115151e-01  4.49620113e-02
  2.42110752e-02 -7.46607408e-02 -3.88004512e-01 -3.23105186e-01
  1.31809622e-01  5.69591165e-01 -6.86645955e-02  2.54773289e-01
  8.70746672e-02  2.53773272e-01  2.56878912e-01  2.00417340e-01
  4.36134845e-01  8.56271565e-01 -2.30346486e-01 -1.05310023e-01
 -5.41190982e-01  5.03071785e-01 -1.98655307e-01 -3.05972755e-01
 -1.14055686e-01 -5.99570692e-01  4.72426526e-02  2.75245816e-01
 -1.28947541e-01  2.38380015e-01 -5.20284116e-01  7.78640866e-01
 -1.01966277e-01  4.08485919e-01  4.54666317e-02 -4.16279823e-01
  3.09428930e-01  2.98197530e-02  2.51705293e-02  1.33771747e-01
 -3.04233849e-01  3.02716553e-01  1.36913702e-01 -2.07376768e-04
  3.76660138e-01  5.68434715e-01 -1.34753644e-01  7.10936606e-01
 -7.64993131e-01 -1.17561013e-01  1.90661415e-01  3.33658755e-01
 -7.87062764e-01  2.36750439e-01  4.83446121e-01  8.27533305e-01
  8.74495357e-02 -8.20303857e-01  5.06666861e-02 -5.36461994e-02
  3.01194191e-01  1.36812225e-01  1.21609658e-01 -3.14265013e-01
  4.17913049e-01  4.48738635e-01  3.17748487e-01  2.46622518e-01
  2.27483809e-02 -2.00229630e-01  6.43893063e-01  6.77333772e-01
  2.43685111e-01  2.57706285e-01 -1.15250852e-02 -1.76610917e-01
 -2.47992203e-01 -4.40509081e-01  7.68386200e-02 -1.65818632e-01
  9.74546149e-02 -3.75914931e-01 -1.54532149e-01 -3.64104837e-01
  1.88847661e-01 -1.59631923e-01  6.68581054e-02 -2.98287272e-01
  3.53886485e-01 -1.14993319e-01  2.72798166e-03 -5.53391516e-01
 -3.80839705e-02 -4.13825214e-01 -9.75275040e-02  2.52881944e-01
 -4.01181877e-01  5.58508001e-02 -1.11496776e-01 -1.42224833e-01
 -1.08030295e+00 -5.20593338e-02  3.11988711e-01  7.99841583e-01
  4.60781097e-01  4.70659047e-01 -1.18820198e-01 -2.65575480e-02
  6.86475158e-01  1.83247432e-01  2.20387485e-02  1.38242573e-01
 -6.60987377e-01  1.32219061e-01  2.95667499e-01  5.98401092e-02
 -5.83511233e-01  1.12225980e-01  2.05917597e-01  4.03799087e-01
  4.57566790e-02  6.79417625e-02  8.97147134e-02 -1.06335782e-01
  2.76489615e-01  2.20542759e-01 -9.18733925e-02  2.29321420e-02
 -7.94441044e-01 -1.39095321e-01 -1.19558227e+00  4.44883972e-01
 -1.01232916e-01  5.70947587e-01 -7.26514831e-02  8.01285803e-02
  3.90290692e-02 -2.42909957e-02 -7.13287592e-02 -1.06457040e-01
 -5.04622236e-02  5.21994591e-01 -2.17935219e-01 -2.63024211e-01
 -3.88072252e-01  6.34832829e-02 -9.22822654e-02 -6.15083814e-01
  2.72369564e-01 -2.32835665e-01  6.31019831e-01  4.55764443e-01
  4.66444761e-01 -6.27220929e-01 -3.09162855e-01 -3.47595394e-01
 -2.33423427e-01 -5.47605753e-01  1.95025384e-01 -3.92802775e-01
 -2.44636402e-01 -6.13931753e-03  3.07361662e-01 -7.44153321e-01
 -2.54494816e-01 -5.41086376e-01  2.85130084e-01 -7.32665181e-01
 -3.65930125e-02 -2.10548982e-01 -1.57022804e-01 -2.61361718e-01
 -2.50898272e-01  2.97212362e-01 -7.76135921e-01  1.28358558e-01
 -5.88600695e-01  4.96300757e-01 -7.17930615e-01  2.75920719e-01
  2.24471271e-01 -2.24002495e-01 -4.96995419e-01 -1.19362988e-01
  2.06217155e-01  1.59566939e-01  2.91711509e-01 -1.50227964e-01
 -1.06531978e-01 -2.88291186e-01 -2.69295812e-01 -1.27763137e-01
  1.79937214e-01 -2.57913977e-01  1.82493612e-01 -1.06588555e-02
  4.38590735e-01  5.49603939e-01  5.10780990e-01  8.62148404e-02
 -1.89244464e-01 -5.10406494e-01 -8.06207210e-02 -4.01949018e-01
  8.37279558e-01 -1.27503648e-01  6.81416690e-02  8.43417823e-01
 -3.43123525e-01  4.27420944e-01  4.92610663e-01  3.57669204e-01
 -1.83962739e+00  8.63521472e-02  1.83601186e-01 -1.78991839e-01
 -1.02437764e-01  4.95744765e-01  3.24417114e-01  3.79628479e-01
 -2.82256156e-01 -2.42777660e-01  1.53881446e-01  4.30253983e-01
 -2.43113890e-01 -5.06444931e-01  2.94239849e-01 -1.20952807e-01
 -1.11387268e-01 -5.77569306e-01 -2.61537135e-01  3.22505057e-01
  5.52402794e-01 -7.49784410e-02 -4.16341238e-02 -4.51178700e-01
  1.46364989e-02 -4.89417017e-02 -7.73097873e-02 -3.48984972e-02
 -5.18511772e-01 -2.18516905e-02 -5.50190685e-03  4.79943335e-01
  5.31697452e-01  6.18142724e-01  5.17191410e-01 -3.68477814e-02
  4.15738523e-01  4.09637064e-01  2.78648823e-01  2.58205205e-01
 -1.92478687e-01  3.38051021e-02  6.54076815e-01  4.56723630e-01
  1.25677779e-01  2.34822974e-01  2.94249147e-01  5.72276235e-01
  4.93437529e-01  2.86634922e-01  3.06924045e-01  1.74232289e-01
  4.80722755e-01  7.67842352e-01  4.61996824e-01 -1.49397627e-01
 -5.35545051e-01 -2.07195401e-01  4.61773090e-02 -7.19204664e-01
 -2.36712545e-02  1.69839919e-01  4.68096703e-01 -6.63670242e-01
 -3.45444322e-01 -2.95199662e-01  1.76241323e-02 -7.02230990e-01
 -3.58724922e-01 -6.69557035e-01 -6.39351606e-01 -1.93379059e-01
  1.65576994e-01 -4.11117226e-01  5.45201898e-02 -6.07914478e-02
  7.05879748e-01 -6.72730744e-01 -3.99949640e-01  1.13895223e-01
 -6.31103158e-01 -2.93652326e-01 -3.77531469e-01 -1.63616955e-01
 -3.91004562e-01 -1.25441849e-01  3.14322710e-01 -4.70428199e-01
 -7.83000410e-01 -2.88838267e-01 -6.09501421e-01 -3.22668433e-01
  3.07533801e-01  5.02631187e-01  3.61660123e-02  5.98707616e-01
  2.11616114e-01  3.22341442e-01 -3.80458027e-01  7.36585975e-01
 -8.92982781e-01  4.00662065e-01  2.41615936e-01  4.03680295e-01
  6.13344252e-01  5.35341918e-01  4.90175307e-01  8.57306346e-02
  1.54749513e-01 -3.47645255e-03 -1.79560825e-01 -6.78959489e-01
  6.71502113e-01 -4.02425438e-01  5.00388384e-01 -1.75969094e-01
 -2.62269527e-01  4.49397892e-01 -3.34530354e-01 -2.27431476e-01
 -1.88923135e-01  3.93853813e-01  3.31171937e-02  1.88998282e-01
  2.92169690e-01  9.07335699e-01 -1.43206015e-01 -1.83547169e-01
  9.28238034e-02  1.60436437e-01  4.88099992e-01  1.68469951e-01
  5.57058044e-02 -6.00753911e-02  2.54856884e-01  1.46979168e-01
 -1.44283250e-01  2.38408491e-01  2.79301614e-01  4.87950534e-01
  1.73891008e-01  2.02815458e-01  2.59649754e-01 -1.50730982e-01
 -4.01128232e-01 -4.44263101e-01 -7.44524181e-01 -3.40825647e-01
 -5.52254975e-01 -7.67023489e-02  9.34108198e-01 -2.39603773e-01
  2.25190129e-02 -4.28295434e-01 -4.49173182e-01 -3.42966765e-01
 -5.46806157e-01  1.06074482e-01  4.81443912e-01  2.84314156e-01
  9.18398738e-01  1.30967349e-01 -7.45666564e-01  1.76642686e-01
  2.21011579e-01  4.07253027e-01  6.63063765e-01  9.09066014e-03
  3.50896940e-02  1.83811858e-01  1.82680011e-01  4.70659614e-01
 -1.01974562e-01  6.26978725e-02 -9.40832615e-01 -6.52404249e-01
 -3.24350387e-01  3.67973775e-01  3.67124885e-01 -2.21401602e-01
  4.15161073e-01  9.94877517e-02 -4.92430925e-01 -7.80409276e-01
 -2.40423933e-01 -3.42800945e-01  1.29675731e-01 -9.90501523e-01
 -9.37732756e-02  1.18506961e-01 -1.67349026e-01  4.45392698e-01
  2.83873439e-01 -4.39427286e-01  2.52377331e-01  4.21399295e-01
  5.71334600e-01 -7.26973414e-01 -2.95927469e-02  2.91597378e-02
  4.24708948e-02  2.92873144e-01  2.04589441e-01 -1.02795161e-01
 -7.58736432e-02 -1.95115730e-01 -8.25254500e-01 -4.65269268e-01
 -5.27914286e-01 -1.17438126e+00  6.21102273e-01  1.46073565e-01
  1.34798642e-02 -4.54668194e-01  3.69665682e-01 -9.39018354e-02
  1.79259390e-01  3.46551925e-01  2.71567196e-01 -4.09156322e-01
 -9.87835944e-01  1.17123187e-01 -4.00100410e-01 -7.79720724e-01
 -6.15735836e-02  7.60794103e-01 -3.06203067e-01 -1.51217744e-01
  6.68269396e-02 -4.68070358e-02  5.00749517e-03 -3.84405628e-02
 -2.85034955e-01 -7.58327544e-02  7.27977306e-02  1.18851520e-01
  2.82191873e-01  1.08784445e-01 -5.96040972e-02  1.46751404e-01
  2.27181897e-01  8.85928571e-01  2.84479290e-01  1.18054681e-01
 -3.82209152e-01 -2.01807499e-01 -7.07857534e-02  6.98361918e-02
  2.02183425e-01  4.53183949e-01 -6.44808471e-01  1.25333160e-01
  6.75511301e-01 -6.16195202e-01  6.16117045e-02  4.95503813e-01
  6.56136870e-01  2.38089874e-01 -3.15300524e-01 -1.00683272e-02
 -6.44401968e-01  3.05437386e-01  4.04159427e-01  6.76220596e-01
 -1.20024569e-01  9.89443287e-02 -1.09465942e-01 -8.93416941e-01
 -6.44049406e-01  1.70678586e-01  2.32825950e-01  3.58750582e-01
  2.90902436e-01  6.03955314e-02  3.64982843e-01  2.88788140e-01
  3.25582206e-01  2.98508048e-01 -2.11853176e-01 -1.69587851e-01
  9.25581336e-01 -1.00967355e-01  4.19761032e-01 -5.97174942e-01
 -1.12329876e+00 -1.14141829e-01 -1.00131340e-01  2.89266169e-01
  6.18421614e-01 -2.26853136e-02 -2.46456966e-01  5.18426597e-01
  3.93800706e-01  2.33769998e-01 -3.89728211e-02 -7.22244859e-01
 -5.15709594e-02 -8.79537985e-02 -3.18342112e-02  2.17369661e-01
 -9.24059898e-02  3.81692141e-01  4.86069262e-01  4.05491590e-01
  5.01701906e-02  2.69278318e-01  7.19921067e-02 -2.63382852e-01
  3.92926067e-01  2.74747610e-01 -4.12314445e-01 -3.01242560e-01
  2.44315729e-01 -4.21547800e-01  7.09136343e-03  3.57484549e-01
 -2.73204625e-01 -5.03464162e-01 -1.94650888e-01 -3.36996615e-01
  3.47201884e-01  1.80828840e-01 -5.29132307e-01 -3.22091542e-02
 -6.23873733e-02  3.67710628e-02 -1.78253248e-01 -4.06050496e-02
 -3.81089188e-02 -8.67923498e-02 -1.65621966e-01  3.79243270e-02
 -6.91981614e-01  1.61953513e-02 -8.07290912e-01  1.26615137e-01
 -2.16477290e-01 -7.05652595e-01  4.07820255e-01  7.20290840e-02
 -4.22391802e-01 -1.19935584e+00  3.84969234e-01  1.55750945e-01
  5.93656301e-01 -2.86965460e-01  4.22575116e-01 -2.09008619e-01
  3.65491688e-01  2.06109527e-02 -5.05034685e-01  5.86398458e-03
 -1.02386160e+01  2.93695301e-01 -8.07565212e-01 -4.65996787e-02
 -2.19530776e-01  2.15877116e-01  4.06636357e-01  2.02618510e-01
 -1.14357591e-01  7.83499703e-02  4.85066801e-01  6.26463711e-01
  2.03689128e-01  3.30434442e-01 -5.96944213e-01 -2.57458121e-01
  1.55121490e-01 -5.21634400e-01 -4.14517932e-02 -6.80052564e-02
  3.14117461e-01 -5.96499518e-02  7.12457478e-01  4.58022505e-01
 -4.48841117e-02 -2.83873647e-01 -4.76288140e-01  6.18951201e-01
 -3.41623366e-01  3.32348108e-01 -5.62076449e-01  2.32299924e-01
  3.24432969e-01  5.09893335e-02 -3.02852899e-01 -2.84949720e-01
 -8.83074999e-02  1.36656255e-01  1.83941081e-01  1.22880384e-01
 -4.62945290e-02  4.57452267e-01  5.45233749e-02  6.43202439e-02
  2.69053727e-01  3.59110266e-01  4.33827117e-02  3.14644277e-01
  5.46511352e-01 -2.06803922e-02 -1.34080142e-01 -2.38514975e-01
  1.48372516e-01 -1.07856549e-01  3.60755771e-01 -3.13270502e-02
  7.97114253e-01 -2.66944528e-01 -3.02110076e-01  3.60109583e-02
  4.78554875e-01 -1.68002859e-01  6.27351522e-01  3.93252403e-01
  3.06651354e-01  3.53701234e-01  5.44516444e-01  3.99895757e-01
 -2.98449010e-01 -3.67829949e-01  2.15354741e-01  2.46415168e-01
 -1.14773951e-01 -3.16884935e-01 -3.18966627e-01  6.03009045e-01
  6.61231354e-02 -2.57588595e-01 -2.31780112e-02  9.41014364e-02
  2.65585244e-01 -5.33725787e-03 -4.46496755e-01  5.85658699e-02
 -9.59826112e-01 -6.34158403e-02 -3.14684808e-02  4.64487463e-01
  1.35348931e-01 -6.52033329e-01  4.94852304e-01 -1.96370915e-01
  1.20603964e-01  5.20343333e-02 -7.96077028e-02  9.75164324e-02
  2.76541382e-01  1.29650429e-01  6.51039779e-01  3.14553797e-01]"
ケ,"[ 2.42983744e-01  6.61647081e-01  4.14434195e-01 -5.31312227e-01
  1.04339898e-01  1.10275947e-01  1.06261194e-01 -2.47834116e-01
 -2.82122970e-01 -1.26020119e-01  3.78420025e-01  1.03774980e-01
 -1.07884943e-01 -2.94757605e-01  5.36776423e-01 -9.28157926e-01
  1.16735227e-01  6.56434596e-02 -1.83230370e-01 -2.12079987e-01
 -4.94876027e-01 -4.05501306e-01 -4.89496082e-01  4.15394038e-01
  2.37108335e-01  9.90686864e-02  3.00017208e-01  2.30317578e-01
 -1.50839567e-01 -4.30407733e-01  1.60728768e-01 -3.66934896e-01
 -7.88718555e-03 -2.88333207e-01 -2.22001731e-01  4.11872476e-01
  1.57045312e-02 -3.44284624e-01  6.69746280e-01  3.24419528e-01
  4.92513508e-01 -1.04946829e-02 -1.45402238e-01 -4.75986481e-01
 -1.83862805e-01 -2.56758053e-02  2.66797654e-02 -2.45186791e-01
 -1.45347774e-01  2.87010878e-01 -6.90131187e-02  1.47571281e-01
  2.69189686e-01 -9.75613892e-02 -1.41009599e-01 -2.09819764e-01
  4.57318753e-01 -1.17477477e-01  7.93971196e-02  1.47165596e-01
 -6.07470214e-01 -2.48136818e-02 -2.85619438e-01  2.63646305e-01
 -1.50541455e-01  2.05124050e-01  1.77532330e-01 -1.43306538e-01
 -3.58594465e-03  1.59628808e-01 -9.07938555e-02  2.54120946e-01
 -4.10707742e-01  8.26245546e-02  4.37749714e-01  1.31619766e-01
  1.34735867e-01 -6.24474466e-01  2.05821231e-01  1.93708450e-01
 -1.44872308e-01  6.12187028e-01 -1.08338021e-01 -9.23694670e-01
 -3.28349292e-01  4.22950089e-01 -8.55821431e-01 -6.49204493e-01
  7.46537626e-01  1.91497773e-01  3.26317757e-01 -1.21452220e-01
  1.69238001e-01  5.16637638e-02  4.65066671e-01  5.60071655e-02
  1.09511249e-01  6.39735139e-04  5.53719327e-02  4.07889456e-01
 -5.67250371e-01 -1.98796421e-01  2.26551190e-01  2.04362273e-02
 -2.53286928e-01  1.02281630e-01 -1.48578644e-01  2.98435390e-01
  5.23440242e-01  1.86442465e-01  2.29677036e-02 -5.23345530e-01
 -1.03751111e+00 -3.80867198e-02 -5.10710001e-01 -6.20136447e-02
 -1.46765798e-01  2.12909490e-01 -5.90549596e-03  9.58530605e-01
  1.52095973e-01  6.95381522e-01 -2.73402929e-01 -4.18316722e-01
 -6.10742569e-01 -3.33437175e-02  2.11496949e-01 -5.00729121e-03
  2.97402203e-01 -5.95650613e-01 -1.55517846e-01 -3.45940113e-01
 -4.77604061e-01  1.49687156e-01 -2.89343983e-01  1.32733428e+00
 -2.77786016e-01 -3.31554204e-01 -1.16688140e-01 -7.16544151e-01
 -3.89084756e-01  2.68974900e-01  4.93835807e-01 -3.20211232e-01
 -3.55864555e-01  2.38670006e-01  2.28365019e-01 -1.37026206e-01
  3.48668247e-01  2.29750574e-01  7.07686543e-02  7.89300978e-01
 -4.18758661e-01  2.13486463e-01 -3.80802862e-02 -2.27503344e-01
 -4.24121708e-01  8.12907040e-01 -5.52768633e-02  1.29970178e-01
  4.82939869e-01 -3.33131254e-01  8.83076787e-02  6.62143707e-01
  1.92182183e-01  3.53275150e-01  5.63312531e-01  8.06767792e-02
  5.19129634e-01  8.49038839e-01  1.57426313e-01  1.92037836e-01
  2.67482817e-01 -1.19606145e-02 -1.79694071e-02  3.75825554e-01
  1.09623320e-01 -1.50926575e-01  5.98473698e-02 -6.68065310e-01
  1.79712959e-02 -4.22224879e-01  2.69056648e-01 -6.09035969e-01
  4.29628283e-01  1.82001814e-01  2.57597476e-01 -8.01635720e-03
  2.30918154e-01  2.19380587e-01  7.11452216e-02 -1.97873503e-01
  3.08654934e-01 -3.05957019e-01 -2.48256177e-01 -4.04009558e-02
 -1.86616182e-01 -1.04710683e-01 -3.69098902e-01  6.21734321e-01
 -1.49576059e-02  2.08998397e-02  1.55353740e-01 -1.00836909e+00
 -6.59872770e-01 -3.07220090e-02  7.40824491e-02  2.43539974e-01
  2.01195046e-01  4.04138356e-01 -3.81080389e-01  3.07194799e-01
  2.13843957e-01  2.13415235e-01  7.39353836e-01  1.24230146e-01
 -4.99982357e-01 -6.20070517e-01  6.95783973e-01 -4.20925260e-01
  2.96665817e-01  2.87886381e-01  1.15416288e-01 -3.49674284e-01
 -5.42521775e-01  3.03326398e-01  6.87091231e-01 -1.92804158e-01
  2.80525297e-01  7.86598802e-01 -2.74355739e-01 -7.09179521e-01
 -7.55965531e-01  4.02801573e-01 -5.77353060e-01 -3.29766446e-03
 -1.89533249e-01  3.89778644e-01  1.03490449e-01  4.46693420e-01
 -2.23336563e-01  8.43053237e-02  1.23795629e-01  2.08829269e-02
 -2.95165867e-01  1.24773525e-01 -2.41209030e-01 -6.96718931e-01
 -2.19151139e-01 -5.63319623e-01 -7.80928135e-01  2.35174313e-01
 -7.93177709e-02 -6.61480308e-01  7.60380387e-01 -1.34834036e-01
  1.94659144e-01  3.50688249e-01  6.98992610e-01 -2.84044683e-01
 -9.34493959e-01 -6.18886948e-01 -1.09934501e-01 -2.04715028e-01
 -2.34594434e-01  2.68267363e-01  1.31307706e-01 -2.01235846e-01
 -9.30844724e-01 -3.64141345e-01  5.58054447e-01 -4.75634784e-01
 -2.43771940e-01 -9.48891789e-02 -5.02436817e-01 -1.32405728e-01
  5.24689332e-02  6.77733064e-01 -5.29695034e-01  4.79349852e-01
 -6.65214896e-01  2.19945520e-01 -9.17438090e-01 -3.69209707e-01
  2.43194371e-01 -2.33711869e-01 -2.76689231e-01 -6.34642959e-01
 -2.65756041e-01  1.16315419e-02  1.32512823e-01 -1.06600308e+00
 -1.12010859e-01 -8.64522457e-02 -2.06303611e-01  5.90228558e-01
  2.40708724e-01  3.16125125e-01 -2.27327973e-01  2.48950850e-02
  1.73042521e-01  9.93838012e-02  4.27819520e-01 -1.96427464e-01
 -2.36885741e-01  1.08922052e-03 -5.91033623e-02 -3.96090686e-01
  5.07862151e-01 -1.63101852e-01  2.18893185e-01  4.48639601e-01
 -5.53712368e-01 -4.63178568e-02  1.24448180e+00  3.48742932e-01
 -1.50201535e+00  5.99540830e-01  2.30322972e-01  4.92267251e-01
 -2.42355950e-02  8.28933001e-01  1.65879533e-01  2.40007624e-01
 -1.75178066e-01 -4.95150208e-01  8.98319900e-01  5.47534764e-01
 -3.15732449e-01  4.95436102e-01  7.17108905e-01 -2.82720804e-01
  3.41013402e-01 -6.12178087e-01  2.75671203e-02  3.62047583e-01
 -1.28877148e-01  5.86671494e-02 -3.59301597e-01 -4.15886462e-01
 -3.23458314e-01  2.18678832e-01 -5.43814264e-02  3.66624892e-01
 -6.25962555e-01 -3.30054104e-01  3.59206237e-02  9.05072808e-01
  7.25975335e-01  6.45570040e-01 -8.03440869e-01 -3.68760109e-01
  3.28003079e-01  3.39110285e-01 -1.11615039e-01 -4.98237126e-02
  3.11206102e-01 -6.00452781e-01  7.44467080e-01  4.94389795e-03
 -2.73741663e-01  4.37093407e-01  2.13876575e-01 -1.15026243e-01
 -1.55057222e-01  3.71474773e-01  5.80129623e-01  1.33970277e-02
  3.82444471e-01  1.66542724e-01  5.57122946e-01  1.55771459e-02
 -3.92663777e-01 -2.14872837e-01  5.07878125e-01 -6.61259174e-01
 -1.46612436e-01 -3.99776213e-02 -4.44043040e-01  3.93290460e-01
  5.50920703e-02  1.10716604e-01 -4.61688399e-01 -9.68769789e-02
 -3.80791992e-01 -3.49235535e-01 -7.85924554e-01  1.58579722e-01
 -1.02816418e-01  1.69182509e-01  6.84942007e-02  5.90056367e-02
  6.42101586e-01 -3.89000237e-01 -6.94823146e-01  4.97640848e-01
 -2.10066885e-01  6.16585910e-01  1.52980611e-01  3.49158138e-01
 -8.53445530e-02  5.20271301e-01  8.30933154e-02 -3.33798945e-01
 -9.16583180e-01 -1.62950270e-02 -7.33271241e-01  4.28533703e-02
 -1.87878296e-01  6.51965141e-01 -1.90103903e-01  1.04135819e-01
 -2.16933176e-01 -1.17223606e-01 -6.70883596e-01 -4.08377767e-01
 -2.15285514e-02  4.12570119e-01  1.18696384e-01  2.39137217e-01
  7.60342479e-02  2.22781777e-01 -1.96928754e-01 -1.20594062e-01
  2.04806358e-01 -2.83829331e-01 -2.15340763e-01 -3.13322783e-01
  3.03208202e-01  2.22940505e-01  1.99378073e-01  1.40564054e-01
  1.34893656e-01  9.17116284e-01 -4.07739868e-03 -5.68395793e-01
 -2.02481136e-01  7.48540014e-02 -5.58235884e-01  6.20762229e-01
  6.03394628e-01  3.16879570e-01 -2.12513283e-01 -2.88510211e-02
  3.11512262e-01  2.21039176e-01  2.49351710e-01 -2.54389405e-01
 -9.92610976e-02 -1.65607199e-01  6.28498852e-01  1.07133162e+00
  2.83630192e-01 -1.07452095e-01  9.00056660e-02  4.16677803e-01
 -3.19882363e-01  2.92134970e-01 -9.71302092e-02 -2.27658406e-01
 -1.31079271e-01  1.18297018e-01 -5.38550392e-02 -6.49767578e-01
 -2.52242424e-02 -2.64421463e-01  5.95304929e-02  1.22790508e-01
 -5.16981892e-02  1.29454523e-01 -2.90019035e-01 -9.42623094e-02
 -1.63310438e-01 -1.55384481e-01 -4.45168197e-01 -7.10231885e-02
  4.44833100e-01  2.61295855e-01 -5.23063362e-01 -1.09547697e-01
 -5.02949953e-01  2.45134383e-01  2.19964564e-01 -9.73588765e-01
 -7.07339635e-03  4.77484614e-01 -4.49726194e-01  3.07370156e-01
  7.92830348e-01  1.82920434e-02 -1.01889014e-01 -6.85815573e-01
 -1.85781986e-01  1.09096784e-02  1.31780818e-01 -6.56769753e-01
  8.30115080e-01  1.01656109e-01 -5.71702659e-01 -1.14932701e-01
 -2.62709200e-01  3.40241790e-02  3.10940528e-03 -3.71332943e-01
 -3.02453190e-01  1.30453035e-01 -7.12276027e-02  3.35875690e-01
  3.01972717e-01 -3.83608252e-01  5.50241292e-01  4.76828396e-01
 -1.81396514e-01 -2.05640882e-01  1.38178796e-01  1.30057931e-01
 -2.51086652e-01 -4.90662009e-01  5.84722817e-01  9.90990922e-02
  4.54297751e-01 -5.01931250e-01 -4.52583998e-01 -9.55391824e-01
 -3.08103412e-01 -4.12002712e-01  1.01010895e+00  1.06171153e-01
  5.92078924e-01 -5.46623349e-01  3.69764157e-02 -2.33401835e-01
 -4.80785966e-01  3.40243764e-02 -6.63916057e-04  1.70540854e-01
 -5.42601883e-01  5.97610399e-02 -5.66765144e-02 -5.71679771e-01
  5.89732587e-01  2.15650350e-01 -5.51976800e-01  2.14102030e-01
  3.32562447e-01  4.88354474e-01 -3.27153951e-01 -4.44363104e-03
  2.88240220e-02 -4.15050626e-01  4.93107557e-01  5.98717451e-01
 -1.68216433e-02  8.29540566e-03 -4.52356666e-01  1.86267331e-01
  4.56171542e-01  9.95494574e-02  5.67488372e-01 -1.29907057e-01
  3.05525810e-01 -3.93447608e-01 -5.91024399e-01 -1.65695339e-01
  5.24529397e-01 -3.61129120e-02 -2.30585098e-01  5.20514965e-01
  8.12446654e-01 -4.47135925e-01 -2.02597722e-01  5.87855458e-01
  5.43065906e-01  5.17321825e-01 -1.23918481e-01 -3.95412445e-02
 -1.17859408e-01  3.18789661e-01  1.79927766e-01  4.06401195e-02
  7.95059875e-02 -3.79260033e-01  1.64937034e-01  2.50375401e-02
 -2.21073125e-02  5.72055094e-02 -1.90583706e-01 -2.51102239e-01
 -1.88268591e-02 -9.07959864e-02  9.66732800e-01 -9.44556296e-02
 -8.23743418e-02 -1.61988020e-01  2.51872968e-02  7.46377885e-01
  3.58150423e-01  5.91222405e-01 -2.39296228e-01 -1.58086210e-01
 -1.10108197e+00  1.27563700e-01  3.13126653e-01  2.48641402e-01
  4.77851599e-01 -5.83883703e-01 -4.25911844e-01  1.56735554e-01
 -2.80694552e-02  2.17195883e-01 -3.51877838e-01 -3.05016547e-01
 -3.96391414e-02 -1.14743374e-01 -6.35525823e-01  1.86520383e-01
  6.95757940e-02  2.21612215e-01 -2.65844554e-01 -1.08380392e-01
  5.52495196e-02  7.24156082e-01  4.91474532e-02 -1.66815087e-01
  4.28943217e-01 -5.20951390e-01 -3.09499532e-01 -2.50238031e-01
  4.03599054e-01 -1.37843356e-01 -2.86464602e-01 -1.82003081e-01
 -2.83991575e-01 -1.86084658e-01  1.14216693e-01  7.54496992e-01
  3.30890685e-01 -4.47415560e-01 -2.43613750e-01 -6.80003405e-01
  1.10743001e-01 -4.49113101e-02 -2.78133154e-01 -1.66787356e-01
  8.78268927e-02  1.51174292e-01 -3.81850898e-02 -4.34712261e-01
 -9.46749151e-01  2.70525157e-01  1.03676040e-02 -7.44999852e-03
 -5.32436848e-01 -2.00023711e-01  1.84640855e-01 -1.12786546e-01
 -6.11799508e-02 -1.41685295e+00  2.16365591e-01  2.85401821e-01
  4.74258691e-01 -5.20505667e-01 -1.40135452e-01 -3.13458234e-01
  7.91247413e-02 -6.75518811e-02 -3.64398360e-01  2.23663613e-01
 -1.01262293e+01 -5.95409036e-01 -2.01366365e-01  1.83145076e-01
 -6.07669294e-01 -9.56417769e-02  7.92103410e-01  4.13495660e-01
 -7.08602548e-01  2.05084875e-01  7.76176751e-02 -2.83153001e-02
  3.39361548e-01  7.49784529e-01 -4.07476127e-01  2.13155784e-02
 -1.99846745e-01  7.02861995e-02  5.54596148e-02  2.28046671e-01
 -6.89334646e-02 -4.80258167e-01  7.31772542e-01  2.83301268e-02
 -1.39087085e-02 -2.48534426e-01 -4.82468680e-02 -3.12602293e-04
 -2.20595345e-01  5.58956504e-01 -9.52058136e-01  6.14722252e-01
  1.45301884e-02  5.22126071e-02 -5.02472281e-01 -1.64752603e-01
  2.00219844e-02  3.84266376e-01 -5.65384388e-01  1.70460314e-01
 -1.71508998e-01  7.51562297e-01 -3.78189497e-02  3.84574264e-01
  2.85517097e-01  2.30679050e-01  3.77662361e-01  3.39139163e-01
  4.17845428e-01 -1.35157764e-01  1.26713172e-01 -8.31874549e-01
  7.93661296e-01 -3.53794098e-01  7.52086714e-02  8.17460492e-02
  5.92950761e-01 -4.89647657e-01  2.42520183e-01  4.49772663e-02
  5.13068318e-01  2.26554811e-01  5.21204293e-01  7.71906316e-01
 -5.12834564e-02  8.63157958e-02  1.18301526e-01  1.62772954e-01
 -6.37453437e-01 -1.27570048e-01  4.73882705e-01  3.82147282e-01
 -1.57582954e-01  3.60108823e-01 -1.02092385e-01  4.07757275e-02
  1.95189804e-01  2.84396082e-01  6.15221262e-01 -1.50578991e-01
  5.93798995e-01 -6.15887761e-01  3.32245171e-01  3.16054106e-01
 -8.13950002e-01  3.92543405e-01 -1.29814759e-01  8.86130780e-02
  3.96851242e-01 -6.39333487e-01  7.39025772e-01  8.23216140e-01
 -4.74990696e-01  1.07104614e-01  4.60877270e-01 -3.34663004e-01
  1.82906508e-01 -5.94441928e-02  5.92715979e-01 -1.58273373e-02]"
レ,"[ 2.11790562e-01  3.12147915e-01  1.56239405e-01 -4.62925494e-01
  3.90045017e-01  6.33704841e-01  1.08811867e+00 -5.64637408e-03
 -1.70766532e-01  2.53077507e-01  6.52835608e-01  5.36284596e-02
 -7.73065925e-01 -2.08476856e-01  4.08956826e-01 -1.93083435e-02
  1.95161268e-01 -4.57857430e-01 -2.57242247e-02 -4.03957129e-01
 -5.13635576e-01 -4.37197149e-01 -2.87885010e-01  3.59757394e-01
  1.92466006e-01 -4.33365285e-01 -1.64243922e-01  3.59828532e-01
 -2.01904532e-02 -3.53789479e-01 -3.70608479e-01 -6.53367996e-01
 -8.40082914e-02  4.72385108e-01 -1.64403200e-01  1.47810608e-01
 -4.61415619e-01 -6.33785501e-02  2.76199311e-01  1.68242469e-01
 -2.04160556e-01 -1.32096857e-01 -3.42380077e-01  1.46032572e-01
 -2.51288235e-01  4.13353950e-01  3.87004912e-01  3.07377338e-01
  2.51169115e-01  1.01749063e-01 -1.65935755e-01  5.35423934e-01
  6.02197349e-01  2.14505911e-01  6.72789931e-01 -3.70636135e-02
  5.68251252e-01 -4.53531414e-01  4.94370274e-02  5.92842340e-01
 -8.04089427e-01 -2.66785383e-01  8.47482085e-02  5.41311167e-02
 -1.31178811e-01  3.64593685e-01 -4.00320202e-01  2.56372929e-01
  4.19665754e-01 -7.32927322e-01 -1.02700032e-01 -2.46067911e-01
 -2.20003235e-03 -5.06109774e-01  6.37231410e-01 -4.90771949e-01
  4.08214003e-01 -7.41296187e-02 -1.14414558e-01  2.06918269e-01
  1.20670125e-02  2.96857655e-01 -3.16032529e-01 -1.09711146e+00
 -2.13455111e-01  2.33853862e-01 -1.17373765e+00 -1.17531931e+00
 -3.94072346e-02 -3.73141170e-01  1.85219899e-01 -1.90411940e-01
  4.35625821e-01 -3.77321728e-02  5.28561592e-01 -4.80665490e-02
  3.76573473e-01  1.47235572e-01 -1.90814406e-01 -5.46784066e-02
 -1.79864869e-01 -1.82770062e-02  4.56758618e-01  1.20619118e-01
 -6.94888085e-02  1.79526940e-01  1.03570692e-01  8.89171138e-02
  2.19496906e-01  5.48862159e-01 -4.58923429e-01 -4.54540968e-01
 -3.25635016e-01 -2.90356189e-01  1.37022883e-01 -2.43274197e-01
 -1.39434570e-02  6.21202469e-01 -2.83238292e-01  4.95013028e-01
 -3.10995672e-02  2.13604867e-01 -2.24200655e-02 -4.05663669e-01
  1.09675638e-01  1.83357760e-01  3.71012926e-01 -2.45225817e-01
 -4.35414821e-01 -6.80235922e-01 -7.03988492e-01  2.01055184e-01
 -4.14252132e-01 -1.98510036e-01 -5.41311920e-01  4.76782709e-01
  6.54575527e-02  1.35801822e-01 -2.06374973e-01 -3.62702549e-01
 -8.91103268e-01  5.50651133e-01  4.38832015e-01 -2.73552805e-01
  3.57039243e-01  1.53650001e-01 -1.08367205e-01 -3.01844239e-01
 -2.96181202e-01  3.65690410e-01 -4.61749397e-02  1.08299446e+00
 -8.86420965e-01 -2.87730750e-02  1.13404825e-01  1.90755382e-01
 -8.78477871e-01  8.68647620e-02  1.61097020e-01  2.16070712e-01
  1.83381528e-01  1.90998510e-01  4.24192905e-01  7.58680820e-01
  1.73998281e-01  4.19262707e-01  1.72381356e-01 -4.71206419e-02
  4.60250080e-01  9.33453441e-01  8.02692533e-01  5.90680301e-01
  6.39782727e-01 -2.72129148e-01  3.72003704e-01  4.91988689e-01
  1.08685577e+00 -2.08739191e-01 -4.18818779e-02 -6.68927848e-01
 -1.77817926e-01  5.38549572e-02  2.51314670e-01 -7.79233038e-01
  4.28760499e-01 -1.39289677e-01  4.77126479e-01 -9.00978316e-03
 -3.29728305e-01  2.22734496e-01  9.43627767e-03 -4.76323575e-01
  2.74438173e-01 -6.07636034e-01 -5.66053152e-01 -3.83359306e-02
 -2.29928046e-01  2.98950762e-01 -9.94605124e-01  3.43955100e-01
  2.81170547e-01  3.48459274e-01 -2.54391998e-01 -6.05091989e-01
 -7.90200830e-01 -6.91058576e-01 -3.28721493e-01  5.90669692e-01
  2.16125086e-01  4.58050460e-01 -2.02739686e-01  3.01326998e-02
  1.13393530e-01  5.62979728e-02  6.82333112e-01 -2.00289935e-01
 -2.36324996e-01 -3.91351014e-01  2.05564927e-02 -4.40373242e-01
  3.19210052e-01 -3.49599898e-01 -9.98927746e-03 -4.20623481e-01
  7.27967247e-02  4.09278065e-01  6.04039319e-02 -7.25088894e-01
 -4.53305095e-02  1.21204503e-01 -5.08763850e-01 -3.21923256e-01
 -8.82857144e-01 -4.66342270e-02 -6.77094221e-01 -2.27426693e-01
 -5.28761923e-01  2.71380156e-01 -1.00383714e-01  2.02354625e-01
  2.90312022e-01 -2.93077946e-01  3.58733088e-01 -4.66686547e-01
 -2.53672034e-01  7.41484538e-02 -1.06865931e-02 -1.50152221e-01
  8.24689120e-02  1.69533268e-02 -6.54282510e-01 -5.56208372e-01
  2.80531526e-01 -5.24953485e-01  6.29130185e-01  9.26729441e-01
  2.12974876e-01 -3.86684299e-01 -1.40479237e-01 -2.88277268e-01
 -7.53846824e-01 -6.01349950e-01  1.03062717e-02  3.49313468e-01
  1.73552707e-01 -3.60199332e-01 -1.70882866e-02 -3.89978021e-01
 -8.49648237e-01 -6.78683221e-01  1.21645011e-01 -5.44718921e-01
 -3.87903333e-01 -3.88252020e-01 -6.39475882e-02 -3.94706249e-01
 -5.11833131e-01  7.81625688e-01 -2.74681926e-01  8.12987864e-01
 -2.57096708e-01  5.21027982e-01 -5.01482964e-01 -3.58229369e-01
 -1.58339262e-01  2.93700576e-01 -5.81605315e-01 -6.31688178e-01
 -5.70438147e-01  8.12469661e-01  2.56196409e-01 -4.40510631e-01
  1.52350411e-01 -1.69668958e-01 -1.51950847e-02  6.57054722e-01
  4.60845739e-01 -1.51015133e-01  1.98665634e-01 -5.71198501e-02
  8.23478937e-01  2.07625404e-01  2.60527611e-01  1.41267627e-01
 -2.33722225e-01 -1.79886833e-01 -4.09681976e-01  2.39389837e-01
  5.92723012e-01 -6.54698193e-01  2.64564067e-01  6.65835500e-01
 -7.61334956e-01  2.99999505e-01  6.03593469e-01  4.40113693e-01
 -1.74230647e+00 -2.08247915e-01  4.11691397e-01 -2.18686476e-01
 -4.67979968e-01  4.47311580e-01  4.50253218e-01  7.44841516e-01
 -5.64385235e-01 -5.38400114e-01  1.08515155e+00  2.08265528e-01
 -3.98362309e-01 -2.84172446e-01 -2.71444231e-01  1.41183719e-01
  4.09434795e-01 -4.37738210e-01  1.24744058e-01  5.90748489e-01
 -6.01208389e-01 -2.03941509e-01 -2.87634075e-01 -4.80963409e-01
 -2.62211673e-02  7.63347030e-01 -7.54665509e-02  5.89029372e-01
 -2.06197560e-01 -1.38684109e-01  2.51260161e-01  1.26485646e+00
  5.82103789e-01  9.37070131e-01 -4.06178564e-01 -6.91404760e-01
  4.05639559e-01  2.79361814e-01  1.42325491e-01 -6.55316055e-01
 -3.59991714e-02 -2.83814464e-02  2.44900599e-01  1.19050898e-01
 -3.28858078e-01  2.84518689e-01  5.11830151e-01  2.19289780e-01
 -2.33976275e-01  2.86750615e-01  1.06900609e+00 -1.21941626e-01
  2.69066602e-01  3.37108433e-01  4.46323216e-01  4.31613386e-01
 -5.12827151e-02 -4.48308259e-01  2.96298474e-01 -5.64652562e-01
  4.48917717e-01 -1.90751746e-01 -2.69841373e-01 -4.24539857e-02
 -1.35695472e-01 -4.08144474e-01 -6.40518814e-02 -5.69630146e-01
  3.33210021e-01 -5.20815074e-01 -6.19455874e-01 -3.63946736e-01
  2.95442313e-01  2.60435045e-03  6.86691821e-01  1.07836270e+00
  3.76238257e-01 -8.40712011e-01 -5.07274330e-01  2.69872755e-01
 -7.40011930e-01  3.48720223e-01  2.92439133e-01  5.26220083e-01
 -1.46135643e-01 -3.23804498e-01 -6.99282467e-01 -4.24319774e-01
 -1.00188851e+00 -6.89015761e-02 -4.80664849e-01 -1.32868499e-01
 -1.87674150e-01  7.84283876e-01  3.77273299e-02  1.31311953e-01
  3.74370724e-01  2.35737562e-01 -6.33470654e-01 -6.37345314e-01
 -5.29601276e-01  2.66539037e-01  4.46591377e-01  4.13009435e-01
  9.35427696e-02  5.24656892e-01  3.60433251e-01 -4.25687172e-02
 -1.10221570e-02 -5.92614971e-02 -5.06973788e-02 -4.68889147e-01
  3.95512402e-01 -3.82778645e-01 -1.10836163e-01  4.71593887e-01
 -1.80875406e-01  1.09324825e+00 -7.88529310e-03 -2.66083121e-01
  2.14231595e-01  3.94428186e-02 -3.39678556e-01  9.83330548e-01
  1.91027910e-01  6.93450511e-01 -1.56026751e-01  4.66009766e-01
 -1.68740615e-01 -1.36379644e-01  2.89318502e-01 -5.63642085e-01
 -1.79401845e-01 -2.32059769e-02  1.53800517e-01  1.24000978e+00
  2.16638684e-01  4.75354567e-02 -2.21421555e-01  1.91967785e-01
 -8.71589184e-02  5.17838478e-01  1.64071806e-02  8.22151229e-02
 -3.61091226e-01  3.84118736e-01 -3.54102761e-01  3.14372778e-02
  4.43949178e-02  1.30570307e-01  2.44209960e-01  1.80386201e-01
  5.13420045e-01 -7.06629395e-01 -6.80223227e-01 -3.78711283e-01
 -1.31094873e+00 -9.61420834e-02 -8.00831974e-01  4.02071595e-01
  3.25710654e-01 -1.60698395e-03 -6.92893386e-01  7.90025234e-01
  2.71647990e-01  2.06939697e-01 -3.80356349e-02 -4.02706206e-01
 -5.26985705e-01  1.13552645e-01 -2.24539846e-01 -2.60666847e-01
  2.76364952e-01 -2.63771206e-01 -8.33178759e-01 -7.69113898e-01
 -1.42383292e-01 -4.96436387e-01  2.64447421e-01 -4.33224589e-01
  3.28410834e-01  5.42612433e-01 -9.38507378e-01  7.11900219e-02
 -3.31252277e-01  1.20897647e-02 -4.63244654e-02 -5.59325635e-01
  1.61403492e-01 -2.11348832e-01 -1.16198711e-01  9.56927776e-01
  1.27268028e+00 -1.53821990e-01  2.98032211e-03  6.46416366e-01
  4.68276858e-01 -1.48246452e-01  1.67837664e-01 -5.86160384e-02
 -7.77111426e-02 -1.36144102e-01  4.18100566e-01  3.95189852e-01
  4.98411685e-01 -1.01971865e-01 -9.67411876e-01 -3.02570164e-01
 -2.82127056e-02 -7.61660874e-01  8.48079741e-01  1.49477154e-01
  5.74199378e-01 -5.65008640e-01  2.55076796e-01 -7.17981756e-01
  6.53414503e-02 -3.38440329e-01  7.42141068e-01 -1.51932612e-01
 -1.04733407e+00 -3.78960431e-01 -3.38416129e-01 -6.56064034e-01
  1.15195918e+00  2.97550470e-01 -5.31781554e-01  2.55158365e-01
  4.73155648e-01  5.87594211e-01 -1.61969066e-01 -2.60976464e-01
 -6.07911706e-01 -1.74270698e-03  5.69970489e-01  1.86057240e-01
  1.89609990e-01  2.32887164e-01 -2.60109603e-01 -3.14332336e-01
  9.24727798e-01 -1.06491365e-01  2.15405792e-01  1.57620443e-03
 -1.40528515e-01  2.64834464e-01 -3.59886736e-01  1.25120774e-01
 -1.51385283e-02  3.54250163e-01 -3.90069842e-01  8.11315775e-01
  6.53498530e-01 -2.98208266e-01  1.15145974e-01  1.21756446e+00
  2.15686724e-01  8.10126424e-01 -9.30581689e-02  1.70218095e-01
 -1.07148409e+00  3.22002560e-01 -2.50449870e-02 -3.08299571e-01
  3.45678963e-02  3.35915893e-01 -5.97240590e-02 -7.91508332e-02
  1.83592528e-01 -5.30821010e-02 -4.85626757e-02  8.92215788e-01
  6.28977939e-02 -5.88202000e-01  8.48995626e-01  2.75404096e-01
 -5.14001846e-01  1.32637694e-01  5.38741909e-02  7.39607275e-01
  7.34033346e-01 -8.87859836e-02  5.72359920e-01 -3.43440711e-01
 -9.11301970e-01  3.25283855e-01 -3.19748878e-01  2.64806688e-01
  6.55352116e-01 -8.62215042e-01 -2.80593604e-01  5.22382438e-01
  3.25566441e-01 -1.45460561e-01 -4.46990699e-01 -8.11535060e-01
  1.60925388e-01  1.23084284e-01 -4.95300621e-01  2.15020292e-02
  2.96721846e-01  9.40444529e-01  3.57534975e-01 -3.53697807e-01
  2.37445027e-01  5.37648380e-01  1.12892590e-01 -2.52233088e-01
  6.98895827e-02  5.08544855e-02  2.92694837e-01 -1.91583142e-01
  1.01325643e+00 -1.81537628e-01 -3.18529636e-01  4.01400715e-01
 -4.61487442e-01 -3.35044116e-01  2.22076222e-01  3.51487756e-01
  4.88082767e-02 -2.46164948e-01  2.16562927e-01 -3.72650236e-01
 -1.61316410e-01 -2.57273652e-02 -8.78512681e-01  1.48966551e-01
 -1.10783957e-01 -7.34648556e-02  2.12040335e-01 -1.65950194e-01
 -5.67233562e-01 -3.63309979e-01 -1.48784265e-01  2.36909747e-01
 -1.06703007e+00 -3.29795510e-01  9.11358535e-01 -4.60878871e-02
 -4.54724908e-01 -1.18096209e+00  6.42949939e-01 -1.85985178e-01
  5.63629448e-01  3.84793319e-02  3.63342285e-01  2.95556746e-02
  2.43544385e-01 -1.63167957e-02 -4.47826445e-01  1.28145382e-01
 -9.77260590e+00  1.10378549e-01 -2.11438283e-01 -7.28446722e-01
  1.29618287e-01 -3.70057583e-01  7.00108409e-01  7.79978216e-01
 -5.73680699e-01  1.28816161e-02 -2.32107490e-01  1.51225463e-01
  4.53378767e-01  3.11708361e-01 -2.54814327e-01 -3.48427474e-01
 -3.22798729e-01 -2.58097917e-01 -7.22405827e-03 -1.06705673e-01
  8.84802192e-02 -6.27997220e-01  1.16019666e+00 -6.01275265e-02
 -2.13984042e-01  2.70081256e-02 -6.55421615e-01  2.71694750e-01
  2.10449353e-01  2.71274835e-01 -1.05003941e+00  6.97763801e-01
  1.51515856e-01 -1.20972410e-01 -7.65801743e-02  8.32716227e-02
 -1.00773744e-01 -1.84431449e-01 -9.22588110e-01  6.24495208e-01
 -8.83222818e-02  5.16309321e-01  3.37488532e-01  1.38079226e-02
  5.46293259e-01 -6.01533771e-01 -1.60022140e-01  1.80612728e-01
  7.66687691e-01 -3.52241285e-02 -2.13444576e-01 -2.16333881e-01
  1.73329502e-01 -1.14239946e-01  1.53278857e-01 -1.43183187e-01
  3.88860852e-01 -5.07604122e-01  4.85215038e-01  5.22066280e-02
  5.55349886e-01  1.53843284e-01  2.52172232e-01  4.67775911e-01
 -1.82433665e-01  6.69867516e-01 -6.03947453e-02 -1.95523575e-02
 -3.21256250e-01  1.43888779e-02  5.34737468e-01  4.91153777e-01
  3.02569658e-01  1.23411715e-01  2.06503168e-01  4.24642891e-01
 -1.62363812e-01  3.43252271e-01  1.86459780e-01  1.21148631e-01
  5.06132185e-01 -7.59795964e-01  1.33055225e-01  2.47879140e-02
 -1.00066650e+00  4.11822110e-01 -2.99781144e-01 -1.39427539e-02
  2.92196095e-01 -4.11412448e-01  4.69855070e-01 -5.69961779e-02
 -3.11755896e-01 -6.10242784e-02  3.81321520e-01 -7.60421902e-02
  2.16456562e-01  2.93256402e-01  1.02699339e-01 -3.38741601e-01]"
バ,"[ 2.23492578e-01 -1.47230342e-01  6.04596972e-01 -9.98763680e-01
  1.01490937e-01 -1.86388880e-01 -3.33591700e-01  1.97112262e-01
 -2.14410707e-01 -3.09164852e-01  5.51544487e-01 -2.57267535e-01
  1.56685248e-01 -6.42275155e-01  8.13384593e-01 -3.11504841e-01
  2.40159020e-01 -3.59989434e-01  2.61722445e-01 -5.66934824e-01
 -2.58397758e-01 -4.42358166e-01 -3.61425310e-01  5.41809857e-01
 -2.72164904e-02 -3.38242829e-01 -2.00246519e-04 -1.51283145e-01
 -5.85240185e-01  6.38441145e-02 -5.02935648e-01 -2.88584024e-01
  7.72766769e-02  4.03101966e-02 -7.86403835e-01 -1.32904798e-02
  3.24182063e-01 -7.04916939e-02  7.84705043e-01 -8.92584205e-01
  3.38814482e-02  9.24918801e-03 -3.88851732e-01 -2.28520930e-01
 -1.09146133e-01 -1.30066156e-01 -2.69195586e-01  6.05449975e-01
  3.95177454e-01  4.44608092e-01 -2.26057127e-01  3.65739852e-01
  2.99880058e-01 -4.31446135e-01 -4.30968076e-01  6.27437413e-01
  8.24359000e-01 -3.45764101e-01  3.78866017e-01  2.11452231e-01
 -1.54530451e-01 -1.78922862e-01  3.83542389e-01 -3.62125814e-01
 -2.93948501e-01  1.17849693e-01  1.80695847e-01  4.35120344e-01
  2.53861070e-01 -1.62746429e-01 -1.11437380e-01  2.32745126e-01
 -4.10550833e-01 -5.75073838e-01 -4.71131951e-02  5.80017194e-02
  3.75884742e-01 -2.32928202e-01  5.60299873e-01 -2.50480264e-01
 -3.13533932e-01  2.00688750e-01 -3.05354387e-01 -7.19345033e-01
 -8.14604700e-01  3.94331336e-01 -2.03150898e-01 -8.46941710e-01
  7.74010658e-01 -6.69694766e-02  3.81016284e-01 -2.09587365e-01
 -4.54765707e-02 -2.23698560e-02  2.75056124e-01 -1.03566311e-01
  3.72437686e-01 -2.56239742e-01  1.88383237e-01  2.43953988e-01
 -3.85721564e-01 -8.43820944e-02 -2.05203909e-02 -6.46994591e-01
  1.49531364e-01 -4.61369574e-01 -3.45463663e-01 -2.55793869e-01
 -1.72240958e-02  1.13484927e-01 -4.81627226e-01 -8.89858067e-01
 -9.17738795e-01  7.51974806e-02  8.53442028e-03 -1.80788368e-01
 -1.70903578e-01  5.74049592e-01 -1.60943270e-01  4.73174959e-01
 -2.85176843e-01  3.80243629e-01 -4.99504626e-01 -6.62254810e-01
 -1.36986017e-01  3.74578506e-01  1.63213596e-01 -2.15598881e-01
  1.84045881e-01 -6.01480067e-01  5.73848963e-01  6.30328298e-01
  2.31020525e-01  4.05912668e-01 -2.71390587e-01  6.78882957e-01
  1.17989592e-01  2.78277934e-01  1.63316339e-01 -5.94324529e-01
 -2.81355798e-01 -7.35498145e-02  3.80821586e-01  3.43843043e-01
 -4.82020490e-02  2.12169215e-01  2.70917267e-01 -5.35458624e-01
  6.89833403e-01  5.66144943e-01  1.68234512e-01  5.06364584e-01
 -2.09003076e-01  4.68712419e-01  3.38612758e-02  5.73348045e-01
 -5.67353368e-01  2.36756608e-01  4.42950279e-02  5.52839160e-01
  4.11908805e-01 -3.16019893e-01  3.27964187e-01  2.61787564e-01
  3.92314702e-01  4.43546325e-01 -3.03143919e-01 -1.08022094e-01
  2.13344291e-01  6.08925045e-01 -9.37312692e-02  2.48441279e-01
  7.06235528e-01 -7.69502878e-01 -4.93532181e-01  6.95850551e-01
  4.20651853e-01 -2.32944135e-02  3.43348444e-01 -2.87577510e-01
 -3.75739813e-01  1.98161930e-01  2.30341136e-01 -3.14104944e-01
  8.35926771e-01 -3.08704287e-01  4.68579203e-01  3.04825246e-01
 -4.60431576e-02 -1.10795073e-01 -2.64299899e-01 -4.83589292e-01
  5.42090118e-01  2.98639059e-01 -3.19358051e-01 -7.96011686e-01
  1.19291358e-01  2.36464813e-02 -7.82702684e-01  1.17175929e-01
 -2.52972543e-01 -6.42938167e-02  4.80459332e-02 -8.28247517e-02
 -7.02624083e-01  5.29692352e-01  7.76745304e-02  4.94155735e-01
  2.79955328e-01  2.24554390e-01 -3.53358507e-01  1.13152564e-01
 -1.54019982e-01  4.72279340e-01  9.76785302e-01 -1.34499639e-01
 -3.67156774e-01 -5.96632123e-01  4.52541798e-01 -2.73680687e-01
 -1.63573861e-01 -1.57884389e-01  5.69378674e-01  1.90100744e-01
 -6.47628725e-01  1.26087561e-01  4.00090724e-01 -3.88707101e-01
  8.37171637e-03  4.34352793e-02 -3.97170126e-01 -3.31240028e-01
 -4.31077182e-01 -1.28656089e-01 -4.19077277e-01 -2.57643700e-01
 -6.86580718e-01  1.40409559e-01 -5.18471777e-01  6.70382142e-01
 -2.28945494e-01  2.02808961e-01  2.34507442e-01 -4.84326661e-01
 -3.63604814e-01 -1.27278313e-01  1.50733158e-01 -2.71639317e-01
 -8.08911845e-02 -2.88665622e-01 -6.83452666e-01  8.87773782e-02
  4.78691570e-02 -3.87519091e-01 -1.40915871e-01  3.00646365e-01
 -4.90157194e-02  2.33168411e-03  3.62922072e-01 -8.31178367e-01
 -6.29259348e-01 -3.57686400e-01 -5.43783128e-01  1.40886754e-01
 -4.87808138e-01  2.96954781e-01 -1.50468990e-01  1.22846127e-01
 -7.91882753e-01 -4.30143803e-01  3.14280242e-01 -2.42057130e-01
  4.75729443e-02 -1.35479704e-01 -2.64143825e-01 -1.32748082e-01
  3.33012551e-01  8.60060155e-01 -5.17004788e-01 -1.26590198e-02
  8.42271447e-02 -9.16683301e-02 -5.27057827e-01 -5.19239604e-01
  8.14372063e-01  4.42877620e-01 -8.01496983e-01 -5.76523840e-01
 -5.42871118e-01  5.66928685e-01  3.88011277e-01 -4.42109674e-01
 -2.01914519e-01  4.32716876e-01 -2.37800196e-01  3.81818891e-01
  4.55405623e-01  3.63222025e-02  2.92936742e-01  3.12388748e-01
  3.34430903e-01  2.23947987e-01  1.16018981e-01 -2.60585785e-01
 -2.15703368e-01 -5.85278392e-01  4.87289548e-01  7.85499588e-02
  3.26260477e-01 -1.41511261e-01  1.17369443e-01  4.94881451e-01
 -5.26005447e-01 -2.09113181e-01  1.28287184e+00  8.20906103e-01
 -1.47946346e+00  7.88905565e-03  6.32879913e-01  2.73142725e-01
 -3.83247584e-01  4.94657636e-01  2.50833869e-01  2.07187548e-01
  4.68275845e-01 -6.18912280e-01  9.21833098e-01  5.08714877e-02
  7.47455060e-02 -4.86911684e-01 -1.66893136e-02  2.66071111e-01
  2.27532610e-01  1.55944228e-01  5.56032248e-02  3.76353741e-01
  2.28855684e-01 -1.51839882e-01  1.23671457e-01 -5.29882431e-01
 -1.17488794e-01  5.95830262e-01 -3.70336413e-01  6.92598745e-02
 -1.00983584e+00 -2.78342873e-01 -1.21273294e-01  1.16859543e+00
  1.96109623e-01  7.70042121e-01 -8.78673792e-01 -4.09854986e-02
  3.03760767e-01  2.89445341e-01  4.26820904e-01  2.83875316e-01
 -4.58270341e-01 -1.50015280e-01  3.43964666e-01  2.39842862e-01
  3.74509603e-01  2.35022053e-01  3.88970375e-01  1.13791721e-02
 -2.28796989e-01  1.85191393e-01 -1.92894578e-01 -6.59129769e-02
  4.59059477e-01  2.59434640e-01  3.28547567e-01 -1.45781890e-01
 -1.89812168e-01 -4.87399280e-01 -1.48041211e-02  1.14446115e-02
  1.43076852e-01  4.91560489e-01 -3.06045860e-02 -8.82262960e-02
  2.90978730e-01 -3.40286762e-01 -6.92888424e-02 -1.06794089e-01
 -2.43765548e-01 -4.09025222e-01 -3.10219288e-01  3.20812821e-01
 -1.46076143e-01 -2.81008840e-01  8.93757105e-01  7.00278394e-03
  5.30458689e-01 -1.68922246e-01 -4.45726842e-01  7.18632340e-01
 -1.47262424e-01 -3.55882227e-01  4.94379371e-01  2.51831174e-01
 -5.26898503e-02  2.92505026e-01 -7.15182781e-01 -3.83417666e-01
 -2.97348738e-01 -1.48168966e-01 -4.24617678e-01  4.08936262e-01
  9.07015353e-02 -2.79497921e-01  4.05285865e-01  1.98604137e-01
 -6.43145517e-02 -1.23936974e-01 -1.06709826e+00  8.32146108e-02
 -1.23735797e-02  2.90924668e-01  5.82687497e-01  2.37193897e-01
  8.59517872e-01  5.91814257e-02  6.61033392e-01  3.13752413e-01
  2.96883821e-01  5.39930463e-01  2.93982387e-01 -5.63966513e-01
  5.06229997e-01 -3.78840655e-01 -2.31525198e-01 -5.80326259e-01
  2.29183197e-01  8.39178026e-01  6.15971573e-02 -4.12917644e-01
 -3.31018046e-02 -1.58881232e-01 -5.21470532e-02  7.23007619e-02
  4.04828817e-01  4.08370286e-01 -2.74884135e-01  3.74141902e-01
  6.14658855e-02 -1.94371894e-01 -6.29763529e-02  6.17730208e-02
  4.84922409e-01 -3.12410802e-01  4.32089597e-01  1.09860599e+00
 -7.82990679e-02  7.53701568e-01  4.82165873e-01  6.64819181e-01
 -6.16326511e-01 -2.77048945e-01  1.65849566e-01  3.15524429e-01
 -8.03362578e-03  1.05994083e-01  2.07129300e-01 -2.62672126e-01
 -4.90570039e-01 -4.27101329e-02  1.81847706e-01  1.08382873e-01
  5.03731549e-01 -5.36496699e-01 -2.71754891e-01 -8.90407041e-02
 -3.38913202e-01  2.08733082e-01  1.58983871e-01 -3.00891489e-01
  7.46727288e-01  2.27647454e-01 -2.62993902e-01 -3.63583565e-01
  9.60621461e-02 -1.06965229e-01 -1.90611195e-03  1.58790275e-02
 -2.96577215e-01  9.53020006e-02  4.43213582e-01 -1.18414678e-01
  2.79429734e-01 -6.60874918e-02 -5.59109211e-01 -5.39891958e-01
 -2.40220234e-01  2.80591369e-01  7.47533217e-02 -3.83761436e-01
  4.12074685e-01 -3.29430670e-01  2.08864018e-01 -1.58765554e-01
 -9.89341214e-02 -2.93118116e-02  3.08457166e-01 -3.31213415e-01
 -7.01344252e-01  4.30531241e-02 -8.76644044e-04  1.55329019e-01
  4.82893586e-01 -9.81566846e-01 -5.47882356e-03  3.34355682e-01
 -1.42034158e-01  2.79190242e-01 -3.82484198e-01 -3.36238384e-01
 -1.16041720e-01 -1.32092163e-02  1.91966265e-01 -4.16422725e-01
  7.84318209e-01 -4.25832123e-01 -4.26354408e-01 -4.18379158e-01
 -6.92123324e-02 -9.47055221e-01  1.68776751e-01  2.92454362e-01
  4.70099002e-01  2.11917743e-01  1.38756588e-01  3.94414455e-01
 -3.49880695e-01  3.81155312e-02  3.53478074e-01  1.40629470e-01
 -6.82203412e-01 -1.34551339e-02 -1.07912801e-01 -7.78084278e-01
  4.27432865e-01 -6.50627971e-01 -3.59324485e-01 -1.08904146e-01
  2.18989447e-01 -6.29637301e-01  1.32985443e-01  5.66840053e-01
 -5.17196022e-02  1.16672993e-01  4.98607963e-01 -1.02285877e-01
  5.44442177e-01  1.04643881e-01  3.51416916e-01 -5.37138199e-03
  9.00185704e-01  5.88770568e-01  5.28806806e-01  4.84898686e-01
 -9.48062688e-02  9.16526690e-02 -6.80735111e-01 -9.59103554e-03
  6.27114847e-02  2.86578476e-01 -3.40714484e-01  6.25020325e-01
  3.48312378e-01 -2.49234408e-01  2.31007263e-01  6.35574579e-01
  6.15891814e-01  2.31663454e-02 -5.37398040e-01  5.41588664e-01
 -9.53278244e-01  2.50070840e-01  4.63769548e-02  1.34081379e-01
 -3.02314848e-01  6.65032268e-01 -1.66003615e-01  2.11705953e-01
  2.86491603e-01  3.07025965e-02  5.59815407e-01 -3.96436825e-02
 -2.26456091e-01 -8.42811823e-01  9.87539351e-01  3.23167711e-01
 -2.34311238e-01 -3.88470978e-01 -3.44169378e-01 -2.41277009e-01
 -1.27647920e-02 -1.05783470e-01 -8.43189731e-02 -2.11957991e-01
 -8.63723934e-01 -1.75569803e-01  2.44710416e-01  1.72258224e-02
  3.79573256e-01 -3.81036878e-01 -1.02768183e+00  8.99309099e-01
  3.58403057e-01  2.94167288e-02 -2.08878145e-01 -4.63177085e-01
  4.60257053e-01  2.69100040e-01  1.01642862e-01  4.33318019e-01
 -1.02347462e-02  3.58782858e-01 -5.25845252e-02  3.24552476e-01
  2.73973644e-01  1.03108549e+00 -1.22132055e-01  1.42597839e-01
  6.72052920e-01  4.44999300e-02 -1.94764137e-01  2.54772883e-02
  3.44043434e-01  7.80376121e-02 -5.08105494e-02  3.26010257e-01
 -4.12873887e-02 -1.98827218e-02 -3.25131595e-01 -4.46996391e-01
  3.46093744e-01  3.72664928e-01 -1.52791917e-01 -1.49162665e-01
 -2.63854954e-02 -2.49370366e-01 -2.60518968e-01 -3.58067632e-01
  1.13284513e-01  7.68656209e-02 -4.62939650e-01  2.68552214e-01
 -6.78545713e-01 -2.27438226e-01 -2.81254977e-01  8.53630662e-01
 -5.89658856e-01 -4.25024182e-01  3.25942189e-01  6.27203509e-02
 -6.82188988e-01 -1.07930219e+00  2.44160831e-01  1.95013896e-01
  3.02322328e-01 -2.55126417e-01  3.22520696e-02  2.76810437e-01
  1.93906456e-01 -5.52304804e-01 -6.33868933e-01 -1.67191178e-01
 -1.00156946e+01  1.23743020e-01 -3.36796463e-01 -5.41403592e-01
 -6.73544407e-01  3.34422499e-01  5.06150663e-01  4.62831259e-01
 -1.05912030e+00  5.33422410e-01 -3.89448881e-01  1.47424027e-01
 -3.05150032e-01  3.90983194e-01  1.07521720e-01 -4.14542630e-02
 -1.33988753e-01 -2.74994969e-02  3.29010457e-01 -9.59670451e-03
 -2.52509974e-02  4.35591996e-01  1.38855457e-01  1.02907836e+00
 -1.58207025e-02 -5.49715102e-01 -1.74498215e-01  3.23923111e-01
 -2.13169325e-02 -3.67366433e-01 -6.62192583e-01  5.25750399e-01
 -3.94694895e-01  6.58583790e-02  1.48690520e-02 -3.33148018e-02
 -3.80530775e-01  1.27587482e-01 -8.81194770e-01  3.03430855e-01
  1.15314722e-02 -2.79483736e-01  1.39673874e-01  1.28968030e-01
  3.57232541e-02  2.92829692e-01 -3.87731241e-03  2.37318218e-01
  2.88552552e-01  1.84964146e-02 -9.38384756e-02 -8.03196073e-01
  7.45608389e-01 -7.06985593e-01  4.19072032e-01  2.20449761e-01
  3.71036470e-01 -1.18862879e+00  4.20498997e-01 -5.46636283e-02
  5.01970172e-01  6.59065366e-01  1.16157496e+00  9.80616063e-02
 -6.76012576e-01  2.19942182e-01  1.49430603e-01 -7.41434321e-02
 -6.30829692e-01 -6.57152951e-01 -1.56386018e-01 -4.41574216e-01
 -1.36949997e-02 -8.68628696e-02  5.21718450e-02  5.94412744e-01
 -7.46986791e-02  1.15036875e-01  7.47802138e-01 -3.65971386e-01
  7.73860514e-01  3.23627174e-01  2.03048706e-01  2.28324026e-01
 -1.22725713e+00  3.93986136e-01 -2.06857443e-01 -2.73003072e-01
  4.25030328e-02 -2.26415291e-01  1.71681494e-03  2.95704417e-02
 -1.85769066e-01  3.59833002e-01  3.38925213e-01 -1.85885638e-01
 -2.51304805e-01  1.74119249e-01 -1.92223459e-01  4.25408743e-02]"
ナ,"[-1.36217847e-01  3.79785836e-01 -7.92758390e-02 -5.09535491e-01
 -1.95318786e-03  2.65511032e-02  3.28162432e-01  1.86124414e-01
 -4.10467416e-01 -4.79793012e-01  5.64779341e-01 -1.58841357e-01
 -3.58249873e-01 -1.21736579e-01  8.01063955e-01 -2.62379080e-01
 -1.14656851e-01  5.74271560e-01  7.07754716e-02  2.66021073e-01
 -1.86416194e-01 -6.59682512e-01  3.99309322e-02  2.96137743e-02
  4.26596284e-01 -2.26286814e-01 -5.27459085e-02  2.43042350e-01
 -1.87669918e-01 -3.39602441e-01 -6.15385592e-01 -7.27221608e-01
 -2.41543472e-01 -5.58901489e-01 -3.99754226e-01  3.63775998e-01
  4.19665515e-01  1.36867613e-01 -1.26615241e-01 -3.62567186e-01
 -3.51681143e-01 -3.00753027e-01 -3.07276398e-01 -3.41567010e-01
  1.82689756e-01  7.73475230e-01 -1.72071517e-01  2.98296034e-01
  1.09790802e+00 -5.19320881e-03 -2.24340603e-01  3.36468339e-01
 -9.59923957e-03 -4.88534989e-03  1.07273594e-01 -1.52681500e-01
  6.55446112e-01  3.33327949e-02 -4.53105271e-02  3.10871243e-01
  6.76823854e-02 -1.04677454e-01  4.56239283e-01  2.24224582e-01
 -7.09120929e-01 -3.74676853e-01  4.51853909e-02 -6.66756928e-02
 -3.65355164e-01 -4.55440432e-01 -3.05466056e-01 -1.93880707e-01
  3.06158047e-02 -8.07640776e-02  1.83492303e-02 -4.41437542e-01
  1.64273813e-01 -4.63895202e-02  5.95329642e-01 -7.01336637e-02
 -3.65556823e-03  5.08116007e-01  5.08597158e-02 -1.96027994e-01
  2.67019659e-01  4.62842956e-02 -3.44363570e-01 -9.88484859e-01
  3.15028399e-01 -2.64876187e-01 -1.39831915e-01  5.50535142e-01
 -2.55879790e-01  1.75825730e-01 -5.80384552e-01 -1.28734753e-01
  1.76557988e-01 -1.89133123e-01  6.04552999e-02  2.59222746e-01
 -4.22254391e-02 -7.70054460e-02  7.04882324e-01 -5.76668568e-02
 -1.53928623e-01  3.42632353e-01 -3.43115151e-01  4.49620113e-02
  2.42110752e-02 -7.46607408e-02 -3.88004512e-01 -3.23105186e-01
  1.31809622e-01  5.69591165e-01 -6.86645955e-02  2.54773289e-01
  8.70746672e-02  2.53773272e-01  2.56878912e-01  2.00417340e-01
  4.36134845e-01  8.56271565e-01 -2.30346486e-01 -1.05310023e-01
 -5.41190982e-01  5.03071785e-01 -1.98655307e-01 -3.05972755e-01
 -1.14055686e-01 -5.99570692e-01  4.72426526e-02  2.75245816e-01
 -1.28947541e-01  2.38380015e-01 -5.20284116e-01  7.78640866e-01
 -1.01966277e-01  4.08485919e-01  4.54666317e-02 -4.16279823e-01
  3.09428930e-01  2.98197530e-02  2.51705293e-02  1.33771747e-01
 -3.04233849e-01  3.02716553e-01  1.36913702e-01 -2.07376768e-04
  3.76660138e-01  5.68434715e-01 -1.34753644e-01  7.10936606e-01
 -7.64993131e-01 -1.17561013e-01  1.90661415e-01  3.33658755e-01
 -7.87062764e-01  2.36750439e-01  4.83446121e-01  8.27533305e-01
  8.74495357e-02 -8.20303857e-01  5.06666861e-02 -5.36461994e-02
  3.01194191e-01  1.36812225e-01  1.21609658e-01 -3.14265013e-01
  4.17913049e-01  4.48738635e-01  3.17748487e-01  2.46622518e-01
  2.27483809e-02 -2.00229630e-01  6.43893063e-01  6.77333772e-01
  2.43685111e-01  2.57706285e-01 -1.15250852e-02 -1.76610917e-01
 -2.47992203e-01 -4.40509081e-01  7.68386200e-02 -1.65818632e-01
  9.74546149e-02 -3.75914931e-01 -1.54532149e-01 -3.64104837e-01
  1.88847661e-01 -1.59631923e-01  6.68581054e-02 -2.98287272e-01
  3.53886485e-01 -1.14993319e-01  2.72798166e-03 -5.53391516e-01
 -3.80839705e-02 -4.13825214e-01 -9.75275040e-02  2.52881944e-01
 -4.01181877e-01  5.58508001e-02 -1.11496776e-01 -1.42224833e-01
 -1.08030295e+00 -5.20593338e-02  3.11988711e-01  7.99841583e-01
  4.60781097e-01  4.70659047e-01 -1.18820198e-01 -2.65575480e-02
  6.86475158e-01  1.83247432e-01  2.20387485e-02  1.38242573e-01
 -6.60987377e-01  1.32219061e-01  2.95667499e-01  5.98401092e-02
 -5.83511233e-01  1.12225980e-01  2.05917597e-01  4.03799087e-01
  4.57566790e-02  6.79417625e-02  8.97147134e-02 -1.06335782e-01
  2.76489615e-01  2.20542759e-01 -9.18733925e-02  2.29321420e-02
 -7.94441044e-01 -1.39095321e-01 -1.19558227e+00  4.44883972e-01
 -1.01232916e-01  5.70947587e-01 -7.26514831e-02  8.01285803e-02
  3.90290692e-02 -2.42909957e-02 -7.13287592e-02 -1.06457040e-01
 -5.04622236e-02  5.21994591e-01 -2.17935219e-01 -2.63024211e-01
 -3.88072252e-01  6.34832829e-02 -9.22822654e-02 -6.15083814e-01
  2.72369564e-01 -2.32835665e-01  6.31019831e-01  4.55764443e-01
  4.66444761e-01 -6.27220929e-01 -3.09162855e-01 -3.47595394e-01
 -2.33423427e-01 -5.47605753e-01  1.95025384e-01 -3.92802775e-01
 -2.44636402e-01 -6.13931753e-03  3.07361662e-01 -7.44153321e-01
 -2.54494816e-01 -5.41086376e-01  2.85130084e-01 -7.32665181e-01
 -3.65930125e-02 -2.10548982e-01 -1.57022804e-01 -2.61361718e-01
 -2.50898272e-01  2.97212362e-01 -7.76135921e-01  1.28358558e-01
 -5.88600695e-01  4.96300757e-01 -7.17930615e-01  2.75920719e-01
  2.24471271e-01 -2.24002495e-01 -4.96995419e-01 -1.19362988e-01
  2.06217155e-01  1.59566939e-01  2.91711509e-01 -1.50227964e-01
 -1.06531978e-01 -2.88291186e-01 -2.69295812e-01 -1.27763137e-01
  1.79937214e-01 -2.57913977e-01  1.82493612e-01 -1.06588555e-02
  4.38590735e-01  5.49603939e-01  5.10780990e-01  8.62148404e-02
 -1.89244464e-01 -5.10406494e-01 -8.06207210e-02 -4.01949018e-01
  8.37279558e-01 -1.27503648e-01  6.81416690e-02  8.43417823e-01
 -3.43123525e-01  4.27420944e-01  4.92610663e-01  3.57669204e-01
 -1.83962739e+00  8.63521472e-02  1.83601186e-01 -1.78991839e-01
 -1.02437764e-01  4.95744765e-01  3.24417114e-01  3.79628479e-01
 -2.82256156e-01 -2.42777660e-01  1.53881446e-01  4.30253983e-01
 -2.43113890e-01 -5.06444931e-01  2.94239849e-01 -1.20952807e-01
 -1.11387268e-01 -5.77569306e-01 -2.61537135e-01  3.22505057e-01
  5.52402794e-01 -7.49784410e-02 -4.16341238e-02 -4.51178700e-01
  1.46364989e-02 -4.89417017e-02 -7.73097873e-02 -3.48984972e-02
 -5.18511772e-01 -2.18516905e-02 -5.50190685e-03  4.79943335e-01
  5.31697452e-01  6.18142724e-01  5.17191410e-01 -3.68477814e-02
  4.15738523e-01  4.09637064e-01  2.78648823e-01  2.58205205e-01
 -1.92478687e-01  3.38051021e-02  6.54076815e-01  4.56723630e-01
  1.25677779e-01  2.34822974e-01  2.94249147e-01  5.72276235e-01
  4.93437529e-01  2.86634922e-01  3.06924045e-01  1.74232289e-01
  4.80722755e-01  7.67842352e-01  4.61996824e-01 -1.49397627e-01
 -5.35545051e-01 -2.07195401e-01  4.61773090e-02 -7.19204664e-01
 -2.36712545e-02  1.69839919e-01  4.68096703e-01 -6.63670242e-01
 -3.45444322e-01 -2.95199662e-01  1.76241323e-02 -7.02230990e-01
 -3.58724922e-01 -6.69557035e-01 -6.39351606e-01 -1.93379059e-01
  1.65576994e-01 -4.11117226e-01  5.45201898e-02 -6.07914478e-02
  7.05879748e-01 -6.72730744e-01 -3.99949640e-01  1.13895223e-01
 -6.31103158e-01 -2.93652326e-01 -3.77531469e-01 -1.63616955e-01
 -3.91004562e-01 -1.25441849e-01  3.14322710e-01 -4.70428199e-01
 -7.83000410e-01 -2.88838267e-01 -6.09501421e-01 -3.22668433e-01
  3.07533801e-01  5.02631187e-01  3.61660123e-02  5.98707616e-01
  2.11616114e-01  3.22341442e-01 -3.80458027e-01  7.36585975e-01
 -8.92982781e-01  4.00662065e-01  2.41615936e-01  4.03680295e-01
  6.13344252e-01  5.35341918e-01  4.90175307e-01  8.57306346e-02
  1.54749513e-01 -3.47645255e-03 -1.79560825e-01 -6.78959489e-01
  6.71502113e-01 -4.02425438e-01  5.00388384e-01 -1.75969094e-01
 -2.62269527e-01  4.49397892e-01 -3.34530354e-01 -2.27431476e-01
 -1.88923135e-01  3.93853813e-01  3.31171937e-02  1.88998282e-01
  2.92169690e-01  9.07335699e-01 -1.43206015e-01 -1.83547169e-01
  9.28238034e-02  1.60436437e-01  4.88099992e-01  1.68469951e-01
  5.57058044e-02 -6.00753911e-02  2.54856884e-01  1.46979168e-01
 -1.44283250e-01  2.38408491e-01  2.79301614e-01  4.87950534e-01
  1.73891008e-01  2.02815458e-01  2.59649754e-01 -1.50730982e-01
 -4.01128232e-01 -4.44263101e-01 -7.44524181e-01 -3.40825647e-01
 -5.52254975e-01 -7.67023489e-02  9.34108198e-01 -2.39603773e-01
  2.25190129e-02 -4.28295434e-01 -4.49173182e-01 -3.42966765e-01
 -5.46806157e-01  1.06074482e-01  4.81443912e-01  2.84314156e-01
  9.18398738e-01  1.30967349e-01 -7.45666564e-01  1.76642686e-01
  2.21011579e-01  4.07253027e-01  6.63063765e-01  9.09066014e-03
  3.50896940e-02  1.83811858e-01  1.82680011e-01  4.70659614e-01
 -1.01974562e-01  6.26978725e-02 -9.40832615e-01 -6.52404249e-01
 -3.24350387e-01  3.67973775e-01  3.67124885e-01 -2.21401602e-01
  4.15161073e-01  9.94877517e-02 -4.92430925e-01 -7.80409276e-01
 -2.40423933e-01 -3.42800945e-01  1.29675731e-01 -9.90501523e-01
 -9.37732756e-02  1.18506961e-01 -1.67349026e-01  4.45392698e-01
  2.83873439e-01 -4.39427286e-01  2.52377331e-01  4.21399295e-01
  5.71334600e-01 -7.26973414e-01 -2.95927469e-02  2.91597378e-02
  4.24708948e-02  2.92873144e-01  2.04589441e-01 -1.02795161e-01
 -7.58736432e-02 -1.95115730e-01 -8.25254500e-01 -4.65269268e-01
 -5.27914286e-01 -1.17438126e+00  6.21102273e-01  1.46073565e-01
  1.34798642e-02 -4.54668194e-01  3.69665682e-01 -9.39018354e-02
  1.79259390e-01  3.46551925e-01  2.71567196e-01 -4.09156322e-01
 -9.87835944e-01  1.17123187e-01 -4.00100410e-01 -7.79720724e-01
 -6.15735836e-02  7.60794103e-01 -3.06203067e-01 -1.51217744e-01
  6.68269396e-02 -4.68070358e-02  5.00749517e-03 -3.84405628e-02
 -2.85034955e-01 -7.58327544e-02  7.27977306e-02  1.18851520e-01
  2.82191873e-01  1.08784445e-01 -5.96040972e-02  1.46751404e-01
  2.27181897e-01  8.85928571e-01  2.84479290e-01  1.18054681e-01
 -3.82209152e-01 -2.01807499e-01 -7.07857534e-02  6.98361918e-02
  2.02183425e-01  4.53183949e-01 -6.44808471e-01  1.25333160e-01
  6.75511301e-01 -6.16195202e-01  6.16117045e-02  4.95503813e-01
  6.56136870e-01  2.38089874e-01 -3.15300524e-01 -1.00683272e-02
 -6.44401968e-01  3.05437386e-01  4.04159427e-01  6.76220596e-01
 -1.20024569e-01  9.89443287e-02 -1.09465942e-01 -8.93416941e-01
 -6.44049406e-01  1.70678586e-01  2.32825950e-01  3.58750582e-01
  2.90902436e-01  6.03955314e-02  3.64982843e-01  2.88788140e-01
  3.25582206e-01  2.98508048e-01 -2.11853176e-01 -1.69587851e-01
  9.25581336e-01 -1.00967355e-01  4.19761032e-01 -5.97174942e-01
 -1.12329876e+00 -1.14141829e-01 -1.00131340e-01  2.89266169e-01
  6.18421614e-01 -2.26853136e-02 -2.46456966e-01  5.18426597e-01
  3.93800706e-01  2.33769998e-01 -3.89728211e-02 -7.22244859e-01
 -5.15709594e-02 -8.79537985e-02 -3.18342112e-02  2.17369661e-01
 -9.24059898e-02  3.81692141e-01  4.86069262e-01  4.05491590e-01
  5.01701906e-02  2.69278318e-01  7.19921067e-02 -2.63382852e-01
  3.92926067e-01  2.74747610e-01 -4.12314445e-01 -3.01242560e-01
  2.44315729e-01 -4.21547800e-01  7.09136343e-03  3.57484549e-01
 -2.73204625e-01 -5.03464162e-01 -1.94650888e-01 -3.36996615e-01
  3.47201884e-01  1.80828840e-01 -5.29132307e-01 -3.22091542e-02
 -6.23873733e-02  3.67710628e-02 -1.78253248e-01 -4.06050496e-02
 -3.81089188e-02 -8.67923498e-02 -1.65621966e-01  3.79243270e-02
 -6.91981614e-01  1.61953513e-02 -8.07290912e-01  1.26615137e-01
 -2.16477290e-01 -7.05652595e-01  4.07820255e-01  7.20290840e-02
 -4.22391802e-01 -1.19935584e+00  3.84969234e-01  1.55750945e-01
  5.93656301e-01 -2.86965460e-01  4.22575116e-01 -2.09008619e-01
  3.65491688e-01  2.06109527e-02 -5.05034685e-01  5.86398458e-03
 -1.02386160e+01  2.93695301e-01 -8.07565212e-01 -4.65996787e-02
 -2.19530776e-01  2.15877116e-01  4.06636357e-01  2.02618510e-01
 -1.14357591e-01  7.83499703e-02  4.85066801e-01  6.26463711e-01
  2.03689128e-01  3.30434442e-01 -5.96944213e-01 -2.57458121e-01
  1.55121490e-01 -5.21634400e-01 -4.14517932e-02 -6.80052564e-02
  3.14117461e-01 -5.96499518e-02  7.12457478e-01  4.58022505e-01
 -4.48841117e-02 -2.83873647e-01 -4.76288140e-01  6.18951201e-01
 -3.41623366e-01  3.32348108e-01 -5.62076449e-01  2.32299924e-01
  3.24432969e-01  5.09893335e-02 -3.02852899e-01 -2.84949720e-01
 -8.83074999e-02  1.36656255e-01  1.83941081e-01  1.22880384e-01
 -4.62945290e-02  4.57452267e-01  5.45233749e-02  6.43202439e-02
  2.69053727e-01  3.59110266e-01  4.33827117e-02  3.14644277e-01
  5.46511352e-01 -2.06803922e-02 -1.34080142e-01 -2.38514975e-01
  1.48372516e-01 -1.07856549e-01  3.60755771e-01 -3.13270502e-02
  7.97114253e-01 -2.66944528e-01 -3.02110076e-01  3.60109583e-02
  4.78554875e-01 -1.68002859e-01  6.27351522e-01  3.93252403e-01
  3.06651354e-01  3.53701234e-01  5.44516444e-01  3.99895757e-01
 -2.98449010e-01 -3.67829949e-01  2.15354741e-01  2.46415168e-01
 -1.14773951e-01 -3.16884935e-01 -3.18966627e-01  6.03009045e-01
  6.61231354e-02 -2.57588595e-01 -2.31780112e-02  9.41014364e-02
  2.65585244e-01 -5.33725787e-03 -4.46496755e-01  5.85658699e-02
 -9.59826112e-01 -6.34158403e-02 -3.14684808e-02  4.64487463e-01
  1.35348931e-01 -6.52033329e-01  4.94852304e-01 -1.96370915e-01
  1.20603964e-01  5.20343333e-02 -7.96077028e-02  9.75164324e-02
  2.76541382e-01  1.29650429e-01  6.51039779e-01  3.14553797e-01]"
ラ,"[ 2.53270626e-01  9.87377539e-02  6.95462167e-01 -7.88378119e-01
  2.84588963e-01  2.73937255e-01  5.22956073e-01  3.08304708e-02
  3.29807848e-01 -4.75687487e-03  8.15141141e-01 -5.77190042e-01
 -3.10846776e-01  1.18641965e-02  8.12146366e-01 -7.99373686e-02
  6.62725940e-02 -3.57988983e-01  2.81068534e-01 -4.04754400e-01
 -8.98082972e-01 -4.62202102e-01 -1.81117505e-01  4.40734297e-01
  4.05904427e-02 -3.35834682e-01 -2.21621647e-01  1.01561174e-01
 -2.68296991e-02 -1.42383561e-01 -1.24907367e-01 -3.21613421e-04
 -1.28024817e-01  2.58824080e-01 -2.76931196e-01  4.17086542e-01
 -1.58638507e-01 -3.56592715e-01  3.77284408e-01 -9.22773406e-02
  6.67844191e-02 -1.34741202e-01 -5.74468315e-01 -1.44362509e-01
 -4.19269890e-01  1.10907778e-01  1.84497908e-01 -1.78516265e-02
  9.75063443e-02 -5.61684519e-02 -6.95068017e-02  2.37551361e-01
  3.32574487e-01  6.22163415e-02  5.57750702e-01 -2.28059843e-01
  6.06942654e-01 -5.55038393e-01  1.48991168e-01  2.96692789e-01
 -2.74570078e-01 -4.71665144e-01 -2.22448800e-02 -1.60193611e-02
  2.10027657e-02  1.78835228e-01 -2.30052680e-01 -2.05455855e-01
  6.27453774e-02 -7.87832141e-01 -5.67941181e-02 -4.08992469e-01
  1.18813448e-01 -5.43733239e-01  6.64223552e-01 -6.89116955e-01
  4.36958484e-02  3.67432922e-01  3.51985365e-01  2.89693028e-02
  3.56173739e-02  5.89322925e-01 -5.82076497e-02 -7.17161715e-01
  3.38350534e-01  4.42372799e-01 -6.66883588e-01 -7.38075554e-01
  5.01148880e-01 -1.53953090e-01 -5.66951856e-02  2.45523989e-01
  3.91033173e-01  2.63293326e-01  1.93595633e-01 -8.08111653e-02
  1.62332311e-01  7.95813650e-02 -1.74654931e-01  2.87753671e-01
 -1.89735908e-02  1.99261144e-01  5.63528061e-01 -3.35476130e-01
 -2.56715149e-01  2.29818478e-01  2.76396126e-02  2.48261079e-01
  1.17512764e-02 -1.83383434e-03 -2.76161045e-01 -5.92692316e-01
 -7.28372097e-01 -2.93676823e-01  2.31086418e-01 -1.95216432e-01
 -3.65851372e-01  7.64556587e-01 -5.87422550e-01  5.37672877e-01
 -1.07076064e-01  1.92525938e-01 -1.60207413e-03 -6.44911051e-01
 -4.39450853e-02  3.63225490e-01  6.86226487e-02  4.15229723e-02
 -5.54874480e-01 -1.74134091e-01 -3.75283003e-01 -2.12726399e-01
 -3.16730551e-02 -8.64915997e-02 -3.73455137e-01  1.15719700e+00
 -9.77409631e-02 -9.51070711e-02 -2.00000316e-01 -6.00262046e-01
 -2.61361480e-01  1.08916298e-01  5.31519391e-02 -3.72357637e-01
 -1.14186704e-01  1.15593979e-02 -3.97608787e-01 -4.82986957e-01
  1.37045190e-01  5.22210598e-01 -2.62639791e-01  5.76527476e-01
 -6.16798103e-01  1.62783191e-01  7.41128027e-01  2.01589003e-01
 -6.24676764e-01 -5.69022261e-02 -5.29121757e-02  2.88467202e-02
  3.88348103e-01 -6.22968823e-02  4.67911839e-01  6.14076138e-01
  1.56997308e-01  3.10498834e-01  5.60977101e-01  2.98110068e-01
 -7.23266415e-03  7.15846956e-01  5.76314449e-01  4.31958407e-01
  1.15408145e-01  7.40832239e-02  7.43823424e-02  2.70756967e-02
  4.96211648e-01  2.33886331e-01  7.78639242e-02 -8.88630867e-01
 -2.12654680e-01 -1.30145371e-01  3.64229903e-02 -7.40129888e-01
  2.93503881e-01  2.23607980e-02  8.65651518e-02 -5.75080290e-02
 -2.42624938e-01 -3.02792311e-01  1.58190653e-01 -5.24743497e-01
  5.02157770e-02 -1.85492709e-01 -1.93014055e-01 -3.62344831e-01
  9.48902890e-02 -1.17486276e-01 -9.54668283e-01  6.52449250e-01
  1.67125538e-01  2.45508477e-01 -8.62253234e-02 -7.54143596e-01
 -9.99651611e-01 -2.93012947e-01 -3.91836852e-01  8.52741972e-02
  1.76823258e-01  5.67606151e-01 -1.59431398e-01  6.56268001e-01
  2.10688531e-01  4.70487364e-02  5.18510640e-01  3.33031118e-01
 -4.14093435e-01 -5.87943494e-01  4.40402478e-01 -3.55222881e-01
  1.24906383e-01  9.59924459e-02  4.63635065e-02  2.09822968e-01
 -1.41890123e-01  6.37005389e-01  6.89286113e-01 -2.22339127e-02
 -3.68153244e-01  2.87981957e-01 -7.26172626e-01 -5.22901893e-01
 -8.68096948e-01 -6.79086074e-02 -6.88344657e-01 -2.01859418e-02
 -4.46027815e-01  1.42239168e-01 -5.13913631e-01  1.16549648e-01
 -1.56832367e-01 -1.97795108e-01 -3.66561599e-02 -2.54355133e-01
 -9.91805121e-02  3.93450558e-01 -3.03624034e-01  1.69656351e-02
 -4.90956716e-02  1.90390572e-01 -4.49034780e-01 -2.93005615e-01
 -1.99353710e-01 -1.87944815e-01  8.19045722e-01  3.75777453e-01
  5.09625375e-01 -2.91577727e-01  3.04714471e-01 -5.95760703e-01
 -2.11331457e-01 -5.66877663e-01  2.54399832e-02  1.52165741e-01
 -1.08242653e-01  1.60358101e-01  4.88675326e-01 -2.90090144e-01
 -2.55199224e-01 -4.54103172e-01 -3.06041837e-01 -4.37733084e-01
 -1.36168703e-01 -1.34160325e-01 -1.75734580e-01 -7.58554339e-02
 -1.59386322e-01  5.47748148e-01 -4.63304102e-01  5.53437889e-01
 -5.54661036e-01  5.92372835e-01 -5.68527400e-01 -1.34761229e-01
 -2.53724377e-03 -7.10046813e-02 -6.56352580e-01  1.88097566e-01
 -2.66044825e-01  4.70321089e-01  3.35011244e-01 -2.53842264e-01
 -5.98699689e-01 -2.32988242e-02 -6.41149655e-02  6.02724291e-02
  4.36396658e-01 -6.83801770e-02  1.88855916e-01 -1.94358423e-01
  2.12073371e-01  3.69042665e-01  2.86862582e-01  2.48668864e-01
  7.53948316e-02 -1.29033133e-01  1.38281537e-02 -1.02120370e-01
  5.81830859e-01 -1.82891369e-01  8.70829150e-02  3.96825343e-01
 -1.20211653e-01  8.35807025e-01  2.47353420e-01  2.95750439e-01
 -2.02025151e+00 -1.78645149e-01  5.81769705e-01  4.25674736e-01
 -1.18711919e-01 -1.79369524e-02  2.89899319e-01  3.87929082e-01
 -4.40901756e-01 -6.31123722e-01  7.17390358e-01  6.63825199e-02
 -2.33978987e-01  9.45433229e-02  2.72408605e-01 -5.28950036e-01
 -2.28985101e-01 -6.27215981e-01  3.25900495e-01  3.26163530e-01
 -1.38554573e-01  1.69384420e-01 -1.41314223e-01 -3.62724781e-01
 -1.89346522e-01  1.98416457e-01 -1.10224254e-01  1.47545040e-01
 -3.26285303e-01 -1.53909311e-01  1.09817274e-01  1.05529988e+00
  8.14586341e-01  7.76242733e-01 -6.05074525e-01 -2.91356057e-01
  1.98924780e-01 -1.88326072e-02  4.06798929e-01 -3.29102278e-01
 -2.60669976e-01 -2.37461537e-01  1.23333961e-01  1.13474287e-01
 -2.65957028e-01  3.47773343e-01  1.08636133e-01  2.11360201e-01
  1.64236963e-01  2.80332893e-01  8.35479915e-01  1.36864875e-02
  2.61703849e-01  1.90394521e-01  6.99881852e-01 -1.25160217e-01
 -2.02715084e-01 -5.03157854e-01 -9.73147079e-02 -3.98211181e-01
  4.50898021e-01 -1.45898508e-02 -4.80954766e-01  9.67228353e-01
 -6.31411076e-01  2.29471046e-02 -7.96091557e-02 -8.49434078e-01
  6.67261556e-02 -6.47500098e-01 -5.11322320e-01 -1.11789577e-01
  6.23994619e-02 -3.42024833e-01  8.33359003e-01  4.69603896e-01
  3.45478237e-01 -1.74997419e-01 -4.25816000e-01  2.03247890e-01
 -2.55825579e-01 -1.18956819e-01  2.53787309e-01  1.97761416e-01
 -2.99388856e-01  4.38908905e-01 -4.79048006e-02 -4.51583602e-02
 -8.42034817e-02  1.01423018e-01 -6.62310064e-01 -1.30025402e-01
 -3.63982141e-01  3.87988448e-01 -1.46594375e-01 -7.90069252e-03
  2.64993280e-01  2.08396912e-01 -3.12448978e-01 -2.19520181e-01
 -5.18066227e-01  3.40439349e-01  5.17223656e-01  6.03937805e-01
  3.49927604e-01  4.12674904e-01  1.65540680e-01  1.38448998e-01
 -1.42545238e-01 -1.89514458e-01 -6.97188675e-01 -4.06189591e-01
  6.41554594e-01 -3.97847295e-01  4.14564252e-01  1.58506483e-01
 -3.19334358e-01  5.59643567e-01 -3.40233892e-01 -6.00299835e-01
  1.45685226e-01 -1.49027258e-01 -2.28659324e-02  6.77009642e-01
  3.24287921e-01  5.95579684e-01 -1.78462431e-01  3.52012992e-01
 -2.71401644e-01 -1.32833824e-01  3.52630317e-01 -4.06342268e-01
 -2.71254808e-01 -1.27819985e-01  6.89758718e-01  4.25232738e-01
  5.70499599e-01 -1.54717073e-01  1.95907623e-01  2.57012635e-01
  4.77967635e-02  5.08501649e-01  2.12759867e-01  4.21233118e-01
 -1.00713745e-01  7.40931332e-02  4.24261689e-02  3.12955469e-01
 -1.83564931e-01 -6.73314780e-02  4.64093328e-01 -9.65812132e-02
  1.91563576e-01 -4.04270947e-01 -5.19899786e-01 -5.84408820e-01
 -7.99030542e-01 -8.55081826e-02 -4.08061087e-01 -1.79124713e-01
  3.41108352e-01 -1.37945399e-01 -8.54282320e-01  3.84833813e-01
  5.82003534e-01  4.03780550e-01  4.61774552e-03 -4.18125808e-01
 -2.04226136e-01  4.80800122e-01 -6.63753808e-01 -5.63919008e-01
  3.90475243e-01 -1.85801581e-01 -2.96708286e-01 -6.60396516e-01
 -5.61350510e-02 -3.24935243e-02  1.72122017e-01  4.07124430e-01
  2.92283952e-01  1.66618586e-01 -7.01685011e-01 -2.68204689e-01
  3.28103118e-02 -6.71117753e-02 -2.68216521e-01 -5.04461527e-01
  8.87793377e-02  1.94697171e-01 -3.99043001e-02  9.69417095e-01
  6.01988673e-01 -1.94168597e-01 -3.45485620e-02  1.64930359e-01
  2.80784667e-01 -5.77812672e-01 -3.48071843e-01 -1.39973313e-01
  1.65531375e-02  2.63955653e-01  3.04985195e-01  4.27665144e-01
 -1.27359629e-01  1.30271658e-01 -8.54135573e-01 -1.21150076e-01
  1.93844423e-01 -8.81334960e-01  4.75998968e-01  3.57424140e-01
  3.80155146e-01 -5.73102951e-01 -3.33607912e-01 -1.65807262e-01
  5.83642581e-03  9.52580273e-02  4.23555076e-01 -1.10207237e-01
 -7.59613156e-01  1.12884328e-01 -9.55019817e-02 -7.34941185e-01
  8.56067300e-01  8.08745027e-02 -1.50218129e-01  4.30696845e-01
  6.07655466e-01 -1.36959702e-01 -6.78598464e-01  2.33269751e-01
 -6.41356766e-01  2.12215334e-01  4.10271704e-01 -2.34598652e-01
  4.87755686e-01  4.00270641e-01 -7.85405263e-02 -7.64096081e-02
  2.72442371e-01  5.84150374e-01  6.27572596e-01  1.79128066e-01
 -1.29294217e-01  4.26231921e-02 -4.05393690e-01  2.16333866e-01
  9.56493467e-02  4.90267813e-01 -8.58217239e-01  4.23231155e-01
  8.13017726e-01 -1.73364967e-01  2.93461144e-01  6.26166344e-01
  5.36940852e-03  4.27652299e-01 -6.62788525e-02  2.45866161e-02
 -7.67751992e-01 -5.58660273e-03 -2.52458423e-01  2.22486958e-01
 -3.57456237e-01 -9.99850929e-02 -2.18281433e-01 -1.43523797e-01
  3.53017986e-01  1.56096354e-01  2.12538794e-01  1.89081758e-01
  2.29652315e-01  2.07888894e-04  3.54234636e-01  4.71144348e-01
 -3.77826601e-01 -7.70725608e-02  7.42701888e-02  6.61627591e-01
  1.20964193e+00 -8.79128799e-02  2.22318709e-01 -3.24199110e-01
 -6.35652840e-01  2.00999379e-01 -3.09928477e-01 -2.02802569e-01
  6.35356486e-01 -4.64238316e-01 -4.21102852e-01  7.20435619e-01
  5.56970298e-01 -1.12259619e-01 -3.35921049e-01 -6.78987682e-01
  3.06451291e-01 -3.64525646e-01 -3.58039699e-02 -1.80355817e-01
  1.71331912e-01  6.10625148e-01  9.39211473e-02 -2.65944302e-01
  2.79520065e-01  2.60394752e-01  2.07433805e-01 -2.94441640e-01
  4.26446259e-01  3.47163498e-01 -1.66735590e-01 -2.20098197e-01
  3.85380745e-01 -5.66783488e-01  7.28470311e-02  6.28888845e-01
 -3.50618005e-01  2.30734758e-02 -2.78882027e-01  5.17897546e-01
  2.65526235e-01 -4.33350176e-01 -1.25136852e-01 -5.58462217e-02
  1.86102822e-01 -1.40357047e-01 -3.92369300e-01 -2.88898945e-02
 -9.97362286e-02  4.37302917e-01  2.80037113e-02 -9.13358927e-02
 -6.38850808e-01 -4.53593343e-01 -5.08930147e-01  3.43186855e-01
 -7.35313416e-01 -4.75256324e-01  4.90795225e-01 -3.69984144e-03
 -3.83029312e-01 -1.62150919e+00  6.11397386e-01  1.80861756e-01
  6.05450928e-01 -3.51978719e-01  1.45609125e-01 -1.43551469e-01
  3.44983451e-02  5.13985343e-02 -2.35743463e-01 -5.22996224e-02
 -1.02195988e+01  1.56664215e-02 -2.58103251e-01 -5.84866107e-01
 -3.37668687e-01  6.20149337e-02  6.57682300e-01  7.72946179e-01
 -3.14657807e-01  4.32801247e-01 -2.54427493e-01  2.17407569e-01
  3.06373477e-01  1.62230164e-01  1.71837106e-03 -1.23758152e-01
 -2.38091081e-01 -2.00674385e-01  8.61281827e-02 -1.36207119e-01
 -4.53082532e-01 -5.12007415e-01  7.51704276e-01  2.52698213e-01
  2.17669785e-01 -5.29599249e-01 -1.85365632e-01  4.67296600e-01
 -1.79144189e-01  2.49629736e-01 -5.72531760e-01  3.19052637e-01
  1.67583376e-02  3.78161371e-01 -3.73111367e-01 -1.35247156e-01
  3.85129571e-01 -3.00110895e-02 -7.11425021e-02  5.28204978e-01
  1.73106238e-01  2.24871799e-01 -4.54593599e-02 -2.82118708e-01
  8.62217665e-01 -4.90557738e-02 -8.08173120e-02  1.54214010e-01
  6.69794858e-01 -1.31488889e-01 -1.16734967e-01 -3.93422008e-01
  1.68819949e-01 -8.90919194e-02  2.08645001e-01 -3.15526605e-01
  3.69041830e-01 -8.31192493e-01  1.90174848e-01  1.39232099e-01
  6.71183228e-01  1.46949321e-01  6.42448187e-01  7.69449234e-01
  9.02850777e-02  2.91785121e-01  4.18797076e-01 -2.20942907e-02
 -2.41106272e-01 -1.74841896e-01  3.50351632e-01  6.63156927e-01
 -2.36927867e-01  5.40119074e-02  3.84159237e-02  3.05069357e-01
  6.05629897e-03 -8.62767398e-02 -5.60752265e-02  2.08659306e-01
  5.25546670e-01 -3.60084862e-01 -3.09907138e-01  4.15821016e-01
 -4.79371011e-01 -8.06445032e-02  1.26048878e-01  3.13714445e-01
  8.92589390e-02 -6.07618749e-01  5.16116738e-01 -2.21939325e-01
 -5.50240338e-01  4.25179273e-01  6.09534025e-01 -3.40138525e-01
 -2.81861246e-01  1.43380880e-01  4.59405392e-01  9.51334238e-02]"
ナ,"[-1.36217847e-01  3.79785836e-01 -7.92758390e-02 -5.09535491e-01
 -1.95318786e-03  2.65511032e-02  3.28162432e-01  1.86124414e-01
 -4.10467416e-01 -4.79793012e-01  5.64779341e-01 -1.58841357e-01
 -3.58249873e-01 -1.21736579e-01  8.01063955e-01 -2.62379080e-01
 -1.14656851e-01  5.74271560e-01  7.07754716e-02  2.66021073e-01
 -1.86416194e-01 -6.59682512e-01  3.99309322e-02  2.96137743e-02
  4.26596284e-01 -2.26286814e-01 -5.27459085e-02  2.43042350e-01
 -1.87669918e-01 -3.39602441e-01 -6.15385592e-01 -7.27221608e-01
 -2.41543472e-01 -5.58901489e-01 -3.99754226e-01  3.63775998e-01
  4.19665515e-01  1.36867613e-01 -1.26615241e-01 -3.62567186e-01
 -3.51681143e-01 -3.00753027e-01 -3.07276398e-01 -3.41567010e-01
  1.82689756e-01  7.73475230e-01 -1.72071517e-01  2.98296034e-01
  1.09790802e+00 -5.19320881e-03 -2.24340603e-01  3.36468339e-01
 -9.59923957e-03 -4.88534989e-03  1.07273594e-01 -1.52681500e-01
  6.55446112e-01  3.33327949e-02 -4.53105271e-02  3.10871243e-01
  6.76823854e-02 -1.04677454e-01  4.56239283e-01  2.24224582e-01
 -7.09120929e-01 -3.74676853e-01  4.51853909e-02 -6.66756928e-02
 -3.65355164e-01 -4.55440432e-01 -3.05466056e-01 -1.93880707e-01
  3.06158047e-02 -8.07640776e-02  1.83492303e-02 -4.41437542e-01
  1.64273813e-01 -4.63895202e-02  5.95329642e-01 -7.01336637e-02
 -3.65556823e-03  5.08116007e-01  5.08597158e-02 -1.96027994e-01
  2.67019659e-01  4.62842956e-02 -3.44363570e-01 -9.88484859e-01
  3.15028399e-01 -2.64876187e-01 -1.39831915e-01  5.50535142e-01
 -2.55879790e-01  1.75825730e-01 -5.80384552e-01 -1.28734753e-01
  1.76557988e-01 -1.89133123e-01  6.04552999e-02  2.59222746e-01
 -4.22254391e-02 -7.70054460e-02  7.04882324e-01 -5.76668568e-02
 -1.53928623e-01  3.42632353e-01 -3.43115151e-01  4.49620113e-02
  2.42110752e-02 -7.46607408e-02 -3.88004512e-01 -3.23105186e-01
  1.31809622e-01  5.69591165e-01 -6.86645955e-02  2.54773289e-01
  8.70746672e-02  2.53773272e-01  2.56878912e-01  2.00417340e-01
  4.36134845e-01  8.56271565e-01 -2.30346486e-01 -1.05310023e-01
 -5.41190982e-01  5.03071785e-01 -1.98655307e-01 -3.05972755e-01
 -1.14055686e-01 -5.99570692e-01  4.72426526e-02  2.75245816e-01
 -1.28947541e-01  2.38380015e-01 -5.20284116e-01  7.78640866e-01
 -1.01966277e-01  4.08485919e-01  4.54666317e-02 -4.16279823e-01
  3.09428930e-01  2.98197530e-02  2.51705293e-02  1.33771747e-01
 -3.04233849e-01  3.02716553e-01  1.36913702e-01 -2.07376768e-04
  3.76660138e-01  5.68434715e-01 -1.34753644e-01  7.10936606e-01
 -7.64993131e-01 -1.17561013e-01  1.90661415e-01  3.33658755e-01
 -7.87062764e-01  2.36750439e-01  4.83446121e-01  8.27533305e-01
  8.74495357e-02 -8.20303857e-01  5.06666861e-02 -5.36461994e-02
  3.01194191e-01  1.36812225e-01  1.21609658e-01 -3.14265013e-01
  4.17913049e-01  4.48738635e-01  3.17748487e-01  2.46622518e-01
  2.27483809e-02 -2.00229630e-01  6.43893063e-01  6.77333772e-01
  2.43685111e-01  2.57706285e-01 -1.15250852e-02 -1.76610917e-01
 -2.47992203e-01 -4.40509081e-01  7.68386200e-02 -1.65818632e-01
  9.74546149e-02 -3.75914931e-01 -1.54532149e-01 -3.64104837e-01
  1.88847661e-01 -1.59631923e-01  6.68581054e-02 -2.98287272e-01
  3.53886485e-01 -1.14993319e-01  2.72798166e-03 -5.53391516e-01
 -3.80839705e-02 -4.13825214e-01 -9.75275040e-02  2.52881944e-01
 -4.01181877e-01  5.58508001e-02 -1.11496776e-01 -1.42224833e-01
 -1.08030295e+00 -5.20593338e-02  3.11988711e-01  7.99841583e-01
  4.60781097e-01  4.70659047e-01 -1.18820198e-01 -2.65575480e-02
  6.86475158e-01  1.83247432e-01  2.20387485e-02  1.38242573e-01
 -6.60987377e-01  1.32219061e-01  2.95667499e-01  5.98401092e-02
 -5.83511233e-01  1.12225980e-01  2.05917597e-01  4.03799087e-01
  4.57566790e-02  6.79417625e-02  8.97147134e-02 -1.06335782e-01
  2.76489615e-01  2.20542759e-01 -9.18733925e-02  2.29321420e-02
 -7.94441044e-01 -1.39095321e-01 -1.19558227e+00  4.44883972e-01
 -1.01232916e-01  5.70947587e-01 -7.26514831e-02  8.01285803e-02
  3.90290692e-02 -2.42909957e-02 -7.13287592e-02 -1.06457040e-01
 -5.04622236e-02  5.21994591e-01 -2.17935219e-01 -2.63024211e-01
 -3.88072252e-01  6.34832829e-02 -9.22822654e-02 -6.15083814e-01
  2.72369564e-01 -2.32835665e-01  6.31019831e-01  4.55764443e-01
  4.66444761e-01 -6.27220929e-01 -3.09162855e-01 -3.47595394e-01
 -2.33423427e-01 -5.47605753e-01  1.95025384e-01 -3.92802775e-01
 -2.44636402e-01 -6.13931753e-03  3.07361662e-01 -7.44153321e-01
 -2.54494816e-01 -5.41086376e-01  2.85130084e-01 -7.32665181e-01
 -3.65930125e-02 -2.10548982e-01 -1.57022804e-01 -2.61361718e-01
 -2.50898272e-01  2.97212362e-01 -7.76135921e-01  1.28358558e-01
 -5.88600695e-01  4.96300757e-01 -7.17930615e-01  2.75920719e-01
  2.24471271e-01 -2.24002495e-01 -4.96995419e-01 -1.19362988e-01
  2.06217155e-01  1.59566939e-01  2.91711509e-01 -1.50227964e-01
 -1.06531978e-01 -2.88291186e-01 -2.69295812e-01 -1.27763137e-01
  1.79937214e-01 -2.57913977e-01  1.82493612e-01 -1.06588555e-02
  4.38590735e-01  5.49603939e-01  5.10780990e-01  8.62148404e-02
 -1.89244464e-01 -5.10406494e-01 -8.06207210e-02 -4.01949018e-01
  8.37279558e-01 -1.27503648e-01  6.81416690e-02  8.43417823e-01
 -3.43123525e-01  4.27420944e-01  4.92610663e-01  3.57669204e-01
 -1.83962739e+00  8.63521472e-02  1.83601186e-01 -1.78991839e-01
 -1.02437764e-01  4.95744765e-01  3.24417114e-01  3.79628479e-01
 -2.82256156e-01 -2.42777660e-01  1.53881446e-01  4.30253983e-01
 -2.43113890e-01 -5.06444931e-01  2.94239849e-01 -1.20952807e-01
 -1.11387268e-01 -5.77569306e-01 -2.61537135e-01  3.22505057e-01
  5.52402794e-01 -7.49784410e-02 -4.16341238e-02 -4.51178700e-01
  1.46364989e-02 -4.89417017e-02 -7.73097873e-02 -3.48984972e-02
 -5.18511772e-01 -2.18516905e-02 -5.50190685e-03  4.79943335e-01
  5.31697452e-01  6.18142724e-01  5.17191410e-01 -3.68477814e-02
  4.15738523e-01  4.09637064e-01  2.78648823e-01  2.58205205e-01
 -1.92478687e-01  3.38051021e-02  6.54076815e-01  4.56723630e-01
  1.25677779e-01  2.34822974e-01  2.94249147e-01  5.72276235e-01
  4.93437529e-01  2.86634922e-01  3.06924045e-01  1.74232289e-01
  4.80722755e-01  7.67842352e-01  4.61996824e-01 -1.49397627e-01
 -5.35545051e-01 -2.07195401e-01  4.61773090e-02 -7.19204664e-01
 -2.36712545e-02  1.69839919e-01  4.68096703e-01 -6.63670242e-01
 -3.45444322e-01 -2.95199662e-01  1.76241323e-02 -7.02230990e-01
 -3.58724922e-01 -6.69557035e-01 -6.39351606e-01 -1.93379059e-01
  1.65576994e-01 -4.11117226e-01  5.45201898e-02 -6.07914478e-02
  7.05879748e-01 -6.72730744e-01 -3.99949640e-01  1.13895223e-01
 -6.31103158e-01 -2.93652326e-01 -3.77531469e-01 -1.63616955e-01
 -3.91004562e-01 -1.25441849e-01  3.14322710e-01 -4.70428199e-01
 -7.83000410e-01 -2.88838267e-01 -6.09501421e-01 -3.22668433e-01
  3.07533801e-01  5.02631187e-01  3.61660123e-02  5.98707616e-01
  2.11616114e-01  3.22341442e-01 -3.80458027e-01  7.36585975e-01
 -8.92982781e-01  4.00662065e-01  2.41615936e-01  4.03680295e-01
  6.13344252e-01  5.35341918e-01  4.90175307e-01  8.57306346e-02
  1.54749513e-01 -3.47645255e-03 -1.79560825e-01 -6.78959489e-01
  6.71502113e-01 -4.02425438e-01  5.00388384e-01 -1.75969094e-01
 -2.62269527e-01  4.49397892e-01 -3.34530354e-01 -2.27431476e-01
 -1.88923135e-01  3.93853813e-01  3.31171937e-02  1.88998282e-01
  2.92169690e-01  9.07335699e-01 -1.43206015e-01 -1.83547169e-01
  9.28238034e-02  1.60436437e-01  4.88099992e-01  1.68469951e-01
  5.57058044e-02 -6.00753911e-02  2.54856884e-01  1.46979168e-01
 -1.44283250e-01  2.38408491e-01  2.79301614e-01  4.87950534e-01
  1.73891008e-01  2.02815458e-01  2.59649754e-01 -1.50730982e-01
 -4.01128232e-01 -4.44263101e-01 -7.44524181e-01 -3.40825647e-01
 -5.52254975e-01 -7.67023489e-02  9.34108198e-01 -2.39603773e-01
  2.25190129e-02 -4.28295434e-01 -4.49173182e-01 -3.42966765e-01
 -5.46806157e-01  1.06074482e-01  4.81443912e-01  2.84314156e-01
  9.18398738e-01  1.30967349e-01 -7.45666564e-01  1.76642686e-01
  2.21011579e-01  4.07253027e-01  6.63063765e-01  9.09066014e-03
  3.50896940e-02  1.83811858e-01  1.82680011e-01  4.70659614e-01
 -1.01974562e-01  6.26978725e-02 -9.40832615e-01 -6.52404249e-01
 -3.24350387e-01  3.67973775e-01  3.67124885e-01 -2.21401602e-01
  4.15161073e-01  9.94877517e-02 -4.92430925e-01 -7.80409276e-01
 -2.40423933e-01 -3.42800945e-01  1.29675731e-01 -9.90501523e-01
 -9.37732756e-02  1.18506961e-01 -1.67349026e-01  4.45392698e-01
  2.83873439e-01 -4.39427286e-01  2.52377331e-01  4.21399295e-01
  5.71334600e-01 -7.26973414e-01 -2.95927469e-02  2.91597378e-02
  4.24708948e-02  2.92873144e-01  2.04589441e-01 -1.02795161e-01
 -7.58736432e-02 -1.95115730e-01 -8.25254500e-01 -4.65269268e-01
 -5.27914286e-01 -1.17438126e+00  6.21102273e-01  1.46073565e-01
  1.34798642e-02 -4.54668194e-01  3.69665682e-01 -9.39018354e-02
  1.79259390e-01  3.46551925e-01  2.71567196e-01 -4.09156322e-01
 -9.87835944e-01  1.17123187e-01 -4.00100410e-01 -7.79720724e-01
 -6.15735836e-02  7.60794103e-01 -3.06203067e-01 -1.51217744e-01
  6.68269396e-02 -4.68070358e-02  5.00749517e-03 -3.84405628e-02
 -2.85034955e-01 -7.58327544e-02  7.27977306e-02  1.18851520e-01
  2.82191873e-01  1.08784445e-01 -5.96040972e-02  1.46751404e-01
  2.27181897e-01  8.85928571e-01  2.84479290e-01  1.18054681e-01
 -3.82209152e-01 -2.01807499e-01 -7.07857534e-02  6.98361918e-02
  2.02183425e-01  4.53183949e-01 -6.44808471e-01  1.25333160e-01
  6.75511301e-01 -6.16195202e-01  6.16117045e-02  4.95503813e-01
  6.56136870e-01  2.38089874e-01 -3.15300524e-01 -1.00683272e-02
 -6.44401968e-01  3.05437386e-01  4.04159427e-01  6.76220596e-01
 -1.20024569e-01  9.89443287e-02 -1.09465942e-01 -8.93416941e-01
 -6.44049406e-01  1.70678586e-01  2.32825950e-01  3.58750582e-01
  2.90902436e-01  6.03955314e-02  3.64982843e-01  2.88788140e-01
  3.25582206e-01  2.98508048e-01 -2.11853176e-01 -1.69587851e-01
  9.25581336e-01 -1.00967355e-01  4.19761032e-01 -5.97174942e-01
 -1.12329876e+00 -1.14141829e-01 -1.00131340e-01  2.89266169e-01
  6.18421614e-01 -2.26853136e-02 -2.46456966e-01  5.18426597e-01
  3.93800706e-01  2.33769998e-01 -3.89728211e-02 -7.22244859e-01
 -5.15709594e-02 -8.79537985e-02 -3.18342112e-02  2.17369661e-01
 -9.24059898e-02  3.81692141e-01  4.86069262e-01  4.05491590e-01
  5.01701906e-02  2.69278318e-01  7.19921067e-02 -2.63382852e-01
  3.92926067e-01  2.74747610e-01 -4.12314445e-01 -3.01242560e-01
  2.44315729e-01 -4.21547800e-01  7.09136343e-03  3.57484549e-01
 -2.73204625e-01 -5.03464162e-01 -1.94650888e-01 -3.36996615e-01
  3.47201884e-01  1.80828840e-01 -5.29132307e-01 -3.22091542e-02
 -6.23873733e-02  3.67710628e-02 -1.78253248e-01 -4.06050496e-02
 -3.81089188e-02 -8.67923498e-02 -1.65621966e-01  3.79243270e-02
 -6.91981614e-01  1.61953513e-02 -8.07290912e-01  1.26615137e-01
 -2.16477290e-01 -7.05652595e-01  4.07820255e-01  7.20290840e-02
 -4.22391802e-01 -1.19935584e+00  3.84969234e-01  1.55750945e-01
  5.93656301e-01 -2.86965460e-01  4.22575116e-01 -2.09008619e-01
  3.65491688e-01  2.06109527e-02 -5.05034685e-01  5.86398458e-03
 -1.02386160e+01  2.93695301e-01 -8.07565212e-01 -4.65996787e-02
 -2.19530776e-01  2.15877116e-01  4.06636357e-01  2.02618510e-01
 -1.14357591e-01  7.83499703e-02  4.85066801e-01  6.26463711e-01
  2.03689128e-01  3.30434442e-01 -5.96944213e-01 -2.57458121e-01
  1.55121490e-01 -5.21634400e-01 -4.14517932e-02 -6.80052564e-02
  3.14117461e-01 -5.96499518e-02  7.12457478e-01  4.58022505e-01
 -4.48841117e-02 -2.83873647e-01 -4.76288140e-01  6.18951201e-01
 -3.41623366e-01  3.32348108e-01 -5.62076449e-01  2.32299924e-01
  3.24432969e-01  5.09893335e-02 -3.02852899e-01 -2.84949720e-01
 -8.83074999e-02  1.36656255e-01  1.83941081e-01  1.22880384e-01
 -4.62945290e-02  4.57452267e-01  5.45233749e-02  6.43202439e-02
  2.69053727e-01  3.59110266e-01  4.33827117e-02  3.14644277e-01
  5.46511352e-01 -2.06803922e-02 -1.34080142e-01 -2.38514975e-01
  1.48372516e-01 -1.07856549e-01  3.60755771e-01 -3.13270502e-02
  7.97114253e-01 -2.66944528e-01 -3.02110076e-01  3.60109583e-02
  4.78554875e-01 -1.68002859e-01  6.27351522e-01  3.93252403e-01
  3.06651354e-01  3.53701234e-01  5.44516444e-01  3.99895757e-01
 -2.98449010e-01 -3.67829949e-01  2.15354741e-01  2.46415168e-01
 -1.14773951e-01 -3.16884935e-01 -3.18966627e-01  6.03009045e-01
  6.61231354e-02 -2.57588595e-01 -2.31780112e-02  9.41014364e-02
  2.65585244e-01 -5.33725787e-03 -4.46496755e-01  5.85658699e-02
 -9.59826112e-01 -6.34158403e-02 -3.14684808e-02  4.64487463e-01
  1.35348931e-01 -6.52033329e-01  4.94852304e-01 -1.96370915e-01
  1.20603964e-01  5.20343333e-02 -7.96077028e-02  9.75164324e-02
  2.76541382e-01  1.29650429e-01  6.51039779e-01  3.14553797e-01]"
カ,"[ 3.58623505e-01 -2.46663745e-02  7.75448501e-01 -8.84407759e-01
  2.05631573e-02  3.39202523e-01 -1.35529384e-01 -5.29141799e-02
 -4.17153358e-01  3.07938814e-01  7.79973149e-01 -1.58491731e-01
  2.73954391e-01 -6.79569840e-01  6.54694617e-01 -5.09500563e-01
  2.79152691e-01 -1.55786097e-01  7.91591853e-02 -4.01464760e-01
 -8.99065256e-01 -9.26213205e-01 -1.83110192e-01  1.54470608e-01
 -9.02618244e-02  1.37811098e-02  1.21721886e-02  2.65641689e-01
 -1.97515488e-01  1.73800450e-03 -1.44873202e-01 -5.53951979e-01
 -1.02262542e-01  5.79993427e-02 -1.09505653e+00 -1.95033997e-01
  1.50330216e-01 -1.41734228e-01 -9.51748267e-02 -5.36378443e-01
  3.32558602e-01  3.11147776e-02 -6.13094509e-01 -1.33484438e-01
 -1.43150702e-01  5.45336604e-01 -2.29549840e-01  3.67545485e-01
 -1.44952787e-02 -7.86912739e-02 -4.05287087e-01  1.60253420e-01
  1.48657605e-01  1.46855205e-01  1.35043159e-01 -3.60164315e-01
  1.21215262e-01 -8.88408124e-01 -3.86912338e-02  8.90291296e-03
 -4.12297577e-01  1.84104204e-01  2.63562113e-01  3.95972162e-01
 -2.63143957e-01  4.52321544e-02  9.61821601e-02 -4.72497046e-02
  7.39715621e-02 -6.48744583e-01 -3.36413719e-02  1.64206326e-01
  1.29086927e-01 -4.54291046e-01  7.61634171e-01 -2.88086832e-01
  1.88634962e-01 -1.51704654e-01  3.14154088e-01 -4.34453413e-02
 -4.34984684e-01  1.72228113e-01 -1.45956039e-01 -3.82179230e-01
 -2.66938031e-01  1.74713507e-01 -4.73184168e-01 -8.13936889e-01
  8.41606438e-01 -1.63370445e-01  3.98811787e-01  3.35717320e-01
  1.42418474e-01  2.34820977e-01 -3.75823498e-01  1.53101116e-01
  1.80200025e-01 -5.68276718e-02 -3.80255103e-01  6.07531250e-01
 -1.82700142e-01  5.76381758e-02 -3.03319804e-02 -2.17319041e-01
  3.21460456e-01 -3.65903884e-01 -3.78341734e-01  1.67370379e-01
  3.26045692e-01 -1.77744448e-01 -4.28996652e-01 -3.37885380e-01
 -5.36792994e-01  3.36251765e-01  3.13205421e-01 -3.23720835e-02
 -2.09487334e-01  2.36570567e-01  3.92595269e-02  4.16601747e-01
  2.06613198e-01  5.64181983e-01 -1.32583544e-01  9.94166546e-03
 -9.32277665e-02  4.95230347e-01  9.01037604e-02 -6.32624030e-01
  1.58358559e-01 -2.86766887e-01 -1.73558444e-02  1.07340008e-01
 -4.51720394e-02 -1.58379287e-01 -3.47066075e-01  1.00911450e+00
 -1.72081903e-01  4.28343192e-02 -1.08846836e-01 -5.53245187e-01
 -3.17088962e-02  1.57655567e-01  2.14766219e-01 -2.54550487e-01
  1.04970887e-01  2.99687594e-01  1.89547196e-01 -7.63222635e-01
  1.11502409e-02  1.36825204e-01 -1.47052079e-01  1.06679690e+00
 -7.71152258e-01  2.61684030e-01 -2.60864586e-01 -4.06512246e-02
 -5.02321661e-01  8.80809948e-02  5.01655638e-01  4.69206512e-01
  1.57339752e-01 -5.43632388e-01  5.91759145e-01  5.71602881e-01
  4.12188023e-01  3.37212831e-01  8.57105330e-02 -2.18367904e-01
 -1.45391166e-01  2.89241046e-01 -2.56868720e-01  1.15889378e-01
  1.48382783e-01 -4.54930305e-01  1.39046222e-01  4.08452988e-01
  2.68079937e-01 -1.32260621e-01  4.45829958e-01 -9.17394400e-01
  1.21634929e-02 -1.29310846e-01 -2.40721285e-01 -6.55108631e-01
  5.75766742e-01 -1.57064945e-01 -2.02726319e-01 -2.56978065e-01
  3.70329581e-02 -5.15710235e-01  9.59524959e-02  4.32647280e-02
  6.84190571e-01 -1.56286225e-01 -1.19201258e-01 -4.01351511e-01
  1.61897153e-01 -1.43419474e-01  4.97052148e-02  5.62051535e-01
  1.37465179e-01  1.46439686e-01  6.39640493e-03 -1.10575020e+00
 -5.28054357e-01  1.39588684e-01  7.02512980e-01  6.46990657e-01
  3.36560547e-01  3.55961710e-01 -3.14682722e-01 -2.04505265e-01
  2.06223518e-01  3.48682970e-01  5.52944124e-01 -1.65666640e-02
 -7.39449561e-01 -3.70001137e-01  3.48041385e-01 -1.95296228e-01
  3.64514917e-01 -3.96472722e-01  1.47909656e-01 -1.23007759e-01
 -1.66088358e-01  3.02128971e-01  2.42732868e-01 -4.32539165e-01
 -1.25467569e-01  7.21932948e-01 -5.37491798e-01 -3.94340783e-01
 -6.42009258e-01  1.48062214e-01 -3.87935340e-01  1.26514211e-01
 -3.87917072e-01  2.45502919e-01 -5.14781237e-01  1.67034715e-01
  2.13678837e-01 -9.73865539e-02  1.90267146e-01 -3.02353382e-01
 -1.98651329e-01  2.05969542e-01 -4.91631292e-02  1.52407825e-01
 -3.03271323e-01 -6.56548962e-02 -5.80709100e-01 -4.50180680e-01
  1.67043418e-01 -3.80928963e-01  6.60770416e-01  1.63124174e-01
  1.35975048e-01 -7.01999813e-02  3.47878784e-01 -6.32830441e-01
 -1.44762829e-01 -4.55075115e-01  2.43626311e-01 -1.20690782e-02
  3.93141806e-01  2.13240936e-01  8.69434029e-02 -4.91389245e-01
 -4.09337163e-01 -4.92964417e-01  2.15222612e-01 -2.12857053e-01
 -2.55736828e-01 -1.29893035e-01 -2.42748056e-02  4.75189276e-02
 -2.41011977e-01  3.78963977e-01 -6.74059987e-01  3.41774493e-01
 -1.21557496e-01  5.53519130e-01 -4.47248578e-01 -1.68598294e-01
  3.95195127e-01 -4.91952971e-02 -4.26788419e-01 -4.14090097e-01
 -2.03364879e-01  2.09795654e-01  3.88204962e-01 -6.76829159e-01
 -2.19864860e-01  3.54496539e-01 -4.50361013e-01 -2.10239254e-02
  5.21236181e-01  2.84831040e-02  8.04966912e-02  2.86666632e-01
 -8.99264291e-02  1.58280760e-01  5.97535729e-01 -5.80159724e-01
 -2.41445109e-01 -5.60136199e-01 -2.93470304e-02 -3.48329276e-01
  5.56526780e-01  2.30383947e-02  1.48194492e-01  7.26094961e-01
 -4.63306069e-01 -9.25065577e-02  9.19669688e-01  5.36000967e-01
 -1.65137398e+00  2.89298415e-01  6.97310388e-01 -1.96222365e-01
 -2.48253286e-01  5.48110120e-02  1.19285556e-02 -1.02505405e-02
 -2.15799615e-01 -7.55335927e-01  8.92776191e-01  2.45091185e-01
 -2.06558183e-01 -2.45091453e-01  4.92400676e-01  7.27382153e-02
  5.52626327e-02 -4.77321327e-01 -2.58106768e-01  3.70079964e-01
  2.18699321e-01 -1.69243783e-01 -2.95927197e-01 -1.56339571e-01
 -5.49375415e-01  1.43275663e-01 -2.39141226e-01  2.10572466e-01
 -4.81670737e-01  3.63241844e-02  3.82827461e-01  1.13138402e+00
  3.20399702e-01  5.80115676e-01 -3.88420105e-01 -7.16237649e-02
  8.46663177e-01  4.57819790e-01  4.99442339e-01  3.78467560e-01
 -2.81308055e-01 -2.93053031e-01  6.19681478e-01 -5.02775423e-02
 -3.03343028e-01  3.20499182e-01 -1.04893170e-01  2.07846895e-01
 -1.03425182e-01  6.94383830e-02  1.11082636e-01 -1.49621904e-01
  1.32135212e-01  7.33817935e-01  6.12316489e-01  1.74469128e-01
 -9.40590948e-02 -4.33509260e-01  5.79937808e-02 -1.72508448e-01
  2.55798876e-01  4.38544452e-01 -2.90040284e-01 -2.99348027e-01
 -1.93711147e-01 -2.49136806e-01 -2.32577637e-01 -3.40362430e-01
 -4.00767982e-01 -9.23901081e-01 -1.06636667e+00  5.14844134e-02
  3.64310034e-02 -7.81357527e-01  2.97342867e-01  1.25311241e-01
  6.62686706e-01 -4.19278175e-01 -5.31334817e-01  1.36208460e-01
 -4.69912589e-01  4.40434292e-02 -1.70939550e-01  4.09764461e-02
 -2.54860371e-01  2.88720042e-01 -5.70760727e-01 -2.33660102e-01
 -3.97560418e-01 -2.70689547e-01 -4.77144927e-01  8.33981112e-02
  1.56268239e-01  7.86443114e-01  3.29351239e-02  2.74410903e-01
 -8.30293223e-02  1.66195571e-01 -1.35205150e-01 -1.19310774e-01
 -6.01310849e-01  3.27095807e-01  6.02727771e-01  7.36267149e-01
  2.22532064e-01  4.85335290e-01 -1.07432296e-02 -1.67816505e-01
  2.71096110e-01 -2.33207718e-01 -2.86459357e-01 -2.64937460e-01
  5.48817039e-01 -4.61884618e-01  2.98371047e-01 -3.07025105e-01
 -2.51187943e-02  8.15504372e-01 -2.75913030e-01 -6.44754231e-01
  1.93344522e-02  4.44431394e-01  2.74196744e-01  2.01898515e-01
  2.21787766e-01  1.11262667e+00 -1.61107406e-01  6.74714327e-01
  2.07938656e-01 -3.06594729e-01  1.53259989e-02 -2.52609968e-01
  1.08531192e-02  1.80814713e-01  5.40342867e-01  8.98994684e-01
  2.68079460e-01  3.87798011e-01  4.22550350e-01  3.94640565e-02
 -3.09843242e-01 -4.48453352e-02  5.02027273e-01  8.76635760e-02
 -5.82270384e-01  6.71888217e-02 -4.89350617e-01 -3.11073989e-01
 -3.76003265e-01 -1.52919888e-01  2.54867524e-01 -1.87409982e-01
  4.83119279e-01 -4.07314867e-01 -6.55646503e-01 -4.32575643e-01
 -7.92497277e-01  1.22521192e-01 -1.23758957e-01  2.85037518e-01
  5.57697177e-01  5.66789687e-01  1.51675284e-01  7.97831640e-02
  3.05660993e-01  7.30963707e-01  2.39923492e-01 -1.62907496e-01
 -1.68818742e-01  3.58493179e-01  1.53902203e-01  4.34617549e-01
  2.28625417e-01  6.95969686e-02 -3.13285530e-01 -5.33015549e-01
 -3.97986710e-01  1.47943035e-01  1.00019462e-02 -3.02755665e-02
  3.52582216e-01  2.73273457e-02 -1.54553518e-01 -5.19303083e-01
 -2.44539768e-01 -3.31824273e-01 -1.69063598e-01 -7.04006612e-01
 -1.21840023e-01 -5.30770898e-01  1.14736691e-01  4.09819782e-01
  4.93195772e-01 -5.63853145e-01  1.66293547e-01  3.00701708e-01
  1.20490536e-01 -1.54460818e-02  1.16325922e-01 -7.11223111e-02
 -2.87986457e-01 -6.43923953e-02  9.23106298e-02 -8.17050263e-02
  6.59828961e-01  1.59188434e-01 -5.55954158e-01 -2.43936986e-01
  1.15936778e-01 -9.04175043e-01  4.33933824e-01 -1.37775674e-01
  1.39560133e-01 -6.94661975e-01  1.77638426e-01  5.66961803e-02
  2.87550706e-02 -2.34372467e-01  1.43907323e-01  1.38518408e-01
 -7.58113921e-01  3.10334802e-01 -1.81319714e-01 -3.84622782e-01
  7.97916114e-01  5.46773851e-01 -1.85301051e-01  2.61838198e-01
  5.00708103e-01  6.13263138e-02 -4.15486455e-01  3.24717611e-01
 -1.60925969e-01  1.05415650e-01  3.04943383e-01 -1.88915536e-01
  5.68400979e-01  1.68301255e-01  1.19882308e-01  1.03814043e-01
  3.48907083e-01  6.84636235e-01  4.38413203e-01  2.53433138e-01
 -1.55607834e-01 -4.70798522e-01 -7.94094026e-01  3.76302749e-02
  2.78303146e-01  5.75215876e-01 -3.88453275e-01  5.00085056e-01
  6.70906901e-01 -2.61370316e-02  3.63673955e-01  9.21187937e-01
  1.95423767e-01  4.20796484e-01 -4.99180734e-01  6.07120134e-02
 -9.31693137e-01  4.19819355e-01  3.13179880e-01 -9.41114202e-02
 -1.07177213e-01  1.38800368e-01 -5.11286616e-01 -4.66663241e-01
  1.72097191e-01 -1.05628192e-01 -1.70082480e-01 -2.41322935e-01
  6.42610252e-01 -1.10959895e-01  9.40922022e-01  3.93224031e-01
  1.11649428e-02 -4.84756917e-01  1.63169324e-01 -1.47922978e-01
  6.43826902e-01  5.49303964e-02  4.04966950e-01 -2.15639636e-01
 -1.03778875e+00 -4.04413819e-01  2.61354953e-01  2.08905756e-01
  2.86806047e-01 -5.07086396e-01 -3.62063153e-03  4.51601774e-01
  5.59650540e-01  2.33726546e-01 -1.10181369e-01 -4.99156475e-01
  6.02733493e-02 -1.41714185e-01 -2.06763536e-01  3.99964780e-01
  8.63533318e-02  3.39435160e-01  3.76995921e-01 -1.77013367e-01
  8.54547098e-02  4.84107405e-01  1.96362540e-01 -1.33794844e-01
  6.52293503e-01  5.57423271e-02 -1.15380608e-01  6.89100772e-02
  2.01813541e-02 -2.67379105e-01  1.12823248e-02  6.30568624e-01
 -9.38891470e-02 -1.80415940e-02 -5.15584350e-01  3.14987510e-01
 -3.19119431e-02  1.47030190e-01 -4.01001453e-01 -4.66903061e-01
  2.83106536e-01  2.52689123e-01 -3.53933305e-01  2.24920940e-02
 -2.45350897e-01 -2.29598999e-01 -3.57043922e-01 -3.35031182e-01
 -5.43241918e-01 -1.94483936e-01 -3.95304978e-01  4.29940641e-01
 -7.70074725e-01 -5.16545594e-01  4.46759880e-01 -1.45376548e-01
 -1.55776113e-01 -1.12323403e+00  6.05643272e-01 -4.00147796e-01
  6.36294961e-01 -1.85506940e-01 -9.61032361e-02  1.83214974e-02
 -3.13865632e-01 -3.22945774e-01 -5.74643850e-01  4.83222187e-01
 -1.02312622e+01 -1.53170988e-01 -2.06183270e-01 -6.94933414e-01
 -3.92779797e-01 -1.07496738e-01  1.08158612e+00  1.50632700e-02
 -5.57699800e-01  1.20039679e-01 -2.45275140e-01  1.35550335e-01
  5.34533679e-01  3.76105100e-01 -7.03593642e-02 -3.01707648e-02
 -1.40226766e-01 -5.82136810e-01 -3.43775511e-01 -1.21521324e-01
 -7.73715600e-02 -1.95056483e-01  6.71905637e-01 -4.01544832e-02
  7.59009197e-02 -3.98200870e-01 -1.59837261e-01  2.66551733e-01
  1.22852407e-01  4.76531118e-01 -2.14640051e-01  8.28400373e-01
 -1.77804306e-01  6.64553940e-02 -1.84410334e-01 -2.97167152e-02
 -2.54587047e-02  4.63637054e-01 -1.10334717e-01  4.90783155e-01
  3.83713841e-01  3.58788252e-01  1.40073374e-01  4.72070165e-02
  3.78129005e-01  4.28333610e-01  1.36748672e-01  3.20807397e-01
  7.62167990e-01 -7.51866400e-02  4.96974945e-01 -7.55950093e-01
  3.25058818e-01  6.83932751e-02 -4.67355758e-01  4.09008339e-02
  9.32538629e-01 -5.53281605e-01  4.71072271e-03  2.53292948e-01
  3.74016225e-01 -4.09752391e-02  1.16638350e+00  4.04410571e-01
 -2.60072678e-01  3.02253067e-01  1.11051150e-01  1.22262955e-01
 -4.74618435e-01 -4.05456990e-01  3.80825192e-01  1.47620821e-02
  1.46137968e-01  3.14544082e-01 -3.71834219e-01 -8.59000683e-02
 -2.63521336e-02  2.05508903e-01  3.81883562e-01 -6.79506063e-02
  8.54203880e-01  2.12811939e-02 -4.13789153e-01  4.24296439e-01
 -5.25970340e-01  1.24857441e-01  1.41605467e-01 -7.15519413e-02
  5.41422784e-01 -6.79489851e-01  7.72998869e-01 -3.00903887e-01
 -3.18955958e-01  7.00099707e-01  3.12905520e-01 -5.65515816e-01
  3.17841887e-01  1.30851224e-01  8.86329114e-02 -2.18677804e-01]"
ッ,"[-8.47506686e-04  2.42939927e-02  2.92595834e-01 -8.14079523e-01
 -1.90448701e-01  1.69514883e-02 -1.97485581e-01  8.23104233e-02
 -2.56802887e-02 -3.11568141e-01  9.89377499e-01 -3.98658514e-01
 -7.40464866e-01 -2.20807299e-01  8.63698218e-03 -2.98646897e-01
  4.27465320e-01  7.22979829e-02  6.94795847e-02 -2.50536650e-02
 -1.54569462e-01 -9.57251370e-01 -6.99210539e-02 -1.18036285e-01
  1.72650620e-01 -2.13143110e-01 -9.14977863e-02  4.07562435e-01
 -2.35810820e-02 -1.20783314e-01 -5.25771454e-02 -5.57964563e-01
  1.83352619e-01 -4.80833769e-01 -3.83052796e-01  2.27689296e-01
  6.66377544e-02 -1.85623124e-01  4.21090834e-02  1.06750607e-01
 -1.60486266e-01 -7.08496153e-01 -1.83558196e-01 -1.34461612e-01
 -3.83230746e-01  8.17966342e-01 -1.04487441e-01  4.73394454e-01
  9.34944212e-01 -7.90410042e-02  1.32304460e-01  9.53064203e-01
  4.84225065e-01  8.36067647e-02 -2.11102828e-01 -3.16094905e-01
  6.45886421e-01  1.09655246e-01  6.07465580e-02  1.68169916e-01
 -8.20827007e-01 -1.67322606e-01 -6.96369708e-02  3.01774234e-01
 -1.59296483e-01  1.27004638e-01  6.29984736e-01 -4.48810160e-02
 -3.58839601e-01 -2.63454050e-01  4.50156294e-02  5.23348488e-02
 -1.79233834e-01  9.79395956e-02  3.94698471e-01 -1.10990971e-01
  4.48001117e-01  7.81854615e-02  3.76926959e-02 -6.98037893e-02
  6.10019602e-02  6.93809509e-01 -3.00615519e-01 -5.83717227e-01
  4.89663422e-01  3.19297373e-01 -9.86517251e-01 -6.30892873e-01
  2.03965306e-01 -4.85032052e-01 -3.43829751e-01  4.04426605e-01
  5.63760042e-01  1.74714521e-01 -2.54069954e-01 -5.54850837e-03
 -4.07151639e-01 -3.97180140e-01 -6.96826577e-02 -1.03775948e-01
 -4.29990403e-02 -3.08415890e-01  8.10774416e-02 -6.27929986e-01
 -6.31677285e-02  4.42603141e-01  9.22260806e-02 -1.07993968e-01
 -8.02938715e-02  4.21695739e-01  3.82215902e-02 -2.91090041e-01
 -5.15611529e-01  4.72381622e-01  3.05263191e-01 -2.42019951e-01
  2.22711995e-01  2.47001320e-01  2.08430484e-01  2.26234168e-01
 -1.00659087e-01  3.79266351e-01  1.74238011e-01  8.36182535e-02
 -1.33942598e-02  2.39255339e-01 -1.30939618e-01 -2.66430587e-01
  7.50697777e-02 -4.44466136e-02 -1.25058651e-01 -2.96719640e-01
 -1.86754733e-01  4.62284870e-02 -1.54895216e-01  5.73002458e-01
 -3.15622211e-01  7.70455599e-01 -3.20683196e-02 -8.27799365e-02
 -3.32298666e-01  7.83412009e-02  5.61223209e-01 -1.40593082e-01
 -1.47807434e-01  7.12252706e-02  1.11468785e-01  1.49039268e-01
  5.94648540e-01  7.88424492e-01 -3.91317755e-01  6.91043139e-01
 -4.83508110e-01 -4.28604394e-01 -2.31125608e-01 -2.82913804e-01
 -2.63750523e-01 -7.04973117e-02  1.47693142e-01  4.35707957e-01
  1.04040034e-01 -1.85909553e-03  3.51055562e-01  5.78566730e-01
  3.56493235e-01  6.93491459e-01  6.79336667e-01  1.04836617e-02
  5.64589947e-02  7.34041274e-01  1.75245255e-01  2.01285884e-01
 -8.71088058e-02 -3.34875554e-01  3.41685236e-01  4.57763910e-01
  9.21465084e-02 -3.79127383e-01  1.97858661e-01 -3.54641646e-01
  2.27847993e-02  1.49662599e-01 -1.25286877e-01 -5.89776933e-01
 -1.40248507e-01 -3.27250779e-01 -6.84032962e-02 -3.22818726e-01
  1.90828200e-02 -2.64298260e-01 -1.89512879e-01  4.75499779e-01
  5.46563506e-01 -3.43252271e-01 -4.94703323e-01  6.61941245e-02
  1.48628056e-01 -2.43603975e-01  3.29280831e-02  3.34250718e-01
  6.09131381e-02 -1.99352786e-01 -1.03870869e-01 -1.22504130e-01
 -7.65457749e-01 -1.80951357e-01  1.82308063e-01  5.48664153e-01
  6.67081714e-01  8.36969092e-02 -4.10286725e-01 -1.59660488e-01
  6.41829669e-02  4.18602318e-01  4.69397753e-01  2.35138666e-02
 -2.17871487e-01 -1.16390340e-01  1.12331241e-01  2.34616790e-02
 -4.30729091e-01  4.54013079e-01  8.91013667e-02  6.94965944e-02
  1.87675163e-01 -3.53168607e-01  5.71272075e-02  9.92624238e-02
  2.43666977e-01  4.37540859e-01 -1.75157428e-01 -2.53198981e-01
 -1.15796626e+00 -1.47411004e-01 -4.23822612e-01  2.40944430e-01
 -2.29290519e-02  2.70325035e-01 -2.88698673e-02  3.00190561e-02
  1.06341422e-01  9.21325088e-02 -4.84354421e-03 -1.15073593e-02
 -6.69395864e-01  6.47869647e-01  3.73189062e-01 -3.99430767e-02
 -2.55176485e-01  8.68210196e-02 -6.69010699e-01 -8.68354917e-01
  4.48582083e-01  3.27773802e-02  4.75684166e-01 -1.87951401e-01
  6.30643785e-01 -1.76486447e-01  3.40425909e-01 -2.41494030e-01
  1.45505160e-01 -2.49008402e-01 -3.35902050e-02  3.57912965e-02
  1.18982039e-01  2.90074974e-01  1.72507614e-01 -2.29160145e-01
 -8.25703382e-01 -5.39578915e-01  2.12891892e-01  1.57956600e-01
 -8.46386105e-02  3.60620230e-01 -2.93606728e-01  1.42795816e-01
  1.35174662e-01 -5.01793735e-02 -7.02021182e-01 -1.10004142e-01
 -2.61116207e-01  1.68701619e-01 -2.93743283e-01 -2.77439535e-01
 -1.80265456e-01 -1.88336968e-01 -2.85822600e-01 -4.13237453e-01
 -2.19129056e-01  5.13268113e-01  2.14392528e-01 -3.70486051e-01
  2.13172466e-01 -2.27042928e-01 -1.16288401e-01  1.73262432e-01
  5.90516090e-01  2.44925678e-01 -5.42839207e-02 -6.69542491e-01
  5.97523510e-01  3.61676663e-01  6.71564817e-01 -2.78169990e-01
 -1.99699834e-01 -1.76418543e-01 -1.54903978e-01 -9.07438025e-02
  2.66942233e-01 -6.08694434e-01 -5.30273259e-01  6.35840595e-01
 -8.04271996e-01  3.06021899e-01  3.99774194e-01  5.80411032e-02
 -1.27470434e+00 -1.77075028e-01  1.99602470e-02 -5.59020899e-02
 -7.63286889e-01  3.30546498e-01  5.24254799e-01  1.76424041e-01
 -2.66655773e-01 -3.71856838e-02  3.81560355e-01  6.49979293e-01
  4.38561961e-02  4.34572339e-01  8.30164030e-02 -2.41769329e-01
  1.65009409e-01 -4.87840265e-01  5.10681868e-02  2.03279480e-01
  1.21932589e-01 -3.96724343e-01  5.46043292e-02 -6.94123745e-01
 -2.26219118e-01 -2.31471565e-02  2.78449118e-01  3.06026757e-01
  1.00672983e-01 -4.90973979e-01  2.38472387e-01  3.49034578e-01
  2.42558584e-01  7.42991567e-01 -3.22544366e-01  5.06904900e-01
 -1.01611048e-01  2.08872557e-01  2.72996962e-01  7.13843405e-02
 -3.15712363e-01 -1.08891599e-01  5.54433763e-01  3.19269538e-01
 -3.19388300e-01  7.70788789e-02 -4.13034335e-02  2.08734218e-02
 -2.05880031e-01  3.82290214e-01  5.48962116e-01  5.07611811e-01
  4.45574790e-01  1.42261192e-01  9.56121907e-02 -7.56447166e-02
 -7.84140229e-02 -2.99235940e-01  1.25958547e-01 -9.25358415e-01
  5.29253781e-01 -2.02331785e-02  2.88136780e-01  3.05612702e-02
 -2.73930401e-01 -3.86917382e-01  2.48603255e-01 -4.98808384e-01
 -2.83866316e-01 -5.09455025e-01 -6.84368134e-01 -3.06197137e-01
 -4.65287149e-01 -3.74651730e-01  3.58070210e-02  4.71418500e-01
  1.89269185e-01 -5.82943738e-01 -5.17256558e-01  2.93249249e-01
 -3.78361195e-02  1.89553946e-01  1.27694994e-01  1.62362978e-01
 -3.14908251e-02 -1.71098813e-01 -3.38809311e-01 -3.71348321e-01
 -4.75199580e-01 -2.89647341e-01 -4.34038043e-01  4.90949601e-02
  2.89366543e-01  5.01486123e-01  2.67183483e-02 -5.03257401e-02
  1.09760575e-02  2.30440453e-01 -1.98166892e-01 -2.66537905e-01
 -6.87542498e-01  1.11522146e-01  3.45836654e-02 -6.21969886e-02
  8.99233595e-02  2.76384264e-01  2.26911068e-01  3.56235147e-01
  1.98055521e-01 -1.19500801e-01 -2.94791996e-01 -1.33640662e-01
  3.47375304e-01  1.01813078e-01  5.73905051e-01  2.61757702e-01
  1.01998515e-01  5.32067418e-01  1.17770312e-02 -7.19606280e-01
 -3.07098925e-01  2.34142035e-01 -3.88557136e-01  5.45258462e-01
  3.11125308e-01  6.45825028e-01  4.71418239e-02  5.32802224e-01
  3.87044191e-01 -3.84281948e-02  6.05842378e-03 -1.84927061e-01
 -7.92526752e-02  2.98224181e-01  6.68091416e-01  3.04943085e-01
  2.76624531e-01  2.43416756e-01 -2.80041784e-01  3.93905073e-01
  1.69157777e-02  1.56918496e-01  3.21291775e-01  4.25111175e-01
 -3.54684651e-01 -1.95974112e-01 -6.56105019e-03 -1.79668605e-01
 -6.91111326e-01 -3.04593015e-02  3.63923818e-01  5.77213317e-02
  1.38374437e-02 -6.17824644e-02 -3.14596653e-01  5.75002320e-02
 -1.56237140e-01  8.46666694e-02 -2.97804344e-02  6.67660773e-01
  5.26712537e-01 -1.24667093e-01 -5.65044940e-01 -7.83725381e-02
  7.07679708e-03  5.11005819e-01  2.31497794e-01 -4.16817099e-01
 -4.20320123e-01  5.46391964e-01 -1.77787155e-01 -3.02303702e-01
  2.99235821e-01  4.87391621e-01  1.90210283e-01 -6.52332723e-01
 -1.31267652e-01  2.42344007e-01 -6.98639229e-02 -2.31751770e-01
  1.51189134e-01  3.22608203e-01 -6.72967732e-01 -2.05140516e-01
 -3.29638422e-01 -5.31659424e-01 -1.28801465e-01 -9.05934215e-01
  1.22679649e-02 -3.13087970e-01 -3.98196392e-02  1.16017498e-01
  1.16420947e-01 -4.42744583e-01  2.45429903e-01  1.89279631e-01
  5.48090458e-01  3.00165772e-01 -4.67945896e-02  2.77818576e-03
 -4.20744658e-01 -2.94364363e-01  5.25679350e-01 -7.89788589e-02
  2.41179056e-02 -5.65772176e-01 -7.64156461e-01 -1.95248082e-01
 -4.14111197e-01 -7.12515295e-01  3.46152127e-01  3.56806546e-01
  4.12776113e-01 -1.85369641e-01  4.51021165e-01 -4.17513460e-01
  1.34009952e-02  9.45235640e-02 -3.25989783e-01 -5.00334203e-01
 -6.87770367e-01  4.15633649e-01 -4.14894640e-01 -5.54629683e-01
  5.33082902e-01  7.36215115e-01 -6.05679035e-01 -4.70431417e-01
 -3.47102076e-01 -2.91393191e-01 -4.87988621e-01 -7.91056752e-02
 -1.52726322e-01  5.10874569e-01  2.99910396e-01  2.17180923e-01
  1.67730004e-01 -1.34261295e-01 -3.61462682e-01 -5.50509512e-01
  5.57986081e-01  3.14915031e-01 -1.14077568e-01 -4.31632288e-02
 -1.66878581e-01 -2.22636476e-01 -8.76133382e-01  3.56135458e-01
  1.66203454e-01  2.31309414e-01  3.39711964e-01  4.53466266e-01
  7.04250395e-01 -6.99137092e-01 -9.77260768e-02  3.35215628e-01
  2.90630013e-01  2.74315983e-01 -2.03353792e-01 -1.72365248e-01
 -8.64004731e-01  4.59424704e-01 -3.34643215e-01  2.34503314e-01
  8.86781588e-02 -3.82791430e-01  2.81619161e-01 -3.25470835e-01
 -3.26316893e-01  1.01723537e-01 -1.84479102e-01  1.15822263e-01
 -1.19098097e-01 -3.66676480e-01  1.75667003e-01 -4.54066694e-03
 -1.10253058e-01 -2.17340104e-02 -1.46190688e-01 -1.67545393e-01
  5.46591878e-01 -1.14716083e-01  3.25182259e-01  7.42973536e-02
 -1.25379455e+00  1.44153893e-01 -5.99849164e-01  9.84874368e-02
  6.86569154e-01  9.54359174e-02 -1.19657964e-02  7.81981423e-02
  1.66727483e-01  1.51386037e-01  9.79283154e-02 -5.02373099e-01
  5.60054541e-01 -7.06957057e-02  2.47862823e-02 -1.92125607e-02
  5.46874344e-01  6.66625321e-01  1.50740087e-01  1.33988649e-01
 -9.05893072e-02  5.73347569e-01  1.00745134e-01 -1.63917989e-01
 -1.30797774e-01  1.11221917e-01  4.73478079e-01 -4.64152880e-02
 -2.10045022e-03 -4.98632759e-01 -3.16165417e-01  1.27706796e-01
 -5.95438004e-01  3.21493149e-01  2.71850109e-01 -3.45778286e-01
  3.64198029e-01  2.73863345e-01 -9.64826122e-02 -3.16955984e-01
 -2.69187093e-01  4.47824776e-01 -8.51844132e-01 -1.73871264e-01
 -2.50654608e-01 -4.87087756e-01 -1.00906551e-01 -1.73168510e-01
 -3.78765255e-01  3.18785340e-01 -4.10436332e-01  7.24791884e-02
 -1.77745581e-01 -9.74716023e-02 -2.07787566e-02  2.08218724e-01
 -3.10959905e-01 -1.18311179e+00 -1.88875608e-02  1.99798986e-01
  5.48037291e-01 -1.68579504e-01  2.90980577e-01 -1.58854038e-01
  5.08575857e-01  5.81818163e-01 -4.95408848e-02 -1.91274844e-02
 -1.03957481e+01 -3.64851475e-01 -1.69960961e-01 -5.69442451e-01
 -2.48629868e-01  2.23875627e-01  8.74860346e-01  2.19626017e-02
 -4.87221062e-01  6.39231741e-01 -4.14543189e-02  7.79987991e-01
  2.67817110e-01  8.79665732e-01 -4.30224031e-01 -1.82397708e-01
  6.82664931e-01 -1.67242646e-01  3.25068265e-01  2.80352652e-01
  1.03585653e-01 -5.12652814e-01  4.77270216e-01  4.91865367e-01
 -7.21673071e-02 -7.07749665e-01 -4.30587590e-01  5.41725218e-01
 -2.96124399e-01  5.25842845e-01 -3.64319861e-01  7.31131613e-01
 -1.22682653e-01  6.11600101e-01 -3.01570147e-01 -2.19101459e-01
  1.33309349e-01  6.02326915e-02  3.46776336e-01  3.63430768e-01
  3.49481881e-01  2.82120168e-01  1.82673723e-01 -3.56274724e-01
  2.11686224e-01  8.05666298e-02  3.65479618e-01  3.22925955e-01
  6.22707546e-01  4.20425951e-01  2.00688526e-01 -3.78806531e-01
 -3.61131430e-02  6.80233315e-02  6.17180951e-03 -2.93460220e-01
  3.81616130e-02 -6.99855387e-01 -3.73764873e-01 -2.71740347e-01
  5.42073905e-01 -1.98461041e-01  2.19437405e-01  4.79096591e-01
 -2.03483433e-01 -6.42513633e-02  2.12867439e-01  3.90677452e-01
 -3.27794224e-01 -1.68550581e-01  5.94593525e-01  1.77362993e-01
  7.63745904e-02  5.21458805e-01 -4.54223394e-01  2.04354689e-01
 -1.27189517e-01  3.58935744e-02  6.77352428e-01  5.00895595e-03
  3.62008691e-01  5.19858718e-01  7.54419044e-02  7.71235645e-01
 -8.36303294e-01 -2.85395179e-02 -6.94998428e-02  2.66399592e-01
  4.98742461e-02 -4.34731364e-01  8.65727961e-02  3.08061212e-01
 -2.45130941e-01  2.33193971e-02  6.83282137e-01 -1.55321196e-01
  1.30864024e-01  2.32385352e-01  7.07895517e-01 -2.66293347e-01]"
タ,"[-2.99661551e-02  2.35579774e-01  2.16267854e-01 -4.62301165e-01
  1.46502957e-01  1.59057260e-01  4.88843143e-01  3.43817882e-02
  2.31429592e-01 -4.75955218e-01  9.65501428e-01  1.44587487e-01
 -3.04416180e-01  2.18970031e-01  5.76633871e-01 -7.43149146e-02
  1.22966498e-01 -2.05837458e-01  3.06487232e-01 -6.46916866e-01
 -4.75787103e-01 -4.26514417e-01 -3.73811781e-01  3.08984555e-02
  1.09216664e-02 -2.93104202e-01 -3.61434907e-01 -5.65030053e-02
  3.21628079e-02 -3.50589812e-01 -1.99837789e-01 -4.79252517e-01
 -1.99252479e-02  6.12472259e-02 -1.20409250e-01  6.15912259e-01
  1.48660764e-01 -7.46806189e-02 -2.11993039e-01 -2.97742337e-01
  1.13387346e-01 -1.35826588e-01 -6.36355281e-01 -4.45344567e-01
 -2.16307081e-02  6.85872316e-01  2.61787891e-01  1.03010170e-01
  2.79183775e-01  4.58381362e-02 -3.35032940e-01  5.32670803e-02
  1.20524228e-01 -1.07789263e-01 -1.40848160e-01  2.16222078e-01
  2.49952212e-01 -2.18029901e-01  1.12820625e-01  5.73501959e-02
 -7.49453455e-02 -1.90446988e-01  1.85510695e-01 -2.76439339e-01
 -1.08943269e-01 -2.89292574e-01 -1.85147242e-03 -1.42507613e-01
  3.78167368e-02 -5.24221301e-01  1.77446336e-01  5.51392175e-02
  1.34303674e-01 -2.22959772e-01  5.37544012e-01 -6.02257848e-01
  1.93570793e-01 -5.20524643e-02  5.09709895e-01 -1.05174385e-01
 -8.81144702e-02  3.53035271e-01 -1.23251960e-01 -1.02641988e+00
  2.46412903e-01  6.85964823e-02 -4.19943005e-01 -6.87328100e-01
  4.39353973e-01 -2.58307606e-01  1.43659532e-01 -1.16709851e-01
  1.21523656e-01  2.03724787e-01 -1.73979446e-01 -3.89984041e-01
  1.05054297e-01 -4.06380087e-01 -2.28427779e-02  9.06861573e-02
 -1.99103817e-01 -1.66494742e-01  2.53965884e-01 -8.31622109e-02
 -2.95609951e-01  7.66281486e-02 -1.89088240e-01  2.16593280e-01
 -1.05295256e-02  1.92863315e-01 -2.46624053e-01 -7.36581922e-01
 -6.68454885e-01  1.53523594e-01  1.62854731e-01  1.69706754e-02
 -4.62951362e-01  3.33336711e-01 -2.92251855e-01  3.58274668e-01
  3.38005960e-01  4.42474961e-01 -2.91267037e-01 -3.03502560e-01
 -3.53537560e-01  3.23735535e-01  2.82929122e-01 -9.15389434e-02
 -1.75312623e-01 -4.67682272e-01  1.64385363e-01  1.34649038e-01
 -4.42312837e-01  9.67956036e-02 -1.39187291e-01  6.48608625e-01
 -3.97078618e-02 -1.59846812e-01 -2.53886968e-01 -6.38386071e-01
  7.89156705e-02 -8.54528099e-02  2.54754603e-01  9.89833549e-02
 -3.24334204e-01  1.43080607e-01 -2.32915238e-01 -3.56462330e-01
  1.02784388e-01  2.76890486e-01 -3.18893880e-01  8.76443386e-01
 -2.85117447e-01  6.30542263e-02  5.69943249e-01  3.91576618e-01
 -3.98441225e-01  2.92969435e-01  2.51048923e-01  3.46937567e-01
  4.38345283e-01 -2.63639092e-01  1.75802618e-01  6.37234390e-01
  6.20617568e-02  4.89996850e-01  2.63442606e-01  1.88494578e-01
  1.00585274e-01  5.90886295e-01  5.55005610e-01  7.33949602e-01
  3.01001310e-01 -3.43335152e-01  5.00806533e-02  2.68896341e-01
  4.46986854e-01  2.31619105e-01  3.13695908e-01 -5.93590736e-01
 -6.11111848e-03 -2.24852040e-01  2.15833895e-02 -6.38685599e-02
  2.72835732e-01 -3.05014640e-01 -1.88641906e-01  4.10682037e-02
 -1.33700579e-01 -1.17594734e-01  1.64533272e-01 -3.79234791e-01
 -1.36827324e-02 -4.53405052e-01 -1.51211515e-01 -7.35498369e-01
  2.08937928e-01 -2.01926902e-01 -1.95111409e-01  6.64365649e-01
 -8.06749389e-02  1.93651304e-01 -1.68233156e-01 -5.78627706e-01
 -8.63688767e-01 -5.78569829e-01 -1.07736632e-01  7.04155922e-01
  5.88181317e-01 -7.45659769e-02  1.79060221e-01  5.25111556e-01
  2.50659406e-01  4.12462294e-01  1.57410830e-01  3.48495960e-01
 -3.53809148e-01 -4.02734399e-01  5.56166053e-01 -3.23269120e-03
 -5.00005744e-02 -5.67764267e-02  5.39637566e-01  2.04771265e-01
 -2.07519755e-01  5.01338005e-01  2.38741606e-01  1.70733929e-01
  6.99376762e-02  7.66363382e-01  1.18161114e-02 -5.86142182e-01
 -8.61167014e-01 -1.38440445e-01 -6.18503392e-01  2.19616920e-01
 -4.59072590e-01  6.19849443e-01 -4.46947105e-03  2.17116296e-01
  3.87898088e-01 -2.12497994e-01  1.40855059e-01 -7.15549588e-01
 -2.68750787e-01 -6.20127320e-02  1.47290947e-02 -8.14034939e-02
 -1.75518453e-01  2.29930595e-01 -6.10323489e-01 -6.31057501e-01
  1.71859533e-01 -4.53166574e-01  7.35765338e-01  2.59308606e-01
  1.98752582e-01 -1.23523995e-01  3.81315440e-01  5.03578298e-02
 -1.35161996e-01 -7.68967330e-01  3.92617434e-01 -6.43246844e-02
 -4.20342356e-01 -2.33181566e-02 -8.91819522e-02 -5.95490873e-01
 -4.39379811e-01 -3.94754142e-01 -1.84425384e-01 -3.75927567e-01
 -5.30730367e-01  2.09036112e-01 -1.57520652e-01  7.15329424e-02
 -1.29061699e-01  4.82911676e-01 -4.35601532e-01  2.91576117e-01
 -7.29819953e-01  3.35105658e-01 -6.40949190e-01 -9.48633403e-02
 -6.31974414e-02 -3.41346890e-01 -4.44250852e-01 -3.95514250e-01
 -1.38266921e-01  5.76125264e-01  2.62405366e-01 -1.72705904e-01
 -5.69435418e-01  1.49088740e-01 -2.58043766e-01  1.36819229e-01
  4.62164849e-01  1.36330351e-01 -1.63418509e-03  3.11880618e-01
  4.15723115e-01 -1.28348678e-01  2.41879076e-02 -1.07980743e-01
 -1.69175193e-02 -8.13083231e-01 -6.53277189e-02 -1.74520656e-01
  3.46210748e-01 -3.70300412e-01 -1.86801478e-01  6.85641587e-01
 -4.23173457e-01  5.92816889e-01  1.72281384e-01  2.52265394e-01
 -1.44581926e+00  3.85023117e-01  1.90219432e-01  2.97844350e-01
  8.77886042e-02  1.45401657e-01  1.11027993e-01 -5.74938990e-02
 -6.78434014e-01 -7.60268331e-01  7.41028190e-01  4.46878314e-01
 -2.33668759e-01  2.00399145e-01  4.54014122e-01 -1.06233016e-01
  2.08326623e-01 -2.76969552e-01 -3.36054385e-01  3.22804064e-01
  4.57792461e-01 -4.67718914e-02  2.76760478e-03 -4.14963007e-01
 -6.25007808e-01  5.21641970e-01  1.65115684e-01 -3.09191048e-02
 -8.05808425e-01 -3.20819281e-02  5.92415571e-01  8.43997777e-01
  3.92516553e-01  6.69855714e-01  2.77556330e-01 -3.47468078e-01
  5.76897085e-01  5.22862792e-01  4.86821592e-01  3.57853249e-02
  1.69018611e-01 -3.01421285e-01  4.69983786e-01  2.59584159e-01
 -1.95665166e-01 -5.30209802e-02  3.26360971e-01  3.86536181e-01
 -4.39108610e-01 -8.63753352e-03  6.73512280e-01 -5.43981791e-02
  3.62797439e-01  5.08806467e-01  8.52006793e-01  9.19913948e-02
 -1.24715783e-01 -4.45874661e-01  3.89481150e-02 -4.72150475e-01
 -4.64070290e-02  2.49437928e-01  6.43545926e-01  1.80078059e-01
 -3.93484175e-01 -4.67068553e-01 -3.88526499e-01 -4.55216765e-01
  2.36079320e-01 -3.04135948e-01 -5.05308151e-01  1.08156547e-01
 -3.48840982e-01 -2.52555817e-01  5.02934605e-02  2.95357853e-01
  4.80964005e-01 -4.88614053e-01 -2.77517438e-01  1.84798762e-01
 -1.73088774e-01 -9.53997746e-02  1.68650150e-01  6.75341263e-02
 -2.79203564e-01 -3.37671582e-03 -3.07510078e-01 -4.16349381e-01
 -1.23659872e-01 -1.28648296e-01 -7.28284359e-01  3.61377001e-01
 -3.37164178e-02  3.18481117e-01 -1.11765340e-01  2.12363601e-01
 -5.79021797e-02 -6.12405641e-03 -6.83400095e-01  2.51117557e-01
 -5.14046490e-01  5.09802341e-01  2.02501014e-01  3.70196730e-01
  2.70219278e-02  2.29741096e-01 -1.73004437e-02  2.23613024e-01
 -5.74088037e-01  1.03956148e-01 -3.94132435e-01 -1.11431397e-01
  5.26212454e-01 -6.53336525e-01  3.76909375e-01  1.18666455e-01
 -5.49459457e-01  7.20542371e-01 -3.26295465e-01  2.80928705e-02
 -1.27219662e-01  3.66679519e-01 -4.74165112e-01  1.33520305e-01
  5.62403500e-01  8.15480411e-01 -3.18196118e-01  4.57316011e-01
  2.00192392e-01 -1.78305805e-01  5.11981130e-01 -3.31428885e-01
  4.66658995e-02  6.66111999e-04  9.05242860e-02  4.37036812e-01
  1.26744494e-01  4.23158169e-01  2.31924251e-01 -5.15421033e-02
  2.10968688e-01  1.31144881e-01  3.46457288e-02  2.26193637e-01
 -4.26744789e-01 -5.13709113e-02 -1.42823681e-02 -1.93165302e-01
  1.01279892e-01 -5.32419123e-02  6.21730506e-01  2.30820462e-01
  3.73899966e-01 -3.55054617e-01 -5.41763544e-01 -3.83245200e-01
 -9.60799813e-01  1.31556511e-01 -7.90663213e-02 -1.63276196e-02
  6.90846264e-01  5.88578545e-02 -7.22112656e-01  2.35836729e-01
  2.72128489e-02  2.91976184e-01  4.03083205e-01 -2.15442598e-01
  7.09559470e-02  3.98972124e-01 -1.26126707e-01  1.62863761e-01
  1.12107601e-02 -3.19076516e-02 -1.29413649e-01 -7.25190401e-01
 -7.46306777e-02  9.69066843e-03 -1.38259888e-01  4.86339219e-02
 -4.86963317e-02  5.17931938e-01 -3.24877322e-01 -4.77065593e-01
 -2.66946048e-01 -9.78841260e-02 -1.59749001e-01 -5.27204216e-01
 -8.82906318e-02 -2.66705990e-01 -3.70777920e-02  5.53722858e-01
  1.26212314e-01 -1.79925904e-01  3.51804793e-01  8.11239600e-01
  3.29001725e-01 -2.76133955e-01 -1.77328452e-01  2.83513945e-02
 -2.39449125e-02  1.81579497e-02  3.36701691e-01  1.05576985e-01
 -5.92071339e-02 -2.49660667e-02 -6.41791821e-01 -3.77359599e-01
 -4.98495139e-02 -1.00686407e+00  7.86765099e-01  1.42199829e-01
  3.27162951e-01 -5.91947615e-01 -4.25616086e-01 -5.56285195e-02
 -9.50140357e-02  6.57174364e-02  3.92176419e-01  2.68515050e-01
 -4.43358719e-01 -1.54498905e-01 -6.50962949e-01 -7.22716451e-01
  2.66091764e-01  5.06580889e-01 -4.47363377e-01  7.18003884e-02
  3.01400125e-01  9.06874165e-02 -8.54358301e-02 -1.14973076e-01
 -2.02326894e-01 -3.82802844e-01  3.16183567e-01  3.47123623e-01
  2.67594904e-01  3.91975075e-01  1.17510473e-02  3.49306107e-01
  4.06838328e-01  6.52106583e-01  6.77609265e-01  2.06728265e-01
 -2.95980304e-01 -3.38719860e-02 -3.01791042e-01  2.97948092e-01
  3.51940691e-01 -6.79865256e-02 -8.16438615e-01  1.29637510e-01
  3.59595239e-01 -4.22446281e-01  3.53436232e-01  4.15180892e-01
  4.23547804e-01  5.95414937e-01 -3.82038802e-01 -7.82274976e-02
 -7.61259735e-01  1.75590232e-01  1.18746981e-01  2.82905460e-03
 -3.04479867e-01  3.16141918e-02  9.14571509e-02 -4.56850737e-01
 -2.21329153e-01  2.10730210e-01  2.45994300e-01  1.57623172e-01
  3.49374592e-01 -4.12948579e-01  5.97092390e-01  4.30367559e-01
 -2.68079549e-01 -2.92229682e-01 -1.48793817e-01  2.31118336e-01
  4.30457860e-01  1.59084797e-01  3.57093871e-01 -3.77342790e-01
 -8.44543278e-01 -2.18009446e-02 -1.30999135e-02  2.65737385e-01
  7.06270576e-01 -8.16599965e-01 -4.97601070e-02  5.13370395e-01
  8.08049083e-01 -5.22131585e-02 -2.97910810e-01 -5.25259852e-01
 -1.88427538e-01 -1.35287687e-01 -3.31186384e-01  3.62425178e-01
  4.46477719e-02  5.87640524e-01 -3.18144932e-02 -1.16054967e-01
 -1.95367426e-01  8.12337279e-01  4.07300919e-01  6.72218297e-03
  2.08169505e-01  3.49424258e-02 -4.43483621e-01 -7.18753934e-02
  2.72153318e-01 -3.70367467e-01 -1.54869959e-01  1.74514607e-01
 -3.93838197e-01 -1.14709832e-01 -1.86655268e-01 -5.02172261e-02
  3.51100236e-01 -1.54087305e-01 -4.24016178e-01 -3.41828108e-01
 -5.34637272e-02  3.64018321e-01 -8.19524467e-01 -1.77215248e-01
 -2.28437096e-01  1.85579330e-01  4.22203019e-02 -1.65699080e-01
 -4.80414540e-01 -5.62826455e-01 -4.52997953e-01  1.40648350e-01
  1.40121818e-01 -4.81932133e-01  4.71815914e-01  1.96079716e-01
 -1.48388878e-01 -1.19142509e+00  4.96811807e-01  1.02793932e-01
  7.11098373e-01 -2.55843937e-01  3.21620345e-01 -1.03126299e-02
  1.24622777e-01 -1.62571281e-01 -4.50742304e-01  6.66210949e-01
 -1.04435930e+01 -3.57222646e-01 -5.08106053e-01 -1.70224175e-01
 -3.90432179e-01  4.77056652e-01  1.89552546e-01  4.22308922e-01
 -4.48839180e-03 -6.46698475e-02  6.86290264e-02  1.07366987e-01
  1.40162811e-01  1.49776787e-01 -2.20811665e-01 -7.43995681e-02
 -3.73730332e-01 -2.49499276e-01 -6.55974090e-01 -6.84830919e-02
  1.96705148e-01 -3.56589913e-01  2.96620339e-01  3.35487694e-01
  1.99687496e-01  7.04082847e-02  3.58760089e-01  5.80973513e-02
 -3.10387552e-01  5.27437508e-01 -9.37580168e-02  2.01940879e-01
 -1.02422178e-01  2.93562889e-01 -5.40420711e-01  2.52985451e-02
  9.93592367e-02 -1.66584421e-02 -2.29644433e-01  5.84807038e-01
  2.08952114e-01  4.40937787e-01  3.92607786e-02 -2.71267653e-01
  3.37653905e-01  3.44211668e-01  2.34188393e-01 -8.45958963e-02
  4.30568844e-01  7.24609494e-02  8.71606618e-02 -1.99142188e-01
 -1.00829452e-01  3.45502868e-02  1.31053835e-01 -3.51088084e-02
  3.42283726e-01 -8.66864383e-01 -1.78458676e-01 -9.74012390e-02
  2.31044665e-01  8.35519806e-02  1.22753024e+00  3.87448698e-01
  5.01337796e-02  2.66884863e-01  2.13528678e-01  2.18898375e-02
 -4.01895314e-01 -3.08612972e-01  4.91428465e-01  2.12013632e-01
 -2.32747510e-01  1.83431536e-01 -8.17566887e-02  5.74736416e-01
  3.35067958e-01  1.57740995e-01  2.36426964e-01  1.89588703e-02
  5.00497401e-01  1.82547957e-01  5.91266863e-02  2.70417303e-01
 -7.46211171e-01  2.68312404e-03  3.72308880e-01  1.89852014e-01
  4.80819434e-01 -5.40397644e-01  6.07325137e-01 -3.68746966e-01
 -2.22947985e-01  4.32999194e-01  3.82213861e-01  5.22193760e-02
  4.58044559e-02  1.62065029e-01  4.00699943e-01 -5.65884411e-02]"
