Mora,Feature_0,Feature_1,Feature_2,Feature_3,Feature_4,Feature_5,Feature_6,Feature_7,Feature_8,Feature_9,Feature_10,Feature_11,Feature_12,Feature_13,Feature_14,Feature_15,Feature_16,Feature_17,Feature_18,Feature_19,Feature_20,Feature_21,Feature_22,Feature_23,Feature_24,Feature_25,Feature_26,Feature_27,Feature_28,Feature_29,Feature_30,Feature_31,Feature_32,Feature_33,Feature_34,Feature_35,Feature_36,Feature_37,Feature_38,Feature_39,Feature_40,Feature_41,Feature_42,Feature_43,Feature_44,Feature_45,Feature_46,Feature_47,Feature_48,Feature_49,Feature_50,Feature_51,Feature_52,Feature_53,Feature_54,Feature_55,Feature_56,Feature_57,Feature_58,Feature_59,Feature_60,Feature_61,Feature_62,Feature_63,Feature_64,Feature_65,Feature_66,Feature_67,Feature_68,Feature_69,Feature_70,Feature_71,Feature_72,Feature_73,Feature_74,Feature_75,Feature_76,Feature_77,Feature_78,Feature_79,Feature_80,Feature_81,Feature_82,Feature_83,Feature_84,Feature_85,Feature_86,Feature_87,Feature_88,Feature_89,Feature_90,Feature_91,Feature_92,Feature_93,Feature_94,Feature_95,Feature_96,Feature_97,Feature_98,Feature_99,Feature_100,Feature_101,Feature_102,Feature_103,Feature_104,Feature_105,Feature_106,Feature_107,Feature_108,Feature_109,Feature_110,Feature_111,Feature_112,Feature_113,Feature_114,Feature_115,Feature_116,Feature_117,Feature_118,Feature_119,Feature_120,Feature_121,Feature_122,Feature_123,Feature_124,Feature_125,Feature_126,Feature_127,Feature_128,Feature_129,Feature_130,Feature_131,Feature_132,Feature_133,Feature_134,Feature_135,Feature_136,Feature_137,Feature_138,Feature_139,Feature_140,Feature_141,Feature_142,Feature_143,Feature_144,Feature_145,Feature_146,Feature_147,Feature_148,Feature_149,Feature_150,Feature_151,Feature_152,Feature_153,Feature_154,Feature_155,Feature_156,Feature_157,Feature_158,Feature_159,Feature_160,Feature_161,Feature_162,Feature_163,Feature_164,Feature_165,Feature_166,Feature_167,Feature_168,Feature_169,Feature_170,Feature_171,Feature_172,Feature_173,Feature_174,Feature_175,Feature_176,Feature_177,Feature_178,Feature_179,Feature_180,Feature_181,Feature_182,Feature_183,Feature_184,Feature_185,Feature_186,Feature_187,Feature_188,Feature_189,Feature_190,Feature_191,Feature_192,Feature_193,Feature_194,Feature_195,Feature_196,Feature_197,Feature_198,Feature_199,Feature_200,Feature_201,Feature_202,Feature_203,Feature_204,Feature_205,Feature_206,Feature_207,Feature_208,Feature_209,Feature_210,Feature_211,Feature_212,Feature_213,Feature_214,Feature_215,Feature_216,Feature_217,Feature_218,Feature_219,Feature_220,Feature_221,Feature_222,Feature_223,Feature_224,Feature_225,Feature_226,Feature_227,Feature_228,Feature_229,Feature_230,Feature_231,Feature_232,Feature_233,Feature_234,Feature_235,Feature_236,Feature_237,Feature_238,Feature_239,Feature_240,Feature_241,Feature_242,Feature_243,Feature_244,Feature_245,Feature_246,Feature_247,Feature_248,Feature_249,Feature_250,Feature_251,Feature_252,Feature_253,Feature_254,Feature_255,Feature_256,Feature_257,Feature_258,Feature_259,Feature_260,Feature_261,Feature_262,Feature_263,Feature_264,Feature_265,Feature_266,Feature_267,Feature_268,Feature_269,Feature_270,Feature_271,Feature_272,Feature_273,Feature_274,Feature_275,Feature_276,Feature_277,Feature_278,Feature_279,Feature_280,Feature_281,Feature_282,Feature_283,Feature_284,Feature_285,Feature_286,Feature_287,Feature_288,Feature_289,Feature_290,Feature_291,Feature_292,Feature_293,Feature_294,Feature_295,Feature_296,Feature_297,Feature_298,Feature_299,Feature_300,Feature_301,Feature_302,Feature_303,Feature_304,Feature_305,Feature_306,Feature_307,Feature_308,Feature_309,Feature_310,Feature_311,Feature_312,Feature_313,Feature_314,Feature_315,Feature_316,Feature_317,Feature_318,Feature_319,Feature_320,Feature_321,Feature_322,Feature_323,Feature_324,Feature_325,Feature_326,Feature_327,Feature_328,Feature_329,Feature_330,Feature_331,Feature_332,Feature_333,Feature_334,Feature_335,Feature_336,Feature_337,Feature_338,Feature_339,Feature_340,Feature_341,Feature_342,Feature_343,Feature_344,Feature_345,Feature_346,Feature_347,Feature_348,Feature_349,Feature_350,Feature_351,Feature_352,Feature_353,Feature_354,Feature_355,Feature_356,Feature_357,Feature_358,Feature_359,Feature_360,Feature_361,Feature_362,Feature_363,Feature_364,Feature_365,Feature_366,Feature_367,Feature_368,Feature_369,Feature_370,Feature_371,Feature_372,Feature_373,Feature_374,Feature_375,Feature_376,Feature_377,Feature_378,Feature_379,Feature_380,Feature_381,Feature_382,Feature_383,Feature_384,Feature_385,Feature_386,Feature_387,Feature_388,Feature_389,Feature_390,Feature_391,Feature_392,Feature_393,Feature_394,Feature_395,Feature_396,Feature_397,Feature_398,Feature_399,Feature_400,Feature_401,Feature_402,Feature_403,Feature_404,Feature_405,Feature_406,Feature_407,Feature_408,Feature_409,Feature_410,Feature_411,Feature_412,Feature_413,Feature_414,Feature_415,Feature_416,Feature_417,Feature_418,Feature_419,Feature_420,Feature_421,Feature_422,Feature_423,Feature_424,Feature_425,Feature_426,Feature_427,Feature_428,Feature_429,Feature_430,Feature_431,Feature_432,Feature_433,Feature_434,Feature_435,Feature_436,Feature_437,Feature_438,Feature_439,Feature_440,Feature_441,Feature_442,Feature_443,Feature_444,Feature_445,Feature_446,Feature_447,Feature_448,Feature_449,Feature_450,Feature_451,Feature_452,Feature_453,Feature_454,Feature_455,Feature_456,Feature_457,Feature_458,Feature_459,Feature_460,Feature_461,Feature_462,Feature_463,Feature_464,Feature_465,Feature_466,Feature_467,Feature_468,Feature_469,Feature_470,Feature_471,Feature_472,Feature_473,Feature_474,Feature_475,Feature_476,Feature_477,Feature_478,Feature_479,Feature_480,Feature_481,Feature_482,Feature_483,Feature_484,Feature_485,Feature_486,Feature_487,Feature_488,Feature_489,Feature_490,Feature_491,Feature_492,Feature_493,Feature_494,Feature_495,Feature_496,Feature_497,Feature_498,Feature_499,Feature_500,Feature_501,Feature_502,Feature_503,Feature_504,Feature_505,Feature_506,Feature_507,Feature_508,Feature_509,Feature_510,Feature_511,Feature_512,Feature_513,Feature_514,Feature_515,Feature_516,Feature_517,Feature_518,Feature_519,Feature_520,Feature_521,Feature_522,Feature_523,Feature_524,Feature_525,Feature_526,Feature_527,Feature_528,Feature_529,Feature_530,Feature_531,Feature_532,Feature_533,Feature_534,Feature_535,Feature_536,Feature_537,Feature_538,Feature_539,Feature_540,Feature_541,Feature_542,Feature_543,Feature_544,Feature_545,Feature_546,Feature_547,Feature_548,Feature_549,Feature_550,Feature_551,Feature_552,Feature_553,Feature_554,Feature_555,Feature_556,Feature_557,Feature_558,Feature_559,Feature_560,Feature_561,Feature_562,Feature_563,Feature_564,Feature_565,Feature_566,Feature_567,Feature_568,Feature_569,Feature_570,Feature_571,Feature_572,Feature_573,Feature_574,Feature_575,Feature_576,Feature_577,Feature_578,Feature_579,Feature_580,Feature_581,Feature_582,Feature_583,Feature_584,Feature_585,Feature_586,Feature_587,Feature_588,Feature_589,Feature_590,Feature_591,Feature_592,Feature_593,Feature_594,Feature_595,Feature_596,Feature_597,Feature_598,Feature_599,Feature_600,Feature_601,Feature_602,Feature_603,Feature_604,Feature_605,Feature_606,Feature_607,Feature_608,Feature_609,Feature_610,Feature_611,Feature_612,Feature_613,Feature_614,Feature_615,Feature_616,Feature_617,Feature_618,Feature_619,Feature_620,Feature_621,Feature_622,Feature_623,Feature_624,Feature_625,Feature_626,Feature_627,Feature_628,Feature_629,Feature_630,Feature_631,Feature_632,Feature_633,Feature_634,Feature_635,Feature_636,Feature_637,Feature_638,Feature_639,Feature_640,Feature_641,Feature_642,Feature_643,Feature_644,Feature_645,Feature_646,Feature_647,Feature_648,Feature_649,Feature_650,Feature_651,Feature_652,Feature_653,Feature_654,Feature_655,Feature_656,Feature_657,Feature_658,Feature_659,Feature_660,Feature_661,Feature_662,Feature_663,Feature_664,Feature_665,Feature_666,Feature_667,Feature_668,Feature_669,Feature_670,Feature_671,Feature_672,Feature_673,Feature_674,Feature_675,Feature_676,Feature_677,Feature_678,Feature_679,Feature_680,Feature_681,Feature_682,Feature_683,Feature_684,Feature_685,Feature_686,Feature_687,Feature_688,Feature_689,Feature_690,Feature_691,Feature_692,Feature_693,Feature_694,Feature_695,Feature_696,Feature_697,Feature_698,Feature_699,Feature_700,Feature_701,Feature_702,Feature_703,Feature_704,Feature_705,Feature_706,Feature_707,Feature_708,Feature_709,Feature_710,Feature_711,Feature_712,Feature_713,Feature_714,Feature_715,Feature_716,Feature_717,Feature_718,Feature_719,Feature_720,Feature_721,Feature_722,Feature_723,Feature_724,Feature_725,Feature_726,Feature_727,Feature_728,Feature_729,Feature_730,Feature_731,Feature_732,Feature_733,Feature_734,Feature_735,Feature_736,Feature_737,Feature_738,Feature_739,Feature_740,Feature_741,Feature_742,Feature_743,Feature_744,Feature_745,Feature_746,Feature_747,Feature_748,Feature_749,Feature_750,Feature_751,Feature_752,Feature_753,Feature_754,Feature_755,Feature_756,Feature_757,Feature_758,Feature_759,Feature_760,Feature_761,Feature_762,Feature_763,Feature_764,Feature_765,Feature_766,Feature_767
チ,-0.24597684,0.11713725,0.74256545,0.18966734,-1.4197763,-0.4911345,-2.0101805,1.040218,0.96195287,0.31709084,1.2308232,-0.07027558,-1.3832773,2.7127087,-0.17682716,0.15624914,1.08137,-0.8236908,0.30409852,-0.02614292,0.9706639,0.5220039,0.45652872,-0.93059444,0.54505277,0.4865946,1.1112015,0.21328425,0.015345044,-1.4903743,0.13741691,-0.57503754,-1.313406,-0.13663489,-0.097860046,-0.70994973,-1.7196047,1.4629452,-0.054162703,-0.7785114,-0.37822166,0.25505012,0.30873576,-0.63526773,-0.21489389,0.5366146,1.3730342,-1.1363409,1.6948112,-0.07579093,-0.9854477,-0.54891,1.3209295,1.064943,0.3480492,-0.7810114,1.5498078,0.91638696,0.008953914,-0.1783016,0.13538018,0.64867574,-0.7826954,-0.19494157,-0.034465183,0.6689617,-0.50404996,-0.092452705,0.21547556,0.040879775,-2.4798527,-1.3001504,0.19170682,1.2568535,-1.4729308,0.5429619,-0.09443314,-0.8355902,0.86983204,-0.23535796,0.16019888,-0.76628506,-0.56195647,1.3243812,-1.0670226,-1.558253,0.8528396,-1.0992229,-1.2972139,-0.67878103,-0.22926375,-1.0529926,-0.8809017,-1.1821735,1.5161558,-0.111238204,-1.1681304,-1.0811274,-1.7322896,-0.12934643,0.6319078,1.5103004,0.18735489,-0.29865766,-1.127499,0.065765396,-0.067533046,-0.46775532,-0.9077284,0.76750267,0.21222034,0.43265003,0.5237602,1.239887,0.72250855,0.9826056,-1.005103,-0.3015689,-0.9411438,0.46150428,0.9093771,0.76761913,-0.3232532,0.92482203,-0.06851718,0.782598,-0.39877456,-1.3716743,0.23047033,0.34689534,0.62752366,-0.78257877,2.280159,0.6632668,-0.82743216,-1.2219857,-0.02483518,0.65499866,0.29311475,-0.8335098,-0.1151705,0.52742606,-0.37096936,-0.16440836,0.17109874,-0.9521327,-0.547063,1.2986324,1.461374,-0.11372145,-0.1995183,-0.07106724,-1.0398595,-0.039320588,0.90485895,-0.14491916,0.15609667,-0.08052073,-0.96644896,0.9194871,-0.8623346,1.6910601,-0.89121073,0.57735807,0.24782482,0.26045436,-0.7565535,0.8457491,-1.2523314,-1.8345098,-0.5515295,-0.20459668,0.81502974,-0.44801703,0.8544737,-0.43333626,0.5395068,0.45456773,-1.0493318,-0.4554104,0.9790022,0.3315259,0.696679,1.7723383,-0.4925747,0.3271211,0.58193636,-0.08935361,1.4140961,0.79748964,0.8861046,-1.078996,0.88706017,0.87861603,1.0337245,2.8716695,0.7720131,-1.1289806,-1.3150189,1.126699,-2.1901948,-0.97086155,0.8351437,-0.94229984,1.3988521,-1.0582491,-0.63235414,1.257231,0.59083295,-0.25787085,-0.9702236,-1.1338954,1.2069219,1.0819362,-0.12520531,-0.56829095,-0.68263066,-0.07866849,-0.57212305,-0.07959733,0.68629605,0.73084867,0.010810758,1.0194957,-0.76043195,1.0549307,0.117361225,-0.028585171,0.46345347,0.54340833,-0.98599875,1.0542915,0.14976203,0.054150723,-1.0680978,0.33157724,0.102585696,1.0389999,-0.33834076,1.1369299,0.13471723,-0.4058555,0.43119186,-0.10913118,0.95504695,0.21126707,1.453689,0.3120676,-0.79919326,0.026256192,0.21089816,1.4573784,0.0129055735,0.2521313,-0.1274991,1.0551523,-0.26820713,0.39135012,-0.73524946,-0.79172176,-0.21502991,0.628952,0.43729872,-0.2161685,-0.16223335,-0.25809833,-0.93886864,0.10462739,0.08729277,-0.3451222,-0.8082112,-0.8983434,-0.8316924,-0.43972152,0.59613097,0.4953889,-0.16006091,-0.8021515,-0.8988269,1.1983762,0.61509556,-2.4675076,-0.08224096,-0.34831056,-0.51330507,0.16538234,-0.16615468,0.0476711,0.5310683,0.6905059,-1.2369282,1.0736339,-0.65133625,0.9745386,2.008104,-0.0069419146,0.5489348,-0.439528,0.6462077,-0.5593406,0.2771201,-0.20627299,-1.4500773,0.4388872,-0.676645,-0.95432454,1.062592,-0.3951013,-0.87531346,-1.1275376,-0.33371505,-0.5129302,-1.0368123,1.9323553,-2.0641408,1.7747627,-1.512353,-0.60242236,-1.1782554,0.031893145,-1.4762745,0.13321385,0.08577985,0.3240845,0.7122993,-0.40034342,0.4658692,0.4775487,0.031477045,1.1169131,-0.2842921,0.59240717,-0.88054895,-0.8608712,-0.21195833,0.5023802,-0.5466359,-1.0694212,-0.8481963,-0.52444285,0.18938828,0.031323742,-0.40096074,0.6227046,0.022586573,0.3420188,-1.0361208,-0.44789043,-0.0898934,-0.8934208,0.93296194,-0.5559564,0.9964231,-0.8729814,-0.72362494,0.2935594,-0.44815436,-0.10782689,0.1639465,2.2612476,1.0267066,0.5406853,0.58376724,0.8468073,-0.32169098,-0.77257925,1.2226932,-0.24256408,2.0687547,-0.20472565,-0.09380112,1.1376207,-0.12321718,0.48894256,-0.6746993,-0.09646009,2.1186488,0.21395893,-0.65353155,-0.05568508,-0.3574365,-0.048371643,0.45524883,0.17558023,-0.02390864,-0.094303764,0.70724785,0.63471735,-1.226177,-1.641671,0.015767967,0.32874054,1.1867979,0.86860454,0.8998291,-0.030099547,-0.99925405,-1.3345368,0.26810238,1.5173398,0.56762946,0.89013493,-1.6035839,0.1119902,0.2155017,0.4453605,-1.5165386,-1.6813085,1.5394076,0.537264,0.30406561,1.4397334,0.027972335,-1.9647862,-1.025681,0.16994493,-0.1524256,-1.0931337,-1.1259712,0.33999145,-0.438694,0.831354,1.5682284,0.7536963,0.26063973,-0.84145147,0.2171754,-0.19080241,-0.43368655,-0.15041366,-0.49933082,0.6866362,-1.3092036,-0.63247484,0.6255508,-1.5301664,0.8991712,-0.3849879,0.07574426,0.07869916,-0.016130816,-0.80314094,-0.15122211,0.45899516,-0.89419174,-0.44638148,0.2890141,-1.3967125,-1.4505249,0.6645414,1.0782915,-0.9206735,0.51172245,0.24580815,0.30252212,0.45350924,0.023063337,-0.75838494,0.11448725,-0.68627226,-0.24298544,-0.9056748,-1.4625565,-0.25748932,1.1030318,-1.3585314,-1.007061,1.0114148,0.28143585,-1.8974931,-1.01714,-0.54999053,-0.25946254,0.45314613,0.8604635,0.07414411,-0.36119357,-1.4908483,-0.16815737,-0.033871472,-0.22398177,-0.15207426,-0.07255863,0.15157087,0.07688888,0.89474756,2.2468154,0.51154435,1.6196105,1.3978307,0.5081343,-0.6835197,0.49322063,-0.38513225,-0.5741986,-0.004293549,-1.3338162,-0.97247696,0.5260522,0.2328322,-0.90650785,-0.06941334,1.0774566,-0.34379917,-0.40528497,0.34123033,0.60834605,1.5521443,1.1555593,1.4746101,-0.04983554,-0.09552995,-0.06130605,0.382045,-1.5699522,-1.0336542,0.50805634,0.7161616,1.773021,-0.36969078,0.3353262,0.45616347,-1.1098769,-0.686413,0.33165315,0.39631405,-0.19094065,-0.5816277,0.53631,-1.1701863,0.4795372,-1.7369902,0.4522399,0.36690563,0.8500757,-0.10427306,0.5765118,0.21647815,0.34492335,-1.3663168,0.1717015,0.9816548,2.138454,0.315579,-0.535161,0.4240316,0.049228657,-1.7318337,-0.12745377,-1.3687278,-0.8489383,-0.18776324,-0.059090745,-0.45716572,-1.1755521,-0.7347038,1.7057607,0.40200895,0.50367856,0.2620767,-0.92075807,0.9983696,0.3919526,-0.8308234,1.3566673,0.17025068,-1.3454556,0.73364097,-1.7787921,1.127838,-0.5060477,0.79977834,1.5464454,0.39149737,-0.2923328,1.5841535,-1.3091086,0.44217238,-0.6265789,0.82079107,-0.88884676,0.95690596,-1.4231484,0.9832969,-1.662076,-0.21769038,-0.086124495,0.7222644,-0.91914237,0.16782004,-0.38852078,0.36718363,0.26522607,-0.6391114,0.9259327,2.0563836,-0.2938977,-1.2873657,0.762986,0.11907388,-0.63691026,-0.61826974,2.2453976,0.26845008,1.1060045,-1.2638686,-1.4204711,0.799883,0.11179213,-1.5113857,-0.5200244,-0.51331294,-0.0030531317,0.35503665,-0.547064,1.1820081,-1.0902418,0.31670672,0.60362476,-0.62419474,0.058018006,0.15820745,-0.38517064,-1.2418679,-1.3362573,0.77959526,0.54375416,-0.9078701,0.537955,0.959596,0.5088342,0.48035043,-0.2891572,-0.8745456,0.9803068,0.86451817,0.93513525,-1.2810886,-0.5936478,0.49831295,0.8335347,0.39529675,0.7498477,0.7578069,-0.18722276,-1.7387661,0.8861637,0.15706992,0.12013619,0.7497113,0.14718905,-0.9003738,0.2136341,-0.4699173,0.31288722,-0.15785079,-0.34645987,-0.26874357,-0.18446393,-0.63183916,0.67992723,-0.80253965,0.21922548,-0.15631089,0.5953182,-1.5622513,0.9811853,-0.29461384,-0.034825787,0.6286059,0.47787967,-1.7840706,-0.65061724,0.00062226056,1.3262737,0.7669568,0.01787825,-1.5663189,-0.40662402,0.9471118,0.69499016,0.050435375,0.091631904,0.13933489,-1.08166,0.010474575,-0.92533267,-0.53947335,0.21147251,0.2322164,-1.037129,1.1765149,-1.7122469,0.28575772,-0.010818022,-1.344614,-0.2245642,0.64721596,-0.15848757,2.3701696,1.0773997,-0.45075172,-0.35022554,0.78908503,1.2436864,-0.52627695,-0.40087548,-1.53548,0.9867109,1.6746477,0.47518778,-1.4746004,-0.46193677,0.11511831,-0.55354726,1.4823081,-0.33253708,-0.5593986,-0.89300376,-0.5350453,-1.3880457,-0.8712832,-0.00067690015,0.399017,-1.0142142,0.56226194,-0.32700723,-1.0484585,0.40463042,-0.8540055,-0.23430546,-0.20719965,0.8473635,0.41953564,0.7322594,0.49857512,-0.46263805,-0.17546435,-0.38313383,-1.1441052,0.67567456,-0.65925074,1.3078016,0.41910982,1.2663052,1.2573904,-0.21645336,-0.6005939,0.51615083,0.3736723,0.27275264,-0.08891996,-1.150439,-0.70176566,-0.17455061,0.011388183,1.4336011,-1.9408592,0.015381634,0.2789899,-0.18665342,-0.2634196,0.45798868,0.15625802,0.52980715,1.6634932,1.1327535,0.35837525
チ,-0.38099843,-0.53557676,0.736254,0.74739146,-1.3287001,-0.36638823,-1.715865,0.42213133,0.8977172,0.03393548,0.56121224,-0.4200132,-1.7813604,2.3153276,-0.65759987,0.26623052,1.1480191,-0.6347048,0.22537208,0.07264352,0.329661,0.41363755,0.5685195,-0.68708545,0.91478336,0.9073154,0.8418656,-0.3102051,-0.78693855,-0.8142206,-0.17456953,-0.2997688,-0.9749167,-0.19526975,0.41228747,-0.81516355,-1.7529681,1.2975053,-0.105793014,-0.8251599,-0.9399127,0.5812099,0.022163637,-0.18087426,-0.5480082,-0.029502902,1.4946275,-0.78823966,1.095017,-0.3182037,-0.9358478,-0.4816432,0.6068012,0.48386505,0.37262225,0.19093636,1.0586303,0.98404247,-0.21569094,-0.5578215,-0.041552227,0.82753307,-0.51606,0.22549619,0.09431769,0.77140975,-0.48218122,-0.5187279,0.15822364,-0.2537521,-2.7550745,-1.1009053,-0.02273471,1.4803362,-1.2437457,0.70519716,0.2136692,-0.48351642,0.61216134,-0.19800094,0.23366894,-0.23384354,-0.7601683,0.83913094,-0.97057384,-1.2285552,-0.056554694,-0.59209794,-1.1244731,-0.9556859,0.09279866,-1.7252074,-1.0909163,-0.9562343,0.8981812,0.022225432,-0.9486791,-1.102099,-1.7599525,0.059226137,0.30629337,1.4529121,-0.036972925,0.059197757,-0.7725479,-0.28535873,-0.34585053,-0.54214495,-0.4245062,0.5914328,-0.16897364,0.47677067,0.64672655,1.4886637,0.45782503,0.69729733,-1.1424307,-0.5371609,-0.768062,0.21117246,0.93311965,0.7978976,-0.5696394,0.7950575,-0.20922098,0.5363472,-0.07905802,-1.1969305,0.6782254,0.61215585,0.85637736,-0.09533927,1.9458338,0.90812886,-0.4840361,-0.4496101,-0.48501772,-0.011938996,0.3586899,-0.8872814,-0.6625149,-0.010074277,-0.02367121,0.045962486,0.14322606,-0.9418371,-0.025558118,1.0837855,1.5329299,0.35656998,0.102093205,-0.11672851,-1.2026364,0.41280943,0.6563748,-0.635302,0.36018345,0.5273651,-1.2897956,1.0780681,-0.16538304,1.6492782,-0.98403716,0.43374863,0.16527572,0.47230518,-0.18941003,0.63696945,-1.0045737,-1.8361808,-0.13524319,0.33878544,0.26221502,-0.3534301,0.41885006,-0.24839585,0.28714722,-0.061018348,-1.0974784,-0.48568413,0.95877945,0.70225567,0.27593252,1.2162908,-0.5264199,0.33375967,0.42419907,-0.22102144,1.0675012,0.22419351,1.1772671,-0.9072226,1.0205595,0.7629163,1.0150476,2.80881,0.5249486,-1.8613684,-1.137195,0.7101141,-2.1153717,-0.44541508,0.6267865,-0.7939937,1.1810411,-0.8506277,-0.928436,1.7193298,0.4244555,0.12678272,-1.318001,-1.3787739,1.2800946,1.0431848,-0.4035633,-0.09604829,-0.6289147,0.03023641,-0.2571299,-0.7010845,0.9331732,0.100425005,0.43043712,1.4329045,-0.90071815,0.6695072,0.50568604,0.076890774,-0.19711107,0.49336666,-1.1601539,0.6505322,0.35651562,-0.2721876,-0.7227962,0.21361433,-0.43235722,1.0171543,-0.6123481,0.67757535,-0.23129457,-0.705535,0.30054224,-0.34197193,0.9195907,0.5040037,1.6598337,-0.07703427,-1.4932749,-0.04539086,0.39464772,0.9990534,0.21258575,0.119548574,0.29479897,1.1629275,-0.6180193,0.19153692,-0.70177543,-0.64053416,-0.31881744,1.0772271,-0.17131189,0.50037503,0.2864106,-0.4307739,-0.78498137,0.22944689,0.014004088,-0.85782635,-0.519515,-0.59719497,-0.9184238,-0.39896363,0.9328401,0.361058,-0.3898164,-0.7796246,-0.89307445,0.55440706,0.7347497,-2.0916553,-0.27782837,-0.35089228,-1.0616415,0.5300419,0.06801118,-0.008264469,0.009524848,0.18563563,-1.1184182,0.7507067,-0.18788046,0.6888447,1.436291,-0.21586314,0.7567718,-0.51913154,0.53926784,-0.35035092,0.8292061,0.21998666,-1.1168056,0.8729023,-0.55606043,-0.3954036,0.99409527,-1.4894662,-0.8654963,-0.9105765,0.35609618,-0.22939672,-1.0897444,1.5736656,-2.3802195,1.7303705,-1.3880832,-0.6561303,-1.1785004,-0.0064020255,-1.0949725,0.15654704,0.33848825,-0.10345171,0.99927396,0.012660642,0.026216136,0.12208961,0.33904988,1.1441962,-0.32629722,0.78585523,-0.58731633,-1.544558,-0.31990469,0.7159176,-0.9487599,-1.231371,-1.2733511,-0.46738222,0.35121,-0.7354066,-0.3592018,0.699715,0.075511664,0.5481641,-0.9808499,-0.4126928,0.080596015,-0.7598118,1.0104537,-0.03985331,1.2769908,-0.56592584,-0.5481875,0.5996353,-1.6340207,-0.3840598,-0.08004327,2.0485442,0.8047457,0.5152633,0.44613755,0.34452754,-0.38831738,-0.36940214,1.3380227,-0.19588582,1.5359985,0.26098388,-0.98434174,1.1206394,-0.13996343,0.7016318,-0.42499667,0.028987845,2.2168283,-0.21536176,-0.6186533,-0.4074606,-0.09295925,0.04109049,0.103760466,0.27892622,0.42302847,0.00536062,0.9929357,1.1075835,-0.73627573,-1.413664,-0.5868538,0.51012576,0.9271863,0.8979718,1.1870174,-0.13949035,-0.6715031,-1.2574246,0.530905,1.286062,0.6071497,0.31875503,-1.6203854,0.8734915,0.015431689,0.41264302,-1.5210972,-1.4433553,1.2955803,0.45962656,0.4305792,1.655815,-0.6707084,-1.5155904,-0.67964256,0.06916511,0.015531553,-1.1639073,-1.0285387,1.1240151,-0.6449146,1.004355,1.2353275,0.45502397,0.38903663,-0.35268006,0.6144288,-0.13672896,-0.12099551,-0.16509978,-0.120520286,0.70333153,-1.3626676,-0.55775476,0.504579,-1.2967459,0.5283899,-0.5211586,-0.3201992,-0.12763274,-0.3511769,-0.7747472,-0.22898957,-0.09770218,-0.8573742,-1.0647217,0.017784787,-1.3546672,-1.6930268,1.0366292,1.213723,-1.0437834,0.3207623,0.19076964,0.20187265,0.6568101,-0.07209633,-0.16288446,0.26510918,-0.8124826,-0.12475019,-0.3748019,-0.6570723,-0.16814958,0.6967817,-1.5837568,-1.1106821,1.1717072,0.67239606,-1.6202183,-0.69491744,-0.6356635,-0.40880865,0.56911075,1.0244019,-0.07457932,-0.43522918,-0.737829,-0.30299705,-0.023039434,0.54621285,0.07494627,-0.37094122,0.2731067,0.012433264,0.63600147,1.7847601,0.22009587,1.430579,1.3058752,0.2502172,-0.60626817,0.65542305,-0.35638294,-0.265209,0.1809068,-1.1374147,-0.29485643,1.048836,-0.8519406,-0.589281,0.25489724,0.9297435,-0.5367478,-0.29444212,0.14249396,0.947512,1.1060799,1.241937,1.4459128,-0.38489664,-0.17869537,-0.5408065,0.40147126,-1.1825387,-1.41158,0.14960544,0.763451,2.0393984,-1.0370678,0.19644096,0.81572425,-0.8834158,-0.5194983,0.4627303,0.54502916,-1.0297626,-0.3759051,0.2732249,-1.2918571,0.055453826,-1.5134051,0.017485201,0.3295267,0.5350926,-0.3642647,-0.04827817,0.30125543,0.5075336,-1.2377502,0.22214825,1.0072944,1.4826758,0.21789524,-0.9478753,0.59154105,0.042005014,-1.7662725,-0.18799779,-0.96623695,-0.93144405,0.23192519,-0.07268979,-0.101040095,-1.013255,-0.7606789,1.431006,0.4511581,-0.06173102,-0.13016322,-1.0830923,1.4363766,-0.13376266,-0.54747593,1.0969964,0.8749635,-1.2756053,0.65640324,-1.526319,0.77949744,-0.5506439,0.633534,1.3334887,0.31320035,-0.48565504,1.3436685,-0.5722576,0.037508737,-0.5947498,0.7289622,-0.36648333,0.625511,-1.8893541,1.0234522,-1.4820347,-0.46291706,0.45513916,0.5601542,-0.25849608,0.1138989,-0.90165585,0.5675236,0.24188358,-0.8899408,1.3420029,1.5578594,-0.31888905,-0.8987755,0.8840268,0.25315586,-0.37971437,-0.39584124,2.5724452,0.39561158,1.2150363,-1.5565515,-0.9273476,0.7892225,-0.3039243,-0.6750343,-0.48216125,-0.57658875,0.062291153,0.39585626,-0.16831446,1.1230588,-0.95609885,0.30208993,1.0590667,-0.63352895,-0.09188156,0.42195198,-0.63044876,-1.07371,-1.3446349,0.49359068,0.74391276,-0.5698157,-0.135564,0.6162154,1.3136091,0.9804231,-0.6149325,-0.4064963,0.96653664,0.6360906,0.622655,-1.1500595,-0.9259012,0.8322207,1.0527384,0.056713622,0.83022064,0.5502309,-0.32023773,-2.0640135,1.1612746,0.5653654,0.0689468,0.8073028,0.61760485,-0.5514274,0.37341416,-0.20775111,-0.014162302,-0.35404137,-0.8251418,-0.21226045,-0.282046,-0.59143925,0.57926804,-0.6436207,0.21293974,-0.3980152,0.81737924,-1.6444283,0.7554341,-0.53362745,0.34816045,0.7494835,0.3821105,-0.99024105,-0.41093835,-0.21291938,1.5146068,0.8788438,-0.29293752,-1.2225423,-0.26282847,0.5249684,0.9257367,-0.053622946,0.15613718,0.025609322,-0.41901156,-0.5268366,-1.1978697,-0.014153898,0.2767505,0.7569073,-0.7475577,1.2724189,-1.834483,0.83186764,0.042199675,-1.1949927,0.055622533,0.23741443,-0.54548204,2.2521353,1.1273079,-0.046624582,0.10686049,0.83088803,1.1825309,-0.7173223,-0.43385375,-1.2481017,0.76208806,1.4730021,0.6503479,-1.429236,0.021278666,0.18132553,-0.5742617,1.5536667,-0.14155388,-0.49383387,-0.76094955,-0.16797191,-1.0719831,-0.51007545,-0.15697235,0.16719316,-1.0035132,0.54814196,-0.4655962,-1.1432486,0.1439436,-0.9787694,-0.2580045,-0.4133739,1.2330284,0.7160898,0.673033,-0.014235795,-0.5312511,-0.42537522,-0.46099716,-0.44338435,0.8052582,-0.89425087,0.7843625,0.40438476,0.90611297,1.8958441,0.48714924,-0.4020952,0.12211892,0.17312886,0.38873878,-0.05496692,-0.77527535,-0.35473704,-0.17117079,0.41250274,1.3470018,-1.620184,0.1519055,-0.20030487,0.44477713,0.04105368,0.7860197,0.52694565,0.801649,1.7706023,1.2720282,-0.27508548
ガ,-0.92913914,-0.37540448,0.6316571,1.1465557,-0.6699334,-0.73470175,-1.4951742,0.49602544,1.00077,-0.32424718,0.12692493,0.41492212,-1.666359,2.4714494,0.0020808214,0.053739235,1.1062684,-0.31264946,0.70614,-0.50993705,0.67080337,0.16529645,0.5640086,-1.0158184,0.81737894,0.48354182,1.0558488,-0.4744658,-0.29012522,-0.916097,0.07574288,-0.41451147,-0.61727095,-0.06635424,0.34663808,-0.7722323,-1.2325958,1.0114107,-0.645911,-0.256918,-0.715632,0.22492197,-0.12336588,-0.13589853,-0.31041753,0.10263501,1.3231485,-0.23487242,1.0376104,-0.30792275,-0.3829258,-0.19449128,0.21251826,0.6730869,0.36095476,-0.2941542,0.8366735,1.1223626,0.16957562,-0.6053775,0.8303717,0.77352554,-0.80891097,0.30232847,0.4500867,1.0243975,0.11714368,-0.44191816,-0.15015276,-0.5541952,-2.686041,-0.8546282,0.27138937,0.9658309,-1.4837942,0.62929255,0.35924137,-0.49268353,0.35840714,0.2809034,-0.24214609,0.30491608,-0.8816514,0.85272795,-0.51237065,-1.017736,-0.37840208,-0.5225355,-1.0324203,-0.19445248,0.15730879,-1.5105381,-1.7586662,-1.4808576,0.90060127,-0.29075563,-1.1011587,-0.8034996,-1.3075846,0.0865563,0.4415021,0.82909626,-0.3440212,0.15580887,-0.9918939,-0.17942455,-0.8249001,-0.955228,-0.5059098,0.7385885,-0.13048726,0.7107523,0.21931823,1.0821394,0.9186021,0.45004252,-0.9088749,-0.63082176,-0.8962095,0.31300515,1.0664266,0.39048818,-0.7260633,0.6936603,0.24096087,0.61598,-0.47034985,-0.71713763,1.0626022,-0.36955836,0.49709782,-0.34678105,1.3690677,0.8341071,-0.80083114,-0.21031328,-0.40689993,0.28544232,0.13415252,-0.71942276,-0.49689096,0.09207094,-0.049327448,-0.24093397,0.49455154,-1.7053807,-0.021298315,0.6398353,0.90950555,-0.16827416,0.0033724308,-0.75999105,-0.9226036,0.113523565,0.8256957,-0.15160626,-0.036463354,0.12158864,-1.6826941,1.0767522,0.18198447,1.0391134,-0.89938027,0.22596788,0.025164433,0.7177994,-0.35764468,0.36685702,-0.90200084,-2.0117161,-0.43562183,0.25609282,0.41248083,-0.002802478,0.1818581,-0.14373916,0.62084305,0.11842724,-0.79153484,-0.11745788,0.69362015,1.054743,0.43475467,1.7019888,-0.13775721,0.22290362,0.34591046,0.61869377,0.24525452,0.33745977,0.7913223,-1.0541745,0.9348228,1.0341073,1.2587899,2.5901802,0.487942,-1.6431158,-1.0790337,0.7768974,-1.877325,0.018353006,0.94840455,-0.56009495,1.2218442,-0.6563121,-0.57653606,1.6067929,0.33345312,-0.1018527,-1.3388373,-1.1701738,0.8540794,0.19762845,-0.83176416,-0.1689645,-0.51337284,0.18976098,-0.12789176,-0.15449418,0.51740676,0.21031411,0.5119669,1.6790849,-1.3275844,0.7334037,0.7531778,0.6145568,0.10151723,0.51732206,-1.66988,0.7109649,0.48951107,-0.52866787,-0.31421024,0.34041965,-0.516127,0.55374485,-0.16064279,0.58997315,0.059255917,-0.7894463,0.70898134,-0.2095961,0.63536465,0.7256881,1.3712701,0.21689445,-1.2683913,0.10196088,1.0441678,0.87183785,0.09007601,0.10453816,1.0031503,0.49067986,-0.60793865,0.0077488986,-0.43344742,0.10885111,-0.3553686,0.8177192,-0.0111471545,0.51667374,0.24548043,-0.78384453,-0.33419064,0.11699801,0.365497,-0.7943992,-0.5097161,-0.54929495,-0.9957586,-0.27779967,0.07151365,0.42429847,-0.9830747,-0.87924445,-1.165391,0.24143277,0.95486313,-1.3396682,-0.40857726,-0.28338662,-0.07354385,0.4671312,-0.5534512,0.39336604,0.49810588,0.725583,-1.5079682,0.8207966,0.04072889,0.2698992,1.5183631,0.12337756,1.1859293,-0.35092595,0.76695037,-0.8725613,0.41486588,0.563823,-1.3347796,0.85523134,-0.015574773,-0.20394798,0.7618654,-1.298613,-0.84564495,-0.53771424,0.2580309,0.26203796,-1.6381302,1.8203264,-1.6672053,0.9957214,-1.7616909,-0.8188776,-0.48123708,-0.24690726,-0.9027248,0.69284326,0.6538232,0.18876953,0.46446407,-0.21295036,-0.2758862,0.2541879,0.6120163,0.8197547,0.02772567,0.65546167,-1.0307211,-1.2748992,0.0552848,0.7661598,-0.554919,-1.4718312,-1.1305766,-0.0557842,0.7689812,-0.64470357,-0.09236667,1.0912458,0.070059866,0.9965551,-0.8243069,-0.4842325,0.2562883,-0.7795157,1.2372782,-0.032848317,1.6130558,-1.0786526,-0.5750583,0.81335616,-2.0651314,-0.5938266,-0.5078359,1.8020759,0.36678797,-0.14324246,0.2636054,0.7675869,-0.6221702,-0.46978012,0.98258454,-0.23148057,1.8769641,0.75445795,-1.0398915,1.496521,0.16020007,0.25407925,-0.39034042,-0.47919995,1.8317271,-0.10409152,-0.7022225,-0.58663136,-0.60143065,0.02097812,0.23445834,0.54535353,0.24434167,-0.23283929,0.6834924,0.6823633,-1.2872916,-1.360784,-0.4488503,0.5496003,1.0375137,1.3031259,1.1922011,-0.24413088,-1.3060143,-1.6805744,0.2596163,1.1307998,0.31791747,0.605986,-1.1586579,0.31808963,0.113435656,0.25663438,-1.0809354,-1.9307867,1.5999442,0.1171662,0.88136315,1.5806788,-0.53636837,-1.5745921,-0.17969346,0.49923944,-0.11026033,-0.55309117,-0.4516253,0.6626811,-0.69293743,1.0517315,0.6012706,-0.080005184,0.07736541,-0.012592101,0.5861859,0.49450842,-0.7949413,-0.57385063,-0.3872725,0.5173753,-1.205691,-0.5934038,0.3704361,-2.0820892,0.68730897,-0.59876573,-0.51981735,0.06721733,-0.6150721,-0.7431207,-0.39390317,-0.15284844,-1.1385827,-0.8221357,0.2162414,-1.4581535,-1.5655066,0.85743356,1.5231299,-1.2891412,0.49852407,0.80026895,0.2507181,0.68223536,0.23230839,-0.446111,0.36202806,-0.68829906,-0.097980194,-0.39385688,-1.2299141,-0.20947796,0.060818452,-1.304248,-1.2277628,1.4798357,0.80884516,-1.6414416,-1.0033947,-0.028480321,-0.8069488,0.37244406,0.47129905,-0.24935797,0.058645044,-0.70493263,-0.31392965,0.15697446,0.48024166,-0.33352798,-0.36495245,0.39738685,-0.07851222,0.19819237,1.8990449,-0.037847027,0.74511266,1.1919732,0.54269105,-1.2689692,0.33906192,0.3756102,0.13846903,0.7062698,-1.2285372,-0.6529968,1.5142803,-0.48842537,-0.54689234,-0.34911707,0.17589578,-0.42912245,-0.35286918,0.37787452,1.0213355,1.3899655,1.0511966,1.8279896,-0.5663153,-0.7152518,-0.55332255,0.06742463,-0.9345248,-0.6804966,1.0152973,0.941674,2.1116533,-0.51439494,0.320535,0.83438134,-0.76277745,-0.8467024,0.7608639,0.37842476,-1.1148406,-0.6696614,-0.19082552,-1.7391897,0.318571,-1.6123004,-0.53119045,0.32380792,0.5225607,-0.53231025,-0.22057879,0.596401,0.14131922,-1.052566,0.641366,0.8831864,1.4596424,-0.31730998,-0.8447988,0.5598679,-0.35247555,-1.4652286,0.13344269,-0.6928163,-0.47951996,0.33652994,-0.27561802,-0.044495746,-0.82273686,-0.2775481,1.2744265,0.7057621,-0.068705656,0.33252984,-0.2617434,1.4121108,-0.20071493,-0.3812632,0.99233395,0.708946,-1.3946654,0.45033538,-1.558533,0.5586543,-0.50917065,0.9670177,0.6980037,1.0344386,-0.71634716,1.6554472,-0.35329148,-0.18414545,-0.45168462,1.2280666,-0.06340876,0.4413776,-1.5832187,0.9656286,-1.3161092,-0.71548474,0.30436534,0.18835992,-0.16981338,0.07744709,-0.6004944,0.36112764,-0.20892894,-0.75493336,1.0595758,1.5704186,-0.9545193,-0.24150372,0.66452354,0.2483014,-0.605493,-0.13252313,2.6199892,0.21771951,1.4992468,-1.0900337,-0.7682209,0.1631431,-0.07890937,-1.3020895,-0.06798584,-0.67424417,-0.26403165,0.57064044,-0.52264255,0.7301049,-1.3789086,0.33502495,0.5316119,-0.9084504,0.033706836,0.4231628,-0.52919394,-1.8590304,-1.395477,0.22263762,0.6424081,-0.61017907,0.18735594,0.74846447,1.2143174,0.3062564,-0.54656434,-0.4390047,1.1135107,1.1521797,0.580124,-0.4530548,-0.6137628,1.1348729,1.2138268,-0.34459785,0.6932725,0.12779671,-0.49253613,-1.844993,1.0711564,0.7427178,0.14341687,1.1526159,0.43682256,-0.27807653,0.83979726,-0.8188394,0.58611965,-0.43997896,-0.8711368,-0.17786133,-0.441193,-0.39209685,0.24587631,-0.9015844,-0.12874812,-0.10856499,1.1860576,-1.0246251,0.3220427,-0.96574754,0.7103421,0.36308897,-0.502113,-0.9155462,-0.17806745,-0.55509335,1.5561203,0.6995469,-0.13780342,-1.6499679,0.23911183,0.71175545,0.56757784,-0.1801362,0.5134211,0.25664577,-1.3021032,-0.45078447,-1.2844006,-0.22140858,0.21955197,1.2032242,-0.92064655,1.4504733,-1.2599927,1.1647629,0.24507782,-0.4589063,-0.07048886,0.052993707,-0.330894,2.1492703,0.8307731,-0.1829648,0.030629715,0.58465064,1.1960158,0.030168666,-0.41533697,-1.5348989,0.8376449,1.4178268,0.39984685,-1.2059951,-0.26463217,0.06241473,-0.7141402,1.3195801,0.00039542385,-0.7709407,-0.7738337,-0.06666741,-0.8521286,-0.12615685,-0.49245125,0.06340651,-0.8367598,0.12840137,-0.34495735,-0.88707197,0.4410784,-0.903244,0.5914396,-0.09378018,1.5082324,1.08281,0.50818825,0.54845774,-0.30423513,-0.2259624,-0.8115441,-0.44023433,0.8694325,-0.84900624,0.5303748,0.15154555,0.73890233,1.408035,0.47916672,-0.3082067,0.16410618,0.111059435,0.1742149,0.084726915,-0.76228327,-0.3424331,-0.04143178,0.6768356,0.61520153,-1.5366235,-0.55602956,-0.10872432,0.43731478,0.3103727,0.48922586,0.02803786,0.50638103,1.4607278,0.82414776,-0.38056844
、,-0.06569173,-0.72217715,0.79251665,0.4026258,-0.3456626,-0.3334723,-1.4774551,0.59743035,1.0538862,1.0549432,0.71803844,-0.34305644,-1.8525034,2.7413561,-0.4417315,-0.011838265,1.2054337,-1.2069936,0.88184744,-0.25130925,0.0002830401,0.39428174,-0.1429723,-1.0319324,1.558142,-0.014941741,0.6347612,0.09403367,-0.59920365,-1.7763312,0.32341662,-0.5435866,-0.9400765,0.26814172,0.558804,-0.7317706,-2.1522744,1.159277,-0.49132717,-0.42752224,-0.8644048,1.4106574,0.83139235,-0.08436537,-0.43034333,0.21736157,1.7648532,-1.1207654,0.9868138,-0.27227768,-1.230478,-0.7491623,-0.03105472,0.79844713,0.012732752,-0.13053028,1.4071945,0.98470056,0.09614417,-0.83186543,0.07221579,-0.09307409,-0.2718226,-0.73738796,-0.5737796,0.49940455,-0.47629064,0.18033302,0.20628422,0.35727942,-2.3474052,-1.9657981,0.032919742,1.4026797,-1.0297805,0.5592568,0.89631975,-1.3760304,-0.0015047193,-0.38348922,0.5028144,-0.56345606,-0.8400817,1.3516951,-0.591031,-1.7653735,0.16296889,-1.5314262,-1.0811902,-0.8793206,-0.5439585,-1.8651016,-0.85326874,-0.93115187,1.7036817,0.7367996,-0.9504263,-1.8068593,-1.1536763,0.026691265,0.2213349,1.7793286,1.0834682,-0.11597419,-0.8257859,-0.80353254,0.47743344,-0.70705515,-0.94413495,0.5797838,0.5473395,0.7881359,1.0915897,2.213107,-0.4293108,-0.020413622,-1.101788,-0.48161998,-1.1376534,0.94572514,0.652398,0.7476245,-0.23327003,0.24562423,0.024654254,0.7995713,-0.4517967,-0.8401839,-0.22899853,1.2718616,1.5311596,0.2590666,2.0004482,0.53406596,-0.234664,-0.8779175,-0.090006016,-0.5737888,0.75437754,-1.2663271,-1.2304821,1.3496432,0.33025572,0.12797219,0.79493463,-1.0685551,-0.13564509,0.974318,2.5670476,-0.27845573,-0.084349886,-0.20016779,-1.9716046,-0.013745643,1.1577983,0.29784548,0.015646875,-0.1573863,-1.7879448,1.3110266,-1.2802649,1.4038974,-1.363792,0.5456784,-0.8458792,0.77329326,-0.7086346,0.3167259,-1.2920547,-2.482998,-0.51423967,0.04086626,1.0313305,-0.75221014,1.3869926,0.3738131,0.32035768,0.69541556,-1.6530868,-0.36137673,1.4598777,0.88554513,0.38019148,2.0031955,-0.037996277,0.31126913,0.630566,0.093257286,0.9105317,0.022087298,1.664002,-0.97321606,0.8262946,0.7372359,0.66338396,2.2885337,0.5263101,-2.1638231,-0.73487705,1.3985353,-2.7492032,-0.9819094,1.0390018,-1.3643107,1.0236537,-1.2914777,-0.62191916,1.6475828,0.3377411,-0.40206075,-0.79499465,-0.95683515,1.1012102,0.7876864,-0.21855325,0.40851617,-0.4922526,0.24566744,-0.61553663,-0.48465008,1.358058,0.83727765,0.10090832,1.2874207,-0.2593967,0.61470896,0.20252973,-1.0692167,0.6879988,0.8228067,-1.2593217,-0.06910687,0.25942978,0.38495535,-0.2605281,0.04706776,-0.34717768,1.0757928,-0.050044477,1.4190358,0.20554431,-0.07439172,0.2494732,-0.005133122,0.51795435,0.6308303,1.295435,-0.20665345,-1.6887872,0.21993572,0.5591562,1.5154115,-0.4172812,0.58425134,-0.6444932,1.9491527,-0.24480584,-0.12725078,-0.97751355,-1.1688073,-0.15716761,0.5637931,0.022610813,0.19171464,0.5125858,-0.61540645,-0.39203748,-0.038439717,-0.1038573,-1.1952263,-1.2403547,-0.3914772,-1.212879,0.46701407,1.4749486,0.93535304,-0.020149011,-0.7927778,-0.87883425,1.8042698,0.97327167,-2.4492042,0.034123607,-0.27555186,-0.83781445,0.057406522,0.5612754,0.52317744,0.06219259,0.3669173,-1.1259686,1.8654399,-0.44808292,-0.06367719,1.9255254,0.07448977,0.51873875,-1.0842454,0.5085926,-0.47605646,0.12937059,0.3456886,-1.1560133,0.92665154,-0.7103974,-1.526286,0.49374968,-0.9047496,-0.8907578,-1.6081221,-0.62251997,-0.28865448,-1.489718,1.445832,-2.0500863,1.8308902,-1.3760321,-0.5200968,-1.1373553,-0.47000587,-1.0902612,-0.5567377,0.7596102,-0.21146531,0.8596655,0.13112262,0.36395195,0.6859782,0.10210971,1.1943216,0.09876925,0.36913985,-0.5120167,-1.2751921,-0.45399132,0.59674716,-0.78146935,-1.0275766,-0.8443859,0.2659944,-0.40326256,-0.4071389,-1.2677451,0.4403243,-0.0276761,0.50254273,-0.95925057,-0.30263636,-0.16461515,-1.1718974,0.45461065,-0.9184842,1.49068,-1.253546,0.0024103373,0.7120917,-1.4170477,0.71771574,0.20889647,2.128324,0.97099185,1.2515064,0.50880426,0.76428854,-0.33703735,-1.1772653,1.6867745,0.31539536,2.5951276,0.32136875,-0.9108448,1.060627,-0.6485634,0.7050872,-0.50266194,-0.22318316,2.282368,0.29285204,-1.1639725,-0.20928293,-0.013794579,-0.36149442,-0.43961322,0.5113095,0.59506935,-0.32068217,0.6276603,0.73835063,-0.19096738,-1.4702529,-0.7961047,1.0753267,0.83355105,0.98362225,1.0390475,-0.04311642,-0.3761595,-2.0119271,1.3930554,1.1054096,1.581583,-0.044095427,-1.810011,1.1472349,0.5611055,1.149824,-2.1812432,-1.8534474,0.92354745,0.12313983,0.55822355,1.1949255,-0.7241715,-1.9942877,-0.6198633,-1.1125021,-0.19128254,-0.81063193,-1.4320327,-0.07214594,-0.15928367,1.3623958,1.423434,0.21015677,-0.17517705,-0.82408035,0.7192741,-1.0124428,-0.996119,0.1841664,-0.036670234,0.30671006,-0.91192555,-0.88908494,0.83113676,-2.0856352,0.90199304,0.035256132,-0.0683458,-0.3101331,0.39519614,-0.9726989,-0.34075373,0.314941,-0.6110135,-0.33417797,-0.03617777,-1.1468487,-0.9391078,0.861821,0.64123464,0.026027517,0.105757736,0.3759802,-0.10593678,1.0357459,-0.050109014,-0.48407006,0.18080106,-0.5542032,-0.31951132,-0.33760595,-1.2384613,0.20364615,0.6500722,-1.4406104,-1.7156825,0.9529523,0.20597376,-1.199209,-1.2230221,-0.29429835,-0.104516394,0.55513144,0.97889566,0.027704986,0.07051054,-0.9919425,-0.66493064,-0.48357755,0.0107531175,0.036885485,0.060345463,0.12534967,-1.2938862,1.1896794,1.4261739,1.1654004,2.453876,1.2877886,0.15955317,-0.092728026,0.73064774,0.15593079,-0.5159449,0.4635709,-0.32089472,-0.57263744,0.5096558,-0.56759024,-0.6552112,-0.81965494,1.6842141,-0.7967285,-1.1847779,-0.2691882,0.3757971,1.0176607,0.7228656,2.1005437,-0.08223111,0.22849698,0.20629928,0.65572035,-1.5819759,-0.26163444,-0.1731683,0.7405936,2.0259733,-0.6747622,0.60595155,1.0911026,-0.9796194,-1.1810931,0.4080069,0.6427077,-0.60175717,-1.3699212,1.5067484,-1.2454996,0.0760254,-1.864325,-0.25047117,0.08649935,1.1889318,-0.8744029,0.16230807,0.77394444,0.50339705,-1.2717257,-0.39303198,0.47479394,1.8791417,-0.45553958,0.062436774,0.53281194,-0.6025498,-1.4175837,-0.2229428,-1.7302035,-0.72892183,0.43590504,-0.33011568,-0.6482235,-0.4896087,-0.8161514,1.0118151,0.2758612,-0.29463562,1.0561396,-0.68721193,1.3006095,0.49846673,-1.1309391,1.7976711,0.55895495,-1.6405945,1.3862855,-1.6742699,1.6416872,-0.40951997,1.1519704,1.0342656,0.61789095,-0.42993,1.5534116,-1.0196133,-0.35005522,-1.481905,1.0260137,-0.34542596,1.0621157,-2.118134,1.947229,-2.429223,-0.18594223,0.20329121,0.5411335,-0.038048454,0.84411025,-0.6004231,1.0354836,0.5254585,-1.3509016,1.3078939,1.856795,-0.32916105,-1.4138198,0.37774083,0.91099393,-0.7935612,-0.04297446,2.2589817,0.11562501,0.44648054,-2.0989501,-1.5822716,0.7330691,-0.74557406,-0.9258654,0.39805597,-0.71282864,-0.06980258,-0.65002453,-0.29516417,1.0660877,-0.40581977,0.96374506,0.53291714,-0.43455714,-0.05851639,1.068685,-0.33551717,-1.1100502,-1.7204194,0.46239978,0.28914225,-0.88509166,0.4243671,0.8625463,1.4065039,0.48747283,-0.022197798,-0.93691635,1.0244265,0.5675766,0.08153315,-0.96567154,-1.3711636,0.11559618,1.3143313,0.49505806,0.12621027,0.41637912,-0.8435856,-2.2005167,1.0589573,0.25972983,-0.20288336,0.9296112,0.7177079,-0.41782796,1.0416651,0.17346278,0.35768428,0.60927856,-0.95117486,-0.74079263,0.5272343,-1.459512,0.8276739,-0.30165806,0.37118673,-0.8283694,0.21767813,-1.6916251,0.7867063,-0.29872763,0.30740044,0.46338087,0.6503056,-1.6523542,-0.56667036,-0.1849817,1.8968776,1.432383,0.20070884,0.17380643,-0.020661376,0.70401305,1.0983329,0.57765925,0.029514223,0.7024782,-0.056931116,0.070192054,-0.6105135,-0.1607859,0.26664814,0.21247746,-1.9074316,2.0715787,-2.05158,0.7683711,0.13316587,-2.0342593,-0.06471001,0.6084155,-0.2638386,1.6547172,1.3570426,-0.7663326,-0.24651541,0.71279305,1.110174,-0.13068317,0.16559026,-1.1934886,0.8739268,1.3075634,0.42718002,-1.0118816,-0.08298347,0.4751626,-1.0080742,0.77811885,0.35437256,-0.7845394,-0.19575617,-0.31785482,-2.210292,-0.95016766,-0.39806193,0.050298423,-1.3059424,0.89701927,-0.18501034,-1.6869309,0.671035,-0.92899597,-0.6344604,-0.89607096,0.5395551,0.17544594,0.6470431,0.03967128,-0.392587,-0.31181166,-0.9769488,-0.57091063,0.3802634,-0.51798594,0.50211656,0.84949833,1.3842726,0.85549915,0.7894524,-1.2298261,0.7073542,0.5573637,0.9040592,-0.8578558,-1.3458766,-0.5642342,-0.4410193,0.53040075,1.3786774,-1.8663146,-0.40578577,0.26794237,0.014012527,-0.15947254,-0.07858941,0.8924004,0.4964418,2.3783815,1.5356481,0.4255414
ワ,0.019516239,-0.31216547,0.6889475,0.57792014,-0.6830728,-0.67749953,-1.5081183,0.5140508,0.90317124,0.056614935,0.7045405,0.23020232,-1.4768211,2.2697237,-0.80807453,0.28139302,1.1112107,-0.6373129,0.8234904,-0.09513543,0.36872545,0.5794545,0.9562904,-0.7202242,0.9693759,0.2809726,0.86391306,-0.36916384,-0.5710828,-0.9315943,0.021740869,-0.18564834,-1.1824656,-0.4524944,0.08533039,-1.3081316,-1.4352025,1.1336532,-0.056675136,-0.7985208,-0.8621497,0.35606334,0.35658407,-0.30290198,-0.7491243,0.07205702,1.4725755,-0.40268588,0.4670153,-0.48743603,-0.6116325,-0.49010214,0.32870576,0.5018582,0.68599504,-0.3563482,0.9230668,1.0401164,-0.06835242,-0.33447203,-0.055567723,0.57591826,-0.3563145,-0.3127111,0.03191972,0.58697206,-0.084901,-0.5086173,0.16448034,-0.19354852,-2.7787468,-1.1573493,-0.085941814,1.6483026,-1.5449208,0.6659536,0.2597036,-0.58341163,0.6267577,-0.2301165,0.4585866,-0.2557911,-1.1213259,1.327686,-0.60178834,-1.3868562,-0.18868776,-0.6941808,-1.185654,-0.25026038,-0.14007945,-1.9839559,-1.0375892,-1.228525,1.6183844,-0.0039211414,-1.1857588,-0.65623516,-1.3787732,0.38649273,0.22991419,1.219704,0.061319094,-0.48875535,-0.76856583,-0.3709426,-0.3432397,-0.651555,-0.99798393,0.6029996,0.054627564,0.68126535,0.29686368,1.4057277,0.057706136,0.8561531,-1.1194407,-0.75859475,-0.48397687,0.4015043,0.71085995,0.82805634,-0.021618187,1.1257058,0.10393495,0.80867773,0.059286583,-1.2397029,0.775803,0.15111749,1.0014615,0.18852682,2.2168972,0.5785077,-0.49662304,-0.75525993,-0.19442217,0.118920006,0.7331105,-0.85275775,-0.6360664,0.63720506,0.24861453,0.16233526,0.49512234,-1.1501846,-0.057627782,0.5794742,1.68599,0.09834233,-0.067422755,-0.054301474,-1.2430534,-0.15943836,0.7052123,0.30436993,-0.21665172,0.11351202,-1.1028119,1.0958174,-0.32881472,1.8692923,-1.1362294,0.31411695,-0.03749349,0.7377642,-0.40600646,0.44165292,-1.0199833,-2.1833475,-0.32823858,0.26522133,0.3056495,-0.35519853,0.80265015,-0.3097259,0.44852534,0.5594727,-1.216832,-0.37798867,1.1006222,1.0142388,0.23199172,1.6467007,-0.27388027,0.42255577,0.35228038,-0.033456173,0.65992075,0.52618283,1.2393107,-0.66243166,1.0571133,0.68814486,0.8633799,2.7682765,0.288184,-1.5452815,-1.113272,0.92401904,-2.437323,-0.2748244,0.79933304,-1.1924359,1.2597375,-0.8015836,-0.6806868,1.6327443,0.6188601,-0.13284428,-1.2190078,-0.82435614,1.344278,1.1027261,-1.2263182,0.310518,-0.586983,0.21850874,-0.59850794,-0.43421564,0.8553381,0.6345926,0.4325534,1.0535542,-0.76110905,0.4489006,0.05340306,-0.5737514,-0.14854173,0.78193927,-0.6648872,0.9753658,0.041914225,-0.08941212,-0.39765826,0.15224975,-0.22394662,0.9122477,-0.3839679,0.5650652,0.41027844,-0.80168986,0.60153157,0.24757099,0.6861889,0.45647323,1.4400845,-0.42205715,-1.6679159,-0.5121843,0.28516376,0.9857249,-0.4020354,0.49590155,0.14027137,1.6777681,-0.36004862,-0.0030662864,-0.3578507,-1.0983591,-0.17344923,0.76517177,0.49190268,0.3951365,0.24595076,-0.48017406,-0.57666737,-0.48562554,-0.037502486,-0.7470835,-0.95857173,-0.63908166,-0.69828486,0.119161226,0.35148796,0.15456851,-0.68504643,-0.83549696,-0.63864124,0.8152999,0.60555977,-1.9540461,-0.36299288,-0.75648504,-0.89773697,0.3859531,0.087156534,0.22119486,-0.049969945,0.39302626,-1.2488368,1.0091524,-0.5147256,0.29805082,1.5611424,0.18060637,0.47465762,-0.4868321,0.33926523,-0.32176027,0.37479487,0.16897488,-1.543579,0.7309571,-0.51470244,-0.39189026,0.60226923,-1.39508,-0.6687116,-1.3581133,-0.14413863,-0.27705297,-1.8759775,1.3590268,-2.0749674,1.6242976,-1.5646318,-0.33107832,-1.5221218,-1.1217747,-1.1917934,-0.037562042,0.29888758,-0.13382398,1.277679,0.03089481,0.9062136,0.35864815,0.3057486,1.3302363,0.03909142,0.050483823,0.026197394,-1.3424016,-0.005684326,0.5511324,-1.3944186,-1.0818917,-1.0068965,-0.3859413,0.34569713,-0.4533027,-0.72672105,0.94338876,0.13703237,0.22483444,-0.7130026,-0.7097483,0.14071304,-0.6707697,1.0683209,-0.6212221,1.2105559,-0.8887315,-0.2096617,0.4387182,-1.9072243,-0.04762574,-0.04600799,2.023641,0.8216135,0.7806263,-0.024584373,1.2105329,-0.19013041,-0.88181573,1.3527764,0.13786449,1.9728125,0.32715327,-0.57596,1.2355942,-0.4729276,0.62811166,-0.34980798,-0.31656215,1.8804631,-0.13843739,-0.97213006,-0.2519935,0.30399248,-0.025391757,0.18747799,0.20893657,0.35580632,-0.026132273,0.87408376,0.6859579,-0.24427263,-1.1750313,-0.3729721,1.02358,1.0305008,1.2922095,1.2358106,-0.3878022,-0.63083214,-1.6139073,0.7955256,1.0168073,1.088294,0.17025216,-2.0285206,0.41945973,0.40640378,0.52858144,-1.4195619,-1.6542515,1.3018287,0.4358836,0.07875489,1.4887896,-0.30639863,-1.4786295,-0.40266654,-0.3652892,-0.42282936,-0.93204075,-0.902909,0.3896953,-0.25934276,1.2717557,1.0096128,0.36229542,0.20841517,-0.94745547,-0.094170965,-0.009185051,-0.33095768,-0.07770366,0.32198963,0.7174916,-1.4534527,-0.24441902,0.96345633,-1.9539064,0.6158493,-0.4159607,-0.32723093,-0.009536055,-0.37310228,-0.77634287,-0.099742256,0.066061646,-0.93252236,-0.58234555,0.4446132,-1.7103497,-1.3799034,0.87910396,1.0453432,-0.8020684,0.53900284,0.5302709,0.18354362,0.8284537,-0.1573947,-0.7836446,-0.16028534,-0.6728609,-0.1045415,-0.3270388,-1.3744265,-0.2700909,0.64468074,-1.4094883,-1.259442,0.97180945,0.08993565,-1.7736545,-0.652168,-0.3005887,-0.31736687,0.91510946,0.83833957,-0.09467059,0.081610136,-1.0512968,-0.038210172,0.1971233,0.30560598,0.50255734,-0.09889725,0.5108462,-0.34026852,0.50342697,1.9177066,0.4458334,1.6534729,1.6097862,0.027068166,-0.51599115,0.73989147,-0.119669415,0.3324254,0.50024664,-1.00214,-0.54510677,1.2333521,-0.070034035,-0.29640934,0.0900577,0.7418871,-0.2343752,-0.34468874,0.24891223,0.51375014,1.6503543,0.7467923,1.5686129,-0.1638637,-0.51357955,-0.8586667,0.40278354,-1.2551041,-0.7926399,-0.026901552,0.83355683,1.9691242,-0.3015205,0.46556512,1.0051364,-0.45420575,-0.9303251,0.4070817,0.22972043,-0.6009495,-0.48423934,0.4394798,-1.0177369,0.23110545,-2.1025097,-0.26672697,0.5767377,1.332445,-0.1763704,0.0043075085,0.4534006,0.37730896,-1.0142051,-0.059825767,0.6782682,1.8742476,0.25724915,-1.2234937,0.5077298,-0.53593284,-2.1818554,-0.039438117,-0.6600926,-1.0084001,0.20305987,-0.34832928,-0.1993558,-0.46756878,-0.9443936,1.798727,0.2997907,-0.23155014,0.35356498,-0.8631267,1.3467989,-0.20992307,-0.87974334,1.6325241,1.0107726,-1.627823,0.8389101,-1.577957,1.099672,-0.7421053,0.9894886,1.2672445,0.39945745,-0.37258193,2.0613132,-0.6251962,-0.47818866,-0.55424494,0.63183504,-0.6047087,0.4662837,-2.2882948,1.2621268,-1.7660885,-1.0402193,0.05917805,0.40930048,-0.32335868,0.48654568,-0.87652445,0.9502826,0.12703238,-0.5589903,0.7086103,1.8924133,-0.22381596,-0.7095539,0.6358594,0.56579876,-0.30973718,-0.25603166,2.8013256,0.4086584,0.67701286,-1.0763326,-0.8023553,0.59881926,-0.1279866,-0.85039026,-0.11871708,-0.4376092,0.1938634,0.47779337,0.046806496,0.8262684,-0.24148321,0.8122802,0.5417611,-0.90910774,-0.44437847,0.37582326,-0.5205275,-1.2953281,-1.429108,0.6083855,0.44332135,-0.91071486,0.0077036717,1.1663707,1.2408863,0.77531797,-0.58416027,-0.66659296,0.41636142,0.5347496,0.6910419,-1.1058694,-0.8421478,0.7921575,0.6294306,0.019529006,0.57359046,0.7835891,-0.5058942,-1.8127116,0.80832314,0.5884454,-0.08797116,1.0002431,0.3501319,-0.8200846,0.5051863,-0.34495428,0.028247485,-0.05759898,-0.5850479,-0.7846763,-0.30635822,-1.1188437,0.8161259,-0.12567593,0.35128558,-0.4969833,0.83795553,-1.5020939,0.6839407,-0.12628765,0.43810716,0.29363933,-0.010753953,-1.3555427,-0.70311254,-0.10081849,1.326121,1.0232506,-0.034991186,-0.8282814,-0.374046,0.54468995,0.6413347,0.25281575,0.33555862,0.23143609,-0.8616751,-0.11750557,-0.85384685,-0.5153349,0.11182207,0.20307676,-0.84996986,1.2258756,-1.5987703,0.63336223,-0.17528449,-0.8987231,0.33585402,0.6073651,-0.76731664,1.7877737,1.3021836,-0.60013777,-0.3560699,0.6067604,0.70552367,-0.5498789,-0.30409354,-1.3033,0.5156674,1.7943712,0.13031529,-1.6118097,-0.348919,0.12784277,-0.5322737,1.5518452,-0.16309552,-0.70481855,-0.8663257,-0.07597352,-0.9427505,-0.37985528,-0.42213312,0.5435471,-1.1864606,0.170328,-0.52187634,-1.1303626,0.43248057,-0.6707671,0.07957523,-0.30834207,1.1222824,0.70150167,0.6627114,0.6443119,-0.41627625,-0.2670152,-0.886632,-0.5240869,0.9020422,-0.87227505,0.84343773,0.6691689,1.0198107,1.4114097,-0.14529683,-1.3922276,0.41681066,0.42037365,0.776952,-0.011899318,-1.0901783,-0.6706663,-0.18365246,0.6330548,1.2876016,-1.3741542,-0.308079,0.014184266,0.26193002,-0.019049237,0.27619153,0.1923575,0.53238565,1.883581,0.62384593,0.00238627
タ,-0.71661454,-0.2533688,0.9349135,0.4487059,-0.4951519,-0.38454184,-1.3068973,0.8473023,0.91562957,-0.33931094,0.9955384,-0.2854957,-2.122215,2.2344677,-0.92625123,0.04916782,1.0457144,-0.6281263,0.2860808,-0.373411,0.87506706,0.4052704,0.8182462,-0.44659352,0.8673464,0.8699511,1.2851967,-0.3201519,-0.82883346,-0.88770694,0.4605289,0.088429235,-0.7694291,-0.06028224,-0.15068302,-1.0993795,-1.2614625,1.3473885,0.38378194,-0.7337234,-0.46289366,0.40126142,0.12011345,-0.42780048,-0.97105074,0.12505804,1.3049136,-0.8518845,0.81486356,-0.29907256,-0.9079631,-0.4022824,0.57394385,0.89711076,0.5864204,0.30899617,1.4057875,0.6014945,0.24313942,-0.19431046,0.13764708,0.5375842,-0.94878566,-0.7475173,-0.030801076,0.8855856,-0.13243212,-0.3240079,-0.35161218,-0.41852736,-2.691622,-1.2240789,0.04074113,1.1227891,-1.3816566,1.0913082,0.520284,-0.8078793,0.47577763,0.24714994,0.49768743,-0.14916137,-1.1790305,1.0788095,-1.1307437,-0.96069586,0.08459046,-0.73821867,-1.2514843,-0.24855527,-0.6915789,-1.4366194,-0.9876806,-1.2666963,1.5411841,-0.0696499,-0.9734748,-1.4335456,-1.3924049,0.19383542,0.13440098,1.5576026,0.5046957,-0.45352635,-0.7851634,-0.0797812,-0.61920077,-0.58855325,-0.71351254,1.3166965,0.18982431,0.6612284,0.8795451,0.9963335,0.5842001,0.9097737,-1.0451496,-0.699504,-0.5226168,0.46879974,0.85623205,0.66192114,-0.0815053,0.63035905,-0.49296388,0.75715244,0.065992974,-0.27822965,0.49767432,0.55795395,0.135956,-0.090649426,1.7966236,0.65289104,-0.7342175,-0.61670697,-0.13932887,0.21614401,0.44447908,-0.9024644,-0.361083,0.19701263,-0.19065166,-0.6703102,0.35751206,-1.3849685,0.27748844,0.39317846,0.69001615,0.24741852,0.35414043,-0.014336693,-1.3533441,0.21211009,0.6798984,0.05355377,0.16788766,0.23202083,-1.4581637,0.73302794,0.09929478,1.6653004,-1.1288985,0.5487212,0.35683233,0.81448543,-0.75498503,0.91549397,-0.67811227,-1.8066883,-0.392527,-0.088771895,0.5041956,0.07998964,0.6757318,-0.5699361,0.11169921,0.68608963,-1.2425911,-0.3106256,0.73168576,1.1684186,0.095565304,1.1624485,-0.25968194,0.28569046,0.38804722,0.09133847,0.60729337,0.722747,1.1993258,-0.1738285,1.0790693,0.8201563,0.54834163,3.0239384,1.3834981,-1.6796824,-1.3602897,0.9261571,-2.2005877,-0.76400626,0.9445405,-1.508963,1.463666,-1.1395432,-0.8182646,1.5768305,0.48205167,-6.476045e-05,-1.003144,-1.2464898,1.0964808,1.2882155,-0.60899985,-0.24578972,-0.6703186,0.3134325,-0.15004517,-0.3375923,0.8551303,0.62831694,0.011650773,1.5493665,-1.3252523,0.4503385,-0.04441006,0.012658929,0.14153986,0.6444251,-0.87287104,0.93840855,0.3919211,-0.24222481,-0.35220164,0.41170222,-0.43641505,0.47958612,-0.49974695,0.29366404,0.15028736,-0.3558507,0.24327984,-0.091653354,0.40062684,0.35453764,1.2892975,-0.02681696,-1.2781415,0.020275682,-0.06290312,1.1732435,-0.43065438,0.48236543,0.3436354,0.7938164,-0.2868711,0.09629174,-0.46765527,-0.5278498,0.18487331,0.5232967,0.19747572,0.27048355,0.119930744,-0.2826398,-0.5402285,0.11004031,-0.04711815,-0.82685584,-1.151427,-0.8940951,-0.86537915,-0.22386913,-0.15514973,0.5535663,-0.5474802,-0.80093956,-1.1105855,0.8768419,0.1351755,-1.9065015,-0.5478486,-0.35026664,-0.8339877,0.7959096,0.13449699,0.21744926,0.21869779,0.2574137,-1.5833855,1.1323768,-0.39383796,0.81139344,1.5873431,0.35503712,1.0554783,-1.1264315,-0.07847335,-0.6826104,0.2135171,0.43934423,-1.2360687,0.50453985,-0.5216957,-0.63990587,1.0522871,-1.1205719,-0.76606065,-0.75352097,-0.15770432,-0.6079612,-1.6054084,1.8958781,-2.5891788,1.7601513,-1.5716308,-0.8406254,-1.0387535,-0.24404016,-0.8571246,0.42658457,0.27921644,-0.12744641,0.5029239,0.29457313,0.38054118,0.23973373,0.28403574,1.293328,-0.11159577,0.65902835,-0.5979462,-1.1784377,-0.348937,0.5121883,-1.363334,-1.1078771,-1.0205158,-0.5056218,0.3813259,0.10953865,-0.2934749,0.7644081,-0.13367474,0.8306686,-0.9375388,-0.21050015,-0.12893234,-0.44433004,1.1976655,-0.107451424,1.1458769,-0.94420576,-0.45943457,0.07541383,-1.3908247,-0.5373808,-0.15160903,1.8165509,0.7254569,0.53267354,0.1580235,0.44339728,-0.22528823,-0.8517747,1.2410772,0.17913587,2.1102715,-0.07240198,-1.1238021,1.59823,0.1408918,0.49196512,-0.19641502,-0.60430145,1.9193842,0.40731055,-0.31854722,-0.03930378,0.037101638,-0.30804983,0.50402397,-0.012036261,0.29456764,0.14665338,0.7029954,0.8063079,-0.8047177,-0.92955744,-0.7252348,0.5196719,1.2908796,1.2451379,1.318921,0.26458448,-0.54027176,-1.8551016,1.1015997,1.5736111,0.9687129,0.3604309,-1.7443125,0.1942652,0.27972075,0.42367023,-1.2806215,-1.796704,1.674407,0.45591682,0.45888728,1.1237928,-0.810778,-1.5914347,-0.21349642,-0.036104836,-0.1621689,-1.2274766,-0.90938365,0.78934145,-0.7821671,1.2729217,1.3032691,0.14281102,0.096405566,-0.8280798,0.23659825,-0.29987517,-0.30054912,-0.35865432,0.30490008,0.43050545,-1.2541614,-0.4932558,0.45137995,-1.9090736,0.75177145,-0.69071996,0.11652289,0.30085808,-0.84562457,-0.74480784,-0.51437485,-0.06520976,-1.0015681,-0.612357,0.17988348,-1.565224,-1.412031,0.63046145,1.326367,-0.94274366,0.44965315,0.45542842,0.28203782,0.4934594,-0.27535686,-0.26354533,0.05690915,-0.6865835,-0.26841372,-0.32970044,-1.2037685,-0.20324364,0.8760921,-1.5149609,-1.6047494,1.1153227,0.26560888,-1.60037,-0.9145814,-0.64759475,-0.0605492,0.60499173,0.9511074,-0.006670785,-0.16139618,-0.93938005,0.012785733,0.11902759,0.4925151,0.25723416,0.0920348,0.00860551,-0.36007383,0.29453963,1.9673064,0.06854302,1.1502349,1.2542456,0.5424746,-0.86816645,0.7950897,0.04662783,-0.847627,0.3365473,-1.3227912,-0.6769962,0.95251715,0.16177578,-0.76326424,0.06651248,1.0685943,-0.5081417,0.10077383,0.2943508,0.53638816,1.0759766,0.72496164,1.3276651,-0.070228584,-0.09671993,-0.4935465,0.012852055,-1.2794617,-0.55045474,0.4285547,1.1510668,2.1810834,-0.49687797,0.65456235,1.0853901,-0.7872183,-0.97205037,0.2417109,0.51231515,-0.91254663,-0.9474484,0.123617135,-1.0194902,0.2987975,-1.8991387,0.1811705,0.33604616,1.3481627,-0.641805,-0.0049490333,0.79972804,0.4046275,-0.69239384,-0.012592375,0.99651355,1.7247617,0.18015,-0.9011739,0.31012326,-0.3767553,-1.4532158,0.046612035,-0.90128005,-0.6446219,0.6835007,-0.47233945,0.31093213,-0.8035389,-0.79047364,1.6071285,0.30084473,-0.1452919,0.57031965,-0.8072979,1.0299585,0.01899347,-0.75040615,1.1896309,0.6686779,-1.3670805,0.4358562,-1.5517652,0.7724474,-0.9027845,1.2950712,1.3529404,0.6163203,-0.58255416,1.7124846,-0.99129885,-0.032052398,-0.594301,0.46783978,-0.97848,0.52919316,-1.8859383,1.5738326,-1.481054,-0.6930183,-0.07872137,0.1788156,-0.6255409,0.26820526,-0.5832079,0.4254179,-0.07696741,-0.36360866,0.94680417,1.9807155,-0.30583316,-0.9599126,0.43432155,0.08350209,0.06803615,-0.60694546,2.52144,0.33321694,0.66690356,-1.2158813,-0.48522654,0.78335094,-0.3738817,-1.0837394,-0.34819058,-0.2898493,0.12474314,-0.13360667,-0.32323927,0.6828805,-0.78053653,0.74382323,0.5187789,-0.6625565,-0.1703802,0.2281116,-0.00074317155,-0.61407244,-1.2390288,0.83705807,0.5201031,-0.5665409,0.6021697,0.5488447,1.8183339,0.3995918,-0.7747181,-1.2049472,0.85771257,0.93249685,0.3955375,-0.8549198,-1.2963161,0.39328212,1.3373696,-0.6340822,0.71324337,0.4889922,-0.30474067,-2.0857754,0.9776972,0.8030766,0.2815135,1.1038897,0.5238604,-0.53407913,0.9660784,-0.44170362,0.11317285,-0.15899923,-1.1431345,-0.18896058,-0.4653496,-0.7277393,0.24229653,-0.40886125,0.37565523,-0.28590575,0.55493,-1.4321783,0.5157497,0.40666074,0.75426704,-0.07484945,0.008762896,-1.2037108,-0.7044865,-0.33712655,1.7224935,1.0964243,-0.0833665,-1.1977537,-0.19597332,1.290407,0.8536326,-0.060976982,0.07269998,0.28176147,-0.6246952,0.29814047,-0.78682274,-0.24692857,0.11803697,0.15822414,-0.96086407,1.0934278,-1.8350286,1.239755,-0.5680617,-0.7325893,-0.38652188,0.3782019,-0.4852639,1.6547512,1.0989319,-0.42158866,-0.30390698,0.7147199,0.8956909,-0.098551765,-0.2146432,-1.5128278,1.0843127,1.6377766,0.33026356,-1.290992,-0.25268883,0.16661873,-0.17405829,1.3174404,0.025193682,-0.7946731,-0.85994136,-0.35225755,-0.90601146,-0.56334674,-0.14271268,-0.1280975,-0.91596127,0.24254307,-0.3327388,-1.2226614,0.1729438,-0.6506432,0.63924325,-0.060857452,1.322107,0.5984925,0.21013129,0.26267117,-0.053991556,-0.41646537,-1.2060232,-0.57565737,0.7269548,-0.7995397,0.28059816,0.4911767,1.0058792,1.161475,-0.046026874,-1.231282,0.030338377,0.27693278,0.7021464,-0.041196086,-1.141184,-0.9494997,-0.03481414,0.7653631,1.0365299,-1.2677555,-0.11664514,-0.05735174,0.034129955,0.10377534,1.1343422,-0.07727157,0.6755233,1.9837208,0.74624836,-0.01681013
シ,-1.5446181,-0.099273264,0.8030101,1.308773,-0.22822319,-0.8868063,-1.4104806,0.39263555,1.458101,-0.04881703,0.5135628,0.26201418,-1.4805284,1.891513,-0.7937024,0.5165264,1.1320363,-0.56726396,0.38700923,-0.72313905,0.47558302,0.32404387,0.584957,-0.673738,0.7952918,0.964521,0.9208737,-0.09082833,-0.78752816,-0.57954633,0.25134522,-0.56686836,-0.8469318,-0.2898556,0.68333125,-1.2945956,-1.7583491,1.3378423,0.018117905,-0.5170227,-0.9315648,0.53050387,-0.19967487,0.19825846,0.1275463,0.39362118,1.5363553,-0.1118447,1.0445613,-0.76162213,-0.94012153,-0.56967044,0.45426512,0.78505224,0.44308424,-0.24530353,0.6183357,0.7459107,0.3571124,-0.5912712,-0.13928804,0.8686377,-1.0160446,0.3391464,0.27113226,1.1597188,-0.031538364,-0.4159092,-0.41470945,-0.6188395,-2.8381243,-0.82516277,0.36046946,1.3565203,-1.1031144,0.8944947,0.48945838,-0.1937054,0.4415899,0.38143283,0.14359093,0.26973477,-0.9601621,0.9559206,-0.694673,-0.9849248,-0.50427186,-0.044076335,-1.0140729,-0.085336074,-0.030615866,-1.4213815,-1.6241852,-1.3733356,0.9461679,0.062678576,-0.900795,-0.98649734,-1.3884336,0.055991724,0.646585,0.7836785,-0.17840353,-0.28314734,-0.9049188,-0.2865625,-1.0435128,-0.8127001,-1.2844003,0.91389835,-0.35296658,1.0294482,0.60626227,1.2089,0.68248546,0.95794725,-1.1676637,-0.79679215,-0.6059936,0.13975719,1.0725958,0.3399709,-0.7864368,0.44943592,0.41182488,0.4682349,0.103060275,-1.1471672,0.30081043,0.41721573,1.0020739,-0.3639613,1.3106322,0.73532945,-0.7854299,-0.2917502,-0.47111154,0.14407444,0.61572963,-0.6777797,-0.6663536,0.32515797,-0.076259434,-0.2782581,0.21864437,-1.4095871,0.07224914,1.1731918,1.0818835,0.10414411,-0.07017583,-0.33485645,-0.98804116,0.2795097,0.56378794,0.37680224,0.37878183,0.02037076,-1.1888537,1.1301947,0.47452897,1.3235804,-0.979541,0.0557542,0.08755436,0.45142713,-0.6427234,0.8887898,-0.6973333,-1.9770995,-0.071097374,0.1086846,-0.028662324,0.033310637,0.33110476,0.060312524,0.8025407,0.332046,-0.8065329,-0.44772986,0.9680451,1.2513812,0.5481961,0.9165591,-0.35559377,0.38863474,0.48245585,0.1774766,0.11025328,0.020476148,1.1182348,-0.752251,0.9554954,0.97936267,1.4414382,2.5890641,0.29272038,-1.5755054,-1.3132144,0.7220433,-2.0806227,-0.74144655,0.56582946,-1.0594103,1.4406711,-0.6622977,-1.0590992,1.6041187,0.052624926,0.15063608,-1.066283,-1.22219,0.742803,0.50756145,-1.1504707,0.082945995,-0.6184665,0.50268406,-0.3418619,-0.099855155,0.6634925,0.4666894,0.036973175,1.7481929,-1.0344852,0.54062045,0.6379208,-0.020871393,0.08980832,0.3599596,-1.0772675,0.63972664,0.50116444,-0.43156478,-0.6059226,0.15430082,-1.0151939,0.8163893,-0.44825935,0.11044134,-0.23463573,-0.69959533,0.20089445,0.18302023,0.8024374,0.8607528,1.5009292,-0.07818639,-1.4044117,0.2726391,0.59441775,0.9219191,0.11031571,0.46206123,0.44159278,1.0242019,-1.0801122,-0.04158876,-0.3078887,-0.18042937,0.17170084,0.68676656,-0.004142016,0.8551943,0.48659158,0.119698286,-0.7150974,-0.121301495,0.11916235,-0.6158964,-0.83367234,-0.23274663,-1.0332553,-0.25917837,0.25472748,0.2242471,-0.5214456,-0.43165964,-1.1332667,0.20438778,0.5304331,-1.7078809,-0.40794772,-0.31884027,-0.77664244,0.35088557,-0.6007831,-0.1347226,-0.030040424,0.911793,-1.258455,1.1849525,0.4410365,0.42730907,1.2464625,-0.11963695,0.7032548,-0.576748,0.6205987,-0.65295535,0.36311153,0.3887729,-1.3673186,0.44721714,0.12703097,-0.4229567,0.48878258,-1.4075555,-0.9440856,-0.6126573,0.21229373,-0.567618,-1.5623598,2.3670363,-1.6409018,1.1558073,-2.0135658,-0.536848,-0.68004626,-0.3017553,-1.1508366,0.86528057,0.39096445,0.2118022,0.9066423,-0.09837006,0.087881535,0.63777804,0.5955349,0.71982163,-0.44226372,0.5824955,-0.4971547,-1.509394,-0.14494327,0.99923277,-0.8844695,-1.3953441,-1.37815,-0.6878526,0.56501573,-0.69213897,-0.1914621,0.61039233,0.4603895,0.7309545,-0.7819761,-0.60356545,-0.102698505,-0.527813,1.0584561,-0.4357094,1.6006889,-0.33056998,-0.73653907,0.7461547,-1.4521711,-0.1269782,-0.75149244,1.8152194,0.68191665,-0.057488605,0.23826826,0.12868509,-0.69425285,-0.61014515,0.56660914,0.38911265,1.4415684,0.46778253,-0.70147955,1.2319138,0.024888296,0.77990746,-0.225,-0.5211792,1.4116914,0.08788995,-0.5395116,-0.23487125,-0.08522493,-0.32690182,0.20336995,0.38406086,-0.26522502,-0.060871355,0.5887869,0.65280783,-1.0372654,-0.98277926,-0.5829712,-0.0018116197,1.0809355,1.4243875,1.7028787,-0.40393907,-1.0560592,-1.6294134,-0.06851237,0.9619977,-0.022379521,0.4219219,-1.7361238,-0.09914903,0.32673982,0.15454581,-1.149627,-1.7693559,1.115179,0.16181642,0.6073389,1.4211491,-0.16257593,-1.2159156,-0.080461435,0.52315634,-0.11403323,-0.7190722,-0.5546869,1.0784944,-0.92133397,1.1594175,0.9027465,0.6053053,-0.014822349,-0.16616899,0.62677056,0.12083143,-0.5876891,-0.6552525,-0.16968851,0.3016516,-1.2743257,-0.6285885,0.84151465,-1.6605088,0.44946682,-0.34159905,-0.35161757,0.113272674,-0.81419706,-0.58250433,-0.94364905,0.12341228,-0.91065,-1.2999183,-0.29245403,-0.96109533,-1.483077,0.59257007,1.2677408,-1.5231982,0.621542,0.54679084,0.013870888,0.46938792,-0.09909986,-0.4027327,0.6366857,-1.216751,-0.013234131,-0.2423308,-1.6045481,-0.086886615,-0.07601941,-1.1358714,-1.3543928,1.1650442,0.9890906,-1.3952665,-0.91478884,-0.072852194,-0.34871602,1.1444559,0.60873204,-0.25572348,-0.25892234,-1.0338533,-0.006999667,0.5028198,1.1023724,0.37881267,-0.003323406,0.64804476,0.31659427,0.79330325,1.9295189,0.10537434,0.72270244,0.90867513,0.40362138,-0.5465853,0.72118187,0.22077245,-0.2537714,1.0134858,-1.3038162,-0.4685665,1.622518,-0.74277395,-0.8705119,-0.17172424,0.46670848,-0.4140411,0.43020695,0.050632827,1.4145144,1.6056366,1.0115874,1.6215154,0.028280586,-0.49579692,-0.8077709,0.09309175,-0.99514425,-0.6476213,0.50985855,1.2365108,2.0261974,-0.6395971,0.1563467,-0.078762956,-0.76139396,-0.7445393,0.8123205,0.07386799,-0.807671,-0.5601563,0.058015686,-0.7646736,0.13684793,-1.5853279,-0.19999841,0.7997885,0.41793227,-0.18071608,-0.25997692,0.5592358,-0.12637603,-0.9090495,0.098582566,1.5556723,1.4280597,-0.55561376,-1.3418554,0.5584019,-0.41869676,-1.3826486,0.21917243,-0.6049696,-0.8371705,0.5592556,-0.66300297,-0.21990481,-0.9588362,-0.40155542,1.8929532,0.6705682,-0.24862641,0.1126718,-1.0320017,1.689069,-0.85292244,-0.87080055,1.0991135,0.5141991,-1.1411936,0.7379681,-1.4133667,0.28777662,-0.4996028,0.3967628,1.0318103,0.37269706,-0.37213498,1.9822061,0.13845505,-0.09639976,-0.13581091,0.51373124,-0.46490806,0.6852518,-2.4157863,1.027816,-1.4768343,-1.235968,-0.20331639,0.4246372,-0.25484592,0.13404676,-0.425904,0.31741482,0.23838937,-0.65329534,1.3201858,1.5040241,-0.5051835,-0.83033943,0.8051003,0.004348997,-0.74789065,0.19970928,2.469541,0.42487922,1.7469536,-1.2116157,-0.3484186,0.3577702,-0.6859037,-0.6638574,-0.2837785,-0.5242701,-0.02058107,0.7676461,-0.3057966,0.5802313,-0.85351855,0.3030793,0.9833619,-0.648281,-0.07292867,0.60231,-0.9979127,-1.8033941,-1.016383,0.8427329,1.172216,-0.58916235,0.47176808,0.5484612,1.1161354,0.9415836,0.06942566,-0.48339528,0.4620915,0.83018005,1.1397069,-0.75665164,-1.3969767,0.93487334,0.7384044,-0.3872924,0.4716752,0.31261504,-0.45436978,-1.8543051,1.2993257,0.71656424,0.2423678,0.3478649,0.24217898,-0.38757154,0.60443413,-0.56802773,-0.16740069,-0.4276358,-0.43566865,-0.5194942,-0.7522006,-0.6519318,0.14949423,-0.59657073,-0.35484487,-0.45898467,1.4090898,-1.4303811,0.4572981,-0.57048124,0.8857748,0.54779965,-0.1636883,-0.8193158,-0.20878834,-0.7295552,1.4961488,0.88915277,-0.16269161,-1.4942422,0.30619496,0.89133763,0.77237445,-0.32439524,0.09008292,-0.06556465,-1.0907786,-0.35660258,-0.819886,-0.23507665,0.3816676,0.6993368,-0.7340057,1.4192224,-1.5803025,0.6774463,-0.33646062,-0.9671127,0.36711657,0.28572804,-0.5478894,2.045477,1.0497079,-0.08870824,0.27443507,0.7064829,0.81627125,0.12968156,-0.47035405,-1.3209999,1.09838,1.2427577,0.33451134,-1.1678002,-0.1327685,0.4970909,-0.26479954,1.6784298,0.028527066,-0.88169616,-0.48463833,0.12956716,-0.8976104,-0.7188987,-0.51053244,0.28566366,-0.8455321,0.7354118,-0.8976655,-0.29542595,0.28228134,-0.81231403,0.5431249,0.10893369,1.0373265,0.41277888,-0.22013722,0.3679086,-0.7353965,-0.6486789,-0.68584496,-0.23711672,0.18215212,-0.4434985,0.2711338,0.12149616,0.8005327,1.388376,0.446761,-0.500386,0.32631487,-0.10338709,0.20467143,0.8053517,-0.38552004,-0.5707994,0.39757463,-0.050322536,0.29618365,-0.9224907,-0.36010075,-0.03661126,0.5318679,0.06303278,0.44664732,0.088689,0.60140204,1.9268894,0.7500383,0.10234266
ノ,-1.1689366,-0.43620002,0.66657233,1.5902214,-0.58086073,-0.61094064,-1.5842257,-0.09837397,1.1584266,-0.9747782,0.4152042,0.3824695,-1.5820462,2.1482022,-0.6824797,0.21455215,0.9146064,-0.2990509,0.10843297,-0.48098052,0.49351263,0.31742287,0.42093655,-0.45187354,0.77881557,0.49852893,0.6254605,-0.79761124,-0.5290578,-0.34151635,0.07243324,-0.4328393,-0.68738455,-1.2077987,0.0079733925,-1.1286782,-0.6739231,1.0528172,-0.34350035,-0.18233009,-0.9267516,0.5773555,-0.59440047,0.041994136,-0.75135463,-0.39929104,1.6055418,-0.5851429,0.6206939,-0.38099205,-0.40590432,0.24961345,0.5314843,1.1094123,0.3868244,0.06286123,0.3658028,0.52902776,0.13853413,-0.36523107,0.7214878,1.202641,-1.1705469,-0.11346207,0.59673685,1.3950878,0.8141195,-0.5803634,-0.37955627,-0.82670516,-2.402117,-0.4927183,0.5945446,1.11285,-1.156446,0.8667848,-0.26292384,-0.7135403,0.14280726,0.5428421,0.044461783,0.8409484,-0.8671983,1.1810663,-0.42855474,-0.5651121,-0.32970476,-0.27276444,-1.4935026,-0.01970067,0.16879725,-1.0184162,-1.4005526,-1.086583,1.2778028,-0.32614347,-1.175871,-0.59603864,-1.3605682,0.13733344,-0.118311286,1.4721035,-0.43473768,0.31469318,-0.78128916,0.0058543086,-0.93019265,-0.91216606,-0.26329246,0.6918023,-0.06862695,0.5915533,0.71839374,1.5178438,0.88849264,1.1209154,-0.37027064,-1.1079366,-0.6381611,-0.05725895,1.068547,-0.12398657,-1.0357996,0.58197165,-0.24272679,1.4982877,0.2446359,-0.4714346,1.2862483,-0.29304862,0.6158616,-0.55173,1.372529,0.80364245,-1.0648481,0.07769092,-0.6268973,0.38929918,0.1589679,-0.4576027,-0.8294472,-0.19540256,-0.48588383,-0.09675345,-0.018333578,-1.4314384,-0.00473691,0.66722625,1.0702298,0.23011594,0.20794606,-0.5684367,-0.51231873,0.4126171,1.1811999,0.016787628,0.21317494,-0.600269,-1.6440134,1.0262069,0.3101149,1.2381212,-0.6536435,0.098457426,0.27344593,0.4103905,-0.74294573,1.0058664,-0.93752456,-1.4886748,-0.42739522,0.7929632,0.55142397,-0.29408386,0.24651344,-0.1225367,0.4871447,0.571835,-0.6805151,-0.03930751,0.026081689,1.4823123,0.2037195,1.3820654,-0.3257024,0.6963241,0.9497359,0.4500769,0.36497808,0.1149539,0.47261414,-0.69197303,0.8218052,0.54382056,1.4677147,2.347089,0.9511209,-1.6807207,-1.7822446,0.65240955,-1.7467612,0.025735626,0.5559961,-0.5059436,1.7590455,0.0857893,-1.1823134,1.9130114,0.34817314,0.119924486,-1.3763899,-0.94644165,0.77178925,0.6114741,-0.52156156,-0.08124282,-0.9186484,-0.009990613,-0.28838608,0.18350194,0.5269449,0.09641924,0.07853556,1.7669326,-1.2369837,0.3585298,0.36424422,0.5044947,0.050765634,0.5037237,-1.2781329,0.18857537,0.80574554,-0.6069518,-0.5906014,-0.13809003,-0.14673369,0.5231452,-0.54100996,0.06470256,0.11010852,-0.74871916,0.23004548,-0.034831565,0.45082763,0.9073333,1.4080623,0.5596542,-1.4502673,0.05320677,0.76742476,0.5087203,0.2864574,0.032801043,0.6291225,0.60446435,-0.29403543,-0.36492062,-0.103464626,-0.12602717,-0.00085011806,0.8353255,-0.3122261,0.7022753,0.2951061,-0.6052572,-0.30354458,0.20557775,0.20300877,-1.4022504,-1.168704,-1.0405965,-1.2438949,0.039575294,-0.17712367,-0.039740857,-1.1948508,-0.065675326,-1.2655541,0.37652072,0.5889973,-1.4316086,-0.69820744,-0.117181934,0.50133485,0.9038523,-0.3808343,-0.36096552,0.8035207,0.9958808,-2.0746758,0.87743616,0.30821896,0.32412967,1.2120018,0.016310358,1.0994052,-0.24008562,0.8422251,-1.1307398,0.3999124,0.97476465,-2.0339127,0.40589854,0.2611669,0.026271114,0.49027932,-1.2060312,-0.30814162,-0.75551915,0.20290196,0.007314081,-0.98403454,1.7613097,-1.6140623,0.99786043,-1.1713381,-0.58465046,-0.3498501,-0.5008735,-1.706809,0.7004499,0.82426906,0.5707297,0.17583714,-0.6176424,0.039490398,0.5622933,0.8579216,0.72773504,-0.25724557,1.2007947,-0.4476908,-1.1903435,0.10741743,0.58030957,-1.4614118,-1.6461734,-1.249391,-0.08601493,1.0607132,-0.4396594,-0.011674672,0.9267768,-0.2903503,0.9710219,-0.8971074,-0.31820318,0.27875492,-0.62788385,1.2013656,0.09443758,1.7844058,-0.5822672,-0.110748835,0.21846895,-1.8289267,-0.318899,-0.6870298,1.9597429,0.5229331,-0.082681194,0.36415088,0.47370896,-0.6896792,-0.405589,0.7682685,-0.15109082,2.3432343,0.61109847,-0.48844418,2.118844,-0.100764334,0.17011823,-0.33597293,-0.51761353,1.686009,0.27129182,-0.33924636,-0.43490815,-0.5204845,-0.15807287,-0.087260626,-0.12076259,0.1533943,-0.205595,0.85062546,0.55585694,-1.4238644,-0.7788436,-0.88553184,0.75368357,1.3257395,1.9661303,1.301599,0.028716177,-1.0409219,-1.8359079,0.26467544,1.3397232,0.048323274,0.5633142,-1.2092733,0.5106981,0.092338145,-0.16400054,-0.9608495,-1.8733536,1.5491209,0.5514863,0.18098502,1.0675673,-0.38831702,-1.3595117,-0.19505252,0.7664245,0.39457318,-0.3417845,-0.4948465,0.8505545,-1.0968107,1.0108068,0.63858086,0.19509952,0.5263026,0.7260582,0.66343623,0.57718194,-0.7695379,-0.923793,-0.23791508,0.4063568,-1.8188118,-0.5043047,0.38166153,-1.951835,0.88316983,-0.4254155,-0.2724984,-0.21195014,-0.77001613,-0.3673462,-0.78089267,-0.0463933,-1.4107599,-1.131731,0.39899066,-1.4591932,-1.4737573,0.72753996,1.8087411,-1.5840411,0.667257,0.63707465,0.2578016,-0.13550718,0.040402215,-0.52596015,0.069206,-0.52954066,-0.091452986,-0.030459076,-1.3144091,-0.22396898,-0.10244727,-1.4559159,-1.1234283,1.1687919,1.3318042,-1.989236,-0.5754735,-0.42337057,-0.69356126,0.5699355,0.2759986,0.74757427,-0.28533775,-0.13198985,-0.064642616,0.9128294,0.8802679,0.022172367,-0.7219725,0.1825614,0.7509702,0.0819649,1.7437376,0.25488782,0.12660812,0.53918153,-0.050329883,-1.2292329,0.52882445,0.09568318,-0.17691952,1.139592,-2.1452353,-1.2647768,1.5670753,-0.5996782,-1.2536913,0.23239698,0.5083917,0.04483496,0.305207,0.39685726,1.0420054,1.1156813,0.45732245,1.5922141,-0.87015563,-0.5135915,-0.58737415,-0.49690732,-0.7736063,-0.65328425,1.1031889,0.777543,2.371653,-0.92731196,0.29500192,0.95064765,-0.95870465,-1.2945366,0.74999505,0.8929884,-0.9454127,-0.64661396,0.09284357,-0.6877458,0.2191289,-1.5221554,-0.5817899,0.5471606,0.47268215,-0.34715036,-0.33872476,0.46727154,0.53735715,-1.4028587,0.63812715,0.97139436,1.0110744,0.49952278,-1.2617875,0.21238087,-0.1660886,-1.8951583,0.22387113,-0.7031974,-0.14513294,0.2689817,0.08704545,-0.34663284,-1.1704053,-0.40414533,1.1408811,0.130907,-0.14562084,0.10387934,-0.86428374,1.9706594,-0.6462186,0.19389386,1.0268234,0.7338365,-1.8991162,0.2782064,-1.1093622,0.39931583,-0.92305595,0.51907843,0.44171464,0.7855988,-0.91100186,1.3871328,-0.3109599,-0.17462532,0.5290197,0.32324103,-0.045542702,0.47610936,-2.1978843,1.007762,-1.5459442,-1.277784,0.11544546,0.9661022,-0.5761676,-0.2564563,-1.2642021,0.36137655,0.5246319,-1.045937,1.6786388,1.7184095,-0.8144465,-0.30665377,0.7938957,0.32778883,-0.4620773,0.0011052638,2.409323,0.6767737,1.1201082,-1.3118912,-0.6952693,-0.4696035,-0.3548347,-0.75010484,-0.021857554,-0.81437826,-0.25610873,0.67656755,-0.3271247,1.2592226,-1.7693993,0.08958572,1.1759908,-0.91577524,-0.49395192,0.25657833,0.0016470453,-1.5732983,-1.4245949,0.7091268,0.6867756,0.33914185,-0.33569384,0.5273009,1.6118127,0.5746134,-0.5091935,-0.7595217,0.77769166,1.0303398,0.849238,-0.33224344,-0.8419288,0.8762447,1.446578,-0.78092736,0.560581,-0.62423015,-0.5705451,-2.4096696,1.1030116,0.99090356,0.21101107,1.5598226,0.5072369,0.14859258,0.7072218,-0.80984926,0.055366475,-0.72057956,-0.50229776,0.1481662,-0.6093885,-0.7670417,-0.6125394,-1.2317436,-0.20982915,-0.038950663,0.73343915,-0.6531339,-0.09563279,-0.028638383,0.7538297,0.18996572,-0.68462807,-0.8075885,-0.32368958,-1.2870803,1.5331488,1.24338,0.20054351,-1.7180156,0.2585986,0.87911814,0.4459932,-0.7063834,0.32877478,-0.1188199,-0.9794906,-0.30337712,-1.6736614,-0.10520514,0.47566533,1.2415085,-0.85515255,0.56002575,-1.3514463,0.7064248,0.3015679,-0.7679704,-0.19995324,0.62013537,-0.8394751,1.8279195,1.1332067,0.1951463,-0.0035363932,0.4767549,0.6537743,0.071340114,-0.961539,-1.7345246,0.5898084,1.0247802,0.53551245,-1.5762626,-0.16371389,0.32665548,-0.32116538,1.6098276,-0.5186675,-0.4171201,-0.5088911,-0.098453134,-0.6266175,0.34753057,-0.7684571,-0.18028855,-1.0654339,0.30453873,-0.5092193,-0.12089008,0.184762,-1.213559,0.35695088,-0.0036263962,0.77684665,1.6123781,0.7317025,0.45075008,-0.45918906,-0.063586965,-1.1335102,-1.0212182,1.1850984,-0.72156906,-0.22933726,0.12222616,0.39669445,1.7387065,0.5799106,-0.84865314,-0.19307984,0.4455731,0.27121195,1.0033518,-0.015659593,-0.33370766,0.10486681,0.5170962,0.6870052,-1.0016779,-0.008064668,-0.017461503,0.39518568,0.6270806,0.5947691,0.349466,0.8256309,1.2620571,0.9514908,-0.29753834
タ,-0.27924204,-0.3944112,1.0393035,1.0176821,-0.82775277,-0.68475914,-1.1578678,0.6796651,1.25999,-0.03001908,-0.2998998,-0.21345258,-1.8959379,2.2183633,-1.2422287,-0.057808794,0.99154204,-0.70286405,-0.16587639,-0.1595393,0.22449514,0.29491398,0.25407284,-0.4261961,0.78221446,0.6347727,1.0320232,0.27830082,-0.821201,-0.7345408,0.15858918,-0.3986537,-0.8604172,-0.5697266,0.0709203,-1.2664157,-1.4737642,0.95481235,-0.11207317,-0.6088326,-0.94223434,1.2502835,0.08578206,-0.3177142,-0.292746,0.35329568,1.438249,-0.35714015,0.20630658,-0.13071874,-0.99561006,-0.8543913,0.9164276,0.9394525,0.8497019,-0.30603027,1.0260376,0.3005119,0.12574865,-0.5489441,-0.04391104,0.3961041,-0.84107476,-0.5621384,0.057266723,0.623844,-0.5548715,-1.0525788,-0.302869,-0.75906545,-3.0288136,-1.2320977,0.18153884,1.232156,-1.4106181,0.5141454,0.15084724,-0.6873746,0.73780537,-0.38647038,0.064231336,0.32478112,-1.5898117,1.4147995,-1.1947755,-1.3577657,-0.1876504,-0.24285221,-1.017751,-0.029551338,-0.72866756,-1.2623909,-1.2596585,-0.987661,1.1011505,0.2323618,-0.54512733,-1.0963469,-1.1211376,-0.20914836,0.21953662,1.2820408,1.0951239,-0.3275289,-0.79756796,-0.1683586,-0.5942606,-0.46089187,-0.9625351,1.0245721,0.20581162,0.3942893,0.6189219,1.1392431,0.5617984,0.6670865,-1.1823539,-0.82844007,-0.0029761554,0.27279133,0.8646185,1.0087881,-0.20272835,0.64222294,0.2949263,1.1224678,0.4347392,-0.7895023,0.922264,0.038885534,0.43095207,-0.05422749,2.1219685,0.8073387,-0.83159465,-0.96357286,-0.38321555,-0.13002226,0.31116343,-0.49889654,-0.95386326,0.5311151,-0.6465821,-0.2854691,0.7135457,-1.7299598,-0.038691293,0.82656384,1.4076829,0.33120522,-0.12419902,-0.2914122,-1.4469473,0.021289611,0.77527016,0.3523144,0.06228132,-0.04242294,-1.2634054,1.8273418,0.20356055,1.6412557,-0.73397577,-0.0035624802,-0.14829001,0.7651913,-0.5512253,0.95285285,-0.39770067,-2.3889642,-0.30229387,-0.2548563,1.5094868,-0.20173046,0.42322436,-0.076522544,0.9425762,0.43048888,-0.7787125,-0.25521034,1.3016824,1.52679,0.039811026,1.0579044,0.13731459,0.7636881,0.8193876,0.52651453,0.7972386,0.36741227,1.3171382,-0.5770949,0.6884026,1.4647808,0.8733387,2.816155,0.75353104,-1.2295771,-1.2205547,1.1999508,-2.183513,-0.5657821,0.88204277,-1.0242279,1.0016257,-1.0163629,-0.67226076,1.8724362,0.39390546,-0.009676516,-0.98812026,-0.72617406,1.303126,0.914516,-0.21301916,-0.16504511,-1.1411297,0.07612328,-0.0064680874,-0.573434,0.20940742,0.75648296,0.3136642,0.6874419,-1.0832036,0.47384802,0.2504264,0.10947627,0.30501655,0.69250613,-1.2448044,0.51099443,0.261784,-0.22217318,-0.61543745,0.48701334,-0.25026548,0.77292144,-0.5967828,0.29876378,0.17481127,-1.7837168,0.3652183,0.26108748,0.22240786,0.8538372,1.6820004,-0.27603322,-1.763064,0.0029589057,-0.08174585,1.4214762,-0.455196,-0.16767463,-0.13225953,1.3671579,-0.31072932,0.31324804,-0.6094655,-0.68302315,-0.46950006,0.47191387,0.27988952,0.25950927,0.50756294,-0.43916702,0.079290524,-0.41510075,0.40425435,-1.2711952,-0.89961433,-0.90718937,-1.3028193,0.41832566,0.2094564,-0.03257609,-0.64408207,-0.6303481,-0.7028552,0.9250267,0.39696103,-1.5473636,-0.5702969,-0.23679452,-0.44302368,0.98772603,0.5092547,-0.30209473,-0.1569004,0.4430542,-0.8359827,1.1912647,0.03938117,0.41292495,1.364799,-0.09052954,1.38209,-0.7514316,-0.16486931,-1.2831666,0.82576436,0.7065625,-1.6970081,0.64975023,-0.70463604,0.03392831,0.8563469,-1.3276768,-0.8919514,-0.5381038,0.15112472,-0.6886814,-1.5763844,1.6097301,-2.6780543,1.4563166,-1.6334741,-0.47061723,-0.9777807,-0.74801904,-0.95160246,-0.02834325,0.8159995,-0.20653348,0.33153588,-0.0412081,0.19953637,-0.17429963,0.05984059,1.0074427,-0.0868521,0.4936843,-0.500523,-1.1055926,0.23978479,0.5837882,-0.72340643,-1.1797,-0.6942595,-0.11387243,0.019919049,-0.15201613,-0.56834525,0.81154954,-0.42760143,0.8162775,-0.5788123,0.053848933,-0.31183666,-0.7318619,0.89056265,-0.51294094,1.0669571,-1.1416956,-0.35419887,0.7543266,-1.2593243,0.5642542,0.24567509,1.5462531,0.5786847,0.5099201,0.55613494,-0.21110547,-0.1073906,-0.9802822,1.1854192,-0.042428713,1.9324267,0.58566505,-0.87844384,1.3880523,0.25103396,1.2045707,0.020405602,0.09383377,1.7584884,-0.08580375,-0.26427138,0.44480452,-0.037936658,-0.011205589,0.046438776,0.9322265,0.12557587,-0.30726594,0.84314936,0.5982661,-0.49968156,-1.3694766,-0.8224348,0.4932312,1.2453536,1.0759779,1.5195438,-0.26141116,-0.7165229,-1.6553997,0.8846065,1.4113271,0.8788743,0.12785538,-2.033802,1.1067526,0.38368413,0.19676101,-1.4969393,-2.157779,1.3196026,0.48954812,-0.035579175,1.5849524,-0.44932374,-1.48916,-0.41878623,-0.11224528,-0.050483048,-1.3754609,-1.0732429,0.54907036,-0.8599922,1.4579331,0.9927273,0.29933923,0.09744634,-0.84896696,0.0732923,-0.110536,0.33023825,-0.4379077,0.33971033,-0.02995572,-1.5851877,-0.44090438,0.8771292,-1.9844087,1.0889885,-0.4235716,-0.3355611,-0.18621403,-0.7203239,-0.6606776,-0.31752545,0.10886492,-1.2565753,-0.55151373,-0.113515995,-1.2952919,-0.9145463,0.7826783,1.0080045,-0.20058417,0.8699058,0.32332766,0.1325554,0.7976376,-0.18989177,0.46351862,0.65244323,-0.5188664,-0.25030935,-0.066055246,-1.214986,-0.7081751,1.1136652,-0.8947506,-1.3449517,0.9287747,0.28627175,-1.445025,-0.89991105,0.16613759,0.21020083,0.8354252,0.8731564,-0.21084972,-0.5098193,-0.82304734,0.0025769114,0.02785421,0.51161367,0.034994952,-0.18332013,0.77693546,-0.36032325,-0.06858063,1.6212842,0.1744226,1.6850221,1.1038911,0.26851395,-1.2582386,0.9635469,-0.12860246,0.14162917,0.53963196,-1.1774168,-0.6987096,1.3673637,-0.10307481,-0.5575039,0.06631484,0.63528425,-0.40150183,-0.22566405,-0.1232213,1.4798353,1.1976101,0.35000286,1.0746496,-0.7235391,-0.52098954,-1.185798,0.19537793,-1.4224688,-1.2153986,0.11421494,0.6740754,2.058558,-0.6355935,0.45366445,1.0578299,-0.58961487,-0.478211,0.43152332,0.3033268,-0.47607946,-0.48365632,0.11789386,-1.0365335,0.22068992,-1.8410256,-0.1790496,0.8985416,1.0588412,-0.7278086,0.17027406,0.39878744,0.39506763,-0.66137636,-0.21439297,0.8687903,1.7021898,-0.3489112,-0.2769762,0.6530267,-0.22202238,-1.2712042,-0.19466971,-1.3192728,-0.90010273,0.5572315,-0.85473806,-0.15388845,-1.2773008,-0.74571645,1.6973442,0.4312833,-0.26401407,1.0107648,-0.7009479,0.87279147,-0.06375313,-0.57384247,0.98123723,0.3166152,-1.1708618,0.8454531,-1.5134766,0.3275898,-1.1136923,0.9234775,1.4076006,0.3452399,-0.62815964,1.7742554,-0.8683675,-0.4016551,-0.5674033,0.03227995,-0.7986082,0.44613138,-2.2216468,0.76864356,-1.7792572,-0.7463832,0.06402601,0.5764419,-0.7711556,-0.21588168,-0.12104379,0.40685463,-0.18982922,-1.0224375,1.0159185,1.5215032,-0.676453,-1.2650552,1.1298894,0.1995863,-0.17659849,-0.1535706,2.4485688,0.28882924,0.84852916,-1.2937975,-0.52228117,1.0004779,-0.20008507,-1.0951538,-0.32018545,-0.16030136,-0.19690862,-0.060841154,-0.26283827,0.94243735,-0.78676,0.12270043,0.918108,-1.1498246,-0.13442959,0.2172699,-0.44989234,-1.0293171,-1.7435744,0.69213516,0.66891533,-0.27089822,0.18418147,0.7758318,1.8844242,0.82094085,-0.123867,-0.7482282,0.84216464,0.4102314,0.3827821,-0.6689067,-0.74893874,0.5952107,1.1018931,-0.63754594,0.37029022,-0.0038242578,-0.14869948,-2.3330433,0.8881755,0.67833734,-0.47928038,0.84234285,-0.16970061,-0.0030394078,0.18267973,-0.2863012,0.26756087,-0.8008755,-0.46167642,-0.42339993,0.024379397,-0.9506051,0.13577762,-0.716364,0.6838529,-0.78706014,1.0501735,-1.278212,0.72140086,-0.049643263,0.63364196,0.14265625,-0.14635673,-1.6374781,-0.4780993,-0.057601225,1.0768642,0.76404303,-0.40409905,-0.20920801,-0.35539645,1.0094225,0.8078936,-0.038356576,0.03246269,0.13145596,-0.06779392,0.1936996,-0.87000734,-0.3102506,0.18698454,0.18561906,-0.8889952,1.431563,-1.4501187,0.9848024,-0.37656674,-1.3324177,-0.12825695,0.1569774,-0.74657726,1.8260992,1.029158,-0.5143459,-0.49354896,0.9308429,0.8409152,-0.17435397,-0.08455306,-1.5171137,0.93268204,1.4071704,0.5221152,-1.0185957,-0.19395868,0.5708439,0.13545029,1.1692197,0.09768772,-0.24392188,-1.0345857,-0.21924666,-1.358412,-0.31627622,-0.19758609,0.17671159,-0.6196966,0.61674863,-0.3935263,-0.9310633,0.5004159,-0.5448086,0.139944,-0.12243738,1.328928,0.6530776,0.42423186,0.34545726,-0.37090686,-0.16040346,-0.7779125,-0.31726915,0.99512184,-0.48039284,0.9572998,0.46586555,0.8962153,1.4758958,0.7392232,-1.6227071,0.46455503,0.22548786,0.41922793,0.28466278,-1.0660994,-0.39620942,0.1311402,0.30217758,0.8173183,-1.2163346,0.13145687,-0.11285241,0.16912991,0.28917694,1.0210288,0.3828737,0.63360095,2.4945116,1.0542626,-0.56969845
メ,-0.3292012,-0.7171306,0.71340233,1.7551092,-0.5547628,-0.27850908,-1.6696198,-0.28296697,0.9252288,-0.4201608,0.5010054,0.25911728,-1.3162575,1.638375,-0.9683612,0.19271328,1.394535,-0.8238753,0.31530857,-0.23462632,0.9575854,0.44061357,1.1833808,-0.88688785,0.926143,0.65267503,0.48557457,-0.4688186,-0.54045093,-0.41966254,-0.2715922,-0.31163767,-0.7286658,-0.37629247,0.062032428,-1.1913167,-1.1363746,1.0756772,0.3187277,-0.57591456,-1.1442451,0.55675066,-0.6642734,-0.08393513,-0.44799742,0.30995122,1.797506,-0.10744126,0.40096182,-0.32800126,-0.25281134,-0.19090946,0.36039925,0.68967855,0.88733345,0.07979781,0.92158604,0.85006577,-0.27795288,-0.4254169,0.70287883,1.3012255,-1.1672729,0.18418963,0.3147147,1.0497495,-0.2250198,-0.9448523,-0.30460468,-0.21304576,-2.3566513,-0.26696566,0.26650468,1.2494457,-1.5103127,1.127194,0.54339844,-0.68039685,0.5142244,0.26484704,0.02490793,0.32990223,-0.8695609,1.7028285,-0.2758005,-0.36553127,-0.4476436,-0.12593353,-1.2325369,-0.22284368,0.32865855,-1.3242779,-1.5833796,-1.4824378,0.7517873,-0.30529946,-0.7313855,-0.30415225,-1.5807769,0.55058444,-0.16491172,0.9294742,-0.29533857,0.24082947,-1.3345879,-0.18282904,-0.60810775,-0.7541404,-0.6685518,1.0727321,-0.15052631,-0.0730784,0.6642065,1.3347627,0.947533,0.8523741,-0.3871424,-0.81364506,-0.5852923,0.031607144,1.1356082,-0.17608874,-0.5800213,0.5301265,0.77562517,1.1475366,-0.17708857,-0.80957,0.921616,-0.12204147,0.54463154,0.14454055,1.4646853,1.0996876,-0.9337773,-0.27410844,-0.72712135,0.10527364,0.2841416,-0.43514246,-0.7839786,-0.10472107,0.010127619,-0.24858643,-0.0666522,-1.5035007,0.35771576,0.585595,1.1438621,0.6118264,-0.22574033,-0.65510976,-0.97430146,0.4718886,0.0014554943,-0.13897796,0.25131273,0.008264608,-1.2811992,1.8193103,0.19856255,1.3538278,-1.082177,-0.004187993,0.1637661,0.56401765,-0.6248808,0.6776382,-0.49691227,-2.2118728,-0.5835697,-0.064097166,-0.09895672,-0.1746612,0.6210456,-0.387671,0.921544,0.2807194,-0.8475638,0.16748719,0.34698513,0.9297157,-0.20030148,1.7119459,-0.22385375,0.12010454,0.549105,0.6214555,0.48060623,0.5241134,0.6470141,-0.78812295,0.9164892,0.8439007,1.4364711,2.6776836,0.74507177,-1.4616697,-0.7380506,0.8523745,-1.9767035,-0.117107846,0.6295958,-0.6164398,1.7526016,-0.49003834,-1.4509895,1.7667474,0.6761275,-0.16187927,-1.5109371,-0.76539594,0.30789003,0.6468568,-0.89246744,-0.01935795,-0.5109945,0.90691626,-0.4828791,0.09192093,0.43999642,-0.0047453707,0.59531814,1.6134847,-0.97126925,0.12649819,0.28082517,0.19346033,0.13527052,0.5559155,-0.9131685,0.1240574,0.46612224,-0.41322893,-0.25629935,0.16900094,-0.9447718,0.5261548,-0.5877957,0.18736528,0.090284266,-0.23594253,0.56869787,-0.12094242,0.43965054,0.68336624,2.2137055,0.30911705,-1.4072484,-0.4231029,0.21515594,1.0494081,0.24307466,0.13294831,0.91355693,0.24437691,-0.21215732,-0.030483296,-0.06970483,-0.39259475,-0.13011159,1.3144752,-0.07717372,1.14567,0.6167951,-1.1017033,-0.788588,-0.025317822,-0.04361128,-0.92527485,-0.80290306,-0.4917753,-1.4183539,0.35797104,-0.47206214,0.38933778,-1.181383,-0.5370103,-0.85589105,0.032931987,0.7205931,-1.2258632,-0.692751,-0.17338265,-0.19140448,0.30139032,-0.2652211,0.10027486,0.18536094,0.30622095,-1.2970587,0.8860709,-0.18589361,0.9499354,0.88984793,-0.022296859,1.2651224,-0.4094986,0.94897366,-1.0299549,0.6929267,1.0355688,-1.6607107,0.6817817,-0.46284944,-0.95213985,0.39238372,-1.3013426,-0.90540236,-0.717682,0.39104366,0.009047316,-1.2800192,1.3738042,-1.3584235,1.3254381,-1.4215058,-0.40412036,-0.71341324,-0.68672717,-1.6153194,1.1866897,0.29370254,-0.4266884,0.35760698,-0.26337478,0.10953928,0.6683553,0.48850995,0.52771205,-0.5904111,0.4511199,-0.48345226,-1.236575,0.5923176,0.71539485,-0.96095353,-1.4069079,-1.7597951,-0.61534774,0.46583924,-0.83885473,-0.02056946,0.36203074,0.13390808,0.7146116,-0.663279,-0.18225063,0.38937345,-0.20574069,1.7028767,-0.19757758,1.268783,-0.80696934,-0.5292002,1.0477694,-2.626077,-0.70382327,-0.59109145,2.0845332,0.553603,0.23335259,0.5679628,0.69121844,-0.8972434,-0.7345329,0.8108784,-0.25512475,1.4716371,0.38161707,-0.57086694,1.3074052,0.07765575,0.80311793,-0.6771127,-0.75167286,2.2371583,-0.18217693,-0.52059776,-0.63258535,0.14402016,0.116366066,0.3325813,0.31538907,-0.12138613,0.26253083,0.977353,1.186407,-1.3045412,-0.69770473,-0.8975243,0.38733116,0.9571303,1.7509043,1.6270798,-0.7038341,-1.226045,-2.3390782,0.3557866,1.0834717,0.08862532,0.41921178,-1.493549,-0.07671197,-0.1785259,-0.31573778,-1.1475052,-1.9547306,1.7470167,0.21845546,0.42372873,1.7223566,-0.79376286,-0.81685245,-0.3969974,0.5571571,0.5841087,-0.99068886,-0.527188,0.6927763,-1.2022377,1.2539474,0.53482705,-0.07016868,0.32420635,-0.1378093,1.0510776,0.12037204,-0.5408936,-1.1490992,0.099336565,0.75381845,-1.5413347,-0.31812796,0.38137123,-1.6844624,0.032067377,-0.8983369,-0.5703615,-0.07706385,-0.7023582,-0.26344433,-0.57497966,-0.41214272,-0.6966135,-0.8415566,0.22903328,-0.851221,-1.8743593,1.0827433,1.3780744,-1.3233668,0.47006845,-0.15450856,0.2502469,0.886227,-0.057969827,0.19581182,0.26834086,-0.6780881,-0.1347652,-0.5607171,-0.8876656,-0.98739827,0.07846554,-1.294989,-1.2060955,0.7451304,0.55963045,-1.9379692,-0.38642898,-0.29408318,-0.45591635,0.53178954,0.7531603,-0.048467595,0.19553553,-0.87303793,-0.19241877,0.070013046,1.1490921,0.13863467,-0.17515145,0.93398815,0.07522182,0.12679024,1.3913776,0.22268517,0.656835,1.0057317,-0.014443346,-1.2549211,0.3018473,-0.46889296,-0.14461926,0.43954992,-1.5097458,-0.5032268,1.7488505,-0.2645197,-0.99715096,0.35457394,0.3613145,-0.3171676,0.42269987,0.3810897,1.0753081,1.1334782,0.92762434,1.7859976,-0.77022946,-0.74229515,-0.5052902,0.15834413,-0.8559791,-0.8490511,0.47242817,0.8708983,2.6093776,-0.29784527,0.3133812,1.0441397,-0.9539817,-1.1285794,0.8512929,0.11832549,-0.7030473,-0.6861672,0.041025516,-0.8489237,0.40821227,-1.7941145,-0.13164856,0.6705159,0.8173052,-0.24148062,-0.09012676,0.5028189,0.695488,-1.152467,0.62354356,1.554322,1.6169809,0.049634498,-1.1786007,0.14938352,-0.8387719,-1.6030225,0.20305724,-0.49307546,-0.3839488,-0.020337906,-0.48265672,-0.21187861,-1.1075952,-0.5469142,1.2452806,0.03703141,0.022100406,0.2423892,-0.82274,1.6809016,-0.8039838,-0.02190764,1.3354405,0.4729195,-1.3634173,0.03234313,-0.8290931,0.22002825,-0.62290156,0.5087534,0.8995417,0.39494985,-0.36425468,1.5223671,0.1805427,-0.06289432,0.006616882,0.9245156,0.054545827,0.3186292,-1.8552186,0.6493155,-1.6224686,-1.3743397,0.47430745,0.8807951,-0.4987647,-0.61006343,-0.35299793,0.33156437,0.18269236,-0.8674959,0.95901626,1.7838562,-0.38287646,-0.3518886,1.1334594,0.5876022,-0.71095276,-0.046090122,2.4053905,0.5984207,0.9835467,-1.0870793,-0.28324923,-0.114791565,-0.22410354,-0.58405924,-0.24839482,-0.43169656,-0.103688255,0.7017363,-0.31911102,0.91194993,-1.0503012,0.08833933,1.2064093,-1.1567669,-0.22329521,0.40549377,-0.019787703,-1.3644907,-1.0991269,0.8251809,0.50025505,-0.1698939,0.0499374,0.2642063,1.3396701,0.550796,-0.7500259,-0.27346978,0.11149017,1.2604326,0.7464606,-0.95321834,-1.3948145,0.7437572,1.4612277,-1.19858,0.91436476,-0.24563728,-0.31308883,-1.6554111,0.9947439,0.5977085,0.25723988,1.2134722,0.59121746,0.16819403,0.76642025,-0.53677565,-0.05456978,-0.24463499,-0.1843766,-0.51287204,-0.66059834,-0.9610446,-0.1505442,-0.38173,0.09321671,-0.093819916,1.0215094,-1.0552685,0.5443588,0.19116142,0.42495227,0.32046723,-0.08004678,-0.5298193,-0.19178131,-0.6127528,1.7155789,1.1963558,-0.024225175,-1.6089519,0.5525606,0.2293131,0.2896452,-0.87360805,0.7851302,0.2537401,-1.1183829,-0.43877628,-1.2114516,-0.18566954,0.124288425,1.0964277,-0.43969968,0.38407943,-1.5246524,0.679701,-0.26944798,-0.77418834,0.62772626,0.18005025,-0.6658527,1.9576217,1.3709087,0.044319637,0.12944785,1.2695665,1.0302199,0.13882531,-0.44306335,-1.1478432,1.0709563,1.2387434,0.40681615,-1.3585434,-0.20222582,0.175105,-0.59800786,1.8040379,-0.42995152,-0.6133837,-0.67790467,-0.33295527,-0.92717,-0.532252,-0.35980275,-0.38705182,-1.2325966,-0.41804236,-0.7925955,-0.15939604,0.33327562,-1.0468854,0.066552885,-0.17764628,1.3585832,0.890222,0.5716834,0.3816746,-0.63163847,-0.2483592,-1.0295446,-1.0320418,0.79409885,-0.8879447,0.34601536,-0.39061433,1.2376341,2.2839987,0.20493138,-0.3187794,0.2951487,0.00090664625,0.4661323,0.06149165,-0.75889605,-0.102729216,0.09491239,0.25714734,0.2822626,-1.5578667,-0.42086768,-0.21129738,0.63992673,0.25131935,0.32071212,0.31359413,0.65395117,1.4836302,0.488406,-0.68846834
ニ,-0.7296667,-0.2652831,0.6052079,1.096416,-0.6423465,-0.66867656,-1.6610168,0.2578779,0.72217715,-0.3045687,0.4960653,0.012497623,-1.6922309,2.1718094,-0.8536296,0.08221309,1.0118873,-0.60688496,0.768375,-0.28147084,0.83106774,0.3150717,0.6426791,-0.68107057,1.1775134,0.75618804,0.5140425,-0.29390392,-0.38310224,-0.7820216,-0.0431193,-0.24127336,-0.5516254,-0.48274693,0.2276006,-1.0784581,-1.4546223,1.2289065,-0.5064865,-0.35016498,-1.0356772,0.48645234,-0.0717816,-0.11606322,-0.1657568,-0.25028235,1.3010172,-0.19560336,0.6243535,-0.7095493,-0.7933502,-0.15579873,0.34097642,0.7165872,0.7652595,-0.011632273,0.6388645,0.67485154,0.12291531,-0.41372862,0.42395735,0.92445785,-0.49141255,0.46018296,0.2500732,0.8942956,0.07849257,-0.38254464,0.050962158,-0.21827039,-2.6048045,-0.7213107,-0.09359036,1.1494781,-1.4395378,0.87599266,0.2851357,-0.6718303,0.2861402,0.18228945,0.004562214,-0.047560226,-1.1481578,1.4091747,-0.9147829,-0.54382116,-0.040018056,-0.704236,-1.5642549,-0.18281679,-0.12727585,-1.6573519,-1.3235259,-1.2271386,1.6482584,-0.2140137,-0.8473595,-0.79987013,-1.3808664,0.13619788,-0.052871116,1.3649654,0.11800291,-0.07791703,-1.2316755,-0.43968692,-0.70520216,-0.6225232,-0.37681562,0.7564721,-0.0004401654,0.30999786,0.88748455,1.4045924,0.7353479,0.31490594,-1.1274211,-0.7157894,-0.6926035,0.2314223,1.2608811,0.07883917,-0.41357833,0.7712817,0.26018614,1.2638922,0.2785976,-0.7870759,0.7803234,0.4351731,0.2505014,-0.02889967,1.5153521,0.8243291,-1.1438043,-0.31799072,-0.5945102,0.099746644,0.24748874,-0.85731614,-0.78801197,0.30723324,-0.052124,-0.37344566,-0.05847608,-1.2236316,0.040210642,0.76041615,1.2873482,-0.001954776,-0.08686844,-0.49979895,-0.846443,0.4235496,0.94599503,-0.084110186,-0.21178499,0.17867105,-1.1312014,0.9279917,0.026908945,1.3270677,-0.801132,0.11301277,-0.10601008,0.6897912,-0.68447465,0.59720063,-0.7756825,-2.1250553,-0.32661757,0.43650466,0.6513466,-0.36120582,0.4804078,-0.03725897,1.0502981,0.027725637,-0.9762794,0.23903474,0.30303577,0.8215426,-0.026146296,1.4537297,-0.44420934,0.3798426,0.6025916,0.8072403,0.51843274,0.23252833,0.88261545,-1.0582559,0.9395927,0.82478726,1.2303703,2.698526,0.58872986,-1.5456063,-1.1064913,0.77149713,-2.2655811,-0.52430844,0.8425595,-0.8986074,1.5150621,-0.81234133,-1.2050345,1.940514,0.26434234,-0.12030955,-1.3875134,-1.0085632,0.8914874,0.72594947,-0.6236379,-0.22349758,-0.6393035,0.54522336,-0.18243147,-0.32422188,0.7165602,0.17536142,0.4542633,1.7918978,-0.88589495,0.36832967,0.34576878,0.17141736,0.16644529,0.89366466,-0.9175617,0.5199027,0.6468758,-0.54555213,-0.751332,0.09815689,-0.46667963,0.49288282,-0.16809964,0.03647008,-0.0030274927,-0.5519561,0.31232196,-0.1814847,0.3366575,1.1257809,1.7842169,0.21086022,-1.5337603,-0.091511264,0.09082141,0.6262487,0.21806967,0.20101671,0.6205489,0.4439543,-0.2230715,0.28942564,-0.45261836,-0.23211351,-0.13085523,0.48571524,-0.36136967,0.86840075,0.18933943,-0.73681337,-0.78063166,-0.0971528,-0.035571955,-0.6053008,-0.5719744,-0.36701608,-1.0670502,0.23865382,0.2873081,0.6228999,-1.0141554,-0.86459607,-0.63685966,0.41644907,0.73550403,-1.3789012,-0.38189244,0.20060067,-0.4618427,0.6634165,-0.12940954,-0.09452854,0.20669869,0.6424054,-1.2321304,1.1161723,0.027443314,0.90565044,1.7098163,0.15104344,1.2185509,-0.53783584,0.3767539,-0.7278524,0.40383744,0.734042,-1.6413071,0.70161074,-0.2935652,-0.67875284,0.4233597,-1.3727108,-0.39704776,-0.8359629,0.34986392,0.19134322,-1.2441615,1.531636,-1.6481203,1.3941185,-1.7212988,-0.57214797,-0.492237,-0.80798864,-1.4255974,0.5826253,0.20646937,0.26066095,0.30993408,0.27929407,0.17279474,0.5046762,0.28309995,1.0152979,-0.136257,0.7549186,-0.9629386,-1.2168734,0.18494347,0.5449013,-0.9942362,-1.2363604,-1.6038377,-0.48085698,0.2112133,-0.20351247,-0.12517054,0.74765974,-0.024753518,0.37088776,-0.8727034,-0.65065575,0.48903766,-0.57409316,1.2035692,-0.21525905,1.5675544,-1.0448253,-0.3214614,0.6632596,-1.7318585,-0.5914399,-0.58877856,2.0612524,0.84636384,0.25657442,0.41360742,0.625065,-0.3814203,-0.9035675,0.88686734,-0.37933117,1.4563636,0.3829256,-0.7020676,1.5091717,0.07332579,0.8903535,-0.38134915,-0.44961572,1.7720579,-0.15596232,-0.03310459,-0.4181435,-0.17320864,-0.12331967,0.18869367,0.41279253,0.67044,0.019018069,0.5215449,1.0778176,-0.5975243,-0.85796183,-0.4694214,0.71790814,1.2495773,1.7229521,1.5632962,-0.40115422,-0.96059895,-1.9467465,0.65580314,1.0068557,0.30305958,0.6539152,-1.3810307,0.121603385,0.08136651,0.07208823,-1.5674766,-1.7026812,1.6323305,0.26809543,0.31905755,1.5204258,-0.7646415,-1.3178247,-0.6599421,0.46492404,-0.1187402,-1.2428544,-0.6085808,0.6723433,-0.97867215,0.9235463,0.79750293,0.65174484,0.051076602,-0.35849002,0.7244213,0.23195465,-0.697957,-0.59025353,-0.1979943,0.2474277,-1.6757816,-0.47694045,0.6210127,-1.429557,0.59610796,-0.5277857,-0.234453,0.15924028,-0.61432844,-0.69575316,-0.70710474,-0.24066964,-1.2217804,-0.77338445,0.560871,-1.2198036,-1.5267906,0.7363591,1.2996511,-0.9613036,0.6269725,0.36837184,-0.06025943,0.55742735,-0.2605494,-0.21435156,0.36606202,-0.80790216,-0.114324376,-0.16897981,-1.1256949,-0.32605314,0.39882374,-1.5199202,-1.2533402,0.84805554,0.5308176,-1.5427194,-0.35663804,-0.13968495,-0.41541657,0.6255446,0.61316586,-0.06005434,-0.12208959,-0.7474097,-0.23364861,0.61946756,0.8555992,-0.0049954057,-0.107142076,0.5036352,-0.20122977,0.13898776,1.6380284,-0.0558965,0.7838327,1.1432225,0.48677382,-0.8728198,0.51086456,-0.15227076,-0.29721814,0.59689605,-1.472354,-0.51663435,1.8491764,-0.59387255,-0.9105073,0.16699219,0.47537917,-0.3528461,0.3494025,0.24870972,0.7035998,1.4293524,0.8598426,1.6567516,-0.27471307,-0.6483832,-0.44078827,0.26924032,-1.1643807,-0.9486273,0.3141942,0.650297,2.3659384,-0.40485892,0.2144459,0.8904632,-1.0071142,-0.8200774,0.63020796,0.38532957,-0.523497,-0.5587831,-0.09431897,-1.2963159,0.21276724,-1.9642572,-0.43144283,0.5214394,0.8545488,-0.45017987,0.12564619,0.4385863,0.5532571,-0.99696016,0.13016322,1.4963275,1.6690786,0.076074295,-1.0269887,0.5496716,-0.28721547,-1.332943,0.13418627,-0.65607065,-0.46360302,0.28849703,-0.37207106,-0.20972078,-0.5450801,-0.47207898,1.5415602,0.2825031,-0.38906798,0.07326965,-0.6546,1.8944762,-0.61949646,-0.4738081,1.0836432,0.51341355,-1.4238082,0.31704336,-1.3136762,0.3706676,-0.74038905,0.35618138,0.96910733,0.49280056,-0.5254725,1.4660863,-0.2665742,-0.2817777,0.039075624,0.66702425,-0.30536166,0.5256328,-1.8488674,0.9663658,-1.4510376,-0.98671657,0.52758694,0.6550074,-0.26651445,0.07640699,-0.49771327,0.43248925,-0.0608202,-0.9960052,0.94603014,1.6950037,-0.7274907,-0.782671,1.0048798,0.803547,-0.36199775,-0.11712953,2.1881936,0.51067936,0.72272015,-1.2695181,-0.3979046,0.41224605,-0.63075584,-0.70000356,-0.49383074,-0.61067104,0.10976589,0.6011255,-0.45085517,0.7346655,-1.0663853,0.30951428,0.48403507,-0.9459367,-0.54356956,0.4351985,-0.30594987,-1.202088,-1.5155199,0.45446652,0.4672827,-0.26368776,0.27628908,0.55977404,1.312865,0.6139052,-0.77640903,-0.7042945,0.8185096,0.9015335,0.5565407,-0.8858978,-1.3415656,0.6832005,0.95748293,-0.30306834,0.4168325,-0.14480558,-0.30108738,-1.7988627,0.9787844,0.57340693,0.23730628,1.256639,0.50964165,-0.00015006661,0.8619503,-0.53982186,0.28441754,-0.6591921,-0.23311701,-0.17192854,-0.685398,-0.7345618,-0.20899625,-0.5185483,0.41688043,-0.34991175,0.70039433,-1.3277576,0.5410202,0.24500668,0.21162291,0.10825405,0.24124447,-0.682389,-0.5359835,-0.6976048,1.444496,1.0243679,-0.26817703,-1.3686919,0.023354134,1.0681325,0.27161115,-0.5351489,0.2517321,0.30610457,-1.0452766,-0.26223868,-0.90496796,-0.36742344,0.39846465,0.5374218,-0.9002988,1.1639576,-1.7940096,0.98806715,-0.19371115,-0.83737946,0.16048339,0.4040323,-0.82680094,1.9484732,1.3057054,0.37441874,0.49042445,1.0578685,1.0656917,-0.3647024,-0.5553841,-1.865806,0.925755,1.491311,0.32708555,-1.0558035,-0.11643324,0.60329056,-0.79285157,1.4075133,-0.3439953,-0.6654554,-0.62674505,-0.42299962,-0.95619345,-0.37319335,-0.43863988,-0.25574607,-1.1801157,0.3413574,-0.4028906,-0.17622605,0.38165373,-0.75986284,0.3030226,0.06546106,0.9921571,1.1905904,0.69070876,0.3318861,-0.6609089,-0.37898225,-1.1924288,-0.89017737,0.81995165,-0.7817656,0.7015781,0.3467304,0.64339983,1.7335297,0.30207834,-0.72127235,0.45414788,-0.15444805,0.5766155,0.15638469,-0.8832154,-0.17394035,0.3658896,0.3655323,0.5377771,-1.2590187,-0.23546478,0.044797417,0.4281897,0.14794661,0.301346,-0.03857144,0.55916244,1.7946575,0.6890934,-0.30442905
、,-0.5185956,0.070346534,0.4588017,0.26976982,0.027374268,-0.6433338,-1.5822403,1.2045594,1.6769409,0.8899113,0.76176333,-1.170336,-2.2414746,2.4268503,-0.7999522,0.8616773,1.2124925,-1.878943,0.30190882,-0.099885866,-0.27304125,0.44464302,0.40102077,-1.219399,0.94025874,0.859034,1.5441357,-0.28153104,-0.5198507,-1.2991844,0.87953746,-0.42360854,-0.7597656,0.037090782,0.030865401,-0.8285527,-1.096231,1.9728243,-0.12369372,-0.6609887,-0.49797377,0.4979934,0.6117097,-0.47929394,-0.39208138,-0.4868626,0.9263655,-0.87873036,1.1699545,-0.6400991,-0.65509814,-0.5352272,0.29844847,0.7595573,0.66194844,-0.4027118,2.0761895,1.2577174,0.50075173,0.039517283,0.7422457,0.25973603,-0.43298596,-1.1548338,-0.6336062,0.003908016,-0.85847145,0.3405402,-0.5333004,-0.1843811,-2.9194722,-1.4696771,-0.2588609,1.5541084,-1.4425526,0.7072469,-0.26392657,-1.1709156,0.84498346,-0.1572151,0.24279384,-0.7969953,-0.8824825,1.902561,-1.415909,-1.5097089,0.053837895,-0.5504372,-0.72651106,-0.049824208,-0.39545515,-1.7468423,-1.4197285,-1.2822123,1.404011,0.32658938,-1.4517403,-0.9067989,-1.2280159,-0.8405161,0.4544778,0.8235108,1.1443319,-0.9577679,-1.4470253,-0.6162443,-0.45256102,-0.31350872,-0.38004002,0.43861675,0.8207282,0.2896916,0.5925864,0.8746029,0.68526244,0.688994,-1.1333581,-0.5126115,0.2918622,0.5630488,1.0853817,1.0147753,-0.5550256,1.0249443,0.5646591,-0.10321673,0.60317224,-1.2462473,0.63879967,1.5790279,0.23122355,-0.3679044,3.1849012,0.87014055,-0.89858854,-0.61079633,0.12733759,0.3200273,1.2742598,-1.4380351,-0.754648,0.46953636,-1.0690484,-0.2640414,0.56832194,-1.0839618,-0.3051928,0.7168174,1.2045438,0.20178418,0.22456995,-0.08905669,-1.2397231,0.69148546,0.90872884,0.06748487,-0.40821752,1.1560841,-0.86598927,0.472372,-1.0115651,1.1531945,-0.8883215,0.15579328,-0.17515188,0.9089589,-0.73878324,0.26832423,-0.30194494,-1.6027269,-0.71843076,-0.065231614,1.3700821,-0.25060913,0.64108944,-0.86000824,0.79812354,0.340978,-1.4517756,-1.2953128,1.774062,1.3255086,0.35475767,1.1908514,-0.17635025,0.2775506,0.17352547,0.16212559,1.5778109,0.87267005,0.92565084,-0.6533518,0.80979586,1.2810051,0.5390322,2.593823,0.64465666,-0.880942,-1.4518533,1.1397436,-2.5255458,-0.96198416,1.6505609,-1.4893072,1.0048631,-2.0309792,-0.37887806,1.3556705,0.5268365,-0.041879743,-1.0365026,-1.1713042,0.900732,1.5411758,-0.26750982,-0.2961677,-0.821903,0.01405555,0.18074939,-0.18747452,0.4707713,0.76087326,-0.27271968,1.524065,-1.1809385,0.6265394,0.30376372,-0.7033683,0.30142692,0.12600385,-0.8173516,0.6124433,0.39847955,-0.1273852,-0.79926914,0.025686309,-0.9764751,0.1600656,-0.69334227,0.93918574,1.0062891,-0.68671596,0.31294027,0.15261938,0.7474145,1.3106816,1.3613862,-0.45299995,-2.0019412,-0.6629821,0.04499662,1.6220133,0.25054765,0.9623281,-0.085946485,1.9071584,0.087365285,0.45823005,-0.81228983,-1.1901933,0.015131801,0.14004879,0.47156736,0.18820007,1.0471779,-0.8503039,-0.3324123,0.3771609,-0.018155776,-1.0858277,-1.3807175,-0.762988,-1.17493,0.21816745,1.3593572,0.84641516,-0.50333107,-1.0478472,-0.60166097,0.848964,0.44050983,-1.5843159,0.28871137,-0.3443485,-1.3498082,0.9363185,1.0194135,0.35536844,-0.16192167,-0.056353852,-1.1137853,0.71091986,0.020271815,0.74561256,1.6128273,-0.30150372,0.5105573,-1.5633438,0.16373563,-0.12499854,0.5157603,0.68508446,-1.1643455,0.4565367,-1.3294432,-0.7197446,1.91529,-0.7579862,-0.64348644,-1.2297447,-1.0369503,-0.41345543,-0.59236133,2.382465,-1.955511,1.6465757,-2.2827115,-0.8648634,-1.2155861,-0.9107866,-0.83827186,-0.858479,0.19951598,0.1547569,0.982337,-0.058763854,0.28398544,-0.21959749,-0.69580084,1.9884894,-0.16481951,0.18846078,-0.49699467,-0.7787592,-0.08382106,0.036270257,-0.60371935,-1.2585855,-0.7824864,-0.87527144,-0.2982057,0.5250437,-0.2772641,0.60429955,-0.33654577,-0.049617417,-1.0596149,-1.3520834,0.13308865,-0.79359555,1.1177216,-0.69626015,1.1161494,-1.2203729,-1.4438126,-0.017047033,-1.2652687,0.32342058,-0.22811826,2.5682566,0.4589946,1.5510578,0.72532475,0.40835387,-0.5391633,-0.84341574,0.9503808,0.4209125,1.4819887,-0.30716598,-0.509218,1.1461318,-0.70102286,0.5946465,-0.15123484,-0.37803942,1.6840084,0.25820577,-0.35890755,0.9636436,-0.3740938,-0.4968763,-0.07907075,0.9124494,-0.20348258,-0.07033314,0.6527908,0.0048558265,0.09736478,-1.0808687,-0.063445285,0.74530756,1.0796725,1.06562,1.0649725,-0.7530186,-0.20115146,-1.9014004,1.3633354,0.67140555,1.0568625,0.42777744,-2.1332717,0.043434,0.15956835,0.21564524,-2.0666785,-2.1813612,1.3556032,0.29265684,0.50279063,1.2751245,-0.8241962,-1.4555678,-0.81025195,-0.7500624,-0.5508392,-1.004914,-1.3167092,0.42233765,-0.43554628,0.7536514,1.3075367,1.0293847,0.30246785,-1.9181039,1.4514725,0.6596099,0.051314965,0.10242213,-0.27310115,0.7846303,-1.2848898,-0.42859182,0.7838048,-1.8090675,1.1065862,-0.41043928,0.33803827,0.43302935,0.6623161,-1.5695871,0.14830871,-0.23626626,-0.59187865,-0.38018465,1.8423908,-1.8881848,-1.9561353,1.0375717,1.908062,-0.13417485,1.1550839,0.2949083,0.49761033,0.7629224,-0.3110433,-0.021129526,-0.2793469,-0.23539549,-0.9134075,-0.59132904,-1.511537,-0.3323447,0.83741117,-1.5028489,-1.6716392,0.5987029,0.16461563,-1.9676256,-0.9826333,-0.32184088,0.10878751,0.9155226,0.8871738,0.11188151,-0.09441472,-1.3955278,0.924129,0.3300146,-0.59845567,-0.807158,0.85437334,-0.077275485,-0.53852165,1.1557113,2.0133972,0.55651164,2.122417,1.0727466,-0.48661974,0.08938785,1.5229485,-0.3384506,-0.081286445,0.5137095,-0.043762203,-0.5816003,0.9668157,0.58172554,-0.027947545,0.5272086,0.7752235,-0.6008618,-1.2706876,-0.4092437,-0.083737776,1.6700325,1.1122653,2.0353124,0.03889226,-0.35956538,-0.71973336,0.4650197,-1.4946148,-0.65552104,0.17406413,0.53517455,2.1522646,-0.32621726,0.38146898,1.1410645,-0.5234556,-0.4682982,0.20059408,0.4908927,0.159245,-0.21269456,0.39336568,-1.7101812,-0.19587281,-1.2727346,-1.0921555,0.8115983,1.2905296,-0.2550643,-0.051864862,0.7728559,0.47265935,-0.4434591,-0.5578057,0.5056842,2.3497052,-0.11740154,-0.91546786,1.4020984,0.015703198,-0.94295853,-0.5538337,-1.4619856,-0.72922206,0.3909275,-0.8621298,0.075206526,-0.4622596,-0.80470765,1.1765211,0.46045917,-0.16148202,1.38868,-0.91447526,1.0819173,0.2250581,-0.61946183,1.3993039,0.25776055,-1.5669138,0.5091615,-1.9622958,1.4044881,-1.1146142,1.3286893,1.39995,0.6409891,-0.5520557,0.84995824,-0.7303493,0.2571353,-1.452388,-0.4096396,-1.2099532,0.32320574,-1.1997072,0.5401648,-1.4600341,-0.4621909,0.13575745,0.63937604,-0.38616395,-0.0009569973,-0.483106,1.0547101,-0.42776746,-1.2385862,0.49354833,1.5020403,-0.6572554,-1.4667687,0.3637741,-0.19193381,-0.22612977,-0.5100803,2.6353004,-0.56008095,0.17996806,-1.4105062,-0.82837164,1.0858876,0.52314365,-1.1480619,-0.32037905,-0.13127463,-0.120677784,-0.25028527,-0.33590776,1.2109935,-0.951447,1.1254954,0.5576308,-1.2450969,-0.29465958,0.26725498,-1.2759581,-0.7047621,-1.8717606,0.66731226,0.35804898,-0.9700704,0.533073,1.1686567,1.3739314,1.0726144,-0.07853466,-1.2219907,0.8857007,0.43448064,0.10821949,-0.8369521,-0.6427573,0.23442143,0.5278403,0.4361778,0.33986124,0.6388635,-0.89580274,-1.8460507,1.0510981,-0.16483465,0.06485606,0.29292083,0.103733145,0.59280217,0.39871675,-0.16670336,-0.28514558,0.112032026,-0.59225714,0.5945568,0.08853823,-0.99999624,-0.14465788,-0.6540869,0.8688466,-0.646558,0.11645135,-1.6812079,0.8991313,0.18175583,0.515517,1.0017638,0.38711146,-1.5571934,-0.045767263,-0.31327295,0.6252153,1.0714422,-0.1910267,0.0732981,-0.34672067,1.4212675,0.26477697,0.4891885,-0.24612793,0.24157043,-0.48730433,-0.3070035,-0.7198192,-0.7988628,0.37894127,0.09630646,-0.78300685,1.7544556,-2.0966618,0.9243841,-0.17081428,-1.2009145,-0.29681584,0.89235705,0.008844793,1.8242669,1.249901,-0.44240093,-0.5660797,0.51873183,1.2055529,-0.7298916,-0.4309787,-1.450603,0.2170329,2.2319536,0.14537361,-1.8982465,0.14639881,-0.47089875,-0.67538166,2.1621022,-0.40925103,-0.13292417,-0.77587545,-0.6013962,-0.9456215,-0.71464056,0.24946496,0.46118873,-1.1872001,0.5737655,-0.2579992,-1.5060735,0.54316866,-0.6056464,0.5252524,-0.7991712,1.1598439,-0.58578646,0.6377377,0.80990255,-0.24155426,-0.111552,-1.1197015,0.057410963,0.14361507,-0.42077935,1.3309953,0.35036427,1.2051988,0.61431724,0.12639445,-1.6859633,0.42070496,0.6215881,1.236485,-0.01880468,-0.7047723,-0.43457502,0.32935727,0.26693913,1.7269912,-1.050849,-0.7884075,-0.60894203,-0.8064293,-0.22386023,0.65011203,0.14826806,0.78717035,1.9742665,1.9821521,0.47644246
オ,-0.6465703,-0.032669257,0.755782,1.2445576,-1.1820612,-0.5067139,-1.4372942,0.3856737,0.57062066,-0.05534327,0.87293446,0.40872598,-1.1616716,1.760185,-0.60498893,0.20690973,0.8023906,-0.6274342,0.57473785,-0.23657393,0.42063493,0.36852646,0.615137,-0.60827637,0.686746,0.09402551,0.81724274,-0.01635344,-0.64411175,-0.24958949,-0.4033478,-0.4108274,-1.0775322,-0.08174664,0.12838694,-1.366615,-1.5621195,1.5898683,0.07549745,-0.6383017,-0.8534743,0.7296957,-0.36157712,-0.16357712,-0.25326553,-0.14268287,1.3104962,-0.46718144,0.91048354,-0.55429906,-0.0015651465,-0.4259509,0.16327319,0.68804735,0.74529135,-0.2297729,1.5661136,0.7445458,-0.26556244,-0.44890374,0.5547365,0.9781662,-0.6583735,0.1211638,0.36628383,1.0914896,0.26059526,-0.25031924,-0.34759083,-0.28343937,-2.8321624,-0.71624935,-0.006088406,1.8094021,-0.8847459,1.0179641,0.18843502,-0.49798733,0.33874038,0.12641004,-0.07552229,-0.121904016,-0.9294585,1.47642,-0.66109234,-0.8281177,-0.08233987,-0.4083972,-1.006154,-0.29803765,0.14880449,-1.4487318,-1.5954117,-1.2811548,0.99960935,-0.2536684,-0.97522986,-0.85027754,-1.5634289,-0.0825204,-0.14692748,1.0181853,-0.016143596,-0.11407979,-0.5941668,-0.30504137,-0.8235407,-0.5674738,-0.5408503,0.601669,0.14047992,0.48974457,0.7419974,1.4241152,0.5320084,0.56811345,-0.9303131,-0.23447433,-0.29147258,0.542923,1.3381723,0.42585668,-0.7626329,0.5859952,0.67800635,1.3767917,0.29798007,-0.9398035,0.8085678,-0.047177516,0.68214595,-0.025185842,1.7703788,0.7820626,-0.40915576,-0.56885225,-0.78119606,-0.28782216,0.30714077,-0.5512632,-0.8982587,0.6492985,-0.19832166,-0.14896418,0.2941405,-1.4422064,0.3074748,0.35202888,0.8447827,0.59457505,-0.1791163,-0.31940767,-1.005565,0.009227252,0.8963682,-0.45069283,0.0016496778,0.45632833,-1.2792431,1.3107,0.092634544,0.8325149,-1.026034,0.23888321,-0.03597361,0.48909298,-0.46928677,0.80583227,-0.44353098,-2.074058,-0.6841037,-0.14569268,0.32743707,-0.014297763,0.396954,-0.07849722,1.1933222,0.33090657,-1.1779991,-0.025653671,0.78986424,1.0108883,0.046417624,1.0375094,-0.32385588,0.532421,0.7201561,0.55839384,0.98535,0.7058426,0.19180225,-0.67715544,0.69138736,1.1416578,1.3870848,2.52508,0.50381094,-0.86100495,-0.9701438,0.67736894,-1.7553225,-0.63879406,0.5546788,-1.0949991,1.4905488,-0.6905522,-1.2694002,1.8261607,0.3270611,-0.33011624,-1.143738,-0.8935188,0.6107766,0.53978604,-0.8201928,-0.5382567,-0.63406885,0.681238,-0.71055025,-0.0664829,0.93830854,0.18353108,0.26227522,1.3897083,-0.9030817,0.094914414,-0.04194664,0.5003284,-0.11069485,0.37396145,-1.1590389,0.96077555,0.8784628,0.12738399,-0.37717396,-0.089797564,-0.8078742,0.04574073,-0.40285382,0.078811064,-0.040089004,-0.3981136,0.4429521,-0.02694111,0.65030867,0.500014,1.6792791,0.28659058,-1.7495105,-0.43552294,-0.025693154,1.1765515,-0.36318097,0.29606462,0.37397367,0.48117858,-0.3171317,-0.55356014,0.04914847,-0.6129025,-0.10902329,0.9128321,-0.13508764,0.93110067,0.48090118,-0.59164774,-0.4635393,-0.5639547,-0.1291782,-1.0079495,-1.0878112,-0.31265873,-1.0023482,0.5816456,-0.19073786,0.9626962,-0.99835074,-0.56697875,-0.7127525,0.4193523,1.2041649,-1.1104876,-0.13889918,-0.1854905,-0.62267244,0.20143561,-0.1947378,-0.3594791,0.48878795,0.5108102,-1.0600669,0.92140377,-0.1831133,0.6130794,1.1651661,0.097051114,1.5346177,-0.7442756,0.22089593,-0.60977685,0.17505182,0.7933368,-1.6717085,0.3480299,-0.9301947,-0.51543015,1.1434367,-1.2044613,-0.568961,-0.7218617,0.64152133,-0.15436676,-1.1496165,2.425732,-1.6050198,1.2824816,-1.9207271,-0.5230035,-0.8216009,-0.5275003,-1.322365,0.37616357,0.30631906,0.37357575,0.76891285,0.06575151,0.3271288,0.4674767,0.28830916,0.7363597,-0.1313539,0.29658192,-0.6499559,-1.1974733,-0.085687995,1.033732,-1.2937583,-0.91538703,-1.1343379,0.0956527,0.6166469,-0.6596165,0.1375069,0.49520898,0.20747261,0.7972706,-0.66855127,-0.43569654,0.2604367,-0.21926758,2.0288262,-0.40038848,1.2700717,-0.76983607,-0.6467557,0.22228098,-2.0159392,-0.62149847,-0.5291997,1.8380753,0.553794,-0.32365933,0.5539816,0.61510926,-0.20279899,-1.113067,0.57074463,0.17816678,2.1600301,0.5553899,-0.58099824,1.3062972,0.10087252,0.6307893,-0.35626847,-0.7576488,1.7223346,-0.07670455,-0.39103273,-0.4345975,-0.36511475,-0.1370348,-0.08172568,0.48526496,-0.14417933,0.0752179,0.8721806,1.0210426,-1.2951882,-1.0016623,-0.7803666,0.40473834,1.046746,1.7000824,0.9870288,-0.007439109,-1.2180496,-2.4283276,0.19160354,1.5433687,0.39696425,0.37183854,-1.6023629,0.17858097,-0.02940159,-0.099609084,-1.0752088,-1.7929151,1.9083208,0.4036065,0.70540696,1.7160332,-0.72223747,-1.5371459,-0.45072928,0.33778515,0.41377515,-1.2473202,-0.3710954,0.4272605,-1.3984377,0.9847044,0.9248923,0.09556711,-0.05265963,-0.31260595,0.71578085,0.06385332,-0.628659,-1.0253311,0.206804,0.40152448,-1.4840846,-0.20097396,0.11687062,-1.4886158,0.46217665,-0.4349328,0.0067070844,-0.20686221,-0.6410892,-0.45171028,-0.28533465,-0.17620057,-1.0811927,-0.729221,0.47983384,-1.5351317,-1.6909845,0.7610301,1.3106182,-1.424245,0.5210825,0.55128014,-0.3029756,0.4760627,-0.021323977,-0.63007283,-0.04216714,-0.20071025,0.20544691,-0.3686181,-1.2265514,-0.4977058,0.016486805,-1.0028844,-1.2629496,0.8380917,0.24829862,-1.7826574,-0.870564,0.31265745,-0.5263398,0.44685483,0.76768726,-0.22492747,-0.43403816,-0.6267675,0.9010593,-0.054016113,0.38678414,0.1262575,-0.09453412,0.34276047,0.016476119,0.15357447,1.237428,0.102181435,0.7703146,1.1307725,0.41674408,-1.035338,0.6575148,-0.2641849,0.15898177,0.6837249,-1.2066772,-0.68688977,1.7810738,0.19087104,-0.71039647,-0.06988172,0.0619313,-0.45857406,-0.18021433,-0.015104627,0.77689666,1.1191132,0.7661736,1.3787271,-0.28039244,-0.66112167,-0.2778117,0.29723093,-1.3788006,-0.89902705,0.16688009,0.5427362,3.095119,-0.5906421,-0.02368017,1.094693,-0.7941919,-0.7143386,0.9175564,0.0011450589,-0.69695616,-1.0255734,-0.18417843,-1.4401245,0.2400727,-1.3374858,-0.5871136,0.47830215,0.86625004,-0.21300104,0.48012805,0.77841204,0.30462438,-1.130378,0.15975103,1.4339219,2.0659833,0.6956073,-0.94537127,0.466119,-0.50423104,-1.3415047,-0.03986786,-1.2784874,-0.42585975,-0.025357973,-0.94242555,0.10596673,-0.7294411,-0.46769756,0.90777904,0.08608967,0.077348396,0.08776742,-0.61636084,1.708792,-0.1667299,-0.18840061,1.0553342,0.44917017,-0.8721031,0.14728817,-0.9374277,0.9617931,-0.30579448,1.0519599,1.0708492,0.48444587,-0.878446,1.7004967,-0.71186906,0.21945551,0.17291258,0.5214284,-0.49491844,0.58741814,-1.8738979,0.46751818,-2.1073117,-1.1226928,0.3396665,0.5059166,-0.284788,-0.5813575,-0.2932303,0.34614334,0.10539776,-0.92900836,0.65968317,1.7591012,-0.86582625,-0.8968214,0.9920496,0.4074809,-0.6503562,0.009696221,2.2525,0.7383005,0.8777753,-1.2927973,-0.5857823,0.01112557,-0.5923356,-0.77305186,-0.5577725,-0.182089,-0.42379007,0.11743488,-0.6359933,0.80443746,-1.1693199,0.2874341,0.49002695,-1.294233,-0.26895577,0.276028,-0.52057755,-1.1060916,-1.5096858,0.694535,0.84354895,-0.56965774,0.47440514,0.673727,1.4414982,0.5424891,-0.1707024,-0.70329994,0.44226304,0.8720686,0.9907734,-1.2298173,-1.0608547,0.23308244,1.2050354,-0.5547392,0.23635042,0.0005329251,-0.29118633,-1.8003643,0.9746008,0.288706,0.35235175,1.3715773,0.42412943,-0.022313828,0.8736752,-0.34988248,0.15925369,-1.1518958,-0.6947154,0.07130194,-0.086351894,-0.5567862,-0.04411282,-0.35095024,0.102201626,0.19070235,0.66418564,-1.6204462,0.5199622,0.075970314,0.34884223,0.35771292,0.049703907,-0.9536648,-0.28441277,-0.58139515,1.3992141,1.4030778,-0.017736256,-1.1615732,0.3080492,0.707235,0.4932796,-0.39543074,0.020569766,0.17516218,-1.1709063,-0.26107374,-1.1260178,-0.2386429,0.29356152,0.6894691,-1.0394523,1.1531513,-1.4054458,0.9253396,-0.036284782,-0.79228574,0.06071378,-0.19634204,-0.97285235,2.4308937,1.0100882,-0.22411516,-0.34357467,0.61632216,1.1524727,-0.10965417,-0.24455495,-1.5484823,1.3025088,1.2763282,0.33804584,-1.2238531,-0.22942786,-0.1371708,-0.74796396,2.006485,0.12567174,-0.7796463,-0.41121048,-0.24430892,-0.5186647,0.1226102,0.022565287,-0.062040977,-1.5150951,0.26658928,-0.35476688,-0.2694605,0.14847551,-0.547117,0.10426185,-0.07670339,1.5344576,0.93657607,0.80631244,0.8827699,-0.35575205,0.14647922,-1.2143112,-0.7056496,0.7697135,-0.62924325,0.8963812,0.30253178,1.4518838,1.60761,0.4504574,-1.2949089,0.67443454,0.07719241,0.86218035,-0.09962769,-0.7626297,-0.105935395,-0.21153323,0.7725989,0.65501195,-1.4717414,-0.37462384,0.18214515,0.039474558,0.15867753,0.35744292,-0.15766725,0.53381646,1.8776941,0.57026947,0.44167876
イ,-1.1491327,-0.6659429,0.45406887,1.9173185,-0.7953396,-0.09289082,-2.0156918,-0.9974992,0.98265433,-0.9870144,0.7786674,0.90485317,-1.3394302,2.4421217,-1.5238072,0.48699695,0.63286006,-0.87486345,0.50772196,-0.41255957,1.4616531,0.6187563,0.62182015,-0.9087118,0.8673203,0.78812265,-0.067973666,0.08985651,-1.2366815,-0.5882989,-1.1501437,0.32000953,0.040732622,-1.603256,-0.01019293,-0.34950188,-1.3762695,1.293272,-1.1628532,-0.78546107,-1.9290195,0.64584637,-0.8211741,1.5229899,-0.87390906,0.23385403,1.9550172,-1.0670907,0.41612786,-0.3578797,-0.30643436,0.3336225,-0.43029714,0.7356907,-0.17091407,-0.63929605,0.09913385,0.18949059,-0.3043684,-0.15917931,-0.15596214,2.0533369,-0.5587522,0.7212371,1.9305329,1.9651735,0.42469892,-0.8920578,0.54774106,-0.6073306,-1.7566338,-0.34282938,0.019772224,1.9220643,-1.2583731,0.12354575,0.51826406,-0.20820525,0.056780193,0.37836343,-0.35129607,0.5879456,-0.018686784,0.89411145,0.008248055,-1.5827656,-0.040312633,-0.2644261,-1.7405307,-0.5341958,-0.6944408,-2.2177017,-1.6727281,-1.2164407,0.94517833,-0.47351858,-0.09007254,-0.43365598,-2.1505215,0.15461141,0.49446288,1.0172712,-0.5904273,0.5229814,-0.52169913,-0.4057208,-0.72857016,-0.86960095,0.09522519,1.4669538,-0.36639938,0.37024033,0.9658292,2.0280566,-0.113550946,1.3229173,0.40113115,-1.2957749,-1.2386298,0.42434773,0.7293503,-0.22652967,-1.2140679,0.5349021,1.2368573,1.4254539,0.45122784,0.2283943,1.2290177,-0.4981644,0.462645,0.22977108,1.15091,1.6650304,-0.83427083,0.2492279,-1.2220632,-0.06806012,0.81310755,-0.6902476,-0.9565185,0.016327279,-0.12002628,0.26817355,-0.89115703,-1.8193858,1.3736954,0.1812938,1.693996,-0.468746,0.33065182,-0.6556807,-0.27584416,0.5832916,-0.060151268,0.7102167,1.0395975,-0.96289694,-0.7259516,2.3114216,0.07137114,0.41112366,-1.2463133,0.35584843,0.5012319,0.34757692,-0.328991,0.64325637,-0.4729582,-1.3429866,0.25889724,0.4823679,-0.19638532,-0.16794452,-0.40056258,-0.4622636,0.6739964,0.44076332,-0.7344513,0.6587522,-0.2242245,1.0435543,-0.2731746,1.6561577,-1.8311429,0.72135824,0.85997814,-0.0827986,0.5001702,0.3481122,-0.0027574226,-0.07050304,0.45690507,0.60224426,2.1431687,3.1333442,0.15963317,-1.7122432,-1.2594573,0.19788969,-0.25732112,0.5090947,0.24858047,-0.2623292,2.3071647,-0.029070163,-1.72797,2.0079663,0.097559616,0.36205116,-0.63276106,-1.0590899,0.71898407,1.5258616,-1.264144,-0.943847,-0.0003264792,1.4920417,-1.1288363,0.083890095,-0.102844745,-0.42407063,0.84568447,1.7375928,-0.9755889,-0.30441728,1.1564667,0.5318747,-0.43371788,-0.087510236,-1.0186319,-0.23954967,0.89702845,-0.38932377,-0.98672885,-0.6644125,-0.18278937,0.300306,-0.5516772,-0.8381058,-0.28034455,-0.97244334,0.48943236,0.078880265,0.24392089,0.49634004,1.5099874,0.77819186,-1.2058597,0.6176832,1.158194,0.46683174,-0.13562386,-0.40432647,1.3272804,0.2876873,-0.21415547,-0.33800855,1.598157,0.2453737,-0.5211218,1.0494698,-0.18809673,1.3996552,0.47496256,-0.6777084,-1.578754,-0.3260125,-0.9683826,-0.38629633,-0.7532792,-0.7808402,-0.9459032,-0.1784823,-0.41520593,-0.12323458,-0.8756144,0.028548544,-0.9043563,-0.09922809,0.21857339,-1.7489904,-0.15111318,-0.33392185,-0.3024574,0.43657094,-1.4626908,0.7043942,0.90164155,1.1384577,-2.0261726,0.84655726,0.37532943,0.5283962,0.59530175,-0.36094287,2.4657724,1.0372125,0.798438,-0.71469754,0.3043578,1.7595191,-1.8011163,0.9091244,-0.8869542,-0.07785039,1.1623248,-1.798649,-0.24848475,-1.1514325,0.769942,-0.246808,-0.16931273,0.8996091,-0.9442243,1.0436008,-1.1635394,0.113242306,-0.42727798,-0.122651674,-2.6622722,1.1047043,-0.14039272,0.41056192,0.69025606,-0.91225374,-0.382809,1.4459097,1.0201658,0.896497,-0.7366187,0.79749054,-0.43337232,-1.6990691,0.62478036,1.1247153,-1.0246682,-1.3587464,-1.9006844,-0.5696703,0.5011703,-0.87553746,-0.069876365,1.1075392,-0.26789302,1.0030311,-1.0705205,-0.69597214,0.4461298,0.0041371346,1.8799773,-0.35243645,1.3922287,-1.1671537,-0.058846563,-0.11024915,-2.3620856,-0.693939,-0.5369046,3.2209368,0.6859448,-0.58717257,0.35179695,0.9270994,-1.8707134,0.25797582,0.03347462,-0.28363547,0.7489285,0.4584105,-0.3402761,0.5782275,0.9130611,0.4341131,0.38455474,-0.7360768,1.614373,0.38306865,-0.46050066,-1.109469,0.030627377,-0.3615961,-0.113096416,-0.24922422,-0.50702024,0.8225885,1.5292412,1.3159313,-2.122172,-1.386749,-1.3286042,0.9332225,1.131659,2.1113534,2.1946878,-0.15045503,-1.4152687,-2.0310128,-0.099330604,1.7072843,-0.6893088,0.5614829,-1.6756307,-0.008854026,0.522701,-1.1074125,-1.147008,-1.4454807,3.2037883,0.2133229,0.6101652,1.7313552,-1.1786196,-1.2265545,-0.7682102,1.7154577,1.3194238,-0.81774265,-0.90787816,0.6020953,-1.6244653,1.0410523,1.16369,0.008359476,0.3526695,0.43443984,0.055535425,0.4370767,-0.6596476,-1.2626691,-0.7356463,1.4608082,-1.9350749,-0.6554226,-0.34574512,-1.6782794,0.89183563,-0.17913896,0.495773,-0.23315413,-1.487742,0.30529982,-0.9147222,-0.2640855,-0.8726571,-0.8916691,0.31336758,-0.9227937,-1.7673075,1.2855866,2.2758515,-2.92788,0.35031614,-0.07956538,-0.7817086,1.3354689,-0.5016196,-0.33344272,1.367924,-0.34313458,0.26446474,-0.04834883,-1.8380643,-0.50046396,-0.6240583,-1.6753906,-1.9975013,0.7025344,0.7265752,-1.2087786,0.09258143,0.178466,-1.150471,0.29129794,0.26164734,-0.1295557,0.059969936,0.40832138,0.5311544,0.51635915,1.1861013,0.14653704,-0.5158035,1.4835587,-0.1301608,-0.6108247,1.0753038,-0.3251222,-0.11747584,0.9706715,0.7081495,-0.633542,0.21376002,-0.5590327,-0.042187568,0.03674172,-2.2810984,-1.7369523,1.783853,-0.55853605,-1.5781401,0.60675883,-0.030296423,0.021870818,0.860756,-0.5773579,-0.3101983,0.8246284,0.83013177,1.4841671,-1.0784488,-0.31342408,-0.33484897,0.19335167,-1.5476635,-0.111840166,1.5112923,0.6482522,2.9470403,-0.8078839,0.16859406,0.9927908,-1.4553989,-1.5941958,0.7154717,0.69873387,-1.0340022,-0.57795465,0.47866467,-1.2675687,-0.6706545,-2.2643294,-0.40240782,-0.1261863,0.4939053,-0.78209037,-0.16737604,0.66167825,0.47804064,-1.2124883,0.14631167,1.4664849,1.0734237,-0.5132839,-1.4154171,0.7175602,-0.93627596,-1.6795522,0.77817893,0.26852053,-0.113568135,0.06806675,-1.1869018,1.3094158,-1.7438474,0.34932628,0.98153055,0.8677088,0.67372775,-0.55108875,-1.9216268,2.2155263,-1.2340001,-0.22703765,1.3084425,0.10454255,-2.0109115,-0.19022305,-0.7142226,0.5988703,-1.4444215,1.195043,0.12671372,0.7717213,-0.6374102,1.287909,1.422901,0.56514066,1.0279427,-0.33273488,0.1862375,-0.52550155,-2.3955133,0.89517504,-0.7465469,-1.2730107,0.19471115,0.88058245,-0.58731663,-0.7947537,-0.10019836,0.3017323,0.18086275,-1.379618,1.8768251,1.8676566,-1.5378871,-0.3802214,1.564498,-0.011812768,-0.65532976,0.853212,2.1985424,0.61776525,1.3238809,-0.37898582,0.34201434,-0.44803062,-0.5925661,-0.98487014,-0.5949291,-1.1012225,-0.03667409,0.64323556,-0.21514896,0.24709284,-0.6267886,-0.17004405,1.4653915,-1.8607862,-0.72364163,1.0083758,-0.7765837,-1.2196679,-1.2089789,1.7456776,1.1421252,-0.775082,-0.5267042,0.40218315,0.19043449,1.4280972,-0.36676174,-1.7246826,0.1262656,1.9066349,0.71656513,-1.2082177,-1.0393404,1.1935468,2.0763564,-0.9821192,0.51008856,-0.73982364,-0.40363958,-1.1805377,0.81382746,1.1990619,0.5398566,1.3359847,-0.055455994,0.5061422,-0.13804568,-0.4318786,0.2698324,0.83401054,-0.06934918,-0.23249984,-1.0428874,-0.774725,-0.39388165,-0.3163022,-0.42507207,-0.2203205,0.9560514,-0.6021957,0.24946637,-0.0049252217,-0.28868547,0.44697547,0.48783293,-0.35675517,0.7796824,-1.1784458,2.007084,1.4021077,-0.81940174,-2.208753,1.2337333,0.3432455,-0.33297637,-0.16362378,0.2970852,-0.24683972,-0.74925905,0.44678122,-1.8560588,-0.9292008,1.0912613,1.2498052,0.2224869,-0.012845047,-1.5904803,0.8599851,-0.003135024,-0.42065275,0.6170648,-0.8612476,-1.3453797,1.6629561,2.289091,0.38317427,-0.3777515,0.3553902,1.3568367,1.4083543,-1.0573584,-0.93330395,0.23558159,1.3735441,0.8201159,-1.3486588,0.5356064,0.30862972,0.1203961,1.5714809,-1.2049336,-0.36697215,-0.7070834,0.09273975,-0.9554026,-0.9188995,0.040409505,-0.5959267,-1.1148881,-0.4984936,-1.2913362,-0.28000167,-0.15801129,-0.33514422,-0.19379868,0.7660444,1.4373908,-0.03758962,1.3509655,0.5680344,-1.2097428,0.22156516,-1.1424271,-0.7131376,1.4783355,-0.902901,0.71885383,1.0261445,1.905144,2.2469735,0.8270507,-0.19059609,0.010002928,-0.42913416,0.30962613,-0.058195554,-0.91255665,0.10765089,0.22724278,0.43732318,0.14835663,-1.2370197,-0.22432788,-0.93488926,0.5191725,0.427992,0.18640839,0.33739895,0.59303206,1.1169056,0.6608644,0.3472305
シ,-0.96437573,-0.30107367,0.6403022,0.9786039,-0.49770942,-0.3339332,-1.3797154,0.23767179,0.8804357,-0.06926972,0.5694648,0.33229738,-1.7460608,2.4651482,-0.5568106,0.18775646,0.9647668,-0.9461577,0.21665305,-0.5596303,0.74184936,0.18107522,0.53669685,-0.872696,0.958534,0.6012113,0.5118689,-0.5348292,-0.44596338,-0.3397646,0.16856234,-0.99230427,-0.7477858,-0.36739746,0.099658825,-1.1895262,-0.9172177,1.2820249,-0.34640482,0.1751008,-1.1451335,0.73185176,-0.06549767,0.14303596,-0.22965394,-0.039707165,1.8589202,-0.14915638,0.6842396,-0.37541586,-0.2287039,-0.32133654,0.50397307,0.61874413,0.1000754,0.015570249,0.68195665,1.1895117,0.05798495,-0.68787783,0.07590381,1.0753988,-0.96218896,0.6933224,0.34358346,0.76503545,-0.08495323,-0.56824714,-0.13341777,-0.7488278,-2.4619493,-0.5445315,0.40449515,0.7345139,-1.4067941,0.8976623,0.062317006,-0.23554762,0.21108,0.3221802,-0.10330597,0.6950073,-1.3877339,1.294186,-0.40371224,-0.8297245,-0.6941903,0.027605126,-1.440901,-0.5121982,0.23633003,-1.6649661,-1.634417,-1.24419,0.7873242,-0.43770415,-0.98600185,-0.5812447,-1.3399116,0.08076548,0.1791248,1.0688571,-0.2863957,0.04225308,-0.6055588,-0.42845657,-0.8183553,-0.72970843,-0.85560304,0.66370606,0.099468544,0.38459444,0.7265678,1.527811,0.61310315,0.6263312,-0.99106723,-0.49854004,-0.49444336,0.008144796,0.7960012,0.118406825,-1.1687078,0.574884,0.13192712,1.0617157,0.30078742,-0.7259285,0.28203362,-0.01882418,0.8325349,-0.14332035,1.7479833,0.61352205,-0.7837263,-0.6419133,-0.45659542,-0.11153555,0.6796465,-0.9476846,-0.72564334,-0.4144491,-0.2700001,-0.35627547,0.042408958,-1.4587407,0.03771421,0.76142,1.1236035,-0.18210681,0.55127144,0.2231412,-0.7762065,0.5737353,1.3507457,-0.16143335,0.5348816,0.274956,-1.4354763,1.2173795,0.61586523,1.0408651,-1.0413377,-0.09558788,-0.22957675,0.45998132,-0.82503533,0.67513263,-0.99346596,-2.2154434,-0.5366693,0.43238765,0.18447025,0.027219612,0.5504841,-0.3408244,0.5625227,0.023730826,-1.1161089,-0.5475051,0.65014774,0.85953397,0.20853302,1.0948565,-0.42939845,0.63634986,0.09559307,0.5829164,-0.19455512,-0.3076307,0.2908188,-0.898389,0.90833706,1.0879083,1.1704011,2.258316,0.4071028,-1.3054509,-1.1386644,0.7243432,-2.2277868,-0.4655013,0.39161927,-0.6201421,1.4695323,-0.48402107,-0.9573607,1.9416106,0.21091348,0.28037032,-1.396916,-1.5116363,1.0904427,0.6513147,-0.6051988,-0.09726247,-0.6025689,0.26677752,-0.66600883,-0.3469631,0.7860437,0.27684608,0.25136366,1.8033407,-1.519586,0.60722953,0.6564446,0.013639103,0.47299704,0.12148825,-1.2322267,0.35435137,0.99279046,-0.33402777,-0.34221262,0.047542285,-0.9372781,0.8718496,-0.39928496,0.075692974,-0.31281185,-0.6454235,0.48900187,-0.24461657,0.7195834,0.8527876,1.7953284,0.2300959,-0.8614399,0.21896116,0.18828355,0.8059847,-0.18293142,0.40013784,0.76093036,1.0532775,-0.6834738,-0.012001481,-0.46297467,-0.5049463,-0.2312154,0.34721696,0.01974433,0.74840397,0.3939423,-0.63870865,-0.35095534,-0.060774572,-0.37560603,-1.3277938,-0.6005242,-1.0826998,-0.88314617,-0.45048925,0.022909734,0.5844876,-0.98621273,-1.1012208,-1.0663466,-0.04409349,0.6107348,-1.1611607,-0.86832076,-0.090451315,-0.8993807,0.7162888,-0.30662748,-0.1040382,-0.051441055,0.87379164,-1.3944057,1.0068816,0.53648883,0.8807576,1.833435,0.12935655,1.0912471,-0.5299092,0.46443203,-1.1038691,0.7566731,0.79789543,-1.2115767,0.5186251,0.5228557,-0.047062203,0.60379064,-1.6706744,-0.8163288,-0.75317436,0.22228402,-0.025277773,-1.234375,2.0717432,-2.10609,1.4316735,-1.4094411,-0.5571282,-0.76810145,-0.2549695,-1.6833576,0.5538021,0.85516655,0.122998744,1.014265,-0.025316639,-0.18788569,0.32662815,0.1643024,0.26860383,-0.8266049,0.92285115,-0.9845157,-1.4838631,0.27327445,1.1267486,-0.771734,-1.4033232,-1.7032585,-0.641762,0.6124243,-0.67051584,0.21082616,0.75769955,0.16913198,0.58933586,-0.94183755,-0.7600587,0.16440615,-0.6856953,1.3491325,0.19206895,1.592368,-0.5002703,-0.35825104,0.83700794,-1.8351941,-0.36465228,-0.6576028,1.6973809,0.91793674,-0.16663933,0.5871801,0.5377149,-0.83956254,-0.6107767,0.8310386,0.24339475,1.4205006,0.88745266,-0.6618053,1.6300766,0.29215086,0.66758657,-0.6398586,-0.3080028,1.7389156,0.2163311,-0.11582417,-0.28673527,-0.25706202,-0.32628572,0.057051387,0.113410674,0.13347897,-0.16766593,1.1011935,0.3698145,-1.3664503,-0.9052424,-0.7897055,0.7815766,0.9741175,1.7889715,1.6078873,-0.15621465,-1.1384611,-1.7449375,0.19472295,0.7193584,0.08057621,0.6248367,-1.4491041,0.19659927,0.22391088,-0.08799359,-0.7787754,-1.6327152,1.5520828,0.26174742,0.3206315,1.3789098,-0.6100317,-1.3013223,-0.5482295,0.66711956,0.2917806,-0.86854064,-0.742419,0.83331937,-1.0123471,0.9158467,0.736409,0.12071453,0.4302688,0.14466947,0.39096737,0.30976623,-0.5333155,-0.5175047,0.14659452,0.5196798,-1.5826255,-0.7188264,0.7601681,-1.579411,0.3936759,-0.75988334,-0.3870498,0.2576414,-0.7284777,-0.5082247,-0.7764522,-0.30043876,-0.91725445,-1.2601018,0.1972549,-0.907959,-1.4820483,1.1173942,1.2854865,-1.4281247,0.7129529,0.4596945,-0.042938385,0.43543255,0.28743184,-0.27530277,0.6404267,-0.8595654,-0.0069126287,-0.5026946,-1.1904325,0.002768993,0.350792,-1.5092618,-1.1249117,1.3416356,1.3512207,-1.6978593,-0.31894657,-0.54103607,-0.76433074,0.58365864,1.0902314,0.030708143,-0.04840367,-0.0946911,-0.3647994,0.5539057,1.0515219,0.41405207,-0.35439005,0.55398554,0.1758473,0.21132319,1.9870036,-0.25427988,0.8868659,0.8965256,0.25520808,-0.48925415,0.4776695,0.113011494,-0.13502203,1.0400507,-1.4075229,-0.67287207,1.2052255,-0.7036874,-0.87637097,0.24904524,0.47315747,-0.057143535,0.11584583,0.13446654,1.2296298,1.618314,0.9473629,1.5917051,0.052778736,-0.28127632,-0.6402622,0.24579684,-1.0251716,-1.1609479,0.38063055,0.7942686,2.0359766,-0.39032826,0.13535097,0.77052575,-0.6448305,-0.91095394,0.42099008,0.48898685,-1.0890775,-0.8894705,0.4116242,-0.933179,0.32128844,-1.5135144,-0.39355427,0.5163529,0.5671936,-0.12833363,-0.061818916,0.48704523,0.124855414,-0.9778794,0.6812934,1.0399956,1.0850546,-0.26923978,-0.78770125,0.94745934,-0.61953247,-1.6331058,0.022001008,-0.8501828,-0.6494352,0.58426994,-0.67154145,-0.23315747,-0.9495521,-0.52587867,1.4218088,0.12803343,-0.15523954,-0.42318952,-0.74008,1.6949443,-0.2837485,-0.76726025,0.4998346,0.563289,-1.401538,0.33944422,-1.3102533,0.47178942,-0.82561314,0.14687902,0.3387934,0.87492967,-0.5388053,1.6305509,-0.6768571,0.065776765,0.33428645,0.3839984,-0.21516727,0.39448017,-2.0148423,0.9080026,-0.8192821,-1.1337948,-0.028489185,0.29170024,-0.36935863,0.093075074,-0.74099034,0.7838467,0.61315686,-0.7461964,1.2107168,1.8135562,-1.0284458,-0.8965999,0.7456733,0.62272596,-0.40726534,-0.016107576,2.417833,0.47850323,1.0337769,-1.1239097,-0.6217399,0.47394657,-0.41282287,-0.658764,0.20131826,-0.5516979,0.25943318,0.8587572,-0.093896836,1.0498902,-0.9786874,0.19909453,1.2537177,-0.4179573,-0.20532197,0.24191874,-0.85030675,-1.3777223,-1.7111495,0.7140585,0.6523266,-0.22944349,-0.1081611,0.7188159,1.3927587,1.1147952,-0.3508816,-0.52122384,0.79867166,1.2285085,1.0204781,-0.8833244,-1.1178718,0.9590133,1.3849231,-0.47199222,0.7898507,-0.50723076,-0.43825954,-1.7267748,1.2779756,0.49569687,0.06739496,1.2366743,0.6690983,-0.32090795,0.531481,-0.33095193,0.4389124,-0.42269918,-0.6872515,-0.35225582,-0.13712083,-1.0741718,0.2032117,-0.87003523,0.1134133,-0.042497747,0.82336926,-1.0381765,0.2535222,-0.4944988,0.47846392,0.45138943,-0.0674896,-0.50380504,0.016338263,-1.1366876,1.4993693,0.98834205,-0.22431591,-1.7933712,-0.24097334,0.6288121,0.6040962,-0.036788914,-0.10022429,0.022788187,-0.7220511,-0.52180964,-1.027981,-0.35604963,0.7046623,0.99444115,-0.88057584,1.3131671,-1.7838491,0.95501435,-0.032756362,-0.90504,0.13285731,0.23221415,-0.60065913,2.0795622,0.8340826,0.5648708,0.002736277,1.136786,0.90475476,-0.41778234,-0.53975266,-1.5980442,0.63197017,1.0338694,0.4186137,-0.90816104,0.12190191,0.5302799,-0.4600197,1.4468234,-0.6076042,-0.7026715,-0.4807985,-0.521571,-0.5876083,0.23121732,-0.47403648,0.33927494,-1.2064772,0.7485135,-0.4363295,-0.28562012,0.20722392,-0.81992817,0.056026738,0.22412767,0.9493268,1.0712531,0.3735628,0.3566183,-0.38178274,-0.4707951,-1.0364062,-0.42510808,0.91191673,-0.63775456,0.5034032,0.4287936,0.45716307,1.640818,0.7292032,-0.74879444,0.16026336,0.0718736,0.29972342,0.41517454,-0.6022613,0.0057959557,0.19197072,-0.3169869,0.41396055,-1.4548441,-0.4878308,0.2917562,0.618244,0.037598014,0.64220285,0.27027145,0.5074961,1.8988601,0.57705325,-0.30986047
イ,-0.7627364,-0.4562362,0.9202687,1.5499223,-0.88689375,-0.38252103,-1.026482,0.09822728,1.1884892,-0.63113153,0.2628851,0.2112607,-1.8246806,1.9963348,-0.7671181,0.009641838,1.199928,-0.6761721,0.16308217,-0.4270741,0.7274621,0.101119354,0.69575393,-0.75028163,0.737838,0.8206092,0.77835685,-0.6788508,-0.43333158,-0.1733424,0.1500037,-0.25361344,-0.51407087,-0.8277844,0.4491549,-1.1852193,-1.2256432,0.9880425,0.05371516,-0.4785164,-0.5070627,0.75274146,-0.010636235,0.25042582,-0.5814368,-0.026037019,1.6272949,-0.38420165,0.7687551,-0.6316887,-0.48121795,-0.3304389,0.3829,0.71185094,0.3059163,-0.1302662,1.1562163,0.77991486,-0.006913501,-0.6219304,0.5323898,1.2666267,-0.70023566,-0.01963299,0.76337546,1.0988743,0.18328747,-0.33039027,-0.2581225,-0.7070455,-2.3447075,-0.8425083,-0.28846192,0.9234052,-0.87067205,0.9115507,0.2199307,-0.833922,0.21586001,0.2775144,-0.08863795,0.17985782,-0.78298557,1.3187833,-0.41972715,-0.43013296,-0.13201776,0.4553163,-1.8178421,-0.15027264,0.029891705,-1.1521972,-1.3656731,-0.8616835,0.89257276,-0.55452335,-0.60881674,-0.6403378,-1.8108807,-0.052781202,-0.22615592,1.0300041,-0.13667989,-0.3407313,-1.038449,-0.044233955,-0.8354808,-0.8797952,-0.60046476,0.38679674,-0.08986256,0.10333272,0.76830685,1.6185147,1.0511328,0.8762661,-0.57841694,-0.91341496,0.13083324,0.37336367,0.99753416,-0.01776756,-0.5042541,0.34466553,0.076609656,1.4719965,0.30549017,-0.7206985,0.7463683,-0.2788172,0.41303453,-0.57524616,1.263768,0.84575224,-1.020944,-0.11580286,-0.59055024,0.13475436,0.85012454,-0.45821333,-0.8205851,-0.039143763,-0.33750245,-0.16386364,0.4429339,-1.4006809,0.16608429,0.95803756,0.9637062,0.27955848,-0.0996728,-0.37399396,-0.74467266,0.52894694,0.70502245,-0.0922625,-0.21226124,0.16550526,-1.1532128,1.4818345,0.6241602,1.2689931,-0.9105371,0.1179932,0.09488982,0.42699283,-0.5268248,0.5829202,-0.61982703,-2.0285828,-0.32828647,0.49370185,0.86988866,-0.15982127,0.763098,-0.26816744,1.0380915,0.25648445,-0.5722154,-0.02430318,0.8492214,1.3056409,-0.121879555,0.99699,-0.021374535,0.60531384,0.79742247,0.4919119,0.4873684,-0.04253947,0.9787092,-0.6969408,0.6766536,0.8022582,1.0415585,2.6109214,0.46292216,-1.3147758,-1.5103595,0.4721202,-1.9005077,-0.027271753,0.82520354,-0.21261421,1.551461,-0.6430836,-1.0688597,1.9518865,0.35376874,-0.14560935,-1.270381,-1.2719495,1.1198226,1.1005025,-0.7363626,0.08540142,-1.0385075,0.3722803,-0.5169173,-0.27706626,0.81559247,0.039466165,0.042510416,1.4470391,-0.89628285,0.50208735,0.38654533,0.69414264,0.2853427,0.71420205,-1.4050778,0.33682507,0.66773957,-0.4069913,-0.6182575,-0.03354525,-0.911915,0.6139425,-0.2867515,0.2669786,0.08929528,-1.118515,0.026262093,0.13034444,0.33660203,1.0940024,1.9612463,0.23609133,-1.9326658,0.32477465,0.40799743,0.54937255,0.075653896,0.068330556,0.81125975,0.6974848,-0.2714817,-0.12662587,-0.3162087,0.14274772,0.011016001,0.5443227,-0.40173492,0.883021,0.43738842,-0.6249206,-0.6904543,0.049595397,-0.39764723,-1.2289083,-0.5605398,-0.7802514,-1.2020084,0.45177078,-0.13305052,0.18448679,-1.3132163,-1.0687752,-1.0682771,-0.083066165,0.2256482,-1.2343837,-0.68668133,0.10675384,-0.42703453,0.7430348,-0.267317,-0.34053072,0.44143066,0.8438651,-1.4101617,1.0580871,-0.07180732,0.3797868,1.4086603,0.02933557,1.1297882,-0.45401612,0.7143164,-1.3987417,1.0621889,0.68700296,-1.5324326,0.64988935,-0.23528433,-0.38804907,0.36874133,-1.4672003,-0.24899158,-0.747324,0.22088757,-0.016575277,-1.5050421,2.0838482,-2.061326,0.8894831,-1.5132176,-0.58948773,-0.6979783,-0.30243403,-1.4543592,1.0137345,0.47753707,0.5490368,0.33047312,0.14531636,-0.19989109,0.6954369,0.655131,0.75267744,-0.26470986,1.2251225,-0.73707753,-1.2122371,0.33543622,1.0287364,-1.1484085,-2.031784,-1.3737364,-0.50703764,1.0537937,-0.65769106,0.44827995,0.6343276,-0.3540167,0.7485029,-1.4439139,-0.12797204,0.17840536,-0.4639821,1.2725652,-0.047331862,1.6205555,-0.86923236,-0.4017605,0.70577675,-2.1169646,-0.4555134,-0.4897483,1.6560293,0.57278615,0.477542,0.84972775,0.7506884,-0.5254189,-0.9534009,0.61675614,-0.35969093,1.7040813,0.50396574,-1.0015367,1.8220476,0.24899718,0.48576194,-0.39645582,-0.33380416,1.4199957,-0.054457128,-0.157799,-0.26990965,-0.21838251,-0.015606749,-0.25688967,0.4175993,0.055793,-0.03992077,0.43357906,0.9703043,-1.1411474,-0.78713113,-1.0321217,0.15717612,0.8835562,1.6163496,1.4743464,0.108545706,-0.88063985,-2.1219554,0.88562167,1.0210018,-0.072312415,0.37022647,-1.5365546,0.16532691,0.34102082,-0.4113647,-0.56026506,-2.4653983,1.3035718,0.53483,0.5227394,1.5118405,-0.65957206,-1.2390373,-0.10804169,0.73078096,0.4316132,-0.90433776,-0.706946,0.4806668,-1.3794327,0.99817896,0.4568162,0.4622608,0.2428252,-0.2557967,1.2955402,0.529657,0.034081865,-0.8079605,-0.08521531,0.689233,-1.8853447,-0.53437185,0.44955462,-1.9246172,0.7705256,-0.67649937,-0.4692731,0.28701705,-0.90453374,-0.8518259,-0.4258625,-0.2618884,-0.96319306,-1.0993164,-0.09893103,-1.2670592,-1.7862847,0.7611629,1.8991804,-1.3853663,0.45325297,0.6098801,0.32088748,0.86749965,-0.26360583,0.21224622,0.5764266,-0.33513576,-0.3191685,-0.98520786,-1.0194284,-0.6551572,0.3457099,-1.2945951,-1.3182465,1.0330127,1.0227712,-1.7814353,-0.44206658,-0.049478997,-0.65469223,0.6687204,0.7699555,0.10585896,-0.35943192,-0.30122668,-0.14978655,0.7311096,0.66216075,-0.034235716,-0.009869099,0.6649939,0.103938386,0.15821286,1.4884949,-0.033470165,0.42000508,0.88694924,0.29489598,-1.5576016,0.72168076,0.09686549,0.16192386,0.61075866,-1.6384785,-0.9196971,1.253693,-0.65506923,-0.94762325,0.28699383,0.23170003,-0.19344817,0.32806396,0.7468939,1.255902,1.4506438,0.7586888,1.6707611,-0.48071432,-0.82285154,-0.18562208,0.22761922,-0.9501856,-1.3097565,0.6507585,0.9947855,2.0947175,-0.4102605,-0.4717516,0.80913055,-0.78494966,-0.89512444,0.71715516,0.56856227,-0.7362063,-1.0234648,0.30382225,-0.9354583,0.20330569,-1.8313773,-0.034346998,0.55459994,1.0698893,-0.5863309,0.023454804,0.3661657,0.5956431,-0.9059819,0.409741,1.1132774,1.3019315,-0.16189966,-1.0390574,0.35788667,-1.0501812,-1.5468235,0.49434224,-0.841154,-0.78271794,0.13924973,-0.44303828,-0.35070854,-1.2821113,-0.5017211,1.4007587,0.072126865,-0.37714705,0.36064175,-0.6291503,1.6435131,-1.1842072,-0.36603838,1.0187259,0.4263926,-1.2078575,0.08898233,-1.0575845,0.43014902,-0.9889828,0.44125724,0.28176236,0.72262084,-0.93573296,1.8710502,-0.76075524,-0.26031357,0.13017866,0.33448067,-0.3184596,0.35145754,-2.3079572,0.71920836,-1.0651009,-1.3255312,-0.049669456,0.7463449,-0.34497336,-0.30852333,-0.30559897,0.4518507,0.5114106,-0.9060899,1.1990852,1.4069293,-0.7276697,-0.7171518,0.87882125,0.051841646,-0.45600444,-0.13258158,3.0726743,0.58922166,1.229434,-0.9356677,-0.5674074,0.22296448,-0.33487493,-0.83401453,-0.5468818,-0.52129006,-0.03766821,0.7371454,-0.17364518,1.4261043,-0.93241656,-0.23122554,0.8902338,-0.9530405,-0.21780713,0.3466428,-0.5172808,-1.4451566,-1.1248648,0.6787976,0.4610595,0.19422272,0.25423813,0.4459394,1.8600537,0.84132576,-0.24383847,-0.6612728,0.766302,0.8018028,0.76886,-0.6170718,-0.8640051,0.89019614,1.3814856,-0.28569537,0.63400173,-0.5770954,-0.19710036,-1.7917311,1.0741584,0.63165295,-0.00708251,1.3462064,0.43033814,-0.048649598,0.61928505,-0.25311327,0.34415352,-0.6657635,-0.7623309,0.028335309,-0.07834119,-1.0836428,-0.46707767,-0.74295485,0.09983597,-0.16904213,0.77301294,-0.8710173,0.18353066,0.14346863,1.1162202,0.3131013,-0.124217436,-0.8082795,-0.262323,-0.9190284,1.7272403,1.1414117,-0.24158338,-1.728438,0.33581623,0.68601424,0.26071414,-0.96540993,0.30158013,-0.06652771,-1.0614114,-0.34215268,-1.0970865,-0.18133847,0.7225161,0.79689956,-0.8664832,0.8597792,-1.7907655,1.1857246,-0.015788263,-1.1377547,-0.24022622,0.31194982,-0.71717495,1.426375,1.1854005,0.15354888,-0.2051553,0.86242926,1.435452,-0.014299631,-0.3255411,-1.7893498,0.91966313,1.4809026,0.22346148,-1.4211334,-0.0295378,0.12925293,-0.5637154,1.8498352,-0.46101913,-0.17359477,-0.45528537,-0.9100788,-1.0035207,-0.031423982,-0.7077715,0.11137233,-1.004184,-0.22665086,-0.5406461,-0.3053352,0.4708906,-1.0319035,0.24372554,-0.00025134982,1.0297983,1.2822793,0.6548923,0.29855824,-0.39986753,-0.07654046,-0.78360695,-0.53980124,0.53482807,-0.7692801,0.19651401,0.11846224,0.59106874,1.9598291,0.29702386,-0.35661393,0.58775043,0.42311478,-0.20391794,0.5307162,-0.6370246,-0.39153764,0.38946745,-0.06540947,0.36481076,-1.3146337,-0.21182771,-0.33471796,0.34612077,0.5964933,0.2337875,-0.18627417,0.8432497,1.6941872,0.7308253,-0.61997044
チュ,-0.66163415,-0.3346045,0.61402553,0.93419445,-0.9582043,-0.28531927,-1.604787,0.6684648,1.4319211,0.5086091,0.5147337,-0.17344336,-1.4682583,2.4873517,-1.0117499,0.101721935,0.47636363,-1.0893279,0.20238678,-0.40649217,0.512955,0.48472947,0.46957725,-0.6033606,1.0903653,0.6092221,0.53228617,-0.11386067,-0.8708278,-0.7206755,0.45264822,-1.2796298,-0.73029584,0.21873939,0.13150369,-1.1014978,-1.5217961,1.5216743,-0.14410813,-0.75352013,-1.147483,1.0209316,0.5200524,0.2534818,-0.5289885,-0.08508442,1.66732,-0.69326705,0.55478793,-1.2460839,-1.2263944,0.02618088,0.18306597,0.5713831,-0.07631227,0.33614427,1.3349684,0.9822092,-0.2523435,-0.37830457,0.1202221,0.53452,-0.7933701,-0.056236114,0.2274612,0.7626552,-0.043790545,-0.18175642,-0.03197981,0.16965477,-2.2166684,-1.2357146,-0.34676936,1.034707,-1.7007835,0.8804434,-0.14004155,-0.6938058,0.027484907,-0.16549896,0.31367663,-0.11445461,-1.2988892,1.5440534,-1.2253479,-1.3010198,-0.2225374,-0.22714467,-1.4121071,-0.23437306,0.034565005,-1.8946092,-0.8946799,-1.1700777,1.1204855,-0.27561578,-0.5828105,-0.9076738,-1.4618362,0.07419121,-0.2337936,1.2766734,0.389713,-0.18465601,-0.7832198,-0.3382285,-0.5762091,-0.79879063,-0.28029507,0.80312306,0.15332042,0.23135555,0.90120965,1.6908014,0.2782759,0.7346279,-1.6032141,-0.60949105,-0.1674361,0.15547858,0.9735714,0.8208103,-0.9953826,0.63093024,-0.06635133,1.2141086,0.3934724,-1.0035126,0.23570798,0.12028425,0.7589817,0.0041970355,1.8564445,0.93529606,-0.38387498,-0.51994663,-0.007916914,0.26272622,0.5730708,-1.1807331,-0.9612198,0.26314864,-0.48862505,-0.23323251,0.54618233,-1.3002045,0.1460203,0.7400746,1.6506431,0.20095992,-0.009582604,-0.20391694,-1.1683735,0.4094843,0.8612155,-0.114701286,0.19294348,0.33576706,-1.288107,0.8651268,-0.35766774,1.3952099,-0.49127486,0.40405038,-0.100602254,0.7394783,-0.6931533,0.079797804,-1.0557276,-2.0421453,-0.1632783,-0.3379932,0.695961,-0.06588652,0.29528832,-0.32116598,0.56695783,0.26383045,-1.464259,-0.17267345,1.08299,0.81243944,-0.14968047,1.0433503,-0.034361828,0.2979984,0.08538536,0.48298433,0.20114921,0.1096131,0.88879716,-0.7424445,0.8416485,1.2919878,0.85343903,2.6350977,0.6427318,-1.2487098,-0.90554875,0.7358514,-2.2224119,-0.5183061,0.8185528,-1.2812096,1.234075,-1.2126712,-1.0491616,1.7251924,0.19302435,-0.00984977,-1.4565538,-1.111558,0.88959926,0.92225873,-0.8461047,-0.031587966,-0.5808587,0.1558234,-0.61190784,-0.9293957,1.0797459,0.7075221,-0.06379587,1.1828183,-0.85043484,0.19700003,0.23670472,-0.03113808,0.5977618,0.45048076,-1.1766064,0.51424396,0.53983974,0.039337415,-0.55270094,0.108801425,-0.6419803,0.807381,-0.1974012,0.46932474,0.03331667,-0.58503205,0.28532472,0.18654037,0.45222974,0.6316294,1.421628,0.012553803,-1.3735906,-0.285767,0.28829104,1.1360275,0.018192349,0.21352704,0.3196276,1.3516911,-1.0094267,0.38042745,-0.77577704,-0.7102438,-0.30805117,-0.029904371,0.0068280017,0.265918,0.006244483,-0.84472305,-0.85627,0.3511772,-0.13920668,-1.1392504,-0.603443,-0.4600322,-0.83525616,0.15056518,0.9444119,0.6966738,-0.7662945,-1.1031528,-0.60729474,0.37721747,0.5752848,-1.3635384,-0.0031986493,0.0039525265,-0.66662616,0.35586748,0.14733014,-0.23483801,0.11256192,1.0085309,-0.90216476,0.8805598,0.15428142,0.44047913,1.9173911,0.24169008,0.823264,-0.9544814,0.3205383,-0.54657274,0.8512713,0.61176914,-1.446722,0.91645813,-0.3899109,-0.13492882,1.0065622,-1.2546151,-0.373301,-0.54767793,-0.035061378,-0.480059,-0.9096966,2.1167362,-1.988426,1.3689554,-1.6080484,-0.82790726,-0.6521048,-0.46196905,-0.8525774,-0.023407672,0.3240888,0.07522256,0.9718275,0.026041117,-0.106849566,0.6700431,-0.01968644,0.8952543,-0.46908644,0.6765048,-0.76055896,-1.290941,-0.131345,0.56215787,-1.110715,-0.9260481,-1.3436121,-0.42060444,0.19795461,-0.51656187,0.0056824856,0.6029201,0.21863627,0.46264175,-1.03673,-0.42996636,-0.13446088,-0.6558737,1.2570237,0.09442835,1.8168212,-0.7799877,-0.40385023,-0.02140539,-1.2167851,-0.027879152,-0.43198422,1.8229858,0.75019115,0.6709828,0.62349826,0.7636403,-0.16609202,-0.94358677,1.2129642,0.20404081,1.7948987,0.78411454,-0.41617113,1.3964531,0.21691065,0.82103646,-0.44502464,0.07115509,1.7803895,-0.2743666,-0.28810686,-0.37538695,0.010380217,-0.5341951,-0.10677081,0.6921149,0.4211859,-0.18222456,1.2361481,0.7013569,-1.1335014,-1.7435395,-0.42956686,1.0362121,1.2375411,1.2846054,1.0225599,-0.5956729,-0.3176773,-2.0824506,0.23659338,0.32169554,1.0877469,0.70517063,-1.3869518,0.55218464,0.7741081,0.7920043,-1.130183,-1.4807606,1.5324734,-0.13225605,0.31766278,1.541044,-0.6423341,-1.3412126,-0.56131357,0.39861056,0.27313974,-1.310895,-1.1873134,0.53743947,-0.7062603,1.2551801,1.0523115,0.7922262,0.16138907,-0.40996164,0.47593543,-0.059979744,-0.580593,-0.38508624,0.08684565,0.48231506,-1.3864956,-0.63143647,0.7295641,-1.774122,0.8568981,-0.66559184,-0.3841119,-0.0028184992,-0.53960854,-0.7036807,-0.62854964,-0.14509477,-1.399476,-0.65475696,0.563955,-1.2859659,-1.1921464,1.2600788,1.0646136,-0.5297908,0.39670816,0.25921765,-0.32406214,0.8075284,-0.2578284,-0.2598643,0.55361944,-0.60131806,-0.2882947,-0.5090126,-1.5538541,-0.07708553,0.3071952,-1.5163645,-1.2507322,0.81054413,0.7988658,-1.2335389,-0.8923588,0.079859845,-0.55108887,0.68544525,1.2738281,0.033404265,0.13048257,-0.7832171,0.11389935,0.07544023,0.47892326,-0.38373318,0.11471224,0.67759746,-0.4963558,-0.25452214,1.4491369,0.23615153,1.406908,1.342461,0.3524435,-0.11753664,0.7751251,-0.12692447,-0.20513241,0.47217837,-0.84234744,-0.7915438,1.613074,-0.3494313,-0.8650544,0.04768338,0.77602196,-0.29592112,-0.18765728,-0.15962887,1.1454841,1.5217721,0.87056905,1.4608415,-0.09584938,-0.0904838,-0.3475469,0.45004272,-1.326381,-0.8747768,0.33969912,0.6307846,1.9175688,-0.8462481,0.18673648,1.1868223,-1.1120843,-1.1822153,0.38525644,0.43974635,-0.4266798,-0.7180398,0.64041567,-1.2917529,0.5170743,-1.1795193,-0.44081214,0.49949273,1.0367999,-0.37025496,0.18695335,0.368301,0.05760524,-1.0382912,0.09774052,1.1071751,1.4669068,-0.3957438,-0.8070752,0.9053368,-0.47635812,-1.5409648,-0.2011905,-1.0209259,-0.7156307,0.21849833,-0.7131308,-0.5210353,-0.58387953,-0.6136318,1.9027776,0.055808026,-0.4744332,0.38427898,-0.7924879,1.4846218,-0.080726966,-0.59169215,1.3116949,0.34144118,-1.3753306,0.35671014,-1.229523,0.98186886,-1.0810591,0.63273084,1.0768372,0.7080871,-0.35210255,1.3798295,-0.725205,0.028551707,-0.21659839,0.25814742,-0.64056385,0.40444592,-2.1330643,0.8904199,-1.0329169,-0.7088324,0.25734255,0.21467017,-0.5296381,-0.061270397,-0.07140665,0.5551309,0.6278443,-0.98440087,0.9204811,1.743001,-0.71115476,-1.4275839,0.5817362,0.031125162,-0.13675305,-0.050819952,2.534752,0.53754145,0.9258386,-1.4533026,-0.72634786,0.5850771,-0.47802255,-1.0077379,0.078899674,-0.16829024,0.33287188,0.12819174,0.37840444,1.0051115,-0.989754,0.29717726,0.93930644,-0.59676725,-0.5277239,0.28656572,-0.5924755,-1.1619084,-1.4593515,0.47928286,0.20548102,-0.54743636,0.58568573,0.57831925,1.3784254,0.68369395,-0.05490201,-0.6897265,0.6681253,0.8047066,0.8174613,-1.2453061,-1.220662,0.7730404,1.574372,-0.033427622,0.18034251,-0.12966757,-0.6583653,-1.7632443,1.1497214,0.429458,0.05907511,0.6270839,0.11574327,0.15754822,0.23909508,-0.35777602,-0.5146295,-0.4948991,-0.7241911,0.28400233,0.5957386,-1.0528584,0.4549579,-0.8343352,0.21347538,-0.42056602,0.54637456,-1.5337384,0.49959555,-0.22649331,0.9094038,0.28898612,0.38752276,-1.4117621,-0.27117318,-0.6026742,1.4677635,1.0111088,-0.05802497,-1.0403045,-0.33574155,1.3766897,0.643209,-0.10214685,0.06076348,0.27550927,-0.7656196,-0.13054551,-0.67129195,-0.6135289,0.7233516,0.42260537,-0.7712499,1.7576152,-2.334256,0.6083251,0.015986202,-1.2032707,0.228866,-0.06374151,-0.3499651,1.6403923,0.9625184,-0.34369463,0.41913295,0.79644954,1.2331434,-0.6474854,-0.36095783,-1.852321,0.2595977,1.1692809,0.6106719,-1.3700922,0.27936226,0.41120428,-0.052409012,1.5857089,-0.074444704,-0.6991168,-0.4966442,-0.48111412,-1.3833834,-0.28872404,-0.22045676,0.13170041,-1.1397429,0.69845665,-0.5534251,-0.44463882,0.43141454,-0.88480866,-0.27260578,0.022224052,1.2364837,0.43228456,0.21191296,0.72705966,-0.620663,-0.1437291,-0.5990804,-0.20933719,0.582079,-0.6617545,0.8128129,0.65084136,0.94901264,1.6064775,0.1418299,-1.3634424,0.005869261,0.20705652,0.8393512,0.024838397,-0.97479254,-0.20933788,0.5827119,0.5064268,0.7359557,-1.468036,-0.16748415,0.14630853,0.058095165,0.0426848,0.76600283,-0.2837345,0.4620355,1.8543789,1.4021323,-0.31835604
ウ,-1.0888033,-1.0029286,0.6292231,1.9979776,-0.79450417,0.4107805,-1.7429161,-0.6691558,0.93294656,-0.35217714,-0.0073895007,0.26584134,-0.9895923,1.681607,-0.5704593,0.3962478,0.98355126,-1.062225,0.72704244,-0.7956616,0.7195872,0.35395372,0.47904056,-0.9537617,0.57530373,0.8709854,0.9070062,-1.0187095,-0.5929295,-0.05990728,-0.40305918,-0.011150733,-1.0891392,-1.3560815,0.42246124,-1.6033088,-1.0490818,1.1774417,0.046777636,-0.40559283,-0.6218483,0.92275274,-1.319411,0.6997668,-0.36366102,0.29803637,1.5378096,-1.1101198,0.6665352,-0.6692228,0.009639472,-0.4272349,0.6030634,1.4184971,1.3951416,-0.28168464,0.8129378,0.91336334,0.32843712,-0.8759595,0.37693596,1.8217909,-1.7587171,0.07635383,1.1476448,1.3215668,0.49131355,-0.900828,-0.1899673,-0.49787876,-2.3376753,-0.17815828,0.43148535,1.2785616,-1.3344553,1.1620729,-0.24873523,-0.061106548,0.8399642,-0.22730485,-0.020613052,0.52681756,-0.9180083,1.900821,-0.5099427,-0.43224412,-0.40937775,-0.4834321,-0.9315597,-0.28425422,0.21277769,-1.2640804,-1.3209283,-1.2341964,1.3157939,0.099188454,-0.6077761,-0.25191844,-1.6254663,0.21352598,-0.27060598,0.76022285,-0.68719923,0.93659395,-1.3103929,-0.010755882,-1.0952363,-0.5954174,-0.27013198,0.57887506,-0.022561185,0.09078804,0.6400951,0.9394916,1.50032,1.1848835,-0.85770786,-0.5157487,0.34960988,0.08914064,1.3682104,-0.05175367,-1.3713994,-0.017012313,0.2626067,0.8661766,0.48463607,-0.46043265,0.64915144,-0.017728236,0.50446,-0.25114992,0.80799353,1.3186767,-0.92396176,-0.4345748,-0.51827776,-0.007172767,0.3459054,0.0033874214,-1.0375352,-0.4251932,-0.17610338,-0.05833207,0.07798223,-1.3302386,0.8679896,0.9275187,1.4631064,0.5779754,-0.02928096,-0.024589974,-0.93270487,0.55085015,0.2354993,0.119152665,0.13751389,-0.46559376,-1.4179407,2.1206462,0.7212386,1.6216285,-0.8158182,0.48521674,0.46002367,0.036162034,-0.3689326,1.060471,-0.5254618,-2.578174,-0.36782604,0.55260473,-0.4112422,-0.34320742,0.0063951164,0.38296556,0.33404964,0.033260114,-0.64808214,-0.012887841,-0.14430785,0.76054484,-0.36590773,1.9382055,-0.2185387,0.40541333,1.1320081,0.41794932,-0.12035605,0.2907727,0.2519027,-1.0445948,0.86495924,1.104393,0.8075996,3.0792842,0.6175128,-1.4748585,-0.83942807,1.1149783,-1.8414774,-0.20806609,0.76406,-1.051719,1.2259746,-0.29033843,-1.2158191,2.2611392,0.6652255,0.31878382,-1.5922223,-0.82290924,0.5302087,0.14409238,-0.83616275,-0.05106314,-0.9191766,0.46572804,-0.8905412,0.098694,0.6310402,-1.0673226,-0.1781528,1.2778351,-1.066084,0.1456133,0.809531,0.46739146,0.19837746,0.6152319,-1.289935,-0.29236937,0.82889056,-0.36206958,-0.8002709,-0.5457663,-0.5472741,0.7669801,-0.10188255,0.43743262,-0.31308043,-0.7151723,-0.09718719,0.17390315,0.5643745,1.0549064,1.9783735,0.33018956,-1.7690182,-0.7120243,0.26637256,0.71203136,0.20720215,0.048029386,0.7568706,-0.089672685,0.15029179,-0.6420239,-0.4521792,0.45232153,-0.01860141,1.2066873,-0.5766245,1.2919916,0.91309214,-0.80556273,-0.4946376,0.28050116,0.1458911,-0.6976509,-1.1622853,-0.5518101,-1.3333893,0.53620887,-0.050938915,0.108817235,-1.5630404,-0.18208107,-1.0591847,0.8254649,0.48554844,-1.4740244,-0.87678933,-0.45874947,0.31262785,0.105290875,-0.008864164,0.05783771,0.5308568,0.66336,-2.2541606,0.5804096,0.5502015,1.4415015,0.7169787,0.23142497,1.5969371,-0.6276092,0.6533142,-1.1282525,0.8430845,1.3477572,-2.2651377,0.41870198,0.31861633,-0.3273879,0.67172563,-0.46370614,-0.4695605,-0.9584551,0.7134011,0.1600679,-1.0816635,1.9289594,-1.9782336,1.3235953,-1.471329,-0.4524929,-0.5885039,-1.129954,-2.0500808,1.154826,0.3008861,0.058127064,0.4319402,-1.1298478,-0.4951875,0.57075787,0.1928724,0.601107,-0.96199584,0.7262586,-0.1264741,-1.2890782,0.098263055,0.8448967,-1.4321722,-1.4664823,-1.765297,-0.18985015,1.0395339,-0.79443043,-0.20051835,0.3758077,0.26139632,0.6922293,-0.3178401,-0.16354498,0.18343517,-0.14891936,1.7743917,-0.23283559,1.0975276,-0.39234814,-0.27583778,0.4812243,-2.2847123,-0.90220845,-0.913784,1.8981947,0.5612726,0.36290786,0.46638694,0.06738564,-1.0434308,-0.96687955,1.2059213,0.22884022,1.7342978,0.7369133,-0.5597339,1.1173961,0.33237338,0.3980809,-0.23358646,-1.1890521,1.4394181,0.7313508,-0.7477744,-0.84442544,0.06748827,0.6895237,-0.0074858814,0.056146003,0.18066071,-0.099579304,0.16601656,1.3315792,-1.8102437,-1.1651723,-0.94667786,0.8852028,1.3945522,1.835142,2.0069337,-0.7616426,-1.3905265,-2.4337983,0.16235575,1.8366978,-0.27750266,0.45972386,-1.1488063,-0.36664954,-0.047034364,-0.35793027,-0.9203157,-1.9036027,2.3035855,-0.1634597,0.047543183,1.9247789,-0.8711467,-1.5189753,-0.32649696,0.91118324,0.3296258,-0.5551152,-0.1537531,0.798437,-0.85161555,1.109683,0.26330152,0.34048676,0.2172392,0.055607304,1.0141777,0.503641,-1.3878934,-1.325706,-0.22486813,0.5096555,-2.308692,-0.8283413,-0.11684625,-1.6276678,0.37684658,-0.07763706,-0.47181097,-0.5728436,-0.66479325,-0.16191801,-0.9352823,-0.30053514,-0.95869476,-0.94716597,0.81266046,-1.5442371,-1.7258079,0.945436,1.0999355,-1.4666772,0.7976653,0.45725724,-0.16449006,0.47690365,-0.2302802,-0.5483651,-0.022925362,-0.3869154,0.2105954,-0.37855378,-0.8240385,-1.3345264,-0.3779491,-1.4231892,-1.8220696,1.3014734,0.99929935,-1.9245782,-0.44267002,-0.060090765,-0.6092283,0.80621946,0.24181855,0.26630747,0.09908928,-0.6844357,-0.33412257,0.33962837,0.884792,0.07625139,0.11990322,0.602797,0.15317637,0.4930249,1.6675682,-0.07588428,0.20247835,1.0654961,0.38852954,-1.0795654,0.87525004,-0.5108617,0.08363352,0.4877944,-1.3963869,-1.1358562,1.5055957,-0.75016236,-0.8263969,-0.21816203,0.0413045,0.22777739,0.5830678,0.4235269,1.037082,0.71748793,0.9552594,1.99331,-0.10839461,-1.4812193,-0.50492364,-0.28458714,-0.7017114,-0.77790844,0.6758517,0.95036393,1.97431,-1.1203616,-0.18102224,0.7517109,-0.82567275,-0.6445039,1.4230714,-0.085779704,-0.324963,-0.29611045,0.28277242,-0.8841131,0.3555995,-1.6341506,-0.3520982,1.081684,0.56418425,-0.3330831,-0.42565656,0.7597743,0.6019115,-1.3137352,0.51263654,0.9776808,0.9205275,0.3498402,-1.3003681,0.4914801,-1.0582411,-2.171947,-0.5153479,-0.79383886,-0.29979905,0.39889482,-0.6251421,-0.14932577,-0.73649794,-0.50937533,0.54851854,-0.08727293,0.2939936,0.1794155,-1.5570478,2.1203961,-0.9009067,-0.3821061,1.0392634,0.70023435,-1.5503979,0.69544095,-0.8353219,0.45198607,-0.29262647,0.55623615,0.16552134,0.09565322,0.050939497,1.356661,0.6783762,-0.15874594,0.18040344,0.9020745,0.48014367,0.5292688,-1.89182,1.4036651,-1.6458732,-1.9496467,0.844184,0.46338534,0.0077335984,-0.53530186,-0.80630744,0.496373,0.67882943,-1.1350918,1.0819204,1.760715,-0.3075422,-0.08179255,1.5042305,1.1337745,-0.73482525,-0.18153012,2.2921414,0.788049,1.0546479,-1.4139606,-0.6207992,-0.3680098,-0.3297612,-0.48368156,-0.073104024,-0.2277882,-0.0050768405,0.71974105,-0.37759766,0.29376844,-1.3736212,0.07915765,1.6461217,-1.3216573,-0.041619897,-0.47446665,0.53208935,-1.4726498,-1.0354614,0.6792535,1.0562398,-0.019907266,-0.0274081,-0.3483917,1.4626741,0.95681053,0.34683624,-0.31824452,0.12410846,0.72775555,0.7775692,-0.5541682,-1.3491638,0.43441194,1.474972,-0.5991248,1.0271095,-0.26389793,-0.5377332,-1.3221731,1.0325217,0.33328408,0.60429025,1.6068017,0.4972302,0.3900563,0.3202083,-0.32584086,-0.035439238,-0.1095098,-0.08688387,-0.037314728,-0.5512751,-0.84427404,0.20307356,-0.48343316,-0.08353107,0.6413696,0.575587,-1.0708569,0.532095,-0.3282664,-0.05267778,-0.15244539,-0.75899494,-0.616084,-0.3259143,-0.095075816,1.8883218,1.5115638,0.55522746,-1.8868567,0.8951973,0.17000687,-0.46695036,-1.2080823,1.1975303,0.2459363,-1.4865876,-0.8518039,-1.894129,-0.5353109,0.09647314,1.2497071,-0.50153446,0.76927924,-1.3300278,0.44368932,0.30002066,-0.37063873,0.6806444,0.37158263,-0.9162574,2.0853655,1.7044966,-0.006933987,-0.095664516,1.2043762,0.89621353,-0.02449432,-0.46208793,-1.3557662,1.2048012,0.9983092,0.3958238,-0.928151,-0.73033106,-0.13191041,-1.4828153,1.7566677,-0.3546863,-0.648988,-0.13358183,-0.72612166,-0.80269766,-0.33169985,-0.46089166,0.33686444,-1.6878965,0.05747486,-0.8550383,0.60391587,0.7778977,-0.31420127,-0.091964334,-0.10171398,0.9777781,1.3365314,0.3644176,0.63818043,-0.7727096,-0.033268943,-1.3518901,-0.31724292,0.9468336,-0.5303036,0.06460017,0.12593655,0.72155076,1.7482858,0.5129715,-0.49977097,0.10239582,0.08078695,0.29720247,0.15326037,-0.64550054,0.15612833,-0.16585673,0.5828346,-0.6791515,-1.180939,-0.032576285,-0.06151925,0.75600797,0.24595377,0.91412526,1.102481,0.84266603,1.4135122,0.39681804,-0.19382794
ショ,-0.92279106,-0.49208397,0.6786285,0.9525276,-0.86404705,-0.7242656,-0.96802497,0.43769434,1.0823674,-0.40589106,0.4241384,0.07111539,-1.4474092,2.2176027,-0.5210344,0.09942355,1.0813348,-0.31397858,0.16506702,-0.4325265,1.0514023,0.303315,0.6594444,-0.81143236,1.0578235,0.41315785,0.5663579,-0.5799784,-0.08899036,-0.72249496,0.2996729,-0.8135018,-0.76416403,-0.42280966,-0.08648687,-0.78011566,-1.1997575,0.9299804,-0.3208252,-0.5269561,-0.80615485,0.03246303,0.028485067,0.4267863,-0.36758134,-0.4027238,1.5283979,-0.0012116573,0.93774086,-0.38627994,-0.47000414,-0.41928852,0.09803205,0.8792849,0.22781557,-0.21551476,1.0268044,0.9697613,0.19199616,-0.6944863,0.4342689,0.9776287,-0.64932513,0.37183014,0.48625836,0.5780895,0.074233025,-0.0441674,-0.46597773,-0.61147285,-2.662538,-0.8170193,0.09551608,1.0413548,-1.0809865,0.43102285,0.41852272,-0.6931106,0.13554782,0.19832036,0.027695477,0.34196222,-0.85021305,1.2573684,-0.670099,-0.6808255,-0.42335847,-0.23926687,-1.5020798,-0.25281483,-0.06649607,-1.4951314,-1.667534,-0.8179576,0.89838356,-0.3695076,-1.2271614,-0.96369255,-1.4100819,0.18094675,-0.07870522,1.0798056,-0.0275599,-0.2515732,-0.5846239,-0.35638374,-0.88334084,-0.72523415,-0.7635629,0.5023884,0.19703938,0.46148333,0.44970375,1.6124811,1.0318401,0.85186154,-0.8499263,-0.8755727,-0.6392099,0.04478724,1.19736,0.045005307,-0.8633572,0.5243757,0.116090216,1.014445,0.40207207,-0.88053554,0.59563625,-0.39442718,0.4104936,-0.3465376,1.8513913,0.9438275,-1.1634862,-0.46452338,-0.36754644,0.16088772,0.7226974,-0.81283176,-0.7597845,-0.10309247,-0.52412635,-0.2041799,-0.031327013,-1.5421827,0.068041526,0.74853015,0.8152951,0.24661851,0.2374771,-0.54855466,-0.70277286,0.6557115,0.824157,-0.27746338,0.10885661,0.21556592,-1.1174294,1.2323557,0.25789413,1.2245015,-1.1718761,0.049385935,-0.061565705,0.7301091,-0.92043674,0.42161486,-0.9050033,-2.025032,-0.4965582,0.13026358,0.68766236,-0.0075007644,0.5819062,-0.41283286,0.76461226,0.25676978,-0.97653633,-0.052886534,0.8317893,1.1902912,0.22440709,0.9867608,-0.15817499,0.58178484,0.29583988,0.5100604,0.12630112,-0.20604792,0.9180354,-0.86651266,0.6219836,0.82536197,1.4437013,2.1711864,0.473304,-1.6318485,-1.4259038,0.8501824,-2.1775293,-0.16398233,0.6049531,-0.47153446,1.7944921,-0.8862006,-1.1342847,1.8430848,0.20931353,-0.39213276,-1.2755151,-1.5095041,0.99161273,0.9479058,-0.50168777,-0.5328293,-0.6328043,0.21194798,-0.4588062,-0.41018882,0.48841852,0.7304366,0.1414384,1.3951783,-1.1184915,0.3497529,0.64079404,0.37148368,0.45360768,0.53170377,-1.0975564,0.5882518,0.46007934,-0.34278986,-0.5883305,0.30190918,-0.5498993,0.5168937,-0.39315152,0.2953657,0.2877388,-0.84911215,0.106927276,-0.056644723,0.44342208,0.88829607,1.7655967,0.3717812,-1.1913306,0.38344547,0.62738395,0.77764463,0.28848508,0.26882946,0.8437766,0.7190689,-0.50517344,0.4586934,-0.4358129,-0.4912732,-0.019598715,0.36815536,0.13852444,0.4480292,0.23309486,-0.62992406,-0.4026304,-0.11494042,-0.2790934,-1.3795599,-0.5558721,-1.0170746,-0.5717374,-0.2712991,-0.08449789,0.4159543,-0.97523624,-1.3823013,-1.1423727,-0.061264336,0.46838993,-1.3308548,-0.4123699,0.03250961,-0.72882515,0.4780747,-0.36954725,-0.27730697,0.3950745,0.8150019,-1.2925737,0.7311517,0.120369434,0.6648333,1.6320018,0.06684455,1.1114807,-0.33218208,0.5100701,-0.9745877,0.6976369,0.7583003,-1.4261265,0.6966404,-0.04722368,-0.3849359,0.54607284,-1.3127029,-0.6551059,-0.7253982,0.0092244875,0.038363047,-1.1215423,2.0595992,-1.7183255,1.3186858,-1.6020228,-0.63308704,-0.4233204,-0.21636942,-1.5166361,0.6398391,1.0427895,0.72360927,0.4558638,-0.065110356,0.077494115,0.48012692,0.5358118,0.51928353,-0.29250446,1.1478105,-1.0521799,-1.2752125,0.40733334,1.0821576,-0.7667942,-1.5887464,-1.3149818,-0.2086384,0.5659436,-0.36742413,0.26330456,0.9681599,-0.051411204,0.54450244,-1.0457819,-0.4339227,-0.022734085,-0.6905221,0.9235562,0.23865996,1.5577741,-0.7452334,-0.40937403,1.0977957,-1.8604031,-0.26018417,-0.6448565,1.9059947,0.5562268,0.049028207,0.6470819,0.59024847,-0.46700817,-0.31964839,0.7638011,-0.15633164,1.6134821,0.62183917,-0.7314453,1.7164364,0.17670563,0.6462897,-0.6828345,-0.3289055,2.0814054,-0.15489191,-0.3262378,-0.575203,-0.53657466,-0.48989752,-0.34625453,0.26787007,0.18905649,0.10862937,0.7924114,0.44127005,-1.1439503,-0.7267064,-0.8165146,0.48214102,0.9236963,1.797227,1.2556527,-0.07617837,-0.66160035,-1.988572,0.8424466,0.7242019,-0.19665255,0.30416137,-1.518199,0.25586972,0.354253,0.0896398,-0.99011695,-2.0916383,1.0494398,0.38182756,0.47441843,1.3880892,-0.47215572,-1.5369096,-0.1987429,1.0366795,0.45230234,-1.1194333,-0.7217556,0.78923655,-0.8466533,0.97614837,0.90004665,0.37745678,0.35384727,-0.189525,0.8911456,0.52253574,-0.44016096,-0.6446129,-0.2863732,1.0919892,-1.3907638,-0.79591995,0.58054364,-1.6791201,0.9411542,-0.7973989,-0.1775659,0.2133623,-0.60899884,-1.1116339,-0.45627847,-0.35931358,-1.1209525,-0.9847758,0.20434459,-1.144606,-1.5395253,0.8012321,1.4183975,-1.2475343,0.2857512,0.6233557,0.25693837,0.37362513,0.27994588,-0.14834931,0.19956405,-0.80060786,-0.36698014,-0.51384556,-1.4240435,-0.25385702,0.5086901,-1.2857242,-1.3924834,0.78940296,1.1086779,-1.7040992,-0.4436995,0.0827454,-0.3249575,0.55183387,0.613918,0.39430588,-0.21409383,-0.70613056,-0.28098664,0.466632,0.57584625,-0.09436241,-0.052040365,0.6420774,0.0492468,0.16585863,1.4734809,-0.11441183,0.45088312,1.0623305,0.567249,-0.9036737,0.6043284,0.2283566,-0.12465841,0.9964726,-1.5737488,-0.69840384,1.4594753,-0.61071205,-0.95965207,0.11546584,0.47115278,-0.06430057,0.2718173,0.25342453,1.6236682,1.846168,0.6513137,1.6591936,-0.50095546,-0.63234544,-0.54857445,0.24407856,-0.5666096,-1.0638548,0.35055578,0.62141514,2.2698603,-0.42483842,0.08141681,0.9462903,-0.7117868,-0.9799079,0.25686872,0.47149426,-0.8121439,-0.95748734,0.33722672,-0.7519957,0.03669001,-1.6614808,-0.26641402,0.22094202,0.6757558,-0.17791313,-0.01293438,0.32294324,0.2384444,-0.6943884,0.29613662,1.3371059,1.168675,-0.038232356,-1.0100117,0.41873565,-0.43124327,-1.2700249,0.323407,-0.80348337,-0.7240057,0.23546818,-0.55749106,-0.3865823,-0.57194877,-0.22041292,1.3685303,0.26335514,-0.04667072,0.027806334,-0.42855272,1.7094203,-0.8680244,-0.521521,0.6579548,0.5437495,-1.25956,0.4292738,-1.3012244,0.35539326,-0.81255186,0.70173144,0.3744132,0.87833685,-0.5727368,1.7183564,-0.6305498,-0.1338819,0.025131894,0.48134512,-0.34953773,0.33924335,-2.0942698,1.0927792,-0.8753383,-1.1690642,-0.13706858,0.51658744,-0.44282466,0.21447948,-0.45481443,0.7870317,0.10854665,-0.73411,1.1300511,1.757635,-0.8132356,-0.6920981,0.6968758,0.38672358,-0.49419007,-0.21128468,2.915624,0.45114338,1.114099,-1.2818097,-0.46303833,0.41230255,-0.20275018,-0.7280776,-0.15595093,-0.7739453,0.2171636,0.85758764,-0.21434224,0.987241,-0.90334576,-0.0081532,0.86696297,-0.69989353,0.070642576,0.5026697,-0.86877316,-1.3199668,-1.0214496,0.64920145,0.8600041,-0.25186956,0.46263075,0.8452275,1.5631613,1.1384212,-0.4171551,-0.77042264,0.7802205,1.103087,0.9262837,-0.8153406,-1.2758746,1.0601786,1.3335612,-0.6399412,0.7998822,-0.19648734,-0.544741,-1.6077772,1.2631999,0.31146204,0.08008887,1.1531233,0.5271167,-0.11933288,0.7721595,-0.31852326,0.1857094,-0.58467126,-0.5713479,-0.04043777,-0.10229509,-1.1627326,-0.03638837,-1.1858729,0.0077444515,-0.35316515,0.83580685,-0.96001136,0.12567435,-0.50717306,1.1549928,0.34357846,0.25655186,-0.8403996,-0.023021467,-0.99526775,1.5005176,0.8605509,-0.18491831,-1.6371889,0.05826016,0.532105,0.31810218,-0.7224178,0.124143325,0.28117144,-1.139023,-0.5065759,-1.198634,-0.32695332,0.794076,1.1356281,-0.6994021,0.90065193,-1.7437704,0.98680526,-0.090739906,-1.2156947,0.016833562,0.56996757,-0.4530318,1.7713156,1.119039,0.11230777,0.13036168,0.96590286,1.2225211,-0.19612598,-0.5074472,-1.6479894,0.81181073,1.3006802,0.5363618,-1.3867884,-0.011757685,-0.027160283,-0.25612995,1.4306077,-0.2920139,-0.5333417,-0.8049309,-0.7955449,-0.87839645,-0.14711066,-0.662351,0.20527712,-1.0684526,0.24287468,-0.5812457,-0.4439352,0.2502769,-1.2490406,0.14310037,-0.17432758,0.86881137,1.1637444,0.42317235,0.51054597,-0.5782696,-0.039202906,-0.82125884,-0.6053829,0.68489814,-1.1737323,0.50702703,0.44993597,0.49294806,1.8649995,0.60594106,-0.51203704,0.6031807,0.32756785,-0.21080825,0.4011966,-0.23055018,-0.27449653,0.47587013,0.09921977,0.6379298,-1.548708,-0.2780217,-0.10556242,0.4554196,0.31398857,0.40770137,-0.27263847,0.7990242,1.7750477,0.78271824,-0.49638817
ク,-0.75653905,-0.24682896,0.7239852,0.48619524,-0.64128083,-0.6592005,-1.671646,0.20877872,1.0688113,0.39858532,0.36405614,-0.626435,-1.4126453,2.1940565,-0.8454245,0.28308812,0.56396145,-1.0731382,0.2904683,-0.3687849,0.5531567,0.402692,0.7020691,-0.6811959,1.4110752,0.43641153,0.8473523,-0.049794693,-0.37743917,-0.58855075,0.22617179,-0.6535168,-1.0108756,0.28630614,0.2237979,-0.67723125,-1.3705711,1.5214878,0.13720931,-1.0041631,-0.77752036,1.135158,0.39181694,-0.21837336,-0.7363064,-0.41536227,1.5829467,-0.74886507,0.891407,-0.64075524,-0.9399512,-0.42416286,0.57629853,0.95148516,0.5109322,-0.11045569,1.5028768,0.9686957,-0.325274,-0.34035978,0.21171844,0.74497324,-0.8472042,-0.57030606,0.10656283,0.73702055,-0.3065237,0.18391876,-0.2962232,0.23009925,-2.762746,-1.3696328,-0.4426922,1.071421,-1.5931277,0.40168986,0.05522385,-0.9305399,-0.043612372,-0.41433418,0.34953955,-0.0807196,-1.1884903,1.3722491,-0.91430956,-1.363494,-0.5046163,-0.27572668,-1.1587852,-0.019072553,-0.40451565,-1.909656,-1.3926982,-1.4828266,1.6602955,0.13007289,-0.9078204,-1.1623169,-0.76162386,0.04073814,0.24299121,1.4386703,0.60070187,-0.40898135,-0.4984008,-0.6097531,-0.78176165,-0.51368415,-0.18810605,1.0722116,0.27678597,0.2601484,0.63998866,1.4038764,0.412804,0.6025247,-1.2582422,-0.75014454,0.19480275,0.25956333,1.344936,0.88911694,-0.9188443,0.69639397,-0.29332486,0.73981476,0.5017777,-1.2044723,0.12661065,0.40764293,0.64355487,0.1871522,2.2599006,0.5691929,-0.4461104,-0.27149224,0.015597652,0.5080884,0.5336942,-0.57828134,-0.77535504,-0.09825298,-0.79496,-0.46446466,0.8443592,-1.2154076,0.39840618,0.79021496,1.4273868,0.18918009,-0.1916973,0.3227983,-1.6871339,0.4135754,1.0739266,-0.43815932,-0.02970481,0.15554552,-1.0036434,0.904994,-0.09883257,1.0621194,-0.5152279,0.37131682,-0.26437473,0.93860626,-0.6526248,0.66807485,-0.70404404,-2.4840815,-0.12242337,-0.48217627,0.32593045,0.12222069,0.48346868,-0.13494696,0.46573398,0.32231316,-1.230919,-0.60127527,1.1661344,1.0058475,-0.33011964,0.97839564,-0.19048207,0.36098918,0.41132936,0.66548175,0.7174941,-0.06030081,1.2935171,-0.8731191,0.6516938,1.0399655,0.6279518,2.7842388,0.36727253,-1.8203721,-1.3049555,0.9678835,-2.178941,-0.799836,0.9550481,-1.2047573,0.75517464,-1.4394063,-0.68074757,2.2205896,0.37170145,0.018927589,-1.0285686,-1.3848181,0.9315929,1.0369979,-0.6208689,-0.48884535,-0.7122449,0.29167593,-0.31978485,-0.6744795,1.2297078,0.5405851,0.34942362,1.3263073,-0.95340043,0.3855745,0.19002628,-0.2179535,0.3412176,1.1371442,-0.5577628,0.6773966,0.87093264,-0.19119143,-0.23112921,0.56170976,-0.5680188,0.6663784,-0.14611982,0.91604066,0.5125973,-0.4271613,0.07281318,0.027449913,0.7145004,1.1592082,1.6145482,-0.07869182,-1.7321963,-0.22889702,0.044021685,1.2269539,-0.029531121,-0.3227381,0.543101,1.202984,-0.5827609,0.23711145,-0.8122719,-0.52313894,-0.46722278,0.2584553,0.337067,0.2647035,0.15209998,-0.9063468,-0.64689535,0.32617918,-0.061224937,-1.4880637,-1.16158,-0.30430603,-0.4836799,0.25440562,1.0380064,0.44005206,-0.59266186,-1.1144475,-0.51723784,0.5395152,0.44753304,-1.6161237,-0.2722007,-0.1133369,-0.7808029,0.8597815,0.30077276,-0.42262748,-0.1898179,0.418614,-1.020472,1.0324793,0.14037926,0.61702025,1.8608241,0.35921633,1.1117233,-1.3761415,-0.0058937273,-1.0801034,0.6574978,1.1628916,-2.0889423,0.76012844,-0.1205902,-0.0992871,0.92153233,-1.3387456,-0.98695326,-0.96634024,0.1305796,-0.57527626,-0.9838212,2.5414748,-2.0378697,1.5614649,-1.9717551,-0.62198466,-0.9229052,-0.5843598,-1.1213388,-0.38994074,0.5367643,-0.31213567,0.810021,0.09004757,0.119876705,0.37688076,0.055600792,1.2123785,-0.21408232,0.57264084,-1.0076317,-1.2670561,-0.26495153,0.85144657,-1.0355556,-1.1952957,-1.3371058,-0.19691189,0.10100186,-0.40116552,-0.64300776,0.84179324,-0.005510012,0.2203422,-0.8880415,-0.454936,-0.10157768,-0.8317685,0.6075087,-0.24335349,1.4234146,-0.8669297,-0.3252128,0.59358364,-1.537694,-0.022062093,-0.46334687,1.6673303,0.56174105,0.8237472,0.5297745,0.464969,0.013555993,-0.52737075,0.89248234,0.07670478,1.5913453,0.42887557,-0.7216444,1.2707238,-0.0756479,0.5898029,-0.3068007,0.16354047,1.59199,-0.09785533,-0.6886887,0.018436514,0.26282585,-0.3696107,0.2571385,0.85211873,-0.14709546,-0.2156481,0.7005293,0.8203319,-0.6719205,-1.0536193,-0.527993,0.8088251,1.2921342,1.4933491,1.3791933,-0.32275757,-0.58977866,-1.8993858,0.47179362,0.81352144,0.5306811,0.22984605,-1.8918065,0.67263657,0.28605118,0.6540923,-1.6960188,-1.5458488,1.4103819,0.0065898,0.2931204,1.7723837,-0.93377346,-1.3568531,-0.6048992,0.29506746,0.043301832,-1.0131383,-0.7439966,0.44100323,-0.23275264,1.2763082,1.0263028,0.4176277,-0.13366376,-1.057422,0.3658689,0.2726784,-0.35543552,-0.6572039,-0.21497233,0.4890289,-1.6991173,-0.7131378,0.3978243,-1.8026704,0.95649034,-0.36204377,0.22438574,-0.2785486,-0.7523876,-1.0928675,-0.19188227,-0.26275373,-1.5005504,-0.54125255,0.84359026,-1.7515618,-1.2757225,0.8777282,1.0413607,-0.6068846,0.58408695,0.601047,-0.10422257,0.7844592,0.0055821636,-0.25365844,0.10080302,-0.24491023,-0.08422711,0.09485548,-1.7622705,-0.45495716,0.91193944,-1.310557,-1.9379557,0.49811825,0.40824628,-1.5976062,-0.7603579,0.49772564,0.09138767,0.58166265,1.0090386,-0.5381604,-0.23535049,-1.0110171,0.016415596,0.3102754,0.042803753,0.056918215,0.525011,0.29015645,-0.36312377,0.15334536,1.7177043,-0.22012724,1.5971769,1.2759572,0.27450797,-0.2696558,0.7618642,-0.1932375,-0.45516655,1.1673545,-0.6603848,-0.73414373,1.5236231,0.19680841,-0.19868149,0.12270439,0.59062576,-0.8582429,-0.27815714,-0.2795306,0.89867496,1.2176499,1.271557,1.4837976,-0.0880452,-0.28340322,-0.51335603,0.7496632,-1.2581882,-0.85538346,-0.022571007,1.0212339,2.0898077,-0.9028066,0.4300724,0.61247104,-0.6048969,-1.2307955,0.01433007,0.3698132,-0.5454827,-0.23350967,0.6112991,-1.6526402,0.31185183,-1.8612679,-0.3101159,1.2510747,1.4091638,-0.45360127,0.02527832,0.84801966,0.14976937,-0.59074485,-0.28479716,0.9728673,1.9298391,-0.4047455,-1.0815557,0.8293874,-0.39540824,-1.3448247,0.18898652,-0.88669056,-1.0664109,0.4293283,-0.9630831,-0.26025262,0.13818587,-0.5502545,1.4016603,0.36260998,-0.39212558,0.6175183,-0.87888676,1.2321441,-0.3992404,-0.67220545,1.0994526,0.66760975,-1.5111457,0.8954525,-1.5420758,0.9496858,-0.7330072,1.1375029,0.89720744,0.2165264,-0.71846986,1.4402481,-0.71567804,-0.073064335,-0.43794182,0.2180803,-1.0868424,0.756931,-1.9311475,1.1786475,-1.0792145,-0.5530471,0.13758697,0.53066343,-0.3338375,0.16712476,-0.13646324,0.58290195,0.02481459,-1.2750304,0.961952,1.322473,-0.3196031,-0.7991324,0.59339327,0.34231806,0.06882273,-0.32326013,2.346199,-0.15573558,0.48807248,-1.4707447,-0.99052215,0.8929729,-0.10318666,-0.8894987,-0.40188178,-0.23273565,0.083740495,0.018188566,0.14247255,1.1203535,-1.0129447,0.5760482,0.81816417,-0.86132336,-0.3523905,0.22973685,-0.36803842,-1.1849414,-1.5849462,0.83884364,0.42094025,-0.7925492,0.82701224,0.805765,2.0909748,0.78491193,-0.24946801,-0.9846921,0.79538554,0.3912429,0.5044489,-1.0358328,-1.12104,0.5014903,1.2957984,-0.44987977,0.30541852,0.18177599,-0.71494174,-2.083112,1.024276,0.43305334,-0.12563704,0.85273594,-0.12351861,0.0048156655,0.025130471,-0.14476766,0.18571985,0.017789109,-0.661336,-0.12979417,0.40461448,-0.94182116,0.5668699,-0.3676912,-0.12421999,-0.32174504,0.79731965,-1.2408614,0.7088125,-0.079361975,0.55750304,-0.1900997,0.06687754,-1.3479953,-0.31149906,-0.14290865,1.343619,0.95959663,-0.42042053,-0.4031422,-0.270855,1.4694486,0.6313898,0.39724222,0.18382072,0.12713178,-0.20359682,-0.20589153,-1.0817728,-0.7432916,0.49007198,0.33298776,-0.7556074,1.5179683,-2.440855,0.9998731,-0.23701243,-1.2814971,0.05579569,0.16916513,-0.3476934,1.8845525,1.1354089,-0.70216656,0.35337743,0.7315846,1.228232,-0.4007027,-0.14095183,-1.1024694,0.7617964,1.4766914,0.4237586,-0.9554307,0.068107545,0.32645217,-0.32757798,1.4291745,0.09120792,-0.60232943,-0.7991528,-0.22510225,-1.0913981,-0.24186909,-0.40817904,0.13592581,-1.1915458,0.3085446,-0.3085835,-0.9555194,0.48201135,-0.5718477,0.21266179,-0.06507254,1.4120941,0.20496316,0.35323712,0.45737424,-0.34129217,-0.33695686,-1.2417637,-0.2955154,0.502255,-0.7238207,0.84130293,0.740802,0.91442925,1.2997128,0.13885047,-1.5007547,0.3724089,0.3949566,0.62685215,-0.004626771,-1.1921765,-0.5806256,0.44070387,0.325304,0.73499614,-1.315663,0.010724227,0.018793205,0.041099086,0.37910378,0.8000106,-0.056953173,0.41633722,1.9518872,1.2844793,-0.14535563
ヲ,-0.82966757,-0.9341308,0.58920884,2.0923684,-0.49139985,0.13968936,-1.201878,-0.0793769,0.74960655,-0.76845944,0.42166632,0.7134788,-1.0570278,2.2544897,-0.43411106,0.117772594,0.97563857,-0.8719093,0.27782115,-0.1767439,0.77788323,0.08636223,0.67352533,-0.7771549,0.51488847,1.0811288,0.5274069,-0.9303028,-0.6323415,-0.28645474,-0.3643944,-0.8199415,-0.56843096,-1.0577962,0.17549615,-1.1975564,-0.8551744,1.3050451,0.09272088,-0.28311116,-1.2183211,0.4498149,-0.78870964,0.6280397,-0.6832392,-0.36580575,1.8159975,-0.42444572,0.8506958,-0.4708209,-0.36252713,-0.20477442,0.064255774,1.0688875,0.6354915,-0.06311022,0.91555536,0.61786443,-0.017638734,-0.58912194,0.42522568,1.5154382,-1.1969837,0.40124026,1.007736,1.1667802,0.751674,-0.47646752,-0.46996373,-0.6503938,-2.6545916,-0.37318027,0.32704133,0.9538658,-1.0430464,0.9940877,0.46874228,-0.064006194,0.09116972,0.2882203,0.22249088,0.5386132,-0.91523206,1.7488315,-0.0991742,-0.3109006,-0.40593678,-0.0700514,-1.4201974,-0.21507964,0.59448195,-1.0025225,-1.7081661,-1.34357,0.69400823,-0.24131723,-0.7796543,-0.30566365,-1.2768247,0.23002999,0.2871739,0.47423607,-0.97113276,0.057594974,-0.6356383,-0.045465816,-0.86066705,-0.8340613,-0.76103705,0.88010013,-0.2523204,0.2817342,0.5548014,1.4921653,1.1199251,1.2450365,-0.6472207,-0.97657144,-0.50288165,0.06458498,1.0693529,-0.42794037,-1.5781548,0.4939161,0.25866604,1.2927971,-0.047445524,-0.6253333,0.8955604,-0.28595477,0.30765584,-0.6301216,1.3209352,1.001696,-0.90620565,-0.52355826,-0.7060529,0.1620431,0.20032363,-0.44728073,-0.6722131,-0.44034868,-0.2126092,-0.25132495,0.04233355,-1.5842671,0.24742493,0.6151655,1.2039936,0.4058222,0.33872777,-0.31872192,-0.44396442,0.54154074,0.55082405,-0.06780963,0.5141965,-0.4887237,-1.2970133,1.4868387,0.8345432,0.96733075,-1.1598161,0.09934351,-0.071663536,0.61066586,-0.60942775,0.68283945,-1.0486434,-2.004525,-0.38043082,0.19283527,0.031292606,-0.3123456,0.17288828,-0.30218253,0.9902474,0.33456054,-0.8763574,-0.18055049,0.40578064,1.407188,0.4171862,1.2146127,-0.18372372,0.8428756,0.72845525,0.102711156,0.044264693,0.37980655,0.2831428,-0.6662242,0.80154306,1.1866294,1.7183005,2.7469845,0.5415618,-1.73006,-0.9874584,0.7537097,-1.5748496,0.020921081,0.78658634,-0.48555765,1.4438909,-0.55898625,-0.9565603,2.3562427,0.69002146,0.098546766,-1.4576876,-0.67370856,0.6523825,0.6528371,-0.58047205,-0.36651015,-0.6422475,0.40720278,-0.41966873,-0.036831945,0.66462934,-0.08617356,0.48884314,1.6185284,-1.442297,0.59365267,0.42061442,0.8866148,0.35104305,0.34299546,-1.07033,0.0624413,0.8558055,-0.60238063,-0.115567826,0.23389177,-0.7905916,0.82264197,-0.6738745,-0.11558151,-0.22145191,-1.1410949,0.0363127,-0.13898301,0.58281,0.94113636,2.1241734,0.43694633,-1.1138445,0.0058087944,0.6043153,0.81150943,0.7249447,-0.12975919,1.1309206,0.60712516,-0.35923904,0.15377018,-0.15642115,-0.1560579,-0.63914716,0.89489824,-0.27808186,0.84741783,0.77555233,-0.37861675,-0.32704762,0.04341998,0.110397756,-1.4013277,-0.70435655,-0.5324047,-1.197457,0.1155226,-0.56129944,0.28784674,-1.4640579,-0.8555628,-0.99599326,0.13133791,0.5847088,-1.1574651,-0.23512058,-0.12698272,-0.2188395,0.31412464,-0.57918715,-0.22863281,0.4338355,0.7445682,-1.7945801,0.66598046,0.5645374,0.38385445,1.2161503,0.15012975,1.4298741,-0.06198301,0.68553054,-1.3020025,0.72339994,0.98864156,-1.628979,0.3688497,0.28910646,-0.3917789,0.54984933,-1.1353972,-0.055909455,-0.55873,0.3724955,-0.09622775,-1.4856546,1.6156664,-2.0683613,1.3022357,-1.2874398,-0.5582407,-0.49898666,-0.6253432,-1.5984137,1.0344641,0.5768081,0.23372295,0.4282704,-0.12207098,-0.24296379,0.71967834,1.0589216,0.24100633,-0.6066687,0.7066979,-0.6141343,-1.4906665,0.45325717,0.9526125,-1.3116506,-1.2485626,-1.6778536,-0.5400568,0.6043407,-1.0618842,0.041226637,0.8937454,-0.38281915,1.1004722,-0.4807108,0.10829636,0.00757612,-0.70521754,1.2343376,0.10799316,1.0396745,-0.7514686,-0.48303205,0.5911451,-2.513989,-0.36312547,-0.6258667,2.0331225,0.44449958,0.005504751,0.46346703,0.37658176,-0.92376673,-0.14408655,0.85088503,-0.32914746,1.4763334,0.72006243,-0.6630384,1.789225,0.49489957,0.64308107,-1.2398388,-0.39035234,1.7824732,-0.049842335,-0.3159563,-0.5398067,-0.32233733,-0.029302463,-0.085040614,0.18063276,-0.23495655,0.19815667,0.8654906,0.6553671,-1.7113495,-0.4899922,-0.91123563,0.5857077,1.0932162,2.4173274,1.6709101,-0.38346323,-0.95363104,-2.0782037,0.0457041,1.2461932,-0.3264174,0.5489028,-1.3686436,0.040075578,0.30545315,-0.11791726,-0.7514434,-1.9636093,1.6431011,0.37996763,0.18867394,1.7250607,-0.75214654,-1.2957346,-0.19251236,1.2826798,0.5819901,-0.58058834,-0.5747392,0.86522806,-0.6415119,1.1960429,0.7492855,0.029473405,0.18482009,0.24735932,0.5684528,0.4677593,-1.141584,-1.1006094,-0.063442275,0.8136495,-1.5671787,-1.0097902,0.43477783,-1.455302,0.7121035,-0.6282126,-0.17054214,-0.0047533275,-0.65628016,-0.642052,-0.8729018,-0.41046166,-1.2439084,-1.3923534,0.107236564,-1.1951681,-1.9925467,1.3161606,1.8607407,-1.2820543,0.5369383,0.6210607,0.33088222,0.96927834,0.2353855,-0.17362754,0.4936998,-0.53979695,-0.04839322,-0.83469975,-0.86579955,-0.6273929,0.04801008,-1.2150992,-1.138107,1.322587,1.2371258,-1.9518645,-0.42996138,-0.5212776,-0.9696764,0.52132004,0.52643716,0.6273298,0.046272922,-0.8569853,-0.30314046,0.22713678,0.6164728,0.10671493,-0.29307416,0.75589925,-0.12973678,-0.277968,1.5010495,0.2990666,0.25427312,0.7378614,0.2307665,-0.87589186,0.2433261,-0.20323057,0.14595693,1.048258,-1.8057092,-0.76675117,1.2204578,-0.5108311,-1.0757459,-0.02500933,0.0028654814,-0.025972614,0.38762504,0.60351783,1.56788,1.396694,0.8194237,1.5637643,-0.97964907,-0.8444499,-0.503091,-0.08596051,-0.8732482,-0.99111253,0.88094985,1.1005803,2.032235,-0.39141,0.23807292,0.36034256,-0.7232823,-0.93307245,0.90637743,0.35232896,-0.68684053,-0.4375773,0.06665777,-0.51761043,0.2597786,-1.905186,-0.16538984,0.50154614,0.47179532,-0.4663344,-0.28401968,0.15896556,0.19735718,-0.9609419,0.92542076,1.0764858,0.95982915,0.1394933,-0.72128534,0.041314177,-0.27886635,-1.6540935,-0.059024967,-1.0125924,-0.36294025,0.06640986,-0.4868477,-0.078042775,-1.1777066,-0.62208474,1.3209316,-0.07452134,0.17608751,0.18752679,-0.48927307,1.6657108,-0.9420825,-0.43965378,0.9058604,0.75686014,-1.7171471,0.44436485,-1.3891859,-0.36739904,-0.6288861,0.59043753,0.48370296,0.6755318,-0.40505758,1.652293,0.01893785,-0.43383747,0.059629846,0.54193383,0.022025842,0.6201514,-2.1251056,0.9486477,-1.1853702,-1.5012968,0.14005898,0.70761395,-0.16715202,-0.2547167,-0.3903823,0.26956588,0.4384822,-0.7722567,1.4968386,1.6952766,-0.5192848,-0.30933285,1.0292617,0.7229656,-0.6716385,-0.17374325,2.70311,0.4461511,1.2633812,-1.1158415,-0.39971477,0.08300075,-0.04621762,-0.7327348,-0.034680177,-0.4898708,-0.019104922,0.75814605,-0.29375905,0.7775979,-1.4628433,-0.2604669,1.067172,-0.70368326,0.13354649,0.2594878,-0.29363635,-1.655563,-1.194701,0.66418296,0.77579,-0.17394371,-0.07216872,0.2893156,1.3760536,0.8370722,-0.21528324,-0.24449453,0.48584875,0.90775347,0.92661154,-0.23171754,-1.4158891,0.48480725,1.4494979,-1.1176549,0.87966967,-0.813488,-0.7154786,-1.8549303,0.94139034,0.4425707,0.14528215,1.4774339,0.44111514,0.06458122,0.60206366,-0.61977446,-0.1472136,-0.46598715,-0.43662992,0.027842332,0.097212866,-0.66362274,-0.030449774,-1.2002734,-0.045495667,0.2745296,0.88270414,-0.76476556,0.2197326,-0.104711816,0.6428826,-0.10296347,-0.6443554,-0.50659376,-0.13157052,-0.8397258,1.7707281,1.03907,-0.25969967,-2.0394375,-0.0593872,0.19055267,-0.124139145,-0.9457682,0.5105316,0.2247779,-1.12044,-0.7342135,-1.3574139,-0.21312973,0.58317614,1.3251845,-0.45239335,0.3969141,-1.3004545,0.7520357,-0.11916852,-1.0040329,0.7659423,0.2098906,-0.5526249,1.7385544,1.2405369,0.08386956,0.20955053,0.9755577,1.1126392,0.11620317,-0.35484654,-1.6671169,1.113824,0.9673449,0.55810463,-1.3920414,-0.18817744,0.021295464,-0.51276374,1.4756451,-0.55963355,-0.4216054,-0.7765992,-0.45263585,-0.67120975,-0.32238835,-0.7091978,-0.6559479,-0.9719806,0.029901946,-0.75232714,-0.06805425,0.5311221,-0.99376184,-0.017121935,0.032576043,1.1495411,0.9187066,0.092182264,0.71805483,-0.8472602,-0.0038176537,-1.195385,-0.8061005,0.98961604,-0.8946775,0.1589095,0.36152905,0.75012064,1.919906,0.71708524,-0.4261721,0.30713516,0.10746451,0.040549148,0.5981225,-0.74447596,-0.54514056,0.11696048,0.007490185,0.057251144,-1.1786821,-0.1793917,0.0006358206,0.49921018,0.41453904,0.5866497,0.09360795,0.5963372,1.7680317,0.45111355,-0.55723536
ツ,-0.47025263,-0.9180036,1.1467743,0.60488504,-1.0780598,-0.86255664,-1.160261,0.5192998,1.5018531,0.9104704,0.5056262,-0.46265694,-1.1214648,2.204782,-1.092573,0.16967966,0.7658475,-1.4483676,0.2423151,-0.13823211,0.47485694,0.21417432,0.24627955,-0.7128764,0.9486018,0.8768406,1.2036529,-0.6715793,-1.0320885,-0.9022517,0.016612574,-0.7394087,-1.1197971,-0.5432394,0.2548853,-1.1875601,-1.4377327,1.344142,-0.36398903,-0.8749461,-0.9482997,1.0841174,0.45202434,-0.22212152,-0.407616,0.29048195,1.6345959,-0.48439702,0.70983845,-0.7493053,-0.9494615,-0.16216977,0.49579144,0.6667273,0.3856567,-0.36265412,1.1627284,1.1582899,-0.07704649,-0.19096154,-0.07608516,0.61139196,-1.1757494,-0.94927907,0.071168855,0.42206666,-0.5120056,0.10073017,-0.0021121136,0.13907202,-2.5254133,-1.9616727,-0.4968302,1.5774441,-1.7296783,0.30924448,0.22692136,-1.2214766,0.26571298,-0.23510654,0.24077685,-0.3644656,-1.0453331,1.377812,-0.87703127,-1.6046072,-0.47390583,-0.44839588,-1.2921243,-0.19313091,-0.5441552,-1.8931575,-1.0130848,-1.2487633,1.3103185,0.083682954,-0.71869373,-1.0744894,-1.2417926,0.23007166,0.20469941,1.0420007,0.57580334,-0.5542593,-0.30997634,-0.284392,-1.0182303,-0.115406156,-0.4045947,0.25107852,0.30928287,0.38262296,0.58559316,1.7617421,0.7375264,0.5310856,-1.661987,-0.47335765,0.10553161,0.37581536,0.79761237,1.0298339,-0.5040875,0.52915394,-0.14073475,0.5526562,0.23731966,-0.84348226,-0.031885054,0.5399225,0.49348903,0.113365136,2.2874126,0.7528457,-0.5026335,-0.67268544,-0.38892567,0.18234639,0.6476484,-1.1551137,-0.41622445,0.4649472,-0.61063987,-0.40349814,0.7437946,-0.93470883,0.05344534,0.5976572,1.6756386,0.21015291,-0.3826349,-0.18776603,-1.7453336,0.3860947,1.1363217,-0.13196246,-0.22646041,0.62039775,-0.7809582,0.8820105,-0.49565426,1.3262953,-0.38332185,0.54592454,-0.5617704,0.79809356,-0.68882495,0.33276007,-1.2093717,-2.2536595,-0.59535176,0.284055,0.5095062,0.34329996,0.80209225,-0.70489055,0.5701677,0.62574595,-1.4366084,-0.8742964,1.718623,0.98081356,0.021177968,1.3531026,-0.0143667655,0.43336806,0.5115534,0.5175144,0.40767944,0.11458033,1.4075341,-0.5480518,0.7312215,1.241859,0.27851877,3.0638046,0.6351988,-1.6947018,-1.0511152,0.51851505,-2.372479,-0.41557243,0.8287428,-1.5090218,0.8454866,-1.6766076,-0.978112,1.1436895,0.5729582,0.20632108,-1.2406844,-1.1437885,1.3167738,1.072732,-0.5562373,0.16622904,-1.042185,0.0071254075,-0.5238608,-0.45417622,1.1936947,0.85793823,0.308763,0.6731474,-0.7628934,0.4540577,0.15692468,-0.30860105,0.5516277,0.9129694,-0.89277935,0.437222,0.5703792,0.40500274,-0.21672599,0.1897264,-0.32152998,0.878743,-0.5857195,0.43280157,0.6900761,-0.6089765,-0.21621083,0.116232924,0.50488156,0.6314997,1.1067481,-0.39260614,-1.64576,-0.09371989,0.33784303,1.1440858,-0.046503086,0.24517971,0.5030667,1.6057492,-0.89446163,0.7306855,-0.522147,-0.25066152,-0.5274148,0.7515535,0.4825575,-0.049304247,0.16743024,-0.69005775,-0.7824085,-0.002350678,0.04881161,-1.5714808,-0.68233997,-0.6975977,-0.35519686,-0.1558164,1.2266556,0.6289762,-0.95043534,-1.3998333,-0.9106173,0.16264889,0.5651983,-1.3286592,-0.5858601,-0.3019512,-1.0773481,0.38785517,-0.07201818,-0.25857207,-0.431859,0.60794693,-1.027207,0.949279,0.30128518,0.79317135,1.663951,-0.18538415,0.9837241,-0.9794593,-0.029693505,-0.51441234,0.8762737,0.5866345,-1.2728773,1.0299178,-0.86115783,-0.5215746,1.1538719,-1.3866616,-0.5209512,-1.3999053,-0.3523109,-0.28714612,-1.0278604,1.844731,-2.7561061,1.4191579,-1.9740869,-0.78648996,-0.66333014,-0.47715366,-1.1546241,-0.46539724,0.46702957,0.060343966,0.7444906,0.29323688,0.31152976,0.29782593,-0.22815043,1.2343167,-0.29366663,0.44368848,-1.0624529,-0.95346373,-0.42938432,0.25305626,-1.4115213,-0.63437,-1.3664112,-0.4170574,0.20940602,-0.3644159,-0.27295047,0.68406886,-0.1882745,0.1481684,-0.29600307,-0.74615425,-0.023405274,-0.74333644,1.3733435,-0.40561768,1.6746016,-0.8294937,-0.2205757,0.07031351,-1.2203375,0.24593067,-0.3608477,1.2191921,0.7292318,0.74069524,0.20546973,0.6113896,-0.27609512,-0.45093212,1.6842545,0.014510582,1.9105889,0.52015406,-0.20098805,1.468552,0.124361366,0.9132981,-0.35533878,0.024171809,1.4220299,-0.7097208,-0.72839475,-0.090672374,0.5995282,-0.41166338,0.025258482,0.8977494,0.36266553,-0.28821734,0.6765294,0.1417442,-0.2875136,-1.0848817,-0.28170964,1.3465747,1.0106637,1.4219509,1.0935535,-0.52858156,-0.8302023,-1.645432,0.51673347,0.6456677,1.1808764,0.3385211,-1.5013815,1.2455611,0.68671846,0.5852627,-1.8879815,-1.9762951,1.6045718,0.7323478,0.3435347,1.4040543,-1.0605483,-1.3884066,-0.8293225,-0.19685894,0.020525074,-0.7925115,-1.18686,0.43994752,-0.14868669,1.0291268,1.0166218,0.5729686,0.34066775,-0.6989355,-0.10273737,-0.043917645,-0.05257237,0.11532176,0.03367721,0.45424652,-1.4087201,-0.78142923,0.827246,-1.7170228,0.99778867,0.020490473,-0.13224296,-0.29286793,-0.5854981,-0.7522772,-0.25530127,-0.30954388,-0.91339046,-0.598729,1.0166836,-1.447702,-1.0526646,1.1004289,1.4368354,-0.18185043,0.3104311,0.5189755,-0.5116251,1.0931882,-0.40604892,-0.22677524,0.25833842,-0.34807572,-0.29073945,-0.50755465,-1.4563726,-0.33032823,0.8322591,-0.8702452,-1.3810741,0.7362056,0.5990396,-1.5365629,-0.879992,-0.6703541,-0.22050084,0.37564516,0.9167044,0.24687022,-0.05306158,-0.34582296,-0.081064135,0.13156317,0.63402945,-0.4906706,-0.13333985,0.26608768,-0.85847825,0.05327867,2.0348666,0.062317643,1.521296,1.6238607,-0.08092422,0.37672606,0.83949906,-0.34239554,0.007322689,0.95630145,-0.9039561,-0.8545533,1.3179013,-0.131492,-0.52001035,0.095917694,0.77860504,-0.50052875,-0.57262546,-0.20637204,1.1812617,1.5353918,1.0324429,1.6649761,0.02632512,0.23011684,-0.5307417,1.1526815,-1.2822726,-0.575023,-0.37391022,0.8588044,1.6495084,-0.7397289,0.28191534,1.1776576,-1.011042,-1.1052638,0.43529508,0.7679412,-0.42918828,-0.527039,0.54705983,-1.3184754,0.36002716,-1.3147415,-0.3582472,0.88645196,1.4086851,-0.7011251,0.33280525,0.65522194,0.14857243,-0.68311244,-0.21527515,0.8871309,1.6532636,-0.463949,-0.6539028,0.700527,-0.08415112,-1.5715276,0.09184792,-1.0814548,-0.82551223,0.36146495,-0.43626264,-0.45004916,-0.3752085,-1.0028636,1.5736728,0.48641324,-0.36077896,0.60270005,-1.005388,1.6225686,0.30511644,-1.0202813,1.2372087,0.7340738,-1.238253,0.88002586,-1.4244035,1.3445133,-0.29092172,0.66067284,0.9774928,0.67588663,-0.8005972,1.5442691,-0.6238562,-0.025842467,-0.8358667,0.2413586,-0.75450045,0.6554343,-1.8815597,1.4342326,-1.145552,-0.04596478,0.06423224,0.13133527,-0.48434487,0.6204593,-0.36820245,0.52457446,0.15941119,-1.3696885,0.7970894,1.5355163,-0.33239615,-1.0734377,0.11540508,0.000486174,-0.3401544,-0.0072276643,2.714506,0.02920031,0.68024033,-1.3862587,-1.2819927,1.2075489,-0.20484537,-1.3137239,-0.20778228,-0.24588506,0.4719038,0.12732814,0.23321845,1.09067,-0.44412124,0.79093987,0.50446665,-0.5923819,0.060475513,0.0875966,-0.7116396,-0.68922335,-1.3885875,0.56436676,0.2346958,-0.8845272,0.71571714,1.0915645,1.5128127,0.76057094,-0.24111153,-0.6274291,0.84518737,0.6524902,0.7767909,-0.7432404,-1.4928378,0.329353,0.9301894,-0.14685597,0.32994378,0.09382377,-0.3976787,-1.8277658,1.472889,0.15119196,0.10397584,1.0495708,0.25174788,0.029076338,0.4757618,0.35187384,0.09842968,-0.49893966,-0.881975,-0.08517491,0.23997454,-0.80500484,0.31560835,-1.00387,-0.093129374,-0.55904883,0.7998715,-1.2482148,0.75899416,0.14461674,0.46885905,0.2630388,0.8667287,-1.5953236,-0.8384369,-0.32878587,0.9677375,0.9852883,-0.44107047,-0.6275206,-0.44224176,0.99317473,0.91208744,-0.036570236,0.19770966,0.0052766404,-0.20741199,-0.45637754,-0.9781389,-0.8826459,0.62312907,0.4959829,-0.9936549,1.3908567,-2.1063359,0.95055366,-0.3472475,-1.8658962,0.08206367,0.70442325,-0.92110556,2.0945225,1.3309164,-0.2634265,0.09219566,0.8369557,1.2825853,-0.6711529,-0.2304032,-1.152485,0.5821095,1.2236866,0.6207301,-1.2044843,-0.21469527,0.33833763,-0.40657791,1.6786765,-0.26928297,-0.057426114,-0.85529447,-0.5983262,-1.0483173,-0.4595871,-0.64917606,0.37224984,-1.2205037,1.057603,-0.6839301,-1.0359205,0.6246528,-0.41731668,-0.32108974,-0.52838683,1.2226422,0.81825954,0.23577517,0.48206225,-0.62312484,-0.44360617,-0.82154685,-0.3974621,0.9456983,-1.0142775,0.96883345,0.56861,0.7733863,1.6774477,0.08379897,-1.7270035,0.72716594,0.5120408,0.3729248,-0.18589945,-0.49831378,-0.28111494,0.10051016,0.3513417,0.873238,-1.887921,-0.4820421,-0.26030543,0.328437,0.012286931,0.70252347,0.35133228,0.7109966,1.6952547,1.2643336,0.23935346
ク,-0.7500155,-0.40248767,0.871286,0.9505032,-0.90100783,-0.43237475,-1.4722406,0.7524667,1.0272421,0.36648324,0.4651871,-0.081079006,-0.9051489,1.6903615,-0.64470524,0.068792805,1.1783229,-0.74568576,0.51708317,0.16208269,0.6461174,0.17818798,0.7918088,-0.8281045,1.0075377,0.31285736,0.6639713,-0.34246302,-0.58660287,-0.74190974,-0.021818435,-0.42069444,-1.3585693,-0.59044296,0.42466426,-0.6004257,-1.5512565,1.3541652,-0.08907204,-0.35472575,-0.89198184,0.51313907,-0.16760154,0.29680505,-0.44055232,-0.01221549,1.741896,-0.4007444,1.4532075,-0.41962686,-0.6988397,-0.42857727,0.82711905,0.97720224,0.47708043,0.16963409,1.2812059,0.7005727,-0.040017407,-0.3423879,0.42884007,0.8059883,-0.8047374,-0.2035863,0.155889,0.5323371,-0.16996323,0.17518848,-0.41438445,0.052413303,-2.5164535,-0.918787,-0.08638728,0.9550615,-1.3945512,0.58002234,0.26899132,-0.73609716,0.16430373,0.12111819,0.3440046,-0.19853306,-0.54514813,1.1861864,-1.0011418,-1.0077704,-0.53126824,0.15148664,-1.4707044,-0.42669025,-0.25887418,-1.479864,-1.4562796,-1.3720411,1.3116988,0.117211916,-1.1041383,-1.0259811,-1.3284346,0.17199486,0.17803246,0.8569472,0.22832201,-0.6305647,-0.8437273,-0.07877326,-0.69201094,-0.753524,-0.72397655,0.6949462,0.062080353,0.86731124,0.44389322,1.7552251,0.49723396,0.9495656,-0.93618554,-0.7742489,-0.2010725,0.533006,1.5554515,0.15112685,-1.1792297,0.2752275,0.15727931,0.74256164,0.3704389,-1.1651802,0.68852854,0.59510756,0.306276,-0.11760119,1.939633,0.80162835,-0.6356205,-0.1816896,-0.4512619,-0.042209644,0.370419,-0.8266519,-0.13069278,0.67950606,-0.18958722,-0.39416328,0.30985358,-1.1475815,0.17233597,0.62355477,0.86921746,0.23589279,-0.44541892,0.08188314,-1.4621086,0.3901886,0.9653105,-0.6626803,0.09142905,0.07932705,-1.2716442,0.7056649,-0.36486414,1.1587473,-0.8676567,0.6366845,0.070881486,0.64503807,-0.6963175,0.5925233,-0.6139589,-2.0650082,-0.59596604,0.01843378,0.36945963,-0.2095754,0.45979968,-0.30853817,0.48238575,0.22705097,-0.99838275,-0.21426511,1.0886908,0.8344756,0.24780798,1.126872,-0.43436277,0.4862628,0.8975844,0.12440985,0.34563228,-0.15342267,1.0991803,-1.1286248,0.9633539,0.90599066,0.8273414,2.7846978,0.9029517,-1.5525271,-1.5917345,0.86501646,-1.6490006,-0.40342954,0.51092786,-1.7997283,1.0954376,-1.5024642,-0.7033052,1.7095413,0.5059851,-0.16677924,-1.4433827,-1.3215876,1.0074934,0.5091791,-0.6581108,0.105758466,-0.8905008,0.29221568,-0.24920364,-0.53936106,1.0602559,0.5065213,0.30493537,1.2005997,-0.9995942,0.7712582,0.33679488,0.0140769975,0.6506761,0.76257825,-0.7229715,0.48617828,0.4175768,-0.14820886,-0.18444192,0.33755603,-0.7110273,0.39808235,-0.19707143,0.4895107,0.44995984,-0.6228137,0.17417061,-0.4898468,0.48081398,0.77967167,1.3996042,0.01726824,-1.6953125,-0.2838407,0.51104325,1.0174323,0.26007706,0.41604808,0.53098804,1.0897458,-0.30089962,-0.08603809,-0.3900977,-0.84830624,-0.3472744,0.7342732,0.30148757,0.99938273,0.1974889,-0.47296724,-0.56002766,0.290162,-0.05071992,-0.65270406,-1.0372523,-0.6376706,-0.7547331,0.43727908,0.31720802,0.7974503,-0.5695564,-1.0904063,-0.23397045,0.58136976,0.84099823,-1.660931,-0.66826296,-0.15808459,-0.9899283,0.4893813,-0.14956087,-0.02489596,0.1594278,0.61129725,-1.3033426,0.95138353,0.18189637,0.9276708,1.4863361,0.41245064,0.9767886,-0.47020912,0.24352978,-0.6103917,0.77191305,0.642716,-1.6755861,0.06850524,-0.48979744,-0.34836814,1.1286546,-1.31363,-0.4301335,-0.8209398,0.30114877,0.12901253,-1.0802764,2.3346531,-1.8538127,1.3575145,-1.7761048,-0.54448146,-0.6088424,-0.30315366,-1.5350026,0.30579385,0.4142343,0.08735666,0.58009505,0.3183672,0.4442196,0.3725001,0.25350335,0.89735436,-0.008419056,0.26110566,-0.90641624,-1.739297,-0.19876707,1.1405383,-0.9032457,-1.5789775,-0.97214514,-0.564739,0.30919996,-0.41747522,0.089717865,0.8325513,0.05532545,0.592774,-1.0786018,-0.3655413,-0.071125805,-0.8190849,0.9503761,-0.27941993,1.2285427,-0.8400023,-0.61483884,1.1199769,-1.6718892,-0.19729584,-0.7308088,2.109082,0.46900165,0.33800468,0.26415685,0.69228786,-0.10902494,-0.68063205,0.7628727,0.17960507,1.5549322,0.11079576,-0.4694598,1.6913667,-0.118412904,0.61233246,-0.44438675,-0.37158206,1.9290112,-0.3880488,-0.7851953,-0.67547923,-0.3703041,0.060373824,-0.11441621,0.56340647,-0.25622502,0.103286386,0.537805,0.9373269,-0.64155936,-1.0552069,-0.6219093,0.7355631,1.3314482,1.4862576,1.3510857,-0.09400464,-0.4595565,-1.9666637,0.30426317,0.91746885,0.3663247,0.12144649,-1.7908973,0.03128448,0.37565458,0.3272145,-1.3600353,-1.7510792,1.7239747,-0.021722695,0.48833522,1.2811135,-0.7674801,-1.5457186,-0.48117992,0.55798286,0.26443726,-0.9367896,-0.8728342,0.51992935,-0.45825085,1.0172237,0.64501107,0.33017784,-0.0705282,-0.64406246,0.9959075,0.083900474,-0.85762864,-0.232466,-0.49832144,0.97540444,-1.3999444,-0.55960363,0.030409658,-1.5935326,1.2408761,-0.42419872,0.2675431,0.0062788427,-0.53111666,-0.7928657,0.04149319,-0.06638799,-1.1075679,-0.7837298,0.64724743,-1.5420488,-1.7793293,0.9463579,1.2947432,-1.1690601,0.7473054,0.4703435,-0.017032644,0.546369,0.021514744,-0.5774105,-0.060231436,-0.50277966,0.180131,-0.59755576,-1.2659488,-0.68211627,0.33837095,-0.927182,-1.6759831,0.6881135,0.76239294,-2.0208945,-0.67706746,-0.27690485,-0.11853821,0.9665633,0.86696035,-0.4782008,-0.4329606,-1.2154188,0.15310436,0.16155215,0.30362377,-0.59304065,0.06245018,0.11633176,0.13697964,0.4012867,1.3969661,0.11777983,1.0190024,1.0979484,0.47125033,-0.7768581,0.33261466,-0.4119275,-0.38192502,0.888572,-1.1509544,-0.1979055,1.7815981,-0.14188427,-0.58754057,0.018581545,0.12837975,-0.3343723,-0.44342804,0.0024252336,0.78147155,1.2651055,0.97700244,2.033309,-0.26092228,0.2201302,-0.44985506,0.45260265,-0.9720631,-0.85401446,0.08881789,0.9330366,1.8310076,-0.36720768,0.4475771,0.47348157,-1.1003344,-1.4467739,0.6131467,0.25314167,-0.60142106,-0.46447098,0.11649704,-1.7187091,0.38929173,-1.924246,-0.48756397,1.0535733,1.1684699,-0.16280459,0.32864237,0.8428931,0.108227305,-0.87797165,0.26155362,1.0918607,2.1123383,0.02391103,-1.0791718,0.43173933,-0.20554526,-1.5466585,0.1663257,-1.2664369,-0.8116223,0.6142507,-0.7202275,-0.3928469,-0.45880547,-0.48423135,1.1773998,0.23043562,-0.17839573,0.3215902,-0.7057905,1.4524999,-0.6461298,-0.5324735,1.4313407,0.607709,-1.1891537,0.672728,-1.5695893,0.8337758,-0.8484061,0.9156527,0.9077297,0.26363575,-0.6942058,1.4501952,-0.2670686,-0.097133815,-0.08991253,0.79975873,-0.81025475,0.22379343,-1.8193288,0.8854193,-1.4457968,-0.83958846,0.11309457,0.658023,-0.44556937,-0.05420199,-0.51587886,0.08610179,0.20666738,-1.0849478,0.89372045,1.5770718,-0.60421014,-0.7762744,0.6909599,0.34775496,-0.5593947,-0.31274772,2.1768312,0.30446166,0.8903904,-1.1636912,-0.8050873,0.7148628,-0.17949204,-0.92894477,-0.4366398,-0.2797614,-0.53767025,0.6206449,-0.37949017,1.1447141,-0.9629987,-0.014495711,0.78931016,-0.82350343,-0.15040658,0.5305286,-0.33918962,-0.9764611,-1.3042383,0.69960475,0.75447756,-0.70143765,0.7174025,1.1755642,1.5602831,0.81133145,-0.36811805,-0.82588595,0.72325593,0.52362883,0.6599267,-1.2370917,-1.4767908,0.72483134,0.91279286,-0.82049173,0.49377617,0.027626991,-0.44584918,-2.367826,1.2074618,0.2479283,-0.094581135,1.1611105,0.19339864,-0.31395665,0.83758664,-0.3860298,-0.034193367,-0.27356645,-0.50586194,-0.20848519,0.010195692,-0.7160518,0.23431571,-0.39596894,0.2869623,-0.41277215,0.697339,-1.0686682,0.32221654,0.003101498,0.706762,0.40294883,0.27639273,-1.0815555,-0.35274413,-0.37838197,1.3547293,0.8301046,-0.40941048,-1.0337847,0.27818748,0.72415185,0.802402,-0.18061483,0.06442973,0.25125998,-0.5929258,-0.23317589,-1.8835653,-0.11351075,0.751314,0.70171696,-0.65519625,0.97923464,-1.9207698,0.95499057,0.016464094,-1.2246894,0.09236723,0.076054566,-0.5984209,2.3520715,0.9652762,-0.3345734,-0.042361606,0.6645549,1.0727465,-0.36286962,-0.15508692,-1.3757782,1.1343957,1.675367,0.41148436,-1.0313424,-0.01580902,0.56842023,-0.33155677,1.4386015,-0.6900775,-0.36608443,-0.5873566,-0.6570162,-0.6445427,-0.40382144,-0.4962947,0.5036312,-0.77530366,0.2480952,-0.5400737,-0.7158157,0.12805624,-0.6206498,0.31613788,-0.17629825,1.5682698,0.8885146,0.36869562,0.67072105,-0.31735706,-0.23691295,-0.7667188,-0.37534168,0.3693399,-0.3504043,1.1240411,0.4519585,1.2881399,1.5549606,0.43152836,-0.9275451,0.37501934,0.522371,0.45362985,-0.18085189,-0.7777814,-0.42708758,0.02832148,0.103429615,0.3775736,-1.3573647,-0.45573464,-0.024179628,-0.09337041,0.35399494,0.33061233,0.2555652,0.5863733,1.6761397,0.62936825,-0.045129847
ッ,-0.49214068,-0.22998403,0.3938005,0.21763533,-1.1099671,-0.9056857,-1.5425633,1.1600288,1.0221105,0.7338772,0.6541751,-0.5363949,-0.9763036,2.2955546,-0.7374644,-0.43511522,0.6713383,-1.1731658,0.091914155,0.20997722,0.7148016,0.8135808,0.57226586,-0.65475225,1.3987145,0.63821507,1.14547,-0.6844039,-0.4063889,-0.89988655,-0.5689654,-0.09384918,-1.1215125,-0.45445094,0.15148412,-0.6641486,-1.9527785,1.0191792,-0.54832196,-0.7996602,-0.57477564,0.5565277,0.6133453,0.73355675,-0.6901681,-0.015256452,1.3086172,-0.6294328,1.9159895,-0.69914937,-1.3607521,-0.5600531,0.6551977,1.091481,0.5761519,-0.89749616,1.4912516,1.4586344,-0.00091222924,-0.5507025,0.17257999,0.64461964,-0.46954617,-0.22697818,0.47578874,0.9116161,-0.45016065,-0.14227553,-0.44587958,-0.010882318,-2.4793286,-1.5361122,0.05993743,1.6006099,-1.8986073,0.044427052,0.28992608,-1.5153284,1.0645968,0.039498646,0.78770214,-0.63803905,-0.2869659,1.9481217,-0.54385126,-1.2289165,-0.4819642,-0.91345835,-1.507512,-0.042573344,-0.61725277,-1.0330242,-1.6243654,-1.3812817,1.9144379,0.0595869,-0.8080117,-1.3827266,-1.774917,-0.034582417,0.30990064,1.1474395,0.30338794,-0.017311135,-1.0323585,-0.65493906,-0.7754049,-0.61820024,-0.59980184,0.28688142,0.15517208,0.81037927,0.20704706,1.389073,0.39685953,0.7763465,-1.2183878,-0.58653086,-0.627726,0.6108463,1.7188038,0.7245416,-0.5672626,0.61320865,-0.4466398,0.7221372,-0.27482507,-1.0348428,0.045101464,0.5945391,0.3110629,-0.50884575,2.1601775,1.0184346,-1.1603353,-0.5005543,-0.2999387,-0.043543506,1.5441018,-1.4700257,-1.2344562,0.77175456,-0.62988365,-0.2131881,0.46762195,-0.5953515,-0.42150047,0.6422816,2.139675,0.3005941,-0.24558298,0.42492104,-1.1208297,-0.24876034,0.4903997,-0.1250988,-0.3678052,0.19508803,-0.89190644,1.2664515,-0.56652534,1.262237,-0.9549559,0.09657538,-0.22799301,0.7620695,-0.7864759,0.7156194,-1.4040314,-2.2213292,-0.55278915,-0.18507828,0.37567893,-0.15696985,0.10403499,0.36643657,-0.08557855,0.37617972,-1.4103394,-0.16040014,1.8418121,0.8741586,-0.19450028,1.5926027,-0.18657142,0.7117135,0.52930176,1.1450411,0.30708134,0.96417886,1.3873482,-0.7557619,0.7538654,0.86703277,0.91265535,3.0477755,0.59938115,-1.3109719,-1.6567041,1.3921095,-1.9761347,-0.73973626,1.0925939,-1.286384,0.78724736,-1.5726887,-0.6214873,1.7271218,0.39514697,-0.0052631996,-1.0335938,-1.4137421,0.62200075,0.7929519,-0.055520535,-0.07375583,-0.8827672,-0.31204197,-0.7539385,-0.98918766,0.85702324,1.1011733,0.11501024,0.33082128,-1.0844686,0.600908,0.07831725,0.36585578,0.41038895,1.1250199,-0.67571896,0.9576829,0.60157,-0.77498287,-0.18488932,0.89845014,-0.7123099,0.26834074,0.06448535,0.6053991,0.9930541,-0.1562918,0.7355011,-0.5050064,0.022473654,0.63556075,1.2256769,0.1292244,-1.8240029,-0.004055252,-0.39455542,0.87281305,0.39253846,0.90255374,0.15609832,1.3217243,-0.10081905,0.70035315,-0.67302513,-0.98070097,-0.15441628,0.22063601,0.34727195,0.41288963,-0.44746605,-0.75982904,-1.1718582,0.6213898,0.04053317,-1.0021269,-1.39877,-0.8146963,-0.3840007,0.2659144,0.6799062,0.26189306,-0.6173817,-0.89556247,-0.4164805,0.938148,0.7540479,-1.6599036,-0.34598652,0.24626322,-1.2679728,0.5306199,0.16917084,-0.807844,0.022800485,0.85168535,-1.2110013,0.96851826,-0.33842573,0.777405,2.0530407,0.295801,1.1950959,-1.4352981,-0.23743407,-0.33088645,0.3575543,0.61188656,-1.6030563,0.90299183,0.023479706,-0.35140476,0.99355245,-1.2682127,-0.8294592,-1.7959768,-0.0033937097,-0.05632816,-1.6268717,1.9584953,-2.0941398,1.8338857,-1.9482886,-0.8701995,-0.64701295,-0.7072709,-1.561696,-0.021048298,0.48634753,0.4753261,0.32883438,0.1866628,0.08373567,0.5481804,-0.24074812,1.583541,0.014008353,0.33477306,-1.2716078,-0.46095237,-0.3370283,0.9656577,-1.7011014,-1.2191443,-1.0017562,0.1550615,0.0036141078,0.3334937,-0.37593445,0.90354055,-0.15311866,-0.015397946,-1.1335851,-0.80098677,-0.20358086,-1.0508639,1.0659924,-0.5325647,1.6628147,-1.200214,-0.26985732,0.5051467,-0.89710474,-0.43404508,-0.17792034,1.3490714,0.33652544,0.62226653,0.426962,0.71913713,-0.022663713,-1.0740774,1.3066484,0.3150672,2.287418,0.031460736,-0.44553307,1.0982922,0.6306512,1.5098414,0.07499629,-0.108838476,1.3402723,0.11622203,-0.46452722,-0.1376696,-0.43108103,-0.45665506,0.17768203,0.7931374,0.36889824,0.35011268,0.44138503,0.5480886,-0.50206375,-1.3171778,-0.48491788,1.2751676,0.83111256,1.4850334,1.0951917,-0.14913185,-0.10333822,-1.8132807,0.8853629,0.9871977,0.6068983,0.35788307,-1.8612871,0.76126957,0.388401,0.11853191,-1.862512,-2.2195227,1.4694713,1.0634556,0.14859195,0.9661582,-0.07014621,-1.5540055,-1.09845,-0.24529612,0.43773398,-0.38213181,-0.9973915,0.3389181,-0.27352962,0.5649333,0.5070235,0.7939753,-0.80014545,-0.8264378,0.20212676,-0.3771645,-0.72108346,-0.016004466,-0.05204394,0.20106386,-1.7214271,-0.9255734,0.51755494,-2.1513684,0.993056,-0.5483403,-0.013432,0.02044999,-0.16027513,-0.9655426,-0.088448785,-0.24795477,-1.4774066,-0.5031252,1.2064117,-1.3458289,-1.6762387,0.15993264,1.1097417,-0.87689894,0.73089653,0.6454398,-0.44847462,1.0303382,0.08047637,-0.18332238,0.29902068,-0.72803503,-0.015061815,-0.9953163,-0.9737378,-0.44503656,0.68413264,-0.45980716,-1.4298943,0.38373712,0.7673235,-1.9172764,-1.7332519,0.19604248,0.17082721,0.30689397,0.69682455,0.038863808,-0.22387701,-1.1260444,0.1821646,0.42938808,-0.09523464,-0.26012573,0.15891808,0.47337008,-1.0759182,0.42095277,1.5357914,-0.07917871,1.635734,1.3486432,0.3491416,-0.18378276,0.23125559,-0.03836896,0.1456763,0.52415603,-0.97976094,-1.0541759,1.1246792,0.3571689,-1.101287,-0.012158076,0.4982542,-0.7100962,-0.9226508,0.6405723,0.39555037,1.5886954,1.2063237,1.9025793,0.38865542,-0.18567856,-0.23903547,0.8333257,-1.2897357,-0.53797334,-0.65994,0.66645133,1.5254383,-0.615879,0.30803415,0.9232695,-1.0007305,-1.7285614,0.113294214,0.5292284,-0.11527262,-1.1320233,0.005793611,-1.1157411,0.55552393,-1.9466144,-0.49919224,0.82016486,0.9080004,-0.40762338,0.8894875,0.46686098,0.24606173,-1.4004675,0.37446615,0.7320349,2.0055044,-0.29520243,-0.32292438,0.9981761,-0.25219005,-1.2806758,0.3723233,-1.0598933,-0.8137956,-0.060050424,0.04683682,-0.5587564,-0.21654914,-0.3338349,1.4078202,0.68334365,0.16432148,0.352631,-1.4116478,1.4683422,0.29698586,-0.35693136,1.6645132,0.13520665,-1.2762138,0.5688755,-1.5018029,0.71476984,-0.5920927,0.80613154,1.4674325,-0.07634339,-0.53543955,1.8661021,-0.61133343,0.48808178,-0.32544184,0.45663,-0.4477581,0.089490674,-1.7434201,1.6126027,-0.8576792,-1.2978115,-0.10758563,0.12800752,-1.0436386,0.3036744,-0.59582734,0.32025996,0.04647992,-1.1238259,0.32549027,1.4845061,0.103582256,-1.1396933,0.75696826,0.59582543,-0.23773366,-0.39035344,2.3274837,-0.12272068,0.29512644,-1.6500506,-0.63130635,1.0207356,-0.15434866,-1.2566915,-0.3862648,0.2923611,0.33842683,0.32046127,-0.9068253,1.1323209,-0.6953597,0.9073331,0.8878253,-0.516852,-0.17762811,-0.45651218,-0.6689074,-0.776697,-1.4426004,0.911617,0.5203681,-0.65513724,0.8386381,1.1168879,1.6849114,0.7583025,-0.5086065,-0.6996804,0.9117473,0.75115746,0.93901014,-1.613393,-1.4481784,0.67098266,1.1587576,0.1422923,-0.1224489,0.4772198,0.27329296,-1.4577684,1.1120073,0.14286318,-0.05647531,1.0606141,-0.6289336,-0.21816318,0.51940316,0.21902001,0.47815385,0.09964532,-0.13042937,0.17082775,-0.2925499,-0.72523826,0.72545034,-0.3904655,0.16972883,-0.6945285,0.94043165,-1.4599425,0.74756503,0.20742883,0.2938336,0.46475506,0.64488006,-1.3726679,-0.55854636,-0.062695354,1.147993,1.0147616,-0.38050994,-0.24789238,-0.11145199,1.0859064,0.16918196,0.3090623,0.20548451,0.7488637,-0.78813094,-0.08795003,-0.72256047,-0.49434724,0.118872315,0.09394362,-1.2928284,0.76747227,-1.4784979,0.924237,-0.5933127,-1.7284259,0.24801816,0.852218,-0.9772417,2.2679863,1.7712893,-0.24313235,-0.65933555,1.4120136,0.8220518,-0.5312474,-0.077586435,-0.9321971,1.053071,2.5168056,0.7433884,-1.8045049,-0.30278566,0.46143588,-0.0905235,1.2986487,-0.089966774,-0.2713063,-0.99724895,-0.27980912,-0.75720197,-0.5861495,-0.40316835,0.22153537,-0.98526555,0.5571944,-0.26960623,-1.2082502,0.35909083,-0.74373245,-0.13574244,-0.587084,1.2004043,0.78775716,0.76890427,0.60263985,-0.72447157,-0.4518945,-0.7049715,-0.7389379,0.45300636,-0.78789264,0.9893454,0.37883392,0.3058953,2.0599914,0.074658215,-1.1999,1.0869493,0.37547687,0.06321824,-0.4865912,-0.62525254,0.23813713,0.15841298,0.4975942,1.3438872,-1.8975188,-0.14120822,-0.58862627,0.034957245,0.11644691,0.13877471,-0.038531464,0.9476342,2.0288765,0.83120877,0.25724164
テ,-0.94970894,-0.71910155,0.64088976,0.52439994,-1.3858248,-0.9032847,-1.6642628,0.48191023,1.3783133,0.49235874,0.20252874,-0.1297077,-1.2869736,1.8703537,-1.0999268,0.13414505,0.69873846,-1.1156147,0.5710376,0.3411029,0.6845958,0.09669562,0.66534454,-0.84926665,0.62294745,0.7580023,0.5001478,-0.36015773,-0.3365262,-0.60110223,-0.0758081,-0.5090165,-0.98251545,-0.53458303,0.50559175,-0.8360065,-2.0721285,1.5871637,-0.47849733,-0.2006962,-0.9166185,0.81016123,0.15503907,-0.0032693208,-0.39455253,-0.15348336,1.3540351,-0.31321937,0.51894593,-0.6020727,-1.213235,-0.3472071,0.49036327,0.98499507,0.39035133,-0.02838186,1.4752656,0.68307877,-0.58630204,-0.21018048,0.540939,0.52007705,-0.5170573,0.08836989,-0.5630548,0.52986175,-0.55725926,0.24593899,0.00805603,0.09102711,-2.7813334,-1.404009,-0.124699295,1.6352026,-1.5286087,0.42942685,-0.20316076,-1.1099068,-0.101928234,-0.18255225,0.2498385,-0.10221668,-0.87153816,1.5624285,-1.0201981,-1.1070976,-0.45110297,-0.41329306,-1.370231,-0.03396513,-0.6653547,-1.7633511,-1.1479917,-1.5256962,1.6576526,0.36250737,-1.1159708,-0.97479755,-1.217908,-0.10792954,-0.16155288,1.2710298,0.8375023,-0.22803822,-1.0167243,-0.6448077,-0.70968276,-0.49985242,-0.38267145,0.36281565,0.3160581,0.5111602,1.0913017,1.5391937,0.59683317,0.41784725,-1.2244833,-0.9615592,-0.03720949,0.64618474,1.2491829,0.57206404,-0.4502098,0.8335212,0.0007361934,0.75622594,0.438795,-0.8272219,0.5626451,0.29518408,0.57946754,0.16479473,2.321022,0.7108128,-0.9370235,-0.24356797,0.27238363,-0.034845162,1.2578688,-0.9249657,-0.57772666,-0.0569185,-0.41722077,-0.6244159,0.573562,-0.82145196,0.2429206,0.78941727,1.3690965,-0.17740509,-0.2535786,0.017425846,-1.2820182,0.71504843,1.5667584,-0.45848647,-0.21525104,0.7053177,-1.2881734,1.160859,-0.5823855,1.3650538,-0.8731791,0.1651042,-0.7324456,0.8553058,-0.58778805,0.44096637,-0.9525959,-2.4315143,-0.6516635,0.38235545,1.0066044,-0.0022694573,0.63631165,-0.2884283,0.73140126,0.628072,-1.010839,-0.5458878,1.2136371,0.77440405,-0.09197016,1.1032578,-0.106213525,0.34236106,0.7964294,0.9978603,0.5076983,-0.11072433,1.1576443,-1.2717439,0.70254403,0.8439398,0.80886936,2.5216765,0.97070867,-1.570822,-1.4884398,1.1759034,-2.4012594,-0.50481445,0.73156846,-1.2500201,0.9314777,-1.5278225,-0.9867525,2.3680284,0.4423797,-0.15240808,-1.4763495,-1.1174872,1.3185853,1.111229,-0.27447206,-0.22172065,-0.933743,0.09384622,-0.7555072,-0.68118143,0.8894469,0.63969344,0.6063169,0.8119192,-0.4582426,0.61273986,0.036112785,-0.43593472,0.32720304,0.9280527,-0.71431005,0.2823669,0.5630316,0.044404767,-0.36619812,0.19027452,-0.8063652,0.35666814,-0.70133835,0.40056872,0.6272849,-0.80021584,0.08756403,0.08530949,0.62402207,1.0455694,1.1800096,-0.04054756,-1.6727104,-0.41211167,0.015375979,0.9691185,0.2195725,0.78711224,0.39575303,1.145979,-0.4212067,0.33340806,-0.61200845,-0.681472,-0.14178538,-0.0036902875,0.6530348,0.06803248,0.09920802,-1.0134895,-0.84316254,-0.2723116,0.20725961,-1.0097523,-0.391478,-0.69096977,-0.7340704,0.2434104,1.248065,0.49057406,-0.6292586,-1.4049847,-0.17747115,0.4420921,0.3318066,-1.4179461,-0.27585027,0.33839148,-0.8210107,0.39450732,0.19299151,-0.31477103,-0.15258132,0.42771554,-1.2452141,0.7957646,0.2800907,0.72970545,1.7122419,-0.11168657,1.2723787,-0.65119463,-0.13811001,-0.5829252,0.808609,0.78504,-1.8639476,0.8096113,-0.4250579,-0.48753208,0.9012539,-0.8986095,-0.3386984,-1.0667846,-0.032805957,-0.105537675,-1.5723251,2.2806396,-2.1112216,1.3680593,-1.6964006,-0.45002517,-0.33267564,-0.9980761,-1.1967261,-0.08385919,0.508543,-0.15837316,0.1913418,0.5466201,0.5352804,0.7419753,-0.2058529,1.3618182,0.26381254,0.67676425,-0.95750093,-1.4255364,-0.04373576,0.8385434,-1.0980203,-0.7611521,-1.0058485,-0.25488734,0.16549382,-0.3078606,0.15119573,0.52557915,-0.12643155,0.49605584,-0.9795289,-0.8614901,-0.17787923,-1.1307282,1.2836547,-0.31178066,1.2964859,-1.1490134,-0.7699489,0.55219567,-1.4401377,-0.12111388,0.02877884,1.8915596,0.8558191,0.969421,0.651795,0.8557022,-0.27353883,-0.3396046,1.4417045,0.13169101,1.7023191,0.3353121,-0.6550444,1.4782661,0.46310002,0.70874107,-0.5519942,0.12641361,2.0266783,-0.42661905,-0.18995313,-0.6007447,0.5023815,-0.42776567,-0.33104897,0.6978928,0.32525358,0.18668838,0.42152777,0.81939733,-0.42154437,-0.8491613,-1.0543478,1.0844141,1.0522902,1.5807145,1.3640198,0.062771745,-0.70867187,-2.131632,0.7574523,0.6528373,0.17980675,0.5399459,-1.9070396,1.0141962,0.3985192,0.43644017,-1.7230339,-1.7605976,1.5317161,0.3636519,-0.07319568,1.5983429,-0.8175367,-1.7250128,-0.5839094,0.27967238,-0.22554502,-1.146579,-1.1224844,0.17407112,0.22241656,0.58768386,0.9565853,0.9310107,0.08836779,-0.740456,0.85162413,-0.24530363,-0.7650169,-0.022999458,-0.49918705,0.60415787,-1.5667111,-0.8217847,0.6911427,-2.0597785,1.5521184,-0.21062045,0.34091917,0.17607234,-0.42897385,-1.0575793,-0.09902449,-0.08092514,-1.3641922,-0.5368424,0.86178577,-1.7974002,-1.6200325,0.9402652,0.66601056,-0.2935881,0.4007524,0.60847,-0.32892975,0.76641583,-0.27124745,-0.5779656,0.14333934,-0.44158158,-0.1906316,-0.61827767,-1.0890934,-0.38704976,0.9182297,-0.78725755,-1.7414382,0.74546874,0.4294285,-1.4443401,-0.72954875,0.223882,-0.26643807,0.603093,0.77331793,-0.3521285,-0.77348924,-1.3490232,-0.11227937,0.1021444,-0.16654316,-0.19269714,-0.10413041,0.15918484,-0.8018184,0.24351366,1.7113193,-0.45676166,0.85311776,1.2603493,0.09553792,-0.2922256,0.71646196,-0.46401215,-0.13274634,1.335292,-1.1438285,-0.59360874,1.8739878,-0.31802034,-0.7853046,-0.2984348,0.5660309,-0.5575665,-0.5472179,-0.16241588,1.2572588,1.5269858,1.0574148,1.4607236,0.26852033,-0.034808896,-0.5570682,0.67118454,-1.371442,-0.54665995,-0.53192717,0.47302327,2.1018944,-0.48061824,0.5132,0.96387464,-0.78739226,-1.2312021,0.25844947,0.7140931,0.09597441,-0.863867,0.31253555,-1.1635468,0.5935677,-1.7520792,-0.7250561,0.7807895,1.1381958,-0.5364109,0.37893125,0.74994934,0.101410374,-0.44863948,-0.15095866,1.3811505,1.8297628,-0.27708635,-0.9405265,0.6900037,-0.4677866,-1.1752207,-0.058614455,-0.9361645,-0.6909262,0.299044,-0.5540069,-0.65532297,-0.0700704,-0.67113405,1.2629664,0.2631553,-0.029164195,0.40042487,-1.2741425,1.7792995,-0.56398094,-1.0888246,1.4789726,0.72973686,-1.0937649,0.59577596,-1.8597126,1.5210698,-0.8559225,0.34416574,1.1584147,0.21494389,-0.69796526,1.6732447,-0.7033422,-0.24079466,-0.37850556,0.2979219,-0.5077741,0.60268986,-1.195552,1.0302442,-0.97299796,-0.7641548,0.2859591,0.7436745,-0.24433453,0.10744278,-0.14080584,0.66600513,0.37855172,-1.5072855,0.8185626,1.568155,-0.09258543,-1.02332,0.7055655,0.30639458,-0.6384888,-0.5565802,1.9278991,0.5921649,0.5195958,-1.3357241,-0.87416494,0.9391085,-0.66384935,-0.9025717,-0.58991545,-0.23859362,0.087839976,0.5680186,0.058598876,0.9893961,-0.48693377,0.08697088,0.81661415,-0.64736575,-0.053325247,0.3631212,-0.67058784,-1.2091513,-1.5092292,0.10727384,0.48327208,-0.7068633,0.54256755,1.1801497,1.7243143,1.0714844,-0.33917603,-0.39687413,0.5117032,0.6822609,1.1285107,-1.2266107,-1.410981,0.6409584,1.0248863,-0.34744433,0.22132806,0.08757773,-0.365839,-1.631538,1.3078907,-0.20514143,-0.63598406,1.2687511,0.2717864,-0.23966965,0.78478086,0.1050146,0.26038197,-0.032356,-0.70270175,0.26001102,0.18331799,-0.7880728,0.41939193,-0.45023528,0.5864771,-0.8810047,0.40192223,-1.2519658,0.71184087,-0.23816022,0.36078,0.47558314,0.11678624,-1.1689422,-0.48554045,-1.0445758,1.2546036,1.2927563,-0.3016051,-0.26817054,-0.26806152,1.3421037,0.26620325,-0.26344138,0.069292866,0.28136224,-0.71614254,-0.28940275,-0.51771843,-0.3358773,0.7219793,0.3141194,-0.9085264,1.4438255,-1.876214,1.1008518,-0.091442384,-1.8881547,0.17625615,0.18960558,-0.53474253,2.101625,1.1191561,0.16028449,0.20541863,1.058438,1.4434046,-0.96535283,-0.6674948,-1.2854894,0.9686243,1.3433219,0.535684,-0.7902721,0.1206087,0.86859304,-0.7716025,1.3449494,-0.038187753,-0.386939,-0.47592726,-0.5009205,-0.50502616,-0.35712513,-0.29042083,0.6043145,-1.4574301,0.597505,-0.3373827,-0.91323984,0.5390014,-0.8521841,0.0743687,-0.3084561,0.9225605,0.9573619,0.15570112,0.69105685,-0.53193104,-0.18405536,-1.1086476,-0.5061561,0.2085361,-1.2254035,1.2920605,0.57852477,0.89744246,1.4144961,0.40558487,-1.684365,0.42634034,0.15492602,0.54339373,-0.095664345,-0.9487913,-0.29121536,0.3191036,0.38870654,0.29611865,-1.3747662,-0.53449285,-0.09969994,0.030551542,-0.3163275,0.339857,0.030895716,1.2734356,1.9383255,0.6382717,0.40887123
ク,-0.5754244,-0.48952064,0.8133875,0.16219911,-1.0517327,-0.6355588,-1.3142391,1.0218269,1.1806977,0.36254865,0.020940494,-0.39297003,-1.270468,2.589915,-0.56937414,0.64724666,1.1205456,-1.3998828,0.26969823,0.44306755,0.9879077,0.55884135,0.7350554,-0.8145987,1.1705567,0.55327797,0.5986585,-0.43940496,-0.7939894,-0.97023743,0.4809877,-0.33370024,-1.2811819,-0.29490462,-0.039479665,-0.98048437,-1.3041254,1.2347122,-0.2319301,-0.5885714,-0.5043708,0.7372707,0.1984705,-0.35783076,-0.7821311,-0.57673115,1.6000729,-0.41742706,1.2014595,-0.4013962,-0.81271696,-0.2689115,0.83809793,0.88344496,0.6081172,-0.50725716,1.4227717,1.1553884,0.28047383,-0.67926276,0.27856502,0.58978224,-1.047648,-1.0239145,0.352715,0.2912371,-0.47555813,-0.06435092,-0.56665295,0.2941276,-2.1634014,-1.5920764,0.13897593,1.3759302,-1.4383848,0.06017641,0.013371992,-1.4317055,0.20104389,0.023462152,0.32375294,0.10992692,-0.838408,1.3725812,-0.8405746,-1.2192823,-0.46324262,-0.9238168,-1.20373,-0.45106658,-0.77926666,-1.7614644,-1.3646419,-1.4170239,1.7739356,0.09066687,-1.2465231,-1.1208172,-1.5196097,0.49715862,0.14905336,1.1549597,0.88178843,-0.19228777,-0.78333145,-0.59635335,-0.81615084,-0.4538712,-0.18415055,0.46822873,-0.02246331,0.25324303,0.23727497,1.5710971,0.75484407,0.9092746,-1.3793308,-0.7167056,-0.0896281,0.5584,1.3103696,0.31157193,-1.0932173,0.3023828,-0.2910745,0.7185264,0.40732795,-0.83608276,0.48460364,0.7799028,0.21677904,0.054981135,2.0595598,0.88496685,-0.97411555,-0.31472388,0.34903157,-0.010905182,0.98034877,-0.9116499,-0.6430355,0.22584717,-0.2662564,0.24334474,0.4193961,-1.1776,-0.009969538,0.5578663,1.5168988,0.4906837,-0.43057626,0.15426129,-1.4210222,0.67649543,1.04339,-0.35217765,0.19081666,0.21929769,-1.2443142,0.91353434,-0.66929364,1.1672957,-0.4296853,0.6402834,0.063698135,0.80163705,-0.89657134,0.64153796,-0.8296779,-2.2973545,-0.86990005,0.0076784254,0.5235123,-0.20020184,0.6115327,-0.56124103,-0.3813295,0.82668954,-1.4148157,-0.6091188,1.3067054,0.93251574,-0.5382823,1.0318518,-0.25810176,0.42020163,0.73515815,0.59371394,0.40545163,0.25368983,1.3168576,-0.38149154,1.0463983,1.0731435,0.8233671,3.052343,1.0190303,-1.4139378,-1.6629112,1.2259672,-2.1184692,-0.2304554,0.854592,-1.8133914,0.85971034,-1.3002356,-0.8905098,1.9211622,0.4641406,0.18968895,-1.2779596,-0.92518485,1.0182022,0.66898566,-0.3780778,0.26178282,-1.2939508,-0.20300677,-0.503292,-0.319655,0.9336468,0.84295684,-0.057035387,0.6304712,-1.6092777,0.36022174,0.5842521,-0.14908524,0.32680073,0.9426419,-0.96999514,0.5104223,0.8648443,-0.100720584,-0.21884894,0.4087073,-0.50633514,0.8662718,0.19215605,1.1730609,0.94574034,-0.45319873,0.53902686,0.060605686,0.19508243,0.9365678,1.4132731,-0.16701224,-1.6500229,-0.43223372,0.5145491,1.117441,0.22939698,0.24357863,0.26673847,1.1035457,0.1391962,0.4124462,-0.6971496,-0.8999487,0.009531165,0.6155533,0.4951755,0.39106435,0.12647626,-0.74378175,-0.7478342,0.872254,0.36301264,-0.7410396,-1.4369082,-0.496094,-0.73131526,0.44381762,0.45032185,0.55374223,-0.65962094,-1.3462875,-0.35371965,0.9127625,0.71759975,-2.0265963,-0.2732336,-0.1827654,-0.76293045,0.56454766,0.32060382,0.04359614,-0.111206874,0.33718854,-1.0923612,0.7259848,-0.10778127,1.197482,1.467592,0.2657546,1.0322981,-0.88154906,0.4098474,-0.6576158,0.81234896,1.1108695,-1.7628361,0.97002983,-0.77047426,-0.49120322,1.8232466,-1.1404641,-0.6378867,-1.0336343,0.11017903,-0.23022799,-1.4177315,2.549274,-2.0176873,1.331983,-1.6576325,-0.8554479,-0.8934045,-0.8534217,-1.2980694,-0.10156609,0.45441002,0.20388499,0.4167819,0.04769484,0.20837145,0.29110226,-0.28056392,1.1273687,0.17718892,0.031336367,-1.0264814,-1.605101,-0.18078086,1.2272059,-1.4318852,-0.8998257,-0.98432255,-0.14952244,0.3321084,-0.4039294,-0.42858353,0.74722195,-0.3923699,0.055660523,-1.0086938,-0.761201,-0.13863233,-0.46453053,0.9387697,-0.35834652,1.7217525,-1.1819676,-0.6623551,0.24321923,-1.2989242,-0.20876035,-0.19456188,2.1857224,0.3510377,0.6650847,0.27632537,0.69335335,-0.15873978,-0.5448346,1.2303187,-0.050027035,2.2991934,0.05150814,-0.2676483,1.6397833,0.05965489,0.59747887,-0.1721267,-0.1766104,1.418544,-0.1921668,-0.79910016,-0.19061933,0.06383785,-0.27034348,0.062109567,1.1266656,0.25884274,-0.17902932,0.4556291,0.79000556,-0.36307994,-1.3643186,-1.038771,1.0834162,1.2670395,1.3936518,1.615114,-0.32272437,-0.49634528,-1.5457344,0.24700102,1.2708551,0.665349,0.2964765,-1.633837,0.38611603,0.5332588,0.79379815,-1.5044123,-1.7009964,1.5036457,0.26013651,0.330492,1.3555847,-1.3593336,-1.595145,-0.6673795,-0.19940603,0.219188,-0.80225956,-0.63054264,-0.029531682,-0.101017,1.2209219,0.7798258,0.4860612,0.3254981,-0.95766515,0.5246389,-0.16196194,-0.5585242,0.1840936,-0.51405704,0.88302004,-1.6579096,-0.49144214,0.561848,-2.331994,1.0490539,-0.39031103,0.12126748,-0.41589013,-0.27149954,-1.1719514,0.17383489,-0.41921884,-0.87041396,-0.18043795,0.7677929,-1.9606962,-1.356334,0.8368267,1.0529705,-0.8323463,0.65488833,1.1218231,0.16091721,0.9355494,-0.3445559,-0.42153853,-0.5268922,-0.56906015,0.35020685,-0.46013418,-1.4711845,-0.44092458,0.45844632,-0.8686477,-1.7897831,0.59815687,0.5658604,-1.7358824,-0.9638845,-0.52764046,-0.1847023,0.37034005,1.1713493,-0.07110427,-0.32450578,-0.76430094,0.26382226,-0.08041294,-0.14820299,-0.6574801,0.3421437,0.22634621,-0.34136608,0.4352363,1.9750388,0.22133818,1.7010533,1.9729586,0.05301692,-0.01534423,0.16668801,-0.5268335,-0.012523517,0.8898597,-0.8878083,-0.72876346,1.2578062,-0.21687469,-0.6846682,0.0144582745,0.8188489,-0.26333243,-0.63024986,-0.042706333,0.44553918,1.3538041,1.844351,1.9862837,-0.056259204,0.0032662035,-0.34819403,0.11603089,-1.1059263,-0.61174804,-0.1241565,0.36102834,1.9216168,-0.1424835,0.09663489,0.8217143,-1.2295866,-1.5381743,0.15882584,0.47136146,-0.36497438,-0.2645559,0.5991837,-1.6936834,0.564122,-2.004992,-0.29318514,0.732762,1.0954568,-0.44665137,0.29511067,1.0270799,0.16995111,-1.0273473,0.12335117,0.4921647,1.8614981,-0.02019093,-0.1138042,0.7930422,-0.1433371,-1.6134447,-0.11250713,-1.0645548,-0.5755638,0.36067328,-0.31997505,-0.41152,-0.21318284,-0.8304018,0.8550024,0.5140754,0.07658096,0.48169392,-0.9496805,1.2509121,0.32188964,-0.70543116,1.5699699,0.68386114,-1.2248561,0.60086566,-2.1899915,1.6386883,-0.8437295,1.202952,1.3142693,0.60264885,-0.7481926,1.1248167,-0.57853824,-0.17004642,-0.74348426,0.3511699,-0.6836419,0.18508314,-1.7005751,1.4174694,-1.0107305,-0.32276377,0.09793918,0.55916345,-0.3374106,-0.09776245,-0.3625803,-0.0019470215,-0.024766836,-1.0766376,0.608905,1.5942729,0.067549735,-1.042886,0.2783925,0.43730292,-0.34376562,-0.37182698,2.4023895,0.19603364,0.23254248,-1.2769952,-1.0813322,0.76125044,0.12334387,-0.94876707,-0.42509693,-0.15737149,0.053695895,-0.10417956,-0.16122189,0.96258336,-0.65508413,0.5584835,0.93791234,-0.7681747,-0.3496434,0.037400704,-0.32047772,-0.873493,-1.3519671,0.641117,-0.052122176,-1.045637,0.4702645,1.0176189,1.7313343,0.63561773,-0.5022533,-0.9842229,1.1583393,0.55344266,0.74732035,-1.2083981,-1.029943,0.6436331,1.1672828,-0.57859355,0.62901187,0.38829535,-0.48342532,-1.95145,0.6743535,-0.44144812,0.119163014,1.1269999,-0.16334137,-0.061950624,1.0493647,0.07451447,0.2631988,-0.023345286,-0.6420264,-0.08319887,-0.019469893,-0.9161577,0.23491248,-0.63554937,-0.0051828236,-0.47734174,0.64393795,-1.1804819,0.6987592,0.15486172,0.050114565,0.20125043,0.5285627,-1.6256325,-0.4730915,-0.27439514,1.551272,0.6881223,-0.08618039,-0.7264811,-0.36738306,1.3004239,0.53566945,0.062493753,0.06797005,0.34194762,-0.5490849,-0.3295302,-1.2176541,-0.6856014,0.5016457,0.19118056,-0.653756,1.4516747,-1.8677547,0.87046176,-0.10775304,-1.9120483,-0.016822135,0.42541066,-0.47950655,2.1459758,1.0413862,-0.46142188,-0.056508042,0.90106183,0.7244088,-0.9581543,-0.2267896,-0.8985807,0.93357545,1.5505989,0.8583698,-1.510319,-0.027572285,0.757773,-0.7591647,1.6685143,-0.1930798,-0.7959913,-0.7650975,-0.44673187,-0.9736309,-0.22673583,-0.19338408,0.2431002,-1.2222956,0.42680883,-0.6714816,-1.5859473,0.8554236,-0.483346,0.25616804,-0.4576129,1.0467496,0.51210546,0.6358495,0.41852856,-0.46448287,-0.13688953,-1.3709668,-0.39478502,0.6637744,-0.7937459,0.9895856,0.6460296,0.73593247,1.5018351,0.43438473,-1.9295505,0.3610885,0.44073862,0.63440746,-0.6526634,-0.8893563,-0.62756264,-0.017385975,0.18307967,0.77639407,-1.6108387,-0.3359812,-0.26429698,0.11831693,0.01879176,0.7643976,0.07507528,0.8011774,1.5755537,1.3900106,0.44437608
レ,-0.98490393,-0.352583,0.7963512,0.82579863,-1.0046831,-0.46193153,-1.6261632,0.46445757,0.7871415,-0.43069252,0.55522996,0.21671009,-1.0434761,2.121721,-0.6066314,-0.23271604,1.579443,-0.8372421,0.5626484,0.09902442,1.013199,0.19882537,0.6044531,-0.72592926,1.1806809,0.54021406,0.82070524,-0.5362398,-0.19960599,0.050558567,-0.25273323,0.12145559,-0.61829126,-1.0765749,0.24827628,-1.2543131,-1.8563764,1.430966,-0.11548926,-0.5419247,-0.9631575,0.5261029,-0.700426,-0.14654826,-0.5851836,-0.20067203,1.330492,-0.13215098,0.66929317,-0.64104974,-0.8476607,-0.14443302,0.6697992,0.8657433,0.70416576,-0.060863864,0.78060186,0.8353529,-0.005391097,-0.25783068,0.5474743,0.6415104,-0.41416597,0.6437551,0.5390561,1.1167247,0.033570528,-0.5192934,-0.3435728,-0.3575684,-2.2125528,-0.49291784,0.14663193,0.7158347,-1.5449374,1.2634428,0.058713116,-0.6824211,0.6621029,0.36375275,0.12384279,-0.29027772,-1.339086,1.7436473,-0.83011836,-0.4927381,-0.17310604,-0.20431426,-1.5119352,0.26737618,0.60231036,-1.1813322,-1.3549929,-1.5485505,1.4398015,-0.17580485,-0.9439597,-0.5802833,-1.4796826,0.20200868,-0.24115634,0.8010031,0.08057145,0.46968317,-1.4431465,-0.24204001,-0.84615374,-0.45542622,-0.3045116,0.75328124,0.081313685,0.3217045,0.7555647,0.8608917,1.0528704,0.70183563,-0.6032692,-0.83954036,-0.4858795,0.31804624,1.3395847,-0.16304746,-0.32706994,0.39285865,0.01585856,1.3128247,0.6077858,-0.76735085,0.51990557,-0.24537154,0.1269556,-0.6188334,1.3971338,0.6522725,-1.3200436,0.23014474,-0.40154067,0.29953736,0.82361144,-0.57470435,-0.4264141,0.1552234,-0.50004166,-0.12054656,0.29261318,-1.1840111,-0.074911274,0.6834597,1.6960064,0.108125746,-0.33988208,0.08365142,-0.8988905,0.64469457,0.5587912,-0.2065913,-0.28194872,0.15930507,-1.0322281,1.2971586,-0.006074395,1.4217249,-0.5605671,0.020139659,-0.025604809,0.2556377,-0.43441877,0.9239489,-0.5403491,-2.1058521,-0.6619042,0.03981688,0.6907082,0.039764307,0.6393132,0.021007419,0.44087595,-0.048471045,-0.70443124,-0.112171315,0.37360793,0.8279358,0.1828539,1.3490977,-0.25440827,0.5629565,0.53859377,0.93606126,0.2836631,0.41587645,0.7358987,-0.77043563,1.1153662,0.89064276,1.6057568,2.8372052,0.62856513,-1.7389075,-1.2260653,0.82895994,-1.9757608,-0.19847055,0.847936,-0.95214474,1.978369,-0.9101459,-1.5930008,2.0933583,0.68584836,-0.0066060247,-1.1683881,-0.6599587,0.94903994,0.92648697,-0.7373289,-0.11754056,-0.82569236,0.12787905,-0.94932187,-0.25369006,0.5096702,0.2863022,0.20447263,1.7832382,-1.061198,0.24980518,0.3455143,0.32350335,0.10112099,0.72325456,-1.1770319,0.45600718,0.64986587,-0.50876796,-0.9428549,0.3344509,-0.6489002,-0.034426052,-0.4157668,-0.025380647,0.37722635,-0.48700356,0.12127654,-0.18374941,0.18444778,0.6976282,1.8652389,0.12383197,-1.1283739,0.26686722,-0.08107413,0.6994537,0.17334634,0.47853437,0.7812174,-0.1335353,-0.25037104,0.46650583,-0.24472585,-0.69429845,0.13243304,0.20494899,-0.29968444,0.95502245,0.5110609,-0.9073822,-0.6636286,-0.07534818,-0.11316085,-1.3013022,-0.67880714,-0.3157257,-1.4172976,0.3510533,0.20727864,0.4481255,-1.0882275,-0.62995476,-0.58234537,0.36497822,0.57021123,-1.3635206,-0.6027258,-0.2325019,-0.41474575,0.4273963,-0.39344484,-0.43394023,0.4716633,0.41721553,-1.4836199,1.0300801,-0.33193064,0.8542887,1.2992721,0.1029498,1.3011317,-0.44576615,0.36691058,-0.7671181,0.4346443,0.7136447,-1.5118477,0.26527825,-0.40771437,-0.8772702,0.46809635,-1.3592657,-0.6124215,-0.39999324,0.7728954,-0.33290166,-1.273653,1.3213866,-1.6774648,1.0240138,-1.920727,-0.6833702,-0.43694448,-1.0324954,-1.4948308,0.9112074,0.24620986,0.023826469,-0.21118948,0.08129295,0.050621323,0.934886,0.59612596,1.2109175,-0.3806468,0.79415214,-0.8006048,-1.1036906,-0.08111467,0.5812687,-1.2880148,-1.1735369,-1.3049054,-0.634315,0.7279022,-0.39011756,-0.2828455,0.5250283,0.03172317,0.7227208,-0.67030376,-0.15440258,0.35014072,-0.5044245,1.4218603,0.5472592,1.5202204,-0.76475656,-0.5741414,0.7612863,-1.6683624,-0.53225756,-0.61641866,2.0516322,0.7562834,-0.42522174,0.47856265,0.8609268,-0.15022424,-0.88331735,0.7443706,-0.11562532,1.661711,-0.044489168,-0.42540297,1.7962208,0.35334066,0.9548596,-0.7546508,-0.32758048,1.4349538,0.5451099,-0.22030881,-0.2624021,0.1617291,-0.18767126,0.2728874,0.045942146,0.57907975,0.30313176,0.5126842,0.9697317,-1.3131887,-0.95521367,-0.24600518,0.3485485,1.0067459,1.45742,1.2086399,-0.4641315,-0.9137564,-1.9063294,0.88843954,0.70378655,-0.073047325,0.6427506,-1.4168524,0.44519162,-0.0857278,-0.3589833,-1.0690104,-2.1576192,1.9232277,0.82450354,0.5107629,1.6669878,-1.0193559,-1.0812547,-0.46727657,0.44927612,-0.02397598,-0.8289998,-0.5866066,1.0688176,-0.7050951,0.21475787,0.5478283,1.0769527,-0.42767134,-0.06560469,0.49723616,0.4159867,-0.5631682,-0.49106026,-0.28372672,0.48607382,-1.7022879,-0.53315884,0.08521331,-1.4454839,0.72559893,-0.74941176,0.10925518,0.46251518,-0.6647502,-0.80040663,-0.43392047,-0.4520614,-1.2086213,-1.2215916,0.3982563,-1.6515548,-1.9370705,1.218466,1.2874489,-1.2243391,0.39690846,0.52954113,0.23980363,0.9583357,-0.36141497,-0.19990754,0.38086072,-0.7652092,-0.2680254,-0.9436668,-0.85414124,-0.62680966,0.21477139,-1.2561347,-1.5406035,0.57910985,0.9231656,-2.054727,-0.3461205,0.020487178,-0.37687048,0.91209763,0.8490591,-0.15732712,-0.46124497,-0.96075404,-0.4458201,0.33632493,0.32683524,-0.16944596,0.101206385,0.5206838,0.16344361,0.25709975,1.7226799,0.19492385,0.12096331,1.3709368,0.38558295,-1.1115398,0.14673576,-0.35179758,-0.4797512,0.5050355,-1.380776,-0.5804363,1.631436,0.024656886,-1.359963,0.27980956,0.5580956,-0.13053066,0.5318172,0.46432692,0.9179754,1.5669736,0.7826522,1.7241943,-0.20188324,-0.8961975,0.043163776,0.4153524,-1.1357737,-1.0892723,0.32953328,0.8623106,2.647182,-0.47270545,0.012815485,1.1845555,-0.87399805,-1.2543169,0.27312022,0.8119624,-0.44671232,-0.85832894,-0.16798675,-0.7394787,0.074846245,-1.7870556,-0.20930982,0.8776907,0.8943671,-0.47684997,0.30562007,0.32257587,0.028429385,-0.51381284,0.5550538,1.0343921,1.8931961,0.26029164,-1.0404801,0.12489047,-0.43939266,-1.1675661,0.49472055,-0.13917772,-0.28033152,0.2710198,-0.38085827,-0.32240605,-0.6601483,0.3175683,1.6371543,0.24508214,-0.05848839,-0.041129302,-1.3367307,1.5837767,-0.24147265,-0.36624455,0.95033944,0.4815207,-1.450576,0.5320753,-1.0106938,0.47157177,-0.8788989,-0.21829863,0.9040993,0.33277783,-0.9803134,1.7118915,-0.6980488,-0.13884868,0.07351681,0.42564264,-0.34654668,0.4083932,-1.8099711,0.891362,-1.1169859,-1.3797257,0.07336448,0.5692102,-0.7487944,-0.44562817,-0.18615942,0.34323913,-0.0023876906,-1.2004668,0.86985856,1.7619511,-0.31838343,-0.88132465,1.1980245,0.43836242,-0.19327709,-0.17744346,2.1944497,0.32937682,0.95247364,-1.2183815,-0.6221773,0.26862922,-0.38941687,-0.70476127,-0.55043054,-0.42884246,-0.509007,0.75529695,-0.5163008,0.5358639,-1.2084618,-0.19780283,0.75901884,-0.66630286,-0.35420242,0.24082737,-0.1834915,-1.1917083,-1.2880261,0.739607,0.87847865,0.21106532,0.23964939,0.36566997,1.9649496,1.0138261,-0.65094244,-0.8288536,0.56732154,0.56732976,0.85681236,-1.5447272,-1.3404783,0.66437733,1.5859554,-0.46352786,0.10219997,-0.39923283,-0.25059974,-1.729882,1.2294673,0.52466404,0.06713034,1.335151,0.6147524,-0.02684645,0.6525281,-0.6309067,-0.24486291,-0.5697087,-0.2819593,-0.14103591,-0.17739388,-0.6702414,-0.16089517,-0.6815454,0.4818426,-0.1159989,0.94547594,-1.6220452,0.45327234,0.20358077,0.18253502,0.02564237,-0.115721606,-0.45692426,-0.11290455,-0.7024816,1.9551497,0.61940104,-0.09214526,-1.7518413,0.32408255,0.77235013,-0.23223534,-0.49171638,0.39328972,-0.016086947,-1.1343167,-0.12722936,-1.0010732,-0.23144814,0.0015750409,0.7442459,-1.1162372,0.45193115,-1.4471608,1.3293549,0.08294019,-0.5737314,0.17818566,0.61780226,-0.7339738,2.043542,1.4278133,0.30021474,0.44408816,1.2103043,0.88846433,-0.71331537,-0.40458918,-1.2701889,1.0038129,1.3883525,0.36745566,-1.2333177,-0.38024148,0.109560035,-0.5476185,1.8920565,-0.25562018,-0.6557003,-0.9755133,-0.49770418,-0.71516967,-0.14121017,-0.49665612,-0.32359332,-1.0485127,0.33714145,-0.68930167,-0.39554375,0.3891121,-1.3527676,0.15920642,-0.12866603,1.1491497,1.6880836,0.50062186,1.0132482,-0.67233336,-0.13137622,-0.9301833,-1.0484698,0.7385656,-1.1262275,0.6832842,0.10605852,0.64781433,1.9580952,0.35595688,-0.23132856,0.41830406,0.07188691,0.57485163,0.8040907,-0.6415676,-0.027461614,0.31693283,0.13728452,0.5915657,-1.1431589,-0.23641643,-0.14649785,0.18568878,0.12209852,-0.009504795,-0.06621705,0.36401486,1.6186721,0.11313565,-0.46820515
タ,-0.9615478,-0.9854033,0.723542,0.7587507,-0.9417776,-0.4760542,-1.5596889,0.8533627,1.2717147,0.7291871,0.37793687,-0.049424436,-1.0983108,2.424392,-0.57571816,0.052038286,1.2115208,-1.3981332,0.1891024,0.092686154,0.6871987,0.39401925,0.7363714,-1.2531861,1.2436581,0.62969023,0.8440322,-0.5397487,-0.22047645,-0.7015736,0.16966781,-0.63940215,-1.1381764,-0.7242,0.16693772,-0.6183732,-1.8081138,1.2064426,-0.54439527,-0.5624257,-1.0998139,1.0752063,-0.052073035,0.10463548,-0.5666689,-0.29464474,1.6350838,-0.3364044,1.1508914,-0.4599199,-0.7733047,-0.32971773,0.43866488,0.82048035,0.03810596,-0.23584542,1.0621314,0.9098099,-0.07604761,-0.328215,0.26240817,0.629993,-0.6462368,-0.26561916,0.3798477,0.761575,-0.40578318,0.05180646,-0.101422556,0.027260095,-2.190323,-1.5201882,-0.106688134,1.2595826,-1.6518264,0.80052847,-0.066144496,-0.9320592,0.33816668,-0.29716632,0.17856163,-0.1369609,-0.88119674,1.4027299,-0.8214335,-1.3263799,-0.56312966,-0.70996815,-1.4713424,-0.2634622,-0.49084017,-1.6281838,-1.0455579,-1.4929646,1.7024211,0.12859425,-0.8953531,-1.140606,-1.4575721,0.3836921,-0.037487905,1.1454134,0.3830299,0.101040915,-1.0780559,-0.25070536,-0.59684145,-0.56310713,0.09045494,0.38759622,0.117656715,0.5109729,0.7822525,1.6662291,0.31379807,0.81112885,-1.0830638,-0.5809497,-0.6539932,0.7194244,1.3279115,0.491352,-0.7236101,0.5111297,-0.3795479,0.986954,0.22738968,-0.7993368,0.32363668,0.25198996,0.5051092,-0.20416832,1.980856,0.8114657,-0.89422965,-0.7916081,-0.2238629,0.28674296,0.7692039,-1.023473,-0.53319925,0.53303474,-0.45332992,-0.3268174,0.4391917,-1.1560918,0.0775584,0.7812651,2.0394762,0.17500071,-0.37167853,0.42059743,-1.340966,0.50811684,1.0828103,-0.123715095,0.08611987,0.51764435,-1.1931775,1.1440864,-0.3968219,1.5914428,-0.6380581,0.35961628,-0.55014014,0.72441846,-0.7761696,0.5221049,-1.3579283,-2.2772703,-0.4322154,0.3825239,0.41641262,-0.025912993,0.5980451,-0.36593944,0.28034198,0.64158607,-1.2325543,-0.29786882,0.9692903,0.8564284,0.16417971,1.3632034,0.06953445,0.40444028,0.81621385,0.6355489,0.28125593,0.044579722,1.0081906,-0.81924796,0.8007347,0.9272552,0.8528576,2.9164894,0.7130931,-1.5527085,-1.5245422,1.1028256,-1.9695854,-0.16921507,0.8264025,-1.2427077,0.9487244,-1.0942273,-0.83167416,1.6900253,0.49223033,0.18249744,-1.1733739,-0.916356,0.88061255,0.5379475,-0.9500559,0.07754657,-1.087262,0.11944484,-1.0497466,-0.8135057,0.83813035,0.77524143,0.5605568,0.8506498,-1.4362762,0.53487307,0.5916259,0.085330024,0.52613217,1.0517337,-0.9248766,0.39555922,0.6542829,0.25383958,-0.10736117,0.07834185,-0.411627,0.7754806,-0.31782475,0.5316133,0.5810096,-0.32823744,0.3062528,-0.091750555,0.49159956,0.71676373,1.0891656,0.24325967,-1.6430163,-0.25627318,0.51477027,1.0234605,0.2106213,0.45645908,0.22415183,0.9097294,-0.30522493,0.17216276,-0.697342,-0.35290042,0.024999635,0.2651477,0.3898978,0.48107356,0.36943787,-0.76232564,-0.67525536,0.23166312,0.25023225,-0.81657064,-1.3223461,-0.46491957,-0.93366736,-0.16971813,0.7022901,0.49515018,-0.73280734,-1.4662316,-0.3304502,0.7750421,0.62000453,-1.3949618,-0.5372709,-0.24642853,-0.87270284,0.4261688,-0.09675544,0.1813662,0.055484664,0.41905642,-1.3722287,0.69476086,-0.2781445,1.1669478,1.7693516,-0.25737083,1.3759416,-0.35802978,0.055703018,-0.33273613,0.82660884,0.17196505,-1.5719197,0.75713974,-0.32975528,-0.4015091,1.1331371,-1.1066338,-0.35190904,-0.9715788,-0.12201915,-0.29223278,-1.2146033,1.846362,-1.9401153,1.0594146,-1.7485714,-0.8814075,-0.43129674,-0.6802432,-1.4296784,-0.119959466,0.47464883,-0.0018336014,0.013436499,0.24407162,0.11448454,0.39566994,0.46872604,1.4879917,-0.15834916,0.6257886,-1.1071903,-1.2191187,-0.21323885,0.28868815,-1.1829358,-0.84555334,-1.0012141,-0.07073478,-0.13721362,-0.40892312,-0.76840883,0.8100241,0.020224683,0.29170343,-1.0855447,-0.6135744,-0.05922472,-0.89068705,1.2341967,-0.27548206,1.5765755,-1.2416514,-0.52449507,0.3066089,-0.9111364,0.022413736,0.07682285,2.071082,0.5067373,0.42204857,0.07813428,0.7160679,-0.17075191,-0.54853195,1.364923,0.25385615,2.1076531,0.14576554,-0.39467975,1.4595852,-0.34504372,0.8141377,-0.19680052,0.08633738,1.5344962,-0.24045359,-0.5927173,-0.17812139,0.14321814,-0.40452993,0.04219236,0.82345486,0.3019632,0.10440917,1.0360814,0.6732951,-0.28826472,-1.2182978,-0.25623816,1.366221,0.9522152,1.2256676,1.3682761,-0.28048918,-0.37430403,-1.8658485,0.6375067,1.0683292,0.70247656,0.32525375,-1.585572,0.78173083,0.6237336,0.390902,-1.7688292,-1.8012177,1.5371937,0.6443605,0.17117292,1.6710465,-0.98596185,-1.4786544,-0.78995603,0.071169026,0.22674389,-0.7830093,-0.8281721,0.47913548,-0.2848682,0.69476724,0.9130178,0.71034473,0.091098666,-0.37390795,0.2630161,-0.13838409,-0.5617099,0.20996875,-0.55896443,0.26634574,-1.621029,-0.35957333,0.46416286,-1.6913998,1.1089987,-0.31857267,0.17213024,-0.22332148,-0.37397394,-0.56324154,-0.1352026,-0.21931839,-1.0622894,-0.2391379,0.5997737,-1.7227916,-1.3110144,0.93574053,1.1601077,-0.80833226,0.22672114,0.6228483,-0.11283963,1.0133815,-0.14191301,-0.5371003,-0.21147679,-0.41283703,0.03151584,-0.50138974,-1.082366,-0.19160388,0.34600374,-0.97807956,-1.45362,0.5204902,0.81518096,-1.9486928,-0.96144634,-0.35335624,-0.16285849,0.55767816,0.75321466,0.009481538,-0.3130584,-0.69203806,-0.17879495,-0.09015205,0.1490734,-0.7402447,0.3068764,0.43766317,-0.7043412,0.13338701,1.7717323,0.06535664,1.3780528,1.4622322,0.24619384,0.061323788,0.35974917,-0.41539252,-0.34174883,0.52776694,-1.0128927,-0.7374871,1.1563029,-0.4422024,-1.1722435,-0.25123394,0.5666678,-0.75065416,-0.24958071,-0.17387749,1.0311246,1.2419481,1.2334356,1.5546093,0.09748747,-0.09737754,-0.5879541,0.55311114,-1.517992,-0.81596357,-0.20820193,0.8134711,2.0378616,-0.67449373,0.46216813,1.0681696,-1.0851141,-1.3772384,0.5065608,0.36950225,-0.25820586,-0.82475114,0.31052676,-1.038054,0.53236467,-1.6995534,-0.5154458,0.7737122,0.96685296,-0.5453222,0.09134657,0.9649506,0.052219007,-1.0101774,0.17587064,0.60269153,1.7538997,-0.07917209,-0.871315,0.5539959,-0.39772588,-1.5771511,0.24994503,-0.65425223,-0.85645825,0.24653907,-0.4373455,-0.18567172,-0.41720244,-0.73828983,1.2538158,0.41380253,-0.36732036,0.25903112,-1.3734678,1.4784367,0.10972407,-0.43847924,1.6247611,0.8915539,-1.4782624,0.72266614,-1.7711537,1.3282062,-0.6920233,0.7739874,1.2412815,0.3889103,-0.5954018,1.622382,-0.27358547,0.021360975,-0.5667019,0.7850953,-0.47718623,0.058891796,-1.8469307,1.1628146,-0.8907461,-0.7785146,0.19223832,0.58946747,-0.5602095,0.24372521,-0.7953766,0.338385,0.06794286,-1.1783379,0.7982778,1.7869068,-0.27979675,-1.1378047,0.24450217,0.23185483,-0.3224366,0.06926476,2.0875823,-0.009101253,0.57775885,-1.3634182,-0.92748666,0.7613477,-0.420629,-0.9978554,-0.50593525,-0.48774207,-0.2242775,0.30276296,-0.29353964,1.0562406,-0.61103666,0.45966747,0.7948912,-0.80953634,-0.554953,0.18040983,-0.3281489,-1.1910002,-1.2010101,0.8144947,0.057896398,-0.6510468,0.66385406,0.83638024,1.4243588,0.8467903,-0.41192892,-0.52848095,0.92841506,0.6399381,0.9074287,-1.2069099,-1.5280377,0.5688962,1.0676682,-0.3097626,0.3174474,-0.029019482,-0.4420792,-1.8439116,0.80852187,0.33583128,-0.084713064,1.2698381,0.1672847,-0.28367558,0.8570448,-0.09661965,0.08154427,-0.33846313,-0.6520596,-0.18513991,-0.17516331,-0.7504588,0.26581737,-0.54932034,0.09391921,-0.2102634,0.58687186,-1.3302282,0.4356523,0.05012911,0.039350722,0.4694112,0.17253299,-1.3036244,-0.50586134,-0.40923625,1.6399283,1.0685086,-0.52237624,-0.8167692,-0.1672681,0.90421015,0.47437534,0.15381299,0.058217358,0.22087306,-0.36326817,-0.31003538,-1.2517453,-0.5310903,0.4015563,0.5609831,-0.905854,1.4764832,-1.8023396,0.5760581,0.20998201,-1.3967564,0.14066523,0.18505183,-0.2927806,2.19326,1.445499,0.11497747,-0.11897338,0.9039659,1.0824813,-0.5626202,-0.35193196,-1.1954347,0.91333026,1.272847,0.60787034,-1.4299192,-0.011406318,0.3635932,-0.44768953,1.4706314,-0.31775483,-0.68413204,-0.64644104,-0.15083753,-1.0930319,-0.49800995,-0.48274362,0.20780875,-1.2976755,0.61941034,-0.865223,-1.1894574,0.72588867,-0.7517448,0.18746233,-0.52196985,1.2619016,0.9790611,0.4027247,0.6582634,-0.58001196,-0.16152148,-1.14289,-0.70125914,0.47673008,-0.7844351,0.8916975,0.439278,0.638484,1.8739877,0.1754344,-1.127571,0.61329454,0.37423947,0.44698742,-0.04650136,-0.94836354,-0.21386442,0.015497264,0.71704036,0.7517702,-0.99725515,-0.25859573,-0.24730958,0.16184083,0.31358793,0.46176425,0.25118366,0.7859079,1.715871,0.8787267,0.25766575
