Mora,Feature_0,Feature_1,Feature_2,Feature_3,Feature_4,Feature_5,Feature_6,Feature_7,Feature_8,Feature_9,Feature_10,Feature_11,Feature_12,Feature_13,Feature_14,Feature_15,Feature_16,Feature_17,Feature_18,Feature_19,Feature_20,Feature_21,Feature_22,Feature_23,Feature_24,Feature_25,Feature_26,Feature_27,Feature_28,Feature_29,Feature_30,Feature_31,Feature_32,Feature_33,Feature_34,Feature_35,Feature_36,Feature_37,Feature_38,Feature_39,Feature_40,Feature_41,Feature_42,Feature_43,Feature_44,Feature_45,Feature_46,Feature_47,Feature_48,Feature_49,Feature_50,Feature_51,Feature_52,Feature_53,Feature_54,Feature_55,Feature_56,Feature_57,Feature_58,Feature_59,Feature_60,Feature_61,Feature_62,Feature_63,Feature_64,Feature_65,Feature_66,Feature_67,Feature_68,Feature_69,Feature_70,Feature_71,Feature_72,Feature_73,Feature_74,Feature_75,Feature_76,Feature_77,Feature_78,Feature_79,Feature_80,Feature_81,Feature_82,Feature_83,Feature_84,Feature_85,Feature_86,Feature_87,Feature_88,Feature_89,Feature_90,Feature_91,Feature_92,Feature_93,Feature_94,Feature_95,Feature_96,Feature_97,Feature_98,Feature_99,Feature_100,Feature_101,Feature_102,Feature_103,Feature_104,Feature_105,Feature_106,Feature_107,Feature_108,Feature_109,Feature_110,Feature_111,Feature_112,Feature_113,Feature_114,Feature_115,Feature_116,Feature_117,Feature_118,Feature_119,Feature_120,Feature_121,Feature_122,Feature_123,Feature_124,Feature_125,Feature_126,Feature_127,Feature_128,Feature_129,Feature_130,Feature_131,Feature_132,Feature_133,Feature_134,Feature_135,Feature_136,Feature_137,Feature_138,Feature_139,Feature_140,Feature_141,Feature_142,Feature_143,Feature_144,Feature_145,Feature_146,Feature_147,Feature_148,Feature_149,Feature_150,Feature_151,Feature_152,Feature_153,Feature_154,Feature_155,Feature_156,Feature_157,Feature_158,Feature_159,Feature_160,Feature_161,Feature_162,Feature_163,Feature_164,Feature_165,Feature_166,Feature_167,Feature_168,Feature_169,Feature_170,Feature_171,Feature_172,Feature_173,Feature_174,Feature_175,Feature_176,Feature_177,Feature_178,Feature_179,Feature_180,Feature_181,Feature_182,Feature_183,Feature_184,Feature_185,Feature_186,Feature_187,Feature_188,Feature_189,Feature_190,Feature_191,Feature_192,Feature_193,Feature_194,Feature_195,Feature_196,Feature_197,Feature_198,Feature_199,Feature_200,Feature_201,Feature_202,Feature_203,Feature_204,Feature_205,Feature_206,Feature_207,Feature_208,Feature_209,Feature_210,Feature_211,Feature_212,Feature_213,Feature_214,Feature_215,Feature_216,Feature_217,Feature_218,Feature_219,Feature_220,Feature_221,Feature_222,Feature_223,Feature_224,Feature_225,Feature_226,Feature_227,Feature_228,Feature_229,Feature_230,Feature_231,Feature_232,Feature_233,Feature_234,Feature_235,Feature_236,Feature_237,Feature_238,Feature_239,Feature_240,Feature_241,Feature_242,Feature_243,Feature_244,Feature_245,Feature_246,Feature_247,Feature_248,Feature_249,Feature_250,Feature_251,Feature_252,Feature_253,Feature_254,Feature_255,Feature_256,Feature_257,Feature_258,Feature_259,Feature_260,Feature_261,Feature_262,Feature_263,Feature_264,Feature_265,Feature_266,Feature_267,Feature_268,Feature_269,Feature_270,Feature_271,Feature_272,Feature_273,Feature_274,Feature_275,Feature_276,Feature_277,Feature_278,Feature_279,Feature_280,Feature_281,Feature_282,Feature_283,Feature_284,Feature_285,Feature_286,Feature_287,Feature_288,Feature_289,Feature_290,Feature_291,Feature_292,Feature_293,Feature_294,Feature_295,Feature_296,Feature_297,Feature_298,Feature_299,Feature_300,Feature_301,Feature_302,Feature_303,Feature_304,Feature_305,Feature_306,Feature_307,Feature_308,Feature_309,Feature_310,Feature_311,Feature_312,Feature_313,Feature_314,Feature_315,Feature_316,Feature_317,Feature_318,Feature_319,Feature_320,Feature_321,Feature_322,Feature_323,Feature_324,Feature_325,Feature_326,Feature_327,Feature_328,Feature_329,Feature_330,Feature_331,Feature_332,Feature_333,Feature_334,Feature_335,Feature_336,Feature_337,Feature_338,Feature_339,Feature_340,Feature_341,Feature_342,Feature_343,Feature_344,Feature_345,Feature_346,Feature_347,Feature_348,Feature_349,Feature_350,Feature_351,Feature_352,Feature_353,Feature_354,Feature_355,Feature_356,Feature_357,Feature_358,Feature_359,Feature_360,Feature_361,Feature_362,Feature_363,Feature_364,Feature_365,Feature_366,Feature_367,Feature_368,Feature_369,Feature_370,Feature_371,Feature_372,Feature_373,Feature_374,Feature_375,Feature_376,Feature_377,Feature_378,Feature_379,Feature_380,Feature_381,Feature_382,Feature_383,Feature_384,Feature_385,Feature_386,Feature_387,Feature_388,Feature_389,Feature_390,Feature_391,Feature_392,Feature_393,Feature_394,Feature_395,Feature_396,Feature_397,Feature_398,Feature_399,Feature_400,Feature_401,Feature_402,Feature_403,Feature_404,Feature_405,Feature_406,Feature_407,Feature_408,Feature_409,Feature_410,Feature_411,Feature_412,Feature_413,Feature_414,Feature_415,Feature_416,Feature_417,Feature_418,Feature_419,Feature_420,Feature_421,Feature_422,Feature_423,Feature_424,Feature_425,Feature_426,Feature_427,Feature_428,Feature_429,Feature_430,Feature_431,Feature_432,Feature_433,Feature_434,Feature_435,Feature_436,Feature_437,Feature_438,Feature_439,Feature_440,Feature_441,Feature_442,Feature_443,Feature_444,Feature_445,Feature_446,Feature_447,Feature_448,Feature_449,Feature_450,Feature_451,Feature_452,Feature_453,Feature_454,Feature_455,Feature_456,Feature_457,Feature_458,Feature_459,Feature_460,Feature_461,Feature_462,Feature_463,Feature_464,Feature_465,Feature_466,Feature_467,Feature_468,Feature_469,Feature_470,Feature_471,Feature_472,Feature_473,Feature_474,Feature_475,Feature_476,Feature_477,Feature_478,Feature_479,Feature_480,Feature_481,Feature_482,Feature_483,Feature_484,Feature_485,Feature_486,Feature_487,Feature_488,Feature_489,Feature_490,Feature_491,Feature_492,Feature_493,Feature_494,Feature_495,Feature_496,Feature_497,Feature_498,Feature_499,Feature_500,Feature_501,Feature_502,Feature_503,Feature_504,Feature_505,Feature_506,Feature_507,Feature_508,Feature_509,Feature_510,Feature_511,Feature_512,Feature_513,Feature_514,Feature_515,Feature_516,Feature_517,Feature_518,Feature_519,Feature_520,Feature_521,Feature_522,Feature_523,Feature_524,Feature_525,Feature_526,Feature_527,Feature_528,Feature_529,Feature_530,Feature_531,Feature_532,Feature_533,Feature_534,Feature_535,Feature_536,Feature_537,Feature_538,Feature_539,Feature_540,Feature_541,Feature_542,Feature_543,Feature_544,Feature_545,Feature_546,Feature_547,Feature_548,Feature_549,Feature_550,Feature_551,Feature_552,Feature_553,Feature_554,Feature_555,Feature_556,Feature_557,Feature_558,Feature_559,Feature_560,Feature_561,Feature_562,Feature_563,Feature_564,Feature_565,Feature_566,Feature_567,Feature_568,Feature_569,Feature_570,Feature_571,Feature_572,Feature_573,Feature_574,Feature_575,Feature_576,Feature_577,Feature_578,Feature_579,Feature_580,Feature_581,Feature_582,Feature_583,Feature_584,Feature_585,Feature_586,Feature_587,Feature_588,Feature_589,Feature_590,Feature_591,Feature_592,Feature_593,Feature_594,Feature_595,Feature_596,Feature_597,Feature_598,Feature_599,Feature_600,Feature_601,Feature_602,Feature_603,Feature_604,Feature_605,Feature_606,Feature_607,Feature_608,Feature_609,Feature_610,Feature_611,Feature_612,Feature_613,Feature_614,Feature_615,Feature_616,Feature_617,Feature_618,Feature_619,Feature_620,Feature_621,Feature_622,Feature_623,Feature_624,Feature_625,Feature_626,Feature_627,Feature_628,Feature_629,Feature_630,Feature_631,Feature_632,Feature_633,Feature_634,Feature_635,Feature_636,Feature_637,Feature_638,Feature_639,Feature_640,Feature_641,Feature_642,Feature_643,Feature_644,Feature_645,Feature_646,Feature_647,Feature_648,Feature_649,Feature_650,Feature_651,Feature_652,Feature_653,Feature_654,Feature_655,Feature_656,Feature_657,Feature_658,Feature_659,Feature_660,Feature_661,Feature_662,Feature_663,Feature_664,Feature_665,Feature_666,Feature_667,Feature_668,Feature_669,Feature_670,Feature_671,Feature_672,Feature_673,Feature_674,Feature_675,Feature_676,Feature_677,Feature_678,Feature_679,Feature_680,Feature_681,Feature_682,Feature_683,Feature_684,Feature_685,Feature_686,Feature_687,Feature_688,Feature_689,Feature_690,Feature_691,Feature_692,Feature_693,Feature_694,Feature_695,Feature_696,Feature_697,Feature_698,Feature_699,Feature_700,Feature_701,Feature_702,Feature_703,Feature_704,Feature_705,Feature_706,Feature_707,Feature_708,Feature_709,Feature_710,Feature_711,Feature_712,Feature_713,Feature_714,Feature_715,Feature_716,Feature_717,Feature_718,Feature_719,Feature_720,Feature_721,Feature_722,Feature_723,Feature_724,Feature_725,Feature_726,Feature_727,Feature_728,Feature_729,Feature_730,Feature_731,Feature_732,Feature_733,Feature_734,Feature_735,Feature_736,Feature_737,Feature_738,Feature_739,Feature_740,Feature_741,Feature_742,Feature_743,Feature_744,Feature_745,Feature_746,Feature_747,Feature_748,Feature_749,Feature_750,Feature_751,Feature_752,Feature_753,Feature_754,Feature_755,Feature_756,Feature_757,Feature_758,Feature_759,Feature_760,Feature_761,Feature_762,Feature_763,Feature_764,Feature_765,Feature_766,Feature_767
ユ,-1.2296429,-0.5310325,0.8537812,1.1631066,-0.7965797,-0.6876351,-1.629986,0.65831286,0.33525294,-0.8372122,1.1347898,-0.09633638,-1.4338028,1.9545485,-0.5395153,-0.28011832,0.5931916,-1.0180783,0.4539153,-0.17469995,0.63567054,-0.08639182,0.40640673,-0.8088806,0.77807266,0.44113684,0.48901126,-0.19005534,-0.71083945,-1.0642912,0.05342806,-0.3331988,-0.6485899,-0.43230453,0.23033936,-1.2931472,-1.7046217,1.1249554,-0.00543936,-0.58928245,-0.93317896,0.5765848,0.040032923,-0.10215325,-0.75136757,-0.1157517,1.2920846,-0.3069961,0.90530115,-0.5111002,-0.79024416,-0.3881412,0.41919234,0.80998725,0.79363334,-0.36624667,0.99469537,0.36834458,-0.14931092,0.03517831,0.44708592,1.4773427,-0.9644762,-0.07288885,0.31401727,1.4009115,0.24861707,-0.3976636,-0.17335398,0.17187525,-2.5374863,-0.69740087,-0.08808686,1.5284793,-0.966629,0.7949669,0.2649302,-0.23003435,0.18720318,0.054695103,0.76611793,0.1113444,-0.5811153,1.0138828,-0.3456908,-0.8827814,0.14873327,-0.7143618,-0.95227927,-0.18912673,0.16111276,-1.6185648,-1.4142634,-1.8557075,0.91688967,0.24533859,-0.6701202,-1.0473994,-0.7822862,0.1166846,-0.52896756,1.4793521,0.14187987,-0.492198,-1.0905002,-0.09671492,-0.5594092,-0.40472803,-0.5679491,1.1261866,-0.40538174,0.30954415,0.7008711,1.223526,0.6948501,0.55727834,-1.1519692,-0.90388393,-0.56854063,0.23948327,1.0614322,-0.11267303,-0.14178051,0.15087597,0.17827058,0.8452358,0.13987872,-0.76000875,0.59274536,0.37389904,1.1161684,-0.27968875,1.7106949,0.88619566,-0.8617253,-0.5479519,-0.5082959,1.0718929,0.07163392,-0.7154208,-0.46072003,-0.2199899,0.119851284,-0.32105178,0.370888,-0.9915132,0.47582746,0.6300248,1.278299,0.35440892,-0.101979256,-0.14889456,-0.69181585,0.4929668,0.9803877,-0.3219392,-0.32248735,0.65004104,-1.3273326,1.225768,0.19923231,1.2545378,-0.84439653,0.39995798,0.06237632,0.32811832,-0.44923687,0.7202725,-0.79790056,-1.8949794,-0.31885323,-0.2638796,0.5259771,-0.16260576,0.761722,0.16822635,0.9376401,-0.008064874,-0.49420863,-0.27787182,0.5366635,0.8954119,0.04427025,1.1791773,-0.4659985,0.5856723,0.95259994,0.4346545,0.97958076,0.35775512,0.4447589,-0.37870035,1.5119286,0.9860544,1.0535436,2.7407854,1.0586884,-1.8547729,-0.9989733,0.7336558,-2.44496,-0.69495785,0.5915225,-0.86491156,1.2927212,-1.1833315,-0.955346,1.9995564,0.5308313,0.029063579,-1.3158677,-1.3259811,0.42821485,1.1651279,-0.5240797,-0.3261211,-0.7794162,0.71994454,-0.3877525,-0.51772755,1.0137955,0.34669003,0.48776668,2.1399238,-0.64018494,0.49458107,0.051266313,0.3380928,0.042618368,0.5717187,-0.79768413,0.79834265,0.6284852,-0.039399657,-1.0732869,0.17856045,-0.6393658,0.47954184,-0.79618466,0.07353062,0.10993703,-0.50288475,0.17635658,-0.27366155,0.8480827,0.9541837,1.8469313,0.28530055,-1.5075299,-0.6781537,0.42430636,0.64273876,0.693769,0.6404999,0.5915448,1.1641179,-0.43783498,-0.1415296,-0.18511267,-0.42940474,0.1486934,0.9332142,-0.6769919,0.6081329,0.4607039,-0.7786809,-1.0156676,-0.44670755,0.11169807,-0.6251322,-1.1229277,-0.4306988,-0.857709,-0.05355407,0.2859567,0.23933639,-0.8205857,-0.6314297,-0.36181393,0.38000965,0.51165664,-0.8403111,-0.27225164,0.12617517,-0.44804353,0.5339411,-0.58164364,0.16940583,0.05439065,0.15903293,-1.165487,1.0581479,-0.057943236,0.78435224,1.5515646,0.27097335,1.2166568,-0.4140392,0.11137002,-0.6036717,0.21391733,0.65985006,-1.7011168,0.3731846,-0.68246955,-0.8368413,0.7708134,-1.3207682,-0.690657,-0.78422344,0.24857983,-0.22878373,-1.0905851,1.7408335,-1.7503763,1.6713006,-1.2066104,-0.4348125,-0.79213923,-0.9161118,-1.4253294,0.93175066,-0.23702152,0.23313591,1.065302,0.27200425,0.5282961,0.09352704,0.4021175,1.149039,-0.26016572,0.4326754,-0.7039332,-1.2759416,-0.11278609,0.739437,-0.91683424,-1.223112,-1.2741764,-0.5004638,0.5382511,0.05978656,-0.08179448,0.860961,0.17882986,0.5515878,-0.6553963,-0.51167274,0.0023949146,-0.6539674,1.538787,-0.3592674,1.559383,-1.0936651,-0.47486374,0.48798686,-1.790989,-0.21815607,-0.16300632,2.2823713,0.48201078,0.5387847,0.84395427,0.60102457,-0.41998395,-0.67364365,0.61932933,0.09682334,1.8414526,0.7365122,-0.50929385,1.5360743,-0.285947,0.39220065,0.026513305,-0.6398271,2.105078,0.31875393,-0.548655,0.19797328,-0.11280411,0.24698736,0.47268173,0.11665131,0.22462164,-0.108784005,0.2614154,0.76573265,-0.7921971,-0.85893106,-0.49602345,0.48643664,0.7573374,1.4977862,1.7033768,0.2302285,-0.77223545,-2.5483437,-0.08132785,1.3386153,0.19295083,0.38710603,-1.7532202,0.028761048,-0.16010578,0.0036718547,-1.1191827,-1.2669163,1.3989252,0.45124072,0.34030434,2.0555289,-0.5522899,-1.2434247,-0.40872866,-0.023014903,-0.52659005,-1.3312826,-1.2249714,0.7807902,-0.7637599,0.8852896,0.6845746,0.6673732,-0.28358045,-0.018575499,0.8954454,0.2019237,-0.950509,-0.7528764,0.43292597,0.27588826,-1.1688405,-0.60759693,0.24502902,-1.4722283,0.83005756,-0.43080637,0.16203856,0.331822,-0.50372994,-0.83145225,-0.5353114,-0.2074327,-1.158479,-0.7506493,0.7080222,-1.2532862,-1.4323103,1.0643479,1.8543131,-0.91707504,1.1731223,0.23148353,0.43588385,0.31416997,-0.2558517,0.047742955,-0.250719,-0.5954767,0.20074297,0.06599021,-0.6982979,-0.36730257,0.8532976,-1.690984,-0.59983283,1.0044321,0.69392127,-1.6833398,-0.56536037,0.16714327,-0.6904016,0.5372495,0.6496485,-0.37422985,-0.4193127,-0.7257668,0.04023415,-0.11089206,0.9023976,0.35548908,-0.11521538,0.85845006,0.120980866,0.3944773,1.5951604,0.1698695,0.85579616,0.7896915,0.44788775,-1.0479609,0.026111726,-0.43960625,-0.64463663,0.594988,-1.7967762,0.06523175,1.7755051,-0.44478902,-0.4686747,0.06641228,0.515308,-0.31646878,0.15959643,-0.2528607,0.76251346,1.5629393,0.7733539,1.5500711,0.33670372,-0.58066946,-0.59017384,0.3175645,-1.4539961,-0.6841877,0.42661238,0.61416066,2.4029822,-0.48872933,-0.19455536,0.9851342,-0.9135933,-1.2630308,0.70601934,0.23264234,-0.373427,-0.40374082,0.09124254,-1.3701694,-0.06799579,-1.9693285,-0.3613854,0.48811072,0.7123335,-0.3865811,0.061696075,1.0367466,0.21165796,-1.002602,-0.22687915,1.4799423,1.554823,0.4222807,-1.3870939,0.36858687,-0.3232577,-1.6253272,-0.24618843,-0.8987685,-0.89725924,-0.15631433,-0.48338094,-0.1935579,-0.7532173,-0.39643732,1.3579509,0.06399078,-0.5156153,0.67055076,-0.8572651,1.5296296,-0.37591308,-0.7778902,0.8773342,0.56310564,-1.4752512,0.360933,-1.2390078,0.37981278,-0.6675472,0.32441363,1.430291,0.35353163,-0.09616141,1.0043917,-0.39681128,0.1756327,-0.08085761,0.45666486,-0.29450622,0.5380197,-2.010629,0.71363246,-1.8295544,-0.9659153,-0.09537498,0.53587234,-0.5681823,-0.15570079,-0.52484083,0.19860087,0.40495306,-0.9831357,0.45477983,1.7990056,-0.5100354,-0.7399085,0.46829438,0.39648703,-0.61284703,0.002881774,2.199156,0.74200785,0.89021546,-1.4697326,-0.9778658,0.5635585,-0.4354481,-0.0008778487,-0.6585921,-0.31676272,-0.15790293,0.3398613,-0.31970376,0.9872424,-1.3538742,0.37506917,0.49785084,-0.71472216,0.05805162,0.08831685,-0.28132698,-0.9505417,-1.0786762,0.45141166,1.149563,-0.087100625,0.015955286,0.73191035,1.6431569,0.8979765,-0.31484482,-0.7141382,0.4757133,0.980802,0.6756072,-0.7953013,-1.4486653,0.33463764,0.79733145,-0.8683804,-0.036482323,0.13683257,-0.60468835,-1.4115951,1.1176821,0.41667676,0.22310755,1.3955039,0.2838796,-0.1080807,0.8525962,-0.51541096,0.38249668,-0.6265728,-0.34037235,0.17989615,-0.06485065,-0.4800559,0.2163466,-0.14210747,0.28102955,-0.38847223,0.88624257,-1.6122036,0.55019665,0.050152253,0.6390745,0.087685876,-0.090915024,-1.0985044,-0.6496383,-0.996086,1.5142833,1.1334937,0.13273926,-1.3603855,0.17158106,1.2182316,0.6531664,-0.25182477,0.24394973,0.15248857,-0.9367973,-0.584729,-1.1046982,-0.45582423,0.47395235,0.43718058,-1.0741708,1.3021772,-1.9770746,0.5842017,-0.1645712,-1.2123209,0.1382652,0.026131127,-0.60349256,1.9659897,1.1389542,-0.1619185,0.15544038,0.7503812,1.2782589,-0.33696628,-0.48837203,-2.0595884,1.0096695,1.113928,0.2770772,-0.7735147,0.03737697,0.43562987,-0.46845606,1.6043007,-0.22628582,-0.79002607,-1.3527867,-0.49730882,-0.03787433,-0.5095831,-0.6799455,0.021017274,-1.3933614,0.12797573,-0.49256557,-0.31626102,0.30904326,-1.0843288,-0.028216582,0.23447394,0.9248923,0.058677725,0.60379404,0.2933602,-0.43264526,-0.25805303,-0.8313589,-0.9769851,1.0647618,-0.72614366,0.22935052,0.083082296,0.8943254,1.8840624,-0.023375044,-1.0567352,0.33919233,-0.4700059,0.730326,0.69316036,-1.5145772,-0.1017291,-0.45743212,0.56833535,0.6851872,-1.4895666,-0.4092401,0.20067392,-0.06728109,0.10560061,0.51754177,-0.15200591,0.289141,1.75088,0.6585215,0.09551831
ウ,-0.58622086,-0.8348505,0.91429806,1.2517829,-0.37340996,-0.99527264,-1.2566298,-0.2495718,0.7677965,-1.1737522,0.24410908,0.47669578,-1.1365854,2.714038,-0.21849044,-0.028617835,0.6655416,-0.3672066,0.48988506,-0.3130365,0.2163011,-0.007928212,0.46792063,-0.62856466,0.69063264,1.0185965,0.09502951,-0.33287454,-0.70242184,0.15748006,0.21200246,-0.9833717,-0.69807816,-0.5393885,0.16762204,-1.3194107,-1.7257494,1.4909676,0.33678094,-0.62946147,-1.1719486,0.10716482,0.1296224,0.25516322,-0.21272492,-0.63770056,1.6240444,0.52725863,0.6045527,-0.4413097,-0.6048735,0.48245347,0.51730686,0.4281328,0.46672162,-0.076334655,0.6199179,0.8602002,-0.25150684,-1.0047702,0.5836889,1.4055139,-1.2994727,0.88089305,0.3273542,1.5401973,0.31807715,-0.595707,-0.27739283,-0.9560158,-2.5140352,-0.13187067,0.373588,0.88643223,-1.0877738,0.77745867,0.3038564,-0.031463336,0.12786414,0.65039676,0.67252475,0.6150992,-1.2649386,1.066407,-0.6511727,-0.41486678,0.60937285,-0.6375618,-1.6484762,-0.1292279,0.8696456,-1.6432877,-1.746308,-1.271865,0.8097067,-0.2835126,-0.69551164,-0.21446477,-1.3604956,0.22603296,0.20782809,0.83364725,-0.24171919,-0.0982228,-0.95286626,0.31862274,-0.8196961,-0.50348455,-0.7313039,1.339877,-0.6425657,0.53654355,1.3106475,1.5081378,0.13719738,0.05958581,-0.8470891,-0.93537503,-1.0748335,-0.17778616,0.55863637,-0.27095705,-0.5497099,1.1782387,0.11270929,1.1256917,0.17221622,-0.3188443,0.5198689,-0.18697101,0.68803006,-0.35087776,1.310305,0.7563362,-0.85712796,-0.91245013,-0.690568,-0.048840005,0.03399543,-0.91767937,-0.71242183,-0.9162474,-0.3003251,-0.2196532,-0.050987046,-2.3723044,-0.025459444,0.4143617,1.1242216,-0.08644385,0.34700522,-0.98919487,-0.21589136,1.45083,0.48061058,0.5336167,0.14643379,0.22876878,-1.5399,1.4272022,0.6560336,1.3832599,-0.96742797,0.4972855,-0.10413804,0.55890083,-0.91941863,0.6858893,-0.9286687,-1.6481417,-0.7800248,0.10539999,0.5673297,-0.51943225,0.8154078,-0.33908096,1.2212702,0.053694207,-0.6854165,-0.481828,-0.3099421,0.8512116,0.29753652,0.57491827,-0.28642964,0.10536224,0.3408816,0.9845783,-0.12151792,0.603771,0.37200627,-0.6059366,1.0178064,1.619492,2.0079725,2.1133761,1.1815063,-1.2987372,-0.61900884,1.3541619,-2.001572,-0.3502743,0.40102756,-0.6706379,1.8247031,-0.52664804,-1.266245,1.6344748,0.7846093,0.7030814,-1.3982636,-1.0830556,0.9370871,0.3843414,-0.43291566,-0.3602102,0.03879569,0.8693474,-0.27386773,-0.50594234,-0.009013794,0.41696325,0.5701037,2.471073,-1.72323,0.62650806,0.14412235,0.06656641,-0.032295913,0.22494002,-1.3090712,0.13573904,0.49208522,-0.5225599,-0.83431244,-0.010528405,-0.6563003,1.116293,-0.81270933,-0.22718382,-0.5103948,-0.70876503,0.5674613,-0.4124407,0.21028316,0.9466841,1.9003496,0.80570966,-0.92454547,-0.052447367,0.14618598,1.0384965,0.7603648,0.14297125,1.2911564,0.43209752,-0.61234975,0.3877847,-0.41757998,-0.118840404,-0.70151424,0.37781867,-0.18822205,0.13972534,0.03978449,-0.6049575,-0.663851,-0.5174685,-0.014668405,-1.1886716,-0.08409544,-0.65745634,-1.529684,0.24794215,-0.29162565,-0.1990406,-1.7262045,-0.78636473,-1.6104565,0.081135154,0.20310932,-0.9864948,-0.13295172,0.14363544,0.11141834,0.5675836,-1.1122087,-0.084860764,-0.097525634,0.5812445,-1.2296115,1.1182476,0.43743142,1.3645815,1.0543876,0.21762957,1.6003326,-0.12018424,1.0918276,-1.671453,0.67867374,1.1049019,-0.6413463,0.5002205,0.010354996,0.054821163,0.35186923,-1.3435265,-0.05470975,-0.8363316,0.27022287,-0.22325964,-1.1294527,1.9584426,-1.6469774,1.1617616,-1.4117368,-0.59173024,-0.80603623,-0.4271345,-1.2722225,1.338344,0.4100753,0.6142072,0.5809695,0.17195392,-0.14281638,0.24869968,0.6149774,0.7202144,-0.37438288,0.48830387,-1.3457088,-0.9121048,0.44260123,1.2696167,-0.90434295,-0.6811044,-1.4799247,-0.87367034,0.7155652,-0.49488246,0.7893211,0.976031,-0.7873893,1.2608687,-0.44775298,-0.28760338,0.7122262,-0.39560214,1.6404071,0.12817018,1.6232227,-1.0514685,-0.3330876,0.47870553,-2.0123584,-0.6347558,-0.6258039,1.8021365,0.81822205,-0.7565503,0.8202879,0.8021872,-1.3707286,-0.018953273,0.6097627,-0.3150544,1.5042367,1.0386829,-0.4657731,1.6730185,0.3984307,1.1059638,-0.7410099,-0.31191477,1.8095498,-0.21493308,-0.50569993,-0.42892274,-0.42292953,-0.077388905,0.7312014,0.09453148,0.5088768,0.17925596,1.0855185,0.5354686,-1.35561,-0.69661444,-0.3239598,0.25692615,1.0643712,1.5716748,1.7131475,-0.02813965,-1.5772028,-1.365335,-0.22704859,0.5811146,-0.6238225,1.5705605,-0.8407259,0.49000445,0.36184776,0.048767578,-0.536955,-1.5134888,1.574316,-0.018290559,0.18488695,1.3760506,-0.22575651,-1.2067064,-0.5109334,0.6908702,-0.10913658,-1.0495867,-0.9802492,0.85957724,-1.1157333,1.2886677,0.0382794,0.25569722,0.38321474,0.6904633,0.70589733,0.6883888,-0.54797333,-1.1976886,0.4762353,0.44123045,-1.526319,-0.40901837,0.69939226,-1.6623031,0.08981103,-0.6586121,-0.2050904,0.38108376,-0.8302968,-0.72505593,-0.91511256,-0.653462,-0.8659156,-1.257576,0.09254279,-0.9714748,-1.4589051,1.9983264,1.4723362,-1.5627059,0.19791205,0.14198744,0.45898685,0.6681185,0.00922357,-0.33977893,0.46428248,-0.65673256,0.29371887,-0.40009162,-0.7894172,-0.42633203,0.49617422,-1.398325,-0.6754741,0.8075573,1.4704915,-1.4493867,-0.25067177,-0.012923797,-0.9989166,0.12634042,0.3784406,0.05095769,-0.3047122,-0.892539,-0.18371205,-0.096066676,1.2512302,0.71367997,-0.48021045,0.9448475,-0.44083777,-0.46766123,1.4820973,0.546529,0.6649115,1.0791775,0.23813044,-0.8797927,0.08813105,0.29578656,-0.3323566,0.8226428,-1.8359032,-0.9283573,1.597046,-0.5052392,-0.9999826,-0.10132706,0.47818342,-0.11514497,0.7194331,0.084391415,1.0278213,1.3625873,0.60802436,1.328827,-0.22031474,-0.5405824,-0.47180283,0.11594224,-1.1652226,-1.0731739,1.1387491,0.6195977,2.071502,-0.14690775,-0.13441467,0.2785702,-0.7507619,-0.8695012,0.42824277,1.2072065,-0.6112599,-0.9665453,-0.48335424,-1.0423114,0.35418773,-2.2923205,-0.30886313,0.29851246,-0.042578172,-0.48526683,-0.32005954,0.2086752,0.21539123,-0.9845241,0.75064063,1.5603256,1.0009842,-0.46717724,-1.099557,-0.07679032,-1.0058309,-1.1927576,-0.3265275,-0.99454975,-0.26435956,-0.10921203,-0.8229807,-0.00063273805,-0.9424422,-0.37763873,1.5091062,0.5904427,-0.19472368,0.086367674,-0.43144944,2.096113,-0.5633711,-1.0090307,0.616471,0.31632027,-1.4633585,0.30947182,-1.4312515,-0.3725079,-1.0419246,-0.11220551,1.2670794,0.8985149,-0.15352537,1.3288593,-0.47133264,-0.7439826,1.0744175,0.20591398,0.3965348,0.86084086,-2.7368534,1.3510615,-1.3883251,-0.9727444,-0.16110851,0.47428116,-0.43601036,-0.46275017,-0.29182416,0.518428,0.22466063,-0.6943044,0.5341335,2.032362,-1.33472,-0.902278,0.80096513,0.7002461,-0.43484676,0.36559108,2.3525145,0.704268,1.3570023,-0.60354066,-0.17729591,0.14573632,-0.38458195,-0.6556067,0.022387603,-0.2295873,0.35536298,0.69959456,-0.008002375,0.88484126,-1.5119325,0.22596431,0.96456146,-0.3979907,-0.054127295,0.210083,-0.35450396,-1.3584146,-1.7141308,0.53421867,1.3210987,-0.007932901,-0.44005263,0.45464835,1.6890742,0.7510311,-0.42432252,-0.22257634,0.39867362,0.9558243,0.8511589,-0.6926498,-0.5609879,0.9088621,1.5383619,-1.4364573,-0.22343569,-1.0261799,-0.83136535,-0.74774474,0.8745454,0.4006696,0.44477734,1.1060363,1.1027017,-0.11747392,0.77472514,-0.8098569,-0.04966004,-0.8750425,-0.7153497,-0.072525896,-0.344435,-0.16869812,0.7385275,-1.2269984,0.104725756,0.10857835,1.1831816,-1.3012946,0.35080278,-0.08161792,0.7069084,0.05595051,-0.04619101,-0.8782204,-0.1992429,-1.4093413,2.14549,0.47202715,0.50006884,-1.9359503,0.16181596,0.8982024,0.15052561,-0.65042984,0.23998994,-0.3057256,-1.283493,0.02655218,-0.7796379,-0.676445,0.8392126,1.3440715,-0.8458424,1.2678652,-1.9526625,0.79956096,-0.69475126,-0.7478385,0.3688573,0.091117166,-0.91927546,1.8918518,1.086372,-0.09534073,0.54266757,1.4759984,1.2944773,0.055448577,-0.536846,-2.3003585,1.1093621,0.621605,0.5390901,-0.87877494,0.08087263,0.9407608,0.2513214,1.2018069,-0.4609953,-0.5591939,-0.72315603,-0.7012775,-0.5936309,-0.39184892,-0.4396224,-0.27170357,-1.3269225,0.37799275,-0.17796533,0.09480345,0.46960175,-1.1717296,0.6782275,0.45382425,0.7153785,0.51544625,0.72471935,0.21187127,-0.99321556,0.08427767,-0.8160057,-1.2894849,1.4507532,-1.2368058,0.077489145,0.45176637,1.1437365,2.0660028,0.75932604,-0.7683501,0.34207377,-0.08022794,0.35127172,0.6196336,-1.0512421,-1.0324415,-0.11507672,-0.20287974,0.101306915,-1.461747,-0.5602165,0.011701611,0.72687405,0.41219142,0.48068047,-0.42937768,0.14494938,1.2076048,0.26948908,-0.7036209
ジョ,-0.5537287,-0.9551196,0.5850918,2.0114841,-0.6254096,-0.32596675,-1.048043,0.11115515,1.0005311,-0.38856283,0.48748246,0.2794755,-1.5348036,1.7614715,-0.80490285,0.26729247,0.6223699,-0.3595748,0.6046573,-0.8888127,0.5505923,0.03734945,0.46661752,-1.1278607,0.6951861,0.7492331,0.31974572,-0.73491615,-0.87722874,-0.37427172,-0.1587801,-0.7958682,-0.83442867,-0.4010517,0.2609909,-1.5813968,-1.3335322,1.1475976,0.31671894,-0.17923683,-1.0142417,0.17050941,-0.58282745,0.5495769,-0.20557937,-0.31970912,1.9223362,-0.053292125,1.0415509,-0.25063947,-0.33347678,-0.259237,0.156555,0.7182401,0.60173136,0.06365794,1.0956576,0.5306479,-0.04735134,-0.015363187,0.6362346,1.1420028,-1.4059011,0.31113082,0.51580346,1.0273242,0.169468,-0.167713,-0.5908729,-0.3937797,-2.3721642,-0.85903436,0.30632797,1.3636069,-1.272324,0.7986211,0.39351875,-0.1462476,0.0985571,0.35161275,-0.027170544,0.4612938,-1.1567794,1.2143166,-0.21591744,-0.50663465,-0.2523925,-0.025776315,-1.2081894,-0.56603163,0.45423207,-1.2641618,-1.7585331,-1.3958759,0.5626039,0.18678597,-0.8716505,-0.5118297,-1.3188661,0.45358697,0.18829778,1.2273544,-0.1888366,-0.19579925,-0.7886266,0.06850809,-0.52851963,-0.521335,-1.0468073,1.2786521,0.08184522,0.26882237,0.7195057,1.4089692,0.87338924,1.0153916,-1.0445093,-0.803074,-0.75868237,-0.0007945538,1.2523382,0.42911196,-0.92285836,0.20469424,0.5336669,0.89136684,-0.26872072,-0.99145395,0.6020701,-0.37009764,0.8968593,-0.14313042,1.3827689,1.0185606,-0.70394635,-0.5691602,-0.49059123,0.122121975,-0.07288141,-0.67439646,-0.66032124,-0.25596395,0.09802743,0.109816745,0.1581523,-1.6852232,0.29640138,0.44096106,1.1244057,0.07039496,0.3200326,-0.31783503,-0.4387024,0.7389344,0.6064729,-0.11040916,0.4262426,0.047666017,-1.4001672,1.6495432,0.56271875,1.0297048,-0.9402056,0.35952815,-0.16904782,0.30075783,-0.7921847,0.5473989,-0.70062083,-1.6926918,-0.29271144,-0.4004135,0.34267992,-0.20482512,0.49591962,-0.057958566,0.57533693,0.10560522,-0.9083093,-0.39449257,0.5012802,0.65546644,0.23085919,1.4857697,-0.5008486,0.3653218,0.4940811,0.20349391,0.29604465,0.03344535,0.7167173,-0.81517315,1.0920076,1.4437723,1.1963254,2.7240207,0.6439539,-1.1512852,-1.0261171,0.7011734,-2.1050258,-0.21111974,0.32864648,-0.5446168,1.6520544,-0.70135814,-0.99443626,1.9106371,0.91797113,-0.08178466,-1.6266514,-1.0268005,0.64044154,0.5862001,-0.6110923,0.078861356,-0.62202084,0.21826431,-0.2801556,0.041149836,0.8595582,0.34765142,0.64612114,1.6665068,-1.5644567,0.47860408,0.55017895,0.023632955,0.107811846,0.34390306,-1.2782581,0.11112098,0.6920947,0.50236964,-0.3376883,0.28323513,-0.8304669,0.915246,-0.43607274,0.22905855,0.16452998,-0.239351,0.13427946,0.13716955,0.7210565,0.61260027,2.0701737,0.73560286,-1.3428484,-0.5193947,0.6155102,1.0712278,0.53061664,0.27717942,1.1199197,1.0603647,-0.49927932,-0.26073748,-0.14875123,-0.46096706,-0.27539128,1.0819614,-0.5131465,1.0097557,0.6243386,-0.6621581,-0.5076503,0.03155758,-0.12878159,-1.1653357,-1.0593638,-0.5784863,-1.1476157,0.19316542,-0.41646713,0.27556354,-1.2591103,-0.7009026,-1.1790069,0.3898639,0.7671057,-1.2666701,-0.44781917,-0.33593312,-0.22117361,0.45129472,-0.60479516,0.17085484,0.5680904,0.2631146,-1.6575859,1.0409894,0.032576244,0.47923556,0.9061066,0.2193766,1.2628244,0.007469815,0.9538251,-1.1582797,0.66224396,0.86552095,-1.3873842,0.6972407,0.21111777,-0.34774446,0.6516353,-1.3823526,-0.46216136,-0.8306931,0.10687895,-0.27104002,-1.1366276,1.7215058,-1.7973824,0.9731744,-1.4053171,-0.34371334,-0.8422197,-0.048100572,-1.5852054,1.1690843,0.54113495,-0.25330347,0.8995247,-0.17097516,-0.01138937,0.3278748,0.59533983,0.31105366,-0.5981151,0.44487673,-0.8922082,-1.8591487,0.16032284,0.8779095,-0.9189151,-1.4475826,-1.6526365,-0.7631082,0.56735474,-1.1356709,0.14792433,0.48646498,-0.11713046,1.1465123,-0.7198344,-0.38809657,0.41324693,-0.38316673,1.4016111,0.017061155,1.1299167,-0.8370902,-0.39167166,1.1391718,-2.3094866,-0.29015905,-0.54518783,2.172881,0.48919305,-0.1838649,0.6046715,0.7345904,-0.75603604,-0.5760775,0.62877905,-0.11848966,1.4508682,1.0497553,-0.4630928,1.564736,0.12952891,1.3285434,-0.7629096,-0.45906195,2.0498395,-0.42472118,-0.28554803,-0.40301237,-0.34089795,0.10239641,-0.088854924,0.4030133,-0.60701036,-0.034618665,0.9585477,1.180548,-1.5509666,-0.66232127,-0.6247669,0.29833788,1.0922683,1.281224,1.8746134,-0.20463042,-1.2702725,-1.945112,-0.517933,0.981373,-0.63070345,0.55579394,-1.0898873,-0.3367533,0.44444457,0.015129316,-0.7086248,-1.7687374,1.5362324,-0.02220161,0.36245173,1.5896363,-0.5736799,-1.1857535,-0.29281443,0.95370924,0.1798071,-1.0493132,-0.6388772,0.92837095,-0.31952846,1.5268023,0.35285798,0.0613543,0.54942524,0.21141112,0.97640574,0.4419635,-0.7486081,-0.8814627,0.10025589,0.61897045,-1.346075,-0.83794725,0.3070549,-1.7565603,0.238802,-0.7296051,-0.425349,-0.041875035,-0.29268664,-0.5279425,-1.0012544,-0.32005724,-0.67651135,-1.0758684,0.29951817,-0.8054797,-1.5454223,1.1475784,1.2750794,-1.5161887,0.28973946,0.30995756,0.2131972,0.25326115,-0.034199864,-0.31758875,0.5136198,-0.67348105,0.032354705,-0.5002253,-0.85997105,-0.88318,-0.16921228,-0.7406887,-1.2676772,1.1390462,1.1712275,-2.148116,-0.3723378,-0.3422008,-0.6184622,0.79353964,0.633916,-0.007209882,-0.098900616,-0.7977319,-0.4196425,-0.23248084,0.9964266,0.19935739,-0.34155902,0.32062578,0.1176798,0.1389837,1.5955122,0.5252097,0.7896215,0.63873565,0.51144814,-0.37128526,0.28646982,-0.42370898,-0.2507275,0.46454343,-1.7835985,-0.5627322,1.3880961,-0.6375035,-0.92910516,-0.106670335,0.24888751,-0.044578146,0.30013627,-0.06797886,0.92360437,1.4162534,1.138448,1.8120978,-0.3384096,-0.69515187,-0.6725753,0.3188678,-0.9252189,-0.96947825,0.87538177,0.95985234,2.3178296,-0.36985233,0.28906208,0.55370486,-0.8913261,-0.45361972,1.0687935,0.30557105,-0.5199138,-0.44685024,0.27232677,-0.80591327,-0.40489593,-1.7189131,0.021707093,0.29389143,0.2734443,-0.05928603,-0.5888694,0.57830423,0.51371217,-1.2115873,0.89460975,0.8263152,1.0512111,0.07240866,-0.9713651,0.2433327,-0.47027022,-1.9035851,-0.40304175,-1.0314229,-0.6725362,0.043697424,-0.43980986,-0.20893879,-1.2295389,-0.88291913,1.3692011,-0.238132,0.20848742,0.3149281,-0.49610847,1.4420812,-0.68398446,-0.4305861,1.0797493,0.8857223,-1.4775422,0.29856038,-1.3746125,0.20553975,-0.56634533,0.66646874,0.83359563,0.4204958,-0.27717942,1.441612,0.0730376,-0.4263007,0.17615019,0.6293808,0.22689788,0.5659033,-2.199159,1.0081711,-1.8247604,-1.0823126,-0.014567125,0.5740728,-0.43892884,-0.17317763,-0.08375722,0.062392186,0.4577942,-0.961232,0.809859,2.2644696,-0.7779158,-0.79158866,0.709084,0.4017784,-0.7911507,-0.19066972,2.4347384,0.95263994,1.5214221,-0.81076205,-0.3135607,0.18543425,-0.120737866,-0.9906622,0.03953145,-0.21047533,-0.0054868786,0.60906947,-0.22331896,0.5201103,-1.3276793,-0.18315038,1.2713034,-0.9737018,0.34241977,0.5558854,-0.2065281,-1.219527,-1.2330879,0.37020686,1.1676681,-0.47225562,-0.24627776,0.49395227,1.3684514,0.55579585,-0.13717511,-0.40245277,0.34097177,0.7700302,0.6225484,-0.22096956,-1.0056208,0.84313345,0.9886788,-1.2703625,0.8922533,-0.24054952,-0.6209391,-1.4963982,1.1568273,0.23087764,-0.079518214,0.8044607,0.54414237,-0.02457737,0.6800946,-0.44041443,-0.2326998,-0.5277175,-0.4131576,-0.08228381,-0.0008196995,-1.03798,-0.142252,-0.762815,-0.5143339,-0.04630047,0.5792539,-0.87951976,0.6934999,-0.23585531,0.85662526,-0.06904749,0.022206733,-1.094572,0.064169586,-0.73982674,1.6241224,1.3440129,0.22181742,-1.9125423,0.45541573,0.60187703,0.8801714,-0.8170389,0.18117644,0.026336286,-1.158964,-0.35009986,-1.4122344,-0.31469375,0.7679151,1.3232496,-0.9891513,1.1323216,-1.6445897,0.85821533,-0.33284062,-1.0227761,0.55521804,-0.23290722,-0.4769639,1.966477,1.0048807,-0.21830353,0.3249341,1.1170202,1.3869277,0.41894084,-0.22302774,-1.4958854,0.9164635,1.1005865,0.41576105,-1.2471805,0.15462197,0.4068225,-0.45809546,1.4256186,-0.95657074,-0.5693081,-0.448694,-0.03934256,-0.6220931,-0.62980735,-0.3721155,0.12808885,-1.1910083,0.24050812,-1.1055917,-0.8709078,0.19114968,-0.74609464,0.19045472,-0.027062703,1.1100928,0.23545142,0.7970153,0.47578153,-0.5692744,-0.31506038,-0.7881267,-0.62676597,0.9551159,-0.5515172,0.24705704,-0.06188056,1.1594371,1.7284279,0.5073134,-0.7130888,0.14320782,0.23633361,-0.03458334,0.33037257,-0.76576495,-0.40586,-0.18921073,0.09579478,0.055501897,-1.0906808,-0.27832237,0.2235013,1.286611,0.22832067,0.48907351,0.14888327,0.26901916,1.5065787,0.58093417,-0.43110484
オ,-1.9782349,-1.6868725,1.6771547,1.5511229,-0.5607722,-1.5531855,-1.4098225,-0.8503176,0.6935209,-1.839941,0.8188642,-0.20303418,-0.5497726,2.3054276,1.5125632,-0.2583744,1.1181647,-0.59553796,0.5507098,-0.66330093,-0.14262554,0.36000636,1.2078393,-0.43651262,0.52588433,1.7460659,0.7639403,-0.28188178,-0.565901,-0.86867833,0.60583496,-1.0992739,-0.78372926,-1.1144394,-0.46404928,-0.218855,-1.4462302,0.4231046,-1.074878,-1.8542024,-0.5653779,0.16364269,-0.1570097,-0.14936881,0.40321687,0.1975325,1.5857127,-0.4139929,0.5535392,-0.24210292,-1.0495564,-0.14134587,0.40261847,1.0602295,1.6028152,0.42366385,0.11153694,0.9260921,0.0014027358,-1.5517207,0.7494828,1.1638479,-2.5405793,0.4155501,1.2701018,0.8202762,0.40427175,-0.27223605,0.34783867,-1.1235777,-3.1538284,-0.6448401,0.16124405,1.568613,-0.3183846,0.6203394,-0.3386995,-0.5922391,0.29651922,-0.338382,-0.649243,0.2014885,-0.5613519,1.5741663,-0.3726491,-1.3090011,-0.67237103,-0.66354364,-2.0670466,0.68750036,0.6158986,-1.59202,-2.7898273,-1.2351327,0.8323608,-0.76716894,-0.8127829,-0.12983944,-1.643322,-0.66785735,0.8733418,0.46808833,-1.2134641,0.26777363,-1.6022643,0.5699526,-0.7501415,-1.0044429,0.0776902,0.77302974,-0.12936081,1.1487824,0.51971596,1.5206919,1.353402,0.08513937,0.44495013,-0.42083576,-1.7366918,0.06682785,0.67001987,-0.05795198,-0.64589906,0.28342375,-0.6869597,0.22101682,0.53354436,0.14484575,0.45373413,0.13018295,-0.16367199,-1.2430546,0.4025179,1.2237072,-1.0010176,-0.45234242,-0.95168644,0.38651246,0.61085105,-0.25555912,-1.476437,-1.32981,-0.43383458,-0.04033853,0.047716334,-1.5474571,-0.17013597,2.111532,1.4518315,0.03815003,0.14704403,-1.7279499,-0.4635056,0.455902,0.31709158,0.285297,-0.4745413,0.23068912,-0.82637113,1.4191262,0.5692058,0.24420941,-1.2852709,-0.48772457,-0.53509074,0.79394704,-0.24083611,1.6772108,-0.94528866,-1.2116799,-0.4046041,0.96736836,1.5400164,-0.8082442,0.1303012,-0.4228759,0.781686,0.6929271,-0.03581082,-0.6443387,-0.53539,0.78749746,0.7386914,1.1284791,-0.24371569,1.1085969,0.8366729,0.42343867,-0.5860794,0.9269884,0.44305682,0.15537852,0.9372096,0.70289636,1.3780785,1.9498767,0.7916083,-1.4228055,0.015462638,0.7832578,-1.6109117,0.41375664,0.41774207,-0.86780274,2.0320373,-2.1608894,-1.2451205,1.6465194,0.7801376,0.9503549,-0.8207887,-0.8336052,0.23677087,-0.3321677,-1.0767794,-0.18983819,0.385974,0.97211623,0.15934655,-0.91055983,0.2549716,-0.81315625,-0.4885451,1.7531347,-1.6972548,0.5467787,1.3023995,0.32301947,0.6349838,0.6908055,-1.1134305,0.5308681,-0.13462763,-1.9750638,-0.691144,-0.018632252,0.55006576,0.628056,-0.06387377,-1.5760503,-1.5598158,-0.6770064,0.4858765,-0.44545603,0.1915397,1.5189385,1.8419151,0.10955695,-1.3675697,0.7052492,0.8748812,1.0065794,0.7476237,1.2137744,1.9266535,-0.776764,-0.15739933,0.79423106,-0.70596874,0.0012105412,-1.2057438,0.025004266,0.1867931,1.1792388,-0.27273318,-0.51309174,-1.4713587,0.2930622,0.29854006,-1.3807836,0.77850837,-1.0803932,-1.4208395,-0.32046697,0.16513292,0.3019037,-2.410021,-0.7910431,-1.9101648,-0.4890491,0.87615854,-2.2484567,-0.32072186,-0.18817735,-0.37615335,0.9065885,-1.6973159,-0.046564136,-0.518188,0.97987396,-1.6277453,0.99780834,0.5720426,1.0228976,1.5076146,0.13533343,1.7905289,-0.7350529,0.97546667,-0.89407104,0.5366367,2.2953756,-0.2583282,-0.024645252,-1.1603601,0.2633377,0.69799215,-1.5655235,0.83052605,-1.0997778,0.24732298,0.09742505,-0.75901747,1.8950454,-1.9494725,1.1458707,-1.9145076,-0.714516,-0.30302027,-0.8449037,-0.8650385,0.5335414,0.5032835,-0.28662843,-0.29683414,-0.3294729,-0.074292086,0.52401453,1.3366116,0.65616894,-0.31509557,1.6289861,-1.1497878,0.19098946,0.34496167,0.84026796,-1.2438318,-0.15581709,-0.8780739,-0.50206083,-0.03383037,0.9817064,1.235928,0.05413585,-0.6078846,0.763669,-1.3930783,0.30775133,-0.34513763,-0.55997646,2.709006,1.0229027,1.6783957,-0.99103576,-0.79502165,0.38566902,-1.631103,-0.5986518,-0.2897649,1.2598962,-0.15045674,-0.28092048,0.57128364,-0.2194122,-1.3117745,0.4881622,-0.01000843,0.20150684,1.7942924,0.3818058,-1.3320379,1.9761094,1.2534614,0.80833095,-1.1272408,-0.6811724,1.3189996,0.9495678,-0.1822574,-0.40357596,-0.9595788,-0.14063215,1.4800555,-0.32934234,0.6757191,-0.5823742,0.82098556,0.45748836,-1.3151976,-1.7251724,-1.1068887,0.93830204,1.1143796,1.4772316,2.088755,0.6966559,-1.8109126,-0.7986819,-0.49874398,0.8944332,0.79064447,0.77618283,-0.5953998,1.3946388,0.22404887,0.6732137,-1.0465328,-1.7623572,2.1548138,-0.38639358,0.8489403,0.59382033,0.036545523,-1.0103619,-0.19521423,0.7339974,0.011823464,-0.6400253,-0.6956007,1.486663,-1.0050496,0.55488837,-0.31344923,0.09820989,0.29299903,0.5042084,0.5879262,0.17201185,-1.4272101,-1.0239391,-0.3595875,0.41828158,-1.8046356,-0.4925623,-0.036306802,-2.553888,-0.1483716,-0.28518286,0.12092096,0.40616104,-0.8843615,-0.31804448,-1.7867275,-0.6590839,-1.0243236,-1.1320325,0.69856226,-1.4201584,-0.9337755,1.0899142,2.0098405,-1.3014532,0.3400735,-0.32335708,0.40174305,0.7171926,-0.5181262,-0.19502825,-0.18404222,-1.3810552,-0.4837429,-0.40578714,-0.9408854,-0.8977133,0.9045185,-0.9880786,-0.9298896,1.0724798,1.3025632,-1.3416181,-0.9235079,0.5864619,-1.1511871,-0.34929344,-0.53966075,0.4890037,0.58156,-0.16233286,-0.09381507,0.6479456,1.0012378,0.6178748,-0.74134356,0.07973654,-0.251184,-0.189509,2.0234892,1.113413,-0.064238645,1.0089163,0.27680838,-1.07323,1.1097232,0.8590791,-0.12337964,1.5762337,-2.3657672,-1.1004206,1.8220811,-0.39250293,-1.4981629,-0.579048,0.386384,-0.40312466,0.32273263,-0.18824315,1.3511229,0.41010904,0.27138758,2.20359,-0.132458,0.37974876,-0.38512182,-0.39160022,0.3024826,-0.24152645,0.25709137,1.0266888,1.877745,0.15940595,-0.79921645,-0.8934721,-0.84691745,-1.0006896,0.4283999,1.0280983,-0.88336354,-0.99191934,-0.342607,-0.9728971,0.8935525,-2.0575342,-0.57647794,0.5759446,0.45173308,-0.6470782,0.46535897,1.3000063,-0.53329134,-0.9361739,1.0895793,1.7979441,0.91885746,0.30629817,-2.0722544,0.45928302,-0.6668021,-1.091037,-0.79136634,-0.2920201,-0.013058369,1.3410915,-0.51628935,-0.03576761,-1.4232689,-0.23107734,1.952501,1.1286716,0.2737608,0.6037377,-1.2589606,2.666133,-0.91872627,-1.0786878,0.65662414,0.2863142,-2.5668094,0.08272223,-2.201751,-1.1557195,-0.9344719,0.78780895,0.20648526,0.7145249,-0.021944676,1.3701088,0.132326,0.03427417,-0.015023072,1.2202258,0.37110114,1.1037716,-1.9959879,1.76712,-0.31731752,-2.1325145,-0.37054756,0.47784027,0.3833091,-0.0060572205,-1.6714537,-0.4307033,0.9286044,-0.39042798,0.889125,2.6569939,-0.6522267,-1.3957632,1.2749459,0.25213504,-0.7065741,0.15907106,2.5993123,0.35357738,1.3024303,-0.81823593,0.44307292,-1.3326627,1.0314875,-1.4850414,0.9191175,-1.5204226,-0.42240772,0.50494474,0.22527073,1.334656,-0.9573228,0.30095178,1.1487968,-0.7352767,0.54672694,0.46097478,-0.7510199,-0.26864925,-1.5567076,1.2112343,1.092236,-1.3107588,-0.14892016,-0.16039105,2.0180583,0.111604504,-1.4205185,-0.4612353,1.1966491,1.4773781,0.6344667,-0.1953733,-1.4449975,0.8196966,2.3138957,-0.49179038,0.4544689,-0.111990765,0.21747881,-0.97053635,1.003758,1.4210389,-0.07260775,1.1781942,1.6099472,0.011667743,0.6152749,0.38717425,0.27825257,0.5929575,-0.97858435,-0.2772138,-1.3433332,-0.84968615,0.5697783,-1.3814955,-0.16539243,-0.55306435,1.2668937,0.118027166,-0.67684346,0.2192049,0.07002039,0.7525668,-0.8353477,-0.37613153,-0.21349674,-1.4137267,2.3934288,1.1773472,-0.60288036,-2.882627,1.2812129,0.21968037,0.52568585,-0.5907415,0.5786642,0.7049482,0.05527631,-0.4417616,-0.78672993,-0.349888,-0.88777953,2.8954995,-0.48376027,1.0971998,-2.2302878,0.7393218,-0.2796038,-0.76458424,0.45952934,0.95083696,-1.0112021,1.822718,1.2600285,0.7578512,0.083288595,1.3856229,1.3780553,0.530582,-0.32739353,-2.0545115,0.7635493,1.2313609,0.78921086,-0.22758353,-0.17300351,0.24766918,-0.08853047,1.3139933,-0.7187731,0.2432768,-1.0811913,-0.42510805,-1.4785823,-0.031117868,-0.7855201,-0.33244202,-0.06393307,0.7159503,-0.33337685,0.50073564,1.3970326,-1.3673217,0.50601435,-0.3314926,0.682104,0.5218389,0.3666835,-0.14229687,-0.5471355,-0.00070001924,-0.92112184,-1.1260937,1.8456448,-0.6782894,-0.6213275,-0.4720965,-0.11124564,1.3931595,1.0784605,-1.1540757,0.7565008,0.34945238,0.31634602,0.88686913,0.45723897,0.3538824,-0.040800273,-0.8281221,0.060726963,-0.4823808,-0.7842588,-0.79827917,0.23362684,0.3723304,0.9152224,-0.5374426,0.57633024,0.4936542,0.66054076,-1.1105376
ヲ,-0.6299173,-0.7069275,0.7282338,1.5325903,-0.61572635,-0.38287386,-1.3249038,0.24845356,0.9755822,-0.96584773,-0.09530806,0.18282919,-1.7298244,2.25488,-0.16480207,0.13771708,1.1363038,-0.4097511,0.046801735,-0.5473501,1.078149,0.36694717,0.8873849,-1.018231,0.5545797,0.570889,0.33983168,-0.47459242,-0.1181396,-0.81732255,-0.3744311,-0.94322866,-0.4179996,-0.5660305,0.33385238,-1.4176354,-0.57090616,1.0325369,0.34289718,-0.8241928,-0.78173584,0.28623497,-0.6692171,-0.014418307,-1.257491,0.27406597,1.9093214,-0.07663728,1.1397707,-0.20389962,-0.4573928,0.19188903,0.3971467,0.90495354,0.34546778,-0.30643666,0.7961094,0.7122757,0.26334116,-0.78312254,0.8125842,1.0214992,-0.94215995,0.05179663,1.2543597,1.2408328,0.37694308,-0.42187867,-0.6242873,-0.60548323,-2.2057273,0.15435283,0.12974507,1.1082582,-1.0677933,1.0648836,0.07877866,0.015805364,-0.12101827,0.48891485,0.3441863,0.7839444,-1.0756717,1.221011,-0.8157442,-0.0061785183,0.05120961,0.052025598,-1.748602,0.05588193,0.7246627,-0.7395086,-1.6028466,-1.5950571,0.8416026,-0.66346914,-1.2653284,-0.881042,-1.3097347,0.06046767,-0.31254688,0.7985153,-0.6566177,-0.35151103,-1.2141492,0.045376033,-1.04449,-0.6135743,-0.88486385,0.62507814,0.21334904,0.03806126,0.51864517,1.0236949,0.9015196,0.7199216,-0.35165402,-0.8815697,-0.13744996,-0.10484078,0.6958112,-0.3691443,-0.6242669,0.91399956,0.15280932,1.3473238,-0.34270874,-0.8812484,0.8576004,-0.8807612,0.9269331,-1.0033233,2.1085005,1.0193061,-0.72858167,-0.3867654,-0.12641461,0.43297473,-0.009214222,-0.53876644,-0.8715424,-0.51746196,0.114644825,-0.077816926,0.5614584,-1.3740729,0.51562005,1.0154948,0.9978573,-0.0036431402,0.32895687,-1.0230111,-0.6431359,1.0443976,0.7451102,-0.17207383,0.06919408,-0.17460132,-1.3338269,1.4584079,0.63851756,1.1752042,-0.84942335,0.39096102,0.10655881,0.19858985,-0.90418434,0.41484475,-0.49890348,-1.7863773,-0.57958645,0.17348005,0.6156344,0.037653446,0.5269441,-0.4649321,0.87477183,0.19848216,-0.46372616,0.22970307,0.14075541,1.5178452,0.39779368,1.2093074,-0.25245163,0.76610833,0.021208862,0.60743827,0.17362714,0.150763,0.5418582,-0.42882773,0.9267268,1.2129537,1.3093288,2.2078106,0.92870885,-1.7255201,-1.2316799,1.2291366,-1.480321,-0.24814202,1.0539641,0.27553102,2.132973,-0.26376748,-0.8350034,1.793568,0.53620976,-0.053401392,-1.1460305,-1.2979001,0.4408603,0.39079222,-0.20149024,-0.33353528,-0.44127965,0.14637984,-0.9881639,-0.20934385,0.6356024,0.2843155,0.7943261,1.7693762,-1.4881992,0.27424374,0.5947744,0.34945917,0.22293408,0.12807025,-1.3808427,0.073012374,0.40651858,-0.69746464,-0.7646415,0.450287,-0.90942246,1.2207017,-0.36156628,0.5985913,0.08294628,-0.29803392,-0.07352391,-0.5116101,0.69875526,0.67123336,1.6634458,0.64075315,-0.92977756,0.37747213,0.89971656,0.79644936,0.8410137,0.31221417,1.4560794,0.7429812,-0.24762352,0.55404896,-0.4960663,-0.14845635,0.5773218,0.92572206,-0.63606834,0.24517107,0.6609877,-1.2582995,-0.581572,-0.24628071,0.15497112,-1.3570298,-0.65959835,-0.798855,-1.6581398,-0.14652485,-0.26579842,0.2772425,-0.81446284,-0.74114984,-1.3420521,-0.0022265117,0.67976207,-0.7205754,-0.27368322,0.19644235,0.20024355,0.45513558,-0.68937093,-0.062421937,1.102865,0.95521593,-2.2305264,0.59399444,0.10000467,0.40984297,1.0987881,0.26606205,0.7085259,0.38004124,0.2743516,-1.2820665,0.5917388,0.61995703,-1.1818625,0.64721215,0.5766451,-0.10116688,0.43367282,-0.8398046,-0.23604739,-0.52472764,0.27471802,0.057751197,-1.6339856,1.2948663,-1.5680393,1.0157875,-1.1352878,-0.13931976,-0.49008635,-0.54482156,-1.730554,1.542898,-0.09493562,0.18907939,-0.120447956,-0.40644312,-0.23544496,0.6935377,0.82062054,0.7932555,-0.24594454,0.52290684,-0.35277793,-1.3124096,0.46098602,1.1844747,-1.1005316,-1.9917955,-1.3206661,-0.3046969,1.1258026,-0.31321332,0.32996735,1.0075746,0.12035229,0.7079999,-0.88964295,0.8049092,0.29549816,-0.059739184,1.3109827,0.5728581,1.2081393,-1.04465,-0.4306376,0.84147483,-2.5961628,-0.1809776,-0.37888446,1.8014588,0.98748416,0.39964512,0.48997465,0.8860092,-0.98361284,-0.51516765,0.51949066,-0.48896393,1.7709452,0.72898364,-0.54867494,1.7274278,0.32490334,0.9100588,-0.87305194,-0.38097492,1.7299219,0.5215584,0.04642415,-0.55426216,-0.4198438,0.04561286,-0.1450379,-0.3661399,-0.45864654,-0.2111976,1.075603,1.1026989,-1.9230565,-0.6862984,-0.99249595,0.4654386,1.1982571,1.5513366,1.4862761,-0.16321316,-1.1883057,-1.9823914,0.71008277,1.3416165,0.24627163,0.19427061,-1.2567884,0.12252148,0.5250187,-0.43062815,-1.1138966,-2.3740578,1.668594,0.5824298,0.10524985,2.0249813,-0.9265308,-1.0329663,0.11662564,0.77778894,0.012944236,-0.7043412,-0.4271079,0.8650758,-0.86945134,1.3304495,0.7953777,0.14975688,-0.18304509,0.33609962,0.16809554,0.88456756,-0.8789604,-1.4875754,-0.07259083,0.09374875,-0.90477103,-1.1728816,0.3439157,-2.019894,0.69919664,-0.9965353,0.0024920255,0.16239302,-0.5377679,-0.650557,-0.64376,-0.50901926,-1.354263,-1.1504282,-0.3585209,-1.1985446,-1.3668629,0.5898652,1.6766931,-1.4801302,0.13379489,0.7015521,0.38966274,1.0771952,-0.6510764,-0.023327755,0.8568852,-0.9926823,-0.20878316,-0.47665057,-1.1015782,-0.6645161,0.40221027,-1.4905424,-1.3329594,0.7306021,1.3608841,-1.4649516,-0.14699905,-0.30247504,-0.37945864,0.5754996,0.24620642,0.47508648,-0.040000122,-0.5547792,-0.3423423,-0.17183982,0.661387,-0.09896947,-0.4132301,0.30414963,-0.355188,-0.49564633,1.4128567,0.34775415,-0.3331331,0.31210503,0.28780863,-1.0975592,-0.20367414,-0.18901815,-0.055073183,0.60659933,-1.8179293,-0.77056855,1.2940372,-0.14905593,-1.0677503,-0.40287983,0.33728793,0.4356223,0.34789512,0.39741743,1.5745211,1.675382,0.7680606,1.662665,-0.8344598,-1.2404772,-0.12562789,-0.061614018,-0.8938122,-0.86747235,0.9736671,0.77858925,2.0387735,-0.20526063,0.09103525,0.5829298,-1.010414,-1.4065042,0.54220414,0.56059426,-1.063362,-0.5752432,-0.0460728,-0.6997502,-0.045526356,-1.4284884,0.52586114,0.5851514,0.045804363,-0.6552355,-0.24380922,-0.26134703,0.18669923,-1.1004231,1.0993594,1.0936481,0.66080385,0.2768953,-1.2372245,-0.020978838,-0.7107231,-1.8336772,0.09762195,-0.35343778,-1.1225675,0.03327882,-0.43352923,-0.3422904,-1.4513254,-0.25144354,1.0727581,-0.02956315,0.17253773,0.16016753,-0.71166056,2.0809195,-0.8276789,-0.6857255,0.84627485,0.07513824,-1.990282,0.00681973,-1.4972392,-0.18037677,-0.9886572,0.57998925,0.9339282,0.88706493,0.08043913,1.7091707,-0.36931327,-0.52636117,-0.01749142,0.28960595,0.5138758,0.6136442,-2.085076,1.328999,-1.2411298,-1.841445,0.2275151,0.5804383,-0.70600843,-0.3311886,-0.115115196,0.57094795,0.3057144,-0.5947637,1.139861,1.4227768,-0.36800382,-0.2529452,0.4967858,0.32231483,-0.6275802,-0.014023597,2.8822644,-0.014849797,0.8379504,-1.114431,-0.65124106,0.1568477,0.12328825,-0.9710569,0.2936266,-0.71118164,0.18824798,0.9349434,-0.070474945,1.3146704,-1.2330934,-0.119859405,0.8480776,-0.87819034,0.1620078,0.74978256,-0.07642584,-1.4300371,-1.8619742,0.53747994,0.6636465,0.2828153,-0.43330225,0.756574,1.9583,0.57287216,-0.3932229,-0.011350284,0.44375452,1.337244,0.37856936,-0.61574477,-1.385193,0.21139075,1.424455,-0.7865465,0.8775385,-0.89011574,-0.7732751,-1.5498692,0.95028585,0.7051997,0.08105818,1.3424311,0.5346373,0.2500544,1.0575137,-0.7996888,0.19248688,-0.7927565,-0.8329521,0.46374452,0.030511618,-1.4610451,0.40011358,-1.3073341,0.008305828,0.1097692,1.0207833,-0.6844804,0.22655396,-0.084844925,1.1347142,-0.02823784,-0.6919045,-0.442065,-0.4268273,-0.7604952,2.0560067,0.9281338,0.30395806,-2.0589826,0.5169155,0.15513544,0.33053806,-0.37011978,0.79339725,-0.38559636,-1.1416123,-0.036035717,-1.127603,-0.27925813,0.6327452,1.2190915,-0.9701419,0.674222,-1.6660843,1.0382489,0.27981725,-0.34550965,-0.15321894,0.035784293,-0.22388537,1.332724,1.121297,-0.33951584,0.3296717,1.1444156,0.6777363,0.4653577,-0.5863834,-1.5218668,0.89462465,0.7045923,0.555,-1.2828327,-0.16122502,-0.29070023,0.2066321,1.6692353,-0.41008148,-0.81158775,-0.5079913,-0.42864802,-0.67551035,0.010563612,-1.3733349,-0.6724494,-1.0861663,-0.10665562,-0.97190577,-0.06552342,0.80409986,-0.6442229,0.5131298,0.28042838,0.9739798,1.023618,0.49485168,0.5919664,-1.0654783,0.5546177,-1.18128,-0.98387146,0.9660132,-1.215986,-0.38139132,-0.26055405,0.68140894,1.7500101,0.054526135,-0.14829667,0.7819538,0.29022786,0.20987253,0.7040966,-0.28355253,-0.8831894,0.46229473,0.052772153,0.65743214,-1.1210638,-0.10738235,-0.15684526,0.23693526,0.69906133,0.51641405,-0.0495224,0.24590798,1.4079286,-0.009422009,-0.9860568
ツ,-0.23634323,-0.25988373,0.89898664,0.5184835,-1.053144,-0.77517813,-1.3562073,0.86824447,1.5043347,0.56221265,0.8448677,-0.68756676,-1.7497494,2.5003297,-0.930508,-0.24079609,0.7128052,-0.6320292,0.106817506,-0.23865299,0.42401886,0.57751,0.42166385,-1.0144346,0.90699834,0.8705198,0.68942946,-0.0674049,-0.7723886,-2.3036275,0.29619125,-0.502684,-0.78983223,0.027830219,-0.08888466,-0.82899636,-1.4511076,1.5549408,-0.29672414,-1.3057662,-0.81746244,0.4846955,0.4044989,-0.5049882,-0.43102503,0.02446078,1.9612128,0.02553299,1.1012428,-0.6859212,-0.96354103,-0.7906736,0.46731752,0.9191844,0.69919765,-0.06277168,1.381839,1.7922618,-0.336312,-0.35523653,0.6533165,0.41423255,-0.9517709,-0.66322553,-0.09521292,0.10640137,-0.44548693,0.4003756,-0.34360927,-0.6219792,-2.6815996,-1.0564967,-0.12914161,1.5037004,-1.5494176,0.4851184,0.67167485,-0.27769214,0.40963897,-0.49231973,0.1404613,-0.63602614,-1.0770789,1.2544695,-0.694767,-1.2238256,-0.5967872,-0.9507906,-0.9162649,-0.23735468,-0.7601937,-1.489454,-1.1839331,-1.2613453,1.2967347,0.5514444,-1.0379188,-1.1450708,-0.9075483,-0.45388556,0.2424992,2.068499,0.47034335,-0.530109,-0.6139846,-0.6000525,0.14163344,-0.43619853,-0.81616384,0.7924001,-0.010473991,0.5987364,1.1123092,1.1785759,0.04957534,0.80489236,-1.9241629,-0.72609013,-0.8006668,-0.018737238,1.3627517,1.1348574,-0.48874873,0.8857676,-0.2877099,1.1986544,0.09256496,-0.86626244,0.14202595,0.7618139,0.5965732,-0.007494229,2.1144493,0.7072149,-0.69204384,-0.85582,-0.40059513,-0.24311295,-0.0034595667,-1.6429129,-0.32768837,0.38461682,0.2293168,-0.025387675,0.6813654,-0.8379096,0.014128799,0.6257414,1.1746422,-0.35009012,-0.52962315,-0.79469377,-2.009166,0.7713122,0.674389,0.3281666,-0.32679313,0.22613832,-1.410121,0.8629136,-0.31789738,1.7649314,-1.1157993,0.7397323,-0.23371021,0.56844306,-0.8275565,0.451895,-1.0555828,-2.0359426,-0.68269014,0.63749015,1.2398249,-0.50630337,0.6427051,-0.29157963,0.67555535,0.5336863,-0.9871761,-0.22902457,1.4616791,1.0055463,0.52309644,1.4959745,-0.41140682,0.49071455,0.92036545,-0.18872286,0.7841137,0.0052461787,0.9255641,-0.90506375,1.0789855,1.3175329,0.6439508,2.4784908,0.9104107,-1.4076369,-1.4217056,1.4815733,-2.031191,-1.1966128,0.93531036,-1.6913897,1.634547,-0.9362111,-0.2549923,1.4321451,-0.08161168,0.20521787,-0.771429,-1.1818044,1.0880141,0.5914716,-0.40105718,-0.50183505,-0.4114736,0.18983576,-0.49334168,-0.12419065,0.6062254,0.78341293,0.37186748,1.1093596,-1.0231141,0.30229646,0.53617287,-0.7247669,0.019407142,0.8004135,-0.5774277,0.6006428,-0.046762943,-0.10568581,-0.48913842,0.28986028,-0.6922595,0.60492337,-0.22329512,0.64654225,0.46429592,0.011796367,0.056470107,-0.50259626,0.27281797,0.9559822,1.5451412,-0.13287205,-1.7741617,-0.6771798,0.23925424,1.03796,0.28812414,0.21474195,0.056696676,1.6818895,-0.4380784,0.16963194,-1.1001415,-0.75930005,0.063863955,0.7039856,-0.018689904,-0.13527887,-0.07732537,-0.5458398,-0.5036775,-0.06412131,0.7771193,-0.54064715,-1.2003782,-0.86039907,-0.64827603,-0.32261306,0.7136186,0.925175,0.093272924,-0.6581214,-0.6588508,0.24803586,0.87280023,-1.8241066,-0.18050091,0.21090546,-0.9055681,0.54373384,0.20664687,-0.109685645,0.043204002,0.70913357,-1.2736303,1.1566775,0.11203648,0.2647038,2.0733294,0.12993607,0.440724,-0.94733447,0.21807452,0.058170117,0.9520524,0.4123684,-1.1082597,0.6317403,-0.071890965,-0.17086866,1.2150081,-1.5465742,-0.41754562,-0.90890694,-0.2706188,0.0073890267,-1.4286901,1.478363,-2.3561926,1.7745621,-1.8853886,-0.5412544,-1.1596763,-0.64967906,-1.0585625,-0.028440407,0.22991593,-0.22267552,0.3869983,-0.15034851,0.41137654,0.25135103,0.19681641,1.6535776,0.40934902,0.4359707,-0.7243555,-1.4173667,-0.2218053,0.062159818,-1.7312934,-1.0092028,-1.2858021,-0.055764765,-0.27743182,0.64584243,-0.1340896,0.36098298,0.08459202,0.36006245,-0.7329401,-0.8491586,-0.26240298,-1.0576271,0.99537563,-0.07293193,1.49921,-0.995782,-0.2539414,0.8927085,-0.7554945,-0.107280135,-0.4361208,2.2587523,1.1665983,0.74302536,-0.08810027,0.19148092,-0.14728723,-0.84070194,1.4012376,-0.03624206,1.9369621,-0.07490463,-0.8217741,1.008268,-0.37344176,0.9509565,-0.20253484,0.29808196,1.8139349,-0.46584392,-0.4359893,-0.41185704,0.12884414,0.41525632,-0.20712118,0.75369835,0.77040917,0.3498373,0.9633414,0.5874597,-0.34401777,-0.9721268,-0.6222507,1.0288885,1.5221301,1.0654689,1.2108022,-0.28785452,-0.5635873,-1.7099545,0.7841073,1.7545426,0.9113989,0.2851845,-1.6075939,0.13973704,0.6192986,0.9795767,-1.4644382,-1.5925175,1.7064755,0.48092145,0.63641006,1.8955876,-0.53653926,-1.5991485,-0.6545036,-0.05426793,0.068335615,-1.4626952,-1.152138,0.6905554,-0.22757061,1.0206549,0.9661032,1.0777466,-0.3428058,-0.5800342,0.08785507,0.15654433,-0.4866418,0.14384723,0.21427467,0.15944174,-0.55303377,-0.34577078,0.8781347,-1.6905949,0.6353881,-0.21959305,-0.10376714,-0.015003842,-0.33754343,-0.5666153,-0.07473415,0.1016077,-1.2580326,-0.3596162,0.7627466,-1.730105,-1.3359158,0.15428472,1.1573856,-0.623719,0.6309612,0.51422024,0.005161673,0.7810365,-0.37435287,-0.44802007,0.16436306,-0.8773409,-0.0075715138,-0.4032158,-1.2912384,-0.57233596,0.5250591,-1.2240899,-0.8001567,0.6851627,0.77076495,-1.0941547,-1.2155085,-0.27973548,0.2827934,0.32648054,0.66362447,-0.24432424,0.07036643,-1.0917578,-0.09625374,0.096223235,0.5729724,-0.8950928,0.00769249,-0.55387163,-0.550881,0.8460431,1.5604899,0.49724904,1.6431439,0.59649706,0.34670043,-0.025358343,0.5148339,-0.06315359,-0.07351339,0.75721467,-1.2495353,-0.58955,1.6343043,0.09226982,-0.8035151,-0.10758042,0.639946,-0.5171542,-0.55028653,0.09571067,1.0926195,1.8269955,0.8095811,1.7015884,-0.019500364,-0.079089105,-0.4070704,0.11119127,-1.1748401,-0.52932805,-0.44659042,0.0888033,2.2760968,-0.39979234,0.35811815,0.83259976,-1.3584759,-1.0410917,0.38555083,0.0968635,-0.5406762,-0.37010425,0.51970446,-1.0662628,0.106309615,-1.0650506,-0.41464096,0.5197562,0.96730363,0.00789047,0.21736756,0.69399154,0.36590496,-1.0991687,-0.28827232,0.9076435,2.3889937,-0.6335104,-0.75309974,0.7104599,-0.25857982,-2.0515208,-0.0048352005,-1.3288987,-0.32574803,0.12116332,-0.3631136,-0.22276378,-0.53990465,-0.91438615,1.6057125,0.16273561,-0.2769402,0.6081289,-0.7547513,1.562061,0.28909317,-0.6067016,1.5285099,0.68717414,-1.348686,0.8785362,-1.3885089,1.28134,-0.8561888,0.5405164,1.4999506,0.6721879,-0.29122466,1.6527474,-0.1284297,-0.30418804,-0.9386519,0.749286,-0.71269125,-0.23430637,-1.5989794,1.3274128,-1.1735605,-0.9633461,-0.25662994,0.43049383,-0.70715094,0.2863712,-0.8281719,0.5030541,0.11251918,-0.8543995,0.24583736,1.8253615,-0.24123311,-1.0445114,0.6020864,0.005896449,-0.731104,-0.46930417,2.5036783,0.011140282,0.7386483,-1.6153214,-0.41287565,1.4422609,0.038292684,-1.2031353,-0.50952566,-0.45571846,-0.14261258,-0.1695979,-0.33801308,0.9274219,-0.64349735,1.127993,0.4181529,-0.744803,0.15286615,0.37950367,-0.9287424,-0.36234292,-1.2737939,0.10612569,0.5664662,-1.1625841,0.804747,1.257378,1.1314634,0.865636,-0.21603343,-0.7426689,1.0411125,0.74760437,0.14205673,-0.6865902,-1.7238703,-0.18134992,0.3327706,0.06510232,-0.03832224,0.48968324,-0.35076058,-2.0393276,1.2578143,0.07014464,0.04910474,0.51992047,0.32300887,-0.20662582,0.5985366,-0.36231956,0.31628686,0.048801385,-0.6239937,0.4412294,-0.21694842,-0.89140034,0.46009898,-0.9442177,0.062442087,-0.7389837,0.6343204,-1.6201731,0.66164,-0.003677386,0.6938804,0.29704317,0.2783149,-1.3022864,-1.19193,0.01173498,0.9518728,0.8538911,-0.29135635,-1.0236486,0.34175628,0.7181921,1.2454549,-0.15378837,-0.29044664,0.27873588,-0.4549713,0.31234893,-1.0935079,-0.4126853,0.19939306,0.24107023,-1.3422313,1.2044888,-1.9683149,1.0779434,-0.55092126,-1.5095232,-0.24356815,0.37212092,-0.14873548,2.1257048,1.1960392,-0.53752625,0.23287496,0.7529746,0.41423565,-0.03524703,-0.16712816,-1.4359968,1.1485287,1.6309996,0.31447497,-0.9456186,-0.31270638,0.49789047,-0.44670495,1.2936496,-0.4775711,-0.37145856,-0.6173774,-0.26720014,-1.1392769,-0.45038953,-0.84187907,0.11128916,-0.7505636,0.49164805,-0.54158336,-1.1566107,0.9153652,0.0043017743,0.18893638,-0.42955214,1.0599992,-0.23942359,0.6684182,0.36949724,-0.8394376,-0.24808583,-0.7492134,-0.77706337,0.3954249,-0.9898655,0.9000149,-0.07641379,1.7647419,1.132717,-0.053774703,-1.0918937,1.0492871,0.34470147,0.8786769,-0.21439645,-0.74959975,-0.5977601,-0.34494013,0.3161795,1.2140827,-1.7351224,-1.0949074,0.26420152,0.45758682,0.4419926,0.81958884,-0.2410985,0.27535096,2.1029556,0.57066935,0.28858754
チ,-0.5516475,-0.48160872,1.2132204,0.8741566,-0.6511654,-0.76894957,-1.3304098,0.4870703,1.2250484,-0.01886275,0.540155,0.25325316,-1.1167092,1.8145177,-0.20415297,0.28816384,1.183858,-0.5267795,0.113621764,-0.17168239,0.91939026,0.32088095,0.621081,-0.99860746,0.78483135,0.23859453,0.46882078,-0.5269855,-0.47011322,-1.2749974,-0.16050205,-0.8911053,-1.3181555,-0.3608425,-0.31797606,-0.8335146,-1.1354206,1.0903736,0.253583,-0.97514325,-0.94942075,0.19775036,0.3018609,-0.18239178,-0.3579624,-0.026658671,1.5229024,-0.061616413,1.6236602,-0.4045203,-1.0540487,-0.8777095,0.68043184,0.97607166,0.66225946,-0.27247378,1.057193,1.512267,0.16671981,-0.26652673,0.24243961,0.6933814,-0.5830838,-0.30656692,0.25259545,0.54568416,-0.35352373,0.2001903,-0.71252453,-0.38004324,-2.0536382,-0.100200094,-0.07643693,1.6231289,-1.6557499,0.9554531,-0.17640379,-0.033121355,0.59602916,-0.42066637,0.47468367,-0.45882913,-1.157179,1.2198918,-0.80466086,-1.3359067,0.07359402,-0.73592824,-0.7161523,-0.7599824,-0.0529538,-1.1344532,-1.6441704,-1.0749552,1.2898321,-0.29196134,-1.1921561,-1.2689794,-1.6472625,0.029078038,0.25154242,1.2339927,-0.38918978,-0.6650028,-0.36733726,-0.07703327,-0.4599896,-0.021358239,-0.89607716,0.53758264,0.49017802,0.8696597,0.55586445,1.2955818,0.7384987,0.72243917,-1.2266976,-0.30938274,-0.5972884,0.32064727,0.80942476,0.80312836,-0.94123536,0.6530223,0.15576418,0.848153,0.08465409,-1.2231437,-0.24800844,0.6547799,1.1663295,-0.40700275,2.2440202,0.6936909,-0.45786723,-1.1055344,-0.34541798,-0.18817313,0.37815508,-1.2399776,-0.5014397,0.315991,-0.062025767,-0.52440554,0.20498201,-0.76722807,0.57045466,1.054045,1.4066031,0.11330112,-0.19852303,-0.2793983,-1.3205336,0.28433374,0.5269782,-0.5629005,0.31045657,0.4098513,-0.7147312,1.21496,-0.14107159,1.3344717,-0.8332874,0.14263742,0.08317162,0.30687097,-0.5068678,0.65544623,-1.0741395,-2.0697415,-0.28683752,0.36330777,0.16987269,-0.2920722,0.7725854,-0.363445,0.25362307,-0.15156822,-1.0312992,-0.70036906,1.0892975,0.8098303,0.3139615,1.0041893,-0.43551117,0.25460607,0.09464886,0.3798332,0.592719,0.31915182,0.955802,-1.0293684,0.97670835,1.165845,0.84256744,2.8149924,0.40943614,-1.5740236,-1.6163532,1.152235,-2.8589785,-0.41617388,1.0796103,-0.89197296,1.7191633,-1.3877878,-0.62205166,1.3240794,0.73982,-0.49674103,-1.2908374,-1.2716261,0.8043768,0.86270076,-0.25662205,-0.42652845,-0.5465416,-0.011234015,-0.13033977,-0.42143467,1.2992575,0.31918973,-0.2716833,1.9954501,-1.2008406,0.7231632,0.43074566,-0.18725252,0.5101518,0.47979155,-0.72853565,0.9939333,0.5141145,-0.4139225,-0.74719894,0.3113241,-0.78947383,0.6597291,-0.49929613,0.76244736,-0.06882421,-0.34903392,0.43401885,-0.16339357,0.80988556,0.23433812,1.5955545,0.09469632,-1.2716364,-0.20458741,0.32085606,1.0374388,0.042643785,0.32275337,0.13542871,1.0889689,-0.5953398,0.1898311,-0.8543052,-0.35310268,0.1894537,0.503739,0.14902435,0.29524398,-0.0707074,-0.6389696,-0.6828084,0.3628179,-0.23005189,-0.71751213,-0.99514943,-1.408414,-0.9834266,-0.15544188,0.45505214,0.54753935,-0.8301776,-0.65482914,-1.0951188,0.8183885,0.99003154,-1.5479928,0.0052979034,-0.6841129,-1.1232923,0.16224326,0.17590095,-0.38347736,-0.025681946,0.5383252,-1.4228204,1.0321153,-0.33373612,1.2016352,1.7986726,-0.11903189,1.1331269,-0.96313363,0.15290144,0.032767445,0.5612945,0.58212954,-1.015085,0.39678955,0.250339,0.43380758,1.4273032,-0.952474,-0.6217678,-1.2982701,-0.031392615,-0.20619236,-0.65404904,2.6670296,-2.0996127,1.9091542,-1.2930396,-0.26203236,-0.9494809,0.06344197,-1.6208656,0.35451847,0.33634946,0.21123736,0.40580395,-0.078636125,-0.026816288,-0.11770864,-0.034468193,0.6908574,-0.85411257,0.4512718,-0.71280414,-0.7972861,0.17791799,1.0040929,-0.6190715,-1.4881672,-1.4122765,0.04151227,0.17105465,-0.3574222,-0.49378422,0.7928792,0.37035793,0.78123933,-1.2647512,-0.8330992,0.21110483,-0.78571945,0.8036271,-0.48827156,0.78306466,-0.5260219,-0.41960174,0.6836811,-1.2332174,-0.72111225,-0.6088152,1.7645334,1.2443773,0.42250198,0.16636516,0.31474608,-0.5673693,-0.86421597,0.9801757,-0.04764517,1.3039284,0.2185667,-0.26431018,0.57461965,-0.47233167,0.63357127,0.11781398,-0.5468655,1.804251,0.0655601,-0.59227914,-0.25544882,-0.47331715,-0.3890961,-0.14953203,-0.16336595,-0.18374951,0.17042293,0.92351884,0.7448536,-1.2854903,-1.2801878,0.057958014,0.24469946,1.6833516,0.7835282,1.0591013,-0.4572081,-0.7377709,-2.0291119,-0.32492015,1.7294434,0.44907328,0.33242694,-1.6513363,-0.26412693,0.47979397,0.1113386,-0.9651567,-1.8882313,1.2816409,0.46223053,0.706768,1.4833997,-0.15369122,-1.6432084,-0.56002617,0.3364145,-0.2202879,-0.98233014,-1.0141988,0.7535944,-0.82351094,1.2070981,1.3775213,0.754414,0.28955737,-0.27607155,1.13718,0.90191174,-0.69094795,-0.7749324,0.11752126,0.20757775,-0.5203028,-1.3503174,0.71336925,-1.8332969,0.93308073,-0.69342405,0.1506951,-0.3033877,-0.5798942,-1.013477,-0.49103874,-0.22445871,-1.0151391,-1.2369536,0.21170823,-1.2564496,-1.5252713,0.6733666,1.0586045,-1.6521405,0.67630917,0.56716007,0.13120286,0.5024913,0.28660735,-0.44807896,0.32936287,-0.81298023,0.374736,-0.21577202,-1.0003282,-0.53705883,0.6317896,-1.2924284,-1.3308581,0.2654466,1.135017,-1.68912,-1.0237685,-0.17862152,0.18723924,0.36761838,0.8674058,-0.30279773,-0.11145426,-1.0970848,-0.10770325,-0.29324982,0.83182526,0.24124993,0.3719077,-0.25983167,0.41811126,0.35587764,1.7338878,-0.060636062,1.24188,0.88102967,0.97837,-0.25912055,0.32435694,-0.3675677,-0.28937986,0.23568667,-1.4324826,-0.7563594,1.1008471,-0.081447616,-1.2114172,-0.5903141,0.65532225,-0.17898439,-0.105668865,-0.37189087,1.2160332,1.9927412,0.84083927,1.7646291,0.108945444,-0.13960597,-0.38294443,0.26155713,-0.90401477,-0.6491157,0.22139618,0.49674633,1.8814783,-0.32864287,0.32015714,0.49824002,-0.79641163,-1.3275812,0.25730112,0.32371932,-0.72089636,-0.7228689,0.6019284,-0.9807438,-0.18674564,-1.3718259,-0.085489616,0.45633045,0.30314836,-0.30340815,0.0071474463,0.68294317,-0.17372906,-0.9580743,0.29602978,0.97904235,1.1380049,0.53182644,-0.8203446,0.3755439,-0.39856583,-1.8593999,-0.03017204,-0.9109412,-1.28366,0.17669058,-0.4985462,0.30357885,-0.67464596,-0.8311146,1.5635805,0.64646405,0.31235275,-0.055230934,-0.99110615,1.5402149,0.04626174,-0.6566891,1.1766611,0.54483783,-1.3983153,0.45772573,-0.8090299,0.6233983,-0.28699595,0.3799467,1.2108625,0.27136225,0.07034864,2.1565716,-0.45847353,-0.027464995,-0.7364872,0.9644003,-0.31281477,0.43791273,-1.6703243,1.004719,-1.18179,-1.1671355,-0.5091702,0.35812783,-0.76103973,0.48297408,-0.3498674,0.56362844,0.38008094,-0.28923765,0.6056538,1.9325132,-0.29982027,-0.9507934,0.42652252,-0.13217476,-0.60191774,-0.10003915,2.4413111,0.6671344,1.2779173,-1.4919918,-0.91191685,0.8692458,-0.33527583,-0.9072732,0.0035953883,-0.57332975,0.010631467,0.94314945,-0.18199304,1.4358455,-0.8682603,0.18662618,0.7975202,-0.481807,0.1369417,0.41946492,-0.6183883,-1.0210779,-1.046325,0.73022664,0.94671255,-0.745986,0.6117314,0.95439464,1.3976372,0.86918676,0.32802275,-0.21409295,1.1164105,0.72323745,0.9033195,-0.8742221,-1.4293667,0.31510526,0.98116034,-0.28639483,0.14839658,0.6521917,-0.17125313,-1.8023497,1.1950824,-0.09334489,0.13023916,0.6868946,0.25325343,-0.49072108,0.57996124,-0.25472376,0.15607558,-0.31514564,-0.758639,0.08046987,-0.30662975,-0.80010074,1.2339965,-0.98824054,0.05596596,-0.23263013,0.9898752,-1.4813846,0.5678118,-0.7466773,0.58535004,0.7599284,0.60637075,-1.5068578,-0.6114712,-0.4496968,1.5288175,1.1022867,-0.16652223,-1.2966942,0.19611359,0.9230103,0.99754477,-0.012611245,0.17693159,-0.03413148,-0.7481903,-0.6667693,-1.1074966,-0.23140587,0.27892178,0.91075736,-0.94165075,1.133626,-1.880359,0.5530881,0.37195006,-0.556383,0.43125778,0.4616749,-0.6616064,2.3293796,1.015571,-0.3774282,0.27911517,0.794961,1.1223809,-0.18438081,-0.53300506,-1.5279475,1.0009239,1.1830808,0.40007904,-0.9901261,-0.18383619,0.33769488,-0.4241414,1.2181994,-0.07876451,-0.6660405,-0.43743506,-0.40659243,-1.030201,0.00074870244,-0.6261807,0.23016301,-1.244394,0.80023795,-0.4383184,-0.59631526,0.51623625,-0.2516131,-0.26487556,0.14870462,0.8202013,0.40023702,0.3529012,0.30417034,-0.6457491,0.23252383,-0.5595025,-0.607213,0.33788088,-0.67908114,0.7022549,0.52550256,1.0080206,1.5904404,0.09373563,-0.87753665,0.53207475,0.2909442,-0.19632281,-0.085349716,-0.0010360171,-0.35961133,-0.13334239,-0.5012125,0.3774435,-1.3664417,-0.5436111,0.026637593,0.04382294,-0.21347475,0.43256742,0.19099687,0.5854281,2.2695959,1.0113791,0.00088495866
カ,-0.7318307,-0.66228074,0.660135,1.124991,-0.9478554,-0.8039939,-1.0578891,0.37042603,1.2373862,-0.05389954,0.29897717,-0.0198573,-1.0537112,1.9664639,-0.4083047,0.4263624,0.30098742,-0.4440261,0.60915875,-0.05945397,0.7467066,0.40034986,0.42270505,-0.89210486,0.90105534,0.5215221,0.7031832,-0.4548519,-0.5371449,-0.9587074,-0.22804493,-0.68455875,-0.58558226,-0.82646966,-0.022537675,-1.0475044,-1.2220386,1.2976403,0.07699486,-1.1049042,-0.7887972,0.21887507,-0.14106539,0.32761768,-0.92783,-0.3638396,1.5982305,-0.47194564,1.0455903,-0.83183074,-0.92491966,-0.8100648,0.34729943,0.529538,0.4051771,-0.14606577,0.831907,0.94699097,-0.15629663,-0.20851788,0.34352282,0.5827053,-1.0721395,-0.10822117,0.28514072,0.70493054,-0.13897851,0.10146386,-0.37798628,-0.69299644,-2.5047607,-0.6128646,-0.09683408,1.4024932,-1.5573599,0.75388443,0.21414424,-0.36680132,0.23279592,-0.24027607,0.09085326,-0.08966715,-1.0473186,1.4781926,-1.0415883,-0.9276488,-0.23804194,-0.51645017,-1.1290575,0.015217898,-0.22228272,-1.5184913,-1.7293031,-1.0202719,0.92186713,0.31847042,-0.9685631,-1.1100625,-0.76661086,0.01979708,0.4936518,1.5143098,0.4181954,-0.50342655,-0.96734744,-0.31585637,-0.33425024,-0.45249993,-0.66000825,0.82430446,0.049359877,0.3691179,0.6444528,1.2897592,0.5068934,0.92024803,-1.0025382,-0.58628947,-0.36035392,0.11656526,1.1452101,0.49358606,-0.8027826,0.61909384,0.21689026,1.1851196,0.29535967,-0.7647516,0.55261654,0.102557406,0.50642586,-0.056212895,1.6424352,0.9754624,-0.93833965,-0.7811008,-0.6179402,0.12240132,0.22592023,-1.3581202,-0.7911383,0.43103147,-0.13992931,-0.29509985,0.34577563,-0.9908869,0.1872887,0.98493314,1.4523044,0.17663197,-0.09567787,-0.31333813,-1.2577258,0.29553178,1.1336255,-0.28099224,-0.14474379,0.16970322,-1.4971251,1.0743567,0.10290531,1.3912568,-1.0446305,0.06092809,-0.16487825,0.6174441,-0.5515877,0.6143844,-0.7744345,-1.7764696,-0.60325295,0.13734996,0.9231631,-0.097423054,-0.046317615,-0.43067944,0.40857428,-0.027362227,-0.8815058,-0.42264897,0.880074,1.1134993,0.23947117,0.9664853,-0.5081691,0.4185824,0.7823619,0.24843152,0.3998723,0.50593984,1.1820052,-0.6234041,1.2030478,1.1926912,0.9893021,2.9622734,0.89242333,-1.6663753,-0.91149944,1.0219567,-2.0828333,-0.58951557,0.9169396,-0.90460926,1.7255535,-0.9784248,-0.92967904,1.7329324,0.4640351,0.14903279,-1.5562994,-1.032693,1.1199937,1.0413291,-0.7075445,-0.03333563,-0.46739927,0.027266948,-0.4698427,-0.020026037,0.517668,0.5154045,0.3125003,1.9003474,-1.2144369,0.2255045,0.3735243,-0.14709204,0.8113609,0.44673836,-0.9217653,0.5251508,0.78406894,-0.543535,-0.35511163,0.6042491,-0.7165788,0.5253559,-0.40925485,0.26178867,0.22404099,-0.49854273,0.27446598,-0.49656984,0.62763286,0.77576834,1.7561417,0.120103225,-1.5396656,-0.43779346,0.73178023,1.3445497,0.31024206,0.28181535,0.71228695,0.9494594,-0.5590418,-0.35094106,-0.6798548,-0.22143838,-0.2901708,0.6322162,-0.2531985,0.48597664,0.43033516,-0.8494189,-0.4425147,0.03246869,-0.10368098,-0.96466446,-0.63332963,-0.4791541,-0.7225227,-0.13235529,0.45043814,0.24227034,-1.1100763,-0.73048764,-0.8022358,0.3882338,0.59271854,-1.5611103,-0.22934468,0.04887647,-0.57877797,0.5675324,-0.10191807,-0.095622845,-0.09994389,0.6243562,-1.7099723,0.9199603,0.1288507,0.32704937,1.3821876,0.16716069,1.0231566,-0.5757727,0.14108974,-0.31290156,0.6993637,0.79819924,-1.4889231,0.46928316,-0.1785433,-0.17359874,0.7776534,-1.4593478,-0.72582954,-0.8740417,0.30065656,-0.37218398,-1.0888448,2.1883698,-2.2521837,1.4948868,-1.3098474,-0.33370325,-0.6922897,-0.4646625,-1.1607178,0.3180449,0.24395058,0.047370084,0.36058304,0.30618778,0.17639838,0.37759444,0.22981453,0.92312187,-0.5327979,0.6602195,-0.62754387,-1.1560158,-0.01446738,1.2932079,-1.0433496,-0.9895679,-1.2654078,-0.6650088,0.27688992,-0.26240304,-0.37828392,0.5321834,0.19380815,0.716333,-0.90629673,-0.13596694,0.3431752,-0.9526084,1.3144826,0.21839496,1.5355074,-0.9004294,-0.30675387,0.47294992,-1.6760892,-0.052146513,-0.53035235,1.7003368,0.6793224,0.49718824,0.40389025,0.29165152,-0.51219046,-0.30241758,0.7460362,-0.07002786,1.6788733,0.60927224,-0.39906672,1.2774715,0.13362132,0.4627496,-0.30055973,-0.47864947,1.683549,0.030664086,-0.9985526,-0.32020602,-0.15985158,-0.45763743,-0.06552128,0.50816077,0.34987915,0.08094433,0.8564452,0.88623405,-1.3431587,-1.0763801,-0.3400252,0.5442784,1.3379779,1.3134828,1.6536674,-0.31963575,-1.2314566,-1.9335414,0.014191482,0.9240712,0.004637917,0.5850153,-1.3631333,0.21027902,0.45108017,0.04293668,-1.1449112,-1.7627794,1.9218532,0.25361335,0.3271503,1.4354757,-0.6096779,-1.4891771,-0.10273269,0.69637644,-0.041188013,-1.0421234,-0.60993046,0.65544534,-0.01812125,1.0462316,0.79159397,0.37148422,-0.30387926,-0.24171403,0.5579037,0.3351493,-0.6349757,-0.27287662,-0.011338498,0.21683559,-1.0892123,-0.77628475,0.3573693,-1.8323795,0.63450044,-0.5646972,0.021330515,0.10964343,-0.57777727,-0.735132,-0.60372883,-0.078578316,-1.1865404,-1.2371271,0.5190679,-1.6203951,-1.2463701,1.188787,1.658248,-1.3908523,0.94898677,0.34076273,0.16340931,0.46898663,-0.09879715,-0.28720886,-0.012704896,-0.69277114,0.03381234,-0.35755497,-0.89371234,-0.6090605,0.070545286,-1.3871636,-1.3295655,1.0483805,0.9510663,-1.669069,-0.6079535,-0.06100812,-0.38852012,0.57836777,0.57099605,-0.13792656,-0.625739,-0.9340247,-0.16305985,0.14614338,0.86874795,-0.0062920516,-0.06200896,0.09779435,0.10178665,0.047700685,1.2341024,0.2526945,1.3186978,0.99332756,0.25586027,-0.5413126,0.65427196,-0.39404646,-0.23750108,0.5017889,-1.2475764,-0.7358974,1.6740088,-0.39040107,-0.8780959,-0.06661636,0.3893135,-0.15469837,-0.2574915,-0.07985071,0.7906358,1.7538208,0.83771956,1.785814,-0.04073984,-0.38403404,-0.2805131,0.33022544,-1.3516917,-0.34055668,0.11239755,0.6309547,2.2532399,-0.734013,0.20433648,0.7219283,-1.0385175,-0.8975171,0.49771807,0.1909113,-0.6191953,-0.37996852,0.31152332,-1.1849977,0.062154803,-2.0353112,-0.15070426,0.7971897,0.83252686,-0.2840635,-0.07527292,0.40970477,-0.11074813,-0.6406074,0.296499,1.0758318,1.4493936,0.010889518,-0.8298145,0.30582938,-0.23756562,-1.8307862,0.1336058,-0.6574142,-0.6743223,0.053187862,-0.694973,-0.12873253,-0.69054115,-0.24525759,1.1882994,0.46099818,-0.05711965,0.34138072,-0.4313473,1.6919478,-0.424603,-0.49271807,0.828429,1.1833413,-1.6394893,0.5418165,-1.3177692,0.6399534,-0.4555096,0.8446986,1.0435164,0.29025096,-0.39961612,1.4647552,-0.47942415,-0.48976517,-0.09814537,0.51595634,-0.18410115,0.7578766,-1.9882787,1.1027436,-1.3914604,-0.9055343,-0.026738277,0.39936414,-0.37763786,0.3217839,-0.5219239,0.49550644,-0.030163378,-0.93994457,0.4000625,1.6692892,-0.38000926,-0.82785356,0.55746007,0.28614643,-0.37052393,-0.30573237,2.7661896,0.5764525,0.8900295,-0.89483917,-0.84856194,0.48529318,-0.1294406,-0.41428486,-0.31875506,-0.56370205,-0.10419078,0.76954174,-0.1915964,0.8844869,-1.0397382,0.15865287,1.0628285,-0.7447021,0.276295,0.18794373,-0.71967447,-0.88017905,-1.4478921,0.17074428,0.898478,-0.7076004,0.38808712,0.8090075,1.323185,0.7142133,0.030377325,-0.6129018,0.7066573,0.90021443,0.5611174,-0.6364406,-1.1132109,0.53626686,0.9941559,-0.51304543,0.33964074,0.37543976,-0.31870085,-1.6897033,1.0556684,0.4102962,-0.050896637,0.85707986,0.7046488,-0.22151858,0.5608165,-0.32777315,-0.016465008,-0.47915614,-0.30744994,0.31843475,-0.20625462,-0.94439495,0.4337401,-0.9333534,0.051072996,-0.28952438,0.6858634,-1.0087261,0.689193,-0.27068245,0.87616557,0.010896497,0.1586533,-1.0899491,-0.36088014,-0.58991474,1.639182,1.170978,-0.4054265,-1.5074362,-0.095476754,0.9328574,0.77840906,-0.1909607,0.16654366,0.11687259,-0.8761288,-0.1853247,-1.315391,-0.53800666,0.40411344,0.5322671,-0.8641031,1.4067941,-1.939373,1.1701571,0.08394737,-1.0848678,0.2868764,0.35803735,-0.64267963,1.8860735,0.8094084,-0.50565886,0.060256734,0.90480095,1.1630806,0.044270676,-0.1072993,-1.5063462,0.8154852,1.1396604,0.19764481,-1.0483328,0.30361748,0.35970518,-0.39491367,1.6666541,-0.41878915,-0.27431175,-0.79195446,-0.32172453,-0.7966522,-0.5445988,-0.6755915,0.068157606,-1.2366976,0.38234863,-0.519491,-0.6611429,0.6854876,-0.6982128,0.5333563,-0.1956456,0.7390568,0.47332382,0.5709116,0.31062257,-0.6068933,-0.030254535,-0.7146762,-0.611779,0.72537047,-0.7005344,0.6820718,0.20462774,0.9434448,1.5752,0.18471779,-0.925874,0.43091038,0.17524251,0.22518666,0.152193,-0.6878749,-0.40514436,0.17928989,0.084716305,0.52975786,-1.4414008,-0.27348936,0.22091506,0.67429674,0.12437905,0.7805938,-0.25659508,0.3730697,1.8517429,0.6756356,-0.28693202
ウ,-0.5036195,-1.4720421,0.9578427,1.687528,-0.8198142,-0.40940496,-0.98435855,0.2536616,1.2865056,-0.34816426,0.56907934,-0.13022561,-2.0125408,1.9887521,-0.98728454,-0.2711716,0.5427283,-0.37627465,-0.18743914,-0.8025753,0.7983269,0.61071026,0.15729527,-0.7581882,0.4696813,1.0962739,0.25942266,-0.17612524,-0.20949438,-0.28831485,0.47016996,-0.18387924,-0.13151792,-0.8709871,0.41153046,-1.0693023,-0.9210695,1.352392,-0.049287528,-0.5974141,-1.1276641,0.5578545,-0.8703647,-0.05994101,-0.6321351,-0.58871764,1.8308973,0.14713097,0.33358514,-0.23858581,-0.24073127,-0.44754246,0.4329279,0.18598667,1.4280598,-0.59270793,1.4561157,0.9360314,-0.49234033,-0.37803012,0.9567304,0.42445344,-1.6412914,0.07053219,0.723136,0.8841835,-0.32453853,0.22865002,0.25580254,0.36272192,-2.6155496,-0.7362559,-0.023964308,1.2677119,-1.4912736,0.65798306,0.234352,-0.46143693,0.008385599,-0.38392332,0.1288606,-0.107626304,-1.9063067,1.0577021,-0.59051615,-0.7164562,-0.5174475,0.119600445,-1.2391193,-0.28884578,0.42287207,-0.36460385,-1.6200051,-1.1324748,1.0929663,0.31154543,-0.8668004,-0.6283674,-1.0371581,-0.4548611,-0.41695663,0.9224269,0.13797106,-0.27632198,-1.2274243,-0.07207525,-0.7781025,-1.4121685,-0.99045026,1.0483454,0.0016818941,0.57436496,0.76455307,1.7029723,0.51232076,0.20875235,-0.8065891,-0.026696056,-0.5530615,0.39487776,1.2863865,0.31304324,-0.796903,0.023291469,0.25723436,1.3649513,-0.0101864785,-0.9989208,1.1962906,-0.6898276,0.7055621,-0.7232851,1.3018103,0.26461685,-0.07864113,-0.019084737,-0.40884513,-0.42816508,0.22167298,-0.45219743,-0.85635245,-0.7731421,-0.6197017,-0.49718407,-0.6392239,-1.7463341,0.36535645,0.9620408,0.59899414,-0.5176989,-0.39041203,-0.014099816,-0.5495262,0.8613686,0.45813903,-0.54252994,0.04120122,0.17154442,-1.1158493,1.8009989,0.36112562,1.2225875,-1.409952,0.09725526,-0.40467623,0.5540347,-1.0317153,0.7946199,-0.06490198,-1.9468501,-0.41775617,-0.19900215,0.48732686,-0.34607854,0.63943654,-0.58376235,0.740631,-0.116209656,-1.2773459,-0.25480095,0.8793708,1.6633092,-0.4580806,1.0670935,-0.92332065,0.4982594,0.5189008,1.0259014,0.10135189,-0.16656804,0.59098405,-0.28215617,1.2640035,1.5983467,0.45689562,2.201703,0.23183826,-1.322301,-1.3540019,0.3852799,-2.3103063,0.06626521,0.33547625,-0.2677894,2.0133948,-0.8148078,-1.6262728,2.252267,0.6380454,0.5955306,-1.7829542,-1.1337172,1.0281522,0.8003676,-1.0352439,0.23347765,-1.020437,0.2714847,-0.1857353,-0.4941105,1.1805052,0.3294853,0.0051663816,1.7638983,-1.273636,0.9504074,0.44069296,0.25905973,0.35575235,0.63617826,-1.1559682,0.2042757,0.951676,-0.05746442,0.16309571,0.21553597,-0.80626726,0.64772034,-0.5026541,0.6390449,-0.08481571,-0.42592567,0.023467511,-1.0721626,0.2895316,0.93002945,1.4041922,0.6323015,-1.4218402,-0.19028318,0.8551388,1.1146297,0.33365494,0.5085163,0.32277787,1.0862848,-0.6844972,-0.04760638,-0.46807107,-0.24200833,0.37643644,1.1438041,-1.2278416,0.4163949,0.2311717,-0.40387756,-0.10026285,0.12721765,-0.6442728,-1.122682,-1.130234,-0.6226456,-1.3273143,0.47410768,-0.31298268,0.87555516,-1.0249507,-1.483197,-0.5835679,-0.15084715,0.58265084,-0.7251327,-0.8165103,0.71349317,-0.6254408,0.76206076,-0.42225334,-0.59355825,0.6466328,1.0325938,-0.84985405,1.1765288,0.2737507,0.47201827,1.3018838,0.12707058,1.2053163,-1.3456423,0.06392104,-1.0566542,0.52791524,1.5535188,-1.5089388,1.263822,-0.4613233,-0.3324743,0.7770551,-1.4595126,-0.57105416,-0.32874858,-0.1089481,0.13862067,-1.6269611,1.4990832,-1.8485472,1.6026026,-1.8310835,-0.24402231,-0.26885396,-0.5197401,-1.4032189,1.2466829,0.1549483,0.3993228,-0.22655657,1.0504227,-0.5291973,1.0290055,0.7958818,0.57464397,-0.87190187,0.9536643,-0.48889953,-0.8450697,1.1387382,0.7817166,-1.5823269,-1.5147488,-0.8427554,-0.9798999,0.60674345,-0.048145667,0.6169679,0.39937672,-0.49878958,0.6523044,-1.2910632,0.6204569,0.13596925,-0.57999384,1.7540601,0.553697,1.3551364,-0.8475901,-0.28227395,1.2398642,-1.7347372,-0.6800448,-0.11884573,1.5775702,0.2606826,-0.12207228,0.49408317,-0.12377724,-0.8014437,-0.7845123,0.8549479,0.0015286449,2.1822653,0.35477287,-0.23405561,1.9885808,0.48777393,1.1925836,-0.79222274,-0.30883124,1.1381823,0.06388745,0.517215,-0.79398125,-0.19867447,-0.42592722,-0.037923425,0.29667273,-0.04498464,-0.9037243,0.8968678,1.2577913,-1.6014763,-0.71144146,-1.2010628,-0.015193425,0.9289545,1.3861595,2.3589811,0.5002379,-0.89939755,-2.1870012,0.8620204,0.7013964,-0.32729048,1.384013,-1.8634105,0.58953696,0.30658257,-0.28738722,-0.42519474,-2.3572388,1.1718777,0.087531775,0.045909226,1.1540642,-0.9028441,-1.0441172,0.30879474,0.20579308,0.6065879,-1.1208066,-0.41212678,0.3568488,-1.208133,0.61755484,0.39123887,0.108003795,0.52688277,0.22682664,0.910262,0.06841917,-0.59931767,-0.76344526,0.3441281,0.031651407,-1.2719761,-1.2388685,0.89264315,-2.0315025,1.1671779,-0.87162596,-0.24735746,0.23964277,-0.23767188,-1.0400608,-1.3152208,-0.15963754,-1.068598,-1.3674809,0.39464182,-1.144194,-1.636368,0.83512056,1.3481805,-0.76761246,0.2803776,0.49681774,0.33674222,0.9959816,-0.40424174,0.4546808,0.424448,-0.6669822,-0.06922749,-0.5504843,-1.1025465,-0.8127599,-0.116772175,-0.88493115,-0.8527232,0.99703217,1.6003399,-1.8137143,-0.5645045,-1.0338968,-0.358701,0.713647,-0.0016492754,0.3348731,-0.17420103,-0.27097577,0.032447368,-0.29542217,1.2264841,0.058676783,0.46388733,0.6009878,0.16665405,0.15604134,1.348977,0.6746159,0.13239901,0.23019658,0.83360004,-0.52590394,0.2290647,-0.5877874,-0.13382895,0.9306998,-1.5388153,0.024333067,2.1396813,-0.19118533,-0.6552916,-0.8169523,0.36639947,-0.07542777,0.10104576,0.18411645,1.6937141,0.8734207,1.0798686,1.8443028,-0.6088537,-0.84787935,-0.62310416,0.15671675,-1.2368867,-0.5003682,0.45470908,0.4793242,2.6039035,-0.32238087,0.08341903,0.74126476,-0.77677184,-0.36053017,-0.17008868,0.44587177,-0.64647895,-0.01887443,0.30315843,-0.2569254,-0.42426988,-2.0302467,-0.5303393,0.7693688,0.7787129,-0.46680138,0.03928846,1.2758584,0.2946527,-0.6237378,0.8170595,1.2893167,1.161933,-0.48487192,-0.903068,0.1830781,-0.87244046,-1.8347626,-0.60225964,-0.7987214,-0.47491336,-0.3188179,-0.89621395,-0.2752533,-1.8254468,-1.077398,1.2866917,0.46727207,-1.2127347,0.23080769,-0.55426353,2.1146498,-0.9313925,-0.008667804,1.2035401,0.31897548,-1.4097464,-0.0038059652,-1.0654446,0.10695134,-1.1057181,0.42903894,1.5365624,0.2797079,-0.32573056,1.7256484,0.085420385,-0.43348604,0.14055908,-0.24057634,0.31934667,0.6378828,-2.3670464,1.2143662,-1.2205188,-0.5146772,-0.3480144,0.5232324,-0.53924584,0.012815788,-0.5434819,0.08259519,0.5873499,-1.2816614,0.22489096,1.7141697,0.17247148,-0.91462755,1.2426103,0.32859093,-0.84062874,0.20317227,2.7986565,0.7486777,1.4238652,-0.93841565,-0.8267087,-0.18449062,-0.2303446,-0.68573713,0.3853376,-0.45257798,0.49641937,0.67521083,-0.1901679,0.10598406,-0.90346706,-0.52879715,0.78729445,-1.2470962,0.44885787,0.41114753,-0.56108105,-0.8499284,-0.9451076,0.68159467,0.50428003,-0.09253083,0.4032578,0.6836051,2.5315075,1.2698239,-0.29485416,0.005314827,0.6768351,1.7454939,0.27131742,-0.4703193,-1.9602585,0.638265,1.6740183,-0.80264896,0.51995367,-0.498842,-0.21362923,-1.5273335,0.93062437,0.3949999,-0.26961803,1.156259,0.10551821,0.027960077,0.5844963,-0.33457658,0.21869004,-0.73148113,-0.34088403,0.10240325,-0.8474519,-1.1437638,-0.63070846,-1.0814753,0.70474416,-0.4441644,0.86202,-1.0578008,0.67903316,-0.08641435,0.86256814,-0.43854082,-0.3063056,-0.7115245,-0.078673,-0.83622944,1.8476236,1.1056955,0.29472002,-1.0496832,0.4301836,1.2281876,0.3093221,-1.2217903,0.025760219,-0.046232812,-0.58047724,-0.7738491,-0.5997559,-0.023186028,0.3275198,1.1895523,-0.3604657,0.7750662,-2.0224712,0.59701246,0.4214679,-1.5580895,0.05410239,-0.23901756,-0.13784875,1.7873228,0.669098,0.5503232,-0.08674889,1.2201996,0.4050076,-0.3340948,0.34351176,-1.3813992,1.15648,1.2087586,0.68538916,-1.009446,0.7080825,0.59281045,-0.22486931,1.5783417,-0.6793232,0.070173934,-0.92917275,-0.37843376,-0.45405093,-0.17338005,-1.168937,-0.5206488,-1.2618617,-0.26672482,-0.54074204,-0.15872094,0.388778,-0.66137767,1.0863832,0.2318394,1.1802899,0.7142447,0.06199976,0.14501213,-0.39754912,-0.28373316,-1.310319,-0.2899665,0.9297949,-0.5926151,0.827533,0.27449125,1.3014673,1.683408,0.96685314,-0.58371377,0.37075856,-0.14430474,-0.1200621,0.38438165,0.018414259,-0.44500118,0.08764249,-0.53500897,-0.3150187,-0.96182084,0.106792435,-0.4293614,0.79621935,0.40746212,0.9090322,-0.25059474,0.13172427,2.1401324,0.6849799,-0.98978966
ノ,-0.6386265,-0.7315007,0.6790193,1.7917992,-0.9668371,-0.76418966,-1.5525845,0.19458953,1.1762972,-0.8472401,-0.124382906,0.31007037,-1.3220186,2.0834358,-0.642625,-0.028966893,0.97235054,-0.804933,0.41168907,0.045568895,0.24188331,-0.04127739,0.42202887,-0.48679522,0.33772406,0.44148785,0.4753805,-0.2840881,-0.44857588,-0.7691197,-0.13332935,-0.7918139,-0.52875406,-0.5926394,0.9114885,-0.9824524,-1.4121616,1.2328154,-0.4803986,-0.112831526,-1.0749865,0.39383775,-0.29671666,-0.00041972313,-0.34255,-0.29953045,1.3700113,0.0017775936,0.5759882,-0.5968143,-0.33936474,-0.12732852,0.6314362,0.9505134,0.86356145,-0.25581127,0.7463102,0.8942785,0.07802583,-0.51840407,0.72763526,0.9800523,-0.78570473,0.32636127,0.468815,0.99959147,0.2127293,-0.02603662,0.00022284048,-0.13012154,-2.133286,-0.61740065,0.09278739,1.5292332,-1.6741618,0.79210573,0.044140484,-0.4133279,-0.0029588193,0.051173456,0.011979314,0.2983875,-0.96639794,1.6216689,-0.81312656,-0.5807561,-0.13535273,-0.1367216,-1.3887051,0.15894966,-0.18226089,-1.3076035,-1.6246393,-1.112282,0.98703814,-0.056853153,-0.78504354,-0.6162386,-1.3500166,-0.44971582,0.10793637,1.1463526,-0.22311613,-0.1467065,-0.9916707,-0.18928228,-0.70805454,-0.20624861,-0.2716066,0.38895893,0.27649906,0.5612876,0.6756851,1.720828,1.5787141,0.5355472,-1.1506889,-0.43137437,-0.6699485,0.33756086,0.9831833,0.21697661,-0.85508746,0.4335868,0.41968372,1.2489088,-0.09688928,-0.45122388,0.84319204,-0.12910743,1.0176728,-0.37844515,1.0782889,0.86818504,-0.9285716,-0.64457893,-0.8587867,0.06790045,-0.043990545,-0.6474772,-1.1977968,0.029656064,-0.32822308,0.2164308,0.1391697,-1.5919222,0.27621654,0.97554886,1.1575816,0.10968698,-0.19834943,-0.582097,-1.1943504,0.41391617,0.97592926,-0.22133528,-0.36099938,0.18186343,-1.6720599,1.4180499,0.21259205,0.82078916,-0.4326379,0.21743976,-0.21961617,0.26301232,-0.41654903,0.64163154,-0.7229031,-2.2952607,-0.66228205,0.5878028,0.64246184,-0.38517952,0.31954855,-0.021702051,0.6787138,0.2557418,-0.7784868,0.07432724,0.8283826,0.9732133,0.40252754,1.5531114,-0.2751291,0.5717493,0.82889813,0.6357388,0.8013508,0.2531824,0.9894074,-0.48797897,0.52928984,1.1120453,1.1350483,2.592203,0.4280555,-1.4397049,-0.9854461,0.8596497,-2.2737405,0.33738932,0.5838397,-0.5399975,1.2710599,-0.585811,-0.9868737,1.820945,0.67461956,0.08762366,-1.4370496,-1.03902,0.87561,0.3893276,-0.5181376,-0.0011291493,-0.77597576,0.11120983,-0.20992127,0.1319645,0.62412745,-0.11201788,0.604176,1.5292046,-1.0789208,0.40667662,0.5263224,0.133108,0.20402074,0.94298893,-1.1485537,0.5545472,0.5779255,-0.14566924,-0.7547854,0.110163055,-0.35059616,0.7452582,-0.50103176,0.05886326,0.14065033,-0.7487659,0.7404814,-0.259995,0.06580217,1.0387433,1.8309389,0.36846432,-2.0485508,-0.3487125,0.30291033,0.87646204,0.28243744,-0.08935241,0.86895245,0.7393381,-0.3148013,-0.436585,-0.3887439,-0.11327881,-0.3698565,0.6619827,0.11052883,0.6325101,0.6021633,-0.58038265,-0.24955356,0.18254802,0.2804491,-1.0025895,-0.71353155,-0.47452873,-1.0259846,0.2862298,0.19049346,0.2010155,-1.3226329,-0.6539507,-0.985423,-0.043480463,0.8623864,-0.9274105,-0.5342034,0.24780975,-0.019675808,0.8165817,-0.42516008,-0.17595853,0.43415567,1.0845563,-1.603131,0.7976893,0.09557332,0.33948117,1.2940978,0.32140213,1.4776163,-0.5412994,0.461908,-1.0107777,0.6197645,0.58783275,-1.5021423,0.4870899,-0.47171906,-0.082547136,0.7961536,-1.5517472,-0.33966333,-0.42539206,0.37802336,-0.4536484,-1.4469599,2.0857902,-1.922395,0.9487939,-2.0273483,-0.7210494,-0.40891567,-0.7364206,-1.2699062,1.0603651,0.35451317,0.51189095,0.48232064,-0.026987592,0.07122994,0.5644403,0.36155394,0.8005457,0.14380774,0.64254564,-0.6869729,-1.6641665,-0.011889473,0.5124422,-1.2891315,-1.273003,-1.4103642,0.1545019,0.7096749,-0.63932866,0.23907475,0.68485165,-0.7174657,1.04896,-1.2023124,-0.54862463,0.5368547,-1.0186332,1.6236792,-0.3163192,1.6255627,-0.62427056,-0.5051537,0.7893516,-1.5700327,-0.43510264,-0.6068329,1.7447578,0.57039875,0.3239029,0.69723976,0.6608164,-0.43470582,-0.5291976,0.62734836,-0.5275726,1.9309397,0.9154997,-0.20017092,1.6384745,0.15481813,0.8205007,-0.5572901,-0.18586929,1.5187935,-0.20633994,-0.22728981,-0.4976975,-0.12131926,0.066937335,-0.04845101,0.5503407,0.82875794,0.20316018,0.7515639,1.1377292,-0.702117,-0.77965516,-0.6701496,0.6402195,1.2432309,1.2830985,1.7577435,-0.3308329,-1.3368833,-2.078177,0.50274366,1.0894929,-0.17803837,0.8384298,-1.189276,0.04884461,0.5511973,-0.12453258,-0.6596204,-1.7734348,1.8712195,0.5810124,0.5664496,1.6084375,-1.030534,-1.2955383,-0.30211923,0.2658527,-0.2734135,-1.2274917,-0.52414614,0.46697402,-0.62126905,1.0402104,0.38743544,0.6116807,0.0071036643,0.19020386,0.94527274,0.46870494,-0.7631096,-0.7950906,0.07035638,0.08191812,-1.6848496,-0.3173058,0.3068025,-1.9949305,0.97209996,-0.5359513,0.029891552,-0.35694596,-0.745368,-0.5290803,-0.63607377,-0.34973213,-1.5600526,-1.0216472,0.4404405,-1.77977,-1.420429,0.8874487,1.4731858,-0.91224873,0.10813268,0.24345396,0.23049612,0.38459507,-0.39591822,-0.14401613,0.2586346,0.054743625,-0.17959242,-0.6619814,-0.96028954,-0.56261337,-0.3722543,-0.63570577,-1.2275654,0.8369342,1.2055784,-2.0692017,-0.8358119,-0.19476654,-1.2421472,0.26587576,0.18285306,-0.085114576,-0.48933437,-0.27080718,-0.46315172,0.029187828,0.9843659,-0.28620538,-0.4566566,0.4150059,-0.16763501,0.1062578,1.6475097,0.6015147,0.63364327,0.8002291,0.32700542,-0.8929824,0.765652,-0.19742511,-0.07186132,0.7027642,-1.9378507,-0.5178214,1.7405018,-0.448172,-1.1175765,0.053219277,-0.052015264,-0.37256292,0.09654887,0.6011075,1.136274,1.2705435,1.094138,1.6400697,-0.6724993,-0.8411225,-1.116485,0.33841008,-0.97612095,-0.73541915,0.67235756,0.8025321,2.9257317,-0.5477974,-0.23569353,0.49288163,-1.1248852,-0.9710905,0.8370506,0.568792,-0.358118,-0.3504887,-0.10650975,-1.2300264,0.03618228,-1.950923,-1.0131164,0.71184033,0.3570811,-0.41151786,-0.06767018,0.8770505,0.51857185,-1.165171,0.10697603,1.4154109,1.2875865,-0.31798452,-1.0454037,0.30548397,-0.5192801,-1.4788868,0.00020136152,-0.74557906,-0.6304124,0.37816444,-0.52055,-0.16242215,-0.8847594,-0.607255,1.3176414,0.7201418,-0.41014242,0.23295791,-0.8249983,1.9265491,-0.31515124,-0.18497834,1.0339758,0.75263304,-0.9879399,0.29883432,-0.8267928,0.2728342,-0.81124514,0.52599764,1.0487684,0.5590383,-0.32595497,1.2924633,-0.27219245,-0.6462723,-0.0067668385,0.76285315,0.091693416,0.5296534,-1.7013098,0.8829443,-1.5843898,-1.1838312,0.5430948,0.9655515,-0.3937529,-0.6073969,-0.5884997,0.29336548,0.9611829,-1.4242548,0.62959325,1.5942627,-1.2471721,-0.9262985,0.5773631,0.023923045,-0.68792397,-0.029908452,2.5024436,0.38916668,1.108781,-1.2881758,-0.93298906,0.11453621,-0.3650957,-1.0812505,-0.4622704,-0.30210707,0.06756944,0.52511823,-0.6684645,0.5472222,-0.925255,0.18689021,0.752437,-1.2476453,-0.47790208,0.24119128,-0.43202767,-1.5806257,-1.8044416,0.10036445,0.5532295,-0.1520473,0.44064713,0.6456613,1.283918,0.6842526,-0.41679302,-0.20382129,0.9803857,0.7593971,0.6901077,-0.14901458,-0.99793774,0.61999905,1.0796026,-0.5019222,0.49215668,-0.37883478,-0.5360192,-1.6717328,0.852983,0.26461357,0.065109156,1.0867887,0.52609265,0.23854172,0.99912804,-0.5380193,0.36979127,-0.85358673,-0.9503388,0.44245878,-0.2364403,-0.86169016,-0.28834048,-1.007791,-0.14292409,-0.10906439,0.7383059,-0.9687375,0.7321981,0.010600375,0.4924193,0.11369427,-0.1468883,-0.71386725,-0.40112492,-0.7048163,1.37069,0.9766625,0.14627942,-1.3995037,0.35576186,1.158094,0.6802902,-0.8732635,0.39334115,-0.15732217,-1.1800108,-0.262578,-1.2582057,-0.17933594,0.5250974,1.2275054,-1.0128142,1.2560707,-1.4318645,1.0437595,0.028067486,-0.76859874,-0.19858113,-0.016435359,-0.4989334,2.1939793,1.1602666,0.18445864,0.14355579,0.7109278,0.9160633,-0.47172377,-0.6181769,-1.7357881,1.2814964,0.9318307,0.6620317,-1.1857594,0.064160585,0.5837742,-0.5441893,1.3940617,-0.43106213,-0.12714514,-0.24920844,-0.29004115,-0.8846349,0.057596803,-0.5361478,0.07562147,-1.0736302,0.53330415,-0.67410994,-0.4383368,0.44803098,-0.3448608,0.34540847,-0.09621476,0.665788,0.9712922,1.2995347,0.57251924,-0.9581508,-0.26859683,-0.83544064,-0.71874183,0.7022581,-0.55577415,0.21445903,0.039007477,0.9592772,1.8397089,0.82902205,-0.8016185,0.58442825,0.0017107512,0.19504894,0.4221175,-0.630464,-0.44836822,0.29706168,0.11360715,0.1462328,-1.3471769,-0.39543724,-0.114469595,0.6408272,0.39562497,0.5921976,-0.17150106,0.4430988,1.5792506,0.5686162,-0.079940796
ニ,-0.73458856,-0.07004433,1.120671,0.49306428,-0.6638703,-0.6465565,-1.4129367,0.5885425,0.9460604,-0.0010404922,0.6639419,-0.7400984,-1.5093412,1.9544425,-0.8993901,-0.23107253,0.4046528,-0.82029724,0.28416383,0.2004176,0.5837421,0.5064446,0.1215794,-0.5746418,0.60261726,0.51836437,0.8366507,-0.26571813,-0.33127016,-1.0186816,0.11384651,-0.38844413,-1.2564604,-0.40396693,-0.06456185,-1.3849325,-1.2860038,1.1142403,0.13974433,-0.68666536,-0.26507825,1.0699688,0.009283699,-0.14154291,-1.0844668,-0.16584006,1.767987,-0.09442067,1.2567433,-0.46197423,-0.81037605,-0.33211336,0.6928381,1.1612828,0.5899314,-0.26882377,1.526876,0.9216739,-0.09977299,-0.40209496,0.47265813,0.62954754,-1.038567,0.040379066,0.07447319,0.51362646,-0.17179283,0.12052991,0.29628974,-0.12747186,-2.3811595,-1.1978943,-0.43653116,1.571977,-1.3761249,0.28636914,-0.30613196,-0.9302496,0.24264416,-0.26922855,0.6021865,-0.48519522,-0.5314228,1.6118039,-1.0089713,-1.108356,-0.06537473,-0.36782277,-1.1671917,-0.04766581,-0.28453964,-1.4201517,-1.3591255,-1.526652,1.1436427,0.45769107,-1.0886273,-0.8571054,-1.1292815,-0.12367637,-0.09482765,1.6107818,0.57186764,-0.41129622,-1.2199891,-0.56678945,-0.63394296,-0.5650798,-0.33919632,0.45362258,0.0066124722,0.20222881,0.73946476,1.5255214,0.22038832,0.63862765,-1.6594809,-0.6641666,-0.37063625,0.4296236,0.9954754,0.34113634,-0.5063016,0.6970494,-0.11955784,0.8936536,0.10507094,-0.97453326,0.6048518,0.294122,0.77296704,0.048842326,2.2091866,0.791852,-0.40231293,-0.45648366,-0.068396546,0.54342294,0.60096616,-1.2340773,-1.0336148,0.21013774,-0.052564524,-0.28277838,0.38057622,-0.8014809,0.863314,0.81046325,1.3578734,0.027079994,-0.60291946,-0.40651834,-1.3048575,0.034990057,1.1127189,-0.27594274,-0.17999472,0.34518513,-1.4801899,1.5149093,-0.52840436,1.44579,-0.87034607,0.7653879,0.17590147,0.23027508,-0.6796487,0.35706663,-0.75636697,-2.2512054,-0.6908001,-0.4111442,1.1825303,-0.42549056,0.6162911,-0.106693506,0.41111985,0.27837676,-1.0226468,-0.11339938,1.3994926,0.89061356,0.045306936,1.7910899,-0.44067955,0.59713155,0.78298986,0.5559794,0.60131633,-0.0073041185,0.7122975,-0.6819993,1.2707413,1.2375385,0.5441438,2.692399,0.70767695,-1.4822025,-1.5575879,1.3338746,-2.1068807,-0.6259867,1.0058017,-1.2765597,1.2882781,-1.8684427,-0.7783463,1.5511292,0.6577525,-0.18373507,-1.415092,-1.5992106,0.8497038,0.84734833,0.18818396,-0.19027245,-0.28200364,0.40093136,-0.7521357,-0.652755,1.139331,0.5185119,-0.09255223,1.1201851,-0.47735763,0.45568538,0.4125252,-0.0066783316,0.60624,0.7869246,-0.7573633,0.46658504,0.60336083,0.16845572,-0.555519,0.46178496,-0.85231197,0.55339,-0.34075418,0.79683554,0.5705018,-0.2380378,0.39817023,-0.52400386,0.34269366,0.5533525,1.6059035,0.098850295,-1.8787332,-0.3712143,-0.08028504,1.1257138,0.28774327,0.42754376,0.60861826,1.1495267,-0.121683285,0.35839525,-0.5166477,-0.3073635,0.33023772,0.41204107,0.50271106,0.69105303,-0.0022705048,-1.0486124,-0.8327168,0.17581712,-0.011986002,-1.1483016,-0.69103,-0.7520562,-0.91113394,0.7085142,0.07902203,0.4424097,-0.6601205,-0.7544398,-0.011693436,0.7319506,0.8994852,-1.1262062,-0.32901308,0.22843197,-0.6745591,0.529932,-0.070735045,0.12037681,0.29235896,0.27816325,-1.3391713,0.7681087,0.5431372,0.61539894,1.4250613,0.30832148,0.97035664,-0.55559516,-0.16845857,-0.5824926,0.7030032,0.652499,-1.4982362,1.3647654,-0.40584347,-0.5636626,1.2005,-1.2315294,-0.267444,-1.0289754,-0.0058000535,0.073239,-1.3976177,2.1307704,-2.3476043,1.6001383,-1.6937897,-0.48984712,-1.2663563,-0.93836886,-1.4305872,0.39869887,0.15305188,0.26500666,0.7839044,-0.1601403,0.08179334,0.09704688,-0.33864614,1.4711349,-0.1471935,0.12123917,-0.8598207,-1.3477299,0.22770062,0.81021106,-0.96847105,-1.3409339,-1.145403,-0.5205066,0.602742,0.11870422,0.12429972,1.0871598,0.009954628,0.24152623,-1.1375272,-0.49955976,0.1492527,-1.0756458,1.2357044,-0.3183389,1.6143479,-1.0693077,-0.6600405,0.6334535,-1.6508111,0.3464685,-0.6059546,1.4545234,0.5058348,0.8898251,0.5308994,0.8503149,-0.25283352,-0.7470003,1.3135148,-0.11280215,1.9433805,0.17023346,-0.28183538,1.2016828,0.39367208,1.0319597,-0.49214196,-0.30276874,1.6571561,-0.3101286,-0.24398011,-0.06069093,-0.10121297,-0.14947695,0.0035754368,0.6792418,0.40981102,0.24337882,0.5474231,0.9724727,-0.36477113,-0.87800694,-0.6618214,1.418891,0.7228638,1.288642,1.50931,-0.10784847,-0.66436434,-2.3463347,0.6994374,1.4669605,0.3454888,0.36615208,-1.7333164,0.41689298,0.54594356,0.43177456,-1.7461748,-1.715018,2.0256224,0.6688103,0.33889896,1.3789318,-0.634642,-2.0360901,-0.6419661,-0.18567882,-0.2874822,-0.9509007,-1.1179082,0.31206113,0.0018872526,1.040465,0.92991894,0.67862856,-0.2116524,-0.57769656,0.9735073,0.25720936,-0.33229125,-0.2938284,-0.06987086,0.4307821,-1.415646,-0.98307294,0.07523014,-2.1758425,0.7175598,-0.33420017,-0.19080737,-0.051299326,-0.3355036,-1.2274858,0.26091686,-0.36012915,-1.4759523,-0.4800689,0.97759384,-1.4225291,-1.2521676,0.93674344,1.376372,-0.8846903,0.29909188,0.20641385,-0.33815345,0.93215096,-0.49099073,-0.30248162,-0.37175906,-0.30807504,0.13350698,-0.5357675,-1.0764625,-0.8718264,0.46707857,-1.0659393,-1.2272497,0.2622515,0.34106895,-1.6082397,-0.6974472,-0.111078426,-0.115248695,0.9892864,0.3932076,-0.52267194,-0.63212985,-1.0648762,0.13070805,0.046133578,0.029890256,-0.2719625,0.28802988,0.46829867,-0.5238989,0.1701574,1.1827741,0.0144660985,1.2666835,1.1821295,0.110907905,-0.77477014,0.6517827,-0.5212834,-0.057768706,0.8237479,-1.2299236,-0.6916973,1.3444502,-0.040850617,-0.44240174,-0.21099578,0.4766366,-0.50671047,-0.26103762,-0.082256205,0.41822067,1.4765927,0.86572266,1.9712424,0.18979591,-0.34479216,0.015444651,0.7534244,-1.0591794,-0.46998125,-0.25139785,0.54774433,2.1332748,-0.42089075,0.1996886,0.26688445,-0.6426945,-1.1558867,0.18246287,0.34347826,-0.45352867,-0.54764706,0.23159987,-1.4160943,0.43133625,-1.5108283,-0.12946835,0.7176943,0.88441503,-0.4875092,0.33385625,0.84711003,0.61767334,-1.0688521,-0.2060107,0.8140645,1.6710572,0.10848719,-0.45433435,0.6217293,-0.5324548,-1.5897593,-0.12578619,-1.5449239,-1.0254315,0.28419632,-0.47624967,-0.14374061,-0.25851205,-0.6624119,1.3897606,0.1378857,-0.5141716,0.86999154,-1.2715051,1.6782206,0.12082869,-0.39442962,1.058924,0.23410518,-1.7504337,0.008072905,-1.3130052,0.83693767,-0.78728354,0.58778715,0.84193367,0.45606983,-0.44483995,1.5580096,-0.66195226,0.08545882,-0.3222511,1.0341953,0.044678405,0.580321,-1.8408198,1.4067845,-1.0918664,-0.87827075,0.18414907,0.45777166,-0.2801664,-0.29663414,-0.20518586,-0.24258104,0.3895676,-0.97514063,0.30246863,1.857557,-0.46262538,-0.9503655,0.66326773,0.6969352,-0.68066645,-0.1437868,2.746176,0.41990253,0.5159209,-1.6059589,-0.6153354,-0.015861914,-0.045874767,-1.257207,-0.31071317,0.18808421,0.16593853,0.23897797,-0.11508012,1.4467772,-0.8022175,0.4399174,0.48573577,-0.8854678,0.012327865,-0.30932912,-0.36916327,-0.78021437,-1.7504492,0.060363777,0.88114905,-0.8796287,0.86460406,1.2663083,1.9234918,0.62146795,-0.07405396,-0.80337554,0.48074007,1.0147598,0.5827493,-1.170861,-1.3716174,-0.11493074,1.3974828,-0.33061165,-0.0809096,0.21064831,-0.13218278,-1.2500646,1.2016152,-0.0032734661,-0.35221356,1.1758219,0.76385295,0.25842124,0.6513534,-0.08637592,0.43700323,-0.42014205,-0.24758208,-0.06758213,-0.060984142,-0.665606,0.8041182,-0.18693742,0.07054779,-0.7340648,0.7445113,-1.3377693,0.75607157,-0.32592818,1.020659,0.80323195,-0.28257176,-1.4210509,-0.64047754,-0.5925511,1.6614971,0.9460524,-0.025997646,-0.62032014,0.019348277,1.0912294,0.5635582,-0.26456028,0.14188358,0.12940615,-0.62919116,-0.38916218,-1.0273734,-0.5149734,0.5790309,0.40743965,-1.5514718,1.6022,-1.7973031,0.8961835,0.094398305,-1.3156227,-0.2515347,0.09662351,-0.8215467,2.1484118,1.2716572,-0.45140633,-0.40823385,0.8245839,0.6329843,-0.28555787,-0.26543707,-1.4654796,1.062915,1.3413652,0.6499228,-0.8162552,-0.1421009,0.27593014,-0.84906775,1.0566379,0.05668757,-0.41924337,-1.3692436,-0.13291585,-0.8229654,-0.6542158,-0.9029055,0.27668887,-1.3005545,0.4598506,-0.36253774,-0.4037276,0.49130416,-0.38407472,-0.07475667,-0.20477402,0.9411454,0.20869523,0.7306505,0.43172443,-0.4982305,0.029237835,-0.8966073,-0.8531285,0.72185916,-1.1442724,0.65902936,0.62714154,0.96507823,1.5123341,-0.023575772,-1.4614269,0.5583661,0.30052727,0.09754262,-0.15239826,-0.89832,-0.9489577,0.15672868,-0.055617575,0.7769004,-1.4925327,-0.6828921,-0.26763025,0.2800298,0.09252423,0.41162533,0.17590174,0.6218505,1.8478513,1.0110186,0.24293046
、,-0.35237917,-0.7296479,0.8215622,-0.17668834,0.13006103,0.36004984,-0.9123183,1.9026927,1.6590554,-0.6223772,0.3679773,-1.2567642,-1.3471955,2.6503108,-1.0275384,-0.28990835,0.7172126,-1.44579,-0.8852017,-1.0276059,-0.10005308,0.2680306,0.4610134,-0.9746458,1.0399482,0.041699678,0.566205,-0.5833986,-0.10702216,-1.0127378,1.2168074,0.32343385,-0.80745614,-0.93944836,-0.2217724,-1.3760941,-1.4705817,1.0549029,-0.4017072,-0.8001142,-0.44012436,1.1833073,1.2842466,0.04549288,-0.94372976,-0.30440578,1.5986818,-0.8156902,1.2351078,-0.8686021,-1.7270352,-0.21455477,0.3897811,0.37724978,0.97661215,-1.0166513,1.6201485,1.6893264,0.13752112,-0.56104875,0.67187154,-0.3545239,-0.52520055,-0.7745259,0.23016597,1.2210673,-0.33993933,0.50738055,0.1442345,-0.11834874,-1.3886712,-1.9281096,-0.62176734,1.8827329,-1.46325,0.2524184,0.17402984,-1.4259151,0.19724216,0.45702094,0.17653108,0.15020336,-0.8020174,1.8055018,-1.0183718,-1.6407683,0.092351764,-1.1125075,-0.37504095,0.33556136,-0.36720163,-1.7783991,-0.9491864,-1.4741355,1.4822433,0.5806131,-0.4462473,-1.5146443,-1.2430825,-0.45896173,1.3711138,1.0792999,0.7434177,-1.6731666,-0.76590705,-0.1277626,-0.2992809,-0.25820774,-0.5531019,0.7963282,-0.03967643,0.8267501,0.36794215,1.1000049,0.4323228,0.6960754,-1.7411507,-1.0011762,-0.7245689,0.08233894,1.5428897,-0.11440402,0.21292697,0.37876073,-0.4655495,0.14227773,0.34570453,0.16466132,0.90749484,-0.010348469,-0.0037099237,-0.459586,2.8013816,0.042066462,-0.70717627,-0.43524444,1.0834863,1.1426772,0.27597514,-1.6571313,-0.9234087,0.39586192,-0.8336145,-0.2228436,1.8083613,-1.6203886,-0.03103991,0.7884967,1.8082894,0.26575252,-0.35404924,-0.6968136,-0.9409365,0.86107975,1.482868,0.021139132,0.2813967,-0.056011617,-1.4061446,1.7347432,-1.2562411,1.8549441,-0.87503314,0.8952493,0.20128712,0.34330282,-0.95544475,0.628905,-1.1934642,-1.7335978,-0.5948951,-0.8592573,0.6867453,-0.25557324,-0.13231672,-0.8729203,0.27451152,0.6497408,-1.0741094,-0.26735157,2.0754018,1.1880857,0.054683477,1.9719499,0.08278796,0.6820379,0.5580742,-0.3718379,1.6482775,0.2023041,2.4158854,0.43346888,0.9650589,1.2537229,0.8256818,3.1038008,0.6243522,-2.332305,-1.4307841,1.7058995,-2.486808,-1.6199965,1.2210146,-2.1066678,1.2806749,-2.5473711,-0.7391318,1.6230452,0.8536991,-0.62283015,-1.6403017,-1.5686918,0.8909925,1.2163277,0.6605229,0.706585,-0.48220286,-0.5450504,-0.18857701,-0.99492985,0.56372464,1.2463114,-1.2803808,0.89266944,-1.9305362,0.092185885,0.6879998,0.89441323,0.35661852,0.3958566,-0.9079441,0.9766585,0.6204664,1.3589051,-0.20925154,0.64266264,-0.90184355,0.19695303,0.90852416,1.3387005,1.0370643,0.52106035,1.0127046,-0.4831067,-0.2055848,0.7358028,0.6861394,0.016086156,-2.0318143,0.4743511,0.45219377,1.945904,0.19792615,0.69628686,0.16094786,1.764973,0.4784135,1.0584251,-0.564393,-0.92742187,0.18865976,0.5835781,0.78999186,-0.19842078,-0.10685738,-1.3780881,-0.5425385,0.4405779,0.58231354,-0.8108914,-0.7898505,-1.420976,-0.94570744,0.04798835,0.8427843,-0.0639466,-0.58164334,0.091893606,-0.1729043,1.108561,0.6770034,-1.7587045,-0.40158442,-0.63372177,-1.2687933,0.65935796,0.8359396,0.32985327,-0.24631077,-0.2362185,-1.1384974,0.24829191,-0.0959703,0.7833987,1.4517944,0.2364288,0.8311193,-1.1901563,-0.35045263,-0.28059873,-0.11445149,-0.6801712,-2.2422922,1.4671766,-1.3042417,-1.5569935,1.3952327,-0.8809237,-1.0306774,-1.0551475,-0.78762496,0.07051242,-0.9541909,1.5184785,-1.9164634,1.4123213,-2.1478045,-0.8073108,-1.5367452,-0.69684184,-0.8943476,1.0893533,0.28457606,0.04930634,0.67596436,-0.16311589,0.11018508,0.0819444,0.63648623,0.7790925,0.016508015,0.18756191,-0.44357535,-1.9491254,-0.14230706,0.44832963,-0.84260315,-0.8292147,-1.4595574,0.09640626,0.039072677,0.03430972,-0.16035585,0.7484076,-0.73537743,1.026032,-1.2151242,-0.86404616,-0.012973418,-0.36512384,3.0402381,0.029505355,2.371552,-0.6598222,-0.96906084,0.972557,-1.079834,0.7764925,-0.42082724,1.7743647,0.6407476,0.20043294,0.8417256,0.09438681,-0.05908955,-1.0920289,1.2980367,0.8903448,2.8709302,0.027239034,0.5822822,1.1382589,-0.6769972,0.62487674,-0.502223,-1.3403788,0.24307196,-0.3358406,-0.430773,-0.068617195,-0.53814745,0.12455105,0.40300992,1.2045431,0.6445443,0.62346184,0.918003,0.6049749,0.34943783,-1.4728562,-0.35988498,1.6697164,0.7341848,0.655136,1.63742,-0.5342661,-0.31505573,-1.7566098,0.8805552,1.0170091,0.13729039,0.52604795,-1.3394694,-0.28596017,1.6230377,0.6674235,-1.6383575,-2.1343298,1.4722999,0.8473386,0.5674787,0.63755804,0.12585868,-1.8503032,-0.5969516,-0.043768503,0.20131394,-1.0320916,-0.7377227,-0.2601361,0.8995763,1.9828768,0.7844472,0.8682249,-0.01367125,-0.4555531,0.35680246,-0.042845152,-1.5379009,-0.891116,-0.44291154,0.07312639,-1.0663872,-1.4004906,0.6033344,-2.5606272,1.6808964,-0.6992987,0.44225222,-0.38708812,0.51764494,-1.610076,-0.015288498,-0.3452946,-1.5418786,0.038914803,1.1190581,-1.8724265,-1.1973666,-0.15850724,1.4464303,-0.39733326,0.3686322,0.98912317,0.8773535,0.8863399,-0.632058,-0.59323055,-0.095459536,0.12637457,-0.5194379,-1.3125721,-0.79096395,0.53530484,0.9792067,-1.2161362,-1.149095,0.5850096,-0.20085327,-2.2871225,-0.70674795,0.22161047,-0.29650933,0.9188734,0.6304756,-0.29196215,-1.0707748,-1.0503341,0.66138303,0.56550735,1.0812657,-0.6624265,1.0881273,1.3471115,-1.179596,0.7968457,0.6150842,0.018091898,3.059425,1.957454,-0.18524727,-0.49604124,0.59314966,0.5111515,0.28882658,0.14911492,-0.5810251,-1.3401368,1.1018319,0.31526563,-1.5466123,-0.81370157,1.1727406,-1.142588,-0.13987246,0.019302987,0.5832527,2.133413,1.6655086,1.4125457,0.30312228,0.39010295,0.51807475,-0.017731506,-1.5292056,-0.4800282,0.7278339,0.41251576,1.5111574,0.21269265,0.12049056,0.8805997,-0.8351275,-0.88740987,0.17017217,0.9019513,-0.27842227,-0.15359062,0.55628544,-1.3561413,-0.15071106,-1.5856558,0.0911032,0.268016,1.947693,-0.015024794,0.5373653,0.5604595,0.3279288,-1.8968734,-0.26580077,0.3678056,2.1610527,-0.17229119,0.40147462,0.26483467,-0.56832975,-1.5205334,-0.6730559,-1.6098219,-1.4909639,-0.3247268,-0.8356992,-1.4519763,0.5096699,-1.0470409,1.9200172,0.072959594,-0.34316128,1.5906487,-1.0719912,0.07688892,0.3290631,-0.43175632,1.2580476,0.49442482,-1.1665155,0.5686008,-1.4356823,2.2779374,-0.20403585,0.45102283,3.3457875,-0.36487967,0.4117302,0.747598,-0.93884027,-0.420565,-1.0689609,1.3430766,-0.6682719,-0.2458549,-1.4134582,1.1127514,-1.2018576,-0.8085973,-0.7643433,0.32726824,-0.90364414,-1.3172514,-0.15416193,-0.5898015,-0.028354011,0.010964762,-0.13463037,1.8164762,-0.6667755,-1.616364,0.121763766,0.7476929,0.24596478,-0.8473097,2.4753735,-0.25918573,-0.28133813,-1.5485547,-1.0330691,0.49905846,0.57757676,-1.5744306,-0.618691,-0.299248,-0.6955357,-0.12093183,-0.8244638,1.2160134,-1.5845959,-0.23433597,0.23638462,-0.72390735,0.6835512,-0.20841117,-1.2036388,-0.85387295,-1.445419,-0.17133611,0.41600898,-0.56616735,1.0085224,0.8973075,2.122985,1.5839558,0.11097395,-0.6370829,0.890802,1.5344614,0.42352563,-0.62467885,-1.4065382,0.046092533,0.98224455,-0.5005766,-0.10493869,0.81366664,-0.6570772,-1.1311966,0.75474304,0.24280483,-0.57999444,1.4539137,-0.12914161,-0.2362387,1.3183116,1.3236839,0.9520665,0.4173852,-0.31331122,-1.0648521,0.07813062,-1.3319402,1.6388807,-0.5771519,-0.05467637,-1.0120119,0.3779096,-2.0620089,0.552091,-0.033962324,0.7145657,0.7034811,1.3562876,-1.4410644,-0.5212971,0.33297902,1.116703,0.9727067,-0.47292846,-0.28158206,-0.6149987,0.35201043,1.045527,0.14765732,0.04927723,0.86595875,0.012321381,-0.32469285,-1.5858114,-0.3324095,-0.10528869,0.21366358,-1.7489715,0.9417423,-1.8405024,1.6541983,-0.2917559,-1.2984468,-0.43716225,0.28903198,-0.95634496,1.438792,0.46741214,-1.1083707,-0.5212509,1.3050804,0.35102198,-1.1672114,-0.82460123,-0.24806629,0.16470408,0.9961132,0.69655764,-1.6257474,0.18588063,-0.37910756,-0.27683982,1.2902976,0.0749389,-1.3304113,-1.1502776,-0.3914252,-1.3431973,-0.3125338,0.074532285,0.87953687,-1.5494243,0.727493,-0.9190179,-0.33794844,0.9743556,-0.4102481,-0.3326911,-1.714849,1.0706159,-0.7039462,0.07973511,0.89393044,-0.15832144,-0.024205165,-1.1249927,-0.74457014,0.7648132,-0.62079275,0.32720482,0.18441199,0.5920787,1.8931919,0.081837006,-1.9204546,0.20696776,0.25907493,0.3371459,0.22248207,-0.46041512,-0.17507835,0.38037267,0.2405485,0.94047105,-0.8753802,-0.80560946,-0.6255912,0.6124472,-0.32127064,1.1861933,-0.21525528,1.1897846,1.2352655,1.0357938,0.21463758
ス,-0.38856664,-0.5100566,0.9978129,0.8153852,-1.062916,-1.425733,-1.4445399,0.832369,1.3226172,0.2142837,0.587463,-0.52910274,-1.087013,1.5413139,-0.7663983,-0.09941035,0.6300727,-1.0816444,0.4145481,-0.012358164,0.39835474,0.5088576,0.2975044,-0.6680423,1.4434726,0.25208908,0.7938946,-0.312579,-0.23498988,-1.4467132,0.16958645,-1.0631926,-0.9956835,-0.113209285,-0.36234564,-0.9961508,-1.7409046,0.91623944,0.06959359,-1.1196487,-0.73732454,1.2622192,0.3003965,0.07595017,-0.1858392,-0.15788212,1.2864065,-0.6061832,0.7210976,-0.22769272,-1.1418166,-0.25133878,0.55901766,0.6446603,0.52015066,-0.36973438,1.1615511,0.82287663,0.11658557,-0.37654272,0.67193776,0.5215421,-1.1097529,-0.96605474,-0.31214133,0.17298377,-0.60711426,0.28780308,0.023696396,-0.026898611,-2.4886925,-1.6809223,-0.6863649,1.6595192,-1.5511663,0.6058822,-0.07865392,-0.99080294,-0.07420389,-0.28572494,-0.07890147,-0.3303527,-0.75351363,1.0760323,-0.83773595,-1.3613477,-0.14976864,-0.6096969,-1.3317184,-0.42740735,-0.39815754,-1.8629816,-0.7335265,-1.8754593,1.5049697,0.06917689,-1.1268808,-1.0195925,-0.917312,-0.33391282,0.09142742,1.1230712,0.27382657,-0.51230824,-0.5525049,-0.46148467,-0.30507556,-0.015935967,-1.0241693,0.5435387,0.67763597,0.4464818,0.81603116,1.7492539,0.8105771,0.4251004,-1.389709,-0.8290142,-0.8041178,0.2643768,1.331897,1.1180782,-0.14784206,0.6331511,0.28506568,0.13132545,0.34987137,-1.7371603,-0.077092275,-0.037097253,1.040061,0.35119504,2.3847516,0.6050582,-0.95028317,-0.57619315,0.42571372,0.46329555,0.92419374,-1.3887724,-0.7856061,0.16829127,-0.21593015,-0.06733642,1.025679,-0.41019893,0.28622156,0.4229712,1.6427288,0.41937488,-0.65333474,-0.01704378,-1.449365,0.46123657,0.90512687,-0.24740934,-0.121728525,0.49281818,-1.0672222,0.95595837,-0.7108502,1.3700204,-0.7912544,0.8959799,-0.20639181,0.7498193,-1.1772954,1.0705078,-0.6808971,-2.0501697,-0.22057469,-0.6155077,0.471309,0.078495465,-0.027241167,-0.13499066,0.5805925,0.19151914,-1.0670699,-0.75659287,1.479903,1.0352681,0.09392266,1.5098575,-0.2514948,0.37404966,0.4323074,0.4095297,1.1134433,0.17680499,1.5603254,-0.7243693,0.8604245,1.2909553,0.9647268,2.5030816,1.3429759,-1.3261001,-1.5687374,0.88478124,-2.395663,-0.086827844,0.82154816,-1.5978384,0.8557025,-1.5732954,-0.7160454,1.5933883,1.0125062,-0.018710315,-1.236552,-1.1445738,0.95334625,1.1409194,-0.16114324,-0.15499452,-0.86257637,0.06095038,-0.7455239,-0.6707939,1.0757406,0.95599616,0.30444485,1.0613598,-0.15444608,0.18926713,0.27155995,-0.20821872,0.12890092,0.66006684,-0.33222175,0.7502973,0.7095855,0.21333452,-0.48944145,0.39454636,-0.6789839,0.74992716,-0.5326489,0.81279737,0.73849463,-0.108621165,0.1441798,0.03456527,0.6798795,0.72637826,1.49876,-0.013155383,-1.4106086,-0.22804289,0.7054063,0.9870694,0.22705297,0.8736954,0.14083824,1.5985693,-0.3913905,0.3171808,-0.1440847,-0.17379788,-0.58360726,0.32989556,0.43400413,-0.47186288,0.24097677,-0.96129596,-1.0273012,0.2954758,0.3300782,-1.0544403,-0.67087114,-0.8985529,-0.47148022,0.35919303,1.0583502,0.23992896,-0.6317126,-0.8642971,-0.3824513,0.6883966,0.762136,-1.9202442,-0.055852674,-0.29812652,-0.9327362,0.21832056,0.3542881,0.064581946,-0.21475157,0.023193086,-1.6958196,0.8616792,-0.04590193,0.9766706,1.9949509,0.46088648,0.8170959,-1.1044695,0.22627875,-0.7116523,0.47992128,0.9029673,-1.3974917,1.3870395,-0.86954755,-0.5120338,1.4011949,-1.2997706,-0.3130229,-1.1055586,-0.00648914,-0.41817746,-0.8751792,1.8608153,-2.1680942,1.5175238,-1.649719,-0.06880803,-1.1994634,-0.3970013,-1.3901246,-0.07097511,0.25187734,0.33807904,0.8440515,-0.49695888,0.54530656,-0.05804174,-0.4103732,1.1845133,-0.15281925,0.4951589,-0.6258142,-1.4157822,-0.21595018,1.1613051,-1.2030611,-1.1625568,-1.0758158,-0.529774,0.10264375,-0.4796378,-0.4073649,1.1190296,-0.11874582,0.4314764,-0.84470767,-0.44442177,-0.09826606,-0.29481244,1.1144165,-0.6657087,1.4349566,-1.0186112,-0.31931743,0.32469597,-1.229892,0.15461843,-0.40137333,1.9964483,0.7017158,0.845981,0.8601057,0.45384413,-0.093758784,-0.70350665,1.5489718,0.80118084,1.946221,0.4542016,0.07543044,1.0618207,-0.15380195,0.7585367,-0.11988336,-0.3606822,1.0908387,-0.37829298,-0.6814692,0.095650755,-0.20243578,-0.42365032,-0.27573696,0.7147306,0.2949818,0.06630109,0.65065825,0.91970336,-0.4751482,-1.1884148,-0.3559075,1.2236319,1.5990903,1.2432702,1.508509,-0.3877743,-0.6476938,-2.2694137,0.55422175,1.0986392,0.6335316,0.25517014,-1.424224,0.61928874,0.7179661,0.35376018,-1.8122454,-1.6080071,1.5681822,0.29516703,-0.008098942,1.3400295,-0.16216525,-1.6465816,-0.830451,-0.48614645,-0.0604057,-1.2684848,-1.1625038,0.04258318,-0.15353005,0.90702534,1.1375563,0.5093173,0.18540852,-0.5111681,0.36132136,-0.22339182,-0.9540354,-0.024637211,0.2691338,0.2897073,-1.3708516,-1.1284714,0.3103362,-2.5486317,0.6631814,-0.04340284,-0.00823943,-0.11720566,0.039775558,-1.0581653,-0.19324069,-0.1748845,-1.1995708,-0.051002342,1.2218292,-1.672074,-1.0966678,0.3998924,1.0167427,-0.6628393,0.5523934,0.8308428,0.30971202,0.75553423,-0.3776093,-0.5561247,0.30212817,-0.43573585,-0.058637578,0.4623162,-1.1946173,-0.71601737,1.0243703,-1.0677869,-1.7260258,0.9825716,0.55561143,-1.4641169,-0.61484194,-0.10795538,-0.29455265,0.7434853,1.2302195,-0.41494384,0.15197966,-1.3123868,-0.02010433,0.04680427,0.19476993,-0.28056082,0.35041377,0.23938625,-0.60848796,0.5259584,1.4751548,0.2997319,2.018806,1.3778875,0.7194183,0.06323371,0.81643116,-0.44887495,-0.15993205,0.19999513,-1.1214368,-0.9188426,1.4180436,0.27003732,-0.68007034,0.14637923,0.8214307,-0.6502427,-0.1523433,-0.52078503,0.3830704,1.4877644,1.01329,1.4306324,0.35639587,0.28284267,-0.112610556,0.72578335,-1.825675,-0.5534309,0.054841302,0.39618474,1.8950182,-0.22323427,-0.22072399,1.2018616,-0.895784,-1.3388425,0.71328646,0.35160246,0.19371276,0.031082988,0.427396,-1.3336849,0.3804583,-1.8398693,-0.19697668,1.235591,1.2533109,-0.6688949,-0.060241282,0.603153,0.21329804,-0.63574827,-0.44853705,0.82531774,1.3888249,-0.22143741,-1.0846581,1.4059924,-0.39967784,-1.8274405,-0.13844788,-1.7368237,-0.8384506,0.46899295,-0.45554104,-0.6852859,-0.059239198,-0.79647714,1.2227242,-0.07147777,-0.05456241,1.2322471,-0.48868075,1.0889125,0.056974452,-0.8129511,1.8601545,0.3266154,-1.3209221,0.48206463,-1.7561432,1.5363537,-0.10554297,0.6054656,1.2498533,0.10224195,-0.5535165,0.96259516,-0.34287113,-0.39092603,-0.5785391,0.38615742,-0.595945,0.35099632,-1.9350132,1.3015273,-1.3593843,-0.94281876,-0.35152817,0.07431786,-0.6613095,0.3321212,-0.18670733,0.6285682,-0.16976099,-1.302273,0.42726326,2.100016,-0.423997,-0.6657306,-0.11960487,0.22043295,-0.6987685,-0.22059374,2.6507094,0.09428167,0.18627769,-1.0642546,-0.67790145,0.87292767,-0.413212,-0.7919892,-0.4372365,0.10840343,0.352573,0.055692017,0.24165225,1.1384528,-0.98573196,0.41507068,0.7519697,-0.91013813,-0.14217721,-0.01595356,-0.7944957,-0.6565768,-1.2551856,1.1663408,0.61963683,-0.63554245,0.3212206,0.73892343,1.4587088,0.8454977,0.0919107,-0.7785423,0.7457248,0.66368335,0.4963635,-1.3193064,-1.1156721,-0.18330958,0.9479993,-0.65798295,0.15434131,-0.14760444,-0.3171852,-1.4075085,1.2478143,0.30082065,0.1209054,0.8875102,-0.030438919,-0.27530843,0.5138711,0.40302795,0.28667217,0.7434031,-1.0059092,0.07622839,-0.3214677,-1.4206313,0.70420015,-0.5539041,0.30533135,-0.63069785,1.0265353,-1.8071451,0.34227988,0.22113685,0.4369647,0.4761098,0.43837452,-1.5144775,-0.7895628,-0.49921408,1.3604282,0.7927897,0.13491747,-0.16625147,0.0016282082,1.5241535,0.5380144,0.01788631,0.35581785,0.57198566,-0.3846989,-0.7312839,-1.1046774,-0.8429761,0.5391142,0.2669204,-1.036423,1.2698117,-1.9326416,0.6691757,-0.19567151,-1.7862594,-0.14921907,0.31260037,-0.9755951,2.19225,1.2004212,-0.7545265,-0.1511757,0.47907048,1.1058319,-0.48351613,-0.30480117,-0.94351846,0.6050324,1.3357153,0.66886926,-0.9280518,-0.12702902,0.84894216,-0.6557012,0.99477386,0.2450014,-0.64837694,-1.4424467,-0.48527378,-1.0559043,-0.24132852,-0.30726933,0.2453274,-1.220562,0.2037431,-0.46423024,-1.0751376,0.5064563,-0.6514579,-0.0010829449,-0.49199486,0.7309884,0.14183602,1.481834,0.26764423,-0.44812664,0.02766509,-0.894049,-0.899601,0.61459416,-1.0627439,1.090895,0.2708109,1.2691427,1.3572056,-0.15747586,-2.1330924,0.8584979,0.13133542,0.56022996,-0.32884413,-1.2024101,-0.32428432,0.19488606,1.0126857,0.8913395,-1.433811,-0.9247934,-0.34359485,0.06320425,-0.008009491,0.67439085,0.59689367,0.028455203,2.1478288,1.419425,0.50599706
ポ,-0.29706296,-0.41267714,0.6415941,0.8227828,-1.3769187,-0.78610593,-1.60984,0.7609454,0.833224,0.05381735,-0.30394605,-0.37756944,-0.93142265,2.2015207,-0.6878147,0.10274192,0.87888044,-1.0954976,0.38281384,1.0083236,0.5822316,0.30507168,0.8295729,-0.992232,0.99410254,0.09702945,0.92805433,0.020996638,-0.618114,-1.3116204,0.17539798,-0.81118506,-1.0946058,-0.11483883,0.53338164,-1.0295919,-2.004822,1.6521946,0.014494646,-0.82806176,-0.67147297,0.39726338,-0.054103393,-0.08374243,-0.316165,-0.51085967,1.3374671,-0.6154544,1.0042857,-0.3755573,-1.4496979,-0.30105224,0.5553828,1.0648707,0.9592894,-0.45159855,1.4265743,0.659092,-0.48376128,-0.4488795,0.23582475,1.0444684,-0.85327935,-0.4839568,0.35962096,0.8662687,-0.07712249,-0.44558504,-0.32861894,0.10898018,-2.0346205,-1.0674232,0.0375218,1.3178383,-1.7314534,0.23610032,0.42916098,-0.693464,0.44988653,-0.014542669,0.1737449,-0.21002264,-1.006176,1.8889104,-0.81762743,-1.1381136,-0.28482294,-0.6416321,-1.2688655,-0.22693586,-0.3898525,-1.9335874,-1.416515,-1.5265821,1.2372819,0.5312715,-0.8415485,-1.5686733,-1.2961999,0.07009878,0.2158574,1.0468019,0.41738614,-0.80648047,-1.247437,-0.27809855,-0.3231174,-0.36526918,0.01385808,0.8068394,-0.30976203,0.48732617,0.8174593,1.7972436,0.8858504,0.5341929,-1.5836433,-0.09962382,-0.3770835,0.591826,1.5371485,0.56007683,-0.5797114,0.48053685,0.0120206475,0.41353035,0.2542312,-0.29510215,-0.019090503,0.34825417,0.73167086,-0.20586014,2.2513862,0.7641981,-0.98049545,-0.8691732,0.21270464,0.07117141,0.41075906,-1.1331576,-0.7329926,0.51944613,-0.30499363,-0.29750875,0.5283567,-0.7792948,0.22843295,0.46249843,1.6272563,0.8957513,-0.07673934,-0.022422314,-1.517129,0.5659706,0.7794742,-0.7705919,0.034168083,0.41622677,-1.6158873,0.9681565,-0.7173004,0.87350386,-0.6992466,0.025110388,-0.29244056,0.6540424,-0.35275838,0.5518078,-0.66786337,-2.1160355,-0.56349856,-0.19845682,0.6525177,0.04158625,0.25830626,-0.08711255,-0.09465652,-0.1092743,-0.9694503,-0.24064922,1.1288072,0.71246153,0.115554504,0.637528,-0.13651188,0.3188661,1.0751885,1.211618,0.77107877,0.5153296,1.4424572,-0.8185165,1.3800176,1.3434354,0.6578428,2.9381297,0.64126915,-1.6876956,-1.1126205,1.700626,-2.157387,-0.77966875,0.8016339,-1.7727016,0.9503878,-1.1511923,-0.45547733,1.4242696,0.6425567,0.1600915,-1.1516341,-0.9562816,0.98762935,0.64062834,-0.1995682,0.018304497,-0.7919404,-0.2421531,-0.15492843,-0.5117536,0.8675272,0.0023254554,0.59021026,0.9407811,-1.2999052,0.40203056,-0.13459189,-0.1864389,0.13894163,0.8900721,-0.80583733,0.39809635,0.6687784,-0.18238913,-0.45827058,0.43377385,-0.6042123,0.49361253,-0.12590334,0.46002105,0.29034415,-0.17426671,0.13914524,-0.4951357,0.8068616,1.0455099,1.5797516,-0.22927378,-1.7366976,-0.42442104,-0.041125912,1.4366142,0.19950418,0.39057812,0.2554458,0.8068697,-0.054382324,0.2332378,-1.2691221,-0.5972576,-0.3930517,1.1090683,0.61003155,0.1552422,0.18376978,-0.8964546,-0.5935937,0.23060147,0.53020376,-0.8088977,-1.0478096,-0.03327301,-0.57242554,0.19885015,0.6403701,0.30242148,-0.35639283,-0.5433263,-0.44917178,0.48522353,0.7267472,-1.5230818,-0.5746346,-0.26403853,-0.47349092,0.65161157,0.39086905,-0.025713587,-0.31212083,0.27491683,-0.9162288,0.6566513,-0.0131169185,0.88721937,1.6051735,0.40516415,0.6096767,-0.8312449,-0.18079321,-0.6258113,0.3259252,0.66718906,-1.5203075,0.35020566,-1.0277185,-0.28881088,1.1170474,-1.2013304,-0.35696748,-0.672592,0.5408994,-0.5093252,-1.1963595,2.1268961,-1.6902808,1.6364008,-2.0069072,-0.5047414,-0.70839554,-0.12532312,-1.0025938,0.5862844,-0.1888829,0.06433006,0.9756665,0.19376802,0.3082049,0.2332855,-0.10483289,1.5733728,0.15174122,0.39870474,-1.370288,-1.3324672,-0.32950655,0.84513354,-1.5737467,-0.971633,-1.3233173,-0.38613304,-0.42823696,-0.00957797,0.050306756,0.40711424,-0.22175492,0.5719897,-0.56988317,-0.48450962,0.10910463,-0.7261483,1.7806174,0.04593121,0.74215746,-0.9807773,-0.8045645,0.46456537,-1.259179,-0.4125142,-0.36871275,1.5800956,0.6732703,0.70167917,0.07699304,0.22579308,-0.18290377,-0.049843427,0.48253825,0.3077148,1.8027071,-0.07556684,-0.20397682,1.4268537,0.47894266,0.85272473,-0.3576223,-0.2967408,1.7697363,0.3144829,-0.41998497,0.011786024,0.49820128,-0.005803267,0.4504293,0.92360806,0.63679796,0.13160841,0.5947491,0.63663673,-0.24911237,-1.1838529,-0.6502537,0.8277332,1.3672956,1.3074995,1.425037,-0.25518763,-0.88520044,-1.7568184,-0.023007357,1.098035,0.5422086,0.52164966,-1.8762625,0.37458825,0.14766918,0.37318823,-1.2722063,-1.3075852,2.1858702,0.24025528,0.6585646,1.4120404,-1.6948029,-1.430992,-0.3614041,0.80328673,-0.2562758,-1.539873,-1.0681055,0.6298513,-0.37916157,0.8441653,0.7109766,1.1665001,-0.7760327,-0.6991014,0.3675454,-0.4058677,-0.73117256,-0.61371297,-0.085117616,0.41446316,-1.2405902,-0.43086997,0.3560609,-1.8856548,0.5963016,-0.28993878,0.52579147,-0.3413587,-0.23932056,-0.70355624,0.0056863055,-0.30724657,-1.0167247,-0.8964,0.9900689,-1.2799598,-1.5573438,0.6734517,1.5490841,-1.2063667,0.4900309,0.48003706,0.15660657,0.71679896,-0.20557399,-0.40658092,-0.45108727,-0.5371722,0.12147973,-0.34461606,-0.9102525,-0.6029165,0.11103046,-0.65180236,-1.3153602,0.5114822,0.7515187,-1.9419255,-0.89126515,-0.3112543,-0.22218879,0.13063352,0.66102403,0.093336485,-0.6840145,-1.0018913,-0.18114068,-0.4078242,0.29191664,-0.4938784,-0.0059971013,0.25361076,0.17433088,0.27684465,1.6320653,0.6265994,1.7792239,1.5731635,0.65068823,-0.19466184,0.45971462,-0.6080346,-0.27203962,0.76090056,-1.0920651,-0.35363916,1.2274367,0.51717925,-0.88831514,-0.08882159,0.38688633,-0.82452804,-0.0023957293,0.09450873,0.90641946,1.0246431,1.0418918,1.6945802,-0.31811944,0.118179105,-0.57045245,0.2796656,-1.3688145,-0.608537,-0.10549725,0.23927386,2.358764,-0.69640213,0.17280026,0.5388252,-1.4053074,-1.2261235,0.50495523,0.2758807,-0.13881229,-0.44264698,0.35368803,-1.6369816,0.16612633,-1.8424139,-0.074985415,0.83608645,1.04927,-0.72570354,-0.030877292,0.8712597,-0.053012412,-1.2720684,-0.15213072,1.0202011,1.8751806,-0.17768995,-0.99102145,0.47094855,-0.18969612,-1.5733056,-0.051860284,-1.4997312,-0.70231724,0.27980605,-0.5186779,-0.66779083,-0.53991824,-0.3601247,1.2542046,0.65995246,0.009830914,0.49794233,-0.47913098,1.3642718,0.09811982,-1.0049227,1.2258013,0.6783243,-1.2780269,0.013443341,-1.4735218,1.0206257,-0.7449563,0.78688306,1.5884789,0.15317093,-0.20431012,1.1625751,-0.67183715,0.0752162,-0.90927505,0.5274286,-0.3906002,0.95314544,-1.5294099,0.97969884,-1.7497402,-0.55072695,-0.05744335,0.7870392,-0.5694581,-0.08601257,-0.46219683,0.64513475,0.59140426,-0.79624414,0.61284304,1.829847,-0.30989942,-1.2380116,0.6890695,0.17771597,-0.6503046,-0.3446077,2.2826147,0.5393985,0.35862598,-1.1408315,-0.6970115,0.6573693,0.026262634,-1.0348159,-0.68376714,-0.22120295,-0.3416678,0.06678548,-0.5949991,0.5922554,-0.63113636,0.5504219,0.91709536,-1.1208864,-0.1116004,0.13321866,-0.7207231,-0.4174656,-1.3357038,0.47758332,0.55180603,-0.78643817,1.1765004,0.62628156,1.6599025,0.6420028,-0.78985053,-0.46260157,0.37041917,0.40754738,0.5410808,-1.4989519,-0.94998914,0.45966592,0.8416505,-0.6692795,0.38867843,0.4285953,-0.0042320346,-1.8173915,1.004074,0.24969,0.13689758,0.68096167,0.11218638,-0.22066681,0.7188263,-0.39621797,0.12806036,0.04705918,-0.64513946,0.056432296,-0.04445687,-0.54898363,0.36777422,-0.25345564,0.30015147,-0.63515383,0.35992655,-1.0764693,0.48548004,0.4430476,0.092368305,-0.06231758,0.73380756,-1.2765299,-0.7211829,-0.4137713,1.9280056,0.9551115,0.048228,-0.99651784,0.4584184,0.9925013,0.88835603,0.18583763,0.5227763,0.43498048,-0.6011782,0.15194759,-0.8376755,-0.54954886,-0.031330388,0.21598102,-0.9849203,1.2778639,-1.931763,1.0752062,-0.4826502,-1.1483014,0.1732368,0.4129403,-0.6771726,2.3442698,1.0485655,-0.3544306,-0.12203587,1.3614197,1.1521881,-0.8175077,-0.46814165,-1.4673694,1.4705629,1.4568543,0.22189051,-0.9207658,0.027727813,0.3711635,-0.7268029,1.7867075,-0.111905105,-0.43114468,-0.5039046,-0.34550896,-0.8495755,-0.20245934,-0.12096417,-0.1918727,-1.4629935,0.18061763,-1.0461206,-0.61014307,0.80822515,-0.09621348,0.13193567,-0.46873924,1.0196854,0.76915646,0.82489944,0.37803364,-0.5832347,-0.23867726,-0.6685405,-0.52600634,0.701792,-0.59697247,1.2174369,-0.05754896,1.1181105,1.6225024,0.58574843,-1.3667761,0.8527244,0.04544721,0.836581,-0.27543187,-1.2934027,-0.37557587,0.23877864,0.23890175,0.8603938,-1.1226267,-0.9408698,0.045207966,0.29239327,-0.07403753,0.6766949,0.07816913,0.1495374,1.567212,0.67871124,0.123448156
オ,-0.31065506,-0.84221804,0.5436557,0.93291104,-0.8704306,-0.889403,-1.38645,0.41295385,1.1116071,-0.6686438,0.070962116,0.23957548,-1.6598692,2.4396796,-0.14340593,0.24601188,0.91962594,-0.21078956,0.26962543,-0.25677568,0.55168647,0.55363697,0.4896036,-0.79724574,1.0909345,0.18353805,0.60536087,-0.81775874,0.24257264,-0.8436965,-0.23910666,-0.7216188,-0.735396,-0.14970855,0.053604435,-1.1130682,-0.81580067,1.2851961,-0.20679756,-0.94481194,-0.8198182,-0.007505268,-0.546141,0.010293603,-0.6415588,-0.15689483,1.4412966,0.2929035,1.3387997,-0.39908332,0.019550573,0.176368,-0.42000586,0.8678954,0.7221765,-0.116105296,0.5865482,0.86646223,-0.05399555,-0.5255084,0.834283,1.2203082,-1.0731196,0.3751339,0.7207917,0.7074291,0.34982538,-0.311208,-0.7213272,-0.45743427,-2.5711617,-0.62888634,0.00047938077,1.2487696,-1.0268847,0.8231715,0.45630017,-0.26964763,-0.094001606,0.5051287,0.36255795,0.47427407,-0.5175173,0.9477705,-0.4429389,-0.48820892,-0.24562612,-0.4925453,-1.1635786,-0.25066152,0.38539585,-1.4909799,-1.9402021,-1.661525,0.8131957,-0.73218703,-1.1028502,-1.383905,-1.0649564,-0.23398046,0.0850402,0.88004607,-0.52962947,0.096896015,-0.792585,-0.25879627,-0.89354956,-0.39658818,-0.76739436,1.2228299,-0.4730497,0.7955059,0.9506582,1.3231394,1.0711756,1.094655,-0.6803373,-0.74330103,-1.2192869,-0.2868629,1.09392,-0.2716307,-0.9259089,0.63740456,-0.08311162,0.8516844,-0.2938435,-0.33574027,1.1192768,-0.7377509,0.5384139,-0.1453686,1.7176011,0.63915825,-1.0452741,-0.33529264,-0.39113194,0.38970518,-0.40805444,-1.4039555,-0.34585306,0.14984873,-0.06313567,-0.28064027,0.10092552,-1.4105225,0.083779365,0.6652006,0.62742144,0.06855903,0.467019,-0.8800909,-0.7933838,0.71049124,1.1230173,-0.06524804,-0.037097286,-0.20439842,-1.5587934,1.406771,0.16449709,1.0691508,-0.65042895,-0.12115862,-0.14051524,1.0714256,-1.1643583,0.09368636,-0.96249026,-1.6627467,-1.0445278,0.36300611,0.39690742,-0.08709578,0.2721774,-0.6329926,0.63316745,0.11735098,-0.7923598,-0.2476156,0.25032377,1.0448987,0.51943165,1.0789003,-0.15933223,0.28690168,0.4706728,0.7173804,0.13962273,-0.2670754,0.6225046,-1.0564218,1.4260063,1.2797565,1.6033919,2.3449328,0.84433544,-2.0287626,-1.0755187,1.3974009,-1.651202,-0.47146282,0.9077215,-0.5662149,1.9541538,-0.89197195,-0.9104578,1.3636217,0.18278429,-0.24081036,-1.4507979,-0.97670186,0.61478823,0.26706418,-0.55642045,-0.083428726,-0.2658817,0.021190777,-0.7166471,0.030218244,0.12913707,0.17182891,0.7680088,1.7153847,-1.2088546,0.19647014,0.75573045,0.02220354,-0.08679626,0.32155243,-1.0099003,0.104013994,0.61237574,-0.7898675,-0.4197876,0.7254698,-0.48761517,1.2272936,-0.16104981,0.6457798,0.29844815,-0.02790184,0.2795722,-0.25323212,0.4814678,0.7732437,1.2360691,0.51297456,-0.9078204,-0.033762835,1.0229125,0.99491185,0.85657865,0.5438347,1.5195242,0.3451124,-0.25261375,0.43234158,-0.5753574,0.17547952,0.16608706,1.0893931,0.13902922,0.30396315,0.32960162,-1.159728,-1.1147907,-0.036694296,0.1425057,-1.1759884,-0.48090443,-0.50221044,-1.2661363,-0.3381997,-0.7017805,0.07757987,-1.1201086,-0.6742298,-1.143703,-0.58362615,0.62236226,-1.0983875,-0.35127687,0.5042019,0.15181217,0.36662674,-0.5723947,0.20870371,0.6363703,1.0010862,-1.4354634,0.7031559,0.38603318,0.7375223,1.3100963,0.039133657,0.7190523,0.22908744,0.66196185,-1.5097059,0.7596675,0.6326958,-0.8931384,0.7936461,0.21629381,-0.5889479,0.3760304,-1.5759006,-0.7821766,-0.68834674,0.4204533,-0.06644831,-1.448415,2.0527375,-1.3394296,1.2957697,-1.5824529,-0.58568776,-0.40642557,0.03865265,-2.1413236,1.1164727,0.5346835,0.17807129,0.3513095,-0.4305389,-0.19841053,0.27934247,0.48243934,0.53093183,0.11250468,1.1589516,-1.5076214,-1.1889638,0.41197944,1.0520922,-1.2620233,-1.3887045,-1.3506652,-0.1786185,0.64418864,-0.48666197,0.5923869,1.2087537,-0.24923249,1.110807,-1.0646565,0.29273576,0.61632425,-0.6810806,1.4536563,0.4838354,1.5013367,-0.8540493,-0.6554104,0.7032205,-2.1499498,-0.27157924,-0.85837746,2.0491033,0.76371515,0.038206436,0.29360238,0.6247606,-0.9456872,-0.106587194,0.71824664,-0.5313411,1.4604208,0.52979577,-0.5580398,2.0858912,0.6452432,0.42782316,-0.9444415,-0.34192276,1.6596117,0.36323267,-0.78738546,-0.6710037,-0.32353374,-0.412088,-0.12534672,0.154748,0.5706673,-0.2923702,1.2220325,0.6196571,-1.0135738,-0.64233667,-0.7045416,0.6912252,1.2167431,1.218352,1.479358,-0.12077539,-1.3008485,-2.137935,0.1937978,0.8318261,0.21681957,0.28745383,-0.76962596,0.02577464,0.60171807,0.23139651,-1.3242573,-1.5475285,1.5292104,0.2780519,0.21606179,1.5389845,-0.62564945,-1.3301673,-0.36920506,0.8534528,0.17302468,-0.52285945,-0.42316508,1.2063727,-0.5041306,0.93569624,0.6338852,0.07728424,0.12875786,0.23104227,0.5382479,0.8436454,-0.81307346,-0.96343297,0.1571914,0.6207861,-0.784587,-0.60398376,0.35112947,-1.9872799,0.7931974,-0.21536116,-0.2616965,0.2686888,-0.27053908,-0.5910986,-0.3790753,-0.8734091,-1.3426931,-1.1778345,0.07651889,-1.417189,-1.0794531,0.96640825,1.8088562,-1.6016417,0.05248635,0.6210286,0.25732753,0.106636785,0.3968873,-0.44073296,0.41062403,-0.8507582,-0.24481817,-0.24384752,-0.9353876,-0.77023685,-0.13509716,-1.0698301,-1.0236466,0.85974634,1.5168425,-1.622163,-0.57784355,0.02961949,-0.84998083,0.46466094,0.24617684,0.5275348,0.07658617,-0.52421683,-0.4163424,-0.03072315,0.643857,-0.13727677,-0.44370824,0.647268,-0.17950457,0.028008033,1.5823759,0.060078733,0.38068599,0.6274755,0.70200044,-1.1135643,0.031497274,-0.08342551,-0.36464688,0.77828383,-1.8848917,-0.73866767,1.5923489,-0.3168334,-1.1010845,-0.45569587,0.65017694,-0.10387798,0.21005687,0.38564235,1.3355124,1.5058019,0.8912346,1.9777839,-0.6542729,-0.8772747,-0.6418704,-0.23391561,-1.0978048,-0.657285,0.78511584,0.75012004,2.3721294,-0.760789,0.26160058,0.73689663,-1.2038915,-1.0371373,0.51790774,0.8087187,-0.056999754,-0.7530918,0.20002623,-1.1611035,0.19702029,-1.3475784,-0.6154679,0.17347573,0.34845263,-0.42452106,-0.27634963,0.44543904,0.42990524,-0.9401163,0.3926587,0.9345436,0.5468067,-0.13668413,-1.073103,0.18570673,-0.25985667,-1.3330529,0.33335266,-0.5352271,-0.8550606,-0.10020679,-0.14926803,-0.45700797,-0.72653115,-0.36279613,1.0610982,0.76619804,-0.1880372,0.37569803,-0.3729086,2.2117429,-0.6496274,-0.27519956,0.59180886,0.9180418,-1.9573303,0.27919227,-1.4600507,0.1327255,-0.4299101,0.51048636,0.5819455,0.862119,-0.26279107,1.0890384,-0.18306316,-0.025249433,-0.4128813,0.854499,0.34267908,0.40579548,-2.192267,1.4722117,-1.1321301,-1.0965335,-0.0506135,0.67420197,-0.63846385,0.12906656,-0.29908517,0.58365476,0.13997945,-1.0639105,1.2513323,2.1265306,-0.8509299,0.045005478,0.24055202,0.4425252,-1.2140365,-0.16178307,2.574317,0.27239686,1.0959512,-1.1551689,-0.24693938,0.24778369,0.06370851,-0.99954253,-0.2721023,-0.77426416,0.11639811,1.0669515,-0.33183318,1.1590462,-0.707193,-0.069461994,0.9144241,-0.988404,0.43677798,0.4953974,-0.39741793,-1.2029186,-1.5113732,0.25859326,1.0213054,-0.15803182,0.36659116,0.71332294,1.3146555,0.8405303,-0.35549706,-0.6040894,0.76051044,1.1256436,0.38667583,-0.45679742,-1.0550222,0.99176216,1.5094477,-1.1249179,0.3879531,-0.5551478,-0.7883373,-1.0279821,1.0643537,0.50103164,0.10284493,0.9723576,0.404519,0.36126414,1.0247355,-0.9919466,0.65709275,-0.41912475,-0.6123486,0.15002164,-0.30993563,-0.9552519,0.18358482,-1.4414833,-0.57331574,0.033874195,1.2659457,-0.43487692,-0.03354653,-0.65492266,0.673757,0.013855094,-0.044872306,-0.61197776,-0.28319138,-1.09518,1.7913357,1.1793638,-0.10726669,-1.8122876,0.62334555,0.6311133,0.34785157,-0.17331228,0.86110246,0.23815148,-1.4201733,-0.102795765,-1.5223598,0.018024728,0.47806495,1.3854984,-0.80845135,0.83098257,-1.4882942,0.94778025,-0.18689801,-1.0112102,-0.13841167,-0.039680623,-0.31683654,1.8996757,0.5989684,-0.10458877,0.22404031,1.4351127,0.92571247,0.12594786,-0.54845226,-1.4660134,0.38550287,0.7143761,0.037244223,-0.6917596,0.18201181,0.2663135,-0.20052536,1.4157752,-0.60734403,-0.5043359,-1.0210934,0.12588072,-0.51770246,0.02056812,-0.89537513,-0.4597241,-1.226364,0.09203915,-0.6865422,-0.50967807,1.0397617,-0.9390894,0.54489493,0.19775999,1.0638201,0.97454643,1.0945898,0.5632362,-0.7590233,0.14708109,-0.9713923,-0.5211589,1.0567762,-1.3121455,-0.17806508,-0.14847997,0.99237764,1.8896662,0.5117785,-0.4856221,0.8468075,0.0043676076,0.081298836,0.089295015,-0.46875602,-0.75442445,0.4076,-0.2745096,0.2779737,-1.6326668,-0.8488351,-0.42119732,0.69904023,-0.09959255,0.3982835,0.02087577,0.46220312,1.2332472,0.5013299,-0.3730242
ツ,-0.8803628,-0.5474811,1.2229697,0.41278768,-1.0035468,-0.93847364,-1.2431952,1.5554228,1.2606649,1.7218457,0.020013332,-0.48953375,-1.2235278,2.4962912,-0.78335065,0.18512113,0.5515807,-1.5880634,0.28149635,0.1875409,0.2281581,0.5451088,0.07025085,-0.9577585,0.7230224,0.38142988,1.0531696,-0.2522374,-0.5905227,-0.9608254,0.2002186,-0.5847153,-1.3288703,-0.35666052,0.22607803,-1.080021,-1.60492,1.4931264,-0.15574121,-0.8715612,-0.86502117,0.83871406,0.25199887,-0.5439533,-0.79355955,-0.29090026,1.6721921,-0.18534575,0.8605922,-0.42171323,-0.67737794,-0.639484,0.34659377,0.95744985,0.3824073,-0.10643536,2.150879,0.6862909,-0.54846674,-0.41070938,0.5245777,0.3387814,-0.9323258,-0.756496,-0.07127844,0.22296041,-0.6365936,0.27057338,0.07926232,0.1534381,-2.1814272,-2.0925188,-0.2547916,1.6739306,-1.6606327,0.2822412,-0.22226565,-1.2693456,0.24336572,-0.7028339,0.48106417,-0.42631963,-0.5081528,1.3155568,-1.0298308,-1.2706512,-0.31269503,-0.6621444,-0.92436975,-0.14189057,-0.78637284,-1.7370299,-1.1066442,-1.3792666,1.5784101,0.6467728,-1.1076037,-1.5084767,-0.63783884,0.38009468,0.05532706,1.5711555,0.83711934,-0.7600536,-1.079255,-0.57466894,-0.8773704,-0.086761914,-0.25977442,0.19060196,0.34160408,0.7332019,0.32830444,1.734027,0.26944357,0.49433208,-1.8875651,-0.27416855,-0.5378186,-0.113952816,1.3217484,0.92427915,-0.7863066,0.7416777,0.054568112,0.6608084,0.20738554,-0.69762987,0.28504574,0.84543806,0.51449925,0.35152078,2.542162,0.92307717,-0.33330595,-0.59784037,0.49318042,0.3424027,0.38368407,-1.1432005,-0.75237465,0.6635889,-0.20781292,0.002963533,0.6686241,-1.1807785,0.13960941,0.9730956,1.6164008,-0.34667674,-0.6819682,0.20053373,-1.8981733,0.46501788,1.8058792,-0.10892612,-0.07710747,0.57153034,-1.177096,1.197333,-1.1441041,1.1895137,-0.64568585,0.67904335,-0.82608885,0.6244181,-0.9039145,0.31926563,-1.185242,-2.0034559,-0.92638344,0.047963694,0.3942637,-0.12426581,0.54024285,-0.04724214,0.12911008,0.22487724,-0.98020965,-0.9115625,1.386778,0.76584363,0.25560132,1.484255,0.118209325,0.44444025,0.46734142,0.5938483,0.3916501,-0.28259593,1.499431,-0.9324441,0.97300076,1.3357415,0.44528627,2.9561436,0.7242437,-1.5626079,-1.2452859,1.716702,-2.0871801,-0.83569425,0.7284804,-1.3486357,0.55919176,-1.7473444,-0.53627664,1.665731,0.7953465,0.31149343,-0.79994607,-1.0927399,1.1059799,0.8669928,-0.30098715,-0.09340013,-1.0262123,0.04111157,-0.69711727,-0.66307116,0.9444961,1.0225645,0.6131328,0.56297266,-0.9341151,0.9044519,0.56471163,-0.27926505,0.31239554,0.6304296,-0.5940078,0.19003332,0.4288652,0.28069222,-0.088893116,0.459262,-0.41754174,0.9375008,0.09150598,1.1161602,0.83731633,-0.98492885,0.19292708,-0.1983584,0.070589624,1.1965866,1.084139,0.26867452,-1.8080338,-0.67605233,0.4694972,1.4837757,0.3427371,0.04465993,-0.01766335,1.422369,-0.37082455,0.075597115,-0.8354485,-0.6099039,-0.07528571,0.42639866,0.7720824,0.16200182,0.368718,-0.7643861,-0.43101534,-0.14943914,0.65852946,-0.9477809,-1.2773565,-0.50412315,-0.80681634,-0.08794263,0.99256134,0.6392431,-0.17512374,-1.1537188,-0.4041634,0.63076687,0.72738856,-1.6121539,-0.012123466,-0.18959183,-0.5494967,0.34211394,0.3140112,-0.12592831,-0.10189429,0.43081963,-0.7869468,0.5422484,-0.422832,0.5305839,1.6212708,0.5372701,1.154438,-1.108848,-0.28458974,-0.16717756,0.6337527,0.3306457,-1.8454701,0.9095717,-1.0694327,-0.6932044,1.3959664,-0.885928,-0.30854118,-1.2100048,0.35783756,-0.27978674,-1.5191435,2.184075,-2.2247643,0.96783066,-1.6816114,-0.9210079,-0.7778917,-0.60696083,-1.065004,-0.18275799,-0.42070746,0.062099487,0.450807,0.3209659,0.29812655,0.58414316,-0.1136634,1.7739426,-0.10205686,0.4025022,-1.4211642,-1.2909371,-0.34912536,0.2609982,-1.4784317,-1.2476736,-1.015639,-0.09166049,-0.30587783,-0.08643279,-0.6658489,0.8571763,-0.19130535,0.13035761,-0.7077399,-0.9394386,-0.17007457,-0.9958828,1.2847663,0.21270014,1.3178347,-1.2175621,-0.9025448,0.67955613,-0.6128393,0.5512928,-0.11489212,1.7093401,1.1446882,0.73161596,0.2483155,0.80902404,-0.3521278,-0.44826606,1.5317478,-0.041559156,2.23494,0.2872016,-0.033615153,1.4967655,0.066313,1.2443216,-0.3506045,0.35382077,1.5388533,-0.25190285,-0.6920857,-0.4595971,0.21693547,-0.24969848,0.047975507,0.6742179,0.16159268,-0.14131497,0.5793791,0.48875543,-0.20295358,-1.4380916,-0.17795737,1.5880517,1.3087933,0.95882505,1.8093257,-0.241729,-0.3691289,-1.5420208,-0.08527235,0.72567296,0.5728649,0.44591975,-1.9181668,0.2408957,0.875282,0.43747213,-1.736436,-1.600602,1.9227418,0.54240894,0.59754324,1.5607566,-1.4042941,-2.1881576,-0.7006704,0.09681552,-0.43816307,-1.371736,-1.0702137,0.18005066,0.67239094,1.2341079,0.7960904,0.93073195,-0.2532627,-1.054619,0.14134501,-0.23975538,-0.49873075,0.66206545,0.15172161,0.20935367,-1.5215689,-0.7362159,0.73735195,-2.2794359,1.2276808,-0.23420896,0.47493032,-0.44085327,-0.24617492,-0.83028835,0.08170648,0.15332973,-1.0047818,-0.27866694,1.191624,-2.1155226,-0.8815937,0.60709697,1.0808126,-0.05324149,0.1903917,0.79313236,0.057488218,0.85556054,-0.12938952,-0.5325686,0.1746443,0.26963034,-0.061177988,-0.16165392,-1.0262074,-0.80857086,0.6479334,-0.82049793,-1.2152052,0.736648,0.49892616,-1.685195,-1.3017282,-0.371357,-0.51961,0.44716778,0.66541225,-0.13433239,-0.4044974,-0.6530297,-0.32664922,-0.15506075,0.19239248,-0.34429932,-0.16630594,0.25534025,-0.9974654,0.08326718,1.5843095,-0.010997713,2.030625,1.6324209,-0.38647628,0.627171,0.52096987,-0.5425863,-0.22650589,0.7552729,-0.68461585,-0.49615705,1.5976887,0.327855,-0.72003347,-0.060352672,0.37425044,-0.8986583,-0.59829825,-0.23139413,0.66670567,1.3966036,1.3687156,1.5602237,-0.3336191,-0.048390727,-0.5514267,0.32527632,-1.8868799,-0.13620518,-0.34918818,0.48066783,2.0417786,-0.58156693,0.7262395,0.5609164,-0.9982683,-1.7706251,0.4316026,1.0026064,-0.21415238,-0.5472649,0.5561593,-1.3576962,0.35210776,-1.6954746,-0.36368337,0.73579234,1.2249159,-0.7636132,0.6162742,0.7725716,0.07146593,-0.8103989,-0.3178128,0.79012233,1.7839411,-0.4059763,-0.65346146,0.50832886,0.03786849,-1.4021286,0.049172077,-0.9975702,-0.8763905,0.0931448,-0.10778343,-0.30145928,-0.37419066,-0.85463715,1.2163885,0.7357502,-0.5765137,0.7418349,-1.0904615,1.507944,0.52877766,-1.2916334,1.3150607,0.9583378,-1.7498935,0.8361252,-1.5654616,1.6476855,-0.765666,0.7790808,1.3240739,0.2412215,-0.22474293,1.4916443,-0.64316934,0.15095791,-0.35578656,0.55178565,-0.42781854,0.33433,-1.3230062,1.2928485,-1.2733068,-0.42517483,0.26820895,0.50263214,-0.6430451,-0.05852869,-0.38217115,0.07971552,0.41367936,-1.3260047,0.40994298,1.74801,0.063622,-1.6289024,0.13362207,0.026827706,-0.24356256,-0.37392816,2.0527065,0.25384372,0.30188522,-1.2612299,-1.2338119,0.9489637,-0.28961256,-1.4808722,-0.5728901,-0.38073364,-0.09218507,0.021179983,-0.45506588,0.99911016,-0.51088923,0.3661865,0.7378695,-0.8269884,-0.001625518,-0.0489036,-0.44894087,-0.7655267,-1.4861478,0.08892418,0.4463645,-0.8962963,1.1085645,1.4744668,1.3320885,1.0528022,-0.0760201,-0.24944675,0.66424125,0.44057152,0.72253436,-1.2632396,-1.4873878,0.49766907,0.6354129,-0.21936126,-0.14281867,0.97009826,-0.23667021,-1.6928035,0.8418972,-0.1842637,0.049251586,0.72933453,0.45447734,0.05377839,0.8680339,0.058208365,0.50342315,0.12527966,-0.31360474,-0.3773959,0.5046206,-1.3557491,0.15307292,-0.48099938,0.34532675,-0.587265,0.41834852,-1.6522794,0.7228047,0.122140974,0.57449335,0.70595574,0.4573801,-1.3000848,-0.4027715,-0.2311203,1.1831695,0.93063307,-0.30119845,-0.4009033,-0.05229725,1.2221178,0.7856393,-0.12720315,-0.12284076,-0.19029082,-0.04401661,0.1207968,-0.6305616,-0.83969134,0.20203185,0.079383254,-1.0619293,1.6855282,-2.1393383,0.8821688,0.41566822,-1.7885722,0.47184289,0.17817003,-0.60067946,2.4912665,0.9115421,-0.5218163,-0.19283642,0.72108275,1.0913105,-0.9930096,-0.15221852,-1.0535096,0.4937879,0.9498081,0.10818521,-1.1881136,0.4609358,0.8311627,-0.16155596,1.3395077,-0.4599068,-0.5088705,-1.3245145,-0.13696525,-0.65482116,0.23791264,-0.16587122,0.3325975,-1.5137426,0.9874818,-0.6381696,-1.4081315,1.3765529,-0.5930008,-0.12157419,-0.7495281,0.9103303,-0.102769434,0.36331546,0.55425143,-0.7120109,0.015595044,-1.1847701,-0.9374047,0.6108256,-0.6689442,0.97602654,0.36097503,1.0286126,1.387721,-0.13885823,-1.7575411,0.72329766,0.385372,0.54263,-0.60214394,-1.0252873,-0.5995745,0.15595512,0.19262303,0.9552143,-1.9680527,-0.17018588,0.029662272,0.40232107,0.32991096,0.48396567,0.22578298,0.3689462,2.1742563,0.90598685,0.24307829
ワ,-0.335642,-0.48754048,0.9602949,0.93587905,-0.66284984,-0.59110194,-1.1130813,0.60487896,0.9760584,-0.26506448,0.79048395,-0.60414714,-1.3372074,1.7739438,-0.6137015,0.24147592,0.9245668,-0.473554,0.37130842,0.012121946,0.9305007,0.61474174,0.43960485,-0.422886,0.60118127,0.6828785,0.79418904,-0.036713213,-0.14387652,-1.0498277,-0.10174786,-0.4478602,-1.0329305,-0.64858806,-0.19272257,-1.168526,-1.4281864,0.85613495,0.10606027,-0.7029546,-0.82782936,0.9516496,-0.32229954,0.27282813,-0.85502076,-0.10525143,1.8349648,-0.26870492,1.0355054,-0.24717243,-0.59195113,-0.51915044,1.1986934,0.67290944,0.69143075,-0.49682486,1.1820558,0.6578014,-0.19441883,-1.0962629,0.567553,0.8162057,-0.9426775,0.10242667,0.3534262,0.9554592,-0.02178868,-0.01086387,-0.08797971,-0.09691026,-2.2974527,-0.8406103,0.20082434,1.152965,-1.3736243,0.4659575,-0.40067342,-0.7936003,0.2710996,0.2475246,0.055091858,0.2203327,-0.66906554,1.2660023,-0.8093951,-0.75101525,0.0591705,0.115619265,-1.2421452,0.03156608,-0.07986971,-1.0613376,-1.9131037,-1.3105614,0.8756211,0.21909048,-1.2317692,-0.8709152,-1.6176304,-0.096461095,0.2297644,1.3018008,0.3367441,-0.22070056,-0.9223487,-0.26666915,-0.59527075,-0.5276748,-0.810843,0.54592735,0.34001574,0.3863478,0.4386159,1.426619,0.45578313,0.5645777,-1.2623204,-0.7955192,-0.31691578,0.2373306,1.6627158,0.35820746,-0.8811191,0.31831166,0.18475866,1.0637697,0.22789997,-1.1763548,0.6738494,-0.44357094,0.85251075,-0.3989133,1.7295805,0.55259633,-0.33787492,-0.42555475,-0.42315683,0.038923953,-0.060125735,-0.66357654,-1.0632671,0.06635903,-0.22967507,-0.40340295,0.6074574,-1.1164372,0.46306658,1.1090828,0.9878259,-0.06770597,-0.41535822,-0.29102287,-1.6543509,0.20977588,0.5496171,-0.6632074,-0.42644215,0.006659838,-1.3527137,1.1714892,0.09099149,1.4942051,-0.72559786,0.984021,-0.0056404076,0.013991493,-0.6650288,0.6760301,-0.7110553,-2.3468041,-0.17886621,0.034120012,0.6868448,-0.10133841,-0.046579283,-0.2756687,0.04405846,0.36755538,-1.0757647,-0.025263816,0.88207626,0.99789053,0.2598566,1.5778707,-0.55216026,0.7577366,0.51409954,0.29189172,0.73636484,0.19477028,1.120602,-0.5486935,0.8238757,1.5624094,0.9576309,2.8126214,0.4824468,-1.0448662,-1.2034355,0.89991933,-2.1397452,0.2015353,0.68931675,-0.58041346,1.4755965,-1.312425,-0.99013025,1.6535273,0.8467161,-0.55990565,-1.5742708,-1.4971453,0.9968336,0.7522907,-0.11297501,-0.20653033,-0.67989534,0.14863427,-0.73762035,-0.32142964,1.1098928,0.37247017,0.4144801,1.0895373,-1.0531293,0.18586707,0.57192326,0.29244968,0.6137466,0.36696997,-1.1083945,0.444371,0.96766716,0.57929087,-0.72360206,0.6480277,-0.88884145,0.28141463,0.032446712,0.8502574,0.51764506,-0.3913283,0.48506698,-0.9356466,-0.07601719,0.44994664,1.8627685,0.3465911,-1.7599691,-0.23653525,0.54001117,1.2683064,0.5850024,0.3679122,0.2779026,0.6788617,-0.5653687,-0.24568306,0.21521598,-0.413016,-0.01381356,0.99899346,-0.4394981,0.8027125,0.28179294,-1.0664454,-0.35216236,-0.004994271,0.058154855,-0.8486584,-1.1761897,-0.4430636,-0.71204096,0.39262927,0.07994328,0.68216044,-0.7364045,-1.0396346,-0.23623729,0.43856493,1.4335494,-1.023387,-0.4260415,-0.1412919,-0.6733629,0.17554379,-0.36997947,-0.40356842,0.5128129,0.58530253,-1.1724002,0.77989405,-0.28783938,0.38884833,1.3805968,0.061825845,1.5015262,-0.15344697,0.4271475,-0.7067639,1.1014229,0.7856471,-1.5491285,0.5820267,-0.7363612,-0.49816263,1.4197863,-1.0459698,0.0025022726,-0.799244,0.24621634,-0.1561686,-1.5128139,1.497152,-2.265547,1.3225268,-1.7386609,-0.50891215,-0.81043786,-0.4734963,-0.9564212,0.8627463,0.3674178,0.45500937,0.33192855,0.044669807,0.018051045,0.059422478,0.36900938,0.83320254,-0.6650706,0.6059463,-0.58673984,-1.3299738,0.021651536,0.75086546,-0.86942035,-1.4242204,-1.1186434,-0.103564225,0.6077843,-0.64972955,-0.22729957,1.1625656,-0.06033236,0.5079499,-0.8206968,0.47994736,-0.12012506,-0.44327852,1.3351488,-0.07978151,1.4270706,-1.1152297,-0.23843431,0.47496238,-1.740332,-0.041544348,-0.6982532,1.9459137,1.062807,0.03409657,0.002488993,0.49451205,-0.40387663,-0.95837784,0.8507876,-0.15225457,2.0944989,0.39446115,-0.5525139,1.1799357,0.5206519,1.3580122,-0.57173514,-0.26776233,1.9218721,0.028955648,-0.4429655,-0.3860022,-0.4180251,-0.08972465,-0.24831623,0.65486664,-0.5344092,0.08262943,0.66907793,1.374291,-0.77143496,-0.97688323,-0.44776487,0.56118345,0.92777824,0.819421,1.3922704,-0.4590929,-0.5350689,-2.281181,0.36047992,1.5356102,-0.017924964,0.32025942,-1.8248292,0.53316957,0.45830247,0.23771854,-1.1560321,-2.2618208,2.0977907,0.5538603,0.28334007,1.819724,-0.7860279,-1.9464751,-0.15992904,0.25106612,0.42873165,-0.99397224,-0.8335683,0.4687607,-0.05193426,1.1097423,0.5938073,1.1373895,0.08006283,-0.48125124,0.33155438,0.38477382,-0.65598935,-0.40596104,-0.30140173,0.6208142,-1.0548978,-0.9786827,-0.03623781,-1.684493,1.0974731,-0.64427644,0.046228603,-0.6454272,-0.18404613,-0.94182277,-0.5130648,-0.2236676,-1.5043968,-0.5082434,0.22689389,-1.0907248,-1.6315554,1.0244106,0.9123008,-1.672211,0.0050148466,1.308024,0.20433092,1.1756243,-0.08629781,-0.032704085,0.26650897,-0.19954629,0.24051411,-0.5542595,-1.212999,-0.7835488,0.10754592,-0.7675813,-1.2212652,0.5663018,0.7549431,-1.9403938,-0.81631404,-0.36796275,-0.48642656,0.70123094,0.5318983,-0.21512462,-0.41419402,-1.164138,0.120530635,-0.33205578,0.021417296,-0.44578758,-0.2584552,-0.020470528,-0.19361424,-0.10180214,1.0913144,-0.03327952,0.9591394,0.71874386,0.15447712,-0.76465416,0.48436704,-0.59291184,0.2868738,0.55428046,-1.2989036,-1.0818046,1.5213423,0.023120577,-1.3148303,-0.03351161,-0.017060041,-0.12250388,0.04697305,0.15772365,0.4143233,1.8506149,0.9887282,1.8907725,-0.29876733,-0.50897,0.06361255,0.49119782,-1.2545673,-0.9537453,0.20486093,0.40677464,2.1577065,-0.085905135,-0.121632755,0.9693995,-0.74951607,-0.94582766,0.614857,0.09017402,-0.32414326,-0.43900347,-0.027357569,-1.1414427,-0.007223507,-1.1009998,-0.02822181,0.71491104,0.66062635,-0.46149242,0.3344098,0.42593482,0.24959767,-1.2277664,0.7794785,1.0731192,1.8438482,0.040013075,-0.89110714,-0.2077385,-0.40645018,-1.9358984,-0.114777744,-1.0360277,-0.52501106,0.26369265,-0.8330364,-0.14638627,-0.8456228,-0.38385308,1.2780669,0.14331391,0.030014882,-0.049886018,-0.92330164,1.6538628,-0.38749042,0.087325074,1.6315389,0.39471754,-0.7264263,0.62543243,-1.0346926,0.76029235,-0.6924758,0.993583,1.2674366,0.2972925,-0.6024124,1.4291579,-0.3028668,-0.5634307,0.00083052117,1.05107,0.22293645,0.3440198,-2.0819798,1.155708,-1.8713964,-0.9082138,0.40289977,0.32136574,-0.5628736,-0.35378623,-0.21083392,0.3253629,0.15154372,-1.1258527,0.28174248,1.507753,-0.48329818,-1.2555903,0.9385341,0.12432235,-0.79885477,-0.2908779,2.888897,0.7584946,1.2112339,-0.93214065,-0.5571739,0.17340565,-0.16836365,-1.3891634,-0.18391573,-0.25745252,-0.43453482,0.4873307,-0.26590413,0.7805293,-1.5564307,-0.38702556,0.8371105,-1.025724,-0.35063982,0.48344526,-0.40261328,-0.7392371,-1.5975736,0.40737355,0.7791589,-0.5307017,0.46484283,1.2326707,1.5167121,0.5651528,-0.33421883,-0.6887272,0.59700316,0.94033694,0.5123656,-1.2093431,-1.8300315,0.13022712,1.3939632,-0.5504281,0.40543404,-0.1260007,-0.35021654,-1.6239482,1.0878909,0.005094737,-0.051155906,1.0041437,0.42621565,-0.36490032,0.839828,-0.20374691,0.5108075,-0.3900822,-0.4630424,-0.27391782,-0.045478027,-0.9485772,0.38503945,-0.5815647,0.4658681,-0.19126296,0.80001456,-0.88826007,0.5368715,-0.4176519,0.6445313,0.5144377,-0.2257434,-1.0661856,-0.4422275,-0.09844479,1.5594934,0.6717987,-0.33984026,-1.0681014,0.24203424,0.39851537,0.859184,-0.3449925,0.34223092,0.2317475,-0.40855098,-0.18407612,-1.049393,-0.17524374,0.3127512,0.57531303,-1.0120481,0.7804055,-1.1139609,0.75427264,0.7804098,-1.174568,0.5924947,0.16187234,-0.6642067,1.7928659,0.87030214,-0.25928107,-0.08542689,0.6897368,0.7852273,-0.2282247,-0.22785692,-1.6627866,1.0335954,1.324419,0.48828688,-1.6165005,-0.0034249425,-0.18446629,-0.5457416,1.6890777,-0.35149145,-0.80508786,-0.97064716,-0.4762111,-1.0630494,-0.0329361,-0.70479083,-0.009373288,-0.87298536,0.40366903,-0.8242829,-0.49298325,0.50416034,-0.749769,0.23798327,0.030920079,1.1837897,1.1257266,0.8619757,0.48439753,-0.54765797,0.6430946,-0.94889754,-0.37248006,0.48524377,-0.58063847,0.84893847,0.3706853,1.2396268,1.5979872,0.21279736,-0.78667,0.77296525,0.3693342,0.1444908,-0.14321864,-0.85844463,-0.24480444,-0.34359458,0.16713412,0.7034467,-1.61897,-0.10948532,-0.22755694,0.2945136,0.7656555,0.5872548,0.43665418,0.36576852,1.8707336,0.20615609,-0.19513357
コ,-0.6370227,-0.77894676,0.88008356,0.3545401,-1.2977132,-0.6565515,-1.4980501,0.95421594,1.47923,0.25787178,0.90109,-0.9875124,-1.0637529,2.3852808,-1.0878578,0.1256082,0.96976274,-0.71793467,0.40567437,0.06180944,0.43519053,0.72359115,0.4713237,-1.0649607,0.9170948,0.93762004,0.93846864,-0.5583962,-0.93808186,-1.0432881,-0.0106437635,-0.6223629,-1.317003,-0.48753214,-0.044173557,-1.0575916,-1.8776085,1.4513489,-0.3121678,-0.67724305,-0.73583955,0.7798449,0.29768524,-0.04870465,-0.8593269,-0.27662644,1.711138,-0.3470927,1.154307,-1.0070435,-1.214117,-0.5321893,0.6705769,0.94137156,0.8090752,-0.18051447,1.3174751,0.53722245,-0.70798784,-0.47914964,0.0908915,0.47824723,-0.9066128,-0.4880626,-0.054935575,0.6498724,-0.30318362,0.107029565,-0.19838521,-0.0010818243,-2.0325851,-1.8771363,-0.10439553,1.5359849,-1.5712233,0.6405956,-0.038257044,-0.9579066,0.4911345,0.22949699,0.49566916,-0.11860091,-1.0008713,1.5590608,-1.0405635,-0.95774883,-0.27069363,-0.6742419,-1.0607057,-0.39843675,-0.9628482,-1.7709725,-1.2348922,-1.4714056,1.3388182,0.675816,-1.033235,-1.1396925,-1.4182966,-0.072392456,0.27501586,1.3076285,0.9063763,-0.4811181,-0.82484114,-0.53978086,-0.1963722,-0.20623699,-0.30949232,0.57448024,-0.028625837,0.16281177,0.5300109,1.2286199,0.5460161,0.5574417,-1.4251556,-0.9816204,-0.5718156,0.79246956,1.4319313,0.71241045,-0.41119027,0.68158966,-0.18633996,0.82989836,0.048284125,-0.74227893,0.14780332,0.54142076,0.8069511,0.08827909,2.3902555,0.81022847,-0.82675076,-0.9240637,0.17638847,0.31905168,0.6643523,-1.5203804,-0.54707587,0.49145344,-0.4076663,-0.27351186,0.5817336,-0.7905158,0.00068777584,0.6145617,1.9350227,0.16815218,-0.4251678,-0.3336529,-1.812543,0.54549056,1.3116182,-0.24874847,-0.06922155,0.57759684,-1.4108093,1.0860966,-0.87221146,1.523711,-0.7022118,1.0089052,-0.28526512,0.55974,-1.1517155,0.751304,-1.4632109,-2.4838023,-0.68643016,0.011057854,0.7569619,-0.13448201,0.4603775,-0.38838345,0.20083964,0.43317232,-1.2790861,-0.23040207,1.2460614,0.7185106,0.194856,1.0560623,-0.40098307,0.40404034,0.98913234,0.6683307,0.7336195,0.52149737,1.2172787,-0.73140824,1.1863282,1.4954336,0.50451213,3.1054902,1.29403,-1.4915113,-1.5722618,1.3495008,-2.375548,-0.8605603,1.1575042,-1.6406345,1.0817362,-1.5039455,-0.8306092,1.6632065,1.0581856,0.051577505,-1.1424012,-1.1975247,0.872787,0.72452563,-0.156285,0.031952776,-0.6898082,0.1299186,-0.8307171,-0.5765666,1.3225416,0.736944,0.32935885,0.6027231,-0.87524813,0.27165022,0.4168698,-0.29066235,0.4265081,0.6161771,-0.8746377,0.47932908,0.982777,0.3303183,-0.35985848,0.5410725,-0.514722,0.664546,-0.28705278,0.66409576,0.83114207,0.111015454,0.02599295,-0.539874,0.59452313,0.7014656,1.4217012,0.22898833,-1.950408,-0.7050334,0.19556566,1.1027797,0.3702686,0.64332724,-0.008595773,1.2683138,0.12677693,0.15717538,-0.41209418,-0.8093206,-0.27087528,0.45593923,0.67314845,0.10978998,0.02920601,-0.8127453,-0.7801307,0.43682104,0.47112492,-0.91431475,-0.9686045,-0.6359574,-0.44900507,0.40888825,0.35383138,0.2948181,-0.3760963,-0.73139524,0.017007623,0.61030644,0.4157353,-1.6283686,-0.427565,-0.09714663,-1.1554917,0.61717093,-0.1429732,-0.14135574,-0.11230469,0.20484962,-1.4385315,1.0927418,0.012633272,0.76294965,1.4778966,0.037824307,1.3863885,-1.016026,0.116367616,-0.3739145,0.7205224,0.54517907,-1.5702896,0.90142095,-0.9397477,-0.47485113,1.0612417,-1.1605171,-0.1104635,-1.0430827,0.042586174,-0.3774728,-1.2203243,1.5861484,-2.1329594,1.7121738,-1.9443004,-0.66703635,-0.77459687,-0.65807563,-0.93633395,0.050240345,-0.0014637411,0.052970495,0.44401357,0.15433048,0.32511646,0.17937993,-0.27858,1.4653679,-0.10606414,0.2569264,-1.0563928,-1.5880202,-0.61066014,1.0430616,-1.4567176,-0.9191283,-1.3496487,-0.5473017,0.026385766,-0.17959411,-0.41893595,0.94686854,0.008746649,0.05932018,-1.0290211,-0.7857409,-0.035501096,-1.0860316,1.3554621,-0.12974957,1.5460308,-1.448507,-0.7079029,0.6578577,-0.84999657,0.13796024,-0.26522923,1.9343169,0.9451741,0.5870823,0.57380027,0.75677294,-0.4060494,-0.6261391,1.3814958,0.43957135,2.1332564,-0.12252988,-0.45714188,1.3688666,0.4912415,1.038533,-0.032657336,-0.15400004,1.7956412,-0.40061545,-0.56908077,-0.23678844,0.19532469,-0.21028511,-0.24362151,0.9518596,0.2577931,0.32794854,0.7345172,0.88133526,-0.38864967,-1.3941612,-0.57452106,1.2605112,1.1732103,1.3733985,1.518293,-0.14427392,-0.5098301,-1.3788582,0.23505607,1.5798798,0.5440568,0.21881136,-1.5323228,0.527742,0.51452434,0.6395674,-1.7290266,-1.4738795,1.9729844,0.90649784,0.23452125,1.4416745,-1.0547261,-1.4886425,-0.9090198,0.18536922,-0.36000618,-1.2975506,-1.0176351,0.17851159,0.2475675,0.9549695,1.2213242,0.87188476,-0.08943274,-0.6411024,0.40606308,-0.035602067,-0.6279691,0.07904848,-0.29597685,0.13437238,-1.2644185,-0.26307282,0.80097425,-1.9175617,0.94850546,-0.031843387,0.30041265,-0.3321395,0.02660817,-0.71778077,-0.16902135,0.024543276,-1.2537386,-0.38605657,1.1318363,-1.650277,-1.0096653,0.82930785,1.2390993,-0.57670563,0.6743024,0.7040795,0.100357465,0.96540654,-0.41725445,-0.47792324,-0.47170264,-0.5074623,0.24220176,-0.69131607,-1.1069676,-0.6331894,0.7227617,-0.48300546,-1.3855307,0.731067,0.18201382,-1.656048,-0.77363366,-0.4580612,-0.035252735,0.4733755,0.7668254,-0.2815389,-0.49136558,-1.0900633,-0.23653889,-0.14515598,0.2354892,-0.29447094,0.05284712,0.1896517,-0.65705925,0.63449323,1.5227337,0.16471924,1.8864185,1.1851951,0.15829562,0.10760672,0.7414578,-0.5887837,-0.29673973,0.78337574,-0.95400894,-0.7218251,1.2210718,-0.03517788,-0.97042793,0.19254628,0.7235054,-0.7964296,-0.5526919,-0.18474032,0.5408368,1.3891476,0.98205763,1.5789386,0.24298616,0.5505071,-0.33967206,0.6925569,-1.7297192,-0.51463145,-0.43468174,0.41805366,2.0437036,-0.4580867,0.037293237,0.9290682,-0.7904123,-1.1072475,0.0916286,0.47375408,-0.19043443,-0.80776805,0.51335514,-1.3932974,0.4560391,-2.0506287,0.04201391,1.1767285,0.9901232,-0.6150168,-0.0009385369,0.8206047,0.36342278,-0.72753614,-0.18849717,0.6067901,1.9685532,-0.23154083,-0.70953053,0.46921572,-0.107887454,-1.8622916,0.013117136,-1.3362944,-0.6915036,0.39911845,-0.40516448,-0.46429053,-0.17624328,-0.72012275,1.5387685,0.38425758,-0.20043871,1.009918,-1.2376708,1.3018658,0.43688774,-0.5381722,1.4182507,0.4270777,-1.4844218,0.7703465,-1.9053935,1.2136475,-0.925622,0.6080107,1.6139373,0.18117806,-0.5652663,0.9366345,-0.5490454,-0.033640955,-0.198266,0.4958954,-0.1800193,0.4497497,-1.4623803,1.8187406,-1.5582752,-0.42463246,-0.0102623105,0.54627484,-0.7992042,-0.0900035,-0.43725762,0.120729856,0.13402632,-1.1955967,0.5766197,1.7805958,-0.14065467,-1.7606728,0.55385375,0.53343064,-0.43442208,-0.047137413,2.274379,0.17125964,0.58568627,-1.2332737,-0.86705655,1.023679,-0.20133637,-0.986541,-0.64751184,0.33038616,-0.13139431,-0.2979839,-0.38186193,0.7622069,-0.931476,0.08978134,0.9222573,-0.4335946,0.028571444,0.038134985,-0.40099058,-0.42898682,-1.5221266,0.36761716,0.28093186,-0.7211518,0.83418685,1.2800913,1.77325,0.75181836,-0.5239935,-0.7445388,0.7132637,0.9296409,0.8585438,-1.2701557,-1.7756732,-0.027200492,1.1252884,-0.86721677,-0.017098146,0.37294123,-0.16928598,-1.53215,1.0410045,0.014983237,-0.24064407,0.93281424,0.032811437,-0.34924346,0.75585395,0.2619135,0.4034647,0.42484137,-0.650081,0.15405191,-0.22457434,-0.94552964,0.5937449,-0.56516737,0.53107375,-0.67371565,0.20299782,-1.6042365,0.5939537,0.17874333,0.73824036,0.44168952,0.76052004,-1.462158,-0.73164237,-0.3284115,1.2406574,1.4172453,-0.21536739,-0.8852832,-0.4271297,1.1581852,0.8328586,-0.13828143,-0.016864913,0.5944093,-0.39720076,0.14343715,-0.9253868,-0.2637363,0.5107459,0.19085722,-1.2168894,0.9084019,-2.0429819,0.9884852,-0.24382472,-1.4532312,-0.17732994,0.15540178,-0.3042547,2.1170962,1.0786836,-0.29219842,0.008103644,1.0729979,0.6724078,-0.722427,-0.790819,-1.4654559,1.0922409,1.175759,0.8768267,-1.1775485,-0.37873513,0.81080043,-0.68801755,1.1597868,-0.54385847,-0.6752157,-0.5813871,-0.038378567,-0.9756817,-0.5115457,-0.63991654,0.28641412,-1.3804785,0.60557806,-0.76996547,-0.5662734,1.2002286,-0.16244803,0.06450204,-0.59893787,0.6768696,0.3144023,0.71883553,0.5211927,-0.35393524,-0.21658114,-0.9336042,-0.68825656,0.78820693,-1.1194943,0.7853969,0.5515991,1.1927873,1.6523254,0.22722681,-1.8401433,1.0042593,0.12527743,0.6783461,-0.11786389,-1.1479818,-0.43535593,-0.21186252,0.071252935,0.96675694,-1.6956599,-0.88392407,0.09014802,0.4101998,-0.25563934,0.26987034,0.12062547,0.56115884,1.9664668,0.5066899,0.22334754
オ,-1.0899788,-1.0200793,0.9483114,0.60010636,-0.77749443,-0.4940615,-0.9875079,0.28041226,0.8120835,-0.9293508,0.19472088,0.006002436,-1.5469302,2.0874708,-0.8056348,0.48947427,1.3253387,-0.59144604,-0.18272495,-1.0675453,1.2378153,0.7961397,0.78115106,-1.1133674,1.6604158,-0.12128075,0.31591922,-0.87884265,0.25949422,-0.7544563,0.5536744,-0.09747261,-0.5616512,-0.05010517,-0.18568747,-1.6234579,-1.0505929,0.38621545,0.2230557,-0.27637425,-0.5605312,0.36105242,-0.82065296,-0.104591005,-0.6104169,-0.48607072,1.696815,0.18227047,1.5415419,-0.67046267,-0.4486451,-0.2338779,0.6554158,1.023934,1.0215187,0.27689704,0.69895345,1.2663444,0.105676115,-0.6507959,1.1503545,0.6819229,-1.1759101,0.6123592,0.33274865,1.0604982,-0.10351359,0.14027919,-0.45016432,-0.28984174,-2.3460562,-0.40922913,-0.18185438,0.95645666,-1.5284944,0.9435458,-0.44831917,-0.21212506,0.10185325,0.4406048,0.3378687,0.09700642,-1.1943836,1.3524686,-0.45361805,-0.6858511,-0.46458277,-0.37127852,-1.1287,-0.48934492,0.107477605,-1.1840687,-1.7375168,-1.5083761,1.2831836,-0.19082142,-1.4722356,-0.9375041,-1.334055,-0.056150485,-0.42855477,1.5959959,-0.48889408,-0.50983286,-0.80220556,-0.4262719,-0.9126983,-0.1413819,-0.8879525,1.5157404,-0.17703684,0.20950867,0.51763296,1.2702438,1.3721405,1.0209179,-0.7144952,-0.9538489,-0.2822048,-0.09714806,1.5524731,-0.4394076,-1.1042218,0.04225992,-0.4325335,1.0010843,-0.14863072,-0.54177284,-0.021042725,-0.61693805,0.54815036,-0.7983017,2.1259177,0.69557494,-1.3747038,-0.39471352,-0.37382162,0.48119757,0.73592657,-1.1466311,-0.43389955,-0.26581684,-0.18757935,-0.18328623,0.18202639,-0.7138264,0.013730685,1.72924,1.2657243,0.14289765,0.21159808,-0.41914463,-1.0777812,0.07979913,0.7185202,-0.4909649,-0.19658397,0.35966548,-1.1254143,0.94859904,0.528048,1.2607771,-0.8544798,0.05788116,0.40336195,0.2110461,-0.81065035,0.84179974,-1.0333289,-2.0032175,-0.024298271,-0.31562862,0.18784435,-0.0045552007,0.19230951,-0.509248,0.30165482,-0.045389954,-1.236813,-0.675322,0.8470562,0.5195916,0.10097366,1.684034,-0.614753,0.47441384,0.36909816,1.0254952,0.68335265,0.017591776,0.6006735,-0.6882908,1.2343751,1.0433861,0.788841,2.2064323,0.6268215,-1.9867843,-1.2277898,0.24929877,-2.6720142,0.043732464,0.43038312,-0.6173114,1.9871789,-0.83876044,-1.3796006,1.9705013,0.60034984,-0.43798086,-0.79698557,-1.2665983,0.98343045,0.69030905,-0.60258764,-0.6405719,-0.9973192,-0.12765014,-0.8996482,-0.38676715,1.3396784,0.30585814,0.14725368,1.9436754,-1.2710834,0.3162315,0.34746823,0.38663626,0.3749114,0.5155118,-0.9555467,0.8473897,0.83468693,0.14128335,-0.7979385,0.98271585,-0.8022558,0.39283657,-0.37034845,0.7971409,0.87959355,0.67163724,-0.12950866,0.1430812,0.25743425,0.7429151,1.5501269,0.45955172,-1.3746942,0.06971896,0.18011327,0.67742807,0.6695666,0.30527234,0.46574545,0.73958355,0.045357883,0.6734813,-0.28454378,-0.5581417,0.50271815,-0.096173994,-0.1947798,0.6895401,0.3954387,-1.3030118,-0.11546389,0.71668005,0.016564896,-1.2554666,-1.4378691,-0.9324231,-0.9876326,0.09547684,-0.37756944,0.57722944,-0.68628174,-1.1376323,-0.8079927,0.11739429,0.94804806,-1.2016269,-0.3795773,-0.1423543,0.40336168,0.6668599,-0.34815595,-0.25215366,0.6534055,0.50265354,-1.6160402,0.52802366,-0.397617,1.1616992,1.4066467,0.071696065,1.1949693,-0.87445575,0.4234724,-1.22344,0.63677,0.8848794,-1.404277,0.9681819,-0.10795927,-0.7437448,0.5506992,-0.9448445,-1.007434,-0.3448392,-0.2685707,-0.3075712,-1.7131232,2.200423,-1.5882393,0.7560205,-1.5213041,-0.31433013,-0.71449775,-0.34617826,-1.5468644,1.0140368,0.9141963,0.018300466,-0.25381044,-0.07837993,-0.67065066,0.6955351,0.42992267,0.70576906,-0.6137002,0.87941617,-0.8027441,-1.128682,0.44873455,1.1653254,-1.2109451,-1.8246126,-0.9362574,-0.44177184,0.95061535,-0.08666712,-0.022528961,1.1461023,0.33966246,0.74350643,-1.0280375,0.14721258,0.04514572,-0.18665792,1.2849193,0.12756245,1.9746075,-0.8043256,-0.20383899,1.3449324,-1.52328,-1.0462166,-0.6930263,2.0635252,0.30019525,0.41833532,1.1784749,0.7743607,-0.114122264,-0.97661084,0.9324064,0.4451371,1.7462877,0.3638004,-0.2593178,1.998426,0.3091946,0.42397404,-0.6132097,-0.34531164,1.4742619,0.0670865,-0.2480907,0.25253254,0.022640547,-0.33607438,0.3071808,-0.10355667,-0.07010683,-0.29760787,0.9960794,1.1344651,-1.2373277,-0.98137593,-0.56506735,0.48225427,0.84179693,1.3753802,1.6765175,-0.4485594,-0.38485488,-2.1024559,0.7074093,1.6946449,0.16254365,0.62698036,-1.479339,-0.14283527,0.32700482,-0.033865254,-1.3774112,-1.8056673,1.1486111,0.37853983,0.3198736,1.9238952,-1.2003545,-1.1181039,-0.3099223,0.00086706877,-0.6198039,-0.6583927,-0.5292817,1.0283772,0.022361338,1.1670789,0.20075268,0.24985833,0.1477495,-0.58159834,0.8760261,0.7126419,-0.3070869,-0.81801444,-0.22542079,0.40894756,-1.3895234,-0.7880942,0.2910824,-1.6896276,0.9445688,0.017423213,-0.40456274,0.35545757,-0.9541929,-1.0873939,-1.2525191,-0.812515,-1.0585188,-1.0423808,0.15437688,-1.5459728,-1.337245,0.42263722,1.3506755,-1.2997696,0.49378797,1.027732,0.5794492,0.709763,-0.19843169,-0.20503299,0.10091758,-0.66757745,0.19111763,-0.38907707,-0.78992367,-1.161124,0.63219756,-1.240373,-1.1259264,0.5068452,1.4304565,-2.023113,-0.80622786,0.17284776,-0.3500996,0.16221249,0.9375766,-0.32279652,0.40497264,-0.6295646,-0.50063795,0.13793926,0.59629315,-0.038148805,0.12269384,0.5270707,0.41319585,0.10114197,1.2079453,-0.22011185,0.33382127,1.2153776,0.79462737,-0.9897866,0.37255278,0.13952132,-0.25520003,0.6123683,-0.70071596,-0.8016551,1.186506,-0.29839435,-1.1521589,-0.0695735,0.8495663,-0.6232474,0.11477459,0.014716108,0.7310629,1.9373035,1.3320999,2.427683,-0.033077043,-0.961147,0.07720306,0.59673995,-1.1997727,-1.0260054,0.32018253,0.5483155,2.4859955,-0.30132756,-0.065035395,1.4175278,-0.9180576,-1.0379498,-0.07055022,0.36573276,-0.4880233,-0.6109517,0.37804112,-1.1894358,0.24885018,-1.9051032,0.22287506,0.87828976,0.34183216,-0.72192174,-0.08536295,0.9484172,0.3428671,-0.34782386,0.39756158,0.9296158,1.3903309,0.35743618,-0.84459025,0.5995249,-0.60424036,-1.5925493,-0.12841624,-0.32594332,-0.39593196,0.33658683,-0.018280515,-0.25549322,-0.26839373,-0.54733294,1.3082657,-0.28158727,-0.1141602,-0.057417274,-1.2648973,1.8081087,-0.23584783,0.08835838,0.9317808,0.13654877,-1.6813732,0.41634586,-1.5066522,0.6165594,-0.37885198,0.3226702,1.1280724,0.39493862,-0.51322687,1.8993219,-0.437657,0.14427911,-0.22261341,0.8783625,-0.285828,0.5133914,-2.1666896,1.3937731,-1.0368041,-1.381147,-0.18664873,0.5874601,-0.71925473,0.045223337,-0.059206147,0.21653648,0.1005517,-0.5087545,0.5488431,2.2668185,-0.37497735,-0.8961002,0.6368142,0.014381449,-0.6203418,-0.39252475,2.7348773,0.30193186,1.1830655,-1.3983673,-1.3878292,0.16897754,-0.08377019,-1.1626116,-0.050098855,-0.54874367,0.04377206,0.17690225,0.050801795,0.7035983,-1.1956314,-0.5273893,0.67693824,-0.6148996,0.03723472,0.41969737,-0.39660278,-0.89405805,-1.1209205,0.8848057,0.69194,0.04296269,0.40800595,0.21632844,1.8999296,0.91145986,-0.30332172,-0.7393653,1.2081243,0.76952666,0.6764622,-0.9921489,-1.3203284,0.5476778,1.4739076,-0.6549124,0.75326985,-0.19428037,-0.77227324,-1.3385487,0.9163246,0.24774908,0.19359584,1.2440358,0.3453611,-0.10280671,0.4725347,-0.4851322,-0.020326575,-0.1273235,-0.22883339,-0.2967346,0.12193296,-1.775528,0.10670462,-1.0189233,-0.038716435,-0.36308023,1.0009645,-1.1903721,0.5227953,-0.22412272,0.5956276,0.46908864,0.07623579,-1.1216284,-0.22355644,-0.66400105,1.2474667,0.88752383,-0.053890597,-1.9471332,0.18809907,0.9629051,0.54909784,-0.6504709,0.72852874,0.6739164,-0.6999119,-0.88468736,-1.2447487,-0.32729772,0.29713333,0.9774696,-0.70884734,0.4642962,-1.8085948,0.49819037,0.709352,-1.225142,-0.07444322,0.4808503,0.30530703,1.7848517,0.44103488,-0.29022017,0.8269048,0.8593116,0.8481005,-0.24656399,-0.27252865,-1.3666035,1.5103766,1.2776352,0.73633313,-0.9475169,-0.15011136,-0.07315924,-0.7251622,1.8377696,-0.44101882,-1.1637517,-1.3178679,-0.11247775,-0.6691069,0.17227478,-1.101075,-0.1332906,-0.83537656,0.11206242,-0.85426664,-0.7938997,0.5782397,-1.1500129,-0.12817873,-0.31060702,1.1479285,0.7964161,0.7448635,0.23141457,-0.4108754,-0.031108724,-1.0365359,-0.5817808,0.8515604,-1.169293,0.25700983,0.21355553,0.3433478,1.8464133,-0.29467607,-1.060996,0.71573687,0.22017415,0.3013181,0.21099909,-0.6813164,0.29190636,0.3548514,-0.44930485,0.46344134,-0.9082206,0.22021365,-0.34714076,0.79705805,0.5117822,0.6097687,0.0018217564,0.47692904,1.5107063,0.28623492,-0.58819616
カ,-0.20417526,-0.26659733,0.8432964,0.6991949,-1.0840015,-0.7620409,-1.3437765,1.1687467,1.4164206,0.81919634,-0.29279074,-0.35699162,-1.4428805,2.445323,-0.50964975,0.45695662,1.2399263,-0.76516676,0.30124408,0.41791946,0.78688157,0.59930074,0.55093825,-0.66791165,0.70754147,0.18432647,0.5137272,-0.44423717,-0.20968294,-1.1565715,0.2807165,-0.66315544,-1.3821883,0.21366921,-0.08815722,-1.5680757,-1.7687286,1.2778693,0.030366957,-0.5616934,-0.87274855,0.40299916,0.080254965,-0.23349753,-0.81090194,-0.09453503,1.7855806,-0.03965065,1.0354404,-0.23662432,-0.70640707,-0.61160034,0.648631,0.69980896,0.86253375,-0.23370676,1.3100983,0.48005614,-0.05727274,-0.56917286,0.23331265,0.3665474,-1.1081122,-0.30232844,0.15075137,0.6340567,-0.44769105,-0.29230928,-0.43727598,0.08335721,-1.8476204,-1.2391679,-0.025353324,1.8516366,-1.6182082,0.6981633,-0.6457437,-0.8453007,0.37842548,-0.49513632,0.19312975,-0.27064174,-0.82983524,1.5431181,-1.1879263,-0.47285452,-0.032299556,-0.5318878,-1.137741,-0.46191353,-0.968115,-2.0004342,-1.46716,-1.9405415,1.5895008,0.41548872,-1.0981252,-1.3425901,-1.2724475,-0.2791238,-0.072067305,1.3455799,0.3647212,-0.6106597,-0.75992465,-0.21861115,-0.27056128,0.1863558,-0.55499,0.90596646,0.3113224,0.6189248,0.5925681,2.1019075,1.209169,0.6991495,-1.726318,-0.8015277,-0.40733886,0.33450356,1.0788248,0.51058745,-0.6729317,0.27363515,-0.07997959,1.2329077,0.07059098,-0.59928304,0.16160664,0.17145406,0.5664603,-0.53535414,2.3017066,0.9005805,-1.2959791,-0.93017465,0.009906799,0.26573485,0.20958705,-1.0157888,-0.9573119,0.34327286,0.06073619,-0.22295967,0.53548723,-1.1541759,-0.27544188,0.9020268,1.3913791,0.08379012,-0.55112535,-0.29543972,-1.5540355,0.26448187,1.1288855,-0.39496213,0.21215555,0.4021887,-1.1356447,0.8367361,-0.113897726,0.8447239,-0.5818864,0.47151524,-0.3250979,0.8286732,-0.78344834,0.25633597,-0.67747205,-2.2944427,-0.45392093,0.2785105,0.5456928,0.28826487,0.5256647,-0.17417935,-0.25804996,0.391974,-1.242232,-0.69998777,1.6666572,0.40067568,0.53242457,1.4993114,0.028568372,0.37684315,0.77753794,0.7756001,0.9181303,-0.06748515,1.5172627,-1.3417846,1.1898199,1.6251128,0.53328234,2.6357336,0.7912954,-1.1306417,-1.1748731,1.3728251,-2.3698833,-0.29325297,0.7993387,-1.0561292,1.1699302,-1.3255277,-0.6631583,1.4096205,0.7900836,-0.33916113,-1.185978,-0.9519636,1.3769147,1.2547792,-0.6910487,0.086184815,-0.7167984,-0.5178586,-0.7403453,-0.28065735,0.6492167,0.80836123,0.34601918,0.6184577,-1.443511,0.45909613,-0.09967147,-0.04360808,-0.02205478,0.96970797,-0.860915,0.3257357,0.13194077,-0.17130135,-0.090626,0.9759464,-0.10569167,1.182028,-0.13413282,0.76190674,0.9684027,-0.4450336,0.07334647,-0.35821977,0.8690689,1.1692617,1.2863594,-0.3136857,-1.8250898,-0.34656373,0.2780058,1.0172964,0.34183824,0.6960186,0.220233,1.0296557,0.49334812,0.43202528,-0.5529655,-0.60801184,-0.011129694,0.28963614,1.0815709,-0.14083073,0.5407902,-1.0467546,-0.6565715,0.6940036,0.14542943,-0.7694422,-1.7303917,-0.2996274,-0.6118563,-0.1807173,0.16067107,0.2592141,-0.52757037,-0.6812571,-0.862862,0.20981917,0.49883723,-1.2981615,0.25221893,-0.07006572,-0.27246863,0.5556189,0.50924635,-0.17163262,-0.30726874,0.014862308,-1.4202917,0.5693108,0.27835816,1.0161923,1.7736839,0.15629254,0.5578154,-0.886382,-0.16516003,-0.5277668,0.7952332,0.21246418,-0.90623844,0.69959533,-0.29464537,-0.0042585554,1.3509407,-1.043073,-0.26989448,-0.9874771,-0.14467362,-0.86445725,-2.0108383,1.8642056,-2.4488137,1.0139701,-1.823905,-0.7156186,-0.8023144,-0.27006513,-1.4440854,0.46584177,0.30686158,-0.30389822,0.6441058,0.38582638,0.09790577,0.4906021,0.03195064,1.7470634,-0.077464424,0.093055345,-0.81445134,-1.1023039,-0.12084377,0.43169397,-1.3571349,-1.957941,-0.92899215,-0.10646735,0.2148643,-0.31344765,-0.39489633,0.99950254,-0.58822143,0.31289914,-0.97565114,-0.2908209,0.29398638,-0.91974497,1.075207,-0.12194085,1.2721889,-0.66931784,-0.8377926,0.4742484,-0.8482851,0.013037908,-0.10137813,1.7489097,0.58420503,1.335536,0.6870003,0.30843666,-0.5509131,-0.5769175,1.322331,-0.23919308,1.852611,0.4474729,-0.1799909,1.2739127,0.38295928,1.323312,-0.46430808,0.23782337,1.2119479,-0.12643185,-0.45375267,0.12701803,-0.058407594,-0.2834823,-0.20707007,0.95284426,0.08148964,-0.039243422,0.76857364,0.66276264,-0.44792762,-1.2862523,-0.7217801,0.49199772,1.3378193,0.82235366,1.6283162,-0.14748847,-0.9155737,-1.8226391,0.4945628,1.2531301,0.263543,0.5322283,-1.9082782,0.29354402,0.70747775,0.45587692,-1.5584066,-1.3438989,1.6611847,0.31326956,0.847252,1.6959174,-1.3204905,-1.3753974,-0.18364143,-0.13237526,-0.5985617,-1.0068791,-1.0507095,0.60792065,0.20214443,0.99322575,0.6140058,0.54626215,-0.3315405,-1.2639326,0.3333339,0.070562735,-0.14502004,0.09388895,0.16991773,0.29175356,-0.9620677,-0.64608115,0.56134796,-2.027947,0.9884251,0.14926171,0.30264786,-0.007169443,0.049542114,-0.6032025,-0.16783245,-0.22901694,-1.3784468,-1.0637074,0.40550098,-1.6685135,-1.4272878,1.0458926,1.1130478,-0.51556224,0.08818246,0.69400084,0.5438298,0.53896487,-0.0519529,-0.72431165,-0.06755341,-0.09309922,-0.42504996,-0.5148929,-0.9726966,-0.7050473,0.23423377,-0.62392277,-1.502175,0.72159576,0.75170773,-1.7179079,-1.1694977,-0.25003016,-0.19810097,-0.02526899,1.1462224,0.27390707,-0.08334236,-0.8962948,-0.5428139,-0.50285965,0.25684398,-0.43407363,-0.024056822,0.35851893,-0.2249109,0.3345951,1.8429654,0.49986917,1.7939345,1.2014786,-0.0618402,-0.16531883,0.71855146,-0.2871241,0.035656262,0.4013249,-0.9162202,-0.7621234,1.000469,0.1525727,-0.8664028,-0.28833836,0.8425385,-0.4368755,-0.4798831,0.31642064,0.39314103,1.070905,1.5165142,1.7392915,0.069808744,0.061811864,-0.69085276,0.6020918,-1.5322921,-0.3672557,0.02504704,0.6631565,1.9724045,-0.4031272,-0.12860554,0.7234874,-1.5646871,-1.0990933,-0.34458885,0.44043517,-0.32544544,-0.48345548,0.39890122,-1.4194412,0.5060871,-1.9438992,-0.28442693,0.33656564,0.5622308,-0.5423859,-0.324556,1.00749,0.022805262,-0.4846107,-0.13749504,0.6694224,1.4791853,-0.3906308,-1.0766735,0.47385192,-0.7837256,-2.0176578,-0.5714208,-0.59145206,-0.8513279,0.08004745,0.06423677,-0.4630955,-0.7955872,-1.1307455,1.3513972,0.07751481,-0.24065194,0.51226485,-0.5971615,1.1823866,0.25606367,-0.7031099,1.3757876,0.782961,-1.4070262,0.5616879,-1.745508,1.0567791,-0.16754375,1.2835478,1.2825384,0.5698503,-0.34005675,1.1186317,-0.49767223,-0.31381792,-0.6130547,0.55778205,-0.6491231,0.57956797,-1.8125527,1.1904325,-0.71808946,-0.46038088,-0.20973249,0.34955853,-1.1656468,0.39823058,-0.35624394,0.8373245,0.28332835,-0.8660504,0.07759541,2.3547657,-0.31796825,-0.8275515,-0.026689779,-0.3322034,-0.79211456,-0.30796933,2.4718814,0.22311895,0.78850925,-0.9080199,-0.62940776,1.0692056,-0.0524022,-1.8655555,-0.33685076,-0.057958983,0.00934968,0.40378395,0.06400188,0.773037,-0.5560514,0.4146599,0.8985076,-0.94104445,0.16850951,0.3322556,-0.548356,-0.6558867,-1.218289,1.0466965,0.43780357,-0.7761677,0.37159216,0.7417674,1.5838865,0.46711653,-0.5279898,-0.5770751,1.1025894,0.25798917,1.0072193,-1.0544108,-1.1661637,0.38254046,1.0474288,-0.6062659,0.3431854,0.26555735,0.12081468,-1.818368,0.8462601,-0.096193194,0.050959926,1.0627697,-0.24508798,-0.21263245,0.39836437,-0.53626096,0.6301906,-0.2361004,-0.9272653,-0.07236649,0.32328472,-0.8631033,0.43816406,-0.9391285,0.027715992,-0.33572203,0.9043193,-0.6204393,0.5632732,-0.33290568,0.6964876,0.1266782,0.5813261,-1.7215502,-0.41742554,-0.039855886,1.4398947,1.2815298,0.1675673,-1.2158334,-0.07111351,1.1822542,1.1371236,-0.3328703,-0.07178658,-0.2537046,-0.5201228,-0.01705676,-0.967817,-0.77221614,0.4039754,0.5422634,-1.1197531,1.0969254,-1.9983923,1.1586072,0.35708538,-1.6997623,0.022028446,-0.020854777,-0.5352671,1.9956529,0.84917736,-0.40074602,0.024968201,1.1609404,0.7319547,-0.4070705,-0.44470853,-0.7303697,1.2157176,1.4159635,0.6048129,-1.3331406,-0.093422785,0.54111326,-0.6722437,1.1055725,-0.41951022,-0.5236683,-0.5559524,-0.2201488,-0.72253644,-0.023233134,-0.35197607,-0.092424996,-1.5710384,0.41248283,-0.765005,-1.6171385,1.0951871,-0.053613186,0.48370734,-0.41836753,0.94199884,0.36351818,1.0503699,0.15564215,-0.83785665,0.17290282,-1.2640613,-0.60776603,0.7274129,-0.528544,0.7366831,0.43561918,1.2547967,1.510788,0.5125629,-1.4727694,0.7306456,0.5597183,0.25049543,-0.290595,-0.8131833,-0.64248294,0.13174646,0.54626524,1.1969693,-1.8736159,-0.4518016,-0.2267367,0.64025295,-0.021485453,0.85953176,0.35738614,0.49996632,1.6211542,0.88361084,0.45303816
テ,-0.7527725,-0.3713949,0.865046,0.1580596,-1.0593975,-0.8500195,-1.2561957,1.3837327,1.21081,0.48641726,0.9597779,-0.31726077,-1.2769995,2.3107717,-0.8787942,0.22695793,0.500027,-1.2185378,0.78478175,0.10573398,0.55125934,0.18338309,0.11491752,-1.1994275,0.8268319,0.46046725,0.5875675,-0.3933423,-0.41414657,-0.4358075,0.11999587,-0.42665267,-1.0162221,-0.6532666,0.18461525,-1.2011029,-1.8804184,1.0678862,0.032625273,-0.7908272,-1.0649619,1.1043519,-0.0085709095,-0.30761397,-0.66415924,-0.3223784,1.8571371,-0.50346404,1.522069,-0.29526404,-1.1199247,-0.4361941,0.30810475,0.7208471,0.522973,-0.46291682,1.5912937,0.75129086,-0.0021544124,-0.3921778,0.5189274,0.36269656,-1.0127517,-0.41949585,0.4601603,0.48478305,-0.5729083,0.20273113,-0.1225237,0.33663896,-2.2374992,-1.3093764,-0.49350992,1.753398,-1.5061474,0.7975507,-0.031247973,-1.1646748,0.50198764,0.02743034,0.5176552,-0.039785806,-0.5285631,1.4395013,-0.70905685,-1.298606,-0.038161635,-0.70584226,-1.2030815,-0.27612412,-0.81761265,-0.9829448,-1.4261113,-1.1802901,1.5478996,0.27048203,-1.0065844,-1.4565593,-1.1328214,0.42254257,-0.33251393,1.697104,0.65417004,-0.58970267,-0.7442605,-0.8932559,-0.9396433,-0.19319183,-0.2743177,1.0885682,-0.25413218,0.7193126,0.59075785,1.4034315,0.5269143,0.9092024,-1.5882535,-0.40577352,-0.5789951,0.4874421,1.5129229,0.59313697,-0.46268025,0.09000672,-0.34330192,1.2651844,-0.16905402,-0.9717135,0.2567895,0.64915043,0.8406038,-0.3496958,2.5458245,0.8922026,-0.47367212,-0.5864987,0.15709911,0.29279777,0.9033323,-1.2208297,-0.43219447,0.8013002,-0.15856732,-0.03979679,0.4774584,-1.1685189,0.487932,0.9337123,1.9026664,0.11136094,-0.16800202,0.27839795,-1.4849176,-0.013070931,1.2580851,-0.29393682,-0.18596299,0.44924822,-1.2215317,1.349141,-0.59444135,1.5278159,-0.56765234,0.6793683,-0.26890972,0.48031554,-0.863041,0.70802397,-1.2409738,-2.177581,-0.54552406,-0.13352655,0.7219065,-0.08591258,0.49725965,-0.60805863,0.15694803,0.20545031,-1.2173767,-0.5174958,1.335704,0.72858125,-0.045921206,1.1215549,-0.37349448,0.740845,1.1301852,0.6297926,0.8153375,-0.10541927,1.692914,-0.60852927,1.3909243,1.1646008,0.6299058,3.104963,1.076311,-1.7222275,-1.7000014,1.1975616,-2.3953817,-0.8109276,0.90682715,-1.4203225,1.0500265,-1.5962576,-0.86725,1.6486377,0.56015825,-0.087562196,-1.2604258,-1.2155808,0.78419906,0.98292416,-0.4102862,0.08638605,-1.2069294,0.27323106,-0.5834694,-0.4839305,1.0528771,0.93999213,0.15495797,0.80457526,-1.3415364,0.28562498,0.074676394,-0.19034857,0.23668925,0.6047301,-0.9877479,0.47021198,0.6557901,0.2827209,-0.16039377,0.8275307,0.02023664,0.6724658,-0.10742018,0.711845,1.0311307,-0.5545182,-0.0039455257,-0.3028837,0.08934146,0.78480417,1.4785436,0.31689045,-2.1533551,-0.46470037,0.37041187,1.0260798,0.47615555,1.057138,0.2927254,1.3544722,-0.50380677,0.42446008,-0.3045246,-0.7404552,-0.020599043,0.23757659,0.394676,0.25820294,0.25174478,-0.7812217,-0.9363094,0.21204014,0.009203305,-0.6100365,-1.588213,-0.74745154,-0.55675656,0.23050718,0.6740362,0.18396227,-0.3471887,-1.2533144,-0.07526002,0.92544866,0.4624755,-1.5027994,-0.16060539,0.037511047,-0.79800636,0.4944977,-0.062875174,-0.091362156,0.24069439,0.118426286,-1.1374962,0.77695984,-0.6085999,0.7428651,1.4447047,0.4010322,0.8564821,-0.39350733,-0.2678533,-0.45641783,0.7950205,0.3828195,-1.8857673,0.61308014,-0.39191982,-1.1488034,1.5347992,-1.2265911,-0.8491814,-1.0024694,0.13720745,-0.6905888,-1.3997059,1.9841424,-2.0985465,1.5730714,-1.4839069,-0.5948057,-0.6926203,-0.48852488,-1.3848556,0.370954,0.064436086,-0.09359183,0.101991035,-0.009204705,0.045072723,0.40605998,-0.15464465,1.4371976,0.17110224,-0.2601373,-0.8972592,-1.2499387,-0.22411601,0.6446627,-1.3961722,-0.6470917,-0.92428106,0.03716077,0.13286455,-0.44343874,-0.78955173,0.96583414,-0.13032606,0.5183476,-0.9031618,-0.6765154,0.10002125,-0.9076045,1.1205382,-0.13223256,1.425837,-0.9923337,-0.82390004,0.5282125,-0.91587394,0.32685596,0.17469943,2.3156579,0.73916656,0.46348202,0.4754212,0.61345875,-0.250266,-0.7291004,1.2678976,-0.13904537,2.3640342,-0.2841635,0.020963987,1.8843156,0.02619958,0.9909914,-0.13483588,-0.22741337,1.7020912,-0.3379439,-0.5308604,-0.034788568,-0.1563577,-0.12166376,-0.30867887,0.39812875,0.019730145,-0.05043003,0.5738792,0.7291711,-0.44466785,-1.4334354,-0.2976476,1.0135903,1.1379495,0.9518849,1.7168585,-0.35299373,-0.23680192,-2.039925,0.29098755,1.2917136,0.48718274,-0.074859455,-1.738462,0.36033797,0.797237,0.42144597,-1.8030014,-1.443499,1.4746178,0.6609314,0.0641912,1.8399616,-0.6306727,-1.485597,-0.64627576,-0.25039306,-0.61079985,-0.633862,-0.8937517,0.23584484,0.14826405,0.746195,0.9181884,0.59640765,-0.11676537,-0.616758,0.24828589,-0.11615092,-0.8857291,0.26094002,0.047597896,0.3536652,-1.6070328,-0.6467267,0.84415436,-2.2387776,0.97815365,-0.15643202,0.32066432,-0.19241846,-0.0019471148,-0.9453175,-0.1576181,-0.38070032,-1.2022396,-0.34853196,0.63869244,-2.1860173,-1.0375063,0.70317507,1.1767563,-0.7340839,0.5927779,0.6628675,0.056032848,0.6634442,-0.43566915,-0.45566738,-0.64327365,-0.10702729,-0.027100036,-0.3369629,-1.2204139,-0.5536714,0.6070531,-1.0241599,-1.2840668,0.5425806,0.6562599,-1.9120303,-0.95732206,0.052568395,-0.11811724,0.62954146,0.713353,-0.2747087,-0.67352295,-0.5704339,-0.14989506,-0.06630182,0.16394459,-0.233841,0.112553634,0.1655352,-0.770063,0.48152423,1.0845737,0.11948184,1.7614845,1.3608013,0.116337895,-0.3212084,0.3453069,-0.7477386,-0.34990677,0.39581227,-1.1123537,-0.9168852,1.6819316,0.32345495,-0.71403456,0.13577358,0.3593551,-0.6620278,-0.6952269,-0.10991914,0.5637192,1.5305825,1.6420263,1.5017219,0.08540387,-0.33075997,-0.29518977,0.49208045,-1.7078499,-0.67526364,-0.3478686,0.80244726,2.203372,-0.80985624,0.50920683,1.01165,-1.0794116,-1.2706935,0.28700134,0.63698953,-0.3552862,-0.5522461,0.38405636,-1.3835384,0.18043202,-1.863058,0.055100653,0.94022566,0.7503603,-0.33982325,0.36567906,0.83270055,0.10921507,-0.71620613,-0.49953714,0.844001,1.7715133,0.21696182,-0.2424271,0.57745004,0.051658005,-1.2625794,0.17942548,-1.2713429,-0.9780087,-0.21602885,-0.23627646,-0.025905252,-0.1583508,-0.5841789,1.2970289,-0.02641035,0.17055202,0.5775817,-1.3929343,1.5931855,0.37892613,-0.7565737,1.3945527,0.78157395,-1.1607746,0.50212735,-1.6064624,1.5922108,-0.3958015,0.7391158,1.8202766,0.12825169,-0.7815857,1.6822017,-0.7986963,0.37132218,-0.26987612,0.5607543,-0.23353271,0.46039593,-1.6179813,1.4990907,-1.585286,-0.6349924,-0.1026269,0.6819361,-0.98348665,-0.06340554,-0.29350328,-0.26933673,-0.026241735,-1.317681,0.5705281,1.5639092,-0.43996593,-0.96315104,0.4806445,0.42202947,-0.54786915,-0.107265174,2.40788,0.48127177,0.46498814,-1.5297226,-1.154242,0.85298777,-0.3247151,-1.231094,-0.5000594,-0.26230058,0.28732583,-0.15439652,-0.45828536,1.1269981,-0.8460856,0.47037017,0.87180036,-0.973578,0.41653636,0.46639803,-0.40398002,-0.59823036,-1.6237354,0.5321019,0.747273,-0.69923884,0.9832702,1.2443515,1.6090045,1.0022446,0.060913164,-1.0986375,1.1557137,0.14039262,0.6405396,-1.3477112,-1.5780292,0.29902148,0.96847814,-0.5502108,-0.018008672,0.35228214,-0.34407738,-1.6274233,1.0209838,0.11932397,0.07742187,0.88540906,-0.14992495,-0.26565382,0.42272702,-0.13565247,0.36840704,-0.5724531,-0.3028928,-0.17513765,-0.13236122,-1.2147129,0.41275084,-0.6892088,0.18499261,-0.430918,0.7515772,-1.7741961,1.0450698,0.129327,0.63189495,0.19790618,0.38228717,-1.1907554,-0.58718294,-0.4440825,1.5061288,1.1778373,0.042896554,-0.74299496,0.15904056,1.2469407,0.57590395,-0.42487654,-0.21710189,0.017841527,-0.6255005,-0.08331234,-0.63196754,-0.30324122,0.6971304,0.0060319803,-1.1413101,1.0728555,-2.043864,0.9216178,0.07413369,-1.7634082,-0.63230115,0.24076116,-0.017094085,2.0405986,1.0428339,-0.9372931,-0.13265876,0.90370727,1.0157053,-0.5783638,-0.36873606,-0.94470906,0.7498303,1.4628943,0.56450063,-1.4741274,0.08830375,0.48523936,-0.4435755,1.3348255,-0.22210497,-0.8159303,-1.2746524,0.16936652,-0.44941318,-0.707153,-0.57644266,0.66817623,-1.1354364,0.7802079,-0.8159788,-0.6925268,0.8119266,-0.701983,-0.2523994,-0.55185753,0.8872094,0.24609144,0.39015368,0.71513766,-0.6057205,0.106458604,-1.2461573,-1.0455524,0.49634758,-0.8776249,1.0358454,0.31525332,1.1943336,1.7206291,0.019752527,-1.5401996,0.6973088,-7.09643e-05,0.7041971,-0.048948646,-0.8346459,-0.6413147,-0.18575871,0.060356855,1.1582237,-1.4011722,-0.4198734,-0.06330941,0.1468303,0.17569035,0.37563598,0.19946273,1.0378214,2.311018,0.9430383,0.699008
キ,-1.2412337,-0.50722975,1.3697342,0.2703135,-1.213511,-0.6503359,-1.3800224,1.7828083,1.200814,0.8758853,0.34970173,-0.2642404,-1.0718787,2.0000176,-0.8694658,0.25245845,0.560572,-1.1710117,0.17271551,0.44889697,0.5765994,0.30900034,0.21935225,-1.5250645,1.0903201,0.41012087,0.99285936,-0.4429884,0.0010815971,-0.6650638,0.28433543,-0.16637044,-1.355221,-0.986716,-0.21970896,-0.8298384,-1.8584735,0.99750006,0.086238004,-0.86903065,-1.2944534,0.77128035,0.24968007,-0.5829234,-1.1945591,0.16229555,1.6997108,-0.68035966,1.1961497,-0.40013045,-0.86244804,-0.4171571,0.6081736,0.8164278,0.5057591,-0.2934973,1.781839,0.8951333,0.17273597,-0.19499147,0.119084954,0.011402142,-0.92442214,-0.9795076,0.33201182,0.84419507,-0.43574753,0.5197397,0.08484657,0.10415199,-2.2070074,-1.7193524,-0.2635003,1.4379508,-1.3099887,0.33650622,-0.3565772,-1.4273608,0.4140958,-0.2525301,1.007562,-0.4821876,-1.1107694,1.234484,-0.6342416,-1.3772894,-0.11415647,-1.0050762,-0.78608906,-0.31221932,-0.50771815,-1.7725041,-0.8682617,-1.2715616,1.7704092,0.33269772,-0.88086116,-1.4175713,-0.75855434,0.07811856,-0.19551829,1.3709424,1.1137651,-0.9184591,-1.1457741,-0.41335386,-0.5882302,-0.14388219,-0.16691872,0.68276614,-0.24444754,1.0879127,0.13333154,1.5230887,0.21948597,0.68153745,-1.1931806,-0.4161559,-0.6285452,0.9222044,1.2826452,0.57372606,-0.69187415,0.18836938,-0.26502293,0.8650158,0.08116499,-1.0468857,0.287471,0.86475563,0.5196522,-0.36453956,2.0048556,1.0879719,-0.49988502,-0.8807713,0.21478327,0.61623687,0.39857846,-1.569719,-0.65344983,0.4851617,-0.20882094,0.07098246,0.43501443,-0.6641365,-0.23788972,1.0358535,1.9677525,0.011754739,-0.4823621,0.3396389,-1.7846515,0.18938729,1.558909,-0.42466006,-0.5776907,0.594987,-1.2252376,1.2039243,-1.1806862,1.4584523,-0.83745944,1.0558947,-0.0793424,0.73804986,-0.7559829,0.5700396,-1.1298698,-1.7261932,-0.5384868,-0.29025728,0.8773801,-0.29728216,0.65421134,-1.0392866,-0.3714185,0.79024565,-1.2673519,-0.7262605,1.6036018,0.77632916,0.23659162,1.5670645,-0.4498682,0.6523422,0.99614555,0.49236393,0.36713496,0.29601586,1.2237513,-0.3862136,1.1309443,0.9277817,0.77048725,3.1129577,0.86197865,-1.8272197,-1.6303425,1.4284105,-2.3301463,-0.660282,0.6397729,-2.0487146,0.98127365,-1.8356291,-0.44459352,1.4978298,0.3398882,-0.057627507,-0.9437792,-1.1969081,0.890293,0.840525,-0.36827347,0.5394987,-1.3160383,0.23935361,-0.79159606,-0.5808638,1.1806297,1.276775,0.3627419,0.36209005,-1.2544987,0.7835411,-0.17217402,-0.22147922,0.42333785,0.76237214,-0.5093356,0.23475143,0.21283324,0.256982,-0.43557367,0.95290595,0.04495542,0.8245783,-0.47802106,0.74874055,0.9676555,-0.2982151,0.6023773,-0.32630238,-0.031648386,0.91104877,0.9297137,0.07446214,-1.452384,-0.64180666,0.36124128,1.0408741,0.35518295,0.58074677,0.28329098,1.3883979,-0.33409113,-0.3156839,-0.74040395,-0.67640036,0.13755915,0.6762713,0.9490433,0.04118381,0.26658863,-0.74932563,-0.7402204,0.35730186,0.2523021,-0.72813207,-1.424086,-0.9838684,-0.53372025,0.07809686,0.48536882,0.3950787,-0.061129868,-0.84407425,-0.05195124,1.2708203,0.7509372,-1.566131,-0.020661484,-0.39409,-0.73093194,-0.022052955,0.23457904,0.16473603,-0.041937858,0.49878478,-1.0814041,0.8582654,-0.6916486,1.2054117,1.3138425,0.64230895,1.3608192,-0.8345245,-0.2552895,0.27028838,0.63200593,0.08725426,-1.5234094,0.8345825,-1.0161511,-0.68947566,1.9240549,-0.9571468,-0.7797838,-1.4416319,-0.09066172,-0.8767454,-1.5744108,1.7999823,-2.8569055,1.7631515,-1.6872253,-0.5435756,-1.128985,-0.7701086,-1.3525273,0.1572608,0.1379915,-0.1795629,0.6100996,0.41739622,0.40054402,0.28880486,-0.03711028,1.6325983,0.011510879,-0.045004725,-0.8391617,-1.3962106,-0.4753415,0.43850642,-1.4033659,-0.91710055,-0.52569675,0.29144618,0.07590216,-0.03527199,-0.992455,0.68463016,-0.42435306,-0.029124355,-1.008065,-0.9313177,0.2594901,-1.2670386,1.8654883,-0.56418806,1.5814753,-1.126571,-0.717059,0.53951657,-0.2994821,0.59850633,0.0884783,1.8496447,0.2657171,0.8930378,0.33636874,0.59425396,0.40290302,-0.54529697,1.3035085,0.0015664637,2.2454123,-0.11544837,0.0074103414,1.9195591,-0.44417483,0.47634202,-0.12482669,0.17222254,0.9243288,-0.46796227,-0.7739448,0.078969754,0.23755825,-0.11105101,0.06084641,0.44741234,0.20191023,-0.32256782,0.6299075,0.62378156,-0.41036195,-1.6787012,-0.01766181,1.5027616,1.41861,0.5927106,1.4655354,-0.0628352,0.0699898,-1.8644314,0.2799785,1.4758898,0.9353654,0.23046131,-1.614782,1.1319844,0.905503,0.3508733,-2.1850743,-1.8156735,1.7373825,1.2873307,-0.012914282,1.0416477,-0.85095215,-2.3343244,-0.5491398,-0.57106644,-0.76080704,-0.6733844,-1.0863532,-0.1859326,0.4965369,1.3169146,1.0337689,0.48559386,-0.04291603,-0.5202238,-0.042575084,-0.018814394,-0.4808534,0.620788,-0.07950388,0.23915946,-1.0967276,-0.7064093,0.68805015,-2.5035005,1.1157968,-0.15254126,0.34082446,-0.25006017,-0.1238852,-1.1945889,0.10497862,-0.0013328909,-1.3379093,-0.058270823,1.1037802,-2.2678227,-0.5814289,0.77664995,1.2322121,-0.5858178,0.5270657,0.4335754,0.1013242,0.95954573,-0.30899817,-0.70074093,-1.047789,-0.57779014,0.08943097,-1.2318085,-0.9818491,-0.9053562,0.9052123,-0.9611554,-1.2164874,0.65742314,0.26577175,-2.043629,-1.1416541,-0.29498982,-0.1011111,0.5997229,0.3994143,-0.34390265,-0.55512494,-0.56916296,-0.23456328,-0.4930334,0.07343908,-0.22397764,0.5166851,0.33138114,-0.9619158,0.24442379,1.5612104,-0.050566625,1.8790747,1.7231102,-0.2705919,0.27191582,0.8193674,-0.656731,-0.40985355,0.7186405,-0.998345,-0.7310127,1.3468128,0.21968336,-0.4802494,0.19650038,0.36144036,-0.3998579,-0.38211763,0.4057457,0.37736598,1.4232892,1.107272,1.693647,0.18564448,0.058116265,-0.2910843,0.57018805,-1.7554594,-0.20827231,-0.43153304,0.80914,2.3153577,-0.5976256,0.31941178,1.1997064,-1.4275758,-1.4361032,0.2288455,0.7423524,-0.30730075,-0.6692692,0.60728264,-1.3212068,0.46464032,-2.0908184,-0.43013558,0.6557868,0.7686464,-0.89520663,0.5100461,1.1384921,0.0040099146,-0.6578078,0.20437744,0.50557154,2.1268265,0.15984306,-0.23106103,0.6790452,-0.13612846,-1.4094081,-0.27759546,-1.0746509,-0.8932227,0.016266609,-0.25759634,-0.14978336,-0.20645551,-1.1625149,1.2558793,0.54115176,-0.5775458,0.74649525,-1.5957934,1.5082957,0.64646256,-0.8503335,1.4283124,0.94576013,-1.5101479,0.72957975,-1.8890648,1.9922974,-0.7831764,0.53495044,1.7242215,0.55076617,-0.31767017,1.1007228,-1.007772,0.5527504,-1.162276,0.7946933,-0.56429833,0.20850265,-2.1441834,1.6053383,-0.958549,-0.34607548,-0.06582342,0.56126153,-1.0445216,0.19294338,-0.3458191,-0.28888208,0.09919529,-1.2476599,0.34313673,1.8614235,-0.053936552,-0.911713,0.19535983,0.20760413,-0.27726853,-0.017329121,2.4919906,0.16562143,1.2476691,-1.2414949,-1.305083,0.89776385,-0.10380133,-1.4783711,-0.7035399,0.069651306,-0.3746877,0.06481756,-0.092993066,1.1983004,-0.318995,0.557437,0.3892998,-0.61598796,-0.35337633,-0.3048727,-0.0915808,-0.37106764,-1.6986072,0.4995244,0.5265205,-0.56447667,1.2719519,1.4008753,1.6819065,0.7530302,-0.36885405,-0.49218416,0.9333847,0.100339904,0.93724215,-1.5616814,-1.3241317,0.25642532,1.2704232,-0.2918569,-0.17106582,0.7534484,-0.42720836,-1.550305,0.97316134,0.12065294,-0.31527382,0.6914414,0.08861171,-0.3953023,0.80879605,-0.3115247,0.3785027,-0.1393663,-0.36158642,-0.6770665,0.2445833,-1.1389601,0.34468284,-0.5371806,0.7286333,-0.837144,0.83137167,-1.7521766,0.7554269,0.16012986,0.21208496,0.12939242,0.7563694,-1.7198312,-1.0306816,0.1264492,1.4946433,1.1252786,0.016734447,-0.72454965,-0.2457259,1.4625973,1.0346832,0.12760237,-0.18107337,-0.11827971,-0.28302425,-0.20328598,-0.918564,-0.4799919,0.41687828,0.07271214,-1.1050739,1.5241001,-2.2134774,0.63164026,0.22853684,-1.6359777,0.2964188,0.16780083,0.04654031,2.0747316,1.1504228,-0.72586393,-0.53333825,0.4595487,0.6464244,-0.6611378,-0.11667593,-0.507482,0.782457,1.4403677,0.50236815,-1.1250522,0.16434476,0.5126933,-0.08931063,1.2401047,-0.42622143,-0.5781659,-1.5504968,0.11817191,-0.7741817,-0.51704943,-0.4980843,0.32646793,-1.3446426,0.6637525,-0.56737936,-1.1727569,1.0470693,-0.5110601,0.56335425,-0.8615632,1.3309165,-0.07458506,0.4926334,0.6085928,-0.70564926,-0.31556487,-1.0139163,-0.7054265,0.79857314,-0.69553053,0.9081688,0.5907718,0.80677,1.3478131,-0.453403,-1.9835602,0.6524346,0.5461423,0.87863857,-0.19528568,-0.8910891,-0.41745275,-0.11299851,0.2894338,1.294448,-1.4013532,0.08920445,-0.19125083,0.48940498,0.123354614,0.9194956,-0.042892143,0.50042295,1.3475583,1.1092288,0.43628198
ダ,-0.6020983,-0.566466,1.3214651,0.88455427,-0.91309386,-0.91238964,-1.421215,1.0225693,1.2413529,-0.15074944,0.6162815,-0.2682762,-1.4589919,2.0660653,-0.5063265,0.046090417,1.1539719,-0.86711454,0.15848416,0.0054739215,0.7537482,0.58136845,0.45853007,-0.9370306,0.68535143,0.919122,0.8314186,-0.28868878,-0.34020647,-0.9517159,0.24334393,-0.49632812,-1.1380912,-0.60737056,0.2618445,-1.2810692,-1.6156034,0.87156266,0.13989368,-0.6604611,-0.6448249,0.41696244,0.18925245,0.19874306,-0.70519483,-0.15523523,1.6808116,-0.19832817,1.0091121,-0.011945799,-0.9249728,-0.4316721,0.43775246,0.9276653,0.73269755,-0.3288303,0.91580087,0.68091387,-0.040401287,-0.49263024,0.3287294,0.59793454,-1.0798302,-0.2328484,0.9588496,1.1902478,-0.19912536,0.17675959,-0.08090082,-0.35895902,-1.7950988,-1.3698734,-0.05294147,1.378363,-1.5060782,0.7183324,-0.14900827,-1.0211369,0.20869087,0.40422952,0.27840394,0.05354713,-0.8961012,1.3354635,-0.68761086,-0.7262279,-0.10474929,-0.23860966,-1.3660421,-0.16720119,-0.6865609,-1.4177449,-1.9799578,-1.5461923,1.0624361,0.09867904,-1.1188258,-1.0536022,-1.2053065,0.21263932,-0.06934892,1.0270844,0.23496252,-0.41144854,-1.0956639,-0.23983714,-0.45292643,-0.015702415,-0.6498392,0.6945077,-0.16240579,0.7249759,0.5161981,1.6425133,0.90399563,0.9929163,-0.9334882,-0.98765165,-0.43758973,0.37054014,1.2576004,0.008875929,-0.62146664,0.39814305,0.16703567,1.093224,0.02597707,-0.81013805,0.35231352,-0.19559866,0.7298198,-0.6634432,1.836075,0.73828727,-1.0234368,-0.5782008,-0.44574738,0.46049517,0.19831857,-1.0428919,-0.65795094,0.2730562,0.069194525,-0.0596349,0.49285674,-1.0181334,0.004722599,0.5746325,1.3437524,-0.021313582,-0.50064087,-0.322512,-1.2559448,0.32579085,1.1078469,-0.71598417,0.09979173,-0.3340206,-1.1099102,1.1330386,-0.17496587,1.1979082,-0.66090035,0.5046586,0.16639014,0.7568372,-0.6178261,0.6168363,-0.92199445,-2.14265,-0.3161835,-0.0941249,0.61135817,-0.34152627,0.37784132,-0.4321734,-0.055013616,0.24380048,-1.1894399,-0.0743959,1.0116109,0.9611125,0.49702552,1.3746362,-0.31809008,0.5557647,0.92257005,0.4985592,0.77912855,0.1962804,1.2975345,-0.815144,1.1608833,1.0381716,1.095887,3.0179403,0.91799027,-1.2878575,-1.6822797,0.9242808,-1.9240108,-0.39209178,0.8483069,-1.0695927,1.5249482,-1.4467691,-0.93012345,1.4196583,0.731724,-0.19543539,-1.4667938,-0.9377601,0.5852391,1.0819875,-0.23586173,0.13177106,-0.6150682,-0.032626778,-0.74511576,-0.30782986,0.9096699,0.5924506,0.6661638,1.0144303,-1.1278431,0.3952118,0.4406708,-0.008341502,0.28609756,0.20425844,-1.301934,0.14106745,0.7738206,-0.098857194,-0.4070639,0.5258508,-0.5529065,0.89146745,-0.40087673,0.7330157,0.31716838,-0.609434,-0.035412204,-0.5691788,0.5348227,0.5230447,1.6330609,0.27486837,-1.2617137,-0.34875065,0.6061893,0.8791308,0.5633684,0.50422084,0.5904637,0.9716489,-0.14719701,0.166854,-0.26098377,-0.35901615,0.07992936,0.7708186,0.35830235,0.5845527,0.51088274,-0.5548469,-0.8842686,0.21818054,-0.037641488,-1.2046013,-1.3984413,-0.8565099,-0.69360536,-0.01561204,-0.076551504,0.18321186,-0.6592468,-0.62972504,-0.78302515,0.18084171,0.8475487,-1.4960648,-0.4887313,-0.5776385,-0.59095585,0.4507414,-0.48208305,-0.18037865,0.60076386,0.45621553,-1.7917905,0.8201014,0.2349343,0.71925294,1.0805988,0.10387302,1.0645392,-0.13129279,0.3138632,-0.59795487,0.9324731,0.5033032,-1.1166933,0.38511097,-0.033863954,-0.4786833,1.1997491,-1.5098122,-0.26962152,-0.818225,0.12017221,-0.29587734,-1.2102207,2.0823605,-2.3880262,1.4964625,-1.9293917,-0.12559159,-0.50758016,-0.28419444,-1.5766383,1.089209,0.3530367,0.00594984,0.43921414,-0.21319434,0.2419582,0.10900593,0.34479153,1.210664,-0.4147294,0.35657477,-0.88329315,-1.5934258,-0.04956905,0.3918482,-1.1675586,-1.5060405,-1.0678645,0.05952151,0.38756338,-0.6179994,-0.34737867,0.7770862,-0.22344452,0.7359552,-1.1387285,-0.21690531,0.23295745,-0.8578246,1.578075,0.029693842,1.1748292,-1.009995,-0.69773287,0.33218402,-1.7341647,0.24944608,-0.52564126,2.0465367,0.3927741,0.1625808,0.22340865,0.6398045,-0.6681325,-0.29190618,0.9654242,0.31607297,2.5992513,0.12259864,0.08562842,1.7786099,0.25826457,0.8656915,-0.18663765,-0.30765772,1.7899158,0.09763531,-0.7078484,-0.11973581,-0.5446501,-0.37680012,0.119217366,0.32710302,0.030931368,0.30866084,0.7118826,0.7049539,-0.79481876,-1.3358356,-0.29994136,0.7802556,1.3909242,1.0471864,1.5966738,0.13309081,-0.68856686,-1.5437553,0.022509422,1.05059,0.4480399,0.47569254,-1.1672134,0.32857633,0.67660415,0.15639645,-1.5293312,-1.5774845,1.789542,0.61486745,0.29733214,1.1457317,-0.9111821,-1.6126317,-0.34820348,0.43895665,-0.14627011,-0.8531269,-0.7768027,0.89772505,0.0026087984,1.2042736,0.7582108,0.099828325,-0.07933063,0.15827215,0.3041615,0.43272,-0.41016918,-0.41749722,-0.020540487,0.8153642,-1.3278756,-0.7720074,0.20316966,-2.2123926,0.8835203,-0.42372763,0.007937787,0.0035131183,-0.2171391,-0.7072388,-0.20653744,-0.15203415,-1.2743195,-0.72294205,0.34466746,-1.62962,-1.4211808,0.78904057,1.235848,-1.489703,0.22127247,0.61421233,0.37813646,0.5608162,-0.28206328,-0.6082941,0.1911086,-0.39884236,-0.07864697,-0.25408807,-0.9633378,-0.8067485,0.33959264,-0.9319978,-1.5590671,0.5484236,0.73684657,-1.8094438,-1.0982509,-0.2280959,-0.5852729,0.5580239,0.79802203,-0.08883421,-0.46620893,-0.630919,-0.5566535,-0.022665367,0.2538611,-0.45223945,-0.07106227,0.35513282,0.042091817,0.05165276,1.5837834,0.6305298,1.0172051,1.0272216,0.08522407,-0.26653382,0.34142578,-0.40921536,-0.5307674,0.6867853,-1.815377,-0.91823626,1.0003095,-0.2611849,-1.3121544,-0.04019866,0.56003666,-0.37709817,0.12837815,0.08366457,0.8604759,1.583047,1.0157332,1.564616,0.10470179,-0.26445806,-0.31620234,0.5217105,-1.249355,-0.53251487,0.40016446,0.9710691,2.3141654,-0.7374117,-0.030288626,0.988021,-0.99574494,-1.3542155,0.37136048,0.4096408,-0.26791844,-0.041761477,0.047818024,-1.0226954,0.17043191,-1.9110258,-0.0026769564,0.7781407,0.6631643,-0.41857845,0.12214078,0.8866368,0.39306164,-0.9637439,0.34536883,1.1601286,1.4760122,0.18363343,-1.0146303,0.24916306,-0.39758316,-2.1291313,0.26185352,-0.94735765,-0.6565031,0.58304906,-0.48947346,-0.36371422,-0.5996045,-0.4296619,1.4388752,0.26146486,-0.450374,0.40167663,-1.2005485,1.73135,-0.20583321,-0.48553103,1.354639,0.9978927,-1.3111562,0.2390041,-1.1369786,0.87242466,-0.68468934,0.9314654,1.000008,0.53343916,-0.5848263,1.4331688,-0.39676237,-0.3118631,-0.23844793,0.8283623,-0.10041766,0.8078797,-2.0225298,1.1817129,-1.2220294,-1.0116172,-0.23657955,0.7645636,-0.6620132,-0.08555785,-0.35163742,-0.27519512,0.38995674,-0.86921483,0.8962002,1.6277807,-0.5231149,-0.8376255,0.36273694,-0.060695108,-0.46837538,0.078775845,2.6597962,0.37191406,0.9862016,-1.0229154,-0.87292415,0.534028,-0.1752907,-1.5168504,-0.16540761,-0.34803367,0.18498397,0.3671881,0.0017612576,0.7590958,-1.0930684,0.09608876,0.79653376,-1.0414554,0.2869912,0.4409644,-0.26841038,-0.882254,-1.1483524,0.68625504,0.87570256,-0.54057664,0.86356604,0.9107245,1.596754,0.53975594,-0.8431372,-0.8667829,0.68884885,0.7817909,0.699594,-0.876108,-1.2874811,0.563697,1.229707,-0.9009855,0.44098067,-0.12959285,-0.38850027,-1.7340896,1.1917591,0.14706457,-0.29640302,1.0051252,0.6290685,-0.26876915,0.76637,-0.10427724,0.3096962,-0.29162276,-0.6762009,-0.19065401,-0.20797184,-0.4980543,0.27321222,-0.65728325,0.020774856,-0.18299347,0.82361615,-0.8924019,0.36733326,-0.22371325,0.54482836,0.13107859,0.062227085,-1.1554476,-0.44056806,-0.48357928,1.4363176,0.9648967,-0.43112,-1.70088,-0.21990705,0.7553878,0.7310963,-0.100653574,0.27144563,0.05048964,-0.7317345,0.13015987,-1.2821862,-0.4369305,0.44100937,0.5055182,-1.1544114,1.2021667,-1.8399453,0.79663336,-0.13310765,-1.1894231,0.020955488,0.1804549,-0.32716328,2.285889,1.0790656,-0.4482925,-0.36692905,1.0790062,0.79296494,0.028588967,-0.3270374,-1.0703421,1.1791679,1.255868,0.39119342,-1.0267103,-0.22703576,0.04292953,-0.19099477,1.0388318,-0.7174126,-0.36613667,-0.84755284,0.02815606,-0.7336259,-0.68911254,-0.8594902,0.013809159,-1.3783753,0.5869123,-0.61877203,-0.8177868,0.81650364,-0.29524386,0.37299985,-0.22316071,1.0707484,0.7024784,0.91469574,0.49454045,-0.81240535,0.2679096,-0.73488224,-0.60826075,0.58060783,-0.9243343,0.4513638,0.40404657,1.0253558,1.5395043,0.4243858,-1.0649213,0.375505,0.37957308,0.56492406,-0.07620026,-0.7065569,-0.2753793,0.11671497,0.03290893,0.8413691,-1.3333883,-0.39948106,-0.14827658,0.34186506,0.04114282,0.5071645,0.45592698,0.2824148,1.4987693,0.3918814,0.026050044
