Mora,Feature_0,Feature_1,Feature_2,Feature_3,Feature_4,Feature_5,Feature_6,Feature_7,Feature_8,Feature_9,Feature_10,Feature_11,Feature_12,Feature_13,Feature_14,Feature_15,Feature_16,Feature_17,Feature_18,Feature_19,Feature_20,Feature_21,Feature_22,Feature_23,Feature_24,Feature_25,Feature_26,Feature_27,Feature_28,Feature_29,Feature_30,Feature_31,Feature_32,Feature_33,Feature_34,Feature_35,Feature_36,Feature_37,Feature_38,Feature_39,Feature_40,Feature_41,Feature_42,Feature_43,Feature_44,Feature_45,Feature_46,Feature_47,Feature_48,Feature_49,Feature_50,Feature_51,Feature_52,Feature_53,Feature_54,Feature_55,Feature_56,Feature_57,Feature_58,Feature_59,Feature_60,Feature_61,Feature_62,Feature_63,Feature_64,Feature_65,Feature_66,Feature_67,Feature_68,Feature_69,Feature_70,Feature_71,Feature_72,Feature_73,Feature_74,Feature_75,Feature_76,Feature_77,Feature_78,Feature_79,Feature_80,Feature_81,Feature_82,Feature_83,Feature_84,Feature_85,Feature_86,Feature_87,Feature_88,Feature_89,Feature_90,Feature_91,Feature_92,Feature_93,Feature_94,Feature_95,Feature_96,Feature_97,Feature_98,Feature_99,Feature_100,Feature_101,Feature_102,Feature_103,Feature_104,Feature_105,Feature_106,Feature_107,Feature_108,Feature_109,Feature_110,Feature_111,Feature_112,Feature_113,Feature_114,Feature_115,Feature_116,Feature_117,Feature_118,Feature_119,Feature_120,Feature_121,Feature_122,Feature_123,Feature_124,Feature_125,Feature_126,Feature_127,Feature_128,Feature_129,Feature_130,Feature_131,Feature_132,Feature_133,Feature_134,Feature_135,Feature_136,Feature_137,Feature_138,Feature_139,Feature_140,Feature_141,Feature_142,Feature_143,Feature_144,Feature_145,Feature_146,Feature_147,Feature_148,Feature_149,Feature_150,Feature_151,Feature_152,Feature_153,Feature_154,Feature_155,Feature_156,Feature_157,Feature_158,Feature_159,Feature_160,Feature_161,Feature_162,Feature_163,Feature_164,Feature_165,Feature_166,Feature_167,Feature_168,Feature_169,Feature_170,Feature_171,Feature_172,Feature_173,Feature_174,Feature_175,Feature_176,Feature_177,Feature_178,Feature_179,Feature_180,Feature_181,Feature_182,Feature_183,Feature_184,Feature_185,Feature_186,Feature_187,Feature_188,Feature_189,Feature_190,Feature_191,Feature_192,Feature_193,Feature_194,Feature_195,Feature_196,Feature_197,Feature_198,Feature_199,Feature_200,Feature_201,Feature_202,Feature_203,Feature_204,Feature_205,Feature_206,Feature_207,Feature_208,Feature_209,Feature_210,Feature_211,Feature_212,Feature_213,Feature_214,Feature_215,Feature_216,Feature_217,Feature_218,Feature_219,Feature_220,Feature_221,Feature_222,Feature_223,Feature_224,Feature_225,Feature_226,Feature_227,Feature_228,Feature_229,Feature_230,Feature_231,Feature_232,Feature_233,Feature_234,Feature_235,Feature_236,Feature_237,Feature_238,Feature_239,Feature_240,Feature_241,Feature_242,Feature_243,Feature_244,Feature_245,Feature_246,Feature_247,Feature_248,Feature_249,Feature_250,Feature_251,Feature_252,Feature_253,Feature_254,Feature_255,Feature_256,Feature_257,Feature_258,Feature_259,Feature_260,Feature_261,Feature_262,Feature_263,Feature_264,Feature_265,Feature_266,Feature_267,Feature_268,Feature_269,Feature_270,Feature_271,Feature_272,Feature_273,Feature_274,Feature_275,Feature_276,Feature_277,Feature_278,Feature_279,Feature_280,Feature_281,Feature_282,Feature_283,Feature_284,Feature_285,Feature_286,Feature_287,Feature_288,Feature_289,Feature_290,Feature_291,Feature_292,Feature_293,Feature_294,Feature_295,Feature_296,Feature_297,Feature_298,Feature_299,Feature_300,Feature_301,Feature_302,Feature_303,Feature_304,Feature_305,Feature_306,Feature_307,Feature_308,Feature_309,Feature_310,Feature_311,Feature_312,Feature_313,Feature_314,Feature_315,Feature_316,Feature_317,Feature_318,Feature_319,Feature_320,Feature_321,Feature_322,Feature_323,Feature_324,Feature_325,Feature_326,Feature_327,Feature_328,Feature_329,Feature_330,Feature_331,Feature_332,Feature_333,Feature_334,Feature_335,Feature_336,Feature_337,Feature_338,Feature_339,Feature_340,Feature_341,Feature_342,Feature_343,Feature_344,Feature_345,Feature_346,Feature_347,Feature_348,Feature_349,Feature_350,Feature_351,Feature_352,Feature_353,Feature_354,Feature_355,Feature_356,Feature_357,Feature_358,Feature_359,Feature_360,Feature_361,Feature_362,Feature_363,Feature_364,Feature_365,Feature_366,Feature_367,Feature_368,Feature_369,Feature_370,Feature_371,Feature_372,Feature_373,Feature_374,Feature_375,Feature_376,Feature_377,Feature_378,Feature_379,Feature_380,Feature_381,Feature_382,Feature_383,Feature_384,Feature_385,Feature_386,Feature_387,Feature_388,Feature_389,Feature_390,Feature_391,Feature_392,Feature_393,Feature_394,Feature_395,Feature_396,Feature_397,Feature_398,Feature_399,Feature_400,Feature_401,Feature_402,Feature_403,Feature_404,Feature_405,Feature_406,Feature_407,Feature_408,Feature_409,Feature_410,Feature_411,Feature_412,Feature_413,Feature_414,Feature_415,Feature_416,Feature_417,Feature_418,Feature_419,Feature_420,Feature_421,Feature_422,Feature_423,Feature_424,Feature_425,Feature_426,Feature_427,Feature_428,Feature_429,Feature_430,Feature_431,Feature_432,Feature_433,Feature_434,Feature_435,Feature_436,Feature_437,Feature_438,Feature_439,Feature_440,Feature_441,Feature_442,Feature_443,Feature_444,Feature_445,Feature_446,Feature_447,Feature_448,Feature_449,Feature_450,Feature_451,Feature_452,Feature_453,Feature_454,Feature_455,Feature_456,Feature_457,Feature_458,Feature_459,Feature_460,Feature_461,Feature_462,Feature_463,Feature_464,Feature_465,Feature_466,Feature_467,Feature_468,Feature_469,Feature_470,Feature_471,Feature_472,Feature_473,Feature_474,Feature_475,Feature_476,Feature_477,Feature_478,Feature_479,Feature_480,Feature_481,Feature_482,Feature_483,Feature_484,Feature_485,Feature_486,Feature_487,Feature_488,Feature_489,Feature_490,Feature_491,Feature_492,Feature_493,Feature_494,Feature_495,Feature_496,Feature_497,Feature_498,Feature_499,Feature_500,Feature_501,Feature_502,Feature_503,Feature_504,Feature_505,Feature_506,Feature_507,Feature_508,Feature_509,Feature_510,Feature_511,Feature_512,Feature_513,Feature_514,Feature_515,Feature_516,Feature_517,Feature_518,Feature_519,Feature_520,Feature_521,Feature_522,Feature_523,Feature_524,Feature_525,Feature_526,Feature_527,Feature_528,Feature_529,Feature_530,Feature_531,Feature_532,Feature_533,Feature_534,Feature_535,Feature_536,Feature_537,Feature_538,Feature_539,Feature_540,Feature_541,Feature_542,Feature_543,Feature_544,Feature_545,Feature_546,Feature_547,Feature_548,Feature_549,Feature_550,Feature_551,Feature_552,Feature_553,Feature_554,Feature_555,Feature_556,Feature_557,Feature_558,Feature_559,Feature_560,Feature_561,Feature_562,Feature_563,Feature_564,Feature_565,Feature_566,Feature_567,Feature_568,Feature_569,Feature_570,Feature_571,Feature_572,Feature_573,Feature_574,Feature_575,Feature_576,Feature_577,Feature_578,Feature_579,Feature_580,Feature_581,Feature_582,Feature_583,Feature_584,Feature_585,Feature_586,Feature_587,Feature_588,Feature_589,Feature_590,Feature_591,Feature_592,Feature_593,Feature_594,Feature_595,Feature_596,Feature_597,Feature_598,Feature_599,Feature_600,Feature_601,Feature_602,Feature_603,Feature_604,Feature_605,Feature_606,Feature_607,Feature_608,Feature_609,Feature_610,Feature_611,Feature_612,Feature_613,Feature_614,Feature_615,Feature_616,Feature_617,Feature_618,Feature_619,Feature_620,Feature_621,Feature_622,Feature_623,Feature_624,Feature_625,Feature_626,Feature_627,Feature_628,Feature_629,Feature_630,Feature_631,Feature_632,Feature_633,Feature_634,Feature_635,Feature_636,Feature_637,Feature_638,Feature_639,Feature_640,Feature_641,Feature_642,Feature_643,Feature_644,Feature_645,Feature_646,Feature_647,Feature_648,Feature_649,Feature_650,Feature_651,Feature_652,Feature_653,Feature_654,Feature_655,Feature_656,Feature_657,Feature_658,Feature_659,Feature_660,Feature_661,Feature_662,Feature_663,Feature_664,Feature_665,Feature_666,Feature_667,Feature_668,Feature_669,Feature_670,Feature_671,Feature_672,Feature_673,Feature_674,Feature_675,Feature_676,Feature_677,Feature_678,Feature_679,Feature_680,Feature_681,Feature_682,Feature_683,Feature_684,Feature_685,Feature_686,Feature_687,Feature_688,Feature_689,Feature_690,Feature_691,Feature_692,Feature_693,Feature_694,Feature_695,Feature_696,Feature_697,Feature_698,Feature_699,Feature_700,Feature_701,Feature_702,Feature_703,Feature_704,Feature_705,Feature_706,Feature_707,Feature_708,Feature_709,Feature_710,Feature_711,Feature_712,Feature_713,Feature_714,Feature_715,Feature_716,Feature_717,Feature_718,Feature_719,Feature_720,Feature_721,Feature_722,Feature_723,Feature_724,Feature_725,Feature_726,Feature_727,Feature_728,Feature_729,Feature_730,Feature_731,Feature_732,Feature_733,Feature_734,Feature_735,Feature_736,Feature_737,Feature_738,Feature_739,Feature_740,Feature_741,Feature_742,Feature_743,Feature_744,Feature_745,Feature_746,Feature_747,Feature_748,Feature_749,Feature_750,Feature_751,Feature_752,Feature_753,Feature_754,Feature_755,Feature_756,Feature_757,Feature_758,Feature_759,Feature_760,Feature_761,Feature_762,Feature_763,Feature_764,Feature_765,Feature_766,Feature_767
ロ,-0.9641429,-0.7435768,0.581371,1.4623034,-0.5542155,-0.40789476,-1.1308283,0.029456036,0.93417394,-0.42430267,0.6461933,-0.036605738,-1.9440567,2.6284046,-0.9078421,0.20227467,0.82085145,-0.97800434,0.5299018,-0.88182503,0.7369655,0.32227054,0.78221667,-0.89382803,0.5011915,0.5534187,0.74825764,-0.63664424,-0.6115552,-0.6748727,0.040173166,-0.31797558,-0.48422143,-0.48752585,-0.09936837,-1.2798958,-1.0306623,0.92832434,0.32904357,-0.517054,-0.81338483,0.7191993,-0.45357177,-0.514627,-0.6884294,0.0099604,1.9939997,-1.0513221,0.78527373,-0.4744336,-0.47016186,-0.2066032,0.18520053,0.8514852,0.8014415,0.3314261,1.1697452,0.6129441,0.0048943674,-0.4458525,0.5973315,0.90797234,-1.0260023,-0.27430177,0.3534257,1.027884,-0.08830367,-0.69877803,-0.34869358,-0.37186152,-2.3320675,-0.85482234,0.09051294,1.0453359,-1.0985221,0.96699506,0.25168496,-0.20838101,0.33784416,0.2434102,0.001574759,0.56340295,-0.9586316,1.2706257,-0.52178127,-0.4589073,-0.25191265,-0.5659263,-1.4035311,-0.20466669,0.28430873,-1.3614036,-1.4248104,-1.3582771,1.128131,-0.00919643,-0.7565952,-0.7181533,-1.3898302,0.0487386,-0.25568792,1.1519508,-0.28151497,-0.68013287,-1.1846421,0.20206979,-0.42847818,-0.55134594,-0.82196856,1.424001,-0.5728849,0.24073793,0.079204,1.2740394,0.9732448,0.60952884,-0.5606071,-0.63548476,-0.43207052,0.17614338,1.2259725,-0.067894556,-0.85803694,0.32923278,0.14697038,1.1878469,-0.013401444,-0.30268154,0.7368209,0.21656963,0.81395644,-0.56661564,1.6555969,0.9382523,-0.6387539,-0.71834403,-0.96070135,0.26243535,0.27906135,-0.76190346,-0.74435073,0.21498726,-0.13151892,-0.32755867,0.10478063,-1.4745685,0.32330722,0.96199167,1.0873424,0.44685072,-0.14965531,-0.49004862,-1.0004392,0.54720896,1.153052,0.0473231,0.0163623,-0.3271956,-1.790678,1.2827827,0.590435,1.5576227,-0.7529117,0.33513466,0.05342729,0.20400079,-0.8554066,0.7194695,-0.964042,-1.6920806,-0.42245516,-0.115291454,0.490245,-0.07959182,0.8135968,-0.10659922,0.45327988,0.37195173,-0.74344575,-0.06647767,0.5703373,1.1798909,0.12992705,1.2735922,-0.011652703,0.44544795,0.77192754,0.28974935,0.6553985,0.46517804,0.7918619,-0.62904006,1.0432559,1.0422322,0.7873462,2.6561275,1.066145,-1.8045799,-0.85068244,0.3587715,-2.0196166,-0.5065373,0.68313015,-0.77596813,1.4379355,-0.59064347,-1.4977667,1.5517138,0.45510843,0.09833848,-0.98629886,-1.154442,0.6176078,0.88377666,-0.715905,-0.4214545,-0.8245973,0.082665205,-0.06664557,0.2109998,0.5711466,0.52856576,0.3200466,1.5558224,-1.1291128,0.74476177,0.33790708,0.9152093,-0.12826647,0.5451031,-1.2546638,0.030121664,0.6268244,-0.6195968,-0.76604825,0.34041595,0.071750164,0.8334789,-0.63003814,0.56985635,0.40086058,-0.00996834,0.08445179,0.1878809,0.74310446,0.84832317,2.0020792,0.508638,-1.4010526,-0.41616252,0.27395195,0.74327075,0.514491,-0.048346587,1.085667,1.0304706,0.0008544081,0.016083231,-0.5074111,-0.18876897,-0.10670618,0.5982103,-0.063159324,0.46015686,0.5779623,-0.6440806,-0.54489,0.3070016,-0.03117237,-1.1076252,-1.0023682,-0.43682677,-0.7788369,-0.18815686,-0.1779493,0.36258912,-0.9105376,-0.5987973,-1.4418849,0.1974562,0.7573275,-1.120352,-0.78175175,0.24532346,-0.29088512,1.0414587,-0.12324583,0.17701519,0.19213335,0.5764123,-1.2341055,0.9126068,0.26842937,0.88949114,1.4236727,0.18646027,1.5347576,-0.56719846,0.5744672,-1.1993616,0.8079011,1.1595461,-1.3867654,0.65421116,-0.7128666,-0.47066954,0.9923922,-0.979753,-0.7780801,-0.52626705,-0.03959148,-0.31009609,-1.2916148,1.5963261,-1.7485918,1.4324863,-1.1414887,-0.75770986,-0.70818037,-0.39187807,-1.438185,1.1306818,0.010380949,-0.16207452,0.9475635,0.30996317,0.14655247,0.21508908,0.5941359,0.83677065,-0.24968457,0.55600685,-0.3419403,-1.1924922,-0.05514092,0.46289137,-1.5858861,-1.4670477,-1.2819577,-0.112656,0.6616584,-0.4266097,-0.17501502,1.1468912,-0.47394663,0.8447385,-0.5629942,0.15724568,0.4430584,-0.60469437,1.2447844,-0.34098175,1.5571932,-0.24577932,-0.3959706,0.47310838,-1.5525029,-0.47823662,-0.17445256,1.9414533,0.05565691,0.4427562,0.90285486,-0.12102629,-0.52327955,-0.37868175,0.8160674,-0.19447245,1.8750905,0.29074287,-0.36523205,1.7478737,-0.012547331,0.24490604,-0.5154051,-0.74585736,1.7738025,-0.15292716,-0.29405934,-0.1028556,-0.0735671,0.17757416,0.0996242,0.2522884,0.15683542,-0.26587,0.45925882,0.6769191,-0.89826685,-0.7842736,-0.582761,0.104288645,1.0041535,1.2332352,1.7260745,-0.18598099,-0.9330872,-2.054877,0.16018496,1.1160879,0.27329555,1.0021466,-1.4864216,0.28350097,0.13874944,0.16540854,-0.68941927,-1.7989292,1.6625904,0.24026665,0.4124796,1.0436711,-0.77797705,-1.1744753,-0.59172684,0.9558841,-0.047098655,-0.75491804,-0.4191541,0.87920296,-1.148838,1.6011527,0.92726237,0.061635137,-0.12584873,-0.03231522,0.8531267,0.15300135,-0.37730548,-0.83391935,-0.017775605,0.22084214,-1.4580271,-0.21188024,0.4215197,-1.7221674,0.24187997,0.052632254,-0.39300823,0.42235857,-0.17122443,-0.7714941,-0.6782445,-0.3165672,-1.017415,-0.8384424,0.1504714,-1.5421716,-1.6222969,1.0430452,1.433223,-0.9315744,0.95893544,0.6325447,0.21412018,0.9943444,-0.25606263,-0.5426901,0.19370434,-0.25453874,-0.66993433,-0.21100608,-0.81768054,-0.6333038,0.51250255,-1.5229893,-1.4291077,1.343312,0.95840484,-1.9315779,-0.61543465,0.14508834,-0.59497696,0.34574413,0.5949798,0.26040164,0.044038467,-0.7159143,-0.05521945,-0.020008644,1.2994337,-0.2104101,-0.1707478,0.6320486,0.083632074,-0.35322544,1.5500406,0.2460952,0.9663972,0.78626955,0.24398775,-0.52706677,0.8874194,0.4143617,-0.0901136,0.83373266,-1.8447762,-0.8794494,1.4073519,-0.50317794,-0.4152576,-0.14412281,0.40955168,-0.4590737,0.44351825,0.18342818,1.1407584,1.0303758,1.0697985,1.0985926,-0.58100694,-0.7461442,-0.7430779,0.20339672,-1.4044853,-0.88386506,0.4343345,1.077189,2.418115,-0.5093134,-0.3281765,1.2033788,-0.8449102,-0.68893063,0.4434486,0.10147239,-1.000074,-0.7799011,0.11398275,-1.3128258,0.1039838,-1.9284168,-0.3783107,0.40277606,0.68999845,-0.35924086,-0.5084492,0.49519104,0.18461755,-1.1998156,0.57166415,1.4777582,1.2142389,0.15650065,-0.8089324,0.2385466,-0.2707192,-1.840619,-0.4555371,-0.737945,-0.1746042,0.17625816,-0.38043028,-0.16775794,-1.0227581,-0.89798385,1.2921121,-0.17566027,-0.31132635,0.2815334,-0.64644295,1.3185215,-0.5620211,-0.48006922,1.0350584,0.87967867,-1.5049907,0.4083355,-1.2271754,0.60427636,-0.50971776,0.76549435,0.88266605,1.126466,-0.35286972,0.9526715,-0.263561,-0.62726116,0.095652595,0.61595434,-0.46046257,0.320611,-2.3222852,1.1831976,-1.6350878,-0.879883,-0.21956351,0.98834765,-0.35684785,-0.05317064,-0.81247,0.30764621,0.16595407,-0.83364266,0.89045906,2.1735537,-0.53681916,-0.5094693,0.5307494,0.565495,-0.9005028,0.02214704,3.0363843,0.49375042,0.8729501,-1.3170452,-0.40773132,0.22017956,-0.32359713,-0.58065695,-0.048461854,-0.2801846,-0.14929727,0.20964625,-0.08429601,0.97452813,-1.204752,0.01408419,0.9380189,-0.84979284,-0.066036366,0.43528393,0.047008477,-1.6092075,-1.2388058,0.6248297,0.8430386,-0.19653557,-0.29165596,0.31300473,1.424346,0.77555436,-0.24594222,-0.7057983,0.7594347,0.6355995,0.7271616,-0.48332864,-0.98670113,0.26059708,0.93754536,-1.1702842,0.9115459,-0.24121892,-0.42399257,-2.4244573,1.0702711,1.1494521,0.4885106,1.3656747,0.545138,-0.09969587,0.69190204,-0.56559753,0.2555377,-0.4924739,-0.61875856,-0.27522755,-0.13309683,-0.68307453,0.24322128,-0.9230322,-0.35040322,0.2285396,0.429458,-1.3150097,0.4377065,-0.18283412,0.8000018,0.60395586,0.30830964,-0.8135896,-0.49547172,-0.76559085,1.7112349,1.2284652,0.19332294,-1.593064,-0.1503223,1.0120314,0.58241373,-1.0940953,0.6205364,0.5528349,-0.88305587,-0.1990944,-1.3802599,-0.5153235,0.6086175,0.72607344,-0.63437396,0.8497378,-1.8368491,0.8571038,-0.300885,-1.0349079,-0.28960425,0.34386855,-0.73063004,1.7422564,0.7943432,-0.27428064,-0.002364412,0.6119207,0.9474457,-0.15059192,-0.66111374,-1.5873443,0.8399685,1.0016675,0.44959292,-1.4125589,0.08914457,0.5783128,-0.67191845,1.4499751,-0.5596854,-0.514763,-0.81394815,-0.15852557,-1.2146866,-0.03364231,-0.26069206,-0.32227412,-1.4747976,-0.11535195,-0.9239875,-0.8851766,0.23423328,-0.51610714,0.19815911,-0.030848425,1.3155162,0.58701235,0.7545025,0.23563024,-0.40200925,0.07415409,-1.2039455,-1.1421344,1.2611916,-0.37661585,-0.023963021,-0.0038311929,1.1076301,1.680586,0.08558468,-1.1989347,-0.07622826,0.15679231,0.24293146,0.23962976,-0.5895745,-0.529759,-0.084928475,0.26183668,0.3746237,-1.5847886,-0.023552742,-0.0415686,0.5337639,0.23388004,0.93190056,0.30880615,0.4688859,1.3439636,0.79906213,-0.03645862
ン,-1.3594097,-1.2794538,0.4069016,1.5126833,-0.50209314,-0.41863623,-1.0190548,-0.41978517,0.6858557,-2.191428,0.47918355,1.099372,-2.3190374,2.8145638,-0.86376435,-0.28739133,0.7919552,-0.85814077,0.24484952,-1.1617568,0.34481505,-0.48767614,-0.06697071,0.51910955,0.18558943,0.90920216,-0.12962891,-0.2230233,-0.4559344,0.18641134,-0.101602554,-0.93910676,-0.48889053,-0.22763975,0.5541459,-1.1046654,-1.0834683,1.4974216,-0.112502635,0.2978231,-1.2592176,0.73801184,-0.7191732,-0.20382708,-1.0140367,-0.6228277,2.2093346,-0.6173338,0.85359794,-0.5257594,-0.7813547,0.6586755,0.9132282,1.0185295,0.70555216,0.4730753,-0.505323,0.35171512,-0.010987915,-0.4344426,0.9374625,1.0454034,-1.3145992,0.8500047,0.0477988,1.275325,0.69991714,-0.25534448,-0.1766702,-0.5069895,-2.4076653,0.023339113,0.7161692,0.97798514,-1.0281091,0.55809385,-0.35670313,0.07721772,0.10924959,0.19460438,0.6685474,0.7920577,-1.3952527,1.8311075,-0.8865831,-0.70397353,-0.71942776,-0.19136934,-1.1227431,-0.37881863,0.9492715,-1.4990238,-1.4314529,-1.1867293,0.97876143,-0.80311376,-1.0032088,-0.13253911,-1.3677574,-0.032476634,-0.18457054,1.8235272,-0.43185756,0.50684077,-1.0987386,0.7022653,-0.9273167,-0.5241029,-0.3494555,1.1899906,-0.16886301,0.63995636,1.446529,1.4310246,1.2808524,0.93445367,-0.49640968,-1.2700797,-0.930737,-0.17763086,0.8307774,-0.22472863,-1.1226059,0.18133996,-0.13094296,2.1849403,0.38661036,-0.63559043,1.1404516,-0.56838757,1.4517707,-0.45898947,1.6038047,1.325327,-1.5868832,-0.7189775,-0.9778915,0.67870855,-0.22913922,-0.62493956,-0.6503446,-1.3296032,-0.34408605,-0.3867403,-0.5596576,-1.962532,0.1964414,0.83030695,1.49866,-0.15663807,0.56878245,-0.12181804,-0.69989794,0.31242678,1.4242853,0.1921339,-0.05454996,-0.70738465,-1.9800817,1.1121396,0.9703137,1.1635829,-0.2646043,0.28899956,0.104775965,0.4530444,-0.6577798,0.8758311,-0.9648568,-2.2418206,-0.5617495,0.81506205,0.22664694,-0.29662535,0.47987166,-0.060914814,0.7217937,0.3467612,-1.1143836,-0.20987178,0.38732854,1.0813184,-0.2833241,0.6388854,-0.78334284,0.66637486,0.39062825,0.7096243,0.95319134,0.059048474,0.2654713,-0.87039214,0.48606202,0.84935004,0.81186754,1.757495,0.40929428,-1.4155504,-0.74859315,0.58640844,-3.0482988,-0.24521774,0.5787655,-0.76106435,1.4399735,0.06525239,-1.5368367,2.0854666,0.2681625,0.9913222,-1.9833364,-1.2452661,0.6485806,0.39108297,-0.91312927,0.015573512,-1.2753972,0.6357748,0.21066737,-0.088864885,1.0300517,-0.15320724,0.5551773,2.3187268,-1.1739922,0.46376812,0.24192774,1.0850915,-0.030483032,0.93343425,-1.3517188,0.37028864,0.47640717,-0.08615967,-0.61967087,-0.37594998,0.054703984,1.0515276,-1.1242542,-0.05489252,-0.22805913,-0.8355741,0.22401655,-0.1577669,0.879533,0.7598975,2.025038,0.5652072,-1.6762203,-0.68112755,0.40023223,0.3286334,0.1794867,-0.025978884,1.0169505,0.8479498,-0.6589277,-0.37551948,-0.25572485,-0.15498668,0.16616566,0.22525506,-0.15522806,-0.060077652,1.0219731,-0.4268326,-0.2313428,-0.5255904,-0.42240134,-1.2346503,-0.9386525,-0.9721694,-1.8148032,0.51288456,0.40974554,0.36589122,-1.8289566,-0.42537275,-1.7998029,0.31490824,0.11633473,-1.4191271,-0.52310175,0.46713242,0.15006387,0.97597426,-0.52027756,0.09812024,0.36388314,1.2956551,-1.9601868,0.98534054,0.8006647,0.5045099,1.946085,-0.096644856,1.4638371,-0.7503111,1.1223484,-1.7556559,0.4880613,0.984035,-1.6684676,1.0008539,0.4816009,0.55121607,-0.015008147,-1.2101926,0.38160503,-0.13384496,-0.13431542,-0.5003821,-0.9573875,2.286739,-1.5934529,1.1562628,-1.4967943,-0.5942487,-0.45296144,-0.8390308,-0.95522636,0.77280784,0.2642478,0.37165153,1.0197207,-0.0032075197,-0.5242874,0.37761202,0.1851453,0.3413384,-0.88126415,0.9642141,-0.36547855,-1.310084,0.49536374,0.57348263,-2.0068874,-1.8015013,-1.8307921,-0.63883734,1.2200122,-0.022536287,0.7822616,0.73611766,-0.32905748,0.63867205,-1.7539755,-0.029708132,0.67977977,-0.8524478,1.0543376,-0.078780994,2.5546467,-0.24214119,-0.22586554,0.76647514,-1.5641414,-1.08343,-0.54037493,1.6745638,0.74719006,-0.39172086,1.437575,0.70376164,-1.0897437,-0.5469981,0.79342633,-0.4151305,1.6476582,1.0254539,-0.33760095,1.9596018,0.12251946,0.22702922,-0.6544119,-0.10382891,2.0299082,0.125975,0.3981491,-0.94115925,0.08099432,0.016090086,0.32524085,0.08340319,-0.27961567,0.20274846,1.0799489,0.90425205,-1.4751925,-1.059055,-0.47638384,0.5209014,1.1714429,2.222078,1.6446853,0.36152577,-1.2477592,-1.8268799,0.48199415,0.96218824,0.25709125,1.2337865,-0.8155945,0.5675106,-0.5674521,-0.038226895,-0.45601586,-1.1830806,1.266838,0.29760906,0.28515166,1.6079115,-0.95349663,-1.1194686,-0.2668353,0.7193076,-0.75843525,-1.0801953,-0.44831553,1.4608165,-1.4448804,0.9835208,0.5255552,0.068428166,0.44655144,0.82012933,1.076075,0.888535,-1.053991,-1.0439655,0.48775527,0.4173921,-1.610768,-0.32418808,0.29230246,-1.3157871,0.18423712,-0.6585245,-0.24635346,0.16457902,-1.1904088,-0.48340142,-1.7667834,-0.5789294,-0.9958818,-1.0287161,0.25679323,-0.96975857,-1.5876716,1.2952628,1.2460212,-0.66484,0.5942311,-0.26346186,0.733733,-0.0042576087,0.036580756,-0.28944337,0.1496257,-0.20291112,-0.10111616,-0.4058752,-1.4425988,-0.2923231,0.09503604,-1.4774898,-1.1139884,1.1631734,2.0747726,-1.9013966,0.15660532,-0.16758959,-1.4602247,0.32696876,0.5082046,0.47843513,0.0020653892,-0.36984167,0.10142434,0.01609537,1.9542955,0.8488553,-0.62555915,1.0277778,0.5969339,-0.21468101,1.6842326,0.519507,0.100810714,0.6233348,0.1791036,-0.83192444,1.0008096,0.2159217,-0.115281306,0.7432251,-1.940329,-0.75330323,1.708137,-1.0009426,-0.8629654,-0.047347512,0.37176165,-0.39486036,0.33317387,-0.34504557,1.5815816,0.7337537,0.3924795,1.145384,-0.56758004,-0.27379414,-1.4176625,-0.08789226,-1.5666236,-0.95699865,0.94165283,0.022874383,2.498697,-1.0098977,-0.4644569,1.0090586,-1.0538869,-0.9321895,0.89853364,0.9865982,-0.87393886,-0.57159746,0.31299272,-1.2578579,0.22976637,-2.0784066,-1.1477971,0.26541433,0.2974381,-0.10260272,-0.5413426,0.17505689,0.35058343,-1.3442698,0.6925471,1.4201875,0.9474447,-0.519743,-1.4140245,-0.071835846,-0.22166878,-1.6189885,-0.31064934,-1.0434241,-0.44343004,0.010579419,-0.45229563,0.29538468,-0.8701558,-0.6222108,1.1451522,-0.39564916,-0.84681195,0.13247769,-0.8233313,2.1527805,-0.03661686,0.24610429,0.6018174,0.00018854439,-1.2537249,0.10756445,-0.90112907,-0.19637357,-0.6790271,-0.13298285,1.0680717,1.0839306,-0.3484199,1.1627849,-0.43569395,-1.2410417,0.7975293,-0.23360376,0.2381212,0.70464236,-2.534587,1.5517582,-1.8715096,-1.0168949,0.41589728,1.3085448,0.071194954,-0.44284758,-1.1411055,1.0389582,1.3669181,-1.7397999,1.3692803,1.5968953,-1.3278877,-0.47843623,0.4974797,0.7951376,-0.88428,0.38282847,2.537172,0.5497351,1.0749792,-1.3755655,-0.99414474,-0.52841383,-1.1281904,-0.3896663,0.6662465,-0.33632338,1.0324568,0.45963803,-0.28823453,0.635169,-1.3290628,0.0031152964,1.0068918,-0.3295326,-0.21067695,0.45873025,0.061452102,-1.8683286,-1.7586985,0.34780428,1.0060294,0.25338537,-0.053216636,-0.016453614,1.8858613,1.0029756,-0.055219386,-0.5963043,1.2213153,1.1756719,1.0350596,-0.05433918,-0.859,0.48653606,2.0335414,-0.7939,0.53486997,-0.9724264,-0.9942231,-1.9683365,1.5678176,0.6723531,0.43959782,1.8443259,0.86654735,-0.09330229,0.97220594,-0.5779132,-0.397465,-1.2014762,-0.64923155,0.69631314,-0.30993754,-1.0235853,-0.3221186,-0.9815139,-0.59782475,0.33812383,0.61156976,-1.5450482,0.9051376,0.032259624,1.2775539,0.07274532,-0.3624648,-1.0405612,-0.51715165,-1.6591654,1.864997,0.6769517,0.58216554,-1.9222189,-0.07309152,2.297716,0.6018852,-1.1587707,0.037580475,-0.26590595,-1.9351932,-0.672198,-0.9026725,-0.023051081,1.2662549,1.2336907,-0.7808234,1.1750203,-1.9414176,0.33890912,0.33152547,-0.44603622,-0.61511356,0.40638414,-0.8094144,1.842422,1.6042598,0.6126876,0.8791358,0.8191003,1.3003094,-0.30860677,-1.0614008,-2.8104928,0.81909114,0.04179993,1.0271481,-0.9164316,0.5444467,0.7776027,-0.09163549,1.359419,-0.5817158,-0.31362978,0.19177228,-0.3262833,-0.2936292,-0.033728022,-0.9463946,-0.5370538,-1.1559808,1.0291057,-0.39263248,0.26297906,-0.1531943,-1.2043722,0.066391625,0.89572006,0.4886177,1.174074,0.7951019,0.34524354,-0.3282208,-1.1525263,-1.0286179,-0.84296304,1.5644307,-0.5108809,-0.41663396,0.51539755,-0.027116155,2.0618773,1.1889473,-0.9519305,0.18138038,-0.6651664,0.381402,1.292421,-0.79768324,-0.29039863,0.8560032,0.36853194,0.38159916,-1.1162022,0.10693127,0.06891756,0.84415704,0.32131314,1.0326504,0.20089245,0.10566298,0.830852,0.56898046,-0.16799049
ブ,-0.96813506,-0.5485443,0.7132322,1.56513,-0.6412616,-0.6490003,-1.8316262,0.19594976,0.80616075,-0.516312,0.28963715,0.4826582,-1.3962511,2.2201598,-0.8310984,-0.0703207,0.9278682,-0.66092694,0.29274607,-0.6480632,0.405768,0.49035805,0.86775935,-0.69363767,0.6230076,0.832732,0.5215594,-0.74765724,-0.6873409,-0.42940265,-0.24952523,-0.56700146,-0.7427944,-1.2790369,0.20494635,-0.91745377,-1.2677854,1.3397696,-0.11294929,-0.48144203,-0.56702936,0.32693663,-0.24099007,0.42438245,-0.7370708,0.1560324,1.7512681,-0.74166775,0.83131045,-0.418231,-0.5815487,-0.51624143,0.33221105,0.99690855,0.7767499,-0.24109225,0.5585052,0.49441385,0.2948411,-0.6060972,0.9006845,1.165232,-0.6356979,0.05463617,0.7974646,1.2147108,0.056850422,-0.6714154,-0.37658256,-0.5836643,-2.4427624,-0.5809951,0.3165056,1.7780432,-1.2941284,0.8514786,-0.19999002,-0.34385628,0.33858207,0.14030814,0.4086041,0.34834132,-0.7998725,1.190262,-0.2516304,-0.84115255,-0.19236413,-0.2257433,-1.366731,-0.30349272,-0.160146,-1.2865723,-1.2889488,-1.2590249,1.1036136,0.20759098,-1.0034307,-0.5969023,-1.0455124,-0.05728492,0.19462232,1.0958121,-0.307378,0.40268046,-1.1780831,-0.164198,-0.71092665,-0.67385995,-0.71464837,0.5672671,-0.5138815,0.62722963,0.369445,1.7114986,0.9279748,0.7798435,-0.39507702,-0.66292727,-0.80675733,0.0445453,1.2477478,-0.052885294,-0.9355793,0.5265302,0.25119802,1.0031099,-0.10655097,-0.5355641,1.1521546,-0.0009816587,0.57839715,-0.731984,1.3264257,0.95902026,-1.3319368,-0.3116103,-0.88179696,0.6260415,0.5066985,-0.66302985,-0.7685412,0.2629868,0.18426457,-0.17844133,0.069990315,-1.3074685,0.38058025,0.89985025,1.4941454,0.1380528,-0.189351,-0.24990349,-0.5292742,0.46289864,0.6886996,0.035315692,0.117832504,-0.122398004,-1.4545734,1.4547603,0.13841195,1.1962216,-1.0073265,0.09029398,-0.059843183,0.6285437,-0.58806825,0.5512063,-0.7664526,-1.7269695,-0.30207866,0.43131432,0.16440046,-0.18702109,0.45251328,0.14372428,0.64805937,0.1343031,-1.0088427,0.24812655,0.43958026,1.2770908,0.0061885887,1.8157362,-0.33901986,0.4551072,0.773929,0.0838201,0.29468235,0.07848342,0.73311305,-0.5717665,0.8532244,0.524412,1.3041296,2.8481038,0.63479185,-1.590694,-1.3786643,0.8936024,-1.8499655,0.11220026,0.8347157,-0.39814848,1.2663964,-0.07691623,-0.76347995,1.9635715,0.48855615,-0.07378639,-1.1550128,-1.1353678,0.68153894,0.6363286,-0.52872926,-0.06467612,-0.8151312,0.10128995,-0.5355431,0.029548908,0.70983064,-0.04626329,0.5142391,1.7347037,-1.1494093,0.28113598,0.30154952,0.123335086,-0.041280188,0.60267615,-0.68388426,0.26793304,0.7976431,-0.42131385,-0.9129983,0.16813038,-0.8274282,0.54911935,-0.31396025,0.059126604,0.2281404,-0.75323343,0.05332731,-0.043263864,0.5925238,0.7043085,1.5076416,0.27018148,-1.6558526,-0.098837495,0.30425006,0.7099388,0.41742802,-0.12252885,0.8155918,0.37099072,0.009985221,-0.13106653,-0.021398282,-0.15732941,-0.120531715,0.8609166,0.0024388195,0.68595207,0.48507175,-0.46800575,-0.3115533,0.2170146,0.13421437,-0.6831172,-0.6572952,-0.83010274,-1.3399543,0.0798445,0.0026499392,-0.18597072,-0.9440204,-0.3593951,-1.3310446,0.1777886,0.6961774,-1.3062099,-0.69308937,-0.30061498,-0.032168865,0.28181893,-0.4845368,-0.0055001853,0.57692826,0.59355235,-2.017599,0.7799405,0.04172945,0.7390758,1.2655699,-0.0636954,1.359112,-0.22435074,0.7972618,-0.9662355,0.50904083,0.78121346,-1.487075,0.7563597,-0.23726086,-0.28249526,0.44103354,-1.3865036,-0.12859026,-1.0456164,0.16146307,-0.088171855,-1.5344986,2.01441,-1.8817711,1.3425337,-1.3603165,-0.45462045,-0.58106005,-0.59022856,-1.5968986,1.1788435,0.28486595,0.18346778,0.53296745,-0.2844362,0.22368243,0.33813757,0.58606255,1.0307105,-0.40057415,1.0925415,-0.48807257,-1.3887366,0.061802913,0.5152796,-1.394202,-1.8673891,-1.3458321,-0.09714004,0.628327,-0.40067166,-0.17301455,0.9794036,0.06569767,0.8323283,-1.0074956,-0.45616126,0.3928906,-0.88212454,1.3546022,-0.13686123,1.4105021,-1.0404668,-0.40732604,0.6723026,-2.179194,-0.37537575,-0.20298466,1.6831299,0.53954417,0.045386113,0.035200834,0.4587074,-0.8030068,-0.11307013,0.34478903,-0.03646035,1.7726243,0.61322594,-0.97299194,1.6795743,0.11105037,0.28042427,-0.19271019,-0.3643036,1.887502,0.2754455,-0.5029893,-0.40163833,-0.28165835,-0.08961852,-0.23677507,0.2318886,0.33993563,0.055046927,0.27387795,0.67637295,-1.1417457,-0.91352177,-0.79218405,0.62897736,1.327058,1.4826164,1.584101,0.117349125,-1.1747465,-1.8229014,0.4355889,1.275539,0.062128793,0.45072547,-1.4724538,0.17616934,0.3171701,-0.3553491,-0.8384411,-1.8365618,1.6515484,0.42832017,0.3689216,1.4799756,-0.7871672,-1.2628025,-0.15141726,1.1437687,-0.3342709,-0.6878711,-0.5417836,0.68037814,-0.6883625,1.5394738,0.5115355,0.39448482,0.05574002,0.24708784,0.83467805,0.3531738,-0.93510044,-0.9490932,-0.20497838,0.8321258,-1.3041513,-0.23600432,0.6181814,-2.104382,0.6819564,-0.51201403,-0.556102,0.29124516,-0.6002563,-0.6593326,-0.4933118,0.048365254,-0.9872092,-1.1910738,0.4712371,-1.3205559,-1.7448301,0.8392264,1.585248,-1.4089031,0.7898143,0.2737379,0.22357717,0.47594815,-0.05346374,-0.22848487,0.669985,-0.62273705,-0.2972203,-0.44117522,-0.967099,-0.4483016,0.25283557,-1.3779408,-1.6208432,0.9237981,0.99590695,-1.7139475,-0.6879713,-0.16538905,-0.7259059,0.583501,0.4170863,0.060961545,-0.293339,-0.52921546,-0.4352358,0.2838295,0.46598214,0.04607957,-0.3050413,0.2959137,0.220415,0.14442119,1.4179844,0.06529466,0.5228986,0.8890149,0.21507223,-1.1131194,0.42097792,-0.30738854,-0.09032848,1.0643032,-1.806452,-0.9898699,1.5081164,-0.39613852,-0.96799123,0.10145868,0.46983314,0.11096282,0.39670438,0.547655,1.0342114,1.5606979,0.71358323,1.8984476,-0.8748458,-0.8407439,-0.6483892,-0.112994455,-0.59766597,-0.787256,0.5968944,1.1425421,2.7702081,-0.6590822,0.29920515,0.9417111,-1.0691159,-0.97714233,0.5675982,0.7482737,-0.8146898,-0.67568225,-0.08744882,-0.8547165,-0.21182938,-1.7771238,-0.85141456,0.17349856,0.57570624,-0.49773413,-0.23644368,0.9093685,0.3096441,-1.1606982,0.4095551,1.1866252,0.7791678,0.20233938,-1.5101612,0.10784594,-0.5002611,-1.4306147,-0.20659149,-0.49459466,-0.6808572,0.21312377,-0.14484063,-0.12781474,-0.99110585,-0.25235426,1.2793176,0.31861728,-0.16598997,-0.09972158,-1.056341,1.5988455,-0.7846983,-0.4806148,1.2212657,0.950878,-1.6227537,0.32487074,-0.9225052,-0.0018607617,-0.827113,0.57724714,0.554024,0.4075342,-0.52558076,1.5435756,0.013334727,-0.1518486,-0.19996575,0.6090938,-0.19453552,0.1442159,-2.2936292,1.0898968,-1.5101154,-1.1099365,-0.043516543,0.7733069,-0.49115953,-0.11320384,-0.87101823,0.4724769,0.65391195,-0.9064905,1.1575415,1.8211063,-0.55631435,-0.6049413,1.01299,0.61283565,-0.7042802,0.21054235,2.2249262,0.5539763,1.0814518,-1.0334855,-0.46204033,-0.024430286,-0.13854603,-0.8323596,-0.18315445,-0.46500045,-0.28430325,0.6338514,-0.26970476,0.86969393,-0.9997226,0.35451972,0.84436023,-0.83190614,-0.21442564,0.078832366,-0.28261405,-1.2330978,-1.1726376,0.655987,0.8537308,-0.17455468,-0.32630602,0.7194527,1.1729653,0.7903111,-0.39429778,-0.4954854,0.45767808,0.99175644,0.93799627,-0.5130912,-0.8563264,0.5563481,1.5394043,-0.42189354,0.69799924,-0.22615099,-0.5108061,-1.9953392,1.1421354,0.79626644,0.068012394,1.242982,0.46354643,0.26634538,0.563437,-0.65700734,0.18372674,-0.27817613,-0.72626156,-0.21291034,-0.12901014,-0.7643337,-0.12403132,-0.6298745,0.07395462,-0.17865977,0.7081213,-1.2401617,0.48475394,-0.039158516,0.39972487,0.16325717,-0.04753927,-0.79500663,-0.3111184,-0.7523774,1.372976,0.8828346,0.115863964,-1.7250891,0.28438875,0.8748597,0.27966663,-0.65225905,0.37015146,-0.008360416,-1.2067316,-0.43523335,-1.5101342,-0.2042667,0.26909965,0.86321986,-0.6587474,0.9252825,-1.4685729,0.9083737,-0.09237981,-0.74840987,0.1553803,0.09945781,-0.50786,2.1279612,1.3603604,0.19471154,0.14455643,0.51487964,0.69363075,0.023138177,-0.42244267,-1.349474,0.88098395,1.158613,0.5801847,-1.3360717,-0.27235112,0.69409,-0.48164907,1.4577838,-0.63332283,-0.39282268,-0.7028283,0.025211036,-0.7228835,-0.3228054,-0.92790544,-0.012276846,-1.3987108,0.2922326,-0.5642595,-0.4690703,0.6758958,-0.6689615,0.34207335,0.20242098,1.2073511,0.9411451,1.0509034,0.17543268,-0.67446005,-0.071851954,-0.74167204,-0.5593101,0.95586556,-0.8090488,-0.022168875,0.2726912,0.66876113,2.0455232,0.3188933,-0.5508801,0.11570035,0.0058734356,0.23505256,0.20953827,-0.32186505,-0.39633375,0.32629803,0.6052892,0.37860084,-1.0000265,-0.041540343,-0.19943386,0.4680892,0.30544397,0.4868118,-0.07631974,0.8775902,1.4280266,0.71681166,-0.4031907
ン,-0.5850561,-0.50554407,0.5076689,2.0469973,-0.75867754,-0.46783507,-1.2417094,0.20750202,1.1507598,-0.66932935,0.41225386,0.22302218,-1.4826838,1.8969475,-0.8601257,0.020670345,0.8933194,-0.8032555,0.46316084,-0.49425444,0.63755435,0.53437024,0.85569996,-0.6413987,0.32668248,0.86487406,0.61085004,-0.7964397,-0.52531356,-0.6203092,-0.10394913,-0.5527497,-0.2599955,-0.5451238,0.42284918,-1.5725684,-0.8457994,1.3908986,0.044912476,-0.45672655,-0.8613374,0.68994635,-0.3785205,0.19366801,-0.6417898,0.19441597,1.8868884,-0.25371858,0.6856049,-0.3544805,-0.4825491,-0.5383819,0.2908195,0.5841769,0.40007234,-0.09539486,0.8227654,0.84173185,0.34328046,-0.42449287,0.4815997,1.45723,-1.1289839,0.4391065,0.08506155,1.1003178,0.08599063,-0.90689516,-0.5755871,-0.7227573,-2.4907775,-0.537067,0.17900372,1.1384655,-1.243361,0.8796818,0.52356166,-0.49529442,0.04763193,0.38702106,0.13221247,0.42796305,-0.8252681,1.2044016,-0.50444025,-0.24431829,-0.5308239,0.23011982,-1.2193753,-0.08504665,0.34037268,-1.1682531,-1.5422314,-1.4055405,0.6290371,-0.20643397,-0.96988946,-0.29901847,-1.5208763,0.2305906,0.29973015,1.0214673,0.08250686,-0.20947623,-1.0537621,-0.022991547,-0.7467313,-0.77130204,-0.9327543,0.9031636,0.054267734,0.43188944,0.8425848,1.0773834,0.89148,0.904686,-0.6830091,-0.9583047,-0.4015166,-0.22661059,1.1127821,-0.13807456,-1.1264545,0.5632379,0.9475894,1.1109552,0.0046007433,-0.792326,0.8820575,-0.24399953,0.64467126,-0.10571724,1.6849283,0.9789646,-0.97033054,-0.51739055,-0.8819069,-0.0034380357,0.16092221,-0.40719453,-0.7311478,0.022784382,0.06332151,-0.22026105,-0.14158916,-1.8376127,0.4319013,0.76085544,0.8869162,0.22538285,-0.4400654,-0.6774778,-1.2328157,0.82481056,0.37602702,0.050503194,-0.0436209,-0.14162377,-1.6640815,1.9113837,0.6048466,1.1026539,-1.1043304,0.38741672,0.010034145,0.68899775,-0.9329305,0.7712452,-0.7161851,-1.8646685,-0.65413094,0.25624374,0.39754117,0.15702765,0.7878077,-0.26972798,0.8313884,0.3189894,-0.38995335,-0.16140398,0.48589933,1.3018812,-0.08989718,1.1808977,-0.41792616,0.48992607,0.95802927,0.5540138,0.35107955,0.17123687,0.7757997,-0.771463,1.223044,0.990761,1.6690408,2.482334,0.97958595,-1.3694826,-0.9165649,1.0982122,-1.7175916,0.041454364,0.60539436,-0.64639825,1.572008,-0.5632561,-1.0773028,1.5300387,0.41095898,-0.015710235,-1.0937622,-1.135046,0.5652314,0.75798625,-0.65459925,-0.046797827,-0.44507077,0.5722369,-0.4691809,0.01730669,0.3048578,0.2338652,0.53431296,2.02982,-1.028416,0.19205713,0.6072519,0.17780781,0.09432303,0.16273543,-1.2172085,0.083019175,0.7268413,-0.65487415,-0.5975757,0.16569689,-0.8193956,0.41153702,-0.596159,0.24700852,-0.067666136,-0.6221523,0.3183834,-0.18753183,0.18896793,0.7594843,2.2562358,0.67470104,-1.4886144,-0.11208355,0.35811993,1.1030489,0.2983773,0.13833435,1.164832,0.6800901,-0.8478822,0.2771275,-0.22605592,-0.144343,-0.44478187,0.8324225,-0.2207825,0.64387846,0.39440456,-0.89307326,-0.57897097,-0.2931479,0.22900726,-1.0285355,-0.45625368,-0.57321584,-1.2368708,0.06330342,-0.45564094,0.56699824,-1.2797064,-0.73416656,-1.4549385,-0.15829156,0.7089912,-1.1392592,-0.6032278,0.08880033,-0.479805,0.27780673,-0.17741223,-0.036949277,0.5508872,0.72857565,-1.4895815,1.3356686,-0.116275795,0.8115141,0.93420726,0.2578844,1.461206,-0.13365723,1.0488232,-1.0419272,0.9440903,0.85454255,-1.4026345,0.7483506,-0.25448218,-0.6655498,0.6946153,-1.6240071,-0.35828266,-0.18865986,0.5886509,-0.14150219,-1.6504887,1.6265589,-1.8329363,1.5589899,-1.4095472,-0.57369745,-0.66023755,-0.7316553,-1.3960465,1.2891233,0.51803714,-0.018123642,0.7059472,0.11610705,-0.033642452,0.5260429,0.84572285,0.45345613,-0.13288678,0.827535,-0.60221356,-1.4557062,0.29033133,0.8432112,-0.97015136,-1.3685752,-1.6808745,-0.55919194,0.64437497,-0.8271348,0.51065916,0.40247932,-0.08099583,0.7993116,-0.74286515,-0.10479784,0.15524922,-0.3637623,1.1730087,0.23681314,1.5283891,-0.9630266,-0.50408846,1.2630588,-2.438409,-0.30054,-0.59935683,1.5422934,1.0131489,-0.054225493,0.6895279,0.39057422,-0.7161644,-0.3518753,0.5358996,-0.6253883,1.2259816,0.3200904,-1.0958397,1.3454927,0.16947438,0.98410684,-0.79030466,-0.59598404,1.8766383,-0.08095699,-0.48875654,-0.52990955,-0.19149172,0.20651935,0.19299662,0.21701236,-0.19143873,0.24396078,0.7365864,0.7546196,-1.2700982,-0.5994676,-0.9342435,0.38627028,0.96369857,1.8742098,1.34193,-0.22200553,-1.3781906,-1.8271528,0.3564671,1.2097615,-0.12714134,0.21863544,-1.1776861,0.06721383,-0.05893588,-0.23520519,-0.7186957,-2.3612223,2.0252624,0.31787705,0.79367614,1.5228931,-0.7236032,-1.1371273,-0.44795394,0.6217157,0.32063103,-0.7748268,-0.7115383,0.69952554,-0.78070325,1.3135859,0.40377355,0.19466867,-0.08405253,0.26382068,1.0678937,0.62416977,-0.48607334,-0.8627212,-0.03116093,0.55162644,-1.362503,-0.27955908,0.19540508,-1.71281,0.14186595,-0.7424758,-0.37668276,0.18911807,-0.763926,-0.96933275,-0.4422885,-0.017826676,-0.866492,-0.9253926,-0.03594179,-1.1850256,-2.073335,0.9203505,1.33787,-1.4010135,0.63852257,0.39736494,-0.06150331,0.6955516,-0.13099453,-0.03780416,0.5476963,-0.4182755,-0.047388136,-0.850331,-1.0948097,-0.77344275,0.13893466,-1.3168862,-1.0885644,0.91704583,0.80192834,-1.8191196,-0.4165813,-0.13022351,-0.51288587,0.8288815,0.59168696,-0.11357927,-0.11831839,-0.7867083,-0.574321,0.30207083,0.8928423,-0.0829275,-0.4865402,0.6002999,-0.044118676,-0.10480285,1.5573071,0.47537577,0.41348863,0.5471965,0.19660749,-1.0029463,0.6140063,-0.04808883,-0.10576434,0.91008735,-1.791324,-0.5849089,1.7369212,-0.51887625,-0.7780096,-0.22182555,0.003374065,0.07853784,0.44510093,0.6948161,0.9130749,1.2478245,0.81619185,1.6953527,-0.57658315,-1.0051137,-0.4015104,0.00077871484,-0.8669637,-0.88620156,0.72355634,0.6185824,2.2760212,-0.41219535,0.13470703,0.66972965,-0.7030346,-1.0180017,0.5321957,0.39290428,-0.9188444,-0.9042768,0.27568164,-1.1386993,0.14855689,-1.6604437,-0.21862,0.502795,0.7892006,-0.7210638,0.23520099,0.43751988,0.43644598,-0.9997809,0.8434527,1.4073323,1.1994246,0.12637426,-1.1608363,-0.0013169535,-0.64427173,-1.1861788,-0.03725803,-0.46741113,-0.7117364,0.055199903,-0.58229405,-0.26305553,-0.97839254,-0.4486265,1.6103061,-0.059659272,-0.2913329,0.1963919,-0.6019116,1.8342193,-0.6269865,-0.42666832,0.81556576,0.80024165,-1.4928557,0.4323829,-0.9956851,0.49886382,-0.7804131,0.2867598,0.86179185,0.7187681,-0.52877223,1.4386212,-0.18636186,-0.48807958,0.35051465,0.727277,-0.30999276,0.15961543,-2.2500775,0.94031006,-1.6022763,-1.2833388,0.43541434,0.7858939,-0.45643675,-0.30742458,-0.030832997,0.37683308,0.2452095,-0.7941954,1.1966933,1.612679,-0.8183097,-0.33174613,1.1975236,0.28877684,-0.75837153,-0.20139383,2.5218003,0.73828965,1.5890274,-0.94216394,-0.18581386,0.11628307,-0.23865569,-0.7880981,0.1229456,-0.33589268,-0.06544626,0.7372262,-0.5480128,0.76339394,-0.8857419,-0.20492454,1.193582,-0.5627406,0.012338549,0.48505715,-0.25624448,-1.4078575,-1.3672968,0.30527964,0.868546,-0.36018142,0.1963784,0.51231784,1.9082607,0.8592302,-0.39117777,-0.4442143,0.34393862,0.7671507,0.7674038,-0.6130838,-1.1920683,0.6438249,1.3034908,-1.1835476,0.8645325,-0.40043965,-0.3637015,-1.7770122,1.0487972,0.8477044,0.13234223,1.0851777,0.81269187,0.05960064,0.68948895,-0.4420253,0.15503766,-0.6063661,-0.33248892,0.11090713,0.11040306,-0.7438965,0.14143449,-0.5871912,0.11767265,-0.15137644,1.1268736,-1.2156664,0.3596934,-0.20569046,0.6476144,0.07722827,-0.3383541,-0.36919633,-0.10518653,-0.8638076,1.677121,0.9757755,-0.25681412,-1.8721548,0.071476676,0.5985568,0.196454,-0.96204895,0.31290475,0.03776903,-1.1876246,-0.22681399,-1.2623721,-0.34654626,0.4419693,0.87915474,-0.9260283,0.8249702,-0.9986313,0.9010346,-0.46726754,-0.7867314,-0.030432766,0.19707835,-1.1962909,1.7385777,0.8580777,0.07600275,0.2028116,0.85399944,1.2275547,0.04931134,-0.6556652,-1.534193,0.9557993,1.1496311,0.24911036,-1.4473286,-0.023472533,0.38442075,-0.74997836,1.3680458,-0.71969897,-0.5004714,-0.8150651,-0.53586656,-0.6621112,-0.3968071,-0.6391897,0.014608454,-1.0955001,-0.1659262,-0.42521247,-0.21858376,0.58294815,-1.0815471,0.32594755,-0.016419802,1.0567516,0.7857887,0.51920336,0.10602363,-0.66721797,-0.10960382,-1.0764319,-0.5208994,0.9815545,-1.0446957,-0.06678256,0.18699272,1.2119923,1.8697639,0.296731,-0.4077569,0.74916744,0.32366422,-0.06958943,0.52677184,-0.7698123,-0.585581,0.15950169,0.1946894,0.46770206,-1.4007624,-0.45347556,-0.061781656,0.5457601,0.3958596,0.37052837,0.31528237,0.4424343,1.7465628,0.34824172,-0.6537824
ワ,-0.8582316,-0.89224434,0.7497851,2.0993168,-1.0400039,-0.17283136,-0.99921036,0.32527068,1.1246473,-0.9265321,0.23098047,0.46920738,-1.6998686,2.1460516,-0.49372482,0.29440108,0.9215055,-0.494091,0.46662617,-0.34341383,0.8505698,0.2591394,0.86588115,-0.54963446,0.17239268,0.783673,0.5439828,-0.8101413,-0.868032,-0.57654625,-0.22010934,-0.9282916,-0.3826166,-0.77832097,0.19147034,-1.0808035,-0.40489125,1.3725959,-0.19808519,-0.4626448,-0.9905862,0.2568117,-0.3270767,0.0950422,-0.78408986,0.076291114,2.0345356,-0.68738455,0.81006193,-0.31451502,-0.7023657,-0.3750436,0.25076604,0.4498578,0.5475035,0.22885041,0.6532338,0.78210753,0.0952096,-0.26121226,0.39140645,0.76906055,-1.1925025,0.28173265,0.78720003,0.9691375,-0.014886727,-0.6749737,-0.7877236,-1.0724385,-2.4712584,-0.40849853,0.17663388,1.3240118,-1.099775,0.9002581,0.41347337,-0.3034794,-0.021173358,-0.14679366,-0.12865491,0.6123707,-0.95449543,1.108193,-0.83327484,-0.5472098,-0.5549086,0.11440625,-1.3109312,-0.26464304,0.71782917,-1.1610177,-1.7875828,-1.0229436,0.746955,-0.50820714,-0.63446146,-0.63447195,-1.3447766,0.16413699,0.2969164,1.130237,-0.39191112,-0.32989058,-0.9011763,0.39512548,-0.55259293,-0.50890857,-0.8348615,1.0714734,-0.23233348,0.4619585,0.6042902,1.4795766,1.3368317,1.0096565,-0.53888774,-0.7605527,-0.094097406,-0.24981844,0.5756905,0.10394955,-1.446025,0.6696627,0.66409135,1.321638,-0.07781129,-1.0680181,1.4894575,-0.42994115,0.6232101,-0.6082098,1.6179281,1.0224566,-0.8039,-0.461583,-0.7039545,0.15120028,0.32024446,-0.23387088,-0.5491881,-0.10212582,0.08403194,-0.3576869,0.24037044,-1.5603927,0.012124131,0.3951769,0.651591,0.1446567,0.15090768,-0.7350166,-0.6837906,0.61413056,0.8441317,-0.32258162,0.6903174,-0.33355436,-1.5035783,1.5112014,0.6532788,0.9441506,-1.1738437,0.54763436,0.070361175,0.7160731,-0.8128624,0.8994007,-0.39477253,-1.8155465,-0.45944667,0.4074836,0.6903867,0.013550187,0.4729866,-0.4214976,1.0931486,0.55495626,-0.65917635,-0.11243543,0.7877755,1.2499064,0.3968691,1.2511528,-0.24963097,0.61469054,0.6671119,0.3256306,-0.016414663,0.48539504,0.18054195,-0.89553446,1.2059864,0.84737235,1.2605082,2.643873,1.0172039,-1.2015055,-1.0603834,0.8287676,-1.5821844,-0.06279727,0.55391073,-0.3581239,1.7297406,-0.324706,-1.329846,1.6593046,0.4428155,-0.043600723,-1.4859633,-0.97939444,0.8190283,0.7271915,-0.59755856,-0.007008637,-0.29098776,0.2918923,-0.49198452,-0.23658442,0.8601856,0.1178869,0.41587424,2.0073445,-1.172833,0.28315243,0.71523684,0.4986168,0.3051702,0.15698722,-1.3057016,-0.011642198,0.3560393,-0.7355959,-0.22596945,0.61143935,-0.24637349,0.66942,-0.48803964,0.0367712,-0.17530286,-0.9604416,0.3194299,-0.23256151,0.8113795,0.6510814,2.439953,0.24988581,-1.0851955,-0.05215345,0.84621733,0.830851,0.34973812,0.044643704,1.2733132,0.6812292,-0.66173446,-0.13347395,-0.72373796,0.10450966,-0.3001374,0.7027213,-0.24703556,0.46337485,0.76534176,-0.796458,-0.86219496,0.12959556,-0.20981604,-1.3477697,-0.8076709,-0.89435107,-0.65856487,0.014662537,-0.3294126,0.2268789,-1.5313576,-0.6863296,-1.9196172,-0.55826235,0.8254754,-1.5042113,-0.59036684,0.34248948,-0.8390133,0.5342025,-0.37198552,-0.27430382,0.3381388,1.0495019,-1.7497916,1.0629088,0.6204321,0.15409201,1.0961658,0.47959027,1.3844471,-0.14768375,0.6760289,-1.1743634,0.80950123,0.83599526,-1.1847267,0.8457718,0.16633259,-0.005353769,0.24230058,-1.3625708,-0.31814286,0.0141683025,0.3159657,0.11502928,-1.1912359,1.7063369,-1.800412,1.325375,-1.4896847,-0.4058491,-0.45467222,-0.69262165,-1.2176529,1.07472,0.7224989,-0.1107722,1.0313963,0.17106701,-0.35737893,0.5550439,0.8470137,0.27306083,-0.53558224,0.8765512,-0.6133199,-1.4498123,0.6311121,0.8968263,-0.9581427,-1.5946525,-1.4702421,-0.4848226,0.54832536,-0.54216534,0.33315542,0.7380259,-0.13845061,0.6274326,-0.5542458,0.189371,0.041016478,-0.7685511,1.13777,0.12084073,1.4538895,-0.5214836,-0.3703374,1.109294,-1.9645176,-0.12976457,-0.86604905,1.3474904,0.66268116,0.1652973,0.7883227,0.46142265,-0.59995484,-0.3439184,0.9914484,-0.21823968,1.4099027,0.797695,-0.81019217,1.8856179,0.2677703,0.13794824,-0.8984828,-0.35783795,1.9012104,-0.264248,-0.2994472,-0.60310024,-0.5061864,0.113891125,-0.1310781,0.36463833,0.053491745,-0.17034222,1.0587512,0.78306675,-1.8450593,-0.71894974,-0.82026577,0.28109807,0.7842528,1.9309646,1.5482718,0.06549353,-1.6564776,-1.8979784,0.19369979,1.0942308,0.084454,0.15231813,-1.1070155,-0.055642705,0.42873454,-0.07420354,-0.826201,-1.9420834,1.8948706,0.06251338,0.4975792,1.8281087,-0.56976455,-1.3620926,0.06366494,1.0251681,0.17922144,-0.88021857,-0.4358975,1.2838546,-0.6654064,0.9859889,0.7173734,-0.4572192,0.4383594,0.19190687,0.6160036,0.58545506,-0.49417496,-0.9824462,0.15091401,0.46012664,-1.15454,-0.43485665,0.39978656,-1.7289549,0.3249199,-1.0751075,-0.5015454,0.31325898,-0.8624368,-0.47039762,-0.972974,-0.24886768,-1.1918235,-1.3693275,-0.2269466,-1.3136721,-1.7325053,1.0001514,1.6173843,-1.5436612,0.45170578,0.36442304,0.20426661,0.4197319,0.10458219,-0.09976741,0.6029442,-0.63534385,-0.5954582,-0.63715047,-1.0648175,-0.58529216,0.2463079,-1.3983787,-1.4572009,1.4794251,1.0087539,-1.4733273,-0.34269965,-0.32587856,-0.5765553,0.8185254,0.66309327,0.0074892133,0.02007554,-0.18511279,-0.48826155,0.17027555,1.0049502,-0.0064314413,-0.5056196,0.27415958,0.21996133,-0.20899701,1.6867037,0.56304175,0.20364995,0.4973853,0.28278065,-0.74895424,0.5992188,0.2525261,-0.07971304,0.6397757,-2.2486084,-0.92448545,1.4642344,-0.68503857,-1.0127854,-0.42884538,0.32576856,0.11394772,0.425115,0.53609014,1.6337386,0.9254989,0.7172222,1.7186676,-0.66566736,-1.2689677,-0.69471866,0.14644437,-0.93519,-0.73798853,0.7330087,0.69865197,1.9505073,-0.5969422,-0.026523814,0.62059337,-0.64575416,-0.5428128,0.44952592,0.12982121,-1.2910019,-0.5631184,0.4053333,-0.69682723,0.302923,-1.8160645,-0.718252,0.14224075,0.83106023,-0.5026822,-0.4233607,0.37530097,0.5861904,-0.9064838,0.8693951,1.2774897,0.817386,0.08979576,-1.4530946,0.32695368,-0.51523143,-1.6663527,-0.032197714,-0.68145925,-0.5445383,0.0030781433,-0.44720146,-0.3877733,-1.091654,-0.34297046,1.7292967,-0.085393466,-0.27716896,0.18659818,-0.58221084,1.4923229,-0.5313143,-0.1494849,0.6341354,1.3348546,-1.7367362,0.42756927,-1.144916,0.09374673,-0.87864804,0.7033077,0.76445585,0.8671357,-0.2828531,1.5332665,-0.4114708,-0.9338965,0.1446636,0.7443083,-0.12342582,0.56842715,-1.8970963,1.0556476,-1.0340744,-1.3137977,0.04481077,0.6963899,-0.16146766,-0.2609748,-0.36771905,0.43854368,0.19042836,-0.81284016,1.461628,1.7328691,-0.9812235,-0.4292976,0.9241751,0.33366778,-0.61336297,-0.017660687,2.7096577,0.5624435,1.3811711,-0.7905,-0.35519728,0.03575887,0.05806158,-0.77659816,0.45212683,-0.62580305,0.015815482,0.9227876,-0.48553932,0.67685074,-1.0820016,-0.4446478,1.0650799,-0.9391802,0.36373797,0.68575007,-0.50732905,-1.6553116,-1.2327651,0.55416113,0.66894966,-0.5875835,-0.09352192,0.5726568,1.6723803,0.55459946,-0.58416396,-0.73824626,0.6728193,0.95832247,0.85767794,-0.09729754,-1.0818425,0.73065954,1.4635473,-0.8567721,1.0756196,-0.40166962,-0.50178504,-1.7427249,1.13073,0.6834979,0.049056213,1.4430705,0.63326025,-0.17383587,0.6085526,-0.3977913,-0.062256675,-0.8192428,-0.42312136,0.077024974,0.093692385,-0.77124685,0.2598972,-1.2598963,-0.47650763,0.32373926,1.0954186,-0.584121,0.4933811,-0.49713662,0.9936039,-0.31460384,-0.51073354,-0.6570031,-0.38815305,-1.0033411,1.8542064,0.7573306,-0.17405598,-2.6052623,-0.23539765,0.48416087,0.82637984,-1.1872188,0.39727092,-0.055608287,-1.1429335,-0.5516101,-1.5954565,-0.076978005,0.48864004,1.5248829,-0.81335384,0.8231814,-1.5446452,0.75739807,-0.24142508,-0.57445484,-0.18369792,-0.041890472,-0.79204303,1.5110031,0.75212556,0.28116915,0.14891595,0.98713136,1.207974,0.57493687,-0.58030826,-1.8439488,0.9172125,0.6619572,0.13442291,-1.0154012,-0.03944383,-0.05676191,-0.7286709,1.4143568,-0.9780028,-0.47120723,-0.6769193,-0.3958749,-0.6993039,-0.10132179,-0.69565964,-0.14970517,-1.0967774,0.051596925,-0.551389,-0.12259867,0.545199,-0.670161,0.36479345,0.2489004,0.96869606,0.9103524,0.4780203,0.22666936,-0.51154107,-0.05113731,-0.8118593,-0.8809986,1.1175965,-0.76657605,-0.26988053,0.29006064,1.105203,1.6307875,0.6057949,-0.8330714,0.43183362,0.5278384,0.030984709,0.5805319,-0.22554481,-0.6369769,-0.09462976,-0.26093933,0.76909524,-1.3473448,-0.58753693,-0.23700942,0.5275066,0.4277854,0.7404456,0.46342456,0.3454168,1.4403533,0.7117215,-0.7613897
、,-0.5963794,0.10529431,1.6240423,2.0130475,-0.83441854,-0.44986212,-1.7785892,0.6309293,1.6413329,0.49234465,0.105186075,-0.82144123,-1.2588515,2.0630324,0.26674908,-0.053299025,1.5684118,-0.64954966,-0.10177413,-0.46132237,0.78048617,0.38105503,0.6265359,-0.6125774,1.0228072,0.9268445,0.7035471,-0.8002887,-0.16417453,-1.3932205,0.52835476,-1.0177418,-1.1323028,-0.3396275,-0.09339696,-1.9415693,-1.0763817,1.0141767,0.7446172,-0.7992769,-0.73173857,0.13405445,-0.16993017,0.63000757,-0.8850663,0.07249272,1.6795355,0.105543375,0.78595674,0.02778326,-1.1283474,-0.30122894,0.22684094,0.8948875,0.9089949,-0.05683805,1.2952218,0.62399423,0.9657086,-0.8806467,0.20194955,1.1502278,-1.248927,1.4003787,1.3487346,0.8083919,-0.6541349,-0.79478806,-0.018436894,-1.1826183,-2.173955,-0.68568623,0.70120406,0.9371829,-1.6832857,0.8261522,-0.6755646,0.46518314,0.62174124,-0.5467536,0.4140041,-0.070137486,-1.4076613,1.6144996,-0.79685885,-1.062603,0.6358835,-0.26780558,-0.8455445,-0.04770667,0.18819365,-2.1631546,-1.5670042,-1.2205192,0.3799153,0.06378183,-0.66213125,-1.0025581,-0.9191077,-0.15550274,0.14334412,1.1757545,-0.31842697,-0.62539756,-1.1382533,-0.19781145,-0.7901592,-0.142414,-1.1963818,0.7604205,0.1562427,0.7701718,0.4442396,1.75852,0.39458165,1.0675364,-1.2999701,-1.1762989,-1.071608,0.072662145,0.19195938,0.3528728,-0.9728724,0.25587463,0.45171383,0.7906666,-0.2546362,-0.79817647,0.5004599,-0.65424395,1.1688788,-1.2319167,1.6901145,1.0329988,-1.5963972,-0.31089374,-0.9178593,-0.044391192,-0.2810781,-1.4434276,-0.60480976,-0.14705336,0.6386705,-0.49923164,0.31362092,-1.8179555,-0.13293098,0.75575054,1.2106168,0.77467304,-0.18817694,-0.404578,-0.5195366,0.5834739,1.1078138,-0.53158915,0.09430795,-0.77883273,-1.0626715,0.5068178,0.5298151,0.95934784,-1.1494966,0.09002599,0.43283874,0.3949131,-0.8903423,0.4867756,-0.7260435,-1.7876229,-0.24832414,0.09264977,0.7150278,-0.5356438,0.43893492,-0.7582593,0.3181877,0.16967496,-1.329551,-0.91546446,0.8965422,0.92721856,0.5896692,1.005486,-0.69356966,1.2357957,0.6332644,0.19438007,0.08538163,0.08985494,1.1112958,-0.93239546,1.6229995,1.1583393,1.0308661,3.1965857,0.5063364,-1.08429,-1.284441,0.18625592,-2.2635608,-0.3893221,0.8304292,-0.3834013,1.3071946,-0.82823294,0.15214014,2.272668,-0.11130571,-0.062402904,-1.5824523,-0.7223481,1.4140162,0.6325178,-1.176062,0.11733356,-0.47277242,-0.12233955,-0.15741412,-0.62967706,0.35904738,0.3375948,-0.6969783,1.7026709,-1.2855988,1.3393385,0.48069808,0.77518255,0.50018156,-0.09620342,-1.739436,-0.15216176,-0.026720982,-0.7901852,-0.6871953,0.45798138,-0.6529387,1.1025387,-0.36311898,0.5152216,0.42175704,-0.361721,-0.4062162,-0.23199295,1.2451892,-0.05957085,1.1195424,-0.1531553,-1.420186,1.1101668,0.020451084,1.3275999,-0.32442945,-0.735628,0.4476627,0.187953,-0.10882287,0.49912995,-0.6058492,-0.6005525,-0.14549077,0.38967144,-0.11900538,0.5524906,0.0908843,-0.47125703,-0.4894452,0.5494674,-0.060499445,-1.1636026,-0.8978029,-0.84927046,-1.6523072,-0.49831006,-0.13658446,0.24042071,-1.3092655,-0.010393225,-1.1872064,-0.38206935,0.27029723,-1.4440346,-0.070082664,-0.6028326,-0.030934691,0.025223717,0.14577115,-0.30342722,0.42725167,0.58687454,-2.236957,0.67245114,0.86192465,0.48502034,0.8630832,0.09098768,0.8031699,-0.56009376,1.2509918,-0.77669704,1.1955252,0.09105304,-0.28749114,0.6999987,-0.014869809,0.97115904,0.8163724,-1.3248497,0.01877135,-0.6146631,-0.11571595,-0.09235934,-1.0290296,1.9057914,-2.6586943,1.5753379,-1.8530213,-0.43331662,-0.54210466,-0.2134748,-1.4929472,1.3423243,0.58539677,-0.33045828,0.94699484,0.31836516,-0.40685922,0.61481977,0.36017475,0.2967687,-0.64011604,0.9149389,-0.5712972,-1.3892238,0.731307,1.0183444,-0.77890956,-1.7966735,-0.9995389,-0.24609144,0.5630984,-1.0444326,0.91590875,1.0628293,-0.12333931,0.38895977,-0.5023495,-0.41102725,-0.1727209,-0.73185086,0.45811006,0.21957457,1.3346808,-0.03903231,-0.5158931,0.7151462,-2.8196707,0.16656753,-0.5854516,2.1286817,0.4281578,0.099843346,-0.3001786,-0.24578023,-0.8770937,-0.5272465,0.65483254,0.1584384,1.6887519,0.7666589,-0.821926,1.7232788,0.20951954,0.41250408,-1.104065,-0.5032726,1.4467194,0.22694278,-0.78887975,-0.33490005,-0.59152305,-0.45027584,0.5220588,0.3811905,-0.28048244,-0.0732612,1.1279619,0.88610095,-1.671602,-0.77246064,-0.38285616,0.71133214,1.7013023,1.5778012,2.0183163,0.14370438,-0.936782,-1.611591,0.9826855,0.97258866,0.43576464,1.2984436,-1.6426225,-0.23863195,0.38228416,0.13212375,-1.2699113,-2.0698192,2.0429568,0.41781944,1.2491508,1.4514711,-0.5016343,-0.90989745,-0.30698562,0.23152064,0.35870236,-0.31076562,-0.70622987,1.1209496,0.35006076,1.4429033,0.14775987,0.13298024,-0.25687605,-0.21351367,0.6016953,0.6976874,-1.2201359,-0.8678307,0.0978176,0.923228,-0.57631314,-0.73294455,0.9158408,-1.7016821,0.49841535,0.10554527,-0.76233923,0.11700765,-0.119084954,-1.2011981,-0.27459195,0.6587537,-0.95797074,-1.3763237,0.4903469,-0.6447735,-1.5798676,1.1467569,1.70947,-1.6498985,0.6900152,0.39067125,0.7101618,0.7879196,0.0014557242,-1.4446118,0.8250898,-1.6942493,-0.17893335,-0.2988347,-0.547302,-0.65696406,0.06249827,-1.2574804,-1.3409948,0.8354819,0.6707945,-1.5536697,-0.44062483,-1.0978935,-0.41522768,0.66850245,0.8526838,0.43708733,0.20939061,-0.59774315,-0.33547038,0.13977225,0.7386183,0.6350314,-0.011723578,-0.29755282,0.010047376,0.2936265,2.1979713,0.64125997,0.7447636,1.4079509,0.13607806,-0.8732672,1.1889527,0.2704627,0.29975778,0.85749364,-1.2449563,-0.67790645,0.56196666,-0.5347539,-1.2461387,-0.2555424,1.5557652,0.8215424,0.31543094,0.94071233,1.219189,1.8303504,1.1285409,2.1413023,0.08811453,-1.2590038,-0.44466594,-0.26296458,-0.85835046,-0.55423397,0.8062531,1.2972841,1.5899236,-0.05550108,-0.06436172,1.0471283,-1.0962971,-0.15420307,-0.14880143,0.40313172,-0.85447884,-0.25786602,-0.09043349,-0.33760405,-0.14154914,-1.4686722,-0.36942065,-0.12568903,0.44085464,0.15029925,-0.26551178,0.08657661,0.2585511,-0.5986165,0.891528,1.0360708,0.8792877,0.61965734,-1.1249758,0.31269786,-0.4073516,-1.581588,-1.0835671,-0.6254436,-0.1187484,0.038460165,-0.6091652,-0.23543613,-1.1186086,-0.87404823,1.992543,-0.48424497,-0.38269305,-0.34357336,-0.37558776,1.9400194,-1.1157361,-0.32359588,1.1968544,0.81106114,-1.2875776,0.5835477,-1.7249234,0.3640017,0.35806197,0.7773671,0.92458457,0.93127054,-0.08135687,1.6209388,-0.48352367,-0.9537871,-0.55697036,0.35622817,-0.29646856,1.3916867,-1.8345664,1.1352144,-1.0189302,-0.6709076,-0.41291615,0.058245994,-1.0602163,-0.42354292,-0.33853936,0.9351169,0.5809928,-0.4234072,0.62356275,1.4853425,-0.77788776,-0.40007305,0.67073435,-0.24452561,-0.3882836,-0.33663717,2.3160253,0.18654545,1.9763889,-0.98668516,-0.5369494,-0.37113354,0.24048313,-1.3574424,-0.60594726,-0.3236814,-0.02884239,0.9579262,0.11430904,0.5708254,-1.4778982,0.03889395,1.1561778,-0.8257892,0.2580549,0.2306051,-0.34479475,-0.97735053,-1.3291643,0.4768857,0.6343819,-0.51368415,0.21831244,0.6809026,1.2177796,0.37829906,0.10508919,-0.7455156,-0.120902546,0.49993223,1.0750377,-0.8135971,-0.39487576,0.8732932,1.7863189,0.0031301975,0.79804194,-0.528095,-0.6652527,-1.2430813,0.45503524,0.34216642,0.09989691,0.8607002,0.53390706,-0.3021191,0.18847907,-1.0373726,0.50873643,-0.6499857,-0.87130344,0.14462097,-0.5553831,-0.6328056,0.48912314,-1.5422907,-0.19910522,0.6131659,1.0789154,-0.6792151,0.5001889,-1.6119349,0.69703686,-0.38349268,-0.6201527,-0.96728665,-0.35972628,-0.47403395,1.6166133,0.8622483,0.13993046,-2.1554735,-0.21286657,0.5869432,0.5148409,-0.68960387,-0.56839955,-0.2680284,-0.86048913,-0.21979904,-1.1942637,-0.95481586,0.64343786,0.6226166,-0.9001779,0.6125481,-1.6887873,0.82421,0.37864992,-0.31596428,0.40222555,0.08351403,-0.061428547,1.5529668,1.5171661,0.29763803,-0.5004548,1.2260144,0.61971366,0.5393155,0.1909605,-1.0849923,0.62674505,1.0023925,0.73925054,-1.1278356,-0.73728997,-0.60834825,-0.12712553,1.1507903,-0.48198992,-0.79967785,-0.93271875,-0.04282835,-1.0534244,-0.72849673,-1.4908509,-0.51577157,-0.75508124,0.8233285,-1.2327031,-0.690219,1.3344178,-0.55164087,0.3624164,0.49664834,1.4734974,0.4366496,0.16321412,0.046387255,-0.49428007,-0.1289851,-1.1647502,0.012793444,1.0794582,-0.60189784,0.18157181,0.8928935,-0.15742451,1.0960056,0.61363614,0.21455422,0.2818555,0.5950303,0.27652037,0.6729634,0.081444286,-0.5037937,0.13671847,0.11857657,1.2101994,-1.2530985,-0.27660507,-0.2097961,0.50417805,0.063865274,1.025909,0.21636781,0.63618195,0.7940835,0.8248748,-0.41464987
キョ,-0.7587516,-0.17668164,0.6684734,1.1306245,-0.9077769,-0.4822155,-1.1520196,0.46176612,1.3939012,0.0025327106,0.6151423,-0.14291324,-1.0913525,2.3025377,-0.8222477,0.14525753,0.28723708,-1.0031699,0.7496321,-0.32635513,0.60106426,0.51110166,1.036099,-0.89309424,0.84841776,0.96447545,0.44643793,-0.31252348,-0.48372456,-1.127992,-0.16919732,-0.46323895,-0.8957611,-0.6295127,0.18789823,-1.0283015,-1.1503385,1.5286821,0.018088875,-0.9212089,-0.47515154,0.8332313,0.36199117,-0.036125362,-0.72322154,-0.18521214,1.8723766,-0.5676983,1.0188242,-0.70313936,-0.9941554,-0.3989115,0.5987003,1.0410285,0.33942732,-0.27357206,1.3461466,1.104736,0.038206533,-0.3042312,0.25863215,0.73104686,-0.7932318,-0.6612542,-0.0074392906,0.41923678,-0.24475145,-0.2595241,-0.48529592,-0.22826363,-2.615229,-1.0430162,-0.5191986,1.4179386,-1.6701337,0.64072585,0.0942952,-0.6866358,0.22453606,-0.13000026,0.50040597,-0.26587608,-1.0184771,1.5219326,-1.1561569,-1.2461733,-0.046639353,-0.23141332,-1.0919331,-0.09769094,-0.50540453,-1.4692216,-1.2864083,-1.3436879,1.4001132,0.42033967,-0.8987272,-0.87257123,-1.2508899,-0.060619052,-0.12652607,1.3183903,0.83405524,-0.47262725,-0.5717073,-0.3759476,-0.4151385,-0.708729,-0.8259514,0.74452144,-0.2027971,0.58702606,0.8017667,1.2515472,0.67237616,1.0124878,-1.1413155,-0.65655065,-0.16382472,0.50096685,1.0766805,0.5136716,-0.42074847,0.23824053,0.33201662,0.9026962,0.10612232,-1.0430995,0.6256259,1.0883683,0.6167281,0.21821642,2.117954,0.7096021,-0.78553504,-0.67450315,-0.25728938,-0.053204823,1.0773258,-0.8477492,-0.5972151,0.23673683,-0.2068615,-0.11846442,0.4089075,-1.1616433,0.3666856,0.6469386,1.5786196,0.28068855,-0.4167947,-0.11862128,-1.539306,0.24345332,1.0299789,0.31465805,-0.24620724,0.46110463,-1.1021241,0.79014224,-0.26175818,1.5776702,-1.039802,0.5887864,-0.1937307,0.5414572,-0.7977546,0.7480929,-1.115003,-2.318765,-0.42948458,0.07262533,0.748161,-0.2799305,0.659082,-0.2211049,0.7850787,0.33029458,-1.2277483,-0.55485624,1.3505467,0.95522577,-0.34505454,1.4090319,-0.27543923,0.7265703,0.7598334,0.1943531,0.76500434,-0.014292158,1.4705105,-0.94294435,0.6663491,0.7638723,0.8229573,2.8465757,0.77890474,-1.6515278,-1.123432,0.87977976,-2.3365028,-0.42828664,1.2416824,-1.0746576,0.8797324,-0.85313684,-0.78958744,1.695738,0.4348279,-0.119324155,-0.8419803,-1.2963578,0.69479364,1.1948501,-0.5888912,-0.14341308,-1.1094091,0.25304055,-0.2260486,-0.2633427,0.8837628,0.64869404,-0.09108614,1.6363058,-0.81548816,0.48833907,0.085222535,0.080621086,0.2608772,0.634643,-0.7756079,0.7435603,0.45728037,-0.46551514,-0.3278272,0.43246135,-0.4223728,0.42247653,-0.41718456,0.43422833,0.4505426,-0.29758212,0.30240634,-0.19837044,0.5337167,0.8805019,1.5730773,-0.17065288,-1.9685403,-0.021545434,-0.07455165,0.95793337,-0.38628098,0.00083238137,0.30094126,1.4678073,-0.42886534,0.038970113,-0.5297054,-0.6658019,-0.20338313,0.19888163,0.16260101,0.27336735,0.19459875,-0.47807917,-0.47531953,0.4513867,0.23188913,-0.59830123,-0.89782476,-0.61658424,-1.0762945,-0.16600986,0.6769348,0.41313186,-0.9291536,-1.0185398,-0.82818586,0.78830534,0.50667065,-1.9291039,-0.46795735,-0.046723068,-1.2206012,0.52811337,0.50596887,-0.31966847,0.13208118,0.47614694,-1.3732718,1.3140378,-0.36038017,0.6167265,1.5472504,0.09568722,1.0116986,-1.1278578,0.093993,-0.24598539,0.68913823,1.0336257,-1.475129,0.8942087,-0.26215017,-0.16470726,1.1765519,-1.6503149,-0.5985883,-1.1869489,0.037763447,-0.24432014,-1.2198886,2.1010835,-2.3621933,1.6875142,-1.5575275,-0.7543058,-0.7021339,-0.68039966,-1.4096161,0.31831124,0.278838,0.10028175,0.5228759,0.3586615,0.30262938,0.49621126,-0.00490124,1.2066869,0.053972095,0.41609338,-0.46142897,-1.2867532,-0.23582184,0.90050906,-1.2164496,-1.1091031,-1.1087868,-0.35297754,0.32190096,-0.22382243,-0.4211048,0.6562161,0.34698418,0.46837428,-0.8281577,-0.57647717,-0.049727574,-0.6873679,1.0723218,-0.23397964,1.4608927,-0.8645489,-0.48636928,0.42979112,-1.3300661,-0.46732572,-0.4945629,1.9271402,0.50945145,0.4684243,0.32595122,0.29531515,0.06473809,-0.68252283,0.73428065,-0.03728758,1.6007203,-0.1937695,-0.8695907,1.2209665,-0.13610557,0.7657421,-0.38163623,-0.45086157,1.6685079,-0.25164574,-0.9379177,-0.3263899,-0.016629564,-0.108530246,-0.35361752,0.34315586,0.17726569,-0.13717635,0.82707715,0.77544576,-0.60677236,-1.1055989,-0.70513153,0.35004935,1.3658155,1.3151832,1.2796941,-0.5089251,-0.6553002,-2.1725976,0.5708918,1.1978922,0.728339,0.5407175,-1.8034962,0.5073082,0.4124823,0.21108902,-0.8637586,-1.8706169,1.7247092,0.29964557,0.79678845,1.5494868,-0.6975568,-1.2099375,-0.6034681,0.2352993,-0.0036310952,-1.0932237,-0.5781455,0.26259878,-0.44630158,1.2676615,1.1312429,0.70696014,-0.23202579,-0.6675067,0.65550935,-0.025123926,-0.7762425,-0.2400346,0.16844477,0.2537822,-1.241806,-0.60503525,0.5898216,-2.423177,1.0135816,-0.39288297,-0.14828123,0.14947633,-0.47936702,-0.74717957,-0.23361188,0.13778834,-0.9533922,-0.61629766,0.8688888,-2.0396016,-1.5676695,0.573734,1.1472489,-0.7216348,0.7211445,0.29347366,-0.1811438,0.7275166,-0.25639412,-0.06332014,0.24756765,-0.51194894,-0.10123461,-0.8144279,-1.4661351,-0.35847017,0.6891375,-1.5083815,-1.4720787,0.85216516,0.5917334,-1.6003724,-1.337756,0.1949419,-0.07518888,0.97202724,0.3810837,-0.28590897,-0.15701649,-0.7971752,0.1351213,0.24096763,0.37946668,-0.20392543,0.39326945,0.012325485,-0.37123892,0.47508088,1.7427775,0.29424304,1.2480192,1.1083537,0.519617,-0.3547248,0.74441695,-0.24687226,-0.13418351,0.48682174,-1.2937568,-0.89288944,1.5326656,-0.046530034,-0.7187059,0.09948537,0.77724457,-0.17808823,-0.56576353,0.22943066,0.776897,1.6878248,0.8455941,1.5661308,-0.29411384,-0.32308343,-0.4646425,0.41534507,-1.0910807,-0.7623611,-0.18931146,0.6499075,2.2047873,-0.57113945,0.27695766,0.7186046,-0.65165466,-1.1056294,0.35696915,0.52642286,-0.48586956,-0.67764825,0.3391848,-1.3902874,0.2848723,-2.0554066,-0.39173445,0.8344364,1.0075923,-0.40235093,0.38808885,0.77359694,0.2438416,-1.1190028,-0.2649787,1.010417,1.4031359,-0.044191446,-0.9478857,0.79325795,-0.62854093,-1.5018402,-0.24738693,-0.72666425,-0.6008144,0.19181502,-0.65726477,0.18493237,-0.47563457,-0.7227319,1.3044394,0.051427335,-0.13307334,0.5093426,-1.140896,1.3378091,-0.09163892,-0.61257774,1.6278988,0.67588216,-1.2066756,0.6806025,-1.2223186,0.86010194,-0.6790057,0.8304506,1.1733754,0.9402089,-0.5581508,1.5820532,-0.5791227,-0.11625394,-0.40638742,0.28317088,-0.8629448,0.4231982,-1.7183503,1.4367639,-1.260506,-1.0459267,-0.040455524,0.47166836,-0.34521207,-0.10212802,-0.6382908,0.88711804,0.28218725,-1.1680101,0.35862485,1.2236474,-0.24582438,-1.2272379,0.5321751,0.24111803,-0.031256422,-0.15852076,2.7203379,0.33839688,0.51608086,-1.2922595,-0.8979282,0.88858265,-0.14040747,-0.80310076,-0.20488667,-0.49914214,0.31398138,0.24510784,-0.542199,0.88828516,-1.0034844,0.80495197,0.8531073,-1.0086656,-0.26530954,0.049913824,-0.44691494,-0.8625412,-1.0967221,0.5363988,0.35454512,-0.8625398,0.6624262,0.84476805,1.6373825,0.7513873,0.22476469,-0.58405846,0.75819546,0.7310789,0.41923094,-0.82682854,-1.3800021,0.2406975,0.90930676,-0.043224633,0.3753035,0.47187224,-0.25497952,-2.0216231,0.7007146,0.28152087,-0.041046415,1.0487036,-0.009294488,-0.012395039,0.6545215,-0.19289917,-0.12749231,-0.07174716,-0.5782576,0.10112813,-0.13635467,-0.8695073,0.37182972,-0.57798666,0.19841313,-0.461087,0.61114377,-1.5645952,0.7012756,0.08059875,0.7618928,-0.026757417,0.12924065,-0.9492604,-0.6043146,-0.090114675,1.0471116,1.4074959,0.07796867,-0.84769374,0.2571062,1.4523239,0.59756815,-0.5593005,0.13179362,0.2566137,-0.53487307,-0.29880825,-1.2812098,-0.41088924,0.20001028,0.08874544,-0.7110607,1.1838254,-2.025744,1.2512345,-0.14715369,-1.0485214,-0.16153741,0.41708985,-0.5623992,1.9133935,1.2095729,-0.2818851,0.32446364,1.0840605,1.0628331,-0.1547944,-0.10512679,-1.0580837,0.6596443,1.3820777,0.5363552,-1.4093747,-0.22139789,0.4515843,-0.26456913,1.4978342,-0.45101476,-0.3659674,-0.7489336,-0.59332865,-1.061467,-0.12844454,-0.5546312,0.36284146,-1.1529948,0.33140227,-0.24267845,-0.7754879,0.42675528,-0.37094295,0.074708484,-0.5759016,1.276479,-0.007302741,0.36313143,0.60783213,-0.45660612,-0.23233236,-1.23576,-0.73993224,0.46552894,-0.74137837,0.7199805,0.33045688,1.0385894,1.2907172,-0.124021195,-0.7890726,0.67206997,-0.006380528,0.38423404,-0.32737875,-0.59460026,-0.28618154,0.2044821,0.24173965,0.9939657,-1.519159,-0.5554882,-0.07531866,0.009088339,0.19273402,0.47774884,-0.2001368,0.6171952,1.9974279,0.9966583,0.05479492
ネ,-0.3609732,-0.7427664,0.48915994,1.9978724,-0.68828624,-0.36376873,-1.4801035,0.07702096,0.9928174,0.06286522,-0.1104263,0.062128365,-1.4355087,2.0562522,-1.3947973,-0.081354715,0.6294257,-1.1099432,-0.1379028,0.0224929,0.56440866,0.31215373,0.8971319,-0.65768117,0.78080434,0.6823327,0.41580966,-0.9188052,-0.5836696,-0.15779227,-0.27245334,-0.415735,-0.3611903,-0.8855667,0.3078952,-1.5951167,-1.8641297,1.7204965,0.10640109,-0.48272982,-1.0923814,1.1888813,-0.45386457,0.44598523,-0.85305434,0.043437455,1.903171,-0.59966326,0.26218042,-0.75207496,-0.7463891,-0.33483538,-0.23596482,0.8313921,0.49539793,-0.23994152,0.83819014,0.1659826,0.28450653,-0.50830233,0.41875008,0.65469414,-0.9922623,0.13666284,0.44343567,1.4173781,0.24462159,-0.21010362,-0.14697617,-0.36317873,-2.1335118,-0.5511449,0.28163716,0.8732411,-1.4329251,0.68952173,0.17828329,-0.9432335,0.038410783,0.4244645,0.21171832,0.07506087,-1.0046817,1.7434826,-0.8650729,-0.41522968,-0.35307312,0.5092565,-1.9199318,-0.033434812,-0.056175176,-1.5020672,-1.0537182,-1.3498168,1.1943985,0.06081505,-0.45938203,-0.730619,-1.0348431,0.0073951236,0.07666223,1.3189417,0.26440623,-0.03319385,-1.2579165,-0.5224429,-0.93489194,-0.8311947,-0.52898055,0.88361484,-0.31296942,0.13455252,1.2004415,1.8555282,0.5536073,0.84081507,-0.57376957,-0.86077315,-0.2156158,0.46869788,1.3177625,-0.12134114,-1.3851157,0.06344256,0.8747098,1.0923353,0.40081415,-0.31143558,0.6934502,0.14144067,0.5530657,-0.30049536,1.1608735,1.1276929,-0.8518602,-0.06658264,-0.6778588,0.29611614,0.4085579,-0.9648621,-0.91477746,-0.4279705,-0.60921866,-0.028838346,-0.102652214,-1.3771981,0.24195875,0.3891178,1.2962998,0.108901836,-0.35096315,-0.77251536,-0.8754887,0.8725152,0.85496134,0.065333694,-0.30877626,-0.24869925,-1.3094586,1.2536172,0.21852553,1.2586988,-1.0418286,0.32555014,-0.23267144,0.61715215,-0.503496,0.5272033,-0.6193041,-2.089283,-0.42968747,0.38406765,0.4555118,-0.20495588,0.953734,-0.3173286,0.96089536,0.15613832,-0.74165535,0.3853471,0.69729394,1.2580324,-0.21788888,0.8691456,0.028989345,0.45129773,0.65404016,0.7375309,0.6434796,0.038673658,0.7787085,-0.20239355,1.4036428,0.88530284,0.7789974,2.8765657,0.827066,-1.3254012,-1.2370187,0.6905796,-1.6895924,0.03563641,0.6717368,-0.78147215,1.4283794,-0.9502134,-1.2297912,2.1817074,0.5433679,0.2560111,-1.4285222,-0.9045338,0.9020384,1.0368409,-0.4068978,0.3534023,-1.0276281,0.484553,-0.44151863,-0.6759909,0.70834965,0.7626191,0.49308336,1.7370237,-1.1249999,0.22397429,0.18803723,0.6268031,0.2649946,0.35916975,-0.7430539,0.3246276,1.1083077,-0.85406834,-0.61491317,0.1528793,-1.062378,1.0294116,-0.35410762,0.20338874,-0.22541834,-0.5320849,0.06600371,-0.35534772,0.06949899,0.7844011,1.5376772,-0.15624036,-1.3334556,-0.3009428,0.33908084,0.3531836,0.53494024,0.1081869,0.7391458,0.56310225,-0.5534606,0.005667243,-0.21465528,-0.264642,-0.24295235,0.50281435,-0.47860554,0.904442,0.78851193,-0.74539524,-0.41795895,0.01808717,-0.34856585,-0.85849816,-0.58948046,-0.57467175,-1.3559628,0.37792298,-0.06588656,0.2545605,-1.3787252,-0.88331157,-1.0659434,0.11214463,0.1988012,-0.91331595,-0.3407321,0.43729952,-0.33207294,0.7919616,-0.3961883,-0.051077753,0.67688066,0.95345277,-1.2928882,0.96605545,0.3098999,0.7567542,1.1708719,-0.26594368,1.4186896,-0.7055798,0.48381472,-1.0373292,0.48719192,1.3572187,-1.4810463,1.2720478,-0.07835037,-0.073357254,0.34381917,-1.614138,0.31467378,-0.6479344,0.33930656,-0.33180445,-1.0380394,1.6324764,-1.9724631,1.5615793,-1.6753675,-0.5542935,-0.13693924,-0.8478735,-1.4895722,1.1877226,0.2955818,0.45054543,0.62798566,0.76822853,0.24932565,0.57821727,0.24992926,1.174307,-0.6482369,0.87227196,-0.94640875,-1.5824856,0.33362058,0.617291,-1.2313848,-2.016102,-1.58732,-1.2176772,0.8658684,-1.0803059,0.15240201,0.8291642,-0.35080278,0.4209138,-1.1930939,-0.06499789,0.72176653,-0.7034977,1.984077,0.05143031,1.5253288,-1.2344555,-0.030867537,0.48319188,-2.160489,-0.32908642,-0.6814041,1.441955,0.54951483,0.087097235,0.4111366,-0.17568131,-0.41135216,-0.21013321,0.6088767,-0.32759213,1.2838974,0.27145827,-0.1128903,1.7040868,0.15151083,0.8853054,-0.42716515,-0.04927598,1.4917818,-0.1700217,-0.1039559,-0.5914162,-0.27318004,-0.1086024,0.047196507,0.5016654,0.41759488,-0.49434695,0.50197977,0.8628592,-1.1740847,-0.8487532,-1.1534845,0.5309735,1.0054449,1.835454,1.6070949,0.024485111,-0.76458526,-2.0775278,0.41996777,0.46318567,-0.39154708,1.3201891,-1.9203644,0.12508531,0.26212928,-0.5837295,-0.8158097,-1.8854865,2.0057411,0.45282137,0.44403616,1.3487042,-1.3214475,-1.1258335,-0.18562622,1.0578399,0.39800236,-1.147864,-0.74303526,0.30740002,-1.4261484,1.2802387,0.7224378,0.50258404,0.072294675,0.40408215,1.2895665,0.069988094,-0.568088,-0.6490189,-0.28886977,0.21461993,-1.4882312,-0.78603226,0.54594034,-1.6577387,1.2358459,-0.13742657,-0.73476124,0.073870964,-0.39418212,-0.623334,-0.76316136,0.09391776,-1.1660255,-1.3919059,0.6785879,-1.5014848,-1.4003205,1.4848499,1.734289,-1.1341186,0.32397148,0.42703936,0.04000942,0.5207508,-0.16277999,-0.25922415,0.3823161,-0.13416246,-0.28870764,-0.53342396,-1.2037088,-0.80155087,0.22415853,-0.9862718,-1.5062977,1.2754054,0.91675615,-1.505787,-0.4209113,0.1902949,-0.5684757,0.90569395,0.34654093,-0.074486814,-0.6871113,-0.66342497,-0.18492778,0.09958982,1.0856091,-0.04616567,0.097751774,0.78288585,-0.19237053,-0.032680348,1.6397959,0.50545675,0.49385655,0.91518575,0.38186696,-0.15130547,0.5305297,-0.34403554,0.0220675,0.7839659,-1.4507486,-0.8260503,2.0927308,-0.824833,-1.1214379,0.006615373,0.5513459,-0.016948208,0.82961756,0.15593526,1.0626725,1.4263412,0.5574503,1.5216295,-0.7306149,-0.27716142,-0.47262678,0.6787483,-0.9913613,-0.7414551,0.3944368,1.0333766,1.9954602,-0.563114,0.17044024,0.8760008,-1.4273263,-1.0541226,0.6968527,0.36451724,-0.45464313,-0.31867418,-0.048584234,-0.84972143,-0.15238565,-1.8383342,-0.51278585,0.5120861,0.8942687,-0.56034434,0.058950752,1.1592109,0.62674737,-1.1418709,0.640731,1.0903827,1.1305802,-0.32047662,-1.1072849,-0.03727972,-1.0029372,-1.7737284,-0.06810856,-1.306371,-0.93780595,0.3010536,-0.5586518,-0.5784469,-1.370533,-0.4270842,1.6920795,0.06992249,-0.9878662,0.3292043,-0.74125224,1.9404532,-0.58074874,-0.082431875,1.1070563,0.7003439,-1.6114836,0.30776867,-0.7939102,0.2229193,-0.88126475,0.2991942,0.63650167,0.56181645,-0.8720846,1.094467,-0.1301573,-0.14596112,0.5441609,0.56857586,0.0022643108,0.25589547,-2.074564,0.8325797,-1.4938482,-0.80347824,0.36846617,0.6261258,-0.27120027,-0.44081774,-0.68454546,0.4743782,0.63628936,-1.0832708,0.83524084,1.4815234,-0.7095267,-0.6552749,1.1696819,0.4199377,-0.2977031,0.34218717,2.3118184,0.8344302,1.4777979,-0.647742,-0.5031703,0.13879003,-0.47842655,-0.8114541,-0.13660222,-0.21169418,0.2918263,0.62246925,0.07193688,0.5458345,-0.80078745,-0.32206875,1.0026059,-1.0984088,-0.63730717,0.6930322,-0.46832946,-1.4145464,-1.1893286,0.21113499,0.8055585,0.017489439,0.046791222,0.36973047,1.8071513,0.79402643,-0.46652853,-0.7272467,0.58568496,0.8534377,0.78403443,-0.6273129,-1.1099913,0.6005993,1.3214437,-0.76116127,0.16242862,-0.5257008,0.18648481,-1.697135,1.4922386,0.41898012,-0.2006824,1.1416299,0.2594777,0.21158688,0.6909056,-0.23651683,0.06349904,-0.86868566,-0.28510448,-0.24874441,0.054777045,-0.5873049,-0.27354693,-0.7213468,0.30322933,-0.043193515,0.68210036,-1.4168965,0.7998695,0.4493614,0.62599814,-0.08690467,0.06784871,-0.9639161,-0.38767076,-0.78535956,1.5220832,1.0278524,0.3027548,-1.7664248,-0.119481064,1.5700117,0.21654868,-1.0100454,0.3844839,-0.4640386,-1.107925,-0.29101545,-1.2328948,-0.19043608,0.58891624,0.6231681,-0.9231949,1.0826126,-1.9245974,0.9140935,-0.35178736,-1.1255254,0.31846634,0.20890386,-1.2976198,1.5220615,1.310937,0.14931896,-0.21461691,0.98948914,0.73616916,-0.30465865,0.13486774,-1.6866322,0.86702615,1.0466954,0.15332882,-1.3929228,0.5325368,0.9638059,-0.41528413,1.7848862,-0.91895837,0.17002523,-0.52045107,-0.4084142,-0.73849505,-0.28373563,-0.64157593,-0.5885569,-1.6052109,-0.027645627,-0.51935667,-0.156215,0.6151928,-0.7530615,0.49523854,0.13802934,1.3303522,1.005532,0.6885142,0.5332125,-0.66051036,-0.43796483,-0.861115,-0.88761693,0.91757447,-0.76022434,0.21791261,0.29234135,0.8803701,2.4831169,0.2272458,-0.5948949,-0.2198451,-0.29699993,0.46914744,0.68714935,-0.8044519,-0.089610964,0.5231572,0.5394209,-0.07277397,-1.2736187,-0.0007942021,-0.18194674,0.79645413,0.16361071,0.36716065,-0.09117433,0.4575669,1.4113692,0.61332434,-0.31032145
ン,-1.0012964,-0.58073187,0.68336767,1.4462656,-0.8512885,-0.49344227,-1.8323327,0.06965732,1.3562156,-0.79059094,0.16490106,0.3054395,-0.94818735,2.7988167,-0.41342682,-0.29350162,1.0290754,-0.94792444,0.72298497,-0.2868848,0.5701219,-0.14945154,0.8839449,-0.41628334,0.19463961,1.054215,0.56424445,-0.8158539,-0.6126561,-0.5045486,-0.045601282,-0.6219402,-0.5120989,-0.65325963,0.78316826,-1.024211,-1.2756832,1.156293,-0.19922261,-0.14449082,-1.0736585,1.0257162,0.011750774,0.05993374,-0.48735642,-0.25986883,1.5134516,-0.3685483,0.7894911,-0.42064968,-0.37841788,0.24818031,0.8177805,0.85705197,0.32181528,-0.23362434,0.321713,1.260265,0.2682628,-0.72896236,0.6655988,1.1255213,-0.6823493,0.22424345,0.512066,1.3230431,0.14632916,-0.3452204,-0.29744864,-0.2664557,-2.324761,-0.7582031,-0.10949793,1.222304,-1.5509359,0.91120774,0.008053283,-0.6670174,0.18637314,0.37850943,0.36635023,0.51226676,-1.02956,1.6710707,-0.7496158,-0.7405005,-0.27667618,-0.39939362,-1.1754608,0.063613676,0.51370203,-2.0077193,-1.0701967,-1.394165,1.0498021,-0.35409665,-0.47568697,-0.3188234,-1.394829,-0.18241663,-0.3364829,1.1792005,-0.37625057,0.3709957,-1.228567,-0.0016063963,-0.75036967,-0.5401154,-0.45117617,0.36540276,-0.4541647,0.58895797,0.57118064,2.0112255,1.1281725,0.40989238,-1.0636989,-0.60901827,-0.48401827,0.22966163,0.8983895,0.13298436,-0.8332512,0.78754133,-0.10329951,1.4033986,0.3231626,-0.38724262,0.88276136,-0.046143275,1.3882544,-0.81070024,1.3804055,0.7242909,-1.1607894,-0.41603154,-0.4911403,0.37745327,0.5900382,-0.85921323,-0.8535644,-0.11460786,-0.3901766,0.15353142,-0.065626755,-1.6001681,0.3104561,0.5257644,1.285308,0.12640503,0.2015126,-0.36084053,-0.80857545,0.2787779,1.0678359,0.24948308,-0.21469906,0.048510887,-1.6609281,1.0413787,0.3598848,0.9311488,-0.73281515,0.31113127,0.19728422,0.43780643,-0.5264785,0.46481466,-1.0232725,-2.0119464,-0.69579315,0.7855948,0.20442656,-0.1802664,0.6580362,-0.050124433,0.29815125,-0.054527666,-1.0341805,0.020832364,0.36808303,0.91728354,-0.03438595,1.1548473,-0.14844021,0.29734215,0.68446285,0.9265365,0.21222222,0.435954,0.6221393,-0.84452164,0.7593888,0.96724784,1.3801948,2.8438618,0.8448171,-1.8237457,-1.0482684,0.7727436,-2.0385375,-0.031037182,0.8499524,-0.9236824,1.1784903,-0.41456336,-1.128087,2.0664566,0.458862,0.5226281,-1.6990589,-1.0546728,0.8841631,0.5014828,-0.6152641,0.17768121,-0.6716756,0.23782185,-0.606589,-0.29626793,0.57880753,0.032740973,0.34686798,2.219857,-1.0437071,0.4530365,0.28557736,0.2439628,0.24773873,1.0024023,-1.0236429,0.27350807,0.43767944,-0.6942729,-0.60524005,0.2469443,-0.4695006,1.0579475,-0.8344459,0.107059896,-0.22546807,-0.657004,0.37683254,-0.2939666,0.4779131,0.2451807,1.4558488,0.31942707,-1.8708638,-0.1268948,0.19367604,0.64385176,0.62978154,0.06398961,0.8654273,1.0276381,-0.67070204,-0.26572275,-0.4567879,0.11823588,-0.12218184,0.73762524,0.18480168,0.30046156,0.10882854,-0.8836745,-0.7022824,-0.09059419,0.067360066,-1.1124839,-0.83341867,-0.40826893,-1.3845145,0.32591435,0.15013841,-0.06283773,-1.5568812,-0.8908345,-1.081024,0.25113982,0.77427965,-1.1838416,-0.6988188,0.33257645,-0.1543853,0.06585587,-0.5545548,-0.116091765,0.3752806,1.0210999,-2.1102154,0.5493089,0.48101544,0.8952011,1.388458,0.06966665,1.3098687,-0.31826165,0.7908594,-0.9207258,0.6304851,1.1037935,-1.3855226,0.76789016,0.031621486,0.21005,0.5251845,-1.3199492,-0.30233473,-0.76993716,0.6671285,-0.18317111,-1.2550442,1.9311975,-1.7514051,1.3752067,-1.5744381,-1.244378,-0.53744376,-0.840862,-1.7521459,0.89405745,0.3974809,0.38096926,0.5590339,-0.20807378,-0.07325919,0.26925343,0.30481383,1.1167046,0.09986393,0.4585343,-0.831345,-1.4724156,0.23750933,0.52216226,-1.3871133,-1.2134274,-1.7806606,-0.48301896,0.8737144,-0.27010107,0.03900882,0.71299404,-0.35056826,0.3935361,-0.72369206,-0.47889063,0.43055663,-0.61946356,1.2039839,-0.16346021,1.9964807,-0.7472571,-0.27545398,0.27287656,-1.8109739,-0.71256447,-0.64842004,1.6265615,0.50273615,0.33410406,0.3722582,0.85055023,-0.644782,-0.38761774,0.78374386,-0.072445326,1.8090677,0.7057503,-0.35221973,1.96919,0.16859458,0.22217278,-0.5881319,-0.31686,1.6332781,0.1415533,-0.4968743,-0.21168354,0.07270833,-0.40602788,0.32137403,0.3473904,0.57248795,0.041362744,0.57738715,0.48882192,-1.0597932,-0.9579078,-0.6367854,0.9647722,0.9534794,1.8536998,1.3436857,0.09321874,-1.502263,-1.9346899,0.37009567,0.87993443,0.22633573,0.73812234,-1.0583704,0.5471214,0.2744193,0.074954696,-0.91453916,-1.8898507,1.9220303,0.110588886,0.6402932,1.7376963,-1.0685142,-1.347128,-0.2636467,0.49800962,-0.079137854,-0.7232485,-0.5565775,0.8197435,-1.1068422,0.9627654,0.20368229,0.5767354,-0.44338664,0.4331765,1.0751566,0.88422453,-1.2361891,-0.96855915,0.16452537,0.2832402,-2.0987747,-0.44385904,0.4278147,-2.0522587,0.66537935,-0.50167483,-0.24640666,-0.22520745,-0.97373354,-0.7415482,-0.5340816,-0.39851442,-1.0502588,-0.44705042,0.7695767,-1.1095902,-1.7655379,1.3482958,1.5560824,-0.78096205,0.7419178,0.295111,-0.052725654,0.35273927,-0.0047576255,-0.5446749,0.4088026,0.12283214,-0.36005968,-0.47355562,-1.2750143,-0.32884452,-0.16876377,-1.1467079,-1.0619686,0.5991476,1.0774559,-1.618618,-0.44214255,-0.26958698,-1.2788523,0.3732743,0.6031348,-0.07429206,-0.45477846,-0.44959903,-0.21768634,0.4135365,0.8804726,-0.09233404,-0.3434706,0.5874165,-0.34398842,-0.016492939,1.7220029,0.2686647,0.27347088,0.9262098,0.11144181,-0.44217107,0.8998788,-0.010358127,-0.24233449,0.8243885,-1.9341346,-0.8953624,1.6449019,-0.18716846,-0.98328555,-0.32749555,0.7589966,0.07262935,0.20233107,0.72160006,0.87355274,1.4052387,0.97269976,1.312687,-0.3981982,-0.51466316,-0.81640655,0.31834832,-0.88244385,-0.62252396,0.5304226,0.7510385,2.4366915,-0.4226497,-0.3803896,0.42005253,-1.0894299,-1.3154987,0.48681855,0.7419202,-0.75641346,-0.40293628,0.30636495,-1.0591141,0.27081457,-1.9462017,-0.8378531,0.75205195,0.35013157,-0.74217904,-0.051801264,0.4466755,0.3240156,-1.5320414,0.4719561,1.4168237,0.9568772,0.42945543,-1.149741,0.46895906,-0.5754048,-1.583952,0.3206405,-0.84213984,-0.6191474,0.5891412,-0.23573473,-0.23245917,-0.48844633,-0.25436872,1.5212127,0.3654943,-0.17094104,0.23276015,-0.9350581,2.1566756,-0.4028969,-0.4755888,0.90761703,1.0611209,-1.5922023,0.08156176,-1.1353344,0.39015764,-0.8952838,0.177964,0.5458556,0.71809375,-0.112104535,1.2333739,-0.58993614,-0.5465514,0.2647105,0.3671656,-0.15089116,0.64461654,-2.2199478,1.2099855,-1.2772372,-1.564397,0.29680523,0.99607986,-0.06596087,-0.011654173,-0.57160205,0.86388546,0.64815074,-1.3645753,1.073536,1.8563261,-1.1569957,-0.67862785,0.45969608,0.64058673,-0.4312098,0.32206208,2.3946097,0.5924344,1.1171548,-1.3348097,-0.7193808,-0.15660517,-0.75948447,-0.58926266,0.01946795,-0.19613814,0.14858602,0.66936046,-0.40640855,1.1360809,-0.79859555,0.4057404,1.0229763,-0.59809977,-0.4740812,0.19925521,-0.0848351,-1.7228931,-1.8455871,0.2270253,0.4692573,-0.021006392,0.4763454,0.1265242,1.3493288,0.7473608,-0.1818664,-0.4785881,0.49678454,0.9758295,1.0868971,-0.7443147,-0.8597713,0.3906457,1.5569898,-0.7458864,0.36202127,-0.66005147,-0.9406337,-1.4106644,1.2663405,0.5519079,0.25275755,1.5535858,0.6209445,0.68583006,0.85042125,-0.5940366,-0.18985541,-0.66534805,-0.6140413,0.22922394,-0.47980723,-0.68940294,0.13947581,-0.93363065,-0.061020613,-0.25592992,1.4591401,-1.3153175,0.13614972,-0.03455794,0.37594557,-0.21501958,-0.17294212,-0.61499584,-0.6190035,-0.747783,1.9918553,0.81928486,0.21402358,-1.6856049,0.12290654,1.0348029,0.61129373,-0.74055755,0.522053,-0.4986493,-1.3756046,-0.48076174,-1.3058187,-0.5268775,0.596351,1.0836285,-0.61673635,1.0460874,-1.3821964,0.70859164,-0.43765524,-0.669268,0.0055637276,0.28843638,-0.66965467,1.8368605,1.0910295,0.40347514,0.2858134,0.7353187,1.0261786,-0.53474987,-0.68019253,-1.6680892,0.6194548,0.8738275,0.6296619,-1.2776223,-0.1081146,0.49557215,-0.43560082,1.3034706,-0.47362536,-0.6842967,-0.8090373,-0.31205016,-0.9527954,-0.16218498,-0.58123684,-0.021157444,-1.3550915,0.45733166,-0.55714136,-0.4481208,0.18430568,-0.9286109,0.21254587,0.43966267,0.77412957,1.2836722,0.9054676,0.67138624,-0.5698585,-0.29800716,-1.0869142,-1.0468975,0.8619323,-0.9174823,-0.16991438,0.32256585,0.80148655,2.0347476,0.5664413,-0.7466093,0.08214543,-0.13342573,0.48701742,0.36618212,-0.98272943,-0.34857473,0.6597149,0.61669147,0.4688166,-1.0664533,-0.3150037,-0.33246437,0.5031427,0.30168486,0.7916377,0.013080682,0.36055034,1.3932663,1.4693025,-0.39113715
ノ,-1.426042,0.013608565,0.9532674,1.0208244,-1.2064171,-0.28716478,-1.4263277,1.0291103,1.2566746,-0.0405398,0.84502774,-0.0166864,-1.8538915,1.8789488,-1.2652464,0.49599048,0.7569651,-0.8366483,0.9182853,-0.18327095,1.0124912,0.5570374,0.643801,-0.7289589,0.7046649,0.4643221,0.8452716,-0.3192567,-0.76367575,-0.35809293,0.36798105,-0.39163193,-0.6283421,-0.81009346,-0.21236181,-1.5014564,-1.0951223,0.28402644,-0.3546872,-0.4685781,-0.6560437,0.6140825,-0.2409758,0.025719306,-0.25448346,-0.1632539,0.96643144,-0.4946328,1.1451881,-0.38920906,-0.2828311,-0.19807066,0.11364583,1.1410866,0.8694763,-0.5119973,0.843869,0.92298436,0.1914771,-0.34391892,0.7451183,0.6316709,-1.0598015,0.18873663,0.8562353,1.337339,-0.04534361,-0.45072818,-0.25502136,-0.55500406,-2.6479921,-0.50397533,-0.25783762,0.6804626,-1.0044341,0.8070633,0.67706513,-0.5721077,0.074458644,0.2254589,0.037078805,0.6254872,-1.3419538,1.6136746,-0.35057333,-0.57426465,-0.010839601,-0.19351675,-0.9949934,0.4324119,-0.27212703,-0.92230654,-1.4338757,-1.2819566,0.85158724,-0.5120637,-0.99330235,-0.40783653,-1.8620552,-0.52572006,-0.7551963,1.2401303,0.22794528,-0.6744614,-1.1530946,-0.51102465,-0.8261811,-0.49678692,-0.4690121,1.2993337,-0.3626965,0.29025748,0.06545881,1.4440184,0.9883738,0.5617686,-1.1425127,-0.6267492,-0.20593892,-0.14667499,1.8569835,0.07385633,-1.0794034,0.4434065,0.7137866,1.5279888,0.6921246,-0.21048234,0.9068882,-0.24532549,0.6825587,-0.6513187,1.5533061,0.46911207,-0.5756177,-0.32981765,-1.0780444,-0.20527901,0.7840058,-0.4838678,-0.84545606,0.13619412,-0.3151376,-0.31476477,0.2524759,-1.3566021,0.3068701,0.6612684,0.6651452,0.10558414,0.2378788,-0.30356857,-0.95284003,0.44436845,1.1888868,-0.42123803,0.065270685,0.19020963,-0.9835245,1.5135727,-0.035746563,1.1684759,-1.407485,0.49756542,0.29961917,0.8512223,-0.7686065,0.82634217,-0.72691065,-1.9959942,-0.22335888,-0.25681046,0.30342814,-0.3142673,0.3099885,0.32230175,0.3812686,-0.13442938,-0.8727518,0.5756373,0.29690108,0.93508655,0.341476,1.0292058,-0.23935461,0.79346514,0.649455,1.0203807,0.24569495,0.11651512,0.7379513,-0.072923444,0.6462175,1.1572655,1.683095,3.0307434,0.3929962,-1.4302316,-1.7132792,0.094907664,-1.5774554,-0.08931744,0.5354505,-0.94437414,1.9469575,-0.73315525,-1.3268133,1.5649554,0.38122192,-0.43124136,-1.0145172,-1.0827698,0.74508184,1.4162527,-0.61246806,-0.4617984,-0.8485032,0.48919058,-0.152196,0.19674067,0.84987,0.32349202,0.10022882,2.1360834,-0.94988227,1.1660568,0.38582802,1.1730129,0.30285007,-0.19240268,-0.7688727,0.23792756,0.97152,-0.23347919,-0.95018536,1.0016992,-0.4045504,0.1103253,0.13794899,-0.4498874,0.1671858,-0.9131415,0.35485193,-0.29720902,0.15284884,0.8285454,1.8739885,0.01595071,-0.7687544,-0.116058506,0.1871618,0.61157185,0.46604,0.4943262,1.0062186,0.74860734,-0.3165815,-0.18311898,0.26258284,-0.057052776,-0.2900018,0.87738496,-0.4666882,0.93919104,0.31126443,-0.7658283,-1.120602,0.06975874,-0.53878015,-1.1926191,-0.96178657,-0.77607316,-0.35682008,0.076975785,-0.34391534,0.3805286,-0.8833551,-0.57940555,-0.16695587,-0.2715516,0.54252636,-0.79201984,-0.8264305,0.15218769,-0.8821667,0.4759891,-0.17349815,-0.12245953,0.5222183,0.9468983,-1.8155714,1.0102881,0.42949238,1.1059462,1.4577761,0.48588052,1.5470009,-0.7134002,0.05226172,-1.1100563,0.5834495,1.1375694,-1.4224391,0.51064605,-0.24103253,-1.1261142,1.022652,-0.9403415,-0.8408118,-0.2836393,0.7685867,-0.16865337,-1.3785175,1.9364125,-1.7032603,1.3857745,-1.7603234,-0.6095391,-0.6488789,-0.83217144,-1.4857168,1.2597369,0.24094807,0.21220815,0.4216828,0.0014178753,-0.50398296,-0.017005727,0.0833238,0.92866427,-0.3948302,0.80090266,-0.6360785,-1.4098395,0.18576068,1.0679077,-0.92520833,-1.1451074,-1.3620714,-0.20595145,0.751636,-0.18638039,-0.0855306,0.8826805,-0.43097088,0.75088096,-0.57841396,-0.3335487,-0.13303174,-0.5382666,1.0879009,0.14929165,1.2771899,-0.21461444,-0.5938812,0.4816405,-1.711789,-0.34336782,-0.7370272,1.5538154,0.21452975,-0.6197407,0.48924914,0.41084945,-0.3614842,-0.4260191,0.55141914,-0.1726371,1.6062154,0.45175242,-0.75819665,1.5733601,0.24890564,0.57756084,-0.48173153,-1.0997071,1.6952556,-0.020709468,0.22658782,-0.009717901,-0.17277543,-0.24180607,-0.08133199,0.531902,0.3262836,-0.4530715,0.5589954,0.9595566,-1.2658612,-1.0050963,-0.6448341,0.3180677,0.55289847,1.4912952,1.7071948,-0.6070153,-1.2735293,-2.399997,0.4018408,1.0370214,-0.14028318,0.6906257,-1.7450867,-0.0025073339,0.50987154,-0.2507129,-1.0863825,-2.246813,2.2222083,0.9980524,0.35165253,1.8304545,-0.62798196,-1.6010555,-0.1899514,0.664255,0.28542468,-1.0768837,-0.28507283,0.43716452,-0.78457946,0.5605495,0.45865,0.17848592,-0.60976213,0.002667601,0.49041328,0.3187222,-0.5029964,-1.1197797,0.25076154,0.35654736,-2.0645392,-1.0097107,0.06780455,-2.1798131,0.9177106,-0.12744762,0.3587354,0.29833332,-0.6321582,-0.66793925,-1.078382,-0.53199345,-0.93676597,-0.76162785,0.087952934,-1.013004,-1.9318212,0.6406297,1.4577245,-1.5120245,0.3801905,0.43237603,-0.21485884,0.6880805,0.38766095,-0.26849386,-0.0101848245,-0.36698887,-0.010990162,-0.57601714,-1.3772745,-0.54425704,0.2487917,-1.5843592,-0.9942947,0.88466555,0.4858345,-1.2699889,-0.31099653,0.18940677,-0.7964744,0.42185566,1.2960498,-0.34273967,-0.26176092,-0.5346501,-0.20033,0.80387527,0.8468557,-0.16724806,-0.14435066,1.3477772,0.28992647,-0.20136046,0.9198909,0.23028938,0.095827796,0.5654173,0.93374676,-0.92712766,1.2334529,0.14730962,-0.43301034,0.5603859,-1.8959297,-0.6735913,1.9354051,-0.2686819,-0.5915094,0.06851695,-0.023329655,-0.062874116,0.10990096,0.4649249,0.80664474,1.5708538,0.9015166,1.5797348,-0.5294602,-1.2369848,-0.3019434,0.68034595,-1.2059252,-0.41948846,0.67076284,0.9006389,3.107776,-0.85695475,-0.16143018,0.97727585,-0.80148196,-0.8676476,0.21985655,0.7826461,-0.93987304,-0.6749603,0.36642966,-1.3735155,-0.034872014,-1.7964481,-0.17307524,0.5828574,0.94146377,-0.51651525,0.62192684,0.55091316,0.54775995,-0.61429864,0.3146264,1.2825261,1.4902538,0.25357294,-1.2523166,1.0653647,-0.5381179,-1.8118682,0.16697069,-0.9017694,-0.2581745,0.21849734,-0.7919139,0.43791524,-0.9106679,-0.35120168,1.727043,0.53428656,-0.1497039,0.1893154,-1.4851054,1.8015598,-0.6353447,-0.4610236,0.4806267,0.911426,-1.01976,-0.46575102,-0.8280261,0.36146185,-0.7367453,0.4233451,0.101480365,0.8376065,-0.9359713,1.2847518,-0.6565505,-0.16940819,0.65390414,0.6862359,-0.41792032,-0.089533806,-1.9904534,0.8729377,-0.7966938,-1.3346609,0.041971166,0.38216695,-0.6034172,-0.6372439,-0.34908542,0.39360678,-0.092923015,-0.7966981,0.7277026,2.083431,-0.99372417,-0.9327116,1.4239355,0.5787501,-0.45017806,0.038235188,2.2722716,0.49048564,1.1788386,-1.370179,-0.5008887,0.16398321,-0.56230164,-0.5075579,0.19567241,-0.31373194,0.3078049,0.030509448,-0.47354278,0.7396919,-0.64287215,-0.14664415,0.17498185,-1.4279889,-0.3053381,0.04577571,-0.29621786,-1.5658451,-1.4485773,0.7935322,1.4602185,-0.3370011,0.24607956,0.70228463,1.4063878,1.1838979,-0.5712922,-0.93982965,0.88789815,1.1503509,0.23477654,-1.0835863,-1.3066955,0.5283777,1.3015269,-1.4062982,0.74055785,-0.29930437,-0.44650605,-1.4332782,0.9279571,0.6318606,0.16565391,1.2484022,0.5124708,-0.23543811,0.40837407,-0.15500884,-0.18938464,-1.0708956,-0.42297682,-0.21978855,-0.5683132,-0.5177478,0.02472639,-0.67847043,0.35860816,-0.09171914,0.7949915,-1.4080051,0.7535882,0.07055203,0.4235667,0.11477068,0.101374775,-0.119976304,-0.2108686,-0.8810802,1.2071525,0.786035,-0.05464158,-1.2694731,0.2640032,1.1388898,-0.10076201,-0.95026207,0.23936646,0.2613354,-0.7723108,-0.23387875,-1.4084692,-0.18393719,0.1335736,0.84994525,-0.77945924,0.6856702,-1.5110083,1.4408139,-0.111780025,-1.1925926,0.19465864,0.38440737,-0.66875243,1.9160223,0.6295043,0.22412366,-0.26324514,0.3782966,1.1183195,0.05804169,-0.48553738,-1.1274194,1.010908,1.5170077,-0.19472398,-1.2275532,-0.24223368,-0.02156482,-0.6219435,1.3961185,-0.46948197,-0.6863025,-1.2342005,-0.37565228,-0.40505388,-0.031006774,0.026095102,0.5593045,-1.7238003,0.052900348,-1.2057873,0.0663928,-0.21124934,-1.0046804,0.34530473,0.15023047,1.6453305,1.5880665,1.0286994,0.8098745,-0.75708133,0.10797908,-0.93590575,-1.1858099,0.759039,-0.7820981,0.5904216,0.6631128,0.89132446,1.5776906,0.59555906,-0.76094216,0.43116322,-0.1938187,0.16638309,0.20550354,-0.27852574,0.12074175,0.13759504,0.52632004,0.22212219,-1.461414,-0.15953188,0.08745649,0.5736888,0.085468836,0.88516134,-0.48999205,0.14983267,2.317186,0.7452433,-0.045822103
ヨ,-0.66546184,-0.9167154,0.9341085,1.9904255,-1.0124991,-0.5796008,-1.7804683,-0.44952974,0.38403487,-0.59107065,0.47776487,0.020163456,-0.8278037,1.8077236,-0.3032682,-0.60896677,1.1167101,-0.6415575,0.6196148,-0.19842547,0.13579378,0.27491927,1.1465243,-0.26775613,0.6263378,0.68221766,0.764118,-0.30496815,-0.7635338,0.19230807,-0.4573411,-0.46755537,-1.0242271,-0.9264273,0.38898084,-1.3321967,-1.7062253,1.314351,0.595596,-0.56457394,-0.7190942,0.76899314,-0.6165529,0.043543294,-0.5154965,0.019014733,1.7261243,-0.013180015,0.8484402,-0.21593143,-0.80824715,-0.16084976,0.39036766,1.0091594,0.3811673,0.0033282985,1.0177373,0.6019825,-0.14962529,-0.66560966,0.6383716,1.7339706,-0.678068,0.22700341,0.8869799,1.2391814,0.32774687,-0.4806253,-0.89712244,-0.82415324,-2.3250487,-0.32550186,-0.027700333,1.050731,-1.4423041,0.950458,0.368287,-0.17407046,0.41855058,0.33508047,-0.065507896,0.17967093,-0.947602,1.399376,-0.40537515,-0.5632134,-0.52615255,-0.13327265,-1.4882642,0.117659874,0.6875982,-1.3479706,-1.7359625,-1.331025,0.14849846,-0.358897,-0.6183699,-0.3810285,-1.6552272,-0.3761662,0.3193792,0.4493992,-0.09505147,0.21902114,-0.8527317,0.24418922,-0.77006537,-0.801112,-1.1072811,0.870591,-0.27419856,0.5192619,1.0578083,1.0837387,0.5383096,0.45348752,-0.6875668,-0.7537238,-0.29589742,-0.21303077,1.3850402,0.18922232,-0.66679746,0.82989675,0.5914411,1.3602371,0.25110695,-0.64692515,0.3716403,-0.3687389,0.55795354,-0.4384744,1.4904164,0.71782714,-0.38897982,-0.3540671,-0.6395638,-0.25849923,0.82808656,-0.37700775,-0.52964026,0.17192508,-0.415079,-0.40606913,0.29400858,-1.7069992,0.48588362,0.7855368,1.3094791,0.1390705,-0.19451536,-0.28257826,-1.0182084,0.65191513,0.35788688,-0.1856512,-0.06119135,0.25084466,-1.8365293,2.0161843,0.53195953,1.2158188,-0.83711344,-0.15780585,-0.16793437,0.5246519,-0.7110143,0.8628927,-0.73997074,-2.1704466,-0.56132495,0.043152552,0.25424045,-0.1516941,0.75937414,0.1874515,1.1415179,0.16660564,-0.83773667,-0.034754258,0.6547529,1.327719,0.057730615,1.0526227,-0.09233388,0.4511764,0.46682248,0.823767,0.193588,0.57929343,0.36364424,-0.44830802,0.84843653,1.1072499,1.5869123,2.7578974,0.34564617,-1.271458,-0.8172174,1.4055272,-1.8334656,-0.19798756,0.7394166,-0.47302273,2.1210158,-0.4362495,-1.0136367,1.5907575,0.48674288,-0.07612876,-1.0608716,-0.5761854,0.2825935,0.15890838,-0.8286841,-0.3633003,-0.3601716,0.35817954,-1.0288776,-0.64264035,-0.03344472,0.22992696,0.9534331,1.7564186,-0.9643044,0.4487363,0.5212991,0.2098995,-0.011550565,0.59013206,-1.4078504,0.18627799,0.73980874,-0.52385855,-0.2189194,-0.16038503,-1.07636,0.8534755,-0.2951512,0.007248769,-0.0389886,-0.88888216,0.50542206,-0.27150944,0.18563624,0.5398128,1.9610394,0.5491211,-1.5203143,0.25710014,-0.34510413,0.85826236,0.4005655,0.28014246,1.1367794,0.1671822,-0.49144056,0.18139379,-0.38457593,-0.037362706,-0.44793844,0.7689294,-0.60991246,1.0578194,0.48906568,-0.33705345,-0.37974545,-0.6226897,-0.15875347,-1.2105688,-0.3272886,-0.56438553,-1.6398296,0.113309465,-0.5670884,0.60576844,-1.0142603,-0.8033195,-0.88115054,-0.32142088,0.9351638,-0.979918,-0.82039577,-0.13383272,-0.59581304,0.10569578,-0.6421128,-0.2162956,0.39328873,0.77659315,-1.1773508,1.2921417,0.21084374,0.9023673,1.0019699,-0.01112473,1.3633507,-0.08485168,0.5449603,-1.3363724,0.9459703,0.99596334,-1.2722424,0.27759507,-0.021858973,-0.3229247,0.70957327,-1.2156206,-0.16885136,-0.5961328,0.6904234,-0.07494756,-1.0223166,2.246045,-1.7210103,1.6324892,-1.5934399,-0.3945837,-0.7470863,-0.5345597,-1.4095088,1.2574052,0.6226374,0.07661143,0.24859323,-0.20981051,0.11954979,0.43320486,0.56026864,0.63237804,-0.122632265,1.0643026,-0.9228566,-1.1729873,0.2338006,0.7917418,-0.9932601,-0.878393,-1.6257949,-0.5214116,0.70647985,-0.6014311,0.3325987,0.84305716,0.022007426,1.1711694,-0.57717985,-0.04162259,0.1579295,-0.3810084,1.1919268,0.48733127,1.0945982,-0.5787367,-0.45792285,0.9546614,-2.6326053,-0.6820061,-0.8192567,1.4517508,0.77082133,-0.77295655,0.31357244,0.45875993,-0.50453013,-0.06790139,0.2304729,-0.07630085,1.3642513,0.3104654,-0.9104014,1.7491733,0.2778941,1.2863957,-0.7054716,-0.314801,1.9425503,-0.19598311,-0.25234726,-0.21108575,-0.59417146,-0.23216708,0.12741643,0.47864345,-0.23415442,-0.12455598,0.9764684,0.5026529,-1.2403388,-0.8338719,-0.54904026,0.56405854,0.73067576,2.0170298,1.4732844,-0.24514604,-1.3593425,-1.944053,0.16985635,0.79536694,-0.094867766,0.47617197,-1.1559857,0.14155178,0.08912247,-0.41304854,-0.73695564,-2.2205336,1.8213629,0.29139552,0.61491793,1.5039415,-0.7949843,-1.4882026,-0.6582683,0.79607254,0.7823898,-0.71577597,-0.88823277,1.0804375,-0.9520703,0.954899,0.155299,0.49011242,-0.26414979,0.42486092,1.018823,0.2132309,-0.8252659,-1.0869406,0.19695282,0.6363807,-1.2288545,-0.19760148,0.36532196,-1.3413377,0.31951615,-0.5297507,-0.6883535,-0.10846784,-0.81318045,-0.8136844,-0.09475272,0.0721168,-0.8699575,-0.92764777,0.2202319,-1.0810392,-1.8677808,1.614839,1.4717813,-1.5217981,0.40228102,0.27608812,0.26574293,0.7271212,-0.18486954,-0.21279593,0.61512166,-0.414613,-0.03145765,-0.94635814,-0.9520805,-0.8195093,0.022229508,-0.9868881,-1.5538522,1.1596236,1.1020759,-1.4000989,-0.7159524,0.26604936,-0.7391661,0.798973,1.016025,0.14749086,-0.27807406,-1.4262033,-0.25755602,-0.22797109,0.71130174,0.0858131,-0.26350853,0.53514105,-0.019341147,-0.16558068,1.8063675,0.32966346,0.59885067,0.7459652,0.29172036,-1.5637827,0.34063944,0.069865085,-0.13975336,0.9510984,-1.4042646,-0.73632985,1.7304916,-0.20040059,-0.99719095,-0.33994928,0.01847897,-0.12638348,0.34379792,0.2988039,1.5105656,1.2486689,0.3589277,1.6167083,-0.5630303,-0.52141565,-0.4320531,0.12955572,-0.6145615,-1.2009419,0.58897847,0.5007712,2.2341802,-0.47392544,0.26950875,0.82296133,-0.7432044,-1.0356805,0.48803273,0.065265805,-0.676739,-1.0633429,-0.3526224,-0.86617994,0.055531044,-1.774959,-0.32470515,0.35536095,1.0594425,-0.39738092,0.0058840313,0.50053734,0.08875308,-1.0901982,0.7123416,1.1180977,0.9549277,-0.08462658,-0.9351492,-0.11634091,-1.0647066,-1.3271254,0.21307798,-0.9908541,-0.5603465,-0.12562533,-1.1220359,0.021688709,-1.2243955,0.030310908,1.3431511,0.30920994,0.37819406,-0.07970824,-0.85713094,2.1021276,-0.6656981,-0.26301908,1.0821147,0.42326868,-1.4315094,0.33267823,-0.66477877,0.32088473,-0.6495483,0.56566983,0.44300067,0.43254438,-0.70772773,1.7680589,-0.608463,-0.0028197914,0.4068435,0.6528329,-0.215061,0.081321344,-2.2749236,0.95265144,-1.3821682,-1.7347306,-0.07520926,0.6716566,-0.28985152,-0.69609135,0.15496773,0.7904792,0.23029935,-0.9812071,0.7361811,1.8477474,-0.68738896,-0.33224142,1.3891181,0.56243545,-0.8637863,0.13739401,2.4921439,0.51246166,0.97841614,-1.0554954,0.11099564,0.16586876,-0.19644822,-0.6408989,-0.057933673,-0.30851653,-0.3036828,0.7310303,-0.5298049,0.88885325,-1.1929237,-0.020363534,1.0788996,-0.78477764,-0.17746031,0.39600953,-1.1376194,-1.6235543,-1.3809309,0.45122793,1.385866,-0.534078,0.25832114,-0.0041138227,1.8327233,1.0536281,-0.2684388,-0.7147794,0.33752558,0.8961947,0.7743654,-1.2560123,-1.0915205,0.4506577,1.7713577,-1.0029501,0.48675215,-0.69855994,-0.27373657,-1.4328321,1.8421783,0.8152926,-0.21310855,1.2312127,0.70874834,0.03407083,0.43299296,-0.4574075,-0.05885713,-1.027021,-0.56482023,-0.22382535,-0.17786932,-0.61959326,0.2971705,-1.0019366,0.020519579,0.020787975,0.85582155,-1.3758723,0.15256763,-0.12744997,0.6281817,0.14266789,-0.45522258,-0.32468265,-0.35634592,-0.7343149,2.082251,0.7083561,0.15525614,-1.5562806,0.47404066,0.27552196,0.25223958,-0.5048444,0.48370314,-0.293713,-1.2315811,-0.40316033,-0.98676807,-0.29002425,0.2762759,1.1628656,-0.78353405,0.96479917,-1.3587884,1.0484056,-0.5387819,-0.4245242,0.3598365,-0.34327778,-1.0997314,1.7848698,1.2474097,-0.10723979,0.21840155,1.3607639,1.0241834,-0.11596445,-0.13779347,-1.400168,1.0270454,1.3898802,0.18054946,-1.0673031,-0.4633051,0.27309692,-0.31577417,1.7579216,-0.38203064,-0.46544275,-0.72461843,-0.2293096,-0.4155325,-0.102532566,-0.67811877,-0.2861484,-1.5687536,-0.13550113,-0.6013965,-0.0749445,0.608893,-0.55865496,0.2437522,0.025477588,1.1090243,1.1004544,0.41998217,0.41169104,-0.54590553,0.33570376,-0.8490669,-0.5825554,0.80194616,-0.7647907,0.19850934,0.12672342,1.2744721,1.9685336,0.56604964,0.040127855,0.3943789,-0.05173732,0.08243397,-0.02393425,-0.40667602,-0.28665859,0.44896832,0.04157121,0.16406924,-1.1026058,-0.67781496,-0.057358176,0.36236098,0.42666546,0.161414,0.07481143,0.17991896,1.6499037,0.20343168,-0.29471132
リ,-0.70018786,-0.94722146,0.52777,1.3796107,-0.98680735,0.13082252,-1.0968801,0.8958755,1.0304176,-0.03342669,0.34840634,0.30586255,-1.3208987,1.9473222,-0.8171895,-0.038347643,1.2636795,-1.1852734,0.12235868,-0.5337756,0.96959776,0.18053655,0.3980639,-0.63149816,1.1104385,0.17764847,0.48839808,-1.0330551,-0.42527702,-0.7151902,-0.11844099,-0.7659107,-0.7345268,-1.0887707,0.36451563,-1.5569736,-1.1815156,1.2136197,-0.21235411,-0.2891098,-0.5961341,0.63482153,-0.116081834,0.11145985,-0.50852466,-0.29625812,1.8557363,-0.86511284,0.83651084,-0.77293986,-0.67617947,-0.6713317,0.35822567,1.0257399,0.48051277,-0.431141,1.2980186,0.64144117,-0.1943086,-0.30982652,0.8669388,0.8516881,-0.9131992,-0.008288369,0.09654208,0.56497073,-0.11736831,-0.250051,0.004034873,-0.27243978,-2.0161793,-1.5908537,-0.10352949,0.88661265,-1.7063793,0.3862343,-0.03443677,-0.5981543,-0.052653775,-0.2838647,0.06233113,-0.16103286,-0.9575612,1.2299412,-0.8922636,-0.59206504,-0.2387135,0.049456,-1.7297112,-0.33909485,-0.1374371,-1.606339,-0.9537394,-1.2318442,0.940448,0.26616788,-0.5207579,-0.66021264,-1.7706814,0.33519265,0.22489822,0.9241276,-0.20619321,-0.34489825,-0.9484794,-0.096636586,-1.0837531,-0.7183146,-0.54103744,0.9149559,0.89528465,0.37914434,0.56464696,2.0854592,0.9803942,1.3513068,-0.97012347,-0.42048737,0.025271505,0.31610826,1.4223427,0.4174308,-1.0329688,0.38080397,0.1912272,0.8206633,0.43282178,-1.0179356,0.7731661,0.11521051,0.5581138,0.25050753,2.0984616,0.5276099,-0.58667403,-0.38125113,-0.14867486,-0.07481037,1.39005,-0.69341475,-0.7073372,0.54427177,-0.38680515,-0.25866452,0.52230805,-1.5669866,0.44042182,0.91960716,1.1700438,0.1843903,-0.22300124,0.06004792,-1.4982715,0.29557136,1.0305544,0.40973666,0.06036685,-0.1051206,-1.0121195,1.3038765,-0.2857209,1.5611619,-0.5414216,0.6740818,0.02184677,0.42753327,-0.5187485,0.6990575,-0.6792813,-2.1405005,-0.45480478,-0.0972453,0.41713643,0.37079537,0.6694614,0.115429856,0.6624285,0.6623009,-1.2533041,-0.2624543,1.4943851,1.0968117,-0.085789,1.7288972,-0.2240448,0.82643837,0.801461,0.7745263,0.4222889,-0.19085687,1.1589102,-0.6825685,0.6733114,1.0435091,1.0137985,2.2889488,0.31264275,-1.1239775,-1.3068266,1.3298526,-2.076537,-0.3097656,0.5082665,-0.86995274,1.2005671,-0.7742688,-1.4437209,1.6833305,0.58848536,0.13556705,-1.3493217,-1.2238281,0.54486537,0.8554402,-0.65506333,0.26236212,-1.0760664,-0.36173198,-0.61084133,-0.31846172,0.89295894,0.54103583,0.2862971,0.7567803,-0.739415,-0.027238943,0.7881565,0.16315746,0.40956917,0.6391739,-1.222771,-0.13701756,0.87944126,0.121662386,-0.23849551,0.26221445,-0.35727748,0.56795883,-0.15406634,0.68155456,0.6124945,-0.42908514,0.4896926,-0.110370964,0.16597351,1.0285364,1.4650289,0.71727175,-1.878231,0.17546104,0.4533863,1.0844615,0.16758597,-0.017582504,0.41898575,0.945024,-0.2996539,0.39537725,-0.6466779,-0.35584012,-0.33423373,0.28531072,-0.09758901,0.1654145,0.19608761,-0.5380698,-0.237136,0.68379927,0.15683217,-0.63287324,-1.1673027,-0.56619835,-1.1947213,0.17627102,0.3757861,0.65053964,-0.8375716,-0.8149279,-1.1719136,0.015086003,0.4981221,-1.6188709,-0.74794763,-0.43622008,-0.8992152,0.24736114,-0.21133113,-0.0701241,0.52206534,0.8023533,-1.5516161,0.9916573,0.16102922,0.95661765,1.6042248,0.022925183,1.2482381,-0.83809334,0.7628316,-1.1613971,0.90338486,0.8639467,-1.7578694,1.325695,-0.5501423,-0.4843172,1.0391513,-1.5083188,-0.12881052,-1.0562383,0.12669203,-0.3018129,-1.1395956,1.8899213,-1.7770315,1.1593746,-1.8558408,-0.71377087,-0.22566305,-0.5243189,-0.90816337,0.608442,0.44209227,0.2170401,0.71229655,-0.14712279,0.2731213,0.65047747,0.46700463,0.45446217,-0.5586092,0.87206674,-1.3011272,-1.534296,-0.06723846,0.47396573,-1.4255577,-1.4352088,-1.2764373,-0.53382844,0.109206,-0.80686635,-0.16464822,0.77557963,0.156723,0.6637249,-1.5136362,-0.561785,0.031101942,-0.6986058,1.3808013,-0.206649,1.677608,-0.7624977,-0.3399142,0.92401415,-1.3452066,-0.7098317,-0.45461676,1.5280157,0.691287,0.4437398,0.55993694,0.38947305,-0.32933652,-0.48095655,1.6669909,0.33012995,1.9721527,0.039872456,-0.5117566,1.3661021,0.0060562394,0.9088524,-0.5541484,-0.075591005,1.412481,-0.2900638,-0.38092458,-0.8695281,-0.44259712,0.21648131,-0.36380544,0.419986,0.0033593227,-0.21906763,0.9295897,0.49449047,-0.31759158,-0.9772267,-0.61178464,1.2682729,1.0969055,1.3251032,1.6279303,-0.36970615,-0.53452146,-1.8296113,0.47917923,0.5656574,0.44768968,0.6687966,-1.696695,0.19445218,0.45235398,0.040225174,-1.1232258,-1.9242297,2.074858,0.17328924,0.25231335,1.3133749,-1.2852283,-1.3717531,-0.39460102,0.85985106,0.22039163,-1.0528848,-0.38350844,0.43160915,-0.49526548,0.9887409,0.47151324,0.49436998,-0.1987889,-0.19316812,0.79732114,-0.10844275,-0.7291393,-0.010485518,-0.18037419,0.7159216,-1.6885663,-0.3833792,-0.047385793,-2.0187447,1.346859,-0.31620383,-0.2553419,-0.019768903,-0.6916533,-0.64550483,-0.32066116,-0.081557676,-0.64438164,-0.6321439,0.83489585,-1.6469998,-1.4056455,0.9006453,1.1570271,-1.0313617,0.18831523,0.8323299,0.122552216,0.95726687,-0.13373066,-0.45025554,0.5866651,-0.16570865,-0.5569318,-0.64926803,-1.1042691,-0.05342662,-0.095320515,-0.6822168,-1.3388104,1.0730793,1.2076787,-1.6161548,-0.59602755,-0.44883883,-0.5782666,0.89096147,0.90870214,0.47028854,0.113438986,-0.65412503,-0.647306,-0.18092056,0.9655032,-0.639293,-0.21073763,0.44441423,-0.58909875,0.17594515,1.661644,-0.019624384,1.0572921,1.4541174,0.27261987,0.03255387,0.4891019,-0.08973542,-0.11143231,0.5852869,-1.3179609,-1.0764123,1.4667898,-0.28093067,-1.2470491,-0.1573744,0.21396506,-0.2770699,0.2805148,0.2916505,1.3041109,1.4414221,1.1714065,1.7026781,-0.44400057,-0.5971638,-0.3494242,0.6015959,-1.2340945,-1.0918512,-0.38376334,0.64347714,1.9015044,-0.5426502,0.4234334,0.9377803,-0.9435019,-1.229436,0.32538015,0.29848742,-0.38348484,-0.6290546,0.02083815,-1.2167529,-0.2513617,-1.9856558,-0.5992827,0.9778609,1.1240324,-0.4962903,0.022828892,1.118031,0.24671759,-0.9388234,0.33931622,0.674887,1.3065978,-0.39254332,-1.0220037,0.21415907,-0.6826501,-1.4204178,-0.42811635,-1.0926193,-0.6425399,0.409669,-0.4988987,-0.30505574,-1.1225666,-0.74195594,1.6828748,0.0076683634,-0.49952567,0.56364876,-1.0381445,1.3380469,-0.34602907,0.023293326,1.9250098,0.39000025,-1.305158,0.67715096,-1.3756143,0.61070424,-0.6529036,0.6058673,0.740942,0.6452643,-0.9214499,1.3597355,-0.45187154,-0.22459996,0.062602006,0.7688692,-0.05079767,-0.06973642,-1.8106333,1.2119507,-1.3271484,-0.8879438,-0.38584015,0.57587475,-0.32564402,-0.035571933,-0.21182913,0.5522115,0.58479,-0.85334545,0.7044106,1.8477541,-0.72456676,-0.8271754,0.59362286,0.18985741,-0.21014448,-0.17203595,2.7429771,0.54795116,0.84590006,-0.9041738,-0.8088978,0.7277961,-0.39907572,-1.453177,-0.042078894,-0.48802528,0.28930447,0.030362265,-0.00022290973,0.61296767,-1.0949498,-0.24662364,1.0068753,-0.78945094,-0.6935695,0.35284066,-0.38518348,-1.2405031,-1.0525302,0.59433526,0.56124485,-0.47512046,0.7708936,0.64113295,1.3948616,0.7335894,-0.12890853,-0.6810892,0.38889393,0.68575907,1.0135856,-1.0613594,-1.2138027,0.3473051,1.0874654,-0.70150185,0.5542043,-0.16315639,0.12653919,-1.8761315,1.337437,0.23013373,0.18093097,1.1840237,0.4856857,-0.35235104,0.6268208,0.42467403,0.036124464,-0.4720371,-0.45810792,-0.075338714,0.13659589,-0.97267276,-0.3458445,-0.620526,0.028471762,0.22121602,0.08221219,-1.2913675,0.33091578,0.1284762,0.73271346,0.11704546,0.2185871,-1.2917486,-0.5721358,-0.73159665,1.8123221,0.49102715,0.08041367,-1.2224687,0.055737857,0.9595614,0.5749665,-0.87949246,-0.109712265,0.30213502,-0.5265399,-0.21084964,-1.483417,-0.55508417,0.78134257,0.53955966,-0.85670155,0.74138975,-1.7006439,0.99618906,0.35963997,-1.4148983,-0.07990732,0.35719952,-1.0130309,2.219562,1.1388338,-0.20598328,0.112954974,0.87594056,1.3602408,-0.51652485,-0.3278487,-1.6299945,0.9957065,0.9491684,0.66971296,-1.4425408,-0.3239069,0.40776017,-0.36336407,1.6295971,-0.88901424,-0.3348374,-0.88545465,-0.22857122,-1.2915808,-0.4034426,-0.31912324,0.049091775,-1.21599,0.41301382,-0.7434549,-0.857457,0.7052121,-0.42929733,-0.19754533,-0.29893336,0.8655748,0.7386988,0.7096171,0.52552557,-0.5267691,0.06944782,-0.6380351,-0.4831778,0.61535716,-0.4031701,0.22885843,0.15583295,0.81415397,1.9739355,0.42127848,-1.1226114,0.821358,0.07394747,0.2209332,0.19451004,-0.44085523,-0.017826362,0.49331164,0.0679779,0.5660327,-1.4018178,-0.45759007,-0.32427683,0.54021794,0.5298173,0.7475838,0.30447963,0.14537022,1.300608,0.58666056,-0.13124897
ナ,-0.91014206,-0.018501779,0.7839293,0.45933217,-0.8664652,-0.43313688,-1.1825802,1.1629764,1.3732296,0.31750157,0.25073543,0.082331635,-0.8185679,2.2085707,0.31676286,-0.4799052,1.5403675,-1.5302591,0.7088672,-0.5408355,0.91220915,0.52967244,0.9602272,-1.2648394,1.321415,0.33488765,0.9354216,-0.5385633,-0.12520243,-0.4421823,0.35522866,-0.6245626,-0.53804827,-0.60849667,0.46059075,-0.6681769,-1.2833437,1.1457084,-0.19580872,-0.57312745,-1.0236936,0.28060418,0.4628368,0.25342634,-0.47012573,-0.26674253,1.3066746,-0.42066804,1.0026878,-0.8344847,-0.9865602,-0.41514683,1.3617828,1.3631659,0.7354326,-0.6288835,0.5420682,1.0001392,0.17435153,-0.7389473,0.7353636,0.097503155,-0.5060634,-0.29182142,0.72931707,0.6739298,-0.15221056,-0.051317804,-0.46389475,-0.36405,-1.6856968,-1.3273778,0.10055721,0.9949838,-1.8873746,0.7029356,0.029040921,-0.38247782,0.941126,-0.5779806,0.09033257,-0.53416526,-1.4530853,1.8432862,-0.95013446,-1.250241,0.051989935,-0.6169515,-1.4390984,-0.19431326,0.09460332,-1.8142201,-0.8312707,-1.6464812,1.8355528,0.08314441,-0.8811185,-1.1933732,-1.6412609,-0.11378832,-0.16362426,1.4283413,0.37614748,-0.4846654,-1.5310795,-0.53467435,0.2688249,0.031849373,-0.15223381,0.7421343,0.6229927,0.5814944,0.3208052,1.8187014,1.0244471,0.9576688,-1.0194134,-0.28274828,-0.4797574,0.6028756,1.9918476,0.31204706,-0.44029775,0.02780306,-0.5084659,0.858867,0.4717936,-0.69229853,-0.009057522,0.30597797,0.33029753,-0.38867027,2.1870594,0.8943766,-1.2363894,-0.490611,-0.1648506,0.15991428,1.7901713,-1.0153134,-0.16881123,0.31778854,-1.0055062,-0.3395896,0.99203527,-0.6592307,-0.26774365,0.69528997,1.9175909,0.80761135,-0.718192,0.2302256,-1.1784917,0.35721457,0.9480473,0.53783405,-0.28289136,-0.16310069,-1.0453956,0.5815412,-0.46355096,0.9016353,-0.47364742,0.120888874,-0.55068433,0.25240588,-0.4398511,0.957681,-0.5948799,-2.1829295,-0.866917,0.06827645,0.35037798,0.048078813,0.073127404,0.028652286,-0.108661175,-0.01862558,-1.1769879,-0.03444452,0.6509371,0.48417753,0.108138904,1.0500853,-0.19367869,0.6584643,0.21888904,1.1387266,0.03237448,0.5602173,1.2039052,-1.0641143,0.8365509,0.6663923,0.93738204,2.8046696,0.98357517,-1.7825611,-1.5002897,1.0917178,-2.2831688,-0.74712324,1.0485584,-1.8100271,1.1160308,-0.81629956,-1.3740361,1.8291683,0.4501966,0.3591523,-0.76462126,-1.1275146,1.0689026,0.6168874,-1.3919338,-0.17038128,-1.3794085,-0.063952014,-0.48979443,-0.2936381,0.85509074,0.38977712,0.19820769,1.7551203,-1.412452,0.33995557,-0.25172138,-0.24748786,0.019875836,1.2146642,-0.97333926,0.5182628,0.31228802,-0.4617315,-0.7350893,0.23303981,-0.036719196,0.5458332,-0.25277126,0.22257498,0.37584448,0.35284305,0.6438248,0.5505633,0.29970694,0.9948149,1.0452168,0.051804233,-1.9650829,0.106567666,0.06496072,0.65958756,-0.62881726,0.42759308,0.024735045,0.6095585,-0.062124074,0.27523282,-0.70925194,-0.64884245,-0.1816721,-0.23783925,-0.18105976,-0.19232504,-0.23216543,-0.8882084,-0.22791019,0.28441435,-0.13194089,-0.93504333,-1.1358836,-0.4149043,-0.9226719,0.48416418,1.2912887,0.21045506,-1.2473357,-0.2054749,-1.0804498,1.0453427,0.7892822,-1.9786905,-0.7317457,-0.61126405,-1.2815267,0.16987804,0.4393465,-0.4488774,0.19169605,0.7845458,-1.9607086,1.1889191,-0.12812789,1.581024,1.9396044,0.21673092,1.1951592,-1.8434614,0.7729651,-0.054224502,-0.07856647,0.76334375,-1.8349867,0.41544327,-0.053387187,0.0046614213,0.77601564,-0.7120412,-0.58125496,-0.74560744,0.49789977,-0.50861347,-1.1730273,2.1386607,-1.6534256,1.1556706,-1.5984875,-0.6173528,-0.6960331,-1.2696993,-1.1614772,0.07309061,0.4879592,0.0088867005,0.08691644,0.23651238,0.044731397,0.49559212,0.19910535,1.7313446,-0.48840982,0.5912631,-1.2273867,-1.1616787,-0.111832164,0.34580326,-1.5424345,-1.0596894,-1.5071435,-0.33477783,0.037503313,0.2714276,-0.37840685,0.574946,0.6962475,0.3099959,-0.7671815,-0.7097958,-0.0108599905,-0.5670825,1.4263762,0.048625924,1.5855291,-0.72228575,-0.9890288,0.37675378,-0.73964036,-0.5064646,-0.81122655,1.8833824,0.8921954,-0.26469684,-0.03374594,0.48411426,-0.16630204,-0.8198716,1.0829107,0.19275334,2.066012,-0.1093215,-0.33159226,1.3735925,-0.12086638,0.45268455,-0.3611899,-0.28253257,1.2250656,0.15324375,-0.5128151,-0.20842715,0.21840921,-0.7310511,0.53091234,0.278381,0.6372487,-0.012513047,0.42422312,0.5793266,-0.68325347,-1.0026385,-0.08028845,0.76127505,1.2679341,1.5493594,1.4196447,-0.43585166,-0.5451004,-2.0079353,0.7507051,0.9484188,0.4919948,1.1642414,-1.1005962,0.7535135,-0.024441332,0.17419632,-2.03292,-1.8768501,2.2039135,0.45221367,0.4170739,1.3509495,-0.7711514,-0.5601222,-0.96667653,0.4456996,-0.7705037,-1.0294365,-0.40516907,0.687318,-1.2512633,0.079211146,0.59492534,0.6653731,-1.0117819,-0.43757248,0.031464756,0.3836526,-1.0094908,-0.22170806,0.023684835,-0.24713027,-1.5966555,-0.6447035,0.051602155,-2.4323153,1.1894658,-0.7669837,-0.069884166,0.11486981,-0.33421248,-0.565926,-0.91874564,-0.10753832,-1.2249856,-0.5846323,0.9702457,-1.6136158,-1.5437424,0.8192736,0.89413327,-0.8595747,0.6089262,0.8066133,0.27375084,1.1017003,-0.09527463,-0.5329728,0.3860535,-0.50248015,-0.055285014,-0.2783215,-1.3374364,-0.34572008,0.16256607,-0.9675878,-2.0722632,0.41858882,1.2941774,-1.5637892,-0.28333467,0.13679631,-0.3578672,0.6160063,1.0303905,-0.18694074,-0.2046297,-1.005306,-0.70890826,0.543915,0.5379177,-0.6820625,0.26261908,0.42771512,-0.2964105,0.4486298,2.4479482,0.3638254,1.1409734,1.5180296,0.6456154,-0.1953837,0.7024785,-0.1578894,-0.5114714,0.23323333,-1.0010979,-1.2573044,1.2067938,0.17753562,-0.95376396,-0.03480491,0.96910584,-0.5371376,-0.10095952,0.7497595,0.9725478,1.849913,0.9705148,1.7725121,0.42195958,-0.55503404,-0.6904728,0.7160999,-0.9892305,-0.7726766,-0.1055814,0.49227056,2.609034,-0.58460414,-0.38115254,1.2588092,-0.4512444,-1.6712837,0.426093,0.4929641,-0.12421981,-0.8627366,0.8886172,-1.2003647,0.022804026,-2.6034153,-0.4044827,1.19684,1.0055279,-0.42363,0.021674836,0.74652165,-0.20725481,-0.40732223,0.7695249,0.6161052,2.041152,-0.12281798,-1.6305889,0.71350217,-0.16556513,-1.3172975,0.25474462,-0.6416856,-0.2679035,0.66048396,-0.64555705,-0.37759608,-0.28406125,-0.2107445,1.7485943,0.4534169,-0.4165942,0.52439797,-1.7306372,1.4180707,0.3069143,-0.502267,1.4232905,0.512345,-1.572578,0.4742426,-1.4464816,0.28475177,-0.92335004,0.20696783,1.1423641,0.06583794,-0.97722685,1.4584318,-0.62624586,-0.073427625,-0.28682297,0.25236267,-0.77808815,0.2657699,-2.03943,2.2688537,-0.8677333,-1.5029023,-0.13541684,0.43965903,-0.2819777,0.16392401,-0.44348,0.8676573,0.31821832,-1.3032647,1.0073769,2.4254198,-0.19627814,-1.2716608,0.6120186,0.6355933,0.5959622,-0.0013836104,2.0166335,0.0046882927,0.30505627,-1.2703599,-1.1881955,1.0003341,-0.099186316,-0.82861185,-0.2610921,-0.38589934,0.06218929,-0.28656447,-0.44551414,-0.38223225,-0.8446202,0.66435325,1.163297,-0.7001432,-0.41240472,0.24850638,-0.38899115,-1.1075776,-1.9311333,0.80945885,0.23593767,0.013067263,0.81123316,0.40692678,1.242794,1.100549,-0.5166887,-0.7683486,0.7932135,0.5419941,0.96052015,-1.3390363,-1.4051073,0.4822418,1.1596168,-0.2455611,0.3833499,-0.02047496,-0.008021641,-1.6358058,0.9365633,0.93284094,0.42381907,0.94298774,0.2925312,-0.121982194,0.604,0.019069036,-0.59215224,0.8519643,-1.3861177,-0.085739985,-0.029502055,-0.9322219,0.03993196,-0.41883844,0.42548853,-0.33910492,0.43034357,-2.3098874,0.18363503,0.95148325,0.043965865,0.37944,0.5340638,-1.154902,-0.9905585,-0.42983675,1.8566473,0.47970375,0.2704789,-1.1962602,0.1522406,1.4669751,0.3009727,-0.3718411,0.21402481,0.42746633,-0.75453204,-0.054350518,-1.5337142,-0.35216838,-0.31998935,0.458453,-0.8595725,1.0268781,-1.3443135,1.222461,-0.47499222,-1.1615515,-0.022812355,1.4402487,-0.41674548,2.2805676,1.6253557,0.08598782,0.3277055,0.70915353,0.56355464,-0.70785993,-0.42983446,-1.6463257,0.95509374,1.5525604,0.2619591,-1.4374613,-0.8068946,0.48791566,-0.32596737,1.2515385,-0.2801587,-0.8939226,-0.9231261,-0.298644,-0.8323075,-0.4570167,-0.34131926,0.12892476,-1.3818041,0.7571684,-0.36935002,-1.0210223,0.6625809,-0.9353837,0.19390203,-0.34540212,0.69762975,1.254247,1.3014352,0.76140594,-0.32472908,-0.47096452,-0.93088067,-1.6875092,0.91799384,-0.35230714,0.8511907,0.08026673,0.39379537,1.6737659,0.59264386,-1.1591399,0.40412956,0.07794349,0.732002,0.3070396,-0.5660484,-0.07801626,0.26480746,0.8016921,1.1212078,-1.591898,-0.413242,-0.21067396,0.40840226,0.14115901,0.7470381,0.22585395,0.29107326,1.8344288,0.51922596,-0.041649196
ガ,-1.2997091,-0.3656695,0.42514297,1.2997634,-1.2207807,-0.30638403,-1.3094925,1.1640319,1.2958144,-0.3248546,0.7756539,-0.045998752,-1.3729573,1.5362371,-0.90827304,-0.21231402,0.62251806,-0.99006736,1.0427812,-0.009638096,0.8824774,0.47765964,0.8487215,-0.85363775,0.67357284,1.2965025,0.52561593,-0.7039309,-0.38651317,-0.6501021,0.25650308,-0.5492151,-0.8173403,-0.4105322,0.3951679,-1.5649664,-1.4016031,1.2423042,-0.12624699,-0.7904874,-0.6201252,0.6519642,-0.14427267,0.018379446,-0.54157364,-0.13301994,1.5769804,-0.48990875,0.9924572,-0.5202904,-0.75199234,-0.33662647,0.038213823,0.968295,0.46059257,-0.3530766,1.2856824,0.7961183,0.29083472,-0.37828296,1.1840789,0.94529736,-1.2397348,-0.0761243,0.76732475,1.005215,0.006276758,-0.19687381,-0.25625187,-0.1592784,-2.4849758,-1.5014352,-0.32293978,1.4440881,-1.0957319,0.74366874,0.4820869,-0.4321222,-0.0031082283,0.011888231,-0.116666146,0.046770684,-0.85579014,1.1616453,-0.5566465,-0.8582353,-0.6519411,-0.2991156,-1.4332933,-0.0061784005,-0.2919442,-1.7400858,-1.3334551,-1.124377,0.76989496,-0.32404068,-0.14377216,-0.6401757,-1.5481933,-0.014961607,0.1765622,1.1453665,0.2481352,-0.67810434,-1.1166713,-0.43287045,-0.69353616,-0.3965631,-0.39118224,0.9276168,-0.25493827,0.45950294,0.72939956,1.768528,0.7387181,1.5287539,-1.0292038,-0.82642406,-0.13576572,0.21648683,1.4399315,0.45158273,-0.7401053,0.26433483,0.33115596,1.1218265,0.26093152,-0.74008733,0.60869503,-0.0068828803,0.8070712,-0.13774261,1.8779154,0.9082246,-0.6642738,-0.3301684,-0.20655303,0.2368236,0.92188245,-0.7051434,-0.38206345,0.25179633,-0.06041317,-0.019698752,0.28978136,-1.5682619,0.26939914,0.5565099,0.9319935,0.09417734,0.008301884,-0.09969919,-1.29221,0.3024918,1.1552999,0.122090325,-0.12562323,0.24613896,-0.8149702,1.4759942,-0.13786122,1.2619222,-1.040302,0.59438485,-0.24577044,0.82193077,-0.30184713,0.9870081,-1.17647,-2.155826,-0.7490348,-0.19451603,0.30730018,-0.13622698,0.57389814,-0.41621974,0.85648996,0.5839986,-1.156161,0.2004123,1.0814863,0.84807503,0.045246445,1.2280842,0.024210934,0.7906369,0.4863929,0.7032952,0.3312328,0.18656723,0.821898,-0.66254985,0.4426995,0.6378937,1.0897894,2.4995506,0.40865645,-1.385355,-1.5629046,0.8135088,-1.4056834,-0.58810043,0.6657755,-0.6553727,1.2426338,-1.1066598,-1.0758361,1.831501,0.26509595,0.045009453,-1.356803,-0.9027476,0.21384048,0.7524748,-0.90126956,-0.085262366,-0.8845158,0.20938887,-0.71905506,-0.5941375,0.81100714,0.7574564,0.15876271,1.3759402,-0.55834824,0.48867944,-0.06422844,0.48654038,0.072112896,0.41531923,-1.2819316,0.6585978,0.9308452,0.13230021,-0.35269198,-0.043895066,-0.35023662,0.80924267,-0.51534027,-0.06399843,0.37231943,-0.51062864,0.077543065,-0.03200059,0.49946696,0.9825079,1.6894157,0.21264173,-1.902557,-0.41080192,0.4838578,0.3721755,-0.03158027,0.37106776,0.538993,1.1270342,-0.65280455,-0.13812336,-0.51018107,-0.5396007,-0.24103448,0.84388965,-0.19575123,0.27788147,0.14759955,-0.68562746,-0.70679134,0.040222857,-0.03636018,-0.86901426,-1.0881499,-0.68994814,-0.99955857,0.21797916,0.15384933,-0.14140822,-1.0382551,-0.6653128,-0.64174205,-0.56805557,0.30117273,-1.5598437,-0.7093541,0.13701011,-0.9878612,0.51841456,-0.7701457,0.3547084,-0.22824539,0.87247306,-1.1391268,0.7635579,0.078501485,0.7295888,1.327037,0.22637594,1.2357126,-0.38348207,0.68828696,-0.94045126,0.4505377,0.38664156,-1.7921609,0.813378,-0.391593,-0.3090826,0.92298657,-1.5366641,-0.49955004,-0.25206685,0.17393875,0.004049744,-1.2019249,1.9924309,-1.7317154,1.2402999,-1.6211004,-0.34252116,-0.457145,-0.6811405,-1.4879961,0.7320334,0.42830947,0.31746772,1.004573,-0.15146117,0.09124887,0.59628266,0.19748867,0.89846975,-0.18363854,0.49959496,-0.8944802,-1.8632962,-0.021930337,0.7703491,-1.4745208,-1.2414207,-1.5409404,-0.38144216,0.30503246,-0.48914328,0.1691582,0.914527,-0.012606583,0.32628337,-0.807656,-0.56988126,-0.46048722,-0.51928407,1.5405303,-0.23228565,1.6003431,-0.86762124,-0.6409046,0.39305422,-1.7076339,-0.45244473,-0.3302504,2.0674732,0.8454448,0.18206023,0.19714639,0.8010348,-0.5397909,-0.21786343,0.61235553,0.19586925,1.7352706,0.5507699,-0.22821519,1.510558,0.17426516,0.5801226,-0.2927868,-0.53599393,1.6967821,-0.29797482,-0.71967715,-0.74714094,-0.64970595,-0.39068618,-0.14997335,0.5835962,0.120597124,-0.45200366,1.1122117,0.7410924,-0.70617497,-1.0566486,-0.6990511,0.72092927,0.75323766,1.7444227,1.5492321,-0.07294946,-0.88260615,-2.3533263,0.48441783,0.90075505,0.436959,0.1470481,-1.9528131,0.23001678,0.2538793,0.29793152,-1.0875347,-1.5341882,1.7737968,0.9669152,0.16769147,1.6684984,-0.48763818,-1.0378159,-0.57273203,1.0823206,0.21319075,-1.1991593,-0.66325533,0.69596064,-0.6550544,0.85931486,0.7300474,0.6319312,-0.19866154,-0.24367703,0.6691101,-0.35180813,-0.50950736,-0.6717596,0.06804599,0.60488987,-1.3913491,-0.4649555,0.44947243,-2.147545,0.9217147,-0.15522434,0.03416571,0.17427179,-0.31221914,-0.08389347,-0.55613405,-0.22986309,-1.0029756,-0.1422486,0.88577014,-1.2626003,-1.475353,0.7991931,1.5400445,-1.139918,0.61753696,0.2195383,-0.048016984,0.72314465,0.15295461,-0.45093948,0.2543572,-0.37594503,0.31777027,-0.3958231,-1.487263,-0.7782919,0.5745374,-0.7966052,-0.97419965,1.1140745,0.7141217,-1.137084,-0.5741187,-0.33567414,-0.40832737,0.9582628,0.5818712,-0.23362601,-0.043229263,-0.67474544,-0.23798975,0.31880927,0.5706336,-0.06544667,-0.18466793,0.6466901,-0.38143757,0.17605673,1.5962765,0.31889772,1.0358701,1.0247815,0.3716475,-0.5798114,0.43293765,-0.25714454,-0.23892318,0.3122308,-1.631072,-0.97381127,1.7437975,-0.1407827,-0.908107,0.29116625,0.15007661,-0.6622359,0.29242325,0.008981496,1.2200984,0.9546295,1.1912359,1.6169525,-0.54766583,-0.31093594,-0.6939629,0.4318522,-0.9948673,-0.59568584,0.13599543,0.76808447,2.4924932,-0.7220729,0.018602142,0.9239255,-0.99571085,-1.2482942,0.35887524,-0.14952509,-0.42574888,-0.6293027,0.4572163,-1.0072426,0.45252863,-1.717812,-0.09833074,0.8179501,0.99339145,-0.21065696,0.17362836,0.9184055,0.5641476,-0.8929106,0.008611752,0.60614026,1.5895675,-0.3542567,-0.8284376,0.9851566,-0.6473709,-1.8860242,0.10277606,-1.094913,-0.56119704,0.2428155,-0.4864643,-0.24229947,-0.877726,-0.30758443,1.4228027,0.047680557,-0.09768822,1.0159794,-1.1327105,1.4913987,-0.5252198,-0.7062958,0.9235493,0.38649163,-1.2506123,0.40042168,-1.6880106,1.0546182,-0.67052555,0.3352326,0.67152625,0.9388371,-0.4015371,1.3748778,-0.3798912,0.123940825,0.07380249,0.12404764,-0.5904065,-0.0766088,-1.6146126,0.86279726,-1.2926258,-1.0846399,-0.01944637,0.6670417,-0.38028374,-0.032822248,-0.41964436,0.40084782,0.05541375,-1.0695009,0.999075,1.8658897,-0.6328201,-0.72883433,0.8062159,0.50230074,-0.30459973,0.32422838,2.588243,0.54910475,0.98180205,-1.234541,-0.56192315,0.43679366,-0.28522235,-0.6354469,0.07360869,-0.04045007,0.534325,0.270012,-0.020305684,0.7221548,-0.7695131,0.41053376,0.7950943,-0.8403327,0.14941809,0.28196117,-0.75019974,-1.1546129,-0.9587973,1.1359413,1.1027564,-0.85428697,0.6242072,0.65977585,1.613416,1.0685271,-0.069549926,-0.37264776,0.35517478,0.99352616,0.7249962,-1.3431203,-1.1789942,0.5777086,1.0437524,-0.85823375,0.477285,-0.46554783,-0.35379416,-1.4667543,0.8576536,0.35964411,-0.073069416,1.2277285,0.41673565,0.13445568,0.28668243,-0.26707634,-0.2567857,-0.36422753,-0.6980495,-0.02451792,-0.7604359,-0.5950858,-0.3605891,-0.55107874,-0.19856282,-0.5250215,0.59652364,-1.1467317,0.35711116,-0.13096377,0.80231863,-0.17619,-0.04259307,-0.840714,-0.79306763,-1.1189375,1.7087208,1.2848927,-0.069002636,-1.4408472,0.010834481,1.0242368,0.33351374,-0.4449017,0.39933997,0.5406867,-1.2311198,-0.65017945,-1.1049075,-0.5025305,0.5327845,0.18775323,-0.7059868,1.3238199,-1.7684718,1.0626382,-0.71210974,-1.1382542,-0.3692033,-0.20410447,-0.5790482,1.8806646,1.1212938,-0.34403235,-0.16438258,0.6872529,1.2092371,-0.014000505,-0.58238184,-1.364995,0.79824287,1.4564124,0.52598083,-1.3957034,-0.12159616,0.38089702,0.014119915,1.5227059,-0.5648725,-0.5419467,-1.3235005,-0.069827214,-0.94214207,-0.57298553,-0.28658804,0.27022642,-1.562376,0.511417,-0.8410631,-0.25359446,0.3446706,-0.5845591,-0.39481845,0.08777477,1.3697239,0.6511584,0.7556797,0.5875972,-0.4942451,-0.19374536,-1.1184843,-0.70417565,0.5084427,-0.8383699,0.4647146,0.5872914,1.0372056,1.8334787,0.25859246,-0.8983272,0.34706858,-0.0679946,0.63030475,0.53137386,-0.7680269,-0.169637,0.033110794,0.51328164,0.51558626,-1.32535,-0.72619516,-0.17762955,0.49809948,-0.052547455,0.7066317,0.20753042,-0.086741135,1.9652827,1.0695002,0.44787338
カ,-1.300412,-0.45834658,0.8440518,0.68412614,-1.0187107,-0.64770985,-1.5606585,0.9563795,1.1288095,0.10426951,0.41381946,-0.032113254,-1.2774044,2.2183764,-0.9181416,0.6385044,0.6549892,-1.1741055,0.99538976,0.22192441,0.858645,0.6807241,0.6442082,-1.1079092,0.7156597,0.93283206,0.5741166,-0.7859042,-0.9416675,-0.96161336,-0.41162658,-0.32486087,-0.79610825,-0.52814573,0.020989865,-0.88243914,-1.391771,1.9185137,0.14518304,-0.48133084,-0.78058845,0.6601734,0.04916561,-0.6917786,0.2527568,-0.4385365,1.5463943,-0.47076592,1.1632955,-0.48523924,-1.0579641,-0.7287769,0.5332828,0.7308715,0.43432394,-0.4401176,0.9958129,0.7671392,-0.286464,-0.45302653,0.15707915,0.77458256,-0.6401749,0.07133888,0.65772057,0.39710084,-0.44155693,-0.33352104,-0.29915014,0.036534112,-2.9945335,-1.5219175,0.101519704,1.2055073,-1.5683274,0.45329583,0.016546115,-0.86551285,0.18384989,-0.21453921,-0.13466291,-0.031766694,-1.1223,1.0533879,-1.2422417,-1.294036,-0.33833018,-0.45526886,-0.4241856,-0.23058538,-0.40097085,-1.8228225,-1.5875907,-1.0702152,1.3233622,0.24375401,-1.0620326,-0.93580216,-1.4486852,-0.024054853,0.58869225,1.2612227,0.2860463,-0.13816,-0.8172752,0.35386345,-1.0304737,-0.34605965,-0.19468814,0.5822274,0.07357285,1.0349922,0.59431386,1.2657286,0.45038056,0.4516829,-1.1786727,-0.61333287,-1.0857272,0.251134,0.9635997,0.4315976,-0.81571436,0.7098746,-0.10244275,0.59599376,0.22363494,-0.8663799,0.76741505,0.43792787,0.5075074,0.10945368,2.3147912,0.5763385,-1.3697472,-0.2671391,0.1311956,0.3947811,0.3189578,-0.4701583,-0.5964441,0.24950838,-0.1875866,-0.06444573,0.06868448,-0.9801047,0.24580675,0.8060085,1.1872088,0.28538185,-0.30904827,-0.014538646,-1.0425758,0.19207764,1.1176665,-0.41688251,0.22665048,0.22580718,-1.2662683,1.5205344,-0.1420305,1.2062427,-0.5600664,0.37521347,-0.119165935,0.5673134,-0.05586973,0.70057607,-0.9990826,-2.5835202,-0.6050722,0.120894484,0.46292636,0.03710283,0.074879654,0.10743904,-0.12875806,0.3158815,-0.9910224,-0.7504024,1.28025,0.8731434,0.102169536,1.7390057,-0.27003306,0.15667054,0.50619644,0.858196,0.6645852,-0.15414035,1.2999012,-0.7079864,0.8405676,0.97060543,0.573784,2.3251636,0.4821523,-1.4206177,-1.263852,0.94066507,-1.7279309,-0.26690927,0.53744465,-1.4327025,1.0051069,-1.2537211,-0.64954394,1.437574,0.8141072,0.14052062,-0.9458523,-1.161484,1.3813772,0.87973857,-0.80429363,-0.22749086,-0.50704867,0.028165042,-0.5641199,-0.739003,1.158786,0.57138103,0.46408883,1.0128709,-1.1846802,0.32705423,0.89437073,-0.39902553,0.09859077,0.5621068,-0.92349654,0.76868194,1.0137734,0.26910707,-0.7855351,0.274888,-0.497241,0.61764127,-0.12962496,0.5938857,0.6053956,-0.87150544,0.4506035,-0.033244062,0.19725923,0.65630305,1.6022769,-0.08991892,-1.7438799,-0.121902876,0.4364922,1.0862708,-0.4581912,0.04754981,0.56213266,1.0681822,-0.8933783,-0.19529499,-0.44952747,0.09077973,-0.14182228,0.35301328,0.13469383,0.5551996,-0.23299569,-0.40753666,-0.58657074,0.12851734,-0.34030315,-0.22671759,-0.89039254,-0.4592162,-0.86710066,-0.066824965,0.73087263,0.44360915,-0.38890743,-1.117057,-0.38242278,0.57351714,0.8318811,-1.9140261,0.030275738,-0.6328581,-0.7489352,0.11224025,0.46634436,-0.17036712,0.4134426,0.8506916,-1.4487758,0.4742547,0.1561226,0.8905414,1.828207,-0.08478296,1.421261,-0.5430226,-0.039093375,-0.7737033,1.2849606,0.97622865,-2.0964518,1.0021564,-0.6145467,-0.23902197,1.5517274,-0.98435277,-0.35045445,-0.96463364,0.2699692,-0.46938178,-0.8296871,2.7309542,-1.9660982,1.1383178,-2.2289069,-0.77628344,-0.26225707,-0.3796505,-0.97994995,-0.029575884,0.46297514,-0.18951257,0.76156354,-0.08028912,0.21687083,-0.04320067,0.2915372,1.4555831,-0.16814308,0.5056687,-0.9829516,-1.6086135,-0.22910888,0.6866959,-0.97681886,-1.2112092,-0.7097581,-0.347223,-0.038952675,-0.9607465,-0.19508882,1.1717001,-0.053052474,0.6817145,-0.9439144,-0.65083116,0.31138518,-1.276597,1.3776293,-0.2077929,1.3248174,-0.69263905,-0.74998546,0.29824767,-1.4976786,-0.34480485,-0.23322694,1.6404215,1.0729295,0.46328488,0.5263548,0.02515479,-0.74739885,-0.1692791,0.7976923,0.034606446,1.5966772,0.15118645,-0.24563676,1.1085968,0.22086541,0.55105144,-0.6514304,-0.16585518,1.4093423,-0.38837436,-0.7902198,-0.34075937,0.049239557,-0.057971854,0.36378896,0.7820289,0.107236624,0.012546192,0.9527333,0.5916696,-0.9306726,-0.8948491,-0.6220042,1.1408151,1.5760965,1.7183548,1.3944212,-0.22618699,-1.0054938,-1.554359,0.30152756,1.2828671,0.48847827,0.57867414,-1.6289773,0.044437844,0.7445872,0.24659485,-1.254507,-1.8821301,2.2114937,-0.040167063,0.525044,1.6137396,-1.1500828,-1.7546171,-0.64566225,0.79287964,-0.505713,-0.86202484,-1.0209718,0.62713265,-0.259589,1.3516847,0.85228246,0.53684634,-0.051989824,-0.6273932,0.7466872,-0.05132158,-0.68613863,-0.18542188,-0.3231298,0.6183451,-1.3145175,-0.5920196,0.092497736,-1.8916496,1.414227,-0.644052,-0.07771865,-0.060306523,0.20964219,-0.6309416,0.19226825,0.19545364,-1.0801249,-0.14732777,0.80312824,-1.6157717,-1.7297525,0.66949815,0.7337355,-0.63101614,0.32970574,0.5001786,-0.08258744,0.5295755,0.39920315,-0.5244974,0.310548,-0.3852161,0.027902791,-0.24840325,-1.6297401,-0.47781888,0.1223497,-1.1707028,-1.8523701,0.8577362,0.60851365,-1.0188459,-0.7105546,-0.039623346,-0.5766678,0.29351583,0.920378,-0.3086747,-0.23132177,-1.4106115,-0.2605225,-0.26935264,-0.027246019,-0.6042498,0.04826923,0.19365092,-0.17781393,0.38217178,1.9224766,-0.03460798,1.1838231,1.0513207,0.024847647,-0.39446196,0.2192231,-0.16524439,-0.6245251,0.8118281,-0.86704713,-0.9636631,1.2113196,-0.051354576,-0.7936105,-0.3474646,0.38902202,-0.21911602,-0.11594051,-0.47890672,0.73757434,1.0231546,1.3851067,1.6083933,-0.29001975,-0.4229864,-0.8868859,0.48713484,-1.2387738,-0.89426,0.28491092,0.49880663,1.974903,-0.7423492,0.54605925,0.5719599,-1.0995349,-1.2897531,0.43652186,0.60852116,-0.45738015,-0.24731807,0.2949393,-0.8239853,0.4095608,-1.4334434,-0.41757277,0.6690786,0.927926,-0.92145824,0.16165023,0.6780599,0.1703021,-0.73705405,0.41543496,0.93517464,1.8894458,0.2487343,-0.89429855,0.6979584,-0.41806972,-0.9783805,-0.33375314,-0.9283283,-1.041526,0.05580938,-0.35157886,0.18270522,0.21870808,-0.7285345,1.3404913,0.48474714,0.16097449,-0.10030369,-0.26159653,1.4673558,0.17121047,-0.83753735,1.2776555,0.7998302,-1.6804805,0.57446,-1.2051612,1.3839115,-0.5076445,0.99434596,1.4004582,0.22166722,-0.28386545,1.5082369,-0.18408036,-0.61185807,-0.3869499,0.6096025,-0.7682943,-0.08021345,-1.1984545,0.9041303,-1.0709355,-0.8495583,0.35640416,0.3492951,-0.3649439,-0.057348523,-0.13155797,0.06763166,0.73092586,-1.239807,0.6433279,1.9340607,-0.43391433,-1.2794479,0.57968646,0.036250085,-0.48366666,-0.2744182,2.3388636,0.43916225,0.94714373,-1.4249305,-1.2159939,0.848067,-0.3044027,-1.1221017,0.0010985682,-0.73331386,-0.08450836,0.41757226,-0.21217485,0.83050424,-1.0095402,0.46533442,1.0626574,-0.80254525,-0.29132333,0.3727965,-0.26953384,-1.3641424,-1.3333951,0.26477185,0.42487273,-0.553446,0.7747083,0.19522838,1.1262903,0.5964566,-0.32452187,-0.88930184,0.68356115,0.9065419,0.57898074,-0.9456385,-1.0306848,0.21275729,0.5699646,-0.42485535,0.95475525,0.5888826,-0.60024506,-1.8778433,1.0064484,-0.1081529,-0.13295461,1.1885465,0.2970099,-0.1945159,0.80566305,0.025666893,0.12219768,0.015990237,-0.9731698,0.04533268,0.18499781,-0.5577329,0.8254188,-0.20352621,-0.08449676,-0.3169383,0.7939737,-1.3762603,0.11381709,-0.16142918,0.32254586,0.7911635,0.41668677,-1.2455325,-0.29178366,-0.23368977,1.500442,0.6825406,-0.061657697,-0.80270785,-0.32388934,0.87397355,0.49795341,-0.09150534,-0.13533123,-0.06778138,-0.33620116,-0.67794806,-0.88351196,-1.257421,0.21939941,0.35717925,-0.35102236,1.9368839,-1.8386627,0.8494747,-0.091211565,-0.81020993,0.18721938,0.7935317,-0.5193466,2.3014793,1.0343162,0.14519341,-0.23136552,0.7676344,1.1103779,-0.58356273,-0.59318084,-0.9502166,1.1506058,1.7255384,0.6740629,-0.8614853,-0.39377478,0.3700868,-0.5936171,1.5163232,-0.6214974,-0.89166456,-0.46198133,-0.18461704,-0.95769334,-0.030013636,-0.03405323,0.28554085,-1.0828192,0.6621096,-0.5450154,-1.0874264,0.632296,-0.5674242,-0.25666642,-0.12452832,1.0834919,0.59363526,0.22040315,0.796248,-0.64830166,0.06924153,-0.8666857,-0.47350344,1.2145704,-1.2054461,0.5118906,0.6200743,1.1292502,1.6013948,0.17581123,-1.2163521,0.45104337,0.11572203,0.11305209,-0.6206985,-0.39800665,-0.6875033,0.44117442,0.33939075,0.1952825,-1.185599,-0.18037783,-0.20525087,-0.1746499,0.12978922,0.99640113,0.14798011,0.12853767,2.0425878,0.80471283,-0.18641357
ッ,-0.9134057,0.07101472,1.17548,0.48082656,-0.8636305,-0.5524043,-1.5370862,1.3288635,1.6686108,0.009487033,0.6537467,0.11737309,-1.1247036,1.9165407,-0.46652466,0.45259684,0.57431287,-1.3375841,0.60509336,0.52667123,0.00533514,0.89255476,0.31600222,-0.38466564,0.77051127,0.10978129,1.4981724,0.18102309,0.24173959,-1.0692985,0.11489022,-0.2621346,-1.0944669,-0.4083076,0.49761686,-0.93867797,-1.8656791,1.0498927,-0.034350812,-0.67981863,-0.6401411,0.52015233,0.5568849,-0.26604566,-0.8189322,-0.0052274438,1.659182,-1.0422093,1.2073196,-0.12785597,-1.2707225,-0.7757031,0.91642046,0.63402873,0.45043272,-0.85922927,1.3403764,1.1707518,0.18545921,-0.4482585,0.94398135,0.27999276,-0.8718335,-0.8943308,-0.43717918,0.3188986,-0.58099604,0.57064325,-0.21671252,0.11495197,-1.8625101,-1.6973598,-0.3326469,1.0117419,-1.710468,0.9794795,-0.1410527,-1.2468522,0.6101984,-0.40115196,0.68476635,-0.49314094,-0.8247898,1.4997929,-1.0759283,-1.4160734,0.09619675,-0.8568452,-0.84638214,-0.37140077,-0.551587,-1.3018185,-0.98850363,-1.039185,1.6973436,0.4935573,-1.14477,-1.6201128,-0.75593644,0.028123122,0.2179273,0.93152463,0.64585143,-0.82045364,-1.1100465,-0.8222192,-0.5780752,-0.47792086,-0.4827493,0.39710635,0.20249005,0.52481145,0.27830157,1.7654508,0.73840725,0.5827358,-1.5268359,-0.34405702,-0.6459177,0.45325598,1.0665836,0.26953945,-0.29267782,0.94414693,-0.11627412,0.42581248,0.37059537,-1.2429932,0.48933458,0.6374341,0.3949559,-0.065063514,2.3864498,0.69746417,-0.7769085,-0.45532712,-0.254105,0.02637812,1.0922235,-1.0241046,-0.49111643,0.7853876,0.10880885,-0.2862402,0.83553076,-1.0699775,-0.3643573,0.46799573,1.5152214,0.34015697,-0.3399987,-0.043298494,-1.034574,0.12273631,1.1220641,-0.16029878,-0.34391806,0.5829849,-1.090031,0.90783536,-1.0218647,1.5522764,-1.1866233,0.7570988,-0.23276584,0.5708444,-0.5920598,0.6163479,-0.9853455,-2.1838055,-0.2668633,-0.2564041,0.6576868,-0.45102525,0.13904858,0.25561553,0.34557214,0.6364757,-1.4481393,-0.3287683,1.212066,1.1054077,0.0469711,1.0950223,-0.43910068,0.45247358,0.5020531,0.93724716,0.5864175,-0.06536758,1.7244667,-0.3825136,0.9352447,0.84239185,0.24532914,2.6307786,0.69695866,-1.2074841,-1.6372133,1.9188206,-2.4654133,-0.77752405,0.65732634,-1.4537555,0.73729694,-1.2979625,-0.641552,1.435017,0.80099344,-0.5667759,-1.2618328,-0.99397886,0.6107208,1.01123,-0.5693072,-0.03009227,-1.0858033,-0.20726955,-0.3008847,-0.19748044,1.0313032,0.4927458,0.37675852,1.2601639,-0.5663615,0.92807424,0.17166987,-0.51044863,0.010634124,0.9327275,-0.5406847,0.66451347,0.7739655,0.22346382,-0.42901486,0.5474156,-0.35882235,0.210569,-0.23397326,1.3028718,0.8070537,-0.6036325,0.59410554,-0.25989804,0.44048476,0.97360146,1.2977421,0.07588489,-1.75354,0.066898234,0.35955274,1.5350288,-0.032179017,0.8394176,-0.5940498,1.2589741,-0.13044575,0.29670113,-0.7246006,-0.34861368,-0.67683053,0.41198292,0.60945886,-0.3488043,0.24849014,-0.4419802,-0.607329,0.19564334,-0.103547536,-0.6063483,-1.2129167,-0.26599354,-0.42707682,0.036479004,1.1334978,0.50017416,-0.8401664,-0.9895158,-0.70533097,1.2608302,0.22370014,-1.6639855,0.37345392,-0.010247874,-0.7944533,0.026234906,0.5014415,-0.11985097,-0.019607555,0.42755738,-1.4243147,0.7171339,0.38314158,0.85869104,2.09258,0.05839174,0.82829016,-0.60026526,-0.25867584,-0.42156714,0.91920793,0.94605637,-2.1456409,1.2468507,-1.1170623,-1.2076281,1.2209213,-1.3023748,-0.59250367,-1.6249621,-0.14404237,-0.4921959,-1.3714887,2.165498,-2.5897682,1.6170715,-1.7510526,-0.7402648,-1.4284111,-0.81719005,-1.2453393,0.14632924,0.06974192,0.17825742,0.44851,-0.22640319,0.48261625,0.2550605,-0.08651018,1.7246326,-0.034641165,0.19900897,-0.84357846,-0.97331923,-0.7071944,0.8346731,-1.1844865,-0.7271231,-0.7811645,0.17227766,-0.4397443,-0.5237501,-0.8951212,1.2523733,-0.003978722,0.7251162,-1.0255004,-0.56055665,0.058863502,-0.59124154,0.84590834,-0.35343716,1.4601527,-1.1063589,-0.85601205,0.408132,-1.2552909,-0.023896862,-0.2970619,1.6763157,0.70895636,0.62850934,0.19750294,0.5821976,0.3507716,-0.683368,1.5289235,-0.4169406,2.022182,-0.2326593,-0.5670821,1.0491228,-0.34618026,0.9079865,-0.3993255,-0.4289624,1.5735154,-0.13227549,-0.93396205,0.02115655,-0.29788545,-0.38137984,0.34339926,0.36401013,0.27324092,-0.07794857,0.062322248,0.48250467,-0.25071612,-1.148376,-0.4747738,0.90937245,1.2554166,1.2048771,0.9169775,0.14006904,-0.39285305,-1.9118961,0.61064726,1.0172814,0.76166415,0.6387924,-1.8589016,0.20434234,0.6822342,0.23739152,-2.0297384,-2.1428242,2.0308557,0.09750067,0.34306335,1.0996946,-1.366441,-2.036888,-0.14719245,-0.11731787,-0.5978169,-0.44419402,-0.9460155,0.24217692,0.54124904,1.3446181,1.2081888,0.38155517,-0.5801178,-1.2287934,0.42763186,-0.24918218,-0.6091831,0.25616202,-0.38375372,0.7080714,-1.1605495,-0.95065176,0.7198328,-2.2118967,1.4499693,-0.7065221,0.49395353,0.042222112,0.29230517,-1.0005916,-0.16679017,0.49118137,-0.89243525,-0.5228555,0.69740856,-1.5783265,-1.4700177,0.73869175,0.90286714,-0.3717677,0.45904174,0.2727408,0.4447554,1.1868618,-0.086056516,-0.3412947,-0.09452886,-0.059028428,-0.24254327,-0.2965217,-1.1937279,-0.28892773,0.62782496,-1.0504285,-1.387412,0.8083267,0.010400373,-1.6913792,-0.66186684,-0.38636172,-0.10610714,0.7347256,0.7811286,-0.21276364,-0.59525937,-1.2670972,-0.34029227,-0.2532876,0.020121794,-0.049758494,0.39971215,0.4766726,-0.70298606,0.5057174,1.6017576,0.081758805,2.0295079,1.663903,0.20666763,0.16332087,0.34610623,-0.32097366,-0.578483,0.66253024,-0.5571457,-0.62726367,1.4247487,0.27718484,-0.8233801,0.016173568,0.70273244,0.13408504,-0.54004884,-0.04226709,0.43594408,1.554991,1.4303982,2.0257576,-0.03198572,-0.24461202,-0.42175007,0.5742852,-1.5960443,-0.9685484,-0.39930588,0.31073898,2.214804,-1.1657661,0.2502662,0.69488853,-0.61065274,-1.2494395,0.21519439,0.99718237,-0.1344392,-0.41089535,0.03698807,-1.5764645,0.14106087,-2.2258277,-0.0570952,0.819293,1.4439993,-0.25261265,0.1147518,0.81969404,0.10635547,-1.037776,0.054543756,1.0227156,1.857214,-0.021468436,-1.1489366,0.35146847,-0.24644847,-1.5055392,-0.019356595,-1.511859,-1.1260891,-0.5544124,-0.80241996,-0.5029689,-0.21771857,-0.4515067,1.3671414,0.4939207,-0.07017985,0.90623057,-0.95531255,1.0112622,0.17561285,-0.5313048,1.9536718,0.29667863,-1.3489252,1.1963627,-1.1230547,1.2217953,-0.35262603,0.9319051,1.5278195,0.297087,-0.37911388,1.5003097,-0.82930243,-0.45149478,-1.0466932,0.93170893,-0.69535434,0.5085882,-1.7327207,1.2945548,-2.131387,-0.90685177,0.23636505,0.34166154,-0.20846522,0.16287783,-0.040112,0.5815333,-0.2769419,-1.0468217,0.40526524,1.7563127,-0.2474097,-0.6839978,0.58123136,0.6239645,-0.03997661,0.08523692,2.4012132,0.5790865,0.4891336,-1.1221212,-1.320369,0.5128104,-0.090387516,-1.579267,-0.30613178,-0.3858561,0.2032369,0.08265178,-0.38235313,0.93722135,-0.70326084,0.74058485,0.74480444,-1.0127861,0.028137172,0.004848987,-0.43744898,-1.0589955,-1.733873,0.49223408,0.899259,-0.88457537,1.0030191,1.0213101,1.2902104,0.089976326,-0.6981603,-0.6246868,0.91727,0.37454873,0.5154349,-1.19778,-0.6590643,0.27829075,1.252013,-0.32309046,0.5019734,0.4561653,-0.05981927,-1.8735695,1.3513228,-0.5396653,0.034560762,1.0858676,-0.19835861,-0.32693845,1.052707,0.013003874,0.19797942,0.08527779,-0.7699215,-0.07792852,-0.18135421,-1.0936207,0.52467436,-0.41568595,1.1725832,-0.76404506,0.1741143,-1.8158913,0.86491585,0.16775455,0.18609452,0.6667946,0.49245018,-1.1002872,-0.45163265,0.098109365,1.2171118,1.1288639,0.03805948,-0.5323626,-0.5818472,1.2067974,0.8363177,-0.18511416,0.036655743,0.31622556,-0.46424842,-0.5600976,-0.78579557,-0.5595034,0.28688884,-0.01487329,-0.9039706,0.97767276,-1.4360338,1.0967777,0.16315761,-1.7627615,0.471104,0.60080624,-0.7863335,2.4418197,0.8688544,-0.37047294,-0.26015767,0.9456622,1.1183715,-0.90169156,-0.15521935,-0.9173995,0.53671354,1.8483261,0.7032508,-1.3339529,-0.14071159,0.4524544,-0.9183901,1.7059593,-0.20459428,-0.78415483,-1.228891,-0.6943366,-1.4941752,-0.44543362,-0.016814472,0.30604905,-1.259484,0.8743099,-0.3592345,-1.2241228,0.5699574,-0.75367033,0.099078014,-0.72177744,0.82840425,0.88130873,0.3489122,0.08427141,-0.752847,0.10236082,-0.8275321,-0.6496427,0.26733685,-0.79502946,0.64228696,0.49059716,1.0907542,2.078902,0.40931782,-1.0250194,0.25371128,0.040120818,0.56261307,-0.4457894,-0.98117924,-0.30077657,0.18910727,0.3865034,1.3340313,-1.2581733,-0.562381,-0.11198995,-0.5736841,-0.008974517,0.815199,0.25248832,0.44117498,1.7432947,1.6171621,-0.033419747
タ,-0.51934904,-0.16101806,0.7132035,0.75211614,-1.1942445,-0.6071382,-1.5094222,0.72501093,1.3885946,0.26268914,0.5904462,-0.69667536,-1.3731905,2.1397555,-0.99253035,0.24400084,1.0942745,-0.94105035,0.35569048,-0.23089528,0.38293126,0.98591304,0.28759444,-0.4801487,0.60173494,0.508805,1.1789185,-0.03985245,-0.46838033,-1.1464927,-0.15154003,0.02348884,-0.8445359,-0.67521673,0.13527499,-1.1036,-1.5209413,0.78943855,-0.12590478,-0.51554453,-0.35722867,1.0224575,-0.33536372,-0.038609102,-0.6130006,-0.28173977,2.1207016,-0.6752291,1.313676,-0.17532426,-0.8134325,-0.46180525,0.5292271,0.6190906,0.80265373,-0.40774965,1.2568251,0.8462817,0.3883257,-0.5237898,0.45426154,0.25341165,-0.615921,-0.1441697,0.059547573,0.6887863,-0.40157852,-0.042134177,0.012311418,0.050716337,-2.5905583,-1.5672795,-0.37477973,1.3943495,-1.5014486,0.6559461,-0.18129523,-0.9250875,0.2555599,-0.010835499,0.15108128,-0.40203294,-1.0055062,0.96404546,-1.2850932,-1.3903675,-0.1607143,-0.22908026,-1.1470901,-0.15108599,-0.22481088,-1.6078362,-1.5249697,-1.4732865,1.4417796,0.7018008,-1.2128054,-1.2372063,-1.1779852,-0.26092312,-0.075767614,1.377894,1.0630361,-0.056756932,-1.2388382,-0.4459051,-0.28988588,-0.46422613,-0.29559675,0.7686109,-0.032420073,0.39090398,0.53354496,1.9018846,0.18834071,0.6044256,-1.1188482,-0.65051824,-0.6360622,0.15307908,1.6336962,0.87941575,-0.28938302,0.85253096,0.031844165,0.83170986,0.6250358,-1.1891836,0.9052972,0.28146887,0.8697794,-0.3266728,2.1811838,0.50754493,-0.56705517,-0.3962289,-0.29993287,-0.051885303,0.41066897,-0.97116405,-0.8482721,0.5826159,-0.36829743,-0.31632158,0.39432994,-0.9276189,-0.3308943,0.766072,1.295285,0.29385117,-0.33552918,-0.17830034,-1.4384819,-0.08582846,0.8689936,-0.89433074,-0.22750317,0.24470651,-1.430925,1.2519885,-0.21887815,1.1505367,-0.94512796,0.42811695,0.036200188,0.32106343,-0.9356455,0.4463968,-0.6107289,-2.446365,-0.43897668,-0.22278915,1.007162,-0.07027149,0.27278915,-0.15388134,0.4749001,0.30540583,-1.3715577,-0.2950772,0.87883425,0.8990604,-0.12683262,1.3825928,-0.49066964,0.07136669,0.71998686,0.76295954,0.71530515,0.2413006,1.2053095,-0.7025063,1.057963,1.3690857,1.0849575,2.6555398,0.6383365,-1.0436332,-1.1376384,0.5625038,-2.2078173,-0.26440188,0.946944,-0.95606226,1.3532833,-1.290929,-0.74371034,1.5405799,0.49904355,-0.09662608,-1.3659233,-1.1394957,0.98775214,0.74773234,-0.3947818,-0.2682495,-0.5924712,0.13454215,-0.6134212,-0.810229,0.88975316,0.5937165,0.31023106,1.3470811,-0.849426,0.4939226,0.3069979,0.60786736,0.6519837,0.6477688,-1.1002053,0.34697,0.77358556,0.34337345,-0.61966544,0.5546679,-0.9439865,0.4731798,-0.22822241,1.2539201,0.7074104,-0.57348603,0.49128985,-0.51917607,0.37480295,0.41122064,1.4354337,0.031741396,-1.5551986,-0.20673744,0.29053503,1.1433486,0.0324602,0.086232536,-0.18777452,0.8172464,-0.2649077,-0.0828855,-0.2637659,-0.5034894,-0.3608601,0.7270829,0.15953037,0.29408965,0.29889086,-1.0316544,-0.6442062,0.19284318,0.06371244,-0.81185144,-0.9847911,-0.14180934,-0.79948115,0.42171875,0.47609308,0.3106585,-0.31485584,-0.9670722,-0.20742397,0.95812887,1.0404564,-1.349872,-0.46124446,0.39381003,-0.45833302,0.6376578,0.22642474,0.042042702,0.040508106,0.3778367,-1.2688065,1.2635485,-0.19004075,0.35167947,1.7599467,-0.06851273,1.0060512,-0.6990185,0.052891314,-0.53805953,0.6584985,0.63179606,-1.5893787,1.3616009,-0.8589069,-0.56955343,1.1609398,-1.112928,-0.72559,-0.64497024,0.17413616,-0.1955638,-1.2965258,1.6902161,-2.515035,1.4088935,-1.7866884,-0.8143375,-1.0314118,-0.63399726,-1.3039485,-0.16459756,0.4168049,0.104105584,0.56903684,0.33849797,0.2835035,0.07105934,0.25204754,1.2393699,-0.24950135,0.90572244,-0.5407219,-1.3617898,-0.32046753,0.6992901,-0.8760853,-1.27013,-1.4564098,-0.48236158,-0.20386845,-0.40159762,-0.37504223,1.0796055,0.09899015,0.3224207,-1.1262263,-0.65571004,0.06482575,-0.6148372,1.0073196,-0.21495213,1.7434855,-0.9939459,-0.427369,0.5910626,-1.5336217,0.032917827,-0.15900753,1.717598,0.6963413,0.4877771,0.48170695,0.062499974,-0.21371438,-0.60465115,1.1104699,0.38669026,1.9151173,-0.013827376,-0.32647666,1.2658042,0.07902037,0.53620046,0.036320698,-0.30192533,2.0308094,-0.08938768,-0.75756246,0.09607612,-0.063352525,-0.08821436,0.4573355,0.68091774,0.42065394,-0.37929603,0.73016745,1.1183046,-0.67621565,-1.2786729,-0.58090335,0.6529311,1.0831804,1.107114,1.2456063,-0.37651357,-0.84368545,-1.771263,0.51969343,1.0841321,0.8979295,0.37859356,-2.2110739,0.4349155,0.28310478,0.39290097,-1.739837,-2.2948024,1.6366659,0.2575359,0.41639188,1.433699,-0.6680972,-1.5003723,-0.53270835,-0.16904812,0.032942846,-1.061814,-0.9539929,0.35460863,-0.43397936,0.92414117,0.6010882,0.9579189,0.08191509,-0.60833865,0.36880097,0.0144246025,-0.46642342,0.309957,-0.53617483,0.6646274,-1.0779225,-0.45282614,0.40933216,-1.8216444,1.4198265,-0.40352187,-0.29941088,-0.17494678,0.14057438,-1.0916123,-0.32740572,-0.1533051,-1.4330488,-0.43357053,0.6243933,-1.2065133,-1.3400415,0.8652625,1.0544361,-0.6610392,0.31221047,0.29174083,-0.5586555,1.1565961,-0.2601571,-0.0080599785,0.23022743,-0.36591968,-0.13197799,-0.24536444,-0.7330966,-0.48177385,0.4660803,-1.4059596,-1.663899,1.3390956,0.5094585,-1.5252123,-0.74218935,0.08286238,-0.48052016,0.9650202,0.94234633,-0.30142468,-0.51471174,-0.9528927,-0.064919755,-0.09475944,-0.06617667,-0.3224119,-0.14350615,0.14292206,-0.5326228,0.22781433,1.4205847,0.09477446,1.557383,1.2595018,0.11584715,-0.75108415,0.7390561,-0.15894713,-0.15906985,0.55869323,-0.9050729,-0.60267466,1.3063608,-0.32595095,-1.0862068,-0.07154548,1.2779807,-0.30825695,-0.50675184,0.120473586,0.54038054,1.3800555,1.4761634,2.1802266,-0.47789383,-0.17624639,-0.5120329,0.5219565,-1.406898,-0.95059735,0.06358072,0.6006541,2.183126,-0.385211,0.08148963,0.8003326,-0.84864885,-0.73570305,0.22735067,0.4504094,-0.4096677,-0.6917929,0.28407162,-1.5021054,0.24369235,-1.2506961,0.0144494,0.6279449,1.1290802,-0.58150464,0.24184255,0.5080155,0.28513464,-0.96544963,0.05797386,0.7473216,1.7932693,0.103920996,-0.68586254,0.08994731,-0.0636381,-1.5828342,-0.20403206,-1.0952996,-0.79039985,-0.0850827,-0.29108444,-0.16558897,-0.4281021,-0.2339497,1.5209736,0.15334313,-0.45117477,-0.019027451,-0.96422434,1.4445564,0.08064114,-0.37860918,1.1705204,0.7022941,-1.4667491,0.84313446,-1.4263567,1.3089966,-0.6288998,0.91371983,1.1543226,0.34341905,-0.3675431,0.93322515,-0.8817032,-0.27943408,-0.40148726,0.66944796,-0.64015377,0.067607254,-1.7938448,1.256812,-1.9554577,-0.6114356,0.29052195,0.78540397,-0.3143536,0.20739149,-0.26308587,0.39262655,-0.04284938,-0.77769136,0.9856291,1.8899401,-0.30942675,-1.3384925,0.974541,0.5179028,-0.6844022,-0.2496695,2.411254,0.43292078,0.93514276,-1.2035047,-0.9312739,0.18594593,-0.5849654,-1.051943,-0.29839244,-0.6012187,-0.22648151,0.23287374,-0.2660512,1.0617647,-1.3184109,0.0260847,0.53104264,-0.8882284,-0.20231432,-0.058591772,-0.7652528,-0.88409716,-1.3336377,0.2428769,0.8106232,-1.0333545,0.6137777,0.6292092,1.4591769,0.9042089,-0.28197497,-0.70383835,1.065332,0.9363933,0.12652777,-1.227051,-1.0056757,0.5473965,1.5133134,-0.64562994,0.42310658,0.2261598,-0.22817011,-1.7115399,1.0932763,0.25841546,-0.10824873,1.3566293,0.40819207,-0.071451984,0.6990405,-0.11689949,0.46126568,-0.30260536,-0.5837957,-0.37276426,-0.15405656,-0.6958793,0.43355072,-0.5143172,0.69789547,-0.6292344,0.23723622,-1.6241668,0.5013771,-0.08750024,0.37034678,0.67828625,0.044675633,-1.309188,-0.41514134,-0.16157955,1.3156964,0.87556386,-0.049473222,-0.5308065,-0.30657142,1.0269954,0.7637274,-0.09991819,0.4170467,0.2050274,-0.036892284,-0.2794576,-0.9548405,-0.6244985,-0.2310636,0.20589875,-1.0337967,1.2283436,-1.4005632,0.76070786,0.111664526,-1.2284545,-0.10075315,0.19167292,-0.6491812,1.7608804,1.1837372,0.01892624,-0.19501281,0.9294991,0.9364529,-0.74481803,-0.07958459,-0.9303176,0.7670327,1.7119656,0.41746935,-1.3360128,-0.21518631,0.36245394,-0.5496652,1.5794902,0.10001872,-0.4890181,-1.0715097,-0.23980784,-1.4766651,-0.49653485,-0.6096105,0.06752039,-1.323845,0.74227977,-0.34647164,-1.1870488,0.61090136,-0.54534745,0.04094481,-0.5028679,1.6404177,0.89939183,1.0466976,0.20976241,-0.705314,0.30334777,-0.9370386,-0.27385673,1.0197033,-0.5218478,0.95956683,0.43367627,1.0446762,1.5801417,0.25150722,-0.7819517,0.35991326,-0.1780039,0.334307,-0.49497572,-1.0918013,-0.5742837,0.07242426,0.57271177,0.9642733,-1.5856324,-0.12770471,0.18917806,0.35972473,-0.038459957,0.36104926,0.5596263,0.24140553,2.1854599,1.0555011,-0.2987866
ガ,-0.8446421,-0.11793748,1.0716797,1.2152913,-1.0670485,-0.37036806,-1.177892,0.7052564,0.995158,0.006525118,0.4905726,-0.09489036,-1.3731728,2.0169058,-0.812611,0.18923602,0.94629264,-0.8038253,0.34016278,0.18775105,0.7500577,0.44948378,0.64954364,-1.052834,0.26477742,0.6028905,1.0324099,-0.59997296,-0.33542675,-0.83410764,0.38688588,-0.5166602,-0.76350844,-1.0896572,0.24437329,-1.4735037,-1.3073566,1.0278193,0.29582316,-0.78586227,-0.9948461,0.71821594,0.22298396,-0.6495295,-0.4119544,0.16379637,1.8842497,-0.36067244,1.2625747,-0.2698413,-0.25403014,-0.8011922,0.78017247,1.0048742,0.6987877,-0.06352151,0.79189074,0.999598,-0.19770625,-0.5123565,0.54082584,0.7600811,-0.6776747,-0.03076204,0.39398023,0.63729674,-0.15528984,-0.15134498,-0.53448457,-0.2544739,-2.9523885,-1.2797599,-0.4002453,0.906607,-1.6241326,0.7214204,0.00015631504,-0.56022036,0.025265614,-0.16981491,-0.12057944,-0.253829,-0.73912406,0.96009797,-0.75415206,-0.6437052,-0.45425764,-0.37821752,-0.8795881,-0.1772784,0.0124702975,-1.4959322,-1.553852,-1.2897236,0.89628935,-0.13082224,-1.0572557,-0.92116046,-1.3379645,0.06592086,0.17867473,1.0871472,0.03678046,-0.33586985,-1.2002207,0.13138781,-0.56411034,-0.08765812,-0.28059238,0.8457938,-0.30057502,0.28323352,0.5102552,1.3427051,1.033684,0.9818861,-0.5651853,-0.8780431,-0.57450974,0.35263994,1.3887118,0.49807128,-0.5385707,0.91893035,0.2680419,0.966976,0.21702147,-0.7476769,0.644427,-0.2025827,0.45110732,-0.48748693,1.8094387,0.7139263,-0.5813738,-0.60079384,-0.28217286,0.304455,0.016661128,-0.69014215,-0.5857551,0.10108843,-0.49001664,-0.049205348,0.6011967,-1.1105375,0.016903073,1.3741367,1.0065081,0.35362384,0.11530636,-0.24591549,-1.1528195,0.32021078,1.027146,-0.65965873,-0.17384803,0.38668913,-1.4406664,1.2853194,-0.07970663,1.2787709,-1.1311028,0.82901484,0.06912873,0.34089202,-0.861068,0.6410983,-0.6792624,-2.0112398,-0.18079227,-0.32503253,0.45595205,0.00021526217,0.24333984,-0.33706516,0.7312893,0.04242503,-1.2104061,-0.46967116,1.1071931,1.0905471,0.11949237,1.5706786,0.1013578,0.8056583,0.7107006,0.7422692,0.29494932,0.07928744,1.1510422,-0.71803784,0.802932,1.074624,0.94916314,3.0675933,0.605349,-1.2713695,-1.0876645,0.5904515,-1.944172,-0.63517,0.45271719,-0.91739863,1.2535796,-1.312789,-0.9494194,1.5036931,0.37299794,-0.16545683,-1.2873933,-0.996248,0.81627345,1.0693067,-0.82901525,-0.19645467,-0.8245376,0.4252237,-0.28828663,-0.53192306,0.7144907,0.47237292,0.52513045,1.4956808,-0.9519862,0.49216205,0.1746829,0.70067716,0.49651933,0.5147097,-1.1831142,0.2970898,0.67866796,-0.012677364,-0.4973526,0.30178234,-0.3901345,0.34265813,-0.3331589,0.8236239,0.2672841,-0.5528918,0.026850013,-0.0261162,0.4905451,0.6328133,1.573663,-0.105121,-1.3828423,-0.1139244,0.51501334,1.3477747,0.41736776,0.24359441,0.47648734,1.1134188,-0.65105575,-0.050467823,-0.82934356,-0.3929666,-0.26182786,1.0658334,-0.17662498,0.6511481,0.1885194,-1.0400202,-0.72196805,0.31180885,0.08013058,-0.70187736,-1.0962713,-0.6148132,-0.847866,0.01702436,0.08107749,-0.100561716,-0.4235654,-0.753538,-0.6384542,0.49388546,0.8501021,-1.4773588,-0.464087,-0.042094648,-0.65802956,0.24464284,0.13462016,-0.025033347,0.29749992,0.74566233,-1.1107826,0.8129659,0.27091563,0.8954263,1.2858207,0.23020029,1.272944,-0.5309697,-0.123125896,-0.70478565,0.48262337,0.482621,-1.6752969,0.9299047,-0.633614,-1.0928494,1.1787684,-1.0024891,-0.51731026,-0.5208932,0.30858955,-0.3348567,-0.8267909,2.2808478,-2.2051525,1.42126,-1.7659311,-0.25562292,-1.282305,-0.5710033,-1.2472754,0.4920867,0.5002334,-0.1384362,1.197439,0.19454524,0.047672346,0.20346849,0.8534271,1.0357456,-0.21262862,0.33841604,-0.67961234,-1.4576389,-0.076060586,0.58990073,-0.9837241,-1.2862161,-1.0813432,-0.30914286,0.25218502,-0.40788257,-0.13385877,1.1143559,0.1898881,0.9716875,-0.66726255,-0.03557487,-0.20831257,-0.62941796,1.2278835,-0.30027404,1.5659118,-1.0424516,-0.7483381,0.5416772,-2.2154179,0.06626258,-0.25667235,1.7000718,0.55991197,0.4340584,0.14036176,0.13311067,-0.43679115,-0.35217145,0.9347595,0.60552704,2.0388644,0.13768262,-0.34927365,1.1653718,0.49711016,0.83646035,-0.807491,-0.015334848,1.5704418,-0.23574871,-0.7029476,0.111518145,-0.08312485,-0.23494938,0.02240324,0.5427664,0.16658099,-0.21781883,0.8377728,0.77601266,-0.7987156,-1.0336363,-0.7124684,0.50669265,1.0053406,1.1846594,1.3909006,-0.3234365,-0.6403005,-1.7817189,0.40236562,0.96679914,0.49368286,0.57233137,-1.6575832,0.30957153,0.72663814,0.13236275,-1.679384,-2.1710527,1.409827,0.44434038,0.32797098,1.525191,-0.5731014,-1.5388255,-0.5166093,0.31318587,-0.011942305,-0.836691,-0.9607703,0.9157573,-0.59429693,1.2800826,0.7479703,0.49928647,0.12720568,-0.31292102,0.6076007,0.16939542,-0.56703496,-0.46977964,-0.17992975,0.4267379,-1.2211323,-0.50805926,0.36998987,-1.6030656,0.8700181,-0.75912577,-0.6527943,-0.3414082,0.13055193,-1.0100653,-0.24930978,0.027860085,-1.3576281,-0.6546992,0.19959617,-1.1868865,-1.2316345,0.68140024,1.6099346,-0.7935959,0.3157106,0.41513336,-0.37401056,0.48967242,-0.03315653,0.025528153,0.080427706,-0.64441174,-0.31231612,-0.2368931,-0.9436245,-0.72150683,0.20098522,-1.5732529,-1.1234214,1.0180955,0.57987314,-1.4261025,-0.88077295,-0.1421902,-0.4836467,0.38662496,0.7344791,0.010547834,-0.3331597,-0.75900906,-0.1437416,0.03181135,0.0976908,-0.12963124,0.04836001,0.45552945,-0.27386874,0.0011128336,1.5378538,-0.17955534,0.892359,1.0837616,0.45097634,-0.78403616,0.5698369,-0.10724072,-0.19205563,0.79606736,-1.4982446,-0.40817967,1.0248357,-0.029488072,-0.6990925,-0.53886807,0.28500316,-0.26331842,0.08716885,0.32230058,1.1296271,1.140851,1.2328154,1.5641488,-0.528627,-0.7870494,-0.8377571,0.38268772,-1.4124725,-0.8406094,0.0043713935,0.6786038,2.155325,-0.87845874,0.2060791,0.98410356,-0.7898773,-0.27057838,0.77507675,0.28726506,-0.6542045,-0.38244376,0.24299629,-0.9179797,0.020284157,-1.583221,0.026823446,0.40278685,1.081945,-0.5602466,-0.18007769,0.91903377,0.17594323,-1.0060116,-0.030141799,1.1080652,1.6320157,0.11974988,-0.83845,0.46630782,-0.17701873,-1.3341362,0.09464752,-1.0516882,-0.46422574,0.21424459,-0.77973294,-0.3341893,-0.17156687,-0.721608,1.6767471,0.15402383,-0.030492522,0.58409923,-0.816358,1.2711629,-0.5459248,-0.4379697,1.177273,1.1344124,-1.5370415,0.4300259,-1.2558167,1.0679611,-0.60724056,0.45306787,1.264751,0.82051414,-0.16244908,1.3207382,-0.6245096,-0.27865493,-0.6589558,0.9441091,-0.58707297,0.21585357,-2.097184,1.074842,-1.1853374,-1.3368143,0.4083599,0.58687127,-0.41165012,0.42588234,-0.3257831,0.008196302,0.3580926,-0.9320778,0.6102812,1.6685816,-0.3642546,-0.9921572,0.82273066,0.5565685,-0.44481808,-0.31308904,2.547728,0.4892226,1.4354031,-1.0659353,-0.88299054,0.39339584,-0.023391673,-0.86194396,-0.3638013,-0.8024161,-0.49528122,0.36720195,-0.42116055,1.385242,-1.2343476,0.081317455,0.67296237,-1.0634234,0.031576194,0.3056611,-0.45458013,-1.2004339,-1.3679967,0.6329623,0.74928117,-0.49801555,0.36512792,0.8365133,1.6785117,0.18684861,-0.46054098,-0.8029727,0.41774398,0.5170077,0.79701483,-1.0584185,-1.2954876,0.59321797,1.2661722,-0.8424117,0.96840245,-0.17235774,-0.4131668,-1.8288347,1.1423194,0.10464149,-0.008434594,1.2956423,0.64633477,-0.09136154,0.82023484,-0.481641,0.2732215,-0.1969179,-0.8258557,-0.09853672,0.18709041,-0.7285262,0.21872725,-0.6769898,0.12522326,-0.35752326,0.7899118,-1.0241379,0.29180855,-0.2404851,0.48225775,0.5244194,-0.019021168,-0.9609015,-0.56169134,-0.10187649,1.275715,0.97878146,-0.32992828,-1.1863191,-0.35998687,0.7162404,0.70124614,0.14293657,0.41919398,0.67570657,-0.56851363,-0.15526637,-1.224323,-0.75784576,0.15432657,0.6582471,-0.7046213,1.4227746,-1.5360342,0.852242,-0.09949641,-0.99504274,0.30380055,0.06858557,-0.6053099,1.9025183,0.67025596,-0.15017843,-0.22449738,0.73371786,1.2492006,0.06388124,-0.50844324,-1.3097446,0.8784266,1.4554207,0.31173396,-1.142779,-0.49385428,-0.08110789,-0.28007483,1.6768599,-0.22327843,-0.9958489,-0.83919,-0.072826765,-1.0080423,-0.2956274,-0.46447545,0.15741184,-1.080708,0.24138665,-0.36560738,-0.8004401,0.64907384,-0.7356316,0.12525156,-0.4245044,1.3374572,0.7954762,0.2855175,0.31684417,-0.59282464,0.0035088733,-0.78429013,-0.7727128,0.6499335,-0.8237783,0.6333589,0.4756585,0.8190138,1.3055649,0.22723857,-0.619007,0.30957717,0.18410094,0.0947822,0.07718856,-0.6224741,-0.6732807,0.08231828,0.12454598,0.88677037,-1.1939268,-0.084586814,-0.3007463,0.046414673,0.25267938,1.2432387,0.12821653,0.1492165,1.724288,1.1493133,-0.50550807
、,-0.26654512,0.3010872,1.094145,0.37271088,-0.97344524,-0.14810853,-1.3249788,1.1395586,1.1781235,0.7193304,0.77616334,-0.6384191,-1.471467,2.6378763,-0.6248425,0.123855755,0.9369424,-1.1568177,0.83180475,0.11949837,0.5337018,0.7485092,0.2000263,-1.1623288,0.87672806,0.21197398,0.9233774,-0.20527785,0.04210574,-1.5370693,0.49705815,-0.46838576,-1.3302782,0.026560003,-0.079050705,-0.914389,-1.956507,0.8909252,-0.24692723,-0.93506986,-0.7710086,0.7635564,0.5753315,-0.6038578,-0.51211053,-0.11985041,1.5553976,-0.9823266,1.5121381,-0.27981535,-1.1126167,-0.4727191,0.4635992,0.7876069,0.65407217,-0.33335343,1.4560505,0.7025815,-0.08309883,-0.3546895,0.2223266,0.012927023,-0.6894651,-0.67984563,-0.316118,0.043960474,-0.3544232,0.24448481,0.2842211,0.38551062,-2.4629664,-2.0275955,-0.18305299,1.2523991,-1.7969875,0.6982446,-0.0062541454,-1.0729041,0.49093756,-1.0326543,0.107755266,-0.8872754,-0.85971344,1.2020526,-0.9643048,-1.5786897,-0.088506415,-0.82337666,-1.1159949,-0.3192994,-0.8448353,-1.9503946,-0.90116024,-1.4105898,1.9076779,0.52449614,-1.0330262,-1.6903273,-1.4828339,0.10966911,0.34333748,1.4443426,0.52762014,-1.0048052,-0.5624882,-0.4133069,-0.4333589,-0.30267245,-0.3884783,0.5015194,0.14855796,0.36657387,0.47483116,1.6806583,0.54049706,0.5029942,-1.7109789,-0.2999764,-0.54155815,0.5215277,1.1738579,0.78411734,-0.40976828,0.7672542,-0.45761436,0.42706877,-0.017422006,-0.75360215,0.2680535,0.86029166,0.5211243,0.18700922,2.6949167,1.0619434,-0.35552186,-1.038775,0.42749652,0.19345798,0.9579476,-1.0275087,-0.34967038,0.6973261,0.026356941,0.0017768263,0.83190024,-0.79016197,0.17907059,0.66664064,1.4547055,0.17418796,-0.36940736,-0.30356413,-1.4585451,0.16731231,1.1478045,-0.06834565,-0.18178432,0.5734459,-1.2013472,1.1004189,-1.4001732,1.1550176,-1.112234,0.97119695,-0.3246645,0.46646628,-0.6853791,0.8337485,-1.0765562,-2.3923202,-0.5665421,-0.20408721,0.67664254,-0.035843417,0.6775881,0.03134979,0.06896126,0.62309384,-1.4219435,-0.39736786,1.559356,0.7963848,0.15765183,1.6131951,-0.2568197,0.49755535,0.5053393,0.60652137,0.7279604,0.39896342,1.8866112,-0.7596992,1.1535108,0.8809005,0.1311031,2.6501107,0.6890494,-1.2208129,-1.6931527,1.3799304,-2.4787464,-0.7501539,0.8173078,-1.9580834,0.59152186,-1.493084,-0.6584821,1.2810333,0.41355014,-0.13026036,-1.0404065,-1.244359,1.1755168,1.1649295,-1.1647217,-0.05100868,-0.97231513,-0.03463037,-0.28178993,-0.62254983,1.2843981,0.8515355,-0.084004365,0.502802,-0.78508675,0.73905265,-0.02424674,-0.110467836,-0.17824368,0.98644674,-0.7138937,0.8749763,0.28707874,0.3578762,-0.60520416,0.5097526,0.24577773,0.43710417,-0.258255,0.96772957,0.95020914,-0.1970029,0.15491985,-0.02505343,0.58480936,0.75764954,1.3976173,-0.5090093,-2.0855331,0.0058945874,0.09733166,1.1443508,-0.054082386,0.49952793,-0.11019017,1.8053064,-0.30360383,0.14614677,-0.97317773,-1.0202758,-0.5551472,0.42253548,0.94351465,-0.056556024,0.15176573,-0.5236794,-0.8617331,0.21676584,-0.18741077,-0.2453712,-1.2268779,-0.63230133,-0.23498884,0.104725614,1.0950197,0.463571,-0.3641502,-1.113061,-0.6045882,1.0238445,0.6790768,-1.9635489,0.08916138,-0.3859759,-1.0091617,0.6468092,0.6010622,0.2849166,-0.051290654,0.5004232,-1.1326172,0.97571576,0.18170194,0.753212,1.9181274,0.42946997,1.0183194,-1.1576464,-0.019118557,-0.28258947,0.6927992,0.34712714,-1.5699451,1.1459826,-1.173764,-0.7006094,1.15784,-0.49101776,-0.38595968,-1.0226066,-0.22651955,-0.29119405,-1.0972737,1.8579162,-1.9797283,1.4706227,-2.0185986,-0.56735003,-1.1034399,-0.73238516,-0.83166134,-0.3894061,0.064685464,-0.05833509,0.7652558,0.4144215,0.2515308,0.17733373,0.060148418,1.626117,0.14502764,0.36027795,-0.9860714,-1.4228001,-0.480457,0.6396061,-1.3212612,-1.1214926,-0.8688013,-0.17487329,-0.6763071,-0.15407836,-0.7762242,1.0407803,-0.07374692,0.5103821,-1.2296369,-0.7584191,-0.1457624,-0.58565587,1.2780681,-0.621354,1.5186449,-1.1662565,-0.5639262,0.35242468,-0.79678845,0.39148793,-0.16758874,1.9959599,0.45887938,1.2126061,0.4416314,0.24714264,0.2581542,-0.85803664,1.71512,0.51440376,2.225913,-0.4134485,-0.28444374,1.1750143,-0.23094568,0.9937595,-0.30025214,-0.264468,1.6038309,-0.6412424,-0.38724265,0.043092847,-0.1714284,-0.46768934,0.064093515,0.5360618,0.77372915,-0.027932862,0.71338576,0.56683576,0.1341385,-1.1603088,-0.39606094,1.2919816,0.8799574,1.3818748,1.1949301,-0.54527664,-0.035437483,-1.6513207,0.95227325,1.2232068,1.2492088,0.06845889,-1.7667742,0.5098955,0.51157767,0.82536715,-2.1957786,-1.3728031,1.3749999,0.11472138,0.09798138,1.3853074,-0.9334984,-1.5093393,-0.6731049,-0.22747545,-0.65486395,-1.0937173,-1.3290036,0.36043897,-0.016137287,1.1504799,1.203486,0.5115837,-0.4623576,-1.0827539,0.19703844,-0.31274694,-0.57225287,0.27063054,-0.14980091,0.44680485,-1.1864635,-0.715661,0.72277707,-2.0303915,1.1484312,-0.06412108,0.08517007,-0.34059554,0.40110618,-1.259626,0.29054046,0.46887317,-0.84824336,0.13607463,1.2200341,-1.675264,-1.2573471,0.5538848,0.9516362,-0.13569495,0.51173306,0.27926844,-0.031113014,0.7293612,-0.1645827,-0.85922986,-0.2831722,-0.12863405,-0.08584512,-0.0056752055,-1.3908333,-0.080980256,1.0735964,-0.9499237,-1.6521906,0.6309949,0.5991558,-1.6222131,-0.814046,-0.23914781,0.19541128,0.6773812,0.8833877,-0.040589284,-0.48594245,-1.020418,-0.1490968,-0.14995888,0.05225881,-0.3319354,0.11032794,0.52672654,-0.8016716,0.40090337,1.8357418,0.20340511,1.9963286,1.7212532,0.25238678,0.124696836,0.50055754,-0.26465613,-0.21143039,0.58772594,-0.6542072,-0.39632645,1.1327648,0.08094084,-0.7862705,-0.22679596,1.7239544,-0.4187942,-1.0703954,0.14115795,0.6297344,1.0998204,1.4498832,1.7645352,0.13571821,-0.049457394,-0.88022125,0.5659352,-1.581212,-0.6054187,-0.57857376,0.51095027,1.8340832,-0.77651656,0.37753984,1.1564298,-0.8001216,-1.2115997,0.05295477,0.5641505,-0.1886473,-0.8248555,0.5398436,-1.8243958,-0.02364685,-1.983028,0.06951247,0.8341381,1.6657856,-0.5873767,0.15120122,1.0592337,0.010407442,-1.1012166,-0.28574568,0.6479804,2.109592,-0.5022005,-0.7798269,0.84622514,-0.08848314,-1.1182171,-0.3695338,-1.3557155,-0.98553574,-0.08277795,-0.45644468,-0.33695674,0.0021630109,-0.9131321,1.4650549,0.050578546,-0.26416504,1.043733,-0.9685604,0.75382346,0.4119059,-0.43169698,2.0037017,0.34670234,-1.4833021,0.56563103,-1.6650425,1.4256033,-0.37287012,1.1990454,1.4215839,0.5855508,-0.63320893,0.99433756,-0.8719395,0.040091086,-1.020245,0.6252828,-0.85238504,0.39759338,-1.6762171,1.6965377,-1.5565386,-0.65948135,0.24883413,0.37156996,-0.47186643,0.43656573,-0.5231977,0.5206746,0.031095147,-1.3425441,0.6654414,2.0870056,-0.15350124,-1.0749068,0.70890415,0.8892086,-0.50693756,-0.24602899,2.3299177,0.26739985,0.0409682,-1.4147799,-1.1266948,0.89630795,-0.4059543,-1.3632534,-0.48329902,-0.52935207,0.19712046,-0.41343516,-0.014269358,0.9884597,-0.3845112,0.90305823,0.3144146,-0.6703632,-0.1586322,0.30521077,-0.18644051,-0.7782775,-1.6188974,0.3949635,0.14907192,-1.1207488,0.7898391,1.1964182,1.7221094,0.63990057,-0.33850873,-1.2430776,0.7872981,0.3709504,0.30109286,-1.586806,-1.2833794,0.41487902,0.8869333,0.15247335,0.6869042,0.7413054,-0.099104874,-2.0573363,1.300062,0.21762566,-0.1057754,1.106075,0.17329538,-0.35017928,0.8928787,-0.105142,0.5207634,0.271056,-0.747379,-0.56352216,-0.2132729,-0.95876044,0.5067681,-0.48865905,0.2763189,-0.5278299,0.10799972,-1.8070415,0.65455925,0.014449763,0.43543229,1.0477607,0.74857914,-1.47745,-0.5507344,-0.22142239,1.3674042,0.9739119,0.18245548,-0.0998219,-0.13673025,1.3148733,0.77330786,-0.048293628,-0.07757171,0.5919825,-0.07868966,-0.4355963,-0.91718376,-0.49751583,0.2449907,-0.33440757,-1.1157119,1.4524133,-1.8962113,1.0007117,-0.010887111,-1.6511055,-0.19631925,0.41531402,-0.20646867,1.9083964,1.1392251,-0.546054,-0.40751204,0.565344,1.0953482,-0.5527078,-0.25315994,-1.3635519,0.5821239,1.6400048,0.92856693,-1.3524392,-0.47449818,0.47593713,-0.6921222,1.2417983,-0.11401622,-0.72857904,-1.2419751,-0.5018696,-1.0943022,-0.48449293,-0.38289195,0.5295278,-1.1346736,0.7091933,-0.34393942,-1.2391253,0.6067543,-0.7367557,-0.21864128,-0.6122788,0.9201807,0.09727959,0.53508383,0.2750686,-0.31768033,-0.1547651,-0.98940736,-1.0407776,0.5721379,-0.7318061,1.1447985,0.5182465,0.80831015,1.2114663,0.57490575,-1.5931116,0.6952839,0.23873897,0.41369614,-0.65593696,-1.0919088,-0.71010053,-0.103583634,0.43365693,1.6159794,-1.5131438,-0.5023927,-0.36693466,-0.35304108,-0.10703818,0.6994932,0.43960786,0.25827178,1.815196,1.3605928,0.28661323
ス,-0.7590458,-0.4449894,0.89489037,0.6021263,-0.9733754,-0.39185265,-1.5545713,1.1334034,1.1316168,0.43399552,0.65590006,-0.11522596,-1.5205494,2.3738062,-0.6815533,0.28622726,0.55223936,-0.90842223,0.6869182,0.0036273003,0.4747635,0.4181991,0.66329837,-0.8155153,0.5852814,0.7312343,0.92717093,-0.18470716,-0.74789184,-1.1289306,-0.10835367,-0.45306823,-0.9943443,-0.106134124,0.17228809,-0.8967497,-2.0428555,1.1079093,0.039355185,-1.1045101,-0.829385,0.6200452,-0.013477415,-0.04642893,-0.68193364,0.039668623,1.3041555,-0.69765544,1.1322199,-0.28497875,-0.9840271,-0.61682266,0.41793486,0.868441,0.52329654,-0.5293027,1.5025477,0.7310518,-0.1834434,-0.5446369,0.34043673,0.4856964,-0.838555,-0.38546848,0.2270451,0.7793799,-0.7632484,0.024598105,-0.39491245,-0.12788057,-2.7002325,-1.7453461,-0.24751058,1.4969982,-1.5012015,0.67644715,0.073342174,-0.95904964,0.6887224,-0.44580662,0.26527503,-0.6156521,-0.8111985,1.3472997,-0.6378435,-1.5910197,-0.2587083,-0.742471,-0.99623114,-0.52198434,-0.5792808,-1.8831153,-1.1999491,-1.2519361,1.3932366,0.43259284,-0.751367,-1.4087079,-1.2175332,0.022215063,0.3456656,1.5721118,0.48708153,-0.59257346,-0.6521687,-0.31737658,-0.5280766,-0.11423796,-0.2331717,0.8736439,-0.2191011,0.5883372,0.4206061,1.2030724,0.3696911,1.036739,-1.3017081,-0.69847876,-0.7981867,0.5201089,1.0099435,0.5254228,-0.821648,0.6537679,0.16014689,1.1417615,-0.100638755,-1.1261096,0.47179452,0.7354059,0.6083851,0.026210345,2.2191937,1.0036832,-0.61564654,-0.56574655,-0.17916326,0.4307557,0.5799213,-1.0786483,-0.7062709,0.44118965,0.18083178,-0.00088989193,0.5431917,-0.7662585,-0.4061427,0.31528857,1.5375409,0.15308937,-0.22233014,0.14580399,-1.4534149,0.31509575,0.8715202,-0.22904271,-0.0019929518,0.30749694,-1.4100999,0.7787712,-0.19715868,1.4920434,-0.9496098,0.74812406,-0.08157671,0.52719873,-0.7672316,0.8078121,-0.5592193,-1.6795772,-0.25614724,0.072450586,0.1320402,-0.18564259,0.36509505,-0.0715381,0.3038049,0.5144022,-1.2709514,-0.6423993,1.3677187,1.1173799,0.11914573,1.1799169,-0.39755762,0.23369016,0.7753355,0.2815287,0.58148974,0.4991012,1.3212882,-1.0962192,0.8993298,0.9559029,0.2964985,2.885135,0.9253897,-1.5337105,-1.1574832,1.0483866,-2.0432746,-0.9914334,0.77966267,-1.3764583,0.74175066,-1.0051008,-0.62083983,1.4988728,0.6118173,-0.07949398,-1.2153419,-1.1822594,0.9355557,1.2417178,-0.5297562,-0.29858324,-0.8606651,0.2402481,-0.24144782,-0.54233557,1.1386465,0.48209,0.06546813,1.0353585,-0.9401011,0.42235526,0.10816186,0.34330758,-0.09204339,0.6978638,-0.81156844,0.96807134,0.34221384,-0.19632782,-0.70997244,0.45705196,-0.130816,0.62604326,-0.46468636,0.87520546,0.6543118,-0.35498798,0.055520054,-0.06004473,0.7634669,0.5712404,1.6588861,0.14665863,-1.7722114,-0.43606168,0.622529,0.8164379,0.27514344,0.41333398,0.50299567,1.1466156,-0.21790786,-0.021368058,-0.42471352,-0.5567596,-0.6035639,0.49581823,0.7064249,0.07150017,0.43956974,-0.45160112,-1.2839413,0.34951735,0.18167044,-0.44622543,-1.090328,-0.73092055,-0.55652434,-0.21083936,0.5413862,0.11169703,-0.37973842,-0.5758288,-0.7916095,0.7482385,0.53290874,-1.9892904,-0.15611444,-0.33647555,-0.94770694,0.46978876,0.20628263,0.20016609,0.17806877,0.38560045,-1.2625707,0.9293036,-0.26907417,0.63967454,1.7972178,0.44220373,0.60319495,-1.0236752,-0.023606306,-0.34288135,0.6363213,0.2946377,-1.4872837,0.9805565,-0.8257343,-0.28099597,1.1702434,-0.814134,-0.34314367,-1.0676618,-0.0851988,-0.17434448,-1.2721964,2.2098882,-2.2443964,1.8825408,-1.5984889,-0.5773628,-0.83638185,-0.38510877,-0.96979594,-0.016598897,-0.025288546,-0.046843458,1.2943795,0.17952213,0.39891928,0.2934995,-0.17533435,1.388115,-0.09743219,0.10556981,-0.7437596,-1.4840852,-0.2740207,0.8429544,-1.4270782,-1.4409577,-1.1845473,-0.33843586,0.034813825,0.0036767619,-0.4573534,0.7196066,0.099273585,0.139048,-0.6254787,-0.4973729,0.28246891,-1.0252292,1.1970751,-0.5661154,1.4055043,-0.89170134,-0.79150635,0.10785795,-1.3149445,0.18067902,-0.019308083,1.9312584,0.67303085,0.76435477,0.2879978,0.12592955,0.24184705,-0.69573635,1.1975625,0.38309982,1.8646601,0.10756364,-0.3654312,1.1627035,0.047267295,0.16482066,-0.33764157,-0.22481304,1.6764466,0.0043343795,-0.5422768,-0.3107865,-0.12351522,0.030212454,-0.0406458,0.2388261,0.031025507,0.16502944,0.37971678,0.34474546,-0.58379626,-1.2196678,-0.4329813,0.7369047,1.1503444,1.1389301,1.3139781,-0.14251575,-0.44339687,-1.7943668,0.11614783,1.507682,0.3629569,0.43259123,-1.8581128,0.21267782,0.21635684,0.4555336,-1.294077,-1.3557447,1.5073186,0.39840966,0.25166792,1.3798556,-0.71745276,-1.5466523,-0.40479946,0.41515875,-0.2927632,-0.9633985,-0.6721484,0.3864692,-0.121987015,0.968376,0.97589284,0.49376652,-0.2994214,-0.85510707,0.27401492,0.060105585,-0.9592049,0.11493299,0.106397435,0.4242672,-1.3042583,-0.58467376,0.6062124,-1.8749429,0.9795502,-0.20878087,0.0015931021,-0.28051618,0.034547906,-0.5843394,-0.2633557,0.18925025,-0.894735,-0.75527537,0.87839013,-1.7481968,-1.5680827,0.9239279,1.2666805,-0.7322428,0.7923185,0.5525875,0.37071374,0.62663656,-0.09078495,-0.5234138,-0.12637359,-0.4082309,-0.34639063,-0.21729785,-1.1156887,-0.3211064,0.8167721,-1.3592412,-1.5194093,1.2257199,0.7597684,-1.5869517,-1.1150446,-0.21430801,-0.30421788,0.3840102,0.88694024,-0.13682547,-0.2606652,-1.2269626,-0.039149895,0.059910957,0.2441237,-0.024700137,0.12311411,0.27086946,-0.29618466,0.41654494,1.7479656,-0.0106498385,1.73102,1.4164095,0.40799153,-0.31745636,0.55570894,-0.19912286,-0.042815913,0.4753935,-1.2508811,-0.6287414,0.98187727,-0.004482692,-0.6599292,-0.15633458,0.8464717,-0.20488705,-0.41320065,0.43449518,0.6820782,1.1504983,1.192698,1.0223771,0.04459472,-0.5432848,-0.6546694,0.24328737,-1.3838592,-0.58853763,-0.111461885,0.8352108,1.902586,-0.8489588,0.0984827,0.85185504,-0.9028738,-1.1456656,0.36148083,0.33517691,-0.74612516,-0.6201607,0.45750552,-1.3323191,0.21866637,-1.8600273,-0.27281302,0.40374795,1.158409,-0.6822592,-0.049165655,0.74822235,0.098739736,-1.025471,0.08258904,1.0034198,1.8822391,0.1281491,-0.98508626,0.2880145,0.029066032,-1.4466443,-0.011669481,-0.9761335,-0.860591,0.005694006,-0.4524642,-0.016832275,-0.5443583,-0.8244751,1.3666457,0.05710553,-0.19723138,0.45111018,-0.6760077,0.9487499,-0.32954028,-0.8542873,1.456657,1.0101261,-1.5727813,0.59200203,-1.383743,1.3974919,-0.4029948,0.9566294,1.3020328,0.34097207,-0.6561275,1.257125,-0.6192132,-0.1374469,-0.60131913,0.787414,-0.33049008,0.3843932,-1.8165214,1.4941547,-1.2440686,-0.58769244,-0.16758052,0.36564445,-0.3394557,0.42547083,-0.7820652,0.71698076,0.25370684,-0.8423615,0.60275227,1.9358597,-0.04530351,-0.9080536,0.578874,0.362632,-0.5430489,-0.4019204,2.7715154,0.25058132,0.57693523,-1.0375266,-0.9358597,0.6965727,-0.4130869,-0.7252188,-0.33989564,-0.2842781,0.04654739,0.30007502,-0.28313684,1.2562207,-0.5911734,0.34647065,0.5356526,-0.7118513,-0.19496797,-0.19081019,-0.3975108,-0.74130595,-1.1719236,0.4734229,0.51179796,-0.7022579,0.56930596,1.3299133,1.3216726,0.83747935,-0.086425684,-0.7693979,0.7745631,0.33533028,0.86029947,-0.96387327,-0.9696899,0.51045436,1.2137386,-0.48539874,0.85107005,1.024059,-0.5045154,-1.9251494,1.3939162,0.026250953,0.1340479,1.0807092,0.47205207,-0.5868417,0.53145206,0.19361834,0.019521583,0.0971585,-0.9647608,0.02129631,-0.01627853,-0.78372324,0.555115,-0.3135584,0.09236302,-0.30269983,0.3757511,-1.4605823,0.7652628,-0.11673569,0.57679963,0.7417429,0.6710724,-1.2661334,-0.51593316,-0.21356635,1.2381229,1.1520872,-0.2839701,-0.84313923,-0.22375733,1.3609062,0.9645134,-0.17112096,0.13814305,0.12903212,-0.68794936,-0.47478703,-1.0741385,-0.27166054,0.22617763,0.21002978,-0.83217263,1.1793262,-1.9467034,0.606959,0.024665909,-1.305807,-0.0362496,0.65564966,-0.4681823,2.0911627,0.8803205,-0.41129157,0.017323218,0.92974895,1.1398579,-0.17957173,-0.31857646,-0.9115886,1.0562247,1.4152464,0.42203054,-1.4690498,-0.24014989,0.16205901,-0.5077541,1.1376574,-0.43804833,-0.6761885,-1.0873443,-0.14234775,-0.9257164,-0.49110553,-0.110852115,0.2118733,-1.3793778,0.3614255,-0.27648145,-1.0611492,0.5409028,-0.422461,-0.15325016,-0.31535187,1.2219119,0.18253931,0.60203147,0.281745,-0.30554634,-0.32397547,-0.8391644,-0.6689533,0.8330197,-0.56255096,0.7683806,0.24831058,0.6863013,1.4636773,0.41678187,-1.1402229,0.47413015,-0.012695562,0.30392212,-0.5481242,-0.93965554,-0.4692708,0.08616211,0.36960867,0.990171,-1.5453304,-0.2997414,-0.08834594,0.39834902,0.008166978,0.7186343,0.13482438,0.41302213,1.6753478,1.1519568,-0.076432705
ウ,-1.3611078,-0.62896603,1.1043602,1.9653525,-1.0748647,-0.16327997,-1.706714,-0.15892199,0.74680215,-1.8395766,0.38312265,0.21523154,-1.464519,2.3778877,-0.79788977,-0.022897562,1.014367,-0.5698735,-0.20728236,-0.45986757,0.5230258,0.3741652,0.99024886,-0.5477763,0.74029356,1.0701575,0.12232176,-0.42504606,0.22560376,-0.10236102,0.23761618,-0.8033609,-0.94867843,-0.89919454,0.31332892,-1.0111195,-1.5506624,1.1250352,0.46687272,-0.12657328,-0.8740596,0.5414663,-0.97723323,0.48403573,-0.39320746,0.1459829,1.5767447,-0.5107159,0.19723488,-0.18264593,-0.20971973,0.06875816,0.3514329,1.3618702,0.72818905,-0.31880966,0.63456696,0.41540766,0.21103849,-0.72918445,0.71629715,1.3151494,-0.9665529,0.6518096,0.7779979,1.7323874,0.43539834,-0.3510563,-0.42119953,-0.84763885,-2.870546,0.26486123,0.07231658,0.8620002,-0.84917575,1.0713114,-0.18480484,0.2019533,0.1399401,-0.03480657,0.038304657,0.67133707,-0.8476307,1.2987576,-0.19111772,-0.46135947,-0.0037517846,-0.16505432,-1.3374538,0.011713527,0.2689745,-1.145187,-1.9283142,-0.9371986,0.5581141,-0.15702228,-0.5916373,-0.24207121,-1.4542307,-0.64557713,-0.112079024,0.46270418,-0.008462231,0.19333644,-0.73433286,0.42348972,-1.1771506,-0.28238222,-0.63923216,1.075118,-0.78055716,0.48106205,0.86291057,1.6279501,0.8206932,0.12564963,-0.22609971,-1.0357195,-0.44421804,0.20559077,1.0388843,-0.3471777,-0.516551,0.45828405,0.29104838,1.6491508,-0.19346215,-0.14309238,1.1341983,-0.38083425,0.46413243,-0.72784513,1.203869,0.9896769,-0.857558,-0.36757722,-1.1847805,0.6693476,0.38492143,-0.42920852,-0.6582103,-0.6803171,-0.66557,0.102650344,0.13476649,-1.9341177,0.44860312,0.95344514,0.6386079,0.0049769864,0.057124455,-0.5992964,-0.6118393,0.60988945,1.0695148,-0.1633173,0.00064287585,0.042081874,-1.2558577,1.550512,0.4035753,0.6763888,-0.79206055,0.47851405,-0.1237992,0.7918144,-0.47551313,1.0490204,-0.85916036,-2.5155544,-0.39388904,0.02814127,0.33064166,-0.5245247,0.35450062,0.017258445,1.76588,-0.0018192033,-1.0603942,0.3310351,0.12270334,1.2669868,-0.04816671,1.3365952,0.08110581,0.5921301,0.74026674,0.23485194,-0.19259043,0.5508763,0.6282782,-0.27427554,0.20676422,1.1797068,1.502985,2.0597827,0.64109415,-1.5781003,-1.07368,0.5625508,-1.9030226,-0.016338075,0.62971705,0.026521087,1.7017055,-0.86997443,-0.62210757,2.3492663,0.51271933,0.14149465,-1.0808522,-1.2275883,0.9139893,0.85658544,-0.56895894,-0.33687094,-0.9564368,0.67732924,-0.31705633,-0.62967044,0.3166276,0.00035694242,0.95147747,1.6205477,-1.2953588,0.5392868,0.2342997,1.0870773,0.05380581,0.99232465,-0.8885978,-0.20922424,0.19730985,-0.92882085,-1.1714568,0.19054396,-0.21244484,0.55281967,-1.0065833,-0.24268572,0.041881043,-1.2941014,0.05302894,-0.2100364,0.54156965,0.9910061,1.5263687,0.33944598,-1.4289204,0.2952891,0.4035424,0.44167778,0.7981934,0.015282005,1.3624053,-0.09926488,-0.18316667,0.2073028,0.07004174,0.44817278,-0.26984736,0.83365446,-0.7088395,0.5363872,0.4330182,-1.0912193,-0.8056178,-0.051003575,-0.38865843,-0.96798223,-0.06853178,-0.601923,-1.355729,-0.009237562,-0.82909507,-0.015888512,-1.2153096,-0.7557699,-0.85385674,-0.4563814,0.17375813,-1.0527925,-0.23346715,0.58100975,0.10827451,0.31036523,-0.83362,-0.17861061,0.3252149,0.5096383,-1.4180988,0.38666603,0.7674046,1.1623664,1.1684905,-0.17626125,1.4028352,-0.4788959,0.5959,-1.6891222,0.48249665,1.0496379,-1.569716,0.124313414,-0.3850592,0.030897906,0.47747698,-1.2836883,-0.3592703,-0.52307993,0.108825885,0.06146459,-1.1969517,1.6256033,-1.5193535,1.2922466,-1.6729714,-0.2764143,-0.4988499,-0.46700335,-1.6361948,1.3772506,0.51684743,0.36557707,0.18533154,0.017088855,0.421224,0.30676568,0.7183652,0.52762383,-0.8504663,0.8616087,-0.7301466,-1.3677193,0.9890227,0.91120416,-0.77914476,-1.4071813,-1.683682,0.19529589,1.1587896,-0.38231477,0.30575663,1.338017,-0.35048643,0.8218858,-1.2435037,-0.39474353,-0.04469199,-0.5513651,0.91131717,0.1964442,1.7387396,-0.47680184,-0.48948196,0.99719596,-2.1897593,-0.62089777,-0.40352523,1.8590542,0.18496986,-0.20191427,0.58954984,0.15125607,-0.7774802,-0.23165248,-0.0092672305,-0.36820838,1.4078379,0.63238984,-0.45625794,2.0299132,0.24406987,1.0166622,-0.9258588,-0.6389527,1.8514417,-0.032185357,-0.12134057,0.23350914,-0.85861105,0.040709462,0.19791786,-0.0375073,-0.37619683,-0.60431355,0.52247506,0.82743627,-1.4558219,-1.0041819,-0.9137111,0.3498752,1.0997404,2.11397,1.8242267,0.06022793,-1.0458382,-2.0262303,0.56571716,0.9597276,0.061184008,0.82525414,-1.5877585,0.30610874,-0.24626696,-0.71237606,-0.3415067,-2.4906018,1.4831146,0.3331062,0.1475142,1.8168103,-0.49912608,-1.5908095,-0.34207347,0.67710644,-0.0016371409,-0.4028624,-0.70966905,0.6090334,-1.221361,1.1910005,-0.065020554,0.5741421,-0.03563835,0.011376679,0.82640773,0.45091614,-0.6093251,-1.2900678,-0.34160078,0.96671575,-1.6830496,-0.4688389,0.3058118,-1.82396,0.7335425,-0.52186126,-0.42740595,-0.16246217,-0.8806545,-0.37939298,-0.82016796,-0.23993802,-0.90063643,-0.4688449,0.17615975,-0.9046081,-1.9189798,1.3187331,1.3683901,-1.0801326,0.6021154,0.117226064,0.19826491,0.9923579,0.050481033,0.26793078,0.5486807,-0.32381687,-0.27837944,-0.45555758,-0.71048576,-0.36935067,0.65829176,-1.4013885,-0.9920662,0.7995971,1.1257486,-1.6830674,-0.49807718,0.32005975,-0.84423405,0.05332688,0.53594,0.4207184,-0.13947718,-0.5396637,-0.13149564,0.037212957,1.3053288,0.62208706,-0.4525745,0.92256814,-0.1709038,0.031722724,1.5431496,-0.18828039,0.09963828,1.2996048,0.14660619,-1.5316066,0.47617355,0.20975333,0.019800583,0.5449218,-1.7663249,-1.05912,1.8868603,-0.36593604,-0.9135577,-0.04278477,0.41590038,0.07308798,0.20178418,0.07158067,1.5334997,1.2962747,0.36844197,1.5414637,-0.64676243,-0.80313045,-0.8624682,0.08950723,-0.70835227,-0.703799,1.201089,0.97618705,2.2879374,-0.41200757,-0.54913133,1.1890773,-1.0485553,-0.92865354,0.26250467,0.7539099,-0.9040618,-0.7361743,-0.08123237,-0.94954157,0.37876406,-2.0723321,-0.4092647,0.32966602,0.2834148,-0.8000023,0.054899793,0.4632068,-0.04087655,-1.2344218,0.4347987,1.2808685,1.1605455,-0.2577063,-1.169261,0.57074004,-0.7318085,-1.1777811,-0.3279564,-0.46769002,-0.24498694,0.07125946,-0.8898845,0.35444918,-1.1955127,-0.335479,1.3067013,0.9957359,0.3500534,-0.53576297,-0.9126234,2.1006417,-1.2799686,-0.6600257,0.9847216,-0.037732285,-1.2048274,0.02714018,-0.56517357,-0.56122833,-1.2085475,0.1919591,0.6799724,1.3140131,-0.048458617,1.351366,0.019819895,-0.33219883,0.45469823,-0.2415294,-0.08797718,0.5394417,-2.5179806,0.99558926,-1.2489403,-1.4216843,0.19528778,1.3290995,-0.6341395,-0.2267961,-0.4878906,1.0120734,0.7263546,-1.4695773,0.82670575,2.0950725,-0.75702244,-0.03781953,1.3767239,0.5743082,-0.5421651,0.05386825,2.767722,0.8111642,0.9293607,-1.3856272,-0.7112724,-0.22276497,-0.2889333,-0.6625889,-0.2669082,-1.004042,-0.075473435,0.57953286,-0.07323684,0.48600972,-0.9179716,0.20157526,0.940677,-1.2764773,-0.022497615,0.47798896,-0.3883628,-1.8135573,-1.1511173,1.2898768,1.2754511,0.12168475,-0.52667123,0.15999435,1.7024466,0.71764296,-0.31455827,-0.63306516,0.6743819,0.78848845,0.79551053,-0.8328739,-1.1365341,0.8014624,1.7259092,-0.92003226,0.838476,-1.2402855,-0.48562905,-1.9259311,0.9881346,0.9753323,-0.24520151,1.9150604,0.45521393,-0.37022093,0.82098484,-0.734507,-0.57937616,-0.95692897,-0.6314063,0.37507963,-0.028721124,-0.48668432,-0.05216672,-0.86367947,0.01979045,-0.26232994,1.271512,-1.0716335,0.3142706,-0.07159132,0.68470854,0.26007876,-0.4666265,-0.6610604,-0.44545504,-1.1654226,1.3098067,0.65287155,0.2355582,-1.8079699,0.36274326,0.54812515,0.39705196,-1.0503404,0.2538748,0.023764879,-0.9202447,-0.358217,-1.1577793,-0.77089375,0.6113035,1.4734896,-0.3716844,1.0262918,-1.9786568,1.3161126,0.027409205,-0.74860144,0.65553814,-0.014240593,-0.5724673,1.6570665,1.3928546,0.3969833,-0.22059043,1.0175818,1.1722025,0.2458291,-0.77836424,-1.5145186,1.1635774,1.4801664,0.8471143,-0.44139996,-0.2899376,0.26848185,-0.15074451,1.4808578,-0.6444337,-0.60720307,-1.0261048,-0.3586192,-0.3567047,-0.5201518,-0.8910524,0.17002617,-1.0938983,0.35791674,-0.5501861,0.46986994,0.23214714,-1.1091887,0.63433236,0.59153956,1.3296897,0.8703968,0.051913846,0.5475197,-0.6678009,0.081305824,-0.8250548,-1.2771953,1.4171963,-0.947567,-0.09056544,0.2959729,0.33092183,2.321519,0.7380125,-0.31100258,0.08976058,-0.3538698,0.06446632,0.8060193,-0.42275062,-0.49782547,0.20064928,0.113357864,0.06493446,-1.2222863,0.38948965,-0.24221574,0.36331105,0.9304748,0.8678258,-0.45815906,0.6653579,1.2350298,0.57978016,-1.179372
ニ,-0.81409997,-0.6962796,0.35439727,1.8549821,-1.0041295,-0.26364893,-1.3696921,0.18864061,0.8812588,-0.7685408,0.46958813,0.4803255,-1.4331867,2.3906496,-1.0416906,-0.11904287,1.1024182,-0.9148764,0.2885622,-0.43742236,0.691992,0.18445587,0.6788198,-0.69942844,0.6012718,0.76339287,0.23229027,-0.6920956,-0.5051764,-0.35473233,-0.10122983,-0.35487556,-0.6366183,-0.554224,0.53848416,-1.179436,-1.2266893,1.2412208,-0.13018875,-0.31200394,-0.60072213,0.5646615,-0.17767262,0.016517332,-0.53094345,-0.20512772,1.720974,-0.60967547,0.62370116,-0.4959866,-0.2721607,-0.3105578,0.057313614,0.9507467,0.6938282,-0.12542857,0.88303363,0.76173085,-0.024505764,-0.46924475,0.6445093,1.2867237,-0.90738344,0.08883929,0.6885683,1.0783746,-0.18250325,-0.3538293,-0.2849335,-0.3256159,-2.3796213,-0.9458516,0.16821793,1.3221779,-1.1839408,0.7764081,0.51092035,-0.63965434,0.30870914,0.29801282,0.3376718,0.43899065,-0.61581385,1.2338728,-0.35781863,-0.56544834,-0.6168869,-0.10847504,-1.5060072,-0.071359865,-0.012075744,-1.2177554,-1.3198825,-1.5521567,1.0398171,-0.26575154,-0.7365055,-0.6447654,-1.5130837,0.048605528,-0.25443044,1.2624624,-0.06208149,-0.105281904,-1.1049263,-0.21818615,-1.0071658,-0.691816,-0.9193269,0.788387,-0.3535082,0.48934224,0.7042313,1.5734266,1.1699771,0.95559835,-0.7352253,-0.9579023,-0.52005637,0.021944774,1.4133396,-0.13415752,-0.8299893,0.7494429,0.28554687,1.278861,-0.06180938,-0.57328385,1.2022156,-0.0927036,0.8372541,-0.42519364,1.6638677,0.94264597,-1.1591076,-0.36981505,-0.6232113,0.20848496,0.57523805,-0.6540252,-0.8822017,0.102089606,-0.105956554,-0.30818516,0.0019530313,-1.708958,0.3165559,0.58499193,1.1427606,0.0034245083,0.06971177,-0.3452005,-0.76216143,0.534781,0.9367733,-0.041343134,0.018338677,0.07517059,-1.5144354,1.539297,0.43999243,1.1789749,-1.1862575,0.08223669,0.19111346,0.792896,-0.77431434,0.6771876,-0.9847816,-2.0487225,-0.7107845,0.087519825,0.51066375,-0.1753159,0.87527233,-0.2476031,0.9073047,0.12836705,-0.8407687,0.22463992,0.6862014,1.1998279,-0.45786723,1.4226362,-0.05052146,0.35634252,0.94564307,0.8298127,0.4693214,-0.058730304,0.83518904,-0.78812176,1.0371792,0.88102627,1.065451,2.4602492,0.7613492,-1.849898,-1.3773625,0.7562608,-2.0411248,-0.003074233,0.5645136,-0.25023922,1.405675,-0.27190164,-1.2164928,1.9604696,0.4720396,-0.003681566,-1.3517958,-1.2961782,0.63019323,0.74198514,-0.74549156,-0.05375668,-0.92181236,0.09695462,-0.36334375,-0.28075123,0.7458943,0.78626674,0.8077081,1.5890373,-0.7300677,0.2219429,0.30360344,0.63838947,0.114842,0.73298126,-1.0230751,0.06296972,0.578403,-0.38160366,-0.7429307,0.3677875,-0.67989486,0.7295471,-0.6055398,0.21838868,0.26384944,-0.62941015,0.36733493,-0.027512828,0.49673215,1.0088938,1.9977344,0.2909403,-1.5696405,-0.48987895,0.26893535,0.5994075,0.47902447,-0.087878786,0.9693717,0.9286088,-0.6648273,0.03958903,-0.2595286,0.024904003,-0.12366847,0.7770017,-0.39330712,0.5960427,0.5684894,-0.8527582,-0.7269329,-0.08707036,0.110283665,-0.6030179,-0.72542053,-0.49602228,-1.2416667,0.109627195,-0.023753408,0.2292361,-1.1422312,-1.1460936,-1.1340681,-0.050152976,0.636429,-1.2305216,-0.48757914,0.43267462,-0.24178968,0.8020099,-0.4791825,0.091873124,0.60212266,0.7985209,-1.3237942,0.93400353,0.053344585,0.8096786,1.1788342,0.0936055,1.2282497,-0.44296864,0.91123515,-1.2514652,0.85362244,0.9165121,-1.5957757,0.8158565,-0.30550796,-0.558951,0.39228705,-1.4997085,-0.27901512,-0.6546494,0.21849515,0.049912572,-1.4880277,2.087795,-1.4807171,1.2852914,-1.5345993,-0.40533918,-0.34076062,-0.47675398,-1.4643725,1.2463248,0.28281686,0.48443958,0.69999874,0.21851793,0.18771686,0.6261128,0.45242494,0.7327488,-0.12651484,0.8048437,-0.75738156,-1.5458755,0.56165886,0.71019095,-1.2099793,-2.126663,-1.6632004,-0.57749844,0.8007682,-0.8218637,0.3287508,0.758473,-0.31194755,0.53862756,-1.3132343,-0.48628226,0.53042,-0.6621381,1.3518354,-0.17811748,1.554819,-0.7644397,-0.36943364,0.91006213,-2.0060897,-0.79520184,-0.24046604,1.8057082,0.51678556,0.51602644,0.80226415,0.73668617,-0.6474988,-0.4751556,0.7808647,-0.3148089,1.5613445,0.42202935,-0.7766207,1.941138,-0.16714117,0.37037912,-0.36532122,-0.67544466,1.9417207,-0.14581259,-0.33347106,-0.33371326,-0.33066106,0.09996968,0.38528803,0.38353232,0.37499204,-0.15285175,0.5901533,0.90513366,-0.82713896,-0.41719052,-0.6940957,0.42381948,0.93518215,1.8355321,1.646334,0.08486653,-0.8972908,-2.0339682,0.3432791,1.0460836,0.07634542,0.45648536,-1.5035942,0.1024963,0.09598965,-0.23589884,-0.6975918,-1.9568485,1.5583116,0.34990305,0.60458475,1.714795,-1.0467695,-1.1289283,-0.36355987,0.7648259,-0.13588147,-0.90809107,-0.5065255,0.65073013,-1.1551225,1.36962,0.009159089,0.37724915,0.18003878,0.3840662,1.0797621,0.36881664,-0.71176493,-0.8278442,0.1893094,0.8624509,-1.4800421,-0.1822003,0.27781153,-1.7881993,0.89276296,-0.44860753,-0.5864076,0.1157036,-0.62582225,-0.9019849,-0.747076,-0.054663796,-0.5352799,-0.81801575,0.4862049,-1.2547318,-1.765708,0.9957375,1.707323,-1.2311506,0.4577476,0.3108,0.31222084,0.2990419,0.073290125,-0.14694318,0.26622042,-0.37330458,-0.19040537,-0.4821599,-1.1612937,-0.64805365,0.1304536,-1.1804465,-1.1171811,1.2910012,0.94866645,-1.6097186,-0.55167544,-0.04870277,-0.98773634,0.8521008,0.6829441,0.20191339,-0.34625712,-0.4675341,-0.015928013,0.070524186,1.2546692,-0.06629882,-0.72113067,0.8967658,0.09068197,-0.07273965,1.7793186,0.12085684,0.3689107,0.7189398,0.041525044,-1.1796354,0.65184516,0.06656873,-0.04758243,0.8296272,-1.8377359,-0.6466066,1.7383232,-0.89950794,-0.7855243,0.18518628,0.27815863,-0.41074705,0.36639908,0.58091533,1.4061955,1.0740997,1.1190821,1.4878931,-0.74825156,-0.9457761,-0.71668994,0.46206445,-1.025746,-0.8362394,0.42514902,0.73373824,2.4130535,-0.4513289,0.13785228,0.7190317,-1.1471263,-0.88001907,0.58158594,0.4836513,-0.25327393,-0.8088586,0.02548721,-1.2059071,0.091638386,-1.9357111,-0.48162612,0.33923104,0.6032049,-0.5170445,-0.14577343,0.72641593,0.522132,-1.1848443,0.29155898,1.2108421,0.9780112,-0.17146324,-1.0272732,0.3733996,-0.573777,-1.5508634,0.07485796,-0.6919525,-0.7704626,-0.13324967,-0.03986158,-0.22239162,-0.9357329,-0.40920535,1.3151134,0.044810217,-0.3070271,0.26438922,-0.61651707,1.709656,-0.6035064,-0.16075267,1.1343442,0.7569738,-1.3875929,0.06610715,-1.2546972,0.26448995,-1.0189743,0.30470902,0.7934218,0.6572999,-0.34358948,1.1959364,-0.27678883,-0.2539607,-0.014810213,0.63355535,-0.41652146,0.054490242,-2.0251198,0.8891516,-1.4984722,-1.2896699,-0.03514738,0.90320414,-0.4138846,-0.26742852,-0.43470517,0.4186632,0.5541668,-1.2574043,1.0542958,1.7916745,-0.8794896,-0.4917817,0.7718946,0.45867735,-0.67870754,0.014241287,2.5521903,0.7681523,0.76839054,-1.0422466,-0.51035947,0.25707135,-0.47128525,-0.6883842,-0.061646875,-0.42400932,0.22758256,0.37880418,-0.45083454,0.89146894,-0.83248913,0.16603397,0.9178008,-0.7744799,-0.085020676,0.49162343,-0.40896657,-1.6386354,-1.4425879,0.41827103,0.73743623,-0.3636996,0.29836565,0.5070451,1.4362783,0.9199019,-0.32197472,-0.44208455,0.57312405,1.0839025,0.57155323,-0.29412064,-1.1579679,0.64475125,1.1061064,-0.7659745,0.6848323,-0.36202762,-0.5048375,-1.8849716,1.1569074,0.7265768,0.123759985,1.6077754,0.34865457,0.16189806,0.92476463,-0.5329135,0.17947176,-0.67431056,-0.37641403,-0.016172383,-0.20037624,-0.6855794,-0.4164665,-0.66889906,-0.07093903,-0.2892868,0.91824645,-1.2354051,0.4378113,0.09804573,1.0495571,-0.093656935,-0.19917321,-0.79648465,-0.36576113,-1.1886768,1.666564,0.96947336,-0.10356171,-1.6367017,0.082190655,1.0471998,0.18549179,-0.90131396,0.35897923,-0.13719824,-1.3675531,-0.48920968,-1.2180783,-0.3290488,0.67238885,0.6833723,-0.55986136,0.70137864,-1.6704086,0.6713053,-0.25587633,-1.1646839,-0.15828122,0.17247479,-0.744798,1.6300713,1.3581146,0.099582076,0.16379544,0.8381284,0.9822898,-0.200519,-0.32883453,-1.7846944,0.8204132,1.0347282,0.5235161,-1.2765405,0.20433399,0.4863708,-0.58778703,1.4148017,-0.7982908,-0.34953228,-0.85226345,-0.42115763,-0.705727,-0.3167964,-0.9013072,0.05952674,-1.3133224,-0.031469077,-0.4567984,-0.3145835,0.4245005,-1.1889868,-0.046768136,0.17016937,0.9362549,0.91219765,0.7545643,0.39804512,-0.6077995,-0.19713148,-0.8957438,-0.6146579,0.9214872,-0.84504694,-0.23537008,0.06785204,0.8291982,2.2902873,0.4145853,-0.505487,0.50417364,-0.35897806,0.16329777,0.323975,-0.7546655,-0.30030483,0.16694628,0.04806321,0.29476184,-1.3004255,-0.34556746,-0.08766176,0.7491668,0.4036912,0.6681741,0.23393734,0.5677908,1.5289224,0.79935306,-0.38983628
ン,-0.98300153,-0.4155655,0.56603265,1.6874723,-0.31168905,-0.06726455,-1.1635767,0.65056086,1.275941,-1.0797137,0.16460967,0.5326923,-1.7945608,2.707693,-0.9027284,0.092339,0.843771,-0.85714024,0.13922441,-0.37362504,0.9769965,0.72583777,0.3025591,-0.8466993,0.7120023,0.6052036,0.72196436,-0.7265251,-0.5913794,0.04171279,0.12645178,-0.47056675,-0.23095648,-0.5474834,0.6691111,-1.4058818,-0.9202967,0.84677905,0.10818627,-0.21005146,-0.532152,1.3156942,-0.23251069,-0.10013241,-0.22735214,-0.13170505,1.5061741,-0.6899605,0.6570988,-0.38367888,-0.6600334,0.10758474,0.6730016,0.99562216,0.056741614,-0.02137504,0.8497591,0.90963864,0.69223833,-0.66952974,0.45694062,1.3883051,-1.0248433,-0.04071327,0.6836,1.0859189,0.44685492,-0.8458762,-0.18462928,-0.71531034,-1.9488797,-1.006996,0.24823467,1.000064,-1.0860103,1.2268988,0.2837863,-0.64133793,-0.06516751,0.7364407,0.87885827,0.48614085,-0.984417,1.0272212,-0.6175122,-0.5257333,-0.35918817,-0.014390548,-1.5355282,-0.07429913,0.19666933,-1.156958,-0.922628,-1.4392729,1.0485104,-0.17781727,-0.9943106,-0.68253255,-1.6113745,-0.17724676,0.13854533,1.4593052,-0.090994276,-0.5422219,-0.49222887,-0.34515092,-1.1817104,-1.2584845,-1.0175327,0.9925352,-0.20937993,0.7830302,1.0729972,1.2117139,1.0862907,0.81738424,-1.1572124,-1.4499254,-0.3419018,-0.02302877,1.3360375,0.030142484,-0.85479975,1.1399126,0.3294116,0.993161,0.33748636,-1.1960479,0.2943593,-0.7849285,0.7134438,-0.14756352,1.4001542,0.89194965,-0.6124906,-0.53456604,-1.030136,0.05438973,0.489756,-0.48187783,-0.65511936,0.3642696,-0.30308628,-0.07028807,-0.30892265,-2.0685985,0.12778534,0.63633174,1.0604879,-0.47267225,-0.30120608,0.064360775,-1.132028,0.43518028,0.7851753,1.0075597,-0.29360428,-0.6566503,-1.5687685,1.7606348,0.46346068,0.99225825,-0.9489183,0.7554157,-0.06875915,0.6017516,-0.7836933,0.60511285,-1.3616933,-1.8973341,-0.61572385,0.43495965,0.2361808,0.065173775,1.0834694,0.13140798,0.3531828,0.28797206,-0.4786947,-0.03700885,0.6677547,1.3429729,0.012056261,1.0154427,-0.29716462,0.6179013,0.71376085,0.8193869,0.16931291,-0.39563474,1.0331513,-0.8008241,1.0710057,1.0729291,1.245807,2.2633443,0.8562165,-1.5717602,-1.833218,1.0280449,-1.3958049,-0.26601008,0.63459367,-0.89129585,1.6698503,-0.32783955,-0.95440334,1.4251604,0.45671988,0.62503546,-1.0262431,-1.178944,0.7884586,0.28650796,-0.7308647,0.09364787,-0.42272577,0.44021642,0.07650283,-0.20875926,0.5647335,0.619093,0.3129095,2.2322657,-0.9608653,0.006957264,0.51430935,-0.06202525,0.26825812,0.57894784,-1.0351988,0.2428918,0.9012374,-0.3232307,-1.1002938,-0.068273224,-0.47106242,0.3149638,-0.75374794,0.2248282,0.09157135,-0.6723924,0.21322553,0.043872137,0.22871284,0.79151464,1.6203793,0.58342963,-1.0636479,0.46512565,-0.023921857,0.8076789,0.40936017,0.19868712,0.75644034,1.0683041,-0.78368396,0.19514684,-0.2090408,-0.05270641,-0.13641812,0.28066346,-0.06700043,0.23509343,0.3043603,-0.2951215,-0.42471102,-0.4001496,0.22442178,-0.852365,-0.4478352,-0.64809674,-1.1781902,-0.18910348,-0.07381747,0.75172657,-1.209324,-1.0795437,-1.8592554,0.16747677,0.4525995,-1.5597277,-0.27771068,0.27776122,-0.4183426,0.6408829,-0.18115123,-0.50004,0.6811313,0.83321667,-1.9114852,1.5626062,0.4272686,0.5533941,1.1478662,0.37055722,1.5746866,-0.30036774,0.9574392,-1.1672959,0.8867964,0.6676317,-1.3958157,0.67689294,0.24781072,-0.4633844,0.21135448,-1.7564169,0.1043537,-0.6867759,0.26646763,-0.44595528,-1.4958711,2.463308,-1.7347064,1.521434,-1.5589061,-0.94775313,-0.43627587,-0.47956237,-1.0335015,0.9613528,0.43517712,0.7837224,0.30740085,0.2971464,-0.13161261,0.8584214,0.5365215,0.44168258,-0.64538866,1.02069,-0.7415951,-1.5853996,-0.04481906,0.91435355,-1.0285834,-1.857408,-1.5547167,-0.49042392,0.9045314,-1.0141476,0.14857921,0.70057994,-0.6768802,0.8181506,-1.2856902,-0.30431697,0.32415062,-0.5372386,1.2313744,-0.23483662,2.1786034,-0.70404893,-0.6891382,0.8350911,-1.9953537,-0.10797896,-0.9195521,1.6168362,0.79494685,0.34793368,0.6375594,0.23169713,-0.96186566,-0.61050487,0.40053353,-0.315234,1.6007973,0.18688674,-0.51744485,2.0006611,0.022637626,0.6374759,-0.1527804,-0.08882475,0.9270289,0.16852467,-0.3139806,0.092207335,-0.5106049,-0.08733222,0.57627904,0.17585196,0.16977914,-0.3190047,0.31080687,0.18448043,-0.7785705,-0.67265815,-0.44574133,0.33582392,0.79654425,2.046318,1.4970217,0.409619,-0.9272576,-1.0053769,0.5735933,1.0554698,0.10805509,0.73610777,-1.5766611,0.43283758,0.46599618,-0.4728082,-0.4833505,-2.141473,1.8856678,0.9151762,0.8628176,1.140128,-0.74623555,-1.2591673,-0.3302103,0.31729963,0.336648,-0.70648223,-0.39888966,0.81069994,-1.3643923,1.3893045,-0.014727275,0.36861482,-0.24094327,0.42768255,0.76852703,0.68863773,-0.32338718,-0.9756916,0.059712727,0.2710971,-1.9089586,-0.11171033,0.34513512,-2.2651198,0.91183805,-0.6318784,-0.34811512,0.20704679,-0.88893515,-1.2387131,-0.7644343,0.07495871,-0.7425615,-0.69428855,0.25401118,-1.4713222,-1.3789324,1.2472935,1.5817477,-1.1759125,0.56593674,0.39921165,-0.09110006,0.41355518,-0.53641814,-0.6891126,0.95889014,-0.42157817,-0.15072578,-0.34320283,-1.8555132,-0.7510603,0.08304971,-1.2030863,-1.0464073,1.12814,0.7221334,-1.7727674,-0.49801412,-0.018939978,-0.71227616,1.0438331,0.95584697,-0.411713,-0.6058621,-0.49841127,-0.77389735,0.51969343,1.014452,-0.019744158,-0.6823153,0.92322755,0.04070556,0.14882632,2.0231678,0.40878522,0.6490795,0.77984524,0.11081734,-1.0033225,0.80831456,0.35368827,0.016986787,1.1577362,-1.6023688,-1.0902667,1.3554667,-0.5957942,-0.9089136,-0.05909103,0.5597542,-0.19912183,0.74353075,0.5472266,1.0017663,1.6573105,0.59329516,1.5580972,-0.3033664,-0.8447728,-0.19485156,0.39265504,-1.0438787,-1.271355,0.72116464,0.9844143,2.180906,-0.41948223,-0.06723098,0.24151278,-1.0263594,-1.1079917,0.3093712,0.43094036,-0.8254185,-0.86646706,-0.06332358,-1.4276727,0.17257898,-2.34044,-0.53709,0.81650203,0.84462565,-1.2203467,-0.06439219,0.46766493,0.18204106,-1.0501016,0.6946586,0.78326845,1.1725898,-0.0496572,-0.83758146,0.46970442,-0.674079,-1.1373305,0.31958583,-1.0970248,-0.575131,-0.0744902,-0.5845535,-0.20669891,-0.77952355,-0.6044255,2.1520538,0.082043864,-0.9185521,0.22253205,-0.5261585,1.5359894,-0.064436875,-0.051181097,1.3734463,0.54039097,-1.5243874,0.21798308,-0.85542315,0.41506043,-1.3018612,-0.034156036,1.2386956,0.9015853,-0.5758025,1.1689768,-1.0078367,-0.007908602,0.7457952,0.4149824,-0.38748348,0.5242956,-2.4194725,1.1622149,-1.6844392,-1.0539175,-0.21645029,0.6742496,-0.8330503,-0.10944577,-0.02896581,-0.03719321,0.21431029,-0.7508468,1.5077811,1.4589895,-1.1546689,-0.59419805,0.65059656,0.51495296,-0.21314873,0.2678579,2.850283,0.5418891,1.2446953,-1.2342061,-0.7365749,0.38290682,-0.91981906,-1.2794142,0.879679,-0.18686402,0.2473511,0.2602645,-0.7092013,1.2269578,-0.921463,0.21409364,0.6759103,-0.31820133,-0.3976141,0.5992459,-0.5048948,-1.850866,-1.5777878,0.38592264,0.5986938,0.06977593,0.505153,0.21254615,2.2293673,0.767914,-0.07885381,-0.044407587,0.675219,1.0208477,0.6216195,-0.4213452,-1.0915006,0.14610533,1.2979532,-0.7438555,0.25544298,-0.570318,-0.31102622,-1.8249297,0.94141865,0.78514266,0.0723761,1.0710034,0.2588788,-0.20171197,0.56586844,-0.13874376,-0.112915345,-0.37147847,-0.39860797,-0.098075904,0.02653096,-0.65861636,-0.023678908,-0.79616433,0.2607092,-0.2934504,1.1252183,-1.2304684,0.1539566,-0.34494713,1.3038919,-0.0029329557,-0.14207353,-1.0528399,-0.32728684,-1.186172,1.6206897,0.64442295,0.20684172,-1.9148487,-0.13949423,0.91470474,-0.122317396,-0.6190088,0.17906947,-0.027800957,-1.2998866,-0.19361925,-1.342724,-0.27643362,0.7031212,0.29506767,-0.88712114,0.9834533,-1.3732249,0.71956736,-0.36691424,-0.9000632,-0.50555253,0.2154966,-1.1863168,1.8682971,0.8817099,-0.21750443,0.22888029,0.82760936,0.5784916,0.1973,-0.57700497,-1.7603561,0.8003402,1.2100364,0.5076198,-1.5758578,-0.36040378,0.50118256,-0.5676675,1.224771,-0.99726754,-0.65625525,-0.89883274,-0.28409854,-0.8208704,-0.45395324,-0.7909382,-0.2739093,-0.8992724,0.5462895,-0.48836255,-0.07167346,0.53643376,-0.9861,0.6160726,0.38968936,0.88162214,0.49186483,0.85966486,0.103876404,-0.33135036,-0.17882437,-1.0777841,-0.559151,0.92877555,-0.8454973,-0.042367086,0.5398339,0.9609201,1.8300844,-0.23749979,-0.73384255,0.83721066,0.025537232,0.10152552,0.92404795,-0.74196106,-0.94012475,0.27121046,-0.1392123,0.46795306,-1.0511086,-0.31836227,0.3135307,0.9676833,0.86635685,0.67449164,0.056276593,0.22789009,1.6811376,0.6707011,-0.6331894
ノ,-0.90962774,-0.77467394,0.500885,1.4605522,-0.60362494,0.23585688,-1.3372402,0.31580296,0.89286995,-0.54047793,0.6217856,0.6171453,-1.5976621,2.11311,-0.97152877,0.13724183,1.145359,-0.9639532,0.14358987,-0.29104,0.7582469,0.46638933,0.4419476,-0.8744959,1.0771092,1.1564627,0.38203144,-0.42151403,-0.8450615,-0.17831248,-0.19553858,-0.031526268,-0.50813264,-0.22761731,0.4236525,-1.4336721,-1.012149,1.2301362,0.08310389,-0.7087839,-0.70081156,0.9065347,-0.5023394,0.43528154,-1.0011528,0.055794675,2.0784886,-0.5990802,0.8431689,-0.66914123,-0.37275884,0.1372291,0.13465619,0.8101135,0.18945986,0.033370357,0.8944401,0.820254,0.09886387,-0.3047373,0.3974911,1.4744114,-1.4843584,-0.024572304,0.8441598,1.146304,0.19450946,-0.6546544,-0.37724993,-0.009391774,-2.1871192,-1.0619107,0.041063968,1.3905439,-1.3396035,0.9243061,0.28149027,-0.39268795,0.2891603,0.3196668,0.3740139,0.3255781,-0.6676576,1.1653445,-0.41716954,-0.748954,-0.71044046,-0.19065286,-1.5231318,-0.11353892,0.099556684,-1.3810514,-0.8506718,-1.7263843,1.2876941,0.045486074,-0.8416939,-0.6900088,-1.8433142,0.5155718,0.044796806,1.1235447,-0.31567904,0.03409202,-1.1216768,-0.3472358,-1.0735916,-0.9512319,-1.0095519,0.9287329,-0.5311492,0.46007076,1.0838215,1.6960655,0.8363614,1.1743757,-1.0992149,-1.016663,-0.3211256,0.04716623,0.999068,0.10162566,-0.5054429,0.6581888,0.19916092,0.7789065,0.1746518,-1.0599347,0.50763696,-0.47678542,0.9003896,-0.07446605,1.7863784,0.87061214,-0.6623589,-0.21605825,-0.5913748,0.21291311,0.7547748,-0.5756137,-0.5631828,-0.013850465,-0.16542423,-0.4227942,-0.036949184,-1.4694319,0.63779426,0.38669983,1.2905174,0.018556176,-0.14076544,0.122509204,-0.9789181,0.34455085,0.46261385,0.296716,-0.122353695,-0.013164982,-1.0510033,1.5122782,0.40906796,1.3515524,-1.0736424,0.47515678,0.056776226,0.55373174,-0.7088242,0.420959,-0.9140615,-1.7554444,-0.3810782,0.042440504,0.32308406,0.09524854,1.0338908,-0.41147637,0.57470274,0.42680332,-0.9644272,-0.2068255,0.71135205,1.062071,-0.38521793,1.4712048,-0.5007363,0.45398057,0.55064136,0.72218126,0.4690012,-0.18603122,0.67881227,-0.5115071,1.0065328,0.63704497,0.95725274,2.352662,0.44994786,-1.8538922,-1.3561563,0.7727239,-1.6841879,0.0031452377,0.7047181,-0.7641845,1.4985083,-0.23827052,-0.9296015,1.8231572,0.52657515,0.45304966,-1.6217841,-1.1527281,0.43990293,0.48277536,-0.98082083,0.19371623,-0.48496756,0.37330008,-0.6058599,-0.31668797,0.75785494,0.7221187,0.40702704,1.524253,-0.63723904,-0.38921165,0.5242405,0.077315,0.22516541,0.48607433,-1.0653164,0.3655773,0.88973427,-0.043958385,-0.5610659,0.09341552,-0.82713556,0.7484851,-0.8308249,0.19356628,0.24737293,-0.30981195,0.15634745,-0.1753162,0.46257022,0.7965277,1.7645673,0.490713,-1.4017507,-0.07848405,0.1372775,0.5172207,0.3261331,0.34882835,0.7845722,1.0225332,-0.9185893,0.3336896,-0.28098488,-0.21407557,0.06352664,0.5822136,-0.25847214,0.2456574,0.65684044,-0.75806236,-0.86116385,-0.11139307,0.0130567355,-0.69035393,-0.8324768,-0.3850063,-1.3416413,0.035647288,-0.19883955,0.422259,-1.0066804,-1.0259686,-1.3968874,0.080877006,0.5495578,-1.2433442,-0.32596123,0.14840011,-0.6087447,0.78771263,-0.34990183,0.07065154,0.6479,0.69533426,-1.5454645,1.0041531,-0.11430516,0.8380254,0.926367,-0.09189129,0.97401863,-0.108553804,0.9294968,-0.9965339,0.98014253,0.9367339,-1.4848112,1.304828,0.11986997,-0.52399945,0.47404134,-1.8991762,-0.51640826,-0.90760356,0.058067728,-0.054952633,-1.4215187,1.8897694,-1.6218206,1.3718376,-1.3901535,-0.42058364,-0.49061096,-0.5904017,-1.5682033,0.8416675,0.20759203,0.36441484,0.61668986,-0.0031012793,-0.30968046,0.81836385,0.63853174,0.49804306,-0.5211031,0.652639,-0.5717103,-1.2815825,0.37493125,0.7414212,-1.4954065,-1.8515558,-1.6844212,-0.6055321,0.94714063,-1.0216123,0.2363102,0.90570647,-0.16328478,0.6620331,-1.2538023,-0.24972276,0.5970001,-0.14818658,1.6622659,0.052047815,1.4403766,-0.8663433,-0.3113073,0.59880966,-2.1437428,-0.6923165,-0.23529108,2.0685728,0.7271114,0.5820169,0.7400413,1.0036527,-0.83656746,-0.57091075,1.0567077,0.024410725,1.5653205,0.22490788,-0.65046966,1.4009576,-0.2856501,0.5502903,-0.14844911,-0.29379666,1.7461916,0.1558513,-0.46969244,-0.53513676,-0.43859473,0.14411564,0.08014218,0.0139768375,0.09539837,-0.36193874,0.8640689,0.9714468,-0.69801307,-0.80495876,-0.5289192,0.70136696,1.0129472,1.7360201,1.5363268,-0.15300211,-0.48742017,-2.0525117,0.3633065,1.20902,0.532311,0.09179014,-1.3021351,0.061984956,0.55631596,-0.5164859,-0.7148115,-1.906295,1.8771569,0.50196606,0.7430219,1.5532476,-1.0530084,-1.0345689,-0.2844879,0.616596,0.057936203,-0.51204735,-0.5308264,0.7260136,-1.0036916,1.4035419,0.59608287,0.17718685,0.047848742,0.30303672,0.63113576,0.33230206,-0.5267532,-1.0384547,0.4081209,0.7644229,-1.4940509,-0.40478745,0.05153957,-2.0653934,0.6672179,-0.6232167,-0.4960791,0.044007,-0.98945785,-0.5982258,-0.43276694,0.051606476,-0.5985871,-0.48227546,0.28516018,-1.1959044,-1.481089,1.1485074,1.7585062,-1.231319,0.3815291,0.13902245,0.15872873,0.5738085,-0.397642,-0.33683515,0.3604968,-0.4199252,0.039863616,-0.39103997,-1.4066206,-0.62506133,0.11326369,-1.3319792,-1.017397,1.1088642,0.9668536,-1.5821916,-0.48793888,-0.5248542,-0.49147263,1.339923,0.759866,-0.11108898,0.039452456,-0.1059391,-0.24545063,-0.18269241,1.1864475,-0.3112103,-0.28226802,0.8728518,-0.22904891,0.18038891,1.4956297,0.44348565,0.6730823,1.0104119,0.12082406,-0.55130047,0.263126,-0.26204893,-0.033450272,0.49054313,-1.5349131,-0.9712672,1.3937546,-0.8584041,-0.9738717,0.19466968,0.5511262,-0.3701569,0.3298582,0.121544056,1.1445326,1.53696,0.80903226,1.6709018,-0.19255418,-0.92382574,-0.49463335,0.41146985,-1.0182381,-1.1675361,0.17467026,0.85528,2.1287067,-0.30274215,0.68521684,0.70207113,-0.83788514,-1.5748831,0.33803537,0.3764406,-0.56631625,-0.7737468,0.14073811,-1.2658783,0.07846833,-1.7755352,-0.16446446,0.7333636,0.73768765,-0.8877456,-0.06969273,0.7306547,0.33066276,-1.5600771,0.11328477,0.7729039,1.0393852,-0.23049597,-1.1179901,0.17978416,-1.0759937,-1.7861271,-0.24986471,-0.79773706,-0.9197697,-0.07596832,-0.2679107,-0.082360364,-0.62198883,-0.58065957,1.4755863,-0.1683126,-0.49370065,0.70432884,-1.0671229,1.6103991,-0.27559078,-0.5187896,1.0456897,0.48914728,-1.862546,0.23910962,-1.3755273,0.43182206,-0.9670198,0.165127,0.9969458,0.78311235,-0.46762565,1.2590097,-0.17743872,0.15496518,0.36320361,0.43010697,-0.24883084,0.25482878,-1.8924875,1.3641809,-1.5337515,-1.0753027,-0.027668491,0.44953012,-0.6642653,-0.5070019,-0.40791097,0.34026083,0.3598187,-0.96412593,1.1545156,1.6522292,-0.5244785,-0.6827951,0.5983563,0.38399825,-0.37360203,0.07548758,2.6169174,0.8241609,1.0044609,-1.2166198,-0.61499786,0.2545627,-0.6881259,-0.6116426,0.037879374,-0.38794053,0.34886646,0.5024221,-0.3925512,0.65279865,-0.9689315,0.25339016,1.0987844,-0.6624399,0.11864859,0.3669845,-0.5060549,-1.3701814,-1.0491656,0.78814536,0.9315463,-0.59224725,0.4320751,0.45825028,1.7758723,0.75256735,-0.048715103,-0.46456513,0.1319661,1.3161122,0.68636245,-0.89650375,-1.239458,0.27111763,1.381131,-0.5860607,0.5904339,-0.30239543,-0.46711484,-1.4097877,1.3488587,0.65531725,0.056747746,1.4587297,0.29190496,0.30900252,0.40785456,-0.3730586,0.022646269,-0.54135585,-0.39755544,-0.2797694,-0.19121456,-0.6735135,0.012122467,-0.68350935,-0.12223617,0.0053707403,0.86322474,-1.2076713,0.5729118,0.013062666,0.992606,-0.076622814,-0.23320611,-0.72225285,-0.432157,-1.1834193,1.8574113,0.9060351,0.21849991,-1.8240801,0.3495494,1.1010753,0.13889866,-0.470307,0.6897211,-0.10838074,-1.6361488,-0.53049046,-1.275102,-0.5321925,0.78419614,0.40277624,-0.6829675,0.6457403,-1.8879193,0.4039956,-0.20605342,-0.8401441,-0.14039099,-0.041404035,-0.9964118,1.687096,1.4963118,-0.14197253,0.3053141,0.9155104,0.97739047,-0.052684635,-0.31246206,-1.6387144,0.55121356,0.89972925,0.7766242,-1.4774199,-0.08687458,0.36540815,-0.41886857,1.6724787,-0.6749535,-0.549445,-0.7267758,-0.3351204,-0.8356654,-0.49592516,-0.6913888,-0.31180286,-1.1753024,0.26469815,-0.6792981,-0.33508837,0.27874663,-0.79116195,0.04448235,0.3205981,0.96153903,0.48010936,0.5679261,0.33415222,-0.6151059,-0.19960374,-0.99074364,-0.54921025,0.91621107,-1.2753143,-0.14981462,0.27513614,1.465714,2.0236325,0.28062972,-0.4021004,0.52959985,-0.38904747,0.37071633,0.30279604,-1.0054888,-0.31961986,0.048149925,0.29706022,0.3141569,-1.1207108,-0.5750594,-0.07792535,0.73741555,0.3231925,0.6557444,0.38739967,0.49475667,1.5722628,0.590022,-0.051799465
ガ,-0.8684544,-0.3784503,0.2759155,1.2068161,-1.020157,-0.6528733,-1.6792989,0.8706846,0.52202964,0.33096063,1.2555643,-0.15047695,-1.368261,2.444295,-0.667738,0.39177856,0.322425,-0.72522527,0.9633332,-0.10406443,1.1695697,0.015890637,0.7940032,-0.850266,0.7563553,0.97004604,0.2959926,-0.26092446,-0.46067417,-0.86602014,0.22858977,-0.44420633,-0.45894197,-0.60962903,0.22237654,-0.8010016,-1.5349277,1.152034,-0.73932475,-0.99492556,-1.0639797,0.42628372,-0.26777634,0.13693784,-0.635819,-0.18436337,1.5828379,-0.58552134,0.842889,-0.5216022,-1.1967515,-0.48251238,0.4584012,1.1155891,0.28470975,-0.1915174,0.89808196,0.69014645,-0.15684256,-0.52479285,0.6783678,1.0291032,-0.7835884,0.24616963,0.3676938,1.2645222,-0.051541954,-0.015977275,-0.21830857,-0.47952256,-2.5860355,-0.7906745,0.10638395,1.6644477,-1.5907899,0.6948006,0.70175344,-0.5676568,0.5380472,0.25401103,0.39599583,-0.11802176,-0.7019747,1.4338721,-0.85465735,-0.7919626,-0.41029653,-0.6686609,-1.1677076,-0.6180942,-0.17583817,-1.8652333,-1.0285428,-1.3039353,1.13413,-0.20856869,-0.8430249,-0.8391204,-1.5969325,0.034316894,-0.11630767,0.9455116,0.20556404,-0.17870636,-1.2468084,0.055232868,-0.5763409,-0.5583923,-0.57879025,0.7539267,-0.009513229,0.7057975,0.21249397,1.3533195,0.3666346,1.1395335,-0.7791818,-0.8233113,-0.52238727,0.27732578,1.1669198,0.23414333,-0.67847896,0.5307216,0.58694106,1.0143379,-0.17291631,-0.8941087,0.7129166,-0.06839418,0.74404,-0.23910211,1.8653892,0.89525014,-0.72873354,-0.35197684,-0.3858181,0.086307496,0.35011446,-0.47991833,-0.5425,-0.13236654,0.005288268,-0.17545824,0.53471255,-0.8937859,0.034977484,0.20339899,1.4787855,0.37872365,0.23533374,-0.49741915,-1.3536696,0.6013195,0.8810818,-0.25240037,0.3707813,-0.058546495,-0.9765993,0.8975851,-0.06976854,1.1306931,-1.0807955,0.783242,0.09051447,0.39364445,-0.7958052,0.75547314,-0.76574105,-1.9114372,-0.13928548,0.0011168221,0.61375827,-0.19390482,0.0023642182,-0.31775612,0.6400335,0.14017433,-1.0508105,0.20807964,0.45608416,0.686856,0.112709336,1.0235707,-0.579089,1.1142987,0.6329546,0.34650746,0.14159209,0.015945131,1.2657394,-0.9990633,1.0992736,0.5888587,1.2332745,2.762679,0.9167054,-1.265236,-1.2369871,1.0406641,-2.0545628,-0.36614648,0.8164165,-1.0973955,1.5088978,-0.7801284,-0.7524722,1.8539721,0.14029823,-0.11895252,-1.525115,-1.2278968,0.7271139,1.0791501,-0.6211904,-0.049534824,-0.8662519,0.66407007,-0.681554,-0.5519621,0.7944214,0.697851,0.77679926,1.1394424,-0.84742147,0.6327953,0.37348196,0.7266021,0.5962413,0.5209384,-1.0439724,0.42918253,0.7044316,-0.23899518,-0.9023433,0.37395868,-0.5141972,0.664078,-0.22031285,-0.13719879,0.3481426,-0.10500761,0.09513929,0.052064102,0.6995785,0.7927968,1.750372,0.27196077,-1.3207289,-0.15449123,0.6088792,0.84190494,0.23085117,-0.054466743,0.6950601,0.5813133,-0.21815808,-0.16673684,-0.011092435,-1.0634719,-0.19634645,0.5318565,-0.16108543,0.43980113,0.34851852,-0.47706243,-1.0483166,-0.021620175,-0.02605269,-0.2966901,-0.99799633,-0.755223,-0.9177305,0.17757459,0.33782384,0.01593717,-0.36172318,-0.64715636,-0.1001985,0.5620861,0.85013443,-1.2640766,-0.3671447,-0.09999562,-0.79747915,0.2760732,-0.20130496,0.036843453,0.47113475,0.8195328,-1.6240462,1.2975639,-0.031857137,1.0484614,1.2466131,0.585941,1.257197,-0.09313208,0.13010941,-0.6690516,0.95515627,0.36535874,-1.9010705,0.5867641,-0.49785018,-0.48663616,1.0889939,-1.2163376,-0.39819202,-0.47302946,0.49529743,0.13898538,-0.64442533,1.6782249,-1.627532,1.4505852,-1.4177527,-0.39610127,-0.13045599,-0.82187873,-1.2746394,0.661652,0.1131781,-0.026487013,1.0486566,-0.13144022,0.19752765,0.5750956,0.45197916,1.2128564,-0.53436357,0.5755473,-0.9189251,-1.4191102,0.50369555,0.7708719,-1.0070163,-1.4733499,-1.5413288,-0.5557024,0.68530685,-0.23770638,0.12247753,0.79375416,0.55531263,0.21602564,-0.8745594,-0.44309032,-0.04783378,-0.3685867,1.3676597,-0.46868798,1.2386943,-0.95629096,-0.6607666,0.2306791,-1.9639906,-0.130192,-0.4955039,2.4170973,0.7754793,-0.12079773,0.033901643,0.8419886,-0.9780255,-0.8042743,0.65031266,0.4269043,1.3229687,0.33501533,-0.55320615,1.1409024,0.33734176,0.6766162,0.025500625,-0.56500405,2.3221123,0.23949482,-0.74410576,-0.29459497,-0.48057786,-0.14950469,0.04483903,-0.030492319,-0.17053203,0.0074104317,0.7773106,0.830617,-0.91819626,-1.1077112,-0.68104434,1.2984415,1.4077845,1.4201808,1.4274238,0.20286171,-0.45915815,-2.0345411,0.25305045,1.0974625,0.254944,0.3781871,-1.6757342,-0.030623868,0.4112831,0.108274795,-1.2312452,-1.6871791,1.71283,0.3197874,0.1965012,1.7033983,-0.3721423,-0.81760234,-0.33688208,0.7876311,0.23133391,-0.9656525,-0.6007604,0.9782655,-0.80598253,0.7092659,1.0600599,0.52652436,-0.12809527,-0.12997165,0.13021131,-0.3753922,-1.0719572,-0.50082654,0.19238394,0.5415683,-0.99147815,-0.5068354,0.29151073,-2.3937871,0.5762318,-0.81465197,-0.29514182,-0.33788705,0.1703908,-0.5399472,-0.5747482,-0.06743861,-1.0394856,-0.48302662,0.27151126,-1.1618878,-1.1882809,0.8545695,1.2336373,-1.2231989,0.43962717,0.26194093,-0.25270328,0.3131119,-0.11387431,-0.57278067,-0.024585584,-0.7948703,0.02031891,-0.34439948,-1.5258598,-0.6112272,0.5293073,-1.5595857,-1.215297,0.8893242,0.5573937,-1.3420477,-0.7122646,-0.23221172,0.06914604,0.88802356,0.6657162,0.0026518207,-0.04171214,-0.69668204,-0.047164574,-0.12511043,0.6762034,0.26454115,-0.11076376,0.269524,0.24117213,0.068214096,2.0229402,0.2603468,0.7695105,0.9512351,0.57177335,-0.92029923,0.18937941,0.034146484,0.027945707,0.9880008,-1.9437753,-0.8060139,1.6807426,-0.037605286,-1.1866134,-0.21011178,0.3422742,-0.64490086,-0.07689506,0.15832126,1.1666228,1.4857022,0.7512569,1.5394831,-0.108462684,-0.7705831,-0.6433715,0.2086306,-1.258192,-1.0015192,0.35291493,0.68513036,2.3038201,-0.8628035,0.2757293,1.0646813,-0.86021525,-1.3141558,0.75495476,0.31507155,-0.5131364,-0.50004274,0.10619537,-1.1387606,0.5077648,-1.540329,-0.13044524,0.10435065,0.9603167,-0.046681453,0.06894127,0.58325475,0.1352071,-1.2566526,0.13124071,1.247877,1.4302541,-0.26175836,-1.1482667,0.3821082,-0.2938018,-1.5669404,0.011242489,-0.6076312,-0.37982702,0.056064785,-0.8118674,0.12566714,-0.8215371,-0.48484764,1.4465917,0.1408647,0.065464236,0.5057713,-1.2652098,1.5841379,-0.22391307,-0.7004647,1.3758019,0.33906102,-1.4215783,-0.10711684,-1.3286151,0.55535907,-0.65717334,0.7178371,0.97132087,0.9668905,-0.7535592,1.3045986,-0.15542974,0.24919808,0.23721309,0.65093136,-0.2741303,0.5652184,-1.7766113,0.68136525,-1.3664767,-1.390216,0.3811097,0.15303124,-0.9144676,0.06792817,-0.74421024,0.53104395,0.20227616,-0.81012315,0.78220636,1.7345768,-0.7042654,-1.1749834,0.73986864,0.1522818,-0.21797006,0.0478428,2.3903801,0.9249184,0.8015511,-0.8790571,-0.67001027,-0.12227019,-0.19370228,-0.7676118,-0.285822,-0.949343,-0.4949694,0.42310843,-0.5202695,0.80654377,-1.1389173,0.22579932,0.44502592,-1.025416,-0.005099257,0.51506287,-0.2577437,-1.0732317,-1.2349981,1.2159892,0.89976645,-0.5513121,0.28351387,0.9314341,1.5741755,0.50762385,-0.576003,-0.6863218,0.3511839,0.82171553,0.86669713,-0.92899513,-1.7085148,0.8720313,0.8349785,-0.7773954,0.8253045,-0.39861616,-0.51663053,-1.9723111,1.2001793,0.50219184,0.28300655,1.3669533,0.4804058,-0.17417188,0.49225256,-0.16656338,0.0058170655,-0.22364868,-0.51343024,-0.14224638,-0.5698932,-0.57543147,0.081082635,-0.7555799,0.29140332,0.13622962,0.6573791,-1.3921037,0.017638043,-0.40855327,0.6837595,0.17816581,0.20489033,-0.8077502,-0.58860976,-0.8475938,1.5072366,0.5684865,-0.30193606,-1.7275224,0.2963914,0.7897122,0.61404467,0.23815183,0.054052893,0.3983061,-0.90285045,0.04112756,-1.1459391,-0.5177741,0.2846334,0.51941067,-0.61309654,1.1089338,-1.4209081,0.4918476,-0.0019683272,-0.582359,0.31980625,-0.1770153,-0.34870496,2.2844472,1.4243993,-0.091561146,-0.43980607,1.1441153,1.1374925,0.02765046,-0.24860795,-1.7156919,0.3033245,1.3797884,0.25667167,-0.8240201,-0.36042824,-0.014927509,0.15959044,1.3946991,-0.56459737,-0.85638446,-0.7937191,-0.16482568,-0.61539865,-0.60189843,-0.34311703,-0.12152145,-1.2669032,0.059088808,-0.37185097,-0.5213442,0.3787295,-0.5119009,-0.008140708,0.06744049,1.4267181,0.5971012,0.77399206,0.38171473,-0.43311772,-0.33804807,-1.4779319,-1.004574,0.8648107,-0.7821944,0.79034024,0.10776758,0.94670814,1.3833561,0.3703281,-1.0304967,0.18923914,-0.06646333,0.56507176,-0.25420317,-1.0789323,-0.3362483,0.124015965,0.7560823,0.79264545,-1.7719783,-0.38253334,-0.42014322,0.05829522,0.27334234,0.5401395,0.11951804,0.48156214,1.7487739,0.22267725,0.37703404
ク,-0.5458155,-0.3868974,0.8711446,0.39640814,-0.5858997,0.10463026,-1.3554047,1.1584251,0.62219447,0.08499995,0.6002823,-0.35337836,-1.180615,2.5233862,-0.6959705,0.06493528,0.629225,-1.4174297,0.61888295,-0.24331027,0.43509224,0.046961978,1.013318,-1.3835938,1.3542049,0.7392296,0.817719,-0.4840361,-0.4585797,-0.48605594,-0.17443709,-0.34932852,-1.2705429,0.1611017,0.66935,-0.97365713,-1.5484359,1.3878797,-0.27556995,-1.1456409,-0.6170996,0.8854202,-0.012691289,-0.26838753,-0.55899256,-0.21570578,1.9330215,-0.51214224,1.4485377,-0.37356153,-1.2929367,-0.6308363,0.4500077,0.62387556,0.6362396,-0.4381855,1.6024745,1.2538505,0.2807188,-0.31042683,0.26600057,0.59576166,-0.36017415,-0.7018478,-0.22559237,0.5012082,0.07470245,0.035677962,-0.39973325,-0.109480955,-2.6675882,-1.2161492,-0.8037325,1.6814373,-1.6529179,0.75901425,0.2789995,-1.1710603,0.26988164,-0.06908886,0.34782112,-0.5316727,-0.10041781,1.2931603,-0.24208683,-1.2743022,-0.17969856,-0.72466314,-1.3890846,0.004224874,-0.8540562,-1.5600514,-1.0789027,-1.3392495,1.488522,0.17539832,-1.1332084,-1.0852822,-0.89288276,0.015096463,0.0312988,1.1101263,0.41934824,-0.47987857,-0.5227746,-0.7051636,-0.8833135,-0.41249305,-0.88791704,0.49266383,0.09855194,0.48061752,1.1969786,1.4084356,0.8762425,1.2801512,-1.3635603,-0.84980476,-0.21823101,0.53010666,1.2732506,0.74116385,0.0040151924,0.35610646,-0.0016346537,0.9202529,-0.23805046,-1.5094495,-0.07445595,0.46036634,0.64247096,0.3752042,2.443399,0.72867733,-0.9735007,-0.49040177,0.07714525,-0.2664785,1.0920122,-1.3435724,-0.6923912,0.3101061,-0.40448582,-0.40329605,0.16570887,-0.954653,-0.22562085,0.5806787,1.6068015,-0.07454461,-0.5396473,-0.3730025,-1.6432652,0.8542615,1.2129545,0.071448825,-0.61024547,0.734615,-1.0283676,0.87151,-0.86732864,1.6126219,-0.7542572,0.8326225,-0.07999304,0.9247312,-0.55328923,0.6357542,-1.3885877,-1.963326,-0.73700875,-0.23484236,0.71122396,0.011192419,1.12075,-0.2353501,0.37165868,0.59916747,-1.7277911,-0.3958544,1.607273,0.87536883,-0.5387083,1.2927277,0.06081432,0.4194533,0.7348386,0.5381806,1.0427866,0.1297838,1.5639521,-0.62434304,1.1228203,0.6737281,0.9546231,2.3573618,0.89464754,-1.7757105,-1.228534,1.4481068,-2.2289839,-0.6486067,1.1696298,-1.549864,1.0735413,-1.3825599,-0.65542483,1.6750886,0.3361712,-0.31084144,-1.0149977,-0.8111,0.8085611,1.1325092,-0.5550714,-0.2070097,-0.8828516,-0.32301497,-0.3966799,-0.5885648,1.0922592,0.9365151,0.09259408,0.7732598,-0.9065296,0.31985044,0.21507359,-0.15637086,0.5492161,0.94612,-0.94669014,0.6962202,0.786499,0.1875782,-0.52622336,0.7485484,-0.43824232,0.61787724,-0.48914936,0.7358277,0.64199424,-0.13136637,0.29346484,-0.23044644,0.55936456,0.79912394,1.6767341,0.022129923,-1.9738784,-0.1482162,-0.20724732,1.2209618,-0.049650162,0.57216334,0.1443028,1.6425214,-0.5163386,0.669609,-0.15342584,-0.9619748,-0.5082358,0.67418945,0.72067654,-0.075390026,0.020440117,-0.5132336,-1.064386,0.3261547,0.023083039,-0.5094303,-1.4052346,-0.36674476,-1.137497,-0.0041648597,0.758255,0.55373484,-0.6109693,-1.3313313,-0.56041425,0.89460593,0.64629614,-1.5106602,-0.17421766,0.08262955,-0.9063923,0.67085856,0.6418039,0.4092592,-0.14338715,0.18923734,-1.3491981,1.0414382,-0.5801399,0.6379621,1.7742221,0.07671402,0.8746978,-0.72238624,0.10548409,-0.2713564,0.0875124,0.5179613,-1.9665118,1.1134583,-0.23977228,-0.47925043,1.3199446,-1.4884446,-1.0525312,-1.3485187,-0.34646735,-0.5872748,-1.2056159,2.2067137,-1.9983587,1.9225705,-1.5868038,-0.32163757,-1.0837861,-0.5711063,-1.5966002,0.0746806,0.21149507,0.5413514,0.77723044,0.35146266,0.24657279,0.5221616,-0.3167026,1.0158604,0.3469141,0.00946225,-0.9105357,-1.3939447,-0.38390055,0.36580685,-1.6872487,-1.0366204,-1.5144343,-0.46729442,0.32784325,-0.6735604,-0.80118454,0.824709,-0.18391986,0.5827429,-0.5827484,-0.7013434,0.5283829,-0.43676075,1.3699428,-0.43374866,1.3847864,-1.5070553,-0.5356709,0.6085055,-1.8411565,-0.30412838,0.2869814,2.407109,0.6457009,0.9020139,0.56757224,0.68394405,-0.33268,-0.4895832,1.0276749,-0.045906346,1.8609815,-0.0851135,-0.27973914,1.3350474,-0.40261716,0.6929114,-0.31240925,-0.28900588,1.4692981,-0.081453755,-0.93219155,0.13926342,0.08026874,-0.3586312,0.033528894,0.453256,0.47286803,-0.36295366,0.6339979,0.4380613,-0.07450023,-1.0084147,-0.6228503,0.7576822,0.79271126,0.97490406,1.1681716,-0.8108717,-0.43836135,-1.7811947,0.605581,1.0040245,1.3147571,-0.167893,-1.7052013,0.3311239,0.07419274,0.34833843,-1.6553104,-1.8024527,1.3443136,1.0003645,0.44171932,1.7369585,-0.6711395,-1.3962774,-0.859534,-0.27125412,-0.18064219,-0.87218,-0.62714785,-0.010837279,0.3867092,1.1506829,1.3862661,0.6540459,-0.13446647,-0.7262737,0.47279903,0.47174156,-1.2935326,-0.1841105,0.21772046,0.46012774,-0.9202094,-0.9272206,0.6927495,-2.175346,1.2304852,-0.44263566,-0.045983646,-0.28056636,-0.2309919,-1.1769696,-0.1147317,-0.17939393,-0.8423935,0.15381433,0.8913573,-1.5869333,-1.057596,0.23233432,1.2431573,-0.6355457,1.0735955,0.123256706,0.22712126,0.8661781,-0.22902492,-0.3718553,-0.23116282,0.1415732,0.04273298,-0.71921694,-1.720814,-0.008517016,0.7026401,-1.2730513,-1.2365774,1.0416247,0.5247974,-1.600224,-1.1803324,-0.10554324,-0.25195414,0.5068514,0.9200279,0.1527654,-0.034419656,-0.82129866,-0.513104,-0.27015728,0.4370521,0.040375866,0.21031408,0.6036357,-0.6313445,0.66452867,1.7886848,0.6754474,1.8900384,1.0718653,0.4805101,-0.029663406,0.34580693,-0.0987822,-0.41148797,0.6079725,-1.2538632,-0.93170756,0.9290949,0.14791736,-1.2137632,0.20079254,0.8136052,-0.8748599,-0.33480066,-0.38701016,0.7101877,1.5773817,1.6476058,1.7016315,-0.0072930604,-0.09416239,-0.4556728,0.751917,-1.5285052,-0.72745776,-0.4230907,0.7615205,2.0320756,-0.1838709,0.72717166,0.8861974,-0.59687275,-1.158519,-0.10473009,0.3385114,-0.27281335,-0.47002485,0.5432472,-1.1262257,0.3810807,-1.8408611,-0.016421646,0.9318776,0.95625687,0.14074525,0.27446365,1.1397567,0.42416656,-1.2069218,-0.18430705,0.80021596,1.7742157,-0.05335318,-0.48767185,0.46033636,-0.2889449,-1.8514142,0.24192111,-0.6724762,-1.1584065,0.006426342,-0.59265906,-0.4301748,-0.20513074,-0.92845976,1.6546713,0.2301654,-0.04032878,1.0718886,-1.0685402,1.4133074,0.42945245,-1.2537736,1.2966079,0.26749474,-1.5642598,0.7308625,-1.8482443,1.0511214,-0.4588079,1.016962,1.1953881,1.0285585,-0.439198,1.5916792,-0.8446045,0.31855989,-0.63638866,0.8478855,-0.5137273,0.46841893,-1.6379278,1.4930073,-1.4947593,-0.679524,-0.49284765,0.22993937,-0.06929852,0.21450996,-0.40708405,0.5078027,0.23389088,-0.56316626,0.87530184,1.3764228,-0.14443621,-0.80785155,0.34825233,0.6243787,-0.38923925,-0.13041893,2.808649,0.008822098,0.122834034,-1.679113,-0.99512625,0.878231,-0.24294077,-1.1187328,-0.60188746,-0.6731136,0.45129555,0.09215005,-0.1770396,0.76235515,-1.082857,0.8159115,0.5416933,-0.47731686,-0.08252293,-0.19254205,-0.7618939,-0.8338798,-0.8107805,0.63807684,0.5522179,-1.0384712,0.57145774,0.907748,2.0111008,0.50186455,-0.10629339,-0.49704567,0.95620024,0.5325093,0.9782812,-1.2875142,-0.98245466,0.30486917,0.68777746,-0.54193276,0.46741456,0.1599791,-0.6111557,-1.7039307,0.8651078,-0.057842612,0.27520216,1.4226726,-0.12631465,-0.02281554,0.6493052,-0.031555474,0.77860665,-0.21222189,-0.24810609,0.33226317,-0.39114088,-0.59446543,0.3999529,-0.8538239,0.0658997,-0.16814233,0.7333592,-1.8464036,0.9763849,-0.18173867,0.5106779,0.18609859,0.5462456,-1.3045857,-0.75773764,-0.10803223,1.2575135,1.0403112,-0.07023639,-0.73723537,-0.35878912,1.1093333,0.4393615,-0.13232356,0.12612829,0.48627198,-0.8291634,-0.44510198,-1.1374922,-0.7664474,0.6295382,-0.14289883,-1.1590567,1.2502851,-1.9793872,0.7907442,-0.39209893,-1.4399819,-0.24976349,0.119961835,-0.5877724,2.3392518,0.9032582,-0.29797393,0.032142088,1.1444438,1.1704392,-0.8171069,-0.3500354,-1.1479533,0.6088846,1.3889978,0.55104864,-1.5594823,-0.40078098,0.3592961,-0.24474117,1.0375993,-0.35952878,-0.9422751,-1.4152676,-0.15122026,-1.3212882,-0.39232513,-0.18985854,0.6741126,-1.4100492,0.41666633,-0.3634414,-0.9280192,0.3781327,-0.33506945,-0.5836886,-0.38323313,1.1978439,0.100463435,0.7285609,0.2538642,-0.71421766,-0.33457023,-1.5304055,-0.13686311,0.50670743,-1.1718216,0.6993801,0.4704377,1.3118024,1.6960845,-0.10811876,-1.9228275,0.57092977,-0.3085978,0.5457748,-0.27070144,-1.4764855,-0.2535198,-0.1455454,0.85995865,1.1629634,-1.6084845,-0.88680434,0.37490284,-0.109460115,-0.2521787,0.4974125,-0.20167744,0.6324183,2.0078154,1.2953416,0.34626976
セ,-0.94160014,-0.7062331,0.70451045,0.6566823,-1.2117556,-0.6874497,-1.733849,0.87264794,1.6180658,0.072773196,0.39106762,-0.009334207,-1.2957302,2.604428,-0.6292681,0.45882323,0.83458084,-1.2083434,0.7181194,-0.054368097,0.58293223,0.32850352,0.7198215,-0.7894376,1.072178,0.82512283,0.6113405,-0.20172341,-0.81472945,-0.92016697,-0.02797085,-0.5554381,-1.2175779,-0.01074182,0.22447145,-0.9347076,-1.699472,1.636001,0.10147881,-0.61012274,-0.6925984,0.7107971,0.4214042,-0.09298942,-0.6288841,-0.1070624,1.7663221,-0.6549557,1.2007307,-0.2612511,-1.2021235,-0.47589493,0.5124362,0.7604391,-0.09725297,-0.39802578,1.286986,1.2383553,0.012200017,-0.44995156,0.4203707,0.54720515,-0.9981416,-0.19577485,0.3745779,0.41263294,-0.5733848,0.37387177,-0.0068262964,-0.045691848,-2.1707797,-1.4511151,0.19783294,1.3210597,-2.0084138,0.3416523,-0.49197903,-1.1436868,0.22448535,-0.32947308,0.07339856,-0.3618522,-1.245138,1.5406113,-1.1063224,-1.3954493,-0.0038957,-0.6743384,-1.0829715,-0.52638334,-0.3494077,-1.5938228,-1.4234568,-1.468873,1.7550889,0.28849968,-1.1822598,-1.0008363,-1.1898538,-0.109137654,0.28537062,1.321334,0.20878059,0.08105045,-0.77092004,-0.5595859,-0.6435287,-0.63168377,-0.74411887,0.79590005,0.10100088,0.8232805,0.64236635,1.4618034,0.67909956,0.90796375,-1.2046734,-0.6721799,-0.6750708,0.40551797,1.2607542,0.74761105,-0.77178407,0.47215846,-0.14472246,0.41356596,0.5279409,-1.3840476,0.85914975,0.878649,0.867445,0.27638438,2.1117609,0.7852889,-0.8496451,-0.30200848,-0.39573392,0.0876488,0.74351674,-1.1774961,-0.50385225,0.30973312,-0.2649431,-0.1987708,0.3582318,-1.011962,0.19140913,0.647932,1.5231203,-0.25930187,-0.31848225,0.096736975,-1.763399,0.4529295,1.1574959,-0.2661862,-0.12916924,0.27286106,-1.3291224,1.054825,-0.5428163,1.2568588,-1.0679158,0.66339535,0.064693384,0.71243024,-0.78168446,0.6662874,-0.6880529,-2.373824,-0.7133451,0.17529444,0.43836394,-0.00023898482,0.7985738,0.19285204,0.22153306,0.34482917,-1.1704787,-0.68204087,1.0549952,0.82843846,-0.26842588,1.0920802,-0.14285618,0.3709564,0.40659848,0.32525462,0.65404654,-0.10105029,1.2497882,-0.8979675,0.8884731,1.1006545,0.84908724,2.35964,0.5216474,-1.1641805,-1.0441033,1.1438707,-2.2647836,-0.33361864,1.3380197,-1.3993572,0.77456075,-1.0951345,-1.3051294,1.6044946,0.65485924,0.07478699,-0.8494318,-1.2765462,1.1113156,0.828945,-0.5133511,-0.24890767,-0.7950329,-0.02006182,-0.27895722,-0.43466553,1.0770735,0.94994,0.10078751,1.5043964,-1.3723569,0.39408907,0.40996137,-0.48055848,0.03773272,0.40211102,-0.8091962,0.5503395,0.31123224,-0.42734733,-0.49933028,0.343407,-0.49817276,0.78792197,-0.2147,0.6934042,0.49369803,-0.17258048,0.40851733,-0.15168226,0.31778762,0.6174213,1.6744108,0.3288776,-1.7460771,-0.59920853,0.38797316,1.0795077,-0.24056005,0.3308555,0.25702664,1.45534,-0.654572,0.019060409,-0.5851442,-0.88842076,0.005342225,0.38469526,0.4778216,0.26630512,0.13273025,-0.23892011,-0.5748881,0.44763938,0.14844726,-0.5188413,-1.1687258,-0.61702627,-0.9116532,0.39880595,0.9731911,0.26412702,-0.77326465,-1.0592228,-1.234641,0.78369975,0.71922237,-2.2839649,-0.72234917,-0.3127998,-1.0350462,0.44114807,0.3073211,-0.34174982,-0.035628527,0.76950645,-1.3920385,1.0297982,0.020668795,0.66050816,1.8134398,0.43400082,0.7842281,-1.0314659,0.22674847,-0.5890929,0.68708545,0.7707827,-1.7033693,1.0163997,-0.34990665,-0.1293679,1.2824839,-1.04822,-0.6849997,-1.3143586,0.013462891,-0.24164237,-1.1340785,2.726971,-2.013581,1.3970752,-1.5353237,-0.79990023,-0.6046377,-0.5080561,-1.3868257,0.31356952,0.3063697,0.0335011,0.69961476,0.11841718,0.34203434,0.45591077,-0.11877632,1.2556992,-0.8205989,0.8862049,-0.9796818,-1.4541842,-0.27972135,0.9578047,-1.0742037,-1.1330032,-1.2922525,-0.14491656,-0.028493306,-0.21175925,-0.51805115,0.44389924,0.25694525,0.100015916,-0.909755,-1.019634,0.3426918,-0.7539134,1.0015764,0.16091539,2.012956,-0.7569826,-0.5134703,0.4004558,-1.3817695,-0.45481667,-0.18455948,2.111202,0.71724916,0.24374573,0.37177244,0.3007774,-0.039618704,-0.4770634,1.1203082,0.059453186,1.6917362,-0.06064649,-0.63341475,1.1873835,-0.09719077,0.51059633,-0.3507041,-0.3866953,1.8944641,-0.20900781,-1.2207583,-0.5586371,-0.23121716,-0.28655005,0.39977756,0.09568724,0.45340356,-0.16210853,1.2161593,0.6591667,-0.4692258,-1.5350329,-0.6315896,0.8080654,1.1706113,1.0818437,1.4452373,-0.4321511,-0.6252097,-1.9097055,0.44547668,1.3727821,0.4707048,0.9869285,-1.50308,0.6524755,0.6622277,0.5603547,-1.0448166,-1.4795809,1.5997854,0.20285612,0.3619183,1.6371784,-0.86956066,-1.4849133,-0.5027627,0.2785264,-0.022263097,-0.72672766,-0.48341072,0.42275754,-0.2597141,0.77564436,0.7300214,0.8054305,-0.17931889,-0.79053324,0.28622139,0.17353554,-1.1902776,-0.0013669729,-0.08814553,0.47294685,-1.1134062,-0.4448456,0.7322269,-2.2511253,1.3855146,-0.7785488,-0.13506365,-0.29837778,-0.12365923,-0.88229984,-0.121353745,0.1821364,-0.8174377,-0.4102924,0.9089568,-2.0629785,-1.7492703,0.8200133,0.76515704,-0.8499277,0.63113385,0.34815243,-0.053097386,1.1097866,-0.06496645,-0.5725953,0.19946831,-0.28507233,-0.0019340912,-0.09992566,-1.4101219,-0.06074548,0.57766527,-1.4837785,-2.0836506,0.72165745,0.7375943,-1.6608602,-0.76877165,-0.3761942,-0.27810124,0.5585184,0.8705645,-0.63729066,-0.35217807,-1.1936098,-0.19893907,-0.090836145,0.4717448,-0.38557675,-0.069696076,0.11347803,-0.08354109,0.61044884,1.8771743,0.42941335,1.5376555,1.1233321,0.39084813,-0.047795534,0.57531583,-0.41882792,-0.49952412,0.7334978,-1.0668893,-1.0361319,1.6085004,-0.2672761,-0.9924531,-0.0267724,0.84990734,-0.41571376,-0.59088135,0.0400767,1.0110841,1.6154772,0.9630819,1.6832342,0.014377296,0.0043564043,-0.31364197,0.47054747,-1.3624092,-0.8169758,-0.112348475,0.5001938,2.3941925,-0.61653465,0.35169446,0.70566803,-0.69596267,-1.3559428,0.0539339,0.37023497,-0.43458447,0.118236214,0.545765,-1.1504374,0.026933327,-1.8444337,-0.5146089,0.8017711,0.70356107,-0.45817128,0.14780733,0.86341184,0.29501146,-1.0185858,0.13525735,0.80663586,1.3750086,0.17049861,-1.1497281,0.36649776,-0.47396365,-1.6209208,0.08744813,-0.56878084,-0.82374257,0.16234817,-0.59234,-0.19563466,-0.59466785,-0.9283685,1.4512777,0.6181097,0.024479767,0.44549444,-0.9884123,1.3516644,0.198173,-0.7785859,1.8198647,1.1317223,-1.3683066,0.72557765,-1.2110676,1.41115,-0.47934377,0.68013304,1.3989166,0.4086479,-0.4485185,1.1427954,-0.441578,-0.63446736,-0.54520684,0.4227923,-0.68886113,0.17884369,-1.4798537,1.1405627,-1.1957902,-0.28669205,0.1720606,0.28052104,-0.60139984,0.39855346,-0.40222928,0.5021949,0.12077836,-0.9836874,0.55514485,1.7427378,-0.4078938,-0.9892424,0.48556647,0.17107522,-0.16981475,-0.27090812,2.369725,0.25072858,0.6553415,-1.3138627,-1.0533484,0.7911965,-0.4302018,-1.0004406,-0.24582691,-0.14329623,0.04713807,0.5457832,-0.21699035,0.9292993,-0.9798198,0.52595985,0.86240774,-0.8036371,-0.4265727,-0.19994092,-0.37969294,-0.95981306,-1.0143617,0.4780263,0.39271617,-1.2348382,0.5190915,0.7145397,1.4773989,0.8217209,-0.086673975,-0.8066775,0.94062585,0.8986439,0.5303518,-1.0900267,-1.0696844,0.6968889,1.00201,0.15192464,0.2474234,0.6496524,-0.028029045,-1.9693569,0.8712385,0.43959704,-0.022932425,0.9978552,0.2723055,-0.24767296,0.5323151,0.21239518,-0.15452647,0.074496634,-0.6468443,-0.14389463,0.16634105,-0.8872962,0.5666126,-0.36527386,0.077462055,-0.43770456,0.35868385,-1.8772618,0.5886037,-0.2751818,0.37216184,0.41830596,0.42237386,-1.3060088,-0.4787462,-0.2998902,1.6135224,0.98806554,0.158237,-1.0286559,-0.15624966,1.2999371,0.8833584,-0.1848044,-0.42547083,0.36822096,-0.3967571,-0.6372263,-1.1642295,-0.46857467,0.4846251,0.34491858,-0.9088114,1.3695107,-2.0369601,0.9099846,0.0013374487,-1.4665791,-0.12718172,0.6154162,-0.27410713,2.419125,1.1247128,0.29603103,0.2807214,0.8021781,0.61631906,-0.7366019,-0.41649592,-0.9845748,0.6278842,1.6877241,0.68671775,-1.2271539,0.06674224,0.751977,-0.2715556,1.2911304,-0.6465776,-0.5535447,-0.4473975,-0.21423687,-1.1598463,-0.10172639,-0.22245602,0.7600253,-1.5295728,1.1836958,-0.4246178,-1.2257284,0.5706234,-0.6854351,0.13083647,-0.13692696,0.55666775,0.5547209,0.4615333,0.83490723,-0.7048547,-0.15904851,-0.9606468,-0.2861137,0.3410881,-0.72327036,0.7797347,0.27659956,0.89428777,1.3203269,0.38173768,-1.2243661,0.3724693,-0.018443266,0.7867303,-0.40632534,-0.7663195,-0.33668888,0.17112367,0.5232536,0.7288869,-1.4098762,-0.52924055,-0.29044697,0.38716856,0.29578817,0.44516316,0.15332317,0.28525916,1.8313084,1.113803,0.2185468
エ,-0.3749939,-0.7122802,0.45629668,1.0746539,-0.9254978,-0.2852281,-2.0047357,0.6281076,1.706229,-0.4940408,-0.30363676,-0.38270438,-1.8201993,2.4762838,-0.71463454,0.59130394,0.5940721,-0.04267539,-0.051193625,0.30790335,0.19289269,0.614447,0.20921102,-0.48157406,0.22067241,0.7105187,0.5149322,0.11045073,-0.79870784,-0.4997736,-0.118136,-0.8683653,-1.0517243,-0.51473045,0.13123804,-1.0952494,-0.45819363,1.6460531,0.20231107,-0.7166191,-0.42927623,0.70458376,-0.29915735,0.6058768,-1.2461936,-0.27453035,1.5438426,-0.35522854,1.0337133,-0.5261734,-0.82306033,-0.19292317,0.27848002,0.3664984,-0.099413514,-0.19941598,1.3115973,0.39491817,-0.67219937,-0.46823055,0.21368048,1.0476362,-0.6938082,0.09037702,1.1077164,0.5125867,0.01747185,-0.46158612,-0.48739251,-0.22416933,-2.0734358,-1.4212623,0.91222245,1.2534933,-1.7051377,0.5832979,0.45046085,-0.48806491,0.3561947,-0.076819055,0.67318946,1.2165201,-1.2497905,1.4712065,-0.8554487,-0.47525948,-0.44413906,-0.038971275,-0.59362876,-0.11439514,-0.1840584,-1.0861905,-1.5208561,-1.4080095,0.47118402,-0.61514336,-0.9774787,-0.5379598,-0.7261674,-0.31414345,0.6451427,0.3606301,-0.14915729,0.49378952,-1.3360815,-0.20125988,-1.087581,-0.83343875,-0.69544035,0.3563032,-0.02857691,0.11870587,0.8486603,0.9532086,0.83558553,0.640448,-0.31095305,-0.9004911,-0.65510124,0.52478975,1.5786579,0.4577825,-0.94326437,0.098551825,-0.21535362,1.0485685,0.041458115,-0.6871182,1.4351339,0.087657265,0.68641764,0.63890475,1.329431,0.5925392,-0.70234686,0.19541998,-1.1860821,0.76504093,-0.024356082,-0.953889,-0.620323,0.7032889,-0.18985003,-0.43099385,0.70226836,-1.6182468,0.590299,0.5455969,0.96272063,-0.41797182,-0.5947646,-0.63854873,-1.1647089,0.61348057,1.0960839,-0.526798,0.24872686,-0.4749636,-1.7182169,1.7540329,-0.25083008,1.5453029,-0.6327216,0.35304412,0.13210586,1.2467775,-0.49211746,0.431838,-0.07501361,-2.3540769,-0.7292334,0.31229967,0.018032268,-0.37259716,0.79010725,0.36368513,0.17776546,0.52836907,-0.6655933,0.08519456,-0.26604986,1.8692276,-0.36883074,1.2600148,-0.1757772,0.52165824,0.4290887,0.52492523,0.6285788,-0.26027268,-0.1887275,-0.052975953,0.5098333,1.57657,0.5734854,2.230557,0.5522026,-0.593379,-1.6883004,1.4201717,-1.856214,0.09102383,1.5771842,-0.54603845,0.85087144,-0.14429525,-0.98390675,1.5410435,1.0424732,0.07098784,-1.8454679,-1.1073167,0.48137045,0.6876469,-0.46286115,0.48164955,-0.9212476,0.38194582,-0.24452019,0.17429183,0.88720846,-0.14507803,0.82016325,1.1754494,-0.9890424,0.36504513,0.47341222,-0.122317806,-0.5094199,0.40351126,-1.0958567,1.1259065,1.4940146,-0.6063635,-0.11654076,0.53531086,-1.8273153,1.1612804,0.18231994,0.86335295,0.4527337,-0.95689285,0.56846976,-0.36450544,0.40014198,0.5010271,1.0390556,0.80575985,-2.6851702,-1.3710736,1.3392107,1.2791378,-0.37240097,-0.30133352,1.0800865,0.56362915,-0.729615,-0.3502066,-0.22207849,0.47257787,0.19306915,1.0856465,-0.17879039,0.25673792,0.039969295,-0.11802319,-0.19698316,0.021572515,0.08024193,-0.6083354,-0.20357636,-0.57166195,-1.6401625,0.5563013,-0.17616288,0.35052624,-1.0729406,-1.101553,-1.1561631,0.005371839,0.0413742,-1.3580198,-0.19037245,-0.42446655,-0.56508315,0.30507728,-0.86503214,-0.43492484,1.0259736,1.6565764,-1.9991127,0.38257238,0.29098576,0.2784009,0.61662644,-0.62425125,0.9357284,-0.15420192,1.1786039,-1.5082567,0.54617554,1.1957628,-1.7829583,0.7503052,-0.71835446,-0.029207826,0.77167004,-1.791322,-0.8085315,-0.38789213,0.499197,-0.3117655,-1.6164286,2.8754508,-1.4948452,1.337214,-1.3647474,-0.24075963,-0.32409632,0.056299835,-1.2124922,1.5582511,0.043155972,0.743044,0.013080258,0.34804505,0.0487727,-0.22616991,0.45429513,0.5769769,-1.2038572,1.2948499,-0.7023847,-1.7392879,0.0060182214,1.3004428,-1.2835653,-1.4683251,-1.2928927,0.25369835,0.88232416,-1.1185317,0.22020677,0.6339731,-0.28417486,0.59985065,-1.1590074,-0.028025873,0.50288594,-0.83106464,1.2360185,0.9102574,1.0033419,-1.0390195,-0.7142116,0.4676723,-2.4112854,-0.5326079,-0.42074257,2.23596,0.79857266,-0.16875641,0.6268523,0.8447969,-0.9196442,-0.100696035,1.0184641,-0.32551712,2.7228408,0.18101448,-0.5030916,1.5890185,0.21224347,0.5206305,-0.4102832,-0.32271534,1.525137,-0.17808421,-1.2054409,-1.3822038,-0.5568849,0.076676816,0.103349715,0.36026978,0.13372411,0.066250876,0.10779035,0.660015,-1.0910095,-1.3885787,-1.641826,0.95089746,1.997236,1.7015672,1.2448342,0.3057697,-0.8286604,-1.8925879,0.41306376,0.8198351,0.07160327,0.7129477,-0.4284683,-0.4718166,0.76876736,-0.22354436,-0.33127958,-1.3535793,1.7206123,-0.10526414,0.6879314,1.1084527,-1.0470726,-1.1657301,-0.16110712,1.0264952,1.0871868,-0.79485387,-0.5798317,0.6852833,-1.0267048,1.623337,0.44834992,0.36745375,0.28196043,0.24630181,1.5163283,0.036640584,-1.0903677,-1.0920693,-0.2690869,0.66773206,-1.311237,-0.2683239,-0.19663167,-3.0467188,1.2352548,-0.89754426,-0.14741065,-0.7181419,0.13651153,-0.23852322,0.04941129,0.64247584,-1.5751272,-0.84551406,0.5203903,-1.0432699,-2.17875,0.9850764,1.3107567,-1.5041012,0.5417373,0.32404718,-0.18102416,0.9096819,-0.34998322,0.09071538,0.35264647,0.028704569,0.061097465,0.09272218,-1.1437451,-0.62473875,-0.3440907,-0.8176534,-1.5945415,0.61595315,0.40375325,-1.6962363,-0.29523358,-0.35912728,-0.87279534,0.5432565,-0.05066017,0.36355054,-1.2200112,-0.48809123,-0.2866277,-0.47100836,0.67772484,-0.47036016,-0.4214363,1.011227,0.34281403,0.4746002,1.7337093,0.034545794,0.6712688,0.72680986,0.65850997,-0.6498827,0.0026490241,-0.90786415,-0.5404766,0.19794784,-1.1967713,-1.3105092,1.6005185,-0.74351233,-0.5917281,-0.14620368,0.03522484,-0.19049606,-0.17332643,-0.15354332,0.79307675,1.1464155,0.26806885,1.6188349,-0.6726457,-0.35400882,-1.2456319,-0.06251688,-1.0199621,-1.241284,1.3171358,0.8726995,2.6812663,-0.6978329,0.35535002,0.55751336,-0.9821147,-1.5032716,1.0334978,1.1406904,-0.37518263,0.35345137,0.5569155,-0.7916465,-0.32546175,-1.8650532,-0.59733397,0.2256135,0.7797453,-0.48454952,-0.45384514,1.0566587,0.5466831,-1.1796477,1.067502,1.0615999,1.0623964,-0.79325646,-1.0473897,-0.31013674,-1.2603254,-1.6612754,0.72390115,-1.4423461,-0.6517113,-0.18057206,-1.0225365,-0.35331914,-1.1542044,-0.46842563,1.6170523,0.85573757,-0.087717034,0.14603837,-0.7759544,1.5103755,-0.43000475,0.097047865,0.9527242,1.1605077,-1.7733233,-0.07875033,-0.85616,0.833861,-0.46805936,1.756022,1.629034,0.15070598,-0.23646373,0.720209,0.39334425,-0.5405581,0.18843374,0.62108296,0.45124257,0.62255305,-1.9890182,1.4229987,-1.5214453,-0.28993377,0.30417436,0.9611858,-0.08385066,-1.3366568,-0.31764823,0.08912006,0.705478,-1.8201001,0.6191454,1.1534204,-0.4688453,-0.52923065,0.70729744,-0.020253293,-0.16350022,0.08086909,2.434795,0.13374045,0.9548696,-0.7512468,-0.36391592,0.3423765,-0.2963121,-1.3722007,-0.042075105,-0.015820071,0.8463429,0.3419654,0.17490806,0.68538666,-1.2795217,0.10878734,1.9961607,-1.2554954,0.18270841,-0.26037523,-0.06972143,-1.9838057,-1.1722636,0.19924524,0.9611046,0.16712326,0.5459623,0.49973765,1.7157098,0.5564586,0.011424705,-0.009792993,0.42740282,1.2035084,0.43230498,-0.39276782,-0.7641157,0.9478493,1.2955828,-0.99678755,0.11360902,-0.35254756,0.080002755,-1.974596,0.8724779,-0.17763016,-0.42735824,1.5072486,0.04637359,0.40047807,0.7870861,-0.6715415,-0.9573264,-0.053862877,-0.07915253,0.36692286,-0.42621133,-0.44779623,-0.09896445,-0.4564044,-0.36562383,0.6524014,1.1897833,-1.4510391,0.14119986,-0.45470202,0.5996197,0.34975553,0.4082499,-1.1865017,-0.59922695,-1.2202966,1.2809484,0.40211576,0.07476333,-1.4798825,0.36324787,0.58115226,0.34786475,-1.1900077,0.1954307,-0.35461283,-1.7543763,0.022070765,-0.80195713,0.43001774,0.4737436,0.56886697,-0.81132895,1.6779127,-1.4922465,0.5851721,-0.10187563,-1.0289824,0.45167747,0.040066786,-0.34728488,2.2777765,1.4144118,0.33529383,-0.121536404,0.7366158,1.124747,-0.06702201,-0.8822013,-1.1139722,0.58937407,0.78691846,0.4287231,-1.4736407,0.13294941,1.1374297,0.2563983,1.9466786,-1.4014592,-0.34745276,0.31386897,0.2965805,-1.2772938,-0.44102407,0.09537086,-0.67058724,-1.7050369,0.2804272,-1.0732563,-0.7022474,1.12083,-0.8970169,0.5013744,0.4563295,0.9435998,0.9399314,0.48412073,0.5564065,-0.84421355,0.34407756,-0.33950603,-0.7521271,0.6671971,-0.8695388,-0.041190412,0.030092105,0.8800621,2.1957512,0.62626404,-0.5751221,0.07836981,-0.05161117,0.31090096,0.23568244,-0.17323986,-0.688781,-0.16076514,0.22622696,0.3150252,-1.1478631,-0.8271619,-0.630246,1.11881,0.8214137,0.35322264,0.3800219,0.9766649,1.4877037,0.73511815,-0.0875555
ワ,-0.92963284,-0.44827795,0.76150954,1.863791,-0.6464712,-0.5570203,-1.3120959,0.022985518,1.2449235,-0.23155716,0.24931002,0.116138965,-1.3353351,2.399844,-0.62446535,0.02283596,1.1722695,-0.99634564,0.21604568,-0.33698905,0.5558937,0.10792458,0.55874026,-0.7643903,0.8930453,1.0880837,0.6889562,-0.42760143,-0.35622972,-0.65745735,0.37244275,-0.46758857,-0.48282972,-0.6444147,0.49393475,-1.4933306,-1.319519,1.2179129,0.06618831,-0.72791535,-0.9652334,0.6405243,-0.470469,0.06967665,-0.7560887,0.0013652411,1.7542363,-0.3250517,0.8063787,-0.50100476,-0.8788383,-0.034183457,0.15428434,0.7726629,0.34941086,-0.19936484,0.995433,0.71141803,0.0018140839,-0.9263776,0.59020376,1.0226704,-0.9803025,0.29290357,0.9039741,1.0374268,0.086198814,-0.10322363,-0.3456372,-0.48043075,-2.197439,-0.9219479,0.116390534,1.2480835,-1.4723799,0.9000751,0.20151247,-0.15838933,0.17503692,0.24629481,-0.05885808,0.31190455,-1.1010236,1.3767048,-0.46063137,-0.6437535,-0.8514769,0.10135138,-1.3737993,0.20742175,0.0822924,-1.3376473,-1.2700237,-1.2778999,0.64627844,-0.23499243,-0.63465965,-0.57968134,-1.2004234,-0.08857768,0.26601157,0.698251,-0.10247917,-0.11218384,-1.4106272,-0.3479954,-0.7247631,-0.55817515,-0.87745094,0.6632325,-0.4409939,0.6710274,0.52465415,1.5551138,0.5030096,0.62885225,-0.8928155,-0.7530768,-0.3892393,0.13598078,1.1509922,0.29956374,-0.8866576,0.5405387,0.42588666,1.1955678,0.20027897,-1.0153432,0.7641599,-0.083497815,0.9508084,-0.84563476,1.71826,0.69206065,-0.6087431,-0.2677015,-0.17053753,-0.010185227,0.5266416,-0.67316383,-0.69352466,0.08659759,-0.23226817,-0.18647777,0.4291599,-1.430018,0.025457533,0.86017144,1.2176789,-0.0859863,0.06939706,-0.4147386,-1.188581,0.6008093,1.045641,-0.24795699,0.0525414,-0.021110708,-1.5138035,1.2040406,0.42936093,1.1035453,-1.1367043,0.36830175,-0.22985458,0.57996356,-0.73655117,0.57627314,-0.87483233,-2.0358555,-0.37509477,0.17195481,0.42836487,-0.119267076,0.72266483,-0.3034843,0.39764237,0.16893476,-1.0155619,-0.0070072613,0.93314636,1.2060084,0.2001446,1.0914607,-0.007740034,0.71647197,0.6909773,0.8048508,0.2294671,0.06603759,0.8067518,-0.6024551,1.0407271,1.0488317,1.027663,2.7638605,0.5828006,-1.4891804,-1.1263276,0.731303,-2.0080588,-0.25968742,0.81312484,-0.631016,1.369325,-0.31707892,-1.0072217,1.9831276,0.3682444,0.1853195,-1.2920206,-1.2250524,0.6336503,0.3852165,-0.636652,0.15092772,-0.67863667,0.46648088,-0.56170446,-0.55738634,0.7008379,0.549914,0.6936682,1.7634088,-1.3254308,0.5972782,0.36010897,0.28981712,0.26785013,0.37858713,-1.247597,0.2534497,0.5968762,-0.64735997,-0.48118728,0.32253155,-0.6217197,1.2027842,-0.461605,0.19536932,-0.03273155,-0.7710469,0.24948809,-0.2611748,0.6841059,0.8160463,1.573184,0.2904197,-1.4230487,0.054069705,0.3494115,0.41234937,0.45776314,0.18886119,0.8289815,0.6669474,-0.38428724,0.22685462,-0.39858067,-0.396818,0.041792817,0.6648045,-0.31385702,0.87472504,0.7530432,-0.40828976,-0.43143678,-0.23577292,0.13918766,-1.1466601,-0.73733705,-0.3944775,-1.309424,-0.19042206,-0.14798297,0.27143103,-0.9174032,-0.9693541,-0.90249664,-0.0748383,0.5586667,-1.4479301,-0.44889942,0.012408622,-0.40015623,0.27832612,-0.46044126,-0.26596522,0.5740265,0.9432937,-1.646929,1.0035789,-0.07577591,0.46642378,1.1492109,0.13053551,0.86118275,-0.2161675,0.4190999,-1.0557036,0.79999757,0.432171,-1.395064,0.50787085,0.0343178,-0.38008052,0.36401448,-1.3096181,-0.039176404,-0.5205781,0.2565868,0.20069565,-1.3861027,1.8405285,-1.8926845,1.1390828,-1.3972764,-0.79674286,-0.5755595,-0.67993754,-1.3981649,1.2044699,0.47919643,0.35873178,0.5569396,0.48769605,-0.050012335,0.38284975,0.5401029,0.83579934,-0.14294958,0.7732708,-0.4197616,-1.339875,0.3673361,0.71194834,-1.1454544,-1.6038553,-1.394452,-0.668754,0.82389903,-0.5097959,0.05297418,0.8671723,0.15585464,0.20359093,-0.699701,-0.0016864405,0.10456439,-0.43065566,1.1580586,0.024288667,1.4454559,-0.88764834,-0.5469354,0.7550575,-2.0546808,-0.41735756,-0.51160884,1.472292,0.7234702,0.2711598,0.29772988,0.3915388,-0.35865054,-0.24811792,0.66031724,-0.077558026,1.9508451,0.44453108,-0.29734975,1.9389668,0.17922634,0.5299592,-0.765867,-0.5237356,1.5267992,-0.3384347,-0.4215384,-0.39774004,-0.44591114,-0.25515375,0.04432875,0.29226747,-0.26183343,-0.44197476,0.87603,0.6481404,-1.1085616,-0.98832214,-0.7657317,0.70736,0.86599946,1.6329825,1.7651982,-0.039070413,-1.1969128,-1.68795,0.36993247,0.95016384,0.0610528,0.46367958,-1.3382361,0.45058686,0.22722584,-0.00028047297,-0.9466218,-1.8436418,1.4094639,0.3863586,0.52106935,1.6860821,-0.90544057,-1.4724418,-0.25780836,0.5705714,0.12528339,-0.70552576,-0.6749635,0.8112853,-0.7558911,1.1338363,0.30212703,0.52965564,0.045887247,0.40634277,0.74112153,0.37310326,-0.89390594,-0.8141543,-0.107283324,0.38090327,-1.2904563,-0.8693281,0.6013843,-1.7881805,0.8272335,-0.45356894,-0.31874385,0.008809388,-0.50299287,-0.8366729,-0.26083377,0.034790203,-1.2550594,-0.94900334,0.056916,-1.3682268,-1.645626,1.0405164,1.4795533,-1.1680784,0.26827973,0.46609205,0.5023337,0.6873933,-0.2521217,-0.33155665,0.7376895,-0.4807524,-0.13299602,-0.6071261,-1.0177013,-0.7021734,0.22219284,-1.131793,-1.1615733,1.3879912,1.0234833,-1.6519697,-0.6306684,-0.39578545,-0.5641022,0.856951,0.67244345,0.06866625,-0.038071137,-0.321159,-0.31507546,0.13608794,0.60446405,-0.03383522,-0.3871047,0.40622342,-0.27232024,0.11248323,1.4201603,0.39190316,0.64777035,0.8450596,0.23873006,-0.68876225,0.53638816,0.04123578,-0.05565099,1.1453737,-1.4857726,-0.50942737,1.5184002,-0.72385067,-1.0268332,-0.19815116,0.102535486,-0.40055892,0.14045836,0.60654116,1.485529,1.4211104,0.7705945,1.6154075,-0.48904335,-0.61574864,-0.63347536,0.04750312,-0.74000967,-0.836821,0.27490008,1.1351072,2.131719,-0.32287094,0.034782007,0.6160294,-0.9249259,-0.99941945,0.46783125,0.43468603,-0.6766547,-0.67051053,-0.028600322,-0.69425887,0.3533864,-1.6547767,-0.3480641,0.56917334,0.72949713,-0.690046,-0.14943454,0.5344979,0.19767943,-0.99816924,0.730664,0.87398976,0.8748381,0.13284104,-0.75683033,0.22504242,-0.5047015,-1.6478432,-0.0057487804,-0.5666325,-0.45793328,0.14609368,-0.39506257,-0.3046454,-1.2007079,-0.3013565,1.5265791,0.10791584,-0.122062765,0.20495312,-0.76914364,1.9787371,-0.5246307,-1.0628393,0.8765582,0.8787629,-1.8522208,0.2605495,-1.4141331,0.31465274,-0.5606881,0.15622109,0.6892951,0.48361218,-0.38017085,1.7724887,-0.49293312,-0.35974753,0.06623944,0.44980595,-0.2734153,0.73284435,-2.2499876,1.1586896,-1.209673,-1.1467068,0.024701715,0.55914545,-0.26876605,-0.13168478,-0.4771888,0.6569301,0.44955534,-0.8768006,0.900049,1.5065426,-0.54074174,-0.6316564,0.6532205,0.28688398,-0.5742595,0.2355488,2.7456465,0.47126022,0.8868872,-1.1184884,-0.5515705,0.16200364,-0.6327812,-0.80457526,0.20360133,-0.14622977,0.08482581,0.47231355,-0.20501192,0.98609287,-0.91568255,-0.08895168,0.80081993,-0.8394024,-0.054995835,0.45093474,-0.37190345,-1.4050261,-1.4069287,0.45801967,0.29908717,-0.2776059,0.38022316,0.48084322,1.7178004,0.9170104,-0.47760698,-0.4824889,0.5746758,0.9083294,0.7676585,-0.5746824,-1.1212527,0.54637897,1.0862935,-0.5133215,0.8708645,-0.37008098,-0.24869265,-1.8537947,1.3900813,0.677576,-0.1576567,1.3917022,0.44432038,-0.018314958,0.6189591,-0.64498866,-0.22283772,-0.834941,-0.45327923,-0.06316476,-0.34021366,-1.0133718,-0.012457245,-0.88946724,-0.15040213,-0.13427214,0.818131,-1.313027,0.5065961,-0.2715863,1.0612969,0.0812466,-0.5974629,-0.3497867,-0.5464028,-0.27464038,1.6858827,0.83572793,0.18039356,-1.8983073,0.006448186,0.6746674,0.78563446,-0.5093907,0.2724484,-0.05792352,-0.9527968,-0.37444434,-1.0748662,-0.365895,0.46409655,1.0993332,-0.6325602,1.1293628,-1.9484853,0.8677923,0.12326704,-0.95235527,-0.04537185,0.17070028,-0.5957504,1.6980634,1.1726698,0.15649001,0.16010855,0.6525848,1.0159744,-0.13260302,-0.31354463,-1.5352931,0.9316571,1.0479703,0.3768796,-1.1685153,-0.3180045,0.032348685,-0.23413035,1.5891849,-0.29954326,-0.6499775,-0.78671736,-0.2940908,-0.96310395,-0.23041384,-1.0031244,-0.008839445,-1.3460208,0.3253041,-0.6959324,-0.25816894,0.72752887,-0.90081745,0.24561627,0.033870265,1.318734,1.2188926,0.20468149,0.32061565,-0.6886358,-0.19318989,-0.9808166,-0.74538,0.8829597,-0.68778384,0.020533927,0.023375561,0.9423441,1.786308,0.33831072,-0.30327183,0.33229256,-0.07425756,-0.020322803,0.36366364,-0.7059292,-0.32111663,0.29274678,0.094481915,0.70375717,-1.1834613,-0.21980342,-0.3153019,0.59386945,0.6946403,0.69233775,0.14102046,0.40257108,1.8360544,0.7562314,-0.1724047
、,-1.1528958,-1.0734426,0.39073673,1.1808716,-1.5304655,-0.9270478,-1.3990318,1.2602772,0.9563876,0.31509745,0.19014168,-0.36141777,-1.404682,2.4868898,-0.7502346,0.12116234,0.500792,-1.509619,-0.23757142,0.32824484,0.2908327,-0.21873985,1.2093124,-0.61203504,1.0942115,1.4910722,1.562657,-0.09355621,-0.33495736,-0.8303274,0.5616089,0.047865268,-1.1293269,0.33249417,-0.3454021,-1.2128655,-0.97309583,1.2959633,-0.045798197,-0.5943626,0.4149314,2.0223145,0.13402891,-0.72554916,-1.1800987,-0.33340815,2.1635008,-0.02641572,1.0135363,-0.15599261,-0.5396625,-0.51033103,0.546271,0.8878015,0.30287206,-0.24605447,1.399417,1.7120564,0.24348149,-0.74995136,0.6577546,0.74492085,-0.8019179,-1.3092848,-0.79871726,0.015288583,-0.09252719,1.0608466,0.5095312,0.29325977,-2.831233,-1.7672125,-0.5157781,1.5001851,-2.5790296,-0.060741633,-0.5762851,-1.2736627,0.68415385,-0.9602035,0.43444434,0.068957016,-0.26985496,1.2239428,-1.0708631,-1.5150331,-0.07175816,-0.2321623,-0.8196734,-0.66374844,-0.79446876,-1.722167,-0.76160544,-1.8635527,1.9552435,0.29278308,-0.9843294,-1.2685548,-0.774072,0.23116359,-0.22266176,1.2080377,1.3632162,-0.7619432,-1.3711731,-0.31173533,-1.179215,-0.34321088,-0.1902646,0.9211609,0.031245459,0.5845463,-0.5884744,1.1292738,0.3449503,0.8822714,-1.9755869,-0.80408394,-0.14004573,0.61042166,0.8051212,1.6224002,0.2930069,-0.055313393,0.035358414,0.09525401,-0.12925993,-1.4027908,-0.40844527,1.0710659,0.7621774,-0.00554957,2.1998296,0.21305741,-0.45207176,-1.7347473,0.57021105,0.6178891,0.35280618,-0.7773318,0.0064802086,-0.19123405,-0.9527541,0.80206126,0.3813938,-0.9386548,0.0038734276,1.0515772,1.0169735,0.5021359,-0.19036573,0.82538706,-2.2603252,0.3269446,1.5982178,-0.393324,-0.48786876,1.0653143,-1.1385157,1.8630207,-1.1454773,1.5474274,-0.6210559,1.0091463,0.081722006,0.34354314,-1.0282971,0.5781658,-0.80561435,-2.2129402,-0.5202951,-0.47521394,0.37589884,0.34323624,0.18358308,-0.9690653,1.0555753,0.4910747,-1.7951599,-1.0734408,1.4547114,0.4966428,-1.1364527,1.4606891,-0.73226464,0.39947468,0.33742067,0.24100608,1.2436706,0.027644563,1.3361781,-1.2329291,0.82964927,0.7259776,0.08777573,3.6744993,1.1845506,-1.2149282,-0.5712858,1.0110717,-2.6222956,-0.6667179,1.0081573,-1.9073135,0.95491534,-1.6022518,0.28025582,1.8822207,0.8484082,0.12328117,-1.482797,-1.3559381,1.1945386,1.0618294,-0.17489849,0.5118412,-0.60681623,0.55098593,-0.49969247,-0.6288057,1.914231,1.0478846,0.46480817,1.2263367,-1.2594578,1.0779234,1.2686913,-0.21877714,0.6622608,1.535099,-0.38342774,-0.024496328,0.093627825,0.45777544,-0.58349454,1.06503,0.22039719,1.48763,-0.38254282,1.4970506,0.7870445,0.17784962,0.31694326,-0.2974326,0.7566861,0.6678009,1.1581981,0.40298054,-1.5619015,-0.30563653,-0.37793553,1.5671897,-0.08233977,-0.12930545,0.5841897,1.8964094,0.08299537,0.45773405,-0.28533417,-1.0732467,-0.5747961,0.2866881,0.28181946,-0.35703728,-0.111382455,-0.51554507,-1.1208788,-0.05923156,-0.16018836,-0.124254726,-1.3698238,-0.27054378,-0.96986103,-0.41098654,1.0450478,0.42523092,-0.4280612,-1.4610003,-0.2192415,1.3208382,0.9765477,-1.2120296,-0.39325103,0.20756738,-1.5429354,0.1495147,0.84538853,-0.030874988,0.030575126,-0.07168584,-1.1318426,1.6391252,0.05596617,0.96353024,1.4834251,0.60967743,1.8203654,-0.9529031,-0.49553084,-0.26193225,0.18483707,0.9946684,-2.2829194,1.3509547,-0.41916922,-0.6824828,1.9267389,-0.98066163,-0.03946925,-0.83977926,-0.17188886,-0.4373148,-0.86337763,2.5856812,-2.9192836,1.346458,-1.5978329,-0.23566476,-1.6993775,-0.45316383,-0.50875115,-0.21850464,0.76444316,0.0845006,0.49306697,0.37296203,0.9216433,-0.33077875,-0.6988786,1.9666766,0.5004417,0.75195354,-1.1169943,-1.5045649,-0.6898196,-0.28472966,-1.5573337,-1.7524599,-0.41925657,-0.5946395,-0.06570287,-0.8119867,-1.2521577,1.4519712,-0.5656398,0.14504972,0.14480127,-0.21585746,-0.2573426,-0.7739639,1.1098984,-0.4671468,2.0170646,-1.1234504,-0.13507634,0.9122435,-1.2586477,0.35107455,-0.13882548,1.8603561,-0.006682129,1.2864506,-0.25585222,0.36482382,-0.52636206,-1.1219962,1.4735132,0.036357634,2.2110758,-0.17910196,0.30438066,1.2966896,-0.05448999,1.0631047,-0.008661293,0.12292501,1.033743,-0.5009639,-0.3057265,0.5926864,-0.18163052,-0.18048722,0.008359835,1.1523054,-0.66954225,-0.05494244,0.4491856,1.3834468,0.060800366,-1.5036721,-0.03053948,1.354408,1.1649787,0.86135715,1.0509746,0.43234143,-0.95144635,-2.3309622,1.0962092,1.299417,1.2420896,0.3914873,-2.2482307,1.0280114,0.92880625,0.9049091,-0.9067655,-1.9769908,1.7944545,0.504017,0.90170854,2.340485,-0.8046915,-1.5535723,-1.2610855,-0.59821165,0.25045055,-0.84610254,-0.92210156,0.83255285,0.6615095,0.8180177,2.1197805,0.26446074,-0.10155431,-0.6231553,-0.58756065,0.22473507,-0.8587344,0.57369566,0.040175192,0.4717229,-2.0285666,-0.62635934,-0.122991316,-2.3037968,1.301093,-0.75449973,-0.50822467,-0.77742445,-0.28590563,-0.42745173,0.052588023,0.17698053,-0.56944996,-0.0011022771,1.6199151,-2.0833433,-0.72894436,1.0486932,0.6194265,0.34967834,0.47380126,-0.12888834,-0.65725935,1.5354831,-0.4009743,-0.50690955,-0.61678934,0.07069928,0.5492735,-0.49000406,-1.2116979,-0.28334102,0.55960625,-1.2615768,-1.835243,0.855121,0.49236622,-2.3857489,-1.399946,-0.09830465,-0.17894682,1.2735957,1.618151,-0.078042865,-0.72752154,-0.8851385,-0.30455413,0.12271595,-0.12774535,-0.6560391,0.38316554,-0.19109765,-0.9562144,0.73055863,1.9014852,-0.12772226,1.5379014,1.3305846,0.29965448,0.25469345,0.69389194,-0.39711657,-0.50070965,0.26495385,-1.1982974,-0.97535753,0.5689147,0.33388835,-0.37917125,-0.7259524,0.48173764,-0.8166661,-1.0603426,-0.14365079,0.9121807,1.5659997,0.7434598,2.099933,-0.23992358,-0.26063243,-0.50608623,0.93920135,-1.9440697,-0.5682451,-0.47277635,0.5613822,1.3874359,0.42894754,0.016336957,1.4299055,-0.48315793,-1.6046538,0.16809945,0.09969115,-1.0775576,0.07990077,1.5609554,-1.4292536,0.9313311,-1.4287444,-0.33867887,1.2191174,1.7927065,-0.33630836,-0.19279927,0.23364133,0.2859999,-1.0808418,-0.6186161,0.21073574,2.621268,0.1300266,-0.49341002,0.41874772,-0.62086344,-2.2472305,-0.72978485,-0.9460823,-1.4107432,0.13162921,0.0017254627,-0.06674146,-0.22050524,-1.2989557,1.1742257,-0.10394664,0.29776853,1.471467,-0.5158133,1.2750226,0.021001182,-0.46617314,1.3364975,1.149416,-1.7507772,0.9733978,-1.7301762,1.8764968,0.049652528,0.4216573,1.3184899,1.2824364,-0.46501812,1.0254669,-1.1344022,-0.05690167,-1.082464,0.30575743,-1.3601002,-0.49846643,-2.1828163,1.801719,-1.4524539,-0.8102263,0.53890496,-0.16879864,0.064168945,0.00041024495,-0.19907561,-0.15622105,0.14198731,-0.9465864,0.11693923,1.3435049,0.12751098,-0.64918417,0.2818747,1.0834451,-0.5004269,-0.8591986,2.3333583,0.084983885,1.1314632,-2.2847908,-0.47701305,0.62975085,-1.0930998,-1.7758391,0.0054113367,-0.33863673,0.52161986,0.43738,-0.2324404,1.4208527,-1.0942069,1.5880684,-0.37190965,-1.7621732,-0.5659703,0.38548368,-0.24196781,-0.2945962,-2.6335063,-0.06521882,0.24454096,-0.47294262,0.7200428,0.39147577,1.4576781,0.8877403,-0.13648796,-1.0267022,0.82381064,0.89342815,0.31559557,-0.6465436,-1.2667929,0.3322309,0.9262099,-0.39066455,1.0374037,0.13077651,-0.7933128,-2.4831276,1.2620176,-0.5037602,0.2357712,0.5609447,-0.55235267,-0.08474186,0.98263586,-0.33422413,-0.23465195,0.1140179,-0.21555312,-0.15953468,-0.72045046,-1.0640961,0.8351703,-0.27929622,0.013167383,-0.21530761,1.2011439,-2.096932,1.2361283,-0.14506279,0.24058415,0.09715893,0.08768608,-1.3349572,-0.77530134,0.15995203,0.96995825,0.79775006,-0.07684743,-0.10091623,-0.80336034,1.7943863,0.77186084,-0.44524637,0.39778614,-0.2909408,0.07545204,-0.48183617,-1.4610876,-0.55673796,0.21039337,0.17945306,-1.5576063,1.3775012,-2.0107794,1.0444064,-0.15327217,-1.6764514,0.14907454,0.6352267,-0.92626405,2.3816206,0.66572833,-0.9319267,-0.7384442,0.74827623,1.2151389,-1.0235103,0.8296772,-0.4728515,0.8983009,1.3927066,0.58179206,-1.7187654,0.44242394,0.01055078,-0.29023463,0.83466476,-0.060196634,-0.5390908,-1.6714376,0.04376523,-0.575154,-0.71117234,-0.1141435,0.55683756,-1.2802477,0.68153024,-0.20986396,-2.2890139,0.531893,-0.5025566,0.6927302,-1.2248,1.3809516,-0.38201666,0.31788608,-0.35041475,-0.6612646,0.10564732,-0.9010698,-0.6562672,0.3847257,-0.4859215,0.46204162,0.41693518,1.4484404,1.3913283,0.58398306,-2.0303605,0.8909883,0.61308175,0.8676422,-0.2861563,-1.3324188,-0.31191966,0.030200703,0.9953941,0.9745847,-2.535513,-0.12885793,-0.7069434,0.007965037,-0.26448733,0.17385007,0.93834615,-0.016708149,1.3788342,1.2170743,-0.49589184
ナ,-1.0636874,-0.6221042,0.8980479,0.7122956,-1.2002225,-0.40269387,-1.3031603,0.852262,1.2949656,0.008636822,0.325974,-0.1422276,-1.4124507,2.3867028,-0.62314487,-0.12023672,0.57878953,-0.8110115,0.57995504,-0.7361854,0.55826724,0.56344336,0.50887775,-0.8562252,0.95861536,0.6039977,0.9347494,-0.2790165,-0.60903907,-0.867613,0.24988525,-0.25945497,-1.0161421,-0.57289135,0.36300728,-0.9580323,-1.2862581,1.0513735,0.15056945,-0.26016197,-0.48667923,0.6305914,-0.3032853,-0.102273054,-0.7192176,0.46933398,1.8313748,-0.41264412,0.9433053,-0.17198879,-0.33297583,-0.42432722,0.7304196,1.092606,0.47508946,-0.29873934,1.348486,0.9782569,0.3719004,-0.62946945,0.27888206,0.8349958,-0.9014315,-0.041865032,0.6008273,0.66170996,0.06295675,-0.034776807,0.034409147,-0.105053075,-2.4753356,-1.2779933,-0.32614034,1.4390818,-1.575992,0.5675585,-0.017370239,-0.55355036,0.5439667,0.0677776,0.4505497,-0.09355134,-1.1523393,1.1024721,-0.76957077,-1.1995755,-0.15287413,-0.5991326,-1.1875802,-0.387216,-1.0480701,-1.4124784,-1.2100464,-1.3300136,1.338542,-0.02495557,-1.1857686,-1.1127443,-1.3258332,-0.34154412,-0.16673279,1.4228104,0.16812511,-0.43952534,-1.003529,-0.2322629,-0.76427174,-0.6601967,-0.8599553,0.7387981,-0.13442661,0.41326675,0.5403802,1.7528139,0.91072464,0.85707504,-1.3439707,-0.50243056,-0.19643019,0.30653414,1.5860916,0.5413951,-0.81956816,0.45936522,-0.18558826,0.62935543,0.08951837,-1.0772972,0.3001788,0.20081334,0.50611264,-0.27345285,2.158452,0.5528593,-0.861258,-0.5706704,-0.08547907,-0.16803944,1.098434,-0.9453334,-0.58281904,0.18466984,-0.38514063,-0.7542066,0.5242161,-0.84232473,-0.23468874,0.8447573,1.3041396,0.0946422,-0.5687842,-0.19701524,-1.5398694,0.4643904,1.0070211,-0.006389568,0.078322284,0.43262115,-1.4769529,1.0062103,-0.2256691,0.807487,-0.76187515,0.47345635,-0.020895967,0.4156934,-0.8337744,0.8481524,-0.6693456,-2.1291583,-0.6316107,-0.05162397,0.27842996,0.054879308,0.4170928,-0.28049433,0.34948123,0.3423566,-1.1562611,-0.20768285,1.1321934,0.89212316,0.058901116,1.3649311,-0.3064153,0.5451171,0.9098177,0.86366206,0.50236905,0.24249674,1.1523505,-0.90993166,1.116856,1.2199215,0.5502134,2.292553,0.9571807,-1.5840794,-1.4951504,0.97476506,-2.5081255,-0.3405969,0.8014646,-1.097077,1.0677644,-1.213744,-0.64287674,1.6963819,-0.1617663,0.14190938,-1.0485113,-1.3652087,0.9647053,0.58154863,-0.7118748,-0.026166217,-0.64710504,0.21035789,-0.51429516,-0.6256184,1.07235,0.357522,0.06489929,1.4353733,-0.8881435,0.48740768,0.4090244,-0.008483407,0.29835495,0.7500761,-1.1346684,-0.21577166,0.7052048,-0.057016388,-0.55616707,0.45442942,-0.49587253,0.58061177,0.12212161,0.9882178,0.34161782,-0.08046807,0.47111836,-0.12096699,0.73767895,0.8033187,1.4610733,0.74788547,-1.7339374,-0.21647465,0.4519731,1.1732188,-0.2952836,-0.20658505,0.3464714,1.0265756,-0.030964948,0.17006032,-0.56029004,-0.5077927,-0.3354009,0.40376565,0.23603283,-0.0028495986,0.24998327,-0.70695496,-0.28324416,0.12871732,0.28620347,-0.42261958,-0.95543736,-0.511946,-0.71310025,-0.13280992,0.0339468,0.42969397,-0.56796426,-0.75018764,-1.064804,0.37746426,0.5201419,-1.8657881,-0.86032826,-0.38404703,-0.5303957,0.13901462,-0.017710501,-0.18789327,0.062974036,0.452948,-1.6272349,0.8377778,0.33074442,0.9677381,1.7627581,0.5315425,1.2719327,-0.63931954,0.24723963,-0.71286076,0.53836054,0.8461433,-1.5592666,1.0044689,-0.16369605,-0.5695739,1.0559498,-1.3918716,-0.72337437,-1.1868019,0.030659981,-0.47185257,-1.4975554,2.443434,-2.211981,1.4677426,-1.6104673,-0.44435856,-0.7133375,-0.67650706,-1.1986519,0.31219545,0.3873155,-0.025959397,0.40564236,0.7100498,-0.21689272,0.47249523,0.22488904,0.9628184,-0.06948405,0.7194527,-1.0011309,-1.3792378,0.1381109,0.8460037,-0.93023545,-1.4856199,-1.2061285,-0.86737245,0.508733,0.036504824,-0.14134927,0.7123485,0.30034566,0.3666251,-0.3876073,-0.58540696,-0.045155972,-0.5017034,1.1632048,-0.00058588386,1.5125316,-0.48305026,-0.6991987,1.1080221,-1.298656,-0.3901659,-0.43889725,1.5629631,0.50011766,0.35497305,0.28674212,0.46831194,-0.24634485,-0.7628846,1.0891042,0.34587622,1.5764264,0.34878156,-0.72307605,1.5783957,0.2542629,0.4087231,-0.17171739,-0.25856006,1.4544748,0.18775779,-0.424299,-0.15792055,0.10921836,-0.24521764,0.5863909,0.7170132,0.051986124,-0.16408384,0.5984254,0.74472207,-0.36039948,-1.4596387,-0.5445935,0.7839919,1.2180297,1.7125144,1.4566101,-0.019070784,-0.4780898,-1.769876,0.30224952,1.44272,0.525578,0.58192605,-1.5819923,0.08593265,0.3951396,0.3044828,-1.3333589,-1.9671551,1.5550356,0.16581187,0.8125321,1.857449,-0.8846107,-1.4570475,-0.552091,-0.23158932,-0.58263946,-0.7987922,-0.6982755,0.44083476,-0.32239074,0.8984069,0.5756449,0.59837925,-0.1351211,-0.6017652,0.38105166,0.34718183,-0.8053649,0.081854366,-0.13441597,0.5173236,-1.2138613,-0.8086669,0.99985296,-2.2485492,0.9265289,-0.17118602,-0.36126575,-0.07391423,-0.19697483,-0.99352175,-0.40014306,-0.15152144,-1.1587383,-0.63678604,0.6615303,-1.2890555,-1.3938459,0.5246118,1.2900281,-0.85628414,0.5228136,0.6422048,-0.1155408,0.763331,-0.14595969,-0.38724077,0.13196184,-0.40026745,0.2062434,-0.4634014,-0.9466658,-0.8452415,0.54826456,-1.1795552,-1.5273447,0.9300719,0.6667595,-1.4193784,-1.1918632,-0.0038019419,-0.57520205,0.61833555,0.69558215,-0.28886375,-0.63431513,-0.9406603,-0.38882303,0.32817256,0.18549992,-0.21748471,-0.092509486,0.26339388,-0.2974657,0.39241776,1.6990703,-0.07045016,1.2459899,1.1468992,0.4312004,-0.4684255,0.9152537,0.22004493,-0.2921534,0.9114876,-1.0379807,-0.7894159,0.9952449,-0.3983076,-0.8146661,0.0023961365,0.6625016,-0.7312942,-0.31540605,0.3645989,1.1093978,1.5123429,1.0743712,2.1177456,-0.48441458,-0.42906156,-0.8017538,0.7827459,-1.0084505,-0.7511609,0.34225726,0.51409566,2.284383,-0.4423819,0.13592824,0.9391639,-0.6372265,-1.2375127,0.50982314,0.6853009,-0.6759548,-0.7655155,0.32814428,-1.292633,0.45726085,-1.783836,-0.45885453,0.9617211,0.98340344,-0.3765544,-0.21468918,0.8237703,0.5380666,-0.7361333,0.48132816,0.5638309,1.350263,-0.3549367,-1.0002384,0.6148246,-0.4975439,-1.6927232,0.14739089,-0.8614063,-0.85213685,0.33839586,-0.65498847,-0.26905552,-0.10485044,-0.8287804,1.5814743,0.4610927,-0.1780256,0.26668638,-1.2299893,1.4607949,0.19594415,-0.5057082,1.3856384,0.44473886,-1.3480331,0.8529191,-1.6047665,0.71101975,-0.49391425,0.6840101,0.9929502,0.53985137,-0.52117497,1.5112103,-0.73329383,-0.0749182,-0.44559488,0.4854189,-0.43525568,0.6745293,-1.6733993,1.9909636,-1.328628,-0.7433107,-0.079725735,0.5411972,-0.22413425,0.0889438,-0.4817531,0.70345956,0.23800443,-0.94416547,0.790929,1.7678868,-0.51029646,-0.67460126,0.28605708,0.38690877,-0.680723,-0.23702596,2.697065,-0.097891666,0.87520933,-1.232345,-1.3154244,0.20065291,-0.2795298,-1.3930197,-0.23170453,-0.3406364,0.24126272,0.08169299,-0.4517666,0.51849884,-1.2687794,0.4720776,0.62072605,-0.691967,0.0006562869,0.014568329,-0.34218302,-1.0172163,-1.5626278,0.58434206,0.27198517,-0.8598115,0.6611276,0.89731044,1.4618654,0.86324143,0.07349497,-0.5628007,0.68211985,0.7191463,0.62208515,-0.7956717,-1.308905,0.39355937,1.208897,-0.32482985,0.41084465,0.2761431,-0.4860847,-1.4200635,1.1672962,0.17823632,0.02712681,1.4589853,0.32754892,-0.091767736,0.7990565,-0.33786908,0.2421607,0.059378598,-0.7792041,-0.18059957,-0.06948257,-1.0433497,0.39483538,-0.80708295,0.546886,-0.33845577,0.59459287,-1.4653839,0.77337074,-0.38393912,0.68864614,0.46282282,-0.027029177,-1.219315,-0.37696353,-0.35048553,1.2030576,0.88900775,0.0824304,-1.026618,-0.044728566,1.1414955,0.66502875,-0.1804239,0.15388347,0.18115692,-0.55102354,-0.40368268,-1.2988147,-0.32513535,0.09731326,0.4556593,-0.79615957,1.3327669,-1.6990389,0.8576116,0.060612768,-1.4611837,-0.2642332,0.12884416,-0.47729924,2.3066547,1.0166818,-0.12263621,0.22422563,1.0058304,0.89936805,-0.17237194,-0.43461323,-1.2724087,0.81963307,1.3487762,0.38607585,-0.97645587,-0.55875725,0.34763607,-1.0630249,1.0277954,-0.20666213,-0.5876902,-1.1482267,-0.016940728,-0.853539,-0.3976636,-0.70713687,0.35712036,-0.9000855,0.9302028,-0.608837,-0.45926276,0.33635283,-0.28901187,0.16016118,-0.38943425,1.2359976,1.0027503,0.28986534,0.60784256,-0.49461058,-0.16417971,-1.3458871,-0.48142716,1.0286742,-0.9791736,0.3378377,0.18374552,0.79991955,1.3097671,0.23950161,-1.1629573,0.7212617,0.111376315,0.4739157,-0.3012981,-0.80336785,-0.3836008,0.25905797,0.060534075,1.0350858,-1.5986695,-0.5241882,-0.22701125,0.69387394,0.03488779,0.7903965,0.3134013,0.5066094,1.7535766,0.78227043,-0.28264162
ン,-1.2600709,-0.24520938,0.559716,1.8659939,-1.0269254,-0.60758764,-1.4079572,0.26285097,1.1165477,-0.29612103,0.49497733,-0.6549784,-1.5265652,2.47806,-0.8662527,0.3527758,1.1147681,-0.12339428,0.47784162,-0.075502925,0.6510615,0.54805523,0.6244721,-0.7986137,1.3819705,0.56703377,0.881151,-0.95903414,0.2956667,-0.5241167,0.63481134,-0.11962397,-0.9456732,-0.928782,-0.088044725,-1.1185384,-0.96579885,0.6137106,0.021854902,-0.5548266,-0.45417118,0.8290667,-0.14181276,-0.55388874,-0.036613267,-0.36966094,1.5414257,-0.27458426,1.1584975,-0.5818418,-1.0782431,-0.52929544,0.111165024,1.2015772,0.67758673,-0.1179921,1.0527555,1.1215345,0.5496848,-0.2855312,0.9448872,1.0874591,-0.5872341,-0.16701184,0.7709028,0.5523067,0.019075187,0.13866349,-0.39834562,-0.4043359,-2.6375763,-0.5170596,0.20199053,1.3491417,-1.063612,0.82505536,-0.051669758,-0.98191065,0.3788028,0.43177274,-0.6407171,-0.14378186,-1.0258431,1.1078817,-0.6133998,-0.15815583,-0.29575178,-0.4227856,-1.7893873,0.042202353,-0.08842981,-0.9521275,-1.819728,-1.2123865,1.4370271,-0.12849534,-0.9191556,-0.65967387,-2.0146246,-0.67847735,0.014629786,0.9087686,0.11347991,-0.76019174,-1.2451172,-0.22888227,-0.6746407,-0.5173099,-0.94028443,0.774812,-0.22002704,0.55603373,0.33617917,1.2285169,1.2462199,0.2693381,-0.71740913,-1.363789,-0.3029811,-0.1955121,1.8110939,0.07569723,-0.33068383,0.95356894,-0.33053452,1.0292596,-0.077664696,-0.6367522,1.1316984,-0.22223055,0.026634594,-0.70042944,1.8845906,0.56386703,-1.0796766,-0.46365404,-0.98474073,0.41037413,0.99235487,-0.34427023,-1.0847933,0.28146294,-1.0098876,0.11450436,0.39606437,-1.7920809,0.21231894,1.2209373,0.7562147,-0.14584471,-0.15813698,-0.5558813,-1.2283887,0.93471605,1.0482688,-0.30119956,-0.17804271,0.20859142,-1.2832508,1.3525981,0.21450146,1.0262254,-0.92030174,1.0055428,0.031198299,0.89792234,-0.87217456,1.292297,-0.9603503,-2.1405191,-0.7064137,0.31572852,1.0618736,-0.088235594,0.5378043,0.1078456,1.0526003,-0.48960495,-0.56631285,0.75227755,0.6156108,1.4722123,-0.13785197,1.1144828,0.05002908,0.64041907,0.7576399,0.7342143,0.31850407,-0.3167799,1.3313073,-0.774419,0.6768301,1.0950605,1.4620563,2.6109412,0.022386694,-1.5350145,-2.4398935,0.51083523,-1.9925896,-0.30454716,0.4484907,-0.055843975,1.5676929,-1.035703,-1.3506856,2.0910475,0.90625733,-0.371668,-0.80843216,-1.3342861,0.56770724,0.5150997,-0.44841686,-0.14035055,-0.7477486,-0.27567923,0.06881494,-0.3464663,0.8306508,0.97827953,0.15390576,1.602838,-0.7295427,0.96126914,0.41124955,0.85876936,0.63676125,0.7706191,-1.4652052,0.3323818,1.0267591,-0.14374037,-1.0824788,0.79372996,-0.3633817,0.10718945,-0.18776993,0.30859992,0.35449624,-1.021372,0.3735989,0.03379613,-0.32584116,1.380067,1.9706744,0.41560078,-1.3563933,0.65613085,0.3964679,-0.07732289,0.8774592,-0.14944752,0.41890213,0.60126084,-0.43871927,0.22256656,-0.19365722,0.42181548,-0.09910762,0.22386418,-0.5791934,0.6239193,0.27968276,-0.1528176,-0.10572409,0.3511715,0.3512276,-1.4265608,-0.30467275,-0.7698323,-0.40344083,-0.2250157,-0.23391311,0.27832317,-0.5890292,-1.0513395,-0.5879815,-0.52192014,0.91240907,-1.2080592,-0.7477805,0.36627984,-0.6584061,0.69439465,-0.41330734,-0.757274,0.834115,0.74738854,-1.1345692,1.2680207,-0.2121941,0.74360925,1.6466607,0.082827754,0.8968663,-0.3457016,0.37346515,-1.2286748,0.7336602,0.6305052,-1.661527,0.3704747,-0.4948221,-1.214321,0.685462,-1.1538734,-0.27022213,-0.42366993,0.6600688,0.73848933,-1.8782822,1.9125715,-1.4031754,0.5926474,-1.7163081,-0.9283469,-0.21843404,-0.4259201,-1.273503,0.7609207,0.96204853,0.4218944,0.4208947,0.60229355,-0.047573566,1.0163798,0.93172836,0.76222295,0.56131357,1.5050632,-0.9100221,-1.0898486,0.024278322,0.8956437,-0.9854884,-1.7934183,-1.3117523,-0.034983855,0.6439631,-0.33315948,0.53400666,0.79831654,-0.2618685,0.6919842,-1.1181151,-0.25644818,-0.39830217,-0.4287102,0.70844,0.11926276,1.9089562,-0.73033863,-0.41325068,1.0195117,-1.7401975,-0.59005547,-0.61416745,1.6729366,0.6325133,0.15707017,0.58008766,0.05460714,0.27096236,-0.2721797,0.60263973,-0.49225482,1.7355423,0.25447896,-0.93245655,1.824604,-0.062234398,0.60676545,-0.24084772,-0.76999086,1.6821798,-0.3202315,-0.15868004,-0.07676164,-0.76040584,-0.018653393,-0.0178503,0.5181615,0.5651315,-0.6269895,0.67030424,0.51505595,-0.880681,-0.5005722,-0.97771055,0.15826945,1.0175091,1.425363,1.1894621,0.053040445,-0.83735615,-1.6188666,1.2529994,1.1915255,-0.20263214,0.01050806,-2.0790622,-0.10306629,0.25674403,0.017469099,-0.744415,-2.816882,1.3354627,1.1346768,0.45442358,1.3725133,-0.24976023,-1.4901456,-0.023896238,0.10243038,0.49716607,-0.93026537,-0.5150271,0.4266667,-1.4940528,0.9377041,0.4279207,0.85334516,0.024565244,-0.058999177,0.5507655,0.61417806,-0.23333621,-0.5895121,-0.49670506,-0.16072138,-1.4537133,-0.61881596,0.07516255,-2.6327426,1.3531929,-0.44993353,-0.64097077,0.60522383,-0.3151324,-1.045384,-0.18763585,0.10942892,-1.0146421,-1.0630645,-0.039549705,-1.3655376,-1.7058643,0.8490031,1.4866673,-1.0821314,0.24949624,0.55573386,0.41495135,0.6491985,0.17127252,0.26301107,-0.09734877,-0.62721807,-0.56500465,-0.5075017,-1.1110235,-0.90479845,0.9155054,-0.5708367,-1.1319146,1.6924781,0.87945724,-2.0576994,-0.9670253,0.4856162,-0.5573494,0.6929441,0.93136936,-0.13849103,-0.8032368,-0.5152895,-0.013667673,0.4962978,0.5802467,-0.64858204,-0.3762269,0.2851447,-0.3921386,-0.12095595,1.9661785,-0.02907074,0.11731541,0.38501647,0.31211612,-1.4316521,0.8428917,0.8835241,-0.29533258,1.0351892,-1.6824058,-0.69514966,1.3516868,-0.54950446,-0.7821496,0.32589602,0.2226023,-0.48365176,0.12487926,1.1623273,1.7913738,1.8378626,0.872971,2.0885732,-0.58061224,-1.0783343,-0.4474313,0.5031288,-0.65659153,-1.0585709,0.4291251,0.8737189,1.9040403,-0.29409304,-0.3500249,1.0547203,-0.6086385,-0.4410279,0.24510734,0.6036183,-0.38668218,-1.1074214,-0.16853811,-1.0257696,-0.0019124573,-1.8725581,0.20911498,0.4735264,1.2814983,-0.6802668,0.50038964,0.6414492,-0.020897262,-0.90634227,0.06371272,1.0269045,1.421862,0.10992827,-0.96326417,0.66495353,-0.5613595,-1.2299565,-0.08972391,-0.5967594,-0.703917,0.17945407,-0.22965927,-0.62818503,-0.9688738,-0.2531676,2.104016,0.51497585,-0.37587562,0.31113365,-0.785085,1.0207428,-1.0083388,-0.43753684,0.84926414,0.118676096,-1.1497334,-0.10625274,-1.4971606,0.014852743,-0.76592684,0.06330768,0.8059945,0.65267277,-0.8580187,1.3094019,-0.8985843,0.41464928,-0.1744587,0.5240636,-0.82973146,-0.42166862,-1.9870445,0.98287696,-0.9997403,-1.0495032,-0.07209057,0.4005667,-1.2458314,-0.38110176,-0.07084441,0.45258006,-0.38672376,-0.6636849,0.9817166,1.4875625,-0.82343984,-0.8903815,1.3727859,0.41978645,-0.4907792,-0.24845076,2.8435047,0.7852638,1.3564597,-1.3385657,-0.7826958,0.48709157,0.22096817,-1.2241923,-0.08709266,-0.4120339,-0.31843236,0.4556161,-0.27309325,1.5670353,-1.1057429,-0.28145602,0.64339405,-0.7019351,-0.41789904,0.6301016,-0.44380713,-2.028361,-1.4077166,1.2351979,1.0178835,0.090870224,0.48885012,0.54801637,2.1844635,1.077506,-0.3271661,-1.3137698,1.5938506,0.7865631,0.19361578,-0.5858167,-1.2761331,0.9477313,1.5651942,-0.5804033,0.6693508,-0.4828454,-0.397606,-2.0722654,1.1260298,1.0614686,-0.1544361,1.2583687,0.23138197,-0.1642471,0.57836,-0.18987341,0.07274691,-0.68427175,-0.33950457,0.012358765,-0.7879152,-0.47772297,-0.43040252,-1.0123016,0.37937734,-0.27121648,1.0523548,-1.0414709,-0.30190268,0.16930445,0.8614351,-0.13778923,-0.025765061,-0.88676095,-0.66535825,-0.5286141,1.0112072,0.86362296,-0.12811452,-1.5510607,0.57211965,0.60521597,0.3405865,-1.3089546,0.24053025,0.18275845,-0.37840843,-0.5676673,-1.2047147,-0.01649326,0.03933735,0.5747041,-0.68191975,0.6254241,-1.3393742,1.4912919,-0.4021647,-1.1725434,-0.53441006,0.36598817,-0.7674236,1.5863119,0.7913073,0.15203652,-0.28373846,0.6469072,0.86166835,0.02884086,-0.63057405,-1.505362,0.7297742,2.1863382,0.5532463,-1.8380867,-0.36590123,-0.035928715,-0.39992604,1.4790349,-0.58068305,-0.5700039,-1.4108467,-0.53287864,-0.51430327,0.18254976,-0.878311,0.20012651,-0.57274693,0.12866755,-0.26879945,-0.7693855,0.43154788,-1.0839761,0.43837988,-0.3583447,1.0179229,1.2669085,0.64874434,-0.17120908,-0.5415864,0.28421846,-1.0142564,-1.035268,0.46935526,-0.723211,-0.3537511,0.13407789,0.65767074,2.4815142,0.33175495,-0.27251956,0.8414898,0.096537076,-0.6217396,1.034779,-0.11914172,-0.076638065,-0.17824954,0.12697144,0.277508,-1.5160576,0.008590867,-0.5215923,0.17752147,0.75067693,0.6784652,-0.44683853,0.5481746,1.829936,0.8963969,-0.45018682
ト,-0.7198238,-0.56858987,0.758056,0.38209715,-1.2611192,-0.77787685,-1.8025693,0.75851107,0.99792117,0.6595798,0.4861968,-0.8157669,-0.8617294,2.6208985,-0.7567904,-0.12814423,0.9319811,-1.0563492,0.2635145,0.13073753,0.21774764,0.6787374,0.53457147,-1.0632173,1.0835038,0.30296344,0.87623626,-0.47538528,-0.5636926,-0.8800099,0.022460913,-0.7481435,-1.3663101,-0.5043112,0.21295297,-0.7475925,-1.842598,1.325821,0.08849106,-0.95723385,-0.94514173,1.1404426,0.19843023,0.059925776,-0.8011908,-0.022138635,2.0718648,-0.5588718,1.0164287,-0.50037736,-1.2704035,-0.60159874,0.49525842,1.0698916,0.49154028,-0.4087862,1.6672459,0.9883635,-0.12911075,-0.59420824,-0.007639073,0.24696381,-0.36150476,-0.8209178,0.32647982,0.54476243,-0.3369653,0.5596829,-0.16883053,-0.06150973,-2.453721,-1.9312983,-0.4851568,1.2182443,-1.5576414,0.619059,-0.39081135,-1.3202294,0.17570104,-0.0015087923,0.44747868,-0.44382557,-0.94397193,1.4336067,-1.1163012,-1.4758908,-0.48529074,-0.63511163,-1.2487507,-0.058368042,-0.82935697,-1.6745261,-1.1267668,-1.5012308,1.806736,0.17362373,-0.9899831,-1.4559456,-1.2199298,-0.3550022,0.4219518,1.0238422,0.8912608,-0.33021054,-0.61452913,-0.46372095,-0.8161126,-0.45677888,-0.53705555,0.073715806,0.3394586,0.5100936,1.028213,1.3884014,0.4668461,0.3618503,-1.5646116,-1.0116882,-0.0151168555,0.3920523,1.4103581,0.74586606,-0.95137787,1.1127568,-0.22958438,1.0383042,0.3162409,-0.7236442,-0.069570236,0.34915426,0.47137117,-0.01779895,2.410579,0.6336577,-0.5314927,-0.62192804,-0.09616958,0.13988197,1.2878193,-0.8920652,-0.6272824,0.7486176,-0.08673794,-0.2559478,0.92115086,-0.93203855,0.18778378,0.8374448,1.7004939,-0.062060606,-0.8060587,-0.06160277,-1.5820795,0.15280037,0.92973596,-0.12809558,-0.4956832,0.3568728,-1.1882104,1.0932002,-0.7425785,1.2774667,-0.7066018,0.8732435,-0.3714249,0.9360979,-0.8615275,0.62711406,-1.156485,-2.4256804,-0.58269453,-0.11367596,0.80296355,-0.1359642,0.90492797,0.016567579,0.5683603,0.4124643,-1.1889318,-0.4464505,1.6380229,0.9011468,0.0039927363,1.4160724,-0.3160046,0.36483955,0.39833367,0.8120785,0.5776236,0.25068828,1.7288499,-0.81066275,0.8053264,1.0432101,0.54946285,2.4210927,0.46963546,-1.3538903,-1.5528935,1.6758162,-1.8291835,-0.6808047,1.196879,-1.3208364,0.754267,-1.2438827,-0.57574636,1.569651,0.48877212,-0.28278312,-1.007445,-1.312342,1.13364,0.99445677,-0.40898034,0.010100116,-0.83520144,-0.3789465,-0.848139,-0.9401512,1.0625925,0.914227,0.2552328,0.6258729,-0.744709,0.25385734,-0.011758578,0.1277986,0.43670574,0.71695215,-0.4485682,0.69072396,0.59158033,0.37384787,-0.41802803,0.37607154,-0.5148944,0.6783894,-0.059937816,0.9078358,0.6404936,-0.4825668,0.024816008,-0.20001571,0.23216118,0.89708,0.97635907,0.03568797,-1.6533504,0.11527922,-0.20348866,0.8204801,0.101352744,0.2428769,-0.06584588,1.4245051,-0.60846525,0.5363219,-0.51121277,-0.7555888,-0.5176886,-0.05513082,0.33682728,-0.30758378,0.1268738,-0.7679272,-0.58643365,0.438982,0.19718976,-1.072272,-0.53444296,-0.72849077,-0.8731974,0.20818622,0.7656867,0.6029152,-0.47364643,-1.3394841,-0.48738647,0.480333,0.46433842,-1.8095177,-0.3302013,-0.2151468,-0.8710339,0.38217065,0.5855376,-0.49433002,0.42288205,0.5059981,-1.1829817,0.70439506,0.1667587,0.57782245,1.9852057,0.3101689,1.2664264,-0.9307823,-0.0931268,-0.788414,0.921678,0.5127118,-1.4638745,0.9674519,-0.37441635,-0.3033031,0.95120126,-0.8469214,-0.18261051,-1.1796426,-0.22429729,-0.12863454,-1.1177688,2.2165139,-2.2631443,1.5433234,-1.8137761,-0.62782377,-0.6903734,-0.60428864,-0.9616286,-0.42545268,0.9843804,0.24783932,0.3689508,0.56374735,0.21955043,0.13153426,0.09383828,1.3653439,0.017948091,0.69846845,-1.1643581,-1.6117338,-0.37853754,0.70007133,-1.0820733,-0.75293255,-0.7477334,-0.3434565,0.15291737,-0.2510328,-0.41441348,1.4030285,0.07463806,0.3999274,-1.0122719,-0.6324467,-0.0869593,-1.0424695,0.9373707,0.20455535,1.7729219,-1.1496583,-0.6120352,0.64628094,-1.2922004,0.43816033,-0.20839249,1.8368212,0.764107,1.0609845,0.4140319,0.9437151,0.16006249,-0.27060753,0.9185887,0.7301665,1.9992388,-0.2864529,-0.06302199,1.2911193,0.0068935603,0.4423815,-0.18110351,0.41379023,1.5387045,-0.5070794,-0.54945844,0.000822107,0.097417794,-0.4309453,-0.34779826,1.1076382,0.6703512,0.013620228,0.8886544,0.5200909,0.010769497,-1.2388432,-0.33171758,1.2766341,1.0852281,1.8679314,1.0509511,-0.10570418,-0.25974557,-1.6168119,0.87086004,0.8103952,0.9606481,0.25913098,-1.8167418,1.0932121,0.950367,0.47486332,-1.8701617,-1.887551,1.5151616,0.71661705,0.16905273,1.4803425,-0.59688693,-1.7401212,-0.48131898,-0.26592067,-0.20760632,-0.857724,-1.1474009,0.05803552,0.0031483967,1.1640171,1.0475467,0.7720395,-0.4334252,-0.5308502,0.29134095,-0.07624844,-0.4623631,0.016062923,-0.22107142,0.47756281,-1.5185475,-0.63253707,0.32022586,-2.4138572,1.5412002,-0.24879158,-0.1349789,-0.1164822,-0.20509613,-1.2090908,0.4377183,0.0523265,-1.3167473,-0.08223512,1.2601272,-1.8646722,-1.33211,0.9656205,0.9897134,-0.53236365,0.35233495,0.30905762,-0.17206037,1.1044333,-0.269254,-0.5150776,0.3298916,0.13249244,-0.16951446,-0.34330592,-1.4082152,-0.4211112,0.74250126,-1.0547986,-1.754632,0.68722105,0.62235934,-1.5073714,-1.0611726,0.1247341,-0.47983208,0.5700796,0.7884906,-0.5166654,-0.55764216,-1.2801689,-0.07893157,0.19047855,-0.24865627,-0.8872199,0.2666079,0.46233702,-1.0346243,0.29196,1.8021655,-0.06289375,1.623672,1.4618831,0.010819942,-0.42428553,0.6114936,-0.43805245,-0.24211092,1.1168674,-0.6022145,-1.1270976,1.064476,0.1656649,-1.0382243,-0.109941565,0.7034915,-0.7940572,-0.7461014,0.13218434,1.2616369,1.6686305,1.3344579,1.8980576,-0.17132057,-0.32776508,-0.113244034,0.9673023,-1.4395304,-1.113542,-0.56159246,0.50926375,1.8788376,-0.27039924,0.47899428,0.92344433,-0.77935857,-1.4032289,-0.38493145,0.42423224,-0.41652456,-0.7181328,0.24145454,-1.270402,0.17818242,-1.9635063,-0.24405174,0.8043575,1.386701,-1.2031091,0.4494115,0.82560223,0.038267624,-0.55671185,-0.053195078,0.4856387,1.8235849,-0.43076265,-0.443509,0.5878108,-0.57162017,-1.3597084,-0.033453595,-1.1566033,-0.8549394,-0.087527536,-0.6230399,-0.4154855,-0.27817085,-0.62637466,1.6332191,0.31456295,-0.6311407,0.17056616,-1.2595276,1.0699375,0.10097622,-0.1939496,1.7305522,0.6752198,-1.5509405,0.6146638,-1.3834585,1.4016919,-0.8032515,0.67588204,1.4771581,0.19459136,-0.871629,1.5416952,-1.1002542,0.37048492,-0.31732655,0.29358912,-1.002654,0.16621548,-1.6607803,1.5912938,-1.1425182,-0.51241904,0.12406259,0.5421968,-0.6861868,0.65922904,0.17483567,0.31384322,0.12098201,-1.2380165,0.7751693,1.7846584,-0.19354002,-1.331755,0.37858713,-0.0351778,-0.15879112,-0.17612658,2.2464101,-0.08596507,0.3804561,-1.0426391,-1.2223173,1.3503321,-0.41951048,-1.4614868,-0.67556256,-0.32200038,0.18436688,0.02740562,-0.048818678,1.5189699,-0.6010887,0.65329236,0.8946087,-0.37263235,-0.3802352,0.16008075,-0.8827748,-1.0700979,-1.478497,0.45481682,0.37049046,-0.8590658,0.68437505,1.1095716,1.6990966,0.56330365,-0.09814013,-0.4640596,0.9452436,0.5135233,0.92683744,-1.4659966,-1.35112,0.3356875,1.5509858,-0.1477514,0.09568714,0.39022252,0.07048661,-2.0835385,1.2343093,0.0941386,-0.41336593,1.1576014,0.03403559,-0.058788016,0.51797336,0.25312048,0.11635714,0.092555426,-1.0714899,-0.16955383,0.58518296,-0.5915988,0.725033,-0.7113556,0.375273,-0.8777562,0.31954023,-1.2390181,0.27034184,0.06814598,0.63022625,0.6333499,0.65893227,-1.2597708,-0.4733478,-0.30574143,1.3323153,0.5584969,-0.048572946,-0.34850946,-0.4762273,0.93944335,0.44262406,0.035679687,0.30546227,0.28232083,-0.051646218,-0.5507018,-0.6699936,-0.7508339,0.56576353,0.29086372,-1.1716849,1.6677622,-2.0753124,1.1576253,0.17104359,-1.8023955,-0.17986715,0.14950474,-0.61425334,2.024458,1.2764014,-0.6369841,-0.08382237,1.0812763,1.0759033,-0.8092911,-0.3772019,-0.8662226,0.95362264,1.6934892,0.80127645,-1.4179119,-0.3353195,0.4433328,-0.4076937,1.0099243,-0.18969089,-0.6082573,-1.0028564,-0.12433546,-1.0126113,-0.3025813,-0.8914178,0.37406933,-1.207241,0.44730976,-0.3218585,-1.2482353,1.1540208,-0.5918887,0.045138747,-0.5955896,1.0695037,0.44313374,0.48276734,0.5960495,-0.4664997,0.16288994,-1.1007982,-0.64524174,0.7783561,-1.1864161,0.6507928,0.48486662,0.8184309,1.550583,0.32270905,-1.616964,0.87786514,0.29759133,0.40637967,-0.4794196,-0.84432834,-0.73385096,0.3766203,0.47313133,1.3842176,-1.5837768,-0.36969975,-0.31749648,0.13334462,0.3477303,0.3494009,0.14255255,0.42896733,1.8893218,0.9728375,-0.12708597
カ,-1.1262732,-0.16220333,0.9819047,0.052180957,-1.5906419,-0.26745474,-1.5451168,1.4454143,0.9750436,0.1638775,1.097609,-0.19653556,-1.0699464,2.085988,-0.4963042,0.44890195,0.9644351,-1.1033895,0.8171266,0.09386446,0.77331245,0.2417207,0.68711674,-0.9700349,0.9012562,0.3435701,0.81010664,-0.048882365,-0.72265226,-0.70081806,0.12698425,-0.3615443,-1.6284444,-0.792243,0.06745972,-1.0316619,-2.1531558,0.76260936,-0.03131809,-0.78675,-0.7067038,0.65859795,-0.016874492,-0.066093266,-0.5487151,0.3239637,1.403709,-0.63359976,1.7857006,-0.003734398,-0.61979,-0.28371176,1.191103,1.1395686,0.20558918,-0.68279487,1.4117671,1.1751759,-0.021431586,-0.27407998,0.9182323,0.22733931,-1.2517972,-0.9055287,0.21125197,0.7653326,-0.5138022,0.20011091,-0.17129584,0.024938036,-2.092507,-1.5243347,0.014472547,1.1382724,-1.3714634,0.46375924,-0.37513572,-1.2163528,0.62503815,-0.06613801,0.4549997,-0.3362634,-0.43649188,1.2301452,-0.796499,-1.5318594,-0.0011354923,-1.1082151,-1.4480873,-0.2380685,-0.42845097,-1.4734948,-1.2672489,-1.8914003,1.3938414,0.06737818,-0.9572158,-1.1416018,-1.4683648,0.10490619,-0.15227644,1.4775878,0.014716697,-0.52844083,-0.9123953,-0.12738964,-0.65474796,-0.44841284,-0.6222026,0.6851779,0.055837046,0.3539815,0.42716947,1.63134,0.6729257,0.83435047,-1.5450256,-0.6469824,-0.46094233,0.6619704,1.8270338,0.39521497,-0.80172634,0.45334578,-0.13811085,0.7936386,0.5425794,-0.8122674,0.65964806,0.4717048,0.5694002,-0.15955922,2.3706954,0.7180049,-0.7310325,-0.30307615,0.015431893,-0.123275936,1.2877334,-0.60540235,-0.48862487,0.17468312,0.0043661073,-0.2566033,0.7356704,-0.8287857,0.20978422,0.51528,1.2720292,0.31803304,-0.39913866,0.3824944,-1.6528908,0.2544933,0.8878662,-0.01163948,-0.24739358,0.4672269,-1.0127187,0.6827505,-0.941205,1.2058693,-0.92931306,1.0033195,0.5550351,0.22252126,-0.9711917,1.2081159,-0.89389515,-2.1684885,-0.852139,-0.31878242,0.32407025,0.20588577,0.27588356,-0.1803209,0.20839703,0.4381958,-0.85357744,-0.34813127,1.3779981,0.54911,-0.031790495,1.2136929,-0.26446,0.7650735,0.735439,0.7474377,0.17113832,0.30155855,0.8061005,-0.47057334,1.0727155,0.9305828,1.0631385,3.1426284,1.126325,-0.9880165,-1.2827432,1.4324125,-2.3640504,-0.6711922,0.83980924,-1.6934397,1.1677055,-1.2880796,-0.92704785,1.7341915,0.5361292,0.20741907,-1.4244334,-1.2712381,0.36917078,0.9155304,-0.5252336,-0.41284627,-0.8627939,0.05959318,-0.517509,-0.44880706,1.135423,0.9030401,0.06834561,1.2188299,-1.3618559,0.36220452,0.17898357,0.3356762,0.3508254,0.75019014,-0.9724833,0.6546191,0.41688251,0.5986871,-0.80008,0.7873351,-0.4292572,0.087292984,0.054877616,0.82840556,0.9979216,-0.2361538,0.53194284,0.0038630485,0.46848083,0.6756901,1.356816,0.15081789,-1.5256064,-0.36070514,0.36369783,1.3881731,-0.06631093,0.6095436,-0.087176315,1.2731109,-0.33584625,0.13534787,-0.24153022,-0.6457004,-0.085283116,0.665089,0.52875453,0.121644534,0.14213848,-0.36503333,-1.0186388,0.74033123,0.18526015,-0.5978211,-1.3536971,-0.8449361,-0.79521906,0.29354328,0.7329607,0.71787846,-0.44795686,-1.453448,-0.45622054,0.6545081,0.8856858,-1.850275,-0.34925473,-0.6237099,-0.94049776,0.06090939,0.18727462,0.09691043,0.032501757,0.19858447,-1.5790021,0.81192696,-0.1672933,1.2357496,2.0654328,0.53371274,1.4517484,-0.6643004,-0.074983776,-0.08072422,0.3756853,0.5714057,-1.5277027,1.0597584,-0.5828565,-0.7332838,1.7457129,-0.57743216,-0.6681255,-1.4753382,0.32189775,-0.03852279,-1.161796,2.187141,-2.1289234,1.5421377,-1.5337691,-0.76182824,-1.2745006,-0.8227922,-1.2457428,0.022548486,0.52582264,-0.08828953,0.33564276,0.2176303,-0.018064976,0.30845255,-0.10966776,1.0316789,0.31437778,0.16445279,-1.0920769,-1.2342262,-0.84694207,0.87204754,-1.4496624,-1.0079467,-0.8334748,-0.19716547,0.09788535,-0.22587986,-0.56700957,0.9337635,0.29983592,0.117324114,-0.5391938,-0.51937616,-0.26463565,-0.20240644,0.8887966,-0.35612327,1.4470444,-1.1491996,-0.66219276,0.35785383,-0.8487781,-0.16664232,0.20477517,1.8459179,0.4782185,0.5181942,-0.0075770216,0.55149084,0.22055164,-0.6966712,1.2199203,0.6852438,2.1123102,-0.33357215,-0.5349297,1.4887995,-0.06589881,0.3374077,-0.44382542,-0.4739048,1.8958197,0.2706874,-0.4821577,-0.14546636,0.14351627,0.0064494237,-0.09178595,0.7322094,-0.16298084,-0.030744735,0.6166337,0.87276095,-0.5181059,-1.3278888,-0.17292574,1.0699724,0.8915371,1.2146319,0.89644,-0.42459074,-0.4206554,-1.9160497,-0.24663539,1.5110838,1.0762028,0.18060362,-1.5294713,0.560459,0.731939,0.50397635,-1.512327,-2.1478686,1.975717,0.5124107,0.34063736,1.3291028,-0.7603919,-1.639972,-0.4962514,0.07073249,-0.37761664,-0.55362236,-0.5545317,0.43353996,0.10802613,0.7879203,0.65442383,0.6415456,-0.123286344,-0.5841026,0.40731725,-0.1218003,-0.98158634,0.394442,-0.42384857,0.31945664,-1.5936668,-0.8408085,0.08159329,-2.538523,1.1016325,-0.6592095,0.24799123,-0.48523027,-0.3734657,-1.0560201,-0.40689868,-0.14062436,-0.9977088,-0.17023821,0.97110033,-1.5793755,-1.5496489,0.9824249,1.1613729,-1.1196177,0.8552574,0.7517564,-0.0689153,0.8013216,-0.126695,-0.69945115,-0.67683893,-0.35546845,-0.13986006,-0.57120514,-1.0778118,-0.58343375,0.77081215,-1.0742358,-1.6937548,0.5973999,0.6438152,-1.5532262,-0.70414764,-0.30065817,-0.04630544,0.6130517,0.86627233,-0.36756492,-0.32499877,-1.0898342,0.12603533,0.017405499,0.0714281,-0.68451184,0.10979953,-0.16234879,-0.72569144,0.46364385,1.6364365,0.044917367,1.363141,1.2327255,0.20306332,-0.2626612,0.5455547,-0.56962097,-0.08550397,1.0517031,-1.2611978,-1.0133647,1.3052117,0.30658135,-0.9359566,-0.4031411,0.35085168,-0.0993843,-0.31924808,0.0919852,0.75394046,1.0206283,1.2518437,1.7780342,-0.14578842,-0.029616604,0.06026026,0.8027606,-1.4479898,-0.6924049,-0.32059067,0.6510512,2.2160347,-0.5388685,0.13718578,0.94821274,-0.19313182,-1.3817317,0.5736802,0.5642632,-0.5378386,-0.75469387,0.10089278,-1.478712,0.075036705,-1.7756846,-0.1471854,0.65470886,1.057054,-0.7742757,0.83167696,0.98276836,-0.39221948,-1.0338136,0.098158196,0.6049462,2.0563521,0.36748344,-0.7610947,0.7652589,-0.19045718,-1.7030723,-0.14024648,-1.1981285,-0.38205945,0.26382214,-0.31622797,-0.34225577,-0.24129176,-1.0948005,1.3252699,0.26441795,0.1152946,0.71174264,-1.5122994,0.72571355,0.19249353,-0.76724213,1.3920872,0.8650893,-0.97821367,0.31626454,-1.6845852,1.3369621,-0.46502823,0.6705608,1.0172813,0.2752048,-0.6069724,1.2351974,-0.8281096,0.35083494,-0.3272379,0.9001671,-0.3420917,-0.01998719,-1.5775913,1.0918915,-1.2215154,-0.70788306,-0.27390712,0.31593832,-0.629597,-0.1033618,-0.46932173,0.14306696,-0.2226485,-0.81105185,-0.06006366,1.9105816,-0.09617269,-1.1546394,0.60018694,0.76102686,-0.45996475,-0.11078467,2.6216226,0.1477503,0.33755094,-1.1025132,-1.1959081,0.5719307,-0.16284533,-1.3701665,-0.24056168,0.16488293,-0.20257191,0.2174476,-0.7234443,1.2449678,-1.2885908,0.2147067,0.38208923,-0.55543256,0.043912016,-0.0025919676,-0.34900683,-0.7387889,-1.1964723,0.73442996,0.74941826,-0.5147278,0.7905848,0.83007467,1.6893265,0.82991,-0.22915316,-1.0939069,0.8443799,0.33601657,0.97650987,-2.074071,-1.422086,0.4260227,0.9909213,-0.71158755,0.32950088,0.2906441,0.109159686,-1.5043856,1.338094,0.184549,0.07234153,1.356653,0.20019206,-0.29118615,0.8154465,0.3236825,0.04520307,0.13917491,-0.5760938,-0.3839036,0.15784737,-0.65433663,0.06447647,-0.3920459,0.4925259,-0.19802086,0.48676378,-1.7462915,0.61618143,0.41713682,0.4886504,0.6385687,0.28773895,-1.752649,-0.9617318,-0.3170299,1.6834469,0.7818223,0.21092144,-0.9534527,-0.09297868,1.0500447,1.0032346,0.020191371,0.11269619,0.5336185,-0.37876984,-0.28494155,-1.4126838,-0.12092309,0.23212501,0.1863201,-1.0128297,1.0272013,-1.4875224,0.8195534,0.14204818,-1.3511398,0.16099373,0.4822169,-0.25383925,2.5037804,1.1524959,-0.107696235,-0.2270464,0.49803954,0.9193999,-0.990348,-0.39357305,-0.8745087,0.9530856,1.4579529,0.4233467,-1.1155922,-0.6523212,0.06489962,-0.37980884,1.239711,-0.68581665,-0.8648847,-1.4340007,-0.19755776,-0.87868977,-0.46746048,-0.0485499,0.6880945,-1.1677352,0.3548019,-0.52048415,-1.1242545,0.65156424,-0.42532626,0.08894863,-0.6272682,0.92221576,0.6525615,0.66611826,0.5299885,-0.39231578,0.5255558,-1.1073403,-0.9183251,0.58748287,-0.8966587,1.0475047,0.19605125,1.1722485,1.3897579,0.24322967,-1.7447109,0.5540916,0.28396326,0.72220623,-0.59221596,-0.5986439,-0.096055284,0.12123642,0.41289806,0.92363834,-1.3476367,-0.46677685,-0.08656299,0.12174578,0.33726996,0.53366214,0.18215956,-0.052604817,1.2074796,1.1949035,0.20745096
シ,-1.0562314,-0.28759754,0.61513865,0.68255985,-1.1481408,-0.89207345,-1.3709922,0.7725102,1.5923195,0.4605272,0.78641087,-0.33406445,-1.1875722,1.9021487,-0.64264274,0.4465668,1.3126246,-0.59084135,0.56425804,-0.48757097,0.9860804,0.7025949,0.89836484,-0.5875898,0.6541132,0.71935534,0.66700226,-0.8778965,-0.73535925,-0.57028383,0.13302365,-0.8207035,-0.9574537,-0.44689733,0.14945997,-1.156424,-1.5486202,1.0100105,-0.2042471,-0.6551521,-0.8196163,0.36884767,0.0329656,-0.081710845,-0.3489851,0.41059616,1.7667401,-0.39331865,1.5057869,-0.55900615,-0.97718424,-0.72474235,0.32102773,0.8075336,0.29852664,-0.4338055,0.7652832,1.1439372,0.34732544,-0.1848327,0.1732706,0.60184574,-0.7690421,-0.1236407,0.62417,0.101688795,-0.7610376,0.07497639,-0.43864945,-0.06818816,-2.1956763,-1.1610388,0.21532159,1.4343427,-1.4473617,0.95749724,0.05500748,-0.65871483,0.33562624,-0.13579564,-0.114200495,-0.09592669,-0.9858883,1.1869365,-0.5527057,-1.3207333,-0.27681273,-0.30983305,-1.2356842,-0.45714533,-0.7255774,-1.3365965,-1.740364,-1.3541408,0.96083283,0.030740537,-0.65920043,-1.1507852,-1.6854137,-0.17782313,0.22375566,1.2336674,0.08718019,-0.42347682,-1.0713644,-0.24944316,-0.66139597,-0.32205886,-0.7947136,0.601903,-0.37023383,0.63005346,0.5932329,1.2951378,0.96598774,0.6259599,-1.5014873,-0.48732015,-0.5341535,-0.10297281,1.3939681,0.4805766,-0.96181524,0.55938554,0.16260946,1.1110417,0.12663877,-1.1571927,0.14507507,0.38215855,0.898102,-0.5250895,1.9154377,0.3165909,-0.8083105,-0.4428521,-0.19493341,0.13704582,0.78437674,-1.1541625,-0.64599925,0.33078215,-0.11807933,-0.100034125,0.391777,-1.0697786,0.049617812,0.62644476,1.4959172,-0.14411525,-0.106131166,0.034187272,-1.137523,0.41831607,0.8533594,-0.4717064,0.067558594,0.5311327,-0.5941491,1.1792359,-0.119772084,1.07758,-0.71897024,0.39265776,-0.13762198,0.48944294,-0.5388097,0.7798464,-0.92224115,-2.1897914,-0.65613,0.3451119,0.18647479,0.07677498,0.40497988,-0.13742371,-0.092582114,0.28099328,-1.0664035,-0.50982195,1.2289935,0.6844302,0.16577603,1.3426933,-0.34654483,0.20480014,0.51326776,0.60797364,0.2357376,-0.01088215,1.0820327,-0.9132774,0.9865898,1.0311637,0.93661094,2.7230933,0.76346517,-1.5491065,-1.3493071,1.0731786,-2.066563,-0.4826782,0.39110935,-0.8658345,1.1163465,-1.0158694,-0.88252604,1.5841678,0.44759625,0.12805258,-1.1463885,-1.5267535,0.5288189,0.9682524,-0.6626543,-0.10179848,-0.8316875,-0.4722826,-0.6632515,-0.7089966,1.0756062,0.71046066,0.3506342,1.292134,-1.3172736,0.59965295,0.18462244,0.101543024,0.49861926,0.29789898,-1.0915394,0.45478326,0.84790975,0.017992334,-0.41751358,0.65560377,-0.64693105,0.5819861,0.12483001,0.43892115,0.47871768,-0.28532043,-0.02900594,-0.044702932,0.5480236,0.49165586,1.4686737,-0.0632099,-1.3542099,-0.05415754,0.35541013,0.81402093,0.29061946,0.47805735,0.5462045,0.83547807,-0.7283423,0.25009587,-0.64713126,-0.19732255,-0.026127534,0.56216776,0.030318348,0.34880918,0.17631687,-0.44585162,-1.1413839,0.2804698,0.21078344,-0.5429339,-0.7229636,-0.7494745,-0.76429635,-0.10928748,0.31514505,0.2597608,-0.33804083,-1.0289985,-0.9042192,0.10952802,0.8757822,-1.7306504,-0.5757048,-0.47481823,-0.92134345,0.20961948,-0.00033403933,0.10585165,0.026888533,0.810383,-1.4477959,0.8820969,-0.15079696,0.7314861,1.4386976,0.26122972,1.0230423,-0.5242304,0.35506237,-0.5025368,0.68031394,0.41174456,-1.1929021,0.5195475,-0.29097864,-0.82628024,1.1962947,-1.1767898,-0.97190166,-0.5889891,0.23932981,-0.19672357,-1.0034724,2.5605,-2.1181986,1.0883054,-1.5405326,-0.6195285,-0.3604193,-0.22901021,-1.5023322,0.3280417,0.63011897,0.050995413,0.82277524,0.25368878,0.23939061,0.05859575,0.055103227,1.0270396,-0.37502572,0.6061184,-1.0571603,-1.2948145,0.038692866,0.77155185,-1.0758462,-1.4861888,-1.3199204,-0.17876054,0.24418846,-0.7547981,-0.12349363,0.9662176,0.12689163,0.6556106,-1.0092309,-0.30389062,-0.048953317,-0.7594681,0.91636807,-0.045983423,0.9461,-0.77278703,-0.62931186,0.90644306,-1.2785817,-0.09244699,-0.3744783,1.8686523,0.6689959,0.37498248,0.3540654,0.43101948,-0.4444849,-0.7124048,0.96595156,0.14183073,1.5614407,0.49842185,-0.19766091,1.3385463,0.24510492,1.100833,-0.2187631,-0.37880963,1.7480663,0.09658205,-0.9348242,-0.2891142,-0.519075,-0.08971712,-0.36025688,0.2978702,-0.23114233,-0.44027072,0.6560451,0.7389346,-0.8361995,-1.6041336,-0.6498351,0.858782,1.0084623,0.8971353,1.2558304,-0.37131578,-1.0934368,-1.8140626,0.18576178,1.1453872,0.46377385,0.4321848,-1.4451874,0.1551318,0.31954232,0.44725686,-0.946472,-1.832642,1.52309,0.7563288,0.35118482,1.6767226,-0.44815293,-1.260846,-0.58233374,0.6951579,-0.08899657,-0.727261,-0.83064026,0.65323204,-0.047450542,0.9720854,0.72263163,0.9245934,0.1903037,-0.45442125,0.55775523,0.20805411,-0.57774997,-0.19270286,-0.1199059,0.47764778,-1.1753303,-0.67175,0.5403745,-1.8064309,0.78136826,-0.28931645,0.12560748,0.15339258,-0.3239559,-0.675839,-0.4285795,-0.055445638,-0.69958615,-1.0255485,0.17989145,-1.2221341,-1.5627353,0.9548327,1.0490667,-1.349197,0.33358413,0.59018254,-0.24281926,0.5771582,0.41007188,-0.33923364,0.2435607,-0.48341712,-0.047771107,-0.51277804,-1.2945381,-0.6730243,0.6116777,-1.4226081,-1.0921696,0.7745044,0.9676257,-1.4165825,-1.0517068,-0.3377178,-0.07617728,0.59342116,1.2332749,-0.029187502,-0.5415053,-0.8198448,-0.4969753,-0.17430985,0.46108112,-0.33958462,-0.018569523,0.056939688,0.20334215,0.44477835,2.0043993,-0.06187154,1.2955859,0.91696835,0.49020872,0.22702895,0.5390823,-0.3111869,-0.39177683,0.5621115,-1.2282468,-0.66295964,1.2318033,-0.4163482,-1.3240473,-0.017385488,0.7640346,-0.090916865,-0.13952677,0.49403182,1.3753607,1.4035977,1.28755,1.8106514,-0.11718991,-0.35019687,-0.64205307,0.36198208,-1.1237584,-0.976013,0.16182375,0.77359694,2.1420486,-0.665514,0.3809061,0.50137115,-1.2158328,-0.8235317,0.4662036,0.5263987,-0.28790733,-0.5555648,0.7242323,-0.86957645,-0.21417342,-1.6361488,0.018246682,0.289591,0.7153266,-0.616959,-0.12686537,0.519484,0.1443577,-0.6583999,0.13388716,0.8432993,1.2597678,0.20827638,-0.8236599,0.67230827,-0.23321213,-1.6911964,0.0704766,-1.0194017,-1.0248998,0.2222394,-0.10970818,-0.18819438,-0.41597083,-0.7073562,1.5339242,0.39705914,0.26247513,0.12863944,-0.955275,1.3961374,-0.18536566,-0.6896112,1.3761895,1.0160058,-1.5775682,0.5023514,-1.3123065,1.1690838,-0.3981492,0.3606963,0.75276566,0.052903797,-0.46702817,1.4707352,-0.45992383,-0.20042591,-0.33889392,0.65408653,-0.8531612,0.012815042,-1.7304444,1.2706987,-1.1199738,-0.96245384,0.044112306,0.32004282,-0.43171313,0.34803584,-0.2908712,0.40835002,0.22237247,-0.71481425,0.65478474,2.0372977,-0.3237879,-1.1026261,0.5961335,0.3188708,-0.55886155,-0.124334484,2.382685,0.4398281,1.0344425,-1.0414803,-1.0071362,0.73620564,-0.15055285,-0.8398636,-0.021942802,-0.3331368,0.08401425,0.6952473,-0.1303448,1.2590972,-0.592396,0.02384475,1.2023457,-0.42822087,-0.0039465833,0.46484673,-0.6268644,-1.1696267,-1.0151772,0.8717547,0.66157705,-0.34112203,0.41823465,0.83869934,1.6228868,0.9943783,-0.068915315,-0.6310759,0.5957943,0.56211543,0.9336169,-1.2962248,-1.4237765,0.767877,1.0168557,-0.71373737,0.9015913,0.22813334,-0.30449823,-1.7553897,1.3009865,0.060327116,0.036798224,1.0544521,0.26667374,-0.4303901,0.6670589,-0.27027032,-0.07237663,-0.30990794,-0.6173785,0.046865884,-0.25953442,-0.7552297,0.57569116,-0.52936125,-0.06255453,-0.23461412,0.74431616,-1.2147263,0.53398615,-0.29484665,0.45550478,0.40082103,0.29832318,-1.0584449,-0.079795845,-0.5905205,1.5130979,0.90506595,-0.037662312,-1.2225457,-0.3540115,0.7968736,0.5383693,0.047335874,0.08711521,0.05554683,-0.76852363,-0.42430183,-1.0374012,-0.57611173,0.19815741,0.3354684,-0.66441876,1.4325463,-1.5577554,0.7099332,-0.048659276,-1.0799313,0.17672491,0.4077151,-0.5995493,1.9521731,1.1053914,-0.14164428,-0.2271116,0.6225806,1.0402008,-0.30718774,-0.61369234,-1.3714415,1.2202935,1.3222661,0.17438617,-1.3115789,-0.3436386,0.50242144,-0.49500388,1.3278283,-0.6304638,-0.8240705,-0.76180154,-0.079210654,-0.7161569,-0.22916289,-0.46424735,0.4301693,-1.4028825,0.7464199,-0.83066726,-0.6783859,0.64166796,-0.62345463,0.0068733366,0.020104982,0.9792888,0.9952313,0.56420976,0.32392246,-0.8164177,-0.054917432,-0.6388615,-0.33602035,0.69934803,-0.6262283,0.47596246,0.48193958,0.80114484,1.8865745,0.14905678,-0.6905782,0.40280676,0.23872226,-0.21625115,0.0103023965,-0.2197214,-0.5467293,0.1785704,-0.0017654516,0.5804867,-1.523047,-0.49701265,-0.09062218,0.58816516,0.3080828,0.6667002,0.30372173,0.52049774,1.9402814,0.9009804,0.029445875
ア,-0.95677006,-0.7085167,0.9020904,1.0153286,-0.88796026,-0.3744269,-1.5445478,0.2340899,0.9982858,-0.35739154,0.8385068,-0.17434916,-0.8544443,1.9667387,-0.56145334,-0.099174924,1.1992328,-0.74349993,0.18276274,-0.27242094,0.70147926,0.7516588,1.0642534,-1.0163429,0.9847797,0.26621708,0.7540859,-1.0917367,-0.45191368,-0.21830034,-0.35703015,-0.17125896,-1.1660322,-0.81213456,0.16432086,-1.1567187,-1.6762722,0.8101322,0.16664585,-0.8614892,-0.83331764,0.34632832,-0.5398959,0.017604554,-0.7885744,0.09217862,1.9375473,-0.41982946,1.1459723,-0.10834579,-0.38207364,-0.43006086,0.6153717,0.99835193,0.53909665,-0.546224,0.7395127,0.98130286,-0.1570212,-0.46219653,1.0769352,0.8988802,-0.71046615,0.13973919,0.5938319,0.97430336,0.22145303,-0.2131232,-0.48670268,-0.29329035,-2.6121597,-1.1694169,0.20013328,0.9200409,-1.027675,0.94131625,-0.07665572,-0.381135,0.33677152,0.40581584,-0.019313494,-0.07472447,-0.8617854,0.95616066,-0.7326044,-0.8532038,0.040971912,-0.39269653,-1.6198171,-0.010531485,0.15570447,-1.1793479,-1.3815608,-1.7905095,1.0264606,-0.3650114,-0.83233833,-0.643982,-1.4626577,-0.0027919381,0.268506,1.0495489,-0.36483258,-0.13391855,-1.3818333,-0.13799547,-0.90874827,-0.51431143,-1.024728,0.84086883,-0.42466822,0.54337376,0.6017566,1.3380728,0.76343685,0.56966347,-0.493051,-0.7125377,-0.10777298,0.2614117,1.5367262,-0.1318871,-0.7761966,0.4196736,-0.27243358,1.0750824,0.40546855,-0.73965347,0.5415697,-0.3369556,0.4393614,-0.35591036,1.9023212,0.47827643,-0.4157477,-0.26731974,-0.5735219,0.3809768,1.2191064,-0.41821843,-0.29821262,0.16660692,-0.0731462,-0.38323718,0.31610242,-1.01238,0.0056994883,1.212959,1.1682868,-0.16816238,-0.32970664,-0.18492268,-0.88612974,0.4290257,0.5579408,-0.34249714,-0.56985295,0.00018130541,-1.2890205,1.0904677,-0.02626865,1.3063122,-0.9333943,0.65427333,0.0047674896,0.14108722,-0.4671893,0.8718392,-0.8995241,-2.4007223,-0.413201,-0.041641064,0.16587754,-0.116138615,0.58807343,-0.10315517,0.8734013,0.31676015,-0.7861025,-0.06808343,0.5418633,1.1691579,0.07777541,1.1546183,-0.1834881,0.75868237,0.5817517,0.59880257,0.029966593,0.70041966,0.35606474,-0.6767586,0.782127,0.95519507,1.3668318,2.4951682,1.0137705,-1.7186346,-1.1776657,0.75560063,-1.8690093,-0.37196854,0.74153525,-0.73339576,2.092729,-1.1767073,-1.3692017,1.5706241,0.44506508,-0.009338891,-0.950559,-0.80489266,0.63874036,0.78854793,-0.7572613,-0.110491276,-0.74035263,-0.057056338,-1.0200304,-0.6507722,0.7583715,0.61666536,0.6123496,1.5453138,-1.3504398,0.46746945,0.38531822,0.29270124,0.556226,0.47063535,-1.2003491,0.4330271,0.5942628,-0.3407995,-0.38850787,0.2278121,-0.6585159,0.24150057,-0.29532132,0.4701709,0.572759,-0.5315768,0.19798796,-0.33649164,0.0716778,0.16350292,1.1472867,0.020795118,-0.94808114,0.17635915,0.20301537,0.85346586,0.51566494,0.6209389,0.4225281,0.40977868,-0.8025255,0.2380352,-0.41577822,-0.47854877,-0.31262693,0.5160726,-0.2110081,0.6767051,0.36252955,-0.6798353,-0.44486713,-0.08065055,0.12008975,-1.1186059,-1.2213417,-0.48344,-1.0967389,0.047269195,-0.2227114,0.473913,-1.0665604,-1.2065543,-0.6901109,-0.14313519,1.1258383,-1.4907537,-0.6532058,-0.3508296,-0.4285337,0.10947641,-0.6579235,-0.40089878,0.42687386,0.43112144,-1.4981883,0.6130327,0.023767948,1.1249864,1.2878183,-0.014724433,1.5306034,-0.11465553,0.41297808,-0.7525476,0.5623402,1.2084538,-1.2051561,0.55671644,-0.19050488,-0.44619268,0.99211705,-1.0625522,-0.36088714,-0.85807645,0.12854233,-0.3398424,-1.4605405,1.7137543,-2.0811443,0.9166436,-1.7314026,-0.93309337,-0.88623923,-0.93121517,-1.4496319,0.6758148,0.56945634,0.39378616,-0.14204451,0.1267698,0.021270275,0.5225928,0.47291946,0.9732806,-0.62076414,1.0878584,-0.95039874,-1.1905434,0.02796265,0.6674393,-0.98354703,-1.135931,-1.101873,-0.22111408,0.67379487,-0.34309447,-0.3648001,0.7586579,0.1404934,0.668283,-0.4325489,0.34122086,-0.3373381,-0.20769627,1.564531,0.6942616,1.6527951,-1.1413848,-0.34118438,0.629717,-1.6920211,-0.4712893,-0.3485736,1.8993495,0.80820704,0.04967603,0.38305864,0.6361987,0.06834276,-0.7534839,0.3263781,0.09896095,1.5187051,0.22248319,-0.29371026,1.8802669,0.4872879,0.7354904,-0.5601092,0.22521952,1.7120088,-0.13499565,-0.4357415,-0.15962532,-0.5587689,-0.6172117,0.2639863,0.3561765,-0.33578184,-0.51151067,0.5519039,0.75331986,-1.0652109,-1.5234168,-0.34535658,0.5929862,0.73910505,1.7564892,0.79100454,-0.2022105,-0.9611969,-1.8609098,0.22568683,1.0141898,0.6321193,0.34556547,-1.2835785,0.8616379,0.41555566,-0.22020788,-1.5781152,-2.3623502,1.9131523,0.8511534,0.38683844,1.5015757,-0.9171995,-1.4720631,-0.598415,-0.012831802,0.27627188,-0.39810252,-0.41057006,0.7277676,-0.8846647,0.8189,0.51036704,0.6066455,-0.048550926,-0.07559732,0.47003722,0.2581312,-0.50586146,-0.009562668,-0.43595058,0.4119361,-1.2033297,-0.321483,0.2483989,-1.6034186,1.0492387,-0.14331491,-0.66517186,0.25366893,-0.96678364,-0.8276836,-0.6480072,-0.26766288,-0.799432,-0.75451535,0.41414094,-1.3102205,-1.3555392,1.1103833,1.2906616,-1.0132736,0.5865148,0.7754024,0.19986647,1.2446243,-0.25326318,-0.28722858,-0.0075414805,-0.2554886,-0.082687974,-0.8120311,-1.09381,-1.0435703,0.6803406,-1.107147,-1.1205359,0.7990204,1.1155398,-1.6826961,-0.66328317,-0.0034688977,-0.37573355,0.6556014,0.70859826,-0.42313027,-0.001979071,-0.66046345,-0.19620837,0.55274767,0.14941974,-0.4212458,-0.45196968,0.5216225,-0.71121186,-0.010642096,1.5112112,0.029744029,0.2249041,1.2023759,0.394875,-0.7347935,0.27236706,-0.21405402,-0.11939021,0.95114785,-1.0341663,-0.80453,1.5273652,0.063148215,-1.0946783,-0.36258274,0.7709187,-0.015663797,-0.100116566,0.37248114,0.778072,1.6548684,0.7483856,2.054508,-0.4547668,-0.11765571,-0.29586503,0.70964444,-0.9680548,-0.9812992,0.007338953,0.52043885,2.1514688,-0.5040221,0.100478135,0.94645375,-0.8207035,-1.1583383,0.09195553,0.14362329,-0.23647523,-1.171416,-0.11941532,-1.0023134,0.06840944,-1.7594382,0.030645872,0.82123137,0.40058273,-0.5149625,0.37095782,0.69541836,-0.1393264,-0.79774433,0.96046084,0.6678092,1.8523862,0.016101807,-1.2728462,0.2212688,-0.39251828,-1.6493349,0.18381381,-0.49067038,-0.30556732,0.20394003,-0.3339265,-0.2974297,-0.4470709,-0.45154977,1.4407588,0.47356138,0.09813073,-0.25759387,-1.2841104,1.9614754,-0.19394472,-0.069607265,0.8995985,0.7863094,-1.4358418,0.71768683,-1.3391917,0.45256025,-0.6328384,0.3016029,0.7894373,0.13039808,-0.8148759,1.5134752,-0.77778536,0.12349018,0.15393399,0.78028554,-0.29374987,0.1766909,-2.1507583,1.367836,-1.2462204,-1.1010396,-0.15508273,0.7957395,-0.25645694,0.1627448,-0.09644268,0.22095211,-0.13969854,-0.79361564,0.55413175,1.9447018,-0.13215992,-0.6829506,1.4192867,0.8070432,-0.3769086,-0.026945254,2.7587945,0.38389176,0.97710973,-1.0258573,-0.94858617,0.19055751,-0.34783506,-0.8459755,0.10126797,-0.29793763,-0.33842745,0.5211654,-0.39182025,0.6790489,-1.0085108,-0.14102402,0.7281008,-0.4974432,-0.2746467,0.4801271,-0.5147913,-1.0292108,-1.2567554,0.4280712,0.7381197,-0.58583343,0.12348608,0.37840787,1.9468963,0.687116,-0.29227132,-0.52373433,0.5169177,0.9730771,0.9795378,-1.6272516,-1.6035324,0.93623924,1.6781273,-0.7502023,0.62312317,-0.10621814,0.17524545,-1.5640802,1.2897508,0.4138452,-0.17722365,1.7302015,0.42774892,-0.17875259,0.82823515,0.047915567,-0.36315316,-0.4054687,-0.25627893,-0.28073415,-0.19152832,-0.8242977,0.14928217,-0.8322363,0.48378554,-0.16790044,0.8912007,-1.4503765,0.52143174,0.37064707,0.3122689,0.3524943,-0.2793753,-0.9072631,-0.83378065,-0.4419926,1.6408304,0.8523523,0.037422776,-1.8365799,0.08177669,0.3549918,0.29802886,-0.41475457,0.48253226,0.19493964,-0.9083251,-0.5753441,-1.1463192,-0.27294403,0.083381094,0.9987154,-0.5813614,0.9033147,-1.2173212,1.0798826,0.41492552,-1.2346146,0.70707625,0.2197649,-0.5229502,1.9289045,0.9847334,0.10180787,0.3687785,0.991697,0.90201867,-0.42328826,-0.023365494,-1.1005133,0.8807079,1.5760715,0.6671302,-1.4098718,-0.37026858,-0.15706918,-0.5074703,1.3800175,-0.62600726,-0.76018363,-1.5072385,-0.16551432,-0.77359027,0.16632532,-0.74719095,-0.06981053,-1.0742133,-0.031989913,-0.8425091,-0.70697653,0.6919379,-1.073831,0.07668409,-0.17450562,1.3251493,1.2855844,0.26766956,0.5258476,-0.5093079,0.360219,-0.75723696,-0.24220371,0.6925007,-0.9374779,0.34456098,0.051856805,1.0525185,2.0836234,0.08578155,-0.7993754,0.46620178,0.3539667,0.78957325,0.076839015,-0.30431876,-0.017528292,0.2166121,0.29768893,0.587005,-1.1207507,0.07201284,0.0039213463,0.4281726,0.47767967,0.49958134,0.12185757,-0.009925443,1.5807625,0.4915234,-0.2910697
ゲ,-0.690324,-0.4347471,0.6349097,0.70080334,-1.0595356,-0.40323794,-1.7159185,0.9937084,1.1810659,-0.028398285,0.5972968,-0.19833726,-1.1737391,2.494532,-0.8161773,0.019746808,1.1095766,-1.0964162,0.23270941,0.3032153,0.49466887,0.31397918,0.3550459,-0.86246306,0.8321448,0.8134534,0.6356275,-0.423239,-0.15120752,-0.8063278,-0.0627471,-0.45679435,-1.1198388,-0.29899868,0.42224908,-0.8402079,-2.1130621,1.3385273,0.2166555,-0.5982594,-1.4190475,1.4945914,-0.1990072,-0.094034635,-0.82649565,-0.17517678,1.8298597,-0.88133305,0.8454194,-0.08805597,-1.1707562,-0.1485233,0.47237003,0.87175137,0.30227613,-0.59982294,0.8731919,0.97109884,0.055930566,-0.54418224,0.2669463,0.7475431,-0.5308278,-0.55260664,0.14489202,0.91585034,-0.095281266,0.36569655,-0.18585964,0.27332047,-2.3857372,-1.748119,-0.15945455,1.3458441,-1.460557,0.7581056,0.3173029,-1.4154121,0.10085523,0.007637461,0.5805832,-0.3331773,-0.21853893,1.1850227,-1.08106,-1.1506561,-0.50328916,-0.738756,-1.3050141,-0.09569401,-0.47247216,-1.6347624,-1.3003474,-1.8551432,2.171376,0.5517521,-1.0245847,-1.3819767,-0.9983247,-0.21532781,0.06930239,1.1075677,0.9899531,0.025405312,-0.99018985,-0.7210888,-0.44049087,-0.44241014,-0.61220175,0.2143685,-0.15453516,0.6580916,0.91199875,1.7530996,0.9103268,0.451053,-1.4732102,-1.0442439,-0.9090991,0.71055603,1.584146,0.53229076,-0.6707127,1.067505,0.29263347,0.921762,-0.1527863,-0.9924724,0.4783593,-0.048365194,1.1748914,-0.0021376114,2.2008479,0.8139885,-0.6972255,-0.49470913,-0.10914099,0.26737663,0.3353093,-0.9153953,-0.4206042,0.21413444,-0.541295,-0.22496629,0.588129,-1.4216787,0.2568017,0.34661058,1.7340541,-0.44280028,-0.3527044,0.29878792,-1.8254093,0.39334616,1.0612417,-0.40054545,-0.3098594,0.37879452,-1.1199259,1.056872,-0.7045534,1.2343134,-0.73361474,1.2008696,-0.62751424,0.8481453,-0.8581798,0.5352152,-1.1872565,-2.3418267,-0.6597797,0.26243013,0.8877754,0.031116763,0.9881703,-0.30577978,0.06152931,0.39097822,-1.1708688,-0.23354347,1.094778,0.9069686,-0.17543323,1.59863,-0.024496054,0.34432456,0.52028126,0.35740077,0.9304745,0.12022961,1.8714117,-0.6315497,0.94480985,0.97308946,0.57970846,2.7900543,0.69068044,-1.3310498,-1.3059593,1.3033134,-2.1938858,0.046233,1.2921213,-1.3502413,1.1855335,-1.4223666,-0.90049505,2.0280416,0.7570632,0.027992683,-1.526349,-1.2613621,0.9794646,0.72173125,-0.35411978,0.035633046,-0.93818885,0.4754655,-0.89221567,-0.6884747,0.6174815,1.1813139,1.1887449,0.87838936,-0.75184864,0.62751585,0.42489806,-0.08215136,0.13684554,1.1628747,-0.6961417,0.51733524,0.77379227,0.5707077,-0.66259253,0.54584295,-0.6051834,0.35446104,-0.30989602,0.9306006,0.54371667,-0.5056434,0.33676732,-0.14479212,0.49180368,0.7074887,1.5352998,0.19360833,-1.6230787,-0.37200248,0.1824011,0.8666465,0.3503765,0.5097782,0.19260848,0.83551294,-0.75996774,0.14167336,-0.13456039,-0.5036792,-0.31404284,0.37535572,0.3530439,-0.15397513,0.6299987,-0.73076695,-1.1613641,-0.085950695,0.3330023,-0.7692061,-0.72421175,-0.1939087,-0.96903205,-0.06425452,0.82300407,0.84103554,-0.47370246,-1.3869697,-0.34156954,0.84002185,0.5908631,-1.883006,-0.07750303,0.19717254,-0.41765714,0.5830524,-0.27183318,0.05839045,0.41497782,0.34342954,-1.2731389,0.9329036,-0.07714633,0.5339475,1.5023783,0.31427768,1.1160316,-0.024752766,0.1556157,-0.8311272,0.5525723,0.4762833,-1.5281168,1.0465446,-0.65757847,-0.7516277,1.152875,-1.2207512,0.009807001,-1.173895,0.22244394,-0.3935217,-0.96335393,1.7148644,-2.3894963,1.6322807,-1.8947058,-0.5244827,-0.28455755,-0.82865125,-1.0987576,0.08521497,0.43226743,0.09036848,0.13146587,0.5556005,0.44597802,0.6095429,0.38668492,1.4372786,0.045447946,0.40820062,-1.1671612,-1.7492212,-0.41160735,0.043464452,-1.2616103,-1.0331321,-1.0854684,-0.4569373,-0.029735634,-0.8729622,-0.836973,0.9350548,-0.33350968,0.50760204,-1.1245705,-0.82493585,0.46142864,-0.8243566,1.3888487,-0.59449834,1.5665706,-1.299868,-0.27356791,0.47412348,-1.0944943,0.29900548,-0.251804,2.2149343,1.0565916,0.80561763,0.41301486,0.6346957,-0.26276293,-0.26082012,1.4603505,0.052016255,1.819172,0.0068760463,-0.3641806,1.7033423,-0.30333352,0.8800376,-0.25236714,0.051643074,2.072707,-0.3225642,-0.7384648,-0.1757664,0.03564185,-0.1456055,0.058561992,0.6995134,0.3266634,-0.08355939,0.77304727,0.7610548,-0.032235976,-1.0291783,-0.26578566,0.60696894,1.1743404,1.3934911,1.472778,-0.25452927,-0.37185255,-1.6928066,0.39026996,1.4246101,0.86222905,0.4959482,-1.6832905,0.910204,0.68422526,0.29571345,-1.8168269,-2.0455723,1.5597835,0.6229387,0.12717803,1.7590508,-1.0425385,-1.926033,-0.502084,-0.19462006,-0.18888395,-0.6497349,-1.0450524,0.44732013,0.36990365,1.402019,1.0289077,0.9420422,-0.3030669,-0.48088804,0.29685965,0.019729326,-0.642372,0.117301755,-0.22641031,0.7920788,-1.5468448,-0.7591732,0.35257563,-1.9270782,1.3026534,-0.56438893,-0.15548477,-0.24825497,0.20416814,-1.1391145,-0.16089062,0.39289102,-1.133584,-0.016072566,0.89830065,-1.8355781,-1.5074791,1.3002144,1.0623168,-0.24355789,-0.007429967,0.5037052,0.014995414,1.1188648,-0.20847504,-0.48340487,0.045765918,-0.24714325,0.024091138,-0.64331,-1.4121059,-0.2174213,0.49515912,-0.8868986,-1.4342213,0.723506,0.5210088,-1.5842457,-0.5054512,-0.116044134,-0.67034197,0.78454274,0.7059714,-0.5856392,-0.58983207,-0.9798012,-0.113494955,-0.40982786,-0.15351442,-0.61759335,-0.08504304,0.4997934,-0.71647745,0.21699232,2.045639,0.025138177,1.2300303,1.3998178,-0.013756841,-0.12526946,0.42812124,-0.56401515,-0.25347373,0.9202246,-1.2470076,-0.66420764,1.5654211,-0.01412264,-1.2952989,-0.017373111,0.7396571,-0.05867289,-0.15124859,-0.09604311,1.1565341,1.427831,1.234532,1.6829661,-0.3843793,-0.23076989,-0.7286897,0.51620656,-1.383935,-0.940522,-0.30701515,0.64552826,1.9728049,-0.4972888,0.456993,0.7775715,-0.9755089,-0.9786153,0.28838322,0.55741626,-0.011555535,-0.40982425,0.004462898,-1.1019062,-0.021918043,-1.7904873,-0.20865498,0.8098522,1.4692436,-1.0243918,0.12844494,0.6577841,0.18693219,-1.2038442,-0.19652806,0.62271756,1.6368521,-0.37549737,-0.4688761,0.02621716,-0.32043156,-1.6088148,-0.09040203,-0.8715851,-0.9401105,0.12414058,-0.3032397,-0.12401507,-0.45949176,-0.45428443,1.7969638,-0.20747368,-0.6218236,0.375234,-1.1079363,1.3257108,0.038434185,-0.5857906,1.8163909,0.67611164,-1.3288488,0.69864243,-1.4696841,1.219842,-0.8308223,0.9057186,1.3864042,0.3974202,-0.3790982,1.4266692,-0.5143743,0.0042231604,-0.46186104,0.52538353,-0.4035786,0.08612875,-1.5593351,1.3115498,-1.9811358,-0.6521401,0.59776515,0.68511647,-0.75329834,0.21529949,-0.2705191,0.48373464,0.05520634,-1.3411123,0.7877774,1.7388377,-0.38032135,-1.2306854,0.5476177,0.24112745,-0.90756494,0.0052301525,2.3425853,0.4092312,0.7574509,-0.9576594,-0.86833495,1.1018895,-0.47663465,-1.49571,-0.885722,-0.42838994,0.047201023,0.56173974,-0.24748701,1.0877978,-0.36979732,0.6428674,0.8747213,-0.54018897,-0.34909293,0.11458361,-0.25779268,-1.1857303,-1.4343137,0.22619788,0.32929388,-0.9818886,0.44157544,1.1051561,1.474896,0.30590788,-0.5753794,-0.5471037,0.80528516,0.6395989,0.6251574,-1.0610625,-1.2580074,0.46199155,1.2024486,-0.6704836,0.13876691,-0.08208898,-0.6114499,-1.7827905,0.955719,-0.03825173,-0.56965965,1.1272609,0.07166987,-0.15874995,1.1996449,-0.39608464,0.55085695,-0.1360233,-0.7960853,-0.2339396,0.10498718,-0.90634054,0.31259936,-0.5687154,0.4859039,-0.7437737,0.63104564,-1.2656941,0.6745148,-0.029876241,0.30878425,0.34830868,-0.08990151,-1.2844763,-0.77030355,-0.1843282,1.5861906,0.8431538,-0.25345728,-0.95292205,-0.0686408,1.1042761,0.6765713,0.13274801,0.26624957,0.27358946,-0.69220495,-0.5156936,-1.0350672,-0.45522168,0.55696905,0.37248024,-1.1859155,1.4894514,-1.6934074,0.48718533,0.034923613,-1.4026011,0.3045894,-0.116874345,-0.55192643,1.8881851,1.6646451,-0.050588157,0.051291957,1.0673752,1.018044,-0.82962394,-0.5048998,-1.4796543,0.5557242,1.2550906,0.68956774,-1.4528416,-0.16825688,0.5648884,-0.49576733,1.0891166,-0.39417037,-0.3381822,-0.6940022,-0.047087755,-0.9026177,-0.7447069,-0.55555505,-0.045359075,-1.1058046,0.9262635,-0.63595974,-1.4200659,0.64606494,-0.7103796,0.15333684,-0.43092525,1.0915567,0.77863854,0.823118,0.53464085,-0.84840035,-0.12053772,-1.084025,-0.5602952,0.24275301,-1.1022958,0.46466586,0.2215494,1.0153797,1.6377014,0.1216566,-1.2785608,0.64616495,-0.30611697,0.61930996,0.05053531,-1.3371059,-0.9304095,0.017951844,0.7067264,0.5347686,-1.3368479,-0.2896042,-0.26622128,0.3158435,0.18256515,0.075164504,0.013236329,0.46401596,1.5816289,0.9466997,0.109959684
タ,-0.9424783,-0.28502005,0.7572632,0.14603353,-1.4157946,-0.26418993,-1.4863797,1.44533,1.3744887,0.39249012,1.0445575,-0.4443505,-1.3127934,2.4281006,-0.61517924,0.024665108,0.81143093,-1.0015972,0.2347987,-0.2642376,0.796874,0.7036928,0.6597425,-1.2465637,0.9801045,0.735778,0.98630637,-0.10369915,-0.44288424,-0.5786586,0.32409883,-0.57671833,-1.4685162,-0.43784118,0.07537631,-0.37557253,-1.762524,1.2149986,0.27975267,-0.32773262,-1.1341604,1.2345543,0.09386038,-0.30492267,-1.0122956,-0.064500585,1.948603,-0.62756765,1.5218629,0.051209796,-0.9707817,-0.37425247,0.9173932,0.833521,0.068949506,-0.2522232,1.3711832,0.8026549,-0.13470688,-0.4855613,0.3665071,0.31904483,-0.8571434,-1.0412942,0.19310069,0.5030415,-0.43434978,0.580856,-0.11695983,-0.0008342181,-2.3981457,-1.9426655,0.03463877,1.2720987,-1.6120416,0.67113304,-0.13134678,-1.433461,0.33056137,-0.03587854,0.8000888,-0.0981404,-0.6381664,0.8774327,-1.0646349,-1.158729,-0.5296203,-0.9223561,-0.9657978,-0.1517881,-0.5858015,-1.2797606,-1.4367578,-1.506931,1.7665615,0.29119807,-1.1087161,-1.5898151,-1.2037714,-0.02348831,-0.009052098,1.4052638,1.0374376,-0.21861896,-0.6499323,-0.26993772,-0.6403981,-0.7249009,-0.6457278,0.6159691,-0.31091595,0.586827,0.76209646,1.5199236,0.46707764,0.86175025,-1.5028058,-0.91728365,-0.526493,0.9022025,1.7936971,0.5545397,-0.8301675,0.33320713,-0.26248392,0.72285545,-0.057951026,-1.356363,0.33903143,0.3622158,0.79960006,-0.24589217,2.243836,0.7063852,-0.8817662,-0.45184273,-0.09609064,0.32615665,0.7731063,-1.2408301,-0.34124294,0.56475264,-0.2800869,-0.27407292,0.6002079,-1.2693125,-0.14955953,0.7238158,1.5944792,0.33592433,-0.5464107,0.29885054,-1.7303671,0.45925325,1.2443272,-0.5715448,-0.21098204,0.6131654,-1.4222543,0.82509863,-0.7012374,1.4759598,-0.77818835,1.3482649,-0.17243776,0.7333201,-1.1996154,0.6720063,-1.0608932,-2.4481182,-0.3434077,-0.16215633,0.62972164,-0.013554158,0.5942094,-0.7396488,0.12425534,0.44729927,-1.3567756,-0.49722508,1.5299464,0.820573,-0.19852416,1.7561808,-0.12393446,0.84914005,1.0600809,0.43581232,0.40672803,0.016139636,1.436324,-0.7852102,1.51068,1.1949197,0.59815854,3.226336,1.0898296,-1.1656522,-1.5602932,1.3318722,-2.4054368,-0.5590676,0.96784157,-1.6149273,1.0131606,-1.8289907,-0.6472623,1.5128306,0.3232446,-0.35928208,-1.5287162,-1.2082571,1.0153941,0.7766056,-0.4011591,0.34279785,-1.1992043,0.03636778,-0.743431,-0.59957135,1.2895843,1.1325387,0.44668117,0.6620146,-1.4734715,0.74406964,0.39444494,0.15503573,0.45275694,1.0388145,-0.83465815,0.21236917,0.65712374,0.39452177,-0.49171093,0.39263937,-0.5328368,0.47993046,-0.058963295,1.301019,0.7475224,-0.20064436,0.20642604,-0.31672668,0.24096845,0.3803589,1.3600239,-0.060196467,-1.7086581,-0.6558487,0.3501962,1.1877764,0.3775502,0.52061,0.19552866,1.351432,-0.51107925,-0.22501074,-0.13441718,-0.7330983,-0.35783172,0.6516337,0.59399796,-0.003612003,0.25322577,-0.9225841,-1.0347106,0.120595895,0.14054137,-0.4426024,-1.3299052,-0.36207154,-0.5315982,0.23731248,0.39942497,0.5376814,-0.24997012,-1.4451851,-0.105699375,0.99809456,0.5635067,-1.9364537,-0.3179545,0.18956408,-1.0241069,-0.082620464,-0.045430385,0.24541505,0.18166988,0.31571075,-1.1795818,1.1541876,-0.20181546,0.93795145,1.4029586,0.42390087,1.5403578,-0.7478191,-0.16291149,0.04584525,0.8721075,0.32311478,-1.530987,1.1859671,-0.59575397,-0.6803888,1.5002272,-0.91039455,-0.5763355,-1.1871861,-0.13327233,-0.43802688,-1.1735467,1.9768804,-2.1732645,1.5872977,-1.8760897,-0.32257357,-0.8481997,-0.683893,-1.3240805,-0.15295854,0.29107973,-0.02440994,0.36408693,0.7295304,0.19725071,0.30754122,0.22085348,1.3477508,0.017316189,0.3233722,-0.8938889,-1.7363371,-0.45253208,0.7128516,-1.4263124,-0.8271693,-0.7989472,-0.24093008,-0.06931915,-0.33969894,-0.8592329,0.9357538,-0.34098485,0.20308733,-1.0152385,-0.85226864,0.03071725,-0.9278851,0.907843,-0.54383785,1.6689827,-1.0881497,-0.6803512,0.715312,-1.0324504,0.59407467,-0.080782734,2.0708063,0.61280006,0.57119286,0.110680975,0.7576377,-0.32516608,-0.6065925,1.6404108,0.65736306,2.047877,-0.3326581,-0.27934876,1.7793605,-0.26833686,0.24822755,-0.024905315,0.013693179,1.5543281,-0.449466,-0.79892,0.00084313855,-0.08713991,-0.26369405,0.17101273,0.8845986,-0.19453545,-0.22180903,0.8612481,1.0263228,-0.1286778,-1.213781,-0.31731823,0.8496758,1.043838,1.1951792,1.3957433,-0.061912205,0.002518756,-1.6405877,0.44360685,1.3909527,0.72358596,0.28253874,-1.823831,0.55000645,0.8622164,0.54008734,-1.9939692,-1.7892029,1.592454,0.9173958,0.2998192,1.3159541,-0.6686347,-1.8273143,-0.46354318,-0.5148061,-0.16111636,-0.75595206,-1.1649889,0.10346807,0.36152238,1.1849428,1.0543075,0.7348053,0.009804449,-0.79333633,0.28060326,0.15209864,-0.7061065,0.40068597,-0.24967065,0.46019715,-1.3631765,-0.33818787,0.52711046,-2.0097947,0.914337,-0.72954226,-0.13482352,-0.3378457,0.03824699,-1.3731375,0.049141314,0.2573441,-1.3538662,-0.043935876,0.770657,-1.7817913,-1.1998388,0.7216712,0.98531574,-0.8996091,0.7028784,0.7144881,-0.13455926,0.7767654,-0.29956946,-0.7557003,-0.4812674,-0.23783152,0.11241419,-0.77729285,-1.284134,-0.36006778,0.8491367,-0.8315913,-1.3640682,0.91944844,0.3883709,-1.7588025,-0.9379949,-0.27406582,0.10975133,0.9319998,0.6622104,-0.26230255,-0.56436574,-1.3832675,0.024911908,-0.1760335,-0.22934853,-0.55401945,0.33755592,0.4187182,-0.7908148,0.30195874,1.5791713,-0.021171987,1.4814141,1.1609259,0.08374012,0.10227991,0.69347477,-0.46622038,-0.23271121,1.1304836,-0.8846683,-0.6220741,1.2969261,0.05775502,-0.7678127,-0.19994962,0.72668093,-0.17173158,-0.5185347,-0.115893506,0.6592454,1.4244038,1.5759995,1.8652487,0.29167774,-0.08239722,-0.6419028,0.75324696,-1.7573091,-0.7072483,-0.26412392,0.3733798,1.8119466,-0.49451894,0.7209767,0.99306977,-0.9296546,-0.85405016,0.33269665,0.07263515,-0.1722832,-0.7856084,0.32218748,-1.4828721,0.2601132,-1.6075995,0.01427487,0.86524,1.0980978,-0.73476875,0.22161539,0.9321317,0.105195716,-1.1085731,0.11742965,0.53645575,1.9562482,0.18633582,-0.20040621,0.5142042,0.025257511,-1.8515484,-0.20305337,-1.3567213,-0.9741213,0.029446755,-0.42378968,-0.18691528,-0.26417866,-1.184436,1.4629966,0.1331821,-0.3615399,0.67390156,-1.2045213,0.87078196,0.4452885,-0.4116888,1.6571429,1.0526854,-1.5023373,1.0116388,-1.7015505,1.8040625,-0.70141417,1.1545194,1.5386416,0.45225748,-0.3061216,1.373587,-0.80053264,0.17463633,-0.7025533,0.7403658,-0.8715947,-0.010262932,-1.8812008,1.3640662,-1.4376495,-0.48085928,0.0020610946,0.59446967,-0.6106769,0.65778935,-0.35221604,-0.016323855,-0.5845345,-1.3394125,0.63999474,1.9154418,0.016313612,-0.8211597,0.37053093,0.27887583,-0.4985754,-0.12837967,2.3133717,0.26102906,0.744018,-0.9613625,-1.3818893,0.79214513,-0.060935378,-1.5603987,-0.5722254,-0.22993001,-0.19155648,0.3913299,-0.33876425,1.305517,-1.0347689,0.42780694,0.64626545,-0.4245611,-0.18257903,-0.113037035,-0.47801208,-0.7771186,-1.0069342,0.56898385,0.25402966,-0.8941911,0.5796402,1.4170096,1.7937906,0.36681032,-0.42731664,-0.77170336,1.1184871,0.66608554,0.45620632,-1.4163463,-1.7401346,0.43736488,1.0401795,-0.78764343,0.12827408,0.28092137,-0.41267678,-1.8110873,0.8658123,-0.061209153,-0.4176838,1.1403551,-0.03472947,-0.49103627,1.0022546,-0.066938296,0.3695411,-0.35582,-0.47759584,-0.45253903,-0.18755,-0.7598815,0.4570419,-0.34135178,0.4786704,-0.55114514,0.57919043,-1.3604404,0.7051525,0.080457635,0.57395595,0.17380011,0.6636276,-1.9085482,-0.57400835,-0.07961221,1.2005024,0.9816446,-0.28826877,-0.74882126,-0.4190465,1.3276136,0.5434731,0.18847688,0.09293033,0.5989203,-0.3815065,-0.34501678,-1.1368257,-0.482081,0.7157326,0.121627286,-0.9863477,1.4760878,-1.7016472,0.3715911,0.30466166,-1.636483,-0.25769272,-0.20092805,0.1450892,2.2103035,1.0639491,-0.3929563,-0.18609844,0.9034254,0.8152181,-0.45391116,-0.054101676,-1.0114563,0.7206573,1.6871694,0.6074291,-1.417079,-0.076067254,0.3962771,-0.49239823,1.3994188,-0.26070186,-0.90869695,-0.85057336,-0.08323067,-0.72095954,-1.0541041,-0.68214506,0.3733243,-0.9376859,0.86072725,-0.6722005,-1.2335876,0.6960817,-0.59266365,0.8372192,-0.5881787,1.4121993,0.5904373,0.37463278,0.5977256,-0.5897951,-0.21619621,-1.4575886,-0.48750868,0.5606994,-0.81234163,0.89884907,0.48516196,0.8624402,1.5937322,-0.13424449,-1.5447044,0.5734796,0.14177582,0.3832902,-0.2918884,-0.92696893,-0.535997,-0.24078655,0.44643122,1.1593612,-1.3263566,-0.38629457,-0.37559873,0.12718388,0.2404267,0.41844803,0.07437055,0.6122829,1.6426828,0.6779674,0.14448825
