Mora,Feature_0,Feature_1,Feature_2,Feature_3,Feature_4,Feature_5,Feature_6,Feature_7,Feature_8,Feature_9,Feature_10,Feature_11,Feature_12,Feature_13,Feature_14,Feature_15,Feature_16,Feature_17,Feature_18,Feature_19,Feature_20,Feature_21,Feature_22,Feature_23,Feature_24,Feature_25,Feature_26,Feature_27,Feature_28,Feature_29,Feature_30,Feature_31,Feature_32,Feature_33,Feature_34,Feature_35,Feature_36,Feature_37,Feature_38,Feature_39,Feature_40,Feature_41,Feature_42,Feature_43,Feature_44,Feature_45,Feature_46,Feature_47,Feature_48,Feature_49,Feature_50,Feature_51,Feature_52,Feature_53,Feature_54,Feature_55,Feature_56,Feature_57,Feature_58,Feature_59,Feature_60,Feature_61,Feature_62,Feature_63,Feature_64,Feature_65,Feature_66,Feature_67,Feature_68,Feature_69,Feature_70,Feature_71,Feature_72,Feature_73,Feature_74,Feature_75,Feature_76,Feature_77,Feature_78,Feature_79,Feature_80,Feature_81,Feature_82,Feature_83,Feature_84,Feature_85,Feature_86,Feature_87,Feature_88,Feature_89,Feature_90,Feature_91,Feature_92,Feature_93,Feature_94,Feature_95,Feature_96,Feature_97,Feature_98,Feature_99,Feature_100,Feature_101,Feature_102,Feature_103,Feature_104,Feature_105,Feature_106,Feature_107,Feature_108,Feature_109,Feature_110,Feature_111,Feature_112,Feature_113,Feature_114,Feature_115,Feature_116,Feature_117,Feature_118,Feature_119,Feature_120,Feature_121,Feature_122,Feature_123,Feature_124,Feature_125,Feature_126,Feature_127,Feature_128,Feature_129,Feature_130,Feature_131,Feature_132,Feature_133,Feature_134,Feature_135,Feature_136,Feature_137,Feature_138,Feature_139,Feature_140,Feature_141,Feature_142,Feature_143,Feature_144,Feature_145,Feature_146,Feature_147,Feature_148,Feature_149,Feature_150,Feature_151,Feature_152,Feature_153,Feature_154,Feature_155,Feature_156,Feature_157,Feature_158,Feature_159,Feature_160,Feature_161,Feature_162,Feature_163,Feature_164,Feature_165,Feature_166,Feature_167,Feature_168,Feature_169,Feature_170,Feature_171,Feature_172,Feature_173,Feature_174,Feature_175,Feature_176,Feature_177,Feature_178,Feature_179,Feature_180,Feature_181,Feature_182,Feature_183,Feature_184,Feature_185,Feature_186,Feature_187,Feature_188,Feature_189,Feature_190,Feature_191,Feature_192,Feature_193,Feature_194,Feature_195,Feature_196,Feature_197,Feature_198,Feature_199,Feature_200,Feature_201,Feature_202,Feature_203,Feature_204,Feature_205,Feature_206,Feature_207,Feature_208,Feature_209,Feature_210,Feature_211,Feature_212,Feature_213,Feature_214,Feature_215,Feature_216,Feature_217,Feature_218,Feature_219,Feature_220,Feature_221,Feature_222,Feature_223,Feature_224,Feature_225,Feature_226,Feature_227,Feature_228,Feature_229,Feature_230,Feature_231,Feature_232,Feature_233,Feature_234,Feature_235,Feature_236,Feature_237,Feature_238,Feature_239,Feature_240,Feature_241,Feature_242,Feature_243,Feature_244,Feature_245,Feature_246,Feature_247,Feature_248,Feature_249,Feature_250,Feature_251,Feature_252,Feature_253,Feature_254,Feature_255,Feature_256,Feature_257,Feature_258,Feature_259,Feature_260,Feature_261,Feature_262,Feature_263,Feature_264,Feature_265,Feature_266,Feature_267,Feature_268,Feature_269,Feature_270,Feature_271,Feature_272,Feature_273,Feature_274,Feature_275,Feature_276,Feature_277,Feature_278,Feature_279,Feature_280,Feature_281,Feature_282,Feature_283,Feature_284,Feature_285,Feature_286,Feature_287,Feature_288,Feature_289,Feature_290,Feature_291,Feature_292,Feature_293,Feature_294,Feature_295,Feature_296,Feature_297,Feature_298,Feature_299,Feature_300,Feature_301,Feature_302,Feature_303,Feature_304,Feature_305,Feature_306,Feature_307,Feature_308,Feature_309,Feature_310,Feature_311,Feature_312,Feature_313,Feature_314,Feature_315,Feature_316,Feature_317,Feature_318,Feature_319,Feature_320,Feature_321,Feature_322,Feature_323,Feature_324,Feature_325,Feature_326,Feature_327,Feature_328,Feature_329,Feature_330,Feature_331,Feature_332,Feature_333,Feature_334,Feature_335,Feature_336,Feature_337,Feature_338,Feature_339,Feature_340,Feature_341,Feature_342,Feature_343,Feature_344,Feature_345,Feature_346,Feature_347,Feature_348,Feature_349,Feature_350,Feature_351,Feature_352,Feature_353,Feature_354,Feature_355,Feature_356,Feature_357,Feature_358,Feature_359,Feature_360,Feature_361,Feature_362,Feature_363,Feature_364,Feature_365,Feature_366,Feature_367,Feature_368,Feature_369,Feature_370,Feature_371,Feature_372,Feature_373,Feature_374,Feature_375,Feature_376,Feature_377,Feature_378,Feature_379,Feature_380,Feature_381,Feature_382,Feature_383,Feature_384,Feature_385,Feature_386,Feature_387,Feature_388,Feature_389,Feature_390,Feature_391,Feature_392,Feature_393,Feature_394,Feature_395,Feature_396,Feature_397,Feature_398,Feature_399,Feature_400,Feature_401,Feature_402,Feature_403,Feature_404,Feature_405,Feature_406,Feature_407,Feature_408,Feature_409,Feature_410,Feature_411,Feature_412,Feature_413,Feature_414,Feature_415,Feature_416,Feature_417,Feature_418,Feature_419,Feature_420,Feature_421,Feature_422,Feature_423,Feature_424,Feature_425,Feature_426,Feature_427,Feature_428,Feature_429,Feature_430,Feature_431,Feature_432,Feature_433,Feature_434,Feature_435,Feature_436,Feature_437,Feature_438,Feature_439,Feature_440,Feature_441,Feature_442,Feature_443,Feature_444,Feature_445,Feature_446,Feature_447,Feature_448,Feature_449,Feature_450,Feature_451,Feature_452,Feature_453,Feature_454,Feature_455,Feature_456,Feature_457,Feature_458,Feature_459,Feature_460,Feature_461,Feature_462,Feature_463,Feature_464,Feature_465,Feature_466,Feature_467,Feature_468,Feature_469,Feature_470,Feature_471,Feature_472,Feature_473,Feature_474,Feature_475,Feature_476,Feature_477,Feature_478,Feature_479,Feature_480,Feature_481,Feature_482,Feature_483,Feature_484,Feature_485,Feature_486,Feature_487,Feature_488,Feature_489,Feature_490,Feature_491,Feature_492,Feature_493,Feature_494,Feature_495,Feature_496,Feature_497,Feature_498,Feature_499,Feature_500,Feature_501,Feature_502,Feature_503,Feature_504,Feature_505,Feature_506,Feature_507,Feature_508,Feature_509,Feature_510,Feature_511,Feature_512,Feature_513,Feature_514,Feature_515,Feature_516,Feature_517,Feature_518,Feature_519,Feature_520,Feature_521,Feature_522,Feature_523,Feature_524,Feature_525,Feature_526,Feature_527,Feature_528,Feature_529,Feature_530,Feature_531,Feature_532,Feature_533,Feature_534,Feature_535,Feature_536,Feature_537,Feature_538,Feature_539,Feature_540,Feature_541,Feature_542,Feature_543,Feature_544,Feature_545,Feature_546,Feature_547,Feature_548,Feature_549,Feature_550,Feature_551,Feature_552,Feature_553,Feature_554,Feature_555,Feature_556,Feature_557,Feature_558,Feature_559,Feature_560,Feature_561,Feature_562,Feature_563,Feature_564,Feature_565,Feature_566,Feature_567,Feature_568,Feature_569,Feature_570,Feature_571,Feature_572,Feature_573,Feature_574,Feature_575,Feature_576,Feature_577,Feature_578,Feature_579,Feature_580,Feature_581,Feature_582,Feature_583,Feature_584,Feature_585,Feature_586,Feature_587,Feature_588,Feature_589,Feature_590,Feature_591,Feature_592,Feature_593,Feature_594,Feature_595,Feature_596,Feature_597,Feature_598,Feature_599,Feature_600,Feature_601,Feature_602,Feature_603,Feature_604,Feature_605,Feature_606,Feature_607,Feature_608,Feature_609,Feature_610,Feature_611,Feature_612,Feature_613,Feature_614,Feature_615,Feature_616,Feature_617,Feature_618,Feature_619,Feature_620,Feature_621,Feature_622,Feature_623,Feature_624,Feature_625,Feature_626,Feature_627,Feature_628,Feature_629,Feature_630,Feature_631,Feature_632,Feature_633,Feature_634,Feature_635,Feature_636,Feature_637,Feature_638,Feature_639,Feature_640,Feature_641,Feature_642,Feature_643,Feature_644,Feature_645,Feature_646,Feature_647,Feature_648,Feature_649,Feature_650,Feature_651,Feature_652,Feature_653,Feature_654,Feature_655,Feature_656,Feature_657,Feature_658,Feature_659,Feature_660,Feature_661,Feature_662,Feature_663,Feature_664,Feature_665,Feature_666,Feature_667,Feature_668,Feature_669,Feature_670,Feature_671,Feature_672,Feature_673,Feature_674,Feature_675,Feature_676,Feature_677,Feature_678,Feature_679,Feature_680,Feature_681,Feature_682,Feature_683,Feature_684,Feature_685,Feature_686,Feature_687,Feature_688,Feature_689,Feature_690,Feature_691,Feature_692,Feature_693,Feature_694,Feature_695,Feature_696,Feature_697,Feature_698,Feature_699,Feature_700,Feature_701,Feature_702,Feature_703,Feature_704,Feature_705,Feature_706,Feature_707,Feature_708,Feature_709,Feature_710,Feature_711,Feature_712,Feature_713,Feature_714,Feature_715,Feature_716,Feature_717,Feature_718,Feature_719,Feature_720,Feature_721,Feature_722,Feature_723,Feature_724,Feature_725,Feature_726,Feature_727,Feature_728,Feature_729,Feature_730,Feature_731,Feature_732,Feature_733,Feature_734,Feature_735,Feature_736,Feature_737,Feature_738,Feature_739,Feature_740,Feature_741,Feature_742,Feature_743,Feature_744,Feature_745,Feature_746,Feature_747,Feature_748,Feature_749,Feature_750,Feature_751,Feature_752,Feature_753,Feature_754,Feature_755,Feature_756,Feature_757,Feature_758,Feature_759,Feature_760,Feature_761,Feature_762,Feature_763,Feature_764,Feature_765,Feature_766,Feature_767
ノ,-0.55750674,-0.76213497,0.9184861,1.5303221,-0.7207216,-0.5085678,-1.37644,0.15662423,1.2613907,-0.17971255,0.5145341,0.2060448,-1.35933,2.900501,-1.384403,-0.19760382,1.3940741,-1.6255001,0.2540313,-0.30826563,0.64654577,0.38248032,0.7996849,-0.7191957,0.70884573,1.059071,1.0316018,-0.14167774,-0.59662056,-1.0531396,0.6797701,-0.1659033,-0.38235596,-0.7201885,-0.098645024,-1.2841092,-2.0779223,0.6727259,0.78511494,-0.45004714,-0.9231106,1.0382693,0.10089613,-0.34794518,-0.9279506,0.0646336,2.1473813,-0.6923319,0.23787491,-0.59437823,-0.6739703,-0.02758997,0.7901107,0.9859382,1.3570728,-0.15789203,0.8649362,1.070694,0.35337073,-0.6232124,0.58820677,1.4044524,-1.133632,-0.6657852,0.29668635,1.1182472,0.23251282,-0.9431876,-0.29135734,-0.17629579,-2.3295677,-0.41705278,0.06974803,1.4360731,-1.6001946,1.1275216,0.05496887,0.05934449,0.5925396,-0.275137,0.14772955,0.13616644,-1.5026509,1.352783,-0.20102409,-0.37872994,-0.5584185,-0.41078934,-1.6583421,-0.22804488,0.1746095,-1.8866102,-0.55395865,-1.32996,1.3457601,0.31080326,-0.80152446,-0.42196345,-0.6161484,-0.27495164,-0.53157777,1.4889096,-0.27723432,-0.8339342,-1.0298141,-0.01048125,-0.9509158,-0.5175826,-0.96785796,1.3519483,-0.5534049,0.30020297,0.3286658,1.4020504,0.7324323,0.62663245,-0.89278823,-0.5609137,0.097268835,0.47259128,0.9094715,-0.052782036,-0.5639664,0.13690297,0.21019757,1.0502074,0.30283186,-0.11423686,0.50365216,0.34777054,0.7375809,-1.0477283,1.8342555,0.75416726,-0.5763918,-0.960801,-0.80721676,0.54769766,0.0675268,-0.7604214,-0.56915,0.45410752,-0.31886953,-0.21070872,-0.13407713,-1.4176645,0.09410569,1.6045859,1.4884118,0.42669457,0.06456128,-0.33204123,-1.6370792,0.37380415,1.1302854,0.031716287,-0.14650756,-0.59038347,-1.8954153,1.3507984,0.8773822,1.8729018,-0.49969316,0.54764974,-0.11739914,0.6650511,-0.8758598,0.84218943,-0.93843,-1.6114225,-0.10497644,-0.47984374,0.8970927,0.12496133,1.202626,-0.556309,-0.0023314357,0.1586648,-1.1814048,-0.45206904,0.39885315,1.119343,-0.0647942,1.0715686,-0.49423763,0.340708,0.8371631,0.14257458,0.9694052,0.6196565,1.2732303,-0.3096935,1.4862119,1.4107938,0.81050175,2.9481897,0.84208745,-2.2071707,-0.72363603,0.7071047,-2.7094781,-0.8428458,0.56606674,-1.336622,1.2195549,-1.2314875,-1.0016141,1.712251,0.7911096,-0.09587709,-0.75979,-1.0599909,0.86041987,1.0394187,-0.4785295,0.2107442,-0.59042656,0.18242322,-0.15502469,0.24635297,0.34926045,0.52796614,0.29168186,1.3373961,-1.4678735,0.70859575,-0.44122773,0.77837896,0.2296426,0.848925,-0.8145628,0.07964455,0.13650379,-0.7668749,-0.6294981,0.40724275,-0.06434097,1.1219126,-1.2079386,0.5078044,-0.060416542,-0.24915762,0.047861833,-0.045678448,0.58482826,0.73681116,2.2722845,-0.15447205,-1.1923227,-0.03569244,-0.23985933,0.53363526,0.5224081,-0.008504238,0.5621882,1.4689343,-0.43314713,0.49180022,-0.5489651,-0.55916125,-0.027307926,0.66771233,-0.23990619,0.342051,1.01412,-0.74684894,-0.15084885,0.77982813,-0.023392424,-1.3672163,-0.3192489,-0.7351326,-0.54053134,-0.23403102,-0.41877443,0.113290824,-0.76772535,-0.6347279,-1.353534,0.65550137,0.96302867,-1.1125555,-0.67934895,0.5202106,-0.32553008,1.1791751,0.31474993,-0.0599353,0.14444849,0.53109026,-1.2131408,1.4434142,-0.0094852075,1.6178453,1.116003,0.51423126,0.7162514,-0.5900153,0.3827365,-0.9203279,0.3894303,0.71346056,-1.1889317,0.2885118,-1.0256753,-0.89764357,0.45550632,-1.2987177,-1.0782936,-0.88845646,-0.07421589,-0.6528739,-1.7941988,1.7589234,-2.404796,1.7699239,-0.82642174,-1.0199834,-1.058969,-0.2646989,-0.8297831,1.1381357,0.563902,-0.46909595,0.81787235,0.18388963,0.23469183,0.07861938,0.43058798,1.2637277,0.09971207,0.47419536,-0.37009484,-1.4918439,-0.32303876,0.27041724,-1.4000978,-1.7559949,-1.4080849,-0.43977672,0.5953753,-0.31372464,-0.7031682,1.2823482,-1.0357416,0.5106688,-0.98127866,0.29590437,-0.021730028,-0.6415435,1.0764832,-0.60137457,1.475046,-0.7961747,-0.04994856,0.30117574,-1.4150679,0.0329127,0.06389513,1.3963132,0.38954297,1.4242781,0.84812796,-0.064218365,0.020552069,-0.07497169,0.98635286,0.028828569,1.6445924,-0.06754871,-0.28381306,1.8856239,-0.20532998,0.48203936,-0.20373818,-0.35319716,1.5674292,-0.13421924,-0.7336701,0.27410668,0.20888636,0.111608595,0.31591707,0.31920272,0.05563976,-0.7245281,0.65064406,0.5386538,-0.2598245,-0.59566134,-0.72121686,0.70304793,1.3190609,0.68304336,1.2970359,-0.0682141,-0.8943406,-1.8631411,0.62931246,1.3177685,1.0674903,0.30376416,-1.9394906,0.53100467,0.50990427,0.31545758,-0.7028193,-2.1101809,1.4201299,0.30298117,0.32732174,0.7710992,-1.1850442,-1.4649082,-0.36397916,0.2851606,-0.0011950731,-0.92823386,-0.94598514,0.4497682,-1.1110103,1.5592941,0.5884135,0.1331403,-0.11809643,-0.37531134,0.59412783,0.13707668,-0.7542831,-0.73473173,0.48583472,-0.028023036,-1.3012289,-0.65834767,0.20524746,-1.5581326,0.6865898,-0.043911383,0.363419,0.17263183,-0.5388607,-1.3499857,-0.4358005,-0.6164077,-0.9318736,-0.9519013,0.25282994,-2.1006527,-1.486149,1.8092542,1.3222573,-0.19648995,1.1307242,0.27017123,0.09711236,0.70364195,-0.046172656,-0.62879723,-0.059286192,-0.4224169,-0.57071525,-0.59005857,-0.80051196,-0.14212832,0.9734653,-1.2464345,-0.9154607,1.0838164,1.0937605,-2.557937,-0.49767774,0.071942024,-0.2718308,0.5395256,0.9528202,0.37553877,0.21667719,-0.9255669,-0.33437935,-0.17784667,1.1750108,-0.32893714,-0.040538378,0.87838864,-0.30646065,-0.46745455,1.1845953,0.11442207,1.1471957,1.4701133,-0.36709338,-0.6817459,1.0813005,-0.30784535,0.16443,0.9502564,-1.580622,-0.5067964,1.3065428,-0.1222098,-0.24036692,-0.29249835,1.0295174,-0.4375192,0.3840376,0.6199521,1.1539237,1.0859512,0.93799675,0.9941241,-0.033440042,-0.14449017,-0.99991935,0.31493092,-1.2398696,-0.59455574,-0.11166455,0.99828863,1.9454458,-0.40697727,0.17126724,0.84607744,-1.3856852,-0.9160818,-0.055497736,0.38076332,-0.8796647,-0.6491759,-0.47577217,-1.549334,0.69751734,-2.422897,-0.20975679,0.28862166,0.87779856,-0.95473117,-0.538881,0.6786404,-0.19032487,-1.0555117,0.14106214,1.0398633,1.2051418,0.39232716,-1.0707014,0.02012258,-0.5032258,-1.721001,-0.5867634,-0.8319328,-0.62379175,0.15328817,-0.28571954,-0.10727051,-0.989624,-0.812783,1.1955557,0.3284518,-0.400411,0.15267506,-0.42846403,0.9751481,-1.017118,-0.8735932,1.4973457,1.1314914,-1.7734299,0.56255794,-1.1694305,0.91318434,-1.0763998,0.5858287,1.2408154,1.4230146,-0.24768305,0.7452079,-0.69595444,-0.003471001,-0.64753014,0.8092362,-1.5075809,0.4274778,-2.8366518,1.4012756,-1.3316109,-0.70434856,0.026746858,0.25595307,-0.8824455,0.12749632,-0.6515565,1.1069465,0.41535017,-0.40329868,0.87574565,2.036923,-0.61844456,-0.056614906,0.58720636,0.5923184,-0.6289582,0.05346872,2.7792566,0.93448627,0.73689955,-1.6767361,-0.3236794,0.4040529,-0.550786,-1.0665922,-0.21062878,0.288922,-0.5933397,-0.108150795,-0.009359406,1.0961607,-0.20721647,0.11830495,0.40621662,-0.8304735,-0.5122939,0.4872575,-0.07504933,-1.2105176,-1.6253306,0.64726114,0.5804715,-0.020732746,0.061031096,0.16299367,1.5962507,1.4718341,-0.557752,-1.001822,0.9738653,0.36985064,0.2947899,-0.7201429,-1.1832019,0.22687155,1.3086826,-1.3834226,1.4724076,-0.18958974,-0.27476746,-2.3536007,0.8880453,1.0538545,0.88949144,1.5316272,-0.30738768,-0.059996367,0.17671216,-0.34852952,0.41171053,-0.7173139,-0.48441246,-0.7002376,0.66996,-0.68964994,1.0732608,-1.0583931,0.3673234,0.20569704,0.5124222,-0.93131167,0.5253811,0.21356629,1.0013231,0.42177293,0.44054556,-1.1252065,-0.6060286,-0.0082360525,1.6934583,1.3899195,0.056752868,-1.4712721,-0.6057772,1.4664463,0.9097917,-0.16310728,0.48779255,-0.10527146,-0.33872542,-0.004514236,-1.4102323,-0.7331401,0.67802453,0.23411928,-1.0749754,0.44328445,-2.0641782,1.0045749,-0.3731916,-1.0877972,-0.19837955,0.32025132,-1.1137543,1.5573825,0.8183403,-0.6055808,-0.09994605,0.36931768,0.79731923,-0.10419047,-0.68367,-1.3088949,1.2789361,1.127073,0.25533184,-1.1156626,0.048665877,0.15269683,-0.3444839,1.9989915,-0.23081204,-0.29788327,-0.87624186,-1.0600244,-1.8619839,-0.15180899,-0.39140242,-0.5130793,-1.1608992,-0.41480112,-0.6998775,-0.85531497,0.6145955,-0.4470814,0.47111225,-0.19631541,1.1095805,0.2775128,0.54513043,-0.17370936,-0.9373296,-0.23777668,-0.8631613,-0.7276381,1.376231,-0.3934961,0.064263225,0.13764295,1.5765359,1.8388574,-0.09919495,-1.4843962,-0.11246511,0.29052,0.39183047,0.2606609,-0.8334994,-0.54518944,0.2125605,0.23390368,0.42445296,-1.4084073,0.62245136,0.2420669,0.2434063,0.25213826,0.9745759,0.20757897,0.42074072,1.3359156,1.012645,0.17227466
リ,-0.80061316,-0.8161555,0.76842856,1.6227593,-0.30005074,0.1171255,-1.4209431,-0.013355662,0.75965947,-0.69702977,0.9786229,0.2223537,-1.1323997,1.9981197,-0.68345195,0.36366263,0.86731297,-0.9846465,0.59303993,-0.5002111,0.877353,0.15192832,0.6827309,-0.6453727,0.5206558,1.2467544,0.48355404,-0.8689073,-1.0861729,0.04018791,-0.30272585,-0.48899856,-0.5007873,-0.7456551,0.5331001,-1.4670771,-0.7792862,1.2612818,0.4657371,-0.56119806,-1.0143105,0.84592885,-0.64308864,0.32630596,-0.6411529,-0.03981462,2.0067387,-0.42211378,0.56856626,-0.39700368,-0.26597658,0.04784781,0.33274147,0.5394649,0.3061653,-0.27642047,0.9751516,0.681022,0.034074202,-0.6222707,0.455287,1.5805607,-1.3681049,-0.11553779,0.88593346,1.1728252,0.22666334,-0.7745101,-0.3419914,-0.30356327,-2.2655666,-1.0481204,-0.2368951,1.2796115,-0.8927708,0.7963653,0.44952962,-0.5267684,0.082648225,0.21853864,0.2546928,0.5374627,-0.7896397,1.0124753,-0.4258628,-0.20067544,-0.3525573,-0.09932222,-1.3476132,-0.079823695,0.6156827,-1.2711474,-1.4365435,-1.8563389,0.7105028,-0.34349835,-0.47133732,-0.38846508,-1.4492615,0.73536867,-0.06891012,0.9261436,-0.32768187,0.15747416,-1.0379163,-0.1666498,-1.0281926,-0.6947441,-0.9594564,1.0292187,-0.43319318,0.004392316,0.88590497,1.871005,0.81623363,0.8997765,-0.75744605,-0.7171674,-0.26223892,0.047457874,1.0367793,0.1898783,-0.9456485,0.23558903,0.45897424,0.8052172,0.27360263,-1.0808787,0.93711156,-0.4004239,0.6848204,-0.017842764,1.4242749,1.1668334,-0.7451965,-0.29965118,-0.7956268,0.39270672,0.6427048,0.040583957,-0.90789986,-0.4839969,-0.013560568,-0.13500835,-0.041778862,-1.9224347,0.5644445,0.45009077,1.0183848,0.28971675,0.11718667,-0.42841792,-0.50097746,1.0732194,0.47724736,0.23426239,0.27763915,0.2811887,-0.8827006,1.8288289,0.535193,1.445046,-1.1330673,0.29992846,0.34142017,0.6007289,-0.572912,0.39383042,-0.70176774,-1.9834614,-0.29378173,-0.12612583,0.045649003,-0.13815765,0.95953506,-0.041915763,0.6456252,0.21853884,-0.32344458,-0.15548383,0.051137675,1.0166802,0.04936843,1.2025574,-0.40929398,0.39430204,0.70200175,0.5246937,0.55453753,0.22889908,0.44712278,-0.37778684,0.8684749,1.1231462,1.5433226,2.613088,0.7959242,-1.720191,-1.0207287,0.67471904,-1.7834836,0.34040704,0.7316794,-0.4015001,1.5508236,-0.17743509,-1.1145892,2.059535,0.665205,0.14381237,-1.5749866,-0.8738606,0.3981444,1.0313653,-0.58223027,-0.046957534,-0.60375303,0.9103577,-0.60052615,-0.13515641,0.5025992,0.08961618,0.6935992,1.6357244,-1.048344,0.23637074,0.16698094,0.5262856,0.28845426,0.23901509,-1.0688752,0.13484924,0.9761699,-0.12126153,-0.6545709,0.25205705,-1.0199506,0.87627035,-0.49096707,0.009679099,0.16978312,-0.72550344,0.1454428,-0.107896686,0.47813582,0.4849584,1.9000634,0.21347214,-1.5514923,-0.24957936,0.28824756,0.75213933,0.59735066,0.23091833,1.1533024,0.7561315,-0.62351793,-0.117032915,0.10238633,-0.34452757,-0.066224284,1.0658826,-0.5079722,1.0007907,0.61424464,-1.0549971,-1.0643262,-0.11849371,-0.5048222,-0.8646677,-1.0588975,-0.35453233,-1.6173841,0.040445376,-0.3325174,0.06767202,-1.6943402,-0.8293659,-0.99024683,-0.10128915,0.2983381,-1.0002556,-0.6349831,-0.18794042,-0.3101593,0.4268415,-0.46450508,0.21724351,0.4547912,0.4759544,-1.5266913,0.99145764,0.16914622,0.7076004,0.5716562,0.23046099,1.4792925,-0.13975234,0.7634694,-1.2323259,0.5670944,1.3132685,-1.7607435,0.73694605,0.3816128,-0.6250487,0.37494087,-1.1789464,-0.81406,-0.5433491,0.47083166,0.11935712,-1.1288557,1.7912517,-1.6785132,1.2291759,-0.6339538,-0.37523293,-0.54344887,-0.63203305,-1.4531254,1.0947162,0.29568228,0.4644309,0.7976633,-0.14125757,-0.18367022,0.33117512,0.9638011,0.5586063,-0.65856224,0.69950026,-0.6420828,-1.4895121,0.18088447,0.82037497,-1.163312,-1.7402815,-1.9745755,-0.8518148,0.9625545,-1.2210313,-0.01804457,0.93506956,-0.5584374,0.8130362,-0.73385626,-0.056055874,0.4390057,-0.32253757,1.550108,0.30804518,1.075018,-1.0966064,-0.18176174,1.047382,-2.7916422,-0.36639985,-0.61198914,2.0950444,0.561456,0.35276332,0.8995146,0.8140659,-0.97964686,-0.08796188,0.63512915,-0.16525011,1.5498389,0.69261074,-0.94198585,1.7678218,0.30322853,0.7460657,-0.7453688,-0.66286916,1.6191369,0.12829591,-0.7790787,-0.42316547,-0.05870654,0.44964805,0.38395905,-0.0027231772,-0.35167244,-0.28905037,0.48828998,0.6689651,-1.5430174,-1.1049513,-0.83026856,0.17419381,0.68216395,1.7300993,1.6336552,-0.10861173,-1.1215407,-2.270541,-0.08383121,0.82326204,-0.051535834,0.29353705,-1.5047512,0.13727354,0.13965988,-0.4570354,-1.0061604,-1.6534882,1.8036672,0.6148371,0.59964997,1.9204878,-1.1958114,-1.0767184,0.17079717,0.7277079,0.4659144,-0.884734,-0.6532096,0.53335243,-1.0625244,1.12746,0.27495292,-0.14179642,0.35085335,-0.020920208,0.98063344,0.2423201,-0.49000895,-1.0345145,0.17450364,1.1216542,-1.4468479,-0.4883261,-0.06468999,-1.8122822,0.5826226,-0.71187335,-0.5355986,-0.20599759,-0.7560594,-0.6113088,-0.9520069,-0.21228091,-0.6969363,-0.68282574,0.03407618,-0.95496446,-2.028959,1.5913811,1.7189461,-1.2413108,0.5010769,0.20015712,0.24467236,0.6512571,-0.24292994,-0.3977014,0.20857735,-0.5895566,0.31443888,-0.37727654,-1.1338419,-0.24968815,0.08641422,-1.595949,-0.7827935,1.1998839,0.9530527,-1.2366996,-0.21712369,-0.1690002,-0.7753393,0.8271521,0.4097921,0.07977443,0.4690393,-0.593584,-0.18354493,-0.025201827,1.2409692,0.24769036,-0.35112748,1.1023796,-0.042016473,-0.28587678,1.4445528,0.21604256,0.05599345,0.9577318,0.18298121,-1.0441047,0.10169556,-0.38938215,-0.22853507,0.8665557,-1.9270066,-0.73511595,1.7550396,-0.93695205,-1.02137,-0.025493518,0.4678054,0.251807,0.81820124,0.31483844,0.87674266,1.1098665,1.0263007,1.6074194,-0.81846267,-0.70675534,-0.44224253,0.18185546,-0.84023803,-0.93735236,0.84652656,0.54834956,1.8796849,-0.29360613,0.26749954,0.54953104,-0.84842616,-1.0572492,0.670657,0.25503454,-0.8373665,-0.75190336,0.23615034,-1.0524398,0.103512235,-1.8134708,-0.039737176,0.7443102,0.56914824,-0.9763909,-0.25809875,0.5893857,0.3531851,-1.1334524,0.64881414,0.9996937,0.85805607,-0.1921907,-1.5861459,0.09861952,-0.9728187,-1.7744919,-0.31766325,-0.5128833,-0.709927,-0.22207178,-0.36843148,0.312126,-1.1400982,-0.7540364,1.2317284,-0.15451555,-0.16626425,0.45914865,-0.78049654,1.5227267,-0.96980476,-0.3898497,1.0227433,0.6854809,-1.7813753,0.261729,-1.1523705,-0.058490425,-1.036985,0.43865386,0.6358117,1.0357301,-0.4472555,1.1247678,-0.05296722,-0.044869125,0.2448066,0.4886025,0.109745525,0.6142654,-2.2867217,1.1558022,-1.1811999,-1.2445941,0.15861797,0.52737314,-0.27623332,-0.55345064,-0.20641275,0.59835833,0.33883622,-0.88061196,1.5014898,1.5786371,-0.5234267,-0.48201004,0.68670076,0.2821107,-0.5373898,0.10724721,2.5575154,0.93028,1.1196351,-0.79191893,-0.54235023,0.18965924,-0.37953973,-0.32156628,-0.2490397,-0.550324,0.09068364,0.48791015,-0.46054658,1.0792061,-1.1479272,0.013515413,1.2404212,-0.74953765,-0.39967203,0.34099117,-0.37822413,-1.4948902,-0.9793148,0.6375235,0.8485508,-0.19794254,-0.101467974,0.31340858,1.7788905,0.71464676,-0.15934661,-0.39581308,0.40145913,1.3526555,0.5298698,-0.48979786,-1.2555093,0.87669486,1.5043479,-1.3566698,0.7298315,-0.520451,-0.38483405,-1.6627679,0.8445527,0.37435222,0.68399316,1.3208755,0.6413844,0.3662473,0.5411133,-0.3369538,0.13352317,-0.3603672,-0.26469246,-0.30818644,-0.37778902,-0.9107658,-0.04305281,-0.68558997,-0.23863466,0.027234346,1.3164587,-0.88191086,0.4989034,0.103975154,0.80271363,0.030198865,-0.5595783,-0.44300652,0.11156913,-1.188739,2.0181758,1.1109155,0.19639082,-1.9576546,0.28925705,0.6151567,-0.030739686,-0.9539223,0.7350902,-0.03810981,-1.1179338,-0.46967366,-1.473865,-0.3833469,0.68336487,1.0659221,-0.80365515,0.9088905,-1.7000014,0.579181,-0.025880406,-0.7432856,0.48659682,0.033080917,-0.96964175,1.5822387,1.3331882,0.0110875415,0.21378405,0.57332075,1.4284533,0.18996681,-0.48299792,-1.3975252,0.8744261,1.1095482,0.20947349,-1.1413093,-0.010384996,0.1868139,-0.32379588,1.7673749,-0.7023185,-0.56891835,-0.46215093,-0.55957264,-0.76887006,-0.57719606,-0.44116727,-0.18403886,-1.3618339,-0.25403756,-0.7793462,0.12726158,0.46903107,-0.82855433,0.10620814,0.33953965,1.4458615,0.25073925,0.58816344,0.39501438,-1.0154501,-0.29150212,-1.3465098,-0.4494822,0.7852294,-1.098618,0.09120674,-0.13263641,1.457965,2.0341337,0.38743946,-0.18588813,0.07925625,-0.10195049,0.087855674,0.26749322,-0.83032227,-0.44884047,-0.1793664,0.22480468,0.053827018,-1.3369812,-0.29081053,-0.056257617,0.72412926,0.2750477,0.62501025,0.19058436,0.4818689,1.3858544,0.67809325,-0.5262665
モ,-1.6782328,-0.5458719,0.64571524,1.8493494,-0.94472283,-0.6045408,-1.4679767,0.054728825,0.18881513,-1.2947594,0.483307,0.25375405,-1.1096368,2.111913,-0.52320796,-0.15551731,0.7124908,-0.8628128,0.26334548,-0.5758089,0.82293004,0.31465143,1.2679623,-0.5964575,0.25904486,0.8277461,0.2544503,-0.556656,-0.24414605,-0.2234361,-0.83199763,-0.97456217,-0.74390316,-1.1793932,0.56285554,-0.7558021,-0.4186739,1.6590766,0.23043996,-0.32149765,-0.9163373,1.0204293,0.14027445,0.035723764,-0.3027958,0.35237226,1.8242232,-0.840264,0.3344603,-0.7802966,-0.5540712,-0.170519,0.5948493,0.93530947,0.5689357,-0.12406883,1.2278141,0.3646215,0.1076808,-0.72906137,0.25510427,1.6279968,-0.92906266,0.2281444,0.637301,1.6324191,0.44187954,-0.37207806,-0.58572835,-1.2155529,-3.006015,0.1727032,-0.3332146,1.2358556,-1.0120944,0.7451765,0.18125187,-0.41596082,0.24226773,-0.01077121,0.61100674,0.41608813,-0.54366,1.1995245,-1.2564343,-0.3337408,-0.56920373,0.3368977,-1.4736046,0.069089115,0.30369717,-1.0376059,-1.465724,-1.0816532,0.6216103,-0.10816902,-1.0735403,-0.32396182,-1.5102395,0.31736553,0.18008184,1.1464113,-0.16737074,0.18163712,-1.3718735,-0.03131642,-1.0173162,-0.74182147,-1.0403224,0.46442416,0.007379979,0.2923258,1.3074566,1.504928,0.95691127,0.4555613,-0.4935825,-0.697779,-0.045914967,0.0820064,0.9447746,-0.6379233,-1.3041418,0.64654756,0.69811076,1.4051243,-0.071073055,-1.1566443,1.1472111,0.08286791,0.39169368,-0.76029253,1.3223162,1.4477425,-1.2461703,-0.57838005,-0.7987513,0.5612289,1.0416361,0.098442815,-1.3014814,-1.0522804,-0.28613272,-0.21399339,-0.12242943,-1.653907,0.9462092,1.0190244,0.91883135,0.29024842,-0.054621015,-0.41436657,-0.8356533,0.74962133,0.67879623,0.11063393,-0.39995757,0.59778357,-0.9808245,1.8334852,0.94565487,1.1541244,-1.0844198,0.16615887,-0.19903891,0.26841107,-0.14519182,1.1429776,-0.57184035,-2.4298236,-0.5923864,0.27358744,0.20896667,-0.34193274,0.9772864,-0.16729252,1.579573,0.220214,-0.049847484,0.10676223,0.464309,1.0340766,-0.436218,1.4860358,0.14453886,1.0827096,0.80449504,0.5462865,0.2291807,0.48775458,0.48653296,-0.32596323,0.28509042,0.74774534,1.5623034,2.18048,0.918027,-1.5303837,-1.0114899,0.73150164,-1.8930959,0.20587133,0.58137745,0.038455695,1.3670069,-0.15749328,-1.0739596,2.4108832,0.21852921,0.10556402,-0.8856469,-1.3085998,0.62476254,0.57236093,-0.36626682,-0.65746933,-0.87008065,1.0282959,-0.6874859,-0.48276952,0.5021698,-0.1474973,0.5297108,1.9769993,-0.41052923,0.22288625,0.464944,0.9451826,0.50729483,0.79534817,-1.0139457,0.043975037,0.5843231,-0.46380734,-0.9982876,-0.049954195,-0.69531065,0.6829296,-0.8113478,-0.48465762,-0.25416154,-0.9887202,0.07474099,-0.048057873,0.56395036,1.475078,2.2697885,0.17526181,-1.3089976,-0.14777492,0.32868966,0.45965162,0.71786374,-0.052377988,1.8610741,0.41246715,-0.63010913,-0.1428432,-0.5089401,0.29283413,-0.28392482,0.20400572,0.008692588,-0.12986957,0.38820267,-0.88430667,-0.39388573,-0.45042542,-0.5413314,-1.1852666,-0.2981819,-1.3115348,-1.6655937,-0.13864414,0.4416902,-0.095376156,-1.4528998,-0.81783026,-0.97773886,0.17068942,0.1967903,-1.2697951,-0.6068893,0.31776416,-0.37723657,0.04455595,-0.34493232,0.026741201,0.3163047,1.3474988,-1.1288172,1.0087079,0.026168928,0.64040166,1.5701085,0.27187526,1.7930743,-0.6849177,0.57897633,-1.4660009,0.40626773,0.81533,-1.8799156,0.36078358,-0.14006443,-0.33025053,0.8157576,-1.2586174,-0.19002105,-0.45679855,0.7033041,-0.11507749,-1.2947135,1.9590224,-2.1385608,1.3431473,-1.6020441,-0.15131336,-0.32073286,-0.6796594,-1.2347223,1.2612088,0.43396458,0.2548815,0.676418,0.3285568,0.05395162,0.64982957,0.86698055,0.6869065,-0.59418166,0.6091921,-0.37298855,-1.5394281,0.6942818,0.90035796,-1.3402351,-1.4546965,-1.6723971,-0.1277809,1.2929698,-0.24190629,0.53004,0.65668184,-0.17256682,0.53145367,-0.9017959,-0.726476,0.16119026,-0.70577055,1.6178726,-0.21142596,1.2291285,-1.0062126,-0.103617124,1.0343896,-2.0580883,-1.3565283,-0.8666119,1.4791174,0.8307224,0.30735105,1.0384088,0.44050714,-1.2992591,0.19512361,0.545371,-0.90171295,1.4224275,0.5799341,-0.91422796,1.4499115,-0.0708364,0.56538516,-1.4448385,-0.4293771,1.8357286,0.0740469,-0.23302384,-0.60905457,0.14915222,0.2380029,0.024287743,-0.20588131,0.11211058,-0.009730708,0.8113942,0.80423087,-1.7408347,-0.7494542,-0.72106797,-0.08067902,1.4117929,2.0292466,1.5941449,-0.0011129478,-1.3889408,-2.4057138,0.1874245,1.4201514,-0.013728172,0.6203519,-1.4629234,0.33500567,-0.86341643,-0.39091608,-0.4955828,-1.9897596,1.70795,0.60506517,0.3537971,2.0408387,-0.7687244,-1.112295,-0.33509764,1.0891169,-0.37581387,-1.2520632,-0.36774528,0.3474419,-1.4686869,1.152183,0.5308418,0.27205256,-0.006736348,0.14787382,0.66543835,0.36797658,-0.255039,-1.2279977,-0.1484422,0.51724327,-1.3222473,-0.10764429,0.32194796,-2.17117,0.6936167,-0.6064899,-0.22408216,0.6536192,-0.82268953,-0.2109261,-0.4998531,0.09939024,-1.038065,-0.95806074,-0.15175201,-1.3163613,-2.157176,0.764708,1.3696365,-1.4485596,-0.17273112,0.092087835,0.2528914,0.3786303,-0.3691906,0.3903431,0.59240216,-0.42534694,0.06657229,-1.2727232,-1.1237817,-0.842884,0.06307029,-1.4737114,-1.0676016,1.366847,0.60448307,-1.2540035,-0.71902484,0.71836895,-1.2163311,0.91256875,0.44683206,0.072498456,0.0071764067,-0.9381509,-0.32539865,0.093940765,1.061771,0.6057259,-0.044986412,0.40072188,0.2064556,0.2470578,1.6204495,0.0618715,-0.10406789,0.74487716,0.110788226,-1.4183768,0.6157194,0.038126215,0.1854158,0.8869648,-1.4539886,-1.2992889,1.578307,-0.41683936,-1.2323602,0.69216603,-0.17442954,-0.34112075,0.57783073,0.65625656,1.4841245,1.0605474,0.83642036,1.4573383,-0.5296107,-1.567152,-0.55483,0.115380466,-0.54530877,-1.1171085,0.94079846,0.295966,2.4736166,-0.9154268,-0.6200498,0.65925264,-0.587372,-0.9014154,1.0631801,0.537005,-0.60744536,-0.9265538,-0.052711148,-0.92701334,0.4811457,-2.3118632,-0.63828546,0.77358824,0.58685124,-0.9611395,0.23810245,1.0287459,0.60346586,-1.5093894,0.100343265,1.8266798,1.0921359,-0.24084096,-1.2972097,0.38133016,-1.1043903,-0.9785673,-0.81079763,-0.4053494,-1.004275,-0.27162838,-0.28896126,0.02391287,-1.0770634,-0.12957965,1.3724028,-0.24572347,-0.21487413,-0.21124746,-1.0422602,2.0894606,-0.9664528,-0.8738596,0.87328625,0.23913352,-0.8059619,0.43795216,-0.84543675,-0.3073014,-1.0090796,-0.09472511,0.4801284,1.1566287,-0.22734816,1.8077908,0.17185049,-0.44807506,0.59332657,0.23803703,-0.030622026,0.58706516,-1.9954963,0.91978264,-1.0899216,-1.7496258,0.039853245,0.98260593,0.09824947,-0.84502536,-0.61951786,0.8344973,0.7614687,-1.1229552,1.0625356,1.205161,-0.6804836,-0.7692016,1.2466036,0.19057064,-0.18704915,0.26622754,2.3548906,0.10844637,0.8546441,-1.0607859,-0.52703136,0.053776413,-0.20896421,-0.27862155,0.098180495,-0.7201583,0.35731268,1.0675584,-0.5242408,0.7520661,-1.2333992,0.36571035,1.2266899,-0.42748773,0.0513408,0.53296155,-0.7527762,-1.4264761,-1.1464354,0.95085186,0.66161364,-0.55039644,0.09183008,-0.07789206,1.6642891,0.7831101,0.12895863,0.04090038,0.7837829,1.0595574,1.0942918,-0.17306109,-1.0740513,-0.19688196,1.3331817,-0.16918416,0.74949837,-0.7906668,-1.0684148,-1.605691,0.537865,0.7866101,0.5689526,1.5383004,0.5404151,0.09907353,0.6385655,-0.67644095,0.41004142,-0.43008223,-0.7654655,0.42040983,-0.07347231,-1.0785071,0.30735496,-0.846731,0.0697247,-0.30148783,1.0023804,-1.089409,0.31493047,0.19815552,0.73397446,-0.2415934,-0.78213716,-0.31455684,-0.067128934,-1.1364805,1.7977577,1.038571,0.31019828,-1.7602601,0.18088329,1.0096759,-0.082841,-0.6494204,0.2520023,0.093063794,-1.4576036,-0.64201874,-1.0498068,-0.10092009,0.7204817,1.0477873,0.0057393624,0.7898076,-1.620193,0.8011283,0.024828205,-0.30615577,0.0036342044,0.18006109,-0.8496642,1.8537822,1.5798635,0.17051625,0.22788441,0.922599,1.0033736,-0.43263635,-0.59747267,-1.990641,0.9358962,0.6109968,1.0116729,-0.895838,-0.5701321,0.47193697,-0.23738307,1.5177532,-0.5062964,-0.28114697,-0.38744715,-0.7618549,-0.44959104,0.5011077,-0.38702336,0.26339084,-1.4945254,0.10052383,0.06212296,0.9956648,0.54644674,-0.48511267,-0.26315197,0.3533026,1.095038,0.82747054,0.47944185,0.605695,-1.130135,0.059314694,-1.3574663,-0.9349385,0.8158765,-1.312829,0.021062305,0.6629695,0.5355169,2.1123114,0.13424025,-0.23211263,0.78617,-0.35099888,0.052130092,0.5249012,-0.23529239,-0.33386913,0.15567066,0.1356773,-0.14687793,-1.5370876,-0.7040708,0.23108995,0.52793044,0.24163188,0.5151494,-0.26774442,1.0129695,1.6305343,-0.0609289,-0.9592669
サ,-0.5563343,-0.97108173,0.8366251,1.512365,-0.88611317,-0.6249384,-1.1186483,0.32361454,1.165143,-0.22299165,0.62906045,0.051725015,-1.339722,2.1590755,-0.67517215,-0.07661784,0.9811536,-0.762841,0.329273,-0.64365435,0.2320333,0.54865986,0.7199871,-0.5830807,0.81144094,0.61754185,0.8924867,-0.3550711,-0.63414884,-0.8913003,-0.0029799752,-0.59810126,-0.5293728,-0.66015685,0.3251047,-1.0222627,-1.3575087,1.5150808,0.5366207,-0.49455884,-1.0768028,0.72948456,0.07866672,0.4066257,-0.56103003,0.09250687,1.977366,-0.55578136,0.5254794,-0.4487705,-0.7881131,-0.42873478,0.69331014,0.6947159,0.5590891,-0.15531965,0.84136987,0.72147834,0.16285107,-0.4146883,0.31194702,0.8359424,-1.1886824,0.018155515,0.2296643,1.007809,0.07399934,-0.22862402,-0.46046704,-0.46638042,-2.737022,-0.7824271,0.2193229,1.4222655,-1.3925637,0.45449144,-0.0044185817,-0.46860826,0.4282658,-0.13250285,0.5675128,-0.24348228,-1.1397628,1.0897421,-0.77398336,-1.0173748,-0.38857102,0.03923735,-1.1740401,-0.12067689,-0.016549246,-1.3604752,-1.6087699,-1.1861722,1.165158,-0.12408833,-0.9515326,-0.8304698,-1.228688,-0.3072624,0.306594,1.6541171,0.26236147,-0.34269965,-1.0634934,-0.07094365,-0.6730375,-0.46603486,-1.2855042,0.7772667,0.052929707,0.78372115,1.004176,1.5228515,0.46490458,0.79610366,-0.9586336,-0.55036336,-0.60228974,0.2236559,1.1877633,0.3741969,-1.0463991,0.3079931,0.45859587,0.8581965,-0.012608272,-1.2718809,0.70616156,-0.018755104,0.684432,-0.19984266,1.6823483,0.9944363,-0.58545667,-0.5107232,-0.7165594,0.14859703,0.11139126,-0.53874266,-0.33689633,0.29013532,-0.09146187,-0.3398325,0.32683086,-1.4223886,0.40532076,0.88508224,1.1773375,0.085900165,-0.17551722,-0.16512258,-1.2274979,0.4333731,0.23592867,-0.07795429,-0.1083451,0.3160118,-1.2411754,1.1383215,-0.14543629,1.4748836,-1.1091944,0.17179848,-0.16874146,0.5627249,-0.8609136,0.6532106,-0.3616287,-2.0532224,-0.41946897,-0.1267882,0.5229396,0.10297525,0.8826204,0.03445926,0.4379431,0.42527217,-0.98141885,-0.20390204,0.7400822,1.1178551,0.16363125,1.200393,-0.60598993,0.52695644,0.6030378,0.6945599,0.46979538,0.17206642,0.82838225,-0.6462138,0.739736,1.143596,0.9583108,2.804822,0.85954106,-1.4492543,-1.259632,1.237507,-2.2857506,-0.28562248,0.724212,-0.7928109,1.1790812,-0.8714568,-0.82461,2.129538,0.034426354,-0.3783855,-1.0056088,-1.2858808,1.0743904,0.7497885,-0.5604116,0.18077646,-0.7547018,0.54758006,-0.60050267,-0.3664583,0.41207853,0.29606602,0.5088937,1.4072251,-0.8404468,0.3542988,0.28130707,0.07537498,0.6045544,0.5153857,-1.0343227,0.20699994,0.2317707,-0.07479866,-0.31353688,0.336759,-0.92145956,0.70497817,-0.30571097,0.55081064,0.16001956,-0.2922752,0.14299104,-0.0001317542,0.34247187,0.72942615,1.7822614,0.1670767,-1.5201073,-0.32951513,0.46941745,1.1704329,0.11860263,0.263544,0.5277703,1.0922469,-0.748734,-0.032988437,-0.271261,-0.47388858,-0.19786066,0.91942513,-0.15672925,0.40488037,0.33480892,-0.34441486,-0.43605453,-0.013652248,-0.088496506,-0.9813098,-0.7103825,-0.6739267,-1.043272,0.33133703,0.020866275,0.7061445,-0.92493546,-0.83075124,-0.96693206,0.7720013,0.811813,-1.6704087,-0.5974144,-0.06607762,-0.7208285,0.4312544,-0.1879035,-0.26957792,0.3598987,0.6595845,-1.1269906,1.1803855,0.011509523,0.7526132,1.0741634,0.3199615,1.3613577,-0.44443673,0.76351607,-0.70812666,0.58825576,0.786689,-1.7158248,0.71795356,-0.39813888,-0.36714372,0.9447239,-1.1823462,-0.6805997,-0.41067493,0.0064502805,-0.12983304,-1.4546138,1.9897774,-2.0835023,1.5627422,-1.0333248,-0.3473736,-0.80403465,-0.4110518,-1.2941395,0.48626488,0.558818,-0.06817351,0.7311484,0.2894166,-0.042456523,0.44415417,0.365999,0.60778344,-0.18577513,0.7694464,-0.8964371,-1.4542155,-0.10900453,0.4088042,-1.3199251,-1.3888388,-1.2035458,-0.20913388,0.3952911,-0.6763495,-0.051798582,0.6729158,-0.018254481,0.6065998,-0.92875224,-0.23794356,0.07123315,-0.7323955,1.1055526,-0.3368982,1.1899824,-0.7768485,-0.2355178,0.7277766,-1.9476529,-0.53244996,-0.39978883,1.7834257,0.6812052,0.25190148,0.38315466,0.49285173,-0.46176955,-0.5764736,0.92951196,-0.13688657,1.5114167,0.29768544,-0.70390993,1.4878147,0.006579824,0.8392161,-0.2787463,-0.2934875,1.957759,0.09172901,-0.8789552,-0.25616235,0.03376223,-0.10638427,0.122229174,0.4068451,-0.1952752,-0.29354513,0.60187596,0.34509337,-0.8287799,-0.96314955,-0.60650134,0.26346856,1.1024504,1.3417034,1.0002258,-0.14998715,-0.83476996,-2.016066,-0.11908907,1.4494169,0.410223,0.33727345,-1.3007542,0.16669987,0.27330577,0.17929357,-1.4607238,-1.8467755,1.4414328,0.13100642,0.40689367,1.5782906,-0.5209701,-1.6865946,-0.22910246,0.40556616,-0.043586995,-0.8974391,-0.77914953,0.71838796,-0.67565763,1.3431407,0.54337007,0.34144408,0.24368888,-0.14070511,0.7667724,0.21720001,-0.6856697,-0.56441724,0.19752236,0.6272901,-0.966294,-0.7243397,0.40571716,-1.6932639,0.77295744,-0.59783936,-0.19233526,-0.4515019,-0.4581182,-0.65499604,-0.5308223,0.14210075,-0.95651424,-0.76313317,-0.15096407,-1.2351263,-1.9157456,0.73678327,1.2071166,-1.1464584,0.53140587,0.27390307,0.08302288,0.5851585,-0.35107318,-0.067167014,0.46822166,-0.6444769,-0.051613357,-0.6777414,-1.4760499,-0.7043738,0.27167934,-0.9694912,-1.1643504,0.9137199,0.8293684,-1.9123958,-0.8607271,-0.14942993,-0.49465454,0.56264234,0.8039621,0.12815246,-0.025273794,-0.8488496,-0.54161227,0.06906669,0.641842,-0.056516726,-0.1516976,0.16345407,-0.044366717,0.1782032,1.5264997,0.4477179,1.2337502,0.73140895,0.411701,-0.9561608,0.5869603,-0.30905202,-0.31344816,0.80395955,-1.4391172,-0.96484125,1.3538979,-0.17373823,-0.6989373,-0.12134647,0.46390563,-0.18813631,0.23453328,0.21595469,1.4081727,1.3055556,0.73656297,1.7903956,-0.41020152,-0.6082427,-0.6992002,0.32414305,-1.1447093,-0.7411542,0.38978907,0.6201024,2.2326035,-0.8687844,0.5648999,0.8715561,-0.7988662,-0.8803548,0.8222335,0.29222792,-0.80827105,-0.56260264,0.31543863,-1.3853788,0.1745306,-1.5708549,-0.11431947,0.509614,0.64180636,-0.5252094,0.119587414,1.0318631,0.23650612,-1.1995585,0.41872266,1.1422223,1.5861865,-0.001931183,-0.98866475,0.054155383,-0.7454839,-1.7200112,-0.4165846,-0.52487534,-0.8505355,0.060044084,-0.83400923,-0.41626465,-0.69614166,-0.7351524,1.6277444,0.12534237,-0.03443905,0.13285954,-1.0561625,1.6993818,-0.76686716,-0.48939288,1.2790806,0.7607038,-1.2425616,0.57788897,-0.9567313,0.45044774,-0.5199141,0.96698093,1.0109507,0.52471143,-0.14922082,1.5446638,-0.25801972,-0.19829118,-0.4544148,0.4932399,-0.38767046,0.27625903,-2.5059412,1.2934259,-1.698907,-0.892831,0.058274582,0.4615494,-0.43187323,-0.1335635,-0.29464015,0.33170798,0.32866138,-0.68360883,1.0647445,2.0460908,-0.58730435,-0.6300469,1.0111177,0.13408248,-0.5401716,-0.35684645,2.4514344,0.39317614,1.2325006,-1.2733063,-0.7073525,0.0648105,0.13315855,-1.395866,-0.4893293,-0.10979587,-0.046753045,0.45680916,-0.35850066,0.6697642,-1.0229342,0.17455293,1.097857,-0.6010179,-0.0059978087,0.48356652,-0.3618456,-0.9423121,-1.2335685,0.6152925,0.80142844,-0.59043324,0.22677407,0.77111185,1.4082344,0.82896155,-0.22392642,-0.7757626,0.5496326,0.9397749,0.7880987,-0.6403784,-1.2796175,0.7790396,1.5514767,-0.5572806,0.7259191,-0.06916839,-0.53557324,-1.8153086,1.0263759,0.32068816,0.47555962,0.8634215,0.28316587,-0.18926367,0.72391003,-0.24255392,0.2146624,-0.3761569,-0.50325483,0.039761767,0.09625924,-0.993589,-0.06740956,-0.5643487,0.071734995,-0.41945863,0.53314364,-1.2760488,0.53383946,-0.06604284,0.77582574,0.3668297,0.2498602,-0.98002315,-0.045589253,-0.6410804,1.8574492,1.0827054,-0.27212128,-1.3974693,-0.3251955,1.0253904,1.1351199,-0.32794705,0.11257899,0.1469481,-0.84028924,0.0028508622,-1.3598796,-0.03563794,0.20059766,0.9513421,-1.0672901,0.92213833,-1.7129593,0.8151281,0.13636455,-1.0897324,0.3250704,0.109182075,-0.59909904,1.9356093,1.125257,-0.2578162,0.11460033,0.8117958,1.1935188,0.008282617,-0.1797995,-1.2918633,1.0251454,1.1356632,0.08881855,-1.0982714,-0.23658925,0.6098815,-0.4483866,1.2411292,-0.6580916,-0.29943174,-0.12983906,-0.66762185,-0.83940035,-0.78774476,-0.5907741,0.26703143,-0.94666046,0.048874058,-0.45389804,-0.64123875,0.33017853,-0.4004139,0.1258479,0.1075668,1.0594754,0.60718906,0.5723268,0.65623975,-0.8612175,-0.27983084,-0.9476354,-0.6802441,0.70969224,-0.6750428,0.56360716,0.01032833,1.2816763,1.5466695,0.2373549,-1.0733651,0.18312514,0.41356188,0.16798165,-0.2152246,-0.6201087,-0.33896405,0.06614442,0.41716155,0.6288169,-1.3304087,-0.30750003,0.11498591,0.8094001,0.1668047,0.5409011,0.53033537,0.76833177,1.7858173,0.8734109,-0.60869044
ル,-0.88709956,-1.2008879,0.5779331,1.1352621,-0.8253107,-0.27694532,-0.8848375,0.3346755,1.579226,-0.99947184,0.66264105,-0.2628751,-1.6978945,2.273211,-0.8934348,-0.12430596,1.1680745,-0.681126,0.18328969,-1.0192736,1.0259453,0.7691004,0.8601017,-0.6853108,1.3355814,0.81687003,1.0239624,-0.85385704,-0.4725588,-0.5299572,0.24737015,-0.56608456,-0.7253946,-0.9882914,-0.120647,-1.645755,-1.07883,1.1583054,0.07248976,-0.37051266,-0.46273756,0.12335186,-0.3735639,0.30719954,-0.6704778,-0.04622464,2.2171226,-0.118775114,0.9632314,-0.45750123,-0.58727574,-0.08020128,0.3457076,0.68517053,0.9223364,-0.2553938,0.9886397,0.8638625,0.09974466,-0.7787872,0.4315858,1.2563621,-1.0219104,0.52476865,1.0198425,1.101143,-0.1598886,-0.44860727,-0.35028857,-0.7220396,-2.0306413,-0.6716022,0.10159876,1.7011988,-1.0112455,0.90106833,0.18355317,-0.4957358,0.3748744,0.53148466,0.2014282,0.4138198,-1.65494,1.2532847,-0.48865485,-0.5238813,-0.044498563,-0.67309505,-1.5974908,-0.30313563,-0.3103452,-1.1306031,-1.6165123,-1.1033,0.7359164,-0.0924897,-0.70874226,-0.44791698,-1.7264677,0.04409439,0.22234614,1.3454908,-0.38184828,-0.15824236,-1.1239465,-0.38013867,-1.3101995,-0.39225549,-0.83263206,0.5536909,-0.39251527,0.76723844,0.50325084,1.2199049,0.95036715,0.732311,-0.34828413,-0.5478592,-0.24450798,0.0005288273,1.2266108,-0.17297514,-0.78001523,0.39019164,-0.11533122,1.379612,0.4039598,-0.7467804,0.9973337,-0.10974004,0.5612329,-0.59855556,1.4141277,0.54910326,-0.5691737,-0.4464603,-0.41673905,0.034179926,0.4146533,-1.0409037,-0.3977582,-0.103987776,-0.25115758,-0.4711005,-0.06776781,-1.8166826,-0.07350938,1.2537639,0.90808785,-0.4176263,0.19091004,-0.5210941,-0.85913944,0.97201,0.4146816,0.14871494,0.009133291,-0.30472216,-0.974693,1.2102339,0.4532903,1.7279122,-0.9459635,0.04675894,0.01839807,0.5125006,-1.0441473,1.0238854,-0.8731467,-2.029035,-0.79636204,0.19365473,0.5989035,-0.17979436,0.7097694,0.12533097,0.4559037,0.19246414,-1.0199884,0.12093858,0.4560298,1.3307157,-0.080348924,1.219482,-1.1039984,-0.011704695,0.40583196,0.93138945,0.17257126,0.15286556,0.67974627,-0.5097186,0.95314103,0.9721778,1.3890908,2.2795835,0.58405316,-1.545496,-1.461532,0.6308,-1.9609314,-0.28459135,0.87708634,-0.17448047,1.7857414,-0.84453696,-1.3079803,1.8319676,0.30998665,0.44224977,-0.961449,-1.0899373,0.45384207,0.49668956,-0.56703204,0.09223162,-0.5170576,0.017500509,-0.37779778,-0.5806693,0.36500707,0.37581873,0.08068633,1.8587927,-1.2664673,0.3706599,0.5869184,0.21465519,0.41126078,0.47738093,-1.3083336,-0.26029807,0.99435616,-0.39538187,-0.42286688,0.015686689,-0.55173814,1.0728743,-0.25931865,0.32343966,0.0657024,-0.613665,0.017902087,-0.62808084,0.22715476,0.5515572,1.7812942,0.6464709,-1.5245538,0.35736263,0.7192184,0.7329818,0.33714485,0.025207877,0.1732617,0.6104351,0.20241746,0.5837693,-0.47274232,-0.48715907,0.1701056,0.82600516,-0.7503578,0.30333596,0.21275191,-0.53115875,-0.32061917,0.1577739,-0.34660596,-0.98548776,-0.7377277,-0.6303483,-1.1713389,0.07066701,-0.85827684,0.39339036,-0.9926502,-1.0560114,-1.2931755,-0.2285033,0.59228796,-1.5987142,-0.77172184,0.19051045,-0.18091312,0.57546264,-0.65835357,-0.27060217,0.38241535,1.0559475,-1.578059,0.6938683,0.66841054,0.79539764,1.1993244,0.26081124,1.4820089,-0.43542367,0.96883,-1.5066805,0.8660572,0.95263326,-1.842145,0.83618987,-0.43607768,-0.57485676,0.14464158,-1.6334778,-0.41986752,-1.0509671,-0.58120596,0.2967211,-0.9670922,2.0772412,-1.5917907,1.1676544,-1.0535996,-0.46116775,-0.2621374,-0.5519937,-1.2317653,1.2549556,0.56525457,0.4591834,0.18032022,0.3000825,0.016089603,0.57986724,0.5281079,0.50197065,-0.83651876,1.0105193,-0.81786907,-1.2276129,0.712402,1.0932639,-1.4370333,-2.0781345,-1.493419,-0.30314985,0.6347714,-0.30325103,0.41929716,1.0903987,0.019633178,0.34017485,-0.9108213,0.12819238,0.27423367,-0.5981413,0.98505795,0.7228278,2.172621,-0.5508019,-0.29285264,1.253252,-1.518156,-0.4381481,-0.61920935,1.9580519,0.7361618,0.3457623,0.645231,0.3563021,-0.69846666,-0.89020425,0.7038151,0.00790112,1.2959228,0.36465323,-0.38910905,1.2615004,0.1858118,0.55713594,-0.7385858,-0.36830163,1.5074103,0.18785696,-0.5050467,-0.8496593,-0.7032776,-0.117908016,0.35464507,0.15540951,-0.21316548,-0.52185327,0.67171776,0.4699467,-1.089596,-1.0307398,-0.73029214,0.4309432,1.150842,1.7765108,1.7776018,0.014019799,-0.779704,-1.6921539,0.67761964,1.3121138,-0.13984393,0.8473113,-1.5706972,-0.250629,0.23602644,-0.10555854,-0.8988433,-1.9197285,1.7912518,0.73248786,0.7460898,1.578853,-0.9908039,-1.3612486,-0.0028110803,0.34340867,0.092497155,-1.1382828,-0.60086817,0.8626073,-0.91720694,0.75848705,0.36021513,-0.2015088,0.48217916,0.28934845,0.67822134,0.39642045,-0.4701623,-0.63869,-0.052791268,0.587335,-1.5965192,-0.6069034,0.53275347,-2.2202106,1.3069867,-0.2620921,-0.1712012,0.31583357,-0.42754307,-0.400431,-0.7797988,-0.60977185,-0.78703755,-1.0469916,0.52051806,-1.0279766,-1.6586605,0.7502543,1.2728815,-1.3815166,0.4914055,0.33164218,0.32053128,0.7268878,-0.25618553,0.08545674,0.32856384,-0.36687607,0.16719162,-0.3107168,-0.698348,-0.82803047,0.4758401,-1.2168694,-0.7752098,0.7386649,1.1412759,-1.298656,-0.8125661,-0.5653518,-0.51577836,0.45981145,0.41235465,0.87834823,-0.04714927,-0.3938102,-0.46850556,0.40242013,1.5275276,-0.07482613,-0.5952988,0.049600497,0.42232043,0.646456,1.2522389,0.3953257,0.28729433,1.0631078,0.36262193,-1.2647927,0.18080989,0.20185456,-0.2549468,0.5055804,-1.7615802,-0.6489043,1.4435462,-0.712522,-1.0009981,0.011665548,0.7919114,-0.082067594,0.37642446,0.31329298,1.3565899,1.3373811,0.987679,2.036464,-0.393902,-0.86747694,-0.5178777,-0.25791407,-0.84002554,-0.6635114,0.8048849,0.81062526,1.8883097,-0.1968154,-0.08510373,0.91577274,-1.0407302,-1.2200352,0.5677936,0.6043534,-0.6997074,-0.53175795,0.56283677,-0.8561781,0.5029645,-1.8124348,-0.4626197,0.67772144,0.30584708,-0.27707073,0.124334395,0.20898323,0.6511032,-1.1268873,0.5293261,1.192634,0.98428404,-0.3441381,-1.1026419,0.3600636,-0.3454984,-1.8072345,-0.14162575,-0.28444675,-0.42768773,-0.13360178,-0.08262215,-0.2674893,-0.91654587,-0.5342092,1.4287783,0.6117686,0.14435206,0.043221153,-1.2203755,2.1784976,-0.78555053,-0.16587846,0.97753394,0.15179925,-1.65798,-0.011446682,-1.0302594,0.45126715,-1.2239052,0.40470552,0.86136407,0.13106602,0.099722184,1.3031726,-0.20102651,-0.2731932,0.58264625,0.0671515,-0.2009588,0.484612,-2.3800359,1.6087023,-1.4165841,-1.0507665,-0.40576458,0.7708227,-0.7427243,-0.028850114,-0.8684648,0.32445472,0.61780965,-0.76544833,0.8296751,1.8526204,-0.33260956,-0.7075101,0.8447584,0.21893291,-0.70110846,-0.2901289,2.5768094,0.62379515,0.9494068,-1.2453038,-0.709785,0.42687827,-0.2785911,-0.8585769,0.037602138,-0.23116884,0.063243434,0.33257398,-0.7968772,0.5607952,-1.5027561,-0.1259676,0.93037796,-0.5238229,0.16683647,0.7471107,-0.46526462,-1.0909933,-1.4228656,0.8934251,0.9009269,-0.14414552,0.1052389,0.22305372,1.7494509,1.0177689,-0.31390208,-0.9566932,0.83298624,1.3035618,0.3624894,-0.56700486,-1.4522724,0.61745363,1.7546918,-0.9956976,0.74441487,-0.47897258,-0.42805323,-1.3510268,0.9004308,0.15129001,0.28840125,1.4182928,0.5180298,-0.3273409,0.8598372,-0.2898384,-0.5545458,-0.39963704,-0.3301484,0.10554542,-0.6737609,-1.1171067,-0.12458299,-1.1051916,0.19731024,-0.1596396,0.7523922,-1.505244,0.17724732,0.03434188,0.7064735,0.385694,0.06389284,-0.955692,-0.53160274,-0.94240963,1.4373192,0.79179156,0.14133845,-1.7064164,-0.23582964,0.6158682,0.26588848,-1.276984,0.35447413,0.31140858,-1.0352128,-0.18568745,-0.8604399,-0.12805584,0.20165057,0.84386384,-0.2669181,0.4850276,-1.830562,1.2240994,0.22696605,-0.7780436,0.24285762,0.333294,-0.75244117,1.5953705,1.4065672,0.42194137,-0.079998195,1.1978353,0.82077265,-0.050653744,-0.56612813,-1.7172482,1.1863081,1.2984273,0.23520997,-0.8819135,-0.04370121,0.44691935,-0.33091122,1.6340472,-0.7311347,-0.7245006,-0.67825663,-0.6397822,-0.99828446,-0.43116474,-0.6697286,-0.65193146,-1.3167417,0.25243476,-0.8886193,0.046087574,0.20169714,-0.57750577,0.22650757,0.45738262,1.255276,0.9821994,0.33408958,0.52756774,-0.25889206,0.002330482,-1.1478101,-0.6668592,1.2628412,-1.1477785,0.13937669,0.32389554,0.64654934,2.178784,0.6203652,-0.69963,0.5382714,0.22956793,0.10316984,0.38732195,-0.026390657,0.20031151,0.22990382,-0.5434368,0.5239378,-1.611871,-0.26159304,-0.038971633,0.99496764,0.36222193,0.848378,0.4791742,0.34126514,1.5500463,0.4214631,-0.7763127
コ,-0.7773592,-0.606287,0.53320664,1.1512619,-1.3195585,-0.5803822,-1.7853304,0.44424877,1.10182,-0.24908362,0.24944533,0.17225893,-1.3770008,2.3406653,-1.3567024,0.09345088,0.77875334,-0.94516295,0.40399608,-0.26250508,0.7216666,0.7701692,0.7329581,-0.9551336,1.231903,0.80269337,0.9395254,-0.06535221,-0.65093607,-0.9157582,0.038808774,-0.3345251,-0.5709475,-0.2682114,0.36341575,-1.2376925,-1.512711,1.716259,-0.22317642,-0.62735575,-0.828258,1.0236905,0.06478873,0.17534818,-0.35900617,-0.047638893,1.8321213,-0.38962254,0.5299695,-0.59241027,-1.0253552,-0.17308319,0.64140457,0.69997483,0.4978911,-0.42631245,0.67475003,0.76476383,0.08521963,-0.117422156,0.09651526,0.9067802,-0.8281305,0.32753685,-0.024021069,0.7329955,0.11281214,-0.4266219,-0.2780732,-0.2623709,-2.4629061,-0.9764886,-0.19144453,1.5806648,-1.9737196,0.4989556,0.035889912,-0.3745662,0.08013473,-0.07646993,0.4622264,-0.13239981,-0.90438014,1.0132706,-0.91780084,-1.1619457,-0.45129737,-0.6941002,-0.81818056,-0.1675387,-0.6585897,-1.9950014,-1.0400625,-1.2967019,1.777717,0.2854947,-0.77446324,-0.4128128,-1.1108409,-0.07805682,0.15225707,1.6181707,0.057414263,-0.12911575,-0.65218204,-0.30817297,-0.7357145,-0.1966238,-1.2275858,0.76288646,0.2178688,0.58032686,1.1130933,1.4537789,0.44821155,1.1398648,-1.2621784,-0.58654636,-0.2721006,0.5615286,1.254097,0.72848415,-0.21448319,0.6728191,-0.029975584,0.64481497,-0.47978735,-0.96908075,0.599912,0.21329272,0.60080224,0.14280765,1.7981099,0.87327975,-0.6533199,-0.33839762,-0.07719874,0.35367265,0.5751396,-1.3216771,-0.41618565,0.45419014,0.012276021,-0.27084115,-0.008779317,-1.3914162,0.09841586,0.5851034,1.5129122,-0.11658499,-0.10654744,-0.38916552,-1.3712935,0.47772646,1.0107127,-0.008048986,0.29269382,0.17542557,-1.1496409,1.4198841,-0.67905635,1.6283792,-1.100931,0.07183147,-0.087135814,0.81577605,-0.91657805,0.5416097,-0.97670484,-1.980311,-0.5531245,0.35467815,0.4774746,-0.070336066,0.6656876,-0.14579946,0.50530165,0.221379,-1.0595144,-0.8416191,0.43509516,1.2451947,-0.28105503,1.5239388,-0.416536,0.31513023,0.81529075,0.3771036,0.607012,0.13936843,1.2489464,-0.96705693,0.4820434,0.9750435,0.8050335,2.7143686,0.71895105,-1.9963135,-1.1460515,1.0024179,-2.511839,-0.34388506,0.9281078,-0.9538136,1.0526723,-1.0791508,-0.59123605,2.046624,0.4474387,0.08828697,-0.967154,-1.4069971,1.230523,0.6965561,-0.6166,0.21591169,-0.67254,0.41489652,-0.17446935,-0.2617284,0.067704685,0.75988454,0.3170421,1.7214684,-0.96680826,0.11634743,0.39807117,-0.522303,0.19976397,0.62209684,-0.5303855,0.28806826,0.30965188,-0.15709312,-0.7692315,-0.089575924,-0.8482545,0.74206096,-0.834068,0.4834144,0.23390932,-0.14274852,0.41097832,0.15018411,0.49078822,0.6949051,1.5344644,0.41924858,-1.7263595,0.036094267,0.080114156,1.2209066,0.115856044,0.44961202,0.1791705,1.3453946,-0.33029863,0.2396821,-0.5317493,-0.75470614,-0.15788129,0.919318,0.291227,-0.17972487,-0.019869084,-0.797237,-0.32068193,0.18681222,-0.2982728,-0.52068454,-0.85696936,-0.45954946,-0.8818774,0.02307264,0.70468026,0.34776673,-0.6740747,-0.6120339,-0.884736,0.5225606,0.5126659,-1.9613606,-0.5326168,0.07924635,-0.50185084,0.12640513,0.19226398,-0.45417455,-0.06799449,0.8331006,-1.2959839,0.6222181,0.07987124,1.0502534,1.5473285,-0.13175388,1.1843277,-0.6151724,0.47841477,-0.3313278,0.27702135,0.8774597,-1.4734226,0.9563093,-0.71584606,-0.08304963,0.9867309,-1.7610804,-0.5573676,-1.3317686,-0.10582965,-0.51269585,-1.5958613,2.0857327,-2.0358179,1.9239191,-1.2168568,-0.3880327,-0.9052617,-0.74934477,-1.6185166,0.48622724,0.13821746,0.24117343,0.8409643,0.1502848,0.41521692,-0.033168137,0.24350972,1.4687825,-0.45283118,0.63013446,-0.83901626,-1.4661188,0.11838219,0.7551717,-1.3171571,-1.286892,-1.318573,-0.20230746,0.15862022,-0.56996435,-0.56219494,1.0505966,-0.05262215,0.5025045,-0.97644085,-0.76742905,0.051475838,-0.8252604,1.2186656,-0.4078081,1.5411263,-1.1638165,-0.48796448,0.4908713,-1.7276672,-0.29878375,0.056904968,1.9899145,1.5562652,0.8212355,0.1588312,0.4685208,-0.73615223,-0.11224843,1.0764704,0.5222437,1.3498282,0.19195499,-0.52100104,1.1987642,-0.106518514,0.6130507,-0.25868794,-0.16724153,1.5265354,0.14762571,-1.2511336,-0.23665391,0.35053098,-0.5945639,0.13123858,0.008568595,0.34656224,-0.3927231,0.536224,0.6817778,-0.41731033,-0.8789963,-0.738843,0.7498191,1.6347499,1.4139442,1.2399,-0.23223925,-0.70776063,-1.7799706,0.35097682,1.7788168,0.83107215,0.2961688,-1.7795366,0.33852974,0.5307235,0.25015378,-1.9960737,-1.3854194,1.6996689,0.32953042,0.48826587,1.3405021,-1.1435057,-1.7551719,-0.3419195,-0.048041064,-0.31116638,-0.83484834,-0.8127505,0.35217917,-0.24044256,1.4958342,0.8721786,0.5787288,0.022366762,-0.447071,0.63472986,0.030485908,-0.82967156,-0.24215953,-0.16365911,0.5658954,-1.036934,-0.90502757,0.5618873,-1.9732895,1.0666347,-0.05312255,-0.14713337,-0.19127488,-0.39648366,-0.7858276,-0.21342772,-0.031079391,-0.99710155,-0.5187963,0.28389525,-1.412541,-1.9719949,0.58736134,1.3977108,-0.6769302,0.4400754,0.35744897,-0.13540876,0.39926377,-0.13218246,-0.42792448,0.27852762,-0.5208173,0.06930619,-0.25115648,-1.5820498,-0.50419986,0.5961717,-1.3245416,-1.0151271,0.82138664,0.5447976,-1.3257159,-1.0344046,-0.84197646,-0.6484129,0.54863757,0.15237518,-0.13632198,-0.32729343,-0.3976753,-0.33975372,0.07840981,0.6217856,0.079025246,-0.05899022,0.3256859,-0.54503584,0.37188992,1.5653223,-0.13647284,1.0909195,0.75283194,0.07594273,-0.16469266,0.5575603,-0.41171956,-0.3055106,0.6517279,-1.1964093,-1.0382189,1.6858577,-0.31122774,-0.9533596,-0.20486416,1.3803377,-0.4178106,0.06379154,0.08172684,0.64551425,1.5401977,1.0206004,1.4604154,-0.03657155,-0.12525542,-0.77726513,0.25241518,-0.8029973,-0.37543806,-0.08463192,0.7348481,1.8543235,-0.71489483,0.8968242,0.3547653,-1.1372434,-1.1101189,0.29184267,0.4555962,-0.48604617,-0.73309773,0.22791375,-1.5581294,0.1339783,-1.7928401,-0.5805544,0.7082345,0.9217275,-0.79802394,0.03275038,0.9391224,0.41993216,-1.1155406,-0.15447134,1.1279541,1.1897535,0.072306655,-1.2406193,0.27723232,-0.7453463,-1.181202,-0.33468735,-0.52862287,-0.7007246,-0.10861194,-0.29125538,0.039910693,-0.7924147,-0.88466996,1.3251508,0.38006926,0.26090506,0.27053747,-1.2667184,1.9140314,0.33471218,-0.8281243,1.4236037,1.0534887,-1.6573609,0.8726568,-1.1175643,1.0491381,-0.70311856,0.85593325,1.3342475,0.5160547,-0.1478796,1.419496,-0.055306215,-0.007192135,-0.470139,0.37924162,-0.796433,0.6516145,-2.165973,1.6057876,-1.1744268,-0.5041849,-0.00018820663,1.0339078,-0.24373178,0.70293456,-0.19853814,0.9754407,0.15494733,-1.1073617,0.788837,1.9835402,-0.12137222,-1.2054121,0.86524385,0.19362743,-0.59320134,-0.051745165,2.141062,0.5788423,0.9167838,-0.77451587,-0.50148493,0.8333056,-0.69327784,-0.9701335,-0.45178428,-0.18460782,0.2043708,0.3551601,-0.615771,0.81307334,-0.5807273,0.38039616,1.423227,-0.9062755,0.085403346,0.29311326,-0.74877554,-0.9006932,-1.6528631,0.3764447,0.37105003,-0.87766474,0.39404646,0.6509132,1.1881927,0.5851509,-0.017563244,-0.76672417,0.2565362,0.98255366,0.37561473,-0.75580645,-1.2646965,0.66593796,1.0898322,-0.5162526,0.59684175,0.4671944,-0.24116103,-1.7257446,0.867302,-0.09662319,0.009355375,1.0713934,-0.12243078,0.1035964,0.9414141,-0.43301186,0.39160037,0.05289778,-0.6796746,0.18298991,0.047687013,-0.9044783,0.3905262,-0.61150175,0.27279922,-0.9563766,0.63963896,-1.2397767,0.9006646,-0.179066,0.6114233,0.6305764,0.34476268,-1.5797267,-0.4309268,-0.4906118,1.5072557,1.2035714,0.06674694,-1.0343978,0.041631937,0.8868547,0.57945246,0.119828165,-0.0038202603,0.32400584,-0.69751376,-0.3208216,-0.82282853,-0.6615459,0.32358667,0.24512869,-0.34767714,1.2804995,-1.7382631,0.91328,-0.061554343,-1.3913368,0.20065431,0.2725061,-1.001541,1.6544081,1.3830729,0.29009578,-0.048918426,0.44919482,1.0054942,-0.5813617,-0.33996758,-1.2051396,0.38555726,1.3662792,0.44396153,-0.7528152,-0.1488674,0.34095514,-0.5550212,1.5913504,-0.40791285,-0.45196077,-0.34644997,-0.29480672,-0.8908779,-0.5869903,-0.39844513,0.43040434,-1.1423553,0.33053783,-0.5269583,-0.6936912,0.48306617,-0.055316884,0.47093308,0.16439001,0.95872325,0.20086293,0.15183355,0.16393228,-0.92306477,-0.40575406,-1.3264103,-0.22436035,0.7392234,-1.2064573,0.5563794,0.30802354,1.3316513,1.8169974,0.2686147,-1.1901705,0.30159178,0.12989657,0.41160843,-0.3691043,-0.9384895,-0.29869393,0.3688438,0.45488048,0.4031479,-1.3716717,-0.68869644,-0.03116999,0.72848487,0.11769015,0.63864607,0.11754765,0.74860436,1.9199735,0.8331032,-0.19297116
ト,-0.86602664,-0.011062354,0.7487411,0.4418274,-1.310192,-0.6176659,-1.5832424,0.23447685,1.4728315,-0.28615442,0.5562062,0.17368749,-1.6206115,2.3655875,-0.681148,0.7452972,1.0472726,-1.1507715,0.57385397,0.9227118,0.8372258,-0.1252322,0.5593533,-0.39850098,1.3907986,0.8200208,1.271781,0.12183912,-0.3484909,-1.161088,-0.03545458,-0.53639346,-1.1372513,-0.45711243,0.33871606,-0.86318886,-1.7078769,2.0944269,0.48194313,-0.44033533,-0.70885545,0.19376414,-0.18647045,-0.39667395,-0.3559034,-0.27940306,1.9069998,-0.56491554,0.98862785,-0.46370023,-1.682745,-0.28789374,0.66232216,0.33616686,0.5992231,-0.58911127,0.89674366,0.92675096,0.31115806,-0.17517927,0.5327183,0.22978893,-0.5696438,-0.38825855,0.3919145,0.280516,-0.7541784,-0.0029050224,0.5261312,-0.55937856,-2.0684383,-1.327975,-0.21962844,1.2818031,-1.6002944,0.08218132,-0.25744867,-0.4566823,0.5966234,0.12302647,0.8745208,-0.3502195,-1.3370569,0.77315485,-1.6402378,-1.3556076,0.16407673,-0.73299867,-0.41440275,-0.35178715,-1.5140209,-1.4661301,-1.6799812,-0.95979756,1.8912301,0.3576722,-1.3254937,-1.0879111,-0.56004393,-0.1782041,0.44158664,1.4012194,0.3883675,-0.3019195,-0.87331146,-0.37586105,-0.9017143,-0.3675074,-0.49392423,0.8598901,0.2219071,0.40299985,1.0119159,1.0341568,0.8493408,0.41424662,-1.1038456,-0.07631685,-0.369939,0.6916872,1.4899893,0.6690029,-0.18869825,0.3734278,-0.24118137,0.28037298,0.5182509,-1.3350013,0.8188449,1.5994787,0.3930593,0.87183243,2.3453774,0.4839094,-1.0891675,-0.44229674,-0.38960305,-0.14507774,0.6499133,-0.90196306,-0.4104706,0.2392216,-0.084423155,0.13522838,-0.0719848,-0.94792986,0.008508477,1.0742562,1.245808,0.5189717,-0.11777839,0.2741258,-1.6751093,0.65114737,1.1063687,-0.64511967,0.38431692,0.47406903,-1.2205086,0.8495048,-0.5976554,1.5238316,-0.7128982,0.12597227,0.3702547,1.115486,-0.6266654,0.7595547,-0.69256425,-2.4709206,-0.5970926,0.15355223,0.97982174,-0.0694576,0.11076009,0.3948101,-0.25811544,0.2731319,-0.81208235,-0.64091706,0.96403277,0.71814084,0.27886897,0.9795992,0.063905925,0.2127248,1.0145859,0.8229718,0.97665846,-0.18203908,1.424805,-0.6648596,1.0476358,1.3417867,1.0505687,2.8760715,0.865665,-1.2404859,-1.3144777,0.7591744,-2.6664896,-0.54280967,1.2643265,-1.856643,0.9436888,-1.5849568,-0.66086817,1.5259702,0.9324218,-0.059749015,-1.1757752,-1.0526085,1.1492512,0.8966679,-0.494452,0.018634137,-1.0360656,0.06554215,0.17689337,0.25321555,0.6053182,0.64133453,0.67882127,1.4521158,-1.132892,0.76943284,0.32597688,-1.1862686,0.059648544,1.0012279,-0.7844242,0.6469178,0.3256322,-0.14347287,-0.09916285,0.35719112,-0.77716094,0.6511746,0.2511363,0.64063215,0.29471707,-0.6430536,0.7793815,-0.25115186,0.7405862,0.49101156,1.1371818,-0.09331398,-1.5072075,-0.57739633,-0.43660882,1.520404,-0.5773463,0.25585142,-0.15448456,1.3667605,-0.37309915,0.14662051,-0.6615643,-0.7951888,0.051830478,1.1352383,0.3078869,0.768736,-0.39802235,-0.795374,-0.46160823,0.4079884,0.05506122,-0.3909162,-1.1317165,-0.39108258,-1.3671727,0.3365902,1.0746751,0.69082046,-0.094806984,-1.2454752,-0.59856325,1.4854072,0.6790518,-2.362421,-0.13574637,-0.62475467,-0.8326969,0.21511796,1.035177,-0.059855647,0.30817342,0.5297186,-1.2407224,0.8472812,-0.74609756,1.1130695,1.301054,0.2051703,1.005517,-0.9428916,-0.41860884,0.21622634,0.8138034,0.99617934,-1.8967888,0.47927898,-0.5585445,-0.47198537,1.2973473,-1.5512427,-0.9522467,-1.073077,0.32310915,-0.66133225,-1.0468504,2.7191706,-2.4529953,1.0397028,-1.8911498,-0.7538361,-0.78367424,-0.6288548,-1.6998038,0.1017113,0.15795392,0.14619875,0.13086194,0.055954963,0.6021664,0.10803586,-0.061629355,2.233161,-0.15229712,0.6060455,-0.8166988,-1.6903803,-0.15178405,1.0475923,-1.1379919,-0.9548332,-0.7972323,0.051459745,-0.4479871,-0.19787887,-0.6312429,0.8327855,0.445166,0.72458005,-0.81107837,-0.86339134,0.17803586,-1.1272873,0.6750455,-0.5876765,0.81269383,-0.83541465,-0.68153185,0.93927354,-0.98671603,-0.31917626,-0.5028088,1.9577847,0.37525272,0.18256962,0.20483738,0.13410899,-0.27895245,-0.68208987,0.8070327,-0.6903651,1.1078699,-0.47638732,-0.67847586,1.4286335,0.025459334,-0.011791644,0.30722037,-0.45802182,1.7618309,0.10761152,-1.3033879,-0.5221814,0.006644387,0.25805223,0.5810198,-0.15404204,0.0798146,0.43161032,0.40272924,1.1935937,-0.19170284,-1.1983879,-0.3466067,0.6054016,1.7328417,1.1682246,1.6483182,-0.35489482,-1.5551388,-1.9683332,0.66681874,1.4081614,0.6611532,0.8813001,-1.3189423,-0.11405369,1.1476202,0.5751116,-1.4308811,-1.8194256,1.4781609,0.14799649,0.63593715,1.2891201,-1.0471146,-1.6165295,-0.038135678,-0.3497358,-0.53870493,-0.6989651,-0.73150253,0.61566633,0.17353085,0.94354856,0.9565477,1.2331433,-0.4333007,-1.194179,1.0359278,0.1438112,-1.1340647,-0.30845603,-0.15375456,0.4062446,-1.4212914,-0.5448144,0.21453407,-1.9748167,0.7635961,-0.59568775,0.025370441,-0.55929947,-0.15802982,-1.1556612,-0.49591908,0.3091535,-1.1645888,-0.71533227,0.93464494,-2.1057553,-1.5260725,0.8736898,0.6456204,-0.855777,1.0076196,0.4244368,0.48011592,0.5692797,-0.19633752,-0.24542253,-0.44273096,0.095158264,0.30415824,-0.16109115,-0.87851244,-0.68256134,0.7952831,-1.2455871,-1.9122438,0.32490754,0.48303974,-1.6803054,-1.1218292,-0.5152223,0.16516903,0.9785122,0.4401458,0.028579801,-0.5768163,-0.8567775,-0.33632946,-0.32810572,0.4978661,-0.49145517,0.19428618,-0.12987009,-0.08510488,0.18065137,1.8402724,0.28187916,1.595807,1.2787185,1.0520123,-0.4137567,0.4077712,-0.57073665,-0.8219568,0.73179734,-1.3530928,0.074065164,1.6812003,-0.15528762,-0.101237625,-0.71059775,0.91201186,-0.2907271,0.39951023,0.22760428,0.7298965,1.4606465,1.2644427,1.4489988,-0.17492181,0.18145485,-0.583843,0.0788013,-1.1151748,-0.815938,-0.2762311,0.65166897,2.1089048,-0.65997154,0.8336152,0.30462345,-0.9961237,-1.1144394,0.7658123,0.08451025,-0.43416485,-0.2407498,0.21134649,-1.8609302,0.14111161,-1.610228,-0.42409045,1.0277642,0.8548268,-0.20405981,-0.2031354,1.1089633,0.6117437,-0.7792756,0.12400367,0.8195373,1.814342,0.6333634,-1.2627861,0.31871146,-0.38437402,-1.2690152,-0.138741,-0.4539437,-0.7041991,0.26584628,-0.8848442,-0.16530128,0.10648479,-0.9278327,1.8269632,0.8164227,-0.1833968,0.16907477,-1.2621964,1.7236009,-0.16286978,-0.76813865,1.5281765,1.1204253,-1.5000207,1.2360432,-1.3093008,0.8046949,-0.52828145,1.2425985,1.0085843,0.12352834,-0.3534865,1.6502705,-0.6294816,-0.4611997,-0.79420745,0.82349217,-0.9839626,0.26385644,-1.6724994,0.7845633,-1.6582896,-0.3456523,0.3277493,0.72307515,0.18277846,0.21505973,-0.5478218,0.48589262,0.22288209,-1.0255278,0.50252134,1.5253145,-0.27096343,-1.0581819,0.31520027,0.36883104,0.08782187,-0.5083768,2.300148,0.329703,0.5742797,-1.1583008,-0.6458525,0.825168,-0.34250677,-1.3786045,-0.44469166,-0.9118381,-0.1893431,0.32735628,-0.24697287,1.0541391,-1.378318,0.8052625,0.68919826,-1.1078041,-0.53449833,-0.17258635,-0.8360988,-0.6306701,-1.33464,0.47863957,0.53547734,-0.89411163,0.39141417,0.7740365,1.7348769,0.48876762,-0.2333677,-1.1595794,0.6926058,0.041629687,0.47316462,-0.9086973,-0.95848507,0.6681162,0.19429252,0.035995476,0.17145252,0.6479413,-0.3992766,-2.3156893,0.93779194,-0.14811653,-0.1628449,0.5759663,0.5575175,-0.33255637,0.89687216,-0.45103425,-0.025860466,0.15992783,0.043317124,0.21022762,-0.41450217,-0.8822127,0.32330748,-0.115712106,0.07599191,-0.26701117,0.2557676,-1.6459556,0.914483,-0.14989711,-0.09753032,0.05577063,-0.08258116,-1.3218186,-1.2004665,0.002259329,1.4534438,0.8107389,0.24680278,-0.94745857,0.19533412,1.1960431,0.8643069,0.050418377,-0.3952136,0.23340426,-0.36644563,-0.16012184,-1.1942211,-0.026246605,0.67209643,-0.25414652,-1.5384955,1.8439531,-2.2760801,0.9092374,0.028636038,-0.85163766,-0.41434428,0.57072896,-0.92811334,2.4949377,1.0620698,0.12688823,0.0036783218,0.64768845,0.95455325,-0.59260285,0.13804127,-0.57332635,1.1709278,1.8502878,-0.27273798,-0.45190644,-0.1300864,0.50490606,-0.78430593,1.687187,-0.77024233,-0.15536317,0.07468906,-0.49022442,-1.0369959,-1.187949,-0.20354246,0.12542912,-0.88699627,1.044297,-0.9514058,-1.1658194,0.18483153,-0.3681868,0.6673979,-0.47873366,0.9603002,0.4786992,0.22076777,0.5375079,-0.76972044,-0.33965015,-1.0515027,-0.7046287,0.1888342,-0.1278266,0.8514976,0.65684986,1.2925484,1.1062124,0.11706278,-0.8959619,0.27484098,0.32570127,0.9967115,-0.32829875,-0.45214206,-0.5974131,0.38503292,0.03343367,0.68597966,-1.4516866,-0.6941205,-0.3784258,-0.3001442,0.08911504,0.5621604,-0.19537565,0.25346464,2.008324,0.9254203,-0.037313074
ナ,-0.50671226,-0.64150673,0.72069305,1.0962768,-0.7844251,-0.77895576,-2.044419,0.07408649,1.6335086,-0.22029412,0.14039408,0.13346519,-1.1718622,2.1355488,-0.70214206,0.10052711,0.9348081,-0.4739292,0.27678415,-0.063119665,0.5249052,0.46185747,0.7589753,-0.5442518,0.8476632,1.2807324,1.0512489,-0.45813292,-0.33862895,-0.94122463,-0.41232046,-0.43996817,-0.9983248,-0.8591053,0.24818954,-0.7619697,-1.2312603,1.3562946,-0.05804893,-0.22829461,-0.86199963,0.7594066,-0.18721877,0.19391178,-0.70981354,-0.38612986,1.5958039,-0.31555334,0.5324507,-0.2809705,-0.8205921,-0.23618913,0.97517985,0.8372599,0.5407166,-0.4116233,0.88461316,0.57121694,0.07409587,-0.52587706,0.54190975,0.8677288,-0.64102775,0.6863594,0.35734844,0.74821866,-0.13516699,-0.3390761,-0.07352771,-0.36397412,-2.3808973,-0.7154261,0.6240433,1.5290538,-1.6078414,0.76026875,-0.03343569,-0.63885105,0.6511206,-0.22795042,-0.043235086,-0.040654846,-1.2643017,1.439644,-1.2072595,-0.9005295,-0.090654254,-0.50444156,-0.9797761,0.04955849,-0.22524333,-1.4470694,-1.7274355,-1.2600173,1.643531,-0.09800806,-0.97184074,-0.8859331,-1.0408957,-0.32968193,0.60586256,1.6389064,0.11154876,0.008356401,-1.6223906,-0.55416054,-0.5295366,-0.50569236,-0.83912534,0.33337715,0.12314637,0.5613095,0.5792466,1.2165226,0.674025,0.8304106,-0.72735983,-0.75135285,-0.79060423,0.5315892,0.9798293,0.44359738,-1.0000352,0.58378303,0.11389516,0.7299886,0.2111471,-0.885777,0.71712536,0.1827922,0.6362767,-0.34905514,1.578103,0.92307264,-1.0574895,-0.13202736,-0.64644516,0.43948513,0.3882296,-0.88726634,-1.0243471,0.115655825,-0.40663666,-0.40546283,0.0077820974,-1.1233469,0.20997249,0.90405875,1.5125608,0.004487191,-0.47921494,-0.38393566,-0.8349122,0.4086831,1.0530217,-0.34272504,-0.07450711,0.0642845,-1.6929533,1.2879556,-0.16801271,1.2651476,-0.8154586,-0.045223415,-0.34871665,0.69470775,-0.5233345,0.824852,-0.6369534,-2.5125644,-0.79072106,0.13448176,0.4189708,-0.2966606,0.43245283,0.34209532,0.35317764,0.23928547,-0.6881488,-0.2565772,0.83774143,0.7301364,0.15166815,1.5842781,-0.43700555,0.12369521,0.77815723,0.43576393,0.6365872,0.35565996,0.74737495,-0.8317048,0.7918678,1.3874618,0.82934767,2.4381297,0.7485042,-1.2648562,-1.2399439,1.0469714,-2.0790458,-0.30492067,1.1960275,-0.42770323,1.0066874,-1.0051591,-0.9198964,2.1083467,0.53677285,0.055940706,-1.4186172,-1.1043407,1.0467246,0.519503,-0.21264742,-0.044706326,-0.7300666,0.19911721,-0.36799806,-0.33637628,0.4121514,0.24249712,0.32225206,1.5635107,-1.1365434,0.73849946,0.51310784,-0.04945234,0.3762612,0.8405677,-1.020667,0.3623652,0.7773536,-0.25532264,-1.0072455,0.11017529,-0.8302759,0.65141857,0.07989584,0.4809352,-0.12893142,-0.9849249,0.48709592,-0.34128878,0.3771071,0.8278075,1.3770765,0.15343337,-2.0596702,-0.4399323,0.32877964,1.1223516,-0.28480726,-0.23540981,0.5624777,0.69696003,-0.21700439,-0.16514914,-0.24481496,0.2664307,-0.1162998,0.7905539,0.10336632,0.57005876,0.14565566,-0.62759745,-0.27290317,-0.114188835,0.033493955,-0.64980656,-0.47276464,-0.3627487,-1.3063613,0.41382435,0.3951714,0.46574384,-1.1974951,-0.43229294,-0.6777729,0.39558077,0.67697114,-1.6675426,-0.19791098,-0.18859243,-0.2453246,0.69858485,0.16748145,-0.09121169,0.325042,0.6051731,-1.7724502,0.97938836,0.23274179,0.34650463,1.0883306,0.22260681,1.2627774,-0.722156,0.5133776,-0.9716959,0.5153317,0.9305509,-1.7838508,0.6454088,-0.43872914,0.053944,0.6458389,-1.1347034,-0.7083954,-1.1038402,0.16515596,-0.49369493,-0.91361254,2.3350997,-2.1700761,0.96219933,-1.7543268,-0.5836762,-0.76756716,-0.62456894,-1.1198022,0.49452975,0.12847805,0.15996934,-0.023863878,0.025650812,0.3063883,0.5404938,0.36338452,1.1271514,-0.47465515,0.61421067,-0.7765004,-1.6143275,0.30036777,0.86220443,-0.76726764,-1.7087576,-1.3706559,-0.45068094,0.50934535,-0.74644977,-0.4227907,0.6084668,-0.10995306,0.4561394,-1.0908345,-0.44501224,0.5303226,-0.9503568,1.1479931,-0.16846015,1.4796057,-0.70481473,-0.59807926,0.91081244,-1.4678037,-0.37808156,-0.65555143,1.8631821,0.94503707,0.6515674,0.59444445,-0.1180775,-0.51937455,-0.07568685,0.8261402,-0.60857546,1.7048191,0.43158838,-0.7517983,1.0529441,0.37829787,0.5297245,-0.50828093,-0.18279736,1.683284,-0.25151092,-0.6717386,-0.6656151,-0.15054359,-0.24537675,0.3611786,0.50611967,0.53159124,-0.06777783,0.6139875,0.78974444,-1.17484,-0.8887655,-1.0808717,0.3579662,1.1654195,1.4597348,1.7059618,-0.20550357,-1.078958,-1.776519,0.50102633,1.3415318,0.0019039597,1.2326559,-1.586639,-0.06041966,0.21455063,-0.22542115,-1.009104,-1.9988134,1.9012948,0.3445725,0.6572508,1.3708497,-0.82347196,-1.4136181,-0.40816084,0.20921262,0.052920155,-0.7216239,-0.60494775,0.73419815,-0.374643,0.9997123,0.6245313,0.50378865,-0.13182567,-0.51602834,1.2992791,-0.08648826,-0.8624569,-0.44563416,-0.8826565,0.3340459,-1.6020793,-0.76103777,0.37801647,-2.1686342,0.76996076,-0.5651211,-0.06768186,-0.14695252,-0.20310643,-0.5843882,-0.64622456,0.37199593,-1.4151822,-1.1909105,0.6789789,-1.5662441,-1.8613513,0.7003463,1.2012011,-1.0063754,0.7657153,0.18332432,0.06754725,0.7891298,-0.19093987,-0.015472182,0.4638312,-0.6583458,0.16464832,-0.50629604,-1.0906665,-0.33874804,0.1225642,-0.88348836,-1.6631451,0.8730683,0.80837727,-1.6458391,-0.44611642,-0.119344935,-0.64340675,0.44912964,0.3431242,-0.2038261,-0.8101136,-0.97069484,0.03984806,-0.14100535,1.0284753,-0.08653645,-0.33855206,0.32077256,-0.064756356,0.37931344,1.9011495,0.11705823,0.8789779,0.9064474,0.50116044,-0.6093648,0.76430476,-0.5945373,-0.14837143,0.9413384,-1.1306522,-0.6694754,1.1992338,-0.5457492,-0.8039691,-0.27927688,0.4494319,-0.017534459,-0.037931316,0.3560907,1.0836899,1.3330228,0.84245014,1.634102,-0.3628983,-0.44419298,-0.8141637,0.15768196,-0.92285484,-0.7239665,0.6789101,0.7111159,2.3185842,-0.31370577,0.40464854,0.10280586,-0.9039319,-0.9924684,0.82435066,0.38825482,-0.40924087,-0.15000121,0.025226364,-1.3369628,0.14602159,-1.759252,-0.19860229,0.7413415,0.74097615,-0.3150422,0.19125584,0.42381385,0.31975025,-1.0790625,0.6942006,1.0592982,1.4439005,-0.10481514,-1.2159412,-0.1035185,-0.65051585,-1.349803,0.0107807005,-0.7616212,-0.480335,0.08688732,-0.5303096,-0.16186789,-0.9403128,-0.4639396,1.4271733,0.822205,-0.12605472,-0.05882499,-0.8569869,1.9223069,-0.6974332,-0.09117576,1.5903909,0.79448074,-1.368898,0.6844036,-1.192881,0.44930807,-0.6538133,0.9189724,1.0783374,-0.019209163,-0.33506832,1.4496526,-0.1680698,-0.28687787,0.18552841,0.4771263,-0.3666181,0.48483703,-1.5989287,1.0520133,-1.3983977,-1.0298071,0.5828447,0.4555628,-0.42450857,-0.18440713,-0.2852082,0.5451294,0.44600454,-1.2670773,0.67970055,1.8805563,-0.842844,-1.0230093,1.0500472,0.35151467,-0.41873065,-0.37221235,2.6640923,0.31492704,1.0478381,-1.1525095,-0.77942663,0.17911853,-0.13016827,-1.0230443,-0.07426725,-0.4011008,-0.118313424,0.82337517,-0.6054527,0.867767,-1.0553957,-0.07230834,0.97551686,-0.841555,-0.2536806,0.29121995,-0.26022303,-1.2390562,-1.4320927,0.3056472,0.43200526,-0.26819912,0.3992826,0.82814544,1.2066675,0.73209614,-0.15371583,-0.23909362,0.55160916,0.81365883,0.4990118,-0.76734966,-0.69961303,0.8139802,0.7649087,-0.18241014,0.5814105,0.3035162,-0.31833625,-1.5374126,0.9409695,0.22959803,0.0053127324,1.0773693,0.63778555,-0.18129264,0.22904135,-0.62827027,0.13901421,-0.2607321,-0.49276304,0.12107848,-0.3932537,-0.8857419,-0.07711727,-0.60064644,0.636496,-0.52531403,1.0611614,-1.172402,0.29098102,-0.19233629,0.55947673,0.45121664,-0.06829931,-1.1570846,-0.06549107,-0.58665276,1.4057963,0.9250711,0.10091775,-1.1163534,0.062229134,1.0343596,0.8989561,-0.45667282,0.22798455,0.12000251,-0.94937,-0.1396106,-1.1220754,-0.11989047,0.49037448,0.45905754,-1.1669413,1.355342,-1.5770935,0.9750329,0.23792093,-1.004608,0.29587224,-0.041551437,-0.6292568,2.0775871,1.4288094,0.16414884,0.12751664,0.8909569,1.2123287,-0.11071934,-0.70045596,-1.0783088,1.2753541,1.2881299,0.70590943,-0.8040884,0.07955953,0.939191,-0.9690048,1.0508492,-0.27722484,-0.36340925,-0.13447215,-0.36074537,-0.91801983,-0.3866121,-0.27624175,-0.13132136,-1.0178854,0.38098162,-0.64120775,-0.67590946,0.40811482,-0.46410158,0.45486942,0.16699588,0.878868,0.80684704,0.50131947,0.31859726,-0.8038004,-0.40633243,-1.1793239,-0.44074327,0.51151687,-0.82099545,0.42626888,0.112980016,0.8609638,1.7222975,0.5892199,-0.50069886,0.217995,-0.20013103,0.15287746,0.12110228,-0.34952015,-0.4146259,0.28501683,0.34395415,0.74513566,-1.2909715,-0.17499293,-0.11426947,0.40651497,0.452894,0.3875303,-0.20590854,0.86250407,1.7472559,0.6788587,-0.46592793
ガ,-1.0658772,-0.89177245,0.7515306,0.8618671,-0.8386847,-0.5635855,-1.7125931,0.655008,1.3196987,-0.095718905,0.10158028,-0.28359637,-1.7499126,2.352803,-0.95438844,0.19743457,1.0229703,-1.0935208,0.20792317,-0.37015814,0.67061204,0.38359767,0.32184935,-0.46542493,1.0543274,0.75197077,1.4367235,-0.71830237,-0.189291,-0.78003204,0.4283654,-0.12351153,-0.5188476,-0.74418753,0.034404952,-1.7230432,-0.99470806,0.9679246,-0.116749,-0.52366483,-0.36766392,1.5901419,0.003058636,-0.36708015,-0.6964614,-0.103778765,2.1566145,-0.298132,0.39587298,-0.5921426,-0.80853766,-0.020080384,0.058892477,0.52737033,0.6067792,-0.4010416,0.9280325,0.49264044,0.25664288,-0.3289758,0.2139813,0.7094673,-0.6210265,0.39756328,0.40029615,0.65272796,-0.48329383,-0.33030123,0.21569273,-0.3551086,-2.0049846,-1.2304184,-0.17679779,1.1930373,-1.5643642,0.74209154,0.14669022,-1.1334026,0.6846036,0.03903792,0.18112984,-0.12397655,-1.2524513,1.5404742,-0.88908976,-1.3260248,0.27187094,-0.2426902,-1.5053574,-0.2892444,-0.36004177,-1.3653572,-1.2350245,-1.3525897,1.0653418,-0.059575032,-0.81929857,-0.9345207,-1.5046417,0.43455514,0.32775137,1.5253382,0.65652215,0.063596174,-1.2570114,-0.71199477,-0.85667866,-0.4464836,-0.6811671,0.902099,-0.028473973,0.3194073,0.6170778,1.8539476,0.9316904,0.870063,-1.1350561,-0.86497575,-0.45314685,0.1257601,1.1462227,0.7354334,-0.5998373,0.0067154407,-0.043852273,0.93557817,0.2231092,-0.9912904,0.5259422,0.1697088,0.5812627,0.3213496,2.0555098,0.54984725,-1.152495,-0.31729394,0.08187637,0.39380765,0.5268633,-1.0999062,-0.9913391,-0.009497893,-0.6366148,-0.57605565,-0.118902184,-1.3747965,0.0100646075,1.1655442,1.3808482,-0.025047977,-0.2676909,-0.011143988,-1.3498089,0.29203713,1.4981134,0.15875989,-0.031233573,-0.117284514,-1.2469984,1.3883288,-0.12793525,1.3650882,-0.6900149,0.23639254,-0.16011217,0.7337059,-0.63144237,0.77872944,-0.9000595,-2.232778,-0.37056834,-0.006827593,0.5992559,0.03733136,0.767861,-0.4677422,-0.08523224,0.6216148,-1.2486502,-0.40912652,1.0382062,0.82395536,-0.08298747,1.2894982,-0.36303827,0.028485294,0.9562437,0.68465257,0.56814325,-0.28887168,1.1635789,-0.49469227,0.84690225,0.9227376,0.7522936,2.4792824,0.43040186,-2.139731,-1.2098986,0.4085599,-2.219485,-0.4218296,0.7253926,-0.74219495,0.6696365,-1.7017622,-0.9228463,1.8083988,0.96712416,0.13295923,-1.2414868,-1.3676741,0.8007189,0.89661044,-0.25670853,0.19299765,-0.9059992,0.26655698,-0.24413499,-0.43231416,0.99672353,0.6455736,0.12812535,1.7103182,-0.70586574,0.35506323,0.4162078,-0.25674295,0.3353877,0.26770198,-0.79447806,0.25038132,0.9507586,0.44577152,-0.74157345,0.2992082,-0.6863854,0.93329316,-0.3637235,0.82148314,0.36598724,-0.1642966,0.2232488,-0.4058834,-0.32731307,0.4502965,1.3253537,-0.019031275,-1.6909933,0.43282622,0.42772055,0.9112735,-0.28418458,0.16971698,0.28110927,1.2812086,-0.44170523,0.66726613,-0.6314889,-0.38218576,0.08636977,0.07071672,-0.08207762,0.17873697,-0.25723058,-0.5043309,-0.035636447,0.16148572,0.16211927,-1.0303656,-0.80109197,-0.6766008,-1.0777528,0.057662286,0.2973891,0.10038853,-0.90661097,-0.8451942,-0.9003499,0.17056884,0.25901678,-1.9076769,-0.9474161,-0.1428744,-0.09480859,0.4907705,0.3448631,0.29754555,0.6002853,0.7992446,-1.44409,0.9518037,-0.054014146,0.57584965,1.2831299,0.03861779,1.2917025,-0.9923563,0.5838702,-1.2233025,0.5890347,0.70758164,-1.9380293,1.0734285,-0.71696055,-0.70867264,0.73696226,-1.6177969,-0.21599536,-1.0643132,-0.034068238,-0.51090765,-0.9315435,2.525425,-2.0779984,1.1247828,-1.389873,-0.90032375,-0.3444341,-0.92666054,-1.139933,0.6642761,0.4679404,0.082148135,0.27956003,0.0020875812,-0.023658877,0.24120855,0.17719218,0.8623028,-0.5917901,0.6498532,-0.95436764,-1.4535533,0.13548379,0.6251342,-0.9157149,-1.5700978,-1.4132143,-0.8464052,0.32794324,-0.58730716,-0.1817462,1.0238055,-0.115706265,0.35235426,-1.1469897,-0.265745,0.36566615,-0.6260124,1.8184197,0.14435217,1.8430647,-1.1995604,-0.63967884,0.6145872,-1.4255173,0.23822308,-0.42506725,1.6553583,0.3710753,0.611482,0.78340185,0.28532484,-0.44133645,-0.23764256,1.3182085,-0.13676982,1.8244585,0.38129482,-0.17595507,1.2884327,0.22008865,0.5369041,-0.53378224,-0.036366068,0.9401802,-0.5015327,-0.3671034,-0.44015408,-0.09855379,-0.7319137,0.070482224,0.1430751,0.49697065,-0.45875368,0.52597034,0.8663481,-0.5869745,-1.2634474,-0.47900996,1.2586172,0.878562,1.1775992,1.9320955,0.019800007,-0.8663691,-1.9293152,0.938958,0.98833734,0.31928435,0.6354886,-1.4719354,0.21140142,0.7707875,0.07069225,-0.984701,-1.6942612,1.1587292,0.885705,0.78226393,1.7671665,-1.0055393,-1.0408224,-0.37717485,0.050483346,-0.24149227,-0.79575413,-0.5890181,-0.1556298,-0.6398921,0.99443454,1.1408619,0.11053918,0.059329856,-0.29381242,1.1232322,0.048526414,-0.6997113,0.0716606,-0.14523849,0.19342172,-1.486388,-0.7875067,0.88554335,-2.293361,1.5114895,-0.029051194,-0.2094177,0.07071384,-0.3797071,-0.87508535,-0.107573286,-0.04139494,-1.1845227,-0.35956892,0.13411899,-1.4547487,-1.0562646,0.47743016,1.3734982,-0.17230715,0.42530712,0.27971816,0.24350019,0.57763296,-0.47948113,0.20211251,0.5243419,-0.3745788,0.16321118,-0.5014143,-1.4037931,-0.40460056,0.4810606,-1.1443032,-1.1376551,0.630793,0.2484756,-1.6872116,-0.62917393,-0.08927889,-0.60092425,0.7487707,0.79771453,0.00597843,-0.43298644,-0.34380135,-0.79970163,0.21037658,1.3559091,-0.31312186,0.098931074,0.5441165,-0.20603351,0.6254694,1.7649653,0.01877222,1.433773,1.0818332,0.5719782,-0.29911023,0.5940582,-0.051401686,-0.39696115,0.62252855,-0.9152173,-0.6268936,1.0900168,-0.9259453,-0.7531047,0.13700256,0.8564353,-0.6685112,0.09185151,0.10883884,1.158844,1.7531649,1.4390328,1.541119,0.120711006,-0.40602073,-0.713595,0.3947107,-0.9604022,-0.7594199,0.0143552,0.60033536,2.4276614,-0.5837644,0.2833694,0.54935694,-0.7282015,-1.2111878,0.31699237,0.66252124,-0.65975296,-0.34976172,0.79495466,-1.1874082,0.36740416,-1.5808165,-0.17914307,1.0545981,0.7676059,-0.6568459,0.17582257,0.6244028,0.8196222,-1.0472167,0.035787337,0.78413635,1.0289497,-0.23007998,-1.0576475,0.4033215,-0.7387489,-1.6115977,-0.11936003,-0.9244938,-1.289436,0.16179787,-0.5387897,0.22020748,-0.7300938,-0.7512471,1.7382911,0.29924175,-0.33548903,0.9058384,-1.043977,1.7514489,-0.49267548,-0.23958874,1.1957886,0.64952123,-1.6142088,0.46917993,-1.6144524,0.27234793,-0.93941325,0.23909858,0.85122585,0.24453858,-0.5882175,1.0941604,-0.474015,0.0041332273,-0.075326934,0.5347324,-0.8275486,0.9538782,-2.0848472,1.4769361,-1.2326068,-0.37685716,0.16087231,0.3784774,-0.76035666,-0.20293793,-0.4936037,0.4277924,0.74657077,-0.7168616,0.36419883,1.588381,-0.69177413,-1.3038187,0.44588894,0.31290868,-0.52804613,0.06910491,2.682056,0.52312005,0.853329,-1.1250786,-0.8497392,0.41808718,-0.76730025,-0.8887075,0.30902663,-0.2523352,0.31590366,-0.03968043,0.041018285,1.113375,-0.3868533,0.54824483,0.74091494,-0.6873253,-0.12116227,0.36532828,-0.25548464,-1.4044414,-1.3544548,0.49705997,0.27960542,-0.1576157,0.5734066,0.53192735,1.8267536,0.9257978,-0.2627377,-0.88337785,0.7441675,0.9438058,0.27355346,-0.97006,-0.84872615,0.3453873,1.1988384,-0.57415164,0.3291174,-0.18783352,0.05221532,-1.5464511,1.1422353,0.14111087,0.07379854,1.0992117,0.79398334,0.24955413,0.63838226,-0.009460998,0.16292101,-0.38581082,-0.5901722,-0.35661396,-0.10823152,-1.3522009,0.19708763,-0.68500197,0.5583106,-0.25423077,0.31036538,-1.2637995,0.65675867,-0.31051126,0.42195502,-0.049997915,0.12828203,-0.9683422,-0.11918515,-0.4973112,1.1016834,1.2418447,0.20654416,-1.2140205,-0.41315466,1.7411044,0.6857432,-0.4152945,-0.046776753,0.21639936,-0.67221546,-0.25270316,-0.976136,-0.5152459,0.77822256,0.48769274,-1.1024289,1.3939327,-2.0128293,0.65902466,-0.045268822,-0.9813677,-0.026167352,0.51180303,-0.8040103,1.8751307,1.0645055,-0.14138672,0.058889903,0.90160006,1.3886979,-0.4302988,-0.17454919,-1.431832,0.95647275,0.9281572,0.54956824,-1.1777339,0.112073995,0.7622784,-0.45552754,1.5962688,-0.16113478,-0.6999289,-0.70579356,0.06666682,-1.2852286,-0.4416071,-0.45833907,-0.0059122085,-1.2168005,0.66043466,-0.44433182,-0.7278626,0.19513485,-0.8195198,-0.12940016,0.3038785,1.3434206,0.7335656,0.15571693,0.54172003,-0.5879175,-0.28465945,-0.8558217,-0.43636695,0.8674781,-0.9603537,0.4806603,0.6110441,0.91185665,1.8991779,0.09193552,-1.4002291,0.07559202,0.30819583,0.121781744,0.15237859,-0.98336315,-0.5237397,0.81285495,0.0064698933,1.0689905,-1.5420692,-0.671138,-0.23026833,0.39879933,0.11672058,0.6818921,-0.22986153,0.861843,1.5452054,1.4844776,-0.17657696
ラ,-0.5190457,-0.38064107,0.5400832,1.196805,-0.7653806,-0.52590775,-1.383606,0.49567753,1.6456567,0.083073534,0.2432295,-0.51776046,-1.6375383,2.19679,-0.66448617,-0.13550615,1.1481004,-1.0621709,0.9403022,-0.4648231,0.7649302,0.31499785,0.39351037,-0.8653804,1.054049,0.6006226,1.3188081,-0.39651668,-0.28078094,-1.1929702,0.32348803,-0.17122258,-0.659934,-0.5672969,0.06528777,-0.8581398,-1.2708478,0.826127,0.09356348,-0.28584278,-0.796888,0.58031917,0.23700935,-0.3195168,-0.92566365,-0.4008485,1.6877786,-0.31696522,0.8355642,-0.22657797,-1.0228696,-0.39732087,0.49815258,0.8903351,0.6805408,-0.38293502,1.0535489,1.1804662,0.08181439,-0.8915114,0.26064286,0.60274476,-0.9884513,0.023537219,0.37028363,0.35712287,-0.40109238,0.18200344,0.049805302,-0.51391244,-2.2587306,-1.0512023,-0.32112136,1.192604,-1.2422065,0.8396008,0.23210171,-0.30410808,0.3956097,-0.4686726,-0.09361701,-0.24223144,-1.2710656,1.5483298,-1.0083477,-1.1814742,-0.3865732,-0.51856333,-1.1694438,-0.034022022,-0.69053125,-1.780049,-1.3041234,-1.3595383,1.0702373,0.27539337,-1.0341635,-0.8042021,-1.298428,-0.15734884,0.17972554,1.6613063,0.07075607,-0.5095114,-1.2392575,-0.22420722,-0.10965281,-0.346582,-0.18154973,0.6738843,-0.21710666,0.5059019,0.3429206,1.6236755,1.1413913,0.98399925,-1.1764702,-0.54804343,-0.83416593,0.5620916,1.5012008,0.6004174,-0.511881,0.4331227,-0.2123202,0.9899002,0.38732538,-0.83896935,0.49534068,-0.00079994067,0.6077287,-0.2865569,2.24575,1.062208,-0.8907235,-0.65178454,0.03251807,-0.04336184,0.7000939,-1.3470979,-0.94919384,0.21421856,-0.2765155,-0.30156466,0.123413034,-1.0401595,0.16568372,0.9625917,1.416847,0.25936452,-0.26677647,-0.27283278,-1.1437222,0.2702892,1.1886592,-0.1697061,0.08872089,0.15653823,-1.6238494,0.92196,-0.011314756,1.3349937,-0.9912337,0.5127239,-0.016090862,0.5996418,-0.9137986,0.653673,-0.49904352,-2.1464813,-0.6954752,0.10685783,0.6298975,-0.10613103,0.42125872,0.15529889,0.24596654,0.43678463,-0.93704975,0.039362863,1.0200746,1.0974256,0.1817779,1.2957442,-0.39615202,0.5645597,0.98831093,0.85176545,0.3661093,0.16257308,1.065273,-0.76065344,1.019955,0.74277806,0.3840233,2.8699553,0.8776413,-1.600854,-1.3430067,0.6663954,-2.423433,-0.34343374,0.81944233,-1.0096687,0.8529389,-1.0890626,-0.6314546,2.0041056,0.41691896,0.07193006,-1.0340928,-1.31831,1.1830156,0.3521318,-0.55692524,-0.15223463,-0.6635561,0.35153982,-0.08964651,-0.77432215,0.76544064,0.6203876,0.3786349,1.3157262,-0.9271732,0.59964,0.44727013,0.014031238,0.4304353,0.7326544,-1.1724508,0.4998802,0.52564377,-0.09228102,-0.623475,0.32435447,-0.19966611,0.64024353,-0.29099837,0.6912153,0.3250313,-0.110922106,0.13302755,-0.50094414,0.13890105,0.49507678,1.3259555,-0.02732981,-1.7933704,-0.04744729,0.19609854,0.7551778,-0.012792607,0.3053125,0.54960054,1.3400465,-0.15590598,0.29601467,-0.558498,-0.4792028,0.053141933,0.33711436,0.14769417,0.7423744,0.067724146,-0.3563062,-0.36613366,-0.058413785,0.015292008,-0.676299,-0.9841424,-0.6537955,-0.3070109,-0.13970679,0.31696585,0.093972065,-0.65316874,-0.66449577,-0.5854704,0.44011652,0.6612979,-1.7964115,-0.46363413,0.03646015,-0.8150476,0.74088407,0.091541305,0.07867629,-0.09076915,0.71667504,-1.3219403,1.3471899,0.1890784,0.4832946,1.7902102,0.13556115,1.0729218,-0.6629334,0.11158763,-0.38378447,0.5819107,0.3830472,-1.3951987,0.95155877,-0.7302227,-0.49443516,0.5024045,-1.4440073,-0.5336178,-0.8221496,0.2277437,-0.67624253,-1.450896,2.217034,-2.181751,1.6326302,-1.6447515,-0.77274567,-0.6729384,-0.3348697,-0.8432227,0.6416269,0.19879659,0.060565982,0.52717483,0.7565262,0.1109877,0.390358,0.65588295,1.2047324,-0.311613,0.47984082,-0.8417915,-1.7280469,0.010853333,0.6555802,-1.368436,-1.578573,-1.4495271,-0.6222994,-0.14211318,-0.050068222,-0.24787171,1.0225451,-0.16647759,0.78233665,-1.1070601,-0.5615213,-0.16151148,-0.63919884,1.3740134,-0.37886578,1.6116109,-0.85627604,-0.27568147,0.44860452,-1.0471557,-0.5450593,-0.6448629,1.6197065,0.2966751,0.8592934,0.4234592,0.4402045,-0.16281597,-0.57230926,1.35014,0.06760445,1.9878341,0.35711935,-0.13460408,1.5050626,0.013205733,0.51438016,-0.29808474,-0.25255543,1.2743789,-0.34570375,-0.06156005,-0.26922515,-0.12485263,-0.32934362,-0.034298703,0.67666286,0.78427684,0.107010856,1.0522149,0.5597408,-0.6508167,-0.9933706,-0.53590053,1.1604593,0.8536622,1.3779147,1.8157344,-0.06854454,-0.94998455,-1.8214316,0.56162465,0.9588372,0.31073838,0.779588,-1.8301923,0.13043196,0.8511814,0.24610716,-1.4865007,-1.7995657,1.3757031,0.4757007,0.3429752,1.5002779,-1.066964,-1.1150275,-0.484568,0.37123334,-0.18832126,-1.0977225,-0.746526,0.603969,-0.40149772,0.9593898,0.84623206,0.47377443,-0.43477407,-0.13664494,0.5393976,0.3642975,-0.55336416,0.06083829,-0.3172638,0.28086033,-1.4249715,-0.8144412,0.402923,-1.9137473,0.9328808,0.03818347,0.1539944,0.060722835,-0.20784126,-0.81497025,-0.52725565,0.101778,-1.4179193,-0.5768052,0.6334437,-1.2584583,-1.321559,0.928098,1.6935576,-0.38388988,0.34898385,0.18999657,0.2237387,0.6628858,-0.3181271,-0.35345733,0.5213457,-0.52771163,-0.049573388,-0.34828368,-1.376145,-0.9035939,-0.047185343,-1.0554186,-1.2944175,0.94196564,0.7942708,-1.5998281,-1.0076046,-0.7445971,-0.39498144,0.7179829,0.70535916,-0.26339316,-0.21913344,-0.74284554,-0.45712864,-0.10265264,0.4021568,-0.65527564,-0.035523906,0.54567456,-0.43303984,0.13483098,1.7869083,-0.1598803,1.5230504,1.1963547,0.48255497,-0.11818899,0.814367,-0.14338374,-0.3626382,0.65049195,-1.5227033,-0.45872635,1.2901413,-0.25520855,-1.0956223,-0.051794372,0.7364872,-0.77240777,-0.40292746,0.51241505,0.898837,1.5329785,1.4412378,1.6203197,0.13804534,-0.097139105,-0.6968286,0.50391746,-1.3481042,-0.6721779,-0.14916271,0.9274526,2.227365,-0.59376675,0.02487762,0.5507774,-0.8280801,-0.9785948,0.44762218,0.24867566,-0.4044342,-0.6320996,0.4020422,-1.0416782,0.510159,-2.1759686,-0.37604237,0.5998157,0.9323725,-0.5642872,0.099104896,0.54858863,0.6433465,-1.0098642,0.27457964,0.978699,1.6255355,-0.13691856,-0.81308526,0.54404455,-0.36443144,-1.5130947,0.15291616,-1.0185457,-0.67627704,0.62207496,-0.35480773,-0.43235946,0.12299071,-0.52283216,1.6743081,0.24054104,-0.30695167,0.7797397,-0.99352604,1.4837146,-0.11524778,-0.40531915,1.2664928,0.9495088,-1.7825868,0.44576228,-1.3775204,0.6139912,-0.7244616,0.75534576,1.3496033,0.2648084,-0.36316475,0.81088424,-0.4493237,-0.5619573,-0.27199554,0.65577686,-0.76885444,0.35395783,-2.115933,1.5586915,-1.1117553,-1.1298008,-0.46711218,0.19195747,-0.3344202,0.1701772,-0.7309314,0.58975893,0.20399684,-0.6897329,0.57280076,2.0934534,-0.62273943,-1.0967635,0.71192616,0.7559937,-0.44505563,0.090909794,2.215541,0.25524372,0.66597044,-1.1889917,-1.0595521,0.22552305,-0.29494318,-1.0672642,-0.34387034,-0.51501,0.086762324,0.28573003,-0.26427913,0.8019297,-1.2015233,0.27433,0.73330235,-0.68206364,-0.4562164,0.4474236,-0.78310764,-0.977214,-1.6600986,0.48109558,-0.0337453,-0.60671806,0.78575796,0.7929885,1.0702626,1.0070745,-0.45570007,-1.1073867,0.6943972,0.94127846,0.4591777,-1.0864015,-1.2377671,0.42997658,1.0161197,-0.23231667,0.8234021,0.21831492,-0.47492123,-1.6686791,0.76715744,-0.05919932,-0.18589419,1.3706948,0.010678187,-0.10285719,0.9905243,-0.20458469,0.22284654,0.13169992,-0.88904244,-0.077394985,-0.059376214,-1.2854154,0.21895224,-0.5330547,0.20360391,-0.44727632,0.37936,-0.97060287,0.31500205,0.5223024,0.49939358,0.57927465,0.01199705,-1.173027,-0.50680727,-0.077671885,1.5325323,0.8662354,-0.34927645,-1.1815672,-0.64706546,1.3709475,0.63522977,-0.37416178,0.10646191,0.2179336,-0.5157745,-0.28004277,-1.2276268,-0.39385453,-0.07029129,0.5713575,-1.1415353,1.3051932,-1.686832,0.97147053,-0.17443953,-1.358048,-0.20085278,0.4152115,-0.37622038,2.0225081,1.1980402,-0.10244272,0.13701777,0.7884668,0.86469376,-0.47440228,-0.01695341,-1.2394702,0.98986477,1.322353,0.53083664,-1.492334,-0.2553327,0.54672617,-0.41362163,1.0138669,-0.34007466,-0.686362,-0.5223082,-0.44567886,-0.9968695,-0.089540385,-0.4481046,0.10440287,-0.86459506,0.21241151,-0.85291797,-0.95355487,0.56977993,-0.3394685,-0.07804334,-0.4679095,1.3126965,0.61063194,0.5085838,0.20567587,-0.7334547,-0.24674657,-0.9898372,-0.73140615,0.9948857,-0.68213505,0.7527627,0.5314815,0.8001911,1.5289075,0.22801805,-0.8233983,0.43877184,0.28713065,0.041306727,-0.03913692,-0.861407,-0.48314577,0.43055898,0.31111562,0.73554087,-1.6783022,-0.6796286,-0.1091723,0.36274704,0.2343159,1.2353171,-0.061497714,0.41733402,1.9464105,1.4349602,-0.071843624
、,-0.80695796,-0.01982364,0.7430214,0.6427403,-0.77956027,-0.6548017,-1.846773,1.1054324,0.9612043,0.88363457,0.5293779,-0.72420746,-1.3583714,2.110788,-0.8417339,-0.038391527,0.70999414,-1.4687018,0.8544435,0.05023994,0.38549986,0.73932076,0.68320614,-0.8348687,0.94253564,-0.0020189385,1.3751281,-0.59707624,-0.19978331,-1.4481081,0.35813674,-0.68243533,-0.9191239,0.047482863,0.047775928,-0.877655,-1.7496567,0.90018916,0.43084517,-0.82372373,-0.71734554,1.1253097,0.40278184,-0.8227822,-0.5041886,0.03381562,1.5754477,-0.45016798,1.0027522,-0.66474354,-1.0152084,-0.8456213,-0.097478144,0.8612373,0.47914866,-0.14837153,1.8672069,0.7487407,-0.30652538,-0.19881618,0.5827461,0.18631677,-0.5503226,-0.3418443,-0.25709572,-0.12916951,-0.21709663,0.19467695,-0.42632976,0.03846759,-2.5316947,-1.8008962,-0.5733368,1.6837978,-1.5608507,0.60909957,-0.21460585,-1.2138721,0.38457194,-0.9404263,0.25000605,-0.77659774,-1.0834963,1.230219,-1.3139118,-1.2690119,-0.62498266,-0.8805831,-0.83610266,-0.4636433,-0.65235174,-1.8930045,-0.71992034,-1.4555353,1.8474908,0.70252013,-0.9859126,-1.5790744,-1.2251648,-0.60023457,0.1786527,1.3936809,0.8831008,-0.77861816,-0.9427712,-0.31179473,-0.48666647,-0.19370604,0.14015834,0.5754783,0.18173142,0.32282156,0.8174508,1.6791457,0.8107252,0.4508153,-1.7489548,-0.013438255,-0.45385197,0.46539593,1.1067404,0.9292557,-0.1155773,0.5624239,-0.5030926,0.44810686,0.33362278,-1.3096248,0.30269685,0.33887064,0.56427354,0.5544241,2.5715992,0.82821864,-0.4595184,-1.2899488,0.45051208,-0.0354491,0.48881307,-1.4267627,-0.8159997,0.40818492,-0.32309607,-0.112613045,0.45811725,-0.9233417,-0.1624981,0.8561893,1.4509029,0.19982286,-0.30618504,-0.90661544,-1.196217,0.2719756,1.0010358,-0.24854769,-0.07895667,0.77434474,-1.5544676,1.1543158,-0.89957994,0.9466297,-0.685829,0.83073306,-0.119553186,0.77287817,-0.7060116,0.6104632,-0.9467501,-2.4145286,-0.33927688,-0.35430944,0.9483869,-0.07081373,0.86209154,-0.007161272,0.240014,0.9067227,-1.548132,-0.12137485,1.5724548,1.0151343,0.4448767,1.5274967,0.061531484,0.39115477,0.8886566,0.9409961,0.9790769,0.22233145,1.7360443,-1.1061313,0.7934039,1.1330168,-0.05429321,2.688842,0.49642298,-1.3033191,-1.1893781,1.4659468,-2.0915089,-0.9324617,1.0517536,-1.5531214,0.86022586,-2.0045261,-0.64662486,1.2704762,0.3187931,-0.4331762,-0.9866087,-1.0094929,1.1226766,0.61279196,-0.37884048,0.07853667,-0.55214095,0.11386914,-0.55956095,-1.0290536,1.465784,0.923124,9.1175236e-05,0.62295604,-0.638424,0.71062547,0.23711173,0.25696585,0.14487135,0.75964755,-0.9246721,0.79448575,0.5184991,0.30965927,-0.1893357,0.56629807,-0.40944436,0.94393,-0.12829316,1.1161885,1.1943065,0.05157347,0.1649202,-0.05061144,0.47261277,0.74559075,1.4133863,0.055076476,-1.3359284,-0.30512965,-0.2675211,0.9024005,0.15074159,0.4409124,-0.04450019,1.8612725,-0.18681097,0.09224644,-0.5314544,-1.3941337,-0.20868361,0.54638916,0.88991857,0.10096996,-0.33044872,-0.69469094,-0.515598,0.6674873,-0.13954736,-0.5587564,-1.6862437,-0.84453225,-0.3787119,0.40547252,0.44385457,0.26368514,-0.1978103,-0.99675864,0.009376402,0.9806717,0.5573608,-1.1304029,-0.25871813,0.29618385,-0.61257744,0.27493548,1.0246314,0.167533,0.38169214,0.4863844,-0.8588249,0.6954885,0.22068338,1.1999494,2.3541365,0.4842095,0.7629395,-1.5504583,-0.40801772,-0.35174468,0.5268515,0.5380117,-1.8757576,1.2529496,-1.2052315,-0.5818653,1.2155318,-0.60778564,-0.6750278,-0.6282723,-0.32401338,0.060905922,-0.7059888,2.1582294,-2.1024616,1.4813832,-1.890048,-0.7094715,-0.7408173,-0.11939841,-0.7435877,-0.45239818,0.22485723,-0.014387779,1.138372,0.39525613,0.03113375,0.29014283,0.031142615,1.9114624,0.31851777,0.6163505,-1.3970475,-1.2577761,-0.47302008,0.80784136,-1.0947559,-1.6093334,-1.0179275,-0.1880504,-0.54914665,0.013772794,-0.460369,1.0064377,-0.30442467,0.07130381,-0.79328626,-1.0977668,-0.04775867,-0.9794635,1.8868718,-0.43544105,1.7362708,-1.4982814,-0.78198695,0.29710767,-1.3387908,0.14751242,-0.38525847,2.1265707,0.76523757,1.6838199,0.37909463,0.28677678,-0.124823034,-0.6380305,1.6865745,0.89732856,2.3227346,0.10587498,-0.115846455,0.9938776,-0.27417573,0.80332875,-0.5230432,-0.62378854,1.3273009,-0.5433468,-0.23213072,-0.18004584,0.0700587,-0.99057055,0.15230247,0.43702507,0.64824116,-0.063097395,0.84153557,0.5524732,-0.15900297,-0.7742019,-0.394487,1.270594,0.6052193,1.0760143,0.7976491,-0.22327833,-0.27030405,-2.1965065,0.90620065,0.7197895,0.89731616,0.06693366,-1.8457823,0.7270823,0.5644262,1.0121102,-1.9822623,-1.838431,0.8850324,0.20838057,0.2953527,1.2059005,-0.77958614,-1.2780375,-1.086135,-0.64733505,-0.2994623,-1.3644422,-1.2244121,-0.34533295,-0.07416352,0.84216493,1.4935952,0.19763957,-0.31837896,-1.233632,0.571354,0.3666865,-1.0223125,-0.1614029,-0.057533298,0.2219349,-1.2791516,-1.1113778,0.81719106,-2.291544,1.4230353,0.11021008,-0.21481125,-0.067201875,0.18350816,-0.662466,0.38833848,0.25799584,-1.209663,-0.027905593,1.4315835,-1.4605513,-1.2370552,0.82033235,1.1983672,0.07777279,0.7564499,0.4189612,0.11397755,0.6357544,-0.15436782,-0.74369544,-0.12036315,-0.15728183,0.4502307,-0.26144856,-1.3435527,-0.13168772,0.48188853,-1.0055448,-1.2580544,0.6247085,0.19776231,-1.0633699,-0.92964554,-0.035136525,-0.053577762,0.4386352,0.69563633,0.115583,-0.20526953,-1.0635647,-0.19028914,-0.36558172,0.14488807,-0.10872838,0.5401606,0.40946114,-0.9104281,0.25935474,1.5839831,0.20748276,1.6578808,1.5382228,0.19969629,0.17006196,0.7176357,-0.19870198,-0.70670027,0.6817672,-0.94088984,-0.49027243,1.2472911,0.16489418,-0.5967364,-0.025567405,1.2389573,-1.1139957,-1.0837815,-0.26562715,0.43390247,1.5123754,1.6690779,1.3123869,0.042777,0.24910541,-0.7650934,0.35251212,-1.481984,-0.40140185,-0.47670868,0.35909894,1.991896,-0.52661115,-0.1606362,1.1919383,-0.39723244,-1.6906005,0.2529465,0.5031661,0.0821069,-0.630778,1.1334788,-1.3832716,0.06651731,-1.9385467,-0.45890245,0.327895,1.5082871,-0.8817229,-0.027749063,0.8706117,0.10514263,-1.1846027,-0.2886522,0.5613004,1.9714826,-0.47170427,-0.55249876,0.8662424,-0.30493274,-1.062251,-0.079240054,-1.2821645,-0.92020077,0.19081502,-0.46937862,-0.3209233,-0.21074198,-1.1447368,1.824855,-0.17374782,-0.5589195,1.0862961,-0.9278822,0.82910174,-0.10564656,-0.056179095,1.6243206,0.38192186,-1.7800189,0.5630743,-1.5515898,2.0362172,-0.1824464,0.92182636,1.8199726,0.17544277,-0.516917,0.85270137,-1.0808297,0.1709591,-0.4961013,0.8285015,-0.9861565,0.009287715,-1.9787039,1.7587008,-1.2715226,-0.75783557,0.21732779,0.6047257,-0.38982514,0.27350906,-0.555605,0.3640969,-0.08049044,-1.0558003,0.70453614,2.2042997,0.18779199,-0.60886616,0.36996785,0.76687413,-0.3578986,0.28764293,1.9317623,0.28100905,0.23087813,-1.6662731,-0.9576528,0.8767414,-0.69309074,-1.1288943,-0.734283,-0.24710082,0.008829296,-0.11955545,0.08632785,0.6607165,-0.8337361,0.71382165,0.19128501,-0.87077665,-0.6246713,0.14759007,-0.5025089,-0.9255953,-1.4315416,0.51667064,0.45486328,-0.6382574,0.8964274,1.2221545,1.2312158,0.8133696,-0.42718673,-0.74648666,1.0868527,0.90630096,0.32246032,-1.5262733,-1.3090702,-0.08276827,0.98348933,-0.5998943,0.30168045,0.24304049,-0.613155,-1.6390682,0.90498096,-0.47764516,0.22097091,0.9959741,0.4353625,-0.16314812,0.79748297,0.20945019,0.3980511,0.6060479,-0.7356741,-0.18957348,0.5541634,-1.1356376,0.53569895,-0.75131816,0.83592016,-0.611506,0.24435712,-1.2129303,0.72874385,0.4419978,-0.05829525,0.7309565,0.33893266,-1.5102944,-0.3913804,-0.32699797,1.219126,1.1062235,0.18160872,0.11810142,-0.74213,1.8706759,0.69897527,-0.10158956,-0.11772025,0.56188565,0.28923017,-0.48605737,-0.79268736,-0.8342901,0.10014292,0.3303189,-0.9346168,1.3174163,-1.8515482,0.7553465,0.15834835,-1.476591,-0.40228048,0.34468082,-0.70374864,2.4723542,1.0758866,-0.49918392,-0.41571438,0.5283986,0.48783413,-0.9361396,-0.39949563,-0.90876746,0.65367675,1.8064147,0.8966415,-1.2471389,-0.34192732,0.588836,-0.43591693,1.2256018,0.27070093,-0.6700384,-0.66615826,-0.1813836,-1.4530083,-0.17044115,-0.7197814,0.31837147,-1.38173,0.5516925,-0.06566599,-1.0429158,0.42065665,-0.16460572,-0.10124736,-1.0015653,1.1889116,-0.066296436,0.7583957,0.31122422,-0.47133276,-0.23166126,-1.5490395,-0.106939815,0.7993676,-1.0554669,1.3389562,0.3718474,0.9500332,1.4197465,0.10447385,-1.774341,1.0052221,-0.49890518,0.5214259,-0.5880936,-1.35286,-1.1553334,0.09015465,0.6692174,1.1993126,-1.7094282,-0.89654356,-0.2218151,-0.37443972,-0.38023958,0.83483833,-0.20245743,0.4820675,1.676734,1.6206559,0.17847748
カ,-1.2493116,-0.38311735,0.78156763,0.74767697,-0.84835964,-0.43377215,-1.4270308,0.95057625,1.1584315,-0.20444417,0.86391336,-0.22968046,-1.3321989,1.8670554,-0.8657809,0.0728918,0.70415676,-1.3790475,0.66125387,-0.09474378,0.8067068,0.5982097,0.7569455,-0.63916516,0.59792614,0.6781304,0.64941764,-0.26905397,-0.3987738,-1.1117611,0.33826748,-0.23423505,-1.024302,0.12111518,-0.26606786,-1.2205483,-1.538684,0.9358417,0.08694165,-0.83161235,-0.6673991,0.6151993,0.24872191,-0.11001059,-0.5802944,0.17599924,1.6295594,-0.9069358,1.0111667,-0.50700146,-0.88185304,-0.49902672,0.6265309,0.96162754,0.6391351,-0.35906643,1.3934658,0.57908887,-0.14117973,-0.093832955,0.63220334,0.4973992,-1.0679101,-0.69751364,0.3643197,0.9226002,-0.40077132,-0.1368017,0.0018833908,0.23376846,-2.3518114,-1.3691516,-0.12958139,1.4353081,-1.063385,0.650906,0.37634712,-0.804611,0.56170714,-0.4974957,0.017865071,-0.7120391,-0.26412386,1.2744023,-0.8590033,-0.91464096,-0.50959444,-0.61130863,-1.4557021,-0.26241812,-0.20890927,-1.8482649,-1.077129,-1.5555606,1.1074386,0.44428355,-0.6533978,-1.2594045,-1.311285,0.42180648,0.28943342,1.6588483,0.25702202,-0.8361408,-0.88523793,-0.18249804,-0.7847238,-0.4800129,-0.26054743,0.9787391,0.20859963,0.2995365,0.71795887,1.7830622,0.49614185,0.74993587,-1.0882496,-0.5046973,-0.63170975,0.6329764,1.175152,0.5819116,-0.35855308,0.4478112,-0.04686256,0.81193495,0.57777137,-1.1858666,0.6081839,0.21634735,0.40379164,-0.10620353,2.6699493,0.70981985,-0.91100246,-0.4232076,0.023845885,0.6855135,0.5059737,-0.8635104,-0.65368575,0.36927763,-0.27708507,-0.1780271,0.42942774,-1.1227174,-0.13802116,0.91221017,1.2578619,0.15082905,-0.24661197,0.1591755,-1.2106594,0.1554478,1.3009278,-0.055307835,0.04642115,0.17710882,-1.1465918,0.90716946,-0.18213122,1.3136067,-0.9551595,0.53694594,-0.0622734,0.6474745,-0.49989843,1.1704162,-0.497459,-1.7468377,-0.3129877,-0.4466131,0.62711024,-0.030921485,0.24687096,-0.25905895,0.53209955,0.013690303,-1.4395944,-0.5261442,1.0630021,0.83120924,0.07171425,1.1664336,-0.32178885,0.40932643,0.4882209,0.0012463828,0.823683,0.705612,0.9183438,-0.49615294,0.83069724,0.73526365,0.630087,2.5782568,0.87945247,-1.6425662,-1.6121163,0.8921191,-2.04806,-1.0377784,0.76302695,-1.143762,1.0430205,-1.7129092,-0.7526381,1.6059172,0.5463924,-0.06503514,-1.2994205,-1.2213883,0.45208752,0.91672313,-0.47976765,-0.42855203,-0.83403546,0.7992919,-0.10294629,-0.67513144,0.77767605,0.61913705,0.037476674,1.237538,-0.75805116,0.348268,0.041619703,0.6633491,-0.043578334,0.5144497,-0.635965,1.0997984,0.81901336,0.4499853,-0.5650264,0.3633317,-0.29823908,0.41805527,-0.5145827,0.7278616,0.6009811,-0.075075135,-0.28698194,0.080479465,0.48809275,0.47711733,1.1172699,-0.43115887,-1.692688,-0.041737337,0.61732256,1.1250877,0.024342256,0.41933143,0.21622412,1.092303,-0.29032204,0.28715906,-0.47777456,-0.3920092,0.29519984,0.59358525,0.45994213,0.20617598,-0.16812108,-0.5692257,-0.7785182,0.4359453,-0.37934232,-0.59923387,-1.1703202,-0.92720056,-0.5102145,0.10510853,0.767766,0.13279332,-0.66524154,-0.5740415,-1.0454538,0.83522946,0.65797734,-1.9559402,-0.30807817,-0.20941435,-0.8173448,0.5944911,0.38137484,-0.0929999,0.1950417,0.3907731,-1.4599411,0.98503155,-0.08676488,0.9947999,1.4765857,0.081087425,0.42516738,-0.92503685,0.2808677,-0.63047767,0.07695328,0.23465914,-1.8222537,0.87016225,-0.7324202,-0.9560247,0.83139974,-1.0598722,-0.55039597,-0.7122804,0.08119624,-0.12979314,-1.0169618,2.2849872,-1.7885036,1.5580325,-1.804554,-0.47452375,-0.9920811,-0.42587352,-0.631478,0.67721885,-0.13470416,0.30710202,1.3574252,0.1980183,0.35057408,0.049061794,0.26560253,1.0586164,-0.5365825,0.40809897,-0.76896405,-1.671623,0.024817934,0.32947344,-1.3112864,-1.6041644,-1.1817427,-0.51460415,-0.056876566,0.51230407,-0.45968232,0.91399246,0.0039524073,0.17296901,-1.2185872,-0.4190827,-0.20795849,-0.4484592,1.444513,-0.3995655,1.6641606,-1.17577,-0.6255662,-0.0077818898,-1.2480294,-0.13251874,-0.110333286,1.6801995,0.6225774,0.77511966,0.61112624,0.19718774,-0.08616682,-1.0306494,1.071775,0.016266137,2.4086015,-0.0012744003,0.0127454735,1.4856424,-0.0017669632,0.5414941,-0.6948463,-0.23281544,1.5133371,0.08593869,-0.5462679,-0.3132103,-0.24359104,-0.2801491,0.06388759,0.4496426,-0.19442946,-0.1066241,0.37849796,0.39052588,-0.7722399,-1.0284902,-0.19736645,1.2380388,0.96927655,1.4777722,1.512566,0.078228965,-0.64326596,-2.0781925,0.40609154,1.1350393,0.653455,0.4828214,-2.116144,0.25032508,0.31194353,-0.059993446,-1.5934753,-1.4399215,1.8341315,0.38763085,0.25758523,1.0638126,-0.6163186,-1.6156807,0.014434321,0.43072093,-0.2027732,-1.052022,-0.929856,0.5704618,-0.6454727,0.6968299,1.2477188,0.43129286,-0.23756498,-0.91227996,0.390343,-0.33412206,-0.68383735,-0.3731684,-0.09426395,0.38472313,-1.3096879,-0.6484111,-0.016413536,-2.1924305,0.6773811,-0.4659231,0.14816836,0.28075442,-0.06456174,-0.882733,-0.29117253,-0.028608121,-1.0016134,-0.24639331,0.16771227,-1.2328671,-1.5811667,0.6138649,1.4152972,-0.5525259,0.40967372,0.22540331,0.3978664,0.5720934,-0.20635054,-0.063218445,0.3358334,-0.5969412,-0.18220857,-0.16186386,-1.4565272,-0.27855676,0.5771949,-1.3441272,-1.6390113,0.9367188,0.7976829,-1.3497585,-0.8531139,-0.12818779,0.033289976,0.7109964,0.84170413,-0.12192774,0.11656138,-1.0991706,0.09630439,-0.25775003,0.3630339,-0.29479298,0.32508126,0.6520431,0.039865967,0.41858527,1.4865994,-0.016949406,1.4465449,1.5706797,0.47062984,-0.11930638,0.54725575,-0.2191863,-0.4563397,0.37961054,-1.1675746,-0.45055485,1.0119071,0.10688737,-0.757881,-0.10916749,0.46164766,-0.29191545,-0.26103073,0.045037296,0.5226268,1.4558687,1.3947316,1.3659254,0.31416523,-0.33410543,-0.44423392,0.5853648,-1.4611133,-0.77904254,0.12623549,0.8729207,1.813424,-0.73048794,-0.066167966,0.89128345,-0.7449846,-1.2857107,0.41722515,0.7957746,-0.7534125,-0.4219359,0.21006571,-1.2957339,0.3541103,-2.2382312,-0.11892094,0.58512735,1.4178668,-0.46484926,-0.13861607,0.7079589,0.39389977,-1.4795159,0.16354768,1.2403975,1.5923829,-0.049733672,-1.4225137,0.6427246,-0.023746632,-1.2051749,-0.028052986,-1.0982679,-0.58259404,0.38985848,-0.50013614,0.0032133725,-0.115579575,-0.6094401,1.5709369,0.2840339,-0.26891953,1.0324757,-0.65821147,0.9374609,-0.45300463,-0.45148647,1.1198112,0.32707703,-1.803054,0.5271229,-1.4196022,0.89106315,-0.37914568,0.95701736,1.3899863,0.2989882,-0.38666037,1.2810897,-0.8775472,0.12891735,-0.30279964,0.84576863,-0.8395312,0.51572967,-1.7852584,1.4675832,-1.0885539,-0.9970199,-0.036414266,0.11870657,-0.5978454,-0.09666877,-0.37580055,0.2224054,0.014051139,-0.7282118,0.9230979,1.7785182,-0.45371354,-0.745712,0.37728345,0.5026402,-0.041400816,-0.086903155,2.7281349,0.43102738,0.31245044,-1.6843629,-1.1174661,0.5372618,-0.45220205,-0.6631759,-0.18851356,-0.54101413,0.09173024,0.24032338,-0.48448145,1.0098557,-0.68449026,0.65858084,0.7662478,-0.8220412,0.2651962,0.44666222,-0.7985727,-0.9309766,-1.0875907,0.8175028,0.271451,-0.5947106,0.8158999,0.72472507,1.5280746,0.6684983,-0.18242618,-1.0720769,0.7366908,0.8175253,0.31286302,-1.1121976,-1.2385428,0.51690984,1.5127126,-0.56697303,0.77787626,0.39139584,-0.19905679,-1.7098234,1.2320591,0.39720953,0.18610495,1.1396372,0.014297075,-0.41748834,0.84910053,-0.060097422,-0.27230376,0.3555222,-0.6796104,-0.3476333,0.12990955,-1.1458145,0.3861824,-0.24872102,0.26273933,-0.49720913,0.6548838,-1.5786841,0.5897632,0.8229923,0.41642484,0.6035019,0.38519147,-1.6229649,-0.5911698,-0.47941494,1.6161838,0.7332871,0.30327833,-1.0558057,-0.35219064,1.3220309,0.7136535,-0.43646514,0.108837985,0.7227815,-0.7674576,-0.1870637,-0.59078175,-0.25511944,-0.079203315,0.29628617,-0.6613943,1.2919632,-1.989093,0.5638004,-0.006241775,-1.3592509,0.28463706,0.697534,-0.6795387,2.0365818,0.97395176,-0.32131058,-0.12535721,0.6753071,0.78358024,-0.35156387,-0.50937957,-1.6818888,0.9999481,1.4363326,0.6843944,-1.0646845,-0.19586001,0.07706028,-0.33132994,1.6385959,-0.5316661,-0.55977184,-1.2141514,-0.22791916,-0.93878376,-0.3881564,-0.10195271,-0.21607743,-1.2043707,0.50317216,-0.37510428,-0.619293,0.08048512,-0.8993455,-0.2558746,-0.10078413,1.314353,-0.121115714,0.6208697,0.538183,-0.39958653,-0.09209226,-1.050984,-1.1432205,0.96507835,-0.6441712,0.67981917,0.1875042,0.92347175,1.3487325,0.246299,-1.4719609,0.39067042,-0.07541671,0.29251054,0.0021671455,-1.0297531,-0.1331422,0.6136125,0.37289205,1.4621159,-1.5865027,-0.5472992,-0.1808695,-0.019311806,0.43044508,0.6092051,0.081894614,0.20257688,1.340662,1.1928554,0.5197269
イ,-0.9779282,-1.0405748,0.62750727,1.5614303,-0.052427035,-0.26547554,-1.1462442,0.28277275,1.1301428,-0.7950392,0.45089146,0.22556788,-0.8146617,2.09108,-0.4514284,-0.100595504,0.9686825,-1.074334,1.0655597,-0.80721456,0.57211447,1.0329822,0.7351532,-0.8736686,0.7331781,0.91971016,1.0723381,-1.270535,-0.08210432,-0.41009238,-0.43503103,-1.2570597,-0.6005078,-0.80460835,0.42845976,-1.0547816,-0.7678383,1.2120862,0.49328148,-0.50796914,-0.7452492,0.1705607,-0.61843824,0.59264016,-1.0585064,0.0793248,1.9738795,-0.3350905,0.8333473,-0.44749984,-0.7955858,-0.644264,0.29768872,0.37224016,0.8267506,-0.5833412,0.920513,1.5000838,-0.032968596,-1.0324154,0.70162755,1.38626,-1.3990852,-0.083167724,1.1937515,0.6739432,0.20760252,-0.72579795,-0.6005639,-0.47268853,-2.3776674,-1.1082867,-0.08247457,1.292799,-1.1685588,1.2539366,0.4628241,-0.30241933,0.18711692,0.36361143,0.5075454,0.41851246,-1.1156969,1.2606095,-0.5616038,-0.3441998,-0.38699463,0.062184226,-1.7940712,0.20879479,0.33379003,-1.1297482,-1.6246346,-1.235798,0.9040925,0.09340236,-0.20722733,-0.30788484,-1.0816457,0.5989903,0.8217883,0.6948726,-0.5700135,0.21169983,-1.7601652,0.21137603,-0.74368113,-0.5621358,-0.7195299,0.5713962,-0.09881699,0.36194798,0.83669925,1.4145092,1.2406746,1.167375,-0.8704651,-0.79590434,-0.29472575,-0.23725605,1.0815157,-0.20861875,-0.8632424,0.6172331,0.49945512,1.0012112,0.12595592,-1.1789501,0.8552926,-0.59140116,-0.0556886,-0.833926,1.3458514,1.2602447,-1.4332057,-0.2661824,-0.12652926,0.4372042,0.4661856,-0.06736744,-0.3374531,-0.022094505,0.813658,-0.23669495,0.47150588,-1.8485416,0.25775197,0.56729,0.7720453,0.399475,-0.18596537,-0.5258986,-0.32704648,1.5797094,-0.03418408,0.087220274,0.25781786,0.07347458,-1.176724,1.4629737,0.43739238,1.2878838,-1.3149455,0.27077103,-0.31512982,1.0546614,-0.4479924,0.69395465,-0.9626858,-1.7308912,-0.43537143,-0.04154324,-0.20972301,-0.22332329,0.9166227,-0.33693168,0.50068873,-0.17608505,-0.25255242,-0.121779986,0.6206024,0.9516707,0.23061605,1.4885737,-0.47231904,0.38093385,0.5493444,1.0719076,0.2920972,0.26111284,0.52135915,-1.1796223,0.73291606,0.85766506,1.4658767,2.5422738,1.2668966,-1.8077978,-0.9660676,1.1954536,-1.7060283,0.45827135,0.9738979,-0.23504217,1.6516854,-0.06769189,-0.6059709,1.8541216,0.8728519,-0.12776901,-1.2139591,-0.6951774,0.52795357,0.8254752,-0.120144315,0.26514348,-0.25741518,-0.15603425,-1.1617733,-0.016005179,0.089042686,-0.5590399,0.97527164,2.1586554,-1.0799391,0.13024373,0.093675755,-0.001739646,0.020310268,0.43845308,-1.0901499,0.08793687,0.56912374,-0.47415057,-0.54240227,0.35552084,-0.8031818,0.936259,-0.4302604,0.28179994,0.17715578,-0.88466835,0.29877096,-0.56114316,0.07328072,0.53919035,1.9389606,0.35809684,-1.3158512,0.27060643,0.17716672,0.78445435,1.041341,-0.05837381,1.085725,0.056765597,-0.06991486,0.35376444,-0.16486998,-0.027007947,-0.32989356,1.0864147,-0.45633784,0.62987375,1.2533811,-1.4115423,-0.2276867,-0.22103749,-0.2119112,-0.8828643,-0.4186205,-0.5635034,-1.6107992,0.14845741,-0.51591426,-0.16952823,-2.0770514,-0.6829691,-1.2481575,0.097673856,0.45240733,-1.2010741,-0.5259509,-0.38519505,-0.25833496,-0.24267109,-0.27872846,-0.123302065,0.36237445,0.8250763,-1.6390252,0.8791526,0.37791786,0.3441247,0.7101071,0.6167438,1.6633129,0.4071904,1.1683801,-1.3128186,0.6957362,1.1548144,-1.5386343,0.85009915,0.14232983,-0.38495636,0.088415064,-0.8350332,-0.108478926,-0.55565786,0.7550335,-0.042533237,-1.185079,2.2980423,-2.0511224,1.0459763,-0.70962244,-0.38947448,-0.627381,-0.7980149,-1.380693,1.3631316,0.894711,0.48969695,0.5075081,-0.56157297,-0.094450735,0.5462585,0.8941061,0.77628976,-0.6045198,1.07688,-0.9523577,-1.7130293,0.31858793,1.2141715,-1.057999,-2.1056516,-2.1381512,-0.48890582,0.53839153,-0.96467274,-0.20463037,0.49941993,-0.5825556,0.8687553,-0.65973043,-0.091451876,0.5232265,-0.6988966,1.5306025,0.14444715,0.86792827,-0.5852892,-0.46621677,1.3599416,-2.382081,-0.1802978,-1.3323566,1.9208511,1.3180984,0.2611469,0.8662861,0.6258218,-0.672463,0.30599976,0.8460147,-0.4659046,1.3879973,0.14357063,-0.6551096,1.2001443,0.8295424,0.18733598,-1.097425,-0.7206171,1.4424338,-0.49833623,-0.51484305,0.14927988,0.009871115,0.4196937,0.17525738,0.05650224,0.08599198,-0.04524207,0.9383164,0.616497,-1.3542331,-0.61488324,-0.70415896,-0.013986379,0.87769586,2.0938346,1.7749773,-0.5380308,-1.3421245,-1.8515857,0.51161534,0.8546624,-0.20450287,0.16704823,-1.214764,0.16583543,0.18910794,-0.57218957,-1.3029675,-2.0313542,1.8849024,1.1153989,0.3960646,1.7937616,-1.5079697,-1.7535654,0.06583007,0.7886536,0.23314388,-0.57882845,-0.90472436,0.47032,-0.18086971,0.935973,0.96600795,-0.3228468,-0.13448851,0.47004643,0.7080429,0.19707699,-0.6937755,-1.448001,0.38417926,1.1413171,-1.1343216,-0.6933109,0.50592136,-1.9018555,0.94908506,-1.0816368,-0.05118504,-0.060728867,-0.7755243,-0.24939466,-0.40630117,-0.35171235,-0.8373804,-1.719761,0.21261305,-1.625267,-2.007667,1.9357424,1.413464,-1.3463217,0.027836502,0.11217016,0.2931742,1.0273396,-0.19240284,-0.32099396,0.67693186,-0.49456808,0.15521942,-0.80754966,-1.3072146,-0.8710327,0.18517905,-1.2863606,-1.2141252,1.468483,1.1407524,-1.3038915,-0.3939638,-0.5029279,-0.3149673,0.55964726,0.34569976,0.3424193,-0.016925553,-1.5632678,-0.6661448,0.042593848,0.484869,0.18775463,0.22390151,1.0771884,-0.3825717,-0.32093674,1.5351967,0.14168559,0.0881779,1.507507,0.18476538,-1.262607,0.4554237,-0.18212831,-0.24843659,0.866957,-1.1094567,-1.4764595,1.4572377,-0.66948193,-1.6845819,0.22938521,0.9881828,0.44696173,0.8621127,1.16032,0.75247806,1.4599978,1.1977924,2.188183,-0.9112813,-0.82449865,-0.33555856,-0.11710343,-0.5961444,-0.9067521,1.0641565,1.0237211,1.9645289,-0.041639883,0.4987711,0.51719403,-0.9592967,-0.81528634,0.17373027,0.4951807,-0.43637922,-1.1245662,0.16396846,-0.67808914,0.4175359,-2.1681643,-0.026018897,0.60694844,0.43032554,-1.1938359,-0.24720871,0.26250172,0.59373206,-0.63443494,1.1792403,0.959125,0.35436118,-0.19735897,-1.145765,-0.4115853,-0.5421436,-1.5877959,-0.20986336,-0.12958251,-0.51913303,-0.3437343,-0.33153608,-0.3031019,-0.9550269,0.07622826,1.4591904,-0.24424677,-0.4329537,0.009006928,-0.82398003,1.8666563,-0.7883191,-0.53013796,1.1318032,1.0537828,-2.0792136,0.9402806,-0.5962961,0.070682615,-0.9456045,0.27295828,0.60533303,0.7749707,-0.61404663,1.2951981,-0.3034439,-0.8392964,0.13959791,0.9671461,0.0049468675,0.6103878,-2.122353,1.2099766,-1.4361767,-1.4470552,0.03609371,0.24751592,-0.5431183,-0.4534268,-0.08331127,1.1471164,0.46854344,-0.43066323,1.0537024,1.8969135,-0.6831154,0.060542524,1.1431292,0.5452828,-0.45568967,-0.11099707,2.2097747,0.30525172,0.9846101,-0.8015742,-0.51388913,0.27290934,0.15081628,-0.8662408,-0.2812957,-1.0803677,-0.53891605,0.7932319,-0.70136136,0.4086237,-1.1099824,0.29003045,0.7435619,-0.38945007,-0.5388897,0.11644831,-0.6062924,-1.093873,-1.2794247,0.78459376,0.52330726,-0.35236844,0.08594344,0.31517908,1.5892547,0.7737666,-0.0582291,-0.25379267,0.023584872,1.0837585,0.32164752,-1.1338989,-0.6336789,0.5478347,1.3990504,-1.070336,0.80863714,-0.35606134,-0.46139944,-1.1277461,0.8524928,0.0520356,-0.13101344,1.0016416,0.6740932,-0.11992968,0.49818733,-0.6574044,-0.0035276066,-0.22078542,-0.579699,-0.33088735,0.040654052,-1.077539,0.6424593,-1.3742061,-0.09119758,0.8057646,1.0572755,-0.8873052,0.51142174,-0.08355886,0.71572095,0.15812172,-0.9913404,-0.5636001,-0.24123257,-0.26986074,1.4949712,0.5711971,-0.16440542,-2.1798894,-0.24108152,-0.30829912,-0.68968755,-0.99747366,1.0169605,0.11811522,-1.6806566,-0.9527796,-1.6446233,-0.40208507,0.35776612,0.898596,-0.6638054,0.25280687,-1.5401255,1.044018,0.31962788,-0.45226344,0.46151423,0.32020512,-1.029539,1.6890546,1.574658,-0.026960341,0.21805044,1.0981852,1.4214154,0.3500774,-0.622826,-0.97973686,0.74725515,1.1518606,0.13866548,-1.1184596,-0.5639128,-0.062238634,-0.9082759,2.219875,0.008593246,-0.4527408,-0.53106594,-0.9880533,-0.8100967,-0.7780073,-0.624737,-0.47927156,-1.2619466,0.15976357,-0.86225265,0.22069933,1.1759892,-0.97340554,-0.38727787,0.31702903,1.0917802,0.7454016,0.752856,0.39086902,-1.0897559,0.305476,-0.8877423,-0.06632837,0.6889245,-1.7029592,-0.4158307,0.1021417,1.7515497,2.218708,-0.010200043,-0.35897925,0.32978034,0.35646418,0.025737425,0.101995565,-0.053282604,-0.91199875,0.17835607,-0.04729745,0.5771489,-1.5953641,-0.06964228,0.041188,0.5463652,0.6227043,0.2531332,0.4155788,0.39961684,1.6407146,0.52241176,-0.88416904
ジョ,-0.71039253,-0.8332232,0.8852475,0.9681297,-0.8986596,-0.24906658,-1.149645,0.2096504,0.9967963,-0.49576038,0.36174205,-0.063852444,-1.7369854,1.9964062,-1.2377018,0.2044237,0.8700231,-0.7363144,0.22035898,-1.0425321,0.7687818,0.72388405,0.64796484,-0.44635126,0.6274914,0.41696617,0.43859646,-0.58117133,-0.5209588,-0.5036554,-0.35496807,-0.5697253,-0.81040275,-0.14097019,0.46770695,-1.689181,-0.8161534,1.3922955,0.49676684,-0.34851292,-0.7498663,0.6594639,-0.71365345,0.051224004,-0.7948109,0.099466205,1.9071083,-0.4521689,0.9836024,-0.62130517,-0.2860987,-0.36323068,0.50772774,0.45222643,0.6106402,-0.07227498,0.74239177,0.73492324,-0.34914517,-0.72770387,0.50418395,1.1425803,-1.0504779,0.3797612,0.68557066,0.91219604,-0.3029227,-0.48259372,-0.62583476,-0.3339292,-2.4111824,-0.8837897,-0.4526298,1.1755389,-0.9085864,0.87345463,0.3927308,0.07475485,-0.16238396,-0.012926532,0.27732468,0.43770584,-0.94017535,1.0640012,-0.59676695,-0.8345686,-0.24763,0.15113652,-0.8252967,-0.33789018,0.083499804,-1.6452429,-1.5336505,-1.5986938,0.7881152,-0.2040931,-0.7421786,-1.006533,-1.0724036,0.424653,0.31461748,1.3170071,-0.40835685,0.23529308,-0.9764166,-0.23627792,-1.3487333,-0.6726394,-0.6927624,0.9205827,-0.24249241,0.13500224,0.88273686,1.4534625,1.0158238,1.404891,-0.955696,-1.1040308,-0.49090555,0.116215706,1.3528068,0.027374158,-0.8834224,0.2779723,0.13056788,1.1171399,0.17672685,-1.0192229,0.8154606,-0.7083636,0.66338027,-0.21132503,1.885973,0.4378002,-1.0678551,0.008081121,-0.18159878,0.5131438,0.071423724,-0.5362001,-0.60225487,-0.44072476,0.09355017,-0.53510636,0.11075295,-1.1371301,0.3977754,0.9481103,1.2299817,0.0749714,0.07798546,-0.33174875,-1.0101192,0.5930354,0.615574,-0.36680317,0.17770948,0.5728766,-1.4058235,1.2247721,0.4829016,1.6197078,-1.0097898,-0.052476846,-0.12895502,0.252848,-1.0997117,0.8707072,-0.7490726,-2.259034,-0.14088665,-0.12853809,-0.03495981,0.1521699,0.46597695,-0.18470535,0.38315746,0.51178277,-1.1051247,-0.65783703,0.5525886,0.701295,0.10419153,1.0168418,-0.38314655,0.12401358,0.63221306,0.56843126,0.5213517,-0.17821331,0.5390137,-1.2248858,0.679747,1.2967207,0.76628876,2.3914895,0.60680544,-1.9678385,-1.0236828,0.4316735,-2.2214735,-0.34073713,0.7828714,-0.4668257,1.6583844,-0.7369693,-1.327423,2.1171453,0.4513015,-0.041417856,-1.444161,-1.1539059,1.0248322,0.65836906,-0.68391865,0.0074684597,-0.78085214,0.64119947,-0.779606,-0.41935042,1.29583,0.17944923,0.8159367,1.6372424,-1.2689747,0.20193598,0.46548077,0.53540057,0.0035568348,0.24833547,-1.1775185,0.16361138,0.47779593,-0.09813583,-0.5265787,0.07355441,-1.0893954,1.2945997,-0.169052,0.9212061,0.2859994,0.25895253,-0.105755754,-0.20167838,0.6160831,0.3489863,1.5144857,0.06871246,-1.8774806,-0.44942942,0.64192164,1.0135084,0.5421337,0.11008035,1.0945585,0.9529228,-0.84230655,0.12286496,-0.6137338,-0.11674081,0.16916625,0.8984666,-0.34884304,0.48649025,0.61632633,-1.0707093,-0.5498327,0.6286537,-0.20505357,-0.99640083,-1.0357368,-0.622719,-1.5254552,0.029980838,-0.09144591,0.35429367,-0.8045611,-0.69014937,-0.8287067,-0.036572453,0.26038474,-1.1239733,-0.5384726,0.21542756,-0.26240855,0.45252734,-0.017998204,-0.23053804,0.2737423,0.82727927,-1.034008,0.39286545,0.25315735,0.21031979,1.2996142,0.045000963,1.2978989,-0.5237812,0.8524622,-1.0750524,0.7826306,0.93515444,-1.8881829,1.4736022,0.12700531,-0.40127754,0.6651313,-1.1718217,-0.9508066,-0.5339621,0.20253369,-0.5045577,-1.227707,2.2886775,-1.9269791,1.3488662,-1.2474507,-0.35757586,-0.50406396,-0.30478713,-1.3306683,0.8989832,0.39598927,0.112944245,0.81665194,-0.17003569,-0.19621518,0.28450313,0.4012616,0.5959181,-0.8318566,0.7961069,-0.9652198,-1.7694728,0.28953376,1.0027177,-1.1199024,-1.6475736,-1.5993758,-0.6761874,0.73402345,-0.9264265,-0.37577206,0.86416674,0.26000273,0.46020684,-0.75991267,-0.18539493,0.29103884,-0.57670355,1.4153975,0.46760765,1.3465769,-0.7896498,-0.20126304,0.9442468,-2.0543087,-0.4782069,-0.4172871,2.1483405,0.934483,0.26734287,0.7197184,0.73048776,-0.9949513,-0.50626177,0.8467794,0.003587148,1.2990087,0.39026806,-0.43854383,1.5962573,0.7085269,0.30207118,-0.5573841,-0.37394628,1.7591451,0.008166031,-0.7628131,-0.4502518,-0.20679024,-0.013938836,0.14244595,0.43727437,-0.04915176,-0.17474358,0.6450977,0.92833614,-1.436794,-1.1612751,-0.6613944,0.392351,0.9246603,1.7637547,1.6612614,-0.7017374,-0.7954889,-2.280667,-0.12058022,1.0570793,0.30683598,0.626854,-0.91441053,0.015474818,0.21620612,0.076607026,-0.70686656,-1.6675622,1.374094,0.09963962,0.2722494,2.4397626,-1.1253097,-1.3480232,-0.21775106,0.4322836,-0.0912557,-0.526786,-0.2659983,1.0815494,-0.4065158,1.1168541,0.34418538,0.4564953,0.3523347,-0.24587129,0.89344126,0.5289707,-0.47767717,-0.7263761,-0.09665489,0.8260633,-1.3228046,-0.570089,0.26226908,-1.2890608,0.8263995,-0.5569353,-0.27444896,0.09581674,-0.843906,-0.2630551,-0.8311938,-0.5512496,-1.0899967,-0.8409088,-0.1442587,-1.3359905,-1.2897851,0.6562009,1.4009906,-1.0750717,0.3912668,0.50210327,-0.1944671,0.452634,0.14381476,-0.008841263,0.550065,-0.41442722,0.015106069,-0.3426446,-1.0488331,-0.5547983,-0.16436459,-1.740379,-1.325816,1.1353515,0.6840996,-1.2638439,-0.3727815,-0.24473605,-0.7142858,0.49876505,1.0182514,0.14757515,0.28561258,-0.5242634,-0.552598,-0.034953427,1.0937907,0.028946562,0.03926287,0.6839341,0.29974,0.19109507,1.5364875,-0.17677696,0.20428002,1.1091155,0.7962045,-0.9408211,0.7545044,-0.2631136,-0.22901301,0.42011794,-1.0999355,-0.9266105,1.7191668,-0.81750363,-1.0079579,0.103390984,0.7782693,-0.12980537,0.3002506,0.061461713,0.76693755,1.459857,1.4334277,1.8578309,-0.3702883,-0.55649346,-0.39851168,0.30363512,-1.2420477,-0.971314,0.51226693,0.5770069,2.214701,-0.8925336,0.18021318,0.74134076,-1.2541052,-0.62893486,0.69964725,0.42061064,-0.60389155,-0.013363063,0.63489646,-0.95809656,0.3522575,-1.4781829,-0.25940895,0.77564734,0.51721805,-0.7202786,-0.3930533,0.46386418,0.47074035,-0.935383,0.51752365,1.0924828,1.1253356,-0.41774556,-1.4948428,0.60062885,-0.61294895,-1.65152,0.15475063,-0.29205036,-0.74188226,0.29832318,-0.33484632,-0.3215776,-0.72926486,-0.7467061,1.003885,-0.044018004,0.0065175467,-0.26645258,-0.6591522,1.680221,-0.79171455,-0.21143278,0.9780239,0.8753049,-1.5939649,0.6920738,-0.8600119,0.94922173,-0.4681298,0.5690991,1.308609,0.43654364,-0.04420743,1.3294793,-0.18104933,-0.22780262,0.0859895,0.88822126,0.04468266,0.9699117,-1.8836662,1.2969908,-1.4072673,-1.261411,0.29076126,0.641894,-0.15104559,-0.40845522,-0.5309731,0.5152241,0.70981395,-1.1429034,1.2643602,1.8144714,-0.44759774,-0.40904135,0.79000443,0.28084227,-0.58893245,-0.39803886,2.1978362,0.22854419,1.0697666,-1.1223062,-1.0015485,0.28473037,-0.32931307,-0.7565595,-0.15678136,-0.72235316,0.26601258,0.8480647,-0.6842641,0.68830687,-1.3807528,0.07580078,1.027181,-0.7136283,0.01717369,0.4308886,-0.44406828,-1.4441761,-1.2153617,0.66129,0.8838662,-0.4033421,0.4280929,0.26032656,1.4380518,0.5230972,0.075126566,-0.7345382,0.5065343,1.1112369,0.31692156,-0.6195633,-1.223378,0.56762534,1.3514763,-0.88368464,0.828835,-0.087671824,-0.61612463,-1.642753,0.990524,0.303323,-0.008608808,1.3781755,0.39017078,-0.08113794,0.63735527,-0.4696732,-0.034086227,-0.029328976,-0.45512554,-0.047848914,0.5493175,-1.3374313,0.14404766,-1.0709236,0.0046080626,-0.022787288,0.7272276,-1.2262987,0.61300004,-0.5017645,0.93382746,0.5426375,0.1445791,-0.6216927,-0.19844171,-0.8896877,1.4315351,1.1494448,0.06634237,-1.8062559,-0.34054348,0.90655535,0.27004027,-0.72315365,0.2960472,0.29262692,-1.4648062,-0.41936177,-1.1782885,-0.26723,0.4996255,0.57115114,-0.7583805,1.1054796,-1.9018449,0.4361879,0.64100665,-0.92592204,0.11120991,-0.06105155,-0.6802805,1.7206129,1.0000395,-0.019079698,0.61392146,1.1936407,1.2604487,-0.14489189,-0.4473835,-1.3500954,0.81017107,0.8232336,0.29380628,-0.81178534,0.15781055,-0.09025283,-0.8545566,1.7862232,-0.35149145,-0.878243,-0.49832085,0.07989659,-0.7953486,-0.17130746,-0.4421843,-0.08005868,-1.675181,0.2828572,-0.97563064,-0.65442955,0.46772075,-1.1875302,-0.2196029,0.22681913,1.4072291,0.89627326,0.3910098,0.8299562,-0.6178354,-0.3577247,-0.9740723,0.1122513,0.7622229,-1.1612599,0.0035911372,0.09096313,1.220581,2.054221,0.46482143,-0.71230394,0.19313039,-0.23411413,0.29767376,-0.026970804,-0.55603313,-0.88225746,0.2515485,-0.0086409,0.45129225,-1.5203669,-0.20459497,0.3884581,1.0361139,0.3793495,1.0083005,0.43325242,0.91277283,1.7262896,0.93998605,-0.6708151
オ,-0.6653221,-0.3065601,0.70425755,1.6297277,-0.3958844,-0.5582581,-0.9755545,0.04438126,1.0212554,-0.81501323,0.69808865,0.21792185,-1.7133335,1.8625025,-0.50146556,-0.076868095,0.70421964,-0.5814007,0.2039062,-0.53590995,0.66174144,0.695292,1.2164272,-0.7915819,1.29907,0.8445711,1.2141147,-0.4179801,-0.4296523,-0.66471654,0.211893,-0.13277571,-0.023943514,-0.79251057,-0.17666924,-1.1827208,-0.88783294,0.9097619,0.39283237,-0.51118636,-1.1175271,0.31417048,-0.22562589,0.162508,-0.4069105,-0.5542485,1.953108,-0.33044854,0.84924287,-0.29330426,-0.26772806,0.2912602,-0.2042396,0.54291666,0.5427154,0.17590743,0.8754277,0.8172279,-0.21263357,0.12545155,0.6664107,1.5639043,-0.6467349,0.4022965,0.8286636,0.8426478,0.4852078,-0.46168867,-0.41911593,-0.40422913,-2.490535,-0.09175172,0.0046263537,0.93857366,-1.270713,0.6138548,0.1749202,-0.32669798,1.0452713,0.15563726,0.8480496,-0.070211016,-0.849987,1.5908136,0.3277297,-0.009371121,-0.110229336,-0.4369348,-0.9134161,0.00085632503,-0.040893275,-1.1033815,-1.7130157,-1.2073622,1.0801823,-0.37238368,-1.340458,-0.7193036,-1.5730988,-0.09019693,-0.08639797,1.4528369,-0.41143668,0.05466548,-0.76254386,-0.36837503,-0.8987419,-0.42054558,-0.99884605,1.3951926,-0.38778624,0.6587482,0.39014468,0.9356646,0.09764486,1.0818549,-0.35540795,-0.86075574,-1.307248,0.116828464,1.5612768,-0.15424272,-1.1024367,0.79143476,0.08235336,1.5891442,-0.3813014,-0.65776604,0.6045122,-0.07269994,0.15202421,-0.82241297,2.0781586,0.97552687,-0.53437924,-0.24190362,-0.62093395,0.29645196,0.3550981,-0.90254146,-0.714091,0.15720521,-0.60710615,0.07275206,-0.2293623,-1.3724564,0.32502028,1.1819869,1.0502496,0.085949264,0.50994533,-0.11778674,-0.6924153,0.30994132,0.5647392,-0.14148498,0.41984627,0.06337338,-0.5953122,1.2701693,0.14062609,1.1946648,-1.1250682,-0.017043933,-0.052882034,0.46961358,-0.66989684,0.8930839,-0.4508492,-1.7988733,0.060591403,0.08531771,0.37499538,-0.23661458,0.19177115,-0.35769105,0.36747035,-0.124537,-1.3694772,-0.34980097,-0.056956235,1.2136503,-0.16045731,1.1194692,-0.64898014,0.28890923,0.49593177,0.35867384,0.040769875,-0.10953722,0.52061754,-0.31178498,0.9583996,0.9223024,1.5031987,3.5504658,0.63935924,-1.4041401,-1.0407143,1.4497355,-1.9383644,-0.38314262,1.1252803,-0.6809457,1.45882,-0.71929854,-1.3822179,2.1262023,0.3375975,-0.6451459,-1.3407758,-1.0880902,0.28678423,0.8031456,-0.80042094,-0.5953412,-0.5871514,1.1757306,-0.08182092,-0.054651856,0.6034868,0.09941245,0.624498,1.7375494,-1.4365244,1.0001416,0.3005772,1.096244,-0.09944927,0.485091,-1.3075855,0.48404464,0.76687354,-0.8539892,0.0068053207,0.7602098,-0.71405274,0.313046,-0.26728725,0.14213984,0.23482919,-0.016179284,0.16264932,-0.49005768,0.5596754,0.993331,1.911493,0.40342852,-1.0788238,0.16242544,0.34831467,1.0877284,0.36405993,0.50676435,1.014092,0.52895194,-0.23023367,0.3174001,-0.42452922,-0.6923547,0.24623062,1.1557814,0.20809884,0.45823923,0.27429906,-0.19091398,-0.9408512,0.21638878,-0.3807874,-1.3508884,-0.7183855,-0.49540767,-1.6737236,0.02096361,-1.0634845,0.7194794,-0.9716764,-0.81195974,-0.5464317,0.53615475,0.7461745,-1.0153939,-0.08399233,-0.21285988,0.06628692,0.36405906,-0.027998408,-0.08879471,0.55535114,1.1426657,-1.5212177,1.1640147,0.16184478,0.7131656,0.8827796,0.19542988,1.0253758,-0.1914553,0.5147169,-1.3573561,0.6601301,0.7687876,-1.6534606,0.8466769,-0.17903137,-0.8613108,0.7607005,-0.826901,-0.3822433,-0.94686764,0.44187224,0.14231439,-0.91795236,1.948011,-1.9819173,1.4651041,-1.1689607,0.12800176,-0.778116,-0.46645975,-1.4972209,0.5860042,0.5535173,0.10498949,0.50942093,-0.24666645,-0.34880686,-0.03777991,0.5261466,0.5861001,0.073135294,0.42847016,-0.8935297,-0.56154543,0.36843407,0.8547866,-1.2382694,-1.3479689,-0.9910136,-0.19875915,0.24208744,-0.16556497,-0.27365723,0.60263,0.16537154,0.7137346,-0.94105667,0.19105141,0.2504697,-0.22947614,1.2503625,-0.13473292,1.3636532,-0.44286552,-0.3052762,0.78168434,-2.2423482,-0.5083978,-1.0964713,1.4807515,0.25797436,-0.11523631,-0.0034626871,0.26188317,-0.68151265,-0.628495,1.13919,-0.550512,1.6631571,0.13737251,-0.3893459,1.5558839,0.08237203,0.68652457,-1.5756515,-0.7798577,1.9593414,0.24737418,-0.3973057,-0.6411087,-0.40960076,-0.36970603,0.04495172,-0.2895313,-0.53457886,-0.38155782,1.2835817,0.5057811,-1.7259887,-0.8685436,-0.76290554,0.6322201,1.2121423,1.6410838,1.4047252,-0.65027773,-1.0786198,-2.2340157,0.33698407,1.1226519,0.32467774,0.31529284,-1.683299,-0.13655058,0.023404935,-0.28385767,-1.4305669,-2.161397,1.1605567,0.13359968,0.2665671,1.4947515,-1.1495811,-1.7462856,-0.40607706,0.3964574,0.22040778,-0.1686479,-0.8284543,1.5360659,-0.4296066,1.1825224,1.1594559,-0.058137923,-0.1359542,-0.21349789,0.4592626,0.22108676,-1.1075894,-1.295632,0.53621197,0.35831717,-1.1892371,-0.96474344,0.3953639,-1.9735068,0.4512497,-0.79988176,-0.44763777,-0.56700873,-0.5589372,-0.9787466,-0.9403272,-0.2349109,-0.46883437,-0.5823201,0.46750125,-0.9936676,-1.6451049,0.6572726,1.4283586,-1.385389,0.101898424,0.57768613,0.956207,0.3715168,0.4447656,-0.3939238,-0.17236984,-0.82820386,-0.42961797,-0.40383598,-1.081163,-0.6608587,0.0011975964,-1.4268098,-0.4683604,0.6850025,0.81662035,-1.9501227,-0.548733,0.06189503,0.015978685,-0.11966127,0.7211237,0.92203665,0.30031005,-0.6987613,-0.32139912,0.3966869,0.6307501,0.46475676,0.3650023,0.45555866,0.22713156,-0.26905593,0.87242603,0.26313153,0.2911663,0.884075,0.2952552,-0.596477,-7.176399e-05,-0.016275903,-0.34909716,0.076789655,-1.2672932,-0.67910427,1.012616,-0.44990706,-1.2513667,-0.26558504,0.6420569,0.035616368,0.5155703,0.6367521,1.2281791,1.4876994,0.7691212,1.5501032,-0.5032624,-0.78015304,-0.016288936,-0.7340636,-1.221511,-0.54524463,0.56061584,0.4633163,2.5598314,-0.9056708,0.48788476,0.75547904,-0.8991737,-1.0360702,0.4676111,1.0541879,-0.5810582,-0.54807,0.20113404,-0.97780687,0.1262609,-1.5606884,-0.4713396,0.23451197,0.93318653,-0.10923278,-0.49266553,0.47356927,0.65433854,-1.268171,0.6600258,0.95965236,1.1748267,0.560721,-0.54752016,-0.30038807,0.053789932,-1.6735436,-0.18517315,-0.27950153,-0.9723006,-0.15625939,-0.43119764,-0.06031968,-0.37479332,-0.3592721,1.3660898,-0.083463036,0.16188978,0.10354731,-0.77686673,2.1861727,-0.62438816,-0.33521578,0.8739443,0.14476773,-1.9254605,-0.15905634,-0.955661,-0.12668978,-0.16063915,0.7862763,1.1047667,0.8985853,-0.10661217,1.7075952,0.5205123,-0.46351576,-0.4700501,0.572803,-0.08293563,0.35787117,-2.521141,1.3693991,-1.3448981,-1.0982554,-0.08108554,0.7351702,-0.4742256,-0.49871922,-0.7444375,0.5425282,0.0783653,-0.59214085,1.1971382,1.7433038,-0.45005378,-0.8991458,0.93364996,0.38708615,-0.6185743,0.23951413,2.8287604,0.40753555,1.1184597,-1.4397873,-0.4784476,-0.4389356,0.05754673,-1.3224825,-0.29824936,-0.63036996,-0.040868033,0.6467275,-0.33825338,0.55997163,-1.1037421,0.02516663,1.0920018,-1.0333704,0.38529316,0.50497437,-0.2781759,-0.9212771,-1.2150916,0.50387245,0.5941026,0.14048313,0.47396258,0.42466578,1.877304,0.83523756,-0.9620507,-1.2535208,0.50572246,0.8085785,0.63018626,-0.47787693,-1.4241349,0.8204457,1.3240839,-0.9416363,0.5275984,-0.7052161,-0.88009405,-1.487926,0.92823106,0.5188437,0.30127478,1.0529324,0.4478296,-0.40304875,0.85924983,-0.97537917,0.06156242,-0.026247978,-0.043357253,-0.36532366,-0.33050346,-1.5039034,-0.28476754,-0.65234214,-0.13076289,0.10518989,1.0382408,-1.1288534,0.7125885,0.22802596,0.4348229,0.6076614,-0.47030696,-0.55344224,-0.2888649,-0.7320562,1.7498913,1.032763,0.01077501,-1.555571,-0.09831178,0.7716131,0.15076083,-0.46526137,0.39505938,0.40131858,-1.1184233,-0.27874804,-0.84773046,-0.23849201,0.17707849,1.284469,-0.76141053,0.64830095,-1.8180252,0.725291,0.079198964,-0.7804015,0.61135477,0.75966716,-0.64066315,1.9373512,0.7887581,0.15298374,0.13337255,1.3218728,1.1216636,0.22326493,-0.039510846,-1.309029,0.79036766,0.98528224,0.03981623,-0.9191866,-0.3918923,-0.50657064,-0.36572275,1.5420423,-0.87006134,-0.5859067,-1.0482593,-0.44250536,-0.65563637,0.062239304,-0.9672484,-0.36053392,-1.132907,-0.14212205,-0.57602626,0.058837194,0.22968082,-1.2492899,0.05924676,0.5449963,1.4073969,0.32208678,-0.041279197,-0.014713843,-0.5972651,-0.061803818,-1.0810729,-1.2131767,1.1985322,-0.40766647,0.5656875,0.18568355,1.0063124,2.0846982,0.64803606,-0.39168772,0.0797886,0.64535373,0.17796534,0.07115593,-1.0592837,0.09297732,0.021124989,-0.20875531,0.80126125,-1.5636963,-0.41067111,-0.12473763,-0.049536645,0.3170832,0.4350296,-0.36069146,1.0167495,1.3053786,1.1080517,-0.7540547
ト,-0.73428714,-0.77327985,0.7888236,0.9494214,-0.45199633,-0.57187307,-1.0156972,0.36781684,1.5371953,0.33509383,-0.1375174,-0.15020694,-2.152801,2.6656852,-1.0284344,-0.21563303,0.811681,-0.9402297,0.26379648,-0.66332966,0.55762416,0.5969896,0.4543256,-0.7772191,1.1352667,0.9676857,1.1165098,-0.21676287,-1.0026505,-1.090689,0.13663426,-0.5106671,-0.80808437,-0.18982938,0.4139793,-1.1267059,-0.88773763,1.6905733,0.31576678,-0.44740957,-1.3041823,1.3918421,-0.13774571,-0.3649102,-0.52508575,0.10859704,1.815971,-0.2896308,0.08644665,-0.26335353,-0.34668386,-0.14127198,0.08016448,0.76873225,0.64287937,-0.12521115,0.70064723,0.48368073,0.12731773,-0.6642415,-0.11847973,0.66873896,-1.1914196,-0.30978465,-0.10888801,0.82883596,-0.060161125,-0.07034242,-0.2977532,-0.2130194,-2.3128884,-1.3266827,0.075531065,1.3721888,-1.8296779,0.765881,0.1004529,-0.6783265,-0.20131168,-0.77446264,0.2349985,0.56827915,-1.2107115,1.543688,-0.8282054,-0.4945101,-0.3562739,-0.5482017,-0.7177436,-0.29651448,-0.7458795,-2.029341,-0.8620241,-1.5553906,1.3112338,0.24916139,-0.17109506,-1.2002659,-1.1071908,0.58508873,-0.14691833,1.8434588,0.23273647,0.23178911,-0.7288376,-0.62161815,-0.7494578,-0.2905702,-0.8477832,0.98791915,-0.14254375,-0.22109327,0.17072758,1.6602815,0.8212016,0.506112,-1.3732831,-0.25745386,-0.595806,0.47030193,0.86032546,0.6796268,-0.79268897,0.19928315,-0.371566,0.8857525,0.030071473,-0.514943,0.34176177,0.15242672,0.48052558,0.79427767,1.8542506,0.70715725,-0.57453614,-0.6145972,-0.31528467,0.25794545,0.38923985,-0.6855406,-1.2086345,0.11518582,-0.43115014,-0.4254697,0.53393376,-1.635088,0.2633613,0.96737653,1.1534208,0.011180038,-0.5214292,-0.39690915,-1.763958,0.9008627,1.3415943,0.5918759,0.45559788,0.040161014,-1.5227207,1.145578,-0.36475238,1.5422723,-0.5388737,-0.14892527,-0.39514837,0.7299499,-0.57368726,0.4536666,-0.94287,-2.6840475,-0.33287898,0.5586032,0.6329532,0.058519162,0.6935285,-0.09380284,-0.27832526,0.45156765,-1.1211536,-0.42031628,0.6034237,0.79641485,-0.13177493,1.4272435,0.1058857,-0.03025248,0.9687025,0.58855,0.20908657,-0.4315269,1.4765556,-1.0424603,0.81226176,1.2671342,0.538609,2.8032227,0.9703862,-1.920606,-1.1495745,0.8970772,-2.448067,-0.82764643,0.9090551,-1.551292,0.8178278,-0.7471336,-0.8790817,1.7652744,0.08718623,0.5246135,-1.1963016,-0.91807306,1.1573819,0.72439325,-0.49028045,0.16019729,-0.7281543,0.3634591,0.032488912,0.15778425,0.46107212,0.624329,0.2588422,1.2086294,-0.8390905,0.283858,0.4159022,-0.3392802,0.093456745,0.79688054,-0.74709105,-0.26343283,0.18228099,-0.016753137,-0.529156,-0.0392849,0.007249287,1.1668969,-0.52784663,0.66511494,0.32415205,-0.50231344,-0.011653352,0.3945569,0.57371455,1.0151922,1.726202,-0.118458726,-1.8655996,-0.5827371,0.38386947,1.0999625,0.5100687,0.13042133,0.4203774,1.5890238,-0.805268,0.05847745,-0.5687282,-0.01679126,-0.1267077,0.65705955,0.20832722,0.04720976,0.055922102,-0.6670749,-0.43988284,0.06906762,0.51233536,-1.1285491,-1.1363379,-0.022995364,-0.97064036,-0.31075156,0.7985703,0.14474258,-0.70995724,0.022257369,-1.6234658,0.6059875,0.3012935,-1.9376252,-0.52021,0.30485886,0.12508193,0.6704341,0.45042357,0.25749072,-0.25917646,0.687045,-1.5810955,0.68063325,0.40078783,0.40654474,1.4170374,0.24456902,1.3296136,-1.0996089,0.44477463,-0.8087309,1.1079469,0.74054897,-1.527269,1.567127,-0.47142678,-0.16034953,0.781411,-1.1327105,-0.64266026,-0.9651302,0.07774909,-0.46579432,-1.2848185,1.4320246,-2.356457,1.1655554,-1.2462443,-0.69019985,-0.6938964,-0.52908534,-1.1390893,0.19609043,0.1591457,-0.3133805,0.7934,0.2770211,-0.32695374,-0.15852913,0.090212345,1.1810114,-0.5609647,0.83823025,-1.1655796,-1.553199,0.14660421,0.14176437,-0.9514592,-1.4238077,-1.495374,-0.39302653,0.12277136,-0.5978714,-0.6267445,1.1568897,-0.32161084,0.14137223,-0.9898499,-0.3489279,0.34455624,-1.1926893,0.95184296,-0.29220948,1.7959168,-0.67606986,-0.06948183,0.5619611,-1.3575387,0.33306324,-0.31633863,1.5999451,0.6770792,0.76722306,0.37675247,0.6326406,-1.3042171,-0.4932739,1.6252747,0.17417827,1.855573,0.5559427,-0.39153576,1.3498755,0.2801435,0.59164315,0.03532607,-0.40892285,1.4162413,-0.39737213,-0.8687922,-0.3393607,0.18624178,-0.2037349,0.22525673,0.6239358,0.7245231,-0.30799416,0.6106936,0.4833004,-0.8068975,-1.2113298,-0.6940382,0.96836394,1.216584,1.8204043,1.7016274,-0.17134476,-0.754746,-1.7565925,0.21431994,1.1854249,0.8168092,0.27457756,-1.1433494,0.4402309,0.58098084,0.45542178,-1.3150336,-1.5618583,1.7821738,0.0528764,0.6354024,1.7716694,-1.0293562,-1.5012902,-0.4662345,0.4265767,-0.31008834,-0.2606693,-0.7975209,0.5206717,-0.6698834,1.2999306,0.89944476,0.12719058,0.32001352,-0.42699233,0.4543925,0.3457335,-0.10929308,-0.8029946,0.24393621,0.2382462,-1.2290148,-0.3804539,0.43082374,-1.9745884,0.7188927,0.098360434,-0.111104414,-0.50034267,-0.58080864,-0.8964918,-0.39328036,0.103226766,-1.2185746,-0.17659245,0.47945386,-1.6340942,-1.2088,0.9141879,1.4024954,-0.5340754,-0.20018776,0.12572998,-0.344576,0.27259532,-0.24911161,-0.14411837,0.39190343,-0.16670409,-0.24656518,0.40210885,-1.402758,-0.08876266,0.03148403,-1.3139236,-1.6784817,1.4863197,0.6169957,-1.0198762,-0.523799,-0.3540217,-0.3626749,0.41307026,0.35199004,0.34146315,-0.055581592,-0.5414721,-0.37476176,0.03278603,0.82307434,-0.20732078,0.032824744,0.4059543,-0.18854955,0.11222392,1.5969261,-0.06612784,1.479074,1.5123987,0.5053245,-0.20926233,0.7179252,0.35628992,-0.26895222,1.0171435,-1.0021039,-1.0522851,1.8025993,-0.5187699,-0.79623747,0.13373089,1.0750712,-0.7898966,0.12453969,0.16918027,1.2767377,0.87334716,1.2474444,1.3765898,-0.02699853,-0.5487649,-1.0335549,0.3244763,-1.4581324,-0.25797823,0.015497637,0.7937099,1.9981368,-1.0799944,0.5181523,0.6545186,-1.0190846,-1.1199738,0.5443481,0.54289424,-1.08207,-0.22499728,0.57110083,-0.9907173,0.34142202,-1.2314255,-0.64973867,0.7079803,0.8462081,-0.6721565,-0.67556274,0.9254511,0.5391525,-1.0189508,-0.00928818,1.2055734,1.2505729,-0.9184459,-0.9425883,0.8872992,-0.51265866,-1.8516073,-0.64824516,-0.6951164,-0.5958935,0.14816296,-0.5031188,-0.24935809,-0.6289319,-1.2075701,1.5664511,0.5749079,-0.65100473,0.6825837,-0.8136095,1.5313399,0.10950045,-0.5572947,1.1594487,1.2784739,-1.7678394,0.72972155,-1.5130359,0.7086073,-0.626643,0.85734004,0.9278444,0.94061106,-0.17483786,1.0406231,-0.35033613,0.10814136,0.22439651,0.2658084,-0.2901062,0.95454866,-2.0041966,1.2688007,-1.1906533,-0.5018172,0.8207625,0.6981584,-0.5560298,0.23909053,-0.9787003,0.7165457,0.5733155,-1.2169511,1.4004409,1.6274636,-0.46777576,-0.5360751,0.27035713,0.4458438,-0.6455928,-0.23123069,2.1606512,0.13395153,0.34350416,-1.1849658,-0.5038103,0.21303272,-0.31652975,-1.2336559,0.18037078,-0.4699115,-0.08473062,-0.037605237,-0.12695566,1.0403631,-0.56572306,0.5731249,1.1080834,-0.95698565,-0.21383584,0.17905845,0.057301305,-1.2445506,-1.5281174,0.16382013,0.19024459,-0.30563563,0.24765682,0.4978427,1.4853106,1.0721622,0.071945176,-0.5983776,0.72376573,1.0966387,0.51641744,-0.75501096,-1.2404345,0.4570431,1.2471548,-0.6492276,0.45038682,0.01875503,-0.3463852,-2.2670836,1.2029421,0.4411955,0.44046444,1.1461872,0.3040469,0.574209,1.0614427,-0.63155496,0.10552416,-0.04670574,-0.654544,-0.1431975,-0.03174982,-1.2206752,0.24321178,-0.3739175,-0.6349762,-0.45895267,0.55819064,-0.89875287,0.61009026,-0.4281327,0.8578726,0.053574078,0.11304879,-1.2407914,-0.3645157,-0.72809947,1.2492752,1.5891232,-0.21725246,-1.0213737,-0.24477391,1.2251824,0.62743896,-0.14660498,-0.1410939,-0.13081151,-0.17310777,-0.61163056,-1.2282915,-0.5157842,0.37680414,0.54756975,-1.0895332,1.5206897,-2.2358727,0.5104161,0.1928314,-1.3829606,-0.13124853,0.27592105,-0.997859,1.8912151,0.9466642,-0.26656428,-0.02133962,0.43515557,0.9493834,-0.07471351,-0.4099257,-1.6566784,0.49029884,0.56177485,0.31700838,-0.72874796,-0.17717193,0.8773449,-0.466933,1.3737899,0.012985563,-0.62735194,-0.6318878,-0.119718745,-0.6201571,-0.72313035,-0.27605635,0.23594601,-1.7838795,0.4471895,-0.64954555,-0.7798805,-0.051634688,-0.5240873,0.34199858,0.2655065,1.0765302,0.8922122,0.6403893,0.15299304,-0.5108081,-0.39502826,-1.1339214,-0.7701262,0.8558216,-0.487148,-0.1503405,0.5785335,0.7611083,1.3358567,0.3315208,-1.5261605,0.16823079,-0.08635157,0.54476464,-0.08522546,-1.0767273,-0.5479566,-0.25465536,0.9125956,0.57995176,-1.6367595,-0.52774775,-0.29616886,0.6263832,0.24834831,1.6123447,0.63471186,1.0641165,1.4245297,1.2734749,0.023129558
イ,-0.53885853,-0.5452687,0.52729046,1.4393711,-0.85997057,-0.029904282,-1.0910559,0.3995226,1.0520799,-0.47589892,0.8114893,0.3867739,-1.2682683,2.1625395,-0.6767045,0.18151785,1.3045957,-1.4248161,0.31537902,-0.4465352,0.89107955,0.061094146,0.6160159,-0.6282186,1.3520749,0.66668814,0.80802584,-0.3914362,-0.17380694,-0.85673225,0.021098996,-0.47063708,-0.8194517,-0.74831903,0.48135194,-1.2541664,-1.3126243,1.1832471,0.07582313,-0.6222684,-0.9986973,1.002421,0.16952933,-0.16759054,-0.287283,0.0594822,2.026729,-0.83159894,0.9763096,-0.57041824,-0.45586437,-0.5337856,0.56659824,1.2615271,0.7978573,-0.077524796,1.1175133,0.6783028,0.5979246,-0.28324056,0.4942301,0.7314636,-1.2280474,-0.09313154,0.29576123,1.3149683,-0.08356024,-0.16932218,-0.17413184,-0.61336935,-2.4054737,-0.84106654,-0.24301605,1.3094006,-1.5092571,0.6968714,-0.017585302,-0.72665673,0.35102946,0.18601017,0.8882114,-0.22419019,-0.8562662,1.0986602,-0.8155063,-1.310435,-0.7348834,-0.075189605,-1.431784,-0.3930586,-0.03462434,-1.2186068,-1.2762878,-1.6289608,1.1951317,0.04616119,-0.776051,-0.97884595,-1.2862937,0.16472177,0.50888526,1.1991794,0.019586539,-0.191885,-1.0090016,-0.22532625,-0.5697354,-0.54555076,-0.93855715,0.6929299,0.48089662,0.77006114,0.90949565,1.2507145,0.5924241,1.0634831,-0.8197929,-0.48147494,-0.8185484,0.5238849,0.88074493,0.536096,-1.0176736,0.710801,0.032742202,0.78552896,0.20605871,-1.1768539,0.6445751,-0.08288114,0.7960521,-0.42512417,2.093614,1.0404527,-0.33657187,-0.78893983,-0.39375207,-0.20858924,0.46342626,-1.1912619,-0.44327483,0.16251954,-0.21954258,-0.16701421,0.17610584,-1.3395202,0.39353365,0.8209993,1.538996,-0.30961013,-0.48450214,0.12402298,-0.9775132,0.38766375,0.9351939,0.021529574,-0.1447269,-0.3055943,-1.3235776,1.2285817,-0.07486127,1.2313341,-1.2815518,0.40810472,0.36007446,0.59022444,-1.0315912,0.612816,-1.091202,-2.1125875,-0.34307548,-0.10092001,0.5203464,-0.0852642,0.7589942,0.010979402,0.41518626,0.38680992,-0.70368356,-0.44903857,1.1995595,1.1061993,-0.019387633,1.0823905,-0.24844599,0.5041427,0.4799862,0.70952785,0.59825265,-0.06801992,1.1787057,-0.54087543,0.9442401,0.7118319,1.080736,2.559237,0.7237819,-1.6654905,-1.510258,1.1639097,-1.9040906,-0.46821588,0.9710165,-1.0408472,1.1866751,-1.1016841,-0.9417504,2.0623083,0.42573476,0.33421472,-1.4677632,-1.0007651,0.46884617,0.4837734,-0.85857546,-0.25140673,-0.6254411,0.63677347,-0.17614093,-0.28889522,0.6641556,0.6901762,-0.14851709,1.6426045,-0.51293415,0.3360845,0.41330534,0.4153542,0.7957558,0.3542512,-1.2250772,0.53359634,0.70195293,-0.20397648,0.019489134,0.023748506,-0.8417946,0.64720756,-0.51070863,0.9217653,0.4897322,-0.39572543,0.17257491,-0.11973665,0.6785151,0.95118886,1.5460546,0.69775784,-1.3324169,0.23318724,0.08001722,1.2635354,0.14609395,0.1330287,0.48342806,1.1208571,-0.18962447,0.15311226,-0.3987652,-0.5577128,-0.23557432,0.54235864,-0.06378814,0.098281324,0.12438355,-0.3024003,-0.52758014,-0.09778521,0.0488498,-0.58648765,-1.0650803,-0.6694292,-1.705411,0.26147696,0.3882977,0.82067126,-1.0843699,-0.95975304,-0.78390676,0.8992241,0.4808514,-1.722969,-0.62548894,0.052590825,-0.58405536,0.41976032,0.12595092,0.24902074,0.4651327,0.61175525,-1.7784182,1.5321475,-0.1690773,0.86658764,1.2624202,-0.059414364,0.95044994,-0.65480506,0.25123537,-1.0998262,0.48729697,0.63079405,-1.2138022,0.45278144,0.18958631,-0.5783576,0.8961589,-1.1492664,-0.4936784,-0.9116682,-0.16460936,-0.15651695,-1.1888373,2.0846958,-2.541341,1.7291933,-1.4885585,-0.4451092,-1.0545313,-0.7516948,-1.1601523,0.4760489,0.36767784,0.26073754,0.78826797,-0.44179732,-0.046783697,0.042616226,0.29487914,0.52100563,-0.3491981,0.7320272,-0.6209434,-1.5443404,-0.35401842,1.0345163,-0.7616557,-1.77766,-1.0353211,-0.32369274,0.16250895,-0.93812686,-0.43977594,0.530837,-0.3333586,0.3622535,-1.2128073,-0.29077783,0.41458973,-0.76919883,1.0091195,-0.6364277,1.6943076,-1.2225283,-0.16175401,0.7165562,-1.6173751,-0.3812974,-0.41961783,2.3223002,0.7955981,0.89540136,0.2853654,0.43289524,-0.18976755,-0.50784165,1.3017714,0.39045373,1.6999781,0.20488882,-0.37405854,0.9707383,-0.098579705,0.09284051,-0.23407197,-0.025433863,1.7293632,0.14368714,-0.65274245,-0.12229009,-0.37384036,-0.41432372,-0.19508228,0.098832905,-0.04496957,0.07181649,1.0653651,0.81202495,-0.5187885,-0.6069098,-0.37647873,0.5357479,1.0771307,1.5106637,1.2601738,-0.017105306,-0.946226,-1.7614548,0.653737,1.1258075,0.58927166,0.23869899,-1.8812742,0.2600755,0.49012318,-0.028190589,-1.2878736,-1.9547743,1.7146736,0.82924527,0.75031734,1.435297,-0.6279211,-1.046673,-0.360534,-0.041789304,0.3636529,-0.85143006,-0.8835273,0.47947305,-0.11096668,1.2681582,0.6452317,0.30597156,-0.14378525,-0.17638049,0.7582589,0.5032952,-1.1247141,-0.29327163,0.17499268,0.23801789,-1.0684034,-0.8294405,0.10634027,-1.7363096,0.42013377,-0.4389752,-0.6503024,-0.12760513,-0.72761655,-1.2299887,-0.9705413,0.2494183,-0.7970406,-0.7077808,0.81010187,-1.3517746,-1.3893907,0.78550756,1.8465712,-0.94511974,0.9681269,0.50846016,0.36338967,0.7838764,-0.5171084,-0.22032115,0.32388657,-0.9865093,-0.062976554,-0.49843368,-1.178568,-0.17910443,0.5073601,-1.0631869,-1.021883,0.9525563,1.0626695,-1.8804781,-0.7040914,-0.22847912,-0.48289284,1.2125357,0.69658124,-0.25094184,0.0027218342,-0.6514419,-0.27778295,0.17742923,1.197264,0.06444137,-0.020605754,0.25662845,-0.40154725,0.48230606,1.3719869,-0.050532557,1.1469,1.3592136,0.38015577,-0.67220956,0.41661006,-0.031047821,-0.16625759,0.7550289,-1.177787,-0.92659664,0.947615,-0.47259647,-0.9799665,-0.21622677,0.6007835,0.18374199,0.30777153,0.61735207,1.3110434,1.546004,0.99671125,1.7063278,-0.36446643,-0.76704836,-0.51114976,0.27364725,-1.2936604,-0.9979126,-0.20277894,0.82699573,1.7910007,-0.27860427,0.5268489,0.5951656,-0.78288656,-0.93668365,0.19942439,0.16330571,-0.51897824,-1.0761833,-0.22964275,-1.5129255,0.07541479,-2.2276347,-0.34356886,0.8497429,1.079962,-0.76809347,-0.24051785,0.9300803,0.25470763,-1.266895,0.088354126,0.89240617,1.3194339,0.23259494,-0.65029335,-0.14221902,-0.68036306,-1.2214067,-0.24097757,-1.037013,-0.6588448,0.01653571,-0.25651556,-0.19408529,-0.97639114,-0.8884199,1.8134816,-0.37620735,-0.5487788,0.72129226,-0.8768876,1.1285517,-0.7229332,0.14113544,1.4508476,0.72426164,-1.4626657,0.5738646,-1.4833338,0.42052326,-0.48163238,0.5145869,1.0947664,0.32069683,-0.5215608,1.3159729,-0.61024445,-0.3651638,0.05251385,0.71943694,-0.38470623,0.1466413,-2.1474552,1.0603471,-1.830238,-1.0670637,-0.023872375,0.17878476,-0.7032091,0.4865168,-0.14063708,0.4215842,-0.10587355,-1.1095015,1.2211878,1.6452096,-0.564588,-0.85219276,0.7741982,0.50096405,-0.44343954,-0.0053865076,2.8449368,0.56867605,0.9873408,-1.3708924,-0.95340663,0.7228011,-0.47390383,-1.108671,-0.55819,-0.003468904,-0.1287156,0.41397142,-0.6348971,0.9435857,-1.1212593,0.25844786,0.9291986,-0.22727461,-0.26613468,0.42911267,-0.6458343,-1.3132439,-1.0359883,0.44243878,0.4595228,-0.754319,0.45828828,0.35500556,1.7669861,0.82288283,0.0802055,-0.7260111,0.9602059,0.757432,0.58678025,-0.63867855,-1.4287933,0.48298454,1.1086578,-0.55030525,0.53730184,-0.032934297,-0.55068403,-1.6711922,1.2374328,0.526001,0.3083117,1.0239334,0.28325984,-0.13760045,0.46184254,-0.14987977,0.23137578,-0.20507845,-0.4884718,0.0025299191,-0.31413144,-0.8047956,0.15122978,-0.80827886,0.27201912,0.0012533665,0.8650697,-1.5850874,0.4129118,-0.17559053,0.68463576,0.18253665,-0.23784068,-1.5760982,-0.610206,-0.29235592,2.1080647,1.0977728,-0.05758535,-1.5681612,0.15650234,1.3316416,0.23772562,-0.3083445,0.15169254,0.2038844,-1.1163919,-0.15486369,-1.3735049,-0.22664285,0.72416055,0.35222748,-0.82480824,0.5926799,-1.6405623,1.0430958,0.3112936,-0.8718076,0.17423911,-0.14941597,-0.61619467,1.8895384,1.1410617,-0.28329498,-0.016115412,0.45892397,0.91861475,-0.3686683,-0.1367007,-1.4816715,0.80033934,1.3117778,0.74508286,-1.3601321,-0.1578779,0.37636036,-0.19435036,1.2498673,-0.36220446,-0.43861732,-0.69770545,-0.3897449,-1.36151,-0.4405046,-1.0532619,0.30200347,-0.84107983,0.29780197,-0.31802708,-0.6948232,0.52605355,-0.8229513,0.34288818,0.28605163,1.0004773,-0.16740727,0.69122285,0.48013154,-0.7527572,0.026348019,-1.1101644,-0.17635772,0.3739899,-1.0814382,0.38493288,0.56326866,1.1507791,1.5615872,0.26973116,-0.6949886,0.45609704,0.16323915,0.38521823,0.07558468,-1.1382842,-0.4366111,0.5003038,0.13028279,0.739838,-0.77015364,-0.5994337,-0.015391374,0.5200107,0.19827268,0.47061235,0.11361792,0.4316576,1.3822323,0.85752267,-0.33773032
ッ,0.24182715,-0.089727215,1.0147123,0.75035423,-1.4928982,-0.6284794,-1.142501,0.75328517,1.2136673,0.4838766,0.2389936,-0.8972492,-1.9326217,2.6626053,-1.3609452,0.56397164,1.1204736,-0.5541885,0.08923208,-0.25975,0.27108914,0.3489926,0.44625923,-1.0033164,1.210112,1.1159202,1.4954056,-0.013031229,-0.1938641,-1.106779,0.07009379,-0.5091471,-1.4230857,-0.01922934,-0.3392014,-0.6114019,-1.019187,1.3669035,0.009236312,-1.155675,-0.73337036,1.0772275,0.8247446,0.027834132,-0.7514624,0.15401518,1.9473127,-0.88179255,0.8112124,-0.63887465,-1.4631995,-0.092805274,0.78348476,0.5439862,1.047366,-0.2147645,1.3538636,0.6838927,0.2498881,-0.43455958,-0.25465465,0.32058135,-1.0144234,-0.6902716,-0.49876118,0.14328831,-0.51943386,-0.14411902,-0.0469198,-0.23856506,-3.1509686,-1.6912358,0.063014746,1.7281077,-2.1473408,0.53867257,0.17374928,-1.2745197,0.38103938,-0.059010126,0.06741679,-0.70073926,-1.2136883,1.4485562,-0.8631347,-1.9371631,-0.34805855,-0.73893875,-0.49077195,0.00940235,-0.8549162,-1.7408328,-1.0137367,-0.78441226,1.6788319,0.31058955,-1.1355941,-1.4573171,-0.9190955,0.06807986,0.55569375,1.8670517,1.318274,-0.28821015,-0.8800331,-0.9952817,-0.7967305,-0.16768818,-1.270518,0.46827048,0.26782775,0.12080785,0.9727353,0.94785863,0.26309398,0.8456499,-1.6593379,-0.47633016,-1.1686782,0.7366017,1.1091341,1.5520205,-0.10258119,0.7107485,0.0068929903,0.5978319,0.16303621,-1.5068301,0.4535957,0.7596257,0.9184869,0.51355696,2.5399637,0.88788533,-0.6506187,-0.9497248,0.5361881,0.2610365,0.5396639,-1.2563046,-0.67681295,0.38171774,-0.49218762,-0.5384825,0.8568088,-0.7638159,-0.11220741,0.40862763,1.330459,0.2266229,-0.17410691,0.10273676,-2.2027695,0.65192795,1.6447852,-0.49460262,-0.81800157,0.79416764,-1.0142602,0.84886575,-0.76850176,1.5913421,-1.344662,0.92058027,-0.6902788,0.76327837,-0.86439496,0.2618366,-0.96313775,-2.2537613,-0.18108761,0.25942105,0.676256,-0.1956616,0.41764212,-0.005300641,-0.037544098,0.6960626,-0.9628941,-0.61745816,1.9401611,1.2721621,-0.15157175,1.5648106,-0.003026858,0.6289658,0.89222986,0.7141045,0.97670174,0.12970641,1.8760331,-0.7850425,0.43336552,1.1444898,0.24824345,3.0908926,0.56179106,-1.4946113,-1.7210118,1.3985335,-2.722784,-0.6024784,1.370472,-1.9673979,0.09857922,-1.3463233,-0.8301907,2.1107864,0.94945896,0.55966765,-0.90773666,-1.4416542,1.5749214,0.8167265,-0.25829783,0.06564543,-0.62409276,0.70380586,-0.03289774,0.0724917,0.7452859,0.68504727,0.3112633,0.7301364,-0.49302047,0.6872506,0.05430412,-0.4631672,0.20772128,0.68084186,-0.79993415,0.50726116,0.2173169,0.14053114,-0.031575635,0.48904097,-0.5720655,0.8991644,-0.74624455,1.1214674,0.8636843,-0.115217686,0.0947039,-0.35216764,0.7644758,0.87649834,1.5884938,-0.71474826,-1.8889207,-0.46870217,-0.13136439,0.91690135,-0.028985478,0.74241567,-0.012015924,1.8440039,-0.25215226,-0.22559467,-0.69079167,-0.9973688,-0.18315607,0.724324,0.11847368,-0.7435889,0.0030444562,-0.8065374,-0.7062605,0.22080308,0.4478255,-0.86297333,-0.5765539,-1.0450349,-0.56648695,0.2937307,0.7532393,0.27857134,-0.5466448,-0.8630975,-0.45426363,1.309419,0.2557359,-2.2783427,-0.22658071,-0.37816978,-0.9973972,-0.089972034,1.5795293,-0.46404743,0.042566195,0.27657977,-1.0452632,0.9273284,-0.5852387,0.8945546,1.7354183,0.5362485,1.0177486,-1.2225456,0.17859687,-0.24191642,0.6788905,0.24186698,-1.2256314,1.390968,-0.98575664,0.44252902,0.9970437,-1.3222322,-0.42417526,-0.8436709,0.042405516,-0.4000217,-0.9667102,1.432436,-2.7700744,2.2431414,-1.5665324,-0.5933921,-0.7420489,-0.38840386,-0.43598646,-0.49728632,0.325782,0.016966254,0.85782707,0.19887732,0.45193258,-0.13055637,-0.5850649,1.2216334,-0.4895887,0.62325084,-0.62694514,-1.3392372,-0.42652848,0.86762035,-1.6994551,-1.3579232,-0.9026724,-0.1281723,-0.09808336,0.3012,-1.231503,1.2912471,-0.15310723,-0.056487415,-0.96017736,-0.97517496,0.36685526,-0.8549687,0.4871677,-0.3770531,1.4716161,-1.3479985,-0.01394707,0.9563742,-1.1523371,-0.21880838,-0.78200203,2.0507288,0.87166274,1.2455049,0.64359736,0.64033234,-0.026854709,-0.58812445,1.7460532,0.70751226,1.984682,-0.14852285,-0.38391754,0.6458911,0.09150755,0.60157514,-0.58123165,0.06596069,1.8197751,-0.51939845,-0.72555393,0.30636942,-0.22498128,-0.58588773,-0.025380794,0.8225043,0.93257374,-0.2212801,0.36411518,0.40891,-0.35524997,-0.92547965,-0.78119105,0.63134396,1.7977333,1.3482633,1.9428269,-0.5743492,-0.30089658,-1.3207808,0.9368949,1.5733418,1.3451122,0.038393702,-1.5480064,0.70966566,0.29190865,0.65898365,-1.9070413,-1.6755927,1.2523298,0.13951397,0.41210267,1.7901177,-0.7524011,-1.1513,-0.4421121,-0.38353312,0.24633169,-1.4223065,-1.084068,-0.40757257,0.4258352,1.1308537,1.1857389,1.3021073,-0.4095467,-1.28151,0.4343877,-0.25469598,-0.18631338,-0.24551348,0.21810783,-0.05213441,-1.2583483,-0.2713478,1.0268058,-2.1414285,1.1128683,-0.10341125,-0.47348666,-0.10354683,-0.07889399,-0.9973426,-0.37820503,0.34951746,-1.3352263,-0.02448091,1.0410885,-1.1033833,-1.1336703,0.483,0.55770224,-0.41604227,0.61381394,-0.06756968,-0.37856624,0.4822731,-0.19347107,0.039892092,0.037011623,-0.52054775,-0.258964,-0.2606636,-1.3745942,-0.5090866,1.3926684,-0.81658834,-1.1582832,1.0879761,-0.031639643,-1.0088712,-1.3341507,-0.48515198,-0.32074565,0.58372366,0.5484425,0.39567536,-0.0637043,-0.38855502,0.14599827,-0.37968537,-0.11093434,0.068455406,0.37047887,0.090973996,-1.0643462,0.66224146,2.3254786,0.2680353,1.4872793,0.8030554,0.7958427,0.3978667,0.9916817,-0.39964515,-0.2769571,0.71653897,-0.6820332,-0.68871903,1.3144754,0.108454645,-0.7621548,0.032563917,1.1717494,-0.03443585,-0.4938028,0.2590108,0.33507243,1.1191398,0.7863411,1.4835725,0.58528566,-0.35206747,-1.1950127,0.36010665,-1.5186694,-0.18922088,-0.63008106,0.44695082,1.3042338,-0.4300552,0.68748116,1.0724196,-0.74764395,-0.87002856,0.7147003,0.13918084,-0.40966547,-0.76001143,0.6478711,-1.3633564,0.30447435,-2.1801708,-0.65951806,1.0489643,1.7599895,-0.6006982,-0.21901074,0.17070118,0.7015768,-0.7263849,-0.409949,0.48910785,1.1416417,-0.47336957,-0.6357837,0.63159806,0.26001853,-1.2362629,-0.36279964,-0.89748657,-1.4806604,-0.10109739,-0.6355064,-0.38438314,-0.34084493,-1.1220951,1.6848944,0.24756294,-0.41053817,0.8651536,-0.7056835,0.60201097,-0.040828954,-0.22223668,1.3850443,0.8190579,-1.3247842,0.64949274,-2.0308976,1.40822,-0.42641288,1.7599963,1.5755314,0.9067808,-0.53239506,0.8529222,-0.4737486,-0.19697002,-0.66786015,0.064450234,-0.7265105,0.42030692,-2.1891139,1.4129782,-1.4855314,-0.20705353,0.58152986,0.2626468,-0.5838939,0.8862793,-0.4590665,1.006365,0.5419044,-1.3403572,0.6402292,1.8891692,-0.21383756,-1.5444913,0.35112464,0.27147546,-0.40224054,-0.64015484,2.7564213,0.1401995,0.41664422,-1.1385964,-0.7165816,1.7929002,-0.42941228,-1.002678,-1.1408038,-0.51637906,-0.40885997,-0.39675796,-0.52961135,1.3913776,0.05063886,0.80051404,0.86131924,-0.87693906,-0.29858664,0.17126997,-0.7625635,-0.20898074,-1.63919,0.6796597,0.10671577,-0.6312865,0.53508526,0.9408293,1.437906,0.6876336,-0.22827189,-0.9064567,0.5349387,0.7359674,0.7630205,-1.1289636,-1.5395478,0.67238843,0.63826144,-0.348589,0.32808056,0.7669737,-0.24551538,-2.3354895,1.085742,0.14844494,-0.21579696,1.3210977,-0.24735817,-0.22631057,0.64419234,-0.2776665,0.120749444,0.19506636,-0.83963406,-0.1670832,-0.57962215,-1.4141448,0.060386594,-0.270901,0.30516815,-1.048192,0.5517942,-1.5041091,0.81382406,-0.21650995,0.33567056,0.41138273,0.46682617,-1.8313797,-0.63365567,0.28585476,0.8423187,1.391722,0.15128514,-0.15751955,-0.64445925,1.459816,0.9064915,-0.04331347,-0.3156156,0.46797922,-0.15860623,-0.02414727,-0.7424404,0.42507344,0.29344392,-0.6275961,-1.1732755,1.2459472,-2.0124443,0.98719347,-0.24919574,-1.3448944,0.005855955,0.37862757,-0.69857585,1.5870389,1.1854306,-0.5174388,-0.3881914,0.77662647,1.2204467,-0.89962083,-0.6087153,-1.3683419,0.5797424,1.7601216,0.3997246,-1.075978,-0.2820167,0.08283721,-0.90712273,0.92308193,0.19275326,-0.34190565,-0.88070285,-0.36315382,-1.5734644,-0.53986037,-0.15087034,0.6438844,-1.0214189,0.34119096,-0.0781527,-1.5689247,0.4478745,-0.16510367,-0.24070731,-0.6150378,1.0391371,0.08016443,0.38841054,0.50239474,-0.55779195,-0.8875282,-1.454246,-0.40556952,0.444646,-1.1229736,0.2148992,0.40507972,0.8910506,1.1005208,-0.022939157,-1.9298801,0.8119412,0.23757511,0.37643898,-0.5905156,-1.0755982,-0.22599019,0.18068776,0.56146705,1.2392237,-1.7986298,-0.6108335,0.013238564,0.28564596,-0.12806992,1.1011463,0.45898768,0.71205455,2.5024922,1.4674647,-0.29611126
タ,-0.93771666,-0.22037297,0.7672681,1.1603996,-0.8472927,-0.32191518,-1.1958519,0.020107428,0.93695426,-0.262091,0.7205353,-0.056934234,-1.1989024,2.0423026,-0.7883679,0.12867105,0.99018747,-1.0589025,0.3558599,-0.15777755,0.6811919,0.17075479,1.2655636,-1.2506264,0.731631,0.7834179,0.68076926,-0.049969584,-1.0050617,-0.9577963,0.55611473,-0.40912548,-0.8348984,-0.5444904,0.3323839,-1.1319999,-1.5486382,1.2999095,0.04624935,-0.1735559,-0.72682005,0.24502547,0.094365835,0.22160803,-0.6032832,0.20893542,1.8179822,-0.95377356,0.7341649,-0.6329408,-1.1230618,-0.26984176,1.0360141,0.7844332,0.52849865,-0.12715234,1.5068253,0.76118994,-0.15785848,-0.4961325,0.25905386,0.84626293,-0.74678755,-0.29121855,0.043854415,0.72794205,-0.011653404,-0.01260979,-0.45209968,-0.45535016,-2.1638753,-0.9224086,-0.35061255,1.2616371,-1.2529656,0.67724514,-0.10111791,-0.58561146,0.29912105,-0.13695632,0.4744896,-0.37841883,-1.0997016,1.7159961,-0.59580475,-1.1922024,-0.59173304,-0.43450367,-1.1236019,-0.24880804,-0.4078442,-1.487521,-1.4185972,-1.4678079,1.2503303,0.5659326,-0.7541414,-0.7804854,-0.9099389,0.11631557,0.28774247,1.6937438,0.23950428,-0.95029515,-0.9575556,-0.34565735,-1.014054,-0.5075219,-0.53173274,0.4981159,0.22025378,0.47152472,0.5132363,1.3437628,0.45190617,0.8860162,-1.0341011,-0.43493882,-0.014098197,0.76838785,1.2002109,0.30750707,-0.2949794,0.4032953,0.17510988,0.33217308,0.2563981,-1.2995692,0.044206936,0.30539832,0.7791629,-0.25704286,1.7861048,0.69216806,-0.5265225,-0.5175296,-0.14615072,0.16193607,0.61689544,-0.787364,-0.82379264,0.43020535,-0.68489295,-0.34865937,0.011890084,-0.81328815,0.15886475,0.75591,1.4648241,0.3681406,-0.32399967,-0.091801845,-1.486771,0.25859207,0.71936923,-0.3337648,-0.08276317,0.363587,-1.2369622,0.9081412,-0.34670344,0.9410498,-0.7840934,0.401787,-0.038993035,0.6100716,-0.6050797,0.6925392,-0.67126656,-2.0489337,-0.4178636,-0.36757088,0.4478139,0.1567529,0.7050684,-0.05024478,0.35285234,0.34766838,-0.8991712,-0.36349678,1.0570203,1.1510245,0.10808343,0.99819535,-0.50928164,0.26766008,1.184232,0.37452796,0.85437304,0.84574395,1.1323458,-0.7424965,0.89929885,1.0196491,0.74985963,3.1993732,1.1627451,-1.3742079,-1.0743979,0.98297626,-2.617882,-0.35739318,0.7163126,-1.5390649,0.89630127,-1.1542503,-0.8917776,1.9362408,0.5124449,-0.314954,-1.2019614,-0.98249143,0.8872482,0.845161,-0.29363966,-0.15593089,-0.6071833,0.4783111,-0.27171203,-0.4283044,0.69790715,0.6050896,0.25305927,1.2254672,-1.0687672,0.29555547,0.35208145,-0.31143928,0.0670884,0.5705753,-0.8564791,0.6280689,0.45192865,-0.1287407,-0.41923264,0.41731372,-0.77000785,0.30875126,-0.45681134,0.2793332,-0.12720358,-0.5248016,0.3216763,-0.31110653,0.9315238,0.75030756,1.5352287,-0.09535709,-1.5134593,-0.31371665,-0.11555343,1.0442379,-0.10395973,0.026860485,0.8774023,1.2120312,-0.5373675,-0.07623957,-0.55310005,-0.8463811,-0.057785746,0.7692647,0.08435112,0.3417751,0.52896434,-0.41915998,-0.4436667,0.45427576,0.16668837,-1.1737064,-0.82381386,-0.5526242,-0.98801,-0.087594844,0.621707,0.37532604,-0.7930372,-0.79178065,-1.0525404,1.0773193,1.1487135,-1.8203492,-0.36813214,-0.5211571,-0.63656217,0.49850097,0.29231605,-0.44266975,0.14593808,0.4883926,-1.385193,1.5533067,-0.40398857,0.34453687,1.396246,0.4151676,0.8145583,-1.2202717,0.11841325,-0.78360826,0.21171884,1.0489429,-1.5778708,0.2601119,-0.43060324,0.022406474,1.2793814,-1.0370073,-0.6272162,-0.99686736,0.34764993,-0.5565852,-1.1112609,2.3604124,-2.2641938,1.7434359,-1.301978,-0.50565344,-0.73782474,-0.4384041,-0.9557701,0.28737065,0.511342,-0.23679101,0.72331816,0.25661638,0.17394984,0.44837895,-0.13981886,0.7898586,0.032042325,0.14065264,-0.5075207,-1.4863921,-0.23961331,0.9874138,-1.5289794,-1.2510306,-1.4173898,-0.7506291,0.0078268675,-0.29153225,-0.50153303,0.48224804,0.118730225,0.48388445,-0.6268652,-0.7668166,-0.011744052,-0.72371525,1.5607079,0.14437872,1.3080887,-0.7060253,-0.15367071,0.5056997,-1.3793416,-0.25403014,-0.25233468,1.2038957,0.6869621,0.8295166,0.3705686,0.35829887,-0.1899604,-0.82034606,0.78823906,0.3300816,1.9601116,0.14098616,-0.5642219,1.3835297,-0.014770627,0.48839816,-0.14460872,-0.501455,1.522062,0.05037229,-0.8357939,0.014336477,0.06535662,-0.09118571,0.39656815,0.28028774,-0.2674651,-0.01607508,0.8566039,1.0085822,-0.7153451,-0.8193261,-0.55849177,0.5483721,1.5704494,1.3297013,1.5065202,-0.16650264,-1.1414455,-1.7519058,0.09807179,1.521417,0.7096639,0.5586104,-1.7767081,0.33688855,0.2772188,0.22573261,-0.9211773,-1.6291491,1.6560045,0.012699435,0.46868613,1.2248806,-0.7824566,-1.6309112,-0.67104983,0.30303368,-0.25589857,-1.0326155,-0.85791016,0.5284677,-0.27349496,1.0109951,0.6639476,0.78117925,-0.21608053,-0.52160734,0.78526884,-0.13601762,-0.96660084,-0.434803,-0.003540203,0.3375021,-1.2296513,-0.8304371,0.2630573,-1.9558061,0.7368172,-0.63419586,0.33034253,-0.43698552,-0.38567957,-0.8226977,-0.533498,0.2557027,-1.0849448,-0.75686955,0.8347697,-1.6995729,-1.5175687,0.63325137,1.0222125,-1.1160002,0.48979393,0.41886464,0.077558614,0.5703053,-0.3516072,-0.56837255,-0.24910593,-0.6343623,-0.04266557,-0.2353691,-1.306103,-0.29543415,0.7621255,-1.4211537,-1.6957923,0.7239034,0.44013324,-1.6787378,-0.9359414,-0.013791335,0.058911424,0.6355106,0.72094136,-0.1880079,-0.3358427,-0.81344026,-0.025079703,0.1868189,1.0648655,-0.08757099,-0.07615383,0.1892884,-0.13408029,0.2674633,1.793005,0.37629366,1.086583,0.9286242,0.6606334,-0.17243463,0.6923037,-0.4761468,-0.24968594,0.8457826,-1.4898387,-0.5548053,1.2965765,-0.11561975,-0.6256304,-0.30529234,0.87843543,-0.30516025,-0.01619639,0.032194763,0.87489146,1.4320445,1.1297754,1.3314751,0.09744837,0.06344357,-0.4794998,0.51753265,-0.7686994,-0.59503895,0.1317637,0.3383049,2.0814855,-0.58165383,0.23609789,0.6798263,-0.7427721,-1.0064865,0.31976303,0.25788978,-0.658239,-0.5686726,0.26757994,-1.3650483,0.13728699,-1.6163688,-0.23168187,0.86456466,1.0735427,-0.665116,-0.025046458,0.7728266,-0.011992671,-1.1296033,-0.04421239,1.0982364,1.5468049,0.15486066,-1.1774517,-0.015395013,-0.5873853,-1.5056891,0.157184,-0.742465,-0.80942076,0.28946418,-0.7244644,-0.351043,-0.4166658,-0.64000165,1.5237006,0.6597726,-0.08576111,0.46893498,-0.59139585,1.0239464,-0.62223506,-0.39846858,1.1946198,0.58657604,-1.3138024,0.7858773,-1.0273165,0.95848155,-0.48200098,1.1249346,1.4313941,0.70320684,-0.17408383,1.1935452,-0.6108433,0.11331666,-0.6071938,0.446184,-0.64150715,0.36932948,-2.0124643,1.5512339,-1.3958722,-0.6813235,0.2941604,0.47814512,-0.5546236,-0.10482949,-0.361598,0.8060501,0.5802014,-0.5752507,0.50817984,1.8369595,-0.47996676,-1.1525942,0.5411493,0.32076237,-0.07714174,-0.06877472,2.4158354,0.6255005,0.79774445,-1.1532693,-1.0463648,0.374941,-0.056840375,-0.7740372,-0.65163857,-0.25307152,-0.2987603,0.035592437,-0.7103524,0.43511286,-1.1564006,0.14192328,0.6008335,-0.8585971,-0.07409065,0.369957,-0.67442656,-0.6378208,-1.0958091,0.3645165,0.573102,-0.6896927,0.6555072,0.8904424,1.5970169,0.68377393,-0.2505032,-1.1024178,0.33314282,0.62712854,0.71778345,-0.72770953,-1.3921537,0.2228626,1.0111336,-0.52823347,0.92071956,0.35744116,-0.27705988,-1.390927,1.5938463,0.60373706,0.30368993,0.6857012,-0.044614952,-0.5086451,0.5838005,-0.3364943,0.06608067,-0.034912527,-0.7036395,-0.2379204,0.5299945,-1.1021637,0.44183168,-0.3292197,0.45950523,-0.3485653,0.3287451,-1.2084174,0.8623888,0.31679758,0.7080242,0.4670917,0.14067298,-1.3838137,-0.24909194,-0.39784372,1.5421915,1.3068708,0.20487827,-1.2072039,-0.27859265,1.1958333,0.9557099,0.16343175,0.32601324,0.2790454,-0.7646541,0.113242544,-1.1569186,-0.33686733,0.24379714,0.24141239,-1.0175338,1.0211737,-2.0830677,1.1718954,-0.2107412,-1.0110692,0.06427019,0.44975075,-0.7257517,1.9647471,0.81868833,-0.106712006,-0.04246858,0.72460294,0.77419585,-0.6084795,0.0061196783,-1.4201733,1.193909,1.6749109,0.293194,-1.3316754,-0.3152174,0.6151008,-0.59505934,1.3769783,-0.3762058,-0.5230533,-0.6702272,-0.63099974,-1.4212207,-0.3869048,-0.16738228,0.21603887,-0.95751435,0.20480101,-0.49204054,-0.5484168,0.2986249,-0.29571086,0.43904004,-0.13983324,1.1807339,0.2280795,-0.037307702,0.19076318,-0.56769174,-0.19532435,-0.9556683,-0.8465337,0.7338302,-0.41067675,0.87000626,0.11681078,1.449653,1.3876858,0.332202,-1.1438786,0.31155214,0.2423573,0.42031053,0.12831742,-0.87616706,-0.37109697,0.5358339,-0.04123835,0.74910027,-1.1908233,-0.5432094,-0.02411148,0.1204274,0.60822445,0.44151405,0.27309278,0.47307053,1.3346845,1.3091065,-0.0015422255
イ,-0.5633972,-0.6199322,0.39906994,1.2959745,-0.77214324,-0.5718401,-1.7601607,0.28926468,1.4229623,-0.611169,0.026254106,0.29539317,-1.9208107,3.078158,-0.79634845,-0.02122141,0.9401227,-0.38548097,0.93736327,-0.6474556,0.38897055,0.29939896,0.85316885,-0.5614972,1.1283311,0.37594122,0.43563023,-1.1951782,-0.059643853,-1.0630946,0.13833971,-0.45815706,-0.71431166,0.29192108,-0.1465524,-1.03274,-0.95624715,0.84700185,-0.22398491,-0.5252134,-1.3673303,0.40559158,-0.097217515,0.44373894,-0.67486566,-0.1945292,1.6817039,0.26424235,0.70951885,0.19946794,-0.25422424,0.4183777,-1.1558785,0.6354968,0.3755796,-0.462615,0.7839689,1.3487715,0.45226932,-0.5719595,0.6716946,1.5753701,-1.114945,0.5829059,0.31520966,0.74418473,-0.08176114,-0.7212732,-0.43830553,-0.39460212,-2.5283403,-0.55961645,0.1068413,1.204687,-1.0135254,0.82451457,0.7258004,-0.4553121,0.151792,0.66235095,0.6180314,0.35910565,-0.7326797,1.0757511,0.12728369,-0.29800993,-0.5005334,-0.67925286,-0.9434036,-0.24321568,0.05241487,-1.8942871,-1.2391609,-1.3560503,0.67538524,-0.55918187,-0.4933024,-0.6704725,-1.0099691,-0.1148597,-0.17390397,1.4725487,-0.44027933,-0.015103099,-0.637597,-0.67301285,-0.6226118,-0.5092489,-0.52006996,1.4921913,-1.0317094,0.83171207,0.49812993,1.4097964,0.90016013,0.76607585,-1.0308245,-0.77496463,-1.5480678,-0.21262331,0.69544137,-0.13293631,-0.9788264,0.63152874,0.151464,0.6605568,-0.023358136,0.21979618,1.083852,-0.13110161,0.47825718,-0.0217219,1.8164047,0.5429398,-1.3834183,-0.55436957,-0.4353539,0.3068261,-0.55767936,-1.51559,-0.40395865,0.34163842,0.040162075,-0.4527998,0.013787043,-1.8527606,-0.19731586,0.74567235,0.59458625,-0.04383527,0.9218443,-1.005324,-1.176738,0.8551879,1.2115256,0.3888387,0.75385636,-0.23096263,-1.9108492,1.0705092,0.07597421,1.4002036,-0.7270253,-0.20785832,-0.040700294,1.6793216,-1.4026266,0.25724524,-1.3637164,-1.6458508,-0.61607045,0.3966097,0.5930728,0.38373765,0.90906394,-0.51107204,0.075592645,-0.14655848,-1.2577862,-0.08788469,0.09691624,1.0010047,0.56619716,1.4478794,-0.114202574,-0.28024027,0.7063199,0.65651107,0.27614373,-0.49983683,0.67001045,-0.5833084,1.7645912,1.5167906,1.4499366,2.5695186,0.7717499,-2.3527427,-1.0713878,1.0953333,-1.9029936,-0.66574377,0.76293516,-0.8698807,1.6269281,-0.7508054,-0.7720874,1.914272,0.33025673,0.22157189,-1.3152409,-1.0152766,0.7834555,0.5179687,-0.61608547,-0.08545653,-0.22869983,0.42385846,-0.14161298,-0.17880337,-0.33269423,0.6805969,0.31626073,2.0966516,-1.4099824,0.75989985,0.02025267,0.03326261,-0.4224252,0.2935513,-0.79002947,0.06590621,0.3202251,-0.8490205,-0.19746152,0.63308614,-0.5713035,0.8918215,-0.4476529,-0.005069363,0.103063665,0.14936015,0.40103388,-0.2587634,0.4263355,0.54015064,1.261181,0.3122111,-0.46059886,-0.05109244,0.904719,0.8273633,0.73217607,0.2094897,1.519471,0.3171627,-0.49255648,1.098093,-0.5693085,-0.22856374,0.07906912,0.9718236,0.46959177,0.25433046,0.11867354,-1.3244807,-1.0607194,-0.30096683,0.4268886,-1.5060661,-0.107875645,-0.5274727,-0.9618557,-0.45842093,-1.265569,0.08030846,-1.0275409,-1.2894557,-1.3151681,-0.8227579,0.36846453,-1.1253362,-0.72543204,0.19059272,-0.0386902,0.6678866,-0.0062415125,0.46120134,0.38220054,0.646001,-1.5568707,0.5817131,0.38299766,0.97983587,1.2562816,0.17002453,1.1151202,0.32977873,0.6079773,-1.6894823,0.6982439,0.4617961,-1.0422262,0.9475937,-0.2589286,-0.5015081,0.48685446,-1.7278274,-0.8705621,-0.4796175,0.77885085,0.007125628,-1.4986179,2.0862794,-1.2898529,1.4736769,-0.78313446,-0.94322014,-0.50265604,-0.20430179,-1.9689233,1.232214,0.43257552,-0.027105223,0.9281789,-0.09724114,-0.53045696,0.108257815,0.30497247,0.57363737,0.42974576,1.3377995,-1.6051445,-1.2674745,0.49542516,0.8799502,-1.4856634,-1.4349965,-1.7180303,-0.7205205,-0.11961825,-0.37430763,0.521217,0.84690034,-0.7013544,0.71226287,-1.0087199,0.018145084,0.6906768,-0.5328754,0.7779309,0.13065696,1.7675899,-0.1797574,-0.34737414,1.0105797,-2.0283961,0.043267373,-0.78661144,2.0995283,0.77839726,0.40577102,0.46252948,0.39542553,-1.1215582,0.071900226,1.1410705,-0.42548075,1.3058994,0.65178347,-0.9433985,2.1553931,0.5032331,0.18455161,-0.7841226,-0.391838,2.0924215,-0.0144305825,-1.106175,-0.54855883,0.008506027,-0.7899853,-0.27838463,0.30186296,0.85482997,-0.3738227,1.0758855,0.0046212403,-0.6457509,-0.19139418,-0.85170335,0.69599926,1.1203011,1.6416765,1.1661975,0.13220368,-1.6051893,-2.218618,0.4292191,0.549368,-0.04567101,0.42160836,-0.9146471,0.020244647,1.0552235,0.20590043,-1.3157514,-1.2574081,1.1843631,0.14803076,0.85028046,1.4083201,-0.99874085,-1.6178592,-0.13752618,1.0264188,0.353415,-0.38835347,-0.59094113,1.1777134,-0.11369964,1.1990315,0.54927933,0.044517882,0.17980243,0.3247214,0.76384246,0.699444,-0.8676386,-0.7151362,0.11873742,0.87774074,-1.0626242,-0.45311552,0.84632283,-2.1155515,-0.0001922369,-0.16143525,-0.011602491,0.32457906,-0.22388668,-0.9671588,-0.4085568,-0.76213425,-1.1337538,-0.8022787,0.21781592,-1.0002359,-1.6140646,1.6956018,2.1265059,-1.1908038,0.33363056,0.3477864,0.27826247,0.29413193,0.616844,-0.6970439,0.6405597,-0.9095663,-0.71942794,-0.3002301,-1.0741036,0.21172011,0.38216433,-1.2061981,-0.56652296,1.2678744,1.1825337,-1.4721891,-0.49365196,-0.4410554,-0.6513562,-0.10694436,0.8796178,0.6559797,0.08495133,-0.58003503,-0.712667,-0.08137546,0.8001024,0.35500726,-0.8003434,1.1884321,-0.08672758,0.04614693,1.1697987,-0.07525268,0.84658223,1.0214151,0.16138461,-0.9247904,0.24244495,0.37815052,-0.2740917,1.3696585,-1.9788376,-0.93121356,1.2853909,-0.7339056,-0.9716972,-0.2246776,1.0881836,-0.31628928,0.6300422,0.7983185,1.3208119,1.3384075,0.9369024,1.6370449,-0.56123054,-0.77884084,-1.0954435,-0.35915208,-0.94648945,-0.24946252,0.5187875,1.0121515,2.3708675,-0.5060122,0.44593987,0.74367636,-1.4057602,-1.0468061,0.062922746,0.80649483,-1.1962574,-0.8700204,0.16031472,-1.0695025,0.40763456,-1.5624206,-0.9222497,-0.46304208,0.53275836,-0.66123736,-0.69368285,0.7801191,0.6749856,-0.779794,0.43764338,0.8525642,0.49212933,-0.39829725,-0.89049387,0.5298991,-0.4407176,-1.1791313,0.07072828,-0.26099002,-0.8785952,0.07297696,-0.04402869,-0.2911788,-0.27053216,-0.98994035,1.1507547,0.6603687,-0.5290635,0.3723738,-0.27053434,1.8914659,-0.23219475,-0.8160864,0.94550097,1.6138546,-2.2709303,0.0029659986,-1.6032928,0.389993,-0.39203137,0.67937315,0.84465444,1.1309718,-0.17743173,0.9225872,-0.2782086,0.18586902,-0.20668873,1.1997765,-0.17993888,0.16156784,-2.402245,1.5248779,-1.0444049,-0.87079954,-0.22632222,0.63742733,-0.8006876,0.13695505,-0.85905534,1.1336344,0.46259427,-0.7553191,1.1904224,2.5501447,-1.7339439,0.082421854,0.11354262,0.41503492,-0.9172162,-0.25211638,2.3712065,0.4421928,0.7794233,-1.09926,-0.048408084,0.29616815,-0.09797531,-0.90881747,-0.4352668,-0.7520821,-0.042972848,0.13338855,-0.34315687,1.3542249,-0.09051688,0.52144843,0.8101121,-0.44924387,0.2382228,0.30608314,-0.5342601,-1.4441297,-1.3715824,0.16711804,0.215734,-0.36354053,-0.006119466,0.44104442,1.2842733,0.87855375,-1.0796542,-0.7605263,0.7158353,0.72729903,0.5897714,-0.5242641,-0.7396673,1.3035183,1.1579057,-1.1725919,0.5037965,-0.5948099,-0.9645421,-0.9015457,1.5836928,0.44669232,0.22939551,1.3105891,0.7556069,0.14647949,1.2000368,-1.4222883,0.6539299,-0.4555133,-0.4998631,-0.66853464,-0.2298675,-0.5547011,0.15036653,-1.1462834,-0.726289,0.3053568,1.1478517,-0.41080928,0.25815696,-0.7304415,0.499957,-0.08523287,0.3378193,-0.7915181,-0.14413425,-1.0199931,1.8653362,1.0677683,0.16398625,-1.7729791,0.070786834,0.8161057,0.88089246,-0.22446378,0.038992394,0.24289659,-1.3880934,-0.3524967,-1.8578894,-0.44138327,0.6804663,1.0796859,-0.6284399,0.7987554,-1.4788325,0.49791127,-0.78658104,-0.7660281,0.00888142,0.13828668,-0.41635138,1.6072242,1.0755005,-0.060375325,-0.042409457,1.077318,1.4648011,0.16284819,-0.33304211,-1.324497,0.57607996,0.887589,-0.42101282,-0.78391445,0.14038256,0.55853313,-0.4475913,1.2739878,-0.4131322,-0.5580036,-0.74911016,-0.24287479,-0.6038078,-0.27992678,-0.65434617,-0.10978687,-1.4169452,0.026603436,-0.791431,-0.78861344,0.26517996,-1.0202665,0.46586394,0.49043304,1.4594195,0.9849784,0.953389,0.2036233,-0.99304426,-0.043280028,-1.2770609,-0.8259937,1.3556811,-1.2796811,-0.5518454,0.24474876,1.2530485,2.07215,0.37583083,-1.1030223,0.30588895,0.052237034,0.0788178,-0.52390575,-1.0206802,-0.93712723,0.6222068,0.6163813,0.3848696,-1.6891197,-1.135111,-0.100743815,1.1927683,-0.044326443,0.76302326,-0.4217952,0.78292423,1.1345493,1.2672541,0.036387373
カ,-0.4040771,-0.24944206,1.3696848,1.1134287,-0.7967759,-0.66490054,-1.7728266,0.62615514,0.9836606,0.3492861,0.11753745,-0.10586192,-1.1658425,2.0640273,-0.687625,0.2301984,0.41305953,-1.2553016,0.89365876,-0.19071887,0.30218995,0.2406075,0.6471112,-0.7241592,0.6407425,0.45634705,0.75203246,-0.16324505,-0.5592837,-1.4043791,-0.11063651,-0.37173778,-0.4810692,0.018278718,0.4780875,-1.1282858,-1.4530171,2.2684324,0.14728868,-0.6201201,-0.9749327,1.2867435,0.14882426,-0.77916276,-0.44987684,0.13376611,1.8075116,-0.3064541,-0.017190907,-0.06562568,-1.118498,-0.55739516,0.546347,0.72304624,0.44089127,-0.3131056,1.920826,0.48719648,-0.06641053,-0.77756476,0.25370583,0.27627578,-0.91372645,-0.2653692,-0.12289612,0.30740088,-0.54727113,-0.514452,-0.15955657,-0.25923884,-2.793914,-1.0890305,-0.44345564,1.6598928,-1.5811117,0.84509116,0.3952515,-1.1948501,0.22687715,-0.6129791,0.16517672,-0.28316963,-1.2648191,1.1502025,-1.6015773,-1.2909046,-0.23264834,-0.18482545,-0.6753812,0.07559245,-0.61031777,-2.3626423,-1.0775795,-1.2273906,1.8666921,0.42183924,-0.7915795,-1.024241,-0.94929886,0.098351836,0.41667658,1.5691653,0.52115667,0.25092447,-1.0323572,-0.52180946,-0.41945782,-0.50078416,-1.0711731,0.49729505,0.041446716,0.23008473,0.54798293,1.6683177,0.56023866,0.6615725,-1.3141656,-0.37391675,-0.4024827,0.17951171,1.1714255,1.1586928,-0.67555285,0.77983284,0.23013443,0.80887884,-0.00503543,-1.0467037,0.619949,0.5318233,0.8537077,0.38825655,2.18938,0.6398414,-0.819576,-0.41842443,0.015093006,0.20529495,0.54445994,-0.28267977,-1.2864145,-0.21189758,-0.030099407,-0.69522107,0.4181932,-1.462187,0.34361705,0.7237947,1.2007098,-0.059930637,-0.1266586,-0.2777801,-1.8849419,0.6862655,1.4621439,0.18147497,0.3006555,0.41469157,-1.3419402,1.33289,-0.20156725,1.4402441,-0.82970816,0.036938116,-0.5831388,0.3684696,-0.26066616,0.3541962,-0.46770534,-2.897691,-0.72630435,-0.16414726,0.5548484,0.4821378,0.7482007,-0.35746446,0.25470197,-0.19776765,-0.883672,-0.63376075,1.211638,0.65989923,0.078378625,1.2546456,0.13612098,0.6334902,0.4461586,0.58870536,1.1749232,-0.35836148,1.4404769,-1.3102093,0.76875603,1.3238351,0.62358177,2.6067026,1.3745354,-1.70946,-0.5200055,0.9542574,-2.7235708,-0.8353461,1.0882062,-1.4114512,0.90478015,-0.9151582,-0.57833093,2.2275112,0.092759445,-0.1512789,-1.5417843,-1.2623209,1.8375263,1.1453085,-0.3020379,0.029846758,-0.4739276,0.2438103,-0.5090919,-0.4219427,0.10772974,0.9406054,0.48668545,0.9436711,-0.17613086,0.42685565,0.3811297,-0.25877443,-0.06341623,0.875258,-0.68047583,-0.027199611,-0.0089710355,-0.006573394,-0.4326879,0.82956547,-0.71916354,1.2091101,-0.5504169,0.7470137,0.48103306,-0.9096203,-0.2530546,-0.16431066,0.6026175,1.0081724,1.1073196,-0.22642091,-2.2709801,-0.804932,-0.3084531,1.220561,0.00052215764,-0.38702226,0.5038381,1.2184467,-1.0335125,0.27985698,-1.1850238,-0.38537377,-0.21024935,0.30074218,0.9085408,-0.0065325163,0.28316137,-0.72039914,-0.5510528,-0.050254587,0.5117631,-1.0219097,-0.56426096,-0.5866991,-1.0098796,-0.38700503,1.1677129,0.4467174,-0.84352434,-1.0945333,-0.4654284,0.615276,0.53905123,-1.612889,-0.37258863,0.43132678,-0.40181768,0.26395148,0.16139197,-0.2125433,0.11092888,0.5728207,-0.7477539,0.7085462,0.35581335,0.81323135,1.4538178,0.6026573,1.177681,-0.71263313,0.33741507,-0.67889166,1.153949,1.0804591,-1.9234641,1.0633959,-0.7442981,0.13378134,1.0565217,-0.9522496,-0.6733023,-1.2028406,0.3844782,-0.316216,-1.4560193,2.158257,-2.4460168,1.2239852,-1.6626493,-0.3273618,-0.42220932,-0.80245274,-0.880836,0.3698327,0.049455836,-0.22330546,0.47080493,0.3206241,0.38714698,0.26094767,0.041001327,1.4294698,-0.11679405,0.42584708,-0.76844615,-1.7670779,0.28355303,0.43737495,-1.2646408,-1.7550123,-1.3771592,-0.8926573,-0.031070068,-0.17694497,-0.54520637,0.7409291,-0.082639605,0.42959246,-0.3472724,-0.5161499,0.38432652,-0.59711224,1.425108,-0.034103677,1.0009912,-0.6937345,0.12062621,0.7254516,-1.2726732,-0.15481094,-0.33710662,1.8896191,0.83329725,0.961403,0.7139387,0.5786594,-0.5794388,-0.18892342,1.3315252,-0.019320264,1.4321911,0.43915385,-1.026601,0.9379174,0.5787996,0.6618419,-0.5248977,-0.0351575,2.029327,-0.7479723,-0.5074051,-0.5142421,0.71403056,-0.18696888,0.017136727,0.5486301,0.3453548,0.12886265,0.8921066,0.32466608,-0.5663981,-0.7851064,-0.5930551,0.5607253,1.7552571,1.1647338,1.6032751,-0.45102346,-0.9325068,-2.0846546,0.5330096,1.0750824,0.47747305,0.3582461,-1.2318574,0.31312904,0.30788732,0.23944634,-1.0175129,-1.2661264,1.5697978,0.11045503,0.3838294,1.9547501,-1.7231433,-1.8329613,-0.5403568,0.0007812381,-0.69799507,-1.0556887,-0.8950963,0.5448011,-0.44251403,0.89174604,1.4001484,0.28371054,-0.3568279,-0.7341769,0.16493525,0.0122835785,-0.798539,-0.42841262,0.15008,0.5544062,-1.1480337,-0.62955314,0.9086045,-1.8941474,1.693134,0.12049496,-0.17701755,0.020218372,-0.27832457,-0.55573887,0.3765701,0.41747126,-1.2787031,-0.47131252,0.59277195,-1.5910357,-1.7128518,0.546162,1.3841178,-0.26442719,0.09702632,-0.008779362,0.420779,0.7203815,-0.047253996,-0.44443822,0.9491022,-0.21004823,-0.06611441,-0.2876393,-1.296228,-0.33718184,0.7808468,-1.1623343,-1.369215,1.2413652,0.27526754,-0.7347625,-0.70229024,0.33271772,-0.26369745,0.38388988,1.1176243,-0.25167173,-0.23343953,-0.81502235,-0.38207358,-0.0111745,0.4753508,-0.50937927,-0.1757908,0.4057396,-0.2554292,0.42719907,2.0263512,-0.21876223,1.3534464,1.5649083,-0.21782339,-0.488023,1.0735779,-0.24613366,-0.3275643,0.70509434,-0.72626173,-0.64321846,1.3283622,0.05307304,-0.975314,-0.023124387,0.8242943,-0.3412013,-0.4034132,0.33362958,1.2682809,1.2591716,0.9712901,1.2489367,-0.41509405,-0.31208324,-0.8343437,0.38104117,-0.97076494,-0.7622253,-0.52404845,0.46876612,1.6935477,-0.95023096,0.20682296,0.95670384,-0.88241076,-1.2341408,-0.22506481,0.73884875,-0.2809405,-0.48871785,0.12965843,-1.3388834,0.6865033,-1.8226393,-0.39281473,0.72085977,1.3733904,-0.68337244,0.17380857,0.3687077,0.09953981,-0.6994191,0.11807223,1.2520804,1.6948946,-0.48143125,-0.6578361,0.3570385,-0.84650755,-1.3256323,-0.44689527,-0.7332405,-0.66540563,0.3042076,-0.8109667,-0.31124076,-0.50172865,-0.680409,1.2895503,-0.12644532,-0.4545302,0.17461069,-0.9752505,1.4393963,0.04957296,-0.8941536,1.2777913,1.0289863,-1.2510527,1.005167,-1.1295558,0.9879012,-0.8063847,0.9716087,1.0970099,0.31658256,-0.38644594,1.1797965,-0.5539848,-0.42020085,-0.25209352,0.5603088,-0.68428606,0.78966,-1.6032243,1.0377799,-1.3944786,-0.8305644,-0.051237658,0.7936033,-0.5763164,-0.19225213,-0.2663666,1.6054149,0.44373825,-1.3798901,0.8747727,1.306924,-0.4807303,-0.9750021,0.8300845,0.50432277,-0.3906053,-0.23212694,1.8423562,-0.03867796,0.73138046,-1.196794,-0.8555814,0.9438426,-0.0141349435,-0.52549714,0.042491063,-0.58647525,0.17285724,0.091618046,-0.16540231,0.56072676,-0.6513072,0.1009171,0.6234882,-0.5128969,-0.072906144,0.6408186,-0.49225888,-1.1074574,-1.7730987,0.023165196,0.2971426,-1.1587987,0.97600824,0.5680671,1.2399383,0.852551,0.32425022,-0.98280895,0.9636476,1.3966978,0.19630818,-0.7305606,-1.1824605,0.61489666,0.8431233,0.05391311,-0.06017831,0.2830137,-0.75131327,-1.8978038,0.9940886,0.1031047,-0.26354778,0.75323606,0.2381795,0.08679507,0.40044114,-0.061257686,0.7096838,-0.43742925,-0.72386456,-0.089428924,0.4878134,-0.811381,0.2859966,-0.9433571,0.20725416,-0.5019721,0.4093835,-1.3087184,0.8116589,-0.5679021,0.9875157,0.27702805,-0.04286407,-0.6437285,-0.24558397,0.036303528,1.189311,1.1132147,-0.3687777,-0.7472054,-0.00844077,1.3744768,0.58871424,0.10376853,-0.29104847,-0.49733967,-0.29981944,-0.33305776,-0.80841345,-0.47973663,0.09600098,-0.093342796,-1.1652583,1.8011457,-2.3089776,1.4699872,-0.20071116,-1.3634516,0.28409132,-0.21744405,-1.0457307,1.6487534,1.1539857,-0.5533203,0.42956448,0.82774633,1.0382633,-0.5967201,-0.24596152,-0.6796709,0.45222598,0.8768866,0.45342624,-0.30269518,0.0151834665,0.5917034,-0.5806957,0.7561289,-0.048188254,-0.57164323,-0.57918227,-0.26881328,-0.8121002,-0.33159778,0.040636986,0.6902939,-1.5452328,0.65198743,-0.38677222,-1.1551757,0.7567213,-0.33898264,0.13821921,-0.23357718,0.9654715,0.05438679,0.2732542,0.6984416,-1.2257333,-0.16753872,-1.2793097,0.080639005,0.38762823,-1.2796731,0.96573937,0.3154598,1.1743331,1.6296078,0.34615144,-1.6204677,0.6159315,-0.3055719,0.41188404,-0.5452132,-1.2634306,-0.7555325,0.056975186,0.53413296,0.4312093,-1.9326065,-0.059314635,0.20661175,0.3508957,-0.28549796,0.87442535,-0.52273345,1.0823798,2.5441203,1.1543603,-0.30223483
シ,-0.7771845,-0.7150437,1.0296645,1.5036339,-0.8410161,-0.2611661,-0.95853263,0.7141152,1.0602493,-0.29043037,0.93589693,-0.2498626,-1.9311029,1.7717022,-1.3242494,0.43000123,0.7738897,-1.0898205,0.016525999,-0.44589797,0.8343833,0.4447361,0.51272357,-0.56316704,0.32243434,0.5665902,0.8385742,-0.36256889,-1.0542111,-0.9093106,-0.38671806,-0.88969845,-1.1156589,-0.5511761,-0.20105849,-1.5642086,-1.3872408,0.8967008,0.6658933,-0.6018427,-0.66471297,0.35907045,0.13584955,0.4023954,-0.9632171,0.4393026,2.2857325,-0.71604466,1.248005,-0.4370438,-0.8500927,-0.68480927,0.22897309,0.84920835,0.7276037,-1.042802,1.102527,1.1031246,0.35425064,-0.45575562,0.6623953,0.565931,-1.1738256,0.24581708,0.39792815,1.0286582,0.0017335018,-0.16057734,-0.116749555,-0.25401142,-2.2569282,-0.83815795,0.06829824,1.2924942,-1.4227405,0.5799616,0.083762385,-0.41292548,-0.020635514,-0.22603004,0.08992521,-0.1694541,-1.2751464,0.93997073,-0.44821456,-0.9093167,-0.20292334,0.26329994,-1.5260614,-0.48515263,0.017755678,-1.2775327,-1.3319192,-1.0755941,1.0069765,0.016005686,-1.1049486,-0.9959504,-1.5892898,-0.17466716,0.33668473,1.591848,-0.07065467,-0.93944764,-0.7217434,-0.3930986,-1.1430202,-0.7453158,-0.7352279,0.72194,0.120044254,0.45698977,0.3673986,1.6558863,0.6751866,1.1664546,-0.82057524,-0.7072141,-0.1389571,0.15239587,1.1880081,0.40691856,-0.9192019,0.29770696,0.3183394,1.0769697,0.15402356,-1.4797851,0.57425153,-0.25982288,1.0217524,-0.46062985,1.9581922,0.6497759,-0.11906529,-0.5417892,-0.62047243,-0.34282088,0.20819382,-0.67784995,-0.63360864,-0.43443462,-0.16753031,-0.20187807,0.08264872,-1.2856518,-0.072488226,1.1233021,0.84119064,0.26976314,0.218172,-0.20944136,-1.123275,0.19979519,0.7236898,-0.6857898,0.14994799,0.121406555,-1.0711288,1.3448473,0.0878536,1.6246144,-1.4310664,0.83995557,0.48383453,0.4028244,-0.5056119,0.58788913,-0.36532745,-2.1097722,0.19882052,-0.096922934,0.779404,-0.16799559,0.28655827,-0.17097414,0.41841462,0.6291201,-1.2918634,-0.30001965,1.2729167,1.1053429,0.44983044,1.4038268,-0.97981167,1.1284517,0.4248284,0.293829,0.5207158,0.559261,0.69845945,0.47429934,0.47072497,1.2502754,0.8051665,2.5682411,0.114948414,-1.8489012,-1.3266149,0.7338974,-2.119417,-0.3797996,1.3009007,-0.45873955,1.5309104,-1.1602315,-1.007854,1.7596639,0.47748992,-0.621515,-1.3288811,-0.8210142,0.805991,0.9771549,-0.22577702,-0.3077174,-0.32606128,0.34496507,-0.11191984,-0.21995302,0.7967209,0.76414204,-0.33466867,1.6764221,-1.1979903,0.21241434,0.16392714,0.46391574,0.5630874,0.04783511,-0.9086602,0.3612802,0.69454616,0.33659968,-0.43008935,0.33210072,-0.50923085,0.6048663,-0.23895347,0.59630054,0.29545248,-0.78779763,0.113684975,-0.5505364,0.10775455,0.26355875,1.8730265,0.009761619,-0.963068,-0.050223235,0.4139829,0.92012244,0.19326097,0.12228211,0.38133168,1.0312496,-0.7893422,0.22972487,-0.33593822,-0.84401876,-0.11266438,1.0124544,-0.32636848,0.9734611,0.052511852,-0.06686825,-0.75260824,0.3142143,-0.13858916,-0.7488931,-1.2122351,-1.0214629,-0.6122825,0.2151037,-0.24973893,0.72376126,-0.9051121,-0.75781274,-0.962389,-0.18277906,0.7647874,-1.1687124,-0.24526875,-0.35496056,-0.7789948,0.3366818,0.13608414,-0.34562552,0.6038754,1.1044765,-1.4411064,1.2180324,0.25922596,0.7845405,1.2448448,-0.054699853,1.3438754,-0.27666748,0.45118403,-0.8975091,0.6134578,0.6647815,-1.5441331,0.6558249,-0.16194183,-0.91430426,1.3602114,-1.254971,-0.4494394,-0.3294038,-0.11704204,-0.43853685,-0.9124851,2.2526321,-2.5238218,1.7622515,-1.5388126,-0.6378321,-0.41915798,-0.1020999,-1.2447535,1.0191733,0.78779936,0.32373837,1.2441918,-0.07358247,0.36695945,0.15754198,0.50981754,0.574632,-0.5673976,0.7412682,-0.78784806,-1.687007,-0.30918285,1.0171591,-0.78444797,-1.7885022,-1.1033581,-0.29705688,0.7850345,-0.5149942,-0.23056598,0.7751668,-0.3183516,0.784111,-1.0528036,-0.28480634,-0.28141633,-0.6874624,1.6661792,-0.44961524,1.2361411,-1.0232258,0.02356241,0.5522743,-1.7667551,-0.081964724,-0.5924992,2.1784544,0.64079404,0.6084175,0.5855267,-0.13707645,-0.83877563,-0.66585016,0.5374813,-0.17926522,1.8246918,0.04170185,-0.38407066,1.4040087,0.083605714,0.6669019,-0.57768947,-0.024561888,1.6798567,-0.38973463,-0.14463916,-0.5300674,-0.23163809,-0.3668002,-0.33325404,0.26795852,-0.5702868,-0.3181537,0.6591588,0.9079791,-0.9831071,-0.8467045,-0.8019044,0.10248861,0.52206653,0.81840533,1.1001703,-0.076842956,-0.9983738,-2.3141556,0.48879528,1.3193108,0.4712541,0.6197784,-2.09692,0.12621997,0.5753769,-0.0010524889,-0.90431803,-2.104846,1.845657,0.9082354,0.5198613,1.3892592,-0.69048095,-1.4040841,-0.23572923,0.059387583,0.4606758,-0.7255302,-0.27646264,1.046787,-0.29867938,1.2594587,0.37579337,0.013547101,0.6914022,-0.021973804,0.5933222,0.34035948,-0.7512765,-0.33789444,0.226047,0.44569382,-0.98126554,-0.8643337,0.74105114,-1.7461066,0.65248233,-0.41473517,-0.45255122,0.2103893,-0.5845372,-0.7193646,-0.80639607,-0.20282926,-1.1487035,-0.8136385,0.17048241,-0.63535243,-1.4821658,0.89209604,1.2595993,-1.2332369,0.42597505,0.109336406,-0.08122521,0.6913893,0.09110218,-0.4658029,0.3611494,-0.41460195,0.15281542,-1.0649446,-1.189827,-0.042022604,0.018633625,-1.1845168,-0.8727467,0.87165326,0.5830661,-1.7309595,-0.58314687,-0.35852596,-0.16491498,0.6391838,0.91229194,0.12071242,-0.072350256,-0.6434076,-0.15048961,0.009547691,0.96474934,-0.12557946,0.07626603,0.16206829,0.13624415,0.37615585,1.3029758,0.45749298,0.5084706,1.0625628,0.37691176,-0.67421275,0.86378366,-0.4532052,-0.15029447,0.3810983,-1.8869575,-1.1841803,1.3948451,-0.7833788,-1.3286695,-0.18960434,-0.009691159,0.67915535,0.31131074,-0.04388423,1.222909,1.3937579,1.4452958,1.7656622,-0.582257,-0.5505988,-0.22786658,0.49845096,-0.8352244,-0.60262674,0.097698115,1.025426,2.0908663,-0.38332656,0.017653234,0.89205027,-0.75076026,-0.75704557,0.28710908,-0.22702843,-0.9575431,-0.5654804,0.0624349,-0.5503743,-0.27574933,-1.5291034,0.295735,0.27737293,0.75031334,-0.5679869,0.05313236,0.62666637,0.2857227,-0.84547466,0.3733065,1.0395694,1.2746034,0.44119605,-0.7684722,0.18619406,-0.4168713,-1.3558184,-0.47568834,-1.0199475,-0.58278924,-0.07843254,-0.17776507,-0.18695252,-0.9257395,-0.9230924,1.3901029,0.34472278,0.25480184,-0.09173315,-0.82627624,1.5981048,-0.7542894,0.13364777,1.1397867,0.7403874,-1.171709,0.9011793,-1.1320705,0.6607153,-0.017885765,0.88991994,1.0761722,0.45348784,-0.84756947,1.3189487,-0.52692956,0.05288458,0.08097794,0.83552766,-0.34017482,0.076514095,-2.1908278,0.9391784,-1.0138347,-0.9874036,0.092626125,0.31565872,-0.65850735,-0.04600792,-0.46816623,-0.2000491,0.6761341,-0.29275593,0.56938714,1.3282644,-1.0231811,-0.55243546,1.0549248,0.24727432,-0.48590264,-0.10115742,2.8733482,0.3616357,1.4729117,-1.0399946,-0.6391266,0.44759372,0.08239641,-1.1635374,-0.3166802,-0.26253927,0.33729896,0.41496822,-0.6931699,0.9676976,-1.1160306,-0.48211268,0.80408007,-0.9589327,-0.07522883,0.6838825,-0.6257251,-0.78311634,-0.55684596,0.8093218,0.9090479,-0.30145743,0.14381386,0.45165262,1.7791533,1.0107628,-0.16804527,-0.432978,0.5539592,1.1180688,0.62311864,-0.70455116,-1.4910073,0.6490992,1.2915227,-1.1123708,0.9141459,-0.037778225,0.04332675,-1.3166413,1.106069,-0.098163925,0.2053308,0.77594304,0.8758711,-0.6372334,0.1643645,0.22298408,0.22817756,-0.45092955,-0.38321793,0.10667304,-0.038181596,-1.3028316,0.3212994,-1.1111943,0.2951522,0.10374249,0.89309865,-1.4057506,0.7440453,-0.08772087,0.8005026,0.4938679,0.07196528,-0.9704923,-0.29746398,-0.4210197,1.729505,1.0302947,0.2522215,-1.4386927,-0.6840861,0.92122775,0.6858564,-0.90840167,0.0066174604,0.073518895,-0.65027547,-0.15919697,-1.443895,-0.332091,0.9846626,0.9147325,-0.68692523,0.6764683,-1.4811044,0.5694284,0.16620566,-1.1222175,0.47620273,0.21813963,-0.37785506,1.7694238,1.3999928,-0.09046375,-0.12997313,0.70580894,1.0159634,-0.2578784,-0.2857369,-1.1531829,0.8405346,1.056322,0.4505941,-1.6565285,0.2799203,0.026272247,-0.04927552,1.6921772,-0.7143305,-0.45735836,-0.81732583,-0.6919003,-1.1434994,-0.41930118,-0.40997207,-0.098143965,-1.3092715,0.31947333,-1.0206743,-0.47570896,-0.046983283,-0.78066,-0.5556144,-0.30601588,1.2066277,0.2876617,0.56377095,0.102104545,-1.4297018,-0.080789104,-0.8524957,-0.35169923,0.38505375,-0.57601136,0.13152236,0.8223774,0.8905651,1.3844051,0.41877994,-0.70862675,0.9386978,0.3802719,-0.11744546,0.2327506,-0.2542255,-0.368214,0.47750068,0.011702071,0.36553326,-1.3957886,-0.1337294,0.08703148,0.82803345,0.13307153,0.6459072,-0.038896006,0.6877475,1.5592912,0.73176557,-0.15998712
タ,-0.94750607,-0.7714225,0.92359316,0.86931354,-0.82015496,-1.1209886,-1.9947896,1.1368761,1.0893886,0.25510284,1.0718315,-0.20496514,-1.5158198,1.9716479,-1.7094526,0.44792694,0.68685114,-1.2425578,0.15735014,-0.52009183,0.6957966,0.10190467,0.44498414,-0.8718578,0.73457307,0.2664152,1.6915474,0.2529841,-1.0893513,-1.0708989,0.054118503,-0.71866304,-1.0881987,-0.26987857,0.29567572,-1.5892313,-1.8014343,1.3958302,0.46498615,-0.5520135,-0.90821165,0.8633304,0.14221674,-0.23063949,-0.6675109,0.45002663,1.7555275,0.11121142,0.8580111,-0.7005841,-0.9598548,0.018006593,0.7523216,1.0686985,0.30465698,0.008747995,1.5995302,0.4686538,-0.32565725,-0.07850838,0.1533232,0.71806264,-1.3735955,-0.424973,-0.1809527,0.6373376,-0.3208386,-0.09782328,-0.30960354,0.011717871,-2.608616,-1.4606249,-0.49986932,1.6202286,-1.9772534,0.4310816,0.022333369,-0.6711445,0.23899354,-0.19673902,0.20053609,-0.10739738,-0.9993874,1.4123749,-0.68060315,-1.1439202,-0.4532928,-0.26112452,-0.93020624,-0.54754263,-0.31255755,-1.6909177,-1.0782633,-1.2785829,0.94273114,0.36170208,-1.1792042,-1.1715013,-1.0583,-0.12388807,0.11640382,1.3887899,0.9833465,-0.08559092,-0.54102963,-0.46939078,-0.85232323,-0.27907035,-0.3437946,0.4850587,0.06872651,0.10744436,0.55588317,1.0199573,0.417067,0.4135934,-1.6428626,-0.5765516,-0.67357934,0.08426057,1.3928826,1.1137354,-0.5143662,0.24347839,-0.10340037,0.7358828,0.2536077,-0.99677634,0.34273088,0.115906045,0.75573623,0.74449986,2.1854227,0.26292408,-0.7522701,-0.57946825,-0.2677347,0.4476826,0.7502155,-1.1626353,-0.6931054,0.29464006,-0.20793647,-0.77827275,0.267044,-0.8155497,0.08619941,0.49209476,1.2816607,0.30318654,-0.052876025,-0.20782468,-1.3853669,0.102232605,1.4619768,-0.47917527,-0.11944923,0.6037847,-1.0608863,1.37897,-0.6122669,1.4578379,-1.266832,0.28258082,-0.19219688,0.37269536,-0.9752995,0.5624248,-0.97041774,-2.0052066,-0.07364942,-0.6367671,0.6447491,-0.29585302,0.33806118,0.17083842,0.11075586,0.8974467,-1.5119205,-0.7645664,1.1144282,1.1863866,0.15428376,1.1983545,-0.99033415,0.3078573,0.9569938,0.9559873,0.6558738,0.06322221,0.81961805,-0.44192994,0.9331954,0.8008464,0.657611,3.0072465,0.577358,-1.6540349,-1.106218,0.85069764,-2.2650847,-1.1473262,0.9230148,-1.3460243,0.8701215,-1.4162436,-0.66205037,1.4112504,0.51706374,0.10214843,-0.7971979,-1.5249846,0.9701989,1.0070964,-0.4191007,0.22614488,-0.80062777,0.21847287,-0.16005975,-0.24638693,0.90526825,0.87761253,0.3915642,1.2232623,-0.48444524,0.7380158,0.07609153,-0.11254328,0.58582795,0.36727667,-0.4247414,0.7069671,0.9290221,0.5548421,-0.16079454,0.4446554,-0.78303933,0.8739172,-0.5067772,0.7505218,0.7155256,-0.09572251,0.34151164,-0.66978884,0.7812736,0.44899032,1.3523355,0.011973679,-1.4554567,-0.13887376,0.18263689,1.2004504,-0.21754578,0.32468432,0.23684418,1.2135623,-0.6334209,0.21873638,-0.38535532,-0.8418981,-0.09095639,1.0097324,0.26389903,0.19734073,0.077439696,-0.18921453,-0.57282686,0.36807203,-0.04844082,-1.1192063,-0.6300062,-0.1446482,-0.95227057,0.10547833,0.1558941,1.2409731,-0.70082915,-0.5542445,-0.6606221,0.71808445,0.24946207,-2.2197466,-0.829765,-0.30180338,-0.31060243,0.26906428,0.17037347,-0.59119654,0.38222948,0.86253315,-0.9345438,1.0706048,0.23639189,0.6667644,1.6107614,0.42763728,1.1282498,-1.0492034,0.12828895,-0.37600577,1.030156,0.5464227,-2.1203825,1.23597,-0.7235905,-0.5242958,0.831444,-1.3157344,-0.54944456,-1.731,-0.009117246,-0.59327614,-1.3425347,2.4599771,-1.9696176,1.6074706,-1.7252331,-0.6165528,-0.8165988,-0.33318397,-1.3332626,0.4516936,0.61312234,-0.050374582,0.70064765,0.29573628,0.4179675,0.37823495,0.018301278,1.2047783,-0.5696776,0.51057327,-0.7004512,-1.5634272,-0.5363633,0.5027089,-1.1079427,-1.6023078,-1.1390502,-0.7830428,0.79331017,0.13798898,-0.24757627,0.83212245,0.19417928,0.11426106,-0.44668052,-0.6594664,0.018579885,-0.63045913,1.2110846,0.19246912,1.2960325,-0.8210916,-0.9023484,0.51973844,-1.6323735,0.5631896,-0.372714,1.5562947,0.654215,0.36900997,0.40863672,0.661706,-0.6308871,-0.5856875,1.1734205,0.30691385,2.0870528,0.01206493,-0.7723499,1.4095474,0.3405599,0.2529713,-0.10151494,0.01180134,1.2523808,-0.16844133,-0.5567168,-0.7003999,-0.16474655,-0.4554518,0.29190677,1.0678259,-0.43389153,0.22116593,1.0645243,0.2927593,-0.7310272,-1.3358212,-0.5000129,1.0995356,1.1092405,1.4400959,1.5327244,0.21621622,-0.6753712,-1.9229892,0.23878822,1.6104053,1.1698877,0.53083575,-1.4781039,0.25287724,0.56107134,0.27452663,-1.572305,-1.7778893,1.8613211,0.43908817,0.7004609,1.4896452,-0.69376886,-1.9381301,-0.7968662,-0.041411787,-0.041781202,-0.8623649,-0.93439925,0.39645198,0.008887365,0.7039083,0.82361716,0.6656271,-0.15972632,-0.70822966,0.27826715,0.16541651,-0.21830776,-0.5760815,-0.3350882,0.48593104,-0.83701384,-0.32978237,0.29950246,-1.9079158,0.7909685,0.3973847,-0.13078061,-0.06584726,-0.41405055,-0.67528766,0.24027638,0.2602803,-1.114315,-0.6602359,0.5700989,-1.5130962,-1.2248523,0.7528579,1.1483524,-0.9054779,0.64480567,0.40863907,-0.33156708,0.8622371,0.023396552,-0.48076886,0.2788791,-0.6252051,0.26061606,-0.36624256,-1.0035832,-0.39979848,0.017964825,-0.5615714,-1.2892709,0.7699299,0.13247555,-1.6368484,-0.9322625,-0.36544195,-0.2694522,0.024604894,1.3018922,-0.69095916,-0.5008866,-0.69259334,-0.36798304,0.09396958,0.34706455,-0.06290976,-0.22608766,0.36720672,-0.25027695,0.5242797,1.5140876,-0.0063755065,1.6622822,1.5729291,0.023184612,-0.4040705,0.68184537,-0.36948103,-0.65912724,0.44544086,-0.55159247,-0.40492567,1.2940607,-0.216934,-0.7274476,-0.1814755,0.58236146,-0.45609665,-0.31448886,-0.19504067,0.7309257,1.4971962,0.72851986,1.6221614,0.23598196,-0.23906639,-0.6818011,0.58974814,-1.0306156,-0.8482373,-0.0011560023,1.0149524,2.0423594,-0.7687598,0.28372562,0.75932366,-0.5946046,-1.4336336,0.061960347,0.7754148,-0.64277935,-0.88087887,0.2894779,-1.0757458,0.34816155,-1.1550695,-0.19200066,0.76587784,0.9275231,-0.75024825,0.029826298,0.67302746,0.06111718,-1.2776814,-0.0027059913,0.81677943,1.632226,-0.11320628,-0.20035422,0.24273932,-0.52297294,-2.0132616,-0.21656087,-1.4637872,-0.872048,0.0504758,-0.58712685,0.014498368,-0.7646278,-1.145165,1.4158912,0.29409665,-0.095800705,0.25942698,-0.646811,1.3268995,-0.2876953,-0.91217613,0.5979976,0.29306683,-1.1430231,0.69377744,-0.9625313,1.3600233,-0.796777,0.99551773,0.5667081,0.40449136,-0.9567299,1.4266015,-1.0061532,0.18609309,0.11807816,0.74272525,-0.8187034,0.19791766,-2.0974782,1.3450569,-1.6193655,-0.08995256,0.22225645,0.17237747,-0.8990662,-0.06882471,-0.36763293,0.96319103,0.48215276,-1.0238119,0.8668773,1.7465851,-0.34514117,-0.76979417,0.44449064,0.32043153,-0.9485252,0.09198299,2.5736332,0.02196745,0.89725363,-0.7677802,-0.88327914,0.44682732,-0.24970292,-0.7812884,-0.35565937,0.2952839,-0.21599725,0.19678484,-0.030535117,1.4305679,-0.9581054,0.53071016,0.62415975,-0.6855506,-0.4445293,0.20251822,-0.75754184,-0.71446705,-1.7464706,0.38400134,0.77496165,-0.49427837,0.90745693,1.3251166,1.9658726,0.9778788,-0.19259736,-1.1089824,0.6923498,1.2100058,0.78550786,-1.2950387,-0.85030174,0.06532854,1.5824322,-0.53823876,0.3939984,0.6383857,-0.7502458,-1.8491085,1.1088986,0.22479334,-0.055674598,0.7068327,0.4410566,-0.15075335,0.7411314,0.0051369555,0.046245784,-0.40119222,-0.5781673,0.19787721,0.5737819,-0.7266398,0.4997832,-0.20837128,0.25211102,-0.6243977,-0.07848802,-1.5921589,0.5748579,-0.16046825,0.87678915,0.98139703,0.38405716,-1.14635,-0.39619315,-0.30198097,1.4634093,1.3128788,-0.36010295,-0.7299006,-0.42113495,1.5075355,1.20772,-0.051651,-0.27837554,0.3239825,-0.25079116,-0.2774338,-1.2765974,-0.24224925,0.29615682,0.45640117,-1.409741,1.4504168,-2.0653176,1.0247676,-0.27262634,-1.4866793,-0.03396903,-0.001929149,-0.40160877,2.2938566,1.2926582,-0.33843464,0.03294079,0.5685392,1.1200405,-0.6570097,-0.43646973,-1.0738332,0.7183044,1.7391472,0.6251688,-0.91907334,-0.20742944,-0.31396544,0.054035723,1.6432976,-0.42049807,-0.37814316,-0.7242533,0.26166147,-0.8104775,-0.34714478,-0.2827176,0.3965761,-1.3793423,0.48519763,-0.49356437,-0.7560402,0.64386004,-0.55137175,0.26794726,0.090405196,1.2702681,0.57450974,0.14466655,0.60781753,-0.7019511,-0.41075358,-0.74221796,-0.008337954,0.78190917,-0.68448293,0.668604,0.20722516,1.1462164,1.6652017,0.19287492,-1.7799737,0.47362843,0.47166562,0.4473623,-0.53998697,-0.5859715,-0.45563918,0.40605065,0.2299771,0.7017482,-1.8070538,-0.51154834,0.14650494,0.2885963,-0.6566777,0.5925592,0.40255916,-0.079673976,1.7741156,0.91136676,0.06948082
ヨ,-0.38088393,-0.8022905,0.6032098,1.5527353,-0.7353246,-0.35526955,-1.7995969,-0.3621553,0.9798775,-0.73276067,0.075581506,0.038792193,-1.112991,2.3823423,-0.20659085,-0.16075909,1.299352,-0.8135523,0.42181396,-0.38151124,0.69121593,0.33258823,1.1242875,-0.36974633,0.8268598,0.7477734,0.3280863,-0.551953,-0.30440077,-0.79322296,-0.018359475,-0.5921304,-0.57309026,-0.67794746,0.2804859,-0.91816705,-0.80273527,1.2448591,0.050377022,-0.5611526,-1.1615435,0.5722778,-0.32225412,0.33473158,-0.313849,-0.08934743,1.9504681,-0.29386583,1.0462846,-0.17634661,-0.51562446,-0.13387544,0.45168617,0.9168377,0.56030554,0.10101851,0.59641916,0.6896979,-0.04674123,-0.72821933,0.40981963,1.0673519,-0.5336543,0.36254683,0.72258765,0.68951005,0.30960342,-0.36822918,-0.7592201,-0.6774271,-2.2445688,-0.19027443,0.14845778,1.1851162,-1.0679536,1.0354267,-0.07998085,-0.20189519,0.6318429,0.44316742,0.09678804,-0.09706395,-1.1215225,1.3025314,-0.6153108,-0.5158327,-0.7522053,-0.23950231,-1.2789437,-0.082706735,0.32218292,-1.4608135,-2.0169303,-1.196237,0.5988431,-0.30419716,-0.6883157,-0.5660086,-1.4605564,-0.21269797,0.26268077,0.96007127,-0.4025874,0.39997432,-1.422832,0.038359802,-0.40967676,-0.36625743,-0.47520527,0.5534393,-0.33571777,0.5621869,0.8120403,1.810656,0.9579477,0.65451235,-0.68146473,-0.64838594,-0.6557967,0.20741649,0.8093361,0.041610926,-0.9111778,0.44921646,-0.0005433361,1.4679269,0.30389014,-0.9097696,0.8398039,-0.12522994,0.5030537,-0.91544694,1.6519109,0.72751063,-0.6695881,-0.17714329,-0.6180393,0.22265719,-0.077232346,-0.53364885,-1.0570115,-0.21476747,-0.3883324,-0.42168894,-0.050904304,-1.3934721,0.33066508,1.125924,1.0771364,0.14464226,0.22997206,-0.48498824,-0.87765783,0.5799158,0.8836674,-0.20312786,0.42866442,0.2861377,-1.363938,1.2433909,0.41034332,1.118807,-0.8151279,-0.26680744,-0.03785754,0.5388522,-0.5991313,0.7293935,-1.2397557,-2.0652964,-0.41460797,0.43104517,0.354722,0.0023675386,0.4183183,-0.25178707,0.28501806,0.052719574,-0.7743115,0.19847251,0.47810736,0.88215595,0.03000474,1.1953799,-0.08945317,0.23873584,0.33938292,0.65083665,0.3592452,-0.028010452,0.7739372,-1.1408484,0.9546912,0.9115594,1.4880943,2.5406742,0.47660312,-1.7333369,-1.2000366,0.5815478,-1.8288349,-0.32588378,0.54937977,-0.2753724,2.0993679,-0.35655198,-0.92143726,2.1373062,0.4073131,0.077655435,-1.2185055,-1.0489348,0.53268003,0.3080433,-0.93348265,-0.46442375,-0.8539277,0.19571161,-0.618961,-0.40923977,0.4894842,0.13798302,0.9719092,1.829803,-1.1376624,0.63097274,0.5592031,0.779454,0.20061739,0.83644205,-0.9159591,0.35221195,0.73622084,-0.91095275,-0.68896085,0.2549645,-0.78227025,0.9412236,-0.5738559,0.15476035,-0.24354343,-0.62608564,0.03275327,-0.08700589,0.8092192,0.5153088,1.5016924,0.391529,-1.3666846,-0.100004084,0.42045426,0.6049536,0.5685556,0.15273984,1.3284558,0.23625062,-0.34222355,0.22398698,-0.66670126,-0.030842507,0.09356121,0.8584184,-0.34688243,0.6332615,0.39689657,-0.92289597,-0.5587731,0.0968074,-0.30917928,-1.33907,-0.2694775,-0.83225554,-1.3771921,-0.22565101,-0.093851864,0.31069562,-0.91298914,-0.8803968,-0.75929976,-0.22666417,0.82185364,-1.0623552,-0.67233044,0.27632257,-0.37343505,0.6339912,-0.103916526,-0.15267068,0.5143079,1.0297788,-1.4789267,0.80097485,0.09407493,0.43586615,0.8923631,-0.37641057,1.1027297,-0.24932016,0.77324504,-1.2136114,0.519809,0.6195312,-1.2908219,0.6515292,-0.010690905,-0.007402266,0.42530808,-1.3793801,-0.48878947,-0.41262046,0.6427109,-0.033978347,-0.86265707,2.2630985,-2.0545301,1.326209,-1.3572183,-0.3683785,-0.51650554,-0.20949572,-1.5969499,1.2438828,0.14401884,0.06374686,0.47902885,0.15316325,-0.1676871,0.2380395,0.5336325,0.33406457,-0.16665049,0.79947346,-0.63984793,-1.2866462,0.57861835,0.71438175,-1.1167835,-2.0108645,-1.5274621,-0.5997576,0.59479535,-0.78764206,0.08438168,0.82752556,-0.29012373,0.44835365,-1.4850273,0.15319411,0.544517,-0.7139303,1.1411794,-0.009086455,1.0022686,-0.82260036,-0.21946721,1.0889179,-2.1424851,-0.7465825,-0.8607681,1.7598261,0.54242074,0.10827508,0.74603605,0.1762879,-1.0935153,-0.4237109,0.36442325,-0.3582376,1.5693773,0.5667018,-0.86626905,1.5674564,0.38857904,0.5240149,-0.7310905,-0.40440062,1.7949549,0.5317463,-0.45630935,-0.34602723,-0.065886915,-0.5945196,0.087421894,0.052709386,0.16513146,-0.20286806,0.85600084,0.6965187,-1.3447272,-0.70378906,-0.8491965,0.4316783,1.1098408,1.5011173,1.3673159,0.034794286,-1.3392835,-1.8312165,0.10541428,0.691488,-0.02096031,0.6911261,-1.2203352,0.09630569,-0.11917008,0.08876709,-1.0139034,-1.7646409,1.4777459,0.1267059,0.3320941,1.5629524,-0.6919718,-1.1113261,-0.49034855,1.237512,0.21764588,-0.9512755,-0.46579835,1.0199133,-1.2009782,0.8993383,0.3584346,0.31562638,-0.011934638,-0.0470558,1.0786234,0.8459793,-0.87116,-1.1693797,-0.52372676,0.7710702,-1.1785258,-0.5318666,0.24437727,-1.7836856,0.6553808,-0.73504764,-0.1644955,0.16557975,-0.6517585,-0.7794304,-0.7681711,-0.24153481,-1.2068195,-1.2340343,-0.050322425,-0.9923524,-1.9174253,1.4593514,1.4285938,-1.4175262,0.36517558,0.34350312,0.245228,0.4520919,0.25488648,0.034666464,0.69868207,-0.71474844,-0.5530009,-0.7571979,-1.1089001,-0.43960667,0.048128366,-1.6380229,-1.2420032,0.92205596,1.3477589,-1.6155316,-0.5879207,0.40439594,-0.69323134,0.41286373,0.77627945,0.36808562,-0.20262307,-0.56042004,-0.29007754,-0.25010476,1.0438114,0.029637143,-0.33873138,0.556279,0.6649182,0.084577166,1.9473666,0.16173854,0.18811114,0.7237627,0.64502597,-0.778567,0.54721355,-0.089207225,0.10958306,0.7992609,-1.9481839,-0.52647644,1.293804,-0.6277791,-1.2850131,-0.29732442,0.56894404,-0.18687017,0.61086315,0.5902227,1.3313535,1.4967388,0.96256953,1.6572055,-0.34884247,-0.9288586,-0.76949364,0.08750594,-0.49973914,-0.94934624,0.7930217,0.8409614,2.252736,-0.48565114,-0.26884535,0.34820035,-0.9613771,-0.8629227,0.49428925,0.5004873,-0.84858054,-0.60042566,0.113567896,-0.89720803,0.39779934,-1.8731703,-0.61429936,0.307699,0.6076811,-0.6271319,-0.07723186,0.29493454,-0.055750985,-1.144457,0.56183153,1.5157915,1.2341913,-0.07278057,-0.97135514,0.47553548,-0.595198,-1.3458437,0.26018947,-0.1605175,-0.71729374,0.25551566,-0.21094052,-0.20096473,-0.5497778,-0.24848609,1.4489361,0.55518717,-0.074698135,-0.47322965,-0.5113077,2.1707573,-1.1356584,-0.5673213,1.2552489,1.1473869,-1.8918837,-0.103583336,-0.9380975,0.21620731,-0.9191105,0.5496101,0.6427188,0.3104978,0.13512246,1.5123372,0.064202696,-0.26861086,0.08160103,0.8225813,-0.4462408,0.4797392,-2.1849418,1.0867217,-0.94047314,-1.6315879,0.2504463,0.81863475,0.10806104,-0.53952754,-0.4894859,0.2975311,0.69504595,-1.2027495,1.4156427,2.1134176,-0.80333143,-0.70291615,0.93259114,-0.0057280757,-0.62866,-0.2519223,2.5327566,0.6207331,0.83285195,-1.3493743,-0.57429737,0.08166815,-0.18545008,-0.3164868,-0.31339118,-1.054402,-0.116661586,0.7857358,-0.5262328,1.2358395,-1.2515211,-0.38905528,1.3800012,-0.38704857,0.36745635,0.5182725,-0.60357624,-1.5697385,-1.4430469,0.70475894,0.3397077,-0.11129286,0.43664086,0.3149285,1.4741904,0.8832877,-0.50500166,-0.39286104,0.8200056,0.8218252,0.86681896,-0.5128605,-0.9702756,0.597983,1.3342743,-0.7890088,0.81987333,-0.5737788,-0.9489148,-1.5648032,1.0495229,0.70329785,0.36984393,1.2540318,0.5459536,0.32865205,0.71963924,-0.49096456,0.4208891,-0.25018194,-0.6721781,0.16219589,-0.17568856,-0.969824,0.1672432,-0.9613163,-0.30923542,-0.04376495,1.1733125,-0.8434227,0.04736973,-0.19682635,0.41960084,-0.04924647,0.097856425,-0.4088697,-0.25021064,-0.70238924,1.990641,0.97852653,-0.086492844,-1.8266269,0.49979702,0.54100657,0.5637835,-0.34921238,0.52556413,0.060658872,-1.0982542,-0.6034405,-1.107756,-0.30592597,0.19230165,1.0153238,-0.5361294,1.0072302,-1.6180921,0.5606242,0.018678823,-0.19565254,0.15829857,0.18319102,-0.80661774,1.7596322,1.0725093,0.59747434,0.106395304,1.2411611,1.1916096,-0.36911103,-0.56184405,-1.6047205,1.1696073,0.95949084,0.17024334,-0.89790446,-0.21837036,0.30808625,-0.3692858,1.6504098,-0.525384,-0.72656465,-0.5270441,-0.6582661,-0.9266724,0.03827658,-0.4764745,-0.4473699,-1.1059111,0.33345687,-0.65240747,-0.07252973,0.38368073,-0.89222103,0.4330298,0.4792447,1.0660571,1.1584847,0.8469592,0.41167894,-1.1182073,0.09722066,-1.1090993,-0.63971126,0.9772225,-1.0074745,0.1355073,0.17608637,0.92509675,2.0232117,0.62668735,-0.0959715,0.36050794,0.07377984,-0.24502599,0.09533248,-0.50789154,-0.120020606,0.4835533,-0.06928197,0.34420165,-1.2102402,-0.5506031,-0.17055379,0.29019403,0.42163768,0.52662694,-0.04948656,0.6593773,1.282542,0.47156563,-0.58914727
オ,-1.2538857,-0.9899671,0.6313128,1.0700127,-0.46747363,-1.1769366,-1.8056915,-0.7448782,0.18559441,-1.0111018,-0.34852627,-0.07738174,-0.25572357,2.899332,0.65838313,-0.56015337,1.2295439,-1.4396809,0.93471193,-1.0030906,0.4879995,0.27740327,1.4826741,-0.5270972,0.7832947,1.3756859,0.4203476,-0.63966995,-0.13484327,-0.21639064,0.00617259,-0.71274024,-0.44799647,-1.2281396,0.43094522,-0.8251671,-1.6036773,1.4344263,-0.1666869,-0.42937738,-0.22139779,1.1055412,0.07907299,-0.30894718,0.34724793,-0.29259962,1.5986485,-0.40000397,0.8499266,-1.1564937,-1.0616019,0.7157098,1.124363,1.5025256,0.884477,0.38099763,0.39271724,0.4316448,-0.41150966,-1.5031856,0.56180215,1.0268807,-1.2486472,0.100144304,0.4574238,1.3714185,0.16842449,-0.4289145,-0.20319986,-1.2448114,-3.12435,0.029559866,-0.5034922,0.92718387,-0.9536039,1.1448593,-0.18684644,-1.0408571,0.63315636,0.45635346,0.21150954,-0.1207828,-1.3227477,1.977711,-1.51278,-0.7723794,-0.6558163,-0.3604146,-1.1192901,0.28907272,0.72119826,-1.971294,-1.6838596,-1.3740859,2.3826423,-0.024608195,-0.5102766,-0.79592097,-1.6282893,-0.4000426,0.24208264,1.6366584,-0.038656056,0.72715235,-2.2112658,-0.17493325,-0.8307652,-0.016977862,-0.45980233,-0.01858557,-0.73912174,0.78944695,1.2070968,2.186646,0.8686508,-0.049793273,-0.98583245,0.035231285,-0.73520386,0.651196,0.5085043,-0.42565402,-1.3681643,0.8447772,-0.37401637,1.3883778,0.2236839,-0.6074071,0.96166086,0.55576944,0.23232384,-1.2296215,1.2970552,1.2900381,-1.2750297,0.38284472,0.09875121,0.14180577,1.0381091,0.06894761,-1.0252328,-0.80054235,-0.678156,-0.9100559,0.03526621,-0.97861373,0.5760664,1.4576681,1.4878044,0.16631041,-0.07616928,-0.8607516,-0.4126832,0.70607126,0.87980497,0.70311,-0.14782092,0.7240083,-1.3345306,0.37151253,0.7419313,0.83367664,-0.9906627,-0.46949917,-0.54916054,-0.06401938,-0.4727369,1.5672181,-1.5042303,-2.141865,-0.58567405,0.57861507,0.56788665,-0.2932755,0.75647974,0.19259289,0.77307594,-0.26337305,-0.33334327,0.38181138,0.08427681,0.30516186,-0.25495604,1.1529379,0.35648766,0.5746894,0.7479473,1.4352069,-0.9339163,0.40406102,0.60704064,-0.7622701,0.830989,0.93281436,1.1139312,1.780781,1.2965539,-2.384307,-0.8041191,0.29277298,-2.0490143,-0.31672913,1.1327825,-0.31097114,1.6258323,-0.52994543,-1.017952,2.512241,0.45493633,0.6812494,-0.7220819,-0.37199536,1.0172236,-0.51830065,-0.72921157,-0.6928326,-0.05547753,0.32606336,-1.0277091,-0.6214057,0.62181586,-0.25818926,0.20012252,2.699382,-0.85357165,0.30149704,0.7935815,0.688032,0.65206677,1.1052915,-0.76939654,0.21793152,0.18548572,-1.9430184,-1.3886948,0.08170102,-0.42570797,0.90267783,-0.49820393,-0.4802479,-0.33367288,-0.30769685,0.15762907,-0.12363871,0.16792247,0.9881617,1.1131588,-0.11621314,-1.1979344,0.32146513,-0.2599932,0.40466872,0.67902553,0.022753254,0.8934133,-0.4924708,-0.35780773,0.59217167,-0.31049663,-0.04943625,0.033919588,-0.3805231,0.36413878,0.6979866,-0.2676573,-1.3938663,-0.6303482,0.10115743,0.1853028,-1.1599965,0.42499536,-0.0964257,-1.6878138,-0.6292213,0.86962944,-0.12724529,-1.3002678,-0.58509934,-0.48535386,-0.1491514,0.82492054,-1.1859937,-0.26898384,0.6504257,-0.24162439,0.37499547,-0.2624627,-0.5022473,0.22192428,1.2930908,-1.1706082,0.6579734,0.61273575,0.9327791,1.9948959,-0.5009277,1.5124,-0.7155397,1.0635368,-0.1845598,0.6491841,1.3917022,-0.8721086,0.52215075,0.059806816,0.62259185,0.3622406,-1.4178493,0.27845776,-1.0865115,0.19700016,-0.09416031,-1.4520226,1.7689247,-1.9966373,1.775779,-1.865509,-1.1676464,-0.20185956,-0.3390288,-0.8193952,0.19036642,0.43277067,0.49311292,-0.32516968,0.4363969,-0.5510436,0.37872887,0.23000094,1.578527,0.1514203,1.2926648,-1.1038435,-1.0869353,0.37984073,1.497714,-0.7679453,-1.0048555,-1.3862702,-0.5419881,0.8267529,0.08877269,0.69073355,0.9440795,0.16059884,-0.10863476,-1.1924269,-0.3330085,0.27451783,-0.9532373,1.8980694,0.7557225,2.1799526,-1.532793,-0.15989101,0.37868965,-1.4468588,-1.2474701,-0.83096486,1.4241669,0.5251873,0.09184257,0.32762858,0.34789038,-0.88294196,0.042158917,-0.05836678,-0.28568557,1.6721168,0.16835971,-1.0582645,1.662818,0.6795512,-0.43776408,-1.3826463,-0.5272529,1.4125209,0.6570835,-0.44100308,-0.36603892,0.15416694,-0.23200865,0.873549,0.06753793,1.2361214,-0.33249176,0.6955235,-0.05390027,-1.0739353,-0.9205566,-0.70437413,0.794752,1.0088146,2.576662,1.2630213,0.18226022,-1.22628,-1.39172,0.26910454,0.9473729,-0.025610626,1.117311,-1.4184641,1.066054,-0.3490292,0.62401474,-1.3150387,-2.1730824,1.9715545,0.119163536,0.515573,1.7144719,-0.7300925,-0.9495113,-0.18373588,0.8983388,-0.83786213,-1.0161504,-0.5492953,0.78395957,-2.038556,0.66922396,0.0049902536,0.36176535,-0.33249712,0.2507211,0.9662144,0.43584284,-1.1900496,-0.7519255,-0.6529949,0.24983847,-1.399154,-0.77701735,0.2795788,-2.5711064,0.75099456,-0.17675671,-0.15337196,0.583205,-0.967198,-0.9950439,-1.095948,-0.70906997,-1.4096575,-1.5238761,0.7421702,-1.560319,-1.7105505,0.7395134,1.5569997,-1.1491061,0.41883963,0.64529353,0.33309793,0.13454366,-0.21673058,0.19313572,1.1072843,-1.3125197,-0.69555664,-0.6706432,-0.86884046,-0.52041245,0.517034,-1.685878,-1.576931,1.2437253,1.1318063,-1.1223913,-1.0009148,0.35506326,-1.3268337,0.93826044,-0.18549119,-0.33941358,0.065084964,-1.2421418,-0.032011397,0.13904288,0.50411963,-0.06403338,-0.41368604,0.37558377,-0.18615967,0.15683329,1.8862498,0.065660164,-1.1098795,1.0656259,0.6823697,-0.92943287,0.5719016,0.3160909,0.04094173,1.9902383,-1.4471567,-1.0504274,1.0929604,-1.1552292,-1.0596651,-0.5231427,1.0854228,-0.52114844,-0.2778658,1.125071,1.63426,1.4404037,1.3315126,1.2214186,-0.008263139,-0.8071033,-0.2439717,0.50950414,-0.19191262,-0.576366,-0.07100037,0.1432627,1.5460674,-0.48240316,-0.27700052,-0.38821894,-0.20570104,-1.5017556,0.3334803,1.2665151,-0.6750016,-1.3578495,-0.03523925,-0.43165603,1.6115103,-2.489522,-1.5236527,0.8119433,0.6281498,-0.9579849,0.39281738,0.3051125,-0.5023779,-1.5331819,0.37400997,1.9409841,1.247209,0.059224624,-1.5566113,0.73899776,-1.1421607,-0.38151962,-0.13234957,0.23628145,-0.12309023,0.5117589,0.18338767,0.0077202916,-0.9014077,0.30553994,1.7633634,0.55504876,-0.50331473,-0.22513969,-1.2002598,2.743109,-0.5078606,-0.56562364,1.0821426,0.3567963,-1.5366249,0.037420526,-1.6060159,-0.55663234,-1.1555369,-0.27471572,0.30404243,0.30729812,-0.1499652,1.2774758,-0.17258593,0.13263407,0.27491635,0.8161398,-0.18389066,1.4320806,-1.8576713,1.3759706,-0.496293,-2.3003955,0.17380476,0.931879,0.14723647,0.24881013,-1.3683331,0.4977191,0.41625127,-0.841246,1.459919,2.0052655,-0.026285142,-1.3551936,0.84679323,-0.001570031,-0.67803514,0.1990013,1.9602664,-0.068847954,0.54941714,-1.1863289,-1.0436621,-0.61176485,-0.33175257,0.013658062,0.87378633,-0.9948175,-0.28302294,1.0470812,-0.9454621,1.6764904,-1.526576,0.46672744,1.268219,0.6096093,0.56817925,0.3958977,-0.5731803,-1.540365,-1.6671145,0.30359614,0.32355577,-0.5416739,0.25778717,-0.11164643,1.2054352,-0.11970495,-0.1327196,-0.113597125,0.62861574,1.641022,1.5800599,-0.31823447,-1.463937,-0.2185308,1.7078354,0.010587223,0.26509303,-0.13510332,-1.3733102,-0.8583454,0.7059094,0.7601415,-0.082963064,1.5543897,0.4676668,0.57968086,0.8090511,-0.36232072,0.47253525,0.13826324,-0.95231104,0.06760532,0.4534678,-0.7081742,0.9045918,-1.4324305,0.16185717,-1.045043,1.3703557,-0.68025684,-0.24707642,0.42116836,0.757945,0.33645108,-1.2125621,-0.462739,-0.46729314,-1.7978494,2.2841163,0.693637,0.19465451,-1.5785234,1.0258372,0.33096823,-0.1219259,-0.8196002,0.9428133,-0.0092912,-0.7879418,-1.3132538,-0.47477108,-0.5428653,-0.78418165,1.3829155,-0.54993486,1.2702105,-1.9592576,1.1332061,0.14421251,-0.5715995,-0.022404972,1.1291885,-1.1755219,1.9214423,1.1510186,0.8334571,0.6062881,1.7557206,0.21088508,-1.0230494,-0.5435745,-2.0481944,1.1353459,0.4831081,1.0907085,-0.39678946,-0.1871588,0.32644367,-1.0437043,1.308577,-0.22621922,-0.5663598,-1.2244699,-0.9555273,-1.1046553,1.1197038,-1.2404764,0.16867265,-1.0491786,0.044693507,0.42564738,0.4236628,1.251148,-1.4515626,0.47592157,0.02643913,1.1486349,2.1191752,0.5096921,0.48421717,-1.3331833,0.1259784,-1.5823035,-0.83379865,1.0104134,-1.9288807,-0.27960548,0.6824648,0.2727657,1.784539,0.7751453,-0.09208095,0.9917759,-0.34715453,0.45659977,0.35278627,0.2832899,0.3584471,0.58346057,-0.6709261,-0.25800523,-1.1585727,-0.69835305,-0.3138799,0.28867263,0.04355529,0.61948395,-0.15388338,1.1602658,1.4408295,0.6973177,-1.0013283
ナ,-1.0140644,-0.16261095,0.6377036,1.549245,-1.1604873,-0.59630895,-1.6135422,0.3626985,1.1481569,-0.52274406,0.5287004,-0.19631925,-1.0586007,2.071628,-0.5063427,-0.10562166,1.3353131,-1.1511009,1.1785753,-0.6101476,0.6072825,0.3772582,0.66498476,-0.8709073,0.9072377,0.4716127,0.8579396,-0.46906987,-0.0783388,-0.5471393,0.25222194,-0.4523116,-0.7349855,-0.4548996,0.34811983,-1.2697198,-1.3396187,1.1164324,0.19693533,-0.32726052,-0.6619231,0.72331345,0.3562622,-0.3610784,0.11341242,-0.029788975,1.3080263,-0.46531147,0.4724639,-0.38385352,-1.0642009,-0.13337314,0.21925385,1.2135961,0.86286145,-0.26393723,0.823281,0.92221355,0.16429007,-0.14729732,1.1414759,1.2341329,-0.9027834,-0.39867768,0.60126096,0.83186805,-0.19813795,0.056415748,0.03599131,-0.21118721,-3.0459313,-0.98388827,-0.025271142,1.3524164,-1.2644985,0.09303208,0.48040724,-0.69422853,0.042067476,0.36582956,-0.018543761,-0.4361651,-0.3394692,1.0184913,-0.86383075,-0.33948848,-0.6458895,-0.31042653,-1.5200701,0.21658483,-0.032130457,-1.1579711,-1.7866749,-1.7174151,0.87883234,-0.18047978,-0.9105142,-0.8903748,-1.5702522,0.3133351,-0.32913738,1.5789539,0.020770203,-0.5718292,-1.6147848,-0.34022498,-0.8232007,-0.55186296,-0.89110786,0.45201024,0.050651837,1.1252149,0.5356307,2.2541158,0.8421381,0.883021,-1.3374484,-0.6611466,-0.78786266,0.2145505,1.7065369,0.2680163,-0.46917734,0.98986465,0.30339885,0.62674385,0.25918964,-1.1979582,1.0483922,-0.028939104,0.24023707,-0.23395005,2.0843692,1.0763824,-0.7635902,-0.33471328,-0.48834485,0.10486207,0.7211131,-0.6971472,-0.5861905,0.33133474,-0.34820336,-0.37179816,-0.15267287,-1.8260565,0.15748194,1.2155844,0.7819322,0.068094745,-0.20614514,-0.21754912,-0.90926135,0.7219509,0.6173872,0.23655626,-0.14614885,0.124227956,-1.3071444,1.3275737,0.05540071,0.55772793,-1.2500674,0.4622789,-0.11371648,0.88948756,-0.6777741,0.8312294,-0.61401004,-1.970179,-0.35743114,-0.1662151,0.74183303,-0.029649284,0.8124307,-0.11734293,0.5016556,-0.0069753616,-0.60937935,0.4165752,0.68514836,1.2599208,-0.036403485,1.0078427,0.3583172,0.65854514,1.0567987,0.6825794,0.23328575,0.13498649,1.4285256,-1.049317,0.91842556,0.97814304,1.339327,2.7400937,0.6475214,-1.5959466,-1.5620327,1.0705124,-2.073101,-0.2676519,0.76580715,-0.8511776,1.6330225,-1.007923,-0.8069706,1.5729454,0.057199024,-0.16274652,-1.4247698,-1.3274467,0.8486884,0.25809255,-0.2970409,-0.06302105,-0.85553324,0.1535681,-0.60775673,-0.6127605,0.44561434,0.9248126,0.6442534,2.0149791,-0.5227873,0.6000368,0.35560498,0.3760913,0.673658,0.90834874,-1.1141632,0.17407735,0.5540542,-0.45801586,-0.58338916,0.2213786,-0.63229465,0.31765205,-0.0024634837,0.4299527,0.60570043,-0.6951208,0.18910554,-0.027157819,0.42891926,0.850162,1.5883567,0.048940636,-1.5101926,0.014341379,0.39266673,0.59829724,0.80989444,0.4254159,0.69484437,1.1675853,-0.428909,0.43575603,-0.27048507,-0.18694301,-0.31241253,0.75265807,0.20864955,0.48807782,0.34861583,-0.34359282,-0.95849645,-0.073515624,0.35895184,-0.6557763,-0.69549143,-0.5632986,-0.9337929,0.14078549,0.43212014,0.31834298,-0.7134808,-0.8665331,-0.5261637,-0.15925916,0.8693441,-1.4938434,-0.57097435,0.2925949,-0.7785913,0.37647718,-0.2856344,0.046364,0.22748347,0.54776925,-1.2910486,1.3421218,0.28441432,1.107582,1.6170738,0.3539692,0.81587136,-0.5802898,0.72238517,-0.7430543,0.42332846,1.2298949,-1.6162274,0.3305994,-0.5238434,-0.8183544,0.5788506,-1.3312137,-0.11806905,-0.4032978,0.3518595,0.048614338,-1.0818099,2.071289,-1.7020092,1.3438647,-2.3439918,-0.287103,-0.597429,-0.36304975,-1.5446151,0.71212935,-0.10969286,0.4662431,0.4504407,-0.053023793,0.16837339,0.6566562,0.5131053,0.55723345,0.2879862,1.0408819,-0.8706697,-1.4407765,-0.14447288,1.054444,-1.0396421,-1.3880101,-1.0947807,-0.07585184,0.44571313,-0.5780596,0.43710104,0.53437793,-0.16223434,0.893357,-1.2969606,-0.9739615,-0.2210042,-0.35168725,1.4483148,-0.4098586,1.4704392,-1.1931626,-0.79426736,0.5288064,-1.680576,-0.43274575,-0.757942,2.079045,0.70240295,0.4871605,0.27029568,0.32531792,-0.35418725,-0.18650296,0.6306259,0.03561013,1.6807001,-0.039980553,-0.4233992,1.5708838,-0.07895996,0.55181336,-0.33113563,-0.39925912,1.7993453,0.090874,-0.71280587,-0.06614058,-0.56519765,-0.48062086,0.22700772,0.63159984,0.16609466,-0.20782563,0.7529649,0.5837951,-0.87530935,-0.6024799,-0.1951416,0.21297991,0.9818964,1.7995336,1.2460016,-0.27585894,-1.2479637,-1.4199088,0.30799216,1.187508,0.18659087,0.22216825,-1.8060436,-0.018507283,0.5604616,0.23643315,-1.522213,-2.263777,1.7075107,0.49844486,0.72589743,1.0503703,-0.2123584,-1.3613983,-0.43890977,0.46852106,0.18367523,-0.9658062,-0.80849427,0.4495725,-1.08503,0.8605321,0.43174496,0.63288784,-0.32064953,-0.16016105,0.79225284,0.19410081,-0.6603087,-0.99575126,-0.09997804,0.7657555,-1.519728,-0.77321565,0.41255578,-2.0445123,0.7222883,-0.6886538,-0.2585982,0.03088138,-0.34437352,-1.1029832,-0.73486185,-0.10001888,-0.5320326,-0.19828503,0.25461134,-1.4420176,-1.531163,0.14598367,1.5029352,-1.1210654,0.17174949,0.37419915,0.06225691,0.29599977,-0.90521944,-0.69233865,0.2959441,-1.0627086,-0.38018572,-0.16073672,-1.582354,-0.50491387,0.5240073,-1.0457246,-1.2335266,0.79889333,0.69894016,-2.0591922,-0.7027744,-0.1055557,-0.5457357,0.9925297,0.38125625,-0.20941758,-0.15002769,-0.9339756,-0.083107755,0.17718384,0.86893594,-0.27234077,-0.4696989,0.46908253,-0.4540922,0.50838697,1.8630043,0.29619092,0.77681965,0.9347304,0.31511343,-0.63527644,0.64172333,0.33590084,-0.7699085,1.2325056,-1.7168926,-0.5513098,1.6522363,-0.3299845,-0.9923328,-0.18847829,0.46076775,-0.3881354,-0.03740858,0.77005255,1.2499382,1.2699957,0.98749846,1.6474619,-0.3841134,-0.7395421,0.14562032,0.4050332,-0.58550525,-0.60002005,-0.078288384,0.74501145,2.355185,-0.2796368,-0.018813467,0.40273103,-0.96052647,-0.91708374,0.62330353,0.23204228,-0.15659903,-1.15866,0.041813813,-1.4185259,0.33020216,-1.9611689,-0.18605283,0.851199,0.94182694,-0.7502815,0.42473465,0.52275383,0.5125258,-1.1353184,-0.20788808,1.2446555,1.7764708,0.18075895,-1.2298911,0.575113,-0.13077024,-1.0838033,0.17510538,-0.9095882,-0.56226903,0.0009241283,-0.5598322,-0.6453373,-0.66264904,-0.40675178,1.9345849,0.2921949,-0.38499033,0.81469214,-0.88782865,1.8294271,-0.97903603,-0.62013113,1.7025878,0.9188393,-0.9823831,0.14394978,-1.268208,0.14305608,-0.9041805,0.26779398,1.0857624,0.54225254,-0.3611725,1.092025,-0.7385807,0.10436149,-0.19997278,0.77494365,-0.43611637,0.34479952,-1.6895599,0.67893475,-1.3986878,-1.2649475,0.046462487,0.31711942,-0.7900134,0.27662972,0.062397815,0.23026851,0.029642636,-0.6788782,1.1474092,1.803055,-0.45307857,-0.70763177,0.78375196,0.60265315,-0.7068845,-0.18994081,2.2299547,0.82225496,0.7606317,-0.97042894,-0.57927024,-0.07869226,-0.30056015,-0.86724603,-0.42704815,-0.28159443,-0.5913392,0.7371168,-0.4495365,1.2430634,-0.7417347,-0.036041778,0.415063,-0.5793441,-0.19877858,0.6112327,-0.6692296,-1.1095196,-0.9512061,0.6782536,0.95104676,-0.6725795,0.95490587,0.4344493,1.6280696,0.38062584,-0.7335159,-0.9696779,0.610568,1.0298221,0.6089159,-0.67726004,-1.587774,1.0628965,1.1948202,-0.6623448,0.6833577,0.042484324,0.094002314,-1.8675276,0.82122993,0.7914163,0.08995344,1.296046,0.099204026,-0.15486594,0.90390223,0.14659321,0.04015506,-0.10626175,-0.50060433,-0.10883598,-0.3282056,-0.8881443,-0.38825202,-0.6468535,0.5807861,-0.825978,0.748445,-1.2087607,0.2815647,0.529493,0.8350755,0.26615447,-0.40686083,-0.91988736,-0.7075043,-1.2537856,1.9465071,0.876637,-0.29356918,-1.2421045,0.41431913,0.60938764,0.42347956,-0.3626146,0.24343415,0.7005602,-0.49146062,-0.56279105,-1.6755127,0.11972203,0.3059439,0.79797447,-0.8900653,0.8339914,-1.5627193,1.1010548,-0.36075574,-1.0799255,-0.040653348,0.13392523,-0.77870244,1.7601335,0.7331066,0.15731795,0.007714653,0.41953015,1.1160246,-0.42132026,-0.4900846,-1.3347999,0.688836,1.376138,-0.17559852,-1.076161,-0.23596203,-0.0013926983,-0.625306,1.3459274,-0.844806,-0.41005692,-0.8025137,-0.4522439,-0.7123698,-0.4994042,-0.3563349,0.6207775,-0.77837783,0.1888608,-0.5951394,-0.13876429,0.25293428,-0.6363885,0.03252977,0.059262536,0.94049865,0.81468886,0.79098284,0.380575,-0.56552047,-0.15460321,-0.9579693,-0.6201591,0.03827116,-1.0693328,0.079378866,0.02386849,1.0149872,1.7869866,0.433191,-0.94900405,0.7612465,-0.13565245,0.1360089,0.10623373,-0.59141463,-0.4584517,0.6273314,0.33356622,0.4551806,-0.7309934,-0.857841,-0.32825056,0.08500612,0.2147613,0.5465252,-0.1849993,0.38920483,1.7078712,0.7875885,-0.18657689
カ,-0.9028909,-0.4136647,0.6888475,0.64203537,-0.8049655,-0.8655122,-1.1873376,1.0024258,1.2559233,0.5217635,0.49821758,-0.5122412,-1.5081902,2.1806705,-0.87078404,0.26961225,0.6289312,-1.2337897,0.553836,0.0014074892,0.9019369,1.0753518,0.74699086,-0.924745,1.0339105,0.17235973,1.033064,-0.16748041,-0.5544793,-0.72872096,-0.09473215,-0.8008867,-1.259569,-0.33011273,-0.32597622,-0.81409454,-1.4480224,1.1889044,0.08480945,-0.45539492,-0.743692,0.7869624,0.32838088,-0.3791091,-0.64608675,-0.004022641,2.1357524,-0.6768434,0.79606545,-0.87226677,-0.90070283,-0.44510907,0.7594176,0.896119,0.4819227,-0.3760816,1.7515206,1.2048949,-0.09747949,-0.47920915,0.026616082,0.5340151,-0.67529744,-0.059073277,0.064407565,0.45382395,-0.77315646,-0.08133862,-0.41477618,-0.078228064,-2.3484383,-1.3808876,-0.13493219,1.3808477,-1.4248283,0.5320925,-0.3142335,-0.8780505,0.7378253,-0.49546704,0.6217132,-0.13417782,-0.89592004,1.2166674,-1.1097714,-1.3983493,-0.3844909,-0.6207072,-1.067649,-0.018909238,-0.79214877,-1.9228995,-1.6647518,-1.3007585,1.5735846,0.25624755,-1.0403239,-1.3402599,-1.4711585,-0.08610751,0.39559293,1.5420997,0.3426464,-0.6117868,-0.70067734,-0.88884205,-0.79638344,0.16759714,-0.23328343,0.81664324,0.24596938,0.5572404,0.5678058,1.30224,0.6112377,0.79052633,-1.4506723,-0.29841474,-0.6629522,0.47401848,1.2316829,0.89630574,-0.7972536,0.397287,-0.48057517,0.62606406,0.49502695,-1.1891392,0.15164852,0.6195272,0.5509706,-0.31744635,2.5309396,1.0359924,-0.69282144,-0.38820785,0.035734627,0.064785466,0.91951317,-0.8915067,-0.61708117,0.5630639,-0.33095062,0.0018540099,0.28636768,-1.0028245,0.18412682,0.77717966,1.476038,0.033228084,-0.33595622,0.39423764,-1.488525,0.2983693,1.3322104,0.17404096,-0.07174994,0.530136,-0.7093848,0.54810894,-0.60853404,1.4842923,-0.6336224,0.2250348,-0.23348057,0.5914902,-0.53597355,0.47098267,-0.99926394,-2.1159067,-0.59420323,0.011233136,0.7451982,0.3003655,0.22820763,-0.15884772,-0.124184355,0.5096664,-1.1644808,-0.46974418,1.0167267,0.99640644,0.05759406,1.2639463,-0.44539863,0.09029561,0.40397316,0.39465958,0.6658081,0.2008425,1.3022507,-0.6297566,0.60119635,0.9467802,0.4367599,2.815077,0.5977115,-1.6607181,-1.5108314,1.2234087,-1.9959626,-0.7353028,1.0020517,-1.2707444,0.85808885,-1.4846401,-0.8191093,1.5651668,0.55009025,-0.24184242,-0.6843972,-1.450761,0.99409825,0.5242086,-0.8427467,-0.21903011,-0.6987192,0.04999838,-0.5482819,-0.7803601,0.90098965,0.56271774,-0.13364151,0.9466702,-1.0207292,0.589742,0.1850357,0.2735023,-0.097133,1.0304416,-0.7590656,0.863786,0.64248526,0.3619069,-0.60637206,0.600559,-0.55141586,0.9396244,0.31110987,0.67678964,0.9508879,-0.32689416,0.33350074,-0.13513157,0.33590865,0.45703706,1.3301041,0.04993479,-1.7910528,-0.27539304,-0.053512666,1.3094548,-0.014476292,0.32644406,0.20386167,1.374357,-0.34269983,0.061653487,-0.8351368,-0.60073006,0.14777228,0.43624854,0.8796433,0.29990306,0.15684745,-0.7531573,-0.940954,0.38466355,-0.24931718,-0.5703677,-1.2314105,-0.54431427,-0.6683588,0.32721376,0.62980103,0.52270377,-0.40783674,-1.0257441,-0.7739382,0.6027298,1.068324,-2.0890627,-0.35453483,-0.1429775,-0.97654563,0.4327669,0.75224245,-0.28210714,0.058858927,0.4229413,-1.3022728,0.76607805,-0.15882456,0.8245754,1.6231226,0.39711726,0.9987062,-0.8638978,-0.20495945,-0.23012537,0.7378588,0.64007014,-1.8312042,1.1642267,-0.77791685,-0.59347653,1.1062584,-1.5666702,-0.36861777,-0.77113235,0.44384667,-0.3628603,-1.388306,2.863106,-2.4397779,1.3216181,-1.7025244,-0.87093526,-0.6971251,-0.5586312,-0.67337126,-0.13040753,0.5904128,-0.1209547,0.48545042,0.0917455,0.097747535,0.17778483,-0.282809,1.4190098,-0.058285918,0.4934874,-0.80921686,-1.4596668,-0.5347953,0.6435616,-1.1776253,-1.2104585,-1.3156176,-0.2421267,0.0025497042,-0.16115619,-0.5491649,0.88183564,0.07928455,0.15354191,-1.1616011,-0.59777045,-0.150256,-1.2021201,1.5373601,-0.34687382,1.597677,-0.8640002,-0.7104209,0.5141247,-0.83615154,-0.0350203,-0.48441142,2.044964,0.41912818,0.88585645,0.2366088,0.10925883,-0.14740922,-1.124737,1.2375284,-0.17507643,1.7658589,0.024554,-0.19226559,1.0826693,-0.006052412,0.5215362,-0.30797583,0.13188167,1.1709894,0.32402086,-0.6199862,-0.41903973,0.3397676,-0.3264724,-0.13565485,0.4964758,0.08774854,-0.21142519,0.74039185,0.9487145,-0.3365487,-1.2923921,-0.18787703,1.0402117,1.1809181,1.3194906,1.0924717,-0.5473579,-0.51520175,-1.9889064,0.4114901,1.2545061,0.8954803,0.4969163,-1.7102112,0.21126077,0.9288092,0.4676289,-1.8755655,-1.7213403,1.9153619,0.7116794,0.7581015,1.6123986,-1.0172839,-1.4884521,-0.37918633,-0.19983266,-0.16880375,-1.198636,-0.729486,0.5481473,0.17309606,0.99852633,1.0375723,0.8628091,-0.37215227,-1.1582311,0.41995117,-0.058510307,-0.8564206,0.047374424,-0.18554293,0.078567885,-1.425557,-0.8001342,0.72386074,-2.1814623,0.95100796,-0.5616593,-0.021624185,-0.39064968,-0.44507027,-1.079284,-0.069784954,-0.17670292,-1.0541773,-0.5518877,0.98608214,-1.2243896,-1.1528163,0.64348626,0.9598621,-0.82864714,0.35089833,0.45720667,0.031662896,0.63313526,-0.41508108,-0.2973201,0.14193061,0.01650102,-0.4190793,-0.17044893,-1.5956984,-0.17130521,0.6853826,-0.7869202,-1.8036982,0.63829637,0.6560637,-1.4576223,-0.9000778,-0.08883299,-0.26287118,0.62685066,0.5522812,-0.18477371,-0.5101683,-0.953241,-0.28990644,0.14257674,0.39331156,-0.49390545,0.3582905,0.18124942,-0.41424868,0.25706428,1.7198906,-0.050169848,1.7062191,1.5315076,0.49503005,0.055165567,0.5291668,-0.11551301,-0.35198414,0.46325347,-0.71245706,-0.61502445,1.4124047,0.27249506,-0.8555828,-0.19498956,1.4325659,-0.28419098,-0.41123074,0.18386626,0.7704095,1.2909236,1.4646385,1.8310163,0.049294874,-0.36469784,-0.16949436,0.8329269,-0.7717888,-0.6045603,-0.10432484,0.86622137,2.0627596,-0.46974796,0.24687941,0.8012081,-1.1057947,-1.0522801,0.406287,0.4673114,-0.67258304,-0.73116565,0.48867658,-1.5996025,0.075129084,-1.6939824,-0.45282453,1.0705086,1.1369245,-0.62942034,-0.06668966,0.64690053,0.069977656,-0.90333813,-0.2707957,0.94688094,1.9663446,0.017524958,-0.5137092,0.71686536,-0.3658501,-1.3666538,0.3488986,-0.7595515,-0.9604887,0.19512102,-0.38087332,-0.17164202,-0.10123074,-0.6871732,1.6256418,0.31067735,-0.76598865,0.32365638,-0.929727,1.2847049,-0.046366736,-0.33172226,1.1398671,1.0594201,-1.3920367,0.7833842,-1.3647735,1.3432735,-0.37474692,1.168306,1.2556279,0.4575861,-0.64918715,1.6129053,-0.50353104,-0.35194838,-0.8443568,0.6346493,-0.91139495,0.41730115,-1.6978672,1.2869054,-1.0041986,-0.49786407,0.18947875,0.5762016,-0.33938518,0.10881166,-0.2837318,0.33333638,0.21303183,-0.97843206,0.6742334,1.8925143,-0.3492208,-1.3174322,0.41725433,0.3884855,-0.3265807,-0.46547955,2.8242402,-0.17452031,0.22112992,-1.2203037,-1.0747882,0.76523274,-0.556821,-1.5969406,-0.4835691,-0.1360457,-0.16761495,0.20647019,-0.21744713,1.307078,-1.1568923,0.6055907,0.78667176,-0.68524235,-0.47865698,0.28633636,-0.49642593,-0.75113225,-1.2740437,0.9060475,0.120895185,-0.7510402,0.57607406,0.7293434,1.6207646,0.58951926,-0.23757878,-0.92362916,0.9210732,0.4237016,0.7814101,-1.5293853,-1.2315749,0.3766508,1.0877508,0.010880945,0.2349517,0.6113612,-0.11566213,-1.6125181,0.9162382,-0.17405659,0.23904774,0.5713873,0.22594154,-0.15213323,0.61095184,0.008451518,0.20560545,0.1398576,-0.547306,-0.16509913,0.43511844,-1.1943877,0.5399753,-0.50051355,0.2028057,-0.5332723,0.34014916,-1.1159133,0.4014423,0.45506406,0.5265894,0.72810185,0.5005644,-1.1138096,-0.31558317,-0.24171194,1.5882902,0.9311007,-0.07622351,-0.48801637,-0.50865436,1.3697959,0.1933235,0.17176208,-0.045449667,0.27606413,-0.05303739,-0.010449006,-0.998933,-0.38679862,0.5030291,-0.026235543,-1.159043,1.6164129,-2.0071259,1.0155718,0.23653273,-1.3397783,-0.118518874,0.27094403,-0.5781461,2.1197555,1.048114,-0.38155955,-0.12792106,1.0484388,0.71968806,-0.422042,-0.50206393,-1.0588235,1.1340845,1.4845895,0.47563532,-1.3690765,-0.24494629,0.2075739,-0.64416367,1.5668527,-0.3319294,-0.24277481,-0.86087465,-0.5159408,-1.3665671,-0.54092467,-0.008981749,-0.14827539,-1.1014271,0.6239903,-0.77192163,-0.67764753,0.51312864,-0.22773977,0.038374245,-0.2772174,1.2129477,0.3983397,0.35161448,0.73977476,-0.7288141,0.06313512,-1.1079093,-0.5860766,0.4339576,-0.5711768,0.884835,0.14238775,0.9290106,1.1492128,-0.23551525,-1.4601383,0.41687772,0.0296361,0.5183278,-0.37640795,-0.7113022,-0.5685409,0.3818648,0.054485604,1.1108394,-1.7544756,-0.70233244,-0.35557115,0.54068357,0.075813584,0.84733874,0.15563223,0.33382908,1.7549103,1.1417072,0.07396421
イ,-0.75562114,-1.2234453,1.2702664,1.1943394,-1.4698609,-0.12997638,-1.6767465,0.90695065,1.5931668,-0.9619942,-0.04548475,-0.58424705,-1.2890192,2.3639936,-0.4899788,0.7847019,1.417645,-0.8984942,0.5684685,0.37960353,0.23648512,0.8683174,0.29013592,-0.33626023,0.35592362,0.94635457,0.035648987,0.5273412,-0.8678015,-1.3498702,0.27533063,-1.0619308,-1.4574299,-0.5340407,0.19412386,-1.934548,-0.6219156,0.4866412,-0.110462725,-0.8847708,-0.09291545,0.51452345,0.012065224,0.41018328,-1.4004647,-0.34579292,1.4861029,-0.39163375,1.4192238,0.38252378,-0.7553255,-0.6208499,0.79397416,0.80373305,-0.4275265,-0.39502752,2.0353715,0.82462496,-0.30212075,-0.9393916,-0.18759584,0.6002744,-1.01954,0.6522821,1.0911038,0.16003093,-0.46139744,0.020459035,0.011865099,-0.8260171,-1.6673843,-1.3725222,0.9315811,1.3572565,-1.3901281,0.19054873,0.04707395,-0.032989204,0.6019411,-0.5987248,0.08870101,0.3916885,-1.7506443,1.7299522,-1.07174,-1.1860033,-0.66223407,0.15442197,-0.9869539,0.101947345,-0.3818525,-1.241931,-1.8306891,-0.8859624,0.024684155,-0.07038552,-0.52902484,-1.1190718,-1.6259283,-0.64934206,1.1397094,0.7562681,-0.55025715,0.018622085,-1.6437211,-0.41444573,-0.9906971,-0.46392584,0.11002007,-0.00034971783,0.8641627,-0.26368353,0.8007879,2.2176673,0.8689885,0.42864576,-0.7890546,0.015035414,-0.34042466,0.50232416,0.96801704,1.0141294,-0.9059558,0.36210012,-0.3093338,0.96501297,0.21437226,-1.0645466,1.3608304,-0.12166365,0.6626578,-0.41078913,1.0117384,0.9045189,-0.69388753,-0.5682667,-1.1945283,0.15795186,0.551014,-0.38454866,-0.81857044,0.8550637,0.15357204,-0.09235054,0.6384943,-2.0854423,0.51253414,0.53242755,1.0245677,-0.048728645,-0.8232209,-0.80453444,-1.268463,0.55733865,1.0356673,-0.59456486,0.16177359,-0.21167104,-1.1578537,1.71571,-0.51898515,1.3907791,-0.9899178,0.017282138,0.41841093,0.8099139,-0.043013047,0.7080836,-0.3196015,-2.6439493,-0.50861263,0.86930114,0.23002742,-0.46784863,0.12324648,0.43695173,0.06757174,0.82588726,-0.38585994,0.17037702,0.59400773,1.6646013,0.3100397,1.4756994,-0.4759775,0.32433483,0.11699108,0.27024373,0.9830157,-0.032703,0.13719356,-0.10437318,0.08094492,1.5865794,0.82577425,2.2602606,0.14341892,-0.33871937,-1.2077919,1.1674336,-1.139325,0.36296403,1.5195365,-0.52484006,0.86749953,-0.16033326,-0.8268197,1.0289701,1.5165173,-0.13036866,-0.79375315,-1.1244427,0.6807375,0.18050714,-0.48557737,-0.015091486,-0.10826731,-0.7844405,-0.18353035,-0.21255927,1.1344837,0.07809788,-0.35358605,1.0042998,-1.0183413,0.21055275,1.1659418,-0.112607,-0.89968777,0.17694186,-1.1024344,0.82292914,1.1985363,0.3369701,-0.7942541,0.77713805,-1.3993486,1.5432425,0.21396174,1.1066078,0.96347255,-1.784371,0.6458856,-0.5700534,0.352782,0.37917718,0.7911394,0.20458181,-2.4304273,-0.51461077,0.8562341,1.3606285,-1.0415739,-0.16635126,0.839303,0.20883591,-0.07093125,-0.4364946,-0.5169508,-0.26157084,0.74744624,0.94560176,-0.23073809,0.77810574,0.4182448,-0.24947566,0.19417517,0.13159579,-0.12583864,-0.9096516,-0.48957732,-0.7661684,-1.3633744,0.6685969,0.59894246,0.35050932,-0.8183735,-1.2806581,-1.6487927,-0.216796,0.5428855,-1.6552981,-0.19644022,-0.86483765,-0.7607749,0.26047513,-0.81243086,-0.3927225,1.0278715,1.2116107,-2.0923948,0.4085499,-0.032622814,-0.2356558,0.5101328,-0.6257105,1.2069248,-0.7389142,0.9272372,-1.6899729,0.71140337,0.40104234,-1.7657627,0.4984204,-1.2753576,0.14744987,0.89880633,-1.6452366,0.014884849,-0.08842883,0.27045617,-0.010749002,-0.9788038,2.8477619,-2.1200504,1.0993358,-2.345194,-0.47796407,-0.6412363,0.18636227,-0.65554094,1.2540648,0.49162307,0.7094942,0.37686107,-0.07013138,0.528223,-0.020727292,0.49464467,0.4748915,-1.0993018,1.0251912,-0.1847865,-1.6071653,-0.6163303,1.404236,-0.93973947,-2.081319,-1.0621953,-0.014728258,0.19141741,-0.8950362,-0.16564186,1.1063923,-0.48464644,0.58220404,-0.99946666,0.16990924,0.10852676,-1.0960995,0.70448464,1.5156695,1.1515379,-0.7779884,-0.33678135,1.0610771,-1.76449,-0.020518815,0.26155397,1.829503,0.21945105,-0.26783744,0.6048499,0.37693465,-1.0748478,-0.1676749,1.0217777,-0.45392862,3.0643578,0.4759886,-0.5138978,1.2061272,0.7485936,-0.004222969,-0.72450393,-0.1601371,1.1983018,0.028426608,-0.4700807,-1.2427825,-0.5926814,0.53876156,-0.3705753,0.952583,0.20400016,0.08423599,0.27281043,0.71264744,-0.7100989,-1.7771333,-0.72221404,1.0669723,1.0245205,1.6402082,1.3927693,-0.24043213,-1.2893635,-1.5701882,0.90665215,1.0835205,0.28631774,0.78817004,-0.5913691,-0.49926266,1.1570395,0.09284731,0.11419434,-1.5884904,2.691909,0.114248514,1.4019123,1.1965103,-1.4535705,-1.1703317,-0.14741576,0.9821213,0.6201406,-1.3232667,-1.1019695,0.87487394,-0.28303918,0.90329885,-0.09554731,0.4238526,-0.27601126,0.2532249,1.0488499,0.2527867,-0.88995385,-0.76376265,-0.7273666,0.8841264,-1.470252,-0.46781683,-0.26912615,-2.403887,0.8251179,-0.4682742,0.34289432,-0.6222211,-0.031389635,-0.10699606,0.13510281,0.7645094,-1.3496003,-0.9109706,0.35103974,-1.2156652,-1.9591953,1.3868345,1.5156511,-2.0992322,0.4091831,1.1450299,0.48823377,1.3161129,-0.7751529,-0.19769616,0.012957819,0.071112745,0.081491545,0.15342984,-0.8353388,-0.42910576,-0.7175949,-0.70237523,-1.8840758,0.16049837,1.014336,-1.6899649,-0.76348823,-0.45289025,-1.2406708,0.00935477,0.7051254,-0.11579987,-1.3355742,-0.24963091,-0.5159645,-0.51655716,0.6288485,-1.1583487,-1.0790471,0.36057627,-0.14553653,0.41953412,1.8428222,0.30458418,1.0937434,1.3810664,0.31788036,-0.66494155,0.36424053,-1.0125542,-0.21422826,0.20830627,-0.61312056,-1.2458533,0.8413846,-0.35706452,-1.4021382,0.09275234,0.47680274,0.277003,-0.39568964,0.0906629,0.78436893,1.396019,0.90683156,1.8822418,-0.5136395,-0.48820332,-0.7385438,0.004602129,-0.22072023,-0.8087594,0.94979143,1.0879796,2.8267033,0.25074762,-0.060765684,0.37706614,-1.3592647,-1.3736318,0.78907204,0.4906051,-1.019858,0.44690976,0.24536912,-0.47721207,-0.33935523,-1.3228086,-0.5657503,0.2997574,1.1525728,-1.3640121,-0.23334086,0.3495065,0.3614759,-0.94623137,0.915874,1.1240612,0.9727378,-0.32847545,-1.1411878,0.110319816,-1.5714313,-1.1959511,0.40860176,-1.2302197,-0.17379202,0.100284256,-0.64827204,-0.61318445,-1.5161778,-0.40047827,1.7158192,0.6647882,-0.37004113,-0.3228081,-0.46910477,1.2996188,-0.9038058,0.27519834,0.3395973,0.97007805,-1.5420967,-0.118379414,-1.2334846,1.6901554,-0.12526403,2.1639028,1.1321707,0.0036170285,0.07022817,1.366532,-0.04566713,-0.47336364,0.01441935,0.69109017,0.23920454,0.18267655,-1.4196545,0.88186044,-1.1085414,-0.6812083,0.5768702,0.9065117,-0.32857987,-1.513872,0.1849699,-0.11011723,1.6107064,-1.595747,0.062255364,1.7451335,-0.67272776,-1.3910942,0.55504996,-0.06172223,-0.4316071,-0.26010776,3.2910278,0.18069474,0.8927774,-1.0328513,-0.80099136,0.8149062,-0.26141235,-1.5209898,0.21691136,-0.13709427,0.5745457,0.3359542,-0.7756079,0.7859165,-1.4101974,0.28950313,1.9883696,-0.9833491,0.63427913,0.11225977,-0.07749119,-1.3153548,-1.3303211,-0.12981625,0.03272933,-0.6895489,0.7748154,0.40942764,1.1814692,1.461628,-0.022141377,-0.5990413,0.90215665,1.402268,0.631527,-0.7050378,-0.9338177,0.62994784,0.9929393,-0.07326897,0.21969946,0.41050473,0.31882426,-1.779637,1.249822,0.02291871,-0.21795356,0.87939095,0.5256205,-0.300702,0.62814975,-0.41757515,-0.6407587,-0.57451445,-0.53305966,0.35824212,-0.23388414,-1.0019535,0.33887556,-0.598326,-0.88647413,0.31108162,0.8704354,-1.317185,0.3763319,-0.7843218,0.5249634,1.1060028,0.20880967,-0.93446684,-0.3535045,-1.2475126,1.4782262,0.075513124,0.5639922,-1.5079323,0.20187093,0.51387674,0.9492889,-1.521535,0.07549253,-0.7387686,-1.0513008,0.18355404,-0.93335754,-0.04238826,0.41199136,0.5450756,-1.5373875,1.5638083,-2.1907387,1.3688506,0.5647293,-0.66707903,0.3327531,0.29676357,-0.42006907,1.6758,1.3294393,0.31131005,-0.5142428,0.3269941,1.3411962,-0.72739166,-0.63528216,-0.98648554,1.4582434,1.0154151,1.2667702,-1.2192695,-0.44666627,0.34043086,-0.22675048,2.5910509,-1.5531373,-0.3611082,0.56504077,-0.0343094,-2.2590592,-0.32358927,-0.08566537,-0.29391468,-1.2746204,1.3890556,-2.2183058,-0.4114859,1.08455,-0.4296492,-0.29173583,0.41906944,0.7114931,1.1379323,0.8415251,0.516908,-1.2657585,0.6794524,0.089401424,-0.4197081,0.8289904,-0.802156,0.11024949,0.4564242,0.4639362,1.550959,1.0881158,0.11325998,0.84475595,0.79234153,-0.087097146,0.11059958,0.0924083,-0.3229088,0.39679715,-0.1571843,0.98325986,-1.2368689,-0.6662426,-0.8854346,0.9231972,1.1918373,0.23842649,0.09329874,0.28962818,1.3246299,0.5327404,-0.29860374
カ,-0.6232591,-0.75811154,0.41900134,0.84907615,-1.0056152,-0.5568041,-1.2342861,1.0103695,1.513862,0.064510874,0.22919646,-0.5907491,-1.1053431,2.378552,-0.75711215,0.32890716,1.1657202,-1.1816438,0.29531696,-0.12112878,0.7124294,0.38998464,0.4978862,-0.3609425,0.8264119,0.88191956,0.6894403,-0.0759291,-0.63212025,-1.2696664,0.3137156,-0.5024505,-0.826815,0.3940606,0.27505875,-1.5183737,-1.6220042,1.1857784,0.12497641,-1.1202906,-0.5312008,1.156604,-0.17172338,-0.26943538,-0.5265449,-0.19567537,2.0129635,-0.59754246,0.6700348,-0.3989167,-0.8884961,-0.65823126,0.45927677,0.76641864,0.78896695,-0.62251866,1.5168073,0.97390085,-0.18336168,-0.18229577,0.030288497,0.5357264,-0.960547,-0.8920578,0.11187671,0.54325765,-0.2848444,-0.19530265,-0.542041,-0.32787225,-2.3353028,-1.33881,-0.4225069,1.3079646,-1.4096256,0.9851287,-0.0004506984,-1.1509877,0.45896572,-0.5263135,0.09482198,-0.41536513,-1.060795,1.2306683,-1.034233,-1.1375498,-0.53889495,-0.1336539,-0.9772505,-0.29913917,-0.8879042,-1.8247105,-1.3206779,-1.5250647,1.3171787,0.40494898,-0.7784762,-1.1101149,-0.98010224,0.036753565,0.34626335,1.2092352,0.6545967,-0.6795741,-0.8436573,-0.70327723,-0.5481586,-0.21220289,-1.0043825,0.61389107,0.439914,0.20935954,0.64131874,1.6489042,0.6760913,1.0681447,-1.3839949,-0.8164557,0.28960595,0.1140455,1.1838167,0.98607653,-0.5688623,0.70317715,0.10754057,1.2153857,0.067933,-1.0129651,-0.016671453,0.17101727,0.9320184,-0.056020908,2.419789,0.5871349,-0.78340894,-0.6081809,0.03908925,0.025747502,0.98593915,-1.0508279,-0.6406156,0.0063957744,-0.71744394,-0.16649564,0.4706491,-1.3891805,-0.10891255,0.24739222,1.175184,0.23169653,-0.0803313,-0.20844355,-1.4303808,0.3499755,1.0901142,-0.21105194,-0.0455988,0.0042409175,-0.95328176,1.6583068,-0.17978494,1.4902865,-0.5610153,0.40657523,0.051711213,0.6782467,-0.49729148,0.66915476,-0.9291645,-2.2324674,-0.4959524,0.05723713,0.7735299,0.35505,0.8411116,-0.024624003,-0.050279457,0.5864016,-0.99958706,-0.7591715,1.2697846,1.2524916,-0.03669778,0.9512521,0.23695387,0.40750694,0.7141319,0.8410346,0.747921,0.26129094,1.5678422,-0.6259189,0.61620283,1.1610132,0.5156514,2.864642,0.58758277,-1.5116491,-1.0912144,0.80195075,-2.382826,-0.22959422,1.3122011,-1.3570696,1.0938461,-1.1630796,-0.99272317,1.9796021,0.42173377,0.11648839,-1.3250057,-0.97618467,1.3572339,1.0439836,-0.07112111,-0.014626554,-0.58636373,-0.09976334,-0.23015077,-0.6025614,0.4812902,0.76821077,0.28184453,1.2285191,-0.66768116,0.44562244,0.41932255,0.29851395,0.15547049,0.5265907,-0.82541144,0.7284649,0.8779888,0.02181566,-0.21764629,0.40048236,-0.08687713,0.8838647,-0.68845314,0.7946381,0.81577194,-0.5426298,-0.1315684,-0.16067834,0.90445954,0.6138664,1.1939299,-0.2354897,-1.2961966,-0.16488533,0.11685986,0.94858515,0.18617222,0.16742839,0.06767828,1.6493782,-0.5919218,0.41900498,-0.63423157,-0.9392351,0.2924685,0.2071756,0.42647448,0.17690754,-0.013394228,-0.8233617,-0.42805162,0.52646065,0.09917611,-0.95483094,-1.3404704,-0.5058225,-0.9598426,-0.1364578,0.64735395,0.16769648,-0.6345938,-0.9433599,-0.75228125,0.13253866,0.71246594,-1.6254476,-0.21940112,-0.0022821364,-0.93770885,0.71146774,-0.0459764,-0.3334212,0.14007722,0.46934322,-1.1363367,0.7776702,0.008667626,0.53806275,1.265826,-0.1136036,0.7055381,-0.5768571,-0.19356476,-1.1029481,0.59384876,0.4249397,-1.4996766,0.57283896,-0.6514767,-0.31635183,0.7826764,-1.4418544,-0.7293996,-0.5305559,0.11899221,-0.25794977,-1.0153513,2.042242,-2.4520538,1.7211602,-1.2732443,-0.6448565,-0.5687626,-0.5822267,-0.72161955,0.414376,0.63129914,0.07647879,0.83404416,0.25309208,0.42193362,-0.10788829,0.008203989,1.5006206,0.10930862,0.18690278,-0.55826,-1.4605767,-0.020592997,0.5156167,-1.0864842,-1.5901054,-1.6566702,-0.5183956,0.17915897,-0.07826614,-0.4010709,1.3852106,-0.25442296,0.27764496,-0.9510126,-0.2859409,0.3763977,-0.8366548,1.0005677,-0.06545238,1.4876412,-1.0885116,-0.2397805,0.5148672,-1.4675395,-0.1014448,-0.32290602,1.7143275,0.72535956,0.9449193,0.4340373,0.4589968,-0.6653515,-0.3609891,1.1663866,0.0064879144,2.114495,0.17621085,-0.14698611,1.5991069,0.29772514,0.45532003,-0.6774639,-0.122073986,1.5727619,-0.44091398,-0.73763126,0.10845835,-0.1935281,-0.55453116,-0.05305912,0.56919974,0.46646237,-0.27949554,0.67196375,0.7395815,-0.4792278,-1.0357234,-0.7625896,0.78908217,1.3150609,1.4839242,1.3657532,-0.17008767,-0.48633194,-1.9369448,0.4687407,0.89133185,0.66739464,0.22541569,-1.914745,0.3511687,0.4567938,0.4268341,-1.2868415,-1.7044038,1.1058537,0.3704537,0.55372393,1.4506037,-1.115111,-1.3452199,-0.20306195,-0.12914851,0.45544666,-0.93199235,-1.1574634,0.5337613,-0.39357832,1.2429525,1.1805667,0.11657534,-0.54694957,-0.61795866,0.43669757,-0.22839813,-0.44029865,0.039049115,0.27470323,0.61740273,-0.98765117,-0.74410856,0.16235836,-2.1496847,1.2179527,-0.03813836,-0.12473177,0.0835088,-0.4054292,-0.8130684,-0.011246716,-0.10354209,-1.1235031,-0.33177805,0.82469755,-1.4621764,-1.4003174,0.7352336,1.4114742,-0.51776165,0.70341176,0.30497527,0.41511464,0.699346,-0.07950725,-0.21566986,0.40699628,-0.20881392,0.154162,-0.28639323,-1.6074826,-0.59693545,0.5120577,-0.8559442,-1.613555,1.103031,0.5199327,-1.5146568,-0.73481417,-0.4765188,-0.46470734,0.87251693,1.1241629,-0.105228595,-0.59646505,-0.44154385,-0.28187767,-0.07202863,0.5496171,-0.6287278,0.33041477,0.34183273,-0.58791864,0.40671608,1.7540215,0.8492517,1.5564594,0.86693037,0.2562805,-0.36843023,0.42785928,-0.37030387,-0.6579884,0.40702987,-1.4382299,-0.8549568,1.2656176,-0.5183816,-0.91511774,-0.05379198,0.87648046,-0.84607226,-0.3578887,-0.46433884,1.2637182,1.6642847,1.4707003,1.5285691,-0.0714135,-0.31915388,-0.6630699,0.41830206,-1.0500977,-0.42743784,-0.23260126,0.50252116,1.8235816,-0.40553564,-0.07312917,1.2680806,-0.91034615,-1.4212333,-0.19597837,0.019556506,-0.38813326,-0.4199396,0.45899603,-1.0639497,0.31643108,-1.7899681,-0.28799075,0.7141776,1.5361937,-0.114872016,-0.12211334,0.6969175,0.2927069,-0.7192925,-0.45815346,0.70557344,1.6728634,-0.37706873,-0.69685733,0.23721313,-0.47110114,-1.7868305,-0.20231457,-0.9319593,-1.0853465,-0.08075221,-0.47584838,-0.5175083,-0.7273936,-0.6359564,1.5424618,0.05640916,-0.49702564,0.848092,-0.8514232,1.2083634,-0.057308782,-0.29556346,1.1065433,0.52592224,-1.3723246,0.8928188,-1.3260278,0.83045304,-0.2906117,0.8209904,1.5912737,0.9571284,-0.62597793,1.1087495,-0.68624353,-0.11860402,-0.23478487,0.5239704,-0.78163654,0.7223768,-1.6409019,1.2482078,-1.0221419,-0.69591844,-0.30511746,0.63431317,-0.84922916,0.5202991,-0.21986511,0.90014887,0.30618295,-0.87373215,0.5918083,1.6586925,-0.49282354,-1.1367222,0.5387113,0.11149443,-0.2138381,0.16631386,2.7073424,0.34034076,0.5042277,-1.1095933,-0.9136998,1.0117334,-0.3513065,-0.9564708,-0.17029569,-0.17935477,0.20524772,-0.08392958,-0.1428343,0.99714696,-0.5769024,0.5615442,0.8492991,-0.56754315,-0.21822779,0.2932426,-0.76391804,-1.2745569,-1.1658441,0.3164261,0.42394638,-0.8570774,0.8589025,0.76936597,1.7411668,0.7923156,0.051774856,-0.63295716,0.6724032,0.8381173,0.44421455,-0.738103,-1.3740853,0.3845555,0.8659234,-1.086806,0.6645611,0.0617319,-0.45957986,-2.1114373,0.77648926,0.0035108668,0.20672393,0.96099293,-0.19210076,0.15474693,0.56860024,-0.18237542,0.18253948,-0.368788,-0.516491,0.22677812,-0.066342555,-1.0403188,0.43939257,-0.68677807,-0.14842424,-0.8290696,0.75640184,-1.2706829,0.5392992,-0.48927468,1.098376,0.44536406,0.59749943,-1.351991,0.013762755,-0.15217829,1.4293749,0.7188011,-0.18377654,-0.90931576,-0.37420392,1.2963475,1.028116,-0.2892712,0.08409177,0.05716109,-0.39578608,-0.109182775,-0.7662838,-0.6321623,0.47460815,0.15065728,-0.9319836,1.6978452,-2.3666909,0.6166166,-0.04049132,-1.2414396,0.17893736,0.2097619,-0.67953676,1.912487,0.82200843,-0.771108,-0.21052358,0.74355876,1.2508262,-0.49628052,-0.18981685,-1.2763115,0.9887394,1.0789467,0.6307949,-1.2271194,-0.057746768,0.14048699,-0.27336392,1.678051,-0.56734127,-0.5572286,-0.6967287,-0.13635124,-1.2438341,-0.39050457,-0.21317591,0.099690266,-1.6708813,0.42531106,-0.90906173,-0.93654597,0.36440882,-0.23174728,-0.33277747,-0.4006131,1.4480594,0.015405523,0.43228653,-0.17414653,-0.6853021,-0.46842685,-1.1924093,-0.26423168,0.5346846,-0.8572028,0.4411734,0.5608775,1.6341293,1.4934899,0.5325553,-1.3190899,0.41726646,0.5802141,0.5933536,0.4096554,-1.0577209,-0.57290286,0.60526425,0.24507082,0.88090295,-1.839957,-0.9167341,0.029080067,0.46864477,0.26335254,0.7043925,0.32304162,0.40162548,1.6188287,1.0459297,0.20192954
ン,-0.34378034,-0.87940156,0.6665697,1.7760212,-0.87142,-0.18636012,-1.1297201,-0.04315108,1.327177,-0.23000047,0.66325235,0.12563455,-1.0131955,2.6265185,-1.1551952,-0.48961622,1.481766,-1.6395748,0.34023035,-0.243443,0.6520239,-0.24095872,0.74004465,-0.41208717,0.7160772,0.43687534,1.3475995,-0.1701841,-0.7850978,-0.034185253,0.8654412,0.09347233,0.46015674,-1.0570686,0.38405743,-1.5490954,-2.3033233,1.031564,0.45935994,-0.5017289,-1.3858898,1.4337082,-0.12735195,-0.681472,-0.5851882,-0.68396324,1.967314,-0.26322317,0.32829535,-0.73055106,-0.92058,0.060359176,1.5004076,0.53586274,1.2223155,0.025760807,1.0660868,1.3406137,-0.12675431,-0.68636465,0.6336161,1.1974378,-1.5679562,-0.77042955,-0.2613241,1.5958067,-0.21343338,-0.8066021,-0.9599634,-0.16127236,-2.1826591,-0.5258931,-0.40671927,1.0868746,-1.6503681,1.1424695,0.015602158,-0.41123807,0.4072117,0.23139703,0.2180022,-0.09316227,-0.86742365,0.9528725,-0.38905287,-0.16232029,-0.65795726,-0.19837728,-1.4640265,0.33376566,0.46215785,-1.3918748,-0.98141533,-1.7187984,1.6722262,0.1934374,-0.20500067,-0.36815482,-0.6173587,-0.074745074,-0.5531168,1.4543521,-0.17623456,-1.0680276,-1.1984944,-0.2761759,-1.1819283,-0.750649,-0.93579173,1.5947021,-0.60362643,0.6581403,0.64269936,2.1014483,0.65565926,0.8522033,-0.563885,-0.6553575,0.21834357,-0.083788805,1.7400117,0.4462844,-0.31139624,0.4654776,-0.13010187,0.6844009,1.045588,-0.26678592,-0.021838803,0.7381706,1.030918,-0.6019701,2.0825114,0.7460437,-0.5339502,-0.11031781,-0.55284375,0.057489,0.29867738,-0.41980663,-0.6496019,0.22014518,-1.0749956,-0.887667,-0.006558478,-1.7379394,0.18256126,1.3034381,1.3080904,0.69727886,0.20055276,-0.40142947,-1.4898413,0.22839566,0.5478697,0.06893087,-0.29892445,-0.048817776,-2.2059283,1.2256229,0.426836,1.8957455,-0.6063658,0.5405984,0.55725616,0.34042102,-1.2772329,0.46116224,-0.59705734,-1.7623678,-0.35291094,-0.6344004,0.97306514,0.48701626,1.4831924,-0.2596483,0.20253202,0.36372358,-1.4420868,-0.4648857,0.57982886,1.3602424,-0.3871625,0.66448003,-0.1845351,0.4113623,1.3095928,0.66795576,1.0532653,0.693747,0.9964891,-0.32735497,1.8645558,1.2891636,1.1806504,2.9119835,1.0011752,-1.8753893,-0.78718495,0.45686978,-2.4064767,-1.4325088,0.7268919,-1.6084981,1.1403167,-1.2633178,-0.9991652,2.0323818,0.46126938,-0.3307636,-1.5302079,-0.51380527,0.3008409,0.92024195,-0.61583877,0.3458607,-0.9860271,0.38740796,0.19884133,-0.47623545,0.11268843,0.48112568,0.66349643,2.1199222,-1.4446568,0.23618625,-0.4888565,0.940826,1.0429009,1.3010192,-0.7764618,0.21810427,0.27876174,-1.2044955,0.3423281,0.34967804,-0.0027025267,0.56866777,-0.6859889,0.60170436,0.06093343,0.13951045,0.50965804,-0.5023102,0.08802434,1.0217746,2.5348933,-0.5540864,-1.100604,0.025194317,-0.69963825,1.0793818,0.9748444,0.40538487,-0.22560796,1.9230077,-0.94938076,0.5245911,-0.77557635,-0.36384135,-0.43952048,1.3040013,-0.65417784,0.49886927,0.47557276,-0.45082057,-0.15178505,0.5430368,-0.0147392135,-1.2214096,-1.3867532,-0.32345217,-0.9197795,-0.5528184,-0.17410347,0.18889058,-0.72537166,-1.046727,-0.770647,0.60101056,1.1068274,-0.27450454,-0.77474296,1.1350602,-0.4800036,1.5101764,0.34814966,-0.20135203,-0.20208463,0.6257767,-0.9215049,1.4652416,-0.23550323,1.8292743,1.4262376,0.47748992,1.0402701,-0.55126643,0.040611535,-0.8440508,0.3230007,1.5217674,-1.6370993,0.16253123,-0.47761554,-1.5863888,0.32117274,-1.289401,-1.4626327,-0.91118425,0.21062182,-1.1744993,-1.4549935,1.4345746,-2.4331262,1.8780931,-0.75522566,-1.0528542,-1.2592653,-0.73062253,-0.72326475,0.6812883,0.58187765,0.22859387,0.26603585,0.68329203,0.17193873,0.10571195,0.4208252,1.506379,0.42810845,0.7376402,-0.26796588,-1.201248,-0.70430297,0.19230914,-1.8736702,-1.6037881,-1.7585423,-0.14325134,0.72531086,-0.69027996,-0.72068286,1.1725101,-1.100957,0.8487986,-0.974752,-0.1540335,-0.12628949,-0.13605256,1.0922426,-0.6239653,1.6849177,-0.84502316,0.02541846,0.036505535,-1.1949129,-0.78592336,-0.45650223,1.313333,0.45538992,1.6620598,1.3159256,-0.09631504,0.5057179,-0.3203724,0.7204251,-0.055851124,1.3487463,-0.43658632,-0.30098435,1.8397086,-0.36216182,0.8330482,0.16598922,-0.27271935,1.304764,-0.13652906,-0.62695456,1.0195367,0.22658023,-0.42035937,0.44262868,0.0011839131,0.14413273,-1.0170082,1.1044041,0.27023286,-0.18942276,-0.7544564,-0.63083535,0.28742465,0.95162416,0.9596994,1.4288082,-0.66255116,-0.5310208,-1.8752024,0.90721476,1.0427287,0.9391192,0.09481534,-2.4051228,1.0252848,0.3909682,0.0063928813,-1.6695434,-2.282001,1.5561082,0.48775315,0.0716739,1.0338484,-1.4683919,-1.1134715,-0.23332655,-0.15994893,0.17001928,-1.3714495,-0.65662265,0.23880155,-1.2610016,1.4627962,0.36047372,0.15520458,-0.30734333,-0.07322439,0.77103,0.13219313,-0.6451956,-0.38280192,0.6675124,0.06915119,-1.5238423,-0.85738105,0.23114684,-1.1564318,1.6036447,-0.7124933,0.20573163,-0.21134616,-0.37587148,-1.6916406,-0.19020148,-0.57861334,-1.216332,-1.0984455,0.18958217,-2.033843,-1.3404595,1.3858817,1.5003588,0.007259086,0.6802802,0.25160682,0.12052773,0.5310514,-0.18109715,-0.6045227,0.21111657,0.034252457,-0.6018847,-0.6969939,-1.1159027,0.26221564,0.9631397,-1.2696487,-0.6798354,1.0830673,1.4636074,-2.0760093,-0.3929413,-0.2938325,0.2863013,0.51075643,0.7306506,0.6610663,0.09404229,-0.6250444,0.24742481,0.034336224,1.4835465,-0.7143245,0.22520775,0.98465145,-0.40731573,-0.7310931,1.6282063,0.27523237,0.98203063,0.85779023,-0.013602994,-0.63422614,0.9042565,0.28286716,-0.2501889,1.1576568,-2.0620172,-0.1333528,1.7406423,-0.4198194,-0.2864955,-0.8181304,0.9421044,-0.40895808,1.0787154,0.62488115,1.501967,0.47167712,1.3114381,1.0655031,-0.13811323,0.38214076,-0.52874786,0.9285998,-1.405003,-1.0182942,-0.43891788,0.8437273,1.2632751,-0.41466272,0.3605742,1.0661569,-0.9927565,-0.9392971,-0.550784,-0.20202737,-0.59165865,-0.8111085,-0.19444504,-1.7654791,0.16230834,-2.5268776,-0.50053155,0.9822676,1.0994458,-0.955668,-0.4563108,0.70157003,-0.60287076,-0.87214404,-0.14854485,1.1470164,1.3850129,0.3692884,-0.7239692,0.16727762,-0.1112762,-1.7868855,0.009595908,-1.0326893,-1.0189083,0.31991324,-0.7059632,-0.49170107,-0.63887274,-0.7189387,1.518908,0.28077623,-0.81008196,0.7469371,-0.35262504,1.0338391,-0.34877443,-0.024853736,1.7172248,1.1697612,-1.2601302,0.77923536,-0.8954793,0.36190712,-1.1399903,0.37975287,1.7775084,0.86208564,-0.1637204,0.13630664,-0.92085093,-0.23683108,-0.29015198,0.8394574,-1.2134078,-0.069634594,-2.5620475,1.5100614,-1.4526922,-1.0324471,-0.381589,0.68030125,-0.5728456,0.33312494,-0.591687,1.3363092,0.08553016,-0.55243343,0.9963511,2.0503669,-0.5103765,0.058997933,0.13651471,0.6655415,-0.45603862,-0.028833792,2.6599631,0.6313113,0.7981999,-1.9020725,-0.49168313,0.40952507,-0.29155216,-0.9732485,-0.4908597,0.22903255,-0.9813133,-0.15326594,-0.31030384,1.4162993,-0.8322572,-0.13019732,0.2967928,-1.0443435,-0.8282753,0.68694913,-0.7261688,-1.3614383,-1.8811392,0.35815093,0.4014485,-0.30559808,0.7971009,0.013672689,1.8126498,1.199461,-0.70334756,-1.5839262,1.055686,0.4501084,0.5823987,-0.6759284,-1.4060467,0.564752,1.3095841,-1.7525905,0.9177338,-0.32797596,-0.19008322,-2.1726608,1.026859,0.8717794,0.39406055,1.6549362,-0.46487004,-0.11776888,0.57888913,-0.09771994,0.7672262,-0.82081515,-0.14383581,-0.41747504,0.14707607,-0.06843975,0.33137333,-1.3533993,0.59461194,-0.36365747,0.74892443,-0.94815373,1.0467439,0.9301033,1.1009526,-0.048342712,0.4725956,-0.824382,-0.8656742,0.14736295,2.0745792,1.0323377,-0.48925865,-1.1598841,-0.42888227,1.6281034,0.5064732,-0.599792,0.82339895,0.033169568,-0.3344239,0.07845777,-1.6174169,-0.6520062,0.39487815,0.31568012,-0.65717363,0.18400784,-2.0543878,1.2552276,-0.79005885,-1.4146158,-0.0855291,0.12201304,-1.1531897,1.0206219,0.84481746,-0.7979664,0.07243136,0.90630996,0.48889676,-0.10382144,-0.7779156,-1.2452475,0.9100428,1.1280744,-0.32160354,-1.1587179,-0.014592748,0.5114084,-0.4196645,1.6879585,0.047812834,-0.7894181,-0.8249367,-1.5350384,-1.6594292,-0.47945726,-0.61555636,-0.30907127,-1.1758668,-0.8010053,-0.47703704,-0.67453635,0.37013575,-0.045847617,0.62285817,-0.43464667,1.2182252,0.6865543,0.42657137,-0.17648041,-0.9670869,-0.07753503,-1.5216224,-0.91922385,0.7042459,-0.5899185,-0.054617308,0.04503116,1.963384,2.3120255,0.14341483,-0.74396306,0.2318384,-0.08133647,0.5181606,0.3444764,-0.9317721,-0.14198801,0.38523975,0.22897243,0.15261476,-1.3603157,-0.1061158,-0.024313003,0.14819056,-0.24526131,1.1144502,0.68306696,0.056666404,1.7444203,1.607055,0.14411707
ガ,-0.52662224,-0.7928615,0.6975439,1.7469441,-0.92547655,-0.1007427,-1.2138625,0.3860109,1.3236895,0.2221819,0.72933155,-0.27625582,-1.125563,2.6264422,-0.9050196,-0.357016,1.3704966,-1.2005434,0.024605727,-0.37500465,0.58647066,0.031524587,1.0619097,-0.714799,0.70722365,0.40939227,0.8016467,-0.47963417,-0.41339922,-0.40208697,0.48505548,-0.040320504,-0.20434101,-0.5348449,0.03257479,-1.6702766,-1.4232548,0.9958873,0.97529906,-0.71838003,-0.91022563,0.94306296,-0.053194243,-0.7831575,-0.59322,-0.072104745,2.2391984,-0.1969396,0.6139597,-0.41431698,-0.57973236,-0.07457306,1.0328228,0.97347236,1.4250864,0.0323295,1.3087867,1.28636,-0.17033005,-0.7334792,0.26282653,0.98849607,-1.57383,-0.6517404,0.26448333,1.2432866,0.045608487,-0.50882417,-0.59089774,-0.18205269,-2.1729658,-0.39163712,0.03128532,1.0437466,-1.4742903,0.8840623,-0.06490429,-0.44883928,0.36519143,-0.30048636,0.17690307,-0.19141142,-1.0826348,1.1566105,-0.7613887,-0.20691802,-0.46559277,-0.3483856,-1.2411789,0.23356064,0.49023703,-1.4708346,-1.2481818,-1.7239813,1.2047967,0.25670907,-0.46256396,-0.39384162,-0.9231077,-0.211178,-0.34117928,1.4244453,-0.48912004,-0.9726434,-1.0197519,-0.14091338,-1.0795215,-0.5369633,-0.97018737,1.3221799,-0.39044273,0.66314054,0.66657776,2.1080575,0.503731,0.9475243,-0.66958284,-0.75648826,-0.03215705,-0.3922231,1.6481581,0.3480164,-0.97215587,0.42669073,0.18461518,0.85937005,0.58823645,-0.8501274,0.36722293,0.2972055,0.7987144,-0.5223107,1.8871771,0.4259828,-0.71832496,-0.6268186,-0.48293185,0.21112604,0.38130966,-0.86014247,-0.59267396,-0.10142046,-0.89630383,-0.7049077,0.26431343,-1.7022702,0.08782784,1.1693698,1.0947613,0.31023276,0.21074426,-0.42062187,-1.3796726,0.24556345,0.9386594,-0.36030236,-0.074735805,-0.0691218,-1.5159997,1.1975964,0.69887465,1.6785825,-0.80334216,0.1366827,-0.13888411,0.44618702,-1.4212352,0.3381149,-0.7326531,-2.086581,-0.5783369,-0.30231342,0.6272026,0.4368395,1.1863626,-0.6271616,0.23611535,-0.15606786,-1.2636285,-0.6186819,0.6696579,1.2365425,-0.2735548,0.91483384,-0.11683192,0.15623558,0.9153907,0.7675824,0.61796343,0.5797103,0.8388887,-0.6779735,1.3986915,1.8514887,1.095293,2.9803994,0.6714802,-1.8211683,-0.93505263,0.6607338,-2.6039402,-1.1922561,0.57661784,-1.2319715,1.2583925,-0.9585821,-0.9416004,1.8945047,0.2283892,-0.29701817,-1.1987861,-0.7702615,0.73769075,0.8050048,-0.81895334,0.08928431,-0.59946823,0.48084986,-0.19331628,-0.70059085,0.3425856,0.5807095,0.13230763,1.9913188,-1.1656349,0.48809326,-0.39116678,0.9195948,0.7387282,0.71891856,-0.9045573,0.28312024,0.3550782,-1.0006512,0.29565394,0.39315543,-0.08309657,0.92703176,-0.49390528,0.8819666,-0.13970292,-0.11935071,0.16923286,0.037666034,0.47960946,0.49226892,1.8370523,-0.43442273,-1.28039,-0.19115661,-0.2701298,0.8072389,0.8097816,0.18359657,0.2724866,1.3152627,-0.75735307,0.46474907,-0.96435744,-0.62500584,0.038864363,0.5710034,-0.2039779,0.74706334,0.55134016,-0.48273385,0.07740041,0.6654217,0.047562182,-1.6884274,-1.4405317,-0.5705376,-1.0466828,-0.3283831,-0.17974566,-0.120762765,-1.0933443,-0.7887244,-1.1261182,0.06291313,0.7188821,-0.8259241,-0.91725105,0.7606871,-0.2692934,0.92426014,0.22058159,-0.3149025,-0.30898175,0.4725033,-0.98768014,0.99737996,-0.052735448,1.8404568,1.4719024,0.2632258,0.66905195,-0.6191395,0.22732018,-1.2769898,0.7196589,0.915659,-1.5389243,0.34799027,-0.15742975,-0.4653875,0.37087512,-0.9717453,-0.95333034,-0.7189942,0.50723046,-0.8853335,-1.4845656,1.9274985,-2.520232,1.5520402,-1.0215186,-0.59601706,-0.7360695,-0.5009305,-1.0990387,0.880678,0.59338015,-0.23323025,0.5940055,0.48976922,0.5211875,0.26560703,0.36885977,0.9896534,-0.04753564,0.9614257,-0.4959778,-1.2341527,0.047867436,0.37999582,-1.5864867,-1.750783,-1.6972839,-0.5234557,0.60511726,-0.21130228,-0.2660843,1.5233394,-0.65643775,0.5652859,-0.8271835,0.15152581,-0.15689953,-0.6177756,0.83494633,0.03395964,1.577706,-0.20037894,0.046784375,0.41276348,-1.2931885,-0.61068875,-0.56176,1.3044099,0.34691763,1.3735756,0.7893417,-0.13107035,0.082346104,-0.3736377,0.9207685,-0.14333306,1.7985607,0.16529949,-0.2449222,1.6579326,-0.19847357,0.57520294,-0.548721,0.035158936,1.6648897,-0.17921196,-0.6514515,0.3757399,-0.018116986,-0.37758505,0.50884753,0.3065479,-0.111217745,-0.53399837,1.0326074,0.39392057,-0.7997268,-0.6170038,0.040821534,0.15579864,0.7871956,1.4668204,1.7206374,-0.66330385,-1.0912312,-1.9712428,0.45415986,1.0797802,0.555528,0.34210578,-2.2287874,0.5659608,0.528794,0.51798326,-1.4201212,-2.0926764,1.6424247,0.19245315,-0.013601224,1.5809885,-1.3248585,-1.3377608,-0.19169445,-0.11099967,0.43254623,-0.9815543,-0.7213936,1.1490253,-0.891368,1.563687,0.1051921,-0.11947601,-0.24902676,-0.2864124,0.83339065,0.09780548,-0.5523506,-0.0662202,0.62411886,0.5996743,-1.3162875,-0.5224677,0.6135799,-1.1588222,1.1450325,-0.23524003,-0.21916473,0.13480629,-0.537633,-1.2629482,-0.48995158,-0.5488338,-0.8594791,-1.225934,-0.121474884,-1.5379966,-1.2596895,1.1710591,1.513402,-0.48605737,0.4213923,0.31551766,0.37590936,0.18087505,0.021284923,-0.30438277,0.39867327,-0.22216593,-0.5580706,-0.7507488,-0.48677945,-0.3273141,0.6085835,-1.0296097,-0.99588054,0.9489427,1.5350814,-1.9397985,-0.6713597,-0.2584698,-0.48312274,0.5312281,0.75355905,0.7667784,0.1552942,-0.9017872,0.28623426,-0.11993607,1.428718,-0.16516207,-0.019738337,0.43788564,-0.2162909,-0.5042755,1.6337732,0.05767141,0.94288427,0.7933817,0.021155268,-0.63719964,0.66766953,0.048419993,-0.24118441,1.1363546,-1.5247227,-0.14370467,1.2832139,-0.45551217,-0.3030465,-0.49049816,0.87402683,-0.3708152,0.45605412,0.55584735,1.3806305,1.0755342,1.4257898,1.3166963,-0.043596048,-0.26932654,-0.6424747,0.7969942,-1.3087592,-0.8962324,-0.07194024,1.0245972,1.5177387,-0.13988633,0.18624146,0.75428057,-1.0991799,-0.65506715,-0.32071742,-0.08665567,-0.5215638,-0.9165838,-0.29832205,-1.2488369,0.41426727,-1.9263271,-0.40062502,0.54782075,1.085332,-0.7987912,-0.75459176,0.35765043,0.15297125,-0.86915284,0.01916928,1.2406734,1.1521358,0.4898297,-0.777024,0.23095024,0.02393271,-1.7508818,-0.076034956,-1.0264482,-1.1055661,0.048506405,-0.47273698,-0.40436754,-0.95331687,-0.89477557,1.6480261,-0.10279276,-0.6008291,0.3893857,-0.11308429,1.0304638,-0.4911611,-0.22974348,1.3108544,1.3125304,-1.5487593,0.9709253,-1.175807,0.6545958,-0.81541896,0.69845915,1.4157,0.78222364,-0.11582974,0.7461756,-0.9108489,-0.1805309,-0.17189151,0.6319293,-0.8559148,0.07416019,-2.3623943,1.2922858,-1.2131625,-0.7660175,-0.5510953,0.6284267,-0.43369356,-0.00013545156,-0.53491646,1.0301634,0.5535303,-0.6293711,0.6264215,1.7817999,-0.721602,-0.18721998,-0.099176966,0.22391509,-0.5621228,-0.24764669,2.762721,0.20912021,0.9734266,-1.5547496,-0.64098936,0.6766096,-0.08980727,-1.0836886,0.09213474,0.1101274,-0.42435542,0.4095889,0.00024385501,1.4448633,-0.7106287,-0.21786241,0.84195083,-0.9316481,-0.39660537,0.8761022,-0.57328916,-1.6004518,-1.4069127,0.5615518,0.36440578,-0.124299526,0.32103828,0.11318306,1.4971558,1.1893029,-0.4350822,-1.1142577,1.0602642,0.50698084,0.38791463,-0.29201788,-1.4494237,0.7143598,1.2755953,-1.2639364,0.81463337,-0.4684695,-0.15285727,-1.7100959,0.93519086,0.8556414,0.36206052,1.2175337,-0.34381926,0.072538435,0.34535167,-0.40471256,0.34911844,-0.7828052,-0.38945973,-0.5976258,0.25761977,-0.79316074,0.44235337,-1.1657723,0.092704356,-0.07926327,0.90758127,-0.86786795,0.72574425,0.45110092,1.2588683,0.42292312,0.3164054,-1.0133768,-0.6623575,-0.1666861,1.5452532,1.1365973,-0.32752976,-1.1829783,-0.6729037,1.2012962,0.878771,-0.23994921,0.49015167,9.591629e-05,-0.17372125,-0.19313307,-1.3419467,-0.37463745,0.031459797,0.7474151,-0.68582195,0.6105998,-2.0612516,0.95839673,-0.5858932,-1.2242771,-0.04198553,0.34201562,-0.9742129,0.9318721,0.7243357,-0.75348264,0.23152824,0.86699176,0.64518064,-0.012714744,-0.39465037,-1.5648588,0.92675203,1.0186933,-0.040398195,-1.2196995,-0.0854188,0.05522279,-0.2607551,1.7622018,-0.3352493,-0.8630662,-0.77699727,-0.7838168,-1.2846551,-0.2685944,-0.74682885,-0.45671812,-0.86049604,-0.4641018,-0.7360592,-0.44196987,0.6084857,-0.5300287,0.4966515,-0.3923761,1.6129271,0.76658696,0.134452,-0.060859572,-0.30734155,-0.5443395,-1.1789055,-0.4878999,1.136461,-0.3670586,-0.19817697,0.011043617,1.3968544,1.9560599,0.11550323,-0.57223576,0.27404502,0.22869903,0.40324306,0.38751876,-0.7733717,-0.54969436,0.2940298,-0.14489783,0.32230464,-1.7934359,-0.2821387,0.077273875,0.68033075,0.16315342,1.3516573,0.44293275,0.21595545,1.6380706,1.334877,-0.05474362
ワ,-0.68798274,-0.7286719,0.79630506,0.98664236,-1.2170625,-0.90612775,-1.3929561,0.48732394,1.2668307,-0.43182603,0.45624512,-0.3043769,-1.5531281,2.132851,-0.3202712,0.4442772,1.1308217,-1.044034,0.6484753,-0.4800539,0.89247626,0.13705185,0.84481084,-0.35211268,0.66999274,0.99952555,0.26070607,-0.3422665,-0.57242024,-0.6476121,0.6529191,-0.3532274,-0.79148394,-0.5264915,0.21205929,-1.526465,-1.2207974,1.1141907,-0.24040863,-0.50099313,-0.80119294,0.8074242,0.18335755,0.010845095,-0.8459066,0.21633394,1.830295,-0.069731355,0.26487657,-0.23387933,-0.6325667,-0.18696637,0.44807205,0.91680175,0.0938675,-0.2282997,1.2869663,0.49371395,0.18600464,-0.80782336,0.38416395,0.85954475,-1.0336063,0.2511017,0.6345469,0.43323964,-0.2563903,-0.49338564,0.26132694,-0.15803659,-2.5399678,-1.515352,0.087193824,1.8084161,-1.5538851,0.57615817,0.019852143,-0.86883354,0.11904123,-0.574969,-0.00864215,0.26028004,-0.6692668,1.2778492,-1.2877591,-1.3538009,-0.56631243,-0.5193185,-1.4256718,0.35305753,-0.15979064,-1.5198216,-1.4845192,-1.6514013,0.5755099,0.0031339526,-0.5606759,-1.1488377,-1.28841,0.25264603,0.26540536,1.2459266,-0.016683007,0.29475826,-1.2649418,-0.4121521,-0.96343076,-0.549595,-0.5987239,0.52502316,0.02442668,0.2164112,0.5958575,2.0994973,0.7742591,0.7207951,-0.9119956,-0.27758688,-0.5177743,0.3475958,0.6386963,0.61360013,-1.1723789,0.657483,-0.09393018,0.5976733,-0.10242345,-0.95001096,0.88232803,-0.058393694,0.9161397,-0.19434862,1.9499105,1.0050707,-0.5149518,-0.83230126,-0.48660335,0.19496027,0.84319055,-0.51661986,-0.89485866,-0.1687221,0.15793313,-0.29618484,0.25695792,-1.774266,0.27699336,1.0478327,0.86738575,-0.5111959,-0.07361968,-0.2901451,-1.2949846,0.52558804,1.149894,-0.08954513,0.15856126,0.4643522,-1.2042301,1.4736378,-0.04026604,1.0715426,-0.7815285,-0.006775759,0.03339944,0.70390564,-0.4881223,0.5274927,-0.8306155,-2.5093596,-0.46901855,0.27806515,0.5061311,0.07573943,1.0484861,-0.5009327,0.45037493,0.76434344,-0.8563112,-0.20824258,1.1676039,1.070186,0.27895904,1.1528887,0.11850347,0.47299346,0.6348461,0.7034537,0.35710764,0.028486112,0.69319206,-0.42936212,0.40068913,1.1009594,0.9294798,2.643738,0.68751925,-1.2150491,-0.96008795,1.0212492,-2.0105705,-0.19178846,0.7391939,-0.8709092,1.5304993,-1.3865883,-0.874045,1.8423576,0.24520616,0.23346949,-1.4117612,-1.5200564,0.9839449,0.3615311,-0.5412093,0.12492397,-0.5210384,0.6591887,-0.951561,-0.9237836,0.90738106,0.38886765,0.18808885,1.276263,-1.0577694,0.44342026,0.67626685,0.40020007,0.5499416,0.48338372,-0.82846415,0.054089308,0.67139953,0.19549748,-0.2499141,0.28613228,-0.51103294,0.9707039,-0.317872,0.38429582,0.39106098,-0.46747288,0.2731231,-0.29962423,0.4463007,0.40708542,1.2776879,0.2768781,-1.9334297,-0.16546069,0.32697114,0.8552319,0.19326413,0.14786044,0.49287695,1.0154098,-0.44692865,0.2853388,-0.6455189,-0.09632958,0.0027887463,0.3636027,0.4972295,0.057659127,-0.15737368,-0.6687123,-0.7329544,0.14866228,-0.18113574,-0.78988284,-0.6703855,-0.6473484,-0.9109863,0.10117736,0.28745943,0.1347358,-0.9962559,-0.9114996,-1.1531864,0.08095105,0.67322755,-1.7053722,-0.98077077,0.052058935,-0.71670854,0.4770465,-0.39639807,0.13095579,0.1762868,0.6124091,-1.886235,0.95704377,0.1840221,0.7903432,1.0275754,0.35318142,1.3956649,-0.47592145,0.563434,-1.0706723,0.5292027,0.62297857,-1.6168407,0.9692871,-0.6420301,-0.07474853,0.66065043,-0.99836934,-0.4173873,-0.72012025,0.31993198,0.16584526,-1.6802006,1.9233347,-2.2942958,0.91225624,-1.4309466,-0.8212242,-0.35832506,-0.77514523,-0.8166113,0.8881855,0.41892213,0.20283294,0.38175946,0.2818308,0.056239523,0.16040638,0.309991,0.66001374,-0.15349662,0.81424046,-0.5690654,-1.3909318,0.13332918,0.6528737,-1.0867401,-1.3141372,-1.4924847,-0.3454144,0.08670376,0.048716474,0.16436942,0.6849922,-0.24981436,0.35110217,-1.2142978,0.14743677,0.01971901,-0.54748255,1.5004935,0.11004488,1.653815,-1.1724076,-0.36843076,0.86074924,-1.4459727,-0.23960337,-0.14315608,1.4823296,0.7333573,0.6567084,0.4472968,0.51063484,-0.4374035,-0.2607108,1.0236491,0.06414399,1.88753,1.0197763,-0.33896357,1.6046584,0.94262683,0.6201573,-0.57044613,0.222844,1.4587299,-0.17874831,-0.37720302,-0.70488775,-0.42634526,-0.14305241,0.21027693,0.4577445,0.23857841,-0.17874858,0.6917346,0.63248956,-0.90746385,-1.6716354,-0.7172078,1.0470206,0.56182945,1.5304682,1.402449,0.41116267,-0.60112333,-2.186521,0.79015625,1.0503702,0.95846415,0.7466524,-1.4718542,0.5723437,0.53093284,0.21285626,-1.1736196,-1.8418362,1.6923647,0.6320281,0.7302915,1.4881912,-1.1340698,-1.3646162,-0.43484315,0.78183746,-0.06779243,-0.8050103,-0.9333623,0.43297282,-0.33210772,0.68105733,0.1980634,0.4653706,-0.029730361,-0.44062167,0.71255887,-0.119407155,-0.45566067,-0.42855087,-0.6865922,0.61995476,-1.3509176,-0.5274569,0.7292421,-2.1424134,0.8317963,-0.7080096,0.1620653,-0.23056018,-0.5869802,-0.51756275,-0.5985941,0.11884248,-0.92037094,-0.2924845,0.36257306,-1.3709233,-1.1838729,1.1470442,0.9602806,-0.50508195,0.038153313,0.23275709,-0.03056686,1.317638,-0.39119548,-0.08481002,0.20424931,-0.46407026,-0.29790694,-0.62883997,-1.0523113,-0.82041913,0.5559057,-1.0063791,-1.1904951,0.90511763,0.6967274,-1.2771075,-0.5663837,-0.37960988,-0.74371976,0.683496,0.46268815,-0.193518,-0.13397638,-0.40173036,-0.5283532,0.25262272,0.6359225,-0.37774634,-0.43998218,0.548482,-0.5597161,-0.052339144,1.497036,-0.081205085,0.9864696,1.4440577,-0.13730447,-0.42566663,0.89047736,0.14523065,-0.34325045,1.1429942,-1.3564622,-0.7521876,1.115481,-0.39795527,-0.92151374,0.18403272,0.38308582,-0.2041769,-0.012416964,0.5159708,1.0559294,1.3683919,1.0847526,1.5335867,-0.49664432,-0.35886505,-0.5298437,0.45772108,-1.1739924,-0.4778967,0.12867431,0.7198883,2.1964195,-0.65153277,0.08283143,0.70311934,-1.1207602,-1.2350324,0.23528795,0.5960339,-0.87437856,-0.8343212,0.32221085,-1.3146124,0.35798877,-1.7908081,-0.50487506,0.47171035,0.64074504,-0.9366533,0.5507301,0.5651021,0.2644827,-0.77651006,0.35699195,0.7619332,1.2402159,-0.21903339,-1.1393067,0.010044384,-1.0252856,-1.8388214,-0.25474223,-0.68781173,-0.73644304,0.37492895,-0.40849075,0.09250848,-0.78478426,-0.89093953,1.5251057,0.09121142,-0.40093774,0.77792645,-1.0659418,1.6904252,-0.588565,-0.42008433,1.0427593,0.6205044,-1.2070581,0.694322,-1.7156178,0.33364645,-0.7105776,0.6050712,0.8316628,0.78248644,-0.3026177,1.7127457,-0.33682555,-0.15112703,0.17340836,0.69246227,-0.19326495,0.42523766,-1.4090576,1.4522656,-0.7810477,-0.6650747,0.23720212,0.6140727,-0.190171,-0.3565469,-0.35022286,0.3432251,0.53743595,-1.2429378,0.7780697,1.8857481,-0.45937008,-1.6251211,0.49690676,0.51967496,-0.5631493,-0.22857007,2.8014436,0.33405235,0.8133296,-0.9574194,-0.8662712,0.3731541,-0.23726606,-1.0844119,0.12085779,-0.2970752,0.04892608,0.4911038,-0.07831068,0.73165125,-0.6252684,0.09408666,0.72358125,-0.5664358,-0.16017209,0.24106808,-0.7357871,-0.9344333,-1.7337315,0.46058822,0.3065015,-0.84362394,0.5460234,0.58298075,1.4949261,0.7656127,-0.5311608,-0.33380142,0.5298869,1.2289234,1.1229472,-0.95864564,-0.94864905,0.6400523,1.3436635,-0.77035844,0.6781198,-0.16002317,-0.029106548,-1.4556828,0.99500096,0.18920173,0.1239105,1.5940708,0.82591724,0.29282293,0.45295686,-0.182488,0.04441483,-0.33038634,-0.8052141,-0.12554196,-0.29050994,-0.88450843,0.10032834,-0.5784915,-0.20166886,-0.32910275,0.7819447,-1.0846647,0.59973335,-0.31091887,0.68410575,0.24106216,0.07959984,-1.014109,-0.0443972,-1.0527118,1.5578563,1.1046864,0.39115587,-1.5441936,-0.2883063,0.8386267,0.93472004,-0.56822693,0.111120775,0.21896505,-0.61342067,-0.4995349,-0.7934126,-0.3068417,0.67591125,1.1628127,-1.1614425,1.5054257,-1.9129627,0.83631915,0.23310025,-1.395489,0.45894194,0.1793563,-0.568537,1.7489713,0.9500636,0.07320491,0.19789974,0.6567033,0.9964839,-0.095695205,-0.45451444,-1.50418,1.3572078,1.1115863,0.7439742,-0.93176395,-0.28361696,0.69145364,-0.40502343,1.2076057,-0.54274577,-0.54129744,-0.69936734,-0.41639024,-1.0933251,-0.3522068,-0.7315012,0.15368512,-0.92571336,0.52646357,-0.4367374,-0.4582209,0.55103356,-0.5911938,-0.023449184,-0.034073878,1.1468198,0.8654339,0.565377,0.5201775,-0.7065352,-0.41305262,-1.068866,-0.43054333,0.80107653,-1.1341707,0.05193012,0.08856337,0.67220074,1.766984,0.7057927,-1.14998,0.3713189,0.59385425,0.06571107,0.17332676,-1.03379,-0.64410776,0.4001341,-0.029745568,0.5266212,-1.4778384,-0.86672515,-0.3682928,0.6660892,0.5788329,0.34650162,0.3087321,0.7238237,1.1511922,0.9384929,-0.26449537
ス,-0.638463,-0.5997145,1.229433,0.18810833,-1.1507223,-0.548508,-1.3716476,1.3768917,1.3019907,0.29782206,0.62729955,-0.61899763,-1.2690804,2.4333787,-0.54412556,0.1443873,1.2813203,-1.39027,0.5677702,0.41828135,0.63295984,0.36880815,0.70511186,-0.9697739,1.0255216,0.691733,0.80014795,-0.23372208,-0.7224996,-0.96547735,0.11353481,-0.54691976,-1.4812844,-0.3902615,0.04841102,-0.7485833,-1.7707287,0.9369412,0.16898271,-0.7061157,-0.85003877,0.735392,0.5986635,-0.3756167,-0.9177111,0.07287474,1.8187658,-0.5433623,1.2475451,-0.45834714,-1.3486059,-0.21846423,0.65203714,0.9658055,0.20731415,-0.46048427,1.3891462,1.2308764,-0.3063285,-0.475868,0.4988835,0.41800064,-0.7168317,-0.7178678,0.2962323,0.32929185,-0.47443432,0.3842584,-0.16388643,-0.11894664,-1.8773302,-1.5375584,-0.39624757,1.5083476,-1.4210383,0.6160082,-0.2685975,-1.0988698,0.5147069,-0.29094848,0.38005662,-0.72325873,-0.87363064,1.1188712,-1.0977652,-1.228847,-0.4133212,-0.42471123,-1.2031482,-0.33182946,-0.560801,-1.9116504,-1.4405708,-1.7952218,1.5117214,0.18546316,-1.031506,-1.1518,-1.4057479,0.015013982,-0.04171568,1.2933975,0.7627326,-0.36142468,-1.2252527,-0.2982301,-0.33093768,-0.10077765,-0.43962795,0.53236574,-0.18343107,0.50491524,0.44340497,1.6165688,0.96450335,0.4376343,-1.5095853,-0.5539076,-0.62864256,0.42683476,1.2165428,0.6248579,-0.61493355,0.48012948,-0.39822984,0.6813959,-0.018527146,-1.3671077,0.33585584,0.13049403,0.69484997,-0.04243049,2.5808084,0.76444757,-1.011729,-0.81735045,-0.25190273,0.5366012,0.8160365,-1.0439585,-0.51518536,0.32013658,-0.44198766,0.017494723,0.59353095,-0.6427578,0.00092666596,0.72089136,1.4445746,0.22253555,-0.636381,-0.0037121624,-1.5750822,0.28754276,1.4267088,-0.5742412,-0.08400859,0.3105773,-1.1838608,0.7603369,-0.6460043,1.3096598,-0.763103,0.87296987,0.05312583,1.0469879,-0.68789303,0.5741167,-0.93555367,-2.2516437,-0.56637526,-0.28947088,0.5955132,0.31381512,0.48212987,-0.19112962,-0.034614503,0.26205578,-1.1041878,-0.4115028,1.3269218,0.91573024,0.6509422,1.180759,-0.06777089,0.5747322,0.5396594,0.69912875,0.7154703,0.1791215,1.5650507,-0.72980696,0.7558968,0.8591114,0.6390087,2.8331456,0.6723182,-1.3297917,-1.2612102,1.1988462,-2.3655984,-0.34937018,1.0081373,-1.4158204,0.62995744,-1.6256175,-0.77720475,1.6528953,0.29638147,-0.1744873,-1.1237028,-1.3475454,0.7809396,0.8008836,-0.2890478,0.23513335,-0.9578379,0.13721061,-0.31608877,-0.7210551,1.149755,0.89292604,0.16037938,0.60395867,-0.9325011,0.63943475,0.36021858,0.17163914,0.26427263,0.7038879,-0.8595303,0.5568851,0.63273823,0.3839303,-0.37575355,0.93026304,-0.42395616,0.52091825,0.016759522,1.0437154,1.1230152,-0.48289174,0.14755331,-0.12730685,0.55450714,0.693971,1.3311366,0.12812932,-1.652252,-0.24105808,0.54802895,0.88630223,0.03407119,0.6318917,0.4394939,1.300462,-0.2709626,0.112532794,-0.6309614,-0.83231163,-0.06565928,0.523388,0.6457054,0.049450167,0.015247463,-0.50837153,-0.99557984,0.5235021,-0.2654784,-0.49597377,-1.0134987,-0.6181107,-0.49494803,0.14242843,0.7514665,0.6083697,-0.49572074,-0.88744694,-0.5042759,0.9434774,0.78845394,-1.504945,-0.41899192,-0.22564681,-1.0197483,0.39984167,0.21472847,-0.08973582,0.2965458,0.4776851,-1.5081055,1.1342598,0.10149892,0.9920913,1.7047746,0.26380178,0.79774487,-0.62228477,0.2647946,-0.3923871,0.79519,0.42434654,-1.5659046,0.8889121,-0.81720626,-0.90106535,1.5083188,-1.2014396,-0.56836796,-0.8595912,0.05064432,-0.39034867,-1.1482203,1.9899155,-2.3061986,1.8080956,-1.9467745,-0.49628705,-0.84327656,-0.22796181,-0.94141364,0.44088507,0.16590855,0.340016,0.6325393,0.26250643,0.08518182,-0.15566017,-0.20279023,1.4507647,-0.1846795,0.35538617,-1.0969418,-1.5360658,-0.39831522,0.3700136,-0.8758599,-1.4297687,-1.0893873,-0.035205215,-0.074381985,-0.35820922,-0.27552703,1.3897756,-0.12038112,0.5585195,-1.1984655,-0.72150236,0.023632742,-0.7683781,1.6629238,0.05653067,0.93089545,-1.1235598,-0.4818273,0.45963246,-1.2349248,0.06672977,-0.3780861,1.8981941,0.5840287,0.8163099,0.41410398,1.0137565,-0.07821369,-0.5323957,1.4753159,0.52785003,2.473353,0.05381797,-0.15122753,1.0561078,-0.062468022,0.6304215,-0.08119792,-0.23611635,1.5542603,-0.4680059,-0.5600898,-0.21864976,0.20461257,-0.32397276,0.22274671,0.7511997,0.18222551,-0.69716644,0.50585306,0.451709,-0.1617236,-1.641984,-0.5007462,1.365212,1.3500015,1.0117053,1.1263916,-0.20584151,0.07788187,-2.000998,0.27251107,0.94705814,0.9773252,0.2614141,-1.5357119,0.5544766,0.6943388,0.82627165,-1.9180542,-1.478925,1.4237194,0.5592615,0.78308,1.1361419,-0.7921424,-1.8632056,-0.7626734,0.099665746,-0.5317593,-0.7980909,-0.85109806,0.440516,-0.19618036,0.89856005,1.220938,0.66246045,-0.34977758,-0.66458374,-0.04754684,0.17269385,-0.8777927,0.16069758,-0.01764487,0.7175566,-1.0968277,-0.8487824,0.36757934,-2.3544612,1.021804,-0.4978982,-0.17116538,-0.6174301,0.2255111,-0.9001856,-0.3145165,0.0321206,-0.9763876,-0.46384618,0.7024916,-1.5903519,-1.4430709,0.7186225,0.7933668,-0.5854783,0.1959036,0.55200267,-0.13868058,0.6905813,-0.36876118,-0.58306116,-0.09824427,-0.48764977,-0.14157513,-0.4170898,-1.4489051,-0.390653,0.4957607,-0.94487286,-1.634244,0.5064028,0.66617745,-1.7568669,-0.87169886,-0.038213506,-0.278615,0.7342999,0.8981916,-0.34017104,-0.09149862,-1.2647806,-0.34685647,-0.06749287,0.124734044,-0.5785971,0.045444682,0.1885963,-0.5346692,0.5736648,1.8187691,0.14787492,1.6321689,1.4215205,0.34856302,-0.25804207,0.48807967,-0.22818889,-0.7212456,0.62369186,-1.1922464,-0.74333876,0.7519443,-0.023000628,-0.9599633,0.09587093,0.9294329,-0.4014561,-0.586591,-0.03356491,0.8366682,1.4265174,1.0918291,1.6637868,0.37470427,0.08700609,-0.30131522,0.8729277,-1.2364674,-0.7581645,-0.04731916,0.636854,1.8570054,-0.20931205,-0.2921234,1.3152405,-0.71258575,-1.3740392,0.4855977,0.81591725,-0.53179556,-0.6866815,0.36162102,-1.4816086,0.30476567,-1.8197044,-0.14633515,0.7069188,1.3178743,-0.6838285,0.591612,0.4309092,0.029163413,-1.0628052,-0.14818005,0.51995355,2.1370187,-0.34913802,-0.814741,0.3448226,-0.31076103,-1.4544874,0.18528505,-0.8741569,-0.55104905,0.22330908,-0.18666048,-0.23119041,-0.100997515,-0.8396416,1.5010287,-0.0020269528,-0.15723118,0.66770065,-1.1395336,0.8604955,0.00960777,-0.65662557,1.4374812,0.72782123,-1.5123208,0.6389792,-1.6455309,1.3452977,-0.28299212,0.81107616,1.3270698,0.6913756,-0.85377336,1.1403993,-0.6095647,-0.13195542,-0.6187989,0.76021385,-0.5844946,0.2707683,-1.6912768,1.5130937,-1.4177004,-0.8931195,0.030099472,0.063970566,-0.7501203,0.11766495,-0.31872752,0.2944792,0.20169427,-0.98238957,0.837723,1.4858577,-0.35823178,-0.9423977,0.21097012,0.75947803,-0.25413078,-0.10891506,2.5729992,0.22415891,0.32818723,-1.4016478,-1.2835809,0.74727046,0.0015071705,-1.3364793,-0.64032274,0.23220398,-0.21350542,0.026954658,-0.21009879,1.3266977,-1.0120451,0.75534326,0.7028994,-0.5402845,-0.14371136,0.47558197,-0.39279264,-0.9930496,-1.3146183,0.75636816,0.32690465,-0.99919724,0.8086357,0.93408036,1.7868892,0.81192464,-0.27258438,-1.0803033,0.77054626,0.9147366,0.5640451,-1.1397561,-1.2688227,0.47570294,1.1912701,-0.39871487,0.51678634,0.33234632,-0.33542773,-1.8683873,1.378514,-0.15289839,0.0471128,0.8351608,0.08121324,-0.23704077,0.7241592,0.21097188,-0.056048498,0.3174092,-0.7377666,-0.1321765,0.3740386,-0.9514218,0.41567698,-0.06088505,0.10187489,-0.58103776,0.7835439,-1.5738388,0.64835906,0.0016215444,0.7349144,0.62128437,0.5790778,-1.3921307,-0.6575679,-0.33340722,1.687679,0.6130301,-0.08416134,-0.925195,-0.47337478,1.0666121,0.7924124,0.094428435,0.25883824,0.45437032,-0.42713073,-0.1380507,-0.8967513,-0.12737131,0.64236504,-0.005892016,-1.419457,1.1338288,-1.9320104,0.7721313,0.28164917,-1.4988129,-0.12801008,0.3191896,-0.71131563,2.2690408,1.0798335,-0.2478356,-0.3468185,0.9197804,0.9483236,-1.1206502,-0.26474988,-1.3408475,0.761936,1.6483514,0.4441829,-1.0934614,0.062716804,0.4796957,-0.40899098,1.1950332,-0.5362242,-0.48007965,-0.7418888,-0.42959213,-1.0930651,-0.75995696,-0.5748316,0.34586942,-1.2349178,0.6078306,-0.47222948,-1.2424858,0.7716762,-0.451124,-0.21882857,-0.64060694,1.1807157,0.5192922,0.8606298,0.61807525,-0.7436565,-0.11088692,-0.7095631,-0.7180674,0.7911601,-0.81861806,0.6339185,0.22697791,0.7826572,1.6665066,0.077523924,-1.2721372,0.5067318,0.27653968,0.35747206,-0.41263583,-0.9123872,-0.27923295,0.28637415,0.38629362,1.1357126,-2.0252008,-0.32743764,-0.35183755,0.37180805,0.05128993,0.41504627,0.42156428,0.4057757,1.6927924,1.1075978,0.04130309
レ,-1.245229,-0.0187984,0.8142683,1.0106142,-0.9241956,-0.7836989,-1.3866574,0.6929907,0.6567955,-0.6252258,0.57464117,0.35097367,-1.0495298,2.104401,-1.0023338,0.026744172,1.2122276,-0.8740469,0.84248495,-0.5181421,0.90221345,0.57519644,0.85021716,-0.91718197,1.1816883,0.21986118,0.9492973,-0.4694973,-0.0097615,-0.4106276,-0.124409184,-0.31096727,-1.2621905,-0.36297742,0.25162163,-0.90662795,-1.5628856,0.9621784,0.1324476,0.14646046,-0.9296111,0.28252733,-0.33105716,0.55004513,-0.4314672,-0.35974592,1.3681238,-0.4657237,0.96608675,0.08619339,-0.6557334,-0.22164014,0.57731766,1.3116696,0.7484276,-0.7996601,1.446727,1.1008347,0.45470476,-0.3793922,0.6340802,1.0138795,-0.7512585,0.11938405,0.5436176,0.7026392,0.2905801,-0.44653773,0.058313034,-0.73444194,-1.9348872,-0.69374096,-0.41762653,1.296772,-1.399225,0.4690745,0.11946616,-0.5716306,0.5468651,0.535499,0.44090748,-0.32601026,-0.8584522,1.2943784,-0.70724404,-0.78917134,-0.610518,-0.46891135,-1.6352285,-0.32727838,-0.48358193,-1.0937532,-1.6829093,-1.5224463,1.4536372,-0.15158626,-1.1858667,-1.110181,-1.8300402,-0.3926689,0.26174092,1.8550609,0.13654251,-0.722438,-0.7428316,-0.76554716,-0.64196473,-0.2617959,-0.93340445,0.80033207,-0.32715908,0.5731913,0.24986365,1.5500103,1.2217451,1.0557423,-1.198813,-0.6845045,-0.08171283,0.25297606,1.6664689,0.30523866,-1.3597461,0.97615445,-0.02968577,0.88677657,-0.20627682,-1.2157185,0.3075869,-0.62571853,0.24916491,-1.1396636,1.8113302,1.340374,-1.0095018,-0.7054884,-0.47557878,0.1882215,1.1078775,-0.58630466,-0.81421965,-0.06961375,-0.4229915,-0.09641663,-0.11103964,-1.3557503,0.10263036,0.66833794,1.0486972,-0.22441766,-0.287368,0.08791663,-1.517733,0.15302484,0.48757392,0.30425608,0.02194438,0.6034465,-0.91184866,1.0386972,0.2033221,0.93843615,-1.1991237,0.13543773,0.052719235,0.25656587,-0.50330746,1.0658906,-0.7612544,-2.0728016,-0.57382935,-0.350879,0.23736127,0.33265465,0.15808082,-0.19776048,0.59856176,0.18137571,-1.1487703,-0.10604372,1.4539553,0.77900076,0.18428342,1.1989865,-0.031385023,0.5759109,0.20714533,0.7997943,0.77845925,0.30479863,1.1093804,-0.79064226,0.2441909,0.76685864,1.2487653,2.6208444,0.30920637,-1.4624825,-1.5402695,0.9683215,-1.9897159,-0.018256914,0.64046276,-0.7181743,1.1617018,-0.75244844,-1.0725787,1.8412651,0.45408732,-0.5556048,-1.0933242,-1.3145081,0.9258332,0.48634952,-0.7437951,-0.43200102,-0.64079624,-0.23218866,-0.84393466,-0.4910025,1.2000179,0.15465519,0.2713344,1.1756864,-0.8766306,0.54003716,0.030305147,0.86425006,0.09686621,1.0770562,-1.0849144,0.7117611,0.88238347,-0.1417065,-0.8812746,0.7885782,-0.19097075,0.21230988,-0.09153055,0.58145356,0.3005908,-0.24273093,0.37423438,-0.31763828,0.18994668,1.2037556,1.7702194,0.55132234,-1.303242,-0.07976304,0.054667838,1.0349885,-0.0007540315,0.22171731,0.91853905,0.5852363,-0.085173294,0.2517181,-0.25205117,-0.5524789,-0.3032101,-0.18714325,0.53610384,0.3050636,0.4109847,-1.223314,-0.12829998,0.49735838,0.26264507,-0.9958744,-0.8841826,-0.6803734,-1.1441753,0.19729197,0.23789778,0.47267142,-0.8760141,-1.1189377,-1.3074229,0.39459625,1.0030066,-1.54966,-0.4585041,-0.3203165,-0.4136374,0.92083824,-0.2789245,0.44911852,0.61865693,0.42939147,-1.0362267,1.0226722,-0.30803394,0.68877095,1.0962813,0.5877917,1.5879965,-0.77972144,0.9572153,-1.5580466,0.64532685,0.55706185,-1.6025509,0.9817088,-0.25543976,0.39310446,1.0522978,-1.4413936,-0.2606103,-0.7123901,0.13077499,-0.2859822,-1.2349465,2.4892876,-1.8002323,1.2075058,-1.8578768,-0.10001166,-0.56035227,-0.740507,-1.1872599,0.69621736,1.0009639,-0.05006818,0.561432,-0.009317947,-0.18569756,0.76124376,0.5115803,0.9100398,0.15046066,-0.08556402,-0.47838974,-1.2974454,-0.16950259,0.8460188,-0.97912866,-1.4393822,-1.2775435,0.13813785,0.54363525,-0.5064272,-0.18292968,0.71874344,-0.27240118,1.1383032,-1.2609913,-0.1455895,0.1234085,-0.50025386,1.4259945,-0.4867854,1.1671501,-0.73920715,-0.8119829,1.0796223,-1.1835281,-1.0595391,-0.69008315,1.4234297,0.4077239,0.084485926,0.57169116,0.47909197,-0.35046035,-0.39744052,0.9197623,-0.11016861,1.8778626,0.31006232,-0.43122864,1.4248285,0.61031383,0.717605,-0.23862441,-0.2902803,1.5571072,-0.18072619,-0.28097838,-0.5157243,-0.33168784,-0.11322339,0.057006717,0.8659342,0.2890093,-0.36486825,0.7351665,0.9588456,-0.877978,-1.3318459,-0.6352267,-0.061053406,0.91548836,1.352083,1.5434797,-0.41588402,-0.79958963,-1.6283586,0.08671695,1.4693639,0.04120622,0.37857825,-1.5144118,0.20867118,-0.05212409,-0.21565649,-1.3773909,-2.0386062,1.4665592,0.8043097,0.8360195,1.5461951,-0.94458276,-1.1070257,-0.7152581,0.3620507,-0.6594914,-0.24342671,-0.39342648,0.49159366,-0.7547134,1.3017769,0.64990264,0.54741746,-0.30843434,-0.7453518,0.29609615,0.2998906,-0.49495658,-0.9682043,-0.26850826,1.0944555,-1.4059861,-0.56324476,0.6555046,-2.1133423,0.63143,-0.26624563,0.08633445,0.1289772,-0.5543729,-0.7019915,-0.957187,-0.14651221,-0.39634284,-0.34922433,0.19684616,-1.8990307,-2.0382228,0.7327795,1.2886537,-1.5066152,0.2974264,0.9874592,0.40242106,0.5259843,0.2812396,-0.56396604,-0.09485191,-0.5892769,0.15319964,-0.92806643,-1.7010552,-0.66424894,0.019113064,-0.7934328,-1.5354743,1.2513024,0.8765299,-2.0668082,-0.87075627,0.6961551,-0.5710529,0.20172684,1.0404793,-0.71287,0.34190163,-0.79033196,-0.00962242,0.19090366,0.66329277,-0.14235894,-0.0625756,0.464819,0.034100007,0.16956909,1.7991045,0.6137184,0.83076555,1.6666769,0.31198046,-0.9972925,1.0005653,0.3754019,0.31583953,0.65348107,-0.8016733,-0.8879011,0.6131114,-0.27703118,-1.0053427,0.26359466,0.47525445,-0.66073585,0.18667805,0.4911828,1.2155313,1.5059296,1.3009728,1.7156178,-0.29256392,-1.0676391,-0.54416215,0.64430845,-0.70650226,-0.77115804,0.04631884,0.93655443,3.1322417,-0.46898842,0.00049277546,0.736387,-0.5629442,-0.9063424,0.06866611,0.72264856,-0.68656635,-0.849871,0.19416328,-1.4037325,0.6253042,-2.3406816,-0.10378895,0.6850479,0.7517217,-0.48981938,0.05297014,0.9964372,0.11123961,-0.75893974,-0.107492685,0.8903179,1.4602858,-0.032522846,-0.67401963,0.29753774,-0.95426303,-1.7396206,-0.4138976,-0.34893626,-0.6550456,0.12603197,-0.16702601,-0.7439712,-0.4504394,-0.45204037,1.5287673,-0.33561912,-0.22763307,0.30368525,-1.3848121,1.0383075,-0.392488,-0.431616,1.6098846,0.26420805,-0.5795561,0.7234732,-1.7202927,0.69307566,-0.37330717,0.6110183,0.93471366,0.49309096,-0.55726945,2.1182716,-0.30668557,-0.3284668,-0.00023175255,0.46173868,-0.86462414,0.44993705,-2.0807838,1.3073086,-1.3969446,-0.92323035,-0.25664324,0.6487433,-0.22215688,-0.5403389,0.13678093,0.26131362,0.15665324,-0.546165,0.6051062,2.0265653,-0.97071046,-1.253899,0.7371513,0.581345,-0.35314012,0.6930922,2.9360542,-0.2643335,0.95747244,-1.2117567,-1.1171869,-0.13186842,0.117743,-1.1551996,-0.07352851,0.02498741,-0.12022064,0.25544295,-0.5717539,0.3533477,-0.68707687,-0.082058765,0.9314917,-0.71259534,0.31967336,0.5017151,-0.6541901,-1.1564245,-1.3639657,0.9629202,0.38728583,-1.097065,0.48546568,0.6409023,1.3416693,0.72367793,-0.70056576,-0.5803288,0.9373212,1.0642253,0.80356276,-1.2129118,-1.0683806,0.49602804,1.269311,-0.38476875,0.73370427,0.27477708,-0.10339695,-1.6154318,0.5598825,0.42100078,-0.041556306,1.0699662,-0.016936105,-0.50571185,0.16105978,-0.5450181,0.5922893,0.28186178,-0.62436396,-0.14850494,0.030592918,-1.5191905,0.47639698,-0.6336821,-0.1695255,-0.09027009,0.7978581,-1.1340032,1.1808978,-0.15866892,0.51137674,0.2552742,-0.4343969,-1.0046213,-0.10734628,-1.0454365,2.1938274,1.0723562,-0.004393929,-1.0117238,-0.11659725,1.7018731,0.1379213,-0.2805923,0.54497653,0.5486106,-1.3260708,-0.28141993,-1.4692147,-0.6043204,0.80865496,0.9066372,-1.0736113,1.1246388,-2.0800893,0.7707225,0.032969058,-1.3241562,-0.3246249,0.41115394,-0.30445695,2.5349078,1.3408211,-0.6095828,0.41829953,0.754729,1.0133953,-0.32071325,-0.2973314,-0.6993192,1.6322224,1.1637099,1.1126536,-1.0857929,-0.35760695,0.62274104,-0.7445867,1.0263197,-0.50693727,-0.7007549,-1.2965705,-0.18896675,-0.5615275,0.057310015,-0.7479238,0.2510403,-1.1502241,0.62890863,-0.6167787,-0.7516514,0.34092683,-0.4582932,-0.08446281,-0.23814055,1.1227616,0.1618771,1.1158253,0.6670495,-0.9746189,-0.18662682,-1.5831487,-0.36821496,0.32624978,-0.68709147,0.27796674,0.08707495,0.97189015,1.856643,0.27160025,-1.3348141,0.8747864,-0.14581922,0.09300345,0.20775461,-0.7543603,-0.6875734,0.20120855,0.03273716,0.51308495,-1.1397338,-0.3913835,-0.05934555,0.87832326,-0.07810504,-0.068541214,-0.038922653,0.7799711,1.329233,0.51409304,-0.12988438
ラ,-0.6534163,-0.33078733,0.9453266,1.0037817,-1.2392952,-0.9983243,-2.2740767,0.24766529,1.0708997,0.314346,0.1526243,-0.017957078,-1.110098,2.1390653,-0.4517427,0.10646425,0.9728857,-0.94703573,0.4895766,-0.30484876,0.6532603,0.09028722,0.80994713,-0.75561374,0.6134183,1.0421942,0.20891105,-0.08009804,-0.22775462,-0.65572983,-0.16472527,-0.67510563,-0.8444331,-0.4944865,0.54471165,-0.9155225,-1.8276006,1.7163557,-0.084154524,-0.06490032,-1.0983804,0.72506326,0.13769493,0.17269087,-0.59842426,-0.13941908,1.4158783,-0.24402916,0.32488328,-0.2831984,-1.0118272,-0.15162711,1.0452511,0.90760535,0.054954045,-0.4642772,1.2485276,0.41441432,-0.14228486,-0.4390994,0.44956917,0.9655005,-0.7762733,0.42174643,0.26349172,0.711078,-0.4745637,0.09408669,0.046490755,-0.2291849,-2.6101952,-1.1243657,0.41153625,1.8118877,-1.8029368,0.2720371,0.03573487,-0.81701815,0.2909956,0.42793462,0.48241308,-0.50532013,-0.98885196,1.618571,-1.3942468,-1.0599768,-0.628333,-0.8549362,-0.82889974,-0.36227083,-0.15628935,-1.8404458,-1.3635222,-1.8210417,1.6444662,0.05637909,-1.1996511,-0.7905609,-1.3821803,0.111795545,0.1408071,1.8201768,0.6036254,0.4698026,-1.4963658,-0.39829105,-0.58248216,-0.5259326,-0.66728735,0.4914002,0.418794,0.7398585,0.46610278,1.5848056,0.46625134,0.38679144,-1.3101848,-0.4773676,-1.2088631,0.6401466,1.3155258,0.3243075,-1.0787104,0.9031974,0.28738275,0.69902104,-0.099171326,-1.2500888,0.7967738,0.05705214,0.6220223,-0.02127945,1.6186459,1.1868923,-1.0138763,-0.42997652,0.001006372,0.5520566,0.4330024,-0.17822556,-0.97006226,0.20037614,-0.071945585,-0.23745944,0.0438295,-1.4858091,0.31973726,0.77364355,1.5228211,-0.11823423,-0.40267366,-0.06280496,-1.1980431,0.75296575,0.9431947,-0.22941568,0.52217066,0.050328832,-1.4078099,1.0395844,-0.27840704,0.6272502,-0.7403093,0.13863501,-0.23872599,0.71165544,-0.48643175,0.45361263,-0.694372,-2.6244524,-0.31147698,0.25014758,-0.028277894,-0.10580406,0.83480245,0.2393527,0.2958517,0.25778094,-0.51291144,-0.082646795,0.7270463,0.782719,-0.08988351,1.2803679,-0.2666644,0.16673289,0.5909963,0.69418615,0.20123646,0.10376697,1.0826629,-1.0116634,0.8111218,0.8452862,1.2847732,2.6144278,0.7603062,-0.9563529,-1.6388592,1.2116859,-2.4665053,-0.18720026,0.98382527,-0.75146455,1.2192878,-0.85949486,-0.83088034,1.820752,0.35213342,0.019012544,-1.52694,-1.2387279,0.7894215,0.60042036,-0.28853104,-0.2830841,-0.37944028,0.34336337,-0.86487806,-0.5145505,0.41953725,0.5275449,0.83250487,1.3220289,-1.2504004,0.4980124,0.50896853,-0.22857673,0.4358656,0.91923887,-0.59518856,0.1581277,0.7504185,0.0076551097,-0.67474085,0.1399392,-0.9251248,0.5997015,0.007954342,1.0422627,0.70064193,-0.6866865,0.4527684,-0.03723406,0.2707513,0.68563694,1.1897411,0.27540767,-1.9883732,-0.40602002,0.24736102,1.130644,0.4593403,-0.0424906,0.6798095,0.60883427,-0.123992644,-0.07053199,-0.39909738,-0.4173494,0.27965456,0.28199947,0.3554905,0.295558,0.75734395,-1.1482264,-0.6656829,0.2581397,0.63099396,0.11390746,-0.31783503,-0.2636399,-1.2820349,0.23402755,1.0911607,0.270104,-0.26413316,-0.7736208,-0.5653631,0.23013495,0.76595134,-1.6136782,-0.23558137,-0.060477674,-0.20387337,-0.14860256,-0.20938127,-0.09537543,0.7752655,0.64865404,-1.5711924,0.89683616,0.07667793,0.6842898,1.3126062,0.35707173,1.3594475,-0.65787995,0.69068444,-0.826352,0.37828776,0.9854717,-1.4626054,0.9520192,-0.47827286,0.1998917,0.99190456,-0.83649224,-0.40288305,-0.73246175,0.3637317,0.09515534,-1.1508352,2.308658,-1.6079828,1.5640694,-1.83782,-0.44824943,-0.48468128,-0.4362988,-1.425639,0.5757098,0.056538787,0.55629957,0.34151772,-0.10002772,0.30779892,0.64981115,-0.040618014,1.1176318,-0.49793917,0.59887445,-1.1340635,-1.694862,-0.1378995,0.90440845,-0.61128706,-1.2493733,-1.3452399,-0.25367638,0.23640835,-0.35946873,0.14179057,0.4094402,0.25760004,0.16837183,-1.4436892,-0.8172122,0.6738959,-0.8505594,1.4800406,0.2002481,1.458142,-1.0362498,-0.85618484,0.6118308,-1.0123965,-0.24267103,-0.5478977,2.002261,0.83159035,0.42764375,-0.03584802,0.8300313,-0.646265,0.0042205877,0.7967865,-0.18518107,1.4792606,0.26813433,-0.71961445,1.3327425,0.44418594,0.3630956,-0.31097215,-0.17066096,1.8602116,0.07558159,-0.7548076,-0.9104055,-0.45152402,-0.14590514,0.5702158,0.88551885,0.18573342,-0.053308334,0.26922283,1.0880808,-1.1667343,-1.7823943,-0.70631677,0.82815015,1.5714079,1.74424,1.4925925,-0.07356705,-0.89424074,-1.4740946,0.4326767,1.3781651,-0.034072954,0.8729874,-1.2769595,0.121888064,0.48621514,0.09659774,-1.2132808,-1.398607,1.9278826,0.013442165,0.6850405,1.2620558,-0.71386397,-1.2130188,-0.5203505,0.42788866,-0.30185717,-0.85075986,-0.7274534,0.5758949,-0.6212187,1.1187805,0.61512434,0.54196346,-0.35886574,-0.38027146,0.6557099,-0.3304074,-0.64532727,-0.5047522,-0.84796,0.5350827,-1.7888167,-0.4409966,0.49827793,-2.4384906,0.9825875,-0.5922335,-0.383567,-0.30572885,-0.4083667,-0.9113646,-0.69702965,0.12888965,-1.3480159,-0.7500196,0.71989584,-1.6611029,-1.8982202,0.8326012,0.6308495,-0.7889382,0.10249625,0.6044869,-0.108625315,0.7613896,-0.68801224,-0.5302134,0.50402725,-0.7025035,-0.24832745,0.00898354,-1.053109,-0.7984628,0.016395202,-0.86435604,-1.7707895,0.54518044,0.87665284,-1.5726931,-0.8721328,-0.27520207,-0.48311254,0.6558689,0.2653378,-0.21996485,-0.5994329,-1.2061157,-0.25199658,-0.18480693,0.47204712,-0.26100045,-0.4997025,0.10860503,-0.25227967,0.68045413,2.1357708,-0.03624719,0.80249935,2.0400414,0.27955958,-0.3834774,0.54717726,-0.22888255,-0.368936,1.2679223,-0.80919164,-0.8350442,1.714866,-0.4249459,-1.182022,-0.28395504,0.34082866,-0.3419122,-0.39977032,0.5583046,0.5882545,1.1267623,0.97940123,1.3675894,-0.25405756,-0.73103964,-0.5360696,0.09218854,-0.62041605,-0.3281286,0.348267,0.42421928,2.5353653,-0.30815336,0.040506285,0.41609022,-1.0480818,-1.2376958,0.4637108,0.7829176,-0.54030055,-0.7151348,0.057095073,-1.2807188,0.40037933,-2.0041318,-0.6053199,0.44352132,0.8567968,-0.85946816,0.56829035,0.5585915,0.04854678,-0.7460751,0.56609493,1.0935131,1.5189894,-0.6371268,-1.1914827,0.23880407,-0.9499391,-1.2060287,-0.19947445,-0.61140203,-0.27787176,-0.23338851,-0.48526266,-0.5533455,-0.46285352,-0.49686247,1.7450651,0.6421911,0.08863843,-0.2210481,-0.8225743,2.006094,-0.7029641,-0.43473965,1.702242,0.8131663,-1.408294,0.055059243,-1.3728764,0.68815595,-0.8580963,0.8293396,0.9195837,0.27688465,-0.25709483,1.4628894,0.03765217,-0.3486363,-0.018577268,0.64073306,-0.13646322,0.98393565,-1.3846416,0.89738494,-1.183757,-0.7183914,0.6995632,0.66767615,-0.82274187,0.3865396,-0.28603625,0.5481483,0.31525514,-1.5091802,0.49564704,1.8088951,0.00071604765,-1.1237454,0.7881896,0.40537304,-0.4392038,-0.18728209,1.6987162,0.4452969,0.69065297,-0.7665543,-1.1415405,-0.070791915,-0.45130286,-0.7779087,-0.23853719,-0.20483193,-0.54690856,0.5951801,-0.6408649,0.8116287,-0.77423066,0.15001614,0.6343352,-0.4071086,-0.3541675,0.13699046,-0.28520635,-1.2019242,-1.7038109,0.1484453,0.15186234,-0.8851002,0.31645107,0.708371,1.0972897,0.431328,-0.33252653,-0.5824949,0.39324823,1.1708394,1.177099,-1.2601144,-1.4511416,0.78629905,1.582229,-0.29411554,0.38703674,-0.008926143,-0.2848961,-2.111969,0.65058756,0.27403674,-0.39040047,1.1696894,0.39620325,0.086888835,0.50477976,-0.33964437,0.0835317,0.25704148,-0.95811665,0.0937719,0.09436581,-0.58636713,0.15923953,-0.6027318,0.28524134,-0.7557481,1.0395333,-1.3737533,0.6802578,0.043299712,0.85544723,0.31388786,-0.20764348,-1.1193075,-0.48323113,-1.3992633,1.7638419,0.6462713,0.17789018,-1.1949161,0.24108844,0.8748828,0.23102976,-0.24448909,0.26063052,0.5007476,-1.147982,-0.041439395,-0.6692719,-0.31567696,0.4474574,0.6380015,-0.8697634,1.7150896,-1.6798484,1.079295,0.28562212,-0.8360354,0.6329729,-0.4521852,-0.53731555,2.2638927,1.0722709,0.527431,0.23644137,0.9563926,1.3789831,-0.49669716,-0.8442521,-1.1380037,1.0732963,1.2765491,0.6885932,-0.9517807,0.08451351,0.88164294,-0.5940773,1.3183624,-0.65860224,-0.7091364,-0.16472015,-0.0550949,-0.50129706,-0.26603165,-0.15409577,0.2901381,-1.1549457,0.35600665,-0.390385,-0.6487266,0.8270341,-0.6686699,0.6793975,0.5818711,0.65064275,0.83647436,1.0580834,0.6904584,-0.59845525,-0.25196654,-1.1212145,-0.7528192,0.2208562,-1.2744341,0.537648,0.24380325,0.71098197,1.5274525,0.4642792,-0.98662573,0.49840054,-0.18609442,0.37767628,-0.25835472,-0.7158116,-0.63878834,0.26941645,0.4891773,0.33531672,-1.3841163,-0.3947992,-0.26900256,0.48783574,0.3068368,0.24915615,0.18358156,0.43860382,1.4993848,0.40280932,-0.05904018
レ,-1.3287326,-0.29872748,0.92251015,1.3673016,-1.0513548,-0.23477654,-1.2492392,0.82452744,0.63703513,0.2728872,1.0565572,0.32100335,-1.1843691,1.781097,-0.42020202,-0.22361167,1.3703465,-1.3474125,0.24720395,-0.6671484,1.2837852,0.13164054,0.6944635,-1.2820042,0.74690133,0.70735383,1.1234643,-0.73592955,0.18095362,-0.14057207,0.17439862,-0.13562061,-0.7695436,-0.7754218,0.16504106,-0.92256385,-2.1237373,1.2083399,0.45658553,-0.09236399,-1.0862507,0.73570395,-0.16357347,-0.27625316,-0.5864793,0.2977855,1.7406899,-0.41924575,0.9816111,-0.30530858,-0.8047526,-0.15834455,1.03178,1.0856813,1.2102702,-0.15520573,0.5062534,0.6169966,0.4019699,-0.2654686,1.0277627,0.9640279,-0.90099454,0.3801167,0.3924615,1.5331084,0.46483734,-0.12200605,-0.24548407,-0.0014792184,-2.8427098,-0.35151413,-0.11094096,0.96008056,-1.3337216,0.69585425,-0.23561907,-0.09706279,0.36088815,-0.0083304895,0.74918884,-0.55775404,-0.77377313,1.5941168,-0.3636087,-0.2682498,-0.30370906,-0.31559765,-1.588324,-0.3947831,0.4499041,-1.8914585,-1.1751833,-1.9478992,1.4935474,-0.15648782,-0.9194062,-0.79171187,-1.0660672,0.27690136,-0.2406913,1.6747928,0.19226913,-0.46719837,-1.6930696,0.08111039,-0.9079027,-0.2861364,-0.612287,1.0771133,0.011222412,1.1876243,0.086200714,1.512127,0.9490755,0.9053255,-0.8437078,-0.7349126,-0.8822127,0.20829213,1.5739676,0.1698091,-0.8322361,0.2498231,0.41995013,1.0747914,0.20994443,-0.9955597,0.64728355,0.03528523,0.44886467,-0.6708594,1.6964046,0.942744,-1.0428606,-0.4348949,-0.4336462,0.53814673,0.33821073,-0.6305241,-0.14278579,0.017577527,-0.25838435,-0.35429737,0.036615368,-1.0214448,-0.09563052,1.3243976,1.1222724,0.2945443,-0.051451225,0.3618969,-1.0700234,0.014232434,0.7309229,-0.25360608,-0.5111013,-0.6829129,-1.2856051,0.6206316,-0.03751569,0.9737148,-0.74962443,0.7742432,0.15348998,0.92996335,-0.68398887,0.39878455,-0.45367512,-2.2326915,-0.46137667,-0.06993381,0.24899876,0.100973435,0.9689501,-0.279449,0.4900013,0.022905404,-1.0001798,-0.53634334,0.7675295,0.6669753,0.1623454,1.1635575,-0.28421596,1.0743233,0.9955365,0.74397904,0.05309191,0.4025699,1.1121525,-0.93262905,1.3997936,0.9524784,1.1517076,3.1819646,1.0857207,-2.0543613,-0.8855472,0.8937173,-2.6040046,-0.74621755,0.7094472,-1.3982583,1.3707076,-1.9347931,-0.84183,2.228009,-0.23195355,0.18112707,-1.2310898,-1.2819577,0.6818815,0.9123707,-0.3539057,0.41346097,-0.9000165,0.8936708,-0.52734154,-0.4285024,0.33396116,0.77969027,0.51429784,1.382907,-1.2452953,0.55948275,-0.3937141,0.62966996,0.7967341,0.8484798,-0.66384214,-0.35078552,-0.06619248,-0.91544074,-0.64487296,0.5510073,-0.028797125,0.5372599,-0.4202443,0.21660423,0.008656532,-0.29004443,-0.11399293,-0.14785933,0.60273796,0.6856281,1.7593212,-0.13922149,-1.021191,0.21251534,0.20154376,0.7735173,0.9953394,0.37385145,0.38868538,0.48018447,-0.403523,0.5237405,-0.5630242,-0.6637282,-0.39751747,0.9337571,0.021978468,0.4747343,0.4700427,-0.42682436,-0.61985403,0.12685515,-0.08998871,-0.48710427,-0.92757565,-0.8598868,-0.72574097,0.118382536,0.053482395,0.3297716,-0.7066329,-0.53529644,-0.047231,0.65194005,0.41247094,-1.6178818,-0.34442797,0.36885402,-0.44350338,-0.06223507,-0.09106227,-0.22082186,0.16588844,0.27732047,-1.4575001,1.0944089,0.010503501,1.6046196,1.6211329,0.9356876,1.1214753,-0.17186086,0.22527015,-0.54400027,0.74551266,0.7931393,-1.5477551,0.07192566,-0.24904323,-1.1374267,1.0233487,-0.75716275,-0.5883959,-0.98168534,0.30443347,-0.51913786,-1.4886036,1.7768041,-2.2003167,1.6881067,-1.4614307,-0.65636414,-0.89733654,-1.135142,-1.5120101,0.8856266,-0.1511545,-0.16964984,0.5147477,0.1276271,0.32799277,0.36721495,0.2611682,1.0895581,-0.6354306,0.4950544,-1.1020339,-1.4229579,0.14562555,0.45700467,-1.160122,-1.3347462,-1.1369125,-0.23959099,0.4704436,-0.43883964,-0.01066573,0.70988965,-0.45916378,0.62825733,-0.95070475,-0.48994812,-0.18867223,-0.6013253,1.4179745,-0.75945,1.4528915,-0.5551068,-0.70350546,0.22458707,-1.3895696,-0.49891567,-0.95519334,1.6943108,0.69027185,0.6171691,0.15984897,0.13848604,-0.23474026,-0.37484702,0.5947619,-0.035501957,1.1424526,-0.1982101,0.0059015104,1.9447676,-0.12669471,0.57071024,-0.63371223,-0.122428864,1.8071798,-0.1739891,-0.5307576,0.1964268,-0.07744401,-0.40198025,0.62275976,-0.14153099,-0.36063972,-0.22288905,0.3108047,0.660358,-0.9859969,-0.9880996,-0.19198363,0.63451296,1.2812948,1.5026493,1.5054308,0.12700358,-0.6003071,-1.8207728,0.5514323,1.2489206,0.6220478,0.33336243,-1.7421341,0.21389939,0.6347344,0.1612345,-1.938969,-1.9495889,1.7737321,0.5211472,0.25958905,1.4080175,-0.4917585,-1.6921592,-0.1690131,-0.08525946,-0.34327003,-0.48869875,-0.7580826,0.81205255,-0.59226894,0.5283024,0.7128741,0.21439694,-0.37813988,-0.036784913,0.4708329,0.1049185,-0.79666895,-0.3129361,0.36953983,0.3690493,-1.3617328,-0.72666425,0.47444725,-1.6293178,1.1515123,-0.59042937,-0.18041159,0.05276243,-0.2780957,-1.3294531,-0.7483029,-0.6071846,-1.1377121,-0.6117646,0.68932086,-1.6011177,-1.5753756,0.78070563,1.2140552,-0.58607584,0.500277,0.281378,-0.18830208,0.36339405,-0.29916388,-0.91122526,-0.033882078,-0.98224586,-0.3074946,-0.84797764,-0.9197765,-0.85669875,0.38600612,-1.0486399,-0.88629293,0.77181524,0.76250845,-2.1634219,-0.68803436,-0.43932167,0.067750804,0.7612588,0.4916406,-0.052751124,0.23510985,-1.0971259,-0.34825215,0.09572365,0.5916078,0.18963033,0.0077832416,0.41799894,-0.41947877,-0.16839735,1.6488581,-0.04958096,0.846716,1.5282693,0.25925788,-0.7647551,0.8872784,0.13800846,-0.18917032,1.3142906,-1.6693176,-0.64501244,1.8865937,0.15197171,-0.89133525,-0.5455796,0.63347834,0.047890794,0.45109344,0.66229945,1.0398451,1.4856333,0.89480656,1.5812663,-0.13438796,-0.52514,-0.30809447,0.46197525,-1.1689757,-0.50813,0.33686653,0.86575156,1.5978752,-0.61622554,-0.06121776,0.7328002,-1.20574,-1.0207474,0.1996489,0.26211783,-0.2148482,-0.7108734,0.007722588,-1.6928211,0.46189627,-2.4327223,-0.14259815,0.8287463,0.72771716,-0.6569635,0.18245399,0.21899782,-0.111445285,-0.9692607,0.4554375,1.2667369,1.9961303,0.58027166,-1.3069521,0.10463167,0.12822919,-1.447244,-0.3509741,-0.69930154,-0.052860856,0.28190735,-0.66442186,-0.34025466,-0.43710947,-0.7843089,1.8852557,0.43895593,-0.011886614,-0.13270317,-1.2505494,1.9132065,-0.37619862,-1.0012119,1.4038048,0.8408273,-1.3679105,0.5657775,-1.0962217,0.3324983,-0.73088235,0.036292866,0.9905191,0.66634727,-0.45090142,1.1122278,-0.7910433,0.10285435,-0.28663176,0.6075293,-0.9179883,0.4222754,-2.112883,1.2024449,-1.39881,-0.82987636,0.16901906,0.4098173,-0.8147271,0.6542378,-0.1486093,0.5705647,-0.27166006,-0.98607653,1.103789,2.0179987,-0.5540557,-0.14021434,1.0413598,0.66676635,-0.47095978,-0.27226993,2.0675793,0.7850385,1.1293415,-1.1897901,-0.8397241,-0.07307049,-0.1796156,-1.0494024,-0.62485915,-0.3704437,-0.64403003,0.7770683,-0.47190747,0.7443883,-0.843334,0.080945455,0.30073103,-0.7204108,-0.20149875,0.5311833,-0.03834955,-0.79733604,-1.2779566,0.9984836,0.8365452,-0.30354628,0.8707555,0.54400295,1.7489128,0.4680308,-0.69730735,-1.0252796,0.57319045,0.20781521,0.8155331,-1.084068,-1.8213395,0.83912873,1.6678852,-0.75734264,0.76986796,-0.30920354,-0.24059635,-1.9442979,1.1464738,0.5305489,0.016528405,1.2985016,0.098561406,-0.42220807,0.6333713,-0.4769133,0.23576312,-0.5848632,-0.3216066,-0.049958583,0.10061944,-0.7128639,0.33639503,-0.9747281,0.66463834,-0.07680803,0.97156626,-1.5527314,0.46935096,-0.057556152,0.70828015,0.20699155,-0.21824603,-1.1097633,-0.84306556,-0.43692008,1.855649,0.8933124,-0.20640273,-1.4008012,-0.08556528,1.1416551,0.50641376,0.14625646,0.39075685,0.72040516,-0.7427509,-0.10136566,-1.3294746,-0.08402747,0.36970738,0.7154184,-0.53679943,0.41734836,-1.6094784,0.9023769,0.1731614,-0.5814554,0.44972995,-0.09100133,-0.7696814,1.910705,1.3032018,-0.087488055,-0.047509592,0.8092262,1.0848007,0.027772268,-0.49472678,-1.2733434,0.62663263,1.4578282,-0.18271692,-0.9091604,-0.19437756,0.09766246,-0.7852562,1.2809402,-0.42236185,-0.49426922,-1.2045778,-0.5425493,-0.5777946,-1.0063026,-0.57939804,-0.17430805,-0.6881191,-0.040970054,-0.59217805,-0.29897186,0.117751785,-0.6884946,0.3500179,0.05151722,1.3923087,0.8070145,0.25302345,0.47402486,-0.57883304,-0.28110024,-0.96204805,-1.0897933,0.5605188,-0.9588494,0.8945904,0.39929354,0.75274944,1.8330708,0.27022418,-1.2150135,0.2809069,0.1543441,0.58923435,0.3238433,-0.9392569,-0.31208414,0.70355463,0.08889078,0.4511133,-1.4802312,0.3257461,0.011289273,-0.13065721,-0.05483757,0.6948368,-0.19405879,0.4113544,1.6999493,0.60426414,-0.25997153
ナ,-0.5271426,-0.55971146,1.3027344,1.0070812,-1.0697054,-0.64330137,-1.2799472,0.6475822,1.6815256,-0.36539644,-0.35184744,-0.39327672,-1.570797,2.5855331,-0.5538366,0.3970419,1.1180967,-0.74708545,0.12098253,-0.35092416,0.6396854,0.6426045,0.68176836,-0.9366876,1.088133,0.3122707,1.0357608,-0.012656278,-0.2052937,-0.887177,0.14758793,-0.7196982,-1.3294697,-0.2011549,0.19275922,-0.9640145,-1.2414796,1.1392412,-0.1311859,-0.07130659,-0.59974164,0.82679915,-0.45181656,0.25655237,-0.37697375,-0.15090513,1.6299531,-0.7450325,0.5337053,-0.09947274,-0.64867336,-0.30534804,0.7124539,1.130079,-0.32573783,-0.37338173,2.0686789,0.8591648,0.3717169,-0.90954274,-0.03733411,0.66269916,-0.8970965,0.36042055,0.82952994,0.47151196,-0.7261803,-0.2112612,0.15123567,-0.8491264,-1.8762667,-1.2599014,0.30038655,1.5053043,-1.4679854,0.2994056,-0.25976294,-0.92015976,0.91389304,0.06185092,0.4628781,0.20300794,-0.9922676,1.4931741,-0.94083214,-1.1583765,-0.79196036,-0.08999175,-1.1665255,-0.4632608,-0.5711931,-1.5383656,-1.5852934,-1.5733943,1.141743,0.5534255,-1.1399015,-1.3346777,-1.6380688,-0.46179307,0.9009605,1.922138,-0.0003456672,0.0022538768,-1.0475943,-0.6459019,-0.8469562,-0.2841927,-0.8014131,0.061426777,-0.077499904,0.3334998,0.48636764,1.6224911,0.94326615,0.5665471,-0.9512742,-0.27331942,-0.6840334,0.79141223,1.3871497,0.67669415,-1.3641102,0.621449,-0.09848433,0.5965645,-0.3274494,-1.0861037,0.6600892,-0.035177484,0.48060417,-0.9188773,1.5443232,1.2575217,-1.052733,-0.7655059,-0.6049989,0.34624064,0.9237927,-1.1381158,-1.1465833,0.329041,-0.039784413,-0.19711262,0.29122597,-1.5499918,-0.11676642,0.5228819,1.238251,-0.6003039,-0.6107473,-0.17208673,-1.4905185,0.47960746,1.294955,-0.0035189325,0.17661768,0.14767121,-1.650167,1.0419217,-0.09887843,0.79741657,-0.65232015,0.26370028,-0.09879378,0.5303179,-0.47231928,0.60214955,-0.8494232,-2.4849627,-0.79020935,0.7677177,0.3475416,0.29393572,0.121639624,-0.36351237,-0.26598996,0.3357322,-1.0270724,0.14817469,1.2465006,0.80449694,0.3746551,1.6402082,-0.20833588,0.10943416,0.49393782,0.35618973,1.0274684,0.27656877,0.8805847,-0.5666282,0.19173434,0.8806223,0.96107197,2.7497113,0.57287425,-0.9771316,-1.6644053,1.288033,-1.7593274,0.4432798,1.4397632,-0.5614474,0.9245082,-0.7909387,-0.84263945,1.6608431,0.86516094,-0.343008,-0.99105984,-1.3154371,1.3423852,-0.20928602,-0.4727831,-0.062090117,-0.48005688,-0.14608125,-0.6698789,-0.28607127,1.0427973,0.42939144,0.16804016,0.8192181,-1.4609482,0.1886895,0.7514204,-0.43496597,-0.47574458,0.9965918,-1.471257,0.6157137,0.5679751,0.4121065,-0.8246349,0.85409385,-0.58854574,0.8741639,0.20013274,1.141003,1.1232253,-0.71112025,0.6062369,-0.63761425,0.43817982,0.4253344,1.1416979,0.51077074,-1.881179,-0.27844238,0.10894271,1.2856243,-0.36723435,-0.31554013,0.6366509,0.6919169,-0.1822764,-0.24707323,-0.26478094,-0.5317142,0.60599476,0.22495525,1.0424498,0.14877476,0.38819206,-0.8423698,-0.06963463,0.33112097,-0.031614456,-1.4448696,-0.57522434,-0.62773514,-0.88125134,0.30682582,0.066253506,0.47153744,-0.60032016,-1.0362825,-1.3937178,0.32819772,1.2068536,-2.0665712,-0.25386587,-0.39708996,-0.33186108,0.583969,-0.30294535,-0.028808394,0.66493225,0.56864715,-1.551576,0.6325027,0.1327299,0.16758385,0.8881551,0.4135153,1.2217716,-1.0448613,0.93722206,-1.0635519,0.82351625,0.6870102,-0.98334503,0.7786796,-0.620522,0.2778412,0.70309377,-1.6575401,-0.2359741,-1.0289177,-0.059316233,0.030697385,-1.4567329,2.6681578,-2.2001855,0.9191152,-1.9359063,-0.6279806,-0.3593066,0.05343995,-0.83905303,0.67060786,0.9412496,0.347407,0.019954063,0.07289178,0.037788954,0.21497549,0.14326619,1.2886398,-0.39599106,0.34624746,-0.66984963,-1.5595158,-0.034878783,1.0920106,-0.88119906,-1.9200186,-0.66740733,-0.3871367,1.1094203,-0.31421384,-0.60331863,0.8354293,-0.41823098,0.45651376,-1.1922942,-0.58963394,0.31778443,-0.862866,1.1679835,0.3105161,1.3694148,-1.0837182,-0.59157735,1.2891109,-1.335435,-0.17035148,-0.17368093,1.4388698,0.59374464,0.06771795,0.38095438,0.16788653,-0.51170564,-0.52981794,1.3077855,-0.41010955,2.2995558,0.570659,-0.4751472,1.4048237,0.7652201,0.1837758,-0.44328392,0.118617095,1.1757892,0.31548166,-0.56344056,-0.9168342,-0.25401285,0.034106605,0.13094234,0.9574409,0.69918895,-0.22849996,0.5014039,0.89499116,-0.72267646,-1.9251472,-0.39147997,0.59592324,1.0316558,1.4482985,1.2548121,-0.17096677,-1.0026716,-1.467777,0.6575997,1.5755897,0.1489985,0.90119946,-1.2778937,0.15348548,0.63952017,0.026376845,-1.0812778,-1.8951414,2.1903172,0.9041684,1.4169596,1.2608914,-1.5973085,-1.6845671,-0.2658086,-0.11689767,-0.28963056,-0.7428117,-0.80380416,0.6488405,-0.17967804,1.5527989,0.26092184,0.62204826,-0.0799805,-0.59721047,0.6091302,0.322815,-0.45280468,-0.26565194,-0.55234444,0.8332658,-1.6130688,-0.50441605,0.66096663,-2.710047,0.790192,-0.4811501,-0.66998196,-0.2917002,-0.6912903,-0.629981,-0.15590754,0.410173,-0.7634472,-0.85275763,0.14287074,-1.6426613,-1.6540201,0.98607266,0.97985816,-1.4432355,0.1095328,1.2767797,0.83054507,0.864743,-0.31200612,-0.7531556,0.41623178,-0.41893482,-0.18291974,-0.7916111,-1.1417052,-0.76791835,0.01914527,-0.51435935,-1.7819104,0.93540776,0.85249734,-1.931715,-1.2770159,-0.07416574,-1.1319194,0.17083104,0.8077073,-0.6679631,-0.76466453,-0.36188433,-0.30360168,-0.118209444,0.36586142,-0.886882,-0.60566366,0.10582585,-0.3025796,0.30654833,1.7724414,0.24627645,1.1943297,1.345533,0.28250605,-0.22824332,1.0004694,-0.31044137,0.031217529,0.4907779,-0.5926142,-1.1584127,0.41318282,-0.47774908,-0.96363854,0.22521679,0.87768143,-0.44826454,-0.24678251,0.9603739,0.7869324,1.2900434,1.4269353,1.9544207,-0.40387455,-0.5050373,-0.58861697,0.40816605,-0.8575852,-0.566576,0.4781314,0.9864788,2.6674263,-0.3047278,0.020928899,0.5625465,-1.1325169,-0.96923965,0.465571,0.52376163,-0.36868942,-0.5014694,0.27364722,-1.6116115,0.41636893,-1.6827217,-0.9244475,0.7070289,0.83511454,-0.74106,-0.050625395,0.5409353,0.33176622,-0.87530655,0.43533894,0.59158367,1.43277,-0.18050282,-0.94382274,0.6437936,-1.0834625,-1.6147283,0.22802013,-0.7868245,-0.54076946,0.20303224,-0.015616828,-0.6665251,-0.41839316,-0.7605748,1.6705189,0.24785307,-0.6798847,0.08047378,-1.2067294,1.2453609,0.14780128,0.15928763,1.0346045,1.0136212,-1.1113122,0.55757433,-1.7449447,1.5007478,-0.52216107,1.3062558,0.59237653,0.39304823,-0.4008671,1.4475504,-0.123227,-0.45736796,-0.29264954,0.64675575,-0.18070832,0.53906083,-1.878636,1.5946984,-1.0936475,-0.4654618,0.33320025,1.0400529,-0.23678973,-0.72633374,-0.013254892,0.13305932,0.49673313,-1.4856977,0.7470617,1.565627,-0.46858537,-1.2832627,0.63045347,0.026724346,-0.49606296,0.17206024,3.0847294,-0.3985185,1.0112115,-0.8638766,-1.0898805,0.5220163,-0.24945492,-1.9678884,-0.3286359,-0.19226082,0.39628094,0.38994038,-0.5794782,0.5564215,-1.1234967,0.05646578,1.3267804,-0.6228921,0.2266953,0.014931515,-0.2719981,-1.1955217,-1.3537266,0.2730645,-0.13301688,-1.0119741,0.60862464,0.63944244,1.2082229,1.0071976,-0.20332463,-0.8870744,1.1469373,0.9333357,0.6894208,-0.79377913,-1.1289346,0.4887497,1.3597171,0.32011586,0.51993674,0.5066938,0.0011710855,-1.4209435,0.73558074,0.17554064,-0.415661,0.67861843,0.6573714,-0.3639976,0.74640054,-0.5862302,0.28906024,-0.12895767,-1.0009401,-0.22924696,0.20935792,-1.3589436,0.4548396,-0.6518128,0.19886996,-0.5047632,0.89524364,-1.1504041,0.5313444,-0.28431547,0.40676695,0.8385248,0.035171345,-1.5135787,0.06677605,-0.6446142,1.5619311,0.96554905,0.25961784,-1.1504797,-0.32214972,1.0378385,0.633599,-0.6627645,0.22703232,-0.33041775,-1.1894652,0.04797669,-0.90825355,0.08653586,0.6083248,0.7961231,-1.495841,2.051337,-2.0623121,1.0034847,0.67277646,-1.5591741,-0.49256787,0.0144274365,-0.14235242,2.4077108,1.2929507,0.013383607,0.059422307,1.0706363,0.6832081,-0.5024015,-0.1890822,-0.8705675,1.8914132,1.2126974,1.3756484,-0.9635389,-0.36856997,0.6030227,-0.68905056,1.303334,-1.0264294,-0.32660154,-0.15346271,0.0299403,-1.4636958,0.029136816,-0.87808543,0.12966622,-0.97266835,1.1922005,-0.9649804,-1.0743498,1.0543939,-0.42731616,0.564492,-0.6386537,1.0780225,0.7979569,0.92646927,0.67497927,-0.7682431,-0.23180252,-1.1284592,0.02338928,0.65923375,-0.8478238,0.40057358,0.31168854,0.98695266,1.5937772,0.063420065,-0.63368917,0.60016596,0.5883796,0.22395802,-0.20944327,-0.23977964,-0.68330395,0.044556763,-0.17773944,0.94937325,-1.6995747,-0.2608073,-0.59577894,0.9880793,0.7640355,0.12052313,0.11512346,0.8979844,1.1496956,0.4329219,-0.6209799
イ,-1.5400966,-0.7558532,0.7692085,0.1756592,-1.3232387,-0.2730295,-1.3935856,1.2457774,1.0293478,-0.24748665,1.484055,-0.19615237,-0.8454923,1.8493996,-0.9473491,-0.18514408,1.4007541,-1.1002502,0.2935757,-0.24580495,0.71891767,0.5054179,0.61255753,-0.9163842,1.2726268,0.61873835,0.75953245,-0.43741775,-0.4006929,-0.1982619,0.300383,-0.18456781,-1.2342976,-0.8170633,-0.23637159,-0.6521979,-1.8008294,0.59579915,0.28149787,-0.2766065,-0.6823525,0.7073446,-0.036819458,-0.3065245,-0.9029067,-0.046056796,2.0657997,-0.51971334,1.1233591,-0.19849469,-0.9309662,-0.8660407,1.176961,0.9952085,0.88630384,-0.19222088,0.5998778,1.4026664,-0.24478394,-0.21557717,0.7302126,0.28091863,-0.92829627,-0.6139304,0.07755863,0.3623418,-0.7159381,0.7702158,-0.49272707,-0.1221084,-2.5596213,-1.0825595,-0.35765222,1.0216669,-1.4239436,0.73610324,0.005340914,-0.80178624,0.52867943,-0.061555266,0.79311275,-0.493878,-0.6513218,1.3613893,-0.260092,-1.1740614,-0.31613412,-0.5773156,-1.0024781,-0.2871963,-0.68506783,-1.2670034,-1.5818186,-1.5427567,1.4448477,-0.19999099,-1.0479423,-0.7323734,-1.3509773,0.20969695,-0.67706275,1.5559821,0.38936034,-0.65325207,-1.1039304,-0.36876702,-0.6876082,-0.06268909,-0.8068602,0.94892836,0.0050840676,0.75367165,0.7155549,1.815741,0.45528713,1.4129835,-1.0683067,-0.5197994,0.096069396,1.0951896,1.3981003,0.33709028,-0.38737854,-0.029110571,-0.88742703,0.9208061,0.25405475,-1.14465,0.17138742,0.067512415,0.9915796,0.007057478,2.7959309,0.5567617,-0.78323764,-0.6426068,-0.10765296,0.042602297,1.1606936,-0.8591586,-0.13967796,0.08682086,-0.15488644,-0.43176088,0.076153584,-0.77250856,0.26209894,1.5224137,1.8182855,0.3709495,-0.09869304,0.35086116,-1.5763191,-0.1945569,1.0636884,-0.34853855,-0.44902274,1.1000384,-1.1721308,1.4049019,-0.59106606,2.1274607,-1.0030602,0.60883397,0.2642689,0.54614943,-1.1277714,1.0177885,-1.6099685,-2.796973,-0.45746598,-0.69600517,0.6147359,-0.049845193,0.71716046,-0.26601854,0.31075844,0.36601838,-1.1880547,-0.6464511,1.411894,0.87256193,-0.0154265165,1.4825245,0.032620594,0.6884206,0.91445017,0.9943908,0.38262,0.120776795,1.1220329,-0.7983682,1.2377484,0.93049234,0.5227277,2.861622,1.1726899,-1.9799843,-1.2291285,0.8381397,-2.6788006,-0.53633636,1.0257548,-1.8631696,1.3242836,-1.7709953,-1.0365921,2.2121735,0.27431217,-0.75916404,-1.0121233,-1.3403057,0.9669406,0.5607702,-0.32694152,-0.0656178,-1.1818436,-0.11458332,-1.2096392,-0.83922225,1.1123519,1.0352349,0.3938993,1.242753,-1.0981201,0.41788545,0.20374142,0.29991493,1.110031,0.77416706,-0.95344305,0.15031113,0.29647392,0.34354356,-0.7921316,0.7370128,-0.41191766,0.39006388,-0.19313252,0.43267968,0.8530905,-0.082523584,0.23951638,0.06576558,-0.15001799,0.57022005,1.2576952,-0.13062249,-1.7037357,-0.3358258,0.03204668,1.3651878,0.15572757,0.45811057,0.18200691,1.11232,-0.22113132,-0.0020405103,-0.5194444,-0.4468014,-0.040275276,0.67230934,0.40799126,0.73680943,0.117677055,-0.8949372,-1.020136,0.5170049,-0.4364855,-0.8634441,-1.4321113,-0.81003886,-0.82587856,0.5175501,0.42607382,0.64446646,-0.20276237,-1.355508,0.05484277,1.0317869,0.7885192,-1.602593,-0.36264658,-0.032393094,-0.80583,0.24131233,0.3251317,-0.24112321,0.03788422,0.36421195,-1.0716051,0.94018847,-0.18178129,0.9955759,1.4966723,0.32806012,1.7662064,-0.4510354,0.010262783,-0.690181,0.97236276,0.6546412,-1.8398925,0.44184184,-0.39878604,-0.85392207,1.5769653,-1.0334626,-1.5037422,-1.5037508,-0.2665602,-0.7400175,-1.331211,2.1874278,-2.5089874,1.6222166,-1.4110337,-0.12521468,-0.9506895,-0.69497967,-1.6860334,0.23662864,0.60036993,0.33913326,0.04631607,0.002794524,-0.020728508,0.06277545,-0.16245957,0.87288386,-0.048702348,0.48364273,-1.0463753,-1.6730827,0.084648006,0.8533897,-1.1345797,-1.1542729,-0.7414009,0.3210028,0.46385536,-0.4444481,-1.0480021,1.3164723,0.11748136,0.62159353,-0.9120791,-0.91076916,-0.21033092,-0.90670085,0.91847914,-0.305976,1.499066,-1.3063039,0.12864508,1.0102282,-0.9910641,0.04263938,-0.1641468,2.7864134,0.37487915,0.6385946,0.68538123,1.0942243,-0.49377552,-1.0301284,1.4861084,0.7059733,1.6742411,-0.35397765,-0.43263826,1.6522117,-0.12653102,0.07919053,-0.3341072,-0.097221196,1.4675161,-0.5577656,-0.8029,0.5625921,0.28974882,-0.7046044,-0.060242314,0.4588162,-0.10012717,-0.26714352,0.6804735,0.9807613,-0.045268565,-1.1305627,-0.40607527,0.47510982,0.8908401,1.1416053,1.6435131,-0.38092756,-0.16087316,-1.8232746,0.15193321,1.5809089,0.90304166,0.19696938,-1.4831215,0.7324915,0.36852065,0.34618664,-1.7633532,-1.7633358,1.85116,1.126305,-0.18088293,1.3344771,-0.4897953,-1.9553051,-0.1674849,-0.93374723,-0.42416033,-0.18532914,-0.8670974,0.08728528,0.34163108,0.30527902,0.8839617,0.50912124,-0.00092511374,-0.7076264,0.21734464,0.069783874,-0.7728624,0.4751313,-0.22954147,1.2796601,-1.3622789,-1.2931406,0.38621354,-1.9930263,1.2360564,-0.117470324,0.5190707,-0.43049744,-0.60920477,-1.0856502,-0.22830261,-0.4564538,-0.96788955,-0.4697468,0.60545933,-1.6261765,-0.99813336,0.30548447,0.93178636,-0.38046858,1.0608779,0.9216116,0.07183575,0.92728925,-0.044555265,-0.28387067,-0.7022484,0.114314236,0.45308635,-0.5398243,-1.4443398,-0.13991463,0.8989846,-1.0616517,-1.0046115,0.33493164,0.24824703,-1.6692519,-0.95779973,-0.15337585,-0.35415784,0.7982726,0.86235595,-0.2795655,-0.7426779,-0.95513946,-0.12152312,0.13663588,0.2346344,-0.69858336,0.21812956,0.35561612,-0.5559439,0.104593836,1.2465819,-0.23562412,1.1247405,1.3604034,0.39557776,-0.5994504,1.0103363,-0.46998882,-0.4263806,0.7678767,-1.2157454,-1.0482577,1.4384937,-0.093852304,-1.0075262,-0.013505678,0.9416208,-0.81028914,-0.21595351,-0.39690614,1.0815345,1.5827917,1.6741539,1.5876436,0.3148191,-0.3091758,0.007814991,1.1333889,-1.7029351,-0.46234572,-0.5316865,0.8917363,1.9673724,-0.6123889,0.098117284,1.3459152,-0.7628754,-1.2774816,-0.17079449,0.1650549,0.044939224,-0.8873038,0.5879654,-1.130653,0.71004534,-1.7507311,-0.3499948,0.96003515,0.9730897,-1.0294546,0.94901866,1.038535,0.0776209,-0.91283584,-0.56264377,0.6063103,2.092609,0.17304593,-0.82471585,0.4851762,-0.48800012,-1.5421759,0.42059615,-0.569269,-0.91552716,-0.47662386,-0.014809042,-0.18568473,0.12367764,-0.87221676,1.4249798,-0.25613627,0.21556638,0.20957412,-1.7495502,1.4635345,0.22253107,-0.014513433,1.4126768,1.0682178,-0.8923876,1.092543,-1.1268526,1.3392115,-0.32997155,0.8741028,1.3325278,0.5917662,-0.6126483,2.1536689,-0.74662524,0.21474071,-0.41881457,0.37657878,-0.53070813,0.5176235,-2.1501648,0.9763267,-1.5808567,-0.7004354,-0.56306094,0.7944374,-0.57445174,0.7558941,-0.1188311,0.12458662,0.16683137,-0.9757607,0.06365315,2.1787796,-0.06579741,-1.0396918,0.5250563,0.4751093,-0.5665952,-0.5646756,2.440216,0.056460362,0.66140926,-1.1227177,-1.656155,0.7891486,-0.11277012,-0.8890305,-0.56200445,-0.30936646,-0.3856162,-0.07563371,-0.37386855,1.2077647,-0.8471515,0.10576418,0.31013188,-0.21375214,0.11037719,0.45114753,-0.5242917,-1.0511811,-1.3001844,0.6281782,0.634684,-0.6935088,0.8048789,1.0821537,1.7091025,1.1077436,-0.107284635,-0.9362809,0.54993874,0.62140256,1.0154527,-1.4532733,-2.071147,0.6684046,1.0107377,-0.44586602,0.52577907,-0.07286916,-0.6389916,-1.6949791,1.0389524,-0.44231936,-0.5565314,1.6266912,0.014506615,-0.36797774,0.6008772,-0.104840964,0.4407927,0.051310282,-0.26344863,-0.52220696,0.4672501,-1.2450743,0.6409169,-0.3115469,0.58300453,-0.7088013,0.63826984,-1.574307,1.0519423,-0.23602502,0.76608545,0.63393843,-0.0014510801,-1.2190446,-0.74047333,-0.28194365,1.4130827,1.1621767,-0.31213105,-0.5190022,-0.24190421,0.68230176,0.6122356,0.112950474,-0.011862463,0.5081044,-0.7468501,-0.84504133,-1.1198479,-0.52387,0.98401517,-0.12853196,-0.8921744,0.9970382,-2.0468922,0.5021976,0.3671895,-1.4413036,-0.13551314,0.6538845,-0.61660355,2.5986624,1.5072565,-0.49935547,0.14219858,0.96299297,0.8931783,-1.2152319,-0.3820455,-0.8024929,0.9900398,1.1915516,0.37729943,-0.9694323,-0.08829061,0.3320324,-0.7994682,1.1862301,-0.08301193,-0.85314107,-1.1195339,0.09929208,-0.4205973,-0.7125501,-0.72894937,0.9335747,-0.8669281,0.20992954,-0.82642347,-1.1524366,0.52085835,-0.9067258,-0.17400359,-0.36040458,1.4004191,1.1348857,-0.32064724,0.78423303,-0.6240854,-0.108403526,-1.3226223,-0.5052238,0.05325796,-1.3172008,0.61889833,0.85907936,0.94423467,1.7999448,-0.0636035,-1.9607748,0.88966614,0.16477208,0.27732688,-0.067449145,-1.2425117,-0.2942219,-0.10752677,-0.20413917,0.6946476,-1.0287157,-0.27894387,-0.086290956,-0.1939739,0.15416609,0.16881905,0.22631143,0.73332936,1.8989272,0.28697136,0.05934484
