Mora,MFeature_0,MFeature_1,MFeature_2,MFeature_3,MFeature_4,MFeature_5,MFeature_6,MFeature_7,MFeature_8,MFeature_9,MFeature_10,MFeature_11,MFeature_12,MFeature_13,MFeature_14,MFeature_15,MFeature_16,MFeature_17,MFeature_18,MFeature_19,MFeature_20,MFeature_21,MFeature_22,MFeature_23,MFeature_24,MFeature_25,MFeature_26,MFeature_27,MFeature_28,MFeature_29,MFeature_30,MFeature_31,MFeature_32,MFeature_33,MFeature_34,MFeature_35,MFeature_36,MFeature_37,MFeature_38,MFeature_39,MFeature_40,MFeature_41,MFeature_42,MFeature_43,MFeature_44,MFeature_45,MFeature_46,MFeature_47,MFeature_48,MFeature_49,MFeature_50,MFeature_51,MFeature_52,MFeature_53,MFeature_54,MFeature_55,MFeature_56,MFeature_57,MFeature_58,MFeature_59,MFeature_60,MFeature_61,MFeature_62,MFeature_63,MFeature_64,MFeature_65,MFeature_66,MFeature_67,MFeature_68,MFeature_69,MFeature_70,MFeature_71,MFeature_72,MFeature_73,MFeature_74,MFeature_75,MFeature_76,MFeature_77,MFeature_78,MFeature_79,MFeature_80,MFeature_81,MFeature_82,MFeature_83,MFeature_84,MFeature_85,MFeature_86,MFeature_87,MFeature_88,MFeature_89,MFeature_90,MFeature_91,MFeature_92,MFeature_93,MFeature_94,MFeature_95,MFeature_96,MFeature_97,MFeature_98,MFeature_99,MFeature_100,MFeature_101,MFeature_102,MFeature_103,MFeature_104,MFeature_105,MFeature_106,MFeature_107,MFeature_108,MFeature_109,MFeature_110,MFeature_111,MFeature_112,MFeature_113,MFeature_114,MFeature_115,MFeature_116,MFeature_117,MFeature_118,MFeature_119,MFeature_120,MFeature_121,MFeature_122,MFeature_123,MFeature_124,MFeature_125,MFeature_126,MFeature_127,MFeature_128,MFeature_129,MFeature_130,MFeature_131,MFeature_132,MFeature_133,MFeature_134,MFeature_135,MFeature_136,MFeature_137,MFeature_138,MFeature_139,MFeature_140,MFeature_141,MFeature_142,MFeature_143,MFeature_144,MFeature_145,MFeature_146,MFeature_147,MFeature_148,MFeature_149,MFeature_150,MFeature_151,MFeature_152,MFeature_153,MFeature_154,MFeature_155,MFeature_156,MFeature_157,MFeature_158,MFeature_159,MFeature_160,MFeature_161,MFeature_162,MFeature_163,MFeature_164,MFeature_165,MFeature_166,MFeature_167,MFeature_168,MFeature_169,MFeature_170,MFeature_171,MFeature_172,MFeature_173,MFeature_174,MFeature_175,MFeature_176,MFeature_177,MFeature_178,MFeature_179,MFeature_180,MFeature_181,MFeature_182,MFeature_183,MFeature_184,MFeature_185,MFeature_186,MFeature_187,MFeature_188,MFeature_189,MFeature_190,MFeature_191,MFeature_192,MFeature_193,MFeature_194,MFeature_195,MFeature_196,MFeature_197,MFeature_198,MFeature_199,MFeature_200,MFeature_201,MFeature_202,MFeature_203,MFeature_204,MFeature_205,MFeature_206,MFeature_207,MFeature_208,MFeature_209,MFeature_210,MFeature_211,MFeature_212,MFeature_213,MFeature_214,MFeature_215,MFeature_216,MFeature_217,MFeature_218,MFeature_219,MFeature_220,MFeature_221,MFeature_222,MFeature_223,MFeature_224,MFeature_225,MFeature_226,MFeature_227,MFeature_228,MFeature_229,MFeature_230,MFeature_231,MFeature_232,MFeature_233,MFeature_234,MFeature_235,MFeature_236,MFeature_237,MFeature_238,MFeature_239,MFeature_240,MFeature_241,MFeature_242,MFeature_243,MFeature_244,MFeature_245,MFeature_246,MFeature_247,MFeature_248,MFeature_249,MFeature_250,MFeature_251,MFeature_252,MFeature_253,MFeature_254,MFeature_255,MFeature_256,MFeature_257,MFeature_258,MFeature_259,MFeature_260,MFeature_261,MFeature_262,MFeature_263,MFeature_264,MFeature_265,MFeature_266,MFeature_267,MFeature_268,MFeature_269,MFeature_270,MFeature_271,MFeature_272,MFeature_273,MFeature_274,MFeature_275,MFeature_276,MFeature_277,MFeature_278,MFeature_279,MFeature_280,MFeature_281,MFeature_282,MFeature_283,MFeature_284,MFeature_285,MFeature_286,MFeature_287,MFeature_288,MFeature_289,MFeature_290,MFeature_291,MFeature_292,MFeature_293,MFeature_294,MFeature_295,MFeature_296,MFeature_297,MFeature_298,MFeature_299,MFeature_300,MFeature_301,MFeature_302,MFeature_303,MFeature_304,MFeature_305,MFeature_306,MFeature_307,MFeature_308,MFeature_309,MFeature_310,MFeature_311,MFeature_312,MFeature_313,MFeature_314,MFeature_315,MFeature_316,MFeature_317,MFeature_318,MFeature_319,MFeature_320,MFeature_321,MFeature_322,MFeature_323,MFeature_324,MFeature_325,MFeature_326,MFeature_327,MFeature_328,MFeature_329,MFeature_330,MFeature_331,MFeature_332,MFeature_333,MFeature_334,MFeature_335,MFeature_336,MFeature_337,MFeature_338,MFeature_339,MFeature_340,MFeature_341,MFeature_342,MFeature_343,MFeature_344,MFeature_345,MFeature_346,MFeature_347,MFeature_348,MFeature_349,MFeature_350,MFeature_351,MFeature_352,MFeature_353,MFeature_354,MFeature_355,MFeature_356,MFeature_357,MFeature_358,MFeature_359,MFeature_360,MFeature_361,MFeature_362,MFeature_363,MFeature_364,MFeature_365,MFeature_366,MFeature_367,MFeature_368,MFeature_369,MFeature_370,MFeature_371,MFeature_372,MFeature_373,MFeature_374,MFeature_375,MFeature_376,MFeature_377,MFeature_378,MFeature_379,MFeature_380,MFeature_381,MFeature_382,MFeature_383,MFeature_384,MFeature_385,MFeature_386,MFeature_387,MFeature_388,MFeature_389,MFeature_390,MFeature_391,MFeature_392,MFeature_393,MFeature_394,MFeature_395,MFeature_396,MFeature_397,MFeature_398,MFeature_399,MFeature_400,MFeature_401,MFeature_402,MFeature_403,MFeature_404,MFeature_405,MFeature_406,MFeature_407,MFeature_408,MFeature_409,MFeature_410,MFeature_411,MFeature_412,MFeature_413,MFeature_414,MFeature_415,MFeature_416,MFeature_417,MFeature_418,MFeature_419,MFeature_420,MFeature_421,MFeature_422,MFeature_423,MFeature_424,MFeature_425,MFeature_426,MFeature_427,MFeature_428,MFeature_429,MFeature_430,MFeature_431,MFeature_432,MFeature_433,MFeature_434,MFeature_435,MFeature_436,MFeature_437,MFeature_438,MFeature_439,MFeature_440,MFeature_441,MFeature_442,MFeature_443,MFeature_444,MFeature_445,MFeature_446,MFeature_447,MFeature_448,MFeature_449,MFeature_450,MFeature_451,MFeature_452,MFeature_453,MFeature_454,MFeature_455,MFeature_456,MFeature_457,MFeature_458,MFeature_459,MFeature_460,MFeature_461,MFeature_462,MFeature_463,MFeature_464,MFeature_465,MFeature_466,MFeature_467,MFeature_468,MFeature_469,MFeature_470,MFeature_471,MFeature_472,MFeature_473,MFeature_474,MFeature_475,MFeature_476,MFeature_477,MFeature_478,MFeature_479,MFeature_480,MFeature_481,MFeature_482,MFeature_483,MFeature_484,MFeature_485,MFeature_486,MFeature_487,MFeature_488,MFeature_489,MFeature_490,MFeature_491,MFeature_492,MFeature_493,MFeature_494,MFeature_495,MFeature_496,MFeature_497,MFeature_498,MFeature_499,MFeature_500,MFeature_501,MFeature_502,MFeature_503,MFeature_504,MFeature_505,MFeature_506,MFeature_507,MFeature_508,MFeature_509,MFeature_510,MFeature_511,MFeature_512,MFeature_513,MFeature_514,MFeature_515,MFeature_516,MFeature_517,MFeature_518,MFeature_519,MFeature_520,MFeature_521,MFeature_522,MFeature_523,MFeature_524,MFeature_525,MFeature_526,MFeature_527,MFeature_528,MFeature_529,MFeature_530,MFeature_531,MFeature_532,MFeature_533,MFeature_534,MFeature_535,MFeature_536,MFeature_537,MFeature_538,MFeature_539,MFeature_540,MFeature_541,MFeature_542,MFeature_543,MFeature_544,MFeature_545,MFeature_546,MFeature_547,MFeature_548,MFeature_549,MFeature_550,MFeature_551,MFeature_552,MFeature_553,MFeature_554,MFeature_555,MFeature_556,MFeature_557,MFeature_558,MFeature_559,MFeature_560,MFeature_561,MFeature_562,MFeature_563,MFeature_564,MFeature_565,MFeature_566,MFeature_567,MFeature_568,MFeature_569,MFeature_570,MFeature_571,MFeature_572,MFeature_573,MFeature_574,MFeature_575,MFeature_576,MFeature_577,MFeature_578,MFeature_579,MFeature_580,MFeature_581,MFeature_582,MFeature_583,MFeature_584,MFeature_585,MFeature_586,MFeature_587,MFeature_588,MFeature_589,MFeature_590,MFeature_591,MFeature_592,MFeature_593,MFeature_594,MFeature_595,MFeature_596,MFeature_597,MFeature_598,MFeature_599,MFeature_600,MFeature_601,MFeature_602,MFeature_603,MFeature_604,MFeature_605,MFeature_606,MFeature_607,MFeature_608,MFeature_609,MFeature_610,MFeature_611,MFeature_612,MFeature_613,MFeature_614,MFeature_615,MFeature_616,MFeature_617,MFeature_618,MFeature_619,MFeature_620,MFeature_621,MFeature_622,MFeature_623,MFeature_624,MFeature_625,MFeature_626,MFeature_627,MFeature_628,MFeature_629,MFeature_630,MFeature_631,MFeature_632,MFeature_633,MFeature_634,MFeature_635,MFeature_636,MFeature_637,MFeature_638,MFeature_639,MFeature_640,MFeature_641,MFeature_642,MFeature_643,MFeature_644,MFeature_645,MFeature_646,MFeature_647,MFeature_648,MFeature_649,MFeature_650,MFeature_651,MFeature_652,MFeature_653,MFeature_654,MFeature_655,MFeature_656,MFeature_657,MFeature_658,MFeature_659,MFeature_660,MFeature_661,MFeature_662,MFeature_663,MFeature_664,MFeature_665,MFeature_666,MFeature_667,MFeature_668,MFeature_669,MFeature_670,MFeature_671,MFeature_672,MFeature_673,MFeature_674,MFeature_675,MFeature_676,MFeature_677,MFeature_678,MFeature_679,MFeature_680,MFeature_681,MFeature_682,MFeature_683,MFeature_684,MFeature_685,MFeature_686,MFeature_687,MFeature_688,MFeature_689,MFeature_690,MFeature_691,MFeature_692,MFeature_693,MFeature_694,MFeature_695,MFeature_696,MFeature_697,MFeature_698,MFeature_699,MFeature_700,MFeature_701,MFeature_702,MFeature_703,MFeature_704,MFeature_705,MFeature_706,MFeature_707,MFeature_708,MFeature_709,MFeature_710,MFeature_711,MFeature_712,MFeature_713,MFeature_714,MFeature_715,MFeature_716,MFeature_717,MFeature_718,MFeature_719,MFeature_720,MFeature_721,MFeature_722,MFeature_723,MFeature_724,MFeature_725,MFeature_726,MFeature_727,MFeature_728,MFeature_729,MFeature_730,MFeature_731,MFeature_732,MFeature_733,MFeature_734,MFeature_735,MFeature_736,MFeature_737,MFeature_738,MFeature_739,MFeature_740,MFeature_741,MFeature_742,MFeature_743,MFeature_744,MFeature_745,MFeature_746,MFeature_747,MFeature_748,MFeature_749,MFeature_750,MFeature_751,MFeature_752,MFeature_753,MFeature_754,MFeature_755,MFeature_756,MFeature_757,MFeature_758,MFeature_759,MFeature_760,MFeature_761,MFeature_762,MFeature_763,MFeature_764,MFeature_765,MFeature_766,MFeature_767,Feature_0,Feature_1,Feature_2,Feature_3,Feature_4,Feature_5,Feature_6,Feature_7,Feature_8,Feature_9,Feature_10,Feature_11,Feature_12,Feature_13,Feature_14,Feature_15,Feature_16,Feature_17,Feature_18,Feature_19,Feature_20,Feature_21,Feature_22,Feature_23,Feature_24,Feature_25,Feature_26,Feature_27,Feature_28,Feature_29,Feature_30,Feature_31,Feature_32,Feature_33,Feature_34,Feature_35,Feature_36,Feature_37,Feature_38,Feature_39,Feature_40,Feature_41,Feature_42,Feature_43,Feature_44,Feature_45,Feature_46,Feature_47,Feature_48,Feature_49,Feature_50,Feature_51,Feature_52,Feature_53,Feature_54,Feature_55,Feature_56,Feature_57,Feature_58,Feature_59,Feature_60,Feature_61,Feature_62,Feature_63,Feature_64,Feature_65,Feature_66,Feature_67,Feature_68,Feature_69,Feature_70,Feature_71,Feature_72,Feature_73,Feature_74,Feature_75,Feature_76,Feature_77,Feature_78,Feature_79,Feature_80,Feature_81,Feature_82,Feature_83,Feature_84,Feature_85,Feature_86,Feature_87,Feature_88,Feature_89,Feature_90,Feature_91,Feature_92,Feature_93,Feature_94,Feature_95,Feature_96,Feature_97,Feature_98,Feature_99,Feature_100,Feature_101,Feature_102,Feature_103,Feature_104,Feature_105,Feature_106,Feature_107,Feature_108,Feature_109,Feature_110,Feature_111,Feature_112,Feature_113,Feature_114,Feature_115,Feature_116,Feature_117,Feature_118,Feature_119,Feature_120,Feature_121,Feature_122,Feature_123,Feature_124,Feature_125,Feature_126,Feature_127,Feature_128,Feature_129,Feature_130,Feature_131,Feature_132,Feature_133,Feature_134,Feature_135,Feature_136,Feature_137,Feature_138,Feature_139,Feature_140,Feature_141,Feature_142,Feature_143,Feature_144,Feature_145,Feature_146,Feature_147,Feature_148,Feature_149,Feature_150,Feature_151,Feature_152,Feature_153,Feature_154,Feature_155,Feature_156,Feature_157,Feature_158,Feature_159,Feature_160,Feature_161,Feature_162,Feature_163,Feature_164,Feature_165,Feature_166,Feature_167,Feature_168,Feature_169,Feature_170,Feature_171,Feature_172,Feature_173,Feature_174,Feature_175,Feature_176,Feature_177,Feature_178,Feature_179,Feature_180,Feature_181,Feature_182,Feature_183,Feature_184,Feature_185,Feature_186,Feature_187,Feature_188,Feature_189,Feature_190,Feature_191,Feature_192,Feature_193,Feature_194,Feature_195,Feature_196,Feature_197,Feature_198,Feature_199,Feature_200,Feature_201,Feature_202,Feature_203,Feature_204,Feature_205,Feature_206,Feature_207,Feature_208,Feature_209,Feature_210,Feature_211,Feature_212,Feature_213,Feature_214,Feature_215,Feature_216,Feature_217,Feature_218,Feature_219,Feature_220,Feature_221,Feature_222,Feature_223,Feature_224,Feature_225,Feature_226,Feature_227,Feature_228,Feature_229,Feature_230,Feature_231,Feature_232,Feature_233,Feature_234,Feature_235,Feature_236,Feature_237,Feature_238,Feature_239,Feature_240,Feature_241,Feature_242,Feature_243,Feature_244,Feature_245,Feature_246,Feature_247,Feature_248,Feature_249,Feature_250,Feature_251,Feature_252,Feature_253,Feature_254,Feature_255,Feature_256,Feature_257,Feature_258,Feature_259,Feature_260,Feature_261,Feature_262,Feature_263,Feature_264,Feature_265,Feature_266,Feature_267,Feature_268,Feature_269,Feature_270,Feature_271,Feature_272,Feature_273,Feature_274,Feature_275,Feature_276,Feature_277,Feature_278,Feature_279,Feature_280,Feature_281,Feature_282,Feature_283,Feature_284,Feature_285,Feature_286,Feature_287,Feature_288,Feature_289,Feature_290,Feature_291,Feature_292,Feature_293,Feature_294,Feature_295,Feature_296,Feature_297,Feature_298,Feature_299,Feature_300,Feature_301,Feature_302,Feature_303,Feature_304,Feature_305,Feature_306,Feature_307,Feature_308,Feature_309,Feature_310,Feature_311,Feature_312,Feature_313,Feature_314,Feature_315,Feature_316,Feature_317,Feature_318,Feature_319,Feature_320,Feature_321,Feature_322,Feature_323,Feature_324,Feature_325,Feature_326,Feature_327,Feature_328,Feature_329,Feature_330,Feature_331,Feature_332,Feature_333,Feature_334,Feature_335,Feature_336,Feature_337,Feature_338,Feature_339,Feature_340,Feature_341,Feature_342,Feature_343,Feature_344,Feature_345,Feature_346,Feature_347,Feature_348,Feature_349,Feature_350,Feature_351,Feature_352,Feature_353,Feature_354,Feature_355,Feature_356,Feature_357,Feature_358,Feature_359,Feature_360,Feature_361,Feature_362,Feature_363,Feature_364,Feature_365,Feature_366,Feature_367,Feature_368,Feature_369,Feature_370,Feature_371,Feature_372,Feature_373,Feature_374,Feature_375,Feature_376,Feature_377,Feature_378,Feature_379,Feature_380,Feature_381,Feature_382,Feature_383,Feature_384,Feature_385,Feature_386,Feature_387,Feature_388,Feature_389,Feature_390,Feature_391,Feature_392,Feature_393,Feature_394,Feature_395,Feature_396,Feature_397,Feature_398,Feature_399,Feature_400,Feature_401,Feature_402,Feature_403,Feature_404,Feature_405,Feature_406,Feature_407,Feature_408,Feature_409,Feature_410,Feature_411,Feature_412,Feature_413,Feature_414,Feature_415,Feature_416,Feature_417,Feature_418,Feature_419,Feature_420,Feature_421,Feature_422,Feature_423,Feature_424,Feature_425,Feature_426,Feature_427,Feature_428,Feature_429,Feature_430,Feature_431,Feature_432,Feature_433,Feature_434,Feature_435,Feature_436,Feature_437,Feature_438,Feature_439,Feature_440,Feature_441,Feature_442,Feature_443,Feature_444,Feature_445,Feature_446,Feature_447,Feature_448,Feature_449,Feature_450,Feature_451,Feature_452,Feature_453,Feature_454,Feature_455,Feature_456,Feature_457,Feature_458,Feature_459,Feature_460,Feature_461,Feature_462,Feature_463,Feature_464,Feature_465,Feature_466,Feature_467,Feature_468,Feature_469,Feature_470,Feature_471,Feature_472,Feature_473,Feature_474,Feature_475,Feature_476,Feature_477,Feature_478,Feature_479,Feature_480,Feature_481,Feature_482,Feature_483,Feature_484,Feature_485,Feature_486,Feature_487,Feature_488,Feature_489,Feature_490,Feature_491,Feature_492,Feature_493,Feature_494,Feature_495,Feature_496,Feature_497,Feature_498,Feature_499,Feature_500,Feature_501,Feature_502,Feature_503,Feature_504,Feature_505,Feature_506,Feature_507,Feature_508,Feature_509,Feature_510,Feature_511,Feature_512,Feature_513,Feature_514,Feature_515,Feature_516,Feature_517,Feature_518,Feature_519,Feature_520,Feature_521,Feature_522,Feature_523,Feature_524,Feature_525,Feature_526,Feature_527,Feature_528,Feature_529,Feature_530,Feature_531,Feature_532,Feature_533,Feature_534,Feature_535,Feature_536,Feature_537,Feature_538,Feature_539,Feature_540,Feature_541,Feature_542,Feature_543,Feature_544,Feature_545,Feature_546,Feature_547,Feature_548,Feature_549,Feature_550,Feature_551,Feature_552,Feature_553,Feature_554,Feature_555,Feature_556,Feature_557,Feature_558,Feature_559,Feature_560,Feature_561,Feature_562,Feature_563,Feature_564,Feature_565,Feature_566,Feature_567,Feature_568,Feature_569,Feature_570,Feature_571,Feature_572,Feature_573,Feature_574,Feature_575,Feature_576,Feature_577,Feature_578,Feature_579,Feature_580,Feature_581,Feature_582,Feature_583,Feature_584,Feature_585,Feature_586,Feature_587,Feature_588,Feature_589,Feature_590,Feature_591,Feature_592,Feature_593,Feature_594,Feature_595,Feature_596,Feature_597,Feature_598,Feature_599,Feature_600,Feature_601,Feature_602,Feature_603,Feature_604,Feature_605,Feature_606,Feature_607,Feature_608,Feature_609,Feature_610,Feature_611,Feature_612,Feature_613,Feature_614,Feature_615,Feature_616,Feature_617,Feature_618,Feature_619,Feature_620,Feature_621,Feature_622,Feature_623,Feature_624,Feature_625,Feature_626,Feature_627,Feature_628,Feature_629,Feature_630,Feature_631,Feature_632,Feature_633,Feature_634,Feature_635,Feature_636,Feature_637,Feature_638,Feature_639,Feature_640,Feature_641,Feature_642,Feature_643,Feature_644,Feature_645,Feature_646,Feature_647,Feature_648,Feature_649,Feature_650,Feature_651,Feature_652,Feature_653,Feature_654,Feature_655,Feature_656,Feature_657,Feature_658,Feature_659,Feature_660,Feature_661,Feature_662,Feature_663,Feature_664,Feature_665,Feature_666,Feature_667,Feature_668,Feature_669,Feature_670,Feature_671,Feature_672,Feature_673,Feature_674,Feature_675,Feature_676,Feature_677,Feature_678,Feature_679,Feature_680,Feature_681,Feature_682,Feature_683,Feature_684,Feature_685,Feature_686,Feature_687,Feature_688,Feature_689,Feature_690,Feature_691,Feature_692,Feature_693,Feature_694,Feature_695,Feature_696,Feature_697,Feature_698,Feature_699,Feature_700,Feature_701,Feature_702,Feature_703,Feature_704,Feature_705,Feature_706,Feature_707,Feature_708,Feature_709,Feature_710,Feature_711,Feature_712,Feature_713,Feature_714,Feature_715,Feature_716,Feature_717,Feature_718,Feature_719,Feature_720,Feature_721,Feature_722,Feature_723,Feature_724,Feature_725,Feature_726,Feature_727,Feature_728,Feature_729,Feature_730,Feature_731,Feature_732,Feature_733,Feature_734,Feature_735,Feature_736,Feature_737,Feature_738,Feature_739,Feature_740,Feature_741,Feature_742,Feature_743,Feature_744,Feature_745,Feature_746,Feature_747,Feature_748,Feature_749,Feature_750,Feature_751,Feature_752,Feature_753,Feature_754,Feature_755,Feature_756,Feature_757,Feature_758,Feature_759,Feature_760,Feature_761,Feature_762,Feature_763,Feature_764,Feature_765,Feature_766,Feature_767,Feature_0,Feature_1,Feature_2,Feature_3,Feature_4,Feature_5,Feature_6,Feature_7,Feature_8,Feature_9,Feature_10,Feature_11,Feature_12,Feature_13,Feature_14,Feature_15,Feature_16,Feature_17,Feature_18,Feature_19,Feature_20,Feature_21,Feature_22,Feature_23,Feature_24,Feature_25,Feature_26,Feature_27,Feature_28,Feature_29,Feature_30,Feature_31,Feature_32,Feature_33,Feature_34,Feature_35,Feature_36,Feature_37,Feature_38,Feature_39,Feature_40,Feature_41,Feature_42,Feature_43,Feature_44,Feature_45,Feature_46,Feature_47,Feature_48,Feature_49,Feature_50,Feature_51,Feature_52,Feature_53,Feature_54,Feature_55,Feature_56,Feature_57,Feature_58,Feature_59,Feature_60,Feature_61,Feature_62,Feature_63,Feature_64,Feature_65,Feature_66,Feature_67,Feature_68,Feature_69,Feature_70,Feature_71,Feature_72,Feature_73,Feature_74,Feature_75,Feature_76,Feature_77,Feature_78,Feature_79,Feature_80,Feature_81,Feature_82,Feature_83,Feature_84,Feature_85,Feature_86,Feature_87,Feature_88,Feature_89,Feature_90,Feature_91,Feature_92,Feature_93,Feature_94,Feature_95,Feature_96,Feature_97,Feature_98,Feature_99,Feature_100,Feature_101,Feature_102,Feature_103,Feature_104,Feature_105,Feature_106,Feature_107,Feature_108,Feature_109,Feature_110,Feature_111,Feature_112,Feature_113,Feature_114,Feature_115,Feature_116,Feature_117,Feature_118,Feature_119,Feature_120,Feature_121,Feature_122,Feature_123,Feature_124,Feature_125,Feature_126,Feature_127,Feature_128,Feature_129,Feature_130,Feature_131,Feature_132,Feature_133,Feature_134,Feature_135,Feature_136,Feature_137,Feature_138,Feature_139,Feature_140,Feature_141,Feature_142,Feature_143,Feature_144,Feature_145,Feature_146,Feature_147,Feature_148,Feature_149,Feature_150,Feature_151,Feature_152,Feature_153,Feature_154,Feature_155,Feature_156,Feature_157,Feature_158,Feature_159,Feature_160,Feature_161,Feature_162,Feature_163,Feature_164,Feature_165,Feature_166,Feature_167,Feature_168,Feature_169,Feature_170,Feature_171,Feature_172,Feature_173,Feature_174,Feature_175,Feature_176,Feature_177,Feature_178,Feature_179,Feature_180,Feature_181,Feature_182,Feature_183,Feature_184,Feature_185,Feature_186,Feature_187,Feature_188,Feature_189,Feature_190,Feature_191,Feature_192,Feature_193,Feature_194,Feature_195,Feature_196,Feature_197,Feature_198,Feature_199,Feature_200,Feature_201,Feature_202,Feature_203,Feature_204,Feature_205,Feature_206,Feature_207,Feature_208,Feature_209,Feature_210,Feature_211,Feature_212,Feature_213,Feature_214,Feature_215,Feature_216,Feature_217,Feature_218,Feature_219,Feature_220,Feature_221,Feature_222,Feature_223,Feature_224,Feature_225,Feature_226,Feature_227,Feature_228,Feature_229,Feature_230,Feature_231,Feature_232,Feature_233,Feature_234,Feature_235,Feature_236,Feature_237,Feature_238,Feature_239,Feature_240,Feature_241,Feature_242,Feature_243,Feature_244,Feature_245,Feature_246,Feature_247,Feature_248,Feature_249,Feature_250,Feature_251,Feature_252,Feature_253,Feature_254,Feature_255,Feature_256,Feature_257,Feature_258,Feature_259,Feature_260,Feature_261,Feature_262,Feature_263,Feature_264,Feature_265,Feature_266,Feature_267,Feature_268,Feature_269,Feature_270,Feature_271,Feature_272,Feature_273,Feature_274,Feature_275,Feature_276,Feature_277,Feature_278,Feature_279,Feature_280,Feature_281,Feature_282,Feature_283,Feature_284,Feature_285,Feature_286,Feature_287,Feature_288,Feature_289,Feature_290,Feature_291,Feature_292,Feature_293,Feature_294,Feature_295,Feature_296,Feature_297,Feature_298,Feature_299,Feature_300,Feature_301,Feature_302,Feature_303,Feature_304,Feature_305,Feature_306,Feature_307,Feature_308,Feature_309,Feature_310,Feature_311,Feature_312,Feature_313,Feature_314,Feature_315,Feature_316,Feature_317,Feature_318,Feature_319,Feature_320,Feature_321,Feature_322,Feature_323,Feature_324,Feature_325,Feature_326,Feature_327,Feature_328,Feature_329,Feature_330,Feature_331,Feature_332,Feature_333,Feature_334,Feature_335,Feature_336,Feature_337,Feature_338,Feature_339,Feature_340,Feature_341,Feature_342,Feature_343,Feature_344,Feature_345,Feature_346,Feature_347,Feature_348,Feature_349,Feature_350,Feature_351,Feature_352,Feature_353,Feature_354,Feature_355,Feature_356,Feature_357,Feature_358,Feature_359,Feature_360,Feature_361,Feature_362,Feature_363,Feature_364,Feature_365,Feature_366,Feature_367,Feature_368,Feature_369,Feature_370,Feature_371,Feature_372,Feature_373,Feature_374,Feature_375,Feature_376,Feature_377,Feature_378,Feature_379,Feature_380,Feature_381,Feature_382,Feature_383,Feature_384,Feature_385,Feature_386,Feature_387,Feature_388,Feature_389,Feature_390,Feature_391,Feature_392,Feature_393,Feature_394,Feature_395,Feature_396,Feature_397,Feature_398,Feature_399,Feature_400,Feature_401,Feature_402,Feature_403,Feature_404,Feature_405,Feature_406,Feature_407,Feature_408,Feature_409,Feature_410,Feature_411,Feature_412,Feature_413,Feature_414,Feature_415,Feature_416,Feature_417,Feature_418,Feature_419,Feature_420,Feature_421,Feature_422,Feature_423,Feature_424,Feature_425,Feature_426,Feature_427,Feature_428,Feature_429,Feature_430,Feature_431,Feature_432,Feature_433,Feature_434,Feature_435,Feature_436,Feature_437,Feature_438,Feature_439,Feature_440,Feature_441,Feature_442,Feature_443,Feature_444,Feature_445,Feature_446,Feature_447,Feature_448,Feature_449,Feature_450,Feature_451,Feature_452,Feature_453,Feature_454,Feature_455,Feature_456,Feature_457,Feature_458,Feature_459,Feature_460,Feature_461,Feature_462,Feature_463,Feature_464,Feature_465,Feature_466,Feature_467,Feature_468,Feature_469,Feature_470,Feature_471,Feature_472,Feature_473,Feature_474,Feature_475,Feature_476,Feature_477,Feature_478,Feature_479,Feature_480,Feature_481,Feature_482,Feature_483,Feature_484,Feature_485,Feature_486,Feature_487,Feature_488,Feature_489,Feature_490,Feature_491,Feature_492,Feature_493,Feature_494,Feature_495,Feature_496,Feature_497,Feature_498,Feature_499,Feature_500,Feature_501,Feature_502,Feature_503,Feature_504,Feature_505,Feature_506,Feature_507,Feature_508,Feature_509,Feature_510,Feature_511,Feature_512,Feature_513,Feature_514,Feature_515,Feature_516,Feature_517,Feature_518,Feature_519,Feature_520,Feature_521,Feature_522,Feature_523,Feature_524,Feature_525,Feature_526,Feature_527,Feature_528,Feature_529,Feature_530,Feature_531,Feature_532,Feature_533,Feature_534,Feature_535,Feature_536,Feature_537,Feature_538,Feature_539,Feature_540,Feature_541,Feature_542,Feature_543,Feature_544,Feature_545,Feature_546,Feature_547,Feature_548,Feature_549,Feature_550,Feature_551,Feature_552,Feature_553,Feature_554,Feature_555,Feature_556,Feature_557,Feature_558,Feature_559,Feature_560,Feature_561,Feature_562,Feature_563,Feature_564,Feature_565,Feature_566,Feature_567,Feature_568,Feature_569,Feature_570,Feature_571,Feature_572,Feature_573,Feature_574,Feature_575,Feature_576,Feature_577,Feature_578,Feature_579,Feature_580,Feature_581,Feature_582,Feature_583,Feature_584,Feature_585,Feature_586,Feature_587,Feature_588,Feature_589,Feature_590,Feature_591,Feature_592,Feature_593,Feature_594,Feature_595,Feature_596,Feature_597,Feature_598,Feature_599,Feature_600,Feature_601,Feature_602,Feature_603,Feature_604,Feature_605,Feature_606,Feature_607,Feature_608,Feature_609,Feature_610,Feature_611,Feature_612,Feature_613,Feature_614,Feature_615,Feature_616,Feature_617,Feature_618,Feature_619,Feature_620,Feature_621,Feature_622,Feature_623,Feature_624,Feature_625,Feature_626,Feature_627,Feature_628,Feature_629,Feature_630,Feature_631,Feature_632,Feature_633,Feature_634,Feature_635,Feature_636,Feature_637,Feature_638,Feature_639,Feature_640,Feature_641,Feature_642,Feature_643,Feature_644,Feature_645,Feature_646,Feature_647,Feature_648,Feature_649,Feature_650,Feature_651,Feature_652,Feature_653,Feature_654,Feature_655,Feature_656,Feature_657,Feature_658,Feature_659,Feature_660,Feature_661,Feature_662,Feature_663,Feature_664,Feature_665,Feature_666,Feature_667,Feature_668,Feature_669,Feature_670,Feature_671,Feature_672,Feature_673,Feature_674,Feature_675,Feature_676,Feature_677,Feature_678,Feature_679,Feature_680,Feature_681,Feature_682,Feature_683,Feature_684,Feature_685,Feature_686,Feature_687,Feature_688,Feature_689,Feature_690,Feature_691,Feature_692,Feature_693,Feature_694,Feature_695,Feature_696,Feature_697,Feature_698,Feature_699,Feature_700,Feature_701,Feature_702,Feature_703,Feature_704,Feature_705,Feature_706,Feature_707,Feature_708,Feature_709,Feature_710,Feature_711,Feature_712,Feature_713,Feature_714,Feature_715,Feature_716,Feature_717,Feature_718,Feature_719,Feature_720,Feature_721,Feature_722,Feature_723,Feature_724,Feature_725,Feature_726,Feature_727,Feature_728,Feature_729,Feature_730,Feature_731,Feature_732,Feature_733,Feature_734,Feature_735,Feature_736,Feature_737,Feature_738,Feature_739,Feature_740,Feature_741,Feature_742,Feature_743,Feature_744,Feature_745,Feature_746,Feature_747,Feature_748,Feature_749,Feature_750,Feature_751,Feature_752,Feature_753,Feature_754,Feature_755,Feature_756,Feature_757,Feature_758,Feature_759,Feature_760,Feature_761,Feature_762,Feature_763,Feature_764,Feature_765,Feature_766,Feature_767,Accent
ア,-0.0856139063835144,0.3027404546737671,0.3669186234474182,-0.6814694404602051,0.3297995328903198,0.0454889684915542,0.2218133807182312,-0.7682287693023682,-0.337525725364685,-0.0522257834672927,1.1015594005584717,0.21847964823246,-0.3838752508163452,-0.2123934179544448,0.4367238879203796,-0.2453620135784149,0.151291087269783,0.0339847654104232,0.2916507422924042,0.3077291846275329,-0.0198747999966144,-0.4483415484428406,0.1574766635894775,0.0342278815805912,0.4344768822193146,-0.3807896077632904,0.2596921920776367,0.277812123298645,-0.0901101753115654,-0.418382465839386,-0.5254157781600952,-0.5096697211265564,-0.1325471997261047,-0.6819524168968201,-0.4685939848423004,0.0107640344649553,0.2776504755020141,-0.0930416360497474,0.3177529871463775,-0.6709012985229492,-0.0258810464292764,-0.4022252857685089,-0.5119713544845581,-0.0841182693839073,-0.3940987884998321,0.2902397811412811,0.1680556088685989,0.4933351874351501,0.3307696580886841,-0.0048175216652452,-0.4122669994831085,0.0157610233873128,0.1017496511340141,-0.1696304976940155,0.1771547049283981,0.2155973315238952,0.1425612270832061,-0.2156663239002227,0.4506300985813141,-0.4192211329936981,-0.4732643663883209,0.1266322433948516,0.2424083203077316,-0.0053489748388528,0.2184441089630127,-0.3285507559776306,0.011664749123156,-0.2459060996770858,0.0898685306310653,-0.367957592010498,0.1826595515012741,0.2818451821804046,-0.2510223090648651,-0.5608129501342773,0.7321783900260925,-0.2871097326278686,0.0477445535361766,-0.143804058432579,0.2274472415447235,-0.020731933414936,-0.3133662045001983,0.5591081380844116,0.0929709523916244,-0.5192418098449707,-0.3144702017307281,0.2690961062908172,-0.5870404839515686,-0.6552212834358215,0.2982183992862701,-0.2152017951011657,-0.0642039477825164,-0.1888232678174972,0.524567186832428,0.4599678516387939,0.104787141084671,-0.0882977992296218,-0.0037960440386086,-0.2575737535953522,-0.4024617373943329,-0.1435191631317138,-0.1770374178886413,0.0251689981669187,0.4502564668655395,0.0915600061416626,-0.1645906716585159,-0.1081444174051284,-0.2303445488214492,0.5037304759025574,0.0884097814559936,0.189898282289505,-0.3030393421649933,-0.8202350735664368,-0.7094288468360901,-0.1776950806379318,0.0302248001098632,0.1115284487605094,-0.2761096358299255,0.3878727555274963,-0.357310950756073,0.3065911829471588,-0.04073366522789,0.4781016111373901,-0.2276632040739059,-0.1253330558538437,0.1908073723316192,0.6556953191757202,0.3247171640396118,-0.1454037427902221,-0.1425369828939438,-0.2756772935390472,0.170531690120697,0.150956854224205,-0.4044359624385834,-0.0706731379032135,-0.1817051470279693,0.914120316505432,0.0794043615460395,0.3807477355003357,-0.0916137248277664,-0.5636758208274841,-0.1963259130716323,-0.097884677350521,0.5790955424308777,-0.0075780861079692,0.1149022057652473,0.0790247023105621,0.3837598860263824,-0.0720137953758239,0.4383000433444977,0.4623019695281982,0.1348514109849929,0.8788867592811584,-0.6416813135147095,-0.0762286856770515,-0.2149868011474609,0.0227942802011966,-0.7291058897972107,-0.0222765281796455,0.4027470052242279,0.365028977394104,0.5013270378112793,-0.4399566948413849,0.0837064683437347,0.2441413253545761,0.1861059963703155,0.5454878807067871,-0.1619824469089508,0.2750949263572693,-0.106398619711399,0.7183594107627869,0.0730761960148811,0.3485654592514038,-0.0114014437422156,-0.5475484132766724,0.5888687372207642,0.3476619124412536,-0.0014983146684244,0.4036338925361633,0.6390729546546936,-0.8608365058898926,-0.1630634218454361,-0.0024138942826539,0.5420492887496948,-0.4917925894260406,0.0388116985559463,-0.4088805615901947,0.2654132544994354,0.1941015571355819,0.0586227290332317,-0.1470868438482284,-0.0321618840098381,-0.2781600952148437,0.1543288826942443,-0.0750309005379676,-0.308155745267868,-0.2243717610836029,-0.0064981845207512,-0.1883794665336609,-0.3119659125804901,0.497898519039154,-0.0815924555063247,0.2136083841323852,-0.6059392094612122,-0.7477071285247803,-1.017161846160889,-0.1262583285570144,0.0917839109897613,0.2662659883499145,0.4821018874645233,0.0067471014335751,-0.1680448949337005,0.0056664091534912,-0.2292087525129318,0.5273276567459106,0.554585337638855,0.204365462064743,-0.2589863538742065,-0.7423521876335144,0.38294318318367,-0.531102180480957,-0.2911733984947204,0.1879910826683044,0.6033507585525513,-0.0818633809685707,-0.5234019160270691,0.2946403324604034,0.1698342114686966,0.4869667589664459,0.0103170061483979,-0.121270552277565,-0.082862302660942,-0.8574336171150208,-0.9366674423217772,0.2915417850017547,-0.7288577556610107,-0.6778222322463989,-0.4595890641212463,0.4077232182025909,0.0429260022938251,0.4980226159095764,0.0673874616622924,-0.1362004876136779,0.4045020639896393,-0.0472320355474948,-0.5267682075500488,0.4470455348491668,0.0994912013411521,0.1814153492450714,-0.2907597422599792,0.3204728364944458,-0.3431348204612732,-0.4207225143909454,0.1113549247384071,-0.0382795520126819,0.6311809420585632,0.148698553442955,0.4469347298145294,-0.2690635025501251,0.1970650255680084,-0.2401768118143081,-0.1353106349706649,-0.1485098153352737,0.0754585638642311,-0.0879444628953933,-0.4556084871292114,0.089862510561943,0.2827452719211578,-0.0855266377329826,-0.1343803256750106,-0.4571804702281952,0.2401769161224365,-0.354278564453125,-0.431633859872818,-0.2759344279766083,-0.1666730493307113,0.2099359929561615,-0.4169577956199646,0.378483384847641,-0.2725290060043335,0.4607349336147308,-0.5169234871864319,0.084285207092762,-0.5873465538024902,-0.4674749076366424,0.2966253459453583,0.0025495616719126,-0.4381645619869232,-0.3572318255901336,-0.6641461253166199,0.4181482791900635,0.0939948856830596,-0.1425417959690094,0.0431831516325473,0.0150386923924088,-0.4124026894569397,0.0636208802461624,0.2241096049547195,0.0481088161468505,0.176868051290512,0.2552404701709747,0.5832952857017517,0.1007370799779892,0.5877561569213867,0.0242017712444067,0.0464593023061752,-0.7676129937171936,-0.1248633936047554,0.0771990492939949,0.6010870337486267,0.0247266087681055,-0.2712713778018951,0.9447319507598876,-0.7489818334579468,0.2506592869758606,0.135953664779663,0.4367978274822235,-1.495098114013672,0.0131861278787255,0.5323179364204407,-0.102852925658226,-0.7471565008163452,0.507615327835083,0.3318352401256561,0.0962553545832634,0.3812122046947479,-0.7551214098930359,0.9609646797180176,0.5201231837272644,-0.5961398482322693,0.055946372449398,0.3235549032688141,-0.0374620072543621,0.2710722982883453,-0.3802798390388489,-0.0210356954485178,0.3326102793216705,-0.0191518235951662,-0.3097909092903137,-0.2349867671728134,-0.0641908943653106,-0.3764366805553436,0.343098908662796,0.1995296627283096,-0.375200092792511,-0.4525650441646576,-0.2488757073879242,0.1547404527664184,0.8061370253562927,0.1624395996332168,0.7064308524131775,-0.2729265689849853,-0.1511628478765487,0.3329023122787475,0.1862139850854873,0.200586125254631,0.2554939389228821,-0.3850463926792145,-0.3098820745944977,0.3347499370574951,0.361523687839508,-0.0870125144720077,0.1171239390969276,0.1528488099575042,-0.1038216799497604,-0.1192361637949943,0.2617770731449127,0.5363943576812744,0.0101695992052555,0.7225885987281799,0.2978831827640533,0.6406195163726807,0.0519015379250049,0.2849850058555603,-0.131650686264038,0.3701099157333374,-0.0969279333949089,0.1586082428693771,0.2921102046966553,-0.5577245354652405,0.2546379268169403,-0.6377057433128357,-0.3063184916973114,0.0936555936932563,-0.4703540205955505,0.0321178324520587,-0.7390668988227844,-0.5060668587684631,0.2078623622655868,-0.2981998920440674,-0.6957095861434937,0.0993551909923553,0.2616294622421264,0.2987187206745147,-0.4003962576389313,-0.2963419556617737,0.1060797646641731,-0.0992017313838005,0.2736355066299438,0.5419669151306152,0.3739855587482452,-0.4211066961288452,0.0448349602520465,-0.5181245803833008,0.0826670452952385,-0.6936141848564148,-0.2677217423915863,-0.383261501789093,0.2166045606136322,0.1889267563819885,0.2173978835344314,0.3023224771022796,-0.0229302309453487,0.0330198034644126,0.2850047647953033,-0.2990836501121521,-0.281243085861206,-0.5148267149925232,-0.0175399519503116,0.0418958887457847,0.4428507089614868,0.1682018488645553,0.5866345167160034,-0.1339980065822601,-0.2395052313804626,-0.0600530207157135,-0.1720217168331146,-0.2590292990207672,-0.4191882014274597,0.5925400257110596,-0.499119222164154,0.1709434390068054,-0.3449665307998657,-0.187651976943016,0.7561108469963074,0.0184494275599718,-0.0132108628749847,-0.059505246579647,0.3456156253814697,-0.3011727035045624,0.6628479957580566,0.3642479181289673,0.6270030736923218,0.1451016515493393,0.4626243114471435,-0.1140733361244201,-0.3321375250816345,0.3589320480823517,0.1941020041704177,0.0849796682596206,-0.3432146310806274,0.4538672864437103,0.3895861506462097,0.0667229741811752,0.1206237524747848,-0.2706039845943451,0.2271634489297866,0.1138120144605636,0.1516936123371124,0.4108890891075134,0.1357777267694473,0.0202523935586214,0.2243836969137191,-0.3030886650085449,0.0355454385280609,-0.1587322354316711,-0.5160024166107178,0.377168595790863,0.1297372281551361,0.7772848606109619,-0.0366578288376331,-0.261188268661499,-0.1236316189169883,-0.5132138729095459,0.1705398112535476,0.0174008160829544,0.3707364201545715,0.4563246667385101,0.1628561466932296,-0.1116420328617096,0.0956767052412033,-0.0192905161529779,0.3449758291244507,0.4003334045410156,-0.6949408054351807,-0.2756004333496094,0.2021989971399307,0.1372125744819641,-0.213618129491806,0.3501915037631988,0.4667990803718567,0.0365966372191906,-0.6706831455230713,-0.0283549297600984,0.2135851383209228,-0.190956562757492,-0.0238711647689342,0.5539764165878296,0.0950358137488365,-0.405080497264862,-0.4016071259975433,-0.1804321706295013,-0.4135344922542572,0.0312788821756839,-0.7740210294723511,-0.1334511786699295,-0.1441936492919922,-0.1230553463101387,0.4897973239421844,0.6757205724716187,-0.2647826075553894,-0.1075671389698982,0.3639577627182007,0.1243473663926124,-0.3407701849937439,-0.2133015990257263,0.2421049922704696,0.1120901480317115,-0.0788217633962631,0.7013234496116638,0.0939735770225524,0.0872932374477386,-0.2220110744237899,-0.8722997903823853,-0.014730448834598,-0.3312730193138122,-0.6715047955513,0.3998863995075226,0.4080919027328491,-0.0314026027917861,-0.3807874619960785,0.3784060776233673,-0.2508357465267181,-0.0321762450039386,0.1282819062471389,0.2927811741828918,-0.1931432634592056,-0.6320376992225647,0.4118500649929046,-0.5573554039001465,-0.3576346039772033,0.5555919408798218,-0.0108105493709445,-0.5605550408363342,-0.3962640464305877,0.851229190826416,-0.2707313895225525,-0.6966133117675781,0.0828655660152435,-0.3445452451705932,0.4075336158275604,0.2907710373401642,0.2497482150793075,0.022274138405919,0.1677732020616531,-0.413716971874237,0.0447412133216857,0.4016182124614715,0.4781183004379272,0.4185684621334076,0.2431076169013977,-0.2999022305011749,-0.538670003414154,-0.3861302733421325,0.4347203969955444,0.4657771587371826,0.4297874867916107,-0.1842806935310363,0.6433473825454712,0.2819212675094604,-0.5115679502487183,-0.0157107375562191,0.9061012864112854,0.3945044577121734,0.4955160915851593,-0.270964503288269,-0.2355446815490722,-0.677909255027771,-0.207214742898941,0.0564181804656982,0.2725779414176941,-0.0311586055904626,0.1176105588674545,0.1472197324037552,-0.4705656170845032,-0.0960212871432304,0.0489034317433834,-0.1840121895074844,-0.1390171200037002,0.2962432503700256,-0.2824493050575256,0.2175894975662231,0.0727496445178985,-0.3005633950233459,-0.0962504372000694,-0.0384004265069961,0.1655012667179107,0.609464168548584,0.0690211355686187,0.0684956908226013,0.0257181767374277,-1.0587345361709597,0.150069385766983,-0.2817899584770202,0.1275911182165146,0.5404627919197083,-0.519490122795105,-0.4473960995674133,0.328666627407074,0.4846559166908264,0.2469245195388794,-0.2345707416534423,-0.9530141353607178,0.2122749388217926,-0.0079317297786474,-0.214523583650589,-0.1398910731077194,-0.1838672757148742,0.2315277159214019,0.0112296110019087,-0.3765881061553955,-0.0346077308058738,0.5069069862365723,0.1984091401100158,-0.0176820587366819,0.080408751964569,0.0829249992966651,0.1034894734621048,0.1476490348577499,0.005312358494848,-0.3207653760910034,0.1423270553350448,0.0827370509505271,-0.4855303466320038,0.1020215451717376,0.0394010730087757,0.1468502134084701,0.0044049210846424,0.0008566012256778,-0.101568266749382,-0.4670957028865814,0.2221581041812896,0.219469204545021,-0.6907543540000916,-0.3250841796398163,0.1754711866378784,0.2456356734037399,-0.2818418741226196,-0.1994318962097168,-0.295501708984375,-0.3789374232292175,0.0264950059354305,0.4407698214054107,-0.2681363523006439,-0.6744655966758728,0.1905244588851928,0.2442562580108642,-0.3992340862751007,-1.166637897491455,0.1879546195268631,0.1051671355962753,0.5228317975997925,-0.1778111606836319,0.2212239801883697,-0.0271224975585937,0.0788793116807937,-0.3335884511470794,-0.263842225074768,0.319792091846466,-10.34687614440918,-0.2445392608642578,-0.2152682244777679,-0.7266621589660645,-0.3729481399059295,0.7426549196243286,1.0151541233062744,0.1852973997592926,0.1042854934930801,0.449742704629898,-0.6860103607177734,-0.1766230463981628,0.5951161980628967,0.4106066226959228,-0.2663106620311737,-0.1016802638769149,-0.0034668704029172,-0.6642150282859802,0.1795505881309509,0.0461170300841331,-0.1884900033473968,-0.0931667685508728,1.0089739561080933,0.1814356446266174,0.3416405618190765,-0.6264241337776184,-0.2708079218864441,0.0426549650728702,-0.210851788520813,0.6428093910217285,-0.3691954910755157,0.3577160835266113,0.1492209732532501,0.3231947720050812,-0.3287265300750732,-0.556796133518219,0.1716228127479553,0.5961347222328186,-0.3429210782051086,0.4705701172351837,0.297382116317749,0.4094527065753937,0.4124684333801269,-0.1971236616373062,0.3920187354087829,0.7915369868278503,0.2637537121772766,-0.0732133835554122,0.67416912317276,0.0325515978038311,0.0336727239191532,-0.3718256652355194,0.180881842970848,-0.263271689414978,-0.1677557080984115,-0.2328212261199951,0.8392091393470764,-0.6221082210540771,0.0651988238096237,-0.1922184824943542,0.4242686033248901,0.0085694994777441,1.3570562601089478,0.3057126998901367,-0.6723946928977966,0.0006032192613929,0.2600163221359253,0.2273668944835662,-0.6508893370628357,-0.2392389625310897,0.7525110244750977,-0.2999769449234009,0.0702338963747024,0.1679355651140213,-0.1011397689580917,0.2991359531879425,-0.4403969645500183,-0.2157640010118484,0.1890100389719009,0.0547618605196476,0.5515835881233215,0.2271581292152404,-0.1571376472711563,0.2889893352985382,-1.0425916910171509,-0.1088059842586517,0.5490337014198303,-0.0528628528118133,0.7630087733268738,-0.4418177008628845,0.4529827833175659,0.1560997813940048,-0.1359632760286331,0.0400149263441562,0.2365844845771789,0.1646502763032913,0.7445671558380127,0.0771074891090393,0.3301374018192291,-0.1209603250026702,-0.45999655,-0.52820027,0.8721919,0.642152,-0.73307043,-0.8680847,-1.5329183,1.1225556,0.910273,0.14764023,1.4700867,0.2292211,-1.4082121,2.09387,-0.28973857,0.34647107,-0.016883591,-0.4645039,1.191346,-0.19573314,0.6755426,0.49826872,1.317321,-0.35915706,0.47476313,0.49943256,0.76905173,0.47298864,-0.983946,-1.007742,0.1343413,-0.43811294,-1.0153701,-0.23457585,0.16111286,-1.1106287,-1.9204359,1.3722591,-0.43389127,-0.9364307,-0.9314181,0.5689431,0.43285373,-0.21644859,-0.13292237,0.6113873,1.6223384,-0.4922944,0.5309891,-0.11252575,-0.4723257,-0.65236574,0.8479846,0.61440176,0.31403092,-0.03907609,0.9326925,0.34373948,0.029016132,-0.45680496,0.71760345,0.7904401,-1.249487,-0.60504574,1.0423518,1.247086,0.12560755,0.03871082,0.33771122,-0.027377525,-2.8748581,-1.2736287,0.45902595,1.4061551,-0.9212622,0.5761919,0.71527976,-0.35253417,0.190607,-0.15346433,-0.22006385,-0.15584922,-1.0073109,1.0563724,-0.3176962,-0.60293776,-0.5047185,-0.23867446,-1.1554657,-0.17081273,0.12837066,-1.5917263,-1.0973544,-1.643165,0.43224755,-0.4400053,-1.1379042,-1.0853698,-0.9270551,-0.18885559,0.0657338,1.0217985,-0.26179007,-0.30711633,-0.9599114,-0.53682905,-0.24285929,-1.0139632,-0.5367977,1.1459273,0.13250667,0.23799181,0.7560088,1.2195736,0.2690042,1.1327794,-0.785439,-0.18628542,-0.8970027,0.5869877,1.2937317,0.31286675,-0.8173149,0.40315747,0.588697,1.2005466,0.01827412,-0.61792606,0.6510002,0.36867547,0.388697,-0.5454591,1.7217541,0.45104337,-0.5910528,-0.0028941233,-0.95462877,0.26310062,0.1330852,-0.8973834,-0.6215977,0.15200181,-0.07471213,0.105259776,0.5785665,-0.6882081,-0.12685566,0.69109887,1.9774605,-0.07578579,0.12204691,-0.23047255,-1.0746369,0.13273601,0.8029273,-0.6331365,-0.061967563,0.112245955,-0.9271603,1.1478381,-0.5080875,1.6151372,-1.1424171,0.73188597,0.21060888,0.5965474,-0.96704537,1.067743,-0.38995528,-2.0728118,0.47562465,-0.29794168,0.18706852,-0.6856461,0.68088216,0.2474841,0.8519314,0.433525,-0.96565133,-0.26865333,-0.10164852,1.2076007,0.8973317,1.1063749,-0.46218073,0.9327779,0.6753151,0.19442034,0.6856745,0.656338,0.47945789,-0.27773634,1.0122396,1.1025318,1.6117359,3.2982807,1.090817,-1.4543828,-1.1497865,1.0418918,-2.145287,-0.7728843,1.1514975,-0.97772425,1.3740689,-1.149779,-0.7463307,1.9379492,-0.12240142,-0.42688203,-1.5016092,-1.0702994,0.30751777,1.2900339,-0.626064,-0.34290537,-0.8327083,0.6951819,-0.04762891,-0.016157055,0.76724297,0.30887768,0.53265506,1.3573993,-0.9909552,0.9497664,-0.124735266,0.50733554,0.71239144,0.57565117,-1.2854186,0.5043164,0.75469226,-0.3477811,-0.32722083,0.14118208,-0.9981203,0.64966226,-0.31044516,0.34021077,0.42888495,-0.12463948,0.15930147,-0.006240343,0.6408792,0.96970415,1.9533504,0.35525164,-1.9036433,-0.5985741,0.50165105,0.7590292,0.19733,0.035810508,0.6976029,0.46871462,-0.42098984,-0.6470455,-0.086666465,-0.9167885,-0.06786762,0.8571913,-0.1762013,0.29868722,0.55657613,-0.25353152,-0.92525727,0.6909349,0.047479052,-0.65886295,-1.5430456,-0.8602905,-0.6526957,0.32204184,0.47364092,-0.038899254,-0.46565783,-0.76935107,-0.07166854,-0.1087446,0.62233794,-1.5344771,-0.5578454,-0.44193533,-1.2207543,0.5743539,-0.47142747,0.15451325,0.7880681,0.7551479,-1.2723464,2.0422933,-0.2289309,0.4090927,1.1339811,0.58857495,0.86296535,-0.22622944,0.09861008,-0.6388529,-0.04198468,0.41998044,-1.9996147,0.6244684,-0.69552404,-1.1074951,0.29412988,-0.5895665,-0.977537,0.14186479,0.54866785,-0.03156674,-0.9882099,1.9266855,-1.5555243,1.6323568,-1.3259686,-0.2644602,-0.9998028,-1.0444566,-0.7425248,0.8311197,0.14813673,0.055359762,1.2515365,0.08879495,0.5426874,0.2592431,0.41097927,0.81531173,-0.6663508,0.15476544,-0.29066715,-1.7119823,0.09175105,0.23020028,-0.8617101,-0.7717223,-0.90206915,-0.5462899,0.60380423,0.28008926,-0.3405743,1.0450853,0.30774483,0.47155014,-0.45240152,-0.2201034,-0.370047,-0.23886727,1.5046495,-0.44449803,1.022282,-1.1010495,0.19504476,0.28929472,-2.4675674,-0.013244261,-0.1579958,2.3748443,0.7101163,0.2970339,0.08766896,0.51062375,0.04100156,-0.42401394,0.60091215,0.52066714,1.9078265,0.24581386,-0.5010802,1.0078651,0.76330596,0.1590396,-0.18614846,-0.38670048,2.3888528,0.33731756,-1.1261193,-0.4563563,-0.39511517,0.5410848,0.0053244135,0.40648583,-0.068037905,0.39320883,0.86146325,0.87335277,-0.96726924,-1.0587555,-0.915623,0.55032957,1.3108107,1.2043141,1.2421012,0.34632066,-0.57758206,-2.1027665,-0.52325064,1.2515918,0.27873096,0.39394525,-1.7618877,-0.45471016,0.23558237,0.10294742,-1.3413954,-0.9989721,1.3639679,0.39734456,-0.30322888,1.7562069,-0.30702057,-1.2594463,-0.17435391,0.2861407,0.12634473,-1.4017521,-0.34006652,0.5539656,-0.7101664,0.6845164,0.91772103,0.30222413,-0.022690883,-0.41990498,0.1789233,-0.25623688,-0.7505246,-0.8472808,0.53723,0.33187422,-0.15459947,-0.79416007,0.7229006,-2.2938938,1.2425212,-0.5919257,-0.7040679,-0.5119294,-0.24877138,-0.5592216,-0.31198823,-0.0807003,-1.043691,-0.84998703,-0.1573685,-1.1967888,-1.8376611,0.9535076,1.6482826,-1.8894142,0.6557757,-0.012946765,0.34499037,0.6655807,-0.16006719,-0.2791876,0.49259746,-1.0212742,-0.57542795,0.05841577,-0.78718406,-0.04491203,0.80652237,-1.0456094,-1.0289699,1.1429616,0.46648026,-1.5248913,-0.16514394,-0.35936233,-0.2139095,0.3515875,0.71320915,-0.35615,0.35756373,-1.1386193,-0.16533293,-0.43480584,-0.0053838887,0.0013391128,0.24545844,0.8203829,0.380118,0.066494785,1.1868824,0.11978281,1.1843623,0.42342496,0.7240558,-0.9286127,0.1749714,-0.59792227,-0.5206711,0.7641437,-2.4041436,-0.83416015,1.5317532,-0.1475857,-1.1303209,-0.5359209,0.06351486,-0.5097754,-0.24716991,0.019599458,1.1460824,1.0557184,0.64532703,1.685146,-0.6611579,-0.88497025,-1.1088437,-0.07302458,-1.6788119,-0.7694983,0.49124315,0.87587047,2.116062,-0.815185,0.37130582,1.1760501,-1.2595078,-0.9746571,0.9768495,0.29988936,-0.24019581,-0.34904268,0.25236294,-1.0473242,0.042910278,-1.9094715,-0.21170269,0.47544512,0.92834854,-0.21957232,0.171851,0.9993159,0.35027984,-1.3819846,0.13561615,1.1120939,1.5437417,-0.4973527,-1.3176214,0.32542178,-0.633856,-2.3001688,0.22900848,-1.0962043,-0.05948001,-0.03111528,-1.0347618,-0.54713064,-1.0802554,-0.5220565,1.7168888,0.10377852,-0.25838485,-0.032478254,-0.9927006,1.1936239,-0.7235274,-0.5866049,1.0178429,1.0147285,-1.0248829,-0.10389731,-1.6810824,0.19804585,-0.27194783,0.4450649,1.1908666,0.80966717,-0.39600015,0.81081563,-0.76917285,-0.14374721,-0.35353315,0.70258087,0.18326809,0.98642325,-2.2100785,0.9175263,-1.4783993,-0.58210963,-0.10713484,0.15345545,-0.13742438,-0.10362858,-0.13794243,0.5640628,0.08457112,-0.88960856,0.91524297,1.3185979,-0.2167591,-0.7512209,0.63276654,0.0100687845,-0.40583888,-0.36650696,2.6381285,0.8569004,1.4103006,-0.7014303,-0.7096553,0.20402221,0.020903626,-0.6972453,-0.6813765,-0.5172527,0.1171244,0.23064385,-0.27513528,1.3686587,-0.7448246,0.09825284,0.5619834,-1.4619884,0.013463582,-0.0025420983,-0.38559368,-1.3211716,-1.1134652,0.8343957,0.9338986,-0.45048836,0.31691805,1.2832227,1.3714362,0.19946952,-0.49920586,-0.60631776,0.53929347,0.77447844,0.48808858,-0.6316162,-1.2132826,1.0974556,0.8217532,-1.1964883,0.7716988,0.120319165,-0.20591444,-1.6851759,0.9515305,0.43961775,0.22364147,1.1258177,-0.13190284,-0.07415267,0.38542616,-0.048138667,0.486727,-0.11556426,-0.54648995,0.21521376,-0.7272849,-0.35396075,-0.142653,-0.81166345,0.009205222,0.4379271,0.8924578,-0.96405524,0.2308547,-0.1434689,0.3801303,0.68231505,-0.035607886,-1.0013307,-0.7411769,-0.576771,0.834788,1.1288267,-0.35402521,-1.624926,0.16928272,1.1234112,0.50939983,-0.2336449,0.81985515,0.74407774,-0.7366619,-0.13879032,-0.8154529,-0.13825117,0.34997034,1.1873145,-1.0051328,0.9761235,-1.5574385,0.864594,0.19356681,-0.91652775,-0.3061162,-0.73692495,-0.1093916,2.2498856,1.0174681,-0.038692802,-0.42983803,0.62217486,1.2845817,0.10175041,-0.38228908,-1.3828748,0.8755433,1.7837068,0.5961562,-1.5958077,-0.43580964,-0.18142186,0.027993226,1.3181459,-0.6544861,-1.0241885,-0.83989406,0.15201603,-0.701602,-0.44723192,-0.0377569,0.1415852,-1.4339441,-0.6652649,-0.6795456,-0.88088244,0.40025374,-0.1078318,-0.19005997,0.2255305,1.067187,0.5941651,1.0417887,0.08099582,-0.7009008,-0.2980158,-0.66654545,-1.6048161,0.4033927,-0.73219204,1.0429075,-0.0053863376,1.262967,1.6708034,0.39658555,-0.987601,-0.2110316,-0.02674283,0.7602852,0.01674662,-0.77982086,-0.014682843,-0.16895549,0.7628164,0.75078505,-1.1396531,-0.03608523,-0.04378139,-0.07024487,-0.2146974,0.086849235,0.0061861374,-0.061289866,1.8288189,0.23810154,0.08932865,-0.5194939,-0.7554521,0.46866044,1.0324521,-0.16039793,-0.11841915,-1.0093884,0.62482566,0.57172894,-0.60875267,0.6678116,0.38601425,-1.5821114,2.8091736,-1.2333622,0.019690609,0.93272614,-0.9928565,0.6527206,-0.5514807,0.4984609,0.67560214,0.51996857,-0.9254442,0.6504826,0.4882191,0.41674152,-0.51902366,-0.4917458,-0.7002017,-0.22474141,-0.41666445,-0.351879,-0.40979382,0.5824637,-1.2076756,-0.8533791,1.0566064,-0.01223893,-0.5787606,-0.9202738,1.0200714,-0.11492688,-0.4819409,-0.3185966,-0.1351264,1.639978,-0.96360373,1.14562,-0.81883526,-0.43922114,-0.2870637,0.41449007,0.36988625,0.4302969,0.061879516,1.0504884,0.91729146,0.33049563,-0.4633597,0.21796651,1.0122604,-0.9607983,-0.19443609,0.45796332,0.994963,0.19084428,-0.8872035,-0.3317486,-0.529935,-2.3722029,-1.0045592,-0.21793406,1.5876813,-1.2019948,1.2877462,0.34267172,-0.09553302,0.2624642,0.06497686,0.4608369,0.02944982,-0.73213106,1.0756496,-0.542217,-1.1967977,-0.28006893,-0.47249365,-1.3746858,-0.39541313,0.19803053,-1.5505959,-1.035015,-1.4835358,1.1494447,0.34606433,-0.93122166,-0.5240598,-1.6025081,0.4224242,-0.033324093,1.2922754,-0.1688308,-0.35981783,-1.16489,-0.09118394,-0.58580637,-0.73291826,-0.93149614,0.97498995,-0.5303609,0.4355007,0.9673968,1.1222626,1.0830016,0.93314004,-1.3150909,-0.5046646,-0.51247865,0.30789915,0.8048978,0.22588561,-0.4992648,0.8275841,0.07617476,1.079368,0.3093587,-0.98430896,0.4778043,-0.23725803,0.9933292,0.09382742,2.1018322,1.0230583,-0.78107625,-0.9765022,-0.25448605,0.5605003,0.43648025,-0.95726866,-0.4344035,0.29762885,0.2970168,-0.1420335,-0.4680898,-1.5154732,0.6607081,0.6218496,1.8609535,0.22503662,-0.1284188,-0.23225488,-0.83544,0.30555198,0.9435604,0.44110227,0.049396146,0.2327676,-1.8816358,1.9589003,0.38367352,1.4730653,-1.0481573,0.53054,-0.026309187,0.66615254,-0.5834791,0.31064758,-1.0444793,-1.9007732,-0.39940158,0.058485206,0.46248618,-0.083045684,0.7776093,-0.12606308,0.5369691,0.25058642,-0.868088,-0.26312467,0.54908186,1.0632414,-0.06212896,1.5299969,-0.6938584,0.34535328,0.76486033,0.4860911,0.68955064,0.16729651,0.7125323,-0.8225283,1.3893083,0.8664797,1.3011492,2.4633186,0.7514486,-2.0150568,-1.2964337,0.8552522,-2.20496,-0.39330778,0.51479405,-0.87983674,1.2746764,-0.8675981,-0.85598904,1.56006,0.55406356,0.26566103,-1.4077625,-1.3621687,0.7202477,0.5587192,-0.6702345,-0.046705548,-0.28582728,0.36550725,-0.37374726,-0.38592753,0.5918793,0.565686,0.73840123,1.3559386,-0.76624537,0.2016431,0.537473,0.2872043,0.058585975,0.58731604,-1.1033943,0.22687824,0.7920008,-0.16568218,-0.6911383,0.012387921,-0.5682244,0.75097054,-0.86477953,0.24202599,0.112159334,-0.35713312,0.087658085,-0.11172906,0.87665963,0.7646651,1.7715646,0.3204704,-1.814773,0.053446442,0.11028218,0.9046249,0.6394729,-0.027208796,0.6525603,1.3795105,-0.615797,0.15922083,0.0340934,-0.5702848,-0.14883979,0.5475346,-0.32291594,0.3228579,0.436715,-0.98681664,-0.83393145,-0.32563928,0.46958447,-0.24681132,-0.82050186,-0.9085936,-1.4153423,0.013255928,0.33475173,0.1659788,-1.2392696,-0.7934942,-1.3124226,0.8256951,0.73479646,-1.231512,-0.33051467,0.048187423,-0.21785921,0.8670633,0.039883677,0.45258784,0.39085746,0.13082819,-1.288057,1.2549778,-0.27625418,0.70535684,1.4072677,-0.08139423,1.0630196,-0.4515326,0.59540147,-0.9760659,0.89687854,0.5248944,-1.40591,0.8020541,-0.21992154,-0.4597968,0.5320771,-1.3356758,-0.5861054,-0.9394467,0.027021887,-0.06934249,-1.4231013,1.63686,-1.2643708,1.4416882,-0.8734774,-0.5985233,-0.89532906,-0.34553978,-1.1949942,0.735693,-0.018273452,0.027984282,1.036611,0.04528453,-0.27054164,0.40140143,0.5498235,1.1483449,-0.10225845,0.35186324,-0.4950087,-1.0891209,0.4061037,0.8888337,-1.3264775,-1.281037,-1.6582826,-0.6456332,0.8042571,-0.98813176,-0.47649637,0.94706225,-0.34808838,0.7599049,-1.2587247,-0.24966048,0.47663435,-0.3750535,1.8577604,-0.38500178,1.8483691,-0.9706716,-0.71134394,0.39189386,-1.6972698,-0.42148367,-0.13079722,1.9174627,0.83357877,0.9835341,0.65306616,0.7912591,-0.547338,-0.36576548,1.2981458,0.4085058,1.7212662,0.18551178,-0.5298011,1.3784977,-0.14603542,0.5694398,-0.19933678,-0.63614804,1.820867,-0.32234713,-0.36023512,0.179635,0.14105743,0.22837321,0.5287245,0.009534459,0.5996843,-0.043216527,0.54111147,0.3547571,-0.7184381,-0.8377426,-0.6019845,0.4681474,1.0151416,1.3987131,1.6313249,0.046993066,-0.61985594,-1.8606974,-0.122977264,1.1889362,0.51286966,0.19775748,-1.5283817,0.6732462,0.19312344,-0.14291385,-0.7121441,-1.3632118,1.5607771,0.30114508,0.3735088,1.6214379,-0.9754694,-1.5410337,-0.32860956,0.6990759,-0.4067333,-1.1616461,-0.736373,0.52497584,-0.8464672,1.5864829,0.63825554,0.29426357,-0.08152209,0.10803651,1.0075989,0.1419286,-0.45725718,-0.5100868,0.38808027,0.5329722,-1.4226866,-0.15618844,-0.1167933,-2.059613,0.45860633,-0.11514006,-0.538922,0.25842527,-0.85409397,-0.9105659,-0.5183057,-0.31652036,-0.6664453,-1.1363608,0.55160433,-1.5749931,-1.2052495,1.5740633,1.3709754,-0.890539,0.8213119,0.45746326,-0.056403365,0.55086833,-0.37005964,-0.64780265,0.29266366,-0.73045325,-0.13379249,-0.16043423,-1.315137,-0.31785986,0.31465185,-1.8340355,-0.74203557,1.3053442,0.83707976,-1.4882511,-0.3962007,-0.017274797,-0.9778195,1.0136919,0.8810323,-0.1299176,0.32600185,-0.49920082,-0.284932,-0.24497998,0.8982064,0.0051512904,-0.12975936,1.2718428,-0.3098673,-0.0029723942,1.6554389,0.38909844,1.0622578,0.9603143,0.055085987,-0.81889945,0.6038453,0.19450249,-0.20925288,0.46051803,-1.508296,-0.746425,1.4561619,-0.42446318,-0.73387194,-0.018451069,0.9311221,-0.64606774,-0.079081245,0.11854038,0.36129573,1.2285115,0.6616613,1.4640969,-0.022529066,-0.58992296,-0.5402005,0.069826916,-1.4290947,-1.1825885,-0.043508053,0.5832387,2.2659333,-0.1828223,0.16247125,0.50932246,-1.1665227,-1.1852473,0.32904735,0.2911278,-0.7995896,-1.0342847,0.25099418,-1.7267866,0.121188305,-2.2681456,-0.5509715,0.3396927,0.4592493,-0.85678095,-0.10121274,0.3404956,0.19575387,-0.92071027,0.23894279,0.7384072,1.0890617,-0.017344665,-0.7557556,0.24326539,-0.7914081,-1.3606414,-0.39219442,-0.7660758,-0.8603584,-0.32026827,0.11463988,0.1663431,-0.7200915,-0.45061603,1.3729734,-0.3117884,-0.66275597,0.42297506,-0.76734614,0.9838521,-0.3348001,-0.6489306,1.6217715,0.56279206,-1.5248691,0.26535872,-1.3453234,0.86805224,-0.806808,0.014773652,1.2442526,0.7310378,-0.373317,0.78028435,-0.6636161,-0.3351635,-0.0184789,0.7586775,-0.197336,0.38325465,-2.141531,0.9689794,-1.7746831,-1.0096387,-0.21272273,0.7833286,-0.36382666,-0.017783588,-0.39341852,0.95465547,0.5299483,-0.6439819,1.353961,1.8564452,-0.64582586,-0.63742346,0.593839,0.72490287,-0.68952316,0.32259467,2.5109262,0.80655193,0.72093916,-1.3939186,-0.51131564,0.32330158,-0.972899,-0.3565835,-0.15228418,-0.4891378,0.26892927,0.2964568,-0.6180439,1.043484,-0.6086443,0.55183405,0.8017664,-0.2609419,-0.4424754,0.43074337,-0.21708626,-1.4598445,-1.4342285,0.171302,0.8960255,-0.6609487,0.36929476,0.49983537,0.96496844,0.78751284,0.23331839,-0.49381557,0.6391005,1.077218,0.5296959,-1.011615,-1.3686792,0.19000204,1.1646014,-0.80741435,0.50923795,-0.03823221,-0.48802128,-1.7499834,1.1458904,0.90710074,0.42190006,1.1496605,0.2882368,0.35267115,0.59319365,-0.39146367,0.30849183,-0.26985034,-0.30992594,-0.46958128,-0.47566462,-0.6847975,0.652414,-0.7218215,0.4740692,-0.16096778,0.7541571,-1.6167725,0.44712654,-0.2697582,0.5518848,0.5226836,0.07540124,-0.9056335,-0.18402843,-0.88693666,1.914601,1.0968411,-0.12252299,-1.4727893,0.23057078,1.1950729,0.09132177,-0.5963508,0.6320293,-0.12648739,-0.9676911,-0.3103794,-1.1280395,-0.6758409,0.16033238,0.3546498,-0.84374475,0.812949,-1.7201651,0.550468,0.030819163,-1.3016764,-0.38012776,-0.010598804,-1.123241,2.009325,1.1321424,-0.2848679,0.1406087,0.9024566,1.1308744,-0.19272737,-0.5388281,-1.6717321,0.60641676,1.15218,0.6651065,-1.4814075,0.07622061,0.1736141,-0.7241292,1.2779965,-0.07532179,-0.31422186,-1.0663483,-0.2827905,-0.82417107,-0.12032945,-0.81329733,0.016689956,-1.395544,0.12993643,-0.17846487,-0.57786435,0.7781469,-0.8338649,-0.24002655,-0.22996084,0.82480174,0.12578437,1.204761,0.4126518,-0.46441066,0.025552496,-0.8305848,-0.4487002,1.2793833,-0.802959,0.20110841,0.4306089,1.1201731,1.907993,0.21282609,-0.6702351,0.3616079,-0.6486297,0.25601283,0.3108479,-1.3109539,-0.62919056,-0.038456876,0.34164238,0.4104236,-1.139276,-0.44149068,-0.0111345155,0.6680104,0.26924804,0.38925555,0.3955283,0.3645922,1.6970663,0.9091227,-0.03140083,0.0
ラ,0.2532706260681152,0.0987377539277076,0.695462167263031,-0.788378119468689,0.2845889627933502,0.2739372551441192,0.5229560732841492,0.0308304708451032,0.329807847738266,-0.0047568748705089,0.8151411414146423,-0.5771900415420532,-0.3108467757701874,0.0118641965091228,0.8121463656425476,-0.0799373686313629,0.0662725940346717,-0.3579889833927154,0.2810685336589813,-0.4047544002532959,-0.898082971572876,-0.4622021019458771,-0.1811175048351287,0.4407342970371246,0.0405904427170753,-0.3358346819877624,-0.2216216474771499,0.1015611737966537,-0.0268296990543603,-0.1423835605382919,-0.1249073669314384,-0.0003216134209651,-0.1280248165130615,0.2588240802288055,-0.2769311964511871,0.4170865416526794,-0.1586385071277618,-0.3565927147865295,0.3772844076156616,-0.0922773405909538,0.066784419119358,-0.1347412019968032,-0.5744683146476746,-0.1443625092506408,-0.4192698895931244,0.1109077781438827,0.1844979077577591,-0.0178516265004873,0.0975063443183898,-0.0561684519052505,-0.0695068016648292,0.2375513613224029,0.3325744867324829,0.0622163414955139,0.5577507019042969,-0.2280598431825637,0.6069426536560059,-0.5550383925437927,0.1489911675453186,0.2966927886009216,-0.2745700776576996,-0.4716651439666748,-0.0222448799759149,-0.0160193610936403,0.0210027657449245,0.1788352280855178,-0.2300526797771453,-0.2054558545351028,0.062745377421379,-0.7878321409225464,-0.0567941181361675,-0.4089924693107605,0.1188134476542472,-0.5437332391738892,0.6642235517501831,-0.6891169548034668,0.0436958484351635,0.3674329221248626,0.351985365152359,0.0289693027734756,0.0356173738837242,0.5893229246139526,-0.0582076497375965,-0.7171617150306702,0.3383505344390869,0.4423727989196777,-0.6668835878372192,-0.7380755543708801,0.5011488795280457,-0.1539530903100967,-0.0566951856017112,0.245523989200592,0.3910331726074219,0.2632933259010315,0.1935956329107284,-0.0808111652731895,0.1623323112726211,0.0795813649892807,-0.1746549308300018,0.2877536714076996,-0.0189735908061265,0.1992611438035965,0.5635280609130859,-0.3354761302471161,-0.2567151486873626,0.2298184782266616,0.0276396125555038,0.2482610791921615,0.0117512764409184,-0.0018338343361392,-0.2761610448360443,-0.5926923155784607,-0.7283720970153809,-0.2936768233776092,0.2310864180326461,-0.1952164322137832,-0.3658513724803924,0.7645565867424011,-0.5874225497245789,0.5376728773117065,-0.1070760637521743,0.1925259381532669,-0.0016020741313695,-0.6449110507965088,-0.0439450852572917,0.3632254898548126,0.0686226487159729,0.0415229722857475,-0.5548744797706604,-0.1741340905427932,-0.3752830028533935,-0.2127263993024826,-0.0316730551421642,-0.0864915996789932,-0.373455137014389,1.1571969985961914,-0.097740963101387,-0.0951070711016655,-0.2000003159046173,-0.6002620458602905,-0.2613614797592163,0.1089162975549697,0.0531519390642643,-0.3723576366901397,-0.1141867041587829,0.0115593979135155,-0.3976087868213653,-0.4829869568347931,0.1370451897382736,0.5222105979919434,-0.2626397907733917,0.57652747631073,-0.6167981028556824,0.1627831906080246,0.7411280274391174,0.2015890032052993,-0.6246767640113831,-0.0569022260606288,-0.0529121756553649,0.0288467202335596,0.3883481025695801,-0.0622968822717666,0.4679118394851684,0.6140761375427246,0.1569973081350326,0.310498833656311,0.5609771013259888,0.2981100678443908,-0.0072326641529798,0.7158469557762146,0.5763144493103027,0.43195840716362,0.115408144891262,0.0740832239389419,0.0743823423981666,0.0270756967365741,0.4962116479873657,0.2338863313198089,0.0778639242053031,-0.8886308670043945,-0.2126546800136566,-0.1301453709602356,0.0364229902625083,-0.7401298880577087,0.2935038805007934,0.022360797971487,0.086565151810646,-0.0575080290436744,-0.2426249384880066,-0.3027923107147217,0.1581906527280807,-0.5247434973716736,0.0502157770097255,-0.1854927092790603,-0.1930140554904937,-0.3623448312282562,0.0948902890086174,-0.1174862757325172,-0.9546682834625244,0.6524492502212524,0.1671255379915237,0.2455084770917892,-0.0862253233790397,-0.7541435956954956,-0.9996516108512878,-0.2930129468441009,-0.3918368518352508,0.0852741971611976,0.1768232583999633,0.5676061511039734,-0.1594313979148864,0.6562680006027222,0.2106885313987732,0.0470487363636493,0.518510639667511,0.3330311179161072,-0.4140934348106384,-0.5879434943199158,0.44040247797966,-0.3552228808403015,0.1249063834547996,0.0959924459457397,0.0463635064661502,0.2098229676485061,-0.1418901234865188,0.6370053887367249,0.6892861127853394,-0.0222339127212762,-0.3681532442569732,0.2879819571971893,-0.7261726260185242,-0.5229018926620483,-0.8680969476699829,-0.0679086074233055,-0.6883446574211121,-0.0201859418302774,-0.4460278153419494,0.1422391682863235,-0.513913631439209,0.1165496483445167,-0.1568323671817779,-0.197795107960701,-0.0366561599075794,-0.2543551325798034,-0.0991805121302604,0.3934505581855774,-0.3036240339279175,0.0169656351208686,-0.0490956716239452,0.1903905719518661,-0.4490347802639007,-0.2930056154727936,-0.1993537098169326,-0.1879448145627975,0.8190457224845886,0.3757774531841278,0.5096253752708435,-0.2915777266025543,0.3047144711017608,-0.595760703086853,-0.2113314568996429,-0.5668776631355286,0.0254399832338094,0.1521657407283783,-0.1082426533102989,0.1603581011295318,0.4886753261089325,-0.2900901436805725,-0.2551992237567901,-0.4541031718254089,-0.3060418367385864,-0.4377330839633941,-0.1361687034368515,-0.1341603249311447,-0.1757345795631408,-0.0758554339408874,-0.159386321902275,0.5477481484413147,-0.4633041024208069,0.5534378886222839,-0.5546610355377197,0.5923728346824646,-0.5685274004936218,-0.1347612291574478,-0.0025372437667101,-0.071004681289196,-0.6563525795936584,0.1880975663661956,-0.2660448253154754,0.4703210890293121,0.3350112438201904,-0.2538422644138336,-0.598699688911438,-0.0232988242059946,-0.0641149654984474,0.060272429138422,0.4363966584205627,-0.0683801770210266,0.1888559162616729,-0.1943584233522415,0.2120733708143234,0.3690426647663116,0.2868625819683075,0.2486688643693924,0.075394831597805,-0.1290331333875656,0.0138281537219882,-0.1021203696727752,0.5818308591842651,-0.1828913688659668,0.087082915008068,0.3968253433704376,-0.1202116534113884,0.8358070254325867,0.2473534196615219,0.2957504391670227,-2.020251512527466,-0.1786451488733291,0.5817697048187256,0.4256747364997864,-0.118711918592453,-0.0179369524121284,0.2898993194103241,0.3879290819168091,-0.4409017562866211,-0.6311237215995789,0.7173903584480286,0.0663825199007988,-0.2339789867401123,0.0945433229207992,0.2724086046218872,-0.528950035572052,-0.2289851009845733,-0.6272159814834595,0.3259004950523376,0.3261635303497314,-0.138554573059082,0.1693844199180603,-0.141314223408699,-0.3627247810363769,-0.1893465220928192,0.198416456580162,-0.1102242544293403,0.147545039653778,-0.3262853026390075,-0.1539093106985092,0.109817273914814,1.0552998781204224,0.814586341381073,0.776242733001709,-0.6050745248794556,-0.2913560569286346,0.1989247798919677,-0.0188326071947813,0.4067989289760589,-0.3291022777557373,-0.2606699764728546,-0.2374615371227264,0.1233339607715606,0.1134742870926857,-0.2659570276737213,0.3477733433246612,0.1086361333727836,0.2113602012395858,0.1642369627952575,0.2803328931331634,0.8354799151420593,0.0136864874511957,0.2617038488388061,0.1903945207595825,0.6998818516731262,-0.1251602172851562,-0.2027150839567184,-0.5031578540802002,-0.0973147079348564,-0.3982111811637878,0.4508980214595794,-0.0145898507907986,-0.4809547662734985,0.967228353023529,-0.631411075592041,0.0229471046477556,-0.0796091556549072,-0.8494340777397156,0.0667261555790901,-0.6475000977516174,-0.5113223195075989,-0.1117895767092704,0.0623994618654251,-0.3420248329639435,0.8333590030670166,0.4696038961410522,0.3454782366752624,-0.1749974191188812,-0.425815999507904,0.2032478898763656,-0.2558255791664123,-0.1189568191766738,0.2537873089313507,0.1977614164352417,-0.2993888556957245,0.4389089047908783,-0.0479048006236553,-0.0451583601534366,-0.0842034816741943,0.1014230176806449,-0.6623100638389587,-0.1300254017114639,-0.3639821410179138,0.3879884481430053,-0.1465943753719329,-0.0079006925225257,0.264993280172348,0.2083969116210937,-0.3124489784240722,-0.2195201814174652,-0.5180662274360657,0.3404393494129181,0.5172236561775208,0.6039378046989441,0.3499276041984558,0.4126749038696289,0.1655406802892685,0.1384489983320236,-0.1425452381372451,-0.1895144581794738,-0.697188675403595,-0.4061895906925201,0.641554594039917,-0.3978472948074341,0.4145642518997192,0.1585064828395843,-0.3193343579769134,0.559643566608429,-0.3402338922023773,-0.6002998352050781,0.1456852257251739,-0.1490272581577301,-0.0228659324347972,0.677009642124176,0.3242879211902618,0.5955796837806702,-0.1784624308347702,0.3520129919052124,-0.2714016437530517,-0.1328338235616684,0.3526303172111511,-0.4063422679901123,-0.2712548077106476,-0.1278199851512909,0.6897587180137634,0.4252327382564544,0.57049959897995,-0.1547170728445053,0.1959076225757599,0.2570126354694366,0.0477967634797096,0.5085016489028931,0.212759867310524,0.4212331175804138,-0.1007137447595596,0.0740931332111358,0.0424261689186096,0.3129554688930511,-0.1835649311542511,-0.0673314779996872,0.4640933275222778,-0.0965812131762504,0.1915635764598846,-0.4042709469795227,-0.5198997855186462,-0.5844088196754456,-0.7990305423736572,-0.085508182644844,-0.4080610871315002,-0.1791247129440307,0.3411083519458771,-0.1379453986883163,-0.8542823195457458,0.384833812713623,0.5820035338401794,0.4037805497646332,0.0046177455224096,-0.4181258082389831,-0.2042261362075805,0.4808001220226288,-0.6637538075447083,-0.5639190077781677,0.3904752433300018,-0.1858015805482864,-0.2967082858085632,-0.6603965163230896,-0.0561350509524345,-0.0324935242533683,0.1721220165491104,0.4071244299411773,0.2922839522361755,0.1666185855865478,-0.7016850113868713,-0.2682046890258789,0.0328103117644786,-0.0671117752790451,-0.2682165205478668,-0.5044615268707275,0.0887793377041816,0.1946971714496612,-0.0399043001234531,0.9694170951843262,0.601988673210144,-0.1941685974597931,-0.0345485620200634,0.1649303585290908,0.2807846665382385,-0.577812671661377,-0.3480718433856964,-0.1399733126163482,0.0165531374514102,0.2639556527137756,0.3049851953983307,0.4276651442050934,-0.1273596286773681,0.1302716583013534,-0.8541355729103088,-0.1211500763893127,0.1938444226980209,-0.8813349604606628,0.475998967885971,0.3574241399765014,0.3801551461219787,-0.5731029510498047,-0.3336079120635986,-0.1658072620630264,0.0058364258147776,0.0952580273151397,0.4235550761222839,-0.1102072373032569,-0.7596131563186646,0.1128843277692794,-0.0955019816756248,-0.7349411845207214,0.8560672998428345,0.080874502658844,-0.15021812915802,0.4306968450546264,0.6076554656028748,-0.1369597017765045,-0.6785984635353088,0.2332697510719299,-0.6413567662239075,0.2122153341770172,0.4102717041969299,-0.2345986515283584,0.487755686044693,0.4002706408500671,-0.078540526330471,-0.0764096081256866,0.2724423706531524,0.5841503739356995,0.6275725960731506,0.1791280657052993,-0.129294216632843,0.0426231920719146,-0.4053936898708343,0.2163338661193847,0.0956493467092514,0.490267813205719,-0.8582172393798828,0.4232311546802521,0.813017725944519,-0.1733649671077728,0.2934611439704895,0.6261663436889648,0.0053694085218012,0.4276522994041443,-0.0662788525223732,0.0245866160839796,-0.7677519917488098,-0.0055866027250885,-0.2524584233760834,0.2224869579076767,-0.357456237077713,-0.0999850928783416,-0.2182814329862594,-0.1435237973928451,0.3530179858207702,0.1560963541269302,0.212538793683052,0.1890817582607269,0.2296523153781891,0.000207888893783,0.3542346358299255,0.4711443483829498,-0.3778266012668609,-0.0770725607872009,0.0742701888084411,0.6616275906562805,1.209641933441162,-0.087912879884243,0.2223187088966369,-0.3241991102695465,-0.6356528401374817,0.20099937915802,-0.3099284768104553,-0.2028025686740875,0.6353564858436584,-0.4642383158206939,-0.4211028516292572,0.720435619354248,0.5569702982902527,-0.1122596189379692,-0.335921049118042,-0.6789876818656921,0.3064512908458709,-0.3645256459712982,-0.0358039699494838,-0.180355817079544,0.171331912279129,0.610625147819519,0.0939211472868919,-0.2659443020820617,0.2795200645923614,0.2603947520256042,0.2074338048696518,-0.2944416403770447,0.426446259021759,0.3471634984016418,-0.1667355895042419,-0.2200981974601745,0.385380744934082,-0.5667834877967834,0.0728470310568809,0.6288888454437256,-0.3506180047988891,0.0230734758079051,-0.2788820266723633,0.5178975462913513,0.2655262351036072,-0.4333501756191253,-0.1251368522644043,-0.0558462217450141,0.1861028224229812,-0.1403570473194122,-0.3923693001270294,-0.0288898944854736,-0.0997362285852432,0.4373029172420501,0.0280037112534046,-0.0913358926773071,-0.6388508081436157,-0.4535933434963226,-0.5089301466941833,0.3431868553161621,-0.7353134155273438,-0.4752563238143921,0.490795224905014,-0.0036998414434492,-0.3830293118953705,-1.6215091943740845,0.611397385597229,0.1808617562055587,0.6054509282112122,-0.3519787192344665,0.1456091254949569,-0.1435514688491821,0.0344983451068401,0.0513985343277454,-0.2357434630393982,-0.0522996224462986,-10.219598770141602,0.0156664215028285,-0.2581032514572143,-0.5848661065101624,-0.3376686871051788,0.0620149336755275,0.6576822996139526,0.7729461789131165,-0.3146578073501587,0.4328012466430664,-0.2544274926185608,0.2174075692892074,0.3063734769821167,0.1622301638126373,0.0017183710588142,-0.1237581521272659,-0.2380910813808441,-0.2006743848323822,0.086128182709217,-0.1362071186304092,-0.4530825316905975,-0.5120074152946472,0.7517042756080627,0.2526982128620147,0.2176697850227356,-0.5295992493629456,-0.1853656321763992,0.4672966003417969,-0.1791441887617111,0.2496297359466552,-0.5725317597389221,0.3190526366233825,0.0167583376169204,0.3781613707542419,-0.373111367225647,-0.1352471560239792,0.3851295709609985,-0.0300110895186662,-0.0711425021290779,0.5282049775123596,0.173106238245964,0.2248717993497848,-0.045459359884262,-0.2821187078952789,0.8622176647186279,-0.0490557737648487,-0.080817312002182,0.154214009642601,0.6697948575019836,-0.1314888894557953,-0.116734966635704,-0.39342200756073,0.1688199490308761,-0.089091919362545,0.2086450010538101,-0.3155266046524048,0.3690418303012848,-0.8311924934387207,0.1901748478412628,0.1392320990562439,0.6711832284927368,0.1469493210315704,0.6424481868743896,0.7694492340087891,0.0902850776910781,0.2917851209640503,0.4187970757484436,-0.022094290703535,-0.2411062717437744,-0.174841895699501,0.3503516316413879,0.6631569266319275,-0.2369278669357299,0.054011907428503,0.0384159237146377,0.3050693571567535,0.0060562989674508,-0.0862767398357391,-0.0560752265155315,0.2086593061685562,0.525546669960022,-0.3600848615169525,-0.3099071383476257,0.4158210158348083,-0.4793710112571716,-0.0806445032358169,0.1260488778352737,0.3137144446372986,0.0892589390277862,-0.6076187491416931,0.516116738319397,-0.2219393253326416,-0.5502403378486633,0.4251792728900909,0.6095340251922607,-0.3401385247707367,-0.2818612456321716,0.1433808803558349,0.4594053924083709,0.0951334238052368,-0.9559074,-0.7467177,0.73115706,1.2727098,-0.68904907,-0.8850553,-1.286779,0.23734157,0.64183843,-0.43022788,0.7067136,0.08745737,-1.3443084,1.8477355,0.060957775,0.0069185696,0.73608136,-0.37548864,0.68617743,-0.3520004,0.5778801,0.4403706,1.163522,-0.73081875,0.48499647,0.78381157,0.5684196,-0.45085347,-0.6705326,-0.6207317,-0.26266137,-0.49079576,-0.70696384,-0.9893682,0.38992563,-1.3694698,-1.2412542,1.6181729,-0.007704225,-0.9166049,-0.9768504,-0.0133153545,-0.4625392,0.19043547,-0.47218233,0.46384138,1.9006553,-0.18213826,0.9609781,-0.63818645,-0.49228346,-0.51099044,0.23034307,0.50142884,0.53492624,-0.26133394,0.7612134,0.6190604,-0.2169127,-0.71485126,0.45979172,1.1089755,-0.89809376,0.12268615,1.0943123,1.6179905,0.22461663,-0.76275074,-0.38692278,-0.7969179,-2.5097835,-0.29382595,-0.13130851,1.1944991,-0.67349476,0.9095905,0.3095261,-0.2268748,0.3443112,0.435396,-0.15037383,0.18580562,-0.7271835,1.3390695,-0.6384227,-0.54181325,-0.3482761,-0.1402249,-1.2939582,-0.24988848,0.54225814,-1.6962428,-1.5988029,-1.167397,0.6824891,-0.037233785,-0.745093,-0.46445936,-1.4852433,0.47178042,0.2896067,0.72765785,-0.620034,0.16067459,-1.0306001,0.23879941,-0.8098952,-0.5772198,-0.6966264,0.60295844,0.024685344,0.5921496,0.59376,1.3708323,0.7490411,1.151338,-0.6545265,-0.8301043,-0.5592793,0.034414068,0.78886354,-0.11578112,-0.9283317,0.4239553,0.56164545,1.1721314,-0.16076538,-0.9837787,0.953693,-0.4531874,0.5710416,-0.55303204,1.2809978,0.89930034,-0.83085036,-0.5053106,-0.91401035,-0.047133766,0.26022127,-0.51382184,-0.703034,-0.23341724,0.2830679,-0.24419658,0.32545888,-1.3317446,0.25270554,0.76144266,1.1812471,0.15963984,-0.086054355,-0.77183086,-0.8352228,0.43765348,0.3840924,-0.30760416,0.09106021,0.15700346,-1.1706836,1.0945237,0.41086537,1.0413938,-0.8010075,0.29076394,0.092517905,0.3137782,-0.3512008,0.6057057,-0.5621323,-1.864034,-0.26001132,0.35083112,0.11047372,-0.103625394,0.4165275,-0.36270842,0.91347337,0.074621126,-0.54823184,-0.00023657084,0.35625064,0.76216274,0.5647328,1.1695318,-0.3407095,0.6361529,0.35432696,0.7793906,0.15647586,0.642607,0.5507048,-0.98260236,0.64685875,0.8774012,1.7806021,2.4169865,0.7709853,-1.6898686,-0.6274235,0.8469377,-1.9475667,-0.029540258,0.89515483,-0.22231047,1.6185588,-0.41940632,-1.2406567,1.6173227,0.17980607,-0.16932186,-1.6160395,-1.1226172,0.72602963,0.69063926,-0.90709794,-0.35759217,-0.37719563,0.2286898,-0.8167999,-0.32521912,0.65943754,0.14164595,0.25110623,1.9078307,-1.3888578,0.25400236,0.63926077,0.8392175,0.28201303,0.3264653,-1.6328627,0.41349518,0.86554253,-0.7392892,-0.6173995,0.46972507,-0.52836,0.9139525,-0.36956155,0.1490553,-0.14151889,-0.5931614,0.036698733,-0.2529409,0.74410945,0.6243065,1.7201749,0.33847305,-1.5767273,0.14272271,0.68386674,0.5398233,0.40444165,-0.17354867,1.1081158,0.30878174,-0.73948216,-0.16154355,-0.42716396,-0.40775478,-0.34083337,1.0270125,-0.34905732,0.7516753,0.5183828,-0.6402133,-0.7457236,0.66014946,-0.21572861,-0.75086486,-0.8633234,-0.6522764,-1.2838922,0.0654654,0.12246864,-0.005164916,-1.1781392,-0.47709587,-1.1891892,-0.29912198,0.8317851,-0.81121075,-0.5677124,-0.23212276,-0.7681301,0.43128598,-0.77061546,-0.11812536,0.9050014,0.86250293,-1.568566,0.81887203,0.16548592,0.6408435,1.2714363,0.12853402,1.1628244,-0.15104958,0.7006253,-1.017713,0.68906045,0.9665094,-1.4220729,0.6678302,0.015456702,-0.17384768,0.6773125,-1.3040378,-0.90211093,-0.5263425,0.46622303,0.3817654,-1.2022958,1.4833858,-1.7987652,1.4637809,-1.4824677,-0.45176983,-0.21338394,-0.35772923,-1.4214891,1.239982,0.6419224,0.17424414,0.94753265,-0.045318853,-0.18623862,0.5797288,0.7446679,0.443496,-0.50468856,0.7978853,-0.8290717,-1.0183272,0.5446336,0.9379492,-0.8996904,-1.3939433,-1.7417349,-0.5304595,0.91786766,-0.78023875,0.22859032,0.8495991,0.54156613,0.73867404,-0.92593575,0.04233404,0.12812911,-0.36688778,1.4549948,0.4918905,1.2629668,-0.83614755,-0.45557976,0.8712382,-2.3477829,-0.841053,-0.6738093,1.8532519,1.0445503,-0.41810527,0.4167149,0.7352037,-0.6952488,-0.29000178,0.21210286,-0.0292902,1.2593442,0.79610944,-0.6158956,1.1658262,0.26295865,0.6309039,-0.9877479,-0.4158209,1.7651403,0.1565955,-0.82244134,-0.87286526,-0.51394844,-0.019070856,0.17236257,0.34155163,-0.1594397,0.13302018,0.66725993,0.90415734,-1.4126439,-1.1687016,-0.6308396,0.16338605,0.9843038,1.6138924,1.2632776,-0.104099765,-1.1502748,-2.148411,-0.083545975,0.9662929,-0.34739,0.117640525,-1.3187902,-0.29626337,0.033188704,-0.2386161,-0.82409453,-1.9196286,1.5799984,0.44524226,0.7818571,1.933385,-0.63463706,-0.97795147,-0.28121862,1.0386641,-0.33117512,-0.79490936,-0.17370073,0.98191524,-1.2036241,0.64253265,0.7720558,0.3312778,0.15161954,0.14111137,0.33860874,0.5871905,-0.7809256,-0.9345296,0.2669854,0.7775837,-0.9347942,-0.67957723,0.54552144,-1.9272704,0.43213448,-0.45613515,-0.5814929,0.065700985,-0.6992404,-0.362723,-0.45198768,-0.55307704,-0.90187824,-1.168715,-0.12574093,-0.9513314,-1.8508638,0.9126102,1.6739217,-1.6254265,0.3812951,0.26212823,0.19518006,0.5157882,0.29046467,-0.34947556,0.4799488,-1.1128521,-0.29195866,-0.6529919,-1.0347055,-0.73692364,0.1327536,-1.471626,-1.2258039,1.2744738,0.997839,-1.7604889,-0.76749927,-0.07057426,-0.56129766,0.51667166,0.66067076,0.33119404,0.16689816,-0.5378777,-0.23343188,0.17277974,0.7255779,0.067442745,-0.10207434,0.48252037,0.18315211,-0.04157932,1.4305604,0.49421543,-0.10275244,0.75773525,0.31518385,-1.2502905,0.3791018,-0.009258751,-0.11003463,0.59092116,-1.9914837,-0.94879586,1.315282,-0.44014147,-1.2038212,-0.4745512,0.050419077,-0.27007023,0.31941086,0.48490873,1.0291294,1.5531482,0.7880583,1.5944932,-0.75588614,-0.845763,-0.16566396,0.108329505,-0.5730773,-0.855417,0.4539335,0.7460485,2.17003,-0.7452585,-0.12382388,0.91844654,-0.6598325,-1.1566787,0.81273884,0.374425,-0.7706117,-0.5757634,0.4863437,-1.0050442,0.23163843,-1.6998048,-0.22720797,0.58566445,0.5382004,0.014012847,0.08085123,0.4306508,0.12298838,-1.2110223,0.6934869,1.5228192,1.2602646,-0.115323745,-1.5661039,-0.027267937,-0.42270222,-1.6196008,0.391834,-0.2611102,-0.7150828,0.056213465,-0.31609386,-0.27246556,-1.1028348,0.016540585,1.5636976,0.5299661,0.06393901,-0.37729412,-0.6646684,1.9249674,-0.8060208,-0.27657825,0.60217106,0.8152287,-1.4200323,0.31114018,-1.08488,0.09797868,-0.44958767,0.14189626,0.41221264,0.83174306,-0.37642962,1.7449578,-0.34948155,-0.19044429,0.024294792,1.0046245,0.31285885,0.72504663,-1.9952863,1.0846691,-1.0163546,-1.4748719,-0.044013605,0.58640224,-0.295074,-0.26458487,-0.57438004,0.46706206,0.5635976,-0.7257538,1.1815305,1.258573,-0.45562485,-0.3879358,1.20085,0.37536252,-0.51960766,0.08040839,2.7982569,0.3754583,1.6881697,-0.8440309,-0.6752164,0.20938772,-0.18603383,-0.8430283,-0.18158849,-0.8580836,-0.11028482,0.77928567,-0.55316293,0.69720304,-1.3805581,0.08534778,1.0794404,-0.79094666,0.20395191,0.43844917,-0.7647996,-1.379343,-0.9809178,0.879696,1.4382962,-0.30377758,0.09464007,0.72572446,1.4628811,0.40656993,-0.113799304,-0.5443346,0.4923882,1.1296397,1.022078,-0.7750194,-1.1083456,0.8296648,1.3622235,-0.932989,0.9445453,-0.3637854,-0.48782307,-1.4450407,1.120639,0.7716755,0.24159119,1.2594115,0.73349905,0.0748995,0.6886988,-0.26948056,0.14581983,-0.5642838,-0.5976377,0.06901456,-0.039866917,-0.5054219,0.0944852,-1.440164,-0.3526926,0.06237318,1.0933259,-1.1441083,0.31662312,-0.15552919,0.74559736,0.3906857,-0.34977552,-0.27448422,-0.06773041,-1.0955694,1.7035737,1.1572139,-0.24543034,-2.1513155,0.34122887,0.3422358,0.3632503,-0.8928813,0.7545507,-0.24860533,-1.4573175,-0.26144204,-0.95907617,-0.5977989,0.18887152,1.2189627,-0.72655255,0.84107196,-1.6564593,0.9139346,0.12713541,-0.48100057,0.24897353,0.21551634,-0.69999623,2.1698442,1.0817237,0.22714397,0.39998448,1.361181,1.095933,-0.014497651,-0.37927926,-1.5558702,0.91978604,1.1824393,0.44699416,-1.3181514,-0.1441052,-0.1442677,-0.5235231,1.5986981,-0.4962325,-0.784667,-0.9713285,-0.45127594,-0.61735415,-0.03534331,-0.8031402,-0.2081856,-1.3474271,0.13988681,-0.26703766,-0.00088996027,0.65145767,-0.8782184,0.028118849,-0.16732791,1.1042284,1.1077888,0.77642345,0.47167307,-0.6104078,-0.014342453,-1.071599,-0.7848423,0.71789944,-1.3038101,0.32527253,0.24025832,1.1087545,1.7813973,0.6141937,-0.07972993,0.2671735,0.32032165,0.14301005,0.73849124,-0.22528468,-0.26349184,0.31239817,-0.09011242,0.4031021,-1.4041449,-0.2872318,-0.057384584,0.54604506,0.017928796,0.30338362,0.18989274,0.6067893,1.5476958,0.20266567,-0.73319733,-0.6859223,-0.8559862,0.50913185,1.1514255,-0.7179132,-0.6914644,-1.7977494,0.45673922,0.67097664,-0.10276565,0.18913825,0.12688793,-1.5600038,2.8371255,-0.66514885,-0.381511,1.0362048,-0.7190571,0.22780912,-0.017239422,-0.26449463,0.25042105,0.6493149,-0.41596255,0.83717126,0.7122648,0.83129334,0.09495213,-0.9077506,-1.2512354,0.28394705,-0.51044583,-0.39898217,-0.054495025,0.7094326,-0.8698824,-1.8460046,1.405117,-0.17446585,-0.38763055,-0.5239586,1.020542,0.19482805,0.007741245,-0.23478408,-0.18352596,1.2637852,-0.9055957,0.49148706,-0.21942389,-1.1429304,-0.40878567,0.04170311,0.64935154,0.74066335,-0.25663668,1.2601303,0.55157185,0.47186217,-0.4691923,0.028307756,1.0673064,-0.91820884,-0.18316959,0.06500945,0.83899957,-0.21671802,-0.6322455,0.23937553,0.13508607,-2.213344,-1.2007269,0.13041729,1.9297462,-1.2801133,0.6870522,0.25623155,-0.62196124,0.26110974,0.49917483,0.4326942,-0.3658973,-1.3296613,1.3662668,-0.23305835,-1.0067844,-0.091141485,-0.6114823,-1.2441036,-0.12769108,-0.32210624,-1.6473831,-1.0743214,-1.6557604,1.3429369,0.55734795,-0.8897093,-0.9844919,-1.486136,-0.12301312,0.32933322,1.3610054,0.34791628,-0.48244855,-0.98509294,-0.93319017,-0.64244753,-0.8617048,-1.1043955,0.67902845,-0.32840183,0.6275646,0.7462249,1.6677867,0.3040008,0.65747964,-1.3251094,-0.32992202,-0.45617476,0.5528085,1.2605925,0.61122006,-0.2090047,0.6026234,-0.03666517,0.550143,-0.2022634,-0.44973215,0.6565308,0.10163582,1.1271785,0.24404776,2.2953281,0.37209275,-0.6850776,-0.9026639,-0.021183753,0.22150056,0.23374073,-0.6742699,-0.57685703,0.16414669,-0.3296742,-0.5179809,0.38065174,-1.1835127,0.2749667,0.956768,1.4352671,-0.08264608,-0.019023681,-0.20587926,-1.3600267,0.6488746,0.87918377,-0.0020599365,0.0008693437,0.46843377,-1.5314959,1.7834975,-0.19096725,1.2452852,-0.71294993,0.6215443,-0.113386504,0.93673426,-0.6436247,0.9450616,-0.53832096,-2.24077,-0.43886146,0.20495062,0.7195843,-0.13905722,1.2557893,0.10922232,0.68283015,0.20563108,-0.72277045,-0.5210789,0.82678264,0.93477196,0.26122317,1.357585,-0.8590649,0.49089468,0.9495013,0.5579143,1.3396825,0.081590585,1.2638022,-1.0477437,1.3760446,0.7796614,1.266407,3.0713882,0.63616395,-1.7465712,-1.4087378,1.7692376,-2.576689,-0.2254272,0.39962897,-1.048612,0.95997095,-0.80047154,-1.009952,1.7227588,0.654638,0.068031855,-1.4445187,-1.6570545,1.282488,0.8328452,-0.33702552,0.023572667,-0.7457041,0.1753339,-0.20898278,-0.78719634,0.6672189,0.40257,0.9431491,1.3561954,-0.3684027,0.60512847,0.23621367,-0.4700936,-0.114162095,0.74108696,-0.79587287,0.33669534,0.51354605,-0.1874023,-0.65779763,0.18188222,-0.6488511,0.8711548,-0.2620979,0.49029294,-0.006886117,-0.6449444,0.123116575,-0.36235812,0.47299555,1.130884,1.9204575,0.61285764,-1.654849,-0.15859084,-0.0014534792,1.0631224,0.46512088,-0.033753753,0.48363152,1.0291837,-0.50765395,0.35891536,-0.43429098,-0.48073888,-0.052023966,0.7239159,-0.13003139,0.16679782,0.39654326,-0.3294941,-0.8613908,0.1122849,0.80495405,-0.34917045,-0.45788917,-0.30526373,-1.1194154,0.05780452,0.3496412,0.4042125,-0.37667525,-0.6111556,-1.1558923,0.43945917,0.70265293,-1.9535885,-0.11301573,-0.4883313,-0.2566776,0.2570475,-0.17850661,0.29892436,0.49779165,0.2705915,-1.2331879,1.5756472,-0.19601655,0.4906151,1.1095124,-0.02052536,1.1763262,-0.43143478,0.3598988,-1.076995,0.48875058,0.49071133,-1.5452052,0.8007758,-0.9089866,-0.5387884,0.4264649,-1.2147712,-0.44388226,-1.1074818,0.28197584,-0.29790413,-1.598639,1.9694982,-1.5286621,1.5285392,-1.6044029,-0.029440582,-0.64047456,-0.31430224,-0.5311695,1.0926634,0.41600522,0.35020852,1.0253528,0.22607423,0.68030006,0.5597947,-0.030639008,1.2577313,0.25730756,0.6078366,-1.0705284,-1.8691335,-0.10042132,0.7811379,-1.1493024,-1.2312139,-0.8373578,-0.576723,0.32859233,-0.4730498,-0.4235272,0.47832003,-0.23999076,0.7161517,-1.0303296,-0.39493033,0.27903426,-0.7381079,1.6578401,-0.4437002,1.3715047,-1.1295341,-0.2984876,0.5495383,-1.4336314,-0.20412958,-0.12137594,1.5472159,1.1075721,0.6115693,0.3852704,0.74385214,-0.53994685,0.26386952,1.1767422,0.123371065,1.9856228,0.5700041,-0.926168,1.2909038,0.033946168,0.5474226,-0.05098629,-0.5538201,1.9654237,-0.19169217,-0.57134706,-0.02219061,0.32275358,0.11877519,0.47678146,0.79385585,0.7028102,-0.048545446,0.47406682,0.6338895,0.1929368,-0.8107396,-0.77704614,0.43066025,1.2266442,1.146335,1.8231095,0.21054871,-0.73591137,-2.0188189,0.33888242,1.1607558,0.4079651,0.36952436,-1.6462278,0.5703913,-0.0685279,-0.02801685,-0.8544564,-1.2070507,1.4152244,-0.07570752,0.6204656,1.6746758,-1.0194848,-1.6100864,-0.23428714,0.17212208,-0.5939368,-1.3550106,-1.2255768,0.279173,-0.6479654,1.1650344,0.5560309,0.88018113,-0.49689305,0.13341628,0.5638493,-0.057315543,-0.98028845,-0.4700353,0.07011113,0.50178975,-1.4218035,-0.35617962,0.51555604,-1.76503,1.0312135,-0.03465529,-0.2631276,0.13487364,-0.3404992,-0.92164683,0.24162394,-0.17281143,-0.5039318,-1.2207745,0.2976242,-1.7753229,-1.4379724,1.0449318,1.1370205,-0.9397891,0.39660117,0.53998715,0.18582465,0.51921207,-0.4464668,-0.4849886,0.42698207,-0.5154651,0.031025857,-0.26916784,-1.0211178,-0.21279521,0.4012368,-1.3191365,-1.0853533,1.5271391,0.52399594,-1.543971,-1.1063792,0.034999706,-0.7319893,0.7371335,0.4299326,0.04797326,-0.4302586,-0.80788356,-0.19850385,-0.0052091777,0.75702137,0.057522815,-0.41721293,0.23119026,-0.4102318,0.70166636,1.4564956,0.35537648,1.4272871,0.81842947,0.10697486,-0.5990348,0.5394568,-0.12303007,-0.71918184,0.56185716,-1.1016293,-0.62036633,1.3496885,-0.52263707,-0.7859988,-0.017892167,0.879939,-0.53400683,-0.31849694,0.41024038,1.1183327,1.3242345,1.0666112,1.399686,-0.32375777,-0.6468132,-0.5579708,-0.16639674,-1.1568494,-0.7033129,-0.36845168,0.80307317,2.2723114,-0.21633649,0.52909565,0.39613366,-1.2082638,-1.1322085,0.44466376,0.38069013,-0.34176838,-0.39808437,0.41557944,-1.4222779,-0.3940108,-1.7242326,-0.5732856,0.14529952,0.92988706,-0.88920355,0.21062307,1.0293252,0.5030778,-1.2667354,-0.07239573,1.0490569,0.87046856,-0.27006564,-0.93964297,0.047630902,-0.8970113,-1.4936918,-0.6971658,-0.8382177,-0.8738019,0.18785577,-0.27829787,-0.59531826,-0.59438735,-0.5161128,1.4546407,0.08191205,-0.55532795,0.46821713,-0.84222364,1.3941685,-0.6026185,-0.31990144,1.3862532,0.18291692,-1.4769311,0.6458987,-1.555905,0.76946455,-0.54990906,0.6082353,1.4646038,0.511097,-0.4363017,1.5631787,-0.56580395,-0.56272125,-0.5766385,-0.08355188,0.028036723,0.46564186,-1.8065323,1.0866429,-2.1780636,-0.45719242,-0.43016386,0.5202544,-0.60100865,-0.19162971,-0.33087322,0.82430714,0.82773334,-0.81097007,0.6149854,1.8954716,-0.640592,-1.1836746,0.61210734,0.14353833,-0.48399067,0.05802399,2.4458344,0.96336716,1.0177449,-1.350204,-0.6614706,0.64525545,-0.5042879,-1.076597,-0.9142359,-0.25638407,0.21137325,0.105578035,-0.4158524,0.86766785,-0.49244568,0.40893593,0.70491314,-0.84590477,-0.31963226,0.27778265,-0.535619,-1.43042,-1.638741,0.009569377,0.97984004,-0.6240051,0.35913312,0.7638746,1.0973579,1.0141832,-0.4331287,-0.83760685,0.3565786,0.950692,0.9871695,-0.88851,-1.2592853,0.826152,0.6970064,-0.16354032,0.35701904,0.59670365,-0.66891557,-1.6772747,1.004418,0.6897216,0.037019696,0.72774625,0.34809396,-0.33415413,0.37277445,-0.3925945,0.48621893,-0.47806844,-1.07698,-0.20041949,-0.18333615,-0.92121935,0.39847517,-0.4764949,0.45212469,-0.59349555,0.3217799,-1.8551493,0.5438964,-0.13815223,0.49719957,0.3090332,-0.059345704,-1.2001898,-0.5832358,-0.547775,1.4681898,1.1010946,-0.031111559,-0.81141615,0.16987889,1.1479248,0.49169537,-0.5621325,0.43471554,-0.016781827,-0.780819,-0.07338131,-0.9425812,-0.8912867,0.35686707,0.3696474,-0.9430737,1.3290037,-1.8051339,0.83967733,0.02221497,-1.6131397,-0.12975757,0.07580397,-1.0455569,2.037214,1.5700941,0.022684554,0.055147517,0.7634886,1.2589978,-0.5750827,-0.1520518,-1.5822687,1.2406172,1.2861367,0.541234,-1.403958,0.19030456,0.85043555,-0.5382996,1.2349873,0.19996195,-0.22204727,-0.60060793,-0.7097475,-0.45736814,-0.6824973,-0.74137235,0.30380523,-0.8891518,-0.084829144,-0.17143674,-1.0942842,0.37365448,-0.52752537,-0.26333758,-0.09554678,0.62559813,0.23782597,0.74863213,0.2559676,-0.8637065,-0.26279393,-0.67212695,-0.7926853,0.60453206,-1.0270292,0.3600588,0.22843331,0.99413663,1.6037521,0.31859437,-0.58556384,0.3246871,-0.24325079,0.43529406,0.035274882,-1.447626,-0.6850116,0.030810753,0.7680173,0.5620277,-1.3427444,-0.22586215,-0.23616338,0.3963929,0.03797989,0.25039417,0.090225935,0.55282766,1.8711048,1.0221514,0.06696952,1.0
ユ,0.2414170950651168,1.045377492904663,-0.2041688114404678,-0.7386936545372009,0.3635542094707489,0.5967591404914856,0.2787812948226928,0.1017280966043472,-0.3475594818592071,-0.7300465106964111,0.607978880405426,-0.1155774369835853,-0.2826862037181854,-0.264969140291214,0.2602697908878326,-0.2408477813005447,0.5384482741355896,-0.0897789001464843,-0.1395509243011474,0.089593768119812,-0.5300318598747253,-0.298773854970932,-0.3673667013645172,0.2173587381839752,0.5403215289115906,-0.498152494430542,-0.2305815517902374,0.0637390911579132,-0.2774674892425537,-0.3241915702819824,-0.5417088866233826,-0.3377534449100494,-0.1871796697378158,-0.2643747627735138,0.1512639224529266,0.0837450996041297,0.2761144340038299,-0.0026017061900347,0.2697900235652923,-0.2229943871498108,0.036024197936058,0.0939062535762786,-0.0378691256046295,-0.195443570613861,0.1775604635477066,0.4893795549869537,-0.3238413035869598,0.4654183387756347,0.6573375463485718,-0.02458331361413,-0.0274614486843347,0.2599862813949585,0.052230279892683,0.090601697564125,-0.4328849017620086,-0.4834955334663391,0.2377095967531204,-0.532453179359436,-0.1101943477988243,-0.1426582038402557,-0.3044340014457702,-0.136352851986885,0.4212523102760315,0.2325078248977661,-0.5566915273666382,-0.1351560652256012,0.2190219461917877,0.2012244313955307,-0.4856440126895904,-0.3888753652572632,-0.4827879071235657,0.1888749599456787,0.0890784785151481,-0.0664154440164566,0.7941351532936096,-0.6116823554039001,-0.1524928361177444,-0.1215511262416839,-0.1046184748411178,-0.0988547280430793,-0.0451927110552787,0.0430326573550701,-0.1487519443035125,-0.3038500845432281,0.3808056712150574,0.1757355332374572,-0.1420923024415969,-0.3367084264755249,-0.0382422469556331,-0.1340794414281845,-0.0107842553406953,0.0877174586057663,0.2289231419563293,-0.4724642634391784,-0.4636604487895965,0.2666885256767273,0.4463303983211517,-0.4202686548233032,0.1279327422380447,0.3688708245754242,0.4559359848499298,-0.0688810646533966,0.4825960695743561,-0.5039413571357727,-0.210226684808731,0.0831601321697235,-0.5709048509597778,0.4383035898208618,0.0495494157075881,-0.3460521996021271,-0.1544824838638305,-0.1812055706977844,-0.1470368653535843,0.2555746734142303,-0.352939635515213,-0.0944131463766098,0.1555151790380478,0.4511882662773132,-0.6829021573066711,0.6833376884460449,0.2319139987230301,0.0660788416862487,-0.0320749655365943,-0.1596311330795288,-0.1571288704872131,0.4656131565570831,-0.6606751680374146,0.0296336710453033,-0.6372278332710266,0.1694008558988571,-0.0600452534854412,0.1834670752286911,-0.1165862306952476,0.1739723980426788,-0.4753120541572571,0.8647938966751099,-0.1735997051000595,0.2786552608013153,-0.3642836213111877,-0.2832955718040466,-0.1643188148736953,-0.0701829269528389,-0.1315893679857254,0.0119411470368504,-0.1623014211654663,0.1807569861412048,0.0193832572549581,-0.4954771101474762,0.2764841914176941,-0.1242910623550415,-0.3012847006320953,0.70191890001297,-0.6368494629859924,-0.0943675711750984,0.2846225798130035,0.1784869730472564,-0.623684287071228,-0.1617877781391143,-0.0642456263303756,0.2592504918575287,-0.0703199803829193,-0.6643818020820618,0.1574030667543411,0.5956879258155823,0.1698882728815078,0.5033986568450928,0.4469490349292755,0.2919433116912842,0.2264395803213119,0.88747239112854,0.2293743342161178,-0.0176028180867433,-0.1353192627429962,-0.2203155905008316,0.2674809098243713,0.3087299764156341,0.2441571503877639,-0.1404090970754623,0.7382614016532898,-0.3981674909591675,-0.1246832981705665,0.222598597407341,-0.2279925942420959,-0.6006575226783752,0.174549788236618,-0.4359801709651947,-0.0781800895929336,0.0013502937508746,0.1712012887001037,-0.0117808915674686,-1.040717840194702,-0.1668479740619659,0.2551991045475006,-0.7445863485336304,-0.1634315699338913,-0.2555058896541595,0.0735720172524452,-0.4236215949058532,-0.2903838455677032,0.3090918362140655,0.5032207369804382,0.0449655205011367,0.1275466382503509,-0.2358424216508865,-0.9568623304367064,-0.4066352248191833,0.6394959092140198,0.3383040428161621,0.1963886022567749,0.187097817659378,-0.4191887378692627,0.7210063338279724,0.5950143933296204,-0.0253216233104467,0.2335129082202911,0.513708770275116,-0.4011405110359192,-0.2784161269664764,0.2381215989589691,-0.3436401784420013,0.2171725928783416,-0.0126653164625167,0.534750759601593,0.3803045153617859,-0.3150323331356048,0.0423622094094753,0.2791999876499176,-0.612977147102356,0.0131361875683069,0.3126220107078552,-0.3432782888412475,-0.625882625579834,-0.5424941778182983,-0.2164076715707779,-0.3990492522716522,0.1609515249729156,0.1776853799819946,0.4304097890853882,0.1938892155885696,0.3000272512435913,0.0973834544420242,-0.0361728817224502,-0.2077905237674713,-0.1072801947593689,0.004336561076343,0.003422690089792,-0.0683329775929451,0.2212149798870086,-0.2692011892795563,-0.1413844972848892,-0.4486801624298095,-0.3869335055351257,0.1678232848644256,-0.6636675000190735,0.3936152756214142,0.1534106880426406,0.0910512879490852,0.0301863942295312,0.0936153456568718,-0.0599176660180091,0.3055178523063659,-0.701228141784668,0.1097430735826492,-0.0128405354917049,-0.019274877384305,0.5714321732521057,-0.4428311586380005,-0.5219027996063232,-0.3267797827720642,-0.231174349784851,0.4016216695308685,-0.5167473554611206,0.1804385632276535,0.2998541295528412,-0.4451210796833038,0.5024155378341675,0.0424402132630348,0.575363039970398,-0.5599624514579773,-0.3569044768810272,-0.789853036403656,0.3630835115909576,-0.54362553358078,0.2387405037879943,0.2934151589870453,-0.007872661575675,0.0174394380301237,-0.2877440154552459,-0.1354510933160781,0.2354379445314407,0.1121532097458839,-0.4333181083202362,0.000694997375831,-0.0434543453156948,-0.1208005473017692,-0.1432911157608032,0.278886616230011,-0.0793908610939979,-0.2337821424007415,0.2792276442050934,0.4119060635566711,0.3748273551464081,0.4713307321071625,0.0936765819787979,-0.7052931785583496,-0.4471850097179413,-0.1865780800580978,-0.0927857831120491,0.6104737520217896,-0.5988173484802246,-0.0528547763824462,0.9207717180252076,-0.3250447511672973,-0.1304521709680557,0.3944673240184784,0.14714977145195,-1.2144438028335571,0.2691903114318847,0.5420464873313904,-0.215175598859787,0.1444583237171173,0.5860795378684998,0.5041601061820984,0.6133049130439758,-0.7322813272476196,-0.3563245832920074,0.4862186014652252,0.1625890731811523,0.0264008715748786,-0.4576477110385895,0.0297342352569103,0.1253467351198196,0.4603395462036133,-0.1669839471578598,0.1034874469041824,0.4881637394428253,-0.4205851256847381,0.1405328065156936,0.2685695588588714,-0.2918138206005096,-0.2510979473590851,-0.0927386283874511,0.4090847074985504,-0.1807825267314911,-0.5268675684928894,-0.4943996667861938,0.2780105769634247,0.7053969502449036,0.5817534327507019,1.081306219100952,0.2560634911060333,-0.2089072614908218,0.4584091305732727,0.7969880700111389,0.2520698606967926,-0.1460940539836883,0.4802421927452087,0.1733322143554687,0.5056731700897217,0.0167352780699729,0.5594367384910583,-0.0453801527619361,-0.3859029710292816,0.2287964522838592,0.2010592371225357,0.5022561550140381,0.3569681644439697,0.2396796345710754,0.5145627856254578,0.166790172457695,0.5718879103660583,-0.025365475565195,-0.4117375016212463,-0.1827073097229004,-0.2193422615528106,-0.1846821159124374,-0.711972177028656,-0.0697823017835617,0.0582596957683563,-0.2447253912687301,-0.4720251858234405,0.1191086918115615,0.5010607242584229,-0.1163791716098785,-0.3110675811767578,-0.358382374048233,-0.3547585010528564,-0.1374514997005462,-0.2175873667001724,-0.4288448393344879,0.146046757698059,-0.3900351524353027,1.021991491317749,-0.4485865533351898,0.1225054934620857,-0.2854319214820862,-0.300072580575943,-0.0856393352150917,0.0222371127456426,0.3009031414985657,-0.308231920003891,0.0241720881313085,-0.3524744212627411,-0.2562219798564911,-0.2614144086837768,-0.2433284670114517,-0.4237270951271057,0.3106465339660644,-0.029215469956398,0.2319718897342682,-0.8003135919570923,0.1063480824232101,0.1283111423254013,-0.0797355696558952,0.0382315330207347,-0.3670672476291656,-0.6904119849205017,-0.1241699159145355,0.3516401946544647,0.6154369115829468,0.2231257110834121,0.1452808529138565,0.0738902688026428,0.18096923828125,-0.4043910801410675,0.166209191083908,0.0312441159039735,-0.8087601065635681,0.7372453212738037,0.1221540048718452,0.2328812330961227,-0.2733846008777618,0.4082168042659759,0.1611484587192535,-0.184151604771614,-0.0446636565029621,-0.3030449748039245,0.3354899883270263,0.0322497710585594,0.453719824552536,0.0030505687464028,0.6085939407348633,-0.0918401926755905,0.2764540314674377,-0.02720164693892,-0.0324118807911872,0.3509441912174225,0.13200244307518,0.2411022186279297,0.1132119372487068,0.1264806538820266,0.0443045198917388,0.098609872162342,-0.0792075991630554,-0.1373632699251175,0.6409786343574524,-0.0049203103408217,0.262487530708313,0.5445477366447449,0.4768642783164978,0.3371388614177704,-0.381229043006897,-0.2397930175065994,0.1445369571447372,-0.7247147560119629,-0.0085465516895055,0.1834649592638015,-0.3427322506904602,0.3847591280937195,-0.490011990070343,-0.8135671019554138,0.1120509430766105,-0.326555848121643,-0.1534461081027984,0.1841722875833511,0.3738798797130584,0.0541927814483642,0.0818234458565712,-0.7091994881629944,0.4292470514774322,-0.2907715141773224,0.3155053853988647,0.0587204545736312,-0.4690621495246887,-0.2202863097190857,-0.0933713763952255,0.1637471616268158,-0.1255234777927398,0.2495305091142654,0.7355414628982544,-0.3177341818809509,-0.2719514667987823,0.3810864984989166,0.092452771961689,0.0794371739029884,-0.5395999550819397,0.1832626760005951,-0.0632060840725898,-0.5056434273719788,-0.4342638850212097,-0.1406568437814712,-0.226474791765213,-0.4905308783054352,-0.1720816493034362,-0.008278994821012,0.0331544019281864,0.1656244397163391,0.7006374001502991,0.1603177934885025,-0.2431819289922714,0.1945211142301559,0.6369498372077942,0.3826898336410522,-0.0860524252057075,-0.048477616161108,-0.1944504678249359,-0.4700958132743835,-0.6068914532661438,0.3194604218006134,-0.1044679880142211,0.1683347970247268,-0.1830527037382125,-0.3982867896556854,-0.2640765309333801,-0.5988998413085938,-0.9755125641822816,0.4781089723110199,0.0873982831835746,0.3755436539649963,-0.4678871929645538,0.2999628782272339,-0.3910682797431946,0.0640470907092094,0.6312106847763062,-0.2724382877349853,-0.4006159901618957,-1.0594433546066284,0.0776204466819763,0.0975421592593193,-0.4259325265884399,0.5454162955284119,0.0304756443947553,-0.4342634081840515,-0.1144226267933845,0.0614177919924259,-0.1547308266162872,-0.2761662602424621,-0.1681278049945831,-0.6909186840057373,0.104210652410984,0.0887149944901466,-0.1376462280750274,-0.1155048012733459,0.3968997299671173,-0.2753105163574219,-0.3241659700870514,0.7614075541496277,0.3069037795066833,0.2407697886228561,0.2383030354976654,0.0871319770812988,-0.193692922592163,-0.317866563796997,0.1151735335588455,0.3339020013809204,0.5925952196121216,-0.2781616747379303,0.4896912574768066,0.484074592590332,-0.1764899492263794,0.2948072552680969,0.3421728312969208,0.1937686949968338,0.365563154220581,-0.0387556254863739,0.1949326992034912,-0.7422522306442261,0.0992700383067131,-0.0162726920098066,0.4370713233947754,-0.0776351243257522,0.3540380597114563,-0.1170810386538505,-0.2936755418777466,-0.4882081151008606,0.2354923337697982,0.2883214652538299,0.2440997213125229,0.3763644993305206,0.2292239665985107,0.3419511914253235,0.861466109752655,-0.1690342724323272,-0.3248926401138305,0.1399130970239639,-0.1488300561904907,0.9680034518241882,0.1908153295516967,0.2683057487010956,-0.1133181825280189,-0.8794299960136414,0.3581106662750244,0.2997540533542633,0.0454327948391437,-0.0020734288264065,-0.5202216506004333,0.1322007030248642,0.4529356956481933,0.3097259998321533,0.0713613331317901,-0.2263363748788833,-0.4502802193164825,0.5022746920585632,-0.0855376273393631,-0.1366796642541885,0.2785996496677398,-0.0373287089169025,0.6119533777236938,-0.0266034137457609,-0.2565897107124328,0.0046929758973419,0.5391481518745422,-0.1189454346895217,0.3013502359390259,0.3884893953800201,0.0785365924239158,-0.7452281713485718,0.0746575370430946,0.1348113417625427,-0.3770003318786621,-0.4833013713359833,-0.081814706325531,-0.187315434217453,-0.1729533374309539,-0.0633797049522399,-0.2998309731483459,0.2043395042419433,0.3697974383831024,-0.4249120950698852,-0.3586920499801636,-0.022174809128046,-0.1695520281791687,-0.9097853302955629,-0.2591548860073089,0.1029332056641578,0.4651965498924255,-0.1377075910568237,-0.0379129983484745,-0.5498591065406799,-0.0099031589925289,-0.1013202592730522,-0.0200170464813709,-0.1887329220771789,-0.7347361445426941,0.1886450052261352,0.188582569360733,0.1557915210723877,-1.024620532989502,0.2051923424005508,-0.0144013445824384,0.3237145543098449,-0.5667546987533569,0.3570901155471802,-0.7823324799537659,0.398685872554779,-0.404639184474945,-0.322357565164566,0.1373528689146042,-10.391700744628906,-0.1434656381607055,-0.2634425163269043,-0.2657496035099029,-0.3346739411354065,0.1454744338989257,0.6262630820274353,0.2053076177835464,-0.6540204286575317,0.3203926086425781,0.1471112668514251,0.4873016774654388,0.6350700259208679,0.3677304983139038,-0.5537559390068054,-0.1569142490625381,-0.2434971034526825,0.247531309723854,0.31642746925354,-0.3324176073074341,0.1147478148341178,-0.0783646702766418,0.2637392878532409,0.6937715411186218,-0.1809256821870803,-0.2758326530456543,-0.2473447918891906,0.5021965503692627,0.0221934989094734,-0.0120112355798482,-0.6330866813659668,0.02012624964118,-0.1716846227645874,0.1594273597002029,-0.1996657848358154,-0.2222423255443573,-0.0492156222462654,-0.2444168478250503,0.3132661283016205,0.7730064988136292,-0.2893360257148742,0.2974491417407989,0.2093431949615478,0.1401326805353164,0.7595347166061401,0.7554536461830139,0.2875427305698395,0.6793620586395264,1.0456706285476685,-0.1533967107534408,0.1173537597060203,0.1202537938952446,-0.1158484742045402,0.2373331785202026,0.0851291790604591,0.0272064134478569,0.5319281220436096,0.0706012547016143,0.083707295358181,0.5150617957115173,0.5776602625846863,-0.1146835163235664,0.8425686955451965,0.6140442490577698,-0.1455908715724945,0.1948197335004806,0.1477269977331161,0.767120897769928,-0.5278546214103699,-0.0086557287722826,-0.3073878884315491,0.6878677010536194,-0.0584590695798397,-0.3752138614654541,-0.2314997315406799,0.1414661705493927,0.0999568626284599,-0.2179166823625564,0.3464969396591186,-0.1166616976261138,0.3178003430366516,0.3843297660350799,-0.4430500864982605,0.018519839271903,-0.5342577695846558,-0.0517334342002868,-0.2036378681659698,-0.1066706925630569,0.3409926295280456,-0.6823834776878357,0.2849465608596802,-0.3283508121967315,0.0519237890839576,0.5499127507209778,0.0861731097102165,0.3759700059890747,0.2174123525619506,0.0637853667140007,0.0501671135425567,-0.1173980832099914,-1.1397983,-0.7624493,0.9011002,1.3083094,-0.7217164,-0.3068515,-0.77082354,0.20436025,0.85683495,-0.8487866,0.7177678,0.0032334775,-1.6277657,2.150374,-0.44356677,0.08904076,1.1405803,-0.4665822,0.23901601,-0.60857624,0.6518343,0.4309635,0.79998475,-0.38556,0.8103347,0.89211535,0.6681612,-0.6493938,-0.6205209,0.19417775,-0.28262922,-0.10388672,-0.7992453,-0.7210238,0.2573246,-1.3948401,-0.978131,1.2783043,0.3707905,-0.4479939,-0.8362352,0.3666636,-1.2815456,0.18658681,-0.6614447,-0.10850277,1.6606703,-0.42142892,0.5512484,-0.46858826,0.082890905,-0.21522506,0.5329682,0.9675639,0.8256882,0.07872251,0.87254524,0.28444535,0.19046636,-0.48458752,0.9291598,1.4470981,-1.1116395,0.5136048,0.78258365,1.2273248,0.17767893,-0.49444756,-0.40510014,-0.53456455,-2.231259,-0.08245013,0.22714005,1.1996545,-0.8896172,0.99835134,0.15456516,-0.2832167,0.05034226,0.25817582,0.07425232,0.419961,-0.93552685,1.0830342,-0.44134238,-0.08889958,-0.24400578,-0.2535864,-1.0864125,-0.006244199,0.16629602,-0.8665289,-1.6276113,-1.2908328,1.1006165,-0.4990811,-0.67639023,-0.6299414,-1.68012,0.28465417,-0.29579762,1.103106,-0.23781092,-0.040566087,-1.2564144,-0.18793559,-1.115013,-0.6569371,-0.76625186,0.4882753,-0.40272936,0.41966864,0.666235,1.2983636,1.0275614,0.930995,-0.7104637,-0.8773859,-0.26092404,-0.099024914,1.2318666,-0.41539004,-1.1309614,0.61999625,0.3251392,1.4293026,0.25144422,-0.7274525,0.9484739,-0.3650371,0.39401188,-0.49066663,1.3973866,0.8427418,-0.93208194,-0.21818118,-0.93997973,0.10810355,0.28658912,-0.2586895,-0.68732554,-0.4800636,-0.6737604,-0.065511316,-0.09337946,-1.5358267,0.5945321,0.73215055,0.82068944,0.055684548,0.1697659,-0.28257802,-0.83882236,0.9718768,0.7070556,0.14743525,0.29040495,0.2014917,-1.0507896,1.7542478,0.5608165,1.3100073,-0.9613822,0.23031078,0.3859274,0.59294087,-0.8718893,0.70624286,-0.3720602,-1.834809,-0.8194491,0.15266943,0.51039886,-0.3424666,0.53647304,-0.1223057,0.68771714,-0.0670561,-0.3779787,0.46747956,-0.080059804,1.1422905,-0.13182871,1.4066874,-0.5879022,0.47185683,0.5908211,0.4067575,0.27391347,0.21310814,0.19745529,-0.6743795,0.97140026,0.9805488,1.6528131,2.7636986,0.6474251,-1.5353227,-1.4422169,0.6295882,-1.8320965,-0.042745154,0.5535603,-0.33466342,1.7384148,-0.45802703,-1.4423059,2.491602,0.576452,0.26897204,-1.4571501,-1.5094442,0.7228766,0.72447705,-0.4768084,-0.09819906,-0.95116323,0.49837747,-0.28643554,-0.06438217,0.61285084,-0.060240548,0.73932856,1.6454133,-0.93927103,0.22327282,0.14969005,1.1690435,0.34289575,0.52887493,-0.8928874,-0.0131917,0.8496759,-0.6975076,-1.0237412,0.48105636,-0.60802007,0.64965063,-0.42227772,0.12118402,0.12611707,-0.71685976,0.11660097,-0.17031491,0.46224928,0.78710455,2.2667398,0.60182905,-1.3288554,-0.20704909,0.33763632,0.79754883,0.55143917,0.1540028,0.9950282,0.11004063,-0.1019684,-0.15999281,-0.17687954,0.045822456,-0.111494124,0.7855608,-1.0171316,0.7327128,0.73483783,-0.7875736,-0.75537676,0.2343254,-0.40477863,-1.2782685,-0.9466445,-0.5818483,-1.439428,0.4833411,-0.60086685,0.39573243,-1.3422375,-0.49845067,-1.2519499,-0.01097357,0.8056376,-1.1024438,-0.2794687,0.41185442,-0.38528422,0.32443547,-0.7463829,-0.2651222,0.9134252,0.8554518,-1.4525326,1.1058232,0.02993767,0.612765,0.85196847,0.16179053,1.1607031,-0.51379657,0.6022074,-1.398663,0.7109046,1.3338099,-1.6602077,0.79771835,0.31848332,-0.77754045,0.048694957,-1.3679938,-0.6160982,-0.62558573,0.41176787,0.34550604,-1.4848999,1.6016126,-1.4767398,1.4888612,-0.9833188,-0.2215312,-0.7265436,-0.58937544,-1.5478276,1.1589807,0.43793914,0.009145173,0.29669568,0.2648723,-0.5174264,0.6822912,0.9417584,0.38300118,-0.93484896,0.8771937,-0.5515004,-1.000901,0.51051044,0.83971244,-1.2414454,-2.1140919,-1.7174436,-0.55556506,1.2862692,-0.75559133,0.37647173,0.88680273,-0.27358738,0.480557,-1.2459847,0.0910264,0.5609976,-0.74544173,1.3967859,0.3746952,1.3596922,-0.5762723,-0.6419216,1.154676,-2.31618,-0.5597828,-0.56730604,1.4916927,0.5370869,-0.13284437,0.80136275,0.44448432,-0.4700402,-0.45058498,0.7459566,-0.77903455,1.778174,0.55109805,-0.73228645,1.6496199,0.14633562,0.93227816,-0.6321394,-0.5575388,1.9389399,0.2801294,-0.03510974,-0.5302548,-0.008636673,0.5542007,0.13318826,0.018220311,-0.21057399,-0.2674103,0.41460308,1.4712968,-1.7010556,-0.61686134,-0.91903514,0.10006461,0.733587,1.6037498,1.5185709,-0.05202131,-1.1599052,-2.3618386,0.071249135,1.0574185,-0.29049325,0.5419275,-1.377592,-0.0054168105,0.14175335,-0.39527595,-0.7280803,-2.128918,1.939293,0.29723173,0.55534077,1.7836145,-1.0672282,-1.2340622,0.22405042,1.0183339,-0.08131005,-1.005725,-0.228593,0.96488094,-1.4350151,0.7202642,0.33663824,0.22907178,0.21039788,0.13449855,0.83719033,0.73635644,-0.34168053,-1.0681332,-0.0774443,0.8436257,-1.6497582,-0.718617,0.29641113,-1.9418925,0.5523681,-0.73038465,-0.59936076,0.1042814,-0.6087979,-0.7561365,-0.9888007,-0.28264076,-0.8195002,-1.2592665,-0.13794352,-0.8822846,-1.843218,1.2916516,1.5514883,-1.6237084,0.29028857,0.34067535,0.23193634,0.55438596,0.045782764,-0.5011298,0.4169745,-0.5641106,-0.034351557,-0.6626039,-0.81470186,-0.6989467,-0.384704,-1.3598067,-1.346047,1.210493,1.0564897,-1.6757277,-0.30128095,-0.22771537,-0.4849333,0.98703665,0.35431388,0.13698627,-0.15075393,-0.52267253,-0.08984103,0.13898425,1.0008694,0.20725608,-0.43700162,0.6323524,0.692152,0.008695841,1.4355083,0.29118386,-0.12178305,0.44783688,0.27153543,-1.2981895,0.45730138,-0.16517125,-0.15976219,0.5609739,-2.1182382,-0.67712146,1.8251566,-0.7349861,-0.874571,-0.16149239,0.7328477,0.33237165,0.6646232,0.50286406,1.2943836,1.4962908,0.7440629,1.8872986,-0.8578318,-1.2767727,0.051640987,0.38382658,-0.88349265,-0.98327136,0.74542993,0.63743246,2.3458297,-0.53500384,0.12749492,0.9295147,-0.8128645,-0.83308274,0.4193981,0.5148599,-0.39861712,-0.5207446,0.258448,-0.7027996,-0.0979039,-1.8530461,-0.13216154,0.45712137,0.5894695,-0.7576113,-0.22969162,0.48110747,0.4601433,-0.79641134,0.76170105,1.4704889,1.2216271,-0.16561757,-1.2329594,0.018349936,-0.670217,-1.740013,-0.21030056,-0.4933037,-0.4992011,-0.20285864,-0.061278123,-0.24514867,-1.2143369,-0.5330785,1.2495223,0.061249275,-0.2503946,0.08838443,-1.1817468,1.8151125,-0.7702963,-0.13349026,0.650345,0.75848943,-1.4200939,-0.1380467,-1.0651759,-0.6417262,-1.0832624,0.22472113,0.44421673,0.8170044,-0.5478115,1.8052278,0.00025920072,-0.3584703,0.39150465,0.41403046,0.3938516,0.663259,-2.2940156,1.1615405,-1.0957408,-1.5567776,0.20285141,0.6323535,-0.38040948,-0.52509356,-0.55301094,0.62260586,0.29253688,-1.1854753,1.465818,2.0903199,-0.55657727,-0.4957461,1.0874363,0.37609208,-0.8266236,-0.17469966,2.691745,0.7551882,1.2693597,-1.1877314,-0.3519409,-0.23587382,-0.5282828,-0.34838906,-0.49212325,-0.57770973,0.11636492,0.83225155,-0.82829255,0.68118715,-1.1386503,-0.31399596,1.2176267,-1.1089777,0.024011957,0.11732138,-0.017598728,-1.3522323,-1.1018031,0.70469683,1.4118835,0.2921423,0.0048963428,0.4751052,1.2603608,0.6160113,-0.18943621,-0.75012153,0.4941993,1.3433176,0.4781448,-0.18383664,-1.3945416,0.72262925,1.6861935,-1.0044667,0.6819911,-0.5725929,-0.6494221,-1.5476366,1.3482152,0.47378063,0.29761735,1.3418547,0.7676785,0.5147324,0.67206216,-0.57665825,-0.37055597,-0.8513234,-0.24492824,-0.34999487,-0.15719831,-0.84792614,-0.29379666,-0.9516861,-0.18212737,0.078541815,0.76319045,-1.1736556,0.62198,-0.053768408,0.69854647,0.05199565,-0.22143458,-0.45336738,-0.14959608,-1.1595497,2.0187855,1.2026589,0.17720157,-2.0451076,0.22488268,0.91636294,0.13858841,-1.3314687,0.5406383,-0.20215994,-1.2426311,-0.1554022,-1.0761542,0.06371307,0.5683475,1.4359242,-0.86940175,0.89877564,-1.8693417,0.80255723,0.14771086,-0.91543454,-0.001010018,0.19051264,-0.7025559,2.1601622,1.2580602,0.5658306,0.18908167,1.1818123,1.2347621,-0.016607737,0.12618949,-1.687796,1.0285175,1.0729815,0.20520635,-1.2479386,0.046751965,0.3092425,-0.69938534,1.3947808,-0.73997074,-0.63483644,-0.6437438,-0.5763371,-0.4571948,-0.45161542,-0.9850972,-0.36736384,-1.0421076,-0.13357744,-0.70908785,0.27648598,-0.27803656,-0.99711686,0.7613755,0.14067434,1.1259001,0.92939204,0.57768315,0.3587731,-0.70956856,-0.164963,-0.9665455,-1.23777,0.945497,-0.859792,0.10602227,-0.19600438,0.95079356,1.819301,0.8598593,-0.0745522,-0.13143246,-0.009988905,-0.46578643,0.52615315,-0.29451945,-0.31657633,0.028619757,0.031779546,0.06646579,-1.4769311,0.012779206,-0.2380284,0.99986404,0.20885915,0.22955768,0.50816864,0.76255876,1.2794914,0.24979307,-0.8444088,-1.1857026,-0.8637093,0.46768522,1.5471761,-0.43110317,-0.49380273,-1.064019,0.5466855,1.2029387,-0.9639126,0.5545145,0.099267244,-1.7471817,2.2480369,-0.7222988,0.16222191,1.253295,-0.3250737,0.5542811,-0.47578353,0.97667015,0.64754057,0.98493385,-0.8290483,0.45869836,0.39324015,0.444122,-0.8484561,-0.27675217,-0.4577747,-0.34418893,-1.3149899,-0.8003289,-1.0089883,-0.19995502,-1.021298,-0.7731093,1.1861832,0.29085183,-0.8909316,-1.2641685,-0.06345681,-0.58895296,0.31934276,-0.8126233,0.38535768,1.9806912,-0.35234275,0.941076,-0.5253283,-0.46071124,-0.54999846,0.056069244,0.63445026,0.60998636,-0.531134,0.5626774,0.7363431,0.42483386,-0.5072264,0.45390326,0.87059563,-1.0569314,0.12618694,1.0776752,1.4741014,0.12357094,-0.504065,-0.9081562,-1.0230792,-2.3384814,-0.29332587,0.7352073,1.1015266,-0.89780265,0.9955498,0.43251935,0.4507943,0.062939964,0.1470792,0.13963507,0.7103559,-1.284901,0.9888116,-0.28750816,-0.68552846,-0.2979957,0.0033320517,-1.2470096,0.17871134,0.30865273,-1.1116935,-1.905028,-1.351033,0.2365884,-0.2158403,-0.6672618,-0.37389022,-1.4392515,0.049418904,0.22935164,0.7662432,-0.26899928,-0.19091533,-1.1057179,0.24800436,-0.5768336,-0.5677341,-1.0514787,0.9393612,-0.65634483,0.6034156,0.4317432,1.2761745,0.8224386,1.1153733,-0.5833697,-1.0480194,-0.5681378,-0.69906557,1.0342166,-0.4579502,-1.5223643,0.7142866,0.40969196,1.3076394,-0.24582548,-0.31442446,1.130979,-0.43159705,0.8507339,-1.0475845,1.8619388,0.97334546,-1.1420896,-0.7163167,-0.64927363,1.0581896,-0.37994698,-0.5837724,-0.40722197,-0.2916692,0.60191256,-0.22382805,-0.09025122,-1.8072386,0.32417914,0.68090785,0.9968136,0.6008487,0.49734873,-0.5798632,-0.84283555,0.60372895,0.6263143,0.013710314,0.47287065,-0.06114146,-1.6234634,1.5938793,0.5254188,1.5558397,-1.2858047,0.031731248,0.07237251,0.54386365,-0.8493417,0.44861692,-0.3142652,-1.6860783,-0.39600244,-0.1531705,0.22081652,0.016926086,0.4146026,-0.58533126,0.69217837,0.258158,-0.6177944,-0.028204847,0.141752,1.3116958,0.7798058,1.4582493,-0.481217,0.97126436,0.34434766,0.36040372,-0.12330425,0.54568624,0.30784962,-0.51596355,1.0573728,1.5846509,1.5618562,2.1245131,0.41720074,-1.5849519,-1.037624,0.7704821,-1.6242821,-0.53079337,0.83636916,-0.38402194,1.7712681,-0.4160096,-0.9644164,1.6982807,0.2425035,-0.031454064,-1.2946031,-1.0524465,0.7811298,0.71788895,-0.69098914,-0.30038542,-0.46671662,0.25047857,-0.49116737,-0.035722632,0.28567868,0.22116932,0.49345332,1.3516481,-1.8077049,0.6588489,0.3455885,0.84260255,0.38918686,-0.16060756,-1.4104393,0.3655731,0.6496849,-0.894096,-0.5407165,0.39776707,-0.61378443,1.5519234,-0.1689535,-0.25216994,-0.090173684,-0.96378314,0.037614863,-0.16572043,0.7534396,0.76778615,1.9957024,0.35939,-0.89170694,-0.5360516,1.0468266,0.7784158,0.68329626,0.2552994,1.6870527,0.38913888,-0.43285793,0.03671815,-0.557649,-0.044847153,0.289826,0.93133175,-0.4329838,0.4546051,0.84438455,-0.5322624,-0.7495838,-0.09920301,-0.12717271,-1.0154488,-0.71756566,-1.1302073,-1.5307417,0.34592032,-0.92929363,-0.5768,-1.3645378,-0.34759906,-1.4195569,-0.5423683,0.38216013,-1.075981,-0.6067034,-0.043239232,-0.3736245,0.44830027,-0.46793693,0.3063092,0.41605482,0.6750174,-1.9979553,0.7590168,0.7421256,0.8632952,0.60044795,0.51847714,1.0369389,0.1206098,0.532853,-1.4412056,0.39732742,0.79841465,-1.2377216,0.38971087,0.1953693,-0.34922802,0.46123973,-1.216624,-0.803016,-0.20297638,0.28188795,-0.41049284,-1.1262614,1.6854483,-1.6518917,1.4746535,-1.1498854,-0.19739862,-0.6004443,-0.4352518,-1.6226046,1.3826947,0.20627709,0.18874983,0.76366127,-0.23983106,-0.43273133,0.22659259,1.2641122,0.112286605,-0.5395713,0.74326473,-0.7317921,-1.3525416,0.8930642,1.1074785,-1.2358363,-1.6569118,-1.4470352,-0.43193135,0.98710996,-0.43204623,-0.59667504,0.9938754,-0.33462355,0.90217257,-0.68258953,-0.078744575,-0.005111918,-0.7634978,1.0533204,0.21444197,1.0274267,-0.5547508,-0.8764676,0.9196869,-2.2753787,0.028596591,-0.64776677,2.0893035,0.67248094,0.38327014,0.35215306,0.4470798,-1.0207703,-0.24087723,0.7500727,0.08258389,1.357175,0.8519853,-0.54095304,1.8617077,0.35845515,0.9824308,-1.0811466,-0.16591242,1.87099,-0.1483669,-0.4133889,-0.630414,-0.069210336,-0.23341854,-0.19508627,0.3387958,-0.40988034,-0.29472166,0.99971807,0.88939446,-1.9526908,-0.73447704,-0.6898336,0.46529213,1.2552159,1.4966235,1.3233353,-0.37464827,-1.0798872,-2.422815,-0.07681556,0.9120776,-0.037006527,0.23853716,-1.2335308,0.21406655,0.6810626,-0.33357042,-0.760738,-1.8550688,1.7424526,0.37965128,-0.16058613,1.568157,-0.28091714,-1.4179276,0.063656345,1.4379699,0.1323077,-0.9354213,-0.48680457,1.0421417,-0.6524664,1.4734275,0.7933413,0.0665644,0.36269465,0.17469339,0.75757366,0.4170498,-0.75359255,-0.96064854,0.08811888,0.53140604,-1.0114807,-1.0880054,0.7216031,-2.0753067,0.48493594,-0.67205304,-0.25320658,0.27854565,0.04912994,-0.48613566,-0.82394046,-0.33952856,-1.2049811,-1.6888396,-0.22954932,-0.662564,-1.5984803,1.4998443,1.9021447,-1.6249748,0.6620598,0.25733036,0.13921973,0.6286563,0.4320529,-0.4029405,0.36921254,-0.9685234,0.054384936,-0.28316796,-1.4418148,-0.48698077,-0.017306859,-1.7123253,-0.9809675,0.97773457,1.6105273,-1.2135689,-0.06073786,-0.12107959,-0.7925584,0.65712655,0.7862822,0.40176764,0.56881475,-0.38560358,-0.6574071,0.16900808,1.0439452,0.041516107,-0.3855597,0.7031809,0.018808538,0.14353693,1.708017,0.375332,0.02719317,0.7714902,0.33850765,-1.0437462,0.2837438,-0.1758835,0.0062301876,0.55305225,-2.1543717,-1.1608942,1.2180998,-0.38704214,-1.3503329,-0.5858489,0.36586562,0.4208625,0.608948,0.23817447,1.178981,1.1925379,0.9225176,2.052147,-0.86236334,-0.9884691,-0.904504,-0.1358935,-0.5924536,-0.67607874,1.2416337,0.8732131,2.370243,-0.7088674,0.39038453,0.45421964,-1.1780739,-0.89773715,0.25911796,0.5182349,-0.6864118,-0.122508146,0.4493031,-0.99158514,-0.029407308,-1.5246993,-0.064576544,0.6045839,0.28749943,-0.6949259,-0.25836256,0.0993336,0.12284944,-0.46992272,0.96742755,1.2466629,0.5964097,0.101004764,-1.0606467,0.07362728,-0.6053797,-1.8336627,-0.06186081,-0.14352843,-0.5257081,-0.10606325,-0.43202716,0.13958487,-1.3303087,-0.6391064,1.3091133,0.15386906,-0.30697176,-0.14127016,-0.38879782,1.6371559,-0.90122163,-0.69628036,0.8789252,1.3975391,-1.9052957,0.15887593,-1.1191033,-0.32657573,-0.95926064,0.423872,0.52914727,0.7881931,-0.16317973,1.3479798,-0.089917876,-0.60032886,0.1184693,0.67737067,0.0925418,0.67209435,-2.3908203,0.97666866,-1.0050141,-1.5506691,-0.12882823,1.0194436,-0.37747842,-0.17949805,-0.40585834,0.8688297,0.4063545,-0.74489546,0.95422775,2.3410454,-0.7373398,0.09119421,0.68178743,0.052567255,-1.0374385,0.18742134,2.783607,0.15598395,1.198849,-0.7054731,-0.09114627,0.04053791,0.03882748,-0.6397753,-0.4067366,-0.7588753,0.27539065,0.922142,-0.5982569,0.7159292,-0.62577754,-0.36710727,1.1700903,-0.4684817,0.34532613,0.43233648,-0.26163983,-1.8150641,-1.3122873,0.79110754,1.210778,-0.010698028,-0.13974783,0.71202004,1.1689532,0.7496454,-0.41489586,-0.19586523,0.42993245,0.9649016,0.4984234,-0.5403033,-0.9773617,1.1989686,1.5371274,-1.5821774,0.9002304,-0.6454061,-0.44125095,-1.5729005,0.9934338,0.8489512,-0.07850309,0.8306185,0.4558127,0.32049292,0.59221977,-0.6186945,-0.01506263,-0.51771224,-0.5271646,-0.113650486,-0.2698416,-0.68636626,0.4214786,-1.1838993,-0.070362546,0.31215134,1.4413042,-0.16045618,0.3836835,-0.6681498,0.88519937,0.27763414,-0.63028204,-0.39275804,-0.22887984,-0.84427154,1.9399208,0.8103181,-0.26504368,-1.754843,-0.03993845,0.6273959,0.71298754,-0.88800204,0.7752062,-0.08793472,-1.2657728,0.042380743,-1.4537323,-0.5340302,0.35683098,1.4896884,-0.43220013,1.0599205,-1.2935691,0.76520187,0.16579835,-0.8427229,0.30637723,-0.48098022,-0.3751213,1.6331022,1.035093,0.16594031,0.25557065,1.1970769,1.0147656,0.614427,-0.8920466,-1.1017554,0.74773264,0.95497876,0.17992312,-1.0891014,-0.1613143,0.36145863,-0.17927858,1.3319271,-0.63460463,-0.5474875,-1.01579,-0.28481063,-0.63159585,-0.18723461,-0.6001164,-0.34307152,-1.4173121,0.20511839,-0.97260225,-0.045800187,0.59396863,-1.1969783,0.36827096,0.2791624,1.2760552,0.76706487,0.4559257,0.20221177,-0.7717346,0.45533013,-0.9807428,-0.7665397,1.1287842,-0.9023798,-0.17221072,0.20434895,0.8630864,2.0064142,0.7555766,-0.20885918,0.24985547,0.31879413,-0.13274948,0.32202804,-0.33185744,-0.81481266,0.24659996,-0.15865918,-0.061892748,-1.3205589,-0.13607533,-0.1488185,0.68265545,0.53773946,0.6296546,-0.012459695,0.30507964,1.8056446,0.06936017,-0.8545883,1.0
ル,0.3267319798469543,0.504282534122467,0.3891793489456177,-0.644690990447998,0.2492967098951339,0.391729325056076,0.4885049760341644,0.0353201478719711,-0.295425534248352,-0.2600056529045105,0.4705418050289154,-0.4227430522441864,-0.4308756291866302,0.1589376181364059,0.3833131790161133,-0.1555226296186447,0.6771259307861328,-0.0070297834463417,-0.3241260945796966,-0.3549616932868957,-0.0278582032769918,-0.4655970633029938,-0.2775838077068329,0.5848970413208008,0.1186504065990448,-0.0684032440185546,-0.2162544131278991,0.0265272781252861,-0.2166880667209625,-0.4534425437450409,-0.5388060808181763,-0.4368718266487121,-0.2406570315361023,-0.0648179501295089,0.276409238576889,0.0543523505330085,-0.416244775056839,-0.1365386098623275,-0.1512780487537384,-0.1801581680774688,0.0069831199944019,-0.1989595890045166,-0.3204800486564636,0.0230019781738519,-0.4740468263626098,0.6393707394599915,-0.0073666828684508,0.4136851131916046,0.4353609383106231,-0.4213240146636963,-0.3094359338283539,0.289673388004303,0.3110057413578033,0.0382635742425918,0.4445213377475738,0.2003601044416427,0.6658976674079895,-0.4736901521682739,-0.2465175837278366,0.2811830639839172,-0.5472894310951233,-0.0253186244517564,0.5460535883903503,0.349573403596878,0.046179860830307,-0.2740751504898071,-0.2959727942943573,0.2039665430784225,-0.4295756816864013,-0.1771292686462402,-0.0226788148283958,0.1842251867055893,-0.1287569254636764,0.1752234548330307,1.0723930597305298,-0.0710352510213851,0.361193984746933,-0.1056608483195304,0.2930122315883636,-0.4511431157588959,-0.1169870719313621,0.2361347377300262,-0.1731827557086944,-0.7000932693481445,0.2416944503784179,0.4530516862869262,-0.184717372059822,-0.9327515363693236,0.1683125644922256,-0.2972277700901031,0.1019080281257629,0.1785274595022201,0.3188952505588531,-0.1510434448719024,0.2095098942518234,-0.5624170899391174,0.071826659142971,0.1156753599643707,-0.0019789640791714,0.1879253983497619,0.1076056584715843,0.0365924350917339,0.0773095712065696,-0.2180373072624206,-0.3064020574092865,-0.0419833473861217,-0.0543883815407753,0.0971352979540824,-0.1505163311958313,0.2135598510503769,-0.1776060312986374,-0.5533260703086853,-0.3114620149135589,0.1915563493967056,-0.1114105656743049,0.0397476218640804,0.1841901242733001,0.5035329461097717,-0.0344909764826297,0.6821163892745972,0.147258311510086,0.3250342309474945,0.0981586426496505,-0.3296723663806915,0.0727170556783676,-0.0620832107961177,0.1228261888027191,0.179835706949234,-0.2774180173873901,-0.074716679751873,-0.3984164297580719,0.2520693242549896,-0.2921371459960937,-0.3765508532524109,-0.6780340671539307,0.6243751645088196,-0.1838598102331161,-0.1403094679117202,-0.680529773235321,0.0007872059359215,-0.3262399137020111,0.4352965354919433,0.2223626375198364,-0.3203668892383575,0.3129109740257263,-0.0346749126911163,-0.3262746036052704,-0.4348961412906647,0.1461231559514999,0.3253750205039978,-0.1087788566946983,1.305041790008545,-0.8493898510932922,-0.0352116897702217,-0.0678188949823379,0.2587876915931701,-0.2110901474952697,-0.1314795911312103,0.2126944810152053,0.4045405387878418,0.4589438438415527,-0.4968355000019073,0.4671243727207184,0.762880802154541,0.1037597581744194,0.5101765394210815,0.4030967354774475,0.2913702428340912,0.3247058689594269,1.1106821298599243,0.4403388202190399,0.3149027824401855,-0.1746834516525268,-0.4148858189582824,0.2988938987255096,0.3918623030185699,0.2478193044662475,0.0748790353536605,0.3699105083942413,-0.6064022183418274,-0.1216680407524108,0.207931712269783,-0.2407763004302978,-0.215098425745964,-0.0199975483119487,-0.236678197979927,-0.2011442929506302,-0.4585068225860595,-0.4124470353126526,-0.0369753390550613,0.1035453081130981,-0.2105586528778076,0.2108959108591079,-0.5588843822479248,-0.153098851442337,-0.0092740580439567,-0.315667450428009,0.0164822563529014,-0.4316007494926452,0.1987726837396621,-0.1619186401367187,-0.0065610553137958,0.1626398861408233,-0.6173220276832581,-0.7654948830604553,-0.0158118456602096,0.4284592270851135,0.5024276971817017,0.3075867295265198,0.4950095415115356,-0.3036954998970032,-0.0054140617139637,0.0475791729986667,0.1158722341060638,0.1027875319123268,0.3564533293247223,-0.7489498853683472,-0.4544898569583893,0.0612788349390029,-0.3921308219432831,0.704927384853363,0.2117279767990112,0.478976309299469,0.0747089385986328,-0.3110966384410858,0.0881793275475502,-0.0790814012289047,-0.4825069606304168,0.0320451147854328,0.1151748076081276,-0.2791180312633514,-0.1340673714876175,-1.1665174961090088,-0.3765600025653839,-0.4259424209594726,0.187160313129425,0.1213842332363128,0.6426771879196167,-0.1291950792074203,0.5154077410697937,0.2109417021274566,-0.3010673522949219,0.3367121815681457,-0.0737029463052749,-0.0221858900040388,0.0571483336389064,0.1766414046287536,-0.0318243876099586,-0.0835957154631614,-0.0046967309899628,-0.4829332232475281,-0.2986761033535003,0.1204177588224411,-0.096907652914524,0.4430013298988342,0.4860514998435974,-0.0046140705235302,-0.1711658239364624,0.0125350384041666,-0.3149752020835876,-0.4689663350582123,-0.5819075107574463,0.0002409204025752,0.1060202419757843,0.0616700090467929,0.1227379739284515,0.2092468589544296,-0.7467853426933289,-0.3344900012016296,-0.5020788311958313,0.229773536324501,-0.1828431934118271,-0.1581522077322006,-0.013825655914843,-0.6248232126235962,0.0394642390310764,0.0344801805913448,0.2151777148246765,-0.5918433666229248,0.3020890057086944,-0.3633238077163696,0.1191168576478958,-0.4950653910636902,0.1323170363903045,-0.0689977928996086,-0.3021509051322937,-0.4408633112907409,-0.1590704917907714,-0.4249633848667145,0.2704673409461975,0.0207506604492664,-0.6475901007652283,0.1805578172206878,0.3039320707321167,-0.2253986448049545,0.1784315109252929,-0.0056885783560574,0.0843304693698883,-0.2874521613121032,0.1659282147884369,0.2623980939388275,0.2792764604091644,0.2436927407979965,-0.1092260181903839,-0.2078377902507782,-0.3585308790206909,-0.148477241396904,-0.1495766192674636,0.5844904780387878,-0.9987764954566956,-0.2214705944061279,1.2479735612869265,-0.7758281826972961,0.0665553957223892,0.0045615681447088,0.813340425491333,-1.761072278022766,-0.1873277574777603,0.0281074680387973,-0.0907032415270805,-0.3177246451377868,1.0065730810165403,0.1290562748908996,0.1617098152637481,-0.1409191340208053,-0.2126087248325348,0.5713610053062439,0.3174176514148712,-0.4547329843044281,-0.3359846770763397,-0.0021418263204395,-0.0830781087279319,0.3133994042873382,-0.8415486216545105,0.269359827041626,0.4748408794403076,-0.1113406345248222,-0.0563197769224643,0.1997775882482528,-0.322866290807724,-0.0741044133901596,0.1755832284688949,0.1077265068888664,0.2823744416236877,-0.4987630248069763,-0.188886821269989,0.4283036589622497,0.8307878375053406,0.7468206286430359,0.7617159485816956,-0.2234761118888855,0.0543698854744434,0.6194729804992676,0.3152368664741516,0.647981584072113,-0.3520143926143646,0.0005843696417286,-0.289363145828247,0.58577960729599,0.0854745060205459,-0.1188040375709533,0.4101342260837555,0.5229565501213074,0.293756753206253,-0.1009606942534446,0.0768756493926048,0.9074493050575256,0.3311062157154083,0.255146861076355,0.269178181886673,0.1543388813734054,0.2703054845333099,0.1075630933046341,-0.33624467253685,0.1270171701908111,-0.3424801230430603,-0.0244117584079504,-0.1972653269767761,-0.200936809182167,-0.2870866060256958,-0.6078546643257141,-0.0719562694430351,0.0895940661430358,-0.7981278896331787,-0.0107164662331342,-0.4852672815322876,-0.6455111503601074,-0.2486627846956253,-0.1731563359498977,-0.7422149181365967,0.1068806946277618,0.7675581574440002,0.3430756330490112,-0.4887702763080597,-0.2028398513793945,0.1150262802839279,-0.2654612064361572,-0.0778926163911819,-0.1300008594989776,0.1266610622406005,-0.2747055292129516,0.2506229281425476,-0.47366863489151,-0.454752117395401,-0.6353906989097595,-0.2739436328411102,-0.7019457817077637,-0.0465927496552467,0.0159214623272418,0.5708001255989075,-0.1236029043793678,-0.1026419326663017,-0.1213594824075698,-0.389390617609024,-0.2697679996490478,-0.3769181966781616,-0.5609708428382874,0.0775345340371131,0.4289674162864685,0.5754312872886658,0.496806800365448,0.513799250125885,0.1437530517578125,0.225522980093956,-0.2153615057468414,0.100604623556137,-0.2551022171974182,-0.5030132532119751,0.5300812125205994,-0.0444314815104007,0.3157464563846588,0.1196122169494628,-0.1533194631338119,0.6169959902763367,0.1200296878814697,-0.4377939999103546,0.0147731797769665,0.5540763139724731,-0.2375573366880417,0.3867173194885254,0.0738726258277893,0.9268486499786376,0.0752368420362472,0.4006178379058838,0.0721965283155441,-0.3297509551048279,0.2454726696014404,-0.0969294235110282,-0.3826265335083008,-0.0927560925483703,-0.0997589826583862,0.5404260754585266,0.5491176843643188,-0.0390110909938812,0.224794715642929,0.448674201965332,-0.3622162640094757,0.0187327340245246,0.1122161820530891,0.1531114131212234,-0.3659898638725281,-0.4390119314193725,-0.2144922763109207,0.1196262016892433,-0.8909561634063721,-0.209301546216011,0.2322250306606292,-0.0040029347874224,0.0986885353922844,0.0086712418124079,-0.4359364509582519,-0.3386326134204864,-0.8251433372497559,0.0996816083788871,0.1340792626142501,0.4725130200386047,0.3636029660701751,-0.51699298620224,-0.7288557291030884,0.5992422103881836,-0.3299131989479065,0.4728330671787262,-0.0762687996029853,-0.350804328918457,-0.6304427981376648,0.7653645277023315,0.0229078754782676,0.1178648471832275,0.3792878091335296,0.3151600360870361,-0.1227108538150787,-0.462264746427536,-0.1619949489831924,-0.2019966393709182,0.1037320494651794,-0.1361646801233291,0.4494776427745819,0.2585809230804443,-0.7056407332420349,-0.76743084192276,-0.2513591051101684,-0.2874118983745575,0.4968950152397156,-0.5697029232978821,0.339332640171051,-0.3406864404678345,0.3861749768257141,0.2856632769107818,0.5926978588104248,-0.1450183093547821,0.2671835124492645,0.6667153239250183,0.724128782749176,-0.1697767525911331,-0.0523705743253231,-0.1099754944443702,-0.0011484316783025,-0.1357564479112625,0.6046919226646423,-0.0798500701785087,-0.008443709462881,-0.1238091066479682,-0.8375066518783569,0.1677598059177398,-0.0895283818244934,-0.8037627935409546,0.7500090003013611,0.4310073852539062,0.0456083044409751,-0.3191115856170654,-0.0979274064302444,-0.8494911789894104,0.2522884905338287,0.2028941512107849,0.0811270251870155,0.0439445450901985,-0.6024342775344849,0.2184132933616638,-0.1976793259382248,-0.5514538288116455,0.3235717713832855,0.3739212155342102,-0.4451651573181152,-0.1253710091114044,0.28300940990448,0.3402640521526336,-0.2056640535593032,-0.0801890864968299,-0.3719019293785095,-0.0533611662685871,0.524002194404602,0.152753934264183,0.4569866955280304,0.708453893661499,0.0394307859241962,-0.0613542422652244,0.3606171011924743,0.4170361459255218,0.1632057428359985,-0.1810569763183593,0.1012683510780334,-0.1802436411380767,-0.6118770241737366,0.1879178583621978,0.2436230629682541,0.2829311788082123,-0.030719781294465,0.2523505389690399,0.7462795972824097,-0.4738180637359619,0.0379580743610858,0.4380264282226562,0.201602429151535,0.8641093969345093,-0.3401079177856445,0.0631332844495773,-0.5161869525909424,0.1041406393051147,0.0428745634853839,-0.1054497510194778,0.141892671585083,-0.0321596153080463,-0.3341409862041473,-0.5866129398345947,-0.038739513605833,0.4336657226085663,0.1068255230784416,0.8300034999847412,0.3175491988658905,-0.3696500957012176,0.6411426067352295,0.1251225620508194,-0.238680213689804,-0.1703198403120041,-0.1426229923963546,0.1360370367765426,0.5619893074035645,0.2192840129137039,0.6944481134414673,-0.5882658362388611,-1.0026215314865112,0.006992554757744,-0.2116232365369796,-0.1053381785750389,0.3487311005592346,-0.7125884890556335,-0.1822008639574051,0.3164593279361725,-0.210497498512268,-0.2970026731491089,-0.0677070468664169,-0.8756309151649475,0.1947965919971466,0.2422448992729187,-0.4073378443717956,-0.2278879433870315,-0.1371562778949737,0.3729032576084137,-0.023781668394804,-0.2348287552595138,0.0500561147928237,0.7955353260040283,-0.1886819303035736,-0.4642846584320068,0.1191840767860412,0.1427996754646301,0.130125030875206,0.100260429084301,0.0597211942076683,-0.683070719242096,-0.0700760334730148,-0.1741533726453781,-0.3724754750728607,-0.0252495259046554,0.2463886737823486,0.1751758754253387,0.267403244972229,-0.2065415829420089,-0.354124516248703,-0.25865039229393,-0.1415382027626037,0.1057116687297821,-0.5515578985214233,-0.0818513482809066,-0.1274208575487136,0.067889928817749,-0.0141771370545029,0.0427816957235336,-0.0644277855753898,-0.1679948568344116,-0.6305610537528992,0.1862228214740753,-0.9479663372039796,-0.2207952141761779,0.4355023503303528,0.0418233089148998,-0.1436243802309036,-0.944079041481018,0.3095574378967285,0.0753363743424415,0.4859519898891449,-0.0591470524668693,0.3895473480224609,-0.1722027957439422,0.4495869576931,0.2307757884263992,-0.4454110860824585,0.3099581003189087,-10.271347045898438,-0.2254373282194137,-0.6124522686004639,-0.3556426465511322,0.2084318399429321,0.1765032112598419,0.7559671998023987,0.0992186889052391,-0.4085058271884918,0.0534823797643184,0.339387983083725,0.7454551458358765,0.5641279816627502,0.799053966999054,-0.8186019659042358,-0.2134899646043777,-0.3583584725856781,-0.2594962418079376,-0.0355873592197895,-0.2031535506248474,0.2094049453735351,-0.4164888560771942,0.7312559485435486,0.6766772866249084,-0.4954853355884552,-0.2237013429403305,-0.497884452342987,0.329694926738739,0.0586513727903366,0.7140833139419556,-0.4454948008060455,0.6512873768806458,0.0133997332304716,0.4293562173843384,-0.0811167433857917,-0.09075728058815,-0.1363884508609771,0.5629774928092957,-0.3571276664733886,0.643925666809082,0.160020962357521,0.7590019106864929,-0.279123455286026,-0.3061985373497009,0.0805494040250778,0.4457494914531708,0.5086052417755127,0.4723740220069885,0.6940380930900574,0.2740190029144287,0.1002665534615516,-0.1793662011623382,-0.2128323167562484,0.0730151161551475,0.1171372979879379,0.1139796897768974,0.9575792551040648,0.0290617011487483,0.2050649374723434,0.3395489454269409,0.6473352313041687,-0.3669528067111969,0.3318167328834533,0.7136003375053406,-0.1391368061304092,0.0332276076078414,0.2186232954263687,0.4464263617992401,-0.3211424648761749,-0.1140047535300254,0.189930185675621,0.5199828743934631,-0.2167618423700332,0.2228578925132751,-0.6123327016830444,0.2954936325550079,0.0284136030822992,-0.1343257576227188,0.0520612411201,0.6001419425010681,0.446128636598587,-0.2191944718360901,-0.2631876468658447,0.2700689136981964,-0.6663702726364136,-0.1921061277389526,-0.1096558570861816,0.1401856690645218,0.4271815717220306,-0.6189101934432983,0.3425246775150299,0.1055577546358108,-0.4600609242916107,0.1795538067817688,0.6915600299835205,-0.3033600151538849,0.1349276304244995,0.1071744114160537,0.1366688162088394,0.0002114886592607,-0.86483306,-0.55079544,0.7588883,1.7654414,-1.4504402,-0.50754416,-1.718703,0.34143218,1.1885352,-0.59392023,0.12776516,0.291359,-1.3768058,2.1243708,-0.28001618,0.11411271,1.4784425,-0.74113995,0.8045726,-0.16021565,0.35240668,0.20286757,1.061838,-0.8019131,0.68102163,0.7945905,0.5566846,-0.54403603,-0.20548043,-0.82715416,-0.19066356,-0.6577828,-0.72493696,-0.7261095,0.2869897,-1.2932804,-0.93057024,1.0674103,-0.20872867,-0.030418057,-1.2430408,0.70568615,0.48360068,-0.12027794,-0.27240637,-0.264192,1.6852221,-0.31974614,0.35430616,-0.37277007,-0.5807765,-0.09078618,0.6900273,0.73492026,-0.14349154,-0.42901736,1.1108488,1.0472348,0.61534977,-0.4857923,0.38718352,1.7053654,-1.0366458,0.23559017,0.62697357,0.75665444,-0.08073446,-0.44862646,-0.11178755,-0.48500866,-2.3067992,-0.61996406,0.12115251,1.0463204,-1.3361416,0.38709676,0.67663246,-0.5133086,-0.1777983,0.4546638,-0.026488379,0.47339877,-0.54797304,1.1863084,-0.9308182,-0.42080456,-0.5286704,-0.165039,-1.700273,-0.19583753,0.46659297,-1.4377922,-1.3706226,-1.1716969,0.8258127,-0.32271257,-0.111705884,-0.108771086,-1.7694707,-0.18297407,0.100034595,0.93973255,-0.4198316,-0.41713077,-1.1924894,-0.036876637,-0.4760858,-0.6740471,-0.9005317,0.79477054,-0.42916656,0.9354546,0.2280131,1.889765,1.003484,0.46580023,-0.94019884,-0.98337924,-0.84927005,-0.056208026,0.7468277,0.11512373,-0.63644576,0.89279354,0.29862416,0.6342224,-0.42379877,-0.3181301,1.208802,0.15515986,0.9624138,-0.44720635,1.6685529,1.0924484,-0.65127385,-0.74228424,-0.81813514,0.58238196,-0.055389673,-0.52321976,-0.69570917,0.46781728,0.061277475,0.08843028,0.22244446,-1.9834148,0.087097056,0.8258008,1.0566404,0.22049019,-0.18409304,-0.35830104,-0.84954333,0.4437855,0.7771261,0.32051486,0.40944797,0.109543696,-1.2472938,1.5269451,0.14873913,1.0903697,-0.7512855,0.5406009,0.09881257,0.8962399,-0.59496605,0.5313004,-0.59442097,-2.133525,-0.518388,0.1880725,0.53758603,-0.17794533,0.93017876,-0.31048268,0.86813504,-0.15328144,-0.55867255,0.4411558,0.21342993,1.4151394,0.24805808,1.5841215,-0.040016912,0.89003956,0.5854053,-0.11735043,0.33441037,0.06280426,0.67443115,-0.72400105,0.88459516,0.74644214,1.6108036,2.713049,1.0289192,-1.5129484,-1.3722532,0.9463275,-1.4731607,-0.121154204,0.5280818,-0.720022,1.2332077,-0.48279396,-0.8234434,1.97156,0.6885809,-0.10266964,-1.5161637,-1.5556855,0.5831167,0.4057873,-0.40906385,0.02186729,-0.36231723,0.038412347,-0.5465636,-0.61439,0.16057721,0.52543896,0.41789532,1.1131498,-1.4579976,0.5938994,0.69517297,0.012281626,0.4331417,0.5501091,-1.033874,0.6083905,0.34576362,-0.4908857,-0.52083755,0.33853647,-0.47292107,0.9260141,-0.43718487,-0.14409435,0.17458443,-1.5721694,0.62467957,-0.03821157,0.47970766,0.8987587,1.9174659,0.64597374,-1.5429143,-0.477032,0.50090307,0.8508604,0.17986295,-0.012470846,1.1291934,0.99881124,-0.6106328,0.10920808,-0.35431778,0.15812182,-0.117247224,0.93704104,-0.009349078,0.26947975,0.27313194,-0.23572001,-0.7206044,-0.38741228,0.0066756885,-0.80256426,-0.72402346,-0.7223903,-1.108604,-0.0016168803,0.045387127,-0.00930592,-1.096493,-0.99085397,-1.1803879,-0.00021441281,0.8868927,-1.3601298,-0.46167293,0.16750821,-0.8327863,0.31116968,-0.668236,0.38996404,0.3973259,0.36741453,-2.1311386,0.92424893,-0.05353762,0.6598565,0.7346154,-0.007070616,1.2337154,-0.16570547,0.9158911,-1.4636445,0.6294674,0.7234663,-1.4227306,0.32491022,-0.8085656,-0.27148014,0.5945556,-1.4717627,-0.26571092,-0.50722945,0.37932295,0.24720898,-1.5264801,1.7644262,-2.2001555,1.1947697,-1.5587633,-0.84283406,-0.6135144,-0.4744091,-1.4350685,1.2838936,0.44615203,0.4967036,0.86978966,-0.5905793,0.3858814,0.53620434,0.70465094,0.5326054,0.54302025,0.7311164,-0.5140373,-1.6205719,0.2464712,0.5985673,-0.9303756,-1.5816553,-1.3892184,-0.29726878,0.14152491,-0.7255033,0.23771872,0.8463568,-0.52237594,1.2523496,-1.1044221,-0.5140892,-0.033093788,-0.759623,0.9749699,-0.5710461,1.3990123,-1.2067947,-0.39936855,0.9966698,-1.6723528,-0.3519391,-0.33108202,1.8162738,0.8810688,0.3498249,0.51878816,0.83353245,-0.73049814,-0.034929737,1.1490057,-0.19616368,1.7255348,0.8180214,-1.0630898,1.5835922,-0.08157274,0.8382864,-0.6458223,-0.2108365,2.0253835,-0.030013487,-0.72691554,-0.5142271,-0.6010326,0.32019714,-0.21223995,0.68420583,-0.022526849,-0.114194445,0.7423781,0.6975943,-1.2952638,-0.58944595,-0.64562505,0.7374833,0.72207695,1.6282024,1.0644864,0.003370434,-1.1502918,-1.5250201,0.6859508,1.0040823,0.39451325,0.23830584,-1.4018672,0.07103737,0.627423,-0.10696608,-0.92414737,-1.8265865,1.9646356,0.07883532,0.85781443,1.5373652,-0.37685144,-1.2528348,-0.21532393,0.9076383,-0.010160506,-0.7266239,-0.7077933,0.6260978,-0.6577443,1.6220635,0.6853269,0.33177316,0.17112243,-0.19072728,1.0050066,0.5578444,-0.8379888,-0.8803306,-0.43663347,1.1265738,-1.5904982,-0.2901064,0.7642154,-2.297903,0.35111016,-0.897854,-0.26234108,0.08720796,-0.8065385,-0.8689442,0.035453655,0.3989349,-0.43362772,-0.11376845,0.09706555,-0.6991248,-1.922281,1.558903,1.8667805,-0.90309405,0.56710106,0.5084733,0.24948934,0.70410436,-0.5139607,-0.54434925,0.26778466,-0.63626635,-0.22817297,-0.28401583,-1.436739,-0.3047181,0.49066687,-0.8553828,-0.7327473,0.8194661,1.3429813,-1.8612349,-0.4100483,-0.30652156,-0.5789138,0.79734915,0.6632483,-0.10027489,-0.08928056,-0.80945045,-0.0408661,0.22609995,0.23640274,-0.15579017,-0.6665499,0.7168451,-1.0642934,-0.06213583,1.5718377,-0.08611131,1.0726098,1.0143225,0.020237764,-0.6969403,0.29144046,-0.004086176,-0.03396184,0.98626065,-1.6496675,-0.9775132,1.3786724,-0.16728899,-0.865474,0.11756366,-0.14403382,0.15138496,0.7283587,0.8070419,0.97753215,1.1303055,0.8271034,1.5737938,-0.5602134,-1.1317595,-0.6515865,-0.21218438,-0.67495406,-1.2112339,0.24377866,1.2683892,2.1095448,-0.39768496,0.2370727,0.44835523,-0.9125829,-1.0177008,0.46089768,0.16956674,-0.8579751,-0.7541626,-0.10612108,-1.1850083,-0.15783954,-2.192614,-0.42762065,0.4427388,0.32868052,-0.41836023,0.34783256,0.67330486,0.046976328,-0.9250083,0.1686612,1.1967008,1.3093961,0.16176662,-0.93476605,0.19165093,-0.8223923,-1.2622838,0.11432198,-1.0496638,-0.7801218,0.2725541,-0.2969845,-0.277564,-0.8637625,-0.6554809,2.026752,0.31637532,-0.4664561,0.53587484,-0.7471708,1.7707032,-0.9936993,-0.99956757,1.1589631,1.237788,-1.6004944,0.07111834,-1.6930223,0.11045577,-1.075113,0.8913919,0.45653677,0.7782867,-0.14179106,1.5303514,-0.041231014,-0.50729567,-0.10520758,0.6848524,-0.4218958,-0.119228765,-2.2935205,0.65122,-1.1583611,-1.3791881,0.31873098,0.6791204,-0.34485573,-0.47063842,0.0063928887,0.2303191,0.43199775,-0.7053551,0.8115008,1.515382,-1.376187,-0.9398342,0.8364724,0.36589533,-0.61159647,0.005547734,2.7102137,0.5353211,1.3139739,-0.913077,-0.34840152,0.4379947,0.098395735,-0.8195206,-0.45887402,-0.39237273,-0.22777304,0.3558081,-0.4186411,1.2547525,-0.504151,0.02249457,1.180266,-0.8799864,-0.29401243,0.27456352,-0.1802982,-1.2029734,-1.5535189,0.54790664,0.5655572,-0.80955374,0.17316999,0.68513,1.385723,0.8002007,-0.8262968,-0.51707274,0.79403776,0.9249609,1.0710802,-0.731403,-0.7111753,1.3040441,1.071433,-0.67611444,0.7017758,-0.6327889,-0.6539911,-1.64265,0.984568,0.6654204,-0.088379025,0.9832387,0.62530494,0.46534637,0.47555053,-0.3814316,0.61171234,-0.4958123,-0.38972116,0.22505619,-0.14028512,-0.4733504,0.48490334,-0.6689675,-0.50902486,-0.4280459,1.2082973,-0.93013144,0.24391636,-0.24145578,0.4034376,-0.012254496,-0.43173403,-0.9537662,-0.71380246,-0.7861231,2.2300258,0.57878065,0.016150452,-1.596675,0.2704915,0.542336,0.9221636,-0.60856557,0.39789647,-0.13266018,-1.1721064,0.0428754,-1.4831192,-0.70422935,1.0902488,1.1132587,-1.0519238,1.0416205,-1.2804083,0.8919863,-0.9955608,-0.7275709,0.08193505,-0.09263998,-0.7407166,1.9531295,0.8894266,-0.00980505,-0.3207995,0.3647456,1.2260025,-0.48850077,-0.45666257,-1.9576867,0.9681879,1.1548547,0.35892278,-1.6115209,-0.06744009,0.42294288,0.03535702,0.912637,-0.9055083,-0.656848,-0.661065,-0.55148506,-1.0313818,-0.39795947,-0.50962156,0.13228694,-0.34818208,0.1105113,-0.6941865,-0.52605295,0.36523235,-0.42560643,0.61906195,0.47826502,0.9535376,0.6454994,0.88501656,0.19082013,-0.8974285,0.07269663,-0.96125,-0.83100057,0.7572427,-0.49111727,-0.4482382,0.9118818,0.94816554,1.6408095,0.22529782,-0.57296395,0.6606121,0.68294775,0.48831296,0.47908658,-0.7034171,-0.5565347,0.16172561,0.41475368,0.13801572,-1.0475528,-0.37183857,-0.08941274,0.44803834,0.6426888,0.41130376,-0.22830631,0.50668323,1.3796636,0.5825927,-0.3951817,-1.0961728,-1.1541219,0.88301605,1.3160306,-0.8719916,-0.41441512,-1.4446188,0.150815,0.71020955,-0.5707762,0.43247527,0.13718316,-1.5468479,1.706271,-0.6326427,0.22976851,0.7321202,-0.25951183,0.1881291,-0.8427417,0.6332196,0.68942314,0.67596084,-0.9755242,0.6889694,1.000709,0.25006568,-0.7477748,-0.769965,-0.28591403,-0.37914506,-0.48511806,-0.90386176,-0.8664674,0.33918944,-1.220743,-0.8665677,1.3531768,0.26099235,-0.54370713,-0.73821044,0.42112532,-0.70641434,0.22825105,-0.6151397,-0.015780589,1.6294223,-0.11105606,0.71805954,-0.50402915,-0.1613606,-0.24952807,0.3608453,0.680456,0.8247075,0.29114664,0.66654754,0.7356114,0.10474333,-0.56797516,0.93401486,1.4892188,-1.0278432,0.26455182,1.0555192,1.2752652,0.3590795,-0.45425954,-0.745488,-0.7569791,-2.4412565,-0.50309265,0.08435249,1.1574647,-1.2294663,0.7672923,0.1883484,-0.15750861,0.11950057,0.29446176,0.14629096,0.50972533,-0.8740827,1.5695863,-0.2971485,-0.65617234,0.1841962,-0.38009188,-1.0111104,-0.19940864,0.42638585,-1.4639797,-1.719992,-1.399252,0.7316995,0.08745233,-0.9359313,-0.25273368,-1.4066327,0.41482818,0.10739478,0.6882439,-0.54439,0.06343599,-1.1428429,0.06631465,-0.9584372,-0.7086029,-0.5924857,0.820847,-0.27742973,0.5863732,0.5826506,0.90842396,0.80315065,1.1121466,-0.74637735,-0.93729854,-0.4221234,-0.12447512,0.9264875,-0.25098795,-1.0451508,0.16318697,0.03944013,1.108813,0.16204058,-0.65235114,0.6838471,-0.6053407,1.0901824,0.010881669,1.4760262,0.61228967,-0.73835045,-0.22044379,-1.0192078,0.58079827,-0.069328934,-0.59932494,-0.11522285,-0.3817649,-0.13071209,-0.1482587,-0.15663235,-1.5474062,0.2887162,0.8216374,0.9524453,0.16367584,0.22619134,-0.26099503,-0.5382247,0.6017155,0.64530665,-0.41490257,-0.08940277,0.58625126,-1.1585666,1.9032713,0.32046306,1.2711225,-0.78978103,0.46908516,0.32538086,0.3260925,-0.8098247,0.46015656,-0.8404179,-2.1907568,-0.4271961,0.32764795,0.080389395,-0.40288198,0.38646,-0.03658384,0.60938334,0.14263749,-0.741853,-0.50223976,0.10119896,0.80723494,-0.24144724,1.6586995,-0.70251536,0.7284192,0.4861301,0.49453396,0.26653254,0.3532076,0.7049873,-1.0719486,1.0760155,0.9806419,1.4886924,2.7093983,0.6233737,-1.6567695,-0.9253895,0.5593442,-1.8092139,0.21528737,0.69338495,-0.899322,1.5464538,-0.9519231,-1.1582898,1.7486005,0.74705654,0.20655447,-1.4684838,-1.2860893,0.35260847,0.97747016,-0.3624794,-0.29227403,-0.80756545,0.47320783,-0.42843193,-0.41476074,0.67951125,-0.15264836,0.52426106,1.8654428,-1.2090508,0.47905937,0.6875327,0.41603124,0.3080287,0.3903998,-1.4090018,0.40465784,0.7433989,-0.4490898,-0.5365274,0.32582775,-0.66967255,0.5984919,-0.20524818,0.10118678,-0.21904844,-0.22943586,-0.21416932,0.18332648,0.6788768,0.5296409,1.6672502,0.42970502,-1.6503752,-0.3049843,0.9098271,1.2781788,0.4121037,0.016292803,1.3989788,0.47958237,-0.4559376,-0.136701,-0.1701695,-0.19918269,-0.44934013,1.0792823,-0.30472893,0.74418944,0.44662598,-1.1452012,-0.8176095,0.1783107,0.07449594,-0.9105008,-0.75697094,-0.9710497,-1.5717722,0.37521762,-0.542009,-0.005711632,-1.2792871,-0.33968166,-1.0043652,0.045987725,0.6990096,-1.166266,-0.90106034,-0.29786614,-0.16746259,0.23750323,-0.7386329,0.005465122,0.6029674,0.80737936,-1.6744611,0.4438992,0.4035437,0.6337769,0.62942266,0.1138815,1.4206511,-0.5582956,0.78748626,-1.2873212,0.6644465,1.0636282,-1.8455808,1.0271431,-0.07715565,-0.16245751,0.7663991,-1.023926,-0.87485075,-0.7158669,0.4819904,0.05434658,-1.1625966,2.0401578,-1.5839486,0.97688866,-1.0429652,-0.019312574,-0.39429507,-0.18509914,-1.8845013,1.1716381,0.4007013,0.3873693,0.4775369,-0.41953337,0.078362055,0.28867304,0.6461085,0.7780588,-0.7706205,0.7453436,-0.873404,-1.449274,0.5374408,0.93011737,-1.2137218,-1.4294314,-1.4698821,-0.36233613,1.2706486,-0.4838303,0.34674895,0.83944964,0.01929259,0.831696,-0.5365883,-0.26306418,0.19921115,-0.3991377,1.4841236,0.32939425,1.3890703,-0.8208573,-0.72120243,1.1519023,-2.7275262,-0.5175877,-0.6332889,2.1644056,0.9639528,-0.19582891,0.27396172,0.6980429,-1.3108767,-0.4918846,0.86361057,-0.0016635689,1.466907,0.81501716,-0.6019746,1.4086481,0.014908797,0.5071275,-0.79860836,-0.78493994,1.6254684,0.014705982,-0.78362876,-0.51810825,-0.21810079,0.15618865,0.25748894,0.06357957,-0.2476427,-0.3780359,0.6722661,1.008734,-1.5711106,-0.9962615,-0.6825859,0.24133597,1.5028635,1.4461288,1.4932493,-0.3238503,-0.9224171,-1.9056451,-0.37266323,1.0447493,-0.052683506,0.45581067,-0.9930852,0.009540862,0.031481646,-0.26306584,-0.8564216,-1.4500127,1.7990423,0.316269,0.545977,1.9883158,-0.78613317,-1.1243759,-0.3991211,0.9940161,-0.026188668,-0.96380043,-0.5081733,1.0677496,-0.8117959,1.2312794,0.47914124,0.19412403,0.42723668,0.14505376,0.6488679,0.4416646,-0.66445404,-0.9530276,0.17703126,0.9369166,-1.6905215,-0.3573051,0.025218062,-2.049388,0.6181195,-0.17542209,-0.53614116,0.057609532,-0.8268683,-0.4936093,-0.72289705,-0.4125958,-1.1496309,-1.1129858,0.14061481,-1.0136954,-1.5935054,0.94282913,1.2693886,-1.6530012,0.70557,0.42639023,-0.09612662,0.77293456,0.03682418,-0.51672745,0.2680551,-0.15667602,0.08101508,-0.54988205,-1.1666958,-0.9823637,-0.0020484095,-1.5552652,-0.91640025,0.83150846,0.7371398,-1.386865,-0.5150949,-0.0820992,-0.927191,0.8273459,0.48173067,0.099218294,-0.045398034,-0.2659026,-0.4913355,0.41877463,1.2406856,0.2663852,0.15051256,0.5609981,0.46581045,0.15960035,1.801455,0.32396618,0.2340815,0.9861246,0.59413886,-1.0774436,0.32803693,-0.32937106,-0.22613621,0.4903439,-1.5556705,-1.0556722,1.8903605,-0.19888334,-1.3886323,-0.20481682,0.37289822,0.027106516,0.43617183,0.15444052,0.8059235,1.2204037,0.82421726,2.2330177,-0.39650643,-1.0262724,-0.53632706,0.22258049,-0.52416015,-0.71030545,1.0346099,0.7920759,2.454032,-0.84799695,0.16979243,0.8616944,-0.7170333,-1.3033402,0.43761343,0.27335805,-0.6267135,-0.44789302,0.7115262,-1.275229,-0.0625661,-1.5042243,-0.18838853,0.76046115,0.47673294,-0.63654274,-0.14851703,0.63346815,0.6001373,-1.0046859,0.33863533,1.394913,1.0376946,-0.1795911,-1.3164724,0.07600409,-0.6135175,-1.7986293,-0.11635092,-0.4444208,-0.38410416,-0.06213286,-0.28867915,0.087766446,-0.7602948,-0.6691119,1.157775,-0.078024015,0.12855168,-0.06397961,-0.6134934,1.7197595,-0.5173264,-0.19050182,0.69317025,0.6037959,-1.465137,0.47815847,-0.9170745,0.28976053,-0.62362844,0.08321281,0.81177276,1.0039684,-0.5746517,1.1270288,0.43267196,-0.43640712,0.28388456,0.64223176,0.56386566,0.41982904,-1.9400792,1.1062385,-1.6178863,-1.1796262,0.17875661,0.6638757,-0.31325766,-0.18451396,-0.50493973,0.61728245,0.5573865,-0.9479955,0.92183334,1.7524992,-0.46807384,-0.5474689,0.9585401,0.67571366,-0.49480268,-0.084779665,2.1520953,0.53668636,1.5932064,-0.9225682,-0.5428827,-0.18607229,-0.5367641,-0.593493,-0.42315787,-0.69780445,0.092610225,0.6474652,-0.4152823,0.701387,-1.4238486,0.20195542,1.3829695,-0.80790645,-0.26838663,0.5137361,-0.34393656,-1.3181695,-1.1259733,1.0396665,1.562029,-0.08421083,-0.1799328,0.20923936,1.3183775,0.6093732,-0.38547772,-0.5950183,0.37162682,1.0298562,0.8308265,-0.73843455,-1.1183739,0.7744574,1.4815761,-1.2546968,0.5853941,-0.7912918,-0.82847524,-1.7861724,1.255075,0.83441275,0.33803025,1.2653273,0.6511638,0.02449667,0.74465513,-0.42220116,-0.3474325,-0.05695133,-0.59702075,-0.08439502,-0.6794636,-0.568302,0.08438576,-1.0064702,-0.39119738,0.16140012,1.0638283,-1.3210311,0.11342425,-0.31197917,0.6062243,0.2647947,-0.38886547,-0.61443937,-0.022898806,-1.1953988,1.3350667,1.2081406,-0.20100519,-1.9024374,0.7258848,0.7922812,0.35518563,-0.63788724,0.6778698,0.5149181,-1.5298518,-0.48667574,-1.6141576,-0.8357961,0.3398437,1.5352806,-0.7216133,0.5600865,-1.4055285,0.8098615,0.24980696,-0.5774022,0.38873112,0.1440323,-0.6912064,2.1278996,1.1179411,0.25168335,0.088739954,0.9783891,1.3697623,0.1622743,-0.5607007,-1.3756592,0.6252164,0.9997579,0.40298504,-0.9011416,0.045160167,0.64379466,-0.18591131,1.686812,-0.38374493,-0.40543857,-0.861058,0.09476385,-0.34237105,-0.17901044,-0.6242307,-0.023940047,-1.3411026,0.32856572,-0.54851395,-0.24170464,0.28277403,-0.9919612,-0.16853157,0.076046646,1.3143802,1.0719053,0.60025966,0.932512,-0.26969388,-0.21489893,-0.96869534,-0.5743521,0.7930735,-1.2237406,0.18822026,0.3714128,0.8745249,1.8531431,0.65041214,-0.45648256,-0.13248718,-0.24236308,0.3121181,-0.012081023,-0.56096864,-0.24606922,-0.0053025284,0.16282266,-0.14079277,-1.2292053,-0.31566635,-0.19968891,0.7204971,0.31164372,0.37059012,0.08114863,0.45562914,1.4114805,0.30283344,-0.9466438,0.0
ショ,0.2283046543598175,0.7893311381340027,0.0002191139356,-0.6902463436126709,-0.0322711952030658,0.3078213036060333,-0.0776218995451927,0.1385055631399154,-0.307710587978363,-0.9315041303634644,0.3054232001304626,-0.1109748557209968,-0.4459404647350311,-0.0996417105197906,0.1776837706565857,-0.4852660298347473,0.0401610173285007,-0.0134229026734828,-0.0505378022789955,-0.0341332331299781,-0.2417245507240295,-0.556867778301239,-0.4496956169605255,0.2448222935199737,0.4373019635677337,-0.3461832702159881,-0.0142757790163159,0.0985774174332618,-0.5866209268569946,-0.3628644943237304,-0.4657578766345978,-0.5387494564056396,0.0494318343698978,-0.4167186021804809,0.4062129259109497,0.2994683682918548,-0.0870691910386085,0.0304260961711406,0.2669069766998291,-0.0707496330142021,-0.0080563453957438,-0.0702925696969032,-0.2776798009872436,-0.0727240741252899,-0.0792584493756294,0.8468161225318909,0.2511501610279083,0.2846473157405853,0.4308345913887024,-0.0018579602474346,-0.0010998815996572,-0.0467871390283107,0.3165131509304046,0.025285767391324,0.0120886946097016,0.0684144794940948,0.6536592245101929,-0.0144177405163645,-0.3476441502571106,0.0693854913115501,-0.4562488198280334,0.0313112847507,0.3036544919013977,0.005027262493968,-0.2192065566778183,-0.1500294804573059,0.4743776023387909,0.1473022252321243,-0.3359768092632293,-0.1785911619663238,0.0840024426579475,0.1593953073024749,-0.248061791062355,0.1610981374979019,0.6911993026733398,-0.3003669381141662,0.0133655928075313,-0.1470380574464798,0.1199872717261314,-0.3492861688137054,-0.361040711402893,0.4608188569545746,0.1373608857393264,-0.3317233920097351,0.0784028246998786,-0.0385733768343925,-0.7942039370536804,-0.6507061123847961,0.153903841972351,-0.3451766669750213,0.2203884273767471,-0.2594058513641357,0.7485365867614746,0.2210970520973205,-0.0954062342643737,-0.2304647862911224,0.0470966026186943,-0.3146321773529053,-0.2619018256664276,0.360745370388031,-0.0104028638452291,-0.1236327737569809,0.1224168241024017,0.0555003061890602,0.1953674703836441,-0.1366733312606811,-0.2703933119773865,0.1406367272138595,0.0569855943322181,0.2678821980953216,-0.0567926503717899,-0.2268359959125518,-0.2643816471099853,0.3920008540153503,-0.1269684582948684,0.058653887361288,0.1884495764970779,0.4199928045272827,-0.0137902041897177,0.4407359361648559,-0.0089259659871459,0.4899837374687195,0.0690595433115959,-0.1809606701135635,-0.4526049196720123,0.1499457210302353,0.1568612456321716,-0.1987604945898056,-0.0386988036334514,-0.0097035020589828,-0.2299094498157501,0.2878966629505157,-0.2240998744964599,-0.0721627920866012,-0.4704104959964752,0.3075213134288788,-0.2285592705011367,-0.1183796450495719,-0.1612482666969299,-0.3302449584007263,-0.1533427089452743,0.0167674571275711,0.3135737180709839,-0.0488338619470596,-0.2149965465068817,0.2336686849594116,-0.146126314997673,-0.2890873253345489,0.7907119393348694,0.5156090259552002,0.0441646166145801,0.9926066994667052,-0.4048353731632232,-0.0164082292467355,-0.0408914349973201,-0.085323691368103,0.1767033189535141,-0.0835229754447937,-0.3299405872821808,0.5364565253257751,0.0305974055081605,-0.5981964468955994,0.3848862051963806,0.4782348275184631,0.0437444932758808,0.3629408180713653,0.3760019540786743,-0.0739018321037292,0.3606743216514587,0.6854245066642761,0.4467895925045013,0.3419089615345001,0.2648241817951202,-0.3435311019420624,0.5591753721237183,0.5352741479873657,0.0664214417338371,0.2723070383071899,-0.0696397796273231,-0.4252884984016418,0.2615151703357696,-0.1976620703935623,0.2490762621164322,-0.0110025508329272,0.3466138541698456,-0.2575240731239319,-0.2253259420394897,-0.1380408853292465,-0.1302480399608612,-0.2735597789287567,-0.2346334606409073,-0.1058368980884552,0.2140947878360748,-0.4499097168445587,-0.2071635872125625,0.0303861573338508,-0.0363090261816978,-0.261761337518692,-0.0027403347194194,0.6906111836433411,0.2178129404783249,0.2085858136415481,0.2023651003837585,-0.8777275085449219,-0.6905498504638672,-0.0285399984568357,0.2766802012920379,0.5364653468132019,0.3545885980129242,0.1301662772893905,-0.5738493204116821,0.444399356842041,0.0830921977758407,-0.2423791140317917,0.3506858050823211,0.26165571808815,-0.5516838431358337,-0.0969077050685882,0.2517367303371429,-0.7458818554878235,0.3814282119274139,-0.4416746199131012,0.0491306893527507,0.0964123457670211,-0.130419909954071,-0.4384170174598694,0.590569257736206,-0.454621821641922,0.1001112088561058,0.5076991319656372,0.0770543739199638,-0.2555280327796936,-0.4941655397415161,0.0841438919305801,-0.5211338996887207,0.3275319039821625,0.0296561922878026,0.5841538310050964,-0.0498692505061626,0.2251309901475906,-0.0007702069124206,-0.1956908702850341,0.0250802244991064,-0.1009701862931251,-0.0066939466632902,0.2973273992538452,0.0469252578914165,-0.5135172605514526,-0.5822018384933472,-0.2278046458959579,-0.4494055211544037,-0.4620478749275207,0.2182368636131286,-0.2075344771146774,0.3641126751899719,0.2450850009918213,0.2029778510332107,-0.0646495446562767,-0.1067589223384857,-0.3980338871479034,-0.2232086956501007,-0.3236328065395355,-0.0355550982058048,-0.3148984313011169,-0.1440246403217315,0.2831401228904724,-0.0511541552841663,-0.6454958319664001,-0.776977002620697,-0.3136664628982544,0.266232281923294,-0.2930109202861786,-0.2161915451288223,-0.0470464713871479,-0.8787042498588562,0.1375002712011337,0.2781213521957397,0.4777769744396209,-0.5388261675834656,0.4779895544052124,-0.2943092882633209,0.487324059009552,-0.8336783051490784,0.372710645198822,0.0355157554149627,0.1918403357267379,-0.3146290779113769,-0.5882200598716736,-0.1250039637088775,0.2707288861274719,-0.1461087763309478,-0.759894847869873,-0.3211873471736908,-0.0041881646029651,-0.4493943452835083,0.1056969314813613,0.1310553252696991,-0.0794209018349647,0.1924642920494079,0.3947439193725586,0.0587829276919364,0.2271854132413864,0.2278058975934982,-0.5150237679481506,-0.3201245963573456,-0.6626177430152893,-0.2640285789966583,-0.0084026763215661,0.8492478132247925,-0.5168153047561646,-0.0820465162396431,1.0280847549438477,-0.6598988771438599,-0.254317045211792,0.7502868175506592,0.3146312832832336,-1.5349525213241575,0.1894625127315521,0.0681430771946907,-0.2865885198116302,0.0852154418826103,0.5281539559364319,0.4286777377128601,0.6415924429893494,-0.1050516217947006,-0.3596377372741699,0.6266733407974243,0.2974497675895691,-0.2554109394550323,-0.0201659649610519,0.4516245722770691,-0.3104978501796722,0.1587794572114944,-0.3007872402667999,0.0315588898956775,0.1700054556131363,0.0962942764163017,0.0487696789205074,-0.0565310604870319,-0.3429847657680511,-0.1284970343112945,0.1359197199344635,0.2262032777070999,0.6951914429664612,-0.1495798677206039,-0.0800636857748031,0.6032885909080505,0.7330511808395386,0.5510759949684143,0.5679128766059875,-0.3005177080631256,-0.0017830366268754,0.4293340444564819,0.2978668212890625,0.3726810812950134,0.1987997889518737,0.3377734720706939,0.2786547541618347,0.2916427850723266,-0.1997235119342804,0.2618058621883392,-0.3084448277950287,0.2982898354530334,0.0537675805389881,0.161340057849884,0.6686413884162903,0.450585275888443,0.4346163868904114,-0.1545670926570892,0.4564953744411468,0.6620067954063416,0.132509246468544,-0.0345741435885429,-0.434889554977417,0.0677131414413452,-0.1501843482255935,0.4730085432529449,-0.1120481416583061,0.8207640051841736,-0.401414155960083,-0.0167322997003793,-0.0192455258220434,0.2577264904975891,-0.2546326220035553,-0.4817886650562286,-0.2938423752784729,-0.8165203332901001,-0.683810293674469,-0.2418887168169021,-0.443853884935379,0.2533622980117798,0.1449041813611984,0.2122066617012024,-0.4587754905223846,-0.2672913372516632,0.1598013341426849,-0.2482963949441909,0.2002093493938446,-0.3952578604221344,0.4420726001262665,-0.0640022158622741,-0.0927467569708824,-0.0351452268660068,-0.1798297464847564,-0.6414347290992737,-0.3546015620231628,-0.6851749420166016,0.2118288427591323,0.2456304132938385,0.4648495018482208,-0.304945558309555,-0.0362503044307231,-0.153953805565834,0.1635227352380752,0.1321999877691269,-0.5975485444068909,-0.4176119565963745,0.2444899380207061,0.2468039989471435,0.3364176452159881,0.7047562003135681,0.1856750398874282,0.3355709314346313,0.1508931368589401,0.086035244166851,0.1071151718497276,-0.2374561727046966,-0.1689526736736297,0.6010875105857849,0.000431860476965,-0.0603410862386226,0.2297626435756683,0.0991856530308723,0.0655785575509071,-0.1913573741912841,-0.4712237417697906,0.0785098075866699,0.1002240404486656,-0.3137194216251373,0.3111961781978607,-0.0041013956069946,0.672519326210022,-0.3693390190601349,-0.0032523812260478,0.3604865670204162,0.2146955877542495,0.4006662964820862,-0.4733363687992096,0.006279504392296,-0.2570718228816986,0.2697454988956451,0.3470699489116668,0.3321685791015625,0.1208919063210487,0.339318037033081,0.6675978899002075,0.04086684435606,0.2713790237903595,0.2633883059024811,-0.0681295394897461,-0.4309864640235901,0.0380658507347106,-0.112614668905735,-0.0279084481298923,-0.4654761552810669,0.0936223864555358,0.1265539228916168,-0.0400786027312278,-0.0064239646308124,-0.2158211767673492,-0.4222986400127411,-0.2465416342020034,-0.190931349992752,0.0879986733198165,0.1785637587308883,0.258786678314209,0.3916025757789612,-0.1032566204667091,-0.4911548495292663,0.5598074197769165,-0.1283477991819381,-0.069366455078125,0.1802635192871093,-0.4588852524757385,-0.2436957508325576,0.3996288180351257,-0.0660810619592666,0.1386255472898483,-0.27130126953125,0.3960331380367279,-0.0706033930182457,-0.5956684947013855,-0.0844382643699646,-0.0033354628831148,-0.3174983561038971,-0.4006783366203308,0.7325326800346375,0.1402434110641479,-0.6115754842758179,-0.6784621477127075,-0.2734947204589844,-0.4313403069972992,-0.1498757153749466,-0.5048642158508301,-0.2235249876976013,-0.19141186773777,-0.1967945098876953,0.5738834142684937,0.2716981172561645,-0.4582567811012268,0.7074304223060608,0.4335181415081024,0.4153755903244018,-0.3400882184505462,-0.40520179271698,0.0468157269060611,-0.077451191842556,-0.3228339552879333,0.2224424928426742,-0.2000925242900848,-0.0283288545906543,-0.4559940993785858,-0.6941409111022949,-0.7710542678833008,-0.1857616901397705,-0.758069634437561,0.3773366212844848,0.2222668081521988,0.0231490135192871,-0.4691428542137146,0.3682703673839569,-0.3120962977409363,0.2781900763511657,0.2773261964321136,-0.1845925450325012,0.1148344203829765,-0.631893515586853,0.139800950884819,-0.4332737326622009,-0.998008668422699,0.8505892157554626,0.4705871045589447,-0.7456851005554199,-0.1980885416269302,-0.0569831393659114,0.1255358308553695,-0.3266188502311706,0.0593798421323299,-0.2255244553089141,0.1618250608444214,0.3880086541175842,0.3295420110225677,0.1866107583045959,0.1020288616418838,-0.375136137008667,-0.2008048444986343,0.2346640527248382,0.4567102789878845,0.736954391002655,-0.1439768373966217,0.0549518130719661,-0.2308725416660308,-0.2568402588367462,0.1859365105628967,0.1064822971820831,0.4346268475055694,0.0638484209775924,0.5723000168800354,0.6819393634796143,-0.243947371840477,0.3415144085884094,0.4825946688652038,0.2448949962854385,0.4752700328826904,-0.0457554534077644,0.0954469740390777,-1.0813030004501345,0.3502972722053528,-0.1145230382680893,0.2780557572841644,-0.1324570775032043,-0.2311864197254181,0.1668270230293274,-0.2044654488563537,-0.0420801676809787,0.1655645668506622,0.0392424054443836,0.4011772871017456,0.4279835224151611,-0.1208354011178016,0.6188877820968628,0.4183763563632965,-0.3216933608055115,-0.1768267601728439,-0.2135247141122818,-0.057449422776699,1.079925775527954,0.0151468478143215,0.0323776565492153,-0.1394792348146438,-0.8818488717079163,0.4731625318527221,0.0625792369246482,-0.4225859940052032,0.6786478161811829,-0.4513055384159088,-0.2988471388816833,0.7438033223152161,0.185499370098114,0.1246291622519493,-0.0918589532375335,-0.9956426024436952,0.2553341686725616,-0.1651704460382461,-0.0420912317931652,0.4175013601779938,0.2262026518583297,0.1834922879934311,-0.1640747189521789,-0.2679892778396606,-0.0801611244678497,0.6362928748130798,-0.1089105978608131,-0.3208322823047638,0.0077819726429879,-0.2405453622341156,0.0422936603426933,-0.048470601439476,-0.0045811706222593,-0.1017855107784271,-0.2086309641599655,0.1760303378105163,-0.4114229381084442,0.0744765400886535,0.0450449213385582,0.1509630382061004,0.0081340093165636,0.0595919378101825,-0.4358670115470886,-0.6818418502807617,-0.0269382689148187,0.3204091489315033,-0.7822955250740051,-0.1549045890569687,-0.2095700055360794,-0.1892410665750503,0.2134782671928405,-0.1095760911703109,-0.7792156934738159,0.0773057341575622,-0.6258324384689331,-0.025297213345766,-0.5203964710235596,-0.0582575276494026,0.3355436325073242,0.0532894134521484,-0.2036162763833999,-0.5566251873970032,0.2885313332080841,0.2149784713983535,0.423637181520462,-0.2098501324653625,-0.0619802810251712,-0.0213649831712245,0.4444200992584228,0.2942081391811371,-0.1771599352359771,0.1417105048894882,-10.402750015258787,-0.0077664330601692,-0.5414326190948486,-0.0669736638665199,-0.4270269870758056,0.1829641461372375,0.8268499970436096,0.1709399372339248,-0.2324569970369339,0.552730917930603,0.331491470336914,0.5395879745483398,0.5592255592346191,0.5407611131668091,-0.5489458441734314,-0.057997528463602,0.0845218151807785,0.1726946532726287,-0.513979434967041,-0.2652775943279266,0.0952647626399993,-0.3621502220630646,0.6749326586723328,0.2930800020694732,-0.1599786728620529,-0.6549948453903198,-0.3670540452003479,0.4938880801200866,-0.4274978637695312,0.1864371597766876,-0.5031628608703613,0.4682232141494751,-0.2186492532491684,0.1022763848304748,-0.6303516626358032,-0.1588874012231826,-0.071713201701641,-0.0084501523524522,0.0268280766904354,0.4023565351963043,-0.1264661848545074,0.6079275012016296,0.4686408638954162,-0.1834808886051178,0.3533813655376434,0.5853736996650696,0.2267607748508453,0.3187667429447174,0.5242153406143188,-0.1416100710630417,0.1227910071611404,-0.040171705186367,0.2680443227291107,-0.6839832663536072,0.419475108385086,0.257938802242279,0.6324306726455688,-0.7606148719787598,-0.3314964175224304,0.167871281504631,0.3142702877521515,-0.1882435232400894,0.9384612441062928,0.6297095417976379,-0.2359187304973602,0.5064928531646729,0.4082295298576355,0.1923223733901977,0.0555984489619731,-0.3947871625423431,0.4501593708992004,0.3644503653049469,-0.7323861122131348,0.3435741066932678,-0.5679139494895935,0.7753034830093384,0.0115990135818719,-0.0830778256058693,0.3380842804908752,-0.0936827212572097,0.2872688770294189,0.1856337189674377,0.1969535201787948,0.2477642148733139,-0.8873093128204346,0.3959076702594757,-0.5624526143074036,-0.2822060883045196,0.2594040334224701,-0.6390024423599243,0.1025163382291793,0.2662487030029297,-0.2828689515590668,0.4093946516513824,0.456691712141037,-0.3387525081634521,0.1220334097743034,0.2254482805728912,0.2622737288475036,0.0777414664626121,-0.82654184,-0.3609382,1.2024978,1.2050022,-0.996952,-0.62500405,-1.4873137,0.39103615,0.77675503,-0.62326825,0.51704043,-0.10125621,-1.7917533,2.4582338,-0.42039603,-0.2188808,1.1116942,-0.50281674,0.29289922,-0.7716851,0.6958301,0.50351447,0.7651941,-0.8570566,1.351019,0.96728337,0.6670214,-0.6443712,0.01739843,-0.85943913,-0.043210056,-0.813741,-1.0805299,-0.33635807,0.41247854,-1.0617424,-1.422101,1.2036221,0.31022373,-0.7125316,-0.9296094,0.9222193,-0.284732,0.006670233,-0.4940199,0.03232625,1.5944285,-0.3503815,0.96146834,-0.6277675,-1.1299115,-0.35842147,0.5793068,1.0998948,0.527608,-0.660589,0.9374362,1.1768478,0.42321536,-1.015429,0.43209612,1.0938001,-1.046354,0.41197103,0.53939694,0.93246406,-0.17581193,-0.34565264,-0.30130124,-0.99979085,-2.4660773,-1.0260731,-0.32321846,0.8524928,-1.3273662,0.6974542,0.18606256,-0.15197393,0.30784625,0.15595703,0.43741477,-0.050270505,-1.1554432,1.0442538,-0.781252,-1.0022901,-0.4894855,-0.4056731,-1.5409992,-0.17467612,-0.057877257,-1.6541932,-1.386686,-1.0217344,1.2430377,0.16390774,-0.8283172,-0.7555929,-1.6309617,-0.17395887,0.27469158,1.0813946,-0.09730604,-0.5750801,-1.1140513,-0.11370193,-0.7034313,-0.21450038,-0.8935911,0.31945366,-0.17430979,0.939432,0.5950618,0.9448573,1.0787203,0.4975184,-1.1899658,-0.72756505,-0.45968288,0.03672934,1.089997,0.3863101,-0.706427,0.8436318,0.48374134,1.1822262,-0.021202661,-0.7560413,0.1929004,-0.028514236,0.68897694,-0.5870209,1.8433971,0.44820923,-0.6662661,-0.8100379,-0.3739534,0.04356163,0.5948221,-1.1442904,-0.18480742,0.124727145,-0.5836665,-0.49797916,0.46878502,-1.3983158,0.028890036,0.41027918,1.4742627,-0.064920515,-0.04806172,-0.009481039,-1.3976362,0.5322283,0.77116406,0.08580465,0.17917947,0.49636498,-1.025259,0.93034935,-0.019951321,1.4695641,-1.1558504,0.35687152,-0.27899477,0.61911017,-1.0073249,0.8177153,-1.0359429,-2.0520575,-0.45197475,0.3500155,0.4201656,-0.16309622,0.42644602,-0.400734,0.7665631,0.4051365,-0.9499705,-0.116261944,0.7798325,1.1440034,0.39507324,1.3195384,-0.5349136,0.64735013,0.215273,0.3801618,0.13094203,0.64532787,0.9752364,-0.8105288,1.0181756,1.074901,1.1045611,2.2171388,0.44922447,-1.7075261,-1.1643001,0.808615,-1.7921176,-0.36202958,1.2360262,-0.8383004,1.3531808,-0.8576356,-0.9833929,1.6880994,0.27900496,0.24427098,-0.7643486,-1.3797829,1.199297,0.81098753,-0.7740886,-0.087542824,-0.21688406,0.06332196,-0.40084493,-0.10967244,0.47361803,0.89030075,0.24908745,1.591103,-1.1962473,0.7272922,0.64971775,0.2486215,0.31383145,0.88216925,-1.1366384,0.70172125,0.9246231,-0.15529042,-0.50699735,0.030291867,-0.6266879,1.1511173,-0.17674786,0.5968196,0.064454734,-0.52705336,0.31015837,-0.23736331,0.6169895,0.7118697,1.396082,0.42711118,-1.4199567,0.23476496,0.25539193,0.7910712,-0.3196824,0.25377336,0.67073995,0.80045915,-0.5819983,0.5793109,-0.4943737,-0.43091094,-0.010558438,0.0927831,-0.13144895,-0.11822076,-0.047261655,-0.5732554,-0.40056583,0.061717816,0.117487416,-1.1211115,-0.5637741,-0.9076359,-1.0652924,0.13205755,0.040201474,0.6283114,-0.87658346,-1.0141709,-1.2314581,0.20020868,0.6915542,-1.6300993,-0.4319395,-0.29391012,-0.86697745,0.35766542,-0.6463227,-0.26883483,0.31264132,0.75726163,-1.022715,1.0588685,0.010013469,0.63880366,1.5089507,-0.014328196,1.0678409,-0.8358666,0.22521532,-1.1077623,0.6629814,0.60994077,-1.1724489,0.6476672,0.0011337195,0.30464882,0.7978916,-1.7234678,-0.24612477,-0.81235415,-0.1216385,-0.32146603,-1.1381923,2.419673,-2.0386975,1.5295383,-1.6998231,-0.55745256,-0.4394137,-0.535749,-1.5725517,0.49473107,0.91140866,0.14262049,0.43266985,0.13872111,0.25198945,0.64366674,0.3433892,0.72540456,-0.36305952,0.8669007,-0.88737136,-1.0375077,0.36881804,1.1110672,-1.1321651,-1.3779972,-1.3617661,-0.7498675,0.5068044,-0.54985905,-0.20801425,1.1515434,-0.28692082,0.6800257,-0.8182457,-0.64166975,0.050077185,-0.8804986,1.08522,0.029133327,1.2148436,-0.8835074,-0.6539545,0.83886445,-1.5840757,-0.39608887,-0.5691241,1.3870935,0.760427,-0.11777499,0.28803745,0.70130366,-0.5362801,-0.5427883,0.60500264,-0.09174077,1.3672345,0.50884247,-0.6762641,1.3950534,0.18064448,0.5274263,-0.17918085,-0.39746776,1.5108708,0.38983065,-0.13235746,-0.15552667,-0.12517563,-0.5718965,0.18417984,0.44775125,-0.034244794,-0.14010604,0.7525632,0.780827,-0.93827105,-1.0378904,-0.37507477,0.19043684,0.879529,1.7310791,1.3700502,-0.23139136,-0.87097037,-1.979033,0.88323766,0.7379948,0.22357915,0.79347205,-1.6975466,0.18056741,0.67578816,0.26084414,-0.9567652,-2.0203843,1.752287,0.48894405,0.66189003,1.7148606,-0.72059923,-1.3352742,-0.5238125,0.057627264,-0.02995355,-0.9758303,-0.6445145,0.737883,-0.35981646,1.1514512,1.0731193,0.6498618,0.082683146,0.010948544,0.027828082,0.41624278,-0.58849245,-0.8305357,0.40892947,0.24778116,-1.4655535,-0.669456,0.9666562,-2.103964,0.65082514,-0.16582721,-0.5704095,0.16387656,-0.63770497,-0.748088,-0.58445066,-0.08564885,-0.8621628,-0.9492367,0.424882,-1.2918414,-1.4139841,1.3355496,1.394067,-1.1624489,0.5726808,0.47803813,0.026127513,0.76303095,-0.21143381,-0.5420716,0.44702804,-0.65416956,-0.043112352,-0.85787153,-1.5862538,-0.536924,0.8894581,-1.1286385,-1.1731997,0.86913323,0.89065444,-1.373521,-0.9857598,-0.4520264,-0.6453353,0.56907743,0.9297265,-0.31591615,-0.016880289,-0.5476004,-0.4060651,0.24102397,0.68698454,-0.0956178,0.23542248,0.18093687,-0.3818364,0.21447034,2.0919118,0.44664204,0.806555,1.1184559,0.6999112,-0.74885017,0.43013895,0.29409757,-0.036774214,1.0085056,-1.2965201,-1.0620224,0.9345012,-0.27576846,-0.9402071,-0.4288678,0.70708114,0.2773033,0.19747916,0.029380329,0.93285197,1.8876956,0.73518217,1.731851,-0.037059367,-0.58658224,-0.5136521,0.5341519,-0.50543875,-1.071165,0.5607312,0.8894996,1.6655474,-0.09067125,0.54779446,0.55894154,-0.979699,-1.2584722,-0.019706253,0.50713915,-0.48120874,-0.9390804,-0.13919434,-0.6075413,0.35066965,-1.7156193,-0.34839067,0.7748014,0.9909439,-0.5124109,0.04309614,0.23664913,-0.13857311,-0.7785417,0.070360176,1.0246665,1.6670958,-0.05618726,-0.61817586,0.5237558,-0.7737346,-1.215978,0.165941,-0.85777974,-0.7829528,0.27873138,-0.67778784,-0.027657099,-0.89453566,-0.36566558,1.4176867,0.37810677,-0.32470888,0.05232884,-0.9192952,1.9592366,-0.38875198,-0.42879337,0.9651177,0.7520196,-1.5990624,0.5353445,-1.336135,0.4328495,-0.5511837,0.5160595,0.6981752,0.59676766,-0.58799714,1.7537066,-0.80346334,-0.40929988,-0.20961276,0.5131831,-0.5225171,0.2280194,-2.00146,1.3364135,-0.89516264,-0.9367591,-0.17492682,0.4370526,-0.41905585,0.08388531,-0.117791764,0.6602838,0.38611943,-0.6169903,0.5438577,2.259789,-0.4428932,-1.3336451,0.89791214,0.22187527,-0.31922528,-0.06549861,2.611765,0.19403864,0.9724724,-1.1620697,-0.77924997,0.49024034,-0.3449461,-0.9595211,-0.2723835,-0.4626523,0.20106244,0.6358995,-0.3124016,0.9963523,-0.82238257,0.21291311,1.030067,-0.40548727,-0.17372029,0.4305604,-0.89554024,-0.9818971,-1.2333785,0.72898155,0.9699392,-0.5203313,0.39912367,0.97012144,1.7649484,0.5920036,0.23774971,-0.44156617,0.7058603,0.91751814,0.8735226,-0.8507012,-1.2375327,0.5785828,1.4430192,-0.3477478,0.053674087,0.19737792,-0.43339095,-1.4040107,0.913235,0.38385546,-0.55437094,0.8851698,0.5986983,-0.25133008,0.55015,-0.3888877,0.20679253,-0.61012304,-0.76423544,-0.076860175,-0.15945753,-0.6270481,0.6630536,-1.1809605,0.13749921,-0.3547163,1.0464313,-1.3203164,0.32335317,-0.42918152,0.79697335,0.06326162,-0.19506142,-1.1891421,-0.40886462,-0.636484,1.5908091,0.82754034,-0.30972525,-1.306032,-0.18309623,0.824285,0.39412662,-0.3151207,0.15481745,-0.22457409,-0.9123766,-0.18647821,-1.0372268,-0.5071372,0.6083632,0.80887365,-0.8637258,1.1168344,-1.7186683,0.86488676,-0.06898584,-0.91885024,0.16284311,0.18248239,-0.3654003,1.7391908,1.2624935,-0.19097964,0.23611091,1.0537816,1.1195935,-0.026402647,0.009593815,-1.6157357,1.0439487,1.482783,0.63041246,-0.9680635,-0.441492,0.12983814,-0.6065672,1.428792,-0.49987102,-0.34341708,-0.613414,-0.45209718,-0.7093341,-0.40921372,-0.9412964,-0.37254256,-0.9878974,0.4284583,-0.6978907,-0.33758903,0.71948856,-0.39973482,0.5247041,0.07081885,0.6236055,0.4407871,0.42539388,0.6328341,-0.63994527,0.04871892,-1.1640441,-0.07949967,0.68205494,-0.8145333,0.2854243,0.7824838,1.2125046,1.3410872,-0.117244475,-0.5120836,0.5957664,0.2117942,0.4064399,0.28008008,-0.22647582,-0.21089411,0.31897864,-0.056671634,0.2732315,-1.4483111,-0.40841743,-0.3373176,0.33935353,0.2010349,0.47640446,-0.63559043,0.06598,2.1042466,0.58073884,-0.43053508,-1.2375021,-1.2938042,0.88500893,2.0453084,-0.81906724,0.06005303,-1.3458805,0.10207482,1.3432782,-0.90924,0.17049009,0.31152087,-1.8253512,2.216905,-0.986265,0.3749359,0.8465202,-0.30915067,0.379042,-0.74248683,0.6191239,0.32039312,1.1356643,-1.1520759,0.43159977,0.9689903,-0.032096654,-0.844269,-1.0450892,-0.84834474,-0.236732,-0.97487783,-1.017108,-0.88158834,-0.23075195,-1.4489546,-0.9375317,1.3759414,0.19772908,-0.30486673,-0.64570016,0.78600216,-0.9552796,0.46216562,-0.5073655,-0.26573926,2.3948488,-0.3093364,0.85613924,-0.25641426,-0.524739,0.20043021,0.33191785,0.48548895,0.46860808,0.13805443,0.952448,0.8509673,0.023111962,-0.38715494,0.38384354,0.98334825,-0.9519383,0.17773278,0.7366496,1.0166805,0.38869324,-0.59230405,-0.7982715,-0.73800504,-2.0870667,-0.6868468,0.8375154,1.0974065,-1.1420351,1.1732136,0.00038170815,-0.24094036,0.14264861,0.44685858,-0.29015318,0.5542174,-1.2077608,1.4196258,-0.13636091,-0.55189973,0.4217112,-0.54072124,-0.8485384,-0.36905438,0.2540522,-1.178872,-1.9390547,-1.075379,0.674746,0.42247897,-0.85300493,-0.53814363,-1.3877201,0.12597299,-0.0135771865,0.9005199,-0.48442808,-0.14285415,-1.041685,-0.14733516,-0.8142859,-0.45189905,-0.606738,1.0010587,-0.47365206,0.7143444,0.4246152,1.4786657,0.65735954,0.35186866,-0.8988565,-0.78410226,-0.98002565,-0.11157927,0.6983553,-0.022166677,-1.3087585,0.31467295,-0.08260335,1.4270866,0.012920864,-0.8389154,0.7860736,-0.35188678,0.9155619,-0.39470482,1.4545972,0.3064433,-0.90222406,-0.10817315,-0.33329347,0.51322365,-0.56408465,-0.28090712,-0.48936194,-0.21551186,-0.14401649,0.24482346,-0.055419765,-1.8367326,0.24802455,0.22047004,1.1499612,0.55474085,0.46044758,-0.40459755,-0.4439688,0.91657543,0.5365696,-0.3253681,0.20659392,0.63687783,-1.6064745,1.5653765,0.6325573,1.273625,-1.2769839,0.67702895,0.39188892,0.50350875,-1.0539597,0.56580925,-0.884942,-1.8107188,-0.23139155,-0.2156005,0.56886876,-0.5056882,0.5253881,0.37740925,0.2679732,0.0047230646,-1.0133325,-0.30711752,-0.006600529,0.6907892,0.15540192,1.6790407,-0.7977012,0.15811586,0.8983433,0.2731304,0.46881285,0.61388594,0.8124956,-0.6922335,1.1145093,1.319808,1.2455218,2.8819542,1.1246336,-1.5244699,-1.2065089,0.7760182,-1.6848588,-0.039063632,0.62853146,-0.6147216,1.4378152,-0.84162486,-0.74126047,2.0618067,0.94124293,0.28159326,-0.94187224,-0.93129224,0.928568,0.7245023,-0.4646204,-0.13472936,-0.54674447,0.04241835,-0.056828048,-0.49045452,0.36927977,0.09858989,0.874299,1.6562555,-1.4737605,0.5129772,0.7156313,-0.011781648,0.32822603,0.5244182,-1.3383483,0.08151257,0.30977187,0.02166345,-0.90289634,0.25602075,-0.34271508,0.90921295,-0.5156677,-0.34357455,0.4264003,-0.7130549,0.08420433,0.13786164,0.4838838,0.005119183,1.6840534,0.76259893,-1.0646996,-0.41655752,0.47168192,0.9690377,0.18145251,-0.27706555,0.7939143,0.50853765,-0.5070524,-0.3920522,-0.35966676,-0.2676333,-0.22046146,1.0025185,-0.43756056,0.965996,0.46152434,-1.1336548,-0.7289742,0.13346684,0.09088915,-1.1862999,-0.8965634,-0.9655908,-1.4949121,0.37987822,-0.65665984,-0.23796405,-1.2117195,-0.738524,-1.4708968,0.34003323,1.047504,-1.6620684,-1.0632594,-0.3329162,-0.18805405,0.47103345,-0.7400159,0.18543531,0.852003,0.40503955,-2.2493932,0.91141886,0.5306524,0.4481117,0.41984075,0.29307792,1.4701688,-0.21653117,0.8042985,-1.1319798,0.79049283,0.77985483,-1.5940598,0.56320775,-0.26691115,-0.4626844,0.7475186,-1.0585642,-0.15551622,-0.724421,0.130402,0.24420556,-0.8437939,2.008838,-1.7332631,0.6994413,-0.9965751,-0.6819008,-0.650566,-0.24378176,-1.4757146,1.1381552,0.5627388,0.1506927,0.605244,-0.08791153,0.06919149,0.6080242,0.7253586,0.86678684,-0.39691955,0.47619992,-0.7597983,-1.8880804,0.42752036,0.7414466,-1.2250195,-1.4982755,-1.2369611,-0.76497245,0.9472293,-0.87859416,0.12186603,0.5742861,-0.67815053,0.94856405,-0.15948349,-0.09196435,0.35198587,-0.3957369,0.95223445,-0.010633767,1.8235993,-0.85291934,-0.03625548,1.0852555,-1.9389951,-0.16968141,-0.32611433,2.4434357,0.45999524,0.44107345,0.15169504,0.18690869,-0.9274815,-0.39648628,0.70172566,-0.22130588,1.4694574,0.83621824,-0.34013137,1.5909848,0.41775793,0.95664847,-0.8801625,-0.6340513,1.9826387,-0.33076152,-0.8869769,-0.23627041,-0.3647099,0.4784029,0.13333273,0.5202048,-0.38176006,-0.59388304,1.0448154,0.749021,-1.7759482,-0.6966323,-0.9247637,-0.05020807,1.092586,1.2026738,1.7012134,-0.61134666,-1.145076,-2.1564643,-0.31680834,1.4936608,-0.0067996085,0.19303386,-1.3120427,0.16009301,0.655549,-0.01466481,-0.7380363,-1.8954097,1.6542232,-0.32421172,0.14017165,1.6980498,-0.5303886,-1.411681,-0.0072141215,1.1200511,0.29014024,-0.7760171,-0.768876,1.127403,-0.31581974,1.8863127,0.9395956,0.35790148,1.0866323,0.114738494,0.8964707,0.74301684,-0.76616836,-0.7450881,-0.16327827,0.9749143,-2.0087297,-0.75563776,0.37273467,-2.008094,0.99455,-0.7214159,0.06806745,-0.20082514,-0.46935272,-0.22798625,-0.44210646,-0.46432182,-0.9562179,-0.81870985,0.19683738,-0.54992425,-1.7033939,1.6751211,1.0850266,-1.7174184,0.73146844,0.23601812,-0.12155612,0.61943114,-0.33118474,-0.47018623,0.6872922,-0.013662182,0.30280706,-0.40935862,-0.9226985,-0.4716376,-0.1205309,-1.1833127,-0.96778077,0.8012042,1.3722023,-1.4631453,-0.6914007,-0.2329848,-0.52244186,0.5158552,0.82890296,0.44722286,0.25598308,-0.53416014,-0.42322797,-0.29885256,1.0386826,-0.58075356,-0.44115356,0.44165844,0.0855375,0.34011307,2.0834131,0.5603405,0.57221794,0.65024745,0.40694356,-0.36725414,0.26688176,0.0390627,-0.3852052,0.6023483,-1.8924924,-0.8563248,1.3401669,-0.39571464,-0.9619963,-0.27897754,0.44449246,0.21103543,0.4490693,0.04467055,0.7444938,1.2360747,1.2916499,2.152028,-0.27864224,-0.7105813,-0.81966615,-0.024350323,-0.8279159,-0.49366212,0.9407054,0.56683004,2.5827484,-0.05039069,0.5460519,0.3966257,-1.0548855,-0.35462895,0.24817003,0.7148778,-0.8861012,-0.34252974,0.74889445,-0.56036276,0.1329011,-1.4770527,0.13337363,0.30639014,0.07165539,-0.62827456,-0.42047733,0.07939735,0.49958763,-1.1636851,0.9301182,0.78270334,0.6922725,0.24001656,-0.6579403,0.23539001,-0.42802805,-2.1708856,-0.59359777,-0.10770622,-0.20220849,0.035254598,-0.079391465,-0.16575359,-1.2158496,-0.90133685,1.4120802,-0.08791279,0.51246244,0.11235127,-0.36687613,1.3087826,-0.80754113,-1.0042083,1.0119188,0.970626,-1.9403807,0.12288425,-1.180035,0.7424266,-0.72466326,0.6577623,1.1370764,0.81906426,-0.6945423,1.2647163,0.30086765,-0.6654792,0.46481362,0.8516319,0.13418923,0.53117746,-1.9684124,0.7498551,-1.4455507,-0.9674544,0.181443,1.1491395,-0.5187735,0.12592071,-0.32967326,0.13515894,0.4659695,-0.7935556,0.99455476,1.963984,-0.8081773,-0.5172582,0.71402043,0.23383056,-0.9284841,-0.2779475,2.5752194,1.1066974,1.125066,-0.83986735,-0.59556377,0.20539074,-0.0059739724,-0.7599804,-0.1377649,-1.191237,-0.24753958,0.47140568,-0.34448943,0.60815156,-1.2711835,-0.3442666,1.513482,-0.48096555,0.062276103,0.42729372,0.44555396,-1.5533811,-1.2625444,0.5402687,0.93615824,-0.20372392,-0.36380753,0.4593308,1.4679185,0.3894841,-0.5862222,-0.45453644,0.4245353,0.8175589,0.5274227,-0.5019226,-1.118192,0.85551447,1.2662224,-1.6786592,1.0392799,-0.56137264,-1.003218,-1.8301209,1.2151589,0.36012453,0.036438435,1.0043164,0.706517,0.08846589,0.6777039,-0.8990377,-0.23836909,-0.52843356,-0.5157956,0.085906744,-0.054368824,-0.29846376,-0.05259694,-0.5007082,-0.50565404,-0.33435968,1.0703386,-0.34730297,0.029936783,-0.50775665,0.38136727,-0.014484972,-0.37271,-0.7749884,-0.09382037,-0.65572196,1.6272463,0.9169523,-0.06609823,-1.6454737,0.3044984,0.19420698,0.83702934,-0.7427475,0.080304846,0.22174813,-0.8110281,-0.6059292,-1.5988246,-0.84830284,0.27652973,1.5546808,-0.7096108,0.8653184,-1.2797136,0.8117755,0.11484968,-1.2296462,0.39043704,-0.26852703,-0.41991472,2.0827467,1.0665622,0.30432528,-0.15985708,1.0145946,1.0561862,-0.010329992,-0.55684316,-1.4435256,0.9753461,1.2222049,0.58121467,-1.323992,-0.27097085,0.58879274,-0.23169395,1.0902506,-1.0939894,-0.8918445,-0.9168075,-0.061014004,-0.4553985,-0.3169961,-0.1947353,-0.0914118,-1.065713,0.2594874,-1.3757861,-0.83113134,0.111103415,-1.3352867,0.0045996606,0.29983667,2.0312552,0.8585094,0.8047049,0.5239236,-0.94568264,-0.2682675,-0.95124304,-0.72404665,1.1403698,-0.6667454,-0.18417133,0.50185657,1.1663437,1.815652,0.81111854,-0.85168076,-0.6324899,0.24863598,0.19464079,0.27194747,-0.74733734,-0.53877366,-0.33162457,0.39107877,-0.047201887,-1.3028533,-0.08689106,-0.07105964,1.1545492,0.5547588,0.7890188,0.28753194,0.39077112,1.3783576,1.1347657,-0.53302836,1.0
ク,0.2601964771747589,0.7716675400733948,1.1591545343399048,-0.2490427196025848,0.6242895722389221,0.5124413371086121,0.2772069573402405,0.0134479375556111,-0.6325500011444092,-0.3895764648914337,0.5369018912315369,-0.404379665851593,-0.396104484796524,-0.0910567492246627,0.0537040866911411,-0.2777827978134155,-0.3012771606445312,-0.4784837365150451,0.0834780931472778,-0.1909854412078857,-0.834200382232666,-0.4679176807403564,-0.5020633339881897,0.9456928372383118,0.210563376545906,-0.6258668899536133,-0.1731959581375122,0.2517300546169281,0.5088326334953308,-0.4245054423809051,-0.1459442377090454,-0.0404359847307205,0.167103886604309,0.1442810446023941,-0.6581206917762756,0.2515282332897186,-0.078828826546669,-0.1900695413351059,0.4837754368782043,0.5080987215042114,0.2041688114404678,-0.4527918398380279,-0.1881830841302871,0.2095185965299606,-0.2644474804401397,0.6208105087280273,0.2297912985086441,0.1752271950244903,-0.0829321965575218,-0.6430364847183228,0.0122299417853355,0.3860097825527191,0.2557885944843292,0.3050517439842224,0.1449098736047744,-0.4554262459278106,0.76121985912323,-1.0294541120529177,-0.4803099632263183,0.7949559688568115,-0.7316218018531799,0.0513282716274261,-0.211315244436264,0.1320650577545166,-0.6685051918029785,0.2892091274261474,-0.0587130486965179,-0.5324853658676147,-0.0773560255765914,-0.4111736416816711,0.7183042764663696,-0.196817085146904,-0.096265472471714,-0.5998209118843079,0.93379145860672,-0.5390411019325256,0.182269811630249,0.3392490744590759,0.1852248162031173,0.0401392988860607,0.0288879070430994,0.3593163788318634,0.4713896214962005,-0.3885548114776611,-0.1484255343675613,0.1462392359972,-0.8089075684547424,-0.9694101810455322,0.6656703352928162,-0.0196126922965049,0.0164390243589878,0.0429009683430194,-0.4784901738166809,0.0878115370869636,1.0273886919021606,0.1293212920427322,0.3397265076637268,-0.3997782170772552,0.1173193231225013,0.4924879968166351,-0.2667233347892761,0.141569048166275,-0.3211722671985626,-0.3361550867557525,-0.0384912230074405,-0.0882785022258758,-0.5779410600662231,0.1522940099239349,0.2696743011474609,0.3354161381721496,-0.3325579464435577,-1.02678644657135,-0.5031058192253113,-0.2538363933563232,0.7983214259147644,0.064379945397377,-0.8851882815361023,0.3565098345279693,-0.8110129237174988,0.2155167758464813,-0.101303294301033,0.1714270114898681,-0.3548565506935119,-0.6919399499893188,-0.0187597312033176,0.1371993273496627,0.3809421360492706,-0.4754588901996612,-0.1685718446969986,-0.7141278386116028,-0.7252212166786194,-0.4962208867073059,-0.6804234385490417,0.3396865129470825,-0.6469278335571289,0.9907531142234802,-0.012185076251626,0.1518786996603012,0.0980211049318313,-0.4145057201385498,-0.8676518201828003,0.028614692389965,0.415253221988678,-0.6418198347091675,-0.0138866323977708,0.2562667727470398,0.0787621960043907,-0.1174865067005157,0.4666122198104858,0.1274997740983963,-0.0092818271368741,1.069156527519226,-0.7106303572654724,0.1170868948101997,0.5021846294403076,0.2519029676914215,-0.4767220020294189,0.4217033684253692,0.3188081383705139,0.416269987821579,0.325423926115036,-0.0251908022910356,-0.3737809658050537,0.6916077733039856,0.3371544182300567,0.4900538027286529,0.5342527627944946,-0.029758570715785,-0.0911524444818496,0.3343603610992431,0.327062726020813,-0.0391871556639671,0.2242729663848877,0.0260772313922643,-0.2710334062576294,0.0689779445528984,0.5183835625648499,-0.0916298180818557,0.0555247515439987,-1.153109073638916,-0.2775963246822357,0.1017253473401069,0.664962887763977,-0.6389026641845703,0.8360575437545776,0.0876204371452331,0.1322063654661178,0.3170809745788574,0.3774223029613495,-0.1905486434698104,-0.3846108913421631,-0.4603400230407715,0.6857805848121643,-0.5970818400382996,-0.4961616396903991,-0.1134495660662651,0.519355297088623,0.3193412125110626,-0.531963586807251,0.4343504309654236,0.4539114236831665,0.417395144701004,0.1000203788280487,-0.7704975008964539,-0.5926470756530762,-0.32489213347435,-0.1046395525336265,0.3545795977115631,0.4358235597610473,0.1672981679439544,-0.1975950747728347,0.1507244557142257,0.2212463915348053,0.3735207319259643,1.1885721683502195,0.2576204836368561,-1.0946272611618042,-0.3113104104995727,0.6799831390380859,-0.4022638201713562,0.4393674731254577,-0.6532114148139954,-0.4152394831180572,-0.1701459884643554,-0.0568780861794948,0.7398430705070496,0.4843018651008606,-0.7103230357170105,-0.1642018556594848,0.4482544660568237,-0.73977130651474,-0.7217811346054077,-0.3261362016201019,0.4184364974498749,-0.3652968108654022,-0.1917474865913391,-0.5450551509857178,0.0588369071483612,-1.1698850393295288,0.5660350322723389,-0.6710236668586731,-0.489876389503479,0.3795583844184875,-0.455694168806076,0.047511987388134,-0.1226101741194725,-0.4226889610290527,-0.4262320697307586,-0.574466347694397,-0.0452838689088821,-0.1623226404190063,-0.30068039894104,0.1425822079181671,-0.4819738268852234,0.6339452862739563,0.8741349577903748,0.4001090228557586,-0.0672254413366317,0.2557882070541382,-0.5253933072090149,-0.1784392446279525,-0.7809383869171143,-0.2096228152513504,-0.1427619755268097,0.1988403350114822,0.8017328977584839,0.1154204383492469,-0.1523918956518173,-1.1573235988616943,-0.3845580220222473,0.5947550535202026,-0.1391258686780929,-0.1822718828916549,0.2094863057136535,-0.2732803225517273,0.3066556751728058,-0.3466778099536896,1.1702228784561155,-0.1488174498081207,0.5596212148666382,-0.4773547649383545,0.8751404285430908,-1.0252439975738523,-0.2382192015647888,-0.2597119510173797,0.5175034999847412,-0.3037024140357971,-0.5819077491760254,-0.29946368932724,0.6067160964012146,0.9384274482727052,-0.5277605056762695,0.1936603337526321,-0.4492890238761902,-0.0376345366239547,0.2783607840538025,0.5022274851799011,0.0447737276554107,0.0464513227343559,0.0630439296364784,0.5367921590805054,0.3566792905330658,0.3203383386135101,-0.5047087073326111,0.209250271320343,-0.542144775390625,0.0340330973267555,0.3846865594387054,-0.2016554027795791,-0.3671661019325256,0.2500276267528534,0.6098120808601379,-0.6008380055427551,0.0378953218460083,1.3185583353042605,0.1704170256853103,-1.2425636053085327,0.1166798397898674,0.2197559624910354,0.6595691442489624,-0.7384922504425049,0.244466170668602,0.1448394656181335,0.6157307028770447,-0.6255227327346802,-0.6871852278709412,1.2810161113739014,0.4095411598682403,0.1444949656724929,0.1718177646398544,0.3210488855838775,-0.4711584746837616,0.156625211238861,-0.5008877515792847,0.3024103343486786,0.2653266191482544,-0.8699522614479065,-0.0663931593298912,-0.0814085379242897,-0.9160877466201782,-0.8883458375930786,0.4669428765773773,-0.2875518500804901,0.4959858059883117,-0.7722448110580444,-0.1440795511007309,0.6313294768333435,1.44879150390625,0.7459650039672852,0.6294519305229187,-1.0806553363800049,-0.3688786327838897,0.1754558384418487,-0.0657195597887039,-0.0338567830622196,-0.1755558550357818,0.2047699391841888,-0.2757882475852966,0.0618297010660171,-0.1674783378839492,0.3578948676586151,0.0502398274838924,-0.118345245718956,0.216492161154747,-0.2382357120513916,0.2444372624158859,0.355245977640152,-0.0294780675321817,0.2637642025947571,0.5592740774154663,1.1165114641189575,0.1100249662995338,-0.0190357360988855,-0.6459223628044128,-0.0345478244125843,-0.8436300158500671,0.3676209449768066,0.0651250481605529,-0.3253545463085174,0.478100061416626,0.0718282461166381,-0.3297016620635986,-0.04544423148036,-0.5062267780303955,0.0844847708940506,-0.401085615158081,-0.5096754431724548,0.3127480447292328,0.210587739944458,-0.0452464520931243,0.4976827800273895,0.4919727146625519,0.4291309118270874,-0.523398756980896,-0.943262815475464,0.3379921615123749,-0.242254227399826,0.0142103694379329,0.1511914730072021,0.3454184830188751,-0.5329079627990723,-0.1078366115689277,-0.5055347084999084,-0.4694585800170898,-0.5396525859832764,0.0290536303073167,-0.6770147681236267,0.0359861105680465,0.1319330632686615,0.7239803075790405,-0.6603553295135498,0.2532439529895782,-0.1373676359653473,0.1345330476760864,-0.3997921645641327,-0.7690853476524353,-0.2519575655460357,0.5198513865470886,0.231317862868309,0.5032919645309448,0.4875179529190063,-0.1256764382123947,0.5173438191413879,-0.1470139920711517,0.4803507328033447,0.6586858630180359,-0.3879271447658539,-0.3438239395618438,0.7232455611228943,-0.0787359699606895,0.4007488787174225,0.1852861642837524,0.2032687216997146,0.6855928301811218,-0.3868885636329651,-0.717055082321167,0.074904941022396,-0.2598093152046203,-0.4254417717456817,0.8187243938446045,0.823091447353363,0.4549587666988373,-0.3322716951370239,0.5208785533905029,0.1171120405197143,-0.2200700491666793,-0.1446550190448761,-0.7647825479507446,0.4552333652973175,0.1714992374181747,1.0670262575149536,0.8117987513542175,0.2606683373451233,-0.1066507846117019,0.2760120332241058,0.2933485507965088,-0.6363772749900818,0.3159745931625366,0.5018146634101868,-0.2125376611948013,-0.4411213994026184,0.4284920394420624,-0.4842215180397033,0.0177771355956792,0.4306398034095764,0.0011792115401476,0.5701517462730408,0.1190207153558731,0.2978163957595825,-0.9600476622581482,-0.5824791789054871,-0.8003200888633728,-0.7151087522506714,0.3547765910625458,-0.3095428347587585,-0.0058747273869812,0.5378076434135437,0.1719048023223877,-0.609015703201294,0.7108872532844543,0.0142351780086755,0.2613120675086975,0.1113084927201271,-1.254183292388916,-0.0623344928026199,0.4328422546386719,-0.5138615369796753,-0.5947858095169067,-0.1979426592588424,0.0750741437077522,-0.5794800519943237,-0.4515449702739715,0.502276599407196,-0.4556305408477783,0.1864230185747146,-0.3650542199611664,0.4559695422649383,-0.1440150737762451,-0.8318368792533875,-0.1599677205085754,-0.1752644330263137,-0.0415147617459297,-0.6440781950950623,-0.3740312457084656,-0.174108475446701,-0.1471574902534485,0.2328444868326187,0.5378982424736023,0.5309615731239319,-0.2830321788787842,0.5263422727584839,0.1691173166036605,0.6709350347518921,-0.5538651347160339,0.0076780337840318,-0.4527483284473419,-0.3908379077911377,-0.1000224575400352,0.8300713300704956,-0.0619895234704017,0.1634740829467773,0.1637341827154159,-1.0156677961349487,-0.6258406639099121,-0.096090592443943,-0.7745623588562012,0.5637669563293457,0.2982174456119537,1.096544623374939,-1.023145079612732,0.2118412405252456,-0.3168109655380249,0.3215086162090301,0.3137198090553283,0.2706270217895508,0.3078014254570007,-1.2697547674179075,-0.3488260209560394,-0.1986478269100189,-0.9023205637931824,1.3746393918991089,-0.0114572457969188,-0.6701784133911133,0.8007376790046692,0.9206933975219728,0.4087737500667572,-0.3795710206031799,-0.0217764172703027,-0.0964465960860252,0.0828632116317749,0.1047423258423805,-0.084023505449295,0.39506995677948,0.3740825951099396,-0.113686978816986,0.2499356269836425,0.1856027096509933,0.9281864166259766,0.5368247628211975,-0.1605207473039627,-0.1507079154253006,-0.3414604663848877,-0.4615748822689056,0.0012386603048071,-0.0776219367980957,0.3673667907714844,-1.0136717557907104,1.1397279500961304,0.5711464881896973,-0.2257633060216903,0.6361523270606995,0.8225521445274353,0.1151933073997497,0.8864908218383789,0.0629400238394737,-0.461571455001831,-0.4161486029624939,0.3115420043468475,0.370331734418869,0.5370334982872009,-0.3267718851566314,0.036059733480215,-0.5360196828842163,0.1437736898660659,0.7080637812614441,-0.2596994340419769,-0.057965625077486,0.0479259341955184,0.465667575597763,-0.329204112291336,0.6097540855407715,0.1795294284820556,-0.3872417509555816,0.0016755922697484,0.3521803319454193,0.9326184988021852,1.3803850412368774,0.1614990830421447,0.5338764786720276,-0.1915417611598968,-0.4733914136886596,0.0701276957988739,0.0329782329499721,0.1643308848142624,0.8213740587234497,-0.0189902111887931,-0.6164161562919617,0.7617213726043701,0.1765824258327484,0.1814892888069152,-0.3075031042098999,-0.7292532324790955,-0.1656290143728256,-0.1366206407546997,-0.6081900000572205,0.2079646438360214,0.5843433737754822,0.4702260494232178,-0.1506119072437286,-0.6722562909126282,-0.2116758525371551,0.5799766182899475,-0.0292512588202953,0.0126929972320795,0.2700232565402984,-0.4339153468608856,-0.0051264641806483,0.0901865363121032,0.3135825991630554,-0.3707472383975982,0.0541979558765888,0.1986272931098938,-0.6521261930465698,0.1681795269250869,-0.1146176382899284,0.7386447191238403,0.2633908689022064,-0.0481293015182018,0.2828205227851867,-0.8681786060333252,-0.4640745222568512,0.0413243658840656,-0.5055402517318726,0.1559618413448333,-0.2029827088117599,-0.6607381701469421,-0.5911625027656555,-0.3492030203342438,-0.8141156435012817,-0.3056051135063171,-0.1342716962099075,0.4944316446781158,-0.8597952723503113,-0.1580573618412017,0.1369164437055587,-0.0223080180585384,-0.4806141555309295,-1.4932730197906494,0.1740379333496093,0.2448061853647232,0.0447381138801574,0.610779345035553,-0.0147978896275162,0.1628817170858383,-0.1633743792772293,0.2247444838285446,-0.3936573565006256,-0.535556972026825,-9.42827606201172,0.0191608816385269,-0.4048793613910675,-0.6887878775596619,-0.2456473708152771,-1.073501706123352,1.009339690208435,1.07252037525177,-0.4291646778583526,0.3822269141674042,-0.034221276640892,0.0063276458531618,0.7398654222488403,0.3311055302619934,-0.066605195403099,-0.1160739436745643,-0.2623418867588043,0.0428433120250701,-0.4008525311946869,0.1412759572267532,-0.965386927127838,-0.2797446250915527,0.3088605403900146,-0.1534778475761413,0.2844469845294952,-0.4537075757980346,0.3943725228309631,0.1089145839214325,-0.0997073873877525,0.2902457416057586,-0.6193747520446777,0.3798222839832306,-0.1247166991233825,-0.036256406456232,-0.6955757737159729,0.6298542618751526,0.6800215244293213,-0.0690756812691688,-0.2167994678020477,0.5422770977020264,0.3447732031345367,0.6133348345756531,0.0427318476140499,-0.098197616636753,0.0867847725749015,-0.3296495676040649,0.4413673281669616,0.4500584602355957,0.6732885837554932,0.0353333428502082,0.0105393771082162,-0.63661128282547,0.1806047856807708,-0.435551255941391,0.291910707950592,-0.3821401596069336,0.4180054664611816,-0.495882511138916,0.2797812819480896,0.1087309792637825,0.4244888722896576,0.1696864366531372,0.8885639309883118,0.4118261337280273,-0.3509717881679535,1.145036697387695,-0.1696304827928543,-0.1659910678863525,-0.0380303487181663,-0.1433157920837402,0.0141743309795856,0.1369375139474868,-0.0312920100986957,0.3232018053531647,-0.291940301656723,0.3646182715892792,-0.0224745664745569,0.3830815553665161,0.2656103670597076,0.1135009080171585,0.503313422203064,-0.5484411120414734,0.1841158717870712,0.1809925884008407,-0.6599748730659485,0.286986231803894,0.5200598835945129,-0.4629605710506439,0.0247530192136764,-0.1957879662513733,0.847390353679657,-0.1782170534133911,-0.2313891351222992,-0.0086311353370547,0.0618851855397224,-0.5654031038284302,0.2221276611089706,0.6006233096122742,-0.1652425974607467,-0.5081158876419067,-0.5753384,-0.22382043,1.1212546,0.8121621,-1.4545337,-0.5963572,-1.0936769,0.79928285,1.328071,-0.28779492,0.5447169,-0.08036919,-0.9687975,2.4882624,-0.7908997,0.53237534,0.6237293,-0.86824435,0.82066804,0.20817365,0.5345691,0.6618933,0.714654,-0.8655329,1.3838905,0.83597225,0.5769404,-0.15116133,-0.24959204,-1.2219515,0.19702299,-0.49095353,-1.1664476,-0.14378722,-0.09516033,-1.2618006,-1.5488027,1.510438,-0.23751085,-0.3492071,-0.7288455,1.030811,-0.0814091,-0.40899488,-0.4392738,-0.10559646,1.5566815,-0.5152624,0.9901969,-0.22819448,-1.1218393,-0.49002537,0.8968216,0.6077731,0.44758663,-0.29611394,0.95021695,1.4496758,0.011570548,-0.4871101,0.28136244,0.38694096,-1.0480918,-0.21906783,-0.41803518,0.61738044,-0.57874155,-0.09896987,0.13457812,-0.29032817,-2.4999254,-1.0135714,-0.14067288,1.0896538,-1.7717766,0.52156276,0.28341508,-1.1652135,0.119919,-0.19294997,0.14765027,-0.37666792,-0.692006,1.1477346,-0.83156174,-1.286988,-0.35174713,-0.79269266,-1.0587881,-0.37073088,-0.65167993,-1.6243283,-1.2466177,-0.93630135,1.7734579,0.3573355,-0.9254517,-0.6477175,-1.3712031,-0.13366485,-0.19244401,1.4440666,0.26354712,-0.9638199,-0.6455307,-0.4642549,-0.47334906,-0.53085005,-0.89477223,0.74615496,0.5680296,0.5421521,0.94050026,1.2756279,0.38994536,0.8304269,-1.4261397,-0.83418655,-0.086042985,0.6844762,1.1962856,0.54655457,-0.5457732,0.4049668,-0.020076139,0.8264328,0.19975372,-0.88055277,0.6737885,0.7564222,0.6735323,0.052390702,2.4640653,0.9254299,-0.9163289,-0.73407,-0.46414155,0.29421505,0.9454592,-0.9142892,-0.3082742,0.25707546,-0.20505224,-0.23533261,0.44367105,-1.1431978,0.0482861,0.5683136,1.1922945,0.48126414,-0.2471689,-0.24387145,-1.7489516,-0.0740933,0.98249185,-0.32312655,0.21751603,0.5721906,-1.1502315,0.8781895,-0.81158406,1.8036686,-0.92345554,0.7097063,0.08133547,0.6551661,-0.84006274,0.7183184,-0.95378065,-2.0363843,-0.5773009,-0.38923195,0.9511004,-0.15828559,0.44423255,-0.5485398,0.86849105,0.3947844,-1.0003083,-0.49000502,1.1460907,0.98565453,-0.3181899,1.56961,-0.41603032,0.44372457,0.64339775,0.20553586,1.2110566,0.32023305,0.9610451,-1.0159508,1.1220504,0.75813687,0.41882625,2.578545,0.90547,-1.398392,-1.2031204,1.1594998,-2.6538942,-0.42357686,0.9070681,-1.4410998,1.1165802,-1.1766675,-1.0492698,2.0008454,0.49231717,-0.4497273,-1.2316135,-1.5307398,1.2806972,1.3267691,-0.40758047,0.21255329,-0.5941733,0.39735204,-0.27142668,-0.4831596,0.610367,0.83904344,0.16367552,1.427537,-0.9972647,0.44156423,0.0811365,-0.35072407,0.23764403,0.9356202,-0.34475,0.77388114,0.56170857,-0.14373092,-0.3952656,0.37337276,-0.13322413,0.46104765,-0.33315447,0.68747205,0.29192847,-0.28092393,0.4092214,-0.506797,0.71120125,0.9521211,1.5826275,-0.10569333,-1.684445,-0.46251035,-0.19206011,1.2459657,-0.05070272,0.18204603,0.12275922,1.3791932,-0.21125674,0.088175274,-0.50910014,-0.81418025,-0.052869685,0.73608315,-0.26151618,0.27888766,0.044719875,-0.67287785,-0.6068329,0.46101078,-0.12471034,-1.0872457,-1.0285896,-0.9188896,-0.9562913,0.60440147,0.30093482,0.45845655,-0.65381193,-1.1300012,-0.47633108,0.85042566,1.0093904,-1.835843,0.0003033536,0.10091374,-1.2068222,0.19968271,0.2963881,-0.07801143,-0.06872952,0.24419025,-1.1845505,1.014959,-0.3732342,0.94217485,1.9095135,0.25079674,1.0432903,-0.88929117,-0.37860847,-0.25756997,0.8324696,1.19464,-1.6359179,0.69722366,-0.67911106,-0.41480738,1.3827169,-1.3474644,-0.90553576,-1.3783144,-0.0847031,-0.3667306,-1.3938841,2.1360748,-2.0179658,1.6613715,-1.4862887,-0.15716179,-0.80371207,-1.0274271,-1.1835158,-0.0015678576,0.83576906,-0.32617593,0.5291864,0.17774224,0.28239697,0.5461363,-0.13758267,1.0570801,0.32217473,-0.07659293,-0.47158685,-1.3305664,-0.13859408,1.0591573,-1.3857929,-0.87030184,-1.3831543,-0.6841977,0.09657172,-0.21380381,-0.6770576,0.923031,-0.025283055,0.78130114,-0.74065906,-0.6305531,-0.16336754,-0.8193063,0.8399323,-0.71939534,1.2459422,-0.7641339,-0.37052268,0.3218689,-1.5223836,-0.3799779,-0.15995595,1.5694492,0.3976051,0.5986347,0.34787863,0.6255416,0.1563588,-0.7185764,1.1119587,-0.1008176,1.7811375,-0.16720103,-0.6985633,1.1659396,-0.40613112,0.59579945,-0.25112572,-0.4171423,1.8945901,-0.5193359,-0.95285213,0.38810468,0.05261917,0.21394579,-0.044328034,0.68467444,-0.2628383,-0.068797246,0.82881594,0.9837336,-0.35734847,-1.043437,-0.46068642,0.4845479,1.2070163,1.3780383,1.6430899,-0.5964331,-0.8090005,-2.1804926,0.5802385,1.191927,0.8404142,0.381622,-1.8509899,0.42621988,0.6042246,0.10648734,-1.5826092,-1.6866207,1.8021219,0.20976493,0.5853063,1.5746485,-1.2659136,-1.7247053,0.06883629,-0.24287032,-0.22441837,-1.0208101,-0.63299286,0.28650466,-0.091916546,1.5656431,1.2640219,0.53735787,-0.16937241,-0.8767895,0.6354195,-0.14187397,-0.89769703,-0.37579685,0.050992556,0.71635276,-1.5542586,-0.55710614,0.6713753,-2.2515743,1.2336468,-0.4969527,0.17059477,-0.05901448,-0.4678014,-0.92687064,-0.10762204,-0.39176175,-1.18669,-0.21487181,0.54280883,-1.7224067,-1.3184313,0.77395767,1.0864674,-0.76304436,0.8802905,0.5184424,-0.18581763,0.837048,-0.2286102,-0.5882811,-0.37717742,-0.15731156,0.085665084,-0.25086212,-1.396373,0.08483941,1.1300619,-1.3281134,-1.5040343,0.41729528,0.15563525,-1.5421054,-0.74416256,-0.13054086,0.07282113,0.34004307,0.9429385,-0.4059612,-0.32659128,-0.90324974,-0.0033368978,0.02011839,-0.024170283,-0.33317834,0.3091069,0.26305425,-0.63316613,0.32723472,1.51608,0.2738904,1.3970174,1.1866411,0.13999853,-0.49270868,0.8637307,-0.29272065,-0.4642477,0.55325234,-1.0714601,-1.0421146,1.5909976,0.23085184,-0.3397276,-0.30104545,0.4091567,-0.029811442,-0.22128318,-0.18547682,0.5454179,1.5385514,0.48329258,1.4986211,0.47330394,-0.052180655,-0.3868428,0.5539038,-0.92509407,-0.59645367,-0.4732904,0.18020456,2.0239012,-0.35412365,0.7436864,0.6857449,-0.8712177,-1.087936,0.085234754,0.21816507,-0.29671863,-0.31635633,0.12587024,-1.4407285,0.50687516,-1.8026463,-0.2094445,1.1250279,1.1095988,-0.41533127,0.19202709,0.9253474,0.31420395,-0.82358867,-0.1062268,0.9764719,2.0391304,0.18469845,-1.1270503,0.54519033,-0.63701344,-1.8209888,0.11444286,-1.0068512,-1.068539,0.16561897,-0.6106691,-0.09692291,-0.3793078,-0.7233612,1.4702265,0.86181337,-0.039375518,0.44556552,-1.1803961,1.5873007,0.032874107,-0.42807224,1.3487924,0.81601447,-1.1847751,0.832292,-1.2502693,1.3538235,-0.49621725,0.94675636,1.3864585,0.89029837,-0.7242942,1.5281208,-0.6471487,0.14520101,-0.5112501,0.88298076,-0.77847004,0.22260621,-2.0078835,1.011406,-1.6598142,-0.9979,0.16080229,0.52547467,-0.7183293,0.424246,-0.12876865,0.90046775,0.089948334,-0.47521314,0.30197817,1.715783,-0.54578143,-0.87688655,0.54647577,0.15402964,-0.31970686,-0.37161463,2.4835396,0.49555737,0.99937016,-1.4160101,-0.6381332,0.7694769,-0.04701543,-1.4204462,-0.706227,-0.38685736,-0.042335518,0.35782173,-0.43291742,0.70965785,-0.7002034,0.82421017,0.65137905,-1.0427855,-0.6586908,0.18823512,-0.6349351,-0.87298965,-1.5463034,0.51410663,0.5119389,-0.83660525,0.5015459,1.1989462,1.509679,0.48069638,-0.30600232,-1.4102325,0.87027544,0.6434105,0.38005596,-1.096472,-1.4504782,0.54634637,0.9372032,-0.43549946,0.415711,0.5776941,-0.075006165,-1.9961967,1.2324985,0.1957844,-0.6329505,1.1494405,0.015027268,-0.051642157,0.84993994,-0.22681014,0.033187617,-0.2987203,-0.09267879,-0.21172278,-0.25242314,-0.66037667,0.51842153,-0.74898565,0.20604979,-0.5746922,0.66746336,-1.4259684,0.8912773,-0.2269397,0.4998331,0.2566677,0.63158756,-1.4545476,-0.83295536,0.27462816,1.3775332,1.1421369,-0.24725096,-0.9467705,0.015516826,1.3564805,1.2611933,0.0076114833,0.13057823,0.1742332,0.000186256,-0.3427789,-1.1448866,-0.9327734,0.34579805,0.5273,-1.016967,1.3713149,-1.9681865,1.1138096,-0.60667354,-1.1988118,0.0806701,0.7445694,-0.65530777,2.4073083,0.51683205,-0.18051982,-0.1606871,0.67277485,1.2394294,-0.44050282,0.012175449,-1.0143434,0.9022053,1.6030303,0.49545026,-1.1772107,-0.14148416,0.08795685,-0.69944066,1.6293004,-0.4127469,-0.52509797,-0.4542764,-0.44871184,-0.87817866,-0.51825637,-0.15849876,0.39216658,-0.92597896,0.4746419,-0.8515585,-1.159351,0.31160507,-0.046053503,0.36014494,-0.32271245,0.99928516,0.3048131,0.56084734,0.17230959,-0.39371076,0.050058544,-1.1939005,-0.7007046,0.3847682,-0.91798127,0.91361773,0.31832203,1.4945621,1.5919142,0.04200205,-1.445893,0.07364009,0.042689033,0.4967866,0.0019992238,-0.698481,-0.25140116,0.340149,0.5132045,0.57847345,-1.2958175,-0.63482314,-0.20150177,0.0075438893,0.046692226,0.65086704,-0.25711566,0.4557776,1.9599717,1.0057358,0.14955647,-0.76639026,-1.5963799,0.32060018,1.2392198,-0.9371336,-0.8794295,-0.9084018,0.47841215,1.2192596,-0.82257587,0.6380078,0.33975014,-1.8703457,1.8940719,-1.2900991,0.03700198,1.2492908,-0.5469558,0.26924896,-1.340777,0.7864647,1.2284746,1.3422152,-0.7425859,0.791753,0.4654937,0.404624,-0.5011323,-0.68601036,-0.8353152,-0.085180484,-0.8829573,-0.16423221,-0.8888238,-0.2820516,-0.92730826,-1.2067013,1.1726145,0.2732902,-0.4303875,-1.1260016,0.5668505,-0.20453966,0.34855655,-0.6075461,0.22766054,2.0863714,-0.3836088,0.79518384,-0.97829205,-0.38069284,0.19474941,0.38046172,0.7445679,0.89200944,-0.18676329,0.3881987,0.78863573,0.48773232,-0.29928076,0.23700468,0.6082079,-1.7982583,0.10847485,0.815335,1.4929543,-0.29834923,-1.1672156,-0.76875347,-0.49295244,-2.2871027,-0.09506873,0.21633953,1.6377798,-1.206384,1.0092448,0.38203064,-0.29637703,0.1699078,0.6493422,0.66551286,0.7699576,-0.9354481,1.681366,-0.49730822,-0.61851066,-0.26763132,0.097252734,-1.5980061,-0.36934793,0.33252642,-1.4709673,-1.7708424,-1.1285003,0.8362096,-0.17744763,-0.96785,-0.29515675,-1.9104624,0.21378458,-0.01817719,1.5517257,-0.12008696,0.049477935,-0.760323,-0.023896644,-0.8507226,-0.48646912,-1.0328392,0.98303795,-0.38561925,0.39896917,1.0190169,1.5272818,0.8983264,1.4162474,-0.87543607,-0.88823986,-0.43978617,-0.54700464,1.1115918,-0.1786726,-1.458582,0.44151163,-0.20030999,1.5739775,0.22822589,-0.1858008,1.0120449,-0.121208906,1.055375,-0.13994102,1.8391848,0.9768272,-0.7485728,-0.49027887,-0.4796771,0.06750402,-0.10868559,-1.1000725,-0.9149773,-0.37614882,0.27049807,-0.21801798,-0.4385554,-1.1870524,0.37941256,1.2001671,1.5824355,0.15800925,0.14435598,-0.061151583,-0.8554576,0.22124618,0.5191125,0.4606459,0.7180931,-0.070668004,-0.7202119,1.5632882,0.24926548,1.5792061,-1.1187963,-0.11110508,-0.18895178,0.35259783,-1.0154119,0.5359226,-1.0533409,-1.8775239,-0.05272062,0.6873321,0.78155285,0.023515292,0.28345695,0.028573155,0.3100533,0.015631365,-1.0361208,0.23327897,0.4670104,1.0739375,0.49965978,0.9500391,-1.0596277,0.3819091,0.26052487,0.22112508,-0.09349253,0.044037223,0.5598719,-0.5792125,1.1518248,1.1719241,1.5288194,2.0316617,0.78132194,-1.6931013,-1.0676934,0.90900975,-2.1246617,-0.57205486,0.43875018,-0.33059162,1.7760334,-0.6536981,-1.1299043,1.6201779,0.2335059,0.3500124,-1.8019458,-1.6309673,0.80245477,0.43936852,-1.0501007,-0.116212994,-0.17810786,0.085933864,-0.6122425,-0.6014366,0.22571905,0.07424077,0.18607517,1.9480151,-1.0223354,0.009773334,0.7188627,0.36411086,0.5687974,0.02432867,-1.0283675,0.3128548,0.93300486,-0.10383455,-0.56537765,0.3577704,-0.9453211,1.4913522,-0.67518,0.024928955,0.294499,-0.13968517,-0.11474222,-0.34096703,0.6077229,0.94989395,2.2045186,0.37056318,-1.0662247,-0.109064996,0.6487506,0.4585196,0.70220023,0.22382033,1.110741,0.36026528,-0.2842392,0.5225844,0.29699638,0.2341432,0.1771034,0.775057,-0.10438749,1.0334982,0.5814027,-0.23105079,-0.98208237,0.21183316,-0.318235,-1.148302,-0.6575515,-1.0108001,-1.4707383,0.7549822,-0.5165232,0.1206883,-1.3056827,-0.45608,-1.3245339,-0.60186976,0.39687765,-1.3372768,-0.80504173,0.3265127,-0.7668857,0.9036115,-0.39122793,0.22737251,0.27808025,0.9742666,-2.3865068,0.98130083,0.7883916,0.7970824,1.5452127,0.17478509,1.1460086,-0.23168854,0.858736,-1.7943207,0.66284084,0.9681473,-1.171106,1.3188101,-0.10862509,-0.50291336,-0.008648515,-1.3882936,-0.52167517,-0.38993812,0.848023,0.06401517,-1.1959273,1.1916466,-1.6566917,1.167626,-1.8825802,-0.62619907,-0.36646596,-0.6747816,-1.2260419,1.2327796,0.45157492,0.35808614,0.65105504,-0.07754451,-0.32111847,-0.008301019,0.05770534,0.5609039,-0.93819314,0.90739983,-0.60448706,-1.2358843,1.1786377,0.7943075,-1.3536521,-1.4158133,-1.4304647,-0.23200916,0.35970616,-0.34926724,-0.34886798,1.2742487,0.13578671,0.6711219,-1.468873,-0.0045234165,0.19878668,-0.25871295,1.005294,-0.11965542,2.0069292,-1.0826772,-0.6121334,0.7481397,-1.3950729,-0.30781266,-0.97905064,1.7501348,0.99568194,0.35877576,0.2831919,0.47608447,-1.4215902,-0.22535948,1.3386608,0.11870992,1.282402,0.63906544,-0.3127708,1.1749203,-0.28031537,0.52944,-0.79308844,-0.40469345,1.9476212,0.17214608,-0.51371074,-0.7452864,-0.03326817,0.10296007,-0.093132645,0.1012874,-0.032779694,0.1306461,1.5287858,0.8724808,-1.5593823,-1.2575871,-0.66358984,0.10552732,1.1203166,1.8101245,1.3823233,-0.53916764,-1.0026336,-1.9853334,-0.08105663,1.0115476,-0.12051076,0.044549834,-1.0455347,-0.13668415,0.34034052,-0.21642876,-1.0674754,-1.4570589,1.2037503,0.5444465,-0.12740865,1.6652857,-0.3617966,-0.9672157,0.3367847,0.9051335,0.12970273,-0.8315293,-0.7475612,0.79014057,-0.82019836,0.8144135,1.2724196,0.2794134,0.39464954,0.024621693,1.4736462,0.03422189,-1.0205661,-0.36085376,-0.058296647,0.2811954,-1.1848433,-0.89733547,0.87149376,-2.1156843,0.13250713,-0.6823744,-1.1003758,0.39342117,-0.17987017,-0.6309857,-1.3314861,-0.64725596,-0.51288694,-1.860226,-0.20755525,-1.0313618,-1.8279446,1.1964107,1.8751436,-1.2987505,0.052117687,0.44385767,-0.24251811,0.6853307,0.10687935,0.29867214,0.61003333,-1.2853271,-0.75925606,-0.48866168,-0.88005376,-0.37033042,0.010215511,-1.4059635,-1.144898,0.6596974,1.7534801,-1.6966809,0.22048746,-0.08489361,-0.4610223,0.31986594,0.59974414,0.35299,0.38225237,-0.42778197,-0.3838428,-0.1937841,1.4347467,0.17064524,-0.38848913,0.79436725,0.29660073,0.42541763,1.2114612,0.52128196,0.9029553,0.43934038,0.37340173,-0.6696145,0.20893556,-0.4406102,-0.021189472,0.5706515,-1.7922007,-1.0648228,1.8747917,-0.8148784,-1.6148533,-0.21068071,0.868733,-0.5003149,0.5642284,0.28788197,1.4515853,1.3622193,0.7751012,1.9424909,-0.7591916,-0.57756037,-1.0088781,0.078795016,-1.1125382,-0.8438155,0.52818006,0.6161433,2.498786,-0.49136075,0.4719735,0.26550224,-1.1512438,-1.0678724,0.5513407,0.33691397,-0.92939496,-0.20849359,0.6102547,-0.92610043,0.07304195,-1.3142914,-0.40004268,0.25681114,0.35121226,-0.13008833,0.40903255,0.37649432,0.5704213,-0.86127967,0.3997101,1.4851422,0.40474948,-0.09051534,-1.3406476,0.07358857,-0.44472182,-1.6660346,0.10122824,-0.41366184,-0.8784718,0.16545214,-0.21102162,-0.0850456,-0.88329154,-0.51146144,1.4644417,-0.0031206459,-0.72245103,-0.16663626,-1.0088984,1.455153,-1.073146,0.2796109,1.2184087,0.4353151,-1.6984948,0.23543759,-1.1245179,-0.09698218,-0.60939556,0.19577527,0.7114144,0.38367757,-0.588919,1.5233308,0.427518,-0.8512127,0.18484242,0.6620512,-0.3682342,0.62891823,-2.0847006,1.3159976,-1.4392792,-0.8941179,-0.13462074,1.1881231,-0.8667819,-0.5546145,-0.7178989,0.980464,0.9281625,-0.5717229,1.0952514,2.052416,-0.5536899,-0.44486842,0.7507445,0.5142299,-0.9132733,0.09598693,2.5959768,0.5496451,0.986737,-1.0036157,-0.5847977,0.0024669964,0.15633473,-0.8515568,-0.42723456,-0.68184835,0.26176476,0.5525047,-0.51306385,0.8885376,-0.7734036,-0.80352885,1.270593,-0.017297745,-0.07170024,0.32223833,-0.56755316,-1.4798273,-1.0306007,0.3754549,0.9626058,-0.004725615,-0.27237096,0.54179674,1.1282467,1.3037372,-0.8939629,-0.35118118,0.803459,0.9541202,0.9555566,-0.62276495,-1.1296211,1.008626,1.422967,-1.0048441,0.91901034,-0.51851374,-0.3945136,-0.97063214,0.94876605,0.5202616,0.406042,1.0280056,-0.20413817,0.31335786,0.26687118,0.0340346,0.3088408,-0.14050297,-0.44202828,0.30040073,-0.09015163,-0.9646333,-0.16716975,-1.6227878,0.053792506,0.060245227,0.61942416,-0.88772494,0.3334972,-0.056989294,0.8147998,0.5885586,0.17076313,-0.36226285,-0.5128134,-1.1867262,1.6656446,0.79934233,-0.38389504,-1.277665,0.009650826,0.42517313,0.68212384,-0.9251501,0.79896766,0.20342845,-1.1728677,-0.5928886,-1.3995689,-0.30557004,0.5312226,1.2043844,-0.34662795,0.46223378,-1.2802237,0.5101628,0.26394063,-0.8721052,0.055398535,-0.11682466,-0.6718324,1.6919336,1.6258842,0.823867,0.7667942,1.0782663,0.7064895,-0.083840966,-1.1722792,-1.9110886,0.6220767,0.49442205,0.30606917,-1.2196425,-0.18643294,0.960378,-0.4487371,1.4143281,-0.6096404,-0.6859081,-0.9571814,-0.6853357,-0.29488719,0.19688232,-0.7238884,-0.27926037,-1.4323826,0.08194128,-0.9776649,-0.23819427,0.79565763,-0.5025506,-0.67169887,0.11772167,0.9869423,0.59302574,0.38283738,0.7769874,-0.24345666,0.37444636,-1.0988679,-0.12590186,1.2887925,-1.0496156,0.22727996,0.46028817,0.9437606,2.1476114,0.3145063,-0.7342236,0.15462436,0.35935688,0.41014194,0.25383976,-0.00057426095,-0.4292812,0.7726688,-0.769119,0.25568905,-1.284702,-0.40918574,0.07735405,1.1514726,0.14766102,0.12422371,0.26474604,0.2959471,1.6434733,-0.11575899,-1.1541427,0.0
ブ,0.1209773644804954,0.4529292285442352,0.4012550711631775,-0.4765544235706329,0.0861533507704734,0.3463010787963867,0.2317739427089691,-0.102311834692955,-0.1861830055713653,-0.3110221028327942,0.2881753146648407,0.0274326875805854,-0.701203465461731,-0.1520788520574569,0.6665835976600647,-0.5267205834388733,0.0148164890706539,0.0837877914309501,0.0237792544066905,-0.4134374558925628,-0.6455976963043213,-0.4830205142498016,-0.0956778228282928,0.4120683372020721,0.2029711008071899,-0.286325454711914,0.1433539241552353,0.2760780453681946,-0.3087919354438782,-0.5284690856933594,-0.2432058453559875,0.0252840593457222,-0.2607723176479339,-0.2202124744653701,-0.3316689133644104,0.2312808632850647,0.0770034044981002,-0.142174944281578,0.1189073845744133,-0.4281295835971832,-0.3049205839633941,-0.302049845457077,-0.4953697025775909,-0.3210234045982361,-0.3470513224601745,0.5516443252563477,0.110747218132019,0.1943053752183914,0.41451096534729,0.1320016086101532,-0.2914512157440185,0.2228377312421798,0.6493025422096252,0.0917156413197517,0.4643069207668304,0.4603464603424072,0.6823397278785706,-0.2736202776432037,0.0204530544579029,0.2844258546829223,-0.2681339085102081,-0.3494188189506531,0.2552879452705383,-0.0222817063331604,0.0152004938572645,-0.205317273736,0.1634868681430816,-0.2451215535402298,-0.0259527917951345,-0.1305662989616394,-0.0128934681415557,0.3194172084331512,0.0768725201487541,-0.2662461698055267,0.8611418604850769,-0.1035055369138717,0.1728604286909103,0.1906487047672271,0.2767336368560791,-0.0222207456827163,-0.6506174802780151,0.4595411121845245,0.3189680278301239,-0.5938355922698975,-0.2321023344993591,0.6245796084403992,-0.6637274026870728,-0.7059544920921326,0.188279703259468,-0.282891035079956,-0.0800658911466598,-0.1642226427793502,0.1914079189300537,0.3162212371826172,0.3237049579620361,0.0020049063023179,0.3653544485569,-0.2425126582384109,-0.3126440048217773,0.4561987519264221,0.2203299254179,-0.1467355340719223,0.0513345822691917,-0.0119232637807726,0.0045205885544419,-0.1807510703802108,0.2769191861152649,0.0952421352267265,-0.0261248648166656,0.3303963541984558,-0.3034762740135193,-0.6957812309265137,-0.4336834251880646,0.2902907133102417,0.3345065712928772,0.1558749973773956,-0.0716953799128532,0.3807455003261566,-0.5114741921424866,-0.1110805943608284,0.1055414602160453,0.6523001194000244,0.0246416274458169,-0.5755304098129272,0.1744000315666198,0.23536317050457,0.4696656167507171,0.2246943861246109,-0.1278889030218124,-0.4286538660526275,0.0216576140373945,-0.014062943868339,-0.2757219970226288,0.0617802739143371,-0.5022157430648804,0.8031560182571411,-0.1917985826730728,-0.1055851429700851,-0.250044971704483,-0.7377938628196716,-0.0561265386641025,0.4141570031642914,0.254708468914032,-0.2368255406618118,-0.017901400104165,-0.048669509589672,-0.3977715373039245,-0.0055611645802855,0.2910864055156708,0.633572518825531,-0.2273252606391906,0.7231019139289856,-0.314055860042572,0.0439041666686534,0.2450011223554611,0.0473137535154819,-0.1748403012752533,0.4959868788719177,-0.1091710031032562,0.0040846411138772,0.1992399841547012,-0.6148200631141663,0.1392422169446945,0.7601124048233032,0.2415715903043747,0.7934588193893433,0.3158826231956482,-0.0007231755880638,0.1345594525337219,0.7510380148887634,0.2072169184684753,0.2260197103023529,0.1919984221458435,-0.3137206435203552,-0.0034807922784239,0.0677077919244766,0.4363968968391418,0.4001124799251556,0.09157145768404,-0.6147342920303345,-0.1089141517877578,-0.1548455655574798,-0.2229624390602111,-0.0129576604813337,0.3239196240901947,0.1334463506937027,-0.0957871228456497,0.050172634422779,-0.2242315411567688,-0.4543676376342773,-0.027576619759202,-0.443218857049942,0.0039197700098156,-0.2952091693878174,-0.2699376940727234,0.017708545550704,-0.2859808504581451,0.0637149736285209,-0.5990495681762695,0.3736428618431091,0.3025681376457214,-0.0224686041474342,0.0010364836780354,-0.7082770466804504,-0.5880163908004761,-0.5556203126907349,0.5441409945487976,0.8798486590385437,0.2111640721559524,0.6362594366073608,-0.6353514790534973,-0.239746868610382,0.034288190305233,-0.0288071483373641,0.4083975553512573,0.3286564350128174,-0.5053912997245789,-0.3702913522720337,0.2066249251365661,-0.2093915790319442,0.3101191222667694,-0.2852915227413177,0.2091486603021621,-0.1127256602048873,0.0243814494460821,0.4994577169418335,0.4024240970611572,-0.2194482684135437,-0.0830244123935699,0.3890104591846466,-0.1853003203868866,-0.6970951557159424,-0.6591088771820068,0.2664107978343963,-0.535917341709137,-0.0158468633890151,-0.0463841967284679,0.6351831555366516,-0.0898918956518173,0.3364124894142151,0.2760458588600158,-0.3674293756484985,-0.0417006984353065,-0.7009611129760742,-0.1196869537234306,0.042811706662178,0.29132941365242,-0.0192588940262794,-0.358733206987381,-0.2573401927947998,-0.986634373664856,-0.5037814378738403,0.0485899373888969,-0.2925467789173126,0.5440211892127991,0.1203654780983924,0.2254626750946045,0.0836078152060508,0.1209199801087379,-0.2431113719940185,-0.2197218686342239,-0.5708425045013428,0.110458917915821,0.0578975826501846,-0.7828860282897949,0.2731012105941772,0.144699826836586,-0.5535106062889099,-0.3311688303947449,-0.6939287185668945,0.1189165785908699,-0.1110608205199241,-0.4260064363479614,-0.0412569493055343,-0.6885771751403809,-0.1682817488908767,0.0627972111105918,0.311238020658493,-0.296042650938034,0.4275259971618652,-0.506105899810791,0.2683241069316864,-0.7065907120704651,-0.1288858652114868,-0.1658397018909454,0.1002799868583679,-0.6145368814468384,0.130132108926773,-0.3901943266391754,0.3389426469802856,0.4012200534343719,-0.5553345084190369,-0.4541760981082916,0.28116574883461,-0.3196072280406952,0.3189786076545715,0.5728419423103333,0.0048313993029296,0.530821681022644,0.1948021799325943,0.2148464769124984,0.2540489733219147,-0.0555688068270683,-0.2695542573928833,-0.2056335210800171,-0.5421376824378967,-0.0213127918541431,-0.077052965760231,0.6543838381767273,-0.5069986581802368,0.0504020154476165,1.069082736968994,-0.3389526307582855,0.2439770698547363,0.4697427153587341,0.387455552816391,-1.8471167087554927,-0.2284393161535263,0.7324023842811584,-0.0067459004931151,0.0215667635202407,0.5693442225456238,0.2956201732158661,-0.1842636168003082,0.1690652817487716,-0.579022228717804,0.6083312630653381,0.5421915650367737,-0.9165874719619752,0.168176531791687,0.2626212239265442,-0.2506576776504516,0.3777500092983246,-0.7100936770439148,-0.0899377986788749,0.5917699933052063,-0.1338128298521042,-0.274611085653305,-0.2188628315925598,-0.6071410179138184,-0.3910514712333679,0.4767647683620453,0.0743472278118133,-0.1634721904993057,-0.3905631303787231,-0.1846461743116378,0.351208359003067,1.133710503578186,0.4177775681018829,0.7143064737319946,-0.4802110493183136,0.0102421306073665,0.2988381683826446,0.3292728662490845,0.2250134795904159,-0.0733693540096283,0.1462559700012207,-0.5510868430137634,0.1458654105663299,0.0712748318910598,-0.0979251191020011,-0.1353631615638733,0.4710025191307068,0.2181132435798645,-0.2335284799337387,-0.0076251947320997,0.5487133860588074,-0.0669851377606391,-0.1124640479683876,0.3173585832118988,0.4063148200511932,-0.0262710712850093,-0.0555545799434185,-0.4898384809494018,0.2861089408397674,-0.4112598299980163,0.09682597219944,0.0059967436827719,-0.3626785576343536,-0.0184198636561632,-0.1820883154869079,0.0052190730348229,-0.1391223669052124,-0.5057789087295532,0.1773126572370529,-0.4680782854557037,-0.5262284874916077,-0.1742129474878311,0.1269686669111251,-0.7614017128944397,0.5151141285896301,0.4617752432823181,0.4526422023773193,-0.2303232848644256,-0.4139464199542999,0.2592444717884063,-0.1212042942643165,0.0703712552785873,0.1548669338226318,0.0118397437036037,-0.1505360901355743,0.116856925189495,-0.241350844502449,-0.2659692764282226,-0.7381271123886108,0.0186607297509908,-0.8822812438011169,0.2312903106212616,0.2184201925992965,0.6583213806152344,-0.1980706304311752,-0.2477188408374786,0.0413925945758819,-0.2920620739459991,-0.6729127764701843,-0.3445272445678711,-0.3825702369213104,0.1066701188683509,0.2035513073205948,0.4213907420635223,0.415810227394104,0.3303105533123016,0.2830452024936676,0.1427894085645675,0.0235659424215555,0.288446843624115,-0.2807233333587646,-0.2953024804592132,0.5377315878868103,-0.0284942518919706,0.2769523561000824,0.2261522561311721,-0.0279702190309762,0.731919527053833,-0.4278109073638916,-0.6540067791938782,0.1451141685247421,0.1641615629196167,-0.1494270861148834,0.1420459896326065,0.6070745587348938,1.1362537145614624,-0.337668776512146,0.2805430293083191,0.2416106313467025,-0.2161016017198562,0.3445677161216736,-0.225517600774765,-0.0813742652535438,-0.0518134348094463,0.1336874514818191,0.6646303534507751,0.5290610790252686,0.2521027326583862,-0.0667956843972206,0.4789199829101562,-0.3740586042404175,0.1873462051153183,0.1107294112443924,0.4549432396888733,-0.3434202671051025,-0.2136073559522628,0.134157508611679,0.3643873929977417,-0.3709147572517395,-0.2859184443950653,0.0427304171025753,0.0547825247049331,0.1873149871826172,0.2132059335708618,-0.3521625697612762,-0.6130185127258301,-0.5390518307685852,0.104230985045433,-0.3205406367778778,-0.074877806007862,0.4972792267799377,0.1932306438684463,-0.6633189916610718,0.2928004860877991,0.096850000321865,0.3937965035438537,0.4689570665359497,-0.807831883430481,-0.3786906599998474,0.0888809636235237,-0.0653953030705452,-0.0037596025504171,0.2395023852586746,-0.1631795912981033,-0.2765793204307556,-0.7412582039833069,-0.1721901297569275,-0.0824019461870193,-0.2791288793087005,-0.0922545865178108,0.3772854208946228,0.0363793559372425,-0.7696776986122131,-0.0105354664847254,-0.1619184762239456,-0.2057678997516632,-0.0161174908280372,-0.5070486068725586,0.0168243087828159,-0.1636033505201339,0.0842492505908012,0.561108410358429,0.2470391690731048,-0.3062161207199096,0.1370193064212799,0.5760220289230347,0.420392096042633,-0.138271763920784,-0.1549362540245056,0.0758321955800056,-0.1678314954042434,0.11375492811203,0.8199296593666077,0.1511972397565841,-0.2031316608190536,-0.400625616312027,-0.8110656142234802,-0.5294932723045349,0.0519344955682754,-1.4504915475845337,0.7030933499336243,0.2100579142570495,0.0466479249298572,-0.688427746295929,0.0484584122896194,0.0332649573683738,0.0169135946780443,0.0532311387360096,0.2610204517841339,0.2463519424200058,-0.3306621015071869,0.0751602426171302,-0.1753747165203094,-0.790249228477478,0.503319263458252,0.2630696594715118,-0.714001476764679,-0.035954225808382,0.5350772738456726,-0.1459154337644577,-0.3089384734630584,0.1086549237370491,0.1871974021196365,0.0533601641654968,0.3421373069286346,0.5117795467376709,-0.0312418080866336,0.8496485352516174,-0.3681653141975403,0.259647786617279,0.7276862859725952,0.2990024089813232,0.4435714483261108,0.0783718153834343,-0.5402167439460754,-0.2562820613384247,-0.5680587291717529,0.5723703503608704,0.3981853425502777,0.3577272295951843,-0.6106266975402832,0.4675325453281402,0.5367117524147034,-0.1848821640014648,0.1217911317944526,0.9438105225563048,0.0635360553860664,0.3680108785629272,-0.2206426113843917,0.0218878351151943,-0.8909121155738831,0.2621722519397735,-0.2028200775384903,-0.2065385282039642,-0.1367082595825195,-0.3564497828483581,0.113031581044197,-0.3302181661128998,-0.0287023112177848,0.2664686143398285,-0.0665837153792381,0.3604380190372467,0.0983591079711914,-0.0912034437060356,0.9253758192062378,0.1679921746253967,-0.3680699169635772,-0.2620797753334045,0.0605496726930141,0.2998579144477844,0.4468084871768951,0.0596114993095397,0.1201366260647773,-0.2967903316020965,-0.8406368494033813,0.3663315176963806,-0.143441841006279,-0.109314739704132,0.5752632021903992,-0.2528418600559234,-0.1358960270881652,0.4056007862091064,0.6094268560409546,-0.4248948395252228,-0.2423885464668274,-0.746225893497467,0.0933186560869216,-0.1646504551172256,-0.547387957572937,0.2945968210697174,0.0648399069905281,0.5127311944961548,-0.3546366393566131,-0.1595841199159622,0.57464200258255,0.7345032095909119,0.2117430865764618,-0.1117651611566543,0.0405453257262706,0.087242841720581,-0.2889134883880615,0.5290982127189636,0.4134594798088074,0.0157028827816247,0.2406356483697891,0.480221688747406,0.1497199237346649,0.1057996973395347,-0.0484530664980411,0.3510551452636719,0.0930639803409576,-0.1489763110876083,-0.2628049552440643,-0.3581601679325104,0.235560730099678,0.0047960025258362,-0.360601007938385,-0.175849512219429,-0.2338702380657196,0.3442830145359039,0.3228774070739746,-0.1102758273482322,-0.3871462643146515,-0.1385980397462844,-0.2928358912467956,0.1040267646312713,-0.3424364924430847,-0.1032215282320976,0.1875118166208267,0.2319524735212326,-0.3801961839199066,-1.0640724897384644,0.4185704886913299,0.4683269262313843,0.5268852114677429,-0.0184953901916742,0.0860236808657646,-0.4236513078212738,0.2355796992778778,0.0794001296162605,-0.6636658906936646,0.1259464919567108,-10.32216453552246,-0.2577009797096252,-0.1494932919740677,-0.4109483659267425,0.0542704239487648,0.0939150527119636,0.6510242223739624,0.48963063955307,-0.3448209762573242,0.4057590961456299,-0.1996698826551437,0.0556207261979579,0.1631739288568496,0.4345225095748901,-0.7934548854827881,-0.0750043168663978,-0.1785458922386169,-0.4157110452651977,-0.0547028593719005,0.2878486812114715,-0.0781793817877769,-0.2118427157402038,0.7215902209281921,0.4190334975719452,0.125021830201149,-0.347460925579071,0.0250267963856458,-0.1314450204372406,-0.0195550993084907,0.4908188879489898,-0.6375895738601685,0.6922239661216736,-0.406468391418457,0.3242535293102264,-0.4077735543251037,-0.0535357370972633,-0.1150390356779098,0.1458698660135269,-0.4539231061935425,0.8686978220939636,0.4564944207668304,-0.1504237949848175,0.0572806559503078,-0.2598984837532043,0.1892185062170028,0.2425340712070465,0.0137488450855016,0.4504218101501465,0.4034025073051452,-0.0605995282530784,-0.2447299510240554,0.0681126788258552,-0.4618398547172546,-0.2851600050926208,0.3031838238239288,0.38295778632164,0.2982418537139892,-1.0723191499710083,-0.0635932013392448,0.2584103941917419,0.387369304895401,0.2200675010681152,1.1362918615341189,0.1927399486303329,-0.0103879328817129,0.1094248965382576,0.0607799217104911,0.0250507444143295,-0.3751329779624939,0.009506644681096,0.8371982574462891,0.2538692951202392,0.1754724681377411,0.0318850092589855,-0.344433069229126,0.4770336747169494,0.0843614190816879,0.2811567783355713,0.5461887121200562,0.0538477972149848,0.2438205480575561,-0.0340741053223609,0.0557637028396129,0.3598111271858215,-0.7514276504516602,-0.1910793632268905,0.0156452413648366,-0.1050741001963615,0.2519956827163696,-0.5403168797492981,0.1864641308784485,0.4225054085254669,-0.3490598797798157,0.5259247422218323,0.3890579342842102,-0.3950564861297607,-0.3624185025691986,0.5162100195884705,0.2790236175060272,-0.4047873616218567,-0.86335087,-0.9382825,0.238603,1.4603635,-1.1079034,-0.09018389,-1.7821169,0.91142845,1.4860597,-0.27265498,0.3515841,-0.09881627,-1.054546,2.530069,-0.8580801,-0.22443902,0.59072006,-1.0473918,0.7099991,0.16455282,0.36739793,0.38768888,0.5620094,-0.7135187,0.9372735,0.44273305,0.5151261,-0.51559263,-0.48060143,-0.87073296,-0.036426116,-0.31429216,-0.69956046,-0.21404463,0.72539276,-1.3020909,-1.288957,1.4226793,-0.12419615,-0.45233312,-0.5945399,1.4835447,-0.074696444,-0.43912324,-0.74265724,-0.4901329,2.176152,-0.26251543,0.7724175,-0.29430386,-1.0925003,-0.45329943,0.51027447,0.7154624,0.7464176,-0.44441107,1.1310108,1.1362771,0.39983007,-0.48069343,0.34248105,1.1492084,-1.1350218,-0.39616242,0.10880271,0.9773949,-0.15052904,-0.18386357,-0.30855885,-0.07387874,-2.421602,-1.2174373,-0.33818865,1.2287298,-1.3328626,0.7332962,0.08961157,-0.9280393,0.33831668,-0.17322117,0.5077714,-0.11363733,-0.73122627,1.1028014,-0.764764,-1.1556989,-0.119817875,-0.72344834,-0.94033605,-0.33456895,-0.8097127,-1.6016079,-1.1844116,-1.3103558,1.580547,0.40020773,-0.36089268,-0.90436894,-1.164832,0.26071104,0.17088152,1.158225,-0.12438443,-0.61884016,-0.985704,-0.67397004,-1.0561962,-0.7721868,-0.8454042,0.9555492,0.24485843,0.6011233,1.3305494,1.8099993,0.7748429,1.0698519,-1.1892486,-0.49394313,0.059998453,0.38729286,1.0879422,0.25395557,-0.14415337,0.18245234,-0.09990158,0.7502089,0.3134083,-0.6567275,0.6122625,0.83951455,0.92645544,0.19608395,2.0238566,0.51795155,-0.9108548,-0.47985768,-0.28445148,0.13012327,1.0976919,-0.9983859,-0.41217157,0.30065224,-0.34253347,-0.30400202,0.17867112,-1.4115602,0.37780425,0.18781178,1.2979677,-0.037586678,-0.2521638,-0.28137,-1.2910165,0.1273095,1.0195669,-0.26701057,0.13031502,0.46118793,-1.2863766,1.2162517,-0.04134826,1.4104329,-0.63174295,0.58525497,-0.15346536,0.57807785,-0.8481756,0.89595264,-0.8667392,-2.0328515,-0.60199785,0.38372043,0.84093255,-0.3816003,0.72008723,-0.58260757,0.87593126,0.35637924,-0.965908,-0.46698153,1.2311213,1.2695842,-0.65997285,1.2295657,-0.454963,0.27754864,0.73046464,0.55809826,1.0926964,0.33867347,0.9000718,-0.81218034,1.0714656,0.8292656,0.60215276,2.6336277,0.7382722,-1.8543929,-1.52206,0.52140415,-2.4954114,-0.54572785,0.97150064,-1.1877168,0.974271,-0.92038006,-0.9280546,2.098778,0.8446416,0.15716511,-1.438983,-0.7937455,0.5355329,0.9140694,-0.9160531,-0.07756946,-0.6029505,0.16904892,-0.05651939,-0.73420197,0.923971,0.7948188,-0.054290902,1.5317711,-0.7503273,0.55317956,0.21736749,0.15011992,0.016426861,0.8562737,-0.7326972,0.70272,0.9192228,-0.37307072,-0.38449463,-0.21029806,-0.443256,0.90464824,-0.7493837,0.54383755,0.09008602,-0.8009049,0.3061857,-0.41409194,0.4544805,0.70101184,1.3597251,0.014273524,-1.8132082,-0.37028626,0.057108983,0.96767575,-0.049527477,0.0043869405,-0.16839701,1.4861279,-0.43024024,0.032577287,-0.6784727,-0.72135097,0.049065877,0.29186967,-0.30020532,0.028949952,0.31881258,-0.73860484,-0.050502982,0.2750248,0.03526311,-1.0381603,-1.1242099,-0.8024681,-1.0953878,0.26036274,0.45107284,0.067875095,-1.1185248,-1.2670674,-0.6846538,0.5483727,0.61050344,-1.5360432,-0.25017515,0.27937996,-0.2530405,0.6552119,0.15362005,-0.009587635,-0.04056559,0.39724052,-1.1356823,1.0538825,0.045874774,1.0056193,1.4861497,0.09316852,1.2021812,-0.20380886,0.023352608,-1.1672021,0.52302796,1.1956338,-1.8181214,0.75049,-0.15168054,-0.07679765,0.824114,-1.9487506,-0.9378776,-1.3132992,0.12083793,-0.45563853,-1.1122007,2.444674,-2.1085403,1.4651455,-1.3308328,-0.7699463,-0.56662995,-0.94354934,-1.1085914,0.7110278,0.54839975,0.41092694,0.29274675,0.25221297,0.373726,0.28768733,-0.18867213,1.0618683,-0.05978171,0.317637,-0.63987535,-1.5529593,-0.2503077,0.8134276,-1.1833555,-1.1545569,-1.6182051,-0.5220756,0.13321318,-0.74161226,-0.3843039,1.0250174,-0.48727462,0.7089948,-1.005388,-0.6361305,0.009647231,-0.8151567,1.1944448,0.021819055,1.5285267,-0.7759409,-0.111236356,0.23990797,-1.23774,-0.5858625,-0.1399364,1.5866534,0.3178721,0.66960484,0.7708485,0.5654576,0.10650122,-0.10916159,1.2773396,-0.17796856,1.4835287,0.35260037,-0.38171184,1.4753026,-0.4129527,0.2239759,-0.40903172,-0.22286527,1.6724133,-0.19280393,-0.69869494,-0.13536076,-0.33194104,-0.1385246,0.11065342,0.36870793,0.38740137,-0.18295066,1.0257858,0.79132336,-0.3203183,-0.45384035,-0.41420078,0.56826335,1.3907505,1.7083225,1.415547,-0.11528645,-0.9272742,-2.2818487,0.43494272,0.92312664,0.31060645,0.82099515,-1.7643801,0.6354468,0.73310643,0.0147057725,-1.0258986,-1.4802184,1.4565657,0.52141374,0.21904677,1.7067035,-1.2803557,-1.5953702,-0.42950645,-0.03827727,0.0035476584,-1.0434421,-0.95165855,0.4073547,-0.45702323,1.2919334,0.8766195,0.37879682,-0.42556068,-0.28245682,0.81685704,-0.14278632,-0.5273394,-0.2548578,0.4616218,0.52470624,-1.5516781,-0.44646895,0.8706028,-1.9647397,1.4369451,0.07065073,0.09649371,0.15991336,-0.65072846,-0.3151317,-0.40055272,-0.07637291,-1.1863078,-0.2991136,0.67234164,-1.3999743,-1.4452528,1.3562747,1.5620527,-0.6546989,0.58395284,0.39951834,-0.1322037,0.70679575,-0.23208831,-0.5747109,0.30914482,-0.20706831,0.35645556,-0.57564265,-1.33281,0.13543154,0.65603715,-1.2274356,-1.0181423,0.7689207,0.68622905,-1.6115633,-0.4032829,-0.11469415,-0.51630765,0.8057973,0.69024926,-0.091963194,-0.46896553,-0.19375704,0.033218723,-0.38672915,0.5320291,-0.41702446,-0.21755062,0.59935546,-0.57858086,0.34080735,1.8736168,0.53261495,1.4545388,1.0964342,0.44782093,-0.078089006,0.17709385,-0.21733592,-0.4268682,0.7454992,-1.1826166,-1.1161039,1.4369698,-0.5180208,-0.6367963,-0.017827133,0.7307744,-0.4938673,-0.26242134,-0.4293277,0.7757988,1.4940181,1.1814703,1.738942,0.1669402,-0.04384644,-0.9860342,0.67747337,-1.3568411,-1.0195665,-0.22303651,0.46367452,1.7192427,-0.70791346,0.60902935,0.6253846,-0.91462845,-1.0800742,0.053680044,0.24020052,-0.053966086,-0.27088144,0.08502727,-1.0352802,0.16087922,-1.9507583,-0.226189,0.6465594,1.0541394,-0.51300114,-0.1137267,0.7529993,0.24467348,-0.93921286,-0.46111283,0.85700935,1.5358917,0.05811867,-0.8223712,0.41453052,-0.4025713,-1.6800609,-0.12668598,-1.0631462,-0.8925171,0.065904915,0.042141497,-0.19950897,-0.58549184,-0.84894794,1.4100624,0.5144049,-0.37950262,0.61316854,-0.5981772,1.491979,0.13471259,-0.45615473,1.376783,0.25307366,-1.374483,0.568323,-1.4914039,0.8230791,-0.7646014,0.5767829,1.4841657,0.7543761,-0.21063797,1.0984814,-0.43389997,-0.17918582,-0.19315071,0.42902482,-0.7688938,0.74590325,-1.8281039,1.2252358,-1.5626894,-0.87610984,-0.29205087,0.8119053,-0.2819898,-0.32749674,-0.24043746,0.22210743,0.25677517,-0.8705445,0.22912687,1.5821408,-0.9561277,-0.97161347,0.54321307,0.18108515,-0.6536314,0.2957329,2.4301658,0.3665928,0.7675586,-1.4720211,-0.8787379,0.8653169,-0.90423316,-0.7205193,0.08819094,-0.3415943,0.46976975,0.055039972,-0.52257985,1.0224168,-0.6493935,0.7761288,0.8804714,-0.9745434,-0.3117227,0.04670167,-0.51646453,-1.2812794,-1.2603006,0.4704039,0.7708613,-1.028976,0.23125769,0.40994227,1.8696038,0.6231411,0.24978697,-0.57145846,0.9879191,1.0025014,0.52835035,-0.61529803,-1.2907463,0.47132826,0.6417452,-0.47204557,0.0028772354,-0.087012745,-0.13172214,-1.6150379,0.9437936,0.16915207,-0.15879507,1.1911253,-0.07854051,0.07767899,0.7892962,-0.5388514,0.5225524,-0.5957446,-0.12237984,-0.15698828,-0.28024906,-0.16502263,0.5213011,-0.5893302,0.13370359,-0.38092995,0.4342264,-1.5415839,0.9952662,-0.2015263,0.6543953,0.07728473,0.22396715,-1.4371308,-0.54842085,-0.71507,1.4981829,1.3591627,0.2903547,-0.91056824,0.114685416,1.3805794,0.83664674,-0.8364585,0.5463675,-0.29035303,-0.80904317,-0.73581916,-1.0607141,-0.7353646,0.43848816,0.055777133,-0.612145,1.3077227,-1.9057878,0.94974184,-0.66755813,-1.2563001,-0.19343613,0.14352916,-1.0793902,1.7163162,1.310325,-0.47319517,-0.022481576,1.2076305,0.91879725,-0.7082755,0.03490575,-1.3645611,1.094481,0.8599169,0.70565945,-1.2408566,-0.013293296,0.7095623,-0.56936514,1.3204386,-0.1408825,-0.43794715,-0.6755882,-0.18896039,-1.1903998,-0.511791,-0.17931692,-0.365404,-1.3442417,0.18559037,-0.42600504,-0.8319976,0.31475985,-0.17319076,0.017036358,-0.13284606,0.85373896,0.35541502,0.19602059,0.1285746,-0.39463964,-0.20547523,-1.3558396,-0.09230701,0.7717429,-1.0074265,0.21312565,0.60466844,1.3455812,1.9707159,0.054665964,-1.021989,0.26726654,0.0894964,0.3463169,0.5582958,-0.944392,-0.47387752,0.3465034,0.4624149,0.40208244,-1.4345622,-0.55707735,-0.041823506,0.4040344,0.048732143,0.6700584,0.010079846,0.5605374,2.0149353,1.212069,0.37768483,-0.47979137,-0.6869163,1.0870316,1.0037099,-0.9318751,-0.90450346,-1.5033045,0.25533435,1.2553772,0.0032905228,0.6476375,-0.05511567,-1.393204,2.3437781,-0.8118342,-0.25107336,0.9110607,-0.5192706,0.35508,-0.4463593,0.6535318,0.41289756,0.6756686,-0.5213325,1.2884355,0.98162377,0.5854074,-0.5472513,-0.75209725,-0.8781662,0.37559655,-0.38134497,-0.93445385,-0.36887813,0.18790583,-1.0994271,-1.1475116,0.938228,0.20038484,-0.69151306,-0.71527183,0.34704483,-0.09313887,-0.12898856,-0.4205981,-0.31183958,1.7241943,-0.4299147,1.1250575,-0.16632497,-0.8387214,-0.24908791,0.5238622,0.71115583,0.80842537,-0.31479797,1.1833605,0.9831369,0.24077494,-0.36567456,0.29914796,1.1229993,-0.9728303,-0.48651806,0.21462531,0.7893363,-0.48419124,-0.40450063,-0.48260808,-0.65109503,-2.2385354,-0.6964409,-0.06752134,1.574973,-1.4668503,0.6390237,0.23572011,-0.636871,0.27814174,0.11237507,0.38583094,-0.21994966,-1.3764526,1.1508614,-0.76440203,-1.4089262,-0.30220512,-0.4046987,-1.2342803,-0.17031589,-0.54832757,-1.1990328,-1.7025985,-1.4375212,1.1527582,0.049301997,-1.0484113,-0.8842364,-1.7033587,0.099358186,0.3130373,1.1384034,-0.23058605,-0.9274715,-0.7475471,-0.5373144,-0.5702242,-0.7242284,-1.2010702,0.65401053,-0.1874687,1.0241383,0.24985123,0.9644766,0.69504905,0.87070495,-1.2179396,-0.9014104,-0.39990312,0.22022712,1.2764908,0.39494663,-0.93442,0.69857687,0.0951386,0.966896,0.3386712,-0.88407916,0.19119245,0.106564514,1.1088338,-0.5679255,2.2501678,0.41935736,-0.48373058,-0.77149975,0.019202165,-0.32345343,0.6129727,-0.9872104,-0.21957727,0.036658328,-0.3369016,-0.57929665,0.094564855,-1.049729,0.37980092,0.7530537,1.6321507,-0.13385817,-0.17155421,-0.06720588,-1.358162,0.37743652,1.0177166,-0.004048001,0.66008943,0.42730373,-1.2069261,1.3220278,-0.21484102,1.1857518,-0.71285915,0.18339822,0.21610342,0.4820261,-0.9202875,0.6526322,-0.4710448,-1.9425557,-0.32518303,-0.05921083,0.515362,-0.013670374,0.42494065,-0.10939878,0.25291762,0.28331053,-0.99657845,0.0048933234,0.81444097,0.6315596,0.02981254,1.0988237,-0.7424745,-0.043450512,0.48977807,0.75098556,0.7304072,-0.008364018,0.92662644,-1.1460017,1.2282223,0.8340498,1.135539,2.590039,0.6033603,-1.6933475,-1.4342082,0.6716291,-2.3481443,-0.47807884,0.57651323,-1.1811808,1.254477,-1.0594443,-1.1266823,1.8213375,0.90558994,0.2448856,-1.5383625,-1.2000736,0.75772536,0.46429703,-0.3497529,-0.1926539,-0.6501088,0.24518338,-0.068066545,-0.51015615,0.68101335,0.6146861,0.1337824,1.7127999,-1.0673993,0.40521544,0.5139755,-0.42809278,0.52892303,0.3892955,-1.1434803,0.9947519,0.7441895,-0.117803596,-0.07069214,0.42634416,-0.7421339,1.0171726,-0.11323829,0.75467384,0.37902543,-0.3448698,0.3975389,-0.5039057,0.71505857,0.9096509,1.6171004,0.44273907,-1.5249466,-0.22630167,0.2096429,1.253592,-0.065913476,0.39439112,0.036494106,1.1516905,-0.51551837,0.73141134,-0.3923189,-0.57275504,0.47437546,0.7656924,-0.55300546,0.35300368,0.23131166,-0.5016918,-0.4281687,0.18415149,0.54555,-0.8847973,-0.73679465,-0.90355814,-0.9697114,-0.06283061,0.2415365,0.5907243,-0.6368861,-0.820069,-1.2149799,0.20109464,1.0968274,-1.5886009,-0.5660579,-0.6681689,-0.7541031,0.54549295,-0.18216431,0.056964025,0.095367886,0.29136783,-1.2821175,1.1952004,-0.522658,0.47404325,1.2505289,-0.34518865,0.47302392,-0.62270117,0.26521957,-0.8849908,0.57308245,0.54721975,-1.3596963,0.8847808,-0.05466082,-0.57774895,1.0175344,-0.9659837,-0.6778771,-0.7013705,0.36597875,-0.15227866,-1.1784981,2.3079362,-1.8688169,1.2332325,-1.436879,-0.42660016,-1.0537213,-0.38615137,-1.1578423,0.7176441,0.4644812,0.13422063,0.5591031,0.39166912,0.095713474,0.53407824,-0.13482118,0.74330646,-0.13191056,0.52606237,-0.75950074,-1.032881,0.21711256,0.94038683,-1.2600195,-1.0520164,-1.0084255,-0.6027898,0.18881612,-0.3385571,-0.290988,0.7322605,0.24774316,0.79627216,-0.9600102,-0.08230467,0.16782615,-0.098150626,1.5215943,-0.021778751,1.656599,-0.78897405,-0.41492984,0.7944466,-1.4457573,-0.60808647,-0.16938952,1.4404862,0.40001968,0.35787526,0.42642504,0.71501166,-0.48196074,-0.7800572,1.0188661,0.12083724,1.2027557,0.32761747,-0.59984994,1.4495894,0.069986604,0.8842486,-0.37748128,-0.59915245,1.865877,0.039700482,-0.4901213,-0.5544058,-0.43956935,-0.1896683,-0.11924182,0.2797719,-0.15754393,-0.25392824,0.65329313,1.1189842,-0.79234076,-1.3871251,-0.9386099,0.27133545,1.3297725,1.2833211,1.5152225,-0.40575305,-1.1372209,-1.6030631,0.058418937,1.3023207,0.34819254,0.49302143,-1.3734188,0.3834545,0.62080085,0.6165437,-0.61391085,-1.2103264,1.4154456,-0.18503495,0.5048499,1.729212,-0.40189475,-1.014207,-0.31648603,0.21834947,0.002055116,-1.177625,-0.4510482,0.7004512,0.10471928,1.2696795,0.9307056,0.48790747,0.114608474,-0.03981511,0.6337881,0.10635708,-0.8855528,-0.38583937,-0.033338584,-0.08230158,-1.3978412,-0.8002726,0.68319154,-2.3419192,0.9191827,-0.10137171,-0.49872097,0.109947085,-0.49753633,-1.0073411,-0.92312527,-0.3887108,-0.81842905,-1.2000734,0.6629927,-1.4226382,-1.1779594,1.1913645,1.1040324,-1.1264462,0.5871997,0.3684294,0.040210918,0.75877494,-0.18789238,-0.29390633,0.38148087,-0.6138757,-0.13061385,-0.29490027,-1.8486177,-0.4952308,0.78636724,-1.4273033,-1.5331186,0.8092084,0.90092695,-1.1982002,-0.9711822,-0.1800151,-0.31994802,0.7611296,1.3334179,0.06686275,-0.29442537,-0.50254047,-0.29950553,0.32353425,1.0554286,-0.3334764,-0.054220483,-0.0155745745,0.056744706,0.6664056,1.7512294,0.4130947,1.4681895,0.78226674,0.76234734,-0.14969881,0.43682194,0.14076248,-0.41778883,0.61795175,-1.5369229,-0.4691054,1.2727344,-0.39934474,-1.1655877,-0.30783847,0.64490736,-0.47161537,-0.38126642,0.38877052,1.461943,1.2300869,0.9664907,1.9926736,-0.15117641,-0.08332636,-0.22994924,0.25711492,-0.97375643,-1.0408283,0.12867153,0.49945122,2.099494,-0.12547266,0.6949947,0.47609025,-0.9154253,-1.1550744,0.20525457,0.023475878,-0.6966787,-0.5165987,0.59963757,-1.3619964,0.11742778,-1.4835503,-0.0071549714,0.92452705,0.6538241,-0.35503054,0.5107626,0.64981395,0.12814151,-0.85379267,0.10884169,1.1020992,1.2466725,0.03902082,-0.95055,0.41789052,-0.32774147,-1.9245002,-0.08315839,-0.8055321,-0.76621145,0.34817055,-0.60044396,-0.39836806,-0.56954753,-0.55445725,1.4871714,0.29628503,0.07232347,0.3877607,-0.90161234,1.4435639,-0.34535307,-0.0777038,1.1929427,0.5851533,-1.4038547,0.27102977,-2.1171348,0.54877484,-0.51868826,0.6891794,1.421227,0.20020643,-0.8363547,1.8663266,-0.6260158,-0.34846315,-0.30901837,0.60463375,-0.20692086,0.28448814,-1.9958264,1.1005695,-1.4384015,-1.0728441,-0.2327947,0.6897261,-0.33683866,0.3094548,-0.3773455,0.47598112,0.6389718,-0.70043766,0.58697397,2.3238437,-0.41811937,-1.6424618,0.79430544,0.21042687,-0.60854304,-0.19119994,2.5320408,0.4774488,0.6881776,-1.3695502,-1.024239,0.4245395,-0.19088595,-1.1615983,0.008856975,-0.33147335,0.16407725,0.04265202,-0.3523107,1.0291458,-1.1569109,0.020988282,1.2245427,-0.6961803,-0.22481325,0.32191807,-0.6328668,-1.0869594,-1.1884787,0.7759523,1.1449506,-0.8120597,0.45444512,0.7185115,1.7446749,1.134019,-0.29181486,-0.9689137,0.59171176,1.3051988,0.67746127,-1.0229627,-1.3144242,1.1155145,0.8470239,-0.6829382,0.6296635,0.25965142,-0.43955448,-1.5145423,1.4464879,0.4241178,0.06855257,1.017004,0.20280406,-0.21107708,0.2352441,-0.06946391,0.15054746,-0.65892214,-0.57736963,0.028095465,-0.45247203,-1.0004046,-0.023903362,-0.8147251,0.4046786,-0.16918504,0.80718434,-1.777213,0.6211661,-0.22107351,0.86174726,0.2869646,0.05392626,-1.1068718,-0.63377184,-0.6169001,1.4686089,0.9747613,-0.21537764,-1.1185693,-0.0048047416,1.1807802,0.8485466,-0.8603179,-0.023859164,-0.054787986,-0.93592906,-0.21072178,-0.7729702,-0.8477322,0.17691058,0.7564765,-1.1033337,1.1891005,-1.6002719,0.6342177,0.0073398426,-0.9304633,0.03884245,0.10262366,-0.5233084,2.1926644,1.150475,0.102213725,0.29423884,1.0882957,0.91757274,-0.36195105,-0.15731461,-1.4168957,1.1391479,1.2991378,0.41213164,-1.0576466,0.109874144,0.61274415,-0.6997707,1.2126276,-0.19151255,-0.51597077,-0.73702997,-0.5150279,-0.52700984,-0.2865096,-0.5367593,0.3327879,-0.94499034,0.27818328,-0.6403928,-1.0208724,0.21143578,-0.48764712,0.36902446,-0.24237789,1.0229921,0.5969471,0.5636997,0.54339397,-0.6078206,-0.32403457,-1.2936007,-0.83313036,0.5995744,-0.8334899,0.74680424,0.39058638,1.2064856,1.5443374,0.32506266,-0.9591588,0.14418653,0.052724235,0.15441708,-0.15683338,-0.4532274,-0.443469,0.54168355,-0.04506567,0.28656766,-1.3339206,-0.5245619,-0.063508905,0.50663567,0.41283512,0.6234387,0.20202973,0.48281085,1.746916,1.0699112,-0.23144154,0.0
ツ,0.5930546522140503,0.6319737434387207,1.0374304056167605,-0.3383469581604004,-0.3173145055770874,0.1539123505353927,0.3153692781925201,0.1515471637248993,-0.4578653573989868,-0.2202220112085342,0.5763997435569763,-0.3914760649204254,-0.1334523111581802,0.279024213552475,0.3356066644191742,0.1374870091676712,0.261563777923584,-0.228357583284378,0.0492620840668678,-0.7415341734886169,-0.9501937627792358,-0.612515389919281,-0.4344922602176666,0.4547875821590423,0.0751314908266067,-0.2520163059234619,-0.4934850931167602,0.6057757139205933,-0.1709099560976028,-0.6646323800086975,-0.3495495319366455,-0.1441269516944885,-0.0062627103179693,-0.2704456448554992,-0.4186931848526001,0.3660819232463836,-0.0908106416463851,-0.167567566037178,0.2112042009830474,-0.3609657287597656,-0.0011444424744695,-0.2149135321378708,-0.4878867268562317,0.2321127206087112,-0.4773766100406647,0.6705694198608398,-0.0940615907311439,0.1549710631370544,0.2920421063899994,0.0608545802533626,-0.301110178232193,0.6008332967758179,-0.1358134150505066,0.0839150249958038,0.4559266269207001,-0.4414195418357849,0.2604157924652099,-0.4718002080917358,-0.1638858616352081,0.1065220534801483,-0.1598249673843383,-0.117468774318695,0.4507288932800293,0.1673110127449035,-0.1664277017116546,-0.2495895326137542,0.2202233672142028,-0.1808768361806869,0.1080668717622757,-0.9672194123268129,-0.1319510638713836,-0.0258802082389593,-0.1504610329866409,-0.4684182703495025,0.4988673627376556,0.0243514459580183,0.0468619428575038,0.281541645526886,0.3764991760253906,0.0390359312295913,-0.0303812641650438,0.5560542941093445,0.2749850749969482,-0.651585042476654,-0.1586238443851471,0.2885416150093078,-0.5720490217208862,-0.9294161200523376,0.2649970650672912,-0.2499710768461227,0.1539921909570694,0.0467643775045871,0.1222413778305053,0.1437198668718338,-0.0880763903260231,0.0817514434456825,-0.0137730427086353,0.0303064100444316,-0.1829750686883926,0.2707027494907379,-0.1065154671669006,0.1084117665886879,0.2143130898475647,-0.4609081149101257,-0.1057035401463508,0.4346997737884521,-0.3124888837337494,0.1877999454736709,0.2352217584848404,0.0921714007854461,-0.1803275495767593,-0.1840845793485641,-0.7123745679855347,0.1502789556980133,0.276150643825531,0.174813911318779,0.0092162927612662,0.3546351790428161,-0.4534464478492737,0.4601621031761169,0.0543807819485664,0.4500854909420013,0.1634600013494491,-0.5355239510536194,-0.2583604454994201,0.4782887399196625,0.1057405769824981,-0.0972614884376525,-0.3854002952575683,-0.0368733704090118,-0.514321506023407,-0.1660285741090774,-0.2616156935691833,-0.2344823181629181,-0.1488438099622726,0.975131094455719,0.0155135244131088,0.0206181351095438,-0.0267561897635459,-0.0891184881329536,-0.6971913576126099,0.3064770698547363,0.1040750816464424,-0.3078424334526062,0.2364470064640045,0.0845491215586662,-0.6164693236351013,-0.0115081584081053,-0.0982868075370788,0.4136125445365906,-0.235832080245018,0.9884220361709596,-0.7586669921875,0.4721824824810028,0.3416218757629394,0.2273471504449844,-0.4137569367885589,0.0671729147434234,0.2239904552698135,0.2378989607095718,0.3375002145767212,-0.3559703230857849,0.247457280755043,0.5228894948959351,0.1553430408239364,0.3290236294269562,0.676953911781311,0.103399820625782,0.1686213165521621,0.62786465883255,0.2534085512161255,0.4748419821262359,0.4065767228603363,-0.2254323065280914,0.1255124062299728,0.1808753758668899,0.3665626943111419,0.0411012805998325,0.0633999481797218,-0.3038116693496704,0.4024868905544281,0.2254656553268432,0.3915956318378448,-0.3898278176784515,0.1647123843431472,-0.0910687670111656,-0.0617955885827541,0.0792720392346382,0.0214447602629661,-0.0055477647110819,-0.1618338823318481,-0.1388651579618454,0.3173314034938812,-0.3409028053283691,-0.1761266440153122,-0.6223565340042114,0.0821443051099777,0.0842387229204177,-0.567101240158081,0.241387128829956,0.0837173238396644,0.0320969186723232,-0.0850063040852546,-0.6650980710983276,-0.9847548604011536,0.0360095836222171,0.2418181151151657,0.608451783657074,0.8069567680358887,0.2817661762237549,-0.0929860472679138,0.0025327710900455,0.4189474284648895,0.1991522014141082,0.485445111989975,0.1928444653749466,-0.3371909856796264,-0.4526413679122925,0.0030248225666582,-0.2514255344867706,0.3635325133800506,-0.0099133113399147,0.2246678471565246,0.0934928953647613,0.3120204508304596,0.5910230278968811,0.2896163165569305,-0.3115378618240356,-0.1828919202089309,0.1783300340175628,-0.4448637664318084,-0.4783354699611664,-0.6947966814041138,-0.2774333655834198,-1.0658609867095947,-0.0827516540884971,-0.1445768922567367,0.4428964853286743,-0.3884681761264801,0.1798025071620941,0.0841944590210914,-0.2345711141824722,0.1725807636976242,-0.6224339008331299,-0.0922546982765197,0.2920223474502563,-0.2571264207363128,0.0242164116352796,-0.225935161113739,0.0769189149141311,-0.1192925572395324,-0.6405526399612427,0.4774881899356842,-0.2450895309448242,0.589251697063446,0.2126409113407135,0.4180489480495453,-0.5161406397819519,0.4680569469928741,-0.6232519149780273,0.1649843901395797,-0.4072391092777252,-0.2560926079750061,-0.1045086085796356,0.0366087295114994,-0.0440852269530296,-0.0167182590812444,-0.7414343357086182,-0.7632670402526855,-0.6710200309753418,0.4081059396266937,-0.377534419298172,-0.1795195043087005,-0.2686818540096283,0.0910318791866302,0.1884925812482834,-0.3949028551578522,0.3077177703380584,-0.4483177959918976,0.0859495624899864,-0.3695685863494873,0.0150235658511519,-0.4445623755455017,-0.0799343436956405,-0.2071684449911117,-0.120681457221508,-0.3154639303684234,-0.2612346708774566,-0.4708123803138733,0.5485602617263794,0.3390340507030487,-0.5005316138267517,-0.1777542978525161,0.2373637408018112,-0.6711920499801636,0.5024250745773315,0.4335138201713562,0.5079692602157593,0.0920075923204422,-0.2375938147306442,0.1147491335868835,0.4105258882045746,0.1949232220649719,-0.5020098090171814,-0.0919230952858924,-0.2798886001110077,0.165445014834404,-0.1503764688968658,0.30274698138237,-0.0891336649656295,0.0801515132188797,0.800420343875885,-0.7201858758926392,0.3820748329162597,0.4184666275978088,0.6245318055152893,-1.5815598964691162,-0.1632732599973678,0.3239909410476684,0.1566168069839477,-0.2857618629932403,0.2133903056383133,0.6225133538246155,0.1327646970748901,-0.507827639579773,-0.6074549555778503,0.7863492965698242,-0.1371297836303711,-0.0402927659451961,0.1294665932655334,0.4333170354366302,0.0955873802304267,-0.0722486898303031,-0.239398568868637,0.2700161635875702,0.3449332118034363,-0.4141068756580353,-0.1102446392178535,0.1782326102256775,-0.4787282347679138,-0.5979381203651428,0.5346753001213074,-0.2813994288444519,0.0462422184646129,-0.5265087485313416,-0.2266714721918106,0.2631429135799408,1.2355531454086304,0.9064568877220154,0.4722028374671936,-0.4690961837768554,0.0397255606949329,0.2951527535915375,0.092758722603321,0.4366799890995025,-0.4568349719047546,-0.0590069852769374,-0.2201783955097198,0.2607977390289306,-0.0003320178657304,-0.206950381398201,-0.2997709512710571,0.0006510087405331,-0.2240550220012664,0.1381222307682037,0.1757456362247467,0.6392369270324707,0.5888489484786987,0.0719190686941146,0.2771028578281402,0.5820664763450623,0.2163119614124298,-0.1702637523412704,-0.640766441822052,-0.2304135411977768,-0.5685872435569763,0.0290704946964979,-0.3389539420604706,0.0312527008354663,0.1812687963247299,-0.0644818320870399,-0.2559150457382202,-0.190084308385849,-0.7557110786437988,-0.0313365347683429,-0.6441577672958374,-0.1468411535024643,-0.4338350892066955,-0.1419647932052612,-0.5825140476226807,0.5226696133613586,0.2565320134162903,0.4118370413780212,-0.2655712366104126,-0.6843339800834656,0.3323074281215668,-0.4003994166851043,0.2062298655509948,-0.1335920840501785,0.2605097889900207,-0.4813299477100372,0.0242689289152622,-0.0752809643745422,-0.4781084060668945,-0.5651113986968994,-0.088708259165287,-1.045231580734253,-0.0479845367372036,-0.2665314972400665,0.8264502882957458,-0.0327674336731433,0.285120278596878,0.0431138947606086,0.2529205977916717,-0.152341291308403,-0.3423779010772705,-0.2893217504024505,0.3020348250865936,0.6612731218338013,0.5661771297454834,0.5040283203125,0.3274131119251251,0.3739674389362335,0.2123314440250396,0.3675148487091064,-0.077611893415451,-0.7367231249809265,-0.1211641952395439,0.4992361962795257,-0.1675801277160644,0.1143235266208648,0.1704015135765075,0.1820055246353149,0.7767773270606995,-0.4027236700057983,-1.3625963926315308,-0.036233089864254,0.2313139140605926,-0.0061171520501375,0.395618587732315,0.6893584728240967,0.6493796110153198,0.1688758134841919,0.3078279197216034,0.1799433827400207,0.0588066093623638,0.348358154296875,-0.1077641621232032,0.4429264068603515,0.1758044362068176,0.4120401740074157,0.5611658096313477,0.2704443037509918,0.3965398371219635,0.7224353551864624,0.5814869999885559,-0.3756316006183624,0.3890821933746338,0.2342062145471573,-0.0645181462168693,-0.4640446305274963,0.3887246251106262,-0.532438337802887,-0.1560401171445846,-0.4403444826602936,0.1383714377880096,0.8855701088905334,-0.3944266736507416,0.4827744364738464,-0.3917814791202545,-0.3315642774105072,-0.5335702896118164,-0.6436577439308167,0.225389301776886,-0.3714775443077087,0.004747531376779,0.4039610922336578,0.0167642422020435,-0.6071538329124451,0.1637975424528122,0.3150565326213836,0.5812759399414062,0.1684347242116928,-0.3420390486717224,-0.0363199412822723,0.5715809464454651,-0.2086262553930282,-0.0129445828497409,0.173548474907875,-0.0556816048920154,-0.2279419898986816,-0.9748454689979552,-0.5031415224075317,-0.1166454181075096,0.0946948006749153,-0.5069720149040222,0.675150454044342,0.4821428060531616,-0.5622348785400391,-0.2528059482574463,-0.3165469169616699,-0.0573950409889221,-0.0856062024831771,-0.5313248634338379,0.103178858757019,-0.0795996412634849,-0.0123421298339962,0.6556701064109802,0.5359843373298645,-0.4287244081497192,-0.0557401143014431,0.5663303732872009,0.3626473546028137,0.042487870901823,0.2001436948776245,-0.4511834979057312,-0.4796603918075561,0.0560747161507606,0.2924157381057739,-0.089206226170063,-0.1261716783046722,-0.2473555207252502,-0.5904003977775574,-0.5416514277458191,-0.3029631376266479,-1.245996356010437,0.4305896759033203,-0.0474571697413921,0.3658763170242309,-1.0936464071273804,0.2656297981739044,-0.1482317149639129,0.4529084265232086,-0.1175688505172729,0.5350407958030701,-0.0783148407936096,-0.8816331028938293,-0.0290599912405014,0.2554600834846496,-0.4953828155994415,1.0187796354293823,0.5998725891113281,-0.3338018357753753,-0.2952187061309814,0.2195363789796829,0.1347533464431762,-0.1538268029689788,0.1619288921356201,-0.2186457812786102,-0.3780580461025238,0.0816185697913169,-0.0991635993123054,0.3998847305774688,0.3499682545661926,0.0132835768163204,0.0784867256879806,0.7465474605560303,0.167585402727127,0.5677454471588135,0.3431079685688019,-0.6401307582855225,-0.0630431696772575,-0.4246980249881744,0.2371137887239456,0.1239999681711196,0.7866754531860352,-0.2244578599929809,0.34340900182724,0.6815798878669739,-0.2369484007358551,-0.1116271018981933,0.549222469329834,0.0797847285866737,0.3611436784267425,-0.1648872792720794,0.0869230479001998,-0.979767382144928,0.3181458711624145,0.2978108525276184,0.1512073874473571,0.0599983111023902,0.1215851306915283,0.0128585761412978,-0.8224067091941833,0.2650946974754333,0.0652206242084503,-0.265663743019104,0.2789573669433594,0.324606329202652,-0.0627619698643684,0.8225252628326416,0.3374103605747223,-0.2739810645580292,-0.0544343329966068,-0.1593586653470993,0.8004461526870728,0.8542128205299377,-0.137147456407547,0.4373861253261566,-0.4904538989067077,-0.8217084407806396,0.2437671273946762,0.1175533384084701,0.3254854381084442,0.608734130859375,-0.4999359846115112,-0.3563725054264068,0.648382842540741,0.2604873180389404,0.1238970682024955,-0.2658562362194061,-0.4231884777545929,0.3213720619678497,-0.0952896773815155,-0.0999052971601486,0.2133684456348419,0.2749728560447693,0.5598160028457642,0.474202036857605,0.1232558265328407,-0.3892777860164642,0.7708496451377869,0.0401249155402183,-0.4257298409938812,0.1605914384126663,-0.6243446469306946,0.1913665384054184,0.2539394497871399,0.3622981011867523,0.1147514209151268,-0.3004081547260284,0.2212794125080108,-0.3058556020259857,-0.1422671228647232,-0.3531127870082855,0.4561539590358734,0.1532309055328369,-0.0816366374492645,-0.2919953167438507,-0.506588339805603,-0.2151989787817001,-0.022124245762825,-0.8622197508811951,-0.062067974358797,0.0931381061673164,0.248438075184822,-0.2223546653985977,-0.0184063073247671,-0.7270002365112305,-0.3781671822071075,-0.3258433640003204,0.3780666291713714,-0.7069383859634399,-0.3961071372032165,0.5641794204711914,0.0921429172158241,-0.0190799348056316,-1.3055930137634275,0.5102050304412842,-0.0726425573229789,0.244777649641037,-0.1593020558357238,0.1414137631654739,-0.4171003997325897,0.0453599132597446,0.0863836333155632,-0.2981536984443664,0.0865919068455696,-10.187033653259276,0.2162238210439682,-0.5153321027755737,-0.4303008615970611,-0.500162661075592,-0.0747401714324951,0.8724194765090942,0.4472564160823822,-0.1867846846580505,0.6053003072738647,-0.1999603658914566,0.610309898853302,0.3539019823074341,0.026266511529684,-0.1964733153581619,0.0974662229418754,-0.2961273491382599,-0.0557382181286811,-0.2707590460777282,-0.0954452827572822,-0.4605646729469299,-0.3728103935718536,0.7333937287330627,0.4507887959480285,0.629659116268158,-0.1577025353908538,0.1320483535528183,0.413061648607254,-0.3313141167163849,0.3687202632427215,-1.037243366241455,0.5492420196533203,-0.3114286065101623,0.7603781819343567,0.1523233950138092,0.0801357626914978,0.0627902969717979,0.1707354187965393,-0.2683981657028198,0.4237218797206878,0.4935589134693146,-0.0309099871665239,-0.0772415921092033,0.0353514850139617,-0.298044204711914,0.0358415953814983,-0.1193246468901634,0.075347863137722,0.5912200212478638,-0.2721285223960876,-0.0493429005146026,-0.1865812689065933,0.133067637681961,-0.2255179733037948,0.2005201876163482,0.1497281491756439,0.8183289170265198,-0.664590060710907,-0.3175504505634308,0.0987665951251983,0.5905869603157043,-0.0658743679523468,0.4694211781024933,0.6204165816307068,0.104325532913208,0.5022666454315186,0.3527027368545532,0.2424290180206298,-1.142908215522766,-0.2231483608484268,0.3112803101539612,0.7615343332290649,-0.0210704356431961,0.0310787577182054,-0.168237954378128,0.2661822736263275,0.1296748220920562,0.1882065534591674,0.4320928156375885,-0.0768738389015197,0.1991636008024215,-0.185180589556694,-0.0695248767733573,0.5907264351844788,-0.708386242389679,0.1378110945224762,-0.0611194148659706,-0.3213564157485962,0.2627412974834442,-0.4816176295280456,0.314485490322113,-0.1782543659210205,-0.8476414680480957,0.5249963998794556,0.7515106797218323,-0.3503181636333465,-0.3775286376476288,-0.0929861590266227,0.2224091589450836,-0.2934626340866089,-1.0214831,-0.60609734,0.59250104,0.52953947,-1.158065,-0.5864608,-1.8121121,1.0045741,1.3749232,0.5204584,0.62793136,-0.3227924,-1.1235206,2.5729284,-0.88035697,0.5439122,0.58819216,-1.2708725,0.6156077,0.2446424,-0.27448416,0.36695376,0.20903456,-0.6524689,0.9628602,0.6122493,1.4597874,-0.2315996,-0.41513604,-0.5123252,-0.056361932,0.27148896,-0.6071876,-0.60358596,0.3267759,-1.4863149,-1.5661094,1.1438551,0.29999018,-0.9492354,-1.021198,0.8908188,-0.19394617,-0.40964147,-0.87933326,-0.1795215,1.5969393,-0.43458152,1.3979869,-0.22648165,-0.9444158,-0.5858917,0.6927858,0.6601547,0.24359365,-0.6557576,1.111154,1.4324932,0.22507253,-0.4024463,0.722788,0.3458186,-0.9296433,-0.4101991,0.03298217,0.28087333,-0.33680183,0.25482166,0.08118643,0.016857043,-2.503152,-1.4265448,-0.64977074,0.8991448,-1.5479876,0.99274856,0.15307114,-0.9722995,0.6306111,0.0083204545,0.41900173,-0.3288598,-0.9933165,1.5062637,-1.1373844,-1.3057523,-0.06779093,-0.5813169,-0.7643067,-0.60784703,-0.67034763,-1.3376083,-0.82834816,-0.8551576,1.5843608,0.098287635,-1.0295279,-1.0079381,-1.0265906,-0.45375252,0.15505864,1.2474284,0.25381863,-0.62942106,-1.1021245,-0.6864787,-0.6881777,-0.6520504,-0.41514224,0.93289274,-0.18148267,0.6258493,0.8638184,1.3808829,0.27358085,0.5796916,-1.2111222,-0.7687334,-0.41735283,0.34180745,1.1593608,0.85248935,0.35758224,0.7798029,0.01668439,1.0344713,0.28849432,-0.9867247,0.2755392,0.7267738,0.8830506,0.35219523,2.39973,0.73083097,-1.063256,-0.5973162,-0.10641463,-0.05751349,0.66637385,-1.3703145,-0.28564078,0.5817864,-0.20619407,-0.40661478,0.27069765,-0.97846854,-0.14658555,0.87175995,1.637749,-0.015219649,0.20102122,0.18383327,-1.6397839,0.18836783,1.125388,0.0057220757,-0.2593308,0.6535734,-1.6706365,1.108592,-0.5096631,1.5144608,-0.9191754,1.1016344,-0.5176842,0.27998355,-0.558423,0.76269525,-0.878835,-1.888591,-0.43129313,-0.2592323,0.45686597,-0.48170963,0.528405,-0.52353853,0.17809777,0.66649383,-1.407646,-0.7657697,1.2970052,0.97902596,-0.018355519,1.0862871,-0.15604192,0.2835606,0.5174048,0.84287167,0.5484404,0.020829014,0.9195895,-0.67505455,0.943862,1.2668977,0.7896099,2.413342,0.6996146,-1.790494,-1.108509,1.145607,-2.1906915,-0.9684206,0.8946908,-1.5745696,0.86398137,-1.3902259,-0.50201,1.8941952,0.7600324,0.014069169,-1.3382664,-1.1169548,0.88771653,0.73971176,-0.25623068,-0.14223231,-0.8422443,0.13198623,-0.46531916,-0.77221954,0.83150584,0.6733305,0.36979356,1.328282,-1.0788012,0.4923768,0.0330514,-0.32152498,0.32290232,0.8878709,-0.7452516,0.7873459,0.44480908,-0.1943427,-0.30672798,0.33534428,-0.62101996,0.7484073,-0.64911276,1.1277678,0.46892425,0.0028320774,0.7087408,-0.45742074,-0.074204735,0.31797713,1.0445005,-0.114862785,-1.5196421,-0.30797142,-0.027953383,1.6964855,0.19112462,0.34987646,-0.15213804,1.8949684,-0.7439596,-0.16198094,-0.504751,-0.7917172,-0.2941536,0.8743052,0.22248554,0.13487941,0.24039839,-0.4911245,-0.44331294,-0.14973085,-0.04084173,-1.0328534,-1.3926826,-0.45145363,-0.7866642,0.17282604,0.41882303,0.50940776,-0.45043385,-1.4164568,-0.34176546,0.85895514,0.70388395,-1.4735551,-0.14966187,0.1836258,-0.5025111,0.2229915,0.6915476,-0.18340637,0.08284649,0.7543305,-1.3591324,0.47881836,-0.33928108,0.9957026,1.9491076,0.36977404,0.8817302,-0.8883562,-0.7334463,-0.14753622,0.49563462,0.6778906,-1.7125555,1.0066013,-0.5440004,-0.81068295,1.3318455,-1.2144544,-1.189363,-1.6143624,-0.16957307,-0.95011497,-1.2101593,2.0791554,-2.679028,1.8310636,-1.5234463,-0.9542426,-0.9605602,-0.82020044,-1.5087165,0.12184179,0.44962162,-0.14788008,0.37602812,0.37992978,0.7656802,0.3166478,-0.014567658,1.50411,-0.08338728,0.43117684,-0.604053,-1.1570164,-0.4879021,0.7013076,-1.2283162,-1.0620424,-0.9693366,-0.5949388,-0.08738749,-0.45958495,-1.0370729,0.85030246,-0.14275984,0.8811195,-0.6314073,-0.331209,-0.1360722,-0.6348492,1.1144246,-0.22725482,1.5448828,-1.0902535,-0.5988326,-0.16957085,-1.067457,0.38571137,-0.37560618,1.6417725,0.48969695,0.77940696,0.5833004,0.25414702,0.35545415,-0.25704825,1.1763641,0.136531,1.8806095,-0.19839638,0.030334413,1.4899849,-0.13895944,0.55248415,-0.5906643,0.062418804,1.0851672,-0.20753294,-0.50120753,0.107368134,-0.11021991,-0.5291982,0.0792509,0.53298396,0.39032876,0.32682306,0.7569379,0.6898469,-0.58674705,-1.3284163,-0.12038066,0.90462416,0.8849518,0.78800094,1.2690135,-0.3939836,-0.75540215,-1.4313037,0.7176207,1.1447132,0.47415513,0.7849694,-2.0012155,0.6946429,0.8699034,0.27940962,-1.5913883,-2.0268261,1.3772445,0.5648616,0.30783898,1.7497092,-0.83998233,-1.834486,-0.54095703,-0.78741145,-0.5338101,-0.89954436,-0.52072823,0.1284185,0.21834202,1.1617165,1.0418218,0.5427471,0.11473231,-0.30167896,0.536655,-0.094414726,-0.698427,0.013904981,0.072110996,0.55838394,-1.5083421,-0.7352446,1.1225264,-1.7604992,1.6107248,-0.12442029,0.046721976,-0.2045686,-0.13618223,-0.8893273,0.04310445,-0.0988361,-1.3794031,-0.23149307,0.9046804,-1.7132885,-0.9676225,0.90550166,1.181301,-0.2275021,0.8790484,0.18921313,-0.07979858,0.86927265,0.2851389,-0.5282136,0.10053981,0.19973987,0.12526885,-0.645042,-1.4382068,-0.022857051,0.80872524,-1.2378694,-1.289877,0.6259918,0.3652394,-1.5921599,-0.74573,-0.6399122,-0.3434407,0.7832766,0.58521765,-0.10661559,-0.98333937,-1.0108185,0.12380244,0.031441618,-0.020962618,-0.39005297,0.3979394,0.20349148,-1.0004969,0.0744507,1.6514499,-0.05199731,2.0915725,1.2130895,0.07710996,-0.13477533,0.81983614,-0.46293336,-0.89653385,0.6394142,-0.8943132,-0.7127376,1.5036268,-0.22524036,-0.36848843,-0.14635983,0.41701695,-0.6689859,-0.34743577,0.046089355,0.44174135,1.3662952,1.0542071,1.3461616,-0.18889816,0.08630405,-0.5732059,0.8022752,-1.3628768,-0.98644316,-0.57276905,0.82666457,2.3938894,-0.53627896,0.45636857,0.54506385,-0.8453978,-1.4334972,0.31148684,0.44074583,-0.12753914,-0.5447584,0.36096987,-1.1952981,0.26664796,-1.5772268,-0.11421816,0.9679207,0.9687172,-0.6206628,0.16242477,0.7714053,0.028148828,-0.8995875,-0.047021598,0.32734093,1.7718906,0.7994476,-0.7962209,0.46087396,-0.40691024,-1.6058702,0.19148129,-1.2380787,-1.106164,-0.011752794,-0.36650047,0.07938384,-0.14125744,-0.6789221,1.5310218,0.67423034,-0.114737496,0.6977271,-0.9031807,1.6445999,0.25406036,-0.78416795,1.4951863,0.9890242,-1.3669506,0.9973776,-1.2387654,1.4353284,-0.45234415,0.71505564,1.46314,0.009726632,-0.28161287,1.4310086,-0.6056217,-0.25856832,-0.42979884,0.39642927,-0.34582603,0.28591514,-2.0220695,1.3144542,-1.5748558,-0.70189357,0.04782922,0.6333779,-0.17217675,0.35008055,-0.23762314,0.5150591,0.015235957,-0.917657,0.12520498,1.6543615,-0.32386452,-1.0096713,0.34708655,0.80060065,-0.18232803,-0.27112466,2.4125457,0.051576797,0.646035,-1.5245054,-1.5149976,0.7538437,-0.5256555,-0.9620586,-0.36841342,-0.063847736,-0.1364678,0.23625517,-0.6109777,1.4276745,-0.70614135,0.6377261,0.38444197,-1.0969384,-0.8067124,-0.072677754,-0.75505245,-1.0880065,-1.4699899,0.4780929,0.7588925,-0.39357024,0.36459804,1.0262681,1.753863,0.7679814,-0.10311819,-0.73658645,0.6172676,0.52613866,0.5191139,-0.9565333,-1.0804014,0.2759085,0.94115967,-0.41233534,0.34820276,0.29002145,-0.09778151,-1.6603101,1.372496,-0.01996176,-0.6863215,1.2884313,0.89308596,-0.10358785,0.90095043,0.22280139,0.12658773,-0.31487125,-0.59526837,-0.33594206,0.03715506,-0.7738929,0.5923557,-0.48792586,0.75118333,-0.64751524,0.45062482,-1.4936637,0.76342535,0.23339514,0.07924176,0.8521248,0.25087178,-1.0077848,-0.7834934,0.41857314,1.4410973,1.2728026,-0.17130962,-0.61226714,-0.42775702,1.3038207,0.7605192,-0.04063163,0.05140525,-0.32301754,0.056342423,-0.28635898,-1.4387327,-0.50867623,-0.05279526,-0.03929134,-1.2300214,1.6341256,-2.096568,0.41737127,-0.39145643,-1.2627486,0.3499441,0.5627612,-0.67515296,2.2287703,0.92732275,-0.53385466,-0.13964528,0.78518975,0.96685547,-0.8042627,0.058892995,-0.5852475,1.0348531,1.5713114,0.54718536,-1.3964201,0.2597078,0.2983803,-0.33171427,1.5212921,-0.1349583,-0.6749726,-1.0570216,-0.09077348,-0.9955559,-0.3928286,-0.44807082,0.09532213,-1.1571645,0.69488823,-0.77718294,-1.0687594,0.5511116,-0.58486867,0.38002017,-0.7257148,1.2081611,0.5833668,0.47381714,0.34145865,-0.51173,-0.18195122,-1.0936294,-0.30500737,0.22219276,-0.54021806,0.5470825,0.48427638,1.0919186,1.3647178,-0.122720614,-1.0434949,0.6206058,0.030636307,0.39709672,-0.2917036,-1.0468677,-0.87137115,0.47768512,0.5153761,1.1162158,-1.4742463,-0.1862979,-0.18801542,-0.010050446,-0.03565336,0.74788946,-0.066514045,0.37463534,2.3478138,1.423003,-0.14752296,-0.9804648,-0.7242423,0.5062195,1.65476,-1.1705277,-0.38154477,-1.3107939,0.71071446,0.74617827,-0.23180827,0.40250516,0.4812962,-1.3477805,1.4247241,-0.74050725,0.12150793,0.546758,-0.5407823,0.38502514,-1.0938934,1.0564873,0.7440586,0.6917236,-0.75385165,0.3832004,0.51937973,0.6280381,-0.5633587,-0.022665143,-0.5948825,-0.37581676,-0.4123621,-0.21968117,-0.6334037,0.35485053,-1.1989508,-0.89458436,1.1386636,0.47420257,-0.63511384,-0.97505254,0.54675204,-0.8758764,0.5117504,-1.1759523,0.11663594,1.7158947,0.40619978,1.1386628,-0.5981443,-0.5097862,-0.62996465,0.6068556,0.71408844,1.0047119,-0.22116904,1.09045,1.147604,0.34371233,-0.36344272,0.6115872,0.9493748,-1.4320775,0.336383,0.8683094,1.4852489,-0.1402949,-0.7460901,-0.67461854,-0.5336202,-2.6673503,-0.16190453,-0.23188388,1.3780756,-1.4249555,1.4162881,0.34071717,-0.14685188,-0.5739703,0.37720254,0.066780806,0.5596751,-1.0809538,1.712011,-0.5134257,-0.5933216,-0.2613666,-0.102693975,-0.9420927,-0.18125132,0.47284588,-1.4733436,-1.7987766,-0.72840893,1.1140025,-0.15184055,-1.0276092,-0.53843457,-1.2988831,-0.24542984,0.10160778,0.7241989,-0.46465153,-0.051848285,-1.0562813,0.24222927,-0.88343966,-0.707885,-0.826577,0.5983767,-0.12751025,0.731063,0.8362726,0.92253506,0.4683036,1.3713298,-0.70931834,-0.9559563,-0.6758615,0.038191807,1.0705001,-0.04420619,-1.2786424,0.28873846,0.37385204,1.6488739,0.41040677,-0.65723073,0.42338705,-0.83012104,0.98307925,-0.48665556,1.3302326,0.79806197,-0.49542198,-0.34223878,-0.79966974,0.1523338,-0.3867764,-1.0130585,-0.18450394,-0.4067033,0.38799226,-0.16157909,-0.17226851,-1.0926536,0.26675445,0.7688516,0.7750727,0.025067318,-0.27134588,-0.31168443,-0.6944927,0.15503141,0.35265487,-0.061407298,-0.28183615,0.025694031,-1.3821036,1.5704135,0.71623135,1.3832556,-1.1374385,0.22610798,-0.3486778,0.2004689,-0.77985346,0.59190667,-0.3854623,-2.1435504,-0.19246972,0.3518951,-0.119535126,-0.23192771,0.3870634,0.28578907,0.64783204,0.24379203,-0.8357955,-0.23501131,0.36600772,1.4209356,0.13197072,1.392665,-0.6697783,0.69971204,0.5269488,0.37389153,0.29449707,0.6272248,0.7913626,-0.7536087,1.3435876,0.99520653,1.1417868,2.5452445,0.85674083,-1.3844247,-1.5250007,0.78391826,-1.6457609,-0.17529395,0.8795179,-0.90969765,2.0030084,-0.52171427,-1.1331235,2.0182316,0.36591107,-0.041349716,-1.3306949,-1.066788,0.7737466,0.66144884,-0.79370534,-0.04238017,-0.4806432,0.12596697,-1.2904489,-0.31089976,0.3568629,-0.0012839675,0.52705985,1.9380316,-0.9050325,0.94330674,0.7482529,0.21032667,0.35260144,0.08889668,-0.922437,0.4384304,0.7320615,-0.45253772,-0.22923625,0.21992967,-0.917052,0.56030047,-0.45260057,0.33190912,0.19023074,-0.036281608,-0.24017814,-0.4170664,0.42180642,0.21893334,1.7279876,0.28521505,-1.3194507,-0.084733404,0.6173201,1.0063264,0.8747114,0.19532257,0.9760586,0.47968465,-0.3765753,-0.15690038,0.24229674,-0.1549149,-0.12561785,1.3119669,-0.62875444,1.0796381,0.2642209,-0.914472,-0.7277682,0.051384307,0.081102416,-0.99924403,-1.2871635,-0.6939027,-1.496383,0.121106304,-0.4843526,0.56080896,-1.3227264,-0.24802724,-0.9653562,0.08695904,0.7800874,-0.6165849,-0.77414006,-0.018901538,-0.50075936,0.1858693,-0.35410395,-0.025767172,0.85840875,0.98413086,-2.1806662,0.7472279,0.27930886,0.7302543,0.82442033,0.18743685,1.554364,0.21479206,0.4376324,-1.0131382,0.66437495,0.8231567,-1.5380814,0.751967,-0.24784224,-0.07740618,0.58661544,-1.5074298,-0.40951023,-0.26099783,0.38308606,0.022650784,-1.2824876,1.7427238,-1.812352,1.3518378,-1.3407552,-0.49740696,-0.6524793,-0.97313607,-2.0390544,1.4425417,0.3832068,0.15256539,0.32258087,-0.16383958,0.05836124,0.58504707,0.5791098,0.9234172,-0.39264894,0.91840935,-0.29026526,-1.6902227,0.5878347,0.8394395,-1.4003694,-1.4814506,-1.403343,0.242268,0.961532,-0.38522714,-0.22809117,0.72497153,0.08170546,1.042645,-0.7042664,0.2575318,0.23565641,-0.24632482,1.0659002,0.22528358,1.9075336,-0.7451192,-0.6370858,0.8995738,-2.402619,-0.01935851,-1.0683712,1.6546423,0.6851495,-0.27339858,-0.0052791596,0.6165899,-0.8906232,-0.65657175,0.34989816,-0.1426728,1.3410039,0.69759333,-0.3168875,1.5768285,0.28487945,0.28375977,-0.75039166,-0.15587385,1.7885422,-0.13051099,-0.58577615,-0.52733546,-0.61565053,-0.344564,-0.09369076,-0.11885282,-0.2998884,0.31392545,0.9085266,1.1443902,-1.7694565,-0.674738,-0.5608955,0.11141068,1.2049187,1.7026443,1.4458439,0.28128195,-1.1152132,-1.9311798,0.48234168,0.90137595,-0.31482467,0.85173684,-1.1270835,0.1330029,0.45707297,-0.7049473,-0.35104558,-1.4087075,1.634486,0.69433784,0.6488502,1.7743213,-0.732161,-1.0779917,-0.2630783,0.9717401,0.28094468,-0.73771155,-0.4341387,0.7832672,-0.21737993,1.0804851,0.7168392,-0.023486685,-0.42303818,0.33831373,0.4312326,0.6164707,-0.8692506,-1.199181,0.16826952,0.54612434,-1.3913326,-0.671197,0.3684733,-2.0943608,0.2457706,-0.56514776,-0.07719297,0.0035193146,-0.45020947,-0.47994322,-0.6037396,-0.15044513,-1.6807553,-1.2243984,0.32298565,-0.88417375,-1.5712858,1.0559273,1.527902,-1.6341835,0.5401753,0.47240958,-0.23041825,1.0237068,-0.08803584,-0.77923334,0.4824861,-0.15827462,0.06604858,-0.64031667,-0.97498655,-0.67170227,-0.2539758,-1.1122504,-0.8700086,0.35051095,1.0065799,-1.548213,-0.56504506,-0.27439404,-0.46431112,0.62477076,0.6690555,-0.03222382,-0.10096719,-0.6494143,-0.46330205,-0.0012517929,0.6760692,-0.0070341765,0.37003207,0.416077,0.32808462,0.40434876,1.3883444,0.40459633,0.032883912,0.71179515,0.44727716,-1.068737,0.4832638,-0.37155375,-0.760749,0.72868156,-1.3686216,-0.94427615,1.9515909,0.0053147613,-1.3900607,-0.80796975,-0.12228644,0.46115923,0.24854438,0.5458852,0.50159305,1.3483322,0.5114018,1.9932129,-0.23887484,-1.2057116,-0.16134365,-0.16315563,-0.9518895,-0.86700267,0.54101944,0.91340077,2.8023765,-0.7438177,-0.06189381,1.1103536,-0.60825175,-1.2371789,0.5038696,-0.112320505,-0.8644581,-0.19406605,0.580855,-0.61184186,0.037141614,-1.5853198,-0.50965834,0.5619253,0.65243524,-0.28380594,-0.07538633,0.0867879,0.19654404,-0.77392024,0.69330996,1.6393245,0.70893323,0.0010348186,-0.9687788,-0.014693359,-0.71491855,-1.8021313,-0.13223669,-0.12964502,-0.51316994,0.005176246,-0.9762514,-0.31733036,-1.0570469,-0.39899078,1.320239,-0.22403868,-0.11175321,-0.4858412,-0.62434655,1.9007162,-0.622564,-0.07887153,0.658682,1.1971309,-1.6194912,0.2473369,-0.43088096,0.8939396,-0.31356564,0.41520748,0.39032704,0.74985343,-0.6334017,1.6546726,-0.3239965,-0.7268278,0.07372267,0.5628407,0.24008203,0.11036386,-2.4862652,0.6359567,-1.5700946,-1.5992055,-0.06725156,0.9354323,-0.73807985,0.3932818,-0.0574585,0.96702397,0.50121933,-0.7071568,0.7904737,2.1012912,-0.3320457,-0.46248,0.8962056,0.4709506,-1.0136302,0.20565557,2.5066688,0.45855325,1.5584137,-0.7335557,-0.39277956,-0.033038877,-0.43173724,-0.5852562,-0.3765275,-0.6101607,-0.35261744,0.80748975,-0.5300725,0.7960371,-1.3746743,-0.35639608,0.70965004,-0.9833255,-0.64558256,0.69580704,-0.40697044,-1.4320157,-1.5078974,0.51122653,1.369926,-0.3473673,-0.047966562,0.6647957,1.2165457,0.66958505,-0.5209322,-0.4390834,0.42245817,1.294515,0.8811223,-1.0451338,-1.1830782,0.5392387,1.5123488,-1.5500541,0.5195263,-0.69894636,-0.29463917,-1.5814726,1.212827,0.5417557,-0.14501771,1.1678197,0.5681915,0.111011386,0.40974617,-0.757624,-0.14569373,-0.36974502,-0.8154529,0.13429347,-0.24299042,-0.7487189,0.062334858,-1.1706522,-0.22266892,0.20166877,0.73277676,-1.3949589,-0.026907813,-0.62600887,0.45797578,0.0394035,-0.50966495,-0.22607493,0.24870172,-0.83881253,1.8855358,1.0758936,-0.24300024,-1.8138716,0.34387967,0.85116404,0.30910924,-0.66520005,0.7012288,0.4109373,-1.2027315,-0.6668381,-1.363087,-0.4521575,0.17488477,1.1938598,-0.7376116,0.40832692,-1.0613954,0.8819295,0.08382438,-0.52802324,0.7027572,-0.22840996,-1.0472867,2.0321033,1.020995,0.30867162,0.047855426,1.1228373,0.6831726,-0.17431906,-0.49937811,-1.2817147,0.8370488,1.383528,0.6302346,-1.2688903,0.26679924,0.1381602,-0.36705634,1.8594557,-0.280027,-0.57435256,-0.5937609,-0.21673329,-0.27511245,0.0048877,-0.84758186,-0.19308789,-1.6856655,-0.14027463,-0.53883994,-0.35294524,0.35750672,-0.7072115,0.5905277,0.3676951,0.99036235,1.0740209,1.0105699,0.9038755,-0.25595704,0.35255063,-0.99273074,-0.3621962,0.44864684,-0.74958295,0.4167723,0.77573603,0.9169828,1.5567329,0.22854242,-0.5298764,0.1299984,0.120088086,0.03586188,0.21429744,-0.55528104,-0.32790536,0.35760766,0.18516617,0.3619918,-1.2608664,-0.23409827,-0.04712247,0.9944954,0.1686767,0.28800786,0.33381277,0.12526841,1.7125804,0.15715662,-0.6528597,0.0
ワ,0.2413127571344375,0.1787703335285186,0.4631074070930481,-0.2309708595275879,0.2003732621669769,0.277688056230545,0.122989721596241,0.308803528547287,-0.009906692430377,-0.619081437587738,0.7028918266296387,-0.3670854270458221,-0.6940755248069763,0.2042390406131744,0.3712596893310547,-0.3850686252117157,0.0479442365467548,-0.0029694295953959,-0.0235241279006004,-0.6805608868598938,-0.7096894383430481,-0.3323213160037994,0.133449524641037,0.3075015842914581,-0.0579979717731475,-0.3176624774932861,0.2532162666320801,0.3636884987354278,-0.06850615888834,0.0407397486269474,-0.3937130868434906,-0.2223573923110962,0.1632612198591232,0.0832343325018882,-0.0201122909784317,0.4200762808322906,-0.0385860241949558,-0.0719058960676193,-0.1453847140073776,-0.0582923367619514,0.0135667948052287,-0.1084998920559883,-0.4628358781337738,-0.1235483288764953,0.0751526281237602,0.5497376322746277,0.2003061473369598,0.1607071906328201,0.6362603902816772,0.1629896461963653,-0.1024657636880874,0.2144966721534729,0.3965997397899627,-0.1590530276298523,0.2973221242427826,-0.1747583895921707,0.4911096692085266,-0.2990573942661285,-0.181793212890625,-0.0168553367257118,-0.1853495240211486,-0.18560691177845,0.1348696798086166,-0.1999842971563339,-0.0588796064257621,-0.5896822214126587,0.2047021836042404,-0.1098772808909416,-0.2945514619350433,-0.8377299904823303,-0.4084526896476745,0.0486794635653495,0.1980382204055786,-0.3737556040287018,0.6239222884178162,-0.4078696072101593,0.3511313796043396,0.1782393455505371,-0.0216964837163686,0.0487788133323192,0.0719891414046287,0.4078477323055267,0.0116257676854729,-0.4409614205360412,0.4782087206840515,-0.0275317933410406,-0.2514725029468536,-0.7447549104690552,0.2051654756069183,-0.3792103826999664,-0.1349472403526306,-0.0864250659942627,0.7027817964553833,0.0751868039369583,-0.0480694435536861,-0.092638686299324,0.0666812807321548,-0.296792209148407,-0.1828226745128631,0.4300658702850342,0.1845071017742157,0.2618727385997772,0.3073272109031677,-0.108279675245285,-0.1922115236520767,0.051080334931612,-0.2113365679979324,0.1311621814966201,0.1733545213937759,-0.1695635020732879,-0.0520379804074764,-0.4638365507125854,-0.7414183020591736,0.243459939956665,-0.2268925160169601,-0.0013846431393176,-0.0529135353863239,0.2848470211029053,-0.6557327508926392,0.5488384366035461,0.4753878116607666,0.4563406705856323,0.0971252173185348,-0.2150113582611084,-0.1586046665906906,0.3361483812332153,-0.1139255836606025,-0.1999377310276031,-0.1110959947109222,-0.1130072101950645,-0.624144971370697,0.1062829121947288,-0.1758894622325897,0.0410359315574169,-0.0410412959754467,0.6244069337844849,0.232682392001152,-0.3461590707302093,-0.2464451789855957,-0.4861814081668854,-0.039217859506607,-0.4130640625953674,0.2633273899555206,-0.3577988147735595,-0.2995397448539734,0.4134209454059601,-0.3359703719615936,-0.6493031978607178,0.5211266875267029,0.313008189201355,-0.2839158177375793,0.7572974562644958,-0.5182087421417236,-0.06156961992383,0.1027121022343635,0.017388368025422,-0.5008480548858643,0.0049629779532551,-0.2358529269695282,0.1593533754348755,0.0162526108324527,-0.3121871650218963,0.1381345838308334,0.7075648903846741,-0.035793200135231,0.2624489068984985,0.4848371744155884,0.3598402142524719,-0.1327529996633529,0.3693170547485351,0.173502579331398,0.3283210694789886,0.1605433970689773,-0.1474442332983017,0.2038976699113845,0.4113959968090057,0.1904880404472351,0.1232999190688133,0.1739604622125625,-0.6162610054016113,-0.1287829428911209,-0.5904178023338318,-0.2561262249946594,-0.4298394918441772,0.0668615847826004,-0.0496128797531127,0.1180369034409523,-0.0869859009981155,-0.009336482733488,-0.6274248361587524,0.1896704584360122,-0.3846854865550995,0.0583632625639438,-0.341237872838974,-0.0775578394532203,-0.1159388944506645,-0.1863009631633758,-0.1251313388347625,-0.1304588466882705,0.6321461200714111,0.0707256495952606,0.2466509938240051,-0.1562853902578354,-0.2597391903400421,-0.9400139451026917,-0.2574775516986847,0.3049747347831726,0.2313425093889236,0.5142185688018799,0.2665613889694214,-0.276700347661972,0.5655514597892761,0.2455798685550689,0.1894823908805847,0.1442545801401138,0.4631680250167846,-0.4667972028255462,-0.4875037968158722,0.3424248993396759,-0.045272622257471,0.2025156915187835,-0.1735217124223709,0.4550232887268066,0.1352211833000183,0.1277494728565216,0.3906180262565613,0.3952604830265045,-0.0449961349368095,-0.2838775217533111,0.581055760383606,-0.2730138301849365,-0.3001729249954223,-0.5723670125007629,-0.2318571507930755,-0.7001567482948303,-0.1541214883327484,-0.3089911937713623,0.3295716643333435,-0.3614890575408935,0.0553109087049961,0.2006274759769439,-0.2713775038719177,-0.0228559263050556,-0.3499003052711487,0.1026369631290435,0.018752571195364,-0.0759266689419746,0.0073384214192628,-0.1255257278680801,0.0043984237127006,-0.5807868242263794,-0.5806497931480408,0.0001522223901702,-0.5368183851242065,0.3955245316028595,0.3873147368431091,0.5032966732978821,-0.1842720657587051,0.1282427310943603,-0.6778523921966553,-0.097983032464981,-0.6286552548408508,-0.2052749395370483,-0.3768730163574219,0.0444958433508873,0.060356218367815,-0.1927465051412582,-0.4949775636196136,-0.3392795324325561,-0.273395836353302,-0.0742387548089027,-0.2183254659175872,-0.1790715306997299,0.2235536277294159,0.0046378392726182,0.0427511520683765,-0.5416058897972107,0.2387636601924896,-0.132682591676712,0.3067868947982788,-0.62679123878479,0.1875622719526291,-0.6922306418418884,0.41200852394104,0.1021604314446449,-0.2388453632593155,-0.2053805440664291,-0.6097872853279114,-0.1929580569267273,0.3759879171848297,0.1185566857457161,-0.3626678884029388,-0.5758072733879089,0.1323152780532837,-0.1763930320739746,-0.0173126719892025,0.0449931807816028,0.3379239737987518,0.3768601715564728,0.1699140965938568,0.1931411623954773,0.4403726756572723,0.0646395236253738,-0.2482482194900512,-0.2538265883922577,-0.3352954089641571,-0.3866178095340729,-0.1763036847114563,0.4713699221611023,-0.3018929064273834,-0.1224082186818122,0.684111475944519,-0.2768462002277374,0.3288931250572204,0.2130254954099655,0.2835222780704498,-1.904072999954224,0.1054731979966163,0.3875754475593567,0.0553796254098415,-0.1157830283045768,0.6769788265228271,0.193166971206665,0.2563250958919525,-0.5997396111488342,-0.5158461928367615,0.6794787645339966,0.4471501111984253,-0.1428871601819992,-0.031478077173233,0.4068558514118194,-0.15891133248806,-0.0096568493172526,-0.7697862982749939,0.1979604065418243,0.3812753856182098,0.1119302734732627,-0.1508769989013672,0.092798575758934,-0.2917239964008331,0.0856456458568573,0.0926432013511657,0.1707013547420501,0.5206187963485718,-0.743687093257904,-0.0502448417246341,0.0522429123520851,0.8600127696990967,0.8047516942024231,0.4540750682353973,0.0550342835485935,-0.2378327548503875,0.2510644495487213,0.7954850196838379,0.4641810953617096,-0.1454514563083648,0.0224768798798322,-0.1577703207731247,0.5330590605735779,0.2399826198816299,-0.1744367033243179,-0.0078560700640082,0.2891948521137237,0.2068371325731277,-0.1853278279304504,0.6378749012947083,0.7026211023330688,0.1643740087747573,0.2274199575185775,0.1122594624757766,1.0803776979446411,0.0167354959994554,-0.1720712631940841,-0.6439107656478882,-0.0693342164158821,-0.3772121667861938,0.0281704869121313,0.0341115146875381,0.1204939261078834,0.3888536691665649,-0.26344895362854,0.2356073856353759,0.1882521957159042,-0.141860157251358,0.3511867523193359,-0.5903806090354919,-0.4722960591316223,-0.1884626150131225,0.0787147358059883,-0.7799350619316101,0.4340822100639343,0.3551900088787079,0.4194347858428955,-0.1693917661905288,-0.418043315410614,0.0821450799703598,-0.1838152557611465,-0.1405083686113357,-0.1368604600429535,0.2683771848678589,0.0035926848649978,-0.3261288106441498,0.1754208654165268,-0.4795490205287933,-0.4578913748264313,-0.0307402648031711,-0.9618868231773376,-0.1040217950940132,-0.1706620752811432,0.563137412071228,-0.1736572682857513,-0.0861991345882415,0.1741252243518829,-0.0278803668916225,-0.1509958058595657,-0.1282553821802139,-0.5938723683357239,0.4089792668819427,0.0829112455248832,0.1023548021912574,0.3406684398651123,0.322893887758255,0.223098412156105,0.3688583970069885,-0.5460566282272339,0.0554232895374298,-0.6036502718925476,-0.3188444375991821,0.6694896221160889,-0.1693537682294845,0.2791080772876739,0.0025752088986337,-0.1787163913249969,0.542557954788208,-0.2638455331325531,-0.5683379173278809,-0.1815653145313263,0.6087106466293335,0.0767980962991714,0.6428160071372986,0.3767095804214477,0.7915942072868347,-0.1173194795846939,0.4403795003890991,-0.0117283333092927,-0.0706030502915382,0.4441592097282409,-0.6632746458053589,0.086125947535038,-0.0458831451833248,0.1410325169563293,0.4225548207759857,0.2312281280755996,0.1681516319513321,0.2723524868488312,0.204196348786354,-0.1137217283248901,0.2081228494644165,0.2457365095615387,0.4334879219532013,-0.3478754460811615,-0.6161081194877625,-0.3627859354019165,0.0360947698354721,-0.4686858057975769,-0.1440361589193344,0.6839170455932617,-0.0683362036943435,0.0923455953598022,-0.230743795633316,-0.726019024848938,-0.4816818833351135,-0.4784334897994995,-0.2105551660060882,0.0735890418291091,0.4203126728534698,0.572357177734375,0.0075897825881838,-0.9132795929908752,0.3101041913032532,0.1929487884044647,0.4606478214263916,0.1261327117681503,-0.2455170452594757,-0.1573473215103149,0.0669548138976097,-0.0716644003987312,-0.1940649151802063,0.1808452606201172,0.0132692204788327,-0.0506711341440677,-0.4842084348201751,0.1540281176567077,-0.2623700499534607,0.147505834698677,-0.2539973258972168,0.5185579657554626,0.1032202765345573,-0.7609311938285828,-0.3099862039089203,0.1274624466896057,-0.2596737444400787,-0.130606472492218,-0.6116222143173218,0.1900205761194229,-0.3813090324401855,-0.1310446858406067,0.289544016122818,0.5359349846839905,-0.292400449514389,-0.1346074938774109,0.3891332149505615,0.569875955581665,-0.0460829734802246,0.0397218838334083,-0.0701807290315628,-0.2849186658859253,-0.1758468896150589,0.042526826262474,-0.1490150094032287,-0.1989455670118332,-0.0196695402264595,-0.7796398997306824,-0.2522390782833099,0.0596350096166133,-0.8661103248596191,0.6774477958679199,0.1855203956365585,0.5301793217658997,-0.5003162026405334,-0.0892804190516471,-0.2446640431880951,-0.055185467004776,-0.0067036617547273,0.4187356233596802,-0.0389188192784786,-0.7822460532188416,-0.0678139701485633,-0.4740712940692901,-0.4957434237003326,0.4799340665340423,0.3959895372390747,-0.403847336769104,0.0971675738692283,0.3388460874557495,-0.2263126224279403,-0.14765365421772,0.0829782858490943,-0.1345392167568206,0.1110608279705047,0.2892637252807617,0.0348658375442028,0.2147877961397171,0.2842249870300293,-0.3344732522964477,0.1853161603212356,0.2598049938678741,0.6585676670074463,0.2961028516292572,-0.0005682099144905,0.0101207103580236,-0.0323925204575061,-0.557614266872406,0.4538787305355072,0.2717209458351135,0.5444968938827515,-0.3912653625011444,0.6192585825920105,0.6213282346725464,-0.4582399129867553,0.3543581068515777,0.6622916460037231,0.4146571457386017,0.3334271311759949,-0.0352933555841445,-0.0612291432917118,-0.7317131757736206,0.2767074108123779,-0.030510202050209,0.2554322183132171,-0.0355859622359275,-0.03243850171566,-0.1068602353334426,-0.2455630004405975,0.0175148211419582,0.3637334406375885,0.3277826011180877,0.1446813493967056,0.3021716773509979,-0.377583771944046,0.4751031100749969,0.4331249892711639,0.0210160855203866,-0.1459994614124298,0.2460961192846298,0.3802261054515838,0.6374589800834656,0.0314390994608402,0.3572412133216858,-0.2072588503360748,-1.0218791961669922,0.0856554731726646,0.0102315852418541,0.3644465208053589,0.5951054692268372,-0.5780338048934937,-0.2023299187421798,0.1860213130712509,0.5037203431129456,-0.2873859405517578,-0.0941149368882179,-0.4399446547031402,0.1732430458068847,0.2615323066711426,-0.1303068548440933,0.0727578476071357,0.1291072368621826,0.3212997913360595,-0.1634944677352905,0.1456749439239502,0.2130679488182068,0.7299164533615112,0.1362379342317581,0.0912676230072975,0.0425005368888378,-0.2699767649173736,-0.4450969099998474,0.0519218407571315,0.0658692419528961,-0.3387294709682464,-0.4071281552314758,0.0378243289887905,-0.3907216489315033,0.1473091691732406,-0.2990520000457763,0.2549092173576355,0.3078309893608093,0.057633202522993,-0.0366539470851421,-0.4790743589401245,-0.0632993876934051,-0.0242817495018243,-0.7737974524497986,0.0951301604509353,-0.2579847872257232,0.1720798462629318,-0.2192899286746978,0.0213155206292867,-0.4729840755462646,-0.2633458077907562,-0.367784172296524,0.5505667924880981,-0.1218723282217979,-0.4214291572570801,0.4173358082771301,0.3114523291587829,-0.1264443844556808,-0.9922773838043212,0.3278978765010834,0.3606756329536438,0.5684622526168823,-0.2312356829643249,0.509494423866272,-0.3745315074920654,0.2229006588459015,0.1008925884962081,-0.4160842299461365,0.5262504816055298,-10.464190483093262,-0.4213390946388244,-0.4990895688533783,-0.2991828024387359,-0.523726224899292,0.3393937647342682,0.6275897026062012,0.3310806453227997,-0.4008956253528595,0.1503154784440994,0.0772168710827827,0.4325231611728668,0.3527701199054718,0.3085150718688965,-0.5929360389709473,0.1288890391588211,-0.3219438791275024,-0.482525885105133,0.0016949117416515,-0.2160532176494598,0.1131066754460334,-0.6644826531410217,0.5310324430465698,0.5345878601074219,0.1479681879281997,-0.1676557660102844,-0.139973372220993,0.4004792869091034,-0.031229430809617,0.2987416684627533,-0.8072220683097839,0.4482598602771759,-0.1692170053720474,0.4520938098430633,-0.2333208620548248,0.0534967370331287,-0.2512939572334289,0.5023176074028015,0.0249905418604612,0.3453520238399505,0.3133562207221985,0.4285598397254944,0.0775187611579895,-0.117707647383213,-0.2019536346197128,0.3702673316001892,0.1418785601854324,0.3137893378734588,0.5656222105026245,-0.0047943969257175,0.0482669658958911,-0.1866386830806732,-0.2593395709991455,-0.3541021943092346,0.2779557704925537,-0.0045330733992159,0.7600528597831726,-0.7735229134559631,-0.0309431999921798,0.1052391529083252,0.3330523669719696,-0.145843043923378,0.9523369073867798,0.8970859050750732,0.2635754644870758,0.160239428281784,0.4378549754619598,0.3983334004878998,-0.3247032165527344,-0.1075038537383079,0.3310868144035339,0.5564315915107727,-0.0966658219695091,0.2015350461006164,0.1424711048603058,0.7568235397338867,0.0272642467170953,-0.2367813438177108,0.2114190310239792,-0.2960522174835205,0.4381178021430969,-0.1655402332544326,-0.2865816056728363,0.1388946920633316,-0.6065528392791748,0.2488703578710556,0.0686032027006149,0.3074870109558105,0.1111298725008964,-0.5870758891105652,0.4450457394123077,-0.1704249233007431,-0.2904482185840606,0.4092161357402801,0.2255211770534515,-0.2218035459518432,-0.1488069295883178,0.3035394251346588,0.3374594748020172,0.0487138368189334,-1.0117935,-0.79033595,0.99240315,0.9743827,-0.9411541,-0.4996788,-1.3562204,0.86757547,0.9359104,0.033031177,0.4226335,-0.39448804,-1.4948362,1.7082167,-0.5945255,0.13934347,1.200001,-1.2407534,0.76495445,-0.3934123,0.55468786,0.43671885,0.62115526,-0.6528449,1.115575,0.44695115,1.1647551,-0.7903935,-0.18585908,-0.852804,0.009039387,-0.7589137,-0.77556217,-0.14694035,0.0263413,-1.499383,-1.0998828,1.1188586,0.4284678,-0.9493497,-0.73975265,0.47487783,-0.45645434,-0.07503442,-0.7198754,0.11417718,1.3194106,-0.17228162,0.61473197,-0.30366993,-0.86881477,-0.48043865,0.16145734,0.8792202,0.6477148,-0.45124537,1.1031785,0.72428465,0.025267879,-0.313909,0.50351936,0.59357405,-0.71273196,-0.1825623,0.76341623,0.52960575,0.13080761,-0.31865427,0.10817035,0.0991597,-2.023594,-1.4802011,-0.27421752,0.86770993,-1.5637116,0.9264547,0.2435689,-0.54510385,0.2948793,0.16738,-0.062087186,-0.40313786,-1.4137981,1.3815823,-0.92272985,-0.7912183,-0.47081113,0.07686883,-1.1617395,-0.4453269,-0.24500151,-1.6618643,-1.0770566,-1.4648292,1.13804,-0.32609886,-0.69952416,-0.92891407,-1.2769934,-0.07446346,0.39169005,1.0709883,0.32939577,-0.41592377,-1.0609041,-0.4911707,-0.29648688,-0.006950104,-0.5866895,0.76239586,-0.013929349,0.48217043,0.63225317,1.5357883,1.0566316,1.0670615,-0.8930176,-0.9265491,-0.7356137,0.13065147,1.1287171,0.26308852,-0.56836987,0.39460772,0.1599953,1.0324069,0.031795863,-0.8771464,0.034881406,-0.18489435,0.46492973,-0.031282965,2.1456406,0.68366176,-1.1098337,-0.6050973,-0.1861453,0.3635532,0.50533855,-1.3108836,-0.66239554,0.22539572,-0.0909208,-0.20655704,0.39880806,-0.8275614,-0.14989726,0.66130424,1.2425004,0.3623455,-0.2652318,-0.19043374,-1.0963446,0.22960517,1.0711445,-0.13140592,0.014450443,-0.09547515,-1.2001415,1.325979,-0.22383566,1.0621065,-0.9467006,0.16766754,-0.21869878,0.7696995,-0.62341595,0.4823459,-0.6535929,-2.2301145,-0.6964338,-0.26758462,0.16650085,-0.45066875,0.59803665,-0.08781044,0.53435063,0.26485962,-1.0981109,-0.09986126,0.88176,0.8773407,0.5595293,1.3939881,-0.03295538,0.74144983,0.7887703,0.74279577,0.3664611,0.26936203,1.1428125,-0.72057116,0.9105015,0.9443372,1.0141871,2.743266,0.6728097,-1.4606386,-1.1727479,1.1297437,-2.0977485,-0.36511582,0.7876049,-0.8759363,0.8724405,-1.2176063,-0.9495764,1.8554224,0.45973167,-0.13590923,-1.1363032,-1.3378823,0.89291346,1.1209135,-0.94859254,0.48095727,-0.81299037,-0.34318644,-0.7122663,-0.60672224,0.8261479,0.7745886,0.48986855,1.5151391,-0.8439916,0.5926479,-0.042214252,0.3509783,0.030984556,0.536936,-1.2222047,0.64099324,0.77827466,-0.19637778,-0.48758346,0.6547209,-0.4356204,0.7127218,-0.5014883,0.7281434,0.59271353,-0.32023215,0.39401168,0.021536918,0.48183012,0.77455133,1.5746963,0.2398936,-1.4377342,-0.12063925,0.22177109,0.8260678,0.17910461,0.096827134,0.5322271,0.5397514,-0.12155811,0.28268313,-0.58287823,-0.40635258,-0.2806858,0.4858036,0.3898793,0.6214317,0.15120159,-0.67050254,-0.44345778,0.19352065,0.25033224,-1.2538892,-1.4252018,-0.77263016,-1.1164085,0.19983797,0.20315662,0.4254737,-1.2895648,-0.28279954,-0.8650985,0.1349828,0.58747184,-1.5603844,-0.87755287,-0.1789327,-0.48638105,0.7075769,-0.4190379,-0.13844186,0.37360352,0.23289964,-1.6738217,0.83048695,0.5740426,0.6137755,1.5859363,0.28221983,1.2064623,-0.81884813,0.40331417,-1.1375,0.5258111,0.5400546,-1.6344855,0.4940111,-0.26849726,-0.7932557,0.36914545,-1.4918734,-0.53833944,-0.52787447,0.4247416,-0.2435513,-1.055565,1.9224987,-2.012717,1.0846523,-1.9976904,-0.82178605,-0.4127152,-0.8651953,-1.3335726,0.72654927,1.0802238,-0.17818947,0.49059644,-0.08424965,0.050780065,0.12841411,0.26238325,1.4123256,-0.7174116,0.687539,-1.1810384,-1.3186339,-0.019064257,0.23614554,-0.82680446,-1.3348106,-1.6010262,-0.59649765,0.4827961,-0.66015893,-0.23794289,1.1337217,-0.061892234,0.96417296,-0.8081223,0.07959447,-0.26291975,-0.8763784,1.8344622,0.18848136,1.3818063,-0.97190505,-0.7479075,0.69661033,-1.6982769,-0.19878975,-0.7301429,1.8507913,0.58983535,0.09276771,0.4883142,0.4056205,-0.2610887,-0.095657215,1.2555325,0.041386325,1.9094346,0.40363064,-0.093789846,1.2984569,0.1854693,0.7583024,-1.0107809,-0.24226527,1.478883,-0.46346122,-0.3603126,-0.27202344,-0.6346992,-0.5841551,0.2711434,0.45543328,0.12317421,-0.16656026,0.74167883,0.5217176,-0.87702,-1.1274189,-0.09597643,1.0982796,0.8276291,1.7343473,1.3989085,0.1121184,-0.6058325,-1.8292745,0.52304244,0.5648912,0.39508256,0.5379749,-1.5907788,0.10861778,0.5939185,0.04163823,-1.348213,-1.7732437,1.3804343,0.78765595,0.72289354,1.4174944,-0.6275159,-1.395691,-0.7981722,0.4539946,-0.23515205,-0.9688177,-0.8237586,0.5126852,-0.2609734,0.8547839,1.1085237,0.07501431,0.01537925,-0.084779985,0.50312907,0.27600563,-0.6458497,-0.511976,-0.017952878,0.6115334,-0.94347084,-0.74516535,1.1028185,-1.8266596,0.78117794,-0.099321164,-0.45293027,-0.1553622,-0.17218468,-0.57961893,-0.33042505,-0.10319455,-0.8387392,-0.5987601,0.30409962,-0.99357605,-1.4954808,0.9662719,1.6229283,-0.5400254,0.2189847,0.43797678,0.3562892,0.8707938,-0.22785501,-0.3035149,0.6574174,-0.53401387,-0.11532076,-0.31744355,-1.0982105,-0.6074732,0.48302126,-0.76857305,-1.2245842,1.0409577,0.79544336,-1.7866551,-0.36944166,-0.16737843,-0.121977806,0.59795314,0.9644882,0.18284766,-0.063165575,-0.6313509,-0.64514786,0.2010279,0.42254362,-0.28429297,0.15821607,0.7876839,-0.25062028,0.17684734,2.0523446,0.40780982,1.3772646,1.3480555,0.33328477,-0.36338764,0.5986754,-0.12177481,-0.72154355,0.51537144,-0.97647446,-0.85172814,1.1949234,-0.26769525,-1.096527,0.17856064,0.6651568,-0.616363,0.2618969,0.30136946,1.2419469,1.1765139,0.84210855,1.9195521,-0.5144278,-0.5063497,-0.6231126,0.60751885,-0.9545447,-0.90214634,0.015072006,1.0340595,2.2430825,-0.45646304,-0.05699693,1.3241459,-0.7302903,-1.1955462,0.5320689,0.4189574,-0.12620398,-0.4025119,0.38573962,-0.7078997,0.1553876,-1.6391599,0.13550138,0.78554034,0.92667353,-0.34994432,-0.05647891,0.83065474,0.033771668,-0.708378,0.44777876,0.49017525,1.2768915,-0.08807787,-1.0735741,0.4420143,-0.41663656,-1.6304744,0.06517619,-1.0697918,-0.5944716,0.2883395,-0.34678632,-0.48291865,-0.8933032,-0.42011175,1.7385604,-0.026307005,-0.5325325,0.8035774,-1.0138108,1.2450875,-0.21433964,-0.4218389,1.0524849,0.42205125,-1.6279814,0.21002583,-1.0789325,0.49407953,-0.19109213,0.27657866,0.8850996,0.16344069,-0.95513093,1.4712924,-0.46041065,-0.4293061,-0.027813977,1.0533713,-0.34858492,0.4432149,-2.0415447,1.3477695,-1.2316709,-1.0364624,-0.03297784,0.7266237,-0.45117345,-0.3306881,-0.18483295,0.23827699,0.18606098,-0.82154596,0.87114656,1.594609,-0.75335705,-0.68004525,0.64973634,0.7801155,-0.34152445,-0.020775858,2.6016564,0.06943852,0.82636374,-1.0058291,-1.2035545,0.4400242,-0.52493733,-0.96536744,-0.1566062,-0.03847537,0.28995934,0.089062296,0.04476439,0.47819072,-0.76331913,-0.0064997436,0.4922716,-0.7946445,0.13521798,0.3789301,-0.4019138,-1.2610083,-1.3496144,0.4815291,0.63151556,-0.27423334,0.16121988,0.81964076,1.5040759,0.621915,-0.43367997,-0.61993223,0.553427,1.0349382,0.5505916,-0.97565734,-1.0533025,0.90320414,1.0821817,-0.6488864,0.53922296,-0.04737714,0.086524226,-1.4845169,1.2484677,0.23503888,-0.1816167,0.8996738,0.7725307,0.17973012,0.97986555,0.02784115,0.03299936,0.0016959369,-0.80286056,-0.12333415,-0.45207614,-0.9495098,0.24035144,-0.71045846,0.057425983,-0.38855547,0.74445975,-1.2795056,0.24619956,-0.12252231,0.31557414,0.52606875,0.07638495,-1.0204755,-0.34165803,-0.82091635,1.8670391,1.0235128,0.100593284,-1.5355074,-0.34158784,1.1242831,0.7282179,-0.42657393,0.25250593,0.38282493,-0.71293014,-0.36475083,-1.2558563,-0.07570462,0.14119108,0.84291506,-1.395164,1.2524014,-1.7957329,0.688676,-0.50217474,-1.2850572,-0.1089342,0.33815426,-0.5150417,2.2407334,1.2564566,-0.2566659,0.009179538,0.58100027,1.2389107,-0.4391622,-0.27047545,-1.7097616,0.8332591,1.2324237,0.2784265,-1.4358075,-0.08179049,0.4126075,-0.47700128,1.1564121,-0.11239086,-0.55619895,-1.3066925,-0.03830982,-0.61774284,-0.3720284,-0.69891375,-0.08329718,-1.3237956,0.6151829,-0.2839003,-0.67138094,0.45690304,-0.7972507,-0.1335074,-0.42479515,1.0681655,0.92881775,0.6801587,0.4619805,-0.33916235,-0.2896099,-0.35303456,-0.5252069,0.82047635,-0.90186405,0.2438635,0.22008023,0.88125885,1.689874,0.1242043,-0.7911847,0.4667574,0.18374889,0.34361547,0.32235515,-0.90664786,-0.43902913,0.50580037,0.30166197,1.0249208,-1.5140712,-0.39216578,0.026950443,0.6821362,-0.07163565,0.3646571,0.4472839,0.11733298,1.7859789,0.57458436,-0.3278649,-0.6385568,-1.0023216,-0.052634977,0.6650677,-0.77047986,-0.95666504,-1.4294109,0.25210795,1.7380832,0.70732,0.19962093,-0.29831427,-0.92675555,2.4853,-0.40003967,0.1366575,0.24476817,-0.83594024,1.0219824,-0.16621889,0.14482765,0.50406355,0.60615015,-0.8608173,0.6505675,1.0078517,0.7464221,-0.51058424,-0.8041806,-1.2564957,-0.3414325,-0.4420156,-0.8599682,0.12958226,0.6380626,-1.3195212,-1.2142423,2.0309362,-0.015135145,-0.63760453,-0.7871975,0.9791004,0.31678954,-0.08199178,-0.6854116,-0.5443878,1.518927,-0.022254992,1.1392999,-0.42173776,-1.078117,-0.42996207,-0.119141914,0.46984568,0.35177588,-0.35554975,1.333962,1.1781167,0.35027838,-0.37640625,0.15653384,1.3179251,-0.6069089,-0.19922817,-0.08824293,0.59247637,-0.041110866,-0.2874654,0.06645393,0.27648002,-2.6864405,-1.1355441,-0.88218004,2.1726928,-1.8623575,0.8636053,-0.2641928,-1.4480059,0.18264604,-0.5771232,0.41941404,-0.35623783,-1.381231,1.8248444,-1.0677551,-1.1769459,-0.33604565,-0.6333832,-0.48489493,-0.12565538,-0.8363339,-1.8743565,-1.0917801,-1.2727503,1.2667558,0.89078206,-0.71191484,-1.1169173,-1.249326,0.11209066,-0.12415089,1.3506767,0.764849,-0.1557558,-0.6237029,-1.0599878,-0.76475084,-0.55496895,-0.8680275,0.7844981,0.23307976,0.27075976,0.6462749,1.2038848,0.73717105,0.61169285,-1.5286465,-0.1837295,-0.36168826,0.5352067,1.0533394,0.7492862,-0.107693754,1.0717919,-0.083341196,0.8609519,0.33524653,-0.6498526,0.26707426,0.4310665,0.6558107,1.0629013,2.2298417,0.2617943,-0.58613825,-0.67979443,-0.3387016,-0.05173651,0.6786695,-1.2903919,-1.1378754,0.3858026,-0.64290434,-0.14742926,0.06244561,-1.2055076,0.11969105,0.9423715,1.2286232,0.1226444,-0.2051501,-0.1383526,-1.8226881,0.366036,1.5370241,-0.15943632,-0.48716074,0.36858433,-1.6529732,1.1302083,-0.237873,1.1246971,-0.34307027,0.760624,-0.5396805,1.1698558,-0.40612617,0.07473234,-1.0290436,-2.6233134,-0.7830461,0.23977733,0.961463,-0.3019626,0.71016186,-0.15541926,0.47256023,-0.22980666,-0.8350708,-0.4136374,1.3415339,0.7739273,-0.4171833,0.8107451,-0.14880848,-0.015234579,0.8592588,0.8611482,1.4373759,0.2399905,1.9483769,-1.2213081,0.9309257,0.8949372,0.54420865,2.3778038,0.713514,-1.2951,-1.345782,1.0383655,-3.0087721,-0.5078891,0.84497625,-1.3501059,0.8184797,-1.3681788,-1.0079478,1.5103104,0.58821714,0.7361042,-1.51843,-0.9426466,0.84508485,0.7901269,-0.3490332,-0.02952671,-0.6496908,0.5073498,-0.23818585,-0.7605194,0.1842555,0.58378613,0.60492206,1.2301433,-0.2221292,0.73795164,0.1364575,-0.4397995,0.16175345,0.70079046,-0.84800947,0.51331526,0.96653974,-0.26605144,-0.3764962,-0.23639014,-0.6473564,0.9547564,-0.48097366,0.5755884,-0.037022956,-0.29976058,-0.028256964,-0.36776954,0.21004593,0.8397077,1.3353828,0.040560625,-2.183063,-0.18648279,0.14851385,1.1258372,0.8282174,0.047212083,0.44280678,1.0276392,-1.1096594,0.45738515,-0.91659564,-0.87451696,-0.42964643,0.027866673,0.30202985,0.11870438,0.2012144,-0.902785,-0.44055086,-0.29886314,0.92301625,-1.0969831,-1.0818753,-0.5522441,-0.74416095,-0.13574459,1.248392,0.12400029,-1.2502147,-0.8345768,-0.8261673,0.49457255,0.5760338,-1.749367,-0.45801902,-0.025111735,-0.3827837,0.275078,0.18203583,-0.2919099,-0.04408287,0.42135134,-1.3148832,1.2743062,0.5778323,0.18131036,2.0499406,0.5874955,0.83792895,-0.46511954,-0.58111155,-0.6451732,0.6977339,1.2511384,-1.4125881,1.2309244,-0.22518273,-0.22390346,0.8481792,-1.1182034,-0.18860477,-1.0666482,0.3537683,-0.76470906,-1.0795908,2.512893,-2.2309554,1.0397304,-2.021892,-1.0399271,-0.42065033,-0.85667926,-1.098274,0.34336042,0.48489293,-0.3042757,0.18613732,0.20575643,0.49788386,0.47850055,-0.1284056,1.6053097,-0.3048795,0.4427144,-1.1574646,-1.2571211,0.015673166,0.28212085,-1.4346707,-0.66331106,-1.5281584,-0.7480829,-0.033792783,-0.30238116,-0.12138331,0.19999869,0.30580705,0.5085541,-0.9523484,-0.499084,0.4272278,-1.2311866,1.7901529,0.09550546,1.7373142,-1.0575966,-0.512045,0.19120361,-1.1897354,-0.16758268,-0.7596995,1.3379443,0.55166095,1.1294916,0.5248507,0.65760803,-0.55299675,0.20318632,1.2634199,0.060714222,1.9671376,0.46083164,-0.7734995,1.2358685,0.142544,1.1993905,-0.24001372,0.11459341,1.529028,-0.47431293,-1.0025103,-0.34031215,0.45404562,-0.37806103,-0.14917174,0.5207516,0.6460966,0.0006732776,0.6810906,0.59892046,-0.29781932,-0.96995604,-0.9023423,0.71667445,1.7757164,1.2342123,1.5516139,-0.661306,-1.1277124,-2.0058906,0.12481506,0.7538227,0.24806523,0.7796761,-1.4273611,0.5685318,0.9322947,0.015446162,-1.0989279,-1.3587475,1.4767803,0.16543463,0.54955405,1.941096,-1.0333314,-1.444866,-0.52700675,0.13281703,-0.45352817,-0.9772264,-0.8147197,0.29375166,-0.37456685,1.3460305,1.2776101,0.6377807,-0.5463892,-0.28643236,0.49820948,0.34853646,-0.55468214,-0.17989156,-0.021238089,0.22663729,-1.625438,-0.8145752,0.69523674,-2.1533546,1.020403,-0.18313149,0.026199054,-0.25872993,-0.5173082,-0.7815653,0.55812204,0.066557944,-1.0338638,-0.33658537,1.1435168,-1.8878939,-1.1340109,1.0521667,0.8092356,-0.43157807,0.59410065,0.12595055,-0.09455676,0.7942379,-0.0021626889,-1.0221411,0.53979117,-0.48584205,-0.08448561,-0.4468337,-1.463083,-0.07335038,0.4858633,-1.1451976,-1.1421016,1.2775687,0.67198,-1.0280559,-0.77243984,0.1611622,-0.27692306,1.0135908,0.4331646,0.17778134,-0.458069,-0.8351919,-0.54241,-0.04069855,0.7382957,-0.111164644,-0.15933721,0.22364727,-0.3493275,0.5833508,1.8083916,0.18977916,1.9084142,0.8989972,0.056054167,-0.024499942,0.95382595,-0.037357472,-0.3972507,0.98993874,-1.016321,-0.7534711,1.8696814,-0.447548,-0.89213073,-0.3379252,0.8476814,-0.9992879,-0.58341014,-0.26700136,0.8591151,1.4424694,0.7800683,1.7298777,0.25558314,-0.07992117,-0.6932114,0.6346222,-0.98049164,-0.88139135,-0.7958033,0.27151936,2.0411675,-0.6304588,0.4380753,0.7621611,-1.0604539,-0.9888979,0.5087733,-0.016084671,-0.28581342,-0.34675723,0.4439107,-1.4943591,0.14495511,-1.8058827,-0.28276402,0.96853113,1.3003441,-0.079027005,-0.07308315,0.88688815,0.11811314,-1.1274369,-0.39177352,0.9810988,1.4036572,-0.5268668,-1.1600704,0.76351625,-0.43343934,-1.3508766,-0.39363426,-1.1837432,-1.1988845,0.3592339,-0.76435804,-0.10298189,-0.07747052,-0.6152693,1.302017,0.25968271,-0.17970152,0.51708686,-0.8545411,2.1216955,0.47251263,-0.1832155,1.5437181,-0.10942771,-1.7732847,1.0672187,-1.0448588,1.1790464,-0.34328064,0.83942807,1.2937815,0.8481432,-0.4994448,1.3740926,-0.65424025,-0.15523319,-0.60231614,0.43633175,0.061744582,0.9007734,-1.5266275,1.1828896,-1.4997036,-0.6099205,0.058424603,0.6751301,0.11350207,0.16927443,-0.48871034,0.69997233,0.8680003,-0.9982934,0.2407529,0.9814871,-0.5043716,-0.87981033,0.3641281,0.31214672,-0.61995876,0.085810736,2.1736944,0.49656957,0.6677739,-1.1331104,-0.732135,0.6305808,-0.48411998,-1.4707164,-0.49082917,-0.5860963,0.093584314,0.087705836,0.0015801669,0.85525113,-0.14209731,0.6100372,0.6176924,-0.75552666,-0.57991683,-0.17845456,-0.5958611,-1.1091646,-1.6259121,-0.16201818,0.5643976,-0.7163211,0.7177327,0.8217432,1.5447851,0.4559082,0.107057914,-0.65148234,0.2950458,0.69853455,0.50361764,-0.79727256,-1.1235203,0.46059743,0.64413375,-0.55107224,0.01166985,-0.07378997,-0.5130322,-1.5538985,1.2245703,0.24577315,0.01183672,0.6650756,0.754766,0.10832079,0.72389966,0.16238603,0.09674203,-0.42547774,-1.1713064,0.028077353,-0.27435127,-1.1469522,0.3949683,-1.0338838,0.30446464,-0.5645031,0.2525061,-1.6526318,0.58942163,-0.31653515,0.7279005,0.15099426,0.13556735,-1.1871372,-0.18283626,-0.502242,1.3275865,1.7037499,0.02112691,-0.53939545,0.3686253,1.3528867,0.6649803,-0.29527974,0.18975718,0.10512209,-0.40343943,-0.8277537,-1.2753861,-0.7130687,0.42882046,0.396622,-0.8590822,1.9660981,-1.8285818,0.89526546,-0.69021106,-0.97367316,-0.2996916,0.059364706,-0.6363654,2.2440348,1.4296342,-0.3712165,0.5992689,0.9191145,1.3117487,-0.48897552,0.10490171,-1.7616695,0.5908569,1.1722715,0.6781012,-1.6296101,-0.23742361,1.1394722,-0.3300874,1.040978,0.19441745,-0.25090474,-0.43177906,-0.3096894,-0.41500783,-0.3121032,-0.047190774,0.12950222,-1.2704762,0.57669955,-0.15702632,-1.170689,0.09231677,-0.4625492,0.3538058,-0.67900085,0.9310899,0.7332539,0.48021775,0.47852406,-0.4415465,-0.11083014,-0.7296331,-0.64908504,0.4460197,-1.2020208,1.1267128,0.6737518,1.2430723,1.7436714,-0.100990534,-0.83118075,0.27769476,-0.50053847,0.6286403,0.12903789,-0.7843155,-0.79764426,0.4033699,0.7531748,0.1077492,-1.5193851,-0.908069,-0.15696554,0.27583566,-0.31909317,0.44616738,0.08269809,0.38721395,2.2063096,1.4974498,0.20375934,0.0
、,0.6195648908615112,0.3489904701709747,1.0567883253097534,-0.4765182733535766,-0.5891979932785034,-0.1809852719306945,0.0059980759397149,0.3481148183345794,-0.8365700244903564,-0.6619139313697815,-0.2249849289655685,-0.709401547908783,-0.0504682175815105,-0.4271685481071472,0.7363948225975037,0.4460712671279907,-0.5139725804328918,0.4701919853687286,0.1286108493804931,-0.3889336884021759,-0.8025297522544861,-0.7192121744155884,-0.5512325763702393,0.1941795796155929,-0.4240441024303436,-0.9229090809822084,-0.5777475237846375,-0.2258715033531189,0.0061606224626302,0.1903616487979889,0.2632638216018677,-0.4594249129295349,-0.3370295763015747,0.3261558711528778,-0.7294156551361084,0.6906647086143494,0.1098550781607627,0.2041232734918594,0.4162230789661407,-0.5478252172470093,-0.3630021214485168,0.5252999663352966,-0.6012375354766846,-0.5337058305740356,-0.1171065792441368,0.041893757879734,-0.1703510880470276,-0.031400877982378,-0.1483786702156067,-0.3944182395935058,-0.7106783986091614,0.7770763635635376,0.3953070640563965,0.1971932351589203,0.425059050321579,0.3488447666168213,1.0091537237167358,0.0231695063412189,0.0251429192721843,-0.2772858142852783,-0.7284931540489197,0.1356604993343353,0.3728354871273041,0.1996486485004425,-0.592863142490387,0.3532702028751373,-0.1977674067020416,0.5270116329193115,0.4377854466438293,-0.1567492187023162,0.5720683932304382,0.3822307288646698,0.2298650741577148,-0.3820671439170837,0.2723013460636139,-1.026605486869812,0.4222369492053985,-0.3067958056926727,0.2783031761646271,0.1548672318458557,-0.239579826593399,-0.1771947145462036,0.1182410269975662,-0.3522379100322723,-0.6739863157272339,-0.3207395672798157,-1.280389428138733,-0.1314788162708282,0.1092400550842285,0.1847828775644302,0.0771256908774375,-0.437089592218399,0.370442658662796,-0.3064039647579193,1.0832984447479248,0.4152913391590118,0.3117563426494598,-0.1497225910425186,0.3455894887447357,0.2241485565900802,-1.3417664766311646,0.5552119016647339,-0.0222490578889846,-0.8507680296897888,-0.5020774602890015,-0.1633059084415435,-0.2702930569648742,0.9135725498199464,0.5686036944389343,0.4233021438121795,0.0308378841727972,-0.2613431215286255,-0.8987371921539307,0.1841257512569427,-0.0797238424420356,0.4295142292976379,-0.5939999222755432,-0.1568807661533355,0.0380602180957794,0.1479811817407608,0.2256724238395691,0.58320552110672,-0.4946492314338684,-0.1372482478618621,0.271740585565567,0.1917717903852462,0.1432688981294632,0.3522486984729767,0.2582482099533081,-0.6036713719367981,0.3547253906726837,-0.6765661239624023,-0.4382753372192383,0.0448752231895923,-0.6328389644622803,0.965863823890686,0.2955978512763977,-0.4536164700984955,0.0455907583236694,0.1167070865631103,-0.4535581469535827,-0.1906919628381729,0.8190338611602783,-0.4693425297737121,-0.1263845413923263,0.4840159714221954,-0.3180535137653351,-0.3546625971794128,0.4179584980010986,0.3845674991607666,-0.1171512454748153,1.1854907274246216,-0.5989495515823364,0.4140498638153076,0.3314343392848968,0.4171215295791626,0.197724312543869,0.2486430704593658,0.3477166593074798,0.0276961978524923,0.411643385887146,0.0632825419306755,0.118790403008461,1.0481526851654053,0.6594823598861694,-0.0155564593151211,0.6942266225814819,-0.1477566659450531,0.1065890714526176,0.9082752466201782,0.5210177898406982,0.6927188038825989,0.2869593799114227,-0.080572210252285,-0.143041580915451,0.5369226336479187,1.0504631996154783,0.4520522058010101,-0.3815566003322601,-1.0843147039413452,0.4242238998413086,0.4428893625736236,0.7727795243263245,-0.11271483451128,0.5963641405105591,-0.5336257219314575,-0.4145865440368652,-0.0930271968245506,0.4222430884838104,0.1927646398544311,-0.4035003781318664,-0.4110448360443115,0.1082634553313255,-0.0029858634807169,0.0524127073585987,0.166703388094902,0.1684794872999191,0.3491660058498382,-0.12071093916893,0.3308565616607666,0.5550510287284851,-0.018241224810481,-0.1458954364061355,-0.93206387758255,-1.468620777130127,-0.5858704447746277,-0.053965974599123,0.1871979236602783,0.1993109285831451,0.6862973570823669,-0.7204278707504272,-0.1594906896352768,0.1600438356399536,-0.4500786960124969,0.8950967788696289,0.483115404844284,-0.3662504553794861,-0.1398576647043228,-0.0772723108530044,-0.0402719527482986,0.1948870122432708,-0.6461538076400757,0.3496512472629547,0.1929983347654342,-0.292580246925354,0.8708901405334473,0.5928434133529663,-0.952753245830536,-0.5800488591194153,0.2994386255741119,-0.7095662951469421,-0.3877021372318268,-0.1414899677038192,-0.1187630221247673,-0.226882517337799,-0.9625067114830016,-0.6216272711753845,0.1769756227731704,-0.3720604479312897,0.6183730959892273,-0.2944242060184479,-0.2436751723289489,0.3913763761520386,0.3015227615833282,0.3717937469482422,0.2275534719228744,-0.1137370243668556,-0.4073820412158966,-0.9319515228271484,-0.1594752222299575,-0.6824278235435486,-0.4467746615409851,-0.298469603061676,0.5496417880058289,0.4088552594184875,-0.3417203724384308,0.3422651588916778,-0.8266787528991699,-0.2169264554977417,-0.944948673248291,0.300152450799942,-0.2175954282283783,0.4510443806648254,0.2433313578367233,-0.5626786351203918,0.1603416502475738,0.3203263878822326,-0.2135343700647354,-0.4064880609512329,-0.1030912548303604,0.1624127775430679,0.153968408703804,0.3976919949054718,-0.4147221446037292,-0.0498390197753906,0.1031231135129928,0.6804152131080627,1.0598911046981812,-0.1469211876392364,-0.6755654811859131,-0.4156228601932525,0.7218894958496094,-0.8200952410697937,-0.5111777186393738,0.0852808803319931,1.0379979610443115,-0.4341500699520111,-0.0093580558896064,-0.0931151360273361,-0.2131607830524444,0.1918867975473404,-0.6069152355194092,0.0588084161281585,0.1086339578032493,-1.049772024154663,-0.0527109093964099,0.4001291394233703,0.2348199486732483,0.3815994262695312,-0.1056061089038848,0.2873418629169464,-0.2647623121738434,0.0589905194938182,0.1709464490413665,-0.1004977151751518,-0.5174713134765625,-0.1428467333316803,0.6444472670555115,0.2665767967700958,-0.8470263481140137,-0.1114944517612457,0.6196324229240417,-1.261491298675537,-0.3067860305309295,0.4951604306697845,0.4625239670276642,-0.806296706199646,0.3060609698295593,0.7664307355880737,0.5978373289108276,-0.3235744833946228,-0.4803456664085388,0.4361900687217712,0.680817723274231,-0.3462209403514862,-0.766511082649231,0.4465742707252502,0.1413706839084625,-0.1029802933335304,-0.540488064289093,-0.4225925207138061,0.2654396593570709,-0.0956962928175926,-0.2448957860469818,-0.4192146956920624,-0.1646664142608642,-0.3066335022449493,-0.1862993538379669,0.2451054602861404,-0.0318525545299053,-0.0467939153313636,0.695682168006897,-0.4298053383827209,0.2943534851074219,-0.7330169677734375,-0.4372770488262176,0.266561895608902,1.275129795074463,0.4799474477767944,0.6537413001060486,-0.7526010274887085,-0.1445199996232986,0.5737951993942261,-0.2828126549720764,0.7841343879699707,-0.7082526087760925,0.3595519959926605,-0.2249900996685028,0.4486998617649078,0.1162942722439765,-0.312129944562912,0.2356796860694885,-0.7608378529548645,-0.673935055732727,0.2672902941703796,-0.0121579803526401,0.5657185316085815,0.1676893681287765,0.0501080378890037,1.1467639207839966,0.0960680320858955,0.2769872546195984,-0.271636962890625,-1.2229118347167969,-0.2898721396923065,-0.818493664264679,-0.0662508532404899,-0.1926941573619842,-0.1408600509166717,0.6379884481430054,-0.5304189920425415,0.1868663430213928,-0.1202046424150466,-0.4112637639045715,0.2442872375249862,-0.3000135421752929,-0.6347482204437256,0.0767916440963745,-0.0052538914605975,-0.5005415678024292,0.9109095931053162,-0.0007811538525857,0.5739177465438843,-0.3620568215847015,-0.639089047908783,0.5519065260887146,-0.296102374792099,0.0041193105280399,-0.0016299751587212,0.1267074197530746,-0.2287810444831848,-0.2666354477405548,-0.1437699347734451,0.0704218074679374,-1.0117563009262085,0.5357574224472046,-0.4320216178894043,0.0675554797053337,-0.0848605036735534,-0.2459176182746887,-0.7839255928993225,-0.2140903323888778,0.0649926662445068,-0.1526171118021011,0.1472381502389907,0.3655463755130768,0.192785158753395,-0.4598661065101623,0.4447408616542816,0.5818700790405273,0.773893415927887,-0.2916417717933655,0.6764229536056519,-0.2633430957794189,0.1170301362872123,0.3807166218757629,-0.636992871761322,-0.5004210472106934,0.4088150560855865,0.2970898449420929,-0.4510889947414398,-0.2047666013240814,-0.3112285435199737,1.1695051193237305,-0.2776446640491485,-0.454189658164978,0.902678370475769,-0.3502555191516876,0.3743431270122528,1.0348628759384155,0.7548885345458984,-0.3306185603141784,0.8137053847312927,0.2189303785562515,0.4164632558822632,0.0481533221900463,-0.4062684178352356,-0.2302813231945037,0.8682974576950073,-0.0690934285521507,0.0666430816054344,0.7246530055999756,0.2387608587741851,0.2063861191272735,0.304114431142807,-0.0526445172727108,0.0919842198491096,0.3205940127372741,-0.1039949804544448,-0.344978004693985,-0.0909045413136482,-0.1859214305877685,-0.3086766302585602,-0.1104165613651275,-0.4009558856487274,0.3755174279212951,1.0586365461349487,-0.69407057762146,0.3782074749469757,-0.9081338047981262,-0.5527552962303162,-0.1388085484504699,-0.1920015960931778,0.0875670760869979,-0.8221295475959778,-0.3547230660915375,0.0455889664590358,0.100279651582241,-0.4144933223724365,0.1088500693440437,0.3550724685192108,-0.2159822881221771,-0.3159510493278503,-0.813616156578064,0.1168316379189491,0.7964914441108704,-0.5838242173194885,-0.3934233486652374,0.060257464647293,0.1438681185245514,0.7519621849060059,-0.8378763198852539,-0.4993960857391357,-0.388970673084259,-0.1639347821474075,-0.7298585176467896,-0.0774035155773162,0.1874646097421646,-0.6804988384246826,0.2744324803352356,0.0274815335869789,-0.2773340940475464,-0.6969039440155029,-0.2621581554412842,-0.1018723174929618,-0.5727987289428711,0.2523036897182464,0.1731978803873062,-0.2328196913003921,0.108727253973484,-0.1145984902977943,0.3019725382328033,0.7329968214035034,-0.3828904032707214,0.8873105049133301,0.0118421558290719,0.352819412946701,-0.810456395149231,0.5460114479064941,-0.7754442095756531,0.2387319207191467,-0.7294042706489563,-0.6843485832214355,-0.7158702611923218,-0.5920957326889038,-0.4448314309120178,0.6941059827804565,1.415650486946106,0.5825144052505493,-0.6701879501342773,0.2146046459674835,-0.1199929490685463,-0.4598611295223236,-0.5141260623931885,0.0787957608699798,0.0287131275981664,-1.562509536743164,-0.1510507017374038,0.1109620109200477,-0.5994253754615784,1.3839061260223389,-0.1814644634723663,-0.5518447160720825,-0.2039219886064529,0.4202861785888672,0.3994800150394439,-0.4896880388259887,0.0579875633120536,0.6398654580116272,0.2553820610046386,0.8101413249969482,-0.274228572845459,0.0906463786959648,0.1436778157949447,0.1233146637678146,0.0946904346346855,0.4151434302330017,0.4983032047748565,0.0801388993859291,0.8776180744171143,-0.6998874545097351,-0.6978878974914551,-0.6231597661972046,0.3570880591869354,0.1529397666454315,0.689155638217926,0.2196631878614425,0.7957811951637268,0.6500939130783081,-0.1513335853815078,0.0573428571224212,0.8899685144424438,-0.0597225539386272,1.2249330282211304,-0.5518271327018738,0.1374015361070633,-0.7722051739692688,-0.0206141173839569,0.9322041273117064,0.7353374361991882,-0.0895386338233947,-0.1536366045475006,-0.030578788369894,-0.5362865924835205,0.6016854047775269,0.3558008670806885,-0.1032327115535736,0.3825442492961883,0.2989633977413177,-0.4406847059726715,1.0371015071868896,-0.0341293402016162,0.2658805251121521,-0.6539269685745239,-0.0679441913962364,0.7289755940437317,0.4150844812393188,0.0939821302890777,0.7793418169021606,-0.2908057868480682,-0.6848353743553162,-0.1627069562673568,0.4638008773326874,-0.5895224809646606,0.6393943428993225,-0.0029510802123695,-0.5359312891960144,0.7100718021392822,0.655490517616272,0.3547017872333526,0.3587740361690521,-0.5897667407989502,0.1178450062870979,-0.1086761206388473,-0.1629100739955902,0.3958805501461029,0.2954218983650207,0.4053311049938202,0.0414086431264877,-0.8010706305503845,0.4483011364936828,1.3589962720870972,-0.0052117416635155,-0.092074379324913,0.3095720112323761,0.0476359650492668,-0.3680016994476318,0.1139998286962509,0.3104340732097626,-0.2435269206762313,0.2289800196886062,-0.2655230164527893,-0.3084410727024078,-0.1917210221290588,-0.1111677139997482,0.836298406124115,0.1016987338662147,-0.1079253777861595,-0.1257338672876358,-0.0497482158243656,-0.7834899425506592,-0.0943723171949386,-1.2535018920898438,-0.8204447031021118,-0.0228514838963747,0.079421080648899,0.1268144994974136,-0.0876045674085617,-1.0506716966629028,-0.3635828495025635,-0.3436509370803833,-0.780060350894928,-0.2888449728488922,0.2456021755933761,0.4450479447841644,-0.0233513191342353,-0.6451221704483032,-0.3198616802692413,0.4667545855045318,0.4408571124076843,0.2822818756103515,0.2906259596347809,-0.4739277958869934,-0.2051218152046203,-0.0680044218897819,0.5647624731063843,-0.0696877837181091,-0.4178608059883117,-9.239850997924805,0.4858905375003814,-0.6960218548774719,-0.0361793711781501,-0.2908546030521393,0.1097744330763816,0.7458534836769104,0.9021535515785216,-0.8397974967956543,0.8337070345878601,-0.4177514016628265,0.3903300762176513,0.6950947642326355,0.6229278445243835,-0.6647345423698425,0.0440518483519554,0.3326362371444702,-0.1166946589946746,0.6179511547088623,-0.1337971836328506,-0.4723475575447082,-0.8308966755867004,0.333613246679306,-0.35804483294487,-0.5387967228889465,0.3511967658996582,0.7182985544204712,0.211320474743843,-0.3411101400852203,0.7431811690330505,-0.708786129951477,0.2283969521522522,-0.0462522357702255,-0.4464648962020874,-0.3448687195777893,0.6354577541351318,0.4750964045524597,0.5005751252174377,-0.6288119554519653,-0.0984638035297393,-0.2708901166915893,0.7006009221076965,0.0804221704602241,0.0824451893568039,-0.1221666112542152,-0.0991153195500373,-0.1915300339460373,-0.0420115441083908,0.9884529113769532,-0.290996104478836,-0.0704822018742561,-0.7775848507881165,0.459912896156311,-0.9610315561294556,-0.3412564992904663,0.0553800277411937,-0.5966173410415649,-0.8167950510978699,-0.3448605835437774,0.1789460480213165,0.4906902015209198,0.3579187393188476,0.6264480352401733,0.1931654512882232,0.0191162060946226,0.154929056763649,0.4830325841903686,0.4936136901378631,-0.3643776178359985,-0.4921980798244476,-0.0711397528648376,0.0291632562875747,-0.4733636081218719,-0.1612384468317031,-0.1430217027664184,0.0011700104223564,-0.6814314723014832,-0.2017345577478408,0.7151430249214172,-0.0283666495233774,1.094463586807251,-0.1716654151678085,0.0287442691624164,-0.3106435239315033,0.1182713881134986,0.03754448518157,0.8500673770904541,0.6016170382499695,-0.007225947920233,-0.7786552309989929,0.437221348285675,0.5968304872512817,0.606789231300354,0.6270705461502075,0.1220488622784614,0.0347596146166324,0.8286532759666443,-0.122065931558609,0.8150589466094971,0.1964781284332275,-0.5181175,0.08580661,0.9528893,0.47429106,-1.5481517,-0.5484075,-1.123914,0.59158003,0.9771802,0.59112185,1.0560983,-1.0284036,-1.1611701,2.0147166,-0.5932393,0.24299945,1.0225046,-1.5509771,0.85096335,0.5737322,0.2654189,1.3286214,0.6127876,-0.91203964,1.3682818,0.1568932,1.2153552,-0.38706216,-0.14507896,-1.3042026,0.5575185,-0.8841015,-1.9546018,-0.18986489,0.22770539,-0.8999518,-1.6354271,0.9138306,-0.20527743,-0.57461196,-0.92848253,0.6165306,0.6912627,-0.82664865,-0.27368712,-0.20764467,1.9703877,-0.7401857,1.6526802,-0.35208035,-1.0813435,-0.62807477,0.10110757,1.1454728,0.48575154,-0.254083,1.5994021,0.95629966,-0.19590786,-0.30135605,0.22545838,0.33440176,-0.7644096,-0.67650086,-0.31951502,0.6092123,0.16072042,0.22695294,0.3135668,0.15000442,-1.8632478,-1.8975327,-0.77156216,1.0886139,-1.32624,0.60182786,0.11861336,-0.6261365,0.37888354,-0.3129354,-0.16414085,-1.0811427,-0.93428767,1.4611719,-1.3448081,-0.9892708,-0.4338961,-0.42132452,-1.2619252,-0.16350377,-0.5456033,-1.580234,-1.0881946,-1.5134304,1.7510654,0.41848087,-1.242074,-1.1737103,-1.3760707,-0.21063909,0.55516595,1.315366,0.51578146,-0.80481374,-1.1009579,-0.45588133,-0.20200764,-0.0675531,-0.09944885,0.83892,0.27804524,0.00074020773,0.6880553,1.6692271,0.11558314,0.8972604,-1.7222083,-0.77601576,-0.51556385,0.8169627,1.4412574,0.88020265,-0.4834007,1.0741224,-0.46071178,0.6309662,0.24708846,-0.89028525,0.5120001,0.5947568,0.3860821,0.24709003,2.4789276,0.7916881,-0.17201862,-0.81091857,0.09585371,0.35439628,0.65797997,-1.0854496,-0.08767727,0.611415,-0.3763997,0.33021608,1.075363,-0.8887034,0.02854991,0.4006623,1.0867138,0.21549773,-0.28810138,-0.23429185,-1.2108778,-0.14339766,0.87256134,-0.27804604,-0.49586773,0.6277579,-0.85234106,0.9153956,-1.4686246,1.5802829,-0.948256,0.9046843,-0.1043196,0.5594014,-0.4150388,0.88758856,-1.1445129,-2.3415358,-0.771073,-0.5832581,0.39581454,-0.52417725,0.54923064,-0.062984824,0.34241602,0.808306,-1.7189392,-0.6318506,1.4593021,1.0897522,0.13736741,1.6923966,0.14930212,0.4524626,0.82459116,0.77260244,0.34428176,-0.07209353,1.9526318,-0.6423296,0.5545931,1.1898401,0.2739943,2.8235953,0.89791393,-1.3552678,-1.2646035,1.248695,-1.9520444,-0.7950419,0.5230608,-1.6633676,0.5345181,-2.136136,-0.5074923,1.5428407,-0.05664464,-0.29810178,-1.2433752,-1.2313889,1.3665984,1.2066128,-0.51047707,-0.08459827,-0.528489,-0.22196071,-0.17298935,-1.2186713,1.5953827,0.88614357,0.1856417,0.7009462,-0.4971518,0.6244639,0.12326056,0.21763635,0.0832753,0.93127924,-1.0757177,0.11383616,0.34900934,0.12059732,-0.25284198,0.37458965,0.04659502,0.50516707,-0.12817962,1.2002807,0.6375536,-0.05690285,0.23712042,0.23947397,0.5903969,1.0864043,1.6589546,-0.12503421,-2.1949155,-0.17175697,0.19047725,1.1447456,-0.24916883,0.12144157,0.009791024,1.3853071,-0.16298953,0.4917391,-0.997739,-1.1718452,-0.9011402,0.36006516,0.64388347,0.122813195,-0.4779957,-0.48001447,-0.9255253,0.7682454,0.16150942,-0.37302858,-1.3775632,-0.4512732,-0.4507541,0.4025428,0.62913007,0.59453225,-0.58575493,-0.91481316,-0.0052438676,1.2287526,0.82328063,-1.5280399,-0.12663125,-0.09612955,-1.0542233,0.28169382,0.64069945,0.26316464,0.25112882,0.21638286,-1.0318961,0.42907122,0.1325888,0.47955996,1.8842674,-0.021587607,0.45600194,-1.4787743,-0.020554945,-0.07115485,0.7701162,0.039461106,-2.0049734,1.7082384,-0.78232604,-1.0503589,1.0374782,-1.1114525,0.04617116,-0.99606645,-0.68336093,-0.024077257,-1.0491503,1.6839459,-2.226629,1.7873496,-2.2502196,-0.43561906,-1.4065377,-0.78627324,-0.31611443,-0.59285194,0.116129965,0.027438123,1.1259807,-0.09840227,0.38805154,0.22225408,-0.5521554,1.3541389,0.23998594,0.5664022,-0.8646712,-1.1223154,-0.48875046,0.653235,-1.1734287,-1.1680391,-1.5055951,-0.5443497,-0.83030933,-0.6985752,-0.76010114,1.4255795,-0.13534586,0.113052964,-1.0828487,-1.1786475,-0.05643311,-0.9835166,0.83502007,-1.085507,1.8308799,-1.0266193,-1.0293257,0.28504118,-0.9486058,0.13325772,-0.5894178,1.6427349,0.39059967,1.0962105,0.2240162,1.0240557,0.5632367,-0.4124204,1.2030187,0.51861095,1.9724703,-0.3421703,0.17325042,1.205718,-0.5427185,1.8523533,-0.8795197,-0.26757237,1.4464867,-0.53568184,0.0670333,-0.23562714,-0.22610913,-0.3270536,0.06929015,1.1953247,0.022744533,0.3575546,0.82691693,0.39626244,0.1943111,-1.020575,-0.3000857,1.217835,0.5878059,1.6857934,1.1921782,-0.5352055,-0.10001443,-1.3851815,0.07125374,0.921957,1.53093,0.4999112,-2.7565603,0.43705186,0.49670205,0.51272035,-2.619939,-1.7349288,2.0197992,0.31415316,0.44212222,1.1298465,-0.52135885,-1.5287399,-0.9503696,-0.23235032,-0.53481656,-1.2038822,-1.0244082,0.46073702,0.07216669,0.75474805,1.1127378,0.81607723,0.14973277,-0.9148968,-0.19323435,0.087874085,-0.29620576,0.4180938,-0.35057995,0.35475037,-1.0361443,-0.5146312,0.71853024,-1.7755665,1.0057002,-0.16882592,-0.09315113,-0.013435237,0.76764023,-0.97342694,0.20677668,0.12432243,-0.7614255,-0.30391672,1.1066794,-1.3969628,-0.90467495,0.61266834,1.5584664,-0.34008828,0.39248973,0.20376012,0.049689233,0.77971816,-0.37562814,-0.40987504,0.12506264,-0.65490437,0.04174885,-0.31743073,-1.0373433,-0.19006294,0.28026134,-1.0335448,-1.8439132,0.5201254,0.23757981,-1.342266,-0.49786863,-0.20638202,0.02184768,0.542153,0.99842846,-0.17129675,-0.4128163,-1.3865505,0.69261503,-0.35916418,-0.6819843,-0.118105814,0.45153245,0.24930087,-1.2460246,0.61445487,1.9515336,0.55066246,2.0639834,1.6084346,0.2869411,0.16046365,0.7429361,0.31835884,-0.27190816,0.2698708,-1.0010899,-0.5408783,0.87094915,0.37227878,-0.64459103,0.15843935,0.98968565,-0.6366433,-0.86091137,0.3245124,0.54902977,1.2195785,1.2825028,1.8623006,-0.09069286,-0.30426037,-0.62477404,1.0293396,-1.7418549,-0.70991755,-1.0946108,0.87583506,1.421574,-0.4485132,0.31162608,0.95749444,-0.8681093,-1.2047294,0.0039569866,0.34202373,0.24121745,-0.7267119,0.40337718,-0.8830083,0.1781001,-2.098214,-0.01669487,0.97574735,1.535888,-0.22588697,-0.024370335,0.46192646,0.5757278,-0.96468776,-0.22403952,0.4188345,2.5401814,-0.31414527,-0.52169937,0.76150525,0.4124324,-1.7831141,-0.097147375,-1.5471756,-0.8826798,0.11104048,-0.31825274,-0.30399665,-0.3079522,-0.7670109,1.8790269,0.21582945,-0.5864174,1.1993374,-1.3309677,0.6339284,-0.26387888,-0.27408522,1.9247715,0.43087545,-1.0681111,0.437432,-2.2859883,1.945889,-0.39081866,0.78314793,1.476825,0.2997375,-0.527387,1.2615741,-1.0689052,-0.7487445,-1.1350121,0.65026087,-1.1125376,0.31098682,-2.2295117,1.6813624,-1.0986855,-0.7589725,0.13681354,0.58413696,-1.0135493,0.7122396,-0.17170914,0.14067702,-0.101172134,-0.95054865,0.75361747,1.4827466,0.023218319,-1.1019653,0.42275935,0.7800821,-0.5721599,-0.09224138,2.4796324,0.59877676,-0.1279935,-1.2704928,-1.5058153,0.7218553,0.18123966,-1.3296291,-0.49892762,0.034383934,0.14228687,-0.03481917,-0.36051065,1.1209692,-0.57040584,0.72864854,0.7559874,-0.92971194,-0.26464993,-0.07068695,-0.9545804,-0.9440475,-1.5890825,0.013197146,0.035323925,-1.0360647,0.6948608,1.3483832,1.7689993,0.5903518,-0.277381,-0.9613868,0.98955286,0.43619445,0.2700221,-1.856839,-1.1966228,0.4482801,0.96530724,-0.5700606,0.59274244,0.34895855,0.30992305,-1.8950596,1.2821794,-0.14760853,-0.5989007,1.3345232,-0.11163784,0.07295905,0.4955093,0.44543684,0.25265512,0.6439339,-1.0381788,-0.36739424,0.41706553,-1.243017,0.38958475,0.40659574,0.33913425,-0.039907396,0.33016345,-1.30027,0.8683903,0.5446092,-0.0136831775,1.0423685,0.50371057,-1.5697186,-1.0635978,0.14370242,1.0315826,1.5027416,-0.063916884,0.007542208,-0.6034004,1.45599,0.3460656,0.1611946,0.14848498,0.44529477,0.19663367,-0.03556015,-0.68638706,-0.34394485,0.06984648,-0.17915002,-1.1537349,1.5510576,-1.942349,0.93627095,-0.6329793,-1.4556525,-0.013855904,0.35852617,-0.0826503,1.7957277,1.0416362,-0.59887004,-0.40390632,0.49207512,1.2704288,-0.49700844,-0.03143975,-1.3707008,0.08530297,1.894264,1.0283954,-1.3325727,-0.46137488,0.29243723,-0.48065346,1.215676,-0.12020003,-1.1830051,-1.4398066,-0.3610989,-0.96433485,-0.10860354,-0.8177695,0.22416677,-1.451023,0.6986218,-0.45545694,-0.9816818,0.54896873,-0.4903171,0.058737367,-0.8001177,1.1321539,0.048840407,0.6703454,0.7986453,-0.4879094,-0.28040516,-0.86832297,0.0075948313,0.7658066,-0.5628369,0.97365105,0.76937234,0.33850044,1.378287,0.2795063,-1.7614114,0.6845279,-0.11615491,0.7484592,-0.8014171,-1.0459125,-0.57862455,0.14117905,0.2483478,1.7697804,-1.1837503,-0.17647661,-0.15709737,-0.08601678,-0.65347123,0.5582778,0.18844238,0.047489498,1.933472,1.1483672,0.44365942,-1.5736094,-0.97568244,0.9735489,0.84219205,-0.65914416,0.08429015,-1.3005215,0.19591233,0.8980198,-0.106245,0.389367,0.1652728,-1.0412452,2.0054066,-0.7101424,0.17598279,0.5373636,-0.6476219,0.96666276,-0.8191465,1.2560346,0.6722716,0.6426846,-0.9695877,0.93430567,0.56333566,0.33612555,-0.714205,-0.005614328,-0.22735544,-0.058136165,-0.43019223,-1.0802276,-1.4801526,-0.09879251,-0.8059393,-0.862323,0.8641386,-0.0154757025,-0.27255386,-0.6941575,0.62417793,-0.1469187,0.13113321,-1.1107591,-0.27462485,1.3652898,-0.3018077,0.9607252,-0.5327789,-0.15928572,-0.39667368,0.37071446,0.81011426,1.2638838,0.036021315,0.37910092,1.0970278,0.5967375,-0.6940381,0.9721802,0.8036561,-0.84673226,0.6530124,0.6941004,1.2352031,-0.5945767,0.21909544,-0.61423826,-0.6858162,-2.8672066,-0.5240222,0.26431653,1.1337255,-1.0867491,0.6618737,0.16870943,-0.13728102,0.05176145,-0.1245206,0.4591319,-0.03716163,-1.0985367,1.1410072,-1.0386809,-1.2961687,-0.032342494,-0.5840134,-1.0539055,-0.16609314,0.3409461,-1.5659006,-1.6896389,-1.08542,0.9567752,0.11141248,-0.8478406,-0.49015933,-0.95496005,0.1529514,-0.08968575,0.93237436,0.018874923,-0.0748286,-1.4748812,0.20314884,-0.80080193,-0.7505653,-0.71552765,1.4734881,-0.598512,1.0762075,0.39514756,1.6070541,0.719082,1.0675005,-0.6263864,-0.73510015,-0.6772479,-0.13694002,1.1657388,-0.3715917,-1.3546939,0.013500238,0.09302073,1.146462,0.43250665,-0.39973518,0.76254404,-0.40442485,0.521282,-0.29263443,1.93209,0.6132452,-1.0329865,-0.6384164,-0.72008777,0.3942655,0.40408674,-0.9797112,0.034546334,0.014240486,-0.26772588,-0.66810334,-0.28826264,-1.3507409,0.26976424,1.1098106,1.2461,0.19306138,-0.15482792,-0.11367373,-0.9725564,0.4752601,1.1342827,-0.12617142,0.24296007,0.21425727,-1.7297513,1.4082654,0.57804644,1.1844275,-1.2760167,0.35602283,0.33409163,0.4235238,-1.0783638,0.4826077,-0.8567344,-2.1483784,-0.4512906,-0.26714808,0.21223891,-0.64818925,0.52349246,-0.17576721,0.63623655,0.46743852,-1.1188762,-0.38580853,0.54688954,0.780293,-0.1421065,1.5483607,-0.6575073,0.4606846,0.6506659,0.4517603,-0.48823947,0.234097,0.7579113,-0.74115545,1.6271498,1.2041031,1.2160699,2.272388,0.60516155,-1.6024662,-1.3192253,0.121526405,-2.2247539,-0.7985857,0.34627756,-1.1095906,1.6500328,-1.204059,-0.81228554,1.358086,0.22665758,0.057763726,-1.2759559,-1.2862884,0.82768935,0.93140715,-0.84617984,-0.72401106,-0.67813003,0.059143342,-0.2800069,-0.9364883,0.64157665,0.83757764,0.41843873,2.2435768,-1.2968856,1.0183836,0.92207175,0.67765456,0.90938836,0.1459522,-0.70890474,-0.21125595,0.8525106,-0.55179626,-1.2321011,0.19686806,-0.6805226,0.6016274,-0.13589449,0.048047595,0.05782526,-0.66631836,0.21445456,-0.07549017,0.59430796,0.58612907,1.2674992,0.22384658,-0.9462919,-0.25565583,0.8772,0.785967,0.23448198,-0.093293265,1.2529274,0.73100215,-0.7504283,0.19527277,-0.26143542,0.071681455,-0.123655066,0.29345807,-0.61030835,0.9296423,0.54471785,-1.0035247,-0.6508146,0.3389859,-0.006458807,-0.5414435,-0.6102545,-0.95168704,-1.0197384,0.21568632,-0.15367238,0.24743915,-0.95556575,-0.8042401,-0.7515677,-0.109534904,0.21913147,-0.9179187,-1.0213338,0.14916602,-0.4326199,0.10354121,-0.5053028,0.11889689,0.59584814,0.8774746,-1.4614975,0.89960796,0.35238194,1.0460421,1.4755344,0.15340027,1.4415057,-0.664773,-0.034767278,-1.3148746,0.4279662,1.1560761,-1.674559,1.0819583,0.13239935,-0.67535913,1.1063417,-0.7270529,-0.96634835,-0.47867256,0.29601482,-0.48516935,-1.1394778,2.4357,-1.925945,1.283982,-1.3617208,-0.47231936,-0.96666205,-0.7645818,-1.2915941,0.9222191,0.1829237,0.6402737,0.47962648,0.028900718,-0.07654266,0.55510426,0.70161194,0.50161684,-0.6302128,1.336594,-0.9541955,-1.5974169,0.7353509,0.9119781,-0.730719,-1.461721,-1.1098931,-0.6515888,0.60923827,-0.007782805,0.16170149,0.90524197,0.35593113,0.98775846,-0.51533663,-0.41839972,0.063246444,-0.9666929,1.4092605,0.14370932,1.636947,-0.5932608,-0.5013999,0.8384684,-1.2828381,-0.087491795,-0.9681574,1.9093336,0.054606132,0.0030494542,0.3961447,0.27926576,-0.6015741,-0.25755215,0.610054,0.27628267,1.3496017,0.6039728,-0.6583322,1.5446947,0.16796745,0.33877537,0.034795176,-0.8171938,1.3965365,-0.30035704,-0.3060939,-0.15146986,-0.26317936,-0.073557734,0.2765752,-0.18750085,-0.023475384,0.13419393,1.3246315,1.33395,-1.465555,-0.87723,-0.51516306,0.6909801,1.347372,1.8671944,1.6554186,-0.004945159,-0.8371767,-2.2912333,0.1098633,0.85142374,-0.048246726,0.85683125,-1.0493541,-0.09251308,0.6880068,-0.09151292,-0.8711208,-1.842441,1.659955,0.47358426,0.13109162,1.8947201,-0.0032077967,-1.3555033,-0.39515305,0.9509489,-0.23225036,-0.8461834,-0.4906969,0.89266443,-0.87892306,0.7199141,0.65645105,0.0042060018,-0.06458326,-0.15156095,0.56378716,0.288773,-0.6366579,-0.08709368,-0.11143079,0.612654,-1.6364748,-0.7623676,0.19296181,-1.8084686,0.6154893,-0.18990937,-0.5698481,0.5501363,-0.69007516,-0.64580566,-0.94028676,-0.16792312,-1.0652184,-1.2591054,0.6499728,-0.9260246,-1.0801194,1.3922229,1.4146028,-1.3618858,0.72858214,0.20846197,-0.65321034,0.84299326,0.118597016,-0.62216765,0.5789815,-0.75906193,0.04597204,-0.1488416,-1.0112839,-0.89300793,0.21499494,-1.5346782,-1.33979,0.54674673,0.9230259,-1.7468666,-0.48002905,0.20799474,-0.42027798,0.86549586,0.31654343,-0.4009038,-0.13717094,-0.80207956,-0.31163198,-0.16964552,0.8774806,-0.26965514,0.34422594,0.67453974,0.15267348,0.089892425,1.7901516,-0.08575192,0.8772415,1.5409096,1.2857838,-0.68287325,0.91240835,0.30285734,-0.50147325,1.1143451,-1.6256578,-0.6273844,1.9890362,-0.4699501,-0.8079532,-0.96195257,0.388923,0.12920904,-0.3220381,-0.45297748,0.7922988,1.4534764,1.0674598,2.3663242,0.053041916,-0.6074573,-0.56633645,0.5371498,-0.73529035,-0.69620216,0.49975824,0.7716211,2.5733507,-0.2594161,0.2194231,0.73429364,-0.9481465,-0.9794903,0.33818847,0.3264386,-0.7146311,-0.62322766,0.7578331,-1.3507433,0.1670557,-1.9631279,-0.28401563,0.5990322,0.62603325,-0.76314104,-0.028603697,0.7972319,-0.07366018,-0.37821144,0.8434559,1.5028743,1.1620076,-0.8379469,-1.4317188,0.80825293,-0.52086556,-1.4000164,0.43570465,-0.63031113,-0.59402025,0.19495979,-0.7972703,0.25776297,-0.15742569,-0.33698973,1.5159795,0.46812296,-0.5052594,-0.29551294,-0.8146105,1.8935896,-0.5796113,-0.36794075,1.2086749,0.62188053,-1.1539555,0.80729103,-0.98635846,0.21496546,-0.6627799,0.6089774,0.6619184,0.637039,-0.40432954,1.3616897,-0.8043068,-0.30913383,0.34600902,0.86846465,-0.38498777,0.23364139,-2.0149884,0.7973064,-0.8229453,-1.1761124,-0.4064936,0.008141679,-0.5921731,0.16310373,-0.29102874,0.5090676,0.2120069,-0.927137,0.20177391,2.4162254,-0.93931735,-0.78926826,0.6044671,0.47321233,-0.8067483,0.086977765,1.8241031,0.5515379,1.2791331,-0.9874765,-0.57431996,-0.46780497,-0.23823735,-0.5791086,-0.1582394,-1.0368298,-0.43377146,0.839112,-0.04701662,0.46051878,-0.87566966,0.20714548,0.71051013,-1.1618732,-0.30769166,0.24685721,-0.40261525,-1.2494041,-1.4506186,0.6568107,1.2128738,-0.6697947,0.22354881,0.5392776,1.2889122,0.9079393,0.07777025,-0.7734376,0.35220698,1.0204842,0.5978683,-0.9450321,-1.1938789,0.6401011,1.3096992,-1.1980895,0.35026953,-0.27846193,-0.36534482,-1.5068214,1.0659263,0.5029892,-0.068072334,1.244011,0.2551033,0.24596289,0.3753676,-0.5082177,-0.13660964,-0.18233617,-0.39944273,-0.33963883,-0.33713058,-0.8484701,0.28063232,-1.1770756,0.4085943,-0.0226582,0.8299446,-1.2017386,0.236057,-0.49257773,0.3308,0.27808368,-0.2112569,-0.8918632,-0.50838965,-1.0318317,1.268844,0.5426642,-0.3487177,-1.3630674,0.5868279,1.1831509,0.24405117,-0.40856665,0.29058832,0.6680459,-0.9218036,-0.12583205,-1.6173872,-0.51168156,0.18910296,1.3507519,-0.6532322,0.71075743,-1.3884009,0.9459607,-0.04586668,-0.8971712,0.35624072,-0.32635802,-0.43046054,1.9666197,0.9479235,0.31183726,0.51724964,0.5141284,0.9397165,0.026537651,-0.2058374,-1.3655188,0.49918175,1.556286,0.36589754,-0.5479642,0.024026703,0.60336715,-0.48971215,1.3974737,-0.2536891,-0.4027875,-0.9624936,-0.15283158,-0.15559138,-0.0037285448,-0.41480106,0.2011979,-1.1029274,0.26405203,-0.8800082,-0.609998,0.2474242,-0.84581107,0.15744296,0.38058883,1.3160187,0.4628665,0.55678874,0.78374636,-0.74800736,-0.1547012,-1.1551399,-0.45538944,0.56530756,-1.048661,0.3218232,0.8330647,0.7744292,1.5198742,0.29297113,-0.5852811,-0.011060178,0.09916183,0.06714941,0.17532961,-0.3475837,-0.36734805,0.39328068,0.091078095,-0.3030921,-1.1815056,-0.151785,-0.16017048,0.77123106,0.19956693,0.6613836,-0.54046166,0.038670152,1.8463554,0.47597066,-0.23597941,0.0
テ,0.4868707358837127,0.2079494297504425,0.4883789420127868,-0.550900399684906,0.4626130163669586,0.121281012892723,0.0912269577383995,-0.1813520938158035,-0.0467244423925876,-0.4795567691326141,0.6885204911231995,-0.3099619746208191,0.0151986768469214,0.0246261153370142,0.3350607752799988,-0.3567440807819366,0.2615514695644378,-0.224953681230545,0.0896363854408264,-0.4717234373092651,-0.6567620038986206,-0.1281601190567016,-0.201838806271553,0.1762697547674179,0.0885178595781326,0.0099206529557704,-0.4736396372318268,-0.0735934898257255,-0.0685933008790016,-0.2143206894397735,-0.605719268321991,-0.3406910598278045,0.286326915025711,0.3111657202243805,-0.1167178973555564,0.2430902570486068,0.1077812016010284,-0.098121665418148,0.2638300359249115,-0.3867271542549133,0.0454277284443378,-0.02167852781713,-0.2648947536945343,-0.0970964804291725,-0.2957008183002472,0.8406780362129211,0.2340423464775085,0.3421628773212433,0.7341201901435852,-0.2025543004274368,-0.4249922037124634,0.3469067811965942,0.1500661969184875,-0.0303254034370183,0.4063856303691864,-0.1771214455366134,0.2077113091945648,-0.5447958111763,-0.2614684998989105,0.3543164134025574,-0.5532571077346802,-0.2449434846639633,0.7746521830558777,-0.0899620279669761,-0.0516972951591014,-0.342397004365921,0.0441427901387214,-0.1556743681430816,0.0106326714158058,-0.8261442184448242,-0.6571635007858276,-0.0567122437059879,-0.1262668371200561,-0.2640563547611236,1.251482605934143,-0.1538983136415481,0.1740613132715225,0.3963647186756134,0.3224512338638305,-0.1065797880291938,0.0997388288378715,0.4761493802070617,0.0683448016643524,-0.7463029026985168,0.0736038610339164,0.3169881701469421,-0.1347614079713821,-0.5592920780181885,0.3807528018951416,-0.4066742956638336,-0.5342354774475098,0.6104951500892639,0.6117584705352783,0.2628654837608337,-0.0787698924541473,-0.0027540798764675,-0.000994143076241,-0.3117029666900635,-0.4542104303836822,0.0181202944368124,-0.053630881011486,-0.1093823760747909,0.200402483344078,0.4620646834373474,0.4107337892055511,0.0381456390023231,-0.3808303475379944,0.032655082643032,0.1720614731311798,0.0905015170574188,-0.2240355759859085,-0.4512054324150085,-0.4160735011100769,0.6146683096885681,-0.2297453731298446,-0.102816954255104,-0.1949191391468048,0.0440123341977596,-0.1912465393543243,0.6322449445724487,0.210728257894516,0.2032429426908493,0.2747454941272735,-0.2248293906450271,0.1163965910673141,0.6398226618766785,0.1713525354862213,-0.3835619390010834,-0.366873949766159,0.0832146629691124,-0.1861176490783691,0.2873241007328033,-0.0894091725349426,-0.2028216868638992,-0.5224685668945312,1.0417276620864868,-0.2008852958679199,-0.0539882369339466,-0.3321657180786133,-0.4509543478488922,-0.360283225774765,-0.0357839204370975,0.1271926760673523,-0.1759262084960937,0.1487833708524704,0.0932709723711013,-0.487331360578537,-0.4072125256061554,-0.079468660056591,-0.3014562726020813,-0.1201192215085029,1.0405274629592896,-0.8401033282279968,0.0393184460699558,-0.0702311769127845,-0.0206679720431566,-0.9087058305740356,0.0924965441226959,0.3321253657341003,0.2915297448635101,0.2183434814214706,-0.81412672996521,0.1714003682136535,0.6007859706878662,-0.2182059437036514,0.4350793361663818,0.0848536789417266,0.4531989991664886,0.082535520195961,0.6636136174201965,-0.1421514749526977,0.4049449265003204,0.1521109342575073,-0.2731350064277649,0.6085896492004395,0.3035077452659607,0.2097351849079132,0.0043528163805603,0.1939515471458435,-0.5537717938423157,-0.0350065790116786,0.0048167295753955,-0.3198368549346924,-0.5149656534194946,0.3396261930465698,-0.1161999925971031,0.1428730636835098,0.1778001189231872,-0.2779326736927032,0.1015555784106254,0.1639135777950287,-0.4183435440063476,0.4518981873989105,-0.0596767701208591,-0.2373472452163696,-0.7151142954826355,-0.3101483583450317,0.1565800756216049,-0.6126844882965088,0.6996737718582153,0.1960583925247192,0.0637141391634941,-0.2737035453319549,-0.5005072355270386,-0.6061068177223206,-0.3094664514064789,0.5522167682647705,-0.0065893726423382,0.2296792119741439,0.6124159097671509,-0.2390262931585312,0.2118097096681594,0.4045111835002899,0.2100452035665512,0.2675347626209259,0.2248073518276214,0.0018500502919778,-0.0633225962519645,0.3355198502540588,-0.7833343744277954,0.4635674655437469,-0.2890464067459106,0.4364186227321625,-0.1116339713335037,0.269094169139862,0.1870846450328827,-0.0080717513337731,-0.2900806963443756,-0.044090699404478,0.508892297744751,-0.5143128037452698,-0.3169381618499756,-0.9389352202415466,0.2775562703609466,-0.7697796821594238,0.1346524953842163,-0.0469939112663269,0.5006145238876343,-0.4950182139873504,0.5215675830841064,0.2497805804014206,-0.1121799573302269,0.2993261516094208,-0.2915922999382019,-0.0916415154933929,-0.0137067204341292,-0.0765860900282859,0.0293723177164793,-0.2950349748134613,0.3774317502975464,-0.5782741904258728,-0.4878269135951996,0.5255984663963318,-0.3891220986843109,0.6915884017944336,0.5459463596343994,0.3344857692718506,-0.1865251213312149,0.437023252248764,-0.4372636079788208,0.3625898659229278,-0.3918406665325165,-0.0733695477247238,-0.0378590486943721,-0.1140413433313369,0.1915168017148971,-0.0274605024605989,-0.6746289134025574,0.1513894498348236,-0.7363781332969666,0.5484305024147034,-0.4287079274654388,-0.1917788237333297,-0.1972842365503311,-0.211388275027275,0.1662224680185318,-0.2983362078666687,0.2068521827459335,-0.3026696145534515,0.2002725452184677,-0.7448209524154663,0.0799385607242584,-0.5306863784790039,-0.0227033384144306,-0.0928113162517547,-0.2776319682598114,-0.2214412093162536,0.066002644598484,-0.2130155563354492,0.4492154419422149,0.1799887716770172,-0.0885716453194618,-0.4200237393379211,0.0934969633817672,-0.3711792528629303,-0.1364453136920929,0.3391126692295074,0.4445263743400574,-0.2260433286428451,0.2087699770927429,-0.0311610177159309,0.4582980573177337,-0.1269419640302658,-0.0319482386112213,0.1574471294879913,-0.3849587440490722,-0.2987823784351349,-0.3764740526676178,0.3070196807384491,-0.328237384557724,-0.1249945014715194,0.7787013053894043,-0.354297012090683,0.0250440724194049,0.207493707537651,0.5394543409347534,-1.3197681903839111,0.0487489700317382,-0.018678119406104,-0.2795045971870422,-0.3830400109291076,0.6313517689704895,0.0210742410272359,0.0693660303950309,-0.3499996960163116,-0.4297904372215271,1.099228858947754,0.2384929358959198,-0.2421613186597824,-0.3423108160495758,0.4468829035758972,0.1891531646251678,-0.0084758773446083,-0.6150385141372681,-0.1383856832981109,0.3683922886848449,-0.1461763083934784,0.1832056939601898,0.2646670341491699,-0.2887140214443207,-0.1536682695150375,0.5394020676612854,-0.1372655034065246,0.577667236328125,-0.1409267336130142,-0.1161870956420898,0.0201383903622627,0.9951343536376952,1.1601394414901731,0.790808379650116,-0.2944014370441437,-0.0795457363128662,0.4861855804920196,0.5656149387359619,0.6665995717048645,-0.1730534732341766,0.0565650537610054,0.0295314732939004,0.4956611394882202,0.4778467118740082,-0.2280270904302597,0.1681633740663528,0.4915581047534942,0.8236240148544312,0.3244971036911011,0.1710482537746429,0.2501628398895263,0.3326368331909179,0.0866409242153167,0.3806838095188141,0.8059060573577881,0.298864334821701,-0.3805890381336212,-0.4380350708961487,-0.359504759311676,0.0047465036623179,-0.1668532788753509,-0.2002646476030349,-0.2723799347877502,-0.0804928988218307,-0.4306133091449737,0.0921047404408454,-0.0181933417916297,-0.4223751127719879,-0.2116104662418365,-0.673562228679657,-0.4095958769321441,-0.1947224289178848,0.079605795443058,-1.0541467666625977,0.4862031936645508,0.3770010769367218,0.42972132563591,-0.4699141383171081,-0.5458283424377441,0.1056305095553398,-0.3782083690166473,-0.0783784613013267,0.0083168447017669,0.3076265454292297,-0.1923711150884628,0.0385910719633102,-0.3073025345802307,-0.1761689931154251,-0.4490758180618286,-0.0604020878672599,-0.9064345955848694,-0.4911035895347595,0.0078222183510661,0.3159095346927643,-0.1263137608766555,0.1429377198219299,0.1221012249588966,0.5545070171356201,-0.3269628584384918,0.0004388684756122,-0.6396679282188416,0.4578623175621032,0.7329128384590149,-0.1588564366102218,0.4051835536956787,0.4882889688014984,0.1835133284330368,0.36062753200531,0.032995332032442,0.3531346619129181,-0.6653755307197571,-0.1120981946587562,0.7203813791275024,-0.260905772447586,0.2898926436901092,0.0110164107754826,-0.4164025485515594,0.2027633190155029,-0.4261585474014282,-0.2665686011314392,-0.2817472219467163,0.1154417023062706,-0.1803697943687439,-0.0221825372427701,0.3615373373031616,0.6952488422393799,-0.0921077653765678,0.5078432559967041,0.0901524722576141,-0.1617416441440582,0.6478137373924255,0.3509836196899414,-0.5201947689056396,0.164731964468956,-0.0546946860849857,0.3945431709289551,0.2971109747886657,0.2715695798397064,0.6533185839653015,0.4222796559333801,-0.1568081825971603,0.2983610332012176,0.2899158298969269,0.420342355966568,-0.2567653656005859,-0.5781151056289673,-0.0652232766151428,0.0114136701449751,-0.472823828458786,-0.2424145936965942,0.361390471458435,-0.0224036015570163,0.3369963467121124,-0.0070771384052932,-0.8400317430496216,-0.6168509721755981,-0.6446452140808105,-0.0474027879536151,-0.1570484042167663,-0.0025475255679339,0.8258790373802185,-0.0861581787467002,-0.7353359460830688,0.6563680768013,0.1821232885122299,0.2819777727127075,0.44384765625,-0.1382059603929519,-0.0779041498899459,0.3110784590244293,0.243604838848114,0.0747796297073364,0.4721215069293976,0.0263671297580003,-0.2087450921535492,-0.6663817763328552,0.4957854747772217,-0.0516476221382617,0.1760611683130264,-0.2939028739929199,0.530614972114563,0.0126364398747682,-0.6596765518188477,-0.631372332572937,-0.0175144113600254,-0.102907471358776,0.0185661539435386,0.0208101850003004,-0.1216693893074989,0.0761394500732421,0.3096867501735687,0.3455348312854767,0.7779531478881836,-0.3516948819160461,0.1715013235807418,0.6859332323074341,0.6577200293540955,-0.2240976244211197,-0.0760074034333229,-0.4059945046901703,-0.3623499274253845,-0.3564415276050567,0.269671082496643,-0.1866178810596466,-0.2471917569637298,-0.4588161706924438,-1.0668716430664062,-0.5941849946975708,0.0688545107841491,-0.6164239048957825,0.3201131224632263,0.2799863517284393,0.1850476115942001,-0.290233314037323,-0.1905516535043716,-0.4886767864227295,0.3714143335819244,-0.000700740434695,0.2670102715492248,0.0769363790750503,-0.4736100137233734,0.1334388107061386,-0.7450750470161438,-0.4259662926197052,0.8520615100860596,0.7533650994300842,-0.6253885626792908,-0.1405572742223739,0.4068232178688049,-0.4351517558097839,-0.5251708030700684,-0.3288036584854126,-0.0574375465512275,0.0308558363467454,-0.0577387623488903,-0.2683954536914825,0.2904980778694153,0.1612909436225891,0.2099916934967041,-0.0457261577248573,0.4514992833137512,0.3842048645019531,0.5719150900840759,0.108089730143547,-0.1362495273351669,0.0670223534107208,-0.5864270925521851,0.4911938905715942,0.2613664269447326,0.4047932922840118,-0.3859580457210541,0.209836721420288,0.8785381317138672,-0.5356251001358032,0.4175658226013183,0.5217072367668152,0.4872502982616424,0.505094051361084,-0.5262318253517151,-0.0125313699245452,-0.8846436142921448,0.0686695277690887,0.0464947000145912,0.017620800063014,0.4847925007343292,0.0637591779232025,-0.3195553719997406,-0.5455775856971741,-0.5255492925643921,0.3507944345474243,0.4249826371669769,0.4179239571094513,-0.0877870917320251,-0.0220574438571929,0.5461474061012268,0.3953705132007599,0.089684210717678,-0.4367555975914001,0.1704565286636352,0.2641899585723877,0.7814040184020996,-0.1995824724435806,0.5438302755355835,-0.7517011761665344,-1.190768122673035,0.2655358910560608,0.0868844389915466,0.0274184700101614,0.3622595369815826,-0.4814813435077667,0.0794841274619102,0.1429188996553421,0.3315563797950744,0.0180438328534364,-0.4928358495235443,-0.8237752914428711,-0.0786128267645835,0.0957009717822074,-0.5681291818618774,0.0364212617278099,0.0151638844981789,0.91337388753891,0.4651232063770294,-0.1341239809989929,-0.2419827580451965,1.049137830734253,0.1455228477716446,0.120935209095478,-0.1442812234163284,-0.0421544015407562,0.1299348920583725,0.2267729938030243,0.1315604895353317,-0.4520497918128967,-0.333946019411087,0.2573505938053131,-0.5299175381660461,0.061383381485939,-0.2560333609580993,0.0177683308720588,0.1509685218334198,-0.0113515425473451,-0.2675824463367462,-0.3721432983875274,-0.1486816704273224,-0.1724599599838256,-0.7157665491104126,0.2660408616065979,0.0126407612115144,-0.0204727593809366,-0.3715798556804657,-0.0151869971305131,-0.5965896844863892,-0.3341116607189178,0.0075120339170098,0.5591555833816528,-0.7135568857192993,-0.6283758878707886,0.5806432366371155,-0.2137820124626159,-0.2620254158973694,-0.7189838290214539,0.1424958854913711,0.0816798731684684,0.5325878262519836,-0.2107699066400528,0.2723670303821563,-0.3993126153945923,-0.0150620993226766,0.1067553237080574,-0.1090158149600029,0.5568524599075317,-10.187359809875488,0.1711428612470626,-0.4464468657970428,-1.1386390924453735,-0.0665484443306922,0.1588861644268036,0.4510736763477325,0.338424950838089,-0.2204774916172027,-0.0847415477037429,-0.0601294562220573,0.4050852954387665,0.3033035099506378,0.322946548461914,-0.9586413502693176,-0.1252761930227279,-0.3609889447689056,-0.2083401083946228,0.0664683803915977,-0.670790433883667,-0.2609117031097412,-0.4504331052303314,0.6067798733711243,0.637122392654419,0.035034779459238,-0.3592955470085144,-0.4894201159477234,0.231084331870079,0.0089098559692502,0.2508890628814697,-0.6307515501976013,0.652456521987915,0.1432319730520248,0.4516701102256775,0.086641140282154,-0.0974258258938789,-0.2713007032871246,0.6257935166358948,-0.3700024485588074,0.342485100030899,0.2646548449993133,0.3656089305877685,-0.3202582597732544,-0.0797861963510513,0.0659766569733619,0.0707174837589263,0.5855342149734497,0.2202647626399994,0.6852136254310608,0.0700863301753997,-0.1763507574796676,0.2850565612316131,-0.2577462792396545,0.0563963055610656,-0.0028930585831403,0.073710024356842,0.8301398158073425,-0.1715298146009445,-0.2740088701248169,0.1091502457857132,0.4211184680461883,-0.0583479963243007,0.4832911193370819,0.7381985187530518,0.2021373361349105,0.0653232485055923,0.4991310834884643,0.5631673336029053,-0.6763712763786316,-0.1979986131191253,0.2104098498821258,0.2619231641292572,-0.0863594114780426,0.3745808899402618,-0.316290020942688,0.5314692258834839,0.043662205338478,-0.1058293581008911,-0.0781411826610565,0.2980992496013641,0.8347527384757996,-0.4990279078483581,0.1110679805278778,0.3549347519874573,-1.2934144735336304,0.0375192873179912,-0.0784960836172103,0.2693603634834289,0.2120212465524673,-0.7358568906784058,0.4592650830745697,-0.5310732126235962,-0.60149747133255,0.306140661239624,0.4003915786743164,-0.3961745202541351,-0.1143051609396934,0.1391668319702148,0.390625387430191,-0.202238991856575,-0.684856,0.3490068,0.6999281,0.9974351,-1.3160721,-0.5683079,-1.4938992,1.226321,0.9396105,0.7478039,0.24673267,-0.21277022,-1.5344547,1.8276964,-0.5158805,0.38077533,0.80660963,-1.4829669,0.5540464,0.05522595,0.5694178,0.85167414,0.43367198,-1.3253496,0.9842704,0.30507198,0.87261945,-0.39214024,0.090464376,-0.8282848,0.5798332,-0.39319038,-1.2693592,-0.16093756,-0.022681097,-1.511237,-1.4725075,0.91001207,0.3172796,-0.72683764,-0.5815291,0.5542541,-0.0777778,-0.30983338,-0.60712075,-0.44319555,1.7553996,-0.9589451,1.0312941,-0.29040468,-0.5004314,-0.22846395,1.3213896,1.4197603,0.6960071,-0.22126639,1.3362222,0.87833595,0.06831905,-0.9936798,0.8844883,0.12778597,-0.8536167,-0.345371,-0.017954111,0.60648066,-0.2729994,-0.18823189,-0.18409036,-0.3953599,-1.9049697,-1.5682234,-0.1921133,0.9145565,-1.3760495,0.55006397,-0.13518949,-0.25974888,0.55856365,-0.49804398,0.061421618,-0.3997605,-0.3067633,1.4460111,-1.1156653,-0.9966194,-0.39772773,-0.7366235,-1.4135126,-0.35632142,-0.18560208,-1.998661,-1.0802418,-1.2606447,1.4151872,0.46387026,-1.0809735,-1.4830713,-1.3816351,-0.020697147,-0.0023106497,1.596774,0.2706849,-0.73635215,-1.0415968,-0.67636496,-0.38955426,-0.036757242,-0.07783655,0.7869852,0.12883414,0.35119757,0.69476205,1.8400894,1.0269841,0.87963754,-0.6963081,-0.4502833,-0.75643224,0.35162815,1.6884843,0.2957877,-0.6237825,0.6178791,-0.38895845,0.5747424,0.21154302,-0.849808,0.33129838,0.2903916,0.36307117,-0.3653877,2.3997855,1.0091332,-0.7547147,-0.8818719,0.07878535,0.10699644,0.60964596,-0.79931086,-0.5638915,0.38585535,-0.29037985,0.15116888,0.6685216,-1.0610507,0.15380637,1.1329131,1.6335274,0.615916,-0.45376396,0.31203213,-1.3211131,0.12915157,1.3199426,-0.3578497,-0.07614816,0.34722134,-1.1722976,1.0467628,-0.79015416,1.154817,-0.9065862,0.58625954,0.05668984,0.53836584,-0.50088125,0.7376883,-0.7594342,-1.810387,-0.68652326,-0.48667398,0.32777914,-0.19385214,0.11034292,-0.111338235,0.54220045,0.28139254,-1.7370647,-0.4245087,1.4235339,0.59191835,-0.08292316,1.71566,-0.15537177,0.54442006,0.4314722,0.5578149,0.50833076,0.56946224,1.158311,-0.94987345,0.8072979,0.6713104,0.45285377,2.6224048,0.7740352,-1.5715451,-1.442761,1.065055,-1.9278126,-0.7485576,0.50119555,-1.3928779,0.87818116,-1.3617501,-0.7592574,1.6634763,0.49178842,-0.528062,-1.1622113,-1.1832438,1.2055098,0.89299035,-0.9558471,-0.28823248,-0.8879063,0.12066615,-0.78923315,-0.41496077,1.210795,0.53306264,0.16335593,1.0864831,-1.0208639,0.50101095,0.15249407,0.8323598,-0.18642609,1.0997211,-0.5003256,0.6328046,0.41327477,0.07691177,-0.43364862,0.4975866,0.0454579,0.638653,-0.28093025,1.1870579,0.8780939,-0.19541855,0.34170625,0.3141094,0.7453386,0.80765754,1.9607502,-0.084621914,-1.8075196,-0.52522695,-0.22548127,1.1413686,-0.14164886,0.15335216,-0.016926566,1.1548213,0.41305172,0.076470256,-0.57794017,-0.85118794,-0.64918363,0.30008087,0.43420985,0.21297018,0.47029957,-0.6196733,-0.2791638,0.64393884,-0.14520435,-0.57442003,-0.9882991,-0.8929882,-0.74828464,0.51374704,0.5357959,0.27680674,-0.6050663,-0.5397556,-0.71235657,0.83607674,1.0702702,-1.645037,-0.10571406,-0.1739323,-0.49076307,0.5415897,0.46247938,-0.15588441,0.19521493,0.35770896,-1.3221526,0.7838295,-0.4956666,0.9949908,1.8493074,0.5899023,0.8069758,-1.4320139,0.48246136,-0.7981103,0.5546461,0.47820854,-1.861503,0.79501754,-1.045571,-0.6687553,1.2957239,-1.3026714,-0.26183823,-0.56678796,0.044578627,-0.3607814,-1.5114549,2.0792408,-1.7178739,1.5801406,-2.1254022,-0.3399785,-1.2204872,-0.8126429,-0.8040855,0.12031856,0.45603475,-0.22981012,1.2851866,0.037119616,0.14887951,0.62454987,-0.08062891,1.0587623,0.117639996,0.16017628,-0.6907716,-1.3196517,-0.271854,0.6660636,-1.5021366,-1.2486247,-1.173044,-0.2792792,-0.02320224,-0.55145687,-0.14634287,1.5772586,-0.3699411,0.39188877,-1.6595169,-0.6110227,-0.12683386,-0.9712122,1.2672782,-0.8694768,1.6874546,-1.2308974,-0.9670035,0.53880125,-1.0667325,-0.32385406,-0.05424388,1.3160394,0.17654972,0.87598544,0.5972722,0.2732273,0.024184331,-0.56250757,1.2850138,0.42593637,2.1430805,0.042095598,-0.09996454,1.3243856,0.0422899,0.8597334,-0.3355899,-0.3488125,1.5241326,-0.068355754,-0.22875755,-0.30587548,-0.11497352,-0.30523208,0.14889194,0.6670087,0.04403246,-0.017897181,0.86862326,0.70413756,-0.6856904,-0.9006339,-0.25580874,1.4407984,1.0176339,1.7273607,1.2397012,-0.10581335,-0.6013525,-1.8899503,0.47247502,1.3009206,0.7534571,0.79243135,-2.077319,0.2428695,0.6042911,0.6462113,-1.5832673,-1.5097324,1.7842079,0.11731011,0.028046161,1.6089164,-1.221408,-1.1197743,-0.901216,0.25070298,-0.46049163,-1.0526596,-0.75689656,0.5361252,-0.05561179,0.6301848,0.9696339,0.24449623,-0.16850466,-0.89430094,0.29659036,-0.19153744,-0.6843558,-0.16913265,0.2529174,0.45318925,-1.4780788,-0.80281764,0.72272563,-1.9507313,0.54281884,0.08791795,-0.25838163,0.0027773876,0.018980226,-0.96217424,-0.513554,-0.395377,-0.9365267,-0.16141918,1.0642359,-1.4862943,-1.2899705,0.8310067,1.3996977,-0.53786147,0.7990427,0.46767494,0.11882788,0.53288156,-0.3679998,-1.0661585,-0.123365246,-0.38795897,-0.08082887,-0.48559177,-1.2469345,-0.37602672,0.68970275,-0.8465442,-1.7826508,1.1705971,0.9048585,-1.932886,-0.9742673,0.28657356,-0.0230001,0.2790955,1.1653308,-0.03517317,0.22208577,-1.2270845,-0.052238833,-0.26886326,-0.23222089,-0.4249713,0.23104371,0.6213443,-0.7447489,0.34421787,1.9589764,0.5146812,1.8804979,1.7325438,0.06777061,-0.3537285,0.8886974,-0.06628721,0.18491411,0.42391837,-0.7323862,-0.73907095,1.0943823,0.119721375,-0.18879992,-0.4031558,0.47131452,-0.31255886,-0.20975052,0.20710778,0.42179096,0.973532,1.493474,1.4293022,0.13549589,-0.32739624,-0.6541011,0.7654956,-1.3147317,-0.5562586,-0.37699464,0.7694617,2.4184003,-0.50962716,0.15175115,1.1441432,-0.63294077,-0.96364766,0.3383913,0.30638278,-0.09573069,-0.549324,0.13001114,-1.5302219,0.5561819,-2.324187,0.026351482,0.37268636,1.2555684,-0.77325183,-0.436802,0.40261176,0.11192831,-0.8354364,-0.47998476,0.72674006,1.7836674,-0.25611576,-0.56971645,1.0872306,-0.35565126,-1.2491435,-0.013413772,-1.2805414,-0.50924444,0.24737932,-0.27088657,-0.42241398,-0.22503239,-0.75690097,1.5639391,-0.06309124,-0.34196067,1.0852996,-0.64101344,0.69421214,0.047198255,-0.6243513,1.4449242,0.63241464,-1.532751,0.27419624,-1.9695253,1.6802179,-0.67376477,1.3512816,0.99822426,0.58563024,-0.21902859,1.2614127,-0.85807186,-0.19395153,-1.1256275,0.9139347,-0.9190151,0.23708677,-1.7778641,1.1456361,-1.0501472,-1.2337166,-0.10497164,0.26844808,-0.535856,-0.26351315,-0.5643007,0.26547793,0.3537577,-1.1624447,0.72889787,2.007973,-0.32490513,-0.75369024,0.25257823,0.99243516,-0.48253998,-0.2235523,2.4681113,0.26250923,0.5424971,-1.52068,-0.84509224,0.50444853,-0.64561474,-1.1844448,-0.3649614,-0.10051423,0.19249181,0.049106013,-0.8752609,0.39397654,-0.87643814,0.61566716,0.596019,-1.1296146,-0.08228617,-0.30023035,-0.36265838,-0.58709216,-1.4242615,0.35218573,0.6110787,-0.8100081,0.14585531,0.9272671,1.1841034,0.5801521,-0.23407114,-1.1045529,1.1349446,0.1883047,0.4895648,-1.1404976,-1.2227234,0.6223107,1.2358931,-0.4962863,0.76863337,0.14125209,0.26080504,-1.413806,1.0527906,0.4543465,0.14014395,1.1229035,0.2502942,-0.29053256,0.5363039,-0.2211387,0.32403985,0.4485962,-0.94464755,-0.6770844,0.22566207,-1.4198929,0.21180904,-0.6147824,0.2084729,-0.5122605,0.20811726,-1.7219653,0.36514053,0.24180776,-0.015067081,0.9938155,0.23632057,-1.4469076,-0.7838207,0.075878404,1.379398,1.1522144,0.12497542,-1.0907941,-0.35632274,1.7870241,0.48620236,-0.14940171,0.4907658,0.2577679,-0.54469544,-0.23229223,-0.94304603,-0.08011329,-0.036130387,0.4075711,-0.9193767,1.2791909,-1.8591805,1.2232655,-0.33749893,-1.4409533,-0.37441608,0.15451743,-0.51507497,2.4477177,1.3110925,-0.16041127,-0.08508873,0.7168161,0.6763169,-0.66217035,-0.1460613,-1.2347559,0.6523119,1.6207733,0.5271766,-1.5102997,-0.49599126,-0.1252221,-0.5278316,1.4825112,-0.112797044,-0.702267,-1.2749444,-0.26690164,-0.8308752,0.016161403,0.021983027,-0.034142047,-1.0314296,0.45614108,-0.40740633,-0.87723476,0.27810535,-0.31799755,-0.14883268,-0.8519524,1.4059724,0.34838566,0.9892842,0.54121256,-0.40386924,0.1268412,-1.1341428,-0.82673806,1.4828275,-0.33710036,1.1821874,0.2707245,0.48133168,1.5760902,0.5956301,-1.7614168,0.3489151,0.06042475,0.70800227,-0.30433494,-1.1373831,-0.56052506,0.1717345,0.38729882,0.9677444,-1.7297993,-0.4220082,0.11579168,0.42258993,-0.01601462,0.89552957,0.12926488,-0.055277567,1.5263058,1.2877947,0.1657865,-0.76596403,-0.73028547,0.7095662,0.76688457,-1.2768594,-0.8813167,-1.4235961,0.9435861,1.1039691,0.35779065,0.85136956,-0.24339709,-0.94916224,2.1126964,-0.84863186,-0.14295298,0.7403567,-1.4869852,0.44136077,-0.123417795,0.32304087,0.29032415,0.4072948,-0.9353629,0.57449675,0.40327913,0.75901,-0.49596685,-0.6907426,-1.4697137,0.15743342,-0.400379,-0.9508295,-0.3211434,0.18258181,-1.1723818,-1.3880708,1.387701,-0.20393363,-0.78244454,-0.9055924,1.2137135,0.29166597,0.053950373,-0.6913488,0.06067086,1.7549919,-0.37550694,1.3353282,-0.26261604,-0.8405253,-0.6551249,0.32972234,0.9835283,0.48283625,-0.4544825,1.0749855,1.0056045,0.38003084,-0.4238196,0.11297872,0.5629741,-0.5741358,-0.53021634,0.26603305,0.37446997,0.03501817,0.17292663,0.054100405,0.17781624,-2.4407246,-1.6293314,-0.5215415,1.1791182,-1.7857906,0.50558764,0.10697582,-1.1969298,0.19829148,-0.25437298,0.22449134,-0.5624713,-0.94196564,1.8304297,-1.1991669,-1.729563,-0.18866837,-0.15088803,-1.0624636,0.27917677,-0.66965556,-1.9511063,-1.5049286,-1.3605052,1.3136257,0.31876862,-1.1397531,-1.0968271,-1.5383775,0.110478155,-0.09446245,1.089516,0.61457336,-0.8586428,-0.99232686,-0.48022687,-0.5777704,-0.4680472,-0.5866574,0.51765835,-0.33851516,0.6833081,0.5053244,1.5305324,0.65047777,0.94052505,-1.4619929,-0.67995846,-0.5040626,0.29313082,1.4749949,0.7274214,-0.24580911,0.40860242,0.148344,1.4107919,0.42167717,-0.7837953,0.25474796,0.03512095,1.1085227,0.03305973,2.6769001,0.5450667,-0.49128157,-0.15489472,-0.15122196,0.47217858,0.80051917,-1.0113328,-0.5405269,0.13387673,-0.62036884,-0.13224073,0.35718518,-0.66927636,0.47325295,1.1436206,1.4450188,0.5077207,-0.2611848,0.16935647,-1.3034949,0.0867467,1.5587882,-0.31774676,0.01592276,0.5279715,-1.457404,1.4927984,-0.39915517,0.67669874,-1.1160892,0.8932411,0.016026504,0.1478852,-0.9263232,0.7630643,-0.5715331,-2.4484975,-0.47711876,-0.53213286,0.968036,-0.2227835,0.17743556,-0.20560095,0.23273908,0.15506214,-1.2807064,-0.15687807,1.637397,0.9177283,-0.10612873,1.1360883,-0.32227585,0.69734204,0.75812286,0.7020571,1.129488,0.19551177,1.3440429,-0.631662,1.1296226,1.0365524,0.8747538,2.7510848,0.64338636,-1.4852777,-1.3162482,0.77322733,-2.5359485,-0.5703713,0.5020718,-1.6714759,1.0936767,-1.6141396,-0.927137,1.6727252,0.553394,0.27379838,-1.4203303,-1.6918709,0.7663616,1.1279955,-0.36137834,-0.1719187,-0.97061944,0.63688856,-0.76515853,-1.1161191,0.9279802,1.3282828,0.38713667,1.4871428,-0.63709027,0.46075487,0.25498524,0.49844515,0.68871903,0.94105446,-0.9785923,0.7661886,0.7351989,-0.10264126,0.042329594,0.41932237,-0.64109904,0.49244744,-0.19011118,0.68799865,0.5171987,-0.003296055,0.120590925,-0.5017067,0.43798232,0.544076,1.2080784,-0.30988294,-1.4568443,-0.18454532,0.36067432,1.2184194,0.20230578,0.60954666,0.14492404,1.2304848,-0.63413936,0.18513605,-0.326442,-0.94696444,-0.5268718,0.61978585,0.2884035,0.34348157,0.32406238,-0.7796212,-1.147969,-0.07188484,0.33561775,-0.731775,-1.2394205,-0.82065475,-0.6570136,0.08203267,0.49629003,0.4600653,-0.98952055,-0.65218633,-0.120728016,0.6984234,0.79467,-1.3962659,-0.19760543,-0.095032215,-0.9660976,0.3652434,0.19380437,0.17090808,0.113650754,0.56338817,-1.09689,0.6757469,0.09478194,0.77823085,1.795464,-0.08494179,0.9890382,-0.59407645,-0.39625314,-0.5363008,0.32370743,0.33325586,-1.571769,0.80014026,-0.5839591,-0.62460965,1.2257475,-1.1077735,-0.2153113,-1.3805765,0.30966857,-0.70651394,-0.54892516,2.0886374,-2.5944185,1.8336859,-1.8510876,-0.49375832,-0.7732716,-0.92348987,-1.2277788,0.48791465,0.27604505,0.1734042,0.3621336,0.2103841,0.2552476,0.32260975,-0.16257924,1.636655,-0.25472277,0.30202982,-0.8624573,-1.6253358,0.03502445,0.65480524,-1.1465933,-1.0902836,-0.78685164,-0.65605384,0.00052534044,-0.060863167,-0.4098752,0.73876595,0.14131692,0.4705593,-0.69325924,-0.26058528,-0.26572472,-0.40261972,1.7105832,-0.09489958,1.6782861,-1.2703992,-0.363459,0.3411779,-1.4027175,-0.03495329,-0.41274378,1.7333221,0.4630453,0.39323434,0.304448,0.6482335,-0.060662106,-0.2263316,0.87657475,0.6148677,1.7980924,0.49933225,-0.1002872,1.4153177,-0.3815629,0.7953259,-0.357952,-0.39013356,1.6386158,-0.105937555,-0.46133018,0.16294517,-0.28123277,-0.9615869,0.09722969,0.65649116,-0.07239595,0.23896383,0.66128564,0.372747,-0.47483167,-1.1977994,-0.38971034,0.90376604,1.2315688,1.1437299,1.4134488,-0.5434759,-0.616139,-2.1101782,0.20037425,0.78024566,0.7594608,0.54763323,-1.73488,1.1094748,0.75196296,0.41853288,-1.6403157,-1.6716257,1.6721795,0.10444402,-0.010194051,1.8751354,-0.49868408,-1.2426891,-0.5459771,-0.19535792,-0.15737289,-1.2088139,-0.55495584,0.12251577,-0.27257758,1.2872804,0.90585864,0.5761051,-0.30869782,-0.6601446,0.5360595,-0.15226094,-0.9845566,-0.12800667,-0.10076577,0.17478245,-1.5839318,-0.8781801,0.64566946,-2.0035267,1.2683446,-0.05426114,0.0022538006,0.34974906,-0.2919054,-1.0501953,-0.07374607,-0.17458193,-1.2020746,-0.5261626,0.754572,-1.316639,-1.0549576,1.1009998,1.1232753,-0.5628014,0.8972777,0.53835106,-0.34288397,1.0672797,-0.1118488,-0.52825296,0.26781437,-0.23941739,0.07862508,-0.49924237,-1.4177037,-0.37725645,0.5530933,-1.1034918,-1.3422772,0.4778258,0.482233,-1.0910517,-0.89588875,-0.0309294,-0.51201975,0.51601297,0.73968214,-0.4681177,-0.47825432,-0.7943086,0.043750793,0.113170184,0.2420453,-0.62203956,0.35385928,0.20479803,-0.4608496,0.33831194,1.3080779,0.030792281,1.805641,1.492959,0.5180633,-0.35656685,1.1068008,-0.28283745,-0.49481666,0.7941787,-1.1570917,-0.6156191,1.227707,0.036413144,-1.0182135,-0.31199032,0.50017893,-0.47491795,-0.4840203,-0.24189988,0.63924533,1.5701678,1.292457,1.8056241,-0.126337,0.10268654,-0.45306385,0.71914333,-1.2736322,-0.5577016,-0.50999856,0.7468454,2.582086,-0.62419915,0.064899236,0.6524995,-0.9319941,-1.2758123,0.16888379,0.25606596,-0.035931613,-0.54556936,0.5655228,-1.4211203,-0.052703165,-1.5607417,-0.16747873,0.9862268,1.3246928,-0.81958973,0.35055825,0.9047962,0.053315774,-1.2486724,-0.429844,0.67757416,1.8185362,-0.09925396,-0.88967496,0.7489855,-0.18274473,-1.6359825,0.13842675,-1.2815045,-0.72590065,0.4276982,-0.5156469,-0.29956824,-0.06478329,-0.47836462,1.1239897,0.15499543,-0.13213226,0.7802092,-0.39798042,1.2291663,-0.013655543,-0.6868779,0.998666,0.6070274,-1.4949774,0.47808254,-1.4794943,0.8629911,-0.46617872,0.7390682,1.0735391,0.2879579,-1.0042015,1.4532337,-1.1292664,-0.0024649203,-0.38995534,0.38397956,-0.19668458,0.40973848,-1.6107297,0.7799434,-1.5518777,-0.9761793,-0.25337794,0.6067857,-0.30893248,0.24009404,-0.59884775,0.81051534,0.304626,-0.89339477,0.20005009,1.7411256,-0.2865408,-1.2924111,0.31189162,0.40237367,-0.76402813,-0.28891578,2.4349225,0.15137205,0.5463409,-1.3992255,-0.9865804,0.55133456,-0.2301471,-0.772023,-0.38315022,-0.3488838,0.016864337,-0.119311854,-0.22630839,0.88574433,-0.62435573,0.24610847,0.7230531,-0.67811894,-0.5400075,0.32183957,-0.9062376,-0.85766816,-1.3634847,0.53916395,0.75188726,-0.7183534,0.9618079,0.76793784,1.6265832,0.8636593,-0.20577344,-0.90064025,0.46210486,1.3867915,0.6763836,-1.2074213,-1.2375965,0.40444636,0.66520464,-0.72861755,-0.1818882,0.1121973,-0.51504284,-1.488683,1.1401592,0.62174714,0.0056551546,1.2689726,0.5968984,0.1268298,0.64820576,0.18553546,0.25241444,-0.13313499,-0.7834415,0.1637667,-0.09508477,-0.9037012,0.3836873,-0.41248155,0.4655155,-0.7168188,0.4461343,-1.5982357,0.45992887,0.033306606,0.38068897,0.7757309,-0.017159611,-0.9650253,-0.63593405,-0.052837323,1.5116183,1.0303628,-0.41406304,-0.4766165,0.06465313,1.2715918,0.9143335,0.37193403,0.46321654,0.10503015,-0.25266185,-0.51299036,-1.2219372,-0.68717635,0.22333694,0.17977855,-0.6083027,1.3127106,-1.5590743,0.9578109,-0.30674812,-1.2362942,0.12798458,0.0756552,-0.93656325,2.2446737,1.3580205,-0.48192278,-0.15052018,1.0606428,0.90592444,-0.79785866,-0.09479215,-1.5908685,0.8092233,1.5757053,0.60077125,-1.3033904,0.18270628,0.1604239,-0.6591443,1.3209969,0.1594995,-0.6776986,-1.417434,-0.2499935,-0.8482034,0.20962569,-0.30469885,0.45245048,-1.2087562,0.6362748,-0.2003635,-1.0201173,0.44099802,-0.5975754,-0.24004796,-0.8433686,1.3937085,0.71169776,0.6071396,0.736041,-0.2184663,-0.16149412,-1.2373896,-0.7057443,0.44408423,-0.95326996,1.1084344,0.47535026,1.0113038,1.6187508,0.256258,-1.1382008,0.4353947,-0.3833858,0.6018625,-0.51418173,-1.0961318,0.19184475,0.4009328,0.63212436,0.7559371,-1.3122451,-0.4743651,-0.11860773,-0.13959874,-0.18388532,0.8662954,-0.24577773,-0.05053957,2.2169874,1.2113779,0.28327134,0.0
ツ,0.5930546522140503,0.6319737434387207,1.0374304056167605,-0.3383469581604004,-0.3173145055770874,0.1539123505353927,0.3153692781925201,0.1515471637248993,-0.4578653573989868,-0.2202220112085342,0.5763997435569763,-0.3914760649204254,-0.1334523111581802,0.279024213552475,0.3356066644191742,0.1374870091676712,0.261563777923584,-0.228357583284378,0.0492620840668678,-0.7415341734886169,-0.9501937627792358,-0.612515389919281,-0.4344922602176666,0.4547875821590423,0.0751314908266067,-0.2520163059234619,-0.4934850931167602,0.6057757139205933,-0.1709099560976028,-0.6646323800086975,-0.3495495319366455,-0.1441269516944885,-0.0062627103179693,-0.2704456448554992,-0.4186931848526001,0.3660819232463836,-0.0908106416463851,-0.167567566037178,0.2112042009830474,-0.3609657287597656,-0.0011444424744695,-0.2149135321378708,-0.4878867268562317,0.2321127206087112,-0.4773766100406647,0.6705694198608398,-0.0940615907311439,0.1549710631370544,0.2920421063899994,0.0608545802533626,-0.301110178232193,0.6008332967758179,-0.1358134150505066,0.0839150249958038,0.4559266269207001,-0.4414195418357849,0.2604157924652099,-0.4718002080917358,-0.1638858616352081,0.1065220534801483,-0.1598249673843383,-0.117468774318695,0.4507288932800293,0.1673110127449035,-0.1664277017116546,-0.2495895326137542,0.2202233672142028,-0.1808768361806869,0.1080668717622757,-0.9672194123268129,-0.1319510638713836,-0.0258802082389593,-0.1504610329866409,-0.4684182703495025,0.4988673627376556,0.0243514459580183,0.0468619428575038,0.281541645526886,0.3764991760253906,0.0390359312295913,-0.0303812641650438,0.5560542941093445,0.2749850749969482,-0.651585042476654,-0.1586238443851471,0.2885416150093078,-0.5720490217208862,-0.9294161200523376,0.2649970650672912,-0.2499710768461227,0.1539921909570694,0.0467643775045871,0.1222413778305053,0.1437198668718338,-0.0880763903260231,0.0817514434456825,-0.0137730427086353,0.0303064100444316,-0.1829750686883926,0.2707027494907379,-0.1065154671669006,0.1084117665886879,0.2143130898475647,-0.4609081149101257,-0.1057035401463508,0.4346997737884521,-0.3124888837337494,0.1877999454736709,0.2352217584848404,0.0921714007854461,-0.1803275495767593,-0.1840845793485641,-0.7123745679855347,0.1502789556980133,0.276150643825531,0.174813911318779,0.0092162927612662,0.3546351790428161,-0.4534464478492737,0.4601621031761169,0.0543807819485664,0.4500854909420013,0.1634600013494491,-0.5355239510536194,-0.2583604454994201,0.4782887399196625,0.1057405769824981,-0.0972614884376525,-0.3854002952575683,-0.0368733704090118,-0.514321506023407,-0.1660285741090774,-0.2616156935691833,-0.2344823181629181,-0.1488438099622726,0.975131094455719,0.0155135244131088,0.0206181351095438,-0.0267561897635459,-0.0891184881329536,-0.6971913576126099,0.3064770698547363,0.1040750816464424,-0.3078424334526062,0.2364470064640045,0.0845491215586662,-0.6164693236351013,-0.0115081584081053,-0.0982868075370788,0.4136125445365906,-0.235832080245018,0.9884220361709596,-0.7586669921875,0.4721824824810028,0.3416218757629394,0.2273471504449844,-0.4137569367885589,0.0671729147434234,0.2239904552698135,0.2378989607095718,0.3375002145767212,-0.3559703230857849,0.247457280755043,0.5228894948959351,0.1553430408239364,0.3290236294269562,0.676953911781311,0.103399820625782,0.1686213165521621,0.62786465883255,0.2534085512161255,0.4748419821262359,0.4065767228603363,-0.2254323065280914,0.1255124062299728,0.1808753758668899,0.3665626943111419,0.0411012805998325,0.0633999481797218,-0.3038116693496704,0.4024868905544281,0.2254656553268432,0.3915956318378448,-0.3898278176784515,0.1647123843431472,-0.0910687670111656,-0.0617955885827541,0.0792720392346382,0.0214447602629661,-0.0055477647110819,-0.1618338823318481,-0.1388651579618454,0.3173314034938812,-0.3409028053283691,-0.1761266440153122,-0.6223565340042114,0.0821443051099777,0.0842387229204177,-0.567101240158081,0.241387128829956,0.0837173238396644,0.0320969186723232,-0.0850063040852546,-0.6650980710983276,-0.9847548604011536,0.0360095836222171,0.2418181151151657,0.608451783657074,0.8069567680358887,0.2817661762237549,-0.0929860472679138,0.0025327710900455,0.4189474284648895,0.1991522014141082,0.485445111989975,0.1928444653749466,-0.3371909856796264,-0.4526413679122925,0.0030248225666582,-0.2514255344867706,0.3635325133800506,-0.0099133113399147,0.2246678471565246,0.0934928953647613,0.3120204508304596,0.5910230278968811,0.2896163165569305,-0.3115378618240356,-0.1828919202089309,0.1783300340175628,-0.4448637664318084,-0.4783354699611664,-0.6947966814041138,-0.2774333655834198,-1.0658609867095947,-0.0827516540884971,-0.1445768922567367,0.4428964853286743,-0.3884681761264801,0.1798025071620941,0.0841944590210914,-0.2345711141824722,0.1725807636976242,-0.6224339008331299,-0.0922546982765197,0.2920223474502563,-0.2571264207363128,0.0242164116352796,-0.225935161113739,0.0769189149141311,-0.1192925572395324,-0.6405526399612427,0.4774881899356842,-0.2450895309448242,0.589251697063446,0.2126409113407135,0.4180489480495453,-0.5161406397819519,0.4680569469928741,-0.6232519149780273,0.1649843901395797,-0.4072391092777252,-0.2560926079750061,-0.1045086085796356,0.0366087295114994,-0.0440852269530296,-0.0167182590812444,-0.7414343357086182,-0.7632670402526855,-0.6710200309753418,0.4081059396266937,-0.377534419298172,-0.1795195043087005,-0.2686818540096283,0.0910318791866302,0.1884925812482834,-0.3949028551578522,0.3077177703380584,-0.4483177959918976,0.0859495624899864,-0.3695685863494873,0.0150235658511519,-0.4445623755455017,-0.0799343436956405,-0.2071684449911117,-0.120681457221508,-0.3154639303684234,-0.2612346708774566,-0.4708123803138733,0.5485602617263794,0.3390340507030487,-0.5005316138267517,-0.1777542978525161,0.2373637408018112,-0.6711920499801636,0.5024250745773315,0.4335138201713562,0.5079692602157593,0.0920075923204422,-0.2375938147306442,0.1147491335868835,0.4105258882045746,0.1949232220649719,-0.5020098090171814,-0.0919230952858924,-0.2798886001110077,0.165445014834404,-0.1503764688968658,0.30274698138237,-0.0891336649656295,0.0801515132188797,0.800420343875885,-0.7201858758926392,0.3820748329162597,0.4184666275978088,0.6245318055152893,-1.5815598964691162,-0.1632732599973678,0.3239909410476684,0.1566168069839477,-0.2857618629932403,0.2133903056383133,0.6225133538246155,0.1327646970748901,-0.507827639579773,-0.6074549555778503,0.7863492965698242,-0.1371297836303711,-0.0402927659451961,0.1294665932655334,0.4333170354366302,0.0955873802304267,-0.0722486898303031,-0.239398568868637,0.2700161635875702,0.3449332118034363,-0.4141068756580353,-0.1102446392178535,0.1782326102256775,-0.4787282347679138,-0.5979381203651428,0.5346753001213074,-0.2813994288444519,0.0462422184646129,-0.5265087485313416,-0.2266714721918106,0.2631429135799408,1.2355531454086304,0.9064568877220154,0.4722028374671936,-0.4690961837768554,0.0397255606949329,0.2951527535915375,0.092758722603321,0.4366799890995025,-0.4568349719047546,-0.0590069852769374,-0.2201783955097198,0.2607977390289306,-0.0003320178657304,-0.206950381398201,-0.2997709512710571,0.0006510087405331,-0.2240550220012664,0.1381222307682037,0.1757456362247467,0.6392369270324707,0.5888489484786987,0.0719190686941146,0.2771028578281402,0.5820664763450623,0.2163119614124298,-0.1702637523412704,-0.640766441822052,-0.2304135411977768,-0.5685872435569763,0.0290704946964979,-0.3389539420604706,0.0312527008354663,0.1812687963247299,-0.0644818320870399,-0.2559150457382202,-0.190084308385849,-0.7557110786437988,-0.0313365347683429,-0.6441577672958374,-0.1468411535024643,-0.4338350892066955,-0.1419647932052612,-0.5825140476226807,0.5226696133613586,0.2565320134162903,0.4118370413780212,-0.2655712366104126,-0.6843339800834656,0.3323074281215668,-0.4003994166851043,0.2062298655509948,-0.1335920840501785,0.2605097889900207,-0.4813299477100372,0.0242689289152622,-0.0752809643745422,-0.4781084060668945,-0.5651113986968994,-0.088708259165287,-1.045231580734253,-0.0479845367372036,-0.2665314972400665,0.8264502882957458,-0.0327674336731433,0.285120278596878,0.0431138947606086,0.2529205977916717,-0.152341291308403,-0.3423779010772705,-0.2893217504024505,0.3020348250865936,0.6612731218338013,0.5661771297454834,0.5040283203125,0.3274131119251251,0.3739674389362335,0.2123314440250396,0.3675148487091064,-0.077611893415451,-0.7367231249809265,-0.1211641952395439,0.4992361962795257,-0.1675801277160644,0.1143235266208648,0.1704015135765075,0.1820055246353149,0.7767773270606995,-0.4027236700057983,-1.3625963926315308,-0.036233089864254,0.2313139140605926,-0.0061171520501375,0.395618587732315,0.6893584728240967,0.6493796110153198,0.1688758134841919,0.3078279197216034,0.1799433827400207,0.0588066093623638,0.348358154296875,-0.1077641621232032,0.4429264068603515,0.1758044362068176,0.4120401740074157,0.5611658096313477,0.2704443037509918,0.3965398371219635,0.7224353551864624,0.5814869999885559,-0.3756316006183624,0.3890821933746338,0.2342062145471573,-0.0645181462168693,-0.4640446305274963,0.3887246251106262,-0.532438337802887,-0.1560401171445846,-0.4403444826602936,0.1383714377880096,0.8855701088905334,-0.3944266736507416,0.4827744364738464,-0.3917814791202545,-0.3315642774105072,-0.5335702896118164,-0.6436577439308167,0.225389301776886,-0.3714775443077087,0.004747531376779,0.4039610922336578,0.0167642422020435,-0.6071538329124451,0.1637975424528122,0.3150565326213836,0.5812759399414062,0.1684347242116928,-0.3420390486717224,-0.0363199412822723,0.5715809464454651,-0.2086262553930282,-0.0129445828497409,0.173548474907875,-0.0556816048920154,-0.2279419898986816,-0.9748454689979552,-0.5031415224075317,-0.1166454181075096,0.0946948006749153,-0.5069720149040222,0.675150454044342,0.4821428060531616,-0.5622348785400391,-0.2528059482574463,-0.3165469169616699,-0.0573950409889221,-0.0856062024831771,-0.5313248634338379,0.103178858757019,-0.0795996412634849,-0.0123421298339962,0.6556701064109802,0.5359843373298645,-0.4287244081497192,-0.0557401143014431,0.5663303732872009,0.3626473546028137,0.042487870901823,0.2001436948776245,-0.4511834979057312,-0.4796603918075561,0.0560747161507606,0.2924157381057739,-0.089206226170063,-0.1261716783046722,-0.2473555207252502,-0.5904003977775574,-0.5416514277458191,-0.3029631376266479,-1.245996356010437,0.4305896759033203,-0.0474571697413921,0.3658763170242309,-1.0936464071273804,0.2656297981739044,-0.1482317149639129,0.4529084265232086,-0.1175688505172729,0.5350407958030701,-0.0783148407936096,-0.8816331028938293,-0.0290599912405014,0.2554600834846496,-0.4953828155994415,1.0187796354293823,0.5998725891113281,-0.3338018357753753,-0.2952187061309814,0.2195363789796829,0.1347533464431762,-0.1538268029689788,0.1619288921356201,-0.2186457812786102,-0.3780580461025238,0.0816185697913169,-0.0991635993123054,0.3998847305774688,0.3499682545661926,0.0132835768163204,0.0784867256879806,0.7465474605560303,0.167585402727127,0.5677454471588135,0.3431079685688019,-0.6401307582855225,-0.0630431696772575,-0.4246980249881744,0.2371137887239456,0.1239999681711196,0.7866754531860352,-0.2244578599929809,0.34340900182724,0.6815798878669739,-0.2369484007358551,-0.1116271018981933,0.549222469329834,0.0797847285866737,0.3611436784267425,-0.1648872792720794,0.0869230479001998,-0.979767382144928,0.3181458711624145,0.2978108525276184,0.1512073874473571,0.0599983111023902,0.1215851306915283,0.0128585761412978,-0.8224067091941833,0.2650946974754333,0.0652206242084503,-0.265663743019104,0.2789573669433594,0.324606329202652,-0.0627619698643684,0.8225252628326416,0.3374103605747223,-0.2739810645580292,-0.0544343329966068,-0.1593586653470993,0.8004461526870728,0.8542128205299377,-0.137147456407547,0.4373861253261566,-0.4904538989067077,-0.8217084407806396,0.2437671273946762,0.1175533384084701,0.3254854381084442,0.608734130859375,-0.4999359846115112,-0.3563725054264068,0.648382842540741,0.2604873180389404,0.1238970682024955,-0.2658562362194061,-0.4231884777545929,0.3213720619678497,-0.0952896773815155,-0.0999052971601486,0.2133684456348419,0.2749728560447693,0.5598160028457642,0.474202036857605,0.1232558265328407,-0.3892777860164642,0.7708496451377869,0.0401249155402183,-0.4257298409938812,0.1605914384126663,-0.6243446469306946,0.1913665384054184,0.2539394497871399,0.3622981011867523,0.1147514209151268,-0.3004081547260284,0.2212794125080108,-0.3058556020259857,-0.1422671228647232,-0.3531127870082855,0.4561539590358734,0.1532309055328369,-0.0816366374492645,-0.2919953167438507,-0.506588339805603,-0.2151989787817001,-0.022124245762825,-0.8622197508811951,-0.062067974358797,0.0931381061673164,0.248438075184822,-0.2223546653985977,-0.0184063073247671,-0.7270002365112305,-0.3781671822071075,-0.3258433640003204,0.3780666291713714,-0.7069383859634399,-0.3961071372032165,0.5641794204711914,0.0921429172158241,-0.0190799348056316,-1.3055930137634275,0.5102050304412842,-0.0726425573229789,0.244777649641037,-0.1593020558357238,0.1414137631654739,-0.4171003997325897,0.0453599132597446,0.0863836333155632,-0.2981536984443664,0.0865919068455696,-10.187033653259276,0.2162238210439682,-0.5153321027755737,-0.4303008615970611,-0.500162661075592,-0.0747401714324951,0.8724194765090942,0.4472564160823822,-0.1867846846580505,0.6053003072738647,-0.1999603658914566,0.610309898853302,0.3539019823074341,0.026266511529684,-0.1964733153581619,0.0974662229418754,-0.2961273491382599,-0.0557382181286811,-0.2707590460777282,-0.0954452827572822,-0.4605646729469299,-0.3728103935718536,0.7333937287330627,0.4507887959480285,0.629659116268158,-0.1577025353908538,0.1320483535528183,0.413061648607254,-0.3313141167163849,0.3687202632427215,-1.037243366241455,0.5492420196533203,-0.3114286065101623,0.7603781819343567,0.1523233950138092,0.0801357626914978,0.0627902969717979,0.1707354187965393,-0.2683981657028198,0.4237218797206878,0.4935589134693146,-0.0309099871665239,-0.0772415921092033,0.0353514850139617,-0.298044204711914,0.0358415953814983,-0.1193246468901634,0.075347863137722,0.5912200212478638,-0.2721285223960876,-0.0493429005146026,-0.1865812689065933,0.133067637681961,-0.2255179733037948,0.2005201876163482,0.1497281491756439,0.8183289170265198,-0.664590060710907,-0.3175504505634308,0.0987665951251983,0.5905869603157043,-0.0658743679523468,0.4694211781024933,0.6204165816307068,0.104325532913208,0.5022666454315186,0.3527027368545532,0.2424290180206298,-1.142908215522766,-0.2231483608484268,0.3112803101539612,0.7615343332290649,-0.0210704356431961,0.0310787577182054,-0.168237954378128,0.2661822736263275,0.1296748220920562,0.1882065534591674,0.4320928156375885,-0.0768738389015197,0.1991636008024215,-0.185180589556694,-0.0695248767733573,0.5907264351844788,-0.708386242389679,0.1378110945224762,-0.0611194148659706,-0.3213564157485962,0.2627412974834442,-0.4816176295280456,0.314485490322113,-0.1782543659210205,-0.8476414680480957,0.5249963998794556,0.7515106797218323,-0.3503181636333465,-0.3775286376476288,-0.0929861590266227,0.2224091589450836,-0.2934626340866089,-0.67384255,-0.24393232,0.7206407,0.5343029,-1.2770206,-0.51629925,-1.3834802,0.8334099,1.0981508,0.12718107,0.02731083,0.02507879,-1.7338954,2.3448052,-0.42848995,0.29784134,0.7765223,-0.8686307,0.61838883,0.33765668,0.42207274,0.83258307,0.2858972,-0.55259776,0.9973153,0.506443,0.7527873,-0.35102305,-0.5199669,-1.0028781,0.26179036,-0.4535523,-1.1130176,0.24287227,0.013222418,-1.234826,-1.6299506,1.4540389,-0.057138596,-0.4620843,-1.034468,0.6017613,-0.27198008,-0.39804295,-0.76907605,-0.17375018,1.4613276,-0.47449088,0.74763554,-0.52203405,-1.1329689,-0.45702893,0.2473614,0.89549893,0.5076693,-0.4393459,1.0668231,0.9982937,-0.13879167,-0.43774134,0.5589897,0.4994677,-1.1662767,-0.32200888,0.08998879,0.60369813,-0.29271227,0.03843097,0.064066775,-0.046949226,-1.9178231,-2.040977,-0.18761036,1.2921317,-1.3841035,0.6317329,0.1762345,-1.0636227,0.11115335,0.07121502,0.12199954,-0.39451727,-0.8730267,1.4351444,-1.051844,-1.0759317,-0.76713854,-0.77224547,-1.2250496,-0.24486102,-0.7006048,-1.9427354,-1.3606262,-1.1893752,1.6582363,0.23977952,-0.48171994,-1.1198896,-1.5240542,0.0134812,0.51507175,1.5796362,0.115099974,-0.70880985,-0.6772985,-0.34867245,-0.99659765,-0.34663653,-0.1601602,0.5669852,0.1777539,0.76234335,0.6496091,1.503226,0.6456804,0.8581651,-1.7752273,-0.5422593,-0.5836128,0.26654813,0.81399506,-0.020674137,-0.7214736,1.2546748,-0.5919199,0.9046887,-0.04818136,-0.49124342,0.39788845,-0.12414949,0.54646534,0.3664079,2.3860033,1.0115093,-0.9366962,-0.7491577,0.1952562,0.3532207,0.20177068,-0.93018717,-0.51957446,0.069481,-0.122428,-0.008429542,0.5495699,-1.3676654,-0.05621727,1.0081836,1.1319354,-0.24635983,0.05930325,0.031048294,-1.7321154,0.25288275,1.1161116,-0.13344882,0.12451526,0.6618827,-1.3987159,1.0259017,-0.2665823,1.3016831,-0.8890916,0.51809555,-0.41022485,0.49641466,-0.5605855,0.66283756,-0.7824087,-2.2289836,-0.25118142,0.2640534,0.76672035,0.25798592,0.47659168,-0.4514087,0.15636493,0.20154856,-1.2680198,-0.3401466,1.595863,0.69719374,0.0032565594,1.5054291,-0.08241032,0.5633503,0.20293002,0.93480486,0.5394312,0.1712546,1.5670248,-1.2437736,1.056956,1.1124446,0.34640327,2.4441643,0.528995,-1.6764988,-1.7194607,1.3639355,-2.4962308,-0.7206837,0.5300423,-1.2537689,1.0354849,-1.1052321,-1.0061316,1.657354,0.42713743,0.11803415,-1.1432583,-1.4334956,1.1440457,0.81230515,-0.7099983,-0.1681716,-0.83217335,-0.1551573,-0.7521152,-0.8739628,1.308201,0.5571712,0.4562149,0.74478245,-1.3958241,0.41755548,0.3083811,0.28007457,-0.27095148,0.9473333,-0.9379774,0.82695353,0.45475003,-0.30138382,-0.6041798,0.21464631,-0.31455526,0.7189855,-0.2986806,0.7518301,0.32157403,-0.7424073,0.16234101,0.0250466,0.32539842,1.1896832,1.7471329,-0.014706365,-1.8813318,-0.30872697,0.0386774,1.1513859,0.29649523,0.7649625,0.5730482,1.0300456,-0.39294556,0.15148044,-1.1856707,-0.78909576,-0.4344061,0.15036006,0.77650595,-0.853692,0.36535868,-0.7568163,-0.75812906,0.1419908,0.1462589,-0.5335545,-0.94911605,-0.5288063,-0.4409049,-0.032150608,0.77217567,0.24857356,-0.45395803,-1.240679,-1.362812,0.48066235,0.7246012,-1.7526296,0.13023968,0.25841564,-0.30908138,0.6324752,0.12781426,0.112578414,-0.05488566,0.51664317,-1.0074068,0.5885048,0.04534707,0.66886514,1.8918254,0.54528815,1.0363162,-1.1914173,0.13073817,-0.6338335,0.64518195,0.35930124,-1.4361492,1.3342787,-0.6265756,-0.3324354,1.2379665,-1.0348852,-0.40326706,-0.729403,-0.071588755,-0.1266662,-1.7951565,1.7828782,-2.2223413,1.2877342,-1.7859547,-0.42994618,-0.86601335,-0.49253997,-1.2748976,-0.27173254,0.3440117,0.16609085,1.1316407,0.29129574,-0.06191073,0.75113547,0.0146746235,1.0092148,0.23875205,0.4370733,-1.157974,-1.3323256,0.1996501,0.8757567,-1.3715516,-1.4983404,-1.2458,-0.20746352,0.05185645,-0.5549999,-0.071784414,1.0302281,-0.13497694,0.1928512,-1.4493357,-0.26482815,0.20089003,-0.79926187,1.2677221,-0.3781054,1.5548495,-1.0686864,-0.7807936,0.24563313,-1.1155304,-0.009939179,-0.32045037,1.6701782,1.0818344,0.97437894,0.4509491,0.49205443,0.16964337,-0.58114535,1.8358554,0.31658658,1.8388327,0.1402287,-0.5250708,1.1988043,0.046062104,0.916902,-0.33245853,-0.07627269,1.445818,-0.032376982,-0.085473046,-0.2761568,0.23523746,-0.22504292,0.2673709,0.76040894,0.22049494,-0.3774561,0.7919947,0.7247945,-0.4173658,-0.7912027,-0.30857763,1.0759777,0.9078651,1.1909463,1.2456251,0.007710823,-0.5736629,-1.5886925,0.72068727,0.8645457,0.6092186,0.62929904,-1.7133406,0.75046504,0.45640853,0.5602777,-1.7155759,-1.3403124,2.0231752,-0.02659442,0.52168804,1.6244204,-1.1943766,-1.377813,-0.667273,0.42550606,-0.6071232,-1.1828316,-0.8823176,0.7608061,0.08643215,0.88539606,1.0373545,0.525029,0.04486962,-0.83464956,0.02390491,0.10654771,-0.3393266,-0.21901791,-0.14168727,0.8400038,-1.6891173,-0.5027656,1.0282654,-2.2367525,1.0327867,-0.30756992,0.4386495,-0.2881721,-0.34320778,-0.75101966,-0.19351761,0.0789568,-1.0622624,-0.5402406,0.782517,-1.682774,-1.278574,0.9901004,1.267321,-0.53579,0.3047807,0.7426753,0.19472101,0.806914,-0.39579847,-0.7096516,-0.08736686,0.16185968,0.26943737,-0.42117068,-1.4412915,-0.30725583,1.0048316,-1.4237982,-1.4854656,1.1786782,0.8094534,-1.1250576,-1.0818012,-0.2074379,-0.05213981,0.022240218,0.94783074,0.10630824,0.039295394,-1.0042402,-0.028722228,-0.07983534,0.31492457,-0.44810152,-0.07057552,0.51697594,-0.5514739,0.27234074,2.2507215,0.11675521,1.4178965,1.5416433,0.032421786,-0.23342633,0.7766676,0.024894396,-0.018141005,0.7889381,-0.9011236,-0.7201145,0.94027996,-0.052716427,-0.71600854,-0.20130314,0.85940975,-0.34327745,-0.07234462,-0.13050726,0.5127625,0.97921747,1.5057534,1.2081032,-0.15524451,-0.25684422,-0.65735734,0.39386967,-1.4301336,-0.69393456,-0.26820636,0.8237839,1.9459275,-0.8949428,0.18387672,1.258566,-0.7401865,-1.4024076,-0.0037338275,0.34352583,-0.5131179,-0.37509623,0.48752776,-1.0290636,0.42848682,-1.9107505,-0.17049778,0.61289847,1.2316439,-0.9034358,0.19028954,0.37984142,0.097107716,-0.9088529,-0.14409094,0.9388321,1.8072656,-0.4980214,-0.46193913,0.7884739,-0.55686915,-1.7312247,-0.2503946,-0.5406311,-0.834786,0.035815563,0.33423808,-0.20644267,-0.41595602,-0.83487386,1.7497423,0.063567996,-0.45715088,0.84797114,-0.6804417,1.0763904,-0.072568946,-0.95189154,1.1582705,0.76493806,-1.5837076,0.4988203,-1.6402731,1.5931551,-0.7264629,0.6373295,1.5935837,0.46401134,-0.445089,1.6938137,-0.72837025,-0.21206515,-0.24273942,0.67686003,-0.56711024,0.8363169,-1.7796658,1.537508,-1.2218646,-0.5907981,0.032106698,0.38099554,-0.64049613,0.4882173,-0.48287255,0.5321113,0.43794376,-0.9910685,0.7565322,2.0768871,-0.3021976,-0.79876643,0.3913724,0.39680842,-0.5495377,-0.30550644,2.3048012,0.3334344,0.53975594,-1.3217269,-1.091662,0.87575924,-0.73637897,-1.1186565,-0.60844195,-0.47469118,0.30352813,-0.005287009,-0.38512346,0.6313129,-0.65177566,0.32090142,0.6167873,-0.583733,-0.13940522,0.059704702,-0.7566636,-0.78211254,-1.7437464,0.5844627,0.69840604,-0.98195255,0.30487576,1.0673373,1.4444693,0.1499971,-0.6556539,-0.59746075,0.6060061,0.7836567,0.7711349,-1.2857673,-1.108806,0.9086455,1.2542702,-0.114685774,0.6698375,0.2517802,-0.029704079,-1.7527237,1.4195511,0.15497027,-0.33329722,1.2431198,0.38241002,-0.37903792,0.82895505,-0.057782073,0.19783975,0.08173824,-1.3667611,-0.22796932,0.17074831,-0.89253473,0.6315791,-0.48392677,0.025749505,-0.8155747,0.38756248,-1.0643924,0.8975196,0.14836465,0.19331458,0.670249,0.17111406,-1.2419392,-0.5734541,-0.52542704,1.6921959,1.0652534,0.066695906,-0.9339017,-0.5892666,1.4374539,0.8911899,-0.27852008,0.19555728,0.47506294,-0.37410092,-0.50951535,-0.5727859,-0.6960371,0.11258103,0.03588111,-0.917686,1.5338296,-2.0718095,0.86540824,0.21646798,-1.6755883,-0.39834818,0.2200067,-0.5846652,1.9717926,0.92466533,0.34939125,-0.073286474,1.0963892,1.0201253,-0.88850486,-0.2797549,-1.545252,0.79486,0.9769036,0.67281467,-1.5276765,-0.026999457,0.6659169,-0.512998,1.223983,0.111462764,-0.92114985,-1.1868635,-0.15976872,-0.7014813,-0.23268352,-0.29908153,-0.31971484,-1.0273601,0.7150976,-0.68573487,-0.61944395,0.5085947,-0.7815661,-0.032628417,-0.4821629,1.1110268,0.43994078,0.83655345,0.5525803,-0.5895357,-0.15701137,-1.1479477,-0.29880768,0.7883893,-0.6903715,0.483749,0.42034754,0.7807331,1.7155038,0.77394134,-1.4823452,0.8612848,-0.07284771,0.32042497,-0.33577254,-1.1718811,-0.39534444,-0.17390034,0.6899772,1.0796072,-1.8319272,-0.26807952,-0.07186316,0.58406746,-0.072361924,0.7377997,0.4466844,0.6206583,1.7699057,1.3120052,-0.116476074,-1.0563344,-0.8475241,0.78120106,2.002421,-0.8166577,-0.43496087,-1.6754335,0.16982801,1.0689508,-0.502115,0.026958883,0.31106207,-1.2595618,1.9142272,-0.8025424,-0.2223843,1.0601342,-0.6404684,0.71477705,-0.30762294,0.72916967,0.5228552,1.1611198,-0.6896057,0.4605475,0.8011551,0.5644866,-0.519229,-0.34366754,-0.6622749,0.10243229,-1.0181206,-0.70220757,-1.076905,0.17547418,-0.82921356,-1.2299904,1.129161,0.3334519,-0.51280725,-0.94559944,0.57564205,-0.57772654,0.05851823,-0.4887155,0.014464557,1.2657166,-0.30908248,0.52133167,-0.60217285,-0.8207607,-0.37636575,0.44496486,0.645616,0.8036997,-0.011197416,0.7984081,0.7052746,0.23330215,-0.5694436,0.49549058,1.0764892,-0.8131889,0.37423387,0.7882401,1.380778,0.18314569,-0.26740485,-0.63364166,-0.83350235,-2.5805,-0.15337412,0.4477984,0.8443982,-1.2317542,0.5505344,0.39495358,-0.015108481,0.0327918,0.5615598,-0.07421039,0.1403821,-0.92047447,1.4290265,-0.5919141,-0.73876363,-0.52097523,0.31968912,-1.5140785,0.33475015,0.3528799,-1.4677263,-2.0755074,-1.0381769,0.340539,0.019844452,-0.628357,-0.43538588,-1.1235468,-0.3108193,0.23095348,1.0951004,0.12926523,-0.42695412,-1.3225428,-0.0914673,-0.7902463,-0.5888054,-0.7246499,0.68081415,-0.13917497,0.89809036,0.40216097,1.3287381,0.60589164,0.8098298,-0.44288322,-0.70572317,-0.45190448,-0.16628161,1.3879699,-0.29356688,-1.0877752,0.23220655,0.694194,1.1802117,0.14457914,-0.72111356,0.53803295,-0.5322296,0.75849515,-0.7982894,2.1395566,1.1684818,-0.6952458,-0.55429894,-0.7350481,0.15467222,0.18296573,-0.7170809,-0.70748836,-0.025110569,-0.44480988,0.05962308,0.4201383,-1.4168876,0.05107937,1.0556915,1.0858357,0.38202634,0.20259336,-0.46561432,-0.94125944,0.6346096,1.1122833,-0.060336318,0.044597823,-0.064778216,-1.7566675,1.3839514,0.42284414,0.987292,-0.9656514,0.037414074,-0.000837226,0.5869822,-0.34553036,0.8507137,-0.43771002,-2.3114612,-0.46787328,0.19517662,0.67815834,0.071913734,0.06958385,-0.20440602,0.56653976,-0.16215618,-0.82186323,0.47374246,0.37208074,0.8507256,0.51213247,0.96617496,-0.5321701,1.0995094,0.75023115,0.4647045,-0.17927276,0.41652966,1.0448109,-0.81781,1.3268929,0.9326181,1.3885202,2.7063286,0.579268,-1.4551489,-1.3949178,1.02236,-1.8338387,-0.33055043,0.35649967,-0.79580194,1.7739521,-0.67476845,-0.71409595,1.8878194,0.058806565,0.08255712,-1.5746237,-1.3518455,0.7981016,0.34219244,-0.63343674,-0.32525656,-0.93940747,0.2683266,-0.42476696,-0.90660465,0.36914754,0.14736949,1.03845,1.7977724,-1.2261341,0.5194489,0.5878871,0.39664707,0.52881795,0.43458202,-1.2738339,0.4320858,0.6676216,-0.58126605,-0.6630338,0.3791926,-0.5876574,0.8923005,-0.33462432,-0.046571366,0.08724161,-0.8269596,0.18263224,-0.5749735,0.74732536,0.88025916,1.9170548,0.3778844,-1.1530321,0.07566458,0.71315485,0.80685866,0.7360806,-0.08371829,1.2713367,0.23148979,-0.7172052,-0.06923735,-0.33731624,-0.2594855,-0.4649422,0.878251,-0.31107092,1.0811337,0.44578865,-1.0777557,-0.7011156,-0.28607824,0.00026684575,-1.3473264,-0.70778894,-0.60594404,-1.2148554,-0.08537944,0.1251411,0.18054768,-0.94582313,-0.12750413,-0.9239562,-0.36755154,1.0388478,-1.170463,-0.6144602,0.47525233,-0.41909954,0.7058788,-0.80986065,0.19084942,0.26093096,0.5259871,-1.5959432,1.0621827,0.30227974,0.8547755,0.87389666,0.43913075,1.0443976,-0.23490116,0.33430976,-1.3137411,0.54073447,0.7969119,-1.6290941,0.19412735,-0.22258438,-0.50053304,0.42204046,-1.657692,-0.21552633,0.06417961,0.6820845,0.0368852,-1.3253795,1.5407016,-1.462634,1.3253392,-1.7676458,0.11460147,-0.38657206,-0.41634175,-1.4923388,1.1623663,0.35276827,0.70720863,0.49378347,0.36461332,-0.03683337,0.42756316,0.5050378,0.99053395,-0.38635084,1.1923386,-0.6556678,-1.5726767,0.64024395,0.8011384,-1.0934178,-1.6251906,-1.5194454,-0.47901616,0.8397222,0.122225024,0.1947471,0.9405099,-0.21405296,0.67515457,-0.8604828,0.28742525,-0.01526595,-0.5739309,1.572159,-0.034352686,1.5350206,-0.84239006,-0.66654634,0.92492807,-2.0457585,-0.45196766,-0.8087372,1.5483539,0.8800854,-0.18418409,0.021876505,0.43578622,-0.86598474,0.0072666877,0.63094294,-0.05865729,1.5310402,0.98880774,-0.12888727,1.7626235,0.14069526,0.84019774,-0.9955236,-0.68576306,1.8473598,-0.16415896,-0.2516267,-0.5696277,-0.3640654,-0.37150407,0.5051834,0.57904214,-0.15329969,-0.10424832,1.1509525,0.7467025,-1.5108044,-1.0758765,-0.7673668,0.18813078,0.9581356,1.5430266,1.4379224,-0.100129195,-0.676939,-2.1464932,-0.11349251,0.51259416,-0.17921805,0.47940865,-1.5278318,0.17150834,0.073866114,-0.37399116,-1.1879711,-1.933206,1.4925278,0.25888008,-0.21439965,1.5250505,-0.32760733,-1.2688787,-0.18988721,1.3036216,0.23792079,-1.356309,-0.81327295,0.90719354,-0.56158406,0.9716897,0.36671147,0.6185723,0.024768727,-0.020780457,0.8146831,0.35876575,-1.0475335,-0.7862697,-0.23000287,0.5528378,-1.4267409,-0.600072,0.5949421,-2.4087033,0.78909653,-0.5444771,-0.65083164,-0.026462516,-0.4811085,-0.58293265,-0.86812454,-0.16771118,-1.0684007,-1.4723593,-0.058996655,-1.0413474,-1.7036775,1.389269,1.652239,-1.1441544,0.29031315,0.6191236,0.3714292,0.56312597,-0.48178124,-0.52020967,0.42912826,-0.68945915,0.0070984727,-0.33685985,-1.3939122,-0.901813,-0.1444139,-1.3617877,-1.3245361,1.009001,1.6266448,-1.840988,-0.715115,0.30376706,-0.7712898,0.6461726,0.5047805,-0.15221135,-0.008964335,-0.5765077,-0.20473883,-0.026007997,0.90544266,0.22541544,-0.325229,0.7315308,0.4221873,0.09563457,1.5405095,0.53698057,0.6152105,0.8954506,0.44833398,-0.26900798,0.707912,0.05415458,-0.24909635,0.85473883,-2.0233562,-0.4640739,1.5451611,-0.7330326,-1.2370577,-0.23590922,0.062134903,-0.18511836,0.096022,0.47986454,1.5122995,1.4537886,0.73139435,1.8650948,-0.7335586,-0.6091997,-0.15241234,-0.08382338,-0.8426105,-0.8836869,0.4963402,1.0468167,2.8012927,-0.5421642,-0.19536684,0.8809051,-0.7272256,-1.0651513,0.7561883,0.39127213,-0.5437962,-0.24143781,0.29737487,-0.9740759,0.45961124,-1.9769324,-0.12651813,0.68096846,0.6782605,-0.808072,0.41362053,-0.02367374,0.40491298,-1.0442545,0.8758171,1.8374472,1.3698896,-0.4994844,-1.2882081,0.74238867,-0.36804006,-1.4795324,0.36357197,-0.4461085,-0.45513386,0.1441864,-0.72347313,-0.008037099,-0.8422375,0.08825863,1.2482382,-0.0890099,-0.21986817,0.15870103,-0.77066904,1.7737113,-1.0186837,-0.31949037,0.90203583,0.92015034,-1.6371267,0.30425456,-1.2107198,-0.29266855,-0.79204834,0.18083072,0.97977793,0.51785034,-0.683401,1.4203707,-0.14327121,-0.7821992,0.32884094,0.6301158,0.18605486,0.52051646,-2.2713637,0.7924954,-1.1606312,-1.5739869,0.0047967606,1.0727594,-0.38336274,-0.17067325,-0.12881744,0.6596512,0.417875,-0.8088743,1.1920372,1.8920797,-1.035819,-0.56484956,1.1882441,0.5883016,-0.3446857,-0.23229839,2.4216962,0.4803656,1.2543558,-1.0152644,-0.50336903,-0.37597606,-0.023340791,-0.5437509,-0.38092533,-1.2410604,-0.11587913,0.82468826,-0.47032788,0.3571197,-1.3170136,-0.22108679,0.82507855,-1.0411671,0.062794216,0.85095745,-0.5594132,-1.6213969,-1.475392,0.5500058,0.8221346,-0.22581784,-0.23073433,0.8795654,1.3921216,1.1916076,-0.62003887,-0.6303147,0.3677914,0.6769336,1.0824181,-0.915079,-0.9180028,1.1559218,1.0190845,-1.3919765,0.9067516,-0.7289342,-0.60180855,-1.5073534,1.4519904,0.62455606,-0.26629934,0.98785913,0.52539515,-0.12752055,0.66290146,-0.4244523,0.0029413847,-0.3299465,-0.5575647,0.11966809,-0.28680563,-0.865032,0.09371494,-1.0837772,0.2566067,-0.4457409,1.1818724,-1.4301487,-0.06073371,0.31320015,0.40807635,0.4151902,-0.39033487,0.19902284,-0.30062702,-0.82295763,1.8753873,0.67430913,-0.68984187,-1.36114,0.30517468,0.5191801,0.52032214,-0.3690269,0.12054896,0.40253264,-1.0274074,-0.08731513,-1.1446644,-0.72365767,0.12910298,1.283289,-0.812875,1.1617472,-0.98062915,0.91189235,0.03590778,-1.2283775,0.12064,-0.058627535,-0.766117,1.754377,1.0520533,0.27959746,-0.2014519,1.1835606,0.79756343,-0.25246003,-0.59141153,-1.7177254,0.5354381,1.2762955,0.28040925,-1.1557611,-0.07327501,0.6939479,0.10265744,1.5853299,-0.6184297,-0.47101384,-0.6315796,-0.41616374,-0.50212604,-0.09674015,-0.83379644,0.17382567,-0.9743341,0.054051578,-0.29495743,-0.28712505,0.53739053,-0.8752012,0.09813074,0.23433603,1.1623801,0.98758096,0.9435573,0.6943034,-0.8575544,0.29090697,-0.8150054,-0.86052245,0.7802744,-0.6879233,0.6308795,0.1821543,0.66466826,1.7373246,0.72632086,-0.39134064,0.2408612,0.069352455,-0.08140313,0.29867724,-0.81446,-0.13648513,0.5147476,0.23602568,0.022462947,-1.2863659,-0.43822953,-0.20463948,0.3442264,0.49640507,0.543391,-0.13027667,0.26973137,1.5664394,0.3161916,-0.79879093,1.0
ケ,0.2429837435483932,0.6616470813751221,0.4144341945648193,-0.5313122272491455,0.1043398976325988,0.1102759465575218,0.1062611937522888,-0.2478341162204742,-0.2821229696273803,-0.1260201185941696,0.3784200251102447,0.1037749797105789,-0.10788494348526,-0.294757604598999,0.5367764234542847,-0.928157925605774,0.1167352274060249,0.0656434595584869,-0.1832303702831268,-0.2120799869298935,-0.4948760271072387,-0.4055013060569763,-0.4894960820674896,0.4153940379619598,0.2371083348989486,0.0990686863660812,0.3000172078609466,0.2303175777196884,-0.1508395671844482,-0.4304077327251434,0.1607287675142288,-0.3669348955154419,-0.0078871855512261,-0.2883332073688507,-0.2220017313957214,0.4118724763393402,0.0157045312225818,-0.3442846238613128,0.6697462797164917,0.3244195282459259,0.492513507604599,-0.0104946829378604,-0.1454022377729416,-0.4759864807128906,-0.1838628053665161,-0.025675805285573,0.026679765433073,-0.2451867908239364,-0.145347774028778,0.2870108783245086,-0.0690131187438964,0.1475712805986404,0.2691896855831146,-0.0975613892078399,-0.1410095989704132,-0.2098197638988495,0.4573187530040741,-0.1174774765968322,0.0793971195816993,0.1471655964851379,-0.6074702143669128,-0.0248136818408966,-0.2856194376945495,0.2636463046073913,-0.1505414545536041,0.2051240503787994,0.1775323301553726,-0.1433065384626388,-0.0035859446506947,0.1596288084983825,-0.0907938554883003,0.2541209459304809,-0.4107077419757843,0.0826245546340942,0.4377497136592865,0.1316197663545608,0.1347358673810959,-0.6244744658470154,0.205821231007576,0.193708449602127,-0.1448723077774047,0.6121870279312134,-0.1083380207419395,-0.923694670200348,-0.3283492922782898,0.4229500889778137,-0.855821430683136,-0.6492044925689697,0.7465376257896423,0.1914977729320526,0.3263177573680877,-0.1214522197842598,0.1692380011081695,0.051663763821125,0.4650666713714599,0.0560071654617786,0.1095112487673759,0.000639735138975,0.0553719326853752,0.4078894555568695,-0.5672503709793091,-0.1987964212894439,0.2265511900186538,0.0204362273216247,-0.2532869279384613,0.102281630039215,-0.1485786437988281,0.2984353899955749,0.5234402418136597,0.1864424645900726,0.0229677036404609,-0.5233455300331116,-1.037511110305786,-0.0380867198109626,-0.5107100009918213,-0.0620136447250843,-0.146765798330307,0.2129094898700714,-0.0059054959565401,0.958530604839325,0.1520959734916687,0.6953815221786499,-0.2734029293060303,-0.4183167219161987,-0.6107425689697266,-0.0333437174558639,0.2114969491958618,-0.0050072912126779,0.2974022030830383,-0.5956506133079529,-0.1555178463459015,-0.3459401130676269,-0.4776040613651275,0.1496871560811996,-0.2893439829349518,1.3273342847824097,-0.2777860164642334,-0.3315542042255401,-0.1166881397366523,-0.7165441513061523,-0.3890847563743591,0.2689749002456665,0.4938358068466186,-0.3202112317085266,-0.355864554643631,0.2386700063943863,0.2283650189638137,-0.1370262056589126,0.3486682474613189,0.2297505736351013,0.070768654346466,0.7893009781837463,-0.4187586605548858,0.2134864628314972,-0.0380802862346172,-0.2275033444166183,-0.4241217076778412,0.8129070401191711,-0.0552768632769584,0.1299701780080795,0.4829398691654205,-0.3331312537193298,0.0883076786994934,0.6621437072753906,0.192182183265686,0.3532751500606537,0.5633125305175781,0.0806767791509628,0.5191296339035034,0.84903883934021,0.1574263125658035,0.1920378357172012,0.2674828171730041,-0.0119606144726276,-0.0179694071412086,0.3758255541324615,0.1096233204007148,-0.1509265750646591,0.0598473697900772,-0.6680653095245361,0.0179712958633899,-0.4222248792648315,0.2690566480159759,-0.6090359687805176,0.4296282827854156,0.1820018142461776,0.2575974762439728,-0.0080163571983575,0.2309181541204452,0.2193805873394012,0.0711452215909957,-0.1978735029697418,0.3086549341678619,-0.305957019329071,-0.2482561767101287,-0.040400955826044,-0.1866161823272705,-0.1047106832265853,-0.3690989017486572,0.6217343211174011,-0.0149576058611273,0.0208998396992683,0.1553537398576736,-1.0083690881729126,-0.6598727703094482,-0.0307220090180635,0.0740824490785598,0.2435399740934372,0.2011950463056564,0.4041383564472198,-0.3810803890228271,0.3071947991847992,0.2138439565896988,0.2134152352809906,0.7393538355827332,0.124230146408081,-0.4999823570251465,-0.6200705170631409,0.6957839727401733,-0.4209252595901489,0.2966658174991607,0.287886381149292,0.1154162883758544,-0.3496742844581604,-0.5425217747688293,0.3033263981342315,0.6870912313461304,-0.1928041577339172,0.2805252969264984,0.786598801612854,-0.2743557393550873,-0.7091795206069946,-0.755965530872345,0.4028015732765198,-0.5773530602455139,-0.0032976644579321,-0.1895332485437393,0.3897786438465118,0.103490449488163,0.4466934204101562,-0.2233365625143051,0.0843053236603736,0.1237956285476684,0.0208829268813133,-0.295165866613388,0.1247735247015953,-0.2412090301513672,-0.6967189311981201,-0.2191511392593383,-0.5633196234703064,-0.7809281349182129,0.2351743131875991,-0.0793177708983421,-0.6614803075790405,0.7603803873062134,-0.1348340362310409,0.1946591436862945,0.3506882488727569,0.6989926099777222,-0.2840446829795837,-0.9344939589500428,-0.6188869476318359,-0.109934501349926,-0.2047150284051895,-0.2345944344997406,0.2682673633098602,0.1313077062368393,-0.2012358456850052,-0.9308447241783142,-0.3641413450241089,0.5580544471740723,-0.4756347835063934,-0.2437719404697418,-0.0948891788721084,-0.5024368166923523,-0.1324057281017303,0.0524689331650733,0.6777330636978149,-0.5296950340270996,0.4793498516082763,-0.6652148962020874,0.2199455201625824,-0.9174380898475648,-0.3692097067832947,0.2431943714618683,-0.2337118685245514,-0.2766892313957214,-0.6346429586410522,-0.2657560408115387,0.0116315418854355,0.1325128227472305,-1.0660030841827393,-0.1120108589529991,-0.0864522457122802,-0.2063036113977432,0.5902285575866699,0.2407087236642837,0.3161251246929168,-0.2273279726505279,0.0248950850218534,0.1730425208806991,0.0993838012218475,0.4278195202350616,-0.1964274644851684,-0.2368857413530349,0.0010892205173149,-0.0591033622622489,-0.3960906863212585,0.5078621506690979,-0.163101851940155,0.2188931852579116,0.4486396014690399,-0.5537123680114746,-0.0463178567588329,1.2444818019866943,0.3487429320812225,-1.5020153522491455,0.5995408296585083,0.2303229719400406,0.4922672510147095,-0.0242355950176715,0.8289330005645752,0.1658795326948166,0.2400076240301132,-0.1751780658960342,-0.4951502084732055,0.8983199000358582,0.5475347638130188,-0.3157324492931366,0.4954361021518707,0.7171089053153992,-0.2827208042144775,0.3410134017467499,-0.6121780872344971,0.0275671202689409,0.3620475828647613,-0.1288771480321884,0.0586671493947505,-0.3593015968799591,-0.4158864617347717,-0.3234583139419555,0.2186788320541381,-0.054381426423788,0.3666248917579651,-0.6259625554084778,-0.3300541043281555,0.0359206236898899,0.905072808265686,0.7259753346443176,0.6455700397491455,-0.8034408688545227,-0.3687601089477539,0.3280030786991119,0.3391102850437164,-0.1116150394082069,-0.0498237125575542,0.3112061023712158,-0.6004527807235718,0.7444670796394348,0.004943897947669,-0.2737416625022888,0.4370934069156647,0.2138765752315521,-0.1150262430310249,-0.1550572216510772,0.3714747726917267,0.5801296234130859,0.0133970277383923,0.3824444711208343,0.1665427237749099,0.5571229457855225,0.0155771458521485,-0.3926637768745422,-0.2148728370666504,0.5078781247138977,-0.6612591743469238,-0.1466124355792999,-0.0399776212871074,-0.4440430402755737,0.3932904601097107,0.0550920702517032,0.1107166036963462,-0.4616883993148803,-0.0968769788742065,-0.3807919919490814,-0.3492355346679687,-0.7859245538711548,0.1585797220468521,-0.102816417813301,0.1691825091838836,0.0684942007064819,0.0590056367218494,0.6421015858650208,-0.3890002369880676,-0.694823145866394,0.49764084815979,-0.2100668847560882,0.616585910320282,0.1529806107282638,0.3491581380367279,-0.0853445529937744,0.5202713012695312,0.0830933153629303,-0.3337989449501037,-0.9165831804275512,-0.016295026987791,-0.7332712411880493,0.042853370308876,-0.1878782957792282,0.6519651412963867,-0.1901039034128189,0.1041358187794685,-0.2169331759214401,-0.1172236055135726,-0.6708835959434509,-0.4083777666091919,-0.0215285513550043,0.4125701189041137,0.1186963841319084,0.2391372174024582,0.0760342478752136,0.2227817773818969,-0.1969287544488906,-0.1205940619111061,0.2048063576221466,-0.2838293313980102,-0.2153407633304596,-0.3133227825164795,0.3032082021236419,0.2229405045509338,0.1993780732154846,0.1405640542507171,0.1348936557769775,0.9171162843704224,-0.0040773986838757,-0.5683957934379578,-0.202481135725975,0.0748540014028549,-0.5582358837127686,0.6207622289657593,0.603394627571106,0.3168795704841614,-0.2125132828950882,-0.0288510210812091,0.3115122616291046,0.2210391759872436,0.2493517100811004,-0.2543894052505493,-0.0992610976099968,-0.1656071990728378,0.6284988522529602,1.0713316202163696,0.2836301922798157,-0.1074520945549011,0.0900056660175323,0.4166778028011322,-0.3198823630809784,0.2921349704265594,-0.0971302092075347,-0.2276584059000015,-0.1310792714357376,0.1182970181107521,-0.0538550391793251,-0.6497675776481628,-0.0252242423593997,-0.2644214630126953,0.0595304928719997,0.1227905079722404,-0.0516981892287731,0.1294545233249664,-0.2900190353393554,-0.094262309372425,-0.1633104383945465,-0.1553844809532165,-0.4451681971549988,-0.0710231885313987,0.4448330998420715,0.2612958550453186,-0.5230633616447449,-0.1095476970076561,-0.5029499530792236,0.2451343834400177,0.2199645638465881,-0.973588764667511,-0.0070733963511884,0.4774846136569977,-0.4497261941432953,0.3073701560497284,0.7928303480148315,0.0182920433580875,-0.1018890142440795,-0.6858155727386475,-0.1857819855213165,0.0109096784144639,0.1317808181047439,-0.6567697525024414,0.8301150798797607,0.1016561090946197,-0.5717026591300964,-0.1149327009916305,-0.2627092003822326,0.034024178981781,0.0031094052828848,-0.3713329434394836,-0.3024531900882721,0.1304530352354049,-0.0712276026606559,0.3358756899833679,0.3019727170467376,-0.3836082518100738,0.5502412915229797,0.476828396320343,-0.1813965141773224,-0.2056408822536468,0.1381787955760955,0.1300579309463501,-0.2510866522789001,-0.490662008523941,0.5847228169441223,0.0990990921854972,0.4542977511882782,-0.5019312500953674,-0.4525839984416961,-0.9553918242454528,-0.3081034123897552,-0.4120027124881744,1.0101089477539062,0.106171153485775,0.5920789241790771,-0.5466233491897583,0.0369764156639575,-0.2334018349647522,-0.4807859659194946,0.0340243764221668,-0.00066391605651,0.1705408543348312,-0.5426018834114075,0.0597610399127006,-0.0566765144467353,-0.5716797709465027,0.5897325873374939,0.2156503498554229,-0.5519767999649048,0.214102029800415,0.3325624465942383,0.4883544743061065,-0.3271539509296417,-0.004443631041795,0.028824022039771,-0.4150506258010864,0.4931075572967529,0.598717451095581,-0.0168216433376073,0.0082954056560993,-0.4523566663265228,0.1862673312425613,0.4561715424060821,0.0995494574308395,0.5674883723258972,-0.1299070566892624,0.3055258095264435,-0.393447607755661,-0.5910243988037109,-0.1656953394412994,0.5245293974876404,-0.0361129119992256,-0.2305850982666015,0.520514965057373,0.812446653842926,-0.4471359252929687,-0.2025977224111557,0.5878554582595825,0.5430659055709839,0.5173218250274658,-0.1239184811711311,-0.0395412445068359,-0.1178594082593917,0.3187896609306335,0.1799277663230896,0.0406401194632053,0.0795059874653816,-0.3792600333690643,0.1649370342493057,0.0250375401228666,-0.0221073124557733,0.0572055093944072,-0.1905837059020996,-0.2511022388935089,-0.0188268590718507,-0.090795986354351,0.9667328000068665,-0.0944556295871734,-0.0823743417859077,-0.1619880199432373,0.0251872967928648,0.7463778853416443,0.3581504225730896,0.5912224054336548,-0.2392962276935577,-0.158086210489273,-1.1010819673538208,0.1275637000799179,0.313126653432846,0.2486414015293121,0.4778515994548797,-0.5838837027549744,-0.4259118437767029,0.1567355543375015,-0.0280694551765918,0.2171958833932876,-0.3518778383731842,-0.3050165474414825,-0.0396391414105892,-0.1147433742880821,-0.6355258226394653,0.1865203827619552,0.0695757940411567,0.2216122150421142,-0.2658445537090301,-0.1083803921937942,0.0552495196461677,0.7241560816764832,0.0491474531590938,-0.1668150871992111,0.4289432168006897,-0.5209513902664185,-0.3094995319843292,-0.2502380311489105,0.4035990536212921,-0.1378433555364608,-0.2864646017551422,-0.1820030808448791,-0.2839915752410888,-0.1860846579074859,0.1142166927456855,0.7544969916343689,0.3308906853199005,-0.4474155604839325,-0.2436137497425079,-0.6800034046173096,0.1107430011034011,-0.0449113100767135,-0.2781331539154053,-0.1667873561382293,0.0878268927335739,0.1511742919683456,-0.0381850898265838,-0.4347122609615326,-0.9467491507530212,0.2705251574516296,0.0103676039725542,-0.0074499985203146,-0.5324368476867676,-0.2000237107276916,0.1846408545970916,-0.1127865463495254,-0.0611799508333206,-1.416852951049805,0.2163655906915664,0.2854018211364746,0.474258691072464,-0.5205056667327881,-0.1401354521512985,-0.3134582340717315,0.079124741256237,-0.0675518810749054,-0.3643983602523803,0.2236636132001876,-10.126229286193848,-0.5954090356826782,-0.2013663649559021,0.1831450760364532,-0.6076692938804626,-0.0956417769193649,0.7921034097671509,0.413495659828186,-0.7086025476455688,0.2050848752260208,0.0776176750659942,-0.0283153001219034,0.3393615484237671,0.749784529209137,-0.4074761271476745,0.0213155783712863,-0.1998467445373535,0.0702861994504928,0.0554596148431301,0.2280466705560684,-0.0689334645867347,-0.4802581667900085,0.7317725419998169,0.0283301267772912,-0.0139087084680795,-0.2485344260931015,-0.0482468679547309,-0.0003126022929791,-0.2205953449010849,0.558956503868103,-0.9520581364631652,0.6147222518920898,0.0145301884040236,0.0522126071155071,-0.5024722814559937,-0.1647526025772094,0.0200219843536615,0.3842663764953613,-0.5653843879699707,0.1704603135585785,-0.1715089976787567,0.7515622973442078,-0.0378189496695995,0.3845742642879486,0.2855170965194702,0.2306790500879287,0.3776623606681824,0.3391391634941101,0.4178454279899597,-0.1351577639579773,0.1267131716012954,-0.8318745493888855,0.7936612963676453,-0.3537940979003906,0.0752086713910102,0.0817460492253303,0.5929507613182068,-0.4896476566791534,0.2425201833248138,0.0449772663414478,0.5130683183670044,0.2265548110008239,0.5212042927742004,0.771906316280365,-0.0512834563851356,0.0863157957792282,0.1183015257120132,0.1627729535102844,-0.6374534368515015,-0.1275700479745865,0.4738827049732208,0.3821472823619842,-0.1575829535722732,0.3601088225841522,-0.1020923852920532,0.0407757274806499,0.1951898038387298,0.284396082162857,0.6152212619781494,-0.1505789905786514,0.5937989950180054,-0.6158877611160278,0.3322451710700989,0.316054105758667,-0.8139500021934509,0.3925434052944183,-0.1298147588968277,0.0886130779981613,0.3968512415885925,-0.6393334865570068,0.7390257716178894,0.8232161402702332,-0.4749906957149505,0.1071046143770217,0.4608772695064544,-0.3346630036830902,0.1829065084457397,-0.0594441927969455,0.5927159786224365,-0.0158273372799158,-0.711294,-0.09484708,0.80504066,0.5332652,-0.92394584,-0.417853,-1.5436362,0.85919553,0.9617539,-0.048621505,0.42612264,0.04329008,-1.9339482,2.2003822,-0.6162302,0.2848887,1.1869091,-0.51915675,1.1496356,-0.4754555,0.17222996,0.42374185,0.58543366,-0.8759005,1.2382563,0.24494632,0.55756605,-0.4271749,-0.18734913,-0.7543731,0.41592196,-0.29227412,-1.0534292,0.33227703,0.3016576,-1.5964494,-1.1911886,0.8361506,0.36725295,-0.47827116,-1.1230562,0.40379563,-0.4172274,-0.04906055,-0.056054752,-0.05919848,1.3280452,0.025433043,1.0913312,-0.1180923,-0.47164753,0.045750428,0.02575604,0.6752755,0.4086944,-0.09860596,1.1807989,1.045536,0.2703059,-0.38467297,0.9089675,1.0825526,-0.69625014,0.30146912,0.27461568,0.35693726,-0.14358838,-0.21551555,-0.85831755,-0.69475144,-2.531042,-1.4331789,-0.31007186,1.0898017,-1.5672241,1.1148028,0.3665144,-0.48339716,-0.20158173,0.15505327,0.15855312,-0.23163177,-0.40233037,0.98373055,-0.2720411,-0.93541104,-0.27547625,-0.82484293,-0.64753294,-0.8234196,-0.24271953,-2.0228453,-1.148692,-1.6252264,1.0327809,-0.17255636,-0.9814934,-1.1789097,-1.2405595,0.19546933,-0.044117823,1.3227371,0.02936556,-0.2972033,-0.76700306,-0.1551323,-0.60505813,-0.40960106,-0.6348509,1.144582,-0.28656483,0.59729177,0.5416182,1.2344141,0.67390877,1.0002341,-1.3707566,-0.63245016,-1.220877,-0.022748113,1.1048337,0.41216823,-0.38521048,1.035087,-0.022994304,0.5045473,-0.073870085,-0.62468535,0.408131,-0.0142289745,0.72877645,0.41411266,1.9311293,0.7317713,-1.2469379,-0.6168384,0.25428578,0.45204273,-0.24996714,-1.1379207,-0.31280187,0.35684195,-0.15986174,0.6013964,0.16330524,-1.2676157,-0.11871467,0.6298259,1.1459446,0.37314036,0.29595903,-0.17114265,-1.2134,0.5706764,1.1623181,0.2487971,0.23895083,0.5320958,-1.8023821,1.0486506,-0.12528501,1.1526376,-0.93115944,0.5517369,-0.16740368,0.74942684,-0.98551464,0.30024195,-1.1024573,-1.7501537,-0.48048115,0.12334591,0.11491799,-0.25281933,0.5189474,-0.52493566,-0.06420527,0.39495715,-1.2174499,-0.55728143,1.0258421,0.81573987,0.31582537,1.3436027,-0.19157362,0.19533373,0.7677048,0.58200413,-0.016067328,-0.15087096,0.59139866,-1.2716575,1.1778594,0.96061414,1.146119,2.812085,0.7945569,-1.8666587,-1.0378253,1.1500463,-1.8571095,-0.8688666,0.42862895,-1.3414546,1.3853086,-0.70662975,-1.0702099,1.427936,0.33123305,-0.038247425,-1.1442238,-1.3893772,0.80755407,0.6581338,-0.9840115,0.038842127,-0.70458215,0.3477911,-0.35009083,-0.49777272,0.59293944,0.43448964,0.67926,1.4806432,-0.7362729,0.8401015,0.12619862,-0.0052169035,-0.35313353,0.52364737,-1.1648642,0.4469749,0.3587096,0.12284309,-0.512527,0.29394248,-0.5033208,1.059007,-0.62387675,0.9912653,0.46085718,-0.3945711,0.05393845,-0.010395105,0.714416,0.6499403,1.646802,0.6435775,-1.4583303,-0.26823875,0.57188624,1.237292,0.6156736,0.10364434,0.8452886,0.91559815,-0.3270956,0.09493419,-0.5195958,-0.023813853,-0.13792935,1.0232267,0.7901559,0.26133794,0.19184451,-0.95036453,-0.9844559,-0.04672311,0.2796015,-0.8177388,-0.8407853,-0.7010917,-0.9075903,-0.008665398,0.08285508,-0.054978747,-0.41999686,-0.8679902,-1.102661,0.6244915,0.6523617,-1.4916552,-0.18208313,0.06248029,-0.24363847,0.25504646,0.35394526,0.25235525,0.37343118,0.43860492,-1.1246946,0.82777953,0.21730916,0.77001494,1.7553955,0.27401736,0.77426213,-0.5897345,0.23247485,-0.8050155,0.66982824,0.5836477,-1.59541,0.63135403,0.008994279,-0.9113319,1.1666687,-1.1742026,-1.018896,-0.83610415,-0.04496504,-0.12797654,-1.1608759,2.2614892,-1.6865209,1.6044253,-1.4728159,-0.7287995,-1.2987355,-0.24366915,-1.6332575,0.2814103,0.2780757,-0.03722046,1.1456436,-0.28444365,0.06891296,0.07035952,0.14323625,1.1670972,-0.3142487,0.8106277,-1.4389825,-1.685893,0.15796733,0.43299744,-1.2509737,-1.3284415,-1.510549,-0.5846527,-0.019364797,-0.3455325,0.080723286,1.0095059,-0.086907536,0.9060192,-0.7103544,-0.81519556,0.30979505,-0.6462617,1.2978585,-0.52519506,1.5941554,-0.93955094,-1.0030874,0.38548747,-1.6522783,0.26801607,-0.5868374,2.3917463,0.45375586,0.31502405,0.3622711,0.7467744,-0.59385234,-0.1407444,1.6108557,0.16265537,1.8690878,0.094884574,-0.38462338,1.7664667,-0.066896155,0.39208564,-0.8744142,-0.2587416,2.0090485,-0.35115775,-0.32776627,-0.2238413,-0.1657673,-0.4384216,0.33730695,0.676174,0.50155663,-0.23138082,0.8460953,0.21412851,-0.88262373,-0.7974712,-0.27129856,0.80117005,1.0088145,1.4015355,1.4328818,-0.08089697,-0.48242077,-1.651513,-0.13202031,1.0068183,0.3418891,0.26515052,-1.0711836,-0.28066218,0.3908894,0.64317113,-1.3869759,-1.3626771,1.2986485,0.16216134,0.75923055,1.4009386,-0.78848654,-1.8831569,-0.57395035,0.50961167,-0.32123032,-0.7280151,-0.7440018,0.78465056,0.013451527,0.84997934,0.6426252,0.34160146,0.13182881,-0.5944698,0.48442897,0.6774316,-0.6889732,-0.43262076,0.15862375,1.1059045,-1.4592506,-0.221406,0.72339654,-2.3181138,0.22735511,0.011407286,-0.17092685,-0.14604813,0.027511707,-0.749515,-0.46334055,0.06865787,-0.76056194,-0.33546495,0.61595947,-1.1769804,-1.3541975,1.0516437,1.7900485,-1.0322665,0.52067274,0.50331694,0.23220122,0.32886434,0.32728526,-0.6178754,0.084405,-1.0653268,0.06657597,0.20954956,-1.2667105,-0.09814041,0.531418,-1.1656183,-1.2773129,1.1825423,0.7752182,-1.5062252,-0.6748216,-0.49955404,-0.42067456,0.56848437,0.7506647,0.20270215,-0.046343397,-0.98940474,-0.34311724,-0.30624762,0.12926602,0.17468415,-0.3386464,0.69562656,-0.12086368,0.3348639,2.10735,0.19092108,1.2099289,1.2227725,0.30274767,-0.46282446,0.5647716,0.5552183,-0.08283927,0.9259818,-1.4269633,-0.71466714,1.2569383,-0.31003296,-0.34545493,-0.18201016,0.8287248,-0.53602797,-0.20285709,0.110308915,0.51445407,1.1264046,0.7096779,1.5992016,-0.2819284,-0.88459235,-0.7751135,-0.0020590175,-1.2523785,-0.3946112,0.6181665,0.7097284,2.5131888,-0.91892,0.111814715,0.93688875,-0.78483254,-0.895086,0.7104683,0.73564214,-0.3448442,-0.7360782,0.46560785,-1.1048404,0.29577973,-1.3888798,-0.41594017,0.18887435,0.79504895,-0.42047015,-0.3457007,0.852398,0.68778276,-0.76012534,-0.16452171,0.68917805,1.635992,-0.3772219,-1.0429224,0.7769219,-0.5378472,-1.0667634,0.28009364,-0.8877389,-0.82744217,-0.048828926,-0.13079767,-0.10741943,-0.32161885,-1.0121719,1.4198527,0.033773977,-0.30349278,0.5869424,-0.642412,1.6467228,-0.010360877,-0.6912613,0.9945988,0.99207234,-1.9750413,0.10996204,-1.4499785,1.445309,-0.445259,0.7754604,0.8240151,0.6190528,0.05140454,1.2309469,-0.1875537,-0.17929578,-0.3921723,0.8873896,-0.0026257073,0.62942296,-2.1877794,1.342104,-1.470774,-0.8760279,0.4311844,0.43999228,-0.75807977,0.6048914,-0.33113942,0.6034535,0.28148255,-1.1010617,1.1213328,2.129494,-1.1292071,-0.30994716,0.11778941,0.43103006,-0.5691903,-0.4528892,2.4758222,0.19164026,1.1948527,-1.0567695,-0.4984556,0.5798144,-0.02126051,-0.89647645,-0.7400291,-0.8552556,0.11547762,0.44592834,-0.5057412,0.8841632,-0.75547886,0.6630634,0.8195057,-0.85787034,0.08513737,-0.011865996,-0.77399874,-1.1071467,-1.4364518,0.31252447,0.7864587,-0.7763255,0.35654852,0.8544025,0.9315612,0.4813347,-0.15469721,-0.90835285,0.5762712,0.18889767,0.77903026,-0.86111385,-0.97212005,0.90907353,1.2472914,-0.8736767,0.59300745,0.04258901,-0.43046904,-1.4856381,1.511614,0.25167796,0.016371876,1.1048275,0.81014925,-0.051691454,1.4114672,-0.7903753,0.20178789,0.14317733,-0.5707776,-0.63117397,-0.4016212,-0.7209609,0.6226099,-0.7105572,-0.33691296,-0.39898673,0.7786718,-1.690939,0.31442106,-0.52750534,0.39633885,0.20005262,0.3120954,-1.5283967,-0.5313947,-0.78581303,1.5770534,1.0739566,-0.019941637,-1.3032794,0.20922798,0.65984577,0.55225545,0.19095989,0.22183509,0.44982406,-1.1308179,-0.55892646,-1.4944035,-0.37656704,0.37356862,0.51471823,-0.9681251,1.2744933,-1.6994586,0.19334097,-0.54546034,-1.0645123,-0.35504365,0.25771657,-0.056167748,2.2171514,0.8034057,-0.19507991,-0.25379694,0.6454058,1.3084708,-0.03357323,-0.25694415,-1.5572338,0.30627787,1.2752441,0.30951938,-1.3466735,-0.029158095,0.4336581,-0.47701502,0.95283073,-0.33861923,-0.90382665,-1.1441358,0.3015441,-0.3751205,-0.6958435,-0.07087201,0.49263445,-1.0544194,0.34491953,-0.45289508,-1.3215418,0.21129721,-1.1659315,0.22222643,0.17292811,0.82824063,0.66478175,0.7672355,0.60789156,-0.43080822,-0.13966456,-1.152068,-0.22202325,0.766524,-0.9393875,0.28766015,0.31192714,0.9420731,1.5502375,0.22130734,-0.97929376,0.16493455,-0.18826894,0.26460013,-0.4146504,-1.0928041,-0.81222826,-0.029444924,0.16358726,0.9740718,-1.3840913,-0.6909921,-0.08519435,0.7760446,-0.1989847,0.7642102,0.19617724,0.42245805,1.6756878,0.7100525,-0.12113163,-0.70950913,-0.69086,0.62996215,1.1186119,-0.9569411,-0.7077208,-1.5635382,0.121200524,1.1211234,-0.44167128,0.3618872,-0.030733988,-1.1183466,2.1074185,-0.48208192,-0.06233673,1.3623234,-0.69502306,0.7086417,-0.73223853,0.039210256,0.5758665,0.44331944,-0.7010743,1.2179908,0.99803203,0.67738336,-0.4454882,-0.5422427,-0.7381119,0.38411108,-0.39123082,-0.8966424,-0.46805248,0.56039834,-0.96663815,-1.7260365,1.1276041,-0.35326204,-0.42633262,-1.0229108,0.6435079,-0.30986628,-0.13225132,-0.27183452,-0.3859613,1.2293459,-0.17733805,0.6517024,-0.3460423,-0.5570783,-0.04400141,0.5615804,1.0019891,0.4547961,-0.014840673,1.434553,1.3327044,0.1709166,-0.82119817,0.5320701,1.2488128,-0.86889213,0.3319554,0.9614225,1.0411247,-0.12596244,-0.3610637,-0.3284265,-0.3726758,-2.0242808,-1.3671962,-0.6015374,1.6146169,-1.5342335,0.9863692,-0.012536447,-0.33458373,0.55233186,0.13575031,0.076184295,0.152025,-1.1610409,1.644997,-0.41228917,-0.7648738,-0.6145104,-0.5666066,-1.4736948,-0.089187086,0.008768548,-1.64876,-1.8193568,-1.3990827,0.7535069,0.35608795,-0.7318435,-0.46114266,-1.5147591,-0.06101464,0.2659684,0.8484814,-0.33106264,0.027285894,-1.2992148,-0.059183944,-0.68290097,-0.42730114,-0.8258436,0.92081255,-0.078043096,0.26139548,0.64065725,1.2845868,1.1607926,1.3293555,-1.2589382,-0.80782145,-0.88137656,-0.11560934,1.2892193,0.24657749,-0.67808604,0.65793186,0.0658327,0.47047806,0.4634491,-0.74988073,0.39308393,-0.40194383,0.9534107,-0.5938285,1.6239918,0.56049955,-0.7920751,-0.5263571,0.088635884,-0.092127025,0.65949464,-0.47174326,-0.6355149,-0.0732438,-0.22966217,0.12568806,0.11723877,-1.5990953,0.5254167,0.2526215,1.4329481,0.19068658,-0.28674048,0.20371811,-1.1176047,0.7720912,0.9323297,0.06443599,0.5517221,0.33869886,-1.6027886,1.7602682,0.4167969,1.1167543,-0.8710623,0.030303637,-0.007883806,0.69722605,-0.79827267,0.44215533,-1.1280594,-2.1859572,-0.2767206,0.56426376,0.2613633,-0.41254982,0.5640153,-0.076263644,0.36415133,0.23123986,-1.1219915,-0.36589423,0.67295855,0.8991802,-0.10511544,1.0419072,-0.03518625,0.20079394,0.7503154,0.6857679,0.36004722,-0.24425757,0.82858855,-1.0648412,1.2974921,1.406977,1.1930207,2.4439793,0.52234715,-1.3549048,-1.4499289,0.9750473,-2.1610143,-0.13706972,0.48941255,-0.7169216,1.0833442,-1.0363415,-0.77692527,1.8554331,0.48821107,-0.16526742,-1.5911671,-1.2511202,0.6843407,0.2903196,-0.6932679,-0.29243973,-0.33567372,0.13657482,-0.55687696,-0.5043941,0.58743733,0.46705565,0.73384756,1.0820643,-1.2451988,1.0731199,0.6166863,0.6804803,0.026090577,0.8328612,-1.4549365,0.22939324,0.80163795,0.23579054,-0.2796413,0.0058395765,-0.7452524,0.86138153,-0.34783486,0.47925544,0.27526256,-0.65525466,0.2652168,0.16462989,0.23406537,0.9393764,1.5450805,0.8309229,-2.1860466,-0.36922932,0.075487845,0.8720053,0.7768851,-0.099905975,0.97400165,0.7056837,-0.58346194,0.4288837,-0.3711137,-0.030772114,-0.020809658,0.5543553,-0.012642781,1.0585002,0.14093976,-0.77196234,-0.7652983,0.46234867,0.7880357,-0.73944706,-0.6860297,-0.42131975,-1.3200314,0.39925537,0.059699252,0.30123544,-1.2752517,-1.1193824,-1.1646014,-0.42536235,0.695059,-1.8609762,-1.0648415,0.021510601,-0.2735799,0.31069013,-0.3683897,-0.020258473,0.4587946,0.5253353,-1.3294966,0.7850966,0.041920006,0.662631,0.9207955,0.09222126,1.1125244,-0.38414463,0.76444745,-0.91466767,0.62544364,0.6817865,-1.4455184,1.004797,-0.03739503,-0.107182026,0.53695923,-1.3426647,0.06749317,-0.8696539,0.28651085,0.34916508,-1.3085835,2.0455868,-1.531187,1.2564038,-1.6116344,-0.71991616,-0.7225053,-0.27842557,-1.5964555,0.9349994,0.63158524,0.42521915,0.5430265,-0.27343354,-0.049287006,0.6122169,0.12131391,0.62208885,-0.089687735,0.8339796,-1.1142199,-1.5192693,0.2518165,0.72686934,-1.1882023,-1.1392603,-1.966705,-0.63551027,0.61442775,-0.47187063,0.6037725,0.64621454,-0.21523148,0.35147262,-1.1045638,-0.4884608,0.41146556,-0.6012032,1.4046683,-0.22393613,1.6852027,-1.0196121,-1.1801553,0.8204387,-1.4731275,-0.44961467,-0.55175155,1.8522359,0.73632574,0.22471826,0.42243698,0.87467057,-0.98973894,-0.30243585,1.0630344,-0.038728163,1.463469,0.6396133,-0.36171994,1.907395,0.40908456,0.8238717,-0.47686586,-0.5895507,1.4421841,-0.108421244,-0.02808001,-0.30290046,-0.50643235,0.0147144,0.35921314,0.5061652,0.46433067,-0.089012384,0.76026636,0.9028174,-0.68066716,-0.65628105,-0.6702902,0.98525244,0.9204319,1.2564913,1.8342716,-0.12645169,-0.6223801,-1.6037441,-0.096663415,0.8051109,-0.08210037,0.90992063,-1.1119226,0.02727761,0.39386347,-0.034107346,-1.11145,-1.7653221,1.7191287,0.297797,0.3664316,1.1983966,-0.8620321,-1.3807336,-0.6468684,0.35213038,0.15784143,-1.1804682,-0.5081155,0.8429598,-0.40753293,1.0940735,0.26090047,0.62391824,-0.16494684,0.11419239,0.7223263,0.34090337,-1.0534381,-0.6658485,0.09065852,0.44466457,-1.771543,-0.84564877,0.13987033,-2.0915773,0.5884797,-0.31633887,-0.6238958,-0.25933883,-0.2899288,-0.7593072,-0.46816865,-0.1204963,-0.5938546,-0.98687047,0.86082643,-1.2296499,-1.1123562,1.0590084,1.2511581,-0.6420503,0.1574793,0.85211474,0.123278,0.72289205,-0.24576528,-0.33478427,1.0229303,-0.58229333,-0.4868096,-0.26510596,-1.0432023,-0.39374033,0.12806232,-0.6849405,-1.2043167,1.2891651,1.1049365,-1.7152814,-0.66754603,-0.41103664,-0.65054417,1.3985823,0.5439055,0.54109144,0.10731932,-0.43136835,-0.5000009,0.16808875,0.7403572,-0.5534285,-0.41471362,0.8649955,-0.79549193,0.42436266,2.1308796,0.280234,0.7359933,1.1521841,0.5945844,-0.5764378,0.49079683,0.2360205,-0.29524693,0.61656743,-1.5490333,-1.0752736,1.4619765,-0.54179126,-1.2464153,-0.32496464,0.5275933,-0.5613376,0.022680292,0.64168,1.0272355,1.0070175,1.0545818,2.075863,0.071657225,-0.47300056,-0.747216,0.3027015,-0.6186543,-1.0258633,0.36402872,1.0363811,2.057855,-0.2502075,0.17297809,0.6879158,-1.043527,-1.2466756,0.616295,0.61006904,0.13930263,-0.556895,0.27340317,-1.401123,0.26396036,-1.5684937,-0.48663488,0.41426766,0.5225821,-0.34238374,0.14485355,0.7667044,0.34955493,-1.0983585,0.70959157,0.8979127,1.3710594,-0.43367442,-0.7615164,0.11288217,-0.7665437,-1.5506034,0.13481487,-0.8219302,-0.45156994,0.20066957,-0.54497176,-0.32489863,-1.0897826,-0.8129754,1.4029471,0.21710353,-0.7302204,0.6310551,-0.90258545,1.5771974,-0.5472924,-0.21882872,1.6403035,0.23245603,-1.3768415,0.10950386,-1.2928735,0.57118136,-0.6323299,0.39697143,0.5268886,0.33035788,-0.56514245,1.1954952,-0.13169959,-0.48435426,-0.45695505,0.53528696,-0.14278513,0.5889309,-1.7855412,1.2587276,-0.9857523,-1.1449348,-0.13961886,0.69701153,-0.39634728,-0.16941446,0.040799413,0.47594652,0.8219483,-1.2570928,0.66870356,2.1265914,-0.49451044,-0.8436225,0.9474559,0.3274034,-0.49043563,-0.04083055,2.488519,0.61960834,1.115455,-1.0526923,-0.7156608,-0.2505987,-0.46871158,-1.0988581,-0.33246604,-0.22541453,0.10733981,0.6975089,-0.5441484,0.72441,-1.2484674,-0.13849276,1.1009926,-0.60030496,0.09792624,-0.014432405,-0.32800865,-1.3191911,-1.5614228,0.2996591,0.92145324,-0.9192148,0.5565865,0.6429052,1.4181539,0.6348709,0.105248295,-0.41601086,0.56815785,0.93503547,0.89254785,-1.1511098,-0.7921357,0.89301556,1.4385504,-0.8329837,0.3462644,-0.3135706,-0.26886687,-1.2489177,1.3726177,0.40796903,-0.14602692,1.082695,0.4625044,0.35967278,0.57856244,0.015086855,0.36931428,-0.34993485,-0.89419025,0.30153626,0.027643168,-0.9564139,-0.3455898,-1.0371497,-0.10278794,0.047451776,0.43851462,-1.195835,-0.14962493,-0.48285604,0.74111503,0.21325974,-0.33333012,-1.0918522,-0.30062643,-0.8772902,1.8484534,0.9606621,0.11313319,-1.586538,0.7870249,0.7972701,0.3904362,-0.897896,0.6409399,0.3845015,-1.033284,-0.6032904,-1.1580249,-0.4170526,0.2695693,0.74880725,-1.030087,1.2284564,-1.7089847,0.42065617,-0.44294134,-1.1704551,-0.18766093,0.13264464,-0.6410223,2.0508575,1.1117219,0.352463,0.19761138,0.8809831,1.0572361,0.13150124,0.04397141,-1.5331941,0.75509626,1.2847399,0.5394227,-0.86405855,-0.66747975,0.2821466,-0.7395796,1.2801014,-0.20177113,-0.44377282,-0.84334993,-0.27168527,-0.5794787,-0.4012312,-0.46152446,0.053331133,-1.437065,0.103896946,-0.6447684,-1.0087961,0.9067903,-0.7886591,0.17358877,-0.17035758,1.1877955,0.6252361,0.9091771,0.80669594,-0.6121125,-0.30653906,-1.1020366,-0.5278762,0.8669224,-0.75473624,-0.2384773,-0.16557227,0.9665738,1.9272002,0.6592925,-0.5655907,0.41226998,-0.20381917,-0.27267978,-0.09744865,-0.7332836,-0.33333275,0.3172044,-0.20529096,-0.116514236,-1.4911875,-0.50182235,-0.48075595,0.5471888,0.57714766,0.69733167,0.5477247,0.24127038,1.8470184,0.6951975,-0.21986568,1.0
ツ,0.5930546522140503,0.6319737434387207,1.0374304056167605,-0.3383469581604004,-0.3173145055770874,0.1539123505353927,0.3153692781925201,0.1515471637248993,-0.4578653573989868,-0.2202220112085342,0.5763997435569763,-0.3914760649204254,-0.1334523111581802,0.279024213552475,0.3356066644191742,0.1374870091676712,0.261563777923584,-0.228357583284378,0.0492620840668678,-0.7415341734886169,-0.9501937627792358,-0.612515389919281,-0.4344922602176666,0.4547875821590423,0.0751314908266067,-0.2520163059234619,-0.4934850931167602,0.6057757139205933,-0.1709099560976028,-0.6646323800086975,-0.3495495319366455,-0.1441269516944885,-0.0062627103179693,-0.2704456448554992,-0.4186931848526001,0.3660819232463836,-0.0908106416463851,-0.167567566037178,0.2112042009830474,-0.3609657287597656,-0.0011444424744695,-0.2149135321378708,-0.4878867268562317,0.2321127206087112,-0.4773766100406647,0.6705694198608398,-0.0940615907311439,0.1549710631370544,0.2920421063899994,0.0608545802533626,-0.301110178232193,0.6008332967758179,-0.1358134150505066,0.0839150249958038,0.4559266269207001,-0.4414195418357849,0.2604157924652099,-0.4718002080917358,-0.1638858616352081,0.1065220534801483,-0.1598249673843383,-0.117468774318695,0.4507288932800293,0.1673110127449035,-0.1664277017116546,-0.2495895326137542,0.2202233672142028,-0.1808768361806869,0.1080668717622757,-0.9672194123268129,-0.1319510638713836,-0.0258802082389593,-0.1504610329866409,-0.4684182703495025,0.4988673627376556,0.0243514459580183,0.0468619428575038,0.281541645526886,0.3764991760253906,0.0390359312295913,-0.0303812641650438,0.5560542941093445,0.2749850749969482,-0.651585042476654,-0.1586238443851471,0.2885416150093078,-0.5720490217208862,-0.9294161200523376,0.2649970650672912,-0.2499710768461227,0.1539921909570694,0.0467643775045871,0.1222413778305053,0.1437198668718338,-0.0880763903260231,0.0817514434456825,-0.0137730427086353,0.0303064100444316,-0.1829750686883926,0.2707027494907379,-0.1065154671669006,0.1084117665886879,0.2143130898475647,-0.4609081149101257,-0.1057035401463508,0.4346997737884521,-0.3124888837337494,0.1877999454736709,0.2352217584848404,0.0921714007854461,-0.1803275495767593,-0.1840845793485641,-0.7123745679855347,0.1502789556980133,0.276150643825531,0.174813911318779,0.0092162927612662,0.3546351790428161,-0.4534464478492737,0.4601621031761169,0.0543807819485664,0.4500854909420013,0.1634600013494491,-0.5355239510536194,-0.2583604454994201,0.4782887399196625,0.1057405769824981,-0.0972614884376525,-0.3854002952575683,-0.0368733704090118,-0.514321506023407,-0.1660285741090774,-0.2616156935691833,-0.2344823181629181,-0.1488438099622726,0.975131094455719,0.0155135244131088,0.0206181351095438,-0.0267561897635459,-0.0891184881329536,-0.6971913576126099,0.3064770698547363,0.1040750816464424,-0.3078424334526062,0.2364470064640045,0.0845491215586662,-0.6164693236351013,-0.0115081584081053,-0.0982868075370788,0.4136125445365906,-0.235832080245018,0.9884220361709596,-0.7586669921875,0.4721824824810028,0.3416218757629394,0.2273471504449844,-0.4137569367885589,0.0671729147434234,0.2239904552698135,0.2378989607095718,0.3375002145767212,-0.3559703230857849,0.247457280755043,0.5228894948959351,0.1553430408239364,0.3290236294269562,0.676953911781311,0.103399820625782,0.1686213165521621,0.62786465883255,0.2534085512161255,0.4748419821262359,0.4065767228603363,-0.2254323065280914,0.1255124062299728,0.1808753758668899,0.3665626943111419,0.0411012805998325,0.0633999481797218,-0.3038116693496704,0.4024868905544281,0.2254656553268432,0.3915956318378448,-0.3898278176784515,0.1647123843431472,-0.0910687670111656,-0.0617955885827541,0.0792720392346382,0.0214447602629661,-0.0055477647110819,-0.1618338823318481,-0.1388651579618454,0.3173314034938812,-0.3409028053283691,-0.1761266440153122,-0.6223565340042114,0.0821443051099777,0.0842387229204177,-0.567101240158081,0.241387128829956,0.0837173238396644,0.0320969186723232,-0.0850063040852546,-0.6650980710983276,-0.9847548604011536,0.0360095836222171,0.2418181151151657,0.608451783657074,0.8069567680358887,0.2817661762237549,-0.0929860472679138,0.0025327710900455,0.4189474284648895,0.1991522014141082,0.485445111989975,0.1928444653749466,-0.3371909856796264,-0.4526413679122925,0.0030248225666582,-0.2514255344867706,0.3635325133800506,-0.0099133113399147,0.2246678471565246,0.0934928953647613,0.3120204508304596,0.5910230278968811,0.2896163165569305,-0.3115378618240356,-0.1828919202089309,0.1783300340175628,-0.4448637664318084,-0.4783354699611664,-0.6947966814041138,-0.2774333655834198,-1.0658609867095947,-0.0827516540884971,-0.1445768922567367,0.4428964853286743,-0.3884681761264801,0.1798025071620941,0.0841944590210914,-0.2345711141824722,0.1725807636976242,-0.6224339008331299,-0.0922546982765197,0.2920223474502563,-0.2571264207363128,0.0242164116352796,-0.225935161113739,0.0769189149141311,-0.1192925572395324,-0.6405526399612427,0.4774881899356842,-0.2450895309448242,0.589251697063446,0.2126409113407135,0.4180489480495453,-0.5161406397819519,0.4680569469928741,-0.6232519149780273,0.1649843901395797,-0.4072391092777252,-0.2560926079750061,-0.1045086085796356,0.0366087295114994,-0.0440852269530296,-0.0167182590812444,-0.7414343357086182,-0.7632670402526855,-0.6710200309753418,0.4081059396266937,-0.377534419298172,-0.1795195043087005,-0.2686818540096283,0.0910318791866302,0.1884925812482834,-0.3949028551578522,0.3077177703380584,-0.4483177959918976,0.0859495624899864,-0.3695685863494873,0.0150235658511519,-0.4445623755455017,-0.0799343436956405,-0.2071684449911117,-0.120681457221508,-0.3154639303684234,-0.2612346708774566,-0.4708123803138733,0.5485602617263794,0.3390340507030487,-0.5005316138267517,-0.1777542978525161,0.2373637408018112,-0.6711920499801636,0.5024250745773315,0.4335138201713562,0.5079692602157593,0.0920075923204422,-0.2375938147306442,0.1147491335868835,0.4105258882045746,0.1949232220649719,-0.5020098090171814,-0.0919230952858924,-0.2798886001110077,0.165445014834404,-0.1503764688968658,0.30274698138237,-0.0891336649656295,0.0801515132188797,0.800420343875885,-0.7201858758926392,0.3820748329162597,0.4184666275978088,0.6245318055152893,-1.5815598964691162,-0.1632732599973678,0.3239909410476684,0.1566168069839477,-0.2857618629932403,0.2133903056383133,0.6225133538246155,0.1327646970748901,-0.507827639579773,-0.6074549555778503,0.7863492965698242,-0.1371297836303711,-0.0402927659451961,0.1294665932655334,0.4333170354366302,0.0955873802304267,-0.0722486898303031,-0.239398568868637,0.2700161635875702,0.3449332118034363,-0.4141068756580353,-0.1102446392178535,0.1782326102256775,-0.4787282347679138,-0.5979381203651428,0.5346753001213074,-0.2813994288444519,0.0462422184646129,-0.5265087485313416,-0.2266714721918106,0.2631429135799408,1.2355531454086304,0.9064568877220154,0.4722028374671936,-0.4690961837768554,0.0397255606949329,0.2951527535915375,0.092758722603321,0.4366799890995025,-0.4568349719047546,-0.0590069852769374,-0.2201783955097198,0.2607977390289306,-0.0003320178657304,-0.206950381398201,-0.2997709512710571,0.0006510087405331,-0.2240550220012664,0.1381222307682037,0.1757456362247467,0.6392369270324707,0.5888489484786987,0.0719190686941146,0.2771028578281402,0.5820664763450623,0.2163119614124298,-0.1702637523412704,-0.640766441822052,-0.2304135411977768,-0.5685872435569763,0.0290704946964979,-0.3389539420604706,0.0312527008354663,0.1812687963247299,-0.0644818320870399,-0.2559150457382202,-0.190084308385849,-0.7557110786437988,-0.0313365347683429,-0.6441577672958374,-0.1468411535024643,-0.4338350892066955,-0.1419647932052612,-0.5825140476226807,0.5226696133613586,0.2565320134162903,0.4118370413780212,-0.2655712366104126,-0.6843339800834656,0.3323074281215668,-0.4003994166851043,0.2062298655509948,-0.1335920840501785,0.2605097889900207,-0.4813299477100372,0.0242689289152622,-0.0752809643745422,-0.4781084060668945,-0.5651113986968994,-0.088708259165287,-1.045231580734253,-0.0479845367372036,-0.2665314972400665,0.8264502882957458,-0.0327674336731433,0.285120278596878,0.0431138947606086,0.2529205977916717,-0.152341291308403,-0.3423779010772705,-0.2893217504024505,0.3020348250865936,0.6612731218338013,0.5661771297454834,0.5040283203125,0.3274131119251251,0.3739674389362335,0.2123314440250396,0.3675148487091064,-0.077611893415451,-0.7367231249809265,-0.1211641952395439,0.4992361962795257,-0.1675801277160644,0.1143235266208648,0.1704015135765075,0.1820055246353149,0.7767773270606995,-0.4027236700057983,-1.3625963926315308,-0.036233089864254,0.2313139140605926,-0.0061171520501375,0.395618587732315,0.6893584728240967,0.6493796110153198,0.1688758134841919,0.3078279197216034,0.1799433827400207,0.0588066093623638,0.348358154296875,-0.1077641621232032,0.4429264068603515,0.1758044362068176,0.4120401740074157,0.5611658096313477,0.2704443037509918,0.3965398371219635,0.7224353551864624,0.5814869999885559,-0.3756316006183624,0.3890821933746338,0.2342062145471573,-0.0645181462168693,-0.4640446305274963,0.3887246251106262,-0.532438337802887,-0.1560401171445846,-0.4403444826602936,0.1383714377880096,0.8855701088905334,-0.3944266736507416,0.4827744364738464,-0.3917814791202545,-0.3315642774105072,-0.5335702896118164,-0.6436577439308167,0.225389301776886,-0.3714775443077087,0.004747531376779,0.4039610922336578,0.0167642422020435,-0.6071538329124451,0.1637975424528122,0.3150565326213836,0.5812759399414062,0.1684347242116928,-0.3420390486717224,-0.0363199412822723,0.5715809464454651,-0.2086262553930282,-0.0129445828497409,0.173548474907875,-0.0556816048920154,-0.2279419898986816,-0.9748454689979552,-0.5031415224075317,-0.1166454181075096,0.0946948006749153,-0.5069720149040222,0.675150454044342,0.4821428060531616,-0.5622348785400391,-0.2528059482574463,-0.3165469169616699,-0.0573950409889221,-0.0856062024831771,-0.5313248634338379,0.103178858757019,-0.0795996412634849,-0.0123421298339962,0.6556701064109802,0.5359843373298645,-0.4287244081497192,-0.0557401143014431,0.5663303732872009,0.3626473546028137,0.042487870901823,0.2001436948776245,-0.4511834979057312,-0.4796603918075561,0.0560747161507606,0.2924157381057739,-0.089206226170063,-0.1261716783046722,-0.2473555207252502,-0.5904003977775574,-0.5416514277458191,-0.3029631376266479,-1.245996356010437,0.4305896759033203,-0.0474571697413921,0.3658763170242309,-1.0936464071273804,0.2656297981739044,-0.1482317149639129,0.4529084265232086,-0.1175688505172729,0.5350407958030701,-0.0783148407936096,-0.8816331028938293,-0.0290599912405014,0.2554600834846496,-0.4953828155994415,1.0187796354293823,0.5998725891113281,-0.3338018357753753,-0.2952187061309814,0.2195363789796829,0.1347533464431762,-0.1538268029689788,0.1619288921356201,-0.2186457812786102,-0.3780580461025238,0.0816185697913169,-0.0991635993123054,0.3998847305774688,0.3499682545661926,0.0132835768163204,0.0784867256879806,0.7465474605560303,0.167585402727127,0.5677454471588135,0.3431079685688019,-0.6401307582855225,-0.0630431696772575,-0.4246980249881744,0.2371137887239456,0.1239999681711196,0.7866754531860352,-0.2244578599929809,0.34340900182724,0.6815798878669739,-0.2369484007358551,-0.1116271018981933,0.549222469329834,0.0797847285866737,0.3611436784267425,-0.1648872792720794,0.0869230479001998,-0.979767382144928,0.3181458711624145,0.2978108525276184,0.1512073874473571,0.0599983111023902,0.1215851306915283,0.0128585761412978,-0.8224067091941833,0.2650946974754333,0.0652206242084503,-0.265663743019104,0.2789573669433594,0.324606329202652,-0.0627619698643684,0.8225252628326416,0.3374103605747223,-0.2739810645580292,-0.0544343329966068,-0.1593586653470993,0.8004461526870728,0.8542128205299377,-0.137147456407547,0.4373861253261566,-0.4904538989067077,-0.8217084407806396,0.2437671273946762,0.1175533384084701,0.3254854381084442,0.608734130859375,-0.4999359846115112,-0.3563725054264068,0.648382842540741,0.2604873180389404,0.1238970682024955,-0.2658562362194061,-0.4231884777545929,0.3213720619678497,-0.0952896773815155,-0.0999052971601486,0.2133684456348419,0.2749728560447693,0.5598160028457642,0.474202036857605,0.1232558265328407,-0.3892777860164642,0.7708496451377869,0.0401249155402183,-0.4257298409938812,0.1605914384126663,-0.6243446469306946,0.1913665384054184,0.2539394497871399,0.3622981011867523,0.1147514209151268,-0.3004081547260284,0.2212794125080108,-0.3058556020259857,-0.1422671228647232,-0.3531127870082855,0.4561539590358734,0.1532309055328369,-0.0816366374492645,-0.2919953167438507,-0.506588339805603,-0.2151989787817001,-0.022124245762825,-0.8622197508811951,-0.062067974358797,0.0931381061673164,0.248438075184822,-0.2223546653985977,-0.0184063073247671,-0.7270002365112305,-0.3781671822071075,-0.3258433640003204,0.3780666291713714,-0.7069383859634399,-0.3961071372032165,0.5641794204711914,0.0921429172158241,-0.0190799348056316,-1.3055930137634275,0.5102050304412842,-0.0726425573229789,0.244777649641037,-0.1593020558357238,0.1414137631654739,-0.4171003997325897,0.0453599132597446,0.0863836333155632,-0.2981536984443664,0.0865919068455696,-10.187033653259276,0.2162238210439682,-0.5153321027755737,-0.4303008615970611,-0.500162661075592,-0.0747401714324951,0.8724194765090942,0.4472564160823822,-0.1867846846580505,0.6053003072738647,-0.1999603658914566,0.610309898853302,0.3539019823074341,0.026266511529684,-0.1964733153581619,0.0974662229418754,-0.2961273491382599,-0.0557382181286811,-0.2707590460777282,-0.0954452827572822,-0.4605646729469299,-0.3728103935718536,0.7333937287330627,0.4507887959480285,0.629659116268158,-0.1577025353908538,0.1320483535528183,0.413061648607254,-0.3313141167163849,0.3687202632427215,-1.037243366241455,0.5492420196533203,-0.3114286065101623,0.7603781819343567,0.1523233950138092,0.0801357626914978,0.0627902969717979,0.1707354187965393,-0.2683981657028198,0.4237218797206878,0.4935589134693146,-0.0309099871665239,-0.0772415921092033,0.0353514850139617,-0.298044204711914,0.0358415953814983,-0.1193246468901634,0.075347863137722,0.5912200212478638,-0.2721285223960876,-0.0493429005146026,-0.1865812689065933,0.133067637681961,-0.2255179733037948,0.2005201876163482,0.1497281491756439,0.8183289170265198,-0.664590060710907,-0.3175504505634308,0.0987665951251983,0.5905869603157043,-0.0658743679523468,0.4694211781024933,0.6204165816307068,0.104325532913208,0.5022666454315186,0.3527027368545532,0.2424290180206298,-1.142908215522766,-0.2231483608484268,0.3112803101539612,0.7615343332290649,-0.0210704356431961,0.0310787577182054,-0.168237954378128,0.2661822736263275,0.1296748220920562,0.1882065534591674,0.4320928156375885,-0.0768738389015197,0.1991636008024215,-0.185180589556694,-0.0695248767733573,0.5907264351844788,-0.708386242389679,0.1378110945224762,-0.0611194148659706,-0.3213564157485962,0.2627412974834442,-0.4816176295280456,0.314485490322113,-0.1782543659210205,-0.8476414680480957,0.5249963998794556,0.7515106797218323,-0.3503181636333465,-0.3775286376476288,-0.0929861590266227,0.2224091589450836,-0.2934626340866089,-0.67685634,-0.24708052,1.3066939,0.31582433,-0.8996554,-0.63945067,-1.2652208,1.2374755,1.1146519,0.105710566,0.746058,-0.34677306,-1.4722496,2.3474174,-0.85923356,0.10423304,0.85625935,-1.1287967,0.7113824,-0.39275512,0.5120352,0.47947076,0.5222243,-0.8935318,0.8108427,0.47615114,0.79630744,-0.42696103,-0.21771465,-1.1332173,-0.005409109,-0.39856726,-1.041674,0.24537526,0.35359266,-1.2843033,-1.3244551,1.1673365,0.1369659,-0.81878746,-0.91293526,0.7736984,-0.12174976,0.06815293,-0.68303686,0.2419124,1.7462281,-0.4456049,0.786901,-0.4801596,-0.8588714,-0.5936018,0.21787138,0.6379451,0.48771048,-0.28460804,1.3593867,1.0563314,0.092743345,-0.38366076,0.2864624,0.46782085,-0.87386364,-0.61888504,0.033663113,0.24397077,-0.37671497,-0.19465725,-0.08022002,0.347307,-2.2732322,-1.4863541,-0.41604325,1.1852053,-1.276846,0.7615103,0.09255395,-0.64188796,0.41881123,-0.2051493,0.1596653,-0.4841171,-0.6581192,1.4145688,-0.8209335,-1.1867625,-0.3766838,-1.1045619,-0.829317,-0.21780443,-0.7876215,-1.3912961,-1.0788512,-1.4009044,1.4831606,0.42431498,-0.3083482,-1.3312628,-1.5481759,0.28157154,-0.0065869433,1.5419279,0.39631695,-0.6593255,-0.8761811,-0.30107164,-0.38165054,-0.38266858,-0.5855192,0.8140503,-0.14166346,0.6785146,0.44591147,1.3988129,0.7474583,0.8322744,-1.466273,-0.35467005,-1.2085536,0.22754967,1.0301973,0.56336033,-0.129763,0.7269464,0.0012834923,0.86879003,-0.22759907,-0.8538523,0.47724456,0.25404269,0.80062735,-0.059259232,2.390753,0.9380867,-0.72277397,-0.6757478,0.20976283,0.7673983,0.53610975,-1.0192287,-0.79687494,0.7040806,0.018714895,0.2480664,0.47534996,-1.0895253,-0.08891757,0.70249504,1.6299845,0.08092398,-0.08184464,-0.25094596,-1.2827152,0.61463416,0.9973613,-0.26461545,0.1455021,0.74724865,-1.4097506,1.2815281,-0.4160104,1.5134523,-0.7559336,0.5440667,-0.34480566,0.7005661,-0.6738125,0.60778636,-0.83641607,-2.0885117,-0.13898784,0.0004969665,0.48655838,-0.026931988,0.6077228,-0.3388622,0.10924939,0.19365133,-1.2016143,-0.42305216,1.0309843,0.6903043,0.46306303,1.4137379,-0.3808252,0.33173427,0.56599206,0.7492247,0.7453145,0.19499406,1.4014839,-1.4487373,1.320379,0.8540598,0.44670486,2.4913554,0.8188091,-1.614451,-1.4314171,1.2010229,-2.5108876,-0.5860567,1.146057,-1.3412176,0.86277217,-1.2233598,-0.652424,1.7258589,0.86697847,-0.09075271,-1.2377461,-1.6925563,0.8973884,0.9606927,-0.75258195,0.011043736,-1.0761381,0.2847968,-0.391146,-0.44862747,0.9683183,0.8678743,0.5724668,1.1600994,-0.8637548,0.8800654,-0.0842316,-0.12627126,-0.14191137,1.1237823,-0.89435214,0.51544297,0.26514497,0.34167767,-0.6388179,0.61356246,-0.36600497,0.6888698,-0.57344276,0.9663772,0.6117138,-0.3888933,0.12949549,0.16489694,0.74620646,0.7133392,1.6084231,-0.07876233,-1.8389742,-0.17072642,0.45332387,1.4174677,0.28214446,0.35718268,0.50933427,1.1193895,-0.23375283,0.18092333,-0.4838116,-0.5412238,0.08197592,0.8521872,0.13500033,0.13863067,0.54252946,-0.6442547,-0.7017536,0.17465203,0.07073103,-0.7636598,-1.2826346,-0.18948856,-0.6532498,0.17512567,0.4863593,0.21461569,-0.59582573,-0.59858954,-0.9156526,0.95354855,0.7792726,-1.6197332,-0.004829901,0.049064305,-0.47250083,0.23224185,0.514401,0.03352655,0.048257556,0.07170398,-1.2320353,0.91807926,-0.47918004,0.52927274,1.3526123,0.20775814,1.0601162,-0.8704492,0.24630213,-0.56246096,0.5129231,0.5552179,-1.4086972,1.3144436,-0.4762787,-0.77721554,0.6405479,-1.2608626,-1.0839914,-1.1731995,0.29156882,-0.15175016,-1.3193241,1.7490975,-2.3458064,1.4509478,-1.7872391,-0.3753877,-1.1787794,-0.54496837,-1.4720947,0.09043058,-0.014888099,0.008892835,0.5362944,0.23559968,0.24649431,0.48571733,-0.015919056,1.3147942,-0.3357549,0.2175677,-0.59617674,-1.316941,-0.37286752,0.39750785,-1.2118502,-1.3020624,-1.0369165,-0.36254534,0.35542843,-0.724257,-0.84745014,0.6949886,-0.05029938,0.620042,-1.0782443,-0.3503653,0.34279183,-0.44267708,0.9774646,-0.26676798,1.2869548,-0.8248205,-0.7067279,0.4592896,-1.2207975,0.46665445,-0.4000873,2.0290418,0.9928258,0.71743935,0.5465406,0.08990513,-0.27327272,-0.39076415,1.7847513,0.2648289,1.5679741,-0.002554936,-0.42654863,0.88594145,-0.33154443,0.92808455,-0.59479296,-0.4536323,1.8683072,0.0005392517,-0.7487227,-0.3510477,-0.15740271,0.16594267,0.40007257,0.5381817,0.32196182,0.028534608,0.5075398,0.2189707,-0.61680776,-1.0636073,-0.25980172,0.53938746,0.7581253,0.8291987,1.7138895,-0.37747002,-0.3812569,-1.9062759,0.27639535,1.0644127,0.55430555,0.23739466,-1.5545733,0.09032328,0.26552352,0.28229997,-1.5906944,-1.4577768,1.525975,0.08418429,0.34897876,1.6761591,-0.64845073,-1.7510564,-0.55603486,-0.3087793,-0.39864895,-0.9344653,-0.8164285,0.41733736,-0.072360076,0.99547064,1.0172738,0.5515421,-0.09262281,-0.86470044,0.25010848,-0.07028997,-0.5708504,-0.3653033,-0.12714706,0.3112481,-1.2151004,-0.60609597,1.3376667,-2.1800272,0.93176323,-0.58916336,-0.5236232,-0.14156112,0.15369342,-0.73657334,0.09697596,0.37235504,-0.72031313,-0.21682873,0.34053367,-1.3747934,-1.3185972,1.2778074,1.2613217,-0.52966446,0.33615372,0.34800038,0.38416165,0.6062986,-0.1424806,-0.74839,0.38686612,-0.25030643,-0.09518193,-0.1638203,-1.0873654,-0.49436498,0.44138902,-1.7520897,-1.4564848,1.3065263,0.48725945,-1.6258011,-0.93341273,-0.07933255,0.08359032,0.42645207,1.1341628,-0.11958583,-0.15484534,-1.032851,0.30776587,-0.44792414,0.20577617,0.17219721,0.046651367,0.8119575,-0.513284,0.4716091,1.9757918,-0.049354307,1.5461596,1.2685727,0.4215897,-0.3055747,0.73018295,-0.28498885,-0.6478876,0.2644805,-1.3782812,-0.38864556,1.0222849,-0.045311037,-0.9177609,0.03722891,1.1275976,-0.14302032,-0.5748807,0.17164755,0.54302484,1.2042242,1.1083497,1.5425475,0.09701283,-0.7112499,-0.3738205,0.05997027,-1.8152362,-0.5689531,0.3099826,0.9262406,1.8572894,-0.64839506,0.58485824,0.57971144,-0.920117,-1.0058053,0.14381039,0.71480244,-0.27101478,-0.20526688,0.76436853,-1.2448937,0.2913256,-1.7320896,0.07874583,0.82961476,1.0804878,-0.7532068,-0.2332243,0.76582384,0.70429325,-0.7667866,-0.0658093,0.90748465,1.5920278,-0.37065443,-0.76306915,0.5623464,-0.12203157,-1.6279562,-0.086599685,-0.70203286,-0.82846177,-0.21594968,0.03995424,-0.34314033,-0.35283798,-0.8511824,1.7303619,-0.049198397,-0.32636505,0.85383993,-0.8981816,1.0887994,-0.018496677,-0.631136,1.2156209,0.80032843,-1.4681593,0.5343355,-1.6860605,0.87771666,-0.47645262,0.9937167,1.2171408,0.5764503,-0.5874858,1.5730145,-0.44632444,-0.16223256,-0.5494412,0.76583475,-0.48470417,0.49513653,-1.9306602,1.260274,-1.5970151,-0.5979432,-0.0014726265,0.08964001,-0.53236663,0.24199165,0.03294078,0.40424305,0.1659201,-0.91411006,1.1452693,1.9379398,-0.30279073,-1.220835,0.2705304,0.39834198,-0.65416527,-0.6394969,2.5975807,0.35939702,0.81497186,-1.3756746,-1.3659763,0.59995717,-0.26184922,-1.0164294,-0.5541953,-0.90640736,0.19581267,-0.0504329,-0.5470755,0.88031155,-0.7754343,0.5639704,0.54861325,-1.1476637,0.09097983,0.12929535,-0.27306053,-1.1987172,-1.248124,0.6262851,0.61407644,-0.6898326,0.8822966,1.3377316,1.3691769,0.35936245,-0.10647714,-1.0123423,0.6414532,0.5576926,0.681327,-1.169811,-0.8868781,1.0108947,1.3976485,-0.27872738,0.7132387,0.7720847,-0.51129013,-1.8922585,1.0490698,-0.14596131,-0.5451794,0.9673976,0.8462058,0.11624576,0.8099579,-0.4282814,0.18923391,0.024809275,-0.4155642,-0.111813,-0.41078573,-1.0386646,0.38783535,-0.37409067,0.06943516,-0.66751534,0.4777798,-1.579074,0.5624229,0.120246544,0.308451,0.69284046,0.023464544,-1.263048,-0.30715245,-0.37226185,1.563204,1.4144757,0.15357144,-0.8028955,-0.061255712,0.852386,0.88753754,-0.35626715,0.113602646,0.4601004,-0.43503836,-0.51750433,-0.8141999,-0.39876318,0.15192863,0.119915076,-0.88472134,1.4408864,-2.0804055,0.5271835,0.012537956,-1.4405835,-0.12262679,-0.16387212,-0.39230695,1.999295,1.097835,-0.48862505,-0.2684478,0.85589933,1.3404769,-0.64441484,-0.23664097,-0.9537241,0.9782961,1.3219446,0.22457306,-1.2932787,-0.1352363,0.17591856,-0.6562036,1.0526612,-0.19420613,-0.7831519,-1.3916596,-0.5410708,-0.7575634,-0.61041266,-0.41088185,-0.027469963,-0.8026994,0.6200593,-0.27086765,-1.2693388,0.30860332,-0.5239862,-0.10279172,-0.1960506,0.9806908,0.24630451,0.5725673,0.43125898,-0.57357055,-0.5118094,-0.8906314,-0.46178955,0.82931274,-0.7003197,0.64323866,0.45839685,0.80635947,1.4722226,0.34121495,-1.1277105,0.45962545,0.007923424,0.33603865,-0.26761898,-1.1791618,-0.46882892,0.16883944,0.60700417,1.3210964,-1.7078743,-0.30820066,-0.4537527,0.095650904,0.11989992,0.4025392,0.48283428,0.2856068,1.8885019,1.27272,-0.15877326,-1.1569233,-0.50740385,1.4329377,-0.043618,-1.241332,-0.28497994,-0.9783488,1.4524401,1.2924998,0.75025886,1.0366111,-0.6768545,-1.2750349,2.1628602,-0.7012869,0.40360427,0.42630446,-1.6003133,0.75741714,0.024346206,0.3065646,0.6267032,0.7293086,-0.89475626,0.93527496,0.59684426,1.1871468,-0.37351888,-0.19097596,-0.70029896,0.3882594,-0.45226407,-1.8090532,-0.50717914,-0.23602729,-1.1883054,-0.8922179,0.77148354,0.16357367,-0.7689416,-0.45397842,1.0453427,0.42009032,-0.21724948,-0.77368605,-0.3078156,1.6601672,-0.61411047,1.3909302,-0.7197384,-1.3134053,-0.52507883,1.0247638,1.3284541,0.70032007,-0.67740256,1.7508538,1.0217867,0.07505337,0.13576953,0.32098174,0.7645774,-1.2097023,-1.0430833,0.23585454,0.3720935,-0.37367994,0.41749746,-0.0732723,0.8465072,-2.1310883,-1.7823808,-0.014403403,1.6473279,-1.7091911,-0.09564684,-0.14486691,-0.5527916,0.23441811,-0.6806643,0.37197715,-0.12403146,-0.6573434,1.1644238,-0.82006425,-1.6642494,-0.024994414,-0.45809293,-1.5142179,-0.0756273,-0.61871934,-1.766639,-1.1089106,-1.5548639,1.8341328,0.045953684,-1.2724639,-0.9845483,-1.1547382,-0.31680724,0.23078308,1.3591801,0.17387396,-1.0461885,0.061589837,-0.52924633,-0.8374926,0.55522954,-0.10562253,0.37525207,-0.3154451,0.60878104,0.55904067,1.1867056,0.10454828,0.41488108,-1.1883818,-0.050007522,-0.19907762,0.1507424,1.7520095,0.8758073,-1.0289844,0.6872376,-0.67913765,0.84737456,0.29297504,-0.7625758,-0.17647693,0.29313037,0.46566758,-0.3101238,3.3928835,0.8334292,-0.07151033,-0.76045513,0.2306191,0.6167493,1.0619326,-1.2535697,-0.02803085,0.5217417,-0.44577748,0.098544195,0.81791854,-0.6993538,0.33693546,0.9278948,1.1660993,0.4691122,-0.42312193,0.50349444,-1.2045205,0.14177746,1.4268787,-0.18437201,-0.42748088,0.54452074,-0.7903683,0.84990036,-1.3521122,0.9688722,-0.7066735,1.0185084,-0.15293841,0.55332094,-0.78545207,0.15605125,-1.3703418,-2.5541291,-0.40294677,-0.7525598,0.08439581,-0.39216644,0.25120276,-0.005162783,-0.42269352,0.050247297,-1.3264956,-0.8292645,1.2192408,0.5575275,0.060356945,1.3489499,-0.5499154,0.47069743,0.39088932,0.066685095,0.056363672,0.50369644,1.505506,-0.5724572,0.6923511,1.6964946,0.5146072,2.675469,0.7151534,-1.1521177,-1.6123805,1.3405917,-2.1005995,-1.0624973,0.68438077,-1.7182468,0.4943365,-1.8582639,-0.9379579,1.6820036,0.66336495,0.36690465,-1.3141834,-1.4462392,0.5528651,0.89659685,-0.68216926,0.00026263297,-0.6461254,0.20178545,-0.4085917,-0.96753764,1.378049,0.5181563,0.046250716,1.0082245,-0.9792862,0.8818751,0.41123852,-0.17378391,-0.08350587,0.9938145,-0.60241365,0.91673255,0.9590193,0.22648288,-0.47671,0.47059548,-0.03635045,0.4970001,0.039920725,1.1884203,0.70271915,-0.7427697,0.34865767,-0.036376193,0.8187913,0.8540666,1.4732449,0.20789796,-2.1973176,-0.5656391,0.70814794,2.0641158,0.13020526,0.6619296,0.031718682,1.5765514,-0.6352542,0.7014447,-0.23129052,-0.7201723,0.0061424,0.092390426,0.8000344,-0.48762113,-0.11492895,-0.7253687,-1.5231423,0.46683234,0.079694934,-0.57605106,-1.347731,-0.6777159,-0.15528776,0.17083322,0.40029126,1.0450625,-0.75201964,-0.88651335,-0.2443962,0.874559,1.046272,-1.541628,0.12405044,-0.3097529,-1.2434996,0.44569778,0.2259731,0.037787616,0.18504669,0.40345472,-1.2162681,0.6450925,-0.031191427,1.0278037,1.8803594,0.75074184,1.1166453,-1.0563365,-0.14446789,-0.6126286,0.47420675,0.28842628,-2.2390506,0.75188816,-0.99392366,-0.8783547,1.5994936,-0.5379896,-0.13160765,-1.0391753,0.066173255,-0.68125755,-1.344827,2.3219683,-2.032076,1.1360542,-2.1005964,-0.7490063,-1.197235,-1.0576359,-0.7381575,-0.43516466,0.5457612,-0.3424613,0.37119606,0.15585765,0.050287466,0.10638796,-0.4004367,1.4210926,0.040291607,0.38038394,-1.1407597,-1.4253788,-0.4729777,0.70034385,-1.0169528,-1.4448314,-0.76282465,-0.29132313,-0.42543077,-0.24697855,-0.7102042,0.95171213,-0.07152453,0.0038545392,-0.85588026,-0.92602146,-0.78254783,-0.762569,1.1670957,-0.9086199,1.4158103,-0.94714046,-1.0558436,-0.23471603,-0.56279826,0.7717123,-0.41984332,2.1527042,0.5510411,0.61345315,0.21270446,0.8120271,0.07071178,-0.5778449,0.9893816,-0.092744425,2.1770873,-0.0803906,0.47911274,1.327503,-0.38361347,1.4241116,-0.2950651,-0.45641756,1.9681584,-0.43681362,-0.58333105,-0.31536514,0.07933185,-0.8064189,-0.02950801,0.940812,-0.36924833,-0.20605093,1.0063705,0.3665865,-0.4450527,-1.2143347,0.020869464,1.2487736,1.3802497,1.2821282,1.2034609,-0.4842441,-0.64928234,-1.8786708,0.25573677,1.0926224,1.2204156,0.052092727,-1.2301142,0.51408446,1.0779654,0.6678387,-1.576126,-1.5027745,1.7291003,-0.0009931922,0.2475723,1.6683719,-0.7772495,-1.5512346,-0.8084035,-0.022442255,-0.1722569,-1.1985067,-1.0529023,0.38923952,0.5770437,0.6900464,0.8303158,0.8283553,0.12853938,-1.0968335,0.45397323,-0.021029886,-1.4289317,0.22048326,-0.18618236,0.6853428,-1.7359769,-0.7697089,0.121109396,-2.387179,0.88133514,-0.35003126,0.2831111,-0.05978786,-0.11184926,-0.8678739,0.14198565,-0.14781915,-1.1357162,-0.21331058,2.0420237,-1.4552827,-1.2562642,0.82273304,0.79960585,-1.0203934,0.67300385,0.4377373,-0.14661752,0.94243246,-0.1332592,-1.1456906,-0.85768485,-0.33586514,0.20870736,-0.4933016,-1.5944073,-0.3860693,0.77378815,-0.69316727,-1.5922406,-0.1614733,0.57800823,-1.5289438,-0.91384757,-0.34318697,-0.24982917,0.2571158,1.1280671,-0.2551326,-0.877854,-0.71956956,-0.38330996,-0.050615624,0.062329788,-0.42720503,0.23035443,0.24103084,-0.81001127,0.20457348,1.5219105,0.10309262,1.7481133,1.4925313,0.8727037,0.8171363,0.6187943,-0.23382872,-0.20679313,0.33122718,-1.1751854,-0.7758851,1.5237584,0.45801365,-0.7910043,-0.4455273,0.9220431,-0.023563303,-0.7792969,-0.30219552,0.20324275,1.3332825,1.449985,1.837033,0.0948161,0.26083958,-0.09231193,0.91311896,-1.4779375,-0.5592849,-0.57216656,0.7548087,2.3179958,-0.39015344,0.62350607,0.4820879,-1.2170296,-1.33348,0.304128,0.7292593,-0.39122435,-0.2468157,0.5395482,-1.8566083,-0.15218897,-1.4009327,-0.70817447,1.1493536,1.2137833,-0.5428068,0.033876356,0.8535198,0.29455477,-0.6257855,-0.3788426,0.8192751,1.7352221,-0.21802023,-1.1412683,1.2398038,0.016272198,-1.3538414,-0.19872801,-1.3888798,-1.1174655,0.10781466,-0.06342694,0.058067538,0.26534528,-0.8674092,1.4089785,0.4908492,0.19932012,0.49846578,-1.4428859,0.84581256,-0.25588495,-1.0206468,1.7622191,0.44735238,-1.4476111,0.14804107,-1.7226602,1.3424857,-0.37881473,1.0944395,1.4748738,0.50567657,-0.79334694,1.7788111,-0.4885033,0.4521163,-0.6473734,0.9475615,-0.6654935,0.13899091,-1.5607741,1.2737739,-1.3321074,-1.0232837,-0.104494765,0.44361317,-0.24976264,0.25668222,0.5151538,0.06596428,0.566245,-1.1788273,0.46816716,2.4507403,-0.34942913,-1.2504675,0.11160576,0.89211804,-0.583743,-0.48256636,2.382504,0.32856494,0.32716197,-1.3435384,-1.0713108,0.5219888,-0.079674385,-2.006082,-0.2982237,-0.32770875,0.09312959,0.013523072,-0.5335221,1.135113,-0.9256736,0.7338526,0.48879388,-0.73936033,-0.5753232,-0.113510184,-0.26491708,-0.8643387,-1.5151112,0.7922468,0.69104135,-0.7985668,1.0746849,1.3515599,1.8552722,0.95499736,-0.49456987,-0.9778718,0.6609246,0.44987607,0.6227548,-1.7905943,-1.4318287,0.6752701,1.0998724,-0.52058834,0.5836852,0.73515254,0.020952772,-1.848745,1.1322048,-0.2683391,0.023957372,0.8721731,-0.021338731,-0.009086877,0.42103064,0.5899275,-0.342575,0.7429311,-0.89812595,-0.26941532,0.22650596,-1.272365,0.24041252,-0.19143382,0.16399422,-0.47341004,0.38460213,-1.4423792,0.52890813,0.41928264,0.037660077,1.1814412,0.53751516,-1.5119239,-0.67442715,-0.020736672,1.4768662,0.47356483,-0.18005106,-0.47600347,-0.26100463,1.3080908,0.5823149,-0.11758868,0.21576451,0.16926828,0.2066322,-0.3125124,-0.9696934,-0.27306926,0.04518926,0.5744231,-1.0281771,1.7437493,-2.1716032,1.005476,0.4149906,-2.2134185,0.31782803,0.26370612,-0.1822351,2.1834157,1.0953153,-0.32222298,-0.0955361,0.67165244,1.2753341,-0.69908226,-0.78392935,-1.1375973,0.6192619,1.1778381,0.39099768,-1.1310583,-0.03213934,-0.31018895,-0.66958237,1.4951594,-0.08844808,-0.56121176,-0.7570085,-0.45757878,-0.9449109,0.10025354,0.42240316,0.93178463,-1.2687094,1.1280116,-0.8219231,-0.91585475,0.36153436,-0.8679621,-0.019497067,-0.5758049,0.8459119,-0.023708925,0.9807521,0.53339803,-0.44214666,0.0954317,-1.0641097,-0.3239513,0.5221657,-0.5081905,1.3997114,0.36416122,1.1287763,1.3940933,-0.08699939,-1.9709742,0.3458459,0.546889,0.5049747,-0.47416517,-0.4764806,0.02790377,-0.17574239,0.0033374224,1.0497363,-1.3305403,-0.8537765,-0.2416431,0.1029034,0.21235605,0.8149196,0.08927349,0.090639025,1.6809908,1.2185088,0.41016328,0.0
ボ,0.1439687311649322,0.1292961090803146,0.3838070929050445,-0.2485174983739853,0.4047434329986572,0.1596586108207702,0.1035347059369087,0.1050287187099456,0.0195356663316488,-0.0049843364395201,0.5882593989372253,-0.389284074306488,-0.1177090406417846,-0.5012689828872681,0.4407159984111786,-0.6029049754142761,0.1056895852088928,0.3616434931755066,-0.0375603251159191,-0.2586126923561096,-0.9558138251304626,0.0945159494876861,0.2176059931516647,0.2696490287780761,-0.0626011341810226,-0.1871734708547592,-0.6930167078971863,0.6469196081161499,-0.0588734522461891,0.0597820729017257,-0.3447067737579345,-0.3448743820190429,-0.2371822297573089,-0.1397904455661773,-0.4161678254604339,0.1472441405057907,0.3595270216464996,0.2850405275821686,-0.0945339053869247,-0.2029715031385421,-0.12617127597332,-0.0182042606174945,-0.2017431706190109,-0.4693796336650848,-0.2424555867910385,0.9079692363739014,0.0959874466061592,0.4438500702381134,0.4285959899425506,0.4247173368930816,-0.1309760808944702,0.4401008784770965,0.4167208075523376,0.1051271259784698,0.4883555769920349,-0.3311542272567749,0.4604386985301971,-0.2405585944652557,0.0589196272194385,0.1641925871372223,-0.3551003932952881,-0.3974072337150574,0.0791350752115249,-0.152481272816658,-0.0557665340602397,0.2391268163919448,-0.3141461908817291,-0.1726564615964889,0.1716255247592926,-0.3295692503452301,-0.1906208992004394,-0.1792229861021042,0.1456382423639297,-0.1732104867696762,0.9256094694137572,-0.2295736819505691,0.1082336902618408,0.0601663738489151,0.3286031782627105,-0.1900734454393386,-0.0893552750349044,0.3840915858745575,-0.0993738919496536,-1.0637061595916748,-0.0083804484456777,0.5688923597335815,-0.5809078216552734,-0.9359665513038636,0.3918237388134002,-0.1573652029037475,-0.3339511752128601,0.3085014522075653,0.5546611547470093,0.2628289461135864,0.2954196035861969,0.3567422330379486,0.03485107421875,-0.2565979063510895,-0.3260431885719299,0.0022727434989064,-0.1496475636959076,0.2273250073194503,0.3869157135486603,0.1522692143917083,-0.002151146531105,-0.1086390987038612,-0.1526174545288086,-0.1255943775177002,-0.1003154143691062,0.2137297093868255,-0.1364867240190506,-0.5766066312789917,-0.5926861763000488,0.010296206921339,0.5546249747276306,-0.1808413416147232,0.039856057614088,0.4767183065414428,-0.2718744874000549,0.3491956293582916,-0.0567234270274639,0.4403980672359466,-0.3766716420650482,0.129137635231018,-0.0957377627491951,0.1648361533880233,-0.2408479750156402,-0.0338414907455444,-0.02021642960608,-0.0869689658284187,-0.204969584941864,0.2381961196660995,-0.2246714383363723,-0.1831645518541336,-0.2014488279819488,0.904832363128662,0.1448315531015396,-0.0471555069088935,-0.0724714249372482,-0.5772051811218262,-0.2871559858322143,-0.1120193004608154,0.2158378213644027,-0.4022128582000732,-0.251988023519516,0.0348667167127132,-0.0515854768455028,-0.5733211040496826,0.3481760323047638,0.1127221137285232,-0.3264268040657043,0.2776157259941101,-0.3977353870868683,0.121880829334259,-0.1597568690776825,0.1910097301006317,-0.702085018157959,0.2474134266376495,0.2638925313949585,0.7458873987197876,0.3008045256137848,-0.4686106443405151,-0.0225501097738742,0.586979866027832,0.1592243015766143,0.2442986965179443,0.4023634493350982,0.1701695024967193,0.1258859932422638,0.7714357376098633,-0.0344693250954151,0.2849818766117096,0.273808866739273,-0.0349588021636009,0.5594714879989624,0.2321341633796692,0.6518443822860718,0.2597667872905731,-0.2975669503211975,-0.3077258765697479,0.2459188550710678,-0.2263567894697189,-0.0975445806980133,-0.3521938920021057,0.5100083351135254,-0.3564467132091522,0.3345547616481781,0.1522971093654632,0.1007070317864418,-0.1205483451485633,-0.0584773644804954,-0.6275340914726257,0.1806914061307907,-0.6542738080024719,0.2497092634439468,-0.19158935546875,-0.0981824845075607,0.1961419880390167,-0.5271109938621521,0.6207820773124695,0.2243862599134445,-0.1415121406316757,-0.369813472032547,-0.756898045539856,-0.986607551574707,-0.1516456305980682,-0.3011984527111053,0.3671460747718811,0.30503711104393,0.2006781548261642,-0.4377541542053222,0.3090288937091827,0.1463585048913955,-0.0351324304938316,0.2611996233463287,0.0386659987270832,-0.6101104617118835,-0.3646962940692901,0.1865793764591217,-0.4515523910522461,0.2884141206741333,-0.2416187673807144,0.0605074428021907,0.3691802322864532,0.0487188659608364,0.0572254844009876,0.0713848173618316,-0.2153611332178115,-0.0535080768167972,0.4890233278274536,-0.1315151900053024,-0.5510320067405701,-0.8103243112564087,0.3070850968360901,-0.6429513096809387,0.0363495796918869,-0.407978892326355,0.3788502514362335,-0.416245698928833,0.5198161005973816,0.3321021497249603,-0.0888243988156318,0.1130728721618652,-0.5831342935562134,-0.0664528608322143,0.417150467634201,-0.0665173456072807,-0.2485734820365905,-0.377749353647232,0.2172156870365142,-0.4654347598552704,-0.3655210137367248,0.1984689980745315,-0.5641874670982361,0.6598703861236572,0.2801077365875244,0.5813714265823364,0.1032847762107849,0.3611508905887604,-0.5735040903091431,0.0071285348385572,-0.8077540397644043,0.0027652408462017,-0.1666890531778335,-0.4236184954643249,0.0019766450859606,-0.1300845295190811,-0.3161681592464447,-0.3810920119285583,-0.385811448097229,-0.1117139607667923,-0.2083974033594131,-0.2272909283638,-0.2158176153898239,-0.0490738973021507,-0.1596101373434066,-0.2625629603862762,0.5405693054199219,-0.4966326057910919,0.1306900382041931,-0.7518096566200256,0.5052667856216431,-0.448404312133789,-0.1331483274698257,-0.1088452935218811,-0.2538745701313019,-0.5670285224914551,-0.294266402721405,0.1433435678482055,0.5252804160118103,0.4045278131961822,-0.6629622578620911,-0.412294328212738,0.5862314105033875,-0.3171759247779846,0.0646582320332527,0.2078593671321869,0.4324960112571716,0.2836436033248901,-0.1736496835947036,0.4336066544055938,0.2031517028808593,0.3409585058689117,0.1424985975027084,0.0379189774394035,-0.4286170601844787,-0.3888925313949585,0.1249428540468216,0.4263857305049896,0.0004176364163868,0.1408827602863311,0.8767604231834412,-0.1796674132347107,0.135288119316101,0.3921279013156891,-0.1135061904788017,-1.6756726503372192,0.3979027569293976,0.1637566983699798,-0.0428438074886798,-0.1159270256757736,0.3696295619010925,0.115145020186901,-0.0685918629169464,-0.4269333779811859,-0.7337863445281982,0.9463098049163818,0.3640085160732269,-0.391431987285614,-0.2992689311504364,0.5133345723152161,0.1332372575998306,0.0913364738225936,-0.581742525100708,0.0658871605992317,0.341152161359787,-0.0022467707749456,-0.3568423390388489,-0.2175297737121582,-0.4941028952598572,-0.5076534748077393,0.6016713380813599,-0.0088784992694854,0.6562512516975403,-0.3415630161762237,-0.3465965092182159,0.4169206619262695,1.1281338930130005,0.9719532132148744,0.6543681025505066,-0.1725954860448837,-0.0625874176621437,0.2538582384586334,0.5505879521369934,0.8139808773994446,0.0936224982142448,-0.081884279847145,-0.1322601437568664,0.2606425881385803,0.029614970088005,-0.2258490473031997,0.2626703977584839,0.2877318561077118,0.0528828501701355,0.0229647979140281,0.3783884048461914,0.424943745136261,-0.0113225802779197,0.2371524572372436,0.6500402688980103,0.1855323165655136,0.0801329091191291,-0.0274933595210313,-0.1895859390497207,0.2172467410564422,-0.6037684679031372,-0.0351489819586277,0.0560030229389667,-0.0003900244482792,0.0318029038608074,-0.543986976146698,-0.1491352766752243,0.0714677795767784,-0.1508245319128036,-0.1305837929248809,-0.5831030011177063,-0.6249163746833801,0.0361661128699779,-0.0089680384844541,-0.839713454246521,0.6498161554336548,0.8587449193000793,0.441373199224472,-0.5708622336387634,-0.6952683329582214,0.2901767194271087,-0.7595633864402771,-0.162751168012619,-0.1043712496757507,0.436204731464386,-0.4935372173786163,0.2093543112277984,1.7086720617953688e-05,-0.5586060285568237,-0.5077348351478577,0.0635871440172195,-0.559253990650177,0.0566951781511306,-0.3546957969665527,0.4352950751781463,0.2130195647478103,0.2203995585441589,0.2638640105724334,0.2909874320030212,-0.6759177446365356,-0.2001582086086273,-0.2651552855968475,0.6137272119522095,0.9788709878921508,0.1233715638518333,0.2645368874073028,0.4555129706859588,0.2789110541343689,0.195406973361969,-0.2249953150749206,0.0812973529100418,-0.4688581228256225,-0.3993406891822815,0.9137731790542604,-0.1056922972202301,0.0960718169808387,0.2796002924442291,0.2219674736261367,0.6827477216720581,0.0476958826184272,-0.6334594488143921,-0.1426112502813339,-0.0035134465433657,-0.0084518818184733,0.6645944714546204,0.2519964575767517,1.0229380130767822,-0.3500599861145019,-0.060292262583971,0.2705570459365845,-0.0466861724853515,0.6038400530815125,-0.5765597224235535,-0.2290982753038406,-0.0164570044726133,0.2166618555784225,0.7843930721282959,0.2562227547168731,0.3657118380069732,0.3370965719223022,0.1249434128403663,0.0959089770913124,0.302809476852417,0.4310511350631714,-0.0423594266176223,-0.0909996181726455,-0.4449203610420227,-0.3668844997882843,-0.3616075813770294,-0.5473309755325317,0.0237949229776859,-0.1084983274340629,-0.2244998514652252,-0.074521355330944,-0.5294779539108276,-0.8348717093467712,-0.7273156046867371,-0.7996223568916321,0.1282709240913391,-0.3520514369010925,0.3942602276802063,0.2304388135671615,0.3436907231807709,-0.4132688045501709,0.4706529378890991,0.4564939737319946,0.5322994589805603,0.3543920516967773,-0.425750583410263,-0.605270266532898,0.1862010061740875,-0.2988229393959045,0.2009898722171783,-0.003254962619394,0.0148290423676371,-0.561886191368103,-0.6147566437721252,-0.0291400589048862,0.0009933889377862,-0.0579189211130142,0.2181346118450164,0.3025559484958648,0.2743854522705078,-0.5046523809432983,-0.5204188227653503,-0.2920539975166321,-0.2656936943531036,0.2966531217098236,-0.6179804801940918,-0.0103547386825084,-0.0673439428210258,-0.1639868766069412,0.5980075001716614,0.6896371841430664,-0.6088401079177856,-0.0269214939326047,0.6098814010620117,0.0036541002336889,-0.2683363556861877,0.0167864058166742,0.0590142719447612,-0.1358803957700729,0.1423052847385406,0.5005311369895935,-0.080097958445549,-0.0872372761368751,0.0025892700068652,-0.5950143933296204,-0.8245745301246643,-0.0835050418972969,-0.8271368741989136,0.6489257216453552,0.0049196588806807,0.3333048820495605,-0.4421678483486175,-0.122152991592884,-0.0753346756100654,0.1915476620197296,-0.3227148950099945,0.1778335571289062,-0.0810354724526405,-0.4908232688903808,0.2985319793224334,-0.192046970129013,-0.82032310962677,0.507908821105957,0.3688993752002716,-0.6625238656997681,-0.2701572775840759,0.2755818367004394,-0.1375831514596939,-0.7003011107444763,-0.1512006521224975,0.0186482574790716,-0.0833663269877433,0.3068884611129761,0.1654050648212433,0.4656426310539245,0.1542191207408905,-0.1949292421340942,0.3063982725143432,0.4625619947910309,0.5449936389923096,0.3780714869499206,0.2548714578151703,-0.3712697029113769,0.3319862782955169,-0.243299588561058,0.3172643184661865,0.1979582160711288,0.4467939436435699,-0.2053159475326538,0.9143945574760436,0.4328822493553161,-0.499682605266571,0.1977975815534591,0.8523085713386536,0.6478829979896545,0.438651978969574,-0.2757658958435058,0.0863866135478019,-1.1554301977157593,0.3818044662475586,0.2809598445892334,0.0605168044567108,-0.1790277361869812,-0.4353194534778595,-0.4084134399890899,-0.3831052184104919,-0.1733971536159515,0.3237088620662689,0.0708637684583664,0.389953076839447,0.4096400141716003,0.0067407046444714,0.539636492729187,0.0339369662106037,-0.1130606234073638,-0.2762750089168548,-0.1326154172420501,0.2487753033638,0.5508090853691101,-0.2679859101772308,0.4580556154251098,-0.4241444170475006,-0.6629235148429871,-0.1439159363508224,0.2060327678918838,0.0556595474481582,0.5947993397712708,-0.5304108262062073,-0.2170806378126144,0.4172620177268982,0.5577573776245117,-0.1151442378759384,-0.1299427449703216,-0.5406795740127563,0.1671021431684494,-0.2948118150234222,-0.525668740272522,0.3471474051475525,0.067910186946392,0.5532509088516235,-0.4626549482345581,0.0628871172666549,0.3348872065544128,0.6738779544830322,-0.0825635194778442,-0.1918529272079467,-0.1482875347137451,0.0301577374339103,-0.4187168180942535,0.2475821375846862,0.2780641317367553,-0.3190640211105346,-0.2166909575462341,0.2315201759338379,-0.4854567945003509,0.1580540984869003,-0.1881604939699173,0.0777434259653091,0.1021654158830642,0.0103373331949114,0.1410518288612365,-0.478675365447998,0.1851695924997329,-0.0208932664245367,-0.730433464050293,-0.0510022938251495,-0.1262215971946716,0.198098212480545,0.0749369338154792,-0.0729110240936279,-1.0756064653396606,-0.3049858510494232,0.011947177350521,0.4385904967784881,-0.6670312285423279,-0.7700861692428589,0.2692975997924804,0.1414628475904464,-0.0455404222011566,-0.918663740158081,0.0509503223001956,0.0276019070297479,0.5825645923614502,0.1458976715803146,0.0157146379351615,-0.3675202429294586,0.2213378548622131,0.3635661602020263,-0.5286746025085449,0.1755174845457077,-10.247665405273438,-0.3796389698982239,-0.4636188149452209,-0.3958320021629333,-0.0887795835733413,0.0740054845809936,0.8447850942611694,0.1071118041872978,-0.2758870720863342,0.0031080560293048,-0.1092009246349334,0.3160825073719024,0.4081791043281555,0.4168963134288788,-0.5425208210945129,0.0353235080838203,-0.4192453324794769,-0.3250922262668609,-0.0322941578924655,0.1313143670558929,-0.2183082699775695,-0.0957723408937454,0.8175234198570251,0.1772782355546951,0.1410733610391616,-0.5302755236625671,0.1069687232375145,-0.0831779986619949,-0.2523498833179474,0.2613493502140045,-0.8081451654434204,0.6520017385482788,0.0800354555249214,0.1489601731300354,-0.1373194009065628,0.3271225690841675,-0.2558153569698334,0.3009745478630066,-0.5974177718162537,0.5156713128089905,0.425869345664978,0.1839704662561416,0.3519815802574157,0.1209524050354957,0.3913702070713043,0.0172822419553995,0.1741591095924377,0.1298325806856155,0.2003630399703979,-0.0368525609374046,0.0028708931058645,-0.2216395735740661,-0.0448448695242404,-0.3578833341598511,0.2409636527299881,0.0686307251453399,0.616600751876831,-1.0683157444000244,-0.4244650304317474,0.164621889591217,0.4183639585971832,0.1787005960941314,0.9255360960960388,0.4383635818958282,0.6140504479408264,0.4281730949878692,0.6095151901245117,0.1795886158943176,-0.8610028624534607,-0.2409491688013076,0.1780706048011779,0.428637146949768,0.2132688909769058,-0.0840645283460617,0.3982409238815307,0.4956603944301605,-0.1382933109998703,-0.0957192182540893,0.2834789454936981,0.0696157217025756,0.4477247595787048,-0.1536393165588379,0.1949158906936645,0.2347784042358398,-1.1133779287338257,0.1799013912677765,-0.4564519822597503,-0.1243036836385726,0.3479998409748077,-0.7535417079925537,0.7684181332588196,0.1508852541446685,-0.3257345259189605,0.4649184346199035,0.0871630162000656,-0.0528093539178371,0.0347592271864414,0.796337902545929,0.4298792779445648,0.1643362343311309,-1.5570239,-0.9674506,0.70520663,0.7528234,-1.0834147,-0.5420896,-1.4887992,0.22215801,1.0014168,-1.1991016,0.7891679,0.31896994,-1.9188586,2.3851626,-0.5478987,0.12547094,0.80695313,-0.45127282,0.47506538,-1.0227673,0.63341326,0.3362365,0.5334324,0.0059468336,1.001957,0.56118053,0.2419966,-0.22113198,-0.37354016,-0.17335038,0.17553008,-0.53725106,-0.75998884,-0.33227178,-0.12657942,-1.0515095,-0.80784154,1.2276796,0.22097915,-0.18001367,-1.2959744,0.60205346,-0.40814772,-0.019995289,-0.8885851,-0.28742203,1.7887515,-0.5098259,0.8536703,-0.48876524,-0.45026994,0.1909893,0.900645,1.0039858,0.4281129,0.14579384,0.327296,0.86454415,0.008923382,-0.02247735,0.96827406,0.5899533,-1.2774547,0.3200136,0.290315,1.1196436,0.44394433,0.12791805,-0.4241273,-0.48737192,-2.3644698,-0.77438754,0.18711732,0.9033871,-1.1758267,0.85288095,-0.061916545,-0.32450417,-0.05541278,0.6247836,0.35438547,0.4826262,-1.2566009,1.5302786,-0.8800395,-1.2630537,-0.054019734,-0.095620304,-1.0973178,-0.077692665,0.30920672,-1.3651156,-1.4632927,-1.1531929,0.97319585,-0.4278756,-0.9498256,-0.72501683,-1.0568763,-0.39403906,0.056739468,1.7275687,-0.35439262,0.016405618,-0.931931,0.19531204,-1.1696128,-0.6355701,-0.5842185,0.7051142,-0.062276218,0.8164697,1.0231751,1.2906369,0.7026121,0.8319121,-0.90974826,-1.3701261,-0.71994996,0.026290486,1.190481,0.07704272,-1.0221568,0.3254998,-0.44132337,1.6737858,0.52438873,-0.82665014,0.82521015,-0.23692942,0.91844505,-0.085675806,1.5612887,0.694279,-0.89679986,-0.84248304,-0.5165892,0.44733247,0.14499532,-1.2431413,-0.15418613,-0.37365127,-0.2346781,-0.18081991,0.30329093,-1.8737348,0.399882,0.9412761,1.4424019,0.09792373,0.081742175,0.16656365,-0.8603203,0.14792304,1.2954289,0.15633427,-0.08208104,-0.3313494,-1.8912606,0.9697292,0.25246623,1.5425425,-1.0178272,0.28726652,0.10769325,-0.13454024,-0.8921898,0.6875984,-1.245092,-1.8375193,-0.24826206,-0.20720182,0.40729403,-0.2551222,0.67620516,-0.26866376,0.29242685,0.4071965,-1.062434,-0.1775132,0.3753182,0.74292356,-0.19274974,1.0953141,-0.6591202,0.65237784,0.53725797,0.71469,0.29444453,0.33377734,0.0600944,-1.0742544,0.70706576,1.238677,0.9301183,1.9253277,0.9969034,-1.8065809,-1.0972005,0.1349451,-2.4696767,-0.4420567,0.62829643,-0.8203128,1.634416,-0.5465145,-1.4042221,2.1986413,0.3923411,0.4302405,-1.4601127,-1.4989333,0.9355704,0.7175103,-0.9013467,0.0785981,-1.0662559,0.20981269,-0.5180705,-0.44531357,1.1355656,0.77108985,0.5301785,2.212148,-1.4036351,0.1613137,0.09554718,0.6740934,0.16877528,0.77369004,-1.2066699,0.2916002,0.6088579,-0.47193262,-0.5144942,0.25233653,-0.09900523,0.9167853,-0.6064163,0.59627604,-0.06903223,-0.18012165,0.49230614,-0.2623501,0.94561034,0.6786654,1.5840639,0.6090316,-1.4299544,-0.63539886,0.49519098,0.9050069,-0.048031043,0.20723754,0.9044535,1.0058321,-0.6455752,-0.08546253,-0.6242731,-0.411496,-0.15458111,0.27785668,-0.60612637,0.11495792,0.1733778,-0.8251696,-0.5691579,0.27552655,-0.22583754,-1.1825202,-1.1742955,-0.5467856,-1.3623066,0.38012078,0.26492533,0.08606982,-1.2769622,-0.94694686,-1.5760361,0.5713214,0.68241525,-1.3252059,-0.40123317,0.3250701,-0.14852042,0.9203258,-0.47742906,-0.06026842,0.6863935,1.0445479,-1.7434874,0.59468144,0.10814161,0.5746811,1.5316525,0.19414406,1.3589576,-0.867584,0.39290503,-1.0651302,0.44979426,1.1993824,-1.724285,0.6582207,0.2552931,0.08004438,0.38768795,-1.3800087,-0.2555766,-0.6252522,0.033958584,-0.5546476,-1.4545689,1.9863443,-1.8154498,1.3893132,-1.3452615,-0.49029973,-0.70325667,-0.8960221,-1.234881,0.66445726,0.5978364,0.23963915,0.24314696,-0.07759383,-0.044814866,0.4966774,0.24149168,0.62018186,-0.72366333,1.1722707,-0.4627917,-0.99174076,0.42539802,0.5799708,-1.0597599,-1.3827635,-1.3379182,-0.25765356,1.1279494,-0.4253472,-0.540743,1.193853,-0.16965686,0.6778364,-1.0924062,-0.42684677,-0.0792815,-0.8597274,1.0097673,-0.0073171654,2.2084017,-0.5741763,-0.39612892,0.5346839,-1.5468124,-0.1934377,-0.60851127,2.4480786,0.38649333,-0.17363463,0.66467077,0.8120367,-0.67798805,-0.35786268,0.82854795,0.10005241,1.6808113,0.6904021,-0.23979513,1.9221197,-0.14318855,0.4348471,-0.5159928,-0.20877768,1.7625724,-0.056635093,0.20578313,-0.22673099,-0.5017931,-0.52179205,0.18876606,0.39712158,-0.3392934,-0.01011467,0.9487836,0.9980879,-1.3823103,-1.0971156,-0.2623125,0.7579196,0.98397666,1.8947347,1.2159079,0.18223669,-0.46699098,-2.0563343,-0.062190726,0.6354759,0.70743054,0.8638378,-1.1553785,0.64974433,0.17887354,0.17687576,-0.50075465,-1.8778878,1.5585022,0.086891435,0.18053256,1.4678997,-0.7145129,-1.4080433,-0.4307655,0.43607828,-0.47643623,-1.0430268,-0.28995952,1.3774911,-0.69970465,1.0440944,0.4890221,0.26870593,0.4769733,0.53672236,0.6631958,0.83371687,-0.94873697,-0.85567397,-0.33528078,0.5819168,-1.6888027,-0.47911516,0.6928068,-2.1154726,0.4471347,-0.50933415,0.07463647,0.2623071,-0.6810382,-0.88911897,-1.6076775,-0.084161215,-1.2392522,-0.5881463,0.5246772,-1.3631954,-1.2941478,1.3471322,1.3831253,-0.9139037,1.0729313,0.35852993,-0.17411153,0.40712795,-0.1069146,-0.27896413,0.4826808,-0.17380919,-0.03060171,-0.15553309,-1.5031122,-0.37801704,0.33749986,-1.5261809,-1.1535628,0.62318283,1.1123682,-1.9330074,-0.17415325,0.24446352,-0.9827444,0.36486474,0.93849856,-0.1487854,-0.05875383,-0.82024384,0.0007120371,0.23555572,0.72773725,0.0220932,-0.39132762,0.8487002,0.31355473,-0.1023897,1.8575538,0.048947215,0.5647891,1.1724037,0.43535224,-0.35992828,0.89030653,0.19708024,-0.32846656,0.8874368,-1.4046417,-0.91967374,1.7303748,-0.17830001,-0.38494107,-0.31988576,0.49899474,-0.19158982,0.09793937,-0.010089149,0.746504,1.6277555,0.75591993,1.5050172,-0.45793185,-0.27899718,-0.6530988,0.450173,-1.5423704,-1.2029296,0.64610034,0.5839601,2.921727,-0.5933197,0.2982036,1.3362175,-0.5390265,-1.4031702,0.23376162,0.5393301,-0.76279163,-0.48142433,0.11827942,-1.1598943,0.2143581,-1.709795,-0.75379825,0.78763694,0.28210708,-0.7399044,-0.26356402,0.42778268,0.06277922,-0.7214761,0.93035394,1.2726952,1.2440255,-0.26313436,-1.3747922,0.59127,-0.2500363,-1.7312998,0.424914,-0.4777813,-0.2109453,0.28782365,-0.972181,0.022854706,-0.5911822,-0.5068389,1.4646268,-0.070068136,-0.19210607,-0.09538647,-1.0711262,1.6516281,-0.33759364,-0.087300874,0.5779521,0.94843006,-1.4984709,0.13639838,-1.2807554,0.58880466,-1.1785502,0.4353851,1.12402,0.5093543,-0.3573116,1.3655382,-1.0109646,-0.5384238,0.49262583,0.34238783,-0.12349156,0.84539276,-2.2005644,1.3198948,-1.543661,-1.0072972,0.45797023,1.0298785,-0.40028778,0.28696233,-0.46960977,0.39115956,0.26164928,-1.4768394,1.3007761,1.9222027,-0.66777253,-0.35451695,0.3769633,0.55899304,-0.33526728,-0.3603146,2.4404833,0.34735325,0.915793,-1.2991725,-1.1637206,-0.14670755,-0.7606528,-0.50835353,0.09910845,-0.5613927,0.29151708,0.30794662,-0.073314875,0.65215796,-1.5031327,0.36985955,0.52404606,-0.7253439,-0.42431366,0.17469722,-0.12600708,-1.5226275,-1.708643,0.365877,0.8226797,0.028888337,-0.20038581,0.5024267,1.806819,0.5711103,0.0429187,-0.6756732,0.7515082,0.9386263,0.60096854,-0.73386174,-0.8354368,0.77465326,1.6707188,-1.2137767,-0.014444749,-0.23943545,-0.77691,-1.8760476,1.2404333,0.7654545,-0.3367751,1.6471428,0.6384735,0.1891865,0.98038554,-0.42848387,-0.55557466,-0.34601948,-0.55365807,0.156862,0.22904444,-1.0587968,0.009787083,-0.5474768,-0.058543265,0.045243282,1.0802586,-1.4260392,0.6527741,0.19327988,0.6551507,0.17991634,0.07287449,-0.8849967,-0.56464994,-0.91279274,1.5265478,0.76527375,0.23195659,-1.6387774,-0.29936048,1.462268,0.68202686,-0.43054008,0.10441951,-0.024602503,-1.4259685,-0.24709861,-0.9465168,0.0026482798,0.86316156,0.811348,-1.0762584,1.0155329,-1.7332911,0.5409651,0.28078765,-1.2867513,-0.008687153,-0.3331283,-0.276371,1.759194,0.8525324,0.18274005,0.80304927,0.8132756,1.1039332,-0.26129663,-0.82616657,-2.062639,0.52440083,0.6562526,0.67726976,-1.0798264,0.30812883,0.66192573,-0.20780112,1.3927155,-0.25812593,-1.4396144,-1.0451809,0.3896264,-0.47133502,0.033293076,-0.92657334,-0.25962055,-1.0226932,0.6413168,-0.77234536,-0.06381794,0.1398851,-1.5788851,0.47216845,0.6105539,0.7518912,0.730766,0.6623211,0.94712883,0.04535961,-0.12238735,-1.1658655,-0.47272184,0.74474555,-0.5834414,0.031154266,0.41636539,0.34407505,1.4555181,0.40181622,-1.5422453,0.15616141,0.07527578,0.5964114,0.7381616,-0.6900223,-0.22030477,0.42858043,0.4777595,0.8166589,-0.94518095,0.21488039,-0.060479444,0.688787,0.28741077,0.9205285,0.31859407,0.31096452,1.5955143,0.5863131,-0.55833197,-1.4783926,-0.116604656,0.88214886,0.63778913,-1.4584675,0.06309952,-1.1795167,1.165491,0.9131294,0.41256058,1.3782526,-0.3136181,-1.3864759,1.7264552,-1.1015792,0.12117314,0.6736454,-1.2469053,0.8818115,-0.0035458151,0.6342622,0.9531964,0.5383862,-1.2989124,0.9482153,0.2283746,0.8062874,-0.26343286,-0.8584382,-0.7884575,-0.034159333,-0.5872964,-1.3108132,-0.6562171,0.55120987,-0.68445796,-1.7706214,1.3831701,0.3968339,-0.5123264,-0.9607774,0.951465,-0.15430865,0.11540887,-0.72171926,-0.33138373,1.8563097,-0.97612536,1.4106653,-0.76643306,-1.2444594,-0.65458286,0.84681165,0.74930865,0.7788097,-0.38197604,1.6193615,0.9981527,-0.3763195,-0.48011944,0.49991837,-0.05686322,-0.99769974,-0.17783117,0.45121366,0.98093694,0.34274977,0.0322873,-0.17222694,0.2914552,-1.7753778,-1.5562785,-0.040410243,1.2639611,-1.8147466,0.28061533,-0.25348055,-0.87832433,0.24168313,-0.052446894,0.6473919,-0.35794377,-0.7876862,1.6625228,-0.9588026,-1.1375998,-0.4271105,-0.2729605,-1.3735486,-0.089804664,-0.1930284,-2.012048,-1.5524833,-1.2891818,2.119598,0.9776441,-0.8575483,-0.7877951,-1.4018958,-0.6403491,-0.06549914,1.1211294,0.2749019,-0.8698656,-0.9481143,-0.10654495,-0.60145044,-0.430527,-0.37366694,0.9398201,-0.2507213,0.42717373,0.729445,0.9336542,0.57876587,1.0225937,-1.1713874,-0.8468834,-0.2188153,0.44454205,1.9136673,0.097357355,-0.9849926,0.4992744,-0.12040228,1.3160279,0.38519675,-0.93329954,0.49014825,-0.057974204,1.0502622,0.04734229,2.1724944,0.65161604,-0.5519809,-0.35311684,-0.04758898,0.6223229,0.5792013,-1.0861524,-0.31470513,0.42603928,-0.35617304,0.07079649,0.6636284,-0.53182495,0.067949355,0.23320597,1.4124672,0.62363774,-0.49189454,0.6933331,-1.639785,-0.047982886,0.9573764,-0.74063987,-0.24066025,0.5777789,-1.2457361,1.2484081,-0.9104141,1.2640263,-1.0654361,1.0845331,-0.07452527,0.5539908,-0.46022785,0.20952359,-0.37275493,-2.3122728,-0.16069354,-0.0185574,0.24443287,-0.18159902,0.26100835,-0.19548586,0.566228,0.5008434,-1.6428258,-0.32688308,1.4825099,0.6673832,-0.12758332,1.1720126,-0.30139595,1.1647242,0.41037214,0.092830166,0.32924512,0.07918404,0.7586951,-0.948337,1.3486594,0.92238104,0.5763259,2.8847508,0.550757,-1.4100869,-1.2665344,1.1506323,-2.2710214,-0.8089884,0.67092407,-1.5952404,1.0697298,-1.1434386,-0.98144317,1.5871329,0.2672025,-0.16897023,-1.3283571,-1.0757842,1.0515368,0.994631,-0.45560968,0.24592037,-0.64417183,0.3869781,-0.6936541,-0.36836365,1.3510259,0.99501485,0.5322408,0.89069617,-0.4657546,0.40835813,0.13213727,0.033986345,0.37614658,0.72262543,-1.1489471,0.47880098,1.0752985,0.015720274,-0.39623132,0.46278396,-0.5476317,0.40639704,0.25955552,0.64259636,0.47768933,-0.39773175,0.30803764,-0.014227927,0.5752635,0.5610512,1.8350098,-0.08605714,-1.8979275,-0.7593479,-0.14826244,1.4489996,0.5212239,0.55836195,0.6739551,1.4230587,-0.5405773,-0.064851575,-0.2889004,-0.699998,-0.81415176,0.73986983,0.24211788,0.3240481,0.26760375,-1.0281305,-1.0149473,0.28229004,-0.14973208,-0.6133101,-1.0483428,-0.5245733,-0.9516368,0.84325534,0.55690515,0.2905063,-0.7545299,-1.0691835,-0.30046788,0.83640736,0.7296911,-1.6703439,-0.17455685,-0.19181028,-0.88153446,0.04263112,0.040361255,-0.2219569,0.52118295,0.6660703,-1.5457991,0.640124,0.15562314,0.9828938,1.4035144,0.027226001,1.1357515,-1.0153605,0.15760702,-0.32018837,0.6038799,0.6564434,-2.0264184,0.75210047,-0.4924812,-0.61308324,1.6599114,-1.1190917,-0.03614881,-1.3484833,-0.44246218,-0.84724975,-1.2208099,1.9807949,-1.5404365,1.4946945,-1.4967037,-0.40986183,-0.75455874,-0.733656,-1.4283496,-0.006629586,0.018839568,0.17602077,1.2183897,0.079684675,0.020132244,0.1901539,0.0325548,1.4887557,-0.1660266,0.38464594,-1.0825094,-1.454206,-0.028691974,0.9515755,-1.9627391,-1.256338,-1.2141299,0.03097386,0.1172573,-0.6530827,-0.6615037,0.8722401,0.0419532,0.3161528,-0.95349795,-0.80970883,0.14947562,-0.9096569,1.7260652,-0.6630534,1.7585112,-0.9610613,-0.8648588,-0.08062346,-1.3189722,-0.10715118,-0.8129841,2.0107436,0.46554002,0.56391686,-0.24365169,1.0898657,-0.07090637,-0.9922479,1.07604,0.57431877,1.6424571,-0.36426765,0.16448829,1.4992514,-0.32733828,0.7674715,-0.3716717,-0.13240917,1.7005196,-0.5479565,-0.9283739,-0.17140344,0.34956393,-0.28472483,0.10081133,0.6259819,0.13750014,-0.054574832,0.6154334,0.98761696,-0.4026306,-1.347916,-0.69355536,0.9605127,1.1330757,1.7684741,1.1313646,-0.46167576,-0.11432171,-2.3336906,-0.025778696,0.8129104,1.0921427,0.40333813,-1.5626901,0.597628,0.6567791,0.30145314,-1.6085355,-1.1813533,1.8570242,0.56887597,-0.08787374,1.9276104,-1.098638,-1.5437967,-0.70409274,0.72831124,0.09455137,-0.99523944,-1.1587068,0.09481343,0.22637254,0.8970643,0.9563103,1.2025932,-0.057618663,-0.37519294,0.21880586,0.30937582,-1.241034,0.080492646,0.056213394,0.56195456,-1.2296929,-0.3471691,0.4173092,-1.8864794,1.1927302,-0.523479,0.20089892,-0.53599936,0.0079793185,-0.6668649,-0.0747457,-0.1564419,-1.3774773,-0.42054284,1.141849,-1.4237264,-0.99061584,0.96068585,1.4191829,-0.98459065,0.30383444,0.47882104,-0.2559392,0.81624657,-0.29780695,-1.0433366,-0.39731902,-0.24358286,0.2239044,-0.8399468,-1.9623773,-0.49495006,0.74156094,-1.3136718,-1.306389,0.51607525,0.8148266,-1.0967581,-0.7263399,-0.39377046,-0.14479195,0.72408473,0.7424735,-0.090773284,-0.18908337,-1.1451782,-0.020410163,0.3314478,-0.20510909,-0.5342903,0.45417187,0.32552433,-0.4479937,0.12222442,1.4826043,0.12053814,1.5967712,0.97568274,0.33513695,-0.18437475,0.71556944,-0.47812873,-0.13232201,0.52725846,-0.8977461,-1.2656602,1.7364031,0.12927909,-1.0342709,0.037358534,0.16316438,-0.17491922,-0.15966298,-0.13153687,0.2811271,1.6032484,1.0461234,1.70749,0.20691317,0.15436408,0.047440626,0.49138573,-1.2306745,-0.78849113,-0.3120312,0.48819554,2.7827296,-0.6438108,0.677382,0.91096896,-0.9376838,-1.1657767,0.3501721,0.07001806,-0.24963227,-0.78612566,0.4389181,-1.1745001,0.051975057,-2.2223115,-0.34625286,0.9113669,1.2295021,-0.65541404,0.39850375,0.6509155,0.066468745,-1.1338224,0.14241946,0.877594,2.0103397,0.09939656,-0.68726486,0.80033743,-0.40612957,-1.99002,0.08290228,-1.3657396,-0.5717915,-0.092383355,-0.8337823,-0.065773636,-0.051575445,-0.720562,1.369241,0.11394526,0.09085097,0.48189014,-1.5979933,0.9430076,-0.21466386,-0.4541157,1.9745255,0.650378,-1.4973447,1.159002,-1.2742481,1.6985824,-0.27383572,0.47367594,1.3281925,0.012379147,-1.1562665,0.61570936,-0.26323882,-0.35733637,-0.67216814,0.31690365,-0.63999504,0.37077433,-1.9030988,1.3349595,-1.5826395,-0.874841,0.22523087,0.8979365,-0.32864857,-0.0726029,-0.3581288,0.84226304,0.24101847,-1.078811,0.5505271,1.8602417,0.075373806,-0.95864826,0.6480517,0.4096411,-0.47973678,0.06444103,2.1534538,0.29914576,0.60906124,-1.3076367,-1.0890598,0.33257553,-0.25418645,-1.1226072,-0.74390244,0.10647254,-0.07966465,0.5922762,-0.35821715,0.49498576,-1.1119748,0.30974132,0.4148772,-0.5560849,-0.8954625,-0.14126575,-0.45507205,-0.5260678,-1.123409,0.72547805,0.75922346,-1.0560914,0.373746,1.0169454,1.3423253,1.086165,-0.32163465,-0.94399464,0.5886997,0.50962174,0.95259446,-1.939462,-1.9906665,0.501515,1.3492732,-0.64091444,0.33210504,0.29837984,0.280269,-1.4581685,1.2814631,-0.16512656,-0.18467839,1.452701,0.22709905,-0.028392104,0.7726991,0.11619413,-0.36911848,0.25759244,-0.8337208,0.16888213,0.5044937,-1.0719911,0.2120916,-0.1744412,0.04882092,-0.55828404,0.43792328,-1.6383412,0.6050594,0.61789215,0.46830305,0.6995087,0.33043903,-1.2972276,-0.44278097,-0.3613036,1.3014148,1.1517574,-0.4098531,-0.4751797,-0.18271625,1.6906127,0.29951715,-0.22354455,-0.05625058,0.69767654,-0.84281135,-0.53544575,-0.9184656,-0.39485028,0.199283,0.3350498,-1.0796133,0.8836735,-1.9988391,0.68064654,-0.04268895,-1.7609499,0.20441672,0.37763447,-0.28885597,2.5017824,1.3633397,-0.5044408,0.07221344,0.5735702,0.56399345,-0.39723724,-0.46566865,-0.8822912,0.6040637,1.3909034,0.3941802,-1.3899095,0.3441166,0.26927364,-0.18498771,1.4747121,-0.37648657,-0.53711754,-0.8903662,-0.047205634,-0.5851711,-0.55450463,-0.3837033,0.30650565,-1.7651415,0.639403,-0.8061346,-0.5731602,0.455234,-0.82630426,0.080163345,-0.4048154,1.1673825,0.6505283,0.55247754,0.8265181,-0.6327253,0.13647962,-1.0771983,-0.5589167,0.37580925,-0.4283411,0.8689085,0.3316657,0.85396564,1.6109624,0.2037478,-1.5388649,0.57782435,-0.36815676,1.3088744,-0.24402475,-1.125791,-0.23305671,0.10607746,0.6706356,0.5817098,-1.0599297,-0.25638378,-0.09900333,0.23371449,0.27648517,0.24757442,0.18429688,0.17965585,2.113803,1.0623633,0.29913133,0.0
オ,0.5296596884727478,0.2130906283855438,0.4559382796287536,-0.3788235783576965,0.0963736400008201,0.229296863079071,0.2386744916439056,0.2548413276672363,-0.0763473808765411,-0.5995948910713196,0.3987560868263244,-0.4263967275619507,0.4475667774677276,-0.2476707696914672,0.6969519257545471,-0.0656861960887909,0.0709809884428978,-0.1644545197486877,-0.0108748702332377,-0.3702743947505951,-0.7576481103897095,-0.413432627916336,0.3180697858333587,0.3614082336425781,0.053830225020647,-0.3144461810588836,0.024836154654622,0.22332763671875,-0.1629917174577713,0.0653100684285163,-0.163625493645668,-0.366718590259552,-0.2875009775161743,-0.143985703587532,-0.1412046998739242,0.7164433598518372,0.0447980128228664,-0.334321528673172,-0.048272281885147,-0.4448588788509369,0.2024504095315933,-0.0392537266016006,-0.0778143554925918,-0.4906745254993438,-0.4244580864906311,0.3569748103618622,0.1421144604682922,0.4508043527603149,0.3910716772079468,0.065802477300167,-0.2395339757204055,0.3987994194030761,0.2064034640789032,0.0377097837626934,0.5504782795906067,-0.1333968788385391,0.3774928748607635,-0.541711688041687,-0.0768055692315101,0.2613519728183746,-0.3717130422592163,-0.2485538125038147,0.521899402141571,-0.136066272854805,0.0811342075467109,0.026225758716464,-0.2150810807943344,-0.1482564061880111,0.0450063794851303,-0.7747994661331177,-0.2178253978490829,0.2925040125846863,0.3747594952583313,-0.3835846185684204,0.6918500065803528,-0.3065555095672607,0.2237822115421295,0.1153149232268333,0.2371601611375808,-0.2251027226448059,-0.3462476432323456,0.2766848802566528,0.2552945911884308,-0.7245570421218872,0.0226185377687215,0.0493616014719009,-0.4940282702445984,-0.9880563616752625,0.452703058719635,-0.3511286675930023,-0.0228992886841297,0.0741178765892982,0.2153235077857971,0.2377034276723861,0.0652189552783966,0.1718862056732177,0.1264184862375259,-0.2441621720790863,-0.2346249967813491,0.2505479454994201,0.0868691354990005,0.4093315303325653,0.32750204205513,-0.1709804832935333,-0.2634230852127075,0.0760699585080146,-0.1548914760351181,0.2174850106239318,0.2510367929935455,0.0809057801961898,-0.3745799660682678,-0.2978120148181915,-0.4654948711395263,0.2725546658039093,-0.0209189262241125,0.1435899883508682,-0.198187306523323,0.3388965129852295,-0.4349301159381866,0.6078699827194214,-0.2538466453552246,0.7915907502174377,-0.0356875881552696,0.3047783374786377,0.2150291949510574,0.5052955746650696,0.0175789315253496,-0.0272460542619228,-0.1284803003072738,-0.2572053372859955,0.0357783772051334,-0.0579200908541679,-0.6814077496528625,0.0921545028686523,-0.2537298202514648,0.9225340485572816,-0.0114336526021361,-0.0479016825556755,-0.136097177863121,-0.4668779373168945,-0.1524674445390701,-0.1324257403612136,0.2752945125102997,-0.4046907126903534,-0.1197020336985588,0.1626258939504623,-0.2094656676054,-0.4744023382663727,0.4888186752796173,0.3426395952701568,-0.391703337430954,0.8269580006599426,-0.7304170727729797,0.0575210861861705,-0.0262061338871717,0.3646568357944488,-0.7473659515380859,0.1510887295007705,0.0498598143458366,0.5594866871833801,0.0929848328232765,-0.4336896538734436,0.1997489929199218,0.3209051787853241,0.1022119894623756,0.4263670146465301,0.4947990477085113,0.234954759478569,0.1953546553850174,0.4709454476833343,0.0561673045158386,0.4962971210479736,0.0458567067980766,-0.2137681096792221,0.4985187947750091,0.2918106913566589,0.1293936520814895,0.2646268904209137,0.0680747330188751,-0.5479270219802856,-0.0365224033594131,-0.1630211323499679,-0.0103595312684774,-0.1495637893676757,0.4607514441013336,-0.16131691634655,-0.0502539128065109,0.1145083829760551,-0.2079464346170425,0.1704038232564926,0.0367571040987968,-0.262583464384079,0.3753058016300201,-0.6912090182304382,0.0999286249279975,-0.3194076120853424,-0.3274402320384979,-0.3803856372833252,-0.302856832742691,0.3924706578254699,0.0625739246606826,-0.0227741338312625,-0.1504396349191665,-0.1841774731874466,-0.8772600889205933,-0.3443240523338318,0.072902612388134,0.655198872089386,0.360122412443161,0.2266106456518173,0.0718065351247787,0.2478867173194885,0.4675061106681824,0.0748334527015686,0.1430813670158386,-0.0019422065233811,-0.2316767424345016,-0.1867131143808365,0.1263024359941482,-0.1210856661200523,0.4201357662677765,-0.0982303693890571,0.3487502336502075,-0.0542345009744167,-0.406590849161148,0.2436564266681671,0.0867293998599052,-0.3940061628818512,0.0503381453454494,0.7268115282058716,-0.2607754468917846,-0.6348714232444763,-0.4985277056694031,-0.0947990268468856,-0.6508302092552185,0.0662958398461341,-0.268383651971817,0.2855084538459778,-0.349700003862381,0.112674169242382,-0.1744929105043411,-0.4754193425178528,-0.1815786063671112,-0.2118682861328125,0.0328344888985157,0.1429506987333297,-0.0228110589087009,-0.1918207108974456,-0.51520836353302,-0.035258699208498,-0.3487142920494079,-0.4789979457855224,-0.0031026471406221,-0.5512425303459167,0.4469566941261291,0.2267684787511825,0.519576370716095,-0.0401957146823406,0.2230084687471389,-0.021178001537919,-0.0647084936499595,-0.8502422571182251,-0.1223883181810379,-0.082101322710514,-0.5005362629890442,-0.0289797261357307,0.0161732789129018,-0.4629672467708587,-0.3051377236843109,-0.4279847145080566,-0.0537696257233619,-0.4275308847427368,-0.4585559368133545,0.0507671535015106,-0.0609349831938743,0.121000550687313,-0.1441505849361419,0.4983959794044494,-0.4443674683570862,0.157625675201416,-0.6233783960342407,0.1977990418672561,-0.6939910650253296,-0.2582651376724243,0.0102615738287568,-0.2509933710098266,-0.385790079832077,0.1677277833223343,-0.4675479829311371,0.3769758343696594,0.3340494334697723,0.0589170567691326,-0.4295046031475067,-0.0234155897051095,-0.379841536283493,0.1281551122665405,0.2171487510204315,0.7272565960884094,0.2176287770271301,-0.0618875958025455,0.1726910173892974,0.4014920890331268,0.1911408603191375,0.1473643630743026,-0.1017887517809867,-0.2969529330730438,0.0840102732181549,0.055018100887537,0.6373216509819031,0.1061175316572189,-0.0175985414534807,1.0461182594299316,-0.3499410450458526,0.2470925748348236,0.49268639087677,0.2864406108856201,-1.7427469491958618,0.0124134626239538,-0.1290074437856674,0.0475340001285076,-0.2400045990943908,0.28074511885643,-0.0035546065773814,0.137170597910881,-0.459278792142868,-0.5403351783752441,0.9039117693901062,0.2878541350364685,-0.0093382988125085,-0.5122708082199097,0.3493413031101227,-0.2350283712148666,0.0298427008092403,-0.4780119359493255,0.2126775383949279,0.4782304167747497,-0.4107668399810791,0.0539882034063339,-0.1659918874502182,-0.537499725818634,-0.083966925740242,0.1677630394697189,0.1615692526102066,0.247225672006607,-0.5302152037620544,0.1380523741245269,0.3138780891895294,0.4008596837520599,0.7858495712280273,0.3039855659008026,-0.0616408102214336,0.0577767044305801,0.4450687170028686,0.1350419074296951,0.4254122972488403,-0.2856252193450928,0.1758316755294799,-0.0475820116698741,0.8534377217292786,0.0125897396355867,0.0911166295409202,-0.0015497871208935,0.1213041767477989,0.2295670956373214,-0.081953153014183,0.3548986315727234,0.1464321017265319,0.0478751249611377,0.1907066702842712,0.5322242379188538,0.5807309746742249,0.1449556350708007,-0.2838995158672333,-0.3661825656890869,0.0364569164812564,-0.321286529302597,-0.6244051456451416,-0.3386206030845642,-0.3438629508018493,-0.1222211271524429,-0.4495676457881927,0.2929139733314514,-0.0296255443245172,-0.5183850526809692,0.0549229495227336,-0.3556650280952453,-0.4252268970012665,0.3321499228477478,-0.0532559305429458,-0.7333111763000488,0.5861435532569885,0.2217282354831695,0.2881442606449127,-0.5338570475578308,-0.6530799865722656,-0.0423921756446361,-0.2733902633190155,-0.3039427995681762,0.1676573008298874,-0.3308295905590057,-0.0540301539003849,0.3473367393016815,-0.0784889757633209,-0.0932381302118301,-0.3437794744968414,-0.2950970530509949,-0.7089868783950806,0.1887605041265487,-0.0504166632890701,0.3232135474681854,0.0219684243202209,0.2221865206956863,0.2203065305948257,0.0448722839355468,-0.2711859345436096,0.0839256197214126,-0.3249978721141815,0.5804333090782166,0.3907267451286316,0.1664255708456039,0.581920862197876,0.4442465603351593,0.2811322212219238,0.5245891809463501,0.0202089324593544,0.0134099787101149,-0.610522449016571,-0.3011751174926758,0.7100160717964172,-0.0379120931029319,0.2432178258895874,-0.107879638671875,-0.0181926805526018,0.6090810298919678,-0.0324829034507274,-0.5741919279098511,0.0005142665468156,0.0738754346966743,-0.1841550320386886,0.262513518333435,0.6575903296470642,0.8228428959846497,-0.0232491437345743,0.0209028869867324,-0.140678659081459,-0.1875307261943817,0.3151618540287018,-0.1306444257497787,-0.1179750114679336,-0.2945268750190735,0.0095409927889704,0.2994397580623626,0.6596575975418091,0.2006724327802658,0.6231606602668762,0.3094731569290161,-0.3437167704105377,0.2674251198768616,0.435273140668869,0.4795292615890503,-0.2945265173912048,-0.2899815738201141,-0.3539811670780182,0.0258303135633468,-0.3896693289279938,-0.0662572011351585,0.6731356978416443,-0.1594995409250259,0.1768974959850311,0.0076765068806707,-0.6110824346542358,-0.6220504641532898,-0.3782775104045868,0.1608152389526367,-0.0992601439356803,0.1433831602334976,0.2025719732046127,-0.0135760903358459,-0.4930251836776733,0.1857774257659912,0.0561464726924896,0.2988999783992767,0.5034912824630737,-0.1536019593477249,-0.0901676565408706,0.0035907886922359,0.0382498726248741,0.0676893964409828,-0.1810710877180099,0.0458883009850978,-0.2628243565559387,-0.4944120943546295,0.0162131208926439,0.1840128451585769,0.2542142868041992,-0.1465330421924591,0.6534149646759033,0.1324674189090728,-0.5132039189338684,-0.565060019493103,-0.237240582704544,-0.2221661806106567,-0.0452727153897285,-0.4980322420597076,-0.0901912376284599,0.0443757846951484,0.3667648136615753,0.0876772403717041,0.2802462577819824,-0.3576146960258484,0.0792291760444641,0.2387515604496002,0.6340348720550537,-0.1300701349973678,0.2300144582986831,-0.1985842436552047,0.0217490531504154,0.0881654992699623,0.0755990594625473,0.0594925098121166,-0.1432090848684311,-0.536220908164978,-0.6978509426116943,-0.3783296048641205,-0.1789586842060089,-1.0786592960357666,0.5394381880760193,0.1386258453130722,0.2410538047552108,-0.4676302969455719,-0.4629960358142853,-0.147763043642044,0.3010770082473755,-0.115580216050148,0.4248737096786499,-0.2177674025297165,-0.5781479477882385,-0.0497000403702259,0.1251947283744812,-0.6601473689079285,0.9405031204223632,0.2545405626296997,-0.4916508197784424,-0.3954956829547882,0.387395292520523,0.1958344131708145,-0.2218459993600845,0.1072808057069778,-0.1325920820236206,-0.5393648147583008,0.1550326347351074,-0.3469339609146118,0.3210111856460571,-0.1543601602315902,-3.526743239490315e-05,-0.1246603056788444,0.5851903557777405,0.3443279862403869,0.2443006783723831,0.0775589197874069,-0.2279006391763687,-0.2089708745479583,-0.2480691522359848,0.3257020711898803,0.1407943069934845,0.3850536048412323,-0.1766823679208755,0.3162503838539123,0.5831259489059448,-0.8466090559959412,0.0867414474487304,0.7604172825813293,0.4110320210456848,0.444315493106842,-0.1525647640228271,0.03209038823843,-0.8170374035835266,0.1355699896812439,0.1418216824531555,-0.0172215569764375,0.4570207893848419,-0.0356507040560245,-0.1375111788511276,-0.4097650349140167,-0.0168074183166027,0.4003950655460357,0.1728287488222122,0.0364892520010471,0.4355419874191284,-0.1556229144334793,0.5133227705955505,0.3383309543132782,-0.2615169286727905,-0.3602937161922455,0.0543467439711093,0.4090258181095123,0.7752847075462341,0.1817598491907119,0.3601688146591186,-0.7150218486785889,-0.6305393576622009,0.3012827634811401,0.0831094086170196,0.3051785230636596,0.5014293193817139,-0.2748686373233795,-0.0627902820706367,0.6112644672393799,0.2978948354721069,-0.0707817524671554,-0.3294468224048614,-0.4165408909320831,-0.1707163900136947,-0.2366679608821869,-0.5008911490440369,0.2017518132925033,0.0845913216471672,-0.0467947907745838,0.2117699682712555,0.0154199143871665,0.0983888357877731,0.5822260975837708,0.0028719732072204,-0.305047333240509,0.2047902196645736,0.0614336542785167,-0.0901422724127769,0.0808300226926803,-0.2235193252563476,-0.2465935945510864,-0.0241717658936977,0.2415190041065216,-0.1573673337697982,0.2025086134672165,0.0340979881584644,0.1619161665439605,0.3305917084217071,-0.4448821544647217,-0.1901049017906189,-0.314644455909729,-0.3174638450145721,-0.1307286322116851,-0.6577920317649841,-0.3597747385501861,-0.0309588555246591,-0.0471150875091552,-0.1592544317245483,-0.05937360227108,-0.4678713381290436,-0.2325161099433899,-0.4492211043834686,0.2522855401039123,-0.1734455525875091,-0.8417651653289795,0.3823029398918152,0.2627186775207519,-0.1252967417240142,-1.1999207735061646,0.247536301612854,0.1704616248607635,0.2441152334213256,0.1721053123474121,0.704698920249939,-0.3422385454177856,-0.2607019543647766,0.0875810459256172,-0.2855316996574402,0.2547450661659241,-10.516351699829102,0.1059780791401863,-0.4225786030292511,-0.3998930752277374,-0.3504877388477325,0.3931498527526855,0.6256321668624878,0.5662823915481567,-0.1955859363079071,0.1214233934879303,-0.0340548641979694,0.0915949419140815,-0.0144770285114645,0.6837878823280334,-0.5207838416099548,-0.3065536618232727,-0.2305571138858795,-0.0215277168899774,-0.0403221026062965,-0.2391912043094635,0.1143146902322769,-0.284472644329071,0.5086359977722168,0.7366798520088196,0.5462241768836975,-0.4084236323833465,-0.2611879706382751,0.0024734144099056,-0.2027534991502761,0.5919749736785889,-0.6013648509979248,0.5325713157653809,0.0364352501928806,0.3010843992233276,-0.1525362879037857,0.2529691159725189,-0.4028312265872955,0.6683297157287598,-0.0390014834702014,0.4041423201560974,0.3153025507926941,0.4241274297237396,-0.025679500773549,-0.0304168835282325,0.1748992651700973,0.2391737103462219,0.469064712524414,0.0111696710810065,0.5418323874473572,-0.2422156333923339,-0.1271032989025116,0.1338433921337127,0.0682288780808448,-0.0943486765027046,0.4556112885475158,-0.0305458642542362,0.6394035816192627,-0.6745585203170776,-0.031642060726881,0.0643760710954666,0.3380284905433655,-0.0773757696151733,0.3833673596382141,0.444365918636322,0.30074143409729,0.4105566740036011,0.5217416882514954,0.3653739690780639,-0.9130431413650512,-0.2377991825342178,0.1625676453113556,0.471616268157959,-0.0950486809015274,0.3251329064369201,-0.2567318379878998,0.3133965134620666,0.3614666759967804,-0.2959363758563995,0.0550640672445297,-0.0280053783208131,0.2839506864547729,-0.3029759228229522,0.0833558365702629,0.2407184094190597,-0.621874213218689,0.0487202405929565,-0.0832330659031868,-0.04812478646636,0.259869247674942,-0.4461257457733154,0.2382365614175796,0.0838035121560096,-0.5344372987747192,0.5065318942070007,0.4480125904083252,0.0181824807077646,-0.121032990515232,0.2265196144580841,0.4854059219360351,-0.0247120037674903,-0.9894576,-0.773213,0.41519353,1.6670842,-1.3198105,-0.49114513,-1.7501196,0.20974994,0.5949804,-0.6515752,0.59433544,-0.15093756,-1.1494379,2.2857392,-0.02864024,-0.36098087,1.1403811,-0.90234536,0.13971074,-0.25440538,0.52011615,0.28505588,0.60945207,-0.45049512,0.85971725,0.87302804,0.57568437,-0.39946806,-0.332056,-0.11448766,0.06525676,-0.5376176,-1.2991848,-0.28120625,-0.015482061,-1.3828993,-1.1601981,1.0376263,-0.07359464,-0.6531239,-0.6253091,0.6070025,-0.9309609,-0.29328018,-0.6851877,0.11647932,1.6657274,-0.23735037,0.67698956,-0.14934881,-0.026412021,-0.17958902,0.6160313,1.3787465,0.5990471,0.25365853,0.7509851,0.3848344,-0.15444922,-1.0007464,0.6435503,1.4964936,-0.96001875,1.0066304,0.6882287,1.3699849,0.8474773,-0.49969,0.22473902,-0.81886137,-2.454246,-0.10836692,0.26614207,1.298331,-1.0127583,0.94460833,0.38023794,-0.013051122,0.1939709,0.40533626,-0.49209028,0.70845026,-0.56451494,1.1895536,-0.7174395,-0.40781626,-0.4258578,-0.30228382,-1.7199835,-0.09869394,0.67608666,-1.12276,-1.6972876,-0.80815995,0.7699281,-0.7804159,-0.41489044,-0.6425538,-1.6600165,-0.30197522,-0.14967409,0.57057023,-0.5941273,-0.17517896,-0.7870477,0.3289603,-1.2484908,-0.13492504,-0.8599968,1.034448,-0.106514394,0.48330146,0.7718369,1.6172931,0.8595704,0.5103893,-0.7022915,-0.5469341,-0.84530234,0.1375312,0.6572267,0.010644078,-0.8718818,0.23975778,0.44140923,1.3721116,-0.18557212,-0.3617471,1.0059003,-0.6790637,0.38060582,-0.49342412,1.6077014,1.1575998,-0.73998153,-0.65090287,-1.162355,0.31585488,0.59317994,-0.37474403,-0.49444112,-0.6088753,-0.2014345,-0.31873322,0.089882754,-1.8861346,0.00928767,0.9296904,0.98059505,-0.0031655058,0.1502573,-0.55863255,-0.57658494,0.5165532,0.9811629,-0.07729697,0.30916712,0.1395278,-1.1135072,1.672563,0.31577232,0.844548,-1.046027,0.17648692,0.13210769,0.42489254,-0.75782156,1.2779813,-1.016098,-1.9824191,-0.7239669,0.21119289,0.29001096,-0.3833591,0.6418346,-0.11576006,1.8802074,0.3606231,-0.84420407,0.013585649,0.5611834,0.9802302,0.401663,1.2982247,0.18533124,0.73865163,0.55840963,0.40661615,-0.12071025,0.3619067,-0.06604256,-0.78448355,0.90849435,0.8588386,1.4863331,2.2634485,0.6402359,-1.4038965,-1.0856985,0.7664056,-2.3588104,-0.24588993,0.4952147,0.2057273,1.7454597,-0.5639234,-1.1918389,2.129666,0.4667225,0.091856435,-1.345545,-1.16728,0.7066313,0.55472887,-0.8979952,-0.19200452,-0.44034314,0.20623717,-0.9608794,-0.8707924,0.6782205,0.5215201,0.49353394,1.4165847,-1.231547,0.3769796,0.24262917,1.2120917,-0.12401718,0.6339985,-1.6371315,-0.2265779,0.74048936,-0.4082251,-0.7185979,-0.4858306,-0.029569454,1.2047589,-0.64131534,-0.11228478,-0.5942627,-0.7877295,0.19238274,-0.009405285,0.4723506,0.8825385,1.7660594,0.20954417,-1.435904,0.36428174,0.17726322,0.7690703,0.5380639,0.01742369,1.3264024,0.19338453,-0.36841732,0.3626622,-0.25000405,-0.570296,-0.5929817,0.64951944,-0.75103664,0.7039832,0.6431787,-0.91682756,-0.45057082,0.22020443,-0.15052664,-1.0302421,-0.7486097,-0.8338631,-0.9715754,0.01853608,0.102204174,0.20746653,-1.2762444,-0.70253533,-1.2760044,-0.54466033,0.59059966,-0.5766443,-0.41182783,0.14637783,-0.6098365,0.66270304,-0.9913454,-0.2643739,0.73339856,0.69789696,-1.3732018,0.77489406,-0.065519266,1.11667,1.3283592,0.15196413,1.575611,-0.19266796,0.54893756,-1.4210844,0.5945134,1.1892667,-1.3660849,0.056343436,0.15701367,0.013888933,0.7485805,-1.6359355,-0.5553948,-0.63395643,-0.016713776,0.21123359,-1.1636206,1.0456783,-1.9743917,1.3676672,-1.9252603,-0.42721134,-0.33646205,-0.35125327,-1.6540843,1.2089084,0.74510217,0.37077138,0.6939825,-0.12894793,-0.030645654,0.5559057,0.43098688,0.34543744,-0.21616423,1.0757301,-0.89340806,-0.91799825,0.6620446,0.6862054,-0.7822465,-1.344111,-1.5392983,-0.059518494,0.76871073,-0.75312424,0.10560894,0.9685539,-0.11975458,0.70109123,-1.0348299,-0.20309292,0.10437953,-0.31219012,1.4267521,0.13079363,1.385193,-0.59884584,-0.20950222,1.1109703,-2.2507796,-0.89335954,-0.13624984,2.0927992,0.5265429,-0.19003797,0.8510078,0.58523047,-0.7073246,-0.09564081,0.40575323,-0.12914039,1.4662583,0.96606773,-0.34924325,1.5784113,0.13980135,1.1943517,-0.9863239,-0.6166324,2.0921779,-0.44912764,-0.2581372,-0.2723342,-1.2327672,0.25521165,0.45139766,0.08450536,-0.12812735,0.05460883,0.8098052,0.6074912,-1.2869114,-0.8907345,-0.6459849,0.63164854,0.70434046,1.6569234,1.520786,0.10299184,-1.0812392,-1.8246622,0.056875534,0.80007887,0.12997307,0.79924554,-1.1228296,-0.06546378,-0.049303446,-0.030357823,-0.7559158,-2.0663266,1.614341,0.3603301,0.42880023,1.8102325,-0.44889095,-1.2745517,-0.8493026,0.9162599,0.08783263,-0.83332497,-0.8926211,0.66576487,-1.4695964,0.58932024,0.3731995,0.20972262,0.2036149,0.4889972,0.5739445,0.39836273,-0.32898223,-1.0200827,0.0110548735,0.5410732,-1.4690704,-0.4381997,0.36508796,-1.8146527,-0.0037723333,-0.3966756,-0.84543645,0.13107818,-0.37771124,-0.37344283,-0.5962086,-0.14456975,-0.64120215,-0.57951313,0.19704866,-0.76683515,-1.1068921,1.1300633,1.4621708,-1.2794244,0.79882747,0.17208266,-0.18845293,0.34905624,-0.31209826,-0.37324443,0.40196353,-0.67659914,-0.20596315,-0.6760999,-0.737087,-0.6710136,0.7212987,-0.95591974,-1.0212204,1.463261,1.1478864,-2.1210504,-0.523362,-0.11998308,-0.73980004,0.43815815,0.4996314,0.48769742,0.18861666,-0.3902486,-0.12925926,-0.2393027,0.89238656,0.20856877,-0.497145,0.9197741,-0.45843542,0.055485103,2.0408282,0.5948093,0.3786133,0.96088856,0.29706022,-1.0798719,0.7721619,0.42299926,0.27832448,0.735304,-1.6819998,-1.1919832,1.3907882,-0.24011144,-0.8691983,-0.28089166,0.20369709,-0.16981962,0.0069864485,0.19056222,1.3809085,1.454572,0.4770926,1.3897462,-0.60988,-0.7875003,-0.79470354,0.2571628,-0.59428924,-0.93802583,0.7155757,0.82938313,2.1654031,-0.5230894,-0.22451437,1.1100833,-0.49916947,-1.3404682,0.90024245,0.17802103,-0.8414361,-1.0809591,-0.16726378,-1.0186683,0.5732933,-1.8926005,-0.07753137,0.41246477,0.060228877,-0.19227174,-0.005133897,0.82807696,0.3229925,-1.5071597,0.5399876,1.2753559,1.0905966,-0.12001082,-1.1545737,0.06018552,-0.58560634,-1.3443694,-0.01968038,-0.9007534,-0.54528195,0.10243924,-0.22127378,0.07633002,-1.5535941,-0.48874548,1.6469638,0.42891216,0.053170305,-0.08556844,-0.7379317,1.7753866,-0.9794096,-0.7381688,0.56126815,0.14288756,-1.0622622,0.019218024,-1.3966122,0.1714072,-0.5302391,0.4866207,0.5799024,0.9757209,-0.490467,1.161894,-0.57856363,0.4062374,0.31750813,0.57578605,0.011416361,0.70145506,-2.099933,0.82523066,-1.0537143,-1.3793141,-0.171932,0.71598816,-0.74644023,-0.4068781,-0.60899645,0.37506947,0.38155666,-0.7726071,1.1394671,1.8768004,-0.90310276,-0.20780736,0.95315796,0.5621185,-0.5962192,-0.13859029,2.6457005,0.21564957,0.8280959,-1.0420811,-0.5340381,-0.19759935,-0.22297814,-0.97682834,-0.2895041,-0.6812054,-0.23067081,0.6547532,-0.68137765,0.7970721,-1.4933769,0.30709732,0.8638383,-0.9295052,0.18486491,0.6833947,-0.7199638,-1.1555367,-1.1764102,0.924767,1.20422,-0.35330343,-0.4097718,0.6610198,1.6686168,0.7153182,-0.1736633,-0.15834165,0.95519507,0.87228954,0.9238717,-0.7449225,-1.2148023,0.8385216,1.2346236,-1.054256,0.6999114,-0.97578984,-0.015022151,-1.38687,1.3721006,1.0917459,0.13594306,1.6055152,1.0336934,-0.19477564,0.45868662,-0.37019643,0.06503098,-1.0661666,-0.36077964,-0.11441014,-0.22800496,-0.2785118,-0.27646175,-1.4286796,-0.41030586,0.28377178,0.9419997,-1.1348422,0.33479375,-0.3049253,0.69736606,0.2280794,-0.26086456,-0.4539249,-0.13259675,-1.2457215,2.0825272,1.0213457,0.50046504,-2.2938323,0.5698367,0.760277,0.53589696,-0.9648503,0.1654205,-0.29033953,-0.9750386,-0.521558,-0.5363809,-0.3379971,0.58541614,1.3737873,-0.7463106,0.47461742,-1.6854115,0.86123955,-0.34055483,-0.5007281,-0.06120865,-0.056781694,-0.6538986,2.026634,1.2769802,0.27510875,0.17331916,1.115336,1.2635989,-0.056954846,-0.37826377,-1.8772148,0.723669,1.1635832,0.5194824,-0.8994572,-0.17719373,0.034414425,-0.4072913,1.5297303,-0.56739646,-0.69447005,-1.1244515,-0.16471119,-0.5174041,-0.06364595,-0.5299678,0.008069612,-1.2280161,0.08333041,-0.45843613,-0.05577185,0.2763705,-0.6108794,0.24397832,-0.0077032596,1.0019416,1.1050677,0.26584533,0.60921645,-0.5635035,-0.0037042052,-1.3892133,-0.7707037,1.3876605,-0.7651887,-0.096481815,0.16620275,0.20568395,1.5397804,0.926821,-0.5361003,0.58590436,-0.20123173,-0.0626027,1.0536368,-0.23131765,0.1204949,-0.24035992,0.14679016,0.23545757,-1.5849748,-0.72144985,0.021961536,0.4486478,0.56964016,0.4974211,0.06297462,0.5026218,1.0764936,0.27647167,-0.15509263,-1.5428938,-0.8360941,0.41001916,1.188853,-1.2788521,-0.12836969,-1.565271,1.0471295,0.72766674,-0.5025495,0.8854334,0.06528779,-1.6978161,2.0482783,-0.87147,0.28367686,1.0665181,-0.77453727,0.47207093,-0.15741077,0.67564917,0.50276357,0.8521348,-0.7187737,1.0283012,0.6034775,0.26078907,-0.17735103,-0.7619377,-0.19235227,-0.17961574,-0.5324659,-0.99985135,0.03715081,-0.23977736,-1.3942643,-1.570933,0.970969,-0.24362549,-1.0841672,-0.72875226,0.5617486,-0.35721624,0.4035328,-0.8682909,0.07747935,1.6640924,-0.092434324,0.9458505,-0.7251318,-0.46116415,-0.4361902,-0.1460059,1.1369817,0.7575264,-0.3526694,1.2926807,1.2732223,0.15506022,-0.10266335,0.23008227,1.0620174,-1.3697996,0.058603108,0.94622934,1.7035364,-0.083846584,-0.42831168,-0.30434197,-0.011795233,-2.2733521,-0.54700404,0.043917917,1.351774,-0.654591,1.0904572,0.3415472,-0.51107454,0.09819628,0.14482707,0.41145244,0.22961307,-0.8131792,1.3960207,-0.42450088,-0.87580097,-0.3910117,-0.18638983,-1.3579386,0.17193718,0.1425378,-1.6019977,-1.5061973,-1.2785485,0.62428653,-0.3348643,-0.60501444,-0.63300216,-1.8902553,-0.11773664,-0.20429449,0.58625567,-0.3457082,-0.26148656,-0.7824911,0.014413762,-1.0940063,-0.19669178,-0.766014,1.3067884,-0.37430868,0.63437974,0.61654204,1.7723417,0.7778071,1.3989718,-1.3737581,-0.7002968,-0.1740408,-0.10857773,1.3146087,-0.068357274,-0.8729571,-0.07159744,-0.049954522,1.1358142,-0.022364814,-0.28888154,0.43720108,-0.33269864,0.81335557,-0.5629698,1.4262276,0.50339365,-0.69770473,-0.5202788,-0.72697675,0.52825713,0.49999785,-1.2091742,-0.37281194,-0.3787485,-0.117998555,-0.06421264,-0.07265217,-1.5048224,0.6966998,0.3820211,0.89093906,-0.018916745,0.21029022,-0.38765392,-1.2607118,0.47910982,0.92524445,-0.20547184,0.043800734,0.32431912,-1.0998999,1.8436207,0.054814737,1.4002913,-0.9871453,0.23569182,0.07444265,0.81219923,-0.8758066,0.8413377,-0.85355836,-1.9838831,-0.23474269,0.019392246,-0.005386257,-0.081280015,0.9327146,-0.37560636,0.8796422,0.61925405,-1.1140224,-0.019708354,0.80716133,1.1279156,-0.036595028,1.2105188,-0.1679724,0.8387472,0.63442767,0.7677463,0.33774784,0.19455715,0.75723565,-0.6736562,0.6856891,1.1232382,1.1212157,2.412767,0.17462759,-1.842454,-1.4486418,0.37325877,-1.9443432,-0.5099305,0.43422636,-0.57122964,1.4671941,-0.7756702,-0.82629347,1.6707557,0.24685133,-0.05262397,-1.3997009,-1.1081996,0.4613363,0.7946109,-0.79221296,-0.27910915,-0.5649662,0.30998185,-0.66257983,-0.5482801,0.55215067,0.6812482,0.35737067,1.2809997,-0.86647385,0.5674323,0.28207535,0.9733928,0.15837184,0.18994841,-1.123122,0.4781167,1.1056693,-0.26150233,-0.73324174,0.007325256,-0.2815476,1.2142322,-0.4953572,-0.14784771,0.23806176,-0.5159515,-0.0048980294,0.21554461,0.2135427,1.0950407,1.7043594,0.5025097,-1.5509667,-0.59514946,0.3840688,0.29279417,0.9134203,0.77316105,1.0183828,0.47906804,-0.48406467,0.096363105,-0.43178982,-0.14839037,0.27476603,0.6175252,-0.59853756,0.62651235,0.46088442,-0.8339116,-1.1203859,0.48928532,-0.283534,-0.9753445,-1.049532,-1.0107731,-0.74032915,0.34739193,-0.1296201,-0.23101667,-1.0854918,-0.7883053,-1.012538,-0.7274512,0.3044938,-0.8859293,-0.76633275,0.27385792,-0.9265159,0.59136903,-1.0519254,0.34869224,0.6450422,0.4029128,-1.5867866,1.0393586,0.058435798,0.96358424,1.0782318,-0.24872093,1.2219336,-0.011122316,0.78106064,-1.1938999,0.1177217,0.7645419,-1.620734,0.656429,0.009834046,-0.5128744,0.89925945,-1.8066282,-0.3723654,-0.18195039,0.14979343,0.045832045,-1.2223732,1.6670895,-1.7655891,1.0879005,-1.5522226,-0.48703247,-0.1924441,-0.45648822,-1.4000933,1.1892524,0.17226277,0.62360156,1.1139984,-0.43237573,-0.32777104,0.61108965,0.16196387,0.32809374,-0.14745818,0.66265917,-1.1445735,-1.2186711,0.61130536,0.6836874,-1.3493236,-0.8190252,-1.4773111,-0.0019687475,0.8348923,-0.60018647,-0.18912622,1.1401101,-0.06865026,0.52305984,-0.96968186,-0.32808322,0.32992488,-0.709502,1.5069857,-0.29075944,1.7709382,-0.76052314,-0.4035197,0.6271175,-1.6642243,-0.74155223,-0.024100354,1.9119232,0.36692756,0.11420385,0.6514753,1.0594665,-1.1232702,-0.10531666,0.8568123,-0.07953669,1.6065248,0.8924316,-0.04265938,1.8186525,-0.16246824,0.44923514,-0.3350894,-0.50381696,2.0000594,-0.17633028,-0.7836322,-0.59180343,-0.43068156,-0.33580425,-0.16933337,0.20630996,0.26571858,-0.3227454,0.72185415,0.787933,-1.0661324,-0.8776485,-0.70169145,0.77972436,1.1721942,1.288658,1.4813474,-0.047896393,-0.6492687,-2.6227431,-0.27412325,1.0815585,0.4550262,0.22954008,-1.178384,-0.26587266,0.82055473,-0.35837698,-0.71588117,-1.3425511,1.910441,0.76518023,-0.014143613,1.4950647,-0.4868842,-0.8763784,-0.47238404,0.81555176,0.23104367,-0.8748118,-0.29126158,0.40891567,-0.6253953,1.1793001,0.7325252,0.30725342,-0.21135768,0.4576189,0.54842395,0.102384135,-0.7352537,-0.6842558,0.3306184,0.55815613,-1.4260905,-0.8351779,0.09120537,-1.7636449,0.7154891,-0.13389178,-0.0828305,0.22705956,-0.4232955,-0.06141441,-0.5981225,-0.5331594,-0.89344436,-0.787144,0.32729405,-0.8505777,-1.4243463,1.4316279,1.7637947,-1.5463622,0.4876786,0.38759285,-0.19432966,0.49538708,0.28186893,-0.30374986,0.37415406,-0.40153655,-0.123237774,-0.47256798,-1.2674929,-0.418055,-0.050633818,-0.81022614,-1.2381735,0.9681039,1.4197971,-1.7677014,-0.43917376,-0.10681243,-0.5186051,0.8993384,0.8002555,0.27922037,0.22552128,-0.20892222,-0.46448213,0.065188006,1.1690055,-0.5490204,-0.2770849,1.0610927,-0.3677505,0.26279905,1.772124,0.114939466,0.661484,1.1430134,0.8749962,-0.6143993,0.11826609,0.06610502,-0.47101992,-0.13166647,-1.6277624,-1.4875791,1.6829693,-0.29052147,-1.4131877,-0.23666641,0.10161644,-0.75520563,0.14658074,-0.2835378,0.9520443,1.3856375,1.028091,1.9368217,-0.12623039,-0.70712864,-0.59018534,0.50501806,-1.0178487,-0.5879804,0.5040933,1.0053728,2.3771272,-0.78339386,-0.26796627,1.1631906,-1.0834048,-1.5093787,0.425098,0.029730305,-0.48397908,-0.6189847,0.7528057,-1.3101989,0.25230023,-1.921409,0.09322287,0.516619,1.0567863,-0.37843904,0.15441832,1.2861153,0.336052,-1.1797463,-0.49427104,1.2566941,1.1253,-0.40957993,-0.9844657,0.6257075,-0.96792984,-1.9431489,-0.004051745,-0.42097574,-0.48460016,0.50427055,-0.42637444,0.061008833,-1.226722,-0.4256683,1.4249643,0.3591051,-0.34021938,0.298845,-1.2100313,1.5273091,-0.38112748,-0.5504676,0.7020093,-0.040903185,-1.2606939,0.29040185,-1.379367,0.5386919,-0.95399034,0.32666928,0.87661487,1.2042562,-0.6556975,1.2108681,-0.4468836,0.4636941,-0.018501991,0.3915884,-0.15706933,0.32294282,-1.7556318,1.1771772,-1.0259744,-1.2081367,-0.4386262,0.6237644,-0.7416356,-0.41549262,-0.30453947,0.6677774,0.3971048,-1.0050877,0.26771864,1.8371986,-0.70750356,-0.32955924,0.890528,-0.00061933545,-0.54409134,0.3761353,2.308557,0.56772983,0.85849905,-1.2107968,-0.649594,0.75813425,-0.6608059,-0.8399724,-0.36623773,-0.5077871,0.59235764,0.20370993,-0.021487404,0.67335236,-0.5842583,-0.19049826,1.3717244,-0.90452975,-0.06770085,0.007288313,-0.46573472,-1.7098707,-1.1274879,1.2075956,1.4603443,-0.7701044,0.21182843,0.5232778,1.5818151,0.8361405,-0.40102863,-0.43727913,0.7969014,1.0799322,0.79352677,-1.0583253,-0.9252006,0.8651228,1.5853217,-1.314657,0.33286667,-0.7603426,-0.19352943,-1.2862574,1.3551571,0.3341155,0.28670734,1.3420017,0.03767146,0.36792764,0.16168818,-0.21312419,0.15711321,-0.71954024,-0.49710447,0.37403554,-0.43985575,-0.61706424,0.029585738,-1.0754468,-0.63134235,0.14021987,1.0205389,-1.0824668,0.38513172,-0.46565,0.76247746,0.15877363,-0.21741506,-0.7313944,-0.09503319,-1.346595,1.8648002,0.8873264,0.33510733,-1.8580272,0.40702623,1.4967269,0.68394464,-0.94310176,0.6466341,-0.0014571011,-1.3888195,-0.41188127,-0.81336623,-0.7648355,0.93613625,1.1435359,-0.2626555,0.92675304,-1.8447777,0.6582728,-0.2222248,-1.1786919,-0.13555257,-0.082834266,-0.643414,1.8611574,1.3140452,0.40235597,-0.014140213,1.1805751,0.94494975,-0.34594318,-0.5781027,-1.6446712,0.6255594,1.289414,0.78122747,-0.9656165,0.037633292,0.6590349,-0.09076039,1.7070297,-0.5059065,-0.6651319,-0.9891342,-0.08352366,-0.85121614,0.057662714,-0.12040429,-0.08275579,-1.9009225,0.047803424,-0.8334773,-0.3207248,-0.04675026,-0.4453419,-0.25349706,-0.017551232,1.3641658,0.40371138,0.7519574,0.7911619,-0.89484274,0.25166482,-0.9063584,-1.26942,0.86366624,-1.0954126,-0.17104942,0.8254425,0.99912846,2.310738,0.5472485,-1.0539844,0.20602444,-0.07572782,0.18939576,0.6224448,-0.560566,0.17993975,0.3016428,0.3320683,0.12088005,-1.5399169,-0.78232706,-0.2672085,0.7021562,0.30929428,0.47085977,0.3337472,0.36250556,1.4298363,0.21016738,0.5017703,0.0
ノ,0.1231138110160827,0.4492609798908233,0.3884042799472809,0.0412229038774967,0.0758494585752487,0.5558128356933594,0.2306105643510818,0.1551999896764755,-0.4046125411987304,-0.4644301831722259,0.0374848321080207,-0.1543157696723938,-0.2079087793827057,0.6230141520500183,0.0749955996870994,-0.0330402813851833,-0.2268550395965576,-0.1624379307031631,-0.3136763870716095,-0.2009812891483307,-0.4487609565258026,-0.3970475792884826,-0.4971101582050323,0.4764551222324371,-0.2808994054794311,-0.0796614587306976,-0.0104049891233444,0.1680516749620437,0.2500545084476471,-0.1148869171738624,-0.0953003466129303,-0.4020711779594421,-0.5611262321472168,0.0101643595844507,-0.6131436824798584,-0.0841822996735572,-0.4243415892124176,-0.1154774501919746,0.2670247554779053,0.0216015093028545,-0.0181246995925903,-0.1735791265964508,-0.3490122854709625,-0.333618551492691,-0.0702253431081771,0.4099800288677215,0.2204208374023437,0.3000068664550781,0.2423617392778396,0.0448936149477958,-0.0321125537157058,0.3012973070144653,0.192337691783905,0.0826527848839759,0.4473689198493957,-0.5930591821670532,0.8809794783592224,-0.8074719309806824,0.2130884379148483,0.5514248013496399,-0.6567736268043518,-0.3907581865787506,0.1432421207427978,0.2119351327419281,-0.093148149549961,-0.2198729664087295,0.3205922842025757,-0.022681538015604,0.1360212862491607,-0.7621728181838989,0.2123498320579528,-0.1271419823169708,-0.0643603503704071,-0.1578206121921539,0.2649607956409454,-0.7738043665885925,0.3087517917156219,-0.1347953975200653,-0.0922530516982078,0.4323457479476928,-0.6077329516410828,0.8605305552482605,0.1024291589856147,-0.4221510291099548,-0.0294526703655719,-0.123188279569149,-0.6463356018066406,-0.8160682916641235,0.4599822163581848,-0.2753682434558868,0.2812662720680237,0.3788725137710571,0.1458035409450531,0.7601058483123779,0.0165413618087768,0.0440185964107513,0.3510110378265381,0.387873113155365,0.0899581685662269,0.3239330947399139,-0.462004005908966,-0.0534325987100601,0.5842787623405457,-0.8378627896308899,-0.1350140571594238,0.0442395322024822,-0.4432619512081146,0.4669585824012756,0.1385521590709686,0.0495200753211975,-0.2713117301464081,-0.2956724762916565,-0.3439642786979675,0.2891451716423034,0.2782316505908966,0.3838802874088287,-0.0002128552878275,0.3526578843593597,-0.2968418300151825,0.4204418957233429,0.1402692347764969,0.6628037691116333,0.0109529132023453,-0.2493162453174591,-0.7611669898033142,-0.1784507483243942,0.2513410449028015,0.2485608905553817,0.0415656119585037,-0.8785262107849121,0.1427153050899505,-0.036750178784132,-0.5656404495239258,-0.1953497976064682,-0.3722878396511078,0.6866252422332764,-0.0380434580147266,0.1799145638942718,-0.1077672466635704,-0.458080381155014,-0.6979972124099731,0.2590562403202057,-0.1680516898632049,-0.0491655878722667,-0.2135801017284393,-0.0960002318024635,-0.0139121320098638,0.1986266672611236,0.6022095680236816,0.5109342336654663,-0.1990288496017456,1.0830914974212646,-0.4651145339012146,0.0338232852518558,0.3894877731800079,0.1737095117568969,-0.5139617919921875,-0.0087816445156931,0.2318317294120788,0.5932332277297974,0.5720173120498657,-0.4909519255161285,0.355887770652771,0.9361818432807922,0.0049250083975493,0.2354423254728317,0.4689258635044098,-0.1164900213479995,0.3047364354133606,0.5328068137168884,0.5977091193199158,0.5410733819007874,0.0592143833637237,-0.2418918311595916,0.010082459077239,0.5177382826805115,0.7239014506340027,0.0804607421159744,0.1661899983882904,-0.5361214876174927,0.0783840641379356,-0.0655987709760665,-0.0093996971845626,-0.8041617274284363,0.2197591960430145,-0.3057252764701843,0.1525004506111145,-0.0831784009933471,-0.2190597802400589,0.0048233796842396,-0.2455145269632339,-0.142656996846199,0.1653960347175598,-0.1805367618799209,0.0226214379072189,0.252815306186676,0.1008603945374488,-0.0736695155501365,-0.3125497698783874,0.0027908934280276,-0.2689207196235657,0.0918744355440139,-0.0830516815185546,-1.101097583770752,-0.9538522958755492,0.1038811057806015,0.5318265557289124,0.4946764707565307,0.3651838898658752,-0.0952106788754463,-0.2399941682815551,0.2045545428991317,0.7216549515724182,0.1952834278345108,0.4752112329006195,0.4693156778812408,-0.5757101774215698,-0.1049781814217567,0.1779050976037979,0.3130639493465423,-0.0979202687740325,0.082808680832386,0.0422740578651428,-0.0802398845553398,-0.0945495218038559,0.8080146312713623,0.1936263293027877,-0.1150619089603424,0.0054282308556139,0.7240721583366394,-0.7917774319648743,-0.2525116801261902,-0.5103409886360168,-0.2524421513080597,0.0004336121783126,-0.1393671780824661,-0.5123047828674316,0.512993574142456,-0.0856382101774215,-0.0278315190225839,-0.4146546721458435,-0.2266345173120498,0.5573171377182007,-0.5894581079483032,0.2186111509799957,0.2767102420330047,-0.1298295557498932,0.034149307757616,-0.5827338099479675,-0.1074302047491073,-0.4650209546089172,-0.5124746561050415,0.095265544950962,-0.2727013528347015,0.877055287361145,0.0307052470743656,0.7117515802383423,-0.1736073940992355,0.1399305462837219,-0.2337078005075454,-0.1700103282928466,-0.4660062491893768,-0.3893087208271026,-0.3200649917125702,0.36192587018013,0.2422608286142349,0.5455904603004456,-0.2525476515293121,-1.6800079345703125,-0.0829514935612678,0.0901246294379234,-0.590021550655365,-0.1166232600808143,-0.134414792060852,-0.1570027023553848,-0.3502565920352936,-0.0730955302715301,0.7539610862731934,-0.6830848455429077,-0.1346728652715683,-0.2110080420970916,0.4071735441684723,-0.4598382413387298,0.0623786784708499,0.1153885349631309,0.4106982946395874,-0.1908294707536697,-0.6963496804237366,-0.3930406868457794,0.0179575663059949,0.1430064439773559,0.0185511503368616,-0.4818713068962097,-0.014843457378447,-0.4170853197574615,0.2829124331474304,0.1637875735759735,-0.4432901740074157,0.3415219485759735,0.3085688650608063,0.6146608591079712,0.5549052357673645,0.5430335402488708,-0.1672431081533432,-0.6714587807655334,0.2201706171035766,0.1896889805793762,-0.3027598261833191,0.559830367565155,-0.5565181374549866,0.3516184091567993,0.342310756444931,-0.3357832729816437,0.2908375561237335,0.6458819508552551,-0.0310758836567401,-1.572529911994934,-0.2528011500835418,0.3623014986515045,0.2087958753108978,-0.3817519247531891,0.1319604963064193,0.1576255410909652,0.3442347347736358,-0.5063840746879578,-0.2880071401596069,0.5498164296150208,0.1964365392923355,0.2621631324291229,-0.1872194111347198,0.5826170444488525,-0.5048829913139343,0.0397969894111156,-0.6787499785423279,-0.0171617232263088,0.4861078262329101,-0.2345322966575622,-0.1444097906351089,0.265208750963211,-0.3782488405704498,-0.2671854197978973,0.4098029434680938,-0.1968329399824142,0.0528481900691986,-0.2974405884742737,-0.0400130189955234,0.2802795171737671,1.4972728490829468,0.5008471608161926,0.6121992468833923,-0.323981761932373,-0.3650017976760864,0.2641220986843109,0.1231701672077179,0.3433264493942261,-0.3920523524284363,-0.1274280995130539,-0.3564356565475464,0.0299845319241285,-0.0609694756567478,0.0171967726200819,-0.0190320536494255,-0.2858986556529999,0.1662586331367492,-0.461461454629898,0.2694081962108612,0.4638465940952301,0.0398641116917133,0.2293373197317123,0.6746375560760498,0.5301793813705444,0.2003440409898758,-0.2477969080209732,-0.5393532514572144,-0.0063035571947693,-0.5178176164627075,0.377795934677124,0.0354310274124145,-0.0208152793347835,0.3716359138488769,-0.301368772983551,0.1769916862249374,0.0036387762520462,-0.2827593982219696,0.0379030369222164,-0.5908679366111755,-0.3027498126029968,-0.1490825861692428,0.0798156931996345,-0.3840076625347137,0.2991436719894409,0.4653516709804535,0.5443713665008545,-0.3986534774303436,-0.392270028591156,0.0972675308585167,-0.0983534157276153,0.1271000504493713,0.0717663019895553,0.2141284644603729,-0.0405843406915664,-0.1314437687397003,-0.5324204564094543,-0.4545006453990936,-0.6074473857879639,-0.0998709499835968,-0.4864875674247741,-0.2520653307437897,0.2662206590175628,0.6392948627471924,-0.0061220834031701,-0.0002625654451549,0.2046940177679062,0.2406426519155502,-0.427702397108078,-0.5291266441345215,-0.0238432958722114,0.3131350576877594,0.5644910335540771,0.3777675032615661,0.5966751575469971,0.1175851374864578,0.3224056363105774,-0.0339446403086185,0.1585583239793777,0.3659508824348449,-0.3815783858299255,-0.299306184053421,1.030006766319275,-0.4189485609531402,-0.0196306072175502,-0.1873382329940796,0.1946061700582504,0.7992408275604248,-0.2151150107383728,-0.7935209274291992,0.418662279844284,0.0426677353680133,0.2311915755271911,0.6340779662132263,0.4241951704025268,1.04574716091156,0.288774311542511,0.4176480174064636,0.3807947933673858,-0.2010767459869384,0.1479807496070861,-0.3861715495586395,-0.0557927750051021,-0.1404449790716171,0.3929578959941864,0.7641176581382751,0.3738381564617157,0.2858656346797943,0.0353921093046665,0.4459830820560455,-0.5208247900009155,0.1525947600603103,0.383240669965744,-0.202982485294342,-0.5346816182136536,0.218737781047821,-0.972753882408142,-0.8207621574401855,-0.1421180963516235,-0.0154181104153394,0.4628665149211883,0.0081729851663112,0.3942067325115204,-0.5851307511329651,-0.7573434114456177,-0.478797048330307,-0.9843683242797852,-0.0697788372635841,0.0517299473285675,-0.19020776450634,0.5906980037689209,0.300529271364212,-0.9819388389587402,0.461364597082138,0.3210695385932922,0.48450767993927,0.1785139143466949,-0.3847949206829071,-0.321662425994873,0.8443519473075867,-0.5014409422874451,-0.4166518449783325,0.750177800655365,-0.0743482336401939,-0.0699120983481407,-0.3655387163162231,-0.2019563913345337,0.1565447747707367,0.4733108282089233,-0.1820834279060363,0.2548277080059051,-0.0231193322688341,-0.4221740365028381,-0.2792053520679474,-0.2625077366828918,-0.3165677189826965,0.2979778945446014,-0.8846938014030457,-0.2044506818056106,-0.2526279389858246,-0.1218877434730529,0.6885345578193665,0.6429525017738342,-0.2151956707239151,0.0918591320514679,0.7153148055076599,0.1788139045238495,-0.2660667896270752,-0.0331308916211128,0.0755949541926384,-0.3624329268932342,-0.2606484889984131,0.0119486786425113,0.3902390599250793,0.2846006453037262,0.3447838723659515,-0.7184575200080872,-0.3535074293613434,-0.1424677819013595,-0.7829322814941406,0.4006941318511963,0.0192137602716684,0.524908721446991,-0.9151397943496704,0.1733862459659576,-0.1486841440200805,0.3275986909866333,0.1396800130605697,-0.0200174562633037,-0.0763090774416923,-1.4075360298156738,0.0534817576408386,-0.4918538331985473,-0.7902896404266357,0.5318777561187744,-0.2848229110240936,-0.6919559836387634,0.2178936302661895,0.1768209189176559,-0.0917976275086402,0.0921580791473388,-0.0385496318340301,-0.4900764226913452,-0.042287316173315,0.4481016993522644,-0.1261456757783889,-0.1064321026206016,0.4720658361911773,-0.3878652453422546,0.0398647002875804,0.603585422039032,0.5249636769294739,0.1717052012681961,0.1215288713574409,-0.0735646188259124,0.0501642189919948,-0.786901593208313,0.1556357145309448,0.0870108231902122,0.4399442374706268,-0.3945975601673126,0.2235125601291656,0.6525632739067078,-0.3681321144104004,-0.0519896671175956,0.8495214581489563,0.1558186113834381,0.6384768486022949,0.0111140543594956,-0.2351629585027694,-0.8818499445915222,0.4974597990512848,0.4136258959770202,0.2622667253017425,-0.3039504289627075,0.2893498837947845,-0.1052259653806686,-0.4882786571979522,0.2411974370479583,-0.0667811557650566,-0.064834177494049,0.4654918611049652,0.4328020513057709,0.1599184870719909,0.7770379185676575,0.6601337790489197,-0.3099386990070343,0.4009592533111572,0.1443146169185638,0.2567755579948425,0.9159109592437744,-0.0673000141978263,0.5176604986190796,-0.3365890383720398,-0.7841489911079407,0.2950450778007507,0.1969319880008697,0.3568305671215057,1.1737850904464722,0.1396821588277816,-0.3988161087036133,0.5462249517440796,0.8059064745903015,-0.0751746743917465,0.1154990270733833,-0.4927742481231689,-0.0536334104835987,-0.0812551900744438,-0.2035188674926757,-0.0750195607542991,-0.0683854147791862,0.0823175758123397,-0.1193918213248252,0.1936592906713485,-0.2463523298501968,0.4719513356685638,-0.4209035634994507,-0.3078163266181946,0.3759004473686218,-0.002961597405374,0.3020261228084564,-0.0533858947455883,0.4790732264518738,-0.3208807706832886,-0.2082509845495224,0.4283637106418609,-0.407904177904129,-0.4388944208621979,-0.0532719641923904,0.3547323942184448,-0.0368370115756988,-0.0052372380159795,0.0940156653523445,-0.3612267076969147,-0.211391806602478,0.2542731165885925,-0.5569307208061218,0.3658948242664337,-0.0642438754439354,0.2677868604660034,0.1883809864521026,0.0471253059804439,-0.4177459180355072,-0.2764428257942199,-0.5471877455711365,0.1430089622735977,-0.396871268749237,-0.6322588324546814,0.4642121195793152,-0.0183759145438671,-0.3485398292541504,-1.5665051937103271,0.6561968922615051,-0.1743222624063491,0.3859342932701111,-0.1879439949989318,0.1425675898790359,-0.0521857179701328,0.0290188640356063,0.1428416967391967,-0.44991534948349,-0.0334871858358383,-10.106772422790527,0.0311617329716682,-0.7103382349014282,-0.5038667917251587,-0.026438895612955,0.0103408712893724,0.8339167237281799,0.5296981930732727,-0.3991149663925171,0.017071871086955,-0.4222870469093323,0.2256660610437393,0.2735041081905365,0.5720398426055908,-0.0424214042723178,-0.3598330616950989,-0.3359643220901489,-0.5068827867507935,-0.0967234298586845,-0.3829208612442016,-0.0620862655341625,-0.0616059638559818,0.8082335591316223,0.175922617316246,-0.1417668014764785,-0.4456749558448791,-0.3426142036914825,0.3715060949325561,-0.1455613672733307,0.1725504249334335,-1.1235413551330566,0.902729630470276,-0.3657998740673065,-0.382174015045166,-0.4527009129524231,0.2521111965179443,-0.010334450751543,0.2842535078525543,-0.0591973848640918,0.601249098777771,0.2945119440555572,0.6637018918991089,-0.1598019748926162,-0.3018046021461487,0.1331110447645187,0.4781384766101837,-0.1138777434825897,0.2863802015781402,0.2445801645517349,-0.1813361495733261,0.1402642875909805,-0.3990349471569061,0.2809138000011444,-0.1469828486442566,-0.0133303431794047,-0.1942400634288787,0.7767208814620972,-0.7879253029823303,0.0311534497886896,0.1072991862893104,0.2392787486314773,-0.1930221021175384,0.4252275824546814,0.208171546459198,-0.3237896859645843,0.4729270040988922,0.1399933397769928,0.23618184030056,-0.7695155739784241,-0.2419710606336593,0.3645013272762298,0.1336968094110489,0.1556989699602127,0.1743565052747726,-0.024681793525815,0.5745055675506592,-0.1888916194438934,0.0466608963906765,0.0775435715913772,0.281894326210022,0.4171482026576996,-0.4694114327430725,-0.6455208659172058,0.1391593664884567,-0.1641565710306167,0.4069516956806183,-0.1344774216413498,0.3288237750530243,0.0753167793154716,-0.4625642895698547,0.3396262526512146,-0.455998957157135,-0.6298967599868774,-0.1371355205774307,-0.0455033481121063,-0.3143453001976013,0.2219788879156112,0.2289328575134277,0.3692764937877655,0.4943829774856567,-1.0588472,-0.5953721,0.70328933,1.0441309,-0.5181343,-0.5485961,-1.6078535,0.64714605,0.8784174,-0.04467758,0.63199943,0.014769064,-1.2124978,2.3200657,-0.45367742,-0.24951707,1.1187993,-0.99557716,0.7123324,-0.4310545,0.48793358,0.42371553,0.9228508,-0.69195366,0.79550594,0.55252975,0.54220355,-0.69386137,-0.46665296,-0.45151466,-0.022313552,-0.42657688,-0.77044404,-0.6277982,0.26652685,-1.267663,-1.3977861,0.9926276,-0.10069083,-0.44017577,-1.1877434,0.7945097,-0.41693395,-0.24640371,-0.42728084,-0.15292515,1.5420971,-0.14460956,0.54051256,-0.31246513,-0.5104658,-0.385986,0.8429865,0.89226705,0.6736134,0.15216532,0.5339096,1.186844,-0.33895496,-0.6733934,0.63450176,1.0581582,-0.93932515,-0.009905471,0.035762873,1.1164336,0.18634062,-0.44854352,-0.2836612,-0.26100636,-2.1975217,-0.8536717,-0.19221723,0.9730314,-1.3331858,1.0472252,0.2995812,-0.51231986,0.67915154,0.17355514,0.091135494,0.06044777,-0.8715016,1.4144863,-0.6048111,-0.60702294,-0.44079328,-0.6338631,-1.4870722,0.03127143,-0.017460201,-1.5472763,-1.4112114,-1.4068441,1.1958835,-0.12931195,-0.25230545,-0.7192211,-1.5919878,0.018126776,-0.0334207,1.263264,-0.21293892,-0.2971601,-1.1891526,-0.19399922,-0.95154846,-0.7213457,-0.683587,0.8250538,-0.29691243,0.5761059,0.65070766,1.4627235,0.7976097,0.7304398,-0.9195334,-0.48807344,-0.527794,0.21018948,1.1740608,0.03489657,-0.56415826,0.5374724,0.056523528,1.4601676,0.3333864,-0.5458611,0.5411305,0.119814515,0.7136927,0.037783295,1.9163208,0.8603912,-0.5214008,-0.71329147,-0.5595998,-0.07560402,0.5579579,-0.50452757,-0.3775421,0.560937,-0.22726318,-0.13331108,0.4390015,-1.3554531,0.36375684,1.0355059,1.4996611,0.2219672,-0.40087026,-0.28217828,-1.2386616,0.73089445,0.5814616,0.42651895,-0.4170672,0.3822663,-1.3502847,1.3667594,-0.25193194,1.6701332,-0.8870093,0.4737804,-0.35453898,0.36370447,-0.8432428,0.66773,-1.0271994,-2.1846704,-0.49752215,0.37318018,0.41895512,-0.05361454,0.96974134,-0.20353295,0.6200926,0.4538679,-0.9659904,0.08081002,0.25162187,0.7824581,0.105399,1.2687111,-0.40665898,0.3916864,0.7064292,0.8514063,0.5115479,0.14097348,0.6029566,-1.1603616,1.1257193,1.0277767,1.2349247,2.5456805,0.8576856,-1.5196661,-1.0342457,1.0685983,-2.1180823,-0.5074614,0.7389284,-1.1338505,1.3459595,-0.7422837,-1.3378048,2.0734982,0.2747076,0.15798102,-0.9491366,-1.2577708,0.8313865,0.760302,-0.94290334,-0.20131077,-0.76205033,0.29060885,-0.99150133,0.042922936,0.6105217,0.6289963,0.60241944,1.385442,-1.0737772,0.6073922,0.20815875,0.28524554,0.39075074,1.0370814,-1.2825397,0.216332,0.82633114,-0.37135953,-0.5945074,0.32623193,-0.20210949,0.4954497,-0.55493265,0.3528876,-0.106018044,-0.2282223,0.5226596,0.05290217,0.24344267,1.0313641,1.6927598,0.060050506,-1.8723482,-0.22172014,-0.05727652,1.264629,0.25929558,0.34281746,0.742998,1.0395011,-0.41178367,0.15425493,-0.65580314,-0.3814122,-0.33017173,0.3905032,-0.34179386,0.30783778,0.4596998,-0.86850345,-0.335323,-0.23915529,0.004444993,-0.76536644,-1.3694489,-0.5989905,-1.0371864,0.05373136,0.19434671,0.5132009,-1.0325255,-0.8815121,-0.8587914,0.6409265,0.93622845,-0.9852529,-0.6587733,0.03268131,-0.510152,0.60306317,-0.28308046,-0.091972955,0.31008893,0.3809237,-1.0915644,1.0071089,-0.32954147,1.09719,1.0465323,0.13912368,1.5407754,-0.5131486,0.20768616,-0.7815353,0.7456407,0.7745686,-1.480939,0.4768812,-0.26133865,-0.6799269,0.47689605,-1.1251953,-0.7586793,-0.6993814,0.32242975,-0.07695919,-1.396981,1.6014181,-1.7601439,0.9292779,-1.3330472,-0.5110864,-0.9037533,-0.9480985,-1.6609523,0.51681876,0.5872482,-0.08997106,0.23410296,0.07808193,0.028689444,0.28162053,0.5318667,0.7434942,-0.22797969,0.8846678,-0.562249,-1.0145814,0.25627628,0.1253348,-1.1211858,-1.2843645,-1.524257,-0.1066766,0.15355942,-0.6552183,-0.5828451,0.63044274,-0.23740555,0.87070525,-0.7549339,-0.33151343,0.016355485,-0.43620798,0.985366,-0.08902226,1.3494713,-0.7134303,-0.30963558,0.92828083,-1.4895774,-0.39065894,-0.4362617,2.0676928,1.0052307,0.18405333,0.9769317,1.122585,-0.20006585,-0.7543289,1.1274706,-0.21222283,1.7341152,0.22053845,-0.58502626,1.321274,-0.16707332,0.8487483,-0.40494365,-0.46288592,1.9077688,0.058571476,-0.440183,-0.20863068,0.12088894,-0.0895522,0.28604692,0.4790726,0.24424301,0.12778959,0.70264304,0.86878306,-0.4573148,-0.8394849,-0.29645967,0.6236018,0.69610554,1.5073717,1.8161649,-0.30783176,-1.1381814,-2.0088851,0.43068004,0.844529,0.5035033,0.12618294,-1.4188478,0.6163689,0.20180614,-0.108772464,-1.3623006,-1.7894061,1.9957722,0.5382363,0.38397816,1.8965255,-0.7246043,-1.0011778,-0.5884843,0.30429038,-0.04548868,-1.2162144,-0.68850577,0.5553859,-0.9004593,0.7589725,0.6515113,0.48523024,-0.09222085,-0.1279019,0.38659623,0.3672812,-0.5138044,-0.60188055,-0.050819192,0.31018463,-1.8484272,-0.13021658,0.8220197,-2.081928,0.6656667,-0.57051593,0.14355823,-0.036115237,-0.5627399,-0.35648352,-0.5037374,-0.16593333,-1.0520723,-0.5076954,0.4879041,-1.4054877,-1.4289474,1.3740711,1.0634043,-1.0536788,0.82086515,0.1783606,-0.18956983,0.8455302,-0.11755604,-0.22558749,0.14468111,-0.2523522,-0.117846794,-0.5356374,-1.1723014,-0.14430709,0.56933683,-1.3175039,-1.0567591,0.5911707,1.0073651,-1.6118097,-0.5317,0.12918079,-0.679149,0.47164991,0.75367403,-0.25725776,-0.29827872,-0.5506674,-0.13262607,0.11724747,0.852636,-0.24918628,-0.15959403,0.74616754,-0.42207655,-0.22352985,1.685086,0.32203904,1.0963742,0.979001,0.04489208,-0.8808471,0.65187967,-0.112006426,-0.49449557,1.0761448,-1.4812838,-0.65148157,1.744015,-0.07312309,-0.6655175,-0.21595475,0.41842437,-0.49233785,0.17220365,0.24362029,0.9984335,1.4690514,0.95240057,1.5075735,0.0052369833,-0.68932116,-0.58795595,0.5676042,-1.5146618,-1.1887629,0.008131449,0.5915466,2.3951714,-0.41031203,0.4715188,1.2314798,-0.686398,-1.2348273,0.19345944,0.2772561,-0.5807584,-0.5847226,0.063392244,-1.3084651,0.0043958607,-2.2301812,-0.39955717,0.9507474,0.5714849,-0.7584635,0.07818314,0.88082474,0.057640407,-0.8332778,0.35064867,1.4647053,1.7736797,-0.21573594,-1.0857192,0.4124606,-0.8414293,-1.7578064,0.36514726,-0.6706518,-0.78549284,-0.04939062,-0.5819575,0.13404563,-0.95488584,-0.72377425,1.7414387,-0.01194962,-0.59414816,0.36957437,-1.2839631,1.9210583,-0.3345584,-0.32799977,0.77237165,0.7212954,-1.0703226,0.5149209,-1.5064566,0.6278715,-0.86844254,0.3780162,1.4253333,0.5224734,-0.4976838,1.6872737,-0.35715246,-0.08145048,0.17536978,0.6416796,-0.1221963,0.1636597,-2.3588607,1.1635009,-1.5661898,-1.237285,0.23647583,0.5652579,-0.6017324,0.18295309,-0.25195083,0.5605535,0.20005497,-1.1028526,0.7355943,1.8869989,-0.6282771,-0.7344664,0.75415885,0.25926772,-0.28677464,-0.25390884,2.2335665,0.6987854,0.719161,-1.4305954,-0.7688784,0.31046215,-0.53431606,-0.74123573,-0.33485532,-0.5919556,-0.30664247,-0.03389848,-0.72488695,0.76979333,-0.79480934,0.4540112,0.8133731,-0.78644234,-0.292918,0.46728247,-0.24372151,-1.1843624,-1.4457737,0.580558,0.7436268,-0.35894513,0.32579568,0.7509734,1.4566246,0.8196002,-0.087700486,-0.78225416,0.73074585,0.7567223,1.0078347,-0.8995082,-1.7724382,0.7252664,1.0546888,-0.79116917,0.16197959,-0.3013417,-0.33019304,-1.5599393,0.9263493,0.7414766,0.17091773,1.3147418,0.58471936,-0.12904625,1.0007405,-0.286833,0.16210683,-0.66781366,-0.19700359,-0.12881336,-0.68700325,-0.8233096,0.124047056,-0.5378243,0.23591116,0.084405504,0.8610715,-1.3408304,0.44329414,0.13694523,0.22126724,0.14175643,0.12105488,-0.8396428,-0.551171,-0.95199996,1.6778514,1.1325554,-0.20286234,-1.3880537,0.1794159,0.849163,0.4104286,-0.76839864,0.33742666,0.012162702,-0.8829192,-0.12958881,-1.1430439,-0.30726147,0.20807995,0.81035954,-1.0690148,0.70268065,-1.5376676,0.70116407,-0.014194861,-1.1445996,0.14370732,0.07949517,-0.61471546,2.1793268,0.91441864,0.037202306,0.09053992,0.94788015,1.3629856,-0.31530383,-0.48829174,-1.5378329,1.0825273,1.1476091,0.45813188,-1.2026532,0.10396319,0.45236787,-0.5556215,1.4443907,-0.189541,-0.80739266,-0.91026074,-0.32287517,-0.67206866,-0.55983686,-0.8574872,0.08025499,-1.1502587,0.41545457,-0.5793744,-0.54829353,0.2939342,-0.77591854,0.36100617,-0.3913737,1.062288,0.7814352,0.8442019,0.840418,-0.69896746,-0.103357784,-1.3273004,-0.59707916,0.6209416,-0.58749264,0.48612338,0.16107896,1.1313716,1.6941383,0.21147029,-1.1036975,0.43862388,0.05399484,0.31689808,0.2481397,-0.6746806,-0.1424262,-0.13152193,0.6978096,0.20305681,-1.3235756,-0.30442482,0.10062088,0.663443,-0.060789637,0.41544423,0.27948126,0.66865367,1.7993342,0.47163114,-0.27276134,-0.8683925,-0.578774,1.0398412,0.4590915,-1.0820729,-0.24853179,-1.4975646,0.9746796,1.2008827,0.210597,0.2977293,-0.6574902,-1.2275125,2.5295105,-0.8427736,0.22498283,1.0607241,-0.81585556,0.5461065,0.3662028,0.6240639,0.09919351,0.80968654,-0.746812,0.91649437,0.6791252,0.78050834,-0.3565375,-0.24421637,-0.7890185,0.42813,-0.48797646,-1.2485836,-0.56954557,0.33227015,-0.9944425,-1.9016746,1.1784741,0.10304667,-0.597436,-0.7268628,0.960476,-0.116464004,-0.4841773,-0.39356104,-0.29042372,1.2840389,-0.3829557,1.0791047,-0.42113075,-1.1405226,-0.36594233,0.8531194,0.808351,0.5826832,-0.663787,1.12208,0.9315769,0.23732956,-0.61432487,0.26488668,0.74632776,-0.6491156,-0.5581993,0.3687102,0.74225813,-0.40718406,0.023135526,-0.16529714,-0.22933424,-2.3143399,-1.5709474,-0.115069725,1.6323109,-1.7706634,0.5113289,-0.13344118,-1.4992878,0.33921793,0.10643615,0.21204115,-0.09728958,-1.0906037,1.6201422,-0.7848111,-1.181771,-0.40963006,-0.55097806,-1.3641037,-0.22239855,-0.99989086,-2.0494962,-1.4207925,-1.393555,1.6998318,0.5035324,-1.1189766,-0.84995085,-1.1966606,-0.3241186,-0.0566268,1.0930021,0.78661984,-0.87293607,-1.0723153,-0.59064424,-0.8250842,-0.36735836,-0.62995595,0.30818143,-0.27494317,0.66279876,0.72704214,1.4051778,0.8604716,0.558435,-1.503317,-0.5662057,-0.19392546,0.31208357,1.5843227,0.18027575,-0.8453423,0.7292419,-0.19844396,1.0599291,0.09558708,-0.61559045,0.35940412,0.16309051,0.7517103,-0.11927347,2.3871005,1.0518271,-1.0353171,-0.5478955,0.08636834,0.29730436,0.6558832,-0.996121,-0.24923488,0.42819783,-0.22736742,-0.48909312,0.44576147,-0.9432459,0.16204502,0.670881,1.3615173,0.008119783,-0.40736324,-0.10357212,-1.646745,0.70115674,1.3406192,-0.29255638,-0.38875324,0.4411144,-1.5025727,0.91395766,-0.6911834,1.3910939,-0.39179817,0.6754497,-0.09149741,0.7727914,-0.81608236,0.72800654,-1.1135519,-2.2381682,-0.6868981,-0.23041323,0.7381655,-0.19757965,0.33588174,0.06964368,0.23337665,0.32465568,-0.8988029,-0.36254764,1.2119846,0.94216126,-0.11593388,1.119586,-0.4130514,0.7171065,0.99245495,0.9051701,0.5029135,0.24620722,1.6887081,-1.0190254,1.2651899,0.99430233,0.83569145,2.562428,0.9847976,-1.6233333,-1.2056979,1.2611648,-2.253162,-0.6137367,0.8790345,-1.4195384,0.96869236,-1.1016015,-0.87112826,1.8429506,0.799364,0.14444171,-1.4325289,-1.1579435,0.95232195,0.7823076,-0.10602125,-0.05732873,-1.0940125,0.16919494,-0.3919912,-0.5917741,0.76664597,0.53910595,0.6746198,0.95000744,-0.8919417,0.81632423,0.47887516,0.095148005,0.097200476,0.7376083,-0.85551083,0.7713881,0.6307468,0.0623104,-0.5551217,0.6692253,-0.42092246,0.8110806,-0.20853737,0.9693103,1.0115677,-0.690972,0.026290486,-0.28784388,0.6671609,0.71379757,1.3392565,-0.15139012,-1.7721592,-0.5521188,0.092002645,1.0270641,0.6413708,0.37783834,0.12395545,0.86863667,-0.1448314,0.5188978,-0.23379768,-0.6280125,-0.12232151,0.41268596,0.4709708,0.075026,0.379032,-0.8204166,-0.6622863,0.2686124,0.52107984,-0.7144526,-0.911602,-0.67996216,-0.95082825,0.13563111,0.13018636,-0.015555459,-0.45797655,-1.0295545,-0.42437145,0.53971994,0.7247682,-2.0827856,-0.249505,-0.24407883,-0.6084115,0.3430429,0.28931364,0.21618295,-0.21664958,0.6359793,-1.3212265,0.55368066,0.11717512,1.016514,1.6075764,0.21754803,1.1381861,-0.3986713,-0.067846194,-0.50080144,0.45864016,0.45611697,-1.921753,0.6601825,-1.003375,-0.46889657,1.6109278,-1.0868708,-0.22308056,-0.8518278,0.1992594,-0.5122412,-1.4933412,2.2030694,-2.0387743,1.5424858,-1.633352,-0.41335982,-0.78578275,-0.6934887,-1.2661828,0.06007599,0.25933963,0.15853916,0.3541484,0.41834918,0.010035379,0.1556895,-0.32410455,1.5564765,0.4227055,0.19034846,-1.2975485,-1.5351702,0.25116023,0.97985977,-1.4002472,-0.8985104,-1.061956,-0.25441176,0.17650934,-0.28169617,-0.7168313,1.1257101,-0.30432394,0.45406437,-0.63887846,-0.4959762,-0.036857013,-0.8747672,1.3689883,-0.36748034,1.6411561,-1.1913265,-0.712975,0.47676805,-1.0113628,-0.11199311,-0.40176964,1.8341818,0.79149926,0.85742587,0.19281994,0.71684945,-0.22405995,-0.3740635,1.1632383,0.19031122,2.024692,-0.0661646,-0.27457303,1.8838279,0.2308432,0.77445614,-0.624256,-0.39953953,1.6715256,-0.20848258,-0.6293283,-0.30305687,0.15411139,-0.18811406,-0.12001664,1.0170634,0.07340821,-0.28568208,0.41767716,0.76172286,-0.24959207,-1.4878265,-0.6003956,0.85229874,1.3039864,1.3644702,1.3300513,-0.30143315,-0.5505334,-1.6909926,0.07267942,1.3787448,0.60027355,0.20805158,-1.5148836,0.8948436,0.49681935,0.53577125,-1.4711756,-1.6104126,1.7205249,0.7350771,0.0068423557,1.6538818,-1.036123,-1.7773154,-0.43043825,-0.32645774,-0.20379896,-1.0750726,-0.8311515,0.29829985,0.19754593,1.058702,1.1356037,0.8392294,-0.5470907,-0.7456397,0.44093224,0.007466444,-1.025158,0.18430625,-0.25010082,0.5127005,-1.5352191,-0.61705446,0.6328593,-2.5074794,1.4111844,0.11121751,0.4175911,-0.2812877,-0.21879046,-0.66298866,-0.08577734,-0.04835781,-1.0410734,-0.8246711,0.5725761,-1.5109211,-1.1962017,1.1226285,1.214183,-0.48449644,0.30588624,1.1720476,0.18194303,0.8960732,-0.4135185,-0.6712932,-0.20633316,-0.17313202,0.28134683,-0.57069,-1.5244046,-0.62977105,0.5609047,-1.0556008,-1.563081,0.7276386,0.6486908,-1.2581968,-1.0981444,-0.16502737,-0.704281,0.59664553,1.0822661,-0.03577354,-0.2747486,-1.0090405,-0.493619,-0.02334659,0.034934025,-0.5275664,-0.33387437,-0.01957272,-0.69388235,0.36997923,1.9347239,0.2360213,1.4216179,1.2578981,0.2683397,-0.12789126,0.924287,-0.25851107,-0.03374745,0.96739763,-0.9423508,-0.782051,1.3831946,0.13218008,-0.9394835,-0.26800385,0.78594244,-0.58633596,-0.5878316,-0.18688202,0.40430245,1.6591314,1.4192151,1.398216,-0.20331833,0.14590414,-0.415225,0.35578814,-1.4578427,-0.43331164,-0.46047455,0.28137723,2.1305754,-0.3866944,0.45190212,0.9322687,-1.2630804,-1.377465,0.25220516,0.18453972,-0.038924564,-0.6263123,0.14788146,-1.4632331,0.46477324,-1.8126227,-0.14397383,0.7747172,1.2003577,-0.624762,0.4689784,0.49767542,0.13645682,-0.8978447,-0.28237426,0.7833405,1.7511568,-0.3526716,-0.7760995,0.4833567,-0.17694381,-1.5320603,0.1994026,-1.003561,-0.59423345,0.25298414,-0.43832704,-0.39435998,-0.6588071,-0.6027403,1.0396403,0.1717043,-0.017311586,0.53506017,-0.97664535,1.4410217,0.1699808,-0.74403936,1.4576215,0.59860504,-1.023484,0.44284335,-1.6693594,1.1376048,-0.64867765,1.0874451,0.939425,0.45469692,-0.88741547,1.1120175,-0.23691614,-0.02504309,-0.55564076,0.64802724,-0.21831986,0.330808,-1.645791,1.1380163,-1.6678632,-0.54353803,-0.21916784,0.96413606,-0.7832659,0.46040758,-0.28006783,0.67344046,0.106513895,-1.2057445,0.32303306,1.9624327,-0.5961805,-1.1584017,0.56510603,0.29899573,-0.72742176,-0.14298877,2.420406,0.593625,0.31988785,-1.266097,-0.90676147,0.9144403,-0.19242232,-1.2702268,-0.771371,-0.5084433,0.2337875,0.3649804,-0.31207332,0.9509386,-0.6810958,0.52649134,0.66146857,-0.50831014,-0.43162325,-0.25366467,-0.43125063,-0.9342881,-1.4681149,0.2906049,0.71551424,-0.55506176,0.8026754,0.9826113,1.484935,0.80811876,-0.12601689,-0.62931025,0.70088834,0.5713317,0.93809193,-1.3671873,-1.3611984,0.6291689,0.9855541,-0.5207618,0.5413438,0.20703062,-0.49595806,-1.8231052,1.2592691,-0.07980365,-0.036586728,1.373053,-0.080219015,-0.1338924,0.6821098,-0.040313993,0.43996266,0.016894447,-0.48272628,-0.015699506,-0.06379251,-0.7779218,0.27872276,-0.81036127,0.5213505,-0.26657408,0.41833693,-1.5705545,0.558608,-0.028280292,0.41820914,0.96581405,0.24879467,-1.2838824,-0.7894535,-0.42275247,1.6133327,0.7859191,-0.3982564,-0.6641903,-0.045203347,1.3488148,0.87391883,-0.43687075,-0.01843976,0.1030377,-0.68878603,-0.320971,-0.71750695,-0.4941626,0.05019315,0.098157786,-1.091881,1.0213358,-1.8423222,1.1259066,0.005080027,-1.8685625,-0.038979497,0.21641915,-0.80947864,2.184283,1.0777014,0.029664602,-0.27605268,1.0034896,0.73765725,-0.81293184,-0.7613533,-1.0151229,0.8637943,1.3687428,0.80673844,-1.1540457,-0.108044855,0.5775655,-0.3137744,1.1724741,-0.03646484,-0.40789035,-0.90181273,-0.1742666,-0.8559236,-0.29788312,-0.20395899,0.25306585,-0.91268235,0.8053945,-0.5250445,-1.3196665,0.8623519,-0.6971923,0.035867475,-0.07704761,0.6859816,0.6748844,0.7654781,0.55636346,-0.61304796,0.38625988,-1.120126,-0.57072157,0.52604467,-0.92137253,0.69355804,0.4965873,0.9255057,1.3941666,0.4609628,-1.4375494,0.36980444,-0.0903048,0.6263183,-0.44030884,-0.827769,-0.60909986,0.22204052,0.42666197,0.70436496,-1.4533659,-0.47157618,-0.22872026,0.5982871,0.08418649,0.6039143,0.24153359,0.4677093,2.0571148,0.89324313,0.15142396,0.0
エ,0.0749431177973747,0.5010326504707336,0.3710091114044189,-0.6560860276222229,-0.0393311083316803,0.1110338270664215,0.0859642401337623,0.0129492720589041,0.0309907756745815,-0.211056187748909,0.9358340501785278,0.1515482664108276,0.2768792510032654,-0.5607249140739441,0.5666325688362122,-0.4205234050750732,-0.0514361336827278,-0.409527987241745,0.0087934993207454,-0.2534026503562927,-0.662889838218689,-0.5673192143440247,-0.4004799723625183,0.3462963700294494,0.2720090448856354,-0.3106721639633178,-0.0153719121590256,0.1219049021601677,-0.0711736679077148,-0.1898295879364013,-0.5257799029350281,-0.5601031184196472,-0.0119114443659782,0.3211928606033325,-0.5740010142326355,0.2335926294326782,-0.0217736177146434,0.2182086557149887,0.381268709897995,-0.3959852457046509,0.1372956931591034,0.4798860251903534,-0.0752676799893379,-0.2060661315917968,-0.0997740179300308,0.5041969418525696,0.1902588605880737,0.2213988602161407,0.1714688241481781,0.0679966434836387,-0.4217140674591064,-0.0168467536568641,0.2043122053146362,-0.1903988867998123,0.0538444705307483,0.4335804581642151,0.0571286678314209,-0.5621520280838013,-0.0375801064074039,0.3367684483528137,-0.4257773756980896,-0.3871409296989441,-0.4007278382778168,0.4770677387714386,-0.31719970703125,-0.2118542194366455,-0.2097134888172149,0.0095695564523339,-0.440587431192398,0.0129947438836097,-0.3038898408412933,0.0424129404127597,-0.0943005010485649,-0.6754307746887207,0.8318064212799072,0.0375881008803844,0.4462927281856537,-0.6719961166381836,-0.1212290599942207,-0.1193667128682136,-0.5262832641601562,0.3429143130779266,-0.2234872728586197,-0.6913549304008484,-0.4837868809700012,0.3528997004032135,-0.6478340029716492,-0.7440022230148315,0.7960655689239502,-0.0685420781373977,0.0856943354010582,-0.0958595424890518,0.2736121714115143,0.4215126633644104,-0.1404181718826294,-0.0187079757452011,0.2700517773628235,0.0099487397819757,-0.0817176774144172,0.3633236289024353,-0.0221207719296216,-0.186085358262062,-0.0417227186262607,-0.0841543450951576,0.1982919126749038,-0.2140036225318908,-0.0435556881129741,0.1449015885591507,-0.0029432601295411,-0.0543723404407501,-0.1221221834421157,-0.7235029339790344,-0.2588759660720825,0.2878579795360565,0.1313011646270752,0.0211674720048904,-0.2963569760322571,0.8375142216682434,-0.4395132958889007,0.4824954271316528,0.0797572657465934,0.3578066527843475,-0.1532616764307022,-0.2701750993728637,-0.2237030118703842,0.574558675289154,-0.102646104991436,0.3830364048480987,0.1745470762252807,-0.5298358798027039,0.2133499234914779,-0.2185020595788955,-0.1887807995080948,0.4014162719249725,-0.0559132732450962,0.6713578701019287,0.2789525687694549,0.4715734720230102,0.3285359144210815,-0.7746561169624329,-0.0957909896969795,0.3114047646522522,0.2697217166423797,-0.3401710391044616,0.5627554059028625,-0.2159447371959686,0.2518156170845032,-0.0929246991872787,0.1412185430526733,0.3115687370300293,0.1791305094957351,1.2047104835510254,-0.2105723321437835,-0.1966185718774795,-0.2365557551383972,-0.051765888929367,-0.3071994185447693,0.1252636611461639,0.1052574664354324,0.4957506954669952,0.4416899681091308,-0.3907606899738312,0.0425344593822956,0.4740809500217438,-0.2821821570396423,0.6412449479103088,0.5071831941604614,0.0508637130260467,0.3439184427261352,0.6333444118499756,-0.0284297224134206,0.5089585781097412,-0.1086053624749183,-0.5634750723838806,-0.0309455096721649,0.7188382744789124,0.311085969209671,0.6358630657196045,0.6108752489089966,-0.8965632319450378,-0.1295465379953384,-0.1185513958334922,0.4232197403907776,-0.8145791888237,0.4032543897628784,-0.3262531161308288,0.0159038063138723,-0.214253544807434,0.1698854565620422,-0.1010085046291351,-0.698457658290863,-0.0076903025619685,0.1109161227941513,-0.1491693258285522,0.0695568621158599,-0.2233514934778213,-0.0167310871183872,-0.015342017635703,-0.4737337827682495,0.6624923944473267,-0.1559403836727142,0.2207432687282562,0.0569845475256443,-0.5219500660896301,-1.2316482067108154,-0.4402652084827423,0.1799165308475494,0.6104909181594849,0.1239572167396545,0.150706797838211,0.1248641982674598,0.5599746108055115,0.17961485683918,0.4113308787345886,0.8713894486427307,0.0085140224546194,-0.808025598526001,-0.4608233869075775,0.7838011384010315,-0.863122820854187,0.0805009827017784,0.1366147398948669,0.2772863805294037,0.1550791710615158,-0.7040775418281555,-0.0131914457306265,0.4275945723056793,-0.072159469127655,0.1844909191131591,0.793224573135376,-0.0839586034417152,-0.751721978187561,-1.2341216802597046,0.1730105280876159,-0.6860142946243286,0.2278774529695511,-0.5205190181732178,0.5394347906112671,-0.2303494960069656,0.7310740351676941,-0.1670832484960556,-0.0219035483896732,0.3549574315547943,-0.2393565475940704,-0.5964962244033813,0.2471265792846679,0.277322769165039,-0.6431230306625366,-0.8614026308059692,0.1485059857368469,-0.3955720067024231,-0.3469831049442291,0.5136789679527283,-0.1920532435178756,0.4309240579605102,0.2742425203323364,0.3554822504520416,0.2859397530555725,-0.1083761602640152,-0.1788811236619949,-0.4731722474098205,-0.5599711537361145,-0.2128765732049942,0.3954005241394043,0.357731431722641,0.4167017638683319,0.235432744026184,-0.5407547354698181,-0.7101407647132874,0.0172899886965751,0.2256495356559753,-0.8143934011459351,-0.1771579086780548,-0.4117016196250915,-0.3668525516986847,0.4502196907997131,-0.010294952429831,0.3205542862415313,-0.0579238422214984,0.6466991901397705,-0.3707708418369293,0.1495065540075302,-0.6712538599967957,-0.1695050746202469,0.0971602499485015,-0.1352232992649078,-0.5953330993652344,-0.5814643502235413,-0.6016782522201538,0.3324083983898163,0.27141934633255,0.1118214651942253,-0.450823575258255,0.162023589015007,-0.2617408037185669,0.1260527372360229,0.7692469954490662,-0.1068775355815887,0.0980919077992439,0.8634207248687744,0.2058811634778976,0.1528165489435196,0.1129610240459442,-0.2915551662445068,-0.0847493857145309,-0.6286470890045166,-0.3785236477851867,-0.3954266309738159,0.6105015277862549,-0.3894446492195129,-0.1456832438707351,1.0077064037322998,-0.1247380748391151,0.1983711421489715,0.8306106328964233,0.6311897039413452,-1.380234956741333,-0.0884410068392753,0.1388814002275467,-0.0937888920307159,-0.2333306223154068,0.3486403524875641,0.3726886212825775,0.0771161168813705,-0.1585301458835601,-0.2015129178762436,0.8199771046638489,0.6578356623649597,-0.3070632815361023,-0.4453116059303283,0.5956208109855652,0.1386835277080536,0.3188926875591278,0.0521704368293285,-0.1059231013059616,0.3507256507873535,-0.4518594443798065,0.2438142448663711,-0.4377323389053345,-0.2286379337310791,-0.1234437376260757,0.199282705783844,0.0153326885774731,0.3558323681354522,-0.1752387136220932,-0.1933534294366836,0.5626264810562134,0.920954167842865,0.3658363819122314,0.7407443523406982,-0.1070056408643722,-0.0405289568006992,0.2043249756097793,0.6213338971138,0.2409420162439346,0.1001663953065872,-0.5828248262405396,-0.2984749674797058,0.3780459463596344,-0.211902230978012,-0.4752582013607025,0.5304667949676514,0.1041564494371414,-0.2018498927354812,-0.477229505777359,0.7384042739868164,0.5590384006500244,-0.2059563547372818,0.6611539721488953,0.5554072856903076,0.6567457318305969,0.2722589671611786,-0.1388095766305923,-0.3048117458820343,-0.0825459584593772,-0.0733940079808235,-0.0752356722950935,0.1497256457805633,-0.3450393676757812,-0.2782748341560364,0.0019222253467887,0.0486252047121524,-0.4260407090187073,0.1734906882047653,-0.2195824682712555,-0.6376174688339233,-0.7793687582015991,-0.063861608505249,-0.5986669063568115,-0.4026835560798645,0.1535077095031738,0.3492183685302734,0.4964047968387604,-0.7464361190795898,-0.1271601021289825,0.251165896654129,-0.4921227097511291,-0.0871448442339897,0.3863778412342071,0.2233757823705673,-0.2901251018047333,0.3032810091972351,-0.3707574307918548,-0.4037947356700897,-0.5771791338920593,-0.044406022876501,-0.104837954044342,0.2173322588205337,0.4064656794071197,-0.2222395986318588,-0.0843929201364517,0.4954863786697387,-0.3509054481983185,-0.1521254926919937,-0.3213151395320892,-0.2467758059501648,-0.3823592960834503,-0.0004126716521568,0.2382006198167801,-0.0721666291356086,0.4457323253154754,0.12066450715065,0.2801474034786224,-0.2946795523166656,0.0558578930795192,-0.0915755033493042,-0.0672047361731529,-0.6947820782661438,1.043548822402954,-0.2698815464973449,0.6022354364395142,-0.1585612595081329,-0.1920691132545471,0.5223063826560974,0.1901698559522628,-0.3558352589607239,-0.0084017505869269,-0.0078360205516219,-0.7592402100563049,0.3996194899082184,0.1867904961109161,0.4296346008777618,-0.6996725797653198,0.2841742932796478,-0.0073746871203184,-0.3833093047142029,0.3453073799610138,0.0295856371521949,-0.0858638137578964,-0.176126018166542,0.2847397327423095,1.128198742866516,0.2592743933200836,0.5765736103057861,0.2231803685426712,0.0346827544271945,-0.2903764843940735,0.3834536373615265,0.5880371332168579,0.4451239109039306,-0.0262109413743019,0.0362952724099159,-0.5897907018661499,-0.1578114777803421,-0.2345291525125503,-0.1075652614235878,0.2756355404853821,-0.0312539003789424,0.4429961740970611,-0.2004246711730957,0.0638856515288353,-0.1451282352209091,-0.9031107425689696,0.1222156733274459,-0.1834559738636016,0.1905830055475235,0.6729186773300171,0.0866291671991348,-0.1776756793260574,0.6918963193893433,0.0155387427657842,0.2878796756267547,0.2941742241382599,-0.5048111081123352,-0.2961974442005157,0.0720140784978866,-0.2909269034862518,-0.0977205261588096,0.2293915599584579,0.3342984318733215,-0.4124390780925751,-0.684638261795044,0.3148770630359649,0.1597632616758346,-0.0436460860073566,-0.2034602612257003,0.176448568701744,-0.1126431450247764,-0.4202786982059479,-0.3832724690437317,-0.4151628315448761,-0.3104378879070282,0.1650653779506683,-1.2466304302215576,-0.2332406938076019,0.1884365230798721,-0.2688154578208923,-0.0736619308590889,0.4764087200164795,-0.3358447849750519,0.1452673226594925,0.2703050971031189,0.2237081676721573,-0.2590507268905639,0.0192719046026468,-0.0795586183667182,0.0360382497310638,-0.1438534706830978,0.817067563533783,0.1579559445381164,0.5941767692565918,0.3027631342411041,-0.7028121948242188,-0.5920444130897522,-0.4645710289478302,-0.7179806232452393,0.6742623448371887,0.2435949891805648,0.8040297627449036,-0.008918591775,-0.1653932631015777,-0.0711243376135826,0.4084788560867309,0.0711899250745773,0.060596790164709,0.1597693860530853,-0.2148708552122116,0.5213537216186523,-0.7979964017868042,-0.7235814332962036,0.6335520148277283,0.1019856408238411,-0.4841380715370178,0.1760994046926498,0.4590330421924591,0.1125073805451393,-0.3673014938831329,0.0359121635556221,0.0998397096991539,-0.3449825346469879,-0.1475851982831955,0.0724823996424675,0.337226003408432,0.2343750745058059,-0.284378707408905,-0.2747551798820495,0.8732015490531921,0.5530959367752075,0.3112063705921173,0.0513002574443817,0.0139406127855181,-0.0974974036216735,-0.3201525807380676,-0.0299951583147048,0.4052170515060425,0.5808098316192627,-0.0588267035782337,0.5734966397285461,0.3379321992397308,-0.4853165745735168,-0.1704242974519729,0.954895794391632,0.0769428685307502,0.4070640206336975,-0.3711090385913849,-0.2573497295379638,-0.7029648423194885,0.1889971941709518,-0.3051510155200958,0.0327525250613689,0.6434774994850159,0.399682879447937,0.3450816571712494,0.1136735007166862,0.1362553387880325,-0.0839655026793479,0.3553557097911834,0.2357159852981567,0.3322381377220154,-0.1449383348226547,0.177589938044548,0.3900604546070099,-0.3421905934810638,-0.4446595311164856,-0.1966626197099685,0.3757204711437225,0.7618974447250366,0.0669720694422721,-0.0896947532892227,-0.1943534165620803,-1.4250625371932983,0.0408629849553108,0.2390487492084503,-0.1056598871946334,0.6612232327461243,-0.3579338490962982,-0.0024675633758306,0.5101805329322815,0.7155277729034424,0.904975652694702,-0.3297808766365051,-0.7374759912490845,-0.150851309299469,-0.0983057022094726,-0.2111362665891647,0.3975003063678741,0.1607130616903305,0.3469347953796386,0.2551337778568268,0.019056286662817,-0.0540425591170787,0.6164014935493469,-0.0906426012516021,-0.1723643839359283,0.5014562606811523,0.208467498421669,-0.0607839860022068,0.0516667477786541,0.0861604735255241,-0.0767332762479782,-0.333077609539032,0.0226525943726301,-0.4775790572166443,-0.1980053484439849,-0.0786902010440826,-0.0766219198703765,0.2640433311462402,0.0717762410640716,-0.1749752908945083,-0.2701096832752228,-0.0458554662764072,0.2411010712385177,-0.5189756155014038,-0.4917986094951629,-0.1243263110518455,-0.0921150967478752,-0.1277189403772354,-0.3560868799686432,-0.8639858961105347,-0.74403977394104,-0.0318985469639301,0.0938406363129615,-0.6164048910140991,-0.4533934295177459,0.3096181154251098,0.3297369182109833,-0.1638644486665725,-1.0943195819854736,0.4664691388607025,0.0408923849463462,0.5658580660820007,-0.4973099529743194,0.1925394237041473,-0.2818112969398498,-0.0399208925664424,-0.6177926063537598,-0.3555668890476227,0.4475041925907135,-10.153399467468262,-0.3599840402603149,-0.7595536112785339,-0.6855631470680237,-0.2458588033914566,0.2240585684776306,1.2206475734710691,0.3808872699737549,-0.4861872792243957,0.0686450004577636,0.1692031621932983,0.2285959124565124,0.0912148728966713,0.6852289438247681,-0.3793286681175232,-0.3994357883930206,-0.1460523605346679,0.1557333469390869,-0.0443009510636329,0.1980044394731521,-0.2460727840662002,-0.1713671833276748,0.3375617563724518,0.2444052994251251,0.0044457670301198,-0.3166196942329407,-0.5726965069770813,-0.1580016314983368,-0.1992977410554886,-0.0791026130318641,-0.4226790964603424,0.2348426133394241,-0.2147015035152435,-0.1036305800080299,-0.292151540517807,-0.0128618264570832,-0.1198069527745246,0.0942057892680168,-0.8203505873680115,0.4572871029376983,0.3889889121055603,-0.1811655312776565,0.32080078125,0.0758871957659721,0.350387841463089,0.0100688440725207,0.8307955861091614,-0.1307865381240844,0.3256823122501373,-0.0503523461520671,0.3469188213348388,-0.5069632530212402,0.2867747247219085,-0.3743391335010528,-0.1176211014389991,-0.0606089197099208,0.8165594339370728,-0.8023248910903931,0.0516206808388233,0.102803461253643,0.0552830509841442,0.1893246471881866,0.6527770757675171,0.3593394458293915,-0.2308391034603119,0.0804167315363884,0.2592554092407226,0.0644260793924331,-0.4231237769126892,-0.2595343887805938,0.0551220141351223,0.1739334911108017,-0.1747120320796966,0.0012442307779565,-0.2372197359800338,0.4570473432540893,0.5787063241004944,0.4222153723239898,0.2878996431827545,0.0781440958380699,0.3834221065044403,-0.5836068987846375,0.3235379159450531,0.0089804455637931,-0.6085178852081299,0.2586498558521271,-0.2114227265119552,-0.0624385923147201,0.3221389055252075,-0.6665878295898438,0.635194718837738,-0.480550467967987,0.0325992666184902,0.278866171836853,0.6550256013870239,0.1526957303285598,-0.2973670959472656,0.0376310832798481,0.3147817552089691,0.097697764635086,-0.9467956,-0.008010432,0.6831188,1.2589719,-1.2092171,-0.69381225,-1.2786853,0.61704326,1.2043054,0.054619923,0.5629147,-0.76267415,-1.716987,2.03697,-0.4956469,0.2716354,0.4115595,-0.97906184,0.620138,-0.008893207,0.27512574,0.18082696,0.8337275,-1.2864155,1.01797,0.38497323,0.35978,0.008780289,-0.8044065,-1.4687226,0.7664385,-0.5981998,-1.3305411,-0.20847066,0.27906296,-1.2817136,-1.5516169,1.2486645,0.17503285,-0.4398747,-0.6534505,0.88616157,0.107373945,-0.6818208,-0.49823153,0.0011235476,1.6084373,-1.002918,1.3282697,-0.24539983,-0.97730994,-0.33724242,0.5570006,1.027533,0.47264117,-0.07751779,1.813038,0.9592875,0.31714582,-0.7272974,-0.14100814,0.5932615,-1.1884496,-0.39874497,-0.08895417,0.8554828,-0.19505009,0.41320014,0.0057218205,-0.3730647,-2.6082687,-0.8281436,-0.2550969,1.6049867,-0.8019035,0.44142246,-0.008213669,-0.79708254,0.53169173,-0.11321198,0.42219055,0.06501642,-0.64335257,0.9494283,-0.6514792,-1.486421,-0.6377005,-0.40430155,-0.7342366,-0.43048865,-0.34138307,-2.131247,-1.1231265,-1.0591496,1.4076312,0.3209359,-0.92040676,-1.2404481,-1.3454845,-0.6185583,-0.2222283,2.0409005,0.07551384,-0.5479922,-0.75417024,-0.55561763,-0.7672144,-0.67371356,-0.70325875,0.5967627,-0.14801008,0.7823372,0.65630203,1.8804035,0.27355653,0.79383254,-1.3228257,-0.8477618,-0.39640313,0.7543279,1.3603737,0.61506367,-1.059043,0.561221,-0.015497401,1.1016841,0.06541789,-0.9107477,0.47259894,0.86292595,0.9135875,-0.25266087,2.1608686,1.1835529,-0.9135947,-0.59422344,-0.44355318,0.09864491,0.6794103,-1.3231924,-0.8380121,0.25234237,0.28360417,-0.2286017,-0.0038062036,-1.154763,0.06771387,0.8066578,1.0127844,-0.12089163,-0.23578429,-0.14788601,-1.4675186,-0.06329445,1.1651418,-0.36416948,-0.10022441,0.40546823,-1.5136937,0.49098477,-0.5767906,0.8234797,-1.0778188,0.9153019,0.20115252,0.44478387,-0.5222081,0.77732676,-1.4912968,-2.0346417,-0.59517723,-0.0560838,0.8979513,0.07537638,0.7360965,-0.62032497,0.90219307,0.37869,-1.7285956,-0.46863806,1.4794207,0.92022234,-0.17084448,1.621891,-0.9250653,0.5828116,0.9631895,0.08152891,0.7108267,-0.02242095,0.5810075,-1.011833,1.2009606,0.61428934,0.49809796,2.5636926,0.8131749,-1.0303813,-1.6260941,0.62715423,-2.3201296,-1.0572803,0.8781351,-1.3201514,0.98623085,-1.3055341,-0.54144186,1.5767121,-0.112344995,-0.36162218,-1.4561261,-1.6652305,1.5334218,0.5404531,-0.20576587,-0.12562214,-0.9459874,0.3693844,0.008887246,-0.42057192,1.6645144,0.8671149,-0.2908709,1.4146569,-0.9785409,1.0009012,0.17169482,0.48053846,0.42263952,1.2092195,-1.387093,0.84365594,0.27803838,0.15230748,-0.7389578,0.18009391,-0.4132534,0.7650724,-0.34791183,1.1683843,0.36347327,-0.54611766,0.0895133,-0.3336895,0.7030611,0.6183759,1.5027244,-0.13651496,-2.036542,-0.52400094,0.026947603,1.1571066,-0.45327127,0.44754314,0.5976592,1.7988608,-0.16581239,0.106936544,-0.9514956,-0.6413594,-0.0014561955,0.59547967,0.43626347,0.75631803,0.26428667,-0.202245,-0.49397892,0.74835503,-0.14804274,-0.49975652,-1.1417655,-1.0933568,-0.3794066,-0.08604567,0.21281925,0.6438129,-0.5255959,-0.9290898,-0.3675339,0.83274084,1.0426883,-1.5347075,-0.17001799,0.28004643,-0.8508878,0.7262732,-0.026474249,0.123572126,0.40537143,0.6781083,-1.1838349,0.9131533,0.39953738,0.51264256,1.2347621,0.12628758,0.73124516,-0.95580006,0.41254738,-0.2930566,0.507972,0.40104815,-1.8270305,0.9032042,-0.4321965,0.19164655,0.9546914,-1.1845784,-0.73340386,-1.0369935,-0.31532702,-0.1926965,-0.96144676,2.0852616,-2.3144743,1.6312326,-1.9222724,-0.5213997,-0.6852852,0.040136807,-1.222835,0.35664326,0.36618635,-0.09703837,1.2356551,0.28371492,0.07492478,0.28960624,-0.24542147,0.89233774,-0.2952982,-0.046367943,-0.3603964,-1.5495274,0.43083358,0.84006286,-0.7766218,-1.3380038,-0.7585596,-0.57721555,0.48968825,-0.1318094,0.07440989,0.71307653,-0.34345433,-0.09390501,-1.1744682,-0.7602184,-0.07279317,-0.84010434,0.8007997,-1.137737,2.0843534,-0.7441337,-0.13990428,0.44641888,-0.6846559,0.021933021,-0.6445215,1.698065,0.21458279,0.83952767,0.43508255,0.14236891,0.31616306,-0.74802834,0.68344814,0.17007716,1.7856281,-0.23538789,-0.2050994,1.4334348,-0.5343242,0.31217507,-0.09495188,-0.43830773,1.8442394,-0.1998151,-0.52272975,0.041848183,-0.122768775,-0.34206837,0.07209261,0.59564096,0.34598577,-0.22744694,1.1907884,0.6042502,-0.5364609,-0.9320804,-0.6614739,0.86925524,1.229751,1.4356568,1.7673459,-0.1709811,-0.5000872,-1.9345453,0.29587644,1.9142458,0.74496466,0.2903318,-2.1388867,-0.26679856,0.23868243,0.6056342,-1.7707527,-1.4514955,1.3830621,0.017094802,0.26921055,1.6900947,-0.71668077,-1.760314,-0.2947248,-0.22013476,-0.53975266,-1.0454885,-0.8990755,0.5135978,-0.6235149,1.5860112,0.868815,0.6893526,0.03905849,-0.39260426,0.50593793,0.06695222,-0.6464243,-0.8994675,0.19781059,0.5005136,-1.0464137,-0.99212277,0.58526933,-2.0125005,0.7458873,-0.014727595,-0.24711142,0.16264108,-0.14013022,-1.121308,0.13044731,0.24636446,-0.5063098,-0.56906164,1.0272747,-1.3707417,-1.1825057,0.30869222,1.9491978,-1.3862696,0.8355276,0.21472755,-0.10910095,0.29200372,-0.27193013,-0.8392865,-0.27053085,-0.35038185,-0.37906164,-0.4833321,-1.3039873,-0.9288802,0.37813538,-0.985798,-1.4241024,1.017089,0.38769367,-2.0688884,-0.9281398,0.256044,0.08664909,0.5468613,0.48098123,0.011654677,-0.014265284,-0.8593922,0.64997274,0.28834283,0.5610435,-0.1866424,0.060051247,0.11926883,-0.39796636,0.35498887,1.706224,-0.068050645,1.2345264,1.4024924,0.18287034,-0.030576639,0.99160624,0.16480431,-0.22209904,0.755585,-0.48826241,-0.8261956,1.5385734,-0.040228948,-0.19418198,-0.32509238,0.60715884,-0.44158304,-0.62182003,0.24426183,0.23472834,1.6066749,1.3516054,1.6988788,0.23767705,-0.1272568,-0.3585152,0.51864004,-1.2992669,-0.5795543,-0.066383496,0.9520203,2.0395548,-0.6411172,0.043252617,0.40899408,-1.4181873,-1.3463228,0.358496,0.11024813,-0.63686615,-0.58878183,0.48192677,-1.8228527,0.7639857,-1.8001678,-0.45001224,0.49353865,1.2361488,-0.23745194,0.10804841,0.35182047,0.40937248,-1.3729196,-0.6181068,0.9991435,2.2071035,-0.0969025,-0.36922854,1.5713047,-0.24208778,-1.2459224,0.014480986,-1.5809637,-0.73824704,0.5640632,-0.19848633,-0.14293918,-0.2927927,-0.8821986,1.3125983,0.16429988,-0.24926566,0.39095283,-1.0529642,2.05874,-0.2998216,-0.4082583,1.0594114,1.0341532,-1.124205,0.25272623,-1.8513833,1.2210078,-0.38181663,1.4271374,0.7044184,0.9408648,-0.15410426,1.1690311,-0.51991683,-0.06311698,-0.7395086,0.4174505,-0.40129706,0.5299167,-1.4941881,1.133681,-1.4350531,-0.78165007,-0.08927319,0.60499716,-0.43481418,0.22531714,-0.2559151,-0.003851138,0.041114137,-0.97841406,0.73183197,1.5649219,-0.3950514,-1.1136831,0.71655667,0.55345225,-0.6076369,0.46241423,2.6028776,0.4150198,0.95929885,-1.7359486,-1.2484618,0.3061811,0.11076879,-1.737265,-0.6427326,-0.2433899,0.07853753,0.0022852719,-0.27618447,1.251472,-1.0699712,0.82546115,1.0298628,-1.0696142,0.11412241,0.10894891,-0.42363012,-0.7790346,-1.4299213,0.14525941,0.38455525,-1.13029,0.48764646,1.3671093,1.4627738,0.7257196,-0.18280345,-1.4653685,0.75324404,0.497356,1.128505,-0.64824176,-1.4914565,0.3860078,1.410744,-0.22529173,0.41853234,0.42229488,-0.24450278,-2.0840073,1.2353715,0.22200099,-0.46275836,0.75919,-0.20846078,-0.29142463,0.5170165,-0.32179987,0.08307035,0.0970558,-0.225949,-0.0022781566,0.18651012,-1.2180424,0.43412498,-0.36778408,-0.10464107,-0.8764709,0.6832876,-1.1984266,0.5497513,0.29003263,0.8269,0.32321227,0.2738672,-1.7007434,-0.6400352,-0.1537596,1.4013431,1.2534524,-0.49130177,-1.1328515,0.030535385,1.4386582,1.0502837,-0.50637484,-0.02981466,-0.24289426,-0.42121744,-0.30985153,-1.0924375,-0.19730271,0.5799423,0.64181614,-0.75188506,1.8301127,-2.1685052,0.7044807,-0.050890695,-1.5887452,-0.39600077,-0.011565402,-0.33063406,2.3796227,1.2745881,-0.3503681,-0.3924331,0.82442355,0.6176859,-0.3301056,0.103243,-1.4456666,0.8403666,1.8383303,0.75197244,-0.9442142,-0.17011268,-0.050349668,-0.6147505,1.3052808,-0.28285757,-0.48217887,-1.0288986,0.03990089,-0.8375635,-0.33196387,-0.7380668,0.30587974,-0.6886165,0.85859567,-1.0317953,-0.8117099,0.7112936,-0.27603436,0.17852464,-0.58135,1.1368091,0.19453722,0.32469553,0.21408203,-0.4111123,-0.17329833,-1.1243831,-0.50747436,0.6378002,-0.4203748,0.46166214,0.84132767,0.75585943,1.2390875,-0.28270078,-1.625146,0.25470605,0.77324843,0.85740775,0.07497667,-0.4967855,-0.6766201,0.023298636,0.13209686,0.8607812,-1.6906008,0.034698337,-0.21398076,0.28384274,0.30758357,0.6979838,-0.018344454,0.6700452,2.1679268,1.3520253,0.21334432,-0.75379646,-0.778788,0.75380623,0.693863,-1.1072522,-0.19707112,-1.1401815,1.3762152,1.1066461,0.14678016,0.7533246,-0.5244541,-1.64551,2.1497624,-0.3590773,0.14102426,0.92636,-1.0002134,0.47980437,-0.71550685,1.0099051,0.5199374,0.5914702,-0.86300313,1.0920312,1.0933073,0.438497,-0.18011296,-0.91342086,-0.4964971,0.5665637,0.018863846,-0.6927827,-0.10299184,0.08343027,-1.909591,-1.1322806,1.0994561,0.064864054,-0.79306525,-0.5171944,0.77789533,0.032954883,0.041279607,-0.5090206,-0.22177441,2.0371597,0.37536317,0.77097756,-0.56756586,-1.2406327,-0.35487023,0.67437863,0.6443477,0.91219854,-0.2538899,1.6895317,0.7259897,0.68087494,-0.6494044,0.2965837,0.55506265,-1.4634798,0.10893917,0.92982197,1.1372936,-0.13394073,-0.68909144,-0.66902983,-0.107525826,-1.9651778,-1.0882728,-0.14924768,0.95136386,-1.1817687,1.0268834,0.16070966,-0.48483086,0.1119905,0.6470926,0.3043007,0.29727602,-1.3438798,1.4451389,-0.74824476,-0.6326963,-0.2832132,-0.42850772,-1.1188744,-0.27322012,-0.26306134,-1.5313199,-1.5256982,-1.5883878,1.0143598,-0.32896274,-0.85672253,-0.81119967,-1.2630674,0.069220275,0.111547686,1.2357696,0.2073102,-0.6903678,-1.3513243,-0.35283387,-0.9132929,-0.4724602,-0.501461,1.5685073,-0.5004147,0.40603733,0.5762345,1.3177849,0.49364066,1.3764158,-1.1442654,-1.1762416,-0.026471222,-0.2467515,1.4649165,0.34725863,-1.0736837,-0.09146486,-0.21262689,0.9534489,0.4693314,-0.92091495,0.69613475,0.15535244,0.8427528,-0.43872637,1.9572865,0.5154016,-0.86000377,-0.6029159,-0.4371345,0.47555012,0.105786346,-1.087455,-0.68219435,-0.76170087,-0.48105446,-0.19776432,0.16765037,-1.1880656,-0.02903241,-0.048650045,1.126263,0.56264544,0.021866119,0.28639865,-1.5830053,0.39036697,0.9957218,0.10319708,0.31430426,0.21290939,-1.3196528,0.7963817,0.29606774,1.281674,-0.5700855,0.49017033,0.3267495,0.31397888,-0.82956284,0.6055492,-0.6546929,-1.8241428,-0.017592197,-0.089813024,-0.034807585,0.067242876,1.1441462,-0.5971645,0.009717619,-0.009117854,-1.0019075,-0.40884128,0.8004503,0.9576292,-0.054581057,1.0299299,-0.43171233,0.5350035,0.8996857,0.5452464,0.5918921,0.026404392,0.87166727,-0.66232336,1.6395782,1.4947609,1.115258,2.8125834,1.207868,-1.6906143,-1.6344773,0.20507857,-2.0656986,-0.87147284,0.35727897,-1.165304,0.9253009,-1.3317362,-1.0693048,1.4950241,0.35564175,0.18409987,-1.389207,-1.3914671,0.61564195,0.9103152,-0.14250441,0.34792727,-0.4921317,0.34885356,0.17670615,-0.65029943,1.0931053,0.65907466,-0.0039362013,1.6876218,-0.82162905,0.345951,0.64189625,0.0120489355,0.39524356,-0.2436655,-1.1373191,0.19607738,0.7780963,-0.31324014,-0.5138284,0.5220763,-0.23401709,0.88443613,-0.17663234,0.7516863,0.73835737,0.07143389,-0.41053396,-0.41717497,0.8012584,0.5535222,2.0329366,0.14512673,-1.4491934,-0.6592417,0.47254115,0.54613775,0.62009335,0.03266678,0.3969311,0.7053016,-0.4785021,0.99140847,-0.107672915,-0.69620657,0.64095455,0.40441146,-0.3846218,0.4605917,0.0866756,-0.3047832,-1.0946305,0.61143285,0.543773,-0.94770813,-1.4610517,-0.8358884,-1.1522572,0.124094605,-0.101933494,0.016014587,-0.98980266,-0.25171095,-1.467877,0.17387024,0.25574133,-1.5822262,-1.1572963,0.205542,-0.83118755,0.4810566,-0.23847303,-0.2006394,0.83839715,0.05964911,-1.6998022,0.8800063,-0.075305395,1.1571846,1.2007247,0.49229354,0.97089463,-0.8309711,0.7501334,-0.27584267,0.7082618,0.9406295,-1.7772655,0.524329,0.06661199,-0.813961,0.47008115,-1.5282552,-0.5876926,-0.13344467,-0.07113658,-0.5780231,-1.3671126,1.901714,-2.0129437,1.4239607,-1.2868564,-0.55335265,-0.4693222,-0.78756344,-1.1643801,1.161689,0.124390975,0.3357831,0.7174498,0.07231346,-0.26525503,0.7093464,0.20100002,1.1484644,-0.8784437,0.19267456,-0.761749,-1.5028132,0.44487756,0.9253643,-1.3676183,-1.4622782,-1.3908492,-0.5543891,0.8729063,0.123951234,0.20120278,1.2377219,-0.35716376,0.29627746,-0.8622726,-0.24658127,-0.056574486,-0.5188426,1.2320517,0.17022535,1.6861048,-0.9036522,-0.61806077,0.4173564,-1.2491633,-0.06749875,-0.70400095,1.6397307,0.5680562,0.014891023,0.521042,0.5906854,-0.4756421,-0.40653858,1.121617,-0.1623057,1.5237643,0.04758535,-0.1945282,1.9967858,0.097075395,0.68116236,-0.5460648,-0.40104517,1.9864514,-0.3767044,-0.09740436,-0.48244196,-0.35646883,-0.28797853,0.574219,0.4278857,0.021712486,-0.2828855,0.80370265,0.5137251,-0.86382353,-1.5216318,-0.35171694,0.46976346,1.012773,1.4511487,1.3707324,-0.075131066,-0.2066586,-1.4711461,-0.22872417,1.0685506,0.26384097,0.9678814,-1.2920418,-0.20208383,0.5295952,0.24126545,-0.3815237,-1.265181,1.439591,0.31891733,0.29637927,1.8902584,-0.9762745,-0.8967719,-0.5331845,0.39931908,0.050541688,-1.07717,-0.63985527,1.3499625,0.015400735,1.1345028,0.4734148,0.22521591,-0.1925791,0.25665537,0.8409479,0.43375668,-0.73791254,0.07894416,0.33100373,0.68834317,-0.9739233,-0.42327785,0.56382334,-2.174581,1.0702311,-0.33604836,0.14015064,0.020567697,-0.14123416,-0.28156847,-0.5127888,-0.4935735,-1.2561846,-1.0189264,0.08790815,-1.0858376,-1.2750891,1.3636302,1.3988187,-1.580335,-0.03973656,0.94711816,0.16793714,0.6828345,-0.18355528,-0.3784005,0.50559604,-0.498902,-0.09547931,-0.009875056,-1.0311463,-0.54063743,0.35095972,-1.2866853,-1.0856116,0.7421632,0.96805364,-2.02092,-0.6792609,-0.04057331,-0.23576912,1.285726,1.1264943,-0.23039642,-0.112902366,-0.36097223,-0.5699421,0.14485468,0.6670468,-0.50570154,-0.18469295,0.23453763,0.060306467,0.38423932,1.7998527,0.19088289,0.8813566,0.91626436,0.5828642,0.010566679,0.31584758,0.33414972,-0.57658494,0.37586537,-1.9625756,-0.5817485,1.7563868,-0.7569045,-0.7274601,-0.055086344,0.8666121,-0.6435654,0.1233958,-0.04176771,0.6136552,1.7498882,1.1562688,1.7132342,0.26585615,-0.35480264,-0.62745583,0.5402778,-1.311105,-0.95276546,0.7232207,0.73628795,1.893432,-0.31999356,-0.014594853,1.129987,-1.0088985,-1.4003887,0.19169454,0.26121822,-0.29444283,-0.028998327,0.2993364,-1.0451685,0.86563826,-1.7060554,-0.16901298,0.3015775,0.9298868,-0.39271307,0.47424212,0.6467845,0.52151096,-0.7741188,0.812438,1.1930764,0.98938644,-0.061376084,-1.152088,0.3567864,-0.35847026,-2.4341989,0.21850152,-0.75079733,-0.7449211,0.57493514,-0.4874217,-0.45904192,-0.52879196,-0.6241662,2.020804,-0.0405586,-0.8337824,0.9732448,-0.9200794,1.043361,0.5478133,-0.17297995,1.1527748,0.69575465,-1.51882,0.18630226,-1.2315754,0.7663432,-0.8651859,0.50729865,1.4061745,0.59419847,-0.69643486,0.80158585,-0.70093036,-0.3524588,0.07780351,0.9133088,-0.38006178,0.4221472,-1.8526976,1.010161,-0.9578611,-0.6133959,-0.63121367,0.26670092,-0.97941476,-0.47482595,-0.46614957,0.40414447,0.32046288,-1.0102316,0.7237154,1.652694,-0.8340049,-0.9950075,-0.20011401,0.45030633,-0.3391467,-0.057753444,2.2248797,0.500006,1.0160656,-1.3585516,-0.848176,0.4377183,0.03446839,-0.9931874,0.12446684,-0.31460065,0.38072532,0.13795125,-0.014124483,1.2475541,-1.0164055,-0.21938801,1.1528137,-0.679378,-0.46210712,0.42995405,-0.10365399,-1.3990492,-1.92225,0.62822664,0.745258,-0.54220045,0.4247675,0.5289008,1.3322275,0.69774276,-0.101000145,-0.43546718,0.8326355,1.0571619,0.37659398,-0.9812915,-1.2746336,0.7478899,1.1638209,-0.9241024,0.24552837,-0.41708088,-0.043828763,-1.583444,1.4546254,0.28316537,0.13815232,1.2248247,0.008246124,-0.15125895,0.44015685,0.11241953,0.007402809,-0.23517652,-0.7922142,0.07360276,-0.22067818,-0.1871002,0.1960031,-0.88936204,-0.03708273,0.21496387,0.7969155,-1.5547204,0.28938356,-0.702302,0.65387076,-0.19858535,0.29286584,-1.2155707,-0.4716599,-0.7085415,0.8991281,0.85351497,-0.28510755,-1.7276665,-0.22866149,1.6012955,0.9777589,-0.9018316,0.44181672,0.7206756,-0.66681254,-0.42939696,-1.0259374,-0.31959105,0.2924616,0.68015414,-0.55975175,1.5266325,-1.8128954,0.6039518,-0.24142317,-1.7793709,-0.60556686,0.40445113,-0.5881655,1.6979774,1.1675081,0.12070348,0.3482376,1.0636731,0.45592403,-0.41679907,-0.6390051,-1.7922182,0.6277486,1.4087989,0.50603694,-1.0854639,-0.040189266,0.60254365,-0.50212526,1.2549756,-0.536234,-1.0696318,-1.0767853,-0.2863184,-0.6237225,-0.037905127,-0.6938671,0.1843541,-1.2792206,0.40139455,-0.32218844,-0.6871942,0.23458633,-0.73184395,0.14583737,-0.41932935,1.1585236,0.42445174,0.24395557,0.15560748,-0.29655823,-0.58090717,-1.1378323,-1.2176371,1.1185576,-0.19870195,-0.12516701,0.69410443,0.59903955,1.7184372,0.34292513,-0.9325892,0.009476853,0.18166576,0.023525964,0.29887265,-0.940252,-0.11574088,-0.2403688,-0.07470937,0.67882025,-1.8905513,-0.6530754,-0.21918435,0.74545187,-0.27210099,0.8271615,0.8094371,0.35243112,1.7611812,0.38317138,0.07870345,1.0
エ,0.0749431177973747,0.5010326504707336,0.3710091114044189,-0.6560860276222229,-0.0393311083316803,0.1110338270664215,0.0859642401337623,0.0129492720589041,0.0309907756745815,-0.211056187748909,0.9358340501785278,0.1515482664108276,0.2768792510032654,-0.5607249140739441,0.5666325688362122,-0.4205234050750732,-0.0514361336827278,-0.409527987241745,0.0087934993207454,-0.2534026503562927,-0.662889838218689,-0.5673192143440247,-0.4004799723625183,0.3462963700294494,0.2720090448856354,-0.3106721639633178,-0.0153719121590256,0.1219049021601677,-0.0711736679077148,-0.1898295879364013,-0.5257799029350281,-0.5601031184196472,-0.0119114443659782,0.3211928606033325,-0.5740010142326355,0.2335926294326782,-0.0217736177146434,0.2182086557149887,0.381268709897995,-0.3959852457046509,0.1372956931591034,0.4798860251903534,-0.0752676799893379,-0.2060661315917968,-0.0997740179300308,0.5041969418525696,0.1902588605880737,0.2213988602161407,0.1714688241481781,0.0679966434836387,-0.4217140674591064,-0.0168467536568641,0.2043122053146362,-0.1903988867998123,0.0538444705307483,0.4335804581642151,0.0571286678314209,-0.5621520280838013,-0.0375801064074039,0.3367684483528137,-0.4257773756980896,-0.3871409296989441,-0.4007278382778168,0.4770677387714386,-0.31719970703125,-0.2118542194366455,-0.2097134888172149,0.0095695564523339,-0.440587431192398,0.0129947438836097,-0.3038898408412933,0.0424129404127597,-0.0943005010485649,-0.6754307746887207,0.8318064212799072,0.0375881008803844,0.4462927281856537,-0.6719961166381836,-0.1212290599942207,-0.1193667128682136,-0.5262832641601562,0.3429143130779266,-0.2234872728586197,-0.6913549304008484,-0.4837868809700012,0.3528997004032135,-0.6478340029716492,-0.7440022230148315,0.7960655689239502,-0.0685420781373977,0.0856943354010582,-0.0958595424890518,0.2736121714115143,0.4215126633644104,-0.1404181718826294,-0.0187079757452011,0.2700517773628235,0.0099487397819757,-0.0817176774144172,0.3633236289024353,-0.0221207719296216,-0.186085358262062,-0.0417227186262607,-0.0841543450951576,0.1982919126749038,-0.2140036225318908,-0.0435556881129741,0.1449015885591507,-0.0029432601295411,-0.0543723404407501,-0.1221221834421157,-0.7235029339790344,-0.2588759660720825,0.2878579795360565,0.1313011646270752,0.0211674720048904,-0.2963569760322571,0.8375142216682434,-0.4395132958889007,0.4824954271316528,0.0797572657465934,0.3578066527843475,-0.1532616764307022,-0.2701750993728637,-0.2237030118703842,0.574558675289154,-0.102646104991436,0.3830364048480987,0.1745470762252807,-0.5298358798027039,0.2133499234914779,-0.2185020595788955,-0.1887807995080948,0.4014162719249725,-0.0559132732450962,0.6713578701019287,0.2789525687694549,0.4715734720230102,0.3285359144210815,-0.7746561169624329,-0.0957909896969795,0.3114047646522522,0.2697217166423797,-0.3401710391044616,0.5627554059028625,-0.2159447371959686,0.2518156170845032,-0.0929246991872787,0.1412185430526733,0.3115687370300293,0.1791305094957351,1.2047104835510254,-0.2105723321437835,-0.1966185718774795,-0.2365557551383972,-0.051765888929367,-0.3071994185447693,0.1252636611461639,0.1052574664354324,0.4957506954669952,0.4416899681091308,-0.3907606899738312,0.0425344593822956,0.4740809500217438,-0.2821821570396423,0.6412449479103088,0.5071831941604614,0.0508637130260467,0.3439184427261352,0.6333444118499756,-0.0284297224134206,0.5089585781097412,-0.1086053624749183,-0.5634750723838806,-0.0309455096721649,0.7188382744789124,0.311085969209671,0.6358630657196045,0.6108752489089966,-0.8965632319450378,-0.1295465379953384,-0.1185513958334922,0.4232197403907776,-0.8145791888237,0.4032543897628784,-0.3262531161308288,0.0159038063138723,-0.214253544807434,0.1698854565620422,-0.1010085046291351,-0.698457658290863,-0.0076903025619685,0.1109161227941513,-0.1491693258285522,0.0695568621158599,-0.2233514934778213,-0.0167310871183872,-0.015342017635703,-0.4737337827682495,0.6624923944473267,-0.1559403836727142,0.2207432687282562,0.0569845475256443,-0.5219500660896301,-1.2316482067108154,-0.4402652084827423,0.1799165308475494,0.6104909181594849,0.1239572167396545,0.150706797838211,0.1248641982674598,0.5599746108055115,0.17961485683918,0.4113308787345886,0.8713894486427307,0.0085140224546194,-0.808025598526001,-0.4608233869075775,0.7838011384010315,-0.863122820854187,0.0805009827017784,0.1366147398948669,0.2772863805294037,0.1550791710615158,-0.7040775418281555,-0.0131914457306265,0.4275945723056793,-0.072159469127655,0.1844909191131591,0.793224573135376,-0.0839586034417152,-0.751721978187561,-1.2341216802597046,0.1730105280876159,-0.6860142946243286,0.2278774529695511,-0.5205190181732178,0.5394347906112671,-0.2303494960069656,0.7310740351676941,-0.1670832484960556,-0.0219035483896732,0.3549574315547943,-0.2393565475940704,-0.5964962244033813,0.2471265792846679,0.277322769165039,-0.6431230306625366,-0.8614026308059692,0.1485059857368469,-0.3955720067024231,-0.3469831049442291,0.5136789679527283,-0.1920532435178756,0.4309240579605102,0.2742425203323364,0.3554822504520416,0.2859397530555725,-0.1083761602640152,-0.1788811236619949,-0.4731722474098205,-0.5599711537361145,-0.2128765732049942,0.3954005241394043,0.357731431722641,0.4167017638683319,0.235432744026184,-0.5407547354698181,-0.7101407647132874,0.0172899886965751,0.2256495356559753,-0.8143934011459351,-0.1771579086780548,-0.4117016196250915,-0.3668525516986847,0.4502196907997131,-0.010294952429831,0.3205542862415313,-0.0579238422214984,0.6466991901397705,-0.3707708418369293,0.1495065540075302,-0.6712538599967957,-0.1695050746202469,0.0971602499485015,-0.1352232992649078,-0.5953330993652344,-0.5814643502235413,-0.6016782522201538,0.3324083983898163,0.27141934633255,0.1118214651942253,-0.450823575258255,0.162023589015007,-0.2617408037185669,0.1260527372360229,0.7692469954490662,-0.1068775355815887,0.0980919077992439,0.8634207248687744,0.2058811634778976,0.1528165489435196,0.1129610240459442,-0.2915551662445068,-0.0847493857145309,-0.6286470890045166,-0.3785236477851867,-0.3954266309738159,0.6105015277862549,-0.3894446492195129,-0.1456832438707351,1.0077064037322998,-0.1247380748391151,0.1983711421489715,0.8306106328964233,0.6311897039413452,-1.380234956741333,-0.0884410068392753,0.1388814002275467,-0.0937888920307159,-0.2333306223154068,0.3486403524875641,0.3726886212825775,0.0771161168813705,-0.1585301458835601,-0.2015129178762436,0.8199771046638489,0.6578356623649597,-0.3070632815361023,-0.4453116059303283,0.5956208109855652,0.1386835277080536,0.3188926875591278,0.0521704368293285,-0.1059231013059616,0.3507256507873535,-0.4518594443798065,0.2438142448663711,-0.4377323389053345,-0.2286379337310791,-0.1234437376260757,0.199282705783844,0.0153326885774731,0.3558323681354522,-0.1752387136220932,-0.1933534294366836,0.5626264810562134,0.920954167842865,0.3658363819122314,0.7407443523406982,-0.1070056408643722,-0.0405289568006992,0.2043249756097793,0.6213338971138,0.2409420162439346,0.1001663953065872,-0.5828248262405396,-0.2984749674797058,0.3780459463596344,-0.211902230978012,-0.4752582013607025,0.5304667949676514,0.1041564494371414,-0.2018498927354812,-0.477229505777359,0.7384042739868164,0.5590384006500244,-0.2059563547372818,0.6611539721488953,0.5554072856903076,0.6567457318305969,0.2722589671611786,-0.1388095766305923,-0.3048117458820343,-0.0825459584593772,-0.0733940079808235,-0.0752356722950935,0.1497256457805633,-0.3450393676757812,-0.2782748341560364,0.0019222253467887,0.0486252047121524,-0.4260407090187073,0.1734906882047653,-0.2195824682712555,-0.6376174688339233,-0.7793687582015991,-0.063861608505249,-0.5986669063568115,-0.4026835560798645,0.1535077095031738,0.3492183685302734,0.4964047968387604,-0.7464361190795898,-0.1271601021289825,0.251165896654129,-0.4921227097511291,-0.0871448442339897,0.3863778412342071,0.2233757823705673,-0.2901251018047333,0.3032810091972351,-0.3707574307918548,-0.4037947356700897,-0.5771791338920593,-0.044406022876501,-0.104837954044342,0.2173322588205337,0.4064656794071197,-0.2222395986318588,-0.0843929201364517,0.4954863786697387,-0.3509054481983185,-0.1521254926919937,-0.3213151395320892,-0.2467758059501648,-0.3823592960834503,-0.0004126716521568,0.2382006198167801,-0.0721666291356086,0.4457323253154754,0.12066450715065,0.2801474034786224,-0.2946795523166656,0.0558578930795192,-0.0915755033493042,-0.0672047361731529,-0.6947820782661438,1.043548822402954,-0.2698815464973449,0.6022354364395142,-0.1585612595081329,-0.1920691132545471,0.5223063826560974,0.1901698559522628,-0.3558352589607239,-0.0084017505869269,-0.0078360205516219,-0.7592402100563049,0.3996194899082184,0.1867904961109161,0.4296346008777618,-0.6996725797653198,0.2841742932796478,-0.0073746871203184,-0.3833093047142029,0.3453073799610138,0.0295856371521949,-0.0858638137578964,-0.176126018166542,0.2847397327423095,1.128198742866516,0.2592743933200836,0.5765736103057861,0.2231803685426712,0.0346827544271945,-0.2903764843940735,0.3834536373615265,0.5880371332168579,0.4451239109039306,-0.0262109413743019,0.0362952724099159,-0.5897907018661499,-0.1578114777803421,-0.2345291525125503,-0.1075652614235878,0.2756355404853821,-0.0312539003789424,0.4429961740970611,-0.2004246711730957,0.0638856515288353,-0.1451282352209091,-0.9031107425689696,0.1222156733274459,-0.1834559738636016,0.1905830055475235,0.6729186773300171,0.0866291671991348,-0.1776756793260574,0.6918963193893433,0.0155387427657842,0.2878796756267547,0.2941742241382599,-0.5048111081123352,-0.2961974442005157,0.0720140784978866,-0.2909269034862518,-0.0977205261588096,0.2293915599584579,0.3342984318733215,-0.4124390780925751,-0.684638261795044,0.3148770630359649,0.1597632616758346,-0.0436460860073566,-0.2034602612257003,0.176448568701744,-0.1126431450247764,-0.4202786982059479,-0.3832724690437317,-0.4151628315448761,-0.3104378879070282,0.1650653779506683,-1.2466304302215576,-0.2332406938076019,0.1884365230798721,-0.2688154578208923,-0.0736619308590889,0.4764087200164795,-0.3358447849750519,0.1452673226594925,0.2703050971031189,0.2237081676721573,-0.2590507268905639,0.0192719046026468,-0.0795586183667182,0.0360382497310638,-0.1438534706830978,0.817067563533783,0.1579559445381164,0.5941767692565918,0.3027631342411041,-0.7028121948242188,-0.5920444130897522,-0.4645710289478302,-0.7179806232452393,0.6742623448371887,0.2435949891805648,0.8040297627449036,-0.008918591775,-0.1653932631015777,-0.0711243376135826,0.4084788560867309,0.0711899250745773,0.060596790164709,0.1597693860530853,-0.2148708552122116,0.5213537216186523,-0.7979964017868042,-0.7235814332962036,0.6335520148277283,0.1019856408238411,-0.4841380715370178,0.1760994046926498,0.4590330421924591,0.1125073805451393,-0.3673014938831329,0.0359121635556221,0.0998397096991539,-0.3449825346469879,-0.1475851982831955,0.0724823996424675,0.337226003408432,0.2343750745058059,-0.284378707408905,-0.2747551798820495,0.8732015490531921,0.5530959367752075,0.3112063705921173,0.0513002574443817,0.0139406127855181,-0.0974974036216735,-0.3201525807380676,-0.0299951583147048,0.4052170515060425,0.5808098316192627,-0.0588267035782337,0.5734966397285461,0.3379321992397308,-0.4853165745735168,-0.1704242974519729,0.954895794391632,0.0769428685307502,0.4070640206336975,-0.3711090385913849,-0.2573497295379638,-0.7029648423194885,0.1889971941709518,-0.3051510155200958,0.0327525250613689,0.6434774994850159,0.399682879447937,0.3450816571712494,0.1136735007166862,0.1362553387880325,-0.0839655026793479,0.3553557097911834,0.2357159852981567,0.3322381377220154,-0.1449383348226547,0.177589938044548,0.3900604546070099,-0.3421905934810638,-0.4446595311164856,-0.1966626197099685,0.3757204711437225,0.7618974447250366,0.0669720694422721,-0.0896947532892227,-0.1943534165620803,-1.4250625371932983,0.0408629849553108,0.2390487492084503,-0.1056598871946334,0.6612232327461243,-0.3579338490962982,-0.0024675633758306,0.5101805329322815,0.7155277729034424,0.904975652694702,-0.3297808766365051,-0.7374759912490845,-0.150851309299469,-0.0983057022094726,-0.2111362665891647,0.3975003063678741,0.1607130616903305,0.3469347953796386,0.2551337778568268,0.019056286662817,-0.0540425591170787,0.6164014935493469,-0.0906426012516021,-0.1723643839359283,0.5014562606811523,0.208467498421669,-0.0607839860022068,0.0516667477786541,0.0861604735255241,-0.0767332762479782,-0.333077609539032,0.0226525943726301,-0.4775790572166443,-0.1980053484439849,-0.0786902010440826,-0.0766219198703765,0.2640433311462402,0.0717762410640716,-0.1749752908945083,-0.2701096832752228,-0.0458554662764072,0.2411010712385177,-0.5189756155014038,-0.4917986094951629,-0.1243263110518455,-0.0921150967478752,-0.1277189403772354,-0.3560868799686432,-0.8639858961105347,-0.74403977394104,-0.0318985469639301,0.0938406363129615,-0.6164048910140991,-0.4533934295177459,0.3096181154251098,0.3297369182109833,-0.1638644486665725,-1.0943195819854736,0.4664691388607025,0.0408923849463462,0.5658580660820007,-0.4973099529743194,0.1925394237041473,-0.2818112969398498,-0.0399208925664424,-0.6177926063537598,-0.3555668890476227,0.4475041925907135,-10.153399467468262,-0.3599840402603149,-0.7595536112785339,-0.6855631470680237,-0.2458588033914566,0.2240585684776306,1.2206475734710691,0.3808872699737549,-0.4861872792243957,0.0686450004577636,0.1692031621932983,0.2285959124565124,0.0912148728966713,0.6852289438247681,-0.3793286681175232,-0.3994357883930206,-0.1460523605346679,0.1557333469390869,-0.0443009510636329,0.1980044394731521,-0.2460727840662002,-0.1713671833276748,0.3375617563724518,0.2444052994251251,0.0044457670301198,-0.3166196942329407,-0.5726965069770813,-0.1580016314983368,-0.1992977410554886,-0.0791026130318641,-0.4226790964603424,0.2348426133394241,-0.2147015035152435,-0.1036305800080299,-0.292151540517807,-0.0128618264570832,-0.1198069527745246,0.0942057892680168,-0.8203505873680115,0.4572871029376983,0.3889889121055603,-0.1811655312776565,0.32080078125,0.0758871957659721,0.350387841463089,0.0100688440725207,0.8307955861091614,-0.1307865381240844,0.3256823122501373,-0.0503523461520671,0.3469188213348388,-0.5069632530212402,0.2867747247219085,-0.3743391335010528,-0.1176211014389991,-0.0606089197099208,0.8165594339370728,-0.8023248910903931,0.0516206808388233,0.102803461253643,0.0552830509841442,0.1893246471881866,0.6527770757675171,0.3593394458293915,-0.2308391034603119,0.0804167315363884,0.2592554092407226,0.0644260793924331,-0.4231237769126892,-0.2595343887805938,0.0551220141351223,0.1739334911108017,-0.1747120320796966,0.0012442307779565,-0.2372197359800338,0.4570473432540893,0.5787063241004944,0.4222153723239898,0.2878996431827545,0.0781440958380699,0.3834221065044403,-0.5836068987846375,0.3235379159450531,0.0089804455637931,-0.6085178852081299,0.2586498558521271,-0.2114227265119552,-0.0624385923147201,0.3221389055252075,-0.6665878295898438,0.635194718837738,-0.480550467967987,0.0325992666184902,0.278866171836853,0.6550256013870239,0.1526957303285598,-0.2973670959472656,0.0376310832798481,0.3147817552089691,0.097697764635086,-1.1129624,-0.40433046,0.68926126,0.91375333,-1.0566703,-0.5665751,-1.4653555,0.5869222,0.9187651,-0.28262657,0.8237555,-0.07460395,-1.6410646,2.0372286,-1.2003655,0.5160596,0.7113504,-0.37019208,0.3642001,-0.30990115,1.0200065,0.79144424,0.9014118,-0.8049211,0.9663069,0.68561953,0.33472994,-0.6023471,-0.6600464,-0.46866226,-0.28901717,-0.34943733,-0.4945358,-0.541802,-0.16765349,-1.3722681,-1.2423043,1.0571516,-0.2856932,-0.5494413,-1.224431,0.78002596,-0.7522587,0.7948485,-0.5832746,-0.37172446,1.6454972,-0.56539416,0.550844,-0.7119222,-0.24666564,-0.22140318,-0.13551567,0.8081005,0.5526502,-0.42218685,0.48506913,0.6997413,0.099923134,-0.21747792,0.80551404,1.0859807,-0.5604064,0.7850016,0.9155362,1.0452375,-0.14545776,-0.5913344,0.111614525,-0.20862268,-2.113048,-0.61430997,0.17388219,1.02633,-1.0599487,0.8671964,0.41328767,-0.60179156,-0.18757112,0.2322979,0.120680265,0.38109836,-0.71791214,1.4201003,-0.74308604,-0.41601825,-0.055986937,-0.54929084,-1.2121809,0.18825565,-0.18116148,-1.8260158,-1.1082388,-1.3043014,1.2150314,-0.4076643,-0.961726,-0.6590993,-1.6262736,0.15048932,-0.34586978,1.2932065,-0.20195507,0.18313657,-1.2446469,-0.72158,-0.83912563,-0.42927146,-0.12971605,0.708615,0.017977469,0.32088485,0.62451446,1.4629521,0.3883927,0.77694535,-0.6824942,-1.1644135,-0.8207171,0.3568801,1.2934133,-0.106174685,-1.0380392,0.74248433,0.121145464,1.4967138,0.1474818,-0.348227,0.8089877,-0.39061376,0.96109027,0.05817962,1.6804038,0.6785896,-0.76057893,-0.08525995,-0.5562848,0.42135584,0.34796873,-1.101731,-0.6420663,-0.31616375,-0.24283884,0.26534215,-0.2172593,-1.27138,0.71330017,0.8308105,1.4661775,-0.19729622,0.29517707,-0.26177865,-0.6957113,0.5288189,0.90648943,-0.2697981,0.05125154,-0.060959373,-0.68488127,1.3767718,-0.30136153,1.4522203,-0.8827612,0.4724699,0.46879184,0.42446244,-0.8372805,0.49818957,-0.90538,-2.2625608,-0.07126265,0.219532,0.45051694,-0.41118774,0.4466242,-0.11329875,0.497059,0.09592619,-1.1583943,0.24296935,0.08693614,0.75379556,-0.1794734,1.4358835,-0.74445516,0.48514616,0.5705908,0.72666925,0.14945248,-0.17543133,0.55765396,-0.84635967,0.44324628,0.7878563,1.4697422,2.6009252,0.6580186,-1.9199244,-1.6494179,0.29438338,-1.6487783,0.23789431,0.71742743,-0.4922532,1.7081556,-0.88255805,-1.5560023,2.034319,0.47615108,0.4408834,-1.4413592,-1.6121384,0.92685527,1.1025996,-0.46729383,-0.34913233,-0.93634516,0.50219375,-0.44496778,-0.03782315,0.8787951,0.8549619,0.32535815,1.6111313,-1.0241221,0.075136475,0.3927014,0.732577,-0.14137001,0.19747819,-1.295396,0.038897123,1.0451788,-0.19393767,-0.92349976,0.091307975,-0.3849884,0.2988676,-0.37782457,0.046360184,0.41281235,-0.65315634,-0.086080395,0.25085238,0.13492452,0.62441885,1.4849693,0.5966942,-1.9162151,-0.15303168,0.776103,0.76083773,0.42623222,0.12442657,0.74188614,0.36450648,-0.4243286,0.08586409,0.20589511,-0.39417934,-0.04080522,0.5826121,-0.40537366,0.7622799,0.42019558,-0.70721537,-1.1616498,0.38827398,0.03861418,-0.3534412,-0.86711407,-0.82138366,-0.8886021,0.6941059,0.11043525,0.30149943,-1.0778791,-0.55709654,-0.26964924,0.0036599934,0.33227208,-0.98454136,-0.23402588,0.05419443,-0.51403064,0.80876374,-0.691789,-0.21008408,1.1430308,0.8687423,-1.8798965,0.77766544,0.11637957,0.6200221,0.8827241,-0.051560074,1.5236651,-0.5689588,0.6110386,-1.0806607,0.71588093,1.0496922,-2.0844452,0.84496623,-0.30914056,-0.6576354,0.6199704,-1.2866155,-0.57862383,-0.32589695,0.3147054,0.07170197,-1.0459795,1.5344695,-1.1850318,1.0950395,-1.5575733,-0.49214098,-0.09146502,-0.50119376,-1.6448755,1.2165326,0.08856719,0.51804775,0.5985387,-0.7105522,-0.2649579,0.83029056,0.3791202,0.87390447,-0.7245624,0.8187639,-1.0864462,-1.2580703,0.5852468,0.910338,-0.83745366,-1.3476619,-1.392271,-0.17594056,0.7597063,-0.9007165,-0.2049613,0.8907617,-0.19797975,0.3924285,-1.2524024,-0.740715,0.32958567,-0.5594393,1.5085346,-0.1670544,1.7166353,-1.0803034,-0.106927164,0.46422184,-1.9106737,-0.16856544,-0.26972327,2.771244,0.6414134,0.16991828,0.66961503,0.53277045,-0.95252347,-0.6526466,0.7599983,0.15551539,1.5143262,0.30291215,-0.3395824,1.0646702,-0.19377398,0.6875859,-0.06508802,-0.77935296,1.8540794,-0.12059086,-0.1849799,-0.78431743,-0.42358434,-0.2198409,-0.32142177,-0.08834592,0.35893774,-0.04617038,0.7769955,1.1699287,-1.2925545,-0.78743005,-1.0410134,0.7293396,1.1154357,1.3247526,1.8451525,0.1428315,-0.5573359,-2.050289,0.37420622,1.4140228,-0.25850114,0.52406585,-1.4678634,-0.16125627,0.5863667,-0.23196332,-1.0010811,-1.5022017,1.6848227,0.6036597,0.22968978,1.897288,-0.7384982,-1.4056231,-0.46323797,0.78185064,0.38960728,-0.8573322,-0.4123938,0.67816067,-0.6964819,0.6428811,0.62579423,0.503238,0.31950983,0.22162585,0.68139267,0.4332191,-0.71192765,-0.8864252,-0.32719055,0.68726104,-1.5864558,-0.50589484,0.20016293,-2.0160801,0.9369561,-0.3091037,-0.20799458,-0.09184331,-0.46224466,-0.4947687,-0.9137358,-0.23505664,-0.7761683,-0.3165065,0.63676214,-0.92666537,-1.6593261,0.8679715,1.5661488,-1.4400802,0.3140119,0.25822905,-0.65655,0.58922243,-0.3066956,-0.3728937,0.46869946,-0.26270536,-0.026530683,0.011286854,-1.2692863,-0.40769425,0.10531791,-1.5668925,-1.007589,0.68949604,0.32895175,-1.249359,-0.20675951,-0.3571889,-0.54065484,0.44541502,0.6307131,-0.04379187,-0.17953904,0.012435637,0.09122908,0.24941646,1.0690185,0.107124805,-0.19720255,0.9662907,0.25409463,0.12271291,1.3813186,-0.13974753,0.07120881,1.0231689,0.58187443,-0.45048174,0.3810897,-0.22961111,-0.02416035,0.17036276,-1.836308,-1.2929283,2.3678648,-0.51406103,-1.6100159,-0.22513378,0.5553188,0.12110124,0.37640762,0.13553949,0.58405745,1.725578,0.84401965,1.1701425,-0.41678432,-0.81063265,-0.46109867,0.1857238,-1.1651524,-0.64009494,0.67999625,0.70378166,2.9050448,-0.8821966,-0.07002594,1.4080478,-1.0657071,-1.2662649,0.26980054,0.40207306,-0.44350544,-0.3614638,0.42228433,-0.9793642,-0.49630257,-1.8343321,-0.18811266,0.5125689,0.2849108,-0.5386024,0.037736088,0.49921027,0.6863158,-1.1970863,0.22682208,1.2349974,1.4623795,-0.47598615,-1.1093338,0.62203485,-0.63058835,-1.4243151,0.19323386,-0.39047047,-0.26825136,0.19230501,-0.33332315,0.2755769,-0.79681224,-0.27228382,1.4892006,0.3313142,-0.16947664,-0.2644338,-1.3867049,2.1356623,-0.89678305,-0.17785059,1.2485822,0.63331455,-1.4435855,-0.12923089,-1.0839245,0.5209642,-0.64580196,0.5378392,0.86044645,0.49659523,-0.5826528,1.3520781,0.19240952,-0.27797094,0.5916193,0.45378384,0.22562458,0.14311318,-1.8239421,0.8309181,-1.2579869,-0.9851227,0.3061461,0.3507949,-0.68120384,-0.011730395,-0.8304004,0.38479173,0.23340867,-1.1378666,0.84105134,2.0958264,-0.72110325,-1.0328957,1.194426,0.21994416,-0.11527566,-0.041953016,2.3147104,1.0787786,1.0732282,-0.7757811,-0.55612886,-0.11342374,-1.0346501,-0.5095808,-0.718791,-0.87846637,0.35685384,0.21275891,-0.26124927,0.6185718,-0.8383116,-0.040076125,1.2349182,-1.4317037,-0.5137839,0.44737014,-0.12948836,-1.1917719,-1.3492126,0.71939784,1.1307688,-0.25181362,0.16264676,0.726738,1.2049084,0.59701884,-0.43063498,-0.828763,0.48529756,0.9109618,0.8636098,-1.2016106,-1.2563123,1.2349192,1.5980029,-0.79101175,0.30426943,-0.55792433,-0.3434339,-1.4568516,0.9995226,0.19643758,-0.08256542,1.2168001,0.51491016,0.22021295,0.50173265,-0.16588874,-0.076130845,-0.2014206,-0.14180566,-0.024892017,-0.50629896,-1.115115,-0.34366074,-0.77255154,-0.23757829,-0.22936809,0.79714495,-1.277685,0.4671875,-0.27393112,0.2539053,0.16828276,0.15964864,-0.7410603,-0.17184745,-1.2169051,1.3545775,0.93622017,-0.19027418,-1.8518459,0.3777217,0.6835483,-0.036257897,-0.57129675,0.13247927,0.27257589,-1.2183467,0.20386738,-0.945108,-0.4971157,0.76631063,0.8764792,-0.88103503,0.880089,-1.737557,0.7594208,0.29625788,-0.9807563,0.20355053,-0.14540808,-0.47597584,2.016323,1.7021092,0.40598497,-0.027958235,0.86698085,1.2580036,-0.23209338,-0.68868643,-1.4021481,0.31208643,1.2874843,0.7427841,-1.4754695,0.29362014,0.50808156,-0.109111935,1.4070543,-0.6528442,-0.6164235,-0.8021338,0.18495823,-0.3930467,-0.24084978,-0.4935629,0.18430932,-1.3840604,0.14733537,-0.9436767,-0.386646,-0.18072504,-0.8909569,-0.091323465,0.28599784,1.1863377,0.9129074,1.0235163,0.79647523,-0.70325947,-0.116922855,-0.9057765,-0.73601097,0.7218414,-1.0284086,0.5897689,0.5928336,0.77992517,2.0726535,0.8787276,-1.06252,-0.039107442,-0.16337903,0.083806366,0.61654544,-0.66212034,0.049949337,0.16681033,0.6295515,0.101165414,-1.1966562,-0.07218928,-0.4779977,0.56544507,0.33519968,0.46656227,-0.35496294,0.5631137,1.443745,0.6307859,-0.17870258,-1.1322879,-0.53783685,0.56798613,0.87088805,-1.0676745,-0.75722337,-2.0287898,0.3621297,1.0021027,-0.42999414,0.61420673,0.12502784,-1.2262138,1.9389234,-0.9774788,-0.16263746,0.9688024,-0.92747426,0.4449618,-0.13584734,0.50753933,0.46913838,0.66072637,-0.8294177,0.8255506,1.1306806,0.34620157,-0.6220512,-0.1460631,-0.27830023,-0.25279668,-0.7813434,-1.1774509,-0.86218005,0.1390085,-0.89469427,-1.575235,1.972909,0.06255816,-0.38106108,-1.3384215,0.89416534,-0.084171526,-0.0019827858,-0.59328765,-0.01585194,1.6711936,-0.48324767,0.70012885,-0.7123943,-0.95381975,-0.10275912,0.1051079,1.0861036,0.1118471,-0.20082252,0.644045,0.8654633,0.12261344,-0.45619312,0.85374993,1.1943702,-0.59030294,-0.032624494,0.82557535,1.1264882,0.124530494,-0.1495762,0.18968125,0.48576865,-2.0152724,-1.0363616,0.009479958,1.8727511,-1.498691,0.70641357,-0.09672318,-0.6958143,0.32064074,0.54150206,0.19886334,0.098207034,-0.57995963,1.4742823,-0.4068186,-0.9063475,-0.34761986,-0.5490197,-1.2088683,0.31243125,-0.47134638,-1.628693,-1.6661105,-1.3565401,1.1975296,0.209938,-0.68705875,-0.10517188,-1.2727867,0.13566847,-0.2573438,1.1392235,0.34096465,0.46766737,-1.6590776,-0.6100314,-0.9310172,-0.4809889,-0.43582463,0.26774558,-0.27031,1.0309888,0.39851478,1.242313,0.6970081,0.41231403,-1.0359131,-0.9269313,-1.2437226,0.43776497,1.3675117,-0.3153647,-0.58953017,0.21007992,0.16651331,1.2174915,0.21407694,-0.6881351,0.9663808,0.13346489,1.1727585,-0.1728887,2.0974987,0.8967061,-0.7603979,-0.44881344,-0.13095212,0.8320449,0.6646469,-0.9222269,-0.89846045,-0.44854268,-0.16195007,-0.15721077,-0.24025638,-1.6178375,0.5221692,1.0681347,2.0707695,0.272552,-0.13400374,0.39741066,-1.2657356,0.54786587,1.3295887,-0.39210954,-0.08132198,0.4311217,-1.4780755,1.6500216,0.030412586,1.0474526,-0.8432534,0.33478346,-0.08152399,0.5039962,-0.33219653,0.43615866,-1.1702971,-2.6505826,-0.61541694,0.37367007,0.35047832,-0.27079502,0.5690237,-0.1921506,0.07925477,0.22825575,-0.79323316,0.080698706,0.52410585,0.64816946,-0.116008945,1.461645,-0.06366493,0.771444,0.753262,0.763694,0.53501314,-0.07836359,0.84411365,-0.65926504,1.3075732,0.858057,1.2583066,2.483015,0.3823265,-1.6321653,-1.3190366,1.1321725,-2.796871,-0.24787392,0.71139336,-0.8450667,1.1811968,-1.2991781,-0.7797391,2.037997,0.5144553,0.29288813,-1.9117085,-1.5908647,0.573425,0.7748599,-0.38061535,-0.12642856,-0.9909604,0.6481661,-1.1339886,-0.40562627,0.7758859,0.7976346,0.86111957,1.1482967,-0.87953776,0.8112607,0.10239595,0.2813758,0.17254652,0.8898322,-0.8960061,0.059593096,0.7775636,-0.3636719,-0.33010462,0.0060648597,-0.8937993,0.83235353,0.04340905,0.30711544,0.023247985,-0.8180118,0.517041,-0.10674584,0.44583142,0.94211745,1.8148702,0.76169735,-1.9317656,-0.5196667,0.4762005,0.6734622,0.7641144,0.18293075,1.196725,0.4680203,-0.8613572,0.19764285,-0.18470764,0.17746289,-0.31828192,0.45796728,0.04449876,0.8293939,0.38678768,-0.8066855,-1.0091981,-0.07003138,0.32957807,-0.19479533,-0.50068915,-0.4345639,-1.6859611,0.1487206,0.1441908,0.021821788,-0.79664755,-0.77697784,-0.32322437,0.34881422,0.64296275,-1.8715715,-0.6128829,0.110193886,-0.37053692,0.44784573,-0.31119034,0.43583965,0.39526248,0.5515534,-1.717961,1.1035786,-0.40944442,0.96449953,1.1135055,0.1019901,1.1111037,0.032354906,0.30997983,-0.8843853,0.21729974,0.39651144,-1.7143995,0.60100776,-0.6281482,-0.790701,1.1336685,-1.3734089,0.08800343,-1.1563226,0.5551763,-0.030621687,-1.2247169,1.8481501,-1.6454018,1.1465771,-1.6161275,-0.5531011,-0.122572094,-0.6197402,-1.8362727,1.0346805,0.14863749,0.3167566,0.069042146,0.0967803,0.31636694,0.54506767,0.18942268,1.0505086,-0.2402119,0.5668973,-1.4005648,-1.3578688,0.43900812,0.45184684,-0.9833741,-0.9731279,-1.6338273,-0.077575274,0.6619819,-0.5061925,-0.111238815,0.62081766,0.15810202,0.30390817,-1.348883,-0.70970535,0.36399695,-0.8597998,1.963643,-0.5881343,1.4885482,-1.1817747,-0.91912603,0.5660796,-1.4080399,-0.7505174,-0.4573934,2.1101635,1.2840396,0.42878103,-0.07094986,0.45469436,-0.89928174,-0.06786958,0.6984927,-0.313174,1.4819155,0.53910154,-0.5294253,1.8536967,-0.013154939,1.1026908,-0.6533878,-0.43192735,1.6163124,-0.43533817,-0.69143605,-0.6155565,-0.4690756,-0.3183469,0.39542022,0.3022379,-0.121117316,0.10113307,0.58416754,1.0606061,-0.89701015,-1.053016,-0.606036,0.77268434,1.3893648,1.3860797,1.8508731,-0.35124895,-0.38454607,-2.0347996,-0.16950738,0.9654865,0.037722576,0.5982185,-1.4121021,0.22733669,0.28210846,0.111249626,-1.6708546,-1.6550531,1.3269409,0.4016944,0.034371775,1.6982075,-0.7511971,-1.4762502,-0.64378226,0.5112428,-0.10942215,-0.95781404,-0.7834704,0.6268761,-0.5310178,1.1479005,0.77140766,1.0534123,0.31636867,0.00077910227,1.0964247,-0.11101244,-1.1195636,-0.20155425,-0.3010415,0.49542034,-1.4263326,-0.5551302,0.47609183,-2.0801818,0.8890548,-0.6531226,-0.4371432,-0.02575385,0.021801611,-0.6785359,-0.3311636,-0.13334905,-0.6566219,-0.8041765,0.64082277,-1.4553457,-1.5177428,1.1429588,0.9569114,-0.46937552,-0.047450703,0.249672,-0.32355368,0.6161074,-0.21766354,-0.42497444,0.19823729,-0.56251276,0.06349548,-0.35403052,-1.1714058,-0.61795247,0.42300093,-1.1434623,-1.2805369,0.75552756,0.70568734,-1.3297247,-0.46062902,0.014233355,-0.46490213,1.0572544,0.11986258,0.19080724,-0.10668286,-0.76394606,-0.108976394,0.08089097,0.5990433,0.18577552,-0.21556936,0.613923,-0.40358594,0.4447128,1.5062629,-0.07719314,1.0174216,1.423223,0.23500483,-0.17045085,0.6994292,-0.11606679,-0.2298819,1.401755,-1.6089772,-0.5612679,2.016165,-0.47201562,-0.9601756,-0.3927879,0.03212441,-0.2863199,0.32212684,0.12641494,0.8406783,1.1271166,1.0856124,1.7996546,-0.24667446,-0.18166287,-0.498909,0.28213894,-0.7573941,-0.91566783,0.5819246,0.82583183,2.3412282,-0.45582137,0.5772822,0.59826314,-1.2199954,-1.2301193,0.7535608,0.8776768,0.08892191,-0.95476013,0.26493827,-1.1789092,-0.119796276,-1.6726223,-0.066758044,0.72622806,0.46249962,-0.6696972,0.45633793,0.62955326,0.17235254,-1.497001,0.289783,0.8335872,1.1606292,0.08774457,-0.79954416,-0.047145624,-0.60452604,-1.3785664,-0.29947755,-0.3665273,-0.7762153,0.060726654,-0.3310608,-0.23552375,-0.7347979,-0.6875429,1.1806334,0.14520152,0.047923904,0.09737448,-1.162095,2.1046956,-0.7850229,-0.9109669,1.5206264,0.5415999,-1.5684274,0.38665378,-1.1581535,0.4627334,-0.87634486,0.029824207,1.0790591,0.33034012,-0.68290275,1.3734273,-0.4153606,-0.19751914,0.09002704,0.8380661,-0.18287319,0.25806573,-1.5443245,0.90907,-1.3262624,-0.86509776,0.42355475,0.7071607,-0.6781216,0.014770269,-0.57461154,0.5099025,0.35008273,-1.5056218,1.0410014,1.6785927,-0.3108361,-0.69247395,0.89165145,0.37873563,-0.6366753,0.036628753,2.0684626,0.5876551,0.66617256,-1.0507267,-0.5847629,-0.015527996,-0.39646137,-0.7185767,-0.38504764,-0.1994533,-0.18119656,0.82163644,-0.13879955,0.8872469,-0.52411884,0.13019636,0.9543855,-0.6423443,-0.64242965,-0.09182793,-0.53604174,-1.5413771,-1.2207072,0.62010354,0.7962305,-0.41639736,0.42815265,0.70814615,1.4510269,0.83404094,-0.5980916,-0.09311193,0.47198927,1.0089008,0.7965555,-1.1876401,-1.2295278,0.8387487,1.0098977,-0.96261245,0.4965366,-0.036899935,-0.28673562,-1.7708334,0.7811134,0.3231754,-0.11586567,1.1979529,0.48450598,0.37722743,0.9500509,-0.19972527,0.2570241,-0.024460072,-0.26954454,0.21045673,-0.39293328,-0.6004166,-0.42133895,-0.27347267,0.28567034,-0.12628566,1.1224995,-1.5496143,0.47554848,0.05762313,0.4240211,0.44924316,-0.59394664,-0.50793415,-0.518825,-0.6438253,1.7252827,1.0385237,-0.25703928,-0.9422653,0.58294725,0.9787752,0.44055322,-0.03719882,0.23210686,0.40797114,-1.3237901,-0.47549176,-0.91732436,-0.48138794,0.6482352,0.74253845,-0.7673316,1.4843432,-1.3703189,0.55217826,0.09369861,-1.2778999,0.09972119,-0.37526846,-0.55983275,1.9982376,1.7262591,0.7436474,0.2504345,0.840194,1.0811578,-0.38691857,-0.913112,-1.7296453,0.580653,0.94908667,0.5475214,-1.3420367,-0.08179101,1.0730026,0.010346398,1.0408324,-0.21914996,-0.4342718,-0.99129033,-0.14794545,-0.30677772,-0.38781276,-0.5931416,0.3799478,-1.6455283,0.42145738,-0.2992836,-0.4420681,0.7761461,-1.2263311,-0.16208392,0.2283817,1.1322721,0.6836181,0.6120112,0.40773514,-0.83629066,-0.21280415,-1.3901576,-0.7872793,0.4108045,-1.1253272,0.04359068,-0.033682186,0.57392234,2.3372657,0.33015653,-0.4914495,0.03115648,-0.41178706,0.060486913,-0.13606414,-1.0162057,-0.35566416,0.284573,0.24836285,-0.15795879,-1.1395577,-0.30039993,-0.3559358,0.3588483,0.25028062,0.03914401,-0.030990208,0.7751341,1.9027704,0.5802614,0.199327,0.0
キョ,0.8759456872940063,0.4157957136631012,0.9244328141212464,-0.4835715293884277,-0.0045398161746561,0.5673860907554626,0.4342462718486786,0.3174804747104645,-0.2944530248641968,-0.6367990970611572,0.5697686672210693,-0.3115988075733185,-0.1510149538516998,0.2304359376430511,0.2524037957191467,-0.258920282125473,-0.3704569637775421,-0.1273204982280731,-0.0231399685144424,-0.2853202819824219,-0.9966797232627868,-0.5978578925132751,-0.271330714225769,0.6706302762031555,0.2646209299564361,-0.4087807536125183,-0.018082121387124,-0.0928566381335258,0.4835939407348633,-0.4197523593902588,-0.2839683890342712,0.0994223356246948,0.019601996988058,-0.1787850260734558,-0.3867320418357849,0.5910971164703369,-0.1689406931400299,-0.4857843518257141,0.6043901443481445,0.2086497098207473,-0.1651001721620559,-0.1880198568105697,-0.277326226234436,-0.0868047475814819,-0.1713787019252777,0.082268476486206,-0.0879976749420166,0.1291313767433166,0.0212342403829097,-0.100271500647068,-0.3875104188919067,0.2695914208889007,0.6738008260726929,0.149078831076622,0.1707657873630523,-0.3413050174713135,0.4317224621772766,-0.693915069103241,0.1986448466777801,0.185372844338417,-0.4318389296531677,-0.0620738491415977,0.3624405860900879,-0.1119188517332077,-0.423092782497406,0.1699061542749405,0.1850430220365524,0.072274126112461,0.3973865807056427,-0.388273149728775,0.3057058155536651,-0.0504081286489963,-0.2034802883863449,-0.7468120455741882,0.0088819442316889,-0.3233579993247986,0.1755892187356948,0.3886110186576843,0.2917398512363434,0.4494746327400207,-0.3619393408298492,0.3099045157432556,0.2031775116920471,-0.2766614854335785,-0.2648632526397705,0.3398108184337616,-0.6547836065292358,-0.6716881990432739,0.8682942986488342,-0.1127896755933761,0.3709228038787842,-0.1876883804798126,0.2582094967365265,0.0880009606480598,0.0769418999552726,0.0531917102634906,0.0920917317271232,0.145808145403862,-0.3426968455314636,0.5138287544250488,-0.3254767656326294,0.1372456103563308,0.5740604400634766,-0.4150264263153076,-0.4043793976306915,-0.2995046973228454,-0.3702268004417419,0.0965814962983131,0.4140600264072418,-0.0957316160202026,-0.2385901510715484,-0.6402365565299988,-0.5271127223968506,-0.4312516450881958,0.3541779220104217,-0.0104219960048794,-0.0547742582857608,0.5277268290519714,-0.4305530488491058,0.2377158403396606,-0.0333565846085548,0.5792853236198425,-0.2020506709814071,-0.2090137600898742,-0.4503534734249115,0.2429563254117965,0.3690241873264313,0.003629621816799,-0.1267431229352951,-0.3684240877628326,-0.2649739384651184,-0.3359390199184418,-0.2218396812677383,0.1416081637144088,-0.26612588763237,0.4207793176174164,0.0855486914515495,0.0155137432739138,0.1785111427307129,-0.72135990858078,-0.4985129535198211,-0.027480250224471,0.2389827072620391,-0.6577634811401367,0.067560538649559,0.0340112969279289,-0.1494323015213012,-0.4703876376152038,0.404484212398529,0.151447981595993,0.0119257494807243,1.369312405586243,-0.8866468667984009,0.2455824166536331,0.1105982512235641,0.4136867523193359,-0.342012882232666,0.1295695304870605,0.101190261542797,0.2035446763038635,0.4622483849525451,-0.3485962450504303,-0.0996825397014617,0.7292394042015076,0.0929803997278213,0.2179120332002639,-0.1320090144872665,-0.7090350985527039,0.126394584774971,0.3533026576042175,0.9840547442436218,0.7946867942810059,0.3758212327957153,0.0045274556614458,-0.0077416622079908,0.242251455783844,0.7433203458786011,0.4360068440437317,0.2243726104497909,-0.5362787842750549,0.1333751231431961,0.2697817981243133,0.2002599239349365,-0.4209190607070923,0.7997463941574097,0.0667998194694519,-0.1338187307119369,-0.4251575767993927,-0.4557782709598541,0.3571068048477173,-0.2324257791042328,-0.4303871691226959,0.4317675828933716,-0.2273706793785095,-0.2608132064342499,-0.2374564111232757,0.1530453860759735,-0.1792150735855102,-0.2612172067165375,0.2980602979660034,0.0344501584768295,0.0984495058655738,0.2098814696073532,-0.6446393728256226,-0.8308026194572449,-0.0332130119204521,0.4633403718471527,0.6896864175796509,0.231106624007225,0.2875463962554931,-0.2939187288284302,0.067443735897541,0.3615173101425171,0.0182873606681823,0.6226567625999451,-0.0406621806323528,-0.570437490940094,-0.4069995880126953,0.1974363774061203,0.1977905035018921,0.2633452713489532,-0.1835072487592697,0.0520017184317112,0.0822525173425674,0.1830381602048874,0.4684895575046539,-0.0153788849711418,-0.1403775662183761,-0.532311201095581,0.4944563508033752,-0.4347760677337646,-0.6304106116294861,-0.3973303139209747,0.1284509897232055,-0.7221725583076477,-0.2801285684108734,-0.4319419264793396,0.1671292036771774,-0.0793367326259613,0.2318795174360275,-0.1731744557619094,-0.5623074769973755,0.133124366402626,-0.4158988296985626,-0.3406799137592315,0.1687603294849395,0.0488888286054134,-0.2728461027145386,-0.1462538093328476,-0.1822946816682815,-0.7024312019348145,-0.1914298087358474,-0.0482944622635841,0.0173149798065423,0.4660777449607849,0.2919055819511413,0.1915539652109146,-0.6557428240776062,0.2549204230308532,-0.524838924407959,-0.440225213766098,-0.9206124544143676,-0.3473186790943146,-0.1803584694862365,-0.1293045878410339,-0.1289513111114502,0.0508761815726757,-0.4039838314056396,-0.6247820854187012,-0.5844055414199829,0.3448041081428528,-0.4064339995384216,0.1025793999433517,0.1644900143146515,0.0733206793665885,-0.0785514861345291,-0.3928279876708984,0.5092960596084595,-0.0477860793471336,0.0229745488613843,-0.4440578520298004,0.4153661429882049,-0.5291070342063904,-0.199550524353981,-0.172337606549263,0.2519887685775757,-0.7065525054931641,-0.1241655573248863,-0.3006264269351959,0.0603334754705429,0.2064488679170608,-0.4913211762905121,-0.1584736704826355,-0.0928027927875518,-0.4062227606773376,0.1045959442853927,0.8142741322517395,-0.4357195496559143,0.6559721231460571,0.0707478523254394,0.5362728834152222,0.525139331817627,0.6559120416641235,-0.1313740611076355,0.1383413076400756,-0.3186660408973694,0.3232978880405426,0.3059249520301819,0.7841243147850037,0.0326875112950801,0.1269756257534027,0.7385280728340149,-0.57732093334198,0.278611809015274,0.4822942018508911,0.3878599405288696,-1.677745699882507,-0.1178763657808303,0.139243945479393,0.1654627323150634,-0.2623447179794311,0.3587401807308197,0.5082436203956604,0.3098588585853576,-0.3985212743282318,-0.6724690198898315,0.9321747422218324,0.016666842624545,-0.0521126985549926,-0.0486510135233402,0.306575059890747,0.0692556127905845,-0.2224597781896591,-0.4690192341804504,0.5238770246505737,0.4828768074512481,-0.3626849055290222,-0.3410038650035858,0.0337722860276699,-0.4787406325340271,-0.2696332633495331,0.4731738269329071,-0.6232761144638062,-0.1217508092522621,-0.8240082859992981,-0.0393726639449596,0.436101347208023,1.098517894744873,0.627396285533905,0.2731762230396271,-0.7375924587249756,-0.3220946490764618,-0.0926450714468956,0.0837971642613411,0.0727641507983207,-0.2247261255979538,0.0897702723741531,-0.2739153206348419,0.1408526748418808,0.0419764034450054,0.1461197137832641,-0.499275267124176,-0.4547713696956634,0.309788316488266,-0.3672959804534912,0.2094923704862594,0.3707751333713531,-0.044508796185255,-0.0964245349168777,0.205513447523117,0.6328099966049194,0.304338276386261,-0.0585865043103694,-0.0476499907672405,-0.1645220220088958,-0.2368455827236175,-0.012808172032237,-0.3529826402664184,-0.0183031298220157,0.7896149754524231,-0.1916263401508331,0.2021805793046951,0.3412756621837616,-0.1999145895242691,0.0913660526275634,-0.5356276631355286,-0.2978498339653015,-0.2273650765419006,-0.3878010213375091,0.0367160700261592,0.4450385570526123,-0.0104240868240594,0.4221744537353515,-0.2769747674465179,-0.5228769779205322,0.0610870383679866,-0.0645220726728439,0.4403955638408661,-0.0869806110858917,0.1182640716433525,-0.2623773217201233,-0.1419583559036255,-0.3352062404155731,-0.3467242419719696,-0.5409356951713562,-0.1906488090753555,-0.4083706736564636,-0.0728848055005073,0.2215713858604431,0.608720600605011,-0.1717905700206756,-0.0620645321905612,-0.1478020399808883,-0.0278429985046386,-0.424203872680664,-0.5566779375076294,-0.2809715270996094,0.5529479384422302,-0.1461942493915558,0.6576440930366516,0.300331711769104,0.2963898181915283,0.1373483389616012,-0.1100977733731269,0.2758299708366394,0.0169763769954442,-0.3294695615768432,-0.3737733364105224,0.4450100064277649,-0.5776729583740234,-0.4946809113025665,-0.0515669845044612,0.1851873844861984,0.7171813249588013,-0.2251340001821518,-0.8052788376808167,0.3820004165172577,0.3371781706809997,-0.3377130031585693,0.2708962857723236,0.6758413314819336,0.6374890208244324,0.0216339509934186,0.3705351650714874,-0.2902989089488983,0.0454262420535087,-0.1478102505207061,-0.4583754539489746,0.1017065718770027,0.0331236496567726,0.5352149605751038,0.1626476049423217,0.1907162368297577,0.1891993284225464,0.6806307435035706,0.3514258563518524,-0.4505843222141266,0.406663566827774,0.3208044469356537,-0.0550651438534259,-0.153700366616249,0.8595095872879028,-0.3398440182209015,0.2682290971279144,0.1767812073230743,0.1024009808897972,0.612004280090332,0.1814756840467453,0.2189686000347137,-0.3887369334697723,-0.465878278017044,-0.4746978878974914,-0.7438084483146667,-0.174430251121521,-0.5742157101631165,-0.0652142539620399,0.5451429486274719,0.0150686036795377,-0.0168401300907135,0.1836707890033722,0.0905715972185134,0.387065052986145,-0.094232752919197,-0.3819450438022613,-0.2010646015405655,0.1588889509439468,-0.3628496527671814,-0.2303742468357086,0.26984703540802,0.166893795132637,-0.405825138092041,-0.727333128452301,0.0653449445962905,0.223458707332611,0.0280953645706176,-0.42253178358078,0.4637078642845154,0.06092319637537,-0.8247402310371399,0.1765583455562591,-0.2242495268583297,-0.6946139931678772,-0.6573011875152588,-0.5567549467086792,-0.2774995863437652,-0.2463176399469375,-0.4559732675552368,0.8203308582305908,0.5560205578804016,-0.4077451825141907,0.2831498086452484,0.575013279914856,0.1730943918228149,-0.2541362047195434,-0.3058022856712341,-0.2703874111175537,-0.4784375429153442,-0.8565544486045837,-0.1376793533563614,-0.0204368345439434,-0.0392448864877224,0.1109177619218826,-0.8248292207717896,-0.5578506588935852,0.0099030816927552,-0.9573699235916138,0.2948033213615417,0.1340489685535431,0.3690837323665619,-0.7068811058998108,-0.0814168155193328,-0.1244370192289352,-0.011057429946959,-0.3787171840667724,0.2210530787706375,0.0329957641661167,-1.3156087398529053,-0.0922003015875816,0.1984715908765792,-0.5610090494155884,0.9665053486824036,0.0117269735783338,-0.2983603775501251,0.190329298377037,0.7091675996780396,0.4346899688243866,-0.0425784215331077,0.2293127030134201,-0.3842101097106933,0.2905714511871338,0.2153599858283996,-0.2791002094745636,0.2540390491485595,0.2031930387020111,-0.3390441834926605,0.1849946975708007,0.3526607155799866,0.1554640978574752,0.4284189939498901,0.4378254115581512,-0.0398136191070079,-0.4979884624481201,-0.5049128532409668,0.0335297733545303,-0.3087724447250366,0.3546965420246124,-0.2532785832881927,0.5472904443740845,0.713474690914154,-0.2323958724737167,0.1939265429973602,1.0905338525772097,0.2523899376392364,0.5792874097824097,0.1661583334207534,0.0513818226754665,-0.6187041997909546,0.0354455970227718,0.583000659942627,0.1434465497732162,-0.1628398448228836,0.2807357907295227,0.1733538061380386,-0.5031440258026123,0.2715227901935577,0.1271207481622696,0.0896537601947784,0.4401858150959015,0.3540490567684173,-0.097337320446968,0.9968157410621644,0.7156144380569458,-0.3099729120731354,0.2034058719873428,0.2067984640598297,0.7633854150772095,1.0129506587982178,-0.0817221999168396,0.5944330096244812,-0.3763559758663177,-0.9108102917671204,0.3018783926963806,0.3530119657516479,0.0776029899716377,0.7509232759475708,-0.4619966447353363,-0.8037180304527283,0.965849757194519,0.4564906358718872,-0.0226561799645423,-0.3390543162822723,-0.640906035900116,0.3502645194530487,-0.0826873406767845,-0.3057213425636291,0.0385227240622043,0.1433396339416504,0.435452401638031,0.072689451277256,-0.3246274292469024,0.1339141428470611,0.813884437084198,0.1300544440746307,-0.077264554798603,0.3715584576129913,0.01681524887681,0.098903976380825,0.1490438729524612,0.5170320272445679,0.1352041363716125,-0.4631146788597107,0.4679256677627563,-0.6388859152793884,-0.1178978607058525,-0.2938905656337738,0.1203133463859558,-0.2834468185901642,0.09710094332695,0.1016264259815216,-0.737055242061615,0.4746454656124115,-0.0215223748236894,-0.4696453511714935,-0.3533841371536255,0.3148214519023895,0.1071923598647117,-0.3876218199729919,0.0065293172374367,-0.5804350972175598,-0.4476765692234039,-0.3072144985198974,0.0092269768938422,-0.5882058143615723,-0.4041562974452972,0.5916618704795837,0.1866530627012252,-0.0900726243853569,-1.2430927753448486,0.5876065492630005,0.6276825666427612,0.0562655143439769,0.0125397508963942,0.4315303266048431,-0.0939018353819847,-0.0401463918387889,-0.2746163308620453,-0.342634916305542,-0.0364837013185024,-10.130842208862305,0.2049103826284408,-0.0862667933106422,-0.477857232093811,-0.4768100082874298,-0.0491936132311821,0.8381507992744446,1.190908432006836,-0.1561955064535141,0.7973371148109436,-0.0659063905477523,-0.2025437653064727,0.4078554213047027,0.3649089932441711,-0.1290006935596466,-0.1826185882091522,-0.629985511302948,0.0928682163357734,-0.3856737017631531,-0.3098293244838714,-0.1716592460870742,-0.0017043418483808,0.599328875541687,0.1321641355752945,0.3951129913330078,-0.3547389507293701,-0.351550430059433,0.4560075402259826,0.3696353435516357,0.4594548344612121,-0.9000565409660339,0.1001803129911422,-0.1903204321861267,0.1287654489278793,-0.280252069234848,0.0029488839209079,0.1475491970777511,0.6946946382522583,-0.2605940401554107,0.6734194755554199,0.2561722099781036,0.8597815036773682,0.3949961364269256,0.3463058769702911,0.280089795589447,0.0154359471052885,-0.0691078081727027,0.2142900973558426,0.5888736248016357,-0.0241250433027744,-0.2478099912405014,-0.309462696313858,0.2978163957595825,-0.3495610654354095,0.3014202117919922,0.3328211605548858,0.266515165567398,-1.316026210784912,0.3997095227241516,0.2194478213787078,0.0627566874027252,0.6630421876907349,0.6751372814178467,0.8735912442207336,-0.5742348432540894,0.7164314985275269,-0.1735329329967498,-0.0015013702213764,-0.8020880818367004,-0.2494816184043884,0.2472780048847198,0.2171205431222915,0.2553575038909912,0.2465838640928268,0.0012440182035788,0.5553452372550964,0.0084444181993603,0.0419221296906471,0.3284226059913635,0.0353939719498157,0.1372226476669311,-0.1391077190637588,0.2340445965528488,0.4202269911766052,-0.5427939295768738,-0.0290867909789085,0.0341162346303463,-0.544653058052063,0.220074862241745,-0.3408944606781006,0.4982169270515442,0.0740162283182144,-0.5882899165153503,0.5178324580192566,0.2108308374881744,-0.4083361029624939,-0.1839754581451416,0.0829071626067161,0.1570788472890854,-0.2287850975990295,-1.0822197,-0.81657207,1.058492,1.07131,-1.0162486,-0.49736562,-1.4179438,0.88662815,1.1562216,-0.33961987,0.09140295,0.0593399,-0.9612619,2.0729992,-1.0033818,0.26158053,0.63170034,-0.7192315,0.07887459,0.03151845,0.46667543,0.6134838,0.8859056,-1.003526,0.9503905,0.6442894,0.82113904,-0.21452872,-0.6686827,-0.63056195,-0.080857694,-0.64108723,-1.3430078,-0.80363905,0.111357704,-1.3666197,-1.4780724,1.6301327,-0.08762455,-0.42623386,-0.53353393,0.8610824,-0.13109557,-0.04071932,-0.67491436,0.3288923,1.5849947,-0.42598853,0.7438542,-0.48781762,-0.81003773,-0.68880516,0.8638256,1.0457575,0.418254,-0.28932098,1.1959734,0.75699127,0.052187633,-0.2644404,-0.0051192,1.2300653,-0.8503725,-0.035796355,0.29564196,0.98812115,-0.15904298,-0.19351189,-0.3303041,-0.021956617,-2.1993735,-1.2975724,-0.16253343,1.3070171,-1.5430557,0.79182696,0.079023935,-0.519124,0.3013336,0.10173373,0.31448883,-0.09563196,-1.0258552,1.3490218,-0.8000784,-1.0705159,-0.24981265,-0.32852733,-1.0251962,-0.48402637,-0.57632005,-1.8969692,-1.1018398,-1.2377108,1.1465861,0.46870375,-0.86463374,-0.98862636,-1.3246534,-0.0778137,0.41135225,1.3114963,0.082278475,-0.23145053,-0.73496807,-0.16890094,-0.89877474,-0.5626608,-0.6668614,0.6213269,-0.09724589,0.4891843,0.7172968,1.4017825,0.61313397,0.79841757,-1.1892031,-0.7776831,-0.6985837,0.52419245,0.90131605,0.2058318,-0.81171894,0.39127773,0.066203736,0.9206546,-0.10220508,-0.9929659,0.54613405,0.07586384,0.83633775,-0.19401076,2.1773572,0.67016727,-1.031228,-0.79481137,0.07693008,0.37935376,0.4762246,-1.2065918,-0.55783653,0.21974735,-0.13327418,-0.33744007,0.3025127,-1.1629324,0.08755458,0.6288502,1.719265,0.10311667,-0.15035985,-0.037506223,-1.5327212,0.7832139,1.0814022,-0.43800688,0.10932356,0.4278818,-1.2746316,1.1784643,-0.2674057,1.0409713,-0.9305571,0.40783706,-0.30859187,0.7944714,-0.56943184,0.65653884,-0.87776077,-2.2033083,-0.36418515,0.11170868,0.30806223,-0.29161233,0.86496687,-0.44472805,0.41431302,0.4560995,-1.0674359,-0.43308192,1.0384729,1.2486622,0.08563979,1.4138758,-0.33158842,0.43607968,0.8136616,0.4128518,0.601968,0.046967056,1.0540735,-0.4332903,1.0104661,0.80704147,0.93959695,2.664815,0.7223277,-1.813036,-1.2585882,1.0176618,-2.4108505,-0.48759985,0.9947208,-0.94984883,1.0545722,-1.1204021,-0.8593607,2.110211,0.5871189,-0.034399036,-0.92037666,-1.3432872,1.0563104,0.82788354,-0.634568,-0.009684855,-0.84634256,0.27882013,-0.6015773,-0.71816826,0.63606185,0.6719042,0.59276617,0.8483904,-0.9921056,0.5504025,0.47238374,-0.071035266,0.24979396,0.92118055,-0.46755987,0.5411092,0.4918394,-0.31218863,-0.5485568,0.32118908,-0.44719663,0.91573936,-0.48014936,0.62805927,0.5678855,-0.8761551,0.38208133,-0.09375696,0.6523184,0.741607,1.302424,-0.045254163,-1.7262255,-0.1759487,0.24869354,1.0523893,-0.010075402,0.20901866,0.55595964,1.0476514,-0.4560531,0.09587866,-0.5258959,-0.54475594,0.050025247,0.3971748,0.21171853,0.32497397,0.5344122,-0.5969245,-0.45566568,0.43895298,0.061352063,-0.88009274,-0.7707429,-0.74058807,-1.206032,0.17500675,0.44489494,0.26074722,-0.4933246,-1.2053239,-0.9163631,0.75672567,0.3541295,-1.718242,-0.2757746,-0.30005866,-0.33890402,0.33784527,-0.12017439,-0.14968428,0.4189082,0.40102538,-1.3182342,0.8793907,0.001303792,0.69418365,1.2677563,0.08343489,1.2092781,-0.7123969,0.0764401,-1.0470322,0.6527413,0.6264218,-1.6787798,0.6321294,-0.48737234,-0.24682565,0.8163983,-1.6283478,-0.39856395,-1.204157,-0.009697278,-0.26792043,-1.8271341,2.0873864,-2.1498601,1.9016966,-1.4335912,-0.41841775,-0.6953526,-0.5597501,-1.2787095,0.7149403,0.37770855,-0.10915832,0.60170305,0.030363252,0.6016146,0.30752572,0.28735843,1.025945,0.14412248,0.39664173,-0.83599013,-1.3372062,0.072655044,0.911343,-0.89459974,-1.3125836,-1.0841987,-0.4320272,0.2758664,-0.5984257,-0.41266513,0.8201289,-0.032343015,0.5904355,-0.9688509,-0.3273504,0.044971608,-0.89628017,1.6631123,0.01415143,1.3856901,-0.9229132,-0.4923261,0.8165816,-1.4981079,-0.26002628,-0.12759052,1.8285602,0.36783597,0.53341496,0.49338788,0.3306821,-0.35105267,-0.24853182,0.7353237,-0.11189852,1.7015879,0.44426432,-0.50655645,1.4394783,0.08738473,0.5810054,-0.47934738,-0.10078885,1.8167044,-0.14196932,-0.6724841,-0.31249717,-0.024327457,-0.15208241,0.12451403,0.5323979,0.0012279153,-0.05258434,0.46788687,0.73989284,-0.6280281,-1.195568,-0.69740593,0.64728373,1.5916271,1.470453,1.5625184,0.007194966,-0.883407,-1.6729481,0.3569227,1.2336084,0.6689872,-0.0073456527,-1.5744286,0.7162073,0.5355359,-0.030503642,-1.1913879,-1.6419513,1.3609853,0.097416274,0.4784556,1.5857328,-1.1940237,-1.3362567,-0.42072225,0.36422554,-0.13231248,-1.0918826,-0.81063986,0.6164603,-0.20339136,1.275913,0.7485615,0.6645415,0.0072770626,-0.44561815,0.24694857,0.15812728,-0.88574857,-0.329893,-0.17460015,0.5329403,-1.202167,-0.59846175,0.8134805,-1.9086739,1.168203,-0.3746124,0.11173669,-0.15889443,-0.18428169,-0.5004726,-0.028562754,0.12232013,-0.83080673,-0.46230072,0.41161793,-1.4198197,-1.6048142,1.3154976,1.3848102,-0.7819518,0.69039524,0.21157877,-0.03151881,0.39229113,-0.07842201,-0.2362688,0.20818348,-0.46233344,0.23069778,-0.57850957,-1.0819193,-0.5298376,0.44714254,-1.3510903,-1.3216069,1.0525601,0.7588033,-1.5018319,-1.084937,-0.14072081,-0.59091496,0.5204626,0.66227245,0.2514128,-0.34397084,-0.5921923,-0.29554448,-0.2629463,0.26587734,0.1380835,-0.14334497,0.19458182,-0.3851587,0.32137832,1.6554123,0.1349211,1.2868955,1.3231666,0.28503913,-0.5646766,0.30776492,-0.53338623,-0.4738489,0.9687235,-1.2393993,-0.6282445,1.1865662,-0.35647398,-1.0120528,-0.15346569,0.4975678,-0.47865495,-0.120318756,0.15110706,0.69720715,1.541681,0.8761223,1.7809881,-0.19845684,-0.31635273,-0.5457844,0.51711154,-1.0900612,-0.84042424,0.3238117,0.622771,2.0839791,-0.2722434,0.45994282,0.5318394,-0.9904494,-1.0680355,0.27043656,0.80556405,-0.4206763,-0.44130054,0.30978674,-1.0948359,0.121219695,-1.9478691,-0.44007188,0.64861214,1.0144764,-0.42606583,-0.065872334,0.5439252,-0.013666782,-0.8017623,-0.032665707,0.92830884,1.4316349,-0.33796743,-1.2430327,0.47543353,-0.63176453,-1.6110566,-0.06332394,-0.84154147,-0.95032865,0.017159496,-0.21794948,-0.2889216,-0.6260015,-0.60734355,1.3520331,0.5257695,-0.07051201,0.32404083,-0.6753398,1.5129836,-0.21286015,-0.7154984,1.1675634,0.525123,-1.4275489,0.6134435,-1.6351789,0.58408064,-0.5850791,0.76859915,0.9665238,0.32994398,-0.2959224,1.6445509,-0.31176242,-0.12802093,-0.30981308,0.62670517,-0.26977012,0.5718899,-1.993255,1.1873363,-1.4748703,-0.78316724,-0.15746832,0.71795785,-0.6481273,-0.08106607,-0.54877144,0.83333695,0.748524,-1.1173288,0.7326366,1.5233499,-0.3334447,-0.9245383,0.60739577,0.1496479,-0.4469182,-0.17815591,2.524591,0.23771648,0.87447244,-1.2734344,-0.8177058,0.68068665,-0.36734664,-0.99253356,-0.15284063,-0.5040605,-0.20959094,0.16550866,-0.2103858,0.67417884,-0.53678995,0.36781108,1.1647314,-0.69873726,0.09533245,0.17370778,-0.4383402,-0.90415466,-1.4218582,0.47712883,0.5083845,-0.6469988,0.5462826,0.60975623,1.7169651,0.7334917,-0.24040648,-0.6961598,0.67999315,0.8846669,0.8747821,-0.89445657,-1.0055317,0.58472264,1.2845806,-0.7333215,0.5626053,0.052775044,-0.48034978,-1.8543899,1.1682446,0.24305701,-0.21359582,1.111652,-0.106110096,-0.048154756,0.6989184,-0.4920299,0.17081735,-0.2571618,-0.6799365,-0.1410531,0.4945218,-0.7211276,0.2246242,-0.6292378,0.21798638,-0.44590443,0.9035366,-1.2859576,0.6244284,-0.18162426,0.4631713,0.25934333,0.13189428,-1.3657386,-0.28277546,-0.5954296,1.227821,1.3035555,-0.013993976,-1.0484387,0.03295181,1.1018836,0.719555,0.002593872,0.10955988,-0.19651754,-0.7436458,-0.29836926,-0.81551343,-0.49153733,0.31288245,0.72977614,-0.8973719,1.3064078,-1.9849201,0.75490737,0.015565422,-1.1937029,0.34421825,0.13538677,-0.6477018,1.9020822,1.1076924,0.10903106,0.20853364,1.0929289,1.2917244,-0.64339846,-0.088533245,-1.3206202,1.1672142,1.1461259,0.9124457,-1.0259507,-0.20011178,0.43183798,-0.5753975,1.3456997,-0.56586474,-0.4474918,-0.8085631,-0.17944847,-0.8538337,-0.45391685,-0.65480715,0.22383043,-1.1755961,0.24048582,-0.66841877,-0.93913066,0.6095087,-0.6221935,0.2884979,-0.49474996,1.3445523,0.3199312,0.49467984,0.2700604,-0.8205714,-0.39988342,-0.8408781,-0.28688115,0.7253366,-1.0849664,0.38545227,0.524841,0.7806509,1.8295662,0.2429107,-1.0854012,0.7573972,0.33854058,0.37371865,0.07569804,-0.93018657,-0.4001437,0.24133411,0.26849008,0.59551,-1.4903959,-0.34972894,-0.0881014,0.40156603,0.18631282,0.7109736,-0.069131576,0.83931255,1.6139399,0.8224462,-0.3082903,-2.0481567,-0.28588855,1.1710478,0.7056531,-1.5228463,-0.70170724,-1.5935509,1.1265333,0.64729434,0.08145225,1.2620564,0.42197004,-0.8154079,1.3581691,0.17832014,0.0036240225,1.1032679,-0.7269158,1.2483695,-0.17568678,0.8921386,0.42385805,0.53247666,-1.9369779,0.9202987,1.611762,0.41498184,-0.8415302,-0.44282043,0.09660342,-0.7204816,-0.64464056,-1.0055552,-2.2868736,0.47259447,-0.96636796,-2.3978298,1.4389871,0.02500651,-0.10615122,-0.7632118,0.49027094,0.18439773,-0.6495193,-0.51989084,-0.2552108,1.0048919,0.078375906,1.116623,-0.5295046,-0.9560297,0.06866808,0.91588885,1.0251088,0.4118719,0.33026955,0.5838888,0.75268686,0.11829002,0.6555778,1.5426626,1.0512049,-0.33783072,0.20690542,1.0875269,1.0503316,-0.0009192154,0.24049765,0.59283185,-0.020670356,-2.809986,-0.9588853,0.09372586,1.615422,-1.013522,0.42266586,-0.020091102,-1.1070025,0.42628723,0.49310565,0.55125034,-0.67037326,-1.0429323,1.2498968,-0.49738812,-0.92048484,-0.13648108,-0.90431154,-1.2672032,0.016892083,0.26630136,-1.6030557,-1.2377008,-1.9234734,0.71145034,-0.55450666,-1.038891,-0.7766627,-1.3735774,0.23863026,-0.63239175,1.0746222,0.4645533,-0.0345307,-1.7277339,-0.060302585,-0.3399305,-0.40998793,-0.928807,0.47697705,-0.09454115,0.98234284,0.44134334,1.3807036,0.49887156,1.2162145,-1.404814,-0.6778238,-0.902199,0.5586873,1.1789728,0.29782513,-0.39778876,1.0784743,0.3471576,1.05732,0.6020563,-1.3104587,0.6681782,-0.28500068,0.60101634,0.08697714,1.8615992,0.1019938,-0.40431425,-0.7629575,-0.38704193,0.26115978,0.8411876,-0.60061896,0.13860776,0.19287491,-0.14296505,0.25729805,0.16970374,-1.0546046,0.44232914,0.99478257,1.5756955,-0.09807798,-0.45330125,0.7326837,-0.587685,0.2165308,1.3559637,-0.48101544,-0.34697533,0.7648586,-0.6683715,1.5573301,-0.7993783,0.8820316,-0.6877636,0.7159132,0.07090059,0.5005881,-0.43087664,0.862889,-0.8714051,-2.4127443,-0.19932947,-0.38723934,-0.06835058,-0.6756238,0.6862558,-0.19744103,0.67458576,0.12328829,-0.38722453,-0.7913896,0.5897621,0.32369012,-0.015069764,1.4051125,-0.35560098,1.2672107,0.78424525,0.95075464,-0.2310496,0.22624998,0.9702553,-0.9202634,1.4762881,1.0568242,1.720978,2.8719697,0.8329908,-1.0943083,-1.2828628,0.5907703,-2.7342312,-0.65877205,0.13035867,-1.471484,1.3052326,-1.8689532,-1.2521147,2.07121,0.22351284,0.36046034,-1.3282632,-1.5191332,0.5611192,1.1537746,-0.46329737,-0.46390802,-1.0368359,0.47166353,-0.95077556,-0.24009098,1.0396991,0.6685436,0.54681987,1.3799706,-0.59874636,1.3927754,0.2055297,0.11168212,1.3871424,0.30538452,-1.4576063,0.021009058,0.78393507,0.06089683,-0.7631152,0.15177849,-0.68332714,-0.16783534,-0.47013712,-0.08575785,-0.12584479,-0.68809724,-0.21299396,0.34249288,0.5142472,0.66342336,1.6615155,0.36078978,-1.3729019,-0.2430786,0.45859137,0.8644157,0.1849725,0.14332727,0.98533857,0.61169666,-0.56455946,0.22395328,-0.3699236,-0.36131167,-0.4569031,0.8740116,0.06708469,0.74112135,0.049759135,-0.6188445,-1.9960312,0.14897278,0.39014634,0.34515104,-0.932051,-1.2132901,-0.6708166,0.9785838,1.0834184,0.029799655,-1.5948856,-0.8553546,-0.04795961,0.35103497,0.6024566,-1.5536971,-1.2657084,-0.7887049,-0.93928266,-0.30165362,-0.23209262,0.4172874,0.3469092,-0.050757706,-1.5978756,1.189001,0.18678094,1.1870052,0.9601586,0.5678917,1.6920383,-0.33667234,0.12970652,-0.12296679,0.54773647,0.7665421,-2.085519,0.42160633,-0.06095545,-1.1708548,1.6990004,-0.39323235,-0.4331044,-1.100265,0.46010327,-0.38196263,-0.3718689,2.1062322,-1.848797,0.8797672,-1.7503626,0.13724181,-0.736783,-1.4271173,-2.2574415,0.11799878,-0.0304472,-0.2883132,0.5006577,0.031516045,0.12623274,1.4427875,0.46419954,0.15298879,-0.32754132,0.21357211,-1.3764958,-0.6094353,0.26956767,1.1869862,-0.8289221,-0.45447758,-0.69716823,-0.36649048,0.42414507,-0.65847754,0.081153244,0.2664832,0.35082746,0.71823466,-0.9427576,-1.2725823,-0.28187817,-1.1318748,2.0898118,-0.0059818923,1.3646858,-0.77282476,-1.2961167,0.5175433,-1.7445564,0.056323726,-1.0566057,2.382218,0.8353171,-0.06520894,0.28108793,1.7066908,-0.4942466,-0.17280066,0.3621411,0.40971184,1.401597,0.62543166,-0.1879983,1.2922013,-0.32690096,1.0983955,-0.3741973,-0.77938145,1.778188,-0.5554701,-0.7289694,-0.3891003,0.12638989,-0.9414716,0.86849475,0.40212405,-0.031789154,-0.11821318,0.16248463,1.4503732,-1.3252405,-1.0530034,-0.2662099,0.99760604,1.1338812,1.8324649,1.6614714,0.38571692,-1.1642668,-2.3533437,-0.3816329,0.8133387,0.19896406,-0.036357492,-0.6742114,0.44876125,0.6900567,0.34957835,-1.4457891,-1.6986879,2.0884385,0.8482732,-0.31468245,1.1529603,0.6748102,-1.85179,-1.1704855,0.5794106,-0.27238625,-0.11824772,-0.29664674,0.391051,0.1011129,0.33651304,0.6592406,0.80080295,-0.08435264,0.13889924,0.57678264,0.47102365,-1.3846389,-0.07429731,-0.25466484,0.8106361,-1.9331098,-0.6712407,0.3264571,-2.4532514,0.6994955,-0.5378754,0.104531586,0.039804183,0.41330907,-0.81853896,-0.92362046,-0.41213697,-0.7279456,-0.55969214,1.0025028,-1.5994585,-1.6321465,0.7795972,0.840153,-1.1014731,0.87458366,0.13204446,-0.5774268,0.9209919,-0.3113989,-0.92059004,-0.21676484,-1.3029158,0.11885999,-0.78584313,-1.511003,-0.867206,0.55345374,-1.6478508,-0.9764312,0.29733354,0.21186665,-1.3686104,-0.17594792,-0.5379431,-0.83258474,1.5213895,0.31634122,-0.6136524,-0.13171202,-0.90531707,-0.6828812,0.9723687,0.5315877,0.609752,0.10344086,0.44499657,-0.39643747,0.34891102,1.9291337,-0.5481107,0.54361147,1.5060773,0.71515316,-0.47708225,0.3423571,-0.27584964,-1.2563294,1.2275888,-1.4637544,-0.48479068,2.562738,0.19441448,-1.4434651,-0.56908846,-0.27719045,-0.10285239,-0.2438994,-0.07034907,0.8023858,1.2478391,0.8775996,2.0074108,0.37064126,-0.69467384,0.27097717,0.7370579,-0.954007,-0.86789244,-0.048291117,0.548756,2.911472,-0.5398389,0.048387304,0.3649391,-0.9929498,-1.1753258,0.81069255,0.85378915,0.11722571,-0.41272002,0.6259399,-1.1575567,-0.5062779,-2.1936822,0.12068057,0.82684326,0.25195485,-0.32059497,0.7043321,0.56689525,0.5262853,-0.88002753,0.7248975,1.1085408,2.236627,0.5800239,-0.45588538,0.80504465,-0.09379265,-1.8113005,-0.077056766,-1.1073182,-0.18073541,0.37249005,-1.258832,0.2580567,-0.8131237,-0.7028277,1.4334064,0.033046372,0.16844676,0.34254974,-2.0141854,2.0876021,-0.17123333,-0.5673348,1.6938095,0.5141256,-0.7692539,0.41658002,-1.8695362,0.7232132,-0.3386584,-0.7551862,0.6254221,-0.17386311,-0.80189157,1.7821579,-0.52964073,-0.2529868,-0.20757785,0.3028556,0.3678603,0.55292624,-0.9139309,0.48337376,-0.9531963,-1.2608142,0.16455907,0.28243837,-0.15758109,0.32388544,0.1920822,-0.18194456,0.06418683,-0.8270751,0.31397504,1.4589566,-0.2199058,-0.3088575,1.3397143,0.61642134,0.03599664,-0.28874338,1.9839191,0.76374614,1.2570682,-0.8106014,-1.0740132,-0.7048961,-0.27542365,-0.8186406,-0.63688457,-0.36162502,-0.35445547,0.8796226,-0.19910796,0.8493073,-0.7533927,0.6647154,0.09631573,-0.75613385,-0.24205792,-0.04008113,-0.5515206,-1.136699,-1.1536566,0.49001712,1.5349872,-0.3928545,0.6547482,0.95899034,1.6851256,-0.09651078,0.06286082,-0.7110629,0.008285433,-0.025361858,1.4425954,-1.5010574,-1.3755705,1.0427902,1.2776855,-0.4351967,0.026092915,-0.22567369,-0.0034166987,-1.2162632,0.8931426,0.17601185,-0.51445454,1.3100245,0.9424024,-0.33999836,0.7753437,0.58917594,-0.4664235,-0.6497524,-0.28894293,0.19620797,-0.48877364,-0.8924561,-0.44921672,-0.58988917,1.0104264,0.1204451,1.0567064,-1.5265427,0.65073633,-0.02158682,-0.21057348,0.24316575,-0.98480946,-1.1335324,-0.8142587,-1.331891,1.5342687,0.9259163,-0.055789515,-1.1642258,0.5316419,1.0419904,0.5565103,-0.12507892,0.10424539,0.53285956,-1.2927318,-0.5818094,-1.5301354,-0.5924966,0.67754966,1.1508101,-1.0838172,0.47503775,-1.3973868,0.1650349,0.25202045,-1.2209302,0.5150366,-0.6041942,-0.34193736,2.8878179,0.92382693,0.29934666,-0.24999698,0.8125148,1.962515,-0.3479653,-0.017691508,-1.044193,0.372449,1.3598416,-0.3419534,-0.87321377,-0.8014629,0.66898656,-0.81807494,0.91326094,-0.97681797,0.09385309,-1.1945201,-0.11870161,0.69024116,-0.86695594,0.13933109,1.2575011,-0.68233395,0.7551225,-0.5001776,-0.7232555,0.32172632,-1.2294489,0.3711291,-0.39803618,0.8766986,0.8585129,0.35105878,1.1501285,-0.40340722,-0.30001658,-0.48606881,-1.0377011,-0.14792544,-1.1958585,0.82349545,0.0809101,0.31865466,1.788552,0.2614196,-1.2637446,0.23007658,-0.11943849,0.59436655,0.07636529,-0.8382994,-0.38968018,0.10188722,0.2450557,0.31824717,-0.74257654,-0.19783556,-0.24473214,-0.010461789,-0.29081658,-0.18921074,-0.55533636,0.6483693,1.6620699,0.3480135,-0.36164623,0.0
オ,0.5296596884727478,0.2130906283855438,0.4559382796287536,-0.3788235783576965,0.0963736400008201,0.229296863079071,0.2386744916439056,0.2548413276672363,-0.0763473808765411,-0.5995948910713196,0.3987560868263244,-0.4263967275619507,0.4475667774677276,-0.2476707696914672,0.6969519257545471,-0.0656861960887909,0.0709809884428978,-0.1644545197486877,-0.0108748702332377,-0.3702743947505951,-0.7576481103897095,-0.413432627916336,0.3180697858333587,0.3614082336425781,0.053830225020647,-0.3144461810588836,0.024836154654622,0.22332763671875,-0.1629917174577713,0.0653100684285163,-0.163625493645668,-0.366718590259552,-0.2875009775161743,-0.143985703587532,-0.1412046998739242,0.7164433598518372,0.0447980128228664,-0.334321528673172,-0.048272281885147,-0.4448588788509369,0.2024504095315933,-0.0392537266016006,-0.0778143554925918,-0.4906745254993438,-0.4244580864906311,0.3569748103618622,0.1421144604682922,0.4508043527603149,0.3910716772079468,0.065802477300167,-0.2395339757204055,0.3987994194030761,0.2064034640789032,0.0377097837626934,0.5504782795906067,-0.1333968788385391,0.3774928748607635,-0.541711688041687,-0.0768055692315101,0.2613519728183746,-0.3717130422592163,-0.2485538125038147,0.521899402141571,-0.136066272854805,0.0811342075467109,0.026225758716464,-0.2150810807943344,-0.1482564061880111,0.0450063794851303,-0.7747994661331177,-0.2178253978490829,0.2925040125846863,0.3747594952583313,-0.3835846185684204,0.6918500065803528,-0.3065555095672607,0.2237822115421295,0.1153149232268333,0.2371601611375808,-0.2251027226448059,-0.3462476432323456,0.2766848802566528,0.2552945911884308,-0.7245570421218872,0.0226185377687215,0.0493616014719009,-0.4940282702445984,-0.9880563616752625,0.452703058719635,-0.3511286675930023,-0.0228992886841297,0.0741178765892982,0.2153235077857971,0.2377034276723861,0.0652189552783966,0.1718862056732177,0.1264184862375259,-0.2441621720790863,-0.2346249967813491,0.2505479454994201,0.0868691354990005,0.4093315303325653,0.32750204205513,-0.1709804832935333,-0.2634230852127075,0.0760699585080146,-0.1548914760351181,0.2174850106239318,0.2510367929935455,0.0809057801961898,-0.3745799660682678,-0.2978120148181915,-0.4654948711395263,0.2725546658039093,-0.0209189262241125,0.1435899883508682,-0.198187306523323,0.3388965129852295,-0.4349301159381866,0.6078699827194214,-0.2538466453552246,0.7915907502174377,-0.0356875881552696,0.3047783374786377,0.2150291949510574,0.5052955746650696,0.0175789315253496,-0.0272460542619228,-0.1284803003072738,-0.2572053372859955,0.0357783772051334,-0.0579200908541679,-0.6814077496528625,0.0921545028686523,-0.2537298202514648,0.9225340485572816,-0.0114336526021361,-0.0479016825556755,-0.136097177863121,-0.4668779373168945,-0.1524674445390701,-0.1324257403612136,0.2752945125102997,-0.4046907126903534,-0.1197020336985588,0.1626258939504623,-0.2094656676054,-0.4744023382663727,0.4888186752796173,0.3426395952701568,-0.391703337430954,0.8269580006599426,-0.7304170727729797,0.0575210861861705,-0.0262061338871717,0.3646568357944488,-0.7473659515380859,0.1510887295007705,0.0498598143458366,0.5594866871833801,0.0929848328232765,-0.4336896538734436,0.1997489929199218,0.3209051787853241,0.1022119894623756,0.4263670146465301,0.4947990477085113,0.234954759478569,0.1953546553850174,0.4709454476833343,0.0561673045158386,0.4962971210479736,0.0458567067980766,-0.2137681096792221,0.4985187947750091,0.2918106913566589,0.1293936520814895,0.2646268904209137,0.0680747330188751,-0.5479270219802856,-0.0365224033594131,-0.1630211323499679,-0.0103595312684774,-0.1495637893676757,0.4607514441013336,-0.16131691634655,-0.0502539128065109,0.1145083829760551,-0.2079464346170425,0.1704038232564926,0.0367571040987968,-0.262583464384079,0.3753058016300201,-0.6912090182304382,0.0999286249279975,-0.3194076120853424,-0.3274402320384979,-0.3803856372833252,-0.302856832742691,0.3924706578254699,0.0625739246606826,-0.0227741338312625,-0.1504396349191665,-0.1841774731874466,-0.8772600889205933,-0.3443240523338318,0.072902612388134,0.655198872089386,0.360122412443161,0.2266106456518173,0.0718065351247787,0.2478867173194885,0.4675061106681824,0.0748334527015686,0.1430813670158386,-0.0019422065233811,-0.2316767424345016,-0.1867131143808365,0.1263024359941482,-0.1210856661200523,0.4201357662677765,-0.0982303693890571,0.3487502336502075,-0.0542345009744167,-0.406590849161148,0.2436564266681671,0.0867293998599052,-0.3940061628818512,0.0503381453454494,0.7268115282058716,-0.2607754468917846,-0.6348714232444763,-0.4985277056694031,-0.0947990268468856,-0.6508302092552185,0.0662958398461341,-0.268383651971817,0.2855084538459778,-0.349700003862381,0.112674169242382,-0.1744929105043411,-0.4754193425178528,-0.1815786063671112,-0.2118682861328125,0.0328344888985157,0.1429506987333297,-0.0228110589087009,-0.1918207108974456,-0.51520836353302,-0.035258699208498,-0.3487142920494079,-0.4789979457855224,-0.0031026471406221,-0.5512425303459167,0.4469566941261291,0.2267684787511825,0.519576370716095,-0.0401957146823406,0.2230084687471389,-0.021178001537919,-0.0647084936499595,-0.8502422571182251,-0.1223883181810379,-0.082101322710514,-0.5005362629890442,-0.0289797261357307,0.0161732789129018,-0.4629672467708587,-0.3051377236843109,-0.4279847145080566,-0.0537696257233619,-0.4275308847427368,-0.4585559368133545,0.0507671535015106,-0.0609349831938743,0.121000550687313,-0.1441505849361419,0.4983959794044494,-0.4443674683570862,0.157625675201416,-0.6233783960342407,0.1977990418672561,-0.6939910650253296,-0.2582651376724243,0.0102615738287568,-0.2509933710098266,-0.385790079832077,0.1677277833223343,-0.4675479829311371,0.3769758343696594,0.3340494334697723,0.0589170567691326,-0.4295046031475067,-0.0234155897051095,-0.379841536283493,0.1281551122665405,0.2171487510204315,0.7272565960884094,0.2176287770271301,-0.0618875958025455,0.1726910173892974,0.4014920890331268,0.1911408603191375,0.1473643630743026,-0.1017887517809867,-0.2969529330730438,0.0840102732181549,0.055018100887537,0.6373216509819031,0.1061175316572189,-0.0175985414534807,1.0461182594299316,-0.3499410450458526,0.2470925748348236,0.49268639087677,0.2864406108856201,-1.7427469491958618,0.0124134626239538,-0.1290074437856674,0.0475340001285076,-0.2400045990943908,0.28074511885643,-0.0035546065773814,0.137170597910881,-0.459278792142868,-0.5403351783752441,0.9039117693901062,0.2878541350364685,-0.0093382988125085,-0.5122708082199097,0.3493413031101227,-0.2350283712148666,0.0298427008092403,-0.4780119359493255,0.2126775383949279,0.4782304167747497,-0.4107668399810791,0.0539882034063339,-0.1659918874502182,-0.537499725818634,-0.083966925740242,0.1677630394697189,0.1615692526102066,0.247225672006607,-0.5302152037620544,0.1380523741245269,0.3138780891895294,0.4008596837520599,0.7858495712280273,0.3039855659008026,-0.0616408102214336,0.0577767044305801,0.4450687170028686,0.1350419074296951,0.4254122972488403,-0.2856252193450928,0.1758316755294799,-0.0475820116698741,0.8534377217292786,0.0125897396355867,0.0911166295409202,-0.0015497871208935,0.1213041767477989,0.2295670956373214,-0.081953153014183,0.3548986315727234,0.1464321017265319,0.0478751249611377,0.1907066702842712,0.5322242379188538,0.5807309746742249,0.1449556350708007,-0.2838995158672333,-0.3661825656890869,0.0364569164812564,-0.321286529302597,-0.6244051456451416,-0.3386206030845642,-0.3438629508018493,-0.1222211271524429,-0.4495676457881927,0.2929139733314514,-0.0296255443245172,-0.5183850526809692,0.0549229495227336,-0.3556650280952453,-0.4252268970012665,0.3321499228477478,-0.0532559305429458,-0.7333111763000488,0.5861435532569885,0.2217282354831695,0.2881442606449127,-0.5338570475578308,-0.6530799865722656,-0.0423921756446361,-0.2733902633190155,-0.3039427995681762,0.1676573008298874,-0.3308295905590057,-0.0540301539003849,0.3473367393016815,-0.0784889757633209,-0.0932381302118301,-0.3437794744968414,-0.2950970530509949,-0.7089868783950806,0.1887605041265487,-0.0504166632890701,0.3232135474681854,0.0219684243202209,0.2221865206956863,0.2203065305948257,0.0448722839355468,-0.2711859345436096,0.0839256197214126,-0.3249978721141815,0.5804333090782166,0.3907267451286316,0.1664255708456039,0.581920862197876,0.4442465603351593,0.2811322212219238,0.5245891809463501,0.0202089324593544,0.0134099787101149,-0.610522449016571,-0.3011751174926758,0.7100160717964172,-0.0379120931029319,0.2432178258895874,-0.107879638671875,-0.0181926805526018,0.6090810298919678,-0.0324829034507274,-0.5741919279098511,0.0005142665468156,0.0738754346966743,-0.1841550320386886,0.262513518333435,0.6575903296470642,0.8228428959846497,-0.0232491437345743,0.0209028869867324,-0.140678659081459,-0.1875307261943817,0.3151618540287018,-0.1306444257497787,-0.1179750114679336,-0.2945268750190735,0.0095409927889704,0.2994397580623626,0.6596575975418091,0.2006724327802658,0.6231606602668762,0.3094731569290161,-0.3437167704105377,0.2674251198768616,0.435273140668869,0.4795292615890503,-0.2945265173912048,-0.2899815738201141,-0.3539811670780182,0.0258303135633468,-0.3896693289279938,-0.0662572011351585,0.6731356978416443,-0.1594995409250259,0.1768974959850311,0.0076765068806707,-0.6110824346542358,-0.6220504641532898,-0.3782775104045868,0.1608152389526367,-0.0992601439356803,0.1433831602334976,0.2025719732046127,-0.0135760903358459,-0.4930251836776733,0.1857774257659912,0.0561464726924896,0.2988999783992767,0.5034912824630737,-0.1536019593477249,-0.0901676565408706,0.0035907886922359,0.0382498726248741,0.0676893964409828,-0.1810710877180099,0.0458883009850978,-0.2628243565559387,-0.4944120943546295,0.0162131208926439,0.1840128451585769,0.2542142868041992,-0.1465330421924591,0.6534149646759033,0.1324674189090728,-0.5132039189338684,-0.565060019493103,-0.237240582704544,-0.2221661806106567,-0.0452727153897285,-0.4980322420597076,-0.0901912376284599,0.0443757846951484,0.3667648136615753,0.0876772403717041,0.2802462577819824,-0.3576146960258484,0.0792291760444641,0.2387515604496002,0.6340348720550537,-0.1300701349973678,0.2300144582986831,-0.1985842436552047,0.0217490531504154,0.0881654992699623,0.0755990594625473,0.0594925098121166,-0.1432090848684311,-0.536220908164978,-0.6978509426116943,-0.3783296048641205,-0.1789586842060089,-1.0786592960357666,0.5394381880760193,0.1386258453130722,0.2410538047552108,-0.4676302969455719,-0.4629960358142853,-0.147763043642044,0.3010770082473755,-0.115580216050148,0.4248737096786499,-0.2177674025297165,-0.5781479477882385,-0.0497000403702259,0.1251947283744812,-0.6601473689079285,0.9405031204223632,0.2545405626296997,-0.4916508197784424,-0.3954956829547882,0.387395292520523,0.1958344131708145,-0.2218459993600845,0.1072808057069778,-0.1325920820236206,-0.5393648147583008,0.1550326347351074,-0.3469339609146118,0.3210111856460571,-0.1543601602315902,-3.526743239490315e-05,-0.1246603056788444,0.5851903557777405,0.3443279862403869,0.2443006783723831,0.0775589197874069,-0.2279006391763687,-0.2089708745479583,-0.2480691522359848,0.3257020711898803,0.1407943069934845,0.3850536048412323,-0.1766823679208755,0.3162503838539123,0.5831259489059448,-0.8466090559959412,0.0867414474487304,0.7604172825813293,0.4110320210456848,0.444315493106842,-0.1525647640228271,0.03209038823843,-0.8170374035835266,0.1355699896812439,0.1418216824531555,-0.0172215569764375,0.4570207893848419,-0.0356507040560245,-0.1375111788511276,-0.4097650349140167,-0.0168074183166027,0.4003950655460357,0.1728287488222122,0.0364892520010471,0.4355419874191284,-0.1556229144334793,0.5133227705955505,0.3383309543132782,-0.2615169286727905,-0.3602937161922455,0.0543467439711093,0.4090258181095123,0.7752847075462341,0.1817598491907119,0.3601688146591186,-0.7150218486785889,-0.6305393576622009,0.3012827634811401,0.0831094086170196,0.3051785230636596,0.5014293193817139,-0.2748686373233795,-0.0627902820706367,0.6112644672393799,0.2978948354721069,-0.0707817524671554,-0.3294468224048614,-0.4165408909320831,-0.1707163900136947,-0.2366679608821869,-0.5008911490440369,0.2017518132925033,0.0845913216471672,-0.0467947907745838,0.2117699682712555,0.0154199143871665,0.0983888357877731,0.5822260975837708,0.0028719732072204,-0.305047333240509,0.2047902196645736,0.0614336542785167,-0.0901422724127769,0.0808300226926803,-0.2235193252563476,-0.2465935945510864,-0.0241717658936977,0.2415190041065216,-0.1573673337697982,0.2025086134672165,0.0340979881584644,0.1619161665439605,0.3305917084217071,-0.4448821544647217,-0.1901049017906189,-0.314644455909729,-0.3174638450145721,-0.1307286322116851,-0.6577920317649841,-0.3597747385501861,-0.0309588555246591,-0.0471150875091552,-0.1592544317245483,-0.05937360227108,-0.4678713381290436,-0.2325161099433899,-0.4492211043834686,0.2522855401039123,-0.1734455525875091,-0.8417651653289795,0.3823029398918152,0.2627186775207519,-0.1252967417240142,-1.1999207735061646,0.247536301612854,0.1704616248607635,0.2441152334213256,0.1721053123474121,0.704698920249939,-0.3422385454177856,-0.2607019543647766,0.0875810459256172,-0.2855316996574402,0.2547450661659241,-10.516351699829102,0.1059780791401863,-0.4225786030292511,-0.3998930752277374,-0.3504877388477325,0.3931498527526855,0.6256321668624878,0.5662823915481567,-0.1955859363079071,0.1214233934879303,-0.0340548641979694,0.0915949419140815,-0.0144770285114645,0.6837878823280334,-0.5207838416099548,-0.3065536618232727,-0.2305571138858795,-0.0215277168899774,-0.0403221026062965,-0.2391912043094635,0.1143146902322769,-0.284472644329071,0.5086359977722168,0.7366798520088196,0.5462241768836975,-0.4084236323833465,-0.2611879706382751,0.0024734144099056,-0.2027534991502761,0.5919749736785889,-0.6013648509979248,0.5325713157653809,0.0364352501928806,0.3010843992233276,-0.1525362879037857,0.2529691159725189,-0.4028312265872955,0.6683297157287598,-0.0390014834702014,0.4041423201560974,0.3153025507926941,0.4241274297237396,-0.025679500773549,-0.0304168835282325,0.1748992651700973,0.2391737103462219,0.469064712524414,0.0111696710810065,0.5418323874473572,-0.2422156333923339,-0.1271032989025116,0.1338433921337127,0.0682288780808448,-0.0943486765027046,0.4556112885475158,-0.0305458642542362,0.6394035816192627,-0.6745585203170776,-0.031642060726881,0.0643760710954666,0.3380284905433655,-0.0773757696151733,0.3833673596382141,0.444365918636322,0.30074143409729,0.4105566740036011,0.5217416882514954,0.3653739690780639,-0.9130431413650512,-0.2377991825342178,0.1625676453113556,0.471616268157959,-0.0950486809015274,0.3251329064369201,-0.2567318379878998,0.3133965134620666,0.3614666759967804,-0.2959363758563995,0.0550640672445297,-0.0280053783208131,0.2839506864547729,-0.3029759228229522,0.0833558365702629,0.2407184094190597,-0.621874213218689,0.0487202405929565,-0.0832330659031868,-0.04812478646636,0.259869247674942,-0.4461257457733154,0.2382365614175796,0.0838035121560096,-0.5344372987747192,0.5065318942070007,0.4480125904083252,0.0181824807077646,-0.121032990515232,0.2265196144580841,0.4854059219360351,-0.0247120037674903,-0.93235546,-0.7267709,0.65926474,1.4234346,-0.078798704,-0.42494294,-1.0122632,0.12029898,0.968733,-0.62647384,0.24225843,-0.18291767,-1.4724035,2.4693575,-0.36619103,0.7042534,0.89860624,-0.5684855,0.83840686,-0.53946275,0.94688815,0.22708046,0.23176028,-0.5091828,0.86236805,0.90603477,0.5852347,-0.38675666,-0.6642852,0.22216749,-0.45692083,-0.3167983,-0.56829447,-0.43987802,0.493073,-1.3993813,-0.40214494,1.3084428,0.22001475,-0.48496413,-1.1801659,0.32531297,-0.74317616,0.33517686,-0.5723894,-0.36644745,2.0964763,-0.018243754,0.73056394,-0.10283473,-0.45640862,-0.47266796,-0.008775353,0.57486683,0.7505913,-0.38789868,1.3313893,0.9275097,0.16023175,-0.82778555,0.6726853,1.4987803,-1.4198303,-0.042839836,0.88703257,0.5182443,-0.18785667,-0.51154,-0.054275095,-0.5260623,-2.0922594,-0.96976787,-0.12607776,0.95246387,-1.3274888,0.9559016,0.32416785,-0.9242906,0.03143969,0.1572472,0.063477,0.49193493,-0.7165313,1.3640689,-0.8272061,-0.27720544,-0.75360066,-0.22246635,-1.0582991,0.106597364,0.21330635,-1.3641258,-1.7721896,-1.4346608,0.842302,-0.39544073,-0.88608855,-0.6438764,-1.3385717,0.8283774,0.23991859,0.41628516,-0.2269835,0.34888974,-1.2156829,-0.3131577,-0.55108815,-0.5386737,-0.6579411,0.8839449,0.29530987,0.17346744,0.5267213,1.5459657,1.171311,0.7628744,-1.4012655,-1.2080064,-0.08333681,-0.41560283,1.5776402,0.121915184,-0.85565567,0.7222398,0.35794604,1.3543901,-6.063779e-05,-0.9697291,0.5698529,-0.16847648,0.5007792,-0.30989367,1.8611245,1.1859846,-1.0659701,-0.45135498,-0.7540784,0.12666024,0.28592423,-0.12524305,-0.5439307,-0.44175467,-0.4436461,-0.16687007,0.326507,-1.91143,0.29226616,0.45053527,0.7913747,0.07688656,-0.008678515,-0.47960797,-1.2732176,1.2933593,0.74970645,-0.2340461,0.45017973,-0.42405045,-1.054885,1.6451956,0.6666206,1.4021649,-0.9560024,0.6307731,0.001262965,0.81627864,-0.8160167,0.46424556,-0.7407794,-1.712299,-0.7517238,-0.059545726,0.13413559,-0.14500906,0.72602147,-0.5979138,-0.1455103,0.34205797,-0.65828484,-0.046390336,0.49274608,0.7884565,0.035563022,1.4003191,-0.23836048,0.7505633,0.48036775,0.7554054,0.62143093,-0.3414906,0.798081,-1.4148406,0.9622912,0.9278013,1.7134625,2.5650287,0.39456186,-1.3097414,-1.0905546,0.6535049,-1.7718811,0.3344674,0.41839406,-0.6331844,1.7627271,0.044664234,-1.5004263,1.4553022,1.0116842,0.24162407,-1.7682718,-1.0516244,0.7459938,0.7307217,-0.29026222,-0.20897354,-1.1315489,0.24166541,-0.5136377,0.18273038,0.38821507,0.2365966,0.66830176,1.3188857,-1.5592109,0.20512085,0.56884366,0.99699974,-0.04614054,0.07258719,-1.7043699,0.4362171,0.91432756,-0.41987276,-0.14291145,0.18995093,-0.45496604,0.8863568,-0.3387486,0.37972173,0.18604672,-0.9850814,0.054584056,-0.3541926,0.7944107,0.9507682,2.2271461,0.6470283,-1.1697685,-0.08187082,0.15391237,0.5527842,0.782602,-0.1303401,0.7180524,0.90031815,-0.3893384,-0.10333588,0.014537235,-0.35404086,0.16383642,0.4370633,-0.16691153,0.33082324,0.81163836,-0.73718095,-0.8233858,0.11108291,-0.19018991,-1.258072,-1.2522577,-0.56187564,-1.3836554,0.29498136,-0.349748,0.26255682,-1.4908844,-0.45343924,-1.7155396,-0.08960127,0.987565,-1.2190722,-0.69612646,0.45363554,-0.38707867,0.72224647,-0.16449396,-0.071595065,0.4905599,0.7476332,-1.4660383,0.9996815,-0.17058623,0.30670628,0.66411704,0.24656987,1.2168816,-0.43972978,0.60753536,-1.503026,1.0185195,1.3616623,-1.7061216,0.71456116,0.72815806,-0.17511268,0.6600677,-0.83556837,-0.548616,-0.17375298,0.37449566,0.025788257,-1.1015748,1.7174635,-1.4145066,0.7862231,-1.0670906,-0.5326287,-0.6329748,-0.36422572,-1.2483219,0.9947718,0.73819906,0.40624925,0.51228803,-0.4010776,-0.93704504,0.5212582,1.0784465,0.346959,-0.5888279,0.7272573,-0.8971706,-1.5885834,0.37264284,1.095894,-1.2045193,-2.3381922,-2.125184,-0.5983371,0.9458127,-0.776372,0.13744272,0.97548324,-0.39862728,0.98147637,-1.1342543,-0.054173995,0.27534816,-0.6185726,1.183735,0.31957927,1.0019394,-0.37596253,-0.4314643,0.9714635,-2.2644875,-0.56032306,-1.1847483,1.7750907,0.9349387,-0.109169334,1.2392018,0.83264226,-0.65702313,0.011644304,1.4612451,-0.19731767,1.6913849,0.31944314,-0.992903,1.5329078,0.27998802,0.996774,-0.8647364,-0.6447422,1.7546879,-0.5786392,-0.10873049,-0.45301786,-0.16068895,0.29821727,-0.017446429,0.1855421,-0.408221,0.037753064,1.2045791,1.0390433,-1.5431195,-0.91563725,-0.8996329,0.092281856,0.88381046,1.4039644,1.839907,-0.2965763,-0.5956358,-1.7100468,0.27255479,0.54549855,-0.36492774,0.5531552,-1.3103088,-0.033793867,0.5166729,-0.12792343,-0.68934935,-1.8511343,1.8042622,0.44641528,0.90295154,1.8813063,-1.4246813,-1.4964925,-0.091881804,0.75092953,-0.015332603,-0.44070792,-0.355304,0.8835462,-0.6977598,0.7206557,1.1452388,-0.29906258,-0.08000245,0.13821986,0.77684546,0.6310963,-0.41288352,-1.2660494,0.58864796,1.1568841,-1.434588,-0.31345296,0.14711304,-1.9318281,0.5869605,-0.9774361,0.082289614,0.19815655,-0.6132922,-0.55750835,-0.35110834,-0.19342941,-0.72859615,-1.2399609,-0.22886239,-1.3088833,-2.4031584,1.3349247,1.4522661,-1.5785375,-0.34083247,0.32501468,0.34725752,0.5915845,0.21515991,-0.3806393,0.47002122,-0.32312703,0.19153118,-0.21280049,-1.6028398,-0.90571576,-0.16393995,-1.2730585,-1.4033756,1.3941402,0.93109107,-1.7593426,-0.2385472,-0.4380745,-0.387724,0.9799504,0.7383437,0.052920025,0.4640372,-0.7548961,-0.051388483,-0.19742106,0.8043955,-0.26451084,0.19330744,0.6181861,0.12500358,-0.2916553,1.718464,0.28458393,0.07294616,1.1482629,0.43439665,-0.6589195,0.33012834,-0.017459562,-0.3076087,0.560593,-1.7167435,-1.0353632,1.7381741,-0.65955704,-1.1973037,0.034357637,0.4952298,0.093775846,0.16832556,0.3034264,0.9076311,1.3814402,0.9303751,1.7015648,-0.89986753,-0.72418374,-0.23816752,0.1846755,-1.0185188,-1.4044234,0.776751,0.5464731,2.2695158,-0.3266134,0.23187055,0.7365432,-0.7782197,-1.3644232,0.5175612,0.23617637,-0.6770169,-0.28420863,0.48430562,-0.91096354,0.065291904,-1.8160481,-0.27157852,0.7569124,0.73765033,-0.81171125,-0.13719833,0.458214,0.5756233,-0.81248504,0.6590793,1.3380117,0.72980076,-0.49115375,-1.2474664,0.07737402,-0.7765212,-1.7624346,-0.08169142,-0.4130474,-0.42534032,0.4403583,-0.08135587,0.14701553,-1.2179111,-0.052058738,1.4266473,-0.3941301,-0.4804971,0.3440176,-0.7005928,1.7518376,-0.20007223,-0.038174305,0.82779926,0.99536926,-1.3551773,0.31328574,-1.0233394,-0.3304046,-0.8293972,0.6288976,0.53518337,1.2057322,-0.6868765,1.2549027,-0.19926544,-0.87078995,0.5339959,0.67513245,0.6185117,0.4781724,-1.5259881,1.4474517,-0.85168844,-1.1777047,0.17511837,-0.015938642,-0.44174173,-0.38344407,0.101770245,0.63325566,-0.0670529,-0.7565834,1.4213036,2.0234632,-1.0603753,-0.7166588,0.85311395,0.046211123,-0.5248117,0.024189772,2.3567975,0.26074627,1.1489385,-0.95971435,-0.34618106,0.23698145,-0.17303586,-0.57410794,-0.036824286,-1.1000592,0.002908836,0.6061257,-0.3360579,0.78279597,-1.5640806,-0.029340824,1.4002134,-1.102816,-0.60208434,0.34307003,-0.3590928,-1.7741829,-1.2927626,0.89866203,1.0309275,-0.6506723,-0.2984878,0.4645482,1.6107563,0.45761955,0.13433123,-0.608071,0.54091305,1.1925143,0.5856162,-0.2551488,-0.5434559,0.39378154,1.5568653,-1.1140252,0.77723956,-0.3053003,-0.4134338,-2.1804268,1.4309355,0.05893449,-0.16541857,0.9494345,1.1068821,0.4313555,0.86044407,0.04616935,-0.030066231,-0.30065867,-0.6792669,-0.26091966,-0.14045824,-1.0224078,0.26050365,-1.2527698,-0.7136337,0.06092757,0.6278548,-0.9585981,0.49989185,-0.8064589,1.0019494,-0.2313626,-0.5612857,-0.73355716,-0.20440304,-0.48084226,1.6552572,1.2246102,-0.17492628,-2.323405,-0.0025773793,0.85101587,0.5556268,-1.2953712,0.5914269,0.19623102,-1.2678735,-0.4054241,-1.3940563,-0.5160249,0.6354124,1.5889152,-1.2071695,0.617019,-1.737311,0.7508566,0.19366795,-0.5246749,-0.33185175,-0.18453449,-1.0460826,1.9998155,0.985473,0.07215794,0.60394144,1.0193983,1.3315037,0.3625996,-0.41817844,-1.5173422,0.39772987,1.1320144,0.43396536,-1.7463303,0.22089882,-0.043479335,-0.413164,1.421925,-0.23090608,-0.14741719,-0.22314328,-0.41892874,-0.6324959,0.17769323,-0.66039634,-0.19446015,-1.0540819,0.22526878,-0.5143318,-0.5188014,0.22085857,-0.7081335,0.13700025,0.121351995,0.8796193,0.6060095,0.7784174,0.4642562,-0.6903527,-0.007592847,-0.9303877,-0.46026215,0.55085146,-0.9798953,-0.19926178,0.08720701,1.2576461,1.7896175,0.83622074,-0.15173046,-0.13094556,0.1651593,-0.87935567,0.4554673,-0.4330063,-0.64780825,0.012242694,0.18411894,0.66463536,-1.6924286,-0.4176943,-0.019528406,0.694473,0.6627107,0.099345975,0.6515871,0.23160665,1.7429181,0.4726636,-0.10361004,-0.46456566,-0.30040878,0.48222584,0.56531066,-1.2365437,-0.48991966,-1.6500275,0.94870347,1.1466662,0.18204992,0.36870486,-0.376113,-1.2732852,2.4016607,-0.84419984,0.31408393,1.2049628,-1.2116053,0.25037423,0.08449335,0.28638875,0.5340377,0.5675541,-0.93397206,1.081074,0.6432041,0.4084255,-0.3338316,-0.26489532,-0.8058225,0.08242655,-0.3691477,-1.0592836,-0.16653569,0.16953495,-0.74737823,-1.6735718,0.99561274,-0.0815681,-0.68880457,-1.1421678,1.4991474,-0.034447704,-0.6051162,-0.44002932,-0.2905829,1.6070312,-0.7892332,0.33838633,-0.4899165,-0.97961366,-0.06760121,0.6021263,0.79531515,0.28627047,-0.8063356,0.9541131,0.960776,0.24782422,-0.84092224,0.26183316,0.42145842,-0.6513318,-0.8658722,0.70308673,1.0749011,0.06297362,-0.2769,-0.07651293,0.10703032,-1.9547726,-1.3249774,-0.12782216,1.2473288,-1.6112859,0.722456,-0.00036268233,-1.364285,0.2587246,-0.10337374,0.5070335,-0.28659385,-0.67325926,1.167739,-0.7174201,-1.082577,-0.3921502,-0.48501644,-1.392206,0.010815392,-0.54738593,-1.6341568,-1.5197899,-1.6126978,2.0979595,0.21942839,-1.0025674,-1.023297,-1.0689325,-0.19926424,-0.17227626,0.79822195,0.8791965,-0.25257713,-0.74525607,-0.7622619,-0.60644084,-0.377045,-0.56766695,0.6766902,-0.20712408,0.6022831,0.857571,1.5523555,0.8717802,0.5194238,-1.4475425,-0.7900367,-0.81646156,0.32508254,1.8520632,0.45885578,-0.59124583,0.46396485,0.35926852,0.7970638,0.31678128,-0.30745497,0.4573183,-0.09606092,1.344718,-0.11291771,2.3917215,1.0443666,-0.5659035,-0.6720342,-0.32841676,0.822137,0.40790004,-0.8476798,-0.41744217,-0.08004054,-0.5134791,-0.066293016,0.24469729,-1.2241623,0.1139089,0.29322797,1.9008732,0.31475645,-0.5644872,0.31776476,-1.717425,0.38749593,1.2899995,0.13742092,0.17037734,0.40678462,-1.1101562,1.7936836,-0.74543583,1.4101797,-0.6978249,0.78115296,-0.2954266,0.52883524,-0.824551,0.21815582,-1.0247549,-2.5914497,-0.44180775,0.20477204,0.7780341,-0.15622452,0.94564515,-0.2771892,-0.22724159,0.5528174,-1.2042968,-0.30219236,1.0239373,0.74638563,-0.19238965,1.617601,0.03784426,0.74129874,0.5266695,0.20774606,0.918718,0.09227128,1.6951771,-0.15811458,0.9591902,1.265887,1.0126916,2.700686,0.28930697,-1.52128,-1.5234352,1.0480754,-2.3828335,-0.24551503,0.57444036,-1.4210298,1.1823059,-1.4527991,-0.92531455,1.7406027,0.8394747,0.10893053,-1.4624956,-1.2612164,0.9397478,1.1135134,-0.38985223,0.021158561,-0.82771313,0.351136,-0.61004865,-0.50621134,0.7493381,0.93928146,0.7633707,0.6277848,-0.9548109,0.8469612,0.45778093,0.21645269,0.15201895,1.0129688,-0.59345484,0.47294062,0.94753706,0.06467117,-0.8918375,0.60952383,-0.255243,0.5102316,-0.4454894,0.5901786,0.6187909,-0.5963147,0.31976604,-0.34036765,0.43965358,1.0128286,1.7531536,0.108917095,-1.597393,-0.41040438,-0.25333524,0.68341863,0.8040988,0.37810057,0.38380703,0.9797106,-0.73227626,0.12769857,-0.06374386,-0.2966844,-0.028176893,0.21536286,0.34832868,0.17198825,0.40524182,-0.7765006,-0.99714345,0.060154866,0.24980636,-0.798577,-0.6594167,-0.58057785,-0.9516085,0.34867018,0.65803564,0.35586515,-0.5812624,-1.1759684,-0.271048,0.7352568,0.8031421,-1.7169755,-0.24917579,-0.08018498,-0.45526615,0.5075215,-0.04236554,0.23589544,0.42651242,0.23871645,-1.3575194,1.0409579,-0.22707787,1.1357135,1.1925266,0.021820668,1.3362336,-0.66963756,-0.22363953,-0.92620003,0.29962203,0.9356271,-1.5792382,0.815451,-0.49245483,-0.70539415,1.3038883,-1.4651304,-0.08084658,-0.9533583,0.3759358,-0.57889163,-1.2259918,1.742617,-1.9762548,1.6228584,-1.5947015,-0.5717348,-0.5426739,-0.7509023,-0.7970753,0.39336717,0.41548434,0.2877579,0.23034663,0.051986195,0.37444243,0.28931898,-0.04819269,1.2514497,0.32190418,0.65792334,-1.3713094,-1.4707654,0.06358443,0.23924597,-1.2874053,-0.72722554,-1.473842,-0.22282755,0.3645209,-1.1666363,-0.8035366,0.814843,-0.7019181,0.63432217,-1.4032853,-0.99221545,0.5450068,-0.8908948,1.7306591,-0.78731793,1.5545263,-1.2942317,-0.6500625,0.29254645,-1.3658972,0.28002098,0.051468622,1.916486,0.5321844,0.5384444,0.6521102,0.9170786,-0.60610837,-0.1205024,1.4263794,-0.15724829,1.7376165,0.25989732,-0.36053845,1.7769053,0.09943194,0.9248575,-0.21447401,-0.00027202367,1.686395,-0.5276786,-0.38575408,0.30847183,-0.057717074,-0.10374789,-0.07723471,0.73584956,0.36377302,-0.3423596,0.54781973,0.8302399,-0.30115905,-1.3128988,-0.41427603,0.87463725,1.3388875,0.9502443,1.4233961,-0.27852106,-0.40840062,-1.8533056,0.51584446,0.9461689,0.57089627,0.31812674,-1.5910885,0.90124303,0.45771217,0.20463824,-1.7228712,-1.9308655,1.5477822,0.71219736,0.029777873,1.4990537,-0.84280604,-1.7367493,-0.5310751,0.11576022,-0.22647047,-1.2539576,-0.9675766,0.065956,0.0891448,1.6039292,0.89384043,0.7419349,-0.015288418,-0.3334217,0.68237364,-0.038502507,-0.4550318,-0.010699669,-0.024280954,0.59490246,-1.636244,-0.40062207,0.31975177,-2.394891,1.3405757,-0.1992033,-0.49884534,-0.31278333,0.31142634,-0.94042444,-0.29239258,0.14242218,-0.97952443,-0.0947092,0.7470402,-1.3049778,-1.0854973,1.4996704,1.0650758,-0.25518566,0.16203192,0.4735611,-0.13831136,1.0373127,-0.25515658,-0.528118,0.07006668,-0.26097226,0.049224593,-0.2893007,-1.3315389,-0.33192334,0.6416108,-0.86617947,-1.198555,0.69768417,0.20198365,-1.5228225,-0.53019637,0.15902963,-0.8514013,0.8553175,0.8282007,-0.302504,-0.2841736,-0.89643735,-0.73911965,-0.27872735,0.20420626,-0.6926319,-0.09886497,0.7471092,-0.9204359,0.36342025,1.9025347,0.08133058,1.9071586,1.4324714,0.122847416,-0.17900074,0.61591727,-0.07714137,-0.44021067,1.0058941,-1.1027969,-0.97835493,1.6554453,-0.023687154,-0.8899129,0.031226158,0.719587,-0.32123962,0.11131106,0.038755454,0.53815204,1.4490739,1.1542045,1.7112093,-0.0026262521,-0.22711246,-0.76703364,0.6088901,-1.0618124,-0.87261903,-0.23091578,0.64889604,2.6311684,-0.53766155,0.35455424,1.054196,-1.3031008,-1.0113434,-0.02904737,0.61670315,-0.13350017,-0.69737554,0.21587567,-1.3121579,0.10752921,-1.7411648,-0.4828773,0.78623664,1.1040113,-0.76992595,0.24042234,0.92275494,-0.112230435,-0.86586034,-0.23829278,0.5485991,1.7789385,-0.43541718,-0.60498524,0.068335876,-0.9182607,-1.8665997,-0.23271465,-0.93385,-0.8724964,-0.064865075,-0.18010244,0.003955281,-0.6395179,-0.6439816,1.5559889,0.30401498,-0.72865415,0.54658073,-0.7619156,0.7627734,-0.37523067,-0.7516832,1.9425443,0.41991812,-1.2714303,0.50485814,-1.3177242,0.8481199,-0.6508999,0.65167123,1.1484584,0.8774311,-0.7418081,0.9939348,-0.3203452,-0.26160598,-0.18268478,0.87863046,-0.44314098,0.08154859,-1.8724442,1.0234401,-1.3171713,-1.0726174,0.1184904,0.99592286,-0.9056016,0.045330238,0.09380098,0.7316855,0.15999435,-1.4006851,0.19733554,2.0119596,-0.59369045,-1.1441498,0.40209088,0.45910397,-0.49689847,0.42461562,2.163477,0.2949919,0.5768831,-1.2449661,-0.91858876,0.8306198,-0.676971,-1.6455574,-0.7397443,-0.33585444,0.14923283,0.30855352,-0.18569246,1.0860302,-0.17200175,0.5688156,0.7362073,-0.39433843,-1.0072142,-0.19084026,-0.27278432,-1.311627,-1.2952648,0.56537986,0.73248637,-1.030923,0.4545219,0.8071278,1.810043,0.6275682,-0.82078373,-0.6102875,1.1026459,0.8868086,0.5246339,-1.3215783,-0.8532332,0.42520466,0.9827936,-1.218366,0.08579996,-0.45488444,-0.34197554,-1.9955251,1.1937866,0.26651162,-0.31217155,0.8594903,-0.04146455,0.20697923,0.7798408,-0.3792662,0.7039387,-0.051114332,-0.6971255,-0.4305277,0.18801938,-0.55794066,0.40977445,-0.68954724,0.31370646,-0.67877066,0.49588045,-1.3219752,0.588538,0.013003686,0.37497368,0.3001042,0.25527936,-1.5291232,-0.5067593,-0.35000387,1.6440834,0.659883,-0.06307735,-0.6383297,0.52178955,1.8159225,0.8178485,-0.28394043,0.2760094,0.221523,-0.69129616,-0.19671252,-1.2849663,-0.6657662,0.54395694,0.588987,-1.4147359,1.634585,-1.6827396,0.58392423,-0.40964207,-1.4699627,0.2142547,0.09197514,-0.7344798,2.2905755,1.5607798,-0.3918055,-0.25424322,0.6384657,0.7068604,-0.6170441,-0.22217622,-1.295172,0.6495703,1.2218606,0.9468191,-1.1384628,-0.344809,1.138986,-0.33108443,1.01568,-0.3825522,-0.3827785,-0.5349515,-0.13640383,-0.86469424,-0.4525605,-0.6029006,0.016505385,-1.2442725,0.77393085,-0.16883063,-1.2756509,0.7914523,-0.42297286,0.15671842,-0.3181104,0.8687584,0.7138816,1.1770685,0.5704075,-0.8703758,-0.23516747,-1.3040745,-0.34302133,0.482071,-1.2047333,0.22423296,0.21504363,0.75495684,2.0840125,0.070637025,-1.2041947,0.56697285,0.013999444,0.67005014,0.027887344,-1.3968904,-0.77800924,0.4164508,0.57776636,-0.19571991,-1.2027537,-0.40552226,-0.14085516,0.68542784,0.29641268,0.5156146,-0.16587755,0.39487436,1.5847886,0.42505464,0.18815616,0.0
ヲ,0.3204558789730072,0.4855282008647918,0.0386574491858482,-0.6651995182037354,0.0490829683840274,0.0940057858824729,0.6291446089744568,0.0650162622332573,-0.4896918833255768,-0.3034566342830658,0.531316339969635,-0.487235277891159,-0.4013601243495941,0.0521582029759883,0.101046934723854,-0.0911417379975318,0.0952261090278625,-0.081516221165657,0.0092748822644352,-0.2267258316278457,0.0284782815724611,-0.6868160367012024,-0.12941774725914,0.1220920085906982,-0.0853891372680664,-0.4033584892749786,-0.2690415978431701,0.5193651914596558,-0.1828631609678268,-0.1668718755245208,-0.5536885857582092,-0.4236160814762115,0.1363588869571685,-0.0043045855127274,0.2771356105804443,0.0777556598186492,-0.349789023399353,0.0405227653682231,0.2743625044822693,-0.4475827813148498,-0.3583854436874389,-0.3529216051101684,-0.3722110688686371,-0.0259282104671001,0.2640205323696136,0.0198842380195856,0.0364948809146881,0.3889755308628082,0.8042479753494263,0.328020304441452,0.0530457161366939,0.4032005071640014,0.2716283500194549,-0.0084155788645148,-0.1877461820840835,0.0536935292184352,0.6731001138687134,-0.2946824729442596,0.3388879895210266,-0.0479425154626369,-0.4568000435829162,-0.2460206449031829,-0.5809024572372437,-0.2073211371898651,-0.3003045916557312,0.5824452638626099,-0.0996634289622306,0.512287437915802,-0.1298250406980514,-0.1369018703699112,0.1159257143735885,0.0194971449673175,-0.2212868928909301,0.1427001506090164,0.4996728599071502,-0.4105642139911651,0.5981200337409973,0.1283487677574157,0.5325942039489746,-0.0166004542261362,-0.5264654755592346,0.4191180467605591,-0.0281153991818428,-0.7386475205421448,0.4002896249294281,0.3152879774570465,-0.8227277398109436,-0.5908923149108887,0.636773407459259,-0.2950717806816101,-0.5188850164413452,-0.2031677067279815,0.4348208010196686,0.6245151162147522,0.1119444742798805,-0.3088938891887665,0.1627254337072372,-0.1847617477178573,0.2049695700407028,-0.0259799268096685,-0.2985639572143554,-0.4027934670448303,0.8797925114631653,-0.8243235349655151,-0.2577989399433136,0.6186829209327698,-0.1281811743974685,0.289609283208847,0.2863149642944336,0.5281062126159668,0.5563815236091614,-0.7008782625198364,-0.2357297539710998,0.2597061097621918,0.2348428070545196,-0.152508333325386,0.3962023258209228,0.19699028134346,-0.1905360370874405,0.0706462562084198,0.2313521057367324,0.784801721572876,-0.1321071535348892,-0.0334127247333526,-0.2284151315689087,0.2117489576339721,0.4622076153755188,-0.1725536286830902,0.1420440375804901,-0.1547039598226547,-0.1596508175134658,0.2373322695493698,-0.0816425383090972,-0.1296053081750869,-0.2838131487369537,0.6191445589065552,0.0927719399333,0.3536352813243866,-0.1033345162868499,-0.7652285695075989,-0.2812616527080536,0.0512293651700019,0.5681259632110596,-0.1689401865005493,-0.2222278267145156,-0.2293010503053665,0.1710023880004882,-0.21061372756958,0.2614550292491913,0.5954231023788452,-0.3800278902053833,0.4955954551696777,-0.5650869011878967,-0.182464063167572,0.3847026228904724,-0.1075849682092666,-0.6303814053535461,0.1449606716632843,0.0765232965350151,0.235061764717102,0.3683367967605591,-0.5445741415023804,0.1096892431378364,0.3879322409629822,0.4546469748020172,0.8852307200431824,0.1491012126207351,-0.0920034945011138,0.3862189054489136,0.9726864695549012,0.6583338379859924,0.4995845258235931,0.7847920060157776,-0.4844141900539398,0.425960510969162,0.4844289422035217,0.1064777672290802,-0.3954795598983764,0.2428168207406997,-0.6542416214942932,-0.1510819792747497,0.1314856261014938,-0.3717618286609649,-0.3185774087905884,0.2693789303302765,-0.34159055352211,0.5524915456771851,0.031487051397562,-0.2094360142946243,0.1543981879949569,-0.3244028091430664,-0.4815765917301178,-0.1519664674997329,-0.2994093000888824,-0.6921188831329346,0.2445336878299713,-0.2722389698028564,0.0951792821288108,-0.0340509116649627,0.4660629034042358,-0.0307929329574108,-0.161566287279129,-0.8007506132125854,-0.5878145098686218,-0.6243646740913391,0.3358555734157562,0.1035802736878395,0.516731858253479,0.6170958280563354,0.0170042160898447,-0.0807152390480041,0.0012338972883298,0.2587902843952179,0.2374855130910873,0.4090365469455719,-0.3441594541072845,-0.4068492352962494,-0.1941809207201004,0.2163871228694915,0.6346567273139954,0.22193144261837,0.2320992946624755,0.6821820735931396,-0.0536699630320072,-0.055757962167263,0.3331465125083923,0.1477423906326294,0.1193944960832595,0.4756081402301788,0.0595162697136402,-0.1838242262601852,-0.4934022128582001,-0.8607501983642578,0.0587736815214157,-0.1936762183904647,0.0115055590867996,-0.3750826716423034,0.6437875032424927,0.5977579355239868,-0.0425830855965614,-0.1730849742889404,-0.1650083661079406,0.1536269783973693,0.0038658769335597,-0.5980100035667419,0.5353774428367615,0.1017486378550529,0.0274135824292898,-0.0706258341670036,0.0024264759849756,-0.8247966170310974,-0.615157425403595,0.1685298681259155,0.2022072821855545,0.3994459509849548,0.238968625664711,0.1545916199684143,-0.613805890083313,0.0557384863495826,-0.3769707381725311,-0.304839551448822,-0.7299122214317322,-0.3749963343143463,-0.3693147599697113,-0.2313769459724426,-0.0548492036759853,0.2487371265888214,-0.2830171287059784,-0.5715862512588501,-0.756170392036438,0.0153585886582732,-0.1776785850524902,-0.2373984009027481,0.1697172373533249,-0.5375492572784424,-0.0990006327629089,-0.1957247704267501,0.3692850768566131,-0.5263259410858154,0.0303290300071239,-0.4087697267532348,0.4963325560092926,-0.4010292887687683,0.2514719665050506,0.264965146780014,0.3724027872085571,-0.2489191442728042,-0.8029125928878784,-0.0911488234996795,0.3020965158939361,0.146323099732399,-0.3204164803028106,0.1378505378961563,-0.3395130336284637,-0.2293420583009719,-0.0827428698539733,0.4040572941303253,-0.2762787044048309,0.1909001171588897,0.0571515187621116,0.7910487055778503,-0.3184019923210144,0.6146313548088074,0.4848400950431824,-0.2616060376167297,-0.2662145793437958,-9.8771115517593e-06,-0.3455253839492798,0.2665778994560241,-0.2445309311151504,-0.0261648967862129,0.7650332450866699,-0.2633718848228454,-0.0145808709785342,0.071064181625843,0.2150448560714721,-1.7408852577209473,0.2825904190540313,0.1806997060775756,0.1667635291814804,-0.5117776393890381,0.839743435382843,0.4127210974693298,0.131881296634674,-0.1027156859636306,0.0299286730587482,0.5988833904266357,0.3725480437278747,-0.0759102553129196,0.3358051478862762,0.0693007335066795,-0.1527679413557052,0.0176132135093212,-0.3091727793216705,-0.0856363549828529,0.4915342330932617,-0.0247750766575336,-0.3229698836803436,0.061409406363964,-0.5409196615219116,0.1205413788557052,0.2121038138866424,-0.0461340174078941,0.0374266654253006,-0.1425399631261825,-0.6834052205085754,0.3118430972099304,0.7858701348304749,0.329594075679779,0.4992538690567016,-0.344457060098648,-0.2637880742549896,0.3265210688114166,-0.0684621706604957,0.0415456295013427,0.256737470626831,-0.1517443507909774,-0.1339569687843322,1.0280227661132812,0.5759252905845642,-0.2478446066379547,-0.0604220852255821,0.0214361604303121,0.0314754359424114,-0.2568363845348358,-0.2489981651306152,0.6615378856658936,-0.0313007272779941,0.2917622327804565,0.3394989669322967,0.4338203370571136,0.0062062963843345,-0.166797250509262,-0.1860204488039016,0.402532696723938,-0.8260523080825806,0.4708057641983032,-0.1749128997325897,-0.085546113550663,0.0928791463375091,-0.4375042617321014,-0.1466541737318039,0.1911525428295135,-0.3526182174682617,-0.2481541037559509,-0.5709146857261658,-0.1770616024732589,-0.228446215391159,-0.2800900936126709,-0.3503553867340088,0.2203634828329086,-0.1203128919005394,0.1211751848459243,-0.5081344246864319,-0.0503873154520988,0.3482100665569305,-0.1362237334251403,-0.056479774415493,0.1403346061706543,0.2924045026302337,-0.2017356008291244,-0.4534562826156616,-0.4401923716068268,-0.7485994696617126,-0.6471848487854004,-0.1862692236900329,-0.1717788428068161,-0.1724080592393875,0.0826343446969986,0.1674203425645828,0.0703337639570236,0.0390617400407791,-0.0128400810062885,0.3802587985992431,-0.4536420702934265,-0.782600998878479,-0.2814096212387085,0.5625092387199402,0.5053804516792297,-0.071104496717453,0.4473376870155334,0.1198411807417869,-0.0126887401565909,-0.2218373566865921,0.0578853264451026,0.3583618700504303,-0.8814335465431213,0.183538869023323,0.354167103767395,-0.0725191980600357,0.0535488687455654,0.2237451076507568,-0.1667503267526626,0.4656839072704315,-0.2989868819713592,-0.6985520720481873,-0.5028764605522156,0.1994774490594864,0.0291617959737777,0.6447843313217163,0.639089822769165,1.021400809288025,-0.5333119034767151,0.0190039481967687,0.4159266948699951,-0.3439691364765167,0.4859835803508758,0.0782874971628189,-0.528586745262146,-0.1930750012397766,0.3810518085956573,0.6707021594047546,0.3197977542877197,0.1903689205646515,-0.1064643934369087,0.0875580161809921,-0.3277841508388519,0.0650975033640861,0.2064768075942993,0.3195544481277466,-0.3385978043079376,0.372130274772644,-0.4096694886684418,0.0989624857902526,-0.4357123076915741,-0.3577343225479126,0.8118838667869568,0.2137626558542251,-0.0089520383626222,0.1701973527669906,-0.5677064061164856,-0.4176171720027923,-0.524898886680603,0.0073866927996277,-0.2905154526233673,0.4139170050621032,0.3097327351570129,-0.0186425764113664,-0.728797435760498,-0.0384173244237899,-0.0435743033885955,0.4856541156768799,0.7119395136833191,-0.5337306261062622,-0.1195085346698761,0.4539907574653625,-0.237971544265747,-0.0639684498310089,0.5981972217559814,0.4276098608970642,-0.0048958505503833,-0.6460533142089844,0.2525036036968231,0.3103735148906708,0.183103546500206,-0.2672407925128937,0.488578736782074,-0.0005249618552625,-0.6604204177856445,-0.0546648949384689,-0.3457785248756408,-0.3208663165569305,-0.1638485342264175,-0.5000569224357605,-0.202728733420372,-0.5749695897102356,0.1266409903764724,0.3845697343349457,0.7949180603027344,-0.7571551203727722,0.2227615118026733,0.2874870300292969,0.1111689507961273,0.4775233864784241,-0.0645553767681121,0.011907392181456,-0.2423970699310302,-0.1244736462831497,0.7176164388656616,0.0569379925727844,0.2117968648672104,-0.3096396625041961,-0.4825328886508941,0.2088540196418762,-0.355385810136795,-1.0420490503311155,0.7793564200401306,0.012664427049458,0.4132837951183319,-0.7081760764122009,0.1493453234434127,-0.7651697397232056,0.0032540704123675,-0.0914791077375412,0.0978366658091545,-0.1116545498371124,-0.8757041692733765,-0.3139916360378265,-0.1590943038463592,-0.566377580165863,0.5023816227912903,0.4602360129356384,-0.9821589589118958,-0.1582596749067306,-0.0070979255251586,-0.2531427443027496,-0.3604272902011871,-0.0941133052110672,-0.7887964248657227,0.2219288796186447,0.3755541443824768,0.5312511920928955,0.1598069667816162,0.259240984916687,-0.350378543138504,-0.4551799297332763,0.9467083811759948,0.2260780781507492,0.3708216845989227,0.2141226977109909,-0.2143303006887436,0.3571382462978363,-0.4924136102199554,0.4193252623081207,-0.2256555706262588,0.6135064363479614,-0.1030667945742607,0.5488178730010986,0.1625766605138778,-0.4677271842956543,0.0433758683502674,0.9873994588851928,0.4146472215652466,0.6221747994422913,-0.0347541160881519,-0.4455163180828094,-0.9752799272537231,0.619540274143219,-0.0752112418413162,0.0707108974456787,-0.2230593711137771,-0.1691255271434784,-0.0887128338217735,-0.7563556432723999,-0.2035101056098938,0.5691042542457581,0.1234966143965721,0.5359523296356201,0.0908351987600326,0.0026406394317746,0.8012840747833252,0.3362390697002411,-0.5438360571861267,0.0621774941682815,0.2115887254476547,-0.1348314434289932,0.3842018842697143,0.5099607110023499,0.2374593615531921,-0.068747267127037,-1.1411858797073364,-0.1129660159349441,-0.3909855484962463,0.4265235662460327,0.3410027325153351,-0.3351138830184936,-0.304574966430664,-0.2024471759796142,0.651141345500946,0.0118816122412681,-0.1180346608161926,-0.392895758152008,0.0802096873521804,0.018132084980607,-0.3096823394298553,-0.0404152870178222,0.3725655972957611,0.4211075901985168,-0.3595326542854309,-0.1722401231527328,-0.1530766189098358,0.2778626382350921,-0.3643953800201416,-0.484514445066452,0.2747633159160614,0.0699016153812408,-0.2016126662492752,-0.0232675895094871,0.1878821104764938,-0.4560297131538391,-0.1545212417840957,-0.068447008728981,-0.5711832046508789,-0.0774160549044609,0.2261106818914413,0.2770842909812927,0.1027728021144867,0.1369340270757675,0.0550413504242897,-0.3401311337947845,0.3451176881790161,0.1430452316999435,-0.9154706001281738,-0.1720589846372604,-2.547670010244473e-05,0.2424150258302688,0.4374765753746032,0.2343399673700332,-0.2358662784099578,0.1986692398786544,-0.5195231437683105,-0.0309079866856336,0.2128483802080154,-0.5266289114952087,0.2320677936077118,-0.0497545041143894,-0.4038551151752472,-1.2602094411849976,0.3594813644886017,0.0409864224493503,-0.1618845462799072,-0.1448629349470138,0.0241664592176675,-0.0381735749542713,0.2516963183879852,0.1248134076595306,-0.2569046020507812,0.2691390514373779,-10.183902740478516,-0.2567149996757507,-0.718460202217102,-0.6796305179595947,-0.3511599004268646,0.3789778351783752,0.6482551693916321,0.4523553848266601,-0.273004800081253,0.4895169138908386,-0.1091485396027565,0.3039752840995788,0.172423243522644,0.5182987451553345,0.0184263717383146,-0.007570412941277,0.214918777346611,-0.0909195467829704,-0.2019148916006088,-0.3108972012996673,-0.057962242513895,-0.1133148521184921,0.6724187731742859,0.0676067993044853,-0.039084319025278,-0.6405877470970154,-0.3950639069080353,0.3108253180980682,0.0564018674194812,0.5072709321975708,-0.550993800163269,1.0070217847824097,-0.4920615255832672,0.4789992272853851,-0.2841202616691589,-0.5646951198577881,-0.1350406557321548,0.1903202682733535,0.2129331231117248,0.6923608779907227,-0.0486094951629638,0.6786579489707947,0.1882403641939163,0.2139508873224258,0.3854463994503021,0.1514238715171814,0.2538774609565735,0.8112355470657349,0.2596268951892853,0.3866504430770874,-0.2082613259553909,-0.3068653047084808,0.2086789458990097,0.1304090172052383,0.0934861898422241,-0.1980829238891601,-0.1507054716348648,-0.8942746520042419,-0.3281747996807098,-0.2260064035654068,0.5080231428146362,-0.1447638124227523,0.7434154152870178,0.646694540977478,-0.4470295011997223,-0.255549818277359,0.3535367846488952,0.3171027600765228,-0.6138595342636108,-0.1941128969192505,0.554634153842926,-0.4736468493938446,-0.0534936599433422,0.1917922496795654,-0.6951208114624023,0.5464858412742615,0.273507684469223,-0.2494314759969711,0.7680690884590149,0.3176535069942474,0.6653170585632324,0.169256791472435,-0.4707120060920715,0.270485371351242,-0.9562456011772156,0.7431045174598694,0.0506362430751323,0.2953412234783172,-0.2512335777282715,-0.3254406154155731,0.6690670847892761,0.2440534085035324,-0.1781124770641327,0.124390073120594,0.2587287127971649,-0.5263398885726929,0.2787221074104309,0.3456564843654632,0.4044411778450012,0.208187848329544,-1.1107923,-0.89720505,0.35362816,1.9923145,-0.913507,-0.43539795,-1.8453602,0.11659633,1.0623512,-0.6013322,0.3105426,0.5935201,-1.530551,2.0213273,-0.86009264,-0.25095892,0.9790394,-0.6502743,-0.08951215,-0.02890847,0.87414056,0.631787,1.0116948,-0.9650747,0.5485429,0.6949368,0.2753869,-0.7943719,-0.46314088,-0.71102476,-0.34101894,-0.80731297,-0.3418645,-0.4842784,0.082148515,-1.446025,-1.4519204,1.5550824,-0.20239507,-0.43891582,-0.9914622,0.8919506,-0.5083803,0.80417067,-0.85913986,0.053681985,1.9436284,-0.37748516,0.61416465,-0.35412717,-0.7174363,-0.34202442,0.13030344,0.81585145,0.015896702,-0.38143373,0.81230336,0.8816553,0.018256068,-0.48729765,0.2890712,1.627674,-1.2268711,0.6634736,0.89696485,1.7263705,0.26818302,-0.72010773,-0.1434645,-0.304796,-2.2559767,-0.8972984,0.30189902,1.2884473,-1.2475716,0.754206,0.09099647,-0.03156507,-0.027954876,0.53186005,0.66253364,-0.041644346,-0.3369596,1.6605783,-0.19627903,-0.55558586,-0.7883772,0.3150178,-1.4562706,-0.2554535,-0.005467554,-1.6527525,-1.1415063,-1.4994749,0.9912204,0.026948035,-0.93868995,-0.40094328,-1.2303206,-0.028790632,0.43191645,0.99697596,-0.51629883,0.09068718,-1.4234685,-0.09391292,-0.9093609,-0.8711824,-0.66858274,0.60621494,-0.35510647,0.84058446,1.366876,2.0159533,0.43386635,0.75076246,-0.69309974,-1.4018044,-0.61775607,0.48298717,1.2296141,-0.27895668,-0.7534005,0.44404647,0.13096128,1.4966797,-0.48701265,-0.6364171,0.8378096,-0.96696895,1.1217941,-0.7661037,1.9403521,0.90859985,-0.6331122,-0.5939407,-0.4893875,0.3772441,0.1288113,-1.2429987,-0.68411845,-0.26711938,-0.21902187,-0.038880516,-0.06584122,-1.4629334,0.6131306,0.6443419,1.0427347,-0.3279387,-0.1750691,-0.5262412,-0.76374006,0.40891087,0.3625054,-0.11355287,-0.32504508,-0.24586286,-1.3567933,1.5060257,0.5257611,0.7485582,-1.102597,0.43194804,-0.14534949,0.58275765,-1.024612,0.6274159,-0.8188992,-1.9572328,-0.36157432,0.17773862,0.399267,-0.38892463,0.6891725,-0.6181052,1.266707,0.61857074,-0.8258032,0.068298124,0.8900604,1.6250216,-0.1769193,1.3289622,0.067009084,0.7631378,0.37627304,0.30540976,0.22557063,-0.0017113338,0.14815943,-0.40719903,0.80797523,0.71362776,1.1552753,2.2024882,0.7456417,-1.5823959,-1.1006769,0.9950795,-1.8520964,0.02539596,0.57818633,-0.22117464,1.2248735,-0.4826621,-0.9189659,2.1914108,0.49103475,0.33937025,-1.5820152,-1.6779135,0.56558275,0.69998837,-0.7883105,-0.29190668,-0.47719932,0.6627,-0.8889592,-0.8622317,0.46685073,0.7118637,0.70785594,1.755963,-0.7813689,0.24158764,0.49228182,0.4310831,0.4130343,0.8011677,-1.0659947,0.45942613,0.73810357,-0.71432763,-0.33664438,-0.084656745,-0.7077184,0.95284176,-0.88904095,0.015948443,0.31319937,-0.77640945,0.1799107,-0.40527275,0.5464015,0.8214957,1.2962793,0.71817595,-1.520576,0.054740693,0.5331659,0.6449003,0.40551305,0.2953128,0.9002149,0.65563077,-0.803287,0.4261737,-0.19433366,-0.18450232,-0.072078906,0.8490775,-0.2156337,0.25206432,0.407259,-0.503462,-0.43318108,-0.11684242,0.07214975,-0.76271707,-0.39433503,-0.8858759,-1.6428976,0.056808967,-0.25081927,0.18669099,-0.79035187,-1.0260607,-1.1715035,-0.112438895,0.56376606,-0.7933107,-0.23589127,0.26752126,0.2762417,0.6012837,-1.2382592,0.26678172,0.68659425,0.7879348,-1.8709844,0.7282703,0.47673666,0.72436976,1.031283,-0.1565627,1.3260361,0.54811287,0.8520556,-1.6589454,0.39500847,1.0822984,-1.6992968,0.7495113,-0.4033997,0.031667367,0.29406083,-2.1550367,0.20860976,-0.86234826,-0.2985629,-0.20632136,-1.6090803,1.7268124,-1.8875152,1.4468279,-1.5620579,-0.21648526,-0.1794477,-0.25729546,-1.587066,1.3291503,0.07131227,0.52058786,0.689794,-0.1036146,0.38665223,0.98281264,0.7109234,0.7438659,-0.057602167,0.61281276,-0.81319827,-1.4840924,0.7334099,0.46944165,-0.86411667,-1.5990715,-1.3350438,-0.43900225,0.4684378,-0.91995454,0.07056508,0.8925168,-0.12619734,0.8022683,-1.2300872,-0.060878262,0.044800833,-0.513423,1.917209,-0.41840017,1.665847,-1.2923157,-0.17194319,0.35742998,-2.033854,-0.7643056,-0.0422947,2.1923716,0.5174708,0.69140977,0.07613208,0.25678992,-1.151344,-0.4423361,0.59022135,-0.0063412986,1.8024,0.4501859,0.041076135,2.0522,-0.017880043,0.31456134,-0.8115006,-0.14321275,1.5962707,0.18323784,-0.4271461,-0.6383387,-0.6792008,-0.7193844,0.007836175,0.23107825,-0.77991694,-0.116768174,0.8589248,0.7150125,-1.1688876,-0.60066193,-0.8161494,0.84633905,1.5453123,1.9660807,1.4164132,0.6050113,-0.80388194,-1.6623384,0.32989657,1.2228526,0.07660198,0.6040171,-1.8770628,0.22294712,0.14631993,-0.6521725,-0.6103248,-1.7509085,1.1952281,0.18638127,0.44260427,1.4965051,-0.9369982,-0.95932937,-0.48519242,0.55793285,0.3456745,-0.79736763,-0.66305125,0.57674176,-1.0333871,1.5765809,0.252492,1.0070118,0.10412905,0.5784015,0.8734415,0.4467653,-0.90911216,-1.0244757,0.011285901,0.5651841,-1.2052679,-0.5088039,1.1028143,-1.7537848,0.6185504,-0.37152028,0.08414217,-0.12998389,-0.41166046,-0.41118884,-0.59952396,0.28960544,-0.8293893,-0.35763597,0.41938785,-0.6706242,-1.5495483,1.0020922,1.9238105,-1.3209847,0.37029552,0.16346462,0.01893465,0.5567434,-0.42665634,-0.5730596,0.707431,-0.35541615,0.13157676,-0.38849044,-1.3824104,-0.7849013,-0.24516928,-0.84277004,-0.7314394,0.68060917,0.83755606,-1.7177197,-0.59158,-0.40341783,-0.55370367,0.50508595,0.57592493,0.28130966,-0.5243686,-0.09630265,-0.04393727,0.014835586,0.67184025,-0.19114034,-0.52700377,0.7958371,-0.23425126,-0.24868304,1.1839236,0.23198837,0.5452208,0.95157814,0.43092206,-0.78622484,0.047698896,-0.6086077,0.18633199,0.8713091,-1.3843132,-1.09496,1.6369047,-0.36343208,-1.4482203,-0.053314608,-0.11032463,0.093427576,0.62482464,0.034449797,0.7433517,1.2847257,0.45607367,1.680601,-0.4850421,-0.3429265,-0.4856316,-0.18009518,-0.6698146,-0.83180904,0.9947753,1.0893201,2.6792946,-0.49115133,0.33478177,0.5495542,-1.204366,-1.3630749,0.292454,0.558302,-0.112148345,-0.5778552,-0.17696166,-0.57353395,0.19461603,-1.8796595,-0.58084553,0.34631655,0.5986289,-0.45377374,-0.15472253,0.6327954,0.09793533,-1.2966763,0.25135192,0.9973493,1.119337,-0.10226765,-1.1423208,0.54009366,-1.0341359,-1.5698843,-0.045600306,-0.64047164,-0.9153841,-0.02535682,-0.035605263,-0.86762017,-1.1029748,-0.38079596,1.7218213,-0.06855473,-0.12344482,-0.14335243,-0.5276818,2.0684211,-0.99670404,-0.8482873,1.397138,0.54031354,-1.6896824,0.24906991,-1.5195996,0.1772186,-0.49563196,0.38367358,0.57948774,0.48965824,-0.16665643,1.6555678,0.467249,-0.32383752,0.62365925,0.67123264,-0.069218755,0.27034163,-2.4630213,0.83778566,-1.668027,-1.4286934,-0.07624304,1.1304648,-0.5658151,-0.23161568,-0.45583808,0.34759545,0.80445546,-1.0421284,1.045195,1.9256144,-0.54611564,-0.62474304,1.179026,0.30371565,-0.6655629,0.6152642,2.2473886,0.61402696,1.138433,-0.7788759,-0.6073753,0.09178092,-0.53210527,-0.83945006,-0.16909914,-0.01778999,-0.19179964,0.8480902,-0.07655353,0.3360293,-0.746438,0.055534024,0.9498262,-0.54403377,0.03724754,0.49606064,-0.66699815,-1.266986,-0.80661374,0.88473505,0.7481022,-0.2746687,0.10184955,0.61376,1.5010856,0.82048017,-0.3684306,-0.24913807,0.11277645,1.392336,1.0404853,-0.93316394,-1.1779766,0.7494962,1.3757191,-0.9233815,0.48307335,-0.8847363,-0.28044593,-1.1394368,0.81130713,0.36214355,-0.3490671,1.561141,0.01550286,-0.016946742,0.730233,-0.26876524,0.104362525,-0.2235316,-0.64093924,0.38338724,-0.10239164,-0.69914263,-0.23019765,-0.8291514,-0.17457019,-0.42284083,1.1976175,-1.2484609,0.4729289,0.03158002,0.94480944,0.04907879,-0.64257675,-0.9715484,-0.45854986,-1.4451904,1.6166139,0.90847176,0.09530672,-1.7195263,0.006552736,0.98491573,0.09906653,-0.13457604,0.07521457,-0.2882214,-1.7055712,-0.45896146,-0.9673683,-0.52726555,0.9486328,0.9803757,-0.4384868,0.8669472,-1.5964683,0.7054264,0.06539781,-0.95359755,0.5989937,-0.24617338,-0.7733591,1.5424606,1.5352898,0.46289584,0.47006837,1.2304238,0.821786,-0.2353741,-0.5591785,-1.7116607,0.6577896,0.920649,0.9770827,-1.26847,0.2420234,0.6534529,0.18092926,1.4321407,-0.77308637,-0.42174494,-0.6074621,-0.23372495,-0.71354127,-0.39448678,-0.93275523,-0.47528073,-1.2091976,0.04438584,-0.5793173,-0.19027792,0.4918965,-1.0781766,-0.023036122,0.45638227,1.1927841,0.5531667,0.5988547,0.25315347,-0.3472314,0.014295061,-0.8530037,-0.21129344,0.7333131,-1.2294617,-0.008255403,0.510403,0.9592869,2.5155556,0.23106284,-0.47373387,0.21436757,-0.22039984,-0.06744236,0.7263959,-1.0391668,-0.6305454,0.33675817,0.45317984,0.19642358,-0.906686,0.029941559,0.0650507,0.7568488,0.33959913,0.41999233,0.038001645,0.7470854,1.5163399,0.3338869,-0.43856183,-0.9110956,-0.12685345,0.99231774,0.36512637,-1.1200029,-0.34429607,-1.1120228,1.040007,1.0212158,-0.18101867,0.7673107,-0.26138672,-1.2545809,2.2674043,-0.50861174,0.16186655,1.2883166,-1.0460522,0.60066265,-0.43169093,0.8393082,0.6987841,0.360666,-1.0583528,1.2750512,0.63801354,0.9081356,-0.41682133,-0.17751415,-0.13860998,0.20685436,-0.43902817,-0.7249209,-0.30414405,0.5039522,-1.0103987,-1.6641831,1.1694065,0.22289462,-0.5973792,-0.96810776,0.93068534,-0.2925318,0.14439012,-0.42042208,-0.068262756,1.6114621,-0.72312814,0.98816234,-0.27397332,-1.0403875,-0.4203292,0.6040149,0.98611635,0.3218982,-0.15740775,1.26577,0.88221675,0.6348615,-0.44632265,0.4872962,0.65884125,-1.0289286,-0.67406255,0.6228941,0.69829375,-0.09713676,0.028461045,0.07111499,-0.11589661,-1.8352276,-1.2533027,-0.08791065,1.319995,-1.3935456,0.6804707,-0.2357989,-0.97694784,0.31191212,0.12805961,0.4467866,-0.42295015,-1.1002282,1.7469338,-0.63720685,-0.7854512,-0.49587563,-0.27964416,-1.3933977,-0.40485796,-0.59436077,-1.3130381,-1.0529802,-1.841979,1.7895535,-0.124878265,-0.88201696,-1.2719263,-1.5325876,0.28459468,-0.22193635,1.2696449,0.6757379,-0.394418,-1.3173819,-0.4489738,-0.38364816,-0.38384572,-0.56443685,1.0813782,-0.022885313,0.40066624,0.27031538,1.4295448,0.97835755,1.1163338,-1.3659348,-0.6907992,-0.25937465,0.29357,1.9465824,0.23246713,-0.797133,0.4077302,0.016187238,1.2836312,0.26497853,-0.8958995,-0.023773527,-0.033521067,0.36153862,-0.5695384,2.1490238,1.0338355,-1.0171744,-0.632524,-0.21821159,0.6752915,1.2209581,-0.7167743,-0.5566415,0.41872403,-0.3231028,-0.2901334,0.54587704,-0.94495106,0.3377274,0.53954417,1.5562199,0.44144893,-0.20431472,0.15858261,-1.7257057,0.31084612,0.972598,-0.04163705,-0.029238597,0.28260306,-1.2343636,1.2932969,-0.5185438,0.99800855,-0.7024997,1.0115284,0.047613055,1.0382916,-0.96722287,0.29995358,-0.8683074,-2.2350104,-0.76741433,-0.091804,0.3209935,0.06493797,0.5684086,-0.332023,0.009653817,0.2874435,-0.9509611,0.12710783,1.005221,0.71163195,-0.1486272,1.2988714,-0.07833924,0.7599876,0.88624644,0.78829384,0.38823363,-0.0780646,1.3413364,-0.59697914,1.2419152,1.1358763,1.2555233,2.7151368,0.79808587,-1.1944101,-1.8533907,1.2612417,-2.5005357,-0.3661046,0.621942,-1.6615859,0.8248548,-1.197384,-1.1817056,1.6443219,0.19111627,0.2625745,-1.3710704,-1.3015817,0.70155615,1.1005628,-0.20726655,0.36747608,-1.2742834,0.13842471,-0.4925631,-0.27291486,0.7982493,0.89964813,0.42972907,1.2715446,-0.67213255,0.5330208,-0.094708584,0.06589871,0.16391483,0.5159891,-1.086635,0.4606419,0.58572614,0.12456996,-0.63221234,0.7201591,-0.24898754,0.30570042,-0.1824675,0.3426483,0.41162845,-0.22005086,-0.02056787,-0.1780417,0.6476171,0.98642474,1.6127701,0.24806887,-1.4437361,-0.57936823,0.014813731,0.6971727,0.5235608,0.6431089,0.17500354,0.9112048,-0.27567127,0.5311063,0.007651307,-0.9002156,0.12663472,0.45397842,0.27838433,0.22530134,0.43393108,-1.0330507,-0.96901184,0.07508566,0.35896388,-0.86706465,-0.9686405,-0.61450404,-0.6295226,0.6343128,0.5553914,0.107708864,-0.8695183,-0.45174575,-0.8648146,0.70981145,0.45297137,-1.8522993,-0.17008753,-0.2029839,-0.9927806,0.07286108,-0.21003234,0.32487336,0.32898012,0.20725246,-1.766099,1.3518225,0.07449289,0.9159522,1.2879993,0.5850441,1.5026466,-0.82901716,0.39915574,-0.7384083,0.5798833,0.5792424,-1.725696,0.7915999,-0.10652556,-0.8847459,0.8299603,-1.0093442,-0.69511294,-0.656833,0.3879695,-0.6837187,-1.2672039,1.8240414,-1.766826,1.3234185,-1.6013027,-0.46668506,-0.84838223,-0.76809025,-1.2425225,0.32016405,0.47021472,0.07682995,0.26655614,0.089466535,-0.23752064,0.49214625,-0.12948391,1.2421333,-0.52958864,0.30324045,-1.147544,-1.2567004,-0.5526765,0.9181383,-1.3848624,-1.0271913,-1.1792105,-0.2763348,0.85422593,-0.3036436,-0.5371012,0.6556321,0.09542558,0.7243708,-1.4031482,-0.4817458,0.1299505,-0.6258359,1.5670547,-0.28511524,1.0336658,-0.89509743,-0.94987893,0.40443397,-1.3454334,0.02414152,-0.4052333,1.6515421,0.48866606,0.20983122,0.17553993,0.7902097,-0.1316703,-0.058951866,1.2146789,0.24193382,2.1349342,-0.33612213,-0.35779157,1.7780199,0.27239534,1.1455774,0.0545179,-0.53937924,1.7697767,-0.3708472,-0.32181123,-0.05160438,-0.08654625,-0.28733385,0.050393414,0.36721566,0.06037278,-0.13874799,0.48815426,0.5657491,-0.69521254,-1.7636629,-0.69553155,0.9733839,1.3563896,1.2738754,1.6311048,0.089648195,-0.058704216,-1.6851941,0.23848204,0.79671854,0.6255705,0.5734226,-1.1010901,0.44303814,0.19429511,0.19019328,-1.5546077,-1.2527252,1.7328795,0.5418755,0.21359777,1.2505909,-0.7476351,-1.7602404,-0.56124544,0.30456516,-0.6462131,-0.71486187,-0.67841095,0.2952194,-0.6112344,0.81431913,0.7882357,0.5785985,-0.3890942,-0.24115749,0.5715423,0.2680277,-0.79961115,-0.4004338,0.011662483,0.7625048,-1.4824713,-0.8967535,0.098980255,-2.4835265,1.0401965,-0.63975936,-0.27117467,-0.34623805,0.0958116,-0.91361934,-0.4412717,-0.22210705,-0.9800591,-0.70713454,0.6690096,-1.7281595,-1.3544703,1.247572,1.1565701,-0.9706772,0.34923938,0.5915858,-0.13227718,0.8689501,-0.28168252,-1.2511944,0.12843804,-0.62459344,-0.06490048,-0.35548306,-1.6262385,-0.57939434,0.40225804,-1.0934081,-1.6379658,0.99534273,0.71947306,-1.7816278,-0.5502507,0.05451417,-0.041800592,0.9986556,0.90730757,-0.624154,-0.3630704,-1.0004364,-0.75184447,0.46174774,0.15842766,-0.26961514,0.23634805,0.6570865,-0.25802246,0.48566845,1.6876868,0.006575515,1.3973523,1.4302284,0.43184504,-0.30174792,1.1308634,-0.060059134,-0.66132826,0.59364766,-1.0874069,-1.306506,1.3348824,-0.13229486,-1.297113,0.30214915,0.6571738,-0.48602512,-0.03642721,0.70030516,0.70714813,1.2995533,0.6583046,1.7934402,-0.027698308,-0.19362508,-0.107677184,0.690397,-1.1731678,-1.008033,0.065919794,0.8303606,2.5004818,-0.69716024,-0.050839055,0.94128776,-1.09099,-1.3427995,0.25787017,0.6392037,-0.369318,-0.6929671,0.5533178,-1.3498572,0.3640058,-2.0882554,0.008706,1.1244868,0.98429376,-0.660457,0.16627125,1.1006955,0.19920571,-0.52407867,0.2188003,0.441411,1.7865433,-0.5389812,-1.0546039,0.67438483,-0.7677953,-1.964088,-0.1265258,-1.1147455,-0.51484245,0.66698104,-0.39643407,-0.47315922,-0.18243945,-0.4846746,1.6181926,-0.051611792,-0.5244789,0.61517066,-1.9337807,1.0921746,0.28222397,-0.53289205,1.7972366,0.38318643,-1.1950139,0.31654903,-1.1598411,0.71817493,-0.82670903,0.38566875,1.1322178,0.5622945,-1.1419067,0.92132217,-0.9542473,-0.023594053,-0.031587306,0.5825114,-0.23167515,0.57920045,-1.8897009,1.4934611,-1.547718,-0.9884753,0.06752006,0.48737684,-0.568914,-0.25327528,0.26927015,0.4960208,-0.09541272,-1.1206132,0.90810543,1.9150372,-0.46323207,-0.9619221,0.58949,0.70101744,-0.42018414,0.2099045,2.3754184,0.39066982,0.8985243,-0.9036694,-1.1498929,-0.06489339,-0.27152815,-1.3309385,-0.27244967,-0.32540864,0.27761972,0.13066234,-0.24752063,0.5196429,-0.4066684,0.17544933,0.5888281,-0.58289087,-0.29678285,0.019531168,-0.07923017,-1.2660666,-1.5002044,0.67175883,0.81722075,-0.5722293,0.7481974,0.86578274,1.8864952,0.6565122,-0.3522037,-0.7703104,0.6465277,0.5677235,0.99398965,-1.3383418,-1.3037943,0.5483617,1.5575806,-0.7036144,0.17295666,-0.056887526,-0.14356393,-1.7808431,1.3228139,0.3826003,-0.26144573,0.8114629,0.4244477,-0.1598099,0.67967147,0.040515855,0.21633272,-0.110343255,-0.9502893,-0.27099267,-0.2160999,-1.0114418,0.211842,-0.5385213,0.3977572,-0.2675231,0.4397579,-1.6621794,0.55208904,0.007112076,0.90603226,0.476782,-0.055505443,-1.4389161,-0.5114644,-0.62562716,1.9278768,0.8436489,-0.12416857,-1.2031101,0.39794493,1.2413359,0.35637084,-0.37915936,0.4047097,0.5466103,-0.85082585,-0.52942425,-1.2134991,-0.32314932,0.3839666,0.4196243,-1.3053089,1.2238985,-2.1060164,0.9019366,-0.21592039,-1.5841912,-0.7239535,0.22888458,-0.19265348,2.5329099,1.2492098,-0.44144812,0.16908133,0.65461373,1.1464726,-0.23799294,-0.23412423,-0.97733,0.9554948,1.3259263,0.4125129,-1.3028871,-0.37493762,0.487931,-0.69631356,0.83562964,-0.20308991,-0.7594442,-0.86704665,-0.16981411,-0.47364905,-0.6085187,-0.28330258,0.7374272,-1.319132,0.6043081,-0.39182258,-0.819649,0.69320565,-0.44852063,0.3667275,-0.46258628,0.7975175,0.9502657,1.0961136,0.53374594,-0.53680986,-0.1256937,-1.0606765,-0.97647935,0.37031817,-0.9893412,0.46306315,0.47193423,0.9534226,1.8773475,0.102405936,-1.2497824,0.14217074,0.09793725,0.51708794,0.26510948,-1.1287514,-0.43190685,0.019005893,0.21406595,0.6930771,-1.1938428,-0.29940724,-0.35016128,0.46842384,-0.13301711,0.2390294,0.13916977,0.11874867,1.8811475,0.48909092,0.049075406,0.0
ウ,0.7160406708717346,0.5496041178703308,1.0600578784942627,-0.4431724548339844,0.0448430813848972,0.3219568729400635,0.2715650498867035,0.0062799644656479,-0.6299976110458374,-0.2329137921333313,0.5505568981170654,-0.5564342141151428,-0.2968236804008484,-0.1863660514354705,0.32614865899086,0.0199595429003238,-0.1589935719966888,-0.4174444079399109,0.3077236413955688,-0.4441926181316376,-1.435692310333252,-0.5543021559715271,-0.1952914595603943,0.1669474244117736,-0.3150492012500763,-0.4724974632263183,0.2600679993629455,0.0922654122114181,0.3445742428302765,-0.343114972114563,-0.6205287575721741,-0.1694863736629486,0.0276246853172779,0.1345271468162536,-0.5564649701118469,0.5066118240356445,0.0104094464331865,-0.3863275647163391,0.7529186010360718,0.190581202507019,-0.0434430949389934,-0.0062533719465136,-0.1106757670640945,-0.0010885586962103,-0.2329510599374771,0.1116471886634826,0.1652374267578125,0.3185009360313415,-0.0247206445783376,-0.4215655922889709,-0.8240092396736145,0.5963747501373291,0.3773230612277984,-0.0269231144338846,0.1930460333824157,-0.2094836086034774,0.954737663269043,-1.0668796300888062,0.130802184343338,0.3891322314739227,-0.6298655867576599,-0.3246212005615234,0.4780248403549194,-0.1246212720870971,-0.186718076467514,0.2396682798862457,0.023499870672822,-0.0045924559235572,0.492657870054245,-0.536670446395874,0.445383220911026,0.137165293097496,-0.1062554866075515,-0.7000160217285156,0.588559627532959,-0.2727632224559784,0.112935334444046,0.3397274315357208,0.1951669007539749,0.0292498487979173,0.1833639442920684,0.1893945634365081,0.1850089281797409,-0.4678379893302917,-0.4566177427768707,0.1382855623960495,-0.7634050250053406,-1.0278390645980835,0.5832114815711975,-0.3624027371406555,0.033557940274477,0.273272693157196,0.3222914934158325,-0.1099065691232681,0.4741979241371155,0.2392270714044571,0.0166855566203594,-0.0043402756564319,-0.3339742422103882,0.031827837228775,-0.3185054659843445,0.0691365972161293,0.1393540650606155,-0.4681010246276855,0.1093716472387313,-0.1714517027139663,-0.3932948112487793,0.5831077694892883,0.3211843073368072,0.2408215552568435,-0.3932655453681946,-0.3886343240737915,-0.544151246547699,-0.2606160640716553,0.48261159658432,0.0443647839128971,-0.5017679333686829,0.6238043904304504,-0.3327780663967132,0.5301656126976013,0.1648320406675338,0.3450007140636444,-0.046100802719593,-0.4880585074424743,-0.1340521574020385,0.6939308643341064,0.2395305931568145,-0.0871166661381721,0.2279672026634216,-0.1759323179721832,-0.1812437176704406,-0.7236559987068176,-0.0606303624808788,-0.1284232586622238,-0.4148086905479431,0.7964227795600891,0.3081644177436828,0.0459326207637786,0.2721553444862366,-0.5111276507377625,-0.5176360011100769,-0.2339594066143036,0.4802360832691192,-0.6775243282318115,0.1863149553537368,0.4573135673999786,-0.3242950141429901,-0.2710474133491516,0.719058096408844,0.344485729932785,-0.0405073091387748,1.221623778343201,-0.5083168148994446,-0.0042150439694523,-0.1091043278574943,0.5945374369621277,-0.7333052158355713,0.3256069421768188,0.537666380405426,0.4378291070461273,0.7361007332801819,-0.0103426575660705,0.0524857640266418,0.4433907568454742,0.0224078278988599,0.2883355915546417,0.1595441699028015,-0.4797025620937347,-0.3036799728870392,0.4212587773799896,0.1494921743869781,0.548896074295044,0.3409509360790252,-0.0871381014585495,-0.3950188457965851,0.1619779616594314,0.8203318119049072,-0.1802835911512375,0.2675783336162567,-0.7529749870300293,-0.2787104547023773,0.1595818102359771,0.562970757484436,-0.6086323857307434,0.4922395646572113,-0.0607765987515449,0.0525845624506473,-0.1430233120918274,-0.1919663548469543,0.0997748300433158,-0.3555605113506317,-0.5002982020378113,0.5069612860679626,-0.5319347977638245,-0.3023192584514618,-0.4192430675029754,0.3326950073242187,0.1380854696035385,-0.4933838248252868,0.6112861037254333,0.3284007012844085,0.1616570353507995,-0.1621584892272949,-0.5787858963012695,-0.9845398664474488,-0.0654933899641037,-0.0381376333534717,0.2911118865013122,0.2583819925785064,0.3827478885650635,-0.5706953406333923,0.0709239393472671,0.0739507302641868,0.2867769598960876,0.6943717002868652,0.3660307824611664,-0.2548193037509918,-0.4564126431941986,-0.0378085523843765,-0.0454684756696224,0.1466283947229385,-0.2530595660209656,0.3082716763019562,0.1777791380882263,0.0423457957804203,0.1954853534698486,0.1800612956285476,-0.4829595685005188,-0.4469911456108093,0.4224537014961242,-0.5547980070114136,-0.6095532178878784,-0.2875030934810638,-0.0714776515960693,-0.6480852365493774,-0.5900214314460754,-0.388478547334671,-0.0270618125796318,-0.2967996299266815,0.5098548531532288,-0.22074955701828,-0.3468151390552521,0.4216444194316864,-0.3038881123065948,-0.2978987097740173,0.3927764594554901,-0.0596282370388507,0.0485152229666709,-0.271362692117691,-0.1802142113447189,-0.4851191937923431,-0.550102710723877,-0.1460640579462051,-0.0548247061669826,0.3206359446048736,0.4962250292301178,0.4854024350643158,-0.2992788553237915,0.3813333511352539,-0.3735303878784179,-0.4477134048938751,-0.5849761962890625,-0.1867894977331161,-0.1529820263385772,0.0660977810621261,0.1695452481508255,-0.0759079530835151,-0.3525299727916717,-0.7251498699188232,-0.4507409930229187,0.0721923410892486,-0.0167071856558322,-0.0582984127104282,-0.1752388924360275,0.1764365881681442,0.088075466454029,0.1377533078193664,0.4123290479183197,-0.4051860272884369,-0.0089038852602243,-0.2578047215938568,0.5319944024085999,-0.6913993954658508,0.1426066905260086,0.0091378083452582,0.4740738272666931,-0.6846185922622681,0.0018326811259612,-0.4535423517227173,0.7378843426704407,0.5011321902275085,-0.5561357140541077,0.0602494962513446,-0.1660566180944442,-0.9421035051345824,-0.2076736837625503,0.6045069694519043,-0.0015955511480569,0.4080990850925445,-0.1184548586606979,0.392930656671524,0.4433785676956177,0.8906248211860657,-0.0674004629254341,-0.0112778441980481,-0.3926476240158081,0.1577012240886688,0.18877674639225,0.5445039868354797,-0.1628527790307998,0.2813944816589355,0.5108756422996521,-0.6430280208587646,0.3158159852027893,0.840604305267334,0.4549330472946167,-1.77802836894989,-0.315490573644638,0.509924590587616,0.1881543546915054,-0.3583788871765136,-0.2123126238584518,0.2246962636709213,0.3304974436759949,-0.335794448852539,-0.4867393374443054,1.282496452331543,0.2578581869602203,0.1956936717033386,-0.4181706011295318,0.1126364842057228,-0.0562515445053577,-0.1417088061571121,-0.5214462280273438,0.3383252024650574,0.4104311168193817,-0.7612400054931641,-0.0065445792861282,-0.2192858457565307,-0.3208435773849487,-0.5579304099082947,0.3383762538433075,-0.6222559809684753,-0.0154126929119229,-0.3610038161277771,-0.1238558292388916,0.0644548162817955,1.1989210844039917,0.8737666010856628,0.1136054247617721,-0.7855727672576904,-0.187774196267128,-0.0542365722358226,-0.3299339711666107,0.1715893447399139,-0.0471077673137187,-0.1403587460517883,-0.1254177391529083,0.349879503250122,0.1097924038767814,0.1692365705966949,-0.0903558135032653,-0.6123674511909485,-0.1054280996322631,-0.1606510132551193,0.7271825075149536,0.9391486644744872,0.14202481508255,-0.0107327075675129,0.541143000125885,0.9442161917686462,0.3771333396434784,0.1176036745309829,-0.6484299302101135,-0.3322542309761047,-0.4627679288387298,0.0766859427094459,-0.2493514865636825,-0.4175941050052643,0.5562111735343933,-0.149287611246109,0.0368744879961013,0.1740822345018386,-0.8228632807731628,0.4122907519340515,-0.5090331435203552,-0.2347524166107177,-0.2065445333719253,-0.1703664511442184,-0.4299764633178711,0.7415841221809387,0.2431784123182296,0.3587514758110046,-0.3153972923755646,-0.9576084613800048,0.662799596786499,-0.1861715912818908,-0.1347865611314773,0.1952444016933441,0.1569215804338455,-0.0130145577713847,0.1553108692169189,-0.0591698288917541,-0.3216509222984314,-0.8687087297439575,-0.3008919656276703,-0.4204065799713135,-0.0636451244354248,-0.0857962518930435,0.6063085794448853,0.0167367029935121,0.1617683470249176,0.2566567361354828,0.3890993893146515,-0.1402439773082733,-0.2968016266822815,-0.5630148649215698,0.4061540067195892,0.3248182237148285,0.9648025631904602,0.4040554761886596,0.0078669795766472,0.523979902267456,0.0174883659929037,0.0857487842440605,0.1283589303493499,-0.6166248917579651,-0.4257988929748535,0.9454864859580994,-0.4247202277183532,-0.2155346870422363,0.3162325918674469,0.1190092638134956,0.5508721470832825,-0.3955748677253723,-1.002431869506836,0.5232201814651489,-0.32157102227211,0.2513957917690277,1.0220986604690552,0.245553657412529,0.1295281499624252,0.2352876216173172,0.0230562891811132,-0.4232050478458404,-0.2769336402416229,-0.3289223313331604,-0.509810745716095,0.4113638401031494,-0.1826494336128235,0.6000717282295227,0.4723854959011078,0.5991536378860474,-0.0493774935603141,0.3512018322944641,0.2943974733352661,-0.5445080995559692,0.4768691956996918,0.6148988604545593,0.3768306672573089,-0.2980268001556396,0.4510954320430755,-0.4618158936500549,0.0261024199426174,-0.2566526234149933,-0.2924006581306457,1.0113605260849,-0.0366128347814083,0.5851088762283325,-0.7223637104034424,-0.3120304346084595,-0.4959334135055542,-0.4941413402557373,-0.192767396569252,-0.2274348884820938,0.075365774333477,0.2839587926864624,-0.3671100735664367,-0.6587124466896057,0.2883949875831604,0.5989701747894287,0.4797096848487854,-0.0510609298944473,-0.306638240814209,-0.2423850893974304,0.1443103551864624,-0.7134082317352295,-0.5081197619438171,0.575716495513916,0.1336457133293151,-0.3493250012397766,-0.8854405879974365,-0.3180863857269287,-0.1379755288362503,0.1805661469697952,-0.4811800122261047,0.0465103425085544,-0.290102869272232,-0.7400475144386292,-0.273175984621048,-0.4847550988197326,-0.1200441569089889,-0.6421060562133789,-0.3723041415214538,-0.2524562776088714,-0.4793320596218109,0.0046251476742327,0.6948128938674927,0.7403450012207031,-0.4985497891902923,-0.2380929142236709,0.1256924271583557,0.1686508506536483,-0.2385175079107284,0.1640942096710205,-0.3254446983337402,-0.15774767100811,-0.5756934881210327,0.2040051966905594,-0.2761629521846771,-0.0652704909443855,-0.0876909717917442,-0.7345484495162964,-0.4659005403518677,0.0324366055428981,-0.8098662495613098,0.1941544115543365,-0.0571203343570232,0.9315574169158936,-0.5274169445037842,0.1283146440982818,-0.0506936982274055,-0.2374493926763534,-0.5599507689476013,0.5276247262954712,-0.3125468492507934,-1.1585813760757446,0.3610887229442596,0.1456747502088546,-0.4961353838443756,1.2421517372131348,0.209113210439682,-0.6299748420715332,-0.1049925908446312,0.1299864202737808,0.1624376773834228,-0.2304719090461731,0.148638442158699,0.0389331430196762,0.3440857827663421,0.4437224268913269,-0.4375099241733551,0.6193323135375977,-0.0035915866028517,-0.2298985421657562,-0.1354523450136184,0.3424294590950012,0.344156265258789,0.6829055547714233,0.12941475212574,-0.6262499690055847,-0.2232080549001693,-0.325437992811203,-0.0677823722362518,-0.0049347216263413,0.3359613120555877,-0.5255427360534668,0.8923746943473816,0.5958791375160217,-0.5636972188949585,0.3588937222957611,1.2114043235778809,-0.0423423871397972,1.0033893585205078,0.1732223331928253,0.0411442294716835,-0.6278747916221619,0.1510212868452072,0.0785162672400474,0.1135732382535934,-0.0704819783568382,0.0616788268089294,-0.2950425446033478,-0.2071893513202667,0.8606039881706238,-0.121087297797203,-0.3264497816562652,0.0848917290568351,0.2585770785808563,-0.2899852097034454,0.8567606806755066,0.3068051636219024,-0.0136516513302922,-0.1718943417072296,0.3325474560260772,0.6210667490959167,1.231739163398743,-0.4219981729984283,0.3740526735782623,-0.3315471112728119,-0.5471270680427551,0.1436841785907745,0.1501275300979614,-0.086452841758728,0.6012153625488281,-0.6972745656967163,-0.080488696694374,0.7731828093528748,0.2369479686021804,0.0300097912549972,-0.0737051516771316,-0.507893443107605,0.1773186177015304,-0.4614638090133667,-0.1801935732364654,0.0458078272640705,0.3561922907829284,0.7271630764007568,0.4086967706680298,-0.1531369239091873,-0.0661972314119339,0.8011471033096313,-0.0996110737323761,-0.4934886693954468,-0.0796970874071121,-0.1862915009260177,0.0393057391047477,-0.0520649850368499,0.3480192124843597,-0.0210816878825426,-0.2200969457626342,0.696488618850708,-0.226593941450119,0.0158699993044137,-0.2685171365737915,0.3712647557258606,0.1123125925660133,-0.1102825403213501,0.2151762098073959,-0.2132675051689148,0.2190783023834228,-0.0080466317012906,-0.8187978267669678,0.0576216056942939,0.149572268128395,0.0899965018033981,-0.5050914883613586,0.0059439134784042,-0.469350129365921,-0.3574584424495697,-0.1228241100907325,0.1757557243108749,-1.184923768043518,-0.7962396144866943,0.4043115377426147,-0.011384311132133,-0.2222319096326828,-1.394122838973999,0.6045659780502319,0.3704037368297577,-0.0332081988453865,-0.189859390258789,0.2785438597202301,-0.0624178387224674,-0.202721819281578,-0.1569465845823288,-0.201258510351181,0.3423085212707519,-9.881769180297852,0.1127707585692405,0.0250407438725233,-0.6226008534431458,-0.2768200933933258,-0.1419197618961334,1.0979472398757937,0.8698919415473938,-0.1874127089977264,0.4062471985816955,-0.2014871686697006,-0.032834593206644,0.4222115576267242,0.6477712392807007,0.0165358241647481,-0.0757811218500137,-0.2083810418844223,0.1534511595964431,0.1103512644767761,-0.0812371745705604,-0.6076298952102661,-0.3319518268108368,0.7044028043746948,0.2135204225778579,0.3321336805820465,-0.5609503388404846,-0.5385086536407471,0.7213151454925537,0.0239347964525222,0.2181130796670913,-1.00224506855011,0.2961472272872925,0.1261317133903503,0.414044439792633,-0.1122713387012481,0.3906683623790741,0.1047024503350257,0.8875852227210999,-0.0642447471618652,0.1892401129007339,0.1089766845107078,0.4443552494049072,0.0705834999680519,0.0431388765573501,0.3937809765338897,-0.0631690770387649,0.0285484418272972,0.4789966642856598,0.8089115023612976,-0.2491255849599838,-0.4232617020606994,-0.2744500041007995,0.4650739133358001,-0.2509323358535766,0.1578381657600402,-0.0456525050103664,0.6443071961402893,-0.9439181089401244,0.1452423185110092,0.1493725925683975,0.3029784858226776,0.556549608707428,0.6303580403327942,0.7066295146942139,-0.1501513719558715,0.4653829634189605,0.5707411170005798,0.0543890185654163,-1.228846788406372,-0.416785180568695,0.3502748012542724,0.3190977275371551,0.2799139320850372,0.202869564294815,0.1534282565116882,0.3137082159519195,-0.2311029434204101,0.1965452134609222,0.2695147693157196,0.1904399096965789,0.6270903944969177,-0.4208428859710693,0.1835490614175796,0.6611534357070923,-0.5122352838516235,0.3420845568180084,0.2134129106998443,-0.2768934667110443,0.2211164534091949,-0.5829900503158569,0.6009411811828613,0.1985925585031509,-0.5658319592475891,0.4262440502643585,0.4988217055797577,-0.1246670633554458,-0.0260311178863048,0.0708031207323074,0.206412062048912,-0.3707110583782196,-1.1841799,-0.9099057,0.80552584,1.4428076,-1.1480576,-0.8587479,-1.2430022,0.86340714,1.4316026,-0.36975524,-0.047619622,-0.33033755,-1.3083102,2.4578376,-0.4199529,-0.06882504,1.1778822,-0.370646,0.10583368,-0.6614621,0.49139157,0.63659126,0.7242473,-1.0434483,0.97836417,0.34740296,0.8227288,-0.24503379,0.25074506,-0.5928471,0.6878557,-0.92933065,-1.6134285,-1.0874289,0.19269134,-1.5152245,-1.170826,1.2201737,-0.022054842,-0.14937149,-0.59141517,1.3764668,-0.31127134,-0.36038232,-0.68868107,-0.17799151,1.6909736,-0.5263369,0.8283488,-0.267511,-0.82111025,0.17046273,0.78264457,1.4817233,0.3223213,0.07204809,1.0226508,1.3034275,0.31726253,-0.5547556,0.72203594,0.9185768,-0.94495624,-0.035551947,0.5739255,0.6276908,0.097282946,-0.17281555,-0.22738506,-0.65815663,-1.982667,-1.2207916,0.30151346,0.9672766,-1.5425116,0.648268,-0.43292573,-0.5261821,0.40583798,0.24644487,0.1918131,0.5808904,-1.2695681,1.5990787,-0.91786355,-0.6792105,-0.6899765,-0.25342992,-1.5685586,-0.1268188,0.34880975,-1.4885583,-1.2991489,-1.2169701,0.92072105,0.46471608,-0.65377337,-0.6319051,-1.2331114,-0.4697319,0.10874337,1.5754603,-0.24761184,-0.05696692,-1.5704335,0.058521587,-0.9233668,-0.29141235,-0.5145708,0.06673787,-0.35082433,0.42158994,0.532315,1.7534972,1.2476422,0.32182908,-1.0549413,-0.79695773,-0.67807436,0.4646474,1.3370533,0.09171078,-1.0510424,0.4818041,-0.04423738,1.1177559,0.09047382,-0.91165274,1.0499877,-0.09869772,0.2935199,-0.95076615,1.5098301,0.66225696,-1.3269877,-1.1531367,-0.8843262,0.7620783,0.45076144,-1.0821891,-0.71730155,0.5973485,-0.31108266,-0.16526087,0.32705477,-1.9193422,-0.0839861,1.0296589,1.4431845,0.05362701,-0.70223683,-0.056428313,-1.3279505,0.33540082,1.4148098,-0.15006942,-0.5314721,-0.15443401,-1.4991463,1.1680685,-0.029935637,1.0937691,-0.6165961,0.4579679,-0.24946165,0.8161461,-0.75942534,0.6979191,-0.9630728,-2.5535693,-0.86124134,0.6431847,0.78308105,0.001730606,0.4255611,-0.4363972,0.16647549,0.12596811,-1.1002082,-0.03518309,0.6524113,1.0229745,0.0016179582,1.8999311,0.019545833,0.877213,0.7095358,0.42392692,0.63917863,0.09903715,0.9851571,-0.8070056,0.6823354,1.1283612,1.1120232,2.5794837,0.6353609,-1.4613428,-1.3791786,1.039354,-2.0607688,-0.28662464,1.2524065,-0.7361006,1.1660844,-1.0243417,-1.0682087,2.0138059,0.6762889,-0.04095927,-1.2915897,-1.1823431,0.8605593,0.19044058,-0.68241566,0.28607932,-0.9262948,-0.21527112,-0.13730705,-0.043667335,1.089794,0.42057133,-0.12875259,1.2207149,-1.2879146,0.9663885,0.2711294,-0.045021813,-0.06903731,1.424202,-1.435948,0.28725824,0.61164755,-0.09315607,-0.6332317,0.5275168,-0.23716001,0.5560944,0.036120027,1.0918264,0.69770336,-0.76994556,0.55963963,-0.22592591,0.23112297,0.82540417,1.273393,0.38990784,-1.7782825,-0.1658821,0.42439258,1.1557536,0.18044494,-0.25086156,1.1154703,0.58252,-0.043581765,-0.041373897,-0.58072275,-0.10691655,0.12278149,0.16578536,0.1805584,0.12930222,0.32893324,-0.4937617,0.14774026,0.3819317,0.4102285,-1.1289424,-0.6782157,-0.6544078,-1.3161639,0.57966745,0.16146024,0.56826955,-1.0406116,-0.7137292,-0.85968536,0.6143373,0.65906763,-1.7873224,-0.6726323,0.04038764,-0.33705804,0.45285973,0.07279727,-0.24044181,0.61677724,0.27095366,-2.1195006,1.0979835,0.24527077,0.86284876,1.0381633,0.17501819,1.163142,-0.7202967,0.65101594,-1.7674223,1.01748,0.9877557,-1.3214383,0.4119394,-0.5538177,-0.1487349,0.963126,-1.2723075,-0.066776045,-1.0699223,0.04016465,-0.036408015,-1.4539413,2.192884,-2.2295427,0.94480866,-1.750215,-0.5903823,-0.21626711,-0.7225273,-1.664444,0.90794593,1.0960153,0.11683067,0.14813358,-0.16443537,0.47070286,0.17451708,0.3200045,0.68379205,-0.15420796,0.97624755,-0.4031924,-1.44353,0.06339874,0.29790446,-1.1290382,-1.4564346,-0.9487646,0.0058555603,0.7646701,-0.39650765,-0.22185451,0.4068935,-0.84005356,0.67819786,-0.9004307,-0.448831,-0.13887669,-1.0991224,0.85523623,0.26639137,1.8447218,-0.9834663,-0.46098813,0.6871235,-0.95485,0.05278504,-0.37891218,1.4924291,0.39092025,0.124695756,0.39580807,0.09293389,-0.43983018,-0.12110716,1.1955466,-0.37828365,2.2552166,0.47356257,0.07516285,1.6581823,0.2738373,0.46942124,-1.1152616,-0.1810249,1.3666006,-0.1035108,-0.22471024,-0.4281691,-0.6478413,0.24387223,0.06398576,1.2175356,0.5015636,-0.23944174,0.23964606,0.8414188,-0.539349,-1.1615001,-0.37974548,0.5387067,1.409522,1.7853602,1.3150902,-0.40482807,-0.96319824,-1.428835,0.787563,1.1109225,0.25971496,0.8649606,-1.2111381,0.38127866,0.5713292,0.20027399,-1.2099967,-2.0738146,2.184419,0.8681548,0.85520047,1.0252302,-1.1255294,-1.6842185,-0.70116585,-0.10081369,-0.13113959,-1.1597786,-0.48401853,0.7526961,-0.4232537,1.5485147,0.41582763,0.79757696,-0.1486735,-0.109572805,0.78326434,0.61510396,-0.6020846,-0.9601986,-0.39506987,0.44122386,-1.6999197,-0.16843837,0.7593929,-2.5301857,0.7846091,-0.10147762,-0.7881141,0.1823409,-0.57476145,-0.37462628,-0.0454369,0.017071923,-0.81150824,-0.8785062,0.4592742,-1.6891832,-1.4373674,0.88362646,1.1140488,-0.78954154,0.5993592,0.9776891,0.027190013,1.0323683,-0.593782,-0.61246926,0.06872994,-0.5406285,-0.2722861,-0.8985761,-0.96325606,-0.56355256,0.53158206,-0.5069625,-1.4904705,0.57177114,0.91495186,-2.4786208,-0.86318374,0.12143719,-0.992399,0.17270394,0.38972533,0.027827388,-0.76477957,-0.6279326,0.05576062,0.27085623,0.41916034,-0.6768284,-0.07491549,0.42733422,-0.26911452,0.02226472,1.6551186,0.14654337,0.9332549,1.3280638,-0.30726466,-0.58048725,0.9783309,-0.05158493,-0.19251673,1.1067166,-0.726301,-1.0046016,0.68275595,-0.31769186,-0.56406635,-0.30785063,0.25127625,-0.09984088,0.2733263,0.8165078,1.030554,1.4741158,1.0855461,2.1429465,0.016836142,-0.717154,-0.6470577,0.2108686,-0.7785004,-1.1537046,0.15309535,1.0067269,2.248492,-0.14272834,-0.43167105,0.76658726,-1.0885476,-0.744657,0.6617593,0.5933463,-0.25373966,-0.39551952,0.09196768,-1.3493284,-0.022288544,-1.9852592,-0.8784885,1.1790106,0.6283484,-0.700576,-0.25117725,0.4611043,0.09812089,-1.2837087,0.43360457,0.57593066,1.3653578,0.16206905,-0.66907805,0.47421786,-0.51909065,-1.4782271,0.10747036,-0.9718043,-0.67230034,0.10878707,-0.06053206,-0.4740411,-0.8166031,-1.1020766,1.3674177,0.031307995,-0.71953535,0.45095515,-0.72171974,1.6401262,-0.27140406,-0.31015193,1.0489289,1.0621823,-1.1805506,0.5417211,-1.4652033,0.97389,-0.6788648,0.80270797,0.55246323,0.64186,-0.6343565,1.3133595,-0.51852745,-0.77213335,-0.40713367,0.3666065,-0.48760357,0.21900947,-2.219322,1.2948824,-1.2853297,-0.72485065,0.45124403,1.1352239,-0.56487703,-0.069528855,-0.31893805,0.026106944,0.8665741,-1.459876,0.6457954,1.0580577,-0.9121167,-0.43866754,0.7421782,0.7315526,-0.5394738,-0.036561012,2.9390805,0.17950718,1.2482127,-1.398476,-1.2241226,0.30872425,0.06466449,-1.6466088,-0.08135123,0.022161981,0.16313791,0.15540828,-0.4423395,1.0553755,-0.96190673,0.5349179,0.72535944,-0.7257634,-0.117390074,0.46943942,0.21860532,-0.9814089,-1.3221407,0.15692168,0.30102217,-0.20817192,0.28146556,0.5060205,2.1167936,0.72796917,-0.38776362,-0.7756221,1.0459567,0.4692571,0.53272504,-0.6059418,-1.2203488,0.21298687,1.3338791,-0.26645878,0.3977956,-0.27777746,0.06460578,-1.6599137,0.87661165,0.766848,-0.4816699,0.88812953,0.56885475,-0.39735958,1.2993993,-0.5229469,0.13519846,-0.29428187,0.0008643667,0.31798747,-0.08392477,-1.053628,0.15461001,-0.75203913,0.38372603,-0.17618148,1.0201936,-1.2376298,0.25374606,0.048866373,-0.06820593,0.41950774,-0.31565836,-1.4054314,-0.60726583,-0.6828759,1.4434198,0.696954,0.12292385,-1.1597431,0.13116132,1.1851909,0.34538177,-0.9674184,0.32716718,-0.1805691,-1.0314981,-0.014376958,-1.306209,0.017399361,0.53241235,0.4737467,-1.2358397,1.2446963,-1.4314779,0.85223216,0.18983097,-1.329959,-0.2127725,0.14508864,-0.28207126,1.6645077,1.0684243,-0.07886966,0.2634514,0.53623635,0.9763558,-0.37168434,-0.54004437,-1.4752741,1.3363522,0.99527305,0.7961693,-1.1564962,-0.39638078,0.4369478,-0.52477556,1.6216966,-0.73336315,-0.36870983,-0.7558225,0.20662582,-1.0436329,-0.35614407,-1.1974665,-0.45957515,-1.1242794,0.9182284,-1.0037814,-0.88285786,1.0696105,-0.55109733,0.7536815,-0.5216153,1.0676328,0.911352,0.90522605,0.8283345,-0.50016326,-0.15940215,-0.845442,-0.2784211,0.7758446,-0.4304231,0.22991234,0.1952082,0.28461236,1.7842083,-0.13506866,-0.78275937,0.9430854,0.83628243,0.30358866,0.43954626,-0.07121885,-0.57545537,0.16520758,-0.1699642,0.41115746,-1.3425843,0.25454393,-0.31222966,1.0229973,0.70096135,0.5179014,-0.1643295,0.6552446,1.2077763,0.62637573,-0.609415,-0.88829845,-0.6608914,1.0120546,-0.028797235,-1.5380547,-0.50652665,-1.3987738,1.7132574,1.2441496,0.4655289,0.5778355,-0.63734585,-1.5361651,2.5194564,-0.59189886,0.1107839,1.2664318,-1.1089525,0.16799287,0.23587,0.45262474,0.78508615,0.4095991,-1.2856381,1.007579,0.6305207,0.7253963,-0.21191697,-0.45759436,-1.0003847,0.43970466,-0.44878575,-1.4171625,-0.33877298,0.17525876,-0.75663364,-1.8821214,1.2949039,0.043670468,-0.78934616,-1.1261147,1.0145025,0.05157962,-0.6152953,-0.68178743,-0.022717122,1.6842011,-0.7028743,1.5996578,-0.35316643,-1.1742638,-0.5990119,0.75539726,0.81427157,0.24093273,-0.64257383,1.7917206,1.1436099,0.06468856,-0.65745294,0.20865352,0.18445091,-0.7170714,-0.99513006,0.1156512,0.6188809,-0.42702252,0.8262182,-0.05180968,0.15677145,-1.8870714,-1.9743887,-0.3332095,1.8438699,-1.485988,0.37262112,-0.31876597,-1.5749073,0.45408958,-0.4079372,0.6266264,-0.6077998,-0.6986872,1.3265959,-0.6854391,-1.7024275,-0.4725441,-0.9850701,-1.0139315,-0.34943888,-0.89608335,-1.687594,-1.6094877,-1.4481403,2.1130426,0.60994816,-1.1619184,-1.4548302,-1.2501491,-0.09960981,-0.088916145,1.4098495,0.9419242,-0.537958,-0.63115734,-0.5301309,-0.52455676,-0.18838255,-0.35585544,0.30375656,0.09370764,0.8477765,0.619696,1.3431637,0.5211988,1.0971584,-1.6352075,-0.6001954,-0.6044598,0.66528356,1.6261623,0.53293246,-0.63032264,0.51140314,-0.4170354,1.2164955,0.045987505,-1.0209357,0.05663052,0.45128632,0.70180494,-0.04176433,2.5182347,0.8124403,-0.79494363,-0.8666509,0.26206332,0.4634594,0.6983027,-0.8792469,-0.36405522,0.40543222,-0.08854723,-0.37938863,0.613397,-0.89275086,-0.026392555,0.8394751,1.936371,0.2770099,-0.30883402,0.49476895,-1.8427398,0.16486594,1.3395368,-0.57660896,-0.10994993,1.0881631,-1.1945944,1.096689,-1.1622379,1.3548849,-0.6393255,1.1256326,-0.26644477,0.6510724,-0.68604654,0.39094883,-1.196611,-2.3704166,-0.6786583,0.24186055,0.8703316,-0.16128944,0.5210946,-0.6777191,-0.0934462,0.7733115,-1.5235946,-0.5882973,1.5978663,0.70985353,0.10232655,1.6683378,-0.29952934,0.70936525,0.7254389,0.76018655,0.6265119,0.13161455,1.660716,-0.9273396,1.3506572,1.1455709,0.61581385,2.7832985,0.9020764,-1.3659812,-1.7312491,1.4087518,-2.814573,-0.70399314,0.762414,-1.918453,0.8998766,-1.688998,-0.4726089,1.3467239,0.3943812,-0.099786416,-1.1912463,-1.2929465,1.1927322,0.9919203,-0.22649257,0.24830592,-1.129208,0.081759825,-0.97779673,-0.9269729,1.3994545,1.1524856,0.46527097,0.33633476,-1.113609,0.86481196,0.12552108,-0.17727841,0.1886069,0.90160197,-0.8090023,0.5062322,0.49981156,0.3352882,-0.3551577,0.5955137,-0.041328933,0.7756361,-0.09446206,0.8737088,0.93377334,-0.48086065,0.338514,-0.40988493,0.40747818,0.81906927,1.3869574,-0.13352515,-1.8509935,-0.90992314,0.152341,1.1005622,0.19012539,0.56255335,-0.025001388,1.3318933,-0.5636788,0.11834382,-0.39798656,-1.0735253,-0.24821366,0.38699222,0.7263132,-0.25385925,0.37666303,-0.9353401,-1.1349069,0.7049297,0.3822123,-0.7934805,-1.2226704,-0.7879452,-0.5297155,0.06844286,0.74737936,0.21752417,-0.16751276,-1.611554,-0.3622807,0.99296135,0.9222619,-2.0320015,0.11703074,-0.14510249,-1.1326948,0.1770292,0.27616748,0.07312441,-0.094126284,0.30046016,-0.8414756,0.6719929,-0.38391063,0.8067023,1.5089735,0.38281938,1.352762,-0.7285062,-0.36411807,-0.10044726,0.84779316,0.14879142,-1.6561575,0.9627806,-0.7791135,-0.68203354,1.910169,-0.8625722,-0.6086878,-1.3039287,-0.1405198,-0.6874584,-1.1826669,1.9455011,-2.4399474,1.4550527,-1.6456716,-0.19816099,-0.85278904,-0.7485239,-1.3051327,-0.48074982,0.42373523,0.022926947,0.27308384,0.5467714,0.14275812,0.47648928,-0.39182067,1.6508512,0.103733875,-0.061912674,-1.2023824,-1.2433554,-0.19453524,0.67689,-1.4796479,-0.5131106,-0.5991583,0.07804126,0.050010893,-0.31869683,-0.93807536,0.9107603,-0.24193504,0.20218901,-1.2099874,-0.95587736,0.017085878,-1.2550691,1.2582496,-0.4873759,1.5839864,-1.0555496,-1.1364226,0.51954263,-0.6339383,0.30290577,0.27558416,2.0581515,0.60502136,0.92950195,-0.04174435,0.8739966,-0.21977794,-0.47611067,1.8944665,0.46777147,2.057586,-0.19464764,-0.19275488,1.7680504,-0.18507276,0.9167085,-0.16747908,-0.022637364,1.7040259,-0.68996656,-0.72794694,-0.121343024,0.07797503,-0.43436518,0.10864858,0.8606106,0.2380104,-0.10195486,0.6381923,0.612095,0.0062871748,-1.6913989,-0.44776726,1.0121373,1.4396759,1.0512615,1.2759801,-0.26770705,-0.15268476,-1.5805848,0.14820151,1.4383715,1.1922902,0.13624747,-1.6382645,1.038959,0.62517965,0.8562198,-2.1420767,-1.3256394,1.3688189,0.5320316,0.025296034,1.6021183,-0.77397126,-2.2285075,-0.59932244,-0.41163224,-0.7073293,-0.6821547,-1.1420673,-0.0065669245,0.45476526,1.0136479,1.0653658,0.9595705,0.16536848,-0.9501007,0.04551071,-0.093151994,-0.59393567,0.7458703,-0.23306605,0.7590952,-1.5265073,-0.8283772,0.5084427,-2.4481735,1.4018317,-0.23619303,0.29801038,-0.32171634,0.40653938,-0.8273223,-0.0463094,-0.17334129,-1.0728948,-0.16786268,0.8994699,-1.96741,-1.1217784,0.9486073,0.717835,-0.5010586,0.07987513,0.69946367,0.041327663,0.9042558,-0.17327738,-0.795956,-0.52706945,-0.26069677,0.26975098,-0.62848216,-1.3789546,-0.6631185,0.8430665,-0.90704536,-1.529659,0.79388076,0.45259044,-1.4371549,-1.3156203,-0.0782337,-0.42743278,0.27037504,0.9576205,0.011400872,-0.32557482,-1.0258019,-0.21435745,-0.36082786,-0.311556,-0.73539066,-0.008487226,0.27511406,-0.9364556,0.53051454,1.78394,0.36088964,1.8989333,1.6116227,-0.061367605,0.37313083,0.88900965,-0.4657895,-0.1841987,0.7087273,-0.69605446,-0.7905033,1.2118695,0.026459185,-0.76076573,-0.085543156,0.84679323,-0.7379115,-0.77652746,-0.083586805,0.44270274,1.0766255,1.7340281,1.8391091,0.25378534,0.2207859,-0.51701564,0.5470894,-1.6830528,-0.5392063,-0.5538173,0.47955224,2.246575,-0.6578622,0.39968824,1.1292158,-1.3343917,-1.2324919,0.108549476,0.4117884,0.05532819,-0.57966465,0.77874166,-1.4641075,0.43527398,-1.6580715,-0.113863416,0.75701106,1.1542442,-0.791901,0.56002444,0.9819727,-0.015291704,-0.7402422,-0.39688185,0.39362654,2.0805643,-0.452765,-0.59902096,0.64405864,-0.14505307,-1.9142606,0.015200223,-0.78715056,-1.2930393,-0.3918598,-0.14805858,-0.3418451,-0.08812761,-0.9438483,1.2241734,0.08107781,-0.052296154,0.469101,-1.3540856,1.1141906,0.6256379,-0.810283,1.671302,0.87563485,-1.2688674,0.56457096,-1.9594669,2.3928516,-0.49492517,0.95612526,1.7422962,0.5459525,-0.4727797,1.2401407,-0.85608304,0.15508227,-0.8865009,0.6750351,-0.5457847,0.32451746,-1.6509945,1.3281628,-1.1469208,-0.4268252,0.21028455,1.0087447,-0.6240258,0.5584819,-0.22797649,0.22729288,0.092177086,-1.3358171,0.4411555,1.8175461,0.025091993,-1.0066397,0.26288015,-0.05604012,-0.6436512,-0.17383397,2.343285,0.15231173,0.4492342,-1.5172733,-1.5617392,1.0168307,-0.20154211,-1.7705114,-0.67535216,-0.2978423,0.1302295,-0.06253537,-0.5747415,1.0785083,-0.5188559,0.62945986,0.63931847,-0.3671927,-0.011936038,-0.026888533,-0.49891695,-0.5936026,-1.2042037,0.48060685,0.40918002,-0.9984028,0.8994304,1.3954222,1.6044185,0.68948275,-0.39778444,-0.7785791,1.26194,0.3707146,0.8770995,-1.4637672,-1.698824,0.67223155,1.1238285,-0.29679942,0.4085591,0.47655657,-0.20573033,-1.8084661,1.0545319,-0.2218814,-0.4594745,0.9896181,0.13064267,-0.19655026,0.98764706,0.16113384,0.57506526,0.053182196,-0.7624137,-0.28041545,0.13926402,-0.9597602,0.66475594,-0.56715,0.7112576,-0.69934416,0.35640243,-1.7910521,0.9307119,-0.11005201,0.33738807,0.84031016,0.39983916,-1.7169756,-0.6067233,0.042572465,1.3569733,1.1432925,-0.18437055,-0.2500577,-0.30861172,1.3118713,1.0417771,0.14436314,-0.20823848,0.14352973,-0.21878834,-0.5569549,-1.0606921,-0.701457,0.29711333,0.32261524,-1.1280786,1.8265344,-1.9952943,0.530152,-0.008562906,-1.942489,-0.30226967,0.27011055,-0.0651062,2.3558998,1.2185186,-0.3760803,-0.36859128,0.97099537,0.95282453,-0.93783516,-0.19518067,-0.8531942,0.64599055,1.494201,0.5702705,-1.2649146,-0.20338881,0.7581367,-0.39470175,1.2046562,-0.09611773,-0.63320595,-1.0667086,-0.19174583,-0.65360755,-0.38708514,-0.33658576,0.7318983,-1.3233664,0.9706206,-0.6459835,-1.6713659,0.9303516,-0.58003026,-0.038121898,-0.8185107,1.0992409,0.5438792,0.57599366,0.67369473,-0.73304015,0.014486655,-1.4912091,-0.668748,0.618256,-0.6949477,0.9237777,0.63829976,0.76416045,1.6415378,0.26379463,-1.8989894,0.63853025,0.24745686,0.7976519,-0.5795503,-1.1467825,-0.4173076,-0.20274882,0.3616972,0.9414285,-1.6158496,-0.3001749,-0.4088485,0.3885079,0.007246293,0.44898337,0.3382285,0.58324516,2.0430982,0.8824155,0.4143693,0.0
ケ,0.2429837435483932,0.6616470813751221,0.4144341945648193,-0.5313122272491455,0.1043398976325988,0.1102759465575218,0.1062611937522888,-0.2478341162204742,-0.2821229696273803,-0.1260201185941696,0.3784200251102447,0.1037749797105789,-0.10788494348526,-0.294757604598999,0.5367764234542847,-0.928157925605774,0.1167352274060249,0.0656434595584869,-0.1832303702831268,-0.2120799869298935,-0.4948760271072387,-0.4055013060569763,-0.4894960820674896,0.4153940379619598,0.2371083348989486,0.0990686863660812,0.3000172078609466,0.2303175777196884,-0.1508395671844482,-0.4304077327251434,0.1607287675142288,-0.3669348955154419,-0.0078871855512261,-0.2883332073688507,-0.2220017313957214,0.4118724763393402,0.0157045312225818,-0.3442846238613128,0.6697462797164917,0.3244195282459259,0.492513507604599,-0.0104946829378604,-0.1454022377729416,-0.4759864807128906,-0.1838628053665161,-0.025675805285573,0.026679765433073,-0.2451867908239364,-0.145347774028778,0.2870108783245086,-0.0690131187438964,0.1475712805986404,0.2691896855831146,-0.0975613892078399,-0.1410095989704132,-0.2098197638988495,0.4573187530040741,-0.1174774765968322,0.0793971195816993,0.1471655964851379,-0.6074702143669128,-0.0248136818408966,-0.2856194376945495,0.2636463046073913,-0.1505414545536041,0.2051240503787994,0.1775323301553726,-0.1433065384626388,-0.0035859446506947,0.1596288084983825,-0.0907938554883003,0.2541209459304809,-0.4107077419757843,0.0826245546340942,0.4377497136592865,0.1316197663545608,0.1347358673810959,-0.6244744658470154,0.205821231007576,0.193708449602127,-0.1448723077774047,0.6121870279312134,-0.1083380207419395,-0.923694670200348,-0.3283492922782898,0.4229500889778137,-0.855821430683136,-0.6492044925689697,0.7465376257896423,0.1914977729320526,0.3263177573680877,-0.1214522197842598,0.1692380011081695,0.051663763821125,0.4650666713714599,0.0560071654617786,0.1095112487673759,0.000639735138975,0.0553719326853752,0.4078894555568695,-0.5672503709793091,-0.1987964212894439,0.2265511900186538,0.0204362273216247,-0.2532869279384613,0.102281630039215,-0.1485786437988281,0.2984353899955749,0.5234402418136597,0.1864424645900726,0.0229677036404609,-0.5233455300331116,-1.037511110305786,-0.0380867198109626,-0.5107100009918213,-0.0620136447250843,-0.146765798330307,0.2129094898700714,-0.0059054959565401,0.958530604839325,0.1520959734916687,0.6953815221786499,-0.2734029293060303,-0.4183167219161987,-0.6107425689697266,-0.0333437174558639,0.2114969491958618,-0.0050072912126779,0.2974022030830383,-0.5956506133079529,-0.1555178463459015,-0.3459401130676269,-0.4776040613651275,0.1496871560811996,-0.2893439829349518,1.3273342847824097,-0.2777860164642334,-0.3315542042255401,-0.1166881397366523,-0.7165441513061523,-0.3890847563743591,0.2689749002456665,0.4938358068466186,-0.3202112317085266,-0.355864554643631,0.2386700063943863,0.2283650189638137,-0.1370262056589126,0.3486682474613189,0.2297505736351013,0.070768654346466,0.7893009781837463,-0.4187586605548858,0.2134864628314972,-0.0380802862346172,-0.2275033444166183,-0.4241217076778412,0.8129070401191711,-0.0552768632769584,0.1299701780080795,0.4829398691654205,-0.3331312537193298,0.0883076786994934,0.6621437072753906,0.192182183265686,0.3532751500606537,0.5633125305175781,0.0806767791509628,0.5191296339035034,0.84903883934021,0.1574263125658035,0.1920378357172012,0.2674828171730041,-0.0119606144726276,-0.0179694071412086,0.3758255541324615,0.1096233204007148,-0.1509265750646591,0.0598473697900772,-0.6680653095245361,0.0179712958633899,-0.4222248792648315,0.2690566480159759,-0.6090359687805176,0.4296282827854156,0.1820018142461776,0.2575974762439728,-0.0080163571983575,0.2309181541204452,0.2193805873394012,0.0711452215909957,-0.1978735029697418,0.3086549341678619,-0.305957019329071,-0.2482561767101287,-0.040400955826044,-0.1866161823272705,-0.1047106832265853,-0.3690989017486572,0.6217343211174011,-0.0149576058611273,0.0208998396992683,0.1553537398576736,-1.0083690881729126,-0.6598727703094482,-0.0307220090180635,0.0740824490785598,0.2435399740934372,0.2011950463056564,0.4041383564472198,-0.3810803890228271,0.3071947991847992,0.2138439565896988,0.2134152352809906,0.7393538355827332,0.124230146408081,-0.4999823570251465,-0.6200705170631409,0.6957839727401733,-0.4209252595901489,0.2966658174991607,0.287886381149292,0.1154162883758544,-0.3496742844581604,-0.5425217747688293,0.3033263981342315,0.6870912313461304,-0.1928041577339172,0.2805252969264984,0.786598801612854,-0.2743557393550873,-0.7091795206069946,-0.755965530872345,0.4028015732765198,-0.5773530602455139,-0.0032976644579321,-0.1895332485437393,0.3897786438465118,0.103490449488163,0.4466934204101562,-0.2233365625143051,0.0843053236603736,0.1237956285476684,0.0208829268813133,-0.295165866613388,0.1247735247015953,-0.2412090301513672,-0.6967189311981201,-0.2191511392593383,-0.5633196234703064,-0.7809281349182129,0.2351743131875991,-0.0793177708983421,-0.6614803075790405,0.7603803873062134,-0.1348340362310409,0.1946591436862945,0.3506882488727569,0.6989926099777222,-0.2840446829795837,-0.9344939589500428,-0.6188869476318359,-0.109934501349926,-0.2047150284051895,-0.2345944344997406,0.2682673633098602,0.1313077062368393,-0.2012358456850052,-0.9308447241783142,-0.3641413450241089,0.5580544471740723,-0.4756347835063934,-0.2437719404697418,-0.0948891788721084,-0.5024368166923523,-0.1324057281017303,0.0524689331650733,0.6777330636978149,-0.5296950340270996,0.4793498516082763,-0.6652148962020874,0.2199455201625824,-0.9174380898475648,-0.3692097067832947,0.2431943714618683,-0.2337118685245514,-0.2766892313957214,-0.6346429586410522,-0.2657560408115387,0.0116315418854355,0.1325128227472305,-1.0660030841827393,-0.1120108589529991,-0.0864522457122802,-0.2063036113977432,0.5902285575866699,0.2407087236642837,0.3161251246929168,-0.2273279726505279,0.0248950850218534,0.1730425208806991,0.0993838012218475,0.4278195202350616,-0.1964274644851684,-0.2368857413530349,0.0010892205173149,-0.0591033622622489,-0.3960906863212585,0.5078621506690979,-0.163101851940155,0.2188931852579116,0.4486396014690399,-0.5537123680114746,-0.0463178567588329,1.2444818019866943,0.3487429320812225,-1.5020153522491455,0.5995408296585083,0.2303229719400406,0.4922672510147095,-0.0242355950176715,0.8289330005645752,0.1658795326948166,0.2400076240301132,-0.1751780658960342,-0.4951502084732055,0.8983199000358582,0.5475347638130188,-0.3157324492931366,0.4954361021518707,0.7171089053153992,-0.2827208042144775,0.3410134017467499,-0.6121780872344971,0.0275671202689409,0.3620475828647613,-0.1288771480321884,0.0586671493947505,-0.3593015968799591,-0.4158864617347717,-0.3234583139419555,0.2186788320541381,-0.054381426423788,0.3666248917579651,-0.6259625554084778,-0.3300541043281555,0.0359206236898899,0.905072808265686,0.7259753346443176,0.6455700397491455,-0.8034408688545227,-0.3687601089477539,0.3280030786991119,0.3391102850437164,-0.1116150394082069,-0.0498237125575542,0.3112061023712158,-0.6004527807235718,0.7444670796394348,0.004943897947669,-0.2737416625022888,0.4370934069156647,0.2138765752315521,-0.1150262430310249,-0.1550572216510772,0.3714747726917267,0.5801296234130859,0.0133970277383923,0.3824444711208343,0.1665427237749099,0.5571229457855225,0.0155771458521485,-0.3926637768745422,-0.2148728370666504,0.5078781247138977,-0.6612591743469238,-0.1466124355792999,-0.0399776212871074,-0.4440430402755737,0.3932904601097107,0.0550920702517032,0.1107166036963462,-0.4616883993148803,-0.0968769788742065,-0.3807919919490814,-0.3492355346679687,-0.7859245538711548,0.1585797220468521,-0.102816417813301,0.1691825091838836,0.0684942007064819,0.0590056367218494,0.6421015858650208,-0.3890002369880676,-0.694823145866394,0.49764084815979,-0.2100668847560882,0.616585910320282,0.1529806107282638,0.3491581380367279,-0.0853445529937744,0.5202713012695312,0.0830933153629303,-0.3337989449501037,-0.9165831804275512,-0.016295026987791,-0.7332712411880493,0.042853370308876,-0.1878782957792282,0.6519651412963867,-0.1901039034128189,0.1041358187794685,-0.2169331759214401,-0.1172236055135726,-0.6708835959434509,-0.4083777666091919,-0.0215285513550043,0.4125701189041137,0.1186963841319084,0.2391372174024582,0.0760342478752136,0.2227817773818969,-0.1969287544488906,-0.1205940619111061,0.2048063576221466,-0.2838293313980102,-0.2153407633304596,-0.3133227825164795,0.3032082021236419,0.2229405045509338,0.1993780732154846,0.1405640542507171,0.1348936557769775,0.9171162843704224,-0.0040773986838757,-0.5683957934379578,-0.202481135725975,0.0748540014028549,-0.5582358837127686,0.6207622289657593,0.603394627571106,0.3168795704841614,-0.2125132828950882,-0.0288510210812091,0.3115122616291046,0.2210391759872436,0.2493517100811004,-0.2543894052505493,-0.0992610976099968,-0.1656071990728378,0.6284988522529602,1.0713316202163696,0.2836301922798157,-0.1074520945549011,0.0900056660175323,0.4166778028011322,-0.3198823630809784,0.2921349704265594,-0.0971302092075347,-0.2276584059000015,-0.1310792714357376,0.1182970181107521,-0.0538550391793251,-0.6497675776481628,-0.0252242423593997,-0.2644214630126953,0.0595304928719997,0.1227905079722404,-0.0516981892287731,0.1294545233249664,-0.2900190353393554,-0.094262309372425,-0.1633104383945465,-0.1553844809532165,-0.4451681971549988,-0.0710231885313987,0.4448330998420715,0.2612958550453186,-0.5230633616447449,-0.1095476970076561,-0.5029499530792236,0.2451343834400177,0.2199645638465881,-0.973588764667511,-0.0070733963511884,0.4774846136569977,-0.4497261941432953,0.3073701560497284,0.7928303480148315,0.0182920433580875,-0.1018890142440795,-0.6858155727386475,-0.1857819855213165,0.0109096784144639,0.1317808181047439,-0.6567697525024414,0.8301150798797607,0.1016561090946197,-0.5717026591300964,-0.1149327009916305,-0.2627092003822326,0.034024178981781,0.0031094052828848,-0.3713329434394836,-0.3024531900882721,0.1304530352354049,-0.0712276026606559,0.3358756899833679,0.3019727170467376,-0.3836082518100738,0.5502412915229797,0.476828396320343,-0.1813965141773224,-0.2056408822536468,0.1381787955760955,0.1300579309463501,-0.2510866522789001,-0.490662008523941,0.5847228169441223,0.0990990921854972,0.4542977511882782,-0.5019312500953674,-0.4525839984416961,-0.9553918242454528,-0.3081034123897552,-0.4120027124881744,1.0101089477539062,0.106171153485775,0.5920789241790771,-0.5466233491897583,0.0369764156639575,-0.2334018349647522,-0.4807859659194946,0.0340243764221668,-0.00066391605651,0.1705408543348312,-0.5426018834114075,0.0597610399127006,-0.0566765144467353,-0.5716797709465027,0.5897325873374939,0.2156503498554229,-0.5519767999649048,0.214102029800415,0.3325624465942383,0.4883544743061065,-0.3271539509296417,-0.004443631041795,0.028824022039771,-0.4150506258010864,0.4931075572967529,0.598717451095581,-0.0168216433376073,0.0082954056560993,-0.4523566663265228,0.1862673312425613,0.4561715424060821,0.0995494574308395,0.5674883723258972,-0.1299070566892624,0.3055258095264435,-0.393447607755661,-0.5910243988037109,-0.1656953394412994,0.5245293974876404,-0.0361129119992256,-0.2305850982666015,0.520514965057373,0.812446653842926,-0.4471359252929687,-0.2025977224111557,0.5878554582595825,0.5430659055709839,0.5173218250274658,-0.1239184811711311,-0.0395412445068359,-0.1178594082593917,0.3187896609306335,0.1799277663230896,0.0406401194632053,0.0795059874653816,-0.3792600333690643,0.1649370342493057,0.0250375401228666,-0.0221073124557733,0.0572055093944072,-0.1905837059020996,-0.2511022388935089,-0.0188268590718507,-0.090795986354351,0.9667328000068665,-0.0944556295871734,-0.0823743417859077,-0.1619880199432373,0.0251872967928648,0.7463778853416443,0.3581504225730896,0.5912224054336548,-0.2392962276935577,-0.158086210489273,-1.1010819673538208,0.1275637000799179,0.313126653432846,0.2486414015293121,0.4778515994548797,-0.5838837027549744,-0.4259118437767029,0.1567355543375015,-0.0280694551765918,0.2171958833932876,-0.3518778383731842,-0.3050165474414825,-0.0396391414105892,-0.1147433742880821,-0.6355258226394653,0.1865203827619552,0.0695757940411567,0.2216122150421142,-0.2658445537090301,-0.1083803921937942,0.0552495196461677,0.7241560816764832,0.0491474531590938,-0.1668150871992111,0.4289432168006897,-0.5209513902664185,-0.3094995319843292,-0.2502380311489105,0.4035990536212921,-0.1378433555364608,-0.2864646017551422,-0.1820030808448791,-0.2839915752410888,-0.1860846579074859,0.1142166927456855,0.7544969916343689,0.3308906853199005,-0.4474155604839325,-0.2436137497425079,-0.6800034046173096,0.1107430011034011,-0.0449113100767135,-0.2781331539154053,-0.1667873561382293,0.0878268927335739,0.1511742919683456,-0.0381850898265838,-0.4347122609615326,-0.9467491507530212,0.2705251574516296,0.0103676039725542,-0.0074499985203146,-0.5324368476867676,-0.2000237107276916,0.1846408545970916,-0.1127865463495254,-0.0611799508333206,-1.416852951049805,0.2163655906915664,0.2854018211364746,0.474258691072464,-0.5205056667327881,-0.1401354521512985,-0.3134582340717315,0.079124741256237,-0.0675518810749054,-0.3643983602523803,0.2236636132001876,-10.126229286193848,-0.5954090356826782,-0.2013663649559021,0.1831450760364532,-0.6076692938804626,-0.0956417769193649,0.7921034097671509,0.413495659828186,-0.7086025476455688,0.2050848752260208,0.0776176750659942,-0.0283153001219034,0.3393615484237671,0.749784529209137,-0.4074761271476745,0.0213155783712863,-0.1998467445373535,0.0702861994504928,0.0554596148431301,0.2280466705560684,-0.0689334645867347,-0.4802581667900085,0.7317725419998169,0.0283301267772912,-0.0139087084680795,-0.2485344260931015,-0.0482468679547309,-0.0003126022929791,-0.2205953449010849,0.558956503868103,-0.9520581364631652,0.6147222518920898,0.0145301884040236,0.0522126071155071,-0.5024722814559937,-0.1647526025772094,0.0200219843536615,0.3842663764953613,-0.5653843879699707,0.1704603135585785,-0.1715089976787567,0.7515622973442078,-0.0378189496695995,0.3845742642879486,0.2855170965194702,0.2306790500879287,0.3776623606681824,0.3391391634941101,0.4178454279899597,-0.1351577639579773,0.1267131716012954,-0.8318745493888855,0.7936612963676453,-0.3537940979003906,0.0752086713910102,0.0817460492253303,0.5929507613182068,-0.4896476566791534,0.2425201833248138,0.0449772663414478,0.5130683183670044,0.2265548110008239,0.5212042927742004,0.771906316280365,-0.0512834563851356,0.0863157957792282,0.1183015257120132,0.1627729535102844,-0.6374534368515015,-0.1275700479745865,0.4738827049732208,0.3821472823619842,-0.1575829535722732,0.3601088225841522,-0.1020923852920532,0.0407757274806499,0.1951898038387298,0.284396082162857,0.6152212619781494,-0.1505789905786514,0.5937989950180054,-0.6158877611160278,0.3322451710700989,0.316054105758667,-0.8139500021934509,0.3925434052944183,-0.1298147588968277,0.0886130779981613,0.3968512415885925,-0.6393334865570068,0.7390257716178894,0.8232161402702332,-0.4749906957149505,0.1071046143770217,0.4608772695064544,-0.3346630036830902,0.1829065084457397,-0.0594441927969455,0.5927159786224365,-0.0158273372799158,-0.9487892,-0.6717443,1.0816836,1.0972201,-1.1333632,-0.5306906,-1.5027784,0.762378,1.1174841,-0.028174136,0.30384773,-0.0334483,-1.2040861,2.2840745,-0.66880935,-0.082277626,0.9979988,-1.0619855,-0.03212379,0.06217511,0.3890959,0.47725233,0.67847896,-0.810408,1.1975493,0.8428929,0.6236501,-0.23830101,-0.49507156,-0.90311176,0.032255895,-0.5751529,-1.2314167,-0.7423816,-0.006322917,-0.8716213,-1.1935823,1.4211248,0.11234358,-0.67678005,-0.71023905,0.96255505,0.0033747042,-0.3344799,-0.5364592,0.09768297,1.8028283,-0.58462185,0.74253696,-0.36742163,-0.6320287,-0.37865502,1.0690897,1.3739973,0.19742718,-0.1409188,0.9854615,1.0450565,0.0051824846,-0.58403885,-0.022328526,1.0082535,-0.87197673,-0.04064192,0.46949974,0.91865474,0.01894686,-0.07094112,-0.10644892,-0.2106702,-2.0234802,-1.2880257,-0.1466513,1.2382516,-1.4743397,0.4573749,0.070200935,-0.5316144,0.18564494,-0.031029105,0.3410102,-0.13601464,-0.50175697,1.3630117,-0.7497965,-1.2568746,-0.54543966,-0.22407216,-1.2888043,-0.2572744,-0.41572297,-1.9002904,-1.3373544,-1.2371331,1.1771502,0.0012280047,-0.7873034,-0.9276224,-1.3600429,0.009077596,0.185768,1.0604191,0.1733876,-0.4227288,-0.8915754,-0.064661555,-0.71411407,-0.2370509,-0.6637751,0.37294328,-0.10053008,0.6359381,0.67052764,1.7820827,0.87935865,0.6764724,-1.206709,-0.73208135,-0.54756254,0.6533708,1.4077396,0.12371969,-0.97059184,0.40807033,0.2869681,0.91177833,0.092027605,-0.85806644,0.52947086,0.16091502,0.88522,-0.27450573,2.2491875,0.70350605,-0.93876374,-0.503462,-0.12483879,0.58941865,1.0393986,-1.09446,-0.40995583,0.27380773,-0.38010633,-0.2913741,0.28747398,-1.1126527,0.6431474,0.95668834,1.6433477,0.15408915,-0.43671104,0.16585231,-1.4957508,0.51632583,1.1889876,-0.54055136,-0.06915402,0.33667585,-1.2931988,1.1471206,-0.45625067,1.2781136,-0.81686836,0.5143228,-0.14861499,0.7389022,-0.55843997,0.71709657,-1.0271854,-2.5822,-0.5409181,0.08367806,0.4368419,-0.26734415,0.6961163,-0.4237086,0.6010408,0.53173363,-1.1493078,-0.22442606,0.8845824,0.9736146,-0.08446797,1.9229916,-0.2671219,0.8681977,1.1107547,0.23471063,0.60348564,0.015945911,0.9898213,-0.6886083,0.9633739,0.91383266,0.92261016,2.7950478,0.72219455,-1.7877698,-1.5411382,1.1488596,-2.2865005,-0.14682238,0.77625763,-0.9242656,1.0179348,-1.0936674,-0.9043136,2.0373833,0.74998456,0.0033716923,-1.2136922,-1.3484759,0.9185129,0.73852414,-0.57018495,-0.03536097,-0.70538145,0.4556912,-0.4596638,-0.7401612,0.5771644,0.72136754,0.5409219,0.89763385,-0.98292035,0.6847904,0.63938236,0.04545285,0.20015374,1.1477994,-0.5547031,0.021197127,0.32819188,-0.26968285,-0.22778805,0.010127137,-0.6610458,0.68259394,-0.51130867,0.6780522,0.52168345,-0.8423485,0.36797306,-0.19773702,0.6365702,0.7560029,1.5842206,0.21200061,-1.8910787,-0.014590766,0.23011504,0.59011364,0.114849105,-0.09073341,0.45904174,0.755271,-0.528727,0.16375557,-0.6711154,-0.49546474,-0.118873015,0.45648733,0.015855644,0.19558127,0.25760445,-0.7179879,-0.6427342,0.40830258,0.052338943,-1.1748668,-0.8337645,-0.76431817,-1.055947,0.030930426,0.2817368,0.32345557,-0.765415,-1.050133,-0.52280957,0.47130606,0.8702915,-1.8294176,-0.33917788,-0.14102787,-0.90037495,0.3774954,-0.10600172,-0.23127931,0.41633606,0.27101678,-1.0800238,1.0302904,-0.18103755,0.8564174,1.3356849,0.019229494,1.1583564,-0.7506789,0.27573466,-0.8068774,0.7638145,0.8120193,-1.6026704,0.65045476,-0.40645468,-0.48221037,1.2532684,-1.5681318,-0.1494284,-1.233782,0.17230922,-0.16015111,-1.4258393,2.204028,-2.125404,1.4447291,-1.8046294,-0.34934643,-0.6319774,-0.65049934,-1.2270056,0.40084153,0.29630035,-0.027437303,0.2208866,-0.15538755,0.09694246,0.5080091,0.22423097,0.6780061,-0.24277455,0.64257175,-1.003228,-1.33053,0.14717661,0.64512736,-0.92950344,-1.229746,-1.4669195,-0.4839239,0.4531573,-0.74577224,-0.5928846,1.1373878,-0.10181572,0.4674558,-0.8177077,-0.41770697,0.066119276,-0.8163651,1.4110208,-0.30225173,1.6503104,-0.901053,-0.45514977,0.9980328,-1.3325816,-0.4222688,-0.15362266,1.7795726,0.6874372,0.49609482,0.3656274,0.6083519,-0.49865198,-0.09741509,1.2305055,0.093230635,1.4290047,0.18018693,-0.31351933,1.5200524,-0.20799315,0.67535806,-0.20143516,-0.4364233,1.7723397,-0.30087444,-0.6373163,-0.16041046,-0.0059668072,-0.16345824,0.29736,0.3218022,0.06276488,-0.015431113,0.87955284,0.7332265,-0.48985767,-0.9097549,-0.34577906,1.0840223,1.4696394,1.4355198,1.3237863,-0.09911359,-0.55325305,-2.0457742,0.4415103,1.3205881,0.6150121,0.18845522,-1.6000923,0.64471745,0.5642719,0.045337394,-1.3241848,-1.9198843,1.7286472,0.32214057,0.5148455,1.6328365,-0.9955654,-1.8105931,-0.43542475,0.28876427,-0.15911734,-0.7718255,-0.8932924,0.41866982,-0.24723233,1.2797494,0.7235606,0.6355957,0.05978644,-0.46733564,0.33574575,0.41499966,-0.67471874,-0.29630646,-0.09515967,0.7197077,-1.2285593,-0.44726336,0.22100213,-1.9617443,0.9563246,-0.3599763,0.036000874,-0.2762236,-0.39041284,-0.6817672,0.24898012,-0.00780595,-0.88462865,-0.5514409,0.6468338,-1.2560337,-1.3484721,1.1197388,1.1881075,-0.8958593,0.42270902,0.23301625,0.04060116,0.848841,-0.43666637,-0.67838705,0.26254934,-0.52085644,0.08542449,-0.74941015,-1.1148258,-0.66196877,0.5475059,-0.8587274,-1.5423487,0.7100213,0.7627449,-1.7035476,-0.7317779,-0.11819354,-0.55867755,0.75054985,0.79042643,0.149776,-0.1628327,-0.98294884,-0.09399544,-0.24971445,0.2265705,-0.19705078,0.09058925,0.3992951,-0.47454786,-0.103774376,1.7598743,-0.16682047,1.1697332,1.3463106,0.22551137,-0.45683733,0.5203009,-0.2967424,-0.11349723,0.7886594,-1.2830002,-0.97505295,1.3333215,-0.3070258,-0.8270583,0.12506515,0.31253415,-0.41248447,0.16185705,0.2051176,0.97946143,1.3148749,0.837016,1.977492,-0.20831445,-0.14961873,-0.62412477,0.45713076,-1.2320478,-0.84203726,0.071790956,0.4506823,1.9369695,-0.44337353,0.5771125,0.5968598,-1.0418996,-1.4036206,0.37379667,0.5595186,0.01442552,-0.8265571,0.11430939,-1.1159732,0.27688363,-1.7122009,-0.45845604,0.92748713,1.0877781,-0.7980832,-0.086258754,0.6581196,0.0062556663,-1.1313789,-0.22566271,0.8331465,1.5503713,-0.28576744,-0.8709347,0.47494158,-0.63591266,-1.6983455,-0.010911822,-0.83414245,-0.7438314,0.4012309,-0.354255,-0.088353805,-0.6337345,-0.41247067,1.4824787,0.4941187,0.0015780595,0.16137815,-1.0049578,1.5682819,-0.05643801,-0.60223657,1.116798,0.60201,-1.4738827,0.59471476,-1.5057958,0.9908798,-0.8324972,0.5167063,0.7608514,0.5628612,-0.4766777,1.5816149,-0.28635603,-0.13716732,-0.6948528,0.6830193,-0.31104502,0.11712738,-2.066783,1.2060441,-0.9851441,-0.735434,-0.094650716,0.7135673,-0.63087434,-0.11522656,-0.10805641,0.6517816,0.43916643,-0.9015706,0.8506625,1.6178317,-0.4869773,-0.7333618,0.5805417,0.15817428,-0.5140754,-0.012006998,2.4769847,0.090083584,0.6879745,-1.4239955,-0.7984351,0.9254039,-0.42965248,-1.3298018,-0.6239973,-0.60859466,0.066990495,0.40456328,-0.3529856,0.81975675,-0.7595393,0.48496062,1.0911667,-0.8129187,-0.20761818,-0.0093139075,-0.44481054,-1.0031732,-1.3743528,0.64072543,0.5447968,-0.96262115,0.62400174,0.5834024,1.5837296,0.9063977,-0.099188656,-0.83819586,0.92832744,0.74799293,0.8007669,-1.2051152,-1.0677803,0.41521332,1.2831957,-0.3897954,0.32450145,0.059158046,-0.4128642,-1.6518703,1.4513999,0.4369555,-0.17494321,1.3720773,0.3206596,-0.10032216,0.94717884,-0.35864842,0.23973472,-0.30310073,-0.48912308,-0.1676417,0.43226635,-0.6539234,0.30401844,-0.44751087,0.16895564,-0.523734,0.7814206,-1.2287905,0.43275252,-0.32622698,0.3747852,0.2694553,0.089323916,-1.3038902,-0.65655327,-0.21586402,1.5363317,0.8910889,-0.1625332,-1.1247296,0.11272548,1.3457978,0.7822767,-0.054302532,0.12850197,-0.32970205,-0.6054427,-0.35056967,-1.0458945,-0.5036886,0.42112252,0.57025343,-0.92868304,1.2732404,-1.7799541,0.64346623,-0.1249263,-1.2622336,0.11796008,0.009951903,-0.3814147,2.0571396,1.4286554,0.15708596,0.004650861,0.76856863,1.0922146,-0.53804606,-0.12858479,-1.6208416,0.7290622,1.311848,0.602107,-1.0318683,-0.3237923,0.34385657,-0.43440077,1.2075603,-0.284236,-0.15344003,-0.62672305,-0.21023715,-0.99415946,-0.6437589,-0.9475385,0.09274304,-0.798349,0.21333894,-0.7481249,-0.81969714,0.5386865,-0.5510235,0.21247584,-0.44227427,1.1224222,0.37845182,0.21665686,0.38148564,-0.793617,-0.23624188,-0.80250764,-0.62082404,0.72628444,-1.0714688,0.40846914,0.33398136,1.037693,1.7958041,0.061226275,-1.069179,0.59924954,0.28599733,0.35152793,-0.13665894,-0.6893025,-0.36732566,0.2728624,0.05633178,0.5698361,-1.310542,-0.3540522,-0.24722293,0.16859771,0.3785758,0.5425631,0.0811698,0.5363524,1.8371239,0.8650885,0.13986711,,,,,,,,,,,,,,,,,,,,,,,,,,,,,,,,,,,,,,,,,,,,,,,,,,,,,,,,,,,,,,,,,,,,,,,,,,,,,,,,,,,,,,,,,,,,,,,,,,,,,,,,,,,,,,,,,,,,,,,,,,,,,,,,,,,,,,,,,,,,,,,,,,,,,,,,,,,,,,,,,,,,,,,,,,,,,,,,,,,,,,,,,,,,,,,,,,,,,,,,,,,,,,,,,,,,,,,,,,,,,,,,,,,,,,,,,,,,,,,,,,,,,,,,,,,,,,,,,,,,,,,,,,,,,,,,,,,,,,,,,,,,,,,,,,,,,,,,,,,,,,,,,,,,,,,,,,,,,,,,,,,,,,,,,,,,,,,,,,,,,,,,,,,,,,,,,,,,,,,,,,,,,,,,,,,,,,,,,,,,,,,,,,,,,,,,,,,,,,,,,,,,,,,,,,,,,,,,,,,,,,,,,,,,,,,,,,,,,,,,,,,,,,,,,,,,,,,,,,,,,,,,,,,,,,,,,,,,,,,,,,,,,,,,,,,,,,,,,,,,,,,,,,,,,,,,,,,,,,,,,,,,,,,,,,,,,,,,,,,,,,,,,,,,,,,,,,,,,,,,,,,,,,,,,,,,,,,,,,,,,,,,,,,,,,,,,,,,,,,,,,,,,,,,,,,,,,,,,,,,,,,,,,,,,,,,,,,,,,,,,,,,,,,,,,,,,,,,,,,,,,,,,,,,,,,,,,,,,,,,,,,,,,,,,,,,,,,,,,,,,,,,,,,,,,,,,,,,,,,,,,,,,,,,,,,,,,,,,,,,,,,,,,,,,,,,,,,,,,,,,,,,,,,,,
ル,0.3267319798469543,0.504282534122467,0.3891793489456177,-0.644690990447998,0.2492967098951339,0.391729325056076,0.4885049760341644,0.0353201478719711,-0.295425534248352,-0.2600056529045105,0.4705418050289154,-0.4227430522441864,-0.4308756291866302,0.1589376181364059,0.3833131790161133,-0.1555226296186447,0.6771259307861328,-0.0070297834463417,-0.3241260945796966,-0.3549616932868957,-0.0278582032769918,-0.4655970633029938,-0.2775838077068329,0.5848970413208008,0.1186504065990448,-0.0684032440185546,-0.2162544131278991,0.0265272781252861,-0.2166880667209625,-0.4534425437450409,-0.5388060808181763,-0.4368718266487121,-0.2406570315361023,-0.0648179501295089,0.276409238576889,0.0543523505330085,-0.416244775056839,-0.1365386098623275,-0.1512780487537384,-0.1801581680774688,0.0069831199944019,-0.1989595890045166,-0.3204800486564636,0.0230019781738519,-0.4740468263626098,0.6393707394599915,-0.0073666828684508,0.4136851131916046,0.4353609383106231,-0.4213240146636963,-0.3094359338283539,0.289673388004303,0.3110057413578033,0.0382635742425918,0.4445213377475738,0.2003601044416427,0.6658976674079895,-0.4736901521682739,-0.2465175837278366,0.2811830639839172,-0.5472894310951233,-0.0253186244517564,0.5460535883903503,0.349573403596878,0.046179860830307,-0.2740751504898071,-0.2959727942943573,0.2039665430784225,-0.4295756816864013,-0.1771292686462402,-0.0226788148283958,0.1842251867055893,-0.1287569254636764,0.1752234548330307,1.0723930597305298,-0.0710352510213851,0.361193984746933,-0.1056608483195304,0.2930122315883636,-0.4511431157588959,-0.1169870719313621,0.2361347377300262,-0.1731827557086944,-0.7000932693481445,0.2416944503784179,0.4530516862869262,-0.184717372059822,-0.9327515363693236,0.1683125644922256,-0.2972277700901031,0.1019080281257629,0.1785274595022201,0.3188952505588531,-0.1510434448719024,0.2095098942518234,-0.5624170899391174,0.071826659142971,0.1156753599643707,-0.0019789640791714,0.1879253983497619,0.1076056584715843,0.0365924350917339,0.0773095712065696,-0.2180373072624206,-0.3064020574092865,-0.0419833473861217,-0.0543883815407753,0.0971352979540824,-0.1505163311958313,0.2135598510503769,-0.1776060312986374,-0.5533260703086853,-0.3114620149135589,0.1915563493967056,-0.1114105656743049,0.0397476218640804,0.1841901242733001,0.5035329461097717,-0.0344909764826297,0.6821163892745972,0.147258311510086,0.3250342309474945,0.0981586426496505,-0.3296723663806915,0.0727170556783676,-0.0620832107961177,0.1228261888027191,0.179835706949234,-0.2774180173873901,-0.074716679751873,-0.3984164297580719,0.2520693242549896,-0.2921371459960937,-0.3765508532524109,-0.6780340671539307,0.6243751645088196,-0.1838598102331161,-0.1403094679117202,-0.680529773235321,0.0007872059359215,-0.3262399137020111,0.4352965354919433,0.2223626375198364,-0.3203668892383575,0.3129109740257263,-0.0346749126911163,-0.3262746036052704,-0.4348961412906647,0.1461231559514999,0.3253750205039978,-0.1087788566946983,1.305041790008545,-0.8493898510932922,-0.0352116897702217,-0.0678188949823379,0.2587876915931701,-0.2110901474952697,-0.1314795911312103,0.2126944810152053,0.4045405387878418,0.4589438438415527,-0.4968355000019073,0.4671243727207184,0.762880802154541,0.1037597581744194,0.5101765394210815,0.4030967354774475,0.2913702428340912,0.3247058689594269,1.1106821298599243,0.4403388202190399,0.3149027824401855,-0.1746834516525268,-0.4148858189582824,0.2988938987255096,0.3918623030185699,0.2478193044662475,0.0748790353536605,0.3699105083942413,-0.6064022183418274,-0.1216680407524108,0.207931712269783,-0.2407763004302978,-0.215098425745964,-0.0199975483119487,-0.236678197979927,-0.2011442929506302,-0.4585068225860595,-0.4124470353126526,-0.0369753390550613,0.1035453081130981,-0.2105586528778076,0.2108959108591079,-0.5588843822479248,-0.153098851442337,-0.0092740580439567,-0.315667450428009,0.0164822563529014,-0.4316007494926452,0.1987726837396621,-0.1619186401367187,-0.0065610553137958,0.1626398861408233,-0.6173220276832581,-0.7654948830604553,-0.0158118456602096,0.4284592270851135,0.5024276971817017,0.3075867295265198,0.4950095415115356,-0.3036954998970032,-0.0054140617139637,0.0475791729986667,0.1158722341060638,0.1027875319123268,0.3564533293247223,-0.7489498853683472,-0.4544898569583893,0.0612788349390029,-0.3921308219432831,0.704927384853363,0.2117279767990112,0.478976309299469,0.0747089385986328,-0.3110966384410858,0.0881793275475502,-0.0790814012289047,-0.4825069606304168,0.0320451147854328,0.1151748076081276,-0.2791180312633514,-0.1340673714876175,-1.1665174961090088,-0.3765600025653839,-0.4259424209594726,0.187160313129425,0.1213842332363128,0.6426771879196167,-0.1291950792074203,0.5154077410697937,0.2109417021274566,-0.3010673522949219,0.3367121815681457,-0.0737029463052749,-0.0221858900040388,0.0571483336389064,0.1766414046287536,-0.0318243876099586,-0.0835957154631614,-0.0046967309899628,-0.4829332232475281,-0.2986761033535003,0.1204177588224411,-0.096907652914524,0.4430013298988342,0.4860514998435974,-0.0046140705235302,-0.1711658239364624,0.0125350384041666,-0.3149752020835876,-0.4689663350582123,-0.5819075107574463,0.0002409204025752,0.1060202419757843,0.0616700090467929,0.1227379739284515,0.2092468589544296,-0.7467853426933289,-0.3344900012016296,-0.5020788311958313,0.229773536324501,-0.1828431934118271,-0.1581522077322006,-0.013825655914843,-0.6248232126235962,0.0394642390310764,0.0344801805913448,0.2151777148246765,-0.5918433666229248,0.3020890057086944,-0.3633238077163696,0.1191168576478958,-0.4950653910636902,0.1323170363903045,-0.0689977928996086,-0.3021509051322937,-0.4408633112907409,-0.1590704917907714,-0.4249633848667145,0.2704673409461975,0.0207506604492664,-0.6475901007652283,0.1805578172206878,0.3039320707321167,-0.2253986448049545,0.1784315109252929,-0.0056885783560574,0.0843304693698883,-0.2874521613121032,0.1659282147884369,0.2623980939388275,0.2792764604091644,0.2436927407979965,-0.1092260181903839,-0.2078377902507782,-0.3585308790206909,-0.148477241396904,-0.1495766192674636,0.5844904780387878,-0.9987764954566956,-0.2214705944061279,1.2479735612869265,-0.7758281826972961,0.0665553957223892,0.0045615681447088,0.813340425491333,-1.761072278022766,-0.1873277574777603,0.0281074680387973,-0.0907032415270805,-0.3177246451377868,1.0065730810165403,0.1290562748908996,0.1617098152637481,-0.1409191340208053,-0.2126087248325348,0.5713610053062439,0.3174176514148712,-0.4547329843044281,-0.3359846770763397,-0.0021418263204395,-0.0830781087279319,0.3133994042873382,-0.8415486216545105,0.269359827041626,0.4748408794403076,-0.1113406345248222,-0.0563197769224643,0.1997775882482528,-0.322866290807724,-0.0741044133901596,0.1755832284688949,0.1077265068888664,0.2823744416236877,-0.4987630248069763,-0.188886821269989,0.4283036589622497,0.8307878375053406,0.7468206286430359,0.7617159485816956,-0.2234761118888855,0.0543698854744434,0.6194729804992676,0.3152368664741516,0.647981584072113,-0.3520143926143646,0.0005843696417286,-0.289363145828247,0.58577960729599,0.0854745060205459,-0.1188040375709533,0.4101342260837555,0.5229565501213074,0.293756753206253,-0.1009606942534446,0.0768756493926048,0.9074493050575256,0.3311062157154083,0.255146861076355,0.269178181886673,0.1543388813734054,0.2703054845333099,0.1075630933046341,-0.33624467253685,0.1270171701908111,-0.3424801230430603,-0.0244117584079504,-0.1972653269767761,-0.200936809182167,-0.2870866060256958,-0.6078546643257141,-0.0719562694430351,0.0895940661430358,-0.7981278896331787,-0.0107164662331342,-0.4852672815322876,-0.6455111503601074,-0.2486627846956253,-0.1731563359498977,-0.7422149181365967,0.1068806946277618,0.7675581574440002,0.3430756330490112,-0.4887702763080597,-0.2028398513793945,0.1150262802839279,-0.2654612064361572,-0.0778926163911819,-0.1300008594989776,0.1266610622406005,-0.2747055292129516,0.2506229281425476,-0.47366863489151,-0.454752117395401,-0.6353906989097595,-0.2739436328411102,-0.7019457817077637,-0.0465927496552467,0.0159214623272418,0.5708001255989075,-0.1236029043793678,-0.1026419326663017,-0.1213594824075698,-0.389390617609024,-0.2697679996490478,-0.3769181966781616,-0.5609708428382874,0.0775345340371131,0.4289674162864685,0.5754312872886658,0.496806800365448,0.513799250125885,0.1437530517578125,0.225522980093956,-0.2153615057468414,0.100604623556137,-0.2551022171974182,-0.5030132532119751,0.5300812125205994,-0.0444314815104007,0.3157464563846588,0.1196122169494628,-0.1533194631338119,0.6169959902763367,0.1200296878814697,-0.4377939999103546,0.0147731797769665,0.5540763139724731,-0.2375573366880417,0.3867173194885254,0.0738726258277893,0.9268486499786376,0.0752368420362472,0.4006178379058838,0.0721965283155441,-0.3297509551048279,0.2454726696014404,-0.0969294235110282,-0.3826265335083008,-0.0927560925483703,-0.0997589826583862,0.5404260754585266,0.5491176843643188,-0.0390110909938812,0.224794715642929,0.448674201965332,-0.3622162640094757,0.0187327340245246,0.1122161820530891,0.1531114131212234,-0.3659898638725281,-0.4390119314193725,-0.2144922763109207,0.1196262016892433,-0.8909561634063721,-0.209301546216011,0.2322250306606292,-0.0040029347874224,0.0986885353922844,0.0086712418124079,-0.4359364509582519,-0.3386326134204864,-0.8251433372497559,0.0996816083788871,0.1340792626142501,0.4725130200386047,0.3636029660701751,-0.51699298620224,-0.7288557291030884,0.5992422103881836,-0.3299131989479065,0.4728330671787262,-0.0762687996029853,-0.350804328918457,-0.6304427981376648,0.7653645277023315,0.0229078754782676,0.1178648471832275,0.3792878091335296,0.3151600360870361,-0.1227108538150787,-0.462264746427536,-0.1619949489831924,-0.2019966393709182,0.1037320494651794,-0.1361646801233291,0.4494776427745819,0.2585809230804443,-0.7056407332420349,-0.76743084192276,-0.2513591051101684,-0.2874118983745575,0.4968950152397156,-0.5697029232978821,0.339332640171051,-0.3406864404678345,0.3861749768257141,0.2856632769107818,0.5926978588104248,-0.1450183093547821,0.2671835124492645,0.6667153239250183,0.724128782749176,-0.1697767525911331,-0.0523705743253231,-0.1099754944443702,-0.0011484316783025,-0.1357564479112625,0.6046919226646423,-0.0798500701785087,-0.008443709462881,-0.1238091066479682,-0.8375066518783569,0.1677598059177398,-0.0895283818244934,-0.8037627935409546,0.7500090003013611,0.4310073852539062,0.0456083044409751,-0.3191115856170654,-0.0979274064302444,-0.8494911789894104,0.2522884905338287,0.2028941512107849,0.0811270251870155,0.0439445450901985,-0.6024342775344849,0.2184132933616638,-0.1976793259382248,-0.5514538288116455,0.3235717713832855,0.3739212155342102,-0.4451651573181152,-0.1253710091114044,0.28300940990448,0.3402640521526336,-0.2056640535593032,-0.0801890864968299,-0.3719019293785095,-0.0533611662685871,0.524002194404602,0.152753934264183,0.4569866955280304,0.708453893661499,0.0394307859241962,-0.0613542422652244,0.3606171011924743,0.4170361459255218,0.1632057428359985,-0.1810569763183593,0.1012683510780334,-0.1802436411380767,-0.6118770241737366,0.1879178583621978,0.2436230629682541,0.2829311788082123,-0.030719781294465,0.2523505389690399,0.7462795972824097,-0.4738180637359619,0.0379580743610858,0.4380264282226562,0.201602429151535,0.8641093969345093,-0.3401079177856445,0.0631332844495773,-0.5161869525909424,0.1041406393051147,0.0428745634853839,-0.1054497510194778,0.141892671585083,-0.0321596153080463,-0.3341409862041473,-0.5866129398345947,-0.038739513605833,0.4336657226085663,0.1068255230784416,0.8300034999847412,0.3175491988658905,-0.3696500957012176,0.6411426067352295,0.1251225620508194,-0.238680213689804,-0.1703198403120041,-0.1426229923963546,0.1360370367765426,0.5619893074035645,0.2192840129137039,0.6944481134414673,-0.5882658362388611,-1.0026215314865112,0.006992554757744,-0.2116232365369796,-0.1053381785750389,0.3487311005592346,-0.7125884890556335,-0.1822008639574051,0.3164593279361725,-0.210497498512268,-0.2970026731491089,-0.0677070468664169,-0.8756309151649475,0.1947965919971466,0.2422448992729187,-0.4073378443717956,-0.2278879433870315,-0.1371562778949737,0.3729032576084137,-0.023781668394804,-0.2348287552595138,0.0500561147928237,0.7955353260040283,-0.1886819303035736,-0.4642846584320068,0.1191840767860412,0.1427996754646301,0.130125030875206,0.100260429084301,0.0597211942076683,-0.683070719242096,-0.0700760334730148,-0.1741533726453781,-0.3724754750728607,-0.0252495259046554,0.2463886737823486,0.1751758754253387,0.267403244972229,-0.2065415829420089,-0.354124516248703,-0.25865039229393,-0.1415382027626037,0.1057116687297821,-0.5515578985214233,-0.0818513482809066,-0.1274208575487136,0.067889928817749,-0.0141771370545029,0.0427816957235336,-0.0644277855753898,-0.1679948568344116,-0.6305610537528992,0.1862228214740753,-0.9479663372039796,-0.2207952141761779,0.4355023503303528,0.0418233089148998,-0.1436243802309036,-0.944079041481018,0.3095574378967285,0.0753363743424415,0.4859519898891449,-0.0591470524668693,0.3895473480224609,-0.1722027957439422,0.4495869576931,0.2307757884263992,-0.4454110860824585,0.3099581003189087,-10.271347045898438,-0.2254373282194137,-0.6124522686004639,-0.3556426465511322,0.2084318399429321,0.1765032112598419,0.7559671998023987,0.0992186889052391,-0.4085058271884918,0.0534823797643184,0.339387983083725,0.7454551458358765,0.5641279816627502,0.799053966999054,-0.8186019659042358,-0.2134899646043777,-0.3583584725856781,-0.2594962418079376,-0.0355873592197895,-0.2031535506248474,0.2094049453735351,-0.4164888560771942,0.7312559485435486,0.6766772866249084,-0.4954853355884552,-0.2237013429403305,-0.497884452342987,0.329694926738739,0.0586513727903366,0.7140833139419556,-0.4454948008060455,0.6512873768806458,0.0133997332304716,0.4293562173843384,-0.0811167433857917,-0.09075728058815,-0.1363884508609771,0.5629774928092957,-0.3571276664733886,0.643925666809082,0.160020962357521,0.7590019106864929,-0.279123455286026,-0.3061985373497009,0.0805494040250778,0.4457494914531708,0.5086052417755127,0.4723740220069885,0.6940380930900574,0.2740190029144287,0.1002665534615516,-0.1793662011623382,-0.2128323167562484,0.0730151161551475,0.1171372979879379,0.1139796897768974,0.9575792551040648,0.0290617011487483,0.2050649374723434,0.3395489454269409,0.6473352313041687,-0.3669528067111969,0.3318167328834533,0.7136003375053406,-0.1391368061304092,0.0332276076078414,0.2186232954263687,0.4464263617992401,-0.3211424648761749,-0.1140047535300254,0.189930185675621,0.5199828743934631,-0.2167618423700332,0.2228578925132751,-0.6123327016830444,0.2954936325550079,0.0284136030822992,-0.1343257576227188,0.0520612411201,0.6001419425010681,0.446128636598587,-0.2191944718360901,-0.2631876468658447,0.2700689136981964,-0.6663702726364136,-0.1921061277389526,-0.1096558570861816,0.1401856690645218,0.4271815717220306,-0.6189101934432983,0.3425246775150299,0.1055577546358108,-0.4600609242916107,0.1795538067817688,0.6915600299835205,-0.3033600151538849,0.1349276304244995,0.1071744114160537,0.1366688162088394,0.0002114886592607,-0.83451205,-0.24428722,0.81030107,0.6743588,-1.5216889,-0.7459232,-1.7115843,0.32531685,1.1280026,-0.195625,0.6666896,-0.38122687,-1.1555603,2.1005483,-0.74865067,0.10122578,0.8513776,-0.424091,0.39167577,0.34606078,0.50184363,0.48124906,0.7523814,-0.73470867,0.7327392,0.8857177,0.6030467,-0.46759024,-0.2819928,-0.45055664,0.038060494,-0.47567925,-1.0807781,-0.45562258,0.39458045,-0.7757714,-1.5095935,1.5611967,-0.25693107,-0.20059524,-0.74345577,1.4164944,-0.034501385,-0.27769828,-0.7964235,-0.08735901,1.8364224,-0.6599829,0.90719825,-0.3903047,-0.78238666,-0.5158807,1.084657,0.9755232,0.2897054,-0.5299724,1.1222751,0.9567404,-0.38012683,-0.8175181,0.3695148,1.0080035,-0.94469166,-0.17690283,0.01398392,0.89797807,0.048299372,0.31014043,0.10064046,-0.22192012,-2.179342,-1.6190808,-0.2384929,1.2573545,-1.6480801,0.23917064,-0.090997905,-1.590927,0.11386457,-0.011897385,0.3924999,0.062396027,-0.53370047,1.2957243,-1.3781912,-0.77933896,-0.6641963,-0.7174599,-1.2347915,-0.0045439154,-0.46160108,-1.6160495,-1.3718493,-1.5466541,1.7562827,-0.116356835,-1.1978905,-0.81804574,-1.3717451,0.21699294,0.24120548,1.2545999,0.250401,0.058691308,-0.6662171,-0.68030703,-0.90610015,-0.6097619,-0.7141976,0.05788518,-0.2305389,0.4850638,0.8887143,1.6410768,0.24819987,0.63972706,-1.400552,-0.9628713,-0.05946286,0.5390754,1.5548735,-0.079779394,-0.86751264,0.6398641,0.007423793,1.0063454,-0.08169159,-0.9586983,0.6886231,-0.10955867,0.86103946,-0.22329307,2.0644324,0.93340373,-0.84383965,-0.36029488,0.17739594,0.52868724,1.0022557,-0.884191,-0.7124563,0.11378829,-0.22867393,-0.36407384,0.5933275,-1.2089881,0.43302798,0.9090939,1.484873,-0.092693284,-0.38458216,-0.016571142,-1.5863926,0.47520643,0.982044,-0.6916093,-0.23830786,0.73258734,-1.0616325,1.5003816,-0.5879009,1.1157333,-0.8358889,0.9562037,-0.11813465,0.62500167,-0.7763458,0.44490084,-1.0491612,-2.5504336,-0.6042766,0.044097386,0.689089,-0.23968223,0.65996075,-0.4676609,0.49374703,0.5613963,-0.9596813,-0.1625861,1.323992,0.8340617,-0.37880963,1.6508061,-0.18292218,0.82797927,0.6868346,0.72966737,0.60342574,0.16253296,1.2238667,-0.7039155,0.9501183,0.847844,0.8448726,2.797609,1.2072625,-1.2524978,-1.5080893,1.0681434,-2.3081117,-0.046609953,0.74646235,-1.0875201,1.0419602,-1.1287214,-1.1467779,2.1257997,0.67928004,-0.1607061,-1.435596,-1.52282,1.1375871,1.1095233,-0.13144058,-0.035462096,-0.3916634,0.16866331,-1.102734,-0.8193265,1.0686978,0.76434344,0.31921777,0.9871801,-0.8919474,0.4557929,0.46443537,0.17239411,0.40625212,0.89253294,-0.7658104,0.2840075,0.8695259,0.043824255,-0.52241045,0.23142712,-0.6709003,0.7568435,-0.13790515,0.68498445,0.5810995,-1.1551222,0.34298283,-0.4216413,0.450464,0.7206569,1.6859739,0.0024474375,-2.0328815,-0.8683349,-0.1997338,1.2660441,0.10138935,0.50868934,0.38239884,1.1929615,-0.6440242,-0.17085467,-0.4260109,-0.2515181,-0.22781584,0.4589252,0.3645581,-0.17476699,0.26106974,-0.87352276,-0.6802813,0.22239885,0.2447814,-0.79700375,-0.95404446,-0.7260175,-0.96655107,0.50650555,0.6695169,0.3418631,-0.7797382,-1.3713245,-0.38630688,0.42534062,0.80979043,-1.3509676,-0.10582103,0.20584443,-0.9586201,0.09350204,-0.25269255,-0.025587492,0.09179373,0.4860714,-1.0704916,0.74540895,-0.008787543,0.4780932,1.2073606,0.18350106,1.503871,-0.5865605,0.09723459,-0.8202471,1.008108,0.81199133,-1.8345901,1.003245,-0.3312079,-0.37815902,1.5706686,-1.1391515,-0.35724896,-1.1244028,0.15766086,-0.109700836,-1.5372039,1.9030242,-2.288939,1.4885862,-1.8572052,-0.36254123,-0.7796549,-0.74362373,-1.2214208,0.07277653,0.61708534,0.3652891,0.5513728,0.18547067,0.03485301,0.42771554,-0.0054985993,0.86027473,0.1709598,0.24670063,-1.0775265,-1.4122161,0.011164635,0.8951217,-1.2305388,-0.8084341,-1.1892948,-0.078650236,0.28539968,-0.71562713,-0.34804022,0.87065136,-0.18757269,0.5121557,-1.232898,-0.91400206,-0.101733685,-0.9619749,1.3882744,-0.19051237,1.2237506,-1.4265718,-0.54510665,0.4796556,-1.3745778,-0.44415295,0.28219995,1.7284083,0.73719954,0.8574627,0.4196577,0.9492655,-0.44044498,-0.18882838,1.4103912,0.31134716,1.7143636,-0.03016372,-0.6548315,1.4722722,0.1271866,0.9992487,-0.6317924,-0.42375684,1.7532912,-0.6817942,-0.46499223,-0.28420448,-0.14764482,-0.20287731,-0.013154337,1.0189974,0.13464966,0.06466146,0.60036564,1.0456834,-0.7120351,-0.8710908,-0.79909647,0.9497733,1.1823628,1.8538134,1.3472065,0.22303385,-0.8167172,-1.8056248,0.6633611,1.3647454,0.6840266,0.23159307,-1.7382532,0.90009004,0.5573988,0.34909737,-1.5368003,-1.8870208,1.582937,0.38186163,0.40777424,1.3098212,-1.2289602,-1.942925,-0.67411673,-0.0063474965,-0.114767075,-0.86677265,-0.8644027,0.25672454,0.008596532,1.015718,1.1070545,0.95543337,0.23990758,-0.24978781,0.67635626,0.10007092,-0.46680623,-0.063712105,-0.096392386,0.75910205,-1.6731884,-0.43138933,0.7335397,-2.1618497,1.2871506,-0.17786136,0.0023610108,-0.06255814,-0.17129739,-0.895172,-0.2169409,0.055973236,-0.8229832,-0.119693935,0.5164387,-1.5834666,-1.8126185,0.76425326,1.1393801,-0.7365478,0.40430415,0.40326858,-0.53501576,0.7936819,-0.25416705,-0.45028645,-0.2636606,0.03335487,0.35559362,-0.76150775,-1.3922884,-0.9005481,0.63269997,-0.94955814,-1.3354471,0.9563088,0.14993617,-1.2703154,-0.9495252,-0.3720097,-0.51729137,0.3929826,0.58219296,-0.29269266,-0.39170572,-0.9070977,0.18683003,-0.075475335,-0.04051334,-0.48162317,-0.051605873,0.3594595,-0.8918132,0.02303309,1.7495866,0.19582748,1.1418183,1.254778,-0.02766579,-0.3004083,0.722538,-0.8427304,0.0879538,1.1729468,-0.9026803,-1.1561536,1.7055924,-0.023686565,-0.87290686,0.071819305,0.31835237,-0.15712681,-0.1766991,-0.16807728,0.35711512,1.4455358,1.2088288,1.6525298,-0.32082638,-0.06507393,-0.41387525,0.66249734,-1.1450887,-0.819025,-0.16831104,0.16256595,2.2326162,-0.7236181,0.34487993,0.5299445,-0.88252383,-1.0941951,0.15528694,0.26153606,0.03379797,-0.4727143,0.315093,-1.2525914,0.34993762,-1.7397169,-0.15610294,0.8336843,1.2159911,-0.8606492,0.60937285,0.8926783,0.07887551,-1.0015616,-0.3610673,0.91305864,1.9403241,-0.13688242,-0.98342633,0.52074283,-0.7751593,-1.8148713,-0.31250995,-1.2404063,-0.8503552,0.14350557,-0.25293365,-0.34619996,-0.35652152,-0.504171,1.4185182,0.31284344,-0.095185086,0.44229114,-1.0161178,1.5037352,0.08282697,-0.8069869,1.4588691,0.8046994,-1.106777,0.708942,-1.7846189,1.2858888,-0.7392095,0.9344466,1.162705,0.5739334,-0.5578933,1.5379995,-0.29297662,-0.44812015,-0.11062777,0.8842372,-0.4366008,0.34800598,-1.7060825,1.153969,-1.1869786,-0.92523015,0.08370848,0.7290109,-0.31925622,0.077753775,-0.14598279,0.18149224,0.17637229,-1.298389,0.45534596,1.5137682,-0.13023488,-1.2287408,1.1280799,0.5059457,-0.45248857,-0.11545655,2.1336331,0.41670415,0.571722,-0.8630769,-1.0390503,0.34034646,-0.5600419,-1.2920719,-0.36346212,-0.17391841,0.017217545,0.5506471,-0.47852033,1.0049098,-0.6344647,0.3288375,0.8948375,-0.7259644,-0.1493281,0.14760691,-0.77551854,-0.8140339,-1.4119986,0.3369782,0.63477093,-1.0798256,0.6909877,0.95202386,2.0210981,0.38430095,-0.3216129,-0.76768494,0.87945867,1.0173593,0.8433474,-1.3861889,-1.540584,0.63959277,1.1306307,-0.20532556,0.10480395,0.1307676,-0.4537423,-1.6577067,0.89275205,-0.06900544,-0.5381581,1.3543401,0.42005107,0.08996968,0.75290006,-0.030298404,0.62574357,-0.11035251,-0.6060767,0.11502521,0.2437825,-0.9165593,0.58891493,-0.42781672,0.20865735,-0.64344436,0.69672143,-1.110235,0.7606462,-0.07223753,0.5567496,0.20942043,-0.121516064,-1.4697149,-0.60001385,-0.63913155,1.3647197,1.3116289,-0.38505155,-0.8430483,-0.3387078,0.72840786,0.4382693,-0.162632,0.063777916,0.13038012,-0.52441365,-0.31900382,-0.9425031,-0.5730754,0.6537252,0.474889,-0.9171602,1.4921992,-1.6443446,0.76803046,-0.046355374,-1.4819463,-0.037349377,-0.29007292,-0.5387423,2.2022328,1.4223652,0.09347457,0.03973076,0.93452615,0.9645618,-0.7751587,-0.31979385,-1.3336414,0.6309826,1.0017338,0.76575404,-1.1159803,0.08882344,0.44897097,-0.61234653,1.2864498,-0.04003128,-0.8566066,-0.9328295,-0.25922394,-0.6235425,-0.22052766,-0.6349291,0.46651852,-1.2828864,0.22703905,-0.4929244,-0.60017973,0.77567965,-0.2001335,0.10975228,-0.35496843,0.9210976,0.7734546,0.5188824,0.5772856,-0.7568854,0.056940854,-1.2848456,-0.09962545,0.24757722,-1.3943324,0.525716,0.41607818,1.2655442,1.9438833,0.42903727,-1.4929786,0.7310987,-0.030643292,0.60474515,-0.06845194,-0.86481535,-0.6301302,0.065248944,0.37556863,0.3260937,-1.0736554,-0.2699364,-0.075348146,0.12920344,0.25339338,0.3855803,0.06598605,1.0298656,1.960385,0.9047756,0.058110587,,,,,,,,,,,,,,,,,,,,,,,,,,,,,,,,,,,,,,,,,,,,,,,,,,,,,,,,,,,,,,,,,,,,,,,,,,,,,,,,,,,,,,,,,,,,,,,,,,,,,,,,,,,,,,,,,,,,,,,,,,,,,,,,,,,,,,,,,,,,,,,,,,,,,,,,,,,,,,,,,,,,,,,,,,,,,,,,,,,,,,,,,,,,,,,,,,,,,,,,,,,,,,,,,,,,,,,,,,,,,,,,,,,,,,,,,,,,,,,,,,,,,,,,,,,,,,,,,,,,,,,,,,,,,,,,,,,,,,,,,,,,,,,,,,,,,,,,,,,,,,,,,,,,,,,,,,,,,,,,,,,,,,,,,,,,,,,,,,,,,,,,,,,,,,,,,,,,,,,,,,,,,,,,,,,,,,,,,,,,,,,,,,,,,,,,,,,,,,,,,,,,,,,,,,,,,,,,,,,,,,,,,,,,,,,,,,,,,,,,,,,,,,,,,,,,,,,,,,,,,,,,,,,,,,,,,,,,,,,,,,,,,,,,,,,,,,,,,,,,,,,,,,,,,,,,,,,,,,,,,,,,,,,,,,,,,,,,,,,,,,,,,,,,,,,,,,,,,,,,,,,,,,,,,,,,,,,,,,,,,,,,,,,,,,,,,,,,,,,,,,,,,,,,,,,,,,,,,,,,,,,,,,,,,,,,,,,,,,,,,,,,,,,,,,,,,,,,,,,,,,,,,,,,,,,,,,,,,,,,,,,,,,,,,,,,,,,,,,,,,,,,,,,,,,,,,,,,,,,,,,,,,,,,,,,,,,,,,,,,,,,,,,,,,,,,,,,,,,,,,,,,,,,,,
