Mora,MFeature_0,MFeature_1,MFeature_2,MFeature_3,MFeature_4,MFeature_5,MFeature_6,MFeature_7,MFeature_8,MFeature_9,MFeature_10,MFeature_11,MFeature_12,MFeature_13,MFeature_14,MFeature_15,MFeature_16,MFeature_17,MFeature_18,MFeature_19,MFeature_20,MFeature_21,MFeature_22,MFeature_23,MFeature_24,MFeature_25,MFeature_26,MFeature_27,MFeature_28,MFeature_29,MFeature_30,MFeature_31,MFeature_32,MFeature_33,MFeature_34,MFeature_35,MFeature_36,MFeature_37,MFeature_38,MFeature_39,MFeature_40,MFeature_41,MFeature_42,MFeature_43,MFeature_44,MFeature_45,MFeature_46,MFeature_47,MFeature_48,MFeature_49,MFeature_50,MFeature_51,MFeature_52,MFeature_53,MFeature_54,MFeature_55,MFeature_56,MFeature_57,MFeature_58,MFeature_59,MFeature_60,MFeature_61,MFeature_62,MFeature_63,MFeature_64,MFeature_65,MFeature_66,MFeature_67,MFeature_68,MFeature_69,MFeature_70,MFeature_71,MFeature_72,MFeature_73,MFeature_74,MFeature_75,MFeature_76,MFeature_77,MFeature_78,MFeature_79,MFeature_80,MFeature_81,MFeature_82,MFeature_83,MFeature_84,MFeature_85,MFeature_86,MFeature_87,MFeature_88,MFeature_89,MFeature_90,MFeature_91,MFeature_92,MFeature_93,MFeature_94,MFeature_95,MFeature_96,MFeature_97,MFeature_98,MFeature_99,MFeature_100,MFeature_101,MFeature_102,MFeature_103,MFeature_104,MFeature_105,MFeature_106,MFeature_107,MFeature_108,MFeature_109,MFeature_110,MFeature_111,MFeature_112,MFeature_113,MFeature_114,MFeature_115,MFeature_116,MFeature_117,MFeature_118,MFeature_119,MFeature_120,MFeature_121,MFeature_122,MFeature_123,MFeature_124,MFeature_125,MFeature_126,MFeature_127,MFeature_128,MFeature_129,MFeature_130,MFeature_131,MFeature_132,MFeature_133,MFeature_134,MFeature_135,MFeature_136,MFeature_137,MFeature_138,MFeature_139,MFeature_140,MFeature_141,MFeature_142,MFeature_143,MFeature_144,MFeature_145,MFeature_146,MFeature_147,MFeature_148,MFeature_149,MFeature_150,MFeature_151,MFeature_152,MFeature_153,MFeature_154,MFeature_155,MFeature_156,MFeature_157,MFeature_158,MFeature_159,MFeature_160,MFeature_161,MFeature_162,MFeature_163,MFeature_164,MFeature_165,MFeature_166,MFeature_167,MFeature_168,MFeature_169,MFeature_170,MFeature_171,MFeature_172,MFeature_173,MFeature_174,MFeature_175,MFeature_176,MFeature_177,MFeature_178,MFeature_179,MFeature_180,MFeature_181,MFeature_182,MFeature_183,MFeature_184,MFeature_185,MFeature_186,MFeature_187,MFeature_188,MFeature_189,MFeature_190,MFeature_191,MFeature_192,MFeature_193,MFeature_194,MFeature_195,MFeature_196,MFeature_197,MFeature_198,MFeature_199,MFeature_200,MFeature_201,MFeature_202,MFeature_203,MFeature_204,MFeature_205,MFeature_206,MFeature_207,MFeature_208,MFeature_209,MFeature_210,MFeature_211,MFeature_212,MFeature_213,MFeature_214,MFeature_215,MFeature_216,MFeature_217,MFeature_218,MFeature_219,MFeature_220,MFeature_221,MFeature_222,MFeature_223,MFeature_224,MFeature_225,MFeature_226,MFeature_227,MFeature_228,MFeature_229,MFeature_230,MFeature_231,MFeature_232,MFeature_233,MFeature_234,MFeature_235,MFeature_236,MFeature_237,MFeature_238,MFeature_239,MFeature_240,MFeature_241,MFeature_242,MFeature_243,MFeature_244,MFeature_245,MFeature_246,MFeature_247,MFeature_248,MFeature_249,MFeature_250,MFeature_251,MFeature_252,MFeature_253,MFeature_254,MFeature_255,MFeature_256,MFeature_257,MFeature_258,MFeature_259,MFeature_260,MFeature_261,MFeature_262,MFeature_263,MFeature_264,MFeature_265,MFeature_266,MFeature_267,MFeature_268,MFeature_269,MFeature_270,MFeature_271,MFeature_272,MFeature_273,MFeature_274,MFeature_275,MFeature_276,MFeature_277,MFeature_278,MFeature_279,MFeature_280,MFeature_281,MFeature_282,MFeature_283,MFeature_284,MFeature_285,MFeature_286,MFeature_287,MFeature_288,MFeature_289,MFeature_290,MFeature_291,MFeature_292,MFeature_293,MFeature_294,MFeature_295,MFeature_296,MFeature_297,MFeature_298,MFeature_299,MFeature_300,MFeature_301,MFeature_302,MFeature_303,MFeature_304,MFeature_305,MFeature_306,MFeature_307,MFeature_308,MFeature_309,MFeature_310,MFeature_311,MFeature_312,MFeature_313,MFeature_314,MFeature_315,MFeature_316,MFeature_317,MFeature_318,MFeature_319,MFeature_320,MFeature_321,MFeature_322,MFeature_323,MFeature_324,MFeature_325,MFeature_326,MFeature_327,MFeature_328,MFeature_329,MFeature_330,MFeature_331,MFeature_332,MFeature_333,MFeature_334,MFeature_335,MFeature_336,MFeature_337,MFeature_338,MFeature_339,MFeature_340,MFeature_341,MFeature_342,MFeature_343,MFeature_344,MFeature_345,MFeature_346,MFeature_347,MFeature_348,MFeature_349,MFeature_350,MFeature_351,MFeature_352,MFeature_353,MFeature_354,MFeature_355,MFeature_356,MFeature_357,MFeature_358,MFeature_359,MFeature_360,MFeature_361,MFeature_362,MFeature_363,MFeature_364,MFeature_365,MFeature_366,MFeature_367,MFeature_368,MFeature_369,MFeature_370,MFeature_371,MFeature_372,MFeature_373,MFeature_374,MFeature_375,MFeature_376,MFeature_377,MFeature_378,MFeature_379,MFeature_380,MFeature_381,MFeature_382,MFeature_383,MFeature_384,MFeature_385,MFeature_386,MFeature_387,MFeature_388,MFeature_389,MFeature_390,MFeature_391,MFeature_392,MFeature_393,MFeature_394,MFeature_395,MFeature_396,MFeature_397,MFeature_398,MFeature_399,MFeature_400,MFeature_401,MFeature_402,MFeature_403,MFeature_404,MFeature_405,MFeature_406,MFeature_407,MFeature_408,MFeature_409,MFeature_410,MFeature_411,MFeature_412,MFeature_413,MFeature_414,MFeature_415,MFeature_416,MFeature_417,MFeature_418,MFeature_419,MFeature_420,MFeature_421,MFeature_422,MFeature_423,MFeature_424,MFeature_425,MFeature_426,MFeature_427,MFeature_428,MFeature_429,MFeature_430,MFeature_431,MFeature_432,MFeature_433,MFeature_434,MFeature_435,MFeature_436,MFeature_437,MFeature_438,MFeature_439,MFeature_440,MFeature_441,MFeature_442,MFeature_443,MFeature_444,MFeature_445,MFeature_446,MFeature_447,MFeature_448,MFeature_449,MFeature_450,MFeature_451,MFeature_452,MFeature_453,MFeature_454,MFeature_455,MFeature_456,MFeature_457,MFeature_458,MFeature_459,MFeature_460,MFeature_461,MFeature_462,MFeature_463,MFeature_464,MFeature_465,MFeature_466,MFeature_467,MFeature_468,MFeature_469,MFeature_470,MFeature_471,MFeature_472,MFeature_473,MFeature_474,MFeature_475,MFeature_476,MFeature_477,MFeature_478,MFeature_479,MFeature_480,MFeature_481,MFeature_482,MFeature_483,MFeature_484,MFeature_485,MFeature_486,MFeature_487,MFeature_488,MFeature_489,MFeature_490,MFeature_491,MFeature_492,MFeature_493,MFeature_494,MFeature_495,MFeature_496,MFeature_497,MFeature_498,MFeature_499,MFeature_500,MFeature_501,MFeature_502,MFeature_503,MFeature_504,MFeature_505,MFeature_506,MFeature_507,MFeature_508,MFeature_509,MFeature_510,MFeature_511,MFeature_512,MFeature_513,MFeature_514,MFeature_515,MFeature_516,MFeature_517,MFeature_518,MFeature_519,MFeature_520,MFeature_521,MFeature_522,MFeature_523,MFeature_524,MFeature_525,MFeature_526,MFeature_527,MFeature_528,MFeature_529,MFeature_530,MFeature_531,MFeature_532,MFeature_533,MFeature_534,MFeature_535,MFeature_536,MFeature_537,MFeature_538,MFeature_539,MFeature_540,MFeature_541,MFeature_542,MFeature_543,MFeature_544,MFeature_545,MFeature_546,MFeature_547,MFeature_548,MFeature_549,MFeature_550,MFeature_551,MFeature_552,MFeature_553,MFeature_554,MFeature_555,MFeature_556,MFeature_557,MFeature_558,MFeature_559,MFeature_560,MFeature_561,MFeature_562,MFeature_563,MFeature_564,MFeature_565,MFeature_566,MFeature_567,MFeature_568,MFeature_569,MFeature_570,MFeature_571,MFeature_572,MFeature_573,MFeature_574,MFeature_575,MFeature_576,MFeature_577,MFeature_578,MFeature_579,MFeature_580,MFeature_581,MFeature_582,MFeature_583,MFeature_584,MFeature_585,MFeature_586,MFeature_587,MFeature_588,MFeature_589,MFeature_590,MFeature_591,MFeature_592,MFeature_593,MFeature_594,MFeature_595,MFeature_596,MFeature_597,MFeature_598,MFeature_599,MFeature_600,MFeature_601,MFeature_602,MFeature_603,MFeature_604,MFeature_605,MFeature_606,MFeature_607,MFeature_608,MFeature_609,MFeature_610,MFeature_611,MFeature_612,MFeature_613,MFeature_614,MFeature_615,MFeature_616,MFeature_617,MFeature_618,MFeature_619,MFeature_620,MFeature_621,MFeature_622,MFeature_623,MFeature_624,MFeature_625,MFeature_626,MFeature_627,MFeature_628,MFeature_629,MFeature_630,MFeature_631,MFeature_632,MFeature_633,MFeature_634,MFeature_635,MFeature_636,MFeature_637,MFeature_638,MFeature_639,MFeature_640,MFeature_641,MFeature_642,MFeature_643,MFeature_644,MFeature_645,MFeature_646,MFeature_647,MFeature_648,MFeature_649,MFeature_650,MFeature_651,MFeature_652,MFeature_653,MFeature_654,MFeature_655,MFeature_656,MFeature_657,MFeature_658,MFeature_659,MFeature_660,MFeature_661,MFeature_662,MFeature_663,MFeature_664,MFeature_665,MFeature_666,MFeature_667,MFeature_668,MFeature_669,MFeature_670,MFeature_671,MFeature_672,MFeature_673,MFeature_674,MFeature_675,MFeature_676,MFeature_677,MFeature_678,MFeature_679,MFeature_680,MFeature_681,MFeature_682,MFeature_683,MFeature_684,MFeature_685,MFeature_686,MFeature_687,MFeature_688,MFeature_689,MFeature_690,MFeature_691,MFeature_692,MFeature_693,MFeature_694,MFeature_695,MFeature_696,MFeature_697,MFeature_698,MFeature_699,MFeature_700,MFeature_701,MFeature_702,MFeature_703,MFeature_704,MFeature_705,MFeature_706,MFeature_707,MFeature_708,MFeature_709,MFeature_710,MFeature_711,MFeature_712,MFeature_713,MFeature_714,MFeature_715,MFeature_716,MFeature_717,MFeature_718,MFeature_719,MFeature_720,MFeature_721,MFeature_722,MFeature_723,MFeature_724,MFeature_725,MFeature_726,MFeature_727,MFeature_728,MFeature_729,MFeature_730,MFeature_731,MFeature_732,MFeature_733,MFeature_734,MFeature_735,MFeature_736,MFeature_737,MFeature_738,MFeature_739,MFeature_740,MFeature_741,MFeature_742,MFeature_743,MFeature_744,MFeature_745,MFeature_746,MFeature_747,MFeature_748,MFeature_749,MFeature_750,MFeature_751,MFeature_752,MFeature_753,MFeature_754,MFeature_755,MFeature_756,MFeature_757,MFeature_758,MFeature_759,MFeature_760,MFeature_761,MFeature_762,MFeature_763,MFeature_764,MFeature_765,MFeature_766,MFeature_767,Feature_0,Feature_1,Feature_2,Feature_3,Feature_4,Feature_5,Feature_6,Feature_7,Feature_8,Feature_9,Feature_10,Feature_11,Feature_12,Feature_13,Feature_14,Feature_15,Feature_16,Feature_17,Feature_18,Feature_19,Feature_20,Feature_21,Feature_22,Feature_23,Feature_24,Feature_25,Feature_26,Feature_27,Feature_28,Feature_29,Feature_30,Feature_31,Feature_32,Feature_33,Feature_34,Feature_35,Feature_36,Feature_37,Feature_38,Feature_39,Feature_40,Feature_41,Feature_42,Feature_43,Feature_44,Feature_45,Feature_46,Feature_47,Feature_48,Feature_49,Feature_50,Feature_51,Feature_52,Feature_53,Feature_54,Feature_55,Feature_56,Feature_57,Feature_58,Feature_59,Feature_60,Feature_61,Feature_62,Feature_63,Feature_64,Feature_65,Feature_66,Feature_67,Feature_68,Feature_69,Feature_70,Feature_71,Feature_72,Feature_73,Feature_74,Feature_75,Feature_76,Feature_77,Feature_78,Feature_79,Feature_80,Feature_81,Feature_82,Feature_83,Feature_84,Feature_85,Feature_86,Feature_87,Feature_88,Feature_89,Feature_90,Feature_91,Feature_92,Feature_93,Feature_94,Feature_95,Feature_96,Feature_97,Feature_98,Feature_99,Feature_100,Feature_101,Feature_102,Feature_103,Feature_104,Feature_105,Feature_106,Feature_107,Feature_108,Feature_109,Feature_110,Feature_111,Feature_112,Feature_113,Feature_114,Feature_115,Feature_116,Feature_117,Feature_118,Feature_119,Feature_120,Feature_121,Feature_122,Feature_123,Feature_124,Feature_125,Feature_126,Feature_127,Feature_128,Feature_129,Feature_130,Feature_131,Feature_132,Feature_133,Feature_134,Feature_135,Feature_136,Feature_137,Feature_138,Feature_139,Feature_140,Feature_141,Feature_142,Feature_143,Feature_144,Feature_145,Feature_146,Feature_147,Feature_148,Feature_149,Feature_150,Feature_151,Feature_152,Feature_153,Feature_154,Feature_155,Feature_156,Feature_157,Feature_158,Feature_159,Feature_160,Feature_161,Feature_162,Feature_163,Feature_164,Feature_165,Feature_166,Feature_167,Feature_168,Feature_169,Feature_170,Feature_171,Feature_172,Feature_173,Feature_174,Feature_175,Feature_176,Feature_177,Feature_178,Feature_179,Feature_180,Feature_181,Feature_182,Feature_183,Feature_184,Feature_185,Feature_186,Feature_187,Feature_188,Feature_189,Feature_190,Feature_191,Feature_192,Feature_193,Feature_194,Feature_195,Feature_196,Feature_197,Feature_198,Feature_199,Feature_200,Feature_201,Feature_202,Feature_203,Feature_204,Feature_205,Feature_206,Feature_207,Feature_208,Feature_209,Feature_210,Feature_211,Feature_212,Feature_213,Feature_214,Feature_215,Feature_216,Feature_217,Feature_218,Feature_219,Feature_220,Feature_221,Feature_222,Feature_223,Feature_224,Feature_225,Feature_226,Feature_227,Feature_228,Feature_229,Feature_230,Feature_231,Feature_232,Feature_233,Feature_234,Feature_235,Feature_236,Feature_237,Feature_238,Feature_239,Feature_240,Feature_241,Feature_242,Feature_243,Feature_244,Feature_245,Feature_246,Feature_247,Feature_248,Feature_249,Feature_250,Feature_251,Feature_252,Feature_253,Feature_254,Feature_255,Feature_256,Feature_257,Feature_258,Feature_259,Feature_260,Feature_261,Feature_262,Feature_263,Feature_264,Feature_265,Feature_266,Feature_267,Feature_268,Feature_269,Feature_270,Feature_271,Feature_272,Feature_273,Feature_274,Feature_275,Feature_276,Feature_277,Feature_278,Feature_279,Feature_280,Feature_281,Feature_282,Feature_283,Feature_284,Feature_285,Feature_286,Feature_287,Feature_288,Feature_289,Feature_290,Feature_291,Feature_292,Feature_293,Feature_294,Feature_295,Feature_296,Feature_297,Feature_298,Feature_299,Feature_300,Feature_301,Feature_302,Feature_303,Feature_304,Feature_305,Feature_306,Feature_307,Feature_308,Feature_309,Feature_310,Feature_311,Feature_312,Feature_313,Feature_314,Feature_315,Feature_316,Feature_317,Feature_318,Feature_319,Feature_320,Feature_321,Feature_322,Feature_323,Feature_324,Feature_325,Feature_326,Feature_327,Feature_328,Feature_329,Feature_330,Feature_331,Feature_332,Feature_333,Feature_334,Feature_335,Feature_336,Feature_337,Feature_338,Feature_339,Feature_340,Feature_341,Feature_342,Feature_343,Feature_344,Feature_345,Feature_346,Feature_347,Feature_348,Feature_349,Feature_350,Feature_351,Feature_352,Feature_353,Feature_354,Feature_355,Feature_356,Feature_357,Feature_358,Feature_359,Feature_360,Feature_361,Feature_362,Feature_363,Feature_364,Feature_365,Feature_366,Feature_367,Feature_368,Feature_369,Feature_370,Feature_371,Feature_372,Feature_373,Feature_374,Feature_375,Feature_376,Feature_377,Feature_378,Feature_379,Feature_380,Feature_381,Feature_382,Feature_383,Feature_384,Feature_385,Feature_386,Feature_387,Feature_388,Feature_389,Feature_390,Feature_391,Feature_392,Feature_393,Feature_394,Feature_395,Feature_396,Feature_397,Feature_398,Feature_399,Feature_400,Feature_401,Feature_402,Feature_403,Feature_404,Feature_405,Feature_406,Feature_407,Feature_408,Feature_409,Feature_410,Feature_411,Feature_412,Feature_413,Feature_414,Feature_415,Feature_416,Feature_417,Feature_418,Feature_419,Feature_420,Feature_421,Feature_422,Feature_423,Feature_424,Feature_425,Feature_426,Feature_427,Feature_428,Feature_429,Feature_430,Feature_431,Feature_432,Feature_433,Feature_434,Feature_435,Feature_436,Feature_437,Feature_438,Feature_439,Feature_440,Feature_441,Feature_442,Feature_443,Feature_444,Feature_445,Feature_446,Feature_447,Feature_448,Feature_449,Feature_450,Feature_451,Feature_452,Feature_453,Feature_454,Feature_455,Feature_456,Feature_457,Feature_458,Feature_459,Feature_460,Feature_461,Feature_462,Feature_463,Feature_464,Feature_465,Feature_466,Feature_467,Feature_468,Feature_469,Feature_470,Feature_471,Feature_472,Feature_473,Feature_474,Feature_475,Feature_476,Feature_477,Feature_478,Feature_479,Feature_480,Feature_481,Feature_482,Feature_483,Feature_484,Feature_485,Feature_486,Feature_487,Feature_488,Feature_489,Feature_490,Feature_491,Feature_492,Feature_493,Feature_494,Feature_495,Feature_496,Feature_497,Feature_498,Feature_499,Feature_500,Feature_501,Feature_502,Feature_503,Feature_504,Feature_505,Feature_506,Feature_507,Feature_508,Feature_509,Feature_510,Feature_511,Feature_512,Feature_513,Feature_514,Feature_515,Feature_516,Feature_517,Feature_518,Feature_519,Feature_520,Feature_521,Feature_522,Feature_523,Feature_524,Feature_525,Feature_526,Feature_527,Feature_528,Feature_529,Feature_530,Feature_531,Feature_532,Feature_533,Feature_534,Feature_535,Feature_536,Feature_537,Feature_538,Feature_539,Feature_540,Feature_541,Feature_542,Feature_543,Feature_544,Feature_545,Feature_546,Feature_547,Feature_548,Feature_549,Feature_550,Feature_551,Feature_552,Feature_553,Feature_554,Feature_555,Feature_556,Feature_557,Feature_558,Feature_559,Feature_560,Feature_561,Feature_562,Feature_563,Feature_564,Feature_565,Feature_566,Feature_567,Feature_568,Feature_569,Feature_570,Feature_571,Feature_572,Feature_573,Feature_574,Feature_575,Feature_576,Feature_577,Feature_578,Feature_579,Feature_580,Feature_581,Feature_582,Feature_583,Feature_584,Feature_585,Feature_586,Feature_587,Feature_588,Feature_589,Feature_590,Feature_591,Feature_592,Feature_593,Feature_594,Feature_595,Feature_596,Feature_597,Feature_598,Feature_599,Feature_600,Feature_601,Feature_602,Feature_603,Feature_604,Feature_605,Feature_606,Feature_607,Feature_608,Feature_609,Feature_610,Feature_611,Feature_612,Feature_613,Feature_614,Feature_615,Feature_616,Feature_617,Feature_618,Feature_619,Feature_620,Feature_621,Feature_622,Feature_623,Feature_624,Feature_625,Feature_626,Feature_627,Feature_628,Feature_629,Feature_630,Feature_631,Feature_632,Feature_633,Feature_634,Feature_635,Feature_636,Feature_637,Feature_638,Feature_639,Feature_640,Feature_641,Feature_642,Feature_643,Feature_644,Feature_645,Feature_646,Feature_647,Feature_648,Feature_649,Feature_650,Feature_651,Feature_652,Feature_653,Feature_654,Feature_655,Feature_656,Feature_657,Feature_658,Feature_659,Feature_660,Feature_661,Feature_662,Feature_663,Feature_664,Feature_665,Feature_666,Feature_667,Feature_668,Feature_669,Feature_670,Feature_671,Feature_672,Feature_673,Feature_674,Feature_675,Feature_676,Feature_677,Feature_678,Feature_679,Feature_680,Feature_681,Feature_682,Feature_683,Feature_684,Feature_685,Feature_686,Feature_687,Feature_688,Feature_689,Feature_690,Feature_691,Feature_692,Feature_693,Feature_694,Feature_695,Feature_696,Feature_697,Feature_698,Feature_699,Feature_700,Feature_701,Feature_702,Feature_703,Feature_704,Feature_705,Feature_706,Feature_707,Feature_708,Feature_709,Feature_710,Feature_711,Feature_712,Feature_713,Feature_714,Feature_715,Feature_716,Feature_717,Feature_718,Feature_719,Feature_720,Feature_721,Feature_722,Feature_723,Feature_724,Feature_725,Feature_726,Feature_727,Feature_728,Feature_729,Feature_730,Feature_731,Feature_732,Feature_733,Feature_734,Feature_735,Feature_736,Feature_737,Feature_738,Feature_739,Feature_740,Feature_741,Feature_742,Feature_743,Feature_744,Feature_745,Feature_746,Feature_747,Feature_748,Feature_749,Feature_750,Feature_751,Feature_752,Feature_753,Feature_754,Feature_755,Feature_756,Feature_757,Feature_758,Feature_759,Feature_760,Feature_761,Feature_762,Feature_763,Feature_764,Feature_765,Feature_766,Feature_767,Feature_0,Feature_1,Feature_2,Feature_3,Feature_4,Feature_5,Feature_6,Feature_7,Feature_8,Feature_9,Feature_10,Feature_11,Feature_12,Feature_13,Feature_14,Feature_15,Feature_16,Feature_17,Feature_18,Feature_19,Feature_20,Feature_21,Feature_22,Feature_23,Feature_24,Feature_25,Feature_26,Feature_27,Feature_28,Feature_29,Feature_30,Feature_31,Feature_32,Feature_33,Feature_34,Feature_35,Feature_36,Feature_37,Feature_38,Feature_39,Feature_40,Feature_41,Feature_42,Feature_43,Feature_44,Feature_45,Feature_46,Feature_47,Feature_48,Feature_49,Feature_50,Feature_51,Feature_52,Feature_53,Feature_54,Feature_55,Feature_56,Feature_57,Feature_58,Feature_59,Feature_60,Feature_61,Feature_62,Feature_63,Feature_64,Feature_65,Feature_66,Feature_67,Feature_68,Feature_69,Feature_70,Feature_71,Feature_72,Feature_73,Feature_74,Feature_75,Feature_76,Feature_77,Feature_78,Feature_79,Feature_80,Feature_81,Feature_82,Feature_83,Feature_84,Feature_85,Feature_86,Feature_87,Feature_88,Feature_89,Feature_90,Feature_91,Feature_92,Feature_93,Feature_94,Feature_95,Feature_96,Feature_97,Feature_98,Feature_99,Feature_100,Feature_101,Feature_102,Feature_103,Feature_104,Feature_105,Feature_106,Feature_107,Feature_108,Feature_109,Feature_110,Feature_111,Feature_112,Feature_113,Feature_114,Feature_115,Feature_116,Feature_117,Feature_118,Feature_119,Feature_120,Feature_121,Feature_122,Feature_123,Feature_124,Feature_125,Feature_126,Feature_127,Feature_128,Feature_129,Feature_130,Feature_131,Feature_132,Feature_133,Feature_134,Feature_135,Feature_136,Feature_137,Feature_138,Feature_139,Feature_140,Feature_141,Feature_142,Feature_143,Feature_144,Feature_145,Feature_146,Feature_147,Feature_148,Feature_149,Feature_150,Feature_151,Feature_152,Feature_153,Feature_154,Feature_155,Feature_156,Feature_157,Feature_158,Feature_159,Feature_160,Feature_161,Feature_162,Feature_163,Feature_164,Feature_165,Feature_166,Feature_167,Feature_168,Feature_169,Feature_170,Feature_171,Feature_172,Feature_173,Feature_174,Feature_175,Feature_176,Feature_177,Feature_178,Feature_179,Feature_180,Feature_181,Feature_182,Feature_183,Feature_184,Feature_185,Feature_186,Feature_187,Feature_188,Feature_189,Feature_190,Feature_191,Feature_192,Feature_193,Feature_194,Feature_195,Feature_196,Feature_197,Feature_198,Feature_199,Feature_200,Feature_201,Feature_202,Feature_203,Feature_204,Feature_205,Feature_206,Feature_207,Feature_208,Feature_209,Feature_210,Feature_211,Feature_212,Feature_213,Feature_214,Feature_215,Feature_216,Feature_217,Feature_218,Feature_219,Feature_220,Feature_221,Feature_222,Feature_223,Feature_224,Feature_225,Feature_226,Feature_227,Feature_228,Feature_229,Feature_230,Feature_231,Feature_232,Feature_233,Feature_234,Feature_235,Feature_236,Feature_237,Feature_238,Feature_239,Feature_240,Feature_241,Feature_242,Feature_243,Feature_244,Feature_245,Feature_246,Feature_247,Feature_248,Feature_249,Feature_250,Feature_251,Feature_252,Feature_253,Feature_254,Feature_255,Feature_256,Feature_257,Feature_258,Feature_259,Feature_260,Feature_261,Feature_262,Feature_263,Feature_264,Feature_265,Feature_266,Feature_267,Feature_268,Feature_269,Feature_270,Feature_271,Feature_272,Feature_273,Feature_274,Feature_275,Feature_276,Feature_277,Feature_278,Feature_279,Feature_280,Feature_281,Feature_282,Feature_283,Feature_284,Feature_285,Feature_286,Feature_287,Feature_288,Feature_289,Feature_290,Feature_291,Feature_292,Feature_293,Feature_294,Feature_295,Feature_296,Feature_297,Feature_298,Feature_299,Feature_300,Feature_301,Feature_302,Feature_303,Feature_304,Feature_305,Feature_306,Feature_307,Feature_308,Feature_309,Feature_310,Feature_311,Feature_312,Feature_313,Feature_314,Feature_315,Feature_316,Feature_317,Feature_318,Feature_319,Feature_320,Feature_321,Feature_322,Feature_323,Feature_324,Feature_325,Feature_326,Feature_327,Feature_328,Feature_329,Feature_330,Feature_331,Feature_332,Feature_333,Feature_334,Feature_335,Feature_336,Feature_337,Feature_338,Feature_339,Feature_340,Feature_341,Feature_342,Feature_343,Feature_344,Feature_345,Feature_346,Feature_347,Feature_348,Feature_349,Feature_350,Feature_351,Feature_352,Feature_353,Feature_354,Feature_355,Feature_356,Feature_357,Feature_358,Feature_359,Feature_360,Feature_361,Feature_362,Feature_363,Feature_364,Feature_365,Feature_366,Feature_367,Feature_368,Feature_369,Feature_370,Feature_371,Feature_372,Feature_373,Feature_374,Feature_375,Feature_376,Feature_377,Feature_378,Feature_379,Feature_380,Feature_381,Feature_382,Feature_383,Feature_384,Feature_385,Feature_386,Feature_387,Feature_388,Feature_389,Feature_390,Feature_391,Feature_392,Feature_393,Feature_394,Feature_395,Feature_396,Feature_397,Feature_398,Feature_399,Feature_400,Feature_401,Feature_402,Feature_403,Feature_404,Feature_405,Feature_406,Feature_407,Feature_408,Feature_409,Feature_410,Feature_411,Feature_412,Feature_413,Feature_414,Feature_415,Feature_416,Feature_417,Feature_418,Feature_419,Feature_420,Feature_421,Feature_422,Feature_423,Feature_424,Feature_425,Feature_426,Feature_427,Feature_428,Feature_429,Feature_430,Feature_431,Feature_432,Feature_433,Feature_434,Feature_435,Feature_436,Feature_437,Feature_438,Feature_439,Feature_440,Feature_441,Feature_442,Feature_443,Feature_444,Feature_445,Feature_446,Feature_447,Feature_448,Feature_449,Feature_450,Feature_451,Feature_452,Feature_453,Feature_454,Feature_455,Feature_456,Feature_457,Feature_458,Feature_459,Feature_460,Feature_461,Feature_462,Feature_463,Feature_464,Feature_465,Feature_466,Feature_467,Feature_468,Feature_469,Feature_470,Feature_471,Feature_472,Feature_473,Feature_474,Feature_475,Feature_476,Feature_477,Feature_478,Feature_479,Feature_480,Feature_481,Feature_482,Feature_483,Feature_484,Feature_485,Feature_486,Feature_487,Feature_488,Feature_489,Feature_490,Feature_491,Feature_492,Feature_493,Feature_494,Feature_495,Feature_496,Feature_497,Feature_498,Feature_499,Feature_500,Feature_501,Feature_502,Feature_503,Feature_504,Feature_505,Feature_506,Feature_507,Feature_508,Feature_509,Feature_510,Feature_511,Feature_512,Feature_513,Feature_514,Feature_515,Feature_516,Feature_517,Feature_518,Feature_519,Feature_520,Feature_521,Feature_522,Feature_523,Feature_524,Feature_525,Feature_526,Feature_527,Feature_528,Feature_529,Feature_530,Feature_531,Feature_532,Feature_533,Feature_534,Feature_535,Feature_536,Feature_537,Feature_538,Feature_539,Feature_540,Feature_541,Feature_542,Feature_543,Feature_544,Feature_545,Feature_546,Feature_547,Feature_548,Feature_549,Feature_550,Feature_551,Feature_552,Feature_553,Feature_554,Feature_555,Feature_556,Feature_557,Feature_558,Feature_559,Feature_560,Feature_561,Feature_562,Feature_563,Feature_564,Feature_565,Feature_566,Feature_567,Feature_568,Feature_569,Feature_570,Feature_571,Feature_572,Feature_573,Feature_574,Feature_575,Feature_576,Feature_577,Feature_578,Feature_579,Feature_580,Feature_581,Feature_582,Feature_583,Feature_584,Feature_585,Feature_586,Feature_587,Feature_588,Feature_589,Feature_590,Feature_591,Feature_592,Feature_593,Feature_594,Feature_595,Feature_596,Feature_597,Feature_598,Feature_599,Feature_600,Feature_601,Feature_602,Feature_603,Feature_604,Feature_605,Feature_606,Feature_607,Feature_608,Feature_609,Feature_610,Feature_611,Feature_612,Feature_613,Feature_614,Feature_615,Feature_616,Feature_617,Feature_618,Feature_619,Feature_620,Feature_621,Feature_622,Feature_623,Feature_624,Feature_625,Feature_626,Feature_627,Feature_628,Feature_629,Feature_630,Feature_631,Feature_632,Feature_633,Feature_634,Feature_635,Feature_636,Feature_637,Feature_638,Feature_639,Feature_640,Feature_641,Feature_642,Feature_643,Feature_644,Feature_645,Feature_646,Feature_647,Feature_648,Feature_649,Feature_650,Feature_651,Feature_652,Feature_653,Feature_654,Feature_655,Feature_656,Feature_657,Feature_658,Feature_659,Feature_660,Feature_661,Feature_662,Feature_663,Feature_664,Feature_665,Feature_666,Feature_667,Feature_668,Feature_669,Feature_670,Feature_671,Feature_672,Feature_673,Feature_674,Feature_675,Feature_676,Feature_677,Feature_678,Feature_679,Feature_680,Feature_681,Feature_682,Feature_683,Feature_684,Feature_685,Feature_686,Feature_687,Feature_688,Feature_689,Feature_690,Feature_691,Feature_692,Feature_693,Feature_694,Feature_695,Feature_696,Feature_697,Feature_698,Feature_699,Feature_700,Feature_701,Feature_702,Feature_703,Feature_704,Feature_705,Feature_706,Feature_707,Feature_708,Feature_709,Feature_710,Feature_711,Feature_712,Feature_713,Feature_714,Feature_715,Feature_716,Feature_717,Feature_718,Feature_719,Feature_720,Feature_721,Feature_722,Feature_723,Feature_724,Feature_725,Feature_726,Feature_727,Feature_728,Feature_729,Feature_730,Feature_731,Feature_732,Feature_733,Feature_734,Feature_735,Feature_736,Feature_737,Feature_738,Feature_739,Feature_740,Feature_741,Feature_742,Feature_743,Feature_744,Feature_745,Feature_746,Feature_747,Feature_748,Feature_749,Feature_750,Feature_751,Feature_752,Feature_753,Feature_754,Feature_755,Feature_756,Feature_757,Feature_758,Feature_759,Feature_760,Feature_761,Feature_762,Feature_763,Feature_764,Feature_765,Feature_766,Feature_767,Accent
コ,-0.0340031236410141,0.8183595538139343,0.2433686256408691,-0.5561447143554688,0.2802871465682983,0.6069374680519104,0.6057878136634827,-0.6498515009880066,-0.5274603366851807,-0.087485633790493,0.5277066826820374,-0.1518214493989944,-0.3976146578788757,0.0472632050514221,0.2966916859149933,-0.4141279458999634,0.2939834594726562,-0.0302294623106718,0.0346110872924327,-0.2148605436086654,-0.4736972749233246,-0.9393248558044434,0.1819484978914261,-0.0629787817597389,0.1376109272241592,-0.5495492219924927,0.0773554146289825,0.3990333676338196,0.2394121438264846,-0.1204172298312187,-0.0343516841530799,-0.6025769710540771,-0.1766440719366073,-0.5221533179283142,-0.0869409441947937,-0.2001602947711944,-0.1847722381353378,0.1021099090576171,-0.2839568257331848,-0.4356396198272705,0.0691074132919311,-0.1340977698564529,-0.4789541661739349,-0.0677442923188209,-0.0704328864812851,0.5955693125724792,-0.1120096072554588,0.5034266710281372,0.4221847057342529,0.2600983679294586,-0.282476395368576,0.2817046046257019,0.487569510936737,0.3008280992507934,0.0540202818810939,-0.1705782115459442,-0.0220259428024292,-0.1351057589054107,-0.2677259445190429,0.0610149316489696,-0.6938619613647461,-0.1240047886967659,-0.0449293702840805,0.2433164864778518,-0.3293831646442413,0.2824154198169708,-0.2802900969982147,-0.050543013960123,-0.0480194613337516,-0.6974805593490601,0.3621856570243835,-0.186056300997734,-0.3159201443195343,0.0936432480812072,1.1232609748840332,-0.3044705390930176,0.3986206948757171,-0.6243464946746826,0.4297222197055816,-0.0946053937077522,-0.4320188760757446,0.4253063797950744,-0.2564952373504638,-0.5731629729270935,-0.1995331346988678,0.5594104528427124,-0.8605560064315796,-0.8517721891403198,0.7521985173225403,0.0316954106092453,0.1146657839417457,0.1722393482923507,0.2203297615051269,0.3439126908779144,0.1820033937692642,-0.3973152339458465,0.2981396913528442,0.0717239156365394,-0.0453803241252899,0.6213529109954834,-0.547691822052002,-0.3270001113414764,0.1197584271430969,0.1090586930513382,0.2521000504493713,0.060041069984436,-0.5943869352340698,0.5301752686500549,0.1436663419008255,0.356762558221817,-0.1056319326162338,-0.5691098570823669,-0.5391380190849304,0.1870022118091583,0.2958047986030578,-0.1872135549783706,0.0966304689645767,0.3558715283870697,0.1035567373037338,0.6967304348945618,-0.1131389886140823,0.5107061862945557,-0.0445971302688121,-0.2875761985778808,-0.1721107810735702,-0.1586776822805404,0.6383427977561951,-0.5430346727371216,-0.2401546984910965,-0.6306242942810059,-0.1484814137220382,0.3846207559108734,-0.8772335052490234,0.1549317687749862,-0.3266439139842987,0.6349375247955322,-0.2287134975194931,0.5758288502693176,-0.507465660572052,-0.6152151823043823,-0.1733145117759704,0.1262280941009521,0.7106241583824158,-0.8495229482650757,0.0233728121966123,0.1522354930639267,0.0007958691567182,-0.1546593308448791,0.7762715220451355,0.4533135890960693,-0.0208476968109607,0.6053337454795837,-0.7553942203521729,0.1840923428535461,-0.1235842183232307,-0.0977719277143478,-0.4354102313518524,0.6226243376731873,0.0795721709728241,0.9358035922050476,0.179002583026886,-0.3639645874500274,0.2905438840389251,0.8882123231887817,0.1021220088005065,0.3869930505752563,0.6231674551963806,0.2506987750530243,0.5901870727539062,0.8353998064994812,-0.0245349071919918,0.6254921555519104,0.3349493741989136,-0.4877169132232666,0.1490896791219711,0.5924546122550964,0.5168889760971069,-0.0316922403872013,0.1873729079961776,-0.3480761051177978,-0.300012856721878,-0.1274639964103698,-0.3677489459514618,-0.5244307518005371,0.5279595851898193,-0.6383877396583557,0.0331762693822383,0.2402998059988021,0.0682033598423004,-0.0742740109562873,-0.1411427557468414,-0.3529611527919769,0.2400992959737777,-0.6403679251670837,-0.444272518157959,0.2436493933200836,-0.4155641198158264,0.1550244241952896,0.2128624022006988,0.2951393127441406,-0.1171310693025589,-0.1791588515043258,-0.4974051117897033,-1.40239155292511,-1.1121594905853271,0.201140746474266,0.2422089576721191,0.0974566042423248,0.1299090832471847,0.1414601802825927,-0.2572685778141022,0.0215118564665317,-0.0061117275618016,-0.0877538472414016,0.3592338562011719,-0.0725206136703491,-0.8138288259506226,-0.0657663121819496,0.4472335278987884,-0.0912438035011291,0.3201605081558227,-0.3822491466999054,0.2720367312431335,0.0585039779543876,-0.4547987580299377,0.3145098686218261,0.2304123640060424,-0.4066919684410095,-0.0803591907024383,0.4826646745204925,-0.2941773235797882,-0.5430424213409424,-0.927678406238556,0.1456206887960434,-0.3890388607978821,0.2608943581581116,-0.3139927685260772,0.3506138324737549,-0.2995033860206604,0.4876782894134521,-0.1009906381368637,-0.5688871145248413,-0.0237294547259807,-0.2468496859073639,-0.016034360975027,0.4771899878978729,0.0960796624422073,-0.2209601998329162,-0.721571147441864,0.1237160265445709,-0.8587709665298462,-0.3702521622180938,0.2084938287734985,-0.125054270029068,0.8561576008796692,0.3545325398445129,0.098218947649002,-0.1303649991750717,-0.0967959985136985,0.035430796444416,-0.485871285200119,-0.5665261745452881,0.0779870674014091,-0.2448350489139557,0.2387376874685287,-0.1702984273433685,-0.0843780785799026,-0.7326935529708862,-0.7162457704544067,-0.3566745221614837,-0.0507580563426017,-0.1114444211125373,-0.3715841174125671,-0.3268958330154419,-0.395800918340683,0.3832271993160248,-0.1375539153814315,0.6400394439697266,-0.3324882686138153,0.4136174321174621,0.0378613770008087,0.5311905741691589,-1.2227998971939087,0.2423387318849563,0.2643733024597168,-0.090776652097702,-0.2555358707904815,-1.0790878534317017,-0.3856020867824554,0.4622474610805511,0.1391490399837494,-0.3347684144973755,-0.1343449801206588,-0.0755908712744712,-0.3671323657035827,-0.1547251641750335,-0.1537169814109802,0.1455210745334625,-0.0318582169711589,0.4836118817329407,0.2976148128509521,0.1736702173948288,0.2587470710277557,-0.4899360239505768,-0.5400435328483582,0.0129702212288975,0.132869467139244,-0.1389400362968444,0.6009823679924011,0.0774345844984054,-0.0049581113271415,1.1982955932617188,-0.753678023815155,-0.1699552088975906,1.047492265701294,0.021575316786766,-1.3781263828277588,0.2430467307567596,0.5067936778068542,0.1910175383090973,-0.1753830164670944,0.8416633009910583,0.1722878515720367,0.2553046941757202,-0.4198486804962158,-0.4210230112075805,1.1585345268249512,0.2639740407466888,-0.5317935943603516,-0.2449529320001602,0.7173960208892822,-0.1825700849294662,0.460462361574173,-0.2998168766498565,-0.4181250631809234,0.3802643716335296,-0.3565736413002014,-0.097490444779396,0.0203913953155279,-0.3031749427318573,-0.7905824184417725,0.4337897896766662,-0.1926117241382599,0.5280560255050659,-0.7425007224082947,-0.2979576289653778,0.4027956426143646,1.205311298370361,0.6395196318626404,0.6795264482498169,-0.2822528779506683,0.0215375516563653,0.7731603980064392,0.0630646646022796,0.4176326096057892,0.1847046464681625,0.1459806710481643,-0.4251129627227783,0.9144890308380128,-0.1272546201944351,-0.4637171030044555,0.3191159069538116,0.5118274092674255,0.6511702537536621,0.0109212165698409,-0.2184841930866241,0.4718876779079437,0.0835557430982589,0.7722237706184387,0.9567552208900452,0.6269862651824951,0.0676405504345893,0.2783718705177307,-0.2525599300861358,0.7704999446868896,-0.5130504965782166,0.0404873602092266,0.1691445857286453,-0.0506784245371818,-0.4096050262451172,-0.7896668910980225,-0.0951197668910026,-0.190251737833023,-0.4232967793941498,-0.4163311719894409,-0.904510736465454,-0.8187723755836487,0.2476653605699539,0.4802009463310241,-0.7863510847091675,0.1253589242696762,0.2823011577129364,0.3999513387680053,-0.5533230900764465,-0.2056994438171386,0.2420236021280288,-0.4316062927246094,0.1183766797184944,0.1866742670536041,0.4331836402416229,-0.4527700841426849,0.0833026096224784,-0.4700226187705993,-0.2195780426263809,-0.930724024772644,-0.6145902276039124,-0.48273366689682,0.0883011817932128,0.2604240775108337,0.4405651688575744,0.1609053760766983,0.4128524363040924,-0.2534724175930023,0.0670503824949264,-0.1848768293857574,-0.4453849494457245,-0.1389960646629333,0.467279851436615,0.2476060837507248,0.631031334400177,0.1701588481664657,0.5189031958580017,0.0359810627996921,0.0001593940833117,0.0637744069099426,-0.0433488115668296,-0.3509524762630462,-0.3590390086174011,0.6874834299087524,-0.1527695059776306,-0.1093897968530654,-0.032236274331808,-0.0438390485942363,0.7215205430984497,-0.0634018927812576,-1.1009061336517334,-0.1578927338123321,0.3412964046001434,0.086253210902214,0.3658733069896698,0.3955022394657135,1.095646858215332,-0.2067486047744751,0.2040024846792221,0.5863773226737976,-0.0785374492406845,0.7585672736167908,-0.0316875278949737,-0.2848192453384399,-0.3171622157096863,0.1475665122270584,0.6658414602279663,0.0679170861840248,-0.1075601354241371,0.2487683594226837,0.4160451889038086,-0.2993917167186737,-0.1975582689046859,0.3300756514072418,-0.0990340039134025,-0.6717370748519897,-0.3461562693119049,-0.5350250005722046,-0.6363522410392761,-0.1347622871398925,0.3775000274181366,0.2809948623180389,-0.0043147327378392,0.4331027269363403,-0.6108114719390869,-0.6757115721702576,-0.4988411366939544,-0.949790060520172,0.3834239244461059,-0.204540878534317,0.566437304019928,0.56732177734375,0.051968615502119,-0.5260674357414246,0.2733159363269806,-0.1199569478631019,0.437942624092102,0.8928155899047852,-0.3022160828113556,-0.1618416905403137,0.4910007119178772,-0.1365165412425995,0.6803961396217346,-0.2313521206378936,0.173795685172081,-0.3022543787956238,-0.0317599214613437,-0.0861420556902885,0.1398086249828338,0.0332722030580043,-0.5364129543304443,0.8430767059326172,0.1158542856574058,-0.3748884499073028,-0.4092483222484588,-0.6426430344581604,-0.1108079925179481,0.4495895206928253,-0.7456057667732239,0.0217578317970037,-0.6096863150596619,0.1936643421649933,0.6532236933708191,0.8423157334327698,-0.693938136100769,0.4560171663761139,0.1893327087163925,0.0764791220426559,-0.1876739710569381,0.2293040305376052,-0.3870456516742706,-0.3213069140911102,0.0400711372494697,0.5270309448242188,0.1770189553499221,0.6846286058425903,-0.5615328550338745,-0.8350558280944824,-0.0550360083580017,-0.2283198535442352,-0.6278354525566101,0.3529067635536194,0.0703449323773384,0.2998480200767517,-0.5315501093864441,0.21905018389225,-0.7149791717529297,0.5290278196334839,0.3577248752117157,0.1506180614233017,0.0988623574376106,-0.747942328453064,-0.1628214567899704,-0.4417280256748199,-0.9568366408348083,0.463358998298645,0.4129658639431,-0.8096800446510315,0.0292298663407564,0.4387030601501465,0.5181941986083984,-0.6921684741973877,-0.5763434171676636,-0.3937412798404693,0.0918499454855918,0.4852310121059418,0.2012185007333755,-0.0292095225304365,0.0014059082604944,-0.3015966713428497,0.1659068763256073,0.5815778374671936,0.6984782814979553,0.6661532521247864,0.093969352543354,-0.0294664017856121,0.1551216542720794,-0.7050092220306396,0.0515378005802631,-0.2038450837135315,-0.1349681764841079,-0.0561633892357349,0.9253513216972352,0.5316236019134521,-0.4030947983264923,-0.1510088890790939,0.9344865679740906,0.4135709404945373,0.8285344243049622,-0.4161840379238128,-0.179562360048294,-0.4568018615245819,0.4439434111118316,0.1185143068432807,-0.2827330231666565,-0.0111502949148416,-0.1118798106908798,-0.3399610817432403,-0.2813072800636291,-0.3189838528633117,0.275723248720169,0.0629651471972465,0.2881417572498321,0.1762231439352035,-0.262073814868927,0.4365310370922088,-0.249325543642044,-0.4775751829147339,-0.189346969127655,0.4378216862678528,0.1738985180854797,0.7869111895561218,0.2153527587652206,0.2706262767314911,-0.3228563368320465,-0.9982818961143494,-0.3618471026420593,0.3107124865055084,0.3703764379024505,0.7742481827735901,-0.7681684494018555,-0.5580154061317444,0.1159905046224594,0.2893818616867065,-0.0541180036962032,0.0931880623102188,-0.9020599722862244,-0.3801321387290954,0.1893595606088638,-0.6947675943374634,0.3493660092353821,0.2778467833995819,0.1849676221609115,-0.2186990082263946,-0.4491661489009857,0.0659638345241546,0.5699921250343323,-0.1784543246030807,-0.5488167405128479,0.3589185774326324,-0.0475102439522743,-0.0517831854522228,0.153852641582489,0.1201682537794113,-0.0557288192212581,-0.0342426635324955,0.1678056418895721,-0.4462345242500305,0.0553899183869361,-0.2601107358932495,0.395022451877594,0.0024176747538149,0.2881033718585968,-0.1590177863836288,-1.040870189666748,0.0851010456681251,-0.0117336260154843,-0.4974397718906402,-0.3010345697402954,-0.2175718694925308,-0.3181649446487427,-0.0154365450143814,-0.1197224855422973,-0.2467281967401504,0.3238625824451446,-0.317559152841568,0.5852050185203552,-0.12265095859766,-0.6328884363174438,0.3056196570396423,0.3998624980449676,-0.3827398121356964,-0.8353005051612854,0.3577028810977936,0.4121659100055694,0.4390000700950622,-0.0357071831822395,0.0517107285559177,0.1340836137533188,0.3389334678649902,0.4900949597358703,-0.6081032156944275,0.5324382781982422,-9.796019554138184,-0.3710661232471466,-0.6012843251228333,-0.3195273876190185,-0.3207091391086578,-0.058256696909666,1.07630455493927,0.0674293786287307,-0.1247841790318489,-0.1629563421010971,-0.0872951075434684,-0.0150995729491114,0.490367978811264,0.8817635178565979,-0.6942055225372314,-0.5374621152877808,-0.071591280400753,-0.3044888377189636,-0.4261961579322815,-0.1006945148110389,0.0400756448507308,-0.2514041364192962,1.0619125366210938,-0.0617653802037239,-0.338840126991272,-0.3505962789058685,0.1020156890153884,-0.0128545742481946,-0.2467370778322219,0.8902862668037415,-0.7341428995132446,1.4908009767532349,0.1811008304357528,-0.095840536057949,-0.2637326717376709,0.078388825058937,-0.0842657387256622,0.383993536233902,-0.6185378432273865,0.5441694855690002,0.1768823564052581,1.0294491052627563,-0.2234426140785217,-0.123551994562149,0.535986065864563,-0.0185154695063829,0.4372779726982116,0.1871225237846374,0.2563006579875946,-0.169576495885849,-0.1905618011951446,-0.4083457291126251,0.147109717130661,-0.1906646192073822,0.1804751604795456,-0.1623864918947219,0.6506508588790894,-0.6856341361999512,0.0207714401185512,0.0801436305046081,0.5251412391662598,-0.1489992588758468,0.5699613690376282,0.6552631258964539,-0.4029736816883087,0.0719710811972618,0.2270816564559936,0.0152651006355881,-0.5923919677734375,-0.2474207729101181,0.2751559019088745,0.0559971444308757,0.0935863703489303,0.3795277774333954,-0.3104695081710815,0.5262947082519531,-0.1554690450429916,-0.3090550303459167,0.7421126365661621,0.3248776197433471,1.0074902772903442,-0.1159013956785202,-0.0603499189019203,0.1926866769790649,-0.8887192606925964,0.4231337010860443,-0.1655093878507614,0.3203942477703094,0.579544723033905,-0.6267620921134949,1.0005608797073364,0.0516397580504417,-0.056191861629486,0.2780204117298126,-0.0257949437946081,-0.1430043429136276,0.6821844577789307,0.556321382522583,0.535772442817688,0.1373044699430465,-0.9194266,-0.02201476,0.9792538,0.25279084,-1.2136403,-0.512889,-1.5379176,0.8535568,0.8630617,0.23236491,1.012043,-0.36128864,-1.7695497,2.8509722,-0.51648015,0.41554964,0.8887918,-1.0459124,0.61607224,0.02133224,0.44904473,0.4190406,0.6076226,-1.2630073,0.9353052,0.648145,1.2917956,-0.032365322,-0.482082,-1.1912962,0.32726,-0.2268532,-1.2504915,-0.27902794,-0.048063565,-0.6815862,-1.9200865,1.030661,-0.056009516,-0.58170503,-0.92797065,0.47172868,0.56503785,-0.3598425,-0.9123792,0.12335213,1.6971279,-0.84087557,1.1378411,-0.3389654,-1.3395103,-0.7123067,0.81312543,0.90115446,0.21203916,-0.39866698,1.3772146,0.9182055,0.03105455,-0.15327896,0.24801905,0.21127416,-0.6164225,-0.63778996,-0.07938699,0.4194324,-0.46852303,-0.009667213,0.5612349,-0.039238993,-2.6298254,-1.3798262,0.075160734,1.458716,-1.5131912,0.463454,0.24074979,-1.0626577,0.46306238,-0.46615687,0.7616742,-0.69963074,-0.98091006,1.0913594,-0.6962227,-1.3525265,-0.11001867,-1.0745469,-1.2118431,-0.64773595,-0.51826805,-2.0704005,-0.75601274,-1.4072434,1.8678304,0.58424395,-1.2512203,-1.2995678,-1.1594516,0.051322285,0.34060097,1.5039977,0.3900516,-0.10959936,-0.8258767,-0.12791769,-0.17697173,-0.6206233,-0.4959227,1.0941387,-0.3047108,0.42723802,0.23156519,0.7042048,0.37386695,0.80196095,-0.8324888,-0.44901416,-1.1150676,0.7814772,0.61569726,0.7590825,-0.4780693,0.49665487,-0.022826081,0.4878919,-0.17174065,-1.0469416,0.4118334,0.81259394,0.62685305,-0.19896062,2.2195609,1.0447015,-0.5823378,-0.92849135,0.23557861,0.46697953,0.83127576,-1.2267396,-0.29483005,0.5324932,0.40652552,-0.111056715,0.45713398,-0.85404545,-0.03225176,0.80004627,1.8106104,-0.16478404,-0.06440156,-0.046597432,-1.3854002,0.3563162,1.1305237,-0.20324077,-0.30014917,0.57638925,-1.5090953,0.6429513,-0.7821629,1.5002846,-1.2251219,0.9519735,0.1087572,0.6341071,-0.69543165,0.6881158,-1.1638962,-2.19545,-0.22345288,0.0011627823,0.40007684,-0.36244413,0.9361272,-0.0654845,-0.051920146,0.5089742,-1.1405354,-0.60600287,1.0311105,0.80928236,0.21864961,1.4834585,-0.36987016,0.59597325,0.7950967,0.07389036,0.802895,0.32916325,1.5745255,-0.24200046,1.2065192,0.9022722,0.7349568,3.0971196,0.9776459,-1.8793803,-1.0661732,1.1693009,-2.440229,-0.6508289,1.1151646,-1.6403869,0.28608772,-1.3338408,-0.53753024,1.9045826,0.67975974,-0.28054592,-0.95625895,-1.7058886,1.1419047,0.9756331,-0.29413703,-0.10234987,-1.0159508,0.18191372,-0.40957364,-0.21540749,0.9736109,0.85060436,0.35635436,0.8670285,-1.0241684,0.7066656,0.21395771,-0.108824074,-0.14463316,0.84572864,-0.8410633,0.8278591,0.15747745,-0.045390468,-0.48830643,0.8071341,-0.06392342,0.49745715,-0.3799323,0.9903398,0.56342393,-0.3860718,-0.028078044,-0.18893933,0.79058236,0.41976294,1.3245891,0.054462243,-1.9179659,-0.3384063,0.4763681,1.1656393,-0.1782264,0.1462136,0.17709617,1.5943176,-0.2830187,0.19515222,-0.5470056,-1.1974782,-0.32334828,0.75888896,0.49395922,0.106813885,0.07017898,-0.3372848,-0.87576455,0.2639546,0.20115507,-0.23772605,-0.9871206,-0.8299412,-0.63535345,0.037101373,0.92700976,0.35287145,-0.17125352,-1.0470133,-0.6256177,1.2927326,0.6539309,-2.0700147,0.10611191,-0.70392734,-0.9063253,0.3941598,0.54577684,0.33300015,0.13673815,0.19250552,-1.511704,1.4054171,-0.46198538,0.66456014,1.4979151,0.3134757,0.9171116,-0.7360494,0.30588713,-0.24535687,0.3727698,0.29042396,-1.1104871,1.0433549,-1.1873225,-0.80532986,1.2639831,-0.91224855,-0.7974582,-1.0295354,-0.14513648,-0.1084516,-1.4774175,1.8432823,-2.5198028,2.0347075,-1.3837885,-0.7820997,-1.00586,-0.60928607,-0.8998062,-0.13854481,0.26360872,-0.40724573,1.1724142,-0.012136663,0.39822856,0.16492021,0.16578223,1.4612055,-0.2398284,0.06951023,-0.5434666,-1.4462203,-0.66430897,0.728683,-1.0414108,-1.0362991,-0.7785752,-0.09992268,-0.12691194,-0.2450385,-0.9816,1.022225,-0.18753032,0.30309784,-1.3520675,-0.6856907,-0.348435,-0.93212175,0.72395706,-0.77823395,1.5856253,-1.3463389,-0.6891568,0.7331118,-0.9636069,0.21432775,0.39362833,2.2499826,0.38527665,0.8011956,0.32636255,0.4723328,-0.051264916,-0.7573931,1.6214466,0.30897135,2.474186,-0.20621659,-0.26166022,1.3192673,-0.10087592,0.3776692,-0.10485396,-0.1503581,1.929842,-0.27430156,-0.8809168,-0.07116849,0.016074553,-0.098149575,0.054431524,0.2507117,0.93796617,0.065835506,0.38767698,0.23311728,-0.46738636,-1.4874716,-0.64523613,0.8465001,1.0405537,0.8009276,1.4197232,0.4426148,-0.5762277,-1.3109444,0.63398385,1.6092182,0.8985839,-0.00033549717,-1.7402004,0.5444156,0.44744793,0.7213071,-1.5437332,-1.6186169,1.158858,0.5505986,0.6241344,1.3081584,-0.563711,-1.5982269,-0.7121403,-0.6054886,-0.817611,-0.7048281,-1.0273396,0.292922,0.13123557,0.9348462,1.4663931,0.5008777,-0.17609964,-0.8649585,0.30463538,-0.09633523,-0.7361853,0.34013984,0.03956387,0.39343396,-1.0386255,-0.38968077,0.82882595,-1.6875681,0.5637227,-0.07027633,-0.22972,-0.20622003,0.19277298,-1.2097195,-0.013372476,0.27998176,-0.7765908,-0.2803161,0.74706763,-1.7893206,-1.4910269,0.7765312,1.22339,-0.54042923,1.1535206,0.27965,0.27134728,0.8404326,-0.20830838,-0.5379148,-0.37224936,-0.6123989,-0.72569823,-0.24636988,-1.2021718,-0.112011336,1.3371822,-1.6013416,-1.6066837,1.2162805,0.06714449,-1.697256,-1.1484705,-0.13372482,0.07014754,0.721652,0.7604694,-0.112975396,-0.090639345,-0.82043123,-0.028004302,-0.25940475,-0.08151164,0.21878885,0.34915316,0.40803626,-1.0640463,0.62692904,1.5926042,0.23715682,1.7618713,1.5889488,0.36407223,-0.15966667,0.6383392,-0.33580506,-0.0072659203,0.5507008,-0.7602239,-0.6889077,0.8820078,-0.18461157,-0.48464504,-0.17777313,1.3167797,-0.46284735,-1.0373787,0.37616822,0.7064161,1.3079942,1.3304605,1.4418387,-0.03652497,-0.11981999,-0.7832034,0.43708828,-1.713576,-0.39008796,-0.2891156,0.89616495,1.6761184,-0.5002438,0.04460336,0.825497,-0.6155277,-0.8944516,0.6368338,0.5120768,-0.8061545,-0.36819085,0.71405214,-1.818819,0.23434561,-2.0826588,-0.04507638,0.444791,1.0754623,-0.6583637,0.15374057,0.7728141,0.5235699,-1.0815738,0.16650783,0.7292873,1.7335438,0.044325154,-0.7034755,0.24809472,-0.121863246,-1.4137248,-0.453086,-1.0811719,-0.5929565,0.06824023,-0.0955471,-0.17075765,-0.33820662,-0.7984397,1.6655136,0.301305,-0.56594956,0.6898225,-1.3399397,0.6798993,0.26590642,-0.66771036,1.7579584,1.0158354,-1.460402,0.5776822,-1.7909045,1.3834343,-0.3433222,1.2083851,1.4139065,0.8450775,-0.31022826,1.319274,-0.70652884,-0.23546593,-0.8781447,0.5281017,-0.7606202,0.23147999,-1.961161,1.4896097,-1.6436564,-0.68082863,0.2643822,0.35222876,-0.4942492,0.6883196,-0.66018015,0.3973935,0.119160734,-0.801744,0.67881507,1.6004624,0.1583586,-1.1261896,0.52823097,0.6189298,-0.38862896,-0.28465587,2.4887683,0.4490123,0.65580636,-1.504516,-1.2986871,0.6809573,-0.34327242,-1.2216067,-0.78246164,-0.50295323,-0.095260866,-0.37459978,-0.4014813,1.256159,-0.4513826,0.63304776,0.6455639,-0.72612196,0.07782026,0.30399922,-0.20262456,-0.9943451,-1.310927,0.094230376,0.5494228,-0.82744575,0.30996987,1.2990524,1.412419,0.57016796,-0.20748883,-0.79662037,0.9505866,0.4681264,0.8379062,-1.2403128,-1.151978,0.33807838,0.9684805,0.098664105,0.64055663,0.8123784,-0.237158,-1.9857196,1.0360419,-0.016812986,-0.0068495073,0.85520357,0.1691274,-0.7097003,0.9393757,-0.33047187,0.50041187,0.26547688,-0.47616926,-0.42545095,-0.07874176,-1.1079335,0.888295,-0.12949349,0.7216959,-0.3280424,0.48762026,-1.7774363,0.48510158,-0.08078007,0.47611734,0.64855224,0.16508089,-1.7611226,-0.56661016,-0.048299637,1.2424346,1.2200997,0.023012184,-0.8158941,-0.60412353,1.1898489,0.46706215,0.15242091,0.15883471,0.58243316,-0.30456823,-0.2705889,-0.9771612,-0.27891016,0.32021943,0.051841184,-1.3952063,1.4690608,-1.8396813,0.57667917,0.15196614,-1.5578074,-0.30910978,0.53949213,-0.22659981,2.1212966,1.3463575,-0.42467132,-0.41654184,0.61056817,0.791851,-0.6361976,-0.09368565,-1.1866008,0.91984344,1.7547446,0.61553407,-1.2183137,-0.47901693,0.13662025,-0.39354816,1.1692066,-0.3007749,-0.56328934,-1.0685319,-0.12320567,-1.2812276,-0.7305905,-0.47250295,0.5275634,-1.1907752,0.45768484,-0.3911742,-1.6868505,0.6370015,-0.9029915,-0.16753946,-0.39654663,1.2166058,-0.23055322,0.46674624,0.3125507,-0.41450742,-0.2638096,-1.0127563,-0.5303138,0.70623446,-0.720001,0.63233626,0.9322775,0.9376328,1.3091153,-0.03335006,-1.181033,0.42960393,0.16681845,0.42111707,-0.25248095,-1.4353465,-0.44448316,-0.3686172,0.53270274,1.470665,-1.5206233,-0.21060169,-0.18605107,-0.19751857,-0.008256505,0.41852212,0.073747195,0.5398165,1.7641326,1.3872032,-0.114002466,-0.5194939,-0.7554521,0.46866044,1.0324521,-0.16039793,-0.11841915,-1.0093884,0.62482566,0.57172894,-0.60875267,0.6678116,0.38601425,-1.5821114,2.8091736,-1.2333622,0.019690609,0.93272614,-0.9928565,0.6527206,-0.5514807,0.4984609,0.67560214,0.51996857,-0.9254442,0.6504826,0.4882191,0.41674152,-0.51902366,-0.4917458,-0.7002017,-0.22474141,-0.41666445,-0.351879,-0.40979382,0.5824637,-1.2076756,-0.8533791,1.0566064,-0.01223893,-0.5787606,-0.9202738,1.0200714,-0.11492688,-0.4819409,-0.3185966,-0.1351264,1.639978,-0.96360373,1.14562,-0.81883526,-0.43922114,-0.2870637,0.41449007,0.36988625,0.4302969,0.061879516,1.0504884,0.91729146,0.33049563,-0.4633597,0.21796651,1.0122604,-0.9607983,-0.19443609,0.45796332,0.994963,0.19084428,-0.8872035,-0.3317486,-0.529935,-2.3722029,-1.0045592,-0.21793406,1.5876813,-1.2019948,1.2877462,0.34267172,-0.09553302,0.2624642,0.06497686,0.4608369,0.02944982,-0.73213106,1.0756496,-0.542217,-1.1967977,-0.28006893,-0.47249365,-1.3746858,-0.39541313,0.19803053,-1.5505959,-1.035015,-1.4835358,1.1494447,0.34606433,-0.93122166,-0.5240598,-1.6025081,0.4224242,-0.033324093,1.2922754,-0.1688308,-0.35981783,-1.16489,-0.09118394,-0.58580637,-0.73291826,-0.93149614,0.97498995,-0.5303609,0.4355007,0.9673968,1.1222626,1.0830016,0.93314004,-1.3150909,-0.5046646,-0.51247865,0.30789915,0.8048978,0.22588561,-0.4992648,0.8275841,0.07617476,1.079368,0.3093587,-0.98430896,0.4778043,-0.23725803,0.9933292,0.09382742,2.1018322,1.0230583,-0.78107625,-0.9765022,-0.25448605,0.5605003,0.43648025,-0.95726866,-0.4344035,0.29762885,0.2970168,-0.1420335,-0.4680898,-1.5154732,0.6607081,0.6218496,1.8609535,0.22503662,-0.1284188,-0.23225488,-0.83544,0.30555198,0.9435604,0.44110227,0.049396146,0.2327676,-1.8816358,1.9589003,0.38367352,1.4730653,-1.0481573,0.53054,-0.026309187,0.66615254,-0.5834791,0.31064758,-1.0444793,-1.9007732,-0.39940158,0.058485206,0.46248618,-0.083045684,0.7776093,-0.12606308,0.5369691,0.25058642,-0.868088,-0.26312467,0.54908186,1.0632414,-0.06212896,1.5299969,-0.6938584,0.34535328,0.76486033,0.4860911,0.68955064,0.16729651,0.7125323,-0.8225283,1.3893083,0.8664797,1.3011492,2.4633186,0.7514486,-2.0150568,-1.2964337,0.8552522,-2.20496,-0.39330778,0.51479405,-0.87983674,1.2746764,-0.8675981,-0.85598904,1.56006,0.55406356,0.26566103,-1.4077625,-1.3621687,0.7202477,0.5587192,-0.6702345,-0.046705548,-0.28582728,0.36550725,-0.37374726,-0.38592753,0.5918793,0.565686,0.73840123,1.3559386,-0.76624537,0.2016431,0.537473,0.2872043,0.058585975,0.58731604,-1.1033943,0.22687824,0.7920008,-0.16568218,-0.6911383,0.012387921,-0.5682244,0.75097054,-0.86477953,0.24202599,0.112159334,-0.35713312,0.087658085,-0.11172906,0.87665963,0.7646651,1.7715646,0.3204704,-1.814773,0.053446442,0.11028218,0.9046249,0.6394729,-0.027208796,0.6525603,1.3795105,-0.615797,0.15922083,0.0340934,-0.5702848,-0.14883979,0.5475346,-0.32291594,0.3228579,0.436715,-0.98681664,-0.83393145,-0.32563928,0.46958447,-0.24681132,-0.82050186,-0.9085936,-1.4153423,0.013255928,0.33475173,0.1659788,-1.2392696,-0.7934942,-1.3124226,0.8256951,0.73479646,-1.231512,-0.33051467,0.048187423,-0.21785921,0.8670633,0.039883677,0.45258784,0.39085746,0.13082819,-1.288057,1.2549778,-0.27625418,0.70535684,1.4072677,-0.08139423,1.0630196,-0.4515326,0.59540147,-0.9760659,0.89687854,0.5248944,-1.40591,0.8020541,-0.21992154,-0.4597968,0.5320771,-1.3356758,-0.5861054,-0.9394467,0.027021887,-0.06934249,-1.4231013,1.63686,-1.2643708,1.4416882,-0.8734774,-0.5985233,-0.89532906,-0.34553978,-1.1949942,0.735693,-0.018273452,0.027984282,1.036611,0.04528453,-0.27054164,0.40140143,0.5498235,1.1483449,-0.10225845,0.35186324,-0.4950087,-1.0891209,0.4061037,0.8888337,-1.3264775,-1.281037,-1.6582826,-0.6456332,0.8042571,-0.98813176,-0.47649637,0.94706225,-0.34808838,0.7599049,-1.2587247,-0.24966048,0.47663435,-0.3750535,1.8577604,-0.38500178,1.8483691,-0.9706716,-0.71134394,0.39189386,-1.6972698,-0.42148367,-0.13079722,1.9174627,0.83357877,0.9835341,0.65306616,0.7912591,-0.547338,-0.36576548,1.2981458,0.4085058,1.7212662,0.18551178,-0.5298011,1.3784977,-0.14603542,0.5694398,-0.19933678,-0.63614804,1.820867,-0.32234713,-0.36023512,0.179635,0.14105743,0.22837321,0.5287245,0.009534459,0.5996843,-0.043216527,0.54111147,0.3547571,-0.7184381,-0.8377426,-0.6019845,0.4681474,1.0151416,1.3987131,1.6313249,0.046993066,-0.61985594,-1.8606974,-0.122977264,1.1889362,0.51286966,0.19775748,-1.5283817,0.6732462,0.19312344,-0.14291385,-0.7121441,-1.3632118,1.5607771,0.30114508,0.3735088,1.6214379,-0.9754694,-1.5410337,-0.32860956,0.6990759,-0.4067333,-1.1616461,-0.736373,0.52497584,-0.8464672,1.5864829,0.63825554,0.29426357,-0.08152209,0.10803651,1.0075989,0.1419286,-0.45725718,-0.5100868,0.38808027,0.5329722,-1.4226866,-0.15618844,-0.1167933,-2.059613,0.45860633,-0.11514006,-0.538922,0.25842527,-0.85409397,-0.9105659,-0.5183057,-0.31652036,-0.6664453,-1.1363608,0.55160433,-1.5749931,-1.2052495,1.5740633,1.3709754,-0.890539,0.8213119,0.45746326,-0.056403365,0.55086833,-0.37005964,-0.64780265,0.29266366,-0.73045325,-0.13379249,-0.16043423,-1.315137,-0.31785986,0.31465185,-1.8340355,-0.74203557,1.3053442,0.83707976,-1.4882511,-0.3962007,-0.017274797,-0.9778195,1.0136919,0.8810323,-0.1299176,0.32600185,-0.49920082,-0.284932,-0.24497998,0.8982064,0.0051512904,-0.12975936,1.2718428,-0.3098673,-0.0029723942,1.6554389,0.38909844,1.0622578,0.9603143,0.055085987,-0.81889945,0.6038453,0.19450249,-0.20925288,0.46051803,-1.508296,-0.746425,1.4561619,-0.42446318,-0.73387194,-0.018451069,0.9311221,-0.64606774,-0.079081245,0.11854038,0.36129573,1.2285115,0.6616613,1.4640969,-0.022529066,-0.58992296,-0.5402005,0.069826916,-1.4290947,-1.1825885,-0.043508053,0.5832387,2.2659333,-0.1828223,0.16247125,0.50932246,-1.1665227,-1.1852473,0.32904735,0.2911278,-0.7995896,-1.0342847,0.25099418,-1.7267866,0.121188305,-2.2681456,-0.5509715,0.3396927,0.4592493,-0.85678095,-0.10121274,0.3404956,0.19575387,-0.92071027,0.23894279,0.7384072,1.0890617,-0.017344665,-0.7557556,0.24326539,-0.7914081,-1.3606414,-0.39219442,-0.7660758,-0.8603584,-0.32026827,0.11463988,0.1663431,-0.7200915,-0.45061603,1.3729734,-0.3117884,-0.66275597,0.42297506,-0.76734614,0.9838521,-0.3348001,-0.6489306,1.6217715,0.56279206,-1.5248691,0.26535872,-1.3453234,0.86805224,-0.806808,0.014773652,1.2442526,0.7310378,-0.373317,0.78028435,-0.6636161,-0.3351635,-0.0184789,0.7586775,-0.197336,0.38325465,-2.141531,0.9689794,-1.7746831,-1.0096387,-0.21272273,0.7833286,-0.36382666,-0.017783588,-0.39341852,0.95465547,0.5299483,-0.6439819,1.353961,1.8564452,-0.64582586,-0.63742346,0.593839,0.72490287,-0.68952316,0.32259467,2.5109262,0.80655193,0.72093916,-1.3939186,-0.51131564,0.32330158,-0.972899,-0.3565835,-0.15228418,-0.4891378,0.26892927,0.2964568,-0.6180439,1.043484,-0.6086443,0.55183405,0.8017664,-0.2609419,-0.4424754,0.43074337,-0.21708626,-1.4598445,-1.4342285,0.171302,0.8960255,-0.6609487,0.36929476,0.49983537,0.96496844,0.78751284,0.23331839,-0.49381557,0.6391005,1.077218,0.5296959,-1.011615,-1.3686792,0.19000204,1.1646014,-0.80741435,0.50923795,-0.03823221,-0.48802128,-1.7499834,1.1458904,0.90710074,0.42190006,1.1496605,0.2882368,0.35267115,0.59319365,-0.39146367,0.30849183,-0.26985034,-0.30992594,-0.46958128,-0.47566462,-0.6847975,0.652414,-0.7218215,0.4740692,-0.16096778,0.7541571,-1.6167725,0.44712654,-0.2697582,0.5518848,0.5226836,0.07540124,-0.9056335,-0.18402843,-0.88693666,1.914601,1.0968411,-0.12252299,-1.4727893,0.23057078,1.1950729,0.09132177,-0.5963508,0.6320293,-0.12648739,-0.9676911,-0.3103794,-1.1280395,-0.6758409,0.16033238,0.3546498,-0.84374475,0.812949,-1.7201651,0.550468,0.030819163,-1.3016764,-0.38012776,-0.010598804,-1.123241,2.009325,1.1321424,-0.2848679,0.1406087,0.9024566,1.1308744,-0.19272737,-0.5388281,-1.6717321,0.60641676,1.15218,0.6651065,-1.4814075,0.07622061,0.1736141,-0.7241292,1.2779965,-0.07532179,-0.31422186,-1.0663483,-0.2827905,-0.82417107,-0.12032945,-0.81329733,0.016689956,-1.395544,0.12993643,-0.17846487,-0.57786435,0.7781469,-0.8338649,-0.24002655,-0.22996084,0.82480174,0.12578437,1.204761,0.4126518,-0.46441066,0.025552496,-0.8305848,-0.4487002,1.2793833,-0.802959,0.20110841,0.4306089,1.1201731,1.907993,0.21282609,-0.6702351,0.3616079,-0.6486297,0.25601283,0.3108479,-1.3109539,-0.62919056,-0.038456876,0.34164238,0.4104236,-1.139276,-0.44149068,-0.0111345155,0.6680104,0.26924804,0.38925555,0.3955283,0.3645922,1.6970663,0.9091227,-0.03140083,0.0
ク,0.2601964771747589,0.7716675400733948,1.1591545343399048,-0.2490427196025848,0.6242895722389221,0.5124413371086121,0.2772069573402405,0.0134479375556111,-0.6325500011444092,-0.3895764648914337,0.5369018912315369,-0.404379665851593,-0.396104484796524,-0.0910567492246627,0.0537040866911411,-0.2777827978134155,-0.3012771606445312,-0.4784837365150451,0.0834780931472778,-0.1909854412078857,-0.834200382232666,-0.4679176807403564,-0.5020633339881897,0.9456928372383118,0.210563376545906,-0.6258668899536133,-0.1731959581375122,0.2517300546169281,0.5088326334953308,-0.4245054423809051,-0.1459442377090454,-0.0404359847307205,0.167103886604309,0.1442810446023941,-0.6581206917762756,0.2515282332897186,-0.078828826546669,-0.1900695413351059,0.4837754368782043,0.5080987215042114,0.2041688114404678,-0.4527918398380279,-0.1881830841302871,0.2095185965299606,-0.2644474804401397,0.6208105087280273,0.2297912985086441,0.1752271950244903,-0.0829321965575218,-0.6430364847183228,0.0122299417853355,0.3860097825527191,0.2557885944843292,0.3050517439842224,0.1449098736047744,-0.4554262459278106,0.76121985912323,-1.0294541120529177,-0.4803099632263183,0.7949559688568115,-0.7316218018531799,0.0513282716274261,-0.211315244436264,0.1320650577545166,-0.6685051918029785,0.2892091274261474,-0.0587130486965179,-0.5324853658676147,-0.0773560255765914,-0.4111736416816711,0.7183042764663696,-0.196817085146904,-0.096265472471714,-0.5998209118843079,0.93379145860672,-0.5390411019325256,0.182269811630249,0.3392490744590759,0.1852248162031173,0.0401392988860607,0.0288879070430994,0.3593163788318634,0.4713896214962005,-0.3885548114776611,-0.1484255343675613,0.1462392359972,-0.8089075684547424,-0.9694101810455322,0.6656703352928162,-0.0196126922965049,0.0164390243589878,0.0429009683430194,-0.4784901738166809,0.0878115370869636,1.0273886919021606,0.1293212920427322,0.3397265076637268,-0.3997782170772552,0.1173193231225013,0.4924879968166351,-0.2667233347892761,0.141569048166275,-0.3211722671985626,-0.3361550867557525,-0.0384912230074405,-0.0882785022258758,-0.5779410600662231,0.1522940099239349,0.2696743011474609,0.3354161381721496,-0.3325579464435577,-1.02678644657135,-0.5031058192253113,-0.2538363933563232,0.7983214259147644,0.064379945397377,-0.8851882815361023,0.3565098345279693,-0.8110129237174988,0.2155167758464813,-0.101303294301033,0.1714270114898681,-0.3548565506935119,-0.6919399499893188,-0.0187597312033176,0.1371993273496627,0.3809421360492706,-0.4754588901996612,-0.1685718446969986,-0.7141278386116028,-0.7252212166786194,-0.4962208867073059,-0.6804234385490417,0.3396865129470825,-0.6469278335571289,0.9907531142234802,-0.012185076251626,0.1518786996603012,0.0980211049318313,-0.4145057201385498,-0.8676518201828003,0.028614692389965,0.415253221988678,-0.6418198347091675,-0.0138866323977708,0.2562667727470398,0.0787621960043907,-0.1174865067005157,0.4666122198104858,0.1274997740983963,-0.0092818271368741,1.069156527519226,-0.7106303572654724,0.1170868948101997,0.5021846294403076,0.2519029676914215,-0.4767220020294189,0.4217033684253692,0.3188081383705139,0.416269987821579,0.325423926115036,-0.0251908022910356,-0.3737809658050537,0.6916077733039856,0.3371544182300567,0.4900538027286529,0.5342527627944946,-0.029758570715785,-0.0911524444818496,0.3343603610992431,0.327062726020813,-0.0391871556639671,0.2242729663848877,0.0260772313922643,-0.2710334062576294,0.0689779445528984,0.5183835625648499,-0.0916298180818557,0.0555247515439987,-1.153109073638916,-0.2775963246822357,0.1017253473401069,0.664962887763977,-0.6389026641845703,0.8360575437545776,0.0876204371452331,0.1322063654661178,0.3170809745788574,0.3774223029613495,-0.1905486434698104,-0.3846108913421631,-0.4603400230407715,0.6857805848121643,-0.5970818400382996,-0.4961616396903991,-0.1134495660662651,0.519355297088623,0.3193412125110626,-0.531963586807251,0.4343504309654236,0.4539114236831665,0.417395144701004,0.1000203788280487,-0.7704975008964539,-0.5926470756530762,-0.32489213347435,-0.1046395525336265,0.3545795977115631,0.4358235597610473,0.1672981679439544,-0.1975950747728347,0.1507244557142257,0.2212463915348053,0.3735207319259643,1.1885721683502195,0.2576204836368561,-1.0946272611618042,-0.3113104104995727,0.6799831390380859,-0.4022638201713562,0.4393674731254577,-0.6532114148139954,-0.4152394831180572,-0.1701459884643554,-0.0568780861794948,0.7398430705070496,0.4843018651008606,-0.7103230357170105,-0.1642018556594848,0.4482544660568237,-0.73977130651474,-0.7217811346054077,-0.3261362016201019,0.4184364974498749,-0.3652968108654022,-0.1917474865913391,-0.5450551509857178,0.0588369071483612,-1.1698850393295288,0.5660350322723389,-0.6710236668586731,-0.489876389503479,0.3795583844184875,-0.455694168806076,0.047511987388134,-0.1226101741194725,-0.4226889610290527,-0.4262320697307586,-0.574466347694397,-0.0452838689088821,-0.1623226404190063,-0.30068039894104,0.1425822079181671,-0.4819738268852234,0.6339452862739563,0.8741349577903748,0.4001090228557586,-0.0672254413366317,0.2557882070541382,-0.5253933072090149,-0.1784392446279525,-0.7809383869171143,-0.2096228152513504,-0.1427619755268097,0.1988403350114822,0.8017328977584839,0.1154204383492469,-0.1523918956518173,-1.1573235988616943,-0.3845580220222473,0.5947550535202026,-0.1391258686780929,-0.1822718828916549,0.2094863057136535,-0.2732803225517273,0.3066556751728058,-0.3466778099536896,1.1702228784561155,-0.1488174498081207,0.5596212148666382,-0.4773547649383545,0.8751404285430908,-1.0252439975738523,-0.2382192015647888,-0.2597119510173797,0.5175034999847412,-0.3037024140357971,-0.5819077491760254,-0.29946368932724,0.6067160964012146,0.9384274482727052,-0.5277605056762695,0.1936603337526321,-0.4492890238761902,-0.0376345366239547,0.2783607840538025,0.5022274851799011,0.0447737276554107,0.0464513227343559,0.0630439296364784,0.5367921590805054,0.3566792905330658,0.3203383386135101,-0.5047087073326111,0.209250271320343,-0.542144775390625,0.0340330973267555,0.3846865594387054,-0.2016554027795791,-0.3671661019325256,0.2500276267528534,0.6098120808601379,-0.6008380055427551,0.0378953218460083,1.3185583353042605,0.1704170256853103,-1.2425636053085327,0.1166798397898674,0.2197559624910354,0.6595691442489624,-0.7384922504425049,0.244466170668602,0.1448394656181335,0.6157307028770447,-0.6255227327346802,-0.6871852278709412,1.2810161113739014,0.4095411598682403,0.1444949656724929,0.1718177646398544,0.3210488855838775,-0.4711584746837616,0.156625211238861,-0.5008877515792847,0.3024103343486786,0.2653266191482544,-0.8699522614479065,-0.0663931593298912,-0.0814085379242897,-0.9160877466201782,-0.8883458375930786,0.4669428765773773,-0.2875518500804901,0.4959858059883117,-0.7722448110580444,-0.1440795511007309,0.6313294768333435,1.44879150390625,0.7459650039672852,0.6294519305229187,-1.0806553363800049,-0.3688786327838897,0.1754558384418487,-0.0657195597887039,-0.0338567830622196,-0.1755558550357818,0.2047699391841888,-0.2757882475852966,0.0618297010660171,-0.1674783378839492,0.3578948676586151,0.0502398274838924,-0.118345245718956,0.216492161154747,-0.2382357120513916,0.2444372624158859,0.355245977640152,-0.0294780675321817,0.2637642025947571,0.5592740774154663,1.1165114641189575,0.1100249662995338,-0.0190357360988855,-0.6459223628044128,-0.0345478244125843,-0.8436300158500671,0.3676209449768066,0.0651250481605529,-0.3253545463085174,0.478100061416626,0.0718282461166381,-0.3297016620635986,-0.04544423148036,-0.5062267780303955,0.0844847708940506,-0.401085615158081,-0.5096754431724548,0.3127480447292328,0.210587739944458,-0.0452464520931243,0.4976827800273895,0.4919727146625519,0.4291309118270874,-0.523398756980896,-0.943262815475464,0.3379921615123749,-0.242254227399826,0.0142103694379329,0.1511914730072021,0.3454184830188751,-0.5329079627990723,-0.1078366115689277,-0.5055347084999084,-0.4694585800170898,-0.5396525859832764,0.0290536303073167,-0.6770147681236267,0.0359861105680465,0.1319330632686615,0.7239803075790405,-0.6603553295135498,0.2532439529895782,-0.1373676359653473,0.1345330476760864,-0.3997921645641327,-0.7690853476524353,-0.2519575655460357,0.5198513865470886,0.231317862868309,0.5032919645309448,0.4875179529190063,-0.1256764382123947,0.5173438191413879,-0.1470139920711517,0.4803507328033447,0.6586858630180359,-0.3879271447658539,-0.3438239395618438,0.7232455611228943,-0.0787359699606895,0.4007488787174225,0.1852861642837524,0.2032687216997146,0.6855928301811218,-0.3868885636329651,-0.717055082321167,0.074904941022396,-0.2598093152046203,-0.4254417717456817,0.8187243938446045,0.823091447353363,0.4549587666988373,-0.3322716951370239,0.5208785533905029,0.1171120405197143,-0.2200700491666793,-0.1446550190448761,-0.7647825479507446,0.4552333652973175,0.1714992374181747,1.0670262575149536,0.8117987513542175,0.2606683373451233,-0.1066507846117019,0.2760120332241058,0.2933485507965088,-0.6363772749900818,0.3159745931625366,0.5018146634101868,-0.2125376611948013,-0.4411213994026184,0.4284920394420624,-0.4842215180397033,0.0177771355956792,0.4306398034095764,0.0011792115401476,0.5701517462730408,0.1190207153558731,0.2978163957595825,-0.9600476622581482,-0.5824791789054871,-0.8003200888633728,-0.7151087522506714,0.3547765910625458,-0.3095428347587585,-0.0058747273869812,0.5378076434135437,0.1719048023223877,-0.609015703201294,0.7108872532844543,0.0142351780086755,0.2613120675086975,0.1113084927201271,-1.254183292388916,-0.0623344928026199,0.4328422546386719,-0.5138615369796753,-0.5947858095169067,-0.1979426592588424,0.0750741437077522,-0.5794800519943237,-0.4515449702739715,0.502276599407196,-0.4556305408477783,0.1864230185747146,-0.3650542199611664,0.4559695422649383,-0.1440150737762451,-0.8318368792533875,-0.1599677205085754,-0.1752644330263137,-0.0415147617459297,-0.6440781950950623,-0.3740312457084656,-0.174108475446701,-0.1471574902534485,0.2328444868326187,0.5378982424736023,0.5309615731239319,-0.2830321788787842,0.5263422727584839,0.1691173166036605,0.6709350347518921,-0.5538651347160339,0.0076780337840318,-0.4527483284473419,-0.3908379077911377,-0.1000224575400352,0.8300713300704956,-0.0619895234704017,0.1634740829467773,0.1637341827154159,-1.0156677961349487,-0.6258406639099121,-0.096090592443943,-0.7745623588562012,0.5637669563293457,0.2982174456119537,1.096544623374939,-1.023145079612732,0.2118412405252456,-0.3168109655380249,0.3215086162090301,0.3137198090553283,0.2706270217895508,0.3078014254570007,-1.2697547674179075,-0.3488260209560394,-0.1986478269100189,-0.9023205637931824,1.3746393918991089,-0.0114572457969188,-0.6701784133911133,0.8007376790046692,0.9206933975219728,0.4087737500667572,-0.3795710206031799,-0.0217764172703027,-0.0964465960860252,0.0828632116317749,0.1047423258423805,-0.084023505449295,0.39506995677948,0.3740825951099396,-0.113686978816986,0.2499356269836425,0.1856027096509933,0.9281864166259766,0.5368247628211975,-0.1605207473039627,-0.1507079154253006,-0.3414604663848877,-0.4615748822689056,0.0012386603048071,-0.0776219367980957,0.3673667907714844,-1.0136717557907104,1.1397279500961304,0.5711464881896973,-0.2257633060216903,0.6361523270606995,0.8225521445274353,0.1151933073997497,0.8864908218383789,0.0629400238394737,-0.461571455001831,-0.4161486029624939,0.3115420043468475,0.370331734418869,0.5370334982872009,-0.3267718851566314,0.036059733480215,-0.5360196828842163,0.1437736898660659,0.7080637812614441,-0.2596994340419769,-0.057965625077486,0.0479259341955184,0.465667575597763,-0.329204112291336,0.6097540855407715,0.1795294284820556,-0.3872417509555816,0.0016755922697484,0.3521803319454193,0.9326184988021852,1.3803850412368774,0.1614990830421447,0.5338764786720276,-0.1915417611598968,-0.4733914136886596,0.0701276957988739,0.0329782329499721,0.1643308848142624,0.8213740587234497,-0.0189902111887931,-0.6164161562919617,0.7617213726043701,0.1765824258327484,0.1814892888069152,-0.3075031042098999,-0.7292532324790955,-0.1656290143728256,-0.1366206407546997,-0.6081900000572205,0.2079646438360214,0.5843433737754822,0.4702260494232178,-0.1506119072437286,-0.6722562909126282,-0.2116758525371551,0.5799766182899475,-0.0292512588202953,0.0126929972320795,0.2700232565402984,-0.4339153468608856,-0.0051264641806483,0.0901865363121032,0.3135825991630554,-0.3707472383975982,0.0541979558765888,0.1986272931098938,-0.6521261930465698,0.1681795269250869,-0.1146176382899284,0.7386447191238403,0.2633908689022064,-0.0481293015182018,0.2828205227851867,-0.8681786060333252,-0.4640745222568512,0.0413243658840656,-0.5055402517318726,0.1559618413448333,-0.2029827088117599,-0.6607381701469421,-0.5911625027656555,-0.3492030203342438,-0.8141156435012817,-0.3056051135063171,-0.1342716962099075,0.4944316446781158,-0.8597952723503113,-0.1580573618412017,0.1369164437055587,-0.0223080180585384,-0.4806141555309295,-1.4932730197906494,0.1740379333496093,0.2448061853647232,0.0447381138801574,0.610779345035553,-0.0147978896275162,0.1628817170858383,-0.1633743792772293,0.2247444838285446,-0.3936573565006256,-0.535556972026825,-9.42827606201172,0.0191608816385269,-0.4048793613910675,-0.6887878775596619,-0.2456473708152771,-1.073501706123352,1.009339690208435,1.07252037525177,-0.4291646778583526,0.3822269141674042,-0.034221276640892,0.0063276458531618,0.7398654222488403,0.3311055302619934,-0.066605195403099,-0.1160739436745643,-0.2623418867588043,0.0428433120250701,-0.4008525311946869,0.1412759572267532,-0.965386927127838,-0.2797446250915527,0.3088605403900146,-0.1534778475761413,0.2844469845294952,-0.4537075757980346,0.3943725228309631,0.1089145839214325,-0.0997073873877525,0.2902457416057586,-0.6193747520446777,0.3798222839832306,-0.1247166991233825,-0.036256406456232,-0.6955757737159729,0.6298542618751526,0.6800215244293213,-0.0690756812691688,-0.2167994678020477,0.5422770977020264,0.3447732031345367,0.6133348345756531,0.0427318476140499,-0.098197616636753,0.0867847725749015,-0.3296495676040649,0.4413673281669616,0.4500584602355957,0.6732885837554932,0.0353333428502082,0.0105393771082162,-0.63661128282547,0.1806047856807708,-0.435551255941391,0.291910707950592,-0.3821401596069336,0.4180054664611816,-0.495882511138916,0.2797812819480896,0.1087309792637825,0.4244888722896576,0.1696864366531372,0.8885639309883118,0.4118261337280273,-0.3509717881679535,1.145036697387695,-0.1696304827928543,-0.1659910678863525,-0.0380303487181663,-0.1433157920837402,0.0141743309795856,0.1369375139474868,-0.0312920100986957,0.3232018053531647,-0.291940301656723,0.3646182715892792,-0.0224745664745569,0.3830815553665161,0.2656103670597076,0.1135009080171585,0.503313422203064,-0.5484411120414734,0.1841158717870712,0.1809925884008407,-0.6599748730659485,0.286986231803894,0.5200598835945129,-0.4629605710506439,0.0247530192136764,-0.1957879662513733,0.847390353679657,-0.1782170534133911,-0.2313891351222992,-0.0086311353370547,0.0618851855397224,-0.5654031038284302,0.2221276611089706,0.6006233096122742,-0.1652425974607467,-0.5081158876419067,-0.5747648,-0.13360113,0.6580403,0.6285069,-0.85309416,-0.7661465,-1.2998098,0.11332063,0.96517515,0.28757533,0.04202531,-0.22073089,-1.7642761,2.7303066,-0.80429316,0.2795252,1.0817555,-0.65143186,0.53278786,-0.39028683,0.4230115,0.6744547,1.0166277,-1.0339721,1.3221836,0.8026026,1.0650278,0.18427604,-0.6493228,-1.2849782,0.6203065,-0.14534028,-1.003945,-0.41554883,-0.1502899,-0.9886454,-1.3823996,0.8258326,0.54602474,-0.67626476,-0.9085974,0.77580637,0.54078346,-0.34446144,-0.7915266,0.09580949,1.9937929,-0.78437406,0.63503844,-0.14987499,-1.2031306,-0.49559176,0.20967193,0.9932108,0.3793678,-0.37616682,1.2517225,0.9280022,0.13652368,-0.55540717,0.18115969,0.6083072,-0.6259172,-0.5602232,0.2928569,0.7945721,-0.08934506,-0.12808019,0.107937224,-0.28368798,-2.6802666,-1.2793118,-0.023384595,1.5871801,-1.5589786,0.5886697,0.21018358,-0.8286224,0.48798037,-0.040714588,0.6274983,-0.10019022,-1.177154,1.0748416,-0.56950945,-1.233356,-0.31037626,-0.44527033,-1.4326067,-0.61389387,-0.56645304,-2.0145776,-0.9420026,-1.4069638,1.2966099,0.15811269,-1.3163661,-1.3941089,-0.79806924,-0.07605521,0.30469158,1.7671566,0.35995945,0.13243675,-0.7395549,-0.31275418,-0.49842134,-0.894187,-1.4329739,1.154019,-0.19432454,0.45352444,0.71904224,0.9606555,0.23933692,0.7379516,-0.6372011,-0.8909456,-0.990964,0.8936462,0.9620157,0.69742554,-0.5546476,0.51227504,-0.09614459,0.8708907,0.12810554,-0.83639663,0.40217903,-0.22831094,0.59474367,-0.17148237,2.2812903,0.47395042,-0.6791232,-0.6626698,-0.54798687,0.35546562,0.6483086,-1.1723237,-0.557883,0.16952632,0.23227985,-0.5783048,0.37673596,-1.0945793,-0.019986996,1.0131737,1.5572034,-0.19217591,-0.13832681,-0.3747889,-1.5547613,0.46248838,0.45613363,-0.061876576,-0.03755586,0.021741377,-1.7285304,0.8342473,0.043182056,1.5303698,-0.952642,0.38924095,-0.35081396,0.9752814,-0.915488,0.49644485,-0.8551989,-2.6759036,-0.29042575,0.06886613,0.5079066,-0.17544587,1.135446,-0.49632755,0.23463173,0.6387058,-1.1134788,-0.3960586,0.7754763,1.5498446,-0.012609224,1.11123,-0.23810871,0.5375424,0.82831436,0.38013253,1.208886,-0.11547005,1.2776889,-0.55058837,1.0214417,1.0028224,0.54457045,2.5521202,0.5632641,-2.022043,-1.2751434,0.9083654,-2.2700481,-0.48073366,1.2711905,-1.208558,0.7112437,-0.89247864,-0.5452723,1.8122457,-0.08447657,-0.08252754,-1.0098588,-1.693314,1.1771821,0.8221337,-0.04347667,-0.33989772,-0.8397212,0.048532117,-0.3061411,0.03099049,0.61920524,0.63683873,0.8444436,1.4531337,-1.2847446,0.6025128,0.53476787,0.08887603,0.003578027,0.5887125,-0.99268174,0.23168212,-0.03893215,-0.27357256,-0.39027765,0.39687106,-0.57883257,0.7898922,-0.5092947,1.1428825,0.37188902,-0.51862544,-0.19237769,-0.23606084,0.74909633,0.3187225,1.1746564,0.03386533,-1.4278585,-0.02666653,0.6003124,0.4786768,0.12018005,-0.011227558,0.5275821,1.5287446,-0.5823099,0.33847368,-0.7487177,-0.9587436,0.02595661,0.5808976,0.13529466,-0.08701271,0.2963524,-0.64864653,-0.60575217,-0.053907912,0.39496532,-0.4819928,-1.3089972,-0.6313053,-1.052479,-0.21205048,0.08974365,0.001809674,0.13587914,-0.89251876,-0.87775105,0.5493193,0.18062162,-1.6844896,-0.14107944,-0.13122523,-0.06944138,0.5619783,0.49669182,0.1461148,0.30172208,0.6791101,-1.450234,1.2996446,-0.06839776,0.096900485,1.4235188,-0.0438783,1.0332737,-0.6545397,0.32184234,-1.0152382,0.8157677,0.60470396,-1.2306918,0.8533041,-0.7829229,-0.3016849,0.6284036,-1.028739,-0.5796531,-1.0003955,0.017979922,-0.58206654,-1.5246292,1.9240861,-2.374324,1.9281893,-1.6299043,-0.6189693,-0.6511346,-0.0903957,-1.1562632,0.7484787,0.5817054,-0.38102913,0.5499379,0.22544627,0.2790664,-0.07870705,0.5582597,1.1055201,-0.0023881495,0.6530503,-0.5798721,-1.4684666,-0.30111843,0.77432746,-0.546812,-1.5365223,-1.1415957,-0.43801188,0.38081193,-0.4024631,-0.4851197,1.2281147,0.23517619,0.27741405,-1.0502735,-0.30176574,-0.22556178,-0.6924772,0.7519749,-0.19784033,1.1038052,-0.8788745,-0.06117357,0.33355638,-1.8136703,0.052815348,0.11654524,1.763507,0.432748,0.9462886,0.3018607,0.5009102,-0.16018605,-0.45859206,1.2860233,0.48070824,2.1205542,0.14907414,-0.6207158,1.6805655,-0.06788863,0.35516486,0.044284094,0.09043882,2.1392834,-0.043167964,-0.73604304,0.095980786,0.12795098,-0.2833624,0.07108676,0.3718988,0.17636836,-0.24419881,0.34717813,0.30974233,-0.6287916,-1.2077785,-1.0860069,0.62609,1.3180953,1.333153,1.7450461,0.63110614,-0.4453263,-1.7052402,0.85235864,1.2279758,0.6215348,0.2194796,-1.5687512,0.50301516,0.41244757,0.72920066,-1.2986304,-1.7600493,1.3906918,0.1834498,0.43875384,1.6692548,-0.95686275,-1.522727,-0.40984842,0.14142145,-0.09365374,-0.9873379,-0.85351557,0.20852916,-0.68489045,1.0610064,0.8121538,0.55562025,-0.5344811,-0.29579654,-0.107305326,0.024904534,-0.56069404,-0.028868636,-0.07547042,0.547327,-0.7380161,-0.55474085,0.9349213,-1.573442,0.979367,-0.0015773674,-0.13207881,-0.01996853,-0.47906324,-1.0510509,0.17660366,0.21284796,-0.8223808,-0.57734567,0.5417683,-1.3315946,-1.2676445,0.79038024,1.100566,-0.55098367,0.54428524,0.27311483,-0.20792723,0.7729327,-0.1317998,-0.44105002,0.1661552,-0.4637426,-0.12122348,-0.09489461,-1.1619488,-0.38216662,0.50694627,-1.6642026,-1.5095044,1.2341229,0.18547387,-1.5099698,-0.83952326,0.36632147,-0.1254249,0.63821596,0.70074445,-0.16538756,-0.03299625,-0.9164086,-0.10659152,-0.05041517,0.08184636,-0.032580853,-0.050456565,0.65677404,-0.6097217,0.34724256,1.682375,0.25679025,1.1416463,1.3405339,0.6599142,-0.6016217,0.9423303,-0.24004127,-0.5060772,0.9352409,-1.0224879,-0.7606482,0.91540885,-0.42510113,-0.50824183,-0.04855754,1.0438454,-0.570799,-0.816773,0.2217508,0.9958672,1.5328792,0.864167,1.6693915,-0.35513088,-0.14501831,-0.797231,0.099914186,-1.4169098,-0.5608164,-0.08505956,0.46163845,1.8164486,-0.5962687,0.4442154,1.2530576,-0.97796816,-1.1702372,0.447206,0.21935181,-0.9092748,-0.82173705,0.3261156,-1.2912508,-0.011752327,-1.7371212,-0.14210097,0.36252204,1.1796274,-0.6399672,-0.1325178,0.6259636,0.032887395,-0.75845104,0.27989158,0.8106974,1.0420365,-0.43602228,-1.0630475,0.28703964,-0.54588693,-1.5134276,-0.1550817,-0.7735476,-0.8597188,-0.002370755,-0.4040718,0.04124342,-0.3613645,-0.72720075,1.5892831,0.03974545,-0.22499914,-0.14003561,-0.68595624,1.4789047,-0.5031173,-0.7228487,1.5036455,1.06855,-0.9539954,0.7792955,-1.602261,0.8045514,-0.7089022,1.1394402,0.9165438,0.84842724,-0.35695508,1.1387112,-0.78659004,-0.19107865,-0.4629537,0.28746963,-0.7912478,0.4133202,-2.319136,1.7423687,-1.684266,-0.48781386,0.15299438,0.28362545,-0.30946228,0.60488087,-0.55920917,0.9581035,-0.0342185,-0.6718247,0.6749783,1.5655309,0.22372027,-0.57234067,0.6286959,0.5413689,-0.6274432,-0.12850912,2.2533064,0.27723852,0.53984654,-0.81313926,-0.9577861,0.7766933,-0.5890488,-0.9678523,-0.32389095,-0.6741667,0.04368828,-0.24808949,0.034096327,1.0512294,-0.41910002,0.5247346,0.7568825,-0.5431407,-0.003833813,0.21972539,-0.6764891,-1.1559068,-1.2246519,0.3373114,0.27758408,-0.76743203,0.057357788,0.8467329,1.6118793,0.77931184,-0.13752638,-0.7513452,0.45864686,1.2063435,0.68181604,-0.99022466,-1.1316842,0.70785564,1.4283642,-0.5935738,0.645539,0.2840453,-0.5748902,-2.1071446,1.1972077,0.53920907,-0.03516102,0.77802867,0.22621298,-0.25845966,0.7803722,-0.19744658,0.3136155,-0.11471045,-0.820296,-0.11088163,0.3051255,-1.0226661,0.33939886,-0.13437374,0.5769605,-0.646556,0.50864774,-0.96401644,0.7002321,-0.20025492,0.91313815,0.2784779,0.26234958,-1.0568101,-0.4998335,-0.31068903,1.4287976,1.4876794,-0.0071311095,-0.9064526,-0.5405606,1.182598,0.60373014,0.2404906,0.3394468,0.11240516,-0.34116033,-0.25132266,-0.7982969,-0.2721101,0.24197556,0.04668972,-1.1016589,1.3951842,-2.0195858,0.73370975,-0.057207186,-1.0682272,-0.08048142,0.46611902,-0.39760342,1.9141892,1.1615053,-0.35260245,-0.006210374,0.54311526,0.93297696,-0.16501437,-0.09494702,-1.1954808,1.0669819,1.5644692,0.41266325,-1.3869604,-0.2205084,0.3463196,-0.18773562,1.3229605,-0.08126976,-0.5598178,-0.77237725,-0.33377662,-0.8700765,-0.6529285,-0.95305824,0.35883653,-1.4146887,0.25945994,-0.5693617,-1.2746581,0.5953347,-0.6839345,0.1151425,-0.2171538,1.526486,0.65264946,0.49912083,0.21567833,-0.54583347,-0.040556222,-1.0592546,-0.15932621,0.6742306,-0.99011165,0.3893168,0.40570906,0.7859731,1.4665891,-0.3019263,-1.045936,0.6592788,0.13975422,0.15301745,-0.10174611,-1.3460914,-0.869662,0.12755303,0.7073508,0.75201553,-1.2396692,-0.16943032,0.35257897,0.37239227,0.16629387,0.680643,0.2278919,0.36264992,1.9482263,1.035341,0.107298255,-0.6859223,-0.8559862,0.50913185,1.1514255,-0.7179132,-0.6914644,-1.7977494,0.45673922,0.67097664,-0.10276565,0.18913825,0.12688793,-1.5600038,2.8371255,-0.66514885,-0.381511,1.0362048,-0.7190571,0.22780912,-0.017239422,-0.26449463,0.25042105,0.6493149,-0.41596255,0.83717126,0.7122648,0.83129334,0.09495213,-0.9077506,-1.2512354,0.28394705,-0.51044583,-0.39898217,-0.054495025,0.7094326,-0.8698824,-1.8460046,1.405117,-0.17446585,-0.38763055,-0.5239586,1.020542,0.19482805,0.007741245,-0.23478408,-0.18352596,1.2637852,-0.9055957,0.49148706,-0.21942389,-1.1429304,-0.40878567,0.04170311,0.64935154,0.74066335,-0.25663668,1.2601303,0.55157185,0.47186217,-0.4691923,0.028307756,1.0673064,-0.91820884,-0.18316959,0.06500945,0.83899957,-0.21671802,-0.6322455,0.23937553,0.13508607,-2.213344,-1.2007269,0.13041729,1.9297462,-1.2801133,0.6870522,0.25623155,-0.62196124,0.26110974,0.49917483,0.4326942,-0.3658973,-1.3296613,1.3662668,-0.23305835,-1.0067844,-0.091141485,-0.6114823,-1.2441036,-0.12769108,-0.32210624,-1.6473831,-1.0743214,-1.6557604,1.3429369,0.55734795,-0.8897093,-0.9844919,-1.486136,-0.12301312,0.32933322,1.3610054,0.34791628,-0.48244855,-0.98509294,-0.93319017,-0.64244753,-0.8617048,-1.1043955,0.67902845,-0.32840183,0.6275646,0.7462249,1.6677867,0.3040008,0.65747964,-1.3251094,-0.32992202,-0.45617476,0.5528085,1.2605925,0.61122006,-0.2090047,0.6026234,-0.03666517,0.550143,-0.2022634,-0.44973215,0.6565308,0.10163582,1.1271785,0.24404776,2.2953281,0.37209275,-0.6850776,-0.9026639,-0.021183753,0.22150056,0.23374073,-0.6742699,-0.57685703,0.16414669,-0.3296742,-0.5179809,0.38065174,-1.1835127,0.2749667,0.956768,1.4352671,-0.08264608,-0.019023681,-0.20587926,-1.3600267,0.6488746,0.87918377,-0.0020599365,0.0008693437,0.46843377,-1.5314959,1.7834975,-0.19096725,1.2452852,-0.71294993,0.6215443,-0.113386504,0.93673426,-0.6436247,0.9450616,-0.53832096,-2.24077,-0.43886146,0.20495062,0.7195843,-0.13905722,1.2557893,0.10922232,0.68283015,0.20563108,-0.72277045,-0.5210789,0.82678264,0.93477196,0.26122317,1.357585,-0.8590649,0.49089468,0.9495013,0.5579143,1.3396825,0.081590585,1.2638022,-1.0477437,1.3760446,0.7796614,1.266407,3.0713882,0.63616395,-1.7465712,-1.4087378,1.7692376,-2.576689,-0.2254272,0.39962897,-1.048612,0.95997095,-0.80047154,-1.009952,1.7227588,0.654638,0.068031855,-1.4445187,-1.6570545,1.282488,0.8328452,-0.33702552,0.023572667,-0.7457041,0.1753339,-0.20898278,-0.78719634,0.6672189,0.40257,0.9431491,1.3561954,-0.3684027,0.60512847,0.23621367,-0.4700936,-0.114162095,0.74108696,-0.79587287,0.33669534,0.51354605,-0.1874023,-0.65779763,0.18188222,-0.6488511,0.8711548,-0.2620979,0.49029294,-0.006886117,-0.6449444,0.123116575,-0.36235812,0.47299555,1.130884,1.9204575,0.61285764,-1.654849,-0.15859084,-0.0014534792,1.0631224,0.46512088,-0.033753753,0.48363152,1.0291837,-0.50765395,0.35891536,-0.43429098,-0.48073888,-0.052023966,0.7239159,-0.13003139,0.16679782,0.39654326,-0.3294941,-0.8613908,0.1122849,0.80495405,-0.34917045,-0.45788917,-0.30526373,-1.1194154,0.05780452,0.3496412,0.4042125,-0.37667525,-0.6111556,-1.1558923,0.43945917,0.70265293,-1.9535885,-0.11301573,-0.4883313,-0.2566776,0.2570475,-0.17850661,0.29892436,0.49779165,0.2705915,-1.2331879,1.5756472,-0.19601655,0.4906151,1.1095124,-0.02052536,1.1763262,-0.43143478,0.3598988,-1.076995,0.48875058,0.49071133,-1.5452052,0.8007758,-0.9089866,-0.5387884,0.4264649,-1.2147712,-0.44388226,-1.1074818,0.28197584,-0.29790413,-1.598639,1.9694982,-1.5286621,1.5285392,-1.6044029,-0.029440582,-0.64047456,-0.31430224,-0.5311695,1.0926634,0.41600522,0.35020852,1.0253528,0.22607423,0.68030006,0.5597947,-0.030639008,1.2577313,0.25730756,0.6078366,-1.0705284,-1.8691335,-0.10042132,0.7811379,-1.1493024,-1.2312139,-0.8373578,-0.576723,0.32859233,-0.4730498,-0.4235272,0.47832003,-0.23999076,0.7161517,-1.0303296,-0.39493033,0.27903426,-0.7381079,1.6578401,-0.4437002,1.3715047,-1.1295341,-0.2984876,0.5495383,-1.4336314,-0.20412958,-0.12137594,1.5472159,1.1075721,0.6115693,0.3852704,0.74385214,-0.53994685,0.26386952,1.1767422,0.123371065,1.9856228,0.5700041,-0.926168,1.2909038,0.033946168,0.5474226,-0.05098629,-0.5538201,1.9654237,-0.19169217,-0.57134706,-0.02219061,0.32275358,0.11877519,0.47678146,0.79385585,0.7028102,-0.048545446,0.47406682,0.6338895,0.1929368,-0.8107396,-0.77704614,0.43066025,1.2266442,1.146335,1.8231095,0.21054871,-0.73591137,-2.0188189,0.33888242,1.1607558,0.4079651,0.36952436,-1.6462278,0.5703913,-0.0685279,-0.02801685,-0.8544564,-1.2070507,1.4152244,-0.07570752,0.6204656,1.6746758,-1.0194848,-1.6100864,-0.23428714,0.17212208,-0.5939368,-1.3550106,-1.2255768,0.279173,-0.6479654,1.1650344,0.5560309,0.88018113,-0.49689305,0.13341628,0.5638493,-0.057315543,-0.98028845,-0.4700353,0.07011113,0.50178975,-1.4218035,-0.35617962,0.51555604,-1.76503,1.0312135,-0.03465529,-0.2631276,0.13487364,-0.3404992,-0.92164683,0.24162394,-0.17281143,-0.5039318,-1.2207745,0.2976242,-1.7753229,-1.4379724,1.0449318,1.1370205,-0.9397891,0.39660117,0.53998715,0.18582465,0.51921207,-0.4464668,-0.4849886,0.42698207,-0.5154651,0.031025857,-0.26916784,-1.0211178,-0.21279521,0.4012368,-1.3191365,-1.0853533,1.5271391,0.52399594,-1.543971,-1.1063792,0.034999706,-0.7319893,0.7371335,0.4299326,0.04797326,-0.4302586,-0.80788356,-0.19850385,-0.0052091777,0.75702137,0.057522815,-0.41721293,0.23119026,-0.4102318,0.70166636,1.4564956,0.35537648,1.4272871,0.81842947,0.10697486,-0.5990348,0.5394568,-0.12303007,-0.71918184,0.56185716,-1.1016293,-0.62036633,1.3496885,-0.52263707,-0.7859988,-0.017892167,0.879939,-0.53400683,-0.31849694,0.41024038,1.1183327,1.3242345,1.0666112,1.399686,-0.32375777,-0.6468132,-0.5579708,-0.16639674,-1.1568494,-0.7033129,-0.36845168,0.80307317,2.2723114,-0.21633649,0.52909565,0.39613366,-1.2082638,-1.1322085,0.44466376,0.38069013,-0.34176838,-0.39808437,0.41557944,-1.4222779,-0.3940108,-1.7242326,-0.5732856,0.14529952,0.92988706,-0.88920355,0.21062307,1.0293252,0.5030778,-1.2667354,-0.07239573,1.0490569,0.87046856,-0.27006564,-0.93964297,0.047630902,-0.8970113,-1.4936918,-0.6971658,-0.8382177,-0.8738019,0.18785577,-0.27829787,-0.59531826,-0.59438735,-0.5161128,1.4546407,0.08191205,-0.55532795,0.46821713,-0.84222364,1.3941685,-0.6026185,-0.31990144,1.3862532,0.18291692,-1.4769311,0.6458987,-1.555905,0.76946455,-0.54990906,0.6082353,1.4646038,0.511097,-0.4363017,1.5631787,-0.56580395,-0.56272125,-0.5766385,-0.08355188,0.028036723,0.46564186,-1.8065323,1.0866429,-2.1780636,-0.45719242,-0.43016386,0.5202544,-0.60100865,-0.19162971,-0.33087322,0.82430714,0.82773334,-0.81097007,0.6149854,1.8954716,-0.640592,-1.1836746,0.61210734,0.14353833,-0.48399067,0.05802399,2.4458344,0.96336716,1.0177449,-1.350204,-0.6614706,0.64525545,-0.5042879,-1.076597,-0.9142359,-0.25638407,0.21137325,0.105578035,-0.4158524,0.86766785,-0.49244568,0.40893593,0.70491314,-0.84590477,-0.31963226,0.27778265,-0.535619,-1.43042,-1.638741,0.009569377,0.97984004,-0.6240051,0.35913312,0.7638746,1.0973579,1.0141832,-0.4331287,-0.83760685,0.3565786,0.950692,0.9871695,-0.88851,-1.2592853,0.826152,0.6970064,-0.16354032,0.35701904,0.59670365,-0.66891557,-1.6772747,1.004418,0.6897216,0.037019696,0.72774625,0.34809396,-0.33415413,0.37277445,-0.3925945,0.48621893,-0.47806844,-1.07698,-0.20041949,-0.18333615,-0.92121935,0.39847517,-0.4764949,0.45212469,-0.59349555,0.3217799,-1.8551493,0.5438964,-0.13815223,0.49719957,0.3090332,-0.059345704,-1.2001898,-0.5832358,-0.547775,1.4681898,1.1010946,-0.031111559,-0.81141615,0.16987889,1.1479248,0.49169537,-0.5621325,0.43471554,-0.016781827,-0.780819,-0.07338131,-0.9425812,-0.8912867,0.35686707,0.3696474,-0.9430737,1.3290037,-1.8051339,0.83967733,0.02221497,-1.6131397,-0.12975757,0.07580397,-1.0455569,2.037214,1.5700941,0.022684554,0.055147517,0.7634886,1.2589978,-0.5750827,-0.1520518,-1.5822687,1.2406172,1.2861367,0.541234,-1.403958,0.19030456,0.85043555,-0.5382996,1.2349873,0.19996195,-0.22204727,-0.60060793,-0.7097475,-0.45736814,-0.6824973,-0.74137235,0.30380523,-0.8891518,-0.084829144,-0.17143674,-1.0942842,0.37365448,-0.52752537,-0.26333758,-0.09554678,0.62559813,0.23782597,0.74863213,0.2559676,-0.8637065,-0.26279393,-0.67212695,-0.7926853,0.60453206,-1.0270292,0.3600588,0.22843331,0.99413663,1.6037521,0.31859437,-0.58556384,0.3246871,-0.24325079,0.43529406,0.035274882,-1.447626,-0.6850116,0.030810753,0.7680173,0.5620277,-1.3427444,-0.22586215,-0.23616338,0.3963929,0.03797989,0.25039417,0.090225935,0.55282766,1.8711048,1.0221514,0.06696952,1.0
ミ,0.0742423236370086,0.3330139517784118,-0.4450075030326843,-0.3537943959236145,0.3532416820526123,0.4910364151000976,0.0757136270403862,-0.2273357063531875,-0.4840376079082489,-0.4520646631717682,0.8452945947647095,-0.2189993411302566,-0.2474959641695022,-0.406511515378952,0.5107200145721436,-0.4672616422176361,-0.0510722957551479,0.4577294290065765,-0.1210469305515289,0.179439291357994,-0.4840620756149292,-0.7459595799446106,0.1288764476776123,0.1346560716629028,0.4906442165374756,-0.5122134685516357,-0.1986866742372512,0.3602287173271179,0.0371843576431274,0.2459975630044937,-0.5558360815048218,-0.5253701210021973,0.0609442889690399,-0.4846367835998535,-0.2143356502056121,0.229059636592865,0.3663731515407562,-0.1218433156609535,-0.4632030427455902,-0.0922609642148017,-0.1498668640851974,-0.0846659615635871,0.0085929334163665,-0.4637056291103363,-0.0888672322034835,0.7709968686103821,0.1959840357303619,0.1070571616291999,0.7109037041664124,0.2981816828250885,-0.214362233877182,0.0370761901140213,0.4618444740772247,-0.3684605658054352,-0.2015471309423446,-0.1998677551746368,0.1546501964330673,0.1650233268737793,-0.1739095151424408,0.1931297183036804,-0.6687195301055908,0.2741646766662597,0.0213516112416982,-0.0040531232953071,-0.1527827680110931,-0.2492921501398086,0.2392536550760269,0.0120618669316172,-0.4421583712100982,-0.2290343642234802,-0.314007967710495,0.0296649429947137,0.0191665701568126,-0.3407289683818817,1.0184969902038574,-0.1407565325498581,-0.1803088039159774,0.1698072701692581,0.1296010315418243,0.0468671135604381,-0.0005052648484706,0.3375195264816284,-0.1845870018005371,-0.290671706199646,0.2493066042661667,-0.0559674464166164,-0.3834569752216339,-0.5467400550842285,0.2022909969091415,-0.1332765519618988,-0.0594511181116104,-0.1523081660270691,0.3520277440547943,0.2092531472444534,-0.4350459277629852,-0.0166174937039613,0.3056862950325012,-0.1497508287429809,-0.352637767791748,-0.0969780310988426,-0.1449854522943496,-0.5285674333572388,0.4975885152816772,0.1263253092765808,-0.2024181187152862,-0.1467762291431427,-0.4123440980911255,0.3629208505153656,-0.0390474647283554,0.2510903179645538,-0.0425520949065685,-0.4223004877567291,0.0694435983896255,0.1818235069513321,-0.1146756559610366,0.3010717332363128,0.1635380089282989,0.3402380645275116,-0.2414637804031372,0.5683515667915344,0.0177794229239225,0.8037430047988892,0.0156241813674569,-0.0892020687460899,0.0445310473442077,0.1333493143320083,0.1640436053276062,-0.67827969789505,-0.1906972527503967,-0.2142869681119918,0.1071602329611778,0.2691522240638733,-0.2919790148735046,0.1182885617017746,-0.4799343049526214,0.5257173776626587,-0.2651969790458679,0.5087087750434875,-0.242032304406166,-0.6157172918319702,-0.0287671964615583,0.5583637356758118,0.2053062915802002,-0.4606916010379791,-0.2668575346469879,0.1352680921554565,-0.0460431091487407,-0.2290999442338943,0.5815484523773193,0.0756122097373008,-0.373000293970108,0.5346992611885071,-0.5694633722305298,-0.3478094339370727,-0.0175888426601886,-0.1103339195251464,-0.8607032895088196,0.0406267791986465,0.2267351895570755,0.6842771172523499,-0.2660985887050628,-0.3532829284667969,-0.0453867316246032,0.4466477036476135,0.5665185451507568,0.069207526743412,0.3343859016895294,-0.5213139057159424,0.1032223328948021,0.5462564826011658,-0.0169639866799116,0.0245961286127567,0.2732985317707062,-0.3774614632129669,0.5075084567070007,0.1722207963466644,-0.0050478633493185,0.0325187742710113,0.2380689978599548,-0.414058655500412,0.127878800034523,-0.2096139043569564,-0.1414117366075515,-0.3019088506698608,0.3798588514328003,-0.648094117641449,0.1668550670146942,-0.3187386691570282,0.0258074849843978,-0.2410731613636016,-0.159614622592926,-0.5020554065704346,0.5353348851203918,-0.4817843735218048,-0.0827553272247314,-0.0634893104434013,-0.0339130535721778,-0.3158082962036133,0.0535363592207431,0.4418801665306091,0.1200811564922332,0.054438192397356,-0.3877078890800476,-0.8122380971908569,-1.0736372470855713,-0.0941321402788162,0.4046836197376251,0.4062840938568115,0.1679373532533645,0.3646089732646942,-0.3957914710044861,0.2482173889875412,0.1220466643571853,-0.0587863251566886,-0.0509486310184001,-0.0543970838189125,-0.5202624797821045,0.0351971313357353,0.3376376926898956,-0.6664898991584778,0.3643487095832824,-0.4202050864696502,0.2634217143058777,0.4583452641963959,-0.2691214978694916,0.0372564084827899,-0.0270383991301059,-0.3563060760498047,0.1574449837207794,0.87684166431427,-0.2061403691768646,-0.0794132053852081,-0.8050961494445801,-0.0967162251472473,-0.5282164216041565,0.3268319368362427,0.0349509045481681,0.4083581566810608,-0.194251000881195,0.2433279007673263,0.2002975791692733,-0.2499866038560867,0.058934923261404,-0.0548470839858055,-0.2173903584480285,0.3238850235939026,-0.1939383298158645,-0.4534960389137268,-0.2903502881526947,0.0324875637888908,-0.5581664443016052,-0.5012549757957458,0.4984372854232788,-0.4269191920757293,0.6212307214736938,0.1411945819854736,0.3281502425670624,-0.8557057976722717,-0.1678503602743148,-0.4103989601135254,-0.208535611629486,-0.3485463857650757,0.1888104081153869,-0.0390668734908103,0.2116974890232086,-0.1734356582164764,-0.216150015592575,-1.1659576892852783,-0.3703452050685882,-0.3943776488304138,0.1244698390364646,-0.2898524105548858,-0.2151069194078445,-0.0484906509518623,-0.1751576662063598,-0.0269644595682621,-0.1800417900085449,0.3557970523834228,-0.2229432016611099,0.4259726703166961,-1.0649555921554563,0.5214108228683472,-0.6851509213447571,0.3195766806602478,0.0362306721508502,-0.1854678392410278,-0.0408688001334667,-0.5588877201080322,-0.1232456564903259,0.3713202178478241,0.438415378332138,-0.6395547389984131,0.1615892648696899,0.049804650247097,-0.2150278687477111,0.1673540025949478,0.4237509667873382,0.0120493350550532,0.1625511646270752,-0.0203977171331644,0.6105543971061707,0.255047082901001,0.3527452945709228,-0.406722217798233,-0.3520653843879699,-0.4327926933765411,-0.5446853637695312,-0.3809921145439148,0.851805567741394,-0.1012478843331337,0.1129158288240432,0.9938908815383912,-0.7245206236839294,-0.190769612789154,0.4421418011188507,0.2708339989185333,-1.367504596710205,0.1049443855881691,0.0916192904114723,-0.2612210214138031,-0.0744868144392967,0.3613816201686859,0.218541994690895,0.4532367587089538,-0.0569940730929374,-0.3014551401138305,0.9467974305152892,0.4949329793453216,0.1011964157223701,-0.4946164190769195,0.7344223856925964,-0.0732712596654892,0.0923794284462928,-0.3406877219676971,-0.5071636438369751,0.2337279766798019,0.3787388801574707,0.0193988438695669,0.2765727043151855,-0.4663834273815155,-0.0918539017438888,0.1381756514310836,-0.10019551217556,0.219620019197464,-0.4414709806442261,-0.1128413900732994,0.190971702337265,0.5164321660995483,0.589641273021698,0.8569481372833252,0.2078739255666732,0.1020235791802406,0.7102785110473633,0.3657528162002563,0.6217800378799438,0.0173499286174774,0.0741462409496307,0.1081386059522628,0.4718742072582245,-0.0181661434471607,0.2001671344041824,0.079133540391922,0.582419753074646,0.2887793183326721,0.5806037187576294,-0.1183381155133247,0.3082117438316345,0.3677203357219696,0.31102055311203,0.7447459101676941,0.4226313829421997,0.1672681868076324,-0.6663649082183838,-0.188687264919281,0.3288110494613647,-0.5550928115844727,0.0245085041970014,0.2496380507946014,0.5079242587089539,-0.2173969894647598,-0.4625740051269531,0.1231372207403183,0.4955804049968719,-0.1666944026947021,-0.5805251002311707,-0.3853215277194977,-0.615144670009613,-0.221407875418663,-0.1303703635931015,-0.8066840171813965,0.2197250872850418,0.2318197786808014,0.3091916143894195,-0.6116858124732971,-0.0444712787866592,0.1862290650606155,-0.7234421372413635,0.0642637759447097,-0.4130603671073913,-0.0056013669818639,-0.5066355466842651,0.1777539402246475,-0.18148835003376,-0.1445691585540771,-0.3907641172409057,0.1366250216960907,-0.209141656756401,0.2504712641239166,-0.0233423691242933,0.4674542546272278,-0.059251245111227,0.5048641562461853,0.043604701757431,0.2478443682193756,-0.2321676164865493,0.0863143503665924,-0.5848694443702698,0.2119140326976776,0.5857650637626648,0.2970518767833709,0.283654123544693,0.3118868768215179,0.4099399149417877,0.1258585304021835,-0.0755718946456909,-0.022803034633398,-0.2383574396371841,-0.6956143379211426,0.7727620005607605,0.2410871833562851,0.1756283491849899,-0.2758700847625732,-0.1947786808013916,0.1710977256298065,-0.2218316346406936,-0.237852856516838,-0.172521024942398,0.1367765218019485,0.0556310415267944,0.1379725635051727,-0.1301013827323913,0.9963765740394592,-0.5135068893432617,0.3207392692565918,0.2744286954402923,0.0984241142868995,0.3161286115646362,0.1740449070930481,-0.1567199081182479,-0.0595823228359222,0.3163750767707824,-0.1160292625427246,-0.1660627275705337,-0.3220095932483673,0.1844811141490936,0.0244755707681179,0.188332051038742,0.6108905673027039,0.3070165812969208,-0.0192546155303716,-0.6011876463890076,-0.5485519766807556,-0.4158765971660614,-0.3059934079647064,-0.4014372825622558,0.3440805673599243,0.3201162219047546,-0.4112567603588104,0.0197402294725179,-0.2936322689056396,-0.6766907572746277,-0.4339606463909149,-0.3122068047523498,-0.0672766119241714,-0.1189839541912078,0.973155915737152,0.5649281144142151,0.1743807643651962,-0.7071307301521301,0.5378695726394653,-0.1162489205598831,0.0590359456837177,0.2875991761684418,-0.0294951330870389,-0.0840926617383956,-0.1318912059068679,0.0626690164208412,0.1960514187812805,0.3063077628612518,0.6131133437156677,-0.1184803694486618,-0.5474212169647217,0.1621340811252594,0.1770634949207306,0.0455133989453315,-0.3783379793167114,0.7200154066085815,0.2408391684293747,-0.3134249448776245,-0.4049074053764343,-0.2420514225959777,-0.2747218608856201,0.2393253892660141,-0.790289580821991,-0.1178176179528236,-0.3768865168094635,0.1412502378225326,0.2919507622718811,0.5788042545318604,-0.4681045711040497,0.3126051723957062,0.3795687258243561,0.6736486554145813,-0.440080463886261,0.2532998919486999,-0.2488140016794204,-0.2786606550216675,-0.1103451326489448,0.4375189840793609,-0.3158532083034515,0.4014500379562378,-0.7251631617546082,-0.5302066802978516,-0.5450356602668762,0.0019064506050199,-0.9640617370605468,0.6832249164581299,0.0275597628206014,0.3576342463493347,-0.4718641936779022,0.417783260345459,-0.1145199239253997,0.0703534707427024,0.5734333992004395,-0.0526344589889049,-0.1652468591928482,-0.9865517616271972,0.3174304664134979,-0.0573950223624706,-0.5577490925788879,0.4650454819202423,0.8042031526565552,-0.1557003408670425,-0.5096858143806458,0.1114783063530922,-0.0303948633372783,-0.4261590540409088,-0.2411440014839172,-0.5608912110328674,0.1557397693395614,0.5149214863777161,0.1040042713284492,0.3244833052158355,-0.1323404163122177,-0.4046432971954345,-0.3231112957000732,0.3472285866737366,0.3969383537769317,0.4465067386627197,-0.0034244200214743,0.2184528410434723,0.1467864662408828,-0.2775411307811737,0.0226918831467628,0.0180734172463417,0.748359203338623,0.1145729944109916,0.7960390448570251,0.6047556400299072,-0.4952910244464874,0.5494248867034912,0.8899492621421814,0.2527884840965271,0.2704907357692718,-0.3135342299938202,0.042908176779747,-0.7730709910392761,0.5639276504516602,0.0745647102594375,0.3795459270477295,-0.0036050567869096,-0.1982095539569854,-0.066192515194416,-0.3753683865070343,-0.6450170874595642,0.0576977804303169,0.3509683907032013,0.3359062075614929,-0.1190442815423011,0.3167885541915893,0.4207812845706939,0.2225155383348465,-0.2186346054077148,-0.2408219128847122,0.0986327230930328,0.1496842503547668,0.7013519406318665,-0.0293946824967861,0.3244429528713226,-0.1375072598457336,-0.9956024885177612,-0.254660427570343,0.1009773984551429,-0.0674589797854423,0.6115954518318176,-0.0799112692475318,-0.1625643372535705,0.23420150578022,-0.164591759443283,0.5733628273010254,-0.187115266919136,-1.024404764175415,-0.0841650068759918,0.2277201116085052,-0.119817279279232,0.0023871709126979,-0.0715970918536186,0.5766525864601135,0.118711844086647,-0.3635269403457641,0.1365807652473449,0.7753075361251831,0.1521394848823547,-0.2624624967575073,0.0313081927597522,-0.0434151850640773,-0.3729007244110107,0.0290948152542114,-0.1900292336940765,-0.6397236585617065,-0.1483013927936554,0.1866718232631683,0.1346351206302642,0.0874330028891563,0.0155172552913427,0.2688823044300079,-0.0446039028465747,0.3076027333736419,-0.0745626762509346,-0.6711005568504333,-0.1346205025911331,0.5038766264915466,-0.3146475851535797,-0.0261924061924219,0.0846107974648475,0.0217937938868999,0.0583756901323795,-0.0690358430147171,-0.3553929924964905,0.2402874529361724,-0.6287341713905334,0.5144432187080383,-0.4295004308223724,-0.3813173770904541,0.3333607614040375,-0.0087165711447596,-0.6294474601745605,-0.6344353556632996,0.0117953903973102,0.6523966193199158,0.2305472791194915,-0.3062798976898193,0.4668005704879761,-0.4441059231758117,0.5256407856941223,0.348789781332016,-0.2118508517742157,0.032179158180952,-10.265278816223145,-0.3397718369960785,-0.6469663381576538,-0.0156697388738393,-0.5084431171417236,0.1733414083719253,0.6596047878265381,0.0455318726599216,-0.2701387703418731,-0.0290987733751535,0.8028372526168823,0.3652738630771637,0.4646075963973999,0.7513939142227173,-0.5526511669158936,-0.406506597995758,-0.1170046925544738,-0.3609572350978851,-0.1069817617535591,0.047794546931982,0.4184467196464538,-0.1022268086671829,0.8905100226402283,0.477902352809906,-0.6454569697380066,-0.425428569316864,-0.8275082111358643,0.3964523375034332,0.1438166797161102,0.2138384729623794,-0.6968300938606262,0.4159755110740661,0.1026412844657898,0.2536438703536987,-0.4905888140201568,-0.0894505381584167,-0.5111433267593384,0.2731507122516632,0.384169727563858,0.6054202914237976,-0.1987547576427459,0.3328362703323364,0.2532228529453277,0.4394642114639282,0.0359343066811561,0.1503917425870895,0.1732529401779174,0.4136281311511993,0.4007943570613861,0.075070634484291,0.2376943826675415,-0.1549127399921417,0.5204101204872131,-0.0607761554419994,0.1069935038685798,0.6276372671127319,0.6554633975028992,-0.2898725867271423,-0.4860830307006836,-0.0292883720248937,0.2937375605106354,-0.4057251811027527,0.7810714840888977,0.4153846800327301,-0.0414174608886241,0.1329126358032226,0.3588762283325195,0.6492997407913208,-0.6620249152183533,-0.086374893784523,0.2295977771282196,0.173898845911026,0.1561040431261062,-0.1828092783689499,-0.6997959613800049,0.3361480236053467,-0.5184464454650879,-0.0072051766328513,0.0758055299520492,0.1518719643354416,0.5239549279212952,-0.0771982371807098,-0.5081847906112671,0.0894954577088356,-0.9789246916770936,0.2625838220119476,-0.1468386948108673,0.0790006816387176,0.3532863855361938,-0.4694406688213348,0.34163698554039,-0.5079615116119385,-0.392924815416336,0.5831993222236633,0.2942629158496856,0.0484435223042964,0.6676459312438965,0.3810811936855316,0.6125280857086182,0.1614170372486114,-1.077717,-0.4021809,0.51071,1.7265091,-0.8975007,-0.27862498,-1.6026572,0.12939781,0.7584607,-0.9899377,0.13632606,0.540072,-1.0816097,2.4189184,0.2205231,-0.29614046,1.1978441,-0.84583384,1.0119481,-0.3582344,0.5658236,0.27058592,1.1106852,-0.9896701,0.19934408,0.92174345,0.5694115,-1.0463123,-0.64935535,-0.37879086,0.042237703,-0.29552862,-0.5293741,-1.238418,0.9039443,-1.0401137,-1.31883,1.0182627,0.18274449,-0.15245235,-0.982312,0.452051,-0.23167229,0.38121483,-0.5202298,0.16558246,1.4652528,-0.4923968,0.5145999,-0.20194225,-0.58389014,-0.23827767,0.7897871,1.1100959,0.3122776,-0.2771603,0.6539764,1.0311007,0.25080678,-0.90972584,0.80831003,1.2354033,-0.6419665,0.51247895,0.8919708,1.6456436,0.14929627,-0.7882266,-0.48220935,-0.96883184,-2.3754556,-0.17494975,0.091867745,0.9671008,-0.56373763,0.9590885,-0.041093517,-0.26366583,0.71140766,0.48094663,0.4651207,0.14185525,-0.8192002,1.4204602,-0.4394492,-0.17077063,-0.60089606,-0.26813516,-1.2536516,-0.1786769,0.7978011,-1.6636939,-1.3179246,-1.2179395,0.7230571,-0.31724095,-0.5055159,-0.37599325,-1.4554743,0.08818066,-0.038415555,1.0090146,-0.65512663,0.07445453,-1.463003,-0.088527836,-0.47883305,-0.57438344,-0.3124195,0.74779636,-0.33423868,0.3519214,0.19105732,1.6460485,0.92756844,0.61420345,-0.44991067,-0.65634215,-0.2583941,0.31437543,1.0381805,-0.29537025,-0.97881347,0.8034587,0.35147628,1.3274797,0.19245322,-0.5037981,0.8696043,-0.088098355,0.9538503,-0.9988647,0.99284077,1.0625006,-1.0131226,-0.60770017,-1.1460735,0.11325679,0.61711055,-0.5150812,-1.1887529,-0.12747024,-0.13592015,0.11120504,0.057345178,-1.414886,0.29889712,0.9259758,1.1073217,0.20445465,-0.20214553,-0.5379891,-0.96433204,0.27224597,0.52834415,0.5291211,-0.016941747,0.044223327,-1.4199086,1.0548583,0.80323344,0.80542296,-0.89025164,0.3285354,0.30813378,0.31455123,-0.6651184,0.76217073,-0.979603,-1.8905579,-0.39536586,0.8145825,0.3246708,-0.0691689,0.87856275,-0.0464426,0.5402414,-0.10392461,-0.49846494,0.5285259,0.43296686,1.1002959,0.36331093,1.0315733,0.16850586,0.53915244,0.59882516,0.4529384,-0.11511008,0.5376117,0.4251214,-0.5514251,0.84284353,1.129943,1.6403623,2.7583199,0.9161553,-1.9583043,-1.2664777,0.59450525,-1.885025,-0.30733633,0.68470716,-0.78751487,1.4337721,-0.15635426,-1.0421976,1.895281,0.59640616,0.009206454,-1.1429486,-0.95318204,0.7107775,0.30009454,-0.40420878,-0.590071,-0.49536404,0.26805827,-0.38772944,-0.3118284,0.477379,-0.22702305,0.34590268,2.147682,-1.3010587,0.51835775,0.35961092,0.73970515,0.3969896,0.54904974,-1.1410235,0.38653076,0.27828592,-1.0118895,-1.1206081,0.32966033,-0.61546,0.9743338,-0.6392185,0.17354672,-0.35281697,-1.0000511,0.18862875,-0.047961522,0.72897553,0.21010143,1.4278897,0.1779222,-1.346907,0.11027822,0.60490036,0.6907808,0.28946903,-0.19343686,0.9048025,0.2764025,-0.41625485,-0.08594098,-0.38179985,0.25112376,-0.08817648,0.752064,0.38915172,0.45643154,0.69944525,-1.0467108,-0.7142094,0.26829705,0.27829245,-0.74925804,-0.3675402,-0.9644672,-1.464293,0.16353287,-0.07630026,-0.25606713,-1.3622235,-0.50626504,-1.1559801,0.09599423,0.7340582,-0.80016637,-0.39150038,0.44904423,-0.21918796,0.26082817,-0.60894865,-0.037751798,0.5898472,0.9955325,-2.193341,0.8135302,0.108583905,0.6643986,0.9614133,0.048337355,1.3717409,-0.20762502,0.72375506,-0.9632139,0.10929707,1.0887103,-0.9946799,0.542939,0.0005767706,0.2870104,0.69781065,-0.8585763,-0.74721885,-0.38265684,0.48707798,-0.13888152,-1.4109193,1.7771295,-2.187745,1.3396965,-1.2052921,-0.69573957,-0.31103063,-0.84918976,-1.7122649,1.0719266,0.17716803,0.4281453,0.62869704,-0.19315557,0.28191984,0.4339011,0.6447506,0.77356386,-0.31648645,0.47398365,-0.32584998,-1.4817958,0.3096396,0.6491505,-1.2397051,-1.6367279,-1.9882199,-0.11141765,0.5357215,-0.243587,0.11356381,0.6432622,-0.2382894,0.87302226,-1.316692,-0.38444957,0.2521785,-0.53054935,1.2230049,-0.25899982,1.4387373,-1.004438,-0.2912226,0.40850008,-1.9900988,-0.7016068,-0.85972553,1.3086401,0.58853173,0.20571606,0.4209373,0.6630454,-0.76344347,-0.56782454,0.4819471,-0.36392227,1.7497435,0.5340399,-0.6102266,1.7210084,0.11728096,0.054467212,-0.31813142,-0.41144785,1.4998808,0.45385537,-0.34383425,-0.31337592,0.021570886,-0.3769662,0.14146037,-0.24798596,0.26637754,-0.21367781,0.3997543,0.33158782,-1.6190171,-0.92267007,-0.53511333,0.32985857,0.8490688,1.6794224,1.2043786,0.025445461,-1.4548162,-1.6151665,0.12366781,1.0572486,-0.048453927,0.7738743,-0.98399854,0.43522358,0.31434497,0.07385037,-0.8132512,-1.980065,1.7722021,0.43916783,0.5935846,1.599761,-0.8700821,-1.2532791,-0.22975087,0.9841254,-0.30440366,-0.7619562,-0.4566395,0.77356315,-1.3408766,0.7163196,0.15701346,0.48366842,-0.65625125,0.57507914,1.1473447,0.93735486,-1.0387336,-0.69166464,-0.105458796,0.27355018,-1.4282678,-0.6315612,0.4797972,-1.9023861,0.18719412,-0.86193204,-0.17855613,0.058361735,-1.0702335,-0.8670333,-0.7858438,-0.31601918,-1.2504139,-1.0097929,-0.14422114,-1.2591337,-1.767552,1.4232445,1.3680992,-1.6237553,0.53214616,0.33377242,-0.09788477,0.75795907,0.09619752,-0.6353891,0.82651776,-0.8043769,-0.5293737,-0.69152194,-0.8704522,-0.5193675,0.26507875,-1.4740416,-0.9678591,0.944218,1.0783495,-1.9288591,-0.5629852,0.21560423,-0.6249412,0.38613644,0.40246633,-0.2534368,-0.3439492,-0.762621,-0.32916716,0.12544699,0.88457847,0.23746979,-0.27174258,0.6159385,0.29864538,0.1192613,1.5271611,-0.129546,0.0012545027,0.90591574,0.22086655,-1.1349474,0.91947436,0.40250567,0.35403812,1.2697803,-2.1347425,-1.0875643,1.501769,-0.728259,-0.95185804,-0.46638492,0.60230976,0.09662146,0.2351257,0.6505334,1.131155,1.4955493,0.85486525,1.2317593,-0.1918507,-0.7567046,-0.50474524,0.64672107,-0.47853407,-0.62715644,0.67436785,1.076879,2.2784903,-0.64910203,-0.7827533,0.4084017,-0.84040266,-1.0515898,0.46589902,0.46833298,-1.1306666,-1.0350302,0.07229363,-1.0147419,0.3656397,-2.131265,-0.7704787,0.19779992,0.36852944,-0.7584471,0.026922246,0.26120457,0.12640224,-1.1114781,0.98752165,1.5803518,1.1928827,0.16193719,-1.4185075,0.39575338,-0.62435836,-1.1920973,0.0648881,-0.52952605,-0.49992287,0.5081815,-0.014664598,-0.46435276,-0.77215904,-0.044606905,1.7515126,0.2210362,-0.38886884,-0.1394939,-0.90579295,1.9574171,-0.44250655,-0.54517937,1.3425831,1.2718966,-1.3839606,0.1859854,-0.88074976,-0.06508693,-0.7052128,0.27895147,0.4929426,1.3092431,0.012684628,1.690217,-0.41845727,-0.342736,0.10090914,0.73447853,-0.21407072,0.7086232,-2.4647145,1.0715239,-1.2075874,-1.8543082,0.31625888,1.0006498,0.06999397,-0.24871945,-0.4754583,0.6074358,0.7072236,-0.92508936,1.1422454,2.042816,-0.71728355,-0.6956062,0.6683945,0.549741,-0.5139268,0.43791318,2.093942,0.47789416,1.2859424,-1.3318124,-0.7076309,-0.3157047,-0.5258855,-0.55302197,-0.28793135,-0.53392357,-0.59556776,0.85326356,-0.72513914,1.1214918,-0.77094716,0.22898798,0.8240083,-0.27668038,0.18641882,0.3127966,-0.5733322,-1.7983055,-1.2968373,0.45289958,0.994188,0.18770273,-0.11182824,0.38824853,0.97270447,0.48758993,-0.22774242,-0.05056576,0.4446254,0.720974,1.7917446,-0.6058292,-0.86512667,0.5216635,1.5341763,-0.36394763,0.43082914,-0.9863391,-0.5948371,-1.618667,1.1280521,1.0303057,0.16103454,1.3744894,0.6385982,0.30408907,0.5555813,-0.49363944,-0.26164725,-0.30522138,-0.9745505,-0.107933275,0.2891101,-0.32346663,0.19687231,-1.5157156,-0.21278284,-0.087141156,1.117907,-1.2886759,0.29349256,-0.24364638,0.5268206,0.16826947,-0.006784757,-0.71133596,-0.5563769,-1.2185713,1.9056476,0.88993436,0.23994215,-2.2249393,-0.100584485,0.7241116,0.337981,-0.66478604,0.6224468,-0.042512517,-1.3618282,-0.23562358,-1.5164143,-0.48632738,0.42364702,1.5012032,-0.80538434,1.0573235,-1.4476986,1.0346417,-0.07808781,-0.42663607,-0.0016911129,0.685149,-0.7797733,1.8881944,1.3455358,0.5261682,0.45232734,0.91476506,0.9149659,-0.06452146,-0.719987,-1.7306596,1.1127266,0.9514335,0.2822459,-0.5999505,-0.6172655,0.6728583,-0.47904906,1.6090542,-0.39436653,-0.46490124,-0.67794603,-0.79681945,-0.833589,-0.18223993,-0.998691,-0.06091723,-1.1699204,-0.01754425,-0.3892555,-0.22542809,0.38627923,-0.92385674,-0.059836876,0.40296546,0.96933955,1.4232467,0.8674757,0.5933189,-0.67789865,-0.0253326,-0.9793876,-0.81291556,0.83641815,-0.8162277,-0.19139679,0.49723288,0.7161405,1.8292736,0.56713545,-0.08861789,0.0008565982,-0.16211669,0.073327444,0.70266837,-0.77144796,-0.4135313,0.44837865,0.36792925,0.13327815,-1.075523,-0.12278754,-0.08063054,0.5796605,-0.20654051,0.42919064,-0.008156533,0.6380357,1.4303092,0.8707771,-0.75900596,-1.1857026,-0.8637093,0.46768522,1.5471761,-0.43110317,-0.49380273,-1.064019,0.5466855,1.2029387,-0.9639126,0.5545145,0.099267244,-1.7471817,2.2480369,-0.7222988,0.16222191,1.253295,-0.3250737,0.5542811,-0.47578353,0.97667015,0.64754057,0.98493385,-0.8290483,0.45869836,0.39324015,0.444122,-0.8484561,-0.27675217,-0.4577747,-0.34418893,-1.3149899,-0.8003289,-1.0089883,-0.19995502,-1.021298,-0.7731093,1.1861832,0.29085183,-0.8909316,-1.2641685,-0.06345681,-0.58895296,0.31934276,-0.8126233,0.38535768,1.9806912,-0.35234275,0.941076,-0.5253283,-0.46071124,-0.54999846,0.056069244,0.63445026,0.60998636,-0.531134,0.5626774,0.7363431,0.42483386,-0.5072264,0.45390326,0.87059563,-1.0569314,0.12618694,1.0776752,1.4741014,0.12357094,-0.504065,-0.9081562,-1.0230792,-2.3384814,-0.29332587,0.7352073,1.1015266,-0.89780265,0.9955498,0.43251935,0.4507943,0.062939964,0.1470792,0.13963507,0.7103559,-1.284901,0.9888116,-0.28750816,-0.68552846,-0.2979957,0.0033320517,-1.2470096,0.17871134,0.30865273,-1.1116935,-1.905028,-1.351033,0.2365884,-0.2158403,-0.6672618,-0.37389022,-1.4392515,0.049418904,0.22935164,0.7662432,-0.26899928,-0.19091533,-1.1057179,0.24800436,-0.5768336,-0.5677341,-1.0514787,0.9393612,-0.65634483,0.6034156,0.4317432,1.2761745,0.8224386,1.1153733,-0.5833697,-1.0480194,-0.5681378,-0.69906557,1.0342166,-0.4579502,-1.5223643,0.7142866,0.40969196,1.3076394,-0.24582548,-0.31442446,1.130979,-0.43159705,0.8507339,-1.0475845,1.8619388,0.97334546,-1.1420896,-0.7163167,-0.64927363,1.0581896,-0.37994698,-0.5837724,-0.40722197,-0.2916692,0.60191256,-0.22382805,-0.09025122,-1.8072386,0.32417914,0.68090785,0.9968136,0.6008487,0.49734873,-0.5798632,-0.84283555,0.60372895,0.6263143,0.013710314,0.47287065,-0.06114146,-1.6234634,1.5938793,0.5254188,1.5558397,-1.2858047,0.031731248,0.07237251,0.54386365,-0.8493417,0.44861692,-0.3142652,-1.6860783,-0.39600244,-0.1531705,0.22081652,0.016926086,0.4146026,-0.58533126,0.69217837,0.258158,-0.6177944,-0.028204847,0.141752,1.3116958,0.7798058,1.4582493,-0.481217,0.97126436,0.34434766,0.36040372,-0.12330425,0.54568624,0.30784962,-0.51596355,1.0573728,1.5846509,1.5618562,2.1245131,0.41720074,-1.5849519,-1.037624,0.7704821,-1.6242821,-0.53079337,0.83636916,-0.38402194,1.7712681,-0.4160096,-0.9644164,1.6982807,0.2425035,-0.031454064,-1.2946031,-1.0524465,0.7811298,0.71788895,-0.69098914,-0.30038542,-0.46671662,0.25047857,-0.49116737,-0.035722632,0.28567868,0.22116932,0.49345332,1.3516481,-1.8077049,0.6588489,0.3455885,0.84260255,0.38918686,-0.16060756,-1.4104393,0.3655731,0.6496849,-0.894096,-0.5407165,0.39776707,-0.61378443,1.5519234,-0.1689535,-0.25216994,-0.090173684,-0.96378314,0.037614863,-0.16572043,0.7534396,0.76778615,1.9957024,0.35939,-0.89170694,-0.5360516,1.0468266,0.7784158,0.68329626,0.2552994,1.6870527,0.38913888,-0.43285793,0.03671815,-0.557649,-0.044847153,0.289826,0.93133175,-0.4329838,0.4546051,0.84438455,-0.5322624,-0.7495838,-0.09920301,-0.12717271,-1.0154488,-0.71756566,-1.1302073,-1.5307417,0.34592032,-0.92929363,-0.5768,-1.3645378,-0.34759906,-1.4195569,-0.5423683,0.38216013,-1.075981,-0.6067034,-0.043239232,-0.3736245,0.44830027,-0.46793693,0.3063092,0.41605482,0.6750174,-1.9979553,0.7590168,0.7421256,0.8632952,0.60044795,0.51847714,1.0369389,0.1206098,0.532853,-1.4412056,0.39732742,0.79841465,-1.2377216,0.38971087,0.1953693,-0.34922802,0.46123973,-1.216624,-0.803016,-0.20297638,0.28188795,-0.41049284,-1.1262614,1.6854483,-1.6518917,1.4746535,-1.1498854,-0.19739862,-0.6004443,-0.4352518,-1.6226046,1.3826947,0.20627709,0.18874983,0.76366127,-0.23983106,-0.43273133,0.22659259,1.2641122,0.112286605,-0.5395713,0.74326473,-0.7317921,-1.3525416,0.8930642,1.1074785,-1.2358363,-1.6569118,-1.4470352,-0.43193135,0.98710996,-0.43204623,-0.59667504,0.9938754,-0.33462355,0.90217257,-0.68258953,-0.078744575,-0.005111918,-0.7634978,1.0533204,0.21444197,1.0274267,-0.5547508,-0.8764676,0.9196869,-2.2753787,0.028596591,-0.64776677,2.0893035,0.67248094,0.38327014,0.35215306,0.4470798,-1.0207703,-0.24087723,0.7500727,0.08258389,1.357175,0.8519853,-0.54095304,1.8617077,0.35845515,0.9824308,-1.0811466,-0.16591242,1.87099,-0.1483669,-0.4133889,-0.630414,-0.069210336,-0.23341854,-0.19508627,0.3387958,-0.40988034,-0.29472166,0.99971807,0.88939446,-1.9526908,-0.73447704,-0.6898336,0.46529213,1.2552159,1.4966235,1.3233353,-0.37464827,-1.0798872,-2.422815,-0.07681556,0.9120776,-0.037006527,0.23853716,-1.2335308,0.21406655,0.6810626,-0.33357042,-0.760738,-1.8550688,1.7424526,0.37965128,-0.16058613,1.568157,-0.28091714,-1.4179276,0.063656345,1.4379699,0.1323077,-0.9354213,-0.48680457,1.0421417,-0.6524664,1.4734275,0.7933413,0.0665644,0.36269465,0.17469339,0.75757366,0.4170498,-0.75359255,-0.96064854,0.08811888,0.53140604,-1.0114807,-1.0880054,0.7216031,-2.0753067,0.48493594,-0.67205304,-0.25320658,0.27854565,0.04912994,-0.48613566,-0.82394046,-0.33952856,-1.2049811,-1.6888396,-0.22954932,-0.662564,-1.5984803,1.4998443,1.9021447,-1.6249748,0.6620598,0.25733036,0.13921973,0.6286563,0.4320529,-0.4029405,0.36921254,-0.9685234,0.054384936,-0.28316796,-1.4418148,-0.48698077,-0.017306859,-1.7123253,-0.9809675,0.97773457,1.6105273,-1.2135689,-0.06073786,-0.12107959,-0.7925584,0.65712655,0.7862822,0.40176764,0.56881475,-0.38560358,-0.6574071,0.16900808,1.0439452,0.041516107,-0.3855597,0.7031809,0.018808538,0.14353693,1.708017,0.375332,0.02719317,0.7714902,0.33850765,-1.0437462,0.2837438,-0.1758835,0.0062301876,0.55305225,-2.1543717,-1.1608942,1.2180998,-0.38704214,-1.3503329,-0.5858489,0.36586562,0.4208625,0.608948,0.23817447,1.178981,1.1925379,0.9225176,2.052147,-0.86236334,-0.9884691,-0.904504,-0.1358935,-0.5924536,-0.67607874,1.2416337,0.8732131,2.370243,-0.7088674,0.39038453,0.45421964,-1.1780739,-0.89773715,0.25911796,0.5182349,-0.6864118,-0.122508146,0.4493031,-0.99158514,-0.029407308,-1.5246993,-0.064576544,0.6045839,0.28749943,-0.6949259,-0.25836256,0.0993336,0.12284944,-0.46992272,0.96742755,1.2466629,0.5964097,0.101004764,-1.0606467,0.07362728,-0.6053797,-1.8336627,-0.06186081,-0.14352843,-0.5257081,-0.10606325,-0.43202716,0.13958487,-1.3303087,-0.6391064,1.3091133,0.15386906,-0.30697176,-0.14127016,-0.38879782,1.6371559,-0.90122163,-0.69628036,0.8789252,1.3975391,-1.9052957,0.15887593,-1.1191033,-0.32657573,-0.95926064,0.423872,0.52914727,0.7881931,-0.16317973,1.3479798,-0.089917876,-0.60032886,0.1184693,0.67737067,0.0925418,0.67209435,-2.3908203,0.97666866,-1.0050141,-1.5506691,-0.12882823,1.0194436,-0.37747842,-0.17949805,-0.40585834,0.8688297,0.4063545,-0.74489546,0.95422775,2.3410454,-0.7373398,0.09119421,0.68178743,0.052567255,-1.0374385,0.18742134,2.783607,0.15598395,1.198849,-0.7054731,-0.09114627,0.04053791,0.03882748,-0.6397753,-0.4067366,-0.7588753,0.27539065,0.922142,-0.5982569,0.7159292,-0.62577754,-0.36710727,1.1700903,-0.4684817,0.34532613,0.43233648,-0.26163983,-1.8150641,-1.3122873,0.79110754,1.210778,-0.010698028,-0.13974783,0.71202004,1.1689532,0.7496454,-0.41489586,-0.19586523,0.42993245,0.9649016,0.4984234,-0.5403033,-0.9773617,1.1989686,1.5371274,-1.5821774,0.9002304,-0.6454061,-0.44125095,-1.5729005,0.9934338,0.8489512,-0.07850309,0.8306185,0.4558127,0.32049292,0.59221977,-0.6186945,-0.01506263,-0.51771224,-0.5271646,-0.113650486,-0.2698416,-0.68636626,0.4214786,-1.1838993,-0.070362546,0.31215134,1.4413042,-0.16045618,0.3836835,-0.6681498,0.88519937,0.27763414,-0.63028204,-0.39275804,-0.22887984,-0.84427154,1.9399208,0.8103181,-0.26504368,-1.754843,-0.03993845,0.6273959,0.71298754,-0.88800204,0.7752062,-0.08793472,-1.2657728,0.042380743,-1.4537323,-0.5340302,0.35683098,1.4896884,-0.43220013,1.0599205,-1.2935691,0.76520187,0.16579835,-0.8427229,0.30637723,-0.48098022,-0.3751213,1.6331022,1.035093,0.16594031,0.25557065,1.1970769,1.0147656,0.614427,-0.8920466,-1.1017554,0.74773264,0.95497876,0.17992312,-1.0891014,-0.1613143,0.36145863,-0.17927858,1.3319271,-0.63460463,-0.5474875,-1.01579,-0.28481063,-0.63159585,-0.18723461,-0.6001164,-0.34307152,-1.4173121,0.20511839,-0.97260225,-0.045800187,0.59396863,-1.1969783,0.36827096,0.2791624,1.2760552,0.76706487,0.4559257,0.20221177,-0.7717346,0.45533013,-0.9807428,-0.7665397,1.1287842,-0.9023798,-0.17221072,0.20434895,0.8630864,2.0064142,0.7555766,-0.20885918,0.24985547,0.31879413,-0.13274948,0.32202804,-0.33185744,-0.81481266,0.24659996,-0.15865918,-0.061892748,-1.3205589,-0.13607533,-0.1488185,0.68265545,0.53773946,0.6296546,-0.012459695,0.30507964,1.8056446,0.06936017,-0.8545883,1.0
ン,0.0031761368736624,-0.0607978403568267,0.0868006199598312,-0.661807656288147,0.0111189065501093,0.3265124261379242,0.1916644126176834,-0.4045667350292206,-0.4292081892490387,-0.4083045125007629,0.5463610291481018,0.2070582807064056,-0.3826923966407776,0.0625517517328262,0.7951143980026245,-0.442884236574173,0.3125962615013122,0.3438512980937958,-0.0523972958326339,0.0517843142151832,0.0978624746203422,-0.5571790337562561,-0.2747199833393097,0.0472691729664802,-0.0459600277245044,-0.3686332702636719,0.2244462519884109,-0.082312487065792,0.0983265489339828,-0.2376643419265747,0.1591430008411407,-0.4425821006298065,-0.0801399499177932,-0.2665002346038818,-0.0309830289334058,0.0108848055824637,-0.0690804943442344,0.2679064273834228,0.2063704431056976,0.1932753026485443,0.1479707956314087,0.0076370746828615,0.1948626637458801,-0.1712042689323425,-0.0528566688299179,0.1627152562141418,-0.0894470736384391,0.1004108041524887,0.591101348400116,-0.2889629006385803,0.1374229490756988,0.5501917600631714,0.4750784933567047,0.1716260015964508,-0.0601437613368034,0.3185002207756042,0.8224498629570007,-0.557417631149292,-0.1149771809577941,0.1276140511035919,-0.5706307291984558,0.2014473527669906,-0.3595708608627319,0.2332155704498291,-0.2315685451030731,0.1064353063702583,0.0359065234661102,-0.1417602002620697,-0.3781137466430664,-0.3540096879005432,-0.0274864323437213,0.402396023273468,-0.6046552658081055,-0.3359215855598449,0.5048612952232361,-0.1393412053585052,0.3976526856422424,-0.1794541180133819,0.0227434691041708,0.1814790219068527,-0.1187740936875343,0.2268717288970947,-0.0903581604361534,-0.6762161254882812,0.0569993667304515,0.0246051810681819,-0.2300129532814026,-0.5120596289634705,0.1248785406351089,-0.4493535459041595,-0.1133277118206024,-0.2073936313390731,0.3074301481246948,0.0145306037738919,-0.1841437220573425,0.1837277859449386,-0.0620439946651458,-0.2285856008529663,-0.0833185613155365,-0.0128377340734004,-0.4649055302143097,0.2861506342887878,0.1150683984160423,0.1076434478163719,0.0551507472991943,0.1075687184929847,-0.1809568107128143,0.3812497854232788,-0.139119878411293,0.4462940990924835,0.2862721383571625,-0.2635545432567596,-0.2679628133773803,0.0520831122994422,-0.1249072924256324,0.0026477477513253,0.0267717316746711,0.2469020783901214,0.0302001107484102,0.3710814416408539,-0.1098586171865463,0.4699374139308929,0.0058718807995319,-0.0616717003285884,-0.2280991375446319,-0.1406721770763397,0.0704468786716461,-0.3091879487037658,-0.0072021726518869,-0.3812822103500366,0.1617260724306106,-0.0414503291249275,-0.5856931209564209,0.2547442615032196,-0.1138062626123428,0.4811491072177887,0.130574569106102,0.0783994868397712,-0.391741931438446,-0.5688015818595886,-0.0319120548665523,-0.2438270598649978,0.3643069565296173,0.0948860645294189,-0.1718646436929702,0.2716177403926849,0.3198012709617615,0.1311369985342025,0.7376388907432556,0.5044369697570801,-0.2001553475856781,0.7393048405647278,-0.4966245889663696,-0.0050921100191771,0.2593344748020172,-0.1624211370944976,-0.4992667436599731,0.4151813089847564,-0.1086982414126396,0.6080097556114197,0.1552628129720688,-0.3181414604187011,0.2967957556247711,0.8420257568359375,0.1295166760683059,0.7175630331039429,0.3213450014591217,0.4221847653388977,0.605125904083252,0.5966471433639526,-0.1656567007303238,0.5463995337486267,0.3133746683597564,-0.3287399113178253,0.2963298261165619,0.005749715026468,0.0374555811285972,0.5076952576637268,0.1681631803512573,-0.9266054034233092,-0.1957228630781173,0.1941849142313003,0.052257839590311,-0.4191427528858185,0.7755953073501587,0.0066946446895599,0.5302921533584595,0.2605101466178894,-0.0696816518902778,-0.184170588850975,-0.0372766554355621,-0.0098567195236682,0.2622301578521728,-0.4053263068199157,-0.5704964995384216,-0.1914510577917099,0.0944606438279151,0.0508277006447315,-0.4833554029464721,0.4180681705474853,0.3133998513221741,-0.036971129477024,-0.2730249464511871,-0.8953977227210999,-0.8142644166946411,-0.2519980072975158,-0.1531452983617782,0.2973617613315582,0.0147576453164219,0.0984799936413765,-0.2799798250198364,-0.3443861305713653,0.3409165143966675,0.0603276640176773,0.2964895069599151,-0.0570669658482074,-0.9990729689598083,0.0238197539001703,0.0489080734550952,-0.0346764251589775,0.1864619255065918,0.0158124044537544,0.2862429022789001,-0.5115312337875366,-0.2338037192821502,0.1353099048137664,0.1608468294143676,-0.2106554061174392,0.1547987461090088,0.5374172329902649,-0.066332496702671,-0.1900498867034912,-0.8293370604515076,0.2218030542135238,-0.0450445711612701,0.4054462313652038,-0.6599977016448975,0.6992177963256836,0.018104126676917,-0.002429557731375,0.5482659935951233,0.3278791010379791,0.1139019280672073,0.2349071204662323,-0.3641423285007477,0.3448559641838074,0.1526006162166595,-0.4325889348983764,-0.6531708836555481,-0.5379634499549866,-0.927617609500885,-0.3598898649215698,-0.0856102630496025,0.1103380993008613,0.4773735404014587,0.0974730402231216,0.2282249182462692,-0.4778967201709747,0.1223301813006401,-0.3653758764266968,-0.3753630220890045,-0.4723738431930542,-0.2525172531604767,0.0311940945684909,-0.1930955797433853,-0.2202931046485901,0.0085229333490133,-0.555094838142395,-0.7384956479072571,0.1608379185199737,0.0788786187767982,-0.3683903217315674,-0.4114533364772796,0.0641935840249061,-0.1213461458683013,-0.3295978009700775,-0.011258372105658,0.254391461610794,-0.3797242045402527,-0.0208807196468114,-0.6492891907691956,0.6138627529144287,-0.6307557225227356,-0.3399337232112884,-0.1044942960143089,0.0166841223835945,-0.1446605622768402,-0.4678792357444763,-0.1896993815898895,0.7635605931282043,0.2990688681602478,-0.138578861951828,-0.3641351163387298,-0.4979437291622162,-0.5783031582832336,0.4369446933269501,0.4176512956619262,0.1074473783373832,0.0878961756825447,0.402312695980072,0.5334050059318542,0.1978185474872589,0.2844682931900024,-0.1847484111785888,-0.2366843223571777,-0.2725338637828827,-0.1306344270706176,0.0627033412456512,0.4482207596302032,-0.305838406085968,-0.122567318379879,0.9938422441482544,-0.4593415260314941,-0.3654066920280456,0.7318883538246155,-0.0670155808329582,-1.3997195959091189,0.2089877426624298,0.4641358256340027,0.339649885892868,-0.481524795293808,0.7123547792434692,0.1878018230199813,0.5769309997558594,-0.2344101518392563,-0.4898486137390136,0.5672318339347839,-0.1247627809643745,-0.4136821627616882,0.4254004061222076,0.1543496400117874,-0.5032008290290833,-0.0087127489969134,-0.4590893089771271,-0.2126435190439224,0.4482419192790985,-0.1862764656543731,-0.0274078119546175,0.0112516330555081,-0.4013431370258331,-0.24400494992733,0.3090179860591888,-0.0148792658001184,-0.5374107956886292,-0.5534104108810425,-0.2894331514835357,0.3393507897853851,1.0581037998199463,0.144974336028099,0.6220086216926575,-0.4687284231185913,0.4528188407421112,0.3884975910186767,0.1073685884475708,0.5571797490119934,0.2764184772968292,-0.2424703538417816,-0.2158079594373703,0.5627112984657288,0.415305495262146,0.106074534356594,-0.0443860217928886,0.1336534172296524,0.0635653510689735,0.1826259046792984,-0.1055840924382209,0.6502776145935059,-0.141808420419693,0.3536523282527923,0.5146189332008362,0.2330994606018066,-0.0900570750236511,0.0781622529029846,-0.4576899111270904,0.1094290018081665,-0.8406364917755127,0.5045748353004456,-0.0283449869602918,-0.0218085329979658,-0.0520893447101116,-0.1031492948532104,-0.4371600151062011,-0.017949478700757,-0.1399894803762436,0.2675392627716064,-0.5081573128700256,-0.5338950753211975,0.1077740564942359,-0.0689213573932647,-0.283149242401123,0.171120136976242,0.3129028677940368,0.4287918210029602,-0.5326884388923645,-0.4094868898391723,0.7733538150787354,0.0162159632891416,-0.0072541129775345,0.5614296197891235,0.1175485625863075,-0.0760221034288406,-0.211329385638237,-0.4428883790969848,-0.2046450078487396,-0.7780249118804932,-0.3564236462116241,-0.4528417289257049,0.2160809636116027,0.2362763434648513,0.3225845992565155,-0.1116638481616973,-0.0470034219324588,0.0703728720545768,0.1373246610164642,-0.0632245987653732,-0.65218186378479,0.2310350388288498,-0.1592269390821457,0.5896809101104736,0.8067646026611328,0.1587326377630233,-0.2732491493225097,-0.1715768128633499,0.2116468995809555,0.2313543707132339,0.1230284571647644,-0.6485904455184937,0.0193797163665294,0.5927419066429138,-0.0951088666915893,-0.2243158966302871,0.1123715043067932,0.3114649355411529,0.461230456829071,-0.276660680770874,-0.382485032081604,-0.0353952907025814,0.3318245410919189,-0.0521954633295536,0.3872840106487274,0.0941041409969329,1.028633952140808,0.2518595159053802,-0.0752753987908363,0.2339671552181244,-0.3081791698932647,-0.0724743828177452,-0.2201147973537445,0.2931573987007141,0.1904922127723693,0.0927618965506553,0.5092480778694153,0.1100455299019813,-0.3637725114822387,-0.2760427296161651,-0.0828023701906204,0.3296189904212951,0.1685519069433212,0.0973466262221336,0.2866364419460296,-0.5149614810943604,-0.0037491263356059,-0.3459472954273224,-0.4577270150184631,-0.1330947428941726,0.1084762662649154,0.6005651950836182,0.1605362296104431,0.5439375638961792,-0.5331707000732422,-0.3257345259189605,-0.3711455166339874,-0.4540835320949554,-0.1340912729501724,-0.2620345950126648,0.2089841961860656,0.1866414099931717,0.1436269432306289,-0.4567202031612396,-0.3661319315433502,-0.0883623957633972,0.3650775253772735,0.0215740874409675,-1.0030871629714966,-0.4105854034423828,0.6311589479446411,-0.1848551332950592,-0.3698974549770355,0.1036599949002265,0.236632689833641,0.1726095229387283,-0.2160039544105529,-0.0213409829884767,-0.168961226940155,0.3041289746761322,-0.0161232110112905,0.4921342730522156,-0.09644266217947,-0.2044597864151001,-0.332964688539505,0.0566480383276939,-0.2578245103359222,-0.3340344727039337,-0.572498619556427,-0.3068805336952209,-0.0457549095153808,0.1794564574956894,0.1167832538485527,0.4510316550731659,-0.2446545511484146,0.4985246956348419,0.031571552157402,0.1467853039503097,-0.0906953960657119,0.2868809998035431,-0.2875887453556061,-0.1965115219354629,-0.1932107657194137,0.5326632857322693,0.2681797444820404,0.3176998496055603,-0.2003336399793625,-0.5330439209938049,-0.1281498223543167,-0.2392009794712066,-0.519485592842102,0.5827149152755737,0.0900339633226394,0.5456182360649109,-0.1836076378822326,0.2240788340568542,-0.1907528638839721,-0.0015128852101042,-0.3930225670337677,-0.1054306253790855,-0.1078258082270622,-0.8340499997138977,-0.186623215675354,-0.3212255537509918,-0.4420482516288757,0.5200933218002319,0.2669086158275604,-0.6013787388801575,-0.3170128464698791,0.1425212919712066,-0.034273512661457,-0.4507310092449188,-0.0893237888813018,-0.5125720500946045,0.1827784180641174,0.487899512052536,0.4282651841640472,0.4144729077816009,-0.2689167261123657,-0.6819618940353394,0.1487437039613723,0.7066802978515625,0.1276256442070007,0.2586115002632141,0.1338995993137359,-0.0630201920866966,0.0068775373511016,-0.3611669242382049,0.5995979905128479,0.3284713923931122,0.6112343668937683,-0.1593673080205917,0.5796571373939514,0.5704997777938843,-0.2039690464735031,0.27096688747406,0.9044501185417176,0.39722540974617,0.6367554068565369,-0.0577708259224891,0.036823458969593,-0.5470572113990784,0.2953176200389862,-0.2784082591533661,0.2505327463150024,0.2955975830554962,-0.3873145580291748,-0.0106711722910404,-0.4470608234405517,0.0582158118486404,0.3540639281272888,-0.2572919130325317,0.0640492439270019,-0.1530279666185379,-0.5277718901634216,0.3817476332187652,-0.158414676785469,-0.0710591152310371,0.1840384602546692,-0.0350280739367008,0.4537293612957001,0.528607189655304,0.2899109721183777,-0.0413019880652427,0.2188134342432022,-0.6566449999809265,0.0871488004922866,-0.4678245782852173,0.2556524276733398,0.8074514269828796,0.1066321358084678,-0.7058013081550598,0.1147244274616241,0.7123931646347046,-0.3560422956943512,0.0612720251083374,-1.0915507078170776,-0.1837315112352371,-0.1110924184322357,0.1160295903682708,0.1151471585035324,-0.1754621565341949,0.4969201385974884,-0.3079700171947479,-0.1208853498101234,-0.2617020308971405,0.7547056078910828,0.0675808936357498,-0.2036011964082718,-0.0834806710481643,0.0529114045202732,-0.0520556680858135,0.2553771734237671,0.0519331432878971,-0.4064322412014007,0.1175331100821495,-0.0400002636015415,-0.2948659062385559,-0.0202174540609121,0.4066607654094696,0.1878072172403335,0.0256806910037994,0.2268457561731338,-0.0400772243738174,-0.8691291809082031,-0.2082367241382599,0.3324902355670929,-0.942822277545929,-0.0735208243131637,-0.1429763734340667,-0.1136432737112045,0.3548907041549682,-0.1476150751113891,-0.3494469225406647,0.015733528882265,-0.295113205909729,-0.0524454191327095,-0.1219716221094131,-0.5856705904006958,-0.0685122907161712,0.2011014968156814,-0.0997806042432785,-1.0749133825302124,0.1433800905942917,0.1807161569595337,0.3349646627902984,0.0505462624132633,0.51595139503479,0.2372927665710449,0.0397394374012947,0.4213206768035888,-0.229931965470314,0.179247185587883,-10.382081985473633,-0.4448930025100708,-0.3652932643890381,-0.183305487036705,-0.3692849576473236,0.4921149015426636,0.6921905279159546,0.3035148084163666,-0.2524159848690033,0.4128586649894714,-0.3018664121627807,0.2482895404100418,0.1434746235609054,0.9373087286949158,-0.4286087155342102,-0.1827657520771026,0.3007826209068298,0.082112118601799,0.0640494301915168,0.3107931613922119,-0.2130162268877029,-0.4070342779159546,0.6020965576171875,0.0759041309356689,-0.0683071687817573,-0.3665779531002044,-0.2489219903945922,0.2341049611568451,-0.1814572066068649,0.1103604510426521,-0.6091642379760742,0.5347440242767334,0.1003084331750869,0.3639244735240936,-0.7448790669441223,-0.2301767915487289,-0.0891357064247131,0.2333881556987762,0.3847591280937195,0.5595882534980774,-0.0836476907134056,0.6774351000785828,0.2649302184581756,-0.4228098094463348,0.853337287902832,-0.2344857007265091,0.3338377773761749,0.5192164182662964,0.2750162482261657,0.1354071348905563,-0.1363216787576675,-0.6438022255897522,0.0042162416502833,-0.4347541332244873,-0.1330995559692382,-0.1422829777002334,0.3304428160190582,-0.6977059245109558,0.0330822952091693,-0.1127327904105186,0.4786390364170074,-0.273013710975647,0.6636946201324463,-0.0587224513292312,-0.3250734508037567,-0.1605715006589889,0.0656867250800132,0.6946278810501099,-0.5975626111030579,-0.2920809686183929,0.5590290427207947,-0.2730327248573303,0.2166372835636139,0.4055890440940857,-0.4609197080135345,0.2656212449073791,-0.1926836967468261,-0.177279993891716,1.1196138858795166,0.0746123492717742,0.4504166543483734,-0.0480197295546531,-0.4257279634475708,0.1747554093599319,-1.0736651420593262,0.4939015209674835,-0.1731966435909271,0.1242589876055717,0.3955589532852173,-0.4195772707462311,0.582466721534729,0.0015246457187458,-0.3316822946071625,0.1182079017162323,0.481196790933609,0.0666705295443534,0.4595232307910919,0.0795234888792038,0.923289954662323,0.1367945075035095,-1.0207934,-0.92976594,0.9768611,1.505241,-1.1456139,-0.07887022,-1.2879145,0.26024878,0.9122965,-0.9652647,1.0020123,0.13590714,-1.8077358,2.4710796,-1.293673,0.19367002,1.4634237,-0.82923484,-0.030968647,-0.6103629,0.8990263,0.13229984,0.5193367,-0.80662274,1.0573078,1.0712811,0.20495099,-0.37541157,-0.70168996,-0.14008693,-0.2856918,-0.5487393,-0.8350977,-0.7284309,0.3688955,-1.1904355,-1.0975189,1.3968734,0.3308827,-0.6188259,-0.7815379,1.1124803,-0.0042928383,-0.0015129354,-0.28836304,-0.13083471,1.9655913,-0.5591914,0.3420233,-0.5260545,-0.30231902,-0.17058018,0.5483389,1.0507716,0.17610925,-0.47172335,1.3889087,0.75382304,0.2579199,-0.238801,0.19787179,1.2274432,-1.0741117,0.023426741,0.7410222,0.86904347,0.23581544,-0.11526257,-0.042723216,-0.33576748,-2.5837474,-0.8668928,0.08987002,0.9934685,-1.7197702,0.5102325,0.12687486,-0.59468526,0.32541263,0.26443714,0.16110384,0.2830782,-0.8333763,1.3523581,-0.8172403,-0.48054215,-0.36238268,-0.12820266,-1.9047601,-0.40653223,0.035817035,-1.439141,-1.0906618,-1.2675109,1.046507,0.0024292283,-0.78540134,-0.31455714,-1.5350703,-0.04872468,0.31791985,1.2219405,0.23516394,-0.058644444,-0.8731171,0.11230706,-1.1046399,-0.91528493,-0.9426504,1.1177877,0.08908333,0.33213225,1.4107246,1.0767196,0.6950044,0.6098988,-0.5723856,-1.0847934,-0.31575102,-0.22652973,1.1439168,-0.16417252,-0.7359817,0.2616735,0.37830356,0.9439646,-0.021313384,-1.2153974,0.72174895,0.3655695,0.8264177,-0.3468532,1.6130733,0.60578585,-1.0866508,-0.22269514,-0.6340052,0.17981283,0.7697653,-0.06448415,-0.717049,-0.18380523,-0.20251185,-0.20985493,-0.06002392,-1.7342174,0.35752892,0.9995171,1.3778839,0.01901779,0.13334769,0.05584023,-1.0896899,0.9591461,0.99726605,-0.12596744,0.009760112,-0.022536665,-1.0624661,1.5760962,0.28016946,1.4259455,-1.0651217,0.44779742,0.6025514,0.7680264,-0.58030236,0.9179245,-1.1057621,-2.417979,-0.63179827,0.14929357,0.41287577,-0.37757897,1.2507969,0.088220336,0.75397444,0.5317209,-0.74902,0.117499,0.48461428,0.8765491,-0.12567252,1.2877245,-0.6004551,0.7595713,0.92393637,0.29844552,0.47703075,-0.32784376,0.83911073,0.13008548,0.51368934,0.77837104,1.2408427,2.5166254,0.5305103,-1.1952456,-1.4149787,0.67837155,-1.914576,0.1420486,0.65066975,-0.21667856,1.3765236,-0.95112073,-1.167145,2.002279,0.6401273,-0.14492062,-1.0932999,-1.4794292,0.9139602,0.6787976,-0.57537013,-0.006420791,-0.8893465,0.6077748,-0.32550204,0.03450317,0.65593576,0.19563642,0.30525106,1.7069365,-0.9476583,0.0035062153,0.50987905,0.5215399,0.18993178,0.7611817,-1.1454394,0.113870084,0.66695577,0.07457918,-0.36900523,0.11676475,-0.999089,0.7821846,-0.69808453,0.18911257,0.57068247,-1.027295,0.44706175,0.16711693,0.40456033,0.818901,1.9117863,0.42802456,-1.9552288,-0.016812742,0.043631434,0.7319833,0.22060886,0.24377759,1.0892867,0.8648842,-0.84996593,0.22271103,0.07962492,-0.48111877,0.11590912,0.6548054,-0.2825263,0.5475321,0.13962513,-0.2795813,-0.444142,-0.18521342,-0.17850387,-0.7684767,-0.7391194,-0.5942663,-1.2474015,0.62465984,-0.31880116,0.50874466,-0.9158577,-1.0733352,-0.71914434,0.076214515,0.25349802,-1.7228396,-0.86012167,0.02455365,-0.6386817,0.5590017,-0.19990036,-0.39305282,0.7203169,0.9793018,-1.541765,1.3084441,0.13761887,1.0438865,1.1520405,0.011016586,1.2392305,-0.6348292,1.3403184,-1.2833607,0.6793,0.95506704,-1.7650338,0.64408445,-0.08423224,-0.5917513,0.7441129,-1.2245729,-0.19926639,-1.0497897,0.11628583,0.021546036,-1.2066629,1.9929329,-1.5230246,1.5894656,-1.6440144,-0.46460295,-0.5205826,-0.15830836,-1.1251106,1.1893601,0.7008792,0.38362944,0.4856854,-0.16787294,-0.091144964,0.46140572,0.2540162,0.6713587,-0.4684189,1.2427443,-0.6090851,-1.5578369,0.1554218,1.0523599,-1.4347652,-1.7824607,-1.5768625,-0.43155196,1.1755209,-0.797499,0.10521554,1.05604,-0.50986546,0.4465083,-1.4096593,-0.60029685,0.09392667,-0.60004807,1.3169051,-0.08314436,1.7170175,-0.7672033,-0.08963597,1.180548,-1.754982,-0.70664644,-0.3637397,2.0841367,1.0394338,0.40776592,1.1558388,0.5795242,-0.7435054,-0.49350405,1.238025,-0.58492553,1.4719217,-0.18434456,-1.0154456,1.4812204,-0.19581828,0.99539316,-0.8765955,-0.4678204,1.9094782,-0.19981897,-0.41018173,-0.3553862,-0.41698253,0.37501848,0.3868072,0.13525988,-0.19586483,-0.40622658,0.9421092,0.6768192,-1.0712192,-0.8528139,-0.77667034,0.53675926,1.278965,1.5177484,1.7064061,-0.204624,-0.68119025,-1.7214444,0.44217864,1.582593,0.40838245,0.4554242,-1.4356658,0.09190883,0.098548055,-0.080248,-0.9509529,-1.9897158,1.6527326,0.935459,0.5774749,1.6965054,-1.0612652,-1.4870787,-0.5610863,0.29110813,0.1951556,-1.0271895,-0.8809616,1.0280199,-0.9673311,1.049063,0.45643046,0.11186698,0.34161836,0.0355386,1.1561792,0.47725427,-0.65290236,-0.24113119,0.011629488,0.6571084,-1.7210916,-0.3347698,-0.10774319,-2.0122013,1.1254796,-0.66289365,-0.7777052,-0.35572824,-0.7471738,-0.9207053,-0.7855049,0.38386127,-0.37500954,-0.65739936,-0.0019396069,-1.2286948,-2.238587,0.77429736,1.3653579,-1.034759,0.33231932,0.22904998,0.052708246,0.6370574,-0.73054755,-0.00908179,0.4531538,-0.40408728,-0.2560462,-0.7091781,-1.1852937,-0.41041613,0.30764043,-1.1299996,-1.2799526,1.244828,1.0275333,-1.7357793,-0.64848053,0.070574194,-0.43505663,1.2156601,0.28555635,0.23030002,0.15424502,-0.751834,-0.13615666,0.23976728,1.555923,0.20584866,-0.40364507,0.93880606,-0.31165332,0.64485925,1.7483208,0.37726864,0.42578688,1.0384556,0.27304542,-1.0398046,0.2971049,-0.4702708,-0.22895819,0.36472237,-1.0554364,-1.2571692,1.5422144,-0.9554215,-1.0684175,0.76764596,0.6153163,0.06243983,0.3235669,0.4956675,1.0483972,1.4930265,0.8447883,1.6589115,-0.47825328,-0.54900765,-0.5635353,0.47767887,-0.59197396,-1.0454342,0.35720184,0.6751029,1.5801051,-0.35866827,0.46585888,0.6679984,-0.8595659,-0.88083917,0.761312,0.17668146,-0.6098544,-0.66430676,0.10702038,-1.12875,0.08186272,-1.7457235,-0.13891706,0.4453131,0.42921394,-0.52658486,0.0499546,0.56950927,1.0500265,-1.2558949,0.3180541,0.53770417,1.4197193,-0.14181828,-0.7747117,0.03443353,-0.82639605,-0.94788456,-0.39033842,-0.9383168,-0.6714605,-0.25888595,-0.53664273,0.0798243,-1.2735164,-0.7873794,1.450162,0.10341486,-0.29322448,0.14362738,-1.3486086,1.7139373,-0.69594866,-0.13653688,1.2503,0.020296767,-1.0765603,0.26025167,-1.02047,0.012411714,-0.8370451,0.6404771,0.6966362,0.4093491,-0.47547126,1.1946802,-0.07724669,-0.3685285,0.3874672,0.06649959,-0.46006006,-0.14326204,-1.9162571,1.3742644,-1.2386518,-0.91460127,-0.04135385,0.3829053,-1.1951255,-0.46279573,-0.29970655,0.31277582,0.49010336,-1.2781131,0.9905133,1.289031,-0.43699247,-0.8640387,1.1628006,0.08931526,-0.046254084,-0.13530485,2.837334,0.31167448,1.0177737,-1.4482031,-0.41940603,0.49539697,-0.45176208,-0.86204576,-0.34539992,-0.3528912,0.3958435,0.54561055,-0.3889563,0.7629758,-1.5303943,0.07403382,1.4590493,-0.62316775,0.004040152,0.44768035,-0.26171803,-1.2476463,-1.3457887,0.71515614,0.7890524,-0.38762552,0.20314242,0.019184917,1.7524374,0.89295703,-0.13585272,-0.84024,0.6354676,1.0707371,0.34680334,-0.85051024,-1.4165461,0.57396847,1.4044132,-0.71450436,0.70157886,-0.386321,-0.48068988,-1.9869945,1.037489,0.37869987,-0.011664391,1.0980749,0.2483817,-0.21158852,0.48204178,0.13881259,0.32173043,-0.57524604,-0.11329986,0.006701924,-0.24485299,-0.8850367,-0.4172206,-0.6871285,0.005864635,0.23350997,0.95694053,-1.3882269,0.29314882,0.43199033,0.8998747,0.48378748,-0.23081712,-0.9143327,-0.58257055,-0.8792851,1.3505971,0.9775554,0.21908757,-1.8849487,0.12736413,0.70937246,0.10845839,-1.1766338,0.02600148,0.23006913,-0.6060695,-0.24048954,-0.97042954,-0.46091446,0.9734643,0.7839492,-0.9034419,0.88050765,-2.14133,0.85810995,0.12925866,-0.92932236,-0.020369336,-0.12292874,-0.8946141,1.649401,1.4987755,-0.00860858,-0.023318097,0.67436326,1.003367,-0.3394252,-0.5965014,-1.4060918,0.8864828,1.5421624,1.0286974,-1.3519932,-0.11173334,-0.029348567,-0.21326609,1.4710025,-0.98824847,-0.37890923,-0.5928537,-0.6611197,-0.92144555,-0.17558414,-0.5774505,-0.046516567,-0.9323439,0.3157912,-0.7078726,-0.33255893,0.4788922,-0.97648245,0.003113091,0.08712353,1.0148458,0.4012016,0.23570469,0.5393642,-0.806886,-0.21588942,-0.6409824,-0.4808691,0.8535272,-1.2292917,-0.2053421,0.5081923,0.88930297,2.3501968,0.20522639,-0.111748576,0.7076388,-0.113452196,0.06079191,0.08918413,-0.474584,-0.34182158,0.22240767,-0.21345505,0.3814507,-1.6925156,-0.16848604,0.0011170357,0.37031138,0.765024,0.4678937,0.046611622,0.31485957,1.5667313,0.56914896,-0.54988647,-1.0961728,-1.1541219,0.88301605,1.3160306,-0.8719916,-0.41441512,-1.4446188,0.150815,0.71020955,-0.5707762,0.43247527,0.13718316,-1.5468479,1.706271,-0.6326427,0.22976851,0.7321202,-0.25951183,0.1881291,-0.8427417,0.6332196,0.68942314,0.67596084,-0.9755242,0.6889694,1.000709,0.25006568,-0.7477748,-0.769965,-0.28591403,-0.37914506,-0.48511806,-0.90386176,-0.8664674,0.33918944,-1.220743,-0.8665677,1.3531768,0.26099235,-0.54370713,-0.73821044,0.42112532,-0.70641434,0.22825105,-0.6151397,-0.015780589,1.6294223,-0.11105606,0.71805954,-0.50402915,-0.1613606,-0.24952807,0.3608453,0.680456,0.8247075,0.29114664,0.66654754,0.7356114,0.10474333,-0.56797516,0.93401486,1.4892188,-1.0278432,0.26455182,1.0555192,1.2752652,0.3590795,-0.45425954,-0.745488,-0.7569791,-2.4412565,-0.50309265,0.08435249,1.1574647,-1.2294663,0.7672923,0.1883484,-0.15750861,0.11950057,0.29446176,0.14629096,0.50972533,-0.8740827,1.5695863,-0.2971485,-0.65617234,0.1841962,-0.38009188,-1.0111104,-0.19940864,0.42638585,-1.4639797,-1.719992,-1.399252,0.7316995,0.08745233,-0.9359313,-0.25273368,-1.4066327,0.41482818,0.10739478,0.6882439,-0.54439,0.06343599,-1.1428429,0.06631465,-0.9584372,-0.7086029,-0.5924857,0.820847,-0.27742973,0.5863732,0.5826506,0.90842396,0.80315065,1.1121466,-0.74637735,-0.93729854,-0.4221234,-0.12447512,0.9264875,-0.25098795,-1.0451508,0.16318697,0.03944013,1.108813,0.16204058,-0.65235114,0.6838471,-0.6053407,1.0901824,0.010881669,1.4760262,0.61228967,-0.73835045,-0.22044379,-1.0192078,0.58079827,-0.069328934,-0.59932494,-0.11522285,-0.3817649,-0.13071209,-0.1482587,-0.15663235,-1.5474062,0.2887162,0.8216374,0.9524453,0.16367584,0.22619134,-0.26099503,-0.5382247,0.6017155,0.64530665,-0.41490257,-0.08940277,0.58625126,-1.1585666,1.9032713,0.32046306,1.2711225,-0.78978103,0.46908516,0.32538086,0.3260925,-0.8098247,0.46015656,-0.8404179,-2.1907568,-0.4271961,0.32764795,0.080389395,-0.40288198,0.38646,-0.03658384,0.60938334,0.14263749,-0.741853,-0.50223976,0.10119896,0.80723494,-0.24144724,1.6586995,-0.70251536,0.7284192,0.4861301,0.49453396,0.26653254,0.3532076,0.7049873,-1.0719486,1.0760155,0.9806419,1.4886924,2.7093983,0.6233737,-1.6567695,-0.9253895,0.5593442,-1.8092139,0.21528737,0.69338495,-0.899322,1.5464538,-0.9519231,-1.1582898,1.7486005,0.74705654,0.20655447,-1.4684838,-1.2860893,0.35260847,0.97747016,-0.3624794,-0.29227403,-0.80756545,0.47320783,-0.42843193,-0.41476074,0.67951125,-0.15264836,0.52426106,1.8654428,-1.2090508,0.47905937,0.6875327,0.41603124,0.3080287,0.3903998,-1.4090018,0.40465784,0.7433989,-0.4490898,-0.5365274,0.32582775,-0.66967255,0.5984919,-0.20524818,0.10118678,-0.21904844,-0.22943586,-0.21416932,0.18332648,0.6788768,0.5296409,1.6672502,0.42970502,-1.6503752,-0.3049843,0.9098271,1.2781788,0.4121037,0.016292803,1.3989788,0.47958237,-0.4559376,-0.136701,-0.1701695,-0.19918269,-0.44934013,1.0792823,-0.30472893,0.74418944,0.44662598,-1.1452012,-0.8176095,0.1783107,0.07449594,-0.9105008,-0.75697094,-0.9710497,-1.5717722,0.37521762,-0.542009,-0.005711632,-1.2792871,-0.33968166,-1.0043652,0.045987725,0.6990096,-1.166266,-0.90106034,-0.29786614,-0.16746259,0.23750323,-0.7386329,0.005465122,0.6029674,0.80737936,-1.6744611,0.4438992,0.4035437,0.6337769,0.62942266,0.1138815,1.4206511,-0.5582956,0.78748626,-1.2873212,0.6644465,1.0636282,-1.8455808,1.0271431,-0.07715565,-0.16245751,0.7663991,-1.023926,-0.87485075,-0.7158669,0.4819904,0.05434658,-1.1625966,2.0401578,-1.5839486,0.97688866,-1.0429652,-0.019312574,-0.39429507,-0.18509914,-1.8845013,1.1716381,0.4007013,0.3873693,0.4775369,-0.41953337,0.078362055,0.28867304,0.6461085,0.7780588,-0.7706205,0.7453436,-0.873404,-1.449274,0.5374408,0.93011737,-1.2137218,-1.4294314,-1.4698821,-0.36233613,1.2706486,-0.4838303,0.34674895,0.83944964,0.01929259,0.831696,-0.5365883,-0.26306418,0.19921115,-0.3991377,1.4841236,0.32939425,1.3890703,-0.8208573,-0.72120243,1.1519023,-2.7275262,-0.5175877,-0.6332889,2.1644056,0.9639528,-0.19582891,0.27396172,0.6980429,-1.3108767,-0.4918846,0.86361057,-0.0016635689,1.466907,0.81501716,-0.6019746,1.4086481,0.014908797,0.5071275,-0.79860836,-0.78493994,1.6254684,0.014705982,-0.78362876,-0.51810825,-0.21810079,0.15618865,0.25748894,0.06357957,-0.2476427,-0.3780359,0.6722661,1.008734,-1.5711106,-0.9962615,-0.6825859,0.24133597,1.5028635,1.4461288,1.4932493,-0.3238503,-0.9224171,-1.9056451,-0.37266323,1.0447493,-0.052683506,0.45581067,-0.9930852,0.009540862,0.031481646,-0.26306584,-0.8564216,-1.4500127,1.7990423,0.316269,0.545977,1.9883158,-0.78613317,-1.1243759,-0.3991211,0.9940161,-0.026188668,-0.96380043,-0.5081733,1.0677496,-0.8117959,1.2312794,0.47914124,0.19412403,0.42723668,0.14505376,0.6488679,0.4416646,-0.66445404,-0.9530276,0.17703126,0.9369166,-1.6905215,-0.3573051,0.025218062,-2.049388,0.6181195,-0.17542209,-0.53614116,0.057609532,-0.8268683,-0.4936093,-0.72289705,-0.4125958,-1.1496309,-1.1129858,0.14061481,-1.0136954,-1.5935054,0.94282913,1.2693886,-1.6530012,0.70557,0.42639023,-0.09612662,0.77293456,0.03682418,-0.51672745,0.2680551,-0.15667602,0.08101508,-0.54988205,-1.1666958,-0.9823637,-0.0020484095,-1.5552652,-0.91640025,0.83150846,0.7371398,-1.386865,-0.5150949,-0.0820992,-0.927191,0.8273459,0.48173067,0.099218294,-0.045398034,-0.2659026,-0.4913355,0.41877463,1.2406856,0.2663852,0.15051256,0.5609981,0.46581045,0.15960035,1.801455,0.32396618,0.2340815,0.9861246,0.59413886,-1.0774436,0.32803693,-0.32937106,-0.22613621,0.4903439,-1.5556705,-1.0556722,1.8903605,-0.19888334,-1.3886323,-0.20481682,0.37289822,0.027106516,0.43617183,0.15444052,0.8059235,1.2204037,0.82421726,2.2330177,-0.39650643,-1.0262724,-0.53632706,0.22258049,-0.52416015,-0.71030545,1.0346099,0.7920759,2.454032,-0.84799695,0.16979243,0.8616944,-0.7170333,-1.3033402,0.43761343,0.27335805,-0.6267135,-0.44789302,0.7115262,-1.275229,-0.0625661,-1.5042243,-0.18838853,0.76046115,0.47673294,-0.63654274,-0.14851703,0.63346815,0.6001373,-1.0046859,0.33863533,1.394913,1.0376946,-0.1795911,-1.3164724,0.07600409,-0.6135175,-1.7986293,-0.11635092,-0.4444208,-0.38410416,-0.06213286,-0.28867915,0.087766446,-0.7602948,-0.6691119,1.157775,-0.078024015,0.12855168,-0.06397961,-0.6134934,1.7197595,-0.5173264,-0.19050182,0.69317025,0.6037959,-1.465137,0.47815847,-0.9170745,0.28976053,-0.62362844,0.08321281,0.81177276,1.0039684,-0.5746517,1.1270288,0.43267196,-0.43640712,0.28388456,0.64223176,0.56386566,0.41982904,-1.9400792,1.1062385,-1.6178863,-1.1796262,0.17875661,0.6638757,-0.31325766,-0.18451396,-0.50493973,0.61728245,0.5573865,-0.9479955,0.92183334,1.7524992,-0.46807384,-0.5474689,0.9585401,0.67571366,-0.49480268,-0.084779665,2.1520953,0.53668636,1.5932064,-0.9225682,-0.5428827,-0.18607229,-0.5367641,-0.593493,-0.42315787,-0.69780445,0.092610225,0.6474652,-0.4152823,0.701387,-1.4238486,0.20195542,1.3829695,-0.80790645,-0.26838663,0.5137361,-0.34393656,-1.3181695,-1.1259733,1.0396665,1.562029,-0.08421083,-0.1799328,0.20923936,1.3183775,0.6093732,-0.38547772,-0.5950183,0.37162682,1.0298562,0.8308265,-0.73843455,-1.1183739,0.7744574,1.4815761,-1.2546968,0.5853941,-0.7912918,-0.82847524,-1.7861724,1.255075,0.83441275,0.33803025,1.2653273,0.6511638,0.02449667,0.74465513,-0.42220116,-0.3474325,-0.05695133,-0.59702075,-0.08439502,-0.6794636,-0.568302,0.08438576,-1.0064702,-0.39119738,0.16140012,1.0638283,-1.3210311,0.11342425,-0.31197917,0.6062243,0.2647947,-0.38886547,-0.61443937,-0.022898806,-1.1953988,1.3350667,1.2081406,-0.20100519,-1.9024374,0.7258848,0.7922812,0.35518563,-0.63788724,0.6778698,0.5149181,-1.5298518,-0.48667574,-1.6141576,-0.8357961,0.3398437,1.5352806,-0.7216133,0.5600865,-1.4055285,0.8098615,0.24980696,-0.5774022,0.38873112,0.1440323,-0.6912064,2.1278996,1.1179411,0.25168335,0.088739954,0.9783891,1.3697623,0.1622743,-0.5607007,-1.3756592,0.6252164,0.9997579,0.40298504,-0.9011416,0.045160167,0.64379466,-0.18591131,1.686812,-0.38374493,-0.40543857,-0.861058,0.09476385,-0.34237105,-0.17901044,-0.6242307,-0.023940047,-1.3411026,0.32856572,-0.54851395,-0.24170464,0.28277403,-0.9919612,-0.16853157,0.076046646,1.3143802,1.0719053,0.60025966,0.932512,-0.26969388,-0.21489893,-0.96869534,-0.5743521,0.7930735,-1.2237406,0.18822026,0.3714128,0.8745249,1.8531431,0.65041214,-0.45648256,-0.13248718,-0.24236308,0.3121181,-0.012081023,-0.56096864,-0.24606922,-0.0053025284,0.16282266,-0.14079277,-1.2292053,-0.31566635,-0.19968891,0.7204971,0.31164372,0.37059012,0.08114863,0.45562914,1.4114805,0.30283344,-0.9466438,0.0
ア,-0.0856139063835144,0.3027404546737671,0.3669186234474182,-0.6814694404602051,0.3297995328903198,0.0454889684915542,0.2218133807182312,-0.7682287693023682,-0.337525725364685,-0.0522257834672927,1.1015594005584717,0.21847964823246,-0.3838752508163452,-0.2123934179544448,0.4367238879203796,-0.2453620135784149,0.151291087269783,0.0339847654104232,0.2916507422924042,0.3077291846275329,-0.0198747999966144,-0.4483415484428406,0.1574766635894775,0.0342278815805912,0.4344768822193146,-0.3807896077632904,0.2596921920776367,0.277812123298645,-0.0901101753115654,-0.418382465839386,-0.5254157781600952,-0.5096697211265564,-0.1325471997261047,-0.6819524168968201,-0.4685939848423004,0.0107640344649553,0.2776504755020141,-0.0930416360497474,0.3177529871463775,-0.6709012985229492,-0.0258810464292764,-0.4022252857685089,-0.5119713544845581,-0.0841182693839073,-0.3940987884998321,0.2902397811412811,0.1680556088685989,0.4933351874351501,0.3307696580886841,-0.0048175216652452,-0.4122669994831085,0.0157610233873128,0.1017496511340141,-0.1696304976940155,0.1771547049283981,0.2155973315238952,0.1425612270832061,-0.2156663239002227,0.4506300985813141,-0.4192211329936981,-0.4732643663883209,0.1266322433948516,0.2424083203077316,-0.0053489748388528,0.2184441089630127,-0.3285507559776306,0.011664749123156,-0.2459060996770858,0.0898685306310653,-0.367957592010498,0.1826595515012741,0.2818451821804046,-0.2510223090648651,-0.5608129501342773,0.7321783900260925,-0.2871097326278686,0.0477445535361766,-0.143804058432579,0.2274472415447235,-0.020731933414936,-0.3133662045001983,0.5591081380844116,0.0929709523916244,-0.5192418098449707,-0.3144702017307281,0.2690961062908172,-0.5870404839515686,-0.6552212834358215,0.2982183992862701,-0.2152017951011657,-0.0642039477825164,-0.1888232678174972,0.524567186832428,0.4599678516387939,0.104787141084671,-0.0882977992296218,-0.0037960440386086,-0.2575737535953522,-0.4024617373943329,-0.1435191631317138,-0.1770374178886413,0.0251689981669187,0.4502564668655395,0.0915600061416626,-0.1645906716585159,-0.1081444174051284,-0.2303445488214492,0.5037304759025574,0.0884097814559936,0.189898282289505,-0.3030393421649933,-0.8202350735664368,-0.7094288468360901,-0.1776950806379318,0.0302248001098632,0.1115284487605094,-0.2761096358299255,0.3878727555274963,-0.357310950756073,0.3065911829471588,-0.04073366522789,0.4781016111373901,-0.2276632040739059,-0.1253330558538437,0.1908073723316192,0.6556953191757202,0.3247171640396118,-0.1454037427902221,-0.1425369828939438,-0.2756772935390472,0.170531690120697,0.150956854224205,-0.4044359624385834,-0.0706731379032135,-0.1817051470279693,0.914120316505432,0.0794043615460395,0.3807477355003357,-0.0916137248277664,-0.5636758208274841,-0.1963259130716323,-0.097884677350521,0.5790955424308777,-0.0075780861079692,0.1149022057652473,0.0790247023105621,0.3837598860263824,-0.0720137953758239,0.4383000433444977,0.4623019695281982,0.1348514109849929,0.8788867592811584,-0.6416813135147095,-0.0762286856770515,-0.2149868011474609,0.0227942802011966,-0.7291058897972107,-0.0222765281796455,0.4027470052242279,0.365028977394104,0.5013270378112793,-0.4399566948413849,0.0837064683437347,0.2441413253545761,0.1861059963703155,0.5454878807067871,-0.1619824469089508,0.2750949263572693,-0.106398619711399,0.7183594107627869,0.0730761960148811,0.3485654592514038,-0.0114014437422156,-0.5475484132766724,0.5888687372207642,0.3476619124412536,-0.0014983146684244,0.4036338925361633,0.6390729546546936,-0.8608365058898926,-0.1630634218454361,-0.0024138942826539,0.5420492887496948,-0.4917925894260406,0.0388116985559463,-0.4088805615901947,0.2654132544994354,0.1941015571355819,0.0586227290332317,-0.1470868438482284,-0.0321618840098381,-0.2781600952148437,0.1543288826942443,-0.0750309005379676,-0.308155745267868,-0.2243717610836029,-0.0064981845207512,-0.1883794665336609,-0.3119659125804901,0.497898519039154,-0.0815924555063247,0.2136083841323852,-0.6059392094612122,-0.7477071285247803,-1.017161846160889,-0.1262583285570144,0.0917839109897613,0.2662659883499145,0.4821018874645233,0.0067471014335751,-0.1680448949337005,0.0056664091534912,-0.2292087525129318,0.5273276567459106,0.554585337638855,0.204365462064743,-0.2589863538742065,-0.7423521876335144,0.38294318318367,-0.531102180480957,-0.2911733984947204,0.1879910826683044,0.6033507585525513,-0.0818633809685707,-0.5234019160270691,0.2946403324604034,0.1698342114686966,0.4869667589664459,0.0103170061483979,-0.121270552277565,-0.082862302660942,-0.8574336171150208,-0.9366674423217772,0.2915417850017547,-0.7288577556610107,-0.6778222322463989,-0.4595890641212463,0.4077232182025909,0.0429260022938251,0.4980226159095764,0.0673874616622924,-0.1362004876136779,0.4045020639896393,-0.0472320355474948,-0.5267682075500488,0.4470455348491668,0.0994912013411521,0.1814153492450714,-0.2907597422599792,0.3204728364944458,-0.3431348204612732,-0.4207225143909454,0.1113549247384071,-0.0382795520126819,0.6311809420585632,0.148698553442955,0.4469347298145294,-0.2690635025501251,0.1970650255680084,-0.2401768118143081,-0.1353106349706649,-0.1485098153352737,0.0754585638642311,-0.0879444628953933,-0.4556084871292114,0.089862510561943,0.2827452719211578,-0.0855266377329826,-0.1343803256750106,-0.4571804702281952,0.2401769161224365,-0.354278564453125,-0.431633859872818,-0.2759344279766083,-0.1666730493307113,0.2099359929561615,-0.4169577956199646,0.378483384847641,-0.2725290060043335,0.4607349336147308,-0.5169234871864319,0.084285207092762,-0.5873465538024902,-0.4674749076366424,0.2966253459453583,0.0025495616719126,-0.4381645619869232,-0.3572318255901336,-0.6641461253166199,0.4181482791900635,0.0939948856830596,-0.1425417959690094,0.0431831516325473,0.0150386923924088,-0.4124026894569397,0.0636208802461624,0.2241096049547195,0.0481088161468505,0.176868051290512,0.2552404701709747,0.5832952857017517,0.1007370799779892,0.5877561569213867,0.0242017712444067,0.0464593023061752,-0.7676129937171936,-0.1248633936047554,0.0771990492939949,0.6010870337486267,0.0247266087681055,-0.2712713778018951,0.9447319507598876,-0.7489818334579468,0.2506592869758606,0.135953664779663,0.4367978274822235,-1.495098114013672,0.0131861278787255,0.5323179364204407,-0.102852925658226,-0.7471565008163452,0.507615327835083,0.3318352401256561,0.0962553545832634,0.3812122046947479,-0.7551214098930359,0.9609646797180176,0.5201231837272644,-0.5961398482322693,0.055946372449398,0.3235549032688141,-0.0374620072543621,0.2710722982883453,-0.3802798390388489,-0.0210356954485178,0.3326102793216705,-0.0191518235951662,-0.3097909092903137,-0.2349867671728134,-0.0641908943653106,-0.3764366805553436,0.343098908662796,0.1995296627283096,-0.375200092792511,-0.4525650441646576,-0.2488757073879242,0.1547404527664184,0.8061370253562927,0.1624395996332168,0.7064308524131775,-0.2729265689849853,-0.1511628478765487,0.3329023122787475,0.1862139850854873,0.200586125254631,0.2554939389228821,-0.3850463926792145,-0.3098820745944977,0.3347499370574951,0.361523687839508,-0.0870125144720077,0.1171239390969276,0.1528488099575042,-0.1038216799497604,-0.1192361637949943,0.2617770731449127,0.5363943576812744,0.0101695992052555,0.7225885987281799,0.2978831827640533,0.6406195163726807,0.0519015379250049,0.2849850058555603,-0.131650686264038,0.3701099157333374,-0.0969279333949089,0.1586082428693771,0.2921102046966553,-0.5577245354652405,0.2546379268169403,-0.6377057433128357,-0.3063184916973114,0.0936555936932563,-0.4703540205955505,0.0321178324520587,-0.7390668988227844,-0.5060668587684631,0.2078623622655868,-0.2981998920440674,-0.6957095861434937,0.0993551909923553,0.2616294622421264,0.2987187206745147,-0.4003962576389313,-0.2963419556617737,0.1060797646641731,-0.0992017313838005,0.2736355066299438,0.5419669151306152,0.3739855587482452,-0.4211066961288452,0.0448349602520465,-0.5181245803833008,0.0826670452952385,-0.6936141848564148,-0.2677217423915863,-0.383261501789093,0.2166045606136322,0.1889267563819885,0.2173978835344314,0.3023224771022796,-0.0229302309453487,0.0330198034644126,0.2850047647953033,-0.2990836501121521,-0.281243085861206,-0.5148267149925232,-0.0175399519503116,0.0418958887457847,0.4428507089614868,0.1682018488645553,0.5866345167160034,-0.1339980065822601,-0.2395052313804626,-0.0600530207157135,-0.1720217168331146,-0.2590292990207672,-0.4191882014274597,0.5925400257110596,-0.499119222164154,0.1709434390068054,-0.3449665307998657,-0.187651976943016,0.7561108469963074,0.0184494275599718,-0.0132108628749847,-0.059505246579647,0.3456156253814697,-0.3011727035045624,0.6628479957580566,0.3642479181289673,0.6270030736923218,0.1451016515493393,0.4626243114471435,-0.1140733361244201,-0.3321375250816345,0.3589320480823517,0.1941020041704177,0.0849796682596206,-0.3432146310806274,0.4538672864437103,0.3895861506462097,0.0667229741811752,0.1206237524747848,-0.2706039845943451,0.2271634489297866,0.1138120144605636,0.1516936123371124,0.4108890891075134,0.1357777267694473,0.0202523935586214,0.2243836969137191,-0.3030886650085449,0.0355454385280609,-0.1587322354316711,-0.5160024166107178,0.377168595790863,0.1297372281551361,0.7772848606109619,-0.0366578288376331,-0.261188268661499,-0.1236316189169883,-0.5132138729095459,0.1705398112535476,0.0174008160829544,0.3707364201545715,0.4563246667385101,0.1628561466932296,-0.1116420328617096,0.0956767052412033,-0.0192905161529779,0.3449758291244507,0.4003334045410156,-0.6949408054351807,-0.2756004333496094,0.2021989971399307,0.1372125744819641,-0.213618129491806,0.3501915037631988,0.4667990803718567,0.0365966372191906,-0.6706831455230713,-0.0283549297600984,0.2135851383209228,-0.190956562757492,-0.0238711647689342,0.5539764165878296,0.0950358137488365,-0.405080497264862,-0.4016071259975433,-0.1804321706295013,-0.4135344922542572,0.0312788821756839,-0.7740210294723511,-0.1334511786699295,-0.1441936492919922,-0.1230553463101387,0.4897973239421844,0.6757205724716187,-0.2647826075553894,-0.1075671389698982,0.3639577627182007,0.1243473663926124,-0.3407701849937439,-0.2133015990257263,0.2421049922704696,0.1120901480317115,-0.0788217633962631,0.7013234496116638,0.0939735770225524,0.0872932374477386,-0.2220110744237899,-0.8722997903823853,-0.014730448834598,-0.3312730193138122,-0.6715047955513,0.3998863995075226,0.4080919027328491,-0.0314026027917861,-0.3807874619960785,0.3784060776233673,-0.2508357465267181,-0.0321762450039386,0.1282819062471389,0.2927811741828918,-0.1931432634592056,-0.6320376992225647,0.4118500649929046,-0.5573554039001465,-0.3576346039772033,0.5555919408798218,-0.0108105493709445,-0.5605550408363342,-0.3962640464305877,0.851229190826416,-0.2707313895225525,-0.6966133117675781,0.0828655660152435,-0.3445452451705932,0.4075336158275604,0.2907710373401642,0.2497482150793075,0.022274138405919,0.1677732020616531,-0.413716971874237,0.0447412133216857,0.4016182124614715,0.4781183004379272,0.4185684621334076,0.2431076169013977,-0.2999022305011749,-0.538670003414154,-0.3861302733421325,0.4347203969955444,0.4657771587371826,0.4297874867916107,-0.1842806935310363,0.6433473825454712,0.2819212675094604,-0.5115679502487183,-0.0157107375562191,0.9061012864112854,0.3945044577121734,0.4955160915851593,-0.270964503288269,-0.2355446815490722,-0.677909255027771,-0.207214742898941,0.0564181804656982,0.2725779414176941,-0.0311586055904626,0.1176105588674545,0.1472197324037552,-0.4705656170845032,-0.0960212871432304,0.0489034317433834,-0.1840121895074844,-0.1390171200037002,0.2962432503700256,-0.2824493050575256,0.2175894975662231,0.0727496445178985,-0.3005633950233459,-0.0962504372000694,-0.0384004265069961,0.1655012667179107,0.609464168548584,0.0690211355686187,0.0684956908226013,0.0257181767374277,-1.0587345361709597,0.150069385766983,-0.2817899584770202,0.1275911182165146,0.5404627919197083,-0.519490122795105,-0.4473960995674133,0.328666627407074,0.4846559166908264,0.2469245195388794,-0.2345707416534423,-0.9530141353607178,0.2122749388217926,-0.0079317297786474,-0.214523583650589,-0.1398910731077194,-0.1838672757148742,0.2315277159214019,0.0112296110019087,-0.3765881061553955,-0.0346077308058738,0.5069069862365723,0.1984091401100158,-0.0176820587366819,0.080408751964569,0.0829249992966651,0.1034894734621048,0.1476490348577499,0.005312358494848,-0.3207653760910034,0.1423270553350448,0.0827370509505271,-0.4855303466320038,0.1020215451717376,0.0394010730087757,0.1468502134084701,0.0044049210846424,0.0008566012256778,-0.101568266749382,-0.4670957028865814,0.2221581041812896,0.219469204545021,-0.6907543540000916,-0.3250841796398163,0.1754711866378784,0.2456356734037399,-0.2818418741226196,-0.1994318962097168,-0.295501708984375,-0.3789374232292175,0.0264950059354305,0.4407698214054107,-0.2681363523006439,-0.6744655966758728,0.1905244588851928,0.2442562580108642,-0.3992340862751007,-1.166637897491455,0.1879546195268631,0.1051671355962753,0.5228317975997925,-0.1778111606836319,0.2212239801883697,-0.0271224975585937,0.0788793116807937,-0.3335884511470794,-0.263842225074768,0.319792091846466,-10.34687614440918,-0.2445392608642578,-0.2152682244777679,-0.7266621589660645,-0.3729481399059295,0.7426549196243286,1.0151541233062744,0.1852973997592926,0.1042854934930801,0.449742704629898,-0.6860103607177734,-0.1766230463981628,0.5951161980628967,0.4106066226959228,-0.2663106620311737,-0.1016802638769149,-0.0034668704029172,-0.6642150282859802,0.1795505881309509,0.0461170300841331,-0.1884900033473968,-0.0931667685508728,1.0089739561080933,0.1814356446266174,0.3416405618190765,-0.6264241337776184,-0.2708079218864441,0.0426549650728702,-0.210851788520813,0.6428093910217285,-0.3691954910755157,0.3577160835266113,0.1492209732532501,0.3231947720050812,-0.3287265300750732,-0.556796133518219,0.1716228127479553,0.5961347222328186,-0.3429210782051086,0.4705701172351837,0.297382116317749,0.4094527065753937,0.4124684333801269,-0.1971236616373062,0.3920187354087829,0.7915369868278503,0.2637537121772766,-0.0732133835554122,0.67416912317276,0.0325515978038311,0.0336727239191532,-0.3718256652355194,0.180881842970848,-0.263271689414978,-0.1677557080984115,-0.2328212261199951,0.8392091393470764,-0.6221082210540771,0.0651988238096237,-0.1922184824943542,0.4242686033248901,0.0085694994777441,1.3570562601089478,0.3057126998901367,-0.6723946928977966,0.0006032192613929,0.2600163221359253,0.2273668944835662,-0.6508893370628357,-0.2392389625310897,0.7525110244750977,-0.2999769449234009,0.0702338963747024,0.1679355651140213,-0.1011397689580917,0.2991359531879425,-0.4403969645500183,-0.2157640010118484,0.1890100389719009,0.0547618605196476,0.5515835881233215,0.2271581292152404,-0.1571376472711563,0.2889893352985382,-1.0425916910171509,-0.1088059842586517,0.5490337014198303,-0.0528628528118133,0.7630087733268738,-0.4418177008628845,0.4529827833175659,0.1560997813940048,-0.1359632760286331,0.0400149263441562,0.2365844845771789,0.1646502763032913,0.7445671558380127,0.0771074891090393,0.3301374018192291,-0.1209603250026702,-0.9405127,-0.5685399,1.169036,1.1763052,-0.89136213,-0.47196397,-1.5600642,0.5064229,1.0953351,-0.106963955,0.41659054,-0.17946747,-1.7481387,2.3965662,-0.47303647,0.41294977,1.1330136,-0.4571333,0.34663275,-0.41792455,0.5301616,0.5057682,0.91144884,-0.90856475,0.32817373,0.9600497,0.23061433,-0.028762056,-0.92864877,-1.1173842,0.43032432,-0.833468,-1.0734489,-0.3174785,0.17311576,-0.7544202,-0.91691154,1.1041116,0.26123857,-0.7422498,-1.0035064,0.29188856,0.5485522,-0.034519076,-0.30018976,0.60905784,1.9936804,-0.4268527,1.0696573,-0.29177448,-1.4606274,-0.6906554,0.5724803,0.8595935,0.5824695,-0.27682912,1.175589,1.0220059,0.13587484,-0.51340085,0.34341913,0.17981485,-0.90068454,-0.59658784,0.6918364,0.87842625,-0.71914226,-0.21654947,-0.6259758,-0.59742945,-2.4082656,-0.90670145,0.05448011,0.9600554,-1.0897944,0.5125217,0.18712957,-0.6315174,0.41670138,0.10615288,0.57191426,-0.22851129,-1.1863492,1.5558794,-0.9926639,-1.2109346,-0.27003384,-0.69784814,-0.7366243,0.065856,0.022561653,-1.8116199,-1.3346847,-1.4020212,1.0325639,-0.26118672,-0.9709986,-1.0116074,-1.0704005,0.09135946,0.32878163,0.7769105,0.3211936,-0.05589999,-1.1797367,0.08243815,-0.33301216,-0.6759944,-0.6249194,0.8627923,0.23039262,0.91111296,0.28396812,1.6202456,0.49623966,1.0696223,-0.9265339,-0.6014909,-0.5701516,0.22639653,1.0430391,0.41060424,-0.81518734,0.7172238,-0.015578002,0.875229,0.22889937,-0.879529,0.63642406,0.70651454,0.44644633,-0.7578076,2.194123,0.762435,-0.85354656,-0.38123184,-0.51840407,0.26002607,0.25280616,-0.90299565,-0.9474498,0.02152489,0.06070829,-0.048622217,0.50658214,-1.7222372,-0.11368317,0.8762922,1.2815778,-0.14207368,0.019656012,-0.25128058,-1.0679307,0.35143495,0.91469765,0.31418929,0.60688597,0.18845317,-0.8019248,0.917821,-0.038011216,1.3957402,-0.7497654,0.101371445,-0.08617891,1.1170448,-0.79277104,0.82737076,-0.95323807,-2.1079628,-0.10824969,0.16202,0.5103517,-0.13371015,0.26850265,-0.25536087,0.394893,0.29464144,-1.0267485,-0.272873,0.6051668,0.8737243,0.27873936,1.2032322,-0.37653083,0.7014445,0.6357158,-0.0071908855,0.12657584,0.23750731,1.0332965,-0.7826497,0.38045666,0.81872696,1.1112102,2.7735493,0.7516386,-1.4017866,-1.3737137,1.0326164,-1.9943154,-0.5172446,1.1304628,-1.0731907,1.4100084,-0.5324832,-0.7169895,1.5790927,0.18235295,-0.28186414,-1.4427321,-1.5500981,0.8558669,0.7310272,-0.8323027,-0.5836039,-0.8656651,0.17135933,-0.258097,-0.08909856,0.8346499,0.6410534,0.31363067,1.2494975,-1.3956918,0.2866028,0.29967788,0.30514798,0.35579774,0.38738722,-1.0155557,0.8589536,0.24173592,-0.40445253,-0.32781598,0.83859783,-0.1892334,0.8979177,0.050236315,0.10208744,0.44038138,-0.656894,-0.09452784,0.16528143,0.8321706,0.3996491,1.4085205,0.15102555,-1.3779825,-0.12793085,0.7313108,1.2555484,-0.053718183,0.39162725,0.7690379,1.3386562,-0.063480265,-0.1047367,-0.64757293,-0.9003814,0.09714316,0.5833203,0.6209446,0.17157641,0.3922893,-0.71895343,-1.0135142,0.23349063,-0.12214963,-0.7692992,-0.75159395,-0.90453804,-0.66340464,0.13420163,0.6234003,0.39945704,-0.41916016,-0.6928598,-1.1686736,0.06902047,0.75578034,-1.5585505,-0.5120832,-0.31711978,-1.1870611,0.4935538,-0.2200609,-0.18195686,0.17420769,0.7284648,-1.6344956,0.7543707,0.30191818,0.7527714,1.2391065,0.40904927,0.7783219,-0.7660042,0.6765388,-0.64782286,0.44936672,0.551536,-1.2256664,0.47490403,-0.21075848,-0.3255101,0.89157075,-1.214856,-0.80948347,-0.48986349,0.22253463,0.024670614,-0.9709621,2.0851018,-2.1117046,1.5266955,-1.3343581,-0.11981686,-0.9253746,-0.16732237,-1.2003826,0.7015043,0.11945051,-0.55058986,0.6626786,0.29349062,0.20132668,-0.05624215,0.4182739,0.8271605,-0.62514937,0.22879799,-0.4861494,-1.4269222,-0.024948597,0.19334865,-1.0662005,-1.8078959,-1.0485257,-0.18070255,0.34324265,0.25085655,-0.10211021,1.0603253,0.2512452,0.65713996,-0.84364396,-0.399838,-0.12950246,-0.46419805,1.1707687,-0.46081468,1.0257628,-0.80361426,-0.5690745,0.6083452,-1.7762688,0.11188104,-0.7126525,2.086025,0.66657776,0.05900423,0.3147827,0.53662574,-0.6567343,-0.59180063,0.9278666,0.035485383,2.011151,0.58640844,-0.8081298,1.4287056,-0.23047101,0.31571937,-0.4032083,-0.1501839,2.0170825,0.2704849,-0.42538482,-0.16872951,-0.07205545,-0.24931507,0.29165813,0.31273633,-0.04008172,-0.06325565,0.44527024,0.5997628,-0.7060959,-1.3189366,-0.5169911,0.5795988,1.6022892,1.1398026,0.9957658,-0.07143215,-0.873895,-1.6366634,0.46450084,1.2372504,0.6326085,0.48783493,-1.6281719,-0.4356089,0.4639988,0.6507703,-1.4166135,-1.7283219,1.6533701,0.07222092,0.35572752,1.5231725,-0.28145662,-1.4677833,-0.426287,0.8053198,-0.33814314,-0.8309733,-0.38273212,1.1766756,-0.69768816,1.3423736,0.84489506,0.32243258,-0.12504202,-0.71558523,0.50754786,0.47700006,-0.5877418,-0.6286801,-0.019927513,0.68588156,-1.1910477,-0.45729223,0.5808777,-2.91227,0.34540445,-0.5734783,-0.5783262,-0.054685805,-0.67300475,-0.8922311,-0.47382545,-0.28344527,-1.2055277,-0.94402075,-0.14317559,-0.90187943,-1.8023428,0.88179386,1.3084995,-0.9557802,0.7552413,0.3068994,0.033735964,0.679902,0.22235836,-0.53242743,0.29556125,-0.72626543,-0.6665722,0.0004950677,-1.1426271,-0.24589348,0.68943274,-1.7757586,-1.310686,0.5184539,0.6086096,-1.5750839,-1.0666323,0.109325886,-0.4154025,0.69835347,0.8004127,-0.38846844,0.0131835425,-0.5595997,-0.08298349,0.096264906,0.8684241,-0.31109878,0.012428944,0.5932239,-0.08122033,0.5291678,1.5873932,0.27289954,0.93097305,1.1466496,-0.047928315,-0.2826728,0.4959645,-0.36543575,-0.4123797,0.42360434,-1.7192982,-0.76142704,1.0011961,-0.10162274,-1.2002059,-0.24988018,0.5967694,-0.23990308,0.16057526,0.46290833,1.4441892,1.4162071,0.9189263,1.6190282,-0.5851542,-0.5991117,-0.90087116,-0.045776784,-0.52726614,-0.7395005,0.25302956,1.2313672,2.1507344,-0.6636561,0.003843035,0.6841885,-0.6112587,-0.9591469,0.13359454,0.3539021,-1.1179116,-0.22541854,0.38173625,-0.8990715,0.4099222,-2.1191957,-0.5746891,0.25983942,0.7899629,-0.56427616,0.1493765,0.3481891,0.22998884,-0.919571,0.5132769,1.4371711,1.5671114,-0.32412273,-0.8827458,0.60879374,-0.6941761,-1.3554891,0.3925322,-0.8162758,-0.9284887,-0.02044037,-0.25050807,-0.13666034,-0.9029195,-0.7261602,1.9244692,0.18601464,-0.24826789,0.04374581,-1.0391035,1.4265196,-0.6437394,-0.61765945,1.5856744,1.3928099,-1.7362576,0.18654999,-1.4174211,0.2897403,-0.73908967,0.7858032,1.143877,0.55013573,-0.0603684,1.564243,-0.11054726,-0.69699764,-0.13975556,0.85481876,-0.44909352,0.5773054,-1.9836605,1.2427684,-0.8689272,-0.83109677,-0.078783266,0.33919573,-0.5172767,-0.10527607,-0.37724075,0.2212507,0.47209388,-0.66235524,1.1704942,1.7020656,-0.21605833,-1.0396731,0.5101468,0.37747806,-0.38403812,-0.24176855,2.4455311,0.29123765,0.7160888,-0.70429856,-0.62618506,0.4166501,-0.06394404,-0.9098319,-0.42071566,-0.7972447,0.29955083,0.34646457,-0.57317966,1.3101003,-1.1264004,0.28474343,1.10957,-0.47116557,0.24938662,0.48250404,-0.26519442,-1.0851892,-1.2362739,0.63538563,0.44484282,-0.55670553,0.1971091,1.0007666,1.3181404,0.5975935,-0.57042044,-0.6804886,0.5018521,0.63153136,1.0445049,-0.53326607,-1.11025,0.8303906,1.3463719,-0.45140794,0.86886823,0.0127977645,-0.3535823,-1.8851792,1.0608176,0.47215405,0.08254592,0.7323699,0.26408365,-0.19593672,0.7851529,-0.24810204,0.4264806,0.43575525,-0.8865043,-0.21131575,-0.18832281,-0.9273203,0.51456916,-0.73305607,-0.21306928,-0.4058926,0.81765896,-1.294067,0.689452,0.01996226,1.043645,0.70447826,0.2273394,-1.0624266,-0.58357626,-0.6768355,1.5242522,0.64661777,-0.18780434,-1.4262438,-0.0967551,0.6615326,0.92955047,-0.31892687,0.028435145,0.34269565,-0.41135296,-0.1937515,-0.90665925,-0.51382756,0.14754036,0.77974576,-0.69547635,1.3433218,-1.5893189,0.6352061,0.00027495544,-1.0767133,0.37360534,0.34991592,-0.50012684,2.070246,0.7633355,-0.14651504,-0.21253136,0.67055005,0.8496598,-0.09404305,-0.628364,-1.0405322,0.88506985,1.4654833,0.2581843,-1.0167423,-0.09799194,-0.004089347,0.039011892,1.5836076,-0.8518366,-0.62707037,-0.45398018,-0.27445245,-1.4964361,-0.51179665,-0.7541024,0.12745085,-1.0426254,0.6660458,-0.6650281,-0.59090966,0.6650993,-0.77512217,0.19666052,0.058074746,1.1048874,0.4800313,0.8572393,0.5409192,-0.49548736,0.18267433,-0.8523409,-0.75860196,0.5460598,-0.7165163,0.3060749,0.4572168,0.85102946,1.4578694,0.31773037,-1.0468554,0.019194355,0.5844895,0.088829175,-0.22462197,-0.4494029,-0.6015249,0.13241293,0.20461158,0.84981984,-1.3316011,-0.31848112,-0.212474,0.39202622,0.38023385,0.48682705,0.2743668,0.5597855,1.3753711,0.5711235,-0.44020218,-1.2375021,-1.2938042,0.88500893,2.0453084,-0.81906724,0.06005303,-1.3458805,0.10207482,1.3432782,-0.90924,0.17049009,0.31152087,-1.8253512,2.216905,-0.986265,0.3749359,0.8465202,-0.30915067,0.379042,-0.74248683,0.6191239,0.32039312,1.1356643,-1.1520759,0.43159977,0.9689903,-0.032096654,-0.844269,-1.0450892,-0.84834474,-0.236732,-0.97487783,-1.017108,-0.88158834,-0.23075195,-1.4489546,-0.9375317,1.3759414,0.19772908,-0.30486673,-0.64570016,0.78600216,-0.9552796,0.46216562,-0.5073655,-0.26573926,2.3948488,-0.3093364,0.85613924,-0.25641426,-0.524739,0.20043021,0.33191785,0.48548895,0.46860808,0.13805443,0.952448,0.8509673,0.023111962,-0.38715494,0.38384354,0.98334825,-0.9519383,0.17773278,0.7366496,1.0166805,0.38869324,-0.59230405,-0.7982715,-0.73800504,-2.0870667,-0.6868468,0.8375154,1.0974065,-1.1420351,1.1732136,0.00038170815,-0.24094036,0.14264861,0.44685858,-0.29015318,0.5542174,-1.2077608,1.4196258,-0.13636091,-0.55189973,0.4217112,-0.54072124,-0.8485384,-0.36905438,0.2540522,-1.178872,-1.9390547,-1.075379,0.674746,0.42247897,-0.85300493,-0.53814363,-1.3877201,0.12597299,-0.0135771865,0.9005199,-0.48442808,-0.14285415,-1.041685,-0.14733516,-0.8142859,-0.45189905,-0.606738,1.0010587,-0.47365206,0.7143444,0.4246152,1.4786657,0.65735954,0.35186866,-0.8988565,-0.78410226,-0.98002565,-0.11157927,0.6983553,-0.022166677,-1.3087585,0.31467295,-0.08260335,1.4270866,0.012920864,-0.8389154,0.7860736,-0.35188678,0.9155619,-0.39470482,1.4545972,0.3064433,-0.90222406,-0.10817315,-0.33329347,0.51322365,-0.56408465,-0.28090712,-0.48936194,-0.21551186,-0.14401649,0.24482346,-0.055419765,-1.8367326,0.24802455,0.22047004,1.1499612,0.55474085,0.46044758,-0.40459755,-0.4439688,0.91657543,0.5365696,-0.3253681,0.20659392,0.63687783,-1.6064745,1.5653765,0.6325573,1.273625,-1.2769839,0.67702895,0.39188892,0.50350875,-1.0539597,0.56580925,-0.884942,-1.8107188,-0.23139155,-0.2156005,0.56886876,-0.5056882,0.5253881,0.37740925,0.2679732,0.0047230646,-1.0133325,-0.30711752,-0.006600529,0.6907892,0.15540192,1.6790407,-0.7977012,0.15811586,0.8983433,0.2731304,0.46881285,0.61388594,0.8124956,-0.6922335,1.1145093,1.319808,1.2455218,2.8819542,1.1246336,-1.5244699,-1.2065089,0.7760182,-1.6848588,-0.039063632,0.62853146,-0.6147216,1.4378152,-0.84162486,-0.74126047,2.0618067,0.94124293,0.28159326,-0.94187224,-0.93129224,0.928568,0.7245023,-0.4646204,-0.13472936,-0.54674447,0.04241835,-0.056828048,-0.49045452,0.36927977,0.09858989,0.874299,1.6562555,-1.4737605,0.5129772,0.7156313,-0.011781648,0.32822603,0.5244182,-1.3383483,0.08151257,0.30977187,0.02166345,-0.90289634,0.25602075,-0.34271508,0.90921295,-0.5156677,-0.34357455,0.4264003,-0.7130549,0.08420433,0.13786164,0.4838838,0.005119183,1.6840534,0.76259893,-1.0646996,-0.41655752,0.47168192,0.9690377,0.18145251,-0.27706555,0.7939143,0.50853765,-0.5070524,-0.3920522,-0.35966676,-0.2676333,-0.22046146,1.0025185,-0.43756056,0.965996,0.46152434,-1.1336548,-0.7289742,0.13346684,0.09088915,-1.1862999,-0.8965634,-0.9655908,-1.4949121,0.37987822,-0.65665984,-0.23796405,-1.2117195,-0.738524,-1.4708968,0.34003323,1.047504,-1.6620684,-1.0632594,-0.3329162,-0.18805405,0.47103345,-0.7400159,0.18543531,0.852003,0.40503955,-2.2493932,0.91141886,0.5306524,0.4481117,0.41984075,0.29307792,1.4701688,-0.21653117,0.8042985,-1.1319798,0.79049283,0.77985483,-1.5940598,0.56320775,-0.26691115,-0.4626844,0.7475186,-1.0585642,-0.15551622,-0.724421,0.130402,0.24420556,-0.8437939,2.008838,-1.7332631,0.6994413,-0.9965751,-0.6819008,-0.650566,-0.24378176,-1.4757146,1.1381552,0.5627388,0.1506927,0.605244,-0.08791153,0.06919149,0.6080242,0.7253586,0.86678684,-0.39691955,0.47619992,-0.7597983,-1.8880804,0.42752036,0.7414466,-1.2250195,-1.4982755,-1.2369611,-0.76497245,0.9472293,-0.87859416,0.12186603,0.5742861,-0.67815053,0.94856405,-0.15948349,-0.09196435,0.35198587,-0.3957369,0.95223445,-0.010633767,1.8235993,-0.85291934,-0.03625548,1.0852555,-1.9389951,-0.16968141,-0.32611433,2.4434357,0.45999524,0.44107345,0.15169504,0.18690869,-0.9274815,-0.39648628,0.70172566,-0.22130588,1.4694574,0.83621824,-0.34013137,1.5909848,0.41775793,0.95664847,-0.8801625,-0.6340513,1.9826387,-0.33076152,-0.8869769,-0.23627041,-0.3647099,0.4784029,0.13333273,0.5202048,-0.38176006,-0.59388304,1.0448154,0.749021,-1.7759482,-0.6966323,-0.9247637,-0.05020807,1.092586,1.2026738,1.7012134,-0.61134666,-1.145076,-2.1564643,-0.31680834,1.4936608,-0.0067996085,0.19303386,-1.3120427,0.16009301,0.655549,-0.01466481,-0.7380363,-1.8954097,1.6542232,-0.32421172,0.14017165,1.6980498,-0.5303886,-1.411681,-0.0072141215,1.1200511,0.29014024,-0.7760171,-0.768876,1.127403,-0.31581974,1.8863127,0.9395956,0.35790148,1.0866323,0.114738494,0.8964707,0.74301684,-0.76616836,-0.7450881,-0.16327827,0.9749143,-2.0087297,-0.75563776,0.37273467,-2.008094,0.99455,-0.7214159,0.06806745,-0.20082514,-0.46935272,-0.22798625,-0.44210646,-0.46432182,-0.9562179,-0.81870985,0.19683738,-0.54992425,-1.7033939,1.6751211,1.0850266,-1.7174184,0.73146844,0.23601812,-0.12155612,0.61943114,-0.33118474,-0.47018623,0.6872922,-0.013662182,0.30280706,-0.40935862,-0.9226985,-0.4716376,-0.1205309,-1.1833127,-0.96778077,0.8012042,1.3722023,-1.4631453,-0.6914007,-0.2329848,-0.52244186,0.5158552,0.82890296,0.44722286,0.25598308,-0.53416014,-0.42322797,-0.29885256,1.0386826,-0.58075356,-0.44115356,0.44165844,0.0855375,0.34011307,2.0834131,0.5603405,0.57221794,0.65024745,0.40694356,-0.36725414,0.26688176,0.0390627,-0.3852052,0.6023483,-1.8924924,-0.8563248,1.3401669,-0.39571464,-0.9619963,-0.27897754,0.44449246,0.21103543,0.4490693,0.04467055,0.7444938,1.2360747,1.2916499,2.152028,-0.27864224,-0.7105813,-0.81966615,-0.024350323,-0.8279159,-0.49366212,0.9407054,0.56683004,2.5827484,-0.05039069,0.5460519,0.3966257,-1.0548855,-0.35462895,0.24817003,0.7148778,-0.8861012,-0.34252974,0.74889445,-0.56036276,0.1329011,-1.4770527,0.13337363,0.30639014,0.07165539,-0.62827456,-0.42047733,0.07939735,0.49958763,-1.1636851,0.9301182,0.78270334,0.6922725,0.24001656,-0.6579403,0.23539001,-0.42802805,-2.1708856,-0.59359777,-0.10770622,-0.20220849,0.035254598,-0.079391465,-0.16575359,-1.2158496,-0.90133685,1.4120802,-0.08791279,0.51246244,0.11235127,-0.36687613,1.3087826,-0.80754113,-1.0042083,1.0119188,0.970626,-1.9403807,0.12288425,-1.180035,0.7424266,-0.72466326,0.6577623,1.1370764,0.81906426,-0.6945423,1.2647163,0.30086765,-0.6654792,0.46481362,0.8516319,0.13418923,0.53117746,-1.9684124,0.7498551,-1.4455507,-0.9674544,0.181443,1.1491395,-0.5187735,0.12592071,-0.32967326,0.13515894,0.4659695,-0.7935556,0.99455476,1.963984,-0.8081773,-0.5172582,0.71402043,0.23383056,-0.9284841,-0.2779475,2.5752194,1.1066974,1.125066,-0.83986735,-0.59556377,0.20539074,-0.0059739724,-0.7599804,-0.1377649,-1.191237,-0.24753958,0.47140568,-0.34448943,0.60815156,-1.2711835,-0.3442666,1.513482,-0.48096555,0.062276103,0.42729372,0.44555396,-1.5533811,-1.2625444,0.5402687,0.93615824,-0.20372392,-0.36380753,0.4593308,1.4679185,0.3894841,-0.5862222,-0.45453644,0.4245353,0.8175589,0.5274227,-0.5019226,-1.118192,0.85551447,1.2662224,-1.6786592,1.0392799,-0.56137264,-1.003218,-1.8301209,1.2151589,0.36012453,0.036438435,1.0043164,0.706517,0.08846589,0.6777039,-0.8990377,-0.23836909,-0.52843356,-0.5157956,0.085906744,-0.054368824,-0.29846376,-0.05259694,-0.5007082,-0.50565404,-0.33435968,1.0703386,-0.34730297,0.029936783,-0.50775665,0.38136727,-0.014484972,-0.37271,-0.7749884,-0.09382037,-0.65572196,1.6272463,0.9169523,-0.06609823,-1.6454737,0.3044984,0.19420698,0.83702934,-0.7427475,0.080304846,0.22174813,-0.8110281,-0.6059292,-1.5988246,-0.84830284,0.27652973,1.5546808,-0.7096108,0.8653184,-1.2797136,0.8117755,0.11484968,-1.2296462,0.39043704,-0.26852703,-0.41991472,2.0827467,1.0665622,0.30432528,-0.15985708,1.0145946,1.0561862,-0.010329992,-0.55684316,-1.4435256,0.9753461,1.2222049,0.58121467,-1.323992,-0.27097085,0.58879274,-0.23169395,1.0902506,-1.0939894,-0.8918445,-0.9168075,-0.061014004,-0.4553985,-0.3169961,-0.1947353,-0.0914118,-1.065713,0.2594874,-1.3757861,-0.83113134,0.111103415,-1.3352867,0.0045996606,0.29983667,2.0312552,0.8585094,0.8047049,0.5239236,-0.94568264,-0.2682675,-0.95124304,-0.72404665,1.1403698,-0.6667454,-0.18417133,0.50185657,1.1663437,1.815652,0.81111854,-0.85168076,-0.6324899,0.24863598,0.19464079,0.27194747,-0.74733734,-0.53877366,-0.33162457,0.39107877,-0.047201887,-1.3028533,-0.08689106,-0.07105964,1.1545492,0.5547588,0.7890188,0.28753194,0.39077112,1.3783576,1.1347657,-0.53302836,1.0
ン,0.0031761368736624,-0.0607978403568267,0.0868006199598312,-0.661807656288147,0.0111189065501093,0.3265124261379242,0.1916644126176834,-0.4045667350292206,-0.4292081892490387,-0.4083045125007629,0.5463610291481018,0.2070582807064056,-0.3826923966407776,0.0625517517328262,0.7951143980026245,-0.442884236574173,0.3125962615013122,0.3438512980937958,-0.0523972958326339,0.0517843142151832,0.0978624746203422,-0.5571790337562561,-0.2747199833393097,0.0472691729664802,-0.0459600277245044,-0.3686332702636719,0.2244462519884109,-0.082312487065792,0.0983265489339828,-0.2376643419265747,0.1591430008411407,-0.4425821006298065,-0.0801399499177932,-0.2665002346038818,-0.0309830289334058,0.0108848055824637,-0.0690804943442344,0.2679064273834228,0.2063704431056976,0.1932753026485443,0.1479707956314087,0.0076370746828615,0.1948626637458801,-0.1712042689323425,-0.0528566688299179,0.1627152562141418,-0.0894470736384391,0.1004108041524887,0.591101348400116,-0.2889629006385803,0.1374229490756988,0.5501917600631714,0.4750784933567047,0.1716260015964508,-0.0601437613368034,0.3185002207756042,0.8224498629570007,-0.557417631149292,-0.1149771809577941,0.1276140511035919,-0.5706307291984558,0.2014473527669906,-0.3595708608627319,0.2332155704498291,-0.2315685451030731,0.1064353063702583,0.0359065234661102,-0.1417602002620697,-0.3781137466430664,-0.3540096879005432,-0.0274864323437213,0.402396023273468,-0.6046552658081055,-0.3359215855598449,0.5048612952232361,-0.1393412053585052,0.3976526856422424,-0.1794541180133819,0.0227434691041708,0.1814790219068527,-0.1187740936875343,0.2268717288970947,-0.0903581604361534,-0.6762161254882812,0.0569993667304515,0.0246051810681819,-0.2300129532814026,-0.5120596289634705,0.1248785406351089,-0.4493535459041595,-0.1133277118206024,-0.2073936313390731,0.3074301481246948,0.0145306037738919,-0.1841437220573425,0.1837277859449386,-0.0620439946651458,-0.2285856008529663,-0.0833185613155365,-0.0128377340734004,-0.4649055302143097,0.2861506342887878,0.1150683984160423,0.1076434478163719,0.0551507472991943,0.1075687184929847,-0.1809568107128143,0.3812497854232788,-0.139119878411293,0.4462940990924835,0.2862721383571625,-0.2635545432567596,-0.2679628133773803,0.0520831122994422,-0.1249072924256324,0.0026477477513253,0.0267717316746711,0.2469020783901214,0.0302001107484102,0.3710814416408539,-0.1098586171865463,0.4699374139308929,0.0058718807995319,-0.0616717003285884,-0.2280991375446319,-0.1406721770763397,0.0704468786716461,-0.3091879487037658,-0.0072021726518869,-0.3812822103500366,0.1617260724306106,-0.0414503291249275,-0.5856931209564209,0.2547442615032196,-0.1138062626123428,0.4811491072177887,0.130574569106102,0.0783994868397712,-0.391741931438446,-0.5688015818595886,-0.0319120548665523,-0.2438270598649978,0.3643069565296173,0.0948860645294189,-0.1718646436929702,0.2716177403926849,0.3198012709617615,0.1311369985342025,0.7376388907432556,0.5044369697570801,-0.2001553475856781,0.7393048405647278,-0.4966245889663696,-0.0050921100191771,0.2593344748020172,-0.1624211370944976,-0.4992667436599731,0.4151813089847564,-0.1086982414126396,0.6080097556114197,0.1552628129720688,-0.3181414604187011,0.2967957556247711,0.8420257568359375,0.1295166760683059,0.7175630331039429,0.3213450014591217,0.4221847653388977,0.605125904083252,0.5966471433639526,-0.1656567007303238,0.5463995337486267,0.3133746683597564,-0.3287399113178253,0.2963298261165619,0.005749715026468,0.0374555811285972,0.5076952576637268,0.1681631803512573,-0.9266054034233092,-0.1957228630781173,0.1941849142313003,0.052257839590311,-0.4191427528858185,0.7755953073501587,0.0066946446895599,0.5302921533584595,0.2605101466178894,-0.0696816518902778,-0.184170588850975,-0.0372766554355621,-0.0098567195236682,0.2622301578521728,-0.4053263068199157,-0.5704964995384216,-0.1914510577917099,0.0944606438279151,0.0508277006447315,-0.4833554029464721,0.4180681705474853,0.3133998513221741,-0.036971129477024,-0.2730249464511871,-0.8953977227210999,-0.8142644166946411,-0.2519980072975158,-0.1531452983617782,0.2973617613315582,0.0147576453164219,0.0984799936413765,-0.2799798250198364,-0.3443861305713653,0.3409165143966675,0.0603276640176773,0.2964895069599151,-0.0570669658482074,-0.9990729689598083,0.0238197539001703,0.0489080734550952,-0.0346764251589775,0.1864619255065918,0.0158124044537544,0.2862429022789001,-0.5115312337875366,-0.2338037192821502,0.1353099048137664,0.1608468294143676,-0.2106554061174392,0.1547987461090088,0.5374172329902649,-0.066332496702671,-0.1900498867034912,-0.8293370604515076,0.2218030542135238,-0.0450445711612701,0.4054462313652038,-0.6599977016448975,0.6992177963256836,0.018104126676917,-0.002429557731375,0.5482659935951233,0.3278791010379791,0.1139019280672073,0.2349071204662323,-0.3641423285007477,0.3448559641838074,0.1526006162166595,-0.4325889348983764,-0.6531708836555481,-0.5379634499549866,-0.927617609500885,-0.3598898649215698,-0.0856102630496025,0.1103380993008613,0.4773735404014587,0.0974730402231216,0.2282249182462692,-0.4778967201709747,0.1223301813006401,-0.3653758764266968,-0.3753630220890045,-0.4723738431930542,-0.2525172531604767,0.0311940945684909,-0.1930955797433853,-0.2202931046485901,0.0085229333490133,-0.555094838142395,-0.7384956479072571,0.1608379185199737,0.0788786187767982,-0.3683903217315674,-0.4114533364772796,0.0641935840249061,-0.1213461458683013,-0.3295978009700775,-0.011258372105658,0.254391461610794,-0.3797242045402527,-0.0208807196468114,-0.6492891907691956,0.6138627529144287,-0.6307557225227356,-0.3399337232112884,-0.1044942960143089,0.0166841223835945,-0.1446605622768402,-0.4678792357444763,-0.1896993815898895,0.7635605931282043,0.2990688681602478,-0.138578861951828,-0.3641351163387298,-0.4979437291622162,-0.5783031582832336,0.4369446933269501,0.4176512956619262,0.1074473783373832,0.0878961756825447,0.402312695980072,0.5334050059318542,0.1978185474872589,0.2844682931900024,-0.1847484111785888,-0.2366843223571777,-0.2725338637828827,-0.1306344270706176,0.0627033412456512,0.4482207596302032,-0.305838406085968,-0.122567318379879,0.9938422441482544,-0.4593415260314941,-0.3654066920280456,0.7318883538246155,-0.0670155808329582,-1.3997195959091189,0.2089877426624298,0.4641358256340027,0.339649885892868,-0.481524795293808,0.7123547792434692,0.1878018230199813,0.5769309997558594,-0.2344101518392563,-0.4898486137390136,0.5672318339347839,-0.1247627809643745,-0.4136821627616882,0.4254004061222076,0.1543496400117874,-0.5032008290290833,-0.0087127489969134,-0.4590893089771271,-0.2126435190439224,0.4482419192790985,-0.1862764656543731,-0.0274078119546175,0.0112516330555081,-0.4013431370258331,-0.24400494992733,0.3090179860591888,-0.0148792658001184,-0.5374107956886292,-0.5534104108810425,-0.2894331514835357,0.3393507897853851,1.0581037998199463,0.144974336028099,0.6220086216926575,-0.4687284231185913,0.4528188407421112,0.3884975910186767,0.1073685884475708,0.5571797490119934,0.2764184772968292,-0.2424703538417816,-0.2158079594373703,0.5627112984657288,0.415305495262146,0.106074534356594,-0.0443860217928886,0.1336534172296524,0.0635653510689735,0.1826259046792984,-0.1055840924382209,0.6502776145935059,-0.141808420419693,0.3536523282527923,0.5146189332008362,0.2330994606018066,-0.0900570750236511,0.0781622529029846,-0.4576899111270904,0.1094290018081665,-0.8406364917755127,0.5045748353004456,-0.0283449869602918,-0.0218085329979658,-0.0520893447101116,-0.1031492948532104,-0.4371600151062011,-0.017949478700757,-0.1399894803762436,0.2675392627716064,-0.5081573128700256,-0.5338950753211975,0.1077740564942359,-0.0689213573932647,-0.283149242401123,0.171120136976242,0.3129028677940368,0.4287918210029602,-0.5326884388923645,-0.4094868898391723,0.7733538150787354,0.0162159632891416,-0.0072541129775345,0.5614296197891235,0.1175485625863075,-0.0760221034288406,-0.211329385638237,-0.4428883790969848,-0.2046450078487396,-0.7780249118804932,-0.3564236462116241,-0.4528417289257049,0.2160809636116027,0.2362763434648513,0.3225845992565155,-0.1116638481616973,-0.0470034219324588,0.0703728720545768,0.1373246610164642,-0.0632245987653732,-0.65218186378479,0.2310350388288498,-0.1592269390821457,0.5896809101104736,0.8067646026611328,0.1587326377630233,-0.2732491493225097,-0.1715768128633499,0.2116468995809555,0.2313543707132339,0.1230284571647644,-0.6485904455184937,0.0193797163665294,0.5927419066429138,-0.0951088666915893,-0.2243158966302871,0.1123715043067932,0.3114649355411529,0.461230456829071,-0.276660680770874,-0.382485032081604,-0.0353952907025814,0.3318245410919189,-0.0521954633295536,0.3872840106487274,0.0941041409969329,1.028633952140808,0.2518595159053802,-0.0752753987908363,0.2339671552181244,-0.3081791698932647,-0.0724743828177452,-0.2201147973537445,0.2931573987007141,0.1904922127723693,0.0927618965506553,0.5092480778694153,0.1100455299019813,-0.3637725114822387,-0.2760427296161651,-0.0828023701906204,0.3296189904212951,0.1685519069433212,0.0973466262221336,0.2866364419460296,-0.5149614810943604,-0.0037491263356059,-0.3459472954273224,-0.4577270150184631,-0.1330947428941726,0.1084762662649154,0.6005651950836182,0.1605362296104431,0.5439375638961792,-0.5331707000732422,-0.3257345259189605,-0.3711455166339874,-0.4540835320949554,-0.1340912729501724,-0.2620345950126648,0.2089841961860656,0.1866414099931717,0.1436269432306289,-0.4567202031612396,-0.3661319315433502,-0.0883623957633972,0.3650775253772735,0.0215740874409675,-1.0030871629714966,-0.4105854034423828,0.6311589479446411,-0.1848551332950592,-0.3698974549770355,0.1036599949002265,0.236632689833641,0.1726095229387283,-0.2160039544105529,-0.0213409829884767,-0.168961226940155,0.3041289746761322,-0.0161232110112905,0.4921342730522156,-0.09644266217947,-0.2044597864151001,-0.332964688539505,0.0566480383276939,-0.2578245103359222,-0.3340344727039337,-0.572498619556427,-0.3068805336952209,-0.0457549095153808,0.1794564574956894,0.1167832538485527,0.4510316550731659,-0.2446545511484146,0.4985246956348419,0.031571552157402,0.1467853039503097,-0.0906953960657119,0.2868809998035431,-0.2875887453556061,-0.1965115219354629,-0.1932107657194137,0.5326632857322693,0.2681797444820404,0.3176998496055603,-0.2003336399793625,-0.5330439209938049,-0.1281498223543167,-0.2392009794712066,-0.519485592842102,0.5827149152755737,0.0900339633226394,0.5456182360649109,-0.1836076378822326,0.2240788340568542,-0.1907528638839721,-0.0015128852101042,-0.3930225670337677,-0.1054306253790855,-0.1078258082270622,-0.8340499997138977,-0.186623215675354,-0.3212255537509918,-0.4420482516288757,0.5200933218002319,0.2669086158275604,-0.6013787388801575,-0.3170128464698791,0.1425212919712066,-0.034273512661457,-0.4507310092449188,-0.0893237888813018,-0.5125720500946045,0.1827784180641174,0.487899512052536,0.4282651841640472,0.4144729077816009,-0.2689167261123657,-0.6819618940353394,0.1487437039613723,0.7066802978515625,0.1276256442070007,0.2586115002632141,0.1338995993137359,-0.0630201920866966,0.0068775373511016,-0.3611669242382049,0.5995979905128479,0.3284713923931122,0.6112343668937683,-0.1593673080205917,0.5796571373939514,0.5704997777938843,-0.2039690464735031,0.27096688747406,0.9044501185417176,0.39722540974617,0.6367554068565369,-0.0577708259224891,0.036823458969593,-0.5470572113990784,0.2953176200389862,-0.2784082591533661,0.2505327463150024,0.2955975830554962,-0.3873145580291748,-0.0106711722910404,-0.4470608234405517,0.0582158118486404,0.3540639281272888,-0.2572919130325317,0.0640492439270019,-0.1530279666185379,-0.5277718901634216,0.3817476332187652,-0.158414676785469,-0.0710591152310371,0.1840384602546692,-0.0350280739367008,0.4537293612957001,0.528607189655304,0.2899109721183777,-0.0413019880652427,0.2188134342432022,-0.6566449999809265,0.0871488004922866,-0.4678245782852173,0.2556524276733398,0.8074514269828796,0.1066321358084678,-0.7058013081550598,0.1147244274616241,0.7123931646347046,-0.3560422956943512,0.0612720251083374,-1.0915507078170776,-0.1837315112352371,-0.1110924184322357,0.1160295903682708,0.1151471585035324,-0.1754621565341949,0.4969201385974884,-0.3079700171947479,-0.1208853498101234,-0.2617020308971405,0.7547056078910828,0.0675808936357498,-0.2036011964082718,-0.0834806710481643,0.0529114045202732,-0.0520556680858135,0.2553771734237671,0.0519331432878971,-0.4064322412014007,0.1175331100821495,-0.0400002636015415,-0.2948659062385559,-0.0202174540609121,0.4066607654094696,0.1878072172403335,0.0256806910037994,0.2268457561731338,-0.0400772243738174,-0.8691291809082031,-0.2082367241382599,0.3324902355670929,-0.942822277545929,-0.0735208243131637,-0.1429763734340667,-0.1136432737112045,0.3548907041549682,-0.1476150751113891,-0.3494469225406647,0.015733528882265,-0.295113205909729,-0.0524454191327095,-0.1219716221094131,-0.5856705904006958,-0.0685122907161712,0.2011014968156814,-0.0997806042432785,-1.0749133825302124,0.1433800905942917,0.1807161569595337,0.3349646627902984,0.0505462624132633,0.51595139503479,0.2372927665710449,0.0397394374012947,0.4213206768035888,-0.229931965470314,0.179247185587883,-10.382081985473633,-0.4448930025100708,-0.3652932643890381,-0.183305487036705,-0.3692849576473236,0.4921149015426636,0.6921905279159546,0.3035148084163666,-0.2524159848690033,0.4128586649894714,-0.3018664121627807,0.2482895404100418,0.1434746235609054,0.9373087286949158,-0.4286087155342102,-0.1827657520771026,0.3007826209068298,0.082112118601799,0.0640494301915168,0.3107931613922119,-0.2130162268877029,-0.4070342779159546,0.6020965576171875,0.0759041309356689,-0.0683071687817573,-0.3665779531002044,-0.2489219903945922,0.2341049611568451,-0.1814572066068649,0.1103604510426521,-0.6091642379760742,0.5347440242767334,0.1003084331750869,0.3639244735240936,-0.7448790669441223,-0.2301767915487289,-0.0891357064247131,0.2333881556987762,0.3847591280937195,0.5595882534980774,-0.0836476907134056,0.6774351000785828,0.2649302184581756,-0.4228098094463348,0.853337287902832,-0.2344857007265091,0.3338377773761749,0.5192164182662964,0.2750162482261657,0.1354071348905563,-0.1363216787576675,-0.6438022255897522,0.0042162416502833,-0.4347541332244873,-0.1330995559692382,-0.1422829777002334,0.3304428160190582,-0.6977059245109558,0.0330822952091693,-0.1127327904105186,0.4786390364170074,-0.273013710975647,0.6636946201324463,-0.0587224513292312,-0.3250734508037567,-0.1605715006589889,0.0656867250800132,0.6946278810501099,-0.5975626111030579,-0.2920809686183929,0.5590290427207947,-0.2730327248573303,0.2166372835636139,0.4055890440940857,-0.4609197080135345,0.2656212449073791,-0.1926836967468261,-0.177279993891716,1.1196138858795166,0.0746123492717742,0.4504166543483734,-0.0480197295546531,-0.4257279634475708,0.1747554093599319,-1.0736651420593262,0.4939015209674835,-0.1731966435909271,0.1242589876055717,0.3955589532852173,-0.4195772707462311,0.582466721534729,0.0015246457187458,-0.3316822946071625,0.1182079017162323,0.481196790933609,0.0666705295443534,0.4595232307910919,0.0795234888792038,0.923289954662323,0.1367945075035095,-0.86754155,-0.8797007,0.41320574,2.0434825,-1.0777131,-0.11133745,-1.5179582,-0.050811686,1.1372985,-1.1447399,0.28566974,1.0896046,-1.9643756,2.3857496,-1.3755989,-0.11071432,1.4131858,-0.6723845,0.143278,-0.69497776,0.37473884,-0.090835236,0.64542353,-0.5428984,1.519657,1.1566532,0.5806428,-0.5370091,-0.46002454,-0.47073558,0.051944315,-0.5457233,-1.2454991,-0.0792861,-0.00051549077,-1.4721851,-1.6489766,1.2071741,0.3690642,-0.08689749,-0.9499532,0.8504722,-0.4205634,0.29079452,-0.7802168,-0.16703577,2.0997996,-0.14517061,0.19662012,-0.16187827,-0.51421636,0.22653893,0.21494558,0.85916233,0.22464648,-0.36616158,0.93581307,0.7361357,0.36691278,-0.45916218,0.55747825,1.4382156,-1.24439,0.39794898,0.17884055,1.0154239,0.44870436,-0.6039549,-0.1584221,-0.13420294,-2.2506046,-1.4677932,0.65164334,0.8966018,-1.6693048,0.6879843,0.5378932,-0.3744258,0.56243694,1.0904425,-0.2195719,0.084077075,-1.0995657,0.8513397,-0.25507316,-0.4927194,-0.528266,0.031075716,-2.118477,-0.8498157,-0.07353696,-1.8180919,-1.1915076,-1.2637326,0.74458385,0.18707557,-1.0845547,0.10264437,-1.7427474,-0.38309693,0.091609664,0.8964728,-0.2347253,0.21200152,-1.1098037,-0.29375675,-1.1100914,-1.0252991,-1.2741644,1.473523,0.15879849,0.63272244,1.2005043,1.1346666,1.0986328,0.9601573,-0.4071485,-1.2416241,-0.54530245,-0.018874526,1.472691,0.29887256,-0.25330487,0.038487405,0.6397456,0.35182285,0.26823813,-0.7975039,0.74393415,-0.24386844,0.79167324,0.3094042,1.5615962,0.20154685,-0.84499025,-0.013989076,-0.3561043,-0.4429678,0.002839148,-0.4883905,-0.01800701,-0.26311088,-0.31412902,-0.57103443,-0.2513257,-2.0755606,-0.04215221,0.9570093,1.3122203,0.288536,-0.04526484,0.24852881,-1.198647,0.81966674,0.5026392,-0.094893545,0.39666992,0.14834389,-1.8101053,1.4569834,0.9199821,1.7211406,-1.2446718,-0.016992096,0.1496895,0.75857544,-0.6482055,0.36444587,-1.1555309,-2.3043609,-0.7406871,-0.28925744,0.44655675,-0.093517825,0.8697038,-0.006618358,0.46449745,-0.054582063,-1.4337108,0.003682062,0.3978495,1.7104423,-0.059180737,1.2239888,-0.3409726,0.43795377,0.95019567,0.62548214,0.77836293,-0.40167361,0.5829363,0.2957862,0.82437366,1.0364585,1.1285399,2.5214133,0.3011852,-1.538715,-0.89756715,1.113798,-2.0637794,-0.37023735,0.9699006,-0.7867033,1.5509086,-1.1291213,-0.6635629,1.9009362,0.572132,-0.08171895,-1.4063766,-1.4051232,0.66564596,0.25516585,-1.0826106,0.44067216,-0.22517683,0.57032835,-0.6398807,0.15844718,0.07241837,0.84301454,0.29874396,1.6244154,-1.0430424,0.31586194,0.20516028,0.25249544,-0.10214603,0.8119505,-1.0022624,0.17174539,0.65132123,-0.18042289,0.81497097,0.14550404,-1.655671,0.80733424,-0.43185896,0.3062559,0.20888391,-0.60009545,0.67314315,-0.006536007,0.41523388,0.7615763,1.7880095,1.0431983,-1.3345656,-0.09389271,-0.03689505,0.40374386,-0.09430501,0.05993545,0.8589346,0.90210134,-0.7247887,0.50113666,-0.17230067,-0.048924327,-0.18492483,1.1406785,0.075912684,1.1149361,-0.084056824,-0.3167849,0.0010746717,-0.71910083,0.5671854,-0.7484979,-0.124396384,-0.49026102,-1.3581142,0.37090147,-1.2631631,0.9645357,-0.93206775,-1.4003322,-0.90109867,-0.08123483,0.38666642,-1.7029761,-1.4757072,-0.117189154,-0.53544706,0.6588654,-0.079563975,-0.085268065,0.7534754,0.2826583,-1.1435938,1.1449635,-0.5135759,0.9759903,0.5405222,-0.19798803,1.2909486,-0.32700714,1.2000562,-1.1638193,0.7844931,0.72423065,-1.3816682,1.0897639,-0.27823028,-0.14061052,1.064816,-1.504528,-0.17266844,-1.1585135,-0.057972223,-0.27321136,-1.4289732,2.1432436,-0.9642667,1.2882826,-1.643981,-0.96404207,-0.52053475,-0.27928203,-1.7404304,1.8561084,0.4791547,0.2780758,0.5702537,-0.42874438,0.10884713,0.21935917,0.5688635,0.16188496,-0.07099947,1.4898357,-1.1096938,-1.6805024,0.00069208257,0.87029165,-1.3749547,-1.3456812,-1.7901994,-0.32960865,0.321097,-0.71620214,0.09547001,0.32973483,-0.047413178,0.5072392,-1.2735606,-0.036144726,0.363165,0.040135168,1.5241231,-0.29857245,1.467027,-0.42921868,-0.42218363,0.77471614,-2.0015612,-1.1375941,-0.38797906,2.2135952,0.693063,-0.0021762252,0.59296453,0.6651165,-0.9118767,-1.0143719,1.3202446,-0.46198064,1.401744,0.19314963,-1.1330798,1.8990564,0.25307018,1.1451563,-0.21699181,-0.17879397,1.5232807,-0.6547133,-0.78292227,-0.6072928,-0.42295516,0.37796426,-0.041540675,0.14179663,-0.76821214,-0.13275427,1.1568391,1.061804,-0.26534122,-0.4820711,-0.5490524,0.80708516,1.6462743,1.6249802,1.2671556,0.098775275,-1.4828801,-1.8491344,0.64705557,1.0586324,0.56452787,0.56947815,-1.0430975,-0.44377017,0.45472273,0.02208139,-0.65773404,-2.1683795,1.3857927,0.27588272,0.9334272,0.5041253,-0.650167,-1.5354156,-0.6247554,0.42896026,0.6653087,-0.39166406,-0.36158764,0.8174658,-0.7168925,1.1390879,0.5735285,0.6550395,0.7754233,0.68608093,1.595803,0.5309579,-1.1947402,-0.5890988,-0.13641874,0.68187624,-1.9588833,0.23463094,-0.27933168,-1.9111967,0.3160916,-0.57383525,-0.22940584,-0.07236265,-0.98022723,-1.0881686,-0.5405698,0.11251718,-0.1313581,-0.27203673,0.4483786,-0.9458872,-1.2774007,1.0005109,0.8475426,-1.0781628,0.40525866,-0.04009428,0.24846414,0.2187573,0.09757979,-0.054260872,0.30418715,-0.2188679,-0.38605613,-0.70538473,-0.8757008,-0.18948,0.6345712,-0.38330334,-1.2114129,1.2528102,0.95034695,-1.7112111,-0.29230982,-0.44204938,-0.6820706,0.9396384,1.0175567,0.5796891,0.058703154,-0.33536226,-0.74817735,-0.24599938,1.4176582,-0.31218505,-0.58604664,0.58717054,-0.04694575,0.44593844,1.3017192,-0.084854424,0.8552898,1.2488979,0.14392477,-0.97841537,0.83762616,-0.088327125,0.26972413,0.94963795,-1.6020548,-1.0036244,1.6118295,-0.9054035,-0.38610393,0.39194942,-0.063885465,-0.6183183,0.88506854,0.15323082,1.3722541,1.5444287,0.06894037,1.585974,-0.43809092,-0.34143502,-1.4047499,0.30576056,-0.62500465,-1.3087256,-0.3455334,1.0935392,2.4608305,-0.5747292,1.0023514,0.65618795,-0.8813578,-0.8570196,0.5038541,0.20172545,-0.52923405,-1.0084167,-0.70818543,-1.1128478,0.16808364,-1.4234953,-0.040480807,0.04187656,0.39999983,-0.1789092,-0.41968265,0.7625747,0.6192724,-1.3194772,0.65988535,-0.015650865,1.2930764,0.25722376,-0.5907834,-0.2432723,-1.443294,-1.4056873,-0.72728986,-0.8749566,-0.8614414,0.26730207,-0.78477764,0.19300307,-1.0556798,-0.96245396,1.4536318,0.2019994,-0.3671601,0.04253605,-0.73902607,1.81902,-0.5943575,-0.6319305,1.8613642,0.6103045,-1.5832222,0.49241906,-1.1917852,0.93800485,-0.9610268,0.74719906,0.947834,0.50105596,-0.41405982,1.1287868,-0.32806027,-0.019846624,0.28221035,1.0346199,-0.5550542,-0.38821658,-2.1795607,1.1045711,-1.4728582,-0.70424795,-0.2657245,0.6205522,-0.93287766,-0.28632727,-0.23132859,-0.19345364,0.78637886,-1.5092745,0.6916975,1.3146293,-1.06423,-0.6596521,0.8477499,0.14313588,-0.556436,-0.34249875,2.504822,1.0084375,1.4490545,-1.2697644,0.28519922,0.81901336,-0.54618853,-1.0154858,0.14139768,-0.013865113,0.13837546,0.22791208,-0.22965221,0.4192603,-0.8530705,-0.37525436,1.217607,-0.61569095,-0.0038512582,-0.046172112,-0.83832014,-1.0847452,-1.5947436,0.447028,0.34050772,-0.32580215,0.3142699,0.052478474,1.9934621,1.0486741,-0.64017516,-0.31859028,0.7802994,1.0429771,0.43291417,-0.9652617,-0.83009475,0.89742315,1.0667925,-1.0857698,0.7370571,-0.7077673,-0.23221458,-1.2847502,0.8904433,0.96431637,0.2068111,1.0859362,0.6534975,0.06794286,0.8017755,-0.23544708,0.67697,-0.5398265,0.49980143,-0.023003902,-0.34668925,-0.5179235,-0.23428683,-0.7878659,-0.011387765,0.70885897,0.225157,-1.235036,0.23471817,-0.4244158,1.0771426,0.04207784,0.17225473,-1.0805882,-0.33841938,-0.43157768,1.4798906,1.2768157,0.24181227,-2.0028849,0.69941044,1.0150808,0.30225468,-0.18365094,0.20610522,0.22608082,-1.3010116,-0.46510333,-1.5378985,-0.32141164,1.2136376,0.8231909,-0.8637783,0.6936966,-1.4417787,0.5400305,-0.6103779,-0.9369654,0.19691114,-0.3639636,-0.9338544,2.0867994,1.2716055,0.41250098,0.2298471,0.70182645,1.2428378,0.12857574,-0.4974891,-1.7209322,0.7193198,1.2065701,0.4286316,-1.2376465,-0.3047962,0.089893006,-0.13828072,1.5743697,-1.0018632,-0.55933976,-0.95538723,-0.29145825,-0.9753269,-0.1696575,-0.6795819,-0.4766191,-1.2917327,0.39001203,-0.89210755,-0.96333975,0.22578588,-0.6926838,-0.025461033,0.38479075,1.6345943,1.0455866,0.6405452,0.5672088,-0.83125144,-0.21083105,-0.69580525,0.37857962,0.79091525,-1.0219357,-0.6324004,-0.16257599,1.3871425,2.3068705,-0.03443417,-0.8612337,0.5224582,-0.2043461,0.3158033,-0.18530326,-1.3504729,-0.60070795,0.5643946,-0.14221165,0.14698282,-0.5403056,-0.29737642,0.16772272,1.2204552,0.33351356,0.28684473,-0.04944274,0.30489975,1.329474,0.5532236,0.15773511,-0.76639026,-1.5963799,0.32060018,1.2392198,-0.9371336,-0.8794295,-0.9084018,0.47841215,1.2192596,-0.82257587,0.6380078,0.33975014,-1.8703457,1.8940719,-1.2900991,0.03700198,1.2492908,-0.5469558,0.26924896,-1.340777,0.7864647,1.2284746,1.3422152,-0.7425859,0.791753,0.4654937,0.404624,-0.5011323,-0.68601036,-0.8353152,-0.085180484,-0.8829573,-0.16423221,-0.8888238,-0.2820516,-0.92730826,-1.2067013,1.1726145,0.2732902,-0.4303875,-1.1260016,0.5668505,-0.20453966,0.34855655,-0.6075461,0.22766054,2.0863714,-0.3836088,0.79518384,-0.97829205,-0.38069284,0.19474941,0.38046172,0.7445679,0.89200944,-0.18676329,0.3881987,0.78863573,0.48773232,-0.29928076,0.23700468,0.6082079,-1.7982583,0.10847485,0.815335,1.4929543,-0.29834923,-1.1672156,-0.76875347,-0.49295244,-2.2871027,-0.09506873,0.21633953,1.6377798,-1.206384,1.0092448,0.38203064,-0.29637703,0.1699078,0.6493422,0.66551286,0.7699576,-0.9354481,1.681366,-0.49730822,-0.61851066,-0.26763132,0.097252734,-1.5980061,-0.36934793,0.33252642,-1.4709673,-1.7708424,-1.1285003,0.8362096,-0.17744763,-0.96785,-0.29515675,-1.9104624,0.21378458,-0.01817719,1.5517257,-0.12008696,0.049477935,-0.760323,-0.023896644,-0.8507226,-0.48646912,-1.0328392,0.98303795,-0.38561925,0.39896917,1.0190169,1.5272818,0.8983264,1.4162474,-0.87543607,-0.88823986,-0.43978617,-0.54700464,1.1115918,-0.1786726,-1.458582,0.44151163,-0.20030999,1.5739775,0.22822589,-0.1858008,1.0120449,-0.121208906,1.055375,-0.13994102,1.8391848,0.9768272,-0.7485728,-0.49027887,-0.4796771,0.06750402,-0.10868559,-1.1000725,-0.9149773,-0.37614882,0.27049807,-0.21801798,-0.4385554,-1.1870524,0.37941256,1.2001671,1.5824355,0.15800925,0.14435598,-0.061151583,-0.8554576,0.22124618,0.5191125,0.4606459,0.7180931,-0.070668004,-0.7202119,1.5632882,0.24926548,1.5792061,-1.1187963,-0.11110508,-0.18895178,0.35259783,-1.0154119,0.5359226,-1.0533409,-1.8775239,-0.05272062,0.6873321,0.78155285,0.023515292,0.28345695,0.028573155,0.3100533,0.015631365,-1.0361208,0.23327897,0.4670104,1.0739375,0.49965978,0.9500391,-1.0596277,0.3819091,0.26052487,0.22112508,-0.09349253,0.044037223,0.5598719,-0.5792125,1.1518248,1.1719241,1.5288194,2.0316617,0.78132194,-1.6931013,-1.0676934,0.90900975,-2.1246617,-0.57205486,0.43875018,-0.33059162,1.7760334,-0.6536981,-1.1299043,1.6201779,0.2335059,0.3500124,-1.8019458,-1.6309673,0.80245477,0.43936852,-1.0501007,-0.116212994,-0.17810786,0.085933864,-0.6122425,-0.6014366,0.22571905,0.07424077,0.18607517,1.9480151,-1.0223354,0.009773334,0.7188627,0.36411086,0.5687974,0.02432867,-1.0283675,0.3128548,0.93300486,-0.10383455,-0.56537765,0.3577704,-0.9453211,1.4913522,-0.67518,0.024928955,0.294499,-0.13968517,-0.11474222,-0.34096703,0.6077229,0.94989395,2.2045186,0.37056318,-1.0662247,-0.109064996,0.6487506,0.4585196,0.70220023,0.22382033,1.110741,0.36026528,-0.2842392,0.5225844,0.29699638,0.2341432,0.1771034,0.775057,-0.10438749,1.0334982,0.5814027,-0.23105079,-0.98208237,0.21183316,-0.318235,-1.148302,-0.6575515,-1.0108001,-1.4707383,0.7549822,-0.5165232,0.1206883,-1.3056827,-0.45608,-1.3245339,-0.60186976,0.39687765,-1.3372768,-0.80504173,0.3265127,-0.7668857,0.9036115,-0.39122793,0.22737251,0.27808025,0.9742666,-2.3865068,0.98130083,0.7883916,0.7970824,1.5452127,0.17478509,1.1460086,-0.23168854,0.858736,-1.7943207,0.66284084,0.9681473,-1.171106,1.3188101,-0.10862509,-0.50291336,-0.008648515,-1.3882936,-0.52167517,-0.38993812,0.848023,0.06401517,-1.1959273,1.1916466,-1.6566917,1.167626,-1.8825802,-0.62619907,-0.36646596,-0.6747816,-1.2260419,1.2327796,0.45157492,0.35808614,0.65105504,-0.07754451,-0.32111847,-0.008301019,0.05770534,0.5609039,-0.93819314,0.90739983,-0.60448706,-1.2358843,1.1786377,0.7943075,-1.3536521,-1.4158133,-1.4304647,-0.23200916,0.35970616,-0.34926724,-0.34886798,1.2742487,0.13578671,0.6711219,-1.468873,-0.0045234165,0.19878668,-0.25871295,1.005294,-0.11965542,2.0069292,-1.0826772,-0.6121334,0.7481397,-1.3950729,-0.30781266,-0.97905064,1.7501348,0.99568194,0.35877576,0.2831919,0.47608447,-1.4215902,-0.22535948,1.3386608,0.11870992,1.282402,0.63906544,-0.3127708,1.1749203,-0.28031537,0.52944,-0.79308844,-0.40469345,1.9476212,0.17214608,-0.51371074,-0.7452864,-0.03326817,0.10296007,-0.093132645,0.1012874,-0.032779694,0.1306461,1.5287858,0.8724808,-1.5593823,-1.2575871,-0.66358984,0.10552732,1.1203166,1.8101245,1.3823233,-0.53916764,-1.0026336,-1.9853334,-0.08105663,1.0115476,-0.12051076,0.044549834,-1.0455347,-0.13668415,0.34034052,-0.21642876,-1.0674754,-1.4570589,1.2037503,0.5444465,-0.12740865,1.6652857,-0.3617966,-0.9672157,0.3367847,0.9051335,0.12970273,-0.8315293,-0.7475612,0.79014057,-0.82019836,0.8144135,1.2724196,0.2794134,0.39464954,0.024621693,1.4736462,0.03422189,-1.0205661,-0.36085376,-0.058296647,0.2811954,-1.1848433,-0.89733547,0.87149376,-2.1156843,0.13250713,-0.6823744,-1.1003758,0.39342117,-0.17987017,-0.6309857,-1.3314861,-0.64725596,-0.51288694,-1.860226,-0.20755525,-1.0313618,-1.8279446,1.1964107,1.8751436,-1.2987505,0.052117687,0.44385767,-0.24251811,0.6853307,0.10687935,0.29867214,0.61003333,-1.2853271,-0.75925606,-0.48866168,-0.88005376,-0.37033042,0.010215511,-1.4059635,-1.144898,0.6596974,1.7534801,-1.6966809,0.22048746,-0.08489361,-0.4610223,0.31986594,0.59974414,0.35299,0.38225237,-0.42778197,-0.3838428,-0.1937841,1.4347467,0.17064524,-0.38848913,0.79436725,0.29660073,0.42541763,1.2114612,0.52128196,0.9029553,0.43934038,0.37340173,-0.6696145,0.20893556,-0.4406102,-0.021189472,0.5706515,-1.7922007,-1.0648228,1.8747917,-0.8148784,-1.6148533,-0.21068071,0.868733,-0.5003149,0.5642284,0.28788197,1.4515853,1.3622193,0.7751012,1.9424909,-0.7591916,-0.57756037,-1.0088781,0.078795016,-1.1125382,-0.8438155,0.52818006,0.6161433,2.498786,-0.49136075,0.4719735,0.26550224,-1.1512438,-1.0678724,0.5513407,0.33691397,-0.92939496,-0.20849359,0.6102547,-0.92610043,0.07304195,-1.3142914,-0.40004268,0.25681114,0.35121226,-0.13008833,0.40903255,0.37649432,0.5704213,-0.86127967,0.3997101,1.4851422,0.40474948,-0.09051534,-1.3406476,0.07358857,-0.44472182,-1.6660346,0.10122824,-0.41366184,-0.8784718,0.16545214,-0.21102162,-0.0850456,-0.88329154,-0.51146144,1.4644417,-0.0031206459,-0.72245103,-0.16663626,-1.0088984,1.455153,-1.073146,0.2796109,1.2184087,0.4353151,-1.6984948,0.23543759,-1.1245179,-0.09698218,-0.60939556,0.19577527,0.7114144,0.38367757,-0.588919,1.5233308,0.427518,-0.8512127,0.18484242,0.6620512,-0.3682342,0.62891823,-2.0847006,1.3159976,-1.4392792,-0.8941179,-0.13462074,1.1881231,-0.8667819,-0.5546145,-0.7178989,0.980464,0.9281625,-0.5717229,1.0952514,2.052416,-0.5536899,-0.44486842,0.7507445,0.5142299,-0.9132733,0.09598693,2.5959768,0.5496451,0.986737,-1.0036157,-0.5847977,0.0024669964,0.15633473,-0.8515568,-0.42723456,-0.68184835,0.26176476,0.5525047,-0.51306385,0.8885376,-0.7734036,-0.80352885,1.270593,-0.017297745,-0.07170024,0.32223833,-0.56755316,-1.4798273,-1.0306007,0.3754549,0.9626058,-0.004725615,-0.27237096,0.54179674,1.1282467,1.3037372,-0.8939629,-0.35118118,0.803459,0.9541202,0.9555566,-0.62276495,-1.1296211,1.008626,1.422967,-1.0048441,0.91901034,-0.51851374,-0.3945136,-0.97063214,0.94876605,0.5202616,0.406042,1.0280056,-0.20413817,0.31335786,0.26687118,0.0340346,0.3088408,-0.14050297,-0.44202828,0.30040073,-0.09015163,-0.9646333,-0.16716975,-1.6227878,0.053792506,0.060245227,0.61942416,-0.88772494,0.3334972,-0.056989294,0.8147998,0.5885586,0.17076313,-0.36226285,-0.5128134,-1.1867262,1.6656446,0.79934233,-0.38389504,-1.277665,0.009650826,0.42517313,0.68212384,-0.9251501,0.79896766,0.20342845,-1.1728677,-0.5928886,-1.3995689,-0.30557004,0.5312226,1.2043844,-0.34662795,0.46223378,-1.2802237,0.5101628,0.26394063,-0.8721052,0.055398535,-0.11682466,-0.6718324,1.6919336,1.6258842,0.823867,0.7667942,1.0782663,0.7064895,-0.083840966,-1.1722792,-1.9110886,0.6220767,0.49442205,0.30606917,-1.2196425,-0.18643294,0.960378,-0.4487371,1.4143281,-0.6096404,-0.6859081,-0.9571814,-0.6853357,-0.29488719,0.19688232,-0.7238884,-0.27926037,-1.4323826,0.08194128,-0.9776649,-0.23819427,0.79565763,-0.5025506,-0.67169887,0.11772167,0.9869423,0.59302574,0.38283738,0.7769874,-0.24345666,0.37444636,-1.0988679,-0.12590186,1.2887925,-1.0496156,0.22727996,0.46028817,0.9437606,2.1476114,0.3145063,-0.7342236,0.15462436,0.35935688,0.41014194,0.25383976,-0.00057426095,-0.4292812,0.7726688,-0.769119,0.25568905,-1.284702,-0.40918574,0.07735405,1.1514726,0.14766102,0.12422371,0.26474604,0.2959471,1.6434733,-0.11575899,-1.1541427,0.0
ゼ,0.5291336178779602,0.4527473449707031,1.439809799194336,-0.3195776641368866,-0.1637700498104095,0.6328241229057312,0.5886618494987488,-0.1224492564797401,-0.540020763874054,-0.532222330570221,0.7506648898124695,-0.0625029131770134,0.3012940883636474,-0.2400724440813064,-0.0397750884294509,0.0461850836873054,-0.1583767533302307,-0.5908397436141968,-0.1507647186517715,-0.1519062519073486,-1.2238361835479736,-0.2423812597990036,-0.0330273211002349,0.0925072208046913,0.2089458256959915,-0.995213508605957,-0.0953071638941764,-0.1886679828166961,0.4093061685562134,-0.4943180084228515,-0.4395580887794494,0.2785592079162597,-0.3127665817737579,0.0732773020863533,-0.568009078502655,0.2489831894636154,-0.3718627989292145,-0.4066023826599121,0.3371402025222778,0.3042267560958862,-0.3144905567169189,-0.6186933517456055,-0.5197138786315918,0.133338063955307,-0.3467719852924347,0.3721770644187927,-0.0118310591205954,-0.0126060135662555,-0.2655760049819946,-0.0828029364347457,-0.8545140624046326,0.3431278169155121,0.7090867757797241,0.575167715549469,0.3814952075481415,-0.2199739515781402,0.8055713772773743,-0.3496034145355224,0.107154905796051,0.77392578125,-0.5821271538734436,-0.6669731736183167,-0.0527056418359279,0.4579719603061676,-0.09712465852499,-0.1407954692840576,-0.0677439495921135,-0.2136943638324737,0.5870782136917114,-0.5573700070381165,0.3667507171630859,0.077425867319107,-0.0209872014820575,-0.95097017288208,0.5047110319137573,-0.534667432308197,0.1669235378503799,0.749547004699707,-0.1959467530250549,0.1509429365396499,-0.1481529027223587,0.6183358430862427,0.2716882824897766,0.0183327868580818,-0.648173987865448,0.6858651041984558,-0.4349032342433929,-0.9753808975219728,0.1779387146234512,0.1491404771804809,0.1402956992387771,-0.0940201431512832,-0.1010049805045127,0.2354824542999267,0.6598089337348938,0.4314204454421997,0.3806953132152557,0.4205773174762726,-0.1741514503955841,0.7505362629890442,0.0483959056437015,-0.2476853877305984,-0.0435935519635677,-0.5302251577377319,-0.2157853543758392,0.2352315783500671,-0.1076066046953201,0.1121351867914199,-0.2596644759178161,0.0545073561370372,-0.7151127457618713,-0.0679617077112197,-0.8512144088745117,-0.3036354780197143,0.6958014369010925,0.269111692905426,-0.2179431766271591,0.537839412689209,-0.4538789093494415,0.4979900121688843,0.5131648778915405,0.5161529779434204,0.6535233855247498,-0.4147168695926666,-0.2457990795373916,0.4619676768779754,-0.0964402630925178,-0.2695410549640655,0.1169471144676208,-0.3700784146785736,-0.875925600528717,-0.9075412154197692,0.2616309821605682,0.1383303105831146,-0.823428750038147,0.9806520342826844,0.4296192228794098,0.3598901033401489,0.1945905983448028,-0.2318193167448043,-0.703055202960968,-0.4256985485553741,-0.003123132046312,-0.4177290499210357,0.4051931202411651,-0.1468850821256637,-0.928903877735138,0.2217557281255722,-0.1081406995654106,0.3273799419403076,-0.0105781527236104,1.3072707653045654,-0.6971320509910583,0.2534909546375274,-0.0686223581433296,0.476785272359848,-0.5118756294250488,-0.0272494796663522,0.3681863844394684,0.3215646147727966,0.6190605163574219,-0.5466980934143066,0.1474597156047821,0.8560193181037903,0.0716757997870445,0.1459924876689911,0.8384600281715393,-0.1373453736305236,-0.1935905069112777,0.655235767364502,0.6526260375976562,-0.1916643381118774,0.5016681551933289,0.4018248915672302,-0.483532041311264,-0.016073977574706,1.0801202058792114,0.0457144752144813,-0.0864307358860969,-0.7624317407608032,-0.48292937874794,-0.1337950378656387,0.7725021839141846,-0.6268895864486694,0.5684228539466858,0.0119003718718886,0.4049058258533478,-0.5262647867202759,-0.2759853899478912,0.4485459625720978,-0.415864884853363,-0.2702196538448334,0.770514726638794,0.0389774106442928,-0.3292792737483978,0.0025378612335771,0.0925073847174644,0.3302655518054962,-0.9054403305053712,0.8210209608078003,-0.3385128676891327,0.1368094831705093,-0.0300833582878112,-0.4325437843799591,-0.7790928483009338,0.2598299384117126,0.0822448432445526,0.030595276504755,-0.2606321573257446,0.3649121820926666,-0.3309234380722046,0.6942543387413025,0.6201313138008118,-0.3198661208152771,0.6717029809951782,0.3920567333698272,-0.3934493660926819,-0.2815695106983185,0.2785920798778534,-0.1869622766971588,0.3789196014404297,0.0043461653403937,-0.0675356462597847,-0.0920703560113906,0.0866875126957893,0.3325047492980957,0.1547395586967468,-0.2581541240215301,-0.2380799204111099,0.3264378011226654,-1.039015293121338,0.0319209173321723,-0.9055294394493104,0.4564139246940613,-0.4967024326324463,-0.3678559362888336,0.0624949634075164,-0.4283910691738128,-0.6018213033676147,0.6835878491401672,-0.2946164906024933,-0.7559581398963928,0.7828935384750366,-0.2483172416687011,-0.0452422387897968,0.2972173392772674,-0.0354555658996105,-0.2806169986724853,-0.7436515092849731,0.2554519772529602,-0.025562971830368,-0.3570904731750488,0.1863161921501159,0.1232405751943588,0.3669823408126831,0.0443588532507419,0.7986304759979248,-0.2487018704414367,0.2689824998378753,0.0481478795409202,-0.327282190322876,-0.3055070340633392,0.0608975812792778,0.2472283244132995,0.090357206761837,0.1951358020305633,0.4308273196220398,0.1177839189767837,-0.8609206080436707,-0.5907641649246216,0.6733492612838745,-0.5681602358818054,-0.2200134694576263,-0.0105812577530741,0.3436530530452728,0.1365691125392913,-0.3316465616226196,1.103614091873169,-0.0178691484034061,0.0733012408018112,-0.5307250022888184,0.4033974111080169,-0.5720993280410767,-0.2802544236183166,-0.1360384225845337,0.3267061710357666,-0.8856425285339355,0.2211626023054123,-0.0160285737365484,0.8139064908027649,0.7922917604446411,-0.820393443107605,-0.6304547786712646,0.1753177344799041,-0.5199448466300964,0.1949025839567184,0.8003992438316345,-0.2717603743076324,0.320415198802948,0.2602071762084961,0.3879026174545288,0.709398090839386,0.9056838750839232,0.0776455551385879,0.1033548340201377,-0.0533242300152778,-0.0465776622295379,0.065757542848587,0.1945576965808868,-0.560269832611084,0.5943551063537598,0.9775948524475098,-0.2021489143371582,0.5127206444740295,0.7811636328697205,0.6107203364372253,-1.549999117851257,-0.8061270117759705,0.4942890405654907,0.1381372660398483,-0.250162810087204,-0.3989437520503998,0.5576987266540527,0.0738367661833763,-0.0450310222804546,-0.5777390599250793,1.3868614435195925,-0.3218082785606384,0.0569506771862506,-0.0456498600542545,0.1368842273950576,-0.4014078974723816,-0.0570947751402854,-0.5421367883682251,0.6657385230064392,0.6459053158760071,-0.7133215069770813,0.2395767569541931,0.2628169953823089,-0.1950517147779464,-0.312394380569458,0.1184076070785522,-0.5627123713493347,0.0688946694135665,-0.8304614424705505,-0.3511927425861358,0.3293398022651672,1.4982216358184814,0.9792771339416504,0.498174250125885,-1.049813747406006,-0.3055676221847534,-0.2769293189048767,-0.2182081639766693,-0.1593833863735199,-0.1492732316255569,-0.4226860404014587,-0.5132870674133301,-0.3262439668178558,-0.4294669330120086,0.0841463580727577,-0.1724145412445068,-0.0385111197829246,-0.3630967438220978,-0.7071520090103149,0.2801501452922821,0.4418152272701263,0.0948471799492836,0.6630656123161316,0.0939111858606338,0.3798311054706573,0.2897067964076996,0.2022707462310791,-0.9068293571472168,0.0350001566112041,-0.9557028412818908,0.2291275113821029,0.2489686459302902,-0.4921432733535766,0.6845870614051819,0.126031294465065,0.151355892419815,-0.2427253723144531,-0.6062738299369812,0.5208452939987183,-0.6339669227600098,-0.5372843742370605,-0.007813561707735,0.1031508520245552,-0.1503461301326751,0.8266078233718872,0.2009560614824295,0.855404257774353,-0.3959270417690277,-1.0856670141220093,0.0421252474188804,-0.3204068839550018,0.3070506155490875,-0.0999162197113037,0.1602991819381714,-0.3388616442680359,-0.2407368868589401,-0.2517925500869751,-0.1254052966833114,-0.5472343564033508,0.1061273291707038,-0.6472148299217224,0.0965018197894096,0.037454605102539,0.6040958762168884,-0.0623999461531639,0.0756842046976089,0.0795049145817756,0.6630131602287292,-0.6976433396339417,-0.6911715865135193,0.1909573525190353,0.493361622095108,0.0127806952223181,0.6985462307929993,0.3037636578083038,0.0593717284500598,0.2838650345802307,-0.7678363919258118,0.5696830749511719,0.0885454341769218,-0.0547745563089847,-0.5490773916244507,0.522624671459198,-0.1877695322036743,0.3357159495353699,-0.2567106485366821,-0.0250194203108549,0.7638998031616211,-0.3591855764389038,-1.0191426277160645,0.1599325686693191,0.1338306069374084,0.1107780113816261,0.6766284704208374,0.9983621835708618,0.7175512909889221,0.2318298071622848,0.2733571827411651,-0.5216671824455261,-0.003107953350991,-0.3974916338920593,-0.524066150188446,0.3578141927719116,0.3042953908443451,0.59084552526474,0.6434581279754639,0.4898139536380768,0.2763049900531769,0.4264867603778839,0.3931496143341064,-0.3867506980895996,0.3039248287677765,0.1202670782804489,0.1041469424962997,0.0832663103938102,0.8283650279045105,-0.5580173134803772,-0.2065837234258651,-0.2786710262298584,-0.0366049855947494,0.6164737343788147,-0.2046183496713638,0.9287165999412536,-0.7883415222167969,-0.54212486743927,-0.8242040872573853,-0.7351141571998596,-0.0208215788006782,-0.4343606531620025,-0.0874325782060623,0.410449355840683,0.0510023534297943,-0.2162191569805145,0.5311710238456726,0.629144012928009,0.5984306931495667,-0.3879823088645935,-0.3881649076938629,-0.5075879693031311,0.4717969000339508,-0.513597846031189,-0.8465065956115723,0.4605461061000824,-0.0593117997050285,-0.5051132440567017,-1.0985103845596311,-0.6064106822013855,-0.2207738757133484,0.3707104325294494,-0.0684620812535286,0.2285845875740051,-0.1466686427593231,-0.5524980425834656,-0.056002601981163,-0.5793746113777161,-0.1896487176418304,-0.4863177537918091,-0.1395779997110366,0.1967295706272125,0.1873395293951034,0.1977163851261139,0.6251319050788879,0.2721588909626007,0.0150562888011336,-0.369706392288208,0.5201019048690796,0.0729738846421241,-0.3099774122238159,-0.0846065953373909,-0.5902913808822632,-0.0335444957017898,0.0802634581923484,0.4962372183799743,0.150248497724533,0.1592864841222763,0.3584185838699341,-1.3095769882202148,-0.225997969508171,0.3264393508434295,-0.6249183416366577,0.3258825242519378,-0.3716194629669189,0.8499552607536316,-1.0419079065322876,0.1620620340108871,0.0094056567177176,0.3433117270469665,0.0789621472358703,0.4845370352268219,0.0590189956128597,-0.9822630882263184,0.158544972538948,-0.0733749121427536,-0.7955459952354431,0.9773103594779968,-0.0196135323494672,-1.0119833946228027,0.4383426010608673,0.9574153423309326,0.2201466858386993,-0.1720980852842331,0.4146071672439575,-0.8866645693778992,0.0049086934886872,0.27757129073143,-0.1955453753471374,0.2714985311031341,0.7049852609634399,-0.2474753558635711,-0.1019385978579521,0.831345796585083,-0.0971931144595146,0.5979616045951843,0.2603886723518371,-0.2492825984954834,0.1176471561193466,-0.3183791637420654,0.1947266906499862,0.3202306926250458,0.4418443441390991,-0.8293269872665405,0.9546155333518982,0.1109978184103965,-0.6300745606422424,0.0500642545521259,0.6922590136528015,0.021926986053586,0.619446337223053,0.3877244293689728,0.2665540874004364,-0.8700858354568481,0.230477824807167,0.4098134338855743,0.1110365837812423,-0.3496339321136474,0.7491507530212402,-0.1417663544416427,-0.3231686353683471,0.930763840675354,-0.1310479789972305,-0.07520542293787,0.5701000094413757,0.4445584714412689,-0.0906114727258682,0.8199487328529358,0.223604217171669,0.2413981109857559,-0.0060860156081616,0.170969158411026,0.863956868648529,0.676194965839386,0.3702163696289062,1.006137132644653,-0.555164098739624,-0.5562096834182739,0.1266056895256042,-0.0628691688179969,-0.5345245599746704,0.6334502696990967,-0.4900030195713043,-0.7375769019126892,0.4462796449661255,0.4269680380821228,0.1650703996419906,-0.110759437084198,-0.6869086027145386,-0.1251311898231506,-0.3879007399082184,0.0855911746621131,0.5321561694145203,0.4769286513328552,0.1885664314031601,0.0217708945274353,0.0049680480733513,0.0240357369184494,0.6705112457275391,-0.2045543789863586,-0.2210118323564529,-0.3744626641273498,-0.0408278629183769,0.3543540835380554,0.4988077878952026,0.3775115311145782,0.2836470901966095,-0.3732143342494964,0.3009678423404693,-0.0868764743208885,-0.004239575471729,-0.4689453840255737,0.2022922039031982,0.0236566364765167,-0.1893438696861267,0.1381958723068237,-0.4662011563777923,0.2944192290306091,-0.1530704051256179,-0.5548433065414429,-0.7746790647506714,-0.2961821854114532,-0.0049435934051871,-0.5346019268035889,-0.3259390592575073,-0.5166333913803101,-0.7385349869728088,-0.1966463327407837,-0.1596683263778686,-1.2212648391723633,-0.3655493557453155,0.4265333414077759,-0.2801930904388428,-0.4832394421100616,-1.49966561794281,0.4153688848018646,-0.1320447474718094,0.4825134873390198,0.1052089408040046,0.0843430608510971,-0.0806316286325454,-0.384474515914917,-0.206035166978836,-0.5459954738616943,0.048382744193077,-9.397575378417969,0.6110579967498779,-0.3022498786449432,-0.449549913406372,-0.4937731027603149,-0.5718859434127808,0.9688277244567872,0.8543307185173035,-0.9126839637756348,0.7213301062583923,-0.900721788406372,0.0133666275069117,0.4344164133071899,0.0482324287295341,-0.3157982528209686,-0.0007790714153088,-0.1771056801080703,-0.1370230317115783,0.2532511353492737,0.162343293428421,-0.7282872796058655,-0.4073796272277832,0.5564297437667847,0.4473257660865783,0.2831100523471832,-0.5025906562805176,-0.0296384245157241,0.5075408816337585,0.2642133235931396,-0.0422929003834724,-1.2706632614135742,0.6831713914871216,-0.6613463163375854,0.2869845628738403,-0.0915773585438728,0.5197584629058838,0.1137973144650459,0.5718725323677063,-0.5295335054397583,0.2840394675731659,0.1927234083414077,0.3065020740032196,-0.0535545870661735,-0.4444628059864044,0.1484346538782119,-0.4612801671028137,-0.1072247773408889,0.0021844543516635,0.6407381296157837,-0.1051519736647605,-0.588725209236145,-0.2315421104431152,0.0554504245519638,-0.3348857164382934,0.246359184384346,-0.7270677089691162,0.3770185112953186,-1.5461019277572632,0.2582085728645324,0.1408988535404205,0.7794867753982544,0.1834184974431991,0.5569813847541809,0.8571094870567322,0.0967903211712837,1.013610601425171,-0.3504791855812073,-0.6792387366294861,-1.0385982990264893,0.1664153039455413,0.4071681797504425,0.481046974658966,0.0756908953189849,0.5647799968719482,0.1709572374820709,0.0381175652146339,-0.2067945301532745,0.2699972093105316,-0.009832383133471,-0.101856380701065,0.41914963722229,-0.5814765095710754,0.2678888738155365,0.6092039346694946,-0.2024169415235519,0.7557705640792847,0.4124761521816253,-0.5327741503715515,0.4883399605751037,-0.3862907886505127,0.6074084639549255,-0.3293782472610473,-0.7903771996498108,0.1623403877019882,-0.0159827042371034,-0.5629340410232544,-0.3584897518157959,-0.3227139413356781,-0.0365639328956604,-0.4023095369338989,-0.8079761,-0.6286858,0.82855046,1.2697582,-0.9272944,-0.61341304,-1.3342583,0.11114941,0.90669525,-0.6348411,0.41609073,0.13897717,-1.7773057,2.537068,-1.0300673,-0.08261063,0.87942755,-0.7161087,0.04335412,-0.63656074,0.5666485,0.6529034,1.0438664,-0.62223476,0.5756817,0.6067643,0.49596223,-0.67960674,-0.5871445,-0.56823105,0.13705166,-0.6151137,-0.7653116,-0.5035564,0.14559293,-1.1869125,-1.1701094,1.6229286,0.261014,-0.38099274,-0.6947881,0.86787647,-0.045668546,-0.21978073,-0.8031791,-0.08807976,1.9880155,-0.87439287,0.23747662,-0.80871594,-0.74060005,-0.2810488,0.4563147,0.9654798,0.5500962,-0.1876905,0.7032725,0.59789294,-0.3600576,-0.9993265,-0.09944423,1.0095792,-0.7936314,0.015527359,0.43086275,1.2360942,-0.25957716,-0.35837385,-0.4896644,-0.764345,-2.3897386,-0.63421774,-0.022693848,1.1117673,-1.3650105,0.9855886,0.24694438,-0.55734956,0.25548518,0.39942136,0.63086736,0.12454728,-1.1932142,1.5096104,-0.77827305,-0.5711421,-0.35216096,-0.2643431,-1.3025922,0.14541014,-0.17877652,-1.5220329,-1.2162514,-1.1385648,1.5020975,-0.1410098,-0.6921068,-0.7592463,-1.1894696,0.02054911,0.20272636,1.2814196,0.13842389,0.25340638,-1.1590588,-0.40819368,-0.61261547,-0.7759221,-0.81865746,0.6132032,-0.10349972,0.39727885,0.9130363,1.7061874,0.5980483,0.7069019,-0.55721337,-0.8131533,-0.3616381,0.080846734,1.3912798,-0.10839373,-0.6696776,0.6773196,0.24561451,1.4309891,0.38757858,-0.5609956,0.7568937,0.5622066,0.54416615,-0.5821055,1.5016314,0.53963363,-0.9792585,-0.06628648,-0.71998376,0.2615997,0.5183662,-0.56622845,-0.61657006,-0.22326827,-0.07156358,-0.718464,0.21967258,-1.4774812,0.14406301,0.83957833,1.2383406,-0.05661493,-0.05452419,-0.29315418,-1.224331,0.6041937,0.8034233,0.57670915,-0.052492924,0.30452824,-1.2681266,1.1669279,-0.0021999222,1.7136475,-0.91901195,-0.017167032,-0.03470793,0.61520004,-0.6380778,0.7016862,-0.9556716,-2.3440912,-0.68353,0.31885388,0.52446073,-0.16709979,0.6562489,-0.08973491,0.59956855,0.40375566,-0.8780046,-0.053353645,0.29104835,1.2532861,-0.23191138,1.3564354,-0.17175804,0.41659364,0.959544,0.3976521,0.5453491,0.009199247,0.78018564,-0.49557734,0.6210593,0.9253581,1.0996163,2.4988627,0.8566851,-1.7010005,-1.076082,0.7959436,-1.7320929,-0.6167002,0.7687276,-0.83608264,1.3376772,-0.38766685,-1.372536,2.115489,0.4316941,0.14493904,-1.059583,-1.299724,1.1355201,0.7352591,-0.42351755,-0.21136558,-0.9083165,0.5021114,-0.781836,-0.36269853,0.58190906,0.17269482,0.5929019,1.9354889,-0.7860981,-0.044811934,0.20951077,0.3317929,0.17232575,0.23520815,-0.6948121,0.20461817,0.3355594,-0.6920832,-0.5750871,0.494709,-0.49664947,0.92431104,-0.4517235,0.27902603,0.2162433,-0.572103,0.35114223,-0.4462978,0.40527305,0.7425337,1.591831,0.2367747,-1.5467273,-0.28847107,0.28596523,0.9360979,-0.00860034,0.12541768,0.5882686,0.8770641,-0.29028156,-0.054367106,-0.55952305,-0.055602286,-0.08386288,0.58744717,0.054965477,-0.1509697,0.4980857,-0.63497865,-0.486965,-0.15083575,-0.16959248,-0.90042883,-0.7360075,-0.53856057,-1.4366642,-0.03497871,0.27068055,0.21419442,-0.8983477,-0.7229715,-1.1166769,0.23866865,0.36477333,-1.4126577,-0.51889664,0.24252537,-0.40571234,0.727619,-0.21985616,-0.4116773,0.2552545,0.7862957,-1.3703207,0.7029745,0.17218217,0.8341084,1.3089875,0.040940285,1.2587259,-0.8163453,0.7115876,-0.9713438,0.7276784,1.0129616,-1.5198498,0.90879524,-0.35656324,-0.5505687,0.41610187,-1.3103887,-0.34878626,-1.0545312,0.36037165,-0.24680218,-1.3604574,1.8179309,-2.0002623,1.8076855,-1.3723806,-0.26780602,-0.34767446,-0.8456612,-1.3438772,0.9101926,0.33919266,-0.019439312,0.32151863,0.56572574,0.117787905,0.18262921,0.3128613,1.1163174,-0.5497121,0.8108846,-0.66609794,-1.3738387,0.21760647,0.7509374,-1.3551444,-1.4634489,-1.6946423,-0.67774814,0.5352577,-0.333404,-0.2659268,0.91465634,0.025574641,0.20932494,-1.0360092,-0.08067282,0.45344618,-0.9851603,1.1469667,0.0010654734,1.2806617,-0.9439782,-0.39941058,0.5061268,-1.8446767,-0.43501922,-0.4104595,1.7162473,1.0221424,0.6416915,0.7797133,0.23976572,-0.9219451,-0.22012712,0.93003833,-0.11907335,1.6785246,0.124939375,-0.6627936,1.5422908,0.0953904,0.4195303,-0.30656856,-0.26399714,1.9536194,0.39410838,-0.3884806,-0.18748474,0.08349866,-0.19465366,0.19291231,0.1461507,0.07181907,-0.16824351,0.52657497,0.4578491,-0.8341559,-1.0188679,-0.41157293,0.14264391,1.0103558,1.6342298,1.358731,0.11853289,-1.0039787,-1.8665648,0.58664256,1.0317434,0.362213,0.6578971,-1.5148714,0.47510403,0.02292644,-0.010208845,-1.095988,-1.9005276,1.8515159,0.650081,0.44592434,1.6112918,-1.2900449,-1.7015501,-0.3006622,0.5467244,-0.18993069,-0.81927806,-0.43086,0.62309647,-1.102475,1.0680155,0.71726215,0.57179403,-0.22055396,-0.10097166,0.5190141,0.24061073,-0.47637492,-0.6693306,-0.073957816,0.35951334,-1.2240824,-0.42589357,0.6056611,-1.8890741,0.9214629,-0.45176673,-0.060888894,0.01714302,-0.67127496,-0.6872416,-0.31620505,-0.16988836,-1.1179599,-1.295761,0.36466187,-1.276703,-1.6167717,0.94730127,1.4826268,-1.0473375,0.30526853,0.051710982,-0.109502,0.60135496,-0.044730153,-0.2622282,0.57267904,-0.035380352,-0.18477723,-0.07857997,-1.3913805,-0.689724,0.2813406,-1.4134903,-1.4306625,1.1405345,0.5859342,-1.218585,-0.48303175,0.10581873,-0.9538231,0.523624,0.45034838,-0.12651639,-0.12005798,-0.6699483,-0.17824055,0.19705963,0.9255724,0.136681,-0.11277493,0.59599125,0.12914433,0.23492214,1.7001785,0.06058315,0.6161424,1.100153,0.0049509183,-0.6920346,0.9222003,-0.17944252,-0.13891903,0.70085675,-1.5348542,-0.89229566,1.5969423,-0.5799031,-1.0993179,0.13677058,0.9075843,-0.045099404,0.5351323,0.48040867,1.3172607,1.503042,0.9318843,1.587571,-0.4704716,-0.5243644,-0.37846145,0.5981125,-0.92163795,-0.81307906,0.26489645,0.63415754,2.313105,-0.84158975,0.18490909,0.8755376,-1.0121493,-1.0423014,0.42038494,0.69628555,-0.76489514,-0.6950939,0.33362654,-0.9242169,0.48871145,-2.061742,-0.5918051,0.63074017,0.8528599,-0.959237,-0.22769989,0.49486417,0.289303,-0.9760593,0.16367641,1.5951444,1.143454,-0.48887762,-1.2415882,0.51508665,-0.7345687,-1.4765608,-0.011702393,-0.45360893,-0.4253647,-0.025820324,-0.10126138,0.027876284,-0.935752,-0.52543014,1.516823,0.40525454,-0.19987614,-0.06312775,-1.2175361,1.6782218,-0.28855786,-0.39554897,1.0709366,1.0346824,-1.4408896,0.6366386,-0.86549276,0.5874664,-0.89388,0.3370364,0.9509703,0.6802545,-0.5225278,1.4643837,-0.0042210086,-0.3480021,0.2105387,0.43090984,-0.23001082,0.67677104,-2.094967,1.064386,-1.5011446,-1.1265477,0.31097594,0.9984263,-0.35962078,-0.09724475,-0.5945898,1.0778143,0.82690185,-0.98557884,0.8888621,1.6505481,-0.42900422,-0.92514694,0.9045308,0.3935569,-0.4685419,0.03873927,2.3897731,0.07814249,0.5915405,-0.8722592,-0.6070257,0.5113018,-0.41106743,-0.6570587,-0.13109307,-0.5463193,0.22439983,0.41176778,-0.51718825,0.8542128,-0.94700944,0.39227942,1.137711,-0.6871875,0.0092578875,0.2503716,-0.45676127,-1.1805964,-1.3420626,0.5804978,0.2974331,-0.30174604,0.23593642,0.24833223,1.4561683,0.737399,-0.23349097,-0.7396144,0.58206797,1.0381633,0.8874851,-0.5439824,-1.0655059,0.5299941,1.5215894,-0.4037833,0.4571195,-0.20933655,-0.3586298,-1.9513966,0.938098,0.5333273,0.081124075,1.205527,0.41697973,0.07445947,0.5523158,-0.38766694,0.108767055,-0.26739076,-0.49028474,-0.059690736,0.41884843,-0.96730316,0.006585087,-0.59031266,-0.008143536,-0.30401036,0.48483786,-1.1475838,0.42864814,0.057357293,0.72674453,0.19505255,0.103341036,-0.7650513,-0.74743587,-0.75054675,1.5319432,1.0602729,0.13023743,-1.6733927,-0.5048045,1.0029744,0.3991854,-0.38053465,0.5079356,0.037694156,-0.922604,-0.06965737,-1.0464978,-0.63437575,0.25567594,0.6081332,-0.80929375,1.0580716,-2.0660322,0.95344573,-0.051124845,-1.0386683,-0.067434214,0.5159851,-0.8267277,1.7727076,1.2616297,0.07851179,-0.04183162,1.110728,0.5244853,-0.1549819,-0.58646333,-1.532633,0.7818508,0.95177585,0.31534472,-0.73825353,-0.20130181,0.5856655,-0.5217404,1.9238695,-0.34961152,-0.52868885,-0.16251281,-0.44010544,-0.8840458,-0.19387166,-0.59487456,-0.42010537,-1.3913155,0.16953012,-0.51867706,-0.05358482,0.6634869,-0.5297697,0.056500755,0.46054173,1.0572577,1.0916802,0.6311015,0.5624338,-0.7766266,-0.20157269,-1.0575589,-0.5456585,0.67158896,-1.0538744,0.078731164,0.10304313,1.1351697,1.8771961,0.11897863,-0.8362527,0.38055292,-0.25470957,0.41858166,0.0021944034,-0.86131895,-0.34173283,0.42194495,0.2572246,0.5259761,-1.5296293,-0.5846001,0.18932943,0.59278965,0.28745493,0.5789892,0.42330217,0.6612256,1.510773,0.41345024,-0.2637258,-0.47979137,-0.6869163,1.0870316,1.0037099,-0.9318751,-0.90450346,-1.5033045,0.25533435,1.2553772,0.0032905228,0.6476375,-0.05511567,-1.393204,2.3437781,-0.8118342,-0.25107336,0.9110607,-0.5192706,0.35508,-0.4463593,0.6535318,0.41289756,0.6756686,-0.5213325,1.2884355,0.98162377,0.5854074,-0.5472513,-0.75209725,-0.8781662,0.37559655,-0.38134497,-0.93445385,-0.36887813,0.18790583,-1.0994271,-1.1475116,0.938228,0.20038484,-0.69151306,-0.71527183,0.34704483,-0.09313887,-0.12898856,-0.4205981,-0.31183958,1.7241943,-0.4299147,1.1250575,-0.16632497,-0.8387214,-0.24908791,0.5238622,0.71115583,0.80842537,-0.31479797,1.1833605,0.9831369,0.24077494,-0.36567456,0.29914796,1.1229993,-0.9728303,-0.48651806,0.21462531,0.7893363,-0.48419124,-0.40450063,-0.48260808,-0.65109503,-2.2385354,-0.6964409,-0.06752134,1.574973,-1.4668503,0.6390237,0.23572011,-0.636871,0.27814174,0.11237507,0.38583094,-0.21994966,-1.3764526,1.1508614,-0.76440203,-1.4089262,-0.30220512,-0.4046987,-1.2342803,-0.17031589,-0.54832757,-1.1990328,-1.7025985,-1.4375212,1.1527582,0.049301997,-1.0484113,-0.8842364,-1.7033587,0.099358186,0.3130373,1.1384034,-0.23058605,-0.9274715,-0.7475471,-0.5373144,-0.5702242,-0.7242284,-1.2010702,0.65401053,-0.1874687,1.0241383,0.24985123,0.9644766,0.69504905,0.87070495,-1.2179396,-0.9014104,-0.39990312,0.22022712,1.2764908,0.39494663,-0.93442,0.69857687,0.0951386,0.966896,0.3386712,-0.88407916,0.19119245,0.106564514,1.1088338,-0.5679255,2.2501678,0.41935736,-0.48373058,-0.77149975,0.019202165,-0.32345343,0.6129727,-0.9872104,-0.21957727,0.036658328,-0.3369016,-0.57929665,0.094564855,-1.049729,0.37980092,0.7530537,1.6321507,-0.13385817,-0.17155421,-0.06720588,-1.358162,0.37743652,1.0177166,-0.004048001,0.66008943,0.42730373,-1.2069261,1.3220278,-0.21484102,1.1857518,-0.71285915,0.18339822,0.21610342,0.4820261,-0.9202875,0.6526322,-0.4710448,-1.9425557,-0.32518303,-0.05921083,0.515362,-0.013670374,0.42494065,-0.10939878,0.25291762,0.28331053,-0.99657845,0.0048933234,0.81444097,0.6315596,0.02981254,1.0988237,-0.7424745,-0.043450512,0.48977807,0.75098556,0.7304072,-0.008364018,0.92662644,-1.1460017,1.2282223,0.8340498,1.135539,2.590039,0.6033603,-1.6933475,-1.4342082,0.6716291,-2.3481443,-0.47807884,0.57651323,-1.1811808,1.254477,-1.0594443,-1.1266823,1.8213375,0.90558994,0.2448856,-1.5383625,-1.2000736,0.75772536,0.46429703,-0.3497529,-0.1926539,-0.6501088,0.24518338,-0.068066545,-0.51015615,0.68101335,0.6146861,0.1337824,1.7127999,-1.0673993,0.40521544,0.5139755,-0.42809278,0.52892303,0.3892955,-1.1434803,0.9947519,0.7441895,-0.117803596,-0.07069214,0.42634416,-0.7421339,1.0171726,-0.11323829,0.75467384,0.37902543,-0.3448698,0.3975389,-0.5039057,0.71505857,0.9096509,1.6171004,0.44273907,-1.5249466,-0.22630167,0.2096429,1.253592,-0.065913476,0.39439112,0.036494106,1.1516905,-0.51551837,0.73141134,-0.3923189,-0.57275504,0.47437546,0.7656924,-0.55300546,0.35300368,0.23131166,-0.5016918,-0.4281687,0.18415149,0.54555,-0.8847973,-0.73679465,-0.90355814,-0.9697114,-0.06283061,0.2415365,0.5907243,-0.6368861,-0.820069,-1.2149799,0.20109464,1.0968274,-1.5886009,-0.5660579,-0.6681689,-0.7541031,0.54549295,-0.18216431,0.056964025,0.095367886,0.29136783,-1.2821175,1.1952004,-0.522658,0.47404325,1.2505289,-0.34518865,0.47302392,-0.62270117,0.26521957,-0.8849908,0.57308245,0.54721975,-1.3596963,0.8847808,-0.05466082,-0.57774895,1.0175344,-0.9659837,-0.6778771,-0.7013705,0.36597875,-0.15227866,-1.1784981,2.3079362,-1.8688169,1.2332325,-1.436879,-0.42660016,-1.0537213,-0.38615137,-1.1578423,0.7176441,0.4644812,0.13422063,0.5591031,0.39166912,0.095713474,0.53407824,-0.13482118,0.74330646,-0.13191056,0.52606237,-0.75950074,-1.032881,0.21711256,0.94038683,-1.2600195,-1.0520164,-1.0084255,-0.6027898,0.18881612,-0.3385571,-0.290988,0.7322605,0.24774316,0.79627216,-0.9600102,-0.08230467,0.16782615,-0.098150626,1.5215943,-0.021778751,1.656599,-0.78897405,-0.41492984,0.7944466,-1.4457573,-0.60808647,-0.16938952,1.4404862,0.40001968,0.35787526,0.42642504,0.71501166,-0.48196074,-0.7800572,1.0188661,0.12083724,1.2027557,0.32761747,-0.59984994,1.4495894,0.069986604,0.8842486,-0.37748128,-0.59915245,1.865877,0.039700482,-0.4901213,-0.5544058,-0.43956935,-0.1896683,-0.11924182,0.2797719,-0.15754393,-0.25392824,0.65329313,1.1189842,-0.79234076,-1.3871251,-0.9386099,0.27133545,1.3297725,1.2833211,1.5152225,-0.40575305,-1.1372209,-1.6030631,0.058418937,1.3023207,0.34819254,0.49302143,-1.3734188,0.3834545,0.62080085,0.6165437,-0.61391085,-1.2103264,1.4154456,-0.18503495,0.5048499,1.729212,-0.40189475,-1.014207,-0.31648603,0.21834947,0.002055116,-1.177625,-0.4510482,0.7004512,0.10471928,1.2696795,0.9307056,0.48790747,0.114608474,-0.03981511,0.6337881,0.10635708,-0.8855528,-0.38583937,-0.033338584,-0.08230158,-1.3978412,-0.8002726,0.68319154,-2.3419192,0.9191827,-0.10137171,-0.49872097,0.109947085,-0.49753633,-1.0073411,-0.92312527,-0.3887108,-0.81842905,-1.2000734,0.6629927,-1.4226382,-1.1779594,1.1913645,1.1040324,-1.1264462,0.5871997,0.3684294,0.040210918,0.75877494,-0.18789238,-0.29390633,0.38148087,-0.6138757,-0.13061385,-0.29490027,-1.8486177,-0.4952308,0.78636724,-1.4273033,-1.5331186,0.8092084,0.90092695,-1.1982002,-0.9711822,-0.1800151,-0.31994802,0.7611296,1.3334179,0.06686275,-0.29442537,-0.50254047,-0.29950553,0.32353425,1.0554286,-0.3334764,-0.054220483,-0.0155745745,0.056744706,0.6664056,1.7512294,0.4130947,1.4681895,0.78226674,0.76234734,-0.14969881,0.43682194,0.14076248,-0.41778883,0.61795175,-1.5369229,-0.4691054,1.2727344,-0.39934474,-1.1655877,-0.30783847,0.64490736,-0.47161537,-0.38126642,0.38877052,1.461943,1.2300869,0.9664907,1.9926736,-0.15117641,-0.08332636,-0.22994924,0.25711492,-0.97375643,-1.0408283,0.12867153,0.49945122,2.099494,-0.12547266,0.6949947,0.47609025,-0.9154253,-1.1550744,0.20525457,0.023475878,-0.6966787,-0.5165987,0.59963757,-1.3619964,0.11742778,-1.4835503,-0.0071549714,0.92452705,0.6538241,-0.35503054,0.5107626,0.64981395,0.12814151,-0.85379267,0.10884169,1.1020992,1.2466725,0.03902082,-0.95055,0.41789052,-0.32774147,-1.9245002,-0.08315839,-0.8055321,-0.76621145,0.34817055,-0.60044396,-0.39836806,-0.56954753,-0.55445725,1.4871714,0.29628503,0.07232347,0.3877607,-0.90161234,1.4435639,-0.34535307,-0.0777038,1.1929427,0.5851533,-1.4038547,0.27102977,-2.1171348,0.54877484,-0.51868826,0.6891794,1.421227,0.20020643,-0.8363547,1.8663266,-0.6260158,-0.34846315,-0.30901837,0.60463375,-0.20692086,0.28448814,-1.9958264,1.1005695,-1.4384015,-1.0728441,-0.2327947,0.6897261,-0.33683866,0.3094548,-0.3773455,0.47598112,0.6389718,-0.70043766,0.58697397,2.3238437,-0.41811937,-1.6424618,0.79430544,0.21042687,-0.60854304,-0.19119994,2.5320408,0.4774488,0.6881776,-1.3695502,-1.024239,0.4245395,-0.19088595,-1.1615983,0.008856975,-0.33147335,0.16407725,0.04265202,-0.3523107,1.0291458,-1.1569109,0.020988282,1.2245427,-0.6961803,-0.22481325,0.32191807,-0.6328668,-1.0869594,-1.1884787,0.7759523,1.1449506,-0.8120597,0.45444512,0.7185115,1.7446749,1.134019,-0.29181486,-0.9689137,0.59171176,1.3051988,0.67746127,-1.0229627,-1.3144242,1.1155145,0.8470239,-0.6829382,0.6296635,0.25965142,-0.43955448,-1.5145423,1.4464879,0.4241178,0.06855257,1.017004,0.20280406,-0.21107708,0.2352441,-0.06946391,0.15054746,-0.65892214,-0.57736963,0.028095465,-0.45247203,-1.0004046,-0.023903362,-0.8147251,0.4046786,-0.16918504,0.80718434,-1.777213,0.6211661,-0.22107351,0.86174726,0.2869646,0.05392626,-1.1068718,-0.63377184,-0.6169001,1.4686089,0.9747613,-0.21537764,-1.1185693,-0.0048047416,1.1807802,0.8485466,-0.8603179,-0.023859164,-0.054787986,-0.93592906,-0.21072178,-0.7729702,-0.8477322,0.17691058,0.7564765,-1.1033337,1.1891005,-1.6002719,0.6342177,0.0073398426,-0.9304633,0.03884245,0.10262366,-0.5233084,2.1926644,1.150475,0.102213725,0.29423884,1.0882957,0.91757274,-0.36195105,-0.15731461,-1.4168957,1.1391479,1.2991378,0.41213164,-1.0576466,0.109874144,0.61274415,-0.6997707,1.2126276,-0.19151255,-0.51597077,-0.73702997,-0.5150279,-0.52700984,-0.2865096,-0.5367593,0.3327879,-0.94499034,0.27818328,-0.6403928,-1.0208724,0.21143578,-0.48764712,0.36902446,-0.24237789,1.0229921,0.5969471,0.5636997,0.54339397,-0.6078206,-0.32403457,-1.2936007,-0.83313036,0.5995744,-0.8334899,0.74680424,0.39058638,1.2064856,1.5443374,0.32506266,-0.9591588,0.14418653,0.052724235,0.15441708,-0.15683338,-0.4532274,-0.443469,0.54168355,-0.04506567,0.28656766,-1.3339206,-0.5245619,-0.063508905,0.50663567,0.41283512,0.6234387,0.20202973,0.48281085,1.746916,1.0699112,-0.23144154,0.0
ン,0.0031761368736624,-0.0607978403568267,0.0868006199598312,-0.661807656288147,0.0111189065501093,0.3265124261379242,0.1916644126176834,-0.4045667350292206,-0.4292081892490387,-0.4083045125007629,0.5463610291481018,0.2070582807064056,-0.3826923966407776,0.0625517517328262,0.7951143980026245,-0.442884236574173,0.3125962615013122,0.3438512980937958,-0.0523972958326339,0.0517843142151832,0.0978624746203422,-0.5571790337562561,-0.2747199833393097,0.0472691729664802,-0.0459600277245044,-0.3686332702636719,0.2244462519884109,-0.082312487065792,0.0983265489339828,-0.2376643419265747,0.1591430008411407,-0.4425821006298065,-0.0801399499177932,-0.2665002346038818,-0.0309830289334058,0.0108848055824637,-0.0690804943442344,0.2679064273834228,0.2063704431056976,0.1932753026485443,0.1479707956314087,0.0076370746828615,0.1948626637458801,-0.1712042689323425,-0.0528566688299179,0.1627152562141418,-0.0894470736384391,0.1004108041524887,0.591101348400116,-0.2889629006385803,0.1374229490756988,0.5501917600631714,0.4750784933567047,0.1716260015964508,-0.0601437613368034,0.3185002207756042,0.8224498629570007,-0.557417631149292,-0.1149771809577941,0.1276140511035919,-0.5706307291984558,0.2014473527669906,-0.3595708608627319,0.2332155704498291,-0.2315685451030731,0.1064353063702583,0.0359065234661102,-0.1417602002620697,-0.3781137466430664,-0.3540096879005432,-0.0274864323437213,0.402396023273468,-0.6046552658081055,-0.3359215855598449,0.5048612952232361,-0.1393412053585052,0.3976526856422424,-0.1794541180133819,0.0227434691041708,0.1814790219068527,-0.1187740936875343,0.2268717288970947,-0.0903581604361534,-0.6762161254882812,0.0569993667304515,0.0246051810681819,-0.2300129532814026,-0.5120596289634705,0.1248785406351089,-0.4493535459041595,-0.1133277118206024,-0.2073936313390731,0.3074301481246948,0.0145306037738919,-0.1841437220573425,0.1837277859449386,-0.0620439946651458,-0.2285856008529663,-0.0833185613155365,-0.0128377340734004,-0.4649055302143097,0.2861506342887878,0.1150683984160423,0.1076434478163719,0.0551507472991943,0.1075687184929847,-0.1809568107128143,0.3812497854232788,-0.139119878411293,0.4462940990924835,0.2862721383571625,-0.2635545432567596,-0.2679628133773803,0.0520831122994422,-0.1249072924256324,0.0026477477513253,0.0267717316746711,0.2469020783901214,0.0302001107484102,0.3710814416408539,-0.1098586171865463,0.4699374139308929,0.0058718807995319,-0.0616717003285884,-0.2280991375446319,-0.1406721770763397,0.0704468786716461,-0.3091879487037658,-0.0072021726518869,-0.3812822103500366,0.1617260724306106,-0.0414503291249275,-0.5856931209564209,0.2547442615032196,-0.1138062626123428,0.4811491072177887,0.130574569106102,0.0783994868397712,-0.391741931438446,-0.5688015818595886,-0.0319120548665523,-0.2438270598649978,0.3643069565296173,0.0948860645294189,-0.1718646436929702,0.2716177403926849,0.3198012709617615,0.1311369985342025,0.7376388907432556,0.5044369697570801,-0.2001553475856781,0.7393048405647278,-0.4966245889663696,-0.0050921100191771,0.2593344748020172,-0.1624211370944976,-0.4992667436599731,0.4151813089847564,-0.1086982414126396,0.6080097556114197,0.1552628129720688,-0.3181414604187011,0.2967957556247711,0.8420257568359375,0.1295166760683059,0.7175630331039429,0.3213450014591217,0.4221847653388977,0.605125904083252,0.5966471433639526,-0.1656567007303238,0.5463995337486267,0.3133746683597564,-0.3287399113178253,0.2963298261165619,0.005749715026468,0.0374555811285972,0.5076952576637268,0.1681631803512573,-0.9266054034233092,-0.1957228630781173,0.1941849142313003,0.052257839590311,-0.4191427528858185,0.7755953073501587,0.0066946446895599,0.5302921533584595,0.2605101466178894,-0.0696816518902778,-0.184170588850975,-0.0372766554355621,-0.0098567195236682,0.2622301578521728,-0.4053263068199157,-0.5704964995384216,-0.1914510577917099,0.0944606438279151,0.0508277006447315,-0.4833554029464721,0.4180681705474853,0.3133998513221741,-0.036971129477024,-0.2730249464511871,-0.8953977227210999,-0.8142644166946411,-0.2519980072975158,-0.1531452983617782,0.2973617613315582,0.0147576453164219,0.0984799936413765,-0.2799798250198364,-0.3443861305713653,0.3409165143966675,0.0603276640176773,0.2964895069599151,-0.0570669658482074,-0.9990729689598083,0.0238197539001703,0.0489080734550952,-0.0346764251589775,0.1864619255065918,0.0158124044537544,0.2862429022789001,-0.5115312337875366,-0.2338037192821502,0.1353099048137664,0.1608468294143676,-0.2106554061174392,0.1547987461090088,0.5374172329902649,-0.066332496702671,-0.1900498867034912,-0.8293370604515076,0.2218030542135238,-0.0450445711612701,0.4054462313652038,-0.6599977016448975,0.6992177963256836,0.018104126676917,-0.002429557731375,0.5482659935951233,0.3278791010379791,0.1139019280672073,0.2349071204662323,-0.3641423285007477,0.3448559641838074,0.1526006162166595,-0.4325889348983764,-0.6531708836555481,-0.5379634499549866,-0.927617609500885,-0.3598898649215698,-0.0856102630496025,0.1103380993008613,0.4773735404014587,0.0974730402231216,0.2282249182462692,-0.4778967201709747,0.1223301813006401,-0.3653758764266968,-0.3753630220890045,-0.4723738431930542,-0.2525172531604767,0.0311940945684909,-0.1930955797433853,-0.2202931046485901,0.0085229333490133,-0.555094838142395,-0.7384956479072571,0.1608379185199737,0.0788786187767982,-0.3683903217315674,-0.4114533364772796,0.0641935840249061,-0.1213461458683013,-0.3295978009700775,-0.011258372105658,0.254391461610794,-0.3797242045402527,-0.0208807196468114,-0.6492891907691956,0.6138627529144287,-0.6307557225227356,-0.3399337232112884,-0.1044942960143089,0.0166841223835945,-0.1446605622768402,-0.4678792357444763,-0.1896993815898895,0.7635605931282043,0.2990688681602478,-0.138578861951828,-0.3641351163387298,-0.4979437291622162,-0.5783031582832336,0.4369446933269501,0.4176512956619262,0.1074473783373832,0.0878961756825447,0.402312695980072,0.5334050059318542,0.1978185474872589,0.2844682931900024,-0.1847484111785888,-0.2366843223571777,-0.2725338637828827,-0.1306344270706176,0.0627033412456512,0.4482207596302032,-0.305838406085968,-0.122567318379879,0.9938422441482544,-0.4593415260314941,-0.3654066920280456,0.7318883538246155,-0.0670155808329582,-1.3997195959091189,0.2089877426624298,0.4641358256340027,0.339649885892868,-0.481524795293808,0.7123547792434692,0.1878018230199813,0.5769309997558594,-0.2344101518392563,-0.4898486137390136,0.5672318339347839,-0.1247627809643745,-0.4136821627616882,0.4254004061222076,0.1543496400117874,-0.5032008290290833,-0.0087127489969134,-0.4590893089771271,-0.2126435190439224,0.4482419192790985,-0.1862764656543731,-0.0274078119546175,0.0112516330555081,-0.4013431370258331,-0.24400494992733,0.3090179860591888,-0.0148792658001184,-0.5374107956886292,-0.5534104108810425,-0.2894331514835357,0.3393507897853851,1.0581037998199463,0.144974336028099,0.6220086216926575,-0.4687284231185913,0.4528188407421112,0.3884975910186767,0.1073685884475708,0.5571797490119934,0.2764184772968292,-0.2424703538417816,-0.2158079594373703,0.5627112984657288,0.415305495262146,0.106074534356594,-0.0443860217928886,0.1336534172296524,0.0635653510689735,0.1826259046792984,-0.1055840924382209,0.6502776145935059,-0.141808420419693,0.3536523282527923,0.5146189332008362,0.2330994606018066,-0.0900570750236511,0.0781622529029846,-0.4576899111270904,0.1094290018081665,-0.8406364917755127,0.5045748353004456,-0.0283449869602918,-0.0218085329979658,-0.0520893447101116,-0.1031492948532104,-0.4371600151062011,-0.017949478700757,-0.1399894803762436,0.2675392627716064,-0.5081573128700256,-0.5338950753211975,0.1077740564942359,-0.0689213573932647,-0.283149242401123,0.171120136976242,0.3129028677940368,0.4287918210029602,-0.5326884388923645,-0.4094868898391723,0.7733538150787354,0.0162159632891416,-0.0072541129775345,0.5614296197891235,0.1175485625863075,-0.0760221034288406,-0.211329385638237,-0.4428883790969848,-0.2046450078487396,-0.7780249118804932,-0.3564236462116241,-0.4528417289257049,0.2160809636116027,0.2362763434648513,0.3225845992565155,-0.1116638481616973,-0.0470034219324588,0.0703728720545768,0.1373246610164642,-0.0632245987653732,-0.65218186378479,0.2310350388288498,-0.1592269390821457,0.5896809101104736,0.8067646026611328,0.1587326377630233,-0.2732491493225097,-0.1715768128633499,0.2116468995809555,0.2313543707132339,0.1230284571647644,-0.6485904455184937,0.0193797163665294,0.5927419066429138,-0.0951088666915893,-0.2243158966302871,0.1123715043067932,0.3114649355411529,0.461230456829071,-0.276660680770874,-0.382485032081604,-0.0353952907025814,0.3318245410919189,-0.0521954633295536,0.3872840106487274,0.0941041409969329,1.028633952140808,0.2518595159053802,-0.0752753987908363,0.2339671552181244,-0.3081791698932647,-0.0724743828177452,-0.2201147973537445,0.2931573987007141,0.1904922127723693,0.0927618965506553,0.5092480778694153,0.1100455299019813,-0.3637725114822387,-0.2760427296161651,-0.0828023701906204,0.3296189904212951,0.1685519069433212,0.0973466262221336,0.2866364419460296,-0.5149614810943604,-0.0037491263356059,-0.3459472954273224,-0.4577270150184631,-0.1330947428941726,0.1084762662649154,0.6005651950836182,0.1605362296104431,0.5439375638961792,-0.5331707000732422,-0.3257345259189605,-0.3711455166339874,-0.4540835320949554,-0.1340912729501724,-0.2620345950126648,0.2089841961860656,0.1866414099931717,0.1436269432306289,-0.4567202031612396,-0.3661319315433502,-0.0883623957633972,0.3650775253772735,0.0215740874409675,-1.0030871629714966,-0.4105854034423828,0.6311589479446411,-0.1848551332950592,-0.3698974549770355,0.1036599949002265,0.236632689833641,0.1726095229387283,-0.2160039544105529,-0.0213409829884767,-0.168961226940155,0.3041289746761322,-0.0161232110112905,0.4921342730522156,-0.09644266217947,-0.2044597864151001,-0.332964688539505,0.0566480383276939,-0.2578245103359222,-0.3340344727039337,-0.572498619556427,-0.3068805336952209,-0.0457549095153808,0.1794564574956894,0.1167832538485527,0.4510316550731659,-0.2446545511484146,0.4985246956348419,0.031571552157402,0.1467853039503097,-0.0906953960657119,0.2868809998035431,-0.2875887453556061,-0.1965115219354629,-0.1932107657194137,0.5326632857322693,0.2681797444820404,0.3176998496055603,-0.2003336399793625,-0.5330439209938049,-0.1281498223543167,-0.2392009794712066,-0.519485592842102,0.5827149152755737,0.0900339633226394,0.5456182360649109,-0.1836076378822326,0.2240788340568542,-0.1907528638839721,-0.0015128852101042,-0.3930225670337677,-0.1054306253790855,-0.1078258082270622,-0.8340499997138977,-0.186623215675354,-0.3212255537509918,-0.4420482516288757,0.5200933218002319,0.2669086158275604,-0.6013787388801575,-0.3170128464698791,0.1425212919712066,-0.034273512661457,-0.4507310092449188,-0.0893237888813018,-0.5125720500946045,0.1827784180641174,0.487899512052536,0.4282651841640472,0.4144729077816009,-0.2689167261123657,-0.6819618940353394,0.1487437039613723,0.7066802978515625,0.1276256442070007,0.2586115002632141,0.1338995993137359,-0.0630201920866966,0.0068775373511016,-0.3611669242382049,0.5995979905128479,0.3284713923931122,0.6112343668937683,-0.1593673080205917,0.5796571373939514,0.5704997777938843,-0.2039690464735031,0.27096688747406,0.9044501185417176,0.39722540974617,0.6367554068565369,-0.0577708259224891,0.036823458969593,-0.5470572113990784,0.2953176200389862,-0.2784082591533661,0.2505327463150024,0.2955975830554962,-0.3873145580291748,-0.0106711722910404,-0.4470608234405517,0.0582158118486404,0.3540639281272888,-0.2572919130325317,0.0640492439270019,-0.1530279666185379,-0.5277718901634216,0.3817476332187652,-0.158414676785469,-0.0710591152310371,0.1840384602546692,-0.0350280739367008,0.4537293612957001,0.528607189655304,0.2899109721183777,-0.0413019880652427,0.2188134342432022,-0.6566449999809265,0.0871488004922866,-0.4678245782852173,0.2556524276733398,0.8074514269828796,0.1066321358084678,-0.7058013081550598,0.1147244274616241,0.7123931646347046,-0.3560422956943512,0.0612720251083374,-1.0915507078170776,-0.1837315112352371,-0.1110924184322357,0.1160295903682708,0.1151471585035324,-0.1754621565341949,0.4969201385974884,-0.3079700171947479,-0.1208853498101234,-0.2617020308971405,0.7547056078910828,0.0675808936357498,-0.2036011964082718,-0.0834806710481643,0.0529114045202732,-0.0520556680858135,0.2553771734237671,0.0519331432878971,-0.4064322412014007,0.1175331100821495,-0.0400002636015415,-0.2948659062385559,-0.0202174540609121,0.4066607654094696,0.1878072172403335,0.0256806910037994,0.2268457561731338,-0.0400772243738174,-0.8691291809082031,-0.2082367241382599,0.3324902355670929,-0.942822277545929,-0.0735208243131637,-0.1429763734340667,-0.1136432737112045,0.3548907041549682,-0.1476150751113891,-0.3494469225406647,0.015733528882265,-0.295113205909729,-0.0524454191327095,-0.1219716221094131,-0.5856705904006958,-0.0685122907161712,0.2011014968156814,-0.0997806042432785,-1.0749133825302124,0.1433800905942917,0.1807161569595337,0.3349646627902984,0.0505462624132633,0.51595139503479,0.2372927665710449,0.0397394374012947,0.4213206768035888,-0.229931965470314,0.179247185587883,-10.382081985473633,-0.4448930025100708,-0.3652932643890381,-0.183305487036705,-0.3692849576473236,0.4921149015426636,0.6921905279159546,0.3035148084163666,-0.2524159848690033,0.4128586649894714,-0.3018664121627807,0.2482895404100418,0.1434746235609054,0.9373087286949158,-0.4286087155342102,-0.1827657520771026,0.3007826209068298,0.082112118601799,0.0640494301915168,0.3107931613922119,-0.2130162268877029,-0.4070342779159546,0.6020965576171875,0.0759041309356689,-0.0683071687817573,-0.3665779531002044,-0.2489219903945922,0.2341049611568451,-0.1814572066068649,0.1103604510426521,-0.6091642379760742,0.5347440242767334,0.1003084331750869,0.3639244735240936,-0.7448790669441223,-0.2301767915487289,-0.0891357064247131,0.2333881556987762,0.3847591280937195,0.5595882534980774,-0.0836476907134056,0.6774351000785828,0.2649302184581756,-0.4228098094463348,0.853337287902832,-0.2344857007265091,0.3338377773761749,0.5192164182662964,0.2750162482261657,0.1354071348905563,-0.1363216787576675,-0.6438022255897522,0.0042162416502833,-0.4347541332244873,-0.1330995559692382,-0.1422829777002334,0.3304428160190582,-0.6977059245109558,0.0330822952091693,-0.1127327904105186,0.4786390364170074,-0.273013710975647,0.6636946201324463,-0.0587224513292312,-0.3250734508037567,-0.1605715006589889,0.0656867250800132,0.6946278810501099,-0.5975626111030579,-0.2920809686183929,0.5590290427207947,-0.2730327248573303,0.2166372835636139,0.4055890440940857,-0.4609197080135345,0.2656212449073791,-0.1926836967468261,-0.177279993891716,1.1196138858795166,0.0746123492717742,0.4504166543483734,-0.0480197295546531,-0.4257279634475708,0.1747554093599319,-1.0736651420593262,0.4939015209674835,-0.1731966435909271,0.1242589876055717,0.3955589532852173,-0.4195772707462311,0.582466721534729,0.0015246457187458,-0.3316822946071625,0.1182079017162323,0.481196790933609,0.0666705295443534,0.4595232307910919,0.0795234888792038,0.923289954662323,0.1367945075035095,-0.7140341,-0.77531034,0.6276314,1.9941627,-1.4713831,-0.09480387,-0.66326314,-0.16195734,1.1738447,-1.0130835,0.035201687,0.7816536,-2.4417331,2.3309214,-0.91436195,0.28438056,0.96902466,-0.9636102,0.29041603,-0.5462437,1.0285846,-0.14497232,1.1476321,-0.9545698,0.5381858,0.7015012,-0.02987332,-0.53868645,-0.35935828,-0.91660476,0.5162808,-0.78935456,-0.2433135,0.07275496,0.4935815,-1.5181032,-0.94612455,1.0123205,-0.0032879163,-0.34245935,-1.2417989,0.42648163,-0.74789387,0.17714922,-0.4191431,-0.4696895,2.1631143,-0.5168688,0.3551588,-0.12605767,-0.079194166,-0.0052817315,0.09360221,0.67117167,0.77772015,-0.16424404,1.0429643,0.87479776,0.19059293,-0.5618982,0.36902645,1.3323596,-1.0991367,0.4555173,0.6596842,1.2857053,-0.28434727,-0.10639322,-0.15914449,-0.09590727,-2.8939416,-0.56697136,0.28735387,1.1605328,-0.789294,0.75171995,0.7206033,0.338609,-0.59995127,-0.17006636,-0.06779027,0.7474484,-0.78076583,1.5813279,-0.136979,-0.17261602,-0.9493876,0.31674507,-0.9919278,0.39957094,-0.044810236,-1.1993353,-1.5912842,-1.4323125,0.97909516,-0.8481886,-0.23762937,-0.5932064,-1.3559781,-0.39991078,-0.47516346,1.0918561,-0.4154447,-0.9355679,-1.3934823,-0.061510906,-0.2560287,-0.3607451,-0.50666755,1.0671002,-0.34926558,0.572844,0.66665435,2.101011,1.0585028,0.72312593,-0.5488294,-0.8413739,-0.423885,0.011949019,1.0644392,0.14934383,-0.6609745,0.57728827,0.45374575,1.2915658,-0.71695024,-0.46054125,1.5462794,0.0024231076,0.94579345,-1.0177987,1.1802655,0.82160044,-1.3518974,-0.4583464,-0.7219038,0.3555752,0.038576405,-0.6786053,-0.75437516,0.080013074,0.22347893,-0.1381595,-0.12745035,-2.1871817,-0.04003632,1.1590743,0.85042995,0.14643596,0.2940731,-0.7945749,-0.86425114,0.85307986,1.2982153,-0.16645937,0.63790387,0.7222159,-1.593273,1.1905409,0.5279183,1.4862491,-1.1649232,-0.23862714,0.2458988,0.9622669,-1.0709232,0.5329253,-0.841382,-1.8668212,-0.58021325,-0.33343685,0.8028346,0.02275453,0.30941486,-0.7555241,1.0466429,0.20256709,-0.88542825,0.4737157,0.40783417,1.142652,0.24938412,0.84276277,-0.056711446,0.38809356,1.0014018,0.33822575,0.66329503,-0.33861256,0.29261735,-0.9441495,0.17744927,0.81861264,1.3659731,2.38154,0.6711197,-1.5822617,-1.5874871,-0.0021412373,-1.8045688,0.042632025,0.6084985,-0.17104416,0.6483064,-0.28109324,-1.1497322,2.1950858,0.6286813,-0.115537405,-1.1948043,-1.5646223,0.7078552,0.7944469,-0.86458534,0.33778802,-1.1180735,0.30924854,0.19447024,0.021500682,0.669667,0.059580877,0.6773192,1.7010642,-0.18224786,0.6407237,0.32727376,1.1567276,-0.11746919,0.8033018,-1.3309451,0.20778741,0.16440906,-0.29393888,-0.3675909,1.0108477,-0.2949216,1.1817819,-0.8542066,0.21487732,0.7940244,-0.716466,-0.06617596,-0.10085202,0.9368034,0.9568181,2.1856222,0.606298,-1.5850105,-0.72301704,0.82824,0.656928,0.033653338,-0.28760746,1.6092978,1.2002233,0.09509113,-0.09309503,-0.3183409,0.103402406,0.120822094,1.4306334,-0.18860702,0.456387,0.44663516,-0.90095544,-0.83630466,0.10685289,-0.030643562,-0.9786303,-0.9302868,-0.33745694,-0.8663394,0.07723596,-0.29362398,-0.123892404,-0.87724155,-1.1060027,-0.69585997,-0.6133922,0.53557676,-1.004649,-0.13864133,0.8412635,-0.9274361,1.0399128,-0.3653892,0.3993217,0.3758812,0.3520976,-1.3348745,0.6220911,-0.22467558,0.75542116,1.028054,-0.017047636,0.8872799,-0.36301062,0.9657469,-1.6057898,1.114712,0.7286796,-1.6321789,0.71981955,-0.5433509,-0.48575237,0.48671564,-2.1339443,-0.7259248,-0.16019036,-0.111183286,0.07979996,-1.0645207,1.8344029,-1.3596683,1.5914639,-1.6225567,-0.049597293,-0.18345034,-0.09236765,-1.6704773,1.4726353,-0.033435147,-0.074303485,1.0808283,0.40218815,0.08130016,0.5020768,0.7880928,0.49572322,0.07561771,0.38860026,-0.061112743,-1.3487921,0.6467717,0.8414796,-1.14256,-2.589411,-1.3961169,-0.3863615,0.7917881,-0.39343694,0.315208,1.2506961,-0.43590072,0.7432596,-1.3505942,-0.2544532,0.21232128,-0.88958913,0.6415321,-0.5880311,1.3532038,-0.3362095,-0.7678221,0.9152751,-2.0384548,-0.78516895,-0.5010672,1.9674244,0.15074722,0.7798423,1.0993937,0.39137733,-0.35247156,-0.25526297,1.2312671,-0.6630493,1.5774859,0.3296822,-0.54261357,1.4885406,0.32204965,0.27577302,-0.6824405,-0.63204163,2.1586688,-0.20388007,-0.08863147,-0.5383669,-0.39420518,0.053008106,-0.22339042,0.67853373,-0.36532462,0.07419646,0.74566174,1.1312046,-0.88151854,-0.34877336,-0.6775221,-0.21359996,0.4779769,1.3110602,1.8713118,-0.34466562,-1.0197033,-1.8852777,0.50166935,1.2322874,-0.14849441,0.43255404,-1.7305857,-0.31698725,0.13621826,0.3805201,-0.6530649,-1.9197868,1.5785675,-0.14300007,0.6975612,1.9772519,-1.3410068,-1.2506026,-0.4253488,1.5286654,-0.15228336,-0.72619456,-0.34584895,1.0830878,-1.1888151,1.3343763,0.14014475,0.09498259,0.18066531,-0.39921057,1.2765608,0.14125443,-0.6371247,-1.3744488,0.07868055,1.0941504,-1.6246643,-0.5131958,0.23509121,-2.1530988,0.24525361,-0.36043382,-0.5837434,0.08917274,-0.55052227,-0.6801362,-0.75406796,0.2991881,-0.9214647,-0.78820497,-0.6950183,-1.212442,-2.0385258,0.725117,1.9730524,-1.4185594,0.14104332,0.58403635,0.4531014,0.5752281,-0.04529647,-0.19404761,0.34133816,-0.33442077,-0.11372165,0.15953587,-1.3856392,0.33802876,-0.14432777,-1.428689,-1.2075995,1.2291948,1.294957,-1.9172684,-0.6809986,-0.5273728,-0.5902696,0.6146634,0.54211766,0.22377622,-0.02168704,-0.08033186,0.20515002,-0.30562893,1.5567063,-0.20845799,-0.45026138,0.3541305,-0.12129661,-0.14664723,2.0014741,-0.03164212,0.29617926,0.35566747,0.59265906,-0.8861669,0.8316067,0.44270244,0.24084125,0.45833278,-2.2763412,-0.38609663,1.6474075,-1.1335546,-0.7466615,0.14040782,-0.12662579,-0.31143004,0.41639522,0.8013396,1.5862602,0.7090265,1.2275126,1.3604482,-0.6964275,-1.0346271,-0.96058625,0.29886043,-0.9598182,-0.6401095,0.7212813,1.4062947,2.140545,-0.40469715,-0.12490035,0.3932869,-0.69985056,-0.28957558,0.6231572,0.24638069,-0.5244172,-0.4133849,0.13513593,-0.9104069,0.5204732,-1.6165634,-0.5330307,0.3807225,0.48013783,-0.39447483,-0.29714808,0.8691911,1.2097481,-1.0528852,0.12715413,1.8543717,1.2286787,-0.67012507,-0.60678023,0.7797665,-0.35862043,-1.4994389,-0.003736337,-0.05941804,-0.2550464,-0.07941247,-0.23183268,-0.31812942,-1.0738311,-0.7115211,1.3389993,-0.039868534,-0.08215192,0.12428743,-1.1937388,1.769454,-1.0916508,-0.5833511,0.763917,1.3926493,-1.2938657,-0.68483996,-1.8332028,0.19623606,-0.7613117,0.5762468,1.104808,1.0676063,-0.3797864,1.1214812,0.046217203,-0.41240582,-0.08869668,0.40806887,-0.37236333,0.82364345,-2.1072042,0.9308869,-1.1655961,-1.5370799,0.3450733,1.116378,-0.16777794,-0.14014888,-0.36939153,0.11769632,0.67201924,-1.5267023,1.5341196,1.9635601,-0.8179836,-0.5212633,-0.048749823,0.17414485,-1.0873971,-0.057935074,2.7606275,0.39930117,0.8622249,-1.2498533,0.08245275,0.5192816,-0.18912248,-0.16695864,-0.73633236,-0.78072125,0.4280924,0.069496915,-0.44553462,0.88311076,-0.9437797,-0.26522,1.2401861,-1.2962022,0.5146751,0.9355147,-0.13769163,-1.913572,-0.91398185,1.1734267,0.36366665,-0.28690642,-0.02302736,0.005537798,0.84423566,0.8993991,-0.49755886,-0.5239163,0.7493887,0.9624872,0.49826196,0.29880795,-1.4428734,0.9521877,0.99084634,-0.99958545,1.1364851,-0.08863626,-0.10907948,-2.4450407,0.6331075,0.76109,-0.09110252,1.4004654,0.86000675,-0.038770717,1.0219795,-0.6584664,0.3939921,-0.61406404,-0.74331045,0.04659963,-0.497004,-0.5204085,-0.57666755,-0.7499041,-1.2371699,0.13452446,1.0772554,-1.1246977,0.3441572,-0.3190285,0.9655016,0.1287765,-0.44511846,-0.4329888,-0.49357256,-0.96251553,2.1185176,0.98257977,-0.4040927,-2.0479631,0.017370528,0.60759825,1.0457879,-1.2234718,0.45411086,-0.27656084,-1.0686651,-0.3438382,-1.1807872,-0.33613956,0.9363745,1.1222761,-0.7463003,0.986195,-1.7588788,0.41632354,-0.17299782,-1.6330932,-0.22911792,-0.06412268,-0.52603406,1.540259,0.6779341,0.5588324,-0.32750145,0.7109714,1.2146467,0.10137867,-0.55485576,-1.4075223,1.4756576,0.7222292,0.22771455,-0.4839971,0.120027006,0.17473918,-0.33375072,1.739405,-1.1218575,-0.83719236,-0.6007024,-0.13715719,-0.882328,-0.5251328,-0.7816539,0.50447315,-1.1215935,-0.14359531,-1.2252129,-0.6011134,0.08871434,-1.0655956,0.015581404,0.25843346,1.1568288,0.6714139,0.45855042,0.40616027,-0.8776111,-0.5391883,-1.4009261,-0.90366,0.6644556,-0.8493579,-0.5852354,0.2359968,0.6359899,2.334277,0.9779363,-0.4406178,0.51572686,-0.414861,-0.4339956,0.3685943,-0.4918076,-0.46610284,0.31662807,0.31660816,0.17320587,-1.3216304,-0.27179733,-0.96595365,0.8991844,0.77738494,0.7210495,0.50252485,0.7655854,1.176395,1.0103058,0.06654204,-0.9804648,-0.7242423,0.5062195,1.65476,-1.1705277,-0.38154477,-1.3107939,0.71071446,0.74617827,-0.23180827,0.40250516,0.4812962,-1.3477805,1.4247241,-0.74050725,0.12150793,0.546758,-0.5407823,0.38502514,-1.0938934,1.0564873,0.7440586,0.6917236,-0.75385165,0.3832004,0.51937973,0.6280381,-0.5633587,-0.022665143,-0.5948825,-0.37581676,-0.4123621,-0.21968117,-0.6334037,0.35485053,-1.1989508,-0.89458436,1.1386636,0.47420257,-0.63511384,-0.97505254,0.54675204,-0.8758764,0.5117504,-1.1759523,0.11663594,1.7158947,0.40619978,1.1386628,-0.5981443,-0.5097862,-0.62996465,0.6068556,0.71408844,1.0047119,-0.22116904,1.09045,1.147604,0.34371233,-0.36344272,0.6115872,0.9493748,-1.4320775,0.336383,0.8683094,1.4852489,-0.1402949,-0.7460901,-0.67461854,-0.5336202,-2.6673503,-0.16190453,-0.23188388,1.3780756,-1.4249555,1.4162881,0.34071717,-0.14685188,-0.5739703,0.37720254,0.066780806,0.5596751,-1.0809538,1.712011,-0.5134257,-0.5933216,-0.2613666,-0.102693975,-0.9420927,-0.18125132,0.47284588,-1.4733436,-1.7987766,-0.72840893,1.1140025,-0.15184055,-1.0276092,-0.53843457,-1.2988831,-0.24542984,0.10160778,0.7241989,-0.46465153,-0.051848285,-1.0562813,0.24222927,-0.88343966,-0.707885,-0.826577,0.5983767,-0.12751025,0.731063,0.8362726,0.92253506,0.4683036,1.3713298,-0.70931834,-0.9559563,-0.6758615,0.038191807,1.0705001,-0.04420619,-1.2786424,0.28873846,0.37385204,1.6488739,0.41040677,-0.65723073,0.42338705,-0.83012104,0.98307925,-0.48665556,1.3302326,0.79806197,-0.49542198,-0.34223878,-0.79966974,0.1523338,-0.3867764,-1.0130585,-0.18450394,-0.4067033,0.38799226,-0.16157909,-0.17226851,-1.0926536,0.26675445,0.7688516,0.7750727,0.025067318,-0.27134588,-0.31168443,-0.6944927,0.15503141,0.35265487,-0.061407298,-0.28183615,0.025694031,-1.3821036,1.5704135,0.71623135,1.3832556,-1.1374385,0.22610798,-0.3486778,0.2004689,-0.77985346,0.59190667,-0.3854623,-2.1435504,-0.19246972,0.3518951,-0.119535126,-0.23192771,0.3870634,0.28578907,0.64783204,0.24379203,-0.8357955,-0.23501131,0.36600772,1.4209356,0.13197072,1.392665,-0.6697783,0.69971204,0.5269488,0.37389153,0.29449707,0.6272248,0.7913626,-0.7536087,1.3435876,0.99520653,1.1417868,2.5452445,0.85674083,-1.3844247,-1.5250007,0.78391826,-1.6457609,-0.17529395,0.8795179,-0.90969765,2.0030084,-0.52171427,-1.1331235,2.0182316,0.36591107,-0.041349716,-1.3306949,-1.066788,0.7737466,0.66144884,-0.79370534,-0.04238017,-0.4806432,0.12596697,-1.2904489,-0.31089976,0.3568629,-0.0012839675,0.52705985,1.9380316,-0.9050325,0.94330674,0.7482529,0.21032667,0.35260144,0.08889668,-0.922437,0.4384304,0.7320615,-0.45253772,-0.22923625,0.21992967,-0.917052,0.56030047,-0.45260057,0.33190912,0.19023074,-0.036281608,-0.24017814,-0.4170664,0.42180642,0.21893334,1.7279876,0.28521505,-1.3194507,-0.084733404,0.6173201,1.0063264,0.8747114,0.19532257,0.9760586,0.47968465,-0.3765753,-0.15690038,0.24229674,-0.1549149,-0.12561785,1.3119669,-0.62875444,1.0796381,0.2642209,-0.914472,-0.7277682,0.051384307,0.081102416,-0.99924403,-1.2871635,-0.6939027,-1.496383,0.121106304,-0.4843526,0.56080896,-1.3227264,-0.24802724,-0.9653562,0.08695904,0.7800874,-0.6165849,-0.77414006,-0.018901538,-0.50075936,0.1858693,-0.35410395,-0.025767172,0.85840875,0.98413086,-2.1806662,0.7472279,0.27930886,0.7302543,0.82442033,0.18743685,1.554364,0.21479206,0.4376324,-1.0131382,0.66437495,0.8231567,-1.5380814,0.751967,-0.24784224,-0.07740618,0.58661544,-1.5074298,-0.40951023,-0.26099783,0.38308606,0.022650784,-1.2824876,1.7427238,-1.812352,1.3518378,-1.3407552,-0.49740696,-0.6524793,-0.97313607,-2.0390544,1.4425417,0.3832068,0.15256539,0.32258087,-0.16383958,0.05836124,0.58504707,0.5791098,0.9234172,-0.39264894,0.91840935,-0.29026526,-1.6902227,0.5878347,0.8394395,-1.4003694,-1.4814506,-1.403343,0.242268,0.961532,-0.38522714,-0.22809117,0.72497153,0.08170546,1.042645,-0.7042664,0.2575318,0.23565641,-0.24632482,1.0659002,0.22528358,1.9075336,-0.7451192,-0.6370858,0.8995738,-2.402619,-0.01935851,-1.0683712,1.6546423,0.6851495,-0.27339858,-0.0052791596,0.6165899,-0.8906232,-0.65657175,0.34989816,-0.1426728,1.3410039,0.69759333,-0.3168875,1.5768285,0.28487945,0.28375977,-0.75039166,-0.15587385,1.7885422,-0.13051099,-0.58577615,-0.52733546,-0.61565053,-0.344564,-0.09369076,-0.11885282,-0.2998884,0.31392545,0.9085266,1.1443902,-1.7694565,-0.674738,-0.5608955,0.11141068,1.2049187,1.7026443,1.4458439,0.28128195,-1.1152132,-1.9311798,0.48234168,0.90137595,-0.31482467,0.85173684,-1.1270835,0.1330029,0.45707297,-0.7049473,-0.35104558,-1.4087075,1.634486,0.69433784,0.6488502,1.7743213,-0.732161,-1.0779917,-0.2630783,0.9717401,0.28094468,-0.73771155,-0.4341387,0.7832672,-0.21737993,1.0804851,0.7168392,-0.023486685,-0.42303818,0.33831373,0.4312326,0.6164707,-0.8692506,-1.199181,0.16826952,0.54612434,-1.3913326,-0.671197,0.3684733,-2.0943608,0.2457706,-0.56514776,-0.07719297,0.0035193146,-0.45020947,-0.47994322,-0.6037396,-0.15044513,-1.6807553,-1.2243984,0.32298565,-0.88417375,-1.5712858,1.0559273,1.527902,-1.6341835,0.5401753,0.47240958,-0.23041825,1.0237068,-0.08803584,-0.77923334,0.4824861,-0.15827462,0.06604858,-0.64031667,-0.97498655,-0.67170227,-0.2539758,-1.1122504,-0.8700086,0.35051095,1.0065799,-1.548213,-0.56504506,-0.27439404,-0.46431112,0.62477076,0.6690555,-0.03222382,-0.10096719,-0.6494143,-0.46330205,-0.0012517929,0.6760692,-0.0070341765,0.37003207,0.416077,0.32808462,0.40434876,1.3883444,0.40459633,0.032883912,0.71179515,0.44727716,-1.068737,0.4832638,-0.37155375,-0.760749,0.72868156,-1.3686216,-0.94427615,1.9515909,0.0053147613,-1.3900607,-0.80796975,-0.12228644,0.46115923,0.24854438,0.5458852,0.50159305,1.3483322,0.5114018,1.9932129,-0.23887484,-1.2057116,-0.16134365,-0.16315563,-0.9518895,-0.86700267,0.54101944,0.91340077,2.8023765,-0.7438177,-0.06189381,1.1103536,-0.60825175,-1.2371789,0.5038696,-0.112320505,-0.8644581,-0.19406605,0.580855,-0.61184186,0.037141614,-1.5853198,-0.50965834,0.5619253,0.65243524,-0.28380594,-0.07538633,0.0867879,0.19654404,-0.77392024,0.69330996,1.6393245,0.70893323,0.0010348186,-0.9687788,-0.014693359,-0.71491855,-1.8021313,-0.13223669,-0.12964502,-0.51316994,0.005176246,-0.9762514,-0.31733036,-1.0570469,-0.39899078,1.320239,-0.22403868,-0.11175321,-0.4858412,-0.62434655,1.9007162,-0.622564,-0.07887153,0.658682,1.1971309,-1.6194912,0.2473369,-0.43088096,0.8939396,-0.31356564,0.41520748,0.39032704,0.74985343,-0.6334017,1.6546726,-0.3239965,-0.7268278,0.07372267,0.5628407,0.24008203,0.11036386,-2.4862652,0.6359567,-1.5700946,-1.5992055,-0.06725156,0.9354323,-0.73807985,0.3932818,-0.0574585,0.96702397,0.50121933,-0.7071568,0.7904737,2.1012912,-0.3320457,-0.46248,0.8962056,0.4709506,-1.0136302,0.20565557,2.5066688,0.45855325,1.5584137,-0.7335557,-0.39277956,-0.033038877,-0.43173724,-0.5852562,-0.3765275,-0.6101607,-0.35261744,0.80748975,-0.5300725,0.7960371,-1.3746743,-0.35639608,0.70965004,-0.9833255,-0.64558256,0.69580704,-0.40697044,-1.4320157,-1.5078974,0.51122653,1.369926,-0.3473673,-0.047966562,0.6647957,1.2165457,0.66958505,-0.5209322,-0.4390834,0.42245817,1.294515,0.8811223,-1.0451338,-1.1830782,0.5392387,1.5123488,-1.5500541,0.5195263,-0.69894636,-0.29463917,-1.5814726,1.212827,0.5417557,-0.14501771,1.1678197,0.5681915,0.111011386,0.40974617,-0.757624,-0.14569373,-0.36974502,-0.8154529,0.13429347,-0.24299042,-0.7487189,0.062334858,-1.1706522,-0.22266892,0.20166877,0.73277676,-1.3949589,-0.026907813,-0.62600887,0.45797578,0.0394035,-0.50966495,-0.22607493,0.24870172,-0.83881253,1.8855358,1.0758936,-0.24300024,-1.8138716,0.34387967,0.85116404,0.30910924,-0.66520005,0.7012288,0.4109373,-1.2027315,-0.6668381,-1.363087,-0.4521575,0.17488477,1.1938598,-0.7376116,0.40832692,-1.0613954,0.8819295,0.08382438,-0.52802324,0.7027572,-0.22840996,-1.0472867,2.0321033,1.020995,0.30867162,0.047855426,1.1228373,0.6831726,-0.17431906,-0.49937811,-1.2817147,0.8370488,1.383528,0.6302346,-1.2688903,0.26679924,0.1381602,-0.36705634,1.8594557,-0.280027,-0.57435256,-0.5937609,-0.21673329,-0.27511245,0.0048877,-0.84758186,-0.19308789,-1.6856655,-0.14027463,-0.53883994,-0.35294524,0.35750672,-0.7072115,0.5905277,0.3676951,0.99036235,1.0740209,1.0105699,0.9038755,-0.25595704,0.35255063,-0.99273074,-0.3621962,0.44864684,-0.74958295,0.4167723,0.77573603,0.9169828,1.5567329,0.22854242,-0.5298764,0.1299984,0.120088086,0.03586188,0.21429744,-0.55528104,-0.32790536,0.35760766,0.18516617,0.3619918,-1.2608664,-0.23409827,-0.04712247,0.9944954,0.1686767,0.28800786,0.33381277,0.12526841,1.7125804,0.15715662,-0.6528597,0.0
ノ,0.1231138110160827,0.4492609798908233,0.3884042799472809,0.0412229038774967,0.0758494585752487,0.5558128356933594,0.2306105643510818,0.1551999896764755,-0.4046125411987304,-0.4644301831722259,0.0374848321080207,-0.1543157696723938,-0.2079087793827057,0.6230141520500183,0.0749955996870994,-0.0330402813851833,-0.2268550395965576,-0.1624379307031631,-0.3136763870716095,-0.2009812891483307,-0.4487609565258026,-0.3970475792884826,-0.4971101582050323,0.4764551222324371,-0.2808994054794311,-0.0796614587306976,-0.0104049891233444,0.1680516749620437,0.2500545084476471,-0.1148869171738624,-0.0953003466129303,-0.4020711779594421,-0.5611262321472168,0.0101643595844507,-0.6131436824798584,-0.0841822996735572,-0.4243415892124176,-0.1154774501919746,0.2670247554779053,0.0216015093028545,-0.0181246995925903,-0.1735791265964508,-0.3490122854709625,-0.333618551492691,-0.0702253431081771,0.4099800288677215,0.2204208374023437,0.3000068664550781,0.2423617392778396,0.0448936149477958,-0.0321125537157058,0.3012973070144653,0.192337691783905,0.0826527848839759,0.4473689198493957,-0.5930591821670532,0.8809794783592224,-0.8074719309806824,0.2130884379148483,0.5514248013496399,-0.6567736268043518,-0.3907581865787506,0.1432421207427978,0.2119351327419281,-0.093148149549961,-0.2198729664087295,0.3205922842025757,-0.022681538015604,0.1360212862491607,-0.7621728181838989,0.2123498320579528,-0.1271419823169708,-0.0643603503704071,-0.1578206121921539,0.2649607956409454,-0.7738043665885925,0.3087517917156219,-0.1347953975200653,-0.0922530516982078,0.4323457479476928,-0.6077329516410828,0.8605305552482605,0.1024291589856147,-0.4221510291099548,-0.0294526703655719,-0.123188279569149,-0.6463356018066406,-0.8160682916641235,0.4599822163581848,-0.2753682434558868,0.2812662720680237,0.3788725137710571,0.1458035409450531,0.7601058483123779,0.0165413618087768,0.0440185964107513,0.3510110378265381,0.387873113155365,0.0899581685662269,0.3239330947399139,-0.462004005908966,-0.0534325987100601,0.5842787623405457,-0.8378627896308899,-0.1350140571594238,0.0442395322024822,-0.4432619512081146,0.4669585824012756,0.1385521590709686,0.0495200753211975,-0.2713117301464081,-0.2956724762916565,-0.3439642786979675,0.2891451716423034,0.2782316505908966,0.3838802874088287,-0.0002128552878275,0.3526578843593597,-0.2968418300151825,0.4204418957233429,0.1402692347764969,0.6628037691116333,0.0109529132023453,-0.2493162453174591,-0.7611669898033142,-0.1784507483243942,0.2513410449028015,0.2485608905553817,0.0415656119585037,-0.8785262107849121,0.1427153050899505,-0.036750178784132,-0.5656404495239258,-0.1953497976064682,-0.3722878396511078,0.6866252422332764,-0.0380434580147266,0.1799145638942718,-0.1077672466635704,-0.458080381155014,-0.6979972124099731,0.2590562403202057,-0.1680516898632049,-0.0491655878722667,-0.2135801017284393,-0.0960002318024635,-0.0139121320098638,0.1986266672611236,0.6022095680236816,0.5109342336654663,-0.1990288496017456,1.0830914974212646,-0.4651145339012146,0.0338232852518558,0.3894877731800079,0.1737095117568969,-0.5139617919921875,-0.0087816445156931,0.2318317294120788,0.5932332277297974,0.5720173120498657,-0.4909519255161285,0.355887770652771,0.9361818432807922,0.0049250083975493,0.2354423254728317,0.4689258635044098,-0.1164900213479995,0.3047364354133606,0.5328068137168884,0.5977091193199158,0.5410733819007874,0.0592143833637237,-0.2418918311595916,0.010082459077239,0.5177382826805115,0.7239014506340027,0.0804607421159744,0.1661899983882904,-0.5361214876174927,0.0783840641379356,-0.0655987709760665,-0.0093996971845626,-0.8041617274284363,0.2197591960430145,-0.3057252764701843,0.1525004506111145,-0.0831784009933471,-0.2190597802400589,0.0048233796842396,-0.2455145269632339,-0.142656996846199,0.1653960347175598,-0.1805367618799209,0.0226214379072189,0.252815306186676,0.1008603945374488,-0.0736695155501365,-0.3125497698783874,0.0027908934280276,-0.2689207196235657,0.0918744355440139,-0.0830516815185546,-1.101097583770752,-0.9538522958755492,0.1038811057806015,0.5318265557289124,0.4946764707565307,0.3651838898658752,-0.0952106788754463,-0.2399941682815551,0.2045545428991317,0.7216549515724182,0.1952834278345108,0.4752112329006195,0.4693156778812408,-0.5757101774215698,-0.1049781814217567,0.1779050976037979,0.3130639493465423,-0.0979202687740325,0.082808680832386,0.0422740578651428,-0.0802398845553398,-0.0945495218038559,0.8080146312713623,0.1936263293027877,-0.1150619089603424,0.0054282308556139,0.7240721583366394,-0.7917774319648743,-0.2525116801261902,-0.5103409886360168,-0.2524421513080597,0.0004336121783126,-0.1393671780824661,-0.5123047828674316,0.512993574142456,-0.0856382101774215,-0.0278315190225839,-0.4146546721458435,-0.2266345173120498,0.5573171377182007,-0.5894581079483032,0.2186111509799957,0.2767102420330047,-0.1298295557498932,0.034149307757616,-0.5827338099479675,-0.1074302047491073,-0.4650209546089172,-0.5124746561050415,0.095265544950962,-0.2727013528347015,0.877055287361145,0.0307052470743656,0.7117515802383423,-0.1736073940992355,0.1399305462837219,-0.2337078005075454,-0.1700103282928466,-0.4660062491893768,-0.3893087208271026,-0.3200649917125702,0.36192587018013,0.2422608286142349,0.5455904603004456,-0.2525476515293121,-1.6800079345703125,-0.0829514935612678,0.0901246294379234,-0.590021550655365,-0.1166232600808143,-0.134414792060852,-0.1570027023553848,-0.3502565920352936,-0.0730955302715301,0.7539610862731934,-0.6830848455429077,-0.1346728652715683,-0.2110080420970916,0.4071735441684723,-0.4598382413387298,0.0623786784708499,0.1153885349631309,0.4106982946395874,-0.1908294707536697,-0.6963496804237366,-0.3930406868457794,0.0179575663059949,0.1430064439773559,0.0185511503368616,-0.4818713068962097,-0.014843457378447,-0.4170853197574615,0.2829124331474304,0.1637875735759735,-0.4432901740074157,0.3415219485759735,0.3085688650608063,0.6146608591079712,0.5549052357673645,0.5430335402488708,-0.1672431081533432,-0.6714587807655334,0.2201706171035766,0.1896889805793762,-0.3027598261833191,0.559830367565155,-0.5565181374549866,0.3516184091567993,0.342310756444931,-0.3357832729816437,0.2908375561237335,0.6458819508552551,-0.0310758836567401,-1.572529911994934,-0.2528011500835418,0.3623014986515045,0.2087958753108978,-0.3817519247531891,0.1319604963064193,0.1576255410909652,0.3442347347736358,-0.5063840746879578,-0.2880071401596069,0.5498164296150208,0.1964365392923355,0.2621631324291229,-0.1872194111347198,0.5826170444488525,-0.5048829913139343,0.0397969894111156,-0.6787499785423279,-0.0171617232263088,0.4861078262329101,-0.2345322966575622,-0.1444097906351089,0.265208750963211,-0.3782488405704498,-0.2671854197978973,0.4098029434680938,-0.1968329399824142,0.0528481900691986,-0.2974405884742737,-0.0400130189955234,0.2802795171737671,1.4972728490829468,0.5008471608161926,0.6121992468833923,-0.323981761932373,-0.3650017976760864,0.2641220986843109,0.1231701672077179,0.3433264493942261,-0.3920523524284363,-0.1274280995130539,-0.3564356565475464,0.0299845319241285,-0.0609694756567478,0.0171967726200819,-0.0190320536494255,-0.2858986556529999,0.1662586331367492,-0.461461454629898,0.2694081962108612,0.4638465940952301,0.0398641116917133,0.2293373197317123,0.6746375560760498,0.5301793813705444,0.2003440409898758,-0.2477969080209732,-0.5393532514572144,-0.0063035571947693,-0.5178176164627075,0.377795934677124,0.0354310274124145,-0.0208152793347835,0.3716359138488769,-0.301368772983551,0.1769916862249374,0.0036387762520462,-0.2827593982219696,0.0379030369222164,-0.5908679366111755,-0.3027498126029968,-0.1490825861692428,0.0798156931996345,-0.3840076625347137,0.2991436719894409,0.4653516709804535,0.5443713665008545,-0.3986534774303436,-0.392270028591156,0.0972675308585167,-0.0983534157276153,0.1271000504493713,0.0717663019895553,0.2141284644603729,-0.0405843406915664,-0.1314437687397003,-0.5324204564094543,-0.4545006453990936,-0.6074473857879639,-0.0998709499835968,-0.4864875674247741,-0.2520653307437897,0.2662206590175628,0.6392948627471924,-0.0061220834031701,-0.0002625654451549,0.2046940177679062,0.2406426519155502,-0.427702397108078,-0.5291266441345215,-0.0238432958722114,0.3131350576877594,0.5644910335540771,0.3777675032615661,0.5966751575469971,0.1175851374864578,0.3224056363105774,-0.0339446403086185,0.1585583239793777,0.3659508824348449,-0.3815783858299255,-0.299306184053421,1.030006766319275,-0.4189485609531402,-0.0196306072175502,-0.1873382329940796,0.1946061700582504,0.7992408275604248,-0.2151150107383728,-0.7935209274291992,0.418662279844284,0.0426677353680133,0.2311915755271911,0.6340779662132263,0.4241951704025268,1.04574716091156,0.288774311542511,0.4176480174064636,0.3807947933673858,-0.2010767459869384,0.1479807496070861,-0.3861715495586395,-0.0557927750051021,-0.1404449790716171,0.3929578959941864,0.7641176581382751,0.3738381564617157,0.2858656346797943,0.0353921093046665,0.4459830820560455,-0.5208247900009155,0.1525947600603103,0.383240669965744,-0.202982485294342,-0.5346816182136536,0.218737781047821,-0.972753882408142,-0.8207621574401855,-0.1421180963516235,-0.0154181104153394,0.4628665149211883,0.0081729851663112,0.3942067325115204,-0.5851307511329651,-0.7573434114456177,-0.478797048330307,-0.9843683242797852,-0.0697788372635841,0.0517299473285675,-0.19020776450634,0.5906980037689209,0.300529271364212,-0.9819388389587402,0.461364597082138,0.3210695385932922,0.48450767993927,0.1785139143466949,-0.3847949206829071,-0.321662425994873,0.8443519473075867,-0.5014409422874451,-0.4166518449783325,0.750177800655365,-0.0743482336401939,-0.0699120983481407,-0.3655387163162231,-0.2019563913345337,0.1565447747707367,0.4733108282089233,-0.1820834279060363,0.2548277080059051,-0.0231193322688341,-0.4221740365028381,-0.2792053520679474,-0.2625077366828918,-0.3165677189826965,0.2979778945446014,-0.8846938014030457,-0.2044506818056106,-0.2526279389858246,-0.1218877434730529,0.6885345578193665,0.6429525017738342,-0.2151956707239151,0.0918591320514679,0.7153148055076599,0.1788139045238495,-0.2660667896270752,-0.0331308916211128,0.0755949541926384,-0.3624329268932342,-0.2606484889984131,0.0119486786425113,0.3902390599250793,0.2846006453037262,0.3447838723659515,-0.7184575200080872,-0.3535074293613434,-0.1424677819013595,-0.7829322814941406,0.4006941318511963,0.0192137602716684,0.524908721446991,-0.9151397943496704,0.1733862459659576,-0.1486841440200805,0.3275986909866333,0.1396800130605697,-0.0200174562633037,-0.0763090774416923,-1.4075360298156738,0.0534817576408386,-0.4918538331985473,-0.7902896404266357,0.5318777561187744,-0.2848229110240936,-0.6919559836387634,0.2178936302661895,0.1768209189176559,-0.0917976275086402,0.0921580791473388,-0.0385496318340301,-0.4900764226913452,-0.042287316173315,0.4481016993522644,-0.1261456757783889,-0.1064321026206016,0.4720658361911773,-0.3878652453422546,0.0398647002875804,0.603585422039032,0.5249636769294739,0.1717052012681961,0.1215288713574409,-0.0735646188259124,0.0501642189919948,-0.786901593208313,0.1556357145309448,0.0870108231902122,0.4399442374706268,-0.3945975601673126,0.2235125601291656,0.6525632739067078,-0.3681321144104004,-0.0519896671175956,0.8495214581489563,0.1558186113834381,0.6384768486022949,0.0111140543594956,-0.2351629585027694,-0.8818499445915222,0.4974597990512848,0.4136258959770202,0.2622667253017425,-0.3039504289627075,0.2893498837947845,-0.1052259653806686,-0.4882786571979522,0.2411974370479583,-0.0667811557650566,-0.064834177494049,0.4654918611049652,0.4328020513057709,0.1599184870719909,0.7770379185676575,0.6601337790489197,-0.3099386990070343,0.4009592533111572,0.1443146169185638,0.2567755579948425,0.9159109592437744,-0.0673000141978263,0.5176604986190796,-0.3365890383720398,-0.7841489911079407,0.2950450778007507,0.1969319880008697,0.3568305671215057,1.1737850904464722,0.1396821588277816,-0.3988161087036133,0.5462249517440796,0.8059064745903015,-0.0751746743917465,0.1154990270733833,-0.4927742481231689,-0.0536334104835987,-0.0812551900744438,-0.2035188674926757,-0.0750195607542991,-0.0683854147791862,0.0823175758123397,-0.1193918213248252,0.1936592906713485,-0.2463523298501968,0.4719513356685638,-0.4209035634994507,-0.3078163266181946,0.3759004473686218,-0.002961597405374,0.3020261228084564,-0.0533858947455883,0.4790732264518738,-0.3208807706832886,-0.2082509845495224,0.4283637106418609,-0.407904177904129,-0.4388944208621979,-0.0532719641923904,0.3547323942184448,-0.0368370115756988,-0.0052372380159795,0.0940156653523445,-0.3612267076969147,-0.211391806602478,0.2542731165885925,-0.5569307208061218,0.3658948242664337,-0.0642438754439354,0.2677868604660034,0.1883809864521026,0.0471253059804439,-0.4177459180355072,-0.2764428257942199,-0.5471877455711365,0.1430089622735977,-0.396871268749237,-0.6322588324546814,0.4642121195793152,-0.0183759145438671,-0.3485398292541504,-1.5665051937103271,0.6561968922615051,-0.1743222624063491,0.3859342932701111,-0.1879439949989318,0.1425675898790359,-0.0521857179701328,0.0290188640356063,0.1428416967391967,-0.44991534948349,-0.0334871858358383,-10.106772422790527,0.0311617329716682,-0.7103382349014282,-0.5038667917251587,-0.026438895612955,0.0103408712893724,0.8339167237281799,0.5296981930732727,-0.3991149663925171,0.017071871086955,-0.4222870469093323,0.2256660610437393,0.2735041081905365,0.5720398426055908,-0.0424214042723178,-0.3598330616950989,-0.3359643220901489,-0.5068827867507935,-0.0967234298586845,-0.3829208612442016,-0.0620862655341625,-0.0616059638559818,0.8082335591316223,0.175922617316246,-0.1417668014764785,-0.4456749558448791,-0.3426142036914825,0.3715060949325561,-0.1455613672733307,0.1725504249334335,-1.1235413551330566,0.902729630470276,-0.3657998740673065,-0.382174015045166,-0.4527009129524231,0.2521111965179443,-0.010334450751543,0.2842535078525543,-0.0591973848640918,0.601249098777771,0.2945119440555572,0.6637018918991089,-0.1598019748926162,-0.3018046021461487,0.1331110447645187,0.4781384766101837,-0.1138777434825897,0.2863802015781402,0.2445801645517349,-0.1813361495733261,0.1402642875909805,-0.3990349471569061,0.2809138000011444,-0.1469828486442566,-0.0133303431794047,-0.1942400634288787,0.7767208814620972,-0.7879253029823303,0.0311534497886896,0.1072991862893104,0.2392787486314773,-0.1930221021175384,0.4252275824546814,0.208171546459198,-0.3237896859645843,0.4729270040988922,0.1399933397769928,0.23618184030056,-0.7695155739784241,-0.2419710606336593,0.3645013272762298,0.1336968094110489,0.1556989699602127,0.1743565052747726,-0.024681793525815,0.5745055675506592,-0.1888916194438934,0.0466608963906765,0.0775435715913772,0.281894326210022,0.4171482026576996,-0.4694114327430725,-0.6455208659172058,0.1391593664884567,-0.1641565710306167,0.4069516956806183,-0.1344774216413498,0.3288237750530243,0.0753167793154716,-0.4625642895698547,0.3396262526512146,-0.455998957157135,-0.6298967599868774,-0.1371355205774307,-0.0455033481121063,-0.3143453001976013,0.2219788879156112,0.2289328575134277,0.3692764937877655,0.4943829774856567,-0.3945341,-0.31207758,0.6199422,1.6494427,-0.7124133,-0.42505926,-1.4844034,-0.0789538,1.6132463,-1.0197538,-0.5824537,0.28298202,-1.8237989,2.8701513,-0.79177624,0.29340395,1.0493803,-0.29239568,-0.2486602,-0.10230604,0.2244626,0.5596079,0.5485176,-0.59410703,0.8283563,0.6335281,0.60252297,-0.83563375,-0.4437521,-1.2416667,0.21483824,0.019359857,-0.81556195,-0.24296561,0.71766376,-1.4525487,-1.1327102,1.1971977,-0.11846115,0.30596024,-0.46022916,0.9372045,-0.34289148,-0.11118187,-0.80781335,-0.56356514,1.9322562,-0.55836016,0.14231768,-0.17962101,-0.5818806,-0.07334727,0.4921202,1.1040148,0.43394887,-0.5416808,0.8810767,0.91215825,0.2032089,-1.1345408,0.10739477,1.1280829,-0.6408018,0.868523,0.5444697,0.6572563,-0.38467076,-0.6118516,0.044151314,-0.916258,-1.8145752,-1.0988877,0.5308165,1.163377,-1.3564858,0.59326744,0.290809,-0.6135926,0.9326773,0.24335521,0.44704112,0.58279943,-1.3707682,1.4820542,-0.7172894,-0.5878934,-0.5405407,-0.25431076,-1.3550979,-0.4289545,-0.65386534,-1.9389399,-1.2153316,-1.0297816,1.6175073,0.16042534,-1.1236173,-0.46185797,-1.2620139,-0.42428502,0.707933,1.1518027,-0.3978701,0.442581,-1.3268209,-0.6156402,-0.76365054,-0.3894049,-0.8985248,0.27956825,0.20477436,-0.22251135,0.81673276,1.3939205,1.4618582,0.47011867,-0.6487802,-0.846756,-0.08550207,0.4867367,1.0080812,0.23119926,-0.62573135,0.9893429,0.300052,0.65804446,-0.01696461,-0.52122027,1.2641046,0.032959975,0.53524935,-0.21037671,1.1597488,0.5836569,-1.5542823,-0.5601337,-1.2839372,0.28217602,0.74682814,-0.66195023,-0.89320993,0.016050655,0.030323423,-0.36300477,0.24045807,-1.778747,0.049482465,1.0228012,1.1175534,-0.8383381,-0.4005065,-0.44107056,-1.3924848,0.72255117,1.0816419,0.48492813,0.09544953,0.12911953,-1.8465441,1.3524423,0.15099065,1.0041947,-0.60605305,0.13672172,-0.4896909,0.9297948,-0.51573426,0.52808076,-0.7553967,-2.6296797,-0.7203275,1.1804038,0.8073866,-0.18131319,0.49778116,0.18269238,0.54093236,0.15757929,-0.9023056,0.29953977,0.8501588,1.0425954,-0.29640806,1.5517731,0.11452152,0.21036676,0.3269255,0.5098903,0.60469884,-0.6606467,0.5981042,-0.7361954,0.5659987,1.1478721,0.8800035,2.0968726,0.36618385,-1.2317269,-1.4680167,0.89210856,-1.7251796,0.4336493,1.1376714,-0.50327414,0.95737803,-0.1076795,-1.191202,2.0708969,0.8117624,-0.16556501,-1.4953007,-1.411917,1.516968,0.11432944,-0.20524253,0.16821504,-0.41423953,0.07532346,-0.5211171,0.2628543,0.5124571,0.009442419,0.19168252,1.8099923,-1.0702848,0.4436354,0.7398176,-0.46576408,-0.6169368,0.8025159,-1.0824847,0.30820042,0.6162676,-0.11588997,-0.835606,0.16450693,-0.4796577,1.1145091,-0.058081806,1.0612104,0.30691314,-1.0930263,0.59936786,-0.40980357,0.20756528,0.7615893,1.3775499,0.36055365,-2.110624,-0.40250972,0.36651838,0.99813056,-0.60734034,-0.48046225,0.73179007,0.60070133,-0.23435739,-0.032876328,-0.29710656,-0.14158845,0.30371493,0.22810452,0.46372876,0.28093603,0.28839222,-0.85090375,-0.15419404,0.09124285,0.35198045,-1.0252872,-0.020562481,-0.603008,-1.4569539,0.6172493,-0.17787862,0.47198555,-1.1542692,-1.2478931,-1.5754077,-0.21866065,0.46819144,-1.4229332,-0.13221511,0.01315131,0.32835034,0.8055782,-0.013022125,-0.29484424,0.73472893,0.9692351,-1.5579848,0.6309816,0.25238916,0.5522497,0.93064004,-0.06961036,1.364718,-0.6273383,0.9515685,-1.4541125,1.0740316,1.0325282,-1.6957219,1.0041947,-0.39180428,0.448407,0.26758736,-2.0309525,0.0412914,-0.96212316,0.14952898,-0.1615361,-2.0989861,2.1115727,-1.5744498,0.86933213,-1.7843782,-0.40738654,-0.34382904,-0.36538288,-1.479316,1.0028703,1.1005406,0.2568908,0.4098155,0.3011784,0.30540392,0.55600137,0.20812616,0.890056,-0.31524006,1.108615,-0.7532753,-1.6784294,0.29532194,0.9612869,-0.9483743,-2.1442287,-1.6208475,-0.5118265,0.71456575,-0.75185937,0.105743624,1.2364095,-0.2795736,0.58245087,-1.42802,-0.51388174,0.3295036,-0.7783729,0.91637814,0.33302432,1.447807,-1.1354251,-0.33998746,0.9171073,-2.1419587,-0.54976004,-0.13139032,1.1334424,0.5361137,0.12912543,0.52796197,0.29395026,-0.59567285,-0.57298535,0.9764445,-0.55258435,1.9818392,0.6418301,-0.94465697,1.6783657,0.57520676,-0.15782918,-0.36375907,-0.1568335,1.3824224,0.044205513,-0.31615493,-0.7694634,-0.2727382,0.07067295,0.17067483,0.70278776,0.6904537,0.19558439,-0.1171086,0.9225033,-0.2677194,-1.0225245,-1.0562998,0.3543448,1.1909509,2.0660133,1.6823481,0.09363505,-1.3395735,-1.5629892,1.1047859,1.2110704,-0.3684812,1.1218576,-1.1625515,0.13076422,0.24853817,-0.1933269,-0.49960506,-2.0100696,1.8085771,0.59648156,0.93504673,1.2612658,-1.7891638,-1.4963343,-0.51999676,0.2804368,-0.12074162,-0.9391934,-0.54046714,0.4106164,-0.6328637,1.4948424,0.26817405,0.90826315,-0.19697554,0.02844631,0.927419,0.18345244,-0.42798895,-0.6695554,-0.49418795,0.46779013,-1.7750549,0.011713222,0.7721168,-2.192222,0.579159,-0.16017963,-0.79928416,0.30993143,-0.80149525,-0.39233762,-0.14284033,0.44223946,-1.3530236,-1.118334,-0.123870894,-1.6025715,-1.7704864,0.5515419,1.3946209,-1.1605842,0.47047788,0.6411312,0.27421695,0.8441293,-0.37040156,-0.096333206,0.95615065,0.22739688,-0.062297583,-0.2849466,-0.9156596,-0.60557246,0.42622957,-0.80413395,-1.7308278,1.1813796,0.6585738,-1.6179907,-0.7678962,-0.44154477,-1.2698629,0.5940808,0.48884276,-0.1448664,-1.0346168,-0.26470107,-0.5099139,0.34913063,0.7590698,-0.32411236,-0.5662702,0.3078947,-0.25324073,-0.047554366,1.7145638,0.19864628,0.7823646,1.1322088,0.37049648,-0.9174538,0.6813566,-0.046331793,0.1405193,0.45919704,-1.2452842,-1.0043389,1.1277716,-0.7409495,-0.78182584,-0.18592729,0.5864669,-0.037174914,0.22933242,0.5213267,0.943396,1.8434942,0.63894033,1.5745579,-0.73594,-0.5616385,-1.0362234,0.3512226,-0.56514597,-0.83757913,0.4953984,0.80879617,2.4914784,-0.12633103,0.07681557,0.3272007,-0.86242795,-0.921314,1.0561509,0.80518913,-0.6570166,-0.38607544,0.1760582,-0.8884226,0.40886897,-1.5115294,-0.9094839,0.1969629,0.6579008,-0.6632457,-0.22043552,0.6403104,0.6984119,-1.1697146,0.82628846,1.2316073,0.87356704,-0.56330407,-1.0842733,0.5698464,-1.1882797,-1.5866517,0.08645674,-0.5140484,-0.8917121,0.31655988,0.06549313,-0.4521538,-0.929568,-0.45027056,1.6306007,0.23236018,-0.7057824,-0.006046556,-0.7880645,1.8840814,-0.061254002,-0.07182763,0.6392025,0.7506031,-1.5097029,0.7279347,-1.39927,0.9055555,-0.9203507,0.9854214,0.5787125,0.5430256,-0.49741626,1.5931493,0.15591887,-0.6393821,-0.2868699,0.3782596,-0.11056773,0.59599316,-2.0069063,1.3650801,-1.4067069,-0.8042681,0.38389528,1.2051092,-0.11872409,-0.44533402,-0.6537471,0.5414811,0.6791046,-1.3579104,0.6306425,1.5485929,-0.7683402,-0.88876706,0.982194,0.55214524,-0.41786855,0.3558498,2.5063496,0.21467063,0.7653924,-0.839767,-0.35048538,0.37785533,-0.46418923,-1.3681307,0.0033760294,-0.07874547,0.17114384,0.766248,-0.5105934,0.80504906,-1.0645585,0.27225876,1.1625805,-0.7827468,-0.4344927,0.3455096,-0.2791933,-1.5606897,-1.8043411,0.25211874,0.11347161,-0.24585378,-0.09924132,0.7322973,1.5761364,0.8253138,-0.45208552,-0.5538256,0.9052701,1.3213402,0.65801525,-0.36002573,-0.9389532,0.69738173,0.9263116,0.23804843,0.47267592,0.014591252,-0.0331153,-2.1514616,0.54614854,0.54063445,-0.8444126,1.2770858,0.74064314,0.18479036,0.8695414,-0.6522636,0.0910992,-0.3932527,-0.817358,0.07706549,0.09590587,-1.1489373,-0.36649197,-0.68946064,0.024926871,-0.06961788,0.409697,-0.7951851,0.37019262,-0.22671089,0.63341725,0.3764385,0.017335188,-1.1919899,-0.59910834,-0.9373996,1.1268467,0.9591283,0.0865034,-1.8006207,-0.26624805,1.0811237,0.44630203,-1.2758439,0.3583475,-0.66096395,-1.2100483,-0.18713868,-1.1448718,-0.020636376,0.709077,0.36179075,-1.650923,1.5690578,-1.4029531,1.2241397,0.0005351305,-1.254066,-0.1574418,0.61775255,-1.1821663,1.9583651,1.2298117,0.44245046,-0.033526853,0.95343536,0.780831,-0.046927147,-0.8112248,-1.4691595,1.6067153,0.9641336,1.0198658,-0.984733,0.13590446,0.84954417,-0.6558522,2.0244572,-0.60265464,-0.063240066,0.13045481,-0.10824404,-1.2621597,-0.3162169,-0.83881766,-0.55249345,-1.3068279,0.6820177,-0.4007728,-0.68598235,1.1445361,-0.5577955,0.5157887,0.11014436,0.539864,1.5155566,1.2729462,0.67356443,-0.7500821,-0.2289989,-1.1049038,-0.33898482,0.78446627,-0.8132993,-0.4633317,0.022261716,0.6156377,2.0868711,0.47458965,-0.38026547,0.39673555,0.0875379,-0.21260065,0.33586413,-0.39910835,-0.78811896,0.3444906,0.22142464,0.14718723,-1.4592371,-0.6278976,-0.3526188,1.3909959,0.59798515,0.35543364,0.0063919574,1.2129968,1.2256219,0.76137114,-0.41599762,-0.6385568,-1.0023216,-0.052634977,0.6650677,-0.77047986,-0.95666504,-1.4294109,0.25210795,1.7380832,0.70732,0.19962093,-0.29831427,-0.92675555,2.4853,-0.40003967,0.1366575,0.24476817,-0.83594024,1.0219824,-0.16621889,0.14482765,0.50406355,0.60615015,-0.8608173,0.6505675,1.0078517,0.7464221,-0.51058424,-0.8041806,-1.2564957,-0.3414325,-0.4420156,-0.8599682,0.12958226,0.6380626,-1.3195212,-1.2142423,2.0309362,-0.015135145,-0.63760453,-0.7871975,0.9791004,0.31678954,-0.08199178,-0.6854116,-0.5443878,1.518927,-0.022254992,1.1392999,-0.42173776,-1.078117,-0.42996207,-0.119141914,0.46984568,0.35177588,-0.35554975,1.333962,1.1781167,0.35027838,-0.37640625,0.15653384,1.3179251,-0.6069089,-0.19922817,-0.08824293,0.59247637,-0.041110866,-0.2874654,0.06645393,0.27648002,-2.6864405,-1.1355441,-0.88218004,2.1726928,-1.8623575,0.8636053,-0.2641928,-1.4480059,0.18264604,-0.5771232,0.41941404,-0.35623783,-1.381231,1.8248444,-1.0677551,-1.1769459,-0.33604565,-0.6333832,-0.48489493,-0.12565538,-0.8363339,-1.8743565,-1.0917801,-1.2727503,1.2667558,0.89078206,-0.71191484,-1.1169173,-1.249326,0.11209066,-0.12415089,1.3506767,0.764849,-0.1557558,-0.6237029,-1.0599878,-0.76475084,-0.55496895,-0.8680275,0.7844981,0.23307976,0.27075976,0.6462749,1.2038848,0.73717105,0.61169285,-1.5286465,-0.1837295,-0.36168826,0.5352067,1.0533394,0.7492862,-0.107693754,1.0717919,-0.083341196,0.8609519,0.33524653,-0.6498526,0.26707426,0.4310665,0.6558107,1.0629013,2.2298417,0.2617943,-0.58613825,-0.67979443,-0.3387016,-0.05173651,0.6786695,-1.2903919,-1.1378754,0.3858026,-0.64290434,-0.14742926,0.06244561,-1.2055076,0.11969105,0.9423715,1.2286232,0.1226444,-0.2051501,-0.1383526,-1.8226881,0.366036,1.5370241,-0.15943632,-0.48716074,0.36858433,-1.6529732,1.1302083,-0.237873,1.1246971,-0.34307027,0.760624,-0.5396805,1.1698558,-0.40612617,0.07473234,-1.0290436,-2.6233134,-0.7830461,0.23977733,0.961463,-0.3019626,0.71016186,-0.15541926,0.47256023,-0.22980666,-0.8350708,-0.4136374,1.3415339,0.7739273,-0.4171833,0.8107451,-0.14880848,-0.015234579,0.8592588,0.8611482,1.4373759,0.2399905,1.9483769,-1.2213081,0.9309257,0.8949372,0.54420865,2.3778038,0.713514,-1.2951,-1.345782,1.0383655,-3.0087721,-0.5078891,0.84497625,-1.3501059,0.8184797,-1.3681788,-1.0079478,1.5103104,0.58821714,0.7361042,-1.51843,-0.9426466,0.84508485,0.7901269,-0.3490332,-0.02952671,-0.6496908,0.5073498,-0.23818585,-0.7605194,0.1842555,0.58378613,0.60492206,1.2301433,-0.2221292,0.73795164,0.1364575,-0.4397995,0.16175345,0.70079046,-0.84800947,0.51331526,0.96653974,-0.26605144,-0.3764962,-0.23639014,-0.6473564,0.9547564,-0.48097366,0.5755884,-0.037022956,-0.29976058,-0.028256964,-0.36776954,0.21004593,0.8397077,1.3353828,0.040560625,-2.183063,-0.18648279,0.14851385,1.1258372,0.8282174,0.047212083,0.44280678,1.0276392,-1.1096594,0.45738515,-0.91659564,-0.87451696,-0.42964643,0.027866673,0.30202985,0.11870438,0.2012144,-0.902785,-0.44055086,-0.29886314,0.92301625,-1.0969831,-1.0818753,-0.5522441,-0.74416095,-0.13574459,1.248392,0.12400029,-1.2502147,-0.8345768,-0.8261673,0.49457255,0.5760338,-1.749367,-0.45801902,-0.025111735,-0.3827837,0.275078,0.18203583,-0.2919099,-0.04408287,0.42135134,-1.3148832,1.2743062,0.5778323,0.18131036,2.0499406,0.5874955,0.83792895,-0.46511954,-0.58111155,-0.6451732,0.6977339,1.2511384,-1.4125881,1.2309244,-0.22518273,-0.22390346,0.8481792,-1.1182034,-0.18860477,-1.0666482,0.3537683,-0.76470906,-1.0795908,2.512893,-2.2309554,1.0397304,-2.021892,-1.0399271,-0.42065033,-0.85667926,-1.098274,0.34336042,0.48489293,-0.3042757,0.18613732,0.20575643,0.49788386,0.47850055,-0.1284056,1.6053097,-0.3048795,0.4427144,-1.1574646,-1.2571211,0.015673166,0.28212085,-1.4346707,-0.66331106,-1.5281584,-0.7480829,-0.033792783,-0.30238116,-0.12138331,0.19999869,0.30580705,0.5085541,-0.9523484,-0.499084,0.4272278,-1.2311866,1.7901529,0.09550546,1.7373142,-1.0575966,-0.512045,0.19120361,-1.1897354,-0.16758268,-0.7596995,1.3379443,0.55166095,1.1294916,0.5248507,0.65760803,-0.55299675,0.20318632,1.2634199,0.060714222,1.9671376,0.46083164,-0.7734995,1.2358685,0.142544,1.1993905,-0.24001372,0.11459341,1.529028,-0.47431293,-1.0025103,-0.34031215,0.45404562,-0.37806103,-0.14917174,0.5207516,0.6460966,0.0006732776,0.6810906,0.59892046,-0.29781932,-0.96995604,-0.9023423,0.71667445,1.7757164,1.2342123,1.5516139,-0.661306,-1.1277124,-2.0058906,0.12481506,0.7538227,0.24806523,0.7796761,-1.4273611,0.5685318,0.9322947,0.015446162,-1.0989279,-1.3587475,1.4767803,0.16543463,0.54955405,1.941096,-1.0333314,-1.444866,-0.52700675,0.13281703,-0.45352817,-0.9772264,-0.8147197,0.29375166,-0.37456685,1.3460305,1.2776101,0.6377807,-0.5463892,-0.28643236,0.49820948,0.34853646,-0.55468214,-0.17989156,-0.021238089,0.22663729,-1.625438,-0.8145752,0.69523674,-2.1533546,1.020403,-0.18313149,0.026199054,-0.25872993,-0.5173082,-0.7815653,0.55812204,0.066557944,-1.0338638,-0.33658537,1.1435168,-1.8878939,-1.1340109,1.0521667,0.8092356,-0.43157807,0.59410065,0.12595055,-0.09455676,0.7942379,-0.0021626889,-1.0221411,0.53979117,-0.48584205,-0.08448561,-0.4468337,-1.463083,-0.07335038,0.4858633,-1.1451976,-1.1421016,1.2775687,0.67198,-1.0280559,-0.77243984,0.1611622,-0.27692306,1.0135908,0.4331646,0.17778134,-0.458069,-0.8351919,-0.54241,-0.04069855,0.7382957,-0.111164644,-0.15933721,0.22364727,-0.3493275,0.5833508,1.8083916,0.18977916,1.9084142,0.8989972,0.056054167,-0.024499942,0.95382595,-0.037357472,-0.3972507,0.98993874,-1.016321,-0.7534711,1.8696814,-0.447548,-0.89213073,-0.3379252,0.8476814,-0.9992879,-0.58341014,-0.26700136,0.8591151,1.4424694,0.7800683,1.7298777,0.25558314,-0.07992117,-0.6932114,0.6346222,-0.98049164,-0.88139135,-0.7958033,0.27151936,2.0411675,-0.6304588,0.4380753,0.7621611,-1.0604539,-0.9888979,0.5087733,-0.016084671,-0.28581342,-0.34675723,0.4439107,-1.4943591,0.14495511,-1.8058827,-0.28276402,0.96853113,1.3003441,-0.079027005,-0.07308315,0.88688815,0.11811314,-1.1274369,-0.39177352,0.9810988,1.4036572,-0.5268668,-1.1600704,0.76351625,-0.43343934,-1.3508766,-0.39363426,-1.1837432,-1.1988845,0.3592339,-0.76435804,-0.10298189,-0.07747052,-0.6152693,1.302017,0.25968271,-0.17970152,0.51708686,-0.8545411,2.1216955,0.47251263,-0.1832155,1.5437181,-0.10942771,-1.7732847,1.0672187,-1.0448588,1.1790464,-0.34328064,0.83942807,1.2937815,0.8481432,-0.4994448,1.3740926,-0.65424025,-0.15523319,-0.60231614,0.43633175,0.061744582,0.9007734,-1.5266275,1.1828896,-1.4997036,-0.6099205,0.058424603,0.6751301,0.11350207,0.16927443,-0.48871034,0.69997233,0.8680003,-0.9982934,0.2407529,0.9814871,-0.5043716,-0.87981033,0.3641281,0.31214672,-0.61995876,0.085810736,2.1736944,0.49656957,0.6677739,-1.1331104,-0.732135,0.6305808,-0.48411998,-1.4707164,-0.49082917,-0.5860963,0.093584314,0.087705836,0.0015801669,0.85525113,-0.14209731,0.6100372,0.6176924,-0.75552666,-0.57991683,-0.17845456,-0.5958611,-1.1091646,-1.6259121,-0.16201818,0.5643976,-0.7163211,0.7177327,0.8217432,1.5447851,0.4559082,0.107057914,-0.65148234,0.2950458,0.69853455,0.50361764,-0.79727256,-1.1235203,0.46059743,0.64413375,-0.55107224,0.01166985,-0.07378997,-0.5130322,-1.5538985,1.2245703,0.24577315,0.01183672,0.6650756,0.754766,0.10832079,0.72389966,0.16238603,0.09674203,-0.42547774,-1.1713064,0.028077353,-0.27435127,-1.1469522,0.3949683,-1.0338838,0.30446464,-0.5645031,0.2525061,-1.6526318,0.58942163,-0.31653515,0.7279005,0.15099426,0.13556735,-1.1871372,-0.18283626,-0.502242,1.3275865,1.7037499,0.02112691,-0.53939545,0.3686253,1.3528867,0.6649803,-0.29527974,0.18975718,0.10512209,-0.40343943,-0.8277537,-1.2753861,-0.7130687,0.42882046,0.396622,-0.8590822,1.9660981,-1.8285818,0.89526546,-0.69021106,-0.97367316,-0.2996916,0.059364706,-0.6363654,2.2440348,1.4296342,-0.3712165,0.5992689,0.9191145,1.3117487,-0.48897552,0.10490171,-1.7616695,0.5908569,1.1722715,0.6781012,-1.6296101,-0.23742361,1.1394722,-0.3300874,1.040978,0.19441745,-0.25090474,-0.43177906,-0.3096894,-0.41500783,-0.3121032,-0.047190774,0.12950222,-1.2704762,0.57669955,-0.15702632,-1.170689,0.09231677,-0.4625492,0.3538058,-0.67900085,0.9310899,0.7332539,0.48021775,0.47852406,-0.4415465,-0.11083014,-0.7296331,-0.64908504,0.4460197,-1.2020208,1.1267128,0.6737518,1.2430723,1.7436714,-0.100990534,-0.83118075,0.27769476,-0.50053847,0.6286403,0.12903789,-0.7843155,-0.79764426,0.4033699,0.7531748,0.1077492,-1.5193851,-0.908069,-0.15696554,0.27583566,-0.31909317,0.44616738,0.08269809,0.38721395,2.2063096,1.4974498,0.20375934,0.0
ヒ,0.1551639288663864,0.4506290853023529,-0.01363614667207,-0.6370481848716736,0.4615746140480041,0.2639996409416199,-0.0758199542760849,0.1400951892137527,-0.5672416687011719,-0.4536508619785309,0.9669219255447388,0.2578133344650268,0.0437002889811992,-0.0305585283786058,0.6502804160118103,-0.1538078784942627,0.076464757323265,0.3039916455745697,0.2624402046203613,-0.3601556122303009,-0.2744719088077545,-1.2416704893112185,-0.0199216641485691,0.2230587601661682,0.0938585996627807,-0.0750812292098999,0.4507965445518493,0.1402094364166259,-0.0956296250224113,0.0028909591492265,0.0683367997407913,-0.7170385122299194,-0.1060455366969108,-0.2604305744171142,-0.205409899353981,0.50655198097229,-0.2688134312629699,0.0183443594723939,0.3605715632438659,-0.2463780343532562,0.0943169891834259,0.1758158951997757,0.1803629696369171,-0.712032675743103,-0.5488702058792114,0.2456328570842743,0.394925445318222,0.3637723922729492,0.0627575293183326,0.1141312941908836,-0.4363737106323242,0.2059674859046936,-0.0493296571075916,-0.1743544042110443,0.006553248502314,-0.3940860629081726,-0.2066861987113952,-0.297159731388092,-0.1702533960342407,-0.0682727321982383,-0.3287326991558075,0.0514913089573383,0.5227841138839722,-0.1426666975021362,-0.610588014125824,0.1486562937498092,-0.1979223489761352,-0.1560423076152801,-0.0512634515762329,-0.2419832646846771,-0.3740155398845672,0.2287186831235885,0.3287839293479919,-0.2566201984882355,0.6189438104629517,-0.0866599082946777,0.1362277865409851,-0.202879250049591,0.0439100787043571,-0.3750547766685486,-0.2605040967464447,0.477020263671875,0.0909885987639427,-0.2727606296539306,-0.1429039984941482,-0.0712911412119865,-0.4525351226329803,-0.4567330181598663,0.4612589180469513,-0.1946479082107544,-0.0238242112100124,0.0289498101919889,0.4362281858921051,0.2913758158683777,0.0421952418982982,0.5157997012138367,0.2683615386486053,-0.4036157131195068,-0.3878888487815857,0.2022004574537277,-0.1927543431520462,-0.3255326151847839,0.6532957553863525,0.0747601091861724,-0.2382178157567978,0.3407899141311645,-0.4753974378108978,0.4331378638744354,0.1886070519685745,-0.1850417852401733,-0.4214930236339569,-0.62468421459198,-0.4045696258544922,0.4463379085063934,-0.2081644088029861,0.0541237704455852,0.0279976855963468,0.2270314395427703,-0.607581615447998,0.3643158078193664,0.1141840890049934,0.2706145942211151,-0.6240183711051941,-0.15853251516819,-0.3572992086410522,-0.0468583181500434,0.0506937690079212,-0.4449667632579803,0.0683520063757896,-0.4220626354217529,-0.0689848810434341,-0.4346333742141723,-0.2900322377681732,-0.3256109654903412,-0.2641321122646332,0.8080708384513855,0.0963991284370422,-0.0051596430130302,-0.1326319277286529,-0.9510437250137328,-0.4260962009429931,0.2162968516349792,-0.0291372798383235,-0.4338919818401336,0.020120296627283,-0.0425894744694232,0.4651023149490356,-0.1427480280399322,0.4590663015842438,0.4949187636375427,-0.590072751045227,1.0625067949295044,-0.8029110431671143,-0.2842399477958679,-0.1895159929990768,0.5080698132514954,-0.6417995691299438,-0.1670119166374206,0.1234936565160751,0.4376185238361358,-0.0081946840509772,0.051650270819664,-0.0345338024199008,0.3243104219436645,-0.1118391528725624,0.5013188123703003,0.0706172659993171,-0.4249691367149353,0.0888606160879135,0.4558064341545105,0.4025118052959442,0.7786225080490112,0.0936259552836418,-0.5450785756111145,-0.0758634060621261,0.4750376343727112,0.2346851676702499,0.1204299330711364,0.3575238287448883,-0.4718982279300689,-0.0625396072864532,-0.4084468185901642,0.0151939578354358,-0.5143970847129822,0.0848657041788101,-0.5993847250938416,-0.1684137731790542,-0.4101534485816955,0.1577584445476532,0.2508314251899719,0.1990536451339721,-0.2801210880279541,0.0838920846581459,-0.4265199601650238,0.0967216342687606,-0.0044822753407061,-0.0443103499710559,-0.677568256855011,0.4325268566608429,0.2420121729373932,0.1419271230697631,0.2561053037643432,-0.1636112183332443,-0.5880338549613953,-0.7513834238052368,0.2444121837615966,0.2218668758869171,0.3722359538078308,-0.0576323680579662,0.0166755300015211,-0.4486375451087951,0.1026544645428657,0.5113428235054016,0.1722454279661178,0.2426017820835113,0.1142214238643646,-0.2054839581251144,-0.145319789648056,0.1273888498544693,-0.0753499716520309,0.4734819233417511,-0.294533759355545,0.3903192281723022,0.3167636394500732,-0.3261315822601318,-0.0870011001825332,0.1504799723625183,-0.3448344767093658,-0.2032735645771026,0.7681403756141663,-0.0945703983306884,-0.3772029280662536,-0.5680177211761475,0.0219685714691877,-0.7395026683807373,0.2867819368839264,-0.0755594000220298,0.5308506488800049,-0.1511099189519882,-0.0451962612569332,0.4406926035881042,0.2160435914993286,0.1351016163825988,-0.2546265721321106,-0.4471630752086639,-0.0711394399404525,-0.0925125852227211,0.112662523984909,-0.7487152814865112,-0.4306326508522033,-0.2312167286872863,0.0809345096349716,0.6158937215805054,-0.0397866182029247,0.5637722015380859,0.228426918387413,0.3079513907432556,0.0808858126401901,0.4061949253082275,-0.5819168090820312,-0.0170844141393899,-0.6823350191116333,0.0706702023744583,0.0049366592429578,0.0240170732140541,-0.1962190717458725,0.0075716129504144,-0.9283567667007446,-0.6517423987388611,-0.7023324966430664,0.0691634118556976,-0.2308564633131027,-0.5220823884010315,-0.0358589552342891,-0.1382291316986084,-0.0813654735684394,-0.2658712565898895,0.9066728949546814,-0.4704917669296264,0.0147815765812993,-0.8694491982460022,-0.0377383381128311,-0.4280239939689636,0.1345736980438232,0.2123394608497619,-0.139414370059967,-0.0891146063804626,-0.5124378800392151,-0.0894404947757721,0.2889519035816192,0.3881677687168121,-0.7848303318023682,-0.3554987013339996,0.4363750219345093,-0.1338460147380828,-0.1208686679601669,0.0097985407337546,0.0734140276908874,-0.2534174025058746,0.4317496418952942,0.1825443059206009,-0.3149542510509491,0.3559764325618744,-0.2545181512832641,0.25816410779953,-0.0805562511086463,0.0478713326156139,-0.3314650356769562,0.882379949092865,-0.5105294585227966,-0.1683922857046127,0.5338581204414368,-0.6264352798461914,0.0041701947338879,0.2998262047767639,0.1258674710988998,-1.5447466373443604,0.2514921426773071,0.3825699687004089,0.2853820621967315,0.0663605257868766,0.0761764869093895,0.4044224917888641,0.0664045587182045,0.1580988764762878,-0.6744645237922668,0.8377020359039307,0.5648170709609985,0.0366671569645404,-0.2535087168216705,0.622234582901001,-0.2583390474319458,0.2455523163080215,-0.4194328784942627,0.0735396891832351,0.5083774924278259,0.0592531189322471,-0.0839532986283302,-0.0070820059627294,0.1767411828041076,-0.3479365110397339,0.2596847414970398,-0.1261917948722839,0.0986007004976272,-0.7107913494110107,-0.0176534727215766,0.4050839245319366,0.6863741874694824,0.6635514497756958,-0.0580600500106811,-0.0835014209151268,-0.0663131922483444,0.527273416519165,0.1272830665111541,0.2565767467021942,-0.0587564744055271,0.2043832093477249,-0.4836817681789398,0.36578369140625,-0.3903399407863617,0.3079275488853454,-0.3579303324222564,0.2849977314472198,0.8619423508644104,-0.3330050706863403,0.461453914642334,0.4307321906089782,0.2073920369148254,0.0708928778767585,0.9447011351585388,0.8014667630195618,0.2853122651576996,-0.4481697380542755,-0.6782790422439575,0.1940154582262039,-0.2257252037525177,0.1718036383390426,-0.144169881939888,0.4633250832557678,0.1488864719867706,-0.3330743610858917,-0.078921303153038,0.0291775036603212,-0.132490187883377,-0.0980433747172355,-0.5415587425231934,-0.7658714056015015,-0.1086545139551162,-0.2478442043066024,-0.1320928484201431,0.2046696245670318,-0.0027242740616202,0.352538138628006,-0.0861778855323791,-0.8063405752182007,0.0193819366395473,-0.5207050442695618,0.0684253200888633,0.1308557689189911,0.3228591382503509,0.0499389544129371,0.3065854609012604,0.1449382454156875,-0.2469052821397781,-0.3119357526302337,-0.4584004580974579,-0.678742527961731,-0.1015153005719184,0.273720383644104,0.7859252095222473,-0.308444082736969,0.1588353961706161,0.0131683461368083,-0.0312738642096519,-0.7118157148361206,-0.2326661497354507,-0.8079601526260376,0.31133633852005,0.0257586054503917,0.218905821442604,0.155648872256279,0.5780073404312134,0.1453631371259689,0.215496614575386,0.0968502163887023,0.0464936643838882,0.0428659841418266,-0.2211536765098571,0.7866926789283752,-0.4566079974174499,0.5226107239723206,-0.0297211036086082,-0.0136367473751306,0.0840261355042457,-0.5349287390708923,-0.4864985346794128,0.1688639670610427,0.6869313716888428,-0.2170043289661407,0.0496401712298393,0.3654405772686004,1.0765975713729858,-0.5108519196510315,0.269177496433258,0.3112615942955017,-0.17133429646492,0.3510374724864959,0.2194955497980117,0.0901605710387229,-0.2180202901363372,0.0581805668771266,0.3326261341571808,0.257871001958847,0.1415131539106369,0.3245297074317932,0.0015025347238406,-0.2716504037380218,0.6049988269805908,0.2547251284122467,0.4773009419441223,-0.8952032327651978,0.0430978275835514,-0.5547069311141968,-0.5209277272224426,0.0011915358481928,0.2075236439704895,0.8722180724143982,0.0875146016478538,0.1984903216361999,-0.5996089577674866,-0.7445886135101318,-0.4348490834236145,-0.8675307035446167,-0.0803818255662918,-0.1169916987419128,0.3092200458049774,0.6056602001190186,0.6078056693077087,-0.3280372321605682,0.5314616560935974,-0.6247866153717041,0.5959320068359375,0.860277533531189,-0.2267018258571624,0.2744591236114502,0.4100825190544128,-0.3317743837833404,0.2444828301668167,-0.2524178326129913,0.3819825351238251,0.0101557420566678,-0.4985678493976593,-0.2720477879047394,0.2787221074104309,0.1070373356342315,-0.6736441850662231,0.5774563550949097,0.1267206072807312,-0.4294994175434112,-0.6080118417739868,-0.4017721116542816,0.0021702907979488,0.121820293366909,-0.8576255440711975,-0.2744193077087402,-0.1034798622131347,-0.0170258656144142,0.2800353467464447,0.4200932085514068,-0.4409108757972717,0.2417379170656204,0.3884917795658111,0.7064756751060486,-0.4150725305080414,0.0487671457231044,-0.1961350291967392,-0.13302843272686,0.0752157345414161,0.117836058139801,-0.4084993004798889,0.5618004202842712,-0.306004911661148,-0.7195473909378052,-0.361836701631546,-0.2829920053482055,-1.16535484790802,0.4835647940635681,-0.5599750280380249,0.4080492556095123,-0.8477668166160583,0.3952420055866241,-0.3729346990585327,-0.2062507718801498,0.1430326849222183,0.1133826747536659,-0.4964585602283478,-1.0426381826400757,-0.1837907135486602,-0.5248781442642212,-0.2205185890197754,0.5109828114509583,0.6301618218421936,-0.3601831495761871,0.0802402570843696,0.6938257217407227,0.2980091869831085,0.0184750016778707,0.0569400154054164,-0.2595379948616028,0.0216411333531141,0.1974187642335891,-0.0932305604219436,0.4165742099285126,0.1820403337478637,-0.0491071753203868,-0.0206615701317787,0.8652002215385437,0.5409029126167297,0.6718352437019348,-0.2066844254732132,0.3054647147655487,-0.1629034429788589,-0.1222085356712341,0.0069744517095386,-0.0101039828732609,0.544657826423645,-0.0769844427704811,0.4263932704925537,0.5536972284317017,-0.2789074182510376,0.0096166115254163,1.0772978067398071,-0.0493160225450992,0.7064254283905029,-0.1277188062667846,-0.1907592415809631,-1.0220482349395752,0.2685689926147461,0.149569422006607,-0.2484442591667175,0.0421154163777828,-0.3305385112762451,0.6136986613273621,-0.4454030692577362,-0.1952313780784607,0.158312976360321,-0.3326961994171142,0.4229760468006134,0.3969317972660064,0.3068210184574127,0.9081117510795592,0.2589408755302429,-0.3617842495441437,-0.4359055459499359,-0.5863341093063354,-0.0246839020401239,0.4677716493606567,0.2104497402906417,0.3839569389820099,-0.0581724382936954,-0.629828155040741,0.6223678588867188,0.0140578420832753,0.451951265335083,0.5435202121734619,-0.1823170483112335,0.1041467860341072,0.2170623540878296,0.1832512319087982,0.2387022674083709,-0.3811858594417572,-0.8378561735153198,-0.179612398147583,-0.065353937447071,-0.5495458841323853,0.0436767302453517,0.2653824985027313,0.3253761231899261,0.0364917144179344,-0.1467848420143127,-0.0723554193973541,0.6487961411476135,0.0818063244223594,-0.0054389904253184,0.3287208080291748,0.0617479085922241,0.0205965898931026,0.1345026344060897,-0.1017100289463996,-0.353233277797699,-0.3030010163784027,0.0554798878729343,-0.4527095258235931,-0.2389556765556335,-0.3906725645065307,-0.0562675483524799,0.1848201155662536,-0.1851905584335327,-0.686260998249054,-0.8891593813896179,0.3089494705200195,0.2316297143697738,-0.9766973853111268,-0.1346741318702697,-0.153746947646141,-0.1262493133544922,-0.1081550791859626,0.2327514886856079,-0.5198888182640076,0.0178478527814149,-0.5442913174629211,0.1388426572084427,-0.5254583954811096,-0.6475991606712341,0.3034259974956512,0.1549130380153656,-0.4784647226333618,-1.4052042961120603,0.7116935849189758,0.7003629207611084,0.5205879211425781,-0.1193124204874038,0.1623309701681137,-0.2878951132297516,-0.1524762362241745,-0.5409619212150574,-0.3284410536289215,0.0775396078824997,-10.163240432739258,0.0543361045420169,-0.946041226387024,0.0541164353489875,-0.2538313567638397,0.3980744779109955,0.7791574597358704,0.6333169937133789,-0.116882286965847,0.192258596420288,0.3340701460838318,0.4396194219589233,0.2559846639633178,0.516249418258667,-0.5809218883514404,0.1425436586141586,-0.1036959215998649,-0.6297397017478943,-0.2579349279403686,-0.1719603538513183,0.5175480842590332,0.2347171008586883,0.9968917369842528,0.3285820186138153,-0.0729481652379036,-0.1041453629732132,-0.1333189755678177,0.3411591947078705,0.1258501410484314,0.5160365104675293,-0.7681807279586792,0.5263305306434631,0.9602128267288208,0.3831358551979065,-0.1767399460077285,-0.0461997203528881,-0.1810252666473388,0.3001701533794403,0.255888819694519,0.3722301423549652,0.2266776263713836,0.8576859831809998,0.2290200144052505,-0.1377987563610077,-0.0832230150699615,0.4649208784103393,0.2738896608352661,0.429055780172348,0.7048214077949524,0.3225641250610351,0.641271710395813,-0.1899065971374511,0.3797788619995117,-0.2986117899417877,0.0897846966981887,0.0092191295698285,1.0575250387191772,-0.8122954368591309,-0.0169563796371221,0.3066757023334503,0.6404390335083008,-0.1873566508293151,1.0442854166030884,0.7848476767539978,0.3961774110794067,0.4613099992275238,0.4029954075813293,0.759478747844696,-0.6235030293464661,-0.438056081533432,0.2154419720172882,0.2960347533226013,0.0571728944778442,-0.0405136868357658,-0.2129049450159073,0.1255891472101211,0.0945852398872375,-0.0674786046147346,0.2398975640535354,0.2007848024368286,0.4945542514324188,-0.0101030971854925,-0.181055411696434,-0.0927843153476715,-0.6666327714920044,0.0802120566368103,-0.0718905627727508,0.1013098210096359,0.295345276594162,-0.3529881238937378,0.2771203815937042,-0.3841342031955719,-0.6349249482154846,0.3902927041053772,0.7234137058258057,-0.5658267736434937,-0.1969288885593414,0.1236242428421974,0.3028652667999267,-0.1958173066377639,-1.1470196,-0.5622612,0.7639648,0.85937965,-0.76298016,-0.5223233,-1.5228002,0.7746346,1.1674836,-0.15988728,1.36548,-0.15864989,-1.5289037,2.1891892,-0.96101534,0.257587,0.6535343,-1.1828507,0.5103146,-0.2501358,0.71329147,0.47567594,0.5397975,-1.0463346,1.0076346,0.48620737,0.7112465,-0.70424795,-0.44426927,-0.77370584,-0.009685285,-0.48894784,-1.0073255,-0.54355717,-0.007001132,-1.4715588,-1.5383017,1.0059867,0.128631,-0.52688795,-0.7306874,1.0434101,-0.11518441,-0.75198615,-0.64477223,-0.014589215,1.6422663,-0.4381723,1.1735656,-0.47904488,-0.71428865,-0.44289696,0.557811,1.0566603,0.6974367,-0.37057018,0.962078,1.0913138,0.27065867,-0.07203764,0.19653316,0.3083704,-0.7593301,-0.39685017,-0.18422523,0.845623,-0.4296798,0.4679137,0.037507452,-0.14407411,-2.3700616,-1.1241856,-0.5197073,1.2161032,-1.3483552,0.97712517,-0.041908212,-0.97249097,0.348278,0.25089642,0.46672198,-0.4289396,-1.4864326,1.3419064,-0.6812169,-1.5191829,0.059674557,-0.41337103,-1.038332,-0.2091343,-0.80103385,-1.3702227,-0.8972406,-0.91849345,1.8430407,-0.36847404,-0.7698866,-0.95348775,-1.4576712,0.019066658,0.05573158,1.6136444,0.31055507,-0.49004224,-0.78927994,-0.5229316,-0.66506076,-0.51089823,-0.5123381,0.6701199,0.31975362,0.5376669,0.6773985,1.0664499,0.46340132,1.3169932,-1.2144741,-0.59791356,-0.46260327,0.07635278,1.3692226,0.5802802,-0.3846501,0.6561451,-0.027480118,1.4972185,0.43157494,-1.0953218,0.09304584,0.48923054,0.5318344,0.099504024,1.8984302,0.2726107,-0.5272026,-0.27401587,-0.33234736,-0.14679967,0.66892904,-1.3311675,-0.2955769,0.24557972,0.052219227,-0.4040497,0.09095526,-0.70864254,0.015367202,0.73756856,1.5461394,0.10385201,-0.28649187,0.07788603,-1.1073618,0.04151403,1.1557031,0.022794232,-0.092649624,0.4404363,-0.90640914,0.5883304,-0.62993,1.389949,-1.0602127,0.5084013,-0.20130467,0.90871394,-0.7520754,0.9167646,-1.3510622,-1.9368037,-0.50599843,-0.25246376,0.8178672,-0.19511622,0.5604523,-0.20569919,0.5186141,0.3750418,-1.139473,-0.11187281,1.0463941,0.7807298,-0.14970294,1.4915115,-0.36338472,0.07940352,0.58053076,0.5291108,0.21111843,0.021107756,0.93132794,-0.6725544,0.64370775,0.6861576,0.7731896,2.3724103,0.6552823,-1.6271553,-1.5772231,0.6087084,-2.264925,-0.6567491,0.9721494,-1.3140385,1.3764552,-1.2738494,-1.0500091,1.8427247,0.4203978,-0.16336754,-0.7433212,-0.7983154,0.8555334,1.0092788,-0.46366566,-0.16346174,-1.0373489,0.31236717,-0.24057278,-0.32599834,1.306809,0.84170055,-0.0009598428,1.540001,-0.7094886,0.5829118,0.30106774,-0.038222264,0.48743784,0.39334166,-0.7030084,0.73499024,0.48759156,-0.034128338,-0.9025558,-0.035678472,-0.5694281,0.48660815,-0.19617563,0.75517195,0.1597646,-0.15618917,0.38455632,0.0051622707,0.4118852,0.31944954,1.3555945,-0.26197255,-1.1512119,0.17910439,0.1141279,1.2923625,-0.46114928,0.42145658,0.037767313,1.3819714,-0.46868205,0.20966923,-0.44472933,-0.72489417,-0.003898147,0.52018577,-0.24541365,-0.05794642,0.13883643,-0.43792793,-0.3000564,0.11634615,0.009382118,-0.6542306,-1.0827445,-0.7396213,-1.1135402,0.32688618,0.5927832,0.8344366,-0.4304014,-1.0729811,-0.58887625,0.9722967,1.0912108,-1.9788921,-0.60850346,-0.24264435,-0.87642646,0.70857316,0.42636782,-0.13455813,-0.015921067,0.7748359,-1.4317714,0.8073311,-0.2870215,1.0113232,1.6731983,0.13068679,1.0549608,-0.8908839,-0.1589477,-0.4339554,0.54172957,0.6781287,-2.0089877,1.0324011,-0.3181937,-0.7743347,1.0213445,-1.0462047,-0.79655325,-1.1512642,0.107509166,-0.45802107,-0.8213716,2.2022698,-2.1920555,1.4805157,-1.462124,-0.5111622,-0.9339133,-0.9119094,-1.4064093,-0.15412658,0.28805447,0.0097210035,0.68880695,0.51102895,0.3673879,0.23449124,-0.06456565,1.1324652,0.057868578,0.6541006,-0.76156443,-1.6212705,-0.34636378,0.86183184,-1.1739386,-1.2735668,-1.0723231,-0.57251203,0.18872657,-0.77097666,-0.8007711,0.8605963,0.08277099,0.5089978,-0.8819721,-0.6960167,0.22963189,-0.6804236,1.1459374,-0.45549965,1.8346858,-1.0152255,-0.48302135,0.46612018,-1.0727861,0.05937827,-0.5041706,2.2049403,0.26655328,0.27520758,0.47566864,0.4453153,-0.28532287,-1.2071993,1.3546299,0.18968473,1.362406,0.0031019337,-0.43652466,1.2745767,-0.6394617,0.37322193,-0.11760703,-0.6178123,1.7669473,0.26266712,-0.570356,0.09968929,-0.2641899,-0.48292905,0.09402094,-0.055547252,0.2372399,-0.24348228,0.8014284,0.8837554,-0.55532324,-1.096624,-0.07944808,0.6644391,1.1731963,1.547098,1.406127,-0.36196473,-0.5611534,-1.9137198,0.4700288,1.1466963,1.0307455,0.4231878,-1.6612221,0.22256097,0.5915294,0.31729677,-1.4499167,-1.7246212,1.2940938,0.8351183,0.41068792,1.8288372,-0.6843575,-1.4519366,-0.67044336,-0.35615683,-0.27476698,-1.1896536,-0.9575578,0.46023816,-0.6205121,0.90732956,1.1458029,0.58808994,-0.2701491,-0.430547,0.49612105,0.042335212,-0.85929406,0.13967256,-0.082095034,0.009692427,-1.4474334,-0.70825875,0.41302297,-1.9535525,1.2788545,0.14117578,0.019856516,0.05827441,-0.5470978,-0.6828461,-0.73015195,-0.32945412,-1.2088276,-0.20790586,0.64235514,-1.4258882,-1.0503296,0.5453,1.0157179,-0.67224145,0.6255101,0.05373725,-0.35382694,0.73822844,-0.13891622,-0.5156466,0.32825935,-0.19769132,-0.022423387,-0.37109476,-1.5585977,-0.12979557,0.67978454,-1.6112599,-1.444548,0.6668509,0.32120252,-1.3697039,-0.6540346,-0.3036709,-0.10722199,0.7949892,1.1342136,-0.27826893,-0.56657374,-0.8062191,-0.12284052,0.5516479,1.0056186,0.06075012,0.13208851,0.1570675,-0.1772215,0.5900959,1.7306299,0.12608394,1.0445306,1.2054468,0.6405298,-0.2287299,0.69958484,-0.25834283,-0.7414498,0.45683333,-1.1027151,-0.700499,1.6030811,-0.29874307,-0.90270317,0.13823816,0.99568963,-0.53742194,0.2149877,0.04667256,0.8440497,1.9193189,1.3574314,1.6622446,0.14889628,-0.24080658,-0.5492398,0.7390088,-1.5422484,-0.7565766,0.00491862,0.32641152,2.174668,-0.81408566,0.49684498,0.74148786,-0.70422596,-1.06605,0.26447475,0.23909023,-0.5075507,-0.7078229,0.45078114,-1.0933262,0.3014408,-1.5600122,-0.20606352,0.92932636,0.7332288,-0.4506916,0.14897917,0.5777593,0.56193525,-0.79920894,-0.13138056,0.94332755,1.809014,0.34619245,-0.6566981,0.40083206,-0.016101278,-1.2485611,-0.26774797,-0.96414447,-0.81664497,-0.25376898,-0.35932142,-0.063778,-0.54706854,-0.75383437,1.4586666,0.33875096,0.030715741,0.15681757,-1.0623066,1.7534189,0.055903077,-0.40195826,1.202296,0.47126198,-1.1705045,0.83927923,-1.117258,0.8879986,-0.31545603,0.4547027,1.5887754,0.11863173,-0.83674574,1.4331893,-0.8907987,0.10543011,-0.06498265,0.4492734,-0.8916158,0.16387069,-1.7634398,1.101722,-1.8191335,-1.0899807,0.05408936,0.6157125,-0.67257077,0.5178055,-0.49092165,0.38696355,0.08086406,-0.9919766,0.80679166,2.166182,-0.6713709,-1.3211279,0.5761043,0.14643939,-0.12071356,-0.13934514,2.4493504,0.52073014,0.6362495,-1.4015201,-1.0111598,0.43691593,-0.5941311,-0.78338534,-0.20414993,-0.21542528,-0.1375978,0.3284075,-0.6762794,1.0533888,-0.84056586,0.4114362,0.62364805,-0.7611976,-0.22963057,0.10097522,-0.11412197,-0.94274765,-1.301465,0.7710115,0.7263751,-0.46355522,0.5789481,0.9137935,1.8176956,0.8696432,-0.21164048,-0.85751456,0.9177601,0.8027503,0.63519335,-1.0049045,-1.4710522,0.217427,0.91193503,-0.28084677,0.56045187,-0.018869273,-0.36288738,-1.8463715,1.1531917,-0.13858917,-0.0017014937,1.3204732,0.18082844,-0.20660116,0.82619935,0.049905654,-0.030526832,-0.5765442,-0.3251421,-0.3174814,-0.38510805,-0.9353575,0.07334037,-0.25587347,0.7883144,-0.2699552,0.37082604,-1.8133669,0.80931324,0.13711083,0.7615419,0.38346404,0.37245515,-1.2783835,-0.6870475,-0.15635237,1.2297229,1.276868,0.08577904,-0.9638711,-0.14111814,1.5124803,0.65408194,-0.45119536,-0.18962553,0.19529447,-0.3537221,-0.37994838,-0.9743558,-0.36061755,0.093320325,0.035456985,-1.0269794,1.1841148,-2.0012395,0.7689815,0.08099061,-0.92573947,0.1907212,0.54936445,-0.5919852,1.7990638,1.3623022,-0.4037389,-0.23515987,0.5480657,1.0383828,-0.429928,-0.28577247,-1.1395898,0.7800361,1.5496991,0.54533577,-1.2249002,-0.55184364,0.44353342,-0.30702066,1.9401367,-0.10257749,-0.7751783,-0.6461976,-0.2167111,-0.9568668,-0.62677574,-0.6200597,0.11236633,-0.9520377,0.8135795,-0.8285661,-0.57060134,0.4255231,-0.77274525,0.20277686,0.137709,1.0731426,0.77949476,0.10065558,0.29250872,-0.24545908,-0.40231326,-1.2464187,-0.5467566,0.3510053,-0.8424949,0.59253573,0.84274006,1.153758,1.7681308,-0.0003472194,-1.1411321,0.26792002,0.3605249,0.5784022,-0.14090422,-0.6798602,-0.45205152,0.705516,0.4503789,1.0290443,-1.4215237,-0.2772646,0.14045274,0.063797005,-0.0686166,0.74913234,-0.059883002,0.68887705,1.7953221,1.2908263,-0.08617784,-1.5736094,-0.97568244,0.9735489,0.84219205,-0.65914416,0.08429015,-1.3005215,0.19591233,0.8980198,-0.106245,0.389367,0.1652728,-1.0412452,2.0054066,-0.7101424,0.17598279,0.5373636,-0.6476219,0.96666276,-0.8191465,1.2560346,0.6722716,0.6426846,-0.9695877,0.93430567,0.56333566,0.33612555,-0.714205,-0.005614328,-0.22735544,-0.058136165,-0.43019223,-1.0802276,-1.4801526,-0.09879251,-0.8059393,-0.862323,0.8641386,-0.0154757025,-0.27255386,-0.6941575,0.62417793,-0.1469187,0.13113321,-1.1107591,-0.27462485,1.3652898,-0.3018077,0.9607252,-0.5327789,-0.15928572,-0.39667368,0.37071446,0.81011426,1.2638838,0.036021315,0.37910092,1.0970278,0.5967375,-0.6940381,0.9721802,0.8036561,-0.84673226,0.6530124,0.6941004,1.2352031,-0.5945767,0.21909544,-0.61423826,-0.6858162,-2.8672066,-0.5240222,0.26431653,1.1337255,-1.0867491,0.6618737,0.16870943,-0.13728102,0.05176145,-0.1245206,0.4591319,-0.03716163,-1.0985367,1.1410072,-1.0386809,-1.2961687,-0.032342494,-0.5840134,-1.0539055,-0.16609314,0.3409461,-1.5659006,-1.6896389,-1.08542,0.9567752,0.11141248,-0.8478406,-0.49015933,-0.95496005,0.1529514,-0.08968575,0.93237436,0.018874923,-0.0748286,-1.4748812,0.20314884,-0.80080193,-0.7505653,-0.71552765,1.4734881,-0.598512,1.0762075,0.39514756,1.6070541,0.719082,1.0675005,-0.6263864,-0.73510015,-0.6772479,-0.13694002,1.1657388,-0.3715917,-1.3546939,0.013500238,0.09302073,1.146462,0.43250665,-0.39973518,0.76254404,-0.40442485,0.521282,-0.29263443,1.93209,0.6132452,-1.0329865,-0.6384164,-0.72008777,0.3942655,0.40408674,-0.9797112,0.034546334,0.014240486,-0.26772588,-0.66810334,-0.28826264,-1.3507409,0.26976424,1.1098106,1.2461,0.19306138,-0.15482792,-0.11367373,-0.9725564,0.4752601,1.1342827,-0.12617142,0.24296007,0.21425727,-1.7297513,1.4082654,0.57804644,1.1844275,-1.2760167,0.35602283,0.33409163,0.4235238,-1.0783638,0.4826077,-0.8567344,-2.1483784,-0.4512906,-0.26714808,0.21223891,-0.64818925,0.52349246,-0.17576721,0.63623655,0.46743852,-1.1188762,-0.38580853,0.54688954,0.780293,-0.1421065,1.5483607,-0.6575073,0.4606846,0.6506659,0.4517603,-0.48823947,0.234097,0.7579113,-0.74115545,1.6271498,1.2041031,1.2160699,2.272388,0.60516155,-1.6024662,-1.3192253,0.121526405,-2.2247539,-0.7985857,0.34627756,-1.1095906,1.6500328,-1.204059,-0.81228554,1.358086,0.22665758,0.057763726,-1.2759559,-1.2862884,0.82768935,0.93140715,-0.84617984,-0.72401106,-0.67813003,0.059143342,-0.2800069,-0.9364883,0.64157665,0.83757764,0.41843873,2.2435768,-1.2968856,1.0183836,0.92207175,0.67765456,0.90938836,0.1459522,-0.70890474,-0.21125595,0.8525106,-0.55179626,-1.2321011,0.19686806,-0.6805226,0.6016274,-0.13589449,0.048047595,0.05782526,-0.66631836,0.21445456,-0.07549017,0.59430796,0.58612907,1.2674992,0.22384658,-0.9462919,-0.25565583,0.8772,0.785967,0.23448198,-0.093293265,1.2529274,0.73100215,-0.7504283,0.19527277,-0.26143542,0.071681455,-0.123655066,0.29345807,-0.61030835,0.9296423,0.54471785,-1.0035247,-0.6508146,0.3389859,-0.006458807,-0.5414435,-0.6102545,-0.95168704,-1.0197384,0.21568632,-0.15367238,0.24743915,-0.95556575,-0.8042401,-0.7515677,-0.109534904,0.21913147,-0.9179187,-1.0213338,0.14916602,-0.4326199,0.10354121,-0.5053028,0.11889689,0.59584814,0.8774746,-1.4614975,0.89960796,0.35238194,1.0460421,1.4755344,0.15340027,1.4415057,-0.664773,-0.034767278,-1.3148746,0.4279662,1.1560761,-1.674559,1.0819583,0.13239935,-0.67535913,1.1063417,-0.7270529,-0.96634835,-0.47867256,0.29601482,-0.48516935,-1.1394778,2.4357,-1.925945,1.283982,-1.3617208,-0.47231936,-0.96666205,-0.7645818,-1.2915941,0.9222191,0.1829237,0.6402737,0.47962648,0.028900718,-0.07654266,0.55510426,0.70161194,0.50161684,-0.6302128,1.336594,-0.9541955,-1.5974169,0.7353509,0.9119781,-0.730719,-1.461721,-1.1098931,-0.6515888,0.60923827,-0.007782805,0.16170149,0.90524197,0.35593113,0.98775846,-0.51533663,-0.41839972,0.063246444,-0.9666929,1.4092605,0.14370932,1.636947,-0.5932608,-0.5013999,0.8384684,-1.2828381,-0.087491795,-0.9681574,1.9093336,0.054606132,0.0030494542,0.3961447,0.27926576,-0.6015741,-0.25755215,0.610054,0.27628267,1.3496017,0.6039728,-0.6583322,1.5446947,0.16796745,0.33877537,0.034795176,-0.8171938,1.3965365,-0.30035704,-0.3060939,-0.15146986,-0.26317936,-0.073557734,0.2765752,-0.18750085,-0.023475384,0.13419393,1.3246315,1.33395,-1.465555,-0.87723,-0.51516306,0.6909801,1.347372,1.8671944,1.6554186,-0.004945159,-0.8371767,-2.2912333,0.1098633,0.85142374,-0.048246726,0.85683125,-1.0493541,-0.09251308,0.6880068,-0.09151292,-0.8711208,-1.842441,1.659955,0.47358426,0.13109162,1.8947201,-0.0032077967,-1.3555033,-0.39515305,0.9509489,-0.23225036,-0.8461834,-0.4906969,0.89266443,-0.87892306,0.7199141,0.65645105,0.0042060018,-0.06458326,-0.15156095,0.56378716,0.288773,-0.6366579,-0.08709368,-0.11143079,0.612654,-1.6364748,-0.7623676,0.19296181,-1.8084686,0.6154893,-0.18990937,-0.5698481,0.5501363,-0.69007516,-0.64580566,-0.94028676,-0.16792312,-1.0652184,-1.2591054,0.6499728,-0.9260246,-1.0801194,1.3922229,1.4146028,-1.3618858,0.72858214,0.20846197,-0.65321034,0.84299326,0.118597016,-0.62216765,0.5789815,-0.75906193,0.04597204,-0.1488416,-1.0112839,-0.89300793,0.21499494,-1.5346782,-1.33979,0.54674673,0.9230259,-1.7468666,-0.48002905,0.20799474,-0.42027798,0.86549586,0.31654343,-0.4009038,-0.13717094,-0.80207956,-0.31163198,-0.16964552,0.8774806,-0.26965514,0.34422594,0.67453974,0.15267348,0.089892425,1.7901516,-0.08575192,0.8772415,1.5409096,1.2857838,-0.68287325,0.91240835,0.30285734,-0.50147325,1.1143451,-1.6256578,-0.6273844,1.9890362,-0.4699501,-0.8079532,-0.96195257,0.388923,0.12920904,-0.3220381,-0.45297748,0.7922988,1.4534764,1.0674598,2.3663242,0.053041916,-0.6074573,-0.56633645,0.5371498,-0.73529035,-0.69620216,0.49975824,0.7716211,2.5733507,-0.2594161,0.2194231,0.73429364,-0.9481465,-0.9794903,0.33818847,0.3264386,-0.7146311,-0.62322766,0.7578331,-1.3507433,0.1670557,-1.9631279,-0.28401563,0.5990322,0.62603325,-0.76314104,-0.028603697,0.7972319,-0.07366018,-0.37821144,0.8434559,1.5028743,1.1620076,-0.8379469,-1.4317188,0.80825293,-0.52086556,-1.4000164,0.43570465,-0.63031113,-0.59402025,0.19495979,-0.7972703,0.25776297,-0.15742569,-0.33698973,1.5159795,0.46812296,-0.5052594,-0.29551294,-0.8146105,1.8935896,-0.5796113,-0.36794075,1.2086749,0.62188053,-1.1539555,0.80729103,-0.98635846,0.21496546,-0.6627799,0.6089774,0.6619184,0.637039,-0.40432954,1.3616897,-0.8043068,-0.30913383,0.34600902,0.86846465,-0.38498777,0.23364139,-2.0149884,0.7973064,-0.8229453,-1.1761124,-0.4064936,0.008141679,-0.5921731,0.16310373,-0.29102874,0.5090676,0.2120069,-0.927137,0.20177391,2.4162254,-0.93931735,-0.78926826,0.6044671,0.47321233,-0.8067483,0.086977765,1.8241031,0.5515379,1.2791331,-0.9874765,-0.57431996,-0.46780497,-0.23823735,-0.5791086,-0.1582394,-1.0368298,-0.43377146,0.839112,-0.04701662,0.46051878,-0.87566966,0.20714548,0.71051013,-1.1618732,-0.30769166,0.24685721,-0.40261525,-1.2494041,-1.4506186,0.6568107,1.2128738,-0.6697947,0.22354881,0.5392776,1.2889122,0.9079393,0.07777025,-0.7734376,0.35220698,1.0204842,0.5978683,-0.9450321,-1.1938789,0.6401011,1.3096992,-1.1980895,0.35026953,-0.27846193,-0.36534482,-1.5068214,1.0659263,0.5029892,-0.068072334,1.244011,0.2551033,0.24596289,0.3753676,-0.5082177,-0.13660964,-0.18233617,-0.39944273,-0.33963883,-0.33713058,-0.8484701,0.28063232,-1.1770756,0.4085943,-0.0226582,0.8299446,-1.2017386,0.236057,-0.49257773,0.3308,0.27808368,-0.2112569,-0.8918632,-0.50838965,-1.0318317,1.268844,0.5426642,-0.3487177,-1.3630674,0.5868279,1.1831509,0.24405117,-0.40856665,0.29058832,0.6680459,-0.9218036,-0.12583205,-1.6173872,-0.51168156,0.18910296,1.3507519,-0.6532322,0.71075743,-1.3884009,0.9459607,-0.04586668,-0.8971712,0.35624072,-0.32635802,-0.43046054,1.9666197,0.9479235,0.31183726,0.51724964,0.5141284,0.9397165,0.026537651,-0.2058374,-1.3655188,0.49918175,1.556286,0.36589754,-0.5479642,0.024026703,0.60336715,-0.48971215,1.3974737,-0.2536891,-0.4027875,-0.9624936,-0.15283158,-0.15559138,-0.0037285448,-0.41480106,0.2011979,-1.1029274,0.26405203,-0.8800082,-0.609998,0.2474242,-0.84581107,0.15744296,0.38058883,1.3160187,0.4628665,0.55678874,0.78374636,-0.74800736,-0.1547012,-1.1551399,-0.45538944,0.56530756,-1.048661,0.3218232,0.8330647,0.7744292,1.5198742,0.29297113,-0.5852811,-0.011060178,0.09916183,0.06714941,0.17532961,-0.3475837,-0.36734805,0.39328068,0.091078095,-0.3030921,-1.1815056,-0.151785,-0.16017048,0.77123106,0.19956693,0.6613836,-0.54046166,0.038670152,1.8463554,0.47597066,-0.23597941,0.0
ニ,0.2399881780147552,0.498018354177475,0.8955079913139343,0.005041497759521,-0.2969804406166076,-0.1288875639438629,0.8377258777618408,-0.2465835809707641,-0.6963340044021606,-0.3838145136833191,0.5023658871650696,-0.2319454699754715,-0.2090045362710952,0.0123188756406307,0.3375872373580932,0.0955833196640014,-0.2994687259197235,-0.3320967853069305,0.105328544974327,-0.3356218636035919,-1.199247121810913,-0.4857733249664306,-0.014517749659717,0.0603932812809944,0.0599503107368946,-0.78136146068573,0.1385903805494308,0.0701314210891723,0.1482769697904586,-0.4499062299728393,-0.5657681226730347,0.0919201374053955,-0.1736220568418502,0.0030534949619323,-0.4910091757774353,0.6131080389022827,0.015275546349585,-0.0971176624298095,0.5189294815063477,0.1481046974658966,0.0030237135943025,-0.1044567003846168,0.0200241766870021,0.041071742773056,-0.100732646882534,0.4264664351940155,0.132814809679985,0.496850311756134,-0.1855993121862411,-0.1612194776535034,-0.3438955247402191,0.3898206353187561,0.5209559798240662,0.1577526032924652,0.192417174577713,0.0655715242028236,0.8847101330757141,-0.6201813220977783,0.2481703907251358,0.445669949054718,-0.4492683410644531,-0.5545591711997986,0.2076460719108581,0.0906073600053787,-0.3409030437469482,0.4919306635856628,-0.5973501801490784,-0.1568299680948257,0.4562695026397705,-0.5391255617141724,0.0492937266826629,-0.2538284361362457,0.144734114408493,-0.7692111730575562,0.5159355401992798,-0.4594015777111053,0.1821346580982208,-0.1125316768884658,-0.0764267742633819,0.1738098114728927,0.2126527577638626,0.2442357540130615,0.0553750321269035,-0.6869986653327942,-0.3677364289760589,0.6940591335296631,-0.9101846218109132,-1.0816364288330078,0.8663680553436279,-0.2362627536058426,-0.1768848001956939,0.3000737726688385,0.1569752246141433,0.0842565894126892,0.670451819896698,0.6204149723052979,0.0854531079530716,0.2576430439949035,0.0282056499272584,0.2926505506038666,-0.3810499310493469,-0.2817577421665191,0.3634460270404815,-0.3957997858524322,-0.4156117737293243,0.2613184750080108,-0.18729268014431,0.3636125922203064,0.0976108461618423,0.4044984877109527,-0.2066918462514877,-0.9868265986442566,-0.2262287437915802,0.1464495509862899,0.5395494699478149,0.2332690209150314,-0.1634886115789413,0.3493140339851379,-0.2618437111377716,0.2535730302333832,0.1716625392436981,0.5832396149635315,-0.0342006832361221,-1.1091642379760742,0.0796048045158386,0.3212693035602569,-0.0885724648833274,0.0260915197432041,-0.1137551367282867,-0.1529953628778457,-0.4824707508087158,-0.6091140508651733,-0.3289887309074402,-0.0974496304988861,-0.60126131772995,0.651743471622467,0.6650561094284058,0.5216874480247498,0.0827017351984977,-0.281015008687973,-0.6038870811462402,-0.0620010271668434,0.4018469750881195,-0.3225410282611847,0.6033268570899963,-0.0102281784638762,-0.4963041245937347,-0.4260859787464142,0.162226527929306,0.1483174860477447,-0.1598769277334213,0.80233234167099,-0.7591325640678406,-0.061724979430437,0.1537837088108062,0.451979249715805,-0.7278866171836853,0.169708713889122,0.2764085531234741,0.1890266835689544,0.7832756638526917,0.3377169668674469,0.1770556718111038,0.7063726782798767,0.3589708805084228,0.3684092462062835,0.3855596780776977,-0.3533316552639007,0.0153440618887543,0.4558740854263305,0.3503834903240204,0.2179538458585739,0.7681988477706909,0.1386443674564361,-0.5556210279464722,0.6621384024620056,1.071463704109192,-0.3012385964393616,-0.2049427926540374,-0.5722112059593201,-0.2706075012683868,-0.2144170552492141,0.5491052269935608,-0.7793207168579102,0.5074599385261536,-0.0006776891532354,0.000281504180748,-0.2342703640460968,0.1572796255350113,0.6060560941696167,-0.4203536808490753,-0.5844647288322449,0.2661496698856354,-0.5123875737190247,-0.2070800513029098,-0.2717030048370361,-0.2051060050725937,0.2209423929452896,-0.9210068583488464,0.3236485123634338,0.4330968856811523,0.073336474597454,-0.1983409821987152,-0.4938555061817169,-0.6892940998077393,0.0602587014436721,-0.0897126719355583,0.3994076550006866,-0.1870185732841491,0.0892463326454162,-0.2997252643108368,-0.1554416865110397,0.3474860787391662,0.2821784913539886,0.4196942150592804,0.155134379863739,-0.1165054142475128,-0.1757172346115112,0.3276111483573913,0.0551695227622985,0.3733872175216675,-0.1666144132614135,0.0150819709524512,-0.2423607110977172,0.1224497780203819,0.5370935797691345,0.3706514537334442,-0.6751798391342163,-0.2304879873991012,0.4684117436408996,-0.6569773554801941,-0.8943758010864258,-0.5819957852363586,-0.1027029827237129,-0.5708690881729126,-0.5742595195770264,-0.4286757409572601,0.2313897460699081,-0.5876480937004089,0.527140200138092,-0.1354325413703918,-0.3490617573261261,0.2205250561237335,-0.5164347887039185,-0.2158338129520416,0.1988855898380279,0.1232568025588989,-0.1676084250211715,-0.6289826035499573,-0.2826015055179596,-0.2267360836267471,-0.2499215751886367,0.1019749343395233,-0.3679527044296264,0.5211003422737122,0.7176828384399414,0.8670651316642761,-0.1786787658929824,0.3087609708309173,-0.3622464835643768,-0.4940388202667236,-0.6561098694801331,0.0756227597594261,0.1844679564237594,-0.096898503601551,0.04713986068964,-0.1329451650381088,-0.2873137891292572,-0.9781805872917176,-0.319053590297699,0.3318533599376678,-0.2461916804313659,0.0173809994012117,-0.1850131452083587,0.4622901380062103,0.1793286204338073,0.2592511773109436,0.7661769390106201,-0.3640256524085998,0.27199786901474,-0.3022246360778808,0.2611386179924011,-0.611751914024353,0.1417306810617447,-0.1542247682809829,0.4245662093162536,-0.510331392288208,-0.5345093607902527,-0.533447265625,0.716960072517395,0.4460596144199371,-0.6074992418289185,0.2070235908031463,-0.1222982481122016,-0.5591508150100708,0.4849247932434082,0.3392638266086578,0.0201661754399538,0.2770930826663971,-0.0716230198740959,0.6288016438484192,0.2935670912265777,0.8059220314025879,-0.0894927382469177,-0.2002018988132476,-0.1224767044186592,0.1709357798099517,0.7128282785415649,0.1837633997201919,-0.802681028842926,0.6803693771362305,0.3822384774684906,-0.5349481105804443,0.3936195373535156,0.5953669548034668,0.587542712688446,-1.3823076486587524,-0.1753514409065246,0.6864405870437622,0.7565538883209229,-0.6600862741470337,-7.142586582631338e-06,0.2971343398094177,0.3123375475406647,-0.1888991296291351,-0.2407542616128921,1.2328671216964722,-0.0909240394830703,-0.0652929991483688,-0.222514733672142,-0.0749331563711166,-0.3393189311027527,0.2482902556657791,-0.3786711990833282,0.0935624241828918,0.4356390237808227,-0.5850790143013,-0.1831747442483902,-0.3180065453052521,-0.2905949354171753,-0.424087792634964,0.6385433673858643,-0.5369762778282166,-0.1305275112390518,-0.0190998502075672,-0.4493971765041351,-0.1478213220834732,1.0692458152770996,1.1102465391159058,0.1682927459478378,-0.8284353017807007,-0.7258700728416443,0.1027304828166961,-0.3827482461929321,-0.0908938646316528,-0.5365722179412842,0.1473941653966903,-0.2610086500644684,-0.2499143332242965,-0.0199813451617956,0.0439121536910533,0.1047793179750442,-0.2141801863908767,0.1834008693695068,-0.3466436266899109,0.388646125793457,1.0327752828598022,0.0349547788500785,0.3688464760780334,0.6388689279556274,0.672288179397583,0.3386959135532379,0.065013088285923,-0.8786070346832275,0.0681200474500656,-0.5904049873352051,0.495224267244339,-0.088651955127716,-0.7305606603622437,0.907346785068512,-0.0863807573914527,0.1661152392625808,-0.3564050495624542,-0.511898934841156,0.2590500712394714,-0.4335880279541015,-0.0134439598768949,0.183345764875412,0.1517754644155502,-0.1977767348289489,0.7999216914176941,0.4202208518981933,0.6377631425857544,-0.4777056872844696,-0.7689921259880066,-0.1673790961503982,-0.3213671445846557,0.1558387279510498,0.3721858263015747,0.5082894563674927,-0.0948093011975288,-0.1153046339750289,0.0159989353269338,0.2064537405967712,-0.95878005027771,0.0685359314084053,-0.651793360710144,0.0704318657517433,0.0730981156229972,0.2113152742385864,0.031522374600172,0.0527812577784061,0.3189178705215454,0.5808015465736389,-0.7783799767494202,-0.1613888293504715,0.1788643896579742,0.3199944794178009,0.3388553261756897,0.6496179699897766,0.5549226999282837,0.0590652748942375,0.5409660339355469,-0.2235772311687469,0.3465896248817444,0.1655871570110321,0.1747461408376693,-0.5205464959144592,0.9497072100639344,-0.4511545896530151,-0.0876128524541854,0.1544488072395324,0.0602484680712223,0.5611934661865234,-0.4675502181053161,-0.8076052069664001,0.4199115633964538,-0.1826090663671493,0.561552107334137,1.1829746961593628,-0.0805006995797157,0.2960154712200165,-0.0464479625225067,0.1875627934932708,-0.2053208500146865,0.3647632896900177,-0.1009399890899658,-0.6398433446884155,0.427743911743164,0.1481426209211349,0.2722767889499664,1.4112900495529177,0.0862573981285095,0.2672679126262665,0.1452893763780594,0.241290807723999,-0.3223082423210144,-0.0955208763480186,-0.3009140789508819,0.1278165876865387,-0.1152070388197898,0.8357356786727905,-0.6288214921951294,0.0530882254242897,-0.1288283914327621,0.0524586625397205,0.6772114038467407,0.4081891775131225,0.0012743080733343,-0.3657405972480774,-0.5746895670890808,-0.413478672504425,-0.4503512978553772,0.0139700667932629,-0.6152694225311279,-0.0508028306066989,-0.2447485029697418,0.0497177429497242,-0.9581451416015624,0.4678661227226257,0.4893801808357239,0.0627292096614837,0.1946627050638198,-0.5680791735649109,-0.1699132323265075,0.5439184904098511,-0.685943603515625,-0.636755108833313,0.270639419555664,0.0615531913936138,-0.3260607123374939,-0.957592248916626,-0.1974907964468002,-0.3581154346466064,0.2891275584697723,-0.4286392629146576,0.1623032540082931,0.0123498197644948,-0.565133810043335,-0.1754132211208343,-0.5328487753868103,-0.3943957686424255,-0.0778370648622512,-0.1529422849416732,-0.0435021519660949,-0.2341650277376175,0.0455569177865982,0.8609870076179504,0.5781028866767883,-0.3404849469661712,-0.0678211376070976,0.6001311540603638,0.0134011348709464,-0.3031742870807647,0.1346807926893234,-0.144233226776123,-0.5261630415916443,0.4355503916740417,0.5091544985771179,-0.0833733230829238,0.2180920392274856,0.2670896351337433,-0.7991225719451904,-0.4180024862289428,-0.3345060050487518,-1.050958514213562,0.4238246083259582,-0.3562321662902832,0.8672330975532532,-0.5954985022544861,0.4309892952442169,-0.4024232923984527,0.3909869194030761,0.0171622540801763,0.4163903295993805,-0.4857703149318695,-1.3232897520065308,-0.3382763564586639,-0.2781261503696441,-0.6342113614082336,1.0885275602340698,-0.1200270429253578,-0.7550294399261475,0.2689781486988067,0.2818595767021179,0.183319553732872,-0.2465816736221313,0.2268478572368621,-0.0390494316816329,-0.0169130768626928,0.008017498999834,-0.1576659828424453,0.3537449538707733,0.3585444390773773,0.178397536277771,-0.0097616231068968,0.8249403238296509,0.3854309320449829,0.1550318151712417,0.1726711988449096,-0.452601820230484,0.2316302210092544,-0.0850178897380828,-0.2921363413333893,-0.1442154943943023,0.4841728210449219,-0.4870316684246063,0.5140367150306702,0.3830854296684265,-0.8019239902496338,-0.1514890193939209,1.1948102712631226,0.2635453939437866,0.6823922395706177,0.0765335336327552,-0.0981333404779434,-0.6144131422042847,0.0781684964895248,0.595352292060852,-0.1323657780885696,-0.447791576385498,0.1941670179367065,-0.136386290192604,-0.0078218821436166,0.7715087532997131,-0.0365745723247528,-0.1183796897530555,0.3819184601306915,0.0633423402905464,-0.3294958472251892,0.9611512422561646,0.0925962179899215,-0.3062328100204468,0.0292535964399576,-0.0550469979643821,0.420026034116745,0.4790914952754974,0.1943640857934951,0.4590746760368347,-0.0140517381951212,-0.5848106741905212,0.0721693634986877,0.396188884973526,-0.2210362255573272,0.891806423664093,-0.3367661237716675,-0.2763691842556,0.6258436441421509,0.3863765597343445,0.1282980144023895,-0.0149681763723492,-0.7286804914474487,-0.2715208828449249,-0.6282907128334045,0.0671744421124458,0.1371153444051742,0.4392257630825043,0.3184598386287689,0.1893894374370575,-0.4350124895572662,0.3687155544757843,0.321261316537857,-0.1682348549365997,-0.3007729351520538,0.0684005171060562,0.2578999996185303,0.2626895010471344,0.1784130334854126,0.2423498481512069,0.0831109434366226,-0.4748173952102661,0.7601574063301086,-0.2581839859485626,-0.1072468012571334,-0.09479521214962,0.175308957695961,0.59159916639328,-0.2410508245229721,0.3209672570228576,0.0749908313155174,-0.0473887808620929,0.0560566000640392,-0.4479458630084991,0.1063652485609054,-0.20023974776268,0.0028138619381934,-0.2556470036506653,0.084066055715084,-0.6800851821899414,-0.8131122589111328,-0.0201230570673942,0.40631964802742,-0.4025742411613464,-0.5078088641166687,0.4864073097705841,-0.1204340755939483,-0.5760420560836792,-1.5662147998809814,0.5193831324577332,0.0815850645303726,0.0106269372627139,0.0105899330228567,-0.22087924182415,-0.2326550334692001,-0.1760053634643554,0.2459411770105362,-0.6746455430984497,-0.3293901979923248,-9.807195663452148,-0.0124987848103046,-0.5163050889968872,-0.1690342277288437,-0.1281996369361877,-0.4532968699932098,1.1393678188323977,0.8253955841064453,-0.536453127861023,0.3240262567996979,-0.5628291368484497,0.2936359345912933,0.5911865830421448,0.3530381917953491,0.4281627237796783,-0.3939273357391357,-0.067873790860176,0.0666920915246009,0.3080798983573913,0.1399819999933242,-0.1826901137828827,-0.1620252579450607,1.0195213556289673,0.314514696598053,0.0664615780115127,-0.6188612580299377,-0.1658964902162552,0.6420120000839233,-0.2043704092502594,0.2019911706447601,-0.9699943661689758,0.9677385687828064,-0.1644393503665924,0.0563455335795879,-0.4271545708179474,0.1414322853088379,-0.0807258337736129,-0.0451164245605468,-0.8572476506233215,0.4816361367702484,0.0363676100969314,-0.0011551573406904,0.2120583206415176,-0.0737558528780937,0.4536486566066742,-0.2475725561380386,-0.1137004643678665,0.2647754549980163,0.3160045444965362,-0.0187130738049745,-0.1756884008646011,0.2808996438980102,0.6086269021034241,-0.5372304916381836,0.3729364573955536,-0.7106446623802185,0.3599810898303985,-0.9493100047111512,0.2192019671201706,-0.2922466993331909,0.0507802776992321,0.1272028684616089,0.5295270085334778,0.747220516204834,-0.0787647441029548,0.5490385890007019,-0.0020413962192833,-0.6292516589164734,-0.6555565595626831,-0.1589002907276153,0.3971392512321472,0.1711445152759552,0.0227958634495735,-0.240527719259262,0.1442629247903823,0.4694149494171142,-0.0082037206739187,0.3554873168468475,0.7015735507011414,-0.2771918177604675,0.740035355091095,-0.510673463344574,0.3534307181835174,0.5597468018531799,-0.7759509682655334,0.3758062124252319,0.1695676892995834,-0.1911898702383041,-0.021022655069828,-0.7556512355804443,0.4545226097106933,-0.2344045490026474,-0.2773563861846924,0.0750988349318504,-0.168514609336853,0.1701342612504959,-0.0815538763999939,-0.1397444307804107,0.0923962071537971,-0.5649541020393372,-0.9572027,-0.21237308,0.49390846,0.8362394,-0.920276,-0.1820019,-1.7398591,0.7019554,1.5290339,0.09691664,0.309199,0.032603983,-1.2367756,2.2451594,-0.4777086,0.5913867,1.0890521,-1.357358,1.0086805,-0.143552,0.83195245,0.39627388,0.5803753,-1.204725,1.0926892,0.5507253,1.1260352,-0.60644865,-0.1638716,-1.0948582,0.29999435,-0.37144756,-0.72627586,-0.4043099,0.2527685,-1.3237991,-1.5124252,1.3247733,-0.37840804,-0.9264499,-1.0660664,0.5129598,-0.009057419,-0.4158181,-0.5107515,-0.22057655,1.4566933,-0.7444826,0.6135108,-0.75482625,-1.1425573,-0.30116993,0.52383876,1.1877171,0.5879499,-0.5540697,0.89879376,1.1692693,0.20922522,-0.3824312,0.3002028,0.501044,-0.49180397,-0.33523223,0.5039789,0.5448341,-0.3599819,-0.04718629,0.123473555,-0.32174572,-2.2928615,-1.4007738,-0.3643421,1.0481489,-1.8131332,1.2422047,-0.05945364,-0.928248,0.6797594,-0.3571183,0.1700362,-0.43820086,-1.1087167,1.7102721,-0.85917187,-1.0930065,-0.34204826,-0.39977145,-1.0815053,-0.25219122,-0.79700613,-1.6383386,-0.71479076,-0.9665858,2.0331676,0.3532685,-0.78001934,-0.9587033,-1.3098564,-0.2975935,0.23148602,0.9599087,0.041528594,-0.3788128,-1.1563873,-0.54983324,-0.17993796,-0.07946849,-0.40196717,0.6554634,0.09239742,0.79374784,0.41392845,1.5701226,1.167783,0.7202855,-1.0146986,-0.38970867,-0.6929671,0.8395003,1.2542531,0.5046433,-0.30789983,0.9130828,0.043203242,1.0489049,0.32699472,-1.1527872,0.57525456,0.7022911,0.18300608,-0.21773583,1.659309,0.9308226,-1.0093818,-0.73346806,-0.22407143,-0.03904221,1.4752458,-1.3044043,-0.53554344,0.61606455,-0.16784604,-0.18240121,0.22328898,-1.0394958,-0.16510063,0.7728215,1.8404936,0.18973742,-0.4588791,0.030724142,-1.2687411,0.5615849,1.0571654,0.25228652,-0.30845264,0.24359737,-1.3357091,0.80610275,-0.43752337,1.3024691,-0.8438592,0.6849028,-0.13153872,0.5349207,-0.51908976,0.64203,-1.2096372,-2.1079593,-0.895534,0.18947588,0.3629657,-0.002431098,0.38196197,-0.13352057,-0.06802698,0.27760124,-0.91227615,-0.16728328,0.99654007,0.87483287,-0.105142,1.0942792,0.12061506,0.24332897,0.7139564,0.834736,0.7622826,0.4105119,1.3587779,-0.6406151,0.51045537,0.5208913,0.63021713,2.7110798,0.60677725,-1.5968122,-1.460493,0.8484101,-2.451021,-0.574322,1.1316447,-1.5780411,0.82645535,-0.65230614,-0.9768254,1.6024759,0.791714,0.03630697,-0.93421775,-0.98680973,1.17802,0.522911,-0.5954821,-0.056174874,-0.9355418,0.21626197,-0.25159824,-0.003002478,0.59461594,0.38708946,0.08584433,1.5629021,-0.73842716,0.6199606,0.17257316,-0.3725533,-0.1689996,0.76390445,-1.0305839,0.72175384,0.2985916,-0.111433744,-0.37646776,0.46303797,-0.04630871,0.46548212,-0.5757246,0.6350892,0.44385093,-0.015905121,0.47681972,0.0068123904,0.54170215,0.69705254,1.2402214,0.13728935,-1.5931424,-0.13888925,0.2650243,0.7840371,-0.41556302,0.20088874,0.133859,1.312209,-0.17540751,0.12811868,-0.63034564,-0.8015296,0.053872768,0.13092747,0.56842005,-0.022153517,0.27654466,-0.65463954,-0.2286349,-0.09053352,-0.018197175,-0.8792333,-0.9754256,-0.45612043,-1.0754384,0.024019005,0.5206896,0.033183023,-0.8388179,-0.65666175,-0.59142905,1.1646026,0.62201405,-2.005736,-0.39113572,-0.42396775,-0.9424819,0.4203129,0.3984611,-0.16130437,0.30515528,1.0528377,-1.5278554,0.9646847,-0.22918303,1.1930223,1.9416934,0.16985552,0.93357956,-0.91861236,-0.14730638,-0.24986155,0.10093226,0.6227565,-1.6546619,0.8337607,-0.74697393,-0.2513687,0.9280837,-1.0797709,-0.40241602,-1.0074425,0.36850613,-0.47551605,-1.1053088,1.732267,-2.181471,1.2956712,-1.6118455,-0.60785013,-0.40493894,-1.3053296,-1.4260675,0.38183677,0.14211732,-0.45970064,0.38878596,0.18552016,0.4997079,0.2463728,0.376392,1.8506457,-0.0074211857,0.56914747,-0.5817532,-1.0988355,-0.2242996,0.43478814,-1.7747226,-1.5334065,-1.5020474,-0.6638321,-0.13798778,-0.28209257,-0.85214126,0.7411363,0.0421161,1.0045829,-0.7696103,-0.5924294,0.063113615,-0.8783752,1.5904702,-0.5784738,1.2034738,-1.0951723,-0.3623904,0.38546845,-1.0484209,-0.31249368,-0.59971046,1.769895,0.6206148,0.56067634,0.5254686,0.2658931,-0.00061733194,-0.6504231,1.3747978,-0.031057484,2.0587265,-0.22395833,-0.50772953,1.1866033,-0.16082992,0.43315527,-0.22782503,-0.49201122,1.2185874,-0.010245926,-0.42349827,-0.18053539,-0.0070773163,-0.298102,-0.14080177,0.25902402,0.79785043,0.15133752,0.5003613,0.46506745,-0.55878025,-1.1997217,-0.10060094,0.9760317,1.3370535,1.4658735,1.4966768,-0.57992864,-0.80375624,-1.7509954,0.8043928,0.94394916,0.43055272,0.30647004,-1.5408502,0.5096572,0.2623003,0.21159272,-1.5816114,-2.1014247,1.5521165,0.8469002,0.47642004,1.394345,-0.9916308,-0.9961673,-0.8889407,-0.17112827,-0.70251113,-0.95014465,-0.98290527,0.33111867,-0.83965284,0.97603923,1.0750825,0.553797,-0.77502847,-0.31353754,0.35204768,0.26377946,-0.6935546,-0.30115864,-0.27962497,-0.009947624,-1.3437114,-0.670581,0.77959836,-1.9796435,0.85711557,-0.2515613,0.29229498,0.18727183,-0.09841009,-0.2565334,-0.09859897,0.62839776,-1.1611941,-0.62572366,0.7994941,-1.4567593,-1.191817,0.70171154,1.3502221,-0.4901991,0.7438823,0.3191032,0.3471102,1.0857509,-0.012065258,-0.6471607,0.060758486,-0.35246196,-0.22636808,-0.73166525,-1.6072505,-0.03239036,1.1359836,-1.167191,-1.4009724,0.8584092,0.456476,-1.5367956,-0.74862236,-0.11242005,-0.22500825,1.0486268,0.8333928,-0.28262964,-0.6078968,-0.95120686,-0.3048224,0.13846545,0.30007088,-0.38907224,0.43244535,0.3921882,-0.37369323,0.4106928,2.3088484,0.14606053,1.2023396,1.2639228,0.49321187,-0.3479653,0.86486214,0.019738846,-0.5784694,0.2803934,-0.8979524,-0.6713108,1.216688,-0.10351723,-0.89822984,0.0864822,1.0359827,-0.8010411,0.14993937,0.57858163,1.1108367,1.6684468,0.9778794,1.4922552,0.026801119,-0.36229488,-1.0170654,0.8717142,-1.1805332,-0.73475575,-0.28216034,0.6732944,2.2378132,-0.3832425,-0.17783278,0.9501047,-0.6873076,-1.1717687,0.5114808,0.26796374,-0.34868413,-1.0995195,0.4554028,-1.1710461,0.28020775,-2.404529,-0.4848858,1.2083031,1.2606107,-0.23456258,-0.41283643,0.9072538,0.4051379,-0.72151643,-0.04532275,0.6612971,1.8772479,0.0012798216,-1.0657309,0.6625938,-0.48059067,-1.2543398,0.20993625,-0.82921386,-0.77303475,0.2758627,-0.48939303,-0.12688628,-0.53656054,-0.26141542,1.8349357,0.2118312,-0.5616897,0.79133624,-1.4607064,1.4540904,0.24572508,-0.5788072,1.3161012,0.46114337,-1.3332856,0.7847279,-1.6714327,0.77368534,-0.67187613,0.5110255,1.2196299,0.6503413,-0.5329653,1.1668744,-0.5899093,-0.29207084,-0.36972308,0.4904343,-0.5828122,0.34738928,-2.0208364,1.2518427,-1.4482673,-0.97945976,0.09529134,0.47885165,-0.43747172,0.23379554,-0.6387197,0.9703189,0.33151686,-0.9440613,0.6899758,1.5114539,-0.46142238,-1.0849158,0.4484244,0.5146949,-0.16556492,0.075397395,2.6004293,-0.030156229,0.4816333,-1.4990112,-0.903359,1.1984848,-0.46056277,-0.98070484,-0.2773436,-0.20633504,0.017744113,-0.15015922,-0.52393985,0.5465552,-0.4705267,0.82212484,0.58673215,-0.7915368,-0.6442208,-0.0407714,-0.1971474,-1.1428359,-1.3624692,0.99488246,0.20621087,-0.3559608,0.49756315,0.56031466,1.6842527,0.5793154,-0.4246776,-0.5889309,0.8734327,0.8115374,0.95662946,-1.0867347,-1.0517745,0.09504835,0.87762415,0.42091665,0.4989062,0.20262672,-0.16083527,-1.982554,0.6949818,0.47920412,0.19790405,1.0867158,0.43876705,0.13737518,0.95978874,-0.55194736,0.104757294,0.06882237,-0.49997526,-0.05014462,-0.4387406,-0.9749978,0.080739,-0.5944477,0.84444463,-0.16621786,0.124048114,-1.9864924,0.6625868,0.31792074,-0.2540889,0.64701337,0.14202501,-1.0838054,-0.66042775,0.07950113,1.5992112,1.2724863,-0.09663664,-1.2084174,-0.49221864,1.6840801,0.547706,-0.2747494,-0.19238824,0.3226066,-0.55529475,-0.4594213,-1.3486573,-0.6641735,0.1100586,0.107595235,-1.2068751,1.2197722,-1.60203,0.8583775,-0.6641656,-1.073721,-0.10388928,0.78584325,-0.50580645,2.3613968,1.404114,-0.14160646,0.19009335,0.6494146,0.8712722,-0.7497713,-0.1131611,-1.3359596,1.0600507,1.4190409,0.2461679,-1.125259,-0.77948755,0.65555835,-0.28614324,1.4390994,-0.27564487,-0.3140374,-0.68343574,0.05882466,-1.3315374,-0.4480141,-0.48243454,-0.026035167,-1.292929,0.8114816,-0.61396956,-0.8663502,0.49548477,-0.66930866,0.33412087,-0.35444376,0.84838676,0.95266026,0.40433484,0.5829581,-0.64499456,-0.4475458,-1.4256283,-0.8613281,0.6367499,-0.571484,0.34699276,0.36170736,0.8609966,1.6188712,-0.010904701,-0.9010334,0.6286295,0.21838374,0.7842155,0.1943311,-0.87908906,-0.31940138,0.53693855,0.54366183,0.9423659,-1.4109019,-0.6024977,-0.22001475,0.5498933,-0.11606244,0.60098284,0.05527267,0.26124558,1.8115523,1.0716593,0.08367643,-0.76596403,-0.73028547,0.7095662,0.76688457,-1.2768594,-0.8813167,-1.4235961,0.9435861,1.1039691,0.35779065,0.85136956,-0.24339709,-0.94916224,2.1126964,-0.84863186,-0.14295298,0.7403567,-1.4869852,0.44136077,-0.123417795,0.32304087,0.29032415,0.4072948,-0.9353629,0.57449675,0.40327913,0.75901,-0.49596685,-0.6907426,-1.4697137,0.15743342,-0.400379,-0.9508295,-0.3211434,0.18258181,-1.1723818,-1.3880708,1.387701,-0.20393363,-0.78244454,-0.9055924,1.2137135,0.29166597,0.053950373,-0.6913488,0.06067086,1.7549919,-0.37550694,1.3353282,-0.26261604,-0.8405253,-0.6551249,0.32972234,0.9835283,0.48283625,-0.4544825,1.0749855,1.0056045,0.38003084,-0.4238196,0.11297872,0.5629741,-0.5741358,-0.53021634,0.26603305,0.37446997,0.03501817,0.17292663,0.054100405,0.17781624,-2.4407246,-1.6293314,-0.5215415,1.1791182,-1.7857906,0.50558764,0.10697582,-1.1969298,0.19829148,-0.25437298,0.22449134,-0.5624713,-0.94196564,1.8304297,-1.1991669,-1.729563,-0.18866837,-0.15088803,-1.0624636,0.27917677,-0.66965556,-1.9511063,-1.5049286,-1.3605052,1.3136257,0.31876862,-1.1397531,-1.0968271,-1.5383775,0.110478155,-0.09446245,1.089516,0.61457336,-0.8586428,-0.99232686,-0.48022687,-0.5777704,-0.4680472,-0.5866574,0.51765835,-0.33851516,0.6833081,0.5053244,1.5305324,0.65047777,0.94052505,-1.4619929,-0.67995846,-0.5040626,0.29313082,1.4749949,0.7274214,-0.24580911,0.40860242,0.148344,1.4107919,0.42167717,-0.7837953,0.25474796,0.03512095,1.1085227,0.03305973,2.6769001,0.5450667,-0.49128157,-0.15489472,-0.15122196,0.47217858,0.80051917,-1.0113328,-0.5405269,0.13387673,-0.62036884,-0.13224073,0.35718518,-0.66927636,0.47325295,1.1436206,1.4450188,0.5077207,-0.2611848,0.16935647,-1.3034949,0.0867467,1.5587882,-0.31774676,0.01592276,0.5279715,-1.457404,1.4927984,-0.39915517,0.67669874,-1.1160892,0.8932411,0.016026504,0.1478852,-0.9263232,0.7630643,-0.5715331,-2.4484975,-0.47711876,-0.53213286,0.968036,-0.2227835,0.17743556,-0.20560095,0.23273908,0.15506214,-1.2807064,-0.15687807,1.637397,0.9177283,-0.10612873,1.1360883,-0.32227585,0.69734204,0.75812286,0.7020571,1.129488,0.19551177,1.3440429,-0.631662,1.1296226,1.0365524,0.8747538,2.7510848,0.64338636,-1.4852777,-1.3162482,0.77322733,-2.5359485,-0.5703713,0.5020718,-1.6714759,1.0936767,-1.6141396,-0.927137,1.6727252,0.553394,0.27379838,-1.4203303,-1.6918709,0.7663616,1.1279955,-0.36137834,-0.1719187,-0.97061944,0.63688856,-0.76515853,-1.1161191,0.9279802,1.3282828,0.38713667,1.4871428,-0.63709027,0.46075487,0.25498524,0.49844515,0.68871903,0.94105446,-0.9785923,0.7661886,0.7351989,-0.10264126,0.042329594,0.41932237,-0.64109904,0.49244744,-0.19011118,0.68799865,0.5171987,-0.003296055,0.120590925,-0.5017067,0.43798232,0.544076,1.2080784,-0.30988294,-1.4568443,-0.18454532,0.36067432,1.2184194,0.20230578,0.60954666,0.14492404,1.2304848,-0.63413936,0.18513605,-0.326442,-0.94696444,-0.5268718,0.61978585,0.2884035,0.34348157,0.32406238,-0.7796212,-1.147969,-0.07188484,0.33561775,-0.731775,-1.2394205,-0.82065475,-0.6570136,0.08203267,0.49629003,0.4600653,-0.98952055,-0.65218633,-0.120728016,0.6984234,0.79467,-1.3962659,-0.19760543,-0.095032215,-0.9660976,0.3652434,0.19380437,0.17090808,0.113650754,0.56338817,-1.09689,0.6757469,0.09478194,0.77823085,1.795464,-0.08494179,0.9890382,-0.59407645,-0.39625314,-0.5363008,0.32370743,0.33325586,-1.571769,0.80014026,-0.5839591,-0.62460965,1.2257475,-1.1077735,-0.2153113,-1.3805765,0.30966857,-0.70651394,-0.54892516,2.0886374,-2.5944185,1.8336859,-1.8510876,-0.49375832,-0.7732716,-0.92348987,-1.2277788,0.48791465,0.27604505,0.1734042,0.3621336,0.2103841,0.2552476,0.32260975,-0.16257924,1.636655,-0.25472277,0.30202982,-0.8624573,-1.6253358,0.03502445,0.65480524,-1.1465933,-1.0902836,-0.78685164,-0.65605384,0.00052534044,-0.060863167,-0.4098752,0.73876595,0.14131692,0.4705593,-0.69325924,-0.26058528,-0.26572472,-0.40261972,1.7105832,-0.09489958,1.6782861,-1.2703992,-0.363459,0.3411779,-1.4027175,-0.03495329,-0.41274378,1.7333221,0.4630453,0.39323434,0.304448,0.6482335,-0.060662106,-0.2263316,0.87657475,0.6148677,1.7980924,0.49933225,-0.1002872,1.4153177,-0.3815629,0.7953259,-0.357952,-0.39013356,1.6386158,-0.105937555,-0.46133018,0.16294517,-0.28123277,-0.9615869,0.09722969,0.65649116,-0.07239595,0.23896383,0.66128564,0.372747,-0.47483167,-1.1977994,-0.38971034,0.90376604,1.2315688,1.1437299,1.4134488,-0.5434759,-0.616139,-2.1101782,0.20037425,0.78024566,0.7594608,0.54763323,-1.73488,1.1094748,0.75196296,0.41853288,-1.6403157,-1.6716257,1.6721795,0.10444402,-0.010194051,1.8751354,-0.49868408,-1.2426891,-0.5459771,-0.19535792,-0.15737289,-1.2088139,-0.55495584,0.12251577,-0.27257758,1.2872804,0.90585864,0.5761051,-0.30869782,-0.6601446,0.5360595,-0.15226094,-0.9845566,-0.12800667,-0.10076577,0.17478245,-1.5839318,-0.8781801,0.64566946,-2.0035267,1.2683446,-0.05426114,0.0022538006,0.34974906,-0.2919054,-1.0501953,-0.07374607,-0.17458193,-1.2020746,-0.5261626,0.754572,-1.316639,-1.0549576,1.1009998,1.1232753,-0.5628014,0.8972777,0.53835106,-0.34288397,1.0672797,-0.1118488,-0.52825296,0.26781437,-0.23941739,0.07862508,-0.49924237,-1.4177037,-0.37725645,0.5530933,-1.1034918,-1.3422772,0.4778258,0.482233,-1.0910517,-0.89588875,-0.0309294,-0.51201975,0.51601297,0.73968214,-0.4681177,-0.47825432,-0.7943086,0.043750793,0.113170184,0.2420453,-0.62203956,0.35385928,0.20479803,-0.4608496,0.33831194,1.3080779,0.030792281,1.805641,1.492959,0.5180633,-0.35656685,1.1068008,-0.28283745,-0.49481666,0.7941787,-1.1570917,-0.6156191,1.227707,0.036413144,-1.0182135,-0.31199032,0.50017893,-0.47491795,-0.4840203,-0.24189988,0.63924533,1.5701678,1.292457,1.8056241,-0.126337,0.10268654,-0.45306385,0.71914333,-1.2736322,-0.5577016,-0.50999856,0.7468454,2.582086,-0.62419915,0.064899236,0.6524995,-0.9319941,-1.2758123,0.16888379,0.25606596,-0.035931613,-0.54556936,0.5655228,-1.4211203,-0.052703165,-1.5607417,-0.16747873,0.9862268,1.3246928,-0.81958973,0.35055825,0.9047962,0.053315774,-1.2486724,-0.429844,0.67757416,1.8185362,-0.09925396,-0.88967496,0.7489855,-0.18274473,-1.6359825,0.13842675,-1.2815045,-0.72590065,0.4276982,-0.5156469,-0.29956824,-0.06478329,-0.47836462,1.1239897,0.15499543,-0.13213226,0.7802092,-0.39798042,1.2291663,-0.013655543,-0.6868779,0.998666,0.6070274,-1.4949774,0.47808254,-1.4794943,0.8629911,-0.46617872,0.7390682,1.0735391,0.2879579,-1.0042015,1.4532337,-1.1292664,-0.0024649203,-0.38995534,0.38397956,-0.19668458,0.40973848,-1.6107297,0.7799434,-1.5518777,-0.9761793,-0.25337794,0.6067857,-0.30893248,0.24009404,-0.59884775,0.81051534,0.304626,-0.89339477,0.20005009,1.7411256,-0.2865408,-1.2924111,0.31189162,0.40237367,-0.76402813,-0.28891578,2.4349225,0.15137205,0.5463409,-1.3992255,-0.9865804,0.55133456,-0.2301471,-0.772023,-0.38315022,-0.3488838,0.016864337,-0.119311854,-0.22630839,0.88574433,-0.62435573,0.24610847,0.7230531,-0.67811894,-0.5400075,0.32183957,-0.9062376,-0.85766816,-1.3634847,0.53916395,0.75188726,-0.7183534,0.9618079,0.76793784,1.6265832,0.8636593,-0.20577344,-0.90064025,0.46210486,1.3867915,0.6763836,-1.2074213,-1.2375965,0.40444636,0.66520464,-0.72861755,-0.1818882,0.1121973,-0.51504284,-1.488683,1.1401592,0.62174714,0.0056551546,1.2689726,0.5968984,0.1268298,0.64820576,0.18553546,0.25241444,-0.13313499,-0.7834415,0.1637667,-0.09508477,-0.9037012,0.3836873,-0.41248155,0.4655155,-0.7168188,0.4461343,-1.5982357,0.45992887,0.033306606,0.38068897,0.7757309,-0.017159611,-0.9650253,-0.63593405,-0.052837323,1.5116183,1.0303628,-0.41406304,-0.4766165,0.06465313,1.2715918,0.9143335,0.37193403,0.46321654,0.10503015,-0.25266185,-0.51299036,-1.2219372,-0.68717635,0.22333694,0.17977855,-0.6083027,1.3127106,-1.5590743,0.9578109,-0.30674812,-1.2362942,0.12798458,0.0756552,-0.93656325,2.2446737,1.3580205,-0.48192278,-0.15052018,1.0606428,0.90592444,-0.79785866,-0.09479215,-1.5908685,0.8092233,1.5757053,0.60077125,-1.3033904,0.18270628,0.1604239,-0.6591443,1.3209969,0.1594995,-0.6776986,-1.417434,-0.2499935,-0.8482034,0.20962569,-0.30469885,0.45245048,-1.2087562,0.6362748,-0.2003635,-1.0201173,0.44099802,-0.5975754,-0.24004796,-0.8433686,1.3937085,0.71169776,0.6071396,0.736041,-0.2184663,-0.16149412,-1.2373896,-0.7057443,0.44408423,-0.95326996,1.1084344,0.47535026,1.0113038,1.6187508,0.256258,-1.1382008,0.4353947,-0.3833858,0.6018625,-0.51418173,-1.0961318,0.19184475,0.4009328,0.63212436,0.7559371,-1.3122451,-0.4743651,-0.11860773,-0.13959874,-0.18388532,0.8662954,-0.24577773,-0.05053957,2.2169874,1.2113779,0.28327134,0.0
、,0.6195648908615112,0.3489904701709747,1.0567883253097534,-0.4765182733535766,-0.5891979932785034,-0.1809852719306945,0.0059980759397149,0.3481148183345794,-0.8365700244903564,-0.6619139313697815,-0.2249849289655685,-0.709401547908783,-0.0504682175815105,-0.4271685481071472,0.7363948225975037,0.4460712671279907,-0.5139725804328918,0.4701919853687286,0.1286108493804931,-0.3889336884021759,-0.8025297522544861,-0.7192121744155884,-0.5512325763702393,0.1941795796155929,-0.4240441024303436,-0.9229090809822084,-0.5777475237846375,-0.2258715033531189,0.0061606224626302,0.1903616487979889,0.2632638216018677,-0.4594249129295349,-0.3370295763015747,0.3261558711528778,-0.7294156551361084,0.6906647086143494,0.1098550781607627,0.2041232734918594,0.4162230789661407,-0.5478252172470093,-0.3630021214485168,0.5252999663352966,-0.6012375354766846,-0.5337058305740356,-0.1171065792441368,0.041893757879734,-0.1703510880470276,-0.031400877982378,-0.1483786702156067,-0.3944182395935058,-0.7106783986091614,0.7770763635635376,0.3953070640563965,0.1971932351589203,0.425059050321579,0.3488447666168213,1.0091537237167358,0.0231695063412189,0.0251429192721843,-0.2772858142852783,-0.7284931540489197,0.1356604993343353,0.3728354871273041,0.1996486485004425,-0.592863142490387,0.3532702028751373,-0.1977674067020416,0.5270116329193115,0.4377854466438293,-0.1567492187023162,0.5720683932304382,0.3822307288646698,0.2298650741577148,-0.3820671439170837,0.2723013460636139,-1.026605486869812,0.4222369492053985,-0.3067958056926727,0.2783031761646271,0.1548672318458557,-0.239579826593399,-0.1771947145462036,0.1182410269975662,-0.3522379100322723,-0.6739863157272339,-0.3207395672798157,-1.280389428138733,-0.1314788162708282,0.1092400550842285,0.1847828775644302,0.0771256908774375,-0.437089592218399,0.370442658662796,-0.3064039647579193,1.0832984447479248,0.4152913391590118,0.3117563426494598,-0.1497225910425186,0.3455894887447357,0.2241485565900802,-1.3417664766311646,0.5552119016647339,-0.0222490578889846,-0.8507680296897888,-0.5020774602890015,-0.1633059084415435,-0.2702930569648742,0.9135725498199464,0.5686036944389343,0.4233021438121795,0.0308378841727972,-0.2613431215286255,-0.8987371921539307,0.1841257512569427,-0.0797238424420356,0.4295142292976379,-0.5939999222755432,-0.1568807661533355,0.0380602180957794,0.1479811817407608,0.2256724238395691,0.58320552110672,-0.4946492314338684,-0.1372482478618621,0.271740585565567,0.1917717903852462,0.1432688981294632,0.3522486984729767,0.2582482099533081,-0.6036713719367981,0.3547253906726837,-0.6765661239624023,-0.4382753372192383,0.0448752231895923,-0.6328389644622803,0.965863823890686,0.2955978512763977,-0.4536164700984955,0.0455907583236694,0.1167070865631103,-0.4535581469535827,-0.1906919628381729,0.8190338611602783,-0.4693425297737121,-0.1263845413923263,0.4840159714221954,-0.3180535137653351,-0.3546625971794128,0.4179584980010986,0.3845674991607666,-0.1171512454748153,1.1854907274246216,-0.5989495515823364,0.4140498638153076,0.3314343392848968,0.4171215295791626,0.197724312543869,0.2486430704593658,0.3477166593074798,0.0276961978524923,0.411643385887146,0.0632825419306755,0.118790403008461,1.0481526851654053,0.6594823598861694,-0.0155564593151211,0.6942266225814819,-0.1477566659450531,0.1065890714526176,0.9082752466201782,0.5210177898406982,0.6927188038825989,0.2869593799114227,-0.080572210252285,-0.143041580915451,0.5369226336479187,1.0504631996154783,0.4520522058010101,-0.3815566003322601,-1.0843147039413452,0.4242238998413086,0.4428893625736236,0.7727795243263245,-0.11271483451128,0.5963641405105591,-0.5336257219314575,-0.4145865440368652,-0.0930271968245506,0.4222430884838104,0.1927646398544311,-0.4035003781318664,-0.4110448360443115,0.1082634553313255,-0.0029858634807169,0.0524127073585987,0.166703388094902,0.1684794872999191,0.3491660058498382,-0.12071093916893,0.3308565616607666,0.5550510287284851,-0.018241224810481,-0.1458954364061355,-0.93206387758255,-1.468620777130127,-0.5858704447746277,-0.053965974599123,0.1871979236602783,0.1993109285831451,0.6862973570823669,-0.7204278707504272,-0.1594906896352768,0.1600438356399536,-0.4500786960124969,0.8950967788696289,0.483115404844284,-0.3662504553794861,-0.1398576647043228,-0.0772723108530044,-0.0402719527482986,0.1948870122432708,-0.6461538076400757,0.3496512472629547,0.1929983347654342,-0.292580246925354,0.8708901405334473,0.5928434133529663,-0.952753245830536,-0.5800488591194153,0.2994386255741119,-0.7095662951469421,-0.3877021372318268,-0.1414899677038192,-0.1187630221247673,-0.226882517337799,-0.9625067114830016,-0.6216272711753845,0.1769756227731704,-0.3720604479312897,0.6183730959892273,-0.2944242060184479,-0.2436751723289489,0.3913763761520386,0.3015227615833282,0.3717937469482422,0.2275534719228744,-0.1137370243668556,-0.4073820412158966,-0.9319515228271484,-0.1594752222299575,-0.6824278235435486,-0.4467746615409851,-0.298469603061676,0.5496417880058289,0.4088552594184875,-0.3417203724384308,0.3422651588916778,-0.8266787528991699,-0.2169264554977417,-0.944948673248291,0.300152450799942,-0.2175954282283783,0.4510443806648254,0.2433313578367233,-0.5626786351203918,0.1603416502475738,0.3203263878822326,-0.2135343700647354,-0.4064880609512329,-0.1030912548303604,0.1624127775430679,0.153968408703804,0.3976919949054718,-0.4147221446037292,-0.0498390197753906,0.1031231135129928,0.6804152131080627,1.0598911046981812,-0.1469211876392364,-0.6755654811859131,-0.4156228601932525,0.7218894958496094,-0.8200952410697937,-0.5111777186393738,0.0852808803319931,1.0379979610443115,-0.4341500699520111,-0.0093580558896064,-0.0931151360273361,-0.2131607830524444,0.1918867975473404,-0.6069152355194092,0.0588084161281585,0.1086339578032493,-1.049772024154663,-0.0527109093964099,0.4001291394233703,0.2348199486732483,0.3815994262695312,-0.1056061089038848,0.2873418629169464,-0.2647623121738434,0.0589905194938182,0.1709464490413665,-0.1004977151751518,-0.5174713134765625,-0.1428467333316803,0.6444472670555115,0.2665767967700958,-0.8470263481140137,-0.1114944517612457,0.6196324229240417,-1.261491298675537,-0.3067860305309295,0.4951604306697845,0.4625239670276642,-0.806296706199646,0.3060609698295593,0.7664307355880737,0.5978373289108276,-0.3235744833946228,-0.4803456664085388,0.4361900687217712,0.680817723274231,-0.3462209403514862,-0.766511082649231,0.4465742707252502,0.1413706839084625,-0.1029802933335304,-0.540488064289093,-0.4225925207138061,0.2654396593570709,-0.0956962928175926,-0.2448957860469818,-0.4192146956920624,-0.1646664142608642,-0.3066335022449493,-0.1862993538379669,0.2451054602861404,-0.0318525545299053,-0.0467939153313636,0.695682168006897,-0.4298053383827209,0.2943534851074219,-0.7330169677734375,-0.4372770488262176,0.266561895608902,1.275129795074463,0.4799474477767944,0.6537413001060486,-0.7526010274887085,-0.1445199996232986,0.5737951993942261,-0.2828126549720764,0.7841343879699707,-0.7082526087760925,0.3595519959926605,-0.2249900996685028,0.4486998617649078,0.1162942722439765,-0.312129944562912,0.2356796860694885,-0.7608378529548645,-0.673935055732727,0.2672902941703796,-0.0121579803526401,0.5657185316085815,0.1676893681287765,0.0501080378890037,1.1467639207839966,0.0960680320858955,0.2769872546195984,-0.271636962890625,-1.2229118347167969,-0.2898721396923065,-0.818493664264679,-0.0662508532404899,-0.1926941573619842,-0.1408600509166717,0.6379884481430054,-0.5304189920425415,0.1868663430213928,-0.1202046424150466,-0.4112637639045715,0.2442872375249862,-0.3000135421752929,-0.6347482204437256,0.0767916440963745,-0.0052538914605975,-0.5005415678024292,0.9109095931053162,-0.0007811538525857,0.5739177465438843,-0.3620568215847015,-0.639089047908783,0.5519065260887146,-0.296102374792099,0.0041193105280399,-0.0016299751587212,0.1267074197530746,-0.2287810444831848,-0.2666354477405548,-0.1437699347734451,0.0704218074679374,-1.0117563009262085,0.5357574224472046,-0.4320216178894043,0.0675554797053337,-0.0848605036735534,-0.2459176182746887,-0.7839255928993225,-0.2140903323888778,0.0649926662445068,-0.1526171118021011,0.1472381502389907,0.3655463755130768,0.192785158753395,-0.4598661065101623,0.4447408616542816,0.5818700790405273,0.773893415927887,-0.2916417717933655,0.6764229536056519,-0.2633430957794189,0.1170301362872123,0.3807166218757629,-0.636992871761322,-0.5004210472106934,0.4088150560855865,0.2970898449420929,-0.4510889947414398,-0.2047666013240814,-0.3112285435199737,1.1695051193237305,-0.2776446640491485,-0.454189658164978,0.902678370475769,-0.3502555191516876,0.3743431270122528,1.0348628759384155,0.7548885345458984,-0.3306185603141784,0.8137053847312927,0.2189303785562515,0.4164632558822632,0.0481533221900463,-0.4062684178352356,-0.2302813231945037,0.8682974576950073,-0.0690934285521507,0.0666430816054344,0.7246530055999756,0.2387608587741851,0.2063861191272735,0.304114431142807,-0.0526445172727108,0.0919842198491096,0.3205940127372741,-0.1039949804544448,-0.344978004693985,-0.0909045413136482,-0.1859214305877685,-0.3086766302585602,-0.1104165613651275,-0.4009558856487274,0.3755174279212951,1.0586365461349487,-0.69407057762146,0.3782074749469757,-0.9081338047981262,-0.5527552962303162,-0.1388085484504699,-0.1920015960931778,0.0875670760869979,-0.8221295475959778,-0.3547230660915375,0.0455889664590358,0.100279651582241,-0.4144933223724365,0.1088500693440437,0.3550724685192108,-0.2159822881221771,-0.3159510493278503,-0.813616156578064,0.1168316379189491,0.7964914441108704,-0.5838242173194885,-0.3934233486652374,0.060257464647293,0.1438681185245514,0.7519621849060059,-0.8378763198852539,-0.4993960857391357,-0.388970673084259,-0.1639347821474075,-0.7298585176467896,-0.0774035155773162,0.1874646097421646,-0.6804988384246826,0.2744324803352356,0.0274815335869789,-0.2773340940475464,-0.6969039440155029,-0.2621581554412842,-0.1018723174929618,-0.5727987289428711,0.2523036897182464,0.1731978803873062,-0.2328196913003921,0.108727253973484,-0.1145984902977943,0.3019725382328033,0.7329968214035034,-0.3828904032707214,0.8873105049133301,0.0118421558290719,0.352819412946701,-0.810456395149231,0.5460114479064941,-0.7754442095756531,0.2387319207191467,-0.7294042706489563,-0.6843485832214355,-0.7158702611923218,-0.5920957326889038,-0.4448314309120178,0.6941059827804565,1.415650486946106,0.5825144052505493,-0.6701879501342773,0.2146046459674835,-0.1199929490685463,-0.4598611295223236,-0.5141260623931885,0.0787957608699798,0.0287131275981664,-1.562509536743164,-0.1510507017374038,0.1109620109200477,-0.5994253754615784,1.3839061260223389,-0.1814644634723663,-0.5518447160720825,-0.2039219886064529,0.4202861785888672,0.3994800150394439,-0.4896880388259887,0.0579875633120536,0.6398654580116272,0.2553820610046386,0.8101413249969482,-0.274228572845459,0.0906463786959648,0.1436778157949447,0.1233146637678146,0.0946904346346855,0.4151434302330017,0.4983032047748565,0.0801388993859291,0.8776180744171143,-0.6998874545097351,-0.6978878974914551,-0.6231597661972046,0.3570880591869354,0.1529397666454315,0.689155638217926,0.2196631878614425,0.7957811951637268,0.6500939130783081,-0.1513335853815078,0.0573428571224212,0.8899685144424438,-0.0597225539386272,1.2249330282211304,-0.5518271327018738,0.1374015361070633,-0.7722051739692688,-0.0206141173839569,0.9322041273117064,0.7353374361991882,-0.0895386338233947,-0.1536366045475006,-0.030578788369894,-0.5362865924835205,0.6016854047775269,0.3558008670806885,-0.1032327115535736,0.3825442492961883,0.2989633977413177,-0.4406847059726715,1.0371015071868896,-0.0341293402016162,0.2658805251121521,-0.6539269685745239,-0.0679441913962364,0.7289755940437317,0.4150844812393188,0.0939821302890777,0.7793418169021606,-0.2908057868480682,-0.6848353743553162,-0.1627069562673568,0.4638008773326874,-0.5895224809646606,0.6393943428993225,-0.0029510802123695,-0.5359312891960144,0.7100718021392822,0.655490517616272,0.3547017872333526,0.3587740361690521,-0.5897667407989502,0.1178450062870979,-0.1086761206388473,-0.1629100739955902,0.3958805501461029,0.2954218983650207,0.4053311049938202,0.0414086431264877,-0.8010706305503845,0.4483011364936828,1.3589962720870972,-0.0052117416635155,-0.092074379324913,0.3095720112323761,0.0476359650492668,-0.3680016994476318,0.1139998286962509,0.3104340732097626,-0.2435269206762313,0.2289800196886062,-0.2655230164527893,-0.3084410727024078,-0.1917210221290588,-0.1111677139997482,0.836298406124115,0.1016987338662147,-0.1079253777861595,-0.1257338672876358,-0.0497482158243656,-0.7834899425506592,-0.0943723171949386,-1.2535018920898438,-0.8204447031021118,-0.0228514838963747,0.079421080648899,0.1268144994974136,-0.0876045674085617,-1.0506716966629028,-0.3635828495025635,-0.3436509370803833,-0.780060350894928,-0.2888449728488922,0.2456021755933761,0.4450479447841644,-0.0233513191342353,-0.6451221704483032,-0.3198616802692413,0.4667545855045318,0.4408571124076843,0.2822818756103515,0.2906259596347809,-0.4739277958869934,-0.2051218152046203,-0.0680044218897819,0.5647624731063843,-0.0696877837181091,-0.4178608059883117,-9.239850997924805,0.4858905375003814,-0.6960218548774719,-0.0361793711781501,-0.2908546030521393,0.1097744330763816,0.7458534836769104,0.9021535515785216,-0.8397974967956543,0.8337070345878601,-0.4177514016628265,0.3903300762176513,0.6950947642326355,0.6229278445243835,-0.6647345423698425,0.0440518483519554,0.3326362371444702,-0.1166946589946746,0.6179511547088623,-0.1337971836328506,-0.4723475575447082,-0.8308966755867004,0.333613246679306,-0.35804483294487,-0.5387967228889465,0.3511967658996582,0.7182985544204712,0.211320474743843,-0.3411101400852203,0.7431811690330505,-0.708786129951477,0.2283969521522522,-0.0462522357702255,-0.4464648962020874,-0.3448687195777893,0.6354577541351318,0.4750964045524597,0.5005751252174377,-0.6288119554519653,-0.0984638035297393,-0.2708901166915893,0.7006009221076965,0.0804221704602241,0.0824451893568039,-0.1221666112542152,-0.0991153195500373,-0.1915300339460373,-0.0420115441083908,0.9884529113769532,-0.290996104478836,-0.0704822018742561,-0.7775848507881165,0.459912896156311,-0.9610315561294556,-0.3412564992904663,0.0553800277411937,-0.5966173410415649,-0.8167950510978699,-0.3448605835437774,0.1789460480213165,0.4906902015209198,0.3579187393188476,0.6264480352401733,0.1931654512882232,0.0191162060946226,0.154929056763649,0.4830325841903686,0.4936136901378631,-0.3643776178359985,-0.4921980798244476,-0.0711397528648376,0.0291632562875747,-0.4733636081218719,-0.1612384468317031,-0.1430217027664184,0.0011700104223564,-0.6814314723014832,-0.2017345577478408,0.7151430249214172,-0.0283666495233774,1.094463586807251,-0.1716654151678085,0.0287442691624164,-0.3106435239315033,0.1182713881134986,0.03754448518157,0.8500673770904541,0.6016170382499695,-0.007225947920233,-0.7786552309989929,0.437221348285675,0.5968304872512817,0.606789231300354,0.6270705461502075,0.1220488622784614,0.0347596146166324,0.8286532759666443,-0.122065931558609,0.8150589466094971,0.1964781284332275,-0.43736154,-0.016946055,0.86121356,0.21315828,-0.46247083,-0.25187457,-1.395803,1.4023893,1.320278,-0.13072553,-0.016026564,-1.3756869,-1.78663,3.6261306,-0.6622149,0.33696494,1.1260517,-1.5426595,1.1047845,0.23400137,0.06342772,0.11125122,0.09027055,-0.74435127,0.73600173,0.5476302,1.6383035,0.08952463,-0.37791708,-1.5577267,0.49024397,-0.6494019,-1.3444227,0.4015016,-0.3603461,-0.28583264,-0.9104017,0.5707776,-0.004808709,-0.23597656,-0.73167217,0.3880191,0.23080528,-0.913119,-0.78423655,-0.51222575,1.6127219,-0.3087683,1.4509094,-0.28422132,-0.9240809,-0.37993184,0.7346677,0.75755763,0.01242274,-0.19602765,1.8821571,1.2803168,-0.0683666,0.13329622,0.21491665,-0.01582247,-0.5239042,-0.9492626,-0.68746805,0.06452371,-0.57209206,0.18013938,-0.38983968,0.5379457,-2.5340064,-1.631458,-0.82262504,0.8674811,-1.7811038,0.6767342,0.47408116,-1.2741926,1.060951,-0.23294306,0.2433454,-1.2444923,-0.72511566,1.6760205,-1.3316298,-1.5048428,-0.6412338,-1.0549506,-1.272995,-1.2317041,-0.56729615,-1.4974372,-0.79291654,-1.0480497,1.7953665,1.2652729,-1.1636562,-2.058013,-0.8091786,0.68969154,-0.12344942,1.2439947,0.747085,-1.282545,-0.282604,-0.8451285,-0.50713444,-0.6361895,0.19751114,0.75349104,0.3073016,-0.16200073,0.56729186,1.1040387,1.0177505,0.32910475,-0.84169924,-0.35785803,-0.8593879,0.67513466,0.972793,0.9091823,-0.8279541,0.6891626,-0.26203758,0.30567098,0.03144461,-1.5097246,0.58921725,0.2800693,0.2384151,0.2074384,2.2940965,0.8191702,-1.0122821,-0.82191044,0.19797455,-0.3282292,1.0330181,-1.7340777,-0.7177086,1.1512284,-0.19193679,-0.69529784,1.1568812,-0.95949787,-0.5533522,1.095172,1.6530919,0.280848,0.2863432,-0.08027595,-1.1832273,0.2904221,1.614914,-0.2613415,-0.15099546,0.72018194,-1.7306659,0.66821474,-0.5009525,1.1077523,-0.47381282,0.7431171,0.056962743,1.0494692,-0.8685194,0.8823187,-0.86835444,-2.3207088,-0.49788588,0.16092755,0.37375948,0.0072396686,0.7733265,0.21991202,-0.26207012,0.5720006,-1.6756961,-0.021675482,2.044829,0.96395457,0.16552828,1.1423528,0.29697937,0.030975584,0.61604285,0.6529236,1.1310023,0.26514384,1.1579622,0.11215305,0.8886413,1.2879136,-0.6559479,3.1131186,1.4552561,-1.5783632,-1.5690298,1.4907486,-2.5068183,-1.107031,1.3842003,-1.9182277,0.3126235,-1.8086944,-0.66638935,1.6058078,1.222143,-0.30989772,-0.9464301,-1.4051487,0.62780213,0.76567674,-0.37059936,-0.79675496,-0.7866496,0.13722566,-0.16620816,-0.8599708,1.0068775,0.70827085,0.320747,0.5846423,-0.78097665,0.7505015,-0.10324917,0.38968113,0.4704235,0.7229255,-0.45368418,0.96830124,0.8190637,-0.18468204,-0.18769388,0.32368088,-0.04575163,0.7599262,-0.7756863,1.7587571,1.1684082,-0.58371544,0.12164129,-0.040278494,-0.018369315,0.9136211,1.6373403,0.4004869,-1.3161528,0.050194617,-0.0842814,1.6962355,-0.060520276,-0.18607858,-0.14490014,1.2750202,-0.82089925,0.17807409,-0.58909845,-0.7085108,0.2306395,0.7788216,0.28433493,-0.36579245,-0.39490664,-0.3952013,-0.18821993,-0.034921974,0.44811898,-0.67238814,-1.748627,-0.2366667,-1.1642189,0.03175375,0.7966151,0.22921932,-0.8331538,-1.2756517,-0.6363877,1.0062151,1.4773005,-1.4491955,0.07243739,-0.32954144,-0.96300614,0.22239363,0.6746549,0.5672267,0.54387176,0.52630484,-1.1953784,0.9169944,-0.35965383,0.7471856,2.079195,0.25401005,0.68582106,-0.7522216,-0.8416258,-1.0209392,0.1356391,0.4326269,-1.7944963,1.054925,-1.3058813,-1.1194446,1.582947,-0.45380166,-0.7790419,-0.8255334,0.4798766,-0.5232653,-0.6315723,2.23258,-2.4420931,1.1904019,-1.4611647,-1.5311248,-1.3802103,-0.91683567,-0.9123727,-0.6920467,0.5390135,-0.7567556,0.76364297,-0.15161714,1.1381959,-0.17678754,-0.7975265,1.4894073,0.4649795,0.03613161,-0.93989784,-1.4685903,-0.90660965,1.1159217,-0.49992606,-0.8170842,-0.74635684,-0.46962687,-0.039388895,0.26805001,-0.7607145,1.4682369,-0.10710648,0.56764066,-1.0339105,-1.3355343,-0.6517611,-0.46004403,0.7037318,-0.3183775,1.2222488,-1.2345111,-0.25763538,0.6097656,-0.9891224,-0.22142825,-0.36226806,2.1358624,-0.088006854,1.1746536,1.1066114,0.15943408,0.66167796,-0.6926447,1.4957812,0.80605847,2.201807,-0.3437137,0.3290927,1.0173795,0.8877622,1.127489,-0.33175242,-0.20026278,1.6196218,-0.7989816,-0.6358928,0.3624676,-0.635055,-0.3742578,-0.25690672,-0.34701422,0.4194636,-0.15615216,0.20841447,0.86854,-0.09235327,-1.008539,-0.31173253,1.4368408,1.4989295,1.219849,1.0367258,0.15993232,-1.172317,-1.4977614,0.8994304,1.2357183,0.7849357,0.12549739,-2.0909634,0.622421,0.8955886,0.54239565,-2.3203135,-1.9975774,1.4388324,0.019659916,0.23118104,0.8530475,-1.4267839,-2.0044649,-0.8192023,-0.26859954,0.0946055,-0.6231308,-1.2299213,-0.2370563,-0.06018366,0.5848317,1.9636629,0.49474233,-0.1181702,-1.1503167,-0.08969854,-0.52199894,-0.19477183,-0.106656715,0.45902738,-0.24737436,-1.1639574,-0.91010916,1.7854674,-1.9913888,1.0349574,-0.07347119,-0.23215114,-0.28176236,0.03241139,-1.1770911,0.5918224,0.5233262,-1.1192919,0.17115478,1.1043211,-1.383929,-0.38206607,0.59819233,1.0707963,0.18993351,1.2920008,-0.112545714,0.2476339,0.8126956,0.094790846,-0.45316097,-0.0056719184,-0.20292048,-0.7887049,-0.29114258,-2.0718946,0.01888337,0.8746983,-1.1923022,-1.2817183,1.0582136,0.51551634,-1.3148553,-1.2661767,0.05071161,0.07728252,0.372544,0.6871954,0.08720212,0.12773286,-1.0657026,0.7036421,-0.31642148,0.10372917,-0.36846447,0.7030021,0.5235566,-0.49459118,0.26007077,2.5140462,-0.0019126758,2.4776769,1.3108132,0.31810254,0.7519069,0.40953326,-0.596623,-0.60027695,0.72170806,-0.39096713,-0.96768165,0.14499915,-0.03884741,-0.7691612,-0.035447404,0.73645914,-0.27957928,-0.8352518,0.08275604,0.51415324,1.5506556,1.6398255,1.6794596,-0.6932399,-0.13659865,-1.280204,0.24531922,-1.6787505,-0.5619444,-0.64832795,0.12717035,1.7477654,-0.58169395,0.552555,1.3803045,-1.1233652,-0.8779627,0.6641397,0.23149934,-0.5331092,-0.55983853,0.002752006,-1.2285525,0.43768665,-1.4302676,0.17452908,0.87071586,1.4505994,-0.58278507,-0.26815218,1.4423463,0.26489562,-0.73845184,0.28628004,0.541197,1.6243894,-0.14518899,-0.45628566,0.7362465,0.3093559,-0.73544466,0.16691044,-1.5028243,-0.53343356,0.1001436,-0.5027418,-0.0792699,0.29645824,-0.72691035,1.9315493,0.10765992,-0.33631438,0.5816051,-0.63895494,0.98799264,-0.13400295,-0.35334504,1.6847017,0.5550535,-1.3173058,0.67633384,-1.4505845,1.5712101,-0.06967901,1.1376543,1.3898954,0.7604743,-0.9162254,1.9148672,-1.1915619,0.17114185,-0.37387854,0.12211323,-1.0542424,0.31143114,-1.7864513,1.7143294,-1.7850449,-1.3227532,0.22778875,0.9312897,-0.4345343,0.37871838,0.5263692,0.48135146,-0.39341623,-0.69718426,1.2531171,1.8826039,-0.08129194,-0.884977,0.5932655,0.3516562,0.23835725,0.103177175,2.410079,-0.20320775,0.037421685,-1.2215967,-1.1397765,1.0571035,-0.74657995,-1.0156903,-0.81695753,-0.68252635,-0.80404973,-0.56978726,-0.7642358,0.86242974,0.13058649,0.57506764,0.94919443,-1.3179334,-0.5306295,-0.64449537,-0.1775233,-1.1101547,-1.6072707,0.37734294,0.044916242,-0.79626024,0.73349786,0.8699733,1.5318801,0.7044548,-0.74908555,-0.9976119,0.9023835,0.8594106,0.15381144,-1.504497,-1.0684876,-0.099642865,0.9225148,-0.45791858,0.7712284,0.12267469,-0.05564186,-2.1629145,1.825032,-0.051936768,-0.19200929,0.53510225,0.24037133,-0.48538682,0.85328925,-0.07547495,0.11690737,-0.25740463,-0.025859635,-0.01627089,0.0036468692,-1.2981293,0.4951962,-0.335506,1.1548684,-0.11459944,0.45148236,-1.4519558,0.0056885183,0.22674352,0.38340595,0.21921909,0.47203967,-1.961827,-0.7457529,0.44847983,0.938311,0.981637,0.20064679,-0.31242207,-0.7040311,1.1709411,1.0415401,-0.09891887,0.39923808,0.3753528,0.56748986,-0.55167323,-0.9567013,-0.8623692,-0.35430396,0.46382523,-1.1555134,1.3564315,-1.0406235,1.1592861,-0.32180694,-1.1005727,0.0020103827,0.8276791,-0.49831265,2.849264,0.6844352,-0.31713173,-0.12959549,0.45207438,0.965563,-0.7243194,-0.77520895,-0.8489807,0.5280514,1.8958969,0.8704833,-1.5426494,-1.0875176,-0.04949385,-0.68559283,1.3653998,-0.30656323,-0.73140466,-0.4995613,-0.32011762,-1.3031964,-0.9671235,-0.53480357,0.0015710331,-1.7123569,0.51547104,-0.5778003,-1.4620202,0.6376332,-1.113762,-0.18868569,-0.8170257,0.9969411,0.24155362,0.43061885,0.59607434,-0.34030434,0.4365673,-1.4084079,-0.5748646,0.025949866,-0.61972713,1.1104409,0.106797636,0.6971326,0.88092947,-0.36989605,-1.0359747,1.7319231,-0.012472615,-0.0233557,0.1162114,-1.799006,-0.5120773,0.7111983,1.037307,1.2240157,-1.0760391,-0.34562692,-0.21517274,-0.9133505,-0.0048432127,0.34748948,0.19918993,-0.031052768,1.8223319,1.8837197,0.19910797,-1.0563344,-0.8475241,0.78120106,2.002421,-0.8166577,-0.43496087,-1.6754335,0.16982801,1.0689508,-0.502115,0.026958883,0.31106207,-1.2595618,1.9142272,-0.8025424,-0.2223843,1.0601342,-0.6404684,0.71477705,-0.30762294,0.72916967,0.5228552,1.1611198,-0.6896057,0.4605475,0.8011551,0.5644866,-0.519229,-0.34366754,-0.6622749,0.10243229,-1.0181206,-0.70220757,-1.076905,0.17547418,-0.82921356,-1.2299904,1.129161,0.3334519,-0.51280725,-0.94559944,0.57564205,-0.57772654,0.05851823,-0.4887155,0.014464557,1.2657166,-0.30908248,0.52133167,-0.60217285,-0.8207607,-0.37636575,0.44496486,0.645616,0.8036997,-0.011197416,0.7984081,0.7052746,0.23330215,-0.5694436,0.49549058,1.0764892,-0.8131889,0.37423387,0.7882401,1.380778,0.18314569,-0.26740485,-0.63364166,-0.83350235,-2.5805,-0.15337412,0.4477984,0.8443982,-1.2317542,0.5505344,0.39495358,-0.015108481,0.0327918,0.5615598,-0.07421039,0.1403821,-0.92047447,1.4290265,-0.5919141,-0.73876363,-0.52097523,0.31968912,-1.5140785,0.33475015,0.3528799,-1.4677263,-2.0755074,-1.0381769,0.340539,0.019844452,-0.628357,-0.43538588,-1.1235468,-0.3108193,0.23095348,1.0951004,0.12926523,-0.42695412,-1.3225428,-0.0914673,-0.7902463,-0.5888054,-0.7246499,0.68081415,-0.13917497,0.89809036,0.40216097,1.3287381,0.60589164,0.8098298,-0.44288322,-0.70572317,-0.45190448,-0.16628161,1.3879699,-0.29356688,-1.0877752,0.23220655,0.694194,1.1802117,0.14457914,-0.72111356,0.53803295,-0.5322296,0.75849515,-0.7982894,2.1395566,1.1684818,-0.6952458,-0.55429894,-0.7350481,0.15467222,0.18296573,-0.7170809,-0.70748836,-0.025110569,-0.44480988,0.05962308,0.4201383,-1.4168876,0.05107937,1.0556915,1.0858357,0.38202634,0.20259336,-0.46561432,-0.94125944,0.6346096,1.1122833,-0.060336318,0.044597823,-0.064778216,-1.7566675,1.3839514,0.42284414,0.987292,-0.9656514,0.037414074,-0.000837226,0.5869822,-0.34553036,0.8507137,-0.43771002,-2.3114612,-0.46787328,0.19517662,0.67815834,0.071913734,0.06958385,-0.20440602,0.56653976,-0.16215618,-0.82186323,0.47374246,0.37208074,0.8507256,0.51213247,0.96617496,-0.5321701,1.0995094,0.75023115,0.4647045,-0.17927276,0.41652966,1.0448109,-0.81781,1.3268929,0.9326181,1.3885202,2.7063286,0.579268,-1.4551489,-1.3949178,1.02236,-1.8338387,-0.33055043,0.35649967,-0.79580194,1.7739521,-0.67476845,-0.71409595,1.8878194,0.058806565,0.08255712,-1.5746237,-1.3518455,0.7981016,0.34219244,-0.63343674,-0.32525656,-0.93940747,0.2683266,-0.42476696,-0.90660465,0.36914754,0.14736949,1.03845,1.7977724,-1.2261341,0.5194489,0.5878871,0.39664707,0.52881795,0.43458202,-1.2738339,0.4320858,0.6676216,-0.58126605,-0.6630338,0.3791926,-0.5876574,0.8923005,-0.33462432,-0.046571366,0.08724161,-0.8269596,0.18263224,-0.5749735,0.74732536,0.88025916,1.9170548,0.3778844,-1.1530321,0.07566458,0.71315485,0.80685866,0.7360806,-0.08371829,1.2713367,0.23148979,-0.7172052,-0.06923735,-0.33731624,-0.2594855,-0.4649422,0.878251,-0.31107092,1.0811337,0.44578865,-1.0777557,-0.7011156,-0.28607824,0.00026684575,-1.3473264,-0.70778894,-0.60594404,-1.2148554,-0.08537944,0.1251411,0.18054768,-0.94582313,-0.12750413,-0.9239562,-0.36755154,1.0388478,-1.170463,-0.6144602,0.47525233,-0.41909954,0.7058788,-0.80986065,0.19084942,0.26093096,0.5259871,-1.5959432,1.0621827,0.30227974,0.8547755,0.87389666,0.43913075,1.0443976,-0.23490116,0.33430976,-1.3137411,0.54073447,0.7969119,-1.6290941,0.19412735,-0.22258438,-0.50053304,0.42204046,-1.657692,-0.21552633,0.06417961,0.6820845,0.0368852,-1.3253795,1.5407016,-1.462634,1.3253392,-1.7676458,0.11460147,-0.38657206,-0.41634175,-1.4923388,1.1623663,0.35276827,0.70720863,0.49378347,0.36461332,-0.03683337,0.42756316,0.5050378,0.99053395,-0.38635084,1.1923386,-0.6556678,-1.5726767,0.64024395,0.8011384,-1.0934178,-1.6251906,-1.5194454,-0.47901616,0.8397222,0.122225024,0.1947471,0.9405099,-0.21405296,0.67515457,-0.8604828,0.28742525,-0.01526595,-0.5739309,1.572159,-0.034352686,1.5350206,-0.84239006,-0.66654634,0.92492807,-2.0457585,-0.45196766,-0.8087372,1.5483539,0.8800854,-0.18418409,0.021876505,0.43578622,-0.86598474,0.0072666877,0.63094294,-0.05865729,1.5310402,0.98880774,-0.12888727,1.7626235,0.14069526,0.84019774,-0.9955236,-0.68576306,1.8473598,-0.16415896,-0.2516267,-0.5696277,-0.3640654,-0.37150407,0.5051834,0.57904214,-0.15329969,-0.10424832,1.1509525,0.7467025,-1.5108044,-1.0758765,-0.7673668,0.18813078,0.9581356,1.5430266,1.4379224,-0.100129195,-0.676939,-2.1464932,-0.11349251,0.51259416,-0.17921805,0.47940865,-1.5278318,0.17150834,0.073866114,-0.37399116,-1.1879711,-1.933206,1.4925278,0.25888008,-0.21439965,1.5250505,-0.32760733,-1.2688787,-0.18988721,1.3036216,0.23792079,-1.356309,-0.81327295,0.90719354,-0.56158406,0.9716897,0.36671147,0.6185723,0.024768727,-0.020780457,0.8146831,0.35876575,-1.0475335,-0.7862697,-0.23000287,0.5528378,-1.4267409,-0.600072,0.5949421,-2.4087033,0.78909653,-0.5444771,-0.65083164,-0.026462516,-0.4811085,-0.58293265,-0.86812454,-0.16771118,-1.0684007,-1.4723593,-0.058996655,-1.0413474,-1.7036775,1.389269,1.652239,-1.1441544,0.29031315,0.6191236,0.3714292,0.56312597,-0.48178124,-0.52020967,0.42912826,-0.68945915,0.0070984727,-0.33685985,-1.3939122,-0.901813,-0.1444139,-1.3617877,-1.3245361,1.009001,1.6266448,-1.840988,-0.715115,0.30376706,-0.7712898,0.6461726,0.5047805,-0.15221135,-0.008964335,-0.5765077,-0.20473883,-0.026007997,0.90544266,0.22541544,-0.325229,0.7315308,0.4221873,0.09563457,1.5405095,0.53698057,0.6152105,0.8954506,0.44833398,-0.26900798,0.707912,0.05415458,-0.24909635,0.85473883,-2.0233562,-0.4640739,1.5451611,-0.7330326,-1.2370577,-0.23590922,0.062134903,-0.18511836,0.096022,0.47986454,1.5122995,1.4537886,0.73139435,1.8650948,-0.7335586,-0.6091997,-0.15241234,-0.08382338,-0.8426105,-0.8836869,0.4963402,1.0468167,2.8012927,-0.5421642,-0.19536684,0.8809051,-0.7272256,-1.0651513,0.7561883,0.39127213,-0.5437962,-0.24143781,0.29737487,-0.9740759,0.45961124,-1.9769324,-0.12651813,0.68096846,0.6782605,-0.808072,0.41362053,-0.02367374,0.40491298,-1.0442545,0.8758171,1.8374472,1.3698896,-0.4994844,-1.2882081,0.74238867,-0.36804006,-1.4795324,0.36357197,-0.4461085,-0.45513386,0.1441864,-0.72347313,-0.008037099,-0.8422375,0.08825863,1.2482382,-0.0890099,-0.21986817,0.15870103,-0.77066904,1.7737113,-1.0186837,-0.31949037,0.90203583,0.92015034,-1.6371267,0.30425456,-1.2107198,-0.29266855,-0.79204834,0.18083072,0.97977793,0.51785034,-0.683401,1.4203707,-0.14327121,-0.7821992,0.32884094,0.6301158,0.18605486,0.52051646,-2.2713637,0.7924954,-1.1606312,-1.5739869,0.0047967606,1.0727594,-0.38336274,-0.17067325,-0.12881744,0.6596512,0.417875,-0.8088743,1.1920372,1.8920797,-1.035819,-0.56484956,1.1882441,0.5883016,-0.3446857,-0.23229839,2.4216962,0.4803656,1.2543558,-1.0152644,-0.50336903,-0.37597606,-0.023340791,-0.5437509,-0.38092533,-1.2410604,-0.11587913,0.82468826,-0.47032788,0.3571197,-1.3170136,-0.22108679,0.82507855,-1.0411671,0.062794216,0.85095745,-0.5594132,-1.6213969,-1.475392,0.5500058,0.8221346,-0.22581784,-0.23073433,0.8795654,1.3921216,1.1916076,-0.62003887,-0.6303147,0.3677914,0.6769336,1.0824181,-0.915079,-0.9180028,1.1559218,1.0190845,-1.3919765,0.9067516,-0.7289342,-0.60180855,-1.5073534,1.4519904,0.62455606,-0.26629934,0.98785913,0.52539515,-0.12752055,0.66290146,-0.4244523,0.0029413847,-0.3299465,-0.5575647,0.11966809,-0.28680563,-0.865032,0.09371494,-1.0837772,0.2566067,-0.4457409,1.1818724,-1.4301487,-0.06073371,0.31320015,0.40807635,0.4151902,-0.39033487,0.19902284,-0.30062702,-0.82295763,1.8753873,0.67430913,-0.68984187,-1.36114,0.30517468,0.5191801,0.52032214,-0.3690269,0.12054896,0.40253264,-1.0274074,-0.08731513,-1.1446644,-0.72365767,0.12910298,1.283289,-0.812875,1.1617472,-0.98062915,0.91189235,0.03590778,-1.2283775,0.12064,-0.058627535,-0.766117,1.754377,1.0520533,0.27959746,-0.2014519,1.1835606,0.79756343,-0.25246003,-0.59141153,-1.7177254,0.5354381,1.2762955,0.28040925,-1.1557611,-0.07327501,0.6939479,0.10265744,1.5853299,-0.6184297,-0.47101384,-0.6315796,-0.41616374,-0.50212604,-0.09674015,-0.83379644,0.17382567,-0.9743341,0.054051578,-0.29495743,-0.28712505,0.53739053,-0.8752012,0.09813074,0.23433603,1.1623801,0.98758096,0.9435573,0.6943034,-0.8575544,0.29090697,-0.8150054,-0.86052245,0.7802744,-0.6879233,0.6308795,0.1821543,0.66466826,1.7373246,0.72632086,-0.39134064,0.2408612,0.069352455,-0.08140313,0.29867724,-0.81446,-0.13648513,0.5147476,0.23602568,0.022462947,-1.2863659,-0.43822953,-0.20463948,0.3442264,0.49640507,0.543391,-0.13027667,0.26973137,1.5664394,0.3161916,-0.79879093,1.0
カ,0.3586235046386719,-0.0246663745492696,0.7754485011100769,-0.8844077587127686,0.0205631572753191,0.3392025232315063,-0.1355293840169906,-0.0529141798615455,-0.4171533584594726,0.307938814163208,0.7799731492996216,-0.1584917306900024,0.2739543914794922,-0.6795698404312134,0.6546946167945862,-0.5095005631446838,0.2791526913642883,-0.1557860970497131,0.0791591852903366,-0.4014647603034973,-0.8990652561187744,-0.9262132048606871,-0.1831101924180984,0.154470607638359,-0.0902618244290351,0.0137811098247766,0.0121721886098384,0.2656416893005371,-0.1975154876708984,0.0017380045028403,-0.1448732018470764,-0.5539519786834717,-0.1022625416517257,0.0579993426799774,-1.0950565338134766,-0.195033997297287,0.1503302156925201,-0.1417342275381088,-0.0951748266816139,-0.5363784432411194,0.3325586020946502,0.0311147775501012,-0.6130945086479187,-0.1334844380617141,-0.1431507021188736,0.5453366041183472,-0.229549840092659,0.367545485496521,-0.0144952787086367,-0.0786912739276886,-0.4052870869636535,0.160253420472145,0.1486576050519943,0.1468552052974701,0.1350431591272354,-0.3601643145084381,0.1212152615189552,-0.8884081244468689,-0.0386912338435649,0.0089029129594564,-0.4122975766658783,0.1841042041778564,0.2635621130466461,0.3959721624851227,-0.2631439566612243,0.0452321544289588,0.0961821600794792,-0.0472497045993804,0.0739715620875358,-0.6487445831298828,-0.0336413718760013,0.164206326007843,0.1290869265794754,-0.4542910456657409,0.7616341710090637,-0.2880868315696716,0.1886349618434906,-0.151704654097557,0.3141540884971618,-0.0434453412890434,-0.4349846839904785,0.1722281128168106,-0.1459560394287109,-0.3821792304515838,-0.2669380307197571,0.1747135072946548,-0.4731841683387756,-0.8139368891716003,0.8416064381599426,-0.1633704453706741,0.398811787366867,0.3357173204421997,0.1424184739589691,0.2348209768533706,-0.3758234977722168,0.1531011164188385,0.1802000254392624,-0.0568276718258857,-0.3802551031112671,0.6075312495231628,-0.1827001422643661,0.0576381757855415,-0.0303319804370403,-0.2173190414905548,0.3214604556560516,-0.3659038841724396,-0.3783417344093323,0.1673703789710998,0.3260456919670105,-0.177744448184967,-0.4289966523647308,-0.3378853797912597,-0.5367929935455322,0.3362517654895782,0.3132054209709167,-0.0323720835149288,-0.2094873338937759,0.2365705668926239,0.0392595268785953,0.4166017472743988,0.2066131979227066,0.5641819834709167,-0.1325835436582565,0.0099416654556989,-0.0932277664542198,0.4952303469181061,0.0901037603616714,-0.6326240301132202,0.158358559012413,-0.2867668867111206,-0.0173558443784713,0.107340008020401,-0.0451720394194126,-0.1583792865276336,-0.3470660746097564,1.0091145038604736,-0.1720819026231765,0.0428343191742897,-0.1088468357920646,-0.5532451868057251,-0.0317088961601257,0.1576555669307708,0.2147662192583084,-0.2545504868030548,0.1049708873033523,0.2996875941753387,0.1895471960306167,-0.7632226347923279,0.0111502408981323,0.1368252038955688,-0.1470520794391632,1.066796898841858,-0.7711522579193115,0.2616840302944183,-0.2608645856380462,-0.040651224553585,-0.5023216605186462,0.088080994784832,0.501655638217926,0.4692065119743347,0.1573397517204284,-0.5436323881149292,0.5917591452598572,0.5716028809547424,0.4121880233287811,0.3372128307819366,0.0857105329632759,-0.2183679044246673,-0.1453911662101745,0.2892410457134247,-0.2568687200546264,0.1158893778920173,0.1483827829360962,-0.454930305480957,0.1390462219715118,0.4084529876708984,0.268079936504364,-0.1322606205940246,0.4458299577236175,-0.9173943996429444,0.0121634928509593,-0.1293108463287353,-0.2407212853431701,-0.655108630657196,0.5757667422294617,-0.1570649445056915,-0.2027263194322586,-0.2569780647754669,0.0370329581201076,-0.5157102346420288,0.095952495932579,0.0432647280395031,0.684190571308136,-0.1562862247228622,-0.1192012578248977,-0.4013515114784241,0.1618971526622772,-0.143419474363327,0.0497052147984504,0.56205153465271,0.1374651789665222,0.1464396864175796,0.0063964049331843,-1.1057502031326294,-0.5280543565750122,0.1395886838436126,0.7025129795074463,0.6469906568527222,0.3365605473518371,0.3559617102146148,-0.3146827220916748,-0.2045052647590637,0.2062235176563263,0.3486829698085785,0.5529441237449646,-0.016566663980484,-0.7394495606422424,-0.3700011372566223,0.3480413854122162,-0.1952962279319763,0.3645149171352386,-0.3964727222919464,0.1479096561670303,-0.1230077594518661,-0.1660883575677871,0.3021289706230163,0.2427328675985336,-0.432539165019989,-0.1254675686359405,0.7219329476356506,-0.5374917984008789,-0.3943407833576202,-0.6420092582702637,0.1480622142553329,-0.3879353404045105,0.1265142112970352,-0.3879170715808868,0.2455029189586639,-0.5147812366485596,0.1670347154140472,0.2136788368225097,-0.0973865538835525,0.1902671456336975,-0.3023533821105957,-0.1986513286828994,0.2059695422649383,-0.0491631291806697,0.1524078249931335,-0.3032713234424591,-0.0656548961997032,-0.5807090997695923,-0.4501806795597076,0.1670434176921844,-0.3809289634227752,0.6607704162597656,0.1631241738796234,0.1359750479459762,-0.0701999813318252,0.3478787839412689,-0.6328304409980774,-0.1447628289461136,-0.4550751149654388,0.2436263114213943,-0.0120690781623125,0.3931418061256408,0.2132409363985061,0.0869434028863906,-0.4913892447948456,-0.4093371629714966,-0.4929644167423248,0.2152226120233535,-0.2128570526838302,-0.2557368278503418,-0.1298930346965789,-0.024274805560708,0.04751892760396,-0.2410119771957397,0.3789639770984649,-0.6740599870681763,0.3417744934558868,-0.1215574964880943,0.5535191297531128,-0.4472485780715942,-0.1685982942581176,0.3951951265335083,-0.049195297062397,-0.4267884194850921,-0.414090096950531,-0.2033648788928985,0.2097956538200378,0.388204962015152,-0.6768291592597961,-0.2198648601770401,0.3544965386390686,-0.4503610134124756,-0.0210239253938198,0.5212361812591553,0.0284831039607524,0.0804966911673545,0.2866666316986084,-0.089926429092884,0.1582807600498199,0.5975357294082642,-0.5801597237586975,-0.2414451092481613,-0.5601361989974976,-0.0293470304459333,-0.3483292758464813,0.556526780128479,0.0230383947491645,0.1481944918632507,0.7260949611663818,-0.4633060693740845,-0.0925065577030181,0.9196696877479552,0.5360009670257568,-1.6513739824295044,0.289298415184021,0.6973103880882263,-0.1962223649024963,-0.2482532858848571,0.0548110119998455,0.0119285555556416,-0.0102505404502153,-0.2157996147871017,-0.7553359270095825,0.8927761912345886,0.2450911849737167,-0.2065581828355789,-0.2450914531946182,0.4924006760120392,0.0727382153272628,0.0552626326680183,-0.4773213267326355,-0.2581067681312561,0.3700799643993377,0.2186993211507797,-0.1692437827587127,-0.2959271967411041,-0.1563395708799362,-0.5493754148483276,0.1432756632566452,-0.2391412258148193,0.2105724662542343,-0.4816707372665405,0.0363241843879222,0.3828274607658386,1.131384015083313,0.3203997015953064,0.5801156759262085,-0.3884201049804687,-0.0716237649321556,0.8466631770133972,0.457819789648056,0.4994423389434814,0.3784675598144531,-0.2813080549240112,-0.2930530309677124,0.6196814775466919,-0.050277542322874,-0.3033430278301239,0.3204991817474365,-0.1048931702971458,0.2078468948602676,-0.1034251824021339,0.0694383829832077,0.1110826358199119,-0.1496219038963318,0.1321352124214172,0.7338179349899292,0.6123164892196655,0.1744691282510757,-0.0940590947866439,-0.4335092604160309,0.0579937808215618,-0.1725084483623504,0.255798876285553,0.4385444521903991,-0.2900402843952179,-0.2993480265140533,-0.1937111467123031,-0.2491368055343628,-0.2325776368379593,-0.3403624296188354,-0.400767982006073,-0.9239010810852052,-1.0663666725158691,0.0514844134449958,0.0364310033619403,-0.7813575267791748,0.2973428666591644,0.1253112405538559,0.6626867055892944,-0.4192781746387481,-0.5313348174095154,0.1362084597349167,-0.469912588596344,0.0440434291958808,-0.1709395498037338,0.040976446121931,-0.254860371351242,0.288720041513443,-0.5707607269287109,-0.2336601018905639,-0.3975604176521301,-0.2706895470619201,-0.4771449267864227,0.0833981111645698,0.1562682390213012,0.7864431142807007,0.0329351238906383,0.2744109034538269,-0.0830293223261833,0.1661955714225769,-0.1352051496505737,-0.1193107739090919,-0.6013108491897583,0.3270958065986633,0.6027277708053589,0.7362671494483948,0.2225320637226104,0.4853352904319763,-0.0107432296499609,-0.1678165048360824,0.2710961103439331,-0.2332077175378799,-0.286459356546402,-0.2649374604225158,0.5488170385360718,-0.4618846178054809,0.2983710467815399,-0.3070251047611236,-0.0251187942922115,0.8155043721199036,-0.2759130299091339,-0.6447542309761047,0.019334452226758,0.4444313943386078,0.2741967439651489,0.2018985152244568,0.2217877656221389,1.1126266717910769,-0.1611074060201645,0.6747143268585205,0.2079386562108993,-0.3065947294235229,0.0153259988874197,-0.2526099681854248,0.0108531191945075,0.1808147132396698,0.5403428673744202,0.8989946842193604,0.2680794596672058,0.387798011302948,0.4225503504276275,0.0394640564918518,-0.3098432421684265,-0.0448453351855278,0.5020272731781006,0.0876635760068893,-0.5822703838348389,0.0671888217329979,-0.4893506169319153,-0.3110739886760711,-0.3760032653808594,-0.1529198884963989,0.2548675239086151,-0.1874099820852279,0.4831192791461944,-0.4073148667812347,-0.6556465029716492,-0.4325756430625915,-0.7924972772598267,0.1225211918354034,-0.1237589567899704,0.2850375175476074,0.5576971769332886,0.5667896866798401,0.151675283908844,0.0797831639647483,0.305660992860794,0.7309637069702148,0.2399234920740127,-0.1629074960947036,-0.1688187420368194,0.3584931790828705,0.1539022028446197,0.4346175491809845,0.2286254167556762,0.0695969685912132,-0.3132855296134949,-0.5330155491828918,-0.3979867100715637,0.1479430347681045,0.0100019462406635,-0.0302755665034055,0.3525822162628174,0.0273273456841707,-0.1545535176992416,-0.5193030834197998,-0.2445397675037384,-0.3318242728710174,-0.1690635979175567,-0.7040066123008728,-0.1218400225043296,-0.5307708978652954,0.1147366911172866,0.4098197817802429,0.4931957721710205,-0.5638531446456909,0.1662935465574264,0.3007017076015472,0.1204905360937118,-0.0154460817575454,0.1163259223103523,-0.0711223110556602,-0.2879864573478699,-0.0643923953175544,0.0923106297850608,-0.0817050263285636,0.6598289608955383,0.1591884344816208,-0.5559541583061218,-0.2439369857311248,0.115936778485775,-0.9041750431060792,0.433933824300766,-0.1377756744623184,0.1395601332187652,-0.6946619749069214,0.1776384264230728,0.0566961802542209,0.0287550706416368,-0.234372466802597,0.1439073234796524,0.1385184079408645,-0.7581139206886292,0.3103348016738891,-0.1813197135925293,-0.3846227824687958,0.7979161143302917,0.5467738509178162,-0.1853010505437851,0.2618381977081299,0.5007081031799316,0.0613263137638568,-0.4154864549636841,0.3247176110744476,-0.1609259694814682,0.1054156497120857,0.3049433827400207,-0.1889155358076095,0.5684009790420532,0.1683012545108795,0.1198823079466819,0.1038140431046485,0.3489070832729339,0.6846362352371216,0.4384132027626037,0.2534331381320953,-0.1556078344583511,-0.470798522233963,-0.7940940260887146,0.0376302748918533,0.2783031463623047,0.5752158761024475,-0.3884532749652862,0.5000850558280945,0.6709069013595581,-0.0261370316147804,0.3636739552021026,0.921187937259674,0.1954237669706344,0.4207964837551117,-0.4991807341575622,0.0607120133936405,-0.9316931366920472,0.4198193550109863,0.3131798803806305,-0.0941114202141761,-0.1071772128343582,0.1388003677129745,-0.5112866163253784,-0.4666632413864136,0.1720971912145614,-0.1056281924247741,-0.1700824797153473,-0.2413229346275329,0.6426102519035339,-0.1109598949551582,0.9409220218658448,0.3932240307331085,0.0111649427562952,-0.4847569167613983,0.1631693243980407,-0.1479229778051376,0.6438269019126892,0.0549303963780403,0.4049669504165649,-0.2156396359205246,-1.03778874874115,-0.4044138193130493,0.2613549530506134,0.2089057564735412,0.286806046962738,-0.5070863962173462,-0.0036206315271556,0.4516017735004425,0.5596505403518677,0.2337265461683273,-0.1101813688874244,-0.4991564750671386,0.0602733492851257,-0.1417141854763031,-0.2067635357379913,0.3999647796154022,0.0863533318042755,0.3394351601600647,0.3769959211349487,-0.1770133674144745,0.0854547098278999,0.4841074049472809,0.1963625401258468,-0.1337948441505432,0.6522935032844543,0.0557423271238803,-0.1153806075453758,0.068910077214241,0.0201813541352748,-0.2673791050910949,0.0112823247909545,0.6305686235427856,-0.0938891470432281,-0.018041593953967,-0.5155843496322632,0.3149875104427337,-0.0319119431078434,0.1470301896333694,-0.4010014533996582,-0.4669030606746673,0.2831065356731415,0.2526891231536865,-0.3539333045482635,0.0224920939654111,-0.2453508973121643,-0.2295989990234375,-0.3570439219474792,-0.3350311815738678,-0.5432419180870056,-0.1944839358329773,-0.3953049778938293,0.4299406409263611,-0.770074725151062,-0.5165455937385559,0.4467598795890808,-0.1453765481710434,-0.1557761132717132,-1.1232340335845947,0.6056432723999023,-0.400147795677185,0.636294960975647,-0.1855069398880005,-0.096103236079216,0.0183214973658323,-0.3138656318187713,-0.322945773601532,-0.5746438503265381,0.4832221865653991,-10.23126220703125,-0.1531709879636764,-0.2061832696199417,-0.6949334144592285,-0.3927797973155975,-0.1074967384338378,1.0815861225128174,0.0150632699951529,-0.5576997995376587,0.1200396791100502,-0.2452751398086547,0.1355503350496292,0.534533679485321,0.3761050999164581,-0.0703593641519546,-0.030170764774084,-0.1402267664670944,-0.5821368098258972,-0.3437755107879638,-0.1215213239192962,-0.077371560037136,-0.1950564831495285,0.6719056367874146,-0.0401544831693172,0.0759009197354316,-0.3982008695602417,-0.1598372608423233,0.2665517330169678,0.1228524073958396,0.4765311181545257,-0.2146400511264801,0.8284003734588623,-0.1778043061494827,0.0664553940296173,-0.1844103336334228,-0.0297167152166366,-0.0254587046802043,0.4636370539665222,-0.1103347167372703,0.490783154964447,0.3837138414382934,0.358788251876831,0.1400733739137649,0.0472070164978504,0.3781290054321289,0.4283336102962494,0.1367486715316772,0.32080739736557,0.7621679902076721,-0.0751866400241851,0.4969749450683594,-0.7559500932693481,0.3250588178634643,0.068393275141716,-0.4673557579517364,0.0409008339047431,0.932538628578186,-0.5532816052436829,0.0047107227146625,0.2532929480075836,0.3740162253379822,-0.0409752391278743,1.1663835048675537,0.404410570859909,-0.2600726783275604,0.3022530674934387,0.1110511496663093,0.122262954711914,-0.4746184349060058,-0.4054569900035858,0.3808251917362213,0.0147620821371674,0.1461379677057266,0.3145440816879272,-0.3718342185020447,-0.085900068283081,-0.0263521336019039,0.2055089026689529,0.3818835616111755,-0.0679506063461303,0.8542038798332214,0.0212811939418315,-0.41378915309906,0.4242964386940002,-0.5259703397750854,0.1248574405908584,0.1416054666042328,-0.0715519413352012,0.5414227843284607,-0.6794898509979248,0.7729988694190979,-0.3009038865566253,-0.3189559578895569,0.7000997066497803,0.3129055202007293,-0.5655158162117004,0.31784188747406,0.1308512240648269,0.0886329114437103,-0.2186778038740158,-0.84920645,-0.20262939,0.81768316,0.7497653,-0.7480972,-0.38511574,-1.4281901,0.62381756,1.2236675,0.31783587,0.79583997,-0.14945763,-1.4819474,2.2162046,-0.79453766,0.6163711,0.985637,-1.0376637,0.3056339,0.17819296,0.4003636,0.5256399,0.5966072,-0.92098767,0.74313176,0.56055665,0.7298248,-0.8448331,-0.47429812,-0.6613147,0.20163004,-0.52027225,-0.89913666,-0.2715874,0.35000238,-1.2369386,-1.5961933,0.9107435,0.66965735,-0.9430151,-0.8550123,0.4897965,0.12460869,-0.23319122,-1.2439723,-0.11406827,1.9628007,-0.6781437,1.1943947,-0.559895,-0.8246873,-0.4501618,0.576505,1.109613,0.35230023,-0.41812485,1.5687166,0.65232605,-0.33270872,-0.090848275,0.6702731,0.48044285,-0.5572431,-0.57241994,-0.014368441,0.5129546,-0.26416758,-0.015878996,0.18045592,-0.10532501,-2.632205,-1.077429,-0.5324642,1.3366544,-1.4601965,0.70438373,0.118548244,-1.0107858,0.33031905,-0.30979547,0.1554714,-0.20276983,-0.91652024,1.1065917,-0.96794224,-1.249805,-0.6579747,-0.24120845,-0.996494,-0.36313677,-0.55315113,-1.2741214,-0.9459621,-1.1776481,1.6481676,0.34201485,-1.0259234,-1.0782816,-1.1446915,-0.17557076,0.2991501,1.0408933,0.39814055,-0.6983256,-0.9593593,-0.10983198,-0.19484153,-0.21468145,-0.28798106,0.7204395,0.10639122,0.7590123,0.5256003,1.6646156,0.5971035,0.75987726,-1.3010659,-0.6081719,-0.4501454,0.5443013,0.880463,0.5209315,-0.3496033,0.6421697,0.2578655,0.95037925,0.58550155,-0.9188993,0.29807195,0.5081414,0.5463325,0.22495243,1.7776251,0.9817742,-0.75042975,-0.7011592,-0.006823265,0.033046424,0.6963151,-1.1969528,-0.5605121,0.47033575,-0.10957147,-0.47445685,0.39263207,-1.2417836,-0.01911741,1.1885078,1.1397763,0.3689589,-0.083545476,-0.11229888,-1.3099968,0.3946908,0.8276609,-0.52151716,-0.16429928,0.69039196,-1.1912193,0.9795224,-0.2599231,1.390113,-1.2597319,0.8853028,-0.4164635,0.6377013,-0.5224609,0.29701388,-0.6150618,-2.3430717,-0.4766285,-0.29480088,0.6539579,-0.13589692,0.5775475,-0.022521755,0.6150857,0.47234875,-1.1204634,-0.1593055,1.2218547,1.1958897,0.2601534,1.4088342,-0.101848334,0.77738214,0.48948273,0.49881527,0.9352083,0.19111024,1.2122251,-0.20445827,0.76573694,1.1918448,0.7951579,2.5090091,0.42681167,-1.3136106,-1.2866328,0.73319346,-2.0341144,-0.76595676,0.7291767,-1.2558298,0.7916721,-1.006696,-0.63546175,2.0227962,0.14665493,-0.19480549,-0.9907998,-1.3753076,1.1971142,0.80890334,-0.59928566,-0.24758519,-0.8850334,0.010892457,-0.5021169,-0.787575,0.93179333,0.4203682,-0.0093153035,0.9112267,-0.73682076,0.62092733,-0.06190361,0.5177678,0.31720787,0.44573084,-0.77193075,0.6838231,0.16164201,0.19837911,-0.31623146,0.50288635,-0.5052778,0.4864672,-0.37452137,0.56935835,0.58516496,-0.673144,-0.0643774,-0.18771693,0.13226911,0.52894014,1.2384152,-0.32570323,-1.5576019,-0.38561603,0.24017292,0.9414635,-0.16869012,0.23189372,0.07178644,1.5479219,-0.4820679,-0.2642276,-0.7355326,-0.7072013,-0.16944593,0.73890996,0.643775,0.36890286,0.28225923,-0.20449808,-0.42241684,0.26191774,-0.18971498,-0.43223396,-1.5702015,-0.7779123,-0.5985521,0.25594598,0.44340324,0.5127247,-0.5096147,-1.3290431,-0.60851264,0.59134936,0.61530465,-1.5409855,0.22782867,0.079740964,-0.799777,0.5695742,0.7086848,-0.12347701,0.18343343,0.69860345,-1.0803069,0.74988747,0.05138327,0.56407684,1.6432104,0.15727201,0.9305728,-1.0087513,-0.2741906,-0.44916657,0.07265644,0.79168975,-1.8135747,0.74903184,-1.0176026,-0.46053064,1.1036601,-1.3072197,-0.4332318,-0.73753893,0.20771143,-0.38906515,-1.0622091,2.2046812,-2.3266976,1.7020959,-2.0273213,-0.3837258,-1.2504212,-0.7650666,-1.2324679,0.10584177,0.40410545,-0.018709723,0.9929319,0.43323734,0.23751947,0.4772155,0.500249,1.0875754,-0.3389568,0.41025892,-0.9762569,-1.4661273,0.03222392,0.85820985,-1.3088243,-1.1757535,-1.2910842,-0.07831938,-0.22784318,-0.41897705,-0.41987294,1.1189622,-0.14728238,0.5894564,-1.1835041,-0.5606777,-0.29549754,-0.85819256,1.4565966,-0.11919531,1.8220172,-1.0485212,-0.6781914,0.43618408,-1.5012199,-0.19184048,-0.514269,1.9338104,0.12890726,0.99401784,0.7743705,-0.03943115,-0.056633394,-0.8415056,1.2820911,0.07988655,2.3179276,-0.15519638,-0.36813095,1.1307362,-0.16147777,0.9376864,-0.47196054,-0.048904523,1.5201231,-0.42321974,-0.45944798,-0.39233044,-0.4580912,-0.46337694,-0.26801646,0.27032268,0.1389491,0.04824038,0.2670395,0.82872856,-0.46223435,-1.1742517,-0.7444832,0.814574,0.6305794,1.3291972,1.4637889,-0.040869262,-0.59537387,-2.0177019,0.6977431,0.82235545,0.54206467,0.32383734,-1.9779341,0.55169785,0.54299694,0.27994165,-1.6421145,-1.9884908,1.6140109,0.38846096,0.43496048,1.2464691,-0.7810716,-1.2909312,-0.71155286,-0.17525822,-0.12410319,-0.89611423,-0.7924168,0.20622167,-0.2534102,1.0452621,1.4674085,0.32177758,-0.081584536,-0.7505618,0.3825155,0.10935131,-0.49292147,0.006832377,-0.15056087,0.5777504,-1.322579,-0.5636108,0.93956685,-1.5257682,0.92340213,-0.4740981,-0.05336428,0.025213063,0.30798203,-0.7036976,0.18997127,0.47271183,-0.9952401,-0.68762624,0.66605216,-1.453547,-1.4258084,0.6489571,1.3666188,-0.40027672,0.78013736,-0.033528116,0.23769882,0.95646,-0.0902749,-0.203009,0.4061048,-0.35717607,-0.075031824,-0.5253709,-1.2633045,-0.18206814,0.47590527,-1.5192084,-1.7655642,0.947489,0.57211006,-1.4146328,-0.86127526,-0.29968083,-0.19950849,0.8019544,0.9785325,0.33331537,-0.3564482,-0.84975934,0.31749466,0.15618083,0.32613826,-0.13191216,0.45662266,0.53836894,-0.7164624,0.41548705,1.5925876,0.25043613,1.6240239,1.226075,0.014065911,-0.21970078,0.7624614,-0.27631795,-0.14066929,0.62313116,-0.76243466,-0.60962856,1.1138903,-0.24630941,-0.7019498,0.0114887655,0.5964893,-0.18455619,-0.5886673,0.15547338,0.72636914,1.4704434,1.1896335,1.8302566,-0.4359722,-0.35825446,-0.7345621,0.5435081,-1.5258328,-0.92684704,-0.4225979,0.5125397,1.8446429,-0.36351994,-0.004457447,0.7743023,-0.5486101,-1.0334116,0.5122328,0.13647187,-0.58686274,-0.69000494,0.381736,-1.3529382,-0.0028304558,-1.6906874,-0.06803584,0.5539862,1.357691,-0.62126213,-0.27794623,0.5801039,0.14037734,-0.9753361,-0.093937516,1.0381179,1.6352943,-0.04209649,-0.9539457,0.5251939,-0.19418041,-1.2284777,-0.4734707,-1.085657,-0.7688766,0.012589266,-0.6513815,0.04241596,-0.6019607,-0.87653345,1.6263366,0.03413121,-0.28886572,0.6882387,-1.157752,0.8924086,-0.14437723,-0.5999619,1.3407031,0.8155927,-1.2967855,0.63690853,-1.2337736,1.2601981,-0.31488767,0.90741795,1.1061952,0.5476329,-0.3606385,1.3538551,-0.81104225,-0.07354794,-0.63937974,0.37562543,-0.8466003,0.16851631,-1.7088615,1.1720799,-1.3157803,-1.071933,0.042357188,0.6238632,-0.25367665,0.08288844,-0.18462715,0.37561902,0.40012082,-0.90529495,0.54640615,1.8084234,-0.21570987,-0.85944015,0.68511736,0.8477622,-0.3943038,-0.11118167,2.7031243,0.29990754,0.46680334,-1.6179316,-0.95571315,0.78630036,-0.3479427,-0.8285508,-0.25637698,-0.39439923,0.14609003,0.07299426,-0.25750533,0.75258183,-0.39235333,0.28835332,0.46823528,-1.1503721,-0.05546783,0.35332382,-0.5379023,-1.0599475,-0.91624206,0.735594,0.6027626,-0.7770668,0.42471296,0.7634235,1.6105123,0.7239187,-0.06360098,-0.60457927,0.42307314,1.172977,0.6802398,-0.9620717,-1.1275686,0.21540993,1.0577859,-0.41419873,0.53962713,0.12264124,-0.06329242,-1.8367484,0.9311597,0.30363703,-0.193739,1.2342755,0.55772823,-0.07660155,0.48187795,-0.531017,0.22372709,0.053864673,-0.6073455,-0.16775502,0.3166839,-1.1607432,0.10947083,-0.2242052,0.58798003,-0.10198727,0.1219409,-1.285473,0.5693168,0.39656273,0.33558708,0.42738158,0.07189888,-1.0708779,-0.5846154,-0.13166863,1.7002863,1.1363589,0.024632514,-0.69815326,-0.7464369,1.3805418,0.6350787,-0.18030785,0.051796682,0.051268443,-0.16805094,-0.5419494,-1.3539462,-0.44025153,0.33836064,0.14317113,-0.828454,1.4559121,-1.7936984,0.7064351,-0.073801704,-1.2219253,0.38042083,-0.1892181,-0.5539432,1.8218765,1.3067815,-0.5481126,-0.43965578,0.50696534,0.92314696,-0.9209764,-0.09840018,-1.28632,0.8135505,1.3728671,0.8894708,-1.3881408,-0.093519256,0.21996538,-0.13851723,1.1454223,-0.1778787,-0.74201524,-0.9952434,-0.24468954,-1.0551519,-0.3156509,-0.17224765,0.114484906,-1.195532,0.47525904,-0.49412525,-0.7405357,0.24097341,-0.9957364,0.015008231,-0.33637697,1.0370075,0.31561548,0.0080932835,0.5193951,-0.7754301,-0.013414253,-0.97550094,-0.060853943,0.44771957,-0.45382532,0.9089136,0.5351444,0.87115234,1.5309509,0.40780294,-0.83138156,0.7072027,0.09159813,0.21580346,-0.24129745,-1.2004066,-0.67014426,0.25982243,0.2223398,1.4094998,-1.3037826,-0.42811653,-0.068558864,-0.11554281,-0.16614737,0.2913285,0.28479373,0.48797268,2.01309,1.4772458,0.15135382,-0.70950913,-0.69086,0.62996215,1.1186119,-0.9569411,-0.7077208,-1.5635382,0.121200524,1.1211234,-0.44167128,0.3618872,-0.030733988,-1.1183466,2.1074185,-0.48208192,-0.06233673,1.3623234,-0.69502306,0.7086417,-0.73223853,0.039210256,0.5758665,0.44331944,-0.7010743,1.2179908,0.99803203,0.67738336,-0.4454882,-0.5422427,-0.7381119,0.38411108,-0.39123082,-0.8966424,-0.46805248,0.56039834,-0.96663815,-1.7260365,1.1276041,-0.35326204,-0.42633262,-1.0229108,0.6435079,-0.30986628,-0.13225132,-0.27183452,-0.3859613,1.2293459,-0.17733805,0.6517024,-0.3460423,-0.5570783,-0.04400141,0.5615804,1.0019891,0.4547961,-0.014840673,1.434553,1.3327044,0.1709166,-0.82119817,0.5320701,1.2488128,-0.86889213,0.3319554,0.9614225,1.0411247,-0.12596244,-0.3610637,-0.3284265,-0.3726758,-2.0242808,-1.3671962,-0.6015374,1.6146169,-1.5342335,0.9863692,-0.012536447,-0.33458373,0.55233186,0.13575031,0.076184295,0.152025,-1.1610409,1.644997,-0.41228917,-0.7648738,-0.6145104,-0.5666066,-1.4736948,-0.089187086,0.008768548,-1.64876,-1.8193568,-1.3990827,0.7535069,0.35608795,-0.7318435,-0.46114266,-1.5147591,-0.06101464,0.2659684,0.8484814,-0.33106264,0.027285894,-1.2992148,-0.059183944,-0.68290097,-0.42730114,-0.8258436,0.92081255,-0.078043096,0.26139548,0.64065725,1.2845868,1.1607926,1.3293555,-1.2589382,-0.80782145,-0.88137656,-0.11560934,1.2892193,0.24657749,-0.67808604,0.65793186,0.0658327,0.47047806,0.4634491,-0.74988073,0.39308393,-0.40194383,0.9534107,-0.5938285,1.6239918,0.56049955,-0.7920751,-0.5263571,0.088635884,-0.092127025,0.65949464,-0.47174326,-0.6355149,-0.0732438,-0.22966217,0.12568806,0.11723877,-1.5990953,0.5254167,0.2526215,1.4329481,0.19068658,-0.28674048,0.20371811,-1.1176047,0.7720912,0.9323297,0.06443599,0.5517221,0.33869886,-1.6027886,1.7602682,0.4167969,1.1167543,-0.8710623,0.030303637,-0.007883806,0.69722605,-0.79827267,0.44215533,-1.1280594,-2.1859572,-0.2767206,0.56426376,0.2613633,-0.41254982,0.5640153,-0.076263644,0.36415133,0.23123986,-1.1219915,-0.36589423,0.67295855,0.8991802,-0.10511544,1.0419072,-0.03518625,0.20079394,0.7503154,0.6857679,0.36004722,-0.24425757,0.82858855,-1.0648412,1.2974921,1.406977,1.1930207,2.4439793,0.52234715,-1.3549048,-1.4499289,0.9750473,-2.1610143,-0.13706972,0.48941255,-0.7169216,1.0833442,-1.0363415,-0.77692527,1.8554331,0.48821107,-0.16526742,-1.5911671,-1.2511202,0.6843407,0.2903196,-0.6932679,-0.29243973,-0.33567372,0.13657482,-0.55687696,-0.5043941,0.58743733,0.46705565,0.73384756,1.0820643,-1.2451988,1.0731199,0.6166863,0.6804803,0.026090577,0.8328612,-1.4549365,0.22939324,0.80163795,0.23579054,-0.2796413,0.0058395765,-0.7452524,0.86138153,-0.34783486,0.47925544,0.27526256,-0.65525466,0.2652168,0.16462989,0.23406537,0.9393764,1.5450805,0.8309229,-2.1860466,-0.36922932,0.075487845,0.8720053,0.7768851,-0.099905975,0.97400165,0.7056837,-0.58346194,0.4288837,-0.3711137,-0.030772114,-0.020809658,0.5543553,-0.012642781,1.0585002,0.14093976,-0.77196234,-0.7652983,0.46234867,0.7880357,-0.73944706,-0.6860297,-0.42131975,-1.3200314,0.39925537,0.059699252,0.30123544,-1.2752517,-1.1193824,-1.1646014,-0.42536235,0.695059,-1.8609762,-1.0648415,0.021510601,-0.2735799,0.31069013,-0.3683897,-0.020258473,0.4587946,0.5253353,-1.3294966,0.7850966,0.041920006,0.662631,0.9207955,0.09222126,1.1125244,-0.38414463,0.76444745,-0.91466767,0.62544364,0.6817865,-1.4455184,1.004797,-0.03739503,-0.107182026,0.53695923,-1.3426647,0.06749317,-0.8696539,0.28651085,0.34916508,-1.3085835,2.0455868,-1.531187,1.2564038,-1.6116344,-0.71991616,-0.7225053,-0.27842557,-1.5964555,0.9349994,0.63158524,0.42521915,0.5430265,-0.27343354,-0.049287006,0.6122169,0.12131391,0.62208885,-0.089687735,0.8339796,-1.1142199,-1.5192693,0.2518165,0.72686934,-1.1882023,-1.1392603,-1.966705,-0.63551027,0.61442775,-0.47187063,0.6037725,0.64621454,-0.21523148,0.35147262,-1.1045638,-0.4884608,0.41146556,-0.6012032,1.4046683,-0.22393613,1.6852027,-1.0196121,-1.1801553,0.8204387,-1.4731275,-0.44961467,-0.55175155,1.8522359,0.73632574,0.22471826,0.42243698,0.87467057,-0.98973894,-0.30243585,1.0630344,-0.038728163,1.463469,0.6396133,-0.36171994,1.907395,0.40908456,0.8238717,-0.47686586,-0.5895507,1.4421841,-0.108421244,-0.02808001,-0.30290046,-0.50643235,0.0147144,0.35921314,0.5061652,0.46433067,-0.089012384,0.76026636,0.9028174,-0.68066716,-0.65628105,-0.6702902,0.98525244,0.9204319,1.2564913,1.8342716,-0.12645169,-0.6223801,-1.6037441,-0.096663415,0.8051109,-0.08210037,0.90992063,-1.1119226,0.02727761,0.39386347,-0.034107346,-1.11145,-1.7653221,1.7191287,0.297797,0.3664316,1.1983966,-0.8620321,-1.3807336,-0.6468684,0.35213038,0.15784143,-1.1804682,-0.5081155,0.8429598,-0.40753293,1.0940735,0.26090047,0.62391824,-0.16494684,0.11419239,0.7223263,0.34090337,-1.0534381,-0.6658485,0.09065852,0.44466457,-1.771543,-0.84564877,0.13987033,-2.0915773,0.5884797,-0.31633887,-0.6238958,-0.25933883,-0.2899288,-0.7593072,-0.46816865,-0.1204963,-0.5938546,-0.98687047,0.86082643,-1.2296499,-1.1123562,1.0590084,1.2511581,-0.6420503,0.1574793,0.85211474,0.123278,0.72289205,-0.24576528,-0.33478427,1.0229303,-0.58229333,-0.4868096,-0.26510596,-1.0432023,-0.39374033,0.12806232,-0.6849405,-1.2043167,1.2891651,1.1049365,-1.7152814,-0.66754603,-0.41103664,-0.65054417,1.3985823,0.5439055,0.54109144,0.10731932,-0.43136835,-0.5000009,0.16808875,0.7403572,-0.5534285,-0.41471362,0.8649955,-0.79549193,0.42436266,2.1308796,0.280234,0.7359933,1.1521841,0.5945844,-0.5764378,0.49079683,0.2360205,-0.29524693,0.61656743,-1.5490333,-1.0752736,1.4619765,-0.54179126,-1.2464153,-0.32496464,0.5275933,-0.5613376,0.022680292,0.64168,1.0272355,1.0070175,1.0545818,2.075863,0.071657225,-0.47300056,-0.747216,0.3027015,-0.6186543,-1.0258633,0.36402872,1.0363811,2.057855,-0.2502075,0.17297809,0.6879158,-1.043527,-1.2466756,0.616295,0.61006904,0.13930263,-0.556895,0.27340317,-1.401123,0.26396036,-1.5684937,-0.48663488,0.41426766,0.5225821,-0.34238374,0.14485355,0.7667044,0.34955493,-1.0983585,0.70959157,0.8979127,1.3710594,-0.43367442,-0.7615164,0.11288217,-0.7665437,-1.5506034,0.13481487,-0.8219302,-0.45156994,0.20066957,-0.54497176,-0.32489863,-1.0897826,-0.8129754,1.4029471,0.21710353,-0.7302204,0.6310551,-0.90258545,1.5771974,-0.5472924,-0.21882872,1.6403035,0.23245603,-1.3768415,0.10950386,-1.2928735,0.57118136,-0.6323299,0.39697143,0.5268886,0.33035788,-0.56514245,1.1954952,-0.13169959,-0.48435426,-0.45695505,0.53528696,-0.14278513,0.5889309,-1.7855412,1.2587276,-0.9857523,-1.1449348,-0.13961886,0.69701153,-0.39634728,-0.16941446,0.040799413,0.47594652,0.8219483,-1.2570928,0.66870356,2.1265914,-0.49451044,-0.8436225,0.9474559,0.3274034,-0.49043563,-0.04083055,2.488519,0.61960834,1.115455,-1.0526923,-0.7156608,-0.2505987,-0.46871158,-1.0988581,-0.33246604,-0.22541453,0.10733981,0.6975089,-0.5441484,0.72441,-1.2484674,-0.13849276,1.1009926,-0.60030496,0.09792624,-0.014432405,-0.32800865,-1.3191911,-1.5614228,0.2996591,0.92145324,-0.9192148,0.5565865,0.6429052,1.4181539,0.6348709,0.105248295,-0.41601086,0.56815785,0.93503547,0.89254785,-1.1511098,-0.7921357,0.89301556,1.4385504,-0.8329837,0.3462644,-0.3135706,-0.26886687,-1.2489177,1.3726177,0.40796903,-0.14602692,1.082695,0.4625044,0.35967278,0.57856244,0.015086855,0.36931428,-0.34993485,-0.89419025,0.30153626,0.027643168,-0.9564139,-0.3455898,-1.0371497,-0.10278794,0.047451776,0.43851462,-1.195835,-0.14962493,-0.48285604,0.74111503,0.21325974,-0.33333012,-1.0918522,-0.30062643,-0.8772902,1.8484534,0.9606621,0.11313319,-1.586538,0.7870249,0.7972701,0.3904362,-0.897896,0.6409399,0.3845015,-1.033284,-0.6032904,-1.1580249,-0.4170526,0.2695693,0.74880725,-1.030087,1.2284564,-1.7089847,0.42065617,-0.44294134,-1.1704551,-0.18766093,0.13264464,-0.6410223,2.0508575,1.1117219,0.352463,0.19761138,0.8809831,1.0572361,0.13150124,0.04397141,-1.5331941,0.75509626,1.2847399,0.5394227,-0.86405855,-0.66747975,0.2821466,-0.7395796,1.2801014,-0.20177113,-0.44377282,-0.84334993,-0.27168527,-0.5794787,-0.4012312,-0.46152446,0.053331133,-1.437065,0.103896946,-0.6447684,-1.0087961,0.9067903,-0.7886591,0.17358877,-0.17035758,1.1877955,0.6252361,0.9091771,0.80669594,-0.6121125,-0.30653906,-1.1020366,-0.5278762,0.8669224,-0.75473624,-0.2384773,-0.16557227,0.9665738,1.9272002,0.6592925,-0.5655907,0.41226998,-0.20381917,-0.27267978,-0.09744865,-0.7332836,-0.33333275,0.3172044,-0.20529096,-0.116514236,-1.4911875,-0.50182235,-0.48075595,0.5471888,0.57714766,0.69733167,0.5477247,0.24127038,1.8470184,0.6951975,-0.21986568,1.0
ク,0.2601964771747589,0.7716675400733948,1.1591545343399048,-0.2490427196025848,0.6242895722389221,0.5124413371086121,0.2772069573402405,0.0134479375556111,-0.6325500011444092,-0.3895764648914337,0.5369018912315369,-0.404379665851593,-0.396104484796524,-0.0910567492246627,0.0537040866911411,-0.2777827978134155,-0.3012771606445312,-0.4784837365150451,0.0834780931472778,-0.1909854412078857,-0.834200382232666,-0.4679176807403564,-0.5020633339881897,0.9456928372383118,0.210563376545906,-0.6258668899536133,-0.1731959581375122,0.2517300546169281,0.5088326334953308,-0.4245054423809051,-0.1459442377090454,-0.0404359847307205,0.167103886604309,0.1442810446023941,-0.6581206917762756,0.2515282332897186,-0.078828826546669,-0.1900695413351059,0.4837754368782043,0.5080987215042114,0.2041688114404678,-0.4527918398380279,-0.1881830841302871,0.2095185965299606,-0.2644474804401397,0.6208105087280273,0.2297912985086441,0.1752271950244903,-0.0829321965575218,-0.6430364847183228,0.0122299417853355,0.3860097825527191,0.2557885944843292,0.3050517439842224,0.1449098736047744,-0.4554262459278106,0.76121985912323,-1.0294541120529177,-0.4803099632263183,0.7949559688568115,-0.7316218018531799,0.0513282716274261,-0.211315244436264,0.1320650577545166,-0.6685051918029785,0.2892091274261474,-0.0587130486965179,-0.5324853658676147,-0.0773560255765914,-0.4111736416816711,0.7183042764663696,-0.196817085146904,-0.096265472471714,-0.5998209118843079,0.93379145860672,-0.5390411019325256,0.182269811630249,0.3392490744590759,0.1852248162031173,0.0401392988860607,0.0288879070430994,0.3593163788318634,0.4713896214962005,-0.3885548114776611,-0.1484255343675613,0.1462392359972,-0.8089075684547424,-0.9694101810455322,0.6656703352928162,-0.0196126922965049,0.0164390243589878,0.0429009683430194,-0.4784901738166809,0.0878115370869636,1.0273886919021606,0.1293212920427322,0.3397265076637268,-0.3997782170772552,0.1173193231225013,0.4924879968166351,-0.2667233347892761,0.141569048166275,-0.3211722671985626,-0.3361550867557525,-0.0384912230074405,-0.0882785022258758,-0.5779410600662231,0.1522940099239349,0.2696743011474609,0.3354161381721496,-0.3325579464435577,-1.02678644657135,-0.5031058192253113,-0.2538363933563232,0.7983214259147644,0.064379945397377,-0.8851882815361023,0.3565098345279693,-0.8110129237174988,0.2155167758464813,-0.101303294301033,0.1714270114898681,-0.3548565506935119,-0.6919399499893188,-0.0187597312033176,0.1371993273496627,0.3809421360492706,-0.4754588901996612,-0.1685718446969986,-0.7141278386116028,-0.7252212166786194,-0.4962208867073059,-0.6804234385490417,0.3396865129470825,-0.6469278335571289,0.9907531142234802,-0.012185076251626,0.1518786996603012,0.0980211049318313,-0.4145057201385498,-0.8676518201828003,0.028614692389965,0.415253221988678,-0.6418198347091675,-0.0138866323977708,0.2562667727470398,0.0787621960043907,-0.1174865067005157,0.4666122198104858,0.1274997740983963,-0.0092818271368741,1.069156527519226,-0.7106303572654724,0.1170868948101997,0.5021846294403076,0.2519029676914215,-0.4767220020294189,0.4217033684253692,0.3188081383705139,0.416269987821579,0.325423926115036,-0.0251908022910356,-0.3737809658050537,0.6916077733039856,0.3371544182300567,0.4900538027286529,0.5342527627944946,-0.029758570715785,-0.0911524444818496,0.3343603610992431,0.327062726020813,-0.0391871556639671,0.2242729663848877,0.0260772313922643,-0.2710334062576294,0.0689779445528984,0.5183835625648499,-0.0916298180818557,0.0555247515439987,-1.153109073638916,-0.2775963246822357,0.1017253473401069,0.664962887763977,-0.6389026641845703,0.8360575437545776,0.0876204371452331,0.1322063654661178,0.3170809745788574,0.3774223029613495,-0.1905486434698104,-0.3846108913421631,-0.4603400230407715,0.6857805848121643,-0.5970818400382996,-0.4961616396903991,-0.1134495660662651,0.519355297088623,0.3193412125110626,-0.531963586807251,0.4343504309654236,0.4539114236831665,0.417395144701004,0.1000203788280487,-0.7704975008964539,-0.5926470756530762,-0.32489213347435,-0.1046395525336265,0.3545795977115631,0.4358235597610473,0.1672981679439544,-0.1975950747728347,0.1507244557142257,0.2212463915348053,0.3735207319259643,1.1885721683502195,0.2576204836368561,-1.0946272611618042,-0.3113104104995727,0.6799831390380859,-0.4022638201713562,0.4393674731254577,-0.6532114148139954,-0.4152394831180572,-0.1701459884643554,-0.0568780861794948,0.7398430705070496,0.4843018651008606,-0.7103230357170105,-0.1642018556594848,0.4482544660568237,-0.73977130651474,-0.7217811346054077,-0.3261362016201019,0.4184364974498749,-0.3652968108654022,-0.1917474865913391,-0.5450551509857178,0.0588369071483612,-1.1698850393295288,0.5660350322723389,-0.6710236668586731,-0.489876389503479,0.3795583844184875,-0.455694168806076,0.047511987388134,-0.1226101741194725,-0.4226889610290527,-0.4262320697307586,-0.574466347694397,-0.0452838689088821,-0.1623226404190063,-0.30068039894104,0.1425822079181671,-0.4819738268852234,0.6339452862739563,0.8741349577903748,0.4001090228557586,-0.0672254413366317,0.2557882070541382,-0.5253933072090149,-0.1784392446279525,-0.7809383869171143,-0.2096228152513504,-0.1427619755268097,0.1988403350114822,0.8017328977584839,0.1154204383492469,-0.1523918956518173,-1.1573235988616943,-0.3845580220222473,0.5947550535202026,-0.1391258686780929,-0.1822718828916549,0.2094863057136535,-0.2732803225517273,0.3066556751728058,-0.3466778099536896,1.1702228784561155,-0.1488174498081207,0.5596212148666382,-0.4773547649383545,0.8751404285430908,-1.0252439975738523,-0.2382192015647888,-0.2597119510173797,0.5175034999847412,-0.3037024140357971,-0.5819077491760254,-0.29946368932724,0.6067160964012146,0.9384274482727052,-0.5277605056762695,0.1936603337526321,-0.4492890238761902,-0.0376345366239547,0.2783607840538025,0.5022274851799011,0.0447737276554107,0.0464513227343559,0.0630439296364784,0.5367921590805054,0.3566792905330658,0.3203383386135101,-0.5047087073326111,0.209250271320343,-0.542144775390625,0.0340330973267555,0.3846865594387054,-0.2016554027795791,-0.3671661019325256,0.2500276267528534,0.6098120808601379,-0.6008380055427551,0.0378953218460083,1.3185583353042605,0.1704170256853103,-1.2425636053085327,0.1166798397898674,0.2197559624910354,0.6595691442489624,-0.7384922504425049,0.244466170668602,0.1448394656181335,0.6157307028770447,-0.6255227327346802,-0.6871852278709412,1.2810161113739014,0.4095411598682403,0.1444949656724929,0.1718177646398544,0.3210488855838775,-0.4711584746837616,0.156625211238861,-0.5008877515792847,0.3024103343486786,0.2653266191482544,-0.8699522614479065,-0.0663931593298912,-0.0814085379242897,-0.9160877466201782,-0.8883458375930786,0.4669428765773773,-0.2875518500804901,0.4959858059883117,-0.7722448110580444,-0.1440795511007309,0.6313294768333435,1.44879150390625,0.7459650039672852,0.6294519305229187,-1.0806553363800049,-0.3688786327838897,0.1754558384418487,-0.0657195597887039,-0.0338567830622196,-0.1755558550357818,0.2047699391841888,-0.2757882475852966,0.0618297010660171,-0.1674783378839492,0.3578948676586151,0.0502398274838924,-0.118345245718956,0.216492161154747,-0.2382357120513916,0.2444372624158859,0.355245977640152,-0.0294780675321817,0.2637642025947571,0.5592740774154663,1.1165114641189575,0.1100249662995338,-0.0190357360988855,-0.6459223628044128,-0.0345478244125843,-0.8436300158500671,0.3676209449768066,0.0651250481605529,-0.3253545463085174,0.478100061416626,0.0718282461166381,-0.3297016620635986,-0.04544423148036,-0.5062267780303955,0.0844847708940506,-0.401085615158081,-0.5096754431724548,0.3127480447292328,0.210587739944458,-0.0452464520931243,0.4976827800273895,0.4919727146625519,0.4291309118270874,-0.523398756980896,-0.943262815475464,0.3379921615123749,-0.242254227399826,0.0142103694379329,0.1511914730072021,0.3454184830188751,-0.5329079627990723,-0.1078366115689277,-0.5055347084999084,-0.4694585800170898,-0.5396525859832764,0.0290536303073167,-0.6770147681236267,0.0359861105680465,0.1319330632686615,0.7239803075790405,-0.6603553295135498,0.2532439529895782,-0.1373676359653473,0.1345330476760864,-0.3997921645641327,-0.7690853476524353,-0.2519575655460357,0.5198513865470886,0.231317862868309,0.5032919645309448,0.4875179529190063,-0.1256764382123947,0.5173438191413879,-0.1470139920711517,0.4803507328033447,0.6586858630180359,-0.3879271447658539,-0.3438239395618438,0.7232455611228943,-0.0787359699606895,0.4007488787174225,0.1852861642837524,0.2032687216997146,0.6855928301811218,-0.3868885636329651,-0.717055082321167,0.074904941022396,-0.2598093152046203,-0.4254417717456817,0.8187243938446045,0.823091447353363,0.4549587666988373,-0.3322716951370239,0.5208785533905029,0.1171120405197143,-0.2200700491666793,-0.1446550190448761,-0.7647825479507446,0.4552333652973175,0.1714992374181747,1.0670262575149536,0.8117987513542175,0.2606683373451233,-0.1066507846117019,0.2760120332241058,0.2933485507965088,-0.6363772749900818,0.3159745931625366,0.5018146634101868,-0.2125376611948013,-0.4411213994026184,0.4284920394420624,-0.4842215180397033,0.0177771355956792,0.4306398034095764,0.0011792115401476,0.5701517462730408,0.1190207153558731,0.2978163957595825,-0.9600476622581482,-0.5824791789054871,-0.8003200888633728,-0.7151087522506714,0.3547765910625458,-0.3095428347587585,-0.0058747273869812,0.5378076434135437,0.1719048023223877,-0.609015703201294,0.7108872532844543,0.0142351780086755,0.2613120675086975,0.1113084927201271,-1.254183292388916,-0.0623344928026199,0.4328422546386719,-0.5138615369796753,-0.5947858095169067,-0.1979426592588424,0.0750741437077522,-0.5794800519943237,-0.4515449702739715,0.502276599407196,-0.4556305408477783,0.1864230185747146,-0.3650542199611664,0.4559695422649383,-0.1440150737762451,-0.8318368792533875,-0.1599677205085754,-0.1752644330263137,-0.0415147617459297,-0.6440781950950623,-0.3740312457084656,-0.174108475446701,-0.1471574902534485,0.2328444868326187,0.5378982424736023,0.5309615731239319,-0.2830321788787842,0.5263422727584839,0.1691173166036605,0.6709350347518921,-0.5538651347160339,0.0076780337840318,-0.4527483284473419,-0.3908379077911377,-0.1000224575400352,0.8300713300704956,-0.0619895234704017,0.1634740829467773,0.1637341827154159,-1.0156677961349487,-0.6258406639099121,-0.096090592443943,-0.7745623588562012,0.5637669563293457,0.2982174456119537,1.096544623374939,-1.023145079612732,0.2118412405252456,-0.3168109655380249,0.3215086162090301,0.3137198090553283,0.2706270217895508,0.3078014254570007,-1.2697547674179075,-0.3488260209560394,-0.1986478269100189,-0.9023205637931824,1.3746393918991089,-0.0114572457969188,-0.6701784133911133,0.8007376790046692,0.9206933975219728,0.4087737500667572,-0.3795710206031799,-0.0217764172703027,-0.0964465960860252,0.0828632116317749,0.1047423258423805,-0.084023505449295,0.39506995677948,0.3740825951099396,-0.113686978816986,0.2499356269836425,0.1856027096509933,0.9281864166259766,0.5368247628211975,-0.1605207473039627,-0.1507079154253006,-0.3414604663848877,-0.4615748822689056,0.0012386603048071,-0.0776219367980957,0.3673667907714844,-1.0136717557907104,1.1397279500961304,0.5711464881896973,-0.2257633060216903,0.6361523270606995,0.8225521445274353,0.1151933073997497,0.8864908218383789,0.0629400238394737,-0.461571455001831,-0.4161486029624939,0.3115420043468475,0.370331734418869,0.5370334982872009,-0.3267718851566314,0.036059733480215,-0.5360196828842163,0.1437736898660659,0.7080637812614441,-0.2596994340419769,-0.057965625077486,0.0479259341955184,0.465667575597763,-0.329204112291336,0.6097540855407715,0.1795294284820556,-0.3872417509555816,0.0016755922697484,0.3521803319454193,0.9326184988021852,1.3803850412368774,0.1614990830421447,0.5338764786720276,-0.1915417611598968,-0.4733914136886596,0.0701276957988739,0.0329782329499721,0.1643308848142624,0.8213740587234497,-0.0189902111887931,-0.6164161562919617,0.7617213726043701,0.1765824258327484,0.1814892888069152,-0.3075031042098999,-0.7292532324790955,-0.1656290143728256,-0.1366206407546997,-0.6081900000572205,0.2079646438360214,0.5843433737754822,0.4702260494232178,-0.1506119072437286,-0.6722562909126282,-0.2116758525371551,0.5799766182899475,-0.0292512588202953,0.0126929972320795,0.2700232565402984,-0.4339153468608856,-0.0051264641806483,0.0901865363121032,0.3135825991630554,-0.3707472383975982,0.0541979558765888,0.1986272931098938,-0.6521261930465698,0.1681795269250869,-0.1146176382899284,0.7386447191238403,0.2633908689022064,-0.0481293015182018,0.2828205227851867,-0.8681786060333252,-0.4640745222568512,0.0413243658840656,-0.5055402517318726,0.1559618413448333,-0.2029827088117599,-0.6607381701469421,-0.5911625027656555,-0.3492030203342438,-0.8141156435012817,-0.3056051135063171,-0.1342716962099075,0.4944316446781158,-0.8597952723503113,-0.1580573618412017,0.1369164437055587,-0.0223080180585384,-0.4806141555309295,-1.4932730197906494,0.1740379333496093,0.2448061853647232,0.0447381138801574,0.610779345035553,-0.0147978896275162,0.1628817170858383,-0.1633743792772293,0.2247444838285446,-0.3936573565006256,-0.535556972026825,-9.42827606201172,0.0191608816385269,-0.4048793613910675,-0.6887878775596619,-0.2456473708152771,-1.073501706123352,1.009339690208435,1.07252037525177,-0.4291646778583526,0.3822269141674042,-0.034221276640892,0.0063276458531618,0.7398654222488403,0.3311055302619934,-0.066605195403099,-0.1160739436745643,-0.2623418867588043,0.0428433120250701,-0.4008525311946869,0.1412759572267532,-0.965386927127838,-0.2797446250915527,0.3088605403900146,-0.1534778475761413,0.2844469845294952,-0.4537075757980346,0.3943725228309631,0.1089145839214325,-0.0997073873877525,0.2902457416057586,-0.6193747520446777,0.3798222839832306,-0.1247166991233825,-0.036256406456232,-0.6955757737159729,0.6298542618751526,0.6800215244293213,-0.0690756812691688,-0.2167994678020477,0.5422770977020264,0.3447732031345367,0.6133348345756531,0.0427318476140499,-0.098197616636753,0.0867847725749015,-0.3296495676040649,0.4413673281669616,0.4500584602355957,0.6732885837554932,0.0353333428502082,0.0105393771082162,-0.63661128282547,0.1806047856807708,-0.435551255941391,0.291910707950592,-0.3821401596069336,0.4180054664611816,-0.495882511138916,0.2797812819480896,0.1087309792637825,0.4244888722896576,0.1696864366531372,0.8885639309883118,0.4118261337280273,-0.3509717881679535,1.145036697387695,-0.1696304827928543,-0.1659910678863525,-0.0380303487181663,-0.1433157920837402,0.0141743309795856,0.1369375139474868,-0.0312920100986957,0.3232018053531647,-0.291940301656723,0.3646182715892792,-0.0224745664745569,0.3830815553665161,0.2656103670597076,0.1135009080171585,0.503313422203064,-0.5484411120414734,0.1841158717870712,0.1809925884008407,-0.6599748730659485,0.286986231803894,0.5200598835945129,-0.4629605710506439,0.0247530192136764,-0.1957879662513733,0.847390353679657,-0.1782170534133911,-0.2313891351222992,-0.0086311353370547,0.0618851855397224,-0.5654031038284302,0.2221276611089706,0.6006233096122742,-0.1652425974607467,-0.5081158876419067,-0.24691318,-0.10997359,0.6827369,1.0935547,-0.524462,-0.5599803,-1.773959,0.88142824,1.0640535,0.9025729,0.36476275,-0.2450928,-1.4221711,2.3027616,-0.8997807,0.34425962,0.74187994,-1.1917028,0.299306,0.15054415,0.61361843,0.46690094,0.62618524,-1.003933,0.42451608,0.7601178,0.7532727,-0.47438276,-0.8399153,-0.8030517,0.10042485,-0.4761908,-0.6127884,-0.07514856,0.25131747,-1.0475534,-1.0781609,1.4113365,0.17765121,-0.86887664,-0.9294607,0.21393003,-0.027135232,-0.058020797,-0.35288426,0.13797158,1.6858267,-0.5717777,0.66906565,-0.5828543,-0.6515757,-0.43901774,-0.082120664,0.8966324,0.49553546,-0.3506559,1.4989334,0.58233863,-0.51223534,-0.6139888,-0.17359166,0.5004532,-0.67849684,-0.35677645,0.039985374,0.8930829,-0.117224276,-0.3070978,-0.31852677,0.020929694,-2.3616643,-1.169761,-0.22743975,1.4779315,-1.2253531,0.55267817,0.05844903,-0.7647958,0.5721444,-0.515108,0.50204885,-0.32460207,-0.5247049,0.99002844,-0.8378506,-1.1376601,-0.6269875,-0.35953066,-1.1368767,-0.2238418,-0.25044405,-2.2199728,-1.1801559,-1.7303991,1.3672258,0.5931116,-0.5009846,-1.1858754,-1.0708903,0.2181818,0.393823,1.1478466,0.62346125,0.056895763,-1.096909,-0.17926042,-0.5810255,-0.17534488,-0.03738357,0.606205,0.062673114,0.5924601,0.62923044,1.2125226,0.6911311,0.9833274,-1.3449689,-0.81732345,-0.6335914,0.1666329,1.120966,0.7337032,-1.1575977,0.60529226,0.4888064,0.629056,0.34047174,-1.2944361,0.30133864,0.3326002,0.32303247,-0.05846898,1.97845,0.913784,-0.85442287,-0.40543333,-0.08784535,0.32259154,0.38784054,-1.0528439,-1.0019288,0.23106714,-0.17300667,-0.25429246,0.24471201,-1.1455358,0.14861618,0.5476553,1.6811625,0.16194128,-0.19582902,0.20915389,-1.2552735,0.6189823,0.9668072,-0.1845898,-0.10072901,0.35772994,-1.4013613,1.3383989,-0.13996603,1.1494629,-0.95022315,0.39569327,-0.019262059,0.8589659,-0.8368666,0.22270171,-0.77982026,-2.222247,-0.6059291,0.13619761,0.049962014,0.43574142,0.32033017,-0.11557632,0.029697917,0.19183095,-1.2674876,-0.6309193,0.8805733,0.7251242,-0.32032457,1.1165749,-0.076525375,0.43522573,0.50075287,0.91418463,0.6965967,0.045954596,1.6014419,-0.55032957,0.83274156,1.2398305,0.8453606,2.7796688,0.7522698,-1.3950931,-0.91130596,1.2728255,-1.9570998,-0.49916074,0.6713543,-1.6633579,0.5537099,-1.2302493,-0.88640076,2.1096888,0.70769423,-0.26093057,-1.4856234,-1.3975153,1.2787615,1.0037237,-0.47110805,-0.18721281,-0.89745736,0.72868854,-0.2379905,-0.49791846,0.77248055,0.5597827,0.433002,0.9924703,-0.8790811,0.12563756,-0.046580207,0.28463164,0.03942728,0.561683,-1.013191,0.73421574,0.29855862,-0.4780222,-0.43867087,0.6816667,-0.35890302,0.9141209,-0.48357686,1.0247105,0.5017566,-0.33757505,-0.121388875,-0.06524221,0.4661344,0.8302162,1.1860781,-0.47074068,-1.703241,-0.38451147,0.18978475,1.1939965,0.22113837,0.10189358,0.27875143,0.92896837,-1.1441033,0.054429103,-0.52245814,-1.0389726,-0.32420978,0.19223239,0.587775,0.46308565,0.5683741,-0.73543936,-0.582772,0.3382082,0.37260553,-0.7810815,-1.3792056,-0.42533323,-1.1363899,0.09047709,0.56970155,0.4810207,-0.75061756,-0.6002587,-1.1397601,0.34744152,0.4709684,-1.4749732,0.108274855,-0.3575394,-0.5403581,0.7745435,0.4620744,0.04628961,0.29825428,0.6838381,-1.0861923,0.6185398,0.30055237,0.5857083,1.1510834,0.4771544,0.78138274,-0.945662,0.31384853,-0.8855918,0.51413774,0.71457964,-1.8971157,0.80952746,-0.5600017,-0.6244027,0.7720101,-1.308798,-0.41575566,-0.39614192,0.803452,-0.14112996,-0.8696534,2.1568034,-2.019227,1.6229048,-1.4842881,-0.4584795,-0.59191346,-0.50521713,-0.89414763,0.27007595,0.34269392,-0.33900365,1.049664,0.5381468,0.17494468,0.17481756,0.11634096,1.3196385,-0.44125664,0.21865435,-0.97001857,-1.4360946,0.2248211,0.23019,-1.1734853,-1.6241326,-1.4143887,-0.8180535,0.13124,-0.64882964,-0.020154208,1.3196356,-0.56541544,0.29766557,-1.2595109,-0.21600561,0.38539323,-0.8679361,1.4425637,-0.06708927,1.3813962,-1.0653892,-0.42023817,0.75256056,-1.5972463,-0.1129665,-0.48903337,1.9060541,0.9082934,0.6913584,0.76878184,0.08892256,-0.43264326,-0.6386315,1.1092882,0.10540134,2.1263108,0.21911824,-0.22404398,1.3837843,0.22109435,0.8507333,-0.54161507,-0.16216922,1.6888715,-0.031405013,-0.4074293,-0.5713088,-0.034991715,-0.105314225,0.0381058,0.23365831,0.59345853,0.057085127,0.07561234,0.26043308,-0.99151164,-1.0643007,-0.8201603,0.7479871,1.2927638,1.1743805,1.3576741,-0.15811525,-0.72652745,-1.8362955,0.28667924,0.84826726,-0.10007458,0.347423,-1.880002,0.43190205,0.38706124,0.28414577,-1.228233,-1.3108891,1.2301463,-0.16108459,0.43449414,1.694449,-1.3369366,-1.0550593,-0.45206234,0.2402804,-0.10222451,-0.99443597,-1.0036048,0.71913743,-0.5352544,0.93049854,1.2856785,0.42356816,-0.3792509,-0.5279769,0.44724628,0.017165363,-0.58376336,-0.160946,0.082692534,0.38575125,-1.151472,-0.9143567,0.43509606,-1.5423731,0.6516448,-0.56091756,-0.46025822,-0.48266497,-0.06824354,-0.78423864,0.45170036,0.26355076,-1.0601666,-0.8115535,0.7553174,-1.5667394,-1.5324707,0.9051011,1.2238994,-0.3097345,0.25215125,0.35235238,-0.063922435,0.25872937,-0.04326521,-0.33595037,0.6986434,-0.6652498,-0.483014,-0.51991826,-1.2919217,-0.5150447,-0.20583068,-1.1448992,-1.389413,1.2668691,0.82161075,-1.7217612,-0.9674206,0.36036876,-0.05312711,0.85303646,0.6028102,0.004475519,-0.099416256,-0.8047717,0.21640556,-0.3415763,0.97890186,-0.025684467,-0.26229468,0.9279234,-0.41002598,0.4299976,1.8271537,0.41495898,1.2342703,1.2334608,0.2924116,-0.20285499,0.43788418,-0.50337416,-0.3711004,0.324969,-1.337437,-0.18779047,1.2429302,-0.27465704,-0.735089,0.14128484,0.82501125,-0.39157546,-0.1684926,0.5338349,0.85477877,1.4097987,1.4602429,1.2465928,-0.15100528,-0.17597134,-0.5292539,0.30369,-1.1770197,-0.6223001,0.015132706,0.7996993,1.738223,-0.06267751,0.2760041,0.78103954,-1.1781121,-1.3215784,0.7526288,0.4853797,-0.52802473,-0.28714612,0.66866326,-1.3733369,0.34774032,-1.7752877,-0.40621766,0.46166024,1.230763,-0.6194903,-0.024298988,0.41146085,0.5067363,-1.0903116,0.20037901,0.9109785,2.0352726,-0.47689453,-0.8201184,0.4686037,-0.3647639,-1.0936792,0.098597534,-1.2241968,-0.7026461,-0.0033285974,-0.37581298,-0.39213917,-0.50900257,-0.41266513,1.371098,-0.06805805,-0.12639944,0.57577294,-0.3786619,1.3261107,-0.5621429,-0.6620405,1.4109755,0.8500733,-1.3835777,0.6022532,-1.4185306,0.75066084,-0.8629858,0.810514,1.1767749,0.63005966,-0.45831332,1.3745092,-0.38025722,-0.35490307,-0.05683063,0.34609282,-0.65811783,0.6721835,-1.9077665,1.1988331,-1.4691253,-0.7840593,0.2205466,0.15901184,-0.2683019,-0.32928735,-0.29037198,0.50593275,0.34791204,-1.0377394,1.0676455,1.5074786,0.0033599536,-0.8835802,0.6499857,0.71921736,-0.16601306,-0.047941398,2.145234,0.27804968,0.6106674,-0.92509097,-0.9813823,0.5641308,-0.5522577,-0.70228547,-0.42231765,-0.42823038,-0.204048,0.41951457,-0.46051684,0.78120834,-0.48086628,0.36593032,1.1267204,-0.9193006,-0.07364418,0.39239767,-0.2848501,-1.1435314,-1.4805456,0.117499016,0.26385924,-0.6312206,0.4871355,0.9255805,1.4537343,0.515562,-0.27276894,-0.81662804,0.5618441,0.90883666,0.3459808,-0.70768404,-1.0750405,0.8082823,1.1510478,-0.54620016,0.93962723,0.1535079,-0.26711208,-1.9059435,1.2565751,-0.04067713,-0.13578743,0.7520259,-0.024284324,0.2656429,1.0495886,-0.5677816,0.140658,-0.35872114,-0.2513631,-0.22323579,-0.03014184,-0.82425785,0.1130113,-0.36727214,0.31754437,-0.5152249,0.51463896,-1.3376247,0.5071232,0.26205373,0.74547553,0.35716018,0.4566252,-1.1357733,-0.1813202,-0.5532806,1.6716247,1.2733505,-0.3042308,-0.86018085,-0.42682973,1.5001945,0.42388883,-0.2348239,0.5989538,0.012310234,-0.58964616,-0.046946302,-1.0328287,-0.53195685,0.087921105,0.43523812,-0.9074808,1.5790075,-1.9480437,0.84433174,-0.43973342,-1.3643494,0.22483094,0.5048926,-0.7833747,2.069623,1.5916429,-0.5527608,-0.19925271,0.87828416,1.423534,-0.33330008,-0.010504897,-1.1113495,0.60135114,1.4145488,0.2842574,-1.1079746,0.14163671,0.38587466,-0.2908809,1.1815153,-0.5241447,-0.3429037,-0.70631695,-0.5327068,-0.7805197,-0.15758893,-0.5407432,-0.46343803,-1.4548445,-0.100961305,-0.19789113,-0.98389584,0.62973166,-1.0098428,0.14147754,-0.42595133,1.4980956,0.46281913,0.45571306,0.4673157,-0.76363534,-0.54300684,-0.8850265,-0.55147177,0.8994801,-0.7183818,0.9344539,0.56022805,1.1539904,1.7627069,0.23531389,-0.859368,0.55991167,0.102216125,0.30753204,-0.07930261,-1.4427665,-0.62142,0.0028999362,0.5226077,0.5133069,-1.911747,-0.6768637,-0.009169016,0.6223087,-0.2106721,0.5591882,0.50171155,0.6013954,1.6860331,1.3424834,-0.026304862,-1.1569233,-0.50740385,1.4329377,-0.043618,-1.241332,-0.28497994,-0.9783488,1.4524401,1.2924998,0.75025886,1.0366111,-0.6768545,-1.2750349,2.1628602,-0.7012869,0.40360427,0.42630446,-1.6003133,0.75741714,0.024346206,0.3065646,0.6267032,0.7293086,-0.89475626,0.93527496,0.59684426,1.1871468,-0.37351888,-0.19097596,-0.70029896,0.3882594,-0.45226407,-1.8090532,-0.50717914,-0.23602729,-1.1883054,-0.8922179,0.77148354,0.16357367,-0.7689416,-0.45397842,1.0453427,0.42009032,-0.21724948,-0.77368605,-0.3078156,1.6601672,-0.61411047,1.3909302,-0.7197384,-1.3134053,-0.52507883,1.0247638,1.3284541,0.70032007,-0.67740256,1.7508538,1.0217867,0.07505337,0.13576953,0.32098174,0.7645774,-1.2097023,-1.0430833,0.23585454,0.3720935,-0.37367994,0.41749746,-0.0732723,0.8465072,-2.1310883,-1.7823808,-0.014403403,1.6473279,-1.7091911,-0.09564684,-0.14486691,-0.5527916,0.23441811,-0.6806643,0.37197715,-0.12403146,-0.6573434,1.1644238,-0.82006425,-1.6642494,-0.024994414,-0.45809293,-1.5142179,-0.0756273,-0.61871934,-1.766639,-1.1089106,-1.5548639,1.8341328,0.045953684,-1.2724639,-0.9845483,-1.1547382,-0.31680724,0.23078308,1.3591801,0.17387396,-1.0461885,0.061589837,-0.52924633,-0.8374926,0.55522954,-0.10562253,0.37525207,-0.3154451,0.60878104,0.55904067,1.1867056,0.10454828,0.41488108,-1.1883818,-0.050007522,-0.19907762,0.1507424,1.7520095,0.8758073,-1.0289844,0.6872376,-0.67913765,0.84737456,0.29297504,-0.7625758,-0.17647693,0.29313037,0.46566758,-0.3101238,3.3928835,0.8334292,-0.07151033,-0.76045513,0.2306191,0.6167493,1.0619326,-1.2535697,-0.02803085,0.5217417,-0.44577748,0.098544195,0.81791854,-0.6993538,0.33693546,0.9278948,1.1660993,0.4691122,-0.42312193,0.50349444,-1.2045205,0.14177746,1.4268787,-0.18437201,-0.42748088,0.54452074,-0.7903683,0.84990036,-1.3521122,0.9688722,-0.7066735,1.0185084,-0.15293841,0.55332094,-0.78545207,0.15605125,-1.3703418,-2.5541291,-0.40294677,-0.7525598,0.08439581,-0.39216644,0.25120276,-0.005162783,-0.42269352,0.050247297,-1.3264956,-0.8292645,1.2192408,0.5575275,0.060356945,1.3489499,-0.5499154,0.47069743,0.39088932,0.066685095,0.056363672,0.50369644,1.505506,-0.5724572,0.6923511,1.6964946,0.5146072,2.675469,0.7151534,-1.1521177,-1.6123805,1.3405917,-2.1005995,-1.0624973,0.68438077,-1.7182468,0.4943365,-1.8582639,-0.9379579,1.6820036,0.66336495,0.36690465,-1.3141834,-1.4462392,0.5528651,0.89659685,-0.68216926,0.00026263297,-0.6461254,0.20178545,-0.4085917,-0.96753764,1.378049,0.5181563,0.046250716,1.0082245,-0.9792862,0.8818751,0.41123852,-0.17378391,-0.08350587,0.9938145,-0.60241365,0.91673255,0.9590193,0.22648288,-0.47671,0.47059548,-0.03635045,0.4970001,0.039920725,1.1884203,0.70271915,-0.7427697,0.34865767,-0.036376193,0.8187913,0.8540666,1.4732449,0.20789796,-2.1973176,-0.5656391,0.70814794,2.0641158,0.13020526,0.6619296,0.031718682,1.5765514,-0.6352542,0.7014447,-0.23129052,-0.7201723,0.0061424,0.092390426,0.8000344,-0.48762113,-0.11492895,-0.7253687,-1.5231423,0.46683234,0.079694934,-0.57605106,-1.347731,-0.6777159,-0.15528776,0.17083322,0.40029126,1.0450625,-0.75201964,-0.88651335,-0.2443962,0.874559,1.046272,-1.541628,0.12405044,-0.3097529,-1.2434996,0.44569778,0.2259731,0.037787616,0.18504669,0.40345472,-1.2162681,0.6450925,-0.031191427,1.0278037,1.8803594,0.75074184,1.1166453,-1.0563365,-0.14446789,-0.6126286,0.47420675,0.28842628,-2.2390506,0.75188816,-0.99392366,-0.8783547,1.5994936,-0.5379896,-0.13160765,-1.0391753,0.066173255,-0.68125755,-1.344827,2.3219683,-2.032076,1.1360542,-2.1005964,-0.7490063,-1.197235,-1.0576359,-0.7381575,-0.43516466,0.5457612,-0.3424613,0.37119606,0.15585765,0.050287466,0.10638796,-0.4004367,1.4210926,0.040291607,0.38038394,-1.1407597,-1.4253788,-0.4729777,0.70034385,-1.0169528,-1.4448314,-0.76282465,-0.29132313,-0.42543077,-0.24697855,-0.7102042,0.95171213,-0.07152453,0.0038545392,-0.85588026,-0.92602146,-0.78254783,-0.762569,1.1670957,-0.9086199,1.4158103,-0.94714046,-1.0558436,-0.23471603,-0.56279826,0.7717123,-0.41984332,2.1527042,0.5510411,0.61345315,0.21270446,0.8120271,0.07071178,-0.5778449,0.9893816,-0.092744425,2.1770873,-0.0803906,0.47911274,1.327503,-0.38361347,1.4241116,-0.2950651,-0.45641756,1.9681584,-0.43681362,-0.58333105,-0.31536514,0.07933185,-0.8064189,-0.02950801,0.940812,-0.36924833,-0.20605093,1.0063705,0.3665865,-0.4450527,-1.2143347,0.020869464,1.2487736,1.3802497,1.2821282,1.2034609,-0.4842441,-0.64928234,-1.8786708,0.25573677,1.0926224,1.2204156,0.052092727,-1.2301142,0.51408446,1.0779654,0.6678387,-1.576126,-1.5027745,1.7291003,-0.0009931922,0.2475723,1.6683719,-0.7772495,-1.5512346,-0.8084035,-0.022442255,-0.1722569,-1.1985067,-1.0529023,0.38923952,0.5770437,0.6900464,0.8303158,0.8283553,0.12853938,-1.0968335,0.45397323,-0.021029886,-1.4289317,0.22048326,-0.18618236,0.6853428,-1.7359769,-0.7697089,0.121109396,-2.387179,0.88133514,-0.35003126,0.2831111,-0.05978786,-0.11184926,-0.8678739,0.14198565,-0.14781915,-1.1357162,-0.21331058,2.0420237,-1.4552827,-1.2562642,0.82273304,0.79960585,-1.0203934,0.67300385,0.4377373,-0.14661752,0.94243246,-0.1332592,-1.1456906,-0.85768485,-0.33586514,0.20870736,-0.4933016,-1.5944073,-0.3860693,0.77378815,-0.69316727,-1.5922406,-0.1614733,0.57800823,-1.5289438,-0.91384757,-0.34318697,-0.24982917,0.2571158,1.1280671,-0.2551326,-0.877854,-0.71956956,-0.38330996,-0.050615624,0.062329788,-0.42720503,0.23035443,0.24103084,-0.81001127,0.20457348,1.5219105,0.10309262,1.7481133,1.4925313,0.8727037,0.8171363,0.6187943,-0.23382872,-0.20679313,0.33122718,-1.1751854,-0.7758851,1.5237584,0.45801365,-0.7910043,-0.4455273,0.9220431,-0.023563303,-0.7792969,-0.30219552,0.20324275,1.3332825,1.449985,1.837033,0.0948161,0.26083958,-0.09231193,0.91311896,-1.4779375,-0.5592849,-0.57216656,0.7548087,2.3179958,-0.39015344,0.62350607,0.4820879,-1.2170296,-1.33348,0.304128,0.7292593,-0.39122435,-0.2468157,0.5395482,-1.8566083,-0.15218897,-1.4009327,-0.70817447,1.1493536,1.2137833,-0.5428068,0.033876356,0.8535198,0.29455477,-0.6257855,-0.3788426,0.8192751,1.7352221,-0.21802023,-1.1412683,1.2398038,0.016272198,-1.3538414,-0.19872801,-1.3888798,-1.1174655,0.10781466,-0.06342694,0.058067538,0.26534528,-0.8674092,1.4089785,0.4908492,0.19932012,0.49846578,-1.4428859,0.84581256,-0.25588495,-1.0206468,1.7622191,0.44735238,-1.4476111,0.14804107,-1.7226602,1.3424857,-0.37881473,1.0944395,1.4748738,0.50567657,-0.79334694,1.7788111,-0.4885033,0.4521163,-0.6473734,0.9475615,-0.6654935,0.13899091,-1.5607741,1.2737739,-1.3321074,-1.0232837,-0.104494765,0.44361317,-0.24976264,0.25668222,0.5151538,0.06596428,0.566245,-1.1788273,0.46816716,2.4507403,-0.34942913,-1.2504675,0.11160576,0.89211804,-0.583743,-0.48256636,2.382504,0.32856494,0.32716197,-1.3435384,-1.0713108,0.5219888,-0.079674385,-2.006082,-0.2982237,-0.32770875,0.09312959,0.013523072,-0.5335221,1.135113,-0.9256736,0.7338526,0.48879388,-0.73936033,-0.5753232,-0.113510184,-0.26491708,-0.8643387,-1.5151112,0.7922468,0.69104135,-0.7985668,1.0746849,1.3515599,1.8552722,0.95499736,-0.49456987,-0.9778718,0.6609246,0.44987607,0.6227548,-1.7905943,-1.4318287,0.6752701,1.0998724,-0.52058834,0.5836852,0.73515254,0.020952772,-1.848745,1.1322048,-0.2683391,0.023957372,0.8721731,-0.021338731,-0.009086877,0.42103064,0.5899275,-0.342575,0.7429311,-0.89812595,-0.26941532,0.22650596,-1.272365,0.24041252,-0.19143382,0.16399422,-0.47341004,0.38460213,-1.4423792,0.52890813,0.41928264,0.037660077,1.1814412,0.53751516,-1.5119239,-0.67442715,-0.020736672,1.4768662,0.47356483,-0.18005106,-0.47600347,-0.26100463,1.3080908,0.5823149,-0.11758868,0.21576451,0.16926828,0.2066322,-0.3125124,-0.9696934,-0.27306926,0.04518926,0.5744231,-1.0281771,1.7437493,-2.1716032,1.005476,0.4149906,-2.2134185,0.31782803,0.26370612,-0.1822351,2.1834157,1.0953153,-0.32222298,-0.0955361,0.67165244,1.2753341,-0.69908226,-0.78392935,-1.1375973,0.6192619,1.1778381,0.39099768,-1.1310583,-0.03213934,-0.31018895,-0.66958237,1.4951594,-0.08844808,-0.56121176,-0.7570085,-0.45757878,-0.9449109,0.10025354,0.42240316,0.93178463,-1.2687094,1.1280116,-0.8219231,-0.91585475,0.36153436,-0.8679621,-0.019497067,-0.5758049,0.8459119,-0.023708925,0.9807521,0.53339803,-0.44214666,0.0954317,-1.0641097,-0.3239513,0.5221657,-0.5081905,1.3997114,0.36416122,1.1287763,1.3940933,-0.08699939,-1.9709742,0.3458459,0.546889,0.5049747,-0.47416517,-0.4764806,0.02790377,-0.17574239,0.0033374224,1.0497363,-1.3305403,-0.8537765,-0.2416431,0.1029034,0.21235605,0.8149196,0.08927349,0.090639025,1.6809908,1.2185088,0.41016328,0.0
ギ,0.0073700547218322,0.5113822817802429,0.1509223133325576,-0.5153852105140686,0.0919516906142234,0.3783133625984192,-0.139201670885086,-0.1260823905467987,-0.1473516076803207,-0.6734076142311096,1.0423811674118042,0.265469878911972,-0.5179949402809143,-0.0690593868494033,0.5153168439865112,-0.291444718837738,0.3101485967636108,0.1822368800640106,-0.0262507293373346,-0.1380023509263992,-0.2850812971591949,-0.2582185566425323,-0.2328396141529083,0.0782264173030853,0.0166082549840211,-0.2687126696109772,0.2009819597005844,0.3081945478916168,-0.0783815309405326,0.0255931261926889,-0.1044929474592208,-0.3800211548805237,-0.216200441122055,-0.3823736011981964,-0.0449824631214141,-0.0156551711261272,-0.0292593948543071,-0.045645922422409,0.2315606027841568,-0.1015071421861648,-0.0445029661059379,-0.4346605837345123,-0.575635552406311,-0.2865148484706878,-0.3703477382659912,-0.1287274956703186,-0.2172453552484512,0.1589825749397277,0.241846427321434,0.0594922378659248,-0.2063057124614715,0.3112552165985107,0.0362942330539226,0.124326542019844,0.0018177302554249,-0.4545338749885559,0.518426239490509,-0.2766267359256744,-0.5036492347717285,-0.1689643561840057,-0.5278113484382629,0.1235772371292114,0.1547083556652069,0.3557827174663543,-0.4429027736186981,-0.4344189167022705,0.2202711552381515,-0.1580261290073394,-0.0583864040672779,-0.4779267609119415,0.1798663288354873,0.4865126311779022,-0.5787495970726013,0.0500780642032623,0.4188682734966278,0.0148254465311765,-0.0462653897702693,0.0764829516410827,0.0898157507181167,-0.1397650986909866,0.0107799125835299,0.2293518483638763,0.0586232468485832,-0.5593982338905334,0.0044602295383811,0.6555730104446411,-0.3323967754840851,-0.7147654891014099,0.3442931771278381,-0.108380876481533,-0.1051644459366798,-0.2600934505462646,0.3769812881946563,0.1370598226785659,0.14365154504776,0.0445336662232875,0.4690727591514587,-0.7162583470344543,-0.0396705828607082,0.5273762345314026,0.1540290415287017,0.0447954945266246,0.053515501320362,0.0284986700862646,-0.0521908402442932,0.1871423125267028,-0.2661185562610626,0.3405996561050415,-0.2140250653028488,0.0837374925613403,-0.4421598315238952,-0.4931613206863403,-0.3260559141635895,-0.2138875424861908,0.1270032674074173,0.1539811342954635,0.0776108428835868,0.4156738817691803,-0.6280249953269958,0.631740152835846,0.1194457858800888,0.1160721480846405,-0.2895263135433197,-0.1734446734189987,-0.5643315315246582,-0.1412548869848251,-0.0026034917682409,-0.0132209761068224,-0.1217751577496528,-0.1182428747415542,-0.361206442117691,0.0499304346740245,-0.2605954110622406,-0.2763607800006866,-0.6828235387802124,0.7860817313194275,-0.4409493207931518,-0.0484525263309478,-0.2320499122142791,-0.7303648591041565,-0.4551151394844055,0.3831529021263122,0.1997910290956497,-0.0230226702988147,-0.0024521087761968,0.1999801993370056,0.2424945533275604,-0.1344557404518127,0.3351746499538421,0.1975074857473373,-0.477508395910263,0.89938884973526,-0.5504810214042664,-0.1077091097831726,-0.1445232927799224,0.0110523141920566,-0.5046659708023071,0.0108258882537484,-0.0004029899719171,0.547770619392395,0.2824899852275848,-0.0828775465488433,0.0557803958654403,0.9487084150314332,-0.0328318886458873,0.5860333442687988,0.1456055492162704,0.0235627740621566,0.3860700130462646,0.9654629826545716,0.4371283054351806,0.7026289105415344,0.6221762299537659,-0.5383981466293335,0.472800612449646,0.1315558552742004,-0.1017872616648674,0.2537157535552978,0.4289683103561401,-0.7223612070083618,0.1716404408216476,-0.4083712100982666,0.0945825800299644,-0.3331319987773895,0.2415475994348526,0.0102660087868571,-0.0334195457398891,-0.028845777735114,-0.0673451349139213,-0.2496492564678192,-0.3597284853458404,-0.1269030272960662,0.3221100270748138,-0.4988419115543365,-0.0575668700039386,0.3379954099655151,-0.0120887858793139,0.0824604630470275,0.0404997393488884,0.3514584004878998,-0.1281088888645172,0.3458597958087921,-0.3228543698787689,-0.7381801605224609,-0.9012680649757384,0.3011192083358764,0.31257164478302,0.5910875797271729,-0.0761861130595207,0.11122827231884,-0.1687408834695816,0.3985307812690735,0.1800739616155624,0.0334808863699436,0.2723448872566223,0.0799891427159309,-0.6050625443458557,-0.5159143209457397,0.3081127107143402,-0.3064363598823547,0.1958195567131042,-0.0854159817099571,0.1964696496725082,0.1869231909513473,-0.1349255740642547,0.0925919786095619,0.4695940911769867,-0.0632035657763481,0.0318405963480472,0.3967829644680023,-0.2320364415645599,-0.5145142078399658,-0.6382343173027039,0.0433752536773681,-0.4938119053840637,-0.3322298228740692,-0.2125245332717895,0.3183047771453857,-0.1405666023492813,0.2803654372692108,0.4413560032844543,0.1091085597872734,0.1114385724067688,-0.3559592068195343,-0.3520326614379883,0.3614704310894012,0.0655269548296928,-0.0665522441267967,-0.481923907995224,-0.4078623056411743,-0.5548983812332153,-0.1277902722358703,0.358996033668518,-0.0024358672089874,0.0041252598166465,0.3007570803165436,0.2438873797655105,-0.0801935344934463,0.0075173424556851,-0.4663601815700531,-0.3581957519054413,-0.2240927517414093,-0.2441945523023605,-0.0029023888055235,0.0682228282094001,-0.1209349706768989,-0.0404232740402221,-0.3004025518894195,-0.2713786661624908,-0.2969930768013,0.0910880863666534,0.1683095395565033,0.1045873463153839,-0.277763158082962,-0.5289103388786316,-0.0102735077962279,-0.3587831258773803,0.7781367301940918,-0.311805248260498,0.4951596260070801,-0.8068784475326538,0.1561315357685089,-0.4640122652053833,0.41942298412323,0.24412602186203,0.0955501422286033,0.0454404428601264,-0.3604710102081299,-0.1948108524084091,0.3073823451995849,0.29192054271698,-0.5428072810173035,-0.1119421795010566,0.1784175634384155,-0.6645033955574036,0.2096608430147171,0.2534611523151397,-0.3349058628082275,0.1299948692321777,0.5021347403526306,0.2555798888206482,-0.266402930021286,0.4654865264892578,-0.5193734169006348,-0.2796843945980072,-0.2294991016387939,-0.2038992643356323,0.1679940670728683,0.2171660810708999,-0.4448926448822021,0.2784837782382965,1.004779815673828,-0.5050029158592224,-0.2798676788806915,0.6242425441741943,0.2611117660999298,-1.8359187841415403,0.2383898496627807,0.3452412486076355,0.40132936835289,-0.0436600930988788,0.5623874068260193,0.5735670328140259,-0.0473616980016231,0.2286887913942337,-0.612165093421936,0.7395147681236267,0.3926317691802978,-0.3310114741325378,-0.2615046501159668,0.6096752882003784,0.2678598761558532,0.5647766590118408,-0.5559855103492737,0.0372984521090984,0.4192223250865936,-0.3280361592769623,0.114109493792057,0.1593189239501953,-0.1377499103546142,0.0332791320979595,0.0035028110723942,-0.0810685083270073,0.1724394112825393,-0.5011604428291321,-0.3843587338924408,0.6814900040626526,0.5871683955192566,0.3439170718193054,0.1795071363449096,-0.379719614982605,-0.1045258417725563,0.4914815425872803,0.4730523228645324,0.3066800236701965,-0.1214209645986557,-0.4311892986297607,-0.7157352566719055,0.4823759496212005,-0.039936251938343,0.0563164576888084,0.0014284508069977,0.1404992341995239,0.1290122270584106,-0.1446723937988281,0.4222606122493744,0.5624495148658752,0.0796571299433708,0.2547062039375305,0.2326370477676391,0.511931836605072,0.1719843447208404,-0.1160781234502792,-0.4716764092445373,0.2805233299732208,-0.0411146618425846,0.399934858083725,0.2957562804222107,-0.026935888454318,0.1606552302837371,0.0078566605225205,-0.2736838459968567,-0.1550073623657226,-0.1372830867767334,0.4831179976463318,-0.4550119936466217,-0.635306715965271,-0.4526196122169494,-0.2508817315101623,-0.3858177959918976,0.5140121579170227,0.0028208144940435,0.0624802149832248,-0.1042109504342079,-0.4358611106872558,-0.0736430883407592,-0.1669005304574966,0.2959958016872406,-0.158015102148056,0.4455142617225647,-0.3899467587471008,-0.0392059236764907,-0.452621191740036,-0.6036815643310547,-0.6188305616378784,-0.4331156611442566,-0.6739165186882019,0.1174004226922988,0.288056343793869,0.6911149024963379,-0.0862224325537681,-0.2592461705207824,0.1173896864056587,-0.1428426653146743,-0.4555352032184601,-0.4403335154056549,-0.2913865149021148,0.1751537919044494,0.379384309053421,0.3391767144203186,0.4558158218860626,0.3558674156665802,-0.2916358113288879,0.1998983770608902,0.2142375856637954,-0.0404118075966835,-0.2832188010215759,-0.5802221894264221,0.6250697374343872,0.2028297483921051,-0.0999995693564415,-0.0727946683764457,-0.110682725906372,0.6156260967254639,0.1604978144168853,-0.766151487827301,0.2975984215736389,0.8359390497207642,-0.0480934269726276,0.420730710029602,0.1149400770664215,0.7760860323905945,-0.4464510679244995,0.2401973605155944,-0.0653728693723678,-0.2229766547679901,0.4020151793956756,-0.1605336964130401,-0.0081191686913371,-0.2504822313785553,-0.1213660016655922,0.6894835829734802,0.3314326107501983,0.0647315457463264,-0.0114357033744454,0.4442533254623413,-0.0081922672688961,0.3112951517105102,0.0312804207205772,0.4942673146724701,-0.2189601808786392,0.1541368067264557,-0.3003739714622497,-0.4428876638412475,-0.4179431498050689,-0.2990518808364868,0.5440939664840698,0.0459792129695415,0.6596595644950867,-0.0338692367076873,-0.4420422315597534,-0.266224592924118,-0.6173445582389832,-0.0994214862585067,-0.31923708319664,0.3225669860839844,0.2371182441711425,0.5252158045768738,-0.7915422916412354,0.5806836485862732,-0.1335091739892959,0.3332299888134002,0.3172919750213623,-0.5614469051361084,0.1361174434423446,0.1554715484380722,0.1440983712673187,-0.1105934605002403,-0.0697835832834243,0.4794408082962036,-0.2950769960880279,-1.1612930297851562,-0.0346734672784805,0.0951361134648323,-0.0352976135909557,-0.996099889278412,0.6028903722763062,0.2967853248119354,-0.5527637600898743,-0.4319605231285095,0.0395328886806964,-0.2601162195205688,0.286142885684967,-0.8029510974884033,-0.0106323128566145,-0.2823556363582611,0.2099842131137848,0.4030849039554596,0.4412115514278412,-0.217319369316101,0.0626885890960693,0.3035579919815063,0.3536662459373474,-0.1837139725685119,0.1834843307733535,0.2359153926372528,-0.2524321973323822,0.0014578155241906,0.6087415814399719,-0.1690412163734436,0.4787240326404571,-0.3556834459304809,-0.6843439340591431,-0.0937734693288803,-0.5367351770401001,-0.7359029650688171,0.8053700923919678,0.2010707259178161,0.5289610624313354,-0.3654722571372986,0.5429814457893372,-0.2741775810718536,0.1852632611989975,-0.0690344795584678,0.3364370167255401,0.2796993553638458,-1.042122483253479,0.0609237775206565,-0.3878219723701477,-0.931346833705902,0.611327588558197,0.3029034733772278,-0.6365402340888977,-0.1302110254764557,0.1027523279190063,0.3598690032958984,-0.4616493582725525,0.2148388922214508,-0.6065691709518433,-0.0517076328396797,0.2466883510351181,0.6723357439041138,-0.1104856133460998,0.6757962107658386,-0.5454052686691284,0.5315423607826233,0.9926417469978333,0.4057428538799286,0.345417708158493,-0.4852850139141083,0.2029928714036941,-0.3842716515064239,-0.332814872264862,0.1246893629431724,0.3265257775783539,0.1724781244993209,-0.0231031458824872,0.7488935589790344,0.4630413651466369,-0.5268600583076477,0.0536734052002429,0.4392322897911072,0.0257867742329835,0.7887241244316101,-0.0168375950306653,0.1153603047132492,-0.6816782355308533,0.3679041862487793,0.7407937049865723,-0.2261062413454055,0.1629187613725662,-0.2225606888532638,0.2595688998699188,-0.1712889969348907,0.0229743402451276,0.2772561609745025,-0.1190640181303024,0.6007422208786011,0.3560076355934143,-0.2390494346618652,0.6550356149673462,-0.0075140041299164,-0.1760038137435913,-0.1728766709566116,-0.1639805436134338,0.0295068696141242,0.3428671360015869,-0.1643485128879547,0.1476713567972183,0.028927119448781,-0.839117169380188,0.3194809257984161,-0.022055422887206,0.2505727708339691,0.5530860424041748,-0.2511714696884155,-0.4238488972187042,0.2982036471366882,0.245057076215744,-0.2254928648471832,-0.0851894840598106,-0.7925678491592407,0.2447073608636856,-0.2067666798830032,-0.2924948632717132,-0.0222274623811244,0.2488147020339965,0.3173329830169678,-0.2923012375831604,0.0391424410045146,0.127499908208847,1.038816213607788,-0.1104528382420539,-0.3676872551441192,0.0117565263062715,-0.059801410883665,-0.2012612968683242,0.4349698722362518,0.1015433669090271,-0.1339047998189926,-0.1479236483573913,-0.3921154141426086,-0.3239821195602417,0.0243182219564914,0.0129137691110372,0.2822389602661133,0.2259572446346283,-0.02347925119102,-0.6557008624076843,-0.4887734353542328,0.2566904127597809,-0.1750707328319549,-0.9101930856704712,-0.0592466853559017,-0.217393159866333,-0.106419563293457,-0.2986814379692077,-0.0010126578854396,-0.0889147073030471,0.2656967639923095,0.1608722507953643,-0.2082731127738952,0.013289688155055,-0.3235402405261993,0.2445869445800781,0.1219938471913337,-0.2853636443614959,-0.8693864345550537,0.1231101900339126,0.2690976858139038,0.3399111032485962,-0.0535259060561656,0.43551766872406,-0.2804417014122009,0.3345517218112945,-0.0947908610105514,-0.4547328650951385,0.5256391763687134,-10.37708568572998,-0.1486810743808746,-0.5842535495758057,0.1834466755390167,-0.2052944153547287,0.0602614171802997,0.6986840963363647,0.5438641905784607,-0.1741268634796142,0.3850934505462646,0.0924413055181503,0.1565298289060592,0.3624079823493957,0.294164627790451,-0.8750979900360107,0.1723360121250152,-0.143244668841362,-0.4744093716144562,-0.4953424036502838,-0.1604609042406082,0.0424421355128288,-0.5004557371139526,0.5545437335968018,0.4573953151702881,0.0139400567859411,-0.1592986136674881,-0.0518680438399314,0.1671470999717712,-0.3313745260238647,0.3084310591220855,-0.9190337657928468,0.4536404311656952,-0.0106345051899552,0.6492589116096497,-0.3086797297000885,0.0007385741337202,-0.2320030182600021,0.4823362231254577,-0.3212714493274688,0.3409563899040222,-0.0800933837890625,0.3920329213142395,0.4024701118469238,0.1682583540678024,0.3294135928153991,0.2934006750583648,-0.1771342307329177,0.2128271609544754,0.2616468667984009,-0.0344282686710357,0.318381130695343,-0.0176517516374588,0.0393128022551536,-0.4700749218463897,0.1949439048767089,0.1551042795181274,0.6035622954368591,-0.5520167946815491,0.126665860414505,0.3721599280834198,0.6135302782058716,-0.0773564130067825,0.8915976285934448,0.5231124758720398,0.2508167922496795,-0.1757227033376693,0.2719678282737732,0.490397036075592,-0.4081103801727295,-0.4082171022891998,0.1651058942079544,0.4249007701873779,-0.423804223537445,0.0292406287044286,-0.0353619493544101,0.1751218438148498,-0.091445192694664,0.3187403678894043,0.1404676586389541,0.2834160327911377,0.2617701888084411,-0.176218494772911,0.1447340846061706,0.0289827995002269,-0.7966551780700684,-0.0639377534389495,-0.6301555633544922,-0.0301975682377815,0.4310948848724365,-0.3353036046028137,0.5516954064369202,0.1288823634386062,-0.367484837770462,0.0784927532076835,0.4128071963787079,-0.1831907480955124,0.033494159579277,0.0338537730276584,0.3475463390350342,0.0692130029201507,-0.87389743,-0.17636397,0.7045905,1.3423141,-0.47521183,-0.58224714,-1.6316833,0.20447816,0.80411613,-0.39870757,0.5116912,0.07286985,-1.3495928,2.0019794,-0.5047442,0.16319703,1.4098862,-0.69716364,0.69068724,-0.5625821,0.89145565,0.30727452,1.099065,-0.8503309,0.609849,0.7235285,0.6539189,-0.7206051,-0.4601657,-0.06998173,-0.32086542,-0.2807337,-0.67263687,-0.7355763,0.38858277,-1.4783862,-1.4070567,0.7790002,0.06860746,-0.29325286,-0.6128544,0.69695747,-0.2852832,0.03815859,-0.30099016,0.041711275,1.3257744,-0.26787812,0.5105737,-0.47360513,-0.53018653,0.036836766,0.7880178,0.96483094,0.40705842,-0.26920038,1.0508543,0.6233972,0.2076869,-0.38988134,0.781199,0.91287905,-0.759095,-0.11605819,0.57308537,0.92117596,0.11218606,-0.27302483,-0.18898961,-0.2870081,-2.8472717,-0.52268434,-0.18895184,1.4687957,-0.9423887,0.8443902,-0.003814314,-0.9010273,0.20855153,0.6374553,0.15701821,0.080916636,-0.9460777,1.6187439,-0.7276405,-0.2894158,-0.32661885,-0.28306594,-1.126277,-0.044505827,0.20525514,-1.2704223,-1.2363046,-1.8408871,1.183019,-0.48189932,-1.0372351,-0.8994576,-1.5500661,0.41417918,-0.084891364,1.3315996,0.19120574,-0.17815897,-1.319986,-0.057573788,-0.6133949,-0.8400764,-0.7708594,0.33851224,-0.25254163,0.66154194,0.26866442,1.3097743,1.0818204,0.5152576,-1.2509079,-0.78946316,-0.38270226,0.047560845,1.4505471,0.04831757,-0.73493755,0.9810304,0.31043807,1.2594893,0.37044355,-1.0150235,0.6337832,-0.08608801,0.516816,-0.57123834,1.8238643,1.0704206,-0.8271524,-0.22214024,-0.2720049,0.24791273,0.7889926,-0.3836854,-0.7952344,0.020811329,-0.09978242,-0.26992708,0.13189913,-1.3445151,0.39179173,1.200854,1.2018377,0.28097153,-0.35807848,-0.25904793,-1.0230483,0.72533435,0.77641547,-0.013408192,-0.033003103,0.25831455,-1.1585749,1.3362063,0.25449246,1.1116654,-1.1648577,0.28915602,-0.0626779,0.5528551,-0.6064945,0.88731426,-1.0495769,-2.2885306,-0.3944114,0.19942829,0.21155532,-0.31793147,0.81985325,0.33300272,0.6071577,0.015019451,-0.5933277,0.39807838,0.32263824,0.95400876,0.040559452,1.308666,0.03931207,0.39343494,0.71426886,0.85289085,0.18314245,0.2991961,0.78394973,-0.54778665,0.81242996,1.0099336,1.6646271,2.719759,0.9035074,-1.2987032,-1.2814348,0.70484793,-1.9583671,-0.42741793,0.70945394,-0.8294968,1.4742296,-0.61197805,-1.2402805,1.7968656,0.2573175,-0.12913014,-1.0935758,-1.2740422,0.78178555,0.8308826,-0.2638462,-0.5342372,-1.0028198,0.29249138,-0.6109772,-0.3612693,0.6173879,0.13501288,0.746642,1.6951743,-0.66334736,0.40403196,0.373381,0.7056826,0.4449653,0.45946154,-1.130596,0.17010483,0.61979264,-0.5331764,-0.9636242,0.3723115,-0.58281094,0.2231051,-0.4197653,0.40909314,-0.063200444,-0.72672135,0.2874034,-0.114313446,0.25235575,0.7063702,1.8276657,0.3880654,-1.4798737,-0.055311102,0.21457686,1.0450499,0.39764094,0.4328579,0.8927001,0.7331298,-0.41879177,0.13755421,-0.19683221,-0.3449531,-0.24208042,0.5272643,0.06577022,0.51604176,0.39830562,-0.8727101,-0.80875224,-0.1289814,0.40333742,-0.5921954,-0.4178198,-0.48229098,-1.2227774,0.69823647,0.3825429,0.16698515,-0.8360496,-0.9228223,-0.4644621,0.24136779,0.8490114,-1.4171072,-0.40454334,0.1394376,-0.40218368,0.23837721,-0.14232676,0.026569754,0.29283124,0.5646705,-1.6672093,0.91529435,-0.10666697,0.709246,1.3657757,0.2908733,1.4034475,-1.0134159,0.6372115,-0.9760136,0.6110668,1.102116,-1.4570493,0.90734774,-0.2534957,-0.7584082,0.8529368,-0.573021,0.044171173,-0.72373044,0.46104074,0.07071421,-1.4584264,1.9461524,-1.6779562,1.1888332,-1.4861575,-0.43100363,-0.61392033,-0.92033017,-1.5768253,0.9362488,0.1582237,0.12467162,0.44220743,0.324456,0.36174136,0.73840904,0.3216736,0.64301956,-0.23715614,0.64235896,-0.6541015,-1.167712,-0.10527623,0.5579267,-1.077172,-1.4971312,-1.5680914,-0.48613805,0.2618476,-0.45657572,0.053413033,0.6683015,0.06571797,0.57362926,-1.0181692,-0.24439952,0.07218482,-0.29579595,1.6799479,-0.42466813,1.2288886,-1.1050838,-0.47373652,0.16977954,-1.7163684,-0.45684284,-1.0754974,1.6789744,0.3449778,0.26114893,0.5718819,0.59477913,-0.48049814,-0.45318487,0.65338504,-0.34780383,1.651681,0.2661049,-0.5680941,1.3892409,0.013454063,0.7173537,-0.522491,-0.74769026,1.7512114,0.22939774,-0.41153184,-0.27530584,-0.54888105,-0.47341457,0.016619036,0.42320594,0.09685216,-0.29900426,0.30169088,0.9424595,-1.2001784,-0.82566327,-0.31169987,0.5968786,0.8686539,1.8797101,1.4641817,-0.36129096,-1.199666,-1.8025447,0.36350608,1.1603132,-0.046768375,0.35153976,-1.278289,0.36736313,0.15241763,-0.11229022,-1.2975153,-2.198547,1.8561674,0.72819054,0.37777668,1.6403254,-0.45894805,-1.2126304,-0.5560474,0.7200637,-0.17158471,-0.98939145,-0.3522163,0.51886016,-1.2122049,0.9137258,0.7472395,0.707348,-0.69133043,-0.19903636,0.84168404,0.4424228,-0.6439309,-0.96262366,-0.3121197,0.3430236,-1.6313308,-0.38445762,0.51178527,-2.1147602,0.4954419,-0.5023605,-0.14767648,-0.042711813,-0.77646744,-1.0375824,-0.7148081,-0.16037178,-0.866245,-0.716148,0.35589215,-1.6214821,-1.7857342,0.6742171,0.91572124,-1.3574618,0.44815922,0.5106863,-0.22072618,0.63799626,-0.24285124,-0.6006517,0.45770472,-0.7525459,-0.37299606,-0.570917,-1.5607454,-1.0780823,0.18649174,-1.5354118,-1.4080442,0.80143833,0.46028993,-1.692049,-0.4418013,0.29777667,-0.5677951,0.93818796,0.69578063,-0.537879,0.01618748,-1.0083245,0.0154765295,0.5177526,0.82180023,-0.05496655,-0.16538401,0.6541053,0.007551772,0.20569296,1.7001858,0.19190629,0.48578024,1.050041,0.4732029,-0.91192526,0.79598653,0.08196963,0.048600126,1.1972201,-1.3677374,-0.8073326,1.5542105,-0.26983517,-1.0580034,-0.43537062,0.52840817,-0.4439323,0.34934703,0.7199918,1.0159737,1.486045,0.97840554,1.4857427,-0.284184,-0.90460414,-0.11862611,0.44772658,-0.85133046,-0.75078773,0.24668884,0.53826433,2.5612714,-0.45427656,0.0057923743,0.5548303,-0.53229934,-0.96762294,0.6095157,0.22429286,-0.4532253,-0.88225335,0.21418606,-1.4558054,0.4886753,-2.084977,-0.46383956,0.7607862,0.4965531,-0.35131627,0.44653177,0.53459424,0.33813694,-1.0689062,0.44055358,1.3113087,1.7218072,0.13581708,-0.9980522,0.57368135,-0.26200402,-1.4293385,0.09377497,-0.58616483,-0.41520888,0.046769302,-0.28477457,-0.48046827,-0.72913045,-0.26862842,1.7292143,0.045357596,-0.3230172,0.27504605,-1.0558914,1.8810631,-0.57671195,-0.56702596,1.5710052,0.84487355,-1.0089813,0.05820396,-1.253621,0.11005763,-0.70280856,0.105978794,0.35128793,0.5000168,-0.5286369,1.5872289,-0.37194484,-0.38493732,0.015561789,0.68061525,-0.22560968,0.45237726,-1.8230172,0.84035885,-1.7128127,-1.4694518,0.46024942,0.47423157,-0.23741996,-0.0053073424,-0.084600314,0.43374184,0.053993504,-0.6402258,0.9263808,1.802518,-0.34270242,-0.8445703,1.1547947,0.81264144,-0.40640765,-0.030949512,2.3238313,0.67801857,0.6951044,-1.1518872,-0.6196526,-0.22202682,-0.6518674,-0.43388167,-0.1406903,-0.4143631,-0.20224641,0.444654,-0.4836128,1.0694789,-0.96327347,0.15518925,0.40708542,-0.61013365,-0.4508424,0.31447712,-0.2707847,-1.2870108,-1.0443069,0.2720776,0.74465847,-0.27633503,0.4541337,0.17808798,1.5502279,0.38717332,-0.59988326,-0.6441789,0.17310135,0.89364755,1.2881768,-0.8716301,-1.2101661,0.35833192,1.136033,-0.159575,0.5527527,-0.29566383,-0.3926286,-1.797882,0.8106075,0.4818137,0.097544506,1.5691502,0.9288541,-0.05468038,0.5857855,-0.22022133,-0.016034653,-0.36362192,-0.4446171,-0.11957024,-0.19736733,-0.88904285,-0.06415186,-0.48745802,0.49634394,-0.13945143,0.5376687,-1.3611246,0.21043997,0.3821129,0.4420713,0.48594937,-0.5829398,-0.8891711,-0.795691,-0.8482056,2.138847,0.87387455,0.2631352,-1.2531351,-0.26916018,0.9480867,-0.020819828,-0.56719834,0.51774526,0.63276863,-0.9759635,-0.47180742,-1.2045475,-0.19123365,0.36603707,0.69619507,-0.8878127,0.9497953,-1.4856989,1.0199816,0.3090675,-0.84146446,0.43155602,0.31864935,-0.8105103,2.074719,0.784419,0.16875173,0.12830234,0.7017382,0.9963122,-0.47230178,-0.40468422,-1.4828409,1.2860111,1.0928508,0.32399386,-1.0776811,-0.55814594,0.402875,-0.54043794,1.2763134,-0.35511085,-0.56878537,-0.81243783,-0.53963095,-0.87228805,-0.2654371,-0.6837763,0.051378034,-1.3826818,0.1543697,-0.6036269,-0.029112266,0.37285426,-1.4031811,0.1737519,0.4592033,1.0252842,1.2733635,0.92621356,0.7907081,-0.4957501,-0.16547056,-1.304947,-0.83808583,0.098345265,-0.9850171,0.46251187,0.11364485,1.2304248,1.7643229,0.12538068,-0.82127875,0.6422077,-0.27686504,-0.012288092,0.08546654,-0.59684306,-0.30530217,0.4828081,0.7841498,0.27038595,-1.2335569,-0.2286575,0.107806034,0.3411869,-0.15314229,0.27295798,0.21426128,0.3444379,1.580577,0.5975836,-0.50183433,-1.4783926,-0.116604656,0.88214886,0.63778913,-1.4584675,0.06309952,-1.1795167,1.165491,0.9131294,0.41256058,1.3782526,-0.3136181,-1.3864759,1.7264552,-1.1015792,0.12117314,0.6736454,-1.2469053,0.8818115,-0.0035458151,0.6342622,0.9531964,0.5383862,-1.2989124,0.9482153,0.2283746,0.8062874,-0.26343286,-0.8584382,-0.7884575,-0.034159333,-0.5872964,-1.3108132,-0.6562171,0.55120987,-0.68445796,-1.7706214,1.3831701,0.3968339,-0.5123264,-0.9607774,0.951465,-0.15430865,0.11540887,-0.72171926,-0.33138373,1.8563097,-0.97612536,1.4106653,-0.76643306,-1.2444594,-0.65458286,0.84681165,0.74930865,0.7788097,-0.38197604,1.6193615,0.9981527,-0.3763195,-0.48011944,0.49991837,-0.05686322,-0.99769974,-0.17783117,0.45121366,0.98093694,0.34274977,0.0322873,-0.17222694,0.2914552,-1.7753778,-1.5562785,-0.040410243,1.2639611,-1.8147466,0.28061533,-0.25348055,-0.87832433,0.24168313,-0.052446894,0.6473919,-0.35794377,-0.7876862,1.6625228,-0.9588026,-1.1375998,-0.4271105,-0.2729605,-1.3735486,-0.089804664,-0.1930284,-2.012048,-1.5524833,-1.2891818,2.119598,0.9776441,-0.8575483,-0.7877951,-1.4018958,-0.6403491,-0.06549914,1.1211294,0.2749019,-0.8698656,-0.9481143,-0.10654495,-0.60145044,-0.430527,-0.37366694,0.9398201,-0.2507213,0.42717373,0.729445,0.9336542,0.57876587,1.0225937,-1.1713874,-0.8468834,-0.2188153,0.44454205,1.9136673,0.097357355,-0.9849926,0.4992744,-0.12040228,1.3160279,0.38519675,-0.93329954,0.49014825,-0.057974204,1.0502622,0.04734229,2.1724944,0.65161604,-0.5519809,-0.35311684,-0.04758898,0.6223229,0.5792013,-1.0861524,-0.31470513,0.42603928,-0.35617304,0.07079649,0.6636284,-0.53182495,0.067949355,0.23320597,1.4124672,0.62363774,-0.49189454,0.6933331,-1.639785,-0.047982886,0.9573764,-0.74063987,-0.24066025,0.5777789,-1.2457361,1.2484081,-0.9104141,1.2640263,-1.0654361,1.0845331,-0.07452527,0.5539908,-0.46022785,0.20952359,-0.37275493,-2.3122728,-0.16069354,-0.0185574,0.24443287,-0.18159902,0.26100835,-0.19548586,0.566228,0.5008434,-1.6428258,-0.32688308,1.4825099,0.6673832,-0.12758332,1.1720126,-0.30139595,1.1647242,0.41037214,0.092830166,0.32924512,0.07918404,0.7586951,-0.948337,1.3486594,0.92238104,0.5763259,2.8847508,0.550757,-1.4100869,-1.2665344,1.1506323,-2.2710214,-0.8089884,0.67092407,-1.5952404,1.0697298,-1.1434386,-0.98144317,1.5871329,0.2672025,-0.16897023,-1.3283571,-1.0757842,1.0515368,0.994631,-0.45560968,0.24592037,-0.64417183,0.3869781,-0.6936541,-0.36836365,1.3510259,0.99501485,0.5322408,0.89069617,-0.4657546,0.40835813,0.13213727,0.033986345,0.37614658,0.72262543,-1.1489471,0.47880098,1.0752985,0.015720274,-0.39623132,0.46278396,-0.5476317,0.40639704,0.25955552,0.64259636,0.47768933,-0.39773175,0.30803764,-0.014227927,0.5752635,0.5610512,1.8350098,-0.08605714,-1.8979275,-0.7593479,-0.14826244,1.4489996,0.5212239,0.55836195,0.6739551,1.4230587,-0.5405773,-0.064851575,-0.2889004,-0.699998,-0.81415176,0.73986983,0.24211788,0.3240481,0.26760375,-1.0281305,-1.0149473,0.28229004,-0.14973208,-0.6133101,-1.0483428,-0.5245733,-0.9516368,0.84325534,0.55690515,0.2905063,-0.7545299,-1.0691835,-0.30046788,0.83640736,0.7296911,-1.6703439,-0.17455685,-0.19181028,-0.88153446,0.04263112,0.040361255,-0.2219569,0.52118295,0.6660703,-1.5457991,0.640124,0.15562314,0.9828938,1.4035144,0.027226001,1.1357515,-1.0153605,0.15760702,-0.32018837,0.6038799,0.6564434,-2.0264184,0.75210047,-0.4924812,-0.61308324,1.6599114,-1.1190917,-0.03614881,-1.3484833,-0.44246218,-0.84724975,-1.2208099,1.9807949,-1.5404365,1.4946945,-1.4967037,-0.40986183,-0.75455874,-0.733656,-1.4283496,-0.006629586,0.018839568,0.17602077,1.2183897,0.079684675,0.020132244,0.1901539,0.0325548,1.4887557,-0.1660266,0.38464594,-1.0825094,-1.454206,-0.028691974,0.9515755,-1.9627391,-1.256338,-1.2141299,0.03097386,0.1172573,-0.6530827,-0.6615037,0.8722401,0.0419532,0.3161528,-0.95349795,-0.80970883,0.14947562,-0.9096569,1.7260652,-0.6630534,1.7585112,-0.9610613,-0.8648588,-0.08062346,-1.3189722,-0.10715118,-0.8129841,2.0107436,0.46554002,0.56391686,-0.24365169,1.0898657,-0.07090637,-0.9922479,1.07604,0.57431877,1.6424571,-0.36426765,0.16448829,1.4992514,-0.32733828,0.7674715,-0.3716717,-0.13240917,1.7005196,-0.5479565,-0.9283739,-0.17140344,0.34956393,-0.28472483,0.10081133,0.6259819,0.13750014,-0.054574832,0.6154334,0.98761696,-0.4026306,-1.347916,-0.69355536,0.9605127,1.1330757,1.7684741,1.1313646,-0.46167576,-0.11432171,-2.3336906,-0.025778696,0.8129104,1.0921427,0.40333813,-1.5626901,0.597628,0.6567791,0.30145314,-1.6085355,-1.1813533,1.8570242,0.56887597,-0.08787374,1.9276104,-1.098638,-1.5437967,-0.70409274,0.72831124,0.09455137,-0.99523944,-1.1587068,0.09481343,0.22637254,0.8970643,0.9563103,1.2025932,-0.057618663,-0.37519294,0.21880586,0.30937582,-1.241034,0.080492646,0.056213394,0.56195456,-1.2296929,-0.3471691,0.4173092,-1.8864794,1.1927302,-0.523479,0.20089892,-0.53599936,0.0079793185,-0.6668649,-0.0747457,-0.1564419,-1.3774773,-0.42054284,1.141849,-1.4237264,-0.99061584,0.96068585,1.4191829,-0.98459065,0.30383444,0.47882104,-0.2559392,0.81624657,-0.29780695,-1.0433366,-0.39731902,-0.24358286,0.2239044,-0.8399468,-1.9623773,-0.49495006,0.74156094,-1.3136718,-1.306389,0.51607525,0.8148266,-1.0967581,-0.7263399,-0.39377046,-0.14479195,0.72408473,0.7424735,-0.090773284,-0.18908337,-1.1451782,-0.020410163,0.3314478,-0.20510909,-0.5342903,0.45417187,0.32552433,-0.4479937,0.12222442,1.4826043,0.12053814,1.5967712,0.97568274,0.33513695,-0.18437475,0.71556944,-0.47812873,-0.13232201,0.52725846,-0.8977461,-1.2656602,1.7364031,0.12927909,-1.0342709,0.037358534,0.16316438,-0.17491922,-0.15966298,-0.13153687,0.2811271,1.6032484,1.0461234,1.70749,0.20691317,0.15436408,0.047440626,0.49138573,-1.2306745,-0.78849113,-0.3120312,0.48819554,2.7827296,-0.6438108,0.677382,0.91096896,-0.9376838,-1.1657767,0.3501721,0.07001806,-0.24963227,-0.78612566,0.4389181,-1.1745001,0.051975057,-2.2223115,-0.34625286,0.9113669,1.2295021,-0.65541404,0.39850375,0.6509155,0.066468745,-1.1338224,0.14241946,0.877594,2.0103397,0.09939656,-0.68726486,0.80033743,-0.40612957,-1.99002,0.08290228,-1.3657396,-0.5717915,-0.092383355,-0.8337823,-0.065773636,-0.051575445,-0.720562,1.369241,0.11394526,0.09085097,0.48189014,-1.5979933,0.9430076,-0.21466386,-0.4541157,1.9745255,0.650378,-1.4973447,1.159002,-1.2742481,1.6985824,-0.27383572,0.47367594,1.3281925,0.012379147,-1.1562665,0.61570936,-0.26323882,-0.35733637,-0.67216814,0.31690365,-0.63999504,0.37077433,-1.9030988,1.3349595,-1.5826395,-0.874841,0.22523087,0.8979365,-0.32864857,-0.0726029,-0.3581288,0.84226304,0.24101847,-1.078811,0.5505271,1.8602417,0.075373806,-0.95864826,0.6480517,0.4096411,-0.47973678,0.06444103,2.1534538,0.29914576,0.60906124,-1.3076367,-1.0890598,0.33257553,-0.25418645,-1.1226072,-0.74390244,0.10647254,-0.07966465,0.5922762,-0.35821715,0.49498576,-1.1119748,0.30974132,0.4148772,-0.5560849,-0.8954625,-0.14126575,-0.45507205,-0.5260678,-1.123409,0.72547805,0.75922346,-1.0560914,0.373746,1.0169454,1.3423253,1.086165,-0.32163465,-0.94399464,0.5886997,0.50962174,0.95259446,-1.939462,-1.9906665,0.501515,1.3492732,-0.64091444,0.33210504,0.29837984,0.280269,-1.4581685,1.2814631,-0.16512656,-0.18467839,1.452701,0.22709905,-0.028392104,0.7726991,0.11619413,-0.36911848,0.25759244,-0.8337208,0.16888213,0.5044937,-1.0719911,0.2120916,-0.1744412,0.04882092,-0.55828404,0.43792328,-1.6383412,0.6050594,0.61789215,0.46830305,0.6995087,0.33043903,-1.2972276,-0.44278097,-0.3613036,1.3014148,1.1517574,-0.4098531,-0.4751797,-0.18271625,1.6906127,0.29951715,-0.22354455,-0.05625058,0.69767654,-0.84281135,-0.53544575,-0.9184656,-0.39485028,0.199283,0.3350498,-1.0796133,0.8836735,-1.9988391,0.68064654,-0.04268895,-1.7609499,0.20441672,0.37763447,-0.28885597,2.5017824,1.3633397,-0.5044408,0.07221344,0.5735702,0.56399345,-0.39723724,-0.46566865,-0.8822912,0.6040637,1.3909034,0.3941802,-1.3899095,0.3441166,0.26927364,-0.18498771,1.4747121,-0.37648657,-0.53711754,-0.8903662,-0.047205634,-0.5851711,-0.55450463,-0.3837033,0.30650565,-1.7651415,0.639403,-0.8061346,-0.5731602,0.455234,-0.82630426,0.080163345,-0.4048154,1.1673825,0.6505283,0.55247754,0.8265181,-0.6327253,0.13647962,-1.0771983,-0.5589167,0.37580925,-0.4283411,0.8689085,0.3316657,0.85396564,1.6109624,0.2037478,-1.5388649,0.57782435,-0.36815676,1.3088744,-0.24402475,-1.125791,-0.23305671,0.10607746,0.6706356,0.5817098,-1.0599297,-0.25638378,-0.09900333,0.23371449,0.27648517,0.24757442,0.18429688,0.17965585,2.113803,1.0623633,0.29913133,0.0
リョ,0.3682193160057068,0.3292665481567383,0.8644543886184692,-0.4547060430049896,0.0289802309125661,0.3632304668426513,0.869796633720398,0.235081598162651,-0.3117604553699493,-0.5920979976654053,1.1514443159103394,-0.0722688883543014,-0.0054019382223486,-0.0097243729978799,0.6453694105148315,-0.1652835011482238,-0.2556949257850647,-0.2885798811912536,-0.2117737829685211,-0.1791065633296966,-1.0044585466384888,-0.4025528132915497,0.1543132066726684,0.1137575730681419,-0.0190022811293602,-0.4326919019222259,-0.595784604549408,-0.2279069721698761,0.4537290036678314,-0.3578506410121918,-0.3143651187419891,0.278877317905426,-0.3495567739009857,-0.1274731606245041,-1.0955162048339844,0.7827889323234558,-0.235791876912117,-0.728550374507904,0.4461806416511535,-0.0100956186652183,-0.1823140978813171,0.2501301169395447,-0.0096647264435887,-0.2115074098110199,0.3380984663963318,0.5786697864532471,-0.1832513064146042,0.2999294698238373,0.3339156806468963,-0.044017132371664,-0.2451929748058319,0.1507951468229293,0.6920015215873718,0.4854202568531036,0.263384073972702,0.1197682619094848,1.2305305004119873,-0.7075121402740479,-0.0408193655312061,-0.0709565728902816,-0.4697852432727813,-0.4440093040466308,0.2375277429819107,0.0073456866666674,0.1214565187692642,-0.0016788598150014,0.0406984575092792,0.3222615718841553,0.6469513177871704,0.0316624455153942,0.4071902930736542,-0.4043523967266083,0.2637761533260345,-0.9604631066322328,-0.0093676969408988,-0.9376052021980286,0.2246944159269333,0.6760113835334778,0.5294893383979797,0.4319976568222046,-0.0552712194621562,0.179190993309021,0.1549673527479171,-0.2475692331790924,-0.2587957978248596,0.6550536751747131,-0.5333580374717712,-0.3309781551361084,0.9828264117240906,-0.557182788848877,0.2067976146936416,0.0483346134424209,0.1462049186229705,-0.1366659551858902,0.199419766664505,0.0068687596358358,0.0773852616548538,0.370796263217926,0.0094540258869528,0.4053308665752411,-0.4463542997837066,0.1063226088881492,0.6709896326065063,-0.370741069316864,-0.5390024781227112,0.1726492196321487,-0.2681701779365539,0.3677534162998199,0.4423648715019226,0.0530902966856956,-0.4938973188400268,-0.4934566020965576,-0.3117074966430664,-0.4950631558895111,0.473499447107315,-0.0275905895978212,-0.3456614017486572,0.8225507736206055,-0.289503812789917,0.512947142124176,0.1979896426200866,0.7426512837409973,0.0625472366809845,-0.3941037952899933,0.1630655825138092,0.4951962232589721,0.045414313673973,-0.125285193324089,-0.1034788489341735,0.2853951752185821,-0.4309273958206177,-0.5008015036582947,0.0532273389399051,-0.0503981672227382,-0.5156291723251343,0.8617355823516846,0.057606890797615,0.4234765470027923,0.1299458295106887,0.0894941017031669,-0.6504043340682983,0.0503586716949939,-0.0511188432574272,-0.8979623913764954,0.1821893006563186,0.5126801133155823,-0.8181862235069275,-0.3275724351406097,-0.0861323997378349,0.1576475203037262,-0.1457587629556656,0.7918778657913208,-1.054903864860535,0.150526762008667,-0.130735158920288,0.3815771043300628,-0.6351568102836609,0.4226811826229095,0.7910699248313904,0.6215804219245911,0.2227749228477478,0.1372874677181244,0.0305541716516017,0.1076393350958824,0.3134526908397674,-0.0433519519865512,0.081024944782257,-0.3133243024349212,0.1828249394893646,0.1904176026582718,0.3245570659637451,0.2980927228927612,0.3630894422531128,0.1911048740148544,0.226697489619255,0.2509301602840423,1.6339253187179563,0.0781629085540771,0.1483961343765258,-0.3908206224441528,0.2227059453725814,0.1527333110570907,0.5575588345527649,-0.488377571105957,0.5501053929328918,-0.0783371552824974,-0.229338526725769,-0.1848827451467514,-0.6618098020553589,0.4428549706935882,-0.1617363840341568,-0.4380474984645843,0.5156275033950806,-0.5697144865989685,0.0146600138396024,-0.2799692153930664,0.285574346780777,0.2098794430494308,-0.1781847476959228,0.4474411606788635,-0.1853850185871124,0.1691539585590362,0.115417756140232,-0.5559435486793518,-1.1040118932724,-0.3993240594863891,-0.3618296980857849,0.33306884765625,-0.5896134376525879,0.4108616709709167,-0.231512576341629,0.145191416144371,0.3611497282981872,-0.1142827942967414,0.6726722717285156,-0.3153713941574096,-0.4864955544471741,-0.638911247253418,-0.185648113489151,0.1726510226726532,0.2001900821924209,-0.006426231469959,-0.2273625135421753,-0.0486580282449722,0.5556612610816956,0.3593012392520904,0.215244859457016,-0.2808024287223816,-0.3526521325111389,0.7032154202461243,-0.5418618321418762,-0.7268780469894409,-0.8799625039100647,-0.0005027996376156,-0.5185950994491577,-0.6841771602630615,-0.3006274402141571,0.2281947433948516,-0.6631286144256592,0.22833813726902,-0.3531308770179748,-0.2031898647546768,0.3901914358139038,-0.6078001260757446,-0.3014066219329834,0.0275513157248497,-0.2370168417692184,-0.2275270670652389,-0.551916778087616,0.1317590475082397,-0.1210790202021598,-0.4093701243400574,0.0014025958953425,-0.0984887480735778,0.3553655445575714,0.6152073740959167,1.1745758056640625,-0.6642908453941345,0.1115088313817977,-0.5607948899269104,-0.3427416980266571,-0.3785105347633362,0.2948976755142212,0.1826577186584472,0.0262390542775392,-0.697417676448822,0.121367260813713,0.032925896346569,-0.6150816082954407,-0.3815659582614898,0.6807169914245605,-0.8059123754501343,-0.2849254608154297,-0.290047138929367,0.2735840678215027,-0.3136284351348877,-0.3525402247905731,0.4053089618682861,-0.1564235240221023,0.1103876158595085,-0.2470582872629165,0.391310453414917,-0.1642614603042602,-0.1895443797111511,-0.2719891369342804,0.5025808215141296,-0.7451705932617188,-0.2235125452280044,-0.1620199084281921,0.2109284549951553,0.5361423492431641,-0.142189547419548,-0.5777863264083862,-0.2283027917146682,-0.8268322348594666,0.1742933392524719,0.7804688215255737,-0.4848483502864837,0.592789888381958,0.085784338414669,0.4150537550449371,0.8120357990264893,0.8355640172958374,-0.0653130337595939,0.5055839419364929,-0.2164205908775329,-0.2455022037029266,0.3508389294147491,0.2031495571136474,-0.2824801504611969,0.4090938568115234,0.4890072047710418,-0.8307744860649109,0.1022162064909935,0.6946054100990295,0.3654387295246124,-1.549358606338501,0.1985819935798645,0.5821848511695862,0.2049321681261062,0.092645026743412,0.1168838515877723,0.3129783868789673,0.3667098581790924,-0.5390347242355347,-0.5531879663467407,0.7821671366691589,-0.0838534012436866,0.081349991261959,-0.0437413863837718,0.1856448203325271,-0.3319033086299896,-0.3644907772541046,-0.2707518637180328,0.3054513037204742,0.4059593975543976,-0.3626030683517456,-0.3580777049064636,0.2717812359333038,-0.4994434416294098,-0.4391800165176391,0.369369626045227,-0.4843523502349853,-0.4176582992076874,-0.6708980202674866,0.0097815794870257,0.22983118891716,1.0606752634048462,0.5247883200645447,0.0314554907381534,-0.9079899787902832,-0.5451648831367493,-0.2283469587564468,-0.3372842371463775,-0.1234773322939872,-0.4502787888050079,-0.380281925201416,0.0063984189182519,-0.1880376785993576,0.0181175973266363,0.3952329158782959,-0.4778372943401336,-0.7110987901687622,-0.0496427156031131,-0.5895137786865234,0.4648531973361969,0.5260128974914551,-0.2883224785327911,0.0616050660610199,0.3771659433841705,0.3026874959468841,0.309161365032196,0.2528733909130096,-0.3122678697109222,-0.113880805671215,-0.3729479610919952,0.0196843054145574,-0.4080919623374939,-0.46871417760849,1.0539830923080444,0.0784170925617218,0.2631512582302093,0.0200835224241018,-0.6328478455543518,0.3393954932689667,-0.0676289573311805,-0.2777401804924011,0.4552822709083557,-0.1097223907709121,0.2478336691856384,0.6789475679397583,0.3992164731025696,0.4637596607208252,-0.4840017557144165,-1.1185367107391355,-0.0748361870646476,-0.0939575880765914,0.0703494176268577,-0.0898114815354347,0.3315262794494629,-0.0285021234303712,-0.3170654475688934,0.0618542321026325,-0.5414413809776306,-0.3952092230319977,0.3381754755973816,-0.0740914717316627,0.549935519695282,0.1371282637119293,0.3581242263317108,-0.482826292514801,0.2266361564397812,-0.0204048492014408,0.645507276058197,-0.6585192680358887,-0.4835818409919739,-0.4453463554382324,0.4137893915176391,-0.0301733538508415,0.7787360548973083,0.3449123203754425,0.5710875391960144,0.1130387112498283,-0.2812731862068176,0.3987780809402466,0.0277447625994682,0.0907284319400787,-0.3738654255867004,0.9761075377464294,-0.5436421632766724,-0.4882151186466217,0.2453666180372238,0.0227328930050134,0.7456627488136292,-0.4854733943939209,-0.7330635786056519,0.4323510229587555,-0.1401971280574798,0.3054534494876861,0.533010721206665,0.5557472705841064,0.3226466178894043,0.3942412137985229,0.238053560256958,-0.4444259107112884,-0.3636993169784546,-0.5689812898635864,-0.1847700029611587,0.3270027637481689,0.0753708705306053,0.5656668543815613,0.6195699572563171,0.0177174471318721,0.2442236393690109,0.3773729503154754,-0.1812088042497635,-0.4698228538036346,0.0374087914824485,0.2443120330572128,0.4807868599891662,-0.4495330154895782,1.130861520767212,-0.2234135121107101,-0.037492498755455,0.2146240621805191,0.0312572866678237,0.3550993204116821,0.3531871140003204,0.277735024690628,-0.5726791620254517,-0.7589923143386841,-0.3778775930404663,-0.8490293622016907,-0.3382501006126404,-0.2367900013923645,-0.1404921412467956,0.1279502063989639,0.0209464281797409,-0.2051678150892257,0.2842999994754791,0.6408964991569519,0.0303231831640005,-0.077572762966156,-0.2124412953853607,-0.2869102656841278,0.5669058561325073,-0.2398605644702911,-0.1839842200279235,0.5162825584411621,0.0789210498332977,0.1767730414867401,-0.1293396204710006,-0.1601191908121109,-0.2186508774757385,0.1670279800891876,-0.0734656229615211,-0.049102034419775,0.2687699198722839,-0.5245630741119385,0.2057343870401382,-0.174494206905365,-0.5945414900779724,-0.4498580694198608,-0.2303968966007232,-0.3603071868419647,-0.1899917721748352,-0.3539232015609741,0.9872255325317384,0.6862660646438599,-0.3416346609592438,0.1742839217185974,0.2143734246492386,0.1684119403362274,-0.4514539241790771,0.318460613489151,-0.37459796667099,-0.6466274261474609,-0.5225718021392822,0.3666108846664428,0.1998269259929657,0.0577675439417362,0.2173094302415847,-0.7278071045875549,-0.5534350275993347,0.0882584601640701,-0.3012849390506744,0.172931432723999,-0.014384719543159,0.8632665872573853,-0.5424577593803406,-0.0386748760938644,-0.070438228547573,0.333806574344635,-0.4120877981185913,0.5214506387710571,-0.0424723885953426,-1.0244686603546145,-0.411830335855484,-0.1911727488040924,-0.7792606949806213,0.9564675688743592,0.0642207562923431,-0.6186459064483643,0.3446294665336609,0.5677841305732727,0.4530818164348602,-0.2414780408143997,0.4750202298164367,-0.6981932520866394,0.116135150194168,0.1350361257791519,-0.188835009932518,0.2576098442077636,-0.2866228222846985,-0.2370724380016327,-0.067913644015789,0.7763709425926208,0.3949945271015167,0.6288672089576721,0.2947041690349579,0.060816902667284,-0.3509702086448669,-0.1385436952114105,-0.0699353516101837,-0.2112154960632324,0.7583011984825134,-1.1373977661132812,0.3678314685821533,0.4309217035770416,-0.2085576355457306,0.0194591302424669,0.6705248355865479,0.2944424450397491,0.5495242476463318,0.5241615176200867,-0.2365225255489349,-0.2456518709659576,-0.0610070005059242,0.5654253363609314,0.0958539023995399,0.0608971081674099,-0.097154289484024,-0.3051642477512359,-0.5221779346466064,0.3247886598110199,-0.0455973222851753,-0.2669575810432434,0.2092873603105545,-0.1444539427757263,-0.0774085223674774,1.1206773519515991,0.4654363393783569,-0.1252287477254867,0.3156293034553528,0.2166900038719177,1.016677737236023,1.0867215394973757,-0.1433700323104858,0.6675401329994202,0.0255192723125219,-0.4370066821575165,0.079482689499855,0.4777455925941467,-0.4446445405483246,0.4505096673965454,-0.6055397391319275,-0.7004503607749939,1.0028313398361206,0.3786376118659973,0.0933121219277381,-1.1814000606536863,-0.6863963007926941,0.229263961315155,-0.461121141910553,-0.0331521593034267,0.337056428194046,0.2291105985641479,0.5264355540275574,0.5781905651092529,-0.6175558567047119,0.0225058980286121,0.4717849195003509,0.3194578289985657,-0.4234924614429474,-0.0425483956933021,0.1205913722515106,-0.0871253237128257,0.1375775188207626,0.1246028244495391,-0.2418360561132431,-0.4715994596481323,0.7432640790939331,-0.5609623789787292,-0.0475702099502086,-0.1218430548906326,0.4205171167850494,0.0667844414710998,0.1001758500933647,0.1773942708969116,-0.664689838886261,0.0027960196603089,-0.0187406633049249,-0.5531678199768066,-0.0936073660850524,-0.1540332585573196,0.0901680588722229,-0.1998867243528366,-0.1321097612380981,-0.9458906650543212,-0.6036369800567627,0.0355692096054554,0.217228502035141,-0.8181173801422119,-0.4747017621994018,0.8842535614967346,-0.0938958972692489,-0.3331314325332641,-0.909400463104248,0.6811919212341309,0.37940713763237,0.1114593222737312,-0.0763632729649543,0.1667303591966629,0.1458184123039245,-0.1207043901085853,-0.1912150681018829,-0.3835154175758362,0.0488593652844429,-9.768409729003906,0.1066575720906257,0.0113253351300954,-0.3406780362129211,-0.1826318204402923,-0.5023660063743591,0.8059524297714233,1.5109946727752686,-0.698584794998169,0.6072489619255066,-0.6158217787742615,-0.3556929528713226,0.0824722051620483,0.1094074621796608,0.5356969237327576,-0.237716943025589,-0.5516232252120972,0.302073985338211,0.1179425790905952,0.3154647648334503,-0.2740806937217712,-0.3042052388191223,0.9021140933036804,0.2751072347164154,0.0347791612148284,-0.303371787071228,-0.0722283944487571,0.1018222570419311,-0.1859838515520095,0.2038394212722778,-1.152370572090149,0.2062796503305435,0.1848394721746444,-0.1361194103956222,0.0272098314017057,0.1375243663787841,0.1432068943977356,0.1448884606361389,-0.516914963722229,0.6604012846946716,-0.1791769564151764,0.286393940448761,0.4852191805839538,0.0274903923273086,0.4044206440448761,-0.4337556660175323,-0.1072475910186767,-0.56976318359375,0.7653325200080872,-0.5265690088272095,-0.144997701048851,-0.1829202622175216,0.4210478663444519,-0.464175283908844,0.8025811314582825,-0.1548163294792175,0.2941088080406189,-1.054028868675232,0.1169496774673461,0.3124195039272308,0.2513885200023651,0.6373324990272522,0.4978057444095611,0.3345199227333069,-0.2271986603736877,0.667036235332489,0.1212864145636558,-0.0933515131473541,-0.7824097275733948,-0.0039621545001864,-0.0715151727199554,0.1839700639247894,0.1795272380113601,0.080128401517868,-0.3668190538883209,0.3023093938827514,0.698903501033783,0.2376018613576889,0.4922088980674743,-0.0124019160866737,0.1351324319839477,-0.5054022073745728,0.6741665601730347,0.3400146067142486,-0.6674734354019165,0.2149252742528915,0.0816484317183494,-0.685377836227417,-0.3286010026931762,-0.564011812210083,0.7038549184799194,-0.3358983099460602,-0.3506832122802734,0.3198389410972595,0.3778053820133209,0.3762234151363373,-0.5199975371360779,-0.3346655368804931,0.2082643210887909,-0.8800431489944458,-0.93379116,-0.55360734,1.0048623,1.4482293,-0.9540131,-0.7116277,-1.398087,0.42817682,0.841861,-0.45646235,0.39921063,-0.18931185,-1.4026933,2.038738,-0.8609773,0.161617,0.96726704,-0.56779975,0.29327762,-0.16714066,0.6967724,0.20989521,0.98727167,-0.6868174,0.76950616,0.7166059,0.6235373,-0.523983,-0.618813,-0.6157694,-0.16530648,-0.5236819,-0.95600104,-0.70919687,0.2312983,-1.188257,-1.51796,0.95759815,0.01921168,-0.07671891,-0.47581354,0.9952227,-0.21824287,-0.15028742,-0.75503635,0.14607671,1.656862,-0.5463485,0.64113724,-0.41831595,-0.6547843,-0.1464293,0.55455446,1.2529682,0.7594235,-0.21052763,1.0568843,0.63283265,0.24591303,-0.5474628,0.6966638,1.0669458,-0.93838656,-0.045178995,0.24258414,1.3121748,0.029862056,-0.3847877,-0.3917111,-0.31228298,-2.6220593,-0.44354165,0.18952343,1.389682,-1.1433399,0.6572037,-0.14461127,-0.9378391,0.1606532,0.1530739,0.2753082,-0.005346924,-0.5533432,1.4448617,-0.41911542,-0.90010893,-0.56860787,-0.18771523,-1.5375676,-0.1652027,-0.04868478,-1.3911747,-1.5641339,-1.3944952,1.2078356,-0.01862523,-0.81021184,-0.5555531,-1.4893289,0.08968959,0.16053917,1.3363769,0.17245826,-0.20834586,-1.0111997,0.07453214,-0.6383965,-0.5450387,-0.48556972,0.54598945,-0.19164985,0.42448446,0.37868738,1.8422546,0.69166106,0.7928767,-0.9274505,-0.5169574,-0.14252116,-0.008494087,1.143867,0.0057598203,-0.95142466,0.42948312,0.17826661,1.0822638,0.34963736,-0.6667197,0.9390603,0.27536678,0.5983099,-0.3244576,1.6774334,1.2626356,-1.071184,-0.48825088,-0.52952284,0.25371957,0.953502,-0.5416778,-0.9412872,0.19363667,-0.23567809,-0.26480016,-0.011085948,-1.5447452,0.12399202,0.9063924,1.0737262,0.044587117,-0.44635525,-0.18260813,-1.0178472,0.37387824,0.80947864,-0.036488082,0.112757996,0.33218458,-1.2977186,1.3168628,0.15690818,1.1727523,-0.9040935,0.576656,0.36430413,0.61313677,-0.76170933,0.66942126,-0.743907,-2.3511553,-0.5571886,0.35895717,0.34354234,-0.0056578256,0.5818514,0.14729844,0.8350047,0.24519081,-0.88997364,0.13352886,0.70905507,0.93948215,-0.05883698,1.3171953,-0.5198732,0.5439125,0.6139651,0.087073505,0.1407933,0.3970061,0.85741895,-0.2695016,0.939426,0.7294752,1.1040282,2.6109388,0.9948286,-1.1955695,-1.1892028,0.6980616,-1.8439534,-0.086386025,0.7178083,-0.64583313,1.1509523,-0.85034406,-1.1374769,1.8393111,0.53221405,-0.03996127,-1.5003031,-1.5192487,0.71693355,0.57390845,-0.4114601,-0.25745565,-0.8285475,0.16721001,-0.59755117,-0.7236487,0.7185434,-0.11698745,0.045588806,1.062272,-1.1250056,0.18766403,0.49278373,0.6471434,0.46314803,0.6888547,-0.95803094,0.5294086,0.40309843,-0.47086483,-0.99680376,0.40029323,-0.6334285,0.58800745,-0.27537543,0.39913052,0.7547825,-1.1265204,-0.122730106,-0.022774,0.33037585,0.6647097,1.6338224,0.5187495,-1.6538329,-0.12692821,0.09673491,1.0704397,0.22829723,0.41346788,0.9135068,0.63067716,0.098520994,-0.045727003,-0.12106362,-0.32717893,-0.29008633,0.5233324,0.5390976,0.65973,0.50391865,-0.5556936,-0.8456913,0.16985217,-0.1432188,-0.6806751,-0.83432776,-0.523619,-0.7091696,0.19231848,0.110464446,0.3510269,-0.9653424,-0.6905739,-0.75489527,-0.03159006,0.94658005,-1.2738115,-0.5544645,0.21826531,-0.5040976,0.525095,-0.21920514,0.020344846,0.5614168,0.4520685,-1.655356,0.91305315,0.58942556,0.649615,1.2292651,0.22289628,1.1206101,-0.28435886,0.62384367,-1.2333186,0.3608523,0.93050337,-1.665485,0.9769772,-0.63048697,-0.41897437,0.8662066,-1.2829179,-0.37350446,-0.7989444,0.1709609,0.24854653,-1.2373755,1.9007562,-1.7636191,1.5885451,-1.6643517,-0.5144525,-0.35548827,-0.28958333,-0.8653,0.7577311,0.39265406,0.46892682,0.71512604,-0.08483303,0.44227687,0.41923168,0.4488203,0.84595585,-0.44374555,1.0549425,-0.87440145,-1.6641157,0.19557118,0.56890655,-1.3451107,-1.7227132,-1.1641852,-0.2266064,0.42553326,-0.3474654,0.1517461,1.039066,-0.57411826,0.6670209,-1.3590844,-0.45827788,-0.035959385,-0.7999627,1.4633543,-0.12693611,1.9233736,-1.0536357,-0.49097735,0.6021344,-1.5346446,-0.19084653,-0.52528733,1.689308,0.4200217,0.6609665,0.6057657,0.11766073,-0.70252377,-0.6773423,0.95861983,-0.1827291,1.9273715,0.03650924,-0.5252547,1.4009596,0.3002875,0.86583143,-0.69728017,-0.50496423,1.6977994,0.02761215,-0.2991435,-0.35573673,-0.4097767,0.024360172,0.022627369,0.2838668,0.24521029,-0.18005347,0.4860884,0.63605744,-0.9350047,-1.3206123,-0.81286806,0.84719133,0.768225,1.6243361,1.0936689,-0.15415977,-0.9811571,-1.9457495,-0.0061360076,1.3474643,0.5818551,0.21876594,-1.6628728,0.35963756,0.14527346,0.3064322,-1.4615139,-1.9000834,1.7562975,0.29863063,0.3790956,1.3617706,-0.6735829,-1.4205443,-0.07504505,0.33711892,0.09185137,-0.48410338,-0.8622606,0.527321,-0.81014585,0.5413709,0.57880855,0.277499,-0.14300664,-0.1947029,1.0768228,0.34966713,-0.61273557,-0.29770094,-0.24535069,0.6731981,-1.6122727,-0.30063474,0.44429493,-1.9948798,0.565797,-0.5758403,-0.49744707,-0.18232957,-0.6166687,-0.85389745,-0.23217835,-0.19671433,-0.49595797,-0.866847,0.34503323,-1.1745872,-1.8841743,0.80881405,1.261729,-0.959726,0.21710114,0.09974848,-0.27445832,0.6015328,-0.23506835,-0.32795438,0.059650935,-0.4580555,-0.37679592,-0.7013738,-1.3606051,-0.5497024,0.31767076,-0.94161344,-1.5665383,0.86188704,0.8917277,-1.7652564,-0.73275006,0.134081,-0.32062262,0.66754264,0.6754524,0.14809978,-0.5803135,-1.0192678,0.13811614,0.10423152,0.9234246,0.039380316,-0.23186,0.42378053,-0.5132606,0.46437448,1.3822188,0.090895325,0.8420035,1.071006,0.11409082,-0.7751695,0.68755126,-0.2678696,0.25716084,1.0287334,-1.4802766,-0.77953184,1.4742699,-0.22212017,-0.80374,-0.05335206,0.77265596,0.08196113,0.084480934,0.33943197,1.0744513,0.9884796,1.2500888,1.9642898,-0.41797623,-0.41003522,-0.40373206,0.3150469,-0.83342105,-0.62530524,0.31473902,0.8562655,2.02378,-0.5674443,-0.37619862,0.5738585,-0.70209986,-1.2142932,0.22335938,0.5667518,-0.6059279,-0.6160459,0.2869521,-1.2644186,0.34818798,-2.2359712,-0.45219335,0.5635407,0.88052285,-0.83821803,0.3333608,0.6231279,0.43434978,-1.1347663,0.032568578,1.3176663,1.5490798,0.13288239,-1.211973,-0.044036984,-0.6274513,-1.1390864,-0.37119702,-0.8487058,-0.33315432,0.25837103,-0.16805342,-0.086415395,-0.90355545,-0.52577037,1.5399097,0.031733338,-0.24005954,0.08094903,-1.2611705,1.3998499,-0.6439514,-0.37884796,1.5930254,0.69684124,-1.5122647,0.40455872,-1.2496111,0.57992625,-0.8182901,0.8739374,0.7639768,0.94409597,-0.7345667,1.4396093,-0.06151099,-0.67532134,0.26456255,0.4668331,-0.37283042,0.17123628,-1.8942784,1.0253161,-1.2727791,-0.95258,0.022568107,0.3506845,-0.36318848,-0.3874942,-0.4096864,0.33706507,0.6500593,-0.7984407,0.8648921,2.0440085,-0.31608605,-0.7285153,1.1321857,0.97166514,-0.8747189,0.041831784,2.625557,0.5381873,0.86733896,-1.4112933,-0.6374051,0.16780335,-0.22924164,-1.1422814,-0.5787617,-0.0917536,-0.074676976,0.63327813,-0.42242748,0.93091524,-0.93686473,0.094922185,1.0301471,-0.8635201,-0.10899878,0.2888579,-0.38399282,-1.2980347,-0.9886364,0.5666525,0.559623,-0.62302387,-0.20625064,0.409601,1.4240235,0.92215943,-0.66501516,-0.62433004,0.616446,1.143069,1.2223934,-0.69378114,-1.3532434,0.5896453,1.6237471,-0.43153888,0.7865423,-0.27375203,-0.24737348,-1.6727111,1.0168797,0.43541285,0.22014321,1.1957563,0.3499527,0.06965957,0.26548985,-0.003460385,0.24826345,-0.1183971,-0.5256173,-0.15742749,0.22794323,-0.9339612,0.35328144,-0.6456109,-0.34796986,-0.42455038,0.6838163,-1.2050972,0.4988653,0.3528267,0.45801228,0.5049938,-0.34764478,-1.1920258,-0.41652772,-0.77957386,1.747268,0.6095012,-0.103829496,-1.4794475,-0.11974561,0.8546806,0.42472848,-0.71636915,0.58575773,0.19087307,-0.7713208,-0.16692549,-1.1562902,-0.13767976,0.49971777,0.9349334,-0.55291164,0.9699055,-1.6259875,0.84451413,-0.061021056,-1.086916,-0.0858205,0.03606303,-0.70378506,2.1504292,1.4989938,0.014303654,-0.446587,0.95057935,0.81649923,-0.65834755,-0.49573016,-1.4801879,1.0979518,1.4938256,0.60752964,-1.0662258,-0.07670621,0.37433875,-0.22045495,1.3498524,-0.54818195,-0.2954777,-0.8835809,-0.37722832,-0.85463333,-0.06536003,-0.54312694,0.15929519,-0.9218069,0.14356467,-0.48867872,-0.5588927,0.47763485,-0.7502998,-0.14701198,0.0026331767,1.1954644,0.7934058,0.42742863,0.16384304,-0.6255376,0.12400161,-0.8629987,-0.7166965,0.68943334,-0.68341446,0.2266384,0.434396,0.7637088,1.8484415,0.34056723,-0.843947,0.44207203,0.06741519,0.1186296,0.06740723,-0.6030635,-0.16440359,0.28026175,0.057231545,0.553151,-1.3531754,-0.19422889,-0.44354206,0.21070158,0.15870255,0.31077304,0.35997766,0.3452104,1.201554,0.6865162,-0.25324944,-1.5428938,-0.8360941,0.41001916,1.188853,-1.2788521,-0.12836969,-1.565271,1.0471295,0.72766674,-0.5025495,0.8854334,0.06528779,-1.6978161,2.0482783,-0.87147,0.28367686,1.0665181,-0.77453727,0.47207093,-0.15741077,0.67564917,0.50276357,0.8521348,-0.7187737,1.0283012,0.6034775,0.26078907,-0.17735103,-0.7619377,-0.19235227,-0.17961574,-0.5324659,-0.99985135,0.03715081,-0.23977736,-1.3942643,-1.570933,0.970969,-0.24362549,-1.0841672,-0.72875226,0.5617486,-0.35721624,0.4035328,-0.8682909,0.07747935,1.6640924,-0.092434324,0.9458505,-0.7251318,-0.46116415,-0.4361902,-0.1460059,1.1369817,0.7575264,-0.3526694,1.2926807,1.2732223,0.15506022,-0.10266335,0.23008227,1.0620174,-1.3697996,0.058603108,0.94622934,1.7035364,-0.083846584,-0.42831168,-0.30434197,-0.011795233,-2.2733521,-0.54700404,0.043917917,1.351774,-0.654591,1.0904572,0.3415472,-0.51107454,0.09819628,0.14482707,0.41145244,0.22961307,-0.8131792,1.3960207,-0.42450088,-0.87580097,-0.3910117,-0.18638983,-1.3579386,0.17193718,0.1425378,-1.6019977,-1.5061973,-1.2785485,0.62428653,-0.3348643,-0.60501444,-0.63300216,-1.8902553,-0.11773664,-0.20429449,0.58625567,-0.3457082,-0.26148656,-0.7824911,0.014413762,-1.0940063,-0.19669178,-0.766014,1.3067884,-0.37430868,0.63437974,0.61654204,1.7723417,0.7778071,1.3989718,-1.3737581,-0.7002968,-0.1740408,-0.10857773,1.3146087,-0.068357274,-0.8729571,-0.07159744,-0.049954522,1.1358142,-0.022364814,-0.28888154,0.43720108,-0.33269864,0.81335557,-0.5629698,1.4262276,0.50339365,-0.69770473,-0.5202788,-0.72697675,0.52825713,0.49999785,-1.2091742,-0.37281194,-0.3787485,-0.117998555,-0.06421264,-0.07265217,-1.5048224,0.6966998,0.3820211,0.89093906,-0.018916745,0.21029022,-0.38765392,-1.2607118,0.47910982,0.92524445,-0.20547184,0.043800734,0.32431912,-1.0998999,1.8436207,0.054814737,1.4002913,-0.9871453,0.23569182,0.07444265,0.81219923,-0.8758066,0.8413377,-0.85355836,-1.9838831,-0.23474269,0.019392246,-0.005386257,-0.081280015,0.9327146,-0.37560636,0.8796422,0.61925405,-1.1140224,-0.019708354,0.80716133,1.1279156,-0.036595028,1.2105188,-0.1679724,0.8387472,0.63442767,0.7677463,0.33774784,0.19455715,0.75723565,-0.6736562,0.6856891,1.1232382,1.1212157,2.412767,0.17462759,-1.842454,-1.4486418,0.37325877,-1.9443432,-0.5099305,0.43422636,-0.57122964,1.4671941,-0.7756702,-0.82629347,1.6707557,0.24685133,-0.05262397,-1.3997009,-1.1081996,0.4613363,0.7946109,-0.79221296,-0.27910915,-0.5649662,0.30998185,-0.66257983,-0.5482801,0.55215067,0.6812482,0.35737067,1.2809997,-0.86647385,0.5674323,0.28207535,0.9733928,0.15837184,0.18994841,-1.123122,0.4781167,1.1056693,-0.26150233,-0.73324174,0.007325256,-0.2815476,1.2142322,-0.4953572,-0.14784771,0.23806176,-0.5159515,-0.0048980294,0.21554461,0.2135427,1.0950407,1.7043594,0.5025097,-1.5509667,-0.59514946,0.3840688,0.29279417,0.9134203,0.77316105,1.0183828,0.47906804,-0.48406467,0.096363105,-0.43178982,-0.14839037,0.27476603,0.6175252,-0.59853756,0.62651235,0.46088442,-0.8339116,-1.1203859,0.48928532,-0.283534,-0.9753445,-1.049532,-1.0107731,-0.74032915,0.34739193,-0.1296201,-0.23101667,-1.0854918,-0.7883053,-1.012538,-0.7274512,0.3044938,-0.8859293,-0.76633275,0.27385792,-0.9265159,0.59136903,-1.0519254,0.34869224,0.6450422,0.4029128,-1.5867866,1.0393586,0.058435798,0.96358424,1.0782318,-0.24872093,1.2219336,-0.011122316,0.78106064,-1.1938999,0.1177217,0.7645419,-1.620734,0.656429,0.009834046,-0.5128744,0.89925945,-1.8066282,-0.3723654,-0.18195039,0.14979343,0.045832045,-1.2223732,1.6670895,-1.7655891,1.0879005,-1.5522226,-0.48703247,-0.1924441,-0.45648822,-1.4000933,1.1892524,0.17226277,0.62360156,1.1139984,-0.43237573,-0.32777104,0.61108965,0.16196387,0.32809374,-0.14745818,0.66265917,-1.1445735,-1.2186711,0.61130536,0.6836874,-1.3493236,-0.8190252,-1.4773111,-0.0019687475,0.8348923,-0.60018647,-0.18912622,1.1401101,-0.06865026,0.52305984,-0.96968186,-0.32808322,0.32992488,-0.709502,1.5069857,-0.29075944,1.7709382,-0.76052314,-0.4035197,0.6271175,-1.6642243,-0.74155223,-0.024100354,1.9119232,0.36692756,0.11420385,0.6514753,1.0594665,-1.1232702,-0.10531666,0.8568123,-0.07953669,1.6065248,0.8924316,-0.04265938,1.8186525,-0.16246824,0.44923514,-0.3350894,-0.50381696,2.0000594,-0.17633028,-0.7836322,-0.59180343,-0.43068156,-0.33580425,-0.16933337,0.20630996,0.26571858,-0.3227454,0.72185415,0.787933,-1.0661324,-0.8776485,-0.70169145,0.77972436,1.1721942,1.288658,1.4813474,-0.047896393,-0.6492687,-2.6227431,-0.27412325,1.0815585,0.4550262,0.22954008,-1.178384,-0.26587266,0.82055473,-0.35837698,-0.71588117,-1.3425511,1.910441,0.76518023,-0.014143613,1.4950647,-0.4868842,-0.8763784,-0.47238404,0.81555176,0.23104367,-0.8748118,-0.29126158,0.40891567,-0.6253953,1.1793001,0.7325252,0.30725342,-0.21135768,0.4576189,0.54842395,0.102384135,-0.7352537,-0.6842558,0.3306184,0.55815613,-1.4260905,-0.8351779,0.09120537,-1.7636449,0.7154891,-0.13389178,-0.0828305,0.22705956,-0.4232955,-0.06141441,-0.5981225,-0.5331594,-0.89344436,-0.787144,0.32729405,-0.8505777,-1.4243463,1.4316279,1.7637947,-1.5463622,0.4876786,0.38759285,-0.19432966,0.49538708,0.28186893,-0.30374986,0.37415406,-0.40153655,-0.123237774,-0.47256798,-1.2674929,-0.418055,-0.050633818,-0.81022614,-1.2381735,0.9681039,1.4197971,-1.7677014,-0.43917376,-0.10681243,-0.5186051,0.8993384,0.8002555,0.27922037,0.22552128,-0.20892222,-0.46448213,0.065188006,1.1690055,-0.5490204,-0.2770849,1.0610927,-0.3677505,0.26279905,1.772124,0.114939466,0.661484,1.1430134,0.8749962,-0.6143993,0.11826609,0.06610502,-0.47101992,-0.13166647,-1.6277624,-1.4875791,1.6829693,-0.29052147,-1.4131877,-0.23666641,0.10161644,-0.75520563,0.14658074,-0.2835378,0.9520443,1.3856375,1.028091,1.9368217,-0.12623039,-0.70712864,-0.59018534,0.50501806,-1.0178487,-0.5879804,0.5040933,1.0053728,2.3771272,-0.78339386,-0.26796627,1.1631906,-1.0834048,-1.5093787,0.425098,0.029730305,-0.48397908,-0.6189847,0.7528057,-1.3101989,0.25230023,-1.921409,0.09322287,0.516619,1.0567863,-0.37843904,0.15441832,1.2861153,0.336052,-1.1797463,-0.49427104,1.2566941,1.1253,-0.40957993,-0.9844657,0.6257075,-0.96792984,-1.9431489,-0.004051745,-0.42097574,-0.48460016,0.50427055,-0.42637444,0.061008833,-1.226722,-0.4256683,1.4249643,0.3591051,-0.34021938,0.298845,-1.2100313,1.5273091,-0.38112748,-0.5504676,0.7020093,-0.040903185,-1.2606939,0.29040185,-1.379367,0.5386919,-0.95399034,0.32666928,0.87661487,1.2042562,-0.6556975,1.2108681,-0.4468836,0.4636941,-0.018501991,0.3915884,-0.15706933,0.32294282,-1.7556318,1.1771772,-1.0259744,-1.2081367,-0.4386262,0.6237644,-0.7416356,-0.41549262,-0.30453947,0.6677774,0.3971048,-1.0050877,0.26771864,1.8371986,-0.70750356,-0.32955924,0.890528,-0.00061933545,-0.54409134,0.3761353,2.308557,0.56772983,0.85849905,-1.2107968,-0.649594,0.75813425,-0.6608059,-0.8399724,-0.36623773,-0.5077871,0.59235764,0.20370993,-0.021487404,0.67335236,-0.5842583,-0.19049826,1.3717244,-0.90452975,-0.06770085,0.007288313,-0.46573472,-1.7098707,-1.1274879,1.2075956,1.4603443,-0.7701044,0.21182843,0.5232778,1.5818151,0.8361405,-0.40102863,-0.43727913,0.7969014,1.0799322,0.79352677,-1.0583253,-0.9252006,0.8651228,1.5853217,-1.314657,0.33286667,-0.7603426,-0.19352943,-1.2862574,1.3551571,0.3341155,0.28670734,1.3420017,0.03767146,0.36792764,0.16168818,-0.21312419,0.15711321,-0.71954024,-0.49710447,0.37403554,-0.43985575,-0.61706424,0.029585738,-1.0754468,-0.63134235,0.14021987,1.0205389,-1.0824668,0.38513172,-0.46565,0.76247746,0.15877363,-0.21741506,-0.7313944,-0.09503319,-1.346595,1.8648002,0.8873264,0.33510733,-1.8580272,0.40702623,1.4967269,0.68394464,-0.94310176,0.6466341,-0.0014571011,-1.3888195,-0.41188127,-0.81336623,-0.7648355,0.93613625,1.1435359,-0.2626555,0.92675304,-1.8447777,0.6582728,-0.2222248,-1.1786919,-0.13555257,-0.082834266,-0.643414,1.8611574,1.3140452,0.40235597,-0.014140213,1.1805751,0.94494975,-0.34594318,-0.5781027,-1.6446712,0.6255594,1.289414,0.78122747,-0.9656165,0.037633292,0.6590349,-0.09076039,1.7070297,-0.5059065,-0.6651319,-0.9891342,-0.08352366,-0.85121614,0.057662714,-0.12040429,-0.08275579,-1.9009225,0.047803424,-0.8334773,-0.3207248,-0.04675026,-0.4453419,-0.25349706,-0.017551232,1.3641658,0.40371138,0.7519574,0.7911619,-0.89484274,0.25166482,-0.9063584,-1.26942,0.86366624,-1.0954126,-0.17104942,0.8254425,0.99912846,2.310738,0.5472485,-1.0539844,0.20602444,-0.07572782,0.18939576,0.6224448,-0.560566,0.17993975,0.3016428,0.3320683,0.12088005,-1.5399169,-0.78232706,-0.2672085,0.7021562,0.30929428,0.47085977,0.3337472,0.36250556,1.4298363,0.21016738,0.5017703,0.0
オ,0.5296596884727478,0.2130906283855438,0.4559382796287536,-0.3788235783576965,0.0963736400008201,0.229296863079071,0.2386744916439056,0.2548413276672363,-0.0763473808765411,-0.5995948910713196,0.3987560868263244,-0.4263967275619507,0.4475667774677276,-0.2476707696914672,0.6969519257545471,-0.0656861960887909,0.0709809884428978,-0.1644545197486877,-0.0108748702332377,-0.3702743947505951,-0.7576481103897095,-0.413432627916336,0.3180697858333587,0.3614082336425781,0.053830225020647,-0.3144461810588836,0.024836154654622,0.22332763671875,-0.1629917174577713,0.0653100684285163,-0.163625493645668,-0.366718590259552,-0.2875009775161743,-0.143985703587532,-0.1412046998739242,0.7164433598518372,0.0447980128228664,-0.334321528673172,-0.048272281885147,-0.4448588788509369,0.2024504095315933,-0.0392537266016006,-0.0778143554925918,-0.4906745254993438,-0.4244580864906311,0.3569748103618622,0.1421144604682922,0.4508043527603149,0.3910716772079468,0.065802477300167,-0.2395339757204055,0.3987994194030761,0.2064034640789032,0.0377097837626934,0.5504782795906067,-0.1333968788385391,0.3774928748607635,-0.541711688041687,-0.0768055692315101,0.2613519728183746,-0.3717130422592163,-0.2485538125038147,0.521899402141571,-0.136066272854805,0.0811342075467109,0.026225758716464,-0.2150810807943344,-0.1482564061880111,0.0450063794851303,-0.7747994661331177,-0.2178253978490829,0.2925040125846863,0.3747594952583313,-0.3835846185684204,0.6918500065803528,-0.3065555095672607,0.2237822115421295,0.1153149232268333,0.2371601611375808,-0.2251027226448059,-0.3462476432323456,0.2766848802566528,0.2552945911884308,-0.7245570421218872,0.0226185377687215,0.0493616014719009,-0.4940282702445984,-0.9880563616752625,0.452703058719635,-0.3511286675930023,-0.0228992886841297,0.0741178765892982,0.2153235077857971,0.2377034276723861,0.0652189552783966,0.1718862056732177,0.1264184862375259,-0.2441621720790863,-0.2346249967813491,0.2505479454994201,0.0868691354990005,0.4093315303325653,0.32750204205513,-0.1709804832935333,-0.2634230852127075,0.0760699585080146,-0.1548914760351181,0.2174850106239318,0.2510367929935455,0.0809057801961898,-0.3745799660682678,-0.2978120148181915,-0.4654948711395263,0.2725546658039093,-0.0209189262241125,0.1435899883508682,-0.198187306523323,0.3388965129852295,-0.4349301159381866,0.6078699827194214,-0.2538466453552246,0.7915907502174377,-0.0356875881552696,0.3047783374786377,0.2150291949510574,0.5052955746650696,0.0175789315253496,-0.0272460542619228,-0.1284803003072738,-0.2572053372859955,0.0357783772051334,-0.0579200908541679,-0.6814077496528625,0.0921545028686523,-0.2537298202514648,0.9225340485572816,-0.0114336526021361,-0.0479016825556755,-0.136097177863121,-0.4668779373168945,-0.1524674445390701,-0.1324257403612136,0.2752945125102997,-0.4046907126903534,-0.1197020336985588,0.1626258939504623,-0.2094656676054,-0.4744023382663727,0.4888186752796173,0.3426395952701568,-0.391703337430954,0.8269580006599426,-0.7304170727729797,0.0575210861861705,-0.0262061338871717,0.3646568357944488,-0.7473659515380859,0.1510887295007705,0.0498598143458366,0.5594866871833801,0.0929848328232765,-0.4336896538734436,0.1997489929199218,0.3209051787853241,0.1022119894623756,0.4263670146465301,0.4947990477085113,0.234954759478569,0.1953546553850174,0.4709454476833343,0.0561673045158386,0.4962971210479736,0.0458567067980766,-0.2137681096792221,0.4985187947750091,0.2918106913566589,0.1293936520814895,0.2646268904209137,0.0680747330188751,-0.5479270219802856,-0.0365224033594131,-0.1630211323499679,-0.0103595312684774,-0.1495637893676757,0.4607514441013336,-0.16131691634655,-0.0502539128065109,0.1145083829760551,-0.2079464346170425,0.1704038232564926,0.0367571040987968,-0.262583464384079,0.3753058016300201,-0.6912090182304382,0.0999286249279975,-0.3194076120853424,-0.3274402320384979,-0.3803856372833252,-0.302856832742691,0.3924706578254699,0.0625739246606826,-0.0227741338312625,-0.1504396349191665,-0.1841774731874466,-0.8772600889205933,-0.3443240523338318,0.072902612388134,0.655198872089386,0.360122412443161,0.2266106456518173,0.0718065351247787,0.2478867173194885,0.4675061106681824,0.0748334527015686,0.1430813670158386,-0.0019422065233811,-0.2316767424345016,-0.1867131143808365,0.1263024359941482,-0.1210856661200523,0.4201357662677765,-0.0982303693890571,0.3487502336502075,-0.0542345009744167,-0.406590849161148,0.2436564266681671,0.0867293998599052,-0.3940061628818512,0.0503381453454494,0.7268115282058716,-0.2607754468917846,-0.6348714232444763,-0.4985277056694031,-0.0947990268468856,-0.6508302092552185,0.0662958398461341,-0.268383651971817,0.2855084538459778,-0.349700003862381,0.112674169242382,-0.1744929105043411,-0.4754193425178528,-0.1815786063671112,-0.2118682861328125,0.0328344888985157,0.1429506987333297,-0.0228110589087009,-0.1918207108974456,-0.51520836353302,-0.035258699208498,-0.3487142920494079,-0.4789979457855224,-0.0031026471406221,-0.5512425303459167,0.4469566941261291,0.2267684787511825,0.519576370716095,-0.0401957146823406,0.2230084687471389,-0.021178001537919,-0.0647084936499595,-0.8502422571182251,-0.1223883181810379,-0.082101322710514,-0.5005362629890442,-0.0289797261357307,0.0161732789129018,-0.4629672467708587,-0.3051377236843109,-0.4279847145080566,-0.0537696257233619,-0.4275308847427368,-0.4585559368133545,0.0507671535015106,-0.0609349831938743,0.121000550687313,-0.1441505849361419,0.4983959794044494,-0.4443674683570862,0.157625675201416,-0.6233783960342407,0.1977990418672561,-0.6939910650253296,-0.2582651376724243,0.0102615738287568,-0.2509933710098266,-0.385790079832077,0.1677277833223343,-0.4675479829311371,0.3769758343696594,0.3340494334697723,0.0589170567691326,-0.4295046031475067,-0.0234155897051095,-0.379841536283493,0.1281551122665405,0.2171487510204315,0.7272565960884094,0.2176287770271301,-0.0618875958025455,0.1726910173892974,0.4014920890331268,0.1911408603191375,0.1473643630743026,-0.1017887517809867,-0.2969529330730438,0.0840102732181549,0.055018100887537,0.6373216509819031,0.1061175316572189,-0.0175985414534807,1.0461182594299316,-0.3499410450458526,0.2470925748348236,0.49268639087677,0.2864406108856201,-1.7427469491958618,0.0124134626239538,-0.1290074437856674,0.0475340001285076,-0.2400045990943908,0.28074511885643,-0.0035546065773814,0.137170597910881,-0.459278792142868,-0.5403351783752441,0.9039117693901062,0.2878541350364685,-0.0093382988125085,-0.5122708082199097,0.3493413031101227,-0.2350283712148666,0.0298427008092403,-0.4780119359493255,0.2126775383949279,0.4782304167747497,-0.4107668399810791,0.0539882034063339,-0.1659918874502182,-0.537499725818634,-0.083966925740242,0.1677630394697189,0.1615692526102066,0.247225672006607,-0.5302152037620544,0.1380523741245269,0.3138780891895294,0.4008596837520599,0.7858495712280273,0.3039855659008026,-0.0616408102214336,0.0577767044305801,0.4450687170028686,0.1350419074296951,0.4254122972488403,-0.2856252193450928,0.1758316755294799,-0.0475820116698741,0.8534377217292786,0.0125897396355867,0.0911166295409202,-0.0015497871208935,0.1213041767477989,0.2295670956373214,-0.081953153014183,0.3548986315727234,0.1464321017265319,0.0478751249611377,0.1907066702842712,0.5322242379188538,0.5807309746742249,0.1449556350708007,-0.2838995158672333,-0.3661825656890869,0.0364569164812564,-0.321286529302597,-0.6244051456451416,-0.3386206030845642,-0.3438629508018493,-0.1222211271524429,-0.4495676457881927,0.2929139733314514,-0.0296255443245172,-0.5183850526809692,0.0549229495227336,-0.3556650280952453,-0.4252268970012665,0.3321499228477478,-0.0532559305429458,-0.7333111763000488,0.5861435532569885,0.2217282354831695,0.2881442606449127,-0.5338570475578308,-0.6530799865722656,-0.0423921756446361,-0.2733902633190155,-0.3039427995681762,0.1676573008298874,-0.3308295905590057,-0.0540301539003849,0.3473367393016815,-0.0784889757633209,-0.0932381302118301,-0.3437794744968414,-0.2950970530509949,-0.7089868783950806,0.1887605041265487,-0.0504166632890701,0.3232135474681854,0.0219684243202209,0.2221865206956863,0.2203065305948257,0.0448722839355468,-0.2711859345436096,0.0839256197214126,-0.3249978721141815,0.5804333090782166,0.3907267451286316,0.1664255708456039,0.581920862197876,0.4442465603351593,0.2811322212219238,0.5245891809463501,0.0202089324593544,0.0134099787101149,-0.610522449016571,-0.3011751174926758,0.7100160717964172,-0.0379120931029319,0.2432178258895874,-0.107879638671875,-0.0181926805526018,0.6090810298919678,-0.0324829034507274,-0.5741919279098511,0.0005142665468156,0.0738754346966743,-0.1841550320386886,0.262513518333435,0.6575903296470642,0.8228428959846497,-0.0232491437345743,0.0209028869867324,-0.140678659081459,-0.1875307261943817,0.3151618540287018,-0.1306444257497787,-0.1179750114679336,-0.2945268750190735,0.0095409927889704,0.2994397580623626,0.6596575975418091,0.2006724327802658,0.6231606602668762,0.3094731569290161,-0.3437167704105377,0.2674251198768616,0.435273140668869,0.4795292615890503,-0.2945265173912048,-0.2899815738201141,-0.3539811670780182,0.0258303135633468,-0.3896693289279938,-0.0662572011351585,0.6731356978416443,-0.1594995409250259,0.1768974959850311,0.0076765068806707,-0.6110824346542358,-0.6220504641532898,-0.3782775104045868,0.1608152389526367,-0.0992601439356803,0.1433831602334976,0.2025719732046127,-0.0135760903358459,-0.4930251836776733,0.1857774257659912,0.0561464726924896,0.2988999783992767,0.5034912824630737,-0.1536019593477249,-0.0901676565408706,0.0035907886922359,0.0382498726248741,0.0676893964409828,-0.1810710877180099,0.0458883009850978,-0.2628243565559387,-0.4944120943546295,0.0162131208926439,0.1840128451585769,0.2542142868041992,-0.1465330421924591,0.6534149646759033,0.1324674189090728,-0.5132039189338684,-0.565060019493103,-0.237240582704544,-0.2221661806106567,-0.0452727153897285,-0.4980322420597076,-0.0901912376284599,0.0443757846951484,0.3667648136615753,0.0876772403717041,0.2802462577819824,-0.3576146960258484,0.0792291760444641,0.2387515604496002,0.6340348720550537,-0.1300701349973678,0.2300144582986831,-0.1985842436552047,0.0217490531504154,0.0881654992699623,0.0755990594625473,0.0594925098121166,-0.1432090848684311,-0.536220908164978,-0.6978509426116943,-0.3783296048641205,-0.1789586842060089,-1.0786592960357666,0.5394381880760193,0.1386258453130722,0.2410538047552108,-0.4676302969455719,-0.4629960358142853,-0.147763043642044,0.3010770082473755,-0.115580216050148,0.4248737096786499,-0.2177674025297165,-0.5781479477882385,-0.0497000403702259,0.1251947283744812,-0.6601473689079285,0.9405031204223632,0.2545405626296997,-0.4916508197784424,-0.3954956829547882,0.387395292520523,0.1958344131708145,-0.2218459993600845,0.1072808057069778,-0.1325920820236206,-0.5393648147583008,0.1550326347351074,-0.3469339609146118,0.3210111856460571,-0.1543601602315902,-3.526743239490315e-05,-0.1246603056788444,0.5851903557777405,0.3443279862403869,0.2443006783723831,0.0775589197874069,-0.2279006391763687,-0.2089708745479583,-0.2480691522359848,0.3257020711898803,0.1407943069934845,0.3850536048412323,-0.1766823679208755,0.3162503838539123,0.5831259489059448,-0.8466090559959412,0.0867414474487304,0.7604172825813293,0.4110320210456848,0.444315493106842,-0.1525647640228271,0.03209038823843,-0.8170374035835266,0.1355699896812439,0.1418216824531555,-0.0172215569764375,0.4570207893848419,-0.0356507040560245,-0.1375111788511276,-0.4097650349140167,-0.0168074183166027,0.4003950655460357,0.1728287488222122,0.0364892520010471,0.4355419874191284,-0.1556229144334793,0.5133227705955505,0.3383309543132782,-0.2615169286727905,-0.3602937161922455,0.0543467439711093,0.4090258181095123,0.7752847075462341,0.1817598491907119,0.3601688146591186,-0.7150218486785889,-0.6305393576622009,0.3012827634811401,0.0831094086170196,0.3051785230636596,0.5014293193817139,-0.2748686373233795,-0.0627902820706367,0.6112644672393799,0.2978948354721069,-0.0707817524671554,-0.3294468224048614,-0.4165408909320831,-0.1707163900136947,-0.2366679608821869,-0.5008911490440369,0.2017518132925033,0.0845913216471672,-0.0467947907745838,0.2117699682712555,0.0154199143871665,0.0983888357877731,0.5822260975837708,0.0028719732072204,-0.305047333240509,0.2047902196645736,0.0614336542785167,-0.0901422724127769,0.0808300226926803,-0.2235193252563476,-0.2465935945510864,-0.0241717658936977,0.2415190041065216,-0.1573673337697982,0.2025086134672165,0.0340979881584644,0.1619161665439605,0.3305917084217071,-0.4448821544647217,-0.1901049017906189,-0.314644455909729,-0.3174638450145721,-0.1307286322116851,-0.6577920317649841,-0.3597747385501861,-0.0309588555246591,-0.0471150875091552,-0.1592544317245483,-0.05937360227108,-0.4678713381290436,-0.2325161099433899,-0.4492211043834686,0.2522855401039123,-0.1734455525875091,-0.8417651653289795,0.3823029398918152,0.2627186775207519,-0.1252967417240142,-1.1999207735061646,0.247536301612854,0.1704616248607635,0.2441152334213256,0.1721053123474121,0.704698920249939,-0.3422385454177856,-0.2607019543647766,0.0875810459256172,-0.2855316996574402,0.2547450661659241,-10.516351699829102,0.1059780791401863,-0.4225786030292511,-0.3998930752277374,-0.3504877388477325,0.3931498527526855,0.6256321668624878,0.5662823915481567,-0.1955859363079071,0.1214233934879303,-0.0340548641979694,0.0915949419140815,-0.0144770285114645,0.6837878823280334,-0.5207838416099548,-0.3065536618232727,-0.2305571138858795,-0.0215277168899774,-0.0403221026062965,-0.2391912043094635,0.1143146902322769,-0.284472644329071,0.5086359977722168,0.7366798520088196,0.5462241768836975,-0.4084236323833465,-0.2611879706382751,0.0024734144099056,-0.2027534991502761,0.5919749736785889,-0.6013648509979248,0.5325713157653809,0.0364352501928806,0.3010843992233276,-0.1525362879037857,0.2529691159725189,-0.4028312265872955,0.6683297157287598,-0.0390014834702014,0.4041423201560974,0.3153025507926941,0.4241274297237396,-0.025679500773549,-0.0304168835282325,0.1748992651700973,0.2391737103462219,0.469064712524414,0.0111696710810065,0.5418323874473572,-0.2422156333923339,-0.1271032989025116,0.1338433921337127,0.0682288780808448,-0.0943486765027046,0.4556112885475158,-0.0305458642542362,0.6394035816192627,-0.6745585203170776,-0.031642060726881,0.0643760710954666,0.3380284905433655,-0.0773757696151733,0.3833673596382141,0.444365918636322,0.30074143409729,0.4105566740036011,0.5217416882514954,0.3653739690780639,-0.9130431413650512,-0.2377991825342178,0.1625676453113556,0.471616268157959,-0.0950486809015274,0.3251329064369201,-0.2567318379878998,0.3133965134620666,0.3614666759967804,-0.2959363758563995,0.0550640672445297,-0.0280053783208131,0.2839506864547729,-0.3029759228229522,0.0833558365702629,0.2407184094190597,-0.621874213218689,0.0487202405929565,-0.0832330659031868,-0.04812478646636,0.259869247674942,-0.4461257457733154,0.2382365614175796,0.0838035121560096,-0.5344372987747192,0.5065318942070007,0.4480125904083252,0.0181824807077646,-0.121032990515232,0.2265196144580841,0.4854059219360351,-0.0247120037674903,-0.28987414,-0.7048142,0.41980615,1.9732267,-0.94524103,-0.33831468,-1.6862683,0.42712632,1.2800351,-0.33837846,-0.22121137,0.1943636,-1.3998413,2.209626,-1.3264723,0.41364726,1.1446332,-0.74773407,0.1499164,-0.04171586,0.7358009,0.6943608,0.94545716,-0.9443147,0.9674773,0.21084537,0.047626298,-0.4725221,-0.28116146,-1.0147135,0.32182968,-0.58633345,-0.7914942,-0.54788995,0.22034352,-0.69128543,-1.795021,1.016507,-0.06173422,-0.8269841,-0.58934253,0.5719281,0.07715601,0.3823267,-0.8425829,-0.48602924,1.5941668,-0.278659,0.78017074,-0.2107709,-0.781018,-0.46887207,0.539481,1.1885478,0.6763956,-0.8300298,1.3468755,1.1250625,0.031773478,-0.6842199,0.4378654,1.0501581,-1.0528151,0.20273046,0.43780124,1.169275,-0.18508404,-0.10833585,-0.30839288,-0.43342853,-2.7399833,-1.0035452,0.30100608,1.490949,-1.4389635,0.40157557,0.03548549,-0.23988129,0.6080176,-0.111100376,0.6405316,-0.40332925,-0.51144105,1.2458882,-0.28383243,-0.951344,-0.8898406,-0.33735254,-1.4236249,-0.29988682,-0.42916012,-1.9514748,-1.2295667,-1.5921221,0.98865366,0.22735657,-0.8684516,-0.61666185,-1.4867486,-0.55558366,0.8632417,1.0203098,-0.07822374,-0.29840764,-1.1247412,0.0140060885,-0.6372846,-0.5561258,-0.8854173,0.8999482,0.037489127,0.88809633,0.9182059,2.0446265,0.39040804,1.1847129,-0.26356396,-1.1132432,-0.52365404,0.108527124,0.8162126,0.5158487,-0.9716267,0.42315885,0.32902637,0.8156602,-0.20690441,-0.99433017,0.76108485,0.16700722,0.38298157,-1.0976982,1.8203025,1.1579281,-0.26609114,-0.55038,-0.68737584,0.079670526,0.41202846,-0.9825599,-0.62128633,0.3710679,0.2521007,-0.14308293,0.2163267,-1.9376216,-0.0345546,1.1496865,1.1492277,-0.35135767,-0.15741777,-0.44112274,-0.8575802,0.5510426,0.26413915,-0.014596805,0.1927684,-0.21866475,-1.2039905,0.95914704,-0.24494974,1.4169384,-1.1554517,0.16719083,-0.14486496,0.7883614,-1.1250747,0.9010973,-0.8093832,-2.0375576,-0.4694917,0.23688686,-0.13207486,-0.16888177,0.7544305,-0.1914744,1.3612975,0.22212331,-1.171191,-0.3983388,0.8097051,1.4850467,-0.082790874,1.2955157,-0.59295547,0.6571484,0.5569027,0.51834077,0.61849177,0.04840702,1.0834146,-0.17664804,0.34395432,0.49503407,1.3288088,1.9789038,0.46668032,-1.1756305,-1.1138959,0.84671944,-1.7554897,0.044863403,0.7786302,-0.6344129,0.9980221,-0.3810514,-0.9724417,1.7489735,0.6349566,-0.36422786,-1.2397915,-1.5599006,0.8752596,0.2525461,-1.0025858,-0.4033457,-0.46516705,0.07083321,-0.597815,-0.63305205,0.27251753,0.1802562,0.013717716,1.208794,-1.3365088,0.26902905,0.4735603,0.5949659,0.018512407,0.77856207,-1.0118715,1.1002848,0.67059636,-0.6897144,-0.27825913,0.70898336,-0.783212,0.95026773,-0.38875064,0.40683427,0.48510894,-0.8905268,0.0112533765,-0.27459607,0.27286673,0.9122546,0.7232984,0.28273478,-1.7868228,-0.2292027,0.60361546,1.3359483,-0.08536649,0.2917996,0.28986713,1.0442501,-0.6161406,0.46129632,-0.5715505,-0.8031006,0.15943407,0.7534091,0.30035457,0.86103326,0.23854534,-0.40951708,-0.57812136,-0.012183095,-0.18859915,-0.5555775,-1.165183,-0.5522203,-1.1900836,1.060822,0.13225903,0.5580992,-0.599611,-1.5898892,-1.039342,-0.39009842,0.6871126,-1.0433466,0.35958293,-0.052387405,-0.5948609,0.49169314,-0.21951468,-0.1916918,0.51329905,0.59607553,-1.7050425,0.39687333,0.45310435,1.0133528,0.65218616,-0.22913784,0.9901306,-0.47284997,0.580491,-1.2779061,0.47625065,0.76276493,-1.7025918,1.2034056,-0.80439407,0.25193176,0.9771371,-1.7796221,-0.12466205,-0.54707867,-0.32597038,-0.18127465,-1.1475605,2.7338877,-2.199383,1.9318925,-2.3799102,-0.07091925,-0.69340855,-0.045577537,-0.92920333,1.1247159,0.39585164,0.8638258,0.60377926,-0.26892605,0.41368118,0.74712795,0.5043021,0.28643486,-0.1113497,0.50290376,-0.5448951,-1.1445965,0.1985653,0.9906593,-0.900326,-1.9926771,-0.5875196,-0.20718896,0.17023854,-0.7082197,-0.5470839,0.88129574,-0.5959802,0.5835107,-1.5345707,0.15121876,0.021022022,-0.6791871,1.2107313,-0.03217137,1.1372277,-1.1318545,0.040780496,0.6951584,-1.6487471,-0.4239714,0.007333497,2.1601496,0.41060844,0.35375905,0.754927,0.020557463,-0.58371663,-0.4241326,0.9278986,-0.13684675,1.9003434,0.4680414,-0.38262105,1.3871498,0.07093259,0.3168567,-0.29900894,0.09989777,1.5625845,-0.09586978,-0.676243,-0.37732148,-0.271425,-0.28350118,-0.37419915,0.73903555,-0.2886126,-0.32401907,0.56074876,0.40463766,-0.6304614,-0.93903035,-0.4974412,0.5455876,0.91220707,1.6255012,1.2810729,0.28682968,-0.8231468,-1.8182906,0.9435103,1.0922725,0.23135453,0.41728687,-1.7027673,-0.007062862,0.54779416,-0.18472981,-1.3135041,-1.7720517,1.6229223,0.20533763,0.57614946,1.3384339,-1.0438871,-0.9102513,-0.27160046,0.47567138,0.18333228,-0.33191922,-0.7845781,0.63767105,-0.6818872,1.3210088,0.029307544,0.52328515,0.033289332,-0.29075733,0.72666574,0.43847847,-1.1860887,-0.71350646,0.117355205,0.8135329,-1.028983,-0.42855987,0.7159689,-1.7002121,1.0313817,-0.37922192,-0.40146244,-0.79470056,-0.2659259,-0.83458096,-0.6385999,0.4499472,-0.5680211,-0.8015685,0.8334406,-1.2399545,-1.6125937,0.99066645,1.6829783,-1.2733551,0.9873639,0.8136649,0.14535736,0.695342,-0.23021959,-0.2934796,-0.03632803,-0.42557684,0.016455248,-0.26341367,-1.5585665,-0.34971085,-0.20080632,-1.3571682,-1.0946566,0.6135308,1.3660936,-2.0573676,-1.0844501,0.0252508,-0.48141852,0.2627199,0.8167282,0.09990624,0.07876135,-0.1965171,0.018772164,-0.15930775,0.7637331,-0.20267783,-0.41421077,0.7703102,-0.78273946,0.6363612,1.0735716,0.35475388,0.67267305,1.2809607,0.24412687,-0.7181402,0.49440932,-0.27442566,0.3729938,0.5469107,-1.1249636,-0.8402679,0.81688094,-0.5075481,-1.4730272,-0.63365716,0.7504546,0.16205676,-0.24671398,0.5165437,1.160591,1.2889913,0.74152994,1.6405913,-0.5847709,-0.8582402,-1.0215642,-0.029467007,-0.54588944,-0.4933095,0.48459902,1.0197693,2.1481287,-0.27941725,0.38294342,0.5081741,-1.1961609,-1.1966606,-0.12715684,0.3351595,-0.46809003,-0.12739356,0.23745084,-1.1314908,0.2757052,-2.0055578,-0.6594463,0.07796713,1.0074575,-0.51117796,-0.13917832,0.72611123,0.43297145,-0.7793171,0.06297948,1.1818801,1.7342186,-0.03932594,-1.0913936,0.079557024,-1.0119425,-0.834709,0.092350565,-0.9409013,-0.4664069,-0.3209198,-0.13869983,-0.4263539,-0.50171113,-0.67559403,1.6519756,0.31046018,-0.73651606,-0.54840815,-0.70497274,1.7216548,-1.1430637,0.07493279,1.6925001,0.80211353,-1.3602206,0.24340804,-1.651954,0.53601164,-0.17419042,1.360972,1.3307382,-0.0070341923,-0.18697052,1.3427645,0.010929803,-0.34206557,-0.09187522,0.53844434,-0.6375651,0.46618947,-2.058553,1.1202198,-1.4036369,-1.0936193,0.1100303,0.8818817,-0.25535783,-0.42449772,-0.14700912,0.04989593,0.8201875,-0.4488627,0.108092695,1.9348425,-0.5219843,-1.0236822,1.073414,0.10864997,-0.55407786,-0.013720433,2.7868297,0.047868516,0.9471938,-0.68143827,-0.5576483,0.4185153,-0.1715039,-0.65054923,-0.7229671,-0.38964674,0.07052356,0.3022634,-0.89769125,0.8847957,-0.8371698,0.12634894,1.428122,-0.65880644,0.5089005,0.6303387,-1.0773898,-0.9729596,-0.97207326,0.5900472,0.2702557,-0.358265,0.41940773,0.84845704,1.5344434,1.1233889,-0.67926884,-0.732104,0.7391326,0.9743216,0.94881207,-0.7745456,-0.97033095,1.0950793,1.3145223,-0.67636395,0.7148903,-0.09869752,-0.20718615,-1.4235369,1.1706673,0.19811709,-0.35742274,0.8617654,-0.067978546,0.0060563684,0.15293722,-0.45205745,0.45031902,0.035732012,-0.22034405,0.077384,-0.2672934,-1.1429063,0.05805682,-0.81633925,-0.36153772,-0.041650873,0.7762005,-1.1960348,0.8008578,0.1357826,1.1523186,0.81045604,0.093912564,-1.2636236,-0.29271662,-1.1322602,1.7868105,0.35222378,0.13793553,-0.9917073,0.13493423,0.84396285,0.5208631,-0.72945124,0.4918784,-0.37431136,-1.0943601,-0.07263269,-0.9561353,-0.88947886,0.4691659,0.794111,-0.3957548,0.82504493,-1.8464817,0.49040803,-0.054065973,-1.3781314,0.56829005,0.11468092,-0.95660156,1.6857387,1.34914,-0.15558708,-0.42800713,0.8942116,0.81742364,-0.5913896,-0.33211288,-0.9638416,1.3475131,1.5250502,0.67715764,-1.0712729,0.26180786,-0.06493393,-0.1668195,1.9946042,-0.9803503,-0.5284865,-0.5655077,-0.22992761,-1.3824104,-0.48688772,-0.2656128,-0.35406935,-1.0239664,0.33575714,-0.9099552,-0.6257026,1.0262221,-1.122279,-0.0076812804,-0.00021022558,0.93914765,0.13427109,0.22975147,-0.08304467,-0.53035337,0.12968837,-0.55119944,-0.16561735,0.66858965,-1.4639316,0.6280319,0.70792884,0.87057537,2.0677319,0.8067324,-0.624781,0.8133785,0.20173611,0.14137317,0.2612038,-0.78085065,-0.49388015,0.6668915,0.1923794,0.56866455,-1.0612687,0.030918002,-0.23828442,0.7888248,0.8614469,0.17826529,0.2255588,0.6155847,1.423638,0.77005905,-0.31021914,-0.8683925,-0.578774,1.0398412,0.4590915,-1.0820729,-0.24853179,-1.4975646,0.9746796,1.2008827,0.210597,0.2977293,-0.6574902,-1.2275125,2.5295105,-0.8427736,0.22498283,1.0607241,-0.81585556,0.5461065,0.3662028,0.6240639,0.09919351,0.80968654,-0.746812,0.91649437,0.6791252,0.78050834,-0.3565375,-0.24421637,-0.7890185,0.42813,-0.48797646,-1.2485836,-0.56954557,0.33227015,-0.9944425,-1.9016746,1.1784741,0.10304667,-0.597436,-0.7268628,0.960476,-0.116464004,-0.4841773,-0.39356104,-0.29042372,1.2840389,-0.3829557,1.0791047,-0.42113075,-1.1405226,-0.36594233,0.8531194,0.808351,0.5826832,-0.663787,1.12208,0.9315769,0.23732956,-0.61432487,0.26488668,0.74632776,-0.6491156,-0.5581993,0.3687102,0.74225813,-0.40718406,0.023135526,-0.16529714,-0.22933424,-2.3143399,-1.5709474,-0.115069725,1.6323109,-1.7706634,0.5113289,-0.13344118,-1.4992878,0.33921793,0.10643615,0.21204115,-0.09728958,-1.0906037,1.6201422,-0.7848111,-1.181771,-0.40963006,-0.55097806,-1.3641037,-0.22239855,-0.99989086,-2.0494962,-1.4207925,-1.393555,1.6998318,0.5035324,-1.1189766,-0.84995085,-1.1966606,-0.3241186,-0.0566268,1.0930021,0.78661984,-0.87293607,-1.0723153,-0.59064424,-0.8250842,-0.36735836,-0.62995595,0.30818143,-0.27494317,0.66279876,0.72704214,1.4051778,0.8604716,0.558435,-1.503317,-0.5662057,-0.19392546,0.31208357,1.5843227,0.18027575,-0.8453423,0.7292419,-0.19844396,1.0599291,0.09558708,-0.61559045,0.35940412,0.16309051,0.7517103,-0.11927347,2.3871005,1.0518271,-1.0353171,-0.5478955,0.08636834,0.29730436,0.6558832,-0.996121,-0.24923488,0.42819783,-0.22736742,-0.48909312,0.44576147,-0.9432459,0.16204502,0.670881,1.3615173,0.008119783,-0.40736324,-0.10357212,-1.646745,0.70115674,1.3406192,-0.29255638,-0.38875324,0.4411144,-1.5025727,0.91395766,-0.6911834,1.3910939,-0.39179817,0.6754497,-0.09149741,0.7727914,-0.81608236,0.72800654,-1.1135519,-2.2381682,-0.6868981,-0.23041323,0.7381655,-0.19757965,0.33588174,0.06964368,0.23337665,0.32465568,-0.8988029,-0.36254764,1.2119846,0.94216126,-0.11593388,1.119586,-0.4130514,0.7171065,0.99245495,0.9051701,0.5029135,0.24620722,1.6887081,-1.0190254,1.2651899,0.99430233,0.83569145,2.562428,0.9847976,-1.6233333,-1.2056979,1.2611648,-2.253162,-0.6137367,0.8790345,-1.4195384,0.96869236,-1.1016015,-0.87112826,1.8429506,0.799364,0.14444171,-1.4325289,-1.1579435,0.95232195,0.7823076,-0.10602125,-0.05732873,-1.0940125,0.16919494,-0.3919912,-0.5917741,0.76664597,0.53910595,0.6746198,0.95000744,-0.8919417,0.81632423,0.47887516,0.095148005,0.097200476,0.7376083,-0.85551083,0.7713881,0.6307468,0.0623104,-0.5551217,0.6692253,-0.42092246,0.8110806,-0.20853737,0.9693103,1.0115677,-0.690972,0.026290486,-0.28784388,0.6671609,0.71379757,1.3392565,-0.15139012,-1.7721592,-0.5521188,0.092002645,1.0270641,0.6413708,0.37783834,0.12395545,0.86863667,-0.1448314,0.5188978,-0.23379768,-0.6280125,-0.12232151,0.41268596,0.4709708,0.075026,0.379032,-0.8204166,-0.6622863,0.2686124,0.52107984,-0.7144526,-0.911602,-0.67996216,-0.95082825,0.13563111,0.13018636,-0.015555459,-0.45797655,-1.0295545,-0.42437145,0.53971994,0.7247682,-2.0827856,-0.249505,-0.24407883,-0.6084115,0.3430429,0.28931364,0.21618295,-0.21664958,0.6359793,-1.3212265,0.55368066,0.11717512,1.016514,1.6075764,0.21754803,1.1381861,-0.3986713,-0.067846194,-0.50080144,0.45864016,0.45611697,-1.921753,0.6601825,-1.003375,-0.46889657,1.6109278,-1.0868708,-0.22308056,-0.8518278,0.1992594,-0.5122412,-1.4933412,2.2030694,-2.0387743,1.5424858,-1.633352,-0.41335982,-0.78578275,-0.6934887,-1.2661828,0.06007599,0.25933963,0.15853916,0.3541484,0.41834918,0.010035379,0.1556895,-0.32410455,1.5564765,0.4227055,0.19034846,-1.2975485,-1.5351702,0.25116023,0.97985977,-1.4002472,-0.8985104,-1.061956,-0.25441176,0.17650934,-0.28169617,-0.7168313,1.1257101,-0.30432394,0.45406437,-0.63887846,-0.4959762,-0.036857013,-0.8747672,1.3689883,-0.36748034,1.6411561,-1.1913265,-0.712975,0.47676805,-1.0113628,-0.11199311,-0.40176964,1.8341818,0.79149926,0.85742587,0.19281994,0.71684945,-0.22405995,-0.3740635,1.1632383,0.19031122,2.024692,-0.0661646,-0.27457303,1.8838279,0.2308432,0.77445614,-0.624256,-0.39953953,1.6715256,-0.20848258,-0.6293283,-0.30305687,0.15411139,-0.18811406,-0.12001664,1.0170634,0.07340821,-0.28568208,0.41767716,0.76172286,-0.24959207,-1.4878265,-0.6003956,0.85229874,1.3039864,1.3644702,1.3300513,-0.30143315,-0.5505334,-1.6909926,0.07267942,1.3787448,0.60027355,0.20805158,-1.5148836,0.8948436,0.49681935,0.53577125,-1.4711756,-1.6104126,1.7205249,0.7350771,0.0068423557,1.6538818,-1.036123,-1.7773154,-0.43043825,-0.32645774,-0.20379896,-1.0750726,-0.8311515,0.29829985,0.19754593,1.058702,1.1356037,0.8392294,-0.5470907,-0.7456397,0.44093224,0.007466444,-1.025158,0.18430625,-0.25010082,0.5127005,-1.5352191,-0.61705446,0.6328593,-2.5074794,1.4111844,0.11121751,0.4175911,-0.2812877,-0.21879046,-0.66298866,-0.08577734,-0.04835781,-1.0410734,-0.8246711,0.5725761,-1.5109211,-1.1962017,1.1226285,1.214183,-0.48449644,0.30588624,1.1720476,0.18194303,0.8960732,-0.4135185,-0.6712932,-0.20633316,-0.17313202,0.28134683,-0.57069,-1.5244046,-0.62977105,0.5609047,-1.0556008,-1.563081,0.7276386,0.6486908,-1.2581968,-1.0981444,-0.16502737,-0.704281,0.59664553,1.0822661,-0.03577354,-0.2747486,-1.0090405,-0.493619,-0.02334659,0.034934025,-0.5275664,-0.33387437,-0.01957272,-0.69388235,0.36997923,1.9347239,0.2360213,1.4216179,1.2578981,0.2683397,-0.12789126,0.924287,-0.25851107,-0.03374745,0.96739763,-0.9423508,-0.782051,1.3831946,0.13218008,-0.9394835,-0.26800385,0.78594244,-0.58633596,-0.5878316,-0.18688202,0.40430245,1.6591314,1.4192151,1.398216,-0.20331833,0.14590414,-0.415225,0.35578814,-1.4578427,-0.43331164,-0.46047455,0.28137723,2.1305754,-0.3866944,0.45190212,0.9322687,-1.2630804,-1.377465,0.25220516,0.18453972,-0.038924564,-0.6263123,0.14788146,-1.4632331,0.46477324,-1.8126227,-0.14397383,0.7747172,1.2003577,-0.624762,0.4689784,0.49767542,0.13645682,-0.8978447,-0.28237426,0.7833405,1.7511568,-0.3526716,-0.7760995,0.4833567,-0.17694381,-1.5320603,0.1994026,-1.003561,-0.59423345,0.25298414,-0.43832704,-0.39435998,-0.6588071,-0.6027403,1.0396403,0.1717043,-0.017311586,0.53506017,-0.97664535,1.4410217,0.1699808,-0.74403936,1.4576215,0.59860504,-1.023484,0.44284335,-1.6693594,1.1376048,-0.64867765,1.0874451,0.939425,0.45469692,-0.88741547,1.1120175,-0.23691614,-0.02504309,-0.55564076,0.64802724,-0.21831986,0.330808,-1.645791,1.1380163,-1.6678632,-0.54353803,-0.21916784,0.96413606,-0.7832659,0.46040758,-0.28006783,0.67344046,0.106513895,-1.2057445,0.32303306,1.9624327,-0.5961805,-1.1584017,0.56510603,0.29899573,-0.72742176,-0.14298877,2.420406,0.593625,0.31988785,-1.266097,-0.90676147,0.9144403,-0.19242232,-1.2702268,-0.771371,-0.5084433,0.2337875,0.3649804,-0.31207332,0.9509386,-0.6810958,0.52649134,0.66146857,-0.50831014,-0.43162325,-0.25366467,-0.43125063,-0.9342881,-1.4681149,0.2906049,0.71551424,-0.55506176,0.8026754,0.9826113,1.484935,0.80811876,-0.12601689,-0.62931025,0.70088834,0.5713317,0.93809193,-1.3671873,-1.3611984,0.6291689,0.9855541,-0.5207618,0.5413438,0.20703062,-0.49595806,-1.8231052,1.2592691,-0.07980365,-0.036586728,1.373053,-0.080219015,-0.1338924,0.6821098,-0.040313993,0.43996266,0.016894447,-0.48272628,-0.015699506,-0.06379251,-0.7779218,0.27872276,-0.81036127,0.5213505,-0.26657408,0.41833693,-1.5705545,0.558608,-0.028280292,0.41820914,0.96581405,0.24879467,-1.2838824,-0.7894535,-0.42275247,1.6133327,0.7859191,-0.3982564,-0.6641903,-0.045203347,1.3488148,0.87391883,-0.43687075,-0.01843976,0.1030377,-0.68878603,-0.320971,-0.71750695,-0.4941626,0.05019315,0.098157786,-1.091881,1.0213358,-1.8423222,1.1259066,0.005080027,-1.8685625,-0.038979497,0.21641915,-0.80947864,2.184283,1.0777014,0.029664602,-0.27605268,1.0034896,0.73765725,-0.81293184,-0.7613533,-1.0151229,0.8637943,1.3687428,0.80673844,-1.1540457,-0.108044855,0.5775655,-0.3137744,1.1724741,-0.03646484,-0.40789035,-0.90181273,-0.1742666,-0.8559236,-0.29788312,-0.20395899,0.25306585,-0.91268235,0.8053945,-0.5250445,-1.3196665,0.8623519,-0.6971923,0.035867475,-0.07704761,0.6859816,0.6748844,0.7654781,0.55636346,-0.61304796,0.38625988,-1.120126,-0.57072157,0.52604467,-0.92137253,0.69355804,0.4965873,0.9255057,1.3941666,0.4609628,-1.4375494,0.36980444,-0.0903048,0.6263183,-0.44030884,-0.827769,-0.60909986,0.22204052,0.42666197,0.70436496,-1.4533659,-0.47157618,-0.22872026,0.5982871,0.08418649,0.6039143,0.24153359,0.4677093,2.0571148,0.89324313,0.15142396,0.0
カ,0.3586235046386719,-0.0246663745492696,0.7754485011100769,-0.8844077587127686,0.0205631572753191,0.3392025232315063,-0.1355293840169906,-0.0529141798615455,-0.4171533584594726,0.307938814163208,0.7799731492996216,-0.1584917306900024,0.2739543914794922,-0.6795698404312134,0.6546946167945862,-0.5095005631446838,0.2791526913642883,-0.1557860970497131,0.0791591852903366,-0.4014647603034973,-0.8990652561187744,-0.9262132048606871,-0.1831101924180984,0.154470607638359,-0.0902618244290351,0.0137811098247766,0.0121721886098384,0.2656416893005371,-0.1975154876708984,0.0017380045028403,-0.1448732018470764,-0.5539519786834717,-0.1022625416517257,0.0579993426799774,-1.0950565338134766,-0.195033997297287,0.1503302156925201,-0.1417342275381088,-0.0951748266816139,-0.5363784432411194,0.3325586020946502,0.0311147775501012,-0.6130945086479187,-0.1334844380617141,-0.1431507021188736,0.5453366041183472,-0.229549840092659,0.367545485496521,-0.0144952787086367,-0.0786912739276886,-0.4052870869636535,0.160253420472145,0.1486576050519943,0.1468552052974701,0.1350431591272354,-0.3601643145084381,0.1212152615189552,-0.8884081244468689,-0.0386912338435649,0.0089029129594564,-0.4122975766658783,0.1841042041778564,0.2635621130466461,0.3959721624851227,-0.2631439566612243,0.0452321544289588,0.0961821600794792,-0.0472497045993804,0.0739715620875358,-0.6487445831298828,-0.0336413718760013,0.164206326007843,0.1290869265794754,-0.4542910456657409,0.7616341710090637,-0.2880868315696716,0.1886349618434906,-0.151704654097557,0.3141540884971618,-0.0434453412890434,-0.4349846839904785,0.1722281128168106,-0.1459560394287109,-0.3821792304515838,-0.2669380307197571,0.1747135072946548,-0.4731841683387756,-0.8139368891716003,0.8416064381599426,-0.1633704453706741,0.398811787366867,0.3357173204421997,0.1424184739589691,0.2348209768533706,-0.3758234977722168,0.1531011164188385,0.1802000254392624,-0.0568276718258857,-0.3802551031112671,0.6075312495231628,-0.1827001422643661,0.0576381757855415,-0.0303319804370403,-0.2173190414905548,0.3214604556560516,-0.3659038841724396,-0.3783417344093323,0.1673703789710998,0.3260456919670105,-0.177744448184967,-0.4289966523647308,-0.3378853797912597,-0.5367929935455322,0.3362517654895782,0.3132054209709167,-0.0323720835149288,-0.2094873338937759,0.2365705668926239,0.0392595268785953,0.4166017472743988,0.2066131979227066,0.5641819834709167,-0.1325835436582565,0.0099416654556989,-0.0932277664542198,0.4952303469181061,0.0901037603616714,-0.6326240301132202,0.158358559012413,-0.2867668867111206,-0.0173558443784713,0.107340008020401,-0.0451720394194126,-0.1583792865276336,-0.3470660746097564,1.0091145038604736,-0.1720819026231765,0.0428343191742897,-0.1088468357920646,-0.5532451868057251,-0.0317088961601257,0.1576555669307708,0.2147662192583084,-0.2545504868030548,0.1049708873033523,0.2996875941753387,0.1895471960306167,-0.7632226347923279,0.0111502408981323,0.1368252038955688,-0.1470520794391632,1.066796898841858,-0.7711522579193115,0.2616840302944183,-0.2608645856380462,-0.040651224553585,-0.5023216605186462,0.088080994784832,0.501655638217926,0.4692065119743347,0.1573397517204284,-0.5436323881149292,0.5917591452598572,0.5716028809547424,0.4121880233287811,0.3372128307819366,0.0857105329632759,-0.2183679044246673,-0.1453911662101745,0.2892410457134247,-0.2568687200546264,0.1158893778920173,0.1483827829360962,-0.454930305480957,0.1390462219715118,0.4084529876708984,0.268079936504364,-0.1322606205940246,0.4458299577236175,-0.9173943996429444,0.0121634928509593,-0.1293108463287353,-0.2407212853431701,-0.655108630657196,0.5757667422294617,-0.1570649445056915,-0.2027263194322586,-0.2569780647754669,0.0370329581201076,-0.5157102346420288,0.095952495932579,0.0432647280395031,0.684190571308136,-0.1562862247228622,-0.1192012578248977,-0.4013515114784241,0.1618971526622772,-0.143419474363327,0.0497052147984504,0.56205153465271,0.1374651789665222,0.1464396864175796,0.0063964049331843,-1.1057502031326294,-0.5280543565750122,0.1395886838436126,0.7025129795074463,0.6469906568527222,0.3365605473518371,0.3559617102146148,-0.3146827220916748,-0.2045052647590637,0.2062235176563263,0.3486829698085785,0.5529441237449646,-0.016566663980484,-0.7394495606422424,-0.3700011372566223,0.3480413854122162,-0.1952962279319763,0.3645149171352386,-0.3964727222919464,0.1479096561670303,-0.1230077594518661,-0.1660883575677871,0.3021289706230163,0.2427328675985336,-0.432539165019989,-0.1254675686359405,0.7219329476356506,-0.5374917984008789,-0.3943407833576202,-0.6420092582702637,0.1480622142553329,-0.3879353404045105,0.1265142112970352,-0.3879170715808868,0.2455029189586639,-0.5147812366485596,0.1670347154140472,0.2136788368225097,-0.0973865538835525,0.1902671456336975,-0.3023533821105957,-0.1986513286828994,0.2059695422649383,-0.0491631291806697,0.1524078249931335,-0.3032713234424591,-0.0656548961997032,-0.5807090997695923,-0.4501806795597076,0.1670434176921844,-0.3809289634227752,0.6607704162597656,0.1631241738796234,0.1359750479459762,-0.0701999813318252,0.3478787839412689,-0.6328304409980774,-0.1447628289461136,-0.4550751149654388,0.2436263114213943,-0.0120690781623125,0.3931418061256408,0.2132409363985061,0.0869434028863906,-0.4913892447948456,-0.4093371629714966,-0.4929644167423248,0.2152226120233535,-0.2128570526838302,-0.2557368278503418,-0.1298930346965789,-0.024274805560708,0.04751892760396,-0.2410119771957397,0.3789639770984649,-0.6740599870681763,0.3417744934558868,-0.1215574964880943,0.5535191297531128,-0.4472485780715942,-0.1685982942581176,0.3951951265335083,-0.049195297062397,-0.4267884194850921,-0.414090096950531,-0.2033648788928985,0.2097956538200378,0.388204962015152,-0.6768291592597961,-0.2198648601770401,0.3544965386390686,-0.4503610134124756,-0.0210239253938198,0.5212361812591553,0.0284831039607524,0.0804966911673545,0.2866666316986084,-0.089926429092884,0.1582807600498199,0.5975357294082642,-0.5801597237586975,-0.2414451092481613,-0.5601361989974976,-0.0293470304459333,-0.3483292758464813,0.556526780128479,0.0230383947491645,0.1481944918632507,0.7260949611663818,-0.4633060693740845,-0.0925065577030181,0.9196696877479552,0.5360009670257568,-1.6513739824295044,0.289298415184021,0.6973103880882263,-0.1962223649024963,-0.2482532858848571,0.0548110119998455,0.0119285555556416,-0.0102505404502153,-0.2157996147871017,-0.7553359270095825,0.8927761912345886,0.2450911849737167,-0.2065581828355789,-0.2450914531946182,0.4924006760120392,0.0727382153272628,0.0552626326680183,-0.4773213267326355,-0.2581067681312561,0.3700799643993377,0.2186993211507797,-0.1692437827587127,-0.2959271967411041,-0.1563395708799362,-0.5493754148483276,0.1432756632566452,-0.2391412258148193,0.2105724662542343,-0.4816707372665405,0.0363241843879222,0.3828274607658386,1.131384015083313,0.3203997015953064,0.5801156759262085,-0.3884201049804687,-0.0716237649321556,0.8466631770133972,0.457819789648056,0.4994423389434814,0.3784675598144531,-0.2813080549240112,-0.2930530309677124,0.6196814775466919,-0.050277542322874,-0.3033430278301239,0.3204991817474365,-0.1048931702971458,0.2078468948602676,-0.1034251824021339,0.0694383829832077,0.1110826358199119,-0.1496219038963318,0.1321352124214172,0.7338179349899292,0.6123164892196655,0.1744691282510757,-0.0940590947866439,-0.4335092604160309,0.0579937808215618,-0.1725084483623504,0.255798876285553,0.4385444521903991,-0.2900402843952179,-0.2993480265140533,-0.1937111467123031,-0.2491368055343628,-0.2325776368379593,-0.3403624296188354,-0.400767982006073,-0.9239010810852052,-1.0663666725158691,0.0514844134449958,0.0364310033619403,-0.7813575267791748,0.2973428666591644,0.1253112405538559,0.6626867055892944,-0.4192781746387481,-0.5313348174095154,0.1362084597349167,-0.469912588596344,0.0440434291958808,-0.1709395498037338,0.040976446121931,-0.254860371351242,0.288720041513443,-0.5707607269287109,-0.2336601018905639,-0.3975604176521301,-0.2706895470619201,-0.4771449267864227,0.0833981111645698,0.1562682390213012,0.7864431142807007,0.0329351238906383,0.2744109034538269,-0.0830293223261833,0.1661955714225769,-0.1352051496505737,-0.1193107739090919,-0.6013108491897583,0.3270958065986633,0.6027277708053589,0.7362671494483948,0.2225320637226104,0.4853352904319763,-0.0107432296499609,-0.1678165048360824,0.2710961103439331,-0.2332077175378799,-0.286459356546402,-0.2649374604225158,0.5488170385360718,-0.4618846178054809,0.2983710467815399,-0.3070251047611236,-0.0251187942922115,0.8155043721199036,-0.2759130299091339,-0.6447542309761047,0.019334452226758,0.4444313943386078,0.2741967439651489,0.2018985152244568,0.2217877656221389,1.1126266717910769,-0.1611074060201645,0.6747143268585205,0.2079386562108993,-0.3065947294235229,0.0153259988874197,-0.2526099681854248,0.0108531191945075,0.1808147132396698,0.5403428673744202,0.8989946842193604,0.2680794596672058,0.387798011302948,0.4225503504276275,0.0394640564918518,-0.3098432421684265,-0.0448453351855278,0.5020272731781006,0.0876635760068893,-0.5822703838348389,0.0671888217329979,-0.4893506169319153,-0.3110739886760711,-0.3760032653808594,-0.1529198884963989,0.2548675239086151,-0.1874099820852279,0.4831192791461944,-0.4073148667812347,-0.6556465029716492,-0.4325756430625915,-0.7924972772598267,0.1225211918354034,-0.1237589567899704,0.2850375175476074,0.5576971769332886,0.5667896866798401,0.151675283908844,0.0797831639647483,0.305660992860794,0.7309637069702148,0.2399234920740127,-0.1629074960947036,-0.1688187420368194,0.3584931790828705,0.1539022028446197,0.4346175491809845,0.2286254167556762,0.0695969685912132,-0.3132855296134949,-0.5330155491828918,-0.3979867100715637,0.1479430347681045,0.0100019462406635,-0.0302755665034055,0.3525822162628174,0.0273273456841707,-0.1545535176992416,-0.5193030834197998,-0.2445397675037384,-0.3318242728710174,-0.1690635979175567,-0.7040066123008728,-0.1218400225043296,-0.5307708978652954,0.1147366911172866,0.4098197817802429,0.4931957721710205,-0.5638531446456909,0.1662935465574264,0.3007017076015472,0.1204905360937118,-0.0154460817575454,0.1163259223103523,-0.0711223110556602,-0.2879864573478699,-0.0643923953175544,0.0923106297850608,-0.0817050263285636,0.6598289608955383,0.1591884344816208,-0.5559541583061218,-0.2439369857311248,0.115936778485775,-0.9041750431060792,0.433933824300766,-0.1377756744623184,0.1395601332187652,-0.6946619749069214,0.1776384264230728,0.0566961802542209,0.0287550706416368,-0.234372466802597,0.1439073234796524,0.1385184079408645,-0.7581139206886292,0.3103348016738891,-0.1813197135925293,-0.3846227824687958,0.7979161143302917,0.5467738509178162,-0.1853010505437851,0.2618381977081299,0.5007081031799316,0.0613263137638568,-0.4154864549636841,0.3247176110744476,-0.1609259694814682,0.1054156497120857,0.3049433827400207,-0.1889155358076095,0.5684009790420532,0.1683012545108795,0.1198823079466819,0.1038140431046485,0.3489070832729339,0.6846362352371216,0.4384132027626037,0.2534331381320953,-0.1556078344583511,-0.470798522233963,-0.7940940260887146,0.0376302748918533,0.2783031463623047,0.5752158761024475,-0.3884532749652862,0.5000850558280945,0.6709069013595581,-0.0261370316147804,0.3636739552021026,0.921187937259674,0.1954237669706344,0.4207964837551117,-0.4991807341575622,0.0607120133936405,-0.9316931366920472,0.4198193550109863,0.3131798803806305,-0.0941114202141761,-0.1071772128343582,0.1388003677129745,-0.5112866163253784,-0.4666632413864136,0.1720971912145614,-0.1056281924247741,-0.1700824797153473,-0.2413229346275329,0.6426102519035339,-0.1109598949551582,0.9409220218658448,0.3932240307331085,0.0111649427562952,-0.4847569167613983,0.1631693243980407,-0.1479229778051376,0.6438269019126892,0.0549303963780403,0.4049669504165649,-0.2156396359205246,-1.03778874874115,-0.4044138193130493,0.2613549530506134,0.2089057564735412,0.286806046962738,-0.5070863962173462,-0.0036206315271556,0.4516017735004425,0.5596505403518677,0.2337265461683273,-0.1101813688874244,-0.4991564750671386,0.0602733492851257,-0.1417141854763031,-0.2067635357379913,0.3999647796154022,0.0863533318042755,0.3394351601600647,0.3769959211349487,-0.1770133674144745,0.0854547098278999,0.4841074049472809,0.1963625401258468,-0.1337948441505432,0.6522935032844543,0.0557423271238803,-0.1153806075453758,0.068910077214241,0.0201813541352748,-0.2673791050910949,0.0112823247909545,0.6305686235427856,-0.0938891470432281,-0.018041593953967,-0.5155843496322632,0.3149875104427337,-0.0319119431078434,0.1470301896333694,-0.4010014533996582,-0.4669030606746673,0.2831065356731415,0.2526891231536865,-0.3539333045482635,0.0224920939654111,-0.2453508973121643,-0.2295989990234375,-0.3570439219474792,-0.3350311815738678,-0.5432419180870056,-0.1944839358329773,-0.3953049778938293,0.4299406409263611,-0.770074725151062,-0.5165455937385559,0.4467598795890808,-0.1453765481710434,-0.1557761132717132,-1.1232340335845947,0.6056432723999023,-0.400147795677185,0.636294960975647,-0.1855069398880005,-0.096103236079216,0.0183214973658323,-0.3138656318187713,-0.322945773601532,-0.5746438503265381,0.4832221865653991,-10.23126220703125,-0.1531709879636764,-0.2061832696199417,-0.6949334144592285,-0.3927797973155975,-0.1074967384338378,1.0815861225128174,0.0150632699951529,-0.5576997995376587,0.1200396791100502,-0.2452751398086547,0.1355503350496292,0.534533679485321,0.3761050999164581,-0.0703593641519546,-0.030170764774084,-0.1402267664670944,-0.5821368098258972,-0.3437755107879638,-0.1215213239192962,-0.077371560037136,-0.1950564831495285,0.6719056367874146,-0.0401544831693172,0.0759009197354316,-0.3982008695602417,-0.1598372608423233,0.2665517330169678,0.1228524073958396,0.4765311181545257,-0.2146400511264801,0.8284003734588623,-0.1778043061494827,0.0664553940296173,-0.1844103336334228,-0.0297167152166366,-0.0254587046802043,0.4636370539665222,-0.1103347167372703,0.490783154964447,0.3837138414382934,0.358788251876831,0.1400733739137649,0.0472070164978504,0.3781290054321289,0.4283336102962494,0.1367486715316772,0.32080739736557,0.7621679902076721,-0.0751866400241851,0.4969749450683594,-0.7559500932693481,0.3250588178634643,0.068393275141716,-0.4673557579517364,0.0409008339047431,0.932538628578186,-0.5532816052436829,0.0047107227146625,0.2532929480075836,0.3740162253379822,-0.0409752391278743,1.1663835048675537,0.404410570859909,-0.2600726783275604,0.3022530674934387,0.1110511496663093,0.122262954711914,-0.4746184349060058,-0.4054569900035858,0.3808251917362213,0.0147620821371674,0.1461379677057266,0.3145440816879272,-0.3718342185020447,-0.085900068283081,-0.0263521336019039,0.2055089026689529,0.3818835616111755,-0.0679506063461303,0.8542038798332214,0.0212811939418315,-0.41378915309906,0.4242964386940002,-0.5259703397750854,0.1248574405908584,0.1416054666042328,-0.0715519413352012,0.5414227843284607,-0.6794898509979248,0.7729988694190979,-0.3009038865566253,-0.3189559578895569,0.7000997066497803,0.3129055202007293,-0.5655158162117004,0.31784188747406,0.1308512240648269,0.0886329114437103,-0.2186778038740158,-0.9891151,-0.6605838,0.91101223,1.3700812,-0.86887676,-0.9131008,-1.2234042,0.57338685,1.1910188,0.36885718,0.10425388,-0.22011712,-1.074259,2.194429,-0.72834176,0.124412514,0.9676172,-1.3528978,0.32994464,-0.20731713,0.51009816,0.29799294,0.65163904,-0.82047516,0.52525073,0.71413076,0.706738,-0.23491602,-0.8897885,-1.0601296,0.16707352,-1.007498,-0.8978669,-0.26521134,0.0614732,-1.4679304,-1.4087805,1.0382173,0.01851652,-0.6689519,-1.0750048,0.63920844,0.32687935,-0.097171,-0.41999024,-0.058718655,1.7738883,-0.76128197,0.75253487,-0.50743425,-1.0872629,-0.63512117,0.47253624,1.0627396,0.48757508,-0.6305452,1.0781533,0.9086966,0.19715877,-0.38691965,0.16969575,0.66412646,-0.5097353,-0.4326007,0.14457001,0.4971498,-0.24387963,-0.07702523,-0.44104552,-0.24704574,-2.6622872,-1.1784736,-0.008368492,1.4066623,-1.6191161,0.4779613,0.29280445,-0.87419116,0.077449866,-0.351289,-0.14806199,0.0008487276,-1.0157708,1.614314,-0.7054544,-1.031078,-0.68564826,-0.31069043,-1.176059,0.13241853,-0.44475126,-1.8447143,-1.4824188,-1.5340233,1.0863075,0.07655919,-0.812867,-0.86332613,-1.3687067,0.19525804,0.40968427,1.2095633,0.07496959,-0.02080976,-0.9319065,-0.18796934,-0.47249302,-0.053118132,-0.50138766,0.16880777,0.54261285,0.10233284,0.6410485,1.7794962,0.70372295,0.7543978,-1.8978031,-0.66950226,-0.55328023,0.29088697,1.2320347,0.6235693,-0.9370681,0.84336984,0.3205178,1.2377254,0.40874577,-0.8527718,0.51573986,0.17293541,0.93898964,-0.22109397,2.3710392,0.99823135,-0.8812222,-0.46510366,-0.26120093,0.0038023847,0.5221129,-0.77669793,-0.6544387,0.22813745,0.03315928,-0.07984437,0.81126297,-1.4535242,-0.19545682,0.8076979,1.397714,0.00804867,-0.20484896,-0.2124436,-1.1342525,0.69593304,1.0269114,0.013935068,0.22665402,0.13534655,-1.0636466,0.90860754,-0.2491601,1.2059158,-1.015723,0.25124156,-0.43169585,1.0053804,-0.7949621,0.439315,-1.0911043,-2.3372135,-0.40041897,0.009950987,0.67408484,0.05462346,0.7398305,-0.056844596,0.19373783,0.64356977,-0.9135822,-0.36636758,1.1581581,1.2453109,0.28772932,0.80218065,0.45737126,0.63911074,0.61161095,0.3558492,0.6607588,0.2812055,1.1773434,-0.6293573,0.6903826,0.9870049,1.0051979,2.8113096,0.8568492,-1.3544954,-0.8864489,1.1506251,-2.0042808,-0.33995768,0.8697287,-1.138145,1.2186769,-0.7527933,-1.0342366,1.6939431,0.4728125,0.116937466,-1.1164958,-1.2160901,1.3422636,0.8799554,-0.5373606,-0.02808704,-0.984239,0.08245255,-0.3539226,-0.61408174,0.47183368,0.52370924,0.11023961,0.9767427,-1.4834385,0.3729307,0.303818,0.49398258,-0.12358784,0.4727292,-1.0619446,0.4603086,0.21571077,-0.41784784,-0.04641927,0.35737947,-0.6549991,0.88920224,-0.37034258,0.5099715,0.6687726,-0.81691945,0.02817504,0.09937508,0.8137823,0.6253515,1.3177893,-0.09548341,-1.6873783,0.031304665,0.60858744,0.7983991,0.33514687,0.23477496,0.8105148,1.2351366,-0.5237196,0.23836996,-0.51323116,-0.54791236,-0.31567055,0.61131483,0.6892005,0.031576905,0.67218256,-0.5904833,-0.8796371,0.08125388,0.19174816,-1.0276322,-1.011175,-0.30036542,-0.96517986,0.0067757964,0.4181301,0.4682181,-0.5916926,-0.77776104,-0.8660078,0.36937898,0.44749805,-2.0292356,-0.2911179,-0.2917038,-0.76928467,0.8678063,-0.14866461,-0.045300823,0.0012715331,0.4404917,-1.5949107,1.1879406,-0.049265146,0.45437053,1.481796,-0.04234268,0.6456997,-0.654592,0.46973753,-0.6350664,0.22172473,0.8369698,-1.2531139,0.52253515,-0.34041592,0.057751317,1.0274225,-0.7866502,-0.0897135,-0.49695832,0.2150697,-0.18551043,-1.1937681,2.0688019,-1.957243,0.8943327,-1.6113287,-0.4938024,-0.58883244,-0.7440365,-1.1330898,0.542648,0.25723577,0.04557083,0.85234797,0.14829819,0.48829773,-0.05431906,0.19524805,1.220177,0.010777107,0.46252176,-0.90380156,-1.5424694,-0.347155,0.64111316,-1.0182934,-1.3720458,-1.185784,-0.3924415,0.13801704,-0.6087142,-0.6156868,0.66596186,-0.21990588,0.6970946,-0.941191,-0.43422407,0.18113378,-0.63892955,0.83059937,-0.23841386,1.3465585,-1.1735194,-0.09163903,0.34721318,-1.3260161,0.11108269,-0.15516067,1.7626199,0.64754665,0.66685325,0.69390446,0.12526713,0.0598712,-0.32897195,1.1290593,0.26932976,2.0239737,0.27566147,-0.5138773,1.5054215,-0.28645283,0.5868081,-0.39879948,-0.17400135,1.831869,-0.19710456,-0.54597324,-0.08002876,-0.019534323,0.06303909,-0.29824162,0.66553134,-0.4481575,-0.4381078,0.53677756,0.2767403,-0.56205046,-1.2208077,-0.4456064,0.65601546,1.3183607,1.52834,1.0916829,-0.31435677,-0.8643991,-1.1421556,0.10455762,0.78870755,0.65018415,0.30048934,-1.823899,0.25154054,0.5604871,0.34873518,-1.1499497,-1.821358,1.4688084,0.33110332,0.5664445,1.5559355,-1.1577371,-1.7133989,-0.62726796,0.63308716,-0.24265845,-0.76281077,-1.3152753,0.5801272,-0.44596902,1.1826605,0.852177,0.4283259,-0.59385604,-0.36326453,0.44477633,0.10646243,-0.79535073,-0.31949952,-0.13807592,0.55382603,-0.9577649,-0.81838375,0.65259176,-1.9898967,0.85716003,-0.32669353,-0.13564849,-0.2417114,-0.4720904,-0.8199466,-0.10237374,0.16945828,-0.8068377,-0.761679,0.53446776,-1.6182928,-1.704645,0.91686153,1.4088287,-0.5689698,0.5200781,0.6469406,0.2008731,0.93711567,-0.46404645,-0.45333222,0.6323909,-0.23921569,-0.36743835,-0.03507099,-1.4725844,-0.12651256,0.5682303,-1.1827648,-1.6658872,1.3585585,0.6884422,-1.6398981,-0.8760706,-0.10916923,-0.49060556,0.6735161,0.7285771,-0.17819028,-0.038041573,-0.6728511,-0.1657599,6.1767445e-05,0.5592123,-0.30151153,-0.53822714,0.35960802,-0.41635492,0.22338633,1.7924625,0.46022037,1.4130596,1.4546748,0.07670341,0.04064125,0.55072445,-0.1543049,-0.15382694,1.0058712,-1.0745763,-0.81799746,1.1819962,-0.26748416,-0.7003945,-0.024282487,0.5464769,-0.2244424,-0.11723788,0.17705216,0.85231775,1.6721548,0.9140008,1.3980627,-0.5543893,-0.34510404,-0.50639457,0.46980327,-1.0617065,-0.5406063,-0.0910702,0.5974016,2.0550678,-0.553788,0.10961988,0.5767093,-0.8785091,-1.2770956,0.37475702,0.15913486,-0.5880031,-0.6611899,0.16081904,-1.3191645,0.26990944,-1.9244125,-0.5655702,0.7161201,0.98888296,-0.8032752,0.025308063,0.29488644,-0.15209179,-0.95970356,-0.29525366,1.1160178,1.5085328,-0.5140535,-1.0231854,0.4199223,-0.3798246,-1.5738437,0.22501376,-0.50877017,-0.6367713,0.39531475,-0.48594904,-0.10289451,-0.7049178,-0.5505658,1.4957887,0.15438972,0.040664587,0.04147027,-0.7489449,1.4457039,-0.28917405,-0.7443253,1.2378112,1.0737262,-1.4950572,0.62887436,-1.2347847,0.8797754,-0.529757,0.9279772,0.8662568,0.65847725,-0.6465244,1.4191325,-0.56061584,-0.3995615,-0.17916715,0.5755043,-0.81271064,0.32134178,-1.8589345,1.1587332,-0.9417096,-0.9268518,0.107686825,0.7951035,-0.42575723,0.2810554,-0.2564803,0.8239442,0.3491604,-0.9982185,0.8862761,1.7986931,-0.38898548,-1.0000974,0.29484066,0.33020124,-0.18391477,-0.055549663,2.2516334,0.13324195,0.35197213,-0.72760344,-0.73986685,0.93048,-0.26775098,-0.9415555,-0.35445356,-0.43351355,-0.24075043,0.33481583,-0.46820137,1.3866044,-0.9703727,0.39497975,1.1712618,-0.47765535,-0.13167123,0.12708363,-0.78330266,-1.3424647,-1.3887585,0.45926127,0.23787116,-0.47883776,0.28022465,1.111995,1.6706697,0.5823358,-0.2156231,-0.51259935,0.47779706,0.6068141,0.92533314,-0.7597558,-0.7613102,0.45087156,0.86339915,-0.5386184,0.688675,0.12056775,-0.14864464,-2.3064325,0.9669541,0.6435953,-0.024390636,1.0789361,0.21043219,-0.10128152,0.77790964,-0.02387358,0.068314664,-0.12880085,-0.7324804,-0.051728196,0.42865342,-0.92274857,0.3726072,-0.8709491,-0.22091952,-0.48676398,0.62664896,-1.1752987,0.52450144,0.027433395,0.64234793,0.5431529,-0.19502275,-1.3483886,-0.22633569,-0.16862758,1.543011,0.869932,-0.19423448,-0.7440499,-0.31026107,1.1470156,0.7400802,0.0053014075,0.03976248,0.06965705,-0.44117084,-0.116216704,-1.1488804,-0.52151495,0.30416155,0.60861844,-1.0623262,1.1776421,-1.8636649,1.0091071,-0.007908874,-1.1241642,0.33671325,0.03163215,-0.7238582,1.8764944,0.72964954,0.05024345,0.32077822,0.72207624,0.7330628,-0.43048874,-0.12041589,-1.2915772,0.6857379,1.3273726,0.4302528,-1.1334922,-0.3115991,0.2233767,0.03440347,1.8262688,-0.42171267,-0.26924688,-0.5050095,-0.3303801,-1.1009074,-0.25216147,-0.5259202,-0.07748534,-1.124225,0.673648,-0.76266015,-0.9500546,0.6751335,-0.54513305,0.100646354,-0.022356242,0.9419373,0.5592515,0.41351455,0.6365733,-0.62144583,-0.19316658,-0.6839465,-0.59783155,0.2490332,-0.56951505,0.4335363,0.19867408,1.0219026,1.4850253,0.406285,-1.2639443,0.45409983,0.3656392,0.29864317,-0.021061514,-0.7771695,-0.5327458,0.6186833,0.40306115,0.9119719,-1.1984737,-0.40948159,0.28423116,0.43160683,0.40158287,0.43373826,0.1966568,0.08378396,1.5847102,0.9540208,0.07577298,-0.75379646,-0.778788,0.75380623,0.693863,-1.1072522,-0.19707112,-1.1401815,1.3762152,1.1066461,0.14678016,0.7533246,-0.5244541,-1.64551,2.1497624,-0.3590773,0.14102426,0.92636,-1.0002134,0.47980437,-0.71550685,1.0099051,0.5199374,0.5914702,-0.86300313,1.0920312,1.0933073,0.438497,-0.18011296,-0.91342086,-0.4964971,0.5665637,0.018863846,-0.6927827,-0.10299184,0.08343027,-1.909591,-1.1322806,1.0994561,0.064864054,-0.79306525,-0.5171944,0.77789533,0.032954883,0.041279607,-0.5090206,-0.22177441,2.0371597,0.37536317,0.77097756,-0.56756586,-1.2406327,-0.35487023,0.67437863,0.6443477,0.91219854,-0.2538899,1.6895317,0.7259897,0.68087494,-0.6494044,0.2965837,0.55506265,-1.4634798,0.10893917,0.92982197,1.1372936,-0.13394073,-0.68909144,-0.66902983,-0.107525826,-1.9651778,-1.0882728,-0.14924768,0.95136386,-1.1817687,1.0268834,0.16070966,-0.48483086,0.1119905,0.6470926,0.3043007,0.29727602,-1.3438798,1.4451389,-0.74824476,-0.6326963,-0.2832132,-0.42850772,-1.1188744,-0.27322012,-0.26306134,-1.5313199,-1.5256982,-1.5883878,1.0143598,-0.32896274,-0.85672253,-0.81119967,-1.2630674,0.069220275,0.111547686,1.2357696,0.2073102,-0.6903678,-1.3513243,-0.35283387,-0.9132929,-0.4724602,-0.501461,1.5685073,-0.5004147,0.40603733,0.5762345,1.3177849,0.49364066,1.3764158,-1.1442654,-1.1762416,-0.026471222,-0.2467515,1.4649165,0.34725863,-1.0736837,-0.09146486,-0.21262689,0.9534489,0.4693314,-0.92091495,0.69613475,0.15535244,0.8427528,-0.43872637,1.9572865,0.5154016,-0.86000377,-0.6029159,-0.4371345,0.47555012,0.105786346,-1.087455,-0.68219435,-0.76170087,-0.48105446,-0.19776432,0.16765037,-1.1880656,-0.02903241,-0.048650045,1.126263,0.56264544,0.021866119,0.28639865,-1.5830053,0.39036697,0.9957218,0.10319708,0.31430426,0.21290939,-1.3196528,0.7963817,0.29606774,1.281674,-0.5700855,0.49017033,0.3267495,0.31397888,-0.82956284,0.6055492,-0.6546929,-1.8241428,-0.017592197,-0.089813024,-0.034807585,0.067242876,1.1441462,-0.5971645,0.009717619,-0.009117854,-1.0019075,-0.40884128,0.8004503,0.9576292,-0.054581057,1.0299299,-0.43171233,0.5350035,0.8996857,0.5452464,0.5918921,0.026404392,0.87166727,-0.66232336,1.6395782,1.4947609,1.115258,2.8125834,1.207868,-1.6906143,-1.6344773,0.20507857,-2.0656986,-0.87147284,0.35727897,-1.165304,0.9253009,-1.3317362,-1.0693048,1.4950241,0.35564175,0.18409987,-1.389207,-1.3914671,0.61564195,0.9103152,-0.14250441,0.34792727,-0.4921317,0.34885356,0.17670615,-0.65029943,1.0931053,0.65907466,-0.0039362013,1.6876218,-0.82162905,0.345951,0.64189625,0.0120489355,0.39524356,-0.2436655,-1.1373191,0.19607738,0.7780963,-0.31324014,-0.5138284,0.5220763,-0.23401709,0.88443613,-0.17663234,0.7516863,0.73835737,0.07143389,-0.41053396,-0.41717497,0.8012584,0.5535222,2.0329366,0.14512673,-1.4491934,-0.6592417,0.47254115,0.54613775,0.62009335,0.03266678,0.3969311,0.7053016,-0.4785021,0.99140847,-0.107672915,-0.69620657,0.64095455,0.40441146,-0.3846218,0.4605917,0.0866756,-0.3047832,-1.0946305,0.61143285,0.543773,-0.94770813,-1.4610517,-0.8358884,-1.1522572,0.124094605,-0.101933494,0.016014587,-0.98980266,-0.25171095,-1.467877,0.17387024,0.25574133,-1.5822262,-1.1572963,0.205542,-0.83118755,0.4810566,-0.23847303,-0.2006394,0.83839715,0.05964911,-1.6998022,0.8800063,-0.075305395,1.1571846,1.2007247,0.49229354,0.97089463,-0.8309711,0.7501334,-0.27584267,0.7082618,0.9406295,-1.7772655,0.524329,0.06661199,-0.813961,0.47008115,-1.5282552,-0.5876926,-0.13344467,-0.07113658,-0.5780231,-1.3671126,1.901714,-2.0129437,1.4239607,-1.2868564,-0.55335265,-0.4693222,-0.78756344,-1.1643801,1.161689,0.124390975,0.3357831,0.7174498,0.07231346,-0.26525503,0.7093464,0.20100002,1.1484644,-0.8784437,0.19267456,-0.761749,-1.5028132,0.44487756,0.9253643,-1.3676183,-1.4622782,-1.3908492,-0.5543891,0.8729063,0.123951234,0.20120278,1.2377219,-0.35716376,0.29627746,-0.8622726,-0.24658127,-0.056574486,-0.5188426,1.2320517,0.17022535,1.6861048,-0.9036522,-0.61806077,0.4173564,-1.2491633,-0.06749875,-0.70400095,1.6397307,0.5680562,0.014891023,0.521042,0.5906854,-0.4756421,-0.40653858,1.121617,-0.1623057,1.5237643,0.04758535,-0.1945282,1.9967858,0.097075395,0.68116236,-0.5460648,-0.40104517,1.9864514,-0.3767044,-0.09740436,-0.48244196,-0.35646883,-0.28797853,0.574219,0.4278857,0.021712486,-0.2828855,0.80370265,0.5137251,-0.86382353,-1.5216318,-0.35171694,0.46976346,1.012773,1.4511487,1.3707324,-0.075131066,-0.2066586,-1.4711461,-0.22872417,1.0685506,0.26384097,0.9678814,-1.2920418,-0.20208383,0.5295952,0.24126545,-0.3815237,-1.265181,1.439591,0.31891733,0.29637927,1.8902584,-0.9762745,-0.8967719,-0.5331845,0.39931908,0.050541688,-1.07717,-0.63985527,1.3499625,0.015400735,1.1345028,0.4734148,0.22521591,-0.1925791,0.25665537,0.8409479,0.43375668,-0.73791254,0.07894416,0.33100373,0.68834317,-0.9739233,-0.42327785,0.56382334,-2.174581,1.0702311,-0.33604836,0.14015064,0.020567697,-0.14123416,-0.28156847,-0.5127888,-0.4935735,-1.2561846,-1.0189264,0.08790815,-1.0858376,-1.2750891,1.3636302,1.3988187,-1.580335,-0.03973656,0.94711816,0.16793714,0.6828345,-0.18355528,-0.3784005,0.50559604,-0.498902,-0.09547931,-0.009875056,-1.0311463,-0.54063743,0.35095972,-1.2866853,-1.0856116,0.7421632,0.96805364,-2.02092,-0.6792609,-0.04057331,-0.23576912,1.285726,1.1264943,-0.23039642,-0.112902366,-0.36097223,-0.5699421,0.14485468,0.6670468,-0.50570154,-0.18469295,0.23453763,0.060306467,0.38423932,1.7998527,0.19088289,0.8813566,0.91626436,0.5828642,0.010566679,0.31584758,0.33414972,-0.57658494,0.37586537,-1.9625756,-0.5817485,1.7563868,-0.7569045,-0.7274601,-0.055086344,0.8666121,-0.6435654,0.1233958,-0.04176771,0.6136552,1.7498882,1.1562688,1.7132342,0.26585615,-0.35480264,-0.62745583,0.5402778,-1.311105,-0.95276546,0.7232207,0.73628795,1.893432,-0.31999356,-0.014594853,1.129987,-1.0088985,-1.4003887,0.19169454,0.26121822,-0.29444283,-0.028998327,0.2993364,-1.0451685,0.86563826,-1.7060554,-0.16901298,0.3015775,0.9298868,-0.39271307,0.47424212,0.6467845,0.52151096,-0.7741188,0.812438,1.1930764,0.98938644,-0.061376084,-1.152088,0.3567864,-0.35847026,-2.4341989,0.21850152,-0.75079733,-0.7449211,0.57493514,-0.4874217,-0.45904192,-0.52879196,-0.6241662,2.020804,-0.0405586,-0.8337824,0.9732448,-0.9200794,1.043361,0.5478133,-0.17297995,1.1527748,0.69575465,-1.51882,0.18630226,-1.2315754,0.7663432,-0.8651859,0.50729865,1.4061745,0.59419847,-0.69643486,0.80158585,-0.70093036,-0.3524588,0.07780351,0.9133088,-0.38006178,0.4221472,-1.8526976,1.010161,-0.9578611,-0.6133959,-0.63121367,0.26670092,-0.97941476,-0.47482595,-0.46614957,0.40414447,0.32046288,-1.0102316,0.7237154,1.652694,-0.8340049,-0.9950075,-0.20011401,0.45030633,-0.3391467,-0.057753444,2.2248797,0.500006,1.0160656,-1.3585516,-0.848176,0.4377183,0.03446839,-0.9931874,0.12446684,-0.31460065,0.38072532,0.13795125,-0.014124483,1.2475541,-1.0164055,-0.21938801,1.1528137,-0.679378,-0.46210712,0.42995405,-0.10365399,-1.3990492,-1.92225,0.62822664,0.745258,-0.54220045,0.4247675,0.5289008,1.3322275,0.69774276,-0.101000145,-0.43546718,0.8326355,1.0571619,0.37659398,-0.9812915,-1.2746336,0.7478899,1.1638209,-0.9241024,0.24552837,-0.41708088,-0.043828763,-1.583444,1.4546254,0.28316537,0.13815232,1.2248247,0.008246124,-0.15125895,0.44015685,0.11241953,0.007402809,-0.23517652,-0.7922142,0.07360276,-0.22067818,-0.1871002,0.1960031,-0.88936204,-0.03708273,0.21496387,0.7969155,-1.5547204,0.28938356,-0.702302,0.65387076,-0.19858535,0.29286584,-1.2155707,-0.4716599,-0.7085415,0.8991281,0.85351497,-0.28510755,-1.7276665,-0.22866149,1.6012955,0.9777589,-0.9018316,0.44181672,0.7206756,-0.66681254,-0.42939696,-1.0259374,-0.31959105,0.2924616,0.68015414,-0.55975175,1.5266325,-1.8128954,0.6039518,-0.24142317,-1.7793709,-0.60556686,0.40445113,-0.5881655,1.6979774,1.1675081,0.12070348,0.3482376,1.0636731,0.45592403,-0.41679907,-0.6390051,-1.7922182,0.6277486,1.4087989,0.50603694,-1.0854639,-0.040189266,0.60254365,-0.50212526,1.2549756,-0.536234,-1.0696318,-1.0767853,-0.2863184,-0.6237225,-0.037905127,-0.6938671,0.1843541,-1.2792206,0.40139455,-0.32218844,-0.6871942,0.23458633,-0.73184395,0.14583737,-0.41932935,1.1585236,0.42445174,0.24395557,0.15560748,-0.29655823,-0.58090717,-1.1378323,-1.2176371,1.1185576,-0.19870195,-0.12516701,0.69410443,0.59903955,1.7184372,0.34292513,-0.9325892,0.009476853,0.18166576,0.023525964,0.29887265,-0.940252,-0.11574088,-0.2403688,-0.07470937,0.67882025,-1.8905513,-0.6530754,-0.21918435,0.74545187,-0.27210099,0.8271615,0.8094371,0.35243112,1.7611812,0.38317138,0.07870345,1.0
イ,0.2505481839179992,0.4489372670650482,0.1492974162101745,-0.5586414337158203,-0.0013604935957118,0.0918458104133606,0.3721223175525665,-0.0234025865793228,0.0832772254943847,-0.4972952902317047,0.922433853149414,0.0710767582058906,-0.3678937554359436,-0.0582557208836078,0.4592601954936981,0.0477102994918823,0.3026152551174164,-0.0985034108161926,-0.3389739096164703,-0.3084463775157928,-0.4294740259647369,-0.4628788530826568,0.0032123664859682,0.1254025250673294,0.4180895090103149,-0.4004127383232116,-0.0911752507090568,0.2276809960603714,-0.1435918509960174,-0.1566646099090576,-0.3757165074348449,-0.3744196891784668,-0.1879740059375763,-0.2184703797101974,-0.278684914112091,0.8278489112854004,0.1410537958145141,-0.2761842608451843,0.0495626181364059,-0.0305525045841932,-0.2750777900218963,-0.103702962398529,0.1346310377120971,-0.2775102853775024,-0.3408503830432892,0.5337256789207458,0.0850845575332641,0.2999982237815857,0.3017307221889496,-0.0298516284674406,-0.4111286401748657,0.4123713672161102,0.2305360287427902,-0.0554429590702056,-0.0002612370881251,-0.1306027173995971,-0.1068493500351905,-0.177051767706871,0.1526751071214676,-0.0106077278032898,-0.080419547855854,-0.2179279178380966,0.1381518840789795,-0.0645262748003006,-0.4898168444633484,-0.2554144263267517,0.0158404614776372,0.0089113507419824,-0.1771092265844345,-0.5936737656593323,-0.3995041847229004,0.2752134203910827,0.1364410668611526,-0.409847617149353,0.4420993030071258,-0.3259541392326355,0.3144108355045318,-0.1611713469028473,-0.1378859132528305,-0.1059435307979583,-0.2272272706031799,0.4182016253471374,-0.1328671723604202,-0.6189823150634766,0.1171788424253463,0.0059523768723011,0.1065851971507072,-0.4834829270839691,0.3780913650989532,-0.5386707186698914,-0.3544098436832428,0.272403359413147,0.5725651383399963,0.3448121547698974,-0.2858032286167145,0.0702245160937309,0.1583373248577118,-0.2321749329566955,-0.2503252625465393,-0.1264444589614868,0.5010859966278076,-0.3914403915405273,0.1215318441390991,-0.1627832204103469,-0.1635713726282119,0.1289453953504562,-0.4897728264331817,0.5729210376739502,-0.0315574333071708,-0.1191677451133728,-0.2018569260835647,-0.2577365636825561,-0.3563779592514038,0.4040128290653229,-0.2662290036678314,-0.1149513870477676,-0.1682388335466385,0.3997953832149505,-0.2984249293804168,0.1948220431804657,0.2346782982349395,0.2928614318370819,0.0676141455769538,0.1553054451942443,-0.0961431860923767,0.5456915497779846,-0.2279289662837982,-0.0558218955993652,0.0611917041242122,-0.2349888235330581,0.2706878185272217,0.0724034383893013,-0.3393912613391876,-0.1392006874084472,-0.5784204006195068,0.2526203095912933,-0.155659407377243,0.0599726513028144,-0.0823525488376617,-0.5838775634765625,0.047910239547491,-0.2668199837207794,0.2308844178915023,0.1897561997175216,0.0472326166927814,0.0304461829364299,0.4092461466789245,-0.2077170759439468,0.446753054857254,0.1353139877319336,-0.0519040711224079,0.783359169960022,-0.3722396194934845,-0.2989800870418548,-0.2798097133636474,0.042486522346735,-0.3434524536132812,0.0400078408420085,0.0653272718191146,0.4727227985858917,0.2746033072471618,-0.6966155767440796,0.0782220959663391,0.4430415630340576,0.2624966502189636,0.7815207242965698,0.1209591776132583,-0.0958712175488472,-0.0241772830486297,0.5504213571548462,0.2618978321552276,0.4256070256233215,0.1255105286836624,-0.5663151741027832,0.2344573885202407,0.5653722882270813,0.1362340450286865,0.1511902064085006,0.2922266721725464,-0.4613509178161621,0.1085969433188438,-0.4493367969989776,-0.2269296944141388,-0.4779540002346039,0.5775596499443054,-0.1593138724565506,-0.1407499462366104,0.0492161028087139,0.0404408201575279,0.0006456886767409,-0.5783886313438416,0.0301188584417104,0.5472155809402466,-0.4307481944561004,-0.0494826287031173,-0.1220207810401916,-0.0579941235482692,-0.3472139537334442,-0.1853754818439483,0.5233907103538513,-0.0871587991714477,0.2898628711700439,-0.2703546583652496,-0.2009024322032928,-1.124642014503479,-0.222978800535202,0.2935783565044403,0.4990005493164062,0.2641696035861969,0.1191057860851287,-0.4838886857032776,0.2278601378202438,0.4431247413158417,0.4852368533611297,0.0213789027184247,0.0502767190337181,-0.2780689299106598,0.179585114121437,0.3599025011062622,-0.5641339421272278,0.0423757135868072,-0.1109554767608642,0.0774233862757682,0.3421428501605987,-0.2297710478305816,-0.103759691119194,-0.0296202395111322,0.0609361641108989,-0.1472322195768356,0.7782184481620789,0.2733465433120727,-0.0964207574725151,-0.5749717950820923,-0.4450890123844147,-0.9197883009910583,0.2412146925926208,-0.1610824167728424,0.22455695271492,0.3092661798000335,0.297025203704834,0.2582457661628723,-0.2680031061172485,-0.1428358107805252,-0.2700835466384887,-0.2408133894205093,0.3363486230373382,0.1937740296125412,-0.1581805199384689,-0.5909778475761414,0.3315999209880829,-0.5108320713043213,-0.2683800160884857,0.6358513236045837,-0.1435994505882263,0.5744237899780273,0.1409382820129394,0.4897727072238922,-0.0853540748357772,-0.1874617785215377,-0.0955950766801834,0.0436156764626503,-0.4138393998146057,-0.1069721728563308,-0.2344851791858673,0.0109996134415268,0.1046502217650413,0.0584264323115348,-0.636326253414154,-0.0737071558833122,-0.3163428604602813,0.1024644523859024,-0.5688919425010681,-0.0704476460814476,0.230291873216629,-0.3569014072418213,0.250668466091156,-0.1041097939014434,0.3356075882911682,-0.2991388738155365,-0.0898166894912719,-1.0346769094467163,0.462022066116333,-0.7326732873916626,0.3542755842208862,0.1198809146881103,-0.1020419746637344,-0.0654364451766014,-0.1256033927202224,-0.1999105513095855,0.5118235349655151,0.1648826599121093,-0.2880998849868774,-0.5125777721405029,-0.0331790335476398,-0.1484315097332,0.0892459005117416,0.1570788919925689,-0.2203528583049774,0.0077931177802383,0.118221990764141,0.5483359098434448,0.1169387027621269,0.1514610946178436,-0.168676421046257,-0.3166066408157348,-0.8211398720741272,-0.174249917268753,0.1659409701824188,0.6097294688224792,-0.3898724913597107,-0.1515483856201172,1.065920114517212,-0.1712241768836975,-0.2753693759441376,0.2073781341314315,0.4925227761268616,-1.4006301164627075,0.1897653192281723,0.588225245475769,0.0082712536677718,0.0532373040914535,0.3261024951934814,0.305587887763977,0.3564168214797973,-0.5224007368087769,-0.0392370522022247,0.3144610822200775,0.3735979497432709,-0.0036170836538076,-0.3670718371868133,0.3963320851325989,-0.0700402110815048,0.0745707526803016,-0.612056314945221,-0.3191026151180267,0.4119139909744262,-0.0874440968036651,0.0874632224440574,-0.0170665271580219,-0.3100562393665313,0.0694663971662521,-0.2886847555637359,0.2692031264305115,-0.325777143239975,-0.2060827612876892,-0.2726702988147735,0.2635100781917572,0.449198842048645,0.661635160446167,0.5164912939071655,0.3551589548587799,0.2686977684497833,0.4473485052585602,0.3802987933158874,0.4603124260902405,0.3109914064407348,-0.1063156351447105,0.0195352584123611,0.5475675463676453,0.3219617009162903,0.2603946328163147,-0.0276618730276823,-0.2409785836935043,0.6404382586479187,-0.0342877991497516,0.4841922223567962,0.4391713440418243,0.6220520734786987,0.3925226628780365,0.2461102455854416,0.4162329435348511,-0.1992395222187042,-0.1421195566654205,-0.3447634279727936,0.2172411680221557,-0.2869605720043182,-0.159542977809906,-0.1537368595600128,0.2500409781932831,-0.1458094269037246,-0.51259446144104,0.1407272219657898,-0.4438359141349792,-0.0136881181970238,0.1929426491260528,-0.2214354574680328,-0.5873409509658813,-0.4135623872280121,-0.4071406424045563,-0.5993702411651611,0.487648457288742,0.2242782115936279,0.1675911098718643,-0.5403475761413574,0.1199017167091369,0.1179696023464202,0.1697641909122467,-0.1759710162878036,0.0114829167723655,-0.1525502800941467,0.0282090436667203,-0.1229961067438125,0.0094847762957215,-0.6527937650680542,-0.4276649355888366,-0.5186935663223267,-0.8451845645904541,-0.1182984411716461,0.1161651164293289,0.3922761380672455,-0.0325253829360008,0.1955144107341766,0.1770944148302078,0.2159095853567123,-0.2994886338710785,-0.1859803646802902,-0.8119920492172241,-0.0156768765300512,0.2146668434143066,0.2322666496038437,0.232969045639038,0.1962420046329498,0.1099632307887077,-0.0482075437903404,-0.2861345410346985,-0.012153910472989,-0.2400132715702057,-0.2711018323898315,0.9789894223213196,-0.2605230808258056,0.4552047252655029,-0.1963374316692352,0.1221195682883262,0.3167569637298584,-0.1554841697216034,-0.112817458808422,-0.0907303839921951,0.4706625342369079,-0.1368854939937591,-0.1007928028702735,0.0552294701337814,0.4654022455215454,-0.323762983083725,0.1653086394071579,-0.0653367415070533,0.1071037575602531,0.2053379118442535,-0.0762300416827201,-0.1510095745325088,-0.2405013442039489,0.1477335095405578,0.2341473698616027,0.2862294316291809,0.2517187595367431,0.2906464636325836,0.603635311126709,0.0465304367244243,0.2981800138950348,0.2586971819400787,0.7238072156906128,-0.2899322211742401,-0.2150292694568634,-0.4939345717430115,-0.0892949178814888,-0.4694490730762481,-0.1574169397354126,0.5626305937767029,-0.2203343510627746,0.2118527293205261,-0.1339785903692245,-0.6529372930526733,-0.0651318654417991,0.0051952362991869,0.0690673440694809,0.0703841000795364,0.3648920953273773,0.4399062097072601,-0.0126997204497456,-0.6327009201049805,0.5944579839706421,-0.3083150088787079,0.5145155787467957,0.3459455370903015,-0.5750617384910583,-0.2742610871791839,-0.0764722600579261,0.0789083093404769,0.0509687885642051,0.2437104284763336,0.5642279982566833,-0.3491406440734863,-1.0541503429412842,-0.1875897049903869,0.253937304019928,-0.1902288049459457,-0.4174838066101074,0.2181191146373748,0.1227318570017814,-0.9403929114341736,-0.6611847281455994,-0.3907082676887512,-0.2368012964725494,-0.0750048086047172,-0.9417609572410583,0.2107371240854263,0.0918762311339378,-0.0685869976878166,0.4357554912567138,0.0065562450326979,0.0523173697292804,0.2633278965950012,0.4124357998371124,0.32712522149086,-0.5278412699699402,-0.0882996395230293,0.1802866458892822,-0.0107608418911695,0.0757314711809158,0.4335595369338989,0.0022350514773279,0.1346089839935302,-0.0360789820551872,-0.6570267677307129,-0.1326983571052551,-0.3951635062694549,-0.8622023463249207,0.3906485438346863,-0.0485257804393768,0.2440661787986755,-0.4389907419681549,0.3586048185825348,-0.2363224476575851,0.0419668890535831,0.1436831504106521,0.0125273689627647,0.0706452205777168,-0.6102577447891235,0.3147449195384979,-0.4907277226448059,-0.4119032323360443,0.8037401437759399,0.6327239871025085,-0.277031272649765,0.0262137148529291,0.3444098234176636,0.0450162589550018,-0.3139759302139282,0.0423781313002109,-0.0282185282558202,-0.0554161630570888,-0.1430779546499252,0.2068943828344345,0.3075024485588074,0.0210439786314964,-0.2298358529806137,-0.2397428303956985,0.5746675133705139,0.4281243979930877,0.2773855924606323,-0.1015438437461853,-0.0849071964621543,-0.2149445414543151,-0.3835354745388031,0.1777462214231491,0.1371704339981079,0.6504777669906616,-0.1978227198123932,0.90113627910614,-0.1241719648241996,-0.3456954061985016,0.2918019294738769,0.6946764588356018,-0.100216694176197,0.2651370167732239,0.1185874417424202,0.1118910908699035,-0.889651358127594,0.1925767362117767,-0.256352037191391,0.2200701981782913,0.1242488473653793,0.4356253743171692,0.467876672744751,-0.6214590072631836,-0.260323166847229,-0.1672984957695007,0.1883513331413269,0.0608341209590435,0.5436148047447205,-0.025854293256998,0.0934903025627136,0.2462126761674881,-0.1927277445793151,-0.0298794582486152,0.1243695616722107,0.0780878812074661,0.8339083194732666,0.2224399149417877,0.0871190205216407,-0.2118162512779235,-0.8105356693267822,0.3458636999130249,-0.0689836740493774,0.018697315827012,0.4625156223773956,-0.282231330871582,0.1249693036079406,0.3071497082710266,0.6096946001052856,0.1468066424131393,-0.2993062138557434,-0.793890118598938,0.1002339199185371,-0.0204421188682317,-0.0992076396942138,0.2560797929763794,-0.0415349118411541,0.3648510277271271,0.203915536403656,-0.1634592562913894,0.0352919995784759,0.5447142124176025,-0.1733648031949997,0.0036587237846106,0.304246574640274,0.1871929317712783,-0.4307031333446502,0.0009281226666644,-0.2076293379068374,-0.4050754308700561,-0.4266373217105865,-0.2039306312799453,-0.2270745187997818,-0.0535288043320179,-0.1840565502643585,-0.0797881931066513,0.2254985123872757,0.1304506063461303,-0.1006392464041709,-0.3923006653785705,-0.3506778478622436,0.5158728361129761,-0.7764759063720703,-0.1357771307229995,-0.1237556636333465,0.0765950009226799,-0.1074878200888633,-0.0110861044377088,-0.3666615784168243,-0.1664658933877945,-0.1050653979182243,0.1489000916481018,0.0398935228586196,-0.416027158498764,0.2048544883728027,0.2299579083919525,-0.1175116971135139,-0.788458526134491,0.1993530094623565,-0.0932439640164375,0.6569687724113464,-0.1900956332683563,0.2818269431591034,-0.2750597894191742,0.2358642965555191,-0.3131818175315857,-0.1302007734775543,0.0328198932111263,-10.583672523498535,-0.0490938015282154,-0.445158988237381,-0.1263294517993927,-0.4172158241271972,0.4067028164863586,0.6914451718330383,0.2893685698509216,-0.4186541438102722,0.0356551110744476,0.3733002245426178,0.3360385596752167,0.267772227525711,0.3577016592025757,-0.6444789171218872,-0.2057143747806549,0.1316499561071396,-0.0891802087426185,-0.1396465450525283,-0.2161887139081955,0.2653757333755493,-0.0017534146318212,0.2895424365997314,0.6346953511238098,0.0794324725866317,-0.5257126092910767,-0.4686369895935058,0.2963267862796783,0.0342756062746048,0.2951556444168091,-0.3470078706741333,0.142052948474884,0.0479567125439643,0.319089412689209,-0.3116777241230011,-0.2718498408794403,-0.1247318685054779,0.3276664912700653,0.1142612621188163,0.191989004611969,0.2599020004272461,0.657625675201416,0.285983681678772,0.0854373276233673,0.2722641825675964,0.4464370608329773,0.5172173380851746,0.294055163860321,0.6834058165550232,-0.0487478226423263,0.0203231442719697,0.3268148303031921,-0.1709272563457489,-0.1003255695104599,0.3273875713348388,0.0490538142621517,0.7690467834472656,-0.6563530564308167,-0.44570192694664,0.073697306215763,-0.0454915389418602,0.0713259354233741,0.9178944230079652,0.5181217193603516,0.0308233760297298,-0.0776502043008804,0.312881737947464,0.4847948849201202,-0.5009794235229492,-0.2229619175195694,-0.0355613268911838,0.2150739580392837,0.0117330383509397,-0.0769709050655365,-0.5127115845680237,0.275899589061737,-0.004084981046617,-0.2585968971252441,0.3279469013214111,0.2067940235137939,0.1488009393215179,0.2203200012445449,0.015926444903016,0.1426022797822952,-0.5167419910430908,0.1087146177887916,-0.2099006623029709,0.1725313067436218,0.0848772972822189,-0.4644400477409363,-0.07003665715456,-0.2248544692993164,-0.0309130512177944,0.7703751921653748,0.4164022207260132,-0.0329809635877609,-0.0987273156642913,0.102551057934761,0.5012519955635071,0.0252322237938642,-1.2081012,-0.5337634,0.7844809,2.2863288,-0.5419816,0.042808186,-0.7675513,0.44773394,1.2872869,-0.82967377,0.5041577,-0.024243802,-1.4432456,1.9210453,-0.67832077,-0.06938106,0.81065035,-0.67864686,0.78698194,-0.7516357,0.14314961,0.04100555,0.67952,-0.6815607,0.60742766,0.5155593,0.7362714,-1.3630033,-0.18205684,-0.98133355,0.4497603,-0.95499957,-0.51048326,-0.7247715,0.25790742,-1.7912447,-1.2993833,0.11095405,-0.1572453,-0.62421656,-0.49474156,0.8910029,-0.29875153,0.18659258,-1.1636096,-0.23230132,1.8926575,-0.76590174,0.93042517,-0.79918945,-0.98992884,-0.46227136,0.40269366,0.9884218,0.5570464,-0.660011,0.8767883,0.906817,0.5949911,-0.5363374,1.0903536,1.3264575,-1.2976806,-0.55854154,1.1355298,1.3426261,-0.31882575,-0.49582455,-1.0142367,-1.4528621,-2.0933142,-0.84631836,-0.26217344,0.3905806,-0.60866994,1.019285,0.36368006,-0.37813348,0.30328256,0.21254511,0.18054596,0.0589135,-1.0093048,1.2324628,-0.07322474,-0.24766196,-1.0857476,0.81559837,-1.6286922,-0.20418726,0.40853778,-1.1444032,-1.3557544,-0.7860868,0.76834965,-0.17077737,0.3376838,-0.20568684,-1.4623157,0.0014280677,0.32100004,1.1932493,-0.25358045,-1.0627167,-1.0669094,0.28244466,-0.7645958,-0.15982103,-0.37562883,1.3944213,-0.110221334,-0.036129624,0.61351466,1.6583163,1.1504512,1.7792208,-1.0626438,-0.8928965,0.37982962,-0.27448767,1.31218,0.096921295,-1.3455358,-0.014017597,0.60096085,1.381144,0.4973485,-0.59122944,0.89394104,-0.14772819,0.6946821,-1.3488545,1.2020228,1.2911919,-0.7644118,-0.16862762,-0.99081033,0.26390797,0.3657894,-0.5878434,-0.54796016,-0.1570838,0.38863704,-0.26058748,0.77595794,-1.7963464,-0.39057043,0.5036707,0.7415653,-0.15338075,0.30428806,-0.3591175,-0.5430572,0.71044713,0.91917896,-0.13450892,0.1986296,-0.30178905,-1.1719024,1.1669667,0.8359595,1.2190533,-0.33497623,0.36021623,-0.38658202,1.0516465,-0.9102285,0.8599886,-1.4451256,-1.7472825,-0.020454556,-0.21434684,0.4702736,0.31327763,0.45129153,-0.2795028,1.0823567,-0.20395496,-0.77312946,-0.02001983,0.6925299,1.4816973,0.4846325,0.79930454,0.4702298,0.9801162,1.0865996,0.60453176,0.08905356,0.42077205,0.2612525,-0.18769889,0.52559465,0.4582381,0.7472803,2.6367226,0.11104481,-2.016629,-1.4807627,-0.29424527,-1.4800942,0.37058496,0.68579996,-0.23823807,1.1716821,0.18801793,-0.83269775,2.16374,-0.11995275,-0.5562975,-1.2825645,-0.6080564,0.192226,0.78453434,-0.5255861,-0.12907584,-0.9496153,-0.039156668,-0.35533118,-0.016857702,0.12376578,-0.09317734,-0.2259964,2.2743988,-1.5852702,0.5683389,0.4991439,1.0852305,0.1562995,0.3474154,-1.494779,1.093285,0.85071886,-0.18718141,-0.57647705,-0.14615771,-0.014275729,0.65984356,-0.31089392,0.10315852,0.5719489,-0.9462198,-0.007965937,-0.41085148,0.82524216,0.9439224,1.796618,0.23030572,-1.2168874,0.075267375,0.53676206,0.34821066,0.40224963,0.0102137625,0.62319976,0.43947232,-0.46490824,-0.3296031,-0.4169968,-0.7730174,-0.044442505,0.6440781,-0.16415727,0.53861874,0.6005866,-0.5310773,-0.69360465,0.049466223,-0.38302803,-1.5649316,-1.1664437,-1.1149793,-0.54649645,-0.042523094,0.04279888,-0.3014096,-1.5172256,-1.0386559,-1.2547395,-0.24539563,0.23669237,-0.53332967,-0.41215065,-0.028272048,-0.2374632,0.650569,-0.74427235,0.35274494,0.29469743,0.6783223,-1.4532251,0.6891141,0.19839212,0.67405844,1.3479362,0.008225702,1.452801,-0.32452446,0.69802827,-1.0205851,0.31911555,1.3065295,-1.344083,0.5172652,0.47132075,0.1586324,0.48823774,-1.661823,-0.2832775,-0.027058206,-0.5147186,-0.26829702,-0.8772651,2.2618043,-2.174798,1.2791584,-1.6131787,-0.07005483,-0.36136627,-0.67662954,-1.238862,0.6887329,1.0377054,0.6944195,1.4342551,-0.0872795,-0.14864616,0.3214369,0.38398373,0.32909787,-0.006480612,0.574347,-0.5747253,-1.3397701,-0.047649518,0.8561133,-1.3556588,-1.6828618,-2.0687253,-0.37162888,0.7759335,-0.58870095,-0.035235673,1.3627717,-0.6395143,1.1286341,-0.9563166,-0.48099816,-0.5066624,-0.7501738,1.2154408,-0.23534712,1.6284794,-1.3417208,-0.5592018,-0.27274132,-2.2722673,-0.30386543,-0.3257893,1.3937743,-0.24690929,-0.23921666,0.5374476,0.43979526,-0.2944677,-0.52020204,0.6171266,-0.2569378,1.544889,1.4158244,0.032231756,2.5737765,-0.14666207,0.023675278,-0.28372055,-0.414485,1.5223751,-0.017907754,-0.3947286,0.54148126,-0.85979253,-0.17012641,-0.39873475,0.5175932,-0.25196853,-0.3135926,0.44155377,0.010868423,-0.89692616,-0.44992438,-0.18656895,0.6857774,0.42115656,2.2594547,1.3237138,-0.15132785,-1.0553794,-2.1943188,-0.14578778,0.1269731,-0.29479885,0.044567484,-2.0606337,-0.44807166,-0.036856953,0.0031607095,-0.70335233,-1.9708475,1.9664235,1.2767678,0.37273747,1.5820069,-0.82569754,-1.219938,-0.17587577,0.640341,0.11855461,-0.9830824,-0.6809071,0.05001835,-0.54698277,1.8845525,0.0069672465,0.12320466,0.15601347,0.13659889,0.9164083,0.40411496,-0.6474047,-1.1452916,0.3756433,1.3427573,-1.3734937,-0.6496914,0.59942174,-2.0139866,0.49532992,0.1871587,-0.8272004,0.0030550212,-0.52418184,-0.5838574,-0.9109708,-0.32355037,-0.89346457,-1.03835,0.57284933,-0.84775686,-1.5067449,1.4846288,1.8439399,-1.6054258,0.72705114,0.90835774,0.8404742,0.3269207,0.07122828,-0.93659925,0.20522445,-0.43594432,-0.42130822,-0.63275176,-1.500306,-0.3414228,0.33845702,-1.0185921,-1.2418733,1.3632615,1.3124764,-2.0356948,-0.3430735,-0.06757483,-0.9174619,1.0992373,1.1655028,0.14916024,0.04503284,-0.12173664,-0.24491881,0.29958266,0.56764543,-0.024151146,-0.18052852,0.94734585,-0.14069586,-0.4800088,1.5822678,0.42279544,0.27043152,0.7821751,0.37623152,-0.75173724,0.663184,0.35167587,0.08633421,0.6457175,-2.1818476,-1.3686107,0.8961011,-1.3324318,-1.2405844,-0.26788527,-0.04501231,0.08506644,0.91687894,0.3980092,1.3079389,1.4505497,0.8714576,1.8596046,-0.39641905,-0.6118945,-0.6551029,-0.057828486,-0.35294354,-0.70275337,0.7099463,1.0188209,1.8080554,-1.034119,-0.14530882,1.1645575,-0.8995811,-1.0358034,0.55946463,0.45377216,-0.23754273,-0.87798494,0.8998148,-0.5318949,0.4068971,-1.6162342,-0.66980404,0.57550097,0.924268,-0.03746116,-0.12689573,0.65225273,0.3175011,-1.1676793,-0.12609561,0.73486376,1.5144005,0.19529194,-1.3754652,0.63473356,-0.21819742,-1.6440935,0.07975313,-0.47978663,-0.39321417,0.1479161,-0.30524576,-0.49172923,-0.78436065,-0.5853234,2.0766714,-0.60652614,-1.1084874,0.64848834,-0.66928816,1.7491337,-0.9047793,0.20135325,0.7190804,0.79164004,-1.5178099,0.51162034,-0.954463,0.57985467,-0.6092686,0.56402415,0.30785635,0.7087067,-0.6373166,0.98498213,-0.6805686,-0.22350742,0.28245965,0.8271823,-0.32732034,0.3478148,-2.466415,1.0316708,-1.264667,-1.867866,0.053982466,1.1606908,0.28415596,-0.096087456,-0.6881019,0.2945774,0.83185625,-0.27226454,0.742535,1.623178,-1.6785398,-0.3180455,0.98759425,0.39863873,-0.16938084,0.31332654,2.61302,0.41775805,1.4147637,-0.5312734,-0.7191621,-0.28522152,-0.0662677,-0.8064343,-0.12285711,-0.61492753,0.015368909,0.36941767,-0.54291415,1.2889583,-1.2986097,-0.109796636,0.93909776,-0.7007494,-0.061251827,0.7868637,-0.9925041,-1.7001059,-0.4503439,0.340139,0.6987643,-0.41342327,-0.45302147,1.0347606,1.8682888,1.0818834,-0.038641766,-0.83168674,0.5825696,0.48011988,1.071497,-0.55824584,-0.6232239,1.2285073,2.0019488,-1.2395139,0.84973925,-0.2445244,-0.18380174,-1.3393435,1.0110604,0.4917701,0.07558474,1.2271351,0.58402467,-0.08383535,0.46752998,-0.13460168,0.45955116,-1.4197162,-0.7274163,0.5978135,-0.2596438,-0.78383636,-0.142403,-0.98941755,-0.6160005,0.33984613,0.9703891,-0.7618656,0.5181653,0.6527944,1.1985456,0.27409273,-0.60332584,-1.4678584,-0.42664012,-1.4499003,1.6204423,0.7030489,0.16853593,-2.2373166,-0.2845124,1.3141546,0.5170346,-1.3350912,0.4112807,-0.17438179,-1.5483708,-1.2366726,-1.6606846,-0.9168623,0.83711916,0.79994744,-0.7635375,1.2670052,-1.823305,0.7421351,-0.19638696,-0.8926525,0.33098528,0.6793339,-0.7998516,1.3541813,0.8004219,-0.12232754,0.08293451,0.4061805,0.98546016,0.340122,-0.14414673,-1.4163454,0.95160854,0.7539774,0.27025682,-1.0893232,-0.17392659,-0.30672243,-0.40868354,2.4615893,-1.2262976,-0.4725355,-0.55339277,-0.7093531,-1.4823062,-0.56204224,-0.8663199,0.1291768,-1.2911222,0.44857487,-0.7641734,0.33694148,1.1695173,-0.5560719,0.03407514,0.23042256,1.4337244,0.8855381,0.92600524,0.387338,-0.25947103,0.018186495,-1.2055819,-0.024193823,0.72697455,-0.33437988,0.036839552,0.7223362,0.6593557,1.9697436,0.4328968,-0.38782775,-0.5114893,0.6892618,-0.035849556,0.8952384,0.07115545,-0.16940379,0.31339252,0.52180684,0.29619634,-1.216069,-0.20421654,0.24367762,0.25336152,0.6096779,1.2862651,-0.19806027,0.12745476,1.1886129,0.4652505,-0.35689214,-1.1322879,-0.53783685,0.56798613,0.87088805,-1.0676745,-0.75722337,-2.0287898,0.3621297,1.0021027,-0.42999414,0.61420673,0.12502784,-1.2262138,1.9389234,-0.9774788,-0.16263746,0.9688024,-0.92747426,0.4449618,-0.13584734,0.50753933,0.46913838,0.66072637,-0.8294177,0.8255506,1.1306806,0.34620157,-0.6220512,-0.1460631,-0.27830023,-0.25279668,-0.7813434,-1.1774509,-0.86218005,0.1390085,-0.89469427,-1.575235,1.972909,0.06255816,-0.38106108,-1.3384215,0.89416534,-0.084171526,-0.0019827858,-0.59328765,-0.01585194,1.6711936,-0.48324767,0.70012885,-0.7123943,-0.95381975,-0.10275912,0.1051079,1.0861036,0.1118471,-0.20082252,0.644045,0.8654633,0.12261344,-0.45619312,0.85374993,1.1943702,-0.59030294,-0.032624494,0.82557535,1.1264882,0.124530494,-0.1495762,0.18968125,0.48576865,-2.0152724,-1.0363616,0.009479958,1.8727511,-1.498691,0.70641357,-0.09672318,-0.6958143,0.32064074,0.54150206,0.19886334,0.098207034,-0.57995963,1.4742823,-0.4068186,-0.9063475,-0.34761986,-0.5490197,-1.2088683,0.31243125,-0.47134638,-1.628693,-1.6661105,-1.3565401,1.1975296,0.209938,-0.68705875,-0.10517188,-1.2727867,0.13566847,-0.2573438,1.1392235,0.34096465,0.46766737,-1.6590776,-0.6100314,-0.9310172,-0.4809889,-0.43582463,0.26774558,-0.27031,1.0309888,0.39851478,1.242313,0.6970081,0.41231403,-1.0359131,-0.9269313,-1.2437226,0.43776497,1.3675117,-0.3153647,-0.58953017,0.21007992,0.16651331,1.2174915,0.21407694,-0.6881351,0.9663808,0.13346489,1.1727585,-0.1728887,2.0974987,0.8967061,-0.7603979,-0.44881344,-0.13095212,0.8320449,0.6646469,-0.9222269,-0.89846045,-0.44854268,-0.16195007,-0.15721077,-0.24025638,-1.6178375,0.5221692,1.0681347,2.0707695,0.272552,-0.13400374,0.39741066,-1.2657356,0.54786587,1.3295887,-0.39210954,-0.08132198,0.4311217,-1.4780755,1.6500216,0.030412586,1.0474526,-0.8432534,0.33478346,-0.08152399,0.5039962,-0.33219653,0.43615866,-1.1702971,-2.6505826,-0.61541694,0.37367007,0.35047832,-0.27079502,0.5690237,-0.1921506,0.07925477,0.22825575,-0.79323316,0.080698706,0.52410585,0.64816946,-0.116008945,1.461645,-0.06366493,0.771444,0.753262,0.763694,0.53501314,-0.07836359,0.84411365,-0.65926504,1.3075732,0.858057,1.2583066,2.483015,0.3823265,-1.6321653,-1.3190366,1.1321725,-2.796871,-0.24787392,0.71139336,-0.8450667,1.1811968,-1.2991781,-0.7797391,2.037997,0.5144553,0.29288813,-1.9117085,-1.5908647,0.573425,0.7748599,-0.38061535,-0.12642856,-0.9909604,0.6481661,-1.1339886,-0.40562627,0.7758859,0.7976346,0.86111957,1.1482967,-0.87953776,0.8112607,0.10239595,0.2813758,0.17254652,0.8898322,-0.8960061,0.059593096,0.7775636,-0.3636719,-0.33010462,0.0060648597,-0.8937993,0.83235353,0.04340905,0.30711544,0.023247985,-0.8180118,0.517041,-0.10674584,0.44583142,0.94211745,1.8148702,0.76169735,-1.9317656,-0.5196667,0.4762005,0.6734622,0.7641144,0.18293075,1.196725,0.4680203,-0.8613572,0.19764285,-0.18470764,0.17746289,-0.31828192,0.45796728,0.04449876,0.8293939,0.38678768,-0.8066855,-1.0091981,-0.07003138,0.32957807,-0.19479533,-0.50068915,-0.4345639,-1.6859611,0.1487206,0.1441908,0.021821788,-0.79664755,-0.77697784,-0.32322437,0.34881422,0.64296275,-1.8715715,-0.6128829,0.110193886,-0.37053692,0.44784573,-0.31119034,0.43583965,0.39526248,0.5515534,-1.717961,1.1035786,-0.40944442,0.96449953,1.1135055,0.1019901,1.1111037,0.032354906,0.30997983,-0.8843853,0.21729974,0.39651144,-1.7143995,0.60100776,-0.6281482,-0.790701,1.1336685,-1.3734089,0.08800343,-1.1563226,0.5551763,-0.030621687,-1.2247169,1.8481501,-1.6454018,1.1465771,-1.6161275,-0.5531011,-0.122572094,-0.6197402,-1.8362727,1.0346805,0.14863749,0.3167566,0.069042146,0.0967803,0.31636694,0.54506767,0.18942268,1.0505086,-0.2402119,0.5668973,-1.4005648,-1.3578688,0.43900812,0.45184684,-0.9833741,-0.9731279,-1.6338273,-0.077575274,0.6619819,-0.5061925,-0.111238815,0.62081766,0.15810202,0.30390817,-1.348883,-0.70970535,0.36399695,-0.8597998,1.963643,-0.5881343,1.4885482,-1.1817747,-0.91912603,0.5660796,-1.4080399,-0.7505174,-0.4573934,2.1101635,1.2840396,0.42878103,-0.07094986,0.45469436,-0.89928174,-0.06786958,0.6984927,-0.313174,1.4819155,0.53910154,-0.5294253,1.8536967,-0.013154939,1.1026908,-0.6533878,-0.43192735,1.6163124,-0.43533817,-0.69143605,-0.6155565,-0.4690756,-0.3183469,0.39542022,0.3022379,-0.121117316,0.10113307,0.58416754,1.0606061,-0.89701015,-1.053016,-0.606036,0.77268434,1.3893648,1.3860797,1.8508731,-0.35124895,-0.38454607,-2.0347996,-0.16950738,0.9654865,0.037722576,0.5982185,-1.4121021,0.22733669,0.28210846,0.111249626,-1.6708546,-1.6550531,1.3269409,0.4016944,0.034371775,1.6982075,-0.7511971,-1.4762502,-0.64378226,0.5112428,-0.10942215,-0.95781404,-0.7834704,0.6268761,-0.5310178,1.1479005,0.77140766,1.0534123,0.31636867,0.00077910227,1.0964247,-0.11101244,-1.1195636,-0.20155425,-0.3010415,0.49542034,-1.4263326,-0.5551302,0.47609183,-2.0801818,0.8890548,-0.6531226,-0.4371432,-0.02575385,0.021801611,-0.6785359,-0.3311636,-0.13334905,-0.6566219,-0.8041765,0.64082277,-1.4553457,-1.5177428,1.1429588,0.9569114,-0.46937552,-0.047450703,0.249672,-0.32355368,0.6161074,-0.21766354,-0.42497444,0.19823729,-0.56251276,0.06349548,-0.35403052,-1.1714058,-0.61795247,0.42300093,-1.1434623,-1.2805369,0.75552756,0.70568734,-1.3297247,-0.46062902,0.014233355,-0.46490213,1.0572544,0.11986258,0.19080724,-0.10668286,-0.76394606,-0.108976394,0.08089097,0.5990433,0.18577552,-0.21556936,0.613923,-0.40358594,0.4447128,1.5062629,-0.07719314,1.0174216,1.423223,0.23500483,-0.17045085,0.6994292,-0.11606679,-0.2298819,1.401755,-1.6089772,-0.5612679,2.016165,-0.47201562,-0.9601756,-0.3927879,0.03212441,-0.2863199,0.32212684,0.12641494,0.8406783,1.1271166,1.0856124,1.7996546,-0.24667446,-0.18166287,-0.498909,0.28213894,-0.7573941,-0.91566783,0.5819246,0.82583183,2.3412282,-0.45582137,0.5772822,0.59826314,-1.2199954,-1.2301193,0.7535608,0.8776768,0.08892191,-0.95476013,0.26493827,-1.1789092,-0.119796276,-1.6726223,-0.066758044,0.72622806,0.46249962,-0.6696972,0.45633793,0.62955326,0.17235254,-1.497001,0.289783,0.8335872,1.1606292,0.08774457,-0.79954416,-0.047145624,-0.60452604,-1.3785664,-0.29947755,-0.3665273,-0.7762153,0.060726654,-0.3310608,-0.23552375,-0.7347979,-0.6875429,1.1806334,0.14520152,0.047923904,0.09737448,-1.162095,2.1046956,-0.7850229,-0.9109669,1.5206264,0.5415999,-1.5684274,0.38665378,-1.1581535,0.4627334,-0.87634486,0.029824207,1.0790591,0.33034012,-0.68290275,1.3734273,-0.4153606,-0.19751914,0.09002704,0.8380661,-0.18287319,0.25806573,-1.5443245,0.90907,-1.3262624,-0.86509776,0.42355475,0.7071607,-0.6781216,0.014770269,-0.57461154,0.5099025,0.35008273,-1.5056218,1.0410014,1.6785927,-0.3108361,-0.69247395,0.89165145,0.37873563,-0.6366753,0.036628753,2.0684626,0.5876551,0.66617256,-1.0507267,-0.5847629,-0.015527996,-0.39646137,-0.7185767,-0.38504764,-0.1994533,-0.18119656,0.82163644,-0.13879955,0.8872469,-0.52411884,0.13019636,0.9543855,-0.6423443,-0.64242965,-0.09182793,-0.53604174,-1.5413771,-1.2207072,0.62010354,0.7962305,-0.41639736,0.42815265,0.70814615,1.4510269,0.83404094,-0.5980916,-0.09311193,0.47198927,1.0089008,0.7965555,-1.1876401,-1.2295278,0.8387487,1.0098977,-0.96261245,0.4965366,-0.036899935,-0.28673562,-1.7708334,0.7811134,0.3231754,-0.11586567,1.1979529,0.48450598,0.37722743,0.9500509,-0.19972527,0.2570241,-0.024460072,-0.26954454,0.21045673,-0.39293328,-0.6004166,-0.42133895,-0.27347267,0.28567034,-0.12628566,1.1224995,-1.5496143,0.47554848,0.05762313,0.4240211,0.44924316,-0.59394664,-0.50793415,-0.518825,-0.6438253,1.7252827,1.0385237,-0.25703928,-0.9422653,0.58294725,0.9787752,0.44055322,-0.03719882,0.23210686,0.40797114,-1.3237901,-0.47549176,-0.91732436,-0.48138794,0.6482352,0.74253845,-0.7673316,1.4843432,-1.3703189,0.55217826,0.09369861,-1.2778999,0.09972119,-0.37526846,-0.55983275,1.9982376,1.7262591,0.7436474,0.2504345,0.840194,1.0811578,-0.38691857,-0.913112,-1.7296453,0.580653,0.94908667,0.5475214,-1.3420367,-0.08179101,1.0730026,0.010346398,1.0408324,-0.21914996,-0.4342718,-0.99129033,-0.14794545,-0.30677772,-0.38781276,-0.5931416,0.3799478,-1.6455283,0.42145738,-0.2992836,-0.4420681,0.7761461,-1.2263311,-0.16208392,0.2283817,1.1322721,0.6836181,0.6120112,0.40773514,-0.83629066,-0.21280415,-1.3901576,-0.7872793,0.4108045,-1.1253272,0.04359068,-0.033682186,0.57392234,2.3372657,0.33015653,-0.4914495,0.03115648,-0.41178706,0.060486913,-0.13606414,-1.0162057,-0.35566416,0.284573,0.24836285,-0.15795879,-1.1395577,-0.30039993,-0.3559358,0.3588483,0.25028062,0.03914401,-0.030990208,0.7751341,1.9027704,0.5802614,0.199327,0.0
ニ,0.2399881780147552,0.498018354177475,0.8955079913139343,0.005041497759521,-0.2969804406166076,-0.1288875639438629,0.8377258777618408,-0.2465835809707641,-0.6963340044021606,-0.3838145136833191,0.5023658871650696,-0.2319454699754715,-0.2090045362710952,0.0123188756406307,0.3375872373580932,0.0955833196640014,-0.2994687259197235,-0.3320967853069305,0.105328544974327,-0.3356218636035919,-1.199247121810913,-0.4857733249664306,-0.014517749659717,0.0603932812809944,0.0599503107368946,-0.78136146068573,0.1385903805494308,0.0701314210891723,0.1482769697904586,-0.4499062299728393,-0.5657681226730347,0.0919201374053955,-0.1736220568418502,0.0030534949619323,-0.4910091757774353,0.6131080389022827,0.015275546349585,-0.0971176624298095,0.5189294815063477,0.1481046974658966,0.0030237135943025,-0.1044567003846168,0.0200241766870021,0.041071742773056,-0.100732646882534,0.4264664351940155,0.132814809679985,0.496850311756134,-0.1855993121862411,-0.1612194776535034,-0.3438955247402191,0.3898206353187561,0.5209559798240662,0.1577526032924652,0.192417174577713,0.0655715242028236,0.8847101330757141,-0.6201813220977783,0.2481703907251358,0.445669949054718,-0.4492683410644531,-0.5545591711997986,0.2076460719108581,0.0906073600053787,-0.3409030437469482,0.4919306635856628,-0.5973501801490784,-0.1568299680948257,0.4562695026397705,-0.5391255617141724,0.0492937266826629,-0.2538284361362457,0.144734114408493,-0.7692111730575562,0.5159355401992798,-0.4594015777111053,0.1821346580982208,-0.1125316768884658,-0.0764267742633819,0.1738098114728927,0.2126527577638626,0.2442357540130615,0.0553750321269035,-0.6869986653327942,-0.3677364289760589,0.6940591335296631,-0.9101846218109132,-1.0816364288330078,0.8663680553436279,-0.2362627536058426,-0.1768848001956939,0.3000737726688385,0.1569752246141433,0.0842565894126892,0.670451819896698,0.6204149723052979,0.0854531079530716,0.2576430439949035,0.0282056499272584,0.2926505506038666,-0.3810499310493469,-0.2817577421665191,0.3634460270404815,-0.3957997858524322,-0.4156117737293243,0.2613184750080108,-0.18729268014431,0.3636125922203064,0.0976108461618423,0.4044984877109527,-0.2066918462514877,-0.9868265986442566,-0.2262287437915802,0.1464495509862899,0.5395494699478149,0.2332690209150314,-0.1634886115789413,0.3493140339851379,-0.2618437111377716,0.2535730302333832,0.1716625392436981,0.5832396149635315,-0.0342006832361221,-1.1091642379760742,0.0796048045158386,0.3212693035602569,-0.0885724648833274,0.0260915197432041,-0.1137551367282867,-0.1529953628778457,-0.4824707508087158,-0.6091140508651733,-0.3289887309074402,-0.0974496304988861,-0.60126131772995,0.651743471622467,0.6650561094284058,0.5216874480247498,0.0827017351984977,-0.281015008687973,-0.6038870811462402,-0.0620010271668434,0.4018469750881195,-0.3225410282611847,0.6033268570899963,-0.0102281784638762,-0.4963041245937347,-0.4260859787464142,0.162226527929306,0.1483174860477447,-0.1598769277334213,0.80233234167099,-0.7591325640678406,-0.061724979430437,0.1537837088108062,0.451979249715805,-0.7278866171836853,0.169708713889122,0.2764085531234741,0.1890266835689544,0.7832756638526917,0.3377169668674469,0.1770556718111038,0.7063726782798767,0.3589708805084228,0.3684092462062835,0.3855596780776977,-0.3533316552639007,0.0153440618887543,0.4558740854263305,0.3503834903240204,0.2179538458585739,0.7681988477706909,0.1386443674564361,-0.5556210279464722,0.6621384024620056,1.071463704109192,-0.3012385964393616,-0.2049427926540374,-0.5722112059593201,-0.2706075012683868,-0.2144170552492141,0.5491052269935608,-0.7793207168579102,0.5074599385261536,-0.0006776891532354,0.000281504180748,-0.2342703640460968,0.1572796255350113,0.6060560941696167,-0.4203536808490753,-0.5844647288322449,0.2661496698856354,-0.5123875737190247,-0.2070800513029098,-0.2717030048370361,-0.2051060050725937,0.2209423929452896,-0.9210068583488464,0.3236485123634338,0.4330968856811523,0.073336474597454,-0.1983409821987152,-0.4938555061817169,-0.6892940998077393,0.0602587014436721,-0.0897126719355583,0.3994076550006866,-0.1870185732841491,0.0892463326454162,-0.2997252643108368,-0.1554416865110397,0.3474860787391662,0.2821784913539886,0.4196942150592804,0.155134379863739,-0.1165054142475128,-0.1757172346115112,0.3276111483573913,0.0551695227622985,0.3733872175216675,-0.1666144132614135,0.0150819709524512,-0.2423607110977172,0.1224497780203819,0.5370935797691345,0.3706514537334442,-0.6751798391342163,-0.2304879873991012,0.4684117436408996,-0.6569773554801941,-0.8943758010864258,-0.5819957852363586,-0.1027029827237129,-0.5708690881729126,-0.5742595195770264,-0.4286757409572601,0.2313897460699081,-0.5876480937004089,0.527140200138092,-0.1354325413703918,-0.3490617573261261,0.2205250561237335,-0.5164347887039185,-0.2158338129520416,0.1988855898380279,0.1232568025588989,-0.1676084250211715,-0.6289826035499573,-0.2826015055179596,-0.2267360836267471,-0.2499215751886367,0.1019749343395233,-0.3679527044296264,0.5211003422737122,0.7176828384399414,0.8670651316642761,-0.1786787658929824,0.3087609708309173,-0.3622464835643768,-0.4940388202667236,-0.6561098694801331,0.0756227597594261,0.1844679564237594,-0.096898503601551,0.04713986068964,-0.1329451650381088,-0.2873137891292572,-0.9781805872917176,-0.319053590297699,0.3318533599376678,-0.2461916804313659,0.0173809994012117,-0.1850131452083587,0.4622901380062103,0.1793286204338073,0.2592511773109436,0.7661769390106201,-0.3640256524085998,0.27199786901474,-0.3022246360778808,0.2611386179924011,-0.611751914024353,0.1417306810617447,-0.1542247682809829,0.4245662093162536,-0.510331392288208,-0.5345093607902527,-0.533447265625,0.716960072517395,0.4460596144199371,-0.6074992418289185,0.2070235908031463,-0.1222982481122016,-0.5591508150100708,0.4849247932434082,0.3392638266086578,0.0201661754399538,0.2770930826663971,-0.0716230198740959,0.6288016438484192,0.2935670912265777,0.8059220314025879,-0.0894927382469177,-0.2002018988132476,-0.1224767044186592,0.1709357798099517,0.7128282785415649,0.1837633997201919,-0.802681028842926,0.6803693771362305,0.3822384774684906,-0.5349481105804443,0.3936195373535156,0.5953669548034668,0.587542712688446,-1.3823076486587524,-0.1753514409065246,0.6864405870437622,0.7565538883209229,-0.6600862741470337,-7.142586582631338e-06,0.2971343398094177,0.3123375475406647,-0.1888991296291351,-0.2407542616128921,1.2328671216964722,-0.0909240394830703,-0.0652929991483688,-0.222514733672142,-0.0749331563711166,-0.3393189311027527,0.2482902556657791,-0.3786711990833282,0.0935624241828918,0.4356390237808227,-0.5850790143013,-0.1831747442483902,-0.3180065453052521,-0.2905949354171753,-0.424087792634964,0.6385433673858643,-0.5369762778282166,-0.1305275112390518,-0.0190998502075672,-0.4493971765041351,-0.1478213220834732,1.0692458152770996,1.1102465391159058,0.1682927459478378,-0.8284353017807007,-0.7258700728416443,0.1027304828166961,-0.3827482461929321,-0.0908938646316528,-0.5365722179412842,0.1473941653966903,-0.2610086500644684,-0.2499143332242965,-0.0199813451617956,0.0439121536910533,0.1047793179750442,-0.2141801863908767,0.1834008693695068,-0.3466436266899109,0.388646125793457,1.0327752828598022,0.0349547788500785,0.3688464760780334,0.6388689279556274,0.672288179397583,0.3386959135532379,0.065013088285923,-0.8786070346832275,0.0681200474500656,-0.5904049873352051,0.495224267244339,-0.088651955127716,-0.7305606603622437,0.907346785068512,-0.0863807573914527,0.1661152392625808,-0.3564050495624542,-0.511898934841156,0.2590500712394714,-0.4335880279541015,-0.0134439598768949,0.183345764875412,0.1517754644155502,-0.1977767348289489,0.7999216914176941,0.4202208518981933,0.6377631425857544,-0.4777056872844696,-0.7689921259880066,-0.1673790961503982,-0.3213671445846557,0.1558387279510498,0.3721858263015747,0.5082894563674927,-0.0948093011975288,-0.1153046339750289,0.0159989353269338,0.2064537405967712,-0.95878005027771,0.0685359314084053,-0.651793360710144,0.0704318657517433,0.0730981156229972,0.2113152742385864,0.031522374600172,0.0527812577784061,0.3189178705215454,0.5808015465736389,-0.7783799767494202,-0.1613888293504715,0.1788643896579742,0.3199944794178009,0.3388553261756897,0.6496179699897766,0.5549226999282837,0.0590652748942375,0.5409660339355469,-0.2235772311687469,0.3465896248817444,0.1655871570110321,0.1747461408376693,-0.5205464959144592,0.9497072100639344,-0.4511545896530151,-0.0876128524541854,0.1544488072395324,0.0602484680712223,0.5611934661865234,-0.4675502181053161,-0.8076052069664001,0.4199115633964538,-0.1826090663671493,0.561552107334137,1.1829746961593628,-0.0805006995797157,0.2960154712200165,-0.0464479625225067,0.1875627934932708,-0.2053208500146865,0.3647632896900177,-0.1009399890899658,-0.6398433446884155,0.427743911743164,0.1481426209211349,0.2722767889499664,1.4112900495529177,0.0862573981285095,0.2672679126262665,0.1452893763780594,0.241290807723999,-0.3223082423210144,-0.0955208763480186,-0.3009140789508819,0.1278165876865387,-0.1152070388197898,0.8357356786727905,-0.6288214921951294,0.0530882254242897,-0.1288283914327621,0.0524586625397205,0.6772114038467407,0.4081891775131225,0.0012743080733343,-0.3657405972480774,-0.5746895670890808,-0.413478672504425,-0.4503512978553772,0.0139700667932629,-0.6152694225311279,-0.0508028306066989,-0.2447485029697418,0.0497177429497242,-0.9581451416015624,0.4678661227226257,0.4893801808357239,0.0627292096614837,0.1946627050638198,-0.5680791735649109,-0.1699132323265075,0.5439184904098511,-0.685943603515625,-0.636755108833313,0.270639419555664,0.0615531913936138,-0.3260607123374939,-0.957592248916626,-0.1974907964468002,-0.3581154346466064,0.2891275584697723,-0.4286392629146576,0.1623032540082931,0.0123498197644948,-0.565133810043335,-0.1754132211208343,-0.5328487753868103,-0.3943957686424255,-0.0778370648622512,-0.1529422849416732,-0.0435021519660949,-0.2341650277376175,0.0455569177865982,0.8609870076179504,0.5781028866767883,-0.3404849469661712,-0.0678211376070976,0.6001311540603638,0.0134011348709464,-0.3031742870807647,0.1346807926893234,-0.144233226776123,-0.5261630415916443,0.4355503916740417,0.5091544985771179,-0.0833733230829238,0.2180920392274856,0.2670896351337433,-0.7991225719451904,-0.4180024862289428,-0.3345060050487518,-1.050958514213562,0.4238246083259582,-0.3562321662902832,0.8672330975532532,-0.5954985022544861,0.4309892952442169,-0.4024232923984527,0.3909869194030761,0.0171622540801763,0.4163903295993805,-0.4857703149318695,-1.3232897520065308,-0.3382763564586639,-0.2781261503696441,-0.6342113614082336,1.0885275602340698,-0.1200270429253578,-0.7550294399261475,0.2689781486988067,0.2818595767021179,0.183319553732872,-0.2465816736221313,0.2268478572368621,-0.0390494316816329,-0.0169130768626928,0.008017498999834,-0.1576659828424453,0.3537449538707733,0.3585444390773773,0.178397536277771,-0.0097616231068968,0.8249403238296509,0.3854309320449829,0.1550318151712417,0.1726711988449096,-0.452601820230484,0.2316302210092544,-0.0850178897380828,-0.2921363413333893,-0.1442154943943023,0.4841728210449219,-0.4870316684246063,0.5140367150306702,0.3830854296684265,-0.8019239902496338,-0.1514890193939209,1.1948102712631226,0.2635453939437866,0.6823922395706177,0.0765335336327552,-0.0981333404779434,-0.6144131422042847,0.0781684964895248,0.595352292060852,-0.1323657780885696,-0.447791576385498,0.1941670179367065,-0.136386290192604,-0.0078218821436166,0.7715087532997131,-0.0365745723247528,-0.1183796897530555,0.3819184601306915,0.0633423402905464,-0.3294958472251892,0.9611512422561646,0.0925962179899215,-0.3062328100204468,0.0292535964399576,-0.0550469979643821,0.420026034116745,0.4790914952754974,0.1943640857934951,0.4590746760368347,-0.0140517381951212,-0.5848106741905212,0.0721693634986877,0.396188884973526,-0.2210362255573272,0.891806423664093,-0.3367661237716675,-0.2763691842556,0.6258436441421509,0.3863765597343445,0.1282980144023895,-0.0149681763723492,-0.7286804914474487,-0.2715208828449249,-0.6282907128334045,0.0671744421124458,0.1371153444051742,0.4392257630825043,0.3184598386287689,0.1893894374370575,-0.4350124895572662,0.3687155544757843,0.321261316537857,-0.1682348549365997,-0.3007729351520538,0.0684005171060562,0.2578999996185303,0.2626895010471344,0.1784130334854126,0.2423498481512069,0.0831109434366226,-0.4748173952102661,0.7601574063301086,-0.2581839859485626,-0.1072468012571334,-0.09479521214962,0.175308957695961,0.59159916639328,-0.2410508245229721,0.3209672570228576,0.0749908313155174,-0.0473887808620929,0.0560566000640392,-0.4479458630084991,0.1063652485609054,-0.20023974776268,0.0028138619381934,-0.2556470036506653,0.084066055715084,-0.6800851821899414,-0.8131122589111328,-0.0201230570673942,0.40631964802742,-0.4025742411613464,-0.5078088641166687,0.4864073097705841,-0.1204340755939483,-0.5760420560836792,-1.5662147998809814,0.5193831324577332,0.0815850645303726,0.0106269372627139,0.0105899330228567,-0.22087924182415,-0.2326550334692001,-0.1760053634643554,0.2459411770105362,-0.6746455430984497,-0.3293901979923248,-9.807195663452148,-0.0124987848103046,-0.5163050889968872,-0.1690342277288437,-0.1281996369361877,-0.4532968699932098,1.1393678188323977,0.8253955841064453,-0.536453127861023,0.3240262567996979,-0.5628291368484497,0.2936359345912933,0.5911865830421448,0.3530381917953491,0.4281627237796783,-0.3939273357391357,-0.067873790860176,0.0666920915246009,0.3080798983573913,0.1399819999933242,-0.1826901137828827,-0.1620252579450607,1.0195213556289673,0.314514696598053,0.0664615780115127,-0.6188612580299377,-0.1658964902162552,0.6420120000839233,-0.2043704092502594,0.2019911706447601,-0.9699943661689758,0.9677385687828064,-0.1644393503665924,0.0563455335795879,-0.4271545708179474,0.1414322853088379,-0.0807258337736129,-0.0451164245605468,-0.8572476506233215,0.4816361367702484,0.0363676100969314,-0.0011551573406904,0.2120583206415176,-0.0737558528780937,0.4536486566066742,-0.2475725561380386,-0.1137004643678665,0.2647754549980163,0.3160045444965362,-0.0187130738049745,-0.1756884008646011,0.2808996438980102,0.6086269021034241,-0.5372304916381836,0.3729364573955536,-0.7106446623802185,0.3599810898303985,-0.9493100047111512,0.2192019671201706,-0.2922466993331909,0.0507802776992321,0.1272028684616089,0.5295270085334778,0.747220516204834,-0.0787647441029548,0.5490385890007019,-0.0020413962192833,-0.6292516589164734,-0.6555565595626831,-0.1589002907276153,0.3971392512321472,0.1711445152759552,0.0227958634495735,-0.240527719259262,0.1442629247903823,0.4694149494171142,-0.0082037206739187,0.3554873168468475,0.7015735507011414,-0.2771918177604675,0.740035355091095,-0.510673463344574,0.3534307181835174,0.5597468018531799,-0.7759509682655334,0.3758062124252319,0.1695676892995834,-0.1911898702383041,-0.021022655069828,-0.7556512355804443,0.4545226097106933,-0.2344045490026474,-0.2773563861846924,0.0750988349318504,-0.168514609336853,0.1701342612504959,-0.0815538763999939,-0.1397444307804107,0.0923962071537971,-0.5649541020393372,-0.88884354,-0.4599379,0.60500526,1.5632445,-0.42723697,-0.35659152,-0.9233979,0.053995598,0.73953164,-0.683568,0.40306497,0.5084739,-1.6949886,2.171229,-0.5094597,-0.07309264,0.43352827,-0.4031487,0.31835118,-0.3205589,0.7256329,0.74991786,0.6677355,-0.80048305,0.20275168,0.8831617,0.26043996,-1.1110198,-0.6514972,-0.23547122,0.10211351,0.1769928,-0.6803328,-0.36019593,0.4416832,-1.4303408,-1.2254841,1.3977773,0.102047585,-0.036591448,-0.33522218,0.7098444,-0.73493594,0.44905812,-1.2561171,-0.36975327,1.6186062,-0.19027601,0.32949346,-0.054632235,-0.44634548,-0.20958547,0.17405626,0.8947468,0.35860997,-0.42297035,0.7039765,0.4282096,-0.21815877,-0.64734703,0.46931085,1.4787813,-0.5458189,0.5024914,0.45629102,1.2078478,0.1348157,-0.5396396,-0.011722813,-0.5961229,-2.1484,-0.77371716,0.21629052,1.3404062,-1.1164924,1.2304608,0.420434,-0.48334056,-0.12111218,0.36975878,0.6309829,0.47272176,-1.2714415,1.2863443,-0.33982348,-0.21329045,-0.47559842,-0.31945908,-0.98968065,0.17453548,-0.1112142,-1.4710515,-1.0439762,-1.330877,1.3560402,-0.16763213,-0.7549111,-0.96671665,-1.145774,-0.2207776,-0.035271,1.3211781,-0.116940595,0.19612971,-1.3080361,-0.32575884,-0.7892517,-0.89650905,-0.6947627,0.18482135,-0.4564302,0.092181265,0.8231245,1.5229878,0.9460395,0.6628804,-0.9074888,-1.0249722,-0.3857176,0.30049917,1.256503,-0.3287839,-0.9170602,0.967399,0.3687191,1.4625638,0.104202405,-0.22444491,0.8563382,-0.54343766,0.63376313,-0.24999198,1.2356641,0.6292226,-1.1234318,-0.56171095,-0.80333805,0.5830752,0.44884133,-0.5976709,-0.9825271,-0.49325126,-0.009336171,-0.27758002,-0.17357631,-1.7872121,0.45659605,0.49735975,0.78692293,-0.2279962,-0.37085626,-0.5084527,-0.69268036,0.4923052,0.92937404,0.64889985,-0.2371639,-0.22791466,-1.3150241,1.5057406,0.49940148,1.1569747,-0.8320135,0.26811132,-0.48739225,1.0704873,-0.611647,0.433565,-0.9769045,-2.3146281,-0.5007693,0.6331838,0.6885672,-0.12701753,0.57470584,0.13002482,0.64920694,0.10663567,-0.8292677,0.5005478,0.5519268,0.9956749,-0.37371644,1.5588673,0.091073655,0.39318347,0.34754005,0.7493203,0.19249694,0.09190834,0.27577642,-0.6763191,0.6954101,0.8054024,1.2137526,2.4362967,0.62795204,-1.5138426,-1.4142973,0.8222777,-1.6447747,0.15431851,0.92284745,-0.5518334,1.427689,-0.3851382,-1.486613,2.5792685,0.6439921,0.34386823,-1.5190805,-1.3844526,0.8626121,0.87238425,-0.27945837,-0.03892272,-0.59730077,0.21654586,-0.62850654,-0.2957116,0.88089466,0.18983236,0.77876,1.929586,-0.52698845,0.3105995,0.2162484,0.07308888,0.108874045,0.67037284,-0.567879,0.30221185,0.9052661,-0.38859758,-1.2909855,0.2538914,-0.54838073,0.51597404,-0.14910097,0.43168098,0.19667928,-0.91082555,0.4932765,-0.30921182,0.18829165,0.74014056,1.6047027,0.41514188,-1.5571162,-0.43333688,0.3196059,0.78749573,0.13365822,0.17497012,0.7848903,0.50991106,-0.42788076,-0.06716462,-0.18569107,0.31385922,-0.032425605,0.5486913,-0.29915294,0.2269249,0.8611053,-0.7789086,-0.65130675,-0.42675,-0.07054645,-0.7286426,-0.44011968,-0.49306288,-1.2681743,0.4118043,-0.22928624,0.520978,-1.0793221,-1.271271,-1.393635,-0.095301986,0.5930939,-0.80982864,0.22569194,0.48190722,-0.030856814,0.6681632,-0.73042107,-0.27334404,0.7309541,0.65536165,-1.7208751,0.8747104,0.46530467,0.39028105,1.0204868,0.14745358,1.6551815,-0.31755066,0.6430595,-1.4320229,1.1404655,1.343805,-1.8808371,0.9129718,-0.21670341,-0.2974003,0.03721217,-1.6851413,-0.33361316,-0.84444034,0.14887094,0.24679652,-1.8380554,1.9909527,-1.6375765,1.5909564,-1.3957984,-0.37270337,-0.24500039,-0.8224494,-1.3931204,1.0073379,0.7249464,0.32712695,0.6045904,0.8419736,0.15576491,0.5764087,0.6786297,0.9245759,-0.47918558,0.9206994,-1.0391223,-1.5955362,0.16645542,0.63092345,-0.9106606,-1.8131717,-1.6900908,-0.69595593,0.36510333,-0.91752195,0.31419373,1.0736309,-0.46903747,0.64170074,-1.3417051,-0.176285,0.8178213,-0.7445344,1.3761352,0.19698033,1.3688133,-1.4066486,-0.44687834,0.52116877,-2.1894238,-0.24642286,-0.55468875,1.6794674,0.0047224313,0.16383317,0.6033331,0.33533543,-1.0570278,-0.5521946,0.716225,-0.545969,1.7866957,0.71994996,-0.48198313,1.8303239,0.19547525,-0.010442507,-0.13776502,-0.16023734,1.6598495,0.018156666,-0.28177065,-0.6150502,-0.36808348,-0.115320124,-0.115281485,0.26626357,0.21763048,-0.29867953,-0.3676767,0.7255167,-0.77140903,-0.6455289,-1.1095198,0.26222065,0.7431445,2.4090686,1.6505419,0.36432612,-1.21046,-1.8972032,0.6811544,1.0358626,-0.41253662,1.0025755,-1.6026827,0.28446335,0.43235484,-0.42296997,-0.5463374,-1.781483,1.8731368,0.23933466,0.74496096,1.5769364,-1.2355367,-1.70492,-0.25434527,0.9029133,-0.19823968,-1.0315291,-0.35426867,0.5618442,-0.8932327,1.1952422,0.33793503,0.6797223,-0.2630691,0.23562434,0.67313683,0.20024855,-0.41657916,-0.77988565,-0.13185592,0.5453413,-1.7155517,-0.45559564,0.7681653,-2.1743484,0.6227869,-0.26298934,-0.14108887,0.38266262,-0.6802989,-0.57006407,-0.65491116,-0.084735595,-1.4636843,-0.7162854,0.41040832,-1.2949927,-1.7061322,1.0438957,1.5688564,-1.2219759,0.5047788,0.19612183,-0.27810007,0.3407043,-0.1105203,-0.7251924,0.73944294,-0.045908116,-0.06852003,-0.089455865,-1.1736331,-0.64503354,0.03617736,-1.3559697,-1.2026798,0.9979698,0.47287732,-1.1634868,-0.46279413,-0.22043955,-1.0411327,0.7815603,0.6026738,-0.094016895,-0.8890985,-0.47317156,-0.28686854,0.3218055,1.0381515,0.047647737,-0.5145711,0.8279611,0.062185775,-0.12659009,1.6614548,0.08861867,0.35546365,0.759552,0.17798823,-1.077298,0.9324275,-0.28054008,-0.048571337,0.90844554,-1.8199177,-0.6827279,1.6204468,-0.54361266,-1.0166364,-0.40727514,0.3524646,0.1762069,0.65324026,0.391486,0.8194078,1.5700268,0.64039433,1.4981441,-0.31606463,-0.8565941,-0.5603651,0.33918962,-0.96698207,-0.7389685,0.7147413,0.60070527,2.382566,-0.045746345,0.20462856,0.91857326,-0.88718903,-0.9677987,0.7114392,0.6840745,-0.69900423,-0.7586442,0.4931182,-0.5607853,0.1433616,-2.084069,-0.72323173,0.23154922,0.66788787,-1.0323145,0.042675067,0.44508252,0.35334212,-1.0394279,0.7763712,1.5696888,1.0737622,-0.35024232,-1.1363375,0.33884907,-0.97893274,-1.3958386,-0.17547663,-0.54224867,-0.7165825,0.0076633915,-0.1351811,-0.51977134,-0.5618258,-0.5205755,1.5853338,0.092926785,-0.57897365,0.17325555,-0.7626975,1.98176,-0.49073488,-0.39985007,1.0368583,0.9754093,-1.759537,0.30271894,-1.0386713,0.42561445,-0.5770677,0.33293924,0.68780196,0.61552906,-0.42182168,1.6399548,-0.094669536,-0.019821268,0.74441797,0.30074412,-0.09960751,0.55203646,-2.2805238,0.9605524,-1.6981161,-1.4442344,0.5242384,0.94630563,-0.08828159,-0.14685805,-0.8066126,0.7113801,0.6627024,-1.2927673,0.9813002,1.9542452,-0.5786478,-1.0232509,0.8265025,0.5583254,-0.55632997,0.29799646,2.231299,0.8222812,0.80621165,-0.6855106,-0.38912255,-0.2716556,-0.77984756,-0.61772746,0.10510524,-0.2347569,0.10648432,0.664137,-0.6273227,0.75410795,-0.9735115,0.3404901,0.8370371,-0.493779,-0.1534299,0.7593813,-0.36106533,-1.5322808,-1.3280511,0.15715444,0.6909512,-0.13151309,0.099602915,0.6055215,1.7277787,0.48301974,-0.3131076,-0.39385614,0.2701822,1.4567169,1.0466579,-0.5051204,-1.3565731,0.59221274,1.2315553,-0.66628456,0.4034191,-0.49082017,-0.15752004,-1.5014086,1.0473282,0.27048057,-0.29298207,1.6065254,0.84910536,0.17283003,0.7620509,-0.36701196,-0.124156,-0.60210097,-0.5866066,-0.17327261,0.37143594,-0.93440735,-0.33663234,-0.39768147,-0.121225655,-0.20034237,0.75253624,-1.070718,0.6672329,-0.08090232,0.987059,-0.25986877,-0.17629042,-0.90140265,-0.4020564,-1.605438,1.8532503,0.94410545,0.13719742,-1.7575334,-0.6608993,1.0025842,-0.2880761,-0.5864359,0.41182145,-0.17633927,-1.329108,-0.27672234,-1.1721791,-0.36133546,0.5823742,0.3788221,-1.0088952,1.4887805,-1.5975444,0.77957994,-0.064223275,-0.89828646,0.38577563,0.45644265,-0.87897366,1.5679188,1.2691038,0.2135497,0.2515447,0.83315325,0.9412688,-0.13312402,-0.35024053,-1.5436844,1.1379805,0.6037615,0.37104344,-1.0479792,0.08945217,1.0386014,-0.7200323,1.7241404,-0.7287385,-0.6221767,-0.39639843,-0.40212616,-0.74678975,-0.88591766,-0.9214257,-0.39925346,-1.5430319,0.1865275,-0.6004576,0.012515512,0.33976865,-0.93707085,0.7786695,0.41668406,0.9427234,1.2382171,1.1734143,0.2583846,-0.6291966,-0.27997476,-1.0976133,-0.6453586,0.91616917,-1.1032234,-0.028868735,0.40742412,0.8144601,2.0810962,0.5133577,-0.8217436,0.48489743,-0.20142138,-0.5401407,0.42827454,-0.8550519,-0.80757093,0.3548264,0.7836886,-0.12794356,-1.1853675,-0.41675138,0.07438709,1.0111017,0.24251452,0.3338386,0.21882391,0.97474957,1.4086139,0.6120419,-0.5055019,-2.0481567,-0.28588855,1.1710478,0.7056531,-1.5228463,-0.70170724,-1.5935509,1.1265333,0.64729434,0.08145225,1.2620564,0.42197004,-0.8154079,1.3581691,0.17832014,0.0036240225,1.1032679,-0.7269158,1.2483695,-0.17568678,0.8921386,0.42385805,0.53247666,-1.9369779,0.9202987,1.611762,0.41498184,-0.8415302,-0.44282043,0.09660342,-0.7204816,-0.64464056,-1.0055552,-2.2868736,0.47259447,-0.96636796,-2.3978298,1.4389871,0.02500651,-0.10615122,-0.7632118,0.49027094,0.18439773,-0.6495193,-0.51989084,-0.2552108,1.0048919,0.078375906,1.116623,-0.5295046,-0.9560297,0.06866808,0.91588885,1.0251088,0.4118719,0.33026955,0.5838888,0.75268686,0.11829002,0.6555778,1.5426626,1.0512049,-0.33783072,0.20690542,1.0875269,1.0503316,-0.0009192154,0.24049765,0.59283185,-0.020670356,-2.809986,-0.9588853,0.09372586,1.615422,-1.013522,0.42266586,-0.020091102,-1.1070025,0.42628723,0.49310565,0.55125034,-0.67037326,-1.0429323,1.2498968,-0.49738812,-0.92048484,-0.13648108,-0.90431154,-1.2672032,0.016892083,0.26630136,-1.6030557,-1.2377008,-1.9234734,0.71145034,-0.55450666,-1.038891,-0.7766627,-1.3735774,0.23863026,-0.63239175,1.0746222,0.4645533,-0.0345307,-1.7277339,-0.060302585,-0.3399305,-0.40998793,-0.928807,0.47697705,-0.09454115,0.98234284,0.44134334,1.3807036,0.49887156,1.2162145,-1.404814,-0.6778238,-0.902199,0.5586873,1.1789728,0.29782513,-0.39778876,1.0784743,0.3471576,1.05732,0.6020563,-1.3104587,0.6681782,-0.28500068,0.60101634,0.08697714,1.8615992,0.1019938,-0.40431425,-0.7629575,-0.38704193,0.26115978,0.8411876,-0.60061896,0.13860776,0.19287491,-0.14296505,0.25729805,0.16970374,-1.0546046,0.44232914,0.99478257,1.5756955,-0.09807798,-0.45330125,0.7326837,-0.587685,0.2165308,1.3559637,-0.48101544,-0.34697533,0.7648586,-0.6683715,1.5573301,-0.7993783,0.8820316,-0.6877636,0.7159132,0.07090059,0.5005881,-0.43087664,0.862889,-0.8714051,-2.4127443,-0.19932947,-0.38723934,-0.06835058,-0.6756238,0.6862558,-0.19744103,0.67458576,0.12328829,-0.38722453,-0.7913896,0.5897621,0.32369012,-0.015069764,1.4051125,-0.35560098,1.2672107,0.78424525,0.95075464,-0.2310496,0.22624998,0.9702553,-0.9202634,1.4762881,1.0568242,1.720978,2.8719697,0.8329908,-1.0943083,-1.2828628,0.5907703,-2.7342312,-0.65877205,0.13035867,-1.471484,1.3052326,-1.8689532,-1.2521147,2.07121,0.22351284,0.36046034,-1.3282632,-1.5191332,0.5611192,1.1537746,-0.46329737,-0.46390802,-1.0368359,0.47166353,-0.95077556,-0.24009098,1.0396991,0.6685436,0.54681987,1.3799706,-0.59874636,1.3927754,0.2055297,0.11168212,1.3871424,0.30538452,-1.4576063,0.021009058,0.78393507,0.06089683,-0.7631152,0.15177849,-0.68332714,-0.16783534,-0.47013712,-0.08575785,-0.12584479,-0.68809724,-0.21299396,0.34249288,0.5142472,0.66342336,1.6615155,0.36078978,-1.3729019,-0.2430786,0.45859137,0.8644157,0.1849725,0.14332727,0.98533857,0.61169666,-0.56455946,0.22395328,-0.3699236,-0.36131167,-0.4569031,0.8740116,0.06708469,0.74112135,0.049759135,-0.6188445,-1.9960312,0.14897278,0.39014634,0.34515104,-0.932051,-1.2132901,-0.6708166,0.9785838,1.0834184,0.029799655,-1.5948856,-0.8553546,-0.04795961,0.35103497,0.6024566,-1.5536971,-1.2657084,-0.7887049,-0.93928266,-0.30165362,-0.23209262,0.4172874,0.3469092,-0.050757706,-1.5978756,1.189001,0.18678094,1.1870052,0.9601586,0.5678917,1.6920383,-0.33667234,0.12970652,-0.12296679,0.54773647,0.7665421,-2.085519,0.42160633,-0.06095545,-1.1708548,1.6990004,-0.39323235,-0.4331044,-1.100265,0.46010327,-0.38196263,-0.3718689,2.1062322,-1.848797,0.8797672,-1.7503626,0.13724181,-0.736783,-1.4271173,-2.2574415,0.11799878,-0.0304472,-0.2883132,0.5006577,0.031516045,0.12623274,1.4427875,0.46419954,0.15298879,-0.32754132,0.21357211,-1.3764958,-0.6094353,0.26956767,1.1869862,-0.8289221,-0.45447758,-0.69716823,-0.36649048,0.42414507,-0.65847754,0.081153244,0.2664832,0.35082746,0.71823466,-0.9427576,-1.2725823,-0.28187817,-1.1318748,2.0898118,-0.0059818923,1.3646858,-0.77282476,-1.2961167,0.5175433,-1.7445564,0.056323726,-1.0566057,2.382218,0.8353171,-0.06520894,0.28108793,1.7066908,-0.4942466,-0.17280066,0.3621411,0.40971184,1.401597,0.62543166,-0.1879983,1.2922013,-0.32690096,1.0983955,-0.3741973,-0.77938145,1.778188,-0.5554701,-0.7289694,-0.3891003,0.12638989,-0.9414716,0.86849475,0.40212405,-0.031789154,-0.11821318,0.16248463,1.4503732,-1.3252405,-1.0530034,-0.2662099,0.99760604,1.1338812,1.8324649,1.6614714,0.38571692,-1.1642668,-2.3533437,-0.3816329,0.8133387,0.19896406,-0.036357492,-0.6742114,0.44876125,0.6900567,0.34957835,-1.4457891,-1.6986879,2.0884385,0.8482732,-0.31468245,1.1529603,0.6748102,-1.85179,-1.1704855,0.5794106,-0.27238625,-0.11824772,-0.29664674,0.391051,0.1011129,0.33651304,0.6592406,0.80080295,-0.08435264,0.13889924,0.57678264,0.47102365,-1.3846389,-0.07429731,-0.25466484,0.8106361,-1.9331098,-0.6712407,0.3264571,-2.4532514,0.6994955,-0.5378754,0.104531586,0.039804183,0.41330907,-0.81853896,-0.92362046,-0.41213697,-0.7279456,-0.55969214,1.0025028,-1.5994585,-1.6321465,0.7795972,0.840153,-1.1014731,0.87458366,0.13204446,-0.5774268,0.9209919,-0.3113989,-0.92059004,-0.21676484,-1.3029158,0.11885999,-0.78584313,-1.511003,-0.867206,0.55345374,-1.6478508,-0.9764312,0.29733354,0.21186665,-1.3686104,-0.17594792,-0.5379431,-0.83258474,1.5213895,0.31634122,-0.6136524,-0.13171202,-0.90531707,-0.6828812,0.9723687,0.5315877,0.609752,0.10344086,0.44499657,-0.39643747,0.34891102,1.9291337,-0.5481107,0.54361147,1.5060773,0.71515316,-0.47708225,0.3423571,-0.27584964,-1.2563294,1.2275888,-1.4637544,-0.48479068,2.562738,0.19441448,-1.4434651,-0.56908846,-0.27719045,-0.10285239,-0.2438994,-0.07034907,0.8023858,1.2478391,0.8775996,2.0074108,0.37064126,-0.69467384,0.27097717,0.7370579,-0.954007,-0.86789244,-0.048291117,0.548756,2.911472,-0.5398389,0.048387304,0.3649391,-0.9929498,-1.1753258,0.81069255,0.85378915,0.11722571,-0.41272002,0.6259399,-1.1575567,-0.5062779,-2.1936822,0.12068057,0.82684326,0.25195485,-0.32059497,0.7043321,0.56689525,0.5262853,-0.88002753,0.7248975,1.1085408,2.236627,0.5800239,-0.45588538,0.80504465,-0.09379265,-1.8113005,-0.077056766,-1.1073182,-0.18073541,0.37249005,-1.258832,0.2580567,-0.8131237,-0.7028277,1.4334064,0.033046372,0.16844676,0.34254974,-2.0141854,2.0876021,-0.17123333,-0.5673348,1.6938095,0.5141256,-0.7692539,0.41658002,-1.8695362,0.7232132,-0.3386584,-0.7551862,0.6254221,-0.17386311,-0.80189157,1.7821579,-0.52964073,-0.2529868,-0.20757785,0.3028556,0.3678603,0.55292624,-0.9139309,0.48337376,-0.9531963,-1.2608142,0.16455907,0.28243837,-0.15758109,0.32388544,0.1920822,-0.18194456,0.06418683,-0.8270751,0.31397504,1.4589566,-0.2199058,-0.3088575,1.3397143,0.61642134,0.03599664,-0.28874338,1.9839191,0.76374614,1.2570682,-0.8106014,-1.0740132,-0.7048961,-0.27542365,-0.8186406,-0.63688457,-0.36162502,-0.35445547,0.8796226,-0.19910796,0.8493073,-0.7533927,0.6647154,0.09631573,-0.75613385,-0.24205792,-0.04008113,-0.5515206,-1.136699,-1.1536566,0.49001712,1.5349872,-0.3928545,0.6547482,0.95899034,1.6851256,-0.09651078,0.06286082,-0.7110629,0.008285433,-0.025361858,1.4425954,-1.5010574,-1.3755705,1.0427902,1.2776855,-0.4351967,0.026092915,-0.22567369,-0.0034166987,-1.2162632,0.8931426,0.17601185,-0.51445454,1.3100245,0.9424024,-0.33999836,0.7753437,0.58917594,-0.4664235,-0.6497524,-0.28894293,0.19620797,-0.48877364,-0.8924561,-0.44921672,-0.58988917,1.0104264,0.1204451,1.0567064,-1.5265427,0.65073633,-0.02158682,-0.21057348,0.24316575,-0.98480946,-1.1335324,-0.8142587,-1.331891,1.5342687,0.9259163,-0.055789515,-1.1642258,0.5316419,1.0419904,0.5565103,-0.12507892,0.10424539,0.53285956,-1.2927318,-0.5818094,-1.5301354,-0.5924966,0.67754966,1.1508101,-1.0838172,0.47503775,-1.3973868,0.1650349,0.25202045,-1.2209302,0.5150366,-0.6041942,-0.34193736,2.8878179,0.92382693,0.29934666,-0.24999698,0.8125148,1.962515,-0.3479653,-0.017691508,-1.044193,0.372449,1.3598416,-0.3419534,-0.87321377,-0.8014629,0.66898656,-0.81807494,0.91326094,-0.97681797,0.09385309,-1.1945201,-0.11870161,0.69024116,-0.86695594,0.13933109,1.2575011,-0.68233395,0.7551225,-0.5001776,-0.7232555,0.32172632,-1.2294489,0.3711291,-0.39803618,0.8766986,0.8585129,0.35105878,1.1501285,-0.40340722,-0.30001658,-0.48606881,-1.0377011,-0.14792544,-1.1958585,0.82349545,0.0809101,0.31865466,1.788552,0.2614196,-1.2637446,0.23007658,-0.11943849,0.59436655,0.07636529,-0.8382994,-0.38968018,0.10188722,0.2450557,0.31824717,-0.74257654,-0.19783556,-0.24473214,-0.010461789,-0.29081658,-0.18921074,-0.55533636,0.6483693,1.6620699,0.3480135,-0.36164623,0.0
モ,0.9757569432258606,0.6749680638313293,0.9160282611846924,-0.5770445466041565,0.1010512188076973,-0.0959448739886283,0.2260678857564926,0.2389405071735382,-0.394376128911972,-0.0393854789435863,0.440192848443985,-0.6591034531593323,-0.1601279824972152,-0.3064844608306885,0.1344659924507141,-0.45746511220932,0.0625317022204399,-0.3295319974422455,-0.22050641477108,-0.3122970163822174,-0.8919770121574402,-0.7594207525253296,-0.1853798925876617,0.2188920974731445,-0.1910526156425476,-0.985809564590454,0.1007179394364357,0.5949540734291077,0.2635058164596557,-0.5725122094154358,-0.2786420881748199,-0.0629119798541069,0.0073620057664811,0.2458503395318985,-0.7454453110694885,0.075811855494976,0.0332646593451499,-0.3871772587299347,-0.0506983622908592,-0.0629001185297966,0.1152482405304908,-0.4269048869609833,-0.4453933835029602,0.3785352110862732,-0.2071513831615448,0.3537138998508453,-0.031223464757204,0.3142997324466705,0.2183587998151779,0.2201131582260131,-0.4038738012313843,0.4041521549224853,0.425471693277359,-0.1674828231334686,0.2165240347385406,-0.4730794727802276,0.3049252927303314,-0.5639246106147766,0.1720008552074432,0.6032027006149292,-0.239325076341629,0.0690906047821044,0.1045584678649902,0.2978010177612304,0.0470392890274524,0.1192821487784385,-0.1337632089853286,-0.1666222512722015,-0.1568894833326339,-0.1522393524646759,-0.0515811257064342,0.0941227525472641,-0.2164250910282135,-0.137162372469902,1.0071940422058103,-0.2370384484529495,-0.0247733034193515,0.3810829520225525,-0.2730003595352173,-0.4653922021389007,-0.1041339486837387,0.572119951248169,0.0350106954574584,-0.7765647172927856,-0.070925585925579,0.4563371539115906,-0.7200241684913635,-1.202042579650879,0.3911978006362915,-0.2852736413478851,-0.1570264548063278,-0.1534004509449005,0.0471417196094989,0.468172937631607,0.09709133207798,0.0730906948447227,0.1132175922393798,-0.2423918843269348,0.1727945506572723,0.6402551531791687,-0.0581529773771762,0.1234323531389236,0.3324566781520843,-0.3275882303714752,-0.1585267037153244,0.1391417235136032,-0.1200745105743408,0.188875138759613,-0.2060467153787613,0.2481434047222137,-0.5333521962165833,-0.979328155517578,-0.6886600852012634,0.0963836759328842,0.2440036386251449,-0.2300655096769333,-0.4473761618137359,0.4729285538196563,0.002128135645762,0.3371374905109405,-0.1655120253562927,-0.0143981827422976,-0.1765172928571701,-0.1010989397764206,0.1618200540542602,-0.0055616712197661,0.0663326531648635,0.0136193977668881,0.1685331761837005,0.0065427785739302,-0.5123899579048157,-0.2534539997577667,-0.6648191809654236,-0.0751880705356597,-0.3039854168891907,0.7245415449142456,-0.0233443547040224,0.2936453223228454,-0.1287098079919815,-0.2575443983078003,-0.059321854263544,0.0079647898674011,0.4464979767799377,-0.4081531763076782,0.0856433883309364,-0.3519479036331177,-0.2409956902265548,-0.5759998559951782,-0.1140337586402893,0.2878223061561584,-0.3483795821666717,0.7437653541564941,-0.7317702770233154,0.4019326269626617,0.1306826919317245,0.3696637749671936,-0.5716943144798279,-0.328275978565216,-0.2157846689224243,-0.0782648250460624,0.2432252615690231,-0.3281313776969909,0.2566916644573211,1.0450568199157717,0.0076466258615255,-0.1523385792970657,0.5658129453659058,0.2982853651046753,-0.0525276735424995,0.684965968132019,0.8822084665298462,0.1984110623598098,0.2870163917541504,-0.1006898507475853,0.1933297961950302,0.1893860250711441,0.8501880168914795,0.3371810913085937,-0.3322291076183319,-0.2928677499294281,0.519032895565033,-0.1708110272884369,0.1536852270364761,-0.5715721845626831,0.4330354034900665,-0.3459009528160095,0.4607249498367309,-0.1279805302619934,0.0852313116192817,-0.0538889355957508,-0.0931285992264747,-0.2021214514970779,0.2720342874526977,-0.2636159658432007,-0.4522548317909241,-0.3665700554847717,0.106261670589447,-0.1381389498710632,-0.0096690822392702,0.1834071427583694,0.1189355626702308,0.0115183293819427,-0.1249828413128852,-1.1111500263214111,-0.5005223155021667,0.5144323706626892,0.3942021429538727,0.7604984045028687,0.6160243153572083,0.5863209962844849,-0.1094428971409797,0.3094867765903473,0.4329841732978821,0.1043677851557731,0.8115395903587341,-0.044036541134119,-0.4804971218109131,-0.5231109857559204,0.0759973376989364,-0.1084706410765647,0.7262665629386902,-0.2271509915590286,0.0668463855981826,0.0828060209751129,0.1157882660627365,0.1256670653820037,0.1843454837799072,-0.2011999636888504,-0.1004347950220108,0.5576381087303162,-0.8038695454597473,-0.1897670775651931,-0.7078806757926941,0.0298724416643381,-0.693244993686676,-0.2618941962718963,-0.5148773789405823,-0.4967519640922546,-0.6160101294517517,0.1886693835258484,-0.0489765256643295,-0.4232003092765808,0.1868058294057846,-0.3497185409069061,0.15017931163311,0.9877723455429076,-0.1097733974456787,-0.2371234446763992,0.0914276391267776,0.047660119831562,-0.3577341735363006,-0.622891902923584,-0.0054006087593734,-0.8360463380813599,0.9036998748779296,0.3564980030059814,0.6088647246360779,0.1141679361462593,0.4406469464302063,-0.5345606803894043,0.041442833840847,-0.6767209768295288,-0.4219784438610077,0.1229605600237846,0.471838891506195,-0.1211957111954689,0.1574984788894653,-0.0063870465382933,-0.1725136488676071,-0.4321721196174621,0.1804598718881607,0.2942863404750824,-0.1645444333553314,-0.3271107971668243,0.1311961561441421,0.1473788172006607,-0.3855530619621277,0.8938804268836975,-0.5586043000221252,0.2726260125637054,-0.4538394510746002,0.4363297522068023,-0.2730979025363922,-0.256797581911087,0.0540732443332672,0.1250181198120117,-0.5106499791145325,-0.5047711730003357,-0.1305207759141922,0.616267204284668,0.6881330609321594,-0.519388735294342,0.0117315286770462,0.6077224016189575,-0.0081067327409982,0.0722132921218872,0.119690753519535,0.2174902707338333,-0.2392555475234985,-0.6110792756080627,0.7405552268028259,-0.0235992167145013,0.2673302590847015,-0.1856444925069809,-0.0291665680706501,-0.4459306597709656,0.0673999786376953,0.1888500154018402,0.4036676287651062,-0.1067791283130645,0.6409578323364258,0.9843835234642028,-0.2149361670017242,-0.2979083061218261,0.4485390186309814,0.6622840762138367,-1.8538326025009155,-0.2041660398244857,0.2170791625976562,-0.0274829007685184,-0.8259491920471191,0.2285222560167312,0.1909473687410354,0.1926114857196808,0.0099703269079327,-0.9482415914535522,0.818393349647522,0.244650050997734,-0.0502013489603996,-0.1039883270859718,0.4776352047920227,0.2160197049379348,-0.253480315208435,-0.6503969430923462,0.4117457270622253,0.2589434683322906,-0.284033715724945,-0.3751254975795746,0.2734731137752533,-0.2655577361583709,-0.2802866995334625,0.1458420604467392,-0.1918870210647583,0.3025580942630768,-0.3039587140083313,-0.1217050105333328,0.2764224410057068,0.7831966876983643,0.4916667342185974,0.7065092921257019,-0.6342092156410217,-0.2035236954689026,-0.030612226575613,-0.009174944832921,-0.0211075134575366,-0.6478630900382996,-0.1484850347042083,-0.150659441947937,-0.0909792184829711,-0.3543875813484192,0.1114163324236869,0.3383809626102447,0.1934741288423538,-0.0797038078308105,-0.3867030739784241,0.3040476441383362,0.7624569535255432,0.0877795219421386,-0.1761549413204193,0.3129302561283111,0.6990050077438354,0.2824506759643554,0.082988753914833,-0.39300337433815,0.3223514854907989,-0.501899778842926,0.1589908152818679,-0.4645299613475799,-0.0261761117726564,0.580502450466156,-0.5004780888557434,0.30310720205307,0.4085598289966583,-0.3425005376338959,-0.5255314707756042,-0.4408917725086212,-0.1821471452713012,-0.1569828689098358,-0.0916477069258689,-0.925133228302002,1.0303244590759275,0.3311627805233001,0.2691119909286499,-0.245103046298027,-0.6227831244468689,0.0237553380429744,-0.1318100392818451,-0.1160037815570831,-0.0374749526381492,0.4025934040546417,-0.1926587522029876,-0.3367231786251068,-0.2797297239303589,-0.1737249493598938,-1.0098724365234375,0.0788132771849632,-0.957037627696991,-0.3984876275062561,0.0279314089566469,0.708143413066864,-0.0927544757723808,-0.1729588061571121,0.1135859489440918,0.2989955842494964,-0.4364091157913208,-0.413961112499237,-0.040670957416296,0.8010936379432678,-0.2469027787446975,0.0053336243145167,0.5768932700157166,0.1957901269197464,0.6381428837776184,-0.1398029923439026,0.1971505284309387,0.0549620389938354,-0.5681306719779968,-0.4310335516929626,0.5816974639892578,-0.3641787469387054,0.5211485624313354,-0.2232511341571808,-0.2183834165334701,0.444451242685318,-0.1783301085233688,-0.7220080494880676,0.184738278388977,0.2721154987812042,-0.3107751011848449,0.3594979643821716,0.1729731112718582,0.899496853351593,0.183706060051918,-0.0443672910332679,0.0632839277386665,0.1436331421136856,0.6972894072532654,-0.31682288646698,0.0605561956763267,-0.2857124209403991,0.5439347624778748,0.7674780488014221,0.4278034567832947,0.316206157207489,0.8601690530776978,0.0803180634975433,-0.5944874286651611,0.2441348880529403,-0.0435755886137485,-0.036231443285942,-0.2400859892368316,0.3822607398033142,-0.4050053358078003,-0.1828151941299438,-0.1844485998153686,-0.0829601734876632,0.522892415523529,-0.3199160695075989,0.1169574707746505,-0.3037259876728058,-0.4510950744152069,-0.5252627730369568,-0.8413795232772827,0.2394175976514816,-0.6015396118164062,-0.0130529794842004,0.304487943649292,-0.0016482658684253,-0.1080154106020927,0.4337679147720337,0.1299225240945816,0.4143628478050232,0.0514305084943771,-0.3373008668422699,-0.1611281633377075,0.4990343749523163,-0.1006543934345245,-0.2741180062294006,-0.0680951476097107,0.190677672624588,-0.3964534699916839,-0.6877052783966064,0.1048579588532447,-0.2473276704549789,0.0835115760564804,-0.0591364204883575,0.6532180309295654,0.2377328127622604,-0.4458768367767334,-0.0026152792852371,-0.1477084755897522,-0.1992504745721817,0.1104356721043586,-0.8357944488525391,-0.1470086276531219,-0.0141196800395846,-0.0287028979510068,0.1592108309268951,0.4545393288135528,-0.4363607466220855,-0.3171842396259308,0.5329827666282654,0.285133957862854,-0.2112492471933365,0.0174937937408685,-0.2141890823841095,-0.5698750615119934,0.4220879077911377,0.2388964593410492,0.0104245664551854,0.1951257586479187,0.0591490566730499,-0.6787995100021362,-0.4573504328727722,-0.3311511278152466,-1.000455021858215,0.420969158411026,-0.0600189678370952,0.2499492466449737,-0.4997598230838775,0.0124455345794558,-0.1198388189077377,0.3085497915744781,-0.0061156498268246,0.0510685816407203,-0.1341304630041122,-0.2498428225517273,-0.100819818675518,0.1872296184301376,-0.902981460094452,0.903473138809204,0.3635186553001404,-0.6413354277610779,0.1065243929624557,0.8733764886856079,0.5536312460899353,-0.226671501994133,0.3446851968765259,0.0192849244922399,-0.2070434987545013,0.1271798908710479,-0.1304006576538086,0.3511546552181244,0.6057475209236145,-0.1678652018308639,0.1977549195289611,0.7211394906044006,0.317692220211029,0.3476895093917846,0.00529764033854,-0.0984115302562713,0.0431212745606899,-0.2444055378437042,0.3462001979351043,-0.0186165012419223,0.4399855732917785,-0.2947188317775726,0.8139684200286865,0.710666835308075,-0.4170121252536773,-0.1657324433326721,0.904951274394989,0.5785465240478516,0.3502776324748993,-0.0479523576796054,0.4233873188495636,-0.6423798203468323,0.0100579652935266,0.7963665127754211,0.0484119318425655,0.0874627977609634,0.2319787740707397,-0.2548098564147949,-0.1386835873126983,0.2299742847681045,-0.3601557314395904,0.3685186207294464,0.0743602588772773,0.1449256986379623,0.1214152723550796,0.9474963545799256,0.1294476091861724,-0.11721982806921,-0.2829869985580444,0.0272374991327524,0.9707024693489076,0.4003251791000366,0.1161241382360458,0.4184789955615997,-0.5239896774291992,-0.7160212397575378,0.2884884178638458,0.2395973354578018,0.4181027412414551,0.3314131498336792,-0.3171224296092987,-0.8337098360061646,0.3323343694210052,0.0515629649162292,0.2662889957427978,-0.2187333703041076,-0.6296384334564209,0.3687102198600769,0.1326432228088379,-0.7111840844154358,0.0160705223679542,0.1204149723052978,0.7228238582611084,0.0205795262008905,0.4811916351318359,0.5413381457328796,0.3805579543113708,-0.2815284729003906,-0.1499946266412735,0.2980535924434662,-0.0621722750365734,0.0582227483391761,-0.1643683314323425,0.0719732269644737,-0.1200183779001236,-0.4781737923622131,0.2563371360301971,-0.1529210358858108,-0.0730245485901832,-0.4622911810874939,-0.0872256755828857,0.4062610566616058,0.0036917261313647,-0.1315760910511016,-0.4319250881671905,-0.0121737867593765,0.1158286184072494,-0.6250787973403931,-0.2706327438354492,0.224060371518135,-0.2309248596429824,0.0554384402930736,-0.1037269160151481,-0.8494049310684204,-0.6626018285751343,-0.1649157702922821,0.2198531627655029,-0.717615008354187,-0.5079148411750793,0.5160558819770813,0.180120438337326,0.2226188033819198,-1.5752164125442505,0.3352097272872925,-0.0714263170957565,0.581639289855957,0.1297259628772735,0.3132452964782715,0.0555768236517906,-0.0069835283793509,-0.3700921535491943,-0.3031861186027527,-0.1255348324775695,-10.118189811706545,-0.2473987340927124,-0.7391456365585327,-0.391312301158905,-0.4691698849201202,-0.183402270078659,0.8879675269126892,0.6419965028762817,0.0525713972747325,0.4375913739204407,-0.2927428185939789,0.8748483061790466,0.2373399883508682,0.189436137676239,-0.2893595993518829,0.026322066783905,-0.3255416750907898,-0.3560661673545837,-0.2389947474002838,-0.2288420349359512,-0.1808101832866668,-0.2936289310455322,0.2548368573188782,0.1997123062610626,0.4182250499725342,-0.4880892634391784,0.1854372471570968,0.2552536427974701,-0.4021287858486175,0.4138175845146179,-0.4684028923511505,0.5114248394966125,-0.3049837946891784,0.4366782605648041,-0.2625919580459595,0.0053909546695649,0.1751573085784912,0.232889175415039,-0.3697788417339325,0.463871031999588,0.5129739046096802,0.2726808786392212,-0.0239656381309032,0.1504347771406173,0.5094926357269287,0.2266224920749664,0.3754364848136902,0.3676313757896423,0.5877224206924438,-0.0110685806721448,0.2663854658603668,-0.1609422415494918,0.3628093898296356,-0.4397547245025635,-0.1687099635601043,-0.2629787921905517,0.8346320986747742,-0.7007181644439697,0.2634390592575073,0.0340358018875122,0.3745407164096832,0.1813335567712783,0.4824490845203399,0.8310155868530273,0.3251977264881134,0.4929811656475067,0.322527527809143,-0.0237648040056228,-0.7491282820701599,-0.4808701276779175,0.346692681312561,0.4031094312667846,-0.1921228170394897,0.1646279692649841,0.2259988337755203,0.058794479817152,-0.1395866274833679,0.0641438961029052,0.7503800392150879,-0.2597523629665375,-0.0116587150841951,-0.4078022241592407,0.0786360427737236,0.3920592069625854,-0.643795907497406,0.3947852253913879,0.2515108585357666,-0.3727778792381286,-0.0155958086252212,-0.021749185398221,0.6768658757209778,-0.1406090259552002,-0.646511435508728,0.2862076461315155,-0.0045917234383523,-0.4350846707820892,0.1673124134540558,-0.2951107621192932,0.318316787481308,-0.320817232131958,-0.78175473,-1.1716338,0.7796981,1.8289614,-0.4107503,-0.1910581,-0.98382986,0.26679066,1.0436835,-0.6279725,0.6934944,0.11113069,-1.4737158,2.0953674,-0.985424,-0.22024496,1.4403844,-1.1194243,0.45640627,-0.75305957,0.36477667,-0.064578146,0.91305435,-0.17223996,0.9712642,1.1926613,0.5278874,-0.63002694,-0.6540454,0.0150208585,0.718921,-0.13840912,-0.027701944,-0.7231379,0.6342996,-1.642177,-1.2655426,0.8804498,0.22949529,-0.5519608,-1.0177077,1.3146278,-0.3981568,-0.7697441,-0.40133893,-0.40790322,2.2164116,-0.19981146,0.16727851,-0.6799429,-0.64607775,-0.11067179,1.2925065,1.0423172,1.1475602,0.026720613,0.87858063,1.1695986,0.28965437,-0.8599651,0.68161494,1.5023925,-1.5196867,-0.7591012,0.123820186,1.0977486,-0.03298147,-0.7109154,-0.7285099,-0.46503496,-2.3044019,-0.42293438,0.057437353,0.7124255,-1.5790062,1.2181445,0.23389405,-0.7558607,0.1139376,0.26333845,-0.17892459,0.42279541,-0.8617493,1.3752168,-0.3525817,-0.5370288,-0.8353213,0.12361102,-1.2460614,-0.1732054,0.24512173,-1.0053,-1.1306449,-1.3324128,1.275174,-0.32927564,-0.23897758,-0.372631,-1.4057344,0.27912757,-0.2358737,1.2504377,-0.11890028,-0.67366093,-1.0799203,0.029830813,-0.9181555,-0.5250604,-1.0841511,1.0044445,-0.31153706,0.28344536,1.0541278,1.5654026,0.80882984,1.3338563,-0.9899901,-0.805539,0.44410408,-0.42077452,1.4066744,0.46113893,-0.5502897,0.2187052,0.038880147,1.0217422,0.5580555,-0.82503045,0.6037855,0.67482346,0.9796614,-0.3879789,1.7789495,0.6271151,-0.7772445,-0.14095923,-0.6314873,0.084714524,0.7181556,-0.49974233,-0.49001905,-0.06272268,-0.7826876,-0.70987445,0.23471624,-1.5373857,-0.042463116,1.0398751,1.2507553,0.38641548,0.052462347,-0.36860198,-1.1677125,0.802516,0.78251517,0.21672508,0.1410465,0.16681036,-1.584073,1.5641468,0.5972914,2.0108843,-0.3592248,0.45565704,-0.16558313,0.5389201,-1.2987546,0.8279057,-1.2641001,-1.9854155,-0.46932924,-0.030733518,0.6216651,0.3207434,1.1508354,-0.5533905,0.7157324,0.07990615,-0.7572795,-0.23201661,0.48841685,1.4221303,-0.29914588,0.78786504,-0.28626183,-0.048210062,0.856653,0.2363037,0.45966613,0.26326272,0.8217094,0.10191241,1.0936213,0.7941512,1.1999011,2.607144,0.7942505,-1.7312518,-1.1653055,0.39025885,-2.2181778,-0.55228764,0.6930145,-0.92295384,1.4243327,-0.5342513,-1.1748196,1.8551035,0.58254695,-0.053274527,-1.6486408,-0.7932105,0.30973938,0.53930223,-0.52531064,0.16900249,-0.82697976,0.409782,-0.022853993,-0.35940748,0.3050313,0.32898,0.37684107,1.942981,-1.0987836,0.39450163,0.22018045,0.71462536,0.86972713,0.9250331,-0.90843236,0.30280808,0.7234845,-0.4553475,-0.004487388,0.22132844,-0.84635305,0.65438265,-0.8147787,0.148009,0.49919334,-0.3897943,0.35964507,-0.24092412,0.3016531,0.74925345,2.3185995,0.13051012,-1.7506398,-0.35766518,-0.3716817,0.5781343,0.6483951,0.21803351,0.43084556,1.6503854,-0.9509922,0.12364027,-0.11545139,-0.3931524,0.15871656,0.96318704,-0.5921644,0.6541968,0.5414139,-0.20021284,-0.45693547,-0.101216175,-0.1055685,-1.4489272,-1.2519926,-0.2488442,-1.2726281,0.09644255,0.00055871904,0.3286641,-1.2821298,-0.877176,-0.88914895,0.037585475,0.903416,-0.85699165,-0.99090254,0.8135019,-0.74893236,0.78783375,-0.109030895,-0.3529103,-0.0064349733,0.5187039,-1.2853503,0.8995949,-0.23052469,1.0164081,1.582429,-0.14906535,0.89542615,-0.51281613,0.64883375,-1.0044906,0.4880175,1.284225,-1.7120192,0.6094945,0.09241845,-0.7495405,0.39830434,-1.2882851,-1.1486065,-0.74120826,-0.10807258,-0.018958848,-1.3573216,1.524411,-1.8239635,1.5898002,-0.74785244,-0.72092533,-0.9271872,-0.82518876,-0.88880515,0.9191923,0.6520516,0.33234677,0.50962853,0.50673366,0.18328479,0.28689605,0.25819728,0.7384497,-0.056023765,0.7892326,-0.3784981,-1.235338,-0.50688386,0.25772244,-1.711742,-1.2658815,-2.266495,-0.5473697,0.73427176,-0.538766,-0.33614722,1.2769043,-0.45287752,0.7745925,-0.8571664,-0.32402703,0.06351028,-0.4522016,0.84664136,-0.09265368,1.833564,-0.7217895,-0.1506077,0.31417102,-1.6987329,-0.5848322,-0.6122295,1.4138136,0.6329655,0.3277933,0.9403554,0.24746563,0.0697654,-0.29430652,1.1964045,-0.59117925,1.5039861,0.31122476,-0.8591742,1.6409085,-0.34972495,0.7569579,-0.36962688,-0.45910218,1.6193624,-0.0038162023,-0.28961945,0.34974396,-0.27350175,0.27629766,0.044330455,0.31497687,-0.22977279,-0.7197006,0.84106857,0.43230644,-0.7433531,-0.6986143,-0.45267707,0.5284778,0.5774547,1.5482982,1.4234852,-0.73143023,-0.7363876,-2.0486867,0.5403347,0.9011507,0.7323391,-0.08548648,-1.722169,0.346598,-0.060238294,0.12958072,-1.2018565,-2.1448684,1.5271562,0.8121991,0.2516417,1.6113716,-1.1724575,-1.2799399,-0.17906964,0.19281846,0.124957815,-1.0173676,-0.6979153,0.5748847,-1.3651268,1.1105354,0.5322373,0.05001238,-0.39442533,0.024471208,1.3541689,0.10875718,-0.76433104,-0.48694396,0.48753655,0.39873806,-1.4405318,-0.6253396,0.1621244,-1.8095902,0.82714945,-0.6266552,-0.61950463,-0.2154977,-0.8788762,-0.82213825,-0.78590024,-0.31383586,-0.7093731,-0.9346285,-0.107931115,-0.8783871,-1.8327992,0.9898463,1.3188154,-0.69512665,0.12568387,0.26866898,0.53938365,0.4248377,-0.10480858,-0.20191775,0.595704,-0.3398859,-0.27046555,-0.5504983,-1.3380553,-0.25831366,0.88167125,-1.2297298,-1.024691,1.2384026,1.0671054,-1.768059,-0.102121495,-0.50248325,-0.48046297,1.1868045,0.8834318,0.57304275,-0.19187681,-0.69082856,-0.048616704,0.06169741,1.5797685,-0.27235866,-0.029597096,0.69035196,-0.14712432,0.16945808,1.5143209,0.49279982,0.783586,0.56448805,0.0020172484,-0.6446294,0.4038882,-0.084927805,-0.482496,0.8592054,-1.707453,-0.44976136,1.9235147,-0.99322295,-0.4700657,0.1904288,0.37689275,-0.52256864,0.7533988,0.44326407,1.53819,1.223314,0.82275534,1.419116,-0.14122657,-0.33070308,-0.6167931,0.48587978,-1.080689,-1.5225936,0.16153596,0.62334824,1.6307582,-0.28250137,0.1673026,0.82931775,-0.8135979,-1.0960729,0.16087376,-0.018300619,-0.50779176,-0.9428278,0.39706063,-0.96637124,0.3786916,-1.6917918,-0.69623876,0.66533774,0.7883849,-0.24822098,-0.20162423,0.58642304,0.28844553,-1.0865885,-0.03550935,1.4369534,1.2847992,0.031303324,-1.032947,0.02793064,-0.42413658,-1.8865312,0.17440856,-0.94446385,-0.88048816,0.2345914,-0.42022914,-0.027151737,-1.1388006,-0.44879887,1.5397147,-0.017101169,-0.5823708,0.59822786,-0.94095916,1.3511122,-0.38376796,-0.2183257,0.97454447,0.74909407,-1.4234322,0.70233595,-1.175935,0.4089088,-1.0188155,0.23055482,1.1962899,1.073323,-0.42165563,1.0195508,-0.19393961,-0.35911903,-0.048305146,0.38663644,-0.4185391,0.084528714,-2.2560189,1.2305739,-1.3593696,-0.99094045,-0.051729992,0.81961185,-0.30172813,-0.15302852,-0.4947693,0.6234641,0.5033497,-0.9712687,0.8878719,1.7378786,-0.714922,-0.5051561,0.65960586,0.5248192,-0.33006155,-0.12929767,2.913321,0.6026957,1.055724,-1.6688459,-0.4774888,0.44994286,-0.40280247,-0.5192647,0.10779496,0.05345404,-0.06562695,0.15482172,-0.3949648,1.320064,-0.86449414,0.28319466,0.8542478,-0.77075523,-0.36744136,0.39134014,-0.7394299,-1.7011625,-1.4386232,0.5896726,0.62478167,-0.040978566,0.10802122,-0.026572987,1.7485373,1.1677022,-0.094521485,-0.7590798,0.87477237,0.89082485,0.73035485,-0.34301263,-1.1059412,0.387224,1.4531546,-1.2097889,0.79500836,-0.596017,-0.38285142,-1.9930991,1.1721648,0.731998,0.43881473,1.3148206,0.33333796,0.18663028,0.5214208,-0.1556129,0.07530688,-0.8164523,-0.3720715,-0.04625503,-0.035002153,-0.22916366,-0.045167457,-0.97721815,-0.055961408,0.115162134,0.8099663,-1.4427562,0.6190283,0.5963206,1.0566585,0.24857385,-0.06724341,-0.87151796,-0.85413545,-0.68945044,1.6908327,0.8621409,0.08715361,-1.3392037,-0.064508155,1.190849,0.3610662,-0.8878415,0.5658919,-0.1806699,-0.66540897,-0.5986542,-1.3127275,-0.36452934,0.4965769,0.4686519,-0.6274129,0.5689571,-1.6100185,0.78775716,-0.6925707,-0.90630025,0.07755806,0.43202385,-0.9042335,1.1950612,1.0787725,-0.024959676,0.22359464,0.6278347,0.68805563,-0.23674619,-0.4912843,-1.862777,0.78596514,1.176101,0.05297111,-1.1520269,-0.3048761,0.46847522,-0.31298026,1.9843087,-0.5449998,-0.5279991,-0.66430616,-0.9371532,-1.2222506,-0.22878931,-0.9827417,-0.2492705,-1.0237736,-0.13229896,-0.5944669,-0.27676415,0.31007358,-0.5393242,0.47129306,-0.054640107,0.9265471,1.0932425,-0.03664618,0.080958664,-0.41773754,-0.5740329,-1.3545218,-0.8968642,0.8617083,-0.7761265,-0.37507987,-0.09934876,1.5421515,2.1691802,0.063209236,-0.69570935,-0.061098564,0.47883436,0.3626877,0.6178334,-0.5836721,-0.24873877,0.3093028,0.21993896,0.43096754,-1.1861758,-0.6499336,0.02448459,0.52126104,0.26487914,0.89188796,0.49244848,0.28304672,1.7135594,0.7910915,-0.27002212,-0.46456566,-0.30040878,0.48222584,0.56531066,-1.2365437,-0.48991966,-1.6500275,0.94870347,1.1466662,0.18204992,0.36870486,-0.376113,-1.2732852,2.4016607,-0.84419984,0.31408393,1.2049628,-1.2116053,0.25037423,0.08449335,0.28638875,0.5340377,0.5675541,-0.93397206,1.081074,0.6432041,0.4084255,-0.3338316,-0.26489532,-0.8058225,0.08242655,-0.3691477,-1.0592836,-0.16653569,0.16953495,-0.74737823,-1.6735718,0.99561274,-0.0815681,-0.68880457,-1.1421678,1.4991474,-0.034447704,-0.6051162,-0.44002932,-0.2905829,1.6070312,-0.7892332,0.33838633,-0.4899165,-0.97961366,-0.06760121,0.6021263,0.79531515,0.28627047,-0.8063356,0.9541131,0.960776,0.24782422,-0.84092224,0.26183316,0.42145842,-0.6513318,-0.8658722,0.70308673,1.0749011,0.06297362,-0.2769,-0.07651293,0.10703032,-1.9547726,-1.3249774,-0.12782216,1.2473288,-1.6112859,0.722456,-0.00036268233,-1.364285,0.2587246,-0.10337374,0.5070335,-0.28659385,-0.67325926,1.167739,-0.7174201,-1.082577,-0.3921502,-0.48501644,-1.392206,0.010815392,-0.54738593,-1.6341568,-1.5197899,-1.6126978,2.0979595,0.21942839,-1.0025674,-1.023297,-1.0689325,-0.19926424,-0.17227626,0.79822195,0.8791965,-0.25257713,-0.74525607,-0.7622619,-0.60644084,-0.377045,-0.56766695,0.6766902,-0.20712408,0.6022831,0.857571,1.5523555,0.8717802,0.5194238,-1.4475425,-0.7900367,-0.81646156,0.32508254,1.8520632,0.45885578,-0.59124583,0.46396485,0.35926852,0.7970638,0.31678128,-0.30745497,0.4573183,-0.09606092,1.344718,-0.11291771,2.3917215,1.0443666,-0.5659035,-0.6720342,-0.32841676,0.822137,0.40790004,-0.8476798,-0.41744217,-0.08004054,-0.5134791,-0.066293016,0.24469729,-1.2241623,0.1139089,0.29322797,1.9008732,0.31475645,-0.5644872,0.31776476,-1.717425,0.38749593,1.2899995,0.13742092,0.17037734,0.40678462,-1.1101562,1.7936836,-0.74543583,1.4101797,-0.6978249,0.78115296,-0.2954266,0.52883524,-0.824551,0.21815582,-1.0247549,-2.5914497,-0.44180775,0.20477204,0.7780341,-0.15622452,0.94564515,-0.2771892,-0.22724159,0.5528174,-1.2042968,-0.30219236,1.0239373,0.74638563,-0.19238965,1.617601,0.03784426,0.74129874,0.5266695,0.20774606,0.918718,0.09227128,1.6951771,-0.15811458,0.9591902,1.265887,1.0126916,2.700686,0.28930697,-1.52128,-1.5234352,1.0480754,-2.3828335,-0.24551503,0.57444036,-1.4210298,1.1823059,-1.4527991,-0.92531455,1.7406027,0.8394747,0.10893053,-1.4624956,-1.2612164,0.9397478,1.1135134,-0.38985223,0.021158561,-0.82771313,0.351136,-0.61004865,-0.50621134,0.7493381,0.93928146,0.7633707,0.6277848,-0.9548109,0.8469612,0.45778093,0.21645269,0.15201895,1.0129688,-0.59345484,0.47294062,0.94753706,0.06467117,-0.8918375,0.60952383,-0.255243,0.5102316,-0.4454894,0.5901786,0.6187909,-0.5963147,0.31976604,-0.34036765,0.43965358,1.0128286,1.7531536,0.108917095,-1.597393,-0.41040438,-0.25333524,0.68341863,0.8040988,0.37810057,0.38380703,0.9797106,-0.73227626,0.12769857,-0.06374386,-0.2966844,-0.028176893,0.21536286,0.34832868,0.17198825,0.40524182,-0.7765006,-0.99714345,0.060154866,0.24980636,-0.798577,-0.6594167,-0.58057785,-0.9516085,0.34867018,0.65803564,0.35586515,-0.5812624,-1.1759684,-0.271048,0.7352568,0.8031421,-1.7169755,-0.24917579,-0.08018498,-0.45526615,0.5075215,-0.04236554,0.23589544,0.42651242,0.23871645,-1.3575194,1.0409579,-0.22707787,1.1357135,1.1925266,0.021820668,1.3362336,-0.66963756,-0.22363953,-0.92620003,0.29962203,0.9356271,-1.5792382,0.815451,-0.49245483,-0.70539415,1.3038883,-1.4651304,-0.08084658,-0.9533583,0.3759358,-0.57889163,-1.2259918,1.742617,-1.9762548,1.6228584,-1.5947015,-0.5717348,-0.5426739,-0.7509023,-0.7970753,0.39336717,0.41548434,0.2877579,0.23034663,0.051986195,0.37444243,0.28931898,-0.04819269,1.2514497,0.32190418,0.65792334,-1.3713094,-1.4707654,0.06358443,0.23924597,-1.2874053,-0.72722554,-1.473842,-0.22282755,0.3645209,-1.1666363,-0.8035366,0.814843,-0.7019181,0.63432217,-1.4032853,-0.99221545,0.5450068,-0.8908948,1.7306591,-0.78731793,1.5545263,-1.2942317,-0.6500625,0.29254645,-1.3658972,0.28002098,0.051468622,1.916486,0.5321844,0.5384444,0.6521102,0.9170786,-0.60610837,-0.1205024,1.4263794,-0.15724829,1.7376165,0.25989732,-0.36053845,1.7769053,0.09943194,0.9248575,-0.21447401,-0.00027202367,1.686395,-0.5276786,-0.38575408,0.30847183,-0.057717074,-0.10374789,-0.07723471,0.73584956,0.36377302,-0.3423596,0.54781973,0.8302399,-0.30115905,-1.3128988,-0.41427603,0.87463725,1.3388875,0.9502443,1.4233961,-0.27852106,-0.40840062,-1.8533056,0.51584446,0.9461689,0.57089627,0.31812674,-1.5910885,0.90124303,0.45771217,0.20463824,-1.7228712,-1.9308655,1.5477822,0.71219736,0.029777873,1.4990537,-0.84280604,-1.7367493,-0.5310751,0.11576022,-0.22647047,-1.2539576,-0.9675766,0.065956,0.0891448,1.6039292,0.89384043,0.7419349,-0.015288418,-0.3334217,0.68237364,-0.038502507,-0.4550318,-0.010699669,-0.024280954,0.59490246,-1.636244,-0.40062207,0.31975177,-2.394891,1.3405757,-0.1992033,-0.49884534,-0.31278333,0.31142634,-0.94042444,-0.29239258,0.14242218,-0.97952443,-0.0947092,0.7470402,-1.3049778,-1.0854973,1.4996704,1.0650758,-0.25518566,0.16203192,0.4735611,-0.13831136,1.0373127,-0.25515658,-0.528118,0.07006668,-0.26097226,0.049224593,-0.2893007,-1.3315389,-0.33192334,0.6416108,-0.86617947,-1.198555,0.69768417,0.20198365,-1.5228225,-0.53019637,0.15902963,-0.8514013,0.8553175,0.8282007,-0.302504,-0.2841736,-0.89643735,-0.73911965,-0.27872735,0.20420626,-0.6926319,-0.09886497,0.7471092,-0.9204359,0.36342025,1.9025347,0.08133058,1.9071586,1.4324714,0.122847416,-0.17900074,0.61591727,-0.07714137,-0.44021067,1.0058941,-1.1027969,-0.97835493,1.6554453,-0.023687154,-0.8899129,0.031226158,0.719587,-0.32123962,0.11131106,0.038755454,0.53815204,1.4490739,1.1542045,1.7112093,-0.0026262521,-0.22711246,-0.76703364,0.6088901,-1.0618124,-0.87261903,-0.23091578,0.64889604,2.6311684,-0.53766155,0.35455424,1.054196,-1.3031008,-1.0113434,-0.02904737,0.61670315,-0.13350017,-0.69737554,0.21587567,-1.3121579,0.10752921,-1.7411648,-0.4828773,0.78623664,1.1040113,-0.76992595,0.24042234,0.92275494,-0.112230435,-0.86586034,-0.23829278,0.5485991,1.7789385,-0.43541718,-0.60498524,0.068335876,-0.9182607,-1.8665997,-0.23271465,-0.93385,-0.8724964,-0.064865075,-0.18010244,0.003955281,-0.6395179,-0.6439816,1.5559889,0.30401498,-0.72865415,0.54658073,-0.7619156,0.7627734,-0.37523067,-0.7516832,1.9425443,0.41991812,-1.2714303,0.50485814,-1.3177242,0.8481199,-0.6508999,0.65167123,1.1484584,0.8774311,-0.7418081,0.9939348,-0.3203452,-0.26160598,-0.18268478,0.87863046,-0.44314098,0.08154859,-1.8724442,1.0234401,-1.3171713,-1.0726174,0.1184904,0.99592286,-0.9056016,0.045330238,0.09380098,0.7316855,0.15999435,-1.4006851,0.19733554,2.0119596,-0.59369045,-1.1441498,0.40209088,0.45910397,-0.49689847,0.42461562,2.163477,0.2949919,0.5768831,-1.2449661,-0.91858876,0.8306198,-0.676971,-1.6455574,-0.7397443,-0.33585444,0.14923283,0.30855352,-0.18569246,1.0860302,-0.17200175,0.5688156,0.7362073,-0.39433843,-1.0072142,-0.19084026,-0.27278432,-1.311627,-1.2952648,0.56537986,0.73248637,-1.030923,0.4545219,0.8071278,1.810043,0.6275682,-0.82078373,-0.6102875,1.1026459,0.8868086,0.5246339,-1.3215783,-0.8532332,0.42520466,0.9827936,-1.218366,0.08579996,-0.45488444,-0.34197554,-1.9955251,1.1937866,0.26651162,-0.31217155,0.8594903,-0.04146455,0.20697923,0.7798408,-0.3792662,0.7039387,-0.051114332,-0.6971255,-0.4305277,0.18801938,-0.55794066,0.40977445,-0.68954724,0.31370646,-0.67877066,0.49588045,-1.3219752,0.588538,0.013003686,0.37497368,0.3001042,0.25527936,-1.5291232,-0.5067593,-0.35000387,1.6440834,0.659883,-0.06307735,-0.6383297,0.52178955,1.8159225,0.8178485,-0.28394043,0.2760094,0.221523,-0.69129616,-0.19671252,-1.2849663,-0.6657662,0.54395694,0.588987,-1.4147359,1.634585,-1.6827396,0.58392423,-0.40964207,-1.4699627,0.2142547,0.09197514,-0.7344798,2.2905755,1.5607798,-0.3918055,-0.25424322,0.6384657,0.7068604,-0.6170441,-0.22217622,-1.295172,0.6495703,1.2218606,0.9468191,-1.1384628,-0.344809,1.138986,-0.33108443,1.01568,-0.3825522,-0.3827785,-0.5349515,-0.13640383,-0.86469424,-0.4525605,-0.6029006,0.016505385,-1.2442725,0.77393085,-0.16883063,-1.2756509,0.7914523,-0.42297286,0.15671842,-0.3181104,0.8687584,0.7138816,1.1770685,0.5704075,-0.8703758,-0.23516747,-1.3040745,-0.34302133,0.482071,-1.2047333,0.22423296,0.21504363,0.75495684,2.0840125,0.070637025,-1.2041947,0.56697285,0.013999444,0.67005014,0.027887344,-1.3968904,-0.77800924,0.4164508,0.57776636,-0.19571991,-1.2027537,-0.40552226,-0.14085516,0.68542784,0.29641268,0.5156146,-0.16587755,0.39487436,1.5847886,0.42505464,0.18815616,0.0
ト,0.8996260166168213,0.3091306984424591,0.8128196001052856,-0.2528380453586578,-0.1021915450692176,0.498119443655014,0.1280118227005005,0.3840456306934356,-0.290893018245697,-0.49491748213768,0.3341619670391083,-0.803521990776062,0.1989378482103347,0.1809910237789154,0.1721638590097427,0.1530837565660476,-0.01554202940315,-0.4074300825595855,-0.0606828145682811,-0.570345938205719,-1.0546220541000366,-0.0369774103164672,-0.2991218566894531,0.2889216542243957,0.164684921503067,-0.317931592464447,-0.2962252497673034,-0.4271906316280365,0.4819767773151397,-0.1961931735277176,-0.4648936688899994,-0.0252728480845689,-0.4996964633464813,0.420471578836441,-0.5736588835716248,0.4704953730106354,-0.1890293210744857,-0.4815788865089416,-0.1681751310825348,-0.4406565129756927,0.1583725810050964,-0.3773936331272125,-0.0615124627947807,-0.0439044535160064,-0.2498262971639633,0.6917619109153748,0.0302302464842796,0.1576395183801651,0.2645204663276672,-0.2304853945970535,-0.4334127604961395,0.5702952146530151,0.2433650940656662,0.0413600355386734,0.1607748717069625,-0.3356172144412994,0.5277810096740723,-0.6633083820343018,-0.152849331498146,0.2852748930454254,-0.1861856877803802,-0.4667502641677856,0.5344983339309692,0.0556747764348983,-0.0427642874419689,0.2617135047912597,0.2389733344316482,-0.3032140135765075,0.5039264559745789,-0.4780051112174988,-0.3234815895557403,-0.0611474849283695,0.1538707166910171,-0.7275570034980774,0.4141207039356231,-0.1881037652492523,-0.1657401919364929,0.6868111491203308,0.4237031936645508,0.0694168955087661,-0.15147764980793,0.3234793245792389,0.2861833274364471,-0.4032003879547119,-0.1320907473564148,0.2482378929853439,-0.0742134675383567,-0.8614476323127747,0.4737623631954193,-0.5372330546379089,0.2122320532798767,0.528571367263794,0.1825357377529144,-0.1868368089199066,-0.1269278526306152,0.0509512424468994,0.1526120901107788,-0.1859646290540695,-0.184329092502594,0.4229695796966553,-0.2293413132429123,0.0226301215589046,0.5044824481010437,0.1653891503810882,0.0982902199029922,-0.0306381434202194,-0.3704431056976318,0.3076728582382202,-0.0213690157979726,-0.1750111877918243,-0.814728319644928,-0.1683972030878067,-0.6698461174964905,0.1157899871468544,0.6152269840240479,0.0175114721059799,-0.4292435050010681,0.5626465082168579,-0.1703510880470276,0.8910979628562927,0.2701065242290497,0.4711628258228302,0.5260424017906189,-0.1019001081585884,-0.1460152119398117,0.4655564129352569,0.111426368355751,0.1392479240894317,-0.1978039294481277,-0.4805182814598083,-0.1417904049158096,-0.3801599442958832,-0.4309259057044983,-0.1052948832511901,-0.1312112659215927,0.8661500215530396,-0.1172980070114135,-0.1050710901618003,-0.0886020734906196,-0.3388873040676117,-0.2612992823123932,-0.0580046474933624,-0.0454300120472908,-0.4789079427719116,0.3125255405902862,0.2268348336219787,-0.6365393996238708,-0.4465288519859314,0.0886500403285026,0.3683957159519195,-0.2486686557531356,0.9401832818984984,-0.5585260391235352,-0.3164741992950439,0.297910213470459,0.4510190784931183,-1.0740251541137695,0.0129828741773962,0.0004862471541855,0.411834180355072,0.3133655786514282,-0.4941574037075043,0.2592560052871704,0.3563391864299774,0.2305641621351242,0.103045143187046,0.6448560357093811,0.2651421129703522,-0.247644692659378,0.4879533648490906,0.4013620018959045,0.4365999102592468,0.3123576641082763,0.1468756049871444,-0.2140146046876907,0.5567857623100281,1.2289366722106934,-0.026782626286149,0.0012881067814305,-0.5752584338188171,0.1059619709849357,-0.0029120447579771,0.3110544085502624,-0.3856780230998993,0.4334426522254944,-0.1182776242494583,-0.2915705442428589,0.1608136445283889,-0.072502925992012,0.4139984846115112,0.0047096842899918,-0.430829793214798,0.3365592062473297,-0.4927613139152527,0.0282448381185531,-0.5528544187545776,-0.1863062977790832,-0.0200989916920661,-0.6821146011352539,0.3971534669399261,0.0563734620809555,0.0408522970974445,0.1567983478307724,-0.5989828109741211,-0.796501636505127,0.1134212240576744,0.027827488258481,0.4852899312973022,0.0698265060782432,0.4077881872653961,-0.019125685095787,0.1330146342515945,0.2972253561019897,-0.0215060953050851,0.1030815616250038,0.171573519706726,-0.1311210095882415,-0.284414678812027,0.5811503529548645,-0.2709708511829376,0.2741950154304504,-0.2463198006153106,0.1566730737686157,0.0616434067487716,-0.0260170232504606,0.3482306599617004,0.1172711625695228,-0.0490546934306621,-0.314342588186264,0.6526536345481873,-0.7907117009162903,-0.6642009019851685,-0.6164801120758057,-0.1173263266682624,-0.5155933499336243,-0.2548924088478088,-0.4165508449077606,0.0543952211737632,-0.5302118062973022,0.40133997797966,-0.0904225930571556,-0.4339526295661926,0.0731585398316383,-0.479508638381958,0.3593266606330871,0.1972244828939438,-0.1946451216936111,0.017105221748352,-0.269402801990509,0.0862214192748069,-0.198182612657547,-0.5656488537788391,-0.1888728588819503,-0.354779839515686,0.4441421329975128,0.3750664591789245,0.766671359539032,-0.3710583448410034,0.2083147019147873,-0.4456469118595123,0.0860977172851562,-0.8170363306999207,0.0769248455762863,0.3513203561306,-0.0356194153428077,-0.166098415851593,0.1119831353425979,-0.3100745975971222,-0.5340006351470947,-0.622278094291687,0.4798263013362884,-0.1230681911110878,-0.0381958819925785,0.1979717463254928,0.2617088854312897,0.1837843954563141,-0.5938850045204163,0.4249916672706604,-0.3400745689868927,0.1601413190364837,-0.2728180289268493,0.0994215533137321,-0.4922556281089782,-0.1917393207550048,-0.1536792814731598,-0.2748197317123413,-0.2930305898189544,0.0337580181658268,-0.1702262908220291,0.7822957634925842,0.2697502970695495,-0.1400968730449676,-0.5411432981491089,-0.0572116486728191,-0.5610448122024536,-0.1291662752628326,0.7431551218032837,0.3014249801635742,-0.452632337808609,-0.4046013057231903,0.4500130414962768,0.6757626533508301,0.135520339012146,0.2148144990205764,0.0892589092254638,-0.207424521446228,-0.0733067616820335,0.1040553078055381,0.3896326124668121,-0.3187504410743713,0.0655990913510322,1.1923129558563232,-0.1171466186642646,0.5989602208137512,0.9556357264518738,0.544395387172699,-1.6782699823379517,-0.3916419744491577,0.0014779843622818,0.1307417452335357,-0.1554650664329528,-0.1166988387703895,-0.0808823630213737,0.0940475463867187,-0.8276590704917908,-0.5042532682418823,1.090511441230774,0.1155750453472137,0.1315013766288757,-0.3727914988994598,0.3981382548809051,0.0329233407974243,0.0450891628861427,-0.6065407395362854,0.2720471322536468,0.7782520055770874,-0.4689254462718963,-0.0488193221390247,0.094886802136898,-0.3240226209163666,-0.1345252990722656,0.3212295770645141,-0.3163370490074157,0.2511508762836456,-0.834790050983429,-0.1968224793672561,0.0689413249492645,0.9339554309844972,1.2918037176132202,0.4057271778583526,-0.4614667892456054,-0.4832341372966766,-0.1834317445755005,0.1000155135989189,0.2590244710445404,-0.0870351344347,-0.1093441024422645,0.1271936893463134,0.4873737394809723,-0.0320596061646938,0.2221729010343551,-0.166737362742424,-0.1329420059919357,0.3178064525127411,-0.2758162021636963,0.5954948663711548,0.2119780331850052,0.1278131306171417,0.323974460363388,0.3315382599830627,0.766826868057251,0.609129011631012,0.1792228668928146,-0.5119333863258362,-0.0035511823371052,-0.9237940311431884,-0.5944127440452576,-0.2400341778993606,-0.0967190489172935,0.1302774548530578,-0.3996402621269226,-0.1698950976133346,-0.1951818466186523,-0.3738597929477691,-0.1108545884490013,-0.588168203830719,-0.2051149010658264,-0.0299755353480577,0.0370233356952667,-0.6169729828834534,0.8132262825965881,0.2277850657701492,0.7616967558860779,-0.616658091545105,-1.1370680332183838,-0.4573794305324554,-0.237596109509468,-0.4578257501125335,-0.3201003074645996,-0.1855138689279556,-0.2295157313346862,0.1111964955925941,-0.318417340517044,-0.6739270091056824,-0.2216023355722427,0.058868508785963,-0.6556429862976074,-0.378350019454956,-0.1487606316804886,0.7303617596626282,-0.0365097522735595,0.0632442235946655,0.2219742536544799,0.487446129322052,-0.8681427836418152,-0.3377704322338104,-0.1462146639823913,0.2023088634014129,0.0439344458281993,0.3587334752082824,0.2622006237506866,0.2861323356628418,0.4014990329742431,0.1970389485359192,0.1061320230364799,-0.1377430409193039,-0.5159696340560913,-0.5932892560958862,0.9534472823143004,-0.081591360270977,0.1399165987968444,0.1915999948978424,-0.0744230523705482,0.7734968662261963,-0.5617730617523193,-0.8592780232429504,0.4876095354557037,0.2977454662322998,-0.1380865424871444,0.4558654427528381,0.5775498151779175,0.4232170879840851,0.3908433020114898,0.0845097601413726,-0.2765150070190429,0.2230672836303711,0.201519027352333,0.1332793086767196,0.3520592153072357,0.0628231912851333,0.0176427587866783,0.6789966225624084,0.4158684909343719,0.0663650929927825,1.0772100687026978,0.5288994908332825,-0.3778293430805206,0.0120796980336308,0.4826789498329162,0.2990498542785644,-0.5171462297439575,0.3976214528083801,-0.3374395072460174,0.1875073760747909,-0.032633326947689,0.2225691825151443,0.5198246836662292,-0.1943885236978531,0.3462714850902557,-0.7454146146774292,-0.5752946138381958,-0.6530497670173645,-0.848182737827301,0.205743983387947,-0.462834894657135,-0.3372204601764679,0.3662903010845184,-0.250895082950592,-0.6353670358657837,0.7550002336502075,0.7012744545936584,0.0287930592894554,0.1100168973207473,0.2691152393817901,-0.0733719915151596,0.4137720167636871,-0.2698908746242523,-0.0663285478949546,0.0250661373138427,0.0347682535648345,-0.536447286605835,-0.7331361770629883,0.0786415487527847,0.2486796230077743,0.1830600798130035,-0.157535582780838,0.5040473341941833,-0.0335959494113922,-0.4722133576869964,-0.2453527748584747,-0.2878164649009704,-0.0298260450363159,-0.4148827791213989,-0.0274765025824308,0.0963166430592536,-0.1060289591550827,0.0353896617889404,0.4749165177345276,0.1501387953758239,-0.3997215926647186,-0.3326436579227447,0.800883948802948,0.4445643424987793,-0.1058531329035759,0.1445542126893997,-0.2014622837305069,-0.3957587480545044,-0.120203398168087,0.0163898188620805,-0.0712101235985755,-0.2096087038516998,-0.1268476098775863,-1.1557925939559937,-0.5636153221130371,0.0252002477645874,-0.7066406011581421,0.4370876252651214,-0.0116956550627946,0.7330087423324585,-0.3837392628192901,-0.0687164589762687,-0.1173766776919364,0.2671984434127807,-0.1687735170125961,0.2398446202278137,-0.6290227174758911,-0.8164359331130981,0.0999794974923133,0.0774521082639694,-0.6943603157997131,1.1157360076904297,0.703531801700592,-0.6906356811523438,0.6147692799568176,0.5530051589012146,0.3604829013347626,-0.1618944257497787,0.1612962782382965,-0.1407632082700729,-0.4543521106243133,0.1971175819635391,-0.3167899250984192,0.3723170459270477,0.3434690237045288,-0.2144945114850998,0.076069563627243,0.1802986413240432,0.5865650177001953,0.4358901977539062,0.1296750903129577,-0.4759871065616607,-0.192739650607109,-0.4091520607471466,0.2284842729568481,0.1778477728366851,0.2953329086303711,-0.887520968914032,0.295780211687088,0.4661567211151123,-0.9197500348091124,0.0638210177421569,0.7043699622154236,0.3571096658706665,0.6623934507369995,-0.0423906557261943,0.2605584263801574,-0.548196017742157,0.0680386200547218,0.2348044514656067,-0.133400872349739,0.0163578670471906,0.2674150764942169,0.0607450455427169,0.2238460034132003,0.4691660404205322,-0.376796543598175,0.2277629524469375,-0.2875585258007049,0.2124310880899429,-0.2101158052682876,0.4803756475448608,0.2481251657009124,-0.0825944244861602,-0.2186831980943679,0.341552585363388,0.77198725938797,0.7390316724777222,0.2732816040515899,0.91193825006485,-0.7184966206550598,-0.7051556706428528,-0.1747894287109375,0.3211914002895355,0.1363484412431717,0.4629741013050079,-0.2581116557121277,-0.1373345553874969,0.7522771954536438,0.6411548256874084,0.0041262367740273,-0.4813120663166046,-0.5005176067352295,0.3669726550579071,-0.5301382541656494,-0.0577765777707099,0.2198533713817596,0.3304245471954345,0.4320104718208313,0.7655171155929565,0.2924074530601501,-0.0945353731513023,0.8797865509986877,0.2127290368080139,-0.1420626491308212,0.1037622094154357,0.1581369638442993,0.004461791832,0.0895058512687683,0.3232583403587341,0.1360075771808624,-0.4351491332054138,0.8354864120483398,-0.3747408986091614,-0.1311335116624832,-0.6711912155151367,0.1263243556022644,0.4335865974426269,-0.3729515373706817,0.1452236771583557,-0.6109450459480286,-0.1696145385503769,-0.5450453758239746,-0.9752492308616638,-0.1897464990615844,-0.0556456297636032,0.0849890857934951,-0.0549978911876678,-0.1293467432260513,-0.6496821641921997,-0.7524209022521973,-0.0617382936179637,0.0236525237560272,-0.8504140973091125,-0.6978855133056641,0.4988569319248199,0.1435454785823822,-0.0441159158945083,-1.5019553899765017,0.6313759088516235,0.00969351362437,0.8324211239814758,-0.0872243046760559,0.5307509899139404,-0.2110508978366851,-0.2419714033603668,-0.1674674600362777,-0.3999531269073486,0.1122317761182785,-10.03463363647461,0.4555798470973968,-0.11639054864645,-0.6310561895370483,-0.1221621558070182,-0.0201925635337829,0.8681378960609436,0.752472460269928,-0.1830032020807266,0.1347827464342117,-0.097346507012844,0.0974884927272796,0.0456096269190311,0.1636317074298858,-0.2736517786979675,-0.3437954485416412,-0.4241583049297333,-0.3491268754005432,0.0531329363584518,0.1151241064071655,-0.6264861226081848,-0.4849890768527984,0.4312911033630371,0.1057759597897529,0.1457791030406952,-0.2705399096012115,-0.157117947936058,0.1829400360584259,-0.0397707968950271,0.4376445710659027,-0.8504396080970764,0.4655724465847015,-0.0845106989145279,0.1191367954015731,-0.2895234823226928,0.5758408904075623,0.0372167117893695,0.3853086829185486,0.031125096604228,0.0896248519420623,0.3678065240383148,0.1888299584388733,-0.236845850944519,0.0448492355644702,0.1814131587743759,-0.0544901490211486,0.5027063488960266,-0.0799727812409401,0.9434120059013368,-0.2761289179325104,-0.1612160950899124,-0.0811537206172943,0.1431497037410736,0.0287773385643959,0.4472229480743408,-0.0666476711630821,0.5208355784416199,-0.4717322289943695,0.2053517550230026,-0.0504164546728134,0.1736468374729156,0.3201076090335846,0.2754861712455749,1.0767241716384888,0.4562741219997406,0.2047084718942642,-0.0030156166758388,0.2278249710798263,-0.8441799283027649,0.3127299547195434,0.0576669164001941,0.6247402429580688,-0.249056190252304,0.3325887024402618,0.1887722313404083,0.4921607673168182,0.0451239123940467,-0.147628366947174,0.0978325605392456,-0.3591217398643493,0.4536371529102325,-0.7238763570785522,0.1801098436117172,0.621484100818634,-0.3106263279914856,0.2804722189903259,0.2936161458492279,-0.3379209637641907,0.0926949605345726,-0.7599039673805237,0.5068497657775879,-0.2925465404987335,-0.5442866086959839,0.2033270001411438,0.1205046698451042,0.0144687555730342,-0.2139573246240615,-0.0491808243095874,0.4830029010772705,-0.2587377727031708,-0.9316843,-0.58323413,0.7574443,1.0189756,-0.838176,0.34451047,-1.4554654,0.4503875,1.0573009,-0.37413552,0.5613343,0.22480108,-1.4295568,2.4306152,-1.0266628,0.29013154,0.8700204,-1.4104009,0.17063768,-0.30668655,0.55101484,0.2814821,0.74487114,-1.18831,1.1538378,0.7475825,0.3800954,-0.4214363,-0.2936321,-0.91721505,-0.27274966,-0.52153,-1.1803771,-0.2825477,0.26303777,-0.8353095,-1.347013,1.3465148,0.5999527,-0.5549354,-1.0840856,0.68848735,-0.109510325,-0.27171114,-1.0283741,-0.121070534,2.052848,-0.3673775,0.7034009,-0.439366,-0.7700839,-0.3726304,0.5083795,1.2349833,0.6545957,-0.46670267,1.0753902,1.1350669,0.18322563,-0.32071805,0.3581054,0.73433465,-1.0638734,-0.079816155,0.29398975,0.95286417,-0.21253069,0.22002368,-0.07067156,-0.3190491,-2.29796,-1.3033594,-0.19482951,0.99050623,-1.2808052,1.075359,0.34214604,-0.6638399,0.051019654,0.06375032,0.45606163,-0.20215298,-0.76575917,1.4595369,-0.62589824,-0.96487087,-0.3613461,-0.23938037,-1.10737,-0.147579,-0.68319196,-1.5994612,-1.2871658,-0.77573895,1.646151,0.16601424,-0.79422045,-0.7834,-1.3677983,-0.14842947,0.25212374,0.9712537,0.30142787,-0.29340833,-0.73118955,-0.32228887,-0.41092816,-0.5472003,-0.6094813,0.7045233,-0.03425078,0.6100152,0.8165343,1.4138485,1.2278278,0.9086625,-0.6454181,-0.52091694,-0.2884929,0.35911366,1.1710659,-0.20356418,-0.45578852,0.6725485,0.17262052,1.162444,0.21219783,-0.6543022,0.4030443,0.19971482,0.31756783,-0.3791072,1.8664902,0.7955168,-1.1969615,-0.28425393,-0.31462812,0.13361508,0.9339997,-0.9907248,-0.68478256,0.17887384,0.074302055,-0.29558763,0.014743239,-1.0943499,-0.0802333,0.85531825,1.2664226,-0.18703027,-0.21075499,-0.2087065,-0.99970096,0.6107529,1.0296886,-0.12212253,0.12670414,0.38443097,-1.5242618,1.0359306,-0.35407004,1.4132522,-0.9827528,0.6284744,-0.14046063,0.82567936,-0.59448785,0.6728453,-1.1763955,-2.1953342,-0.56992257,0.19562002,0.3646679,-0.411749,0.81859326,-0.044366132,0.77321404,0.22431433,-1.2088642,-0.1287749,0.9484403,1.0109928,0.33001232,1.1761258,-0.23006614,0.31951597,1.0511758,0.2435389,0.46845853,0.071333386,1.3851129,-0.5164266,0.9358588,0.49990383,0.8209286,2.275932,0.67596763,-1.5171952,-1.18744,0.9094183,-1.961997,-0.5323629,1.1088392,-1.1127598,1.422485,-1.118077,-0.87409085,1.6802224,0.22870956,-0.2940603,-0.8829787,-1.0074117,1.0517195,0.6526796,-0.57955474,-0.044612486,-0.6398739,0.27071276,-0.4820268,-0.38179636,0.71592075,0.6537219,0.28465456,1.3208103,-1.294981,0.33349958,0.6058855,0.06129251,0.19416891,0.82743764,-0.6784058,0.5674207,0.28688458,-0.20968561,-0.5845967,0.25641778,-0.6993424,0.6980131,-0.33261165,0.7803604,0.22917418,-0.74638504,0.27115497,-0.16163385,0.45403835,0.48762536,1.4445244,0.09563369,-1.6429771,0.101672925,0.3761604,1.0735067,0.06882728,0.3221499,0.26954323,1.2449771,-0.14840055,0.21713842,-0.5033967,-0.68535066,-0.14769243,0.79247856,0.47418776,0.1680709,0.13311265,-0.5079057,-0.5062536,-0.5468295,-0.117233634,-0.7512796,-0.99025434,-0.5693843,-0.8986425,-0.004667466,0.4341023,0.35070524,-0.88380975,-1.1092123,-1.1417518,0.6976023,0.47206423,-1.8431114,-0.3649042,0.0586533,-0.41215658,0.59948754,0.3835651,-0.08808044,0.11162142,0.42958155,-1.2859454,0.7312723,0.31500983,1.1791483,1.551416,0.2882479,1.132339,-0.7053568,0.05813545,-0.5278404,0.88374805,0.81843567,-1.8793583,0.97979933,-0.321802,-0.1189327,1.0295603,-1.2901058,-0.26184422,-1.2461419,0.3173785,-0.5011046,-1.1184844,2.235358,-2.2157218,1.9593416,-1.8523359,-0.57823193,-0.7349441,-0.72343,-1.4649153,0.2806152,0.5860484,0.2923621,0.47162482,0.38922286,0.2597861,0.25598487,0.48720476,1.2596977,-0.17503254,0.6768992,-0.76868325,-1.4527828,0.15238436,0.66641074,-1.3811923,-1.4138001,-1.4063681,-0.52770996,0.17653777,-0.46692613,-0.57986504,0.73749226,-0.08019639,0.44717404,-1.1621956,-0.38641918,0.09039282,-1.1141112,1.1237638,-0.45845953,1.516935,-1.0527725,-0.40619466,0.3517697,-1.5376612,-0.60492265,-0.49575338,1.4591646,0.60541624,0.71069163,0.6850355,0.004099605,-0.55339444,-0.7778177,0.7692259,0.3505316,1.4536147,-0.112463534,-0.5359153,1.7452797,-0.2503859,0.24635033,-0.27703843,-0.2669513,1.5956367,0.11134633,-0.71275276,-0.11807821,-0.18056822,0.02958717,0.23077059,0.3535389,0.08005077,0.07094741,0.84087396,0.25424093,-0.6323194,-0.8248794,-0.40240076,1.0392348,0.92352843,1.5529242,1.4791454,-0.020283401,-0.7637229,-1.7159122,0.49348828,1.1799961,0.65837455,0.39958048,-1.8590876,0.19255127,0.37899384,0.1671812,-1.5569402,-1.934471,1.7773056,0.33613887,0.43730843,1.32519,-1.0639043,-1.976749,-0.41787323,0.10356423,-0.21047007,-0.6527539,-0.9159353,0.20075107,-0.18018465,1.2839961,0.9194239,0.22537784,-0.28516307,-0.4536117,0.6338749,0.26756516,-0.9345167,-0.32309705,-0.1875072,0.68970466,-1.4570524,-0.5300737,0.49906886,-1.6634511,1.1068401,-0.5004994,-0.026556542,-0.21618603,-0.28399163,-0.7638424,-0.30124137,-0.08360898,-0.9612944,-0.2429768,0.4485675,-1.4409555,-1.4843001,0.7475717,1.3153677,-0.563251,0.07735129,0.27668762,0.0639473,0.70332664,-0.020465031,-0.4183608,0.067413546,0.034589324,0.033377588,-0.40248847,-1.2326337,-0.30629796,0.6585421,-1.2223753,-1.5670236,1.0422889,0.6912515,-1.4685827,-0.879895,-0.58094597,-0.62806016,0.7737526,0.67561024,-0.13797309,-0.2783744,-0.6833756,-0.35670868,-0.12780263,0.7302081,-0.24639618,0.092634134,0.31573236,-0.5559781,0.3853587,1.8555851,-0.035435814,0.8028426,1.3706445,0.29759333,-0.334193,0.7042745,-0.34707984,-0.52385753,0.7933078,-1.3766327,-0.97007847,1.4354225,-0.356601,-0.97283405,0.25334233,0.39942244,-0.5565376,0.29523364,0.24819148,1.0404325,1.3706146,1.0070173,1.6479102,-0.27362943,-0.14898099,-0.64076823,0.70858955,-0.95745116,-0.8831368,0.35237744,0.59831744,1.9309359,-0.5406864,0.32863107,0.5553982,-1.1653937,-1.3844577,0.27710056,0.6440442,-0.5632539,-0.6894126,0.032997232,-1.1531786,0.36769152,-1.9214325,-0.6679898,0.63522995,1.0841815,-0.50982875,0.006485989,0.3465416,0.13322146,-1.0280926,0.34354603,1.0628835,1.4831084,0.27583522,-0.6980434,0.55239004,-0.80479264,-1.182603,-0.22956626,-0.63292044,-0.5474248,-0.010844589,-0.51427716,0.24529813,-0.791552,-0.63529557,1.393886,0.10972924,-0.21992965,0.1897137,-0.82518125,1.6224194,-0.024645984,-0.4121393,1.2502536,0.67026955,-1.5503579,0.87607247,-1.1166916,0.86964965,-0.51582026,1.0316048,0.8717707,0.3059748,-0.39715424,1.5845622,-0.26193464,-0.15507022,-0.42824158,0.49998882,-0.7125826,0.000121943034,-1.7499591,1.1850703,-1.3706774,-0.95408565,-0.06448821,0.9651184,-0.44350514,0.12101901,-0.5103987,0.6475166,0.30627683,-0.7971821,0.7832156,1.8924551,-0.3814582,-0.78833836,0.66179615,-0.06862379,-0.412436,-0.17089526,2.6197553,0.24801628,0.5326659,-1.4526052,-0.55043894,0.4124937,-0.48809424,-0.86553127,-0.6471545,-0.8658602,0.19770713,0.69448406,-0.6712945,0.8784995,-0.6839969,0.18973835,0.7957832,-0.8523827,-0.4933102,0.024751296,-0.78400034,-1.0250211,-1.114256,0.8990722,0.4339292,-0.63432497,0.41048822,0.72908735,1.4052758,0.69229716,-0.4471707,-0.7048237,0.9328607,0.4551051,0.7683094,-0.5193036,-0.8472895,0.43664393,1.0729135,-0.56963795,0.86177474,0.09669075,-0.5354951,-2.0265112,0.7709026,0.018331965,-0.15630989,1.1354043,0.19953065,-0.12683122,0.67995554,-0.19048429,0.76011467,-0.40929413,-0.19662893,-0.048766464,-0.0854938,-0.827307,0.29768628,-0.73841065,0.542564,-0.28821623,0.5535639,-1.1290638,0.59324366,-0.12466144,0.833451,0.6493251,0.036180682,-1.317166,-0.37469006,-0.22643517,1.4708935,1.0710679,-0.21168685,-1.2048146,-0.46893844,1.3029617,0.47247633,-0.620067,0.102771886,-0.018309027,-0.5658126,-0.35327902,-1.2783301,-0.6053682,0.44340196,0.38829806,-0.84588724,0.8647471,-1.9050196,0.9617419,0.037464947,-1.2592435,0.19187279,0.30009758,-0.6836788,2.005987,1.2347736,-0.37036455,-0.3935006,0.8260816,0.69345635,-0.5108686,-0.4014391,-1.2080082,1.12636,1.9185919,0.6515499,-1.1245431,-0.15348502,0.11655598,-0.29999974,1.689619,-0.5127199,-0.1591608,-0.73078924,-0.39817044,-1.2849606,-0.71222323,-0.55043715,0.049774397,-0.94030285,0.62255114,-0.5737269,-0.38774058,0.51323307,-0.48563507,0.3117154,-0.14516531,1.1611485,0.69400316,0.34983873,0.16791941,-0.60368407,-0.2413751,-0.89921576,-0.37896314,0.96957475,-0.89747876,0.6847434,0.40350688,1.0332007,2.2003558,0.08915589,-0.8541508,0.45708013,0.22520868,0.30420813,-0.17131273,-0.8613162,-0.4017239,0.6569112,0.0997965,0.8529463,-1.3100153,-0.5615835,-0.20325287,0.097530186,0.54178625,0.6204308,-0.13797729,0.5974953,1.4697776,1.1265533,-0.12800562,-0.9110956,-0.12685345,0.99231774,0.36512637,-1.1200029,-0.34429607,-1.1120228,1.040007,1.0212158,-0.18101867,0.7673107,-0.26138672,-1.2545809,2.2674043,-0.50861174,0.16186655,1.2883166,-1.0460522,0.60066265,-0.43169093,0.8393082,0.6987841,0.360666,-1.0583528,1.2750512,0.63801354,0.9081356,-0.41682133,-0.17751415,-0.13860998,0.20685436,-0.43902817,-0.7249209,-0.30414405,0.5039522,-1.0103987,-1.6641831,1.1694065,0.22289462,-0.5973792,-0.96810776,0.93068534,-0.2925318,0.14439012,-0.42042208,-0.068262756,1.6114621,-0.72312814,0.98816234,-0.27397332,-1.0403875,-0.4203292,0.6040149,0.98611635,0.3218982,-0.15740775,1.26577,0.88221675,0.6348615,-0.44632265,0.4872962,0.65884125,-1.0289286,-0.67406255,0.6228941,0.69829375,-0.09713676,0.028461045,0.07111499,-0.11589661,-1.8352276,-1.2533027,-0.08791065,1.319995,-1.3935456,0.6804707,-0.2357989,-0.97694784,0.31191212,0.12805961,0.4467866,-0.42295015,-1.1002282,1.7469338,-0.63720685,-0.7854512,-0.49587563,-0.27964416,-1.3933977,-0.40485796,-0.59436077,-1.3130381,-1.0529802,-1.841979,1.7895535,-0.124878265,-0.88201696,-1.2719263,-1.5325876,0.28459468,-0.22193635,1.2696449,0.6757379,-0.394418,-1.3173819,-0.4489738,-0.38364816,-0.38384572,-0.56443685,1.0813782,-0.022885313,0.40066624,0.27031538,1.4295448,0.97835755,1.1163338,-1.3659348,-0.6907992,-0.25937465,0.29357,1.9465824,0.23246713,-0.797133,0.4077302,0.016187238,1.2836312,0.26497853,-0.8958995,-0.023773527,-0.033521067,0.36153862,-0.5695384,2.1490238,1.0338355,-1.0171744,-0.632524,-0.21821159,0.6752915,1.2209581,-0.7167743,-0.5566415,0.41872403,-0.3231028,-0.2901334,0.54587704,-0.94495106,0.3377274,0.53954417,1.5562199,0.44144893,-0.20431472,0.15858261,-1.7257057,0.31084612,0.972598,-0.04163705,-0.029238597,0.28260306,-1.2343636,1.2932969,-0.5185438,0.99800855,-0.7024997,1.0115284,0.047613055,1.0382916,-0.96722287,0.29995358,-0.8683074,-2.2350104,-0.76741433,-0.091804,0.3209935,0.06493797,0.5684086,-0.332023,0.009653817,0.2874435,-0.9509611,0.12710783,1.005221,0.71163195,-0.1486272,1.2988714,-0.07833924,0.7599876,0.88624644,0.78829384,0.38823363,-0.0780646,1.3413364,-0.59697914,1.2419152,1.1358763,1.2555233,2.7151368,0.79808587,-1.1944101,-1.8533907,1.2612417,-2.5005357,-0.3661046,0.621942,-1.6615859,0.8248548,-1.197384,-1.1817056,1.6443219,0.19111627,0.2625745,-1.3710704,-1.3015817,0.70155615,1.1005628,-0.20726655,0.36747608,-1.2742834,0.13842471,-0.4925631,-0.27291486,0.7982493,0.89964813,0.42972907,1.2715446,-0.67213255,0.5330208,-0.094708584,0.06589871,0.16391483,0.5159891,-1.086635,0.4606419,0.58572614,0.12456996,-0.63221234,0.7201591,-0.24898754,0.30570042,-0.1824675,0.3426483,0.41162845,-0.22005086,-0.02056787,-0.1780417,0.6476171,0.98642474,1.6127701,0.24806887,-1.4437361,-0.57936823,0.014813731,0.6971727,0.5235608,0.6431089,0.17500354,0.9112048,-0.27567127,0.5311063,0.007651307,-0.9002156,0.12663472,0.45397842,0.27838433,0.22530134,0.43393108,-1.0330507,-0.96901184,0.07508566,0.35896388,-0.86706465,-0.9686405,-0.61450404,-0.6295226,0.6343128,0.5553914,0.107708864,-0.8695183,-0.45174575,-0.8648146,0.70981145,0.45297137,-1.8522993,-0.17008753,-0.2029839,-0.9927806,0.07286108,-0.21003234,0.32487336,0.32898012,0.20725246,-1.766099,1.3518225,0.07449289,0.9159522,1.2879993,0.5850441,1.5026466,-0.82901716,0.39915574,-0.7384083,0.5798833,0.5792424,-1.725696,0.7915999,-0.10652556,-0.8847459,0.8299603,-1.0093442,-0.69511294,-0.656833,0.3879695,-0.6837187,-1.2672039,1.8240414,-1.766826,1.3234185,-1.6013027,-0.46668506,-0.84838223,-0.76809025,-1.2425225,0.32016405,0.47021472,0.07682995,0.26655614,0.089466535,-0.23752064,0.49214625,-0.12948391,1.2421333,-0.52958864,0.30324045,-1.147544,-1.2567004,-0.5526765,0.9181383,-1.3848624,-1.0271913,-1.1792105,-0.2763348,0.85422593,-0.3036436,-0.5371012,0.6556321,0.09542558,0.7243708,-1.4031482,-0.4817458,0.1299505,-0.6258359,1.5670547,-0.28511524,1.0336658,-0.89509743,-0.94987893,0.40443397,-1.3454334,0.02414152,-0.4052333,1.6515421,0.48866606,0.20983122,0.17553993,0.7902097,-0.1316703,-0.058951866,1.2146789,0.24193382,2.1349342,-0.33612213,-0.35779157,1.7780199,0.27239534,1.1455774,0.0545179,-0.53937924,1.7697767,-0.3708472,-0.32181123,-0.05160438,-0.08654625,-0.28733385,0.050393414,0.36721566,0.06037278,-0.13874799,0.48815426,0.5657491,-0.69521254,-1.7636629,-0.69553155,0.9733839,1.3563896,1.2738754,1.6311048,0.089648195,-0.058704216,-1.6851941,0.23848204,0.79671854,0.6255705,0.5734226,-1.1010901,0.44303814,0.19429511,0.19019328,-1.5546077,-1.2527252,1.7328795,0.5418755,0.21359777,1.2505909,-0.7476351,-1.7602404,-0.56124544,0.30456516,-0.6462131,-0.71486187,-0.67841095,0.2952194,-0.6112344,0.81431913,0.7882357,0.5785985,-0.3890942,-0.24115749,0.5715423,0.2680277,-0.79961115,-0.4004338,0.011662483,0.7625048,-1.4824713,-0.8967535,0.098980255,-2.4835265,1.0401965,-0.63975936,-0.27117467,-0.34623805,0.0958116,-0.91361934,-0.4412717,-0.22210705,-0.9800591,-0.70713454,0.6690096,-1.7281595,-1.3544703,1.247572,1.1565701,-0.9706772,0.34923938,0.5915858,-0.13227718,0.8689501,-0.28168252,-1.2511944,0.12843804,-0.62459344,-0.06490048,-0.35548306,-1.6262385,-0.57939434,0.40225804,-1.0934081,-1.6379658,0.99534273,0.71947306,-1.7816278,-0.5502507,0.05451417,-0.041800592,0.9986556,0.90730757,-0.624154,-0.3630704,-1.0004364,-0.75184447,0.46174774,0.15842766,-0.26961514,0.23634805,0.6570865,-0.25802246,0.48566845,1.6876868,0.006575515,1.3973523,1.4302284,0.43184504,-0.30174792,1.1308634,-0.060059134,-0.66132826,0.59364766,-1.0874069,-1.306506,1.3348824,-0.13229486,-1.297113,0.30214915,0.6571738,-0.48602512,-0.03642721,0.70030516,0.70714813,1.2995533,0.6583046,1.7934402,-0.027698308,-0.19362508,-0.107677184,0.690397,-1.1731678,-1.008033,0.065919794,0.8303606,2.5004818,-0.69716024,-0.050839055,0.94128776,-1.09099,-1.3427995,0.25787017,0.6392037,-0.369318,-0.6929671,0.5533178,-1.3498572,0.3640058,-2.0882554,0.008706,1.1244868,0.98429376,-0.660457,0.16627125,1.1006955,0.19920571,-0.52407867,0.2188003,0.441411,1.7865433,-0.5389812,-1.0546039,0.67438483,-0.7677953,-1.964088,-0.1265258,-1.1147455,-0.51484245,0.66698104,-0.39643407,-0.47315922,-0.18243945,-0.4846746,1.6181926,-0.051611792,-0.5244789,0.61517066,-1.9337807,1.0921746,0.28222397,-0.53289205,1.7972366,0.38318643,-1.1950139,0.31654903,-1.1598411,0.71817493,-0.82670903,0.38566875,1.1322178,0.5622945,-1.1419067,0.92132217,-0.9542473,-0.023594053,-0.031587306,0.5825114,-0.23167515,0.57920045,-1.8897009,1.4934611,-1.547718,-0.9884753,0.06752006,0.48737684,-0.568914,-0.25327528,0.26927015,0.4960208,-0.09541272,-1.1206132,0.90810543,1.9150372,-0.46323207,-0.9619221,0.58949,0.70101744,-0.42018414,0.2099045,2.3754184,0.39066982,0.8985243,-0.9036694,-1.1498929,-0.06489339,-0.27152815,-1.3309385,-0.27244967,-0.32540864,0.27761972,0.13066234,-0.24752063,0.5196429,-0.4066684,0.17544933,0.5888281,-0.58289087,-0.29678285,0.019531168,-0.07923017,-1.2660666,-1.5002044,0.67175883,0.81722075,-0.5722293,0.7481974,0.86578274,1.8864952,0.6565122,-0.3522037,-0.7703104,0.6465277,0.5677235,0.99398965,-1.3383418,-1.3037943,0.5483617,1.5575806,-0.7036144,0.17295666,-0.056887526,-0.14356393,-1.7808431,1.3228139,0.3826003,-0.26144573,0.8114629,0.4244477,-0.1598099,0.67967147,0.040515855,0.21633272,-0.110343255,-0.9502893,-0.27099267,-0.2160999,-1.0114418,0.211842,-0.5385213,0.3977572,-0.2675231,0.4397579,-1.6621794,0.55208904,0.007112076,0.90603226,0.476782,-0.055505443,-1.4389161,-0.5114644,-0.62562716,1.9278768,0.8436489,-0.12416857,-1.2031101,0.39794493,1.2413359,0.35637084,-0.37915936,0.4047097,0.5466103,-0.85082585,-0.52942425,-1.2134991,-0.32314932,0.3839666,0.4196243,-1.3053089,1.2238985,-2.1060164,0.9019366,-0.21592039,-1.5841912,-0.7239535,0.22888458,-0.19265348,2.5329099,1.2492098,-0.44144812,0.16908133,0.65461373,1.1464726,-0.23799294,-0.23412423,-0.97733,0.9554948,1.3259263,0.4125129,-1.3028871,-0.37493762,0.487931,-0.69631356,0.83562964,-0.20308991,-0.7594442,-0.86704665,-0.16981411,-0.47364905,-0.6085187,-0.28330258,0.7374272,-1.319132,0.6043081,-0.39182258,-0.819649,0.69320565,-0.44852063,0.3667275,-0.46258628,0.7975175,0.9502657,1.0961136,0.53374594,-0.53680986,-0.1256937,-1.0606765,-0.97647935,0.37031817,-0.9893412,0.46306315,0.47193423,0.9534226,1.8773475,0.102405936,-1.2497824,0.14217074,0.09793725,0.51708794,0.26510948,-1.1287514,-0.43190685,0.019005893,0.21406595,0.6930771,-1.1938428,-0.29940724,-0.35016128,0.46842384,-0.13301711,0.2390294,0.13916977,0.11874867,1.8811475,0.48909092,0.049075406,0.0
ズ,-0.1241247728466987,0.2915778756141662,0.3549815714359283,-0.0759878903627395,0.3074020743370056,-0.0678249448537826,0.0169336162507534,-0.12859807908535,-0.2394178658723831,0.0149736702442169,0.6867890357971191,-0.1627628654241562,-0.2160072326660156,0.4060102701187134,0.4585173726081848,-0.0465350151062011,0.4203102588653564,0.0555224828422069,-0.4354676306247711,-0.0048828767612576,-0.0687817335128784,-0.5533099174499512,-0.3443173766136169,0.2339458614587783,0.4309329092502594,0.0278976541012525,0.2968894243240356,0.7766808271408081,-0.181729570031166,0.1416119635105133,0.0994168668985366,-0.5504765510559082,-0.3527224957942962,-0.3618362247943878,-0.0333852395415306,-0.1290895938873291,-0.2680253982543945,-0.2633476853370666,-0.2103460431098938,-0.4230294227600097,-0.1873688995838165,-0.6254786252975464,-0.4275149703025818,0.0377163663506507,-0.2510393857955932,0.2487703561782837,-0.119869664311409,0.2246779501438141,0.1254134178161621,-0.0542355962097644,-0.0212864801287651,0.5929436087608337,0.5238998532295227,0.0064641791395843,0.3860155642032623,-0.1113215833902359,0.4409374892711639,-0.085774727165699,0.0583184957504272,0.3384709060192108,-0.3155389428138733,-0.3240210115909576,0.3243395686149597,-0.1969756633043289,-0.0520752891898155,-0.2358976304531097,-0.4182932376861572,-0.073176771402359,-0.1510568261146545,-0.2036015093326568,-0.1887532621622085,0.2322683185338974,-0.522158145904541,-0.0132473958656191,0.7003130912780762,0.0212950464338064,0.3249020576477051,0.0085400091484189,0.2789563238620758,-0.195108026266098,0.1987182796001434,0.5366793870925903,-0.1902727484703064,-0.8938010334968567,0.0873437896370887,0.4877647757530212,-0.226467877626419,-1.0913292169570925,0.0858291536569595,0.1147634163498878,-0.2382594048976898,0.1279166936874389,0.2620488405227661,0.4400575459003448,0.7101065516471863,0.1548040956258773,0.0662201642990112,-0.0949356406927108,-0.1517041772603988,-0.125739112496376,0.1697117388248443,-0.1142702475190162,0.2265564948320388,-0.5837435722351074,-0.0487298443913459,0.2706866562366485,-0.6060550808906555,0.1235986202955246,0.0223546363413333,0.3921641111373901,0.1178003028035163,-0.6329180002212524,-0.6027234196662903,0.0796477347612381,0.2147193253040313,0.0738814994692802,0.2425251007080078,0.7405155301094055,-0.5079017877578735,0.5766591429710388,-0.2682096362113952,0.088307037949562,-0.1990550309419632,-0.4544614255428314,-0.1581324785947799,-0.4134266376495361,0.5234951972961426,-0.052916619926691,-0.0630741193890571,-0.2726266086101532,-0.0016201445832848,0.0345960333943367,-0.5128996968269348,-0.1026541516184806,-0.5466526746749878,0.5254074931144714,-0.4107702672481537,0.0831241235136985,-0.3468312919139862,-0.5259565711021423,-0.2687594294548034,-0.0543199554085731,0.432751715183258,0.1348978281021118,0.0256809424608945,0.1600062400102615,-0.0580670721828937,-0.0130706401541829,0.6563552618026733,0.6352027058601379,-0.0926266089081764,0.7344024181365967,-0.6172795295715332,0.1682472378015518,-0.0091835130006074,0.4301784038543701,-0.5935627222061157,0.3481708168983459,-0.2406281381845474,0.4130822420120239,0.1341047585010528,-0.1069029718637466,0.3815629482269287,0.9641930460929872,0.3515565693378448,0.4310425519943237,0.179153561592102,0.4109542667865753,0.2779369950294494,0.978367269039154,0.5566505193710327,0.3722681701183319,0.5201056599617004,-0.532589316368103,0.3751751780509949,0.8852221965789795,0.4295417368412018,-0.1605838984251022,0.30833500623703,-0.8032732605934143,-0.1184616535902023,-0.2103644162416458,-0.0574419051408767,-0.1346853673458099,-0.0639959797263145,-0.1054577827453613,0.3831379413604736,-0.0225911848247051,0.0229494888335466,0.1946417689323425,-0.1111193373799324,-0.2801541090011596,-0.2063459753990173,-0.6849030256271362,-0.195474088191986,0.0222422946244478,0.0589975267648696,-0.004583281930536,-0.2624230980873108,0.1298190653324127,-0.0076748831197619,-0.4231950342655182,-0.6739038228988647,-0.6724061369895935,-0.901832401752472,0.0228624995797872,0.4293535947799682,0.6254937052726746,0.352862149477005,-0.1638951301574707,-0.6037882566452026,-0.0153620615601539,0.225966140627861,0.1522155404090881,0.0907473489642143,-0.3743473589420318,-0.6416600942611694,-0.6287333965301514,0.5482005476951599,-0.2269172221422195,-0.0324423536658287,0.3027827441692352,0.8219562768936157,-0.18280129134655,-0.2546912431716919,0.5631081461906433,-0.0862360298633575,-0.1090914830565452,-0.097457155585289,0.7175233364105225,-0.6203757524490356,-0.3558252453804016,-1.0624340772628784,-0.1555635184049606,-0.6912350058555603,0.1216250732541084,-0.5293906331062317,0.530361533164978,-0.2954402565956116,0.2341199815273285,0.4653513729572296,-0.2196881175041198,0.0001579631061758,-0.5459942817687988,-0.2867202460765838,0.6945792436599731,0.1274708211421966,0.1217504516243934,-0.4560741186141968,0.2214871942996978,-0.503797709941864,-0.44910529255867,0.0965930595993995,0.1184650287032127,0.8529133796691895,0.0752132162451744,0.5591709017753601,-0.0848802179098129,-0.023261047899723,-0.2821451127529144,-0.1751404553651809,-0.3277093172073364,-0.5177345871925354,-0.0296319779008626,-0.1196477636694908,0.1956524550914764,0.0004348327929619,-0.8677628040313721,-0.4362513422966003,-0.3351926207542419,-0.0886309668421745,-0.2780309617519378,-0.5333433151245117,-0.457362949848175,-0.0704139322042465,-0.0125693483278155,-0.1018728762865066,0.572196900844574,-0.2507932186126709,0.0293166805058717,-0.7860446572303772,0.0351092480123043,-0.9033094644546508,-0.0227729845792055,0.1537473648786544,-0.1997067779302597,-0.4658554494380951,-0.4175463020801544,-0.5810360908508301,1.028827428817749,0.6824362874031067,0.0325258858501911,-0.2762470245361328,0.3139835000038147,-0.4461050033569336,0.1842013001441955,-0.2169491648674011,0.3451796472072601,0.1323976814746856,0.3518622517585754,0.3712727129459381,-0.0761566162109375,0.1094742193818092,-0.3734533488750458,-0.3400734364986419,-0.3208618760108948,-0.1926079541444778,0.2136289179325103,0.2130613923072815,-0.321920096874237,0.0776234716176986,1.1860135793685913,-0.4654978811740875,-0.0687813684344291,0.581345796585083,0.4170576333999634,-2.1338489055633545,0.0479591488838195,0.5068908929824829,0.1278118342161178,-0.7329431176185608,0.4513835906982422,0.4231265783309936,-0.182520180940628,-0.5007807612419128,-0.7922511696815491,0.8604323267936707,0.5270556211471558,-0.4076671898365021,-0.082998126745224,0.4521999657154083,-0.1024123430252075,0.4857260584831238,-0.5251815319061279,-0.0263299103826284,0.4798591732978821,-0.3197732865810394,0.0088203242048621,-0.0045324047096073,-0.075292520225048,-0.1063880324363708,0.5934204459190369,0.1900765150785446,-0.5092195272445679,-0.6672894954681396,-0.3757652044296264,0.3593288958072662,1.2189735174179075,0.2859702706336975,0.3515629768371582,-0.7681436538696289,0.1647010594606399,0.6949573755264282,0.3638058602809906,0.7092853784561157,-0.1681050658226013,0.1409570872783661,-0.7877388000488281,1.055116891860962,0.0367717780172824,-0.1342030316591262,0.3420560359954834,0.3398886919021606,0.3103900551795959,-0.2583192586898803,0.7255272269248962,0.9404212832450868,0.0616686716675758,-0.0104182139039039,0.4345661997795105,0.2849248051643371,-0.1832398772239685,0.3629448711872101,-0.3232171833515167,0.4851286709308624,-0.213410198688507,0.2754471600055694,-0.2204556614160537,-0.0896247178316116,0.0024600927717983,-0.8286653757095337,-0.1161202862858772,-0.1718895584344864,-0.445714384317398,0.3630318641662597,-0.8490864634513855,-0.2296367436647415,-0.1631896793842315,-0.1598122417926788,-0.7204166650772095,0.544118344783783,0.7697778344154358,0.2063279598951339,-0.4223463237285614,-0.5237699747085571,-0.0680653378367424,0.1289937943220138,-0.04520720615983,0.5263354182243347,0.261555016040802,-0.7421079874038696,-0.0479024834930896,-0.0623668506741523,-0.5750678181648254,-0.6933359503746033,-0.3220617473125458,-0.788429856300354,0.0381885841488838,-0.0752227753400802,0.2384751290082931,0.2885120809078216,-0.1467363983392715,-0.1111999601125717,-0.1847536861896515,-0.6327242851257324,-0.5920484066009521,-0.1016567945480346,0.5366661548614502,0.3238662779331207,0.0213465392589569,0.354774922132492,0.4918949007987976,-0.0985050946474075,0.5411893725395203,-0.1393989026546478,-0.3349295556545257,-0.7511472702026367,-0.2573970258235931,0.11519206315279,0.0165327861905097,-0.4329782426357269,0.2313830703496933,0.0533707402646541,0.4776407182216644,0.2794970870018005,-0.7258723378181458,0.0479503907263278,0.5992655754089355,0.1192275434732437,0.76442950963974,0.099784642457962,1.3239874839782717,-0.1197722032666206,0.1913023442029953,0.1189584955573082,-0.2260197699069976,0.4541004300117492,-0.1446548700332641,-0.2152955085039138,-0.1040755659341812,0.237270325422287,0.5182862281799316,0.6794974207878113,0.5420325994491577,0.1763074845075607,0.3977332711219787,-0.2049330770969391,0.2476066201925277,0.6030420660972595,0.3835379481315613,-0.237918272614479,-0.3109411001205444,-0.6224611401557922,-0.4535934031009674,-0.721562922000885,-0.2305091917514801,0.3622229695320129,0.1577502191066742,0.40415820479393,-0.1171053349971771,-0.8223715424537659,-0.1001833230257034,-0.7454069256782532,0.112699769437313,-0.5190789699554443,-0.0160830840468406,-0.0956259816884994,0.1605766862630844,-1.1003715991973877,-0.0209658034145832,-0.1670785546302795,0.7212960124015808,0.7028396129608154,-0.6722992062568665,-0.2457653433084488,0.3945071697235107,-0.1533743739128112,0.4728073179721832,-0.0234375726431608,0.2653369307518005,-0.5479542016983032,-0.6928385496139526,-0.0707336589694023,-0.1331545412540435,0.3548125624656677,-0.838381826877594,0.4301062226295471,0.1831783354282379,-0.4332843422889709,-0.3889006078243255,-0.2590126693248749,-0.3210481703281402,0.6113162636756897,-0.7505446076393127,0.1759713143110275,-0.3920550048351288,0.1837121397256851,0.4427453577518463,0.3300051093101501,-0.1472342908382415,0.3787349462509155,0.1473715007305145,0.4736180007457733,-0.1478268206119537,0.1039019227027893,-0.2525309920310974,0.1750833094120025,0.0358881019055843,0.5574265718460083,-0.0386836677789688,0.0011338340118527,-0.5864716172218323,-0.9777199625968932,-0.3556778132915497,-0.0149012580513954,-0.5276787877082825,0.5731624960899353,0.1471149623394012,0.5560181736946106,-0.9069462418556212,0.2978962361812591,-0.6509827375411987,-0.2701399326324463,0.1949018090963363,0.7868373394012451,-0.1401681900024414,-0.910206139087677,0.0572853572666645,-0.3266773819923401,-0.9684399366378784,0.6960763335227966,0.3258530497550964,-0.7994673252105713,-0.2468079775571823,0.0962295159697532,0.3947401344776153,-0.8079404830932617,-0.3657001554965973,-0.4691205620765686,0.4298057556152344,0.4992992281913757,0.38201704621315,0.2539513409137726,0.3154315948486328,-0.4118998348712921,0.1060895249247551,1.1459118127822876,0.1400172114372253,0.206133633852005,0.3040756285190582,-0.2473599463701248,0.1811164021492004,-0.4827483892440796,0.3988416492938995,0.4675915241241455,0.4330434501171112,-0.0306244846433401,0.5050563216209412,0.519177258014679,-0.5454734563827515,-0.4234566688537597,0.7691131234169006,0.1672974228858947,0.7166295051574707,0.1813060343265533,0.1511660665273666,-0.9512923359870912,0.6256410479545593,0.5688367486000061,-0.0240272507071495,-0.1505220979452133,-0.1835001558065414,0.0329901650547981,-1.1355987787246704,-0.0913211852312088,0.3986816704273224,-0.1006549969315528,0.5436339378356934,0.3136521279811859,-0.208977922797203,0.6835480332374573,-0.232277974486351,-0.2742310762405395,-0.1375728249549865,-0.0894793570041656,0.2133530676364898,0.5436673760414124,0.0843342095613479,0.1531562209129333,-0.3840202987194061,-0.7703657150268555,-0.052161805331707,-0.2068172544240951,0.0598819479346275,0.7766350507736206,-0.5236725807189941,-0.3425686359405517,0.4999900758266449,0.1959114968776703,-0.1578886955976486,-0.297683984041214,-1.2615888118743896,-0.216899111866951,-0.2022279500961303,-0.5716248750686646,-0.1765204668045044,0.3756062090396881,0.5007620453834534,-0.5188765525817871,0.1117313280701637,-0.0663581863045692,0.8191830515861511,-0.3642571270465851,-0.542597770690918,0.0344710871577262,-0.2730157375335693,0.0235890969634056,0.5283523797988892,0.3599518537521362,-0.1727397590875625,-0.081617422401905,-0.1288095861673355,-0.4844799637794494,-0.1315292119979858,-0.005720152053982,0.2444761842489242,0.121164783835411,0.237651377916336,-0.3002201020717621,-0.203389510512352,0.1162954792380333,0.0182344447821378,-1.209011793136597,-0.0736215785145759,-0.1015552207827568,0.5106228590011597,0.2095265835523605,0.3765281736850738,-0.0311638470739126,0.1198077052831649,-0.151060089468956,0.4991475045681,-0.7593515515327454,-0.3420411646366119,0.4468767344951629,0.0421595759689807,-0.124123491346836,-1.42125141620636,-0.0378985330462455,0.2731234133243561,0.3117170631885528,-0.0677702128887176,0.733113706111908,-0.0874099731445312,0.7119569182395935,0.5658524036407471,-0.5058357119560242,0.212879478931427,-9.90621852874756,-0.3907963633537292,-0.6790196895599365,-0.0734506547451019,-0.1632042974233627,-0.0248851533979177,0.7669021487236023,-0.2824431359767914,-0.1637997478246688,0.3375010192394256,-0.440211147069931,0.536971926689148,0.2755766212940216,0.7941077947616577,-0.6449257731437683,-0.0653630346059799,-0.2880234122276306,-0.086064726114273,-0.122383676469326,0.0769143030047416,0.1348208785057068,-0.3472005128860473,0.4936210215091705,0.7065678238868713,0.2911996245384216,-0.4006768763065338,-0.2448528856039047,0.3210651576519012,-0.0934867858886718,0.6426416039466858,-0.9537442922592164,1.113670825958252,-0.1912196576595306,0.2666741609573364,0.2562470436096191,-0.3322620689868927,-0.4469693899154663,0.5787415504455566,-0.4306890070438385,0.4812533855438232,0.1201596930623054,0.7995498776435852,0.1356313973665237,0.1988623887300491,0.3634376525878906,0.2786757051944732,0.2434116601943969,0.5837860107421875,0.2991416454315185,0.1198158785700798,-0.4266109466552734,0.1913920193910598,-0.0842491760849952,-0.4820066392421722,-0.0543073676526546,0.2904680371284485,1.058169722557068,-0.3747930526733398,0.1173465773463249,0.536793053150177,0.2873623967170715,-0.1051133722066879,0.739014744758606,0.1480438560247421,-0.2800519466400146,0.2426086068153381,-0.1721954196691513,0.2237816452980041,-0.7635558843612671,-0.7699530720710754,0.5470064878463745,0.0277278535068035,-0.0733648091554641,-0.0030262563377618,0.1320693045854568,0.4760993421077728,-0.1949677616357803,-0.1014677882194519,0.6798717379570007,-0.0123963328078389,0.5572969913482666,0.2746625244617462,-0.0288784559816122,0.0049033667892217,-1.1206032037734983,0.0846631675958633,-0.2920079827308655,0.1437718421220779,0.4577557444572449,-0.4282371997833252,0.6409815549850464,0.5429142713546753,-0.1132789850234985,0.2464629113674163,0.4260061681270599,-0.1557645797729492,0.0291712693870067,0.1999312043190002,0.5659522414207458,-0.1384955644607544,-0.79856664,-0.8329838,0.43689337,0.80062807,-0.9270202,-0.34654704,-1.3849394,0.8089441,1.499918,0.031933524,0.22739215,0.3252382,-1.1475003,2.7269762,-0.9049381,0.5852004,0.94674987,-1.2900932,0.10089664,-0.10879574,0.7921003,0.5557111,0.28204006,-0.94721544,1.0636183,0.39813247,0.86151886,-0.43957192,-0.1660904,-1.02543,0.32645786,-0.82685816,-0.9820541,-0.4085545,0.15426597,-1.5076628,-1.2006407,1.2751907,0.3190161,-0.5936172,-0.6338655,1.0844252,-0.19433323,-0.66267484,-0.88290673,-0.34781244,2.0713046,-0.9045782,1.2062514,-0.49445406,-1.1949836,-0.19731808,0.6815787,0.87288254,0.5081138,-0.37554854,1.466643,1.1062853,-0.19091533,-0.99600774,0.5365945,0.31403512,-1.0047228,-0.6203307,0.26006904,0.6176861,-0.27578893,-0.1624449,-0.25329986,-0.5834506,-1.7646135,-1.272111,-0.35779414,0.99914485,-1.6269505,0.7606551,-0.049149305,-1.1103363,0.83604586,0.23239577,0.31570977,0.10093911,-0.62002516,1.2259144,-1.0778197,-0.92136776,-0.6474878,-0.43287197,-0.8465722,-0.26604542,-0.6305394,-1.2647953,-1.0830708,-1.1040741,1.8897295,0.07906354,-0.6740593,-1.1720811,-1.2742679,-0.42010012,0.36718792,1.0736709,0.3814268,-0.70142794,-0.8647076,-0.7682418,-0.8554301,-0.7430574,-0.63454384,0.8002923,0.1847145,0.15413472,0.4033265,1.3675653,1.1305559,0.82634175,-1.2171978,-0.519657,-0.071567155,0.11287103,1.8040653,0.6570339,-0.6181742,0.6930676,-0.14170158,1.1321889,-0.042467546,-1.3392447,0.6026576,0.6035914,0.75316095,-0.4736692,2.2842433,0.6567257,-0.72129136,-0.7239673,-0.52453774,0.035621382,0.6764356,-1.2723706,-0.5893904,0.637781,-0.13525286,-0.27654323,0.6105997,-1.293351,-0.33618006,1.207728,1.2174956,0.15483697,-0.6574821,-0.3569254,-1.3669517,-0.011544609,1.3580776,-0.30310926,0.09192617,0.12270124,-1.3190627,0.7983222,-0.43056712,1.9196014,-0.94133604,0.5847522,-0.09386965,1.1078075,-1.1996279,0.5354172,-1.2631845,-1.8466454,-0.62412465,-0.33453742,0.4019478,-0.23168898,0.14621349,0.06499438,0.37367296,0.47580534,-1.5176537,-0.38149947,1.4896812,1.1741507,-0.41361332,1.1668624,-0.006343761,0.3325316,0.66286856,0.77424175,0.6541451,0.16691646,1.1356071,-0.5315654,0.6679657,1.1991755,0.25457874,2.356036,0.29422465,-1.2287563,-1.4171886,0.87298316,-1.9286324,-0.46294323,1.0921462,-0.83341867,0.5855345,-0.9504779,-0.7772397,1.691376,0.9255293,-0.4252251,-1.1947047,-1.0259392,1.154226,0.8314546,-0.44242048,-0.10117866,-0.72830987,-0.12272481,-0.28044945,-0.26088804,0.82545584,0.8042282,0.008382058,1.0039088,-1.0845398,0.59567046,0.17291561,-0.061905093,0.3093416,0.5888072,-0.878547,0.3145426,0.6021871,-0.12619103,-0.28022185,1.0748136,-0.28245828,0.71050346,-0.110352896,1.1393538,0.5573582,-0.35123512,0.74783313,-0.17082079,0.20416169,0.71475834,1.4285775,0.53754985,-1.627702,-0.19778495,-0.14197192,1.8250561,0.07527967,0.5584531,0.29310933,1.3704598,-0.080491826,0.27460963,-0.56989545,-0.30000702,0.115358986,0.23327291,0.39091763,0.051647462,0.24595901,-0.6502131,0.21850428,0.012266504,-0.17094731,-0.8142621,-1.1176779,-0.687623,-0.9977277,0.48090464,0.1994715,0.7689695,-0.7887437,-0.96816504,-0.7196852,0.82287323,0.7880003,-1.6624832,-0.24872346,0.1659939,-0.2568292,0.5777195,0.38045543,-0.24481097,0.03634557,0.5049699,-1.4548758,0.9303606,-0.3093713,0.936793,1.4824588,-0.02695253,0.71291006,-1.0085435,0.29677773,-0.70241416,1.1346792,1.0231717,-1.6397581,1.1348287,-0.53247327,-0.8981687,1.378901,-1.4465678,-0.53209245,-1.2572502,-0.25480285,-0.32853058,-1.2572922,2.1456704,-2.1681936,1.5786539,-1.5678245,-0.6823864,-0.78481567,-0.767744,-1.1252104,0.23554817,0.7608702,-0.07913735,0.3663241,0.15675187,0.33544856,0.18976864,0.25048542,1.150849,-0.2560799,0.37977654,-0.6279914,-1.1293863,-0.29913938,0.65035367,-1.2702221,-1.1844441,-1.3910328,-0.39163893,0.27469292,-0.5425312,-0.9327051,1.488836,-0.22560234,0.6878146,-1.303524,-0.3040431,-0.022827987,-0.7608762,0.75906795,-0.20561817,1.591244,-1.1191232,-0.48073488,0.50048196,-1.647145,-0.38069564,-0.030446554,1.6036379,0.5113753,0.899687,0.6638464,0.3399499,0.34330645,-0.38457093,1.6395098,-0.29797325,2.0646892,-0.2856209,-0.4799475,1.5387515,-0.40119773,0.3962167,-0.018819463,-0.021638531,1.293845,-0.24526124,-0.85799253,-0.052627183,-0.55735123,-0.008944154,-0.011762584,0.78719276,0.28265175,-0.474162,-0.18536404,0.5538651,-0.4163073,-1.3487524,-0.51844203,0.43610922,0.68373394,1.3886853,1.5211189,-0.3390967,-0.5974204,-1.431268,0.7304762,0.91266155,0.7541811,0.17061898,-1.9601122,0.65018636,0.7664069,0.62031305,-1.6305771,-1.9883168,1.745092,0.5694196,0.69190854,1.3543489,-1.1362288,-1.2352679,-0.23650698,-0.28206897,-0.06302486,-0.9925367,-0.49094266,0.19044764,0.01347564,1.8401921,0.8397045,0.30986357,-0.5050326,-0.84736586,0.78675294,-0.06166012,-0.6305734,-0.2666704,-0.04997645,0.6601782,-1.5057611,-0.55920005,0.6605231,-2.1953385,1.0063798,0.012609467,-0.38153946,-0.07705311,-0.06805602,-0.9008304,0.11740849,-0.10963156,-1.1592295,-0.33686012,0.2966617,-1.5378506,-1.2943037,0.86766845,1.1759539,-0.49899936,0.5444838,1.1415149,0.2814222,1.1106818,-0.06485518,-0.21792166,0.22544117,0.009660465,-0.06012819,-0.39993292,-1.296732,-0.25921822,0.7433729,-1.0541415,-1.2308471,0.75675404,0.40478802,-1.7288477,-1.2369328,-0.2459528,-0.5786697,0.350505,0.944491,-0.2202324,-0.3622535,-1.0583262,-0.109650716,-0.021103721,0.6746341,-0.38570714,0.25807026,0.49500376,-0.4625401,-0.007695371,1.68037,0.16146128,1.5262202,1.4771198,-0.030197024,-0.45016176,0.9687315,-0.056412958,-0.091746494,0.68694985,-0.62196267,-0.9573556,1.1592839,-0.024581145,-0.27409762,-0.07244677,0.58308613,-0.45376396,0.39812025,-0.0031389594,1.1496701,1.6988811,1.3505801,1.858593,-0.10908419,-0.32125482,-0.7768456,0.7810673,-1.3935443,-0.79040587,-0.22309104,0.7492928,1.7051504,-0.09415026,0.3361677,0.2393202,-0.75235444,-0.86249715,0.20215473,0.31352046,-0.78692704,-0.46595174,0.14129587,-1.4641037,0.32243508,-1.9249694,-0.2524553,0.923089,0.9569355,-0.35726398,-0.21266814,0.9087321,0.33658555,-1.0376253,-0.25669888,0.5599285,1.5409759,0.3880807,-0.5911902,0.41477123,-0.7873424,-1.5925249,0.024613429,-1.1338457,-0.99632895,-0.26070863,-0.4135986,-0.12909095,-0.5818707,-0.6589503,1.5389436,0.019465625,-0.39502788,0.48431525,-0.6328795,1.0063937,-0.03486843,-0.2316471,1.3944156,0.7838501,-1.4122181,1.0231632,-1.5055004,1.3221079,-0.6231444,1.2657696,1.5914476,0.5235666,-0.5973816,1.5505363,-0.7042402,-0.39280295,-0.27711323,0.8119817,-0.91608936,0.36763018,-2.347818,1.4123247,-1.5326883,-0.64259905,-0.23023781,0.68195724,-0.14934507,-0.014719325,-0.03991594,0.2418071,-0.108412586,-1.1082431,0.30002624,1.3004822,-0.45567036,-0.8918432,0.19909067,0.34568655,-0.1458873,-0.1438404,2.9387126,-0.36566558,0.43252587,-1.2568924,-0.7019919,1.0261526,-0.44631004,-1.3516798,0.05499289,0.20449242,0.21880487,0.100466885,-0.5923548,0.9544641,-0.8627547,0.3854979,0.94560844,-0.8433237,-0.04175085,0.09341151,-0.5419591,-1.5468092,-1.160567,0.608287,0.16842058,-0.9247047,0.44563684,0.7730442,1.4299008,0.8088316,-0.28052968,-0.80484104,0.97520334,0.69551736,0.5321087,-0.8948908,-1.081886,0.1526006,0.93228376,-0.57441306,0.41890368,0.07956331,0.22591695,-1.8190784,0.8690238,0.06646812,-0.116602995,1.2730328,0.04890781,-0.14636573,0.9268842,-0.102542415,0.103392065,-0.45425797,-0.24512672,-0.057789434,-0.045024138,-1.0840636,0.29087037,-0.8454765,0.28850982,-0.2456404,0.533003,-1.8457727,0.8600753,-0.100157045,0.6239897,0.39155787,0.38623393,-1.6142668,-0.58359545,0.0028110743,1.5367239,0.89810735,0.17566675,-0.6715458,-0.63669294,1.699884,0.80091393,-0.8382684,0.26959354,0.08555907,-0.52269286,-0.20556319,-0.9949253,-0.8077997,0.4300483,0.3022578,-1.3023245,1.1768484,-1.9989672,0.62262565,-0.113563836,-1.1701118,-0.10559304,0.5005055,-0.6076058,1.9640062,0.87692606,-0.8693703,-0.25684223,0.5342667,0.86170805,-0.67792994,-0.23267953,-0.8876537,1.0751069,1.6694202,0.6451224,-1.2986643,-0.03969174,0.41030088,-0.5647013,1.9334669,-0.19034271,-0.81777066,-0.5584572,-0.1589886,-1.5921148,-0.545839,-0.77297485,-0.38317627,-1.2713816,0.72352535,-0.7844208,-0.69982445,0.7501566,-0.71767384,0.48498783,-0.29752612,1.1130402,0.8575107,0.36215463,0.5769201,-0.46067843,0.2485379,-1.3536922,-0.4451913,0.81605804,-0.6294693,0.32499614,0.23341802,1.1019435,1.5815367,-0.4224441,-1.0842285,0.36744007,-0.049514305,0.37051088,-0.037952404,-0.5605744,-0.63039494,0.7343811,0.27626848,1.1248448,-1.678709,-0.5664445,-0.05601425,0.6143097,0.3259083,0.8137107,0.6051945,0.67824614,1.644908,1.4302963,-0.06627544,-0.88829845,-0.6608914,1.0120546,-0.028797235,-1.5380547,-0.50652665,-1.3987738,1.7132574,1.2441496,0.4655289,0.5778355,-0.63734585,-1.5361651,2.5194564,-0.59189886,0.1107839,1.2664318,-1.1089525,0.16799287,0.23587,0.45262474,0.78508615,0.4095991,-1.2856381,1.007579,0.6305207,0.7253963,-0.21191697,-0.45759436,-1.0003847,0.43970466,-0.44878575,-1.4171625,-0.33877298,0.17525876,-0.75663364,-1.8821214,1.2949039,0.043670468,-0.78934616,-1.1261147,1.0145025,0.05157962,-0.6152953,-0.68178743,-0.022717122,1.6842011,-0.7028743,1.5996578,-0.35316643,-1.1742638,-0.5990119,0.75539726,0.81427157,0.24093273,-0.64257383,1.7917206,1.1436099,0.06468856,-0.65745294,0.20865352,0.18445091,-0.7170714,-0.99513006,0.1156512,0.6188809,-0.42702252,0.8262182,-0.05180968,0.15677145,-1.8870714,-1.9743887,-0.3332095,1.8438699,-1.485988,0.37262112,-0.31876597,-1.5749073,0.45408958,-0.4079372,0.6266264,-0.6077998,-0.6986872,1.3265959,-0.6854391,-1.7024275,-0.4725441,-0.9850701,-1.0139315,-0.34943888,-0.89608335,-1.687594,-1.6094877,-1.4481403,2.1130426,0.60994816,-1.1619184,-1.4548302,-1.2501491,-0.09960981,-0.088916145,1.4098495,0.9419242,-0.537958,-0.63115734,-0.5301309,-0.52455676,-0.18838255,-0.35585544,0.30375656,0.09370764,0.8477765,0.619696,1.3431637,0.5211988,1.0971584,-1.6352075,-0.6001954,-0.6044598,0.66528356,1.6261623,0.53293246,-0.63032264,0.51140314,-0.4170354,1.2164955,0.045987505,-1.0209357,0.05663052,0.45128632,0.70180494,-0.04176433,2.5182347,0.8124403,-0.79494363,-0.8666509,0.26206332,0.4634594,0.6983027,-0.8792469,-0.36405522,0.40543222,-0.08854723,-0.37938863,0.613397,-0.89275086,-0.026392555,0.8394751,1.936371,0.2770099,-0.30883402,0.49476895,-1.8427398,0.16486594,1.3395368,-0.57660896,-0.10994993,1.0881631,-1.1945944,1.096689,-1.1622379,1.3548849,-0.6393255,1.1256326,-0.26644477,0.6510724,-0.68604654,0.39094883,-1.196611,-2.3704166,-0.6786583,0.24186055,0.8703316,-0.16128944,0.5210946,-0.6777191,-0.0934462,0.7733115,-1.5235946,-0.5882973,1.5978663,0.70985353,0.10232655,1.6683378,-0.29952934,0.70936525,0.7254389,0.76018655,0.6265119,0.13161455,1.660716,-0.9273396,1.3506572,1.1455709,0.61581385,2.7832985,0.9020764,-1.3659812,-1.7312491,1.4087518,-2.814573,-0.70399314,0.762414,-1.918453,0.8998766,-1.688998,-0.4726089,1.3467239,0.3943812,-0.099786416,-1.1912463,-1.2929465,1.1927322,0.9919203,-0.22649257,0.24830592,-1.129208,0.081759825,-0.97779673,-0.9269729,1.3994545,1.1524856,0.46527097,0.33633476,-1.113609,0.86481196,0.12552108,-0.17727841,0.1886069,0.90160197,-0.8090023,0.5062322,0.49981156,0.3352882,-0.3551577,0.5955137,-0.041328933,0.7756361,-0.09446206,0.8737088,0.93377334,-0.48086065,0.338514,-0.40988493,0.40747818,0.81906927,1.3869574,-0.13352515,-1.8509935,-0.90992314,0.152341,1.1005622,0.19012539,0.56255335,-0.025001388,1.3318933,-0.5636788,0.11834382,-0.39798656,-1.0735253,-0.24821366,0.38699222,0.7263132,-0.25385925,0.37666303,-0.9353401,-1.1349069,0.7049297,0.3822123,-0.7934805,-1.2226704,-0.7879452,-0.5297155,0.06844286,0.74737936,0.21752417,-0.16751276,-1.611554,-0.3622807,0.99296135,0.9222619,-2.0320015,0.11703074,-0.14510249,-1.1326948,0.1770292,0.27616748,0.07312441,-0.094126284,0.30046016,-0.8414756,0.6719929,-0.38391063,0.8067023,1.5089735,0.38281938,1.352762,-0.7285062,-0.36411807,-0.10044726,0.84779316,0.14879142,-1.6561575,0.9627806,-0.7791135,-0.68203354,1.910169,-0.8625722,-0.6086878,-1.3039287,-0.1405198,-0.6874584,-1.1826669,1.9455011,-2.4399474,1.4550527,-1.6456716,-0.19816099,-0.85278904,-0.7485239,-1.3051327,-0.48074982,0.42373523,0.022926947,0.27308384,0.5467714,0.14275812,0.47648928,-0.39182067,1.6508512,0.103733875,-0.061912674,-1.2023824,-1.2433554,-0.19453524,0.67689,-1.4796479,-0.5131106,-0.5991583,0.07804126,0.050010893,-0.31869683,-0.93807536,0.9107603,-0.24193504,0.20218901,-1.2099874,-0.95587736,0.017085878,-1.2550691,1.2582496,-0.4873759,1.5839864,-1.0555496,-1.1364226,0.51954263,-0.6339383,0.30290577,0.27558416,2.0581515,0.60502136,0.92950195,-0.04174435,0.8739966,-0.21977794,-0.47611067,1.8944665,0.46777147,2.057586,-0.19464764,-0.19275488,1.7680504,-0.18507276,0.9167085,-0.16747908,-0.022637364,1.7040259,-0.68996656,-0.72794694,-0.121343024,0.07797503,-0.43436518,0.10864858,0.8606106,0.2380104,-0.10195486,0.6381923,0.612095,0.0062871748,-1.6913989,-0.44776726,1.0121373,1.4396759,1.0512615,1.2759801,-0.26770705,-0.15268476,-1.5805848,0.14820151,1.4383715,1.1922902,0.13624747,-1.6382645,1.038959,0.62517965,0.8562198,-2.1420767,-1.3256394,1.3688189,0.5320316,0.025296034,1.6021183,-0.77397126,-2.2285075,-0.59932244,-0.41163224,-0.7073293,-0.6821547,-1.1420673,-0.0065669245,0.45476526,1.0136479,1.0653658,0.9595705,0.16536848,-0.9501007,0.04551071,-0.093151994,-0.59393567,0.7458703,-0.23306605,0.7590952,-1.5265073,-0.8283772,0.5084427,-2.4481735,1.4018317,-0.23619303,0.29801038,-0.32171634,0.40653938,-0.8273223,-0.0463094,-0.17334129,-1.0728948,-0.16786268,0.8994699,-1.96741,-1.1217784,0.9486073,0.717835,-0.5010586,0.07987513,0.69946367,0.041327663,0.9042558,-0.17327738,-0.795956,-0.52706945,-0.26069677,0.26975098,-0.62848216,-1.3789546,-0.6631185,0.8430665,-0.90704536,-1.529659,0.79388076,0.45259044,-1.4371549,-1.3156203,-0.0782337,-0.42743278,0.27037504,0.9576205,0.011400872,-0.32557482,-1.0258019,-0.21435745,-0.36082786,-0.311556,-0.73539066,-0.008487226,0.27511406,-0.9364556,0.53051454,1.78394,0.36088964,1.8989333,1.6116227,-0.061367605,0.37313083,0.88900965,-0.4657895,-0.1841987,0.7087273,-0.69605446,-0.7905033,1.2118695,0.026459185,-0.76076573,-0.085543156,0.84679323,-0.7379115,-0.77652746,-0.083586805,0.44270274,1.0766255,1.7340281,1.8391091,0.25378534,0.2207859,-0.51701564,0.5470894,-1.6830528,-0.5392063,-0.5538173,0.47955224,2.246575,-0.6578622,0.39968824,1.1292158,-1.3343917,-1.2324919,0.108549476,0.4117884,0.05532819,-0.57966465,0.77874166,-1.4641075,0.43527398,-1.6580715,-0.113863416,0.75701106,1.1542442,-0.791901,0.56002444,0.9819727,-0.015291704,-0.7402422,-0.39688185,0.39362654,2.0805643,-0.452765,-0.59902096,0.64405864,-0.14505307,-1.9142606,0.015200223,-0.78715056,-1.2930393,-0.3918598,-0.14805858,-0.3418451,-0.08812761,-0.9438483,1.2241734,0.08107781,-0.052296154,0.469101,-1.3540856,1.1141906,0.6256379,-0.810283,1.671302,0.87563485,-1.2688674,0.56457096,-1.9594669,2.3928516,-0.49492517,0.95612526,1.7422962,0.5459525,-0.4727797,1.2401407,-0.85608304,0.15508227,-0.8865009,0.6750351,-0.5457847,0.32451746,-1.6509945,1.3281628,-1.1469208,-0.4268252,0.21028455,1.0087447,-0.6240258,0.5584819,-0.22797649,0.22729288,0.092177086,-1.3358171,0.4411555,1.8175461,0.025091993,-1.0066397,0.26288015,-0.05604012,-0.6436512,-0.17383397,2.343285,0.15231173,0.4492342,-1.5172733,-1.5617392,1.0168307,-0.20154211,-1.7705114,-0.67535216,-0.2978423,0.1302295,-0.06253537,-0.5747415,1.0785083,-0.5188559,0.62945986,0.63931847,-0.3671927,-0.011936038,-0.026888533,-0.49891695,-0.5936026,-1.2042037,0.48060685,0.40918002,-0.9984028,0.8994304,1.3954222,1.6044185,0.68948275,-0.39778444,-0.7785791,1.26194,0.3707146,0.8770995,-1.4637672,-1.698824,0.67223155,1.1238285,-0.29679942,0.4085591,0.47655657,-0.20573033,-1.8084661,1.0545319,-0.2218814,-0.4594745,0.9896181,0.13064267,-0.19655026,0.98764706,0.16113384,0.57506526,0.053182196,-0.7624137,-0.28041545,0.13926402,-0.9597602,0.66475594,-0.56715,0.7112576,-0.69934416,0.35640243,-1.7910521,0.9307119,-0.11005201,0.33738807,0.84031016,0.39983916,-1.7169756,-0.6067233,0.042572465,1.3569733,1.1432925,-0.18437055,-0.2500577,-0.30861172,1.3118713,1.0417771,0.14436314,-0.20823848,0.14352973,-0.21878834,-0.5569549,-1.0606921,-0.701457,0.29711333,0.32261524,-1.1280786,1.8265344,-1.9952943,0.530152,-0.008562906,-1.942489,-0.30226967,0.27011055,-0.0651062,2.3558998,1.2185186,-0.3760803,-0.36859128,0.97099537,0.95282453,-0.93783516,-0.19518067,-0.8531942,0.64599055,1.494201,0.5702705,-1.2649146,-0.20338881,0.7581367,-0.39470175,1.2046562,-0.09611773,-0.63320595,-1.0667086,-0.19174583,-0.65360755,-0.38708514,-0.33658576,0.7318983,-1.3233664,0.9706206,-0.6459835,-1.6713659,0.9303516,-0.58003026,-0.038121898,-0.8185107,1.0992409,0.5438792,0.57599366,0.67369473,-0.73304015,0.014486655,-1.4912091,-0.668748,0.618256,-0.6949477,0.9237777,0.63829976,0.76416045,1.6415378,0.26379463,-1.8989894,0.63853025,0.24745686,0.7976519,-0.5795503,-1.1467825,-0.4173076,-0.20274882,0.3616972,0.9414285,-1.6158496,-0.3001749,-0.4088485,0.3885079,0.007246293,0.44898337,0.3382285,0.58324516,2.0430982,0.8824155,0.4143693,0.0
キ,0.0089554153382778,0.1939436793327331,-0.2193934172391891,-0.892130434513092,0.2426500469446182,0.8090804815292358,-0.0006461688317358,0.2059105336666107,0.1103751063346862,-0.4960032403469085,0.9617363214492798,0.3438442349433899,-0.0860624685883522,-0.3222886323928833,0.7872731685638428,-0.2823822498321533,0.1623154133558273,-0.2046204507350921,0.1291653960943222,0.1357299089431762,-0.5593015551567078,-0.7716518044471741,0.0471532978117466,0.5986023545265198,0.3549172580242157,-0.5780556797981262,0.2487049698829651,0.2216878086328506,-0.1113149970769882,0.1567638367414474,0.0653873309493064,-0.5548986196517944,0.0657591000199318,-0.408096581697464,-0.1881638914346695,0.5684396624565125,0.1580043733119964,-0.0112947979941964,-0.0664695054292678,-0.2631846070289612,-0.1660615652799606,-0.1197155714035034,-0.1676841676235199,-0.3762255609035492,-0.2971188127994537,0.3927555680274963,-0.2499871701002121,0.5849437713623047,0.3317283689975738,0.3255312442779541,-0.3314432799816131,0.3086915910243988,0.5327470898628235,-0.1731323897838592,-0.1804702877998352,-0.5745936036109924,0.1863718330860138,-0.4887060821056366,-0.1509477794170379,0.3312007486820221,-0.3013313114643097,-0.2362928539514541,0.1911569684743881,0.1281263679265976,-0.3288263380527496,0.0834068581461906,0.3564080595970154,-0.0896729975938797,-0.3487680852413177,-0.3754557967185974,-0.5943626761436462,0.2977727949619293,-0.2029802352190017,-0.1202201098203659,0.7733710408210754,-0.691891074180603,-0.1582495272159576,0.1307856887578964,0.129266157746315,0.179776906967163,-0.261399894952774,0.3057650327682495,-0.0999675914645195,-0.373337835073471,0.1245990842580795,0.4375348389148712,-0.1949544101953506,-0.6727452278137207,0.1449243426322937,-0.0880607590079307,0.1117881163954734,0.2104975432157516,-0.0901843756437301,0.2620703876018524,-0.3076165318489074,-0.1190997660160064,0.1794024109840393,-0.2009548395872116,0.2896222472190857,0.5201216340065002,-0.0178588442504405,-0.1175526157021522,0.2643328905105591,-0.0321151241660118,-0.1858051568269729,0.037453293800354,-0.532194197177887,0.4019044041633606,-0.058816809207201,-0.4000467956066131,-0.4044370353221893,-0.1294841170310974,-0.3230060636997223,0.3377116918563843,-0.0151133490726351,0.4915045499801636,-0.358000785112381,0.0789115205407142,-0.5358489751815796,0.6664966344833374,0.2892233431339264,0.2272322177886963,-0.2350341975688934,-0.1883149743080139,-0.0374681949615478,0.4136695265769958,-0.5037018060684204,-0.1584736406803131,-0.287291556596756,-0.3900687098503113,-0.3347787857055664,0.0566991604864597,-0.514350950717926,0.179104745388031,-0.4272096455097198,0.2676720917224884,-0.0008892610785551,-0.119334876537323,-0.0342761911451816,-0.3698295056819916,0.6141608953475952,0.030637776479125,-0.320189356803894,0.2113173454999923,0.0461371541023254,0.398370087146759,-0.214113175868988,-0.6932808756828308,0.7195062637329102,0.367898166179657,-0.548111617565155,0.6063113808631897,-0.7249165773391724,-0.1172510087490081,-0.163594901561737,-0.0741870552301406,-0.3895092904567718,0.3956390619277954,-0.1362478584051132,0.522060751914978,-0.3884695470333099,-0.6509543657302856,-0.0905016064643859,0.4577580690383911,-0.0745252072811126,0.6840958595275879,0.1851225048303604,-0.0991550236940383,0.3364947438240051,0.637281060218811,-0.0453508161008358,0.5295713543891907,0.1634165644645691,-0.4523137509822845,0.0446202680468559,0.3800104558467865,0.284567654132843,0.1254987865686416,0.5073771476745605,-0.4641390740871429,0.2480779737234115,-0.3822896182537079,-0.100916102528572,-0.6630884408950806,0.3797591626644134,0.0846238806843757,-0.1318268775939941,-0.0738795399665832,0.4522085189819336,-0.0492566935718059,-0.4892923533916473,-0.2397583127021789,0.4089611172676086,-0.3739085793495178,-0.0003141923516523,-0.2210182696580886,0.1859475374221801,-0.6739915609359741,0.1745838820934295,0.220360517501831,0.3807322680950165,-0.0570086054503917,-0.1237288936972618,-0.4595778286457062,-1.1483312845230105,-0.1460831612348556,0.7014099359512329,0.83683842420578,0.0783072561025619,0.3080491125583648,0.0015377762028947,0.5985416173934937,0.5874409079551697,0.1812830716371536,0.190099686384201,0.0373004861176013,-0.1218758150935173,0.1014582216739654,0.5281689167022705,-0.4943133592605591,0.1747933626174926,-0.2836597561836242,0.0985108017921447,0.2787056565284729,-0.1977821886539459,0.2921814322471618,0.4311996400356293,-0.2281941324472427,-0.3467642962932586,0.7514057159423828,-0.8000134825706482,-0.3450879454612732,-0.009347915649414,0.2900696396827698,-0.9353619813919068,0.6392756700515747,-0.2492270022630691,0.1082829087972641,-0.4890226125717163,0.0359387397766113,0.1801340728998184,-0.3585279583930969,0.1104844063520431,-0.6221851706504822,0.1228515431284904,0.2161178290843963,-0.0165604911744594,-0.5918678045272827,-0.6227045655250549,0.0214903783053159,-0.5298854112625122,-0.3639200329780578,0.7639522552490234,-0.5795010924339294,0.7762306332588196,0.3476709425449371,0.4019074738025665,-0.4657380878925323,-0.1669498533010482,-0.2760277986526489,0.1193528324365615,-0.9021141529083252,-0.1912649720907211,-0.5950599312782288,-0.1172133013606071,0.1430878639221191,0.1233772411942482,-0.7688897848129272,-0.7354635000228882,-0.1789389699697494,0.2603660523891449,-0.0042166076600551,-0.3103835880756378,0.1659796237945556,-0.3101548552513122,0.0252922773361206,-0.1007624864578247,0.2142903953790664,-0.6002864241600037,0.0724116042256355,-0.8211646676063538,0.1793502122163772,-0.5730201601982117,0.2574987113475799,0.3910787403583526,-0.0462004169821739,-0.0876006931066513,-0.0975300371646881,-0.1016468480229377,0.3967403769493103,0.5249233841896057,-0.4801513254642486,-0.7723743319511414,-0.055671326816082,0.0136875221505761,-0.0571516752243042,0.3413433134555816,0.2657767832279205,0.0421169660985469,0.1710550040006637,0.6340242028236389,0.2799536287784576,0.4707091450691223,-0.4334757030010223,-0.0673077553510665,-0.7172948718070984,-0.4154280424118042,-0.4803426265716553,0.9947332739830016,-0.2261528223752975,0.2403616905212402,1.3021985292434692,-0.2751008570194244,0.0932967960834503,0.7321251034736633,0.0016831944230943,-1.4337382316589355,0.1742880642414093,0.3827532529830932,0.4132084548473358,0.0696791559457779,0.3024963438510895,0.2778406143188476,0.4463664591312408,-0.1168526858091354,-0.2425277829170227,0.3244265615940094,0.5899599194526672,0.0496654845774173,-0.617261528968811,0.8245378732681274,0.2255584001541137,0.2680265307426452,-0.7746888399124146,-0.2026408314704895,0.5430367588996887,-0.0010325968032702,-0.1048668175935745,0.4138762652873993,-0.2566787004470825,-0.103787787258625,0.1203577071428299,0.3506484925746918,0.0290042459964752,-0.7879344820976257,-0.0909556150436401,0.1300715804100036,0.8856472373008728,0.8778288960456848,0.6831426620483398,0.2792248725891113,0.0440075062215328,0.1303082406520843,0.5566778182983398,0.2512948215007782,-0.1223691180348396,0.0570113584399223,-0.4873378574848175,0.1637439429759979,0.0484549850225448,0.1156986951828002,-0.5891779661178589,0.4568356275558471,0.6302958130836487,0.0585559792816638,0.824226975440979,0.304629772901535,0.4024071097373962,0.0829458087682724,0.2384218275547027,0.6345834732055664,0.1956893354654312,-0.3380899727344513,-0.5317067503929138,0.2160411775112152,0.0493471249938011,-0.221853882074356,-0.02583465911448,0.5467850565910339,0.2580340802669525,-0.4190973341464996,0.1458680480718612,0.3836770057678222,-0.0616870708763599,-0.2065752744674682,-0.5558835864067078,-0.4770741462707519,-0.6676740050315857,-0.2172219902276992,-0.753665030002594,0.146900326013565,0.100456528365612,0.4139447808265686,0.0750255212187767,-0.5526785254478455,-0.1661145240068435,-0.3633378148078918,-0.4284783601760864,-0.0671730786561966,0.0191703774034976,-0.2370837777853012,-0.0520790964365005,-0.2882414162158966,-0.4228926301002502,-0.3670439422130584,-0.2755053639411926,-0.3149448931217193,0.4823648631572723,0.1293221712112426,0.5752208828926086,-0.1062190011143684,-0.0015399476978927,-0.2033703178167343,-0.0299327652901411,-0.4370419681072235,-0.1116801798343658,-0.971891462802887,0.686314582824707,-0.0880109816789627,-0.1899833083152771,0.1447987705469131,0.5745759606361389,0.6484565138816833,0.2478493899106979,-0.059849202632904,-0.2137864828109741,0.0503655113279819,-0.5760780572891235,0.5633659958839417,-0.1351030617952346,0.6263390183448792,-0.2805357575416565,0.755492091178894,0.3448373973369598,-0.170314535498619,-0.1546093225479126,0.1700873970985412,0.5626100301742554,0.159848153591156,0.0025721793062984,0.3212217688560486,0.8514876365661621,-0.2384626716375351,0.3629963397979736,-0.2154732197523117,0.5963175892829895,0.5760573148727417,-0.2388592660427093,0.2666859626770019,-0.4242483675479889,0.2194554805755615,0.3001822531223297,0.5287933945655823,0.1616058498620987,0.4735806286334991,0.451240062713623,0.2986082136631012,0.5375964045524597,0.315589427947998,0.0714832171797752,-0.0380567088723182,-0.0804987475275993,-0.941788375377655,-0.0109886368736624,-0.1580452769994735,0.0599218979477882,0.374786913394928,-0.5962842106819153,-0.0410428903996944,-0.0652371048927307,-0.7644864320755005,-0.7148693799972534,-0.7939397692680359,-0.1061565801501274,-0.2387058287858963,0.0846536979079246,0.6289856433868408,0.3573974072933197,-0.6010023355484009,0.7245087623596191,-0.2205299735069275,0.7521306276321411,0.7965068817138672,-0.2417720556259155,0.0319433659315109,-0.0606076717376709,0.5573583245277405,0.0681068524718284,-0.2149157524108886,0.3274743854999542,-0.3377166092395782,-0.8510096073150635,-0.2493732422590255,0.6903465390205383,-0.3536029160022735,-0.4530978500843048,0.6913907527923584,-0.2197850495576858,-0.4711142182350158,-0.9469786882400512,-0.1042305007576942,-0.3892042636871338,-0.0367775112390518,-0.9603989124298096,-0.1532881557941436,0.0610974542796611,0.0220168903470039,0.2253399640321731,-0.0660680904984474,-0.117988608777523,0.158000573515892,0.6731314659118652,0.4489672780036926,-0.2163829505443573,0.0028803029563277,-0.1595053076744079,-0.2227129936218261,0.1855341643095016,0.329947829246521,0.4378122091293335,0.048679169267416,-0.0843349769711494,-0.8436931371688843,-0.2033517360687255,-0.8151254653930664,-1.060943365097046,0.0296236779540777,0.0121984211727976,0.6580050587654114,0.0858059749007225,0.0645452514290809,0.081458568572998,0.3754222393035888,0.4356490969657898,-0.0541432574391365,-0.1782771646976471,-1.0699797868728638,0.5052244067192078,-0.329275369644165,-0.4732583463191986,0.7103375196456909,-0.0672724097967147,-0.0404047146439552,0.3415814340114593,0.1774719655513763,-0.0499029532074928,-0.0452777631580829,0.3679766952991485,-0.1262805014848709,-0.1787403225898742,-0.1120196059346199,0.0712124705314636,0.067470796406269,0.1305374056100845,-0.7875770330429077,-0.287869393825531,0.4497101604938507,0.5701536536216736,0.0278291925787925,-0.257629781961441,0.0555600970983505,-0.1156580448150634,-0.3250406086444855,0.0239700376987457,0.2131179720163345,0.3540386855602264,-0.6282370090484619,0.4354308843612671,0.5328080058097839,-0.6255291700363159,0.3726008534431457,0.6569305658340454,0.447987288236618,0.3464375734329223,-0.0826312601566314,0.5278232097625732,-1.231490135192871,0.4108918607234955,0.4572261571884155,0.1051392704248428,0.1898313760757446,0.0374056287109851,0.1297614872455597,-0.4985046684741974,-0.4484615325927734,0.1290663480758667,-0.0684365034103393,0.5380885004997253,0.3252914249897003,0.3040666878223419,0.5544211864471436,0.8911846876144409,-0.1463435441255569,-0.0443869233131408,0.2671656310558319,-0.2792579531669616,1.1192423105239868,-0.2323697656393051,0.2132555097341537,-0.160199224948883,-0.8986796736717224,0.329925924539566,0.3822031319141388,-0.0639000087976455,0.8322954177856445,-0.2789399623870849,-0.1830359846353531,0.6643446087837219,0.3514379560947418,0.4319140315055847,-0.4011268019676208,-0.9307833909988404,-0.1246536746621131,-0.1892444938421249,-0.0544877350330352,0.1913336217403412,0.0124964993447065,0.2765724956989288,0.2173954248428344,0.0075536523945629,0.2295721769332885,0.733206570148468,0.326696902513504,0.0463561899960041,0.255257099866867,0.0263036601245403,-0.5050647854804993,-0.1246143355965614,0.1126625090837478,-0.2684059739112854,-0.5112488269805908,0.3904279768466949,-0.1249579936265945,-0.2794017791748047,0.0773320272564888,-0.305027574300766,0.2228762209415435,0.0762445032596588,-0.3174924552440643,-1.082621932029724,0.0216517392545938,-0.1389867812395095,-0.6159332990646362,-0.1184799522161483,-0.2913204431533813,-0.0232399385422468,-0.3378078043460846,-1.0702210664749146,-0.5516250133514404,0.2236312925815582,-0.4136366248130798,0.2747859060764313,-0.4481717944145202,-1.1580616235733032,0.2553902268409729,0.4109495878219604,-0.0642045140266418,-0.9181769490242004,0.2613958418369293,0.088971771299839,0.3436866700649261,-0.1951122134923935,0.3497662842273712,-0.4540547430515289,0.1738097816705703,-0.2475224286317825,-0.0588273964822292,-0.1013713851571083,-10.15874481201172,0.0772986337542533,-0.3866763412952423,-0.0697727650403976,-0.3086727857589721,0.0560729019343853,0.5754695534706116,0.5313887000083923,-0.1754971593618393,0.1452340632677078,0.1499291509389877,0.1246160045266151,0.1824256926774978,0.2906182706356048,-0.5009133815765381,-0.1276926398277282,-0.6558630466461182,-0.1718283742666244,-0.0053171636536717,0.2111367434263229,0.0747468620538711,0.1512689143419265,0.3463532626628876,0.5563478469848633,0.2827402651309967,-0.4469149112701416,-0.2932372391223907,0.3206714689731598,-0.3959000706672668,0.4110264778137207,-0.5485899448394775,0.1108571588993072,0.0251112282276153,0.4571645259857178,-0.3254336416721344,0.172176718711853,-0.1573193222284317,0.2649368047714233,0.345934122800827,0.1981503814458847,0.2115772813558578,0.1912645548582077,0.2055511623620987,0.0596089661121368,0.144676461815834,0.0531624220311641,0.2105614095926284,0.379570722579956,0.4094756841659546,0.0219456944614648,0.2211800962686538,-0.4739434123039245,0.0143642779439687,-0.3641282021999359,0.5714985132217407,0.2930380702018738,0.5575454831123352,-0.4731172919273376,-0.1425304263830185,0.1286281943321228,-0.2561348974704742,0.146199345588684,0.461464375257492,0.3113602995872497,-0.1503019034862518,0.4367438852787018,0.3194290101528168,0.3930483758449554,-0.1811354905366897,-0.3683565855026245,-0.1541863828897476,0.6007781624794006,-0.046747762709856,0.0733655989170074,-0.3318231999874115,0.2229252904653549,-0.0728904232382774,0.0502280332148075,0.1799504607915878,-0.4044448733329773,0.0383785553276538,-0.4283250868320465,-0.5955882668495178,0.1081421226263046,-0.8514079451560974,-0.0016018233727663,0.0004268751363269,0.2681510746479034,0.0098897572606801,-0.6363226175308228,0.3738816082477569,-0.5472381114959717,-0.0418695993721485,0.4586743712425232,-0.2135823518037796,-0.1286458522081375,0.1427406966686248,0.8457289338111877,0.444111704826355,-0.1456223726272583,-0.69934195,0.1615306,0.7925365,0.6691809,-1.3950723,-0.1621346,-1.3819337,0.52153265,1.2584089,0.397578,0.56033796,-0.27086046,-1.4882936,1.9268428,-0.6078928,0.15375493,0.83371377,-1.1641608,0.8387249,-0.13844658,0.3374766,0.58003974,0.45814982,-1.0875722,1.0587536,0.45489684,1.0873959,-0.42507032,0.05094097,-0.8539564,0.3534758,-0.38230988,-1.0920076,0.0077230656,0.35889256,-1.0711268,-1.6101222,1.163002,0.25726655,-0.5478464,-0.55216235,0.53501695,0.2845926,-0.4043444,-0.67123103,-0.23388048,1.7984619,-0.3227596,0.94324,-0.2749758,-0.80465746,-0.17427646,0.50236565,0.9481764,0.5734301,-0.5881311,1.4629222,1.1137477,-0.009816478,-0.38673544,0.58318824,0.53630596,-0.8087115,-0.44205675,-0.06501933,0.3851968,-0.37291288,0.4625534,0.35616478,0.020786874,-2.4547243,-1.4899541,-0.6051166,1.0300484,-1.5200402,0.91031915,-0.039662372,-1.0883148,0.35295555,-0.34937537,0.17947508,-0.7578104,-1.0570136,1.3959023,-0.8998892,-1.2793626,-0.1252766,-0.27705124,-1.1458565,-0.4485338,-0.7418199,-1.7066454,-1.0914086,-1.0505868,1.7879791,0.036511745,-0.87447673,-1.1632254,-1.1586959,-0.29979205,0.033056088,1.2499715,0.63134116,-0.51143485,-1.0093551,-0.5566899,-0.16707088,-0.09335204,-0.12164358,0.83577985,0.53756285,0.5008786,0.7788114,1.4398828,0.43128288,0.920976,-1.0573782,-0.28881493,-0.745207,0.50473696,1.2639025,0.94815344,0.001351513,0.6757763,-0.15256423,0.80369335,0.21297954,-1.105229,0.36181638,0.52726024,0.48335624,0.019310214,2.125612,0.7586805,-0.7400601,-0.33287886,0.2617047,0.26605698,0.93056434,-1.3186953,-0.26257488,0.22585662,-0.015836634,-0.15998007,0.57030994,-1.1702644,-0.050666828,0.62062293,1.3825461,0.05116527,-0.2889887,0.10204337,-1.2959348,-0.052257508,1.0745522,-0.024875501,-0.07828414,0.48428893,-1.4234067,0.94185287,-0.9599495,1.3934603,-1.018764,0.7639015,-0.21588491,0.65529364,-0.6568765,0.61307466,-0.7186999,-2.296137,-0.91786665,-0.2836945,0.54747295,-0.15279227,0.5599204,-0.2853236,0.4199719,0.43553308,-1.5201274,-0.3524796,1.2260988,0.7998058,-0.0021209966,1.6289395,0.08415199,0.4400016,0.8230769,0.7897322,0.5643218,0.15545274,1.3289713,-0.4877236,0.63559645,0.86890197,0.65329343,2.6539438,0.6186129,-1.3829936,-1.4381509,1.1578861,-2.4147882,-0.8608527,0.5446387,-1.3207396,0.5635939,-1.2958125,-0.85171986,1.7471288,0.42264357,-0.16299188,-1.0868138,-1.1423564,1.0807706,0.89842397,-0.3624333,0.09078915,-1.0991948,0.0441151,-0.43975112,-0.50373596,0.9075596,0.739053,-0.068353884,1.500511,-0.47545353,0.8078323,-0.1334484,-0.011515743,0.20021363,0.6858546,-0.53576845,0.5310569,0.38055584,-0.12611814,-0.32200736,0.3164535,-0.32273188,0.48730382,-0.27139235,1.0217639,0.48907924,0.03717873,0.37766182,-0.1896624,0.36705413,0.83568233,1.3428726,0.22951293,-1.5455729,-0.09263215,0.28474537,1.2074763,-0.23247308,0.2968488,-0.13358752,1.3879193,-0.3051705,-0.02815403,-0.68400526,-0.79084975,-0.09180951,0.77063084,0.36919937,-0.10262054,-0.080132626,-0.43217382,-0.6246963,0.21343493,-0.06716368,-0.6745822,-0.99010915,-0.584781,-1.073196,0.5579945,0.6168941,0.36136603,-0.43952945,-1.1444601,-0.70386934,1.2298213,0.6692705,-2.086754,-0.40713003,-0.042274907,-0.9777856,0.17371573,0.60838014,0.06810689,-0.1438063,0.46780136,-1.5181727,0.8840051,-0.25784975,0.857956,1.7453685,0.38558087,0.6641992,-1.0479177,-0.01747711,-0.36572492,0.49671423,0.5357954,-2.1055481,1.1640925,-0.8367726,-0.87721545,0.9396372,-1.2042878,-0.68878585,-1.0288622,0.17515402,-0.24980022,-1.0662634,2.1308534,-2.3753743,1.5615897,-1.6924586,-0.47176623,-1.1319225,-1.0762266,-0.92805,0.13212596,0.18749154,-0.16239001,0.75150084,0.044600368,0.47854427,0.698191,-0.09512887,1.2680087,-0.08089432,0.4026301,-1.077876,-1.3210179,-0.36272052,0.70203155,-1.2822555,-1.0043302,-1.4970707,-0.42037535,-0.1861475,-0.6836436,-0.49080968,0.9767616,-0.045330226,0.6896116,-1.1919276,-0.69855064,0.050848484,-0.8842105,1.1513962,-0.7390976,1.781999,-1.146574,-0.8369252,0.2423604,-1.2965953,-0.34274766,-0.35852292,1.646326,0.49505493,0.42117247,0.3749304,0.3555964,0.01692971,-0.6094846,1.4428444,0.1542169,2.0083318,-0.1458383,-0.2898076,1.2472605,-0.25988883,0.73187786,-0.29302135,-0.18362987,1.7396091,-0.5405147,-0.3923807,-0.20399767,-0.080186136,-0.58991003,0.036836676,0.4529114,0.071374886,-0.36148003,0.8946553,0.50703675,-0.06758139,-1.1076866,-0.57079095,1.3461164,1.1804303,1.3918837,1.3963078,-0.27723137,-0.9780329,-1.510311,0.699723,0.843888,0.70778686,0.84125614,-1.8069634,0.17128633,0.41660407,0.53753597,-1.8802347,-1.6162649,1.4590837,0.7111604,0.77113605,1.3568592,-0.75020504,-1.6378955,-0.7013683,0.014468924,-0.4608998,-0.65308875,-1.1721591,0.039235644,-0.12045344,0.77556324,0.9533439,0.588718,-0.2414018,-0.6558252,0.48716298,-0.24284168,-0.89383286,0.21554835,-0.13161391,0.8266175,-1.5213839,-0.7680258,0.4110277,-2.1311371,0.9583376,-0.26973215,0.12503317,-0.11961994,0.21962161,-0.8702471,-0.19437869,0.33010218,-1.1791583,0.07558804,0.7837656,-1.6405841,-1.3142898,0.32777855,1.2537731,-0.29844892,0.24332364,0.01643709,0.08541133,0.69621944,-0.12800688,-0.47334933,0.36999646,-0.11515214,-0.06682018,-0.23760791,-1.5898818,-0.4048964,0.61504585,-1.0210387,-1.4687141,0.9338851,0.60266954,-1.7433916,-0.6497347,-0.25771955,-0.14436065,0.59879667,0.85714215,-0.10564364,-0.4184195,-0.9741931,-0.35229978,-0.0027764838,0.095788926,-0.028909603,-0.006407991,0.21493123,-0.7459846,0.9532675,1.7686076,0.08011588,1.8706056,1.450493,0.3263379,-0.04182448,0.68494725,0.028260604,-0.55463535,0.3906305,-0.62163585,-0.63315076,1.3021832,-0.38938963,-0.6639202,0.21628165,1.0517572,-0.4489871,-0.34563634,0.43354234,0.6720323,1.5023268,1.3090385,1.3997569,0.021477709,0.064877085,-0.6614886,0.61831075,-1.2506942,-0.5913134,-0.47027352,0.45945945,2.1856327,-0.7213314,0.37152573,0.85517,-0.70995945,-1.1349249,0.40629375,0.40234926,-0.23837368,-0.89442307,0.41945425,-1.0668167,0.2430114,-1.8791715,-0.0808867,0.8412742,1.0398036,-0.5120548,0.046868224,0.6577278,0.46439493,-0.8265608,0.25796962,0.62802464,1.9139051,-0.09789889,-0.85486203,0.5433048,-0.35782614,-1.335683,-0.04222423,-1.4269594,-0.42665195,0.3705481,-0.24770136,-0.3319337,-0.0792655,-0.43856695,1.5257415,0.23301436,-0.016564982,0.7162742,-1.0292468,1.1301259,0.23151678,-1.0262104,1.6908969,0.4194078,-1.449571,0.5034073,-1.3812475,1.3859433,-0.41414848,0.84453845,1.3562388,0.45232454,-0.41849372,1.302794,-1.0332818,-0.12241902,-0.16031374,0.48102236,-0.76135874,0.4753699,-1.5653752,1.8152746,-1.6413323,-0.94314027,0.29101336,0.4698942,-0.3319539,0.05441607,-0.21107166,0.4610689,0.015456051,-0.9752205,0.5491981,1.9151067,-0.56567675,-1.2248344,0.29683277,0.90276414,-0.01747863,-0.20531516,2.5682156,0.055017237,0.57865834,-1.5888715,-1.0985185,0.47576264,-0.5891095,-1.2182813,-0.11896732,-0.19539179,0.058953222,0.08208222,-0.28993532,0.70895916,-0.68609077,0.6206429,0.44955578,-1.0175637,3.8395327e-05,0.035810407,-0.50311774,-1.0587057,-1.4937497,0.2749275,0.43940124,-0.7914204,0.5371862,0.8735555,1.7111121,0.4556924,-0.39844728,-0.6687462,0.4799062,0.74512696,0.41849124,-1.3536676,-0.80402946,0.4228624,0.8553738,-0.35408106,0.57993716,0.21944426,-0.23707063,-1.9119979,0.7711301,-0.15747337,-0.10402119,1.0814888,0.5605483,-0.0037670135,0.8174842,-0.11734662,0.1441536,0.083917074,-0.6513667,-0.2993169,-0.11680496,-1.1279122,0.17990325,-0.20230453,0.40839836,-0.1807129,-0.14603227,-1.7848196,0.5681037,0.3097065,0.55673975,0.5467665,0.27163813,-1.4790378,-0.50469977,0.18204826,1.7805523,1.1903604,0.45164654,-0.70650107,-0.5036831,1.5905932,0.7079659,0.055619776,0.037742585,0.46869195,-0.39030698,-0.34545156,-1.1068677,-0.24782348,-0.018570617,-0.071457654,-1.1035557,1.4143286,-1.7976117,1.016584,-0.6112949,-1.3159207,-0.17727365,0.5733152,-0.48619917,2.0280979,1.2805454,-0.3548014,-0.3307551,0.5702072,0.9631498,-0.576525,0.03315428,-0.7087404,0.7254922,1.5087299,0.3987325,-1.0232118,-0.47907683,0.52988416,-0.6516178,1.4527783,-0.06843387,-0.6852991,-1.05344,-0.40226594,-1.3303322,-0.70679975,-0.1873328,0.2220189,-1.3999122,0.80835205,-0.27832133,-1.088887,0.48272634,-0.5457566,0.06267484,-0.42919144,0.9989641,0.8519502,0.47121358,0.401247,-0.4736164,-0.3194388,-1.1299801,-0.79051024,0.40544102,-0.6458219,0.81356925,0.26091436,1.0713648,1.9621158,0.11447484,-1.3195332,0.2541567,0.055217367,0.27563012,-0.3324704,-1.1631291,-0.6488071,0.56045103,0.54598284,1.1816413,-1.4940261,-0.86007196,0.09553405,0.40587226,-0.32483843,0.53305453,0.10110813,0.4609466,1.651374,1.7113384,0.059900124,,,,,,,,,,,,,,,,,,,,,,,,,,,,,,,,,,,,,,,,,,,,,,,,,,,,,,,,,,,,,,,,,,,,,,,,,,,,,,,,,,,,,,,,,,,,,,,,,,,,,,,,,,,,,,,,,,,,,,,,,,,,,,,,,,,,,,,,,,,,,,,,,,,,,,,,,,,,,,,,,,,,,,,,,,,,,,,,,,,,,,,,,,,,,,,,,,,,,,,,,,,,,,,,,,,,,,,,,,,,,,,,,,,,,,,,,,,,,,,,,,,,,,,,,,,,,,,,,,,,,,,,,,,,,,,,,,,,,,,,,,,,,,,,,,,,,,,,,,,,,,,,,,,,,,,,,,,,,,,,,,,,,,,,,,,,,,,,,,,,,,,,,,,,,,,,,,,,,,,,,,,,,,,,,,,,,,,,,,,,,,,,,,,,,,,,,,,,,,,,,,,,,,,,,,,,,,,,,,,,,,,,,,,,,,,,,,,,,,,,,,,,,,,,,,,,,,,,,,,,,,,,,,,,,,,,,,,,,,,,,,,,,,,,,,,,,,,,,,,,,,,,,,,,,,,,,,,,,,,,,,,,,,,,,,,,,,,,,,,,,,,,,,,,,,,,,,,,,,,,,,,,,,,,,,,,,,,,,,,,,,,,,,,,,,,,,,,,,,,,,,,,,,,,,,,,,,,,,,,,,,,,,,,,,,,,,,,,,,,,,,,,,,,,,,,,,,,,,,,,,,,,,,,,,,,,,,,,,,,,,,,,,,,,,,,,,,,,,,,,,,,,,,,,,,,,,,,,,,,,,,,,,,,,,,,,,,,,,,,,,,,,,,,,,,,,,,,,,,,,,,,,,,,,,
、,0.6195648908615112,0.3489904701709747,1.0567883253097534,-0.4765182733535766,-0.5891979932785034,-0.1809852719306945,0.0059980759397149,0.3481148183345794,-0.8365700244903564,-0.6619139313697815,-0.2249849289655685,-0.709401547908783,-0.0504682175815105,-0.4271685481071472,0.7363948225975037,0.4460712671279907,-0.5139725804328918,0.4701919853687286,0.1286108493804931,-0.3889336884021759,-0.8025297522544861,-0.7192121744155884,-0.5512325763702393,0.1941795796155929,-0.4240441024303436,-0.9229090809822084,-0.5777475237846375,-0.2258715033531189,0.0061606224626302,0.1903616487979889,0.2632638216018677,-0.4594249129295349,-0.3370295763015747,0.3261558711528778,-0.7294156551361084,0.6906647086143494,0.1098550781607627,0.2041232734918594,0.4162230789661407,-0.5478252172470093,-0.3630021214485168,0.5252999663352966,-0.6012375354766846,-0.5337058305740356,-0.1171065792441368,0.041893757879734,-0.1703510880470276,-0.031400877982378,-0.1483786702156067,-0.3944182395935058,-0.7106783986091614,0.7770763635635376,0.3953070640563965,0.1971932351589203,0.425059050321579,0.3488447666168213,1.0091537237167358,0.0231695063412189,0.0251429192721843,-0.2772858142852783,-0.7284931540489197,0.1356604993343353,0.3728354871273041,0.1996486485004425,-0.592863142490387,0.3532702028751373,-0.1977674067020416,0.5270116329193115,0.4377854466438293,-0.1567492187023162,0.5720683932304382,0.3822307288646698,0.2298650741577148,-0.3820671439170837,0.2723013460636139,-1.026605486869812,0.4222369492053985,-0.3067958056926727,0.2783031761646271,0.1548672318458557,-0.239579826593399,-0.1771947145462036,0.1182410269975662,-0.3522379100322723,-0.6739863157272339,-0.3207395672798157,-1.280389428138733,-0.1314788162708282,0.1092400550842285,0.1847828775644302,0.0771256908774375,-0.437089592218399,0.370442658662796,-0.3064039647579193,1.0832984447479248,0.4152913391590118,0.3117563426494598,-0.1497225910425186,0.3455894887447357,0.2241485565900802,-1.3417664766311646,0.5552119016647339,-0.0222490578889846,-0.8507680296897888,-0.5020774602890015,-0.1633059084415435,-0.2702930569648742,0.9135725498199464,0.5686036944389343,0.4233021438121795,0.0308378841727972,-0.2613431215286255,-0.8987371921539307,0.1841257512569427,-0.0797238424420356,0.4295142292976379,-0.5939999222755432,-0.1568807661533355,0.0380602180957794,0.1479811817407608,0.2256724238395691,0.58320552110672,-0.4946492314338684,-0.1372482478618621,0.271740585565567,0.1917717903852462,0.1432688981294632,0.3522486984729767,0.2582482099533081,-0.6036713719367981,0.3547253906726837,-0.6765661239624023,-0.4382753372192383,0.0448752231895923,-0.6328389644622803,0.965863823890686,0.2955978512763977,-0.4536164700984955,0.0455907583236694,0.1167070865631103,-0.4535581469535827,-0.1906919628381729,0.8190338611602783,-0.4693425297737121,-0.1263845413923263,0.4840159714221954,-0.3180535137653351,-0.3546625971794128,0.4179584980010986,0.3845674991607666,-0.1171512454748153,1.1854907274246216,-0.5989495515823364,0.4140498638153076,0.3314343392848968,0.4171215295791626,0.197724312543869,0.2486430704593658,0.3477166593074798,0.0276961978524923,0.411643385887146,0.0632825419306755,0.118790403008461,1.0481526851654053,0.6594823598861694,-0.0155564593151211,0.6942266225814819,-0.1477566659450531,0.1065890714526176,0.9082752466201782,0.5210177898406982,0.6927188038825989,0.2869593799114227,-0.080572210252285,-0.143041580915451,0.5369226336479187,1.0504631996154783,0.4520522058010101,-0.3815566003322601,-1.0843147039413452,0.4242238998413086,0.4428893625736236,0.7727795243263245,-0.11271483451128,0.5963641405105591,-0.5336257219314575,-0.4145865440368652,-0.0930271968245506,0.4222430884838104,0.1927646398544311,-0.4035003781318664,-0.4110448360443115,0.1082634553313255,-0.0029858634807169,0.0524127073585987,0.166703388094902,0.1684794872999191,0.3491660058498382,-0.12071093916893,0.3308565616607666,0.5550510287284851,-0.018241224810481,-0.1458954364061355,-0.93206387758255,-1.468620777130127,-0.5858704447746277,-0.053965974599123,0.1871979236602783,0.1993109285831451,0.6862973570823669,-0.7204278707504272,-0.1594906896352768,0.1600438356399536,-0.4500786960124969,0.8950967788696289,0.483115404844284,-0.3662504553794861,-0.1398576647043228,-0.0772723108530044,-0.0402719527482986,0.1948870122432708,-0.6461538076400757,0.3496512472629547,0.1929983347654342,-0.292580246925354,0.8708901405334473,0.5928434133529663,-0.952753245830536,-0.5800488591194153,0.2994386255741119,-0.7095662951469421,-0.3877021372318268,-0.1414899677038192,-0.1187630221247673,-0.226882517337799,-0.9625067114830016,-0.6216272711753845,0.1769756227731704,-0.3720604479312897,0.6183730959892273,-0.2944242060184479,-0.2436751723289489,0.3913763761520386,0.3015227615833282,0.3717937469482422,0.2275534719228744,-0.1137370243668556,-0.4073820412158966,-0.9319515228271484,-0.1594752222299575,-0.6824278235435486,-0.4467746615409851,-0.298469603061676,0.5496417880058289,0.4088552594184875,-0.3417203724384308,0.3422651588916778,-0.8266787528991699,-0.2169264554977417,-0.944948673248291,0.300152450799942,-0.2175954282283783,0.4510443806648254,0.2433313578367233,-0.5626786351203918,0.1603416502475738,0.3203263878822326,-0.2135343700647354,-0.4064880609512329,-0.1030912548303604,0.1624127775430679,0.153968408703804,0.3976919949054718,-0.4147221446037292,-0.0498390197753906,0.1031231135129928,0.6804152131080627,1.0598911046981812,-0.1469211876392364,-0.6755654811859131,-0.4156228601932525,0.7218894958496094,-0.8200952410697937,-0.5111777186393738,0.0852808803319931,1.0379979610443115,-0.4341500699520111,-0.0093580558896064,-0.0931151360273361,-0.2131607830524444,0.1918867975473404,-0.6069152355194092,0.0588084161281585,0.1086339578032493,-1.049772024154663,-0.0527109093964099,0.4001291394233703,0.2348199486732483,0.3815994262695312,-0.1056061089038848,0.2873418629169464,-0.2647623121738434,0.0589905194938182,0.1709464490413665,-0.1004977151751518,-0.5174713134765625,-0.1428467333316803,0.6444472670555115,0.2665767967700958,-0.8470263481140137,-0.1114944517612457,0.6196324229240417,-1.261491298675537,-0.3067860305309295,0.4951604306697845,0.4625239670276642,-0.806296706199646,0.3060609698295593,0.7664307355880737,0.5978373289108276,-0.3235744833946228,-0.4803456664085388,0.4361900687217712,0.680817723274231,-0.3462209403514862,-0.766511082649231,0.4465742707252502,0.1413706839084625,-0.1029802933335304,-0.540488064289093,-0.4225925207138061,0.2654396593570709,-0.0956962928175926,-0.2448957860469818,-0.4192146956920624,-0.1646664142608642,-0.3066335022449493,-0.1862993538379669,0.2451054602861404,-0.0318525545299053,-0.0467939153313636,0.695682168006897,-0.4298053383827209,0.2943534851074219,-0.7330169677734375,-0.4372770488262176,0.266561895608902,1.275129795074463,0.4799474477767944,0.6537413001060486,-0.7526010274887085,-0.1445199996232986,0.5737951993942261,-0.2828126549720764,0.7841343879699707,-0.7082526087760925,0.3595519959926605,-0.2249900996685028,0.4486998617649078,0.1162942722439765,-0.312129944562912,0.2356796860694885,-0.7608378529548645,-0.673935055732727,0.2672902941703796,-0.0121579803526401,0.5657185316085815,0.1676893681287765,0.0501080378890037,1.1467639207839966,0.0960680320858955,0.2769872546195984,-0.271636962890625,-1.2229118347167969,-0.2898721396923065,-0.818493664264679,-0.0662508532404899,-0.1926941573619842,-0.1408600509166717,0.6379884481430054,-0.5304189920425415,0.1868663430213928,-0.1202046424150466,-0.4112637639045715,0.2442872375249862,-0.3000135421752929,-0.6347482204437256,0.0767916440963745,-0.0052538914605975,-0.5005415678024292,0.9109095931053162,-0.0007811538525857,0.5739177465438843,-0.3620568215847015,-0.639089047908783,0.5519065260887146,-0.296102374792099,0.0041193105280399,-0.0016299751587212,0.1267074197530746,-0.2287810444831848,-0.2666354477405548,-0.1437699347734451,0.0704218074679374,-1.0117563009262085,0.5357574224472046,-0.4320216178894043,0.0675554797053337,-0.0848605036735534,-0.2459176182746887,-0.7839255928993225,-0.2140903323888778,0.0649926662445068,-0.1526171118021011,0.1472381502389907,0.3655463755130768,0.192785158753395,-0.4598661065101623,0.4447408616542816,0.5818700790405273,0.773893415927887,-0.2916417717933655,0.6764229536056519,-0.2633430957794189,0.1170301362872123,0.3807166218757629,-0.636992871761322,-0.5004210472106934,0.4088150560855865,0.2970898449420929,-0.4510889947414398,-0.2047666013240814,-0.3112285435199737,1.1695051193237305,-0.2776446640491485,-0.454189658164978,0.902678370475769,-0.3502555191516876,0.3743431270122528,1.0348628759384155,0.7548885345458984,-0.3306185603141784,0.8137053847312927,0.2189303785562515,0.4164632558822632,0.0481533221900463,-0.4062684178352356,-0.2302813231945037,0.8682974576950073,-0.0690934285521507,0.0666430816054344,0.7246530055999756,0.2387608587741851,0.2063861191272735,0.304114431142807,-0.0526445172727108,0.0919842198491096,0.3205940127372741,-0.1039949804544448,-0.344978004693985,-0.0909045413136482,-0.1859214305877685,-0.3086766302585602,-0.1104165613651275,-0.4009558856487274,0.3755174279212951,1.0586365461349487,-0.69407057762146,0.3782074749469757,-0.9081338047981262,-0.5527552962303162,-0.1388085484504699,-0.1920015960931778,0.0875670760869979,-0.8221295475959778,-0.3547230660915375,0.0455889664590358,0.100279651582241,-0.4144933223724365,0.1088500693440437,0.3550724685192108,-0.2159822881221771,-0.3159510493278503,-0.813616156578064,0.1168316379189491,0.7964914441108704,-0.5838242173194885,-0.3934233486652374,0.060257464647293,0.1438681185245514,0.7519621849060059,-0.8378763198852539,-0.4993960857391357,-0.388970673084259,-0.1639347821474075,-0.7298585176467896,-0.0774035155773162,0.1874646097421646,-0.6804988384246826,0.2744324803352356,0.0274815335869789,-0.2773340940475464,-0.6969039440155029,-0.2621581554412842,-0.1018723174929618,-0.5727987289428711,0.2523036897182464,0.1731978803873062,-0.2328196913003921,0.108727253973484,-0.1145984902977943,0.3019725382328033,0.7329968214035034,-0.3828904032707214,0.8873105049133301,0.0118421558290719,0.352819412946701,-0.810456395149231,0.5460114479064941,-0.7754442095756531,0.2387319207191467,-0.7294042706489563,-0.6843485832214355,-0.7158702611923218,-0.5920957326889038,-0.4448314309120178,0.6941059827804565,1.415650486946106,0.5825144052505493,-0.6701879501342773,0.2146046459674835,-0.1199929490685463,-0.4598611295223236,-0.5141260623931885,0.0787957608699798,0.0287131275981664,-1.562509536743164,-0.1510507017374038,0.1109620109200477,-0.5994253754615784,1.3839061260223389,-0.1814644634723663,-0.5518447160720825,-0.2039219886064529,0.4202861785888672,0.3994800150394439,-0.4896880388259887,0.0579875633120536,0.6398654580116272,0.2553820610046386,0.8101413249969482,-0.274228572845459,0.0906463786959648,0.1436778157949447,0.1233146637678146,0.0946904346346855,0.4151434302330017,0.4983032047748565,0.0801388993859291,0.8776180744171143,-0.6998874545097351,-0.6978878974914551,-0.6231597661972046,0.3570880591869354,0.1529397666454315,0.689155638217926,0.2196631878614425,0.7957811951637268,0.6500939130783081,-0.1513335853815078,0.0573428571224212,0.8899685144424438,-0.0597225539386272,1.2249330282211304,-0.5518271327018738,0.1374015361070633,-0.7722051739692688,-0.0206141173839569,0.9322041273117064,0.7353374361991882,-0.0895386338233947,-0.1536366045475006,-0.030578788369894,-0.5362865924835205,0.6016854047775269,0.3558008670806885,-0.1032327115535736,0.3825442492961883,0.2989633977413177,-0.4406847059726715,1.0371015071868896,-0.0341293402016162,0.2658805251121521,-0.6539269685745239,-0.0679441913962364,0.7289755940437317,0.4150844812393188,0.0939821302890777,0.7793418169021606,-0.2908057868480682,-0.6848353743553162,-0.1627069562673568,0.4638008773326874,-0.5895224809646606,0.6393943428993225,-0.0029510802123695,-0.5359312891960144,0.7100718021392822,0.655490517616272,0.3547017872333526,0.3587740361690521,-0.5897667407989502,0.1178450062870979,-0.1086761206388473,-0.1629100739955902,0.3958805501461029,0.2954218983650207,0.4053311049938202,0.0414086431264877,-0.8010706305503845,0.4483011364936828,1.3589962720870972,-0.0052117416635155,-0.092074379324913,0.3095720112323761,0.0476359650492668,-0.3680016994476318,0.1139998286962509,0.3104340732097626,-0.2435269206762313,0.2289800196886062,-0.2655230164527893,-0.3084410727024078,-0.1917210221290588,-0.1111677139997482,0.836298406124115,0.1016987338662147,-0.1079253777861595,-0.1257338672876358,-0.0497482158243656,-0.7834899425506592,-0.0943723171949386,-1.2535018920898438,-0.8204447031021118,-0.0228514838963747,0.079421080648899,0.1268144994974136,-0.0876045674085617,-1.0506716966629028,-0.3635828495025635,-0.3436509370803833,-0.780060350894928,-0.2888449728488922,0.2456021755933761,0.4450479447841644,-0.0233513191342353,-0.6451221704483032,-0.3198616802692413,0.4667545855045318,0.4408571124076843,0.2822818756103515,0.2906259596347809,-0.4739277958869934,-0.2051218152046203,-0.0680044218897819,0.5647624731063843,-0.0696877837181091,-0.4178608059883117,-9.239850997924805,0.4858905375003814,-0.6960218548774719,-0.0361793711781501,-0.2908546030521393,0.1097744330763816,0.7458534836769104,0.9021535515785216,-0.8397974967956543,0.8337070345878601,-0.4177514016628265,0.3903300762176513,0.6950947642326355,0.6229278445243835,-0.6647345423698425,0.0440518483519554,0.3326362371444702,-0.1166946589946746,0.6179511547088623,-0.1337971836328506,-0.4723475575447082,-0.8308966755867004,0.333613246679306,-0.35804483294487,-0.5387967228889465,0.3511967658996582,0.7182985544204712,0.211320474743843,-0.3411101400852203,0.7431811690330505,-0.708786129951477,0.2283969521522522,-0.0462522357702255,-0.4464648962020874,-0.3448687195777893,0.6354577541351318,0.4750964045524597,0.5005751252174377,-0.6288119554519653,-0.0984638035297393,-0.2708901166915893,0.7006009221076965,0.0804221704602241,0.0824451893568039,-0.1221666112542152,-0.0991153195500373,-0.1915300339460373,-0.0420115441083908,0.9884529113769532,-0.290996104478836,-0.0704822018742561,-0.7775848507881165,0.459912896156311,-0.9610315561294556,-0.3412564992904663,0.0553800277411937,-0.5966173410415649,-0.8167950510978699,-0.3448605835437774,0.1789460480213165,0.4906902015209198,0.3579187393188476,0.6264480352401733,0.1931654512882232,0.0191162060946226,0.154929056763649,0.4830325841903686,0.4936136901378631,-0.3643776178359985,-0.4921980798244476,-0.0711397528648376,0.0291632562875747,-0.4733636081218719,-0.1612384468317031,-0.1430217027664184,0.0011700104223564,-0.6814314723014832,-0.2017345577478408,0.7151430249214172,-0.0283666495233774,1.094463586807251,-0.1716654151678085,0.0287442691624164,-0.3106435239315033,0.1182713881134986,0.03754448518157,0.8500673770904541,0.6016170382499695,-0.007225947920233,-0.7786552309989929,0.437221348285675,0.5968304872512817,0.606789231300354,0.6270705461502075,0.1220488622784614,0.0347596146166324,0.8286532759666443,-0.122065931558609,0.8150589466094971,0.1964781284332275,-0.61578053,0.16539262,1.0219488,0.13975275,-0.6774029,-0.46605337,-1.6562521,1.1019943,1.5615798,0.61902887,0.95731395,-0.6021152,-1.5347884,2.2288353,-0.66335386,0.4640011,0.778647,-1.4106799,0.8792267,0.51891804,0.3295511,0.59196484,0.39387026,-0.9965483,0.86570126,0.24553512,1.2929386,-0.16225503,-0.30474845,-1.4615244,0.434387,-0.33459446,-1.1413301,0.23752105,-0.084089056,-1.0646232,-1.8670646,1.1358331,0.09604975,-1.0026544,-0.7537465,0.5463269,0.38218492,-0.64659315,-0.61047983,-0.018252116,1.4441307,-0.7237381,1.207777,-0.3300634,-1.0348259,-0.7014629,0.66204,0.9462013,0.31744266,-0.35033566,1.7172177,0.786016,-0.08589038,-0.15374474,0.19989699,0.10361043,-0.5913052,-0.8042738,-0.1560648,-0.10088946,-0.3249706,0.36867163,0.10019352,0.25875401,-2.6697452,-1.8015838,-0.39412147,1.392187,-1.574196,1.0107026,-0.11301559,-1.1014812,0.4031907,-0.41979367,0.4443303,-0.7734564,-0.80721277,1.275255,-1.1192771,-1.6006836,-0.3073145,-0.630431,-0.9957261,-0.37507793,-0.9615288,-1.6877369,-0.7415553,-1.2730367,1.7637064,0.42978668,-0.7796437,-1.5897418,-1.1781842,-0.067705154,0.4655882,1.2691869,0.76681197,-0.80286723,-0.8616904,-0.20729657,-0.17560494,-0.43397942,-0.06889334,0.5569687,0.3041494,0.27065158,0.42014685,1.5274261,0.37994942,0.6864994,-1.3887213,-0.29697287,-0.6677456,0.430678,1.2449553,0.7863679,0.13110267,1.2844764,-0.28461525,0.57213986,0.26088914,-0.9538677,0.17067677,0.9059806,0.28616363,0.13199627,2.242391,0.9006663,-0.6728862,-0.90257335,0.30904028,0.30035046,0.86642545,-1.134754,-0.6067803,0.9652144,-0.13429938,-0.31540057,0.5586836,-0.7843351,-0.31876367,0.8323335,1.4883391,0.287864,-0.2679923,-0.080516055,-1.3854573,0.20537281,1.2099843,-0.15306254,-0.39498478,0.50896466,-1.5034983,0.89650697,-0.7019949,1.3642901,-1.267705,0.9544289,-0.31907868,0.5597781,-0.7363763,0.78653055,-1.0217181,-2.1420527,-0.46807155,-0.27740458,0.61998445,-0.21694289,0.47353047,0.0045290026,0.09300382,0.55950654,-1.2949947,-0.43503818,1.5429144,1.0185468,0.27698243,1.416344,-0.06399362,0.35755214,0.554228,0.42632857,0.8980157,0.33778435,1.6683741,-0.40213355,0.7266225,1.0048469,0.25706998,2.8275077,0.6430597,-1.3501252,-1.5225793,1.1165203,-2.2157202,-1.0561584,1.1092682,-1.6980914,0.6740813,-1.307466,-0.72116965,1.3998792,0.87265205,-0.23038153,-1.0230976,-1.3193018,1.1122136,0.9250057,-0.58599013,-0.2916124,-0.86694956,0.17316997,-0.27213618,-0.51697963,1.2193477,0.75084096,0.06739569,0.76037276,-0.778109,0.76638585,-0.049897928,0.14608675,-0.0061838846,0.72316825,-0.851672,0.88846093,0.26572266,0.3274817,-0.48767838,0.6403562,-0.36700538,0.23463161,-0.48734435,1.0027727,0.9804253,-0.18475534,0.3806307,-0.08398972,0.49355164,0.36345962,1.1088722,-0.048020437,-1.5418057,-0.12479639,0.028821096,1.2251703,-0.152659,0.4764336,-0.3465835,1.7641985,-0.449827,-0.09239204,-0.6368394,-1.1143789,-0.22872114,0.4747021,0.54691607,-0.09684528,0.035364747,-0.57310027,-0.61544496,-0.05875551,-0.03984378,-0.5713222,-1.2303792,-0.39663488,-0.47091264,0.28479195,0.915462,0.3480148,-0.29635468,-1.0272425,-0.7178729,1.123749,0.6976885,-1.8417563,0.04084793,-0.18876581,-0.66308975,0.48367155,0.9213641,0.12821609,0.12380224,0.2858932,-1.0191423,0.58589214,0.05370413,0.7943686,2.1680202,0.29874143,0.6862981,-1.1362461,-0.38315412,-0.25785163,0.3445492,0.54813015,-1.841164,1.182022,-1.193796,-0.7298565,1.2899249,-0.7920813,-0.6477911,-1.3109533,-0.3165435,-0.1495074,-0.99692386,2.2111125,-2.4165688,1.4029046,-1.9831535,-0.62779474,-1.2385151,-0.7948194,-0.68540955,-0.45306242,0.15649903,0.03130885,1.123513,0.19897129,0.53801835,0.26567447,-0.044458073,1.6615934,-0.1863977,0.19837478,-0.94584566,-1.4321221,-0.5378033,0.6153993,-1.3726053,-1.4598927,-0.7199058,-0.41830564,-0.38155308,-0.25042495,-0.9618856,1.3171693,-0.09861836,0.2601513,-1.1321352,-0.56899685,0.19815639,-0.7772751,1.2377981,-0.5384281,1.3485886,-1.3942903,-0.6923364,-0.046024073,-1.2327816,0.5409139,-0.38026124,1.969635,0.6126053,0.9155932,0.6169951,-0.061538257,0.1628696,-0.7784849,1.4994488,0.5580617,2.1972532,-0.41482434,-0.25248516,1.0544225,0.075057805,0.8198641,-0.4695794,-0.44879588,1.4794294,-0.3489034,-0.41721833,-0.21863684,-0.3129089,-0.48315373,0.06842818,0.5268873,0.57053787,0.1006676,0.46938154,0.27473235,-0.011839791,-1.3333493,-0.36314523,1.1147994,0.800333,1.3500848,1.0638965,-0.23778857,-0.45923445,-1.7043116,0.7099536,1.1157228,1.0598143,0.17188609,-2.097601,0.55808294,0.38376606,0.80831945,-2.1079829,-1.8142639,1.4845599,0.47979105,0.35556364,1.2033694,-0.57481,-1.5897589,-0.6503129,-0.2898314,-0.6998075,-1.0279207,-1.1215748,0.34954998,-0.22816108,0.8783968,1.06551,0.5936764,-0.4116361,-1.0380629,0.16133249,-0.06780597,-0.57100904,0.18592586,-0.33056152,0.62023467,-1.1905807,-0.7654203,0.73291314,-1.5984119,1.0916872,-0.054417253,0.07121735,-0.1615469,0.4632663,-0.8536935,0.2866726,0.31915802,-1.0159347,-0.2281949,0.9484432,-1.6963586,-1.2074066,0.57332575,1.2787555,-0.21077552,0.583967,0.27526054,0.09570273,0.7308504,-0.01559929,-0.663112,0.12717153,-0.11717855,-0.107374966,-0.2824647,-1.2896895,-0.21064366,0.9055886,-1.3010798,-1.7235581,0.8800439,0.19000025,-1.2288752,-1.0678974,-0.059124276,0.027874991,0.78133637,0.91643435,-0.11030777,-0.24518883,-1.2878746,0.2947634,-0.057207797,-0.077838324,-0.30554944,0.5551128,0.48158485,-0.83256316,0.4893399,1.6212317,0.037219536,1.9358767,1.4266423,0.18563068,-0.030168813,0.78300995,-0.33523908,-0.18771116,0.38697052,-0.73531216,-0.3475306,0.87880075,0.17303237,-0.33927086,-0.06357189,1.0179647,-0.43738696,-0.7672412,0.04417419,0.41010767,1.3557005,1.3297877,1.49605,-0.14796999,-0.036259316,-0.70650905,0.4013083,-1.7178708,-0.7809876,-0.58294725,0.47820342,1.7734905,-0.5898675,0.19166125,0.7590579,-0.58425695,-1.2374481,0.40692353,0.58448637,-0.30141768,-0.7740771,0.556802,-1.2147719,0.20270385,-1.6667628,-0.32548085,0.70799637,1.5005629,-0.51006585,-0.17712493,0.55645543,0.3268116,-1.2282987,-0.054383624,0.8350165,1.9354846,-0.009268974,-0.7126638,0.5299764,-0.13919196,-1.2014447,-0.37404418,-1.3612005,-0.7001124,-0.20215836,-0.3979401,-0.05801223,-0.12709105,-0.79393095,1.5558734,0.06703992,-0.3639772,0.9635262,-0.76066124,0.54559535,0.10436488,-0.71618915,1.6300863,0.43486822,-1.375318,0.75440466,-1.5757384,1.6419858,-0.3038107,0.98768055,1.6802974,0.56895787,-0.21480174,1.0098007,-0.82361335,-0.17659084,-0.6843419,0.31418076,-0.8059551,0.3936428,-1.6343516,1.3075453,-1.5323985,-0.6830125,0.23233765,0.64553523,-0.41781616,0.25620255,-0.30095568,0.53896624,0.20208684,-1.0024296,0.6021812,1.8044372,-0.07579968,-1.1350415,0.23415287,0.5385804,-0.23232837,-0.01142443,2.5906782,0.30360368,0.14751744,-1.5627791,-1.0888792,0.9958911,-0.37399125,-1.1190069,-0.3440778,-0.33609238,0.1240868,-0.33307457,-0.5941815,1.227086,-0.52210873,0.764037,0.25631738,-0.7877209,0.013468236,0.296448,-0.6620842,-0.86149395,-1.267469,0.45245793,0.3437566,-0.96650195,0.85537106,1.0881443,1.4033474,0.5394123,-0.299433,-0.969495,0.7796934,0.8046244,0.48295373,-1.4995811,-0.88970655,0.07241666,1.102653,0.03808362,0.6439643,0.497754,-0.30212754,-1.7013388,1.12422,-0.19539842,0.032749303,1.1682779,0.2850564,-0.34921476,1.0969837,0.11946972,0.23190804,0.23393016,-0.7398711,-0.009530116,0.024623692,-1.0533608,0.63618207,-0.20634873,0.55892557,-0.34972018,-0.20213637,-1.7166204,0.5931141,0.46942565,0.2050015,1.121565,0.26842797,-1.5190948,-0.4726567,0.18967092,1.2712603,1.0935582,-0.038504086,-0.26063117,-0.6543949,1.7689314,0.80690366,0.2213035,-0.045677017,0.5370496,-0.10063944,-0.37240195,-0.8889882,-0.5283078,0.016853357,-0.40841407,-1.0060568,1.3909184,-2.2285888,0.7310924,-0.018072799,-1.574989,-0.033929456,0.51645005,-0.50824654,2.1648479,1.4477192,-0.62600714,-0.4896554,0.73981243,0.98690647,-0.78252023,-0.34252837,-1.158064,0.7728215,1.8411436,0.6895468,-1.3396815,-0.42104116,0.18757597,-0.1285838,1.3493698,-0.03593445,-0.860112,-1.0176548,-0.44113073,-1.2435467,-0.5899929,-0.09805181,0.13130176,-1.1178495,0.6281654,-0.6491435,-1.6322621,0.46532315,-0.82829547,-0.006065335,-0.82236135,1.1336113,0.24416487,0.47922269,0.28413677,-0.3702598,-0.1700342,-0.9602061,-0.44348517,0.5563696,-0.7577414,0.98568594,0.60158104,0.9989872,1.3918561,0.43208006,-1.3050774,0.8858505,0.26364678,0.513978,-0.6203316,-1.1767893,-0.5591109,0.2346489,0.74337757,1.6054645,-1.6270984,-0.4868933,-0.19105373,-0.46774483,-0.21063541,0.62012434,0.2719809,0.14792411,1.8379552,1.4989855,0.12568766,,,,,,,,,,,,,,,,,,,,,,,,,,,,,,,,,,,,,,,,,,,,,,,,,,,,,,,,,,,,,,,,,,,,,,,,,,,,,,,,,,,,,,,,,,,,,,,,,,,,,,,,,,,,,,,,,,,,,,,,,,,,,,,,,,,,,,,,,,,,,,,,,,,,,,,,,,,,,,,,,,,,,,,,,,,,,,,,,,,,,,,,,,,,,,,,,,,,,,,,,,,,,,,,,,,,,,,,,,,,,,,,,,,,,,,,,,,,,,,,,,,,,,,,,,,,,,,,,,,,,,,,,,,,,,,,,,,,,,,,,,,,,,,,,,,,,,,,,,,,,,,,,,,,,,,,,,,,,,,,,,,,,,,,,,,,,,,,,,,,,,,,,,,,,,,,,,,,,,,,,,,,,,,,,,,,,,,,,,,,,,,,,,,,,,,,,,,,,,,,,,,,,,,,,,,,,,,,,,,,,,,,,,,,,,,,,,,,,,,,,,,,,,,,,,,,,,,,,,,,,,,,,,,,,,,,,,,,,,,,,,,,,,,,,,,,,,,,,,,,,,,,,,,,,,,,,,,,,,,,,,,,,,,,,,,,,,,,,,,,,,,,,,,,,,,,,,,,,,,,,,,,,,,,,,,,,,,,,,,,,,,,,,,,,,,,,,,,,,,,,,,,,,,,,,,,,,,,,,,,,,,,,,,,,,,,,,,,,,,,,,,,,,,,,,,,,,,,,,,,,,,,,,,,,,,,,,,,,,,,,,,,,,,,,,,,,,,,,,,,,,,,,,,,,,,,,,,,,,,,,,,,,,,,,,,,,,,,,,,,,,,,,,,,,,,,,,,,,,,,,,,,,,,,,
ア,-0.0856139063835144,0.3027404546737671,0.3669186234474182,-0.6814694404602051,0.3297995328903198,0.0454889684915542,0.2218133807182312,-0.7682287693023682,-0.337525725364685,-0.0522257834672927,1.1015594005584717,0.21847964823246,-0.3838752508163452,-0.2123934179544448,0.4367238879203796,-0.2453620135784149,0.151291087269783,0.0339847654104232,0.2916507422924042,0.3077291846275329,-0.0198747999966144,-0.4483415484428406,0.1574766635894775,0.0342278815805912,0.4344768822193146,-0.3807896077632904,0.2596921920776367,0.277812123298645,-0.0901101753115654,-0.418382465839386,-0.5254157781600952,-0.5096697211265564,-0.1325471997261047,-0.6819524168968201,-0.4685939848423004,0.0107640344649553,0.2776504755020141,-0.0930416360497474,0.3177529871463775,-0.6709012985229492,-0.0258810464292764,-0.4022252857685089,-0.5119713544845581,-0.0841182693839073,-0.3940987884998321,0.2902397811412811,0.1680556088685989,0.4933351874351501,0.3307696580886841,-0.0048175216652452,-0.4122669994831085,0.0157610233873128,0.1017496511340141,-0.1696304976940155,0.1771547049283981,0.2155973315238952,0.1425612270832061,-0.2156663239002227,0.4506300985813141,-0.4192211329936981,-0.4732643663883209,0.1266322433948516,0.2424083203077316,-0.0053489748388528,0.2184441089630127,-0.3285507559776306,0.011664749123156,-0.2459060996770858,0.0898685306310653,-0.367957592010498,0.1826595515012741,0.2818451821804046,-0.2510223090648651,-0.5608129501342773,0.7321783900260925,-0.2871097326278686,0.0477445535361766,-0.143804058432579,0.2274472415447235,-0.020731933414936,-0.3133662045001983,0.5591081380844116,0.0929709523916244,-0.5192418098449707,-0.3144702017307281,0.2690961062908172,-0.5870404839515686,-0.6552212834358215,0.2982183992862701,-0.2152017951011657,-0.0642039477825164,-0.1888232678174972,0.524567186832428,0.4599678516387939,0.104787141084671,-0.0882977992296218,-0.0037960440386086,-0.2575737535953522,-0.4024617373943329,-0.1435191631317138,-0.1770374178886413,0.0251689981669187,0.4502564668655395,0.0915600061416626,-0.1645906716585159,-0.1081444174051284,-0.2303445488214492,0.5037304759025574,0.0884097814559936,0.189898282289505,-0.3030393421649933,-0.8202350735664368,-0.7094288468360901,-0.1776950806379318,0.0302248001098632,0.1115284487605094,-0.2761096358299255,0.3878727555274963,-0.357310950756073,0.3065911829471588,-0.04073366522789,0.4781016111373901,-0.2276632040739059,-0.1253330558538437,0.1908073723316192,0.6556953191757202,0.3247171640396118,-0.1454037427902221,-0.1425369828939438,-0.2756772935390472,0.170531690120697,0.150956854224205,-0.4044359624385834,-0.0706731379032135,-0.1817051470279693,0.914120316505432,0.0794043615460395,0.3807477355003357,-0.0916137248277664,-0.5636758208274841,-0.1963259130716323,-0.097884677350521,0.5790955424308777,-0.0075780861079692,0.1149022057652473,0.0790247023105621,0.3837598860263824,-0.0720137953758239,0.4383000433444977,0.4623019695281982,0.1348514109849929,0.8788867592811584,-0.6416813135147095,-0.0762286856770515,-0.2149868011474609,0.0227942802011966,-0.7291058897972107,-0.0222765281796455,0.4027470052242279,0.365028977394104,0.5013270378112793,-0.4399566948413849,0.0837064683437347,0.2441413253545761,0.1861059963703155,0.5454878807067871,-0.1619824469089508,0.2750949263572693,-0.106398619711399,0.7183594107627869,0.0730761960148811,0.3485654592514038,-0.0114014437422156,-0.5475484132766724,0.5888687372207642,0.3476619124412536,-0.0014983146684244,0.4036338925361633,0.6390729546546936,-0.8608365058898926,-0.1630634218454361,-0.0024138942826539,0.5420492887496948,-0.4917925894260406,0.0388116985559463,-0.4088805615901947,0.2654132544994354,0.1941015571355819,0.0586227290332317,-0.1470868438482284,-0.0321618840098381,-0.2781600952148437,0.1543288826942443,-0.0750309005379676,-0.308155745267868,-0.2243717610836029,-0.0064981845207512,-0.1883794665336609,-0.3119659125804901,0.497898519039154,-0.0815924555063247,0.2136083841323852,-0.6059392094612122,-0.7477071285247803,-1.017161846160889,-0.1262583285570144,0.0917839109897613,0.2662659883499145,0.4821018874645233,0.0067471014335751,-0.1680448949337005,0.0056664091534912,-0.2292087525129318,0.5273276567459106,0.554585337638855,0.204365462064743,-0.2589863538742065,-0.7423521876335144,0.38294318318367,-0.531102180480957,-0.2911733984947204,0.1879910826683044,0.6033507585525513,-0.0818633809685707,-0.5234019160270691,0.2946403324604034,0.1698342114686966,0.4869667589664459,0.0103170061483979,-0.121270552277565,-0.082862302660942,-0.8574336171150208,-0.9366674423217772,0.2915417850017547,-0.7288577556610107,-0.6778222322463989,-0.4595890641212463,0.4077232182025909,0.0429260022938251,0.4980226159095764,0.0673874616622924,-0.1362004876136779,0.4045020639896393,-0.0472320355474948,-0.5267682075500488,0.4470455348491668,0.0994912013411521,0.1814153492450714,-0.2907597422599792,0.3204728364944458,-0.3431348204612732,-0.4207225143909454,0.1113549247384071,-0.0382795520126819,0.6311809420585632,0.148698553442955,0.4469347298145294,-0.2690635025501251,0.1970650255680084,-0.2401768118143081,-0.1353106349706649,-0.1485098153352737,0.0754585638642311,-0.0879444628953933,-0.4556084871292114,0.089862510561943,0.2827452719211578,-0.0855266377329826,-0.1343803256750106,-0.4571804702281952,0.2401769161224365,-0.354278564453125,-0.431633859872818,-0.2759344279766083,-0.1666730493307113,0.2099359929561615,-0.4169577956199646,0.378483384847641,-0.2725290060043335,0.4607349336147308,-0.5169234871864319,0.084285207092762,-0.5873465538024902,-0.4674749076366424,0.2966253459453583,0.0025495616719126,-0.4381645619869232,-0.3572318255901336,-0.6641461253166199,0.4181482791900635,0.0939948856830596,-0.1425417959690094,0.0431831516325473,0.0150386923924088,-0.4124026894569397,0.0636208802461624,0.2241096049547195,0.0481088161468505,0.176868051290512,0.2552404701709747,0.5832952857017517,0.1007370799779892,0.5877561569213867,0.0242017712444067,0.0464593023061752,-0.7676129937171936,-0.1248633936047554,0.0771990492939949,0.6010870337486267,0.0247266087681055,-0.2712713778018951,0.9447319507598876,-0.7489818334579468,0.2506592869758606,0.135953664779663,0.4367978274822235,-1.495098114013672,0.0131861278787255,0.5323179364204407,-0.102852925658226,-0.7471565008163452,0.507615327835083,0.3318352401256561,0.0962553545832634,0.3812122046947479,-0.7551214098930359,0.9609646797180176,0.5201231837272644,-0.5961398482322693,0.055946372449398,0.3235549032688141,-0.0374620072543621,0.2710722982883453,-0.3802798390388489,-0.0210356954485178,0.3326102793216705,-0.0191518235951662,-0.3097909092903137,-0.2349867671728134,-0.0641908943653106,-0.3764366805553436,0.343098908662796,0.1995296627283096,-0.375200092792511,-0.4525650441646576,-0.2488757073879242,0.1547404527664184,0.8061370253562927,0.1624395996332168,0.7064308524131775,-0.2729265689849853,-0.1511628478765487,0.3329023122787475,0.1862139850854873,0.200586125254631,0.2554939389228821,-0.3850463926792145,-0.3098820745944977,0.3347499370574951,0.361523687839508,-0.0870125144720077,0.1171239390969276,0.1528488099575042,-0.1038216799497604,-0.1192361637949943,0.2617770731449127,0.5363943576812744,0.0101695992052555,0.7225885987281799,0.2978831827640533,0.6406195163726807,0.0519015379250049,0.2849850058555603,-0.131650686264038,0.3701099157333374,-0.0969279333949089,0.1586082428693771,0.2921102046966553,-0.5577245354652405,0.2546379268169403,-0.6377057433128357,-0.3063184916973114,0.0936555936932563,-0.4703540205955505,0.0321178324520587,-0.7390668988227844,-0.5060668587684631,0.2078623622655868,-0.2981998920440674,-0.6957095861434937,0.0993551909923553,0.2616294622421264,0.2987187206745147,-0.4003962576389313,-0.2963419556617737,0.1060797646641731,-0.0992017313838005,0.2736355066299438,0.5419669151306152,0.3739855587482452,-0.4211066961288452,0.0448349602520465,-0.5181245803833008,0.0826670452952385,-0.6936141848564148,-0.2677217423915863,-0.383261501789093,0.2166045606136322,0.1889267563819885,0.2173978835344314,0.3023224771022796,-0.0229302309453487,0.0330198034644126,0.2850047647953033,-0.2990836501121521,-0.281243085861206,-0.5148267149925232,-0.0175399519503116,0.0418958887457847,0.4428507089614868,0.1682018488645553,0.5866345167160034,-0.1339980065822601,-0.2395052313804626,-0.0600530207157135,-0.1720217168331146,-0.2590292990207672,-0.4191882014274597,0.5925400257110596,-0.499119222164154,0.1709434390068054,-0.3449665307998657,-0.187651976943016,0.7561108469963074,0.0184494275599718,-0.0132108628749847,-0.059505246579647,0.3456156253814697,-0.3011727035045624,0.6628479957580566,0.3642479181289673,0.6270030736923218,0.1451016515493393,0.4626243114471435,-0.1140733361244201,-0.3321375250816345,0.3589320480823517,0.1941020041704177,0.0849796682596206,-0.3432146310806274,0.4538672864437103,0.3895861506462097,0.0667229741811752,0.1206237524747848,-0.2706039845943451,0.2271634489297866,0.1138120144605636,0.1516936123371124,0.4108890891075134,0.1357777267694473,0.0202523935586214,0.2243836969137191,-0.3030886650085449,0.0355454385280609,-0.1587322354316711,-0.5160024166107178,0.377168595790863,0.1297372281551361,0.7772848606109619,-0.0366578288376331,-0.261188268661499,-0.1236316189169883,-0.5132138729095459,0.1705398112535476,0.0174008160829544,0.3707364201545715,0.4563246667385101,0.1628561466932296,-0.1116420328617096,0.0956767052412033,-0.0192905161529779,0.3449758291244507,0.4003334045410156,-0.6949408054351807,-0.2756004333496094,0.2021989971399307,0.1372125744819641,-0.213618129491806,0.3501915037631988,0.4667990803718567,0.0365966372191906,-0.6706831455230713,-0.0283549297600984,0.2135851383209228,-0.190956562757492,-0.0238711647689342,0.5539764165878296,0.0950358137488365,-0.405080497264862,-0.4016071259975433,-0.1804321706295013,-0.4135344922542572,0.0312788821756839,-0.7740210294723511,-0.1334511786699295,-0.1441936492919922,-0.1230553463101387,0.4897973239421844,0.6757205724716187,-0.2647826075553894,-0.1075671389698982,0.3639577627182007,0.1243473663926124,-0.3407701849937439,-0.2133015990257263,0.2421049922704696,0.1120901480317115,-0.0788217633962631,0.7013234496116638,0.0939735770225524,0.0872932374477386,-0.2220110744237899,-0.8722997903823853,-0.014730448834598,-0.3312730193138122,-0.6715047955513,0.3998863995075226,0.4080919027328491,-0.0314026027917861,-0.3807874619960785,0.3784060776233673,-0.2508357465267181,-0.0321762450039386,0.1282819062471389,0.2927811741828918,-0.1931432634592056,-0.6320376992225647,0.4118500649929046,-0.5573554039001465,-0.3576346039772033,0.5555919408798218,-0.0108105493709445,-0.5605550408363342,-0.3962640464305877,0.851229190826416,-0.2707313895225525,-0.6966133117675781,0.0828655660152435,-0.3445452451705932,0.4075336158275604,0.2907710373401642,0.2497482150793075,0.022274138405919,0.1677732020616531,-0.413716971874237,0.0447412133216857,0.4016182124614715,0.4781183004379272,0.4185684621334076,0.2431076169013977,-0.2999022305011749,-0.538670003414154,-0.3861302733421325,0.4347203969955444,0.4657771587371826,0.4297874867916107,-0.1842806935310363,0.6433473825454712,0.2819212675094604,-0.5115679502487183,-0.0157107375562191,0.9061012864112854,0.3945044577121734,0.4955160915851593,-0.270964503288269,-0.2355446815490722,-0.677909255027771,-0.207214742898941,0.0564181804656982,0.2725779414176941,-0.0311586055904626,0.1176105588674545,0.1472197324037552,-0.4705656170845032,-0.0960212871432304,0.0489034317433834,-0.1840121895074844,-0.1390171200037002,0.2962432503700256,-0.2824493050575256,0.2175894975662231,0.0727496445178985,-0.3005633950233459,-0.0962504372000694,-0.0384004265069961,0.1655012667179107,0.609464168548584,0.0690211355686187,0.0684956908226013,0.0257181767374277,-1.0587345361709597,0.150069385766983,-0.2817899584770202,0.1275911182165146,0.5404627919197083,-0.519490122795105,-0.4473960995674133,0.328666627407074,0.4846559166908264,0.2469245195388794,-0.2345707416534423,-0.9530141353607178,0.2122749388217926,-0.0079317297786474,-0.214523583650589,-0.1398910731077194,-0.1838672757148742,0.2315277159214019,0.0112296110019087,-0.3765881061553955,-0.0346077308058738,0.5069069862365723,0.1984091401100158,-0.0176820587366819,0.080408751964569,0.0829249992966651,0.1034894734621048,0.1476490348577499,0.005312358494848,-0.3207653760910034,0.1423270553350448,0.0827370509505271,-0.4855303466320038,0.1020215451717376,0.0394010730087757,0.1468502134084701,0.0044049210846424,0.0008566012256778,-0.101568266749382,-0.4670957028865814,0.2221581041812896,0.219469204545021,-0.6907543540000916,-0.3250841796398163,0.1754711866378784,0.2456356734037399,-0.2818418741226196,-0.1994318962097168,-0.295501708984375,-0.3789374232292175,0.0264950059354305,0.4407698214054107,-0.2681363523006439,-0.6744655966758728,0.1905244588851928,0.2442562580108642,-0.3992340862751007,-1.166637897491455,0.1879546195268631,0.1051671355962753,0.5228317975997925,-0.1778111606836319,0.2212239801883697,-0.0271224975585937,0.0788793116807937,-0.3335884511470794,-0.263842225074768,0.319792091846466,-10.34687614440918,-0.2445392608642578,-0.2152682244777679,-0.7266621589660645,-0.3729481399059295,0.7426549196243286,1.0151541233062744,0.1852973997592926,0.1042854934930801,0.449742704629898,-0.6860103607177734,-0.1766230463981628,0.5951161980628967,0.4106066226959228,-0.2663106620311737,-0.1016802638769149,-0.0034668704029172,-0.6642150282859802,0.1795505881309509,0.0461170300841331,-0.1884900033473968,-0.0931667685508728,1.0089739561080933,0.1814356446266174,0.3416405618190765,-0.6264241337776184,-0.2708079218864441,0.0426549650728702,-0.210851788520813,0.6428093910217285,-0.3691954910755157,0.3577160835266113,0.1492209732532501,0.3231947720050812,-0.3287265300750732,-0.556796133518219,0.1716228127479553,0.5961347222328186,-0.3429210782051086,0.4705701172351837,0.297382116317749,0.4094527065753937,0.4124684333801269,-0.1971236616373062,0.3920187354087829,0.7915369868278503,0.2637537121772766,-0.0732133835554122,0.67416912317276,0.0325515978038311,0.0336727239191532,-0.3718256652355194,0.180881842970848,-0.263271689414978,-0.1677557080984115,-0.2328212261199951,0.8392091393470764,-0.6221082210540771,0.0651988238096237,-0.1922184824943542,0.4242686033248901,0.0085694994777441,1.3570562601089478,0.3057126998901367,-0.6723946928977966,0.0006032192613929,0.2600163221359253,0.2273668944835662,-0.6508893370628357,-0.2392389625310897,0.7525110244750977,-0.2999769449234009,0.0702338963747024,0.1679355651140213,-0.1011397689580917,0.2991359531879425,-0.4403969645500183,-0.2157640010118484,0.1890100389719009,0.0547618605196476,0.5515835881233215,0.2271581292152404,-0.1571376472711563,0.2889893352985382,-1.0425916910171509,-0.1088059842586517,0.5490337014198303,-0.0528628528118133,0.7630087733268738,-0.4418177008628845,0.4529827833175659,0.1560997813940048,-0.1359632760286331,0.0400149263441562,0.2365844845771789,0.1646502763032913,0.7445671558380127,0.0771074891090393,0.3301374018192291,-0.1209603250026702,-0.6940199,-0.80060256,0.8237375,1.7812401,-0.8234061,-0.7454062,-1.1598642,-0.25762296,0.48401514,0.10254808,0.53654623,-0.30270985,-1.3356392,1.8422409,-0.47979888,0.045747615,0.8653275,-0.069359586,0.4863792,-0.54800254,0.6204073,0.24116106,1.1681833,-1.1984334,0.23572543,0.61160934,1.1637576,-0.81933707,-0.14038897,-0.19764832,-0.4238595,-1.0001941,-0.8456966,-1.2311127,-0.19570507,-1.0404284,-1.7825577,1.167063,0.45257148,-0.016048055,-1.1771195,0.044049595,0.04609411,0.56513137,-0.1149299,-0.15117678,1.7060909,-0.7030914,1.0761795,-0.18059325,-0.75722325,-0.07475997,0.48903927,0.6449863,0.9084625,-0.15367539,1.2106097,0.6163801,-0.510377,-0.5745699,0.6912054,0.96937907,-1.0084733,0.69867814,0.5176714,1.2628797,0.057450008,-0.3588078,-0.4620029,-0.79526913,-2.6578941,-0.3821009,0.053163864,1.139924,-1.0201766,0.4889361,-0.011530245,-0.51195127,0.30626193,0.23387723,-0.25200063,0.19922328,-1.0225626,1.146858,-0.8755342,-0.5654618,-0.40546566,-0.11912099,-0.961764,-0.35810518,0.55397147,-2.0963206,-1.8557179,-0.7020222,0.57439977,-0.16029677,-1.3464464,-0.68459713,-1.736859,0.41062889,0.32982305,0.822289,0.41754478,0.478123,-1.5666949,0.21421771,-0.4585536,-0.56126374,-0.4274425,1.1350044,0.11660451,0.72263587,0.36146837,1.0023837,0.643361,0.6343318,-0.28364128,-0.6862618,-0.26578814,0.1711717,1.0204196,0.36733574,-1.1322439,1.0005127,0.7070975,1.2666385,0.47376102,-0.77943015,0.64561605,0.10566263,0.0016023337,-0.71596676,1.4244515,0.75897306,-0.32952031,-0.45736343,-0.13016728,-0.045328774,0.5247847,-0.87838805,-0.46865243,-0.44955435,-0.114906296,-0.18589681,0.14616755,-1.5392739,0.010421026,1.2222474,0.6957545,-0.0005532559,0.30144137,-0.44375873,-0.6879829,0.32817325,0.44320035,-0.24652167,0.12582016,-0.39889428,-1.6262802,0.94298685,0.44515356,0.84562284,-0.83534944,0.3102776,-0.03108176,0.3737832,-0.8259619,0.9622404,-0.62080866,-2.3866282,-0.35306603,0.08827334,0.40852442,-0.10858835,0.034814473,0.3690588,0.46726656,0.07868044,-0.98103344,0.20216314,0.42214268,1.0231588,0.26601884,1.0395188,-0.42076164,0.5791534,0.5749122,0.24414042,-0.7536775,0.33714038,0.7247995,-0.58561265,0.56874233,0.8757124,1.4460123,2.3580384,0.7603053,-1.0854892,-1.4488674,0.39189038,-1.7685257,-0.52573764,0.7682303,-0.47014213,1.2090029,-0.44120565,-1.3251797,1.623498,0.6876599,-0.42317408,-1.5273293,-0.90531695,0.7654829,0.04079342,-0.7607936,-0.20761602,-0.40074086,0.10957311,-0.5749984,-0.7028271,0.29615384,0.16668843,-0.0013209104,1.2038295,-1.612503,0.74774545,0.21497075,0.69381773,0.14687845,0.33485362,-1.7067257,-0.20141733,0.21910329,-0.6337099,-0.331356,-0.08716414,0.05272892,0.69302493,-0.29624414,0.4880517,-0.15406269,-0.9819155,-0.18976064,-0.42207462,0.36818123,0.31749278,1.2719058,0.7262938,-0.90634644,0.26110205,0.9335645,1.0350161,0.47090465,-0.14250429,1.1130198,0.12006817,-0.47595662,-0.1065534,-0.6303265,-0.4191327,-0.42396832,1.0127532,0.11598859,1.206106,0.53135633,-0.5400216,-0.6164388,0.4922985,-0.18589339,-0.8196551,-0.5305227,-1.0094607,-1.3892959,0.2757427,0.23116186,-0.029896647,-0.94994277,-0.46059665,-0.27116507,-0.19684456,1.2212203,-1.1556802,-0.8354435,-0.020467956,-0.6650217,0.4469799,0.11429491,0.04363539,0.9017342,0.7118468,-1.2471362,0.70884526,-0.036911942,0.81411314,1.2230437,0.10808094,1.0220907,-0.20953326,0.705166,-1.0750628,0.61669,1.3277284,-1.4384768,0.78608066,-0.55571264,-0.1454716,0.7226961,-0.9691575,-0.09941262,-0.4118781,0.045570046,0.29609436,-0.2893142,2.0068998,-1.7717333,1.2941725,-1.5414584,-0.49005508,-0.08544445,-0.23179698,-1.0867283,0.64245045,0.50455827,0.17172976,0.91777766,-0.34689125,0.18574817,0.57674146,0.8559853,0.79628384,-0.9039661,0.84730303,-0.6556009,-1.6865454,0.64817625,0.8152617,-0.7862669,-1.6837819,-1.4218268,-0.23089695,-0.0020244718,0.08914578,0.02049166,0.8119669,0.41901198,0.375094,-1.1213033,-0.039444476,-0.13029087,-0.5387682,1.7932527,-0.10003419,1.6164589,-1.0140878,-0.46453238,0.80032885,-1.5052369,-0.32321176,-1.0952915,1.8760526,0.39747798,-0.49010992,0.4333393,0.12373753,-0.806289,-0.44252253,1.0003772,0.17532265,1.5505397,0.5175103,-0.65546894,1.2367564,0.045481693,0.5541167,-1.1234788,-0.273758,1.8240502,-0.474974,-0.43233746,-1.1185833,-0.8810706,-0.56946385,-0.15530427,0.17233106,-0.25693703,-0.35702705,1.4076372,0.88995093,-1.497976,-1.4515741,-0.6965732,0.93826467,0.9043481,1.6450491,1.4604745,-0.2283223,-1.3604224,-1.4299042,-0.47340447,0.8083785,-0.19722365,0.8623967,-0.99803054,0.32231575,0.49819055,0.060412027,-1.1106285,-1.7181076,1.4370203,0.18678762,0.69645107,1.0837612,-0.3116861,-1.5127342,-0.5597299,0.9722503,0.32231325,-0.8661226,-0.4835313,0.9350656,-1.2891244,0.9022266,1.0805842,0.172822,0.22119012,-0.12118368,1.1377817,0.18028517,-0.8581597,-0.8426167,-0.06554065,0.5182546,-0.56649125,0.033696257,0.6678646,-1.9637184,0.109986626,-0.34145987,-0.641464,0.23193002,-0.6817501,-0.5159372,-0.57101583,-0.42359152,-0.91546977,-1.1320523,-0.028222388,-0.9771597,-1.7870643,0.9149563,0.8523158,-1.1696218,0.30406442,0.42873755,0.08833296,0.43807068,0.5702445,-0.6333748,0.69770986,-0.9577898,-0.83877623,-0.5422715,-0.48831457,-0.7435939,0.3184524,-1.0774978,-1.5512011,0.9621174,0.5493988,-1.976876,-0.2705191,-0.29876834,0.24813071,0.6489786,0.480127,0.40915003,0.22961852,-0.9317582,0.008743135,0.010846716,0.40563935,-0.3001839,-0.1232975,0.041412212,0.39181027,0.19317949,1.6863155,0.16244502,0.45022315,0.9903846,0.23435202,-0.4764505,0.71912694,0.2284404,0.14729233,0.9475765,-1.1454608,-1.2112993,1.4470739,-0.6173057,-0.9996769,-0.8102152,0.38859946,-0.12762105,0.100536704,0.52811074,1.1238455,1.0870247,0.50207317,1.5538754,-0.5080143,-0.60134804,-0.5424193,-0.34343943,-0.48479825,-0.8860148,0.302595,0.42622536,2.1010232,-1.1120454,-0.08332118,0.9872238,-0.6793889,-0.78815854,0.9956751,0.4155028,-0.77613753,-0.8147583,-0.18126288,-1.0113779,0.4308319,-1.7871752,-0.7310566,-0.008869708,0.63804233,-0.1352664,-0.30440357,0.0695287,0.52215546,-1.329757,1.3839394,1.4921595,1.348678,-0.19726714,-0.9797058,0.30424374,-0.17733796,-0.9500071,-0.3659227,-0.8624045,-0.19956096,0.25622135,-0.81186837,-0.10057564,-0.9316465,-0.3898447,1.4791425,0.28519142,0.19118637,-0.7399664,-0.86372423,2.1237438,-0.9549586,-0.55327326,1.2005084,1.0763453,-1.8061893,0.39605978,-0.8813397,0.52336586,-0.5597052,0.42360038,0.2324194,0.32520014,-0.06228329,1.638293,-0.021835899,-0.76043195,0.21182843,0.8477839,-0.297405,0.42085528,-2.1269073,0.95634556,-1.4512279,-0.8456481,-0.21455947,0.5602412,-0.027994383,0.028559357,-0.57622087,0.5788687,0.29413098,-0.9246454,1.0308882,1.9741188,-0.09158526,-0.22271201,1.1962712,0.42662033,-0.5299069,0.104776345,2.1044471,0.60178,1.4029347,-1.0442457,-0.20819056,-0.40605268,-0.011272895,-0.67659855,-0.077756636,-0.6149104,-0.3689831,0.7314764,-0.38946018,0.73339283,-1.4575527,-0.41904217,1.1559241,-0.76457226,-0.0612634,0.8584671,-0.7677825,-1.5344231,-1.2362736,0.43192846,0.54165494,-0.44243115,0.25665012,0.72206175,1.0448782,0.7951099,-0.3883286,-0.804557,0.8906785,0.8755988,1.0934293,-1.2574303,-0.7336093,0.39755994,1.9698883,-0.33954638,0.77055323,-0.51126635,-0.5951191,-1.9733433,0.9644551,0.5728067,-0.4205316,1.0731822,0.7918463,-0.03234925,0.24003057,-0.07958974,0.07092117,-0.41097218,-0.35305282,-0.12608716,0.39912787,-1.1776116,0.22327396,-1.1634471,-0.2936396,0.31746212,0.08793563,-1.0569456,0.12306575,0.24345073,0.2121326,0.64715374,-0.038706116,-0.99298555,-0.62268126,-0.6515976,1.7961226,0.60967857,0.092402585,-1.8208945,0.021691415,0.56764376,0.44159788,-0.51542556,0.7462936,0.50187236,-0.4550044,0.015350285,-1.3478754,-0.064720765,0.101114295,1.5212033,-0.2384361,0.72317576,-1.5384759,1.1272306,0.7082118,-0.32602057,0.55160636,0.425768,-0.8190215,2.1084542,1.194894,0.43224412,-0.024438119,1.30957,0.76150334,0.19891354,-0.7643582,-1.499083,0.3665952,0.91469556,0.5795246,-0.8983614,-0.21606317,0.18105707,-0.5090319,1.6101906,-0.228459,-0.41784889,-0.6168494,-0.5012011,-0.69369996,0.18997155,-0.5888254,0.3908402,-1.1390253,-0.31663108,-0.4004012,-0.53328544,0.9352533,-0.9112522,-0.053130697,0.036851637,1.5467848,1.3557724,0.41863075,0.3977275,-0.060009755,0.6961818,-1.0855013,-0.5644311,0.7466269,-0.3181797,0.52274203,0.72752523,0.6358088,1.7809204,0.9157341,-0.21252537,-0.13371043,0.34470877,0.0019956946,0.096982524,0.13688727,-0.366311,0.37045285,0.08820502,0.3965432,-1.4576406,-0.07684706,-0.33575135,0.5238909,0.27667135,0.6800686,0.068494886,0.6399363,1.2787262,0.65133554,-0.61063147,,,,,,,,,,,,,,,,,,,,,,,,,,,,,,,,,,,,,,,,,,,,,,,,,,,,,,,,,,,,,,,,,,,,,,,,,,,,,,,,,,,,,,,,,,,,,,,,,,,,,,,,,,,,,,,,,,,,,,,,,,,,,,,,,,,,,,,,,,,,,,,,,,,,,,,,,,,,,,,,,,,,,,,,,,,,,,,,,,,,,,,,,,,,,,,,,,,,,,,,,,,,,,,,,,,,,,,,,,,,,,,,,,,,,,,,,,,,,,,,,,,,,,,,,,,,,,,,,,,,,,,,,,,,,,,,,,,,,,,,,,,,,,,,,,,,,,,,,,,,,,,,,,,,,,,,,,,,,,,,,,,,,,,,,,,,,,,,,,,,,,,,,,,,,,,,,,,,,,,,,,,,,,,,,,,,,,,,,,,,,,,,,,,,,,,,,,,,,,,,,,,,,,,,,,,,,,,,,,,,,,,,,,,,,,,,,,,,,,,,,,,,,,,,,,,,,,,,,,,,,,,,,,,,,,,,,,,,,,,,,,,,,,,,,,,,,,,,,,,,,,,,,,,,,,,,,,,,,,,,,,,,,,,,,,,,,,,,,,,,,,,,,,,,,,,,,,,,,,,,,,,,,,,,,,,,,,,,,,,,,,,,,,,,,,,,,,,,,,,,,,,,,,,,,,,,,,,,,,,,,,,,,,,,,,,,,,,,,,,,,,,,,,,,,,,,,,,,,,,,,,,,,,,,,,,,,,,,,,,,,,,,,,,,,,,,,,,,,,,,,,,,,,,,,,,,,,,,,,,,,,,,,,,,,,,,,,,,,,,,,,,,,,,,,,,,,,,,,,,,,,,,,,,,,
ン,0.0031761368736624,-0.0607978403568267,0.0868006199598312,-0.661807656288147,0.0111189065501093,0.3265124261379242,0.1916644126176834,-0.4045667350292206,-0.4292081892490387,-0.4083045125007629,0.5463610291481018,0.2070582807064056,-0.3826923966407776,0.0625517517328262,0.7951143980026245,-0.442884236574173,0.3125962615013122,0.3438512980937958,-0.0523972958326339,0.0517843142151832,0.0978624746203422,-0.5571790337562561,-0.2747199833393097,0.0472691729664802,-0.0459600277245044,-0.3686332702636719,0.2244462519884109,-0.082312487065792,0.0983265489339828,-0.2376643419265747,0.1591430008411407,-0.4425821006298065,-0.0801399499177932,-0.2665002346038818,-0.0309830289334058,0.0108848055824637,-0.0690804943442344,0.2679064273834228,0.2063704431056976,0.1932753026485443,0.1479707956314087,0.0076370746828615,0.1948626637458801,-0.1712042689323425,-0.0528566688299179,0.1627152562141418,-0.0894470736384391,0.1004108041524887,0.591101348400116,-0.2889629006385803,0.1374229490756988,0.5501917600631714,0.4750784933567047,0.1716260015964508,-0.0601437613368034,0.3185002207756042,0.8224498629570007,-0.557417631149292,-0.1149771809577941,0.1276140511035919,-0.5706307291984558,0.2014473527669906,-0.3595708608627319,0.2332155704498291,-0.2315685451030731,0.1064353063702583,0.0359065234661102,-0.1417602002620697,-0.3781137466430664,-0.3540096879005432,-0.0274864323437213,0.402396023273468,-0.6046552658081055,-0.3359215855598449,0.5048612952232361,-0.1393412053585052,0.3976526856422424,-0.1794541180133819,0.0227434691041708,0.1814790219068527,-0.1187740936875343,0.2268717288970947,-0.0903581604361534,-0.6762161254882812,0.0569993667304515,0.0246051810681819,-0.2300129532814026,-0.5120596289634705,0.1248785406351089,-0.4493535459041595,-0.1133277118206024,-0.2073936313390731,0.3074301481246948,0.0145306037738919,-0.1841437220573425,0.1837277859449386,-0.0620439946651458,-0.2285856008529663,-0.0833185613155365,-0.0128377340734004,-0.4649055302143097,0.2861506342887878,0.1150683984160423,0.1076434478163719,0.0551507472991943,0.1075687184929847,-0.1809568107128143,0.3812497854232788,-0.139119878411293,0.4462940990924835,0.2862721383571625,-0.2635545432567596,-0.2679628133773803,0.0520831122994422,-0.1249072924256324,0.0026477477513253,0.0267717316746711,0.2469020783901214,0.0302001107484102,0.3710814416408539,-0.1098586171865463,0.4699374139308929,0.0058718807995319,-0.0616717003285884,-0.2280991375446319,-0.1406721770763397,0.0704468786716461,-0.3091879487037658,-0.0072021726518869,-0.3812822103500366,0.1617260724306106,-0.0414503291249275,-0.5856931209564209,0.2547442615032196,-0.1138062626123428,0.4811491072177887,0.130574569106102,0.0783994868397712,-0.391741931438446,-0.5688015818595886,-0.0319120548665523,-0.2438270598649978,0.3643069565296173,0.0948860645294189,-0.1718646436929702,0.2716177403926849,0.3198012709617615,0.1311369985342025,0.7376388907432556,0.5044369697570801,-0.2001553475856781,0.7393048405647278,-0.4966245889663696,-0.0050921100191771,0.2593344748020172,-0.1624211370944976,-0.4992667436599731,0.4151813089847564,-0.1086982414126396,0.6080097556114197,0.1552628129720688,-0.3181414604187011,0.2967957556247711,0.8420257568359375,0.1295166760683059,0.7175630331039429,0.3213450014591217,0.4221847653388977,0.605125904083252,0.5966471433639526,-0.1656567007303238,0.5463995337486267,0.3133746683597564,-0.3287399113178253,0.2963298261165619,0.005749715026468,0.0374555811285972,0.5076952576637268,0.1681631803512573,-0.9266054034233092,-0.1957228630781173,0.1941849142313003,0.052257839590311,-0.4191427528858185,0.7755953073501587,0.0066946446895599,0.5302921533584595,0.2605101466178894,-0.0696816518902778,-0.184170588850975,-0.0372766554355621,-0.0098567195236682,0.2622301578521728,-0.4053263068199157,-0.5704964995384216,-0.1914510577917099,0.0944606438279151,0.0508277006447315,-0.4833554029464721,0.4180681705474853,0.3133998513221741,-0.036971129477024,-0.2730249464511871,-0.8953977227210999,-0.8142644166946411,-0.2519980072975158,-0.1531452983617782,0.2973617613315582,0.0147576453164219,0.0984799936413765,-0.2799798250198364,-0.3443861305713653,0.3409165143966675,0.0603276640176773,0.2964895069599151,-0.0570669658482074,-0.9990729689598083,0.0238197539001703,0.0489080734550952,-0.0346764251589775,0.1864619255065918,0.0158124044537544,0.2862429022789001,-0.5115312337875366,-0.2338037192821502,0.1353099048137664,0.1608468294143676,-0.2106554061174392,0.1547987461090088,0.5374172329902649,-0.066332496702671,-0.1900498867034912,-0.8293370604515076,0.2218030542135238,-0.0450445711612701,0.4054462313652038,-0.6599977016448975,0.6992177963256836,0.018104126676917,-0.002429557731375,0.5482659935951233,0.3278791010379791,0.1139019280672073,0.2349071204662323,-0.3641423285007477,0.3448559641838074,0.1526006162166595,-0.4325889348983764,-0.6531708836555481,-0.5379634499549866,-0.927617609500885,-0.3598898649215698,-0.0856102630496025,0.1103380993008613,0.4773735404014587,0.0974730402231216,0.2282249182462692,-0.4778967201709747,0.1223301813006401,-0.3653758764266968,-0.3753630220890045,-0.4723738431930542,-0.2525172531604767,0.0311940945684909,-0.1930955797433853,-0.2202931046485901,0.0085229333490133,-0.555094838142395,-0.7384956479072571,0.1608379185199737,0.0788786187767982,-0.3683903217315674,-0.4114533364772796,0.0641935840249061,-0.1213461458683013,-0.3295978009700775,-0.011258372105658,0.254391461610794,-0.3797242045402527,-0.0208807196468114,-0.6492891907691956,0.6138627529144287,-0.6307557225227356,-0.3399337232112884,-0.1044942960143089,0.0166841223835945,-0.1446605622768402,-0.4678792357444763,-0.1896993815898895,0.7635605931282043,0.2990688681602478,-0.138578861951828,-0.3641351163387298,-0.4979437291622162,-0.5783031582832336,0.4369446933269501,0.4176512956619262,0.1074473783373832,0.0878961756825447,0.402312695980072,0.5334050059318542,0.1978185474872589,0.2844682931900024,-0.1847484111785888,-0.2366843223571777,-0.2725338637828827,-0.1306344270706176,0.0627033412456512,0.4482207596302032,-0.305838406085968,-0.122567318379879,0.9938422441482544,-0.4593415260314941,-0.3654066920280456,0.7318883538246155,-0.0670155808329582,-1.3997195959091189,0.2089877426624298,0.4641358256340027,0.339649885892868,-0.481524795293808,0.7123547792434692,0.1878018230199813,0.5769309997558594,-0.2344101518392563,-0.4898486137390136,0.5672318339347839,-0.1247627809643745,-0.4136821627616882,0.4254004061222076,0.1543496400117874,-0.5032008290290833,-0.0087127489969134,-0.4590893089771271,-0.2126435190439224,0.4482419192790985,-0.1862764656543731,-0.0274078119546175,0.0112516330555081,-0.4013431370258331,-0.24400494992733,0.3090179860591888,-0.0148792658001184,-0.5374107956886292,-0.5534104108810425,-0.2894331514835357,0.3393507897853851,1.0581037998199463,0.144974336028099,0.6220086216926575,-0.4687284231185913,0.4528188407421112,0.3884975910186767,0.1073685884475708,0.5571797490119934,0.2764184772968292,-0.2424703538417816,-0.2158079594373703,0.5627112984657288,0.415305495262146,0.106074534356594,-0.0443860217928886,0.1336534172296524,0.0635653510689735,0.1826259046792984,-0.1055840924382209,0.6502776145935059,-0.141808420419693,0.3536523282527923,0.5146189332008362,0.2330994606018066,-0.0900570750236511,0.0781622529029846,-0.4576899111270904,0.1094290018081665,-0.8406364917755127,0.5045748353004456,-0.0283449869602918,-0.0218085329979658,-0.0520893447101116,-0.1031492948532104,-0.4371600151062011,-0.017949478700757,-0.1399894803762436,0.2675392627716064,-0.5081573128700256,-0.5338950753211975,0.1077740564942359,-0.0689213573932647,-0.283149242401123,0.171120136976242,0.3129028677940368,0.4287918210029602,-0.5326884388923645,-0.4094868898391723,0.7733538150787354,0.0162159632891416,-0.0072541129775345,0.5614296197891235,0.1175485625863075,-0.0760221034288406,-0.211329385638237,-0.4428883790969848,-0.2046450078487396,-0.7780249118804932,-0.3564236462116241,-0.4528417289257049,0.2160809636116027,0.2362763434648513,0.3225845992565155,-0.1116638481616973,-0.0470034219324588,0.0703728720545768,0.1373246610164642,-0.0632245987653732,-0.65218186378479,0.2310350388288498,-0.1592269390821457,0.5896809101104736,0.8067646026611328,0.1587326377630233,-0.2732491493225097,-0.1715768128633499,0.2116468995809555,0.2313543707132339,0.1230284571647644,-0.6485904455184937,0.0193797163665294,0.5927419066429138,-0.0951088666915893,-0.2243158966302871,0.1123715043067932,0.3114649355411529,0.461230456829071,-0.276660680770874,-0.382485032081604,-0.0353952907025814,0.3318245410919189,-0.0521954633295536,0.3872840106487274,0.0941041409969329,1.028633952140808,0.2518595159053802,-0.0752753987908363,0.2339671552181244,-0.3081791698932647,-0.0724743828177452,-0.2201147973537445,0.2931573987007141,0.1904922127723693,0.0927618965506553,0.5092480778694153,0.1100455299019813,-0.3637725114822387,-0.2760427296161651,-0.0828023701906204,0.3296189904212951,0.1685519069433212,0.0973466262221336,0.2866364419460296,-0.5149614810943604,-0.0037491263356059,-0.3459472954273224,-0.4577270150184631,-0.1330947428941726,0.1084762662649154,0.6005651950836182,0.1605362296104431,0.5439375638961792,-0.5331707000732422,-0.3257345259189605,-0.3711455166339874,-0.4540835320949554,-0.1340912729501724,-0.2620345950126648,0.2089841961860656,0.1866414099931717,0.1436269432306289,-0.4567202031612396,-0.3661319315433502,-0.0883623957633972,0.3650775253772735,0.0215740874409675,-1.0030871629714966,-0.4105854034423828,0.6311589479446411,-0.1848551332950592,-0.3698974549770355,0.1036599949002265,0.236632689833641,0.1726095229387283,-0.2160039544105529,-0.0213409829884767,-0.168961226940155,0.3041289746761322,-0.0161232110112905,0.4921342730522156,-0.09644266217947,-0.2044597864151001,-0.332964688539505,0.0566480383276939,-0.2578245103359222,-0.3340344727039337,-0.572498619556427,-0.3068805336952209,-0.0457549095153808,0.1794564574956894,0.1167832538485527,0.4510316550731659,-0.2446545511484146,0.4985246956348419,0.031571552157402,0.1467853039503097,-0.0906953960657119,0.2868809998035431,-0.2875887453556061,-0.1965115219354629,-0.1932107657194137,0.5326632857322693,0.2681797444820404,0.3176998496055603,-0.2003336399793625,-0.5330439209938049,-0.1281498223543167,-0.2392009794712066,-0.519485592842102,0.5827149152755737,0.0900339633226394,0.5456182360649109,-0.1836076378822326,0.2240788340568542,-0.1907528638839721,-0.0015128852101042,-0.3930225670337677,-0.1054306253790855,-0.1078258082270622,-0.8340499997138977,-0.186623215675354,-0.3212255537509918,-0.4420482516288757,0.5200933218002319,0.2669086158275604,-0.6013787388801575,-0.3170128464698791,0.1425212919712066,-0.034273512661457,-0.4507310092449188,-0.0893237888813018,-0.5125720500946045,0.1827784180641174,0.487899512052536,0.4282651841640472,0.4144729077816009,-0.2689167261123657,-0.6819618940353394,0.1487437039613723,0.7066802978515625,0.1276256442070007,0.2586115002632141,0.1338995993137359,-0.0630201920866966,0.0068775373511016,-0.3611669242382049,0.5995979905128479,0.3284713923931122,0.6112343668937683,-0.1593673080205917,0.5796571373939514,0.5704997777938843,-0.2039690464735031,0.27096688747406,0.9044501185417176,0.39722540974617,0.6367554068565369,-0.0577708259224891,0.036823458969593,-0.5470572113990784,0.2953176200389862,-0.2784082591533661,0.2505327463150024,0.2955975830554962,-0.3873145580291748,-0.0106711722910404,-0.4470608234405517,0.0582158118486404,0.3540639281272888,-0.2572919130325317,0.0640492439270019,-0.1530279666185379,-0.5277718901634216,0.3817476332187652,-0.158414676785469,-0.0710591152310371,0.1840384602546692,-0.0350280739367008,0.4537293612957001,0.528607189655304,0.2899109721183777,-0.0413019880652427,0.2188134342432022,-0.6566449999809265,0.0871488004922866,-0.4678245782852173,0.2556524276733398,0.8074514269828796,0.1066321358084678,-0.7058013081550598,0.1147244274616241,0.7123931646347046,-0.3560422956943512,0.0612720251083374,-1.0915507078170776,-0.1837315112352371,-0.1110924184322357,0.1160295903682708,0.1151471585035324,-0.1754621565341949,0.4969201385974884,-0.3079700171947479,-0.1208853498101234,-0.2617020308971405,0.7547056078910828,0.0675808936357498,-0.2036011964082718,-0.0834806710481643,0.0529114045202732,-0.0520556680858135,0.2553771734237671,0.0519331432878971,-0.4064322412014007,0.1175331100821495,-0.0400002636015415,-0.2948659062385559,-0.0202174540609121,0.4066607654094696,0.1878072172403335,0.0256806910037994,0.2268457561731338,-0.0400772243738174,-0.8691291809082031,-0.2082367241382599,0.3324902355670929,-0.942822277545929,-0.0735208243131637,-0.1429763734340667,-0.1136432737112045,0.3548907041549682,-0.1476150751113891,-0.3494469225406647,0.015733528882265,-0.295113205909729,-0.0524454191327095,-0.1219716221094131,-0.5856705904006958,-0.0685122907161712,0.2011014968156814,-0.0997806042432785,-1.0749133825302124,0.1433800905942917,0.1807161569595337,0.3349646627902984,0.0505462624132633,0.51595139503479,0.2372927665710449,0.0397394374012947,0.4213206768035888,-0.229931965470314,0.179247185587883,-10.382081985473633,-0.4448930025100708,-0.3652932643890381,-0.183305487036705,-0.3692849576473236,0.4921149015426636,0.6921905279159546,0.3035148084163666,-0.2524159848690033,0.4128586649894714,-0.3018664121627807,0.2482895404100418,0.1434746235609054,0.9373087286949158,-0.4286087155342102,-0.1827657520771026,0.3007826209068298,0.082112118601799,0.0640494301915168,0.3107931613922119,-0.2130162268877029,-0.4070342779159546,0.6020965576171875,0.0759041309356689,-0.0683071687817573,-0.3665779531002044,-0.2489219903945922,0.2341049611568451,-0.1814572066068649,0.1103604510426521,-0.6091642379760742,0.5347440242767334,0.1003084331750869,0.3639244735240936,-0.7448790669441223,-0.2301767915487289,-0.0891357064247131,0.2333881556987762,0.3847591280937195,0.5595882534980774,-0.0836476907134056,0.6774351000785828,0.2649302184581756,-0.4228098094463348,0.853337287902832,-0.2344857007265091,0.3338377773761749,0.5192164182662964,0.2750162482261657,0.1354071348905563,-0.1363216787576675,-0.6438022255897522,0.0042162416502833,-0.4347541332244873,-0.1330995559692382,-0.1422829777002334,0.3304428160190582,-0.6977059245109558,0.0330822952091693,-0.1127327904105186,0.4786390364170074,-0.273013710975647,0.6636946201324463,-0.0587224513292312,-0.3250734508037567,-0.1605715006589889,0.0656867250800132,0.6946278810501099,-0.5975626111030579,-0.2920809686183929,0.5590290427207947,-0.2730327248573303,0.2166372835636139,0.4055890440940857,-0.4609197080135345,0.2656212449073791,-0.1926836967468261,-0.177279993891716,1.1196138858795166,0.0746123492717742,0.4504166543483734,-0.0480197295546531,-0.4257279634475708,0.1747554093599319,-1.0736651420593262,0.4939015209674835,-0.1731966435909271,0.1242589876055717,0.3955589532852173,-0.4195772707462311,0.582466721534729,0.0015246457187458,-0.3316822946071625,0.1182079017162323,0.481196790933609,0.0666705295443534,0.4595232307910919,0.0795234888792038,0.923289954662323,0.1367945075035095,-0.7769928,-0.7619423,0.96838313,1.8912096,-1.1270436,0.14484215,-0.97322536,-0.046981376,0.8609485,-0.9246728,0.60652953,0.45422575,-1.6831055,1.7419199,-1.3009044,0.287707,1.2745929,-0.8514859,-0.34727666,-0.15238306,0.7933051,0.00036044916,0.7453823,-0.8732591,0.6180107,0.7995116,0.2552299,-1.1425081,-0.91221875,-0.37564453,-0.48126927,-0.8413461,-0.52074724,-0.7436467,-0.092092924,-1.730719,-1.271771,1.488934,0.54435235,-0.2787368,-0.4663483,0.6988494,-0.3139723,0.20823331,-0.77955085,-0.37280667,1.8998871,-0.7309766,0.59018606,-0.6612588,-0.6270934,-0.06990901,0.022185415,0.74875546,0.26122615,-0.51018906,1.1420826,0.6554378,-0.5747805,-0.5572849,0.47974694,1.1899649,-0.9979541,-0.18324403,0.8474298,0.7783478,0.6822037,-0.3410349,-0.0033765037,-0.08038166,-2.0421169,-1.2033118,-0.11614724,0.7834632,-1.0819854,0.83614063,0.022928441,-0.58706206,-0.18377773,0.43011808,-0.285781,0.47944084,-1.1274117,1.2051892,-0.2011363,-0.09300684,-0.3521795,0.8740861,-2.0284817,0.20871411,0.5692089,-1.4900403,-1.339789,-1.3288707,0.9227831,0.14754672,-0.23505454,-0.3939387,-1.5215672,0.14354055,0.4113628,1.0760264,-0.6765688,-0.044173542,-0.6867427,0.06804928,-1.2454945,-0.9924237,-0.67038673,0.590851,-0.27442065,0.17562692,1.2493788,2.2474532,0.8276697,1.1251627,-0.75529546,-0.97234374,-0.32679015,0.113946,1.1618637,0.09714425,-0.77279645,0.3642466,0.15767413,1.3500634,0.19395547,-0.9079954,1.037918,-0.3373227,1.029078,-0.75818557,1.4643432,0.6643157,-0.8068959,-0.061237413,-0.38898984,0.2759308,0.46136653,-0.39084327,-0.61555105,-0.30274406,-0.30613455,-0.04312684,0.47615853,-1.9259726,0.08053521,0.9370198,1.118913,0.32695186,0.12926467,-0.79817814,-0.7993372,0.921601,0.5853858,-0.49458298,-0.17174697,0.14309184,-1.0862228,1.9134222,0.19595045,1.637311,-1.0693463,0.24790402,0.166743,0.8757557,-0.2982694,0.21776855,-1.1118466,-2.2467878,-0.1856842,0.17961995,0.49678612,-0.28797278,0.943646,-0.325236,0.7636089,0.31727326,-1.0264846,-0.18510962,0.80665946,0.93015116,-0.030308435,0.9362796,-0.37308145,0.7808841,0.86085397,0.3278529,1.1950845,-0.024886305,0.8075201,0.085909724,0.55471486,1.0181174,0.9551644,2.571369,0.57142586,-1.0355673,-1.1346217,0.38401803,-1.9102659,0.5037372,0.8852916,-0.37663153,1.4864298,-0.5867861,-1.3669189,1.9393929,1.1335703,-0.57565075,-1.4249834,-0.9724191,1.155046,0.9974515,-0.38934973,0.6230411,-1.1047182,-0.061770003,-0.43178686,-0.23368166,0.64841396,0.083328016,0.41522062,0.9092391,-1.1295077,0.24410619,0.5428353,0.32356825,-0.15643142,0.26472005,-1.1383983,0.13257578,0.7647047,-0.13819614,-0.46325883,0.41588524,-0.8839362,0.88111144,-0.5988192,0.25130767,0.4382812,-1.5875659,0.056153137,-0.42271164,0.13005328,0.48535192,1.7784871,0.27304706,-1.8085591,-0.36137232,0.061984465,0.37809968,0.47689807,0.19267197,1.3698912,1.0904717,-1.1944265,-0.006326705,-0.17780961,-0.37725487,-0.05534334,0.66330177,0.03613456,0.8521026,1.0321463,-0.40264675,-0.39940786,0.047823325,-0.38721088,-1.1485369,-0.96000963,-0.24985842,-1.2452631,0.6040338,-0.2911205,0.38218665,-1.2691368,-1.2069526,-1.0285159,-0.25927606,0.28628436,-1.2365844,-0.6436475,0.09926302,-0.1910507,0.7428639,-0.7177353,-0.38421842,0.93091697,0.2663546,-1.2202657,0.92359704,0.20908634,0.29423937,0.4987388,-0.15821438,1.0806203,-0.4563847,1.5341831,-1.4719248,1.142339,1.1958579,-1.4207863,1.0183357,-0.5456503,-0.6526777,0.5019703,-1.6877712,0.64723915,-0.8101521,0.15012178,-0.15257935,-1.4003121,1.9431853,-1.5592557,1.3752826,-1.6625398,-0.57596767,0.026337527,0.07460978,-0.73603076,1.0656141,0.88426995,0.7758121,1.241456,-0.07962797,0.52237105,0.39958683,0.84968704,0.37813783,-0.19760223,1.039157,-1.1540612,-2.1957963,-0.19251691,0.7804243,-1.5947472,-1.8946389,-1.2762849,-0.5363341,0.46281353,-1.9990021,0.009995808,1.3956409,-1.0749367,0.951221,-1.2331944,0.27531058,0.24327748,-0.42893305,1.6983582,0.09351597,1.3424911,-1.2760092,0.13154106,0.5314212,-2.135621,-0.6435575,-0.18658282,2.0242794,0.6129935,0.51026636,0.9105811,0.30896732,-0.98262,-0.4769899,1.0172613,-0.38517523,1.8217434,0.41147485,-0.63432544,1.8313618,0.055051815,0.64548916,-0.68454355,-0.28074428,1.7178097,-0.56311786,0.02968814,-0.31160054,-0.763725,0.44873476,-0.3382102,0.44555542,-0.35760954,-0.6242941,0.27499166,0.3870807,-1.0950321,-1.0907606,-0.7106603,0.050949436,0.9169608,1.9580749,1.2003511,0.02185388,-1.2934191,-2.0379508,0.540212,1.0274562,0.5286627,-0.021319726,-1.503451,0.61831135,0.69433784,-0.30001864,-0.5530536,-2.017183,1.5568253,0.64774436,0.37152418,1.2524269,-1.8196603,-1.2706486,-0.45274568,0.7760615,0.94868904,-1.1285025,-0.83061725,0.5941411,-0.7881017,1.2689648,0.63600683,0.58131164,0.3843713,0.5250164,1.1067759,0.2513303,-0.8593753,-0.4141654,-0.16528133,0.9874764,-1.5813679,-0.39548695,0.27078348,-1.265673,1.0667263,-0.5911738,-0.30791757,-0.056864113,-0.6296498,-0.2508736,-0.0115906,0.15317734,-0.54737586,-0.7153464,0.15164155,-1.3344731,-2.195617,1.3469945,1.6911522,-0.96931887,0.06860336,0.78483534,0.6425447,0.35292998,-0.1398936,-0.377642,0.46512052,0.46364117,-0.14529108,-0.8920017,-1.0533105,-0.18797398,0.054527313,-1.1638272,-1.1130027,1.4648253,0.9552272,-1.7385216,-0.51397544,-0.11551415,-0.6695395,0.91023856,0.9098137,1.0017624,0.3200785,-0.20540325,-0.19615074,0.058132034,1.2428979,-0.81910807,-0.47576976,0.91750735,-0.53731394,-0.49981126,1.8562846,0.4439622,0.072254956,0.9747801,-0.102694474,-0.7822504,0.5520925,-0.9629076,0.20775461,0.52690756,-1.683042,-1.0037564,1.9967209,-0.82456446,-1.1393002,0.0838292,0.5399501,0.011429578,0.93048286,0.3034395,1.0222521,1.7145294,1.2977562,1.8863012,-1.2681155,0.14097182,-0.3236213,0.5463211,-0.9133763,-1.2664462,0.3363823,0.67151713,1.5259279,-0.15908815,0.08695695,0.8749353,-1.1736993,-0.7627206,0.56748635,0.29726833,-0.49180683,-0.31498265,0.15608443,-0.62535375,-0.07435409,-1.5861944,-0.24461484,0.4883379,1.0121671,-0.7924747,-0.3711582,0.33564433,0.69080925,-1.4422616,0.424243,0.8094743,1.0240425,0.40488407,-0.6025655,-0.19363219,-1.1901101,-1.4744383,-0.34520438,-0.77624065,-0.6139906,-0.014248699,-0.2540392,-0.06850029,-1.3355889,-0.7866109,1.6396371,0.010620614,-0.32604358,0.23580886,-0.31166142,1.2002808,-0.91391164,-0.1377526,1.233123,0.31036744,-1.5730176,0.42870584,-0.910028,0.44068304,-0.828929,0.8291704,0.5666233,0.9963999,-1.2059164,1.1989082,-0.11725974,-0.41513142,0.049417537,0.60319793,-0.36832154,-0.24143027,-2.1686914,0.78412753,-1.7814407,-1.0382499,0.023748377,1.0103049,0.015680179,-0.32868275,-0.33860698,0.03709607,0.83466107,-0.9312729,1.2039202,1.4857634,-0.9965523,-0.52466565,1.1661404,0.67228764,-0.53139037,-0.31301522,3.0572002,1.1022261,1.2954652,-0.98656225,-0.63838136,1.1074749,-0.3380117,-1.3530127,0.06806985,-0.5413628,0.72325665,0.21427715,0.111984335,0.53864264,-1.2487503,-0.60739195,1.1889558,-0.8795753,-0.26048738,0.98167247,-0.36962387,-1.7126361,-0.9570295,0.59064984,0.47074667,-0.41251516,0.30653882,0.014333795,2.0635052,0.7926312,-0.471171,-1.0641999,0.50460154,1.3389512,0.7468443,-0.60820687,-0.8905208,1.0537518,1.5291876,-0.89622,0.8540883,-0.9213543,-0.08493098,-2.0427616,1.1126435,0.2823541,-0.4033555,1.2335392,0.47929743,0.029907407,0.68654156,-0.044781428,0.10286335,-1.1543937,0.10035054,0.1764189,0.23155458,-1.3981129,-0.3443738,-0.35952207,-0.4350702,0.3985381,0.27488258,-0.63426214,0.26411358,0.40824494,0.84077597,0.29529598,-0.4492767,-0.58763236,-0.4350872,-0.9637508,1.2071007,0.7414257,-0.04314654,-1.9487457,-0.50830865,0.81423515,-0.0150506,-1.00653,0.65728766,-0.03763285,-0.93315,-0.4034606,-1.4724058,-0.48765588,0.99407196,0.83221817,-1.1437579,0.6415569,-1.9051224,1.1520293,0.2327928,-1.2178006,0.15067866,0.04536173,-1.0109625,1.6119604,1.3869824,0.25354803,0.001341323,0.31751978,1.1534549,-0.32949412,0.04028481,-1.9911671,0.79925996,1.0984325,0.9997602,-1.8747007,0.050729107,-0.03108424,-0.0638883,1.8678602,-1.050239,0.18695898,-0.33003804,-0.66127586,-1.1696401,-0.21839912,-0.73050815,-0.66368026,-1.2128862,0.2934554,-0.85438174,-0.8375376,0.44087157,-1.2360038,0.10137691,-0.16448925,1.6040692,1.0868016,0.5849574,0.105576806,-1.2474352,-0.15254103,-0.14879514,-0.027058845,0.79747456,-0.6755569,-0.20381725,0.17608126,1.0584542,2.3176591,0.36283293,-0.2570243,0.4433978,0.102430075,0.18657304,0.63526255,-0.48992074,-0.5553344,0.28352162,-0.16351902,0.19454497,-1.3245745,-0.039702713,0.029204031,0.30597785,0.9467292,0.3409098,0.039082985,0.4790988,1.4156848,1.1002238,-0.43970954,,,,,,,,,,,,,,,,,,,,,,,,,,,,,,,,,,,,,,,,,,,,,,,,,,,,,,,,,,,,,,,,,,,,,,,,,,,,,,,,,,,,,,,,,,,,,,,,,,,,,,,,,,,,,,,,,,,,,,,,,,,,,,,,,,,,,,,,,,,,,,,,,,,,,,,,,,,,,,,,,,,,,,,,,,,,,,,,,,,,,,,,,,,,,,,,,,,,,,,,,,,,,,,,,,,,,,,,,,,,,,,,,,,,,,,,,,,,,,,,,,,,,,,,,,,,,,,,,,,,,,,,,,,,,,,,,,,,,,,,,,,,,,,,,,,,,,,,,,,,,,,,,,,,,,,,,,,,,,,,,,,,,,,,,,,,,,,,,,,,,,,,,,,,,,,,,,,,,,,,,,,,,,,,,,,,,,,,,,,,,,,,,,,,,,,,,,,,,,,,,,,,,,,,,,,,,,,,,,,,,,,,,,,,,,,,,,,,,,,,,,,,,,,,,,,,,,,,,,,,,,,,,,,,,,,,,,,,,,,,,,,,,,,,,,,,,,,,,,,,,,,,,,,,,,,,,,,,,,,,,,,,,,,,,,,,,,,,,,,,,,,,,,,,,,,,,,,,,,,,,,,,,,,,,,,,,,,,,,,,,,,,,,,,,,,,,,,,,,,,,,,,,,,,,,,,,,,,,,,,,,,,,,,,,,,,,,,,,,,,,,,,,,,,,,,,,,,,,,,,,,,,,,,,,,,,,,,,,,,,,,,,,,,,,,,,,,,,,,,,,,,,,,,,,,,,,,,,,,,,,,,,,,,,,,,,,,,,,,,,,,,,,,,,,,,,,,,,,,,,,,,,,,,,,
ゼ,0.5291336178779602,0.4527473449707031,1.439809799194336,-0.3195776641368866,-0.1637700498104095,0.6328241229057312,0.5886618494987488,-0.1224492564797401,-0.540020763874054,-0.532222330570221,0.7506648898124695,-0.0625029131770134,0.3012940883636474,-0.2400724440813064,-0.0397750884294509,0.0461850836873054,-0.1583767533302307,-0.5908397436141968,-0.1507647186517715,-0.1519062519073486,-1.2238361835479736,-0.2423812597990036,-0.0330273211002349,0.0925072208046913,0.2089458256959915,-0.995213508605957,-0.0953071638941764,-0.1886679828166961,0.4093061685562134,-0.4943180084228515,-0.4395580887794494,0.2785592079162597,-0.3127665817737579,0.0732773020863533,-0.568009078502655,0.2489831894636154,-0.3718627989292145,-0.4066023826599121,0.3371402025222778,0.3042267560958862,-0.3144905567169189,-0.6186933517456055,-0.5197138786315918,0.133338063955307,-0.3467719852924347,0.3721770644187927,-0.0118310591205954,-0.0126060135662555,-0.2655760049819946,-0.0828029364347457,-0.8545140624046326,0.3431278169155121,0.7090867757797241,0.575167715549469,0.3814952075481415,-0.2199739515781402,0.8055713772773743,-0.3496034145355224,0.107154905796051,0.77392578125,-0.5821271538734436,-0.6669731736183167,-0.0527056418359279,0.4579719603061676,-0.09712465852499,-0.1407954692840576,-0.0677439495921135,-0.2136943638324737,0.5870782136917114,-0.5573700070381165,0.3667507171630859,0.077425867319107,-0.0209872014820575,-0.95097017288208,0.5047110319137573,-0.534667432308197,0.1669235378503799,0.749547004699707,-0.1959467530250549,0.1509429365396499,-0.1481529027223587,0.6183358430862427,0.2716882824897766,0.0183327868580818,-0.648173987865448,0.6858651041984558,-0.4349032342433929,-0.9753808975219728,0.1779387146234512,0.1491404771804809,0.1402956992387771,-0.0940201431512832,-0.1010049805045127,0.2354824542999267,0.6598089337348938,0.4314204454421997,0.3806953132152557,0.4205773174762726,-0.1741514503955841,0.7505362629890442,0.0483959056437015,-0.2476853877305984,-0.0435935519635677,-0.5302251577377319,-0.2157853543758392,0.2352315783500671,-0.1076066046953201,0.1121351867914199,-0.2596644759178161,0.0545073561370372,-0.7151127457618713,-0.0679617077112197,-0.8512144088745117,-0.3036354780197143,0.6958014369010925,0.269111692905426,-0.2179431766271591,0.537839412689209,-0.4538789093494415,0.4979900121688843,0.5131648778915405,0.5161529779434204,0.6535233855247498,-0.4147168695926666,-0.2457990795373916,0.4619676768779754,-0.0964402630925178,-0.2695410549640655,0.1169471144676208,-0.3700784146785736,-0.875925600528717,-0.9075412154197692,0.2616309821605682,0.1383303105831146,-0.823428750038147,0.9806520342826844,0.4296192228794098,0.3598901033401489,0.1945905983448028,-0.2318193167448043,-0.703055202960968,-0.4256985485553741,-0.003123132046312,-0.4177290499210357,0.4051931202411651,-0.1468850821256637,-0.928903877735138,0.2217557281255722,-0.1081406995654106,0.3273799419403076,-0.0105781527236104,1.3072707653045654,-0.6971320509910583,0.2534909546375274,-0.0686223581433296,0.476785272359848,-0.5118756294250488,-0.0272494796663522,0.3681863844394684,0.3215646147727966,0.6190605163574219,-0.5466980934143066,0.1474597156047821,0.8560193181037903,0.0716757997870445,0.1459924876689911,0.8384600281715393,-0.1373453736305236,-0.1935905069112777,0.655235767364502,0.6526260375976562,-0.1916643381118774,0.5016681551933289,0.4018248915672302,-0.483532041311264,-0.016073977574706,1.0801202058792114,0.0457144752144813,-0.0864307358860969,-0.7624317407608032,-0.48292937874794,-0.1337950378656387,0.7725021839141846,-0.6268895864486694,0.5684228539466858,0.0119003718718886,0.4049058258533478,-0.5262647867202759,-0.2759853899478912,0.4485459625720978,-0.415864884853363,-0.2702196538448334,0.770514726638794,0.0389774106442928,-0.3292792737483978,0.0025378612335771,0.0925073847174644,0.3302655518054962,-0.9054403305053712,0.8210209608078003,-0.3385128676891327,0.1368094831705093,-0.0300833582878112,-0.4325437843799591,-0.7790928483009338,0.2598299384117126,0.0822448432445526,0.030595276504755,-0.2606321573257446,0.3649121820926666,-0.3309234380722046,0.6942543387413025,0.6201313138008118,-0.3198661208152771,0.6717029809951782,0.3920567333698272,-0.3934493660926819,-0.2815695106983185,0.2785920798778534,-0.1869622766971588,0.3789196014404297,0.0043461653403937,-0.0675356462597847,-0.0920703560113906,0.0866875126957893,0.3325047492980957,0.1547395586967468,-0.2581541240215301,-0.2380799204111099,0.3264378011226654,-1.039015293121338,0.0319209173321723,-0.9055294394493104,0.4564139246940613,-0.4967024326324463,-0.3678559362888336,0.0624949634075164,-0.4283910691738128,-0.6018213033676147,0.6835878491401672,-0.2946164906024933,-0.7559581398963928,0.7828935384750366,-0.2483172416687011,-0.0452422387897968,0.2972173392772674,-0.0354555658996105,-0.2806169986724853,-0.7436515092849731,0.2554519772529602,-0.025562971830368,-0.3570904731750488,0.1863161921501159,0.1232405751943588,0.3669823408126831,0.0443588532507419,0.7986304759979248,-0.2487018704414367,0.2689824998378753,0.0481478795409202,-0.327282190322876,-0.3055070340633392,0.0608975812792778,0.2472283244132995,0.090357206761837,0.1951358020305633,0.4308273196220398,0.1177839189767837,-0.8609206080436707,-0.5907641649246216,0.6733492612838745,-0.5681602358818054,-0.2200134694576263,-0.0105812577530741,0.3436530530452728,0.1365691125392913,-0.3316465616226196,1.103614091873169,-0.0178691484034061,0.0733012408018112,-0.5307250022888184,0.4033974111080169,-0.5720993280410767,-0.2802544236183166,-0.1360384225845337,0.3267061710357666,-0.8856425285339355,0.2211626023054123,-0.0160285737365484,0.8139064908027649,0.7922917604446411,-0.820393443107605,-0.6304547786712646,0.1753177344799041,-0.5199448466300964,0.1949025839567184,0.8003992438316345,-0.2717603743076324,0.320415198802948,0.2602071762084961,0.3879026174545288,0.709398090839386,0.9056838750839232,0.0776455551385879,0.1033548340201377,-0.0533242300152778,-0.0465776622295379,0.065757542848587,0.1945576965808868,-0.560269832611084,0.5943551063537598,0.9775948524475098,-0.2021489143371582,0.5127206444740295,0.7811636328697205,0.6107203364372253,-1.549999117851257,-0.8061270117759705,0.4942890405654907,0.1381372660398483,-0.250162810087204,-0.3989437520503998,0.5576987266540527,0.0738367661833763,-0.0450310222804546,-0.5777390599250793,1.3868614435195925,-0.3218082785606384,0.0569506771862506,-0.0456498600542545,0.1368842273950576,-0.4014078974723816,-0.0570947751402854,-0.5421367883682251,0.6657385230064392,0.6459053158760071,-0.7133215069770813,0.2395767569541931,0.2628169953823089,-0.1950517147779464,-0.312394380569458,0.1184076070785522,-0.5627123713493347,0.0688946694135665,-0.8304614424705505,-0.3511927425861358,0.3293398022651672,1.4982216358184814,0.9792771339416504,0.498174250125885,-1.049813747406006,-0.3055676221847534,-0.2769293189048767,-0.2182081639766693,-0.1593833863735199,-0.1492732316255569,-0.4226860404014587,-0.5132870674133301,-0.3262439668178558,-0.4294669330120086,0.0841463580727577,-0.1724145412445068,-0.0385111197829246,-0.3630967438220978,-0.7071520090103149,0.2801501452922821,0.4418152272701263,0.0948471799492836,0.6630656123161316,0.0939111858606338,0.3798311054706573,0.2897067964076996,0.2022707462310791,-0.9068293571472168,0.0350001566112041,-0.9557028412818908,0.2291275113821029,0.2489686459302902,-0.4921432733535766,0.6845870614051819,0.126031294465065,0.151355892419815,-0.2427253723144531,-0.6062738299369812,0.5208452939987183,-0.6339669227600098,-0.5372843742370605,-0.007813561707735,0.1031508520245552,-0.1503461301326751,0.8266078233718872,0.2009560614824295,0.855404257774353,-0.3959270417690277,-1.0856670141220093,0.0421252474188804,-0.3204068839550018,0.3070506155490875,-0.0999162197113037,0.1602991819381714,-0.3388616442680359,-0.2407368868589401,-0.2517925500869751,-0.1254052966833114,-0.5472343564033508,0.1061273291707038,-0.6472148299217224,0.0965018197894096,0.037454605102539,0.6040958762168884,-0.0623999461531639,0.0756842046976089,0.0795049145817756,0.6630131602287292,-0.6976433396339417,-0.6911715865135193,0.1909573525190353,0.493361622095108,0.0127806952223181,0.6985462307929993,0.3037636578083038,0.0593717284500598,0.2838650345802307,-0.7678363919258118,0.5696830749511719,0.0885454341769218,-0.0547745563089847,-0.5490773916244507,0.522624671459198,-0.1877695322036743,0.3357159495353699,-0.2567106485366821,-0.0250194203108549,0.7638998031616211,-0.3591855764389038,-1.0191426277160645,0.1599325686693191,0.1338306069374084,0.1107780113816261,0.6766284704208374,0.9983621835708618,0.7175512909889221,0.2318298071622848,0.2733571827411651,-0.5216671824455261,-0.003107953350991,-0.3974916338920593,-0.524066150188446,0.3578141927719116,0.3042953908443451,0.59084552526474,0.6434581279754639,0.4898139536380768,0.2763049900531769,0.4264867603778839,0.3931496143341064,-0.3867506980895996,0.3039248287677765,0.1202670782804489,0.1041469424962997,0.0832663103938102,0.8283650279045105,-0.5580173134803772,-0.2065837234258651,-0.2786710262298584,-0.0366049855947494,0.6164737343788147,-0.2046183496713638,0.9287165999412536,-0.7883415222167969,-0.54212486743927,-0.8242040872573853,-0.7351141571998596,-0.0208215788006782,-0.4343606531620025,-0.0874325782060623,0.410449355840683,0.0510023534297943,-0.2162191569805145,0.5311710238456726,0.629144012928009,0.5984306931495667,-0.3879823088645935,-0.3881649076938629,-0.5075879693031311,0.4717969000339508,-0.513597846031189,-0.8465065956115723,0.4605461061000824,-0.0593117997050285,-0.5051132440567017,-1.0985103845596311,-0.6064106822013855,-0.2207738757133484,0.3707104325294494,-0.0684620812535286,0.2285845875740051,-0.1466686427593231,-0.5524980425834656,-0.056002601981163,-0.5793746113777161,-0.1896487176418304,-0.4863177537918091,-0.1395779997110366,0.1967295706272125,0.1873395293951034,0.1977163851261139,0.6251319050788879,0.2721588909626007,0.0150562888011336,-0.369706392288208,0.5201019048690796,0.0729738846421241,-0.3099774122238159,-0.0846065953373909,-0.5902913808822632,-0.0335444957017898,0.0802634581923484,0.4962372183799743,0.150248497724533,0.1592864841222763,0.3584185838699341,-1.3095769882202148,-0.225997969508171,0.3264393508434295,-0.6249183416366577,0.3258825242519378,-0.3716194629669189,0.8499552607536316,-1.0419079065322876,0.1620620340108871,0.0094056567177176,0.3433117270469665,0.0789621472358703,0.4845370352268219,0.0590189956128597,-0.9822630882263184,0.158544972538948,-0.0733749121427536,-0.7955459952354431,0.9773103594779968,-0.0196135323494672,-1.0119833946228027,0.4383426010608673,0.9574153423309326,0.2201466858386993,-0.1720980852842331,0.4146071672439575,-0.8866645693778992,0.0049086934886872,0.27757129073143,-0.1955453753471374,0.2714985311031341,0.7049852609634399,-0.2474753558635711,-0.1019385978579521,0.831345796585083,-0.0971931144595146,0.5979616045951843,0.2603886723518371,-0.2492825984954834,0.1176471561193466,-0.3183791637420654,0.1947266906499862,0.3202306926250458,0.4418443441390991,-0.8293269872665405,0.9546155333518982,0.1109978184103965,-0.6300745606422424,0.0500642545521259,0.6922590136528015,0.021926986053586,0.619446337223053,0.3877244293689728,0.2665540874004364,-0.8700858354568481,0.230477824807167,0.4098134338855743,0.1110365837812423,-0.3496339321136474,0.7491507530212402,-0.1417663544416427,-0.3231686353683471,0.930763840675354,-0.1310479789972305,-0.07520542293787,0.5701000094413757,0.4445584714412689,-0.0906114727258682,0.8199487328529358,0.223604217171669,0.2413981109857559,-0.0060860156081616,0.170969158411026,0.863956868648529,0.676194965839386,0.3702163696289062,1.006137132644653,-0.555164098739624,-0.5562096834182739,0.1266056895256042,-0.0628691688179969,-0.5345245599746704,0.6334502696990967,-0.4900030195713043,-0.7375769019126892,0.4462796449661255,0.4269680380821228,0.1650703996419906,-0.110759437084198,-0.6869086027145386,-0.1251311898231506,-0.3879007399082184,0.0855911746621131,0.5321561694145203,0.4769286513328552,0.1885664314031601,0.0217708945274353,0.0049680480733513,0.0240357369184494,0.6705112457275391,-0.2045543789863586,-0.2210118323564529,-0.3744626641273498,-0.0408278629183769,0.3543540835380554,0.4988077878952026,0.3775115311145782,0.2836470901966095,-0.3732143342494964,0.3009678423404693,-0.0868764743208885,-0.004239575471729,-0.4689453840255737,0.2022922039031982,0.0236566364765167,-0.1893438696861267,0.1381958723068237,-0.4662011563777923,0.2944192290306091,-0.1530704051256179,-0.5548433065414429,-0.7746790647506714,-0.2961821854114532,-0.0049435934051871,-0.5346019268035889,-0.3259390592575073,-0.5166333913803101,-0.7385349869728088,-0.1966463327407837,-0.1596683263778686,-1.2212648391723633,-0.3655493557453155,0.4265333414077759,-0.2801930904388428,-0.4832394421100616,-1.49966561794281,0.4153688848018646,-0.1320447474718094,0.4825134873390198,0.1052089408040046,0.0843430608510971,-0.0806316286325454,-0.384474515914917,-0.206035166978836,-0.5459954738616943,0.048382744193077,-9.397575378417969,0.6110579967498779,-0.3022498786449432,-0.449549913406372,-0.4937731027603149,-0.5718859434127808,0.9688277244567872,0.8543307185173035,-0.9126839637756348,0.7213301062583923,-0.900721788406372,0.0133666275069117,0.4344164133071899,0.0482324287295341,-0.3157982528209686,-0.0007790714153088,-0.1771056801080703,-0.1370230317115783,0.2532511353492737,0.162343293428421,-0.7282872796058655,-0.4073796272277832,0.5564297437667847,0.4473257660865783,0.2831100523471832,-0.5025906562805176,-0.0296384245157241,0.5075408816337585,0.2642133235931396,-0.0422929003834724,-1.2706632614135742,0.6831713914871216,-0.6613463163375854,0.2869845628738403,-0.0915773585438728,0.5197584629058838,0.1137973144650459,0.5718725323677063,-0.5295335054397583,0.2840394675731659,0.1927234083414077,0.3065020740032196,-0.0535545870661735,-0.4444628059864044,0.1484346538782119,-0.4612801671028137,-0.1072247773408889,0.0021844543516635,0.6407381296157837,-0.1051519736647605,-0.588725209236145,-0.2315421104431152,0.0554504245519638,-0.3348857164382934,0.246359184384346,-0.7270677089691162,0.3770185112953186,-1.5461019277572632,0.2582085728645324,0.1408988535404205,0.7794867753982544,0.1834184974431991,0.5569813847541809,0.8571094870567322,0.0967903211712837,1.013610601425171,-0.3504791855812073,-0.6792387366294861,-1.0385982990264893,0.1664153039455413,0.4071681797504425,0.481046974658966,0.0756908953189849,0.5647799968719482,0.1709572374820709,0.0381175652146339,-0.2067945301532745,0.2699972093105316,-0.009832383133471,-0.101856380701065,0.41914963722229,-0.5814765095710754,0.2678888738155365,0.6092039346694946,-0.2024169415235519,0.7557705640792847,0.4124761521816253,-0.5327741503715515,0.4883399605751037,-0.3862907886505127,0.6074084639549255,-0.3293782472610473,-0.7903771996498108,0.1623403877019882,-0.0159827042371034,-0.5629340410232544,-0.3584897518157959,-0.3227139413356781,-0.0365639328956604,-0.4023095369338989,-1.0255555,-0.38555005,0.78534454,1.5476872,-1.1348574,-0.6502633,-1.1862354,0.44813675,0.99271315,-0.03355182,1.0075771,0.19967122,-1.907811,1.9667101,-0.94656104,0.27402717,0.45700127,-0.9019662,0.53586644,-0.3643474,0.8650602,0.2724763,0.51161367,-0.8218318,0.249614,0.6656596,0.54038703,-0.9229103,-0.96224916,-0.7375974,0.29255357,-0.38016796,-0.77724785,-0.69715834,0.07458824,-1.5076239,-1.3488883,1.246741,0.2981229,-0.39416504,-0.6613182,0.6027971,-0.07814557,-0.18341266,-0.7351438,-0.1441574,2.0336215,-0.6652569,1.155104,-0.66952866,-0.8256882,-0.5821877,0.3475651,0.8195707,0.6353293,-0.4041793,1.1260259,0.6603662,-0.31043544,-0.38387442,0.15200241,1.1280373,-0.817037,-0.0983633,0.397629,0.81226414,0.070082046,-0.29709592,-0.4529654,-0.6133569,-2.681034,-0.893922,0.15942292,1.1077667,-1.464673,1.1303082,0.14597031,-0.5158166,-0.12531416,-0.035491355,0.026918411,0.024693754,-1.2243106,1.0777155,-0.7344924,-0.7810399,-0.49814063,0.0610286,-1.5885992,-0.16250779,-0.318068,-1.122934,-1.2594335,-0.6532611,0.9841534,-0.26827484,-0.9611413,-0.8393304,-1.4884833,0.19226122,0.23803046,1.2624693,-0.0014822015,-0.72305864,-1.0251757,0.2564036,-0.75640625,-0.8401554,-0.3444974,0.7405769,-0.02678835,0.33186772,0.78979456,1.6541337,0.76628965,0.88049835,-0.9827288,-0.40109962,-0.12526375,0.25387532,1.509447,0.28652883,-0.8569768,0.6946368,0.06784053,1.1893809,0.25547203,-0.83229,0.6819477,-0.097124256,0.4851419,-0.6803783,1.7856884,0.7835628,-0.7810467,-0.78005123,-0.64297295,0.2401694,0.5843009,-0.20550215,-0.39317727,-0.15777935,0.275788,-0.2345829,0.36854956,-1.4118074,0.30333176,1.129203,0.9741669,0.24010399,0.017004907,-0.31105155,-0.8549472,0.20210923,0.4883863,0.07141818,0.1318756,0.4327853,-1.2588154,1.3207434,0.43466192,1.2676231,-1.0348759,0.7562685,0.03131807,0.38295817,-0.45715952,0.9903529,-0.7648574,-2.1053994,-0.17168091,0.27988797,0.66287696,0.02405562,0.6090712,0.123745546,0.8733235,0.69329417,-0.96786815,-0.23372336,0.83393717,1.0046705,0.36304456,1.4076406,-0.4992374,0.92723936,0.74624777,0.4407967,0.38764063,0.31512395,0.72291607,-0.20082423,0.56626755,1.1871622,0.75613356,2.5034392,0.6460045,-1.2273861,-1.4867438,0.74435943,-1.8562437,-0.13501917,0.529923,-0.9512779,1.3317277,-0.77089256,-1.5447271,1.5161861,0.37625828,0.1159737,-0.965776,-1.5587493,0.8047346,1.1695642,-0.47809318,0.010997899,-0.99864835,0.10375081,-0.60041225,-0.34368363,1.3721188,0.25757122,0.33418256,1.5231775,-1.1141157,0.37842813,0.38926882,0.24113391,0.19189401,0.4760847,-1.2670916,0.559056,0.49224597,0.09125679,-0.5732545,0.38739237,-0.48133036,0.4136568,-0.39145228,0.24210858,0.33234477,-0.7415206,0.20806065,-0.35580707,0.25085342,0.9981365,1.9798696,0.27709645,-1.5788631,-0.41669792,0.4990851,0.7864507,-0.07377456,-0.09489048,0.58707434,1.4057262,-0.6456229,0.058642946,-0.48558253,-0.4165941,0.027936641,0.7456566,-0.10213123,0.54166734,0.33518776,-0.065369815,-0.4176829,-0.07793162,-0.25010738,-0.5447289,-1.0498662,-0.8523951,-0.723894,0.06885933,0.19148834,0.2342603,-0.6943388,-0.9272688,-1.1740156,0.1525836,0.6439332,-1.0740316,-0.56273013,-0.056023933,-0.5022254,0.69445294,-0.08769088,-0.17136386,0.54891497,0.7095558,-1.3115247,0.8767062,0.094092906,0.75720274,1.3916652,0.27044293,1.4946709,-0.6215211,0.5656341,-0.86545473,0.815987,0.8684636,-1.6713678,0.9720772,-0.58737165,-0.5855878,0.69494206,-1.3824424,-0.27541247,-0.6746563,0.27895108,-0.25293753,-1.463792,2.0197196,-2.2065477,1.4649392,-2.0456605,-0.363727,-0.27836275,-0.20904073,-0.9387569,0.8610893,0.6459349,0.01910905,1.0038745,0.30355605,-0.011482959,0.7139296,0.6597167,0.9639506,-0.049981333,0.89123106,-1.0315161,-1.8372041,-0.3054568,0.49264058,-1.2883394,-1.7706386,-1.174634,-0.26063734,0.33768848,-0.7890072,-0.058175478,1.0496066,-0.10431057,0.7174722,-0.7508635,-0.25931206,-0.16399987,-0.8287608,1.32459,-0.18181635,1.7405097,-1.312765,-0.36973006,0.20131786,-1.5885442,-0.15595476,-0.1279366,1.7836941,0.31893465,0.35226545,0.7540774,0.09121485,-0.4002185,-0.7222308,0.74733204,0.18665071,1.9612674,-0.05358771,-0.2709956,1.2969378,0.1695216,0.697293,-0.25178766,-0.4177542,1.6832181,-0.23635617,0.058560736,-0.3032454,-0.22039221,-0.095609896,-0.30150428,0.28567836,-0.28185356,-0.19146721,0.8095309,0.4423322,-0.913021,-1.056719,-0.7415064,0.6681274,1.1797812,1.7307538,1.439094,-0.078461,-0.756124,-2.004011,0.19896057,1.2025172,0.49752647,0.33619508,-1.3611645,0.12865941,0.25868812,-0.07877561,-0.7815514,-2.0546544,1.5030527,0.5266712,0.4054897,1.6086991,-0.7518352,-1.6112756,-0.4814493,0.88093346,-0.017389076,-1.0990158,-0.6906606,0.50013214,-0.8600872,1.0148451,0.69337255,0.3461074,0.17420018,-0.16346662,0.4343963,-0.058401305,-0.38419852,-0.26831302,0.104808204,0.8439358,-1.4282258,-0.27996793,0.7084592,-1.8901206,0.44597372,-0.15293635,0.0151181985,0.17095652,-0.5516002,-0.56008726,-0.5732475,0.025500482,-1.0552019,-0.53960246,0.25511372,-1.7583302,-1.7400818,0.41055855,1.4685688,-0.98825836,0.5890221,0.43635535,-0.2744221,0.33025143,-0.45790234,-0.30613402,-0.02422452,0.1310228,-0.076710865,-0.3416678,-1.2741661,-0.7107417,0.027691739,-1.2662102,-1.3634164,1.0398794,0.69813293,-1.4721283,-0.92632085,-0.13352568,-0.42915502,0.60936433,0.70545673,-0.33326,-0.0227446,-0.4516011,-0.073917486,0.49400002,0.6665579,-0.23233989,-0.014612415,0.5773376,-0.3023451,0.22893159,1.6534042,0.32501033,0.7337737,0.8465668,0.018961983,-0.6388424,0.8965991,-0.23634528,0.07863529,0.6186141,-1.4505335,-0.99968326,1.2027663,-0.29599255,-0.99835354,-0.15700252,0.34300247,-0.18955825,0.18543832,0.1183113,0.99760115,1.1458725,1.1171427,1.2771581,-0.5556674,-0.5587091,-0.47890085,0.2320588,-1.0854174,-0.91303015,0.21684544,0.5584612,2.3053763,-0.7180047,-0.06929725,1.1678082,-0.46916693,-1.0318195,0.62548465,0.4888142,-0.8832592,-0.79853994,0.2443641,-0.60196954,0.28545246,-1.6496333,-0.40687892,0.33514333,0.9611741,-0.79268867,0.07666803,0.6989024,0.20047866,-0.9457888,0.19221567,1.0770873,1.2834119,-0.4159674,-0.9746934,0.5462249,-0.8741471,-1.1350983,-0.39626297,-0.6725739,-0.64941216,-0.06400102,-0.23483276,-0.20031206,-1.1380199,-0.6953341,1.4637411,-0.06967904,0.035276406,0.40117118,-0.96428204,1.3420546,-0.71601737,-0.58843917,1.3148592,1.1931084,-1.4581009,0.22646692,-0.8680506,0.6000977,-0.47297192,0.5903327,0.9573889,0.88205194,-0.66539943,1.4953846,-0.59195423,-0.09672244,0.25162596,0.14309107,-0.46004078,0.078419395,-2.1291416,1.0710154,-1.5990385,-0.9736422,0.21472621,0.68209016,-0.17297791,-0.5167398,-0.6580617,0.26365754,0.77012885,-0.9933439,0.8526948,1.5802466,-0.6019868,-0.9251564,0.9014554,0.6835942,-0.67693275,0.23108053,2.4152713,0.36861897,0.9233085,-0.92157227,-0.5894407,0.33539957,-0.36945438,-0.7592387,0.07549262,-0.40616584,0.04862582,0.2724922,-0.3527557,0.82414013,-1.0688951,0.019994292,0.42335725,-0.8025482,0.24330704,0.7288621,-0.32961926,-1.2601227,-1.0874212,0.4880497,0.5113102,-0.52057344,0.4091663,0.546627,1.7231159,0.93279475,-0.30136108,-0.5841719,0.5294455,0.94346577,1.0213003,-0.8106289,-1.3554436,0.42721042,1.152088,-0.5737913,0.884376,-0.11336468,-0.35684365,-1.9674939,0.87363523,0.068700396,0.17143223,1.2187842,0.35847718,-0.1845251,0.25002733,-0.20482887,-0.20668706,-0.53758764,-0.5440265,-0.14479652,0.47902974,-0.86723536,-0.015932757,-0.5467416,-0.016428938,0.16023162,0.17578575,-1.0657808,0.82825035,0.30476823,0.82428175,0.45450822,-0.18419151,-0.96223116,-0.4559941,-1.0580438,1.5952009,0.95579576,0.16944902,-1.5881288,-0.5019949,1.136945,0.63057995,-0.4427699,-0.026839266,0.04946733,-0.47254163,0.012267424,-0.9367164,-0.29040742,0.30188087,0.5268191,-0.8883825,1.2884171,-1.928468,1.0020403,0.049826138,-1.0672729,0.032780416,0.32286897,-0.51967233,2.021892,1.1088446,-0.23514748,-0.25012356,0.48474917,0.78148925,-0.3264339,-0.4285738,-1.3057787,0.86390394,1.0990933,0.2504349,-1.5898107,-0.37853384,-0.13688003,-0.05864513,1.9285952,-0.8355346,-0.4465714,-0.5783697,-0.490283,-0.86232436,-0.1806194,-0.3165967,0.296709,-1.299321,0.7663047,-0.84983337,-0.5161626,0.66828984,-0.40722635,-0.34079936,-0.09274722,1.1183002,0.7834517,0.7078734,0.45707947,-0.7714528,0.1861759,-0.69960517,-0.5186262,0.7735005,-0.6015774,0.25471336,0.5887052,0.829879,1.7348258,0.5406532,-1.0253394,0.6338152,0.7143281,-0.024594214,0.24227579,-0.6615432,-0.6073532,0.18115436,0.19556458,0.59653777,-1.3322853,-0.2973735,0.22562622,0.6711446,0.4725892,0.55491555,0.10051129,0.17583981,1.8475248,0.71836436,-0.2091147,,,,,,,,,,,,,,,,,,,,,,,,,,,,,,,,,,,,,,,,,,,,,,,,,,,,,,,,,,,,,,,,,,,,,,,,,,,,,,,,,,,,,,,,,,,,,,,,,,,,,,,,,,,,,,,,,,,,,,,,,,,,,,,,,,,,,,,,,,,,,,,,,,,,,,,,,,,,,,,,,,,,,,,,,,,,,,,,,,,,,,,,,,,,,,,,,,,,,,,,,,,,,,,,,,,,,,,,,,,,,,,,,,,,,,,,,,,,,,,,,,,,,,,,,,,,,,,,,,,,,,,,,,,,,,,,,,,,,,,,,,,,,,,,,,,,,,,,,,,,,,,,,,,,,,,,,,,,,,,,,,,,,,,,,,,,,,,,,,,,,,,,,,,,,,,,,,,,,,,,,,,,,,,,,,,,,,,,,,,,,,,,,,,,,,,,,,,,,,,,,,,,,,,,,,,,,,,,,,,,,,,,,,,,,,,,,,,,,,,,,,,,,,,,,,,,,,,,,,,,,,,,,,,,,,,,,,,,,,,,,,,,,,,,,,,,,,,,,,,,,,,,,,,,,,,,,,,,,,,,,,,,,,,,,,,,,,,,,,,,,,,,,,,,,,,,,,,,,,,,,,,,,,,,,,,,,,,,,,,,,,,,,,,,,,,,,,,,,,,,,,,,,,,,,,,,,,,,,,,,,,,,,,,,,,,,,,,,,,,,,,,,,,,,,,,,,,,,,,,,,,,,,,,,,,,,,,,,,,,,,,,,,,,,,,,,,,,,,,,,,,,,,,,,,,,,,,,,,,,,,,,,,,,,,,,,,,,,,,,,,,,,,,,,,,,,,,,,,,,,,,,,,,,,,
ン,0.0031761368736624,-0.0607978403568267,0.0868006199598312,-0.661807656288147,0.0111189065501093,0.3265124261379242,0.1916644126176834,-0.4045667350292206,-0.4292081892490387,-0.4083045125007629,0.5463610291481018,0.2070582807064056,-0.3826923966407776,0.0625517517328262,0.7951143980026245,-0.442884236574173,0.3125962615013122,0.3438512980937958,-0.0523972958326339,0.0517843142151832,0.0978624746203422,-0.5571790337562561,-0.2747199833393097,0.0472691729664802,-0.0459600277245044,-0.3686332702636719,0.2244462519884109,-0.082312487065792,0.0983265489339828,-0.2376643419265747,0.1591430008411407,-0.4425821006298065,-0.0801399499177932,-0.2665002346038818,-0.0309830289334058,0.0108848055824637,-0.0690804943442344,0.2679064273834228,0.2063704431056976,0.1932753026485443,0.1479707956314087,0.0076370746828615,0.1948626637458801,-0.1712042689323425,-0.0528566688299179,0.1627152562141418,-0.0894470736384391,0.1004108041524887,0.591101348400116,-0.2889629006385803,0.1374229490756988,0.5501917600631714,0.4750784933567047,0.1716260015964508,-0.0601437613368034,0.3185002207756042,0.8224498629570007,-0.557417631149292,-0.1149771809577941,0.1276140511035919,-0.5706307291984558,0.2014473527669906,-0.3595708608627319,0.2332155704498291,-0.2315685451030731,0.1064353063702583,0.0359065234661102,-0.1417602002620697,-0.3781137466430664,-0.3540096879005432,-0.0274864323437213,0.402396023273468,-0.6046552658081055,-0.3359215855598449,0.5048612952232361,-0.1393412053585052,0.3976526856422424,-0.1794541180133819,0.0227434691041708,0.1814790219068527,-0.1187740936875343,0.2268717288970947,-0.0903581604361534,-0.6762161254882812,0.0569993667304515,0.0246051810681819,-0.2300129532814026,-0.5120596289634705,0.1248785406351089,-0.4493535459041595,-0.1133277118206024,-0.2073936313390731,0.3074301481246948,0.0145306037738919,-0.1841437220573425,0.1837277859449386,-0.0620439946651458,-0.2285856008529663,-0.0833185613155365,-0.0128377340734004,-0.4649055302143097,0.2861506342887878,0.1150683984160423,0.1076434478163719,0.0551507472991943,0.1075687184929847,-0.1809568107128143,0.3812497854232788,-0.139119878411293,0.4462940990924835,0.2862721383571625,-0.2635545432567596,-0.2679628133773803,0.0520831122994422,-0.1249072924256324,0.0026477477513253,0.0267717316746711,0.2469020783901214,0.0302001107484102,0.3710814416408539,-0.1098586171865463,0.4699374139308929,0.0058718807995319,-0.0616717003285884,-0.2280991375446319,-0.1406721770763397,0.0704468786716461,-0.3091879487037658,-0.0072021726518869,-0.3812822103500366,0.1617260724306106,-0.0414503291249275,-0.5856931209564209,0.2547442615032196,-0.1138062626123428,0.4811491072177887,0.130574569106102,0.0783994868397712,-0.391741931438446,-0.5688015818595886,-0.0319120548665523,-0.2438270598649978,0.3643069565296173,0.0948860645294189,-0.1718646436929702,0.2716177403926849,0.3198012709617615,0.1311369985342025,0.7376388907432556,0.5044369697570801,-0.2001553475856781,0.7393048405647278,-0.4966245889663696,-0.0050921100191771,0.2593344748020172,-0.1624211370944976,-0.4992667436599731,0.4151813089847564,-0.1086982414126396,0.6080097556114197,0.1552628129720688,-0.3181414604187011,0.2967957556247711,0.8420257568359375,0.1295166760683059,0.7175630331039429,0.3213450014591217,0.4221847653388977,0.605125904083252,0.5966471433639526,-0.1656567007303238,0.5463995337486267,0.3133746683597564,-0.3287399113178253,0.2963298261165619,0.005749715026468,0.0374555811285972,0.5076952576637268,0.1681631803512573,-0.9266054034233092,-0.1957228630781173,0.1941849142313003,0.052257839590311,-0.4191427528858185,0.7755953073501587,0.0066946446895599,0.5302921533584595,0.2605101466178894,-0.0696816518902778,-0.184170588850975,-0.0372766554355621,-0.0098567195236682,0.2622301578521728,-0.4053263068199157,-0.5704964995384216,-0.1914510577917099,0.0944606438279151,0.0508277006447315,-0.4833554029464721,0.4180681705474853,0.3133998513221741,-0.036971129477024,-0.2730249464511871,-0.8953977227210999,-0.8142644166946411,-0.2519980072975158,-0.1531452983617782,0.2973617613315582,0.0147576453164219,0.0984799936413765,-0.2799798250198364,-0.3443861305713653,0.3409165143966675,0.0603276640176773,0.2964895069599151,-0.0570669658482074,-0.9990729689598083,0.0238197539001703,0.0489080734550952,-0.0346764251589775,0.1864619255065918,0.0158124044537544,0.2862429022789001,-0.5115312337875366,-0.2338037192821502,0.1353099048137664,0.1608468294143676,-0.2106554061174392,0.1547987461090088,0.5374172329902649,-0.066332496702671,-0.1900498867034912,-0.8293370604515076,0.2218030542135238,-0.0450445711612701,0.4054462313652038,-0.6599977016448975,0.6992177963256836,0.018104126676917,-0.002429557731375,0.5482659935951233,0.3278791010379791,0.1139019280672073,0.2349071204662323,-0.3641423285007477,0.3448559641838074,0.1526006162166595,-0.4325889348983764,-0.6531708836555481,-0.5379634499549866,-0.927617609500885,-0.3598898649215698,-0.0856102630496025,0.1103380993008613,0.4773735404014587,0.0974730402231216,0.2282249182462692,-0.4778967201709747,0.1223301813006401,-0.3653758764266968,-0.3753630220890045,-0.4723738431930542,-0.2525172531604767,0.0311940945684909,-0.1930955797433853,-0.2202931046485901,0.0085229333490133,-0.555094838142395,-0.7384956479072571,0.1608379185199737,0.0788786187767982,-0.3683903217315674,-0.4114533364772796,0.0641935840249061,-0.1213461458683013,-0.3295978009700775,-0.011258372105658,0.254391461610794,-0.3797242045402527,-0.0208807196468114,-0.6492891907691956,0.6138627529144287,-0.6307557225227356,-0.3399337232112884,-0.1044942960143089,0.0166841223835945,-0.1446605622768402,-0.4678792357444763,-0.1896993815898895,0.7635605931282043,0.2990688681602478,-0.138578861951828,-0.3641351163387298,-0.4979437291622162,-0.5783031582832336,0.4369446933269501,0.4176512956619262,0.1074473783373832,0.0878961756825447,0.402312695980072,0.5334050059318542,0.1978185474872589,0.2844682931900024,-0.1847484111785888,-0.2366843223571777,-0.2725338637828827,-0.1306344270706176,0.0627033412456512,0.4482207596302032,-0.305838406085968,-0.122567318379879,0.9938422441482544,-0.4593415260314941,-0.3654066920280456,0.7318883538246155,-0.0670155808329582,-1.3997195959091189,0.2089877426624298,0.4641358256340027,0.339649885892868,-0.481524795293808,0.7123547792434692,0.1878018230199813,0.5769309997558594,-0.2344101518392563,-0.4898486137390136,0.5672318339347839,-0.1247627809643745,-0.4136821627616882,0.4254004061222076,0.1543496400117874,-0.5032008290290833,-0.0087127489969134,-0.4590893089771271,-0.2126435190439224,0.4482419192790985,-0.1862764656543731,-0.0274078119546175,0.0112516330555081,-0.4013431370258331,-0.24400494992733,0.3090179860591888,-0.0148792658001184,-0.5374107956886292,-0.5534104108810425,-0.2894331514835357,0.3393507897853851,1.0581037998199463,0.144974336028099,0.6220086216926575,-0.4687284231185913,0.4528188407421112,0.3884975910186767,0.1073685884475708,0.5571797490119934,0.2764184772968292,-0.2424703538417816,-0.2158079594373703,0.5627112984657288,0.415305495262146,0.106074534356594,-0.0443860217928886,0.1336534172296524,0.0635653510689735,0.1826259046792984,-0.1055840924382209,0.6502776145935059,-0.141808420419693,0.3536523282527923,0.5146189332008362,0.2330994606018066,-0.0900570750236511,0.0781622529029846,-0.4576899111270904,0.1094290018081665,-0.8406364917755127,0.5045748353004456,-0.0283449869602918,-0.0218085329979658,-0.0520893447101116,-0.1031492948532104,-0.4371600151062011,-0.017949478700757,-0.1399894803762436,0.2675392627716064,-0.5081573128700256,-0.5338950753211975,0.1077740564942359,-0.0689213573932647,-0.283149242401123,0.171120136976242,0.3129028677940368,0.4287918210029602,-0.5326884388923645,-0.4094868898391723,0.7733538150787354,0.0162159632891416,-0.0072541129775345,0.5614296197891235,0.1175485625863075,-0.0760221034288406,-0.211329385638237,-0.4428883790969848,-0.2046450078487396,-0.7780249118804932,-0.3564236462116241,-0.4528417289257049,0.2160809636116027,0.2362763434648513,0.3225845992565155,-0.1116638481616973,-0.0470034219324588,0.0703728720545768,0.1373246610164642,-0.0632245987653732,-0.65218186378479,0.2310350388288498,-0.1592269390821457,0.5896809101104736,0.8067646026611328,0.1587326377630233,-0.2732491493225097,-0.1715768128633499,0.2116468995809555,0.2313543707132339,0.1230284571647644,-0.6485904455184937,0.0193797163665294,0.5927419066429138,-0.0951088666915893,-0.2243158966302871,0.1123715043067932,0.3114649355411529,0.461230456829071,-0.276660680770874,-0.382485032081604,-0.0353952907025814,0.3318245410919189,-0.0521954633295536,0.3872840106487274,0.0941041409969329,1.028633952140808,0.2518595159053802,-0.0752753987908363,0.2339671552181244,-0.3081791698932647,-0.0724743828177452,-0.2201147973537445,0.2931573987007141,0.1904922127723693,0.0927618965506553,0.5092480778694153,0.1100455299019813,-0.3637725114822387,-0.2760427296161651,-0.0828023701906204,0.3296189904212951,0.1685519069433212,0.0973466262221336,0.2866364419460296,-0.5149614810943604,-0.0037491263356059,-0.3459472954273224,-0.4577270150184631,-0.1330947428941726,0.1084762662649154,0.6005651950836182,0.1605362296104431,0.5439375638961792,-0.5331707000732422,-0.3257345259189605,-0.3711455166339874,-0.4540835320949554,-0.1340912729501724,-0.2620345950126648,0.2089841961860656,0.1866414099931717,0.1436269432306289,-0.4567202031612396,-0.3661319315433502,-0.0883623957633972,0.3650775253772735,0.0215740874409675,-1.0030871629714966,-0.4105854034423828,0.6311589479446411,-0.1848551332950592,-0.3698974549770355,0.1036599949002265,0.236632689833641,0.1726095229387283,-0.2160039544105529,-0.0213409829884767,-0.168961226940155,0.3041289746761322,-0.0161232110112905,0.4921342730522156,-0.09644266217947,-0.2044597864151001,-0.332964688539505,0.0566480383276939,-0.2578245103359222,-0.3340344727039337,-0.572498619556427,-0.3068805336952209,-0.0457549095153808,0.1794564574956894,0.1167832538485527,0.4510316550731659,-0.2446545511484146,0.4985246956348419,0.031571552157402,0.1467853039503097,-0.0906953960657119,0.2868809998035431,-0.2875887453556061,-0.1965115219354629,-0.1932107657194137,0.5326632857322693,0.2681797444820404,0.3176998496055603,-0.2003336399793625,-0.5330439209938049,-0.1281498223543167,-0.2392009794712066,-0.519485592842102,0.5827149152755737,0.0900339633226394,0.5456182360649109,-0.1836076378822326,0.2240788340568542,-0.1907528638839721,-0.0015128852101042,-0.3930225670337677,-0.1054306253790855,-0.1078258082270622,-0.8340499997138977,-0.186623215675354,-0.3212255537509918,-0.4420482516288757,0.5200933218002319,0.2669086158275604,-0.6013787388801575,-0.3170128464698791,0.1425212919712066,-0.034273512661457,-0.4507310092449188,-0.0893237888813018,-0.5125720500946045,0.1827784180641174,0.487899512052536,0.4282651841640472,0.4144729077816009,-0.2689167261123657,-0.6819618940353394,0.1487437039613723,0.7066802978515625,0.1276256442070007,0.2586115002632141,0.1338995993137359,-0.0630201920866966,0.0068775373511016,-0.3611669242382049,0.5995979905128479,0.3284713923931122,0.6112343668937683,-0.1593673080205917,0.5796571373939514,0.5704997777938843,-0.2039690464735031,0.27096688747406,0.9044501185417176,0.39722540974617,0.6367554068565369,-0.0577708259224891,0.036823458969593,-0.5470572113990784,0.2953176200389862,-0.2784082591533661,0.2505327463150024,0.2955975830554962,-0.3873145580291748,-0.0106711722910404,-0.4470608234405517,0.0582158118486404,0.3540639281272888,-0.2572919130325317,0.0640492439270019,-0.1530279666185379,-0.5277718901634216,0.3817476332187652,-0.158414676785469,-0.0710591152310371,0.1840384602546692,-0.0350280739367008,0.4537293612957001,0.528607189655304,0.2899109721183777,-0.0413019880652427,0.2188134342432022,-0.6566449999809265,0.0871488004922866,-0.4678245782852173,0.2556524276733398,0.8074514269828796,0.1066321358084678,-0.7058013081550598,0.1147244274616241,0.7123931646347046,-0.3560422956943512,0.0612720251083374,-1.0915507078170776,-0.1837315112352371,-0.1110924184322357,0.1160295903682708,0.1151471585035324,-0.1754621565341949,0.4969201385974884,-0.3079700171947479,-0.1208853498101234,-0.2617020308971405,0.7547056078910828,0.0675808936357498,-0.2036011964082718,-0.0834806710481643,0.0529114045202732,-0.0520556680858135,0.2553771734237671,0.0519331432878971,-0.4064322412014007,0.1175331100821495,-0.0400002636015415,-0.2948659062385559,-0.0202174540609121,0.4066607654094696,0.1878072172403335,0.0256806910037994,0.2268457561731338,-0.0400772243738174,-0.8691291809082031,-0.2082367241382599,0.3324902355670929,-0.942822277545929,-0.0735208243131637,-0.1429763734340667,-0.1136432737112045,0.3548907041549682,-0.1476150751113891,-0.3494469225406647,0.015733528882265,-0.295113205909729,-0.0524454191327095,-0.1219716221094131,-0.5856705904006958,-0.0685122907161712,0.2011014968156814,-0.0997806042432785,-1.0749133825302124,0.1433800905942917,0.1807161569595337,0.3349646627902984,0.0505462624132633,0.51595139503479,0.2372927665710449,0.0397394374012947,0.4213206768035888,-0.229931965470314,0.179247185587883,-10.382081985473633,-0.4448930025100708,-0.3652932643890381,-0.183305487036705,-0.3692849576473236,0.4921149015426636,0.6921905279159546,0.3035148084163666,-0.2524159848690033,0.4128586649894714,-0.3018664121627807,0.2482895404100418,0.1434746235609054,0.9373087286949158,-0.4286087155342102,-0.1827657520771026,0.3007826209068298,0.082112118601799,0.0640494301915168,0.3107931613922119,-0.2130162268877029,-0.4070342779159546,0.6020965576171875,0.0759041309356689,-0.0683071687817573,-0.3665779531002044,-0.2489219903945922,0.2341049611568451,-0.1814572066068649,0.1103604510426521,-0.6091642379760742,0.5347440242767334,0.1003084331750869,0.3639244735240936,-0.7448790669441223,-0.2301767915487289,-0.0891357064247131,0.2333881556987762,0.3847591280937195,0.5595882534980774,-0.0836476907134056,0.6774351000785828,0.2649302184581756,-0.4228098094463348,0.853337287902832,-0.2344857007265091,0.3338377773761749,0.5192164182662964,0.2750162482261657,0.1354071348905563,-0.1363216787576675,-0.6438022255897522,0.0042162416502833,-0.4347541332244873,-0.1330995559692382,-0.1422829777002334,0.3304428160190582,-0.6977059245109558,0.0330822952091693,-0.1127327904105186,0.4786390364170074,-0.273013710975647,0.6636946201324463,-0.0587224513292312,-0.3250734508037567,-0.1605715006589889,0.0656867250800132,0.6946278810501099,-0.5975626111030579,-0.2920809686183929,0.5590290427207947,-0.2730327248573303,0.2166372835636139,0.4055890440940857,-0.4609197080135345,0.2656212449073791,-0.1926836967468261,-0.177279993891716,1.1196138858795166,0.0746123492717742,0.4504166543483734,-0.0480197295546531,-0.4257279634475708,0.1747554093599319,-1.0736651420593262,0.4939015209674835,-0.1731966435909271,0.1242589876055717,0.3955589532852173,-0.4195772707462311,0.582466721534729,0.0015246457187458,-0.3316822946071625,0.1182079017162323,0.481196790933609,0.0666705295443534,0.4595232307910919,0.0795234888792038,0.923289954662323,0.1367945075035095,-0.9382137,-0.09279472,0.85873204,1.385413,-0.9221486,-0.86854714,-1.3385923,0.31964058,0.68667275,-0.95560807,0.25616822,0.39956546,-1.6570889,2.2341695,-0.5927614,0.151814,1.0363033,-0.7488546,0.5313693,-0.22589426,0.6621637,0.17823906,0.8881652,-0.60978335,0.63224894,0.77149403,0.23151484,-0.90329015,-0.1974869,-0.6163899,-0.02149322,-0.31983736,-0.65356535,-0.9322764,0.16481167,-0.8647032,-1.0081841,1.1897106,0.13230565,-0.59717274,-0.92585534,0.8723429,-0.12622143,-0.07828061,-0.71177965,0.16357398,1.3220876,-1.012999,0.531865,-0.51117545,-0.61690706,-0.29444852,0.70872283,1.154418,0.44366837,-0.20160285,0.5824961,0.594586,0.19653167,-0.58739024,0.80049837,1.2772048,-0.68391246,0.09662749,0.6468937,1.0719545,0.21866587,-0.4923296,-0.27001855,-0.60299736,-2.750719,-0.14139445,0.34509638,1.2427918,-1.1726477,0.9994072,0.23284812,-0.6672351,0.8172132,0.17067955,0.53473103,0.17614703,-0.6091794,1.1609437,-0.56597525,-0.81635666,-0.5352582,-0.0641731,-1.548358,0.20799525,0.11194663,-1.5567253,-1.2969449,-1.2337375,1.1403654,-0.37491637,-0.6305081,-0.8607028,-1.5523026,0.13256203,0.26412544,1.297378,-0.373751,0.1097105,-1.6837012,-0.1769512,-0.5734195,-0.39589536,-0.68131727,0.26193485,-0.5441762,0.5437599,0.8196328,1.3887843,0.91946316,0.72570646,-0.60162294,-0.77860165,-0.43826288,0.27376294,1.1765796,-0.14782934,-1.106535,0.9027438,0.10731089,1.555134,0.18335374,-0.32942522,0.80965614,0.27805987,0.58559525,-0.9882606,1.9281671,1.0505998,-1.1739538,-0.13054487,-0.67820895,0.588194,0.9561284,-0.5865444,-0.8210085,-0.32190615,-0.06616928,-0.54113036,0.0025609494,-1.435417,0.65908015,1.2124798,1.3013061,0.13360122,-0.19783713,-0.5815973,-0.83309746,0.78389513,0.8515069,0.48845416,-0.27332926,0.13580938,-1.2834547,1.4149992,0.12843098,1.5474898,-0.75845134,0.000940299,-0.096711956,0.26588517,-0.61001337,0.95147,-1.0242367,-2.3940692,-0.6248455,0.39257726,0.49045357,-0.09656862,1.1026168,0.03969506,0.7472888,0.016278649,-0.634286,0.5273851,0.58872825,0.8555268,0.038287796,1.1814964,0.22624043,0.9815388,0.7548443,0.61078084,0.36599895,0.25446934,0.32293573,-0.5184117,0.8117088,0.7532743,1.4100696,2.5796278,0.72126,-1.5747169,-1.5677243,1.0519348,-1.8498733,-0.40770084,0.8214855,-0.40013877,1.2271223,-0.558277,-1.4971249,2.127735,0.37334657,0.07915393,-0.96982974,-1.5887241,0.9654255,0.7120714,-0.39358526,-0.53250104,-0.764342,0.7566577,-0.5881734,-0.36344418,0.7943996,0.23473985,0.12390375,1.716355,-0.6982472,0.38892365,0.19208348,0.765943,-9.373426e-05,0.87383664,-0.97901106,0.52003634,0.3181542,-0.74854374,-1.3554947,0.44667563,-0.3718214,0.7022632,-0.7147876,-0.10556434,-0.010216206,-0.69949055,0.04356883,-0.02296232,0.22345094,0.6326133,1.6576326,0.18910725,-1.5389024,0.012847573,0.43331543,0.4530068,0.1480427,0.52393985,0.8443386,0.58340263,-0.60370934,0.0732699,-0.47024482,0.13698211,0.3732037,0.30528772,0.50959575,0.1379891,0.0639115,-0.62967557,-0.48038474,-0.37548816,-0.20749907,-0.70445234,-0.47201592,-1.2067678,-1.4733546,0.12913069,0.23726912,0.5533015,-0.7866667,-0.93301046,-0.5449294,0.24105191,0.45173898,-1.3525748,-0.27258325,0.2816831,-0.57893187,0.6370777,-0.118248366,0.09306155,0.22419849,1.1597908,-1.6361411,0.7146533,-0.06302908,0.93041104,1.1018953,-0.07287698,1.187719,-0.86800325,0.7056257,-1.0938362,0.42331043,0.4961421,-1.499252,0.22595453,-0.28679258,-0.1436075,0.6448231,-0.7055794,-0.22571829,-0.6367434,0.3842674,-0.13942757,-1.2654345,1.8834934,-1.7429119,1.4009012,-1.8740456,-0.42449576,-0.46297494,-0.5542804,-1.6301733,1.1577138,0.2543798,0.18136789,0.37953955,0.052140348,-0.09690504,0.3811128,0.59117734,0.9832533,0.18586728,0.67015857,-0.44899577,-1.3766611,0.16817956,0.8163041,-0.9746243,-1.8534228,-1.3048052,-0.06556269,0.48451504,-0.48996392,-0.44500637,0.94493425,-0.5918657,0.39418393,-1.2886777,-0.18595013,-0.06646983,-0.51912796,1.060399,-0.46146837,1.2858955,-1.274674,-0.3178825,0.338586,-1.8189716,-0.4778316,-0.40242895,2.0032773,0.6943285,0.5767256,1.0301338,0.24765451,-0.65634805,-0.5622778,0.7934273,-0.62027746,1.6604531,0.2123293,-0.46457797,1.3252184,-0.07968736,0.25369185,-0.4324844,-0.2879329,1.8841664,0.15601656,-0.24481912,-0.54644847,-0.141108,-0.2637302,-0.4568742,-0.03242689,0.19797489,0.1442505,0.702145,0.6922036,-1.1415818,-0.53925544,-0.53890693,0.35401252,0.8862961,1.7471148,1.2074139,0.28737777,-1.202452,-2.0870707,0.8238285,1.2413687,0.20948692,0.3347383,-1.5876344,0.31592202,-0.33198982,-0.1861867,-1.1797252,-1.9588531,1.6328043,0.77936506,0.5092204,1.4895575,-0.16477124,-1.130093,-0.5344713,0.6471549,-0.48612267,-0.6677925,-0.6138697,0.6371636,-1.3663632,1.0679588,0.98233557,0.6390111,-0.5008135,0.087447464,0.9512478,0.30882454,-0.8408469,-1.1186659,-0.107853815,0.20424643,-1.1864712,-0.20585993,0.3763659,-2.159171,0.611602,-0.43961388,-0.13253132,0.42479452,-0.7622227,-0.85139596,-0.045886487,0.06640574,-1.1616889,-0.7695774,0.23541541,-1.1541609,-1.9948288,1.02862,1.7465591,-1.4627593,0.5192683,0.08674557,-0.06290827,0.5441537,-0.37050074,-0.12113379,0.4589897,-0.5587679,-0.46099657,-0.66155803,-1.6030552,-0.6489023,0.7596127,-1.5141941,-1.1696621,0.937397,0.51527613,-1.3119847,-0.30973554,0.46831408,-0.5073722,0.65653276,0.3510121,-0.36364543,-0.2586492,-0.8367028,-0.16453442,0.2271101,0.8979084,0.23889628,-0.021985602,0.8386925,0.19035074,0.3061558,1.6893383,-0.09363929,0.2900594,0.9895476,0.45284462,-1.0347282,0.84640837,-0.46786636,0.004428947,0.6994262,-1.5432856,-0.9406005,1.3920285,-0.3507274,-0.99302435,0.05844866,0.35082418,0.043804653,0.20502388,0.71668804,1.1391354,1.399564,0.45071355,1.2310998,-0.6662564,-0.88963926,-0.64530766,0.3065732,-0.7531834,-0.9858099,0.32412177,0.59423983,2.5266535,-1.0138172,-0.11899576,0.7287234,-0.87838477,-1.4052953,0.61738807,0.5274745,-0.6455456,-0.9353279,0.29245764,-1.0077119,0.238921,-2.336567,-0.59594816,0.5614016,0.55771524,-0.7885624,0.17225249,0.5958361,0.39789104,-1.1843182,-0.10413947,1.6449404,1.3892361,0.18777448,-0.99493617,0.69043046,-0.87314093,-1.0591844,0.18192872,-0.36914107,-0.82548267,0.13452636,0.20790243,-0.19632927,-0.8624793,-0.0028821467,1.5644345,-0.1531387,-0.36755183,0.0875928,-1.3655673,1.8568455,-0.6395696,-0.41694292,1.1247804,0.6771749,-1.5038242,0.082059994,-0.9112199,0.21637027,-1.1167268,0.118816,0.5697714,0.585886,-0.38623756,1.6635574,-0.30284992,-0.17834209,0.013698196,0.3849877,-0.34005094,0.3679998,-1.7906284,1.1678462,-1.1323252,-1.4350009,0.042276204,0.9702913,-0.405662,-0.35048613,-0.8975905,0.40186396,0.5542039,-1.0458398,1.2689387,1.9545578,-0.3832408,-0.9275605,1.0520658,0.3132146,-0.16266623,0.4039505,2.3499966,0.16349673,0.6519141,-1.0930253,-0.60281116,0.20094033,-0.44274998,-0.4182524,0.13453463,-0.6014953,0.07751292,0.6928694,-0.47876263,1.319865,-0.43729058,0.47492513,1.0378959,-0.3832234,-0.033898663,0.41710836,-0.43925753,-1.5443552,-1.21121,0.60684216,0.42866415,-0.30571276,0.48936787,0.3966975,1.8142807,0.7173694,-0.41163188,-0.54806507,0.78384256,0.8761984,1.065192,-0.7830508,-0.852643,0.7140919,1.528571,0.24785034,0.34536022,-0.3853925,-0.4910141,-1.9138203,0.7717385,0.82361555,-0.17564353,1.3178473,0.6202843,0.12604967,0.21211176,-0.58587474,-0.07163469,-0.21708679,-0.34847504,0.14766684,-0.15820144,-0.49155635,0.17244197,-0.77833545,-0.13790888,-0.39611423,1.0681292,-1.0004237,0.43969613,0.13756081,0.6011554,0.32327273,-0.14750648,-0.5093427,-0.8345416,-1.1155375,2.0201747,1.1776874,-0.07038807,-1.7555714,0.14818473,0.91556466,0.25680867,-0.4891563,-0.03842928,0.056378204,-1.3700658,-0.09691633,-0.904986,-0.030337457,0.4349525,0.80024755,-0.54516333,1.0930349,-1.7983335,0.7330538,0.12579927,-0.78142726,-0.15173848,0.5160507,-0.78796893,1.5403855,1.3047243,0.19997834,-0.042553216,0.58716226,1.0034809,-0.2864961,-0.75999147,-1.5547793,1.1218908,0.73545593,0.82026833,-1.0196892,-0.5360362,0.37474242,-0.2179199,1.4103416,-0.50442535,-0.34286457,-0.7676146,-0.36731765,-0.81882226,-0.18144038,-0.91210544,-0.11982548,-1.1224276,0.05374334,-0.38953984,0.2729742,0.5918543,-0.8478295,-0.17994869,0.27650246,0.6439928,0.7567895,0.6836988,0.7888912,-0.98603135,0.008359808,-0.9024992,-0.7888552,0.5903417,-1.2915198,0.033652388,0.5503747,0.8169401,1.8083189,-0.030837035,-0.5965403,0.54247165,-0.32780224,0.20592323,0.36269483,-0.638431,-0.090678595,0.34263888,0.36502635,0.5366755,-1.0094559,-0.55536574,0.06433524,0.22941792,0.21360381,0.4578088,-0.31769577,0.70788956,1.6194519,0.77025133,-0.516638,,,,,,,,,,,,,,,,,,,,,,,,,,,,,,,,,,,,,,,,,,,,,,,,,,,,,,,,,,,,,,,,,,,,,,,,,,,,,,,,,,,,,,,,,,,,,,,,,,,,,,,,,,,,,,,,,,,,,,,,,,,,,,,,,,,,,,,,,,,,,,,,,,,,,,,,,,,,,,,,,,,,,,,,,,,,,,,,,,,,,,,,,,,,,,,,,,,,,,,,,,,,,,,,,,,,,,,,,,,,,,,,,,,,,,,,,,,,,,,,,,,,,,,,,,,,,,,,,,,,,,,,,,,,,,,,,,,,,,,,,,,,,,,,,,,,,,,,,,,,,,,,,,,,,,,,,,,,,,,,,,,,,,,,,,,,,,,,,,,,,,,,,,,,,,,,,,,,,,,,,,,,,,,,,,,,,,,,,,,,,,,,,,,,,,,,,,,,,,,,,,,,,,,,,,,,,,,,,,,,,,,,,,,,,,,,,,,,,,,,,,,,,,,,,,,,,,,,,,,,,,,,,,,,,,,,,,,,,,,,,,,,,,,,,,,,,,,,,,,,,,,,,,,,,,,,,,,,,,,,,,,,,,,,,,,,,,,,,,,,,,,,,,,,,,,,,,,,,,,,,,,,,,,,,,,,,,,,,,,,,,,,,,,,,,,,,,,,,,,,,,,,,,,,,,,,,,,,,,,,,,,,,,,,,,,,,,,,,,,,,,,,,,,,,,,,,,,,,,,,,,,,,,,,,,,,,,,,,,,,,,,,,,,,,,,,,,,,,,,,,,,,,,,,,,,,,,,,,,,,,,,,,,,,,,,,,,,,,,,,,,,,,,,,,,,,,,,,,,,,,,,,,,,,,
コ,-0.0340031236410141,0.8183595538139343,0.2433686256408691,-0.5561447143554688,0.2802871465682983,0.6069374680519104,0.6057878136634827,-0.6498515009880066,-0.5274603366851807,-0.087485633790493,0.5277066826820374,-0.1518214493989944,-0.3976146578788757,0.0472632050514221,0.2966916859149933,-0.4141279458999634,0.2939834594726562,-0.0302294623106718,0.0346110872924327,-0.2148605436086654,-0.4736972749233246,-0.9393248558044434,0.1819484978914261,-0.0629787817597389,0.1376109272241592,-0.5495492219924927,0.0773554146289825,0.3990333676338196,0.2394121438264846,-0.1204172298312187,-0.0343516841530799,-0.6025769710540771,-0.1766440719366073,-0.5221533179283142,-0.0869409441947937,-0.2001602947711944,-0.1847722381353378,0.1021099090576171,-0.2839568257331848,-0.4356396198272705,0.0691074132919311,-0.1340977698564529,-0.4789541661739349,-0.0677442923188209,-0.0704328864812851,0.5955693125724792,-0.1120096072554588,0.5034266710281372,0.4221847057342529,0.2600983679294586,-0.282476395368576,0.2817046046257019,0.487569510936737,0.3008280992507934,0.0540202818810939,-0.1705782115459442,-0.0220259428024292,-0.1351057589054107,-0.2677259445190429,0.0610149316489696,-0.6938619613647461,-0.1240047886967659,-0.0449293702840805,0.2433164864778518,-0.3293831646442413,0.2824154198169708,-0.2802900969982147,-0.050543013960123,-0.0480194613337516,-0.6974805593490601,0.3621856570243835,-0.186056300997734,-0.3159201443195343,0.0936432480812072,1.1232609748840332,-0.3044705390930176,0.3986206948757171,-0.6243464946746826,0.4297222197055816,-0.0946053937077522,-0.4320188760757446,0.4253063797950744,-0.2564952373504638,-0.5731629729270935,-0.1995331346988678,0.5594104528427124,-0.8605560064315796,-0.8517721891403198,0.7521985173225403,0.0316954106092453,0.1146657839417457,0.1722393482923507,0.2203297615051269,0.3439126908779144,0.1820033937692642,-0.3973152339458465,0.2981396913528442,0.0717239156365394,-0.0453803241252899,0.6213529109954834,-0.547691822052002,-0.3270001113414764,0.1197584271430969,0.1090586930513382,0.2521000504493713,0.060041069984436,-0.5943869352340698,0.5301752686500549,0.1436663419008255,0.356762558221817,-0.1056319326162338,-0.5691098570823669,-0.5391380190849304,0.1870022118091583,0.2958047986030578,-0.1872135549783706,0.0966304689645767,0.3558715283870697,0.1035567373037338,0.6967304348945618,-0.1131389886140823,0.5107061862945557,-0.0445971302688121,-0.2875761985778808,-0.1721107810735702,-0.1586776822805404,0.6383427977561951,-0.5430346727371216,-0.2401546984910965,-0.6306242942810059,-0.1484814137220382,0.3846207559108734,-0.8772335052490234,0.1549317687749862,-0.3266439139842987,0.6349375247955322,-0.2287134975194931,0.5758288502693176,-0.507465660572052,-0.6152151823043823,-0.1733145117759704,0.1262280941009521,0.7106241583824158,-0.8495229482650757,0.0233728121966123,0.1522354930639267,0.0007958691567182,-0.1546593308448791,0.7762715220451355,0.4533135890960693,-0.0208476968109607,0.6053337454795837,-0.7553942203521729,0.1840923428535461,-0.1235842183232307,-0.0977719277143478,-0.4354102313518524,0.6226243376731873,0.0795721709728241,0.9358035922050476,0.179002583026886,-0.3639645874500274,0.2905438840389251,0.8882123231887817,0.1021220088005065,0.3869930505752563,0.6231674551963806,0.2506987750530243,0.5901870727539062,0.8353998064994812,-0.0245349071919918,0.6254921555519104,0.3349493741989136,-0.4877169132232666,0.1490896791219711,0.5924546122550964,0.5168889760971069,-0.0316922403872013,0.1873729079961776,-0.3480761051177978,-0.300012856721878,-0.1274639964103698,-0.3677489459514618,-0.5244307518005371,0.5279595851898193,-0.6383877396583557,0.0331762693822383,0.2402998059988021,0.0682033598423004,-0.0742740109562873,-0.1411427557468414,-0.3529611527919769,0.2400992959737777,-0.6403679251670837,-0.444272518157959,0.2436493933200836,-0.4155641198158264,0.1550244241952896,0.2128624022006988,0.2951393127441406,-0.1171310693025589,-0.1791588515043258,-0.4974051117897033,-1.40239155292511,-1.1121594905853271,0.201140746474266,0.2422089576721191,0.0974566042423248,0.1299090832471847,0.1414601802825927,-0.2572685778141022,0.0215118564665317,-0.0061117275618016,-0.0877538472414016,0.3592338562011719,-0.0725206136703491,-0.8138288259506226,-0.0657663121819496,0.4472335278987884,-0.0912438035011291,0.3201605081558227,-0.3822491466999054,0.2720367312431335,0.0585039779543876,-0.4547987580299377,0.3145098686218261,0.2304123640060424,-0.4066919684410095,-0.0803591907024383,0.4826646745204925,-0.2941773235797882,-0.5430424213409424,-0.927678406238556,0.1456206887960434,-0.3890388607978821,0.2608943581581116,-0.3139927685260772,0.3506138324737549,-0.2995033860206604,0.4876782894134521,-0.1009906381368637,-0.5688871145248413,-0.0237294547259807,-0.2468496859073639,-0.016034360975027,0.4771899878978729,0.0960796624422073,-0.2209601998329162,-0.721571147441864,0.1237160265445709,-0.8587709665298462,-0.3702521622180938,0.2084938287734985,-0.125054270029068,0.8561576008796692,0.3545325398445129,0.098218947649002,-0.1303649991750717,-0.0967959985136985,0.035430796444416,-0.485871285200119,-0.5665261745452881,0.0779870674014091,-0.2448350489139557,0.2387376874685287,-0.1702984273433685,-0.0843780785799026,-0.7326935529708862,-0.7162457704544067,-0.3566745221614837,-0.0507580563426017,-0.1114444211125373,-0.3715841174125671,-0.3268958330154419,-0.395800918340683,0.3832271993160248,-0.1375539153814315,0.6400394439697266,-0.3324882686138153,0.4136174321174621,0.0378613770008087,0.5311905741691589,-1.2227998971939087,0.2423387318849563,0.2643733024597168,-0.090776652097702,-0.2555358707904815,-1.0790878534317017,-0.3856020867824554,0.4622474610805511,0.1391490399837494,-0.3347684144973755,-0.1343449801206588,-0.0755908712744712,-0.3671323657035827,-0.1547251641750335,-0.1537169814109802,0.1455210745334625,-0.0318582169711589,0.4836118817329407,0.2976148128509521,0.1736702173948288,0.2587470710277557,-0.4899360239505768,-0.5400435328483582,0.0129702212288975,0.132869467139244,-0.1389400362968444,0.6009823679924011,0.0774345844984054,-0.0049581113271415,1.1982955932617188,-0.753678023815155,-0.1699552088975906,1.047492265701294,0.021575316786766,-1.3781263828277588,0.2430467307567596,0.5067936778068542,0.1910175383090973,-0.1753830164670944,0.8416633009910583,0.1722878515720367,0.2553046941757202,-0.4198486804962158,-0.4210230112075805,1.1585345268249512,0.2639740407466888,-0.5317935943603516,-0.2449529320001602,0.7173960208892822,-0.1825700849294662,0.460462361574173,-0.2998168766498565,-0.4181250631809234,0.3802643716335296,-0.3565736413002014,-0.097490444779396,0.0203913953155279,-0.3031749427318573,-0.7905824184417725,0.4337897896766662,-0.1926117241382599,0.5280560255050659,-0.7425007224082947,-0.2979576289653778,0.4027956426143646,1.205311298370361,0.6395196318626404,0.6795264482498169,-0.2822528779506683,0.0215375516563653,0.7731603980064392,0.0630646646022796,0.4176326096057892,0.1847046464681625,0.1459806710481643,-0.4251129627227783,0.9144890308380128,-0.1272546201944351,-0.4637171030044555,0.3191159069538116,0.5118274092674255,0.6511702537536621,0.0109212165698409,-0.2184841930866241,0.4718876779079437,0.0835557430982589,0.7722237706184387,0.9567552208900452,0.6269862651824951,0.0676405504345893,0.2783718705177307,-0.2525599300861358,0.7704999446868896,-0.5130504965782166,0.0404873602092266,0.1691445857286453,-0.0506784245371818,-0.4096050262451172,-0.7896668910980225,-0.0951197668910026,-0.190251737833023,-0.4232967793941498,-0.4163311719894409,-0.904510736465454,-0.8187723755836487,0.2476653605699539,0.4802009463310241,-0.7863510847091675,0.1253589242696762,0.2823011577129364,0.3999513387680053,-0.5533230900764465,-0.2056994438171386,0.2420236021280288,-0.4316062927246094,0.1183766797184944,0.1866742670536041,0.4331836402416229,-0.4527700841426849,0.0833026096224784,-0.4700226187705993,-0.2195780426263809,-0.930724024772644,-0.6145902276039124,-0.48273366689682,0.0883011817932128,0.2604240775108337,0.4405651688575744,0.1609053760766983,0.4128524363040924,-0.2534724175930023,0.0670503824949264,-0.1848768293857574,-0.4453849494457245,-0.1389960646629333,0.467279851436615,0.2476060837507248,0.631031334400177,0.1701588481664657,0.5189031958580017,0.0359810627996921,0.0001593940833117,0.0637744069099426,-0.0433488115668296,-0.3509524762630462,-0.3590390086174011,0.6874834299087524,-0.1527695059776306,-0.1093897968530654,-0.032236274331808,-0.0438390485942363,0.7215205430984497,-0.0634018927812576,-1.1009061336517334,-0.1578927338123321,0.3412964046001434,0.086253210902214,0.3658733069896698,0.3955022394657135,1.095646858215332,-0.2067486047744751,0.2040024846792221,0.5863773226737976,-0.0785374492406845,0.7585672736167908,-0.0316875278949737,-0.2848192453384399,-0.3171622157096863,0.1475665122270584,0.6658414602279663,0.0679170861840248,-0.1075601354241371,0.2487683594226837,0.4160451889038086,-0.2993917167186737,-0.1975582689046859,0.3300756514072418,-0.0990340039134025,-0.6717370748519897,-0.3461562693119049,-0.5350250005722046,-0.6363522410392761,-0.1347622871398925,0.3775000274181366,0.2809948623180389,-0.0043147327378392,0.4331027269363403,-0.6108114719390869,-0.6757115721702576,-0.4988411366939544,-0.949790060520172,0.3834239244461059,-0.204540878534317,0.566437304019928,0.56732177734375,0.051968615502119,-0.5260674357414246,0.2733159363269806,-0.1199569478631019,0.437942624092102,0.8928155899047852,-0.3022160828113556,-0.1618416905403137,0.4910007119178772,-0.1365165412425995,0.6803961396217346,-0.2313521206378936,0.173795685172081,-0.3022543787956238,-0.0317599214613437,-0.0861420556902885,0.1398086249828338,0.0332722030580043,-0.5364129543304443,0.8430767059326172,0.1158542856574058,-0.3748884499073028,-0.4092483222484588,-0.6426430344581604,-0.1108079925179481,0.4495895206928253,-0.7456057667732239,0.0217578317970037,-0.6096863150596619,0.1936643421649933,0.6532236933708191,0.8423157334327698,-0.693938136100769,0.4560171663761139,0.1893327087163925,0.0764791220426559,-0.1876739710569381,0.2293040305376052,-0.3870456516742706,-0.3213069140911102,0.0400711372494697,0.5270309448242188,0.1770189553499221,0.6846286058425903,-0.5615328550338745,-0.8350558280944824,-0.0550360083580017,-0.2283198535442352,-0.6278354525566101,0.3529067635536194,0.0703449323773384,0.2998480200767517,-0.5315501093864441,0.21905018389225,-0.7149791717529297,0.5290278196334839,0.3577248752117157,0.1506180614233017,0.0988623574376106,-0.747942328453064,-0.1628214567899704,-0.4417280256748199,-0.9568366408348083,0.463358998298645,0.4129658639431,-0.8096800446510315,0.0292298663407564,0.4387030601501465,0.5181941986083984,-0.6921684741973877,-0.5763434171676636,-0.3937412798404693,0.0918499454855918,0.4852310121059418,0.2012185007333755,-0.0292095225304365,0.0014059082604944,-0.3015966713428497,0.1659068763256073,0.5815778374671936,0.6984782814979553,0.6661532521247864,0.093969352543354,-0.0294664017856121,0.1551216542720794,-0.7050092220306396,0.0515378005802631,-0.2038450837135315,-0.1349681764841079,-0.0561633892357349,0.9253513216972352,0.5316236019134521,-0.4030947983264923,-0.1510088890790939,0.9344865679740906,0.4135709404945373,0.8285344243049622,-0.4161840379238128,-0.179562360048294,-0.4568018615245819,0.4439434111118316,0.1185143068432807,-0.2827330231666565,-0.0111502949148416,-0.1118798106908798,-0.3399610817432403,-0.2813072800636291,-0.3189838528633117,0.275723248720169,0.0629651471972465,0.2881417572498321,0.1762231439352035,-0.262073814868927,0.4365310370922088,-0.249325543642044,-0.4775751829147339,-0.189346969127655,0.4378216862678528,0.1738985180854797,0.7869111895561218,0.2153527587652206,0.2706262767314911,-0.3228563368320465,-0.9982818961143494,-0.3618471026420593,0.3107124865055084,0.3703764379024505,0.7742481827735901,-0.7681684494018555,-0.5580154061317444,0.1159905046224594,0.2893818616867065,-0.0541180036962032,0.0931880623102188,-0.9020599722862244,-0.3801321387290954,0.1893595606088638,-0.6947675943374634,0.3493660092353821,0.2778467833995819,0.1849676221609115,-0.2186990082263946,-0.4491661489009857,0.0659638345241546,0.5699921250343323,-0.1784543246030807,-0.5488167405128479,0.3589185774326324,-0.0475102439522743,-0.0517831854522228,0.153852641582489,0.1201682537794113,-0.0557288192212581,-0.0342426635324955,0.1678056418895721,-0.4462345242500305,0.0553899183869361,-0.2601107358932495,0.395022451877594,0.0024176747538149,0.2881033718585968,-0.1590177863836288,-1.040870189666748,0.0851010456681251,-0.0117336260154843,-0.4974397718906402,-0.3010345697402954,-0.2175718694925308,-0.3181649446487427,-0.0154365450143814,-0.1197224855422973,-0.2467281967401504,0.3238625824451446,-0.317559152841568,0.5852050185203552,-0.12265095859766,-0.6328884363174438,0.3056196570396423,0.3998624980449676,-0.3827398121356964,-0.8353005051612854,0.3577028810977936,0.4121659100055694,0.4390000700950622,-0.0357071831822395,0.0517107285559177,0.1340836137533188,0.3389334678649902,0.4900949597358703,-0.6081032156944275,0.5324382781982422,-9.796019554138184,-0.3710661232471466,-0.6012843251228333,-0.3195273876190185,-0.3207091391086578,-0.058256696909666,1.07630455493927,0.0674293786287307,-0.1247841790318489,-0.1629563421010971,-0.0872951075434684,-0.0150995729491114,0.490367978811264,0.8817635178565979,-0.6942055225372314,-0.5374621152877808,-0.071591280400753,-0.3044888377189636,-0.4261961579322815,-0.1006945148110389,0.0400756448507308,-0.2514041364192962,1.0619125366210938,-0.0617653802037239,-0.338840126991272,-0.3505962789058685,0.1020156890153884,-0.0128545742481946,-0.2467370778322219,0.8902862668037415,-0.7341428995132446,1.4908009767532349,0.1811008304357528,-0.095840536057949,-0.2637326717376709,0.078388825058937,-0.0842657387256622,0.383993536233902,-0.6185378432273865,0.5441694855690002,0.1768823564052581,1.0294491052627563,-0.2234426140785217,-0.123551994562149,0.535986065864563,-0.0185154695063829,0.4372779726982116,0.1871225237846374,0.2563006579875946,-0.169576495885849,-0.1905618011951446,-0.4083457291126251,0.147109717130661,-0.1906646192073822,0.1804751604795456,-0.1623864918947219,0.6506508588790894,-0.6856341361999512,0.0207714401185512,0.0801436305046081,0.5251412391662598,-0.1489992588758468,0.5699613690376282,0.6552631258964539,-0.4029736816883087,0.0719710811972618,0.2270816564559936,0.0152651006355881,-0.5923919677734375,-0.2474207729101181,0.2751559019088745,0.0559971444308757,0.0935863703489303,0.3795277774333954,-0.3104695081710815,0.5262947082519531,-0.1554690450429916,-0.3090550303459167,0.7421126365661621,0.3248776197433471,1.0074902772903442,-0.1159013956785202,-0.0603499189019203,0.1926866769790649,-0.8887192606925964,0.4231337010860443,-0.1655093878507614,0.3203942477703094,0.579544723033905,-0.6267620921134949,1.0005608797073364,0.0516397580504417,-0.056191861629486,0.2780204117298126,-0.0257949437946081,-0.1430043429136276,0.6821844577789307,0.556321382522583,0.535772442817688,0.1373044699430465,-0.8005919,-0.2151755,0.9323644,0.9523886,-0.96748805,-0.39744684,-1.1446549,0.34145752,1.0659095,-0.116329975,0.9513744,-0.03544341,-1.536977,2.2502642,-0.84943813,0.33508658,0.7464044,-0.78691065,0.14561757,-0.26243293,0.7140098,0.25746223,0.87928826,-0.75379866,0.86164993,0.717452,0.7494898,-0.30261305,-0.58923525,-0.83238673,-0.13071124,-0.81122947,-1.1673023,-0.5208008,0.024574928,-0.9264398,-1.2835375,1.5147767,-0.3107557,-0.84423274,-0.8129249,0.8396377,0.1209546,0.033401154,-0.65975296,0.20206355,1.9902396,-0.7359682,0.69732136,-0.617154,-0.7626219,-0.5466579,0.6118613,0.94591254,0.7404776,-0.46054956,1.2625061,0.75664485,-0.13192318,-0.35059166,0.17610627,0.6748033,-1.0589617,-0.26231846,0.16545768,0.733301,-0.19089188,-0.14727202,-0.3423979,-0.6242907,-2.6980703,-0.8367254,-0.16310316,1.1815897,-1.2344563,0.7289799,0.07173593,-0.56402546,0.1459962,0.18598637,0.26881263,-0.18787967,-1.0651959,1.4627812,-0.9174139,-0.80063254,-0.37209263,-0.49300835,-1.2483258,-0.21984218,-0.040532175,-1.5492555,-1.0440916,-1.3185452,1.3534272,0.014192059,-0.984104,-0.7640835,-1.288322,0.053509116,0.15508096,1.2371681,0.10304759,-0.18879773,-0.769302,-0.13530771,-0.5623008,-0.6608941,-0.6269483,0.8143244,0.028836884,0.1853263,0.56470084,1.4113845,0.49653384,0.73982656,-0.8545514,-0.84237576,-0.39330205,0.06352155,1.086103,0.37304485,-0.8739365,0.45366248,0.15176833,1.0466918,0.31377947,-1.1094218,0.7041481,0.35249618,0.4096071,-0.29012874,1.9132934,0.83142495,-1.0747795,-0.24602214,-0.2804319,0.30743492,0.37498626,-1.0550454,-0.42755967,0.0802343,0.062472127,-0.088588595,0.32077596,-1.1410931,-0.26174936,0.83540004,1.1271732,-0.018874027,-0.11312571,-0.4014059,-0.9325739,0.7382284,0.8938278,-0.101328634,-0.20127417,0.08562896,-1.4329221,0.88535553,0.01268014,1.6177719,-0.90909266,0.6953389,0.15076685,0.96552444,-0.917039,0.704478,-0.85530275,-1.7917241,-0.46742278,0.12581396,0.44990185,-0.05909468,0.77068,-0.0991468,0.621516,0.30081177,-0.79212165,-0.45415735,0.6695343,1.2015676,0.21083678,1.0418197,-0.55383855,0.45975572,0.8951366,0.15608,0.4030876,0.25780517,1.0756831,-0.42531827,1.020112,0.68384266,1.0034965,2.6866648,0.8570118,-1.705532,-1.2606544,0.60797745,-1.8776985,-0.7030697,0.9691166,-1.1188481,1.1744529,-0.8199968,-1.0256523,1.8378438,0.45523882,-0.02987534,-1.1890042,-1.2969522,1.0201923,0.9261935,-0.41120642,-0.14017166,-0.88597256,0.1845518,-0.29172584,-0.43611944,0.7346188,0.5620294,0.11342365,1.053926,-1.17844,0.065797836,0.51918596,0.47715026,0.527931,0.51136285,-0.86094385,0.3723152,0.2664215,-0.2642599,-0.58862686,0.44838554,-0.3229659,0.5610969,-0.33928302,0.5934315,0.5473163,-0.69666535,0.054796364,-0.17637901,0.47769168,0.634425,1.6772844,-0.09206653,-1.3587651,-0.2700788,0.48432186,0.9555528,0.2883759,0.35992077,0.63607955,1.2518983,-0.67812866,0.05178766,-0.44585475,-0.5955786,-0.29378137,0.6605539,0.20739426,0.26405618,0.38051108,-0.49399164,-0.7963733,-0.11152246,-0.20216487,-0.6180454,-0.8886219,-0.874674,-0.8680798,0.12606157,0.40110037,0.25967062,-0.6775088,-0.78133583,-0.9743375,0.48050025,0.5271315,-1.693045,-0.43474492,-0.17458016,-0.75528264,0.49616328,-0.0097767,-0.2871678,0.5404118,0.70647424,-1.6249325,0.7456894,0.32404393,0.8659048,1.4019452,0.25744277,0.71771944,-0.6427241,0.48872328,-0.7062334,0.62410456,1.0996627,-1.4675943,0.7503904,-0.306927,-0.15886086,0.80035365,-1.213972,-0.26490667,-0.8852435,-0.08089187,0.2681734,-1.0799562,1.8998402,-1.9985974,1.5521241,-1.3686837,-0.66174275,-0.83483356,-0.2447562,-1.0071491,0.45021132,0.24440297,0.18174537,0.74544674,-0.077317245,0.10748596,0.250378,0.34652618,0.93724924,-0.527163,0.5702559,-0.4745016,-1.5950332,-0.14576244,0.5931391,-1.3689606,-1.5595554,-1.2075006,-0.46525958,0.29183552,-0.11667647,-0.13684212,0.86836165,-0.060789194,0.516888,-1.1132627,-0.51959366,0.012637333,-0.39521453,1.056732,-0.19073392,1.3035686,-1.390483,-0.4212669,0.4841399,-1.6767993,-0.10481227,-0.4717849,2.1396613,0.7177945,0.60567296,0.5817747,0.3297815,-0.52216035,-0.40224397,1.1280228,0.29441786,1.8224624,-0.033060018,-0.42598388,1.165222,0.06670293,0.35013372,-0.4048877,-0.30255115,1.7009212,-0.064746045,-0.60380673,-0.30256838,-0.34885666,-0.118806146,-0.19742922,0.47805822,0.093013674,-0.33644858,0.60534704,0.65579605,-0.9174463,-0.9062963,-0.50737524,0.4635234,1.1812565,1.4613873,1.3716022,-0.08981602,-0.87298757,-1.6403089,0.31745335,1.1058885,0.49914607,0.16001078,-1.404698,0.25960413,0.24528666,0.18419252,-1.4267578,-1.6326625,1.81319,0.40291423,0.42894295,1.5149415,-0.746925,-1.4300387,-0.40938422,0.5429476,-0.15078606,-1.056644,-0.638546,0.33705625,-0.7484096,0.962387,1.1116457,0.22273783,-0.059074033,-0.1909644,0.4982194,0.35914674,-0.6142276,-0.51073915,-0.03878918,0.48181438,-1.2676281,-0.23949128,0.5026179,-1.9362677,0.7827518,-0.3169431,-0.27972507,-0.118361324,-0.3556309,-0.72861713,-0.40267304,0.19653335,-1.0214937,-0.7136273,0.15046097,-1.2872766,-1.8677096,0.70848584,1.4069213,-1.0009135,1.0088115,0.19149707,0.04335,0.3761442,-0.1309702,-0.57108027,0.23396382,-0.40790567,-0.4094741,-0.20537138,-1.2938042,-0.32105303,0.9971016,-1.4528543,-1.3088442,1.0701404,0.6555352,-1.4898064,-0.6924827,-0.13424584,-0.04375017,0.85492384,0.66087705,-0.01986936,0.005267631,-1.0455569,-0.13204454,0.23045516,0.80276656,-0.23362368,-0.0898879,0.35312817,-0.26597154,0.5150535,1.4808488,0.11747071,0.7199414,1.0263244,0.17119263,-0.45485818,0.86209685,-0.18067075,0.0043701637,0.788047,-1.381512,-1.0317585,1.374316,-0.19303483,-0.9612164,-0.09418163,0.4888627,0.17456253,0.117891304,0.14442348,0.8009042,1.7183067,0.94924676,1.4861774,-0.1636516,-0.45434472,-0.53970194,0.39224786,-1.0606147,-0.6101851,0.30495054,0.852051,1.9400824,-0.42719525,-0.112323046,0.89728254,-0.6049764,-1.0808419,0.48431504,0.14913802,-0.9513157,-0.4075489,0.5310821,-1.2180508,0.49583414,-1.7910784,-0.47461385,0.65098196,0.9830633,-0.62231404,0.1816161,0.377649,0.24432713,-1.1273097,-0.032619968,1.2092313,1.6415867,-0.15852636,-1.0034915,0.3107769,-0.40439433,-1.369672,-0.15622665,-0.9285463,-0.48694047,0.043988243,-0.3632787,-0.16870405,-0.6807601,-0.60926694,1.5541829,0.05734806,-0.24680252,0.34981698,-0.79140717,1.373116,-0.48979804,-0.5564994,1.1429642,0.9781861,-1.7033662,0.5711543,-1.3352088,0.6567187,-0.71324736,0.788616,0.880254,0.66218084,-0.3099422,1.3886303,-0.25097448,-0.5301151,0.15342197,0.42788485,-0.37423125,0.42062604,-2.0989811,1.0012518,-1.1228971,-0.8686615,0.018883163,0.55952907,-0.72408867,0.116654485,-0.5125393,0.6227937,0.18577522,-0.94273466,0.94187087,1.7954904,-0.16316247,-0.96276724,0.8843147,0.40475896,-0.25015056,-0.14567432,2.568448,0.35308212,0.62751526,-0.92394274,-0.55707955,0.32217032,-0.13790156,-0.62621194,-0.40550023,-0.46625674,-0.2430028,0.24621572,-0.4134659,1.1683285,-0.8814507,0.29218742,1.0175939,-0.56853884,-0.12087148,0.46530345,-0.5109859,-1.0696732,-1.2711825,0.66184616,0.49798155,-0.64296144,0.15018727,0.7471468,1.4165483,0.7055283,-0.39620018,-0.8722439,0.7331981,0.8445591,0.8745739,-1.1855184,-1.136122,0.3440794,1.5274452,-0.5757879,0.9087502,0.15795341,-0.5368572,-2.0953577,0.9340386,0.34800977,0.087105356,1.0301274,0.37502873,-0.07598535,0.48506203,0.10987986,0.1363336,0.03417169,-0.57997787,0.076316684,0.04789754,-0.9457556,0.2210616,-0.7498344,-0.1370356,0.09137247,0.64252883,-1.1418916,0.35070425,0.35643503,0.8259981,0.4443147,-0.03633118,-1.295033,-0.5911259,-0.69343907,1.4542335,0.99784124,0.100059725,-1.3933134,-0.324602,1.0562494,0.49839333,-0.34458807,0.31525984,0.18769759,-0.62309307,-0.065759115,-0.91203475,-0.7873849,0.5354517,0.4534394,-0.7830866,0.98654044,-1.9336187,0.8970207,0.13448682,-0.9545027,-0.09594588,0.32167378,-0.64659196,1.9778037,1.2841092,0.06306812,-0.17303054,0.7999754,0.8038706,-0.22291662,-0.5928861,-1.2471864,0.7850508,1.4250618,0.67840284,-1.1065704,-0.031018669,0.219544,-0.3439752,1.5820107,-0.74744946,-0.8429586,-0.61044675,-0.50846577,-1.2085704,-0.35764074,-0.43393743,0.12749352,-1.1332135,0.13877812,-0.4681611,-0.60729,0.4360391,-0.6786023,-0.0912605,-0.0012146668,0.94360507,0.5071941,0.74430823,0.51864797,-0.5607383,-0.13107532,-1.0093589,-0.6115065,0.59314895,-0.8652057,0.4590542,0.42878687,0.97948146,1.5023509,0.18443117,-1.1218078,0.56575054,0.18111156,0.4615741,0.18135287,-0.5476706,-0.19656211,0.19538218,0.14551996,1.1541629,-1.2131985,-0.31258458,0.021560756,0.37202922,0.209377,0.5485208,0.44384912,0.53780276,1.4472562,0.7539313,-0.26078627,,,,,,,,,,,,,,,,,,,,,,,,,,,,,,,,,,,,,,,,,,,,,,,,,,,,,,,,,,,,,,,,,,,,,,,,,,,,,,,,,,,,,,,,,,,,,,,,,,,,,,,,,,,,,,,,,,,,,,,,,,,,,,,,,,,,,,,,,,,,,,,,,,,,,,,,,,,,,,,,,,,,,,,,,,,,,,,,,,,,,,,,,,,,,,,,,,,,,,,,,,,,,,,,,,,,,,,,,,,,,,,,,,,,,,,,,,,,,,,,,,,,,,,,,,,,,,,,,,,,,,,,,,,,,,,,,,,,,,,,,,,,,,,,,,,,,,,,,,,,,,,,,,,,,,,,,,,,,,,,,,,,,,,,,,,,,,,,,,,,,,,,,,,,,,,,,,,,,,,,,,,,,,,,,,,,,,,,,,,,,,,,,,,,,,,,,,,,,,,,,,,,,,,,,,,,,,,,,,,,,,,,,,,,,,,,,,,,,,,,,,,,,,,,,,,,,,,,,,,,,,,,,,,,,,,,,,,,,,,,,,,,,,,,,,,,,,,,,,,,,,,,,,,,,,,,,,,,,,,,,,,,,,,,,,,,,,,,,,,,,,,,,,,,,,,,,,,,,,,,,,,,,,,,,,,,,,,,,,,,,,,,,,,,,,,,,,,,,,,,,,,,,,,,,,,,,,,,,,,,,,,,,,,,,,,,,,,,,,,,,,,,,,,,,,,,,,,,,,,,,,,,,,,,,,,,,,,,,,,,,,,,,,,,,,,,,,,,,,,,,,,,,,,,,,,,,,,,,,,,,,,,,,,,,,,,,,,,,,,,,,,,,,,,,,,,,,,,,,,,,,,,,,,,,
オ,0.5296596884727478,0.2130906283855438,0.4559382796287536,-0.3788235783576965,0.0963736400008201,0.229296863079071,0.2386744916439056,0.2548413276672363,-0.0763473808765411,-0.5995948910713196,0.3987560868263244,-0.4263967275619507,0.4475667774677276,-0.2476707696914672,0.6969519257545471,-0.0656861960887909,0.0709809884428978,-0.1644545197486877,-0.0108748702332377,-0.3702743947505951,-0.7576481103897095,-0.413432627916336,0.3180697858333587,0.3614082336425781,0.053830225020647,-0.3144461810588836,0.024836154654622,0.22332763671875,-0.1629917174577713,0.0653100684285163,-0.163625493645668,-0.366718590259552,-0.2875009775161743,-0.143985703587532,-0.1412046998739242,0.7164433598518372,0.0447980128228664,-0.334321528673172,-0.048272281885147,-0.4448588788509369,0.2024504095315933,-0.0392537266016006,-0.0778143554925918,-0.4906745254993438,-0.4244580864906311,0.3569748103618622,0.1421144604682922,0.4508043527603149,0.3910716772079468,0.065802477300167,-0.2395339757204055,0.3987994194030761,0.2064034640789032,0.0377097837626934,0.5504782795906067,-0.1333968788385391,0.3774928748607635,-0.541711688041687,-0.0768055692315101,0.2613519728183746,-0.3717130422592163,-0.2485538125038147,0.521899402141571,-0.136066272854805,0.0811342075467109,0.026225758716464,-0.2150810807943344,-0.1482564061880111,0.0450063794851303,-0.7747994661331177,-0.2178253978490829,0.2925040125846863,0.3747594952583313,-0.3835846185684204,0.6918500065803528,-0.3065555095672607,0.2237822115421295,0.1153149232268333,0.2371601611375808,-0.2251027226448059,-0.3462476432323456,0.2766848802566528,0.2552945911884308,-0.7245570421218872,0.0226185377687215,0.0493616014719009,-0.4940282702445984,-0.9880563616752625,0.452703058719635,-0.3511286675930023,-0.0228992886841297,0.0741178765892982,0.2153235077857971,0.2377034276723861,0.0652189552783966,0.1718862056732177,0.1264184862375259,-0.2441621720790863,-0.2346249967813491,0.2505479454994201,0.0868691354990005,0.4093315303325653,0.32750204205513,-0.1709804832935333,-0.2634230852127075,0.0760699585080146,-0.1548914760351181,0.2174850106239318,0.2510367929935455,0.0809057801961898,-0.3745799660682678,-0.2978120148181915,-0.4654948711395263,0.2725546658039093,-0.0209189262241125,0.1435899883508682,-0.198187306523323,0.3388965129852295,-0.4349301159381866,0.6078699827194214,-0.2538466453552246,0.7915907502174377,-0.0356875881552696,0.3047783374786377,0.2150291949510574,0.5052955746650696,0.0175789315253496,-0.0272460542619228,-0.1284803003072738,-0.2572053372859955,0.0357783772051334,-0.0579200908541679,-0.6814077496528625,0.0921545028686523,-0.2537298202514648,0.9225340485572816,-0.0114336526021361,-0.0479016825556755,-0.136097177863121,-0.4668779373168945,-0.1524674445390701,-0.1324257403612136,0.2752945125102997,-0.4046907126903534,-0.1197020336985588,0.1626258939504623,-0.2094656676054,-0.4744023382663727,0.4888186752796173,0.3426395952701568,-0.391703337430954,0.8269580006599426,-0.7304170727729797,0.0575210861861705,-0.0262061338871717,0.3646568357944488,-0.7473659515380859,0.1510887295007705,0.0498598143458366,0.5594866871833801,0.0929848328232765,-0.4336896538734436,0.1997489929199218,0.3209051787853241,0.1022119894623756,0.4263670146465301,0.4947990477085113,0.234954759478569,0.1953546553850174,0.4709454476833343,0.0561673045158386,0.4962971210479736,0.0458567067980766,-0.2137681096792221,0.4985187947750091,0.2918106913566589,0.1293936520814895,0.2646268904209137,0.0680747330188751,-0.5479270219802856,-0.0365224033594131,-0.1630211323499679,-0.0103595312684774,-0.1495637893676757,0.4607514441013336,-0.16131691634655,-0.0502539128065109,0.1145083829760551,-0.2079464346170425,0.1704038232564926,0.0367571040987968,-0.262583464384079,0.3753058016300201,-0.6912090182304382,0.0999286249279975,-0.3194076120853424,-0.3274402320384979,-0.3803856372833252,-0.302856832742691,0.3924706578254699,0.0625739246606826,-0.0227741338312625,-0.1504396349191665,-0.1841774731874466,-0.8772600889205933,-0.3443240523338318,0.072902612388134,0.655198872089386,0.360122412443161,0.2266106456518173,0.0718065351247787,0.2478867173194885,0.4675061106681824,0.0748334527015686,0.1430813670158386,-0.0019422065233811,-0.2316767424345016,-0.1867131143808365,0.1263024359941482,-0.1210856661200523,0.4201357662677765,-0.0982303693890571,0.3487502336502075,-0.0542345009744167,-0.406590849161148,0.2436564266681671,0.0867293998599052,-0.3940061628818512,0.0503381453454494,0.7268115282058716,-0.2607754468917846,-0.6348714232444763,-0.4985277056694031,-0.0947990268468856,-0.6508302092552185,0.0662958398461341,-0.268383651971817,0.2855084538459778,-0.349700003862381,0.112674169242382,-0.1744929105043411,-0.4754193425178528,-0.1815786063671112,-0.2118682861328125,0.0328344888985157,0.1429506987333297,-0.0228110589087009,-0.1918207108974456,-0.51520836353302,-0.035258699208498,-0.3487142920494079,-0.4789979457855224,-0.0031026471406221,-0.5512425303459167,0.4469566941261291,0.2267684787511825,0.519576370716095,-0.0401957146823406,0.2230084687471389,-0.021178001537919,-0.0647084936499595,-0.8502422571182251,-0.1223883181810379,-0.082101322710514,-0.5005362629890442,-0.0289797261357307,0.0161732789129018,-0.4629672467708587,-0.3051377236843109,-0.4279847145080566,-0.0537696257233619,-0.4275308847427368,-0.4585559368133545,0.0507671535015106,-0.0609349831938743,0.121000550687313,-0.1441505849361419,0.4983959794044494,-0.4443674683570862,0.157625675201416,-0.6233783960342407,0.1977990418672561,-0.6939910650253296,-0.2582651376724243,0.0102615738287568,-0.2509933710098266,-0.385790079832077,0.1677277833223343,-0.4675479829311371,0.3769758343696594,0.3340494334697723,0.0589170567691326,-0.4295046031475067,-0.0234155897051095,-0.379841536283493,0.1281551122665405,0.2171487510204315,0.7272565960884094,0.2176287770271301,-0.0618875958025455,0.1726910173892974,0.4014920890331268,0.1911408603191375,0.1473643630743026,-0.1017887517809867,-0.2969529330730438,0.0840102732181549,0.055018100887537,0.6373216509819031,0.1061175316572189,-0.0175985414534807,1.0461182594299316,-0.3499410450458526,0.2470925748348236,0.49268639087677,0.2864406108856201,-1.7427469491958618,0.0124134626239538,-0.1290074437856674,0.0475340001285076,-0.2400045990943908,0.28074511885643,-0.0035546065773814,0.137170597910881,-0.459278792142868,-0.5403351783752441,0.9039117693901062,0.2878541350364685,-0.0093382988125085,-0.5122708082199097,0.3493413031101227,-0.2350283712148666,0.0298427008092403,-0.4780119359493255,0.2126775383949279,0.4782304167747497,-0.4107668399810791,0.0539882034063339,-0.1659918874502182,-0.537499725818634,-0.083966925740242,0.1677630394697189,0.1615692526102066,0.247225672006607,-0.5302152037620544,0.1380523741245269,0.3138780891895294,0.4008596837520599,0.7858495712280273,0.3039855659008026,-0.0616408102214336,0.0577767044305801,0.4450687170028686,0.1350419074296951,0.4254122972488403,-0.2856252193450928,0.1758316755294799,-0.0475820116698741,0.8534377217292786,0.0125897396355867,0.0911166295409202,-0.0015497871208935,0.1213041767477989,0.2295670956373214,-0.081953153014183,0.3548986315727234,0.1464321017265319,0.0478751249611377,0.1907066702842712,0.5322242379188538,0.5807309746742249,0.1449556350708007,-0.2838995158672333,-0.3661825656890869,0.0364569164812564,-0.321286529302597,-0.6244051456451416,-0.3386206030845642,-0.3438629508018493,-0.1222211271524429,-0.4495676457881927,0.2929139733314514,-0.0296255443245172,-0.5183850526809692,0.0549229495227336,-0.3556650280952453,-0.4252268970012665,0.3321499228477478,-0.0532559305429458,-0.7333111763000488,0.5861435532569885,0.2217282354831695,0.2881442606449127,-0.5338570475578308,-0.6530799865722656,-0.0423921756446361,-0.2733902633190155,-0.3039427995681762,0.1676573008298874,-0.3308295905590057,-0.0540301539003849,0.3473367393016815,-0.0784889757633209,-0.0932381302118301,-0.3437794744968414,-0.2950970530509949,-0.7089868783950806,0.1887605041265487,-0.0504166632890701,0.3232135474681854,0.0219684243202209,0.2221865206956863,0.2203065305948257,0.0448722839355468,-0.2711859345436096,0.0839256197214126,-0.3249978721141815,0.5804333090782166,0.3907267451286316,0.1664255708456039,0.581920862197876,0.4442465603351593,0.2811322212219238,0.5245891809463501,0.0202089324593544,0.0134099787101149,-0.610522449016571,-0.3011751174926758,0.7100160717964172,-0.0379120931029319,0.2432178258895874,-0.107879638671875,-0.0181926805526018,0.6090810298919678,-0.0324829034507274,-0.5741919279098511,0.0005142665468156,0.0738754346966743,-0.1841550320386886,0.262513518333435,0.6575903296470642,0.8228428959846497,-0.0232491437345743,0.0209028869867324,-0.140678659081459,-0.1875307261943817,0.3151618540287018,-0.1306444257497787,-0.1179750114679336,-0.2945268750190735,0.0095409927889704,0.2994397580623626,0.6596575975418091,0.2006724327802658,0.6231606602668762,0.3094731569290161,-0.3437167704105377,0.2674251198768616,0.435273140668869,0.4795292615890503,-0.2945265173912048,-0.2899815738201141,-0.3539811670780182,0.0258303135633468,-0.3896693289279938,-0.0662572011351585,0.6731356978416443,-0.1594995409250259,0.1768974959850311,0.0076765068806707,-0.6110824346542358,-0.6220504641532898,-0.3782775104045868,0.1608152389526367,-0.0992601439356803,0.1433831602334976,0.2025719732046127,-0.0135760903358459,-0.4930251836776733,0.1857774257659912,0.0561464726924896,0.2988999783992767,0.5034912824630737,-0.1536019593477249,-0.0901676565408706,0.0035907886922359,0.0382498726248741,0.0676893964409828,-0.1810710877180099,0.0458883009850978,-0.2628243565559387,-0.4944120943546295,0.0162131208926439,0.1840128451585769,0.2542142868041992,-0.1465330421924591,0.6534149646759033,0.1324674189090728,-0.5132039189338684,-0.565060019493103,-0.237240582704544,-0.2221661806106567,-0.0452727153897285,-0.4980322420597076,-0.0901912376284599,0.0443757846951484,0.3667648136615753,0.0876772403717041,0.2802462577819824,-0.3576146960258484,0.0792291760444641,0.2387515604496002,0.6340348720550537,-0.1300701349973678,0.2300144582986831,-0.1985842436552047,0.0217490531504154,0.0881654992699623,0.0755990594625473,0.0594925098121166,-0.1432090848684311,-0.536220908164978,-0.6978509426116943,-0.3783296048641205,-0.1789586842060089,-1.0786592960357666,0.5394381880760193,0.1386258453130722,0.2410538047552108,-0.4676302969455719,-0.4629960358142853,-0.147763043642044,0.3010770082473755,-0.115580216050148,0.4248737096786499,-0.2177674025297165,-0.5781479477882385,-0.0497000403702259,0.1251947283744812,-0.6601473689079285,0.9405031204223632,0.2545405626296997,-0.4916508197784424,-0.3954956829547882,0.387395292520523,0.1958344131708145,-0.2218459993600845,0.1072808057069778,-0.1325920820236206,-0.5393648147583008,0.1550326347351074,-0.3469339609146118,0.3210111856460571,-0.1543601602315902,-3.526743239490315e-05,-0.1246603056788444,0.5851903557777405,0.3443279862403869,0.2443006783723831,0.0775589197874069,-0.2279006391763687,-0.2089708745479583,-0.2480691522359848,0.3257020711898803,0.1407943069934845,0.3850536048412323,-0.1766823679208755,0.3162503838539123,0.5831259489059448,-0.8466090559959412,0.0867414474487304,0.7604172825813293,0.4110320210456848,0.444315493106842,-0.1525647640228271,0.03209038823843,-0.8170374035835266,0.1355699896812439,0.1418216824531555,-0.0172215569764375,0.4570207893848419,-0.0356507040560245,-0.1375111788511276,-0.4097650349140167,-0.0168074183166027,0.4003950655460357,0.1728287488222122,0.0364892520010471,0.4355419874191284,-0.1556229144334793,0.5133227705955505,0.3383309543132782,-0.2615169286727905,-0.3602937161922455,0.0543467439711093,0.4090258181095123,0.7752847075462341,0.1817598491907119,0.3601688146591186,-0.7150218486785889,-0.6305393576622009,0.3012827634811401,0.0831094086170196,0.3051785230636596,0.5014293193817139,-0.2748686373233795,-0.0627902820706367,0.6112644672393799,0.2978948354721069,-0.0707817524671554,-0.3294468224048614,-0.4165408909320831,-0.1707163900136947,-0.2366679608821869,-0.5008911490440369,0.2017518132925033,0.0845913216471672,-0.0467947907745838,0.2117699682712555,0.0154199143871665,0.0983888357877731,0.5822260975837708,0.0028719732072204,-0.305047333240509,0.2047902196645736,0.0614336542785167,-0.0901422724127769,0.0808300226926803,-0.2235193252563476,-0.2465935945510864,-0.0241717658936977,0.2415190041065216,-0.1573673337697982,0.2025086134672165,0.0340979881584644,0.1619161665439605,0.3305917084217071,-0.4448821544647217,-0.1901049017906189,-0.314644455909729,-0.3174638450145721,-0.1307286322116851,-0.6577920317649841,-0.3597747385501861,-0.0309588555246591,-0.0471150875091552,-0.1592544317245483,-0.05937360227108,-0.4678713381290436,-0.2325161099433899,-0.4492211043834686,0.2522855401039123,-0.1734455525875091,-0.8417651653289795,0.3823029398918152,0.2627186775207519,-0.1252967417240142,-1.1999207735061646,0.247536301612854,0.1704616248607635,0.2441152334213256,0.1721053123474121,0.704698920249939,-0.3422385454177856,-0.2607019543647766,0.0875810459256172,-0.2855316996574402,0.2547450661659241,-10.516351699829102,0.1059780791401863,-0.4225786030292511,-0.3998930752277374,-0.3504877388477325,0.3931498527526855,0.6256321668624878,0.5662823915481567,-0.1955859363079071,0.1214233934879303,-0.0340548641979694,0.0915949419140815,-0.0144770285114645,0.6837878823280334,-0.5207838416099548,-0.3065536618232727,-0.2305571138858795,-0.0215277168899774,-0.0403221026062965,-0.2391912043094635,0.1143146902322769,-0.284472644329071,0.5086359977722168,0.7366798520088196,0.5462241768836975,-0.4084236323833465,-0.2611879706382751,0.0024734144099056,-0.2027534991502761,0.5919749736785889,-0.6013648509979248,0.5325713157653809,0.0364352501928806,0.3010843992233276,-0.1525362879037857,0.2529691159725189,-0.4028312265872955,0.6683297157287598,-0.0390014834702014,0.4041423201560974,0.3153025507926941,0.4241274297237396,-0.025679500773549,-0.0304168835282325,0.1748992651700973,0.2391737103462219,0.469064712524414,0.0111696710810065,0.5418323874473572,-0.2422156333923339,-0.1271032989025116,0.1338433921337127,0.0682288780808448,-0.0943486765027046,0.4556112885475158,-0.0305458642542362,0.6394035816192627,-0.6745585203170776,-0.031642060726881,0.0643760710954666,0.3380284905433655,-0.0773757696151733,0.3833673596382141,0.444365918636322,0.30074143409729,0.4105566740036011,0.5217416882514954,0.3653739690780639,-0.9130431413650512,-0.2377991825342178,0.1625676453113556,0.471616268157959,-0.0950486809015274,0.3251329064369201,-0.2567318379878998,0.3133965134620666,0.3614666759967804,-0.2959363758563995,0.0550640672445297,-0.0280053783208131,0.2839506864547729,-0.3029759228229522,0.0833558365702629,0.2407184094190597,-0.621874213218689,0.0487202405929565,-0.0832330659031868,-0.04812478646636,0.259869247674942,-0.4461257457733154,0.2382365614175796,0.0838035121560096,-0.5344372987747192,0.5065318942070007,0.4480125904083252,0.0181824807077646,-0.121032990515232,0.2265196144580841,0.4854059219360351,-0.0247120037674903,-0.57574993,-1.7887154,0.98745763,2.045735,-0.26227403,-0.28198743,-1.4842975,-0.12415911,0.97678226,-0.8103465,0.58289355,0.95935404,-1.6368182,2.0057817,-0.93622375,0.52096534,0.8607639,-0.008312643,0.714253,-0.9233686,0.19060479,0.5022819,0.43356758,-0.45199925,0.3101332,1.5342762,0.3660917,-0.49336767,-1.5365703,0.18864244,-0.0824064,-0.7302114,-1.1711185,-0.9075538,0.13099337,-2.3392813,-0.7654376,0.935306,0.60250366,-0.03690903,-0.9917836,0.44624504,-1.2483114,-0.0082604885,-1.1912465,0.047277577,1.9634875,0.37114275,0.64155275,-0.0010480285,-0.16980413,-0.14470024,0.26016048,0.45442376,0.5782422,0.34946942,1.0361357,0.56862557,-0.35262588,-0.6678063,0.4645723,1.2987411,-0.8398373,0.6719152,0.31544894,0.52051044,0.3417776,-0.8687484,-0.80837333,-0.46262679,-2.6043937,-0.5203062,0.5108676,1.0999019,-2.1089559,0.5366962,0.44092447,0.2575741,-0.18043509,0.6262178,-0.35346213,0.7464174,-1.1437607,0.81715477,0.2313309,-0.46489888,-0.2517821,0.2158078,-1.0416154,-0.36309445,-0.11662501,-1.5349914,-1.58181,-1.0821208,0.3099616,0.18432811,-0.99803746,0.19853607,-0.6145385,0.41246563,0.29900062,0.9494678,-0.868109,-0.16102654,-0.95413446,0.7087227,-1.169127,-1.062167,-1.0057667,1.6737337,-0.03219139,0.38209793,0.53948,1.0326056,0.8139218,0.5736828,-0.1672302,-0.60196346,-0.52297056,-0.7894876,1.4858041,0.45906126,-0.014271468,0.7179394,1.3641126,0.72940564,0.13124618,-1.1015942,0.33673143,-0.81357574,0.894965,0.3903112,1.5467587,0.0038715396,-1.0825349,-0.102035,-0.67089665,-0.18025711,-0.15762936,-0.52113956,-0.23423028,0.19311051,0.029699564,-0.9364704,0.59805614,-1.5118811,-0.19037586,0.060530372,0.8339424,0.50592893,0.4457029,-0.6690107,-0.6195839,0.95397365,0.2026259,-0.7006291,0.77499944,0.20315492,-2.0358508,1.56638,1.2495916,1.1001315,-1.1508726,0.54372984,0.3800251,1.1071663,-1.1003872,0.5371103,-0.08914299,-2.1158648,-0.609902,-0.6586761,-0.28934813,-0.16208638,0.71408045,0.21874642,0.86081976,0.6181928,-1.0944904,-0.23633143,0.18954085,1.4113185,-0.07545701,1.0918533,-0.4303687,0.045397207,0.8386588,0.7579458,0.17540082,0.41028845,-0.014449313,-0.4463213,0.82575715,1.5081056,1.5049739,3.459688,0.70373017,-0.9203216,-0.4708866,1.3659604,-2.1998787,0.1820895,0.85332394,-0.9065662,1.8371148,-0.25993168,-0.5298665,2.2575073,0.2405816,-0.014030434,-1.6746187,-0.92664135,0.4687526,0.62314224,-0.40663677,0.2710083,-0.41913855,0.4673725,-0.36183524,0.27744865,0.33835486,0.3753606,0.96276253,1.8822498,-1.6284504,0.50787556,0.23482984,-0.16101351,0.6616627,0.35925594,-1.3853949,0.08888537,0.95069975,0.12001374,0.6553979,0.38599092,-1.7016103,0.45230973,-0.74274004,0.32540384,0.06401123,-1.0426624,0.529763,-0.2761653,0.97174597,-0.14963935,2.13004,0.7349056,-1.5870825,-0.25512436,-0.049931094,1.4002945,-0.0968852,-0.29808736,0.85011977,0.25825405,-0.3092814,-0.41290134,-0.3027558,-0.30095166,-0.57801956,1.5030178,-0.45535898,1.130462,0.5847831,-0.48003638,-0.21738571,-0.08891481,-0.009510232,-0.9616325,-0.9532802,-0.5832734,-0.96685004,-0.063786864,-1.0273728,0.2613691,-1.0162729,-0.7344193,-1.282069,0.048421167,0.7950331,-1.3455111,-1.1545107,-0.3087312,0.07134108,0.5228533,-0.66582465,-0.24859798,0.8792883,0.02055273,-1.9814172,1.6305788,0.2707167,0.3416823,0.43716457,0.6264452,1.7979702,0.3762644,0.7468283,-1.2137485,0.494088,1.0574472,-1.8421645,0.6781831,0.15436578,-0.6596102,0.39749932,-1.0374914,-0.7834008,-0.76231015,0.2507792,-0.47234523,-1.3185548,2.128848,-1.792973,0.9247483,-1.0797858,-0.28758764,-0.92388904,-0.1042943,-1.4462081,1.0528041,0.5941867,0.11878959,0.79628503,0.44638687,0.36740294,0.22540793,0.85039985,0.545635,-0.81527245,0.5249879,-0.92332894,-1.6363416,-0.18306957,0.75423664,-1.3045226,-1.5283494,-2.6670892,-0.98695517,0.82113653,-0.47210914,0.6238842,0.6851015,0.13016194,1.3027134,0.01396531,-0.046128273,0.969041,-0.10242283,0.7650417,0.71462625,0.9805617,-0.07370694,-0.22793806,0.89156556,-2.6919813,-0.59117186,-0.28424415,1.7469387,0.56212026,-0.11887172,0.9319676,0.61675906,-0.37884474,-0.24429959,0.31371528,-0.07753806,1.5263511,1.1573873,-0.6310576,1.9807374,0.920657,0.9758996,-0.51475745,0.118321896,1.4157969,-0.4456177,-0.60416347,-0.30726278,-0.31739435,0.15262465,0.12144865,0.40545562,-0.6277701,-0.21574053,0.6787754,0.8248863,-1.9419942,-0.9209599,-1.0093179,0.3093512,1.592605,1.8512943,2.1120772,-0.6558451,-0.94614935,-1.7966743,-0.58426166,1.3052086,-0.50572956,0.6539196,-1.0222338,-1.1090215,0.34820998,0.17087646,-0.9185376,-2.1277323,1.3167101,-0.8253708,0.38229987,1.2350912,-1.0146142,-1.4351261,-0.05373719,1.0028754,0.21637124,-0.89847946,-0.6250358,1.2763331,-0.24198234,1.3452091,-0.02667892,-0.20290087,0.897563,0.07262141,0.86552787,0.23240703,-0.42289358,-0.836012,-0.03829065,1.1063745,-2.0888674,-0.57825476,0.3871283,-1.5745245,0.72389364,-0.592008,-0.783267,-0.40235037,-0.26544842,-0.8242024,-0.6999709,-0.04635158,-0.9385674,-1.2617674,-0.13344827,-0.6505881,-1.777077,0.93810844,1.2706264,-1.2118818,0.23683017,-0.033895403,0.025657535,0.41463822,-0.22264217,-0.11930669,0.30851513,-0.5968436,0.32982552,-0.32464552,-0.83487844,-1.1683202,-0.16052389,-1.1314449,-1.6533053,1.4256341,1.2001498,-1.8144487,-0.40526658,-0.39233458,-0.98758286,1.0233343,1.2469581,0.41471222,-0.23981026,-0.28328836,0.0052244663,0.05268389,1.2007465,0.9079437,-0.6401225,0.40033594,0.28219724,-0.15587677,1.6606083,0.8077365,0.7245493,1.0226622,0.37248042,-0.9021948,0.11237471,-0.08846755,-0.7280307,0.83252025,-1.8509347,-0.6658461,1.3459662,-1.1464162,-0.99169475,-0.24111311,0.21242344,0.08984832,0.42792526,-0.20071128,1.3963289,0.728405,0.6003493,2.258062,-0.6270159,-0.35996497,-1.0267433,0.44341704,-0.61380523,-1.2046449,1.2541097,0.68117744,2.3164053,-0.56661475,0.5446562,0.47720176,-0.58031154,-0.2517475,0.5615934,0.6807211,-1.0814447,-0.7819699,0.3645687,-0.62805504,0.19996676,-1.6682936,0.31453562,0.085962564,0.39124405,-0.5408754,-0.6363057,0.5258296,0.43955705,-0.6056472,1.2759255,1.1034131,0.71013325,-0.31718573,-1.0031846,-0.64046896,-0.72984165,-2.0073938,-0.37888038,-0.96563905,-0.78898156,-0.18804179,-0.91326976,0.22391976,-1.3432732,-1.5037894,0.96023524,0.28802508,0.2322592,-0.11427876,-0.45321494,1.1827662,-0.31804875,-0.80437934,0.7904702,1.0921526,-1.6118684,0.5412345,-0.6607027,0.6608075,-0.51203173,0.70404994,1.351969,0.78144777,-0.6974854,1.266325,0.0127257705,-0.78216875,0.3756899,0.38176236,0.23739956,0.46463373,-2.1806054,1.202115,-1.5266268,-1.3427824,0.2767675,0.78567255,-0.3357649,-0.13665986,0.5427054,0.7371229,0.45180982,-0.8269411,0.89622885,1.8942122,-0.36706907,-0.6484747,0.8207209,1.0046399,-0.88982046,-0.70040405,2.0259373,0.8501103,1.6098661,-0.71043015,-0.043864727,0.14758953,-0.23490556,-0.9930661,0.08980752,-0.54515195,-0.5652145,0.5768374,-0.1717182,-0.004998207,-1.440994,-0.3848702,1.2166419,-1.2568667,0.21707453,0.62854147,-0.68286175,-1.2514174,-1.5398762,0.3223611,1.273767,-0.607085,-0.6735779,0.5597452,1.3162342,0.41060546,-0.83120996,-0.6881888,0.24186486,1.1328835,0.3938417,-0.08851171,-1.2979047,1.3310372,1.439702,-1.9638348,1.5140438,-0.42847395,0.19765462,-1.7382147,1.5237465,0.28942233,0.34323654,1.2915395,0.545588,-0.40492994,0.9974657,-0.46001402,-0.3434368,-0.5905961,-0.17272058,-0.6994817,0.20592219,-0.45460543,-0.36595204,-0.7189439,-0.44312656,0.52140903,0.458137,-1.4187375,0.56243217,-0.26012546,1.1450502,0.32036167,-0.48869997,-1.0743313,-0.45114332,-0.47354102,1.5177042,0.78595567,-0.022678047,-2.057103,-0.18354163,0.5555856,1.105073,-0.6441876,-0.08842357,0.36131725,-1.3114247,-0.42623517,-1.1731038,-0.2931006,0.9347372,1.5112588,-1.1731348,1.5142558,-1.3326755,0.6440207,-0.59309036,-0.63955426,0.69152355,-0.49727184,-0.5417673,1.5588368,0.42712834,-0.040459953,-0.1969004,0.5422418,1.5645218,0.50929517,-0.05442682,-1.5896682,0.6943647,1.3260556,-0.1285459,-0.94066143,0.020784928,0.13078558,0.01765186,1.1676809,-0.8660697,-0.7697008,-0.21185403,0.21709417,-0.6823721,-0.7451167,-0.17300308,-0.23404004,-1.4307975,0.45887655,-1.0063031,-0.43448228,0.60023504,-0.7544069,0.7462703,0.59989566,1.2265847,1.0071312,0.5288339,0.07120151,-0.520631,-0.7599218,-0.90215224,-0.03180726,1.1305665,-0.7624999,-0.36046857,-0.0698564,1.7640073,2.1959608,0.83750165,-1.0477033,-0.381734,0.29539955,-0.45793855,-0.10779607,-1.070965,-1.005797,0.8658429,0.32417092,-0.21146628,-1.6523854,-0.091819525,0.33269927,1.6949035,0.09159082,0.71772784,0.28731436,-0.11611104,1.708489,0.53797793,-0.34040195,,,,,,,,,,,,,,,,,,,,,,,,,,,,,,,,,,,,,,,,,,,,,,,,,,,,,,,,,,,,,,,,,,,,,,,,,,,,,,,,,,,,,,,,,,,,,,,,,,,,,,,,,,,,,,,,,,,,,,,,,,,,,,,,,,,,,,,,,,,,,,,,,,,,,,,,,,,,,,,,,,,,,,,,,,,,,,,,,,,,,,,,,,,,,,,,,,,,,,,,,,,,,,,,,,,,,,,,,,,,,,,,,,,,,,,,,,,,,,,,,,,,,,,,,,,,,,,,,,,,,,,,,,,,,,,,,,,,,,,,,,,,,,,,,,,,,,,,,,,,,,,,,,,,,,,,,,,,,,,,,,,,,,,,,,,,,,,,,,,,,,,,,,,,,,,,,,,,,,,,,,,,,,,,,,,,,,,,,,,,,,,,,,,,,,,,,,,,,,,,,,,,,,,,,,,,,,,,,,,,,,,,,,,,,,,,,,,,,,,,,,,,,,,,,,,,,,,,,,,,,,,,,,,,,,,,,,,,,,,,,,,,,,,,,,,,,,,,,,,,,,,,,,,,,,,,,,,,,,,,,,,,,,,,,,,,,,,,,,,,,,,,,,,,,,,,,,,,,,,,,,,,,,,,,,,,,,,,,,,,,,,,,,,,,,,,,,,,,,,,,,,,,,,,,,,,,,,,,,,,,,,,,,,,,,,,,,,,,,,,,,,,,,,,,,,,,,,,,,,,,,,,,,,,,,,,,,,,,,,,,,,,,,,,,,,,,,,,,,,,,,,,,,,,,,,,,,,,,,,,,,,,,,,,,,,,,,,,,,,,,,,,,,,,,,,,,,,,,,,,,,,,,,,,,
ロ,0.393603503704071,0.1653289198875427,0.7317643761634827,-0.4778383076190948,0.0466815195977687,0.4469172358512878,0.2810477018356323,0.2314601987600326,-0.2791351079940796,-0.3888207674026489,0.6555075645446777,-0.3981778025627136,-0.3400443196296692,-0.1046163514256477,0.2287358194589615,-0.0962967053055763,0.0763659253716468,-0.0708993822336196,0.0020228871144354,-0.2780957818031311,-0.949718713760376,-0.4567396342754364,0.0545703433454036,0.3633319437503814,0.0877718031406402,-0.4651348888874054,-0.4832562506198883,0.1513476520776748,0.2487040758132934,-0.0990544036030769,-1.0139267444610596,0.0795593410730362,-0.2448031455278396,0.0639411434531211,-0.4664390385150909,0.254544734954834,0.2830569446086883,-0.3561552166938782,0.5574238300323486,-0.2330886423587799,-0.1667687743902206,0.0305391438305377,-0.4733557999134063,0.1002746522426605,-0.1233595088124275,0.4962196052074432,0.3217812478542328,0.3743889629840851,0.4876883924007416,0.1900582015514373,-0.3612241148948669,0.4653831720352173,0.2463435381650924,0.108558140695095,0.1933310627937317,-0.2646316885948181,0.506403923034668,-0.4530412852764129,0.169110968708992,0.0021513716783374,-0.578154444694519,-0.5319761037826538,0.3545285761356354,-0.0628372728824615,0.0844825878739357,-0.0435170717537403,-0.20074363052845,-0.1031828969717025,0.2826361954212188,-0.7910780310630798,-0.0472120828926563,-0.0824591368436813,0.2357570528984069,-0.2912091016769409,0.6335359811782837,-0.2354068011045456,0.1537584811449051,0.2565044164657593,0.0715828612446785,0.0235506687313318,-0.2028396874666214,0.499748557806015,-0.0475747436285018,-0.8748027086257935,-0.1220724880695343,0.0768059343099594,-0.6587498188018799,-0.4168813824653625,0.411964863538742,-0.0608856976032257,-0.1832584887742996,0.1968961656093597,0.2912109792232513,0.2101980000734329,0.0399041287600994,0.2324360758066177,-0.0531216263771057,0.0042675687000155,-0.2597200870513916,0.2872527837753296,-0.1669639348983764,-0.0714184269309043,0.4586478173732757,-0.3855616152286529,-0.3768089711666107,-0.0618808083236217,-0.1086750328540802,0.2215831577777862,-0.0503562726080417,-0.0443019494414329,-0.2323532551527023,-0.4783733487129211,-0.4846960008144378,0.1811940222978592,0.1518047004938125,-0.3409440517425537,0.0416369922459125,0.5661785006523132,-0.3825885653495788,0.2073820084333419,0.1927336603403091,0.4629023969173431,0.1496575474739074,-0.5747963786125183,-0.0002517472894396,0.7840586304664612,-0.3294351696968078,-0.098053365945816,-0.0943027138710022,-0.2783113718032837,-0.2772321701049804,-0.1958127170801162,-0.1535864770412445,-0.1665040999650955,-0.3051340579986572,1.0186107158660889,0.2574256062507629,0.1877794861793518,0.1061905175447464,-0.4182923436164856,-0.4446439743041992,0.0988022983074188,-0.121495820581913,-0.22829669713974,0.1610855460166931,0.1056281998753547,-0.2301582098007202,-0.3354954123497009,0.1427452564239502,0.1392332911491394,-0.313662588596344,0.7303315997123718,-0.3370139002799988,0.0559217110276222,0.3387735188007355,0.2639283537864685,-0.8407782912254333,-0.0697509720921516,0.1059440597891807,0.345442533493042,0.2362187057733535,-0.2016537934541702,0.3976348042488098,0.4015772938728332,0.132217675447464,0.5038946866989136,-0.0596042498946189,-0.1951442956924438,-0.0209699422121047,0.5758907794952393,0.3471788763999939,0.2524725794792175,0.405959278345108,-0.0213925018906593,0.3872116506099701,0.158849611878395,0.6229761838912964,0.097324900329113,0.1102265864610672,-0.5509151220321655,-0.0257502496242523,0.1270819753408432,0.0601847507059574,-0.6547712087631226,0.3391409516334533,-0.302909791469574,0.3208067119121551,0.1327770054340362,-0.4370944499969482,0.0447222627699375,-0.2450464963912964,-0.6342148780822754,0.4487375617027282,-0.2360622137784958,0.1554130613803863,-0.241365298628807,-0.3259000182151794,-0.2701387703418731,-0.3670265674591064,0.2458379417657852,-0.1560133546590805,0.1382849961519241,-0.3533377647399902,-0.8457580208778381,-0.7041734457015991,-0.3625796437263489,-0.1527529060840606,0.6793667674064636,0.2227739989757537,0.3043558299541473,0.2004434317350387,0.3713715076446533,0.4408118724822998,0.1330428570508957,0.1469468474388122,0.5008783936500549,-0.243536114692688,-0.3290455043315887,0.2571249306201935,-0.2309476286172866,0.3186531662940979,0.0388996005058288,0.511830747127533,0.0516689382493495,0.0617429614067077,0.3636305630207062,0.1651004999876022,-0.3804994523525238,-0.2572460472583771,0.5129781365394592,-0.4035932421684265,-0.4373403489589691,-0.6898106932640076,-0.1009885594248771,-0.356025755405426,-0.1640377342700958,-0.2495231032371521,0.0776571929454803,-0.4014780223369598,0.4570809602737427,0.1243796423077583,-0.2691492736339569,0.4317177236080169,-0.4084428250789642,-0.1949084252119064,0.454584002494812,0.188034638762474,0.0102178351953625,-0.1011810377240181,-0.1856766194105148,-0.5603805184364319,-0.4553604423999786,0.1945837289094925,-0.4492042958736419,0.5304999351501465,0.4063391983509063,0.4779188930988312,-0.0802118405699729,0.2809279859066009,-0.3153154551982879,-0.0785654187202453,-0.7231994271278381,0.0506810396909713,0.0014895640779286,0.2206946313381195,-0.2284398972988128,-0.0376892797648906,-0.0871406346559524,-0.6246410608291626,-0.2783234417438507,0.1740838140249252,-0.4215863645076751,0.3548181056976318,-0.2020302265882492,0.252278059720993,0.2221483290195465,-0.465580403804779,0.6173846125602722,-0.1222438663244247,0.2460225522518158,-0.60062175989151,0.487661600112915,-0.5585458278656006,0.165738359093666,-0.2219315022230148,0.0845103561878204,-0.6010280847549438,0.0177062842994928,-0.3406298458576202,0.1675744354724884,0.4511910378932953,-0.4315857589244842,-0.2167881727218628,0.1283829063177108,-0.4671236872673034,0.2409741580486297,0.3640706241130829,-0.1920356303453445,-0.0088908923789858,-0.1043955236673355,0.3035847842693329,0.5516345500946045,0.4249622821807861,0.2131149023771286,-0.1601971834897995,-0.4139899611473083,-0.1856506913900375,-0.1613273620605468,0.5531017780303955,-0.6161725521087646,0.0644978433847427,0.8494014143943787,-0.1146351471543312,0.4899518191814422,-0.0468920208513736,0.1738184243440628,-1.570625901222229,-0.2732398211956024,0.2157490402460098,-0.0866665318608284,-0.0582438223063945,0.3766251504421234,0.1983124166727066,0.3652307987213135,-0.2714893221855163,-0.4063693284988403,0.5090510249137878,0.0628886297345161,0.1760549843311309,-0.386251837015152,0.0043234904296696,-0.1553436368703842,0.1568037420511245,-0.3605486750602722,0.1445114761590957,0.1888427883386612,-0.1873365342617035,-0.0898968428373336,0.2907652854919433,-0.540294885635376,-0.1115869358181953,0.6219068765640259,0.0435770824551582,0.2319608181715011,-0.3958522081375122,-0.2881717383861542,0.0699320957064628,0.680097758769989,0.7714885473251343,0.3179951906204223,-0.613744854927063,-0.3375603258609772,0.3591198027133941,0.0564831607043743,0.4730325043201446,-0.0595710538327693,-0.0522726215422153,-0.0500607080757617,0.2155395746231079,-0.0247149337083101,-0.220399335026741,0.0126693919301033,0.069123663008213,0.1254148930311203,-0.2500046193599701,0.1393544822931289,0.4893541038036346,0.2055402994155883,-0.2022038102149963,0.4488888680934906,0.9133257865905762,0.1105478107929229,-0.380925565958023,-0.4342454075813293,-0.1445996165275573,-0.1505079865455627,0.2367027252912521,-0.176301822066307,-0.1513790488243103,0.248720496892929,-0.297367662191391,0.2786138355731964,0.0431612730026245,-0.4579932987689972,0.3473306596279144,-0.6404834985733032,-0.3076983988285064,-0.2281827628612518,-0.2020563930273056,-0.8521959781646729,0.9074029922485352,0.3746517300605774,0.4345571398735046,-0.4682038128376007,-0.7268862128257751,0.0867897495627403,-0.7640082240104675,-0.265024334192276,0.0201757904142141,0.3597380816936493,-0.4027445316314697,0.1308588236570358,-0.0851573720574379,-0.2235841155052185,-0.3512937426567077,0.2034747451543808,-0.461586445569992,-0.3998858332633972,-0.1893065720796585,0.2635053098201751,-0.0013747938210144,0.2410007119178772,0.3617920875549316,0.0684606358408927,-0.3523563146591186,-0.051589585840702,-0.4614436030387878,0.4530977606773376,0.4855324625968933,0.4923130869865417,0.5472894906997681,0.2578572928905487,0.1420871615409851,0.0132888760417699,-0.1399480402469635,0.2149840146303177,-0.4413312077522278,-0.3718278706073761,0.9954283833503724,-0.6289058327674866,0.1321066170930862,-0.0251489114016294,-0.1136762499809265,0.7001853585243225,-0.1551727801561355,-0.8556550145149231,0.0277991145849227,0.1750023812055587,0.1244844421744346,0.3358218967914581,0.1925308853387832,0.4458620250225067,-0.2284403145313263,0.117909237742424,-0.1777312010526657,-0.0256566666066646,0.2855902314186096,-0.0112160593271255,-0.2704940736293793,-0.1649725586175918,0.090926669538021,0.8380889892578125,0.1131100729107856,0.0619928762316703,-0.0697558969259262,0.1777382493019104,0.0450576394796371,0.5970989465713501,0.0813382416963577,0.2299152612686157,0.1328017264604568,-0.2784519791603088,-0.3213774561882019,-0.4288525879383087,-0.3281545639038086,0.0672010779380798,0.2865272760391235,-0.0623503848910331,0.1070305854082107,-0.4786697924137115,-0.4998998045921325,-0.536913275718689,-0.8410587906837463,-0.0792658329010009,-0.1974824368953704,0.1943433880805969,0.2003331184387207,-0.0268475692719221,-1.00078284740448,0.664101779460907,0.2503489553928375,0.4037709236145019,0.4363517761230469,-0.4838029146194458,-0.4316416084766388,0.2345205396413803,-0.0083155054599046,-0.3592407405376434,0.4251883625984192,0.3092856109142303,-0.1761519908905029,-0.9259397387504578,0.3375873565673828,-0.1614203751087188,0.189113438129425,-0.2657405138015747,0.1798838227987289,0.3071517944335937,-0.6443292498588562,-0.2102140188217163,-0.0013598984805867,-0.2564932405948639,0.2337758541107177,-0.4971882104873657,-0.0936855375766754,-0.1833152920007705,0.0172785948961973,0.4136616885662079,0.5816991329193115,-0.4347778856754303,0.0344949066638946,0.2343624085187912,0.3853273093700409,-0.2700497210025787,-0.0297511592507362,0.1111078560352325,-0.1149663776159286,-0.02763600833714,0.2173603922128677,0.0011135843815281,-0.0520003736019134,0.0669739991426467,-0.5431643724441528,-0.301848292350769,0.0665765181183815,-0.9856112003326416,0.6361467242240906,0.1830710917711258,0.3995417058467865,-0.5176836252212524,-0.2837313413619995,-0.1898194849491119,0.3647907674312591,-0.067001461982727,0.3611682653427124,-0.4357363879680633,-0.8003331422805786,0.0644415766000747,-0.2879194617271423,-0.9437806010246276,0.4512519836425781,0.0897711664438247,-0.6607247591018677,0.1025022715330123,0.2266084551811218,0.0764602273702621,-0.4423049390316009,-0.0644352436065673,-0.3322969079017639,-0.114450454711914,0.4881481230258941,-0.2353724539279937,0.3264009952545166,0.1975846886634826,-0.173158049583435,0.0386548303067684,0.4931966960430145,0.4763684272766113,0.6112656593322754,0.3331362605094909,-0.2553171515464782,0.0525656752288341,0.0744932815432548,0.1021765619516372,-0.0220396686345338,0.5000612735748291,-0.3083981573581695,0.3920696377754211,0.8598933815956116,-0.3526191115379333,0.3364098966121673,0.8120846748352051,0.2824190855026245,0.5047284960746765,-0.3238027989864349,-0.0436069183051586,-0.7915820479393005,-0.0083100525662302,0.0394458286464214,0.1937977224588394,-0.1275951266288757,0.0623924806714057,-0.0456281043589115,-0.3738470673561096,0.226679265499115,0.4164004325866699,0.2616027593612671,0.0519942417740821,0.0848897099494934,0.27454274892807,0.7085523009300232,0.3741308748722076,-0.1585264205932617,-0.0509096309542655,0.0819825828075409,0.2751838266849518,0.92140930891037,-0.2767491340637207,0.6613812446594238,-0.4408570230007171,-0.7609542608261108,0.2175421565771103,0.1903889626264572,0.1415164321660995,0.5503491759300232,-0.106858029961586,0.0144933629781007,0.411065399646759,0.4220670461654663,0.0015039362479001,-0.3382016718387604,-0.2326503247022628,0.1385652273893356,-0.0307095050811767,-0.0116067137569189,0.1541531234979629,0.0997702404856681,0.6144099831581116,0.4017727673053741,-0.2996142506599426,0.5191517472267151,0.6432840824127197,0.1071589514613151,-0.2862734794616699,0.0109104113653302,0.0919862315058708,-0.2546314895153045,-0.1302980184555053,0.386551022529602,-0.2458291202783584,-0.3045842349529266,0.2437305450439453,-0.3884011805057525,0.3704812824726105,-0.1716681122779846,-0.0300013776868581,0.1803453117609024,-0.0403203628957271,0.1536235511302948,-0.3206294476985931,-0.2705405354499817,-0.1462384313344955,-0.3716056644916534,-0.0154007989913225,0.0612694658339023,0.2139813154935836,-0.1347880959510803,0.1352839469909668,-0.7188801765441895,-0.4240009188652038,-0.3540808856487274,0.3080064952373504,-0.6998352408409119,-0.3315926492214203,0.4247970879077911,0.102789007127285,0.2390407770872116,-1.1454061269760132,0.3620400130748749,0.1463335007429123,0.2818562090396881,-0.1421813368797302,0.2414473444223404,-0.1286407113075256,0.0132383992895483,-0.0336125828325748,0.0363887995481491,0.0283389911055564,-10.45386028289795,-0.0162378512322902,-0.2806468904018402,-0.7470079660415649,-0.2444221973419189,0.0906453058123588,0.9963103532791138,0.7190407514572144,-0.1684832572937011,0.191747561097145,-0.0967894345521926,0.1209038496017456,0.2850213050842285,0.2825784683227539,-0.0960588231682777,-0.124011643230915,-0.1536134630441665,-0.044047150760889,-0.2275982201099395,-0.1559453606605529,0.0579664669930934,-0.5221826434135437,0.7740657329559326,0.0818891152739524,0.005523394793272,-0.0840817987918853,-0.3883121609687805,0.3967934250831604,-0.0657288134098053,0.1635607779026031,-0.9950678944587708,0.227836400270462,0.5626332759857178,0.2642600238323211,-0.2708534300327301,0.0086198709905147,-0.0497525595128536,0.2984918057918548,-0.3664745986461639,0.516598105430603,0.2650176584720611,0.3538289368152618,-0.1562822163105011,0.2526162564754486,0.2149499356746673,-0.0299960002303123,-0.1479690968990326,0.3240509629249573,0.4807024896144867,0.1211715564131736,0.013686304911971,0.0052875587716698,0.3213937282562256,-0.2203674018383026,0.1419537365436554,0.124661311507225,0.322534441947937,-0.8662090301513672,-0.0325996242463588,0.0743201822042465,0.6521738767623901,0.2705135941505432,0.5597852468490601,0.3816257119178772,0.3283916711807251,0.2971729040145874,0.21681509912014,0.2284122854471206,-0.5951752662658691,-0.2708606421947479,0.1427719891071319,0.3394377529621124,-0.0181068759411573,0.3787025809288025,-0.010886825621128,0.4943727850914001,0.2003884464502334,-0.3257398605346679,0.2541233599185943,0.0294386614114046,0.4216349422931671,-0.3521238267421722,0.2455529123544693,0.3103095293045044,-0.6300271153450012,0.4039942324161529,-0.0125674530863761,0.0817839130759239,-0.0819123685359954,-0.4836942255496979,0.6141734719276428,-0.3855949938297272,-0.312486469745636,0.1811758279800415,0.4211036264896393,-0.2082146853208542,-0.3249019086360931,0.0859574601054191,-0.0331623293459415,0.025163410231471,-0.8399804,-0.26538783,0.6708011,1.5617497,-0.84334224,-0.79835695,-1.59437,-0.054849554,0.63254166,-0.47019318,0.32469407,-0.28669477,-0.8598165,2.4165714,0.32030255,-0.531215,1.1384867,-1.0647852,0.42649034,-0.42851204,0.8619526,0.41603738,1.2019063,-0.73741186,0.38812342,0.6554891,0.5178436,-0.6179234,-0.24955602,-0.8395898,0.15867187,-0.88124865,-0.31983277,-0.90287274,0.28835693,-0.60854566,-0.8534811,1.5134894,-0.09065511,-0.5512803,-1.0277711,0.83235663,-0.14205734,-0.56972176,-0.1711918,0.026024848,1.4948763,-0.7124123,0.49069563,-0.8775979,-0.9101555,-0.4025869,1.1350291,0.9617857,0.6910399,-0.15508275,0.8202012,0.76226944,-0.25329125,-1.2328752,0.1895371,0.7737698,-0.98092794,-0.11192059,1.0310723,1.285802,0.11416089,-0.060162667,-0.46497622,-0.87757164,-2.6663435,-0.13756582,-0.17279015,0.9509186,-0.8304006,0.98655945,0.59951293,-0.84191567,0.9378396,0.2993887,0.2749094,-0.27869216,-0.8644834,1.6817434,-1.2229099,-0.88014597,-0.9308333,-0.14084576,-1.2232466,0.3041343,0.19712451,-1.456915,-1.8187307,-1.0630528,1.3338238,-0.14602706,-0.4093819,-0.7290986,-1.5846394,-0.31776467,0.5773068,1.0645735,-0.18514514,0.27405885,-1.6336539,-0.15032458,-0.4305049,-0.54448766,-0.5742876,0.34661368,-0.2112403,0.90331954,0.7822682,1.8678138,0.65011203,0.57751954,-0.65448946,-0.29077798,-0.4910612,0.29843172,1.1215745,0.09874696,-1.184095,0.5788851,-0.07822716,1.4164766,0.028128793,-0.7278655,1.1954781,0.4896514,0.46364993,-0.9848725,1.6699088,0.9977778,-0.9076647,-0.08114212,-0.62784016,0.13282101,0.69281864,-0.44011524,-1.2694309,-0.6724148,-0.119015224,-0.50147545,0.14021988,-1.3606719,0.35646144,1.1299034,1.3141086,-0.26911998,-0.21859945,-0.5305534,-0.795321,0.6389833,0.82036066,0.35004973,0.26992002,0.5621599,-1.1082492,0.62711424,0.4403668,0.92919254,-0.56492686,-0.34639406,-0.25497505,0.16001545,-0.6817072,1.2141463,-0.9982497,-2.3372493,-0.52683914,0.74779785,0.37689346,0.0015818136,0.45263997,-0.20756896,0.7882628,-0.23983005,-0.6035828,0.28946614,0.77942723,0.93456745,0.030089362,1.3456153,0.3061076,0.8819118,0.43808165,0.4462562,-0.21173061,0.0716658,0.75234026,-0.7013288,0.6696307,0.67897314,1.2636555,2.4391353,0.83605164,-1.8374268,-1.1383624,0.6304938,-2.0014384,-0.4158426,1.1621629,-0.4326971,1.4708124,-0.13013338,-1.051227,2.0923412,0.17480366,-0.0017647147,-1.2241267,-1.0095347,0.9723797,0.041100126,-0.71833426,-0.8302709,-0.77163565,0.22978184,-0.770482,-0.6417286,0.818338,-0.051309444,0.4719862,2.0615258,-0.92968327,0.38085407,0.9142849,0.94867605,0.43960878,0.8261512,-0.90811855,0.64304143,-0.0054180366,-1.321594,-1.0799677,0.8221442,-0.2771918,0.7851051,-0.26637182,0.09454906,0.14719634,-0.43401843,0.33735514,-0.40415493,0.7199259,0.94886845,1.3732116,0.026960647,-1.3696865,0.17994325,0.539429,0.7127017,0.11818411,-0.026556816,1.2697226,0.37994853,-0.78310555,-0.079061404,-0.76654375,-0.19471657,0.1408829,0.09835915,0.13219193,0.03803599,0.41234365,-0.77541596,-0.60703504,-0.09451489,-0.26350278,-0.8708772,-0.6290668,-0.7572213,-1.5932335,-0.38497573,0.97760206,0.37441012,-0.6764017,-0.69939476,-0.9558335,-0.6496691,0.63241786,-1.3172368,-0.30823326,0.17345676,-0.39431828,0.38644716,-0.019864824,-0.254046,0.20047282,1.2828869,-1.4038088,0.33457547,0.048908114,0.5795557,1.7331779,0.25837156,0.81032085,-1.1074405,0.48345897,-0.78254014,0.32948095,1.0204763,-1.0886244,0.59201324,0.24963996,0.048554275,0.5405215,-1.4019177,-0.71227485,-0.68868244,0.44698328,0.3710649,-1.2769554,1.6301774,-2.0895956,1.5872265,-1.40179,-0.1603471,-0.18032081,-0.70738983,-0.94090337,0.8808878,0.12685025,0.33394805,0.2708173,0.38462517,-0.40459985,0.36512378,0.5280846,1.3308135,0.1366199,0.8305991,-0.44049206,-1.0913078,0.7386109,0.9253893,-0.8154422,-1.6708604,-1.237749,-0.78513384,0.49612808,-0.004166071,0.043628156,0.9166865,0.1983929,0.20532076,-1.208847,-0.22112942,-0.094671264,-0.6475167,1.2529715,0.24861933,1.4285767,-1.1978567,-0.35480422,0.8901893,-1.7113935,-0.52698725,-0.7640577,1.52904,0.61405647,-0.08898564,0.406951,0.0954473,-0.7559858,-0.36646852,0.6634702,-0.425373,1.4060261,0.37768808,-0.98674774,1.221267,0.33674303,-0.16640767,-1.1465217,-0.4442122,1.7009566,0.50195765,-0.4067645,-0.63133824,-0.2897404,-0.110343866,0.36684966,0.27471018,0.029096546,-0.20157783,0.6837082,0.5163764,-1.6184415,-1.0455177,-0.39190203,0.39646783,1.0105333,2.0646346,1.1654142,-0.082867846,-1.5143927,-1.9371912,0.37841985,0.8367974,0.03391809,0.7703578,-1.626591,0.50899124,-0.4621367,0.103822626,-1.1756604,-2.0102088,1.5651218,0.40614882,0.44663113,2.1497464,-0.35335952,-1.0137314,-0.26053232,0.6744299,-0.2687861,-0.94038737,-0.47636768,0.5018061,-1.5792533,0.92119855,0.50471586,0.6564876,-0.6367244,-0.2081445,0.72127247,0.26657915,-0.8756524,-0.76921904,-0.22412919,0.4208441,-0.99498034,-0.66572255,0.75286406,-2.206423,1.007267,-0.6780175,-0.37721613,0.1956208,-0.6703939,-0.70104027,-0.51015085,-0.24584672,-1.1665592,-1.240607,-0.24869826,-1.009798,-1.9903157,0.6583465,1.5462408,-1.0883596,0.24203311,0.3792019,0.51051134,0.72364724,-0.03595413,-0.011769788,0.60902053,-0.72312784,-0.45637435,-0.50696135,-1.126799,-1.0532825,-0.0272781,-1.8130509,-1.4095639,1.0178031,1.172632,-1.3318151,-0.838626,0.34619108,-0.64234334,0.76020676,-0.024902139,-0.11816859,0.19101584,-0.9640889,0.044577297,0.20254324,0.79048014,-0.045838397,-0.30050847,0.57302487,0.042564195,0.40342426,2.0436447,0.35974368,-0.14343606,0.821219,0.28914484,-0.70367706,0.7822522,-0.14561522,0.022690978,0.80593634,-1.528743,-0.61362505,1.3375643,-0.6628533,-1.0746068,-0.15838957,0.6275639,-0.26196307,0.12966956,0.6978455,1.6367446,1.663151,1.2376584,1.4299699,-0.2800348,-0.9130158,-0.48818666,0.10070794,-0.31198272,-0.50908285,0.21276356,0.32613388,1.9255927,-0.6689089,-0.33541542,0.491347,-0.4894514,-1.1406957,0.4950829,0.4129122,-0.78773063,-0.708911,0.4302011,-0.8421737,0.8926999,-1.9249884,-0.97740036,0.71387863,0.8787304,-0.4633707,0.4541332,0.23223257,-0.14276603,-1.1224061,0.3843895,1.9289367,1.3830186,-0.3012989,-1.3311796,0.95246255,-0.7150698,-1.0798252,0.30019155,0.22048296,-0.65240437,-0.0877512,0.024061898,-0.32796103,-0.93129456,0.31409174,1.6991739,0.2895463,-0.24203952,-0.14211689,-0.68640804,2.079816,-0.7882853,-0.54682624,0.72197473,0.6636228,-1.3594309,-0.0012410198,-1.4158503,-0.41826582,-0.4646699,0.27423027,0.5323114,0.532431,-0.015236787,1.8709863,0.2597645,-0.6618046,-0.124510065,0.26324847,-0.15987341,1.0294046,-1.9468079,1.0905727,-0.6238241,-1.6965463,-0.13007692,0.8613158,-0.16327572,-0.4726836,-0.9951668,0.96844494,0.23440398,-0.984023,1.0659261,1.43947,-0.09387084,-0.6518217,0.8318431,0.058039106,-0.38058177,0.15192011,2.701547,-0.11256,0.77347404,-1.4561883,-1.0176014,-0.00989157,-0.14983617,-0.22685602,0.19275986,-0.91494465,-0.094662145,0.7905744,-1.1399086,1.0346175,-1.0432742,0.096938424,1.2954395,-0.19780897,0.45992383,0.49765426,-0.598591,-1.5751715,-1.2242715,0.8027649,-0.04625559,-0.4569168,0.50453454,0.5036681,0.8633668,0.77493584,-0.13090836,-0.39096195,0.9084607,1.2380959,1.174877,-0.60238445,-1.3972253,0.5162683,1.1225363,0.20658223,0.67013544,-0.24333096,-0.81503296,-1.559821,0.5093237,0.8484817,0.16355856,1.1243145,0.1621238,0.33101413,0.40711504,-0.3030713,0.5577235,0.13914783,-0.8354935,0.30937988,-0.060449924,-0.9444433,0.18244012,-1.3781754,-0.18094982,-0.777263,1.2716677,-1.0226544,0.26376334,0.03201913,0.87998265,0.28216475,-0.7374664,-0.1000528,-0.33716074,-1.1472965,2.2222693,0.6756998,-0.15947723,-1.5466406,0.5944455,0.8575549,0.31435373,-0.6545375,0.57549256,-0.13890997,-0.81259054,-0.7419257,-0.9895116,-0.5135415,-0.46695682,1.2466115,-0.3768703,1.3333739,-1.5656081,0.8177839,0.08999072,-0.74946153,0.040680964,1.0581163,-0.8864779,1.7528473,1.3558159,0.6561896,0.18650998,1.2589861,0.5596862,-0.7846519,-0.6403532,-1.2630684,1.0869476,0.84834194,0.5604257,-0.8314897,-0.26396602,0.3513565,-0.41089106,1.605863,-0.5315747,-0.5551565,-1.0133185,-0.6651439,-1.0413971,0.40426707,-1.303224,-0.025938604,-0.8370729,0.14572456,-0.10369364,0.16438545,0.82139874,-0.9005459,0.3940932,0.3514976,0.9624587,1.2820996,0.19047429,0.7724997,-0.9447364,-0.11475583,-1.4430481,-0.67443883,0.70386845,-0.8069537,0.4557211,0.26921484,0.3907549,1.6712493,0.57009685,0.15920515,0.7447323,0.2064801,0.06764007,0.13383421,-0.24679847,0.022045981,0.44082147,-0.025088625,0.62728035,-1.2651325,-0.72768545,-0.078289166,0.23201908,0.13669549,0.6305814,-0.060411133,1.028902,1.4248632,0.5043693,-0.9729661,,,,,,,,,,,,,,,,,,,,,,,,,,,,,,,,,,,,,,,,,,,,,,,,,,,,,,,,,,,,,,,,,,,,,,,,,,,,,,,,,,,,,,,,,,,,,,,,,,,,,,,,,,,,,,,,,,,,,,,,,,,,,,,,,,,,,,,,,,,,,,,,,,,,,,,,,,,,,,,,,,,,,,,,,,,,,,,,,,,,,,,,,,,,,,,,,,,,,,,,,,,,,,,,,,,,,,,,,,,,,,,,,,,,,,,,,,,,,,,,,,,,,,,,,,,,,,,,,,,,,,,,,,,,,,,,,,,,,,,,,,,,,,,,,,,,,,,,,,,,,,,,,,,,,,,,,,,,,,,,,,,,,,,,,,,,,,,,,,,,,,,,,,,,,,,,,,,,,,,,,,,,,,,,,,,,,,,,,,,,,,,,,,,,,,,,,,,,,,,,,,,,,,,,,,,,,,,,,,,,,,,,,,,,,,,,,,,,,,,,,,,,,,,,,,,,,,,,,,,,,,,,,,,,,,,,,,,,,,,,,,,,,,,,,,,,,,,,,,,,,,,,,,,,,,,,,,,,,,,,,,,,,,,,,,,,,,,,,,,,,,,,,,,,,,,,,,,,,,,,,,,,,,,,,,,,,,,,,,,,,,,,,,,,,,,,,,,,,,,,,,,,,,,,,,,,,,,,,,,,,,,,,,,,,,,,,,,,,,,,,,,,,,,,,,,,,,,,,,,,,,,,,,,,,,,,,,,,,,,,,,,,,,,,,,,,,,,,,,,,,,,,,,,,,,,,,,,,,,,,,,,,,,,,,,,,,,,,,,,,,,,,,,,,,,,,,,,,,,,,,,,,,,,,,
オ,0.5296596884727478,0.2130906283855438,0.4559382796287536,-0.3788235783576965,0.0963736400008201,0.229296863079071,0.2386744916439056,0.2548413276672363,-0.0763473808765411,-0.5995948910713196,0.3987560868263244,-0.4263967275619507,0.4475667774677276,-0.2476707696914672,0.6969519257545471,-0.0656861960887909,0.0709809884428978,-0.1644545197486877,-0.0108748702332377,-0.3702743947505951,-0.7576481103897095,-0.413432627916336,0.3180697858333587,0.3614082336425781,0.053830225020647,-0.3144461810588836,0.024836154654622,0.22332763671875,-0.1629917174577713,0.0653100684285163,-0.163625493645668,-0.366718590259552,-0.2875009775161743,-0.143985703587532,-0.1412046998739242,0.7164433598518372,0.0447980128228664,-0.334321528673172,-0.048272281885147,-0.4448588788509369,0.2024504095315933,-0.0392537266016006,-0.0778143554925918,-0.4906745254993438,-0.4244580864906311,0.3569748103618622,0.1421144604682922,0.4508043527603149,0.3910716772079468,0.065802477300167,-0.2395339757204055,0.3987994194030761,0.2064034640789032,0.0377097837626934,0.5504782795906067,-0.1333968788385391,0.3774928748607635,-0.541711688041687,-0.0768055692315101,0.2613519728183746,-0.3717130422592163,-0.2485538125038147,0.521899402141571,-0.136066272854805,0.0811342075467109,0.026225758716464,-0.2150810807943344,-0.1482564061880111,0.0450063794851303,-0.7747994661331177,-0.2178253978490829,0.2925040125846863,0.3747594952583313,-0.3835846185684204,0.6918500065803528,-0.3065555095672607,0.2237822115421295,0.1153149232268333,0.2371601611375808,-0.2251027226448059,-0.3462476432323456,0.2766848802566528,0.2552945911884308,-0.7245570421218872,0.0226185377687215,0.0493616014719009,-0.4940282702445984,-0.9880563616752625,0.452703058719635,-0.3511286675930023,-0.0228992886841297,0.0741178765892982,0.2153235077857971,0.2377034276723861,0.0652189552783966,0.1718862056732177,0.1264184862375259,-0.2441621720790863,-0.2346249967813491,0.2505479454994201,0.0868691354990005,0.4093315303325653,0.32750204205513,-0.1709804832935333,-0.2634230852127075,0.0760699585080146,-0.1548914760351181,0.2174850106239318,0.2510367929935455,0.0809057801961898,-0.3745799660682678,-0.2978120148181915,-0.4654948711395263,0.2725546658039093,-0.0209189262241125,0.1435899883508682,-0.198187306523323,0.3388965129852295,-0.4349301159381866,0.6078699827194214,-0.2538466453552246,0.7915907502174377,-0.0356875881552696,0.3047783374786377,0.2150291949510574,0.5052955746650696,0.0175789315253496,-0.0272460542619228,-0.1284803003072738,-0.2572053372859955,0.0357783772051334,-0.0579200908541679,-0.6814077496528625,0.0921545028686523,-0.2537298202514648,0.9225340485572816,-0.0114336526021361,-0.0479016825556755,-0.136097177863121,-0.4668779373168945,-0.1524674445390701,-0.1324257403612136,0.2752945125102997,-0.4046907126903534,-0.1197020336985588,0.1626258939504623,-0.2094656676054,-0.4744023382663727,0.4888186752796173,0.3426395952701568,-0.391703337430954,0.8269580006599426,-0.7304170727729797,0.0575210861861705,-0.0262061338871717,0.3646568357944488,-0.7473659515380859,0.1510887295007705,0.0498598143458366,0.5594866871833801,0.0929848328232765,-0.4336896538734436,0.1997489929199218,0.3209051787853241,0.1022119894623756,0.4263670146465301,0.4947990477085113,0.234954759478569,0.1953546553850174,0.4709454476833343,0.0561673045158386,0.4962971210479736,0.0458567067980766,-0.2137681096792221,0.4985187947750091,0.2918106913566589,0.1293936520814895,0.2646268904209137,0.0680747330188751,-0.5479270219802856,-0.0365224033594131,-0.1630211323499679,-0.0103595312684774,-0.1495637893676757,0.4607514441013336,-0.16131691634655,-0.0502539128065109,0.1145083829760551,-0.2079464346170425,0.1704038232564926,0.0367571040987968,-0.262583464384079,0.3753058016300201,-0.6912090182304382,0.0999286249279975,-0.3194076120853424,-0.3274402320384979,-0.3803856372833252,-0.302856832742691,0.3924706578254699,0.0625739246606826,-0.0227741338312625,-0.1504396349191665,-0.1841774731874466,-0.8772600889205933,-0.3443240523338318,0.072902612388134,0.655198872089386,0.360122412443161,0.2266106456518173,0.0718065351247787,0.2478867173194885,0.4675061106681824,0.0748334527015686,0.1430813670158386,-0.0019422065233811,-0.2316767424345016,-0.1867131143808365,0.1263024359941482,-0.1210856661200523,0.4201357662677765,-0.0982303693890571,0.3487502336502075,-0.0542345009744167,-0.406590849161148,0.2436564266681671,0.0867293998599052,-0.3940061628818512,0.0503381453454494,0.7268115282058716,-0.2607754468917846,-0.6348714232444763,-0.4985277056694031,-0.0947990268468856,-0.6508302092552185,0.0662958398461341,-0.268383651971817,0.2855084538459778,-0.349700003862381,0.112674169242382,-0.1744929105043411,-0.4754193425178528,-0.1815786063671112,-0.2118682861328125,0.0328344888985157,0.1429506987333297,-0.0228110589087009,-0.1918207108974456,-0.51520836353302,-0.035258699208498,-0.3487142920494079,-0.4789979457855224,-0.0031026471406221,-0.5512425303459167,0.4469566941261291,0.2267684787511825,0.519576370716095,-0.0401957146823406,0.2230084687471389,-0.021178001537919,-0.0647084936499595,-0.8502422571182251,-0.1223883181810379,-0.082101322710514,-0.5005362629890442,-0.0289797261357307,0.0161732789129018,-0.4629672467708587,-0.3051377236843109,-0.4279847145080566,-0.0537696257233619,-0.4275308847427368,-0.4585559368133545,0.0507671535015106,-0.0609349831938743,0.121000550687313,-0.1441505849361419,0.4983959794044494,-0.4443674683570862,0.157625675201416,-0.6233783960342407,0.1977990418672561,-0.6939910650253296,-0.2582651376724243,0.0102615738287568,-0.2509933710098266,-0.385790079832077,0.1677277833223343,-0.4675479829311371,0.3769758343696594,0.3340494334697723,0.0589170567691326,-0.4295046031475067,-0.0234155897051095,-0.379841536283493,0.1281551122665405,0.2171487510204315,0.7272565960884094,0.2176287770271301,-0.0618875958025455,0.1726910173892974,0.4014920890331268,0.1911408603191375,0.1473643630743026,-0.1017887517809867,-0.2969529330730438,0.0840102732181549,0.055018100887537,0.6373216509819031,0.1061175316572189,-0.0175985414534807,1.0461182594299316,-0.3499410450458526,0.2470925748348236,0.49268639087677,0.2864406108856201,-1.7427469491958618,0.0124134626239538,-0.1290074437856674,0.0475340001285076,-0.2400045990943908,0.28074511885643,-0.0035546065773814,0.137170597910881,-0.459278792142868,-0.5403351783752441,0.9039117693901062,0.2878541350364685,-0.0093382988125085,-0.5122708082199097,0.3493413031101227,-0.2350283712148666,0.0298427008092403,-0.4780119359493255,0.2126775383949279,0.4782304167747497,-0.4107668399810791,0.0539882034063339,-0.1659918874502182,-0.537499725818634,-0.083966925740242,0.1677630394697189,0.1615692526102066,0.247225672006607,-0.5302152037620544,0.1380523741245269,0.3138780891895294,0.4008596837520599,0.7858495712280273,0.3039855659008026,-0.0616408102214336,0.0577767044305801,0.4450687170028686,0.1350419074296951,0.4254122972488403,-0.2856252193450928,0.1758316755294799,-0.0475820116698741,0.8534377217292786,0.0125897396355867,0.0911166295409202,-0.0015497871208935,0.1213041767477989,0.2295670956373214,-0.081953153014183,0.3548986315727234,0.1464321017265319,0.0478751249611377,0.1907066702842712,0.5322242379188538,0.5807309746742249,0.1449556350708007,-0.2838995158672333,-0.3661825656890869,0.0364569164812564,-0.321286529302597,-0.6244051456451416,-0.3386206030845642,-0.3438629508018493,-0.1222211271524429,-0.4495676457881927,0.2929139733314514,-0.0296255443245172,-0.5183850526809692,0.0549229495227336,-0.3556650280952453,-0.4252268970012665,0.3321499228477478,-0.0532559305429458,-0.7333111763000488,0.5861435532569885,0.2217282354831695,0.2881442606449127,-0.5338570475578308,-0.6530799865722656,-0.0423921756446361,-0.2733902633190155,-0.3039427995681762,0.1676573008298874,-0.3308295905590057,-0.0540301539003849,0.3473367393016815,-0.0784889757633209,-0.0932381302118301,-0.3437794744968414,-0.2950970530509949,-0.7089868783950806,0.1887605041265487,-0.0504166632890701,0.3232135474681854,0.0219684243202209,0.2221865206956863,0.2203065305948257,0.0448722839355468,-0.2711859345436096,0.0839256197214126,-0.3249978721141815,0.5804333090782166,0.3907267451286316,0.1664255708456039,0.581920862197876,0.4442465603351593,0.2811322212219238,0.5245891809463501,0.0202089324593544,0.0134099787101149,-0.610522449016571,-0.3011751174926758,0.7100160717964172,-0.0379120931029319,0.2432178258895874,-0.107879638671875,-0.0181926805526018,0.6090810298919678,-0.0324829034507274,-0.5741919279098511,0.0005142665468156,0.0738754346966743,-0.1841550320386886,0.262513518333435,0.6575903296470642,0.8228428959846497,-0.0232491437345743,0.0209028869867324,-0.140678659081459,-0.1875307261943817,0.3151618540287018,-0.1306444257497787,-0.1179750114679336,-0.2945268750190735,0.0095409927889704,0.2994397580623626,0.6596575975418091,0.2006724327802658,0.6231606602668762,0.3094731569290161,-0.3437167704105377,0.2674251198768616,0.435273140668869,0.4795292615890503,-0.2945265173912048,-0.2899815738201141,-0.3539811670780182,0.0258303135633468,-0.3896693289279938,-0.0662572011351585,0.6731356978416443,-0.1594995409250259,0.1768974959850311,0.0076765068806707,-0.6110824346542358,-0.6220504641532898,-0.3782775104045868,0.1608152389526367,-0.0992601439356803,0.1433831602334976,0.2025719732046127,-0.0135760903358459,-0.4930251836776733,0.1857774257659912,0.0561464726924896,0.2988999783992767,0.5034912824630737,-0.1536019593477249,-0.0901676565408706,0.0035907886922359,0.0382498726248741,0.0676893964409828,-0.1810710877180099,0.0458883009850978,-0.2628243565559387,-0.4944120943546295,0.0162131208926439,0.1840128451585769,0.2542142868041992,-0.1465330421924591,0.6534149646759033,0.1324674189090728,-0.5132039189338684,-0.565060019493103,-0.237240582704544,-0.2221661806106567,-0.0452727153897285,-0.4980322420597076,-0.0901912376284599,0.0443757846951484,0.3667648136615753,0.0876772403717041,0.2802462577819824,-0.3576146960258484,0.0792291760444641,0.2387515604496002,0.6340348720550537,-0.1300701349973678,0.2300144582986831,-0.1985842436552047,0.0217490531504154,0.0881654992699623,0.0755990594625473,0.0594925098121166,-0.1432090848684311,-0.536220908164978,-0.6978509426116943,-0.3783296048641205,-0.1789586842060089,-1.0786592960357666,0.5394381880760193,0.1386258453130722,0.2410538047552108,-0.4676302969455719,-0.4629960358142853,-0.147763043642044,0.3010770082473755,-0.115580216050148,0.4248737096786499,-0.2177674025297165,-0.5781479477882385,-0.0497000403702259,0.1251947283744812,-0.6601473689079285,0.9405031204223632,0.2545405626296997,-0.4916508197784424,-0.3954956829547882,0.387395292520523,0.1958344131708145,-0.2218459993600845,0.1072808057069778,-0.1325920820236206,-0.5393648147583008,0.1550326347351074,-0.3469339609146118,0.3210111856460571,-0.1543601602315902,-3.526743239490315e-05,-0.1246603056788444,0.5851903557777405,0.3443279862403869,0.2443006783723831,0.0775589197874069,-0.2279006391763687,-0.2089708745479583,-0.2480691522359848,0.3257020711898803,0.1407943069934845,0.3850536048412323,-0.1766823679208755,0.3162503838539123,0.5831259489059448,-0.8466090559959412,0.0867414474487304,0.7604172825813293,0.4110320210456848,0.444315493106842,-0.1525647640228271,0.03209038823843,-0.8170374035835266,0.1355699896812439,0.1418216824531555,-0.0172215569764375,0.4570207893848419,-0.0356507040560245,-0.1375111788511276,-0.4097650349140167,-0.0168074183166027,0.4003950655460357,0.1728287488222122,0.0364892520010471,0.4355419874191284,-0.1556229144334793,0.5133227705955505,0.3383309543132782,-0.2615169286727905,-0.3602937161922455,0.0543467439711093,0.4090258181095123,0.7752847075462341,0.1817598491907119,0.3601688146591186,-0.7150218486785889,-0.6305393576622009,0.3012827634811401,0.0831094086170196,0.3051785230636596,0.5014293193817139,-0.2748686373233795,-0.0627902820706367,0.6112644672393799,0.2978948354721069,-0.0707817524671554,-0.3294468224048614,-0.4165408909320831,-0.1707163900136947,-0.2366679608821869,-0.5008911490440369,0.2017518132925033,0.0845913216471672,-0.0467947907745838,0.2117699682712555,0.0154199143871665,0.0983888357877731,0.5822260975837708,0.0028719732072204,-0.305047333240509,0.2047902196645736,0.0614336542785167,-0.0901422724127769,0.0808300226926803,-0.2235193252563476,-0.2465935945510864,-0.0241717658936977,0.2415190041065216,-0.1573673337697982,0.2025086134672165,0.0340979881584644,0.1619161665439605,0.3305917084217071,-0.4448821544647217,-0.1901049017906189,-0.314644455909729,-0.3174638450145721,-0.1307286322116851,-0.6577920317649841,-0.3597747385501861,-0.0309588555246591,-0.0471150875091552,-0.1592544317245483,-0.05937360227108,-0.4678713381290436,-0.2325161099433899,-0.4492211043834686,0.2522855401039123,-0.1734455525875091,-0.8417651653289795,0.3823029398918152,0.2627186775207519,-0.1252967417240142,-1.1999207735061646,0.247536301612854,0.1704616248607635,0.2441152334213256,0.1721053123474121,0.704698920249939,-0.3422385454177856,-0.2607019543647766,0.0875810459256172,-0.2855316996574402,0.2547450661659241,-10.516351699829102,0.1059780791401863,-0.4225786030292511,-0.3998930752277374,-0.3504877388477325,0.3931498527526855,0.6256321668624878,0.5662823915481567,-0.1955859363079071,0.1214233934879303,-0.0340548641979694,0.0915949419140815,-0.0144770285114645,0.6837878823280334,-0.5207838416099548,-0.3065536618232727,-0.2305571138858795,-0.0215277168899774,-0.0403221026062965,-0.2391912043094635,0.1143146902322769,-0.284472644329071,0.5086359977722168,0.7366798520088196,0.5462241768836975,-0.4084236323833465,-0.2611879706382751,0.0024734144099056,-0.2027534991502761,0.5919749736785889,-0.6013648509979248,0.5325713157653809,0.0364352501928806,0.3010843992233276,-0.1525362879037857,0.2529691159725189,-0.4028312265872955,0.6683297157287598,-0.0390014834702014,0.4041423201560974,0.3153025507926941,0.4241274297237396,-0.025679500773549,-0.0304168835282325,0.1748992651700973,0.2391737103462219,0.469064712524414,0.0111696710810065,0.5418323874473572,-0.2422156333923339,-0.1271032989025116,0.1338433921337127,0.0682288780808448,-0.0943486765027046,0.4556112885475158,-0.0305458642542362,0.6394035816192627,-0.6745585203170776,-0.031642060726881,0.0643760710954666,0.3380284905433655,-0.0773757696151733,0.3833673596382141,0.444365918636322,0.30074143409729,0.4105566740036011,0.5217416882514954,0.3653739690780639,-0.9130431413650512,-0.2377991825342178,0.1625676453113556,0.471616268157959,-0.0950486809015274,0.3251329064369201,-0.2567318379878998,0.3133965134620666,0.3614666759967804,-0.2959363758563995,0.0550640672445297,-0.0280053783208131,0.2839506864547729,-0.3029759228229522,0.0833558365702629,0.2407184094190597,-0.621874213218689,0.0487202405929565,-0.0832330659031868,-0.04812478646636,0.259869247674942,-0.4461257457733154,0.2382365614175796,0.0838035121560096,-0.5344372987747192,0.5065318942070007,0.4480125904083252,0.0181824807077646,-0.121032990515232,0.2265196144580841,0.4854059219360351,-0.0247120037674903,-1.2162486,-0.81381416,0.60780215,1.6429367,-0.34898126,-0.031517386,-0.6178327,0.21282464,0.87647134,-0.3419708,0.79360056,0.6702881,-1.2362303,1.0884935,-0.33554545,-0.19427432,0.49010324,-0.3551928,0.06330977,-1.0945548,0.78225756,0.5810624,0.64809257,-0.6129412,0.5624754,1.1118584,0.64702165,-0.62743235,-0.49766955,-0.10729962,-0.33337745,-0.44759855,-1.1547338,-1.2151035,0.2893166,-1.5112749,-0.88947135,1.6834246,1.0378127,-0.54611015,-0.4647068,0.044496614,-0.6474203,0.46770307,-1.4192692,-0.007905513,2.0371735,-0.86088324,0.27463937,-0.8323476,0.23792292,-0.8645136,0.5489283,1.0156645,1.2910119,-0.56634253,1.5929543,0.27802476,-0.26857477,-0.45411447,0.61282504,0.95857495,-1.6416597,0.19556026,0.9492263,1.4768015,0.78970766,-0.6900692,-0.45512876,-0.91648674,-2.5549002,-0.31246158,-0.64964557,1.4664373,-0.7022527,1.0313662,0.015145053,-0.29599324,0.11785943,0.3247335,-0.19425255,0.6892309,-1.3284858,1.514856,-0.5470688,-0.44576347,-0.16761512,0.5293289,-1.4160018,-0.05842646,0.58046645,-0.6422078,-1.6153032,-1.0718282,0.77576166,0.3329905,-0.7735731,0.030546345,-1.6000189,0.2773753,0.11338357,0.9804051,-0.5592533,-0.4842991,-0.9281276,0.36399975,-1.5079116,-0.92453223,-1.4815235,0.9871125,0.115933895,0.16983281,0.848155,1.6357265,0.46874472,1.3975925,-0.5797769,-1.1914834,0.23412241,-0.022412002,1.3994246,-0.5931182,-1.0165149,0.1472991,1.0688063,1.3266333,0.18276997,-1.2714744,1.0364627,-0.4143246,0.09614617,-0.37358448,0.7468977,0.4819819,-0.6958495,-0.5512031,-0.89354247,-0.30583516,1.1075546,-0.3609995,-0.38581315,-0.47170973,0.014749129,-0.31355536,-0.006416599,-1.8469795,0.10602197,0.8502404,0.4703594,-0.38672194,-0.4662471,-0.21596193,-0.46545887,0.61195296,0.63824224,0.0235069,0.3036963,-0.15771084,-0.6936168,1.3578094,1.2998339,1.206238,-1.0237817,0.47101292,0.30140615,0.36486983,-0.5011596,0.85334533,-0.6187524,-1.8925136,-0.42339554,-0.4119629,0.12823665,-0.35282564,0.6004997,-0.352119,1.3339189,0.5348815,-0.6163452,-0.03512146,1.0243987,1.1652308,-0.29740617,1.1255952,-0.103658915,0.8381583,0.6524152,0.3316644,-0.025300631,0.37856638,0.47213742,-0.30837533,0.5351042,0.6730271,1.2437658,2.2774837,0.16961284,-1.6077547,-1.2801713,-0.21527322,-2.2812643,0.43608037,0.8809907,-0.24055068,1.7136612,-0.6744428,-0.89156884,2.219406,0.53974956,0.03443714,-1.4956427,-0.5513854,0.7028604,0.66665256,-0.78104687,-0.1375389,-0.95593446,0.15052499,-0.7715881,-0.42825827,1.1923233,0.25357047,-0.30916992,1.5236197,-1.2831484,0.2628115,0.5788289,1.0430068,0.74715024,0.5575361,-1.6498632,-0.31327,0.83342695,-0.38332477,0.08425665,0.013211559,-0.8112676,0.6023744,-0.29983354,0.25020278,0.33503044,-1.3517694,-0.060781673,-0.38835046,0.08415205,0.7464569,1.7429544,0.571896,-1.8607798,0.3936229,0.2743069,0.4232105,0.30458972,-0.44526362,0.81744426,0.64264613,-1.0325661,-0.16905804,0.30575398,-0.23422177,-0.3446226,0.6067309,-0.6695021,1.1577786,0.6392358,-0.2118449,-0.12984999,0.022348514,-0.39804968,-0.71469325,-1.1992232,-0.89848155,-1.4374563,0.32076886,-0.097058274,0.31424493,-1.4939533,-0.8794449,-1.6269107,-0.4324998,0.6190928,-1.1710597,-0.45064083,-0.20505212,-0.52225894,0.51370305,-0.83584213,-0.678215,0.7290142,0.7186912,-0.8935795,1.0009109,0.06875909,1.1429164,0.8450926,0.20105179,1.7057589,-0.19720067,0.94416255,-0.9768267,0.5896949,2.0659811,-1.5881277,0.7616275,0.21809255,0.17134567,0.78953916,-1.8401451,-0.32190192,-0.6144367,-0.21970701,0.20989037,-1.4856411,1.4949955,-2.0432136,1.3545051,-1.5666736,-0.4073081,-0.17635119,-0.12322236,-1.2415035,1.3543043,0.7010024,0.38940445,0.97859615,0.10863254,-0.0052657523,1.2106657,0.9202804,0.43287745,-0.8405466,0.67270565,-0.3992834,-1.5359992,0.63983935,1.3383331,-1.1561924,-1.8243755,-1.7679387,-0.24696146,1.2492013,-1.200272,0.58150005,0.87342644,0.17028417,0.90666103,-0.9204691,0.01523451,-0.34989062,-0.27706388,2.0141408,0.5642197,1.5896477,-0.60213846,-0.7490589,0.734899,-2.2632034,-1.2907294,-1.0252018,1.7626047,0.39706203,-0.72620374,0.729053,0.07442673,-0.31512284,-0.3654761,0.5452227,-0.21103899,1.5957198,0.35741052,-0.61787677,1.33671,-0.035393685,0.7243576,-0.8208963,-0.2160904,1.2346592,-0.6521051,0.105861925,-0.7561292,-0.976862,0.3478317,0.30427578,0.36690232,-0.8519915,-0.19918002,0.46585855,1.1898476,-1.7531339,-1.0077658,-1.2726631,0.1671049,1.1456922,2.2045717,1.5739418,-0.08057606,-0.6457102,-2.0125322,-0.055194933,1.0069422,-0.43643555,0.8559804,-1.7803926,-0.020487309,-0.42474544,-0.05866425,-0.57140553,-2.43199,1.8797046,0.7071569,0.6904729,1.7204288,-1.0868872,-1.1180688,-0.44781888,0.90065104,0.29095113,-0.8691394,-0.2596219,0.8934512,-1.1985818,0.7714049,0.18318105,0.031146944,0.1780413,0.45046696,0.50708395,0.4818081,0.03951049,-0.7195572,0.44480193,0.87054896,-1.8874029,-0.78220224,0.55112964,-1.6367555,0.6469236,-0.6066566,-0.4075218,0.53434473,-0.45582807,-0.26815596,-1.2465612,0.31969634,-0.6849354,-0.79813147,-0.05638057,-1.5577067,-1.7086369,0.47948465,1.071045,-1.0761751,0.26380908,0.088941246,0.4277703,0.7467324,-0.024755651,-0.109400906,0.42513466,-0.5010608,0.39318013,-1.3178818,-1.4504906,-1.2030858,0.40133563,-1.0971214,-1.4003663,1.6706792,1.016441,-1.7770696,-0.7932558,-0.4962933,-0.4852399,1.6726899,0.45701325,0.9127312,-0.31455255,-0.69377494,0.073729634,0.35374054,1.2598125,0.12069609,0.35150418,0.33953348,0.3376309,0.10971936,1.5711241,0.7177709,0.15818338,0.61502403,0.44579825,-0.8627057,0.8851509,0.039747834,0.25250715,0.6473408,-1.721789,-1.6474705,1.7615681,-1.0838472,-0.6947531,0.074387476,-0.05843417,-0.3024843,0.459838,0.058025062,0.8544112,1.4726706,0.95251083,2.1568367,-0.79499936,-0.61723334,0.2503588,0.84750277,-0.48546922,-1.0169654,0.6669006,0.53153986,2.035724,-0.29294977,-0.13550879,1.1698822,-0.29923478,-1.0609413,0.5623127,0.20943032,-0.014541726,-0.27493054,0.13883056,-0.91782945,0.35306707,-2.0464005,0.038391966,0.5883741,1.155722,-0.08553711,0.39372668,0.5096264,0.43544492,-0.9488899,0.9752038,1.2678413,1.4870919,-0.3415192,-1.1487931,0.1954217,-0.78848505,-1.906304,-0.5565297,-0.81586695,-0.5941212,-0.17818046,-1.2596599,-0.21606885,-1.5765576,-0.35908183,1.497808,-0.25942072,0.38898888,-0.09044971,-1.3000374,1.1579891,-0.96109366,0.30523312,1.3343917,-0.39953002,-0.8732972,0.8705368,-1.2169056,-0.1685402,-0.88420105,0.10172316,0.54660606,0.84074044,-0.73419666,1.4172302,-0.34853938,-0.4605721,0.35181817,-0.011761974,0.32474303,0.9548402,-2.1082845,1.2858317,-0.7017295,-1.4145026,-0.5870557,0.46758842,-0.27653942,-0.44480994,-0.2477134,0.11688193,0.51943445,-1.2365335,0.97707915,1.2281524,0.055874128,-0.2956445,1.8159419,0.46767318,0.05893938,0.09128114,2.2281587,0.5477433,1.6955467,-1.0204978,-0.7497022,-0.3461043,-0.10710051,-0.9900944,0.27306643,-0.2583442,0.09643367,0.5335694,-0.42674136,-0.26835492,-1.8851347,-0.32500377,0.60677034,-1.2556068,-0.34836116,0.6889079,-1.0649279,-1.193883,-0.6654286,1.5780176,1.6358997,-0.5239919,-0.2687799,0.480903,1.7261647,0.53662425,0.36948285,-0.28835124,0.6804978,1.2836041,0.2894229,-0.9975279,-0.9992655,0.579812,1.6639789,-0.94674987,0.88453245,-0.7412548,0.09975004,-1.8595763,0.400246,0.50628823,0.13311054,1.451557,0.4342575,-0.249668,0.068063825,0.36656693,-0.44831333,-0.5061242,-0.35831618,-0.11891445,0.17205496,-0.95133924,-0.3860314,-1.1006494,0.43622002,0.83557105,0.8124619,-1.7723042,0.5213817,0.6891973,1.4327377,-0.2602674,-0.6932338,-0.8668243,-0.1195336,-1.1639047,1.33991,1.1364406,0.35598978,-2.260862,-0.21198344,1.1548883,-0.21595438,-1.7299062,0.20473166,-0.3085265,-0.83322304,-0.37231663,-1.2257355,-0.44305706,0.5884358,0.9380567,-0.49801946,0.5330022,-1.6431484,0.9166732,0.5121704,-0.7652851,0.3130959,0.05321324,-1.0806719,1.9578375,1.431365,0.090037964,0.5008214,0.7309699,1.0119905,0.4795916,0.12523353,-1.5666164,0.657342,1.017001,0.531001,-1.4657124,-0.032406807,-0.07253835,-0.42595544,1.6021014,-1.0136766,-0.4265171,-1.3822502,-0.57388556,-0.35915056,-0.49659976,-0.7976088,-0.2745049,-1.1695852,0.008232221,-0.8195679,0.22951587,0.105472565,-0.7699458,0.15135388,-0.340484,1.1462389,0.26937535,-0.1274056,0.69431835,-0.23831291,-0.24092625,-1.3576679,-0.5764692,0.9053783,-0.45237872,0.28959563,0.43824884,0.9391864,2.128085,0.9054491,-0.21266365,0.3896593,-0.020011889,-0.3736709,1.1791544,0.3236917,-0.36750093,0.018163204,-0.5704535,0.3909589,-1.3162841,-0.09785216,0.41323116,0.599502,0.60333145,0.662805,0.5721006,0.73344684,1.7129322,0.17285784,-0.68033904,,,,,,,,,,,,,,,,,,,,,,,,,,,,,,,,,,,,,,,,,,,,,,,,,,,,,,,,,,,,,,,,,,,,,,,,,,,,,,,,,,,,,,,,,,,,,,,,,,,,,,,,,,,,,,,,,,,,,,,,,,,,,,,,,,,,,,,,,,,,,,,,,,,,,,,,,,,,,,,,,,,,,,,,,,,,,,,,,,,,,,,,,,,,,,,,,,,,,,,,,,,,,,,,,,,,,,,,,,,,,,,,,,,,,,,,,,,,,,,,,,,,,,,,,,,,,,,,,,,,,,,,,,,,,,,,,,,,,,,,,,,,,,,,,,,,,,,,,,,,,,,,,,,,,,,,,,,,,,,,,,,,,,,,,,,,,,,,,,,,,,,,,,,,,,,,,,,,,,,,,,,,,,,,,,,,,,,,,,,,,,,,,,,,,,,,,,,,,,,,,,,,,,,,,,,,,,,,,,,,,,,,,,,,,,,,,,,,,,,,,,,,,,,,,,,,,,,,,,,,,,,,,,,,,,,,,,,,,,,,,,,,,,,,,,,,,,,,,,,,,,,,,,,,,,,,,,,,,,,,,,,,,,,,,,,,,,,,,,,,,,,,,,,,,,,,,,,,,,,,,,,,,,,,,,,,,,,,,,,,,,,,,,,,,,,,,,,,,,,,,,,,,,,,,,,,,,,,,,,,,,,,,,,,,,,,,,,,,,,,,,,,,,,,,,,,,,,,,,,,,,,,,,,,,,,,,,,,,,,,,,,,,,,,,,,,,,,,,,,,,,,,,,,,,,,,,,,,,,,,,,,,,,,,,,,,,,,,,,,,,,,,,,,,,,,,,,,,,,,,,,,,,,,,,
シャ,0.1637679785490036,0.6852834820747375,-0.0182372108101844,-0.2569911479949951,-0.0199944898486137,0.2520952522754669,0.3022083044052124,0.0193946342915296,-0.5396049618721008,-0.5795269012451172,0.7236732244491577,0.0382702760398387,-0.593303918838501,-0.2734935879707336,0.5578640103340149,-0.1817711293697357,0.1849235743284225,-0.2653305232524872,0.2238464057445526,-0.6776832938194275,-0.4379788637161255,-0.5684185028076172,0.1140577048063278,-0.1389373242855072,0.2439916580915451,-0.0814090445637703,0.3129862248897552,-0.0405934937298297,-0.5179132223129272,-0.527884840965271,-0.6491246819496155,-0.4675005972385406,-0.0401904508471488,0.1959670186042785,-0.0139537863433361,-0.188801109790802,0.143686756491661,0.674738347530365,-0.1404418051242828,0.1261038482189178,0.3608331084251404,-0.0939037799835205,-0.2137065231800079,-0.6135620474815369,0.284762293100357,0.8642876744270325,0.0498477406799793,0.2910492122173309,0.5455108284950256,0.2343372255563736,-0.0038431177381426,0.157552421092987,0.2547220885753631,-0.0534067936241626,-0.3818019330501556,0.159566044807434,0.5660009980201721,-0.4622770547866821,0.0751542374491691,0.0988344103097915,-0.808904767036438,-0.0224689599126577,0.0473599918186664,0.0023908698931336,0.0957305207848548,0.3231859803199768,0.1651446968317031,-0.134156733751297,-0.4749421179294586,-0.0318332090973854,-0.2889051735401153,0.356215626001358,-0.2731084525585174,-0.2120798528194427,0.2831262052059173,-0.2878768146038055,0.3545995950698852,-0.3840070962905884,0.2531583309173584,-0.0413474477827549,-0.4015957117080688,0.1086423397064209,-0.1320164054632187,-0.7592801451683044,-0.0324056968092918,0.1054553091526031,-0.989303708076477,-0.7470555305480957,0.1727630943059921,-0.3127921223640442,-0.0899655595421791,-0.1072312742471695,0.2576560378074646,-0.0498194545507431,-0.4525230526924133,-0.3251977562904358,0.3005703389644623,-0.0470547787845134,-0.2771649062633514,0.0871997103095054,-0.0158304031938314,0.0684224441647529,0.4051068723201751,0.218866541981697,0.1969677656888961,-0.5655325651168823,-0.2230655252933502,-0.4924857020378113,0.1842037886381149,0.1158382147550582,-0.3520872294902801,-0.5417745113372803,-0.6738004088401794,0.109566144645214,-0.3073597848415375,-0.4144960939884186,-0.0529450811445713,0.3741364777088165,-0.0702810287475586,0.2143613696098327,0.2528281509876251,0.540809690952301,-0.1903543025255203,0.0865981429815292,-0.3799937963485718,0.0586593635380268,0.2866542041301727,-0.3696866035461426,-0.009576553478837,-0.389859676361084,-0.3381912112236023,-0.1769250631332397,-0.2543725073337555,0.2201685011386871,-0.3401957750320434,0.4942337572574615,-0.0065807704813778,0.0877054035663604,-0.0831727311015129,-0.5266180038452148,-0.1256586164236068,-0.0092560211196541,1.0813043117523191,-0.5155030488967896,-0.2177682518959045,0.1402478516101837,-0.1430617421865463,-0.598726749420166,0.4584110081195831,0.5686424374580383,-0.0209169425070285,0.5564791560173035,-0.5280057191848755,-0.1308351159095764,0.1736894100904464,-0.1030705645680427,-0.2733658850193023,0.1865423172712326,-0.0798463746905326,0.336252748966217,0.3691776990890503,-0.4623350203037262,0.5515576601028442,0.8471452593803406,0.305345207452774,0.7476540207862854,0.0683295950293541,0.358955055475235,0.2586535513401031,0.6841005086898804,0.0572323277592659,0.3133181035518646,0.9381021857261658,-0.6460370421409607,-0.1092676520347595,0.4338668584823608,0.3706502318382263,0.4883606433868408,-0.0634077116847038,-0.1950211375951767,-0.1653143018484115,-0.2987932860851288,0.5699483156204224,-0.3447516560554504,0.5605751872062683,-0.1193677112460136,0.19271220266819,-0.504521369934082,0.1124004200100898,0.2201023548841476,-0.0434870012104511,-0.2866389751434326,0.3248499035835266,-0.4347196519374847,-0.1945031881332397,-0.2198614925146103,-0.6015869379043579,0.0150217721238732,0.1583146750926971,0.5439967513084412,-0.0409120358526706,0.149953544139862,0.1197453215718269,-0.4095341265201568,-0.7448316216468811,-0.0557420067489147,0.0460390746593475,0.6898858547210693,0.5171521306037903,0.0544129610061645,-1.0046262741088867,0.4805348217487335,0.0634539574384689,0.129201278090477,0.2843354642391205,0.2617390751838684,-0.3839854896068573,-0.6374601125717163,0.4543584883213043,-0.0800466984510421,0.2467705160379409,0.0826126635074615,0.2938980758190155,-0.0178981721401214,-0.2650116980075836,-0.088120087981224,0.2837907969951629,-0.1386903822422027,-0.0080510526895523,0.4046186208724975,-0.1674093306064605,-0.2489888221025467,-0.5021133422851562,-0.0934250056743621,-0.7714136838912964,0.0136812105774879,-0.3141083717346191,0.7112239599227905,-0.3175432085990906,-0.1054821386933326,-0.2538516819477081,-0.5588401556015015,-0.0436395853757858,-0.2819095849990845,-0.3299037516117096,0.0365536399185657,0.2124577462673187,-0.2579467296600342,0.0819630175828933,-0.1964265555143356,-0.7561593055725098,-0.0419983230531215,-0.1974172294139862,-0.5999804139137268,0.6444852948188782,0.6516051292419434,0.077835664153099,-0.1644358485937118,0.0251344814896583,-0.1802224665880203,-0.3552045822143554,-0.8294928073883057,-0.198593407869339,-0.3988592624664306,-0.0941659733653068,-0.1065457388758659,-0.0273247919976711,-0.6297730803489685,-0.6754624843597412,-0.0150994192808866,-0.2349869012832641,-0.4038520157337188,0.0083470661193132,0.2375797927379608,-0.2682341039180755,0.2494940012693405,-0.1284154206514358,0.5663531422615051,-0.4898924529552459,1.055141568183899,-0.4802708327770233,0.7014778256416321,-0.6299211978912354,-0.5246898531913757,0.2302158176898956,0.1441420763731002,-0.4410014748573303,-0.5921996235847473,0.163835272192955,0.3836420178413391,0.0539260394871234,-0.389141321182251,-0.3803723454475403,-0.1056973338127136,-0.5005427002906799,-0.118624709546566,0.2142862379550933,0.1140979528427124,0.308421790599823,-0.3398478031158447,0.2144677489995956,0.0333649367094039,0.0547797866165638,-0.1442151069641113,-0.2085307240486145,-0.7991611957550049,-0.1645917147397995,-0.1143206357955932,0.7489250898361206,-0.1211413666605949,0.1881513893604278,0.9704729318618774,-0.5076154470443726,0.0325700528919696,0.605380654335022,0.2624994814395904,-1.6318316459655762,0.2397406995296478,0.2291738986968994,-0.0242695696651935,-0.1206046864390373,0.5245553255081177,0.2801748216152191,0.3251554071903229,-0.2216064929962158,-0.9174798130989076,1.02112877368927,-0.0633742660284042,-0.3746301233768463,0.8323580622673035,0.4144972562789917,0.1623106896877288,0.4059374928474426,-0.3198056817054748,-0.4352425932884216,0.2111149281263351,0.4560228288173675,-0.0419947244226932,-0.5393721461296082,-0.3145785629749298,-0.3523080050945282,0.5458506941795349,-0.2026659250259399,0.3204149603843689,-0.1024095863103866,-0.2714644968509674,0.0830992385745048,0.9795236587524414,0.4014927744865417,0.7450689077377319,-0.2457762956619262,-0.2500335574150085,0.7262306213378906,0.4984745979309082,0.2794299125671386,0.0594420507550239,0.0767149999737739,-0.229347363114357,0.140030637383461,0.2749712765216827,-0.0396734029054641,0.658171534538269,0.659611165523529,0.0523029267787933,-0.1238588690757751,-0.06728545576334,0.3489738702774048,-0.2709304094314575,0.1398974061012268,0.3952270448207855,0.8096606135368347,0.0439776517450809,0.1112633198499679,0.1604064404964447,0.3901684582233429,-0.3423554301261902,0.2296957820653915,0.251054584980011,0.0084973126649856,-0.1625114232301712,-0.4490672051906585,-0.3577830791473388,0.0931884124875068,0.1553554832935333,-0.1947228759527206,-0.8705845475196838,-0.9193600416183472,0.2698069810867309,0.1147132962942123,-0.8632940053939819,0.414677232503891,0.2247691005468368,0.7629753947257996,-0.3932444453239441,0.1576481610536575,0.2896924614906311,-0.3250437676906585,0.0585171245038509,0.1687820553779602,0.3429179489612579,-0.2391819804906845,-0.0321797356009483,-0.4554081857204437,0.3184592127799988,-0.7610635757446289,0.0282266642898321,-0.7552899718284607,-0.0575520992279052,-0.0666630268096923,0.2988430857658386,-0.0815155357122421,0.0909881144762039,0.2144116908311844,0.1144417524337768,-0.752310574054718,-0.5785741209983826,-0.1898510754108429,0.2949368059635162,-0.0751202702522277,0.6018667221069336,-0.1252857893705368,0.5776404142379761,0.556693434715271,0.2499673664569854,-0.0598093308508396,0.2898857295513153,0.1447098404169082,-0.3224405646324157,0.4999490976333618,-0.5400859713554382,-0.0741667672991752,0.3028149306774139,0.0019381101010367,0.5010285973548889,0.1392560750246048,-0.2091028094291687,-0.1298360526561737,0.2937823235988617,-0.1797801703214645,0.6677766442298889,0.2664197087287903,1.1264301538467407,-0.5970956087112427,0.3198723495006561,0.3289568126201629,-0.3743582963943481,0.4827176928520202,-0.634929358959198,0.1748639792203903,-0.2068627178668975,0.2482498735189438,1.0511096715927124,0.1728178858757019,0.2992814779281616,0.7339068651199341,0.4976608157157898,-0.2495955824851989,0.3178746700286865,0.3530086278915405,-0.1071501225233078,-0.3235215246677398,0.0865015536546707,-0.4164130389690399,-0.426636129617691,-0.1992768943309784,-0.3908950090408325,0.1734834164381027,0.1853373944759369,0.0294646155089139,-0.2540131211280823,-0.2853401899337768,-0.2694316208362579,-0.6500402688980103,-0.0441688485443592,0.2726457118988037,0.5451034307479858,0.5181478261947632,-0.242118552327156,-0.3175850510597229,0.0360966771841049,0.0200082845985889,0.1687518805265426,0.3459256589412689,-0.3374785184860229,-0.162955567240715,0.3372043967247009,0.0493554919958114,-0.0684433951973915,0.1684928834438324,0.0340972356498241,-0.1827215701341629,-0.2020960003137588,-0.0126734552904963,0.0271316077560186,-0.2124230861663818,0.0202183425426483,0.3440661430358886,0.040673017501831,-0.0677927881479263,-0.5407324433326721,-0.1874793618917465,-0.1405871957540512,-0.232950821518898,-0.6018632650375366,-0.0656146109104156,-0.0151731390506029,-0.3302466869354248,0.5983154773712158,0.272525429725647,-0.3606466352939605,0.0161977130919694,0.5887596011161804,0.2247472703456878,0.157560795545578,-0.7051018476486206,0.0232868511229753,-0.2944420278072357,0.1594354212284088,0.4660210609436035,-0.4864276945590973,0.2333420217037201,0.0855895802378654,-0.4596237242221832,-0.2981936931610107,-0.0645001009106636,-1.0047355890274048,0.8466678261756897,-0.4773139655590057,0.0119341919198632,-0.3351384997367859,-0.0853706672787666,0.2775419652462005,-0.0171981360763311,-0.4827865958213806,0.6412553787231445,0.2599284052848816,-0.9627305269241332,0.0822033286094665,-0.5697875618934631,-0.4816816449165344,0.4098979532718658,0.1510988473892212,-0.5259441137313843,-0.1179412379860878,0.5206546783447266,-0.2506940364837646,-0.258293092250824,0.5934951305389404,-0.2072542905807495,0.1032378897070884,0.7246273159980774,0.3377212882041931,0.6464483737945557,-0.0429623275995254,-0.0516097582876682,0.1231996491551399,0.3978514671325683,0.3336052894592285,0.697050154209137,0.1597290784120559,0.0800327211618423,0.4536682665348053,-0.6405652165412903,0.1579670757055282,0.141162097454071,0.3912940323352813,-0.455874502658844,0.0082141235470771,0.6994012594223022,-0.4352217018604278,0.657775342464447,0.4025918543338775,0.6059295535087585,0.6334262490272522,-0.6634430289268494,0.2200912684202194,-1.4386721849441528,0.0611811950802803,-0.2616821229457855,0.3703930079936981,-0.4033686518669128,-0.1562164276838302,-0.2713504731655121,0.2387137413024902,-0.1729519516229629,0.3418658077716827,0.3132136166095733,0.0354251042008399,0.0281548388302326,-0.1718270778656005,1.3035794496536257,0.1102779433131218,-0.5683208107948303,-0.4527097344398498,-0.3111840188503265,0.1793484687805175,0.3042117357254028,-0.2640871107578277,-0.0864730551838874,-0.5166327357292175,-1.108842849731445,-0.1686684638261795,0.5424204468727112,0.2467939257621765,0.407608151435852,-0.8623856902122498,-0.2630287408828735,0.3251746594905853,0.3623315095901489,0.1394300311803817,0.1018799096345901,-0.234524667263031,0.1276414841413498,-0.252381831407547,-0.1999985128641128,0.5139216780662537,0.2972862720489502,0.1566358059644699,-0.5672271251678467,-0.5148134827613831,0.2427355200052261,0.581709086894989,-0.2301915884017944,0.4108481109142303,0.1948166489601135,-0.2549435198307037,-0.4757512211799621,-0.5041185021400452,-0.0539900921285152,-0.5187243819236755,-0.4577032625675201,0.3150697946548462,0.1200287193059921,0.2235127538442611,-0.0251049194484949,0.2479755133390426,0.2208321988582611,0.251878023147583,-0.076055496931076,-0.3462566137313843,0.3155280947685241,-0.0037023450713604,-0.4990293383598327,0.0774662420153617,-0.4444073140621185,0.4310175776481628,0.0129367690533399,0.269311249256134,-0.2645098865032196,-0.3588180541992187,-0.2829087674617767,0.3833208084106445,-0.3683503270149231,-0.4032508134841919,0.4637457132339477,-0.0753631666302681,-0.3004192411899566,-1.0790342092514038,0.3098311722278595,-0.2843208312988281,0.600643515586853,0.1680866479873657,-0.5155640244483948,-0.4555095434188843,0.1467834115028381,-0.4115341603755951,-0.5093130469322205,0.022819397971034,-10.129753112792969,-0.5810727477073669,-0.5370913743972778,-0.7462680339813232,-0.7491548657417297,0.2109479904174804,0.3383531272411346,0.3000792264938354,-0.3541416227817535,0.161018818616867,-0.0093196686357259,0.5093222260475159,0.0472778640687465,-0.0161147620528936,0.0841522067785263,-0.1978883445262909,0.0990814864635467,-0.5299700498580933,-0.3255318105220794,-0.3456676006317138,0.1447764337062835,-0.4616815149784088,0.7300481200218201,-0.0006493595428764,0.0756722241640091,-0.4117876589298248,-0.5459826588630676,-0.0148443486541509,-0.0518331006169319,0.5096969604492188,0.0807290151715278,0.6260885000228882,-0.0738503411412239,0.5914934277534485,-0.4095212519168854,-0.3385758399963379,-0.3354094922542572,-0.2848002016544342,-0.3718974888324737,0.0024979528971016,-0.2555180788040161,0.4786810576915741,0.0620806738734245,0.0208966080099344,0.2764690220355987,0.587485671043396,0.3334672152996063,0.3991516530513763,0.4163219034671783,0.2903102338314056,-0.0902522206306457,-0.3213789463043213,0.5491716861724854,-0.426965981721878,0.3873163759708404,0.7794948816299438,0.3947217166423797,-0.9290754199028016,0.1042536944150924,0.0730642303824424,0.1494805514812469,0.2609695792198181,1.1686975955963137,0.4562102854251861,-0.1604972332715988,0.2248909324407577,0.687315046787262,0.0632690042257309,0.3210788667201996,-0.1718239933252334,0.4871326982975006,-0.3138954937458038,0.0064560584723949,0.2655721008777618,-0.1793988794088363,0.7295907735824585,0.0657552182674408,0.3038165271282196,1.0213371515274048,0.2235197871923446,0.7181531190872192,0.1139745339751243,0.1040580570697784,0.2954534292221069,-0.7775003910064697,0.2993794977664947,0.1597358286380767,-0.321602463722229,0.4767333567142486,-0.3746050596237182,0.4325312972068786,0.3725931346416473,-0.0092088421806693,0.2749393284320831,0.025486834347248,0.0966890230774879,0.2708804309368133,0.5943582057952881,0.2176750153303146,0.3096931874752044,-0.43808421,-0.5172919,0.73765403,1.6550175,-1.0194852,-0.34448925,-1.5503802,0.48229942,1.5523859,0.34220886,0.18879306,0.38459292,-1.7189207,1.9474627,-1.0877341,0.17105412,0.84840435,-0.8702791,0.4239062,-0.6397043,0.45588365,0.5145803,0.57370824,-0.79691553,1.2389965,0.60738,0.5819405,-0.47382236,-0.94053906,-0.97398883,-0.13104619,-0.4523753,-0.8366411,-0.21435332,0.41777405,-1.3310742,-1.3326226,1.5434462,0.19547515,-0.46758983,-1.28744,0.666117,-0.111495875,-0.33914042,-0.66212744,0.2677543,1.7811617,-0.5405734,0.66236585,-0.61567426,-1.2509656,0.03210566,0.46049714,0.7558883,0.27243367,-0.18048732,1.3569819,1.0961556,0.43360794,-0.47402418,0.6544741,0.77438444,-0.7704635,0.09550501,0.5465856,0.47781816,-0.17573863,0.3278159,-0.48973867,-0.43884954,-2.619488,-1.1434995,-0.6386323,1.5503359,-1.6555325,0.7502915,0.34462667,-0.7026389,0.5781937,0.5008685,0.38437608,-0.33181277,-1.2119454,1.2434903,-0.44356048,-1.2964035,-0.22435488,-0.3951242,-0.8234659,-0.60731304,-0.45129952,-1.3502828,-1.1663908,-1.2148733,1.3476753,0.29344514,-0.8831033,-0.82064587,-1.7303581,-0.3806561,0.20378268,1.2689625,0.767873,0.069974504,-0.85520643,-0.6219493,-0.40997255,-0.40929735,-0.9223688,0.6611952,-0.22502911,0.50019276,0.42483625,1.2451155,0.7751587,1.1519696,-1.7696724,-0.7805374,-1.1112741,0.31881478,1.197152,0.779728,-0.40986013,0.52939814,0.6458356,0.7063578,-0.026569294,-1.2277143,0.6241368,0.21027584,0.89019424,0.29444918,2.0108843,0.59431416,-1.0309652,-0.51925755,-0.41949692,0.036316354,0.5986521,-1.1723021,-0.37026802,0.37867355,0.028589448,-0.14576308,0.04169612,-1.4348122,0.080570735,0.43821552,1.6269153,0.094655894,0.045545146,0.082740106,-1.5905565,0.18196003,0.6477993,-0.109241836,0.40893117,0.48533002,-1.359965,1.2807001,-0.17092977,1.6672082,-0.7192459,0.50496864,-0.59644955,0.55085677,-0.7448506,0.4983239,-0.8516037,-2.0332375,-0.33271864,0.21455353,0.13912523,-0.036000222,0.40131783,-0.17986912,0.36155257,0.14706169,-1.5705954,-0.2538052,1.130929,0.76500756,0.10224366,1.8309674,-0.093909025,0.21537273,0.6118861,0.5938758,0.59011394,-0.49364015,1.1985017,-0.9667813,0.95594144,0.7557416,0.88883036,2.5485861,0.41571882,-1.6546787,-1.4312805,0.31573096,-1.9016701,-0.7435458,1.1480461,-0.9910969,1.2407705,-0.6405632,-0.7815097,1.9016943,0.7169711,-0.4887991,-1.614253,-0.94044274,1.2005998,0.5008289,-0.042849228,0.26643398,-0.5413776,0.34295428,-0.29145434,-0.41935217,0.7684545,0.4796121,0.6083179,1.0329729,-0.5535864,0.6882153,0.45968428,-0.12073096,0.26688114,0.30497783,-0.87104005,0.5338382,0.3557812,0.28546068,-0.37934056,0.27333227,-0.6044956,0.94219214,-0.35743007,0.7838897,0.46288633,0.03536359,0.5175496,-0.12985545,0.36094138,0.01536842,1.6424831,0.57061934,-1.4652857,-0.110604085,-0.13979292,1.0540375,0.05278657,0.13014364,0.19243486,1.3246688,-0.6092308,0.2590864,-0.58440024,-0.77960914,0.018365532,0.54790586,0.69619566,0.17218445,0.38793907,-0.8724964,-1.002627,-0.08932892,0.24433076,-0.55276877,-0.7535785,-0.48124027,-1.4564652,0.11810354,0.21876954,0.74323225,-0.29833046,-0.93558294,-0.9500258,0.4516305,0.88935065,-1.9430486,-0.4330894,-0.11242148,-0.44689265,0.25999513,0.3280949,0.17066632,0.095993064,0.65220934,-0.93211526,0.9788646,-0.17105444,0.47677562,1.5229031,0.16191326,0.5208898,-0.60780877,0.40882704,-0.3637903,1.1410512,0.615881,-1.1291915,1.4227031,0.18511061,-0.32795084,1.2275965,-1.6463157,-0.7235984,-1.1638274,-0.23474276,0.21624075,-0.79277736,2.0983417,-2.378485,1.5770587,-1.3489133,-0.18031907,-0.81169754,-0.58616644,-1.4261345,0.2764615,0.47032097,0.13361005,0.82726765,0.19204785,0.17105824,0.5815472,0.28407726,0.7954211,-0.011606912,0.73704463,-0.8641787,-1.7203804,0.04634146,0.30301884,-0.80579215,-0.8321495,-1.5520138,-0.7679965,0.070369504,-0.68301827,-0.19137593,0.7415324,0.22315168,0.71953934,-1.1065191,-0.9805925,0.4832643,-0.55082947,1.5094571,-0.59089154,1.3436918,-1.046524,-0.7512624,0.6941888,-1.7949635,-0.26528966,-0.75038505,2.2960448,0.5538066,0.026491232,0.5333728,0.8847902,-0.59866637,-0.51335496,1.8970113,-0.0659206,1.2767076,0.29372975,-0.43102035,1.3500057,-0.3193451,0.43862712,-0.3146856,-0.38365546,1.7552325,-0.24735796,-0.40057996,-0.14284354,-0.2672582,-0.22788687,-0.17741191,0.4962964,0.079215966,-0.21670894,0.9694775,0.5967267,-0.43037018,-0.7077219,-0.48311123,1.2180783,1.0702792,1.0352066,1.5779074,-0.6035232,-0.8750663,-1.5326844,0.29262596,0.77177167,0.094539024,0.4066564,-1.8503124,-0.0025529366,0.39775,0.090943076,-1.216982,-1.3270851,1.4633993,0.19033921,0.8292894,1.9481555,-0.60696274,-1.5493568,-0.73799443,0.2626161,-0.48043528,-0.8991663,-0.8067887,0.53154933,-0.07289311,1.2625477,1.2157216,0.7384057,-0.24519812,-0.6287063,0.13998055,0.6412669,-0.6816921,-0.48131016,0.00614661,0.6603467,-1.4204688,-0.56601155,0.5361207,-2.0194366,0.49665448,-0.6319912,-0.5195592,-0.26139116,0.08992765,-0.6408181,0.21679945,0.032400455,-0.9051284,-0.74312276,0.41377822,-0.98652047,-1.2512388,0.59677887,1.2960798,-0.69251317,0.3779017,0.25738743,-0.3053179,0.499722,0.0058875084,-0.28920203,1.1913396,-0.39904413,-0.46893594,-0.61675215,-1.5443627,-0.25105768,0.28781727,-0.9510517,-1.295674,1.1904956,0.29383588,-1.3722314,-0.77452344,-0.28127906,-0.5451268,1.1224798,1.0609609,0.09893947,-0.05708609,-1.0920236,-0.586181,0.03104345,0.71940804,-0.58328223,-0.28873628,0.5297517,-0.027383953,0.66671616,1.874063,-0.2111613,1.2152232,1.278866,0.5770744,-0.77948374,0.5475758,-0.010958006,-0.48176584,0.16280936,-1.2576064,-0.9281457,1.623621,-0.64514863,-1.0107683,-0.10262404,0.6103191,-0.25898087,0.44647953,0.34664762,1.1844859,1.6855826,1.2770758,2.0750234,-0.38921845,-0.95365524,-0.6316982,0.48521578,-0.5973419,-0.8705845,-0.17426819,0.5637284,2.3377695,-0.70704955,0.34796205,0.669185,-0.6238412,-0.7897509,0.32650575,0.420653,-0.3798398,-0.9853356,0.5497415,-0.92951536,0.16195251,-1.4918729,-0.7117324,0.7244645,0.85925514,-0.36277094,0.09917586,0.4022878,0.4727246,-1.2046572,0.22383356,0.8928682,1.7956948,0.11877749,-0.33251733,0.56357145,-0.98986584,-1.3544817,-0.18891872,-0.6716501,-1.1822108,0.107513495,-0.2332967,-0.27916762,-0.59854215,-0.7130596,1.9173933,-0.28552982,-0.11274775,0.31493676,-0.65097207,1.6133341,-0.18596084,-0.31529927,1.323808,0.43028155,-1.5682192,0.78641135,-0.9086011,0.6744608,-0.34638596,0.5265478,0.59680295,0.41065562,0.06864811,1.9370211,-0.3821901,-0.50401,-0.44891906,0.5663881,-0.039144237,0.5300546,-1.7650675,1.0969236,-1.4378786,-0.89423627,0.32161036,0.6973872,-0.5334926,0.24058366,-0.8578639,0.51942366,0.1007289,-0.96480376,0.8149666,1.6250654,-0.4297426,-0.6865986,0.8987778,0.25067607,-0.41678333,0.29311183,2.4846396,0.11549068,0.70381755,-1.5032889,-0.32114783,0.30710027,-0.26800284,-1.2563533,-0.05100442,-0.2917829,-0.3472929,0.32318062,-0.31063035,0.96772426,-0.82848096,0.4225799,0.7424117,-0.79036564,-0.25031644,0.030433437,-0.7664812,-1.2930373,-0.9449156,0.29401526,0.30156848,-1.0465213,0.35309878,0.87263227,1.2687277,0.42336348,0.15339582,-0.6695582,0.40146014,1.2921127,0.82414347,-0.669132,-1.1128274,0.67666215,1.2651948,-0.21859764,0.58767647,0.42745122,-1.0103124,-2.165899,0.877858,0.18243502,-0.15368433,1.0108211,0.3002641,-0.25977805,0.77262664,-0.6186393,0.2688637,-0.18439436,-0.29234222,0.023105606,0.16631334,-0.68052644,-0.047350507,-0.7095031,0.21079493,-0.19167346,0.3803234,-1.8227496,0.8323533,-0.315671,0.8459394,0.17209502,-0.36759868,-1.0376658,-0.44543633,-0.17285258,1.4192356,1.330782,0.2488408,-0.64964914,-0.15786584,1.3220505,0.48400053,-0.16639224,0.11677327,0.41904822,-1.16808,-0.7471118,-1.0960237,-0.55535793,0.50816244,0.3054246,-1.0219043,1.2299149,-1.681069,0.45494187,-0.39188814,-0.90458924,0.3613471,-0.18897432,-0.78089595,1.6958433,1.0663167,-0.002860099,0.15400036,0.98941356,0.6822657,-0.12826008,-0.11106787,-1.0498432,0.79382014,1.2568895,0.46266592,-1.184011,-0.14796188,0.30342987,-0.43845642,1.3686341,-0.35048595,-0.5230091,-0.7989888,-0.25287142,-0.78824383,-0.98388904,-0.83357763,0.2278359,-1.2776356,0.6640788,-0.281686,-1.1174718,0.42123732,-0.7848527,-0.30202985,0.043556035,1.0590767,0.6220688,0.6971009,0.5212347,-0.98018676,-0.6369681,-0.9938844,-0.40244243,0.14733212,-0.8697582,0.49619672,0.25314775,0.91964453,1.570501,0.13864695,-0.6358814,0.44217572,-0.1589714,-0.056047574,-0.6120583,-0.9928681,-0.32773212,0.015253574,0.11819569,0.39389667,-1.7550346,-0.8162748,0.054462958,0.774671,-0.60360146,0.8597253,0.051995326,0.73553747,2.336573,1.2990111,-0.20717818,,,,,,,,,,,,,,,,,,,,,,,,,,,,,,,,,,,,,,,,,,,,,,,,,,,,,,,,,,,,,,,,,,,,,,,,,,,,,,,,,,,,,,,,,,,,,,,,,,,,,,,,,,,,,,,,,,,,,,,,,,,,,,,,,,,,,,,,,,,,,,,,,,,,,,,,,,,,,,,,,,,,,,,,,,,,,,,,,,,,,,,,,,,,,,,,,,,,,,,,,,,,,,,,,,,,,,,,,,,,,,,,,,,,,,,,,,,,,,,,,,,,,,,,,,,,,,,,,,,,,,,,,,,,,,,,,,,,,,,,,,,,,,,,,,,,,,,,,,,,,,,,,,,,,,,,,,,,,,,,,,,,,,,,,,,,,,,,,,,,,,,,,,,,,,,,,,,,,,,,,,,,,,,,,,,,,,,,,,,,,,,,,,,,,,,,,,,,,,,,,,,,,,,,,,,,,,,,,,,,,,,,,,,,,,,,,,,,,,,,,,,,,,,,,,,,,,,,,,,,,,,,,,,,,,,,,,,,,,,,,,,,,,,,,,,,,,,,,,,,,,,,,,,,,,,,,,,,,,,,,,,,,,,,,,,,,,,,,,,,,,,,,,,,,,,,,,,,,,,,,,,,,,,,,,,,,,,,,,,,,,,,,,,,,,,,,,,,,,,,,,,,,,,,,,,,,,,,,,,,,,,,,,,,,,,,,,,,,,,,,,,,,,,,,,,,,,,,,,,,,,,,,,,,,,,,,,,,,,,,,,,,,,,,,,,,,,,,,,,,,,,,,,,,,,,,,,,,,,,,,,,,,,,,,,,,,,,,,,,,,,,,,,,,,,,,,,,,,,,,,,,,,,,,,
ヒョ,0.8402013182640076,0.8864259123802185,0.9529184103012084,-0.7092844843864441,0.2640710771083832,0.4531397521495819,0.4706394672393799,0.2019992768764495,-0.5217068791389465,-1.036341428756714,0.9711753726005554,-0.1207123845815658,-0.1603991091251373,0.1072288155555725,0.4086097478866577,-0.0636792257428169,-0.4140648543834686,-0.1236286610364914,0.2126194387674331,-0.3669615387916565,-0.946020245552063,-1.0753957033157349,0.1538380533456802,0.2056357711553573,0.1572071611881256,-0.3271514773368835,0.2363316714763641,-0.1421323716640472,0.4970192909240722,-0.308838278055191,-0.3612666726112366,0.2574970126152038,0.1263016909360885,-0.5485225319862366,-0.7351199984550476,0.6298437118530273,-0.4665107429027557,-0.3948886096477508,0.8275375366210938,0.4791396260261535,-0.5393547415733337,-0.0704584270715713,-0.1997954845428466,0.0426451005041599,0.0066734193824231,0.2175242751836776,-0.180136039853096,0.093847744166851,0.1311532706022262,-0.078713372349739,-0.7182508707046509,0.1061693578958511,0.7563138604164124,0.0536962635815143,0.12846140563488,-0.2392987310886383,0.5882565975189209,-0.6914922595024109,-0.1134813725948333,0.2217293232679367,-0.5234522819519043,0.0021012250799685,0.5023064017295837,-0.0333726815879344,-0.7393302917480469,0.3502902388572693,0.3051308989524841,0.0651079714298248,0.4027409851551056,-0.0771147906780242,0.3453409671783447,-0.002051718533039,-0.1354586631059646,-0.8722860217094421,0.0118876164779067,-0.7959455251693726,0.2293085753917694,0.5743157267570496,0.3181802034378052,0.2853630185127258,-0.4301016628742218,0.5468273758888245,0.2403901815414428,-0.0639001876115799,-0.2717317342758178,0.2977344095706939,-0.7212018370628357,-0.4948390126228332,1.0158390998840332,-0.3759993612766266,0.1367019414901733,-0.3116025924682617,0.0233610235154628,0.2402969896793365,0.1260959804058075,0.23441082239151,0.1236900463700294,0.0123652918264269,-0.3583544790744781,0.3847872614860534,-0.4462465047836303,-0.1305301487445831,0.6507263779640198,-0.3219900727272033,-0.7540174126625061,0.0233013723045587,-0.3798909783363342,0.2854487001895904,0.9422594308853148,-0.159913957118988,-0.2614949345588684,-0.929268479347229,-0.5332013964653015,-0.1948968470096588,0.4805018007755279,-0.1144355833530426,-0.5081951022148132,0.5017540454864502,-0.229011595249176,0.044873509556055,-0.0401870273053646,0.4586861431598663,-0.4342773854732513,-0.4007928073406219,-0.4296309351921081,0.0456701591610908,0.2928208410739898,-0.2448987960815429,-0.1774122565984726,-0.1275217682123184,-0.3063744008541107,-0.6356223225593567,-0.0926250740885734,-0.1674718856811523,-0.4903954863548279,0.4011684656143188,0.0791933983564376,0.0472650118172168,0.3554925322532654,-0.5593151450157166,-0.7983093857765198,-0.0220696926116943,0.0726196467876434,-0.4177624583244324,0.0866492167115211,0.0878165811300277,-0.1979495733976364,-0.574002206325531,0.2079791724681854,-0.1141997054219245,-0.2379137873649597,1.4850610494613647,-0.8472323417663574,0.3921401798725128,-0.242055281996727,0.6848089098930359,-0.5720543265342712,0.1695886254310608,0.4991597831249237,0.4558464586734772,0.289747953414917,0.3910814523696899,-0.3683060705661773,0.473260223865509,-0.0447301194071769,0.0304576139897108,-0.1625962704420089,-0.8225210905075073,0.1328815072774887,0.4306074678897857,0.6247649788856506,0.7646305561065674,0.3460645973682403,-0.0497559197247028,0.1595256477594375,0.2625771760940552,0.8273472785949707,0.1483378857374191,0.2171693444252014,-0.7370293736457825,0.4029550850391388,-0.1487280130386352,0.5488511323928833,-0.3537486791610718,0.5272070169448853,0.0010412619449198,-0.0267990641295909,-0.5078657865524292,-0.6144517660140991,0.6642650365829468,-0.3281778991222381,-0.5507776141166687,0.1954607665538787,-0.3636588156223297,0.0244633518159389,-0.1792472600936889,0.61920166015625,-0.1728480756282806,0.2203320264816284,0.254727303981781,0.071471557021141,0.0969033315777778,0.3057780563831329,-0.3402503132820129,-0.7175012230873108,-0.2900775074958801,-0.0241020359098911,0.4178555011749267,-0.0004461138742044,0.3663473427295685,-0.4978080093860626,0.2238940447568893,0.4943103492259979,0.1175707578659057,0.4850270748138428,-0.1252554208040237,-0.2645496428012848,-0.6479995846748352,0.2485208064317703,0.5153838992118835,0.1083794087171554,-0.2870300710201263,-0.083146683871746,0.2122607678174972,0.0779389217495918,0.4381456673145294,0.104242131114006,-0.4512432813644409,-0.461339384317398,0.1879638731479644,-0.4839061498641968,-0.5347288250923157,-0.4233202934265136,-0.0837688520550727,-0.7455229759216309,-0.7112442255020142,-0.2939954400062561,0.4081995189189911,-0.1757049113512039,0.1307981461286544,-0.2171629667282104,-0.2418249398469925,0.1836033463478088,-0.3229748904705047,-0.772477924823761,-0.0232807509601116,-0.265605479478836,0.1458535641431808,-0.1017135754227638,-0.3257646858692169,-0.4105221331119537,0.3074276745319366,0.1650837659835815,0.1350093483924865,0.3494160771369934,0.4872191250324249,0.7195417284965515,-0.555189311504364,0.5300774574279785,-0.6012885570526123,-0.4393970370292663,-0.6886433362960815,-0.224941000342369,0.0777284279465675,-0.1575800329446792,-0.2733401954174042,0.0258621107786893,-0.1868836879730224,-0.694868803024292,-0.413663387298584,0.378148078918457,-0.4571383893489837,0.0480074249207973,0.1941318362951278,0.1784478724002838,-0.2013610899448394,-0.4508569538593292,0.6929954290390015,-0.0434218160808086,-0.0894694179296493,-0.8486675024032593,0.3018200397491455,-0.4562558233737945,0.0764122307300567,-0.2909404039382934,0.3751297295093536,-0.5874490141868591,-0.1449161916971206,-0.212197721004486,-0.0173472296446561,0.3826923966407776,-0.4672489166259765,-0.3302934467792511,0.0714263021945953,-0.5083909630775452,0.0931640863418579,0.7742196917533875,-0.7288391590118408,0.4158223569393158,0.0705865770578384,0.8398691415786743,0.2521918714046478,0.770606279373169,-0.16172556579113,0.4860692620277405,-0.1550927460193634,0.1649810820817947,0.5839343667030334,0.59639573097229,0.0036707082763314,0.1213214322924614,0.4889711439609527,-0.6121795773506165,0.2034366279840469,0.3866227567195892,0.4396621584892273,-1.8341797590255733,-0.0941402912139892,0.4062133729457855,0.3001303970813751,-0.1778026074171066,0.1907840818166732,0.7222260236740112,0.5443304777145386,-0.2523622810840606,-0.7079489827156067,1.1127824783325195,0.5079794526100159,-0.0638263672590255,0.1312476694583892,0.3347005248069763,0.0335233099758625,-0.3259530961513519,-0.3084295392036438,0.6554327011108398,0.4273363351821899,-0.210871547460556,-0.2653607428073883,0.0765664428472518,-0.0045342282392084,-0.4703499674797058,0.2836269736289978,-0.3364321589469909,-0.6260625720024109,-0.6948462724685669,-0.0261771883815526,0.4231950938701629,0.7261601090431213,0.5526869893074036,-0.0823718532919883,-1.083271622657776,-0.2165854722261428,-0.2659042179584503,-0.0587523281574249,-0.0980758145451545,-0.1791010797023773,-0.1642684340476989,-0.0218696650117635,0.1880530714988708,-0.4384723007678985,0.938469171524048,-0.5042858719825745,-0.2407458126544952,0.4385305345058441,-0.4995814859867096,0.4769491553306579,0.4603908061981201,-0.2561194896697998,-0.0404003672301769,0.33465376496315,0.62010258436203,0.2366161793470382,-0.0493300706148147,0.1613800078630447,-0.1488865613937378,-0.5326104164123535,0.0672991946339607,-0.3525775969028473,0.0503637418150901,1.0977203845977783,0.0342283956706523,0.3049745559692383,0.1969953328371048,-0.3646270036697387,0.3736465275287628,-0.0121515952050685,-0.1986920088529586,-0.0449898578226566,-0.3092159032821655,0.3994574248790741,0.2657450735569,-0.0765920653939247,0.5791207551956177,0.1916858255863189,-0.8035536408424377,0.1766742318868637,-0.2892157435417175,0.787887692451477,0.1105365008115768,0.4657860994338989,0.0568254180252552,-0.0786471515893936,-0.0031716374214738,-0.5239953994750977,-0.4451206922531128,0.0060630957596004,-0.3335257768630981,0.0225681830197572,0.362295925617218,0.8075739741325378,-0.299902468919754,0.3549682796001434,-0.0826601311564445,0.1008668392896652,-1.06807279586792,-0.2209745496511459,-0.4175328910350799,0.5431703329086304,-0.1719494611024856,0.5313003063201904,0.2416865676641464,0.2665316462516784,0.3523620665073395,-0.3086983263492584,0.1950477063655853,-0.2145833969116211,-0.045533999800682,-0.5182064175605774,0.5455507636070251,-0.6702889204025269,-0.3202638626098633,0.1288624703884124,0.1317585855722427,0.3108663260936737,-0.2387038916349411,-0.4214089512825012,0.49323570728302,0.0482661351561546,-0.4241625666618347,0.4701060652732849,0.4363831877708435,0.4844595491886139,0.0112811215221881,0.7601022124290466,-0.4579939544200897,-0.1350991874933242,-0.6093227863311768,-0.3384333550930023,0.2733820676803589,0.2668427526950836,0.598150372505188,0.4302094876766205,0.230319857597351,-0.010950619354844,0.6849079132080078,-0.1006461232900619,-0.3351060748100281,0.4939877688884735,0.3320679068565368,0.2004559189081192,-0.2723183333873749,1.1715296506881714,-0.6082950830459595,0.0990936905145645,0.3469167053699493,-0.016169736161828,1.0257359743118286,0.5104175209999084,0.1885837912559509,-0.4613471627235412,-0.5786841511726379,-0.5361431241035461,-0.7601370215415955,-0.5721330046653748,-0.6318758726119995,-0.0009315708884969,0.4889010488986969,0.3781480491161346,-0.1598542928695678,0.3341378271579742,0.14195017516613,0.4646066129207611,0.3816909790039062,-0.5227125287055969,-0.0011413968168199,0.2944584786891937,-0.5920130610466003,-0.249683067202568,0.177799567580223,0.4954040944576263,-0.1352295130491256,-0.7931813597679138,-0.2269943356513977,0.0119106639176607,0.3226131200790405,-0.5355316996574402,0.3086459934711456,0.1244554668664932,-0.6615316271781921,0.1016613915562629,-0.3506644368171692,-0.5141119360923767,-0.7690661549568176,-0.4846237301826477,-0.6316962242126465,-0.0143179288133978,-0.596053957939148,0.761843740940094,0.7653159499168396,-0.309931218624115,0.2458657175302505,0.2578209936618805,0.23653244972229,-0.4155992269515991,-0.0596810244023799,-0.6008260846138,-0.3979058861732483,-1.1534206867218018,-0.0992932245135307,-0.2772306799888611,0.3442450761795044,0.0940424427390098,-0.644173264503479,-0.5655224323272705,0.5352935791015625,-0.7708964347839355,0.419559508562088,-0.007034296169877,0.674909234046936,-1.154043197631836,0.1232856065034866,0.2639124691486358,-0.5251487493515015,-0.3640531003475189,0.2615995109081268,-0.280412495136261,-1.6007555723190308,-0.1562930196523666,0.1368463933467865,-0.588234007358551,1.141083836555481,-0.0418497957289218,-0.3155383169651031,0.3626347780227661,0.8684769868850708,0.2778588235378265,0.144762322306633,0.6023383140563965,-0.4258224368095398,0.4226493537425995,0.2265450060367584,-0.3908765912055969,0.4078980684280395,0.1168313100934028,-0.2685392200946808,-0.077699564397335,0.4312033653259277,0.0399543270468711,0.5593757033348083,0.2731857895851135,-0.017370318993926,-0.4970459640026092,-0.4188170731067657,0.0034556286409497,-0.4379518032073974,0.0992165058851242,-0.2801329493522644,0.7456784248352051,0.6247022151947021,0.1110539063811302,-0.0198966655880212,1.2410669326782229,-0.1996026933193206,0.748587429523468,0.3527284562587738,-0.1681818962097168,-0.5958816409111023,-0.0360062383115291,0.5554254651069641,0.3532405495643616,-0.2933147251605987,0.1194443777203559,0.311793714761734,-0.860252320766449,0.051699336618185,-0.2723455429077148,-0.0275569781661033,0.608252227306366,0.4156177937984466,-0.0225809458643198,1.01793110370636,0.5143672823905945,-0.4853048324584961,0.0246193688362836,0.0592975430190563,0.8606547117233276,0.7500612139701843,-0.021805441007018,0.8092977404594421,-0.3977308571338653,-0.7300600409507751,0.4405621886253357,0.493886649608612,-0.0189405493438243,0.400599867105484,-0.1049231067299842,-0.9286898970603944,1.0819119215011597,0.4049954414367676,0.3570279777050018,-0.5450643301010132,-0.591494619846344,0.3785147070884704,-0.0014373573940247,-0.457447201013565,-0.0770623832941055,0.0155656989663839,0.5647145509719849,0.1210075989365577,-0.3905628025531769,0.0294983778148889,0.7060681581497192,0.287578284740448,-0.2003862410783767,-0.0066772154532372,0.0421230569481849,0.0687439143657684,-0.0518108420073986,0.2702793180942535,0.0135433366522192,-0.4707966446876526,0.2606574296951294,-0.4188301265239715,-0.4180059432983398,-0.244837999343872,0.0229608081281185,-0.2488712817430496,0.0861528664827346,-0.0107278954237699,-0.8860316276550293,0.2589236795902252,0.1878138482570648,-0.4448656141757965,-0.4429190456867218,-0.1805579513311386,0.1347978711128235,-0.6955134868621826,-0.2208022624254226,-0.8743792176246643,-0.1429607719182968,-0.3097889423370361,0.1189098730683326,-0.9362959265708924,-0.6122268438339233,0.2495551109313964,-0.1483074873685836,-0.137794092297554,-1.1248252391815186,0.7817105650901794,0.7778563499450684,0.0352769531309604,-0.2534845173358917,0.0378709398210048,-0.2182121127843856,-0.004499192815274,-0.6505327224731445,-0.3982132375240326,-0.006168607622385,-9.708775520324709,0.0776672139763832,-0.1643930375576019,-0.3139532506465912,-0.4237111806869507,-0.2220294326543808,0.7684469223022461,1.6069897413253784,-0.330838680267334,1.1056560277938845,-0.1659848839044571,-0.4626069068908691,0.5336809158325195,0.3298137187957763,-0.1312882304191589,0.0593688897788524,-0.5115081071853638,-0.1822537928819656,-0.4134491086006164,0.120540827512741,-0.0070847854949533,0.0526954978704452,1.1588022708892822,0.1564518362283706,0.6178663372993469,-0.2276137769222259,-0.034473717212677,0.5587851405143738,0.2236207425594329,0.1878172755241394,-1.0751912593841553,-0.0849870145320892,0.2826878726482391,-0.2375741451978683,-0.1530635952949524,0.1888940185308456,0.3821322023868561,0.7402351498603821,-0.4396693408489227,0.5346937775611877,0.0636202618479728,0.9397262930870056,0.5205726623535156,0.3660965859889984,-0.0496458336710929,0.0254693087190389,-0.131986916065216,0.0327780060470104,0.6909484267234802,-0.1620034128427505,0.0472787469625473,0.0489967875182628,0.4135803580284118,-0.609581708908081,0.4664559066295624,-0.0674460530281066,0.182023212313652,-1.34434711933136,0.1212959364056587,-0.0207534451037645,0.2135902494192123,0.6157245635986328,0.8330112099647522,0.8587244749069214,-0.1951933205127716,0.6786867380142212,-0.2040471881628036,0.0900294780731201,-0.7862498164176941,-0.27702397108078,-0.0451393239200115,0.0937951579689979,0.2630598247051239,0.1610091179609298,-0.2916879653930664,0.3688946366310119,0.206041544675827,0.1483432799577713,0.5821508169174194,0.0091093443334102,0.0905089005827903,-0.1089424341917038,0.0717112571001052,0.2732034027576446,-0.3476391136646271,0.0293124485760927,-0.1971959620714187,-0.624050498008728,0.326962262392044,-0.7329292893409729,0.5326489806175232,0.3075511157512665,-0.5987350344657898,0.2507778704166412,0.4450560808181762,-0.3497938215732574,-0.4327191710472107,-0.2083632051944732,0.3930385112762451,-0.3484673202037811,-0.6791584,-0.3399439,0.56055343,1.1523099,-0.7729284,-0.24513252,-1.337214,0.4922014,1.5339074,-0.0735085,0.5112436,-0.43084183,-1.8708787,2.1578588,-1.0074692,-0.06375291,0.95465213,-0.7821667,0.2019026,-0.10250545,0.75513476,0.6620616,0.6809708,-1.015497,1.1120381,0.96535766,0.8137671,-0.33955997,-0.58075595,-0.6737697,-0.029264817,-0.57916665,-1.0531759,-0.1859214,0.042542703,-1.2349952,-1.3880198,1.1542116,0.32238132,-0.44555247,-0.42296395,0.76662797,-0.23818469,-0.443067,-0.76858175,-0.026992956,1.772015,-0.46912637,0.5783369,-0.6810591,-0.889996,-0.2565632,0.59008896,1.0252368,0.7626847,-0.5606097,1.045509,0.86337066,0.15416151,-0.30418274,0.5627784,0.5615599,-0.9274242,-0.33324754,0.21301627,0.603666,-0.36656448,-0.18351674,-0.09344222,-0.30764765,-2.3735185,-1.0929435,-0.074990615,1.0018852,-1.2141345,0.72011036,0.2260793,-0.5272023,0.21766645,-0.1560795,0.23234336,-0.023901979,-1.1736807,1.3816199,-0.93945664,-0.70695275,-0.4505336,-0.38378167,-1.1015862,-0.10045435,-0.42646834,-1.6298687,-1.0105447,-1.3421463,1.4728012,0.39322102,-0.6995749,-0.7664617,-1.2771376,-0.18685235,-0.038882613,1.3037384,0.53867507,-0.4927055,-1.0167223,-0.6851827,-0.6010158,-0.16713126,-0.5445965,0.776207,0.29403138,0.21506445,0.54264766,1.1322211,0.48015827,0.7492711,-1.1396598,-0.9622834,-0.4913106,0.44928154,1.5500938,0.29596624,-0.64147174,0.36033952,0.10592097,0.6892536,0.29892978,-1.2122178,0.45020702,0.4540917,0.47026184,0.078403234,1.8966929,0.74073833,-1.00551,-0.43644965,-0.49539676,0.32814136,0.56963646,-1.1099774,-0.4636685,0.08361083,-0.3963958,-0.4182673,0.2592445,-1.1899325,-0.31821558,0.61619925,1.5228835,0.3684948,-0.4682731,-0.14321113,-1.4064542,0.7069758,1.2135293,-0.26462302,0.34812295,0.45078385,-1.1799453,0.96749616,-0.3220377,1.7225538,-0.87562495,0.4773524,0.16170314,1.0157939,-0.93844724,0.6962496,-0.9795885,-2.1936033,-0.4909474,-0.14714642,0.7518854,-0.07360754,0.51236856,-0.2829622,0.19666427,0.19051954,-1.1325269,-0.2751007,0.7595289,0.9073708,-0.23348369,1.1742418,-0.31354478,0.40198898,0.7861793,0.6246813,0.49713245,0.13379703,1.2356467,-0.40472978,0.86916655,0.86353153,0.6573129,2.7275276,0.6696441,-1.3825355,-1.3305528,0.73972917,-2.1153176,-0.9562203,1.0438719,-1.3860152,1.1764615,-1.0073085,-0.75788724,1.6637715,0.63795304,-0.034131844,-1.3821533,-1.214364,1.0664117,0.74284226,-0.65231365,-0.21415894,-0.63721657,0.26779196,0.00781958,-0.32301456,0.79749537,0.6501419,-0.21477021,1.5911121,-0.6852015,0.8159265,0.3303431,0.18084376,0.027134517,0.69957155,-0.7918277,0.48592037,0.59959996,-0.22669257,-0.8030493,0.5401291,-0.4805343,0.75003517,-0.17085505,0.58294535,0.49164852,-0.29855177,0.13187769,0.22363088,0.7365744,0.8184588,1.3544264,0.2916484,-1.6048042,-0.11894216,0.23043267,0.90469456,-0.42604548,0.02026864,0.66588473,0.91726387,-0.44103962,0.20597185,-0.40115774,-0.5138187,0.24196757,0.6919126,-0.20447905,0.38856146,-0.16277823,-0.54229444,-0.48762068,0.12956375,-0.035704922,-0.8776902,-0.67598516,-0.9032669,-0.9053824,0.45324305,0.4612309,0.683968,-0.8755207,-0.962748,-0.75581044,0.29615805,0.5624262,-1.9774178,-0.5184859,-0.15284608,-1.3355321,0.47630268,0.45191798,-0.17484286,0.3864255,0.10334414,-1.5847783,1.3356328,0.3259009,0.83573383,1.2342986,0.17379203,0.9643139,-0.9950282,0.53096616,-0.8180381,0.6017566,1.0253011,-1.7302742,1.0266768,-0.34006238,-0.48062277,1.0027565,-1.45748,-0.4731004,-0.9041154,0.2810708,-0.25328037,-0.930913,2.1039898,-1.9953429,1.7253611,-1.5166998,-0.43292773,-0.65305156,-0.7036741,-1.2208142,0.65270084,0.3815903,0.026316144,0.7674194,0.29824924,0.32707468,-0.032235555,-0.14027835,0.8090297,-0.40820816,0.82059807,-0.64726734,-1.489066,0.034655206,1.07209,-1.3304065,-1.5097201,-1.4831475,-0.7643677,0.44455433,-0.58766365,-0.13706732,0.9205393,0.043252945,0.35170755,-1.1455532,-0.46963066,0.011421632,-0.64606357,0.908281,-0.37134853,1.7090582,-0.61374044,-0.6534451,0.47198227,-1.3664824,-0.35126272,-0.4834236,1.6731955,0.8104017,0.32433498,0.69034,0.18062334,-0.2910198,-0.8436345,1.2755004,-0.02665226,1.8130671,-0.0799535,-0.728133,1.1844466,0.044307154,0.5025866,-0.39252368,-0.45025814,1.7091877,-0.2722572,-0.38825077,-0.12595703,-0.24564324,-0.081720725,0.34964913,0.44559044,0.25793868,-0.10816368,0.7497213,0.8120109,-0.38533208,-0.9618632,-0.98748165,0.71789813,1.0731586,1.7156901,1.3120017,-0.31869182,-0.49482638,-1.8533262,0.83702207,1.1388645,0.344721,0.48233658,-1.941431,0.06456619,0.29565036,0.097366005,-1.3760722,-1.8900884,1.7026688,0.5940488,0.69674015,1.1652331,-0.80850804,-1.3092024,-0.74669814,0.35720095,0.13866404,-0.9975839,-1.0949324,0.7649706,-0.5120367,1.0732286,0.77545387,0.4077046,-0.38956007,-0.18098837,0.81428456,0.29659718,-0.70022374,-0.30260578,0.0017226405,0.54001844,-1.3037405,-0.86900073,0.30745447,-1.9222959,0.44252047,-0.09377715,-0.023294218,-0.18300143,-0.066454366,-0.8865356,-0.49812365,-0.0017633637,-1.0493007,-0.45547295,0.6610997,-1.1898513,-1.4935741,0.8935028,1.4053781,-0.9775331,0.42931116,-0.042153943,0.08609373,0.79127955,-0.033342138,-0.06877872,0.041634634,-0.54734313,-0.043075066,-0.14878146,-1.499343,-0.48110566,0.56114155,-1.062912,-1.568345,1.0141181,0.42365375,-1.3463845,-0.6951147,-0.4572829,0.09665558,0.97811097,0.74896497,0.20615064,-0.49174458,-0.73036075,0.06699302,0.19766757,0.67722034,-0.10678826,0.04978243,0.39322814,-0.14543885,0.61443895,1.8663813,0.260434,1.1149745,1.0660975,0.6721082,-0.106367975,0.22667482,-0.06161572,-0.50321305,0.6421416,-1.2057025,-0.61362207,1.4685241,-0.6777452,-0.62047744,0.09303836,1.1439483,-0.27897337,-0.07033397,-0.20378497,0.9163054,1.769037,0.8539335,1.7208321,-0.030590799,-0.16733944,-0.6113514,0.7970923,-1.0729581,-0.6727411,0.15693194,0.4300408,1.6559415,-0.08953609,0.3688016,0.47683704,-0.9678815,-0.76057696,0.29810905,0.31980735,-0.38920373,-0.69578165,0.4186532,-1.2535106,0.30433244,-1.8029764,-0.008827786,0.8243135,1.2990419,-0.46128982,-0.20036428,0.67429423,0.8652862,-0.8715565,0.057381816,1.1293151,1.7765248,0.19802326,-0.6885531,0.46999148,-0.4593029,-1.5364795,0.14108005,-0.99171925,-0.55663323,0.1372121,-0.30293736,-0.017457945,-0.678004,-0.44844204,1.7800026,0.19883063,-0.16828416,0.51431817,-1.021913,1.5653598,-0.08825165,-0.116661176,1.1987479,0.68568194,-1.4672736,0.62646043,-1.2338544,0.706507,-0.62901515,0.7656615,1.08738,0.64584243,-0.687799,1.0680485,-0.66856617,-0.079594046,-0.3441762,0.43974125,-0.6668002,0.16341558,-1.9873338,1.4990411,-1.27554,-0.7118113,-0.15722463,0.38074324,-0.29639065,0.006942633,-0.29929188,0.40478817,0.16828841,-1.1121347,0.7181527,1.8808204,-0.5933417,-0.97248524,0.72680193,0.41754776,-0.32840204,-0.10607236,2.6744685,0.25331533,0.74584514,-1.3450466,-0.65462327,0.6342992,-0.3897417,-0.9204539,-0.07242617,-0.31256384,0.13994771,0.100127876,-0.28122398,1.1626873,-1.0517279,0.31962994,0.82755166,-0.9783178,0.2082482,0.37521455,-0.45266044,-1.1399009,-1.340122,0.62330145,0.4949682,-0.5158742,0.49052846,0.65163314,1.7966646,0.58340573,-0.23618855,-1.0566002,0.5222124,0.62889934,0.41156027,-0.94858307,-0.9523313,0.44088358,1.0322518,-0.892301,0.73406017,-0.049839564,-0.28190252,-1.8212638,1.1224341,0.11707996,-0.38752064,0.86202306,-0.061085686,-0.16784641,0.841923,-0.112946354,-0.07554747,0.03188828,-0.29066265,0.11599699,-0.18570375,-0.814697,0.10349366,-0.42626357,0.39976972,-0.073357515,0.69151634,-1.5871361,0.43930617,0.110204905,0.6520406,0.16898142,0.1663946,-1.4639806,-0.80582094,-0.7013518,1.4319186,0.8690608,-0.017909246,-1.099971,-0.11628393,1.0154054,0.41757387,-0.63329977,0.2247484,0.4308033,-0.44963777,-0.33187953,-1.2365028,-0.5781299,0.043123405,0.43513837,-1.2237802,1.4777081,-1.7001395,0.8419049,-0.28024662,-0.9312382,-0.11105538,0.5545967,-0.58517766,1.8833528,1.2521603,-0.24900709,0.012321502,0.7378334,0.862437,-0.1010619,-0.1009155,-1.3555124,0.6769873,1.4183728,0.58329403,-1.2046142,-0.3311411,0.26696503,-0.6009673,1.7015854,-0.52160203,-0.41688216,-0.8200725,-0.48435852,-1.1204793,-0.7380029,-0.78327054,-0.2534685,-1.0805581,0.40748498,-0.73977065,-0.63901883,0.4163347,-0.8462974,0.22559804,0.34525287,1.3247681,0.5459931,0.4853374,-0.01498476,-0.56739587,-0.308185,-0.9256293,-0.6517148,0.6151172,-1.036428,0.36193287,0.4535823,0.8255418,1.9779216,0.1264669,-0.76406425,0.78348106,0.40074205,0.21109651,0.24537309,-0.80587685,-0.49321163,0.5725728,0.062396962,0.74618703,-1.506837,-0.6342127,-0.23128396,0.26890588,0.22392684,0.3137002,0.310453,0.25724852,1.3732245,1.0204791,-0.1042709,,,,,,,,,,,,,,,,,,,,,,,,,,,,,,,,,,,,,,,,,,,,,,,,,,,,,,,,,,,,,,,,,,,,,,,,,,,,,,,,,,,,,,,,,,,,,,,,,,,,,,,,,,,,,,,,,,,,,,,,,,,,,,,,,,,,,,,,,,,,,,,,,,,,,,,,,,,,,,,,,,,,,,,,,,,,,,,,,,,,,,,,,,,,,,,,,,,,,,,,,,,,,,,,,,,,,,,,,,,,,,,,,,,,,,,,,,,,,,,,,,,,,,,,,,,,,,,,,,,,,,,,,,,,,,,,,,,,,,,,,,,,,,,,,,,,,,,,,,,,,,,,,,,,,,,,,,,,,,,,,,,,,,,,,,,,,,,,,,,,,,,,,,,,,,,,,,,,,,,,,,,,,,,,,,,,,,,,,,,,,,,,,,,,,,,,,,,,,,,,,,,,,,,,,,,,,,,,,,,,,,,,,,,,,,,,,,,,,,,,,,,,,,,,,,,,,,,,,,,,,,,,,,,,,,,,,,,,,,,,,,,,,,,,,,,,,,,,,,,,,,,,,,,,,,,,,,,,,,,,,,,,,,,,,,,,,,,,,,,,,,,,,,,,,,,,,,,,,,,,,,,,,,,,,,,,,,,,,,,,,,,,,,,,,,,,,,,,,,,,,,,,,,,,,,,,,,,,,,,,,,,,,,,,,,,,,,,,,,,,,,,,,,,,,,,,,,,,,,,,,,,,,,,,,,,,,,,,,,,,,,,,,,,,,,,,,,,,,,,,,,,,,,,,,,,,,,,,,,,,,,,,,,,,,,,,,,,,,,,,,,,,,,,,,,,,,,,,,,,,,,,,,,,,,
オ,0.5296596884727478,0.2130906283855438,0.4559382796287536,-0.3788235783576965,0.0963736400008201,0.229296863079071,0.2386744916439056,0.2548413276672363,-0.0763473808765411,-0.5995948910713196,0.3987560868263244,-0.4263967275619507,0.4475667774677276,-0.2476707696914672,0.6969519257545471,-0.0656861960887909,0.0709809884428978,-0.1644545197486877,-0.0108748702332377,-0.3702743947505951,-0.7576481103897095,-0.413432627916336,0.3180697858333587,0.3614082336425781,0.053830225020647,-0.3144461810588836,0.024836154654622,0.22332763671875,-0.1629917174577713,0.0653100684285163,-0.163625493645668,-0.366718590259552,-0.2875009775161743,-0.143985703587532,-0.1412046998739242,0.7164433598518372,0.0447980128228664,-0.334321528673172,-0.048272281885147,-0.4448588788509369,0.2024504095315933,-0.0392537266016006,-0.0778143554925918,-0.4906745254993438,-0.4244580864906311,0.3569748103618622,0.1421144604682922,0.4508043527603149,0.3910716772079468,0.065802477300167,-0.2395339757204055,0.3987994194030761,0.2064034640789032,0.0377097837626934,0.5504782795906067,-0.1333968788385391,0.3774928748607635,-0.541711688041687,-0.0768055692315101,0.2613519728183746,-0.3717130422592163,-0.2485538125038147,0.521899402141571,-0.136066272854805,0.0811342075467109,0.026225758716464,-0.2150810807943344,-0.1482564061880111,0.0450063794851303,-0.7747994661331177,-0.2178253978490829,0.2925040125846863,0.3747594952583313,-0.3835846185684204,0.6918500065803528,-0.3065555095672607,0.2237822115421295,0.1153149232268333,0.2371601611375808,-0.2251027226448059,-0.3462476432323456,0.2766848802566528,0.2552945911884308,-0.7245570421218872,0.0226185377687215,0.0493616014719009,-0.4940282702445984,-0.9880563616752625,0.452703058719635,-0.3511286675930023,-0.0228992886841297,0.0741178765892982,0.2153235077857971,0.2377034276723861,0.0652189552783966,0.1718862056732177,0.1264184862375259,-0.2441621720790863,-0.2346249967813491,0.2505479454994201,0.0868691354990005,0.4093315303325653,0.32750204205513,-0.1709804832935333,-0.2634230852127075,0.0760699585080146,-0.1548914760351181,0.2174850106239318,0.2510367929935455,0.0809057801961898,-0.3745799660682678,-0.2978120148181915,-0.4654948711395263,0.2725546658039093,-0.0209189262241125,0.1435899883508682,-0.198187306523323,0.3388965129852295,-0.4349301159381866,0.6078699827194214,-0.2538466453552246,0.7915907502174377,-0.0356875881552696,0.3047783374786377,0.2150291949510574,0.5052955746650696,0.0175789315253496,-0.0272460542619228,-0.1284803003072738,-0.2572053372859955,0.0357783772051334,-0.0579200908541679,-0.6814077496528625,0.0921545028686523,-0.2537298202514648,0.9225340485572816,-0.0114336526021361,-0.0479016825556755,-0.136097177863121,-0.4668779373168945,-0.1524674445390701,-0.1324257403612136,0.2752945125102997,-0.4046907126903534,-0.1197020336985588,0.1626258939504623,-0.2094656676054,-0.4744023382663727,0.4888186752796173,0.3426395952701568,-0.391703337430954,0.8269580006599426,-0.7304170727729797,0.0575210861861705,-0.0262061338871717,0.3646568357944488,-0.7473659515380859,0.1510887295007705,0.0498598143458366,0.5594866871833801,0.0929848328232765,-0.4336896538734436,0.1997489929199218,0.3209051787853241,0.1022119894623756,0.4263670146465301,0.4947990477085113,0.234954759478569,0.1953546553850174,0.4709454476833343,0.0561673045158386,0.4962971210479736,0.0458567067980766,-0.2137681096792221,0.4985187947750091,0.2918106913566589,0.1293936520814895,0.2646268904209137,0.0680747330188751,-0.5479270219802856,-0.0365224033594131,-0.1630211323499679,-0.0103595312684774,-0.1495637893676757,0.4607514441013336,-0.16131691634655,-0.0502539128065109,0.1145083829760551,-0.2079464346170425,0.1704038232564926,0.0367571040987968,-0.262583464384079,0.3753058016300201,-0.6912090182304382,0.0999286249279975,-0.3194076120853424,-0.3274402320384979,-0.3803856372833252,-0.302856832742691,0.3924706578254699,0.0625739246606826,-0.0227741338312625,-0.1504396349191665,-0.1841774731874466,-0.8772600889205933,-0.3443240523338318,0.072902612388134,0.655198872089386,0.360122412443161,0.2266106456518173,0.0718065351247787,0.2478867173194885,0.4675061106681824,0.0748334527015686,0.1430813670158386,-0.0019422065233811,-0.2316767424345016,-0.1867131143808365,0.1263024359941482,-0.1210856661200523,0.4201357662677765,-0.0982303693890571,0.3487502336502075,-0.0542345009744167,-0.406590849161148,0.2436564266681671,0.0867293998599052,-0.3940061628818512,0.0503381453454494,0.7268115282058716,-0.2607754468917846,-0.6348714232444763,-0.4985277056694031,-0.0947990268468856,-0.6508302092552185,0.0662958398461341,-0.268383651971817,0.2855084538459778,-0.349700003862381,0.112674169242382,-0.1744929105043411,-0.4754193425178528,-0.1815786063671112,-0.2118682861328125,0.0328344888985157,0.1429506987333297,-0.0228110589087009,-0.1918207108974456,-0.51520836353302,-0.035258699208498,-0.3487142920494079,-0.4789979457855224,-0.0031026471406221,-0.5512425303459167,0.4469566941261291,0.2267684787511825,0.519576370716095,-0.0401957146823406,0.2230084687471389,-0.021178001537919,-0.0647084936499595,-0.8502422571182251,-0.1223883181810379,-0.082101322710514,-0.5005362629890442,-0.0289797261357307,0.0161732789129018,-0.4629672467708587,-0.3051377236843109,-0.4279847145080566,-0.0537696257233619,-0.4275308847427368,-0.4585559368133545,0.0507671535015106,-0.0609349831938743,0.121000550687313,-0.1441505849361419,0.4983959794044494,-0.4443674683570862,0.157625675201416,-0.6233783960342407,0.1977990418672561,-0.6939910650253296,-0.2582651376724243,0.0102615738287568,-0.2509933710098266,-0.385790079832077,0.1677277833223343,-0.4675479829311371,0.3769758343696594,0.3340494334697723,0.0589170567691326,-0.4295046031475067,-0.0234155897051095,-0.379841536283493,0.1281551122665405,0.2171487510204315,0.7272565960884094,0.2176287770271301,-0.0618875958025455,0.1726910173892974,0.4014920890331268,0.1911408603191375,0.1473643630743026,-0.1017887517809867,-0.2969529330730438,0.0840102732181549,0.055018100887537,0.6373216509819031,0.1061175316572189,-0.0175985414534807,1.0461182594299316,-0.3499410450458526,0.2470925748348236,0.49268639087677,0.2864406108856201,-1.7427469491958618,0.0124134626239538,-0.1290074437856674,0.0475340001285076,-0.2400045990943908,0.28074511885643,-0.0035546065773814,0.137170597910881,-0.459278792142868,-0.5403351783752441,0.9039117693901062,0.2878541350364685,-0.0093382988125085,-0.5122708082199097,0.3493413031101227,-0.2350283712148666,0.0298427008092403,-0.4780119359493255,0.2126775383949279,0.4782304167747497,-0.4107668399810791,0.0539882034063339,-0.1659918874502182,-0.537499725818634,-0.083966925740242,0.1677630394697189,0.1615692526102066,0.247225672006607,-0.5302152037620544,0.1380523741245269,0.3138780891895294,0.4008596837520599,0.7858495712280273,0.3039855659008026,-0.0616408102214336,0.0577767044305801,0.4450687170028686,0.1350419074296951,0.4254122972488403,-0.2856252193450928,0.1758316755294799,-0.0475820116698741,0.8534377217292786,0.0125897396355867,0.0911166295409202,-0.0015497871208935,0.1213041767477989,0.2295670956373214,-0.081953153014183,0.3548986315727234,0.1464321017265319,0.0478751249611377,0.1907066702842712,0.5322242379188538,0.5807309746742249,0.1449556350708007,-0.2838995158672333,-0.3661825656890869,0.0364569164812564,-0.321286529302597,-0.6244051456451416,-0.3386206030845642,-0.3438629508018493,-0.1222211271524429,-0.4495676457881927,0.2929139733314514,-0.0296255443245172,-0.5183850526809692,0.0549229495227336,-0.3556650280952453,-0.4252268970012665,0.3321499228477478,-0.0532559305429458,-0.7333111763000488,0.5861435532569885,0.2217282354831695,0.2881442606449127,-0.5338570475578308,-0.6530799865722656,-0.0423921756446361,-0.2733902633190155,-0.3039427995681762,0.1676573008298874,-0.3308295905590057,-0.0540301539003849,0.3473367393016815,-0.0784889757633209,-0.0932381302118301,-0.3437794744968414,-0.2950970530509949,-0.7089868783950806,0.1887605041265487,-0.0504166632890701,0.3232135474681854,0.0219684243202209,0.2221865206956863,0.2203065305948257,0.0448722839355468,-0.2711859345436096,0.0839256197214126,-0.3249978721141815,0.5804333090782166,0.3907267451286316,0.1664255708456039,0.581920862197876,0.4442465603351593,0.2811322212219238,0.5245891809463501,0.0202089324593544,0.0134099787101149,-0.610522449016571,-0.3011751174926758,0.7100160717964172,-0.0379120931029319,0.2432178258895874,-0.107879638671875,-0.0181926805526018,0.6090810298919678,-0.0324829034507274,-0.5741919279098511,0.0005142665468156,0.0738754346966743,-0.1841550320386886,0.262513518333435,0.6575903296470642,0.8228428959846497,-0.0232491437345743,0.0209028869867324,-0.140678659081459,-0.1875307261943817,0.3151618540287018,-0.1306444257497787,-0.1179750114679336,-0.2945268750190735,0.0095409927889704,0.2994397580623626,0.6596575975418091,0.2006724327802658,0.6231606602668762,0.3094731569290161,-0.3437167704105377,0.2674251198768616,0.435273140668869,0.4795292615890503,-0.2945265173912048,-0.2899815738201141,-0.3539811670780182,0.0258303135633468,-0.3896693289279938,-0.0662572011351585,0.6731356978416443,-0.1594995409250259,0.1768974959850311,0.0076765068806707,-0.6110824346542358,-0.6220504641532898,-0.3782775104045868,0.1608152389526367,-0.0992601439356803,0.1433831602334976,0.2025719732046127,-0.0135760903358459,-0.4930251836776733,0.1857774257659912,0.0561464726924896,0.2988999783992767,0.5034912824630737,-0.1536019593477249,-0.0901676565408706,0.0035907886922359,0.0382498726248741,0.0676893964409828,-0.1810710877180099,0.0458883009850978,-0.2628243565559387,-0.4944120943546295,0.0162131208926439,0.1840128451585769,0.2542142868041992,-0.1465330421924591,0.6534149646759033,0.1324674189090728,-0.5132039189338684,-0.565060019493103,-0.237240582704544,-0.2221661806106567,-0.0452727153897285,-0.4980322420597076,-0.0901912376284599,0.0443757846951484,0.3667648136615753,0.0876772403717041,0.2802462577819824,-0.3576146960258484,0.0792291760444641,0.2387515604496002,0.6340348720550537,-0.1300701349973678,0.2300144582986831,-0.1985842436552047,0.0217490531504154,0.0881654992699623,0.0755990594625473,0.0594925098121166,-0.1432090848684311,-0.536220908164978,-0.6978509426116943,-0.3783296048641205,-0.1789586842060089,-1.0786592960357666,0.5394381880760193,0.1386258453130722,0.2410538047552108,-0.4676302969455719,-0.4629960358142853,-0.147763043642044,0.3010770082473755,-0.115580216050148,0.4248737096786499,-0.2177674025297165,-0.5781479477882385,-0.0497000403702259,0.1251947283744812,-0.6601473689079285,0.9405031204223632,0.2545405626296997,-0.4916508197784424,-0.3954956829547882,0.387395292520523,0.1958344131708145,-0.2218459993600845,0.1072808057069778,-0.1325920820236206,-0.5393648147583008,0.1550326347351074,-0.3469339609146118,0.3210111856460571,-0.1543601602315902,-3.526743239490315e-05,-0.1246603056788444,0.5851903557777405,0.3443279862403869,0.2443006783723831,0.0775589197874069,-0.2279006391763687,-0.2089708745479583,-0.2480691522359848,0.3257020711898803,0.1407943069934845,0.3850536048412323,-0.1766823679208755,0.3162503838539123,0.5831259489059448,-0.8466090559959412,0.0867414474487304,0.7604172825813293,0.4110320210456848,0.444315493106842,-0.1525647640228271,0.03209038823843,-0.8170374035835266,0.1355699896812439,0.1418216824531555,-0.0172215569764375,0.4570207893848419,-0.0356507040560245,-0.1375111788511276,-0.4097650349140167,-0.0168074183166027,0.4003950655460357,0.1728287488222122,0.0364892520010471,0.4355419874191284,-0.1556229144334793,0.5133227705955505,0.3383309543132782,-0.2615169286727905,-0.3602937161922455,0.0543467439711093,0.4090258181095123,0.7752847075462341,0.1817598491907119,0.3601688146591186,-0.7150218486785889,-0.6305393576622009,0.3012827634811401,0.0831094086170196,0.3051785230636596,0.5014293193817139,-0.2748686373233795,-0.0627902820706367,0.6112644672393799,0.2978948354721069,-0.0707817524671554,-0.3294468224048614,-0.4165408909320831,-0.1707163900136947,-0.2366679608821869,-0.5008911490440369,0.2017518132925033,0.0845913216471672,-0.0467947907745838,0.2117699682712555,0.0154199143871665,0.0983888357877731,0.5822260975837708,0.0028719732072204,-0.305047333240509,0.2047902196645736,0.0614336542785167,-0.0901422724127769,0.0808300226926803,-0.2235193252563476,-0.2465935945510864,-0.0241717658936977,0.2415190041065216,-0.1573673337697982,0.2025086134672165,0.0340979881584644,0.1619161665439605,0.3305917084217071,-0.4448821544647217,-0.1901049017906189,-0.314644455909729,-0.3174638450145721,-0.1307286322116851,-0.6577920317649841,-0.3597747385501861,-0.0309588555246591,-0.0471150875091552,-0.1592544317245483,-0.05937360227108,-0.4678713381290436,-0.2325161099433899,-0.4492211043834686,0.2522855401039123,-0.1734455525875091,-0.8417651653289795,0.3823029398918152,0.2627186775207519,-0.1252967417240142,-1.1999207735061646,0.247536301612854,0.1704616248607635,0.2441152334213256,0.1721053123474121,0.704698920249939,-0.3422385454177856,-0.2607019543647766,0.0875810459256172,-0.2855316996574402,0.2547450661659241,-10.516351699829102,0.1059780791401863,-0.4225786030292511,-0.3998930752277374,-0.3504877388477325,0.3931498527526855,0.6256321668624878,0.5662823915481567,-0.1955859363079071,0.1214233934879303,-0.0340548641979694,0.0915949419140815,-0.0144770285114645,0.6837878823280334,-0.5207838416099548,-0.3065536618232727,-0.2305571138858795,-0.0215277168899774,-0.0403221026062965,-0.2391912043094635,0.1143146902322769,-0.284472644329071,0.5086359977722168,0.7366798520088196,0.5462241768836975,-0.4084236323833465,-0.2611879706382751,0.0024734144099056,-0.2027534991502761,0.5919749736785889,-0.6013648509979248,0.5325713157653809,0.0364352501928806,0.3010843992233276,-0.1525362879037857,0.2529691159725189,-0.4028312265872955,0.6683297157287598,-0.0390014834702014,0.4041423201560974,0.3153025507926941,0.4241274297237396,-0.025679500773549,-0.0304168835282325,0.1748992651700973,0.2391737103462219,0.469064712524414,0.0111696710810065,0.5418323874473572,-0.2422156333923339,-0.1271032989025116,0.1338433921337127,0.0682288780808448,-0.0943486765027046,0.4556112885475158,-0.0305458642542362,0.6394035816192627,-0.6745585203170776,-0.031642060726881,0.0643760710954666,0.3380284905433655,-0.0773757696151733,0.3833673596382141,0.444365918636322,0.30074143409729,0.4105566740036011,0.5217416882514954,0.3653739690780639,-0.9130431413650512,-0.2377991825342178,0.1625676453113556,0.471616268157959,-0.0950486809015274,0.3251329064369201,-0.2567318379878998,0.3133965134620666,0.3614666759967804,-0.2959363758563995,0.0550640672445297,-0.0280053783208131,0.2839506864547729,-0.3029759228229522,0.0833558365702629,0.2407184094190597,-0.621874213218689,0.0487202405929565,-0.0832330659031868,-0.04812478646636,0.259869247674942,-0.4461257457733154,0.2382365614175796,0.0838035121560096,-0.5344372987747192,0.5065318942070007,0.4480125904083252,0.0181824807077646,-0.121032990515232,0.2265196144580841,0.4854059219360351,-0.0247120037674903,-1.6404463,-0.5903895,0.6485478,0.83546376,-0.82584745,-0.17308794,-1.3153305,-0.45921135,0.8815684,-0.4011572,0.303526,-0.1378448,-1.6081731,2.6931362,-0.3582715,0.64361775,0.9769496,-0.6604419,0.32247213,-1.4746184,1.6489292,0.7855871,0.87575006,-0.5029569,1.3551743,0.053361367,0.35368657,-1.0182742,-0.073843986,-0.13301551,0.16634268,-0.31817192,-1.0063546,-1.2346138,-0.26408714,-1.6256303,-0.46406445,1.1665397,-0.019969128,-0.3164257,-0.77866304,0.4534521,0.07602255,-0.05924455,-1.6446142,-0.32426214,1.5094364,-0.17357813,1.1201458,-0.75811845,0.13246182,-0.34639508,0.12727219,0.95560896,1.1338733,-0.52687895,0.68944967,0.43343607,0.2728426,-0.37298512,0.99891216,-0.0102277845,-1.1497645,0.9521626,0.18828118,1.1569173,-0.59965855,-0.051379398,-0.5202068,-0.91650206,-2.9966536,-0.99748766,-0.089908384,0.79612374,-0.76810205,0.80528814,-0.029422157,-0.3623676,-0.49355686,0.11783569,-0.22617695,0.17841923,-1.1746914,0.844542,-1.1863319,-0.72394955,-0.065403834,-0.6528648,-1.4331264,-0.40285707,0.09391823,-1.1131991,-1.7205516,-1.3237107,1.3625189,-0.22179091,-0.7790315,-0.67254233,-1.5811784,0.56594867,-0.57009524,1.0458863,-0.12183164,0.5345559,-1.3559117,0.196668,-1.1542602,-0.4224672,-1.0348029,1.7399087,-0.6058332,0.11236033,1.0280098,1.6153904,1.1492866,0.90201813,-0.46997398,-0.86394167,-0.5331332,0.20784707,0.93935144,-0.5874387,-0.6883289,-0.08961293,-0.2226408,1.0873536,1.0791082,-0.8008506,1.6864837,-0.21652028,0.2510071,0.4581825,1.6315317,0.74306154,-1.1597463,0.5169384,0.02529937,0.65119135,0.6762931,-0.77039266,-0.3999164,-0.8506243,0.12769061,-0.4346201,0.53536606,-1.7906994,0.14883833,1.3738438,0.9461467,-0.13238469,0.41205636,-0.3393365,-0.27086845,0.36852396,0.7460243,0.21455055,0.46310508,0.47920394,-1.0408766,0.99047256,0.1195748,1.2447765,-1.4105531,0.15227827,-0.03120169,0.19019017,-0.67989576,0.9063368,-0.49453285,-2.2018228,-0.4698609,-0.2612173,0.4327913,0.06802843,0.5905412,-0.080322444,0.5437789,-0.18776263,-1.0005667,-0.39000332,-0.1984459,0.7748803,0.009147823,1.7473669,-0.29875445,0.2702127,0.5682363,0.83947223,-0.16503046,-0.10359636,0.2687569,0.055190265,1.0732692,1.306771,1.0540905,1.2501953,0.5893167,-1.9482076,-1.5163383,-1.1243262,-2.3476,-0.9507179,0.99023795,-0.6190813,2.4242594,-1.135829,-1.483499,2.2557387,-0.3001691,-0.03272104,-1.3629701,-1.5305669,1.4581711,1.1192422,-1.0409753,-0.4549799,-0.82378936,0.16668797,-0.7350788,-0.16808137,0.70865774,0.7051556,0.15033644,2.0994902,-1.3500509,0.44110245,0.82854474,0.92060256,0.49474663,0.3929165,-1.1122618,0.07501791,0.6624882,-0.31854543,-1.0962254,0.20005104,-1.1474342,0.24731806,0.3214462,0.34355712,0.21257284,-0.3229655,0.10179216,0.32603085,0.080541655,0.62143826,0.89832795,-0.051860776,-0.90509653,-0.05828908,1.307461,0.71317816,0.33958903,0.102088064,1.5046551,0.68387187,-0.38025427,0.30425578,-0.36383277,-0.14681679,0.26938194,0.49349982,-0.9662159,0.6580074,0.35890007,-1.3209987,-0.5042137,0.110407084,-0.40072808,-0.569898,-1.2234827,-0.61759484,-1.2842011,1.0568857,0.16967143,-0.4298202,-1.1799647,-0.9854831,-1.4429548,0.029312745,-0.100579545,-1.2666898,-1.0171281,0.08172676,-0.257774,0.5402239,-0.059035003,-0.2066196,0.8553206,0.6025866,-1.2506019,0.2484962,0.40022543,1.2685325,1.2069911,-0.41112962,1.4467709,-1.1665825,0.8353373,-1.3438308,0.061116077,2.4384303,-1.6308247,1.6566699,0.3240608,-0.22005884,0.5506102,-0.9321386,-0.76164806,-0.6594032,-0.16450575,-0.4570818,-1.1281636,2.1370425,-2.057807,1.3297353,-1.5070858,-0.5471521,-0.37062576,-1.484386,-2.196295,0.98179704,-0.091316715,0.5679587,-0.29044005,0.3201364,-0.277056,1.0307341,0.7322456,-0.036838174,-1.092998,1.2831044,-0.75065565,-1.0046546,0.3341118,1.353715,-1.2579224,-1.8467417,-1.375201,-0.9098301,0.98660934,-0.7863864,-0.17088333,1.3611922,0.16335344,0.17824388,-1.1474179,0.25947967,0.23499852,-0.700566,0.76899934,0.6426002,1.6495001,-1.3335854,-0.49509576,0.55651444,-1.9730761,-0.60461783,-0.32578582,2.2055838,0.07362665,0.10218212,1.3067026,-0.040310368,-0.82409006,-0.37424034,1.1402035,0.48953742,1.4381218,0.7848782,-1.0069191,1.6334114,0.8279307,0.34970558,0.2041677,-0.6120509,1.6797523,0.4034317,-0.6135093,-0.08862078,-0.11409791,-0.83508813,0.55617535,-0.46966726,-0.13289638,-0.39320078,0.49355316,0.6383086,-1.7273993,-0.9178257,-0.45882943,0.19723183,0.8797703,2.190402,1.3553259,-0.15232985,-1.2456607,-2.4742885,0.51510316,0.3690253,-0.6260697,0.8973222,-1.3116353,0.12034489,0.51778495,-0.22172788,-1.1694853,-1.6882735,1.7792552,0.5204575,0.091025524,1.8812847,-0.744507,-0.9296023,-0.22207662,1.0911487,-0.35217276,-0.45989802,0.030361652,0.5733868,-1.2409619,1.1946628,0.18804295,0.15159604,0.9532608,-0.58540595,1.3298439,1.1468456,-0.73144406,-0.45636106,-1.1252766,1.3152932,-1.0062641,-0.8145809,0.35200518,-1.8212552,1.1578641,-0.50177366,-0.47795695,0.92513967,-0.22882992,-1.0654873,-1.2995545,-0.5843077,-1.5156847,-1.1252295,0.1618537,-1.1665144,-1.4126099,0.5979006,1.2065291,-1.4009557,0.9841205,0.8058013,-0.03660196,0.76756215,0.44043332,0.29284987,0.4977286,-0.8245059,-0.54567826,0.38298708,-0.4000423,-0.60252523,1.1639813,-2.5129473,-0.94928396,0.06762022,0.84960794,-1.235801,-0.096765414,0.012321204,-0.4895078,0.39136648,0.38082266,-0.31862417,0.32162458,-0.8031771,-0.12842056,-0.21698858,1.0630893,0.36350834,-0.27413118,1.1696962,0.045462698,0.09037393,1.0880266,-0.74736834,-0.2250598,1.5079212,0.5180592,-1.1141957,0.11139992,0.3112713,-0.13420324,1.1233912,-1.7541162,-0.97171825,1.5244591,-1.2681731,-0.9558299,-0.5840667,1.2109494,0.044487,0.41174424,-0.3386472,0.967552,2.1290212,1.0244086,2.6308382,-0.6194096,-1.6017648,-0.8428996,0.90275615,-0.82817423,-0.642113,0.7510642,0.41972533,2.1346376,-0.6766722,0.42804632,0.7028974,-0.60772437,-0.7580795,0.5030483,1.1249411,-0.82053715,-0.48535913,0.9125701,-1.2984166,-0.012199469,-1.6787267,0.022923738,0.62621444,0.21905924,-0.41948205,-0.4784043,0.78835404,0.3421362,0.053058863,0.5535722,1.3724599,1.2838845,-0.5789489,-1.5802372,0.72650546,-1.0479318,-0.77940655,-0.44466037,0.4738665,-0.28316393,0.24172284,0.044564337,0.65043306,0.27327117,-0.60734624,1.8437331,0.4743856,-0.37002215,0.112537816,-1.1044166,2.0056033,-0.927457,-0.2948697,1.186639,0.25663382,-1.7310731,0.56593746,-1.4861717,-0.20536493,-1.2205973,0.30105534,1.1111481,0.38967645,-0.09017849,1.0180843,-0.76026696,0.23165573,0.63509214,0.39474732,-0.13274466,0.61302364,-2.2961488,1.3520801,-0.22237335,-0.6339895,0.12505735,0.5834789,0.23798893,-0.6239783,-0.6627671,-0.22359253,0.08775039,-0.8643192,0.58417875,1.7577915,-0.47455359,-0.30283636,0.9382038,0.6148164,-0.7127372,-1.1441436,2.1260939,0.6279432,0.95220727,-0.654655,-1.0410349,-0.21412875,-0.3762611,0.06897116,-0.3502561,-0.5699341,0.20416683,0.4440363,-0.045266777,1.0011307,-1.8037802,-0.69374025,0.94102824,-0.6485429,0.09755364,0.11798376,-0.32697558,-1.3667511,-0.79322827,0.8013564,0.57300323,0.20055953,-0.14254571,0.35979566,2.105054,0.24503939,0.28610888,-0.61166584,0.774895,1.1289029,0.29934824,-1.0774244,-0.3612896,0.80220413,2.1314998,-0.841153,0.38375008,-0.27000514,-0.05671095,-1.2546337,0.81499285,-0.40566507,0.47228378,2.406406,0.3565143,0.9137288,0.20312084,-0.46415082,-0.22142276,0.17257121,0.31297413,0.091100454,-0.7694919,-0.69927347,-0.39999664,-1.1078446,0.29609215,0.36276412,0.9121516,-0.62140316,0.46006322,-0.07814468,0.20777085,-0.08745546,0.26459283,-1.0317858,0.13609396,-1.1781853,1.7467968,0.8376992,0.57637197,-1.9556823,0.11871607,1.5148984,-0.33145228,-0.80311537,0.7081867,1.275864,-0.80459404,-0.80005217,-0.8467437,-0.73232114,0.5356189,0.88302076,-0.34990552,0.992993,-1.6340556,0.48944443,0.9512334,-1.059265,0.29673633,0.252351,-0.5123613,1.3906145,0.4794333,0.4366269,0.7894355,0.8669429,1.3396628,0.16770855,-0.69695324,-1.4038771,0.8453843,1.0605841,0.15836215,-0.5491152,-0.07036534,0.24855995,-0.40543917,2.074261,-0.54007936,-1.3477135,-1.0746461,-0.32870835,-1.1323664,-0.013164148,-0.4792799,-0.70418763,-1.4086683,-0.054420736,-0.97103846,-0.021543682,0.23001288,-1.4015713,0.5329631,0.48185277,1.5464644,1.0136361,0.50434023,0.6048351,-0.25746512,-0.0033911467,-1.1713469,-0.041986585,0.5186864,-1.080122,-0.32109907,0.4562052,0.10208891,2.4620397,0.34031498,-0.33557314,-0.057908595,0.13679631,0.058593884,0.1828914,-0.17477356,0.16773552,0.350796,0.21664089,0.13497292,-0.52081144,-0.058050662,-0.44136494,1.0190667,0.3466658,1.0275893,-0.4328377,0.67983663,1.2027355,0.5086459,-1.1972767,,,,,,,,,,,,,,,,,,,,,,,,,,,,,,,,,,,,,,,,,,,,,,,,,,,,,,,,,,,,,,,,,,,,,,,,,,,,,,,,,,,,,,,,,,,,,,,,,,,,,,,,,,,,,,,,,,,,,,,,,,,,,,,,,,,,,,,,,,,,,,,,,,,,,,,,,,,,,,,,,,,,,,,,,,,,,,,,,,,,,,,,,,,,,,,,,,,,,,,,,,,,,,,,,,,,,,,,,,,,,,,,,,,,,,,,,,,,,,,,,,,,,,,,,,,,,,,,,,,,,,,,,,,,,,,,,,,,,,,,,,,,,,,,,,,,,,,,,,,,,,,,,,,,,,,,,,,,,,,,,,,,,,,,,,,,,,,,,,,,,,,,,,,,,,,,,,,,,,,,,,,,,,,,,,,,,,,,,,,,,,,,,,,,,,,,,,,,,,,,,,,,,,,,,,,,,,,,,,,,,,,,,,,,,,,,,,,,,,,,,,,,,,,,,,,,,,,,,,,,,,,,,,,,,,,,,,,,,,,,,,,,,,,,,,,,,,,,,,,,,,,,,,,,,,,,,,,,,,,,,,,,,,,,,,,,,,,,,,,,,,,,,,,,,,,,,,,,,,,,,,,,,,,,,,,,,,,,,,,,,,,,,,,,,,,,,,,,,,,,,,,,,,,,,,,,,,,,,,,,,,,,,,,,,,,,,,,,,,,,,,,,,,,,,,,,,,,,,,,,,,,,,,,,,,,,,,,,,,,,,,,,,,,,,,,,,,,,,,,,,,,,,,,,,,,,,,,,,,,,,,,,,,,,,,,,,,,,,,,,,,,,,,,,,,,,,,,,,,,,,,,,,,,,,
ショ,0.2283046543598175,0.7893311381340027,0.0002191139356,-0.6902463436126709,-0.0322711952030658,0.3078213036060333,-0.0776218995451927,0.1385055631399154,-0.307710587978363,-0.9315041303634644,0.3054232001304626,-0.1109748557209968,-0.4459404647350311,-0.0996417105197906,0.1776837706565857,-0.4852660298347473,0.0401610173285007,-0.0134229026734828,-0.0505378022789955,-0.0341332331299781,-0.2417245507240295,-0.556867778301239,-0.4496956169605255,0.2448222935199737,0.4373019635677337,-0.3461832702159881,-0.0142757790163159,0.0985774174332618,-0.5866209268569946,-0.3628644943237304,-0.4657578766345978,-0.5387494564056396,0.0494318343698978,-0.4167186021804809,0.4062129259109497,0.2994683682918548,-0.0870691910386085,0.0304260961711406,0.2669069766998291,-0.0707496330142021,-0.0080563453957438,-0.0702925696969032,-0.2776798009872436,-0.0727240741252899,-0.0792584493756294,0.8468161225318909,0.2511501610279083,0.2846473157405853,0.4308345913887024,-0.0018579602474346,-0.0010998815996572,-0.0467871390283107,0.3165131509304046,0.025285767391324,0.0120886946097016,0.0684144794940948,0.6536592245101929,-0.0144177405163645,-0.3476441502571106,0.0693854913115501,-0.4562488198280334,0.0313112847507,0.3036544919013977,0.005027262493968,-0.2192065566778183,-0.1500294804573059,0.4743776023387909,0.1473022252321243,-0.3359768092632293,-0.1785911619663238,0.0840024426579475,0.1593953073024749,-0.248061791062355,0.1610981374979019,0.6911993026733398,-0.3003669381141662,0.0133655928075313,-0.1470380574464798,0.1199872717261314,-0.3492861688137054,-0.361040711402893,0.4608188569545746,0.1373608857393264,-0.3317233920097351,0.0784028246998786,-0.0385733768343925,-0.7942039370536804,-0.6507061123847961,0.153903841972351,-0.3451766669750213,0.2203884273767471,-0.2594058513641357,0.7485365867614746,0.2210970520973205,-0.0954062342643737,-0.2304647862911224,0.0470966026186943,-0.3146321773529053,-0.2619018256664276,0.360745370388031,-0.0104028638452291,-0.1236327737569809,0.1224168241024017,0.0555003061890602,0.1953674703836441,-0.1366733312606811,-0.2703933119773865,0.1406367272138595,0.0569855943322181,0.2678821980953216,-0.0567926503717899,-0.2268359959125518,-0.2643816471099853,0.3920008540153503,-0.1269684582948684,0.058653887361288,0.1884495764970779,0.4199928045272827,-0.0137902041897177,0.4407359361648559,-0.0089259659871459,0.4899837374687195,0.0690595433115959,-0.1809606701135635,-0.4526049196720123,0.1499457210302353,0.1568612456321716,-0.1987604945898056,-0.0386988036334514,-0.0097035020589828,-0.2299094498157501,0.2878966629505157,-0.2240998744964599,-0.0721627920866012,-0.4704104959964752,0.3075213134288788,-0.2285592705011367,-0.1183796450495719,-0.1612482666969299,-0.3302449584007263,-0.1533427089452743,0.0167674571275711,0.3135737180709839,-0.0488338619470596,-0.2149965465068817,0.2336686849594116,-0.146126314997673,-0.2890873253345489,0.7907119393348694,0.5156090259552002,0.0441646166145801,0.9926066994667052,-0.4048353731632232,-0.0164082292467355,-0.0408914349973201,-0.085323691368103,0.1767033189535141,-0.0835229754447937,-0.3299405872821808,0.5364565253257751,0.0305974055081605,-0.5981964468955994,0.3848862051963806,0.4782348275184631,0.0437444932758808,0.3629408180713653,0.3760019540786743,-0.0739018321037292,0.3606743216514587,0.6854245066642761,0.4467895925045013,0.3419089615345001,0.2648241817951202,-0.3435311019420624,0.5591753721237183,0.5352741479873657,0.0664214417338371,0.2723070383071899,-0.0696397796273231,-0.4252884984016418,0.2615151703357696,-0.1976620703935623,0.2490762621164322,-0.0110025508329272,0.3466138541698456,-0.2575240731239319,-0.2253259420394897,-0.1380408853292465,-0.1302480399608612,-0.2735597789287567,-0.2346334606409073,-0.1058368980884552,0.2140947878360748,-0.4499097168445587,-0.2071635872125625,0.0303861573338508,-0.0363090261816978,-0.261761337518692,-0.0027403347194194,0.6906111836433411,0.2178129404783249,0.2085858136415481,0.2023651003837585,-0.8777275085449219,-0.6905498504638672,-0.0285399984568357,0.2766802012920379,0.5364653468132019,0.3545885980129242,0.1301662772893905,-0.5738493204116821,0.444399356842041,0.0830921977758407,-0.2423791140317917,0.3506858050823211,0.26165571808815,-0.5516838431358337,-0.0969077050685882,0.2517367303371429,-0.7458818554878235,0.3814282119274139,-0.4416746199131012,0.0491306893527507,0.0964123457670211,-0.130419909954071,-0.4384170174598694,0.590569257736206,-0.454621821641922,0.1001112088561058,0.5076991319656372,0.0770543739199638,-0.2555280327796936,-0.4941655397415161,0.0841438919305801,-0.5211338996887207,0.3275319039821625,0.0296561922878026,0.5841538310050964,-0.0498692505061626,0.2251309901475906,-0.0007702069124206,-0.1956908702850341,0.0250802244991064,-0.1009701862931251,-0.0066939466632902,0.2973273992538452,0.0469252578914165,-0.5135172605514526,-0.5822018384933472,-0.2278046458959579,-0.4494055211544037,-0.4620478749275207,0.2182368636131286,-0.2075344771146774,0.3641126751899719,0.2450850009918213,0.2029778510332107,-0.0646495446562767,-0.1067589223384857,-0.3980338871479034,-0.2232086956501007,-0.3236328065395355,-0.0355550982058048,-0.3148984313011169,-0.1440246403217315,0.2831401228904724,-0.0511541552841663,-0.6454958319664001,-0.776977002620697,-0.3136664628982544,0.266232281923294,-0.2930109202861786,-0.2161915451288223,-0.0470464713871479,-0.8787042498588562,0.1375002712011337,0.2781213521957397,0.4777769744396209,-0.5388261675834656,0.4779895544052124,-0.2943092882633209,0.487324059009552,-0.8336783051490784,0.372710645198822,0.0355157554149627,0.1918403357267379,-0.3146290779113769,-0.5882200598716736,-0.1250039637088775,0.2707288861274719,-0.1461087763309478,-0.759894847869873,-0.3211873471736908,-0.0041881646029651,-0.4493943452835083,0.1056969314813613,0.1310553252696991,-0.0794209018349647,0.1924642920494079,0.3947439193725586,0.0587829276919364,0.2271854132413864,0.2278058975934982,-0.5150237679481506,-0.3201245963573456,-0.6626177430152893,-0.2640285789966583,-0.0084026763215661,0.8492478132247925,-0.5168153047561646,-0.0820465162396431,1.0280847549438477,-0.6598988771438599,-0.254317045211792,0.7502868175506592,0.3146312832832336,-1.5349525213241575,0.1894625127315521,0.0681430771946907,-0.2865885198116302,0.0852154418826103,0.5281539559364319,0.4286777377128601,0.6415924429893494,-0.1050516217947006,-0.3596377372741699,0.6266733407974243,0.2974497675895691,-0.2554109394550323,-0.0201659649610519,0.4516245722770691,-0.3104978501796722,0.1587794572114944,-0.3007872402667999,0.0315588898956775,0.1700054556131363,0.0962942764163017,0.0487696789205074,-0.0565310604870319,-0.3429847657680511,-0.1284970343112945,0.1359197199344635,0.2262032777070999,0.6951914429664612,-0.1495798677206039,-0.0800636857748031,0.6032885909080505,0.7330511808395386,0.5510759949684143,0.5679128766059875,-0.3005177080631256,-0.0017830366268754,0.4293340444564819,0.2978668212890625,0.3726810812950134,0.1987997889518737,0.3377734720706939,0.2786547541618347,0.2916427850723266,-0.1997235119342804,0.2618058621883392,-0.3084448277950287,0.2982898354530334,0.0537675805389881,0.161340057849884,0.6686413884162903,0.450585275888443,0.4346163868904114,-0.1545670926570892,0.4564953744411468,0.6620067954063416,0.132509246468544,-0.0345741435885429,-0.434889554977417,0.0677131414413452,-0.1501843482255935,0.4730085432529449,-0.1120481416583061,0.8207640051841736,-0.401414155960083,-0.0167322997003793,-0.0192455258220434,0.2577264904975891,-0.2546326220035553,-0.4817886650562286,-0.2938423752784729,-0.8165203332901001,-0.683810293674469,-0.2418887168169021,-0.443853884935379,0.2533622980117798,0.1449041813611984,0.2122066617012024,-0.4587754905223846,-0.2672913372516632,0.1598013341426849,-0.2482963949441909,0.2002093493938446,-0.3952578604221344,0.4420726001262665,-0.0640022158622741,-0.0927467569708824,-0.0351452268660068,-0.1798297464847564,-0.6414347290992737,-0.3546015620231628,-0.6851749420166016,0.2118288427591323,0.2456304132938385,0.4648495018482208,-0.304945558309555,-0.0362503044307231,-0.153953805565834,0.1635227352380752,0.1321999877691269,-0.5975485444068909,-0.4176119565963745,0.2444899380207061,0.2468039989471435,0.3364176452159881,0.7047562003135681,0.1856750398874282,0.3355709314346313,0.1508931368589401,0.086035244166851,0.1071151718497276,-0.2374561727046966,-0.1689526736736297,0.6010875105857849,0.000431860476965,-0.0603410862386226,0.2297626435756683,0.0991856530308723,0.0655785575509071,-0.1913573741912841,-0.4712237417697906,0.0785098075866699,0.1002240404486656,-0.3137194216251373,0.3111961781978607,-0.0041013956069946,0.672519326210022,-0.3693390190601349,-0.0032523812260478,0.3604865670204162,0.2146955877542495,0.4006662964820862,-0.4733363687992096,0.006279504392296,-0.2570718228816986,0.2697454988956451,0.3470699489116668,0.3321685791015625,0.1208919063210487,0.339318037033081,0.6675978899002075,0.04086684435606,0.2713790237903595,0.2633883059024811,-0.0681295394897461,-0.4309864640235901,0.0380658507347106,-0.112614668905735,-0.0279084481298923,-0.4654761552810669,0.0936223864555358,0.1265539228916168,-0.0400786027312278,-0.0064239646308124,-0.2158211767673492,-0.4222986400127411,-0.2465416342020034,-0.190931349992752,0.0879986733198165,0.1785637587308883,0.258786678314209,0.3916025757789612,-0.1032566204667091,-0.4911548495292663,0.5598074197769165,-0.1283477991819381,-0.069366455078125,0.1802635192871093,-0.4588852524757385,-0.2436957508325576,0.3996288180351257,-0.0660810619592666,0.1386255472898483,-0.27130126953125,0.3960331380367279,-0.0706033930182457,-0.5956684947013855,-0.0844382643699646,-0.0033354628831148,-0.3174983561038971,-0.4006783366203308,0.7325326800346375,0.1402434110641479,-0.6115754842758179,-0.6784621477127075,-0.2734947204589844,-0.4313403069972992,-0.1498757153749466,-0.5048642158508301,-0.2235249876976013,-0.19141186773777,-0.1967945098876953,0.5738834142684937,0.2716981172561645,-0.4582567811012268,0.7074304223060608,0.4335181415081024,0.4153755903244018,-0.3400882184505462,-0.40520179271698,0.0468157269060611,-0.077451191842556,-0.3228339552879333,0.2224424928426742,-0.2000925242900848,-0.0283288545906543,-0.4559940993785858,-0.6941409111022949,-0.7710542678833008,-0.1857616901397705,-0.758069634437561,0.3773366212844848,0.2222668081521988,0.0231490135192871,-0.4691428542137146,0.3682703673839569,-0.3120962977409363,0.2781900763511657,0.2773261964321136,-0.1845925450325012,0.1148344203829765,-0.631893515586853,0.139800950884819,-0.4332737326622009,-0.998008668422699,0.8505892157554626,0.4705871045589447,-0.7456851005554199,-0.1980885416269302,-0.0569831393659114,0.1255358308553695,-0.3266188502311706,0.0593798421323299,-0.2255244553089141,0.1618250608444214,0.3880086541175842,0.3295420110225677,0.1866107583045959,0.1020288616418838,-0.375136137008667,-0.2008048444986343,0.2346640527248382,0.4567102789878845,0.736954391002655,-0.1439768373966217,0.0549518130719661,-0.2308725416660308,-0.2568402588367462,0.1859365105628967,0.1064822971820831,0.4346268475055694,0.0638484209775924,0.5723000168800354,0.6819393634796143,-0.243947371840477,0.3415144085884094,0.4825946688652038,0.2448949962854385,0.4752700328826904,-0.0457554534077644,0.0954469740390777,-1.0813030004501345,0.3502972722053528,-0.1145230382680893,0.2780557572841644,-0.1324570775032043,-0.2311864197254181,0.1668270230293274,-0.2044654488563537,-0.0420801676809787,0.1655645668506622,0.0392424054443836,0.4011772871017456,0.4279835224151611,-0.1208354011178016,0.6188877820968628,0.4183763563632965,-0.3216933608055115,-0.1768267601728439,-0.2135247141122818,-0.057449422776699,1.079925775527954,0.0151468478143215,0.0323776565492153,-0.1394792348146438,-0.8818488717079163,0.4731625318527221,0.0625792369246482,-0.4225859940052032,0.6786478161811829,-0.4513055384159088,-0.2988471388816833,0.7438033223152161,0.185499370098114,0.1246291622519493,-0.0918589532375335,-0.9956426024436952,0.2553341686725616,-0.1651704460382461,-0.0420912317931652,0.4175013601779938,0.2262026518583297,0.1834922879934311,-0.1640747189521789,-0.2679892778396606,-0.0801611244678497,0.6362928748130798,-0.1089105978608131,-0.3208322823047638,0.0077819726429879,-0.2405453622341156,0.0422936603426933,-0.048470601439476,-0.0045811706222593,-0.1017855107784271,-0.2086309641599655,0.1760303378105163,-0.4114229381084442,0.0744765400886535,0.0450449213385582,0.1509630382061004,0.0081340093165636,0.0595919378101825,-0.4358670115470886,-0.6818418502807617,-0.0269382689148187,0.3204091489315033,-0.7822955250740051,-0.1549045890569687,-0.2095700055360794,-0.1892410665750503,0.2134782671928405,-0.1095760911703109,-0.7792156934738159,0.0773057341575622,-0.6258324384689331,-0.025297213345766,-0.5203964710235596,-0.0582575276494026,0.3355436325073242,0.0532894134521484,-0.2036162763833999,-0.5566251873970032,0.2885313332080841,0.2149784713983535,0.423637181520462,-0.2098501324653625,-0.0619802810251712,-0.0213649831712245,0.4444200992584228,0.2942081391811371,-0.1771599352359771,0.1417105048894882,-10.402750015258787,-0.0077664330601692,-0.5414326190948486,-0.0669736638665199,-0.4270269870758056,0.1829641461372375,0.8268499970436096,0.1709399372339248,-0.2324569970369339,0.552730917930603,0.331491470336914,0.5395879745483398,0.5592255592346191,0.5407611131668091,-0.5489458441734314,-0.057997528463602,0.0845218151807785,0.1726946532726287,-0.513979434967041,-0.2652775943279266,0.0952647626399993,-0.3621502220630646,0.6749326586723328,0.2930800020694732,-0.1599786728620529,-0.6549948453903198,-0.3670540452003479,0.4938880801200866,-0.4274978637695312,0.1864371597766876,-0.5031628608703613,0.4682232141494751,-0.2186492532491684,0.1022763848304748,-0.6303516626358032,-0.1588874012231826,-0.071713201701641,-0.0084501523524522,0.0268280766904354,0.4023565351963043,-0.1264661848545074,0.6079275012016296,0.4686408638954162,-0.1834808886051178,0.3533813655376434,0.5853736996650696,0.2267607748508453,0.3187667429447174,0.5242153406143188,-0.1416100710630417,0.1227910071611404,-0.040171705186367,0.2680443227291107,-0.6839832663536072,0.419475108385086,0.257938802242279,0.6324306726455688,-0.7606148719787598,-0.3314964175224304,0.167871281504631,0.3142702877521515,-0.1882435232400894,0.9384612441062928,0.6297095417976379,-0.2359187304973602,0.5064928531646729,0.4082295298576355,0.1923223733901977,0.0555984489619731,-0.3947871625423431,0.4501593708992004,0.3644503653049469,-0.7323861122131348,0.3435741066932678,-0.5679139494895935,0.7753034830093384,0.0115990135818719,-0.0830778256058693,0.3380842804908752,-0.0936827212572097,0.2872688770294189,0.1856337189674377,0.1969535201787948,0.2477642148733139,-0.8873093128204346,0.3959076702594757,-0.5624526143074036,-0.2822060883045196,0.2594040334224701,-0.6390024423599243,0.1025163382291793,0.2662487030029297,-0.2828689515590668,0.4093946516513824,0.456691712141037,-0.3387525081634521,0.1220334097743034,0.2254482805728912,0.2622737288475036,0.0777414664626121,-0.63930386,-0.4710436,0.34034303,1.4625956,-0.62290585,-0.34539387,-1.3492143,0.43317837,1.1778759,-0.07578041,0.4250548,0.005413589,-1.4237932,2.2000291,-0.68343335,-0.1388848,0.6685323,-0.99167,0.6226648,-0.2892067,0.5432488,0.7890519,0.43786016,-0.827773,0.8510722,0.5955297,0.64214545,-0.3141113,-0.8684805,-0.5740179,0.2709409,-0.36834863,-0.46152526,-0.30484462,0.2404023,-1.1833162,-1.1742446,0.96926177,0.27582482,-0.68521774,-0.9151413,0.6554278,-0.07357959,-0.12865579,-0.4756376,-0.51085293,1.9420198,-0.78791857,0.85599726,-0.44444245,-0.86217296,-0.5097468,0.21025744,1.0663012,0.609341,-0.46912795,1.2573363,1.0646801,-0.14775182,-0.5345906,0.41532975,0.93252194,-1.1252178,-0.24321458,0.2810853,0.7103646,-0.044332184,-0.20959906,-0.50369465,0.2193582,-2.1000974,-1.0955275,-0.24956405,1.2292469,-1.5411286,1.0092995,0.35997075,-0.87820977,0.3743147,-0.13756105,0.35736746,-0.14987852,-0.8681011,1.3357313,-0.39651227,-0.79845655,-0.946161,-0.029576221,-0.82254493,-0.18274131,-0.26035398,-1.4543192,-1.5583198,-1.0648062,1.2616149,-0.17811878,-1.0082797,-1.0795386,-1.1635501,0.17515711,0.1260179,1.1910188,0.2200768,-0.40085918,-0.95980966,-0.3657477,-0.87183285,-0.13992727,-0.4018425,0.6654858,-0.06202317,-0.01850864,0.9255537,1.3835285,0.5413786,0.80453414,-0.7917391,-0.34566817,-0.37897462,0.30264086,1.343953,0.57088715,-0.7030015,0.47552434,0.010452578,1.0988926,0.30255446,-1.0498315,0.32918754,0.34848338,0.817351,0.17716828,2.154184,0.5188505,-0.49668828,-0.48202142,-0.3684291,-0.10261257,1.0222485,-0.9960371,-0.61789554,0.43305358,-0.3488118,-0.124250814,0.27958304,-1.3260351,0.1765238,0.7054945,1.3199241,-0.092696056,-0.44410664,-0.0018643618,-1.1726992,0.5219331,0.86895335,-0.2572276,0.12808928,0.043142658,-1.1222293,1.3718663,-0.06863646,1.4166752,-0.91097975,0.20129666,-0.15553895,0.70309824,-0.95152026,0.70076764,-0.916944,-2.3947632,-0.5194814,0.12687847,-0.12064116,-0.21662028,0.5431142,-0.13979508,0.16354644,0.21878615,-1.3431519,-0.06959702,1.0559614,1.0739712,-0.39050624,0.98386544,-0.03846591,-0.111911915,0.5272732,0.6498683,0.5289094,-0.044583127,0.8211486,-0.5699008,0.602979,0.78697145,0.5457054,2.4312673,0.5238482,-1.4887584,-1.3839195,0.73799574,-2.0527945,-0.23602143,0.9368598,-0.9198389,1.1689487,-0.65641576,-1.1412446,1.8591163,0.645416,-0.39265555,-1.1379529,-0.7314396,0.77383566,0.5209307,-0.7320422,-0.014756918,-1.0692966,0.04047166,-0.5893509,-0.46596557,0.74445564,0.4037718,0.2570836,1.5949624,-0.8917227,0.57914436,0.49163142,0.46181768,0.020233547,0.54678917,-1.2118189,0.5513185,0.554941,0.07483448,-0.16379198,-0.090340264,-0.9494109,0.7192656,-0.4882566,0.693751,0.6558908,-0.4620759,0.30816862,0.060900457,0.5553259,0.7587933,1.5314862,0.17496073,-1.6818441,-0.16438758,0.34127373,0.96220523,0.146471,0.33485377,0.09606596,1.1018921,-0.5963305,0.28351575,-0.37147826,-0.44750372,0.19562343,0.65831804,0.13135758,0.3402676,0.39362508,-0.5883523,-0.25158316,0.29981068,0.12922749,-1.0136122,-1.0949446,-0.34423938,-1.2025734,0.07920567,0.41600943,0.55925226,-0.7966177,-1.069427,-0.8410698,0.5075408,0.76155955,-1.1066651,-0.33646327,0.041123267,-0.40575725,0.71041185,0.15550505,0.10549667,0.36216646,1.1439446,-1.4068313,0.7366935,-0.23370567,0.5595533,1.4557768,-0.24033599,0.81577903,-0.45722342,0.50649405,-0.92707884,0.41429463,0.7068745,-1.7268972,1.0288806,-0.4289341,-0.5119396,0.7994336,-1.2131083,-0.92251873,-0.6868159,0.21632478,-0.012439041,-1.021463,1.7188246,-1.6770432,1.3906914,-1.3785452,-0.68900573,-0.6796073,-0.41975585,-1.3113654,0.70716774,0.53871006,0.23742945,0.6862637,0.05071472,0.08668874,0.07961045,-0.18813485,0.8592472,-0.27505022,0.9744231,-0.57777727,-1.5925373,-0.0800454,0.5454246,-1.2671391,-1.5834703,-1.4644998,-0.14808503,0.056061327,-0.9477879,-0.3798197,1.1959854,-0.0138607975,0.5487772,-1.1317918,-0.43656,0.45666257,-0.4889303,0.9529022,-0.09511407,1.5709375,-1.101119,-0.006083779,0.54545915,-1.828474,-0.31591284,-0.329135,1.6556702,0.29933777,0.39292037,0.6799468,0.34368604,-0.5181378,-0.4831016,1.1167805,-0.04997432,1.889793,0.4025208,-0.124853596,1.6881298,-0.22286236,0.2473652,-0.1640406,-0.42842025,1.2781241,-0.14599046,-0.22718732,-0.40817586,-0.418876,-0.32601836,-0.11341437,0.21919961,0.008240414,-0.43277583,0.83771193,0.5399693,-0.5835527,-0.63919896,-0.8954185,0.743874,1.0602366,1.7207851,1.546496,-0.5299211,-0.7973676,-2.080763,0.33869678,0.85124433,0.56753814,0.8120332,-1.6970568,0.12192054,0.3205045,0.044569645,-1.1858443,-1.721781,1.4325336,0.3678329,0.2795052,1.3693392,-1.2491393,-1.2644651,-0.6166247,-0.05696363,0.35477948,-0.8052627,-1.1091826,0.3082405,-0.60888875,1.1330395,1.1661355,0.5113349,-0.66897935,-0.03439753,0.52565765,0.008716091,-0.7226243,-0.53600025,0.17685357,0.47923908,-1.2707613,-0.8685533,0.52183855,-1.8447983,0.9638518,-0.20225596,-0.06191405,-0.36803383,-0.34876412,-0.6563345,-0.15274626,0.035046928,-0.8844773,-0.86767024,0.5689641,-1.1667265,-1.5022528,0.63865143,1.5896797,-0.7371241,0.36221373,0.37858117,0.18696173,0.66536933,-0.022112262,-0.13074234,0.6714286,-0.14885609,-0.08615244,-0.31366548,-1.4886106,-0.36156625,-0.1633069,-1.1141787,-1.5468782,1.3099865,0.9037178,-1.8824272,-0.46778956,-0.14735526,-0.64025307,0.88023436,1.0657864,0.3753716,-0.28434485,-0.4469232,0.17977944,-0.030811602,0.7489044,-0.24219367,0.12779847,0.656535,-0.18918118,0.55720836,1.8862789,0.5123324,1.4078218,0.9007341,0.744853,-0.19831696,0.29933047,-0.5506996,-0.387976,0.35162705,-1.1143914,-0.7938584,1.3063467,-0.52822286,-0.90813464,-0.0444469,0.7878546,-0.52738297,-0.2575833,-0.118870124,1.0263011,1.4194423,1.1902972,1.6587517,-0.043588925,-0.3063748,-0.7530548,0.4125988,-1.2947971,-0.9431882,-0.04168299,0.56756675,2.1332018,-0.2237093,0.4261674,0.93759316,-0.83215904,-1.3730516,0.5920024,0.15100703,-0.3504935,-0.4617633,0.38650662,-0.82818735,-0.044605486,-1.5637617,-0.40661335,0.3023114,0.95288974,-0.33141658,-0.22005132,0.7826083,0.079660535,-1.1323433,0.10577957,0.9752243,1.2542385,-0.39469057,-0.8899724,0.3773848,-0.4731388,-1.3108652,0.14244983,-0.92956716,-0.69365567,0.0011953444,-0.5591485,-0.06772623,-0.7046895,-0.48015738,1.391445,-0.066421226,-0.3861391,0.29406852,-0.7368073,1.4550979,-0.052090686,-0.34020036,1.1567093,0.65770024,-1.4759676,0.3159607,-1.2203424,0.8170494,-0.35265177,1.1893525,1.2452796,0.8191991,-0.16808912,1.2318969,-0.2496222,-0.29590616,-0.40207,0.46893087,-0.24281684,0.3515237,-1.8296026,1.1394703,-1.37835,-0.92385596,-0.4462966,0.63405645,-0.34422946,-0.10304191,-0.52492565,0.27969247,0.3369367,-0.85687625,0.9285966,1.9401852,-0.3043963,-0.91726243,0.5591427,0.8210909,-0.49578872,-0.11217364,2.670445,0.8123747,0.7305188,-1.0997776,-0.82872546,0.53690207,-0.44453868,-0.93229616,-0.002284199,-0.28979048,0.17702737,0.39696005,-0.31722143,1.0882865,-0.98415965,0.33445582,0.97158134,-0.8089323,0.03147485,0.2501633,-0.70525116,-1.5728785,-1.290111,0.28423882,0.4470459,-0.6657593,0.19121164,0.7304968,1.4852053,1.0384507,-0.15553327,-0.6966561,0.61531985,1.340456,0.5355153,-0.7954425,-1.3727483,0.50156176,1.1440358,-0.7748141,0.46466383,-0.07413648,-0.56538725,-1.6607056,0.95566654,0.07240866,0.07644573,1.0595046,0.43622416,0.19987641,0.87207574,-0.0018154144,0.26014155,0.0022586167,-0.38968924,0.078418195,0.12092464,-1.1016462,-0.23686938,-0.7094088,0.0032847165,-0.35982886,0.38475314,-1.5154572,0.5577931,-0.041002225,0.53774697,0.2523768,0.31177288,-1.0308149,-0.39354748,-0.77826154,1.6440758,1.3735485,0.06403047,-1.3045553,-0.26706013,1.1565824,0.69597864,-0.6089016,0.14237384,0.0790019,-0.83628863,-0.66332406,-1.2177023,-0.27294236,0.23435745,0.16114688,-0.6685867,1.2086807,-1.746319,0.6032612,0.08983037,-1.2078661,0.14360872,0.5459839,-0.5191871,1.899245,1.3637305,-0.08366922,-0.04247455,0.7621254,0.7932073,-0.3846644,-0.34590217,-1.1849176,0.7178408,1.2585138,0.57959074,-1.4212816,-0.07403696,0.58144474,-0.30499446,1.6144207,-0.22359665,-0.8464967,-0.29449445,-0.41862893,-1.0638057,-0.46193045,-0.8322096,-0.2131995,-1.7376477,0.1878933,-0.5354634,-1.0193036,0.26703689,-0.2652896,0.017559856,-0.03488934,1.0200893,0.63697374,0.5030816,0.5315625,-0.6148387,-0.1004125,-1.2564566,-0.20815754,0.85025084,-0.92815226,0.6149567,0.29520565,1.2802143,1.8079742,0.2330095,-0.59762925,0.38617826,0.0868606,-0.07770918,0.2299118,-0.5860668,-0.22762363,0.5641901,0.40345564,0.50562465,-1.4332466,-0.7523193,-0.044214357,0.65455496,0.0025223016,0.44152132,0.42736277,0.3944803,1.7727511,0.9267951,0.038895357,,,,,,,,,,,,,,,,,,,,,,,,,,,,,,,,,,,,,,,,,,,,,,,,,,,,,,,,,,,,,,,,,,,,,,,,,,,,,,,,,,,,,,,,,,,,,,,,,,,,,,,,,,,,,,,,,,,,,,,,,,,,,,,,,,,,,,,,,,,,,,,,,,,,,,,,,,,,,,,,,,,,,,,,,,,,,,,,,,,,,,,,,,,,,,,,,,,,,,,,,,,,,,,,,,,,,,,,,,,,,,,,,,,,,,,,,,,,,,,,,,,,,,,,,,,,,,,,,,,,,,,,,,,,,,,,,,,,,,,,,,,,,,,,,,,,,,,,,,,,,,,,,,,,,,,,,,,,,,,,,,,,,,,,,,,,,,,,,,,,,,,,,,,,,,,,,,,,,,,,,,,,,,,,,,,,,,,,,,,,,,,,,,,,,,,,,,,,,,,,,,,,,,,,,,,,,,,,,,,,,,,,,,,,,,,,,,,,,,,,,,,,,,,,,,,,,,,,,,,,,,,,,,,,,,,,,,,,,,,,,,,,,,,,,,,,,,,,,,,,,,,,,,,,,,,,,,,,,,,,,,,,,,,,,,,,,,,,,,,,,,,,,,,,,,,,,,,,,,,,,,,,,,,,,,,,,,,,,,,,,,,,,,,,,,,,,,,,,,,,,,,,,,,,,,,,,,,,,,,,,,,,,,,,,,,,,,,,,,,,,,,,,,,,,,,,,,,,,,,,,,,,,,,,,,,,,,,,,,,,,,,,,,,,,,,,,,,,,,,,,,,,,,,,,,,,,,,,,,,,,,,,,,,,,,,,,,,,,,,,,,,,,,,,,,,,,,,,,,,,,,,,,,,,,
オ,0.5296596884727478,0.2130906283855438,0.4559382796287536,-0.3788235783576965,0.0963736400008201,0.229296863079071,0.2386744916439056,0.2548413276672363,-0.0763473808765411,-0.5995948910713196,0.3987560868263244,-0.4263967275619507,0.4475667774677276,-0.2476707696914672,0.6969519257545471,-0.0656861960887909,0.0709809884428978,-0.1644545197486877,-0.0108748702332377,-0.3702743947505951,-0.7576481103897095,-0.413432627916336,0.3180697858333587,0.3614082336425781,0.053830225020647,-0.3144461810588836,0.024836154654622,0.22332763671875,-0.1629917174577713,0.0653100684285163,-0.163625493645668,-0.366718590259552,-0.2875009775161743,-0.143985703587532,-0.1412046998739242,0.7164433598518372,0.0447980128228664,-0.334321528673172,-0.048272281885147,-0.4448588788509369,0.2024504095315933,-0.0392537266016006,-0.0778143554925918,-0.4906745254993438,-0.4244580864906311,0.3569748103618622,0.1421144604682922,0.4508043527603149,0.3910716772079468,0.065802477300167,-0.2395339757204055,0.3987994194030761,0.2064034640789032,0.0377097837626934,0.5504782795906067,-0.1333968788385391,0.3774928748607635,-0.541711688041687,-0.0768055692315101,0.2613519728183746,-0.3717130422592163,-0.2485538125038147,0.521899402141571,-0.136066272854805,0.0811342075467109,0.026225758716464,-0.2150810807943344,-0.1482564061880111,0.0450063794851303,-0.7747994661331177,-0.2178253978490829,0.2925040125846863,0.3747594952583313,-0.3835846185684204,0.6918500065803528,-0.3065555095672607,0.2237822115421295,0.1153149232268333,0.2371601611375808,-0.2251027226448059,-0.3462476432323456,0.2766848802566528,0.2552945911884308,-0.7245570421218872,0.0226185377687215,0.0493616014719009,-0.4940282702445984,-0.9880563616752625,0.452703058719635,-0.3511286675930023,-0.0228992886841297,0.0741178765892982,0.2153235077857971,0.2377034276723861,0.0652189552783966,0.1718862056732177,0.1264184862375259,-0.2441621720790863,-0.2346249967813491,0.2505479454994201,0.0868691354990005,0.4093315303325653,0.32750204205513,-0.1709804832935333,-0.2634230852127075,0.0760699585080146,-0.1548914760351181,0.2174850106239318,0.2510367929935455,0.0809057801961898,-0.3745799660682678,-0.2978120148181915,-0.4654948711395263,0.2725546658039093,-0.0209189262241125,0.1435899883508682,-0.198187306523323,0.3388965129852295,-0.4349301159381866,0.6078699827194214,-0.2538466453552246,0.7915907502174377,-0.0356875881552696,0.3047783374786377,0.2150291949510574,0.5052955746650696,0.0175789315253496,-0.0272460542619228,-0.1284803003072738,-0.2572053372859955,0.0357783772051334,-0.0579200908541679,-0.6814077496528625,0.0921545028686523,-0.2537298202514648,0.9225340485572816,-0.0114336526021361,-0.0479016825556755,-0.136097177863121,-0.4668779373168945,-0.1524674445390701,-0.1324257403612136,0.2752945125102997,-0.4046907126903534,-0.1197020336985588,0.1626258939504623,-0.2094656676054,-0.4744023382663727,0.4888186752796173,0.3426395952701568,-0.391703337430954,0.8269580006599426,-0.7304170727729797,0.0575210861861705,-0.0262061338871717,0.3646568357944488,-0.7473659515380859,0.1510887295007705,0.0498598143458366,0.5594866871833801,0.0929848328232765,-0.4336896538734436,0.1997489929199218,0.3209051787853241,0.1022119894623756,0.4263670146465301,0.4947990477085113,0.234954759478569,0.1953546553850174,0.4709454476833343,0.0561673045158386,0.4962971210479736,0.0458567067980766,-0.2137681096792221,0.4985187947750091,0.2918106913566589,0.1293936520814895,0.2646268904209137,0.0680747330188751,-0.5479270219802856,-0.0365224033594131,-0.1630211323499679,-0.0103595312684774,-0.1495637893676757,0.4607514441013336,-0.16131691634655,-0.0502539128065109,0.1145083829760551,-0.2079464346170425,0.1704038232564926,0.0367571040987968,-0.262583464384079,0.3753058016300201,-0.6912090182304382,0.0999286249279975,-0.3194076120853424,-0.3274402320384979,-0.3803856372833252,-0.302856832742691,0.3924706578254699,0.0625739246606826,-0.0227741338312625,-0.1504396349191665,-0.1841774731874466,-0.8772600889205933,-0.3443240523338318,0.072902612388134,0.655198872089386,0.360122412443161,0.2266106456518173,0.0718065351247787,0.2478867173194885,0.4675061106681824,0.0748334527015686,0.1430813670158386,-0.0019422065233811,-0.2316767424345016,-0.1867131143808365,0.1263024359941482,-0.1210856661200523,0.4201357662677765,-0.0982303693890571,0.3487502336502075,-0.0542345009744167,-0.406590849161148,0.2436564266681671,0.0867293998599052,-0.3940061628818512,0.0503381453454494,0.7268115282058716,-0.2607754468917846,-0.6348714232444763,-0.4985277056694031,-0.0947990268468856,-0.6508302092552185,0.0662958398461341,-0.268383651971817,0.2855084538459778,-0.349700003862381,0.112674169242382,-0.1744929105043411,-0.4754193425178528,-0.1815786063671112,-0.2118682861328125,0.0328344888985157,0.1429506987333297,-0.0228110589087009,-0.1918207108974456,-0.51520836353302,-0.035258699208498,-0.3487142920494079,-0.4789979457855224,-0.0031026471406221,-0.5512425303459167,0.4469566941261291,0.2267684787511825,0.519576370716095,-0.0401957146823406,0.2230084687471389,-0.021178001537919,-0.0647084936499595,-0.8502422571182251,-0.1223883181810379,-0.082101322710514,-0.5005362629890442,-0.0289797261357307,0.0161732789129018,-0.4629672467708587,-0.3051377236843109,-0.4279847145080566,-0.0537696257233619,-0.4275308847427368,-0.4585559368133545,0.0507671535015106,-0.0609349831938743,0.121000550687313,-0.1441505849361419,0.4983959794044494,-0.4443674683570862,0.157625675201416,-0.6233783960342407,0.1977990418672561,-0.6939910650253296,-0.2582651376724243,0.0102615738287568,-0.2509933710098266,-0.385790079832077,0.1677277833223343,-0.4675479829311371,0.3769758343696594,0.3340494334697723,0.0589170567691326,-0.4295046031475067,-0.0234155897051095,-0.379841536283493,0.1281551122665405,0.2171487510204315,0.7272565960884094,0.2176287770271301,-0.0618875958025455,0.1726910173892974,0.4014920890331268,0.1911408603191375,0.1473643630743026,-0.1017887517809867,-0.2969529330730438,0.0840102732181549,0.055018100887537,0.6373216509819031,0.1061175316572189,-0.0175985414534807,1.0461182594299316,-0.3499410450458526,0.2470925748348236,0.49268639087677,0.2864406108856201,-1.7427469491958618,0.0124134626239538,-0.1290074437856674,0.0475340001285076,-0.2400045990943908,0.28074511885643,-0.0035546065773814,0.137170597910881,-0.459278792142868,-0.5403351783752441,0.9039117693901062,0.2878541350364685,-0.0093382988125085,-0.5122708082199097,0.3493413031101227,-0.2350283712148666,0.0298427008092403,-0.4780119359493255,0.2126775383949279,0.4782304167747497,-0.4107668399810791,0.0539882034063339,-0.1659918874502182,-0.537499725818634,-0.083966925740242,0.1677630394697189,0.1615692526102066,0.247225672006607,-0.5302152037620544,0.1380523741245269,0.3138780891895294,0.4008596837520599,0.7858495712280273,0.3039855659008026,-0.0616408102214336,0.0577767044305801,0.4450687170028686,0.1350419074296951,0.4254122972488403,-0.2856252193450928,0.1758316755294799,-0.0475820116698741,0.8534377217292786,0.0125897396355867,0.0911166295409202,-0.0015497871208935,0.1213041767477989,0.2295670956373214,-0.081953153014183,0.3548986315727234,0.1464321017265319,0.0478751249611377,0.1907066702842712,0.5322242379188538,0.5807309746742249,0.1449556350708007,-0.2838995158672333,-0.3661825656890869,0.0364569164812564,-0.321286529302597,-0.6244051456451416,-0.3386206030845642,-0.3438629508018493,-0.1222211271524429,-0.4495676457881927,0.2929139733314514,-0.0296255443245172,-0.5183850526809692,0.0549229495227336,-0.3556650280952453,-0.4252268970012665,0.3321499228477478,-0.0532559305429458,-0.7333111763000488,0.5861435532569885,0.2217282354831695,0.2881442606449127,-0.5338570475578308,-0.6530799865722656,-0.0423921756446361,-0.2733902633190155,-0.3039427995681762,0.1676573008298874,-0.3308295905590057,-0.0540301539003849,0.3473367393016815,-0.0784889757633209,-0.0932381302118301,-0.3437794744968414,-0.2950970530509949,-0.7089868783950806,0.1887605041265487,-0.0504166632890701,0.3232135474681854,0.0219684243202209,0.2221865206956863,0.2203065305948257,0.0448722839355468,-0.2711859345436096,0.0839256197214126,-0.3249978721141815,0.5804333090782166,0.3907267451286316,0.1664255708456039,0.581920862197876,0.4442465603351593,0.2811322212219238,0.5245891809463501,0.0202089324593544,0.0134099787101149,-0.610522449016571,-0.3011751174926758,0.7100160717964172,-0.0379120931029319,0.2432178258895874,-0.107879638671875,-0.0181926805526018,0.6090810298919678,-0.0324829034507274,-0.5741919279098511,0.0005142665468156,0.0738754346966743,-0.1841550320386886,0.262513518333435,0.6575903296470642,0.8228428959846497,-0.0232491437345743,0.0209028869867324,-0.140678659081459,-0.1875307261943817,0.3151618540287018,-0.1306444257497787,-0.1179750114679336,-0.2945268750190735,0.0095409927889704,0.2994397580623626,0.6596575975418091,0.2006724327802658,0.6231606602668762,0.3094731569290161,-0.3437167704105377,0.2674251198768616,0.435273140668869,0.4795292615890503,-0.2945265173912048,-0.2899815738201141,-0.3539811670780182,0.0258303135633468,-0.3896693289279938,-0.0662572011351585,0.6731356978416443,-0.1594995409250259,0.1768974959850311,0.0076765068806707,-0.6110824346542358,-0.6220504641532898,-0.3782775104045868,0.1608152389526367,-0.0992601439356803,0.1433831602334976,0.2025719732046127,-0.0135760903358459,-0.4930251836776733,0.1857774257659912,0.0561464726924896,0.2988999783992767,0.5034912824630737,-0.1536019593477249,-0.0901676565408706,0.0035907886922359,0.0382498726248741,0.0676893964409828,-0.1810710877180099,0.0458883009850978,-0.2628243565559387,-0.4944120943546295,0.0162131208926439,0.1840128451585769,0.2542142868041992,-0.1465330421924591,0.6534149646759033,0.1324674189090728,-0.5132039189338684,-0.565060019493103,-0.237240582704544,-0.2221661806106567,-0.0452727153897285,-0.4980322420597076,-0.0901912376284599,0.0443757846951484,0.3667648136615753,0.0876772403717041,0.2802462577819824,-0.3576146960258484,0.0792291760444641,0.2387515604496002,0.6340348720550537,-0.1300701349973678,0.2300144582986831,-0.1985842436552047,0.0217490531504154,0.0881654992699623,0.0755990594625473,0.0594925098121166,-0.1432090848684311,-0.536220908164978,-0.6978509426116943,-0.3783296048641205,-0.1789586842060089,-1.0786592960357666,0.5394381880760193,0.1386258453130722,0.2410538047552108,-0.4676302969455719,-0.4629960358142853,-0.147763043642044,0.3010770082473755,-0.115580216050148,0.4248737096786499,-0.2177674025297165,-0.5781479477882385,-0.0497000403702259,0.1251947283744812,-0.6601473689079285,0.9405031204223632,0.2545405626296997,-0.4916508197784424,-0.3954956829547882,0.387395292520523,0.1958344131708145,-0.2218459993600845,0.1072808057069778,-0.1325920820236206,-0.5393648147583008,0.1550326347351074,-0.3469339609146118,0.3210111856460571,-0.1543601602315902,-3.526743239490315e-05,-0.1246603056788444,0.5851903557777405,0.3443279862403869,0.2443006783723831,0.0775589197874069,-0.2279006391763687,-0.2089708745479583,-0.2480691522359848,0.3257020711898803,0.1407943069934845,0.3850536048412323,-0.1766823679208755,0.3162503838539123,0.5831259489059448,-0.8466090559959412,0.0867414474487304,0.7604172825813293,0.4110320210456848,0.444315493106842,-0.1525647640228271,0.03209038823843,-0.8170374035835266,0.1355699896812439,0.1418216824531555,-0.0172215569764375,0.4570207893848419,-0.0356507040560245,-0.1375111788511276,-0.4097650349140167,-0.0168074183166027,0.4003950655460357,0.1728287488222122,0.0364892520010471,0.4355419874191284,-0.1556229144334793,0.5133227705955505,0.3383309543132782,-0.2615169286727905,-0.3602937161922455,0.0543467439711093,0.4090258181095123,0.7752847075462341,0.1817598491907119,0.3601688146591186,-0.7150218486785889,-0.6305393576622009,0.3012827634811401,0.0831094086170196,0.3051785230636596,0.5014293193817139,-0.2748686373233795,-0.0627902820706367,0.6112644672393799,0.2978948354721069,-0.0707817524671554,-0.3294468224048614,-0.4165408909320831,-0.1707163900136947,-0.2366679608821869,-0.5008911490440369,0.2017518132925033,0.0845913216471672,-0.0467947907745838,0.2117699682712555,0.0154199143871665,0.0983888357877731,0.5822260975837708,0.0028719732072204,-0.305047333240509,0.2047902196645736,0.0614336542785167,-0.0901422724127769,0.0808300226926803,-0.2235193252563476,-0.2465935945510864,-0.0241717658936977,0.2415190041065216,-0.1573673337697982,0.2025086134672165,0.0340979881584644,0.1619161665439605,0.3305917084217071,-0.4448821544647217,-0.1901049017906189,-0.314644455909729,-0.3174638450145721,-0.1307286322116851,-0.6577920317649841,-0.3597747385501861,-0.0309588555246591,-0.0471150875091552,-0.1592544317245483,-0.05937360227108,-0.4678713381290436,-0.2325161099433899,-0.4492211043834686,0.2522855401039123,-0.1734455525875091,-0.8417651653289795,0.3823029398918152,0.2627186775207519,-0.1252967417240142,-1.1999207735061646,0.247536301612854,0.1704616248607635,0.2441152334213256,0.1721053123474121,0.704698920249939,-0.3422385454177856,-0.2607019543647766,0.0875810459256172,-0.2855316996574402,0.2547450661659241,-10.516351699829102,0.1059780791401863,-0.4225786030292511,-0.3998930752277374,-0.3504877388477325,0.3931498527526855,0.6256321668624878,0.5662823915481567,-0.1955859363079071,0.1214233934879303,-0.0340548641979694,0.0915949419140815,-0.0144770285114645,0.6837878823280334,-0.5207838416099548,-0.3065536618232727,-0.2305571138858795,-0.0215277168899774,-0.0403221026062965,-0.2391912043094635,0.1143146902322769,-0.284472644329071,0.5086359977722168,0.7366798520088196,0.5462241768836975,-0.4084236323833465,-0.2611879706382751,0.0024734144099056,-0.2027534991502761,0.5919749736785889,-0.6013648509979248,0.5325713157653809,0.0364352501928806,0.3010843992233276,-0.1525362879037857,0.2529691159725189,-0.4028312265872955,0.6683297157287598,-0.0390014834702014,0.4041423201560974,0.3153025507926941,0.4241274297237396,-0.025679500773549,-0.0304168835282325,0.1748992651700973,0.2391737103462219,0.469064712524414,0.0111696710810065,0.5418323874473572,-0.2422156333923339,-0.1271032989025116,0.1338433921337127,0.0682288780808448,-0.0943486765027046,0.4556112885475158,-0.0305458642542362,0.6394035816192627,-0.6745585203170776,-0.031642060726881,0.0643760710954666,0.3380284905433655,-0.0773757696151733,0.3833673596382141,0.444365918636322,0.30074143409729,0.4105566740036011,0.5217416882514954,0.3653739690780639,-0.9130431413650512,-0.2377991825342178,0.1625676453113556,0.471616268157959,-0.0950486809015274,0.3251329064369201,-0.2567318379878998,0.3133965134620666,0.3614666759967804,-0.2959363758563995,0.0550640672445297,-0.0280053783208131,0.2839506864547729,-0.3029759228229522,0.0833558365702629,0.2407184094190597,-0.621874213218689,0.0487202405929565,-0.0832330659031868,-0.04812478646636,0.259869247674942,-0.4461257457733154,0.2382365614175796,0.0838035121560096,-0.5344372987747192,0.5065318942070007,0.4480125904083252,0.0181824807077646,-0.121032990515232,0.2265196144580841,0.4854059219360351,-0.0247120037674903,-0.8741954,-0.22342853,0.69814175,2.153445,-0.843803,-0.4323757,-1.6778017,0.51918703,0.3481679,-0.1411208,0.99683255,0.8251183,-1.138754,1.5832645,-0.1684709,0.22565167,1.2424732,-0.66031307,0.5455485,-0.07173884,0.08737978,-0.010532995,0.69558716,-0.53235483,-0.19082476,0.19104834,1.017583,-0.8543603,-0.33874837,-0.49642065,-0.6971657,-0.28866914,-0.34873596,-0.8311207,0.7784393,-1.1842366,-1.6567445,0.93067914,0.38966298,-0.30754519,-1.44513,0.37172163,-0.55405694,0.2053259,-0.30974212,0.06719006,1.5587873,-0.2804153,0.6610515,-0.059449833,0.07977731,-0.5980732,1.0016763,0.5188357,0.2267046,-0.005068779,1.7087121,1.1216713,-0.17793064,-0.6938451,0.9137214,1.2019261,-0.801063,0.3540063,0.43602118,1.0488839,0.7764139,-0.3304273,-0.21049498,-0.23770404,-3.0579093,-0.41161713,-0.018919796,1.5262338,-1.5802418,0.9437061,-0.02723066,-0.61602944,0.580159,0.15449043,-0.03316774,-0.3972721,-0.60867375,1.2633072,-0.78435963,-0.27599514,-0.99638826,-0.12534702,-1.1353693,0.32020545,0.27102476,-1.1161426,-1.5514768,-0.6788022,0.86157113,-0.48316988,-0.52924,-0.6754968,-1.7972813,-0.43283555,0.08767433,0.56970304,-0.82560784,-0.19605763,-1.3411816,0.07531268,-0.67558044,-0.98852366,-0.7309558,0.22764094,0.013715416,0.6840012,0.7255915,1.9720068,0.30762756,0.5898798,-0.61030227,-0.28152576,-0.6888798,0.03960721,1.2887727,0.596645,-0.34662643,0.8694665,0.5947421,1.0283548,-0.37367153,-0.8565461,0.8364267,-0.4430771,0.74308443,-0.14793141,1.2713659,0.67656237,-0.1582696,-0.6689202,-0.9152755,-0.61373246,0.32707378,-0.5348515,-1.0689265,0.032508474,-0.5206828,-0.26156962,0.060593408,-1.742997,-0.25863445,0.86672467,0.39684728,0.27922383,0.12055496,-0.2148443,-0.6472092,0.47188994,0.567141,-0.015345533,-0.43629193,0.5360663,-1.3974749,1.4390022,0.82237315,0.8104451,-1.2234541,0.65731883,-0.1583763,0.41672412,-0.7354042,0.61887246,-0.30297723,-2.023678,-0.45344248,0.22255205,0.17498839,0.34451714,0.49098948,-0.33587876,1.1484855,-0.09010214,-1.0884657,-0.19211334,1.3857899,1.5720416,0.3308364,0.8783905,0.36953887,0.695968,0.48190245,0.66134053,0.70285803,0.54425603,0.19385903,-0.5556655,0.5654299,1.2058448,1.4369513,2.8130207,0.5353451,-0.72915554,-0.8838825,1.0904683,-1.9932638,-0.2362021,0.64205027,-0.35652092,1.3950583,-0.07622239,-1.1440178,2.1137025,0.6025718,-0.071583614,-1.6532494,-1.431944,0.4054276,0.43983945,-1.0059848,-0.24987756,-0.39361787,0.7545578,-0.87859887,-0.5059713,0.347181,0.32549012,1.0458829,1.4619411,-0.61275476,0.35277876,-0.1413636,1.0695857,0.40213576,0.5629109,-0.971184,0.72583324,0.33099467,-0.74507,0.1502505,0.82357854,-0.89430314,0.6122038,-0.6254608,-0.0073535,-0.09922573,-0.80054706,0.825867,0.11600247,-0.06358024,0.42909205,1.6800117,0.2841759,-1.6201493,-0.2737322,-0.07213753,1.4450078,0.6248154,0.27288738,0.589691,1.1045314,-1.3019676,-0.76252383,-0.38546237,0.026980856,-0.6916521,1.1579437,-0.26584533,0.32193854,0.32647198,-0.25561535,0.11350008,-0.7540583,-0.27973974,-0.7913154,-1.0946778,-0.60171396,-1.2741569,-0.08681361,0.3148272,0.6982736,-0.79098254,-1.5646135,-1.0387112,-0.17847024,1.4316497,-0.92137766,-0.57758504,0.26041365,-0.71307355,0.03319178,-0.5653049,-0.14838986,0.52092606,1.1730585,-1.1815507,0.9921205,0.1399761,0.92430496,1.3975444,0.1172953,1.0464516,-0.1891471,0.3916146,-0.7382438,0.60145336,0.73646015,-1.4330252,0.80540806,-0.10690528,-0.11933348,0.7515587,-1.0432383,-0.17670922,-0.45462623,0.4762952,0.0058425763,-1.8748614,2.1748672,-2.1125896,1.4267683,-1.4584666,-0.28319976,-1.0775837,-0.8108873,-1.2752393,0.99093515,0.53927743,0.2852643,0.6638379,0.20053554,0.22530389,0.24231915,1.0782231,0.5934383,0.22296715,0.91105413,-0.26043463,-1.4764789,-0.14026037,0.32205275,-1.7575359,-1.4151316,-1.6760372,-0.13825546,0.44147825,-1.0283298,0.62767845,0.4005927,-0.11526636,0.97680765,-0.97703934,0.068836175,0.31948128,-0.52758956,1.6025842,-0.48819733,1.3284949,-1.0716095,-0.7886204,0.5660445,-2.2503633,-0.80990505,-0.621061,1.6838361,0.5962475,0.1920227,0.61517173,0.39546803,-0.38576755,-0.2765433,1.0460247,-0.36167756,2.1708815,0.3374107,-0.6330166,1.890462,-0.097290605,1.0951393,-0.8501064,0.023534298,1.8731712,-0.116826154,-0.36531207,-0.32813743,-0.9163559,-0.21941632,-0.003321588,0.40130863,-0.11741015,-0.25529805,0.9420035,0.560336,-1.0267595,-0.2658687,-0.67038566,0.36387488,0.87753373,2.0140288,0.8385026,0.35779873,-1.4247385,-1.95614,0.68629,0.9996976,-0.06450777,0.41503564,-1.8697844,0.5534518,0.30024505,-0.48649213,-1.5453135,-2.0272753,1.5249804,0.5485919,0.76749045,1.5548319,-0.76161164,-1.2757745,-0.034321036,0.74064875,0.12193412,-1.1465676,-0.655546,0.21164338,-1.1843528,1.0755013,0.45360732,0.45240894,-0.13249174,0.05344963,0.47890708,0.46012175,-0.42749846,-0.61528164,0.08779483,0.8935929,-1.6577717,-0.2642756,0.5359025,-1.7007779,0.61494035,-0.9338908,-0.22877379,-0.09200529,-0.52142614,-0.7220912,-0.42960426,0.48608813,-1.1871436,-0.60471445,-0.37075076,-0.9557945,-2.0199459,0.7615525,1.9055723,-0.8344877,-0.015189473,0.09039114,0.15565626,0.5360865,-0.4335642,-0.33079237,0.6995204,-0.22150226,-0.3141535,-0.5477965,-1.3485116,-0.7428241,-0.18310869,-0.8115651,-0.7032408,1.6241137,0.9068269,-1.2648693,-0.6158372,-0.38902625,-1.0878972,0.65328044,0.43016055,0.7079696,-0.21029377,-0.5670396,-0.14218388,0.14479436,0.5503845,0.06078759,-0.6984978,0.7033195,-0.435733,-0.36095873,1.5392975,-0.06422994,0.7225763,0.87458545,-0.034643006,-1.0656759,0.68527967,0.12695165,-0.006431813,1.0304295,-1.3444978,-0.52855855,1.1004943,0.031321183,-0.62363786,-0.059816062,-0.44849792,0.10911012,0.19406879,1.1223496,1.0921744,1.2142957,0.6243219,1.1587747,-0.4299694,-1.1439971,-0.39437786,0.27396682,-0.8474057,-1.307923,-0.017497903,0.67385906,2.9283772,-0.6217815,0.013492187,0.79314905,-0.5807461,-0.40844253,0.5490332,0.5175694,-0.99428433,-1.0138824,-0.42980504,-1.0072427,0.030143766,-2.1857831,-0.11854223,0.42877722,0.83671856,-0.9818485,0.101667464,0.866106,0.39047942,-1.062712,0.8322332,1.2567502,2.0215259,0.11833016,-0.680728,-0.052897472,-0.55081433,-1.4400676,-0.12739684,-1.0365635,-0.40394056,-0.004940053,-0.8034151,0.087535955,-1.2019736,-0.6845433,1.6031116,-0.25432995,0.095040165,0.055815518,-0.423998,1.461099,-0.56807905,-0.64480054,1.1368461,0.6097744,-1.240753,0.31777707,-1.0567967,0.71260136,-0.20032422,0.6904014,0.9705233,0.9814921,-0.16636093,1.763373,-0.3353496,-0.4267336,0.41098198,0.5396728,-0.3703116,0.5470003,-2.3978205,0.6516745,-1.6889857,-1.9007336,0.17136522,1.1225042,0.5557385,0.0308693,-0.3681899,0.6035432,0.24786945,-0.59313655,0.9125354,1.9138311,-0.8889005,-0.49931017,0.75930554,-0.010608132,-0.44804856,-0.38171825,3.1920872,0.5166838,1.3714828,-0.9668731,-0.62876505,0.04448798,-0.7192839,-0.73770523,0.2677066,-0.17194097,-0.20509018,0.41851512,-0.8348802,0.9718866,-0.5191889,0.14410077,0.99402595,-1.0181787,-0.11310824,0.31021956,-0.9317414,-0.99945086,-1.4697126,0.37681404,0.79261327,-0.4675218,0.15892003,0.38565338,1.593608,0.4926144,-0.9515782,-0.2403366,0.5047757,1.0242237,1.1362333,-0.48519313,-1.2994912,0.23361374,1.1060016,-0.71576196,0.8977491,-0.8849747,-0.2650418,-1.913052,1.1429743,0.47550657,0.30444047,1.5232936,1.2336098,-0.5237034,0.8744014,-0.4635298,-0.010363162,-1.1727082,-0.97182006,0.032693636,-0.04181826,-0.85597116,-0.011751314,-0.7303229,-0.28087196,0.049387317,1.1673874,-1.5271997,0.19837964,0.101240076,0.7089265,0.16923822,-0.7296973,-0.6966379,-0.5515961,-0.43635628,2.1370108,0.8382562,0.12913239,-1.3764642,0.025097987,0.38207448,0.60597396,-0.83461285,0.27313882,-0.007916898,-1.0575565,-0.27141574,-1.5008816,-0.30586222,-0.13496469,0.7316955,-0.8237505,0.6202089,-1.2682234,0.45463228,-0.5141561,-0.63674265,0.9133265,0.06841469,-0.76699495,1.9967262,0.9451397,-0.1812383,-0.42505792,0.5581176,0.94331,-0.36307478,-0.28322983,-1.454114,0.97983503,0.9367879,0.44839895,-1.621632,-0.17309767,0.10028857,-0.057017762,1.5692835,-0.5623883,-0.39598343,-0.665407,-0.4438652,-1.0171266,-0.8584728,-0.5457323,-0.24214436,-1.1773556,0.15565458,-0.19382013,-0.16101329,0.037798073,-0.36479914,0.59292364,-0.03946665,1.2809595,1.3912035,0.9125071,0.278308,-0.8876241,0.18096276,-1.1586906,-0.5467312,0.2898436,-0.7407934,0.24369334,0.20617132,0.72536176,1.7795949,0.31856188,-0.27194455,1.1702547,-0.108235754,0.34911546,-0.13712549,-1.0299997,-0.50079817,0.21552749,0.4504381,0.40605137,-0.98939306,-0.39343157,-0.2582275,0.66562575,0.12011937,0.4463936,0.13820033,0.6049357,1.6264206,0.9546047,-0.42761716,,,,,,,,,,,,,,,,,,,,,,,,,,,,,,,,,,,,,,,,,,,,,,,,,,,,,,,,,,,,,,,,,,,,,,,,,,,,,,,,,,,,,,,,,,,,,,,,,,,,,,,,,,,,,,,,,,,,,,,,,,,,,,,,,,,,,,,,,,,,,,,,,,,,,,,,,,,,,,,,,,,,,,,,,,,,,,,,,,,,,,,,,,,,,,,,,,,,,,,,,,,,,,,,,,,,,,,,,,,,,,,,,,,,,,,,,,,,,,,,,,,,,,,,,,,,,,,,,,,,,,,,,,,,,,,,,,,,,,,,,,,,,,,,,,,,,,,,,,,,,,,,,,,,,,,,,,,,,,,,,,,,,,,,,,,,,,,,,,,,,,,,,,,,,,,,,,,,,,,,,,,,,,,,,,,,,,,,,,,,,,,,,,,,,,,,,,,,,,,,,,,,,,,,,,,,,,,,,,,,,,,,,,,,,,,,,,,,,,,,,,,,,,,,,,,,,,,,,,,,,,,,,,,,,,,,,,,,,,,,,,,,,,,,,,,,,,,,,,,,,,,,,,,,,,,,,,,,,,,,,,,,,,,,,,,,,,,,,,,,,,,,,,,,,,,,,,,,,,,,,,,,,,,,,,,,,,,,,,,,,,,,,,,,,,,,,,,,,,,,,,,,,,,,,,,,,,,,,,,,,,,,,,,,,,,,,,,,,,,,,,,,,,,,,,,,,,,,,,,,,,,,,,,,,,,,,,,,,,,,,,,,,,,,,,,,,,,,,,,,,,,,,,,,,,,,,,,,,,,,,,,,,,,,,,,,,,,,,,,,,,,,,,,,,,,,,,,,,,,,,,,,,,,,,
ト,0.8996260166168213,0.3091306984424591,0.8128196001052856,-0.2528380453586578,-0.1021915450692176,0.498119443655014,0.1280118227005005,0.3840456306934356,-0.290893018245697,-0.49491748213768,0.3341619670391083,-0.803521990776062,0.1989378482103347,0.1809910237789154,0.1721638590097427,0.1530837565660476,-0.01554202940315,-0.4074300825595855,-0.0606828145682811,-0.570345938205719,-1.0546220541000366,-0.0369774103164672,-0.2991218566894531,0.2889216542243957,0.164684921503067,-0.317931592464447,-0.2962252497673034,-0.4271906316280365,0.4819767773151397,-0.1961931735277176,-0.4648936688899994,-0.0252728480845689,-0.4996964633464813,0.420471578836441,-0.5736588835716248,0.4704953730106354,-0.1890293210744857,-0.4815788865089416,-0.1681751310825348,-0.4406565129756927,0.1583725810050964,-0.3773936331272125,-0.0615124627947807,-0.0439044535160064,-0.2498262971639633,0.6917619109153748,0.0302302464842796,0.1576395183801651,0.2645204663276672,-0.2304853945970535,-0.4334127604961395,0.5702952146530151,0.2433650940656662,0.0413600355386734,0.1607748717069625,-0.3356172144412994,0.5277810096740723,-0.6633083820343018,-0.152849331498146,0.2852748930454254,-0.1861856877803802,-0.4667502641677856,0.5344983339309692,0.0556747764348983,-0.0427642874419689,0.2617135047912597,0.2389733344316482,-0.3032140135765075,0.5039264559745789,-0.4780051112174988,-0.3234815895557403,-0.0611474849283695,0.1538707166910171,-0.7275570034980774,0.4141207039356231,-0.1881037652492523,-0.1657401919364929,0.6868111491203308,0.4237031936645508,0.0694168955087661,-0.15147764980793,0.3234793245792389,0.2861833274364471,-0.4032003879547119,-0.1320907473564148,0.2482378929853439,-0.0742134675383567,-0.8614476323127747,0.4737623631954193,-0.5372330546379089,0.2122320532798767,0.528571367263794,0.1825357377529144,-0.1868368089199066,-0.1269278526306152,0.0509512424468994,0.1526120901107788,-0.1859646290540695,-0.184329092502594,0.4229695796966553,-0.2293413132429123,0.0226301215589046,0.5044824481010437,0.1653891503810882,0.0982902199029922,-0.0306381434202194,-0.3704431056976318,0.3076728582382202,-0.0213690157979726,-0.1750111877918243,-0.814728319644928,-0.1683972030878067,-0.6698461174964905,0.1157899871468544,0.6152269840240479,0.0175114721059799,-0.4292435050010681,0.5626465082168579,-0.1703510880470276,0.8910979628562927,0.2701065242290497,0.4711628258228302,0.5260424017906189,-0.1019001081585884,-0.1460152119398117,0.4655564129352569,0.111426368355751,0.1392479240894317,-0.1978039294481277,-0.4805182814598083,-0.1417904049158096,-0.3801599442958832,-0.4309259057044983,-0.1052948832511901,-0.1312112659215927,0.8661500215530396,-0.1172980070114135,-0.1050710901618003,-0.0886020734906196,-0.3388873040676117,-0.2612992823123932,-0.0580046474933624,-0.0454300120472908,-0.4789079427719116,0.3125255405902862,0.2268348336219787,-0.6365393996238708,-0.4465288519859314,0.0886500403285026,0.3683957159519195,-0.2486686557531356,0.9401832818984984,-0.5585260391235352,-0.3164741992950439,0.297910213470459,0.4510190784931183,-1.0740251541137695,0.0129828741773962,0.0004862471541855,0.411834180355072,0.3133655786514282,-0.4941574037075043,0.2592560052871704,0.3563391864299774,0.2305641621351242,0.103045143187046,0.6448560357093811,0.2651421129703522,-0.247644692659378,0.4879533648490906,0.4013620018959045,0.4365999102592468,0.3123576641082763,0.1468756049871444,-0.2140146046876907,0.5567857623100281,1.2289366722106934,-0.026782626286149,0.0012881067814305,-0.5752584338188171,0.1059619709849357,-0.0029120447579771,0.3110544085502624,-0.3856780230998993,0.4334426522254944,-0.1182776242494583,-0.2915705442428589,0.1608136445283889,-0.072502925992012,0.4139984846115112,0.0047096842899918,-0.430829793214798,0.3365592062473297,-0.4927613139152527,0.0282448381185531,-0.5528544187545776,-0.1863062977790832,-0.0200989916920661,-0.6821146011352539,0.3971534669399261,0.0563734620809555,0.0408522970974445,0.1567983478307724,-0.5989828109741211,-0.796501636505127,0.1134212240576744,0.027827488258481,0.4852899312973022,0.0698265060782432,0.4077881872653961,-0.019125685095787,0.1330146342515945,0.2972253561019897,-0.0215060953050851,0.1030815616250038,0.171573519706726,-0.1311210095882415,-0.284414678812027,0.5811503529548645,-0.2709708511829376,0.2741950154304504,-0.2463198006153106,0.1566730737686157,0.0616434067487716,-0.0260170232504606,0.3482306599617004,0.1172711625695228,-0.0490546934306621,-0.314342588186264,0.6526536345481873,-0.7907117009162903,-0.6642009019851685,-0.6164801120758057,-0.1173263266682624,-0.5155933499336243,-0.2548924088478088,-0.4165508449077606,0.0543952211737632,-0.5302118062973022,0.40133997797966,-0.0904225930571556,-0.4339526295661926,0.0731585398316383,-0.479508638381958,0.3593266606330871,0.1972244828939438,-0.1946451216936111,0.017105221748352,-0.269402801990509,0.0862214192748069,-0.198182612657547,-0.5656488537788391,-0.1888728588819503,-0.354779839515686,0.4441421329975128,0.3750664591789245,0.766671359539032,-0.3710583448410034,0.2083147019147873,-0.4456469118595123,0.0860977172851562,-0.8170363306999207,0.0769248455762863,0.3513203561306,-0.0356194153428077,-0.166098415851593,0.1119831353425979,-0.3100745975971222,-0.5340006351470947,-0.622278094291687,0.4798263013362884,-0.1230681911110878,-0.0381958819925785,0.1979717463254928,0.2617088854312897,0.1837843954563141,-0.5938850045204163,0.4249916672706604,-0.3400745689868927,0.1601413190364837,-0.2728180289268493,0.0994215533137321,-0.4922556281089782,-0.1917393207550048,-0.1536792814731598,-0.2748197317123413,-0.2930305898189544,0.0337580181658268,-0.1702262908220291,0.7822957634925842,0.2697502970695495,-0.1400968730449676,-0.5411432981491089,-0.0572116486728191,-0.5610448122024536,-0.1291662752628326,0.7431551218032837,0.3014249801635742,-0.452632337808609,-0.4046013057231903,0.4500130414962768,0.6757626533508301,0.135520339012146,0.2148144990205764,0.0892589092254638,-0.207424521446228,-0.0733067616820335,0.1040553078055381,0.3896326124668121,-0.3187504410743713,0.0655990913510322,1.1923129558563232,-0.1171466186642646,0.5989602208137512,0.9556357264518738,0.544395387172699,-1.6782699823379517,-0.3916419744491577,0.0014779843622818,0.1307417452335357,-0.1554650664329528,-0.1166988387703895,-0.0808823630213737,0.0940475463867187,-0.8276590704917908,-0.5042532682418823,1.090511441230774,0.1155750453472137,0.1315013766288757,-0.3727914988994598,0.3981382548809051,0.0329233407974243,0.0450891628861427,-0.6065407395362854,0.2720471322536468,0.7782520055770874,-0.4689254462718963,-0.0488193221390247,0.094886802136898,-0.3240226209163666,-0.1345252990722656,0.3212295770645141,-0.3163370490074157,0.2511508762836456,-0.834790050983429,-0.1968224793672561,0.0689413249492645,0.9339554309844972,1.2918037176132202,0.4057271778583526,-0.4614667892456054,-0.4832341372966766,-0.1834317445755005,0.1000155135989189,0.2590244710445404,-0.0870351344347,-0.1093441024422645,0.1271936893463134,0.4873737394809723,-0.0320596061646938,0.2221729010343551,-0.166737362742424,-0.1329420059919357,0.3178064525127411,-0.2758162021636963,0.5954948663711548,0.2119780331850052,0.1278131306171417,0.323974460363388,0.3315382599830627,0.766826868057251,0.609129011631012,0.1792228668928146,-0.5119333863258362,-0.0035511823371052,-0.9237940311431884,-0.5944127440452576,-0.2400341778993606,-0.0967190489172935,0.1302774548530578,-0.3996402621269226,-0.1698950976133346,-0.1951818466186523,-0.3738597929477691,-0.1108545884490013,-0.588168203830719,-0.2051149010658264,-0.0299755353480577,0.0370233356952667,-0.6169729828834534,0.8132262825965881,0.2277850657701492,0.7616967558860779,-0.616658091545105,-1.1370680332183838,-0.4573794305324554,-0.237596109509468,-0.4578257501125335,-0.3201003074645996,-0.1855138689279556,-0.2295157313346862,0.1111964955925941,-0.318417340517044,-0.6739270091056824,-0.2216023355722427,0.058868508785963,-0.6556429862976074,-0.378350019454956,-0.1487606316804886,0.7303617596626282,-0.0365097522735595,0.0632442235946655,0.2219742536544799,0.487446129322052,-0.8681427836418152,-0.3377704322338104,-0.1462146639823913,0.2023088634014129,0.0439344458281993,0.3587334752082824,0.2622006237506866,0.2861323356628418,0.4014990329742431,0.1970389485359192,0.1061320230364799,-0.1377430409193039,-0.5159696340560913,-0.5932892560958862,0.9534472823143004,-0.081591360270977,0.1399165987968444,0.1915999948978424,-0.0744230523705482,0.7734968662261963,-0.5617730617523193,-0.8592780232429504,0.4876095354557037,0.2977454662322998,-0.1380865424871444,0.4558654427528381,0.5775498151779175,0.4232170879840851,0.3908433020114898,0.0845097601413726,-0.2765150070190429,0.2230672836303711,0.201519027352333,0.1332793086767196,0.3520592153072357,0.0628231912851333,0.0176427587866783,0.6789966225624084,0.4158684909343719,0.0663650929927825,1.0772100687026978,0.5288994908332825,-0.3778293430805206,0.0120796980336308,0.4826789498329162,0.2990498542785644,-0.5171462297439575,0.3976214528083801,-0.3374395072460174,0.1875073760747909,-0.032633326947689,0.2225691825151443,0.5198246836662292,-0.1943885236978531,0.3462714850902557,-0.7454146146774292,-0.5752946138381958,-0.6530497670173645,-0.848182737827301,0.205743983387947,-0.462834894657135,-0.3372204601764679,0.3662903010845184,-0.250895082950592,-0.6353670358657837,0.7550002336502075,0.7012744545936584,0.0287930592894554,0.1100168973207473,0.2691152393817901,-0.0733719915151596,0.4137720167636871,-0.2698908746242523,-0.0663285478949546,0.0250661373138427,0.0347682535648345,-0.536447286605835,-0.7331361770629883,0.0786415487527847,0.2486796230077743,0.1830600798130035,-0.157535582780838,0.5040473341941833,-0.0335959494113922,-0.4722133576869964,-0.2453527748584747,-0.2878164649009704,-0.0298260450363159,-0.4148827791213989,-0.0274765025824308,0.0963166430592536,-0.1060289591550827,0.0353896617889404,0.4749165177345276,0.1501387953758239,-0.3997215926647186,-0.3326436579227447,0.800883948802948,0.4445643424987793,-0.1058531329035759,0.1445542126893997,-0.2014622837305069,-0.3957587480545044,-0.120203398168087,0.0163898188620805,-0.0712101235985755,-0.2096087038516998,-0.1268476098775863,-1.1557925939559937,-0.5636153221130371,0.0252002477645874,-0.7066406011581421,0.4370876252651214,-0.0116956550627946,0.7330087423324585,-0.3837392628192901,-0.0687164589762687,-0.1173766776919364,0.2671984434127807,-0.1687735170125961,0.2398446202278137,-0.6290227174758911,-0.8164359331130981,0.0999794974923133,0.0774521082639694,-0.6943603157997131,1.1157360076904297,0.703531801700592,-0.6906356811523438,0.6147692799568176,0.5530051589012146,0.3604829013347626,-0.1618944257497787,0.1612962782382965,-0.1407632082700729,-0.4543521106243133,0.1971175819635391,-0.3167899250984192,0.3723170459270477,0.3434690237045288,-0.2144945114850998,0.076069563627243,0.1802986413240432,0.5865650177001953,0.4358901977539062,0.1296750903129577,-0.4759871065616607,-0.192739650607109,-0.4091520607471466,0.2284842729568481,0.1778477728366851,0.2953329086303711,-0.887520968914032,0.295780211687088,0.4661567211151123,-0.9197500348091124,0.0638210177421569,0.7043699622154236,0.3571096658706665,0.6623934507369995,-0.0423906557261943,0.2605584263801574,-0.548196017742157,0.0680386200547218,0.2348044514656067,-0.133400872349739,0.0163578670471906,0.2674150764942169,0.0607450455427169,0.2238460034132003,0.4691660404205322,-0.376796543598175,0.2277629524469375,-0.2875585258007049,0.2124310880899429,-0.2101158052682876,0.4803756475448608,0.2481251657009124,-0.0825944244861602,-0.2186831980943679,0.341552585363388,0.77198725938797,0.7390316724777222,0.2732816040515899,0.91193825006485,-0.7184966206550598,-0.7051556706428528,-0.1747894287109375,0.3211914002895355,0.1363484412431717,0.4629741013050079,-0.2581116557121277,-0.1373345553874969,0.7522771954536438,0.6411548256874084,0.0041262367740273,-0.4813120663166046,-0.5005176067352295,0.3669726550579071,-0.5301382541656494,-0.0577765777707099,0.2198533713817596,0.3304245471954345,0.4320104718208313,0.7655171155929565,0.2924074530601501,-0.0945353731513023,0.8797865509986877,0.2127290368080139,-0.1420626491308212,0.1037622094154357,0.1581369638442993,0.004461791832,0.0895058512687683,0.3232583403587341,0.1360075771808624,-0.4351491332054138,0.8354864120483398,-0.3747408986091614,-0.1311335116624832,-0.6711912155151367,0.1263243556022644,0.4335865974426269,-0.3729515373706817,0.1452236771583557,-0.6109450459480286,-0.1696145385503769,-0.5450453758239746,-0.9752492308616638,-0.1897464990615844,-0.0556456297636032,0.0849890857934951,-0.0549978911876678,-0.1293467432260513,-0.6496821641921997,-0.7524209022521973,-0.0617382936179637,0.0236525237560272,-0.8504140973091125,-0.6978855133056641,0.4988569319248199,0.1435454785823822,-0.0441159158945083,-1.5019553899765017,0.6313759088516235,0.00969351362437,0.8324211239814758,-0.0872243046760559,0.5307509899139404,-0.2110508978366851,-0.2419714033603668,-0.1674674600362777,-0.3999531269073486,0.1122317761182785,-10.03463363647461,0.4555798470973968,-0.11639054864645,-0.6310561895370483,-0.1221621558070182,-0.0201925635337829,0.8681378960609436,0.752472460269928,-0.1830032020807266,0.1347827464342117,-0.097346507012844,0.0974884927272796,0.0456096269190311,0.1636317074298858,-0.2736517786979675,-0.3437954485416412,-0.4241583049297333,-0.3491268754005432,0.0531329363584518,0.1151241064071655,-0.6264861226081848,-0.4849890768527984,0.4312911033630371,0.1057759597897529,0.1457791030406952,-0.2705399096012115,-0.157117947936058,0.1829400360584259,-0.0397707968950271,0.4376445710659027,-0.8504396080970764,0.4655724465847015,-0.0845106989145279,0.1191367954015731,-0.2895234823226928,0.5758408904075623,0.0372167117893695,0.3853086829185486,0.031125096604228,0.0896248519420623,0.3678065240383148,0.1888299584388733,-0.236845850944519,0.0448492355644702,0.1814131587743759,-0.0544901490211486,0.5027063488960266,-0.0799727812409401,0.9434120059013368,-0.2761289179325104,-0.1612160950899124,-0.0811537206172943,0.1431497037410736,0.0287773385643959,0.4472229480743408,-0.0666476711630821,0.5208355784416199,-0.4717322289943695,0.2053517550230026,-0.0504164546728134,0.1736468374729156,0.3201076090335846,0.2754861712455749,1.0767241716384888,0.4562741219997406,0.2047084718942642,-0.0030156166758388,0.2278249710798263,-0.8441799283027649,0.3127299547195434,0.0576669164001941,0.6247402429580688,-0.249056190252304,0.3325887024402618,0.1887722313404083,0.4921607673168182,0.0451239123940467,-0.147628366947174,0.0978325605392456,-0.3591217398643493,0.4536371529102325,-0.7238763570785522,0.1801098436117172,0.621484100818634,-0.3106263279914856,0.2804722189903259,0.2936161458492279,-0.3379209637641907,0.0926949605345726,-0.7599039673805237,0.5068497657775879,-0.2925465404987335,-0.5442866086959839,0.2033270001411438,0.1205046698451042,0.0144687555730342,-0.2139573246240615,-0.0491808243095874,0.4830029010772705,-0.2587377727031708,-0.8235357,-0.37174192,0.47924617,0.9427474,-0.9430046,0.006979711,-1.4679314,0.7962521,1.1820782,0.27450904,0.6189296,0.027019396,-1.7605224,2.3231268,-0.7355836,0.20465873,0.8103833,-1.3180598,0.465058,0.2812243,0.53758544,0.25026265,0.678286,-0.84160393,1.1386229,0.8983793,0.81597644,-0.44990122,-0.5464386,-1.1342763,0.33429348,-0.3103397,-0.90683454,-0.40025696,0.2599249,-1.0370235,-1.585319,1.2592454,0.25445747,-0.66214114,-0.75995994,0.95839983,0.13048619,-0.37998882,-0.87499255,-0.44916496,1.767516,-0.6990076,0.5985751,-0.4686048,-1.000307,-0.36941516,0.33703473,1.2829365,0.5778659,-0.25473192,1.2243263,0.9456167,0.19470267,-0.41357914,0.25254786,0.7628085,-0.8171928,-0.38106516,0.09202683,0.6222745,0.09624279,0.10257152,-0.043327253,-0.14143895,-2.5506108,-1.4269878,-0.13497886,1.1985272,-1.5780002,0.9102747,0.04861461,-0.85514456,0.2984927,-0.22514398,0.34621775,-0.4281199,-0.64543265,1.3799175,-1.0364785,-1.1638355,-0.44609606,-0.27744856,-1.5578294,-0.4247804,-0.62120515,-1.8586866,-1.1228559,-1.2440972,1.5464479,0.070400745,-0.6083973,-1.1027985,-0.95013005,-0.2016654,0.2880374,1.0596343,0.5545299,-0.19211155,-0.97863,-0.24660218,-0.5320057,-0.5843483,-0.38671437,0.41807178,0.037443947,0.31402695,0.56063455,1.7763652,0.6386424,0.57199436,-1.1775575,-0.6142437,-0.6107901,0.4371172,0.9423465,0.38270485,-0.48822844,0.61872286,0.14221705,0.73664707,0.018965134,-0.9777681,0.22195642,0.3441583,0.39180073,-0.15827943,1.7839998,1.1806189,-0.77499825,-0.7454848,0.11155989,0.3124976,0.7789704,-1.0258794,-0.9450577,0.32684708,-0.24612857,-0.1251375,0.2887701,-1.1898001,-0.29062182,0.5463852,1.3984942,-0.07151705,-0.14828171,-0.09292074,-1.1787902,0.37497148,1.3151586,-0.010844074,-0.0972777,0.28073376,-1.489439,0.9214568,-0.120387934,1.1502143,-0.9508865,0.8400931,-0.041386656,0.792712,-0.7147301,0.7177114,-1.0073682,-2.3308127,-0.53085047,0.14299704,0.37105584,-0.22433202,0.59267825,-0.2843281,0.27743748,0.24441993,-1.3649979,-0.105385356,0.9130428,1.0987325,-0.031737503,1.2496505,-0.085162014,0.665434,0.64228314,0.21114045,0.4990021,0.20522165,1.3834629,-0.58970827,0.55584013,0.8869295,0.70411533,2.742623,0.76672214,-1.4304451,-1.1627452,0.7049121,-1.819171,-0.6093439,1.103611,-1.2183973,0.74634355,-1.2986227,-0.772839,2.1120944,0.7650334,0.0681689,-1.2813612,-1.3389262,0.83904094,0.8540135,-0.35293344,-0.16398263,-0.94662756,0.025655866,-0.25500026,-0.67707044,0.9617197,0.45416585,0.12419432,1.0041999,-0.9673311,0.6707153,0.35997033,0.5485888,0.22546506,0.9456391,-1.0510652,0.5285335,0.5180096,-0.20506938,-0.43134585,0.47571537,-0.7240649,0.4796623,-0.45425096,0.7016352,0.639792,-0.6138171,0.37209567,0.13456945,0.41399607,0.7686906,1.2550837,0.119986035,-1.5905267,-0.14349563,0.17195863,0.9023965,0.30154237,0.26752576,0.6193476,1.120329,-0.53338856,0.09289295,-0.30023453,-0.7867551,-0.17255495,0.5074688,0.60239947,0.16877379,0.09267219,-0.5748235,-0.57260793,-0.06115794,-0.082827434,-0.6203548,-0.8314679,-0.49405417,-0.73667693,-0.19887333,0.6209793,0.4606185,-0.72932833,-0.55496234,-0.9359961,0.6371953,0.6337018,-1.5580298,-0.38555273,0.15724333,-0.4261318,0.5124708,0.24768023,-0.08922214,0.4235389,0.47126722,-1.3398687,0.71433306,0.16192164,0.3849174,1.7545261,0.26723644,0.871021,-0.7807772,0.20927258,-0.7778855,0.40504217,0.8240363,-1.5477058,0.8413992,-0.5304045,-0.5176657,1.0983288,-1.4112958,-0.12508678,-1.1435058,0.07442422,-0.075583205,-0.94939035,1.8933042,-2.2566555,1.6640221,-1.7454845,-0.8146251,-0.5396508,-0.3474274,-0.982619,0.19276707,0.3204554,-0.022599326,0.74967664,0.16810916,0.29368398,0.19595118,-0.059709355,1.2699752,-0.36393276,0.53299373,-1.0781484,-1.3827401,-0.33881536,0.2936698,-1.2849473,-1.5315582,-1.1865392,-0.7703025,-0.0066444078,-0.5608687,-0.6635308,1.2097554,-0.42117202,0.6932285,-0.9448834,-0.4227358,0.11576766,-0.7523079,1.5626682,-0.19678342,1.7255588,-1.2830156,-0.27026036,0.36425483,-1.4268385,-0.02360659,-0.38629642,1.9202217,0.5250601,0.9600401,0.42755345,0.1923725,-0.33249664,-0.6169792,1.2013584,0.10326157,2.0682666,-0.050077498,-0.29458722,1.2731191,0.083764695,0.6335747,-0.54082483,-0.04815192,1.5316285,-0.33055148,-0.29409835,-0.10537403,-0.27251247,-0.4668945,0.12576483,0.31744012,0.51470006,-0.3068323,0.51777524,0.091331325,-0.7363238,-1.3655616,-0.5032907,0.92889625,1.1323812,1.2884253,1.383935,-0.03878493,-0.41114306,-1.6529021,0.6071541,1.057192,0.6930221,0.2910495,-1.7325729,0.61547,0.32867637,0.4931539,-1.6566072,-2.107074,1.7164164,0.3382336,0.17990316,1.2351663,-0.73785263,-1.5641004,-0.7158155,0.27180102,0.037754588,-0.5837647,-1.185665,0.5540115,-0.28690818,1.0474522,1.0337974,0.43398872,-0.37579468,-0.21730274,0.4829761,0.18360656,-0.70355004,-0.2656804,-0.15398657,0.6640126,-1.4348226,-0.9531298,0.70534116,-1.86071,0.81979156,-0.28648493,-0.27205968,-0.37275326,-0.077017546,-0.71904653,-0.121233486,0.45752,-0.9898409,-0.31559208,0.81064636,-1.3843476,-1.5367713,0.8496657,1.5720744,-0.44144133,0.45175704,0.5173176,-0.09471304,0.8460479,-0.23139107,-0.44106483,0.20986156,-0.4051995,-0.049252015,-0.40413296,-1.3549567,-0.25517252,0.6701742,-1.2354012,-1.2587821,1.0174028,0.45983008,-1.649377,-1.0022143,-0.15676181,-0.31822437,0.76221853,0.6129086,-0.09110424,0.0020162936,-0.9147873,0.07369536,0.1118497,0.62711054,-0.11228707,-0.033110615,0.37027028,-0.8149399,0.22898133,1.7630607,-0.1970684,1.5580117,1.3331492,0.37725207,-0.09185404,0.4641831,-0.21980084,-0.26493952,0.8241578,-1.1982327,-0.8145769,1.0748974,-0.18919899,-0.74692273,0.2573277,0.85895437,-0.45116296,-0.15822653,0.21813847,1.0402418,1.4708014,1.2205566,1.7795359,-0.3867396,-0.115412205,-0.845716,0.42785195,-1.2343048,-0.5947321,-0.23182221,0.7907982,1.6326805,-0.46290216,0.06150572,0.71155745,-0.90361434,-1.2022305,0.32302064,0.70275277,-0.46220112,-0.5914703,0.52154034,-1.0817674,0.38556507,-1.7644548,-0.36991218,0.52053607,1.4503883,-0.58042574,-0.10896476,0.28205743,0.36946297,-1.2698891,0.009383887,0.8038876,1.749976,-0.080842346,-0.5127119,0.6354184,-0.52224034,-1.2005264,-0.17164207,-1.1056533,-0.59305674,0.3852307,-0.20769052,0.13672267,-0.6123057,-0.6847895,1.7286592,-0.12793791,-0.40893745,0.6556186,-0.764015,1.2825278,-0.5177293,-0.83912176,1.7013077,0.39873007,-1.647963,0.5654474,-1.2185861,0.80229825,-0.7126549,0.8837507,0.93783134,0.57281744,-0.27265722,1.1518093,-0.33783457,-0.35610947,-0.22154033,0.5057017,-0.47010255,0.23750328,-1.7472863,1.3285615,-1.0673617,-0.4942486,0.31371346,0.5459056,-0.5162637,-0.015577689,-0.63799405,0.64132106,0.5867042,-1.0485615,0.7423627,1.5536708,-0.027455077,-1.037337,0.87949616,0.8117819,-0.5919227,0.009317975,2.554626,0.43371856,0.254569,-1.2591457,-1.0124402,0.58409244,-0.4940513,-0.7368031,-0.34425774,-0.40000126,0.07545376,0.23838598,-0.4495138,1.1901511,-0.7346788,0.6986216,0.70263606,-0.74883604,-0.21810703,0.41123044,-0.41777825,-1.1119692,-1.3151282,0.7455842,0.27436966,-0.833282,0.2273644,0.7528487,1.4940963,0.894944,-0.28894192,-0.76136667,0.66875553,1.0385599,0.67191786,-0.6396826,-1.2619522,0.6313756,1.1520408,-0.37401173,0.8810479,0.017870648,-0.3891944,-1.8455648,1.0636462,0.3421781,0.22179693,0.96575564,0.32671657,-0.055273205,0.85782456,-0.15518638,0.4088538,0.04159281,-0.67273235,0.15269172,0.1479899,-0.92041594,0.21874726,-0.37129816,-0.021460233,-0.45823002,0.34838712,-1.0251698,0.7700782,0.14844637,0.2897987,0.6669584,0.10404396,-1.3690778,-0.40248308,-0.25542873,1.4608859,1.0032243,-0.20609115,-1.1611363,-0.4561771,1.2333863,0.75219584,0.011999716,0.36415815,0.09120974,-0.3918005,-0.35425875,-1.1018783,-0.6233436,0.41569087,0.16038904,-0.82103604,1.2600945,-2.0114043,0.7096605,-0.15570512,-1.5153583,0.101995766,0.34685954,-0.4461355,1.9819118,1.4590372,-0.28414944,-0.43092766,0.70178777,0.82901305,-0.6013276,-0.4200987,-1.2473781,1.009466,1.6049829,0.3745441,-1.3356415,-0.30561075,0.33569422,0.024539268,1.2283798,-0.60534436,-0.3292526,-0.9924802,-0.38145694,-1.0621482,-0.5407756,-0.56224996,0.17626809,-1.1141694,0.27764955,-0.50458235,-1.1984688,0.7715545,-0.74833417,0.026661688,-0.29301777,1.5624752,0.59535086,0.22805823,0.063138716,-0.71320266,-0.44486967,-0.9554865,-0.5879397,0.7473311,-0.7958979,0.50656617,0.40644094,0.72423863,1.8505155,0.3389934,-1.0291423,0.40466046,0.124875166,0.22086526,0.15405394,-1.0467558,-0.57471085,0.34699428,0.2584298,0.7791235,-1.6058913,-0.43110976,-0.4687872,0.21091086,0.23065765,0.7899804,0.085136004,0.46888372,1.4467611,1.2869424,-0.21647198,,,,,,,,,,,,,,,,,,,,,,,,,,,,,,,,,,,,,,,,,,,,,,,,,,,,,,,,,,,,,,,,,,,,,,,,,,,,,,,,,,,,,,,,,,,,,,,,,,,,,,,,,,,,,,,,,,,,,,,,,,,,,,,,,,,,,,,,,,,,,,,,,,,,,,,,,,,,,,,,,,,,,,,,,,,,,,,,,,,,,,,,,,,,,,,,,,,,,,,,,,,,,,,,,,,,,,,,,,,,,,,,,,,,,,,,,,,,,,,,,,,,,,,,,,,,,,,,,,,,,,,,,,,,,,,,,,,,,,,,,,,,,,,,,,,,,,,,,,,,,,,,,,,,,,,,,,,,,,,,,,,,,,,,,,,,,,,,,,,,,,,,,,,,,,,,,,,,,,,,,,,,,,,,,,,,,,,,,,,,,,,,,,,,,,,,,,,,,,,,,,,,,,,,,,,,,,,,,,,,,,,,,,,,,,,,,,,,,,,,,,,,,,,,,,,,,,,,,,,,,,,,,,,,,,,,,,,,,,,,,,,,,,,,,,,,,,,,,,,,,,,,,,,,,,,,,,,,,,,,,,,,,,,,,,,,,,,,,,,,,,,,,,,,,,,,,,,,,,,,,,,,,,,,,,,,,,,,,,,,,,,,,,,,,,,,,,,,,,,,,,,,,,,,,,,,,,,,,,,,,,,,,,,,,,,,,,,,,,,,,,,,,,,,,,,,,,,,,,,,,,,,,,,,,,,,,,,,,,,,,,,,,,,,,,,,,,,,,,,,,,,,,,,,,,,,,,,,,,,,,,,,,,,,,,,,,,,,,,,,,,,,,,,,,,,,,,,,,,,,,,,,,,,,,
、,0.6195648908615112,0.3489904701709747,1.0567883253097534,-0.4765182733535766,-0.5891979932785034,-0.1809852719306945,0.0059980759397149,0.3481148183345794,-0.8365700244903564,-0.6619139313697815,-0.2249849289655685,-0.709401547908783,-0.0504682175815105,-0.4271685481071472,0.7363948225975037,0.4460712671279907,-0.5139725804328918,0.4701919853687286,0.1286108493804931,-0.3889336884021759,-0.8025297522544861,-0.7192121744155884,-0.5512325763702393,0.1941795796155929,-0.4240441024303436,-0.9229090809822084,-0.5777475237846375,-0.2258715033531189,0.0061606224626302,0.1903616487979889,0.2632638216018677,-0.4594249129295349,-0.3370295763015747,0.3261558711528778,-0.7294156551361084,0.6906647086143494,0.1098550781607627,0.2041232734918594,0.4162230789661407,-0.5478252172470093,-0.3630021214485168,0.5252999663352966,-0.6012375354766846,-0.5337058305740356,-0.1171065792441368,0.041893757879734,-0.1703510880470276,-0.031400877982378,-0.1483786702156067,-0.3944182395935058,-0.7106783986091614,0.7770763635635376,0.3953070640563965,0.1971932351589203,0.425059050321579,0.3488447666168213,1.0091537237167358,0.0231695063412189,0.0251429192721843,-0.2772858142852783,-0.7284931540489197,0.1356604993343353,0.3728354871273041,0.1996486485004425,-0.592863142490387,0.3532702028751373,-0.1977674067020416,0.5270116329193115,0.4377854466438293,-0.1567492187023162,0.5720683932304382,0.3822307288646698,0.2298650741577148,-0.3820671439170837,0.2723013460636139,-1.026605486869812,0.4222369492053985,-0.3067958056926727,0.2783031761646271,0.1548672318458557,-0.239579826593399,-0.1771947145462036,0.1182410269975662,-0.3522379100322723,-0.6739863157272339,-0.3207395672798157,-1.280389428138733,-0.1314788162708282,0.1092400550842285,0.1847828775644302,0.0771256908774375,-0.437089592218399,0.370442658662796,-0.3064039647579193,1.0832984447479248,0.4152913391590118,0.3117563426494598,-0.1497225910425186,0.3455894887447357,0.2241485565900802,-1.3417664766311646,0.5552119016647339,-0.0222490578889846,-0.8507680296897888,-0.5020774602890015,-0.1633059084415435,-0.2702930569648742,0.9135725498199464,0.5686036944389343,0.4233021438121795,0.0308378841727972,-0.2613431215286255,-0.8987371921539307,0.1841257512569427,-0.0797238424420356,0.4295142292976379,-0.5939999222755432,-0.1568807661533355,0.0380602180957794,0.1479811817407608,0.2256724238395691,0.58320552110672,-0.4946492314338684,-0.1372482478618621,0.271740585565567,0.1917717903852462,0.1432688981294632,0.3522486984729767,0.2582482099533081,-0.6036713719367981,0.3547253906726837,-0.6765661239624023,-0.4382753372192383,0.0448752231895923,-0.6328389644622803,0.965863823890686,0.2955978512763977,-0.4536164700984955,0.0455907583236694,0.1167070865631103,-0.4535581469535827,-0.1906919628381729,0.8190338611602783,-0.4693425297737121,-0.1263845413923263,0.4840159714221954,-0.3180535137653351,-0.3546625971794128,0.4179584980010986,0.3845674991607666,-0.1171512454748153,1.1854907274246216,-0.5989495515823364,0.4140498638153076,0.3314343392848968,0.4171215295791626,0.197724312543869,0.2486430704593658,0.3477166593074798,0.0276961978524923,0.411643385887146,0.0632825419306755,0.118790403008461,1.0481526851654053,0.6594823598861694,-0.0155564593151211,0.6942266225814819,-0.1477566659450531,0.1065890714526176,0.9082752466201782,0.5210177898406982,0.6927188038825989,0.2869593799114227,-0.080572210252285,-0.143041580915451,0.5369226336479187,1.0504631996154783,0.4520522058010101,-0.3815566003322601,-1.0843147039413452,0.4242238998413086,0.4428893625736236,0.7727795243263245,-0.11271483451128,0.5963641405105591,-0.5336257219314575,-0.4145865440368652,-0.0930271968245506,0.4222430884838104,0.1927646398544311,-0.4035003781318664,-0.4110448360443115,0.1082634553313255,-0.0029858634807169,0.0524127073585987,0.166703388094902,0.1684794872999191,0.3491660058498382,-0.12071093916893,0.3308565616607666,0.5550510287284851,-0.018241224810481,-0.1458954364061355,-0.93206387758255,-1.468620777130127,-0.5858704447746277,-0.053965974599123,0.1871979236602783,0.1993109285831451,0.6862973570823669,-0.7204278707504272,-0.1594906896352768,0.1600438356399536,-0.4500786960124969,0.8950967788696289,0.483115404844284,-0.3662504553794861,-0.1398576647043228,-0.0772723108530044,-0.0402719527482986,0.1948870122432708,-0.6461538076400757,0.3496512472629547,0.1929983347654342,-0.292580246925354,0.8708901405334473,0.5928434133529663,-0.952753245830536,-0.5800488591194153,0.2994386255741119,-0.7095662951469421,-0.3877021372318268,-0.1414899677038192,-0.1187630221247673,-0.226882517337799,-0.9625067114830016,-0.6216272711753845,0.1769756227731704,-0.3720604479312897,0.6183730959892273,-0.2944242060184479,-0.2436751723289489,0.3913763761520386,0.3015227615833282,0.3717937469482422,0.2275534719228744,-0.1137370243668556,-0.4073820412158966,-0.9319515228271484,-0.1594752222299575,-0.6824278235435486,-0.4467746615409851,-0.298469603061676,0.5496417880058289,0.4088552594184875,-0.3417203724384308,0.3422651588916778,-0.8266787528991699,-0.2169264554977417,-0.944948673248291,0.300152450799942,-0.2175954282283783,0.4510443806648254,0.2433313578367233,-0.5626786351203918,0.1603416502475738,0.3203263878822326,-0.2135343700647354,-0.4064880609512329,-0.1030912548303604,0.1624127775430679,0.153968408703804,0.3976919949054718,-0.4147221446037292,-0.0498390197753906,0.1031231135129928,0.6804152131080627,1.0598911046981812,-0.1469211876392364,-0.6755654811859131,-0.4156228601932525,0.7218894958496094,-0.8200952410697937,-0.5111777186393738,0.0852808803319931,1.0379979610443115,-0.4341500699520111,-0.0093580558896064,-0.0931151360273361,-0.2131607830524444,0.1918867975473404,-0.6069152355194092,0.0588084161281585,0.1086339578032493,-1.049772024154663,-0.0527109093964099,0.4001291394233703,0.2348199486732483,0.3815994262695312,-0.1056061089038848,0.2873418629169464,-0.2647623121738434,0.0589905194938182,0.1709464490413665,-0.1004977151751518,-0.5174713134765625,-0.1428467333316803,0.6444472670555115,0.2665767967700958,-0.8470263481140137,-0.1114944517612457,0.6196324229240417,-1.261491298675537,-0.3067860305309295,0.4951604306697845,0.4625239670276642,-0.806296706199646,0.3060609698295593,0.7664307355880737,0.5978373289108276,-0.3235744833946228,-0.4803456664085388,0.4361900687217712,0.680817723274231,-0.3462209403514862,-0.766511082649231,0.4465742707252502,0.1413706839084625,-0.1029802933335304,-0.540488064289093,-0.4225925207138061,0.2654396593570709,-0.0956962928175926,-0.2448957860469818,-0.4192146956920624,-0.1646664142608642,-0.3066335022449493,-0.1862993538379669,0.2451054602861404,-0.0318525545299053,-0.0467939153313636,0.695682168006897,-0.4298053383827209,0.2943534851074219,-0.7330169677734375,-0.4372770488262176,0.266561895608902,1.275129795074463,0.4799474477767944,0.6537413001060486,-0.7526010274887085,-0.1445199996232986,0.5737951993942261,-0.2828126549720764,0.7841343879699707,-0.7082526087760925,0.3595519959926605,-0.2249900996685028,0.4486998617649078,0.1162942722439765,-0.312129944562912,0.2356796860694885,-0.7608378529548645,-0.673935055732727,0.2672902941703796,-0.0121579803526401,0.5657185316085815,0.1676893681287765,0.0501080378890037,1.1467639207839966,0.0960680320858955,0.2769872546195984,-0.271636962890625,-1.2229118347167969,-0.2898721396923065,-0.818493664264679,-0.0662508532404899,-0.1926941573619842,-0.1408600509166717,0.6379884481430054,-0.5304189920425415,0.1868663430213928,-0.1202046424150466,-0.4112637639045715,0.2442872375249862,-0.3000135421752929,-0.6347482204437256,0.0767916440963745,-0.0052538914605975,-0.5005415678024292,0.9109095931053162,-0.0007811538525857,0.5739177465438843,-0.3620568215847015,-0.639089047908783,0.5519065260887146,-0.296102374792099,0.0041193105280399,-0.0016299751587212,0.1267074197530746,-0.2287810444831848,-0.2666354477405548,-0.1437699347734451,0.0704218074679374,-1.0117563009262085,0.5357574224472046,-0.4320216178894043,0.0675554797053337,-0.0848605036735534,-0.2459176182746887,-0.7839255928993225,-0.2140903323888778,0.0649926662445068,-0.1526171118021011,0.1472381502389907,0.3655463755130768,0.192785158753395,-0.4598661065101623,0.4447408616542816,0.5818700790405273,0.773893415927887,-0.2916417717933655,0.6764229536056519,-0.2633430957794189,0.1170301362872123,0.3807166218757629,-0.636992871761322,-0.5004210472106934,0.4088150560855865,0.2970898449420929,-0.4510889947414398,-0.2047666013240814,-0.3112285435199737,1.1695051193237305,-0.2776446640491485,-0.454189658164978,0.902678370475769,-0.3502555191516876,0.3743431270122528,1.0348628759384155,0.7548885345458984,-0.3306185603141784,0.8137053847312927,0.2189303785562515,0.4164632558822632,0.0481533221900463,-0.4062684178352356,-0.2302813231945037,0.8682974576950073,-0.0690934285521507,0.0666430816054344,0.7246530055999756,0.2387608587741851,0.2063861191272735,0.304114431142807,-0.0526445172727108,0.0919842198491096,0.3205940127372741,-0.1039949804544448,-0.344978004693985,-0.0909045413136482,-0.1859214305877685,-0.3086766302585602,-0.1104165613651275,-0.4009558856487274,0.3755174279212951,1.0586365461349487,-0.69407057762146,0.3782074749469757,-0.9081338047981262,-0.5527552962303162,-0.1388085484504699,-0.1920015960931778,0.0875670760869979,-0.8221295475959778,-0.3547230660915375,0.0455889664590358,0.100279651582241,-0.4144933223724365,0.1088500693440437,0.3550724685192108,-0.2159822881221771,-0.3159510493278503,-0.813616156578064,0.1168316379189491,0.7964914441108704,-0.5838242173194885,-0.3934233486652374,0.060257464647293,0.1438681185245514,0.7519621849060059,-0.8378763198852539,-0.4993960857391357,-0.388970673084259,-0.1639347821474075,-0.7298585176467896,-0.0774035155773162,0.1874646097421646,-0.6804988384246826,0.2744324803352356,0.0274815335869789,-0.2773340940475464,-0.6969039440155029,-0.2621581554412842,-0.1018723174929618,-0.5727987289428711,0.2523036897182464,0.1731978803873062,-0.2328196913003921,0.108727253973484,-0.1145984902977943,0.3019725382328033,0.7329968214035034,-0.3828904032707214,0.8873105049133301,0.0118421558290719,0.352819412946701,-0.810456395149231,0.5460114479064941,-0.7754442095756531,0.2387319207191467,-0.7294042706489563,-0.6843485832214355,-0.7158702611923218,-0.5920957326889038,-0.4448314309120178,0.6941059827804565,1.415650486946106,0.5825144052505493,-0.6701879501342773,0.2146046459674835,-0.1199929490685463,-0.4598611295223236,-0.5141260623931885,0.0787957608699798,0.0287131275981664,-1.562509536743164,-0.1510507017374038,0.1109620109200477,-0.5994253754615784,1.3839061260223389,-0.1814644634723663,-0.5518447160720825,-0.2039219886064529,0.4202861785888672,0.3994800150394439,-0.4896880388259887,0.0579875633120536,0.6398654580116272,0.2553820610046386,0.8101413249969482,-0.274228572845459,0.0906463786959648,0.1436778157949447,0.1233146637678146,0.0946904346346855,0.4151434302330017,0.4983032047748565,0.0801388993859291,0.8776180744171143,-0.6998874545097351,-0.6978878974914551,-0.6231597661972046,0.3570880591869354,0.1529397666454315,0.689155638217926,0.2196631878614425,0.7957811951637268,0.6500939130783081,-0.1513335853815078,0.0573428571224212,0.8899685144424438,-0.0597225539386272,1.2249330282211304,-0.5518271327018738,0.1374015361070633,-0.7722051739692688,-0.0206141173839569,0.9322041273117064,0.7353374361991882,-0.0895386338233947,-0.1536366045475006,-0.030578788369894,-0.5362865924835205,0.6016854047775269,0.3558008670806885,-0.1032327115535736,0.3825442492961883,0.2989633977413177,-0.4406847059726715,1.0371015071868896,-0.0341293402016162,0.2658805251121521,-0.6539269685745239,-0.0679441913962364,0.7289755940437317,0.4150844812393188,0.0939821302890777,0.7793418169021606,-0.2908057868480682,-0.6848353743553162,-0.1627069562673568,0.4638008773326874,-0.5895224809646606,0.6393943428993225,-0.0029510802123695,-0.5359312891960144,0.7100718021392822,0.655490517616272,0.3547017872333526,0.3587740361690521,-0.5897667407989502,0.1178450062870979,-0.1086761206388473,-0.1629100739955902,0.3958805501461029,0.2954218983650207,0.4053311049938202,0.0414086431264877,-0.8010706305503845,0.4483011364936828,1.3589962720870972,-0.0052117416635155,-0.092074379324913,0.3095720112323761,0.0476359650492668,-0.3680016994476318,0.1139998286962509,0.3104340732097626,-0.2435269206762313,0.2289800196886062,-0.2655230164527893,-0.3084410727024078,-0.1917210221290588,-0.1111677139997482,0.836298406124115,0.1016987338662147,-0.1079253777861595,-0.1257338672876358,-0.0497482158243656,-0.7834899425506592,-0.0943723171949386,-1.2535018920898438,-0.8204447031021118,-0.0228514838963747,0.079421080648899,0.1268144994974136,-0.0876045674085617,-1.0506716966629028,-0.3635828495025635,-0.3436509370803833,-0.780060350894928,-0.2888449728488922,0.2456021755933761,0.4450479447841644,-0.0233513191342353,-0.6451221704483032,-0.3198616802692413,0.4667545855045318,0.4408571124076843,0.2822818756103515,0.2906259596347809,-0.4739277958869934,-0.2051218152046203,-0.0680044218897819,0.5647624731063843,-0.0696877837181091,-0.4178608059883117,-9.239850997924805,0.4858905375003814,-0.6960218548774719,-0.0361793711781501,-0.2908546030521393,0.1097744330763816,0.7458534836769104,0.9021535515785216,-0.8397974967956543,0.8337070345878601,-0.4177514016628265,0.3903300762176513,0.6950947642326355,0.6229278445243835,-0.6647345423698425,0.0440518483519554,0.3326362371444702,-0.1166946589946746,0.6179511547088623,-0.1337971836328506,-0.4723475575447082,-0.8308966755867004,0.333613246679306,-0.35804483294487,-0.5387967228889465,0.3511967658996582,0.7182985544204712,0.211320474743843,-0.3411101400852203,0.7431811690330505,-0.708786129951477,0.2283969521522522,-0.0462522357702255,-0.4464648962020874,-0.3448687195777893,0.6354577541351318,0.4750964045524597,0.5005751252174377,-0.6288119554519653,-0.0984638035297393,-0.2708901166915893,0.7006009221076965,0.0804221704602241,0.0824451893568039,-0.1221666112542152,-0.0991153195500373,-0.1915300339460373,-0.0420115441083908,0.9884529113769532,-0.290996104478836,-0.0704822018742561,-0.7775848507881165,0.459912896156311,-0.9610315561294556,-0.3412564992904663,0.0553800277411937,-0.5966173410415649,-0.8167950510978699,-0.3448605835437774,0.1789460480213165,0.4906902015209198,0.3579187393188476,0.6264480352401733,0.1931654512882232,0.0191162060946226,0.154929056763649,0.4830325841903686,0.4936136901378631,-0.3643776178359985,-0.4921980798244476,-0.0711397528648376,0.0291632562875747,-0.4733636081218719,-0.1612384468317031,-0.1430217027664184,0.0011700104223564,-0.6814314723014832,-0.2017345577478408,0.7151430249214172,-0.0283666495233774,1.094463586807251,-0.1716654151678085,0.0287442691624164,-0.3106435239315033,0.1182713881134986,0.03754448518157,0.8500673770904541,0.6016170382499695,-0.007225947920233,-0.7786552309989929,0.437221348285675,0.5968304872512817,0.606789231300354,0.6270705461502075,0.1220488622784614,0.0347596146166324,0.8286532759666443,-0.122065931558609,0.8150589466094971,0.1964781284332275,-0.34128594,-0.29541174,1.4397141,0.44224653,-0.93462956,-0.7181215,-1.3842295,0.9103095,1.1581054,0.5973128,0.7439697,-0.4051191,-1.498696,2.5555182,-0.6913872,0.17969556,1.0044771,-0.9423584,0.45528167,0.17351682,0.5368682,0.3140103,0.62122315,-0.81193143,1.059153,0.37622756,1.2365199,0.08529286,-0.41810983,-1.5204577,0.44462395,-0.6459139,-0.8783887,-0.08074424,0.23199871,-0.7829069,-1.7930683,1.5158277,0.0019206286,-0.69948107,-0.9560196,0.938008,0.4547995,-0.6857753,-0.75755954,-0.5889809,1.8832153,-1.0982151,0.751705,-0.61637115,-1.2605473,-0.68853205,0.49207658,0.82480955,0.75165874,-0.4913053,1.5318522,0.495085,-0.32621935,-0.55293417,-0.44655734,0.121902965,-0.26035374,-1.0389235,-0.23862973,0.37394136,0.049366556,-0.11617211,0.32907417,-0.061374772,-2.251372,-1.8075154,-0.019128125,1.5102669,-1.8396912,0.33935958,0.34846887,-1.0063016,0.7876749,-0.6730816,0.2052145,-0.94902265,-0.85499126,1.3837587,-1.0701538,-1.6063297,-0.46391305,-0.6781101,-1.000654,-0.4587534,-1.0055879,-2.4068623,-0.76886845,-1.1742349,1.9352758,0.49273506,-0.8489073,-1.2889826,-1.0320632,-0.41278058,0.53210837,1.3773477,0.68171054,-0.25476566,-0.8837571,-0.41584745,0.0018458426,-0.39011422,-0.6732489,0.86511916,0.14159624,0.24028501,0.72413665,1.5208098,0.4522202,0.60446703,-1.713321,-0.3772801,-0.35602027,0.4675632,1.3548658,0.7240012,-0.21988252,0.66930753,0.115576304,0.5492629,0.44719228,-1.2427003,0.15479891,0.5347986,0.5590219,0.5539604,2.5268428,0.8530961,-0.71681345,-0.83323574,0.2688041,0.1770527,0.7533315,-1.2733853,-0.77739275,0.47659507,-0.31214604,-0.6426422,1.1122286,-0.99348766,0.09438862,1.0260354,1.3323939,0.1840523,-0.8005127,-0.06177003,-1.7554042,0.51516664,1.4085792,0.0772693,0.0705897,0.5965787,-1.5629549,0.97140694,-1.0073464,1.4099114,-1.1429478,0.8840248,-0.76819277,0.82592666,-0.83639336,0.21611503,-0.48682007,-2.5914757,-0.065268114,-0.2304509,0.7471819,0.35797936,0.37938708,0.39119196,0.08911207,0.54019105,-1.4219354,-0.5368319,1.5823478,0.74761486,-0.03472162,1.1514614,-0.5852283,0.42541713,0.836524,0.6236327,1.2431499,-0.1673306,2.0670435,-0.7904252,0.9948624,1.2457497,0.63810706,2.4837122,0.86626023,-1.4413757,-1.2689412,0.9490887,-2.3730464,-0.6265881,1.1569881,-1.69078,0.3981116,-1.2874895,-0.4197443,1.5445366,0.5985006,-0.2464943,-1.1714072,-1.1408126,1.3682745,1.0592748,-0.005515641,0.034306586,-0.5403739,0.007190907,-0.59138554,-0.3707497,0.64474803,0.71223396,0.2604021,0.76211464,-0.7225558,0.85827816,-0.22074571,0.101815484,0.44177717,1.0599278,-0.8127494,0.2681223,0.09102435,-0.02928496,0.19268933,0.8968166,-0.9219678,0.3364038,-0.20898017,0.7577311,0.8935534,-0.9995804,0.284979,-0.14853816,0.7623791,0.4399112,1.1626302,-0.3496407,-1.811237,-0.1271327,0.062070537,0.8237775,-0.29986364,0.26590213,-0.20481662,1.7258065,-0.4815713,0.35282138,-1.021075,-1.4623778,-0.80225354,0.72335035,0.77836317,-0.3073768,-0.34488684,-0.3082245,-0.5096332,0.7140771,0.7124511,-0.17042592,-1.1515281,-0.10446668,-1.2749388,0.424069,0.9877844,0.44520196,-0.751612,-0.30028278,-0.6142104,0.89338064,0.64887077,-1.6937864,0.104633436,0.23521313,-1.0797093,0.56251,0.8537278,0.10668758,-0.06525472,0.400575,-1.1588943,0.92287046,0.24468347,0.668341,1.5395538,0.08642371,0.74878377,-1.2292804,-0.2914044,-0.5261113,0.6569648,1.35035,-1.6088669,1.3265063,-1.2104342,-0.17516103,1.0486579,-0.7200922,-0.24884772,-0.79204094,-0.07348557,-0.1637485,-0.86937237,2.137261,-2.7096124,1.1973978,-1.8321941,-0.43615112,-0.89701575,-0.6408465,-0.4646513,-0.6042453,0.55108166,0.09876518,0.933677,0.3559726,0.5541665,0.043139957,-0.2072896,1.9569035,-0.4266893,0.65559506,-1.2204522,-1.5003603,-0.5435756,0.77249634,-1.3303877,-1.346447,-1.5921406,-0.34965676,-0.06626165,-0.36256504,-0.8209318,1.1664025,-0.14254692,-0.014756277,-1.2402016,-0.34067777,0.22016776,-1.1499753,0.86392814,-0.23202653,1.4147832,-1.2404534,-0.20966232,0.18965752,-1.3268081,0.20883413,-0.09713107,1.5225168,0.7848581,0.9482317,0.47397494,0.85204774,-0.14091526,-0.5290865,1.4116077,0.35946736,1.8489406,-0.11327459,-0.66629755,0.73097956,0.2436131,1.1094426,-0.51811427,-0.22655836,1.6634457,-0.9123422,-0.6352659,-0.08239078,-0.20886567,-0.24184525,0.28489345,0.9094558,0.39661592,-0.02715514,0.1827575,0.57354367,-0.10103943,-1.4759616,-0.86072654,0.873911,0.85341156,2.354466,1.3967878,0.10986154,-0.47485822,-1.6611029,0.72685015,1.0092436,0.9046277,0.07810988,-1.85945,0.7546305,0.15357134,0.67950094,-2.3489327,-1.5528419,1.3466781,-0.3179633,0.576918,1.1178839,-1.2442186,-1.4196093,-0.5928725,-0.24720383,-0.32182607,-1.2099923,-1.5610367,0.46362406,-0.31989914,0.60640967,1.1041284,0.81485254,-0.64647347,-1.1597106,0.5526769,-0.012843341,-0.8991662,0.10205392,0.3957775,0.517967,-0.8112925,-0.33889812,0.47541103,-1.0562656,1.2255019,0.14714341,-0.12716873,-0.70213217,0.0051231743,-0.8271559,0.5646811,0.20411137,-0.84717846,-0.0049481452,0.7041379,-1.5520308,-1.2500138,0.9026903,1.3165866,0.27904463,0.2630241,0.131845,0.03658984,0.6922367,-0.42192167,-0.4378744,0.7109147,-0.06518251,-0.4001854,-0.3048569,-1.4741894,-0.13854459,0.5617374,-1.3823825,-2.006947,1.1098756,0.53803015,-1.0040264,-1.0998447,0.03196051,-0.2543448,0.34018573,0.9290043,0.10631319,-0.036287617,-1.400068,0.37955424,0.42969736,0.09587706,-0.20318279,0.54208755,0.43684897,-0.79942566,0.5918828,1.7040527,0.3824727,1.8364084,1.4838653,0.5147465,-0.12500887,0.5882817,-0.43108472,-0.26854837,0.597343,-0.0965533,-0.52691984,1.2640433,-0.2222501,-0.63525283,0.45429307,0.93157804,-0.28646022,-0.81077397,0.08171846,0.9818567,1.3669424,1.179011,1.8267769,-0.14834428,-0.14934595,-0.9222255,0.73889816,-1.585065,-0.56628495,-0.92249215,0.35364202,1.6436135,-0.99184024,-0.012850161,0.9942852,-0.76507556,-1.7239969,0.122633636,0.23580852,-0.5012566,-1.0755649,0.5444336,-1.4223607,0.15161452,-1.5905955,-0.26810706,0.62594736,1.6400315,-0.49683514,0.049370043,0.2686674,-0.11563708,-0.90268993,-0.4485607,0.37048706,2.1589768,-0.54837483,-0.91711664,0.34752396,-0.42792648,-1.1934321,-0.49472946,-0.99145335,-0.8400253,0.035695888,-0.43115482,-0.34513316,-0.35873237,-0.5322813,1.6792753,-0.11098321,-0.6748564,0.8272133,-0.47684056,0.76522684,-0.18767914,-0.54881066,1.414895,1.2608726,-1.4730396,1.2191734,-1.5753394,1.5106032,-0.2664958,1.585192,1.6429911,0.67658055,-0.73415107,0.9447669,-1.0051361,-0.42147332,-0.46545663,0.14618035,-1.1098449,0.2134325,-2.1059394,1.1630231,-1.181104,-0.6593386,-0.04314208,0.58561814,-0.67204624,0.4004159,-0.28107855,1.2601655,0.3715632,-1.2890971,0.7201538,1.4460161,-0.0330935,-1.063233,0.1828781,0.57090116,-0.2927609,-0.37834483,2.3756804,0.18341914,-0.016676772,-1.4116945,-0.6547004,1.5115554,-0.3065056,-0.8267935,-0.37931067,-0.34875363,0.02051362,-0.28477687,0.13432696,1.3034346,-0.63264626,0.46356001,0.67152655,-1.3684468,-0.4236125,0.012740875,-0.9622334,-0.7916125,-1.3702538,0.39063448,0.16119313,-1.07635,0.40737382,1.1526347,1.4027435,0.6452455,-0.5042513,-0.8288349,1.1082048,1.0748813,0.29640213,-1.6416111,-1.5139639,0.59477484,1.4255142,-0.07354565,0.32228452,0.74995464,-0.008741314,-2.1241915,0.96737325,0.28378895,-0.26022503,1.4886262,-0.057783388,0.06402071,0.7633318,-0.1426874,0.4827705,0.13687931,-0.80187404,0.09177588,0.49466342,-0.8406439,0.35415515,0.018090293,0.31937683,-0.4426063,-0.4350832,-1.6483564,1.1011986,0.7106108,0.44711718,0.8425851,0.9986305,-1.6365626,-0.55245954,0.028086925,1.5169585,1.0471315,0.030368531,0.060972475,-0.67409194,1.9335493,0.454645,-0.09828161,0.051986217,0.42902693,-0.009105293,-0.41012675,-0.52529556,-0.47764865,0.20563646,-0.4709285,-1.5509382,1.8380514,-2.182067,1.2560751,-0.44907323,-1.650604,-0.13666138,0.48902574,-0.97418565,1.9630575,1.40116,-0.47455883,-0.6992264,0.79660875,1.2913458,-0.5237219,-0.19208713,-1.3867152,0.6091728,2.013442,0.37456363,-1.1944472,-0.459567,0.77071923,-0.21328183,1.7412847,0.08441663,-0.6641478,-0.81376857,-0.658367,-1.3772318,-0.70023936,-0.5769316,0.17666519,-1.5874565,0.47356343,-0.042254858,-1.2402179,1.0877968,-0.7635282,-0.3311125,-0.3214656,0.56822777,0.22050467,0.51640695,0.508276,-0.63157237,-0.30047354,-0.7943217,-0.60585636,0.88746405,-1.1101536,0.7721446,0.26184934,0.6166795,1.5929968,0.4263084,-1.560032,1.2284852,-0.024765547,0.3552133,-0.62025833,-1.5061027,-0.8626434,0.2268796,1.1224849,1.7351214,-1.6327482,-0.6442173,-0.2583584,-0.021192305,-0.59208953,0.71808064,0.16405138,-0.15114537,2.0291266,1.3477341,0.31845582,,,,,,,,,,,,,,,,,,,,,,,,,,,,,,,,,,,,,,,,,,,,,,,,,,,,,,,,,,,,,,,,,,,,,,,,,,,,,,,,,,,,,,,,,,,,,,,,,,,,,,,,,,,,,,,,,,,,,,,,,,,,,,,,,,,,,,,,,,,,,,,,,,,,,,,,,,,,,,,,,,,,,,,,,,,,,,,,,,,,,,,,,,,,,,,,,,,,,,,,,,,,,,,,,,,,,,,,,,,,,,,,,,,,,,,,,,,,,,,,,,,,,,,,,,,,,,,,,,,,,,,,,,,,,,,,,,,,,,,,,,,,,,,,,,,,,,,,,,,,,,,,,,,,,,,,,,,,,,,,,,,,,,,,,,,,,,,,,,,,,,,,,,,,,,,,,,,,,,,,,,,,,,,,,,,,,,,,,,,,,,,,,,,,,,,,,,,,,,,,,,,,,,,,,,,,,,,,,,,,,,,,,,,,,,,,,,,,,,,,,,,,,,,,,,,,,,,,,,,,,,,,,,,,,,,,,,,,,,,,,,,,,,,,,,,,,,,,,,,,,,,,,,,,,,,,,,,,,,,,,,,,,,,,,,,,,,,,,,,,,,,,,,,,,,,,,,,,,,,,,,,,,,,,,,,,,,,,,,,,,,,,,,,,,,,,,,,,,,,,,,,,,,,,,,,,,,,,,,,,,,,,,,,,,,,,,,,,,,,,,,,,,,,,,,,,,,,,,,,,,,,,,,,,,,,,,,,,,,,,,,,,,,,,,,,,,,,,,,,,,,,,,,,,,,,,,,,,,,,,,,,,,,,,,,,,,,,,,,,,,,,,,,,,,,,,,,,,,,,,,,,,,,,,,
ボ,0.1439687311649322,0.1292961090803146,0.3838070929050445,-0.2485174983739853,0.4047434329986572,0.1596586108207702,0.1035347059369087,0.1050287187099456,0.0195356663316488,-0.0049843364395201,0.5882593989372253,-0.389284074306488,-0.1177090406417846,-0.5012689828872681,0.4407159984111786,-0.6029049754142761,0.1056895852088928,0.3616434931755066,-0.0375603251159191,-0.2586126923561096,-0.9558138251304626,0.0945159494876861,0.2176059931516647,0.2696490287780761,-0.0626011341810226,-0.1871734708547592,-0.6930167078971863,0.6469196081161499,-0.0588734522461891,0.0597820729017257,-0.3447067737579345,-0.3448743820190429,-0.2371822297573089,-0.1397904455661773,-0.4161678254604339,0.1472441405057907,0.3595270216464996,0.2850405275821686,-0.0945339053869247,-0.2029715031385421,-0.12617127597332,-0.0182042606174945,-0.2017431706190109,-0.4693796336650848,-0.2424555867910385,0.9079692363739014,0.0959874466061592,0.4438500702381134,0.4285959899425506,0.4247173368930816,-0.1309760808944702,0.4401008784770965,0.4167208075523376,0.1051271259784698,0.4883555769920349,-0.3311542272567749,0.4604386985301971,-0.2405585944652557,0.0589196272194385,0.1641925871372223,-0.3551003932952881,-0.3974072337150574,0.0791350752115249,-0.152481272816658,-0.0557665340602397,0.2391268163919448,-0.3141461908817291,-0.1726564615964889,0.1716255247592926,-0.3295692503452301,-0.1906208992004394,-0.1792229861021042,0.1456382423639297,-0.1732104867696762,0.9256094694137572,-0.2295736819505691,0.1082336902618408,0.0601663738489151,0.3286031782627105,-0.1900734454393386,-0.0893552750349044,0.3840915858745575,-0.0993738919496536,-1.0637061595916748,-0.0083804484456777,0.5688923597335815,-0.5809078216552734,-0.9359665513038636,0.3918237388134002,-0.1573652029037475,-0.3339511752128601,0.3085014522075653,0.5546611547470093,0.2628289461135864,0.2954196035861969,0.3567422330379486,0.03485107421875,-0.2565979063510895,-0.3260431885719299,0.0022727434989064,-0.1496475636959076,0.2273250073194503,0.3869157135486603,0.1522692143917083,-0.002151146531105,-0.1086390987038612,-0.1526174545288086,-0.1255943775177002,-0.1003154143691062,0.2137297093868255,-0.1364867240190506,-0.5766066312789917,-0.5926861763000488,0.010296206921339,0.5546249747276306,-0.1808413416147232,0.039856057614088,0.4767183065414428,-0.2718744874000549,0.3491956293582916,-0.0567234270274639,0.4403980672359466,-0.3766716420650482,0.129137635231018,-0.0957377627491951,0.1648361533880233,-0.2408479750156402,-0.0338414907455444,-0.02021642960608,-0.0869689658284187,-0.204969584941864,0.2381961196660995,-0.2246714383363723,-0.1831645518541336,-0.2014488279819488,0.904832363128662,0.1448315531015396,-0.0471555069088935,-0.0724714249372482,-0.5772051811218262,-0.2871559858322143,-0.1120193004608154,0.2158378213644027,-0.4022128582000732,-0.251988023519516,0.0348667167127132,-0.0515854768455028,-0.5733211040496826,0.3481760323047638,0.1127221137285232,-0.3264268040657043,0.2776157259941101,-0.3977353870868683,0.121880829334259,-0.1597568690776825,0.1910097301006317,-0.702085018157959,0.2474134266376495,0.2638925313949585,0.7458873987197876,0.3008045256137848,-0.4686106443405151,-0.0225501097738742,0.586979866027832,0.1592243015766143,0.2442986965179443,0.4023634493350982,0.1701695024967193,0.1258859932422638,0.7714357376098633,-0.0344693250954151,0.2849818766117096,0.273808866739273,-0.0349588021636009,0.5594714879989624,0.2321341633796692,0.6518443822860718,0.2597667872905731,-0.2975669503211975,-0.3077258765697479,0.2459188550710678,-0.2263567894697189,-0.0975445806980133,-0.3521938920021057,0.5100083351135254,-0.3564467132091522,0.3345547616481781,0.1522971093654632,0.1007070317864418,-0.1205483451485633,-0.0584773644804954,-0.6275340914726257,0.1806914061307907,-0.6542738080024719,0.2497092634439468,-0.19158935546875,-0.0981824845075607,0.1961419880390167,-0.5271109938621521,0.6207820773124695,0.2243862599134445,-0.1415121406316757,-0.369813472032547,-0.756898045539856,-0.986607551574707,-0.1516456305980682,-0.3011984527111053,0.3671460747718811,0.30503711104393,0.2006781548261642,-0.4377541542053222,0.3090288937091827,0.1463585048913955,-0.0351324304938316,0.2611996233463287,0.0386659987270832,-0.6101104617118835,-0.3646962940692901,0.1865793764591217,-0.4515523910522461,0.2884141206741333,-0.2416187673807144,0.0605074428021907,0.3691802322864532,0.0487188659608364,0.0572254844009876,0.0713848173618316,-0.2153611332178115,-0.0535080768167972,0.4890233278274536,-0.1315151900053024,-0.5510320067405701,-0.8103243112564087,0.3070850968360901,-0.6429513096809387,0.0363495796918869,-0.407978892326355,0.3788502514362335,-0.416245698928833,0.5198161005973816,0.3321021497249603,-0.0888243988156318,0.1130728721618652,-0.5831342935562134,-0.0664528608322143,0.417150467634201,-0.0665173456072807,-0.2485734820365905,-0.377749353647232,0.2172156870365142,-0.4654347598552704,-0.3655210137367248,0.1984689980745315,-0.5641874670982361,0.6598703861236572,0.2801077365875244,0.5813714265823364,0.1032847762107849,0.3611508905887604,-0.5735040903091431,0.0071285348385572,-0.8077540397644043,0.0027652408462017,-0.1666890531778335,-0.4236184954643249,0.0019766450859606,-0.1300845295190811,-0.3161681592464447,-0.3810920119285583,-0.385811448097229,-0.1117139607667923,-0.2083974033594131,-0.2272909283638,-0.2158176153898239,-0.0490738973021507,-0.1596101373434066,-0.2625629603862762,0.5405693054199219,-0.4966326057910919,0.1306900382041931,-0.7518096566200256,0.5052667856216431,-0.448404312133789,-0.1331483274698257,-0.1088452935218811,-0.2538745701313019,-0.5670285224914551,-0.294266402721405,0.1433435678482055,0.5252804160118103,0.4045278131961822,-0.6629622578620911,-0.412294328212738,0.5862314105033875,-0.3171759247779846,0.0646582320332527,0.2078593671321869,0.4324960112571716,0.2836436033248901,-0.1736496835947036,0.4336066544055938,0.2031517028808593,0.3409585058689117,0.1424985975027084,0.0379189774394035,-0.4286170601844787,-0.3888925313949585,0.1249428540468216,0.4263857305049896,0.0004176364163868,0.1408827602863311,0.8767604231834412,-0.1796674132347107,0.135288119316101,0.3921279013156891,-0.1135061904788017,-1.6756726503372192,0.3979027569293976,0.1637566983699798,-0.0428438074886798,-0.1159270256757736,0.3696295619010925,0.115145020186901,-0.0685918629169464,-0.4269333779811859,-0.7337863445281982,0.9463098049163818,0.3640085160732269,-0.391431987285614,-0.2992689311504364,0.5133345723152161,0.1332372575998306,0.0913364738225936,-0.581742525100708,0.0658871605992317,0.341152161359787,-0.0022467707749456,-0.3568423390388489,-0.2175297737121582,-0.4941028952598572,-0.5076534748077393,0.6016713380813599,-0.0088784992694854,0.6562512516975403,-0.3415630161762237,-0.3465965092182159,0.4169206619262695,1.1281338930130005,0.9719532132148744,0.6543681025505066,-0.1725954860448837,-0.0625874176621437,0.2538582384586334,0.5505879521369934,0.8139808773994446,0.0936224982142448,-0.081884279847145,-0.1322601437568664,0.2606425881385803,0.029614970088005,-0.2258490473031997,0.2626703977584839,0.2877318561077118,0.0528828501701355,0.0229647979140281,0.3783884048461914,0.424943745136261,-0.0113225802779197,0.2371524572372436,0.6500402688980103,0.1855323165655136,0.0801329091191291,-0.0274933595210313,-0.1895859390497207,0.2172467410564422,-0.6037684679031372,-0.0351489819586277,0.0560030229389667,-0.0003900244482792,0.0318029038608074,-0.543986976146698,-0.1491352766752243,0.0714677795767784,-0.1508245319128036,-0.1305837929248809,-0.5831030011177063,-0.6249163746833801,0.0361661128699779,-0.0089680384844541,-0.839713454246521,0.6498161554336548,0.8587449193000793,0.441373199224472,-0.5708622336387634,-0.6952683329582214,0.2901767194271087,-0.7595633864402771,-0.162751168012619,-0.1043712496757507,0.436204731464386,-0.4935372173786163,0.2093543112277984,1.7086720617953688e-05,-0.5586060285568237,-0.5077348351478577,0.0635871440172195,-0.559253990650177,0.0566951781511306,-0.3546957969665527,0.4352950751781463,0.2130195647478103,0.2203995585441589,0.2638640105724334,0.2909874320030212,-0.6759177446365356,-0.2001582086086273,-0.2651552855968475,0.6137272119522095,0.9788709878921508,0.1233715638518333,0.2645368874073028,0.4555129706859588,0.2789110541343689,0.195406973361969,-0.2249953150749206,0.0812973529100418,-0.4688581228256225,-0.3993406891822815,0.9137731790542604,-0.1056922972202301,0.0960718169808387,0.2796002924442291,0.2219674736261367,0.6827477216720581,0.0476958826184272,-0.6334594488143921,-0.1426112502813339,-0.0035134465433657,-0.0084518818184733,0.6645944714546204,0.2519964575767517,1.0229380130767822,-0.3500599861145019,-0.060292262583971,0.2705570459365845,-0.0466861724853515,0.6038400530815125,-0.5765597224235535,-0.2290982753038406,-0.0164570044726133,0.2166618555784225,0.7843930721282959,0.2562227547168731,0.3657118380069732,0.3370965719223022,0.1249434128403663,0.0959089770913124,0.302809476852417,0.4310511350631714,-0.0423594266176223,-0.0909996181726455,-0.4449203610420227,-0.3668844997882843,-0.3616075813770294,-0.5473309755325317,0.0237949229776859,-0.1084983274340629,-0.2244998514652252,-0.074521355330944,-0.5294779539108276,-0.8348717093467712,-0.7273156046867371,-0.7996223568916321,0.1282709240913391,-0.3520514369010925,0.3942602276802063,0.2304388135671615,0.3436907231807709,-0.4132688045501709,0.4706529378890991,0.4564939737319946,0.5322994589805603,0.3543920516967773,-0.425750583410263,-0.605270266532898,0.1862010061740875,-0.2988229393959045,0.2009898722171783,-0.003254962619394,0.0148290423676371,-0.561886191368103,-0.6147566437721252,-0.0291400589048862,0.0009933889377862,-0.0579189211130142,0.2181346118450164,0.3025559484958648,0.2743854522705078,-0.5046523809432983,-0.5204188227653503,-0.2920539975166321,-0.2656936943531036,0.2966531217098236,-0.6179804801940918,-0.0103547386825084,-0.0673439428210258,-0.1639868766069412,0.5980075001716614,0.6896371841430664,-0.6088401079177856,-0.0269214939326047,0.6098814010620117,0.0036541002336889,-0.2683363556861877,0.0167864058166742,0.0590142719447612,-0.1358803957700729,0.1423052847385406,0.5005311369895935,-0.080097958445549,-0.0872372761368751,0.0025892700068652,-0.5950143933296204,-0.8245745301246643,-0.0835050418972969,-0.8271368741989136,0.6489257216453552,0.0049196588806807,0.3333048820495605,-0.4421678483486175,-0.122152991592884,-0.0753346756100654,0.1915476620197296,-0.3227148950099945,0.1778335571289062,-0.0810354724526405,-0.4908232688903808,0.2985319793224334,-0.192046970129013,-0.82032310962677,0.507908821105957,0.3688993752002716,-0.6625238656997681,-0.2701572775840759,0.2755818367004394,-0.1375831514596939,-0.7003011107444763,-0.1512006521224975,0.0186482574790716,-0.0833663269877433,0.3068884611129761,0.1654050648212433,0.4656426310539245,0.1542191207408905,-0.1949292421340942,0.3063982725143432,0.4625619947910309,0.5449936389923096,0.3780714869499206,0.2548714578151703,-0.3712697029113769,0.3319862782955169,-0.243299588561058,0.3172643184661865,0.1979582160711288,0.4467939436435699,-0.2053159475326538,0.9143945574760436,0.4328822493553161,-0.499682605266571,0.1977975815534591,0.8523085713386536,0.6478829979896545,0.438651978969574,-0.2757658958435058,0.0863866135478019,-1.1554301977157593,0.3818044662475586,0.2809598445892334,0.0605168044567108,-0.1790277361869812,-0.4353194534778595,-0.4084134399890899,-0.3831052184104919,-0.1733971536159515,0.3237088620662689,0.0708637684583664,0.389953076839447,0.4096400141716003,0.0067407046444714,0.539636492729187,0.0339369662106037,-0.1130606234073638,-0.2762750089168548,-0.1326154172420501,0.2487753033638,0.5508090853691101,-0.2679859101772308,0.4580556154251098,-0.4241444170475006,-0.6629235148429871,-0.1439159363508224,0.2060327678918838,0.0556595474481582,0.5947993397712708,-0.5304108262062073,-0.2170806378126144,0.4172620177268982,0.5577573776245117,-0.1151442378759384,-0.1299427449703216,-0.5406795740127563,0.1671021431684494,-0.2948118150234222,-0.525668740272522,0.3471474051475525,0.067910186946392,0.5532509088516235,-0.4626549482345581,0.0628871172666549,0.3348872065544128,0.6738779544830322,-0.0825635194778442,-0.1918529272079467,-0.1482875347137451,0.0301577374339103,-0.4187168180942535,0.2475821375846862,0.2780641317367553,-0.3190640211105346,-0.2166909575462341,0.2315201759338379,-0.4854567945003509,0.1580540984869003,-0.1881604939699173,0.0777434259653091,0.1021654158830642,0.0103373331949114,0.1410518288612365,-0.478675365447998,0.1851695924997329,-0.0208932664245367,-0.730433464050293,-0.0510022938251495,-0.1262215971946716,0.198098212480545,0.0749369338154792,-0.0729110240936279,-1.0756064653396606,-0.3049858510494232,0.011947177350521,0.4385904967784881,-0.6670312285423279,-0.7700861692428589,0.2692975997924804,0.1414628475904464,-0.0455404222011566,-0.918663740158081,0.0509503223001956,0.0276019070297479,0.5825645923614502,0.1458976715803146,0.0157146379351615,-0.3675202429294586,0.2213378548622131,0.3635661602020263,-0.5286746025085449,0.1755174845457077,-10.247665405273438,-0.3796389698982239,-0.4636188149452209,-0.3958320021629333,-0.0887795835733413,0.0740054845809936,0.8447850942611694,0.1071118041872978,-0.2758870720863342,0.0031080560293048,-0.1092009246349334,0.3160825073719024,0.4081791043281555,0.4168963134288788,-0.5425208210945129,0.0353235080838203,-0.4192453324794769,-0.3250922262668609,-0.0322941578924655,0.1313143670558929,-0.2183082699775695,-0.0957723408937454,0.8175234198570251,0.1772782355546951,0.1410733610391616,-0.5302755236625671,0.1069687232375145,-0.0831779986619949,-0.2523498833179474,0.2613493502140045,-0.8081451654434204,0.6520017385482788,0.0800354555249214,0.1489601731300354,-0.1373194009065628,0.3271225690841675,-0.2558153569698334,0.3009745478630066,-0.5974177718162537,0.5156713128089905,0.425869345664978,0.1839704662561416,0.3519815802574157,0.1209524050354957,0.3913702070713043,0.0172822419553995,0.1741591095924377,0.1298325806856155,0.2003630399703979,-0.0368525609374046,0.0028708931058645,-0.2216395735740661,-0.0448448695242404,-0.3578833341598511,0.2409636527299881,0.0686307251453399,0.616600751876831,-1.0683157444000244,-0.4244650304317474,0.164621889591217,0.4183639585971832,0.1787005960941314,0.9255360960960388,0.4383635818958282,0.6140504479408264,0.4281730949878692,0.6095151901245117,0.1795886158943176,-0.8610028624534607,-0.2409491688013076,0.1780706048011779,0.428637146949768,0.2132688909769058,-0.0840645283460617,0.3982409238815307,0.4956603944301605,-0.1382933109998703,-0.0957192182540893,0.2834789454936981,0.0696157217025756,0.4477247595787048,-0.1536393165588379,0.1949158906936645,0.2347784042358398,-1.1133779287338257,0.1799013912677765,-0.4564519822597503,-0.1243036836385726,0.3479998409748077,-0.7535417079925537,0.7684181332588196,0.1508852541446685,-0.3257345259189605,0.4649184346199035,0.0871630162000656,-0.0528093539178371,0.0347592271864414,0.796337902545929,0.4298792779445648,0.1643362343311309,-0.67022073,-0.43001366,1.0882351,1.0396982,-1.1630696,-0.681841,-1.4108409,0.06868822,1.1412963,-0.19094257,0.5596074,0.27516192,-1.0845202,1.7839539,-0.28052205,-0.11013754,1.2450199,-1.0045226,0.7823922,-0.42953324,0.34007838,0.31975085,0.9943243,-0.64177066,0.5276821,0.737635,0.94266015,-0.3431316,-1.0296788,-0.50200707,0.36064628,-0.8699996,-0.6736688,-0.78056693,-0.017099297,-0.9833164,-2.0746922,1.7500665,0.28582639,-0.5699649,-0.84197396,0.6686106,-0.047245324,-0.33119687,-0.6006514,-0.2818509,1.6258551,-0.60138935,0.7904135,-0.4221715,-0.8732793,-0.24222991,0.9717882,1.4079875,0.3835867,-0.06937514,1.0745059,0.7165617,-0.037820466,-0.34523907,0.13565715,1.0329728,-0.8309534,-0.6944579,0.31640172,1.1495371,-0.4525195,-0.41876444,-0.15523595,-0.11699893,-2.5017715,-0.9247227,-0.19142959,1.3571379,-1.0964553,0.71221316,0.15627891,-0.9718202,0.48430777,-0.15575959,-0.005403006,0.041810803,-0.87277365,1.4883049,-0.86471224,-0.7615036,-0.37519547,-0.60253173,-1.1612073,-0.11423333,-0.051433943,-1.4019877,-1.4625093,-1.1455097,1.2977649,0.45592323,-0.97935283,-1.1873472,-1.1753894,0.25971404,0.26186332,1.6495628,0.54103976,-0.3283158,-1.0993088,-0.16139472,-0.22107463,-0.6904463,0.011874032,0.6489793,-0.5155317,0.34151927,0.63046074,1.5440744,0.85881484,0.9503848,-0.71725196,-0.39882642,-0.87520254,0.14825442,1.4739847,0.7288236,-0.76386917,0.8152315,-0.1462347,0.72997767,0.3376295,-0.89685154,0.6279541,0.663092,0.60690105,-0.28758425,1.5603362,0.77744496,-0.77686805,-0.26894122,0.36854556,0.07536646,0.38819072,-0.70223504,-0.83219564,0.2716391,-0.3377538,-0.4745369,0.2989111,-1.3910866,0.17853853,0.5688625,1.2365687,0.6196599,-0.24196167,-0.0091408845,-0.9875728,0.6516577,1.1168374,0.13096066,0.07648642,0.13555317,-1.4524499,0.9951426,-0.21037808,1.3202934,-0.6989835,0.22154936,0.08975815,0.80817413,-0.84866667,0.82089967,-0.8310979,-2.2631085,-0.7807454,-0.0015389174,0.12034718,0.07348677,0.56632626,0.1498038,0.37831384,0.206454,-1.1811568,0.11089349,0.32969308,0.95351714,0.017942637,0.72239596,0.07628656,0.43894178,0.9102871,0.28550097,0.37036234,0.6263746,1.2094326,-0.30641308,0.6987121,0.8212515,1.0210491,2.9927738,1.1513212,-0.87793,-1.5470107,1.3577026,-2.44157,-0.72453976,0.6856254,-0.7957287,0.7739043,-0.80333984,-0.9834223,1.9383026,0.4806691,-0.44290963,-1.5684055,-1.0179939,0.9111468,0.53593504,-0.83993495,-0.29352495,-0.60942996,0.7127837,-0.17739548,-0.55268127,0.61447144,0.35966077,0.18964887,1.5006565,-1.1055726,0.108207785,-0.21007016,0.25465906,0.05625253,0.69153726,-0.58489984,0.427826,0.59734327,-0.2686069,-0.63054115,0.7948836,-0.08211227,0.4001623,0.11092702,-0.0020481409,0.68397266,-0.59521675,0.3905301,0.13851818,0.61159754,1.0053165,1.7785242,0.35239086,-1.8704541,-0.80273616,0.37735835,1.3264034,-0.07760525,0.21299653,0.54960686,0.683818,-0.47801572,-0.024974037,-0.66694325,-0.2383028,-0.034959566,0.9366597,0.3288955,0.464358,0.56053096,-0.25820312,-0.9471077,0.19467697,0.38740402,-0.54484123,-0.75522435,-0.6459063,-1.0297059,0.39735672,0.7571971,0.41655463,-0.60843325,-0.19931518,-0.61342305,0.5343965,0.6834207,-1.860851,-0.42881075,-0.12815264,-0.96558094,0.5146934,0.27948254,-0.15356287,0.05151432,0.15898581,-1.6022727,1.0416743,0.39030436,0.9130662,1.6723642,0.37591687,1.1710722,-0.87586147,0.56036305,-0.6766282,0.33222535,0.92280215,-1.4915369,0.6129866,-0.47809467,-0.9576129,0.67813957,-0.77672637,-0.26627707,-0.98448724,0.62227345,0.037803013,-1.4885234,1.8100045,-1.9220898,1.7184775,-1.5703386,-0.7554521,-0.67792124,-0.45570678,-0.8118762,0.54131377,0.5271442,-0.2846599,0.9843935,0.39196974,0.47182855,0.20735884,0.0073806406,1.1899408,-0.301058,0.31124043,-0.7586039,-1.1714922,-0.42987117,0.580509,-1.3495811,-0.9467003,-1.6482617,-0.7589771,0.17522337,-0.17565373,-0.19088408,0.9390486,-0.21386997,0.57109654,-0.98686373,-0.5534433,-0.2993473,-0.8451565,1.1728957,-0.10838497,1.4537272,-1.4520974,-0.86867046,0.22501175,-1.4257383,-0.1853217,-0.46056595,1.4521271,0.4592219,0.4111325,-2.9969215e-05,0.071659885,-0.3514092,-0.3762398,1.02178,-0.3278727,2.1004481,0.13894488,-1.096822,1.5061337,0.15513097,0.8579629,-0.1524533,-0.2576344,2.019633,-0.09823571,-0.34887505,-0.5294104,-0.44252092,-0.02274865,0.13250318,0.5250049,0.35703272,0.12552607,0.38476172,0.6219148,-0.7837373,-0.9600288,-0.35288626,0.6117922,0.80816925,1.681876,1.5173601,-0.52098227,-1.1155405,-1.848819,-0.30095607,1.1687148,0.5530846,0.46970057,-1.8748487,0.16664816,0.2571783,0.2862098,-1.5916357,-1.8089441,1.7913612,0.33105224,0.76092434,1.1477875,-0.85442716,-1.8277779,-0.13239448,0.7576755,-0.37951866,-1.056189,-0.6583932,0.55432254,-0.7681403,1.1489055,0.856129,0.73193777,-0.40622082,-0.74852955,1.0768217,-0.15479156,-1.1712353,-0.18021257,-0.080739655,0.3327571,-1.7570152,-0.54223174,0.68555546,-1.9793943,0.24293666,-0.7567347,0.15292041,-0.20642678,-0.09957752,-0.8786987,-0.3342834,0.2493819,-0.95846826,-0.6962565,0.6610218,-1.2010062,-1.5974604,0.98469126,1.4442066,-0.87891734,0.4436716,0.08082433,0.4493544,0.3440254,-0.267864,-0.48536235,-0.12163074,-0.47237968,-0.52968585,-0.1482763,-1.294076,-0.43715757,0.035737038,-0.9105598,-1.7017581,0.940053,0.932395,-1.5777369,-0.48038834,0.3293814,-0.15848784,0.7578295,0.78952634,0.058943808,-0.5301285,-1.2234246,-0.11308201,-0.106827214,0.5569204,0.08186634,-0.40849146,0.08508064,-0.15849905,0.3047291,1.5805199,0.30501148,1.2941886,1.0296366,-0.025279855,-0.33183807,0.8518262,-0.5111276,0.00030999034,0.7678842,-1.3070676,-0.57797503,1.3084072,-0.37654528,-0.32768545,0.015188207,0.59414256,-0.3355496,0.010677552,0.088591225,1.2264688,1.0733037,1.1925267,1.4608965,-0.50018275,-0.100995496,-0.71559125,0.3184412,-1.4270325,-0.85599726,0.15665478,0.5881568,2.3373287,-0.5656328,0.31702992,0.4748457,-0.5177041,-0.46306643,0.86645,0.0192299,-0.4969527,-0.7552279,0.11690412,-1.4093932,0.6131516,-1.830437,-0.4480268,0.5420821,1.0509382,-0.34431735,-0.36211634,0.5128434,0.4154787,-1.122706,0.13850467,1.3669348,1.6035076,0.28399724,-0.9923812,0.49988803,0.16226783,-1.0412667,-0.104849316,-1.3234198,-0.4853633,0.28632557,-0.4970416,-0.40164462,-0.36954606,-0.7169033,1.5978794,0.31511584,-0.081461415,0.8102102,-0.972367,1.0051228,-0.37585565,-0.37448883,1.2789431,0.854002,-1.8385022,0.034107566,-1.5646037,0.88838166,-0.69340724,0.9252704,1.3727534,0.34147426,-0.43414766,1.1999452,-0.62301326,-0.08526707,-0.50456333,0.719172,-0.40519905,0.50957,-1.8354155,0.9110659,-1.7037952,-0.9604928,0.08209691,0.50080264,-0.22764817,-0.26502672,-0.6575101,0.268928,0.5165881,-1.2563854,1.1178606,1.7423561,-0.071541265,-0.85766757,1.0092647,0.908576,-0.27724904,-0.10995571,2.5932298,0.34318003,0.6219584,-1.7133404,-0.8377352,0.39135775,-0.16540925,-1.1466601,-0.6535868,-0.13005361,-0.49957228,-0.08366672,-0.48648205,0.92733556,-1.3460991,0.28634357,0.679479,-0.7769033,0.0017233193,3.8552284e-05,-0.16897239,-0.8605995,-1.4068335,0.25817013,0.58808076,-0.77714705,0.38848406,0.20672524,1.3377634,0.919789,-0.4890265,-0.6338341,0.26393652,0.7449161,0.4765891,-1.2204335,-0.783271,0.31669044,1.4582374,-0.5734701,0.44609958,0.09870845,-0.28358907,-1.6949288,1.4462811,0.44273797,0.46553046,0.79564935,0.09779934,-0.039715666,0.47883,-0.19450736,-0.09352318,-0.18379128,-0.84370345,-0.15648668,0.35510692,-0.6348466,-0.033236586,-0.9378027,0.5124823,0.1406165,0.3545757,-1.5101435,0.21527424,0.35651103,0.49183792,0.15994897,0.37692222,-0.7557117,-0.6640935,-0.61161566,1.94526,0.6719543,0.06978329,-1.1580291,-0.46550974,1.4438025,0.5924616,-0.028643679,0.20569472,0.36373198,-0.7364481,0.23977885,-1.1116664,0.030132568,0.05582437,0.7423375,-0.81318265,1.2414535,-1.8541708,0.6908654,-0.6599291,-0.8888868,0.33203927,0.21068554,-0.5564322,2.0826106,1.2589909,0.32710257,0.19207402,0.7989345,1.1913905,-0.3222333,-0.7476553,-1.8102691,0.5903137,1.2838994,0.2283229,-1.4045112,-0.4181283,0.72153157,-0.33994305,1.3026134,-0.52218175,-0.82282066,-0.5066699,-0.29936013,-0.8853242,-0.31171268,-0.27828643,-0.21184278,-1.2130225,0.23674893,-0.3744934,-0.37555987,0.59170187,-1.0450594,0.5317634,-0.15219864,1.0148757,0.3742018,0.2758251,0.28226238,-0.41093126,0.116718724,-0.7748047,-1.0779406,0.5644053,-0.5106831,0.35964885,0.09830073,1.1614983,1.4754908,0.6842685,-1.5082779,0.36013377,0.27416044,0.30140823,-0.064434744,-0.9174681,-0.6506878,0.50733775,0.4792274,1.355921,-1.3770378,-0.58392465,0.24377438,0.03963548,-0.06948149,0.89044464,0.3181578,0.3259391,1.5660019,1.2044797,-0.23926774,,,,,,,,,,,,,,,,,,,,,,,,,,,,,,,,,,,,,,,,,,,,,,,,,,,,,,,,,,,,,,,,,,,,,,,,,,,,,,,,,,,,,,,,,,,,,,,,,,,,,,,,,,,,,,,,,,,,,,,,,,,,,,,,,,,,,,,,,,,,,,,,,,,,,,,,,,,,,,,,,,,,,,,,,,,,,,,,,,,,,,,,,,,,,,,,,,,,,,,,,,,,,,,,,,,,,,,,,,,,,,,,,,,,,,,,,,,,,,,,,,,,,,,,,,,,,,,,,,,,,,,,,,,,,,,,,,,,,,,,,,,,,,,,,,,,,,,,,,,,,,,,,,,,,,,,,,,,,,,,,,,,,,,,,,,,,,,,,,,,,,,,,,,,,,,,,,,,,,,,,,,,,,,,,,,,,,,,,,,,,,,,,,,,,,,,,,,,,,,,,,,,,,,,,,,,,,,,,,,,,,,,,,,,,,,,,,,,,,,,,,,,,,,,,,,,,,,,,,,,,,,,,,,,,,,,,,,,,,,,,,,,,,,,,,,,,,,,,,,,,,,,,,,,,,,,,,,,,,,,,,,,,,,,,,,,,,,,,,,,,,,,,,,,,,,,,,,,,,,,,,,,,,,,,,,,,,,,,,,,,,,,,,,,,,,,,,,,,,,,,,,,,,,,,,,,,,,,,,,,,,,,,,,,,,,,,,,,,,,,,,,,,,,,,,,,,,,,,,,,,,,,,,,,,,,,,,,,,,,,,,,,,,,,,,,,,,,,,,,,,,,,,,,,,,,,,,,,,,,,,,,,,,,,,,,,,,,,,,,,,,,,,,,,,,,,,,,,,,,,,,,,,,,,,
オ,0.5296596884727478,0.2130906283855438,0.4559382796287536,-0.3788235783576965,0.0963736400008201,0.229296863079071,0.2386744916439056,0.2548413276672363,-0.0763473808765411,-0.5995948910713196,0.3987560868263244,-0.4263967275619507,0.4475667774677276,-0.2476707696914672,0.6969519257545471,-0.0656861960887909,0.0709809884428978,-0.1644545197486877,-0.0108748702332377,-0.3702743947505951,-0.7576481103897095,-0.413432627916336,0.3180697858333587,0.3614082336425781,0.053830225020647,-0.3144461810588836,0.024836154654622,0.22332763671875,-0.1629917174577713,0.0653100684285163,-0.163625493645668,-0.366718590259552,-0.2875009775161743,-0.143985703587532,-0.1412046998739242,0.7164433598518372,0.0447980128228664,-0.334321528673172,-0.048272281885147,-0.4448588788509369,0.2024504095315933,-0.0392537266016006,-0.0778143554925918,-0.4906745254993438,-0.4244580864906311,0.3569748103618622,0.1421144604682922,0.4508043527603149,0.3910716772079468,0.065802477300167,-0.2395339757204055,0.3987994194030761,0.2064034640789032,0.0377097837626934,0.5504782795906067,-0.1333968788385391,0.3774928748607635,-0.541711688041687,-0.0768055692315101,0.2613519728183746,-0.3717130422592163,-0.2485538125038147,0.521899402141571,-0.136066272854805,0.0811342075467109,0.026225758716464,-0.2150810807943344,-0.1482564061880111,0.0450063794851303,-0.7747994661331177,-0.2178253978490829,0.2925040125846863,0.3747594952583313,-0.3835846185684204,0.6918500065803528,-0.3065555095672607,0.2237822115421295,0.1153149232268333,0.2371601611375808,-0.2251027226448059,-0.3462476432323456,0.2766848802566528,0.2552945911884308,-0.7245570421218872,0.0226185377687215,0.0493616014719009,-0.4940282702445984,-0.9880563616752625,0.452703058719635,-0.3511286675930023,-0.0228992886841297,0.0741178765892982,0.2153235077857971,0.2377034276723861,0.0652189552783966,0.1718862056732177,0.1264184862375259,-0.2441621720790863,-0.2346249967813491,0.2505479454994201,0.0868691354990005,0.4093315303325653,0.32750204205513,-0.1709804832935333,-0.2634230852127075,0.0760699585080146,-0.1548914760351181,0.2174850106239318,0.2510367929935455,0.0809057801961898,-0.3745799660682678,-0.2978120148181915,-0.4654948711395263,0.2725546658039093,-0.0209189262241125,0.1435899883508682,-0.198187306523323,0.3388965129852295,-0.4349301159381866,0.6078699827194214,-0.2538466453552246,0.7915907502174377,-0.0356875881552696,0.3047783374786377,0.2150291949510574,0.5052955746650696,0.0175789315253496,-0.0272460542619228,-0.1284803003072738,-0.2572053372859955,0.0357783772051334,-0.0579200908541679,-0.6814077496528625,0.0921545028686523,-0.2537298202514648,0.9225340485572816,-0.0114336526021361,-0.0479016825556755,-0.136097177863121,-0.4668779373168945,-0.1524674445390701,-0.1324257403612136,0.2752945125102997,-0.4046907126903534,-0.1197020336985588,0.1626258939504623,-0.2094656676054,-0.4744023382663727,0.4888186752796173,0.3426395952701568,-0.391703337430954,0.8269580006599426,-0.7304170727729797,0.0575210861861705,-0.0262061338871717,0.3646568357944488,-0.7473659515380859,0.1510887295007705,0.0498598143458366,0.5594866871833801,0.0929848328232765,-0.4336896538734436,0.1997489929199218,0.3209051787853241,0.1022119894623756,0.4263670146465301,0.4947990477085113,0.234954759478569,0.1953546553850174,0.4709454476833343,0.0561673045158386,0.4962971210479736,0.0458567067980766,-0.2137681096792221,0.4985187947750091,0.2918106913566589,0.1293936520814895,0.2646268904209137,0.0680747330188751,-0.5479270219802856,-0.0365224033594131,-0.1630211323499679,-0.0103595312684774,-0.1495637893676757,0.4607514441013336,-0.16131691634655,-0.0502539128065109,0.1145083829760551,-0.2079464346170425,0.1704038232564926,0.0367571040987968,-0.262583464384079,0.3753058016300201,-0.6912090182304382,0.0999286249279975,-0.3194076120853424,-0.3274402320384979,-0.3803856372833252,-0.302856832742691,0.3924706578254699,0.0625739246606826,-0.0227741338312625,-0.1504396349191665,-0.1841774731874466,-0.8772600889205933,-0.3443240523338318,0.072902612388134,0.655198872089386,0.360122412443161,0.2266106456518173,0.0718065351247787,0.2478867173194885,0.4675061106681824,0.0748334527015686,0.1430813670158386,-0.0019422065233811,-0.2316767424345016,-0.1867131143808365,0.1263024359941482,-0.1210856661200523,0.4201357662677765,-0.0982303693890571,0.3487502336502075,-0.0542345009744167,-0.406590849161148,0.2436564266681671,0.0867293998599052,-0.3940061628818512,0.0503381453454494,0.7268115282058716,-0.2607754468917846,-0.6348714232444763,-0.4985277056694031,-0.0947990268468856,-0.6508302092552185,0.0662958398461341,-0.268383651971817,0.2855084538459778,-0.349700003862381,0.112674169242382,-0.1744929105043411,-0.4754193425178528,-0.1815786063671112,-0.2118682861328125,0.0328344888985157,0.1429506987333297,-0.0228110589087009,-0.1918207108974456,-0.51520836353302,-0.035258699208498,-0.3487142920494079,-0.4789979457855224,-0.0031026471406221,-0.5512425303459167,0.4469566941261291,0.2267684787511825,0.519576370716095,-0.0401957146823406,0.2230084687471389,-0.021178001537919,-0.0647084936499595,-0.8502422571182251,-0.1223883181810379,-0.082101322710514,-0.5005362629890442,-0.0289797261357307,0.0161732789129018,-0.4629672467708587,-0.3051377236843109,-0.4279847145080566,-0.0537696257233619,-0.4275308847427368,-0.4585559368133545,0.0507671535015106,-0.0609349831938743,0.121000550687313,-0.1441505849361419,0.4983959794044494,-0.4443674683570862,0.157625675201416,-0.6233783960342407,0.1977990418672561,-0.6939910650253296,-0.2582651376724243,0.0102615738287568,-0.2509933710098266,-0.385790079832077,0.1677277833223343,-0.4675479829311371,0.3769758343696594,0.3340494334697723,0.0589170567691326,-0.4295046031475067,-0.0234155897051095,-0.379841536283493,0.1281551122665405,0.2171487510204315,0.7272565960884094,0.2176287770271301,-0.0618875958025455,0.1726910173892974,0.4014920890331268,0.1911408603191375,0.1473643630743026,-0.1017887517809867,-0.2969529330730438,0.0840102732181549,0.055018100887537,0.6373216509819031,0.1061175316572189,-0.0175985414534807,1.0461182594299316,-0.3499410450458526,0.2470925748348236,0.49268639087677,0.2864406108856201,-1.7427469491958618,0.0124134626239538,-0.1290074437856674,0.0475340001285076,-0.2400045990943908,0.28074511885643,-0.0035546065773814,0.137170597910881,-0.459278792142868,-0.5403351783752441,0.9039117693901062,0.2878541350364685,-0.0093382988125085,-0.5122708082199097,0.3493413031101227,-0.2350283712148666,0.0298427008092403,-0.4780119359493255,0.2126775383949279,0.4782304167747497,-0.4107668399810791,0.0539882034063339,-0.1659918874502182,-0.537499725818634,-0.083966925740242,0.1677630394697189,0.1615692526102066,0.247225672006607,-0.5302152037620544,0.1380523741245269,0.3138780891895294,0.4008596837520599,0.7858495712280273,0.3039855659008026,-0.0616408102214336,0.0577767044305801,0.4450687170028686,0.1350419074296951,0.4254122972488403,-0.2856252193450928,0.1758316755294799,-0.0475820116698741,0.8534377217292786,0.0125897396355867,0.0911166295409202,-0.0015497871208935,0.1213041767477989,0.2295670956373214,-0.081953153014183,0.3548986315727234,0.1464321017265319,0.0478751249611377,0.1907066702842712,0.5322242379188538,0.5807309746742249,0.1449556350708007,-0.2838995158672333,-0.3661825656890869,0.0364569164812564,-0.321286529302597,-0.6244051456451416,-0.3386206030845642,-0.3438629508018493,-0.1222211271524429,-0.4495676457881927,0.2929139733314514,-0.0296255443245172,-0.5183850526809692,0.0549229495227336,-0.3556650280952453,-0.4252268970012665,0.3321499228477478,-0.0532559305429458,-0.7333111763000488,0.5861435532569885,0.2217282354831695,0.2881442606449127,-0.5338570475578308,-0.6530799865722656,-0.0423921756446361,-0.2733902633190155,-0.3039427995681762,0.1676573008298874,-0.3308295905590057,-0.0540301539003849,0.3473367393016815,-0.0784889757633209,-0.0932381302118301,-0.3437794744968414,-0.2950970530509949,-0.7089868783950806,0.1887605041265487,-0.0504166632890701,0.3232135474681854,0.0219684243202209,0.2221865206956863,0.2203065305948257,0.0448722839355468,-0.2711859345436096,0.0839256197214126,-0.3249978721141815,0.5804333090782166,0.3907267451286316,0.1664255708456039,0.581920862197876,0.4442465603351593,0.2811322212219238,0.5245891809463501,0.0202089324593544,0.0134099787101149,-0.610522449016571,-0.3011751174926758,0.7100160717964172,-0.0379120931029319,0.2432178258895874,-0.107879638671875,-0.0181926805526018,0.6090810298919678,-0.0324829034507274,-0.5741919279098511,0.0005142665468156,0.0738754346966743,-0.1841550320386886,0.262513518333435,0.6575903296470642,0.8228428959846497,-0.0232491437345743,0.0209028869867324,-0.140678659081459,-0.1875307261943817,0.3151618540287018,-0.1306444257497787,-0.1179750114679336,-0.2945268750190735,0.0095409927889704,0.2994397580623626,0.6596575975418091,0.2006724327802658,0.6231606602668762,0.3094731569290161,-0.3437167704105377,0.2674251198768616,0.435273140668869,0.4795292615890503,-0.2945265173912048,-0.2899815738201141,-0.3539811670780182,0.0258303135633468,-0.3896693289279938,-0.0662572011351585,0.6731356978416443,-0.1594995409250259,0.1768974959850311,0.0076765068806707,-0.6110824346542358,-0.6220504641532898,-0.3782775104045868,0.1608152389526367,-0.0992601439356803,0.1433831602334976,0.2025719732046127,-0.0135760903358459,-0.4930251836776733,0.1857774257659912,0.0561464726924896,0.2988999783992767,0.5034912824630737,-0.1536019593477249,-0.0901676565408706,0.0035907886922359,0.0382498726248741,0.0676893964409828,-0.1810710877180099,0.0458883009850978,-0.2628243565559387,-0.4944120943546295,0.0162131208926439,0.1840128451585769,0.2542142868041992,-0.1465330421924591,0.6534149646759033,0.1324674189090728,-0.5132039189338684,-0.565060019493103,-0.237240582704544,-0.2221661806106567,-0.0452727153897285,-0.4980322420597076,-0.0901912376284599,0.0443757846951484,0.3667648136615753,0.0876772403717041,0.2802462577819824,-0.3576146960258484,0.0792291760444641,0.2387515604496002,0.6340348720550537,-0.1300701349973678,0.2300144582986831,-0.1985842436552047,0.0217490531504154,0.0881654992699623,0.0755990594625473,0.0594925098121166,-0.1432090848684311,-0.536220908164978,-0.6978509426116943,-0.3783296048641205,-0.1789586842060089,-1.0786592960357666,0.5394381880760193,0.1386258453130722,0.2410538047552108,-0.4676302969455719,-0.4629960358142853,-0.147763043642044,0.3010770082473755,-0.115580216050148,0.4248737096786499,-0.2177674025297165,-0.5781479477882385,-0.0497000403702259,0.1251947283744812,-0.6601473689079285,0.9405031204223632,0.2545405626296997,-0.4916508197784424,-0.3954956829547882,0.387395292520523,0.1958344131708145,-0.2218459993600845,0.1072808057069778,-0.1325920820236206,-0.5393648147583008,0.1550326347351074,-0.3469339609146118,0.3210111856460571,-0.1543601602315902,-3.526743239490315e-05,-0.1246603056788444,0.5851903557777405,0.3443279862403869,0.2443006783723831,0.0775589197874069,-0.2279006391763687,-0.2089708745479583,-0.2480691522359848,0.3257020711898803,0.1407943069934845,0.3850536048412323,-0.1766823679208755,0.3162503838539123,0.5831259489059448,-0.8466090559959412,0.0867414474487304,0.7604172825813293,0.4110320210456848,0.444315493106842,-0.1525647640228271,0.03209038823843,-0.8170374035835266,0.1355699896812439,0.1418216824531555,-0.0172215569764375,0.4570207893848419,-0.0356507040560245,-0.1375111788511276,-0.4097650349140167,-0.0168074183166027,0.4003950655460357,0.1728287488222122,0.0364892520010471,0.4355419874191284,-0.1556229144334793,0.5133227705955505,0.3383309543132782,-0.2615169286727905,-0.3602937161922455,0.0543467439711093,0.4090258181095123,0.7752847075462341,0.1817598491907119,0.3601688146591186,-0.7150218486785889,-0.6305393576622009,0.3012827634811401,0.0831094086170196,0.3051785230636596,0.5014293193817139,-0.2748686373233795,-0.0627902820706367,0.6112644672393799,0.2978948354721069,-0.0707817524671554,-0.3294468224048614,-0.4165408909320831,-0.1707163900136947,-0.2366679608821869,-0.5008911490440369,0.2017518132925033,0.0845913216471672,-0.0467947907745838,0.2117699682712555,0.0154199143871665,0.0983888357877731,0.5822260975837708,0.0028719732072204,-0.305047333240509,0.2047902196645736,0.0614336542785167,-0.0901422724127769,0.0808300226926803,-0.2235193252563476,-0.2465935945510864,-0.0241717658936977,0.2415190041065216,-0.1573673337697982,0.2025086134672165,0.0340979881584644,0.1619161665439605,0.3305917084217071,-0.4448821544647217,-0.1901049017906189,-0.314644455909729,-0.3174638450145721,-0.1307286322116851,-0.6577920317649841,-0.3597747385501861,-0.0309588555246591,-0.0471150875091552,-0.1592544317245483,-0.05937360227108,-0.4678713381290436,-0.2325161099433899,-0.4492211043834686,0.2522855401039123,-0.1734455525875091,-0.8417651653289795,0.3823029398918152,0.2627186775207519,-0.1252967417240142,-1.1999207735061646,0.247536301612854,0.1704616248607635,0.2441152334213256,0.1721053123474121,0.704698920249939,-0.3422385454177856,-0.2607019543647766,0.0875810459256172,-0.2855316996574402,0.2547450661659241,-10.516351699829102,0.1059780791401863,-0.4225786030292511,-0.3998930752277374,-0.3504877388477325,0.3931498527526855,0.6256321668624878,0.5662823915481567,-0.1955859363079071,0.1214233934879303,-0.0340548641979694,0.0915949419140815,-0.0144770285114645,0.6837878823280334,-0.5207838416099548,-0.3065536618232727,-0.2305571138858795,-0.0215277168899774,-0.0403221026062965,-0.2391912043094635,0.1143146902322769,-0.284472644329071,0.5086359977722168,0.7366798520088196,0.5462241768836975,-0.4084236323833465,-0.2611879706382751,0.0024734144099056,-0.2027534991502761,0.5919749736785889,-0.6013648509979248,0.5325713157653809,0.0364352501928806,0.3010843992233276,-0.1525362879037857,0.2529691159725189,-0.4028312265872955,0.6683297157287598,-0.0390014834702014,0.4041423201560974,0.3153025507926941,0.4241274297237396,-0.025679500773549,-0.0304168835282325,0.1748992651700973,0.2391737103462219,0.469064712524414,0.0111696710810065,0.5418323874473572,-0.2422156333923339,-0.1271032989025116,0.1338433921337127,0.0682288780808448,-0.0943486765027046,0.4556112885475158,-0.0305458642542362,0.6394035816192627,-0.6745585203170776,-0.031642060726881,0.0643760710954666,0.3380284905433655,-0.0773757696151733,0.3833673596382141,0.444365918636322,0.30074143409729,0.4105566740036011,0.5217416882514954,0.3653739690780639,-0.9130431413650512,-0.2377991825342178,0.1625676453113556,0.471616268157959,-0.0950486809015274,0.3251329064369201,-0.2567318379878998,0.3133965134620666,0.3614666759967804,-0.2959363758563995,0.0550640672445297,-0.0280053783208131,0.2839506864547729,-0.3029759228229522,0.0833558365702629,0.2407184094190597,-0.621874213218689,0.0487202405929565,-0.0832330659031868,-0.04812478646636,0.259869247674942,-0.4461257457733154,0.2382365614175796,0.0838035121560096,-0.5344372987747192,0.5065318942070007,0.4480125904083252,0.0181824807077646,-0.121032990515232,0.2265196144580841,0.4854059219360351,-0.0247120037674903,-0.9713514,-0.58875036,0.74606514,1.6096452,-1.1126157,-0.6165216,-1.2117946,0.30010554,0.43059286,-0.5764782,0.11581487,0.75570726,-1.685129,2.019852,-0.14155662,0.48975024,1.4688781,-0.9126611,0.52934426,-0.9867802,1.0699695,0.05737244,0.87208873,-1.062722,0.55369794,1.2663023,0.25735164,-0.8294427,0.26139086,-0.5795622,0.14055222,-1.1200699,-0.41740656,-0.69200397,0.4431298,-0.7127731,-0.88701206,1.1842595,0.5038367,0.21724944,-0.8198607,0.25047436,-0.69451624,0.4717425,-0.73208445,-0.006306559,1.8617125,0.1531816,0.5326143,0.26308325,-0.69337636,-0.21384807,1.428439,0.9012251,0.24972947,0.031044843,0.73132247,0.9942227,0.10742208,-0.4996625,0.6952153,1.0182815,-0.8541017,0.68820333,0.62870044,0.96299934,-0.2153651,-0.67022485,-0.3312808,-0.59604955,-3.0361488,-0.35288095,0.47678447,0.8198611,-1.5339346,0.9936313,0.038734406,0.5554219,-0.3912253,-0.13322681,-0.37742636,0.29730204,-1.2227632,1.5695678,-0.3386713,-0.3969468,-0.27501655,-0.19170068,-1.4708385,0.050325543,0.4385922,-1.4729124,-1.6747866,-1.2345376,1.3440181,-0.67484045,-0.68262666,-0.7242541,-1.4072399,0.00045365095,-0.18594193,0.7616773,0.15735768,-0.4644077,-1.400426,0.67061996,-0.23337889,-0.35767582,-1.0341887,0.5076056,-0.0060617127,0.9275956,0.79077667,1.7850388,0.6526866,0.26151702,-0.64794695,-1.0694386,-0.79591423,0.012848365,0.80700207,0.3473195,-0.63533074,0.46952966,0.4620379,1.1023211,-0.32540116,-0.9433995,1.3681539,-0.88787717,0.5819491,-0.6456988,1.5241164,1.3116459,-0.95151025,-0.262076,-0.20063865,0.42553413,0.1403435,0.0044420958,-0.5841846,-0.28244364,0.1721857,-0.26263916,0.24286436,-2.0050545,-0.23674668,1.1977226,1.1378775,0.20413929,-0.29524302,-0.17392488,-0.6382751,0.65715414,0.9737595,0.16552165,0.6545348,0.18073523,-1.3033701,1.2243257,0.8854825,0.9386619,-0.98803395,0.19822264,-0.43113807,0.88233596,-0.81793404,1.1234189,-0.45622575,-2.4535067,-0.35874894,-0.49126574,0.48791933,-0.18318217,0.57174695,0.035348456,0.46152326,-0.15156542,-0.37437287,-0.9551189,0.6837847,0.981908,0.20989837,1.4079679,-0.18443263,1.0458738,0.46007323,0.26681933,0.25367373,-0.16108173,0.7776079,-1.1716577,1.028736,1.293152,1.1395811,2.3516815,0.9217849,-1.236157,-1.2943085,0.9128228,-2.3283217,0.05288002,0.24795099,-0.30359635,1.09217,-0.9044058,-0.3802406,2.3302498,0.3678569,0.060797993,-1.6325594,-1.703609,1.0460838,1.2558175,-0.6135163,-0.07035032,-0.91155714,0.14148813,-0.39530924,-0.33658966,0.5771025,-0.15020038,0.36761224,1.308928,-1.0235873,0.55663896,0.32052803,0.6440311,0.6514776,1.0895364,-0.72879833,0.0784483,-0.117935546,-0.7843792,-0.56980413,1.0594376,-0.6266018,0.29049346,-0.22176898,0.070198685,0.42949232,-1.1160004,0.21949416,-0.011911686,0.7982683,0.9903593,1.8730563,0.46828976,-1.2134852,0.3262522,1.1016818,0.6991343,0.052880723,-0.26865694,1.3296627,0.5410853,0.1493568,-0.17843719,-0.454306,-0.1895368,-0.30866715,1.1673063,-0.49163103,-0.18867676,0.59937876,-0.9449666,-0.4120895,-0.32646048,-0.25107506,0.106238194,-0.7141509,-0.73258066,-1.1492828,-0.02501919,-0.02057756,0.0038887511,-1.0911808,-0.3136444,-0.6864287,-0.3565003,0.5345095,-0.9567301,-0.25786653,0.29879525,-0.57874864,0.11461425,0.0864673,-0.2554762,0.17743397,0.23654401,-1.5965134,0.74977493,0.74498963,0.81782573,1.1126806,0.1453134,0.96483153,-0.08535484,0.857799,-1.6408482,1.2782167,1.0127434,-1.1561493,0.28252855,-0.029420575,0.05565518,0.5670264,-1.5270367,-0.41576096,-0.4210612,-0.08251236,-0.05422309,-1.2892822,2.1020696,-1.8845857,1.5331378,-1.4661096,-0.17354687,-0.51030356,-0.6867502,-1.6091295,1.1758806,0.12293885,-0.34939575,0.44306755,0.04600392,0.24155305,0.4327997,1.4188417,0.40138742,-0.653454,0.8910102,-0.6137618,-1.4115314,0.66236424,1.0624682,-0.48940468,-2.5135517,-1.4611017,-0.3707833,0.46074736,-0.6611013,0.19020629,1.2511901,-0.7047761,1.2496953,-1.2433805,-0.070370525,-0.4583057,-0.79158026,0.71118784,-0.44915858,1.5736214,-0.12318421,-1.0270454,1.3220361,-2.233022,-0.35098228,-0.80859345,1.6942152,0.8787153,0.57798386,0.72118384,0.19766325,-0.7320242,-0.41045046,0.83313894,0.006289979,1.8342686,0.51167446,-0.7675355,1.172665,0.7597292,0.58011377,-1.0839893,-0.2653123,1.902563,-0.21999209,-0.43917772,-0.12725082,-0.64052445,0.25227252,0.2234148,0.22710411,-0.37957326,0.053091172,0.5952883,0.7881647,-1.5107898,-0.34031346,-0.7220995,-0.0016094943,1.3802309,1.5353159,1.5191641,0.27546814,-0.5505668,-1.3370829,0.93360597,1.1396226,-0.22080481,0.5503258,-1.8105737,-0.017780265,0.49455345,-0.08313984,-0.5012064,-2.152661,1.2823385,-0.15238602,0.34865627,2.0500066,-0.22005683,-1.3112079,-0.056883633,1.1448661,-0.29726037,-0.46007085,-0.86907864,1.2674153,-0.785886,0.8621583,0.117470175,-0.38105342,-0.22410901,-0.53700364,1.1044178,0.14938216,-0.42290577,-0.8751175,-0.08031213,0.6507623,-1.3300346,-0.40631878,0.6774904,-1.9881916,0.4671335,-1.4962916,-0.5658198,0.20825,-0.63148254,-1.063604,-0.7482888,0.41248086,-1.093698,-1.1224872,-0.49421382,-1.2359875,-2.4371903,0.69441646,1.3302146,-1.2023793,0.41239563,-0.16141772,-0.07313257,0.42211458,-0.11821828,-0.45175293,0.5582703,-0.8151999,-0.2950559,0.008169492,-1.0944542,0.17741601,0.47523656,-1.2931515,-1.104586,0.7504995,1.1214772,-1.6108092,-0.6834498,-0.39484546,0.0009149611,0.65214133,0.1504428,0.019566813,0.110352,-1.0502678,-0.12627041,-0.5746402,0.8123309,0.642091,-0.08645318,0.39366317,-0.0059140124,0.17460518,2.1374505,-0.692971,0.082266666,0.84938794,0.31810978,-1.2383736,0.46305647,0.4827976,0.2606587,1.0672141,-1.5153475,-0.9129203,1.4574541,-0.6437357,-1.1694472,-0.26893294,0.2565235,0.47247803,0.26842758,0.88373667,1.8818336,0.96671003,0.9362612,1.8019539,-0.4836223,-1.0380043,-0.9163125,-0.16500045,-0.38664278,-1.3422858,0.9252972,1.1604617,1.5215111,-0.17440206,0.07947707,0.5999508,-0.49425244,-0.5975472,0.41111204,0.43365106,-0.9339504,-0.7350619,-0.36815643,-0.7946703,0.060096066,-2.060078,-0.8892977,0.35515794,0.3898054,-0.8476264,-0.17982991,-0.041616876,0.24998362,-0.9229854,0.94862527,1.5545683,0.67851925,-0.54575294,-1.0429355,0.45201978,-0.6341019,-0.8420086,-0.34858784,0.03437153,-0.21518807,0.09047853,-0.324993,0.23540951,-1.29881,-0.65064144,1.7296988,-0.107619666,0.23721029,-0.31248716,-0.74445105,1.3208884,-0.9750414,-0.9181979,1.8290945,1.2352983,-1.4191128,0.34054896,-1.4204936,-0.30077657,-1.1876028,0.66650397,1.0068392,0.5310621,0.13524108,1.8274965,-0.3907973,-0.72829956,0.18320046,0.34930313,-0.2067951,0.8545995,-2.1314733,0.71546364,-0.96682405,-1.4200687,0.5766112,0.31075987,-0.94754124,0.28516385,-0.09766812,0.76686454,0.55504096,-1.1427912,1.2706066,2.1085498,-0.42682347,-0.2844566,0.6538752,0.23741432,-1.1294619,-0.27368215,2.4498003,0.74446756,1.0062917,-0.7692999,-0.8416677,0.6124061,-0.26279533,-0.3494806,-0.782052,-1.2042478,-0.5575058,0.57127935,-0.67163366,0.86243886,-1.1673876,-0.28312168,0.6938188,-1.0032864,0.47576678,0.95629185,-0.20593958,-1.6854624,-1.1188284,1.1420183,0.34911606,0.22561662,0.102689214,0.4287397,1.3197757,0.48263583,-0.4325079,-0.12568821,-0.07703253,0.6588931,0.5415795,-0.6166317,-1.1620067,1.1721755,1.2719704,-0.62144643,0.8918738,-0.12520403,0.22158359,-2.460658,0.72177386,0.6860787,-0.4170054,1.4663066,0.69464153,-0.5458053,0.29130104,-0.30113915,0.0041443906,0.52058536,-0.98430204,-0.059753254,0.45111135,-0.26166978,0.16944623,-1.0457509,-0.4734502,-0.026672343,1.4269218,-0.87423897,0.13186724,-0.48179054,1.2610726,0.47985372,-1.0945853,-0.66262853,-0.3758782,-0.69683266,1.827211,0.17187794,-0.22661726,-1.8502496,-0.015901864,0.41642717,-0.03050057,-0.06732174,0.43796277,0.4499468,-1.1133624,-0.42849627,-1.3253151,-0.24778397,0.4865392,1.302754,-0.50325733,0.68457633,-1.3638614,0.9070163,0.24993809,-0.5966889,0.64607745,-0.2873463,-0.77850336,1.6415185,1.1160616,0.4448258,-0.18086803,1.1606327,1.2437257,0.025723033,-0.8512049,-1.2578791,1.0586587,1.277923,-0.24228172,-0.34076178,0.009507696,0.3333479,-0.008767505,1.5291613,-0.7956493,-0.25545493,-0.6070985,-0.4201003,-0.49332464,-0.6127093,-0.9316569,-0.09708754,-0.44611016,-0.11929903,-0.5597336,-0.5351701,0.16993882,-1.2964474,0.4088602,0.75521713,1.0525022,0.8165934,0.17969455,0.08260473,-0.47568163,-0.12641807,-1.051024,-0.31609526,0.4598066,-0.9203513,-0.25726667,-0.22336458,0.36624447,1.7817637,1.0175523,-0.25154993,0.5608523,0.0024008553,-0.9499139,0.2727447,-0.25410947,-1.0186635,-0.07345973,-0.30980286,0.69220215,-1.0220915,0.1955502,-0.7126475,0.48778144,0.62587035,0.66808385,-0.05332354,0.5104446,1.6139016,0.679174,-0.9429786,,,,,,,,,,,,,,,,,,,,,,,,,,,,,,,,,,,,,,,,,,,,,,,,,,,,,,,,,,,,,,,,,,,,,,,,,,,,,,,,,,,,,,,,,,,,,,,,,,,,,,,,,,,,,,,,,,,,,,,,,,,,,,,,,,,,,,,,,,,,,,,,,,,,,,,,,,,,,,,,,,,,,,,,,,,,,,,,,,,,,,,,,,,,,,,,,,,,,,,,,,,,,,,,,,,,,,,,,,,,,,,,,,,,,,,,,,,,,,,,,,,,,,,,,,,,,,,,,,,,,,,,,,,,,,,,,,,,,,,,,,,,,,,,,,,,,,,,,,,,,,,,,,,,,,,,,,,,,,,,,,,,,,,,,,,,,,,,,,,,,,,,,,,,,,,,,,,,,,,,,,,,,,,,,,,,,,,,,,,,,,,,,,,,,,,,,,,,,,,,,,,,,,,,,,,,,,,,,,,,,,,,,,,,,,,,,,,,,,,,,,,,,,,,,,,,,,,,,,,,,,,,,,,,,,,,,,,,,,,,,,,,,,,,,,,,,,,,,,,,,,,,,,,,,,,,,,,,,,,,,,,,,,,,,,,,,,,,,,,,,,,,,,,,,,,,,,,,,,,,,,,,,,,,,,,,,,,,,,,,,,,,,,,,,,,,,,,,,,,,,,,,,,,,,,,,,,,,,,,,,,,,,,,,,,,,,,,,,,,,,,,,,,,,,,,,,,,,,,,,,,,,,,,,,,,,,,,,,,,,,,,,,,,,,,,,,,,,,,,,,,,,,,,,,,,,,,,,,,,,,,,,,,,,,,,,,,,,,,,,,,,,,,,,,,,,,,,,,,,,,,,,,,,,,
サ,0.0648852065205574,0.7035254240036011,0.4712594747543335,-0.5475382804870605,0.159046471118927,0.3983789384365082,0.3516373038291931,0.1230262815952301,-0.0236791316419839,-0.5605530738830566,0.6916403770446777,-0.182065725326538,-0.3695733845233917,-0.4816430211067199,0.5012007355690002,0.0213964376598596,0.060660071671009,-0.3494442403316498,0.0808935090899467,-0.4406334459781647,-0.8895779848098755,-0.5165688395500183,-0.2661830186843872,-0.1126970499753952,0.0520015619695186,-0.565481424331665,0.1075268164277076,0.0608377531170845,-0.2720945477485657,0.1094129383563995,-0.1461329460144043,-0.5175169706344604,0.0158073138445615,0.2165822833776474,-0.3974581360816955,0.142894834280014,0.3707327842712402,0.0952575802803039,-0.0872540697455406,-0.0089115975424647,-0.1786278784275055,-0.2461543679237365,-0.1566752046346664,-0.2897273600101471,-0.3175949454307556,0.5588154792785645,0.2791037857532501,0.211603581905365,0.3493315875530243,0.2054760158061981,-0.1156577318906784,0.5249888300895691,0.1536309123039245,-0.0692296996712684,0.2368091493844986,-0.1020296588540077,-0.0125966863706707,-0.3041947185993194,-0.315399706363678,0.3457387387752533,-0.7240349650382996,-0.2794842422008514,0.1947132796049118,0.0192494969815015,-0.2238133698701858,-0.0714084729552269,0.0090548070147633,-0.1172169893980026,0.0939084142446518,-0.7125075459480286,0.24566550552845,0.16375033557415,0.0041453535668551,-0.7423335909843445,0.8383400440216064,-0.4343532919883728,0.4013092517852783,-0.0771496891975402,0.2783533334732055,0.1198773011565208,-0.3972549736499786,0.5623978972434998,0.1228711530566215,-0.6203539371490479,-0.1695971637964248,0.2420136481523513,-0.3805654644966125,-0.6627863049507141,0.3452689945697784,-0.3598125874996185,0.0576520599424839,0.0200124494731426,0.1917700320482254,0.3702609241008758,-0.1341761350631714,-0.1516888439655304,0.4498142302036285,-0.5212644338607788,0.0130199361592531,0.3714965581893921,0.0015353302005678,-0.2446013838052749,0.1044385582208633,-0.1651811748743057,0.0410203039646148,0.1103887259960174,-0.2764322757720947,0.2558739483356476,0.0137467123568058,0.1843705028295517,-0.2210141867399215,-0.4207691252231598,-0.4753669500350952,0.0586740970611572,0.219318613409996,0.0520587302744388,-0.2344735264778137,0.5728998184204102,0.2102686911821365,0.103446215391159,0.0141941122710704,0.6295061111450195,-0.3811309039592743,-0.2468281537294387,0.059036124497652,0.4163442552089691,0.1493714302778244,-0.1430320143699646,-0.2417795658111572,-0.2608487606048584,-0.3128129541873932,-0.2840716540813446,-0.2446134686470031,0.1259421557188034,-0.289646714925766,0.4501760601997375,0.0504773594439029,-0.3529983162879944,0.1138990223407745,-0.6542359590530396,-0.1337671726942062,0.3232095837593078,0.3248696327209472,-0.207984060049057,-0.0904217213392257,0.2758062183856964,-0.1100581884384155,-0.1760434955358505,0.4691634178161621,0.3713214695453644,-0.3159648180007934,1.188944697380066,-0.0977653041481971,-0.2365292906761169,0.4285502135753631,0.1521444469690323,-0.4275278747081756,-0.1244289055466651,-0.3291798532009125,0.5476692914962769,0.1096686571836471,-0.5160374045372009,-0.1809324026107788,0.6723102927207947,0.1644700020551681,0.4191581904888153,0.514015793800354,0.0593434758484363,-0.3188272416591644,0.6711301803588867,0.6820576786994934,0.3044437170028686,0.0905157700181007,-0.4315429329872131,0.1521157920360565,0.3787359297275543,0.4825846254825592,0.281445562839508,0.0389888361096382,-0.3127680122852325,-0.1061535626649856,-0.3034140467643738,-0.0886566042900085,-0.5089245438575745,0.1785750687122345,-0.1682691723108291,-0.0445346795022487,0.3660987615585327,0.1186715513467788,-0.3542804419994354,0.0491569675505161,-0.7281267642974854,0.2736172378063202,-0.4562174379825592,-0.4035131633281708,-0.3320280611515045,-0.0910236090421676,-0.0160996541380882,-0.316254198551178,0.7653443813323975,0.2082264423370361,0.222663477063179,-0.4621096849441528,-0.503148078918457,-0.7040464282035828,-0.4177868366241455,0.1927558481693267,0.3255803883075714,0.2745088338851928,0.2982934117317199,-0.1401118338108062,0.7325036525726318,0.436888724565506,0.1040650904178619,0.663826584815979,0.111908346414566,-0.5294345021247864,-0.1585965454578399,0.1365384459495544,-0.2717105150222778,0.0168289095163345,-0.143857330083847,0.2231877744197845,0.2196982055902481,0.4914810061454773,0.1397870182991027,0.3447716832160949,-0.2917183935642242,0.0003477990394458,0.466008573770523,-0.6528882384300232,-0.5498502254486084,-0.6406992673873901,0.1279291063547134,-0.6494531631469727,-0.3092299103736877,-0.2264051735401153,0.5861459970474243,-0.3014874160289764,0.3050029277801513,-0.1716019362211227,0.0522212050855159,0.2629806697368622,-0.4791663289070129,-0.0400644652545452,0.3016579747200012,-0.3867668807506561,-0.0675783678889274,-0.5167735815048218,-0.2280135452747345,-0.7076441049575806,-0.6665599346160889,0.3558297455310821,-0.4612964391708374,0.8448110222816467,0.4263072907924652,0.3717327117919922,-0.2130816727876663,0.2136790454387664,-0.4395650625228882,-0.1379182338714599,-0.4234719574451446,-0.0356907024979591,-0.0357493087649345,0.0064392061904072,0.5184308886528015,0.1779772788286209,-0.7041186094284058,-0.8204681277275085,-0.7476833462715149,0.0028904560022056,-0.4270059168338775,-0.4488175809383392,-0.0126862684264779,-0.1405869871377945,0.2082284390926361,-0.32215017080307,0.7395684719085693,-0.5396336913108826,0.2316128015518188,-0.4953520894050598,0.5771022439002991,-0.40202397108078,0.0810956805944442,0.1583993881940841,0.5331422686576843,-0.6833771467208862,0.0398928970098495,-0.4100192487239837,0.6165415644645691,0.6220531463623047,-0.3406687676906585,-0.7225481867790222,0.0585577301681041,-0.3179209530353546,-0.0281351935118436,0.5417642593383789,0.181391179561615,-0.2234051078557968,0.5440122485160828,-0.0567818656563758,-0.0207478310912847,0.1077798977494239,-0.1515886783599853,-0.2793209552764892,-0.6692509055137634,0.041555069386959,-0.0770800858736038,0.4217200577259063,-0.2459312081336975,0.1563572287559509,0.6292005777359009,-0.5004769563674927,0.3277264535427093,0.6858276724815369,0.1780090034008026,-1.3446673154830933,-0.0347803831100463,0.970336377620697,0.0402741618454456,-0.0142233790829777,0.3643267154693603,0.2377026528120041,0.6112226843833923,-0.3202166557312011,-0.2539277970790863,0.8578062057495117,0.2869665920734405,-0.3538528382778168,-0.0495684295892715,0.4075995087623596,-0.2346916049718856,0.1206443160772323,-0.1432274580001831,-0.2500223815441131,0.4777505397796631,-0.2252148240804672,-0.04609190300107,0.1738491207361221,-0.6797765493392944,-0.4630770087242126,0.471773236989975,0.0156606994569301,-0.0488553382456302,-0.7318642735481262,-0.3651100993156433,0.3015706539154053,1.102678894996643,0.6135445833206177,0.5639049410820007,-0.2992725968360901,-0.5780555009841919,0.5964652299880981,0.0001506157714175,0.4029400944709778,-0.275426983833313,-0.5335673689842224,-0.1483619958162307,0.4492460191249847,-0.0620859935879707,-0.2083703130483627,0.1510203629732132,0.2353299409151077,0.2071498334407806,-0.261694073677063,0.2415539920330047,0.7686607837677002,0.0504842214286327,0.2833902537822723,0.3924749195575714,0.820503294467926,0.2193351536989212,0.1430072337388992,-0.1700319647789001,-0.107781633734703,-0.0464503653347492,0.7001138925552368,0.3850071430206299,0.0388053469359874,0.2073328346014022,0.1031020283699035,-0.0878358855843544,-0.3717678487300873,-0.1384674906730651,-0.0457870326936244,-0.6777955293655396,-0.686381995677948,-0.138799250125885,-0.0120216766372323,-0.7045502066612244,0.473073273897171,0.3419715464115143,0.4307880401611328,-0.5315377116203308,-0.1250596195459365,0.5039930939674377,-0.1763982623815536,-0.3417385518550873,-0.1693855822086334,0.3543617725372314,-0.5939717888832092,-0.2229674905538559,-0.2577818036079407,-0.357987642288208,-0.3167111873626709,-0.0947636142373085,-0.8816103339195251,0.2206939756870269,0.1561333090066909,0.556351900100708,-0.0249521769583225,0.1050672605633735,0.2073166817426681,-0.110191561281681,-0.0443511642515659,-0.0873317718505859,-0.1366418302059173,0.0270251370966434,0.4362976551055908,0.4538975059986114,0.4011185467243194,0.4229632318019867,-0.0197619330137968,-0.3554701805114746,-0.2132369726896286,0.2449856996536255,-0.4821258187294006,-0.5262017846107483,0.7479609251022339,-0.156482920050621,0.0460313037037849,-0.2654120028018951,-0.0534625314176082,0.803116500377655,-0.2670457363128662,-0.1756482869386673,-0.051705002784729,0.0671064257621765,0.0957477837800979,0.4147038161754608,0.3733814358711242,0.959229290485382,-0.0159511547535657,0.0813415795564651,-0.0627298504114151,-0.2355812638998031,0.4483131170272827,-0.4812310338020324,0.2091173082590103,-0.0879557281732559,0.2811487913131714,0.9076653718948364,0.3419735729694366,0.2447381913661956,0.1398565918207168,-0.1145596578717231,-0.2829235196113586,0.1402857899665832,0.8493282198905945,0.0695818588137626,-0.3929468989372253,-0.0177651233971118,-0.4741891920566559,0.1980562061071396,-0.0619919262826442,-0.0501796342432498,0.0437217652797699,-0.5344532132148743,0.4956914186477661,-0.4106553792953491,-0.4851008653640747,-0.739810585975647,-0.7049449682235718,0.2712744474411011,-0.1837588548660278,0.0518123544752597,0.4887271523475647,0.4544070661067962,-0.5846787691116333,0.3876837193965912,0.3218720555305481,0.3573938310146332,0.3553830087184906,-0.3799982964992523,-0.3474487960338592,0.4077852666378021,-0.0878432542085647,-0.2300858348608017,0.0811518728733062,-0.077950395643711,-0.3456917405128479,-0.3997458517551422,0.0990882962942123,0.0089356638491153,-0.0458664000034332,-0.0993360579013824,0.1967685520648956,0.0282615888863801,-0.4263617992401123,-0.2708835303783417,-0.3111379444599151,0.0178970415145158,-0.139445349574089,-0.5245065093040466,-0.2021433711051941,-0.1232845932245254,0.5057178735733032,0.4112260043621063,0.4578993320465088,-0.2590113878250122,0.2669944167137146,0.3359394073486328,0.5423370599746704,-0.3525971472263336,-0.0929851979017257,-0.2864218056201935,-0.5184913873672485,0.2444619089365005,0.5577283501625061,-0.0399972684681415,-0.0680266693234443,-0.5231679081916809,-0.683489978313446,-0.0734597668051719,-0.1042894050478935,-0.9446498155593872,0.3004504144191742,0.3428196012973785,0.5223770141601562,-0.5121788382530212,0.1714802533388137,-0.1728483885526657,0.4421372413635254,0.1618828326463699,0.2459248751401901,0.2218044847249984,-0.6905056238174438,-0.1066251844167709,-0.0904255658388137,-0.5260455012321472,0.7962231636047363,0.4665993452072143,-0.4816798567771911,0.3228500187397003,0.7024955749511719,0.176348477602005,-0.4628303349018097,0.1372342705726623,-0.4230745732784271,-0.2605915367603302,0.1086388006806373,0.4986057579517364,0.1531921178102493,0.1121822074055671,-0.2572976052761078,0.0310910213738679,0.6210033297538757,0.5431952476501465,0.2993086874485016,-0.011157751083374,-0.0905102044343948,-0.2918620109558105,-0.359261155128479,0.4765995442867279,0.3135992288589477,0.9275248050689696,-0.6948481202125549,0.8270947337150574,0.417987197637558,-0.3516790270805359,0.5475863218307495,0.8275810480117798,-0.1295352131128311,0.3588325381278991,-0.3821957409381866,0.064886063337326,-0.912461519241333,0.0441856309771537,-0.2212532311677932,-0.0143553661182522,-0.1201798990368843,-0.0609278529882431,0.004015864804387,-0.4199044704437256,0.2204073518514633,0.0230938773602247,0.0410899668931961,-0.019476206973195,0.3957511484622955,-0.475532591342926,0.7654542326927185,0.3582446873188019,-0.3600449860095978,-0.1573605239391327,0.1476099491119384,0.087788887321949,0.7888616323471069,-0.2477010488510131,0.4315614104270935,0.0922671258449554,-0.8847265839576721,0.1002267077565193,0.0895279422402381,-0.0947557389736175,0.6437154412269592,-0.3262166082859039,-0.3809820115566253,0.3472054898738861,0.9383267164230348,0.2875902056694031,-0.3568570613861084,-0.5209187269210815,-0.0570540651679039,-0.4023283720016479,-0.3859650492668152,0.0292511992156505,0.1276062428951263,0.4225535094738006,-0.1213698908686637,-0.0419671200215816,0.1576462239027023,0.403877705335617,0.1310643404722213,0.1157403141260147,0.042076501995325,0.0924983173608779,-0.273703396320343,0.1220830157399177,0.3158020973205566,-0.4917131662368774,-0.1744960844516754,0.7196577191352844,-0.1164612844586372,0.2353215664625167,0.0578406751155853,0.2041558921337127,0.1030446588993072,0.1119522377848625,-0.1834087073802948,-0.6722075939178467,-0.3497683405876159,0.4408051371574402,-0.8758087158203125,-0.1174071803689003,0.1080517321825027,0.3653841316699981,0.1020702868700027,-0.0060884314589202,-0.5854359865188599,-0.2722901105880737,-0.1771976202726364,0.3641877174377441,-0.4985266625881195,-0.6596727967262268,0.6454887986183167,-0.088888369500637,-0.4597136676311493,-1.2287819385528564,0.5890169739723206,0.0776873603463172,0.5915550589561462,0.1351224184036255,0.1538237184286117,0.1059198677539825,0.2237645983695984,0.0037742669228464,-0.2173176407814026,0.581588625907898,-10.289658546447754,-0.3003974854946136,-0.3242519795894623,-0.7455151677131653,-0.3652228415012359,0.2694185078144073,0.6051923632621765,0.1781440675258636,-0.4923450648784637,0.1491096913814544,-0.3996672034263611,0.0590169504284858,0.1558715552091598,0.1004372909665107,-0.3681308627128601,0.3068011403083801,-0.3219028413295746,-0.2939372062683105,-0.3147366940975189,0.0405683368444442,-0.4046725928783417,-0.3304223716259002,0.7073029279708862,0.1135795414447784,-0.0477767586708068,-0.3105928897857666,-0.0543449595570564,0.096657320857048,-0.3457956314086914,0.2954535782337188,-0.3798690140247345,0.5762261748313904,-0.1736059039831161,-0.1127649620175361,-0.4583718776702881,-0.1888875365257263,0.0478667467832565,-0.4949324131011963,-0.1944606155157089,0.5718844532966614,0.442748486995697,0.6001575589179993,0.0038139026146382,-0.124246634542942,0.2433841079473495,-0.0014174034586176,0.0019126454135403,0.0463049300014972,0.6046343445777893,-0.2788213491439819,0.4446240961551666,-0.2662782073020935,0.237011581659317,-0.186130553483963,0.263404369354248,0.2885286211967468,0.7916185259819031,-1.0048638582229614,-0.1511134207248687,0.2246227115392685,0.1177573800086975,0.110612116754055,1.0127406120300293,0.0812015458941459,-0.0826491713523864,0.3211994469165802,0.3936371207237243,0.1789993792772293,-0.4705178439617157,-0.6871199011802673,0.3974434733390808,0.4097597002983093,0.1838757097721099,0.1602386534214019,-0.3042787313461303,0.4773211181163788,-0.0504228137433528,0.317943125963211,0.172936737537384,0.0184958018362522,0.6552831530570984,-0.3927880823612213,-0.2618248164653778,0.1869706809520721,-0.8683280348777771,0.1728643476963043,-0.1377306431531906,-0.2829202115535736,0.312147855758667,-0.7298805117607117,0.3388964235782623,0.1424144953489303,-0.1129440441727638,0.3945612907409668,0.4246352910995483,-0.2910743355751037,-0.1674259603023529,0.4524502754211426,0.3383530974388122,-0.4104370474815368,-0.5743506,-0.4663673,0.6730727,1.482388,-0.6400136,-0.42816803,-1.5128388,0.57006276,1.1621109,0.09583017,0.32105815,0.034639698,-1.5735912,2.3084705,-0.61093163,0.37340787,1.0127388,-0.87096226,0.7019861,-0.44625017,0.58429,0.21761838,0.7185726,-0.7979071,0.5234783,0.70143956,0.5400238,-0.73512626,-0.57758677,-0.8687295,0.10588998,-0.51971966,-0.75206035,-0.23588456,0.16116758,-1.4059664,-1.5953864,0.98519295,0.12334359,-0.75794846,-0.9599547,0.7914207,-0.3573773,-0.022678895,-0.9045057,0.15392213,1.8510592,-0.3789293,0.60734665,-0.4462465,-0.4533545,-0.32888308,0.34989476,1.0570403,0.7828059,-0.33532917,1.0707835,1.1647706,-0.12487851,-0.33077404,0.5770456,0.877193,-0.99498844,-0.058551244,0.15884578,0.86484444,0.093547314,-0.10823746,-0.23018363,-0.3594121,-2.8728013,-1.0609726,-0.023632335,1.2880908,-1.5608087,0.9394914,0.10085911,-0.7069321,-0.009474184,-0.21520098,-0.1616775,-0.47609678,-0.8896333,1.2610558,-0.458829,-0.8823646,-0.55275065,-0.29109058,-1.2906878,-0.029173765,-0.07386598,-1.6281893,-1.254211,-1.2372079,1.2349454,0.06672427,-0.6208217,-1.0162634,-1.2443898,0.09260755,-0.038034774,1.1929038,0.23354565,-0.10825119,-1.159331,-0.20977472,-0.97982067,-0.2138581,-0.22772789,0.6750518,0.4218318,0.40967637,0.6704083,1.40043,1.0469575,1.0989407,-1.2609646,-0.53796643,-0.42062187,0.19422048,0.92610633,0.625076,-1.0236509,0.9747681,0.27706036,0.93023515,0.35049674,-0.6171665,0.5272015,0.1412153,0.34007314,-0.06328845,1.7549424,0.66151875,-0.7286694,-0.47428915,-0.15438452,0.32704958,0.56916547,-0.6814568,-0.68457437,-0.19106007,-0.10598552,-0.2835756,0.55760705,-1.6237725,0.021227058,0.9688548,1.1149942,-0.071834035,0.12363727,-0.29536262,-1.3635327,0.66790074,0.59649485,-0.028296245,0.14649999,0.30703273,-1.1218641,1.0911322,-0.031575527,1.3016745,-0.9286206,0.5984911,-0.26071832,0.9686544,-0.4952639,0.71957624,-0.8385599,-2.29904,-0.6537434,0.19990176,0.47306633,0.13831332,0.55350286,-0.019538973,0.5475277,0.5562394,-1.260471,-0.30642968,0.4648782,1.0388454,0.20684701,1.4684045,-0.13433205,0.3746735,0.47283193,0.6351699,0.29088613,0.34710604,1.0250977,-0.49792895,0.77579147,1.2320611,0.91297054,2.5758893,0.60323805,-1.4699316,-1.2335286,1.0327231,-2.2114217,-0.30464724,0.8917783,-1.0068169,1.0546721,-0.81210214,-1.1447264,2.0923734,0.35673246,-0.21162674,-1.2574232,-1.1738131,1.2036055,0.76841974,-0.5882131,-0.22128658,-0.60071045,0.5897701,-0.4154545,-0.23957372,0.40567702,0.13663992,0.056309555,1.1395164,-1.2580533,0.44596863,0.15318376,0.62672496,0.1914302,0.75635546,-0.81189746,0.15827507,0.25865024,-0.08137286,-0.4712643,0.20575762,-0.41776046,0.39871052,-0.6730476,0.4259466,0.5919256,-0.68661,0.06158994,-0.034420848,0.27983057,0.69884866,1.580421,0.29691473,-1.46981,-0.18057807,0.65157294,1.0053668,0.5908359,0.17036195,0.57751584,0.92697036,-0.66773546,0.22428046,-0.6556691,-0.64826304,-0.060939644,0.4187586,0.42799675,0.14010249,0.39087397,-0.7233287,-0.3703912,0.33971143,0.36048436,-0.96134925,-1.0242087,-0.3357669,-0.7634285,0.03644184,0.59978604,0.2736319,-0.85775447,-0.8351848,-1.1898702,0.36878744,0.6668907,-1.8342751,-0.47832018,-0.27861536,-0.36014986,0.51618266,-0.09050137,0.29990003,0.33687478,0.49941343,-1.3443459,0.74486744,-0.1723265,0.6253308,1.3258216,0.37949136,1.0887102,-0.546884,0.5088436,-1.0917265,0.4736876,1.0279973,-1.7406667,1.0586038,-0.44115946,-0.46100542,0.9166744,-1.00584,-0.107813105,-0.6097391,0.08745384,-0.17638473,-1.3828629,1.9528931,-1.8510814,1.132495,-1.7378387,-0.3778754,-0.71237385,-0.6954765,-0.9612131,0.6178586,0.52663785,-0.3287868,0.6371363,0.056280356,0.05343806,0.80665654,0.4773415,0.9402842,-0.17535897,0.7193246,-0.8774634,-1.3595287,-0.26541612,0.25920054,-1.4045116,-1.485654,-1.5654594,-0.71671325,0.17517893,-0.5084018,-0.27660146,0.82118225,-0.21947664,0.65722114,-0.9081992,-0.27061406,0.10293955,-0.5269687,1.3804289,-0.16996133,1.3006889,-0.7829128,-0.44398612,0.42853764,-1.6903483,-0.008511271,-0.16815946,1.9922627,0.7448027,0.22732237,0.51559883,0.27015623,-0.412839,-0.50005794,1.4159476,0.15349798,1.6745245,0.4210044,-0.6014275,1.4946003,0.16506498,0.9135099,-0.44947636,-0.18461922,1.8977903,-0.20168656,-0.4017873,-0.42296445,-0.2626384,-0.3737223,-0.25415602,0.1653023,0.1940895,-0.2851432,0.6290203,0.13369687,-1.0553422,-0.85353595,-0.68339616,0.8592256,1.3421685,1.403393,1.3698249,-0.2612547,-0.8414609,-2.0559144,0.19270314,0.9582988,0.62165195,0.48440754,-1.3821522,0.46638548,0.42511103,0.25409746,-1.2686697,-1.6970567,1.5848143,0.16819237,0.28619707,1.74179,-0.87990355,-1.6449095,-0.35167515,0.7403039,-0.15706463,-0.8165756,-0.6773716,0.21795082,-0.72542775,0.9686973,0.7782695,0.2599324,-0.18927659,-0.25217724,0.3741488,0.22791952,-1.069202,-0.30668417,-0.1859324,0.6058494,-1.1746348,-0.8361438,0.39577195,-2.0101812,0.8126843,-0.44054946,-0.22353029,-0.31135234,-0.2727488,-0.7890874,-0.35120896,-0.23822106,-1.0108391,-0.42166662,0.41298378,-1.609913,-1.4950827,1.0260181,1.1309958,-0.25294343,0.30676034,0.46661526,-0.04448429,0.76634324,-0.02308619,-0.40311635,0.43277848,-0.48482192,-0.45001566,-0.44947782,-1.3694025,-0.08147049,0.08619966,-0.9650627,-1.2826209,1.2784252,0.8165299,-1.4600662,-0.45464256,-0.36295316,-0.38342246,0.4915783,0.6083422,0.0055077374,0.06803368,-0.8409967,-0.27004594,0.15568109,0.3994791,-0.24656433,-0.20781235,0.65428156,-0.574247,0.45121628,1.8044866,0.1227379,1.1755254,1.3758543,-0.056050964,-0.42434713,0.63184965,-0.1481377,-0.34560812,0.7199198,-1.2642004,-1.0644094,1.5062762,-0.43484846,-0.80754507,0.016990433,0.841483,-0.17799006,0.26355904,0.21517009,1.0358044,1.3218212,1.0159127,1.8277624,-0.23925813,-0.76969093,-0.6416986,0.38508484,-0.8708961,-0.5516409,0.09044141,0.7973862,1.9719077,-0.81416196,0.13968897,0.74009806,-0.73254555,-1.0853741,0.21562456,0.43886912,-0.6700694,-0.4664988,0.4533581,-0.9965206,0.3201693,-1.1350129,-0.33550894,0.20999265,0.6186428,-0.42342225,-0.23036596,0.44980752,0.25906372,-0.86151856,0.23090492,1.3340247,1.7305489,-0.5227738,-0.9198673,0.20861,-0.71994007,-1.4006398,-0.51720375,-0.4474022,-0.5754554,0.103838414,-0.41020542,-0.02281582,-0.83591896,-0.67224574,1.5640166,0.1482532,-0.045328613,0.21683042,-1.0732412,1.5899588,-0.92429245,-0.70032394,1.2836629,0.96249795,-1.9705296,0.6417892,-1.3233193,0.5972271,-0.62939084,0.78335166,1.1280956,0.654135,-0.35474467,1.3278993,-0.5531255,-0.114395976,-0.19426306,0.4615826,-0.17868966,0.53238344,-1.8108649,1.2094905,-1.3070261,-0.880695,0.11779024,0.40555215,-0.4522188,-0.119118914,-0.5382149,0.7086395,0.52036834,-0.8772757,0.81584716,2.0910132,-0.7015843,-0.6204112,1.0005633,0.39883706,-0.35610968,-0.20362861,2.312131,0.51176476,1.0617958,-1.0962105,-0.6188473,0.36761424,-0.103727855,-1.0603911,-0.14472586,-0.59912217,-0.08667868,0.38072246,-0.4102944,0.6936968,-0.80614954,0.22148289,0.6107285,-0.63515943,-0.012953301,0.3200428,-0.18142241,-1.3869672,-1.2729172,0.375685,0.46756056,-0.44359282,0.1703559,0.8477631,1.4023948,0.8322917,-0.52143556,-0.57178235,0.41214663,0.92493016,1.0409523,-1.0296822,-1.026958,0.9716372,1.3830686,-0.68487644,0.8864952,-0.19337153,-0.4770567,-1.7891726,1.1269338,0.20137429,0.04067472,1.2842281,0.35770676,0.09266054,0.90841144,-0.3026728,0.11384024,-0.3192469,-0.43388852,-0.0044344757,0.13962714,-1.1331508,0.21310766,-0.64849424,-0.005938298,0.16863924,0.4888869,-0.93138736,0.7311022,-0.3311199,0.623474,0.37480208,-0.32506365,-1.0020535,0.088475406,-0.45305952,1.8844261,1.0224012,0.14904916,-1.2652715,-0.3103596,1.0535934,0.6286639,-0.08467546,0.118851215,-0.22205324,-0.6261098,-0.5796349,-1.0006137,-0.6673761,0.23730165,0.9663436,-0.8421345,1.1424302,-1.7160478,0.5550318,0.078587025,-0.8356415,0.22719854,0.2682027,-0.46109664,1.8249819,1.3588836,-0.25987518,-0.071231395,0.57953304,1.4362617,-0.3483299,-0.24984932,-1.4438635,0.7199658,1.0718007,0.38131353,-1.3455846,-0.34147218,0.31495988,-0.4974769,1.4228547,-0.35681382,-0.44580227,-0.8047526,-0.40378702,-0.9646222,-0.5641151,-0.44027898,-0.015620576,-1.1860981,0.26505297,-0.6399452,-1.0063492,0.46995056,-0.7342543,0.07590343,-0.12305244,1.145046,0.7526695,0.53760535,0.26645228,-0.7093514,-0.02875228,-1.0715005,-0.49881825,0.63540226,-0.6534288,0.46339178,0.13321058,1.0219035,1.7865756,0.43543863,-0.917067,0.26309115,0.3138064,0.15038486,-0.12771255,-1.2663814,-0.39650458,0.047766242,0.77485996,0.3435068,-1.4301875,-0.59712374,-0.12354864,0.54780316,0.11882157,0.66457963,0.0920282,0.48700082,1.4752599,1.0567688,-0.19149584,,,,,,,,,,,,,,,,,,,,,,,,,,,,,,,,,,,,,,,,,,,,,,,,,,,,,,,,,,,,,,,,,,,,,,,,,,,,,,,,,,,,,,,,,,,,,,,,,,,,,,,,,,,,,,,,,,,,,,,,,,,,,,,,,,,,,,,,,,,,,,,,,,,,,,,,,,,,,,,,,,,,,,,,,,,,,,,,,,,,,,,,,,,,,,,,,,,,,,,,,,,,,,,,,,,,,,,,,,,,,,,,,,,,,,,,,,,,,,,,,,,,,,,,,,,,,,,,,,,,,,,,,,,,,,,,,,,,,,,,,,,,,,,,,,,,,,,,,,,,,,,,,,,,,,,,,,,,,,,,,,,,,,,,,,,,,,,,,,,,,,,,,,,,,,,,,,,,,,,,,,,,,,,,,,,,,,,,,,,,,,,,,,,,,,,,,,,,,,,,,,,,,,,,,,,,,,,,,,,,,,,,,,,,,,,,,,,,,,,,,,,,,,,,,,,,,,,,,,,,,,,,,,,,,,,,,,,,,,,,,,,,,,,,,,,,,,,,,,,,,,,,,,,,,,,,,,,,,,,,,,,,,,,,,,,,,,,,,,,,,,,,,,,,,,,,,,,,,,,,,,,,,,,,,,,,,,,,,,,,,,,,,,,,,,,,,,,,,,,,,,,,,,,,,,,,,,,,,,,,,,,,,,,,,,,,,,,,,,,,,,,,,,,,,,,,,,,,,,,,,,,,,,,,,,,,,,,,,,,,,,,,,,,,,,,,,,,,,,,,,,,,,,,,,,,,,,,,,,,,,,,,,,,,,,,,,,,,,,,,,,,,,,,,,,,,,,,,,,,,,,,,,,,,,
イ,0.2505481839179992,0.4489372670650482,0.1492974162101745,-0.5586414337158203,-0.0013604935957118,0.0918458104133606,0.3721223175525665,-0.0234025865793228,0.0832772254943847,-0.4972952902317047,0.922433853149414,0.0710767582058906,-0.3678937554359436,-0.0582557208836078,0.4592601954936981,0.0477102994918823,0.3026152551174164,-0.0985034108161926,-0.3389739096164703,-0.3084463775157928,-0.4294740259647369,-0.4628788530826568,0.0032123664859682,0.1254025250673294,0.4180895090103149,-0.4004127383232116,-0.0911752507090568,0.2276809960603714,-0.1435918509960174,-0.1566646099090576,-0.3757165074348449,-0.3744196891784668,-0.1879740059375763,-0.2184703797101974,-0.278684914112091,0.8278489112854004,0.1410537958145141,-0.2761842608451843,0.0495626181364059,-0.0305525045841932,-0.2750777900218963,-0.103702962398529,0.1346310377120971,-0.2775102853775024,-0.3408503830432892,0.5337256789207458,0.0850845575332641,0.2999982237815857,0.3017307221889496,-0.0298516284674406,-0.4111286401748657,0.4123713672161102,0.2305360287427902,-0.0554429590702056,-0.0002612370881251,-0.1306027173995971,-0.1068493500351905,-0.177051767706871,0.1526751071214676,-0.0106077278032898,-0.080419547855854,-0.2179279178380966,0.1381518840789795,-0.0645262748003006,-0.4898168444633484,-0.2554144263267517,0.0158404614776372,0.0089113507419824,-0.1771092265844345,-0.5936737656593323,-0.3995041847229004,0.2752134203910827,0.1364410668611526,-0.409847617149353,0.4420993030071258,-0.3259541392326355,0.3144108355045318,-0.1611713469028473,-0.1378859132528305,-0.1059435307979583,-0.2272272706031799,0.4182016253471374,-0.1328671723604202,-0.6189823150634766,0.1171788424253463,0.0059523768723011,0.1065851971507072,-0.4834829270839691,0.3780913650989532,-0.5386707186698914,-0.3544098436832428,0.272403359413147,0.5725651383399963,0.3448121547698974,-0.2858032286167145,0.0702245160937309,0.1583373248577118,-0.2321749329566955,-0.2503252625465393,-0.1264444589614868,0.5010859966278076,-0.3914403915405273,0.1215318441390991,-0.1627832204103469,-0.1635713726282119,0.1289453953504562,-0.4897728264331817,0.5729210376739502,-0.0315574333071708,-0.1191677451133728,-0.2018569260835647,-0.2577365636825561,-0.3563779592514038,0.4040128290653229,-0.2662290036678314,-0.1149513870477676,-0.1682388335466385,0.3997953832149505,-0.2984249293804168,0.1948220431804657,0.2346782982349395,0.2928614318370819,0.0676141455769538,0.1553054451942443,-0.0961431860923767,0.5456915497779846,-0.2279289662837982,-0.0558218955993652,0.0611917041242122,-0.2349888235330581,0.2706878185272217,0.0724034383893013,-0.3393912613391876,-0.1392006874084472,-0.5784204006195068,0.2526203095912933,-0.155659407377243,0.0599726513028144,-0.0823525488376617,-0.5838775634765625,0.047910239547491,-0.2668199837207794,0.2308844178915023,0.1897561997175216,0.0472326166927814,0.0304461829364299,0.4092461466789245,-0.2077170759439468,0.446753054857254,0.1353139877319336,-0.0519040711224079,0.783359169960022,-0.3722396194934845,-0.2989800870418548,-0.2798097133636474,0.042486522346735,-0.3434524536132812,0.0400078408420085,0.0653272718191146,0.4727227985858917,0.2746033072471618,-0.6966155767440796,0.0782220959663391,0.4430415630340576,0.2624966502189636,0.7815207242965698,0.1209591776132583,-0.0958712175488472,-0.0241772830486297,0.5504213571548462,0.2618978321552276,0.4256070256233215,0.1255105286836624,-0.5663151741027832,0.2344573885202407,0.5653722882270813,0.1362340450286865,0.1511902064085006,0.2922266721725464,-0.4613509178161621,0.1085969433188438,-0.4493367969989776,-0.2269296944141388,-0.4779540002346039,0.5775596499443054,-0.1593138724565506,-0.1407499462366104,0.0492161028087139,0.0404408201575279,0.0006456886767409,-0.5783886313438416,0.0301188584417104,0.5472155809402466,-0.4307481944561004,-0.0494826287031173,-0.1220207810401916,-0.0579941235482692,-0.3472139537334442,-0.1853754818439483,0.5233907103538513,-0.0871587991714477,0.2898628711700439,-0.2703546583652496,-0.2009024322032928,-1.124642014503479,-0.222978800535202,0.2935783565044403,0.4990005493164062,0.2641696035861969,0.1191057860851287,-0.4838886857032776,0.2278601378202438,0.4431247413158417,0.4852368533611297,0.0213789027184247,0.0502767190337181,-0.2780689299106598,0.179585114121437,0.3599025011062622,-0.5641339421272278,0.0423757135868072,-0.1109554767608642,0.0774233862757682,0.3421428501605987,-0.2297710478305816,-0.103759691119194,-0.0296202395111322,0.0609361641108989,-0.1472322195768356,0.7782184481620789,0.2733465433120727,-0.0964207574725151,-0.5749717950820923,-0.4450890123844147,-0.9197883009910583,0.2412146925926208,-0.1610824167728424,0.22455695271492,0.3092661798000335,0.297025203704834,0.2582457661628723,-0.2680031061172485,-0.1428358107805252,-0.2700835466384887,-0.2408133894205093,0.3363486230373382,0.1937740296125412,-0.1581805199384689,-0.5909778475761414,0.3315999209880829,-0.5108320713043213,-0.2683800160884857,0.6358513236045837,-0.1435994505882263,0.5744237899780273,0.1409382820129394,0.4897727072238922,-0.0853540748357772,-0.1874617785215377,-0.0955950766801834,0.0436156764626503,-0.4138393998146057,-0.1069721728563308,-0.2344851791858673,0.0109996134415268,0.1046502217650413,0.0584264323115348,-0.636326253414154,-0.0737071558833122,-0.3163428604602813,0.1024644523859024,-0.5688919425010681,-0.0704476460814476,0.230291873216629,-0.3569014072418213,0.250668466091156,-0.1041097939014434,0.3356075882911682,-0.2991388738155365,-0.0898166894912719,-1.0346769094467163,0.462022066116333,-0.7326732873916626,0.3542755842208862,0.1198809146881103,-0.1020419746637344,-0.0654364451766014,-0.1256033927202224,-0.1999105513095855,0.5118235349655151,0.1648826599121093,-0.2880998849868774,-0.5125777721405029,-0.0331790335476398,-0.1484315097332,0.0892459005117416,0.1570788919925689,-0.2203528583049774,0.0077931177802383,0.118221990764141,0.5483359098434448,0.1169387027621269,0.1514610946178436,-0.168676421046257,-0.3166066408157348,-0.8211398720741272,-0.174249917268753,0.1659409701824188,0.6097294688224792,-0.3898724913597107,-0.1515483856201172,1.065920114517212,-0.1712241768836975,-0.2753693759441376,0.2073781341314315,0.4925227761268616,-1.4006301164627075,0.1897653192281723,0.588225245475769,0.0082712536677718,0.0532373040914535,0.3261024951934814,0.305587887763977,0.3564168214797973,-0.5224007368087769,-0.0392370522022247,0.3144610822200775,0.3735979497432709,-0.0036170836538076,-0.3670718371868133,0.3963320851325989,-0.0700402110815048,0.0745707526803016,-0.612056314945221,-0.3191026151180267,0.4119139909744262,-0.0874440968036651,0.0874632224440574,-0.0170665271580219,-0.3100562393665313,0.0694663971662521,-0.2886847555637359,0.2692031264305115,-0.325777143239975,-0.2060827612876892,-0.2726702988147735,0.2635100781917572,0.449198842048645,0.661635160446167,0.5164912939071655,0.3551589548587799,0.2686977684497833,0.4473485052585602,0.3802987933158874,0.4603124260902405,0.3109914064407348,-0.1063156351447105,0.0195352584123611,0.5475675463676453,0.3219617009162903,0.2603946328163147,-0.0276618730276823,-0.2409785836935043,0.6404382586479187,-0.0342877991497516,0.4841922223567962,0.4391713440418243,0.6220520734786987,0.3925226628780365,0.2461102455854416,0.4162329435348511,-0.1992395222187042,-0.1421195566654205,-0.3447634279727936,0.2172411680221557,-0.2869605720043182,-0.159542977809906,-0.1537368595600128,0.2500409781932831,-0.1458094269037246,-0.51259446144104,0.1407272219657898,-0.4438359141349792,-0.0136881181970238,0.1929426491260528,-0.2214354574680328,-0.5873409509658813,-0.4135623872280121,-0.4071406424045563,-0.5993702411651611,0.487648457288742,0.2242782115936279,0.1675911098718643,-0.5403475761413574,0.1199017167091369,0.1179696023464202,0.1697641909122467,-0.1759710162878036,0.0114829167723655,-0.1525502800941467,0.0282090436667203,-0.1229961067438125,0.0094847762957215,-0.6527937650680542,-0.4276649355888366,-0.5186935663223267,-0.8451845645904541,-0.1182984411716461,0.1161651164293289,0.3922761380672455,-0.0325253829360008,0.1955144107341766,0.1770944148302078,0.2159095853567123,-0.2994886338710785,-0.1859803646802902,-0.8119920492172241,-0.0156768765300512,0.2146668434143066,0.2322666496038437,0.232969045639038,0.1962420046329498,0.1099632307887077,-0.0482075437903404,-0.2861345410346985,-0.012153910472989,-0.2400132715702057,-0.2711018323898315,0.9789894223213196,-0.2605230808258056,0.4552047252655029,-0.1963374316692352,0.1221195682883262,0.3167569637298584,-0.1554841697216034,-0.112817458808422,-0.0907303839921951,0.4706625342369079,-0.1368854939937591,-0.1007928028702735,0.0552294701337814,0.4654022455215454,-0.323762983083725,0.1653086394071579,-0.0653367415070533,0.1071037575602531,0.2053379118442535,-0.0762300416827201,-0.1510095745325088,-0.2405013442039489,0.1477335095405578,0.2341473698616027,0.2862294316291809,0.2517187595367431,0.2906464636325836,0.603635311126709,0.0465304367244243,0.2981800138950348,0.2586971819400787,0.7238072156906128,-0.2899322211742401,-0.2150292694568634,-0.4939345717430115,-0.0892949178814888,-0.4694490730762481,-0.1574169397354126,0.5626305937767029,-0.2203343510627746,0.2118527293205261,-0.1339785903692245,-0.6529372930526733,-0.0651318654417991,0.0051952362991869,0.0690673440694809,0.0703841000795364,0.3648920953273773,0.4399062097072601,-0.0126997204497456,-0.6327009201049805,0.5944579839706421,-0.3083150088787079,0.5145155787467957,0.3459455370903015,-0.5750617384910583,-0.2742610871791839,-0.0764722600579261,0.0789083093404769,0.0509687885642051,0.2437104284763336,0.5642279982566833,-0.3491406440734863,-1.0541503429412842,-0.1875897049903869,0.253937304019928,-0.1902288049459457,-0.4174838066101074,0.2181191146373748,0.1227318570017814,-0.9403929114341736,-0.6611847281455994,-0.3907082676887512,-0.2368012964725494,-0.0750048086047172,-0.9417609572410583,0.2107371240854263,0.0918762311339378,-0.0685869976878166,0.4357554912567138,0.0065562450326979,0.0523173697292804,0.2633278965950012,0.4124357998371124,0.32712522149086,-0.5278412699699402,-0.0882996395230293,0.1802866458892822,-0.0107608418911695,0.0757314711809158,0.4335595369338989,0.0022350514773279,0.1346089839935302,-0.0360789820551872,-0.6570267677307129,-0.1326983571052551,-0.3951635062694549,-0.8622023463249207,0.3906485438346863,-0.0485257804393768,0.2440661787986755,-0.4389907419681549,0.3586048185825348,-0.2363224476575851,0.0419668890535831,0.1436831504106521,0.0125273689627647,0.0706452205777168,-0.6102577447891235,0.3147449195384979,-0.4907277226448059,-0.4119032323360443,0.8037401437759399,0.6327239871025085,-0.277031272649765,0.0262137148529291,0.3444098234176636,0.0450162589550018,-0.3139759302139282,0.0423781313002109,-0.0282185282558202,-0.0554161630570888,-0.1430779546499252,0.2068943828344345,0.3075024485588074,0.0210439786314964,-0.2298358529806137,-0.2397428303956985,0.5746675133705139,0.4281243979930877,0.2773855924606323,-0.1015438437461853,-0.0849071964621543,-0.2149445414543151,-0.3835354745388031,0.1777462214231491,0.1371704339981079,0.6504777669906616,-0.1978227198123932,0.90113627910614,-0.1241719648241996,-0.3456954061985016,0.2918019294738769,0.6946764588356018,-0.100216694176197,0.2651370167732239,0.1185874417424202,0.1118910908699035,-0.889651358127594,0.1925767362117767,-0.256352037191391,0.2200701981782913,0.1242488473653793,0.4356253743171692,0.467876672744751,-0.6214590072631836,-0.260323166847229,-0.1672984957695007,0.1883513331413269,0.0608341209590435,0.5436148047447205,-0.025854293256998,0.0934903025627136,0.2462126761674881,-0.1927277445793151,-0.0298794582486152,0.1243695616722107,0.0780878812074661,0.8339083194732666,0.2224399149417877,0.0871190205216407,-0.2118162512779235,-0.8105356693267822,0.3458636999130249,-0.0689836740493774,0.018697315827012,0.4625156223773956,-0.282231330871582,0.1249693036079406,0.3071497082710266,0.6096946001052856,0.1468066424131393,-0.2993062138557434,-0.793890118598938,0.1002339199185371,-0.0204421188682317,-0.0992076396942138,0.2560797929763794,-0.0415349118411541,0.3648510277271271,0.203915536403656,-0.1634592562913894,0.0352919995784759,0.5447142124176025,-0.1733648031949997,0.0036587237846106,0.304246574640274,0.1871929317712783,-0.4307031333446502,0.0009281226666644,-0.2076293379068374,-0.4050754308700561,-0.4266373217105865,-0.2039306312799453,-0.2270745187997818,-0.0535288043320179,-0.1840565502643585,-0.0797881931066513,0.2254985123872757,0.1304506063461303,-0.1006392464041709,-0.3923006653785705,-0.3506778478622436,0.5158728361129761,-0.7764759063720703,-0.1357771307229995,-0.1237556636333465,0.0765950009226799,-0.1074878200888633,-0.0110861044377088,-0.3666615784168243,-0.1664658933877945,-0.1050653979182243,0.1489000916481018,0.0398935228586196,-0.416027158498764,0.2048544883728027,0.2299579083919525,-0.1175116971135139,-0.788458526134491,0.1993530094623565,-0.0932439640164375,0.6569687724113464,-0.1900956332683563,0.2818269431591034,-0.2750597894191742,0.2358642965555191,-0.3131818175315857,-0.1302007734775543,0.0328198932111263,-10.583672523498535,-0.0490938015282154,-0.445158988237381,-0.1263294517993927,-0.4172158241271972,0.4067028164863586,0.6914451718330383,0.2893685698509216,-0.4186541438102722,0.0356551110744476,0.3733002245426178,0.3360385596752167,0.267772227525711,0.3577016592025757,-0.6444789171218872,-0.2057143747806549,0.1316499561071396,-0.0891802087426185,-0.1396465450525283,-0.2161887139081955,0.2653757333755493,-0.0017534146318212,0.2895424365997314,0.6346953511238098,0.0794324725866317,-0.5257126092910767,-0.4686369895935058,0.2963267862796783,0.0342756062746048,0.2951556444168091,-0.3470078706741333,0.142052948474884,0.0479567125439643,0.319089412689209,-0.3116777241230011,-0.2718498408794403,-0.1247318685054779,0.3276664912700653,0.1142612621188163,0.191989004611969,0.2599020004272461,0.657625675201416,0.285983681678772,0.0854373276233673,0.2722641825675964,0.4464370608329773,0.5172173380851746,0.294055163860321,0.6834058165550232,-0.0487478226423263,0.0203231442719697,0.3268148303031921,-0.1709272563457489,-0.1003255695104599,0.3273875713348388,0.0490538142621517,0.7690467834472656,-0.6563530564308167,-0.44570192694664,0.073697306215763,-0.0454915389418602,0.0713259354233741,0.9178944230079652,0.5181217193603516,0.0308233760297298,-0.0776502043008804,0.312881737947464,0.4847948849201202,-0.5009794235229492,-0.2229619175195694,-0.0355613268911838,0.2150739580392837,0.0117330383509397,-0.0769709050655365,-0.5127115845680237,0.275899589061737,-0.004084981046617,-0.2585968971252441,0.3279469013214111,0.2067940235137939,0.1488009393215179,0.2203200012445449,0.015926444903016,0.1426022797822952,-0.5167419910430908,0.1087146177887916,-0.2099006623029709,0.1725313067436218,0.0848772972822189,-0.4644400477409363,-0.07003665715456,-0.2248544692993164,-0.0309130512177944,0.7703751921653748,0.4164022207260132,-0.0329809635877609,-0.0987273156642913,0.102551057934761,0.5012519955635071,0.0252322237938642,-0.7597268,-0.09643374,0.48391113,1.2679611,-0.61416435,-0.9556382,-1.7190064,0.5135168,1.3087584,-0.2335002,0.62979954,-0.16376112,-2.1074512,3.6298091,0.019449046,-0.32051352,1.037584,-1.1239548,1.2403417,-0.09046435,1.3675947,0.12619288,0.5947775,-0.68229985,0.95828027,0.906116,0.25166717,-0.054132804,0.37854925,-1.3398743,-0.03762046,-0.37513435,-0.70229894,-0.7684178,-0.08266553,-0.34290376,-1.0859066,0.6583887,-0.54791087,-0.582598,-1.7388815,0.44193828,-0.37161526,0.573884,-1.2194806,0.29230556,1.9693394,-0.74256426,1.2935787,0.06742942,-0.6760368,-0.119665205,0.6865382,1.212267,-0.036075607,-0.33941495,0.07434211,0.73881286,-0.010191779,-0.51841307,0.4831431,0.52217346,-0.85443336,0.603051,0.98991746,1.3705658,-0.49507347,0.050180256,-0.12745297,-0.9979064,-2.5589545,0.009508948,1.2916247,0.65875983,-1.1094371,0.48372474,0.6195517,-0.27481702,0.75767374,0.40702423,0.5391616,-0.04208703,-1.3686891,1.6330506,-0.79861325,-0.4340948,-0.871903,-0.79631,-1.387084,-0.07357434,0.31922972,-1.9816184,-1.2197505,-1.2297064,1.0032473,-1.0385537,-0.7042341,-0.741801,-1.1210642,-0.41780663,0.2478646,0.8127325,-0.4949325,0.34387335,-1.4580079,0.20000988,0.014314234,-0.92602664,0.03523205,0.7841678,-0.3173689,1.1819013,0.2779594,1.5365914,0.44706753,0.4657917,-0.19899595,-0.69324017,-0.9131513,-0.4871442,0.6659394,-0.48962736,-1.2066913,1.4378786,-0.31816256,1.8679138,0.18020904,-0.4858202,1.4804014,0.28469244,0.066980325,-1.0929512,1.7875959,1.426043,-1.1634481,-0.46216357,-0.8888788,0.44427347,0.35845542,-1.5377496,-0.5857011,-0.18755382,0.89770937,-0.23292935,-0.27400956,-1.3327482,0.56861264,0.9915064,1.6737119,-0.094062805,-0.2356468,-0.54877585,-0.9886973,0.49504837,0.68525046,0.86623216,0.401149,-0.7122206,-1.7930778,0.4836726,0.0978593,1.436869,-0.9392276,-0.09433208,0.12114767,0.8151088,-1.5154823,0.79241544,-1.142454,-2.0617974,-0.4774741,0.7104993,0.4609339,0.32944667,0.60174054,-0.13650203,-0.0008551677,-0.15325232,-0.96875906,1.0305012,-0.20245092,1.0939031,0.8356975,1.1056163,-0.3430079,0.68069535,0.5792715,0.5407229,-0.79191357,-0.040027082,0.0559029,-0.53876764,1.1941689,1.5837288,1.5013828,2.2967894,0.8277201,-1.8062719,-1.5530902,1.3568654,-1.3626152,-1.4005232,1.1279849,-0.3241745,1.639255,-0.03043654,-1.023281,1.7483796,-0.124114454,0.40031123,-0.9557082,-1.6443774,0.9240281,0.29041007,-0.6544458,-0.7077014,-0.14623086,0.5243958,-0.49994743,0.34977067,-0.15488362,0.20738792,0.49796996,2.270914,-1.8089186,0.5122177,0.648907,0.7895898,0.2784138,0.43727317,-0.6232187,0.12507418,-0.42344818,-1.5007629,-0.7482231,0.7386983,-0.49059495,0.88921565,-0.61091226,-0.06272598,-0.16828878,0.20231687,0.39311847,-0.5413298,0.658029,0.10377657,1.5542132,-0.011235793,-0.6602203,0.06733951,1.0466701,0.6743796,0.120409586,1.275015,0.97938347,0.65232486,0.12863535,0.495567,-0.9583245,-0.7277079,0.78504395,1.0337389,0.23252213,-0.06498996,0.095710136,-0.80991036,-1.0002084,-0.05564171,-0.34229696,-0.62618,-0.7531032,-1.039226,-1.3270878,0.13937287,-0.0814899,0.30205062,-0.40251338,-0.5791816,-1.0773501,-0.3923817,0.3743269,-0.6978343,-0.26034895,0.19138075,-0.6518516,0.5630148,0.067208536,0.12899725,0.3411901,1.7051458,-2.2374773,0.106061876,-0.030865088,1.3757949,1.4102997,0.17345153,0.6679542,-0.06930354,0.4520494,-1.0999559,0.42522165,0.1320569,-1.1260191,0.72952706,-0.15670988,-0.22661437,0.51200897,-0.6776462,-0.74923277,-0.4044098,0.2846308,0.18595378,-1.4243714,1.294496,-1.5064324,2.4237568,-1.3911524,-0.9180832,-0.6520056,-0.6434149,-2.0488877,0.9594095,-0.058226556,0.25958577,0.6159416,0.06005004,-0.58305067,0.4604212,0.22026478,0.504864,0.23012698,0.9909446,-0.44819593,-0.90432024,0.7872486,1.0720978,-1.3784132,-1.4974192,-1.1129756,-0.19996941,-0.10040462,0.8997002,-0.6119071,0.86703604,-0.062444746,-0.26821464,-1.443937,-0.5732079,-0.17110819,-0.36412156,-0.44942483,0.0030095775,1.2510599,-0.7339693,-0.44755045,0.2825674,-1.3365148,0.2652111,-0.6775953,2.3745832,0.6703579,0.062408645,0.40391207,0.30474588,-0.57003206,-0.2301656,0.6903859,-0.408672,1.2710401,-0.02369307,-0.43240476,1.668582,0.30194715,-0.73735684,-0.38747612,-0.31576696,2.3752832,0.96952206,-0.4676524,-0.95957786,-0.03654592,-0.94481736,-0.259144,-0.33354887,0.49230364,0.63055646,1.2065936,0.026661992,-1.5120281,-0.7176173,-0.15044959,1.2376987,1.0935354,1.7742726,1.2922101,0.16496496,-1.2052073,-2.3507843,1.238687,0.5890631,0.7445266,0.7092261,-1.1024051,0.12857239,0.44148242,-0.13610063,-1.2871614,-1.52099,1.5463926,0.058927435,-0.097914994,1.4615455,-0.16166441,-1.1316351,-0.066991135,0.7332651,-0.272378,-0.37379262,-0.28869343,0.8142319,-1.5886863,0.7087167,1.1530622,0.5764126,-0.92161316,0.058187526,0.6208541,0.55359644,-1.691606,-0.73901343,0.07234616,0.11727643,-0.8239077,-0.51018953,0.90447116,-1.671875,0.12051735,-0.82567316,0.35429928,0.031717658,-0.5266482,-1.333907,-0.16550653,-0.53678674,-2.0111196,-1.3611614,-0.13499133,-0.6668952,-1.6810404,1.7387387,1.693808,-1.2390678,1.1474162,-0.13810985,-0.44090667,1.2905601,0.20008601,-0.922435,0.44207034,-1.1474018,-1.2528776,-0.6125089,-1.37571,-0.21772961,0.21133076,-1.7937313,-1.2091795,-0.009771069,1.3661466,-1.6113967,-0.21370006,-0.5701756,0.28451678,-0.148576,0.4378259,-0.074920334,0.6039847,-0.9403382,-0.78098327,0.7608307,0.34223923,-0.015396093,-0.07591158,0.54195756,-0.5209008,0.09739798,1.341011,-0.16049382,0.17811656,1.0128192,0.19448237,-0.9312678,0.69504005,-0.3513446,-0.18858616,0.60356426,-1.6270431,-0.7925863,1.0738012,0.3119129,-1.5773429,-0.902715,0.71634966,0.8120944,-0.16544805,1.008128,1.283991,1.1587492,0.9173371,1.2131343,-0.27508265,-0.79235864,-0.76358217,-0.30368683,-0.6707838,-0.3505628,0.60670716,1.0649177,2.4797869,-0.83465844,-0.15156996,0.3272252,-1.3981167,-1.9089383,0.1350153,0.4828764,-1.6425462,-0.40348935,-0.13969241,-1.077339,0.3565092,-2.0828788,-1.4472189,-0.2028913,0.32426515,-0.640237,0.0017895103,0.11698375,-0.2508658,-0.6787467,1.2569035,1.7245532,1.1990565,-0.090441756,-1.1585497,0.43353617,-0.00026424727,-0.7729903,0.8436087,-0.12621145,0.09947579,0.09010786,-0.5974985,-0.6711342,-0.019837808,0.08542255,1.401629,1.1429843,-0.63582844,-0.75537205,-0.6153566,2.2491791,-0.65075153,-1.1992317,0.5485312,1.8670315,-2.2154772,-0.41851464,-1.1061126,-0.08100998,-0.4875735,0.61160165,0.90494967,0.53505224,0.7393236,1.5561901,-0.55819553,-0.08709443,-0.3429654,0.10413241,-0.2518219,0.45749903,-2.1432078,1.1945521,-0.2047141,-1.7635819,-0.20981455,0.92146057,-0.9878245,0.31981272,-0.7049001,1.0650845,0.046705037,-0.66935825,1.2841641,2.6667817,-0.7244541,-0.32590806,0.6645176,0.5694273,-0.83770674,0.34064198,2.5217173,-0.4334599,0.46420315,-1.2788194,-0.021470765,-0.17469697,0.3109549,-0.24758233,-0.27228788,-0.91677785,-0.10179492,1.2788495,-0.938247,1.3916677,0.2877538,0.86450666,0.61957103,-0.26030752,0.13929585,0.5764445,-0.28497544,-1.263232,-1.863547,0.59955174,0.12256106,-0.09047008,-0.22382973,1.1867491,0.90984386,1.4693478,-1.0322732,-0.7741285,0.87926716,0.933853,1.1467515,-1.4587339,-1.2973026,0.8768168,1.9105821,-0.0921312,0.42346087,-0.7922115,-0.72785467,-1.6820936,1.2419026,1.0239425,-0.36162925,1.4188732,0.31198028,0.27359518,0.57180595,-0.54359055,0.027498662,0.14477889,-0.63932616,0.09694453,-0.109709024,-1.040383,0.0033110182,-1.1195215,-0.073898904,0.15493503,1.0672225,-0.46872163,0.16684724,-0.4617488,0.39576635,0.41175976,0.6101897,-0.0769107,-0.7003949,-0.5520017,2.6460707,0.122011304,-0.58448195,-1.8190905,-0.113354124,0.09015235,0.7685484,-0.5232315,-0.031901043,0.07098337,-1.2438644,0.3869612,-0.99579746,-0.34555873,0.13104089,0.91841096,-0.45220277,0.57785404,-1.5962567,0.5902784,0.15209453,-0.9237259,0.05951345,0.70626855,-0.071840346,1.9184667,1.2204374,0.9238933,0.039680272,1.357453,0.9962972,0.21900226,-1.3522452,-0.78593737,0.5880708,0.61439854,0.013706073,-0.08994586,-0.14772011,0.26639384,-0.49889064,1.5598459,-0.71506166,-0.6550241,-0.54361373,-0.38578054,-1.3990456,0.14837457,-1.0663673,-0.2883444,-1.1997794,0.3591207,-1.1708387,-0.12044003,0.7503779,-0.95975924,-0.21940804,0.9042719,0.28748414,0.6595742,0.9596875,0.53427976,-1.1930876,0.4588684,-1.5644878,-1.3748554,1.045705,-0.9340949,0.11092973,0.45057884,0.6821289,1.4587451,0.8613219,-0.040744454,0.43547383,0.6229344,-0.0069984845,-0.10509038,-0.53798395,0.06778779,0.7424476,0.5797808,1.1551334,-1.2059466,0.1747814,0.32410607,0.2700264,0.100130975,0.56795675,-0.3804165,-0.005928993,2.0261536,0.88270664,-0.643918,,,,,,,,,,,,,,,,,,,,,,,,,,,,,,,,,,,,,,,,,,,,,,,,,,,,,,,,,,,,,,,,,,,,,,,,,,,,,,,,,,,,,,,,,,,,,,,,,,,,,,,,,,,,,,,,,,,,,,,,,,,,,,,,,,,,,,,,,,,,,,,,,,,,,,,,,,,,,,,,,,,,,,,,,,,,,,,,,,,,,,,,,,,,,,,,,,,,,,,,,,,,,,,,,,,,,,,,,,,,,,,,,,,,,,,,,,,,,,,,,,,,,,,,,,,,,,,,,,,,,,,,,,,,,,,,,,,,,,,,,,,,,,,,,,,,,,,,,,,,,,,,,,,,,,,,,,,,,,,,,,,,,,,,,,,,,,,,,,,,,,,,,,,,,,,,,,,,,,,,,,,,,,,,,,,,,,,,,,,,,,,,,,,,,,,,,,,,,,,,,,,,,,,,,,,,,,,,,,,,,,,,,,,,,,,,,,,,,,,,,,,,,,,,,,,,,,,,,,,,,,,,,,,,,,,,,,,,,,,,,,,,,,,,,,,,,,,,,,,,,,,,,,,,,,,,,,,,,,,,,,,,,,,,,,,,,,,,,,,,,,,,,,,,,,,,,,,,,,,,,,,,,,,,,,,,,,,,,,,,,,,,,,,,,,,,,,,,,,,,,,,,,,,,,,,,,,,,,,,,,,,,,,,,,,,,,,,,,,,,,,,,,,,,,,,,,,,,,,,,,,,,,,,,,,,,,,,,,,,,,,,,,,,,,,,,,,,,,,,,,,,,,,,,,,,,,,,,,,,,,,,,,,,,,,,,,,,,,,,,,,,,,,,,,,,,,,,,,,,,,,,,,,,,,
コ,-0.0340031236410141,0.8183595538139343,0.2433686256408691,-0.5561447143554688,0.2802871465682983,0.6069374680519104,0.6057878136634827,-0.6498515009880066,-0.5274603366851807,-0.087485633790493,0.5277066826820374,-0.1518214493989944,-0.3976146578788757,0.0472632050514221,0.2966916859149933,-0.4141279458999634,0.2939834594726562,-0.0302294623106718,0.0346110872924327,-0.2148605436086654,-0.4736972749233246,-0.9393248558044434,0.1819484978914261,-0.0629787817597389,0.1376109272241592,-0.5495492219924927,0.0773554146289825,0.3990333676338196,0.2394121438264846,-0.1204172298312187,-0.0343516841530799,-0.6025769710540771,-0.1766440719366073,-0.5221533179283142,-0.0869409441947937,-0.2001602947711944,-0.1847722381353378,0.1021099090576171,-0.2839568257331848,-0.4356396198272705,0.0691074132919311,-0.1340977698564529,-0.4789541661739349,-0.0677442923188209,-0.0704328864812851,0.5955693125724792,-0.1120096072554588,0.5034266710281372,0.4221847057342529,0.2600983679294586,-0.282476395368576,0.2817046046257019,0.487569510936737,0.3008280992507934,0.0540202818810939,-0.1705782115459442,-0.0220259428024292,-0.1351057589054107,-0.2677259445190429,0.0610149316489696,-0.6938619613647461,-0.1240047886967659,-0.0449293702840805,0.2433164864778518,-0.3293831646442413,0.2824154198169708,-0.2802900969982147,-0.050543013960123,-0.0480194613337516,-0.6974805593490601,0.3621856570243835,-0.186056300997734,-0.3159201443195343,0.0936432480812072,1.1232609748840332,-0.3044705390930176,0.3986206948757171,-0.6243464946746826,0.4297222197055816,-0.0946053937077522,-0.4320188760757446,0.4253063797950744,-0.2564952373504638,-0.5731629729270935,-0.1995331346988678,0.5594104528427124,-0.8605560064315796,-0.8517721891403198,0.7521985173225403,0.0316954106092453,0.1146657839417457,0.1722393482923507,0.2203297615051269,0.3439126908779144,0.1820033937692642,-0.3973152339458465,0.2981396913528442,0.0717239156365394,-0.0453803241252899,0.6213529109954834,-0.547691822052002,-0.3270001113414764,0.1197584271430969,0.1090586930513382,0.2521000504493713,0.060041069984436,-0.5943869352340698,0.5301752686500549,0.1436663419008255,0.356762558221817,-0.1056319326162338,-0.5691098570823669,-0.5391380190849304,0.1870022118091583,0.2958047986030578,-0.1872135549783706,0.0966304689645767,0.3558715283870697,0.1035567373037338,0.6967304348945618,-0.1131389886140823,0.5107061862945557,-0.0445971302688121,-0.2875761985778808,-0.1721107810735702,-0.1586776822805404,0.6383427977561951,-0.5430346727371216,-0.2401546984910965,-0.6306242942810059,-0.1484814137220382,0.3846207559108734,-0.8772335052490234,0.1549317687749862,-0.3266439139842987,0.6349375247955322,-0.2287134975194931,0.5758288502693176,-0.507465660572052,-0.6152151823043823,-0.1733145117759704,0.1262280941009521,0.7106241583824158,-0.8495229482650757,0.0233728121966123,0.1522354930639267,0.0007958691567182,-0.1546593308448791,0.7762715220451355,0.4533135890960693,-0.0208476968109607,0.6053337454795837,-0.7553942203521729,0.1840923428535461,-0.1235842183232307,-0.0977719277143478,-0.4354102313518524,0.6226243376731873,0.0795721709728241,0.9358035922050476,0.179002583026886,-0.3639645874500274,0.2905438840389251,0.8882123231887817,0.1021220088005065,0.3869930505752563,0.6231674551963806,0.2506987750530243,0.5901870727539062,0.8353998064994812,-0.0245349071919918,0.6254921555519104,0.3349493741989136,-0.4877169132232666,0.1490896791219711,0.5924546122550964,0.5168889760971069,-0.0316922403872013,0.1873729079961776,-0.3480761051177978,-0.300012856721878,-0.1274639964103698,-0.3677489459514618,-0.5244307518005371,0.5279595851898193,-0.6383877396583557,0.0331762693822383,0.2402998059988021,0.0682033598423004,-0.0742740109562873,-0.1411427557468414,-0.3529611527919769,0.2400992959737777,-0.6403679251670837,-0.444272518157959,0.2436493933200836,-0.4155641198158264,0.1550244241952896,0.2128624022006988,0.2951393127441406,-0.1171310693025589,-0.1791588515043258,-0.4974051117897033,-1.40239155292511,-1.1121594905853271,0.201140746474266,0.2422089576721191,0.0974566042423248,0.1299090832471847,0.1414601802825927,-0.2572685778141022,0.0215118564665317,-0.0061117275618016,-0.0877538472414016,0.3592338562011719,-0.0725206136703491,-0.8138288259506226,-0.0657663121819496,0.4472335278987884,-0.0912438035011291,0.3201605081558227,-0.3822491466999054,0.2720367312431335,0.0585039779543876,-0.4547987580299377,0.3145098686218261,0.2304123640060424,-0.4066919684410095,-0.0803591907024383,0.4826646745204925,-0.2941773235797882,-0.5430424213409424,-0.927678406238556,0.1456206887960434,-0.3890388607978821,0.2608943581581116,-0.3139927685260772,0.3506138324737549,-0.2995033860206604,0.4876782894134521,-0.1009906381368637,-0.5688871145248413,-0.0237294547259807,-0.2468496859073639,-0.016034360975027,0.4771899878978729,0.0960796624422073,-0.2209601998329162,-0.721571147441864,0.1237160265445709,-0.8587709665298462,-0.3702521622180938,0.2084938287734985,-0.125054270029068,0.8561576008796692,0.3545325398445129,0.098218947649002,-0.1303649991750717,-0.0967959985136985,0.035430796444416,-0.485871285200119,-0.5665261745452881,0.0779870674014091,-0.2448350489139557,0.2387376874685287,-0.1702984273433685,-0.0843780785799026,-0.7326935529708862,-0.7162457704544067,-0.3566745221614837,-0.0507580563426017,-0.1114444211125373,-0.3715841174125671,-0.3268958330154419,-0.395800918340683,0.3832271993160248,-0.1375539153814315,0.6400394439697266,-0.3324882686138153,0.4136174321174621,0.0378613770008087,0.5311905741691589,-1.2227998971939087,0.2423387318849563,0.2643733024597168,-0.090776652097702,-0.2555358707904815,-1.0790878534317017,-0.3856020867824554,0.4622474610805511,0.1391490399837494,-0.3347684144973755,-0.1343449801206588,-0.0755908712744712,-0.3671323657035827,-0.1547251641750335,-0.1537169814109802,0.1455210745334625,-0.0318582169711589,0.4836118817329407,0.2976148128509521,0.1736702173948288,0.2587470710277557,-0.4899360239505768,-0.5400435328483582,0.0129702212288975,0.132869467139244,-0.1389400362968444,0.6009823679924011,0.0774345844984054,-0.0049581113271415,1.1982955932617188,-0.753678023815155,-0.1699552088975906,1.047492265701294,0.021575316786766,-1.3781263828277588,0.2430467307567596,0.5067936778068542,0.1910175383090973,-0.1753830164670944,0.8416633009910583,0.1722878515720367,0.2553046941757202,-0.4198486804962158,-0.4210230112075805,1.1585345268249512,0.2639740407466888,-0.5317935943603516,-0.2449529320001602,0.7173960208892822,-0.1825700849294662,0.460462361574173,-0.2998168766498565,-0.4181250631809234,0.3802643716335296,-0.3565736413002014,-0.097490444779396,0.0203913953155279,-0.3031749427318573,-0.7905824184417725,0.4337897896766662,-0.1926117241382599,0.5280560255050659,-0.7425007224082947,-0.2979576289653778,0.4027956426143646,1.205311298370361,0.6395196318626404,0.6795264482498169,-0.2822528779506683,0.0215375516563653,0.7731603980064392,0.0630646646022796,0.4176326096057892,0.1847046464681625,0.1459806710481643,-0.4251129627227783,0.9144890308380128,-0.1272546201944351,-0.4637171030044555,0.3191159069538116,0.5118274092674255,0.6511702537536621,0.0109212165698409,-0.2184841930866241,0.4718876779079437,0.0835557430982589,0.7722237706184387,0.9567552208900452,0.6269862651824951,0.0676405504345893,0.2783718705177307,-0.2525599300861358,0.7704999446868896,-0.5130504965782166,0.0404873602092266,0.1691445857286453,-0.0506784245371818,-0.4096050262451172,-0.7896668910980225,-0.0951197668910026,-0.190251737833023,-0.4232967793941498,-0.4163311719894409,-0.904510736465454,-0.8187723755836487,0.2476653605699539,0.4802009463310241,-0.7863510847091675,0.1253589242696762,0.2823011577129364,0.3999513387680053,-0.5533230900764465,-0.2056994438171386,0.2420236021280288,-0.4316062927246094,0.1183766797184944,0.1866742670536041,0.4331836402416229,-0.4527700841426849,0.0833026096224784,-0.4700226187705993,-0.2195780426263809,-0.930724024772644,-0.6145902276039124,-0.48273366689682,0.0883011817932128,0.2604240775108337,0.4405651688575744,0.1609053760766983,0.4128524363040924,-0.2534724175930023,0.0670503824949264,-0.1848768293857574,-0.4453849494457245,-0.1389960646629333,0.467279851436615,0.2476060837507248,0.631031334400177,0.1701588481664657,0.5189031958580017,0.0359810627996921,0.0001593940833117,0.0637744069099426,-0.0433488115668296,-0.3509524762630462,-0.3590390086174011,0.6874834299087524,-0.1527695059776306,-0.1093897968530654,-0.032236274331808,-0.0438390485942363,0.7215205430984497,-0.0634018927812576,-1.1009061336517334,-0.1578927338123321,0.3412964046001434,0.086253210902214,0.3658733069896698,0.3955022394657135,1.095646858215332,-0.2067486047744751,0.2040024846792221,0.5863773226737976,-0.0785374492406845,0.7585672736167908,-0.0316875278949737,-0.2848192453384399,-0.3171622157096863,0.1475665122270584,0.6658414602279663,0.0679170861840248,-0.1075601354241371,0.2487683594226837,0.4160451889038086,-0.2993917167186737,-0.1975582689046859,0.3300756514072418,-0.0990340039134025,-0.6717370748519897,-0.3461562693119049,-0.5350250005722046,-0.6363522410392761,-0.1347622871398925,0.3775000274181366,0.2809948623180389,-0.0043147327378392,0.4331027269363403,-0.6108114719390869,-0.6757115721702576,-0.4988411366939544,-0.949790060520172,0.3834239244461059,-0.204540878534317,0.566437304019928,0.56732177734375,0.051968615502119,-0.5260674357414246,0.2733159363269806,-0.1199569478631019,0.437942624092102,0.8928155899047852,-0.3022160828113556,-0.1618416905403137,0.4910007119178772,-0.1365165412425995,0.6803961396217346,-0.2313521206378936,0.173795685172081,-0.3022543787956238,-0.0317599214613437,-0.0861420556902885,0.1398086249828338,0.0332722030580043,-0.5364129543304443,0.8430767059326172,0.1158542856574058,-0.3748884499073028,-0.4092483222484588,-0.6426430344581604,-0.1108079925179481,0.4495895206928253,-0.7456057667732239,0.0217578317970037,-0.6096863150596619,0.1936643421649933,0.6532236933708191,0.8423157334327698,-0.693938136100769,0.4560171663761139,0.1893327087163925,0.0764791220426559,-0.1876739710569381,0.2293040305376052,-0.3870456516742706,-0.3213069140911102,0.0400711372494697,0.5270309448242188,0.1770189553499221,0.6846286058425903,-0.5615328550338745,-0.8350558280944824,-0.0550360083580017,-0.2283198535442352,-0.6278354525566101,0.3529067635536194,0.0703449323773384,0.2998480200767517,-0.5315501093864441,0.21905018389225,-0.7149791717529297,0.5290278196334839,0.3577248752117157,0.1506180614233017,0.0988623574376106,-0.747942328453064,-0.1628214567899704,-0.4417280256748199,-0.9568366408348083,0.463358998298645,0.4129658639431,-0.8096800446510315,0.0292298663407564,0.4387030601501465,0.5181941986083984,-0.6921684741973877,-0.5763434171676636,-0.3937412798404693,0.0918499454855918,0.4852310121059418,0.2012185007333755,-0.0292095225304365,0.0014059082604944,-0.3015966713428497,0.1659068763256073,0.5815778374671936,0.6984782814979553,0.6661532521247864,0.093969352543354,-0.0294664017856121,0.1551216542720794,-0.7050092220306396,0.0515378005802631,-0.2038450837135315,-0.1349681764841079,-0.0561633892357349,0.9253513216972352,0.5316236019134521,-0.4030947983264923,-0.1510088890790939,0.9344865679740906,0.4135709404945373,0.8285344243049622,-0.4161840379238128,-0.179562360048294,-0.4568018615245819,0.4439434111118316,0.1185143068432807,-0.2827330231666565,-0.0111502949148416,-0.1118798106908798,-0.3399610817432403,-0.2813072800636291,-0.3189838528633117,0.275723248720169,0.0629651471972465,0.2881417572498321,0.1762231439352035,-0.262073814868927,0.4365310370922088,-0.249325543642044,-0.4775751829147339,-0.189346969127655,0.4378216862678528,0.1738985180854797,0.7869111895561218,0.2153527587652206,0.2706262767314911,-0.3228563368320465,-0.9982818961143494,-0.3618471026420593,0.3107124865055084,0.3703764379024505,0.7742481827735901,-0.7681684494018555,-0.5580154061317444,0.1159905046224594,0.2893818616867065,-0.0541180036962032,0.0931880623102188,-0.9020599722862244,-0.3801321387290954,0.1893595606088638,-0.6947675943374634,0.3493660092353821,0.2778467833995819,0.1849676221609115,-0.2186990082263946,-0.4491661489009857,0.0659638345241546,0.5699921250343323,-0.1784543246030807,-0.5488167405128479,0.3589185774326324,-0.0475102439522743,-0.0517831854522228,0.153852641582489,0.1201682537794113,-0.0557288192212581,-0.0342426635324955,0.1678056418895721,-0.4462345242500305,0.0553899183869361,-0.2601107358932495,0.395022451877594,0.0024176747538149,0.2881033718585968,-0.1590177863836288,-1.040870189666748,0.0851010456681251,-0.0117336260154843,-0.4974397718906402,-0.3010345697402954,-0.2175718694925308,-0.3181649446487427,-0.0154365450143814,-0.1197224855422973,-0.2467281967401504,0.3238625824451446,-0.317559152841568,0.5852050185203552,-0.12265095859766,-0.6328884363174438,0.3056196570396423,0.3998624980449676,-0.3827398121356964,-0.8353005051612854,0.3577028810977936,0.4121659100055694,0.4390000700950622,-0.0357071831822395,0.0517107285559177,0.1340836137533188,0.3389334678649902,0.4900949597358703,-0.6081032156944275,0.5324382781982422,-9.796019554138184,-0.3710661232471466,-0.6012843251228333,-0.3195273876190185,-0.3207091391086578,-0.058256696909666,1.07630455493927,0.0674293786287307,-0.1247841790318489,-0.1629563421010971,-0.0872951075434684,-0.0150995729491114,0.490367978811264,0.8817635178565979,-0.6942055225372314,-0.5374621152877808,-0.071591280400753,-0.3044888377189636,-0.4261961579322815,-0.1006945148110389,0.0400756448507308,-0.2514041364192962,1.0619125366210938,-0.0617653802037239,-0.338840126991272,-0.3505962789058685,0.1020156890153884,-0.0128545742481946,-0.2467370778322219,0.8902862668037415,-0.7341428995132446,1.4908009767532349,0.1811008304357528,-0.095840536057949,-0.2637326717376709,0.078388825058937,-0.0842657387256622,0.383993536233902,-0.6185378432273865,0.5441694855690002,0.1768823564052581,1.0294491052627563,-0.2234426140785217,-0.123551994562149,0.535986065864563,-0.0185154695063829,0.4372779726982116,0.1871225237846374,0.2563006579875946,-0.169576495885849,-0.1905618011951446,-0.4083457291126251,0.147109717130661,-0.1906646192073822,0.1804751604795456,-0.1623864918947219,0.6506508588790894,-0.6856341361999512,0.0207714401185512,0.0801436305046081,0.5251412391662598,-0.1489992588758468,0.5699613690376282,0.6552631258964539,-0.4029736816883087,0.0719710811972618,0.2270816564559936,0.0152651006355881,-0.5923919677734375,-0.2474207729101181,0.2751559019088745,0.0559971444308757,0.0935863703489303,0.3795277774333954,-0.3104695081710815,0.5262947082519531,-0.1554690450429916,-0.3090550303459167,0.7421126365661621,0.3248776197433471,1.0074902772903442,-0.1159013956785202,-0.0603499189019203,0.1926866769790649,-0.8887192606925964,0.4231337010860443,-0.1655093878507614,0.3203942477703094,0.579544723033905,-0.6267620921134949,1.0005608797073364,0.0516397580504417,-0.056191861629486,0.2780204117298126,-0.0257949437946081,-0.1430043429136276,0.6821844577789307,0.556321382522583,0.535772442817688,0.1373044699430465,-0.82365555,-0.651668,0.8812904,1.0606202,-0.9815724,-0.3170679,-1.2009816,0.6605971,1.190976,0.23121051,0.8818365,-0.07104259,-1.5243737,1.7408928,-0.93466127,-0.044800747,0.7606548,-0.85379046,0.49209645,-0.46074668,0.49728438,0.5113443,0.51223284,-0.78627753,0.62943065,0.6590139,0.871937,-0.27379856,-0.7215942,-0.80254483,-0.13147981,-0.53485614,-1.2710369,0.046176758,0.07749357,-1.2498454,-1.4866349,1.4073638,0.445891,-0.76558805,-0.82718223,0.7841796,-0.30760807,-0.13335036,-0.92600995,-0.04407259,1.833001,-0.77644557,0.6138529,-0.31916246,-0.80346245,-0.7803678,0.7577393,0.8872436,0.60452074,-0.33680457,1.590047,0.89696795,-0.0087245675,-0.17465967,0.5661916,0.7501209,-0.9657589,-0.3868538,0.0027446747,0.40293607,-0.051119264,-0.026531285,-0.27548707,-0.18674232,-2.7441645,-1.2636573,-0.08136208,1.4207879,-1.6090629,0.80065197,0.1553053,-0.5352097,0.04771403,-0.011091598,0.17181511,-0.15123512,-0.9762438,1.5666133,-0.71893287,-0.9212681,-0.4002841,-0.2216669,-1.0871571,-0.3047222,-0.28966764,-1.2663045,-1.213495,-1.0449008,1.3849273,0.7786077,-0.84428555,-0.6968699,-0.97533303,0.07972005,0.17757465,1.3268429,0.33418262,-0.28194416,-0.6072015,-0.104222566,-0.7911651,-0.695711,-0.9190052,0.78834033,0.3432196,0.17259575,0.62872964,1.4611527,0.51025546,0.7858515,-1.2220585,-0.67852765,-0.47170886,0.302367,1.3134354,0.7558098,-0.46543893,0.4544523,0.37890205,0.96624887,-0.11780427,-1.3542882,0.7374752,0.06800128,0.61719537,0.059088122,1.9126607,0.85517997,-0.7327003,-0.48713914,-0.1419575,-0.07180267,0.6137602,-1.1114358,-0.7361628,0.39697856,-0.13552113,-0.16834843,0.3457465,-1.427067,-0.26104563,0.69489044,1.2931876,-0.030992009,-0.57104486,-0.0778913,-1.5111363,0.64288324,0.8119246,-0.2488624,-0.13403116,0.2002348,-1.5529794,1.0402417,0.19932708,1.3617678,-0.89900786,0.7076433,-0.28762266,0.68582374,-0.6915134,0.7584724,-0.67719376,-2.3635929,-0.23483244,-0.1619424,0.5107012,-0.19195333,0.9253469,0.02549638,0.44124278,0.4885585,-1.1906098,-0.3964966,1.2338268,1.1222371,0.17376895,1.0175291,-0.06744054,0.51639354,0.85215384,0.1829845,0.7333874,0.34062064,1.148094,-0.5172604,0.92291075,1.0850348,0.2752625,2.8161058,0.47297952,-1.3719872,-1.3130696,0.68455493,-2.4078667,-0.2403964,0.994005,-0.9968573,1.2319119,-0.7869514,-0.70063496,1.95392,0.6776664,-0.27217248,-1.3081971,-1.12836,1.0233992,0.7787186,-0.6831732,-0.029519262,-0.88289696,0.21236196,-0.54172194,-0.40932038,0.68078554,0.7288418,0.10796937,1.2053856,-1.017766,0.57317036,0.31628993,0.029069273,0.3266174,0.98069865,-0.7822674,0.039404597,0.3887584,0.01413393,-0.20882533,0.44080213,-0.8443504,0.5488458,-0.53947014,0.9591934,0.6964554,-0.62636083,0.26943457,-0.15494885,0.35511786,0.54381716,1.653403,0.086707585,-1.899282,-0.27395737,0.1518084,0.90391296,0.24337345,0.30096978,0.25281554,1.1564248,-0.7597616,-0.20566677,-0.142033,-0.7774668,-0.1521299,0.8578047,-0.042320512,0.3156978,0.621746,-0.47622302,-0.5840838,0.18969522,0.10388739,-0.6561478,-1.0393742,-0.3388012,-0.82725143,0.04642389,0.4807932,0.4207605,-0.5501198,-0.8891338,-0.8580027,0.62507683,0.46886024,-1.7718651,-0.37057418,0.20925118,-0.9939962,0.51908046,0.1579108,-0.3865491,0.3472195,0.15906054,-1.4239964,1.024236,0.0502882,0.6177507,1.497055,0.36857405,0.7257498,-0.9058943,0.10815337,-0.66359735,0.7181249,1.0306993,-1.6304673,1.0356637,-0.28827915,-0.053346936,0.9648821,-1.1275911,-0.3963982,-1.0100344,-0.33053005,0.13387758,-1.1182042,1.8298893,-2.2024584,1.3341855,-1.8428655,-0.6637289,-0.6355687,-0.44803226,-0.8887646,0.31095144,0.39420307,0.061114874,0.7570652,0.13210902,0.6431573,0.36681166,-0.07462576,1.012956,-0.5499607,0.5261735,-0.4545554,-1.5415069,-0.10790727,0.44016913,-1.2714014,-1.6125058,-1.2707664,-0.42666942,0.2385752,-0.4565647,-0.5195742,0.82693404,0.020331202,0.4368206,-0.8983391,-0.36952618,0.034846965,-0.7045364,1.2056572,-0.21236585,1.7028114,-0.8626618,-0.16062517,0.42031717,-1.611552,-0.03541359,-0.28415927,2.4644818,0.8342645,0.535297,0.57427645,0.15610442,-0.27825707,-0.7529854,1.3500602,0.11402548,1.6968608,0.20959467,-0.46365222,1.3416559,-0.026355237,0.7294969,-0.27063796,0.01761297,1.7394828,-0.6479093,-0.6375315,-0.21770297,-0.55983,0.13370359,-0.021934606,0.5684887,-0.15108316,-0.23713733,0.34222806,0.71555656,-0.6519214,-1.0647799,-0.53907573,0.52958083,1.2408655,1.3090887,1.3378943,-0.20693849,-0.74094045,-1.8129894,0.4930215,1.4891155,0.3958535,0.28071633,-1.9023296,0.015498374,0.34973052,0.28955027,-1.3498837,-2.160185,1.5733734,0.21306819,0.44352627,1.6438054,-0.8162424,-1.5074121,-0.50319344,0.118108265,-0.11312315,-1.1742519,-0.9288315,0.24198523,-0.2576075,0.9656961,0.7384905,0.4921068,-0.042601462,-0.47534636,0.6228628,0.30095392,-0.746845,-0.17581724,0.01905554,0.686736,-1.1759392,-0.46781385,0.658396,-1.5562291,1.0231062,-0.518383,-0.5961194,-0.19442296,-0.05488311,-0.8757389,-0.38612902,0.39600745,-0.8060099,-0.31135476,0.49908486,-1.3768624,-1.6004115,0.7797231,1.0400819,-0.5497203,0.3072664,0.12649857,0.21541305,0.98375183,-0.19956042,-0.3151872,0.35312176,-0.16095506,-0.049503695,-0.46450233,-1.0927539,-0.4624337,0.5726796,-0.9594543,-1.46699,1.3073733,0.536275,-1.5166005,-0.8317373,-0.373936,-0.07488176,1.0358667,0.73649216,-0.020392103,-0.25886318,-1.1674241,-0.047451723,-0.11027488,0.45551187,-0.12764746,0.0020065417,0.64476,-0.26286522,0.5581688,1.728043,0.2940013,1.4962605,0.74138314,0.21275502,-0.3329825,0.6871999,-0.32321495,-0.16793953,0.4701587,-1.1006427,-0.8837355,1.3778017,-0.28633377,-0.7322226,0.038594987,0.5210481,-0.4096389,-0.08324638,-0.023377614,0.8121006,1.3502607,0.9143463,1.9329823,-0.21515575,-0.46242064,-0.73933786,0.6559862,-1.0593438,-0.8563047,-0.07884314,0.46323213,1.7954608,-0.23739034,0.19360285,0.80396175,-0.558748,-0.7918754,0.4969065,0.06419512,-0.3570433,-0.5100756,0.42169076,-1.0459214,0.25635493,-1.7888477,-0.3516326,0.62539154,1.2774665,-0.3303385,-0.06559204,0.41689977,0.42660636,-0.9632799,0.34446442,0.8794769,1.6769189,-0.24074847,-0.7728264,0.2167493,-0.39987162,-1.515876,-0.58815867,-0.9042099,-0.63362306,-0.29053062,-0.67309344,-0.08172125,-0.8978962,-1.0419142,1.62477,-0.045017913,-0.26858097,0.42383578,-0.52577597,0.9487356,-0.32698068,-0.3183988,1.5937524,0.29878682,-1.4932214,1.000044,-1.128763,0.965321,-0.43561012,0.91537076,1.3062527,0.5666185,-0.49087754,1.1960162,-0.6501933,-0.15318123,-0.08550046,0.17336746,-0.3724368,0.38899457,-1.827322,1.1764697,-1.4163917,-0.6587349,0.2210237,0.36704272,-0.6105306,0.15896544,-0.04496543,0.6380072,0.4765031,-1.1154498,0.6948815,1.4260477,-0.122810036,-0.39443034,0.7107058,0.4475737,-0.17135221,-0.35004106,2.6974561,0.43374503,0.8938322,-1.1142055,-0.80752474,0.8175595,-0.12644096,-0.8214525,-0.28624228,-0.25728142,-0.16117412,0.028104436,-0.24025597,0.80267406,-1.0373755,0.040115595,0.5535853,-1.0910873,0.01726417,0.3773717,-0.57448447,-1.3316334,-1.0839782,0.69922787,0.44933814,-0.7454935,0.22774944,0.9030745,1.4729937,0.47168502,-0.09233482,-0.80264974,0.7178636,0.74604183,0.41274613,-1.0190719,-1.1115122,0.4907256,1.2242805,-0.74851793,0.72911125,-0.020922394,-0.103103496,-2.1178248,1.0102563,0.20455465,0.11738289,1.3866757,0.099550106,-0.338802,0.6282814,0.20624639,0.113779716,-0.20575331,-0.5074672,0.29283288,0.45157182,-1.1448928,0.046828452,-0.5007144,0.30977523,-0.031527076,0.18883686,-1.9230092,0.51685333,0.31714946,0.9228437,0.50408643,-0.12266078,-1.4172406,-0.45895272,-0.24016008,1.2926838,0.9350261,0.1863275,-0.8561625,-0.0032659986,1.268491,0.60163605,-0.5232165,-0.07810461,0.40137765,-0.5475065,-0.31921422,-0.9130257,-0.5806898,0.3793335,0.2953761,-1.0465151,1.2326839,-1.9608706,0.73436475,-0.07383892,-1.2059213,0.19262919,0.03126712,-0.5944802,1.8029362,1.1429836,-0.31304082,-0.048683085,0.7177982,0.6320619,-0.4231118,0.035067845,-1.4001211,0.7444927,1.7534992,0.3367817,-1.1888108,-0.08702454,0.09774972,-0.4434987,1.5119289,-0.46625754,-0.48015127,-0.85337216,-0.45958436,-1.1742562,-0.993812,-0.4567744,-0.10389497,-1.2851621,0.2975126,-0.7558348,-1.0165652,0.38378736,-0.39513433,0.16594718,-0.36412337,1.1818055,0.2838373,0.58293706,0.5249781,-0.57053167,-0.29946867,-1.0054902,-0.3147035,0.49034497,-0.65237087,0.54546314,0.07407678,1.0750724,1.7594053,0.4356962,-1.1882572,0.8074673,-0.11121986,0.30689132,-0.004723129,-0.8604717,-0.6461406,0.34871006,0.5174558,0.994313,-1.3577291,-0.38314676,0.04738599,0.5492219,0.23878902,0.561437,0.3381613,0.36695385,1.8262309,0.874054,-0.20650972,,,,,,,,,,,,,,,,,,,,,,,,,,,,,,,,,,,,,,,,,,,,,,,,,,,,,,,,,,,,,,,,,,,,,,,,,,,,,,,,,,,,,,,,,,,,,,,,,,,,,,,,,,,,,,,,,,,,,,,,,,,,,,,,,,,,,,,,,,,,,,,,,,,,,,,,,,,,,,,,,,,,,,,,,,,,,,,,,,,,,,,,,,,,,,,,,,,,,,,,,,,,,,,,,,,,,,,,,,,,,,,,,,,,,,,,,,,,,,,,,,,,,,,,,,,,,,,,,,,,,,,,,,,,,,,,,,,,,,,,,,,,,,,,,,,,,,,,,,,,,,,,,,,,,,,,,,,,,,,,,,,,,,,,,,,,,,,,,,,,,,,,,,,,,,,,,,,,,,,,,,,,,,,,,,,,,,,,,,,,,,,,,,,,,,,,,,,,,,,,,,,,,,,,,,,,,,,,,,,,,,,,,,,,,,,,,,,,,,,,,,,,,,,,,,,,,,,,,,,,,,,,,,,,,,,,,,,,,,,,,,,,,,,,,,,,,,,,,,,,,,,,,,,,,,,,,,,,,,,,,,,,,,,,,,,,,,,,,,,,,,,,,,,,,,,,,,,,,,,,,,,,,,,,,,,,,,,,,,,,,,,,,,,,,,,,,,,,,,,,,,,,,,,,,,,,,,,,,,,,,,,,,,,,,,,,,,,,,,,,,,,,,,,,,,,,,,,,,,,,,,,,,,,,,,,,,,,,,,,,,,,,,,,,,,,,,,,,,,,,,,,,,,,,,,,,,,,,,,,,,,,,,,,,,,,,,,,,,,,,,,,,,,,,,,,,,,,,,,,,,,,,,,,,,
オ,0.5296596884727478,0.2130906283855438,0.4559382796287536,-0.3788235783576965,0.0963736400008201,0.229296863079071,0.2386744916439056,0.2548413276672363,-0.0763473808765411,-0.5995948910713196,0.3987560868263244,-0.4263967275619507,0.4475667774677276,-0.2476707696914672,0.6969519257545471,-0.0656861960887909,0.0709809884428978,-0.1644545197486877,-0.0108748702332377,-0.3702743947505951,-0.7576481103897095,-0.413432627916336,0.3180697858333587,0.3614082336425781,0.053830225020647,-0.3144461810588836,0.024836154654622,0.22332763671875,-0.1629917174577713,0.0653100684285163,-0.163625493645668,-0.366718590259552,-0.2875009775161743,-0.143985703587532,-0.1412046998739242,0.7164433598518372,0.0447980128228664,-0.334321528673172,-0.048272281885147,-0.4448588788509369,0.2024504095315933,-0.0392537266016006,-0.0778143554925918,-0.4906745254993438,-0.4244580864906311,0.3569748103618622,0.1421144604682922,0.4508043527603149,0.3910716772079468,0.065802477300167,-0.2395339757204055,0.3987994194030761,0.2064034640789032,0.0377097837626934,0.5504782795906067,-0.1333968788385391,0.3774928748607635,-0.541711688041687,-0.0768055692315101,0.2613519728183746,-0.3717130422592163,-0.2485538125038147,0.521899402141571,-0.136066272854805,0.0811342075467109,0.026225758716464,-0.2150810807943344,-0.1482564061880111,0.0450063794851303,-0.7747994661331177,-0.2178253978490829,0.2925040125846863,0.3747594952583313,-0.3835846185684204,0.6918500065803528,-0.3065555095672607,0.2237822115421295,0.1153149232268333,0.2371601611375808,-0.2251027226448059,-0.3462476432323456,0.2766848802566528,0.2552945911884308,-0.7245570421218872,0.0226185377687215,0.0493616014719009,-0.4940282702445984,-0.9880563616752625,0.452703058719635,-0.3511286675930023,-0.0228992886841297,0.0741178765892982,0.2153235077857971,0.2377034276723861,0.0652189552783966,0.1718862056732177,0.1264184862375259,-0.2441621720790863,-0.2346249967813491,0.2505479454994201,0.0868691354990005,0.4093315303325653,0.32750204205513,-0.1709804832935333,-0.2634230852127075,0.0760699585080146,-0.1548914760351181,0.2174850106239318,0.2510367929935455,0.0809057801961898,-0.3745799660682678,-0.2978120148181915,-0.4654948711395263,0.2725546658039093,-0.0209189262241125,0.1435899883508682,-0.198187306523323,0.3388965129852295,-0.4349301159381866,0.6078699827194214,-0.2538466453552246,0.7915907502174377,-0.0356875881552696,0.3047783374786377,0.2150291949510574,0.5052955746650696,0.0175789315253496,-0.0272460542619228,-0.1284803003072738,-0.2572053372859955,0.0357783772051334,-0.0579200908541679,-0.6814077496528625,0.0921545028686523,-0.2537298202514648,0.9225340485572816,-0.0114336526021361,-0.0479016825556755,-0.136097177863121,-0.4668779373168945,-0.1524674445390701,-0.1324257403612136,0.2752945125102997,-0.4046907126903534,-0.1197020336985588,0.1626258939504623,-0.2094656676054,-0.4744023382663727,0.4888186752796173,0.3426395952701568,-0.391703337430954,0.8269580006599426,-0.7304170727729797,0.0575210861861705,-0.0262061338871717,0.3646568357944488,-0.7473659515380859,0.1510887295007705,0.0498598143458366,0.5594866871833801,0.0929848328232765,-0.4336896538734436,0.1997489929199218,0.3209051787853241,0.1022119894623756,0.4263670146465301,0.4947990477085113,0.234954759478569,0.1953546553850174,0.4709454476833343,0.0561673045158386,0.4962971210479736,0.0458567067980766,-0.2137681096792221,0.4985187947750091,0.2918106913566589,0.1293936520814895,0.2646268904209137,0.0680747330188751,-0.5479270219802856,-0.0365224033594131,-0.1630211323499679,-0.0103595312684774,-0.1495637893676757,0.4607514441013336,-0.16131691634655,-0.0502539128065109,0.1145083829760551,-0.2079464346170425,0.1704038232564926,0.0367571040987968,-0.262583464384079,0.3753058016300201,-0.6912090182304382,0.0999286249279975,-0.3194076120853424,-0.3274402320384979,-0.3803856372833252,-0.302856832742691,0.3924706578254699,0.0625739246606826,-0.0227741338312625,-0.1504396349191665,-0.1841774731874466,-0.8772600889205933,-0.3443240523338318,0.072902612388134,0.655198872089386,0.360122412443161,0.2266106456518173,0.0718065351247787,0.2478867173194885,0.4675061106681824,0.0748334527015686,0.1430813670158386,-0.0019422065233811,-0.2316767424345016,-0.1867131143808365,0.1263024359941482,-0.1210856661200523,0.4201357662677765,-0.0982303693890571,0.3487502336502075,-0.0542345009744167,-0.406590849161148,0.2436564266681671,0.0867293998599052,-0.3940061628818512,0.0503381453454494,0.7268115282058716,-0.2607754468917846,-0.6348714232444763,-0.4985277056694031,-0.0947990268468856,-0.6508302092552185,0.0662958398461341,-0.268383651971817,0.2855084538459778,-0.349700003862381,0.112674169242382,-0.1744929105043411,-0.4754193425178528,-0.1815786063671112,-0.2118682861328125,0.0328344888985157,0.1429506987333297,-0.0228110589087009,-0.1918207108974456,-0.51520836353302,-0.035258699208498,-0.3487142920494079,-0.4789979457855224,-0.0031026471406221,-0.5512425303459167,0.4469566941261291,0.2267684787511825,0.519576370716095,-0.0401957146823406,0.2230084687471389,-0.021178001537919,-0.0647084936499595,-0.8502422571182251,-0.1223883181810379,-0.082101322710514,-0.5005362629890442,-0.0289797261357307,0.0161732789129018,-0.4629672467708587,-0.3051377236843109,-0.4279847145080566,-0.0537696257233619,-0.4275308847427368,-0.4585559368133545,0.0507671535015106,-0.0609349831938743,0.121000550687313,-0.1441505849361419,0.4983959794044494,-0.4443674683570862,0.157625675201416,-0.6233783960342407,0.1977990418672561,-0.6939910650253296,-0.2582651376724243,0.0102615738287568,-0.2509933710098266,-0.385790079832077,0.1677277833223343,-0.4675479829311371,0.3769758343696594,0.3340494334697723,0.0589170567691326,-0.4295046031475067,-0.0234155897051095,-0.379841536283493,0.1281551122665405,0.2171487510204315,0.7272565960884094,0.2176287770271301,-0.0618875958025455,0.1726910173892974,0.4014920890331268,0.1911408603191375,0.1473643630743026,-0.1017887517809867,-0.2969529330730438,0.0840102732181549,0.055018100887537,0.6373216509819031,0.1061175316572189,-0.0175985414534807,1.0461182594299316,-0.3499410450458526,0.2470925748348236,0.49268639087677,0.2864406108856201,-1.7427469491958618,0.0124134626239538,-0.1290074437856674,0.0475340001285076,-0.2400045990943908,0.28074511885643,-0.0035546065773814,0.137170597910881,-0.459278792142868,-0.5403351783752441,0.9039117693901062,0.2878541350364685,-0.0093382988125085,-0.5122708082199097,0.3493413031101227,-0.2350283712148666,0.0298427008092403,-0.4780119359493255,0.2126775383949279,0.4782304167747497,-0.4107668399810791,0.0539882034063339,-0.1659918874502182,-0.537499725818634,-0.083966925740242,0.1677630394697189,0.1615692526102066,0.247225672006607,-0.5302152037620544,0.1380523741245269,0.3138780891895294,0.4008596837520599,0.7858495712280273,0.3039855659008026,-0.0616408102214336,0.0577767044305801,0.4450687170028686,0.1350419074296951,0.4254122972488403,-0.2856252193450928,0.1758316755294799,-0.0475820116698741,0.8534377217292786,0.0125897396355867,0.0911166295409202,-0.0015497871208935,0.1213041767477989,0.2295670956373214,-0.081953153014183,0.3548986315727234,0.1464321017265319,0.0478751249611377,0.1907066702842712,0.5322242379188538,0.5807309746742249,0.1449556350708007,-0.2838995158672333,-0.3661825656890869,0.0364569164812564,-0.321286529302597,-0.6244051456451416,-0.3386206030845642,-0.3438629508018493,-0.1222211271524429,-0.4495676457881927,0.2929139733314514,-0.0296255443245172,-0.5183850526809692,0.0549229495227336,-0.3556650280952453,-0.4252268970012665,0.3321499228477478,-0.0532559305429458,-0.7333111763000488,0.5861435532569885,0.2217282354831695,0.2881442606449127,-0.5338570475578308,-0.6530799865722656,-0.0423921756446361,-0.2733902633190155,-0.3039427995681762,0.1676573008298874,-0.3308295905590057,-0.0540301539003849,0.3473367393016815,-0.0784889757633209,-0.0932381302118301,-0.3437794744968414,-0.2950970530509949,-0.7089868783950806,0.1887605041265487,-0.0504166632890701,0.3232135474681854,0.0219684243202209,0.2221865206956863,0.2203065305948257,0.0448722839355468,-0.2711859345436096,0.0839256197214126,-0.3249978721141815,0.5804333090782166,0.3907267451286316,0.1664255708456039,0.581920862197876,0.4442465603351593,0.2811322212219238,0.5245891809463501,0.0202089324593544,0.0134099787101149,-0.610522449016571,-0.3011751174926758,0.7100160717964172,-0.0379120931029319,0.2432178258895874,-0.107879638671875,-0.0181926805526018,0.6090810298919678,-0.0324829034507274,-0.5741919279098511,0.0005142665468156,0.0738754346966743,-0.1841550320386886,0.262513518333435,0.6575903296470642,0.8228428959846497,-0.0232491437345743,0.0209028869867324,-0.140678659081459,-0.1875307261943817,0.3151618540287018,-0.1306444257497787,-0.1179750114679336,-0.2945268750190735,0.0095409927889704,0.2994397580623626,0.6596575975418091,0.2006724327802658,0.6231606602668762,0.3094731569290161,-0.3437167704105377,0.2674251198768616,0.435273140668869,0.4795292615890503,-0.2945265173912048,-0.2899815738201141,-0.3539811670780182,0.0258303135633468,-0.3896693289279938,-0.0662572011351585,0.6731356978416443,-0.1594995409250259,0.1768974959850311,0.0076765068806707,-0.6110824346542358,-0.6220504641532898,-0.3782775104045868,0.1608152389526367,-0.0992601439356803,0.1433831602334976,0.2025719732046127,-0.0135760903358459,-0.4930251836776733,0.1857774257659912,0.0561464726924896,0.2988999783992767,0.5034912824630737,-0.1536019593477249,-0.0901676565408706,0.0035907886922359,0.0382498726248741,0.0676893964409828,-0.1810710877180099,0.0458883009850978,-0.2628243565559387,-0.4944120943546295,0.0162131208926439,0.1840128451585769,0.2542142868041992,-0.1465330421924591,0.6534149646759033,0.1324674189090728,-0.5132039189338684,-0.565060019493103,-0.237240582704544,-0.2221661806106567,-0.0452727153897285,-0.4980322420597076,-0.0901912376284599,0.0443757846951484,0.3667648136615753,0.0876772403717041,0.2802462577819824,-0.3576146960258484,0.0792291760444641,0.2387515604496002,0.6340348720550537,-0.1300701349973678,0.2300144582986831,-0.1985842436552047,0.0217490531504154,0.0881654992699623,0.0755990594625473,0.0594925098121166,-0.1432090848684311,-0.536220908164978,-0.6978509426116943,-0.3783296048641205,-0.1789586842060089,-1.0786592960357666,0.5394381880760193,0.1386258453130722,0.2410538047552108,-0.4676302969455719,-0.4629960358142853,-0.147763043642044,0.3010770082473755,-0.115580216050148,0.4248737096786499,-0.2177674025297165,-0.5781479477882385,-0.0497000403702259,0.1251947283744812,-0.6601473689079285,0.9405031204223632,0.2545405626296997,-0.4916508197784424,-0.3954956829547882,0.387395292520523,0.1958344131708145,-0.2218459993600845,0.1072808057069778,-0.1325920820236206,-0.5393648147583008,0.1550326347351074,-0.3469339609146118,0.3210111856460571,-0.1543601602315902,-3.526743239490315e-05,-0.1246603056788444,0.5851903557777405,0.3443279862403869,0.2443006783723831,0.0775589197874069,-0.2279006391763687,-0.2089708745479583,-0.2480691522359848,0.3257020711898803,0.1407943069934845,0.3850536048412323,-0.1766823679208755,0.3162503838539123,0.5831259489059448,-0.8466090559959412,0.0867414474487304,0.7604172825813293,0.4110320210456848,0.444315493106842,-0.1525647640228271,0.03209038823843,-0.8170374035835266,0.1355699896812439,0.1418216824531555,-0.0172215569764375,0.4570207893848419,-0.0356507040560245,-0.1375111788511276,-0.4097650349140167,-0.0168074183166027,0.4003950655460357,0.1728287488222122,0.0364892520010471,0.4355419874191284,-0.1556229144334793,0.5133227705955505,0.3383309543132782,-0.2615169286727905,-0.3602937161922455,0.0543467439711093,0.4090258181095123,0.7752847075462341,0.1817598491907119,0.3601688146591186,-0.7150218486785889,-0.6305393576622009,0.3012827634811401,0.0831094086170196,0.3051785230636596,0.5014293193817139,-0.2748686373233795,-0.0627902820706367,0.6112644672393799,0.2978948354721069,-0.0707817524671554,-0.3294468224048614,-0.4165408909320831,-0.1707163900136947,-0.2366679608821869,-0.5008911490440369,0.2017518132925033,0.0845913216471672,-0.0467947907745838,0.2117699682712555,0.0154199143871665,0.0983888357877731,0.5822260975837708,0.0028719732072204,-0.305047333240509,0.2047902196645736,0.0614336542785167,-0.0901422724127769,0.0808300226926803,-0.2235193252563476,-0.2465935945510864,-0.0241717658936977,0.2415190041065216,-0.1573673337697982,0.2025086134672165,0.0340979881584644,0.1619161665439605,0.3305917084217071,-0.4448821544647217,-0.1901049017906189,-0.314644455909729,-0.3174638450145721,-0.1307286322116851,-0.6577920317649841,-0.3597747385501861,-0.0309588555246591,-0.0471150875091552,-0.1592544317245483,-0.05937360227108,-0.4678713381290436,-0.2325161099433899,-0.4492211043834686,0.2522855401039123,-0.1734455525875091,-0.8417651653289795,0.3823029398918152,0.2627186775207519,-0.1252967417240142,-1.1999207735061646,0.247536301612854,0.1704616248607635,0.2441152334213256,0.1721053123474121,0.704698920249939,-0.3422385454177856,-0.2607019543647766,0.0875810459256172,-0.2855316996574402,0.2547450661659241,-10.516351699829102,0.1059780791401863,-0.4225786030292511,-0.3998930752277374,-0.3504877388477325,0.3931498527526855,0.6256321668624878,0.5662823915481567,-0.1955859363079071,0.1214233934879303,-0.0340548641979694,0.0915949419140815,-0.0144770285114645,0.6837878823280334,-0.5207838416099548,-0.3065536618232727,-0.2305571138858795,-0.0215277168899774,-0.0403221026062965,-0.2391912043094635,0.1143146902322769,-0.284472644329071,0.5086359977722168,0.7366798520088196,0.5462241768836975,-0.4084236323833465,-0.2611879706382751,0.0024734144099056,-0.2027534991502761,0.5919749736785889,-0.6013648509979248,0.5325713157653809,0.0364352501928806,0.3010843992233276,-0.1525362879037857,0.2529691159725189,-0.4028312265872955,0.6683297157287598,-0.0390014834702014,0.4041423201560974,0.3153025507926941,0.4241274297237396,-0.025679500773549,-0.0304168835282325,0.1748992651700973,0.2391737103462219,0.469064712524414,0.0111696710810065,0.5418323874473572,-0.2422156333923339,-0.1271032989025116,0.1338433921337127,0.0682288780808448,-0.0943486765027046,0.4556112885475158,-0.0305458642542362,0.6394035816192627,-0.6745585203170776,-0.031642060726881,0.0643760710954666,0.3380284905433655,-0.0773757696151733,0.3833673596382141,0.444365918636322,0.30074143409729,0.4105566740036011,0.5217416882514954,0.3653739690780639,-0.9130431413650512,-0.2377991825342178,0.1625676453113556,0.471616268157959,-0.0950486809015274,0.3251329064369201,-0.2567318379878998,0.3133965134620666,0.3614666759967804,-0.2959363758563995,0.0550640672445297,-0.0280053783208131,0.2839506864547729,-0.3029759228229522,0.0833558365702629,0.2407184094190597,-0.621874213218689,0.0487202405929565,-0.0832330659031868,-0.04812478646636,0.259869247674942,-0.4461257457733154,0.2382365614175796,0.0838035121560096,-0.5344372987747192,0.5065318942070007,0.4480125904083252,0.0181824807077646,-0.121032990515232,0.2265196144580841,0.4854059219360351,-0.0247120037674903,-1.5576692,-1.1519513,2.6250372,1.9483427,-0.8608437,-1.4719236,-2.2006888,-1.0825948,0.4489227,-1.6242145,-0.23372366,-0.6336296,-0.56762195,2.86607,1.100631,-0.011462851,1.3930675,-1.3279799,0.23969375,-0.1654454,0.0021970784,0.6826964,1.4936076,-0.6406843,0.5468575,2.087425,0.91230285,-0.6891954,-0.09281955,-1.0044649,0.50810385,-1.2138726,-0.67843884,-1.4420748,-0.49578023,-0.6550689,-1.6696949,0.66809744,-0.10109524,-1.761601,-0.55797136,0.69255054,0.09137124,-0.6763787,-0.102574684,0.20038088,1.3804761,-0.65154636,1.346683,-0.44858977,-1.4895446,0.34095827,-0.08680009,1.4363009,1.2945447,0.027531687,0.24871512,0.8309754,0.53126895,-1.0076821,0.23999617,0.8284524,-1.0940893,-0.41576317,1.6378069,1.0783367,-0.40733743,-0.06790913,-0.17888889,-1.2245414,-3.2716076,-0.51132274,-0.098676465,1.2567544,-0.66928005,0.8591441,-0.53498083,-1.283996,0.23553237,-0.45527712,-0.81909925,-0.8248665,-0.67527574,1.3696027,-1.2615178,-1.2741709,-0.53599036,-0.3601762,-2.528532,0.7958776,0.4340114,-1.6877464,-2.342232,-1.421458,1.7599436,-0.86041576,-0.040609818,-1.4916356,-2.0495584,-1.2011255,0.7105481,0.27440402,-0.54233986,0.47560024,-2.3432236,0.29101214,-1.1882544,-0.16696657,0.13775755,-0.0914751,-0.7919466,0.80870986,1.1394083,1.3905486,0.7760537,-0.4549202,0.53182065,-0.28435004,-0.5992009,1.1266296,0.6422964,0.30013824,-1.1992556,1.0388944,-0.5271515,0.82184124,1.5391636,-0.057579014,0.9277344,0.5797837,-0.16630603,-1.3145264,1.606084,0.992027,-0.75855285,-0.48607874,-0.6118324,0.7519826,0.6880732,0.28427923,-1.2801018,-0.47938496,-0.18650825,-0.5754735,1.1208806,-1.4456054,-0.283558,2.0418363,1.4844723,0.037474513,0.1273132,-1.3046496,-0.20710504,0.57368094,0.16970041,-0.019422216,-0.21520455,0.6208223,-0.48717916,0.9126173,-0.2445052,0.5167585,-1.1940789,-0.6835338,-0.5030785,0.6200571,0.08733043,1.612434,-1.0388986,-1.6549889,-0.7766655,0.6163757,0.751831,0.092669226,0.37368205,0.6021911,0.60301524,0.12859316,-0.5516354,0.8702867,-0.46179166,1.1779228,0.71664226,0.7352693,0.9838259,1.0234635,0.7589259,1.0019503,-0.66513056,0.92459255,1.1208944,0.009422988,0.70039123,0.9587787,1.2863324,1.7013407,0.786944,-1.6692194,-1.0303272,0.35768715,-0.9043096,-0.22917752,0.77541137,-0.14387515,1.353972,-1.253063,-1.7143762,1.9050188,0.5143614,0.3021686,-0.3650363,-0.4568292,0.48785263,-0.29780403,-1.4919482,-0.39551976,0.48095757,0.034502663,-0.8618491,-1.5473377,0.3484828,-0.6482565,0.2562318,2.1914616,-0.890227,0.39162326,1.1782297,0.15852323,0.23654513,0.4848299,-0.8481178,0.5041343,0.5213874,-2.1705875,-1.4578776,0.16593534,0.4352461,0.68287474,0.37983632,-0.8054684,-1.1434946,-1.0158741,0.5426462,-0.28694344,0.81926835,1.2577219,1.1602857,0.055195864,-0.5091686,0.96116793,1.2704607,0.9403518,0.5004579,0.84952587,0.92747366,-0.6107487,0.46114537,1.1712216,-1.2146019,0.10767582,-0.31428933,0.45907873,0.42214215,0.67274386,-0.21230501,-1.0550648,-1.3056922,0.84838295,0.39467728,-1.2758069,0.560064,-0.1402825,-1.3983768,-0.51481164,0.7681016,-0.06674699,-1.793161,-1.0055809,-1.7092584,-0.1268271,1.358303,-1.7963923,-0.39977407,-0.22467549,-0.39949965,0.27510324,-0.14174749,-0.096866585,0.18153946,1.1208184,-1.2277106,0.8399405,0.58869565,0.594056,1.6235327,-0.5492458,1.0147775,-0.62523437,0.8526208,-1.3242099,0.12757325,1.6631223,-0.18757105,-0.040702473,-0.48779613,0.20167112,0.7730845,-0.6042783,0.5343066,-0.32167506,0.18096043,0.0742587,-0.42331025,2.4212296,-2.335018,1.1515397,-1.57572,-0.16971911,-0.25186044,-0.54181135,-0.9774774,0.4760577,0.0044669434,0.0980429,-0.4591205,-0.13150573,0.30732283,0.56173706,1.3373356,1.3859875,0.086285286,1.7078817,-0.9368628,-0.21703942,-0.12142746,0.0250771,-0.92432183,-1.3225721,-0.73986584,-0.18910791,-0.4669503,0.15185355,0.119552195,0.8414072,-0.21041541,-0.011501181,-1.250347,0.9668669,-0.24347217,-0.90600395,2.2334745,0.7548687,1.0461848,-1.5934092,-1.0104433,-0.6562952,-1.4675336,0.14233476,0.2632958,0.5949929,-0.37159082,0.37003207,-0.08348552,-0.42678058,-1.3880985,0.2417694,-0.10977668,0.35807446,1.9919348,0.27126342,-0.75898015,2.1213186,1.3593284,0.36594582,-0.67364573,-1.2987579,0.9180304,1.4473065,-0.2144888,0.10279285,-0.47756952,-0.7616568,1.2875444,-0.44847497,0.95878595,-1.1989496,0.647613,-0.4292688,-1.0674231,-1.839723,-0.04426568,0.589648,1.1511879,1.5648758,1.2627711,1.160692,-1.7549485,-0.74328226,0.011704068,0.11533841,1.3196735,0.7421455,-1.0038306,1.5035217,0.08953045,0.21249871,-1.4629605,-2.1143332,2.0555491,-0.5490409,0.40082306,0.74172187,-0.68061185,-1.1680968,-0.52616733,1.0709772,0.27730718,-0.23563032,-0.53642297,1.0512134,-1.4891886,0.63599885,0.13121994,0.39271867,-0.10604915,0.3259504,0.45542222,0.4240116,-0.9079098,-1.3369858,-1.0166094,0.43937138,-1.0743355,-0.54936093,-0.10731692,-2.683517,0.36991498,0.09372918,-0.09373606,-0.018637663,-0.7923983,-0.68454725,-1.0647823,-0.12947917,-1.8368282,-1.2983673,-0.2404458,-1.7747843,-1.3630356,1.6259152,1.8965176,-1.6696457,0.96462506,0.29097828,-0.30360767,0.17643169,-0.27604175,0.17204686,0.69271207,-0.47627786,-1.2489719,0.3047711,-1.0938727,-0.80313796,0.9166506,-2.405266,-1.7514237,0.47626543,0.8661992,-0.96874684,-0.6264341,1.218232,-1.3238121,-0.3411241,-0.101120204,-0.08451622,0.61374635,-0.3415479,0.43451363,-0.04294548,0.29946077,0.084430605,-0.7014134,0.24147022,-0.22983503,-0.28994685,1.7673535,1.0112942,-0.6876875,1.1916478,0.6432887,-1.0077779,0.7985011,0.49480605,-0.5872927,1.4015409,-2.1190662,-1.3284055,0.7243968,-0.4668243,-1.6540837,-0.9375299,0.7733619,-0.29748234,0.5923639,0.16855335,2.2540774,0.6012563,0.630984,1.1640469,-0.29905668,-0.5062805,-0.5268892,0.17094797,-0.093196094,-0.21752927,-0.30479366,1.1479574,2.0970855,-0.9978053,-0.52279705,-0.6498301,-0.46785295,-1.6060216,0.34342393,0.7514277,-1.3901236,-0.9440546,-0.04076289,-0.58582056,1.0223236,-1.9529153,-1.2468662,0.7278958,0.54108787,-1.2108045,-0.43651727,1.2273751,-1.5402578,-1.2980175,0.55761087,2.1894548,1.1445235,0.5240676,-1.9106131,0.7604504,-1.264248,-0.3342441,0.28194112,0.516242,-0.32246906,0.74638265,-0.6805954,0.37041107,-0.9416728,1.3051593,2.3722944,1.1130701,-0.163929,0.13823682,-1.2692769,3.1482904,-1.148199,-1.6186421,1.0889984,1.1679932,-2.5732472,-0.5549687,-1.8836695,-0.5518584,-0.8020887,1.051873,0.24648032,0.79739696,0.42353448,1.5826508,-0.42901465,0.014971779,-0.18196052,0.7906258,-0.39885888,1.3490822,-2.2617884,1.2884177,-0.79487425,-1.7236283,0.5221315,0.63316107,0.27496836,-0.1674534,-0.5733392,-0.3265292,1.0880709,0.14781705,1.3004153,2.076474,-0.418879,-1.3619218,1.0587763,0.09389063,-0.9339363,0.15158975,2.421165,0.48009118,0.2397133,-0.68667406,0.113449775,-0.8211065,0.039463896,-0.23238008,0.68995374,-1.4503852,-1.0618185,0.9695205,0.010043791,2.4367082,-1.1947352,-0.05962667,1.2128205,-0.42290074,0.4628107,0.56753606,-0.33767316,-1.4679129,-1.6236455,0.69916075,0.18028474,-0.40481904,0.2661576,-0.2375555,2.4546869,0.36276594,-1.1409771,-0.41969827,0.3675891,1.392768,1.7770686,-0.4120857,-0.93167025,0.22723882,1.9887141,-0.016861165,0.53509325,0.056800205,-0.3391533,-1.3117826,1.0265328,1.3622227,-0.32609212,1.5758222,1.1823288,0.8307695,0.78197056,-0.036754776,-0.014497073,-0.12979656,-0.82377577,0.24570532,-0.3760025,-0.6777957,0.9015804,-0.6162317,-0.5680436,-0.7277803,1.074488,0.34111622,-0.6166634,0.69811124,-0.07247126,0.94792056,-0.70761716,-0.16652362,-0.081168264,-1.406721,2.8598747,0.98016596,-0.35222533,-2.3331904,0.6240948,0.37864432,0.25081125,-0.05627338,1.0234805,0.49354082,0.24499762,-0.79619485,-0.71766436,-0.86406004,-1.0645223,2.3132505,-0.91875076,1.7140691,-2.5731494,0.8323756,-0.45527038,-0.6480094,0.60435385,1.211731,-1.2342943,1.5976149,0.97608596,0.59336746,-0.07889087,0.9891889,1.0743585,0.27508697,-0.5132233,-1.945315,1.4900433,0.86479163,0.121756494,-0.018787794,-0.86077017,-0.17154281,-0.08832491,1.7120042,-0.5141745,-0.30452412,-0.9842895,-0.73091936,-1.7351487,0.8376169,-1.6484628,-0.0042817215,-1.3779393,0.25500888,-0.13232349,0.8375256,1.6205328,-1.0317062,0.015830275,0.7846955,0.68003327,1.4617655,0.97442454,0.2654118,-1.2935368,1.073663,-1.255534,-0.31822246,0.8824148,-0.40219775,-0.83216053,0.67127806,0.11526436,1.1897099,0.33931926,-0.59598714,0.42471206,0.6729656,0.14591616,0.63434964,0.24384347,-0.06940884,0.31781062,-0.22954682,-0.114789814,0.015269771,-0.22905368,-0.8501566,-0.32150868,0.468093,0.42552462,-0.26403177,0.2886384,0.34723455,1.1217896,-1.6210009,,,,,,,,,,,,,,,,,,,,,,,,,,,,,,,,,,,,,,,,,,,,,,,,,,,,,,,,,,,,,,,,,,,,,,,,,,,,,,,,,,,,,,,,,,,,,,,,,,,,,,,,,,,,,,,,,,,,,,,,,,,,,,,,,,,,,,,,,,,,,,,,,,,,,,,,,,,,,,,,,,,,,,,,,,,,,,,,,,,,,,,,,,,,,,,,,,,,,,,,,,,,,,,,,,,,,,,,,,,,,,,,,,,,,,,,,,,,,,,,,,,,,,,,,,,,,,,,,,,,,,,,,,,,,,,,,,,,,,,,,,,,,,,,,,,,,,,,,,,,,,,,,,,,,,,,,,,,,,,,,,,,,,,,,,,,,,,,,,,,,,,,,,,,,,,,,,,,,,,,,,,,,,,,,,,,,,,,,,,,,,,,,,,,,,,,,,,,,,,,,,,,,,,,,,,,,,,,,,,,,,,,,,,,,,,,,,,,,,,,,,,,,,,,,,,,,,,,,,,,,,,,,,,,,,,,,,,,,,,,,,,,,,,,,,,,,,,,,,,,,,,,,,,,,,,,,,,,,,,,,,,,,,,,,,,,,,,,,,,,,,,,,,,,,,,,,,,,,,,,,,,,,,,,,,,,,,,,,,,,,,,,,,,,,,,,,,,,,,,,,,,,,,,,,,,,,,,,,,,,,,,,,,,,,,,,,,,,,,,,,,,,,,,,,,,,,,,,,,,,,,,,,,,,,,,,,,,,,,,,,,,,,,,,,,,,,,,,,,,,,,,,,,,,,,,,,,,,,,,,,,,,,,,,,,,,,,,,,,,,,,,,,,,,,,,,,,,,,,,,,,,,,,,,,
ロ,0.393603503704071,0.1653289198875427,0.7317643761634827,-0.4778383076190948,0.0466815195977687,0.4469172358512878,0.2810477018356323,0.2314601987600326,-0.2791351079940796,-0.3888207674026489,0.6555075645446777,-0.3981778025627136,-0.3400443196296692,-0.1046163514256477,0.2287358194589615,-0.0962967053055763,0.0763659253716468,-0.0708993822336196,0.0020228871144354,-0.2780957818031311,-0.949718713760376,-0.4567396342754364,0.0545703433454036,0.3633319437503814,0.0877718031406402,-0.4651348888874054,-0.4832562506198883,0.1513476520776748,0.2487040758132934,-0.0990544036030769,-1.0139267444610596,0.0795593410730362,-0.2448031455278396,0.0639411434531211,-0.4664390385150909,0.254544734954834,0.2830569446086883,-0.3561552166938782,0.5574238300323486,-0.2330886423587799,-0.1667687743902206,0.0305391438305377,-0.4733557999134063,0.1002746522426605,-0.1233595088124275,0.4962196052074432,0.3217812478542328,0.3743889629840851,0.4876883924007416,0.1900582015514373,-0.3612241148948669,0.4653831720352173,0.2463435381650924,0.108558140695095,0.1933310627937317,-0.2646316885948181,0.506403923034668,-0.4530412852764129,0.169110968708992,0.0021513716783374,-0.578154444694519,-0.5319761037826538,0.3545285761356354,-0.0628372728824615,0.0844825878739357,-0.0435170717537403,-0.20074363052845,-0.1031828969717025,0.2826361954212188,-0.7910780310630798,-0.0472120828926563,-0.0824591368436813,0.2357570528984069,-0.2912091016769409,0.6335359811782837,-0.2354068011045456,0.1537584811449051,0.2565044164657593,0.0715828612446785,0.0235506687313318,-0.2028396874666214,0.499748557806015,-0.0475747436285018,-0.8748027086257935,-0.1220724880695343,0.0768059343099594,-0.6587498188018799,-0.4168813824653625,0.411964863538742,-0.0608856976032257,-0.1832584887742996,0.1968961656093597,0.2912109792232513,0.2101980000734329,0.0399041287600994,0.2324360758066177,-0.0531216263771057,0.0042675687000155,-0.2597200870513916,0.2872527837753296,-0.1669639348983764,-0.0714184269309043,0.4586478173732757,-0.3855616152286529,-0.3768089711666107,-0.0618808083236217,-0.1086750328540802,0.2215831577777862,-0.0503562726080417,-0.0443019494414329,-0.2323532551527023,-0.4783733487129211,-0.4846960008144378,0.1811940222978592,0.1518047004938125,-0.3409440517425537,0.0416369922459125,0.5661785006523132,-0.3825885653495788,0.2073820084333419,0.1927336603403091,0.4629023969173431,0.1496575474739074,-0.5747963786125183,-0.0002517472894396,0.7840586304664612,-0.3294351696968078,-0.098053365945816,-0.0943027138710022,-0.2783113718032837,-0.2772321701049804,-0.1958127170801162,-0.1535864770412445,-0.1665040999650955,-0.3051340579986572,1.0186107158660889,0.2574256062507629,0.1877794861793518,0.1061905175447464,-0.4182923436164856,-0.4446439743041992,0.0988022983074188,-0.121495820581913,-0.22829669713974,0.1610855460166931,0.1056281998753547,-0.2301582098007202,-0.3354954123497009,0.1427452564239502,0.1392332911491394,-0.313662588596344,0.7303315997123718,-0.3370139002799988,0.0559217110276222,0.3387735188007355,0.2639283537864685,-0.8407782912254333,-0.0697509720921516,0.1059440597891807,0.345442533493042,0.2362187057733535,-0.2016537934541702,0.3976348042488098,0.4015772938728332,0.132217675447464,0.5038946866989136,-0.0596042498946189,-0.1951442956924438,-0.0209699422121047,0.5758907794952393,0.3471788763999939,0.2524725794792175,0.405959278345108,-0.0213925018906593,0.3872116506099701,0.158849611878395,0.6229761838912964,0.097324900329113,0.1102265864610672,-0.5509151220321655,-0.0257502496242523,0.1270819753408432,0.0601847507059574,-0.6547712087631226,0.3391409516334533,-0.302909791469574,0.3208067119121551,0.1327770054340362,-0.4370944499969482,0.0447222627699375,-0.2450464963912964,-0.6342148780822754,0.4487375617027282,-0.2360622137784958,0.1554130613803863,-0.241365298628807,-0.3259000182151794,-0.2701387703418731,-0.3670265674591064,0.2458379417657852,-0.1560133546590805,0.1382849961519241,-0.3533377647399902,-0.8457580208778381,-0.7041734457015991,-0.3625796437263489,-0.1527529060840606,0.6793667674064636,0.2227739989757537,0.3043558299541473,0.2004434317350387,0.3713715076446533,0.4408118724822998,0.1330428570508957,0.1469468474388122,0.5008783936500549,-0.243536114692688,-0.3290455043315887,0.2571249306201935,-0.2309476286172866,0.3186531662940979,0.0388996005058288,0.511830747127533,0.0516689382493495,0.0617429614067077,0.3636305630207062,0.1651004999876022,-0.3804994523525238,-0.2572460472583771,0.5129781365394592,-0.4035932421684265,-0.4373403489589691,-0.6898106932640076,-0.1009885594248771,-0.356025755405426,-0.1640377342700958,-0.2495231032371521,0.0776571929454803,-0.4014780223369598,0.4570809602737427,0.1243796423077583,-0.2691492736339569,0.4317177236080169,-0.4084428250789642,-0.1949084252119064,0.454584002494812,0.188034638762474,0.0102178351953625,-0.1011810377240181,-0.1856766194105148,-0.5603805184364319,-0.4553604423999786,0.1945837289094925,-0.4492042958736419,0.5304999351501465,0.4063391983509063,0.4779188930988312,-0.0802118405699729,0.2809279859066009,-0.3153154551982879,-0.0785654187202453,-0.7231994271278381,0.0506810396909713,0.0014895640779286,0.2206946313381195,-0.2284398972988128,-0.0376892797648906,-0.0871406346559524,-0.6246410608291626,-0.2783234417438507,0.1740838140249252,-0.4215863645076751,0.3548181056976318,-0.2020302265882492,0.252278059720993,0.2221483290195465,-0.465580403804779,0.6173846125602722,-0.1222438663244247,0.2460225522518158,-0.60062175989151,0.487661600112915,-0.5585458278656006,0.165738359093666,-0.2219315022230148,0.0845103561878204,-0.6010280847549438,0.0177062842994928,-0.3406298458576202,0.1675744354724884,0.4511910378932953,-0.4315857589244842,-0.2167881727218628,0.1283829063177108,-0.4671236872673034,0.2409741580486297,0.3640706241130829,-0.1920356303453445,-0.0088908923789858,-0.1043955236673355,0.3035847842693329,0.5516345500946045,0.4249622821807861,0.2131149023771286,-0.1601971834897995,-0.4139899611473083,-0.1856506913900375,-0.1613273620605468,0.5531017780303955,-0.6161725521087646,0.0644978433847427,0.8494014143943787,-0.1146351471543312,0.4899518191814422,-0.0468920208513736,0.1738184243440628,-1.570625901222229,-0.2732398211956024,0.2157490402460098,-0.0866665318608284,-0.0582438223063945,0.3766251504421234,0.1983124166727066,0.3652307987213135,-0.2714893221855163,-0.4063693284988403,0.5090510249137878,0.0628886297345161,0.1760549843311309,-0.386251837015152,0.0043234904296696,-0.1553436368703842,0.1568037420511245,-0.3605486750602722,0.1445114761590957,0.1888427883386612,-0.1873365342617035,-0.0898968428373336,0.2907652854919433,-0.540294885635376,-0.1115869358181953,0.6219068765640259,0.0435770824551582,0.2319608181715011,-0.3958522081375122,-0.2881717383861542,0.0699320957064628,0.680097758769989,0.7714885473251343,0.3179951906204223,-0.613744854927063,-0.3375603258609772,0.3591198027133941,0.0564831607043743,0.4730325043201446,-0.0595710538327693,-0.0522726215422153,-0.0500607080757617,0.2155395746231079,-0.0247149337083101,-0.220399335026741,0.0126693919301033,0.069123663008213,0.1254148930311203,-0.2500046193599701,0.1393544822931289,0.4893541038036346,0.2055402994155883,-0.2022038102149963,0.4488888680934906,0.9133257865905762,0.1105478107929229,-0.380925565958023,-0.4342454075813293,-0.1445996165275573,-0.1505079865455627,0.2367027252912521,-0.176301822066307,-0.1513790488243103,0.248720496892929,-0.297367662191391,0.2786138355731964,0.0431612730026245,-0.4579932987689972,0.3473306596279144,-0.6404834985733032,-0.3076983988285064,-0.2281827628612518,-0.2020563930273056,-0.8521959781646729,0.9074029922485352,0.3746517300605774,0.4345571398735046,-0.4682038128376007,-0.7268862128257751,0.0867897495627403,-0.7640082240104675,-0.265024334192276,0.0201757904142141,0.3597380816936493,-0.4027445316314697,0.1308588236570358,-0.0851573720574379,-0.2235841155052185,-0.3512937426567077,0.2034747451543808,-0.461586445569992,-0.3998858332633972,-0.1893065720796585,0.2635053098201751,-0.0013747938210144,0.2410007119178772,0.3617920875549316,0.0684606358408927,-0.3523563146591186,-0.051589585840702,-0.4614436030387878,0.4530977606773376,0.4855324625968933,0.4923130869865417,0.5472894906997681,0.2578572928905487,0.1420871615409851,0.0132888760417699,-0.1399480402469635,0.2149840146303177,-0.4413312077522278,-0.3718278706073761,0.9954283833503724,-0.6289058327674866,0.1321066170930862,-0.0251489114016294,-0.1136762499809265,0.7001853585243225,-0.1551727801561355,-0.8556550145149231,0.0277991145849227,0.1750023812055587,0.1244844421744346,0.3358218967914581,0.1925308853387832,0.4458620250225067,-0.2284403145313263,0.117909237742424,-0.1777312010526657,-0.0256566666066646,0.2855902314186096,-0.0112160593271255,-0.2704940736293793,-0.1649725586175918,0.090926669538021,0.8380889892578125,0.1131100729107856,0.0619928762316703,-0.0697558969259262,0.1777382493019104,0.0450576394796371,0.5970989465713501,0.0813382416963577,0.2299152612686157,0.1328017264604568,-0.2784519791603088,-0.3213774561882019,-0.4288525879383087,-0.3281545639038086,0.0672010779380798,0.2865272760391235,-0.0623503848910331,0.1070305854082107,-0.4786697924137115,-0.4998998045921325,-0.536913275718689,-0.8410587906837463,-0.0792658329010009,-0.1974824368953704,0.1943433880805969,0.2003331184387207,-0.0268475692719221,-1.00078284740448,0.664101779460907,0.2503489553928375,0.4037709236145019,0.4363517761230469,-0.4838029146194458,-0.4316416084766388,0.2345205396413803,-0.0083155054599046,-0.3592407405376434,0.4251883625984192,0.3092856109142303,-0.1761519908905029,-0.9259397387504578,0.3375873565673828,-0.1614203751087188,0.189113438129425,-0.2657405138015747,0.1798838227987289,0.3071517944335937,-0.6443292498588562,-0.2102140188217163,-0.0013598984805867,-0.2564932405948639,0.2337758541107177,-0.4971882104873657,-0.0936855375766754,-0.1833152920007705,0.0172785948961973,0.4136616885662079,0.5816991329193115,-0.4347778856754303,0.0344949066638946,0.2343624085187912,0.3853273093700409,-0.2700497210025787,-0.0297511592507362,0.1111078560352325,-0.1149663776159286,-0.02763600833714,0.2173603922128677,0.0011135843815281,-0.0520003736019134,0.0669739991426467,-0.5431643724441528,-0.301848292350769,0.0665765181183815,-0.9856112003326416,0.6361467242240906,0.1830710917711258,0.3995417058467865,-0.5176836252212524,-0.2837313413619995,-0.1898194849491119,0.3647907674312591,-0.067001461982727,0.3611682653427124,-0.4357363879680633,-0.8003331422805786,0.0644415766000747,-0.2879194617271423,-0.9437806010246276,0.4512519836425781,0.0897711664438247,-0.6607247591018677,0.1025022715330123,0.2266084551811218,0.0764602273702621,-0.4423049390316009,-0.0644352436065673,-0.3322969079017639,-0.114450454711914,0.4881481230258941,-0.2353724539279937,0.3264009952545166,0.1975846886634826,-0.173158049583435,0.0386548303067684,0.4931966960430145,0.4763684272766113,0.6112656593322754,0.3331362605094909,-0.2553171515464782,0.0525656752288341,0.0744932815432548,0.1021765619516372,-0.0220396686345338,0.5000612735748291,-0.3083981573581695,0.3920696377754211,0.8598933815956116,-0.3526191115379333,0.3364098966121673,0.8120846748352051,0.2824190855026245,0.5047284960746765,-0.3238027989864349,-0.0436069183051586,-0.7915820479393005,-0.0083100525662302,0.0394458286464214,0.1937977224588394,-0.1275951266288757,0.0623924806714057,-0.0456281043589115,-0.3738470673561096,0.226679265499115,0.4164004325866699,0.2616027593612671,0.0519942417740821,0.0848897099494934,0.27454274892807,0.7085523009300232,0.3741308748722076,-0.1585264205932617,-0.0509096309542655,0.0819825828075409,0.2751838266849518,0.92140930891037,-0.2767491340637207,0.6613812446594238,-0.4408570230007171,-0.7609542608261108,0.2175421565771103,0.1903889626264572,0.1415164321660995,0.5503491759300232,-0.106858029961586,0.0144933629781007,0.411065399646759,0.4220670461654663,0.0015039362479001,-0.3382016718387604,-0.2326503247022628,0.1385652273893356,-0.0307095050811767,-0.0116067137569189,0.1541531234979629,0.0997702404856681,0.6144099831581116,0.4017727673053741,-0.2996142506599426,0.5191517472267151,0.6432840824127197,0.1071589514613151,-0.2862734794616699,0.0109104113653302,0.0919862315058708,-0.2546314895153045,-0.1302980184555053,0.386551022529602,-0.2458291202783584,-0.3045842349529266,0.2437305450439453,-0.3884011805057525,0.3704812824726105,-0.1716681122779846,-0.0300013776868581,0.1803453117609024,-0.0403203628957271,0.1536235511302948,-0.3206294476985931,-0.2705405354499817,-0.1462384313344955,-0.3716056644916534,-0.0154007989913225,0.0612694658339023,0.2139813154935836,-0.1347880959510803,0.1352839469909668,-0.7188801765441895,-0.4240009188652038,-0.3540808856487274,0.3080064952373504,-0.6998352408409119,-0.3315926492214203,0.4247970879077911,0.102789007127285,0.2390407770872116,-1.1454061269760132,0.3620400130748749,0.1463335007429123,0.2818562090396881,-0.1421813368797302,0.2414473444223404,-0.1286407113075256,0.0132383992895483,-0.0336125828325748,0.0363887995481491,0.0283389911055564,-10.45386028289795,-0.0162378512322902,-0.2806468904018402,-0.7470079660415649,-0.2444221973419189,0.0906453058123588,0.9963103532791138,0.7190407514572144,-0.1684832572937011,0.191747561097145,-0.0967894345521926,0.1209038496017456,0.2850213050842285,0.2825784683227539,-0.0960588231682777,-0.124011643230915,-0.1536134630441665,-0.044047150760889,-0.2275982201099395,-0.1559453606605529,0.0579664669930934,-0.5221826434135437,0.7740657329559326,0.0818891152739524,0.005523394793272,-0.0840817987918853,-0.3883121609687805,0.3967934250831604,-0.0657288134098053,0.1635607779026031,-0.9950678944587708,0.227836400270462,0.5626332759857178,0.2642600238323211,-0.2708534300327301,0.0086198709905147,-0.0497525595128536,0.2984918057918548,-0.3664745986461639,0.516598105430603,0.2650176584720611,0.3538289368152618,-0.1562822163105011,0.2526162564754486,0.2149499356746673,-0.0299960002303123,-0.1479690968990326,0.3240509629249573,0.4807024896144867,0.1211715564131736,0.013686304911971,0.0052875587716698,0.3213937282562256,-0.2203674018383026,0.1419537365436554,0.124661311507225,0.322534441947937,-0.8662090301513672,-0.0325996242463588,0.0743201822042465,0.6521738767623901,0.2705135941505432,0.5597852468490601,0.3816257119178772,0.3283916711807251,0.2971729040145874,0.21681509912014,0.2284122854471206,-0.5951752662658691,-0.2708606421947479,0.1427719891071319,0.3394377529621124,-0.0181068759411573,0.3787025809288025,-0.010886825621128,0.4943727850914001,0.2003884464502334,-0.3257398605346679,0.2541233599185943,0.0294386614114046,0.4216349422931671,-0.3521238267421722,0.2455529123544693,0.3103095293045044,-0.6300271153450012,0.4039942324161529,-0.0125674530863761,0.0817839130759239,-0.0819123685359954,-0.4836942255496979,0.6141734719276428,-0.3855949938297272,-0.312486469745636,0.1811758279800415,0.4211036264896393,-0.2082146853208542,-0.3249019086360931,0.0859574601054191,-0.0331623293459415,0.025163410231471,-0.6971237,-0.74343866,0.7185402,1.5754368,-0.8982875,-0.1696922,-1.1488408,0.08628453,1.025002,-0.319856,0.63589466,0.074465394,-1.6624359,2.01103,-0.97256243,0.4395003,0.9633035,-0.7557139,-0.04371724,-0.8033721,0.75564134,0.18337156,0.5006453,-0.7062597,0.75487006,0.8091785,0.4070392,-0.47559553,-0.8809439,-0.30936983,0.072404034,-0.72991854,-0.77303445,-0.40091744,0.054781903,-1.5762216,-1.0062286,1.357937,0.521151,-0.5450498,-1.2847852,0.032435115,-0.3487495,0.15783964,-1.1206851,-0.10514748,1.9146146,-0.5061654,0.47452036,-0.50805366,-0.35574606,-0.6106077,0.23305319,0.6901661,0.25126886,-0.4127148,1.4003013,0.9090509,-0.13567111,-0.49343076,0.5112963,0.7850534,-1.3003093,0.04347802,0.9381248,1.1450907,0.13065672,-0.13534907,-0.18628433,-0.33318776,-2.2745395,-0.76354325,0.17009173,0.91568226,-1.3289087,0.60086906,0.5569126,0.02143524,-0.14577742,0.10558533,0.007509864,0.28779134,-1.2048568,1.3035965,-0.5822468,-0.31766906,-0.6734322,-0.018766884,-1.3282508,-0.3806786,0.1370153,-1.1529093,-1.3773416,-1.2217952,0.7098413,0.039723277,-0.7593235,-0.41495803,-1.1827575,0.1268079,-0.08027582,1.170638,-0.37065434,-0.31302056,-0.6020394,-0.25831196,-0.7793946,-0.78333455,-0.9471103,1.0736231,0.38822374,0.3653323,0.4408152,1.5460033,0.74785274,0.9564662,-0.6825981,-1.097709,-0.57078445,0.10475601,1.5652338,0.36926517,-0.68118846,0.354656,0.34766802,1.0163862,0.06901401,-0.92231613,1.0379703,-0.64944524,0.6772514,-0.090038694,1.4647577,0.31126148,-0.7728752,-0.3890956,-0.7620122,-0.041458823,0.11757655,-0.9954069,-0.23412251,-0.3236101,-0.11696945,-0.5103235,0.29132244,-1.7906588,-0.08576333,0.6976286,0.7416967,-0.08808704,0.14196452,-0.43507653,-0.9391227,0.84737587,0.9497526,-0.5724512,0.5104099,-0.19236343,-1.5509273,1.2562882,0.6059231,1.4462527,-1.1771809,0.34620056,0.011977958,0.9455334,-1.0237824,0.6280357,-0.44850692,-2.200672,-0.37259418,-0.43498796,0.3844798,-0.00030955672,0.5392155,-0.40294212,0.6081651,0.36424303,-0.8805966,-0.35838494,0.70948374,1.4913269,-0.07360162,0.98481005,-0.18640208,0.66810054,0.71712244,0.2577264,0.53092486,0.019062715,0.6747697,-0.3686103,0.9376655,1.3303231,0.9662229,2.3376327,0.34680963,-1.2355314,-1.2163346,0.46998245,-2.4740345,-0.14895926,0.7829951,-0.33548483,1.5871199,-0.5411002,-1.2412931,2.0388613,0.35822025,-0.37635717,-1.6667709,-0.7954095,0.804984,0.86575574,-0.5993109,-0.04875401,-0.8498433,0.3557376,-0.33103105,0.16329026,0.48738766,0.6828629,0.26250836,1.3077031,-1.2471545,0.72712797,0.5770751,0.71197885,0.31832168,0.10492386,-1.244875,-0.06953264,0.7218498,-0.21201041,-0.039989945,0.40363726,-1.0866317,0.6092834,-0.3170939,0.61647046,0.16349556,-0.67745477,0.15572707,-0.04315916,0.47800973,0.6143304,1.9463139,0.24080428,-1.5947114,-0.13634072,0.64906484,0.7468251,0.20046861,-0.24671862,0.9450394,0.95048267,-0.7848622,0.011367725,-0.3000919,-0.5675098,-0.26969215,1.0081507,-0.5648494,0.698412,0.51759994,-0.25994653,-0.16173425,0.14355743,-0.28324437,-1.0647475,-1.1678448,-0.6385207,-0.9600564,0.33565935,-0.20121983,0.5232997,-0.9559577,-1.0272077,-1.3258005,-0.18525112,0.36319736,-1.1470233,-0.9011131,-0.020444393,-0.40091583,0.7618126,-0.16082409,-0.31830698,0.80781335,0.75265694,-1.3308624,1.0854541,0.021912292,0.61639935,1.0960039,0.15436588,0.7439899,-0.61537427,0.714506,-1.4231024,0.25418162,1.4154605,-1.7003862,1.0762345,0.03617606,-0.4327002,0.64579743,-1.4068266,-0.77941275,-0.60401005,0.2194707,-0.14498572,-1.6050292,1.6857224,-1.6973647,1.3253721,-1.5104635,-0.4664308,-0.36784104,-0.20467842,-1.2730759,1.1467446,0.44509998,0.41224527,1.0172831,0.2761776,-0.11071267,0.8065801,0.8226795,0.21474099,-0.54296243,0.9620009,-0.595458,-1.7570544,0.43622664,1.280982,-1.2171513,-1.7329012,-1.649971,-0.8368516,0.95086163,-1.4325112,0.0026102152,1.2790489,-0.034533292,0.56340885,-1.2074344,0.062099725,-0.12279978,-0.47797006,0.90523326,0.09684808,1.4776375,-0.68255866,0.0068665915,1.0788577,-2.2016373,-0.54205096,-0.29468396,1.9491708,0.7154187,-0.014070077,0.8789179,0.30113506,-0.7272151,-0.44134638,1.1679938,-0.037499707,1.8209494,0.6673117,-0.6744393,1.5146619,0.1434382,0.44479108,-0.4439097,-0.28934416,1.7152646,-0.47830725,-0.4977844,-0.5724268,-0.40817553,-0.09877664,0.23334858,0.6046633,-0.5863882,-0.21888287,0.647797,0.87827396,-1.3092269,-0.7629038,-1.1042737,0.35783115,0.8535501,1.7337438,1.7724345,-0.2635707,-0.79751366,-1.9701585,0.4517696,0.888566,-0.14432837,0.67672837,-1.8464558,-0.11515281,0.5225675,-0.1925548,-0.3481915,-1.9065235,1.6098756,0.030824432,0.6690984,1.6086138,-0.90000004,-1.430358,-0.452428,0.80769306,0.58037055,-1.0458095,-0.6530741,0.97540444,-0.8245355,1.1019953,0.5939444,0.087054774,0.34208277,-0.06585893,0.6110708,0.24350002,-0.44312736,-0.57362896,0.047113147,0.93051344,-1.1131146,-0.88055223,0.47133106,-1.3518056,0.6759256,-0.47150454,-0.61962044,-0.11184258,-0.066891044,-0.7780984,-0.6862841,0.1658648,-0.91768366,-0.8709038,-0.15787207,-0.9291376,-1.6498691,0.67902106,1.5338964,-0.7998163,0.36587617,0.44202545,0.19024417,0.7292207,-0.16481432,-0.3017647,0.704333,-0.15836455,-0.35117176,-0.09115691,-0.92492354,-0.42983833,-0.077036045,-1.0939821,-1.5139381,1.4258944,0.9437948,-1.7037432,-0.24519058,-0.5455267,-0.09816645,0.7950988,0.6508565,0.5621174,0.23983337,-0.648634,-0.1077681,0.054723967,1.1044791,0.085534714,-0.52924925,0.976445,-0.0699094,0.061874565,1.5448161,0.37829643,0.70488226,1.2619025,0.5619331,-1.0827405,0.515933,-0.060592864,-0.13593295,0.49997255,-1.5178347,-0.84235495,1.5226964,-0.7505921,-0.85042584,-0.08760095,0.03282984,-0.0909903,0.6120423,0.25117797,1.2123636,1.4775951,0.60124236,1.8066474,-0.882933,-0.68619144,-0.6332293,0.7105467,-1.0051954,-0.96569306,0.6236159,0.43136996,1.8778813,-0.26183066,0.24053589,1.229621,-0.7740255,-0.44169536,0.46697325,0.17951572,-0.69711965,-0.46711972,0.2602075,-0.774983,-0.2794688,-1.4920099,-0.038582217,0.13526662,1.2556602,-0.14966062,-0.47646624,0.48523584,0.5124246,-0.8640503,0.80687934,1.0329224,0.9484398,-0.65893227,-0.9101749,-0.037559666,-0.82397705,-1.8063519,-0.038230892,-0.77872354,-0.59563273,-0.092839524,-0.8914929,-0.105655484,-1.2724934,-0.53269213,1.5935538,0.21347423,-0.0130181145,0.031946275,-0.29354587,1.1415259,-0.8206148,-0.28474674,0.89252025,0.5729087,-1.3694993,0.5031266,-0.93707645,0.22880927,-0.59768975,0.82767445,0.79996055,0.8292927,-0.38639647,1.2766831,-0.58205575,-0.38509122,-0.037683178,0.35259455,-0.16534673,0.31454745,-2.3934197,1.0226285,-1.5083969,-1.053455,-0.29861847,0.49526125,-0.5498515,-0.08137495,0.0121440375,0.58546907,0.41645342,-1.0575415,0.80235904,1.6600549,-0.53936565,-0.13952747,1.0012974,0.48730272,-0.54419416,-0.110846505,2.6531413,0.4654098,1.2472327,-0.8555706,-0.7190947,0.6048445,-0.345616,-0.8747368,0.13988543,-0.30373544,0.042642176,0.27028006,-0.12275996,0.46639806,-1.2962865,-0.5151407,0.91116256,-1.4165248,0.03275129,0.44977862,-0.6197857,-1.5485939,-1.0330676,0.8905726,0.8032916,-0.5282616,-0.23021542,0.6570013,1.9004627,0.6101676,-0.21587436,-0.59186095,0.555458,1.0916461,0.36933294,-0.5667913,-0.9208279,0.9758056,1.3371027,-1.2936934,0.9564992,-0.6017334,-0.16002335,-1.98532,0.9794949,0.46606597,-0.054836,1.2965378,0.34722677,-0.05611033,0.6610699,-0.21025519,-0.022762792,-0.5134279,-0.37928602,0.10533111,0.33227172,-1.1617787,-0.538892,-0.769378,-0.11140023,0.1323512,0.65708417,-1.1263473,0.64185745,-0.16136122,1.4506378,0.15451849,-0.3377776,-1.0171641,-0.1168891,-0.7260209,1.4755148,1.1723031,0.105416365,-1.7752734,0.01894475,0.9620861,0.44545108,-0.90213746,0.0967538,0.19578195,-0.9365199,-0.18122159,-1.0925239,-0.29351345,0.63954055,0.88570887,-0.94678396,0.63161314,-1.6860425,0.89561886,0.1622057,-1.0821143,0.29553032,0.06251414,-0.6863075,1.6365539,1.1044232,0.1717217,0.2832401,0.7147878,1.1315813,0.17038284,-0.002077949,-1.3777837,0.71648777,1.5638387,0.32057738,-1.2599928,-0.095278345,0.20559163,-0.21075872,1.8715638,-0.5220232,-0.3592194,-0.23732662,-0.35204577,-0.78991324,-0.6337911,-0.5845919,-0.24860744,-1.340114,0.12925132,-0.77957106,-0.6102344,0.16866347,-0.83875304,0.6071612,0.019500958,1.4145602,0.91997737,0.15361115,0.35912868,-0.4657164,-0.28276494,-0.7881381,-0.47384897,0.66729546,-0.5802528,0.07679056,0.18245737,1.0472525,1.9672002,0.5754289,-0.27443376,0.19626184,0.20188391,-0.17884924,0.4425586,-0.7292561,-0.59886587,0.36318535,0.20886032,0.40821388,-1.0495516,-0.21947625,0.14434613,0.7629539,0.67180204,0.65719,-0.0478994,0.4273995,1.851568,0.6077415,-0.12131204,,,,,,,,,,,,,,,,,,,,,,,,,,,,,,,,,,,,,,,,,,,,,,,,,,,,,,,,,,,,,,,,,,,,,,,,,,,,,,,,,,,,,,,,,,,,,,,,,,,,,,,,,,,,,,,,,,,,,,,,,,,,,,,,,,,,,,,,,,,,,,,,,,,,,,,,,,,,,,,,,,,,,,,,,,,,,,,,,,,,,,,,,,,,,,,,,,,,,,,,,,,,,,,,,,,,,,,,,,,,,,,,,,,,,,,,,,,,,,,,,,,,,,,,,,,,,,,,,,,,,,,,,,,,,,,,,,,,,,,,,,,,,,,,,,,,,,,,,,,,,,,,,,,,,,,,,,,,,,,,,,,,,,,,,,,,,,,,,,,,,,,,,,,,,,,,,,,,,,,,,,,,,,,,,,,,,,,,,,,,,,,,,,,,,,,,,,,,,,,,,,,,,,,,,,,,,,,,,,,,,,,,,,,,,,,,,,,,,,,,,,,,,,,,,,,,,,,,,,,,,,,,,,,,,,,,,,,,,,,,,,,,,,,,,,,,,,,,,,,,,,,,,,,,,,,,,,,,,,,,,,,,,,,,,,,,,,,,,,,,,,,,,,,,,,,,,,,,,,,,,,,,,,,,,,,,,,,,,,,,,,,,,,,,,,,,,,,,,,,,,,,,,,,,,,,,,,,,,,,,,,,,,,,,,,,,,,,,,,,,,,,,,,,,,,,,,,,,,,,,,,,,,,,,,,,,,,,,,,,,,,,,,,,,,,,,,,,,,,,,,,,,,,,,,,,,,,,,,,,,,,,,,,,,,,,,,,,,,,,,,,,,,,,,,,,,,,,,,,,,,,,,,,,,,
オ,0.5296596884727478,0.2130906283855438,0.4559382796287536,-0.3788235783576965,0.0963736400008201,0.229296863079071,0.2386744916439056,0.2548413276672363,-0.0763473808765411,-0.5995948910713196,0.3987560868263244,-0.4263967275619507,0.4475667774677276,-0.2476707696914672,0.6969519257545471,-0.0656861960887909,0.0709809884428978,-0.1644545197486877,-0.0108748702332377,-0.3702743947505951,-0.7576481103897095,-0.413432627916336,0.3180697858333587,0.3614082336425781,0.053830225020647,-0.3144461810588836,0.024836154654622,0.22332763671875,-0.1629917174577713,0.0653100684285163,-0.163625493645668,-0.366718590259552,-0.2875009775161743,-0.143985703587532,-0.1412046998739242,0.7164433598518372,0.0447980128228664,-0.334321528673172,-0.048272281885147,-0.4448588788509369,0.2024504095315933,-0.0392537266016006,-0.0778143554925918,-0.4906745254993438,-0.4244580864906311,0.3569748103618622,0.1421144604682922,0.4508043527603149,0.3910716772079468,0.065802477300167,-0.2395339757204055,0.3987994194030761,0.2064034640789032,0.0377097837626934,0.5504782795906067,-0.1333968788385391,0.3774928748607635,-0.541711688041687,-0.0768055692315101,0.2613519728183746,-0.3717130422592163,-0.2485538125038147,0.521899402141571,-0.136066272854805,0.0811342075467109,0.026225758716464,-0.2150810807943344,-0.1482564061880111,0.0450063794851303,-0.7747994661331177,-0.2178253978490829,0.2925040125846863,0.3747594952583313,-0.3835846185684204,0.6918500065803528,-0.3065555095672607,0.2237822115421295,0.1153149232268333,0.2371601611375808,-0.2251027226448059,-0.3462476432323456,0.2766848802566528,0.2552945911884308,-0.7245570421218872,0.0226185377687215,0.0493616014719009,-0.4940282702445984,-0.9880563616752625,0.452703058719635,-0.3511286675930023,-0.0228992886841297,0.0741178765892982,0.2153235077857971,0.2377034276723861,0.0652189552783966,0.1718862056732177,0.1264184862375259,-0.2441621720790863,-0.2346249967813491,0.2505479454994201,0.0868691354990005,0.4093315303325653,0.32750204205513,-0.1709804832935333,-0.2634230852127075,0.0760699585080146,-0.1548914760351181,0.2174850106239318,0.2510367929935455,0.0809057801961898,-0.3745799660682678,-0.2978120148181915,-0.4654948711395263,0.2725546658039093,-0.0209189262241125,0.1435899883508682,-0.198187306523323,0.3388965129852295,-0.4349301159381866,0.6078699827194214,-0.2538466453552246,0.7915907502174377,-0.0356875881552696,0.3047783374786377,0.2150291949510574,0.5052955746650696,0.0175789315253496,-0.0272460542619228,-0.1284803003072738,-0.2572053372859955,0.0357783772051334,-0.0579200908541679,-0.6814077496528625,0.0921545028686523,-0.2537298202514648,0.9225340485572816,-0.0114336526021361,-0.0479016825556755,-0.136097177863121,-0.4668779373168945,-0.1524674445390701,-0.1324257403612136,0.2752945125102997,-0.4046907126903534,-0.1197020336985588,0.1626258939504623,-0.2094656676054,-0.4744023382663727,0.4888186752796173,0.3426395952701568,-0.391703337430954,0.8269580006599426,-0.7304170727729797,0.0575210861861705,-0.0262061338871717,0.3646568357944488,-0.7473659515380859,0.1510887295007705,0.0498598143458366,0.5594866871833801,0.0929848328232765,-0.4336896538734436,0.1997489929199218,0.3209051787853241,0.1022119894623756,0.4263670146465301,0.4947990477085113,0.234954759478569,0.1953546553850174,0.4709454476833343,0.0561673045158386,0.4962971210479736,0.0458567067980766,-0.2137681096792221,0.4985187947750091,0.2918106913566589,0.1293936520814895,0.2646268904209137,0.0680747330188751,-0.5479270219802856,-0.0365224033594131,-0.1630211323499679,-0.0103595312684774,-0.1495637893676757,0.4607514441013336,-0.16131691634655,-0.0502539128065109,0.1145083829760551,-0.2079464346170425,0.1704038232564926,0.0367571040987968,-0.262583464384079,0.3753058016300201,-0.6912090182304382,0.0999286249279975,-0.3194076120853424,-0.3274402320384979,-0.3803856372833252,-0.302856832742691,0.3924706578254699,0.0625739246606826,-0.0227741338312625,-0.1504396349191665,-0.1841774731874466,-0.8772600889205933,-0.3443240523338318,0.072902612388134,0.655198872089386,0.360122412443161,0.2266106456518173,0.0718065351247787,0.2478867173194885,0.4675061106681824,0.0748334527015686,0.1430813670158386,-0.0019422065233811,-0.2316767424345016,-0.1867131143808365,0.1263024359941482,-0.1210856661200523,0.4201357662677765,-0.0982303693890571,0.3487502336502075,-0.0542345009744167,-0.406590849161148,0.2436564266681671,0.0867293998599052,-0.3940061628818512,0.0503381453454494,0.7268115282058716,-0.2607754468917846,-0.6348714232444763,-0.4985277056694031,-0.0947990268468856,-0.6508302092552185,0.0662958398461341,-0.268383651971817,0.2855084538459778,-0.349700003862381,0.112674169242382,-0.1744929105043411,-0.4754193425178528,-0.1815786063671112,-0.2118682861328125,0.0328344888985157,0.1429506987333297,-0.0228110589087009,-0.1918207108974456,-0.51520836353302,-0.035258699208498,-0.3487142920494079,-0.4789979457855224,-0.0031026471406221,-0.5512425303459167,0.4469566941261291,0.2267684787511825,0.519576370716095,-0.0401957146823406,0.2230084687471389,-0.021178001537919,-0.0647084936499595,-0.8502422571182251,-0.1223883181810379,-0.082101322710514,-0.5005362629890442,-0.0289797261357307,0.0161732789129018,-0.4629672467708587,-0.3051377236843109,-0.4279847145080566,-0.0537696257233619,-0.4275308847427368,-0.4585559368133545,0.0507671535015106,-0.0609349831938743,0.121000550687313,-0.1441505849361419,0.4983959794044494,-0.4443674683570862,0.157625675201416,-0.6233783960342407,0.1977990418672561,-0.6939910650253296,-0.2582651376724243,0.0102615738287568,-0.2509933710098266,-0.385790079832077,0.1677277833223343,-0.4675479829311371,0.3769758343696594,0.3340494334697723,0.0589170567691326,-0.4295046031475067,-0.0234155897051095,-0.379841536283493,0.1281551122665405,0.2171487510204315,0.7272565960884094,0.2176287770271301,-0.0618875958025455,0.1726910173892974,0.4014920890331268,0.1911408603191375,0.1473643630743026,-0.1017887517809867,-0.2969529330730438,0.0840102732181549,0.055018100887537,0.6373216509819031,0.1061175316572189,-0.0175985414534807,1.0461182594299316,-0.3499410450458526,0.2470925748348236,0.49268639087677,0.2864406108856201,-1.7427469491958618,0.0124134626239538,-0.1290074437856674,0.0475340001285076,-0.2400045990943908,0.28074511885643,-0.0035546065773814,0.137170597910881,-0.459278792142868,-0.5403351783752441,0.9039117693901062,0.2878541350364685,-0.0093382988125085,-0.5122708082199097,0.3493413031101227,-0.2350283712148666,0.0298427008092403,-0.4780119359493255,0.2126775383949279,0.4782304167747497,-0.4107668399810791,0.0539882034063339,-0.1659918874502182,-0.537499725818634,-0.083966925740242,0.1677630394697189,0.1615692526102066,0.247225672006607,-0.5302152037620544,0.1380523741245269,0.3138780891895294,0.4008596837520599,0.7858495712280273,0.3039855659008026,-0.0616408102214336,0.0577767044305801,0.4450687170028686,0.1350419074296951,0.4254122972488403,-0.2856252193450928,0.1758316755294799,-0.0475820116698741,0.8534377217292786,0.0125897396355867,0.0911166295409202,-0.0015497871208935,0.1213041767477989,0.2295670956373214,-0.081953153014183,0.3548986315727234,0.1464321017265319,0.0478751249611377,0.1907066702842712,0.5322242379188538,0.5807309746742249,0.1449556350708007,-0.2838995158672333,-0.3661825656890869,0.0364569164812564,-0.321286529302597,-0.6244051456451416,-0.3386206030845642,-0.3438629508018493,-0.1222211271524429,-0.4495676457881927,0.2929139733314514,-0.0296255443245172,-0.5183850526809692,0.0549229495227336,-0.3556650280952453,-0.4252268970012665,0.3321499228477478,-0.0532559305429458,-0.7333111763000488,0.5861435532569885,0.2217282354831695,0.2881442606449127,-0.5338570475578308,-0.6530799865722656,-0.0423921756446361,-0.2733902633190155,-0.3039427995681762,0.1676573008298874,-0.3308295905590057,-0.0540301539003849,0.3473367393016815,-0.0784889757633209,-0.0932381302118301,-0.3437794744968414,-0.2950970530509949,-0.7089868783950806,0.1887605041265487,-0.0504166632890701,0.3232135474681854,0.0219684243202209,0.2221865206956863,0.2203065305948257,0.0448722839355468,-0.2711859345436096,0.0839256197214126,-0.3249978721141815,0.5804333090782166,0.3907267451286316,0.1664255708456039,0.581920862197876,0.4442465603351593,0.2811322212219238,0.5245891809463501,0.0202089324593544,0.0134099787101149,-0.610522449016571,-0.3011751174926758,0.7100160717964172,-0.0379120931029319,0.2432178258895874,-0.107879638671875,-0.0181926805526018,0.6090810298919678,-0.0324829034507274,-0.5741919279098511,0.0005142665468156,0.0738754346966743,-0.1841550320386886,0.262513518333435,0.6575903296470642,0.8228428959846497,-0.0232491437345743,0.0209028869867324,-0.140678659081459,-0.1875307261943817,0.3151618540287018,-0.1306444257497787,-0.1179750114679336,-0.2945268750190735,0.0095409927889704,0.2994397580623626,0.6596575975418091,0.2006724327802658,0.6231606602668762,0.3094731569290161,-0.3437167704105377,0.2674251198768616,0.435273140668869,0.4795292615890503,-0.2945265173912048,-0.2899815738201141,-0.3539811670780182,0.0258303135633468,-0.3896693289279938,-0.0662572011351585,0.6731356978416443,-0.1594995409250259,0.1768974959850311,0.0076765068806707,-0.6110824346542358,-0.6220504641532898,-0.3782775104045868,0.1608152389526367,-0.0992601439356803,0.1433831602334976,0.2025719732046127,-0.0135760903358459,-0.4930251836776733,0.1857774257659912,0.0561464726924896,0.2988999783992767,0.5034912824630737,-0.1536019593477249,-0.0901676565408706,0.0035907886922359,0.0382498726248741,0.0676893964409828,-0.1810710877180099,0.0458883009850978,-0.2628243565559387,-0.4944120943546295,0.0162131208926439,0.1840128451585769,0.2542142868041992,-0.1465330421924591,0.6534149646759033,0.1324674189090728,-0.5132039189338684,-0.565060019493103,-0.237240582704544,-0.2221661806106567,-0.0452727153897285,-0.4980322420597076,-0.0901912376284599,0.0443757846951484,0.3667648136615753,0.0876772403717041,0.2802462577819824,-0.3576146960258484,0.0792291760444641,0.2387515604496002,0.6340348720550537,-0.1300701349973678,0.2300144582986831,-0.1985842436552047,0.0217490531504154,0.0881654992699623,0.0755990594625473,0.0594925098121166,-0.1432090848684311,-0.536220908164978,-0.6978509426116943,-0.3783296048641205,-0.1789586842060089,-1.0786592960357666,0.5394381880760193,0.1386258453130722,0.2410538047552108,-0.4676302969455719,-0.4629960358142853,-0.147763043642044,0.3010770082473755,-0.115580216050148,0.4248737096786499,-0.2177674025297165,-0.5781479477882385,-0.0497000403702259,0.1251947283744812,-0.6601473689079285,0.9405031204223632,0.2545405626296997,-0.4916508197784424,-0.3954956829547882,0.387395292520523,0.1958344131708145,-0.2218459993600845,0.1072808057069778,-0.1325920820236206,-0.5393648147583008,0.1550326347351074,-0.3469339609146118,0.3210111856460571,-0.1543601602315902,-3.526743239490315e-05,-0.1246603056788444,0.5851903557777405,0.3443279862403869,0.2443006783723831,0.0775589197874069,-0.2279006391763687,-0.2089708745479583,-0.2480691522359848,0.3257020711898803,0.1407943069934845,0.3850536048412323,-0.1766823679208755,0.3162503838539123,0.5831259489059448,-0.8466090559959412,0.0867414474487304,0.7604172825813293,0.4110320210456848,0.444315493106842,-0.1525647640228271,0.03209038823843,-0.8170374035835266,0.1355699896812439,0.1418216824531555,-0.0172215569764375,0.4570207893848419,-0.0356507040560245,-0.1375111788511276,-0.4097650349140167,-0.0168074183166027,0.4003950655460357,0.1728287488222122,0.0364892520010471,0.4355419874191284,-0.1556229144334793,0.5133227705955505,0.3383309543132782,-0.2615169286727905,-0.3602937161922455,0.0543467439711093,0.4090258181095123,0.7752847075462341,0.1817598491907119,0.3601688146591186,-0.7150218486785889,-0.6305393576622009,0.3012827634811401,0.0831094086170196,0.3051785230636596,0.5014293193817139,-0.2748686373233795,-0.0627902820706367,0.6112644672393799,0.2978948354721069,-0.0707817524671554,-0.3294468224048614,-0.4165408909320831,-0.1707163900136947,-0.2366679608821869,-0.5008911490440369,0.2017518132925033,0.0845913216471672,-0.0467947907745838,0.2117699682712555,0.0154199143871665,0.0983888357877731,0.5822260975837708,0.0028719732072204,-0.305047333240509,0.2047902196645736,0.0614336542785167,-0.0901422724127769,0.0808300226926803,-0.2235193252563476,-0.2465935945510864,-0.0241717658936977,0.2415190041065216,-0.1573673337697982,0.2025086134672165,0.0340979881584644,0.1619161665439605,0.3305917084217071,-0.4448821544647217,-0.1901049017906189,-0.314644455909729,-0.3174638450145721,-0.1307286322116851,-0.6577920317649841,-0.3597747385501861,-0.0309588555246591,-0.0471150875091552,-0.1592544317245483,-0.05937360227108,-0.4678713381290436,-0.2325161099433899,-0.4492211043834686,0.2522855401039123,-0.1734455525875091,-0.8417651653289795,0.3823029398918152,0.2627186775207519,-0.1252967417240142,-1.1999207735061646,0.247536301612854,0.1704616248607635,0.2441152334213256,0.1721053123474121,0.704698920249939,-0.3422385454177856,-0.2607019543647766,0.0875810459256172,-0.2855316996574402,0.2547450661659241,-10.516351699829102,0.1059780791401863,-0.4225786030292511,-0.3998930752277374,-0.3504877388477325,0.3931498527526855,0.6256321668624878,0.5662823915481567,-0.1955859363079071,0.1214233934879303,-0.0340548641979694,0.0915949419140815,-0.0144770285114645,0.6837878823280334,-0.5207838416099548,-0.3065536618232727,-0.2305571138858795,-0.0215277168899774,-0.0403221026062965,-0.2391912043094635,0.1143146902322769,-0.284472644329071,0.5086359977722168,0.7366798520088196,0.5462241768836975,-0.4084236323833465,-0.2611879706382751,0.0024734144099056,-0.2027534991502761,0.5919749736785889,-0.6013648509979248,0.5325713157653809,0.0364352501928806,0.3010843992233276,-0.1525362879037857,0.2529691159725189,-0.4028312265872955,0.6683297157287598,-0.0390014834702014,0.4041423201560974,0.3153025507926941,0.4241274297237396,-0.025679500773549,-0.0304168835282325,0.1748992651700973,0.2391737103462219,0.469064712524414,0.0111696710810065,0.5418323874473572,-0.2422156333923339,-0.1271032989025116,0.1338433921337127,0.0682288780808448,-0.0943486765027046,0.4556112885475158,-0.0305458642542362,0.6394035816192627,-0.6745585203170776,-0.031642060726881,0.0643760710954666,0.3380284905433655,-0.0773757696151733,0.3833673596382141,0.444365918636322,0.30074143409729,0.4105566740036011,0.5217416882514954,0.3653739690780639,-0.9130431413650512,-0.2377991825342178,0.1625676453113556,0.471616268157959,-0.0950486809015274,0.3251329064369201,-0.2567318379878998,0.3133965134620666,0.3614666759967804,-0.2959363758563995,0.0550640672445297,-0.0280053783208131,0.2839506864547729,-0.3029759228229522,0.0833558365702629,0.2407184094190597,-0.621874213218689,0.0487202405929565,-0.0832330659031868,-0.04812478646636,0.259869247674942,-0.4461257457733154,0.2382365614175796,0.0838035121560096,-0.5344372987747192,0.5065318942070007,0.4480125904083252,0.0181824807077646,-0.121032990515232,0.2265196144580841,0.4854059219360351,-0.0247120037674903,-1.5194604,-0.12123135,0.4894727,1.415268,-0.4123148,-0.23856361,-0.47187188,0.2763465,0.73445725,-0.61486655,0.74145216,0.29905936,-0.7972373,0.8762524,0.58878416,-0.43977016,0.29282883,0.02195268,0.43341398,-1.8749669,1.2176621,0.49487773,1.2535045,-0.9161281,0.55271757,1.2769744,0.6320773,-0.8175817,-0.043572582,0.2252824,-0.57287514,-0.35376775,-0.25174895,-1.1931393,0.6597737,-0.82331467,-0.9126326,1.8491406,0.7452958,-0.39914733,-0.6328455,0.304138,-0.4969747,0.6664759,-1.0843216,0.167359,1.6811526,-0.7724134,-0.35414118,-1.073003,0.37607804,-1.0731853,0.6565967,1.363673,0.7697507,-0.5090602,1.5495842,0.14283305,0.46912158,-0.5602328,0.28208414,1.3125992,-1.562751,-0.078654915,1.2496885,1.1728575,0.684628,-0.62391317,-0.17688867,-1.8185003,-2.633567,-0.24019414,-1.5002675,1.5367959,-0.39518118,1.4630845,0.12091004,-1.0695659,0.3194515,0.48011926,0.66256523,1.1391578,-1.253202,2.0315015,-0.8412133,-0.9245342,-0.29022914,0.623346,-1.4321662,-0.18140204,0.69661605,-0.7603544,-2.1148512,-0.9505751,0.8451561,0.18263337,-1.3052995,-0.15799226,-1.6084177,0.5424184,0.76591265,0.69707745,-0.61624265,-0.03191125,-0.9441546,0.5594388,-1.0982958,-0.4403243,-2.0572932,0.62760055,-0.17945029,-0.08577721,0.5521792,1.2914121,0.6194311,1.5115492,-0.70315963,-1.3225853,0.19720203,0.64903134,0.95252585,-0.80517817,-1.7454752,0.12217582,1.123624,1.2700828,-0.47316006,-1.2664335,1.1288736,-0.655615,-0.17623375,-1.0840468,-0.09590718,1.08519,-0.4787481,-1.0568379,-1.2475843,-0.15048978,1.7479053,-0.9333254,-0.5887635,-0.37887615,0.14652784,0.025698643,-0.08819995,-2.0733566,0.27185944,0.5572976,0.54196256,-0.78268695,-0.63661385,0.14469214,-0.3397173,-0.12546027,1.0311966,0.12825878,0.013586279,-0.5401444,-0.60535765,1.4466004,1.7008016,0.4780596,-0.27727023,0.20513383,0.09106037,0.1158343,-0.37254903,0.85517466,-0.9533102,-2.0522454,-0.40496492,0.2247574,-0.3606094,-0.6141981,0.60720766,-1.2072132,1.2707963,0.6421411,-0.030013092,0.24912381,1.2578893,0.9530188,-0.32318437,1.2120584,0.37636918,1.2479954,0.20784023,0.2509006,-0.10846178,0.44977868,0.50387,-0.5707915,0.5012782,0.35522315,1.0148201,2.0120249,0.67676973,-1.9912317,-0.88546693,-0.05607371,-1.943347,0.43385905,1.1927136,-0.29876393,1.230295,-0.47062328,-0.88312733,2.5063791,0.33543855,-0.22423862,-1.1513023,-0.92657566,0.95987856,0.6971452,-0.5750604,-0.45256177,-0.70771563,-0.0036370754,-1.2563078,-0.81739944,1.0903668,-0.2928132,-0.30658,1.6104535,-1.2068069,0.36776865,1.6838338,1.7890784,0.56323683,0.41928685,-1.6597838,-0.24366364,0.91959333,-1.0272058,-0.42368442,0.34419978,-0.14280106,1.1204758,0.075473554,0.15706286,0.4564536,-1.3799376,-0.40952617,-0.06350815,0.47811785,0.6835438,1.493921,0.5287812,-2.2577615,0.16928384,0.55906713,0.45146835,0.28343078,-0.71521854,1.6927215,0.2027772,-1.4613378,-0.077419475,0.3654871,0.06739462,-0.9141629,0.54220223,-0.2221089,0.47600934,0.037841927,-0.38773653,-0.6849123,0.08821525,-0.925537,-0.37359232,-0.8383198,-0.67895305,-1.8626449,-0.49956486,0.056369346,0.0015592426,-1.9028536,-0.58302635,-1.891404,-0.12994151,0.10039536,-1.131028,-0.6160666,-0.3484223,-0.7430294,-0.063885376,-0.8431903,-0.026447818,0.41833144,1.7421906,-1.4316111,0.92432535,0.6885228,0.56615615,1.0639832,-0.10906625,2.280261,-0.15680787,1.1373637,-1.2630756,0.59044147,2.092053,-0.8511318,0.23862886,0.05088304,0.5602028,1.0534066,-1.5464041,-0.32804444,-0.278484,0.06742619,0.2126037,-1.4094154,1.6507921,-2.5175,1.320844,-1.3617299,-0.10611965,-0.14889582,-0.109655656,-1.4326819,1.4823247,1.1252761,0.18409541,0.51097643,-0.20286076,0.17812525,1.2735486,0.3311137,0.29836974,-0.6059004,0.4161684,-0.2908935,-1.603694,1.2719414,1.3694859,-0.9713514,-1.40709,-1.8536334,0.5414569,0.9780547,-1.0699952,0.65358734,1.3014891,0.047409356,0.8848553,-1.5413055,-0.588153,0.049690876,-0.3156405,2.4603846,0.21868488,1.471076,-0.9241872,-1.1925349,0.76000386,-2.3194656,-1.638324,-1.3077238,1.6047734,0.18485445,-0.48196763,0.51233,0.6916759,-0.9137222,0.16063331,0.29913878,-0.42813933,1.0600688,0.42940432,-0.6907567,1.6358112,-0.076856144,0.40460536,-1.3524121,-0.83981764,0.70790964,-0.2389427,0.09905706,-0.6577984,-1.0329934,-0.0011069328,0.65031976,0.0021254905,-0.8484677,-0.4488988,0.20432653,1.2973204,-2.3294752,-1.4301906,-1.4218397,0.5957403,1.4769764,2.5818658,1.4988146,0.7253619,-0.24763003,-1.8949773,0.13696675,0.5011485,-0.30751085,0.70554316,-1.4954706,0.61127484,-0.7341386,-0.52627146,-0.8690738,-2.4148982,1.6765281,1.020296,1.0091716,1.5692667,-1.0252457,-0.4768381,-0.7719352,1.1832004,-0.3095894,-0.4697131,0.18539803,0.64901984,-0.7001822,0.56988484,0.7302296,0.18092167,-0.4128034,0.978266,-0.24522549,1.1145535,-0.2962339,-0.8855829,0.5166435,0.6798966,-1.8521924,-0.77517945,1.1541559,-1.9485173,0.13748531,-0.34954232,0.15563011,1.1599716,-0.81195736,-0.07656925,-0.96082735,0.6804915,-0.42378297,-1.1018953,-0.05272332,-2.0254357,-1.9025166,-0.04316518,0.92745465,-1.4776016,0.05548058,0.2736028,0.41855145,1.2107594,0.46450835,-0.3070327,0.9979944,-0.41644746,0.2904363,-1.2924336,-1.7426262,-1.9250882,0.33668312,-1.6102061,-1.42116,1.6516955,0.78666115,-1.7145462,-1.0461937,0.033761527,-0.5926279,2.1549933,0.2982819,0.64168715,-0.50365907,-1.402168,-0.18877572,0.9267087,1.2570281,0.30044863,0.7798309,0.022583906,0.703928,0.44588876,1.5979388,0.6159414,0.40897924,0.9847162,1.060919,-0.8938528,1.1655369,-0.18695733,0.5671497,0.64730054,-1.0424849,-2.1240144,1.7972183,-1.1035928,-1.1409574,0.41776997,-0.33164662,-0.9570629,0.5784154,0.09953467,0.37536693,1.5616326,1.0246487,2.34554,-0.5666312,-1.0005628,0.46282232,0.66075295,-0.30449182,-0.9474237,0.92323375,0.84860206,2.2218454,-0.83706075,-0.7754998,1.7172527,-0.19986153,-1.3834257,0.5104106,0.2992832,-0.21134067,-0.26773596,0.9713258,-0.93884754,0.58471906,-2.4760835,-0.6719393,0.86151004,1.2586346,0.23275189,0.8949648,0.08663678,0.069550395,-0.7491349,0.9381688,1.2446396,1.6322687,-0.8338764,-1.1331335,0.74482393,-0.10631885,-1.7960329,-0.12399798,-0.7760657,-0.5223697,0.58393633,-1.4361731,-0.035651475,-1.3560206,0.12947606,1.6668576,-0.19488138,0.70366645,-0.44664443,-1.6345627,1.2460413,-0.8878397,0.29755786,1.0622216,-0.51561373,-0.89400876,1.215174,-1.7706499,-0.4031375,-0.9495189,-0.2085282,-0.41712642,1.3858213,-0.6667659,1.435446,0.16637531,-0.7236233,0.15762955,0.21567589,0.20624971,1.1009692,-2.4115443,1.398433,-0.5783502,-1.3613992,-0.82442236,1.0567298,0.09599926,-0.29425675,-0.70337534,0.74303794,0.035542287,-1.4413462,1.2149326,0.94786215,0.44356865,-0.2964274,1.9600129,0.9767901,0.5066283,0.536925,2.2001414,0.33729944,2.110947,-0.99424183,-1.3685863,-0.7748939,-0.15632465,-1.0809354,0.49348205,0.0010001194,-0.001357913,0.84418416,-0.20898786,-0.37877768,-1.8239973,0.26260936,0.6912607,-0.82182074,-0.24264497,0.43893188,-1.7479968,-1.1491334,-1.1240193,1.9510229,1.8543148,-0.9889577,-0.08451402,0.18116967,1.3041139,0.5906512,0.66793394,-0.44798136,1.1384797,1.7956176,0.72866476,-1.0742657,-0.86691636,0.6069904,2.1412354,-0.4430086,0.47673517,-0.7567589,-0.7595527,-2.039968,0.05139956,0.62367094,0.23958002,1.8464768,0.45720527,-0.047654852,0.11466491,0.19362941,0.11997672,0.033466958,-0.9431745,0.4368798,0.4171564,-1.11047,-0.559548,-1.4393296,0.058606483,0.62774384,1.6090112,-2.0375686,0.17329396,-0.04363285,1.0844861,-0.45611006,-1.0265046,-0.34915078,0.71749365,-1.9041276,1.2724334,1.6016216,0.5895951,-2.1122892,-0.4553753,1.4916639,-0.8884629,-1.5450777,0.46562546,0.031673558,-1.566525,-1.1917162,-1.141839,-0.7839948,0.67097616,1.0441078,-0.25213706,0.5898219,-1.5976406,0.95011914,0.7371816,-0.6398546,0.50487745,0.25940207,-1.0609204,2.1112342,1.3831704,0.62681925,0.25329524,0.44906765,0.38944566,0.604964,-0.30290794,-1.3690544,0.80050886,0.421431,1.1120837,-1.0720998,-0.2878866,0.5314142,-0.37194908,0.89901984,-1.1631281,-0.4836298,-1.5033526,-0.41073906,-0.09781933,-0.27858144,-1.0357721,-0.08877792,-1.6970928,-0.22959071,0.100054406,0.6780422,0.41198725,-0.28061604,0.4194315,-0.5148872,1.0087636,0.2772243,-0.1917215,1.6144373,-0.28055006,-0.6576067,-1.7581781,-0.8071232,0.55729634,-0.7343868,0.5058905,0.87514186,0.90100044,1.8249314,0.5417181,0.012355842,0.50192416,-0.17045428,-0.39563257,1.1235545,0.6384932,-0.4241404,0.11518631,-1.0036521,0.2238486,-1.2582847,-0.34033456,0.69495666,0.3048334,0.16797507,0.2932645,0.64373046,1.6358054,1.9899725,0.11833317,-1.5509982,,,,,,,,,,,,,,,,,,,,,,,,,,,,,,,,,,,,,,,,,,,,,,,,,,,,,,,,,,,,,,,,,,,,,,,,,,,,,,,,,,,,,,,,,,,,,,,,,,,,,,,,,,,,,,,,,,,,,,,,,,,,,,,,,,,,,,,,,,,,,,,,,,,,,,,,,,,,,,,,,,,,,,,,,,,,,,,,,,,,,,,,,,,,,,,,,,,,,,,,,,,,,,,,,,,,,,,,,,,,,,,,,,,,,,,,,,,,,,,,,,,,,,,,,,,,,,,,,,,,,,,,,,,,,,,,,,,,,,,,,,,,,,,,,,,,,,,,,,,,,,,,,,,,,,,,,,,,,,,,,,,,,,,,,,,,,,,,,,,,,,,,,,,,,,,,,,,,,,,,,,,,,,,,,,,,,,,,,,,,,,,,,,,,,,,,,,,,,,,,,,,,,,,,,,,,,,,,,,,,,,,,,,,,,,,,,,,,,,,,,,,,,,,,,,,,,,,,,,,,,,,,,,,,,,,,,,,,,,,,,,,,,,,,,,,,,,,,,,,,,,,,,,,,,,,,,,,,,,,,,,,,,,,,,,,,,,,,,,,,,,,,,,,,,,,,,,,,,,,,,,,,,,,,,,,,,,,,,,,,,,,,,,,,,,,,,,,,,,,,,,,,,,,,,,,,,,,,,,,,,,,,,,,,,,,,,,,,,,,,,,,,,,,,,,,,,,,,,,,,,,,,,,,,,,,,,,,,,,,,,,,,,,,,,,,,,,,,,,,,,,,,,,,,,,,,,,,,,,,,,,,,,,,,,,,,,,,,,,,,,,,,,,,,,,,,,,,,,,,,,,,,,,,,,
シャ,0.1637679785490036,0.6852834820747375,-0.0182372108101844,-0.2569911479949951,-0.0199944898486137,0.2520952522754669,0.3022083044052124,0.0193946342915296,-0.5396049618721008,-0.5795269012451172,0.7236732244491577,0.0382702760398387,-0.593303918838501,-0.2734935879707336,0.5578640103340149,-0.1817711293697357,0.1849235743284225,-0.2653305232524872,0.2238464057445526,-0.6776832938194275,-0.4379788637161255,-0.5684185028076172,0.1140577048063278,-0.1389373242855072,0.2439916580915451,-0.0814090445637703,0.3129862248897552,-0.0405934937298297,-0.5179132223129272,-0.527884840965271,-0.6491246819496155,-0.4675005972385406,-0.0401904508471488,0.1959670186042785,-0.0139537863433361,-0.188801109790802,0.143686756491661,0.674738347530365,-0.1404418051242828,0.1261038482189178,0.3608331084251404,-0.0939037799835205,-0.2137065231800079,-0.6135620474815369,0.284762293100357,0.8642876744270325,0.0498477406799793,0.2910492122173309,0.5455108284950256,0.2343372255563736,-0.0038431177381426,0.157552421092987,0.2547220885753631,-0.0534067936241626,-0.3818019330501556,0.159566044807434,0.5660009980201721,-0.4622770547866821,0.0751542374491691,0.0988344103097915,-0.808904767036438,-0.0224689599126577,0.0473599918186664,0.0023908698931336,0.0957305207848548,0.3231859803199768,0.1651446968317031,-0.134156733751297,-0.4749421179294586,-0.0318332090973854,-0.2889051735401153,0.356215626001358,-0.2731084525585174,-0.2120798528194427,0.2831262052059173,-0.2878768146038055,0.3545995950698852,-0.3840070962905884,0.2531583309173584,-0.0413474477827549,-0.4015957117080688,0.1086423397064209,-0.1320164054632187,-0.7592801451683044,-0.0324056968092918,0.1054553091526031,-0.989303708076477,-0.7470555305480957,0.1727630943059921,-0.3127921223640442,-0.0899655595421791,-0.1072312742471695,0.2576560378074646,-0.0498194545507431,-0.4525230526924133,-0.3251977562904358,0.3005703389644623,-0.0470547787845134,-0.2771649062633514,0.0871997103095054,-0.0158304031938314,0.0684224441647529,0.4051068723201751,0.218866541981697,0.1969677656888961,-0.5655325651168823,-0.2230655252933502,-0.4924857020378113,0.1842037886381149,0.1158382147550582,-0.3520872294902801,-0.5417745113372803,-0.6738004088401794,0.109566144645214,-0.3073597848415375,-0.4144960939884186,-0.0529450811445713,0.3741364777088165,-0.0702810287475586,0.2143613696098327,0.2528281509876251,0.540809690952301,-0.1903543025255203,0.0865981429815292,-0.3799937963485718,0.0586593635380268,0.2866542041301727,-0.3696866035461426,-0.009576553478837,-0.389859676361084,-0.3381912112236023,-0.1769250631332397,-0.2543725073337555,0.2201685011386871,-0.3401957750320434,0.4942337572574615,-0.0065807704813778,0.0877054035663604,-0.0831727311015129,-0.5266180038452148,-0.1256586164236068,-0.0092560211196541,1.0813043117523191,-0.5155030488967896,-0.2177682518959045,0.1402478516101837,-0.1430617421865463,-0.598726749420166,0.4584110081195831,0.5686424374580383,-0.0209169425070285,0.5564791560173035,-0.5280057191848755,-0.1308351159095764,0.1736894100904464,-0.1030705645680427,-0.2733658850193023,0.1865423172712326,-0.0798463746905326,0.336252748966217,0.3691776990890503,-0.4623350203037262,0.5515576601028442,0.8471452593803406,0.305345207452774,0.7476540207862854,0.0683295950293541,0.358955055475235,0.2586535513401031,0.6841005086898804,0.0572323277592659,0.3133181035518646,0.9381021857261658,-0.6460370421409607,-0.1092676520347595,0.4338668584823608,0.3706502318382263,0.4883606433868408,-0.0634077116847038,-0.1950211375951767,-0.1653143018484115,-0.2987932860851288,0.5699483156204224,-0.3447516560554504,0.5605751872062683,-0.1193677112460136,0.19271220266819,-0.504521369934082,0.1124004200100898,0.2201023548841476,-0.0434870012104511,-0.2866389751434326,0.3248499035835266,-0.4347196519374847,-0.1945031881332397,-0.2198614925146103,-0.6015869379043579,0.0150217721238732,0.1583146750926971,0.5439967513084412,-0.0409120358526706,0.149953544139862,0.1197453215718269,-0.4095341265201568,-0.7448316216468811,-0.0557420067489147,0.0460390746593475,0.6898858547210693,0.5171521306037903,0.0544129610061645,-1.0046262741088867,0.4805348217487335,0.0634539574384689,0.129201278090477,0.2843354642391205,0.2617390751838684,-0.3839854896068573,-0.6374601125717163,0.4543584883213043,-0.0800466984510421,0.2467705160379409,0.0826126635074615,0.2938980758190155,-0.0178981721401214,-0.2650116980075836,-0.088120087981224,0.2837907969951629,-0.1386903822422027,-0.0080510526895523,0.4046186208724975,-0.1674093306064605,-0.2489888221025467,-0.5021133422851562,-0.0934250056743621,-0.7714136838912964,0.0136812105774879,-0.3141083717346191,0.7112239599227905,-0.3175432085990906,-0.1054821386933326,-0.2538516819477081,-0.5588401556015015,-0.0436395853757858,-0.2819095849990845,-0.3299037516117096,0.0365536399185657,0.2124577462673187,-0.2579467296600342,0.0819630175828933,-0.1964265555143356,-0.7561593055725098,-0.0419983230531215,-0.1974172294139862,-0.5999804139137268,0.6444852948188782,0.6516051292419434,0.077835664153099,-0.1644358485937118,0.0251344814896583,-0.1802224665880203,-0.3552045822143554,-0.8294928073883057,-0.198593407869339,-0.3988592624664306,-0.0941659733653068,-0.1065457388758659,-0.0273247919976711,-0.6297730803489685,-0.6754624843597412,-0.0150994192808866,-0.2349869012832641,-0.4038520157337188,0.0083470661193132,0.2375797927379608,-0.2682341039180755,0.2494940012693405,-0.1284154206514358,0.5663531422615051,-0.4898924529552459,1.055141568183899,-0.4802708327770233,0.7014778256416321,-0.6299211978912354,-0.5246898531913757,0.2302158176898956,0.1441420763731002,-0.4410014748573303,-0.5921996235847473,0.163835272192955,0.3836420178413391,0.0539260394871234,-0.389141321182251,-0.3803723454475403,-0.1056973338127136,-0.5005427002906799,-0.118624709546566,0.2142862379550933,0.1140979528427124,0.308421790599823,-0.3398478031158447,0.2144677489995956,0.0333649367094039,0.0547797866165638,-0.1442151069641113,-0.2085307240486145,-0.7991611957550049,-0.1645917147397995,-0.1143206357955932,0.7489250898361206,-0.1211413666605949,0.1881513893604278,0.9704729318618774,-0.5076154470443726,0.0325700528919696,0.605380654335022,0.2624994814395904,-1.6318316459655762,0.2397406995296478,0.2291738986968994,-0.0242695696651935,-0.1206046864390373,0.5245553255081177,0.2801748216152191,0.3251554071903229,-0.2216064929962158,-0.9174798130989076,1.02112877368927,-0.0633742660284042,-0.3746301233768463,0.8323580622673035,0.4144972562789917,0.1623106896877288,0.4059374928474426,-0.3198056817054748,-0.4352425932884216,0.2111149281263351,0.4560228288173675,-0.0419947244226932,-0.5393721461296082,-0.3145785629749298,-0.3523080050945282,0.5458506941795349,-0.2026659250259399,0.3204149603843689,-0.1024095863103866,-0.2714644968509674,0.0830992385745048,0.9795236587524414,0.4014927744865417,0.7450689077377319,-0.2457762956619262,-0.2500335574150085,0.7262306213378906,0.4984745979309082,0.2794299125671386,0.0594420507550239,0.0767149999737739,-0.229347363114357,0.140030637383461,0.2749712765216827,-0.0396734029054641,0.658171534538269,0.659611165523529,0.0523029267787933,-0.1238588690757751,-0.06728545576334,0.3489738702774048,-0.2709304094314575,0.1398974061012268,0.3952270448207855,0.8096606135368347,0.0439776517450809,0.1112633198499679,0.1604064404964447,0.3901684582233429,-0.3423554301261902,0.2296957820653915,0.251054584980011,0.0084973126649856,-0.1625114232301712,-0.4490672051906585,-0.3577830791473388,0.0931884124875068,0.1553554832935333,-0.1947228759527206,-0.8705845475196838,-0.9193600416183472,0.2698069810867309,0.1147132962942123,-0.8632940053939819,0.414677232503891,0.2247691005468368,0.7629753947257996,-0.3932444453239441,0.1576481610536575,0.2896924614906311,-0.3250437676906585,0.0585171245038509,0.1687820553779602,0.3429179489612579,-0.2391819804906845,-0.0321797356009483,-0.4554081857204437,0.3184592127799988,-0.7610635757446289,0.0282266642898321,-0.7552899718284607,-0.0575520992279052,-0.0666630268096923,0.2988430857658386,-0.0815155357122421,0.0909881144762039,0.2144116908311844,0.1144417524337768,-0.752310574054718,-0.5785741209983826,-0.1898510754108429,0.2949368059635162,-0.0751202702522277,0.6018667221069336,-0.1252857893705368,0.5776404142379761,0.556693434715271,0.2499673664569854,-0.0598093308508396,0.2898857295513153,0.1447098404169082,-0.3224405646324157,0.4999490976333618,-0.5400859713554382,-0.0741667672991752,0.3028149306774139,0.0019381101010367,0.5010285973548889,0.1392560750246048,-0.2091028094291687,-0.1298360526561737,0.2937823235988617,-0.1797801703214645,0.6677766442298889,0.2664197087287903,1.1264301538467407,-0.5970956087112427,0.3198723495006561,0.3289568126201629,-0.3743582963943481,0.4827176928520202,-0.634929358959198,0.1748639792203903,-0.2068627178668975,0.2482498735189438,1.0511096715927124,0.1728178858757019,0.2992814779281616,0.7339068651199341,0.4976608157157898,-0.2495955824851989,0.3178746700286865,0.3530086278915405,-0.1071501225233078,-0.3235215246677398,0.0865015536546707,-0.4164130389690399,-0.426636129617691,-0.1992768943309784,-0.3908950090408325,0.1734834164381027,0.1853373944759369,0.0294646155089139,-0.2540131211280823,-0.2853401899337768,-0.2694316208362579,-0.6500402688980103,-0.0441688485443592,0.2726457118988037,0.5451034307479858,0.5181478261947632,-0.242118552327156,-0.3175850510597229,0.0360966771841049,0.0200082845985889,0.1687518805265426,0.3459256589412689,-0.3374785184860229,-0.162955567240715,0.3372043967247009,0.0493554919958114,-0.0684433951973915,0.1684928834438324,0.0340972356498241,-0.1827215701341629,-0.2020960003137588,-0.0126734552904963,0.0271316077560186,-0.2124230861663818,0.0202183425426483,0.3440661430358886,0.040673017501831,-0.0677927881479263,-0.5407324433326721,-0.1874793618917465,-0.1405871957540512,-0.232950821518898,-0.6018632650375366,-0.0656146109104156,-0.0151731390506029,-0.3302466869354248,0.5983154773712158,0.272525429725647,-0.3606466352939605,0.0161977130919694,0.5887596011161804,0.2247472703456878,0.157560795545578,-0.7051018476486206,0.0232868511229753,-0.2944420278072357,0.1594354212284088,0.4660210609436035,-0.4864276945590973,0.2333420217037201,0.0855895802378654,-0.4596237242221832,-0.2981936931610107,-0.0645001009106636,-1.0047355890274048,0.8466678261756897,-0.4773139655590057,0.0119341919198632,-0.3351384997367859,-0.0853706672787666,0.2775419652462005,-0.0171981360763311,-0.4827865958213806,0.6412553787231445,0.2599284052848816,-0.9627305269241332,0.0822033286094665,-0.5697875618934631,-0.4816816449165344,0.4098979532718658,0.1510988473892212,-0.5259441137313843,-0.1179412379860878,0.5206546783447266,-0.2506940364837646,-0.258293092250824,0.5934951305389404,-0.2072542905807495,0.1032378897070884,0.7246273159980774,0.3377212882041931,0.6464483737945557,-0.0429623275995254,-0.0516097582876682,0.1231996491551399,0.3978514671325683,0.3336052894592285,0.697050154209137,0.1597290784120559,0.0800327211618423,0.4536682665348053,-0.6405652165412903,0.1579670757055282,0.141162097454071,0.3912940323352813,-0.455874502658844,0.0082141235470771,0.6994012594223022,-0.4352217018604278,0.657775342464447,0.4025918543338775,0.6059295535087585,0.6334262490272522,-0.6634430289268494,0.2200912684202194,-1.4386721849441528,0.0611811950802803,-0.2616821229457855,0.3703930079936981,-0.4033686518669128,-0.1562164276838302,-0.2713504731655121,0.2387137413024902,-0.1729519516229629,0.3418658077716827,0.3132136166095733,0.0354251042008399,0.0281548388302326,-0.1718270778656005,1.3035794496536257,0.1102779433131218,-0.5683208107948303,-0.4527097344398498,-0.3111840188503265,0.1793484687805175,0.3042117357254028,-0.2640871107578277,-0.0864730551838874,-0.5166327357292175,-1.108842849731445,-0.1686684638261795,0.5424204468727112,0.2467939257621765,0.407608151435852,-0.8623856902122498,-0.2630287408828735,0.3251746594905853,0.3623315095901489,0.1394300311803817,0.1018799096345901,-0.234524667263031,0.1276414841413498,-0.252381831407547,-0.1999985128641128,0.5139216780662537,0.2972862720489502,0.1566358059644699,-0.5672271251678467,-0.5148134827613831,0.2427355200052261,0.581709086894989,-0.2301915884017944,0.4108481109142303,0.1948166489601135,-0.2549435198307037,-0.4757512211799621,-0.5041185021400452,-0.0539900921285152,-0.5187243819236755,-0.4577032625675201,0.3150697946548462,0.1200287193059921,0.2235127538442611,-0.0251049194484949,0.2479755133390426,0.2208321988582611,0.251878023147583,-0.076055496931076,-0.3462566137313843,0.3155280947685241,-0.0037023450713604,-0.4990293383598327,0.0774662420153617,-0.4444073140621185,0.4310175776481628,0.0129367690533399,0.269311249256134,-0.2645098865032196,-0.3588180541992187,-0.2829087674617767,0.3833208084106445,-0.3683503270149231,-0.4032508134841919,0.4637457132339477,-0.0753631666302681,-0.3004192411899566,-1.0790342092514038,0.3098311722278595,-0.2843208312988281,0.600643515586853,0.1680866479873657,-0.5155640244483948,-0.4555095434188843,0.1467834115028381,-0.4115341603755951,-0.5093130469322205,0.022819397971034,-10.129753112792969,-0.5810727477073669,-0.5370913743972778,-0.7462680339813232,-0.7491548657417297,0.2109479904174804,0.3383531272411346,0.3000792264938354,-0.3541416227817535,0.161018818616867,-0.0093196686357259,0.5093222260475159,0.0472778640687465,-0.0161147620528936,0.0841522067785263,-0.1978883445262909,0.0990814864635467,-0.5299700498580933,-0.3255318105220794,-0.3456676006317138,0.1447764337062835,-0.4616815149784088,0.7300481200218201,-0.0006493595428764,0.0756722241640091,-0.4117876589298248,-0.5459826588630676,-0.0148443486541509,-0.0518331006169319,0.5096969604492188,0.0807290151715278,0.6260885000228882,-0.0738503411412239,0.5914934277534485,-0.4095212519168854,-0.3385758399963379,-0.3354094922542572,-0.2848002016544342,-0.3718974888324737,0.0024979528971016,-0.2555180788040161,0.4786810576915741,0.0620806738734245,0.0208966080099344,0.2764690220355987,0.587485671043396,0.3334672152996063,0.3991516530513763,0.4163219034671783,0.2903102338314056,-0.0902522206306457,-0.3213789463043213,0.5491716861724854,-0.426965981721878,0.3873163759708404,0.7794948816299438,0.3947217166423797,-0.9290754199028016,0.1042536944150924,0.0730642303824424,0.1494805514812469,0.2609695792198181,1.1686975955963137,0.4562102854251861,-0.1604972332715988,0.2248909324407577,0.687315046787262,0.0632690042257309,0.3210788667201996,-0.1718239933252334,0.4871326982975006,-0.3138954937458038,0.0064560584723949,0.2655721008777618,-0.1793988794088363,0.7295907735824585,0.0657552182674408,0.3038165271282196,1.0213371515274048,0.2235197871923446,0.7181531190872192,0.1139745339751243,0.1040580570697784,0.2954534292221069,-0.7775003910064697,0.2993794977664947,0.1597358286380767,-0.321602463722229,0.4767333567142486,-0.3746050596237182,0.4325312972068786,0.3725931346416473,-0.0092088421806693,0.2749393284320831,0.025486834347248,0.0966890230774879,0.2708804309368133,0.5943582057952881,0.2176750153303146,0.3096931874752044,-0.7248851,-0.5181755,1.0951519,1.2308818,-1.1471006,-0.19325635,-1.2986553,0.59865665,1.2005796,0.46713454,0.4850758,-0.06881721,-1.7080975,1.8771448,-0.8946934,0.2922131,0.72059524,-0.9039253,0.31498304,-0.6723675,0.284985,0.46953443,0.29224852,-1.0657033,0.90504545,0.6110026,0.632699,-0.18132655,-0.82324266,-0.78837806,-0.54235697,-0.28087634,-0.9934825,-0.54971737,0.53177476,-0.9042659,-1.2717993,1.7492436,0.3483763,-0.9897227,-1.0232836,0.42148095,-0.104567766,0.09074133,-0.6841528,0.14379588,1.8792032,-0.68398875,0.9125914,-0.6893018,-0.87102604,-0.33964348,0.50757635,0.7842078,0.5783925,-0.26310024,1.2916132,0.8613253,0.072143786,-0.4476504,0.40995887,0.7652187,-0.89849854,-0.0641235,0.44535452,0.64917535,-0.076432064,0.28675446,-0.17985551,-0.16597033,-2.4139683,-1.2390443,0.13620906,1.2670504,-1.5386616,0.88694257,-0.03682884,-0.37268505,0.15642725,-0.15878074,0.11943521,-0.09514862,-1.2682055,1.2503165,-0.9969602,-1.0235546,-0.25600758,0.30956513,-1.3726037,-0.52522004,-0.19105485,-1.5007467,-1.2579119,-0.84058154,1.2239429,0.17187728,-0.5582828,-0.89063275,-1.5236005,-0.027378095,0.44267422,1.0541465,-0.00019437926,-0.03606503,-1.222827,-0.05554623,-0.5865072,-0.55695647,-0.71807253,0.11917687,0.14429066,0.91455764,0.61077994,1.3038881,0.5044717,0.92254585,-1.0029043,-0.6619439,-0.530434,0.3092911,1.4397444,0.23339126,-1.1428294,0.18361779,0.40901357,1.0810667,0.19674371,-1.1770203,0.4825857,0.10244342,0.46578223,-0.48949066,1.5250375,0.7393308,-0.43208438,-0.4560011,-0.44106826,-0.15546083,0.6452758,-1.2361871,-0.36692858,0.42611143,0.431484,-0.5139438,0.3301634,-0.8715158,-0.06661962,0.91709757,1.6679065,-0.27541295,-0.55772364,-0.21027255,-1.3359115,0.6241962,0.7778845,-0.34616286,0.025766313,0.49870506,-1.5283468,1.0592577,-0.16179232,1.2505381,-1.2213584,0.91171855,-0.27375194,0.39405107,-0.484511,0.72206956,-0.8824833,-1.8833523,-0.62707746,0.2663606,0.44582123,-0.4140189,0.90548754,-0.443021,0.3715028,0.60786235,-1.2764848,-0.069329575,0.9259041,1.1453679,0.08458958,1.5589001,-0.5323019,0.59275144,0.8866143,0.3646047,0.4556016,-0.16146506,0.9238963,-0.724442,0.611792,1.0908331,0.46676397,2.1138341,0.27645767,-1.5042616,-1.301575,0.9187578,-2.046809,-0.80490917,0.8367744,-0.8490154,1.2922436,-0.7294914,-1.029513,1.8311956,0.565839,-0.10100627,-1.0191747,-1.1667824,1.1233902,0.65378684,-0.5189246,0.3608707,-0.97297573,0.120484956,-0.48981827,-0.35159752,1.3152297,0.6311959,-0.007271554,0.9614507,-0.7747885,0.2516889,0.49503082,0.08887087,0.58690816,0.41936487,-1.4557307,0.54293644,0.6165949,-0.3185152,-0.24422562,0.19269052,-0.95298296,1.1216401,-0.19464234,0.8204829,0.36132196,-0.35741737,0.10120273,-0.5114514,0.06872191,0.518724,1.7814839,0.18755925,-2.3001463,0.06219235,0.3936928,0.94914204,0.0008392249,0.2582398,0.5603598,1.498027,-0.66504115,0.035375196,-0.3748662,-0.69991016,-0.4167111,0.948115,0.4032231,0.28628215,0.33295396,-0.104066916,-0.12779213,-0.041022412,-0.23059438,-0.5473195,-0.936989,-0.55991215,-0.8760462,0.25456423,0.33394346,0.731544,-0.6728013,-1.2038714,-0.52107334,0.40515962,0.7590314,-1.7235667,-0.24788336,-0.3153418,-1.0594056,0.42417628,0.017058006,-0.719617,0.20728795,1.3265297,-1.1310855,1.0027846,0.16586928,0.72089833,1.6294734,0.18870878,1.1535933,-0.50468475,0.46172485,-0.46899933,0.63559854,1.130018,-1.5659883,1.0775216,-0.57789963,-0.050935097,1.353976,-1.3236072,-0.5348951,-1.0614688,-0.08930938,-0.33969703,-1.0805948,2.219002,-2.1900456,1.4479126,-1.6397821,-0.42561555,-0.5117346,-0.21113113,-1.2670612,0.7096659,0.24357347,0.4115182,1.0396476,0.6036161,0.111444555,0.5151983,0.078123584,0.71851224,-0.38429812,0.59358835,-0.7872571,-1.4739636,-0.077972405,0.7394168,-1.1847496,-1.665838,-1.1271225,-0.13060847,0.3653264,-0.8643065,-0.34525272,0.91735476,-0.10516977,0.6711048,-1.1033912,-0.20497552,-0.08764424,-0.7436301,1.4749278,-0.029223502,1.2539629,-0.56898487,-0.36599535,0.60049903,-1.8227091,-0.33219615,-0.6834312,2.0682998,0.9737221,0.58368903,0.4600902,0.29789585,-0.1834631,-0.8440799,0.8372718,0.0032898146,1.9189845,-0.30766806,-0.42970926,1.1968542,0.060276322,0.59390163,-0.27899173,-0.52853906,1.753854,-0.46017623,-0.3948712,-0.6709337,-0.44460005,-0.17565754,-0.20824596,0.33984715,0.033059586,-0.20284836,0.67528325,0.56618017,-0.9984451,-1.1033976,-0.90426916,0.6118766,1.2110168,1.5006417,1.4340249,-0.20970027,-0.5179134,-1.6915052,0.49366316,1.1046133,0.3545777,0.3432992,-1.6977295,0.14130946,0.2874476,0.24680874,-1.2419826,-1.9248003,1.5964891,0.29597902,0.26065707,1.5559912,-0.99779797,-1.6873932,-0.95146435,0.3739259,0.28573766,-1.076114,-0.4748616,0.4660932,-0.48576233,0.75375134,1.1997534,0.71486044,0.06875615,-0.31351706,0.2915353,-0.004716907,-0.44896656,-0.382307,0.2009222,0.2945083,-1.2203418,-0.6811394,0.7622655,-1.6378926,0.90831965,-0.40724945,-0.18951324,-0.06410818,-0.2896256,-0.5886074,-0.22103442,0.2797604,-0.9430184,-0.6010142,0.39046115,-1.6992584,-1.8363968,0.57895625,1.1031033,-0.9755091,0.42934158,0.13463189,-0.5478181,0.8752136,-0.17597428,-0.48502114,0.6114701,-0.01891562,-0.2175951,-0.76333916,-1.5547068,-0.60777384,0.6282921,-1.2923381,-1.303025,1.3521473,0.74137145,-1.4570652,-1.1086046,-0.5435869,-0.07870132,0.8451987,0.5050422,0.16496646,-0.07416267,-0.85484415,-0.0050160564,0.18341683,0.6303916,-0.21690896,0.29283714,-0.04875825,-0.2313001,0.56546205,1.7061678,0.3449149,1.0867254,1.129462,0.54401374,-0.5060827,0.9760198,-0.3915258,0.18556306,0.7785659,-1.0823847,-1.2677612,2.0635736,-0.34222865,-1.0961101,0.22012891,0.096153714,-0.2522687,-0.16351877,0.3661556,0.81753874,0.9844352,1.2277817,1.7943408,-0.58243877,-0.21479328,-0.4606295,0.6326323,-0.74648935,-0.96220034,0.039468724,0.46540833,1.8396788,-0.5530244,0.5561813,0.7686868,-0.9523517,-0.9191874,0.4591549,0.09388329,-0.38770738,-0.62784296,0.16048945,-0.9505371,0.15842311,-1.939927,-0.286706,0.48401475,0.844971,-0.64490557,0.2023041,0.60354954,0.009587603,-1.0958453,0.18129267,0.91196436,1.5929686,-0.22497293,-0.55881846,0.3433313,-0.8078761,-1.1983978,-0.22884896,-1.2136652,-0.48177168,-0.0983818,-1.1019989,-0.18246369,-0.9056154,-0.5866751,1.3185005,0.3692337,0.14246796,-0.005184757,-0.7630037,1.2825454,-0.16011842,-0.56705374,1.6380489,0.45055273,-1.0159234,0.6559912,-0.8566434,1.4879096,-0.33910456,0.6455649,0.80110264,0.3521202,-0.54019994,1.425906,-0.638128,-0.41270396,-0.39131713,0.49599415,0.048075914,0.39375582,-1.827472,1.5330092,-1.6470386,-0.91305554,-0.022502622,0.5015281,-0.27112427,-0.119937845,-0.6131957,0.217185,0.71091473,-0.9702123,0.8518402,1.5215495,-0.030085405,-0.86708117,1.0306054,0.38451448,-0.29426804,0.21739337,2.2791648,0.118172035,0.6861463,-1.3346815,-0.76886654,0.47462314,-0.59934705,-0.93423957,-0.16544667,-0.3132108,0.26141447,0.45753455,-0.4632652,0.7743522,-0.955793,0.05005223,1.1089057,-0.9612728,-0.1246138,0.3676354,-0.7391106,-0.8040446,-1.1772325,0.9339815,0.8927022,-0.65644836,0.5799693,0.7890908,1.7445935,0.8615058,0.13252495,-0.4430766,0.8708883,1.1017843,0.5689744,-0.8521163,-1.6749609,0.50314575,1.400532,-0.23210199,0.72842133,0.23600127,-0.07149457,-2.0370915,0.6581664,0.21408258,0.034495447,0.9902684,0.3700237,-0.11832776,0.63682693,0.083174475,0.24176176,-0.21864386,-0.5691434,0.09484009,0.11255378,-0.93366534,-0.040618222,-1.0838087,0.21353118,-0.07807558,0.32667327,-1.71648,0.59690475,-0.2525541,0.8692066,0.8784338,0.15100393,-1.0562431,-0.40143552,-0.15713367,1.4249464,1.1158724,-0.41923612,-1.4331245,-0.28628153,0.98689854,0.624413,-0.6005813,-0.23527639,0.1879228,-0.586669,-0.45336547,-1.3349427,-0.3100501,0.66955286,0.40410995,-0.93219537,0.9439122,-1.9585686,1.0552026,0.08135126,-0.9186443,-0.013057021,-0.36613724,-0.8396924,2.1892388,1.1973749,-0.17375186,-0.20245565,0.49541,0.37390128,-0.36378446,-0.029879281,-1.1146219,0.7619877,1.6418555,0.48426613,-0.6964442,-0.23602857,-0.15047325,-0.29936036,1.7014511,-0.3471729,-0.3704736,-0.55075026,-0.49701753,-1.0333453,-0.30300114,-0.5182855,-0.20912123,-1.4210607,0.48661402,-0.4559856,-0.6149639,0.2877502,-0.31964925,-0.16490456,-0.35536584,0.8647398,0.7828712,0.2268678,0.8315258,-0.8492953,-0.2813254,-1.0768801,-0.32281238,0.47336254,-0.9822077,0.7822486,0.3894809,1.3511715,1.8307457,0.41887474,-0.7777918,0.5928384,0.10210306,0.046381712,-0.4719185,-0.2849624,-0.5554513,0.10222157,0.115216844,0.62366855,-1.2387533,-0.15409826,0.08745616,0.7202363,0.20053935,0.5900775,0.35818028,0.5987481,2.0966222,0.8399802,-0.14271364,,,,,,,,,,,,,,,,,,,,,,,,,,,,,,,,,,,,,,,,,,,,,,,,,,,,,,,,,,,,,,,,,,,,,,,,,,,,,,,,,,,,,,,,,,,,,,,,,,,,,,,,,,,,,,,,,,,,,,,,,,,,,,,,,,,,,,,,,,,,,,,,,,,,,,,,,,,,,,,,,,,,,,,,,,,,,,,,,,,,,,,,,,,,,,,,,,,,,,,,,,,,,,,,,,,,,,,,,,,,,,,,,,,,,,,,,,,,,,,,,,,,,,,,,,,,,,,,,,,,,,,,,,,,,,,,,,,,,,,,,,,,,,,,,,,,,,,,,,,,,,,,,,,,,,,,,,,,,,,,,,,,,,,,,,,,,,,,,,,,,,,,,,,,,,,,,,,,,,,,,,,,,,,,,,,,,,,,,,,,,,,,,,,,,,,,,,,,,,,,,,,,,,,,,,,,,,,,,,,,,,,,,,,,,,,,,,,,,,,,,,,,,,,,,,,,,,,,,,,,,,,,,,,,,,,,,,,,,,,,,,,,,,,,,,,,,,,,,,,,,,,,,,,,,,,,,,,,,,,,,,,,,,,,,,,,,,,,,,,,,,,,,,,,,,,,,,,,,,,,,,,,,,,,,,,,,,,,,,,,,,,,,,,,,,,,,,,,,,,,,,,,,,,,,,,,,,,,,,,,,,,,,,,,,,,,,,,,,,,,,,,,,,,,,,,,,,,,,,,,,,,,,,,,,,,,,,,,,,,,,,,,,,,,,,,,,,,,,,,,,,,,,,,,,,,,,,,,,,,,,,,,,,,,,,,,,,,,,,,,,,,,,,,,,,,,,,,,,,,,,,,,,,,,,
ヒョ,0.8402013182640076,0.8864259123802185,0.9529184103012084,-0.7092844843864441,0.2640710771083832,0.4531397521495819,0.4706394672393799,0.2019992768764495,-0.5217068791389465,-1.036341428756714,0.9711753726005554,-0.1207123845815658,-0.1603991091251373,0.1072288155555725,0.4086097478866577,-0.0636792257428169,-0.4140648543834686,-0.1236286610364914,0.2126194387674331,-0.3669615387916565,-0.946020245552063,-1.0753957033157349,0.1538380533456802,0.2056357711553573,0.1572071611881256,-0.3271514773368835,0.2363316714763641,-0.1421323716640472,0.4970192909240722,-0.308838278055191,-0.3612666726112366,0.2574970126152038,0.1263016909360885,-0.5485225319862366,-0.7351199984550476,0.6298437118530273,-0.4665107429027557,-0.3948886096477508,0.8275375366210938,0.4791396260261535,-0.5393547415733337,-0.0704584270715713,-0.1997954845428466,0.0426451005041599,0.0066734193824231,0.2175242751836776,-0.180136039853096,0.093847744166851,0.1311532706022262,-0.078713372349739,-0.7182508707046509,0.1061693578958511,0.7563138604164124,0.0536962635815143,0.12846140563488,-0.2392987310886383,0.5882565975189209,-0.6914922595024109,-0.1134813725948333,0.2217293232679367,-0.5234522819519043,0.0021012250799685,0.5023064017295837,-0.0333726815879344,-0.7393302917480469,0.3502902388572693,0.3051308989524841,0.0651079714298248,0.4027409851551056,-0.0771147906780242,0.3453409671783447,-0.002051718533039,-0.1354586631059646,-0.8722860217094421,0.0118876164779067,-0.7959455251693726,0.2293085753917694,0.5743157267570496,0.3181802034378052,0.2853630185127258,-0.4301016628742218,0.5468273758888245,0.2403901815414428,-0.0639001876115799,-0.2717317342758178,0.2977344095706939,-0.7212018370628357,-0.4948390126228332,1.0158390998840332,-0.3759993612766266,0.1367019414901733,-0.3116025924682617,0.0233610235154628,0.2402969896793365,0.1260959804058075,0.23441082239151,0.1236900463700294,0.0123652918264269,-0.3583544790744781,0.3847872614860534,-0.4462465047836303,-0.1305301487445831,0.6507263779640198,-0.3219900727272033,-0.7540174126625061,0.0233013723045587,-0.3798909783363342,0.2854487001895904,0.9422594308853148,-0.159913957118988,-0.2614949345588684,-0.929268479347229,-0.5332013964653015,-0.1948968470096588,0.4805018007755279,-0.1144355833530426,-0.5081951022148132,0.5017540454864502,-0.229011595249176,0.044873509556055,-0.0401870273053646,0.4586861431598663,-0.4342773854732513,-0.4007928073406219,-0.4296309351921081,0.0456701591610908,0.2928208410739898,-0.2448987960815429,-0.1774122565984726,-0.1275217682123184,-0.3063744008541107,-0.6356223225593567,-0.0926250740885734,-0.1674718856811523,-0.4903954863548279,0.4011684656143188,0.0791933983564376,0.0472650118172168,0.3554925322532654,-0.5593151450157166,-0.7983093857765198,-0.0220696926116943,0.0726196467876434,-0.4177624583244324,0.0866492167115211,0.0878165811300277,-0.1979495733976364,-0.574002206325531,0.2079791724681854,-0.1141997054219245,-0.2379137873649597,1.4850610494613647,-0.8472323417663574,0.3921401798725128,-0.242055281996727,0.6848089098930359,-0.5720543265342712,0.1695886254310608,0.4991597831249237,0.4558464586734772,0.289747953414917,0.3910814523696899,-0.3683060705661773,0.473260223865509,-0.0447301194071769,0.0304576139897108,-0.1625962704420089,-0.8225210905075073,0.1328815072774887,0.4306074678897857,0.6247649788856506,0.7646305561065674,0.3460645973682403,-0.0497559197247028,0.1595256477594375,0.2625771760940552,0.8273472785949707,0.1483378857374191,0.2171693444252014,-0.7370293736457825,0.4029550850391388,-0.1487280130386352,0.5488511323928833,-0.3537486791610718,0.5272070169448853,0.0010412619449198,-0.0267990641295909,-0.5078657865524292,-0.6144517660140991,0.6642650365829468,-0.3281778991222381,-0.5507776141166687,0.1954607665538787,-0.3636588156223297,0.0244633518159389,-0.1792472600936889,0.61920166015625,-0.1728480756282806,0.2203320264816284,0.254727303981781,0.071471557021141,0.0969033315777778,0.3057780563831329,-0.3402503132820129,-0.7175012230873108,-0.2900775074958801,-0.0241020359098911,0.4178555011749267,-0.0004461138742044,0.3663473427295685,-0.4978080093860626,0.2238940447568893,0.4943103492259979,0.1175707578659057,0.4850270748138428,-0.1252554208040237,-0.2645496428012848,-0.6479995846748352,0.2485208064317703,0.5153838992118835,0.1083794087171554,-0.2870300710201263,-0.083146683871746,0.2122607678174972,0.0779389217495918,0.4381456673145294,0.104242131114006,-0.4512432813644409,-0.461339384317398,0.1879638731479644,-0.4839061498641968,-0.5347288250923157,-0.4233202934265136,-0.0837688520550727,-0.7455229759216309,-0.7112442255020142,-0.2939954400062561,0.4081995189189911,-0.1757049113512039,0.1307981461286544,-0.2171629667282104,-0.2418249398469925,0.1836033463478088,-0.3229748904705047,-0.772477924823761,-0.0232807509601116,-0.265605479478836,0.1458535641431808,-0.1017135754227638,-0.3257646858692169,-0.4105221331119537,0.3074276745319366,0.1650837659835815,0.1350093483924865,0.3494160771369934,0.4872191250324249,0.7195417284965515,-0.555189311504364,0.5300774574279785,-0.6012885570526123,-0.4393970370292663,-0.6886433362960815,-0.224941000342369,0.0777284279465675,-0.1575800329446792,-0.2733401954174042,0.0258621107786893,-0.1868836879730224,-0.694868803024292,-0.413663387298584,0.378148078918457,-0.4571383893489837,0.0480074249207973,0.1941318362951278,0.1784478724002838,-0.2013610899448394,-0.4508569538593292,0.6929954290390015,-0.0434218160808086,-0.0894694179296493,-0.8486675024032593,0.3018200397491455,-0.4562558233737945,0.0764122307300567,-0.2909404039382934,0.3751297295093536,-0.5874490141868591,-0.1449161916971206,-0.212197721004486,-0.0173472296446561,0.3826923966407776,-0.4672489166259765,-0.3302934467792511,0.0714263021945953,-0.5083909630775452,0.0931640863418579,0.7742196917533875,-0.7288391590118408,0.4158223569393158,0.0705865770578384,0.8398691415786743,0.2521918714046478,0.770606279373169,-0.16172556579113,0.4860692620277405,-0.1550927460193634,0.1649810820817947,0.5839343667030334,0.59639573097229,0.0036707082763314,0.1213214322924614,0.4889711439609527,-0.6121795773506165,0.2034366279840469,0.3866227567195892,0.4396621584892273,-1.8341797590255733,-0.0941402912139892,0.4062133729457855,0.3001303970813751,-0.1778026074171066,0.1907840818166732,0.7222260236740112,0.5443304777145386,-0.2523622810840606,-0.7079489827156067,1.1127824783325195,0.5079794526100159,-0.0638263672590255,0.1312476694583892,0.3347005248069763,0.0335233099758625,-0.3259530961513519,-0.3084295392036438,0.6554327011108398,0.4273363351821899,-0.210871547460556,-0.2653607428073883,0.0765664428472518,-0.0045342282392084,-0.4703499674797058,0.2836269736289978,-0.3364321589469909,-0.6260625720024109,-0.6948462724685669,-0.0261771883815526,0.4231950938701629,0.7261601090431213,0.5526869893074036,-0.0823718532919883,-1.083271622657776,-0.2165854722261428,-0.2659042179584503,-0.0587523281574249,-0.0980758145451545,-0.1791010797023773,-0.1642684340476989,-0.0218696650117635,0.1880530714988708,-0.4384723007678985,0.938469171524048,-0.5042858719825745,-0.2407458126544952,0.4385305345058441,-0.4995814859867096,0.4769491553306579,0.4603908061981201,-0.2561194896697998,-0.0404003672301769,0.33465376496315,0.62010258436203,0.2366161793470382,-0.0493300706148147,0.1613800078630447,-0.1488865613937378,-0.5326104164123535,0.0672991946339607,-0.3525775969028473,0.0503637418150901,1.0977203845977783,0.0342283956706523,0.3049745559692383,0.1969953328371048,-0.3646270036697387,0.3736465275287628,-0.0121515952050685,-0.1986920088529586,-0.0449898578226566,-0.3092159032821655,0.3994574248790741,0.2657450735569,-0.0765920653939247,0.5791207551956177,0.1916858255863189,-0.8035536408424377,0.1766742318868637,-0.2892157435417175,0.787887692451477,0.1105365008115768,0.4657860994338989,0.0568254180252552,-0.0786471515893936,-0.0031716374214738,-0.5239953994750977,-0.4451206922531128,0.0060630957596004,-0.3335257768630981,0.0225681830197572,0.362295925617218,0.8075739741325378,-0.299902468919754,0.3549682796001434,-0.0826601311564445,0.1008668392896652,-1.06807279586792,-0.2209745496511459,-0.4175328910350799,0.5431703329086304,-0.1719494611024856,0.5313003063201904,0.2416865676641464,0.2665316462516784,0.3523620665073395,-0.3086983263492584,0.1950477063655853,-0.2145833969116211,-0.045533999800682,-0.5182064175605774,0.5455507636070251,-0.6702889204025269,-0.3202638626098633,0.1288624703884124,0.1317585855722427,0.3108663260936737,-0.2387038916349411,-0.4214089512825012,0.49323570728302,0.0482661351561546,-0.4241625666618347,0.4701060652732849,0.4363831877708435,0.4844595491886139,0.0112811215221881,0.7601022124290466,-0.4579939544200897,-0.1350991874933242,-0.6093227863311768,-0.3384333550930023,0.2733820676803589,0.2668427526950836,0.598150372505188,0.4302094876766205,0.230319857597351,-0.010950619354844,0.6849079132080078,-0.1006461232900619,-0.3351060748100281,0.4939877688884735,0.3320679068565368,0.2004559189081192,-0.2723183333873749,1.1715296506881714,-0.6082950830459595,0.0990936905145645,0.3469167053699493,-0.016169736161828,1.0257359743118286,0.5104175209999084,0.1885837912559509,-0.4613471627235412,-0.5786841511726379,-0.5361431241035461,-0.7601370215415955,-0.5721330046653748,-0.6318758726119995,-0.0009315708884969,0.4889010488986969,0.3781480491161346,-0.1598542928695678,0.3341378271579742,0.14195017516613,0.4646066129207611,0.3816909790039062,-0.5227125287055969,-0.0011413968168199,0.2944584786891937,-0.5920130610466003,-0.249683067202568,0.177799567580223,0.4954040944576263,-0.1352295130491256,-0.7931813597679138,-0.2269943356513977,0.0119106639176607,0.3226131200790405,-0.5355316996574402,0.3086459934711456,0.1244554668664932,-0.6615316271781921,0.1016613915562629,-0.3506644368171692,-0.5141119360923767,-0.7690661549568176,-0.4846237301826477,-0.6316962242126465,-0.0143179288133978,-0.596053957939148,0.761843740940094,0.7653159499168396,-0.309931218624115,0.2458657175302505,0.2578209936618805,0.23653244972229,-0.4155992269515991,-0.0596810244023799,-0.6008260846138,-0.3979058861732483,-1.1534206867218018,-0.0992932245135307,-0.2772306799888611,0.3442450761795044,0.0940424427390098,-0.644173264503479,-0.5655224323272705,0.5352935791015625,-0.7708964347839355,0.419559508562088,-0.007034296169877,0.674909234046936,-1.154043197631836,0.1232856065034866,0.2639124691486358,-0.5251487493515015,-0.3640531003475189,0.2615995109081268,-0.280412495136261,-1.6007555723190308,-0.1562930196523666,0.1368463933467865,-0.588234007358551,1.141083836555481,-0.0418497957289218,-0.3155383169651031,0.3626347780227661,0.8684769868850708,0.2778588235378265,0.144762322306633,0.6023383140563965,-0.4258224368095398,0.4226493537425995,0.2265450060367584,-0.3908765912055969,0.4078980684280395,0.1168313100934028,-0.2685392200946808,-0.077699564397335,0.4312033653259277,0.0399543270468711,0.5593757033348083,0.2731857895851135,-0.017370318993926,-0.4970459640026092,-0.4188170731067657,0.0034556286409497,-0.4379518032073974,0.0992165058851242,-0.2801329493522644,0.7456784248352051,0.6247022151947021,0.1110539063811302,-0.0198966655880212,1.2410669326782229,-0.1996026933193206,0.748587429523468,0.3527284562587738,-0.1681818962097168,-0.5958816409111023,-0.0360062383115291,0.5554254651069641,0.3532405495643616,-0.2933147251605987,0.1194443777203559,0.311793714761734,-0.860252320766449,0.051699336618185,-0.2723455429077148,-0.0275569781661033,0.608252227306366,0.4156177937984466,-0.0225809458643198,1.01793110370636,0.5143672823905945,-0.4853048324584961,0.0246193688362836,0.0592975430190563,0.8606547117233276,0.7500612139701843,-0.021805441007018,0.8092977404594421,-0.3977308571338653,-0.7300600409507751,0.4405621886253357,0.493886649608612,-0.0189405493438243,0.400599867105484,-0.1049231067299842,-0.9286898970603944,1.0819119215011597,0.4049954414367676,0.3570279777050018,-0.5450643301010132,-0.591494619846344,0.3785147070884704,-0.0014373573940247,-0.457447201013565,-0.0770623832941055,0.0155656989663839,0.5647145509719849,0.1210075989365577,-0.3905628025531769,0.0294983778148889,0.7060681581497192,0.287578284740448,-0.2003862410783767,-0.0066772154532372,0.0421230569481849,0.0687439143657684,-0.0518108420073986,0.2702793180942535,0.0135433366522192,-0.4707966446876526,0.2606574296951294,-0.4188301265239715,-0.4180059432983398,-0.244837999343872,0.0229608081281185,-0.2488712817430496,0.0861528664827346,-0.0107278954237699,-0.8860316276550293,0.2589236795902252,0.1878138482570648,-0.4448656141757965,-0.4429190456867218,-0.1805579513311386,0.1347978711128235,-0.6955134868621826,-0.2208022624254226,-0.8743792176246643,-0.1429607719182968,-0.3097889423370361,0.1189098730683326,-0.9362959265708924,-0.6122268438339233,0.2495551109313964,-0.1483074873685836,-0.137794092297554,-1.1248252391815186,0.7817105650901794,0.7778563499450684,0.0352769531309604,-0.2534845173358917,0.0378709398210048,-0.2182121127843856,-0.004499192815274,-0.6505327224731445,-0.3982132375240326,-0.006168607622385,-9.708775520324709,0.0776672139763832,-0.1643930375576019,-0.3139532506465912,-0.4237111806869507,-0.2220294326543808,0.7684469223022461,1.6069897413253784,-0.330838680267334,1.1056560277938845,-0.1659848839044571,-0.4626069068908691,0.5336809158325195,0.3298137187957763,-0.1312882304191589,0.0593688897788524,-0.5115081071853638,-0.1822537928819656,-0.4134491086006164,0.120540827512741,-0.0070847854949533,0.0526954978704452,1.1588022708892822,0.1564518362283706,0.6178663372993469,-0.2276137769222259,-0.034473717212677,0.5587851405143738,0.2236207425594329,0.1878172755241394,-1.0751912593841553,-0.0849870145320892,0.2826878726482391,-0.2375741451978683,-0.1530635952949524,0.1888940185308456,0.3821322023868561,0.7402351498603821,-0.4396693408489227,0.5346937775611877,0.0636202618479728,0.9397262930870056,0.5205726623535156,0.3660965859889984,-0.0496458336710929,0.0254693087190389,-0.131986916065216,0.0327780060470104,0.6909484267234802,-0.1620034128427505,0.0472787469625473,0.0489967875182628,0.4135803580284118,-0.609581708908081,0.4664559066295624,-0.0674460530281066,0.182023212313652,-1.34434711933136,0.1212959364056587,-0.0207534451037645,0.2135902494192123,0.6157245635986328,0.8330112099647522,0.8587244749069214,-0.1951933205127716,0.6786867380142212,-0.2040471881628036,0.0900294780731201,-0.7862498164176941,-0.27702397108078,-0.0451393239200115,0.0937951579689979,0.2630598247051239,0.1610091179609298,-0.2916879653930664,0.3688946366310119,0.206041544675827,0.1483432799577713,0.5821508169174194,0.0091093443334102,0.0905089005827903,-0.1089424341917038,0.0717112571001052,0.2732034027576446,-0.3476391136646271,0.0293124485760927,-0.1971959620714187,-0.624050498008728,0.326962262392044,-0.7329292893409729,0.5326489806175232,0.3075511157512665,-0.5987350344657898,0.2507778704166412,0.4450560808181762,-0.3497938215732574,-0.4327191710472107,-0.2083632051944732,0.3930385112762451,-0.3484673202037811,-0.8151441,-0.30993205,0.91553473,0.71547097,-0.7813092,-0.2845623,-1.3308688,0.56152135,1.5685172,-0.07842377,0.36279586,-0.005073574,-1.6341348,2.2521899,-0.8770182,0.20406872,1.1503918,-0.9490689,0.13888782,-0.22329527,0.68413574,0.84287685,0.7298443,-0.6580197,1.0420007,0.50308645,0.9809015,-0.4544442,-0.36786568,-0.93953586,0.046722785,-0.38421053,-0.8208305,-0.23877954,-0.22193635,-1.1998434,-1.2510006,1.1790212,0.15842293,-0.75222135,-0.7144929,0.8516574,0.4152682,-0.1722557,-0.9875712,0.03369089,1.7101878,-0.37989497,0.62015,-0.67827743,-0.76230514,-0.36474484,0.5649417,1.0575594,0.8537742,-0.57838434,0.87358403,1.1881441,-0.16910852,-0.097271554,0.5413101,0.21996017,-0.7199813,-0.104142636,0.25056708,0.64184946,-0.41392562,-0.122935735,-0.35722733,-0.105102316,-2.480729,-1.1377218,-0.20287092,1.0846013,-1.3963357,1.0611303,-0.056187525,-0.71487564,0.048792318,-0.37718087,0.32208288,-0.36461696,-1.252307,1.3663344,-0.98600346,-1.1732509,-0.3706527,-0.18573153,-1.327037,-0.3617321,-0.39740777,-1.262504,-0.89454544,-1.1417565,1.6884899,0.26094857,-0.86745197,-0.9568086,-1.2467313,-0.0373742,-0.058428142,1.3206469,0.3175952,-0.33777678,-0.759057,-0.36503485,-0.7997999,-0.52906907,-0.869059,0.83368546,0.25293896,0.41855288,0.6937177,1.3537034,0.4833154,0.6210435,-0.9397718,-0.7338752,-0.23150529,0.39263144,1.1465529,0.39350337,-0.4564244,0.39680758,-0.06206837,1.0084157,0.35342777,-1.1467721,0.3475092,0.18188782,0.5337751,-0.14057142,1.9497447,0.43392846,-0.9415004,-0.3708954,-0.2722647,0.36959022,0.6128937,-1.2446669,-0.5649288,0.51683396,-0.36434105,-0.21972251,0.660774,-1.1674743,-0.05985317,0.9007932,1.4414285,0.0434395,-0.6410623,0.11073716,-1.681992,0.49730238,0.9011226,-0.281675,-0.20124699,0.09944794,-0.9175218,0.90020466,-0.40554872,1.8376405,-1.0511466,0.6855185,0.057282224,0.8185613,-0.62774456,0.52439034,-0.98909825,-2.3839312,-0.39786375,0.08155371,0.45895618,0.002367687,0.7741879,0.042138305,0.39219016,0.13615355,-1.3557786,-0.18105859,1.0122628,1.0927919,-0.42238683,1.393972,-0.085767895,0.32831776,0.5555079,0.5744758,0.54141474,0.17084828,1.2008113,-0.30766356,0.7270368,1.0270697,0.43782598,2.5009456,0.47487742,-1.716923,-1.3268116,0.60388404,-2.349944,-0.46182305,0.99179554,-1.2761427,0.9135366,-1.2456014,-1.0061431,1.8798807,0.56756043,-0.14024895,-1.1954824,-1.4516482,1.2701802,0.87328964,-0.7088816,-0.056201365,-1.0433296,-0.09594043,-0.25260326,-0.33020514,0.96644294,0.7154586,-0.29185632,1.6471354,-0.8342997,0.44966492,0.45786348,-0.022394499,0.27105355,0.727698,-0.9567569,0.46225676,0.26034787,0.012918735,-0.51887137,0.6154656,-0.55195785,0.617711,-0.27896026,0.6784997,0.6485159,-0.303183,-0.05161391,0.11957386,0.13039273,0.61124265,1.1118395,0.040289115,-1.5180811,0.033270556,0.55226,0.6325288,-0.061787248,0.25033775,0.27173722,0.7629702,-0.36597812,-0.016206957,-0.54650193,-0.5259703,0.43831328,0.32325915,0.23320535,-0.018471982,-0.16808847,-0.29863417,-0.6392937,0.41790947,-0.10732142,-0.8220837,-1.0010102,-0.8874481,-0.8231865,0.43533665,0.30316404,0.62776566,-0.364221,-0.79077625,-0.87729883,0.51390755,0.22934042,-1.846152,-0.21851093,-0.057291064,-0.49182224,0.5070637,0.41488287,-0.60166097,0.41237426,0.6421931,-1.5913601,0.81662667,0.48271146,0.951714,1.5552659,0.103958935,0.81595874,-1.1596842,0.36724478,-0.8512933,0.82953864,0.91758037,-1.8503001,1.1484481,-0.3246844,-0.52361745,0.7572424,-1.5178142,-0.56543887,-0.716804,-0.37867516,-0.2517802,-1.0017246,2.2115026,-2.383769,1.5449512,-1.766655,-0.5318251,-0.7199004,-0.7641044,-1.0899175,0.54785466,0.47594583,-0.13310622,0.374933,-0.02032723,0.27303043,0.30999517,0.07333187,1.0351598,-0.78234696,0.8887314,-0.51135546,-1.4057401,-0.059567492,0.71122813,-0.96101063,-1.3860658,-1.1359193,-0.5389502,0.4115671,0.015968375,-0.42138904,0.9001038,0.31370413,0.43905243,-1.1355844,-0.46732908,-0.30115303,-0.70911646,0.8378203,-0.13083118,1.6256973,-0.68408513,-0.31577423,0.4612362,-1.5600283,-0.19044393,-0.40692246,1.7867982,0.65777373,0.6235154,0.75913644,0.30001122,-0.16853206,-0.9905707,1.3667929,0.12345881,2.0511394,-0.071135364,-0.023140153,0.94556415,-0.012611846,0.349306,-0.0047909818,-0.016534537,1.4910026,-0.30227786,-0.5257689,-0.03271487,0.06381898,-0.39540368,-0.0039197174,0.14889069,0.12765977,-0.25921977,0.2652222,0.34796557,-0.89010936,-1.2682166,-0.68360895,0.98784995,1.3089837,1.2010882,1.2776885,-0.050146356,-0.41332102,-2.1173007,0.93469363,1.1739771,0.770622,0.29905665,-1.7007306,0.2426204,0.47546598,0.22995466,-1.2666204,-2.0603893,1.6319824,0.5405531,0.43625528,1.3880174,-0.6684703,-1.6617739,-0.29800737,0.2377021,-0.30425277,-0.75954545,-0.7102573,0.3155197,-0.16823262,0.82581973,1.0111872,0.5805398,-0.010504703,-0.52954715,0.5636402,0.47021878,-0.57566947,-0.27999273,-0.19900413,0.45934984,-1.4042627,-0.99387753,0.85634446,-1.9450545,1.0284708,-0.35488284,-0.23061334,0.04402605,-0.23527691,-1.1697475,-0.25000942,0.031672236,-0.94885933,-0.498782,0.600518,-1.6418452,-1.4867631,0.47348866,1.0141525,-0.56778747,0.78903186,0.25653458,0.13902096,0.9370372,-0.07520811,-0.0013481892,0.10278399,-0.33151126,-0.17691088,-0.12627415,-1.3853234,-0.43570113,0.75731623,-1.358087,-1.4446334,0.7783308,0.7299543,-1.7968892,-0.67456985,0.1099518,0.009167505,0.7548725,0.68844557,-0.059977036,-0.1047661,-0.7463461,-0.09349765,0.14904903,0.61152595,-0.4857111,0.23277754,0.36296663,-0.5536104,0.80104995,1.63827,-0.27824754,1.0245296,1.4394277,0.491284,-0.26511046,0.65199864,-0.2101019,-0.6742746,0.3868947,-0.8822968,-1.240201,1.2150899,-0.21486479,-1.0019834,0.101465374,0.9978481,-0.582901,-0.14434946,0.113649674,0.92642117,1.9450896,0.90636104,2.0598104,0.24250878,-0.45738798,-0.7465974,0.70577997,-1.2445564,-0.84221315,0.081288606,0.7182275,1.867384,-0.6214045,0.10179099,0.9966952,-0.8232974,-1.2196146,0.1258208,0.37031996,-0.7190286,-0.7188925,0.6170127,-1.0777705,0.3961046,-1.7938586,-0.24001612,0.82712483,1.4308095,-0.61105096,-0.04341817,0.74788857,0.724288,-0.77359575,0.29913092,1.0781121,1.7999301,-0.31484407,-1.0525678,0.4215366,-0.6034601,-1.7298398,0.2009341,-0.79767454,-0.5169556,0.34968597,-0.46434653,-0.08966017,-0.08344862,-0.9364766,1.8201874,0.310798,-0.3358142,0.26479393,-1.1174839,1.5924219,-0.14332893,-0.2784251,1.4822403,0.615116,-1.4343172,0.8307688,-0.76786244,1.1481434,-0.7334873,0.73885846,1.3269317,0.7823039,-0.49678177,1.4147229,-0.7194496,-0.25501668,-0.40139946,0.4994573,-0.60357034,0.4244983,-1.9756491,1.401964,-1.0613503,-0.84208894,0.3477458,0.4603156,-0.6016226,-0.07373926,-0.1901016,0.49946678,0.22904295,-1.1707674,0.4325243,1.543092,-0.049517408,-0.8227887,0.8139494,0.41667032,-0.07469806,-0.25460237,2.3893216,0.03993223,0.87822413,-1.1758219,-1.1076304,0.6663027,-0.37171534,-1.0360951,-0.39421713,-0.30176628,-0.07326504,0.15293676,0.056365743,0.9314308,-0.5431845,0.23810339,0.86508846,-0.93293,0.056556422,0.37443712,-0.5288323,-1.2335113,-1.4190288,0.9191476,0.32300004,-0.53019726,0.53973293,0.7716439,1.4760995,0.7115262,0.18657908,-0.8381291,0.38526592,0.83679616,0.82987,-0.9969194,-1.2886933,0.6062895,1.4534166,-0.60159147,0.57905674,0.076574154,-0.19374919,-1.8818215,1.2131306,0.25533998,-0.1943846,0.94315934,0.3128647,-0.08765858,0.6593916,0.03793261,-0.15667905,-0.24229556,-0.48671967,-0.12555882,0.25088885,-1.2680488,0.4453255,-0.41123664,0.26359138,-0.16313498,0.649225,-1.5002431,0.6584999,-0.03706113,0.5737994,0.731509,0.07547715,-1.4536397,-0.6444039,-0.26895308,1.1280739,0.6197887,0.040518004,-1.0360316,-0.43190694,1.1041055,0.395201,-0.3162309,0.29056084,0.30802846,-0.3324314,-0.2961881,-0.973726,-0.6929029,0.5260357,0.5419166,-1.024473,0.77749896,-2.0024586,0.70972645,0.039282117,-1.0817255,-0.08471828,0.61140037,-0.7802477,1.7571394,1.0626932,-0.33301532,-0.052251413,0.7158477,0.7781416,-0.31724557,-0.43551794,-1.3308733,0.7678154,1.4814696,0.5684783,-1.2725118,-0.1319791,0.25339583,-0.5713103,1.4612106,-0.3559562,-0.72044146,-1.1315641,-0.2317416,-1.2088829,-0.3858001,-0.4818298,-0.08273382,-1.1383909,0.4331099,-0.4830727,-0.6603316,0.33093262,-1.0110698,-0.19053559,0.25804302,1.4425837,0.7896483,0.27430576,0.3690828,-0.54908156,-0.23785792,-0.8538743,-0.34216988,0.5467317,-0.95369923,0.421897,0.779803,0.90840507,1.8770204,-0.20083588,-1.3184636,0.66418695,0.12472268,0.30556855,0.41201577,-0.89725184,-0.11100148,0.31683567,-0.05122901,0.9751053,-1.4005833,-0.30938554,-0.18519062,0.32100978,0.05803459,0.71360993,0.0047960216,0.34674117,1.7093968,0.9163494,-0.2250674,,,,,,,,,,,,,,,,,,,,,,,,,,,,,,,,,,,,,,,,,,,,,,,,,,,,,,,,,,,,,,,,,,,,,,,,,,,,,,,,,,,,,,,,,,,,,,,,,,,,,,,,,,,,,,,,,,,,,,,,,,,,,,,,,,,,,,,,,,,,,,,,,,,,,,,,,,,,,,,,,,,,,,,,,,,,,,,,,,,,,,,,,,,,,,,,,,,,,,,,,,,,,,,,,,,,,,,,,,,,,,,,,,,,,,,,,,,,,,,,,,,,,,,,,,,,,,,,,,,,,,,,,,,,,,,,,,,,,,,,,,,,,,,,,,,,,,,,,,,,,,,,,,,,,,,,,,,,,,,,,,,,,,,,,,,,,,,,,,,,,,,,,,,,,,,,,,,,,,,,,,,,,,,,,,,,,,,,,,,,,,,,,,,,,,,,,,,,,,,,,,,,,,,,,,,,,,,,,,,,,,,,,,,,,,,,,,,,,,,,,,,,,,,,,,,,,,,,,,,,,,,,,,,,,,,,,,,,,,,,,,,,,,,,,,,,,,,,,,,,,,,,,,,,,,,,,,,,,,,,,,,,,,,,,,,,,,,,,,,,,,,,,,,,,,,,,,,,,,,,,,,,,,,,,,,,,,,,,,,,,,,,,,,,,,,,,,,,,,,,,,,,,,,,,,,,,,,,,,,,,,,,,,,,,,,,,,,,,,,,,,,,,,,,,,,,,,,,,,,,,,,,,,,,,,,,,,,,,,,,,,,,,,,,,,,,,,,,,,,,,,,,,,,,,,,,,,,,,,,,,,,,,,,,,,,,,,,,,,,,,,,,,,,,,,,,,,,,,,,,,,,,,,,,,
オ,0.5296596884727478,0.2130906283855438,0.4559382796287536,-0.3788235783576965,0.0963736400008201,0.229296863079071,0.2386744916439056,0.2548413276672363,-0.0763473808765411,-0.5995948910713196,0.3987560868263244,-0.4263967275619507,0.4475667774677276,-0.2476707696914672,0.6969519257545471,-0.0656861960887909,0.0709809884428978,-0.1644545197486877,-0.0108748702332377,-0.3702743947505951,-0.7576481103897095,-0.413432627916336,0.3180697858333587,0.3614082336425781,0.053830225020647,-0.3144461810588836,0.024836154654622,0.22332763671875,-0.1629917174577713,0.0653100684285163,-0.163625493645668,-0.366718590259552,-0.2875009775161743,-0.143985703587532,-0.1412046998739242,0.7164433598518372,0.0447980128228664,-0.334321528673172,-0.048272281885147,-0.4448588788509369,0.2024504095315933,-0.0392537266016006,-0.0778143554925918,-0.4906745254993438,-0.4244580864906311,0.3569748103618622,0.1421144604682922,0.4508043527603149,0.3910716772079468,0.065802477300167,-0.2395339757204055,0.3987994194030761,0.2064034640789032,0.0377097837626934,0.5504782795906067,-0.1333968788385391,0.3774928748607635,-0.541711688041687,-0.0768055692315101,0.2613519728183746,-0.3717130422592163,-0.2485538125038147,0.521899402141571,-0.136066272854805,0.0811342075467109,0.026225758716464,-0.2150810807943344,-0.1482564061880111,0.0450063794851303,-0.7747994661331177,-0.2178253978490829,0.2925040125846863,0.3747594952583313,-0.3835846185684204,0.6918500065803528,-0.3065555095672607,0.2237822115421295,0.1153149232268333,0.2371601611375808,-0.2251027226448059,-0.3462476432323456,0.2766848802566528,0.2552945911884308,-0.7245570421218872,0.0226185377687215,0.0493616014719009,-0.4940282702445984,-0.9880563616752625,0.452703058719635,-0.3511286675930023,-0.0228992886841297,0.0741178765892982,0.2153235077857971,0.2377034276723861,0.0652189552783966,0.1718862056732177,0.1264184862375259,-0.2441621720790863,-0.2346249967813491,0.2505479454994201,0.0868691354990005,0.4093315303325653,0.32750204205513,-0.1709804832935333,-0.2634230852127075,0.0760699585080146,-0.1548914760351181,0.2174850106239318,0.2510367929935455,0.0809057801961898,-0.3745799660682678,-0.2978120148181915,-0.4654948711395263,0.2725546658039093,-0.0209189262241125,0.1435899883508682,-0.198187306523323,0.3388965129852295,-0.4349301159381866,0.6078699827194214,-0.2538466453552246,0.7915907502174377,-0.0356875881552696,0.3047783374786377,0.2150291949510574,0.5052955746650696,0.0175789315253496,-0.0272460542619228,-0.1284803003072738,-0.2572053372859955,0.0357783772051334,-0.0579200908541679,-0.6814077496528625,0.0921545028686523,-0.2537298202514648,0.9225340485572816,-0.0114336526021361,-0.0479016825556755,-0.136097177863121,-0.4668779373168945,-0.1524674445390701,-0.1324257403612136,0.2752945125102997,-0.4046907126903534,-0.1197020336985588,0.1626258939504623,-0.2094656676054,-0.4744023382663727,0.4888186752796173,0.3426395952701568,-0.391703337430954,0.8269580006599426,-0.7304170727729797,0.0575210861861705,-0.0262061338871717,0.3646568357944488,-0.7473659515380859,0.1510887295007705,0.0498598143458366,0.5594866871833801,0.0929848328232765,-0.4336896538734436,0.1997489929199218,0.3209051787853241,0.1022119894623756,0.4263670146465301,0.4947990477085113,0.234954759478569,0.1953546553850174,0.4709454476833343,0.0561673045158386,0.4962971210479736,0.0458567067980766,-0.2137681096792221,0.4985187947750091,0.2918106913566589,0.1293936520814895,0.2646268904209137,0.0680747330188751,-0.5479270219802856,-0.0365224033594131,-0.1630211323499679,-0.0103595312684774,-0.1495637893676757,0.4607514441013336,-0.16131691634655,-0.0502539128065109,0.1145083829760551,-0.2079464346170425,0.1704038232564926,0.0367571040987968,-0.262583464384079,0.3753058016300201,-0.6912090182304382,0.0999286249279975,-0.3194076120853424,-0.3274402320384979,-0.3803856372833252,-0.302856832742691,0.3924706578254699,0.0625739246606826,-0.0227741338312625,-0.1504396349191665,-0.1841774731874466,-0.8772600889205933,-0.3443240523338318,0.072902612388134,0.655198872089386,0.360122412443161,0.2266106456518173,0.0718065351247787,0.2478867173194885,0.4675061106681824,0.0748334527015686,0.1430813670158386,-0.0019422065233811,-0.2316767424345016,-0.1867131143808365,0.1263024359941482,-0.1210856661200523,0.4201357662677765,-0.0982303693890571,0.3487502336502075,-0.0542345009744167,-0.406590849161148,0.2436564266681671,0.0867293998599052,-0.3940061628818512,0.0503381453454494,0.7268115282058716,-0.2607754468917846,-0.6348714232444763,-0.4985277056694031,-0.0947990268468856,-0.6508302092552185,0.0662958398461341,-0.268383651971817,0.2855084538459778,-0.349700003862381,0.112674169242382,-0.1744929105043411,-0.4754193425178528,-0.1815786063671112,-0.2118682861328125,0.0328344888985157,0.1429506987333297,-0.0228110589087009,-0.1918207108974456,-0.51520836353302,-0.035258699208498,-0.3487142920494079,-0.4789979457855224,-0.0031026471406221,-0.5512425303459167,0.4469566941261291,0.2267684787511825,0.519576370716095,-0.0401957146823406,0.2230084687471389,-0.021178001537919,-0.0647084936499595,-0.8502422571182251,-0.1223883181810379,-0.082101322710514,-0.5005362629890442,-0.0289797261357307,0.0161732789129018,-0.4629672467708587,-0.3051377236843109,-0.4279847145080566,-0.0537696257233619,-0.4275308847427368,-0.4585559368133545,0.0507671535015106,-0.0609349831938743,0.121000550687313,-0.1441505849361419,0.4983959794044494,-0.4443674683570862,0.157625675201416,-0.6233783960342407,0.1977990418672561,-0.6939910650253296,-0.2582651376724243,0.0102615738287568,-0.2509933710098266,-0.385790079832077,0.1677277833223343,-0.4675479829311371,0.3769758343696594,0.3340494334697723,0.0589170567691326,-0.4295046031475067,-0.0234155897051095,-0.379841536283493,0.1281551122665405,0.2171487510204315,0.7272565960884094,0.2176287770271301,-0.0618875958025455,0.1726910173892974,0.4014920890331268,0.1911408603191375,0.1473643630743026,-0.1017887517809867,-0.2969529330730438,0.0840102732181549,0.055018100887537,0.6373216509819031,0.1061175316572189,-0.0175985414534807,1.0461182594299316,-0.3499410450458526,0.2470925748348236,0.49268639087677,0.2864406108856201,-1.7427469491958618,0.0124134626239538,-0.1290074437856674,0.0475340001285076,-0.2400045990943908,0.28074511885643,-0.0035546065773814,0.137170597910881,-0.459278792142868,-0.5403351783752441,0.9039117693901062,0.2878541350364685,-0.0093382988125085,-0.5122708082199097,0.3493413031101227,-0.2350283712148666,0.0298427008092403,-0.4780119359493255,0.2126775383949279,0.4782304167747497,-0.4107668399810791,0.0539882034063339,-0.1659918874502182,-0.537499725818634,-0.083966925740242,0.1677630394697189,0.1615692526102066,0.247225672006607,-0.5302152037620544,0.1380523741245269,0.3138780891895294,0.4008596837520599,0.7858495712280273,0.3039855659008026,-0.0616408102214336,0.0577767044305801,0.4450687170028686,0.1350419074296951,0.4254122972488403,-0.2856252193450928,0.1758316755294799,-0.0475820116698741,0.8534377217292786,0.0125897396355867,0.0911166295409202,-0.0015497871208935,0.1213041767477989,0.2295670956373214,-0.081953153014183,0.3548986315727234,0.1464321017265319,0.0478751249611377,0.1907066702842712,0.5322242379188538,0.5807309746742249,0.1449556350708007,-0.2838995158672333,-0.3661825656890869,0.0364569164812564,-0.321286529302597,-0.6244051456451416,-0.3386206030845642,-0.3438629508018493,-0.1222211271524429,-0.4495676457881927,0.2929139733314514,-0.0296255443245172,-0.5183850526809692,0.0549229495227336,-0.3556650280952453,-0.4252268970012665,0.3321499228477478,-0.0532559305429458,-0.7333111763000488,0.5861435532569885,0.2217282354831695,0.2881442606449127,-0.5338570475578308,-0.6530799865722656,-0.0423921756446361,-0.2733902633190155,-0.3039427995681762,0.1676573008298874,-0.3308295905590057,-0.0540301539003849,0.3473367393016815,-0.0784889757633209,-0.0932381302118301,-0.3437794744968414,-0.2950970530509949,-0.7089868783950806,0.1887605041265487,-0.0504166632890701,0.3232135474681854,0.0219684243202209,0.2221865206956863,0.2203065305948257,0.0448722839355468,-0.2711859345436096,0.0839256197214126,-0.3249978721141815,0.5804333090782166,0.3907267451286316,0.1664255708456039,0.581920862197876,0.4442465603351593,0.2811322212219238,0.5245891809463501,0.0202089324593544,0.0134099787101149,-0.610522449016571,-0.3011751174926758,0.7100160717964172,-0.0379120931029319,0.2432178258895874,-0.107879638671875,-0.0181926805526018,0.6090810298919678,-0.0324829034507274,-0.5741919279098511,0.0005142665468156,0.0738754346966743,-0.1841550320386886,0.262513518333435,0.6575903296470642,0.8228428959846497,-0.0232491437345743,0.0209028869867324,-0.140678659081459,-0.1875307261943817,0.3151618540287018,-0.1306444257497787,-0.1179750114679336,-0.2945268750190735,0.0095409927889704,0.2994397580623626,0.6596575975418091,0.2006724327802658,0.6231606602668762,0.3094731569290161,-0.3437167704105377,0.2674251198768616,0.435273140668869,0.4795292615890503,-0.2945265173912048,-0.2899815738201141,-0.3539811670780182,0.0258303135633468,-0.3896693289279938,-0.0662572011351585,0.6731356978416443,-0.1594995409250259,0.1768974959850311,0.0076765068806707,-0.6110824346542358,-0.6220504641532898,-0.3782775104045868,0.1608152389526367,-0.0992601439356803,0.1433831602334976,0.2025719732046127,-0.0135760903358459,-0.4930251836776733,0.1857774257659912,0.0561464726924896,0.2988999783992767,0.5034912824630737,-0.1536019593477249,-0.0901676565408706,0.0035907886922359,0.0382498726248741,0.0676893964409828,-0.1810710877180099,0.0458883009850978,-0.2628243565559387,-0.4944120943546295,0.0162131208926439,0.1840128451585769,0.2542142868041992,-0.1465330421924591,0.6534149646759033,0.1324674189090728,-0.5132039189338684,-0.565060019493103,-0.237240582704544,-0.2221661806106567,-0.0452727153897285,-0.4980322420597076,-0.0901912376284599,0.0443757846951484,0.3667648136615753,0.0876772403717041,0.2802462577819824,-0.3576146960258484,0.0792291760444641,0.2387515604496002,0.6340348720550537,-0.1300701349973678,0.2300144582986831,-0.1985842436552047,0.0217490531504154,0.0881654992699623,0.0755990594625473,0.0594925098121166,-0.1432090848684311,-0.536220908164978,-0.6978509426116943,-0.3783296048641205,-0.1789586842060089,-1.0786592960357666,0.5394381880760193,0.1386258453130722,0.2410538047552108,-0.4676302969455719,-0.4629960358142853,-0.147763043642044,0.3010770082473755,-0.115580216050148,0.4248737096786499,-0.2177674025297165,-0.5781479477882385,-0.0497000403702259,0.1251947283744812,-0.6601473689079285,0.9405031204223632,0.2545405626296997,-0.4916508197784424,-0.3954956829547882,0.387395292520523,0.1958344131708145,-0.2218459993600845,0.1072808057069778,-0.1325920820236206,-0.5393648147583008,0.1550326347351074,-0.3469339609146118,0.3210111856460571,-0.1543601602315902,-3.526743239490315e-05,-0.1246603056788444,0.5851903557777405,0.3443279862403869,0.2443006783723831,0.0775589197874069,-0.2279006391763687,-0.2089708745479583,-0.2480691522359848,0.3257020711898803,0.1407943069934845,0.3850536048412323,-0.1766823679208755,0.3162503838539123,0.5831259489059448,-0.8466090559959412,0.0867414474487304,0.7604172825813293,0.4110320210456848,0.444315493106842,-0.1525647640228271,0.03209038823843,-0.8170374035835266,0.1355699896812439,0.1418216824531555,-0.0172215569764375,0.4570207893848419,-0.0356507040560245,-0.1375111788511276,-0.4097650349140167,-0.0168074183166027,0.4003950655460357,0.1728287488222122,0.0364892520010471,0.4355419874191284,-0.1556229144334793,0.5133227705955505,0.3383309543132782,-0.2615169286727905,-0.3602937161922455,0.0543467439711093,0.4090258181095123,0.7752847075462341,0.1817598491907119,0.3601688146591186,-0.7150218486785889,-0.6305393576622009,0.3012827634811401,0.0831094086170196,0.3051785230636596,0.5014293193817139,-0.2748686373233795,-0.0627902820706367,0.6112644672393799,0.2978948354721069,-0.0707817524671554,-0.3294468224048614,-0.4165408909320831,-0.1707163900136947,-0.2366679608821869,-0.5008911490440369,0.2017518132925033,0.0845913216471672,-0.0467947907745838,0.2117699682712555,0.0154199143871665,0.0983888357877731,0.5822260975837708,0.0028719732072204,-0.305047333240509,0.2047902196645736,0.0614336542785167,-0.0901422724127769,0.0808300226926803,-0.2235193252563476,-0.2465935945510864,-0.0241717658936977,0.2415190041065216,-0.1573673337697982,0.2025086134672165,0.0340979881584644,0.1619161665439605,0.3305917084217071,-0.4448821544647217,-0.1901049017906189,-0.314644455909729,-0.3174638450145721,-0.1307286322116851,-0.6577920317649841,-0.3597747385501861,-0.0309588555246591,-0.0471150875091552,-0.1592544317245483,-0.05937360227108,-0.4678713381290436,-0.2325161099433899,-0.4492211043834686,0.2522855401039123,-0.1734455525875091,-0.8417651653289795,0.3823029398918152,0.2627186775207519,-0.1252967417240142,-1.1999207735061646,0.247536301612854,0.1704616248607635,0.2441152334213256,0.1721053123474121,0.704698920249939,-0.3422385454177856,-0.2607019543647766,0.0875810459256172,-0.2855316996574402,0.2547450661659241,-10.516351699829102,0.1059780791401863,-0.4225786030292511,-0.3998930752277374,-0.3504877388477325,0.3931498527526855,0.6256321668624878,0.5662823915481567,-0.1955859363079071,0.1214233934879303,-0.0340548641979694,0.0915949419140815,-0.0144770285114645,0.6837878823280334,-0.5207838416099548,-0.3065536618232727,-0.2305571138858795,-0.0215277168899774,-0.0403221026062965,-0.2391912043094635,0.1143146902322769,-0.284472644329071,0.5086359977722168,0.7366798520088196,0.5462241768836975,-0.4084236323833465,-0.2611879706382751,0.0024734144099056,-0.2027534991502761,0.5919749736785889,-0.6013648509979248,0.5325713157653809,0.0364352501928806,0.3010843992233276,-0.1525362879037857,0.2529691159725189,-0.4028312265872955,0.6683297157287598,-0.0390014834702014,0.4041423201560974,0.3153025507926941,0.4241274297237396,-0.025679500773549,-0.0304168835282325,0.1748992651700973,0.2391737103462219,0.469064712524414,0.0111696710810065,0.5418323874473572,-0.2422156333923339,-0.1271032989025116,0.1338433921337127,0.0682288780808448,-0.0943486765027046,0.4556112885475158,-0.0305458642542362,0.6394035816192627,-0.6745585203170776,-0.031642060726881,0.0643760710954666,0.3380284905433655,-0.0773757696151733,0.3833673596382141,0.444365918636322,0.30074143409729,0.4105566740036011,0.5217416882514954,0.3653739690780639,-0.9130431413650512,-0.2377991825342178,0.1625676453113556,0.471616268157959,-0.0950486809015274,0.3251329064369201,-0.2567318379878998,0.3133965134620666,0.3614666759967804,-0.2959363758563995,0.0550640672445297,-0.0280053783208131,0.2839506864547729,-0.3029759228229522,0.0833558365702629,0.2407184094190597,-0.621874213218689,0.0487202405929565,-0.0832330659031868,-0.04812478646636,0.259869247674942,-0.4461257457733154,0.2382365614175796,0.0838035121560096,-0.5344372987747192,0.5065318942070007,0.4480125904083252,0.0181824807077646,-0.121032990515232,0.2265196144580841,0.4854059219360351,-0.0247120037674903,-1.3365078,0.082931966,1.0979836,2.054449,-0.7032783,-0.27441186,-1.1967912,-0.02929905,0.5507614,-1.2293379,0.41940275,0.6210512,-1.4293823,2.4963603,-0.44221336,0.26223925,1.2287476,-0.70591676,0.13657019,-0.8873012,0.5056335,0.28407577,0.9687054,-1.3051901,1.2957919,-0.6720311,1.2522292,-0.77152854,0.6190617,-0.56455827,0.32302403,-0.02577399,-0.84603286,-0.28797612,-0.34806955,-1.6096189,-1.8401707,0.585119,-0.09889436,0.5204267,-0.449528,0.13043788,-1.14499,0.46089378,-0.005183518,-0.046203054,1.6879921,-0.7205146,0.31215566,0.18887419,0.34492207,0.1296213,0.62441623,1.8014458,0.7272177,-0.24479014,1.9784174,1.082923,0.9998943,-0.37988183,0.23114592,1.1937032,-0.4291582,1.1640012,1.0253482,0.8168224,0.29641634,-0.95201516,0.115522444,-1.4756999,-2.0909495,-0.13489237,-0.39032727,0.73389757,-1.0677059,0.70543206,-0.29678488,-0.51145315,0.65416586,0.99834,-0.003259182,-0.6244178,-1.109694,1.3955486,-0.56371796,-1.282222,-0.5007449,-0.3360167,-1.0407922,-0.7971264,-0.10552618,-1.0251703,-1.9230387,-1.0816808,1.7519275,0.09397343,-1.1896713,-1.2395725,-1.7699677,-0.5978736,0.77850527,1.9262347,-0.089379005,-0.379048,-0.82016647,0.033526476,-0.96094775,-0.2057463,-0.8232188,0.34746778,-0.6621501,0.849658,-0.08583927,1.690861,0.8523938,0.963485,-0.7422668,-0.2651624,-0.9888346,0.5682848,1.5128963,-0.12964877,-0.67919165,1.0329502,0.6319595,0.8566076,-0.6856658,-1.1974285,0.1744713,-0.8542434,0.08040952,-1.9759234,1.7851093,1.4756358,-1.5213776,-0.44388804,-0.09565849,0.24286556,0.34325913,-0.8451853,-0.9931233,-0.034385003,-0.14115022,-0.250485,-0.71359086,-1.1587722,-0.80877614,0.6331999,1.0450226,-0.2040027,-0.14608328,0.33969617,-1.2693019,0.6455382,0.36780685,0.34023362,-0.36751884,-0.07561585,-1.6593525,0.084019065,1.1894101,-0.21535069,-0.9803096,-0.15843645,0.18943834,0.19001986,-0.65524185,1.3288717,-0.44075435,-1.5821445,-0.736745,0.41211164,-0.18185316,0.46765232,-0.0715116,-0.13859153,0.59240407,-0.06264907,-1.3863468,0.68959665,1.5682828,0.56906486,0.69048584,1.418887,0.08128819,0.4936241,0.54684085,0.7637093,0.31274825,0.15686455,1.1205168,-0.92180145,0.505991,0.45407483,1.5676134,2.8171034,0.7209925,-1.1858035,-1.5533547,1.0072317,-1.6377828,0.2543823,0.698039,-0.3788076,1.0607296,-0.732627,-1.2667159,1.9275429,-0.12082806,-0.6996108,-1.0247823,-1.359328,1.3663617,0.011084378,-0.6443793,-0.53056955,-0.9446354,-0.17945963,-0.6324169,-0.6380405,1.2798338,-0.5662909,0.13745748,1.8111254,-1.1386919,0.1801386,0.40060747,0.4284388,-0.30159384,1.1489784,-1.6597733,0.66353077,-0.43607607,-0.06721704,-1.2052442,0.68994904,-0.019868702,-0.18616703,0.08946828,0.716164,0.41708344,-0.13248855,1.240268,-0.5469488,0.69024634,0.6204611,0.9112892,0.461479,-0.72502464,0.9910207,0.20407514,1.250305,-0.53066826,-0.80575794,0.22521172,-0.12868387,0.86495256,0.34741792,0.10122618,-0.63461876,0.61426455,0.2928394,0.8114711,0.41871113,0.50583726,-1.3865654,0.39818054,0.32558388,0.5462757,-0.7557156,-0.8540828,-0.78432536,-1.1149853,0.40349573,-0.113068305,0.7177057,-0.46440077,-0.493258,-1.7019663,0.6123214,1.7713976,-2.179213,-0.100153804,-0.8750311,1.1258504,0.44753802,-0.32548738,0.51623434,0.94173723,0.4704294,-1.381907,0.5217174,0.08341621,0.5240041,1.4672816,0.554922,1.3765955,-0.78071415,0.72605634,-1.0145437,0.14316082,1.0840898,-1.0156151,1.078809,0.039710313,0.33527318,0.38215363,-1.6783847,0.5298331,-1.1863741,-0.096698254,0.3552945,-1.2097056,2.206189,-2.1202693,1.4794796,-2.2168899,-0.28353703,-0.421745,-0.92940617,-1.5047106,0.87029636,0.79663944,0.31369153,0.5932902,-0.15465999,-0.5448554,0.9553447,0.3939063,1.3241632,-0.0047961175,0.15831712,-0.34918985,-1.4198172,0.5555699,0.81525254,-0.68700504,-2.3497596,-1.0089256,-0.62659013,1.0278203,0.27708873,0.23210973,0.46782023,0.13257796,1.2687012,-1.2411261,-0.29723257,0.4077701,0.23725435,1.6645745,0.44851387,1.8615751,-0.9194282,-1.1934379,1.0230521,-1.5388114,-0.37740505,-0.52055347,1.395906,0.2848013,-0.16313197,-0.066465475,-0.3282675,-0.39422742,-0.45901322,0.3762536,-0.57189333,1.3241415,-0.36161247,-0.25882512,1.5820293,0.68614554,-0.17072341,-0.67375076,-0.41045377,1.2235148,0.67698705,0.12611568,-0.7920407,-0.92733777,-0.25098076,0.10826114,1.1362293,0.11877034,-0.12278598,0.7841737,0.63751477,-1.608341,-1.6421378,0.2531195,-0.036298975,0.694572,1.8003056,1.5311389,-0.49781406,-1.0272536,-1.5204465,0.61302143,2.2114887,-0.2151211,1.285597,-2.2620723,-0.2768375,-0.033588395,-0.88229036,-1.3738265,-2.445497,1.6847137,0.60026026,1.2949069,1.8542755,-0.97602916,-0.9730042,-0.10904266,-0.2961741,-0.7358529,-0.20789877,-0.47949857,0.49436623,-0.7059646,1.0371028,0.72581273,0.44557548,-0.6889179,-0.86817116,0.55714667,0.94497955,-0.58146673,-0.742265,-0.78457916,0.8236584,-1.6496692,-0.8721665,1.6419318,-2.099299,0.80422103,-0.5777309,-0.74099517,0.04839885,-0.55635256,-0.7076906,-0.72145057,0.035108477,-0.5930184,-1.2695911,0.10955637,-1.2938218,-1.9842132,-0.2510114,2.2057652,-1.8556099,0.72950906,1.4180822,0.56126314,0.60511416,0.04289247,-0.5696805,0.10466373,-1.0838475,-0.28642586,-0.8231299,-0.96596086,-1.1457236,-0.11213322,-1.1120993,-1.184742,1.2648554,1.2803489,-2.1139345,-1.6650906,0.59834176,-0.39794683,0.507162,0.59079707,-0.9162657,0.2319281,-0.51423204,-0.43691733,0.8107582,0.5339677,0.2449598,-0.4544297,0.52165306,-0.18963714,0.6364369,1.5272641,-0.092267536,0.46140468,1.4921048,0.70348525,-1.2663895,1.2769358,0.51286185,0.21291931,0.39727592,-1.7603483,-0.89487064,-0.29458663,-0.44934464,-1.0614277,0.22348744,1.0382011,-0.22650743,0.0092716925,1.1364822,1.2516835,1.950161,1.1456387,2.5084386,-0.71539587,-1.2336736,-0.18166727,0.22358416,-0.34527192,-0.5238003,0.5418682,0.77953327,2.6137733,-0.47886556,-0.36744186,0.16945918,-0.37518823,-0.32938886,0.31333384,0.8461407,-1.0484225,-1.0400581,0.12403038,-1.5643795,0.6000031,-1.8046536,-0.5623886,0.578029,0.5381976,-0.72759587,0.2968102,0.2032444,0.69795406,-1.1059471,0.620997,0.89625454,1.7640418,0.78801626,-1.1636417,0.47148407,-0.37572855,-1.5231229,-0.7005311,0.26565593,-0.28990418,0.39866906,0.47855482,-0.7210883,-0.530905,-0.41965,1.7710093,0.12449792,-0.10191853,0.32025462,-1.1403613,1.2437961,-0.16455618,-0.63644284,1.002815,-0.16189404,-0.89137334,0.37951192,-1.2526708,0.007128805,-0.62778366,0.15224755,0.53697944,0.47006306,0.18836339,2.3788753,-0.047575455,-0.15374224,-0.22740573,0.52056134,-0.556531,0.9819236,-2.4928646,1.29653,-1.3886085,-1.2632005,-0.011337966,1.4080148,-0.5977567,-0.067160144,-0.2669591,0.87096375,0.01721099,-0.5053925,1.323607,2.125784,-0.8251552,-1.3051252,1.491549,0.80946434,-0.6963817,0.08181902,3.313957,-0.09654073,1.2357299,-0.9755939,-1.6443521,-0.51692426,-0.23719546,-1.239369,-0.20682748,-0.42372298,-0.38122508,0.895414,-1.5208533,0.15073071,-1.046501,-0.47214556,0.80949855,-0.49323285,0.6188989,-0.1067498,-0.25155702,-0.99981916,-1.225313,0.7789391,-0.012736134,-0.9180818,0.19283573,1.0457935,0.98166335,0.39348668,-0.61436254,-1.1044486,0.70491195,1.3109951,1.0778501,-0.9121207,-1.416672,0.4073895,1.612763,0.25002858,1.0568854,0.5132732,0.083146036,-1.6319501,0.7351997,0.30451307,-0.6016861,1.1085584,0.25543073,-0.2870967,0.26585275,-1.0463874,0.73984146,-0.2643655,-1.0825918,-0.17551422,0.022332191,-1.5272048,-0.3466218,-0.7216361,0.67603695,-0.22623773,0.7136872,-1.3241377,0.04343711,-0.18124136,0.77597517,0.43785465,-0.6028591,-1.283267,-0.37711155,-0.57068056,2.1307056,1.3022394,0.07356185,-1.4255509,0.08452659,0.46137068,0.29988152,-0.18713328,0.84622586,0.8900912,-1.1419013,-0.34205312,-1.0077649,-0.58826697,0.015263528,0.68083113,-0.88120806,1.5676858,-1.5224063,0.89829636,1.0829908,-1.1324601,-0.09534803,0.30538702,-0.47391862,2.0377014,1.6489336,0.32905132,0.057400137,1.1631162,0.15639804,0.054391682,-0.5195265,-0.5918919,1.4912567,1.0507098,1.6167278,-0.8028902,-0.6335366,-0.24370842,-1.204651,0.8652781,-0.6524701,-1.3210883,-1.6430526,-0.120256916,-1.0316069,-0.22926591,-1.2556353,0.25738463,-0.24832284,0.5204512,-0.6279387,-0.33404225,0.4676981,-0.9217702,0.47759625,-0.68758,1.3509591,0.56353486,0.8534135,0.32679853,0.05221325,-0.7031685,-1.6048486,-0.35694376,1.3627105,-0.69447607,0.4525966,0.35094345,0.09932294,2.032847,0.28824815,0.054838583,0.7628765,0.1711673,-0.49390388,0.36280507,-0.69184506,-0.77300763,0.8353168,-0.53712755,1.1254191,-1.4194409,-0.28573608,-0.22687979,0.6652531,-0.40029967,0.05405382,0.14699383,0.62232745,0.88918257,0.5675286,-1.4456861,,,,,,,,,,,,,,,,,,,,,,,,,,,,,,,,,,,,,,,,,,,,,,,,,,,,,,,,,,,,,,,,,,,,,,,,,,,,,,,,,,,,,,,,,,,,,,,,,,,,,,,,,,,,,,,,,,,,,,,,,,,,,,,,,,,,,,,,,,,,,,,,,,,,,,,,,,,,,,,,,,,,,,,,,,,,,,,,,,,,,,,,,,,,,,,,,,,,,,,,,,,,,,,,,,,,,,,,,,,,,,,,,,,,,,,,,,,,,,,,,,,,,,,,,,,,,,,,,,,,,,,,,,,,,,,,,,,,,,,,,,,,,,,,,,,,,,,,,,,,,,,,,,,,,,,,,,,,,,,,,,,,,,,,,,,,,,,,,,,,,,,,,,,,,,,,,,,,,,,,,,,,,,,,,,,,,,,,,,,,,,,,,,,,,,,,,,,,,,,,,,,,,,,,,,,,,,,,,,,,,,,,,,,,,,,,,,,,,,,,,,,,,,,,,,,,,,,,,,,,,,,,,,,,,,,,,,,,,,,,,,,,,,,,,,,,,,,,,,,,,,,,,,,,,,,,,,,,,,,,,,,,,,,,,,,,,,,,,,,,,,,,,,,,,,,,,,,,,,,,,,,,,,,,,,,,,,,,,,,,,,,,,,,,,,,,,,,,,,,,,,,,,,,,,,,,,,,,,,,,,,,,,,,,,,,,,,,,,,,,,,,,,,,,,,,,,,,,,,,,,,,,,,,,,,,,,,,,,,,,,,,,,,,,,,,,,,,,,,,,,,,,,,,,,,,,,,,,,,,,,,,,,,,,,,,,,,,,,,,,,,,,,,,,,,,,,,,,,,,,,,,,,,,,,
ショ,0.2283046543598175,0.7893311381340027,0.0002191139356,-0.6902463436126709,-0.0322711952030658,0.3078213036060333,-0.0776218995451927,0.1385055631399154,-0.307710587978363,-0.9315041303634644,0.3054232001304626,-0.1109748557209968,-0.4459404647350311,-0.0996417105197906,0.1776837706565857,-0.4852660298347473,0.0401610173285007,-0.0134229026734828,-0.0505378022789955,-0.0341332331299781,-0.2417245507240295,-0.556867778301239,-0.4496956169605255,0.2448222935199737,0.4373019635677337,-0.3461832702159881,-0.0142757790163159,0.0985774174332618,-0.5866209268569946,-0.3628644943237304,-0.4657578766345978,-0.5387494564056396,0.0494318343698978,-0.4167186021804809,0.4062129259109497,0.2994683682918548,-0.0870691910386085,0.0304260961711406,0.2669069766998291,-0.0707496330142021,-0.0080563453957438,-0.0702925696969032,-0.2776798009872436,-0.0727240741252899,-0.0792584493756294,0.8468161225318909,0.2511501610279083,0.2846473157405853,0.4308345913887024,-0.0018579602474346,-0.0010998815996572,-0.0467871390283107,0.3165131509304046,0.025285767391324,0.0120886946097016,0.0684144794940948,0.6536592245101929,-0.0144177405163645,-0.3476441502571106,0.0693854913115501,-0.4562488198280334,0.0313112847507,0.3036544919013977,0.005027262493968,-0.2192065566778183,-0.1500294804573059,0.4743776023387909,0.1473022252321243,-0.3359768092632293,-0.1785911619663238,0.0840024426579475,0.1593953073024749,-0.248061791062355,0.1610981374979019,0.6911993026733398,-0.3003669381141662,0.0133655928075313,-0.1470380574464798,0.1199872717261314,-0.3492861688137054,-0.361040711402893,0.4608188569545746,0.1373608857393264,-0.3317233920097351,0.0784028246998786,-0.0385733768343925,-0.7942039370536804,-0.6507061123847961,0.153903841972351,-0.3451766669750213,0.2203884273767471,-0.2594058513641357,0.7485365867614746,0.2210970520973205,-0.0954062342643737,-0.2304647862911224,0.0470966026186943,-0.3146321773529053,-0.2619018256664276,0.360745370388031,-0.0104028638452291,-0.1236327737569809,0.1224168241024017,0.0555003061890602,0.1953674703836441,-0.1366733312606811,-0.2703933119773865,0.1406367272138595,0.0569855943322181,0.2678821980953216,-0.0567926503717899,-0.2268359959125518,-0.2643816471099853,0.3920008540153503,-0.1269684582948684,0.058653887361288,0.1884495764970779,0.4199928045272827,-0.0137902041897177,0.4407359361648559,-0.0089259659871459,0.4899837374687195,0.0690595433115959,-0.1809606701135635,-0.4526049196720123,0.1499457210302353,0.1568612456321716,-0.1987604945898056,-0.0386988036334514,-0.0097035020589828,-0.2299094498157501,0.2878966629505157,-0.2240998744964599,-0.0721627920866012,-0.4704104959964752,0.3075213134288788,-0.2285592705011367,-0.1183796450495719,-0.1612482666969299,-0.3302449584007263,-0.1533427089452743,0.0167674571275711,0.3135737180709839,-0.0488338619470596,-0.2149965465068817,0.2336686849594116,-0.146126314997673,-0.2890873253345489,0.7907119393348694,0.5156090259552002,0.0441646166145801,0.9926066994667052,-0.4048353731632232,-0.0164082292467355,-0.0408914349973201,-0.085323691368103,0.1767033189535141,-0.0835229754447937,-0.3299405872821808,0.5364565253257751,0.0305974055081605,-0.5981964468955994,0.3848862051963806,0.4782348275184631,0.0437444932758808,0.3629408180713653,0.3760019540786743,-0.0739018321037292,0.3606743216514587,0.6854245066642761,0.4467895925045013,0.3419089615345001,0.2648241817951202,-0.3435311019420624,0.5591753721237183,0.5352741479873657,0.0664214417338371,0.2723070383071899,-0.0696397796273231,-0.4252884984016418,0.2615151703357696,-0.1976620703935623,0.2490762621164322,-0.0110025508329272,0.3466138541698456,-0.2575240731239319,-0.2253259420394897,-0.1380408853292465,-0.1302480399608612,-0.2735597789287567,-0.2346334606409073,-0.1058368980884552,0.2140947878360748,-0.4499097168445587,-0.2071635872125625,0.0303861573338508,-0.0363090261816978,-0.261761337518692,-0.0027403347194194,0.6906111836433411,0.2178129404783249,0.2085858136415481,0.2023651003837585,-0.8777275085449219,-0.6905498504638672,-0.0285399984568357,0.2766802012920379,0.5364653468132019,0.3545885980129242,0.1301662772893905,-0.5738493204116821,0.444399356842041,0.0830921977758407,-0.2423791140317917,0.3506858050823211,0.26165571808815,-0.5516838431358337,-0.0969077050685882,0.2517367303371429,-0.7458818554878235,0.3814282119274139,-0.4416746199131012,0.0491306893527507,0.0964123457670211,-0.130419909954071,-0.4384170174598694,0.590569257736206,-0.454621821641922,0.1001112088561058,0.5076991319656372,0.0770543739199638,-0.2555280327796936,-0.4941655397415161,0.0841438919305801,-0.5211338996887207,0.3275319039821625,0.0296561922878026,0.5841538310050964,-0.0498692505061626,0.2251309901475906,-0.0007702069124206,-0.1956908702850341,0.0250802244991064,-0.1009701862931251,-0.0066939466632902,0.2973273992538452,0.0469252578914165,-0.5135172605514526,-0.5822018384933472,-0.2278046458959579,-0.4494055211544037,-0.4620478749275207,0.2182368636131286,-0.2075344771146774,0.3641126751899719,0.2450850009918213,0.2029778510332107,-0.0646495446562767,-0.1067589223384857,-0.3980338871479034,-0.2232086956501007,-0.3236328065395355,-0.0355550982058048,-0.3148984313011169,-0.1440246403217315,0.2831401228904724,-0.0511541552841663,-0.6454958319664001,-0.776977002620697,-0.3136664628982544,0.266232281923294,-0.2930109202861786,-0.2161915451288223,-0.0470464713871479,-0.8787042498588562,0.1375002712011337,0.2781213521957397,0.4777769744396209,-0.5388261675834656,0.4779895544052124,-0.2943092882633209,0.487324059009552,-0.8336783051490784,0.372710645198822,0.0355157554149627,0.1918403357267379,-0.3146290779113769,-0.5882200598716736,-0.1250039637088775,0.2707288861274719,-0.1461087763309478,-0.759894847869873,-0.3211873471736908,-0.0041881646029651,-0.4493943452835083,0.1056969314813613,0.1310553252696991,-0.0794209018349647,0.1924642920494079,0.3947439193725586,0.0587829276919364,0.2271854132413864,0.2278058975934982,-0.5150237679481506,-0.3201245963573456,-0.6626177430152893,-0.2640285789966583,-0.0084026763215661,0.8492478132247925,-0.5168153047561646,-0.0820465162396431,1.0280847549438477,-0.6598988771438599,-0.254317045211792,0.7502868175506592,0.3146312832832336,-1.5349525213241575,0.1894625127315521,0.0681430771946907,-0.2865885198116302,0.0852154418826103,0.5281539559364319,0.4286777377128601,0.6415924429893494,-0.1050516217947006,-0.3596377372741699,0.6266733407974243,0.2974497675895691,-0.2554109394550323,-0.0201659649610519,0.4516245722770691,-0.3104978501796722,0.1587794572114944,-0.3007872402667999,0.0315588898956775,0.1700054556131363,0.0962942764163017,0.0487696789205074,-0.0565310604870319,-0.3429847657680511,-0.1284970343112945,0.1359197199344635,0.2262032777070999,0.6951914429664612,-0.1495798677206039,-0.0800636857748031,0.6032885909080505,0.7330511808395386,0.5510759949684143,0.5679128766059875,-0.3005177080631256,-0.0017830366268754,0.4293340444564819,0.2978668212890625,0.3726810812950134,0.1987997889518737,0.3377734720706939,0.2786547541618347,0.2916427850723266,-0.1997235119342804,0.2618058621883392,-0.3084448277950287,0.2982898354530334,0.0537675805389881,0.161340057849884,0.6686413884162903,0.450585275888443,0.4346163868904114,-0.1545670926570892,0.4564953744411468,0.6620067954063416,0.132509246468544,-0.0345741435885429,-0.434889554977417,0.0677131414413452,-0.1501843482255935,0.4730085432529449,-0.1120481416583061,0.8207640051841736,-0.401414155960083,-0.0167322997003793,-0.0192455258220434,0.2577264904975891,-0.2546326220035553,-0.4817886650562286,-0.2938423752784729,-0.8165203332901001,-0.683810293674469,-0.2418887168169021,-0.443853884935379,0.2533622980117798,0.1449041813611984,0.2122066617012024,-0.4587754905223846,-0.2672913372516632,0.1598013341426849,-0.2482963949441909,0.2002093493938446,-0.3952578604221344,0.4420726001262665,-0.0640022158622741,-0.0927467569708824,-0.0351452268660068,-0.1798297464847564,-0.6414347290992737,-0.3546015620231628,-0.6851749420166016,0.2118288427591323,0.2456304132938385,0.4648495018482208,-0.304945558309555,-0.0362503044307231,-0.153953805565834,0.1635227352380752,0.1321999877691269,-0.5975485444068909,-0.4176119565963745,0.2444899380207061,0.2468039989471435,0.3364176452159881,0.7047562003135681,0.1856750398874282,0.3355709314346313,0.1508931368589401,0.086035244166851,0.1071151718497276,-0.2374561727046966,-0.1689526736736297,0.6010875105857849,0.000431860476965,-0.0603410862386226,0.2297626435756683,0.0991856530308723,0.0655785575509071,-0.1913573741912841,-0.4712237417697906,0.0785098075866699,0.1002240404486656,-0.3137194216251373,0.3111961781978607,-0.0041013956069946,0.672519326210022,-0.3693390190601349,-0.0032523812260478,0.3604865670204162,0.2146955877542495,0.4006662964820862,-0.4733363687992096,0.006279504392296,-0.2570718228816986,0.2697454988956451,0.3470699489116668,0.3321685791015625,0.1208919063210487,0.339318037033081,0.6675978899002075,0.04086684435606,0.2713790237903595,0.2633883059024811,-0.0681295394897461,-0.4309864640235901,0.0380658507347106,-0.112614668905735,-0.0279084481298923,-0.4654761552810669,0.0936223864555358,0.1265539228916168,-0.0400786027312278,-0.0064239646308124,-0.2158211767673492,-0.4222986400127411,-0.2465416342020034,-0.190931349992752,0.0879986733198165,0.1785637587308883,0.258786678314209,0.3916025757789612,-0.1032566204667091,-0.4911548495292663,0.5598074197769165,-0.1283477991819381,-0.069366455078125,0.1802635192871093,-0.4588852524757385,-0.2436957508325576,0.3996288180351257,-0.0660810619592666,0.1386255472898483,-0.27130126953125,0.3960331380367279,-0.0706033930182457,-0.5956684947013855,-0.0844382643699646,-0.0033354628831148,-0.3174983561038971,-0.4006783366203308,0.7325326800346375,0.1402434110641479,-0.6115754842758179,-0.6784621477127075,-0.2734947204589844,-0.4313403069972992,-0.1498757153749466,-0.5048642158508301,-0.2235249876976013,-0.19141186773777,-0.1967945098876953,0.5738834142684937,0.2716981172561645,-0.4582567811012268,0.7074304223060608,0.4335181415081024,0.4153755903244018,-0.3400882184505462,-0.40520179271698,0.0468157269060611,-0.077451191842556,-0.3228339552879333,0.2224424928426742,-0.2000925242900848,-0.0283288545906543,-0.4559940993785858,-0.6941409111022949,-0.7710542678833008,-0.1857616901397705,-0.758069634437561,0.3773366212844848,0.2222668081521988,0.0231490135192871,-0.4691428542137146,0.3682703673839569,-0.3120962977409363,0.2781900763511657,0.2773261964321136,-0.1845925450325012,0.1148344203829765,-0.631893515586853,0.139800950884819,-0.4332737326622009,-0.998008668422699,0.8505892157554626,0.4705871045589447,-0.7456851005554199,-0.1980885416269302,-0.0569831393659114,0.1255358308553695,-0.3266188502311706,0.0593798421323299,-0.2255244553089141,0.1618250608444214,0.3880086541175842,0.3295420110225677,0.1866107583045959,0.1020288616418838,-0.375136137008667,-0.2008048444986343,0.2346640527248382,0.4567102789878845,0.736954391002655,-0.1439768373966217,0.0549518130719661,-0.2308725416660308,-0.2568402588367462,0.1859365105628967,0.1064822971820831,0.4346268475055694,0.0638484209775924,0.5723000168800354,0.6819393634796143,-0.243947371840477,0.3415144085884094,0.4825946688652038,0.2448949962854385,0.4752700328826904,-0.0457554534077644,0.0954469740390777,-1.0813030004501345,0.3502972722053528,-0.1145230382680893,0.2780557572841644,-0.1324570775032043,-0.2311864197254181,0.1668270230293274,-0.2044654488563537,-0.0420801676809787,0.1655645668506622,0.0392424054443836,0.4011772871017456,0.4279835224151611,-0.1208354011178016,0.6188877820968628,0.4183763563632965,-0.3216933608055115,-0.1768267601728439,-0.2135247141122818,-0.057449422776699,1.079925775527954,0.0151468478143215,0.0323776565492153,-0.1394792348146438,-0.8818488717079163,0.4731625318527221,0.0625792369246482,-0.4225859940052032,0.6786478161811829,-0.4513055384159088,-0.2988471388816833,0.7438033223152161,0.185499370098114,0.1246291622519493,-0.0918589532375335,-0.9956426024436952,0.2553341686725616,-0.1651704460382461,-0.0420912317931652,0.4175013601779938,0.2262026518583297,0.1834922879934311,-0.1640747189521789,-0.2679892778396606,-0.0801611244678497,0.6362928748130798,-0.1089105978608131,-0.3208322823047638,0.0077819726429879,-0.2405453622341156,0.0422936603426933,-0.048470601439476,-0.0045811706222593,-0.1017855107784271,-0.2086309641599655,0.1760303378105163,-0.4114229381084442,0.0744765400886535,0.0450449213385582,0.1509630382061004,0.0081340093165636,0.0595919378101825,-0.4358670115470886,-0.6818418502807617,-0.0269382689148187,0.3204091489315033,-0.7822955250740051,-0.1549045890569687,-0.2095700055360794,-0.1892410665750503,0.2134782671928405,-0.1095760911703109,-0.7792156934738159,0.0773057341575622,-0.6258324384689331,-0.025297213345766,-0.5203964710235596,-0.0582575276494026,0.3355436325073242,0.0532894134521484,-0.2036162763833999,-0.5566251873970032,0.2885313332080841,0.2149784713983535,0.423637181520462,-0.2098501324653625,-0.0619802810251712,-0.0213649831712245,0.4444200992584228,0.2942081391811371,-0.1771599352359771,0.1417105048894882,-10.402750015258787,-0.0077664330601692,-0.5414326190948486,-0.0669736638665199,-0.4270269870758056,0.1829641461372375,0.8268499970436096,0.1709399372339248,-0.2324569970369339,0.552730917930603,0.331491470336914,0.5395879745483398,0.5592255592346191,0.5407611131668091,-0.5489458441734314,-0.057997528463602,0.0845218151807785,0.1726946532726287,-0.513979434967041,-0.2652775943279266,0.0952647626399993,-0.3621502220630646,0.6749326586723328,0.2930800020694732,-0.1599786728620529,-0.6549948453903198,-0.3670540452003479,0.4938880801200866,-0.4274978637695312,0.1864371597766876,-0.5031628608703613,0.4682232141494751,-0.2186492532491684,0.1022763848304748,-0.6303516626358032,-0.1588874012231826,-0.071713201701641,-0.0084501523524522,0.0268280766904354,0.4023565351963043,-0.1264661848545074,0.6079275012016296,0.4686408638954162,-0.1834808886051178,0.3533813655376434,0.5853736996650696,0.2267607748508453,0.3187667429447174,0.5242153406143188,-0.1416100710630417,0.1227910071611404,-0.040171705186367,0.2680443227291107,-0.6839832663536072,0.419475108385086,0.257938802242279,0.6324306726455688,-0.7606148719787598,-0.3314964175224304,0.167871281504631,0.3142702877521515,-0.1882435232400894,0.9384612441062928,0.6297095417976379,-0.2359187304973602,0.5064928531646729,0.4082295298576355,0.1923223733901977,0.0555984489619731,-0.3947871625423431,0.4501593708992004,0.3644503653049469,-0.7323861122131348,0.3435741066932678,-0.5679139494895935,0.7753034830093384,0.0115990135818719,-0.0830778256058693,0.3380842804908752,-0.0936827212572097,0.2872688770294189,0.1856337189674377,0.1969535201787948,0.2477642148733139,-0.8873093128204346,0.3959076702594757,-0.5624526143074036,-0.2822060883045196,0.2594040334224701,-0.6390024423599243,0.1025163382291793,0.2662487030029297,-0.2828689515590668,0.4093946516513824,0.456691712141037,-0.3387525081634521,0.1220334097743034,0.2254482805728912,0.2622737288475036,0.0777414664626121,-1.0580872,-0.49771184,0.84340256,1.2373116,-0.7986111,-0.33912963,-1.3617672,0.23235491,1.0349234,-0.25767773,0.6830596,-0.14435843,-1.2575164,2.3217409,-0.6684749,0.02756007,1.0253797,-0.98913497,0.5218632,-0.12374611,0.64137995,0.48164338,0.813426,-0.69766676,1.0376614,0.8077995,0.5937912,-0.62890255,-0.8893282,-0.5997149,0.45918685,-0.6159304,-0.97830164,-0.46530098,-0.12513605,-0.9379636,-1.2858166,0.71267563,-0.14619021,-0.35995048,-0.8983372,0.6550924,0.16623117,-0.25048405,-0.33427423,-0.23186938,1.5890836,-0.45144802,0.8939945,-0.4226192,-0.58624613,-0.35560557,0.20346537,1.0739832,0.6813036,-0.5762172,0.8727811,1.0799696,0.024810933,-0.81494415,0.41574088,1.2430447,-0.85978997,0.17070942,0.095980525,0.69558907,-0.118854895,0.25338665,-0.21322879,-0.20851143,-2.6747785,-0.8021418,-0.13027017,1.1191497,-1.3626176,0.8220234,0.2584722,-0.80814296,0.6225997,0.06959911,0.122987844,-0.118598856,-0.77133745,1.2965095,-0.6450292,-0.84441566,-0.5544649,-0.23578914,-1.100155,-0.31953177,-0.23686402,-1.5559784,-1.5824509,-0.8704128,0.9594345,-0.08412708,-0.9859487,-0.9658653,-1.5722923,-0.13720945,-0.043884646,0.90340537,0.13599674,-0.27923527,-0.86140805,-0.039905906,-0.5119332,-0.3337803,-0.13033393,0.9937192,-0.17756319,0.48138303,0.4017593,1.3868582,0.7670825,0.5902223,-0.96282303,-0.77303183,-0.65767956,0.21959858,1.392969,0.71617633,-0.6050209,0.45975143,0.041734114,0.7870461,0.3151319,-1.1205561,0.7757608,0.5297071,0.67514914,-0.44249454,2.031564,0.73878086,-0.8975447,-0.5459141,-0.34242672,0.13680144,0.8159116,-1.0228928,-0.64329964,0.045878194,-0.4344203,0.1036366,0.26486534,-1.2386976,0.017201358,1.0324222,1.286196,0.26790512,-0.02398088,0.21678337,-1.2360169,0.4152867,0.99889404,-0.44761783,0.253441,0.55853647,-1.2857916,1.4397277,0.053644203,1.3438032,-0.92008877,0.35549438,-0.017289612,0.5791545,-0.7049863,0.80449885,-1.0554421,-2.257858,-0.6150429,0.23191857,0.068619564,-0.3081642,0.3872388,-0.26089996,0.5312908,-0.28020105,-1.4115875,-0.22947243,0.90737784,0.82884896,-0.043020755,1.104348,0.18082014,0.17986152,0.9416649,0.6054178,0.6048513,0.004625766,0.7544182,-0.6405674,0.93810177,1.0609344,0.8371779,2.6925876,0.8012129,-1.5294805,-0.9831599,0.18678054,-2.4847374,-0.7657875,0.68683517,-1.0136641,1.0017682,-1.0351026,-1.1570731,2.2076364,0.59860647,-0.1534923,-1.3039091,-1.1430441,1.2283359,0.57050407,-0.6721659,-0.019191206,-0.82940435,0.25949052,-0.33728555,-0.56309605,1.1044352,0.42240334,0.029911509,1.6398497,-0.8846337,0.4624783,0.40619525,0.86786664,0.0074381754,0.5933653,-1.1812731,0.36971545,0.6888733,-0.1768697,-0.35273224,0.24580844,-0.33949423,0.9919756,-0.43464032,0.26438653,0.48442787,-0.32529894,0.086943485,0.018676465,0.6163925,0.8193526,1.8030508,0.3069322,-1.8824927,-0.19500215,0.3084473,0.83348244,0.06448458,0.69974977,0.54761606,1.11395,-0.8008825,0.3111346,-0.6081761,-0.4062643,-0.14373831,0.68145007,0.29938135,0.3453835,0.23696029,-0.7094763,-0.7233292,0.34672052,-0.101761386,-1.1575032,-0.791408,-0.7788055,-0.838514,0.17335579,0.21650836,0.2558353,-0.7264573,-1.4432839,-0.6079435,0.39992648,0.8533589,-1.594436,-0.621058,0.015254405,-0.76012075,0.6443347,0.03494724,-0.040711023,0.2056683,0.60509026,-1.1284168,0.8669635,-0.22956507,1.1438162,1.7902437,0.029931385,1.1027915,-0.7339132,0.38854426,-0.5182668,0.33719242,0.29990155,-1.9436976,0.73312193,-0.47135553,-0.53283805,0.94178855,-1.0253485,-0.74945134,-0.8138757,0.3009843,0.0029762327,-1.1414675,2.0135753,-2.0136957,1.3871094,-1.436343,-0.7983471,-0.6687066,-0.5141841,-1.0720788,0.8105944,0.6361935,0.16447847,1.0062824,0.31836602,0.110075,0.21938352,-0.122375466,0.7820099,0.015487802,0.66071826,-0.7655159,-1.3589981,-0.06516315,0.6996443,-1.1418147,-1.1310909,-1.5994465,-0.5544193,0.12926304,-0.633737,-0.1755327,0.9198055,-0.13219886,0.3395931,-0.8119935,-0.7509905,0.009185657,-0.62349147,1.0643146,-0.24422324,1.4477502,-0.8173796,-0.2816307,0.45510608,-1.6031326,-0.6918396,-0.2816003,1.7469547,-0.011997407,0.3218896,0.6117181,-0.11027733,-0.24113238,-0.5293325,1.1852354,-0.11872284,1.7813956,0.5842577,-0.5663621,1.5727155,-0.30986577,0.6551853,-0.10115063,-0.46698785,1.4926627,-0.13865879,-0.3020262,-0.10117493,-0.205671,-0.20496555,-0.03142344,0.17301495,0.20255068,-0.20952825,0.43959135,0.4092384,-0.61696136,-1.137182,-0.24107495,0.79917514,1.0229261,1.4060912,1.4017732,-0.4531992,-1.3868076,-1.827334,0.0058599417,0.9167043,0.39496166,0.41833955,-1.3783348,0.30808172,0.06333257,0.33817703,-1.202897,-1.7607425,1.2399269,0.4088509,0.5999504,1.3484039,-0.8965136,-1.3833443,-0.57420284,0.25268272,-0.30775574,-0.5753296,-0.81390476,0.5649106,-0.8265766,0.90144014,0.8059661,0.9129688,0.10020757,0.010861439,0.83228385,0.3890359,-0.8254773,-0.4355827,0.007515642,0.47445327,-1.4534191,-0.88379514,0.51279056,-1.9209986,0.13314489,-0.40287012,-0.3994294,-0.1791573,-0.29680043,-0.7567311,-0.00041752233,-0.07486767,-0.71687895,-0.5156067,0.41379347,-1.1421052,-1.4727867,0.50317276,1.2261035,-0.7947649,0.63029754,0.38943118,0.1221977,0.35490927,0.04531347,0.035308093,0.22473633,-0.6836364,-0.2901741,-0.62604785,-1.06797,-0.34391814,0.76735544,-1.389281,-1.2588606,1.3478436,0.65814,-1.7914025,-0.64873445,-0.11754815,-0.3311709,0.80543107,0.902326,0.20181815,-0.2682952,-0.81060874,-0.21896665,0.16022816,0.863227,-0.06995059,-0.37844548,0.31850544,-0.062721685,0.5630525,1.7311541,0.4599398,1.4771736,1.0321739,0.63212407,-0.4537682,0.66747975,-0.06561382,-0.18490729,0.3605559,-1.2860523,-0.20165606,1.1922534,-0.51126283,-0.7071593,0.1553463,0.6398552,-0.31381524,-0.02289487,0.14266682,1.1071352,1.4096733,0.9705699,1.5490549,0.07451089,-0.51879895,-0.90141964,0.6624553,-0.8710475,-0.85269296,-0.043173514,0.4962725,2.1444325,-0.3238263,0.01833279,0.8323129,-0.6880367,-0.8395942,0.63417387,0.20374627,-0.76645315,-0.4705843,0.6024759,-1.5197525,0.5009296,-1.6866629,-0.21975422,0.43677682,1.0219136,-0.32267904,0.0159163,0.46128958,0.19524264,-1.1248262,0.11140782,0.88889945,1.632005,0.20330735,-1.0398473,0.80688035,-0.33139974,-1.1631936,0.03314483,-0.97686213,-0.5464632,0.20588923,-0.18697599,-0.045320965,-0.27278778,-0.4220491,1.3970702,0.2022235,0.09088448,0.17496134,-0.93746567,1.5927403,-0.28749022,-0.62717086,1.0286603,0.60199726,-1.540274,0.19204755,-1.2800751,1.0419799,-0.4336899,0.3789835,1.0157571,0.45912218,-0.07741626,1.1724051,-0.40621704,-0.11917021,-0.35118502,0.7157536,-0.6245701,0.1852332,-1.9680843,1.0797226,-1.0220001,-1.0862341,-0.22796504,0.47442946,-0.33676952,-0.06720106,-0.80222666,0.14941578,0.5760491,-1.0370253,1.0730299,1.9300139,-0.4229876,-0.6489023,0.5221132,0.95972955,-0.38712814,-0.060908757,2.7598767,0.478311,0.7383853,-1.3152701,-0.63505316,0.22318463,-0.28699225,-0.53094643,0.00726915,-0.2639503,-0.044311296,0.3067235,-0.26848745,1.0017039,-0.9473068,0.4913233,0.98525983,-0.7692423,0.27769428,0.13377638,-0.8951351,-1.1084781,-1.100199,0.5409936,0.45706648,-0.64088994,0.43938595,0.3533314,1.8045533,0.897586,-0.4012373,-0.8624536,1.0656595,0.885544,0.79110396,-0.7231842,-1.1555111,0.4902808,1.0893357,-0.44255868,1.0069538,-0.1666837,-0.6396323,-1.8842405,1.5301788,0.23927768,0.14897127,1.334355,0.4844617,-0.038999457,0.66025305,-0.26985067,-0.21086161,-0.27716118,-0.27811489,-0.17089088,0.020866636,-0.95614684,-0.11891631,-0.6016971,0.0055782045,-0.16658662,0.30175442,-1.5085186,0.6323222,-0.38766783,0.47186312,0.08642399,0.43162084,-0.8690915,-0.4367308,-0.59021115,1.5540738,1.1622126,0.1600957,-1.3924047,-0.56475604,1.4289138,0.7321297,-0.16649899,0.30201417,-0.040625628,-0.68908167,-0.8956251,-1.1029943,-0.32480294,0.44607073,0.72296935,-0.6350385,1.0133121,-1.4769832,0.7084034,-0.317887,-1.0242503,0.14603534,0.5417918,-0.57753867,1.972879,0.87743616,0.04465866,0.17902724,0.82644004,1.2010579,-0.6383202,-0.43309316,-1.5556803,0.7972609,1.5392629,0.34776968,-0.9752466,-0.23217432,0.36117882,-0.92006505,1.3002189,-0.49906373,-0.9413791,-1.1229467,-0.4072803,-1.080241,-0.109632134,-0.45689183,0.02235723,-1.337071,0.4529048,-0.3929219,-0.71374196,0.10635309,-0.53227437,-0.250489,-0.32668832,1.1842941,0.57501185,0.30195892,0.47433457,-0.7268683,-0.4688147,-1.2996662,-0.9669514,0.8804819,-0.5401362,0.31478268,0.29990673,0.6962173,1.7169876,0.1714288,-1.0666958,0.59708434,-0.008759504,0.041505046,0.025362307,-0.5801896,0.006348339,0.39820465,0.1356024,0.58882415,-1.4779698,-0.45860878,0.08183542,0.47582975,-0.09141542,0.7177938,0.31543434,0.53404397,1.756151,1.2676175,-0.24578194,,,,,,,,,,,,,,,,,,,,,,,,,,,,,,,,,,,,,,,,,,,,,,,,,,,,,,,,,,,,,,,,,,,,,,,,,,,,,,,,,,,,,,,,,,,,,,,,,,,,,,,,,,,,,,,,,,,,,,,,,,,,,,,,,,,,,,,,,,,,,,,,,,,,,,,,,,,,,,,,,,,,,,,,,,,,,,,,,,,,,,,,,,,,,,,,,,,,,,,,,,,,,,,,,,,,,,,,,,,,,,,,,,,,,,,,,,,,,,,,,,,,,,,,,,,,,,,,,,,,,,,,,,,,,,,,,,,,,,,,,,,,,,,,,,,,,,,,,,,,,,,,,,,,,,,,,,,,,,,,,,,,,,,,,,,,,,,,,,,,,,,,,,,,,,,,,,,,,,,,,,,,,,,,,,,,,,,,,,,,,,,,,,,,,,,,,,,,,,,,,,,,,,,,,,,,,,,,,,,,,,,,,,,,,,,,,,,,,,,,,,,,,,,,,,,,,,,,,,,,,,,,,,,,,,,,,,,,,,,,,,,,,,,,,,,,,,,,,,,,,,,,,,,,,,,,,,,,,,,,,,,,,,,,,,,,,,,,,,,,,,,,,,,,,,,,,,,,,,,,,,,,,,,,,,,,,,,,,,,,,,,,,,,,,,,,,,,,,,,,,,,,,,,,,,,,,,,,,,,,,,,,,,,,,,,,,,,,,,,,,,,,,,,,,,,,,,,,,,,,,,,,,,,,,,,,,,,,,,,,,,,,,,,,,,,,,,,,,,,,,,,,,,,,,,,,,,,,,,,,,,,,,,,,,,,,,,,,,,,,,,,,,,,,,,,,,,,,,,,,,,,,,,,,,
オ,0.5296596884727478,0.2130906283855438,0.4559382796287536,-0.3788235783576965,0.0963736400008201,0.229296863079071,0.2386744916439056,0.2548413276672363,-0.0763473808765411,-0.5995948910713196,0.3987560868263244,-0.4263967275619507,0.4475667774677276,-0.2476707696914672,0.6969519257545471,-0.0656861960887909,0.0709809884428978,-0.1644545197486877,-0.0108748702332377,-0.3702743947505951,-0.7576481103897095,-0.413432627916336,0.3180697858333587,0.3614082336425781,0.053830225020647,-0.3144461810588836,0.024836154654622,0.22332763671875,-0.1629917174577713,0.0653100684285163,-0.163625493645668,-0.366718590259552,-0.2875009775161743,-0.143985703587532,-0.1412046998739242,0.7164433598518372,0.0447980128228664,-0.334321528673172,-0.048272281885147,-0.4448588788509369,0.2024504095315933,-0.0392537266016006,-0.0778143554925918,-0.4906745254993438,-0.4244580864906311,0.3569748103618622,0.1421144604682922,0.4508043527603149,0.3910716772079468,0.065802477300167,-0.2395339757204055,0.3987994194030761,0.2064034640789032,0.0377097837626934,0.5504782795906067,-0.1333968788385391,0.3774928748607635,-0.541711688041687,-0.0768055692315101,0.2613519728183746,-0.3717130422592163,-0.2485538125038147,0.521899402141571,-0.136066272854805,0.0811342075467109,0.026225758716464,-0.2150810807943344,-0.1482564061880111,0.0450063794851303,-0.7747994661331177,-0.2178253978490829,0.2925040125846863,0.3747594952583313,-0.3835846185684204,0.6918500065803528,-0.3065555095672607,0.2237822115421295,0.1153149232268333,0.2371601611375808,-0.2251027226448059,-0.3462476432323456,0.2766848802566528,0.2552945911884308,-0.7245570421218872,0.0226185377687215,0.0493616014719009,-0.4940282702445984,-0.9880563616752625,0.452703058719635,-0.3511286675930023,-0.0228992886841297,0.0741178765892982,0.2153235077857971,0.2377034276723861,0.0652189552783966,0.1718862056732177,0.1264184862375259,-0.2441621720790863,-0.2346249967813491,0.2505479454994201,0.0868691354990005,0.4093315303325653,0.32750204205513,-0.1709804832935333,-0.2634230852127075,0.0760699585080146,-0.1548914760351181,0.2174850106239318,0.2510367929935455,0.0809057801961898,-0.3745799660682678,-0.2978120148181915,-0.4654948711395263,0.2725546658039093,-0.0209189262241125,0.1435899883508682,-0.198187306523323,0.3388965129852295,-0.4349301159381866,0.6078699827194214,-0.2538466453552246,0.7915907502174377,-0.0356875881552696,0.3047783374786377,0.2150291949510574,0.5052955746650696,0.0175789315253496,-0.0272460542619228,-0.1284803003072738,-0.2572053372859955,0.0357783772051334,-0.0579200908541679,-0.6814077496528625,0.0921545028686523,-0.2537298202514648,0.9225340485572816,-0.0114336526021361,-0.0479016825556755,-0.136097177863121,-0.4668779373168945,-0.1524674445390701,-0.1324257403612136,0.2752945125102997,-0.4046907126903534,-0.1197020336985588,0.1626258939504623,-0.2094656676054,-0.4744023382663727,0.4888186752796173,0.3426395952701568,-0.391703337430954,0.8269580006599426,-0.7304170727729797,0.0575210861861705,-0.0262061338871717,0.3646568357944488,-0.7473659515380859,0.1510887295007705,0.0498598143458366,0.5594866871833801,0.0929848328232765,-0.4336896538734436,0.1997489929199218,0.3209051787853241,0.1022119894623756,0.4263670146465301,0.4947990477085113,0.234954759478569,0.1953546553850174,0.4709454476833343,0.0561673045158386,0.4962971210479736,0.0458567067980766,-0.2137681096792221,0.4985187947750091,0.2918106913566589,0.1293936520814895,0.2646268904209137,0.0680747330188751,-0.5479270219802856,-0.0365224033594131,-0.1630211323499679,-0.0103595312684774,-0.1495637893676757,0.4607514441013336,-0.16131691634655,-0.0502539128065109,0.1145083829760551,-0.2079464346170425,0.1704038232564926,0.0367571040987968,-0.262583464384079,0.3753058016300201,-0.6912090182304382,0.0999286249279975,-0.3194076120853424,-0.3274402320384979,-0.3803856372833252,-0.302856832742691,0.3924706578254699,0.0625739246606826,-0.0227741338312625,-0.1504396349191665,-0.1841774731874466,-0.8772600889205933,-0.3443240523338318,0.072902612388134,0.655198872089386,0.360122412443161,0.2266106456518173,0.0718065351247787,0.2478867173194885,0.4675061106681824,0.0748334527015686,0.1430813670158386,-0.0019422065233811,-0.2316767424345016,-0.1867131143808365,0.1263024359941482,-0.1210856661200523,0.4201357662677765,-0.0982303693890571,0.3487502336502075,-0.0542345009744167,-0.406590849161148,0.2436564266681671,0.0867293998599052,-0.3940061628818512,0.0503381453454494,0.7268115282058716,-0.2607754468917846,-0.6348714232444763,-0.4985277056694031,-0.0947990268468856,-0.6508302092552185,0.0662958398461341,-0.268383651971817,0.2855084538459778,-0.349700003862381,0.112674169242382,-0.1744929105043411,-0.4754193425178528,-0.1815786063671112,-0.2118682861328125,0.0328344888985157,0.1429506987333297,-0.0228110589087009,-0.1918207108974456,-0.51520836353302,-0.035258699208498,-0.3487142920494079,-0.4789979457855224,-0.0031026471406221,-0.5512425303459167,0.4469566941261291,0.2267684787511825,0.519576370716095,-0.0401957146823406,0.2230084687471389,-0.021178001537919,-0.0647084936499595,-0.8502422571182251,-0.1223883181810379,-0.082101322710514,-0.5005362629890442,-0.0289797261357307,0.0161732789129018,-0.4629672467708587,-0.3051377236843109,-0.4279847145080566,-0.0537696257233619,-0.4275308847427368,-0.4585559368133545,0.0507671535015106,-0.0609349831938743,0.121000550687313,-0.1441505849361419,0.4983959794044494,-0.4443674683570862,0.157625675201416,-0.6233783960342407,0.1977990418672561,-0.6939910650253296,-0.2582651376724243,0.0102615738287568,-0.2509933710098266,-0.385790079832077,0.1677277833223343,-0.4675479829311371,0.3769758343696594,0.3340494334697723,0.0589170567691326,-0.4295046031475067,-0.0234155897051095,-0.379841536283493,0.1281551122665405,0.2171487510204315,0.7272565960884094,0.2176287770271301,-0.0618875958025455,0.1726910173892974,0.4014920890331268,0.1911408603191375,0.1473643630743026,-0.1017887517809867,-0.2969529330730438,0.0840102732181549,0.055018100887537,0.6373216509819031,0.1061175316572189,-0.0175985414534807,1.0461182594299316,-0.3499410450458526,0.2470925748348236,0.49268639087677,0.2864406108856201,-1.7427469491958618,0.0124134626239538,-0.1290074437856674,0.0475340001285076,-0.2400045990943908,0.28074511885643,-0.0035546065773814,0.137170597910881,-0.459278792142868,-0.5403351783752441,0.9039117693901062,0.2878541350364685,-0.0093382988125085,-0.5122708082199097,0.3493413031101227,-0.2350283712148666,0.0298427008092403,-0.4780119359493255,0.2126775383949279,0.4782304167747497,-0.4107668399810791,0.0539882034063339,-0.1659918874502182,-0.537499725818634,-0.083966925740242,0.1677630394697189,0.1615692526102066,0.247225672006607,-0.5302152037620544,0.1380523741245269,0.3138780891895294,0.4008596837520599,0.7858495712280273,0.3039855659008026,-0.0616408102214336,0.0577767044305801,0.4450687170028686,0.1350419074296951,0.4254122972488403,-0.2856252193450928,0.1758316755294799,-0.0475820116698741,0.8534377217292786,0.0125897396355867,0.0911166295409202,-0.0015497871208935,0.1213041767477989,0.2295670956373214,-0.081953153014183,0.3548986315727234,0.1464321017265319,0.0478751249611377,0.1907066702842712,0.5322242379188538,0.5807309746742249,0.1449556350708007,-0.2838995158672333,-0.3661825656890869,0.0364569164812564,-0.321286529302597,-0.6244051456451416,-0.3386206030845642,-0.3438629508018493,-0.1222211271524429,-0.4495676457881927,0.2929139733314514,-0.0296255443245172,-0.5183850526809692,0.0549229495227336,-0.3556650280952453,-0.4252268970012665,0.3321499228477478,-0.0532559305429458,-0.7333111763000488,0.5861435532569885,0.2217282354831695,0.2881442606449127,-0.5338570475578308,-0.6530799865722656,-0.0423921756446361,-0.2733902633190155,-0.3039427995681762,0.1676573008298874,-0.3308295905590057,-0.0540301539003849,0.3473367393016815,-0.0784889757633209,-0.0932381302118301,-0.3437794744968414,-0.2950970530509949,-0.7089868783950806,0.1887605041265487,-0.0504166632890701,0.3232135474681854,0.0219684243202209,0.2221865206956863,0.2203065305948257,0.0448722839355468,-0.2711859345436096,0.0839256197214126,-0.3249978721141815,0.5804333090782166,0.3907267451286316,0.1664255708456039,0.581920862197876,0.4442465603351593,0.2811322212219238,0.5245891809463501,0.0202089324593544,0.0134099787101149,-0.610522449016571,-0.3011751174926758,0.7100160717964172,-0.0379120931029319,0.2432178258895874,-0.107879638671875,-0.0181926805526018,0.6090810298919678,-0.0324829034507274,-0.5741919279098511,0.0005142665468156,0.0738754346966743,-0.1841550320386886,0.262513518333435,0.6575903296470642,0.8228428959846497,-0.0232491437345743,0.0209028869867324,-0.140678659081459,-0.1875307261943817,0.3151618540287018,-0.1306444257497787,-0.1179750114679336,-0.2945268750190735,0.0095409927889704,0.2994397580623626,0.6596575975418091,0.2006724327802658,0.6231606602668762,0.3094731569290161,-0.3437167704105377,0.2674251198768616,0.435273140668869,0.4795292615890503,-0.2945265173912048,-0.2899815738201141,-0.3539811670780182,0.0258303135633468,-0.3896693289279938,-0.0662572011351585,0.6731356978416443,-0.1594995409250259,0.1768974959850311,0.0076765068806707,-0.6110824346542358,-0.6220504641532898,-0.3782775104045868,0.1608152389526367,-0.0992601439356803,0.1433831602334976,0.2025719732046127,-0.0135760903358459,-0.4930251836776733,0.1857774257659912,0.0561464726924896,0.2988999783992767,0.5034912824630737,-0.1536019593477249,-0.0901676565408706,0.0035907886922359,0.0382498726248741,0.0676893964409828,-0.1810710877180099,0.0458883009850978,-0.2628243565559387,-0.4944120943546295,0.0162131208926439,0.1840128451585769,0.2542142868041992,-0.1465330421924591,0.6534149646759033,0.1324674189090728,-0.5132039189338684,-0.565060019493103,-0.237240582704544,-0.2221661806106567,-0.0452727153897285,-0.4980322420597076,-0.0901912376284599,0.0443757846951484,0.3667648136615753,0.0876772403717041,0.2802462577819824,-0.3576146960258484,0.0792291760444641,0.2387515604496002,0.6340348720550537,-0.1300701349973678,0.2300144582986831,-0.1985842436552047,0.0217490531504154,0.0881654992699623,0.0755990594625473,0.0594925098121166,-0.1432090848684311,-0.536220908164978,-0.6978509426116943,-0.3783296048641205,-0.1789586842060089,-1.0786592960357666,0.5394381880760193,0.1386258453130722,0.2410538047552108,-0.4676302969455719,-0.4629960358142853,-0.147763043642044,0.3010770082473755,-0.115580216050148,0.4248737096786499,-0.2177674025297165,-0.5781479477882385,-0.0497000403702259,0.1251947283744812,-0.6601473689079285,0.9405031204223632,0.2545405626296997,-0.4916508197784424,-0.3954956829547882,0.387395292520523,0.1958344131708145,-0.2218459993600845,0.1072808057069778,-0.1325920820236206,-0.5393648147583008,0.1550326347351074,-0.3469339609146118,0.3210111856460571,-0.1543601602315902,-3.526743239490315e-05,-0.1246603056788444,0.5851903557777405,0.3443279862403869,0.2443006783723831,0.0775589197874069,-0.2279006391763687,-0.2089708745479583,-0.2480691522359848,0.3257020711898803,0.1407943069934845,0.3850536048412323,-0.1766823679208755,0.3162503838539123,0.5831259489059448,-0.8466090559959412,0.0867414474487304,0.7604172825813293,0.4110320210456848,0.444315493106842,-0.1525647640228271,0.03209038823843,-0.8170374035835266,0.1355699896812439,0.1418216824531555,-0.0172215569764375,0.4570207893848419,-0.0356507040560245,-0.1375111788511276,-0.4097650349140167,-0.0168074183166027,0.4003950655460357,0.1728287488222122,0.0364892520010471,0.4355419874191284,-0.1556229144334793,0.5133227705955505,0.3383309543132782,-0.2615169286727905,-0.3602937161922455,0.0543467439711093,0.4090258181095123,0.7752847075462341,0.1817598491907119,0.3601688146591186,-0.7150218486785889,-0.6305393576622009,0.3012827634811401,0.0831094086170196,0.3051785230636596,0.5014293193817139,-0.2748686373233795,-0.0627902820706367,0.6112644672393799,0.2978948354721069,-0.0707817524671554,-0.3294468224048614,-0.4165408909320831,-0.1707163900136947,-0.2366679608821869,-0.5008911490440369,0.2017518132925033,0.0845913216471672,-0.0467947907745838,0.2117699682712555,0.0154199143871665,0.0983888357877731,0.5822260975837708,0.0028719732072204,-0.305047333240509,0.2047902196645736,0.0614336542785167,-0.0901422724127769,0.0808300226926803,-0.2235193252563476,-0.2465935945510864,-0.0241717658936977,0.2415190041065216,-0.1573673337697982,0.2025086134672165,0.0340979881584644,0.1619161665439605,0.3305917084217071,-0.4448821544647217,-0.1901049017906189,-0.314644455909729,-0.3174638450145721,-0.1307286322116851,-0.6577920317649841,-0.3597747385501861,-0.0309588555246591,-0.0471150875091552,-0.1592544317245483,-0.05937360227108,-0.4678713381290436,-0.2325161099433899,-0.4492211043834686,0.2522855401039123,-0.1734455525875091,-0.8417651653289795,0.3823029398918152,0.2627186775207519,-0.1252967417240142,-1.1999207735061646,0.247536301612854,0.1704616248607635,0.2441152334213256,0.1721053123474121,0.704698920249939,-0.3422385454177856,-0.2607019543647766,0.0875810459256172,-0.2855316996574402,0.2547450661659241,-10.516351699829102,0.1059780791401863,-0.4225786030292511,-0.3998930752277374,-0.3504877388477325,0.3931498527526855,0.6256321668624878,0.5662823915481567,-0.1955859363079071,0.1214233934879303,-0.0340548641979694,0.0915949419140815,-0.0144770285114645,0.6837878823280334,-0.5207838416099548,-0.3065536618232727,-0.2305571138858795,-0.0215277168899774,-0.0403221026062965,-0.2391912043094635,0.1143146902322769,-0.284472644329071,0.5086359977722168,0.7366798520088196,0.5462241768836975,-0.4084236323833465,-0.2611879706382751,0.0024734144099056,-0.2027534991502761,0.5919749736785889,-0.6013648509979248,0.5325713157653809,0.0364352501928806,0.3010843992233276,-0.1525362879037857,0.2529691159725189,-0.4028312265872955,0.6683297157287598,-0.0390014834702014,0.4041423201560974,0.3153025507926941,0.4241274297237396,-0.025679500773549,-0.0304168835282325,0.1748992651700973,0.2391737103462219,0.469064712524414,0.0111696710810065,0.5418323874473572,-0.2422156333923339,-0.1271032989025116,0.1338433921337127,0.0682288780808448,-0.0943486765027046,0.4556112885475158,-0.0305458642542362,0.6394035816192627,-0.6745585203170776,-0.031642060726881,0.0643760710954666,0.3380284905433655,-0.0773757696151733,0.3833673596382141,0.444365918636322,0.30074143409729,0.4105566740036011,0.5217416882514954,0.3653739690780639,-0.9130431413650512,-0.2377991825342178,0.1625676453113556,0.471616268157959,-0.0950486809015274,0.3251329064369201,-0.2567318379878998,0.3133965134620666,0.3614666759967804,-0.2959363758563995,0.0550640672445297,-0.0280053783208131,0.2839506864547729,-0.3029759228229522,0.0833558365702629,0.2407184094190597,-0.621874213218689,0.0487202405929565,-0.0832330659031868,-0.04812478646636,0.259869247674942,-0.4461257457733154,0.2382365614175796,0.0838035121560096,-0.5344372987747192,0.5065318942070007,0.4480125904083252,0.0181824807077646,-0.121032990515232,0.2265196144580841,0.4854059219360351,-0.0247120037674903,-1.5781133,-0.32989383,0.39773616,1.4338887,-0.67294896,0.15179843,-1.529546,0.027781844,0.45385617,-0.60676205,0.99069375,0.6532055,-1.0724128,2.1260905,-0.7347652,0.1951912,1.32671,-0.42755052,0.47889477,-0.48912174,0.9845786,0.55020833,1.0235095,-0.97932965,0.2912261,0.5928762,0.76193035,-0.71735585,0.12811327,-0.34237346,-0.19973105,0.026978165,-0.8541,-0.589903,-0.057437867,-1.0442013,-1.4764187,1.7784818,0.34670413,-0.30636483,-1.0935161,0.41692007,-0.8367628,0.65754426,-1.2545917,0.4563579,1.303333,-0.5504114,0.8298244,-0.47607577,0.01109568,0.011172652,0.8455937,1.1411844,0.4342692,-0.4161025,0.75049937,0.96152484,-0.2264501,-0.3567614,0.0883481,1.3456621,-0.7255656,0.6689448,1.0648766,1.6486977,0.29130268,-0.4117183,-0.18882501,0.016598105,-2.8635602,-0.86586654,0.12323913,1.681351,-1.5106204,1.079125,0.0937437,0.26789865,-0.120575055,-0.13263556,0.34002206,0.050755676,-0.7963572,1.077637,-0.40942603,-0.87435365,-0.23031598,-0.7801764,-1.2148018,-0.08813732,-0.33859053,-1.3325891,-1.3099027,-1.6956894,1.7812846,0.03787318,-0.4887923,-0.93989956,-1.1973693,-0.9694714,0.4638344,0.81494606,-0.2746113,0.009590328,-1.5351026,-0.09132092,-1.1697652,-0.4440321,-1.0089061,0.038009405,-0.7926618,0.8364165,1.2882534,2.1036892,0.3764146,1.0244501,-0.7855209,-0.52604055,-0.98205733,0.41519636,1.1585816,-0.58809924,-0.39929673,0.77482355,0.33659428,0.55906534,-0.41502282,-0.8962573,1.0887005,-0.368909,0.2730385,-0.319916,0.8846604,0.9773035,-0.34873778,-0.45532897,-0.1099996,0.7515106,0.043072797,-0.8307204,-0.42797762,-0.3714745,-0.45620853,-0.9884144,-0.3571916,-1.4363042,0.37450185,0.028785408,1.0145552,0.0011808574,-0.006566584,-0.32617056,-0.5499142,0.40075058,0.9644872,0.31816953,-0.005605026,0.68193936,-1.0938109,1.1303387,0.07811405,1.0338715,-1.3920696,0.49022862,0.25690472,1.0240985,0.001545901,0.46795267,-0.12400217,-1.9033794,-0.23046249,-0.24097985,0.017729282,-0.4371246,0.7836045,-0.16181654,0.49567428,-0.2895847,-1.4810914,0.2887813,0.51811653,1.1359097,-0.15210238,1.7355001,-0.7997236,0.5346675,0.09709805,0.1047781,0.2401279,0.54255223,0.33706558,-0.26728934,0.25132492,1.0383812,0.851442,2.437932,0.6552195,-1.7268283,-1.1741679,0.7669948,-2.2219896,-0.23005444,1.121405,-0.3109253,1.2333238,-0.9014982,-0.8820599,2.8866348,0.90402627,0.3284768,-1.3128059,-1.535188,0.81354964,1.3348846,-1.4013624,-0.3122685,-0.46455473,0.6770617,-0.81564015,-0.84427696,0.96807075,-0.10191971,1.3723121,1.1316565,-0.6739818,0.14626643,-0.43597457,0.72649133,0.10522047,0.5820308,-0.059958413,0.4508217,0.4991155,-0.49564347,-1.1736163,0.9085506,-0.9029754,0.75590146,-0.22167118,0.28778765,0.49150783,-0.79856706,0.8070344,0.004699394,0.4331721,1.0495735,1.1550913,0.4051581,-0.91961634,-0.09601727,0.61682445,0.7346236,0.17269441,0.17075953,0.9813311,0.2212764,-0.7036366,-0.64401865,0.0060801506,0.30421755,-0.05646972,0.6972271,-1.0044985,0.20693575,0.21907055,-0.8432911,-0.40462077,-0.45128435,-0.4889735,0.09523318,-0.67374134,-0.27228835,-1.304411,-0.20357475,-0.22205187,0.3715125,-0.5483324,-0.88938046,-0.9330307,0.261959,0.56897855,-1.4620862,0.11616226,-0.3632709,-0.38131398,0.17447884,-0.775931,-0.046963304,0.87163687,0.5480576,-1.5261612,0.5504456,0.515422,1.0158327,1.0106912,0.4079344,0.9909061,0.3723744,0.098232284,-1.5985982,0.38910112,0.9821439,-1.415686,0.76905966,-0.33692136,-0.7723789,0.718295,-1.9896021,-0.6062932,-1.0374715,0.071677595,-0.11905977,-1.9878651,2.4527853,-2.1478121,1.8539013,-1.438564,0.1420761,-0.64678144,-0.80724263,-1.9135947,1.2558415,-0.15388387,0.09024544,0.37335914,0.54067534,0.5905044,0.864413,1.287282,1.0474167,-1.0973139,0.98650587,-0.7636301,-1.5429595,0.41802895,0.53178775,-1.0054572,-2.211279,-0.9553112,-0.81788814,0.95122254,-1.4757437,0.26319078,1.2154034,-0.6028416,0.8434731,-1.6952525,-0.19228828,0.16169074,-0.8048454,2.0080547,0.40591967,1.4862499,-1.1817589,-1.392149,0.94661844,-1.8194939,-0.5943661,-0.23696904,2.334838,0.59235764,0.63794273,0.5664982,0.29427996,-1.0422901,-0.1671702,0.05381628,-0.42776853,1.9843037,0.3009823,-0.60086066,1.2682985,0.663633,0.991284,-1.143438,-0.019406587,1.912422,0.040074065,-0.48169076,-0.15592828,-0.19765846,-0.3723806,0.14554404,-0.16627397,-0.515098,-0.21441828,0.11059732,0.7356167,-1.2752237,-0.31620848,-0.5753771,-0.118680984,1.1233059,2.1120834,1.2339468,0.28285033,-0.90898955,-2.3269415,0.8964019,1.3152695,-0.160056,0.8097188,-1.6912969,0.29055375,0.543933,-1.3225179,-0.8357076,-1.9027843,1.8747258,0.09276432,0.733702,1.4663849,-1.0992607,-0.8682811,-0.18851906,1.1861405,-0.08542656,-0.6818929,-0.6940055,0.44587934,-0.36359823,1.1846603,0.6163006,0.8698437,0.3780555,-0.030716099,0.4440269,0.12687996,-0.3099575,-0.4280486,-0.3229708,1.3583791,-1.6040387,-1.0955803,0.86699986,-1.9044006,1.2346106,-0.64502794,0.3048752,0.30688706,-0.21694314,-0.8431775,-0.7423729,0.7242784,-1.3939306,-0.5621363,0.039649606,-1.1341515,-1.8332951,1.4270067,2.1121602,-1.3471136,0.45015022,-0.09403859,-0.047090393,0.5204724,-0.30005425,-0.21422592,0.46659902,-0.5651349,0.38841224,-0.27304086,-1.5589297,-0.6778939,-0.33306098,-1.4255005,-0.80816174,1.0589619,0.987211,-1.0833275,-1.1141515,-0.15885997,-0.9067338,0.44811773,0.37452543,0.07428041,-0.3001654,-0.90055513,0.24465585,-0.5160843,0.59500784,0.56756425,-0.52075803,0.97794926,-0.04573134,0.27523023,1.5373621,-0.28144348,0.15738696,1.5680839,0.2803176,-1.3029072,0.14195232,-0.7139636,-0.23809412,1.2076181,-1.5484394,-0.7349176,1.3628625,-0.21952102,-0.99600995,0.10900624,0.59882206,0.28784075,0.61924344,0.065108016,0.82688034,1.8746116,0.9601143,2.067872,-0.29875767,-0.8648083,-0.6173339,0.55311435,-0.6562526,-0.86449814,0.627264,1.1295171,2.288138,-0.47979987,0.6101779,0.21861938,-0.83568585,-1.0947151,0.016621515,0.88180315,-0.42186224,-0.68587196,-0.24246441,-0.6723085,0.24996324,-2.3057895,0.15513866,0.4363827,0.5516523,-1.1022135,-0.3984624,1.0341264,-0.14105637,-0.8090711,0.36359662,1.4257938,1.5087333,-0.38078493,-1.0664515,0.041562743,-0.94781834,-0.8431394,-0.36012143,0.14658074,-0.9127513,0.08204264,-0.40333432,0.079956725,-0.760306,-0.910987,1.3105099,0.7010895,0.5317191,0.015591908,-1.3064408,1.3799381,-0.9611607,-0.8650975,1.5063993,0.57476544,-1.825944,0.0047436804,-1.0906616,-0.10461358,-1.0362175,0.5381991,1.2738165,0.49400443,-0.092325926,1.41659,-0.14493296,0.3714278,0.38816804,0.48883924,-0.72407615,0.53594387,-2.8226018,1.3994706,-1.359885,-1.6146551,0.4447922,0.87535775,-0.51687807,-0.546716,-0.70639646,0.46321663,1.1093887,-1.2472639,1.3824006,1.9381002,-0.26676568,-0.45568037,0.5720291,-0.32388797,-0.68394595,-0.341849,2.9499526,0.805724,0.9811626,-1.2450058,-0.9248719,0.18079342,-0.7615984,-0.4323591,-0.76075226,-0.4959654,-0.1666063,0.70936376,-0.6247539,0.066460535,-0.6201215,-0.11669583,1.0538521,-0.8851875,0.3320892,-0.03725918,0.074874416,-1.2445222,-1.2859055,1.2013013,1.235508,-0.52844805,0.61778957,0.649053,1.0236925,0.27370054,-0.6779648,-0.3534691,-0.09303278,1.9827943,0.498407,-1.2801352,-1.3336222,0.9636676,1.4436908,-0.4270667,0.6199912,-0.023369849,-0.7503654,-1.0348504,0.9458691,0.35836262,0.26606137,1.9604913,0.28298566,-0.059457675,0.9436946,-1.0611503,0.42472184,-0.13639975,-0.9339389,-0.6576185,-0.19918437,-0.55690193,0.13574289,-0.45703202,0.38066033,0.056032315,1.3629689,-1.1511185,0.54439485,0.20296274,0.5286564,-0.009262398,-0.5330984,-0.31290835,-0.054023147,-1.0221496,2.1203306,0.6901402,-0.3072972,-1.5047683,-0.17607437,0.7231459,-0.44964418,-0.06399131,0.48342705,0.35822278,-1.1765523,0.10224308,-0.92761266,-0.8149742,0.15935764,0.58326614,-0.34921977,1.0223937,-1.9425647,0.7743999,0.37891564,-1.0110826,1.1185188,0.03738082,-0.26272348,1.5107868,1.9718399,0.13707472,-0.3070597,0.91875166,1.044513,0.19100858,-0.5359008,-1.3123026,1.2291527,1.0923637,0.9179027,-1.0821741,-0.35281438,0.32528546,-0.17399976,1.4445295,-0.6436652,-0.90720177,-0.7792003,-0.42372376,-0.22423182,-1.1467769,-0.8176197,-0.3389117,-1.3822839,-0.31367505,-0.60950136,0.50021523,0.10088566,-1.5928394,0.5517705,1.0194929,1.2257569,0.11476398,0.39318115,0.48993525,-1.1848743,-0.7241373,-0.6285346,-0.10624391,0.56508076,-2.0118685,-0.118735775,0.47496516,1.2994506,2.0663736,0.7494392,-0.07360938,0.60923404,-0.95637786,-0.39809597,-0.077572696,-1.0763345,-0.7794223,0.290075,0.09604455,0.19966316,-0.8761531,0.0012027938,-0.31967103,0.9073824,0.19629046,0.74687237,0.14162369,1.2312582,1.4935879,0.2744825,-0.46432865,,,,,,,,,,,,,,,,,,,,,,,,,,,,,,,,,,,,,,,,,,,,,,,,,,,,,,,,,,,,,,,,,,,,,,,,,,,,,,,,,,,,,,,,,,,,,,,,,,,,,,,,,,,,,,,,,,,,,,,,,,,,,,,,,,,,,,,,,,,,,,,,,,,,,,,,,,,,,,,,,,,,,,,,,,,,,,,,,,,,,,,,,,,,,,,,,,,,,,,,,,,,,,,,,,,,,,,,,,,,,,,,,,,,,,,,,,,,,,,,,,,,,,,,,,,,,,,,,,,,,,,,,,,,,,,,,,,,,,,,,,,,,,,,,,,,,,,,,,,,,,,,,,,,,,,,,,,,,,,,,,,,,,,,,,,,,,,,,,,,,,,,,,,,,,,,,,,,,,,,,,,,,,,,,,,,,,,,,,,,,,,,,,,,,,,,,,,,,,,,,,,,,,,,,,,,,,,,,,,,,,,,,,,,,,,,,,,,,,,,,,,,,,,,,,,,,,,,,,,,,,,,,,,,,,,,,,,,,,,,,,,,,,,,,,,,,,,,,,,,,,,,,,,,,,,,,,,,,,,,,,,,,,,,,,,,,,,,,,,,,,,,,,,,,,,,,,,,,,,,,,,,,,,,,,,,,,,,,,,,,,,,,,,,,,,,,,,,,,,,,,,,,,,,,,,,,,,,,,,,,,,,,,,,,,,,,,,,,,,,,,,,,,,,,,,,,,,,,,,,,,,,,,,,,,,,,,,,,,,,,,,,,,,,,,,,,,,,,,,,,,,,,,,,,,,,,,,,,,,,,,,,,,,,,,,,,,,,,,,,,,,,,,,,,,,,,,,,,,,,,,,,,,,,,
ガ,0.4871029257774353,0.3112438321113586,0.6418967247009277,-0.2556582987308502,-0.2658005058765411,0.4899188876152038,0.4236130118370056,-0.1525091677904129,-0.7580079436302185,0.052619319409132,0.8789860010147095,0.0158182885497808,-0.6489512920379639,0.0048701292835175,0.1287331283092498,-0.0917625278234481,0.1066539287567138,-0.2342146933078766,-0.0232696756720542,-0.0129869543015956,-0.5899919271469116,-0.212751880288124,-0.2258172929286956,0.6775805354118347,0.0299185868352651,-0.1018071621656417,-0.2578838169574737,0.5048170685768127,0.1958919912576675,0.0571742504835128,0.1502678394317627,-0.0304121486842632,-0.1197897568345069,-0.1161973476409912,-0.4109673202037811,0.2948071956634521,-0.0572437159717083,0.05080571398139,0.3518440723419189,0.1749065667390823,-0.0335266627371311,-0.2326549142599105,-0.539196789264679,-0.1533224135637283,-0.1208617314696312,0.2532053589820862,-0.3155933320522308,0.1978977024555206,0.0416663512587547,0.3158732950687408,-0.4199742972850799,0.2476316392421722,0.5251737236976624,0.2763620615005493,0.0860089436173439,-0.1845084130764007,0.8094395995140076,-0.750835657119751,-0.0073943524621427,0.6532958149909973,-1.1295076608657837,0.2262719869613647,-0.2964073419570923,-0.045218925923109,-0.0816813260316848,-0.1675745993852615,-0.0904666557908058,-0.1344543546438217,0.622959554195404,-0.6758260130882263,0.1665610820055008,-0.3049917817115783,-0.4265114963054657,-0.4626910984516144,0.1613782197237014,-0.4636359214782715,0.0219851434230804,0.547964334487915,0.9302532076835632,0.3348749876022339,-0.5613253116607666,0.3776678740978241,-0.0695181712508201,-0.7276908755302429,-0.4357565343379974,-0.0048336805775761,-0.9616498947143556,-0.6335716843605042,0.6302002668380737,-0.2444955855607986,-0.3732101023197174,-0.7225612998008728,0.2581343352794647,0.1187081038951873,0.7053924202919006,-0.0253477916121482,-0.2438835054636001,0.027056761085987,-0.0336368195712566,0.2745828628540039,-0.7686008810997009,0.3541084825992584,0.7190836071968079,-0.0718512162566185,-0.2065120786428451,-0.0018187621608376,-0.1872269362211227,0.397638738155365,0.4309074580669403,0.5468270778656006,0.2219927012920379,-0.8018908500671387,-0.9759647250175476,-0.4734072685241699,0.2083161324262619,-0.0377684906125068,-0.1185806989669799,0.2885502278804779,-0.1798402369022369,0.6878290772438049,0.1897077858448028,0.6301215887069702,-0.2091690599918365,-0.722944438457489,-0.3673590719699859,0.4424038529396057,0.3752502202987671,-0.1676991283893585,-0.4459718763828277,-0.4431300461292267,-0.7770759463310242,-0.0673386603593826,-0.3171449303627014,-0.4294436872005462,-0.5217902660369873,0.8094475269317627,-0.2512924969196319,0.1075090393424034,-0.4025917053222656,-0.4018430411815643,-0.466763973236084,0.2779311835765838,0.0454577282071113,-0.654930830001831,-0.044775117188692,0.0182618666440248,-0.1461863368749618,-0.3534509539604187,0.3655516505241394,0.4585763216018677,0.038303080946207,1.1507761478424072,-0.7051618695259094,0.5010988116264343,0.1114377006888389,-0.1240318939089775,-0.637571394443512,-0.1164587289094924,0.103160485625267,0.0029246993362903,0.27631476521492,0.0490697436034679,0.3067949712276459,1.1473218202590942,0.2200698107481002,0.1146855354309082,-0.054234005510807,0.0093141850084066,0.2357895672321319,0.7931244969367981,0.9288544058799744,0.2657651007175445,0.7831446528434753,-0.5178368091583252,0.1429086625576019,0.3797582685947418,0.5708256363868713,0.0189598482102155,-0.2144011408090591,-0.2801067531108856,-0.052637368440628,-0.3254095315933227,0.2340656816959381,-0.5054588317871094,0.6047118902206421,0.2007045149803161,0.4485276341438293,-0.1534082591533661,-0.1056542620062828,-0.0211676489561796,0.0489759519696235,-0.536264181137085,0.2355049401521682,-0.5773724913597107,-0.3042028844356537,-0.2597787976264953,0.4161090850830078,0.4371704757213592,-0.1982328742742538,0.2009575814008712,0.11663219332695,-0.2995975613594055,-0.015353363007307,-0.852346658706665,-0.2523526549339294,-0.2512937188148498,0.0604821182787418,0.4706586599349975,0.1505519896745681,0.0846910700201988,-0.1784964650869369,-0.3232850730419159,-0.0210635960102081,-0.1855963766574859,0.6927430033683777,-0.6860296130180359,-0.752128541469574,-0.6004267334938049,-0.1781690865755081,0.176661878824234,0.5300585627555847,-0.294614315032959,0.0418475419282913,-0.3430668413639068,0.3032206296920776,0.3980767428874969,0.5035474300384521,-0.1453271657228469,-0.6162866353988647,0.1141750663518905,-0.4648641645908355,-0.6513643860816956,-0.5748369693756104,0.1390192955732345,-0.6865306496620178,-0.7188555002212524,-0.0162003524601459,0.2561909258365631,-0.1578685045242309,-0.0249113645404577,0.558117687702179,-0.4452366828918457,0.5371310710906982,-0.4229345023632049,-0.5338836908340454,0.3808674216270447,-0.4377933442592621,-0.0793895795941352,0.1639578640460968,-0.1228517219424247,-0.7344483137130737,-0.1510647386312484,0.0286140590906143,-0.0342519618570804,0.9116819500923156,0.6522166728973389,0.904354214668274,-0.3602615892887115,0.2949974238872528,-0.7336243987083435,-0.237593725323677,-0.5255631804466248,-0.2727871239185333,-0.0693399533629417,0.1877327859401703,-0.1907364726066589,-0.4590455889701843,-1.075838327407837,-1.0332036018371582,-0.4220397174358368,0.0344428680837154,-0.0979672968387603,-0.153228685259819,-0.2957656383514404,0.1623664200305938,0.5445863604545593,-0.5729798674583435,0.6523600816726685,-0.3408239483833313,0.9851572513580322,-0.481229156255722,0.4011480510234833,-0.7459119558334351,-0.2729512453079223,-0.0208285823464393,0.5046341419219971,-0.7048631310462952,-0.5099693536758423,-0.4516530632972717,0.5084946155548096,0.7076864242553711,-0.7811751365661621,0.0191884879022836,0.0766404271125793,-0.6479899883270264,0.3435512781143188,0.2791961431503296,-0.1827924847602844,0.1731383949518203,-0.0243612807244062,0.4026594758033752,-0.416874498128891,0.4068607985973358,-0.0795387327671051,0.0487347170710563,-0.3546027541160583,0.0398236811161041,0.3165858387947082,0.3399744033813476,-0.307458758354187,0.6749665141105652,0.4790500402450561,-0.4889535009860992,-0.0736426562070846,0.6046435236930847,0.4842948019504547,-1.687179446220398,0.1725722998380661,0.48698890209198,0.076337456703186,-0.4583398401737213,0.384485512971878,0.5825582146644592,0.5674645900726318,0.1395272761583328,-0.892349123954773,1.3817840814590454,0.1117706894874572,-0.5031810998916626,0.1963310539722442,0.2763651907444,-0.1240781471133232,0.0228829495608806,-0.6274163126945496,0.0666640177369117,0.5147969126701355,-0.1712956130504608,-0.0622882097959518,0.101601094007492,-0.3973147273063659,-0.0347880385816097,0.6591439843177795,-0.7945539951324463,-0.3309025764465332,-0.6230839490890503,-0.147895947098732,0.3651831746101379,1.676709771156311,0.1523522585630417,0.5257534980773926,-0.7202920317649841,-0.23840993642807,-0.4747266769409179,-0.0877086222171783,0.0577413626015186,-0.495049238204956,0.0359099134802818,-0.4449571967124939,0.2496489584445953,0.2661591172218323,0.1785660535097122,-0.12789286673069,0.2914387881755829,0.2759785652160644,-0.0963191762566566,-0.0027752553578466,0.6358041167259216,-0.079516053199768,0.3349685668945312,0.1781617254018783,0.7129798531532288,0.8594394326210022,0.129124030470848,-0.1741911768913269,0.2292324006557464,-0.9371184706687928,0.4224268198013305,0.5195561647415161,-0.388682097196579,0.4205546677112579,0.080777458846569,-0.0475782640278339,-0.0432050041854381,-0.5159657597541809,0.4319249391555786,-0.5302548408508301,-0.6946197748184204,-0.2556244134902954,0.3964457213878631,-0.0218339581042528,0.7941288948059082,0.6027892231941223,0.5558668375015259,-0.5528475046157837,-0.4494167864322662,0.4720392525196075,-0.0278069116175174,0.6454340219497681,-0.3102744221687317,0.4741364419460296,-0.1930988579988479,-0.0816230103373527,-0.3306300044059753,-1.1016929149627686,-1.1328061819076538,-0.3527359664440155,-0.8437162041664124,0.0883318409323692,0.0166179332882165,0.5260935425758362,-0.3568281829357147,0.3089243471622467,0.4339423179626465,0.0885413289070129,-0.1924438327550888,-0.8673501014709473,0.0152217717841267,0.0992809236049652,0.1531584709882736,0.1446982324123382,0.3812558352947235,0.4379046559333801,-0.2328591793775558,-0.5454654097557068,0.3187895715236664,0.2324008196592331,-0.2125420719385147,-0.7398461103439331,0.2901666462421417,-0.1754992604255676,-0.2768450379371643,-0.0700312927365303,0.2613284289836883,1.2252193689346311,-0.0009075250709429,-0.6644392013549805,-0.0606603696942329,0.2543105483055115,-0.1092960909008979,1.0831310749053955,0.547250509262085,0.4560775756835937,-0.2520927488803863,0.0764947459101677,-0.258932501077652,-0.1018154695630073,0.045557901263237,-0.1341677755117416,0.6166885495185852,0.1234696507453918,0.3937031030654907,1.0730894804000854,-0.0708035752177238,0.4182968139648437,0.1894800961017608,0.5416486859321594,-0.5783624053001404,0.4311995208263397,-0.6220143437385559,-0.3889636695384979,-0.4045604765415191,0.273272305727005,-0.6448376774787903,-0.4883438646793365,0.0748318880796432,-0.0559296607971191,0.3655585944652557,0.0947508066892623,0.3347433507442474,-0.4867055118083954,-0.7516680955886841,-0.6947751045227051,-0.8651110529899597,-0.1331499963998794,-0.7601132988929749,-0.0770404860377311,1.1819701194763184,0.1875740587711334,-0.6374523043632507,-0.2221080660820007,-0.2064822614192962,0.4502861499786377,0.0212032590061426,-0.0214349161833524,-0.4263295829296112,0.4196648895740509,-0.5261693000793457,-0.061623927205801,0.219854399561882,0.0290658865123987,-0.4521681368350982,-0.7936022877693176,-0.7372019290924072,0.0023609229829162,0.2143869698047638,-0.5866208672523499,0.4461150467395782,0.2373750954866409,-0.4823496043682098,0.2236660420894622,0.1765279769897461,-0.4172260761260986,-0.1361928582191467,-0.5139825344085693,-0.1692083179950714,-0.2422839701175689,0.0809249952435493,0.0438421554863452,0.5074209570884705,-0.4115377962589264,-0.2900601923465729,0.9956235885620116,0.0885742232203483,0.0695859119296073,0.5985785722732544,0.030906518921256,-0.5308222770690918,-0.0320099927484989,0.552023708820343,0.5252487063407898,0.5485820770263672,0.18540720641613,-0.7003619074821472,-0.5911814570426941,-0.0854389667510986,-0.7716334462165833,0.6794939637184143,0.1723127216100692,0.822359025478363,-0.8295876383781433,0.2449977248907089,-0.0635278820991516,0.4558557868003845,-0.147618755698204,0.5592444539070129,0.3894344270229339,-1.012048602104187,-0.7715059518814087,-0.3534023463726043,-0.4530357122421264,0.5879379510879517,0.5101774334907532,-0.6036399006843567,0.1739322692155838,0.7949813604354858,0.3542305529117584,-0.6280215978622437,-0.0455308780074119,-0.4542135298252105,0.0779537260532379,0.8994118571281433,0.025979246944189,0.364872545003891,0.6617834568023682,-0.8723545670509338,0.4205503463745117,0.0646677836775779,0.7142137885093689,0.1112603694200515,-0.01350640039891,-0.3336399495601654,0.1852497458457946,-0.9368104338645936,-0.4135599732398987,0.2353415787220001,0.0102262273430824,-0.4041323959827423,0.5863099098205566,0.687199056148529,-0.4467338919639587,-0.171096384525299,1.1963224411010742,0.6934413909912109,1.1727560758590698,0.0693421214818954,0.2632206082344055,-0.6312238574028015,0.5046777725219727,0.0999296307563781,0.1138162463903427,-0.4361141920089721,-0.0496457181870937,-0.0317858234047889,-0.5102942585945129,0.284287542104721,0.3047030568122864,-0.004713037982583,0.1997137814760208,-0.2329429686069488,-0.0444165877997875,1.1387462615966797,0.1279442459344864,0.0908200591802597,-0.1361284703016281,-0.083695076406002,0.7815958857536316,0.387852668762207,0.1136531084775924,0.2873326241970062,0.0116083063185215,-0.5783442258834839,0.1750727593898773,-0.3806222975254059,0.4018998146057129,0.5458876490592957,-0.6939646601676941,-0.8114388585090637,0.598314642906189,0.5786677598953247,0.2320148348808288,-0.0150028467178344,-0.6393182277679443,-0.1019391268491745,-0.0547196604311466,0.20533187687397,-0.0808889269828796,0.2012906223535537,0.2769282460212707,-0.1144013479351997,-0.4044199287891388,0.2067251056432724,0.3964733779430389,-0.0710416734218597,-0.6280693411827087,-0.1215648129582405,-0.1576318144798278,0.3057627081871032,0.1288700848817825,0.3105970919132232,0.0048235789872705,-0.2383773326873779,0.4694837927818298,-0.185609757900238,-0.3795554339885711,-0.2565902173519134,0.8335814476013184,0.2388144731521606,-0.005740042310208,0.2247727811336517,-0.4345863163471222,-0.0482878759503364,0.1456689685583114,-0.7986185550689697,-0.0886615663766861,0.3918721079826355,-0.3647620379924774,-0.286167711019516,0.3897396922111511,-0.6758683323860168,0.2997846305370331,0.1210987418889999,0.5831829905509949,-0.6072447896003723,-0.4771528244018554,0.4599668383598327,-0.0151549009606242,-0.2357513904571533,-1.4835104942321775,0.5753331184387207,0.1726105362176895,0.3982391953468323,0.0732976347208023,0.3291622996330261,0.2275152057409286,-0.297334611415863,0.3334373235702514,-0.3543940782546997,0.2686825692653656,-9.623371124267578,-0.3366906344890594,-0.2500040829181671,-0.3443638682365417,-0.3097512722015381,-0.1928163766860962,1.178856372833252,0.7910993099212646,-0.3517414033412933,0.1092985719442367,-0.5064831972122192,-0.5399105548858643,0.4728935062885284,-0.1594906747341156,0.0034422050230205,0.3760254681110382,-0.8666298389434814,-0.5093941688537598,-0.5065591931343079,0.2625578045845032,-0.1960121095180511,-0.0777080804109573,0.8864417672157288,0.0880405902862548,0.027871211990714,0.2879453897476196,0.4378581345081329,0.146378219127655,-0.0659997090697288,0.7545938491821289,-0.5527205467224121,0.4259957373142242,-0.0724203586578369,0.5263580679893494,-0.3624927699565887,0.1432782262563705,0.1114511638879776,-0.0039803097024559,-0.9822444915771484,0.7614712119102478,0.478391170501709,0.6143478155136108,0.1772196888923645,0.3317575454711914,-0.1949498057365417,-0.4198912978172302,-0.0906330421566963,0.2136856019496917,0.2229172438383102,-0.0746719539165496,0.0072870454750955,-0.5786659717559814,0.4518012106418609,-0.3779958188533783,0.45679771900177,-0.2503117322921753,0.6148054003715515,-0.480902761220932,0.6734774708747864,-0.0168807562440633,-0.0396499373018741,0.4694781899452209,0.6351075172424316,0.2969510555267334,-0.8252557516098022,0.5729717016220093,-0.2366446405649185,-0.1976436823606491,-0.6048322916030884,-0.4438560903072357,0.9195287227630616,-0.0117217293009161,0.3220738172531128,0.0544641278684139,0.4767098724842071,0.3851261436939239,-0.0530833415687084,0.2269264161586761,0.4393853843212127,0.1783817261457443,0.8094233870506287,-0.4462828040122986,-0.0675133988261222,0.1706312596797943,-0.7234871983528137,0.0018726208945736,0.520968496799469,-0.2995092868804931,0.1369046121835708,-0.6005504131317139,1.1353840827941897,0.5056543350219727,-0.8691042065620422,-0.042039431631565,0.3116087317466736,-0.0870124399662017,-0.0416175536811351,0.2896248400211334,0.3131852149963379,-0.1629267632961273,-0.55425346,-0.17806463,1.0303551,1.5571554,-0.430655,-0.25800905,-0.86175346,0.03362031,1.487919,-0.2347949,0.43993416,-0.44250768,-1.4982111,2.2560923,-0.30511695,-0.116112255,1.0664287,-0.81287205,0.626499,-0.34939456,0.34180063,0.5214592,0.78168344,-0.18756692,0.63138044,0.6831507,0.759275,-0.7467615,-0.6477322,-0.70433885,0.70333254,0.12769921,-0.6925216,-0.16920447,-0.009637594,-1.4608501,-1.3147669,0.77762127,0.3320344,-0.39860907,-0.877456,0.45736256,-0.36794728,-0.25494337,-0.66730005,0.079440184,1.8825411,-0.042991348,0.4312199,-0.06428393,-0.9536907,-0.7670484,0.66699415,0.83607656,0.7890433,-0.25576276,0.82389766,0.71682024,-0.06428172,-0.9962915,0.38577643,1.1025484,-0.80439204,0.4961279,0.11364367,0.660948,-0.29021534,-0.15909207,-0.386993,-0.9345664,-2.0529273,-0.9171742,-0.021087637,1.1030302,-1.3264918,1.2592512,-0.064923435,-1.1318426,0.46552306,-0.20189345,-0.09644537,-0.039364934,-1.5002605,1.4691054,-0.7991067,-0.30032575,-0.80125874,-0.37571424,-1.0559244,-0.22132738,-0.28376576,-1.6099713,-1.9272518,-1.0736809,0.8734754,-0.16049935,-0.51918423,-0.808908,-1.1523367,-0.19873926,0.21974716,1.035108,0.14572935,-0.28584543,-1.1830275,-0.19477248,-0.48394102,-0.40748692,-0.62794477,0.78909755,0.06626479,0.4603509,0.2846834,1.533673,0.73362535,0.77299845,-1.0064113,-0.55366397,-0.07695335,-0.2386662,1.3975371,0.1642762,-1.1299876,0.8250679,0.15805785,1.1646295,0.48862273,-0.5521563,0.73076504,-0.2684955,0.12760459,-0.71249926,1.5251806,0.5710076,-0.9977032,-0.13835028,-0.59996176,0.41437286,0.28257895,-0.7862066,-0.8113141,0.040696718,-0.10046841,-0.28244,0.36356953,-1.4098978,-0.017362047,0.95808107,0.9244043,-0.028980345,-0.46012393,-0.51224184,-1.0874075,0.58625734,0.81718284,-0.075239874,0.50384253,-0.11910436,-2.0294194,1.5021442,0.30781046,1.2600296,-0.73416185,0.047394145,-0.15188542,0.63592076,-0.8590075,0.28331262,-0.6208776,-2.3501222,-0.30616313,0.34288138,0.8600928,0.12477046,0.58748263,0.014103318,0.6406992,0.16806091,-0.9137856,-0.28442833,0.62583876,1.2788689,0.44464278,1.6685238,0.29415867,0.10532446,0.63258,0.58254254,0.04743341,0.1674267,0.6084133,-0.7391864,0.9370724,1.2960504,1.3198463,2.550813,0.65854573,-1.2629493,-1.4460152,1.0000838,-2.0976508,-0.4828805,0.3279044,-0.4685575,1.5262897,-0.30019528,-1.1042497,1.6838439,0.32385102,-0.27145436,-1.3341149,-1.1080804,1.0102067,0.5370592,-0.6147622,-0.0053771436,-0.63949645,0.037596434,-0.61986744,-0.4575213,0.80320567,0.2245771,0.33252648,1.7505344,-1.165313,0.54024494,0.6690603,0.61720026,-0.035812013,0.66164005,-1.3975008,0.43726283,0.57608837,-0.51290405,-0.5068222,0.09445603,-0.04443282,0.8288582,-0.20295401,0.6939522,0.17981999,-0.79018456,0.32959503,-0.28968078,0.12532559,0.38518438,1.8200573,0.16403577,-1.8557221,-0.13147411,0.45053792,0.97094214,0.53577995,0.027074564,0.34886682,0.5473768,-0.2807813,0.098649174,-0.352009,0.02100192,0.20389338,0.60481894,0.07846469,0.8256704,0.6784232,-0.78840894,-0.48979622,-0.11511574,-0.29868168,-1.318322,-0.4979022,-0.75233394,-1.0212151,0.27038693,-0.16600232,0.5129081,-0.7670625,-0.7714826,-1.3849019,0.012164903,0.9816041,-1.3051105,-0.40191936,0.2388221,-0.34519634,0.28427324,-0.26193666,-0.5398418,0.1999559,0.74758905,-1.2833961,0.96680975,-0.03579582,0.7163845,1.3693382,0.31698686,1.069841,-0.85695523,0.33056927,-0.9979078,0.8714881,0.85477734,-1.6291764,0.97752774,-0.106502414,-0.37133878,0.34918556,-1.0881915,-0.6298341,-0.37850386,0.28919882,-0.24802414,-1.732284,1.8006277,-1.8217452,1.1628934,-1.464738,-0.49830198,-0.46562108,-0.71714103,-0.9070609,0.6605369,0.9076029,-0.1319476,0.45007458,0.820704,-0.2771804,0.47897425,0.61350113,0.7208555,-0.2934008,1.0643013,-0.688081,-1.1113071,-0.05088402,0.5045806,-1.1990947,-1.895664,-1.6669594,-0.6814233,0.11861662,-0.488547,0.09819496,1.161772,-0.08583437,0.66592026,-0.78198284,0.32238442,0.5956665,-0.7219955,0.7944906,-0.05673827,1.3416713,-0.8282738,-0.28056273,0.22299218,-1.6117998,0.0369431,-0.35552388,0.90414846,0.0556613,0.05357628,0.4349366,-0.01341646,-0.22784705,-0.8430433,1.1031476,-0.5705117,2.166538,0.6616563,-0.9252976,2.131288,0.03815522,0.62982595,-0.26474398,-0.2721831,1.3285868,-0.10690383,-0.44523567,0.08035821,-0.28711683,-0.07135965,0.4527936,0.750134,0.012940079,-0.25572985,0.55541205,0.7491037,-0.56678975,-0.96715033,-0.5161502,0.45527807,0.6035079,1.8237183,1.5581179,-0.3123227,-1.1359997,-1.5049546,0.3581605,0.66135705,-0.002919805,0.53925025,-1.4768177,0.1762689,0.4389557,0.5661815,-0.9996314,-2.0537338,1.4654396,0.17862518,0.41629276,1.4607617,-0.8838726,-1.6192688,-0.23470965,0.3634845,-0.008045882,-0.9680511,-0.8969358,0.6424116,-0.75494623,1.0283456,0.13544895,0.50602865,-0.22940557,0.041153,0.796405,0.55098706,-0.3383585,-0.22114153,-0.30799884,0.52794445,-1.418656,-0.42774105,0.5760032,-1.6213484,0.14449582,-0.477364,-0.6971572,-0.22406098,-0.41392002,-1.0505798,-0.5367368,-0.29426092,-1.3397453,-1.0594435,-0.120395645,-1.3296067,-1.8413441,1.3191934,1.3665124,-1.0392054,0.27420247,0.6413566,0.4049008,0.64122134,0.4378069,-0.3931873,0.7283013,-0.34065288,-0.50441134,-0.43372726,-0.69226235,-0.5783671,0.061487902,-1.4273076,-1.6872507,1.419521,1.1463414,-1.2590985,-0.7700605,-0.26210546,-0.70718455,0.41931304,0.7182577,0.26082706,-0.68228215,-0.667623,-0.74584925,0.16102706,0.3290388,-0.22058138,-0.5016065,0.4832143,0.06028744,-0.20834911,1.6496462,0.28009143,1.246906,0.8555231,0.07906165,-0.75859714,0.9309737,0.20893104,-0.2412117,0.8431263,-1.5158451,-0.54849327,1.2314255,-0.5160304,-0.8326284,-0.21272185,0.45125055,-0.010783899,0.11267388,0.56462896,1.0875579,1.7134641,0.744924,1.4303486,-0.2872779,-0.7170747,-0.6286737,0.4849704,-0.75148165,-0.8369605,0.40499145,0.8835613,2.071934,-0.3608678,0.15939793,1.1313744,-0.9888735,-0.37842524,0.4868226,0.6015702,-0.7755996,-0.6495091,0.0014640272,-0.5782808,0.82777846,-1.6418394,-0.10811454,0.22570539,1.2257495,-0.89230996,-0.3036843,0.38361412,0.5776528,-0.9696077,0.7210504,1.330447,1.5120976,-0.2806638,-1.1617256,0.13148837,-0.66030955,-1.6311392,0.15776773,-0.8625129,-0.67535114,0.03757036,-0.31157944,-0.40326077,-0.8670311,-0.4649926,1.5428741,-0.12082319,-0.92394316,0.35444513,-0.72374034,1.768679,-0.72574604,0.26667053,1.486388,0.9832367,-1.9139566,0.79914105,-0.886027,0.6889941,-0.9803521,0.7849821,1.1175616,0.41325507,-0.37804213,1.7641758,-0.840318,-0.74569184,0.18466964,0.8392042,-0.27131265,0.5687774,-2.1548882,1.5722754,-1.0774387,-1.259894,0.2426589,0.67682576,-0.042479854,0.121625796,-0.33940333,0.61005336,0.22762771,-1.2663223,0.5821347,2.0018108,-0.68169314,-0.6607839,0.91731155,0.30717757,-0.71637577,-0.30826443,2.774819,0.61278224,1.0332892,-1.0587885,-0.65255535,-0.1896747,-0.36951235,-0.87175703,0.13535228,-0.50973594,-0.22321323,0.5470797,-0.7177198,1.2138808,-1.3142424,0.07549128,0.90786093,-0.6038714,-0.53236276,0.5883126,-0.5091865,-1.5939411,-1.5062495,0.2611075,0.26790103,-0.22952633,0.19876643,0.9956462,1.787557,0.68332446,-0.25344795,-0.8912798,0.8368039,0.88498336,1.206551,-0.3571313,-1.3350672,0.7219206,1.396251,-0.6320486,0.99951494,-0.22041675,-0.39808875,-1.7078034,1.2314267,0.23727691,-0.116237536,1.3193929,1.0133823,0.08576034,0.7812156,-0.5790339,0.529738,-0.93188524,-0.5361634,-0.26066336,0.3766209,-0.8542856,0.07138697,-0.72211874,-0.09629216,-0.29310757,0.5279774,-1.1455753,0.7794137,-0.38165694,0.78910273,0.7294689,0.31136867,-1.0437895,-0.38365865,-0.7094964,1.5403099,0.8844144,0.0047888197,-1.6393917,-0.7302741,0.57756567,0.87746775,-0.7811631,0.07528702,0.03962306,-0.58801645,-0.33002043,-1.0404685,-0.50345993,-0.075672954,0.79535115,-0.9829771,1.3171835,-1.5651716,0.99444115,0.09156196,-1.1619627,-0.059716154,0.48575792,-0.6266833,1.5952586,0.7042312,-0.15236685,0.030847907,0.64594686,0.84750366,-0.18477103,0.08415739,-1.3368857,1.0335196,1.2259727,0.10112008,-1.3324863,-0.18223183,0.017808521,-0.92340696,1.7259219,-0.40432692,-0.8830571,-0.49370304,-0.48125896,-1.2920375,-0.30573496,-0.7214869,-0.06446586,-0.86449325,0.1170073,-0.6050618,-0.2419655,0.5261709,-0.42249322,0.54033864,-0.29407653,1.2490914,1.5837731,0.8111885,0.5092487,-0.2674841,0.1257135,-1.3251559,-0.7071084,0.81622446,-0.39073876,0.13326395,0.0873587,1.0782578,2.105414,0.05874123,-0.53371745,-0.042876672,0.2801223,-0.41150007,0.05449729,-0.43444133,-0.7553247,0.01330035,0.408576,0.45842466,-1.5050247,-0.37927198,-0.11225257,0.91129386,0.60978204,0.8314625,0.5785272,0.7467046,1.3357649,0.92884624,-0.4892041,,,,,,,,,,,,,,,,,,,,,,,,,,,,,,,,,,,,,,,,,,,,,,,,,,,,,,,,,,,,,,,,,,,,,,,,,,,,,,,,,,,,,,,,,,,,,,,,,,,,,,,,,,,,,,,,,,,,,,,,,,,,,,,,,,,,,,,,,,,,,,,,,,,,,,,,,,,,,,,,,,,,,,,,,,,,,,,,,,,,,,,,,,,,,,,,,,,,,,,,,,,,,,,,,,,,,,,,,,,,,,,,,,,,,,,,,,,,,,,,,,,,,,,,,,,,,,,,,,,,,,,,,,,,,,,,,,,,,,,,,,,,,,,,,,,,,,,,,,,,,,,,,,,,,,,,,,,,,,,,,,,,,,,,,,,,,,,,,,,,,,,,,,,,,,,,,,,,,,,,,,,,,,,,,,,,,,,,,,,,,,,,,,,,,,,,,,,,,,,,,,,,,,,,,,,,,,,,,,,,,,,,,,,,,,,,,,,,,,,,,,,,,,,,,,,,,,,,,,,,,,,,,,,,,,,,,,,,,,,,,,,,,,,,,,,,,,,,,,,,,,,,,,,,,,,,,,,,,,,,,,,,,,,,,,,,,,,,,,,,,,,,,,,,,,,,,,,,,,,,,,,,,,,,,,,,,,,,,,,,,,,,,,,,,,,,,,,,,,,,,,,,,,,,,,,,,,,,,,,,,,,,,,,,,,,,,,,,,,,,,,,,,,,,,,,,,,,,,,,,,,,,,,,,,,,,,,,,,,,,,,,,,,,,,,,,,,,,,,,,,,,,,,,,,,,,,,,,,,,,,,,,,,,,,,,,,,,,,,,,,,,,,,,,,,,,,,,,,,,,,,,,,,,,,
オ,0.5296596884727478,0.2130906283855438,0.4559382796287536,-0.3788235783576965,0.0963736400008201,0.229296863079071,0.2386744916439056,0.2548413276672363,-0.0763473808765411,-0.5995948910713196,0.3987560868263244,-0.4263967275619507,0.4475667774677276,-0.2476707696914672,0.6969519257545471,-0.0656861960887909,0.0709809884428978,-0.1644545197486877,-0.0108748702332377,-0.3702743947505951,-0.7576481103897095,-0.413432627916336,0.3180697858333587,0.3614082336425781,0.053830225020647,-0.3144461810588836,0.024836154654622,0.22332763671875,-0.1629917174577713,0.0653100684285163,-0.163625493645668,-0.366718590259552,-0.2875009775161743,-0.143985703587532,-0.1412046998739242,0.7164433598518372,0.0447980128228664,-0.334321528673172,-0.048272281885147,-0.4448588788509369,0.2024504095315933,-0.0392537266016006,-0.0778143554925918,-0.4906745254993438,-0.4244580864906311,0.3569748103618622,0.1421144604682922,0.4508043527603149,0.3910716772079468,0.065802477300167,-0.2395339757204055,0.3987994194030761,0.2064034640789032,0.0377097837626934,0.5504782795906067,-0.1333968788385391,0.3774928748607635,-0.541711688041687,-0.0768055692315101,0.2613519728183746,-0.3717130422592163,-0.2485538125038147,0.521899402141571,-0.136066272854805,0.0811342075467109,0.026225758716464,-0.2150810807943344,-0.1482564061880111,0.0450063794851303,-0.7747994661331177,-0.2178253978490829,0.2925040125846863,0.3747594952583313,-0.3835846185684204,0.6918500065803528,-0.3065555095672607,0.2237822115421295,0.1153149232268333,0.2371601611375808,-0.2251027226448059,-0.3462476432323456,0.2766848802566528,0.2552945911884308,-0.7245570421218872,0.0226185377687215,0.0493616014719009,-0.4940282702445984,-0.9880563616752625,0.452703058719635,-0.3511286675930023,-0.0228992886841297,0.0741178765892982,0.2153235077857971,0.2377034276723861,0.0652189552783966,0.1718862056732177,0.1264184862375259,-0.2441621720790863,-0.2346249967813491,0.2505479454994201,0.0868691354990005,0.4093315303325653,0.32750204205513,-0.1709804832935333,-0.2634230852127075,0.0760699585080146,-0.1548914760351181,0.2174850106239318,0.2510367929935455,0.0809057801961898,-0.3745799660682678,-0.2978120148181915,-0.4654948711395263,0.2725546658039093,-0.0209189262241125,0.1435899883508682,-0.198187306523323,0.3388965129852295,-0.4349301159381866,0.6078699827194214,-0.2538466453552246,0.7915907502174377,-0.0356875881552696,0.3047783374786377,0.2150291949510574,0.5052955746650696,0.0175789315253496,-0.0272460542619228,-0.1284803003072738,-0.2572053372859955,0.0357783772051334,-0.0579200908541679,-0.6814077496528625,0.0921545028686523,-0.2537298202514648,0.9225340485572816,-0.0114336526021361,-0.0479016825556755,-0.136097177863121,-0.4668779373168945,-0.1524674445390701,-0.1324257403612136,0.2752945125102997,-0.4046907126903534,-0.1197020336985588,0.1626258939504623,-0.2094656676054,-0.4744023382663727,0.4888186752796173,0.3426395952701568,-0.391703337430954,0.8269580006599426,-0.7304170727729797,0.0575210861861705,-0.0262061338871717,0.3646568357944488,-0.7473659515380859,0.1510887295007705,0.0498598143458366,0.5594866871833801,0.0929848328232765,-0.4336896538734436,0.1997489929199218,0.3209051787853241,0.1022119894623756,0.4263670146465301,0.4947990477085113,0.234954759478569,0.1953546553850174,0.4709454476833343,0.0561673045158386,0.4962971210479736,0.0458567067980766,-0.2137681096792221,0.4985187947750091,0.2918106913566589,0.1293936520814895,0.2646268904209137,0.0680747330188751,-0.5479270219802856,-0.0365224033594131,-0.1630211323499679,-0.0103595312684774,-0.1495637893676757,0.4607514441013336,-0.16131691634655,-0.0502539128065109,0.1145083829760551,-0.2079464346170425,0.1704038232564926,0.0367571040987968,-0.262583464384079,0.3753058016300201,-0.6912090182304382,0.0999286249279975,-0.3194076120853424,-0.3274402320384979,-0.3803856372833252,-0.302856832742691,0.3924706578254699,0.0625739246606826,-0.0227741338312625,-0.1504396349191665,-0.1841774731874466,-0.8772600889205933,-0.3443240523338318,0.072902612388134,0.655198872089386,0.360122412443161,0.2266106456518173,0.0718065351247787,0.2478867173194885,0.4675061106681824,0.0748334527015686,0.1430813670158386,-0.0019422065233811,-0.2316767424345016,-0.1867131143808365,0.1263024359941482,-0.1210856661200523,0.4201357662677765,-0.0982303693890571,0.3487502336502075,-0.0542345009744167,-0.406590849161148,0.2436564266681671,0.0867293998599052,-0.3940061628818512,0.0503381453454494,0.7268115282058716,-0.2607754468917846,-0.6348714232444763,-0.4985277056694031,-0.0947990268468856,-0.6508302092552185,0.0662958398461341,-0.268383651971817,0.2855084538459778,-0.349700003862381,0.112674169242382,-0.1744929105043411,-0.4754193425178528,-0.1815786063671112,-0.2118682861328125,0.0328344888985157,0.1429506987333297,-0.0228110589087009,-0.1918207108974456,-0.51520836353302,-0.035258699208498,-0.3487142920494079,-0.4789979457855224,-0.0031026471406221,-0.5512425303459167,0.4469566941261291,0.2267684787511825,0.519576370716095,-0.0401957146823406,0.2230084687471389,-0.021178001537919,-0.0647084936499595,-0.8502422571182251,-0.1223883181810379,-0.082101322710514,-0.5005362629890442,-0.0289797261357307,0.0161732789129018,-0.4629672467708587,-0.3051377236843109,-0.4279847145080566,-0.0537696257233619,-0.4275308847427368,-0.4585559368133545,0.0507671535015106,-0.0609349831938743,0.121000550687313,-0.1441505849361419,0.4983959794044494,-0.4443674683570862,0.157625675201416,-0.6233783960342407,0.1977990418672561,-0.6939910650253296,-0.2582651376724243,0.0102615738287568,-0.2509933710098266,-0.385790079832077,0.1677277833223343,-0.4675479829311371,0.3769758343696594,0.3340494334697723,0.0589170567691326,-0.4295046031475067,-0.0234155897051095,-0.379841536283493,0.1281551122665405,0.2171487510204315,0.7272565960884094,0.2176287770271301,-0.0618875958025455,0.1726910173892974,0.4014920890331268,0.1911408603191375,0.1473643630743026,-0.1017887517809867,-0.2969529330730438,0.0840102732181549,0.055018100887537,0.6373216509819031,0.1061175316572189,-0.0175985414534807,1.0461182594299316,-0.3499410450458526,0.2470925748348236,0.49268639087677,0.2864406108856201,-1.7427469491958618,0.0124134626239538,-0.1290074437856674,0.0475340001285076,-0.2400045990943908,0.28074511885643,-0.0035546065773814,0.137170597910881,-0.459278792142868,-0.5403351783752441,0.9039117693901062,0.2878541350364685,-0.0093382988125085,-0.5122708082199097,0.3493413031101227,-0.2350283712148666,0.0298427008092403,-0.4780119359493255,0.2126775383949279,0.4782304167747497,-0.4107668399810791,0.0539882034063339,-0.1659918874502182,-0.537499725818634,-0.083966925740242,0.1677630394697189,0.1615692526102066,0.247225672006607,-0.5302152037620544,0.1380523741245269,0.3138780891895294,0.4008596837520599,0.7858495712280273,0.3039855659008026,-0.0616408102214336,0.0577767044305801,0.4450687170028686,0.1350419074296951,0.4254122972488403,-0.2856252193450928,0.1758316755294799,-0.0475820116698741,0.8534377217292786,0.0125897396355867,0.0911166295409202,-0.0015497871208935,0.1213041767477989,0.2295670956373214,-0.081953153014183,0.3548986315727234,0.1464321017265319,0.0478751249611377,0.1907066702842712,0.5322242379188538,0.5807309746742249,0.1449556350708007,-0.2838995158672333,-0.3661825656890869,0.0364569164812564,-0.321286529302597,-0.6244051456451416,-0.3386206030845642,-0.3438629508018493,-0.1222211271524429,-0.4495676457881927,0.2929139733314514,-0.0296255443245172,-0.5183850526809692,0.0549229495227336,-0.3556650280952453,-0.4252268970012665,0.3321499228477478,-0.0532559305429458,-0.7333111763000488,0.5861435532569885,0.2217282354831695,0.2881442606449127,-0.5338570475578308,-0.6530799865722656,-0.0423921756446361,-0.2733902633190155,-0.3039427995681762,0.1676573008298874,-0.3308295905590057,-0.0540301539003849,0.3473367393016815,-0.0784889757633209,-0.0932381302118301,-0.3437794744968414,-0.2950970530509949,-0.7089868783950806,0.1887605041265487,-0.0504166632890701,0.3232135474681854,0.0219684243202209,0.2221865206956863,0.2203065305948257,0.0448722839355468,-0.2711859345436096,0.0839256197214126,-0.3249978721141815,0.5804333090782166,0.3907267451286316,0.1664255708456039,0.581920862197876,0.4442465603351593,0.2811322212219238,0.5245891809463501,0.0202089324593544,0.0134099787101149,-0.610522449016571,-0.3011751174926758,0.7100160717964172,-0.0379120931029319,0.2432178258895874,-0.107879638671875,-0.0181926805526018,0.6090810298919678,-0.0324829034507274,-0.5741919279098511,0.0005142665468156,0.0738754346966743,-0.1841550320386886,0.262513518333435,0.6575903296470642,0.8228428959846497,-0.0232491437345743,0.0209028869867324,-0.140678659081459,-0.1875307261943817,0.3151618540287018,-0.1306444257497787,-0.1179750114679336,-0.2945268750190735,0.0095409927889704,0.2994397580623626,0.6596575975418091,0.2006724327802658,0.6231606602668762,0.3094731569290161,-0.3437167704105377,0.2674251198768616,0.435273140668869,0.4795292615890503,-0.2945265173912048,-0.2899815738201141,-0.3539811670780182,0.0258303135633468,-0.3896693289279938,-0.0662572011351585,0.6731356978416443,-0.1594995409250259,0.1768974959850311,0.0076765068806707,-0.6110824346542358,-0.6220504641532898,-0.3782775104045868,0.1608152389526367,-0.0992601439356803,0.1433831602334976,0.2025719732046127,-0.0135760903358459,-0.4930251836776733,0.1857774257659912,0.0561464726924896,0.2988999783992767,0.5034912824630737,-0.1536019593477249,-0.0901676565408706,0.0035907886922359,0.0382498726248741,0.0676893964409828,-0.1810710877180099,0.0458883009850978,-0.2628243565559387,-0.4944120943546295,0.0162131208926439,0.1840128451585769,0.2542142868041992,-0.1465330421924591,0.6534149646759033,0.1324674189090728,-0.5132039189338684,-0.565060019493103,-0.237240582704544,-0.2221661806106567,-0.0452727153897285,-0.4980322420597076,-0.0901912376284599,0.0443757846951484,0.3667648136615753,0.0876772403717041,0.2802462577819824,-0.3576146960258484,0.0792291760444641,0.2387515604496002,0.6340348720550537,-0.1300701349973678,0.2300144582986831,-0.1985842436552047,0.0217490531504154,0.0881654992699623,0.0755990594625473,0.0594925098121166,-0.1432090848684311,-0.536220908164978,-0.6978509426116943,-0.3783296048641205,-0.1789586842060089,-1.0786592960357666,0.5394381880760193,0.1386258453130722,0.2410538047552108,-0.4676302969455719,-0.4629960358142853,-0.147763043642044,0.3010770082473755,-0.115580216050148,0.4248737096786499,-0.2177674025297165,-0.5781479477882385,-0.0497000403702259,0.1251947283744812,-0.6601473689079285,0.9405031204223632,0.2545405626296997,-0.4916508197784424,-0.3954956829547882,0.387395292520523,0.1958344131708145,-0.2218459993600845,0.1072808057069778,-0.1325920820236206,-0.5393648147583008,0.1550326347351074,-0.3469339609146118,0.3210111856460571,-0.1543601602315902,-3.526743239490315e-05,-0.1246603056788444,0.5851903557777405,0.3443279862403869,0.2443006783723831,0.0775589197874069,-0.2279006391763687,-0.2089708745479583,-0.2480691522359848,0.3257020711898803,0.1407943069934845,0.3850536048412323,-0.1766823679208755,0.3162503838539123,0.5831259489059448,-0.8466090559959412,0.0867414474487304,0.7604172825813293,0.4110320210456848,0.444315493106842,-0.1525647640228271,0.03209038823843,-0.8170374035835266,0.1355699896812439,0.1418216824531555,-0.0172215569764375,0.4570207893848419,-0.0356507040560245,-0.1375111788511276,-0.4097650349140167,-0.0168074183166027,0.4003950655460357,0.1728287488222122,0.0364892520010471,0.4355419874191284,-0.1556229144334793,0.5133227705955505,0.3383309543132782,-0.2615169286727905,-0.3602937161922455,0.0543467439711093,0.4090258181095123,0.7752847075462341,0.1817598491907119,0.3601688146591186,-0.7150218486785889,-0.6305393576622009,0.3012827634811401,0.0831094086170196,0.3051785230636596,0.5014293193817139,-0.2748686373233795,-0.0627902820706367,0.6112644672393799,0.2978948354721069,-0.0707817524671554,-0.3294468224048614,-0.4165408909320831,-0.1707163900136947,-0.2366679608821869,-0.5008911490440369,0.2017518132925033,0.0845913216471672,-0.0467947907745838,0.2117699682712555,0.0154199143871665,0.0983888357877731,0.5822260975837708,0.0028719732072204,-0.305047333240509,0.2047902196645736,0.0614336542785167,-0.0901422724127769,0.0808300226926803,-0.2235193252563476,-0.2465935945510864,-0.0241717658936977,0.2415190041065216,-0.1573673337697982,0.2025086134672165,0.0340979881584644,0.1619161665439605,0.3305917084217071,-0.4448821544647217,-0.1901049017906189,-0.314644455909729,-0.3174638450145721,-0.1307286322116851,-0.6577920317649841,-0.3597747385501861,-0.0309588555246591,-0.0471150875091552,-0.1592544317245483,-0.05937360227108,-0.4678713381290436,-0.2325161099433899,-0.4492211043834686,0.2522855401039123,-0.1734455525875091,-0.8417651653289795,0.3823029398918152,0.2627186775207519,-0.1252967417240142,-1.1999207735061646,0.247536301612854,0.1704616248607635,0.2441152334213256,0.1721053123474121,0.704698920249939,-0.3422385454177856,-0.2607019543647766,0.0875810459256172,-0.2855316996574402,0.2547450661659241,-10.516351699829102,0.1059780791401863,-0.4225786030292511,-0.3998930752277374,-0.3504877388477325,0.3931498527526855,0.6256321668624878,0.5662823915481567,-0.1955859363079071,0.1214233934879303,-0.0340548641979694,0.0915949419140815,-0.0144770285114645,0.6837878823280334,-0.5207838416099548,-0.3065536618232727,-0.2305571138858795,-0.0215277168899774,-0.0403221026062965,-0.2391912043094635,0.1143146902322769,-0.284472644329071,0.5086359977722168,0.7366798520088196,0.5462241768836975,-0.4084236323833465,-0.2611879706382751,0.0024734144099056,-0.2027534991502761,0.5919749736785889,-0.6013648509979248,0.5325713157653809,0.0364352501928806,0.3010843992233276,-0.1525362879037857,0.2529691159725189,-0.4028312265872955,0.6683297157287598,-0.0390014834702014,0.4041423201560974,0.3153025507926941,0.4241274297237396,-0.025679500773549,-0.0304168835282325,0.1748992651700973,0.2391737103462219,0.469064712524414,0.0111696710810065,0.5418323874473572,-0.2422156333923339,-0.1271032989025116,0.1338433921337127,0.0682288780808448,-0.0943486765027046,0.4556112885475158,-0.0305458642542362,0.6394035816192627,-0.6745585203170776,-0.031642060726881,0.0643760710954666,0.3380284905433655,-0.0773757696151733,0.3833673596382141,0.444365918636322,0.30074143409729,0.4105566740036011,0.5217416882514954,0.3653739690780639,-0.9130431413650512,-0.2377991825342178,0.1625676453113556,0.471616268157959,-0.0950486809015274,0.3251329064369201,-0.2567318379878998,0.3133965134620666,0.3614666759967804,-0.2959363758563995,0.0550640672445297,-0.0280053783208131,0.2839506864547729,-0.3029759228229522,0.0833558365702629,0.2407184094190597,-0.621874213218689,0.0487202405929565,-0.0832330659031868,-0.04812478646636,0.259869247674942,-0.4461257457733154,0.2382365614175796,0.0838035121560096,-0.5344372987747192,0.5065318942070007,0.4480125904083252,0.0181824807077646,-0.121032990515232,0.2265196144580841,0.4854059219360351,-0.0247120037674903,-1.3863417,-1.0883607,0.23118316,0.93567353,-0.43819633,0.32572642,-0.9672456,1.156476,1.0457855,-0.3221716,0.80783623,0.03314899,-1.9637758,1.742143,-0.6563093,0.03409019,0.64573616,-0.6635129,0.8487663,-1.4928368,0.7470979,0.70478034,0.6698249,-0.16765486,0.9505603,0.8554043,0.1703775,-0.4192904,-1.3220185,0.1163446,0.45525864,0.36057475,-0.51786584,0.13005652,0.19980966,-1.8020178,-1.0394875,0.9242695,0.11174329,-0.9559391,-0.27871132,1.0361787,-0.3591561,-0.15182196,-0.944948,-0.49482432,1.8076166,0.21330927,0.45870414,-1.0396737,-0.6445909,-1.0137118,0.47890258,0.586396,0.27454504,0.15787016,1.6288325,0.905602,0.1325693,-1.0104634,0.5933208,1.6446204,-1.1827364,-0.5378163,0.5935686,0.5547294,0.5279026,-0.8472376,-0.8469016,-0.76631755,-2.9325454,-1.2983087,-0.55696017,0.67892665,-0.8229664,1.6893061,0.7202857,-0.6658718,-0.11944014,0.13035826,0.49308923,0.15981835,-0.5316208,1.4646302,-0.6491747,-0.5505734,-0.36019275,0.5012822,-0.6717027,-0.2585595,-0.30134627,-1.370195,-1.7472435,-1.1384846,0.82135266,-0.07652209,-0.5314453,-1.1776193,-1.0159029,0.66191095,0.8024683,1.1549121,-0.51562136,-0.25080946,-1.1678568,-0.0051246085,-1.2605472,-0.9185625,-0.60767156,0.99606866,-0.30991602,-0.16424505,1.2824645,1.6454225,0.2251511,1.7133137,-1.1867256,-1.2647805,0.2213345,-0.7407584,1.6350268,0.1709352,-0.40119162,-0.34110844,-0.21502501,0.5194234,0.024989268,-1.1954973,0.13235828,0.17883642,1.0852711,0.18826945,1.6639692,0.33037022,-0.981678,-0.36143288,-0.5321052,-0.21080923,0.46585155,-0.9574914,-0.68192834,-0.59834534,-0.45083714,-0.90128565,0.5219047,-1.1941013,-0.6212475,-0.12562147,0.7658591,0.15970235,0.20408897,-0.30888698,-1.1570053,0.71007127,0.7744426,0.97051907,0.19422413,0.61591595,-1.1382116,0.9985768,0.5393316,1.6897048,-0.26833013,0.5376391,0.47756228,0.35438156,-0.8785632,0.72978806,-0.95455164,-1.3997635,-0.33958927,0.50695646,0.02320993,-0.40900826,0.4425105,-0.7295398,0.69392157,-0.004538218,-0.96352625,0.07734477,0.9705178,1.3670998,-0.73999166,0.39632496,-0.18548238,0.7616642,0.6751682,0.48457173,0.6853035,-0.039045304,0.46188244,-0.43621495,0.35713878,0.39891574,1.1020573,2.405762,1.0664359,-2.1796148,-0.5096452,-0.040965695,-1.3303963,-0.35839343,1.062854,-0.82463497,1.603128,-0.77855474,-0.8192141,2.0665853,0.6718526,-0.25467837,-1.5905663,-1.2275399,0.31473455,0.6102851,-0.33060232,0.38784957,-0.496308,0.3201307,-0.2899046,-0.8398144,0.9004073,0.6763894,0.497301,1.737769,-0.3608378,0.17018543,1.1871272,1.0706309,0.4867898,-0.12998776,-1.6165719,1.0820764,1.4354906,0.2044804,-0.4995774,0.71902686,-0.49241957,0.9441049,-0.5794239,0.3429874,1.0129291,-0.45304772,-0.38803908,-0.61692697,0.85424334,0.3959618,1.9005231,0.6394159,-1.7812506,-0.7532594,0.22675927,0.7656975,0.58237725,-0.3133432,0.21932392,0.44858584,-1.2978065,-0.22904257,0.15911132,-0.8491177,0.15639228,0.40024057,0.37138322,0.37916127,-0.32811534,-0.4874978,-1.132799,-0.031798836,0.11066145,-1.4301249,-1.625917,-0.3290452,-1.5417634,0.024019457,-0.41901794,0.14372143,-1.1520631,-0.82633513,-1.2004671,-0.17095013,0.9199497,-0.9792132,-1.1505264,0.78914696,-0.71672326,0.8662525,-1.0446681,-0.40410134,-0.069322355,0.8333785,-1.1493217,0.42187485,0.24083407,0.38862202,1.5220289,-0.6910789,1.4520606,-0.13085121,1.1681247,-0.789115,1.1018867,1.5087875,-1.6545639,0.7331783,-0.24134791,-0.15201597,0.4955308,-2.0154076,-0.824955,0.19893277,-0.30242372,0.6923668,-1.3684512,1.8829937,-1.945518,1.5963678,-0.7332398,-0.49979284,-0.45333293,-0.2659321,-1.1160549,1.264821,0.8659673,1.0373082,0.9977343,0.24452968,-0.09574788,-0.046494782,0.074565075,0.83508134,-0.3972523,0.7309069,-0.4927708,-1.5414839,-0.5075155,0.30823544,-1.6055964,-1.4064046,-2.4104218,-0.389037,0.9917705,0.12042006,0.79048675,1.6646212,-0.1867829,1.070033,-0.64742905,-0.2565154,0.4252987,-0.23476176,1.632461,0.5470547,1.69002,-1.2682453,-0.38346663,0.46280897,-2.4719481,-0.53346467,-0.71846586,1.8403182,0.8285949,-0.6827062,0.6703644,0.6514035,-0.96077055,-0.47706482,1.1626091,-0.5025189,1.9802867,0.99437124,-0.17333598,2.2145388,-0.32042882,0.034118116,-1.2219304,-0.15680796,1.9610792,-0.0714463,-0.015491431,-0.50403774,-0.7717245,-0.145936,-0.31555843,0.095428795,-0.40984157,-0.79461074,1.0519124,0.21134062,-1.2919768,-0.87148166,-0.40027428,0.43366155,0.6032025,2.0007298,0.7453032,-0.22168724,-0.10352775,-2.0530703,0.041802164,0.42392936,-0.047130775,-0.36767986,-1.5670656,-0.6311867,-0.48352924,-0.22988315,-1.0671206,-1.570876,1.1524302,1.2073923,1.069529,1.7998134,-1.5704798,-0.57552284,-0.3958626,0.63143426,0.40232182,-1.0471843,-0.80327564,0.92599326,-0.28409776,0.7651631,1.4289933,0.3182551,-0.26943722,0.28512913,0.7490306,0.4778584,-0.20863037,-0.19189517,0.94852287,1.4070802,-1.4587336,-0.5227991,0.26576075,-2.3126235,0.81791896,-0.58381075,0.13413934,-0.44153312,-0.92214775,0.3337587,-0.90824634,0.16722882,-0.940562,-0.2612813,-0.3074583,-0.2458796,-1.1430327,0.8121998,2.2983277,-0.91926146,0.13518071,1.1213986,0.59428585,0.31274965,-0.20032544,0.46151733,0.39383844,0.05787642,0.34253582,-0.15215106,-1.5883175,-0.8994195,-0.14297765,-1.2083877,-0.5317615,1.2821018,0.74827987,-2.0114245,-0.5207518,-0.22237778,-1.120931,2.1537802,1.2647284,-0.25357923,-0.35179022,0.09479154,-0.4979494,0.022647217,1.4022237,-0.32406184,-0.20246625,0.5036301,0.1773995,0.62176657,1.4235045,0.70082873,0.60820097,0.82924795,0.9508417,-0.6047151,0.01749582,-0.09892077,-0.515579,0.646676,-1.848589,-0.38366878,1.6433415,-1.4714926,-1.0321265,0.6984577,0.7181011,-1.2410792,0.48628464,-0.729744,1.0660965,2.189143,0.96236974,2.358123,-0.27005622,-0.35680258,-0.52918124,0.7175934,-1.1784855,-0.96522427,0.5976135,0.6992968,2.434578,-0.7910504,0.21431907,1.6716976,0.16629098,-1.9953386,0.29661655,0.34828475,-0.26026967,-0.74225044,1.3226337,-0.77119607,1.1020648,-1.1962309,-0.06259865,0.18666165,1.1745511,0.19408892,0.7736705,0.9939769,0.62590677,-1.4137996,-0.085321225,0.934047,1.6510004,-0.6587618,-0.96471685,-0.036294628,-0.43393672,-2.169713,0.6842211,-0.72322243,-0.8261573,0.49069643,-0.75805515,-0.81095433,-0.094502956,-0.030790448,1.4689108,-0.69600964,-0.71010995,1.4335834,-1.3164529,1.3617224,0.62903696,0.18878943,-0.101610124,-0.10312947,-1.5593328,0.31415236,-1.0766456,-0.09524194,-0.40409672,0.30073676,0.70795465,1.6147312,-0.8276081,0.76401657,0.40757832,-0.3289235,0.9507727,0.8537616,-0.04913648,0.22750862,-1.982469,1.6354971,-1.5190822,-1.5221502,-0.42712876,1.2165793,-0.19855897,-0.6231709,-1.474641,0.26290995,0.03797385,-1.0814801,1.2186145,1.7933043,-0.4196074,-1.7175035,0.22176345,0.82558733,0.052731853,0.21679401,2.443341,0.17978053,1.2088461,-1.4744555,-0.63419014,0.29276958,-0.30298904,-0.03774781,0.30827358,-0.86411744,0.51906234,0.3196016,-0.41359806,0.69957465,-2.1304443,0.6827671,1.190335,-0.12376282,0.43605646,0.19086023,-1.2656795,-1.0692493,-1.0512642,0.9723585,1.1707355,-0.6548594,-0.062988915,0.15570731,1.9018992,0.71089864,0.05934475,-0.37821457,0.83947355,1.8643106,0.6499982,-1.0182422,-1.219942,0.6700447,1.1132401,-1.062134,0.36764565,-0.7136999,-1.046668,-1.3741521,1.1891412,-0.3297301,0.83702916,1.634437,0.85347754,0.10384005,1.4349364,-0.15646385,0.22896902,-0.13445762,-0.24854833,0.33763552,-0.5042179,-0.48889112,-0.26874277,-1.0733443,-0.8036609,0.025753478,0.8881646,-2.1808567,0.2510115,-0.27280548,1.121663,0.00015044212,0.059748206,-0.8886996,0.006068561,-1.8019857,1.2662956,1.2280568,-0.14424689,-1.6360756,-0.7638531,1.0092812,0.13825583,-0.72294825,0.1886114,0.90438014,-1.618784,-0.8457959,-0.88947743,-0.59315664,0.16871293,0.52919555,-0.9964526,1.3680944,-1.7553005,0.27725762,-0.52664226,-1.2372082,-0.0788584,0.89520764,-1.0986267,1.5119098,0.5009152,-0.120144226,0.59211236,1.1556816,0.6136468,-0.611154,0.109831564,-1.8172776,0.39359578,0.27642012,0.46924344,-1.1522688,0.106649645,0.45977917,0.3319892,1.9982394,-0.6819119,-0.57881063,-1.7492296,-0.543894,-0.74123186,-0.008518793,-1.0792375,-0.44714102,-1.7894052,0.5825631,-0.23980053,-0.28842998,0.072746605,-0.7231097,-0.661317,-0.2517822,1.7208091,0.65231156,0.81326073,0.43481895,-0.0101587325,-0.66572857,-1.2277869,-0.72664434,0.5525673,-1.386673,-0.080408365,0.6261372,1.0948945,1.9600147,-0.052090574,-0.8496404,0.3022602,0.046850096,0.1831822,0.28891158,-1.0848868,0.097775795,-0.037239294,0.40318117,0.22085042,-1.9990811,-1.1963867,0.63354474,0.794957,-0.5611468,0.9412978,0.81311417,0.57540417,1.3332733,0.10505211,-0.5128632,,,,,,,,,,,,,,,,,,,,,,,,,,,,,,,,,,,,,,,,,,,,,,,,,,,,,,,,,,,,,,,,,,,,,,,,,,,,,,,,,,,,,,,,,,,,,,,,,,,,,,,,,,,,,,,,,,,,,,,,,,,,,,,,,,,,,,,,,,,,,,,,,,,,,,,,,,,,,,,,,,,,,,,,,,,,,,,,,,,,,,,,,,,,,,,,,,,,,,,,,,,,,,,,,,,,,,,,,,,,,,,,,,,,,,,,,,,,,,,,,,,,,,,,,,,,,,,,,,,,,,,,,,,,,,,,,,,,,,,,,,,,,,,,,,,,,,,,,,,,,,,,,,,,,,,,,,,,,,,,,,,,,,,,,,,,,,,,,,,,,,,,,,,,,,,,,,,,,,,,,,,,,,,,,,,,,,,,,,,,,,,,,,,,,,,,,,,,,,,,,,,,,,,,,,,,,,,,,,,,,,,,,,,,,,,,,,,,,,,,,,,,,,,,,,,,,,,,,,,,,,,,,,,,,,,,,,,,,,,,,,,,,,,,,,,,,,,,,,,,,,,,,,,,,,,,,,,,,,,,,,,,,,,,,,,,,,,,,,,,,,,,,,,,,,,,,,,,,,,,,,,,,,,,,,,,,,,,,,,,,,,,,,,,,,,,,,,,,,,,,,,,,,,,,,,,,,,,,,,,,,,,,,,,,,,,,,,,,,,,,,,,,,,,,,,,,,,,,,,,,,,,,,,,,,,,,,,,,,,,,,,,,,,,,,,,,,,,,,,,,,,,,,,,,,,,,,,,,,,,,,,,,,,,,,,,,,,,,,,,,,,,,,,,,,,,,,,,,,,,,,,,,,,,,
コ,-0.0340031236410141,0.8183595538139343,0.2433686256408691,-0.5561447143554688,0.2802871465682983,0.6069374680519104,0.6057878136634827,-0.6498515009880066,-0.5274603366851807,-0.087485633790493,0.5277066826820374,-0.1518214493989944,-0.3976146578788757,0.0472632050514221,0.2966916859149933,-0.4141279458999634,0.2939834594726562,-0.0302294623106718,0.0346110872924327,-0.2148605436086654,-0.4736972749233246,-0.9393248558044434,0.1819484978914261,-0.0629787817597389,0.1376109272241592,-0.5495492219924927,0.0773554146289825,0.3990333676338196,0.2394121438264846,-0.1204172298312187,-0.0343516841530799,-0.6025769710540771,-0.1766440719366073,-0.5221533179283142,-0.0869409441947937,-0.2001602947711944,-0.1847722381353378,0.1021099090576171,-0.2839568257331848,-0.4356396198272705,0.0691074132919311,-0.1340977698564529,-0.4789541661739349,-0.0677442923188209,-0.0704328864812851,0.5955693125724792,-0.1120096072554588,0.5034266710281372,0.4221847057342529,0.2600983679294586,-0.282476395368576,0.2817046046257019,0.487569510936737,0.3008280992507934,0.0540202818810939,-0.1705782115459442,-0.0220259428024292,-0.1351057589054107,-0.2677259445190429,0.0610149316489696,-0.6938619613647461,-0.1240047886967659,-0.0449293702840805,0.2433164864778518,-0.3293831646442413,0.2824154198169708,-0.2802900969982147,-0.050543013960123,-0.0480194613337516,-0.6974805593490601,0.3621856570243835,-0.186056300997734,-0.3159201443195343,0.0936432480812072,1.1232609748840332,-0.3044705390930176,0.3986206948757171,-0.6243464946746826,0.4297222197055816,-0.0946053937077522,-0.4320188760757446,0.4253063797950744,-0.2564952373504638,-0.5731629729270935,-0.1995331346988678,0.5594104528427124,-0.8605560064315796,-0.8517721891403198,0.7521985173225403,0.0316954106092453,0.1146657839417457,0.1722393482923507,0.2203297615051269,0.3439126908779144,0.1820033937692642,-0.3973152339458465,0.2981396913528442,0.0717239156365394,-0.0453803241252899,0.6213529109954834,-0.547691822052002,-0.3270001113414764,0.1197584271430969,0.1090586930513382,0.2521000504493713,0.060041069984436,-0.5943869352340698,0.5301752686500549,0.1436663419008255,0.356762558221817,-0.1056319326162338,-0.5691098570823669,-0.5391380190849304,0.1870022118091583,0.2958047986030578,-0.1872135549783706,0.0966304689645767,0.3558715283870697,0.1035567373037338,0.6967304348945618,-0.1131389886140823,0.5107061862945557,-0.0445971302688121,-0.2875761985778808,-0.1721107810735702,-0.1586776822805404,0.6383427977561951,-0.5430346727371216,-0.2401546984910965,-0.6306242942810059,-0.1484814137220382,0.3846207559108734,-0.8772335052490234,0.1549317687749862,-0.3266439139842987,0.6349375247955322,-0.2287134975194931,0.5758288502693176,-0.507465660572052,-0.6152151823043823,-0.1733145117759704,0.1262280941009521,0.7106241583824158,-0.8495229482650757,0.0233728121966123,0.1522354930639267,0.0007958691567182,-0.1546593308448791,0.7762715220451355,0.4533135890960693,-0.0208476968109607,0.6053337454795837,-0.7553942203521729,0.1840923428535461,-0.1235842183232307,-0.0977719277143478,-0.4354102313518524,0.6226243376731873,0.0795721709728241,0.9358035922050476,0.179002583026886,-0.3639645874500274,0.2905438840389251,0.8882123231887817,0.1021220088005065,0.3869930505752563,0.6231674551963806,0.2506987750530243,0.5901870727539062,0.8353998064994812,-0.0245349071919918,0.6254921555519104,0.3349493741989136,-0.4877169132232666,0.1490896791219711,0.5924546122550964,0.5168889760971069,-0.0316922403872013,0.1873729079961776,-0.3480761051177978,-0.300012856721878,-0.1274639964103698,-0.3677489459514618,-0.5244307518005371,0.5279595851898193,-0.6383877396583557,0.0331762693822383,0.2402998059988021,0.0682033598423004,-0.0742740109562873,-0.1411427557468414,-0.3529611527919769,0.2400992959737777,-0.6403679251670837,-0.444272518157959,0.2436493933200836,-0.4155641198158264,0.1550244241952896,0.2128624022006988,0.2951393127441406,-0.1171310693025589,-0.1791588515043258,-0.4974051117897033,-1.40239155292511,-1.1121594905853271,0.201140746474266,0.2422089576721191,0.0974566042423248,0.1299090832471847,0.1414601802825927,-0.2572685778141022,0.0215118564665317,-0.0061117275618016,-0.0877538472414016,0.3592338562011719,-0.0725206136703491,-0.8138288259506226,-0.0657663121819496,0.4472335278987884,-0.0912438035011291,0.3201605081558227,-0.3822491466999054,0.2720367312431335,0.0585039779543876,-0.4547987580299377,0.3145098686218261,0.2304123640060424,-0.4066919684410095,-0.0803591907024383,0.4826646745204925,-0.2941773235797882,-0.5430424213409424,-0.927678406238556,0.1456206887960434,-0.3890388607978821,0.2608943581581116,-0.3139927685260772,0.3506138324737549,-0.2995033860206604,0.4876782894134521,-0.1009906381368637,-0.5688871145248413,-0.0237294547259807,-0.2468496859073639,-0.016034360975027,0.4771899878978729,0.0960796624422073,-0.2209601998329162,-0.721571147441864,0.1237160265445709,-0.8587709665298462,-0.3702521622180938,0.2084938287734985,-0.125054270029068,0.8561576008796692,0.3545325398445129,0.098218947649002,-0.1303649991750717,-0.0967959985136985,0.035430796444416,-0.485871285200119,-0.5665261745452881,0.0779870674014091,-0.2448350489139557,0.2387376874685287,-0.1702984273433685,-0.0843780785799026,-0.7326935529708862,-0.7162457704544067,-0.3566745221614837,-0.0507580563426017,-0.1114444211125373,-0.3715841174125671,-0.3268958330154419,-0.395800918340683,0.3832271993160248,-0.1375539153814315,0.6400394439697266,-0.3324882686138153,0.4136174321174621,0.0378613770008087,0.5311905741691589,-1.2227998971939087,0.2423387318849563,0.2643733024597168,-0.090776652097702,-0.2555358707904815,-1.0790878534317017,-0.3856020867824554,0.4622474610805511,0.1391490399837494,-0.3347684144973755,-0.1343449801206588,-0.0755908712744712,-0.3671323657035827,-0.1547251641750335,-0.1537169814109802,0.1455210745334625,-0.0318582169711589,0.4836118817329407,0.2976148128509521,0.1736702173948288,0.2587470710277557,-0.4899360239505768,-0.5400435328483582,0.0129702212288975,0.132869467139244,-0.1389400362968444,0.6009823679924011,0.0774345844984054,-0.0049581113271415,1.1982955932617188,-0.753678023815155,-0.1699552088975906,1.047492265701294,0.021575316786766,-1.3781263828277588,0.2430467307567596,0.5067936778068542,0.1910175383090973,-0.1753830164670944,0.8416633009910583,0.1722878515720367,0.2553046941757202,-0.4198486804962158,-0.4210230112075805,1.1585345268249512,0.2639740407466888,-0.5317935943603516,-0.2449529320001602,0.7173960208892822,-0.1825700849294662,0.460462361574173,-0.2998168766498565,-0.4181250631809234,0.3802643716335296,-0.3565736413002014,-0.097490444779396,0.0203913953155279,-0.3031749427318573,-0.7905824184417725,0.4337897896766662,-0.1926117241382599,0.5280560255050659,-0.7425007224082947,-0.2979576289653778,0.4027956426143646,1.205311298370361,0.6395196318626404,0.6795264482498169,-0.2822528779506683,0.0215375516563653,0.7731603980064392,0.0630646646022796,0.4176326096057892,0.1847046464681625,0.1459806710481643,-0.4251129627227783,0.9144890308380128,-0.1272546201944351,-0.4637171030044555,0.3191159069538116,0.5118274092674255,0.6511702537536621,0.0109212165698409,-0.2184841930866241,0.4718876779079437,0.0835557430982589,0.7722237706184387,0.9567552208900452,0.6269862651824951,0.0676405504345893,0.2783718705177307,-0.2525599300861358,0.7704999446868896,-0.5130504965782166,0.0404873602092266,0.1691445857286453,-0.0506784245371818,-0.4096050262451172,-0.7896668910980225,-0.0951197668910026,-0.190251737833023,-0.4232967793941498,-0.4163311719894409,-0.904510736465454,-0.8187723755836487,0.2476653605699539,0.4802009463310241,-0.7863510847091675,0.1253589242696762,0.2823011577129364,0.3999513387680053,-0.5533230900764465,-0.2056994438171386,0.2420236021280288,-0.4316062927246094,0.1183766797184944,0.1866742670536041,0.4331836402416229,-0.4527700841426849,0.0833026096224784,-0.4700226187705993,-0.2195780426263809,-0.930724024772644,-0.6145902276039124,-0.48273366689682,0.0883011817932128,0.2604240775108337,0.4405651688575744,0.1609053760766983,0.4128524363040924,-0.2534724175930023,0.0670503824949264,-0.1848768293857574,-0.4453849494457245,-0.1389960646629333,0.467279851436615,0.2476060837507248,0.631031334400177,0.1701588481664657,0.5189031958580017,0.0359810627996921,0.0001593940833117,0.0637744069099426,-0.0433488115668296,-0.3509524762630462,-0.3590390086174011,0.6874834299087524,-0.1527695059776306,-0.1093897968530654,-0.032236274331808,-0.0438390485942363,0.7215205430984497,-0.0634018927812576,-1.1009061336517334,-0.1578927338123321,0.3412964046001434,0.086253210902214,0.3658733069896698,0.3955022394657135,1.095646858215332,-0.2067486047744751,0.2040024846792221,0.5863773226737976,-0.0785374492406845,0.7585672736167908,-0.0316875278949737,-0.2848192453384399,-0.3171622157096863,0.1475665122270584,0.6658414602279663,0.0679170861840248,-0.1075601354241371,0.2487683594226837,0.4160451889038086,-0.2993917167186737,-0.1975582689046859,0.3300756514072418,-0.0990340039134025,-0.6717370748519897,-0.3461562693119049,-0.5350250005722046,-0.6363522410392761,-0.1347622871398925,0.3775000274181366,0.2809948623180389,-0.0043147327378392,0.4331027269363403,-0.6108114719390869,-0.6757115721702576,-0.4988411366939544,-0.949790060520172,0.3834239244461059,-0.204540878534317,0.566437304019928,0.56732177734375,0.051968615502119,-0.5260674357414246,0.2733159363269806,-0.1199569478631019,0.437942624092102,0.8928155899047852,-0.3022160828113556,-0.1618416905403137,0.4910007119178772,-0.1365165412425995,0.6803961396217346,-0.2313521206378936,0.173795685172081,-0.3022543787956238,-0.0317599214613437,-0.0861420556902885,0.1398086249828338,0.0332722030580043,-0.5364129543304443,0.8430767059326172,0.1158542856574058,-0.3748884499073028,-0.4092483222484588,-0.6426430344581604,-0.1108079925179481,0.4495895206928253,-0.7456057667732239,0.0217578317970037,-0.6096863150596619,0.1936643421649933,0.6532236933708191,0.8423157334327698,-0.693938136100769,0.4560171663761139,0.1893327087163925,0.0764791220426559,-0.1876739710569381,0.2293040305376052,-0.3870456516742706,-0.3213069140911102,0.0400711372494697,0.5270309448242188,0.1770189553499221,0.6846286058425903,-0.5615328550338745,-0.8350558280944824,-0.0550360083580017,-0.2283198535442352,-0.6278354525566101,0.3529067635536194,0.0703449323773384,0.2998480200767517,-0.5315501093864441,0.21905018389225,-0.7149791717529297,0.5290278196334839,0.3577248752117157,0.1506180614233017,0.0988623574376106,-0.747942328453064,-0.1628214567899704,-0.4417280256748199,-0.9568366408348083,0.463358998298645,0.4129658639431,-0.8096800446510315,0.0292298663407564,0.4387030601501465,0.5181941986083984,-0.6921684741973877,-0.5763434171676636,-0.3937412798404693,0.0918499454855918,0.4852310121059418,0.2012185007333755,-0.0292095225304365,0.0014059082604944,-0.3015966713428497,0.1659068763256073,0.5815778374671936,0.6984782814979553,0.6661532521247864,0.093969352543354,-0.0294664017856121,0.1551216542720794,-0.7050092220306396,0.0515378005802631,-0.2038450837135315,-0.1349681764841079,-0.0561633892357349,0.9253513216972352,0.5316236019134521,-0.4030947983264923,-0.1510088890790939,0.9344865679740906,0.4135709404945373,0.8285344243049622,-0.4161840379238128,-0.179562360048294,-0.4568018615245819,0.4439434111118316,0.1185143068432807,-0.2827330231666565,-0.0111502949148416,-0.1118798106908798,-0.3399610817432403,-0.2813072800636291,-0.3189838528633117,0.275723248720169,0.0629651471972465,0.2881417572498321,0.1762231439352035,-0.262073814868927,0.4365310370922088,-0.249325543642044,-0.4775751829147339,-0.189346969127655,0.4378216862678528,0.1738985180854797,0.7869111895561218,0.2153527587652206,0.2706262767314911,-0.3228563368320465,-0.9982818961143494,-0.3618471026420593,0.3107124865055084,0.3703764379024505,0.7742481827735901,-0.7681684494018555,-0.5580154061317444,0.1159905046224594,0.2893818616867065,-0.0541180036962032,0.0931880623102188,-0.9020599722862244,-0.3801321387290954,0.1893595606088638,-0.6947675943374634,0.3493660092353821,0.2778467833995819,0.1849676221609115,-0.2186990082263946,-0.4491661489009857,0.0659638345241546,0.5699921250343323,-0.1784543246030807,-0.5488167405128479,0.3589185774326324,-0.0475102439522743,-0.0517831854522228,0.153852641582489,0.1201682537794113,-0.0557288192212581,-0.0342426635324955,0.1678056418895721,-0.4462345242500305,0.0553899183869361,-0.2601107358932495,0.395022451877594,0.0024176747538149,0.2881033718585968,-0.1590177863836288,-1.040870189666748,0.0851010456681251,-0.0117336260154843,-0.4974397718906402,-0.3010345697402954,-0.2175718694925308,-0.3181649446487427,-0.0154365450143814,-0.1197224855422973,-0.2467281967401504,0.3238625824451446,-0.317559152841568,0.5852050185203552,-0.12265095859766,-0.6328884363174438,0.3056196570396423,0.3998624980449676,-0.3827398121356964,-0.8353005051612854,0.3577028810977936,0.4121659100055694,0.4390000700950622,-0.0357071831822395,0.0517107285559177,0.1340836137533188,0.3389334678649902,0.4900949597358703,-0.6081032156944275,0.5324382781982422,-9.796019554138184,-0.3710661232471466,-0.6012843251228333,-0.3195273876190185,-0.3207091391086578,-0.058256696909666,1.07630455493927,0.0674293786287307,-0.1247841790318489,-0.1629563421010971,-0.0872951075434684,-0.0150995729491114,0.490367978811264,0.8817635178565979,-0.6942055225372314,-0.5374621152877808,-0.071591280400753,-0.3044888377189636,-0.4261961579322815,-0.1006945148110389,0.0400756448507308,-0.2514041364192962,1.0619125366210938,-0.0617653802037239,-0.338840126991272,-0.3505962789058685,0.1020156890153884,-0.0128545742481946,-0.2467370778322219,0.8902862668037415,-0.7341428995132446,1.4908009767532349,0.1811008304357528,-0.095840536057949,-0.2637326717376709,0.078388825058937,-0.0842657387256622,0.383993536233902,-0.6185378432273865,0.5441694855690002,0.1768823564052581,1.0294491052627563,-0.2234426140785217,-0.123551994562149,0.535986065864563,-0.0185154695063829,0.4372779726982116,0.1871225237846374,0.2563006579875946,-0.169576495885849,-0.1905618011951446,-0.4083457291126251,0.147109717130661,-0.1906646192073822,0.1804751604795456,-0.1623864918947219,0.6506508588790894,-0.6856341361999512,0.0207714401185512,0.0801436305046081,0.5251412391662598,-0.1489992588758468,0.5699613690376282,0.6552631258964539,-0.4029736816883087,0.0719710811972618,0.2270816564559936,0.0152651006355881,-0.5923919677734375,-0.2474207729101181,0.2751559019088745,0.0559971444308757,0.0935863703489303,0.3795277774333954,-0.3104695081710815,0.5262947082519531,-0.1554690450429916,-0.3090550303459167,0.7421126365661621,0.3248776197433471,1.0074902772903442,-0.1159013956785202,-0.0603499189019203,0.1926866769790649,-0.8887192606925964,0.4231337010860443,-0.1655093878507614,0.3203942477703094,0.579544723033905,-0.6267620921134949,1.0005608797073364,0.0516397580504417,-0.056191861629486,0.2780204117298126,-0.0257949437946081,-0.1430043429136276,0.6821844577789307,0.556321382522583,0.535772442817688,0.1373044699430465,-1.0909319,-0.8530814,0.8632255,0.488717,-0.45361182,-0.8075228,-1.3876423,0.8489316,1.1307069,-0.033935793,1.234399,-0.26522395,-1.4797536,2.5668914,-0.055066373,-0.008541738,0.8338253,-1.304064,0.276571,-0.21010959,0.348758,0.678886,0.4741307,-0.66709137,1.081708,0.5220034,0.8320107,0.047861695,-0.42480972,-0.92808396,0.3156031,-0.33329543,-1.2401816,0.060897946,0.083331995,-1.0294912,-1.4085486,1.3462458,0.26181427,-1.0645176,-0.73162204,0.8451358,0.16589293,-0.8912037,-0.7571826,-0.18080263,1.4639939,-1.0026538,0.86946565,-0.38497114,-1.0854768,-0.5388198,0.7876091,0.9191145,0.75631815,-0.27782875,1.4267479,0.8735614,-0.07372568,-0.58945364,0.3702087,0.21414225,-0.9311973,-0.6053158,0.20722274,0.5623682,-0.25742388,0.53299993,-0.0037512353,-0.22349943,-2.7755897,-1.302066,-0.3442041,1.2944578,-1.4182059,0.77914065,0.21694855,-0.72602355,0.24160163,-0.07343471,0.10819115,0.017472446,-1.1170567,1.3898939,-1.0140134,-1.4699516,-0.38232943,-0.46911302,-1.0015103,-0.15689942,-0.3012858,-1.3565801,-0.9974987,-1.1323192,1.7714888,0.21325466,-0.8012713,-1.2255582,-1.3155111,-0.17914854,0.14137033,1.1603142,0.7208328,-0.36270222,-0.8345348,-0.057116725,-0.49842075,-0.46523517,-0.8791501,0.51238245,-0.11969976,0.21230642,0.28743553,1.632011,0.8883272,0.24497959,-1.1244547,-0.22720037,-0.35051695,0.37006783,1.3167638,0.5699025,-0.458709,0.6281678,-0.45099434,0.78363866,0.069591895,-1.037431,0.429355,0.26164907,0.11177051,0.095189825,1.6982974,0.977667,-1.0273552,-0.5469944,-0.11162239,0.4777917,1.2260015,-0.9605623,-0.58522457,0.54608214,0.15244436,-0.42700323,0.6639429,-1.3155261,-0.0659438,1.0404166,1.4785248,0.39747506,-0.4443324,0.065872006,-1.3919047,0.71264136,0.85394067,0.33970872,-0.14896524,0.4512562,-1.334104,0.74219906,-0.47937685,1.4770843,-1.0478607,0.79042435,-0.17511463,0.6278754,-0.8989374,1.065246,-1.051918,-2.121034,-0.53630424,-0.35172653,0.77314985,-0.13931601,0.5238563,0.18703906,0.2230406,0.4377678,-1.456668,-0.11257397,0.62094456,1.3115436,0.0058636665,1.2761261,-0.36986926,0.29183745,0.7111533,0.5053573,0.32762024,0.15366794,1.2721955,-0.47578958,0.7216331,0.62010825,0.39279798,2.3174171,1.2440574,-1.5236925,-1.7287205,1.0469999,-1.9891542,-0.6471389,1.1294516,-1.2875129,0.9814517,-1.1662309,-1.0077033,2.0130067,0.53965884,0.042340416,-0.9769222,-1.3753201,1.4503993,0.71759164,-0.053019486,-0.05030755,-0.79469335,0.06425816,-0.3508541,-0.6535673,1.3227079,0.47002792,0.12125609,1.3193322,-0.8962367,0.57232517,0.59195983,0.10460714,0.2306036,0.99340427,-0.894579,0.6088775,0.432371,0.15528108,-0.6560156,0.39464444,-0.37926802,0.4347264,-0.4219272,0.7070332,0.69386065,-0.23086067,0.3885043,-0.043265905,0.21011892,0.76942027,1.2737659,-0.054127686,-1.5339252,0.036915712,0.36249644,1.1079346,0.21187101,0.45544496,0.22308719,1.2969916,-0.35854602,0.16773836,-0.29722077,-0.6486184,-0.14522396,0.7436244,0.6225677,0.07227419,-0.012455672,-0.46179488,-0.28701058,-0.26022136,0.10019775,-0.66193163,-1.197717,-0.47281554,-0.7802867,0.014488959,0.9751344,0.711934,-0.7971152,-1.0512043,-1.1305764,0.82613224,0.7692006,-1.7396058,-0.20958689,-0.22260888,-0.6167933,0.4523867,0.29512194,-0.38616958,0.36877006,0.47139663,-1.3189144,0.7506755,0.32333717,0.46933433,1.967242,0.68995136,1.0470984,-1.176344,0.08157141,-0.42705542,0.67116797,1.1046606,-1.6014078,1.0148714,-0.6682029,-0.34077287,0.9774646,-1.1878587,-0.42088214,-1.227281,-0.0663351,-0.23928681,-1.4747244,1.9706783,-2.1819978,1.9479495,-1.909602,-0.91936165,-0.76534694,-0.21411653,-0.76108056,-0.099188805,0.61034775,0.34418732,0.3899311,0.5141638,0.47598377,-0.03460736,0.2970801,1.5369852,-0.4246447,0.8302592,-0.8556708,-1.4588171,-0.5163568,0.52269894,-1.2258302,-1.2006948,-0.91242605,-0.37733498,0.14693967,-0.5330352,-0.7551375,1.2561152,-0.049091034,0.34386247,-0.967608,-0.4560759,-0.41812474,-0.8831521,0.99287564,-0.19729388,1.2034951,-1.2231596,-0.38107705,0.30170104,-1.3654565,0.008967173,0.12848784,1.9992441,0.6553506,0.558985,0.5423018,0.17353596,-0.2114202,-0.3537209,1.0507988,0.40642595,2.2089827,-0.062256757,-0.5879901,1.4652804,-0.3141887,0.25301415,-0.37143198,-0.37907448,1.6964104,-0.027165363,-0.085471384,-0.07667034,-0.33693743,-0.28703213,0.39113188,0.66593266,0.5043529,-0.085105315,0.5381226,0.5346617,-0.48513716,-1.2664558,-0.28195524,1.1543585,0.8509368,1.7687658,1.223283,-0.20116489,-0.14745025,-1.6526515,0.37625375,1.201028,1.0134543,-0.021881428,-2.0473332,0.5110453,0.3971201,0.30994993,-1.9053354,-2.0723739,1.7710596,0.5036592,0.2516904,1.2330526,-0.6709738,-1.942415,-0.7827576,0.109680116,-0.65770996,-1.2582732,-1.18767,0.25474587,-0.5653637,0.7414163,1.2670645,0.58405644,-0.34143043,-0.4419108,0.08361705,0.11885227,-0.61622334,0.10261568,-0.13552503,0.6505216,-1.2858307,-0.61571294,0.86769265,-1.7086476,0.81744415,-0.2415047,-0.24188492,-0.14770338,-0.082848474,-0.8220377,-0.246799,0.4906819,-1.047289,-0.08121884,0.9614912,-1.730029,-1.401945,0.65556467,1.5060441,-0.32766205,0.64822996,0.5066171,0.17875758,0.7792069,-0.14107242,-0.43509275,0.2165973,-0.25468975,-0.18982735,-0.24769115,-1.3835113,-0.26532012,1.0258106,-1.3342855,-1.5896162,1.1240371,0.48029444,-1.4057062,-0.78941375,-0.39044285,-0.38005647,1.0571342,0.5891799,-0.30885097,-0.43677136,-1.1281476,-0.16750808,0.18401034,0.032803092,-0.47054005,0.018371796,0.6750941,-0.8861989,0.40439203,2.029261,0.23252349,1.6103326,1.0693818,0.21581611,-0.5895975,1.0502754,-0.20472227,-0.6051246,0.6174611,-1.1040491,-0.9432012,1.167379,-0.041943002,-0.82505023,0.18146221,0.88553274,-0.6094581,-0.18568783,0.3112846,1.0856193,1.67637,1.1814482,1.668789,-0.338305,-0.19662584,-0.65003693,0.61840206,-1.196772,-0.95843357,-0.25782457,0.59736294,1.8193997,-0.48022476,0.008291849,0.41406533,-0.59707206,-1.2746621,0.48997337,0.38015535,-0.42720228,-0.82322925,0.3323687,-1.3285048,0.16167967,-1.7797726,-0.40535212,0.6600894,1.2612368,-0.44939226,-0.082629204,0.83961374,0.04012907,-0.8707658,0.24551012,0.95604265,1.9075474,0.19399074,-0.77919596,0.33751318,-0.43135884,-1.1460202,-0.053359192,-1.4657406,-0.7252225,-0.10061056,-0.580907,0.023038557,-0.40479994,-0.5230969,1.6742516,-0.10306573,-0.26592836,0.49982902,-0.67508703,0.9814435,-0.079501264,-0.87392676,1.402034,0.47100475,-1.479251,0.834941,-1.4058418,1.0142447,-0.7752903,0.85270137,1.4909894,0.6688999,-0.35276613,0.94487065,-0.76749045,-0.20386662,-0.38069484,0.40094715,-0.50713056,0.367277,-1.978385,1.6019859,-1.6418638,-0.5519756,-0.17984557,0.3201452,-0.6525772,0.29713908,-0.14198779,0.4283003,-0.0040879613,-0.8680127,1.1275707,1.6918947,-0.15183684,-1.0263361,0.6554204,0.2785934,-0.40855527,-0.20580591,2.3876889,-0.1350696,0.4972984,-1.4303815,-0.8677844,0.3908638,-0.103227146,-0.9968623,-0.3116781,-0.29886144,-0.18279277,0.08561357,-0.5910397,1.0833881,-1.2974638,0.82177985,0.44254947,-0.78262436,-0.23434007,0.4972011,-0.691645,-0.854879,-1.623235,0.62470096,0.19227357,-0.8437949,0.24299903,1.0594283,1.6626033,0.64681876,-0.26597026,-0.9595866,0.6367034,0.8854599,0.5897687,-0.9749774,-1.339113,0.46913978,1.229728,-0.31567904,0.577361,0.5250724,-0.5343681,-1.7310753,1.0573097,-0.030525217,0.13765553,1.2288009,0.42381504,0.004718079,1.1922599,0.18663435,0.3103485,-0.0822372,-0.75620025,0.1137854,0.32478327,-1.1725744,0.4974,-0.22672507,0.6964775,-0.44548067,0.20157632,-1.5799783,0.5679336,0.47953314,0.6901162,0.8356995,0.27402386,-1.5503045,-0.858501,-0.52018946,1.7018267,0.8328891,-0.12847503,-0.96124536,-0.623618,1.0117867,0.64546627,-0.4616041,0.15111654,0.22706516,-0.045587473,-0.83102167,-1.4186466,-0.32746592,0.11931087,0.07068776,-1.1978319,1.2536938,-1.8815767,0.97366226,-0.08403153,-1.5993284,-0.11822017,0.6133442,-0.27942124,1.8325602,1.2341448,-0.42373633,-0.093614265,0.5462017,0.7606701,-0.5943783,-0.101954296,-1.2733237,0.63911885,1.7618593,0.5971116,-1.223361,-0.5086984,0.33863768,-0.29040244,1.6150593,-0.14219962,-0.8234409,-1.1403393,-0.652522,-1.2048591,-0.8188602,-0.46700588,0.37362787,-1.2902161,0.63849056,-0.7608844,-1.0878595,0.57885665,-0.7897478,0.11934735,-0.43971497,0.79329216,0.5046546,0.63665575,0.54188603,-0.40924874,0.13386467,-0.89667815,-0.5084267,0.76241213,-0.85288566,0.5470318,0.48290935,0.7060963,1.4705573,0.20630634,-1.4122568,0.80518204,0.49905,0.17289539,-0.079823375,-0.58547944,-0.7478345,0.31593046,0.3547377,1.0508087,-1.2721281,-0.31743068,0.16872898,0.011016471,0.37432757,0.5444258,0.39198157,0.11175312,1.727903,0.835504,-0.43143702,,,,,,,,,,,,,,,,,,,,,,,,,,,,,,,,,,,,,,,,,,,,,,,,,,,,,,,,,,,,,,,,,,,,,,,,,,,,,,,,,,,,,,,,,,,,,,,,,,,,,,,,,,,,,,,,,,,,,,,,,,,,,,,,,,,,,,,,,,,,,,,,,,,,,,,,,,,,,,,,,,,,,,,,,,,,,,,,,,,,,,,,,,,,,,,,,,,,,,,,,,,,,,,,,,,,,,,,,,,,,,,,,,,,,,,,,,,,,,,,,,,,,,,,,,,,,,,,,,,,,,,,,,,,,,,,,,,,,,,,,,,,,,,,,,,,,,,,,,,,,,,,,,,,,,,,,,,,,,,,,,,,,,,,,,,,,,,,,,,,,,,,,,,,,,,,,,,,,,,,,,,,,,,,,,,,,,,,,,,,,,,,,,,,,,,,,,,,,,,,,,,,,,,,,,,,,,,,,,,,,,,,,,,,,,,,,,,,,,,,,,,,,,,,,,,,,,,,,,,,,,,,,,,,,,,,,,,,,,,,,,,,,,,,,,,,,,,,,,,,,,,,,,,,,,,,,,,,,,,,,,,,,,,,,,,,,,,,,,,,,,,,,,,,,,,,,,,,,,,,,,,,,,,,,,,,,,,,,,,,,,,,,,,,,,,,,,,,,,,,,,,,,,,,,,,,,,,,,,,,,,,,,,,,,,,,,,,,,,,,,,,,,,,,,,,,,,,,,,,,,,,,,,,,,,,,,,,,,,,,,,,,,,,,,,,,,,,,,,,,,,,,,,,,,,,,,,,,,,,,,,,,,,,,,,,,,,,,,,,,,,,,,,,,,,,,,,,,,,,,,,,,,,,,,
ナ,-0.1362178474664688,0.3797858357429504,-0.0792758390307426,-0.5095354914665222,-0.0019531878642737,0.0265511032193899,0.3281624317169189,0.1861244142055511,-0.4104674160480499,-0.4797930121421814,0.5647793412208557,-0.1588413566350937,-0.3582498729228973,-0.1217365786433219,0.8010639548301697,-0.2623790800571441,-0.11465685069561,0.574271559715271,0.0707754716277122,0.2660210728645324,-0.1864161938428878,-0.6596825122833252,0.0399309322237968,0.0296137742698192,0.4265962839126587,-0.2262868136167526,-0.052745908498764,0.2430423498153686,-0.1876699179410934,-0.3396024405956268,-0.6153855919837952,-0.7272216081619263,-0.2415434718132019,-0.5589014887809753,-0.3997542262077331,0.3637759983539581,0.419665515422821,0.1368676126003265,-0.1266152411699295,-0.3625671863555908,-0.3516811430454254,-0.3007530272006988,-0.3072763979434967,-0.3415670096874237,0.182689756155014,0.7734752297401428,-0.1720715165138244,0.2982960343360901,1.0979080200195312,-0.005193208809942,-0.2243406027555465,0.3364683389663696,-0.009599239565432,-0.0048853498883545,0.10727359354496,-0.1526814997196197,0.6554461121559143,0.0333327949047088,-0.0453105270862579,0.3108712434768677,0.0676823854446411,-0.1046774536371231,0.4562392830848694,0.2242245823144912,-0.7091209292411804,-0.3746768534183502,0.0451853908598423,-0.0666756927967071,-0.3653551638126373,-0.4554404318332672,-0.3054660558700561,-0.1938807070255279,0.0306158047169446,-0.0807640776038169,0.0183492302894592,-0.4414375424385071,0.1642738133668899,-0.0463895201683044,0.5953296422958374,-0.070133663713932,-0.0036555682308971,0.5081160068511963,0.0508597157895565,-0.1960279941558838,0.267019659280777,0.046284295618534,-0.3443635702133178,-0.9884848594665528,0.3150283992290497,-0.2648761868476867,-0.1398319154977798,0.5505351424217224,-0.2558797895908355,0.1758257299661636,-0.5803845524787903,-0.12873475253582,0.1765579879283905,-0.1891331225633621,0.0604552999138832,0.2592227458953857,-0.0422254391014575,-0.0770054459571838,0.7048823237419128,-0.0576668567955493,-0.1539286226034164,0.3426323533058166,-0.3431151509284973,0.0449620112776756,0.0242110751569271,-0.0746607407927513,-0.3880045115947723,-0.3231051862239837,0.1318096220493316,0.5695911645889282,-0.0686645954847335,0.2547732889652252,0.0870746672153472,0.2537732720375061,0.256878912448883,0.2004173398017883,0.4361348450183868,0.8562715649604797,-0.2303464859724044,-0.1053100228309631,-0.5411909818649292,0.5030717849731445,-0.1986553072929382,-0.3059727549552917,-0.114055685698986,-0.5995706915855408,0.0472426526248455,0.2752458155155182,-0.1289475411176681,0.2383800148963928,-0.520284116268158,0.778640866279602,-0.1019662767648696,0.4084859192371368,0.0454666316509246,-0.4162798225879669,0.3094289302825928,0.0298197530210018,0.0251705292612314,0.1337717473506927,-0.3042338490486145,0.3027165532112121,0.1369137018918991,-0.0002073767682304,0.3766601383686065,0.5684347152709961,-0.1347536444664001,0.7109366059303284,-0.7649931311607361,-0.1175610125064849,0.1906614154577255,0.333658754825592,-0.7870627641677856,0.2367504388093948,0.4834461212158203,0.8275333046913147,0.0874495357275009,-0.8203038573265076,0.0506666861474514,-0.0536461994051933,0.3011941909790039,0.136812224984169,0.1216096580028534,-0.3142650127410888,0.4179130494594574,0.4487386345863342,0.317748486995697,0.2466225177049636,0.0227483808994293,-0.2002296298742294,0.6438930630683899,0.6773337721824646,0.2436851114034652,0.2577062845230102,-0.011525085195899,-0.176610916852951,-0.2479922026395797,-0.4405090808868408,0.0768386200070381,-0.1658186316490173,0.0974546149373054,-0.3759149312973022,-0.1545321494340896,-0.3641048371791839,0.1888476610183715,-0.159631922841072,0.0668581053614616,-0.2982872724533081,0.3538864850997925,-0.1149933189153671,0.0027279816567897,-0.5533915162086487,-0.0380839705467224,-0.4138252139091491,-0.0975275039672851,0.2528819441795349,-0.4011818766593933,0.055850800126791,-0.1114967763423919,-0.142224833369255,-1.0803029537200928,-0.0520593337714672,0.3119887113571167,0.799841582775116,0.4607810974121094,0.4706590473651886,-0.1188201978802681,-0.0265575479716062,0.6864751577377319,0.1832474321126938,0.0220387484878301,0.1382425725460052,-0.660987377166748,0.132219061255455,0.2956674993038177,0.0598401091992855,-0.583511233329773,0.1122259795665741,0.2059175968170166,0.4037990868091583,0.0457566790282726,0.0679417625069618,0.0897147133946418,-0.1063357815146446,0.2764896154403686,0.2205427587032318,-0.0918733924627304,0.0229321420192718,-0.7944410443305969,-0.1390953212976455,-1.1955822706222534,0.4448839724063873,-0.1012329161167144,0.5709475874900818,-0.072651483118534,0.0801285803318023,0.0390290692448616,-0.0242909956723451,-0.0713287591934204,-0.1064570397138595,-0.0504622235894203,0.5219945907592773,-0.2179352194070816,-0.2630242109298706,-0.3880722522735595,0.0634832829236984,-0.0922822654247284,-0.6150838136672974,0.2723695635795593,-0.2328356653451919,0.6310198307037354,0.4557644426822662,0.4664447605609894,-0.6272209286689758,-0.3091628551483154,-0.3475953936576843,-0.233423426747322,-0.5476057529449463,0.1950253844261169,-0.3928027749061584,-0.2446364015340805,-0.0061393175274133,0.3073616623878479,-0.7441533207893372,-0.2544948160648346,-0.5410863757133484,0.2851300835609436,-0.7326651811599731,-0.0365930125117301,-0.2105489820241928,-0.1570228040218353,-0.2613617181777954,-0.2508982717990875,0.2972123622894287,-0.7761359214782715,0.1283585578203201,-0.5886006951332092,0.4963007569313049,-0.7179306149482727,0.2759207189083099,0.2244712710380554,-0.2240024954080581,-0.4969954192638397,-0.1193629875779151,0.2062171548604965,0.1595669388771057,0.2917115092277527,-0.1502279639244079,-0.1065319776535034,-0.288291186094284,-0.2692958116531372,-0.1277631372213363,0.1799372136592865,-0.2579139769077301,0.1824936121702194,-0.0106588555499911,0.4385907351970672,0.5496039390563965,0.5107809901237488,0.0862148404121398,-0.1892444640398025,-0.510406494140625,-0.0806207209825515,-0.401949018239975,0.8372795581817627,-0.1275036484003067,0.0681416690349578,0.8434178233146667,-0.3431235253810882,0.4274209439754486,0.4926106631755829,0.3576692044734955,-1.839627385139465,0.0863521471619606,0.1836011856794357,-0.1789918392896652,-0.1024377644062042,0.4957447648048401,0.3244171142578125,0.3796284794807434,-0.282256156206131,-0.2427776604890823,0.1538814455270767,0.4302539825439453,-0.2431138902902603,-0.5064449310302734,0.2942398488521576,-0.1209528073668479,-0.1113872677087783,-0.577569305896759,-0.2615371346473694,0.3225050568580627,0.5524027943611145,-0.0749784409999847,-0.0416341237723827,-0.4511786997318268,0.014636498875916,-0.0489417016506195,-0.0773097872734069,-0.0348984971642494,-0.5185117721557617,-0.0218516904860734,-0.0055019068531692,0.4799433350563049,0.5316974520683289,0.6181427240371704,0.5171914100646973,-0.0368477813899517,0.4157385230064392,0.4096370637416839,0.2786488234996795,0.2582052052021026,-0.1924786865711212,0.033805102109909,0.6540768146514893,0.4567236304283142,0.1256777793169021,0.2348229736089706,0.2942491471767425,0.57227623462677,0.4934375286102295,0.2866349220275879,0.306924045085907,0.1742322891950607,0.4807227551937103,0.7678423523902893,0.4619968235492706,-0.1493976265192031,-0.5355450510978699,-0.2071954011917114,0.0461773090064525,-0.7192046642303467,-0.0236712545156478,0.1698399186134338,0.4680967032909393,-0.6636702418327332,-0.3454443216323852,-0.2951996624469757,0.017624132335186,-0.7022309899330139,-0.3587249219417572,-0.6695570349693298,-0.6393516063690186,-0.193379059433937,0.1655769944190979,-0.4111172258853912,0.0545201897621154,-0.0607914477586746,0.7058797478675842,-0.6727307438850403,-0.3999496400356293,0.1138952225446701,-0.6311031579971313,-0.2936523258686065,-0.3775314688682556,-0.1636169552803039,-0.3910045623779297,-0.1254418492317199,0.3143227100372314,-0.4704281985759735,-0.7830004096031189,-0.288838267326355,-0.6095014214515686,-0.3226684331893921,0.3075338006019592,0.5026311874389648,0.0361660122871398,0.5987076163291931,0.211616113781929,0.3223414421081543,-0.3804580271244049,0.7365859746932983,-0.8929827809333801,0.4006620645523071,0.2416159361600875,0.4036802947521209,0.6133442521095276,0.5353419184684753,0.4901753067970276,0.0857306346297264,0.1547495126724243,-0.0034764525480568,-0.1795608252286911,-0.6789594888687134,0.6715021133422852,-0.4024254381656647,0.5003883838653564,-0.1759690940380096,-0.262269526720047,0.4493978917598724,-0.3345303535461426,-0.2274314761161804,-0.1889231353998184,0.3938538134098053,0.0331171937286853,0.188998281955719,0.2921696901321411,0.9073356986045836,-0.1432060152292251,-0.183547168970108,0.0928238034248352,0.1604364365339279,0.488099992275238,0.168469950556755,0.0557058043777942,-0.0600753910839557,0.2548568844795227,0.1469791680574417,-0.1442832499742508,0.2384084910154342,0.2793016135692596,0.4879505336284637,0.173891007900238,0.2028154581785202,0.2596497535705566,-0.1507309824228286,-0.4011282324790954,-0.4442631006240845,-0.7445241808891296,-0.3408256471157074,-0.5522549748420715,-0.0767023488879203,0.9341081976890564,-0.2396037727594375,0.0225190129131078,-0.4282954335212707,-0.4491731822490692,-0.342966765165329,-0.5468061566352844,0.1060744822025299,0.4814439117908478,0.2843141555786133,0.9183987379074096,0.1309673488140106,-0.7456665635108948,0.1766426861286163,0.2210115790367126,0.4072530269622803,0.6630637645721436,0.0090906601399183,0.0350896939635276,0.1838118582963943,0.1826800107955932,0.4706596136093139,-0.1019745618104934,0.0626978725194931,-0.9408326148986816,-0.652404248714447,-0.3243503868579864,0.3679737746715545,0.3671248853206634,-0.2214016020298004,0.4151610732078552,0.0994877517223358,-0.4924309253692627,-0.7804092764854431,-0.2404239326715469,-0.3428009450435638,0.1296757310628891,-0.9905015230178832,-0.0937732756137847,0.1185069605708122,-0.167349025607109,0.4453926980495453,0.283873438835144,-0.4394272863864898,0.2523773312568664,0.4213992953300476,0.5713346004486084,-0.7269734144210815,-0.0295927468687295,0.0291597377508878,0.0424708947539329,0.2928731441497803,0.2045894414186477,-0.102795161306858,-0.0758736431598663,-0.1951157301664352,-0.825254499912262,-0.4652692675590515,-0.52791428565979,-1.1743812561035156,0.6211022734642029,0.1460735648870468,0.0134798642247915,-0.4546681940555572,0.3696656823158264,-0.0939018353819847,0.1792593896389007,0.3465519249439239,0.2715671956539154,-0.409156322479248,-0.9878359436988832,0.1171231865882873,-0.4001004099845886,-0.7797207236289978,-0.0615735836327075,0.7607941031455994,-0.3062030673027038,-0.1512177437543869,0.0668269395828247,-0.0468070358037948,0.0050074951723217,-0.0384405627846717,-0.2850349545478821,-0.0758327543735504,0.0727977305650711,0.1188515201210975,0.2821918725967407,0.108784444630146,-0.0596040971577167,0.1467514038085937,0.2271818965673446,0.8859285712242126,0.2844792902469635,0.1180546805262565,-0.3822091519832611,-0.2018074989318847,-0.070785753428936,0.0698361918330192,0.2021834254264831,0.4531839489936828,-0.6448084712028503,0.125333160161972,0.6755113005638123,-0.6161952018737793,0.0616117045283317,0.4955038130283355,0.6561368703842163,0.2380898743867874,-0.3153005242347717,-0.0100683271884918,-0.6444019675254822,0.3054373860359192,0.4041594266891479,0.6762205958366394,-0.1200245693325996,0.0989443287253379,-0.109465941786766,-0.8934169411659241,-0.6440494060516357,0.1706785857677459,0.2328259497880935,0.358750581741333,0.2909024357795715,0.0603955313563346,0.3649828433990478,0.2887881398200989,0.325582206249237,0.2985080480575561,-0.2118531763553619,-0.1695878505706787,0.9255813360214232,-0.1009673550724983,0.4197610318660736,-0.5971749424934387,-1.1232987642288208,-0.1141418293118476,-0.1001313403248786,0.2892661690711975,0.6184216141700745,-0.0226853135973215,-0.2464569658041,0.5184265971183777,0.3938007056713104,0.2337699979543686,-0.0389728210866451,-0.7222448587417603,-0.0515709593892097,-0.0879537984728813,-0.0318342112004756,0.2173696607351303,-0.0924059897661209,0.3816921412944793,0.4860692620277405,0.4054915904998779,0.0501701906323432,0.2692783176898956,0.0719921067357063,-0.2633828520774841,0.3929260671138763,0.2747476100921631,-0.4123144447803497,-0.3012425601482391,0.2443157285451889,-0.4215478003025055,0.0070913634262979,0.3574845492839813,-0.2732046246528625,-0.5034641623497009,-0.1946508884429931,-0.3369966149330139,0.3472018837928772,0.1808288395404815,-0.5291323065757751,-0.0322091542184352,-0.0623873732984066,0.0367710627615451,-0.1782532483339309,-0.0406050495803356,-0.0381089188158512,-0.0867923498153686,-0.1656219661235809,0.0379243269562721,-0.6919816136360168,0.0161953512579202,-0.8072909116744995,0.1266151368618011,-0.2164772897958755,-0.7056525945663452,0.4078202545642853,0.0720290839672088,-0.422391802072525,-1.1993558406829834,0.3849692344665527,0.1557509452104568,0.5936563014984131,-0.2869654595851898,0.4225751161575317,-0.2090086191892624,0.3654916882514953,0.0206109527498483,-0.5050346851348877,0.005863984581083,-10.23861598968506,0.2936953008174896,-0.8075652122497559,-0.0465996786952018,-0.219530776143074,0.2158771157264709,0.4066363573074341,0.2026185095310211,-0.114357590675354,0.0783499702811241,0.4850668013095855,0.6264637112617493,0.2036891281604766,0.3304344415664673,-0.5969442129135132,-0.2574581205844879,0.1551214903593063,-0.5216343998908997,-0.0414517931640148,-0.0680052563548088,0.3141174614429474,-0.0596499517560005,0.7124574780464172,0.4580225050449371,-0.0448841117322444,-0.2838736474514007,-0.4762881398200989,0.6189512014389038,-0.3416233658790588,0.332348108291626,-0.5620764493942261,0.2322999238967895,0.3244329690933227,0.0509893335402011,-0.3028528988361358,-0.2849497199058532,-0.088307499885559,0.136656254529953,0.1839410811662674,0.1228803843259811,-0.0462945289909839,0.4574522674083709,0.0545233748853206,0.0643202438950538,0.2690537273883819,0.3591102659702301,0.0433827117085456,0.3146442770957947,0.5465113520622253,-0.0206803921610116,-0.1340801417827606,-0.2385149747133255,0.1483725160360336,-0.1078565493226051,0.3607557713985443,-0.031327050179243,0.7971142530441284,-0.2669445276260376,-0.3021100759506225,0.0360109582543373,0.4785548746585846,-0.1680028587579727,0.6273515224456787,0.3932524025440216,0.3066513538360595,0.3537012338638305,0.5445164442062378,0.3998957574367523,-0.2984490096569061,-0.3678299486637115,0.2153547406196594,0.2464151680469513,-0.1147739514708519,-0.3168849349021911,-0.3189666271209717,0.603009045124054,0.0661231353878974,-0.2575885951519012,-0.0231780111789703,0.0941014364361763,0.2655852437019348,-0.0053372578695416,-0.4464967548847198,0.0585658699274063,-0.959826111793518,-0.063415840268135,-0.0314684808254241,0.4644874632358551,0.1353489309549331,-0.6520333290100098,0.4948523044586181,-0.1963709145784378,0.1206039637327194,0.0520343333482742,-0.0796077027916908,0.0975164324045181,0.2765413820743561,0.1296504288911819,0.6510397791862488,0.3145537972450256,-0.6065282,-0.6542595,0.8030074,1.449879,-0.7906844,-0.20470496,-1.1994287,0.40189633,0.9500471,-0.27432725,0.67589563,-0.19765823,-1.5943476,1.9717913,-1.0496978,-0.036444396,1.3847637,-0.78633475,0.5180814,-0.4391117,0.8935418,0.42049202,0.50768155,-0.2092541,1.0875316,0.70759344,0.75861025,-0.6052335,-0.655498,-0.4010844,0.59803087,-0.11944199,-0.38108802,-0.3305355,0.01273338,-1.8437854,-1.114354,0.5745923,0.16739754,-0.9687117,-0.82687026,1.207828,-0.399317,-0.621564,-0.9321878,-0.30581725,2.0167525,-0.84657484,0.71112055,-0.5485081,-0.587201,-0.47680774,0.6531281,1.5077251,1.1397724,-0.15842827,0.9595774,0.9512767,0.3297199,-0.6237204,0.78208715,1.2028388,-1.3640751,-0.56381273,0.38260046,1.1194847,0.3432137,-0.7492053,-0.79316,-0.5948355,-2.7416637,-0.47796336,-0.21010272,0.77447814,-1.4256738,1.1744093,0.40382695,-0.654304,0.60876936,0.262099,0.023352986,0.6188677,-0.73687696,1.2526441,-0.23232965,-0.4122593,-0.7857856,0.05848886,-1.2700001,-0.14292137,0.04072879,-1.0519198,-1.5265042,-1.5177306,1.3650346,-0.03125747,-0.4821609,-0.43121362,-1.2273339,0.00083342195,0.07264575,1.1291763,-0.35036036,-0.56472355,-1.2727492,0.099229455,-0.84473467,-0.23520942,-1.1014051,1.6124644,-0.54877806,0.15655015,0.40901765,1.1945662,1.023342,1.5345012,-0.709027,-0.9445017,0.43975258,-0.57674205,1.6970948,0.39708924,-0.5102104,-0.13342129,0.45044443,1.0915638,0.510976,-0.7859003,0.32009086,0.005800471,0.71419686,-0.60334194,1.7938585,0.70139915,-0.76876926,-0.09195074,-0.3623812,0.38430926,0.36346874,-0.6965737,-0.45105934,0.13108769,-0.5261917,-0.75305766,0.32007718,-1.5551857,0.18937762,0.72329146,1.2420793,0.41239235,0.3279123,-0.31082538,-1.4031452,0.27795005,0.7541676,0.042449605,0.55883735,0.0121389255,-1.5976807,1.7153951,0.65370893,1.9576398,-0.7633886,0.46246955,0.3102449,0.81230956,-0.879965,1.1398445,-1.1531461,-1.8339058,-0.17823409,-0.24786101,0.5585144,0.25164783,0.6017656,-0.38569593,0.6350345,0.23067302,-0.9380539,0.16369139,0.6034185,1.0369539,-0.6313089,0.7771922,-0.052072763,0.5698667,0.8946778,0.770338,0.7307245,0.19054301,0.83350235,-0.40274087,0.95180863,1.144049,1.208054,2.6990397,0.3871217,-2.0502794,-1.1389588,0.3003805,-2.063032,-0.68396276,0.7424281,-1.0806304,1.3181542,-0.6834877,-1.0219797,1.9508586,0.561133,-0.6433577,-1.2552651,-0.82605976,0.38570777,0.65406054,-0.53028756,-0.07829231,-0.75394416,0.18726605,-0.25399992,-0.4876512,0.2927923,0.5155996,0.5241911,1.5882381,-1.0215621,0.4515133,0.27674493,1.3303529,0.49529395,0.55617183,-1.3430338,0.51440656,0.76908255,-0.4448774,-0.36905894,0.46182013,-0.32696465,0.6529851,-0.61171025,0.56274885,0.13002598,-0.086996496,-0.015200764,-0.06689167,0.8534654,0.6429745,2.3766294,0.3103768,-1.8952861,-0.42056468,-0.18696202,0.88227135,0.42112127,0.15508373,0.33924544,1.315769,-1.0218714,0.20153975,-0.34119347,-0.5195397,-0.14952095,0.6406487,-0.5603234,0.4742881,0.1874571,-0.42612758,-0.35486746,0.7411019,0.23253445,-1.2440448,-1.4880365,-0.6795783,-1.1117587,0.1029506,-0.57390183,-0.09065851,-0.87012863,-0.7802004,-0.6370278,0.21703821,1.011235,-0.9573131,-0.5772472,0.44709864,-0.497627,1.3708267,-0.23007087,-0.30195758,0.2992213,0.51166576,-0.9594095,0.8194392,-0.3441445,1.0249192,1.3902897,0.0917497,1.1617737,-0.8193221,0.4267837,-1.4662781,0.4345455,0.8096877,-1.7677377,0.7716779,-0.29144636,-0.87883925,0.6019037,-1.421338,-1.07145,0.0031039864,0.43275425,-0.03504028,-1.2683684,1.6336226,-2.1679375,1.2153324,-0.9640413,-0.63534707,-1.0332075,-0.20503694,-1.3447384,0.8780422,1.0245689,0.15990768,0.84298617,-0.042014536,-0.14243142,0.06605109,-0.20001501,0.5690147,0.012879881,0.677908,-0.5866915,-1.2742783,0.09025068,0.5497399,-1.3955927,-1.5674812,-2.1754873,-0.23014098,0.78773266,-0.68689626,-0.22432381,1.7037176,-0.5444871,0.78541994,-0.7786443,0.030762171,0.28684986,-0.41419592,0.77507704,-0.5234404,1.6187862,-0.9175363,-0.130162,0.49814668,-2.0094485,-0.9958763,-0.22347808,1.4819307,0.55013484,0.2995102,1.3362225,0.11472192,-0.2338234,-0.44111738,1.0145489,-0.17374845,1.6506191,0.18158741,-0.49045208,1.6919686,0.07764779,0.7810602,-0.18236476,-0.4734881,1.7274503,0.06335394,-0.44162595,0.18930297,-0.6160631,0.012108295,-0.020231722,0.14759648,-0.11979967,-0.72643924,0.6268146,0.77332544,-0.9390592,-0.6114468,-0.78352016,0.549598,0.6461895,1.1583538,1.3976434,-0.43215212,-0.6977957,-1.9666101,0.11486926,0.9413249,0.5746928,-0.19777752,-1.6492208,0.05624072,-0.3953441,0.070539854,-0.9074972,-2.220209,1.3922577,0.2949426,0.30967614,1.2576114,-0.8443284,-1.0167848,-0.5180136,0.39604178,0.6008349,-0.7845678,-0.47824207,0.52278495,-1.0320615,1.3884901,0.7240159,0.27729046,-0.30127767,0.01581487,0.7862806,0.27978507,-0.71919566,-0.65802366,0.6162656,0.28324553,-1.3122638,-0.52882105,0.018562466,-1.7438121,0.48227438,-0.2541791,-0.3808087,0.009193783,-0.14796117,-0.68821436,-0.46104217,-0.4980372,-0.75899416,-0.7327779,0.15188654,-1.1821262,-1.3289777,0.97278214,1.1504737,-0.67486453,0.5025345,0.6986661,0.11031243,0.027393771,0.36053768,0.10060465,0.40743956,-0.52140945,-0.210095,-0.4654229,-1.5702748,-0.68430376,0.6428231,-1.4503746,-1.5116963,1.5678405,1.1363556,-2.2834773,-0.5193476,0.11801142,-0.22881508,1.3016115,1.4441123,0.09212937,0.10806316,-0.5133109,0.113123216,0.017341932,1.2575191,-0.34982827,-0.0055279136,0.6906734,-0.08268299,0.113404684,1.5019106,0.5943392,1.2435986,0.72253984,0.26871037,-0.5737309,0.74796224,-0.13457526,0.13360547,0.41848668,-1.6553701,-0.85520726,1.5655541,-0.65239084,-0.41895807,0.09565129,0.80196005,-0.9034591,0.27289084,-0.42036876,1.5445205,1.0799952,0.69573957,1.747789,-0.017541176,-0.7109336,-0.77696997,0.3223864,-1.2194159,-1.0452443,0.25339386,0.5523342,2.2496293,-0.5334818,0.35859275,1.1822654,-0.55747503,-1.275966,0.22749285,0.1605209,-0.3177273,-0.8380576,0.13431603,-1.1185427,0.7280826,-1.7321914,0.17727524,0.13024934,1.0083051,0.07812128,-0.03454919,0.5050493,0.14537562,-1.0979565,-0.43225467,1.0853986,1.5099478,-0.0014278094,-0.8913252,0.41937503,-0.11949664,-2.1357887,-0.031093813,-0.9068971,-0.622397,-0.048373874,-0.27982292,-0.06199735,-1.0382067,-0.239016,1.4221807,-0.20803435,-0.4774715,1.0842685,-0.9119802,0.90616536,-0.6045767,-0.36443844,0.84256774,0.44516614,-1.6003853,0.18559323,-1.6749372,0.7443729,-0.8237875,0.29718077,0.93315357,0.8349944,-0.83183485,0.7765086,-0.3413284,0.21608806,-0.16711175,0.5299344,-0.6412936,0.06460162,-2.3394096,0.9062727,-1.4338273,-1.01092,-0.23760855,0.38523355,-0.6534947,-0.23142576,-0.6588275,0.4178206,-0.15208946,-0.7716339,0.87603885,1.7760178,-0.949354,-0.542521,0.85622525,0.7250116,-0.26693496,0.34189633,2.7351885,0.57401323,0.7449651,-1.5686016,-0.15888052,0.29444763,-0.27202433,-0.6675573,0.48501,-0.21438487,-0.08608382,-0.14262606,-0.15071094,1.2257837,-1.3736387,-0.026534537,0.88713455,-0.7877216,0.20259488,0.49702194,-0.6598434,-1.3390799,-1.061398,0.8800475,1.1962706,-0.21974218,0.14725055,0.2522181,2.196555,1.2474979,0.2097689,-0.87231374,1.0981934,0.6917235,0.4472259,-0.6490495,-1.0545665,0.60052437,1.3704439,-1.4681144,0.96961784,-0.54912275,-0.41631246,-1.7921457,1.2994365,0.60392404,0.5349197,1.6109616,0.092388384,0.22437091,0.38600767,-0.2214833,0.50052375,-0.49984553,-0.12067843,-0.08284993,-0.49221027,-0.30919644,-0.06266237,-0.94323117,-0.11815261,0.16562001,0.7547396,-1.3492851,0.15722392,-0.027500182,0.96637326,-0.06483486,0.19713183,-0.8898491,-0.4184347,-0.6867042,2.1351645,0.9100786,0.15629426,-1.6474308,-0.22586645,1.3943504,0.4569044,-0.3092934,0.7960178,0.31847537,-1.2035909,-0.57293594,-1.1647093,-0.33955464,0.91369444,0.22916968,-0.6621273,0.6925017,-1.368594,0.90425915,-0.8473194,-0.7606272,-0.4676554,0.11790315,-0.76313376,1.2699302,0.5380036,-0.49550048,-0.07439557,0.6451713,0.8760435,-0.015746802,-0.3213004,-1.7647614,0.66378486,0.8510015,0.036503483,-0.993794,-0.39123586,0.06911138,-0.08403978,1.8939514,-0.30424067,-0.905155,-1.1819423,-0.30201218,-1.2316003,0.050852153,-0.5879552,-0.5216627,-1.6615281,-0.31616285,-0.27946362,-0.49015227,0.45645002,-0.75595444,-0.11695344,-0.22791855,1.2209743,0.6891229,0.69291204,0.07309223,-0.67858744,-0.4736276,-1.5254487,-0.51057184,0.8848104,-0.48937342,-0.35773697,0.16275437,1.7389096,2.0941331,0.22718477,-0.9968408,0.0041577667,0.35702416,0.20359965,0.38210058,-0.77921647,0.1346602,0.089675754,0.23407634,0.6192385,-1.5367609,-0.7047798,0.22971903,0.47873664,0.05057876,1.1699718,0.57998973,0.16071479,1.7546602,0.9669187,0.33513817,,,,,,,,,,,,,,,,,,,,,,,,,,,,,,,,,,,,,,,,,,,,,,,,,,,,,,,,,,,,,,,,,,,,,,,,,,,,,,,,,,,,,,,,,,,,,,,,,,,,,,,,,,,,,,,,,,,,,,,,,,,,,,,,,,,,,,,,,,,,,,,,,,,,,,,,,,,,,,,,,,,,,,,,,,,,,,,,,,,,,,,,,,,,,,,,,,,,,,,,,,,,,,,,,,,,,,,,,,,,,,,,,,,,,,,,,,,,,,,,,,,,,,,,,,,,,,,,,,,,,,,,,,,,,,,,,,,,,,,,,,,,,,,,,,,,,,,,,,,,,,,,,,,,,,,,,,,,,,,,,,,,,,,,,,,,,,,,,,,,,,,,,,,,,,,,,,,,,,,,,,,,,,,,,,,,,,,,,,,,,,,,,,,,,,,,,,,,,,,,,,,,,,,,,,,,,,,,,,,,,,,,,,,,,,,,,,,,,,,,,,,,,,,,,,,,,,,,,,,,,,,,,,,,,,,,,,,,,,,,,,,,,,,,,,,,,,,,,,,,,,,,,,,,,,,,,,,,,,,,,,,,,,,,,,,,,,,,,,,,,,,,,,,,,,,,,,,,,,,,,,,,,,,,,,,,,,,,,,,,,,,,,,,,,,,,,,,,,,,,,,,,,,,,,,,,,,,,,,,,,,,,,,,,,,,,,,,,,,,,,,,,,,,,,,,,,,,,,,,,,,,,,,,,,,,,,,,,,,,,,,,,,,,,,,,,,,,,,,,,,,,,,,,,,,,,,,,,,,,,,,,,,,,,,,,,,,,,,,,,,,,,,,,,,,,,,,,,,,,,,,,,,,,,,
ワ,0.2413127571344375,0.1787703335285186,0.4631074070930481,-0.2309708595275879,0.2003732621669769,0.277688056230545,0.122989721596241,0.308803528547287,-0.009906692430377,-0.619081437587738,0.7028918266296387,-0.3670854270458221,-0.6940755248069763,0.2042390406131744,0.3712596893310547,-0.3850686252117157,0.0479442365467548,-0.0029694295953959,-0.0235241279006004,-0.6805608868598938,-0.7096894383430481,-0.3323213160037994,0.133449524641037,0.3075015842914581,-0.0579979717731475,-0.3176624774932861,0.2532162666320801,0.3636884987354278,-0.06850615888834,0.0407397486269474,-0.3937130868434906,-0.2223573923110962,0.1632612198591232,0.0832343325018882,-0.0201122909784317,0.4200762808322906,-0.0385860241949558,-0.0719058960676193,-0.1453847140073776,-0.0582923367619514,0.0135667948052287,-0.1084998920559883,-0.4628358781337738,-0.1235483288764953,0.0751526281237602,0.5497376322746277,0.2003061473369598,0.1607071906328201,0.6362603902816772,0.1629896461963653,-0.1024657636880874,0.2144966721534729,0.3965997397899627,-0.1590530276298523,0.2973221242427826,-0.1747583895921707,0.4911096692085266,-0.2990573942661285,-0.181793212890625,-0.0168553367257118,-0.1853495240211486,-0.18560691177845,0.1348696798086166,-0.1999842971563339,-0.0588796064257621,-0.5896822214126587,0.2047021836042404,-0.1098772808909416,-0.2945514619350433,-0.8377299904823303,-0.4084526896476745,0.0486794635653495,0.1980382204055786,-0.3737556040287018,0.6239222884178162,-0.4078696072101593,0.3511313796043396,0.1782393455505371,-0.0216964837163686,0.0487788133323192,0.0719891414046287,0.4078477323055267,0.0116257676854729,-0.4409614205360412,0.4782087206840515,-0.0275317933410406,-0.2514725029468536,-0.7447549104690552,0.2051654756069183,-0.3792103826999664,-0.1349472403526306,-0.0864250659942627,0.7027817964553833,0.0751868039369583,-0.0480694435536861,-0.092638686299324,0.0666812807321548,-0.296792209148407,-0.1828226745128631,0.4300658702850342,0.1845071017742157,0.2618727385997772,0.3073272109031677,-0.108279675245285,-0.1922115236520767,0.051080334931612,-0.2113365679979324,0.1311621814966201,0.1733545213937759,-0.1695635020732879,-0.0520379804074764,-0.4638365507125854,-0.7414183020591736,0.243459939956665,-0.2268925160169601,-0.0013846431393176,-0.0529135353863239,0.2848470211029053,-0.6557327508926392,0.5488384366035461,0.4753878116607666,0.4563406705856323,0.0971252173185348,-0.2150113582611084,-0.1586046665906906,0.3361483812332153,-0.1139255836606025,-0.1999377310276031,-0.1110959947109222,-0.1130072101950645,-0.624144971370697,0.1062829121947288,-0.1758894622325897,0.0410359315574169,-0.0410412959754467,0.6244069337844849,0.232682392001152,-0.3461590707302093,-0.2464451789855957,-0.4861814081668854,-0.039217859506607,-0.4130640625953674,0.2633273899555206,-0.3577988147735595,-0.2995397448539734,0.4134209454059601,-0.3359703719615936,-0.6493031978607178,0.5211266875267029,0.313008189201355,-0.2839158177375793,0.7572974562644958,-0.5182087421417236,-0.06156961992383,0.1027121022343635,0.017388368025422,-0.5008480548858643,0.0049629779532551,-0.2358529269695282,0.1593533754348755,0.0162526108324527,-0.3121871650218963,0.1381345838308334,0.7075648903846741,-0.035793200135231,0.2624489068984985,0.4848371744155884,0.3598402142524719,-0.1327529996633529,0.3693170547485351,0.173502579331398,0.3283210694789886,0.1605433970689773,-0.1474442332983017,0.2038976699113845,0.4113959968090057,0.1904880404472351,0.1232999190688133,0.1739604622125625,-0.6162610054016113,-0.1287829428911209,-0.5904178023338318,-0.2561262249946594,-0.4298394918441772,0.0668615847826004,-0.0496128797531127,0.1180369034409523,-0.0869859009981155,-0.009336482733488,-0.6274248361587524,0.1896704584360122,-0.3846854865550995,0.0583632625639438,-0.341237872838974,-0.0775578394532203,-0.1159388944506645,-0.1863009631633758,-0.1251313388347625,-0.1304588466882705,0.6321461200714111,0.0707256495952606,0.2466509938240051,-0.1562853902578354,-0.2597391903400421,-0.9400139451026917,-0.2574775516986847,0.3049747347831726,0.2313425093889236,0.5142185688018799,0.2665613889694214,-0.276700347661972,0.5655514597892761,0.2455798685550689,0.1894823908805847,0.1442545801401138,0.4631680250167846,-0.4667972028255462,-0.4875037968158722,0.3424248993396759,-0.045272622257471,0.2025156915187835,-0.1735217124223709,0.4550232887268066,0.1352211833000183,0.1277494728565216,0.3906180262565613,0.3952604830265045,-0.0449961349368095,-0.2838775217533111,0.581055760383606,-0.2730138301849365,-0.3001729249954223,-0.5723670125007629,-0.2318571507930755,-0.7001567482948303,-0.1541214883327484,-0.3089911937713623,0.3295716643333435,-0.3614890575408935,0.0553109087049961,0.2006274759769439,-0.2713775038719177,-0.0228559263050556,-0.3499003052711487,0.1026369631290435,0.018752571195364,-0.0759266689419746,0.0073384214192628,-0.1255257278680801,0.0043984237127006,-0.5807868242263794,-0.5806497931480408,0.0001522223901702,-0.5368183851242065,0.3955245316028595,0.3873147368431091,0.5032966732978821,-0.1842720657587051,0.1282427310943603,-0.6778523921966553,-0.097983032464981,-0.6286552548408508,-0.2052749395370483,-0.3768730163574219,0.0444958433508873,0.060356218367815,-0.1927465051412582,-0.4949775636196136,-0.3392795324325561,-0.273395836353302,-0.0742387548089027,-0.2183254659175872,-0.1790715306997299,0.2235536277294159,0.0046378392726182,0.0427511520683765,-0.5416058897972107,0.2387636601924896,-0.132682591676712,0.3067868947982788,-0.62679123878479,0.1875622719526291,-0.6922306418418884,0.41200852394104,0.1021604314446449,-0.2388453632593155,-0.2053805440664291,-0.6097872853279114,-0.1929580569267273,0.3759879171848297,0.1185566857457161,-0.3626678884029388,-0.5758072733879089,0.1323152780532837,-0.1763930320739746,-0.0173126719892025,0.0449931807816028,0.3379239737987518,0.3768601715564728,0.1699140965938568,0.1931411623954773,0.4403726756572723,0.0646395236253738,-0.2482482194900512,-0.2538265883922577,-0.3352954089641571,-0.3866178095340729,-0.1763036847114563,0.4713699221611023,-0.3018929064273834,-0.1224082186818122,0.684111475944519,-0.2768462002277374,0.3288931250572204,0.2130254954099655,0.2835222780704498,-1.904072999954224,0.1054731979966163,0.3875754475593567,0.0553796254098415,-0.1157830283045768,0.6769788265228271,0.193166971206665,0.2563250958919525,-0.5997396111488342,-0.5158461928367615,0.6794787645339966,0.4471501111984253,-0.1428871601819992,-0.031478077173233,0.4068558514118194,-0.15891133248806,-0.0096568493172526,-0.7697862982749939,0.1979604065418243,0.3812753856182098,0.1119302734732627,-0.1508769989013672,0.092798575758934,-0.2917239964008331,0.0856456458568573,0.0926432013511657,0.1707013547420501,0.5206187963485718,-0.743687093257904,-0.0502448417246341,0.0522429123520851,0.8600127696990967,0.8047516942024231,0.4540750682353973,0.0550342835485935,-0.2378327548503875,0.2510644495487213,0.7954850196838379,0.4641810953617096,-0.1454514563083648,0.0224768798798322,-0.1577703207731247,0.5330590605735779,0.2399826198816299,-0.1744367033243179,-0.0078560700640082,0.2891948521137237,0.2068371325731277,-0.1853278279304504,0.6378749012947083,0.7026211023330688,0.1643740087747573,0.2274199575185775,0.1122594624757766,1.0803776979446411,0.0167354959994554,-0.1720712631940841,-0.6439107656478882,-0.0693342164158821,-0.3772121667861938,0.0281704869121313,0.0341115146875381,0.1204939261078834,0.3888536691665649,-0.26344895362854,0.2356073856353759,0.1882521957159042,-0.141860157251358,0.3511867523193359,-0.5903806090354919,-0.4722960591316223,-0.1884626150131225,0.0787147358059883,-0.7799350619316101,0.4340822100639343,0.3551900088787079,0.4194347858428955,-0.1693917661905288,-0.418043315410614,0.0821450799703598,-0.1838152557611465,-0.1405083686113357,-0.1368604600429535,0.2683771848678589,0.0035926848649978,-0.3261288106441498,0.1754208654165268,-0.4795490205287933,-0.4578913748264313,-0.0307402648031711,-0.9618868231773376,-0.1040217950940132,-0.1706620752811432,0.563137412071228,-0.1736572682857513,-0.0861991345882415,0.1741252243518829,-0.0278803668916225,-0.1509958058595657,-0.1282553821802139,-0.5938723683357239,0.4089792668819427,0.0829112455248832,0.1023548021912574,0.3406684398651123,0.322893887758255,0.223098412156105,0.3688583970069885,-0.5460566282272339,0.0554232895374298,-0.6036502718925476,-0.3188444375991821,0.6694896221160889,-0.1693537682294845,0.2791080772876739,0.0025752088986337,-0.1787163913249969,0.542557954788208,-0.2638455331325531,-0.5683379173278809,-0.1815653145313263,0.6087106466293335,0.0767980962991714,0.6428160071372986,0.3767095804214477,0.7915942072868347,-0.1173194795846939,0.4403795003890991,-0.0117283333092927,-0.0706030502915382,0.4441592097282409,-0.6632746458053589,0.086125947535038,-0.0458831451833248,0.1410325169563293,0.4225548207759857,0.2312281280755996,0.1681516319513321,0.2723524868488312,0.204196348786354,-0.1137217283248901,0.2081228494644165,0.2457365095615387,0.4334879219532013,-0.3478754460811615,-0.6161081194877625,-0.3627859354019165,0.0360947698354721,-0.4686858057975769,-0.1440361589193344,0.6839170455932617,-0.0683362036943435,0.0923455953598022,-0.230743795633316,-0.726019024848938,-0.4816818833351135,-0.4784334897994995,-0.2105551660060882,0.0735890418291091,0.4203126728534698,0.572357177734375,0.0075897825881838,-0.9132795929908752,0.3101041913032532,0.1929487884044647,0.4606478214263916,0.1261327117681503,-0.2455170452594757,-0.1573473215103149,0.0669548138976097,-0.0716644003987312,-0.1940649151802063,0.1808452606201172,0.0132692204788327,-0.0506711341440677,-0.4842084348201751,0.1540281176567077,-0.2623700499534607,0.147505834698677,-0.2539973258972168,0.5185579657554626,0.1032202765345573,-0.7609311938285828,-0.3099862039089203,0.1274624466896057,-0.2596737444400787,-0.130606472492218,-0.6116222143173218,0.1900205761194229,-0.3813090324401855,-0.1310446858406067,0.289544016122818,0.5359349846839905,-0.292400449514389,-0.1346074938774109,0.3891332149505615,0.569875955581665,-0.0460829734802246,0.0397218838334083,-0.0701807290315628,-0.2849186658859253,-0.1758468896150589,0.042526826262474,-0.1490150094032287,-0.1989455670118332,-0.0196695402264595,-0.7796398997306824,-0.2522390782833099,0.0596350096166133,-0.8661103248596191,0.6774477958679199,0.1855203956365585,0.5301793217658997,-0.5003162026405334,-0.0892804190516471,-0.2446640431880951,-0.055185467004776,-0.0067036617547273,0.4187356233596802,-0.0389188192784786,-0.7822460532188416,-0.0678139701485633,-0.4740712940692901,-0.4957434237003326,0.4799340665340423,0.3959895372390747,-0.403847336769104,0.0971675738692283,0.3388460874557495,-0.2263126224279403,-0.14765365421772,0.0829782858490943,-0.1345392167568206,0.1110608279705047,0.2892637252807617,0.0348658375442028,0.2147877961397171,0.2842249870300293,-0.3344732522964477,0.1853161603212356,0.2598049938678741,0.6585676670074463,0.2961028516292572,-0.0005682099144905,0.0101207103580236,-0.0323925204575061,-0.557614266872406,0.4538787305355072,0.2717209458351135,0.5444968938827515,-0.3912653625011444,0.6192585825920105,0.6213282346725464,-0.4582399129867553,0.3543581068515777,0.6622916460037231,0.4146571457386017,0.3334271311759949,-0.0352933555841445,-0.0612291432917118,-0.7317131757736206,0.2767074108123779,-0.030510202050209,0.2554322183132171,-0.0355859622359275,-0.03243850171566,-0.1068602353334426,-0.2455630004405975,0.0175148211419582,0.3637334406375885,0.3277826011180877,0.1446813493967056,0.3021716773509979,-0.377583771944046,0.4751031100749969,0.4331249892711639,0.0210160855203866,-0.1459994614124298,0.2460961192846298,0.3802261054515838,0.6374589800834656,0.0314390994608402,0.3572412133216858,-0.2072588503360748,-1.0218791961669922,0.0856554731726646,0.0102315852418541,0.3644465208053589,0.5951054692268372,-0.5780338048934937,-0.2023299187421798,0.1860213130712509,0.5037203431129456,-0.2873859405517578,-0.0941149368882179,-0.4399446547031402,0.1732430458068847,0.2615323066711426,-0.1303068548440933,0.0727578476071357,0.1291072368621826,0.3212997913360595,-0.1634944677352905,0.1456749439239502,0.2130679488182068,0.7299164533615112,0.1362379342317581,0.0912676230072975,0.0425005368888378,-0.2699767649173736,-0.4450969099998474,0.0519218407571315,0.0658692419528961,-0.3387294709682464,-0.4071281552314758,0.0378243289887905,-0.3907216489315033,0.1473091691732406,-0.2990520000457763,0.2549092173576355,0.3078309893608093,0.057633202522993,-0.0366539470851421,-0.4790743589401245,-0.0632993876934051,-0.0242817495018243,-0.7737974524497986,0.0951301604509353,-0.2579847872257232,0.1720798462629318,-0.2192899286746978,0.0213155206292867,-0.4729840755462646,-0.2633458077907562,-0.367784172296524,0.5505667924880981,-0.1218723282217979,-0.4214291572570801,0.4173358082771301,0.3114523291587829,-0.1264443844556808,-0.9922773838043212,0.3278978765010834,0.3606756329536438,0.5684622526168823,-0.2312356829643249,0.509494423866272,-0.3745315074920654,0.2229006588459015,0.1008925884962081,-0.4160842299461365,0.5262504816055298,-10.464190483093262,-0.4213390946388244,-0.4990895688533783,-0.2991828024387359,-0.523726224899292,0.3393937647342682,0.6275897026062012,0.3310806453227997,-0.4008956253528595,0.1503154784440994,0.0772168710827827,0.4325231611728668,0.3527701199054718,0.3085150718688965,-0.5929360389709473,0.1288890391588211,-0.3219438791275024,-0.482525885105133,0.0016949117416515,-0.2160532176494598,0.1131066754460334,-0.6644826531410217,0.5310324430465698,0.5345878601074219,0.1479681879281997,-0.1676557660102844,-0.139973372220993,0.4004792869091034,-0.031229430809617,0.2987416684627533,-0.8072220683097839,0.4482598602771759,-0.1692170053720474,0.4520938098430633,-0.2333208620548248,0.0534967370331287,-0.2512939572334289,0.5023176074028015,0.0249905418604612,0.3453520238399505,0.3133562207221985,0.4285598397254944,0.0775187611579895,-0.117707647383213,-0.2019536346197128,0.3702673316001892,0.1418785601854324,0.3137893378734588,0.5656222105026245,-0.0047943969257175,0.0482669658958911,-0.1866386830806732,-0.2593395709991455,-0.3541021943092346,0.2779557704925537,-0.0045330733992159,0.7600528597831726,-0.7735229134559631,-0.0309431999921798,0.1052391529083252,0.3330523669719696,-0.145843043923378,0.9523369073867798,0.8970859050750732,0.2635754644870758,0.160239428281784,0.4378549754619598,0.3983334004878998,-0.3247032165527344,-0.1075038537383079,0.3310868144035339,0.5564315915107727,-0.0966658219695091,0.2015350461006164,0.1424711048603058,0.7568235397338867,0.0272642467170953,-0.2367813438177108,0.2114190310239792,-0.2960522174835205,0.4381178021430969,-0.1655402332544326,-0.2865816056728363,0.1388946920633316,-0.6065528392791748,0.2488703578710556,0.0686032027006149,0.3074870109558105,0.1111298725008964,-0.5870758891105652,0.4450457394123077,-0.1704249233007431,-0.2904482185840606,0.4092161357402801,0.2255211770534515,-0.2218035459518432,-0.1488069295883178,0.3035394251346588,0.3374594748020172,0.0487138368189334,-0.73481065,-0.7942888,1.0026205,1.8867369,-0.95558417,-0.7359365,-1.4599097,-0.007957095,1.1140653,-1.010083,0.22194454,0.38286924,-1.3586407,2.294767,-0.14105934,0.25311977,0.9927677,-0.17714624,0.073061645,-0.48202997,0.6702068,0.65754503,1.2053034,-0.30585426,0.6783482,0.5322539,0.6276464,-0.31648618,-0.11410381,-0.4551955,0.2757908,-0.5071998,-0.81589097,-0.5619519,-0.488321,-0.5868912,-1.0958035,1.2903702,0.6420614,-0.576199,-1.1086917,0.5969103,-0.15873604,-0.585027,-0.9464933,-0.34202814,1.4547632,-0.44331083,0.22091451,-0.11089542,-0.48068523,-0.25137097,0.8517499,1.1178167,0.85972786,-0.18153319,1.2290621,0.67190236,-0.25948334,-0.6178068,0.9561647,0.8351253,-1.033948,0.4789405,0.5786787,0.9940052,-0.08917884,-0.60015285,-0.35325187,-0.54955196,-3.0253594,-0.2693401,0.435227,1.4490634,-1.0351083,0.6977058,0.16536954,-0.5512313,0.32360405,0.05658148,-0.22166666,0.11307176,-1.059696,1.0644616,-0.80544025,-0.50478107,-0.2822707,-0.08932461,-1.3771034,0.17373435,0.19444932,-1.6413543,-1.9604412,-1.3979834,1.0012357,-0.24304481,-0.7024564,-0.97142124,-1.5559428,-0.2655483,0.078958586,1.3464657,-0.33226317,0.024075484,-1.2892841,-0.014969161,-0.8763534,-0.5497719,-0.9072348,1.1023213,-0.37960082,0.75048196,0.663309,1.8687909,0.8787514,0.83135605,-0.23976025,-0.6623694,-0.624317,0.41761246,1.240418,0.28439903,-0.7620992,0.43397608,0.06632353,1.1421186,0.37128583,-0.82822955,1.0247848,-0.34675542,-0.14980748,-0.77543616,1.6457192,0.97537625,-0.8290852,-0.24153933,-0.7049037,0.3848481,0.40566522,-0.3614975,-0.65494686,-0.29808947,-0.050415706,-0.39650655,0.36050493,-1.9072526,-0.21256459,1.1144335,0.7246555,-0.24214955,0.14188585,-0.5412755,-0.99409235,0.8583622,0.27025378,-0.22435999,0.55281514,-0.092827715,-1.4172155,1.0484045,0.6773325,0.6816667,-0.9355723,-0.022266865,-0.38167253,0.6278721,-0.9446689,0.90491694,-0.30615455,-2.26362,-0.48089576,-0.3087555,0.65298015,0.107724406,0.25439402,-0.28127545,0.9533979,-0.031543743,-1.1922624,-0.16052175,0.6492437,1.166715,0.13362534,1.1789575,0.040564567,0.42180723,0.6971991,0.16772875,0.48771858,0.5707024,0.35459572,-0.7713043,0.81213456,0.9244294,1.4154713,2.062678,0.73428786,-1.3939555,-1.1270641,0.90122473,-2.0719666,-0.21145329,0.5664299,-0.6447213,1.8127083,-0.7586667,-0.8574437,1.8200846,0.17866227,-0.14913473,-1.1965503,-1.1439116,1.131582,0.4413345,-0.6233999,-0.25350836,-0.7887309,0.11978687,-0.5796289,-0.524211,0.309622,-0.10379688,0.47884664,1.492691,-1.4562938,0.5191653,0.45470697,0.7740857,0.11273918,0.9519825,-0.9666476,0.17569654,0.31558487,-0.7216036,-0.3858921,0.025639141,-0.46623564,0.6156236,0.026240075,0.49945173,-0.01916052,-0.8293827,0.15088251,-0.49547586,0.5326335,0.4388689,1.5239677,0.4374555,-1.0649445,0.13039991,0.43344727,1.0723411,0.43979406,0.0018072873,0.9369733,0.34280068,-0.089484885,0.19710776,-0.6726224,-0.14605746,-0.45639324,0.83540744,0.31632546,0.2823699,0.5219685,-0.8012228,-0.61755544,-0.030792141,0.036733817,-0.98233163,-0.8911499,-0.6024399,-1.2828152,0.18124287,-0.3016889,-0.021260941,-0.7938837,-0.36120266,-1.5995582,-0.42241353,1.0246031,-1.5340774,-0.72712076,0.46800295,0.07988584,0.8186946,-0.34366265,-0.23828654,0.04482572,0.49531054,-1.2838864,0.8552562,0.49965113,1.0004598,1.0654973,0.341779,1.0304859,-0.83821326,0.38018307,-1.1752491,0.3500687,1.2511744,-1.2658036,0.75310034,-0.2539173,0.13437593,0.45469397,-0.99079084,-0.46769327,-0.47821584,0.23498237,0.035823654,-1.5306466,1.82846,-2.0059044,1.6657718,-1.8110912,-0.30697614,-0.44413108,-0.45885116,-1.290233,0.8231366,0.55563843,0.004288744,0.31689423,0.36141604,-0.1092932,0.6152708,0.89483756,0.307397,-0.34364137,0.9234992,-0.48149595,-1.3974968,0.36428943,0.81691873,-0.81522834,-1.717728,-1.6285763,-0.30253947,0.33659774,-0.27110907,-0.25404945,1.0755451,-0.14143923,1.0017774,-0.90923834,0.22790833,0.06533818,-0.77732605,1.1846778,0.07371817,1.181994,-0.5495824,-0.6295454,0.27777687,-2.1255658,-0.53467166,-0.5834281,1.2371211,0.083529525,0.40463716,0.4523177,-0.1410878,-0.4944459,-0.29651386,0.8274991,0.023966277,1.8349537,0.84417975,-0.5445445,1.9872004,0.61729115,-0.09388466,-0.25781924,-0.27639508,1.6071432,0.414205,-0.2752073,-0.15258023,-0.43288785,-0.34106582,0.40023574,0.021916091,-0.1338997,-0.29839712,0.85268056,0.41937643,-1.4028906,-0.94783545,-0.57467616,0.23198803,1.3051116,1.7666792,1.4512287,0.081896976,-1.0471742,-1.7779257,0.33634347,0.7951829,0.5906898,0.5769741,-1.5388983,0.30390638,0.32957798,-0.054666787,-1.4173632,-2.0641556,1.8169798,-0.0243958,0.2139928,1.2944181,-0.823925,-1.5212618,-0.22229552,0.82077485,0.39533448,-0.7930141,-0.3138191,1.0854433,-1.2514349,1.1414788,0.65351224,0.09636961,0.2476261,-0.4317112,0.6371177,0.44766322,-0.48547283,-0.72028303,0.04812665,0.7466149,-1.0337907,-0.541771,0.9753569,-1.8025177,0.5972811,-0.70602477,-0.51429754,0.27342236,-0.8917869,-0.49145404,-0.7989348,0.08566849,-1.0669935,-1.2878509,-0.047422063,-1.4740343,-1.6286719,0.83540136,1.408282,-1.2912489,0.4504221,0.49459726,0.12551929,0.309879,0.05912546,-0.19155657,0.6062882,-0.403375,-0.53183806,-0.13149926,-1.0511427,-0.90428674,0.34432822,-1.4496949,-1.167073,1.0924472,0.7470852,-1.8639133,-0.7635929,0.09700016,-0.22344318,0.4126347,0.18814316,0.059525013,0.34600654,-0.40502,-0.08415753,0.11098705,0.72534215,-0.13434301,-0.52987367,0.53251046,0.09273108,0.10738945,1.797755,0.0144494,0.19068001,1.0028036,0.39062643,-0.866531,0.8126596,0.2778173,-0.28366747,1.1096554,-1.7103081,-0.83358526,1.1559474,-0.16469702,-1.0365986,-0.47941065,0.73828894,0.018657932,0.025304928,0.3816482,1.2698988,1.1486391,1.0295501,1.8344212,-0.7754328,-0.60662764,-0.61459434,0.30011693,-0.7006434,-0.7172954,0.5343181,0.5223359,2.3339133,-0.5257622,0.34676236,0.7593449,-0.7899995,-0.7369032,0.20763186,0.5636848,-0.8618909,-0.82775533,0.07938394,-0.898421,0.077127896,-1.7772744,-0.6586654,0.45790577,0.8148791,-0.7136983,-0.2302062,0.45581785,0.23750457,-0.85715324,0.74648774,1.3700746,1.0452077,0.015129685,-1.1490989,0.27562362,-0.86351097,-1.4872001,-0.18082789,-0.34116846,-0.19764988,0.4349274,-0.49074847,0.10545882,-0.8509501,-0.40995136,1.5290598,-0.04537458,-0.052591592,0.12627065,-0.43194094,1.5193313,-1.031706,-0.20306113,1.1398418,1.0681506,-1.6212038,0.6495779,-1.2132834,0.21062036,-0.81418735,0.8284607,0.9086601,0.67284477,-0.22684753,1.3002901,-0.64122295,-0.6363214,-0.079038516,0.46007165,-0.13668926,0.59496945,-1.6596043,0.9822893,-0.93106574,-1.0200062,-0.100259684,0.90802634,-0.29034212,-0.037590377,-0.27069938,0.38700888,0.27247754,-0.9364111,0.9381259,1.9474388,-0.22941537,-0.503899,0.7649647,0.5900024,-0.7014152,-0.18174443,2.3583093,0.41478103,1.038009,-0.63943547,-0.74486995,-0.14371367,0.03454553,-0.80895865,-0.5340358,-0.6045946,-0.42056757,0.91365606,-0.21881576,0.8185731,-1.3388236,-0.24131973,0.88703024,-1.0854303,0.35200492,0.5537137,-0.86820525,-1.3082993,-0.9968521,0.7260872,0.26352078,-0.44557676,-0.20066872,0.5236963,1.6023213,0.7011272,-0.39366293,-0.62632054,0.54728067,1.1273805,0.819234,-0.55946416,-0.7702644,1.1823895,1.8970277,-1.0738304,0.6802109,-0.27941188,-0.10736318,-1.8516592,0.60303897,0.35595623,-0.040015914,1.6010001,0.6281536,0.15966582,0.43840083,-0.5873095,0.32797623,-0.15233396,-0.8043691,-0.026715443,0.39909515,-0.68415946,-0.087728456,-1.0221541,0.052876495,-0.1207842,0.6741002,-0.24162826,0.4279623,-0.16312382,0.48966497,0.5101343,-0.14700225,-0.79452896,-0.43897972,-0.7479859,1.7687619,1.1465234,-0.006260127,-1.5535287,-0.2630768,0.96164215,0.3536313,-0.19796361,0.46338868,0.17260092,-0.7239219,-0.44809064,-1.03653,0.045028657,0.4048078,0.9969206,-0.5102157,0.8492153,-1.7142608,0.72325623,0.02809297,-1.2446182,-0.06031118,-0.018625543,-0.8241161,1.344922,0.5235427,0.3054958,0.120657004,1.0169955,0.80673105,0.10240593,-0.47498322,-1.281678,0.9776004,1.1006353,0.334268,-0.7333001,-0.35167783,0.15815148,-0.41117415,1.7080774,-0.46047392,-0.5697424,-0.5916462,-0.16738608,-1.0527949,-0.114890814,-0.7224765,-0.3845312,-0.9248573,0.18673134,-0.6344881,-0.24342099,0.51580846,-0.23100142,0.45746678,0.35869962,1.1890352,0.94892085,0.7311382,0.16938171,-0.6256927,-0.12870607,-1.0571737,-0.17732188,0.77804065,-0.90736705,-0.14590794,-0.3600879,0.70343506,1.8731225,0.20873506,-0.4832093,0.0347914,0.29255283,-0.13077058,0.20751485,-0.40025848,-0.56766206,0.29166278,0.003437686,0.527374,-1.295756,-0.5051009,-0.22998329,0.7183621,0.41438502,0.82402134,0.0635732,0.6549222,1.2354305,1.0361886,-0.76571083,,,,,,,,,,,,,,,,,,,,,,,,,,,,,,,,,,,,,,,,,,,,,,,,,,,,,,,,,,,,,,,,,,,,,,,,,,,,,,,,,,,,,,,,,,,,,,,,,,,,,,,,,,,,,,,,,,,,,,,,,,,,,,,,,,,,,,,,,,,,,,,,,,,,,,,,,,,,,,,,,,,,,,,,,,,,,,,,,,,,,,,,,,,,,,,,,,,,,,,,,,,,,,,,,,,,,,,,,,,,,,,,,,,,,,,,,,,,,,,,,,,,,,,,,,,,,,,,,,,,,,,,,,,,,,,,,,,,,,,,,,,,,,,,,,,,,,,,,,,,,,,,,,,,,,,,,,,,,,,,,,,,,,,,,,,,,,,,,,,,,,,,,,,,,,,,,,,,,,,,,,,,,,,,,,,,,,,,,,,,,,,,,,,,,,,,,,,,,,,,,,,,,,,,,,,,,,,,,,,,,,,,,,,,,,,,,,,,,,,,,,,,,,,,,,,,,,,,,,,,,,,,,,,,,,,,,,,,,,,,,,,,,,,,,,,,,,,,,,,,,,,,,,,,,,,,,,,,,,,,,,,,,,,,,,,,,,,,,,,,,,,,,,,,,,,,,,,,,,,,,,,,,,,,,,,,,,,,,,,,,,,,,,,,,,,,,,,,,,,,,,,,,,,,,,,,,,,,,,,,,,,,,,,,,,,,,,,,,,,,,,,,,,,,,,,,,,,,,,,,,,,,,,,,,,,,,,,,,,,,,,,,,,,,,,,,,,,,,,,,,,,,,,,,,,,,,,,,,,,,,,,,,,,,,,,,,,,,,,,,,,,,,,,,,,,,,,,,,,,,,,,,,,,,,
レ,0.2117905616760254,0.3121479153633117,0.1562394052743911,-0.4629254937171936,0.390045017004013,0.6337048411369324,1.0881186723709106,-0.0056463740766048,-0.170766532421112,0.2530775070190429,0.6528356075286865,0.053628459572792,-0.7730659246444702,-0.2084768563508987,0.4089568257331848,-0.0193083435297012,0.1951612681150436,-0.4578574299812317,-0.0257242247462272,-0.4039571285247803,-0.5136355757713318,-0.4371971487998962,-0.2878850102424621,0.3597573935985565,0.1924660056829452,-0.4333652853965759,-0.1642439216375351,0.3598285317420959,-0.0201904531568288,-0.3537894785404205,-0.3706084787845611,-0.6533679962158203,-0.0840082913637161,0.4723851084709167,-0.1644032001495361,0.1478106081485748,-0.4614156186580658,-0.0633785501122474,0.2761993110179901,0.1682424694299698,-0.2041605561971664,-0.1320968568325042,-0.3423800766468048,0.1460325717926025,-0.2512882351875305,0.4133539497852325,0.3870049118995666,0.3073773384094238,0.2511691153049469,0.1017490625381469,-0.1659357547760009,0.5354239344596863,0.6021973490715027,0.214505910873413,0.6727899312973022,-0.0370636135339736,0.5682512521743774,-0.453531414270401,0.0494370274245739,0.5928423404693604,-0.8040894269943237,-0.2667853832244873,0.0847482085227966,0.0541311167180538,-0.1311788111925125,0.3645936846733093,-0.4003202021121979,0.2563729286193847,0.4196657538414001,-0.7329273223876953,-0.1027000322937965,-0.2460679113864898,-0.0022000323515385,-0.5061097741127014,0.6372314095497131,-0.4907719492912292,0.4082140028476715,-0.074129618704319,-0.114414557814598,0.2069182693958282,0.012067012488842,0.2968576550483703,-0.3160325288772583,-1.097111463546753,-0.2134551107883453,0.2338538616895675,-1.173737645149231,-1.1753193140029907,-0.0394072346389293,-0.3731411695480346,0.1852198988199234,-0.1904119402170181,0.435625821352005,-0.0377321727573871,0.5285615921020508,-0.0480665490031242,0.3765734732151031,0.1472355723381042,-0.1908144056797027,-0.0546784065663814,-0.1798648685216903,-0.0182770062237977,0.4567586183547973,0.1206191182136535,-0.0694888085126876,0.1795269399881363,0.1035706922411918,0.0889171138405799,0.2194969058036804,0.5488621592521667,-0.4589234292507171,-0.4545409679412842,-0.325635015964508,-0.2903561890125274,0.1370228826999664,-0.2432741969823837,-0.013943457044661,0.6212024688720703,-0.2832382917404175,0.495013028383255,-0.0310995671898126,0.2136048674583435,-0.0224200654774904,-0.4056636691093445,0.1096756383776664,0.183357760310173,0.3710129261016845,-0.2452258169651031,-0.4354148209095001,-0.6802359223365784,-0.7039884924888611,0.2010551840066909,-0.4142521321773529,-0.1985100358724594,-0.5413119196891785,0.4767827093601227,0.0654575526714325,0.1358018219470977,-0.2063749730587005,-0.3627025485038757,-0.8911032676696777,0.5506511330604553,0.438832014799118,-0.273552805185318,0.3570392429828644,0.1536500006914138,-0.1083672046661377,-0.3018442392349243,-0.2961812019348144,0.3656904101371765,-0.0461749397218227,1.0829944610595703,-0.8864209651947021,-0.0287730749696493,0.1134048253297805,0.1907553821802139,-0.8784778714179993,0.0868647620081901,0.1610970199108123,0.2160707116127014,0.1833815276622772,0.1909985095262527,0.4241929054260254,0.7586808204650879,0.1739982813596725,0.4192627072334289,0.1723813563585281,-0.0471206419169902,0.4602500796318054,0.9334534406661988,0.8026925325393677,0.5906803011894226,0.639782726764679,-0.2721291482448578,0.3720037043094635,0.4919886887073517,1.0868557691574097,-0.2087391912937164,-0.0418818779289722,-0.6689278483390808,-0.1778179258108139,0.0538549572229385,0.2513146698474884,-0.7792330384254456,0.4287604987621307,-0.1392896771430969,0.4771264791488647,-0.0090097831562161,-0.3297283053398132,0.2227344959974289,0.0094362776726484,-0.4763235747814178,0.2744381725788116,-0.607636034488678,-0.5660531520843506,-0.0383359305560588,-0.22992804646492,0.2989507615566253,-0.9946051239967346,0.3439550995826721,0.2811705470085144,0.3484592735767364,-0.254391998052597,-0.6050919890403748,-0.7902008295059204,-0.6910585761070251,-0.3287214934825897,0.5906696915626526,0.2161250859498977,0.4580504596233368,-0.2027396857738495,0.0301326997578144,0.1133935302495956,0.0562979727983474,0.6823331117630005,-0.2002899348735809,-0.2363249957561493,-0.3913510143756866,0.0205564927309751,-0.4403732419013977,0.3192100524902344,-0.3495998978614807,-0.009989277459681,-0.4206234812736511,0.0727967247366905,0.4092780649662018,0.0604039318859577,-0.725088894367218,-0.0453305095434188,0.1212045028805732,-0.50876384973526,-0.3219232559204101,-0.8828571438789368,-0.0466342270374298,-0.6770942211151123,-0.2274266928434372,-0.5287619233131409,0.2713801562786102,-0.1003837138414383,0.2023546248674392,0.2903120219707489,-0.2930779457092285,0.3587330877780914,-0.4666865468025207,-0.2536720335483551,0.074148453772068,-0.0106865931302309,-0.1501522213220596,0.0824689120054245,0.0169533267617225,-0.6542825102806091,-0.5562083721160889,0.2805315256118774,-0.5249534845352173,0.6291301846504211,0.9267294406890868,0.21297487616539,-0.3866842985153198,-0.1404792368412017,-0.288277268409729,-0.7538468241691589,-0.601349949836731,0.0103062717244029,0.3493134677410126,0.1735527068376541,-0.3601993322372436,-0.0170882865786552,-0.3899780213832855,-0.8496482372283936,-0.6786832213401794,0.1216450110077858,-0.5447189211845398,-0.3879033327102661,-0.3882520198822021,-0.0639475882053375,-0.3947062492370605,-0.511833131313324,0.7816256880760193,-0.2746819257736206,0.8129878640174866,-0.2570967078208923,0.5210279822349548,-0.5014829635620117,-0.3582293689250946,-0.158339262008667,0.2937005758285522,-0.5816053152084351,-0.6316881775856018,-0.5704381465911865,0.8124696612358093,0.2561964094638824,-0.440510630607605,0.1523504108190536,-0.1696689575910568,-0.0151950847357511,0.6570547223091125,0.4608457386493683,-0.1510151326656341,0.1986656337976455,-0.0571198500692844,0.8234789371490479,0.2076254040002823,0.2605276107788086,0.1412676274776458,-0.2337222248315811,-0.1798868328332901,-0.4096819758415222,0.2393898367881775,0.59272301197052,-0.6546981930732727,0.2645640671253204,0.6658354997634888,-0.7613349556922913,0.2999995052814483,0.6035934686660767,0.4401136934757232,-1.7423064708709717,-0.2082479149103164,0.4116913974285126,-0.2186864763498306,-0.4679799675941467,0.4473115801811218,0.4502532184123993,0.7448415160179138,-0.5643852353096008,-0.5384001135826111,1.0851515531539917,0.2082655280828476,-0.3983623087406158,-0.2841724455356598,-0.2714442312717438,0.1411837190389633,0.4094347953796386,-0.4377382099628448,0.1247440576553344,0.5907484889030457,-0.6012083888053894,-0.2039415091276168,-0.2876340746879577,-0.4809634089469909,-0.0262211672961711,0.7633470296859741,-0.075466550886631,0.5890293717384338,-0.2061975598335266,-0.1386841088533401,0.2512601613998413,1.264856457710266,0.5821037888526917,0.93707013130188,-0.4061785638332367,-0.6914047598838806,0.4056395590305328,0.2793618142604828,0.1423254907131195,-0.6553160548210144,-0.0359991714358329,-0.0283814463764429,0.2449005991220474,0.1190508976578712,-0.3288580775260925,0.28451868891716,0.5118301510810852,0.2192897796630859,-0.233976274728775,0.2867506146430969,1.069006085395813,-0.1219416260719299,0.2690666019916534,0.3371084332466125,0.4463232159614563,0.4316133856773376,-0.0512827150523662,-0.4483082592487335,0.29629847407341,-0.5646525621414185,0.4489177167415619,-0.1907517462968826,-0.2698413729667663,-0.0424539856612682,-0.1356954723596573,-0.408144474029541,-0.0640518814325332,-0.5696301460266113,0.3332100212574005,-0.5208150744438171,-0.619455873966217,-0.3639467358589172,0.2954423129558563,0.0026043504476547,0.6866918206214905,1.0783627033233645,0.3762382566928863,-0.8407120108604431,-0.507274329662323,0.2698727548122406,-0.7400119304656982,0.3487202227115631,0.2924391329288482,0.5262200832366943,-0.1461356431245803,-0.323804497718811,-0.6992824673652649,-0.4243197739124298,-1.0018885135650637,-0.0689015761017799,-0.480664849281311,-0.1328684985637664,-0.1876741498708725,0.7842838764190674,0.0377273298799991,0.1313119530677795,0.3743707239627838,0.2357375621795654,-0.6334706544876099,-0.6373453140258789,-0.5296012759208679,0.2665390372276306,0.4465913772583008,0.4130094349384308,0.0935427695512771,0.5246568918228149,0.3604332506656647,-0.0425687171518802,-0.011022157035768,-0.0592614971101284,-0.0506973788142204,-0.4688891470432281,0.3955124020576477,-0.3827786445617676,-0.1108361631631851,0.4715938866138458,-0.1808754056692123,1.0932482481002808,-0.0078852931037545,-0.2660831212997436,0.2142315953969955,0.0394428186118602,-0.339678555727005,0.9833305478096008,0.1910279095172882,0.6934505105018616,-0.1560267508029937,0.4660097658634186,-0.1687406152486801,-0.1363796442747116,0.2893185019493103,-0.5636420845985413,-0.1794018447399139,-0.0232059769332408,0.1538005173206329,1.2400097846984863,0.2166386842727661,0.0475354567170143,-0.2214215546846389,0.1919677853584289,-0.0871589183807373,0.5178384780883789,0.0164071805775165,0.0822151228785514,-0.3610912263393402,0.3841187357902527,-0.35410276055336,0.0314372777938842,0.0443949177861213,0.1305703073740005,0.2442099601030349,0.1803862005472183,0.513420045375824,-0.7066293954849243,-0.6802232265472412,-0.3787112832069397,-1.3109487295150757,-0.0961420834064483,-0.8008319735527039,0.4020715951919555,0.325710654258728,-0.0016069839475676,-0.692893385887146,0.7900252342224121,0.2716479897499084,0.206939697265625,-0.0380356349050998,-0.4027062058448791,-0.5269857048988342,0.1135526448488235,-0.2245398461818695,-0.2606668472290039,0.2763649523258209,-0.2637712061405182,-0.8331787586212158,-0.7691138982772827,-0.1423832923173904,-0.4964363873004913,0.264447420835495,-0.4332245886325836,0.3284108340740204,0.5426124334335327,-0.9385073781013488,0.071190021932125,-0.3312522768974304,0.0120897646993398,-0.0463244654238224,-0.559325635433197,0.1614034920930862,-0.2113488316535949,-0.1161987110972404,0.95692777633667,1.2726802825927734,-0.1538219898939132,0.0029803221113979,0.6464163661003113,0.4682768583297729,-0.1482464522123336,0.1678376644849777,-0.0586160384118557,-0.0777111425995826,-0.1361441016197204,0.4181005656719208,0.3951898515224457,0.4984116852283478,-0.1019718647003173,-0.9674118757247924,-0.3025701642036438,-0.0282127056270837,-0.7616608738899231,0.8480797410011292,0.1494771540164947,0.574199378490448,-0.5650086402893066,0.2550767958164215,-0.71798175573349,0.0653414502739906,-0.338440328836441,0.74214106798172,-0.1519326120615005,-1.04733407497406,-0.3789604306221008,-0.3384161293506622,-0.6560640335083008,1.1519591808319092,0.2975504696369171,-0.5317815542221069,0.2551583647727966,0.4731556475162506,0.587594211101532,-0.1619690656661987,-0.2609764635562897,-0.6079117059707642,-0.0017427069833502,0.5699704885482788,0.1860572397708892,0.1896099895238876,0.2328871637582779,-0.2601096034049988,-0.3143323361873626,0.9247277975082396,-0.1064913645386695,0.2154057919979095,0.0015762044349685,-0.1405285149812698,0.264834463596344,-0.3598867356777191,0.1251207739114761,-0.0151385283097624,0.3542501628398895,-0.390069842338562,0.8113157749176025,0.6534985303878784,-0.2982082664966583,0.1151459738612175,1.2175644636154177,0.2156867235898971,0.8101264238357544,-0.093058168888092,0.1702180951833725,-1.071484088897705,0.3220025599002838,-0.0250449869781732,-0.308299571275711,0.0345678962767124,0.3359158933162689,-0.0597240589559078,-0.0791508331894874,0.1835925281047821,-0.053082101047039,-0.0485626757144928,0.8922157883644104,0.0628977939486503,-0.5882019996643066,0.8489956259727478,0.2754040956497192,-0.5140018463134766,0.1326376944780349,0.0538741908967494,0.7396072745323181,0.7340333461761475,-0.0887859836220741,0.5723599195480347,-0.3434407114982605,-0.9113019704818726,0.3252838551998138,-0.3197488784790039,0.2648066878318786,0.6553521156311035,-0.8622150421142578,-0.280593603849411,0.5223824381828308,0.3255664408206939,-0.1454605609178543,-0.4469906985759735,-0.8115350604057312,0.1609253883361816,0.1230842843651771,-0.4953006207942962,0.0215020291507244,0.2967218458652496,0.9404445290565492,0.3575349748134613,-0.353697806596756,0.2374450266361236,0.5376483798027039,0.1128925904631614,-0.25223308801651,0.0698895826935768,0.0508544854819774,0.2926948368549347,-0.1915831416845321,1.0132564306259155,-0.1815376281738281,-0.3185296356678009,0.4014007151126861,-0.4614874422550201,-0.335044115781784,0.2220762223005294,0.3514877557754516,0.0488082766532897,-0.2461649477481842,0.2165629267692566,-0.3726502358913421,-0.1613164097070694,-0.0257273651659488,-0.8785126805305481,0.1489665508270263,-0.1107839569449424,-0.0734648555517196,0.2120403349399566,-0.1659501940011978,-0.5672335624694824,-0.3633099794387817,-0.148784264922142,0.2369097471237182,-1.0670300722122192,-0.3297955095767975,0.9113585352897644,-0.0460878871381282,-0.454724907875061,-1.180962085723877,0.6429499387741089,-0.1859851777553558,0.5636294484138489,0.0384793318808078,0.36334228515625,0.0295556746423244,0.2435443848371505,-0.0163167957216501,-0.4478264451026916,0.1281453818082809,-9.772605895996094,0.110378548502922,-0.2114382833242416,-0.7284467220306396,0.1296182870864868,-0.3700575828552246,0.7001084089279175,0.7799782156944275,-0.5736806988716125,0.0128816161304712,-0.2321074903011322,0.1512254625558853,0.4533787667751312,0.3117083609104156,-0.2548143267631531,-0.3484274744987488,-0.3227987289428711,-0.2580979168415069,-0.0072240582667291,-0.1067056730389595,0.0884802192449569,-0.6279972195625305,1.1601966619491575,-0.0601275265216827,-0.2139840424060821,0.0270081255584955,-0.6554216146469116,0.2716947495937347,0.2104493528604507,0.2712748348712921,-1.0500394105911257,0.6977638006210327,0.151515856385231,-0.1209724098443985,-0.076580174267292,0.0832716226577758,-0.1007737442851066,-0.1844314485788345,-0.9225881099700928,0.6244952082633972,-0.0883222818374633,0.5163093209266663,0.3374885320663452,0.0138079226016998,0.5462932586669922,-0.6015337705612183,-0.1600221395492553,0.1806127279996872,0.7666876912117004,-0.0352241285145282,-0.2134445756673813,-0.2163338810205459,0.1733295023441314,-0.1142399460077285,0.1532788574695587,-0.1431831866502761,0.3888608515262604,-0.5076041221618652,0.4852150380611419,0.052206628024578,0.5553498864173889,0.1538432836532592,0.2521722316741943,0.4677759110927582,-0.1824336647987365,0.6698675155639648,-0.0603947453200817,-0.019552357494831,-0.3212562501430511,0.0143888778984546,0.5347374677658081,0.4911537766456604,0.3025696575641632,0.1234117150306701,0.2065031677484512,0.4246428906917572,-0.1623638123273849,0.3432522714138031,0.1864597797393798,0.1211486309766769,0.506132185459137,-0.7597959637641907,0.1330552250146865,0.0247879140079021,-1.0006664991378784,0.411822110414505,-0.2997811436653137,-0.0139427538961172,0.2921960949897766,-0.4114124476909637,0.4698550701141357,-0.0569961778819561,-0.311755895614624,-0.0610242784023284,0.381321519613266,-0.0760421901941299,0.2164565622806549,0.293256402015686,0.102699339389801,-0.3387416005134582,-1.1204454,-0.5640139,0.98892266,1.8853809,-1.1435691,-0.38511562,-1.3773099,0.1591877,1.0795346,-0.48184547,0.8678155,0.32900417,-1.8271728,1.696998,-0.41129574,-0.17786585,1.3770589,-0.73196846,0.41750595,-0.074814804,0.21958677,0.072913535,0.5936956,-0.8614053,0.4241971,0.8778696,0.905535,-0.5200057,-1.0636569,-0.4563924,0.17046428,-0.48319924,-0.48095343,-0.7069387,0.7555055,-1.639661,-1.8342252,1.0846041,0.08133683,-0.38895682,-0.9771402,0.31901738,-0.3493236,0.11637356,-0.31479445,0.34998834,1.608482,-0.36817512,0.74071264,-0.12362948,-0.7328058,-0.3743639,0.25083628,1.0754048,0.39363542,-0.023097718,0.99149084,0.5773081,0.23203357,-0.31842342,0.2753733,1.2249215,-0.73276734,0.3481842,0.8770048,1.2101961,0.19789271,-0.83092815,-0.057638932,-0.6659334,-2.1190705,-0.4468775,0.15211229,1.3556002,-1.143541,1.0471027,0.21362935,-0.5299432,0.46964085,0.044224057,0.0065951347,0.06275449,-1.1172148,1.339346,-0.2747771,-0.4440106,-0.63642365,-0.070443034,-1.6398932,-0.35632166,0.08598151,-1.6118269,-1.4834151,-1.1744962,0.64336544,0.009281598,-0.8511321,-0.8411749,-1.550759,0.24664016,0.3455687,1.0790471,-0.5806909,-0.20643194,-1.3403168,0.17677204,-0.570373,-0.5901813,-0.31478703,0.35344604,-0.2594673,0.81828254,0.8392358,1.3922194,1.1426715,1.3996838,-1.194559,-0.6536265,-0.44306758,0.2582014,1.0629699,0.24250269,-0.97693324,0.6365053,0.35351261,1.11701,-0.06510713,-0.7432371,0.71643996,-0.06261381,0.6566593,-0.834907,1.2518038,0.7561962,-0.81627756,-0.70021105,-0.40090656,-0.2316304,0.2307717,-0.68862253,-0.62486595,0.22766949,0.2496155,-0.44685483,-0.2090223,-1.0443738,0.0178203,0.39348972,1.3368455,-0.113076635,-0.1821856,-0.11622467,-0.6814597,0.46218896,0.9502,0.009455283,0.5349851,-0.013985544,-1.5107514,1.0554458,0.3441937,0.596185,-0.88437456,0.000769342,0.12168494,1.0494367,-0.61080414,0.7530226,-0.93008584,-1.8925648,-0.48638138,0.6741822,0.24189907,0.08104783,0.4804034,-0.37243447,0.44145498,0.11174198,-1.1477917,0.3556733,0.814838,0.9964318,0.4894835,1.0049876,-0.21380608,0.14631751,1.0925204,0.7182419,0.24910851,0.17042923,0.8352215,-0.56378955,0.89165497,0.854331,1.3656956,3.172551,0.8395681,-1.4741269,-1.2576398,1.0650951,-1.7258581,-0.32625806,0.824336,-0.81538504,1.1305212,-0.7341917,-0.80585575,1.9533788,0.06174205,0.04997285,-1.1883065,-1.0284429,0.5640978,0.18925251,-0.49717793,0.0335468,-0.55039114,0.10553493,-0.21159965,-0.4335753,0.53124684,0.5340178,0.4674314,1.8274755,-1.2176867,0.37336123,0.47672024,0.19741161,0.091999404,0.24487734,-1.3874756,0.0032342523,0.33482587,-0.5614567,-0.26309052,0.29129988,-0.66896397,0.9207887,-0.50050974,0.2315216,0.07297793,-0.82337874,-0.0026164774,-0.19401138,0.65267533,0.35972044,1.6823584,0.6172487,-1.964255,-0.10211438,0.09149569,0.7658458,0.015896821,0.29881966,0.75196165,0.70673114,-0.4096451,0.23039943,-0.39073697,-0.5307671,-0.0067373514,1.1513554,0.24150564,0.67847735,0.29498962,-0.20371394,-0.6799493,0.4898388,0.40914908,-0.9643874,-0.6528889,-0.8681286,-0.929087,0.31596008,-0.34193125,0.55941075,-1.0554295,-0.68176144,-1.0028661,-0.23766287,0.7742838,-1.4846085,-0.7876184,0.008067007,-0.5406568,0.48588255,-0.22245724,-0.020523006,0.39212644,0.8924678,-1.9756289,1.1382943,0.4208959,0.62652105,1.1288352,0.31330407,0.9494447,-0.23549585,0.74362326,-0.7117522,0.7312682,0.3590853,-1.1111159,0.76043534,-0.10097764,-0.2518698,0.88378,-1.2479473,-0.31883588,-0.24671759,0.46605644,0.017553678,-1.2887634,2.2566073,-1.8641886,1.5823802,-1.6773201,-0.5842653,-0.36274704,-0.5039065,-1.5017079,1.3198824,0.54506284,0.015804281,1.2505195,0.048431326,0.035970792,0.46687052,0.2707369,0.4976243,0.22846512,0.48191366,-1.1051543,-1.3578233,0.053059753,0.59643036,-1.523599,-1.5045166,-1.4274594,-0.3242201,0.28458348,-0.72466105,0.51296276,0.5398764,-0.07086967,0.567128,-1.3289598,-0.46785644,0.16088738,-0.34653223,1.5731273,-0.11418622,1.3734056,-0.83216304,-0.9420157,0.37306428,-1.5625957,-0.2129821,-0.53217965,1.4132075,0.4727331,0.37285402,-0.16096939,0.30712184,-0.41646504,-0.54938287,0.62854266,-0.26240292,1.8695087,-0.028047225,-0.0529085,2.2119808,-0.1583563,0.88835025,-0.72793144,-0.3032912,1.3886137,0.23037161,-0.25621864,-0.6109597,-0.5953824,-0.4420773,0.07043788,0.3823174,0.27887988,-0.16891368,0.66238433,0.95933247,-1.2194748,-0.88177156,-0.5895346,0.6764687,0.84081054,1.7641205,1.4292048,0.23776358,-1.3873259,-1.6033545,0.10433889,1.3176441,0.48149177,0.15501069,-1.2998003,-0.16290452,0.54971224,-0.09598687,-0.8379156,-1.6943687,1.4528936,0.5807856,0.64818686,1.4625444,-0.8303556,-1.433,-0.43782702,0.35683632,0.14923573,-0.644306,-0.62511927,1.1549367,-0.6849496,0.8742607,0.75074667,0.74570423,-0.39549264,0.66182894,0.8524268,0.37568238,-0.7666104,-0.53000504,0.18397605,0.32212177,-1.3198723,-0.55880076,0.8776024,-1.819037,0.284324,-0.7514909,-0.30501813,-0.05910897,-0.6340865,-0.77124614,-0.51839155,-0.26661703,-0.6927309,-0.9364033,0.18496841,-1.1794853,-1.450154,0.6944079,1.8630948,-1.3928226,0.0857914,0.64971167,0.036725145,0.20433883,-0.34602883,-0.506197,0.39978746,-0.71842974,-0.55797225,-0.66090465,-1.1961836,-0.8105268,-0.2255665,-1.0060371,-1.4011191,1.3522476,0.8958931,-1.6913857,-1.0004567,-0.65400267,-0.34381148,0.76270086,1.1332538,0.37013474,-0.34230196,-0.41411296,-0.5731216,0.4925095,0.9670276,-0.09215745,-0.52614826,0.0012137009,0.08245555,0.39971733,1.527363,0.8377436,0.790826,0.5648896,0.6082564,-0.68584466,0.58259153,-0.30160978,-0.02841872,0.39245233,-1.8301234,-0.8442722,1.6260551,-0.47907433,-1.1441048,-0.2744831,0.47624382,-0.092404686,0.43009028,0.789197,1.4084982,0.917012,0.64019156,1.478073,-0.5289154,-0.65522283,-0.5563961,0.13539435,-0.7601621,-0.8452284,0.4585556,0.8627372,2.03534,-0.6145888,0.2258424,0.40509558,-1.2056936,-0.92221737,0.8621304,0.025868962,-0.55577326,-0.7146792,0.39556488,-0.6814099,0.29166853,-1.8757588,-0.41994652,0.0137767,0.709359,-0.22981565,0.3735063,0.3545383,0.61369616,-1.1654842,0.45683387,0.927574,1.1288475,0.13546398,-0.84683084,0.27735856,0.042242568,-1.5175371,0.012892435,-0.98002344,-0.6577988,0.1581958,-0.28967333,-0.53970927,-0.7176931,-0.29949215,1.5922521,0.20897476,-0.429557,0.64281636,-1.0861883,1.6285213,-0.4235119,-0.4117106,1.4464048,0.90464735,-1.2684532,-0.24190366,-1.1355208,0.070681594,-0.47013795,0.41161552,0.6755815,0.5824887,-0.61017394,1.8017182,-0.2708625,-0.1934262,-0.2857283,0.4917072,-0.35152057,0.5780446,-2.011367,1.0857323,-1.3360659,-1.176332,-0.061435837,0.9043253,-0.44606128,-0.11823664,-0.6473846,-0.03039061,0.92269546,-0.77879065,1.2070788,1.8247296,-0.88940746,-0.8314071,0.8779773,0.5919092,-0.46956253,-0.06862828,2.4767249,0.7426383,1.125979,-1.3913113,-0.3961579,0.42414674,-0.50441134,-1.0196619,-0.2708443,-0.11198277,-0.09774957,0.7305725,-0.64340895,0.7565538,-0.87443334,-0.053714085,1.1548249,-1.134318,0.46300307,0.31649992,-0.5425127,-1.0902866,-1.28186,0.68256325,1.1233525,-0.53514266,0.49445224,0.5475158,1.3722619,0.85730076,-0.5137456,-0.66102517,0.33568248,0.7031054,1.1595458,-0.89047545,-1.3974705,0.67107517,1.2514178,-0.27716017,0.8290102,-0.4162759,-0.00015604496,-1.8100309,1.56486,0.4605682,-0.20676626,1.328909,0.78698343,0.08801278,0.5367554,-0.609519,0.059461366,-0.8304157,-0.6894753,0.23432112,-0.024614392,-0.7213133,-0.6080108,-1.0697495,0.18774223,0.25198215,0.6535485,-1.6974711,0.19798772,0.03199483,0.4652083,-0.060249522,-0.15281422,-0.8292865,-0.7703797,-0.873327,1.7412285,1.2485384,0.08993947,-1.9022394,-0.47364864,0.7915439,0.5648323,-0.6687302,0.12152532,-0.07628266,-1.4524723,-0.17062593,-1.0200782,-0.17923616,0.2910748,0.92147154,-1.2656438,1.2149197,-1.4846429,0.79395294,-0.35319746,-0.90785885,0.028917061,0.0038919747,-0.7227776,1.9994982,1.2810664,0.53276545,-0.24089594,0.793252,0.7948661,-0.055728927,-0.1731962,-1.6108614,1.0595969,1.0297065,0.059542913,-0.85168606,-0.5463293,0.52748924,-0.1191959,1.2388545,-0.62374103,-0.2601511,-0.53873724,-0.14808495,-0.48816666,-0.47433707,-0.65988,-0.025792105,-1.0312954,0.65624875,-0.48303318,-0.26640972,0.51197976,-0.5523381,0.1584545,0.18760069,1.0016255,1.1062266,0.3054246,0.44713816,-0.7587597,-0.5803967,-0.8603527,-1.0604655,0.7645171,-0.792317,0.03803591,0.24644905,1.0460587,1.55655,0.6881111,-0.7235174,0.27530384,0.09730581,-0.0545651,0.111421674,-0.47586122,-0.5373991,0.5919779,0.34096146,0.67219466,-1.0617875,-0.7729418,-0.110800974,0.39982414,0.015005012,0.47015968,0.3967863,0.72214097,1.8465868,0.75467104,-0.18855228,,,,,,,,,,,,,,,,,,,,,,,,,,,,,,,,,,,,,,,,,,,,,,,,,,,,,,,,,,,,,,,,,,,,,,,,,,,,,,,,,,,,,,,,,,,,,,,,,,,,,,,,,,,,,,,,,,,,,,,,,,,,,,,,,,,,,,,,,,,,,,,,,,,,,,,,,,,,,,,,,,,,,,,,,,,,,,,,,,,,,,,,,,,,,,,,,,,,,,,,,,,,,,,,,,,,,,,,,,,,,,,,,,,,,,,,,,,,,,,,,,,,,,,,,,,,,,,,,,,,,,,,,,,,,,,,,,,,,,,,,,,,,,,,,,,,,,,,,,,,,,,,,,,,,,,,,,,,,,,,,,,,,,,,,,,,,,,,,,,,,,,,,,,,,,,,,,,,,,,,,,,,,,,,,,,,,,,,,,,,,,,,,,,,,,,,,,,,,,,,,,,,,,,,,,,,,,,,,,,,,,,,,,,,,,,,,,,,,,,,,,,,,,,,,,,,,,,,,,,,,,,,,,,,,,,,,,,,,,,,,,,,,,,,,,,,,,,,,,,,,,,,,,,,,,,,,,,,,,,,,,,,,,,,,,,,,,,,,,,,,,,,,,,,,,,,,,,,,,,,,,,,,,,,,,,,,,,,,,,,,,,,,,,,,,,,,,,,,,,,,,,,,,,,,,,,,,,,,,,,,,,,,,,,,,,,,,,,,,,,,,,,,,,,,,,,,,,,,,,,,,,,,,,,,,,,,,,,,,,,,,,,,,,,,,,,,,,,,,,,,,,,,,,,,,,,,,,,,,,,,,,,,,,,,,,,,,,,,,,,,,,,,,,,,,,,,,,,,,,,,,,,,,,,,
、,0.6195648908615112,0.3489904701709747,1.0567883253097534,-0.4765182733535766,-0.5891979932785034,-0.1809852719306945,0.0059980759397149,0.3481148183345794,-0.8365700244903564,-0.6619139313697815,-0.2249849289655685,-0.709401547908783,-0.0504682175815105,-0.4271685481071472,0.7363948225975037,0.4460712671279907,-0.5139725804328918,0.4701919853687286,0.1286108493804931,-0.3889336884021759,-0.8025297522544861,-0.7192121744155884,-0.5512325763702393,0.1941795796155929,-0.4240441024303436,-0.9229090809822084,-0.5777475237846375,-0.2258715033531189,0.0061606224626302,0.1903616487979889,0.2632638216018677,-0.4594249129295349,-0.3370295763015747,0.3261558711528778,-0.7294156551361084,0.6906647086143494,0.1098550781607627,0.2041232734918594,0.4162230789661407,-0.5478252172470093,-0.3630021214485168,0.5252999663352966,-0.6012375354766846,-0.5337058305740356,-0.1171065792441368,0.041893757879734,-0.1703510880470276,-0.031400877982378,-0.1483786702156067,-0.3944182395935058,-0.7106783986091614,0.7770763635635376,0.3953070640563965,0.1971932351589203,0.425059050321579,0.3488447666168213,1.0091537237167358,0.0231695063412189,0.0251429192721843,-0.2772858142852783,-0.7284931540489197,0.1356604993343353,0.3728354871273041,0.1996486485004425,-0.592863142490387,0.3532702028751373,-0.1977674067020416,0.5270116329193115,0.4377854466438293,-0.1567492187023162,0.5720683932304382,0.3822307288646698,0.2298650741577148,-0.3820671439170837,0.2723013460636139,-1.026605486869812,0.4222369492053985,-0.3067958056926727,0.2783031761646271,0.1548672318458557,-0.239579826593399,-0.1771947145462036,0.1182410269975662,-0.3522379100322723,-0.6739863157272339,-0.3207395672798157,-1.280389428138733,-0.1314788162708282,0.1092400550842285,0.1847828775644302,0.0771256908774375,-0.437089592218399,0.370442658662796,-0.3064039647579193,1.0832984447479248,0.4152913391590118,0.3117563426494598,-0.1497225910425186,0.3455894887447357,0.2241485565900802,-1.3417664766311646,0.5552119016647339,-0.0222490578889846,-0.8507680296897888,-0.5020774602890015,-0.1633059084415435,-0.2702930569648742,0.9135725498199464,0.5686036944389343,0.4233021438121795,0.0308378841727972,-0.2613431215286255,-0.8987371921539307,0.1841257512569427,-0.0797238424420356,0.4295142292976379,-0.5939999222755432,-0.1568807661533355,0.0380602180957794,0.1479811817407608,0.2256724238395691,0.58320552110672,-0.4946492314338684,-0.1372482478618621,0.271740585565567,0.1917717903852462,0.1432688981294632,0.3522486984729767,0.2582482099533081,-0.6036713719367981,0.3547253906726837,-0.6765661239624023,-0.4382753372192383,0.0448752231895923,-0.6328389644622803,0.965863823890686,0.2955978512763977,-0.4536164700984955,0.0455907583236694,0.1167070865631103,-0.4535581469535827,-0.1906919628381729,0.8190338611602783,-0.4693425297737121,-0.1263845413923263,0.4840159714221954,-0.3180535137653351,-0.3546625971794128,0.4179584980010986,0.3845674991607666,-0.1171512454748153,1.1854907274246216,-0.5989495515823364,0.4140498638153076,0.3314343392848968,0.4171215295791626,0.197724312543869,0.2486430704593658,0.3477166593074798,0.0276961978524923,0.411643385887146,0.0632825419306755,0.118790403008461,1.0481526851654053,0.6594823598861694,-0.0155564593151211,0.6942266225814819,-0.1477566659450531,0.1065890714526176,0.9082752466201782,0.5210177898406982,0.6927188038825989,0.2869593799114227,-0.080572210252285,-0.143041580915451,0.5369226336479187,1.0504631996154783,0.4520522058010101,-0.3815566003322601,-1.0843147039413452,0.4242238998413086,0.4428893625736236,0.7727795243263245,-0.11271483451128,0.5963641405105591,-0.5336257219314575,-0.4145865440368652,-0.0930271968245506,0.4222430884838104,0.1927646398544311,-0.4035003781318664,-0.4110448360443115,0.1082634553313255,-0.0029858634807169,0.0524127073585987,0.166703388094902,0.1684794872999191,0.3491660058498382,-0.12071093916893,0.3308565616607666,0.5550510287284851,-0.018241224810481,-0.1458954364061355,-0.93206387758255,-1.468620777130127,-0.5858704447746277,-0.053965974599123,0.1871979236602783,0.1993109285831451,0.6862973570823669,-0.7204278707504272,-0.1594906896352768,0.1600438356399536,-0.4500786960124969,0.8950967788696289,0.483115404844284,-0.3662504553794861,-0.1398576647043228,-0.0772723108530044,-0.0402719527482986,0.1948870122432708,-0.6461538076400757,0.3496512472629547,0.1929983347654342,-0.292580246925354,0.8708901405334473,0.5928434133529663,-0.952753245830536,-0.5800488591194153,0.2994386255741119,-0.7095662951469421,-0.3877021372318268,-0.1414899677038192,-0.1187630221247673,-0.226882517337799,-0.9625067114830016,-0.6216272711753845,0.1769756227731704,-0.3720604479312897,0.6183730959892273,-0.2944242060184479,-0.2436751723289489,0.3913763761520386,0.3015227615833282,0.3717937469482422,0.2275534719228744,-0.1137370243668556,-0.4073820412158966,-0.9319515228271484,-0.1594752222299575,-0.6824278235435486,-0.4467746615409851,-0.298469603061676,0.5496417880058289,0.4088552594184875,-0.3417203724384308,0.3422651588916778,-0.8266787528991699,-0.2169264554977417,-0.944948673248291,0.300152450799942,-0.2175954282283783,0.4510443806648254,0.2433313578367233,-0.5626786351203918,0.1603416502475738,0.3203263878822326,-0.2135343700647354,-0.4064880609512329,-0.1030912548303604,0.1624127775430679,0.153968408703804,0.3976919949054718,-0.4147221446037292,-0.0498390197753906,0.1031231135129928,0.6804152131080627,1.0598911046981812,-0.1469211876392364,-0.6755654811859131,-0.4156228601932525,0.7218894958496094,-0.8200952410697937,-0.5111777186393738,0.0852808803319931,1.0379979610443115,-0.4341500699520111,-0.0093580558896064,-0.0931151360273361,-0.2131607830524444,0.1918867975473404,-0.6069152355194092,0.0588084161281585,0.1086339578032493,-1.049772024154663,-0.0527109093964099,0.4001291394233703,0.2348199486732483,0.3815994262695312,-0.1056061089038848,0.2873418629169464,-0.2647623121738434,0.0589905194938182,0.1709464490413665,-0.1004977151751518,-0.5174713134765625,-0.1428467333316803,0.6444472670555115,0.2665767967700958,-0.8470263481140137,-0.1114944517612457,0.6196324229240417,-1.261491298675537,-0.3067860305309295,0.4951604306697845,0.4625239670276642,-0.806296706199646,0.3060609698295593,0.7664307355880737,0.5978373289108276,-0.3235744833946228,-0.4803456664085388,0.4361900687217712,0.680817723274231,-0.3462209403514862,-0.766511082649231,0.4465742707252502,0.1413706839084625,-0.1029802933335304,-0.540488064289093,-0.4225925207138061,0.2654396593570709,-0.0956962928175926,-0.2448957860469818,-0.4192146956920624,-0.1646664142608642,-0.3066335022449493,-0.1862993538379669,0.2451054602861404,-0.0318525545299053,-0.0467939153313636,0.695682168006897,-0.4298053383827209,0.2943534851074219,-0.7330169677734375,-0.4372770488262176,0.266561895608902,1.275129795074463,0.4799474477767944,0.6537413001060486,-0.7526010274887085,-0.1445199996232986,0.5737951993942261,-0.2828126549720764,0.7841343879699707,-0.7082526087760925,0.3595519959926605,-0.2249900996685028,0.4486998617649078,0.1162942722439765,-0.312129944562912,0.2356796860694885,-0.7608378529548645,-0.673935055732727,0.2672902941703796,-0.0121579803526401,0.5657185316085815,0.1676893681287765,0.0501080378890037,1.1467639207839966,0.0960680320858955,0.2769872546195984,-0.271636962890625,-1.2229118347167969,-0.2898721396923065,-0.818493664264679,-0.0662508532404899,-0.1926941573619842,-0.1408600509166717,0.6379884481430054,-0.5304189920425415,0.1868663430213928,-0.1202046424150466,-0.4112637639045715,0.2442872375249862,-0.3000135421752929,-0.6347482204437256,0.0767916440963745,-0.0052538914605975,-0.5005415678024292,0.9109095931053162,-0.0007811538525857,0.5739177465438843,-0.3620568215847015,-0.639089047908783,0.5519065260887146,-0.296102374792099,0.0041193105280399,-0.0016299751587212,0.1267074197530746,-0.2287810444831848,-0.2666354477405548,-0.1437699347734451,0.0704218074679374,-1.0117563009262085,0.5357574224472046,-0.4320216178894043,0.0675554797053337,-0.0848605036735534,-0.2459176182746887,-0.7839255928993225,-0.2140903323888778,0.0649926662445068,-0.1526171118021011,0.1472381502389907,0.3655463755130768,0.192785158753395,-0.4598661065101623,0.4447408616542816,0.5818700790405273,0.773893415927887,-0.2916417717933655,0.6764229536056519,-0.2633430957794189,0.1170301362872123,0.3807166218757629,-0.636992871761322,-0.5004210472106934,0.4088150560855865,0.2970898449420929,-0.4510889947414398,-0.2047666013240814,-0.3112285435199737,1.1695051193237305,-0.2776446640491485,-0.454189658164978,0.902678370475769,-0.3502555191516876,0.3743431270122528,1.0348628759384155,0.7548885345458984,-0.3306185603141784,0.8137053847312927,0.2189303785562515,0.4164632558822632,0.0481533221900463,-0.4062684178352356,-0.2302813231945037,0.8682974576950073,-0.0690934285521507,0.0666430816054344,0.7246530055999756,0.2387608587741851,0.2063861191272735,0.304114431142807,-0.0526445172727108,0.0919842198491096,0.3205940127372741,-0.1039949804544448,-0.344978004693985,-0.0909045413136482,-0.1859214305877685,-0.3086766302585602,-0.1104165613651275,-0.4009558856487274,0.3755174279212951,1.0586365461349487,-0.69407057762146,0.3782074749469757,-0.9081338047981262,-0.5527552962303162,-0.1388085484504699,-0.1920015960931778,0.0875670760869979,-0.8221295475959778,-0.3547230660915375,0.0455889664590358,0.100279651582241,-0.4144933223724365,0.1088500693440437,0.3550724685192108,-0.2159822881221771,-0.3159510493278503,-0.813616156578064,0.1168316379189491,0.7964914441108704,-0.5838242173194885,-0.3934233486652374,0.060257464647293,0.1438681185245514,0.7519621849060059,-0.8378763198852539,-0.4993960857391357,-0.388970673084259,-0.1639347821474075,-0.7298585176467896,-0.0774035155773162,0.1874646097421646,-0.6804988384246826,0.2744324803352356,0.0274815335869789,-0.2773340940475464,-0.6969039440155029,-0.2621581554412842,-0.1018723174929618,-0.5727987289428711,0.2523036897182464,0.1731978803873062,-0.2328196913003921,0.108727253973484,-0.1145984902977943,0.3019725382328033,0.7329968214035034,-0.3828904032707214,0.8873105049133301,0.0118421558290719,0.352819412946701,-0.810456395149231,0.5460114479064941,-0.7754442095756531,0.2387319207191467,-0.7294042706489563,-0.6843485832214355,-0.7158702611923218,-0.5920957326889038,-0.4448314309120178,0.6941059827804565,1.415650486946106,0.5825144052505493,-0.6701879501342773,0.2146046459674835,-0.1199929490685463,-0.4598611295223236,-0.5141260623931885,0.0787957608699798,0.0287131275981664,-1.562509536743164,-0.1510507017374038,0.1109620109200477,-0.5994253754615784,1.3839061260223389,-0.1814644634723663,-0.5518447160720825,-0.2039219886064529,0.4202861785888672,0.3994800150394439,-0.4896880388259887,0.0579875633120536,0.6398654580116272,0.2553820610046386,0.8101413249969482,-0.274228572845459,0.0906463786959648,0.1436778157949447,0.1233146637678146,0.0946904346346855,0.4151434302330017,0.4983032047748565,0.0801388993859291,0.8776180744171143,-0.6998874545097351,-0.6978878974914551,-0.6231597661972046,0.3570880591869354,0.1529397666454315,0.689155638217926,0.2196631878614425,0.7957811951637268,0.6500939130783081,-0.1513335853815078,0.0573428571224212,0.8899685144424438,-0.0597225539386272,1.2249330282211304,-0.5518271327018738,0.1374015361070633,-0.7722051739692688,-0.0206141173839569,0.9322041273117064,0.7353374361991882,-0.0895386338233947,-0.1536366045475006,-0.030578788369894,-0.5362865924835205,0.6016854047775269,0.3558008670806885,-0.1032327115535736,0.3825442492961883,0.2989633977413177,-0.4406847059726715,1.0371015071868896,-0.0341293402016162,0.2658805251121521,-0.6539269685745239,-0.0679441913962364,0.7289755940437317,0.4150844812393188,0.0939821302890777,0.7793418169021606,-0.2908057868480682,-0.6848353743553162,-0.1627069562673568,0.4638008773326874,-0.5895224809646606,0.6393943428993225,-0.0029510802123695,-0.5359312891960144,0.7100718021392822,0.655490517616272,0.3547017872333526,0.3587740361690521,-0.5897667407989502,0.1178450062870979,-0.1086761206388473,-0.1629100739955902,0.3958805501461029,0.2954218983650207,0.4053311049938202,0.0414086431264877,-0.8010706305503845,0.4483011364936828,1.3589962720870972,-0.0052117416635155,-0.092074379324913,0.3095720112323761,0.0476359650492668,-0.3680016994476318,0.1139998286962509,0.3104340732097626,-0.2435269206762313,0.2289800196886062,-0.2655230164527893,-0.3084410727024078,-0.1917210221290588,-0.1111677139997482,0.836298406124115,0.1016987338662147,-0.1079253777861595,-0.1257338672876358,-0.0497482158243656,-0.7834899425506592,-0.0943723171949386,-1.2535018920898438,-0.8204447031021118,-0.0228514838963747,0.079421080648899,0.1268144994974136,-0.0876045674085617,-1.0506716966629028,-0.3635828495025635,-0.3436509370803833,-0.780060350894928,-0.2888449728488922,0.2456021755933761,0.4450479447841644,-0.0233513191342353,-0.6451221704483032,-0.3198616802692413,0.4667545855045318,0.4408571124076843,0.2822818756103515,0.2906259596347809,-0.4739277958869934,-0.2051218152046203,-0.0680044218897819,0.5647624731063843,-0.0696877837181091,-0.4178608059883117,-9.239850997924805,0.4858905375003814,-0.6960218548774719,-0.0361793711781501,-0.2908546030521393,0.1097744330763816,0.7458534836769104,0.9021535515785216,-0.8397974967956543,0.8337070345878601,-0.4177514016628265,0.3903300762176513,0.6950947642326355,0.6229278445243835,-0.6647345423698425,0.0440518483519554,0.3326362371444702,-0.1166946589946746,0.6179511547088623,-0.1337971836328506,-0.4723475575447082,-0.8308966755867004,0.333613246679306,-0.35804483294487,-0.5387967228889465,0.3511967658996582,0.7182985544204712,0.211320474743843,-0.3411101400852203,0.7431811690330505,-0.708786129951477,0.2283969521522522,-0.0462522357702255,-0.4464648962020874,-0.3448687195777893,0.6354577541351318,0.4750964045524597,0.5005751252174377,-0.6288119554519653,-0.0984638035297393,-0.2708901166915893,0.7006009221076965,0.0804221704602241,0.0824451893568039,-0.1221666112542152,-0.0991153195500373,-0.1915300339460373,-0.0420115441083908,0.9884529113769532,-0.290996104478836,-0.0704822018742561,-0.7775848507881165,0.459912896156311,-0.9610315561294556,-0.3412564992904663,0.0553800277411937,-0.5966173410415649,-0.8167950510978699,-0.3448605835437774,0.1789460480213165,0.4906902015209198,0.3579187393188476,0.6264480352401733,0.1931654512882232,0.0191162060946226,0.154929056763649,0.4830325841903686,0.4936136901378631,-0.3643776178359985,-0.4921980798244476,-0.0711397528648376,0.0291632562875747,-0.4733636081218719,-0.1612384468317031,-0.1430217027664184,0.0011700104223564,-0.6814314723014832,-0.2017345577478408,0.7151430249214172,-0.0283666495233774,1.094463586807251,-0.1716654151678085,0.0287442691624164,-0.3106435239315033,0.1182713881134986,0.03754448518157,0.8500673770904541,0.6016170382499695,-0.007225947920233,-0.7786552309989929,0.437221348285675,0.5968304872512817,0.606789231300354,0.6270705461502075,0.1220488622784614,0.0347596146166324,0.8286532759666443,-0.122065931558609,0.8150589466094971,0.1964781284332275,-0.9086192,-0.37301937,0.84500337,0.8169063,-0.9379859,-1.7778982,-1.1366183,-0.21621096,0.6859342,-0.90124553,0.68017423,-0.991379,-0.9917636,2.5747535,0.19179878,-0.42468446,1.165967,-1.0174818,-0.25269315,0.005390187,0.0062563443,0.9599642,1.1943091,0.07176552,0.7571122,1.2762483,0.25007427,0.006700139,0.5449278,-1.3220267,0.65016127,0.52945536,-0.41872552,-0.7783076,-0.52590525,0.14582774,-2.1133559,-0.108676635,0.23588935,-1.2245973,-0.8711303,-0.017416166,0.5344234,-0.19892995,-1.3756217,0.07071642,1.0025563,-0.09641527,1.3269215,-0.28158957,-0.4439199,-0.82091385,0.10759105,1.6184074,-0.66569686,0.067376874,0.9396744,1.6350766,0.010731402,-0.7821706,0.46096167,1.5115694,-0.19410434,0.19759348,0.10779288,0.7168256,-0.13502046,-0.6753366,-0.64277655,-0.9565158,-3.6072292,-0.44696718,-0.27608746,1.5371902,-1.2393214,1.488489,-0.05432425,-0.5697113,0.48822135,-0.37475866,-0.34662238,-1.1167628,-1.3680272,0.49986732,-1.0420399,-1.5085945,-0.12552595,-0.33604354,-1.568185,-0.003445183,-0.25380546,-1.2428807,-0.9999597,-0.9127709,1.1996502,-0.010520965,-1.4224608,-1.491572,-2.0272894,-1.0093149,-0.22226712,1.5271784,0.21414396,-0.15897977,-1.5663782,-0.44700912,-1.741821,-1.1463357,-1.0183798,0.4689654,-0.5007835,1.0120406,2.2555678,1.1448224,0.42267084,0.35958815,-1.0912702,0.5355504,-0.8160582,0.23714203,1.1811135,-0.527468,-0.6254333,1.2110913,-1.4502258,0.1893468,0.6526447,-0.75740033,1.2416553,-0.7254546,-0.29715183,-0.6096491,2.2247405,1.7001797,-0.25957128,-0.6903292,0.29021898,-0.2942783,1.0629945,-0.42711073,0.21886635,-0.30981782,-0.24544051,-0.95794547,1.1553131,-0.41033894,0.67070436,1.8106331,1.3768632,0.13746487,-0.28569883,-0.2796561,-1.9921106,-0.0037576363,0.50564593,0.6799201,-1.2459261,0.7632423,-2.2557082,1.1583806,0.85545814,2.3346167,-0.46729082,-0.5645464,-0.4489843,0.05447508,-0.41623294,0.83571213,-0.6795714,-1.2147954,0.40021485,-0.22505148,1.5550183,-0.15887247,0.07487552,-1.0189604,0.090601966,0.68858767,-0.848539,0.30261314,0.86072123,0.40610236,-0.47188205,0.5973277,-0.26966828,0.79741776,0.3247084,0.6831933,0.57817245,-0.01740994,0.5945623,-0.026432365,0.117212795,0.6003522,1.1539758,1.4446374,1.2245195,-2.0510187,-1.4538977,1.4602263,-2.1877995,0.26802766,-0.06216554,-0.5813789,1.8166614,-0.8312438,-1.6302185,2.0305824,-0.43812987,0.14525072,-0.42992675,-1.1620276,0.7231382,-0.43400043,-0.37599882,-0.50062925,-1.0420244,0.05161236,-0.65321225,-1.1923751,-0.17463638,0.45934844,-0.28011638,0.6372499,-0.88377756,-0.7256939,1.62952,1.7344668,1.3236009,1.5747579,-1.0122646,0.86945903,0.6851148,-0.47051603,-0.677512,0.5426733,-0.30721402,-0.09834148,-0.23425156,0.82187027,0.8848727,0.77321666,0.41851452,-0.8663273,0.3192727,0.12374035,0.5950192,-0.48896945,-1.5521691,0.4212558,-0.59497035,0.669943,-0.79605967,0.22865324,0.6543877,0.7844445,-0.97262067,0.4787069,-1.9507961,-0.44035685,0.38147315,0.59101474,0.022193342,-0.277375,-0.07093589,-1.0545003,-0.24519317,0.18014097,-0.3135267,-0.4035891,-0.82383573,-0.6671724,-1.7635044,-0.83790684,0.55482644,0.5521236,-0.53578734,-1.8444262,-0.91624516,1.9656943,1.7568029,-0.5713995,-0.045340586,-0.11149684,-0.47118387,0.28995082,-0.38119635,0.10783225,-0.22313972,0.9472795,-1.175829,1.0973421,-0.6818835,1.1538035,1.4033691,-0.57267535,0.8452564,-0.6331586,0.56583035,0.20507611,0.7625455,1.6932011,-0.6040359,0.6426177,-1.3297162,-0.6028986,0.5358097,-1.1565706,-1.4212825,-0.8739827,0.3210778,-0.46667144,-2.5194967,1.5778044,-2.8177779,1.8058612,-2.030254,-0.77899677,-0.73867744,-0.13573392,-0.61752397,0.5817379,1.1587205,-0.0170382,0.08035074,0.5355007,-0.34095773,0.127285,1.2846823,0.40151572,1.3294079,1.1821469,-0.55256885,0.5941211,0.6473992,-0.08132983,-0.37977305,-0.67357343,-0.42129427,1.2089202,1.1402526,0.66528887,-0.81869537,1.0549103,0.109153435,0.50455207,-1.7240423,0.11709113,-0.25054875,0.12769589,1.0583239,0.8976951,0.9409612,-1.6862359,0.5053258,1.2647624,-1.0023304,-1.1157559,-0.4838789,1.3901145,-0.5492382,0.40706658,0.5413923,0.2606755,0.18445298,-0.8016931,1.6103294,-0.2820993,1.9649527,0.6439609,-0.42494813,1.5376792,0.5900292,1.2312081,-0.7020997,0.12122878,2.4996605,0.8922346,0.19750194,0.6943547,-1.2452462,-1.1696782,-1.2596854,1.0770098,0.5291776,-0.48163515,0.6798272,0.18609172,-0.37268332,-0.91587794,-0.6481532,1.235619,0.8899078,1.5503451,0.3346122,-0.70104235,-1.4125453,-1.9846506,1.1946605,0.9299861,1.3926153,-0.39739022,-1.9400119,1.8185145,-0.4372488,-0.26913422,-1.1046335,-2.2316852,2.120447,-0.0069544227,0.17296764,0.38736847,-1.3741193,-1.3597523,-1.0220381,-0.26552218,-0.22845352,-0.8207708,-1.091769,0.41121915,-1.4671023,1.313812,-0.4575813,1.1753069,0.64265573,-0.2835276,-0.38603067,0.3948049,-0.029358678,0.055545274,-0.7243611,1.4183315,-1.2606575,-0.51399875,1.2507712,-2.3935707,1.1507196,0.048528574,-1.0555035,0.76523346,-1.0329642,-0.8308845,0.068707876,0.32260892,-1.854673,0.100618854,0.2743194,-1.4121479,-0.74550045,0.42754126,0.58957475,0.35788694,1.2263429,0.9701637,-0.8182044,0.26392922,-0.5482228,-0.38065976,-0.15265894,-0.03196241,-1.1074616,-0.8920272,-2.6435733,-0.8376685,0.32663494,-1.6274672,-0.63156927,0.8817033,1.1618943,-2.387756,-1.6153617,1.2738442,0.13950594,1.022612,0.93878025,-0.27200532,0.45467386,-0.8425106,-0.43897343,0.4023267,-0.21493837,-0.7908683,0.623681,0.43811032,-0.9642701,0.2110588,1.5047837,0.08750322,0.72295547,1.9323214,-0.26328832,-1.6505831,1.2991612,0.9735001,-0.06270506,0.6154976,-1.2988667,-1.2475704,0.8479682,0.12373224,-0.6219335,0.011000637,1.2268448,0.06368133,0.04803803,1.4216677,0.45628855,1.7715478,0.86366934,1.8675658,-0.5410512,0.11470668,-0.29068947,1.501193,-0.69947755,-0.6505005,-0.8942965,0.21997611,1.6205872,-0.48588124,0.5920808,1.9469424,-0.3633063,-2.6006916,0.19339034,0.96027654,-0.12039067,-1.5495906,-0.5463535,-1.2923925,0.34826288,-1.32237,-1.4224168,0.10402724,0.112768084,0.2371105,1.0694692,0.9623225,-0.26110572,-0.9149223,0.15574074,1.3687906,1.9394901,0.09158645,-1.016705,-0.39469412,-0.5564517,0.0029209226,0.2637318,0.775572,-0.7298496,-0.09250233,-0.037778363,0.25664568,1.3786186,-0.1831709,2.2579894,0.7859689,0.3430221,0.541642,-2.0945039,1.8004901,-1.5796611,-0.5019501,0.28940126,0.589804,-1.389899,-0.038445935,-1.7808996,1.0161968,-0.15593112,1.3048671,1.1693492,0.83882844,-0.027245525,1.6438231,-0.49146503,-0.3342693,-0.4799112,0.9548627,-0.7220849,-0.13187864,-1.9045945,1.775036,-1.8087057,-2.2711816,0.80013466,1.9514847,-0.5777861,-0.023927566,-1.4142367,0.93457025,0.17213927,-0.3790244,0.2902131,0.8688197,-0.5799302,-1.2417992,0.103555426,-0.009077794,-0.5046971,0.013685849,3.701725,1.2194109,0.9645344,-1.9292866,-0.63318074,0.2565952,-0.7091709,-2.1168482,-0.26405448,-0.74555624,0.07986513,-0.20353016,-0.7577592,0.67366475,-1.1502831,1.2403755,1.4886328,-0.89377743,0.3950627,1.1631879,-1.63289,-0.59554684,-1.3098503,-0.6961475,0.82231075,-1.0078154,1.2148503,-0.23769383,1.7367797,0.60962415,-0.8037149,-0.5583306,0.5044024,2.665514,1.5081873,-1.4165632,-0.7852065,0.58044624,1.498362,0.49618146,-0.06286199,-0.0050373143,-1.5627323,-1.181269,1.1905597,1.6186937,0.58128035,2.272091,0.03332829,-0.3980076,0.5283239,-0.40994596,-0.3061845,-0.8008155,-0.88036174,-0.43567726,-0.21646662,-1.1691898,0.18293102,-0.9601686,0.38442484,-0.76283604,1.6200778,-1.0611165,0.49430445,0.7722614,0.690102,0.5405981,0.5604329,-0.32826912,-0.7864174,-0.91853267,3.0028603,0.9766672,-0.34680253,-0.4063968,0.61058307,0.65296,0.3169185,0.36515298,0.8158575,0.14521074,-1.1886181,-0.74713165,-1.261048,-0.47856575,0.0032216753,0.014264831,-0.4532548,1.4285322,-1.7910205,0.391413,0.7198306,-1.8966764,0.6552048,1.177228,-0.56452054,1.7445124,1.4020028,0.18626009,0.70403814,1.2720839,0.47167832,-0.75218064,0.1835618,-0.116437376,0.7832947,0.2860046,1.8066477,-1.0154138,-0.5363585,0.32631648,0.21108142,1.2519873,0.06824937,-1.719394,-1.6861484,-1.1339331,-1.1790866,-0.3875396,-0.87138695,-0.13356142,-0.2477984,-0.60137576,-0.4614373,-0.13721484,0.4410365,-1.9212006,0.041862138,-0.61213845,1.6797936,1.7564887,0.5886003,-0.20187531,-0.7873209,-0.4356375,-1.8678125,-0.015907498,0.66530216,-0.530925,-0.041408718,-0.5547773,0.15186468,1.6004212,0.12653835,-0.11275273,0.88475,-0.027377166,-0.23456535,0.05345854,-0.977667,0.77527875,-0.44756764,-0.04067718,0.9499515,-0.9229943,0.60853976,-0.59515804,0.11058518,-0.030815497,0.5580083,0.7216137,1.2395877,0.6364314,1.769289,-0.39079773,,,,,,,,,,,,,,,,,,,,,,,,,,,,,,,,,,,,,,,,,,,,,,,,,,,,,,,,,,,,,,,,,,,,,,,,,,,,,,,,,,,,,,,,,,,,,,,,,,,,,,,,,,,,,,,,,,,,,,,,,,,,,,,,,,,,,,,,,,,,,,,,,,,,,,,,,,,,,,,,,,,,,,,,,,,,,,,,,,,,,,,,,,,,,,,,,,,,,,,,,,,,,,,,,,,,,,,,,,,,,,,,,,,,,,,,,,,,,,,,,,,,,,,,,,,,,,,,,,,,,,,,,,,,,,,,,,,,,,,,,,,,,,,,,,,,,,,,,,,,,,,,,,,,,,,,,,,,,,,,,,,,,,,,,,,,,,,,,,,,,,,,,,,,,,,,,,,,,,,,,,,,,,,,,,,,,,,,,,,,,,,,,,,,,,,,,,,,,,,,,,,,,,,,,,,,,,,,,,,,,,,,,,,,,,,,,,,,,,,,,,,,,,,,,,,,,,,,,,,,,,,,,,,,,,,,,,,,,,,,,,,,,,,,,,,,,,,,,,,,,,,,,,,,,,,,,,,,,,,,,,,,,,,,,,,,,,,,,,,,,,,,,,,,,,,,,,,,,,,,,,,,,,,,,,,,,,,,,,,,,,,,,,,,,,,,,,,,,,,,,,,,,,,,,,,,,,,,,,,,,,,,,,,,,,,,,,,,,,,,,,,,,,,,,,,,,,,,,,,,,,,,,,,,,,,,,,,,,,,,,,,,,,,,,,,,,,,,,,,,,,,,,,,,,,,,,,,,,,,,,,,,,,,,,,,,,,,,,,,,,,,,,,,,,,,,,,,,,,,,,,,,,,,,,
ヒョ,0.8402013182640076,0.8864259123802185,0.9529184103012084,-0.7092844843864441,0.2640710771083832,0.4531397521495819,0.4706394672393799,0.2019992768764495,-0.5217068791389465,-1.036341428756714,0.9711753726005554,-0.1207123845815658,-0.1603991091251373,0.1072288155555725,0.4086097478866577,-0.0636792257428169,-0.4140648543834686,-0.1236286610364914,0.2126194387674331,-0.3669615387916565,-0.946020245552063,-1.0753957033157349,0.1538380533456802,0.2056357711553573,0.1572071611881256,-0.3271514773368835,0.2363316714763641,-0.1421323716640472,0.4970192909240722,-0.308838278055191,-0.3612666726112366,0.2574970126152038,0.1263016909360885,-0.5485225319862366,-0.7351199984550476,0.6298437118530273,-0.4665107429027557,-0.3948886096477508,0.8275375366210938,0.4791396260261535,-0.5393547415733337,-0.0704584270715713,-0.1997954845428466,0.0426451005041599,0.0066734193824231,0.2175242751836776,-0.180136039853096,0.093847744166851,0.1311532706022262,-0.078713372349739,-0.7182508707046509,0.1061693578958511,0.7563138604164124,0.0536962635815143,0.12846140563488,-0.2392987310886383,0.5882565975189209,-0.6914922595024109,-0.1134813725948333,0.2217293232679367,-0.5234522819519043,0.0021012250799685,0.5023064017295837,-0.0333726815879344,-0.7393302917480469,0.3502902388572693,0.3051308989524841,0.0651079714298248,0.4027409851551056,-0.0771147906780242,0.3453409671783447,-0.002051718533039,-0.1354586631059646,-0.8722860217094421,0.0118876164779067,-0.7959455251693726,0.2293085753917694,0.5743157267570496,0.3181802034378052,0.2853630185127258,-0.4301016628742218,0.5468273758888245,0.2403901815414428,-0.0639001876115799,-0.2717317342758178,0.2977344095706939,-0.7212018370628357,-0.4948390126228332,1.0158390998840332,-0.3759993612766266,0.1367019414901733,-0.3116025924682617,0.0233610235154628,0.2402969896793365,0.1260959804058075,0.23441082239151,0.1236900463700294,0.0123652918264269,-0.3583544790744781,0.3847872614860534,-0.4462465047836303,-0.1305301487445831,0.6507263779640198,-0.3219900727272033,-0.7540174126625061,0.0233013723045587,-0.3798909783363342,0.2854487001895904,0.9422594308853148,-0.159913957118988,-0.2614949345588684,-0.929268479347229,-0.5332013964653015,-0.1948968470096588,0.4805018007755279,-0.1144355833530426,-0.5081951022148132,0.5017540454864502,-0.229011595249176,0.044873509556055,-0.0401870273053646,0.4586861431598663,-0.4342773854732513,-0.4007928073406219,-0.4296309351921081,0.0456701591610908,0.2928208410739898,-0.2448987960815429,-0.1774122565984726,-0.1275217682123184,-0.3063744008541107,-0.6356223225593567,-0.0926250740885734,-0.1674718856811523,-0.4903954863548279,0.4011684656143188,0.0791933983564376,0.0472650118172168,0.3554925322532654,-0.5593151450157166,-0.7983093857765198,-0.0220696926116943,0.0726196467876434,-0.4177624583244324,0.0866492167115211,0.0878165811300277,-0.1979495733976364,-0.574002206325531,0.2079791724681854,-0.1141997054219245,-0.2379137873649597,1.4850610494613647,-0.8472323417663574,0.3921401798725128,-0.242055281996727,0.6848089098930359,-0.5720543265342712,0.1695886254310608,0.4991597831249237,0.4558464586734772,0.289747953414917,0.3910814523696899,-0.3683060705661773,0.473260223865509,-0.0447301194071769,0.0304576139897108,-0.1625962704420089,-0.8225210905075073,0.1328815072774887,0.4306074678897857,0.6247649788856506,0.7646305561065674,0.3460645973682403,-0.0497559197247028,0.1595256477594375,0.2625771760940552,0.8273472785949707,0.1483378857374191,0.2171693444252014,-0.7370293736457825,0.4029550850391388,-0.1487280130386352,0.5488511323928833,-0.3537486791610718,0.5272070169448853,0.0010412619449198,-0.0267990641295909,-0.5078657865524292,-0.6144517660140991,0.6642650365829468,-0.3281778991222381,-0.5507776141166687,0.1954607665538787,-0.3636588156223297,0.0244633518159389,-0.1792472600936889,0.61920166015625,-0.1728480756282806,0.2203320264816284,0.254727303981781,0.071471557021141,0.0969033315777778,0.3057780563831329,-0.3402503132820129,-0.7175012230873108,-0.2900775074958801,-0.0241020359098911,0.4178555011749267,-0.0004461138742044,0.3663473427295685,-0.4978080093860626,0.2238940447568893,0.4943103492259979,0.1175707578659057,0.4850270748138428,-0.1252554208040237,-0.2645496428012848,-0.6479995846748352,0.2485208064317703,0.5153838992118835,0.1083794087171554,-0.2870300710201263,-0.083146683871746,0.2122607678174972,0.0779389217495918,0.4381456673145294,0.104242131114006,-0.4512432813644409,-0.461339384317398,0.1879638731479644,-0.4839061498641968,-0.5347288250923157,-0.4233202934265136,-0.0837688520550727,-0.7455229759216309,-0.7112442255020142,-0.2939954400062561,0.4081995189189911,-0.1757049113512039,0.1307981461286544,-0.2171629667282104,-0.2418249398469925,0.1836033463478088,-0.3229748904705047,-0.772477924823761,-0.0232807509601116,-0.265605479478836,0.1458535641431808,-0.1017135754227638,-0.3257646858692169,-0.4105221331119537,0.3074276745319366,0.1650837659835815,0.1350093483924865,0.3494160771369934,0.4872191250324249,0.7195417284965515,-0.555189311504364,0.5300774574279785,-0.6012885570526123,-0.4393970370292663,-0.6886433362960815,-0.224941000342369,0.0777284279465675,-0.1575800329446792,-0.2733401954174042,0.0258621107786893,-0.1868836879730224,-0.694868803024292,-0.413663387298584,0.378148078918457,-0.4571383893489837,0.0480074249207973,0.1941318362951278,0.1784478724002838,-0.2013610899448394,-0.4508569538593292,0.6929954290390015,-0.0434218160808086,-0.0894694179296493,-0.8486675024032593,0.3018200397491455,-0.4562558233737945,0.0764122307300567,-0.2909404039382934,0.3751297295093536,-0.5874490141868591,-0.1449161916971206,-0.212197721004486,-0.0173472296446561,0.3826923966407776,-0.4672489166259765,-0.3302934467792511,0.0714263021945953,-0.5083909630775452,0.0931640863418579,0.7742196917533875,-0.7288391590118408,0.4158223569393158,0.0705865770578384,0.8398691415786743,0.2521918714046478,0.770606279373169,-0.16172556579113,0.4860692620277405,-0.1550927460193634,0.1649810820817947,0.5839343667030334,0.59639573097229,0.0036707082763314,0.1213214322924614,0.4889711439609527,-0.6121795773506165,0.2034366279840469,0.3866227567195892,0.4396621584892273,-1.8341797590255733,-0.0941402912139892,0.4062133729457855,0.3001303970813751,-0.1778026074171066,0.1907840818166732,0.7222260236740112,0.5443304777145386,-0.2523622810840606,-0.7079489827156067,1.1127824783325195,0.5079794526100159,-0.0638263672590255,0.1312476694583892,0.3347005248069763,0.0335233099758625,-0.3259530961513519,-0.3084295392036438,0.6554327011108398,0.4273363351821899,-0.210871547460556,-0.2653607428073883,0.0765664428472518,-0.0045342282392084,-0.4703499674797058,0.2836269736289978,-0.3364321589469909,-0.6260625720024109,-0.6948462724685669,-0.0261771883815526,0.4231950938701629,0.7261601090431213,0.5526869893074036,-0.0823718532919883,-1.083271622657776,-0.2165854722261428,-0.2659042179584503,-0.0587523281574249,-0.0980758145451545,-0.1791010797023773,-0.1642684340476989,-0.0218696650117635,0.1880530714988708,-0.4384723007678985,0.938469171524048,-0.5042858719825745,-0.2407458126544952,0.4385305345058441,-0.4995814859867096,0.4769491553306579,0.4603908061981201,-0.2561194896697998,-0.0404003672301769,0.33465376496315,0.62010258436203,0.2366161793470382,-0.0493300706148147,0.1613800078630447,-0.1488865613937378,-0.5326104164123535,0.0672991946339607,-0.3525775969028473,0.0503637418150901,1.0977203845977783,0.0342283956706523,0.3049745559692383,0.1969953328371048,-0.3646270036697387,0.3736465275287628,-0.0121515952050685,-0.1986920088529586,-0.0449898578226566,-0.3092159032821655,0.3994574248790741,0.2657450735569,-0.0765920653939247,0.5791207551956177,0.1916858255863189,-0.8035536408424377,0.1766742318868637,-0.2892157435417175,0.787887692451477,0.1105365008115768,0.4657860994338989,0.0568254180252552,-0.0786471515893936,-0.0031716374214738,-0.5239953994750977,-0.4451206922531128,0.0060630957596004,-0.3335257768630981,0.0225681830197572,0.362295925617218,0.8075739741325378,-0.299902468919754,0.3549682796001434,-0.0826601311564445,0.1008668392896652,-1.06807279586792,-0.2209745496511459,-0.4175328910350799,0.5431703329086304,-0.1719494611024856,0.5313003063201904,0.2416865676641464,0.2665316462516784,0.3523620665073395,-0.3086983263492584,0.1950477063655853,-0.2145833969116211,-0.045533999800682,-0.5182064175605774,0.5455507636070251,-0.6702889204025269,-0.3202638626098633,0.1288624703884124,0.1317585855722427,0.3108663260936737,-0.2387038916349411,-0.4214089512825012,0.49323570728302,0.0482661351561546,-0.4241625666618347,0.4701060652732849,0.4363831877708435,0.4844595491886139,0.0112811215221881,0.7601022124290466,-0.4579939544200897,-0.1350991874933242,-0.6093227863311768,-0.3384333550930023,0.2733820676803589,0.2668427526950836,0.598150372505188,0.4302094876766205,0.230319857597351,-0.010950619354844,0.6849079132080078,-0.1006461232900619,-0.3351060748100281,0.4939877688884735,0.3320679068565368,0.2004559189081192,-0.2723183333873749,1.1715296506881714,-0.6082950830459595,0.0990936905145645,0.3469167053699493,-0.016169736161828,1.0257359743118286,0.5104175209999084,0.1885837912559509,-0.4613471627235412,-0.5786841511726379,-0.5361431241035461,-0.7601370215415955,-0.5721330046653748,-0.6318758726119995,-0.0009315708884969,0.4889010488986969,0.3781480491161346,-0.1598542928695678,0.3341378271579742,0.14195017516613,0.4646066129207611,0.3816909790039062,-0.5227125287055969,-0.0011413968168199,0.2944584786891937,-0.5920130610466003,-0.249683067202568,0.177799567580223,0.4954040944576263,-0.1352295130491256,-0.7931813597679138,-0.2269943356513977,0.0119106639176607,0.3226131200790405,-0.5355316996574402,0.3086459934711456,0.1244554668664932,-0.6615316271781921,0.1016613915562629,-0.3506644368171692,-0.5141119360923767,-0.7690661549568176,-0.4846237301826477,-0.6316962242126465,-0.0143179288133978,-0.596053957939148,0.761843740940094,0.7653159499168396,-0.309931218624115,0.2458657175302505,0.2578209936618805,0.23653244972229,-0.4155992269515991,-0.0596810244023799,-0.6008260846138,-0.3979058861732483,-1.1534206867218018,-0.0992932245135307,-0.2772306799888611,0.3442450761795044,0.0940424427390098,-0.644173264503479,-0.5655224323272705,0.5352935791015625,-0.7708964347839355,0.419559508562088,-0.007034296169877,0.674909234046936,-1.154043197631836,0.1232856065034866,0.2639124691486358,-0.5251487493515015,-0.3640531003475189,0.2615995109081268,-0.280412495136261,-1.6007555723190308,-0.1562930196523666,0.1368463933467865,-0.588234007358551,1.141083836555481,-0.0418497957289218,-0.3155383169651031,0.3626347780227661,0.8684769868850708,0.2778588235378265,0.144762322306633,0.6023383140563965,-0.4258224368095398,0.4226493537425995,0.2265450060367584,-0.3908765912055969,0.4078980684280395,0.1168313100934028,-0.2685392200946808,-0.077699564397335,0.4312033653259277,0.0399543270468711,0.5593757033348083,0.2731857895851135,-0.017370318993926,-0.4970459640026092,-0.4188170731067657,0.0034556286409497,-0.4379518032073974,0.0992165058851242,-0.2801329493522644,0.7456784248352051,0.6247022151947021,0.1110539063811302,-0.0198966655880212,1.2410669326782229,-0.1996026933193206,0.748587429523468,0.3527284562587738,-0.1681818962097168,-0.5958816409111023,-0.0360062383115291,0.5554254651069641,0.3532405495643616,-0.2933147251605987,0.1194443777203559,0.311793714761734,-0.860252320766449,0.051699336618185,-0.2723455429077148,-0.0275569781661033,0.608252227306366,0.4156177937984466,-0.0225809458643198,1.01793110370636,0.5143672823905945,-0.4853048324584961,0.0246193688362836,0.0592975430190563,0.8606547117233276,0.7500612139701843,-0.021805441007018,0.8092977404594421,-0.3977308571338653,-0.7300600409507751,0.4405621886253357,0.493886649608612,-0.0189405493438243,0.400599867105484,-0.1049231067299842,-0.9286898970603944,1.0819119215011597,0.4049954414367676,0.3570279777050018,-0.5450643301010132,-0.591494619846344,0.3785147070884704,-0.0014373573940247,-0.457447201013565,-0.0770623832941055,0.0155656989663839,0.5647145509719849,0.1210075989365577,-0.3905628025531769,0.0294983778148889,0.7060681581497192,0.287578284740448,-0.2003862410783767,-0.0066772154532372,0.0421230569481849,0.0687439143657684,-0.0518108420073986,0.2702793180942535,0.0135433366522192,-0.4707966446876526,0.2606574296951294,-0.4188301265239715,-0.4180059432983398,-0.244837999343872,0.0229608081281185,-0.2488712817430496,0.0861528664827346,-0.0107278954237699,-0.8860316276550293,0.2589236795902252,0.1878138482570648,-0.4448656141757965,-0.4429190456867218,-0.1805579513311386,0.1347978711128235,-0.6955134868621826,-0.2208022624254226,-0.8743792176246643,-0.1429607719182968,-0.3097889423370361,0.1189098730683326,-0.9362959265708924,-0.6122268438339233,0.2495551109313964,-0.1483074873685836,-0.137794092297554,-1.1248252391815186,0.7817105650901794,0.7778563499450684,0.0352769531309604,-0.2534845173358917,0.0378709398210048,-0.2182121127843856,-0.004499192815274,-0.6505327224731445,-0.3982132375240326,-0.006168607622385,-9.708775520324709,0.0776672139763832,-0.1643930375576019,-0.3139532506465912,-0.4237111806869507,-0.2220294326543808,0.7684469223022461,1.6069897413253784,-0.330838680267334,1.1056560277938845,-0.1659848839044571,-0.4626069068908691,0.5336809158325195,0.3298137187957763,-0.1312882304191589,0.0593688897788524,-0.5115081071853638,-0.1822537928819656,-0.4134491086006164,0.120540827512741,-0.0070847854949533,0.0526954978704452,1.1588022708892822,0.1564518362283706,0.6178663372993469,-0.2276137769222259,-0.034473717212677,0.5587851405143738,0.2236207425594329,0.1878172755241394,-1.0751912593841553,-0.0849870145320892,0.2826878726482391,-0.2375741451978683,-0.1530635952949524,0.1888940185308456,0.3821322023868561,0.7402351498603821,-0.4396693408489227,0.5346937775611877,0.0636202618479728,0.9397262930870056,0.5205726623535156,0.3660965859889984,-0.0496458336710929,0.0254693087190389,-0.131986916065216,0.0327780060470104,0.6909484267234802,-0.1620034128427505,0.0472787469625473,0.0489967875182628,0.4135803580284118,-0.609581708908081,0.4664559066295624,-0.0674460530281066,0.182023212313652,-1.34434711933136,0.1212959364056587,-0.0207534451037645,0.2135902494192123,0.6157245635986328,0.8330112099647522,0.8587244749069214,-0.1951933205127716,0.6786867380142212,-0.2040471881628036,0.0900294780731201,-0.7862498164176941,-0.27702397108078,-0.0451393239200115,0.0937951579689979,0.2630598247051239,0.1610091179609298,-0.2916879653930664,0.3688946366310119,0.206041544675827,0.1483432799577713,0.5821508169174194,0.0091093443334102,0.0905089005827903,-0.1089424341917038,0.0717112571001052,0.2732034027576446,-0.3476391136646271,0.0293124485760927,-0.1971959620714187,-0.624050498008728,0.326962262392044,-0.7329292893409729,0.5326489806175232,0.3075511157512665,-0.5987350344657898,0.2507778704166412,0.4450560808181762,-0.3497938215732574,-0.4327191710472107,-0.2083632051944732,0.3930385112762451,-0.3484673202037811,-0.99841565,0.09953255,0.8862403,0.8967728,-0.7058205,-0.6210883,-1.3019066,0.937276,1.3848108,0.6758126,0.8171423,-0.34363225,-1.6720338,2.19354,-0.7552444,0.38243586,0.63613427,-0.98721176,0.74805707,0.045963746,0.35323936,0.3722468,0.564153,-1.2326049,0.75578785,0.51733,1.0024478,-0.22861399,-0.59714156,-1.1857835,0.13865906,-0.46493053,-1.1279941,-0.29667783,0.05341404,-1.0838386,-1.368998,1.2467961,0.116281115,-0.73825467,-1.0518131,0.7884765,0.4782041,-0.2885199,-0.89644885,0.06318414,1.7858942,-0.67908645,0.80860645,-0.52103,-1.0426502,-0.60367715,0.57253474,1.1651647,0.26694697,-0.21581848,1.6251148,1.1946912,-0.06953706,-0.44867817,0.19884537,0.46846718,-0.73956496,-1.0068306,0.19418266,0.55405927,-0.28674242,0.35719928,-0.08720957,0.05289565,-2.6906435,-1.2523204,0.009414981,1.4970977,-1.5787151,0.7368075,0.26029757,-1.014556,0.32813776,-0.53874457,0.46864468,-0.41439933,-0.97465897,1.2271037,-0.91302955,-1.3885404,-0.35099447,-0.54084206,-1.1613123,-0.34387192,-0.83082014,-1.8745346,-1.0465834,-0.8922743,1.6058509,0.6048042,-0.74069804,-1.090769,-1.1728966,-0.23968032,-0.050296832,1.6655467,0.3715368,-0.4912474,-0.990217,-0.5383812,-0.41365626,-0.33117798,-0.39995176,0.5155702,0.29910374,0.52145416,0.36875337,1.595406,0.5224584,0.5990788,-1.2912248,-0.21664079,-0.4428531,0.6321195,1.2146556,0.88668597,-0.7282295,0.67017907,0.35072598,0.75927615,-0.09702092,-1.3821529,0.2618585,0.4887412,0.55746335,0.01155107,2.1238134,0.9202582,-0.6227349,-0.6914949,-0.08468846,0.12258959,0.94839287,-1.246595,-0.85794055,0.4517871,-0.13972965,-0.28330728,0.49211448,-0.9501326,-0.099274784,0.7193698,1.4515405,0.035479542,-0.27597946,-0.09993899,-1.8566785,0.42162374,1.180851,0.13292374,-0.07220879,0.44801438,-1.3641741,0.8383367,-0.4579971,1.1492434,-0.85957175,0.79968953,-0.20190777,0.9204604,-0.6965573,0.41569117,-0.8036809,-2.319408,-0.38172707,0.13987705,0.54236364,-0.034296986,0.5444354,-0.3802119,0.25406393,0.36660272,-1.4899818,-0.65698683,1.632732,1.0068423,-0.12493213,1.124762,0.11878034,0.54970795,0.695638,0.2703033,0.49520636,0.33427823,1.2998333,-0.5998942,0.7722195,0.66009206,0.37357405,3.1450064,0.85178363,-1.3038754,-1.4452833,0.8628265,-2.1760092,-0.73031306,1.0711547,-1.6199932,0.6957035,-1.1387633,-0.7313597,1.8820748,0.4840188,-0.36872366,-0.9620231,-1.4625986,1.0073993,0.705301,-0.6029047,-0.0950941,-0.7833388,0.63253325,-0.6044225,-0.49894005,1.1148194,0.774301,0.35261115,1.1249919,-0.63824534,0.78239655,0.074368894,0.11979042,0.18242171,0.7756034,-0.5673026,0.49244022,0.30912107,-0.10975954,-0.4455105,0.77342457,-0.4839495,0.73585814,-0.3097874,0.7845569,0.73314273,-0.32452232,0.3169738,0.4638798,0.46276924,0.60485846,1.367298,-0.32756117,-1.8853372,-0.56461596,0.0346775,1.3721663,-0.09704336,0.4876621,0.22887652,1.7150154,-0.65383047,-0.22340897,-0.47649252,-1.0944847,-0.12690191,0.35541248,0.5103544,-0.092778414,0.21881086,-0.7572947,-0.46622884,0.23537366,0.13038236,-0.49355814,-0.99472356,-0.5869964,-0.61767226,-0.054990347,0.92846924,0.6448966,-0.3538438,-1.1623437,-0.9507208,1.1321917,1.0394498,-2.158264,-0.22980955,0.14251858,-0.84676814,0.38103774,0.60810435,0.056711394,0.19921507,0.61960006,-1.2717533,1.1073915,-9.043349e-05,0.61001784,1.7462019,0.380651,0.7185395,-1.1700845,-0.058835194,-0.33379492,0.5690491,0.5877755,-1.761488,0.87113875,-0.4153279,-0.27287415,1.320495,-1.0542715,-0.41747713,-0.9728417,-0.11096663,-0.3211684,-1.3794904,2.207428,-2.2897737,1.5667721,-1.7828778,-0.6008856,-0.92758846,-0.8383653,-0.93701905,-0.29477242,0.2092279,-0.31902304,1.1974941,0.38136926,0.44558606,0.12062781,-0.018753065,1.2873005,0.1565412,0.080529615,-0.44394788,-1.4171947,-0.39423692,0.4852705,-1.1908942,-1.1173944,-1.0753387,-0.43650877,0.13024314,-0.52132046,-0.5578282,0.86008304,-0.12740546,0.24031036,-1.0443405,-0.86368096,-0.12478866,-0.9759114,1.3635018,-0.6834163,1.6454724,-0.8860628,-0.47840276,0.3485808,-1.3599885,0.172082,-0.13994588,2.1413357,0.1821134,0.7446826,0.51106036,0.4251157,0.07366236,-0.89886665,1.5231048,0.2718808,2.0723846,0.25630808,-0.40871334,1.3990837,-0.14333622,0.51937795,-0.2431576,-0.1356476,1.9433362,-0.47181314,-0.74812275,0.08537695,-0.08298601,-0.1648402,-0.2592403,0.35613313,0.30892542,-0.0797498,0.6303902,0.58420587,-0.64660716,-1.1190753,-0.35937658,1.0409819,1.3385996,1.5768851,1.2785878,-0.3247527,-0.7488212,-2.0168364,0.23823299,1.3657441,0.87468314,0.19836468,-1.7836745,0.4459142,0.44088987,0.739779,-1.7301753,-1.7060542,1.5646151,0.19921093,0.53961486,1.5968909,-0.722613,-1.6244577,-0.5424827,-0.05145298,-0.45686686,-0.80361676,-0.74904776,0.20261842,-0.31909323,1.1320156,1.1448946,0.74044174,-0.20435974,-0.87431747,0.38501677,0.1769348,-0.8147126,-0.10290876,0.14944646,0.40654677,-1.2934251,-0.49650398,0.70932686,-2.0868363,0.7458479,-0.03640078,-0.28857553,-0.10776695,-0.104951605,-0.9901532,0.21633583,0.2949918,-1.0875306,-0.07218757,0.7189246,-1.6996999,-1.3449224,0.7405488,1.3109094,-0.44022122,0.47803274,0.28599378,-0.33761948,0.59192216,-0.010715306,-0.7905693,-0.06288418,-0.2591587,-0.11208139,-0.4357528,-1.7243396,-0.4325434,0.5006076,-1.0646344,-1.5538676,1.2149222,0.35607874,-1.4130274,-0.8632504,-0.1448192,-0.16943519,0.8616705,0.83982223,-0.24687812,-0.039727006,-1.1164886,0.059650164,0.2765299,0.11524129,-0.09409334,0.10400959,0.37366712,-0.5523097,0.56802154,1.684466,0.28713962,1.5463235,1.4437776,0.3840232,-0.091712475,1.0152923,-0.3882454,-0.26049292,0.55310076,-0.8825394,-0.7631674,1.3081242,0.10462075,-0.38260278,0.11676163,0.78754497,-0.39804485,-0.5611117,0.20501727,0.70033073,1.3873672,0.9849222,1.4431791,0.091224454,-0.08941233,-0.69154364,0.80581534,-1.2016551,-0.6255702,-0.63498515,0.551834,2.1398082,-0.669693,0.2987189,0.74994874,-0.9676713,-1.1927919,0.3826249,0.33202505,-0.77392447,-0.80144763,0.6571978,-1.2242806,0.34629288,-1.8657165,-0.5173583,0.718385,1.1509377,-0.66474277,-0.017408669,0.8676526,0.4023781,-1.057651,-0.09875931,1.14813,2.0468535,-0.044284184,-0.6291848,0.88350785,-0.381282,-1.5338581,-0.18963957,-1.2346807,-0.62538564,0.10885836,-0.48714146,-0.17703117,-0.33311114,-0.9520408,1.4938593,0.0020707722,-0.5320302,0.6083188,-0.86718667,1.2465378,-0.13060775,-0.55852234,1.3696983,0.81956047,-1.6278129,0.7212852,-1.6320033,1.439871,-0.52307105,1.2561167,1.4365575,0.72804683,-0.45672098,1.4330868,-0.8354971,-0.2145633,-0.5666491,0.49087894,-0.8222588,0.47968572,-1.8597183,1.0977826,-1.2326688,-0.89320904,0.14407296,0.46998608,-0.19376451,-0.05206785,-0.7402475,0.25791836,0.31511563,-0.80392116,0.741528,1.5794507,-0.25812858,-0.9907662,0.4839878,0.49448198,-0.24618809,0.17417689,2.505232,0.092370704,0.52894187,-1.470818,-0.7726618,0.33781224,-0.26565206,-1.1754986,-0.30265793,-0.063980654,-0.3460027,-0.17953546,-0.2089463,1.1260105,-0.27723408,0.61133283,0.46780628,-0.80154634,-0.13727333,-0.06287822,-0.29693383,-0.80335826,-1.5902882,0.39555687,0.20394152,-0.8907302,0.4619336,1.1245073,1.4972036,0.7420018,-0.3794632,-1.0951724,0.9804696,0.6623105,0.81691456,-0.9423843,-1.4715922,0.21980399,1.1190736,-0.25637522,0.47757757,0.22249034,-0.43409625,-2.0140715,0.99620754,0.18701223,0.039699264,0.9155103,0.023105932,-0.095827416,1.0695143,-0.24070042,0.06795534,0.07076531,-0.54373777,-0.10296083,0.27521002,-1.3775096,0.35890913,-0.35266453,0.2133935,-0.44045913,0.27051407,-1.7649043,0.92224026,0.19937444,0.72125596,0.61266273,-0.0911545,-1.3994762,-0.5300092,-0.0013058186,1.5813062,1.1896998,-0.12798156,-0.4875456,-0.43115744,1.4678056,0.55265534,-0.023404507,0.017421054,0.07005191,-0.2452112,-0.17792223,-1.0808644,-0.66136956,0.27353323,0.22308771,-1.0189061,1.4088278,-1.9068413,0.58256006,-0.22923332,-1.1600437,0.23352149,0.29268944,-0.3476361,2.162935,1.1601775,-0.36155993,-0.3683563,0.2316857,1.0286616,-0.27149945,-0.13267308,-1.1720484,0.7998239,1.472366,0.43008307,-1.2219996,-0.36084023,0.22839043,-0.34448016,1.1220118,-0.49799716,-0.41119152,-0.71361154,-0.3069358,-1.2110784,-0.85698557,-0.55733895,0.41197574,-0.9993571,0.51765186,-0.5278824,-1.1852611,0.48006195,-0.2161023,0.092422925,-0.26355013,1.1688806,0.090321034,0.5620259,0.363591,-0.53060883,-0.43448746,-1.1070037,-0.48303366,0.37437466,-0.842306,0.59220266,0.46171698,0.9972245,1.5879788,-0.09510669,-1.6223933,0.6819257,0.3640275,0.2926435,-0.33778906,-1.2183731,-0.5070811,0.08807942,0.9301695,1.1600163,-1.4612559,-0.45902312,-0.16334784,0.10849948,0.050084036,0.5157436,-0.014899771,0.43674162,1.5965972,1.3898308,0.14084119,,,,,,,,,,,,,,,,,,,,,,,,,,,,,,,,,,,,,,,,,,,,,,,,,,,,,,,,,,,,,,,,,,,,,,,,,,,,,,,,,,,,,,,,,,,,,,,,,,,,,,,,,,,,,,,,,,,,,,,,,,,,,,,,,,,,,,,,,,,,,,,,,,,,,,,,,,,,,,,,,,,,,,,,,,,,,,,,,,,,,,,,,,,,,,,,,,,,,,,,,,,,,,,,,,,,,,,,,,,,,,,,,,,,,,,,,,,,,,,,,,,,,,,,,,,,,,,,,,,,,,,,,,,,,,,,,,,,,,,,,,,,,,,,,,,,,,,,,,,,,,,,,,,,,,,,,,,,,,,,,,,,,,,,,,,,,,,,,,,,,,,,,,,,,,,,,,,,,,,,,,,,,,,,,,,,,,,,,,,,,,,,,,,,,,,,,,,,,,,,,,,,,,,,,,,,,,,,,,,,,,,,,,,,,,,,,,,,,,,,,,,,,,,,,,,,,,,,,,,,,,,,,,,,,,,,,,,,,,,,,,,,,,,,,,,,,,,,,,,,,,,,,,,,,,,,,,,,,,,,,,,,,,,,,,,,,,,,,,,,,,,,,,,,,,,,,,,,,,,,,,,,,,,,,,,,,,,,,,,,,,,,,,,,,,,,,,,,,,,,,,,,,,,,,,,,,,,,,,,,,,,,,,,,,,,,,,,,,,,,,,,,,,,,,,,,,,,,,,,,,,,,,,,,,,,,,,,,,,,,,,,,,,,,,,,,,,,,,,,,,,,,,,,,,,,,,,,,,,,,,,,,,,,,,,,,,,,,,,,,,,,,,,,,,,,,,,,,,,,,,,,,,,,,,
オ,0.5296596884727478,0.2130906283855438,0.4559382796287536,-0.3788235783576965,0.0963736400008201,0.229296863079071,0.2386744916439056,0.2548413276672363,-0.0763473808765411,-0.5995948910713196,0.3987560868263244,-0.4263967275619507,0.4475667774677276,-0.2476707696914672,0.6969519257545471,-0.0656861960887909,0.0709809884428978,-0.1644545197486877,-0.0108748702332377,-0.3702743947505951,-0.7576481103897095,-0.413432627916336,0.3180697858333587,0.3614082336425781,0.053830225020647,-0.3144461810588836,0.024836154654622,0.22332763671875,-0.1629917174577713,0.0653100684285163,-0.163625493645668,-0.366718590259552,-0.2875009775161743,-0.143985703587532,-0.1412046998739242,0.7164433598518372,0.0447980128228664,-0.334321528673172,-0.048272281885147,-0.4448588788509369,0.2024504095315933,-0.0392537266016006,-0.0778143554925918,-0.4906745254993438,-0.4244580864906311,0.3569748103618622,0.1421144604682922,0.4508043527603149,0.3910716772079468,0.065802477300167,-0.2395339757204055,0.3987994194030761,0.2064034640789032,0.0377097837626934,0.5504782795906067,-0.1333968788385391,0.3774928748607635,-0.541711688041687,-0.0768055692315101,0.2613519728183746,-0.3717130422592163,-0.2485538125038147,0.521899402141571,-0.136066272854805,0.0811342075467109,0.026225758716464,-0.2150810807943344,-0.1482564061880111,0.0450063794851303,-0.7747994661331177,-0.2178253978490829,0.2925040125846863,0.3747594952583313,-0.3835846185684204,0.6918500065803528,-0.3065555095672607,0.2237822115421295,0.1153149232268333,0.2371601611375808,-0.2251027226448059,-0.3462476432323456,0.2766848802566528,0.2552945911884308,-0.7245570421218872,0.0226185377687215,0.0493616014719009,-0.4940282702445984,-0.9880563616752625,0.452703058719635,-0.3511286675930023,-0.0228992886841297,0.0741178765892982,0.2153235077857971,0.2377034276723861,0.0652189552783966,0.1718862056732177,0.1264184862375259,-0.2441621720790863,-0.2346249967813491,0.2505479454994201,0.0868691354990005,0.4093315303325653,0.32750204205513,-0.1709804832935333,-0.2634230852127075,0.0760699585080146,-0.1548914760351181,0.2174850106239318,0.2510367929935455,0.0809057801961898,-0.3745799660682678,-0.2978120148181915,-0.4654948711395263,0.2725546658039093,-0.0209189262241125,0.1435899883508682,-0.198187306523323,0.3388965129852295,-0.4349301159381866,0.6078699827194214,-0.2538466453552246,0.7915907502174377,-0.0356875881552696,0.3047783374786377,0.2150291949510574,0.5052955746650696,0.0175789315253496,-0.0272460542619228,-0.1284803003072738,-0.2572053372859955,0.0357783772051334,-0.0579200908541679,-0.6814077496528625,0.0921545028686523,-0.2537298202514648,0.9225340485572816,-0.0114336526021361,-0.0479016825556755,-0.136097177863121,-0.4668779373168945,-0.1524674445390701,-0.1324257403612136,0.2752945125102997,-0.4046907126903534,-0.1197020336985588,0.1626258939504623,-0.2094656676054,-0.4744023382663727,0.4888186752796173,0.3426395952701568,-0.391703337430954,0.8269580006599426,-0.7304170727729797,0.0575210861861705,-0.0262061338871717,0.3646568357944488,-0.7473659515380859,0.1510887295007705,0.0498598143458366,0.5594866871833801,0.0929848328232765,-0.4336896538734436,0.1997489929199218,0.3209051787853241,0.1022119894623756,0.4263670146465301,0.4947990477085113,0.234954759478569,0.1953546553850174,0.4709454476833343,0.0561673045158386,0.4962971210479736,0.0458567067980766,-0.2137681096792221,0.4985187947750091,0.2918106913566589,0.1293936520814895,0.2646268904209137,0.0680747330188751,-0.5479270219802856,-0.0365224033594131,-0.1630211323499679,-0.0103595312684774,-0.1495637893676757,0.4607514441013336,-0.16131691634655,-0.0502539128065109,0.1145083829760551,-0.2079464346170425,0.1704038232564926,0.0367571040987968,-0.262583464384079,0.3753058016300201,-0.6912090182304382,0.0999286249279975,-0.3194076120853424,-0.3274402320384979,-0.3803856372833252,-0.302856832742691,0.3924706578254699,0.0625739246606826,-0.0227741338312625,-0.1504396349191665,-0.1841774731874466,-0.8772600889205933,-0.3443240523338318,0.072902612388134,0.655198872089386,0.360122412443161,0.2266106456518173,0.0718065351247787,0.2478867173194885,0.4675061106681824,0.0748334527015686,0.1430813670158386,-0.0019422065233811,-0.2316767424345016,-0.1867131143808365,0.1263024359941482,-0.1210856661200523,0.4201357662677765,-0.0982303693890571,0.3487502336502075,-0.0542345009744167,-0.406590849161148,0.2436564266681671,0.0867293998599052,-0.3940061628818512,0.0503381453454494,0.7268115282058716,-0.2607754468917846,-0.6348714232444763,-0.4985277056694031,-0.0947990268468856,-0.6508302092552185,0.0662958398461341,-0.268383651971817,0.2855084538459778,-0.349700003862381,0.112674169242382,-0.1744929105043411,-0.4754193425178528,-0.1815786063671112,-0.2118682861328125,0.0328344888985157,0.1429506987333297,-0.0228110589087009,-0.1918207108974456,-0.51520836353302,-0.035258699208498,-0.3487142920494079,-0.4789979457855224,-0.0031026471406221,-0.5512425303459167,0.4469566941261291,0.2267684787511825,0.519576370716095,-0.0401957146823406,0.2230084687471389,-0.021178001537919,-0.0647084936499595,-0.8502422571182251,-0.1223883181810379,-0.082101322710514,-0.5005362629890442,-0.0289797261357307,0.0161732789129018,-0.4629672467708587,-0.3051377236843109,-0.4279847145080566,-0.0537696257233619,-0.4275308847427368,-0.4585559368133545,0.0507671535015106,-0.0609349831938743,0.121000550687313,-0.1441505849361419,0.4983959794044494,-0.4443674683570862,0.157625675201416,-0.6233783960342407,0.1977990418672561,-0.6939910650253296,-0.2582651376724243,0.0102615738287568,-0.2509933710098266,-0.385790079832077,0.1677277833223343,-0.4675479829311371,0.3769758343696594,0.3340494334697723,0.0589170567691326,-0.4295046031475067,-0.0234155897051095,-0.379841536283493,0.1281551122665405,0.2171487510204315,0.7272565960884094,0.2176287770271301,-0.0618875958025455,0.1726910173892974,0.4014920890331268,0.1911408603191375,0.1473643630743026,-0.1017887517809867,-0.2969529330730438,0.0840102732181549,0.055018100887537,0.6373216509819031,0.1061175316572189,-0.0175985414534807,1.0461182594299316,-0.3499410450458526,0.2470925748348236,0.49268639087677,0.2864406108856201,-1.7427469491958618,0.0124134626239538,-0.1290074437856674,0.0475340001285076,-0.2400045990943908,0.28074511885643,-0.0035546065773814,0.137170597910881,-0.459278792142868,-0.5403351783752441,0.9039117693901062,0.2878541350364685,-0.0093382988125085,-0.5122708082199097,0.3493413031101227,-0.2350283712148666,0.0298427008092403,-0.4780119359493255,0.2126775383949279,0.4782304167747497,-0.4107668399810791,0.0539882034063339,-0.1659918874502182,-0.537499725818634,-0.083966925740242,0.1677630394697189,0.1615692526102066,0.247225672006607,-0.5302152037620544,0.1380523741245269,0.3138780891895294,0.4008596837520599,0.7858495712280273,0.3039855659008026,-0.0616408102214336,0.0577767044305801,0.4450687170028686,0.1350419074296951,0.4254122972488403,-0.2856252193450928,0.1758316755294799,-0.0475820116698741,0.8534377217292786,0.0125897396355867,0.0911166295409202,-0.0015497871208935,0.1213041767477989,0.2295670956373214,-0.081953153014183,0.3548986315727234,0.1464321017265319,0.0478751249611377,0.1907066702842712,0.5322242379188538,0.5807309746742249,0.1449556350708007,-0.2838995158672333,-0.3661825656890869,0.0364569164812564,-0.321286529302597,-0.6244051456451416,-0.3386206030845642,-0.3438629508018493,-0.1222211271524429,-0.4495676457881927,0.2929139733314514,-0.0296255443245172,-0.5183850526809692,0.0549229495227336,-0.3556650280952453,-0.4252268970012665,0.3321499228477478,-0.0532559305429458,-0.7333111763000488,0.5861435532569885,0.2217282354831695,0.2881442606449127,-0.5338570475578308,-0.6530799865722656,-0.0423921756446361,-0.2733902633190155,-0.3039427995681762,0.1676573008298874,-0.3308295905590057,-0.0540301539003849,0.3473367393016815,-0.0784889757633209,-0.0932381302118301,-0.3437794744968414,-0.2950970530509949,-0.7089868783950806,0.1887605041265487,-0.0504166632890701,0.3232135474681854,0.0219684243202209,0.2221865206956863,0.2203065305948257,0.0448722839355468,-0.2711859345436096,0.0839256197214126,-0.3249978721141815,0.5804333090782166,0.3907267451286316,0.1664255708456039,0.581920862197876,0.4442465603351593,0.2811322212219238,0.5245891809463501,0.0202089324593544,0.0134099787101149,-0.610522449016571,-0.3011751174926758,0.7100160717964172,-0.0379120931029319,0.2432178258895874,-0.107879638671875,-0.0181926805526018,0.6090810298919678,-0.0324829034507274,-0.5741919279098511,0.0005142665468156,0.0738754346966743,-0.1841550320386886,0.262513518333435,0.6575903296470642,0.8228428959846497,-0.0232491437345743,0.0209028869867324,-0.140678659081459,-0.1875307261943817,0.3151618540287018,-0.1306444257497787,-0.1179750114679336,-0.2945268750190735,0.0095409927889704,0.2994397580623626,0.6596575975418091,0.2006724327802658,0.6231606602668762,0.3094731569290161,-0.3437167704105377,0.2674251198768616,0.435273140668869,0.4795292615890503,-0.2945265173912048,-0.2899815738201141,-0.3539811670780182,0.0258303135633468,-0.3896693289279938,-0.0662572011351585,0.6731356978416443,-0.1594995409250259,0.1768974959850311,0.0076765068806707,-0.6110824346542358,-0.6220504641532898,-0.3782775104045868,0.1608152389526367,-0.0992601439356803,0.1433831602334976,0.2025719732046127,-0.0135760903358459,-0.4930251836776733,0.1857774257659912,0.0561464726924896,0.2988999783992767,0.5034912824630737,-0.1536019593477249,-0.0901676565408706,0.0035907886922359,0.0382498726248741,0.0676893964409828,-0.1810710877180099,0.0458883009850978,-0.2628243565559387,-0.4944120943546295,0.0162131208926439,0.1840128451585769,0.2542142868041992,-0.1465330421924591,0.6534149646759033,0.1324674189090728,-0.5132039189338684,-0.565060019493103,-0.237240582704544,-0.2221661806106567,-0.0452727153897285,-0.4980322420597076,-0.0901912376284599,0.0443757846951484,0.3667648136615753,0.0876772403717041,0.2802462577819824,-0.3576146960258484,0.0792291760444641,0.2387515604496002,0.6340348720550537,-0.1300701349973678,0.2300144582986831,-0.1985842436552047,0.0217490531504154,0.0881654992699623,0.0755990594625473,0.0594925098121166,-0.1432090848684311,-0.536220908164978,-0.6978509426116943,-0.3783296048641205,-0.1789586842060089,-1.0786592960357666,0.5394381880760193,0.1386258453130722,0.2410538047552108,-0.4676302969455719,-0.4629960358142853,-0.147763043642044,0.3010770082473755,-0.115580216050148,0.4248737096786499,-0.2177674025297165,-0.5781479477882385,-0.0497000403702259,0.1251947283744812,-0.6601473689079285,0.9405031204223632,0.2545405626296997,-0.4916508197784424,-0.3954956829547882,0.387395292520523,0.1958344131708145,-0.2218459993600845,0.1072808057069778,-0.1325920820236206,-0.5393648147583008,0.1550326347351074,-0.3469339609146118,0.3210111856460571,-0.1543601602315902,-3.526743239490315e-05,-0.1246603056788444,0.5851903557777405,0.3443279862403869,0.2443006783723831,0.0775589197874069,-0.2279006391763687,-0.2089708745479583,-0.2480691522359848,0.3257020711898803,0.1407943069934845,0.3850536048412323,-0.1766823679208755,0.3162503838539123,0.5831259489059448,-0.8466090559959412,0.0867414474487304,0.7604172825813293,0.4110320210456848,0.444315493106842,-0.1525647640228271,0.03209038823843,-0.8170374035835266,0.1355699896812439,0.1418216824531555,-0.0172215569764375,0.4570207893848419,-0.0356507040560245,-0.1375111788511276,-0.4097650349140167,-0.0168074183166027,0.4003950655460357,0.1728287488222122,0.0364892520010471,0.4355419874191284,-0.1556229144334793,0.5133227705955505,0.3383309543132782,-0.2615169286727905,-0.3602937161922455,0.0543467439711093,0.4090258181095123,0.7752847075462341,0.1817598491907119,0.3601688146591186,-0.7150218486785889,-0.6305393576622009,0.3012827634811401,0.0831094086170196,0.3051785230636596,0.5014293193817139,-0.2748686373233795,-0.0627902820706367,0.6112644672393799,0.2978948354721069,-0.0707817524671554,-0.3294468224048614,-0.4165408909320831,-0.1707163900136947,-0.2366679608821869,-0.5008911490440369,0.2017518132925033,0.0845913216471672,-0.0467947907745838,0.2117699682712555,0.0154199143871665,0.0983888357877731,0.5822260975837708,0.0028719732072204,-0.305047333240509,0.2047902196645736,0.0614336542785167,-0.0901422724127769,0.0808300226926803,-0.2235193252563476,-0.2465935945510864,-0.0241717658936977,0.2415190041065216,-0.1573673337697982,0.2025086134672165,0.0340979881584644,0.1619161665439605,0.3305917084217071,-0.4448821544647217,-0.1901049017906189,-0.314644455909729,-0.3174638450145721,-0.1307286322116851,-0.6577920317649841,-0.3597747385501861,-0.0309588555246591,-0.0471150875091552,-0.1592544317245483,-0.05937360227108,-0.4678713381290436,-0.2325161099433899,-0.4492211043834686,0.2522855401039123,-0.1734455525875091,-0.8417651653289795,0.3823029398918152,0.2627186775207519,-0.1252967417240142,-1.1999207735061646,0.247536301612854,0.1704616248607635,0.2441152334213256,0.1721053123474121,0.704698920249939,-0.3422385454177856,-0.2607019543647766,0.0875810459256172,-0.2855316996574402,0.2547450661659241,-10.516351699829102,0.1059780791401863,-0.4225786030292511,-0.3998930752277374,-0.3504877388477325,0.3931498527526855,0.6256321668624878,0.5662823915481567,-0.1955859363079071,0.1214233934879303,-0.0340548641979694,0.0915949419140815,-0.0144770285114645,0.6837878823280334,-0.5207838416099548,-0.3065536618232727,-0.2305571138858795,-0.0215277168899774,-0.0403221026062965,-0.2391912043094635,0.1143146902322769,-0.284472644329071,0.5086359977722168,0.7366798520088196,0.5462241768836975,-0.4084236323833465,-0.2611879706382751,0.0024734144099056,-0.2027534991502761,0.5919749736785889,-0.6013648509979248,0.5325713157653809,0.0364352501928806,0.3010843992233276,-0.1525362879037857,0.2529691159725189,-0.4028312265872955,0.6683297157287598,-0.0390014834702014,0.4041423201560974,0.3153025507926941,0.4241274297237396,-0.025679500773549,-0.0304168835282325,0.1748992651700973,0.2391737103462219,0.469064712524414,0.0111696710810065,0.5418323874473572,-0.2422156333923339,-0.1271032989025116,0.1338433921337127,0.0682288780808448,-0.0943486765027046,0.4556112885475158,-0.0305458642542362,0.6394035816192627,-0.6745585203170776,-0.031642060726881,0.0643760710954666,0.3380284905433655,-0.0773757696151733,0.3833673596382141,0.444365918636322,0.30074143409729,0.4105566740036011,0.5217416882514954,0.3653739690780639,-0.9130431413650512,-0.2377991825342178,0.1625676453113556,0.471616268157959,-0.0950486809015274,0.3251329064369201,-0.2567318379878998,0.3133965134620666,0.3614666759967804,-0.2959363758563995,0.0550640672445297,-0.0280053783208131,0.2839506864547729,-0.3029759228229522,0.0833558365702629,0.2407184094190597,-0.621874213218689,0.0487202405929565,-0.0832330659031868,-0.04812478646636,0.259869247674942,-0.4461257457733154,0.2382365614175796,0.0838035121560096,-0.5344372987747192,0.5065318942070007,0.4480125904083252,0.0181824807077646,-0.121032990515232,0.2265196144580841,0.4854059219360351,-0.0247120037674903,-0.9341087,-0.60016114,0.89612037,1.6658283,-0.50750774,0.063711844,-0.47141096,0.45781744,0.9560289,-0.7166023,1.0112005,0.015580098,-2.0350714,2.3207636,-0.17871511,0.4336443,1.7132858,-0.806559,0.3540034,-1.2475206,1.2083611,-0.12302359,1.050083,-0.3641695,0.6440878,1.2878536,0.73244685,-1.003743,-0.4193585,-0.01871066,0.35838175,-0.15732612,-0.65686995,-0.5127952,-0.3350978,-1.511806,-1.5314101,0.8362556,0.6094486,-0.7691877,-0.8846219,0.620562,-0.052236225,-0.50638586,-1.1505,0.015913874,2.0634482,-0.46659172,0.11202094,-0.9184759,-0.5419983,-0.30600822,0.4845226,1.1391737,1.4642667,-0.2065521,1.0648351,1.0652289,0.9094217,-0.8117903,0.8455698,0.9611578,-1.8993196,-0.005136609,0.7691905,1.1856354,-0.12668969,-0.48053658,-0.88837403,-0.7337411,-2.4263465,-0.44083163,0.1209558,0.7379446,-1.0885005,1.3027669,0.24093209,-0.82556933,0.40261936,-0.20414321,-0.075728215,0.20693226,-1.122375,1.5194888,-0.5818236,0.11797303,-0.5048677,-0.2844449,-1.4589391,0.14480908,0.38994274,-0.8536101,-1.4156289,-1.6264687,1.2573848,-0.32628223,-0.5891412,-0.17101996,-1.1294345,0.014322122,0.055382352,0.729768,-0.58844614,-0.505885,-1.3211304,0.34949815,-0.45537412,-0.45141062,-0.7939208,1.3759967,-0.06529078,0.60669833,0.043277908,1.3651767,1.4243165,1.5300833,-0.51974136,-1.2514472,-0.10697597,-0.4491501,1.1391469,-0.08921268,-1.4186939,0.28010044,-0.08800777,0.99440545,0.8415167,-0.65957546,1.0613266,0.2519168,0.5497263,-1.3013469,1.5202203,0.372972,-1.2081896,-0.8140781,-0.20398068,0.5022208,-0.45003605,-0.7468142,-0.27822995,-0.7573307,-0.6683934,-0.104435384,0.16107067,-2.073368,-0.33501565,0.7210589,0.6873954,0.514208,0.58011526,-0.501566,-0.95237046,0.51526,0.7510043,-0.2109667,0.46635488,-0.39454088,-1.4229184,1.1854552,1.2961377,1.630726,-0.8171208,0.20936354,0.32713377,0.8592992,-1.2445999,0.5112992,-0.59627384,-1.6450018,-0.36748102,-0.32399556,0.6679817,0.002142946,0.81794953,-0.857577,0.2933329,0.28028914,-0.851816,-0.049012106,0.72863394,1.2540947,0.07401351,1.3191551,0.07323889,0.543909,0.7420194,0.27009168,0.03141787,0.52380663,0.7009881,0.07635489,1.0162957,1.4854437,1.3165046,2.6332262,0.83198375,-1.6336217,-1.168435,-0.28939041,-2.390487,-0.8252607,0.7339582,-1.0882654,1.7419662,-1.3661073,-1.1340462,1.5943071,0.26923883,-0.23903352,-1.3996329,-0.8272326,0.6842379,0.8414712,-0.3023983,-0.15177755,-0.44091055,0.68832684,-0.15814285,-0.23836207,0.41658184,0.69179267,-0.50981736,1.426066,-1.5448341,0.48650572,0.8116519,1.4975748,0.8332927,0.53893965,-1.3400406,0.28078997,0.5593889,-1.2958717,-0.4802176,0.5560209,0.47912738,0.8164916,-0.3647546,-0.07800133,-0.053008795,-0.99327135,-0.18197574,-0.03287534,0.53766614,0.33844492,2.1325133,0.18215363,-1.2174593,-0.25094807,0.19113745,0.5012173,0.86390805,0.3887526,1.1725718,0.8435103,-0.11576847,0.73969316,-0.25749817,-0.1879846,0.092685245,0.5758652,0.07531101,0.7834098,0.30293402,-0.180149,-1.0279814,0.6317826,-0.026944438,-1.099449,-1.2350439,-0.771624,-0.90611625,0.46228912,-0.6646161,-0.31179234,-1.4354734,-0.67541665,-1.4776716,-0.059928138,0.6824274,-1.3715783,-0.89244395,0.43614075,-0.483714,0.76471114,-0.4287306,-0.120529465,0.2569108,0.73306483,-1.5519552,1.2184836,0.22770609,1.6767288,1.2605319,0.5591793,0.7025962,-0.4237629,0.40226182,-1.0831475,0.7012128,1.0384427,-1.1019763,1.0676545,-0.021441072,-0.27945715,0.5515581,-0.8534267,-0.80786926,-0.46164998,-0.037671704,-0.42563668,-1.6772251,1.6798248,-2.0734804,1.4622375,-0.9854512,-1.0786881,-0.80570334,-0.6739157,-1.1500927,1.3758482,0.6458864,-0.04519187,0.8332157,-0.086018,-0.35595426,0.33637714,0.84896636,0.41476795,-0.024979822,0.85388595,-0.29244044,-0.95469016,0.37494108,0.42745206,-1.7544008,-1.7118416,-1.8656241,-0.35209048,0.5753548,-0.07128757,0.13158573,1.4176275,-0.7860965,0.46172786,-1.4940071,-0.13131072,0.7131207,-1.0007491,0.9984464,-0.7106278,1.6612843,-0.34918392,-0.53357846,0.25102267,-1.5564375,-0.4771633,-0.7903285,1.3341478,-0.047067236,0.6697798,0.8372763,-0.18601358,-0.15230352,-0.35227728,1.1594908,-0.89053863,1.6823953,0.1824236,-0.42369497,2.1249995,-0.018909177,0.39001945,-0.6111986,-0.09443297,1.3857044,-0.24196754,-0.02139298,0.05627775,-0.721344,-0.1842249,0.20057331,0.13617684,0.0256673,-0.68135816,0.7876606,1.0300723,-1.39914,-0.37615004,-0.7028551,0.07109204,1.0183165,1.6407167,1.3536302,-0.32586512,-1.0038232,-1.854836,0.6114861,0.6613609,0.7816789,0.4014382,-1.7981523,-0.22600631,0.5799041,0.63621014,-0.64784384,-1.9510508,1.7903711,0.60384864,0.28727165,0.82235616,-1.1103877,-1.1932808,-0.17150332,0.61635286,0.50777835,-0.7354483,-0.2877864,1.1362062,-0.86222047,1.1632091,0.7020032,-0.07494017,0.08653051,-0.21090436,0.5679312,0.8993723,-0.5002433,-0.58532387,0.6105066,0.4307491,-1.4183446,-0.44095182,0.4717902,-1.8925047,0.4853685,-0.6670285,-0.30795768,0.460904,-0.30326027,-0.8574107,-1.4916292,-0.82991105,-1.2014121,-1.2321018,-0.34055662,-1.2892257,-1.7444025,1.4762439,1.6908827,-0.74458,0.4889293,0.42425475,0.77986056,0.06078208,0.54694074,-0.18382628,0.29827717,-0.8831927,-0.7285533,-0.6434362,-0.84812546,-0.46421432,0.42051736,-1.3709784,-0.82302743,1.0609211,1.4269453,-1.6753203,-0.49671432,-0.38441953,-0.46274045,0.8048837,0.99664664,1.030213,0.34324098,-0.48700842,-0.43780556,0.1949523,1.2567145,-0.08758833,-0.036886018,0.46040556,0.063082404,-0.34337473,1.7667865,0.49924183,0.78418165,1.2480001,0.49668428,-0.85855347,0.62237394,0.85255724,-0.38076982,1.073533,-2.3009655,-0.4735547,1.4372917,-0.60667807,-0.9407117,-0.34733796,0.7613972,0.4566542,1.2429737,0.76576406,1.377746,1.3714906,0.97119886,1.7369903,-0.043928515,-0.9598538,-0.68268615,0.4967798,-0.9838163,-0.5099752,0.538647,1.1562861,1.4386071,-0.107775785,0.121661805,0.77498955,-1.1252402,-0.3417435,-0.26430514,0.25386557,-0.40727887,-0.52068824,-0.3695146,-0.7936487,0.5747282,-1.9578699,-0.20589793,-0.11844432,0.96015245,-0.495677,-0.2052639,0.33044833,0.32349885,-0.72972184,0.43882775,1.0811907,1.0476364,0.25655523,-0.8643441,-0.052632112,-0.36548212,-1.777989,-0.6253846,-0.7989769,-0.66292554,0.44379285,-0.06709448,-0.10433682,-1.0686184,-0.9946151,2.227207,-0.09222257,-0.7254576,0.72535497,-0.7915743,0.98635435,-0.78498095,-0.4244896,1.0472274,0.4966086,-1.9199196,0.5831843,-1.4484845,-0.5871974,-1.2692591,0.38360023,0.52370167,1.3960977,-0.21786277,1.1540416,-0.9327952,-0.6781928,0.23456107,1.0545858,-0.5920411,-0.051149428,-2.155055,1.0877032,-0.5043845,-1.2403426,-0.4090198,0.027849317,-0.58403736,0.19253577,-1.0629388,0.36697134,0.44884,-0.5028169,0.8739329,2.362655,-0.6897072,-0.36551443,0.27816352,0.4014734,-0.6790412,0.235032,2.776993,0.77228576,1.2878395,-1.2881867,-0.032282803,-0.009384751,0.13828178,-0.73178655,0.41041008,-0.37198892,-0.28971937,0.66500926,-0.068327755,1.0197524,-0.97491163,-0.48899922,0.52707255,-0.94346094,-0.35998118,0.09197242,-0.15448499,-1.612593,-0.8014098,1.0714091,0.87821263,0.07090057,0.09403032,0.25903156,1.7699476,0.5403467,-0.7692029,-0.88741636,1.04403,0.907571,0.67493266,0.21994601,-1.0961071,0.86146444,1.6607565,-1.534566,1.034067,-0.89311033,-0.37099627,-1.779266,0.7468109,0.2914428,0.27500078,1.6433282,0.20564175,0.53555846,0.22619627,-0.24255858,0.1721735,-1.0250589,-0.5115588,-0.07161836,-0.20722604,-0.6620448,0.13290101,-1.1431447,-0.27231714,0.82113117,1.1987432,-0.70308524,0.3072401,0.11899044,1.1272274,-0.40657774,-0.074478544,-1.4215164,-0.6359429,-0.453596,1.6994419,1.1124954,-0.1229674,-2.1406035,-0.86396486,1.2715441,0.68821627,-1.1680857,0.5436951,0.44164494,-0.9679291,-0.35587075,-1.3332366,-0.32703134,0.59079665,1.6118103,-0.6623264,0.2783878,-2.1347303,0.7456911,-0.6609097,-0.84121627,0.08486644,0.5956556,-0.84094244,1.0965699,0.99217206,-0.09109014,0.31291232,0.8924888,0.57241815,0.3925077,-0.37190798,-1.7523037,0.77590925,1.0592533,0.2504877,-1.1606803,-0.42524064,0.33947328,-0.33867308,1.4266005,-0.45017362,-0.77222896,-0.8894227,-0.34025395,-1.2149469,-0.40141273,-0.49264836,-0.8543449,-0.7179573,-0.3269805,-0.29424462,0.20288847,0.030751796,-0.8086462,0.23158173,-0.31508297,1.3714324,0.6997451,0.7521012,0.21613513,-0.31752887,-0.6813336,-1.2719755,-1.0349952,0.94166875,-0.61166275,-1.1147499,0.10886136,1.0056158,2.1826634,0.35031763,-0.861746,0.1753575,0.23744194,-0.25006837,0.5750839,-0.3068821,-0.6191625,0.38521442,-0.0858247,0.34482154,-1.372685,-0.06496907,-0.49463782,0.53506655,-0.19600095,1.3526152,0.47242746,0.7778701,1.3114743,0.785476,-0.6813163,,,,,,,,,,,,,,,,,,,,,,,,,,,,,,,,,,,,,,,,,,,,,,,,,,,,,,,,,,,,,,,,,,,,,,,,,,,,,,,,,,,,,,,,,,,,,,,,,,,,,,,,,,,,,,,,,,,,,,,,,,,,,,,,,,,,,,,,,,,,,,,,,,,,,,,,,,,,,,,,,,,,,,,,,,,,,,,,,,,,,,,,,,,,,,,,,,,,,,,,,,,,,,,,,,,,,,,,,,,,,,,,,,,,,,,,,,,,,,,,,,,,,,,,,,,,,,,,,,,,,,,,,,,,,,,,,,,,,,,,,,,,,,,,,,,,,,,,,,,,,,,,,,,,,,,,,,,,,,,,,,,,,,,,,,,,,,,,,,,,,,,,,,,,,,,,,,,,,,,,,,,,,,,,,,,,,,,,,,,,,,,,,,,,,,,,,,,,,,,,,,,,,,,,,,,,,,,,,,,,,,,,,,,,,,,,,,,,,,,,,,,,,,,,,,,,,,,,,,,,,,,,,,,,,,,,,,,,,,,,,,,,,,,,,,,,,,,,,,,,,,,,,,,,,,,,,,,,,,,,,,,,,,,,,,,,,,,,,,,,,,,,,,,,,,,,,,,,,,,,,,,,,,,,,,,,,,,,,,,,,,,,,,,,,,,,,,,,,,,,,,,,,,,,,,,,,,,,,,,,,,,,,,,,,,,,,,,,,,,,,,,,,,,,,,,,,,,,,,,,,,,,,,,,,,,,,,,,,,,,,,,,,,,,,,,,,,,,,,,,,,,,,,,,,,,,,,,,,,,,,,,,,,,,,,,,,,,,,,,,,,,,,,,,,,,,,,,,,,,,,,,,,,,,,
ショ,0.2283046543598175,0.7893311381340027,0.0002191139356,-0.6902463436126709,-0.0322711952030658,0.3078213036060333,-0.0776218995451927,0.1385055631399154,-0.307710587978363,-0.9315041303634644,0.3054232001304626,-0.1109748557209968,-0.4459404647350311,-0.0996417105197906,0.1776837706565857,-0.4852660298347473,0.0401610173285007,-0.0134229026734828,-0.0505378022789955,-0.0341332331299781,-0.2417245507240295,-0.556867778301239,-0.4496956169605255,0.2448222935199737,0.4373019635677337,-0.3461832702159881,-0.0142757790163159,0.0985774174332618,-0.5866209268569946,-0.3628644943237304,-0.4657578766345978,-0.5387494564056396,0.0494318343698978,-0.4167186021804809,0.4062129259109497,0.2994683682918548,-0.0870691910386085,0.0304260961711406,0.2669069766998291,-0.0707496330142021,-0.0080563453957438,-0.0702925696969032,-0.2776798009872436,-0.0727240741252899,-0.0792584493756294,0.8468161225318909,0.2511501610279083,0.2846473157405853,0.4308345913887024,-0.0018579602474346,-0.0010998815996572,-0.0467871390283107,0.3165131509304046,0.025285767391324,0.0120886946097016,0.0684144794940948,0.6536592245101929,-0.0144177405163645,-0.3476441502571106,0.0693854913115501,-0.4562488198280334,0.0313112847507,0.3036544919013977,0.005027262493968,-0.2192065566778183,-0.1500294804573059,0.4743776023387909,0.1473022252321243,-0.3359768092632293,-0.1785911619663238,0.0840024426579475,0.1593953073024749,-0.248061791062355,0.1610981374979019,0.6911993026733398,-0.3003669381141662,0.0133655928075313,-0.1470380574464798,0.1199872717261314,-0.3492861688137054,-0.361040711402893,0.4608188569545746,0.1373608857393264,-0.3317233920097351,0.0784028246998786,-0.0385733768343925,-0.7942039370536804,-0.6507061123847961,0.153903841972351,-0.3451766669750213,0.2203884273767471,-0.2594058513641357,0.7485365867614746,0.2210970520973205,-0.0954062342643737,-0.2304647862911224,0.0470966026186943,-0.3146321773529053,-0.2619018256664276,0.360745370388031,-0.0104028638452291,-0.1236327737569809,0.1224168241024017,0.0555003061890602,0.1953674703836441,-0.1366733312606811,-0.2703933119773865,0.1406367272138595,0.0569855943322181,0.2678821980953216,-0.0567926503717899,-0.2268359959125518,-0.2643816471099853,0.3920008540153503,-0.1269684582948684,0.058653887361288,0.1884495764970779,0.4199928045272827,-0.0137902041897177,0.4407359361648559,-0.0089259659871459,0.4899837374687195,0.0690595433115959,-0.1809606701135635,-0.4526049196720123,0.1499457210302353,0.1568612456321716,-0.1987604945898056,-0.0386988036334514,-0.0097035020589828,-0.2299094498157501,0.2878966629505157,-0.2240998744964599,-0.0721627920866012,-0.4704104959964752,0.3075213134288788,-0.2285592705011367,-0.1183796450495719,-0.1612482666969299,-0.3302449584007263,-0.1533427089452743,0.0167674571275711,0.3135737180709839,-0.0488338619470596,-0.2149965465068817,0.2336686849594116,-0.146126314997673,-0.2890873253345489,0.7907119393348694,0.5156090259552002,0.0441646166145801,0.9926066994667052,-0.4048353731632232,-0.0164082292467355,-0.0408914349973201,-0.085323691368103,0.1767033189535141,-0.0835229754447937,-0.3299405872821808,0.5364565253257751,0.0305974055081605,-0.5981964468955994,0.3848862051963806,0.4782348275184631,0.0437444932758808,0.3629408180713653,0.3760019540786743,-0.0739018321037292,0.3606743216514587,0.6854245066642761,0.4467895925045013,0.3419089615345001,0.2648241817951202,-0.3435311019420624,0.5591753721237183,0.5352741479873657,0.0664214417338371,0.2723070383071899,-0.0696397796273231,-0.4252884984016418,0.2615151703357696,-0.1976620703935623,0.2490762621164322,-0.0110025508329272,0.3466138541698456,-0.2575240731239319,-0.2253259420394897,-0.1380408853292465,-0.1302480399608612,-0.2735597789287567,-0.2346334606409073,-0.1058368980884552,0.2140947878360748,-0.4499097168445587,-0.2071635872125625,0.0303861573338508,-0.0363090261816978,-0.261761337518692,-0.0027403347194194,0.6906111836433411,0.2178129404783249,0.2085858136415481,0.2023651003837585,-0.8777275085449219,-0.6905498504638672,-0.0285399984568357,0.2766802012920379,0.5364653468132019,0.3545885980129242,0.1301662772893905,-0.5738493204116821,0.444399356842041,0.0830921977758407,-0.2423791140317917,0.3506858050823211,0.26165571808815,-0.5516838431358337,-0.0969077050685882,0.2517367303371429,-0.7458818554878235,0.3814282119274139,-0.4416746199131012,0.0491306893527507,0.0964123457670211,-0.130419909954071,-0.4384170174598694,0.590569257736206,-0.454621821641922,0.1001112088561058,0.5076991319656372,0.0770543739199638,-0.2555280327796936,-0.4941655397415161,0.0841438919305801,-0.5211338996887207,0.3275319039821625,0.0296561922878026,0.5841538310050964,-0.0498692505061626,0.2251309901475906,-0.0007702069124206,-0.1956908702850341,0.0250802244991064,-0.1009701862931251,-0.0066939466632902,0.2973273992538452,0.0469252578914165,-0.5135172605514526,-0.5822018384933472,-0.2278046458959579,-0.4494055211544037,-0.4620478749275207,0.2182368636131286,-0.2075344771146774,0.3641126751899719,0.2450850009918213,0.2029778510332107,-0.0646495446562767,-0.1067589223384857,-0.3980338871479034,-0.2232086956501007,-0.3236328065395355,-0.0355550982058048,-0.3148984313011169,-0.1440246403217315,0.2831401228904724,-0.0511541552841663,-0.6454958319664001,-0.776977002620697,-0.3136664628982544,0.266232281923294,-0.2930109202861786,-0.2161915451288223,-0.0470464713871479,-0.8787042498588562,0.1375002712011337,0.2781213521957397,0.4777769744396209,-0.5388261675834656,0.4779895544052124,-0.2943092882633209,0.487324059009552,-0.8336783051490784,0.372710645198822,0.0355157554149627,0.1918403357267379,-0.3146290779113769,-0.5882200598716736,-0.1250039637088775,0.2707288861274719,-0.1461087763309478,-0.759894847869873,-0.3211873471736908,-0.0041881646029651,-0.4493943452835083,0.1056969314813613,0.1310553252696991,-0.0794209018349647,0.1924642920494079,0.3947439193725586,0.0587829276919364,0.2271854132413864,0.2278058975934982,-0.5150237679481506,-0.3201245963573456,-0.6626177430152893,-0.2640285789966583,-0.0084026763215661,0.8492478132247925,-0.5168153047561646,-0.0820465162396431,1.0280847549438477,-0.6598988771438599,-0.254317045211792,0.7502868175506592,0.3146312832832336,-1.5349525213241575,0.1894625127315521,0.0681430771946907,-0.2865885198116302,0.0852154418826103,0.5281539559364319,0.4286777377128601,0.6415924429893494,-0.1050516217947006,-0.3596377372741699,0.6266733407974243,0.2974497675895691,-0.2554109394550323,-0.0201659649610519,0.4516245722770691,-0.3104978501796722,0.1587794572114944,-0.3007872402667999,0.0315588898956775,0.1700054556131363,0.0962942764163017,0.0487696789205074,-0.0565310604870319,-0.3429847657680511,-0.1284970343112945,0.1359197199344635,0.2262032777070999,0.6951914429664612,-0.1495798677206039,-0.0800636857748031,0.6032885909080505,0.7330511808395386,0.5510759949684143,0.5679128766059875,-0.3005177080631256,-0.0017830366268754,0.4293340444564819,0.2978668212890625,0.3726810812950134,0.1987997889518737,0.3377734720706939,0.2786547541618347,0.2916427850723266,-0.1997235119342804,0.2618058621883392,-0.3084448277950287,0.2982898354530334,0.0537675805389881,0.161340057849884,0.6686413884162903,0.450585275888443,0.4346163868904114,-0.1545670926570892,0.4564953744411468,0.6620067954063416,0.132509246468544,-0.0345741435885429,-0.434889554977417,0.0677131414413452,-0.1501843482255935,0.4730085432529449,-0.1120481416583061,0.8207640051841736,-0.401414155960083,-0.0167322997003793,-0.0192455258220434,0.2577264904975891,-0.2546326220035553,-0.4817886650562286,-0.2938423752784729,-0.8165203332901001,-0.683810293674469,-0.2418887168169021,-0.443853884935379,0.2533622980117798,0.1449041813611984,0.2122066617012024,-0.4587754905223846,-0.2672913372516632,0.1598013341426849,-0.2482963949441909,0.2002093493938446,-0.3952578604221344,0.4420726001262665,-0.0640022158622741,-0.0927467569708824,-0.0351452268660068,-0.1798297464847564,-0.6414347290992737,-0.3546015620231628,-0.6851749420166016,0.2118288427591323,0.2456304132938385,0.4648495018482208,-0.304945558309555,-0.0362503044307231,-0.153953805565834,0.1635227352380752,0.1321999877691269,-0.5975485444068909,-0.4176119565963745,0.2444899380207061,0.2468039989471435,0.3364176452159881,0.7047562003135681,0.1856750398874282,0.3355709314346313,0.1508931368589401,0.086035244166851,0.1071151718497276,-0.2374561727046966,-0.1689526736736297,0.6010875105857849,0.000431860476965,-0.0603410862386226,0.2297626435756683,0.0991856530308723,0.0655785575509071,-0.1913573741912841,-0.4712237417697906,0.0785098075866699,0.1002240404486656,-0.3137194216251373,0.3111961781978607,-0.0041013956069946,0.672519326210022,-0.3693390190601349,-0.0032523812260478,0.3604865670204162,0.2146955877542495,0.4006662964820862,-0.4733363687992096,0.006279504392296,-0.2570718228816986,0.2697454988956451,0.3470699489116668,0.3321685791015625,0.1208919063210487,0.339318037033081,0.6675978899002075,0.04086684435606,0.2713790237903595,0.2633883059024811,-0.0681295394897461,-0.4309864640235901,0.0380658507347106,-0.112614668905735,-0.0279084481298923,-0.4654761552810669,0.0936223864555358,0.1265539228916168,-0.0400786027312278,-0.0064239646308124,-0.2158211767673492,-0.4222986400127411,-0.2465416342020034,-0.190931349992752,0.0879986733198165,0.1785637587308883,0.258786678314209,0.3916025757789612,-0.1032566204667091,-0.4911548495292663,0.5598074197769165,-0.1283477991819381,-0.069366455078125,0.1802635192871093,-0.4588852524757385,-0.2436957508325576,0.3996288180351257,-0.0660810619592666,0.1386255472898483,-0.27130126953125,0.3960331380367279,-0.0706033930182457,-0.5956684947013855,-0.0844382643699646,-0.0033354628831148,-0.3174983561038971,-0.4006783366203308,0.7325326800346375,0.1402434110641479,-0.6115754842758179,-0.6784621477127075,-0.2734947204589844,-0.4313403069972992,-0.1498757153749466,-0.5048642158508301,-0.2235249876976013,-0.19141186773777,-0.1967945098876953,0.5738834142684937,0.2716981172561645,-0.4582567811012268,0.7074304223060608,0.4335181415081024,0.4153755903244018,-0.3400882184505462,-0.40520179271698,0.0468157269060611,-0.077451191842556,-0.3228339552879333,0.2224424928426742,-0.2000925242900848,-0.0283288545906543,-0.4559940993785858,-0.6941409111022949,-0.7710542678833008,-0.1857616901397705,-0.758069634437561,0.3773366212844848,0.2222668081521988,0.0231490135192871,-0.4691428542137146,0.3682703673839569,-0.3120962977409363,0.2781900763511657,0.2773261964321136,-0.1845925450325012,0.1148344203829765,-0.631893515586853,0.139800950884819,-0.4332737326622009,-0.998008668422699,0.8505892157554626,0.4705871045589447,-0.7456851005554199,-0.1980885416269302,-0.0569831393659114,0.1255358308553695,-0.3266188502311706,0.0593798421323299,-0.2255244553089141,0.1618250608444214,0.3880086541175842,0.3295420110225677,0.1866107583045959,0.1020288616418838,-0.375136137008667,-0.2008048444986343,0.2346640527248382,0.4567102789878845,0.736954391002655,-0.1439768373966217,0.0549518130719661,-0.2308725416660308,-0.2568402588367462,0.1859365105628967,0.1064822971820831,0.4346268475055694,0.0638484209775924,0.5723000168800354,0.6819393634796143,-0.243947371840477,0.3415144085884094,0.4825946688652038,0.2448949962854385,0.4752700328826904,-0.0457554534077644,0.0954469740390777,-1.0813030004501345,0.3502972722053528,-0.1145230382680893,0.2780557572841644,-0.1324570775032043,-0.2311864197254181,0.1668270230293274,-0.2044654488563537,-0.0420801676809787,0.1655645668506622,0.0392424054443836,0.4011772871017456,0.4279835224151611,-0.1208354011178016,0.6188877820968628,0.4183763563632965,-0.3216933608055115,-0.1768267601728439,-0.2135247141122818,-0.057449422776699,1.079925775527954,0.0151468478143215,0.0323776565492153,-0.1394792348146438,-0.8818488717079163,0.4731625318527221,0.0625792369246482,-0.4225859940052032,0.6786478161811829,-0.4513055384159088,-0.2988471388816833,0.7438033223152161,0.185499370098114,0.1246291622519493,-0.0918589532375335,-0.9956426024436952,0.2553341686725616,-0.1651704460382461,-0.0420912317931652,0.4175013601779938,0.2262026518583297,0.1834922879934311,-0.1640747189521789,-0.2679892778396606,-0.0801611244678497,0.6362928748130798,-0.1089105978608131,-0.3208322823047638,0.0077819726429879,-0.2405453622341156,0.0422936603426933,-0.048470601439476,-0.0045811706222593,-0.1017855107784271,-0.2086309641599655,0.1760303378105163,-0.4114229381084442,0.0744765400886535,0.0450449213385582,0.1509630382061004,0.0081340093165636,0.0595919378101825,-0.4358670115470886,-0.6818418502807617,-0.0269382689148187,0.3204091489315033,-0.7822955250740051,-0.1549045890569687,-0.2095700055360794,-0.1892410665750503,0.2134782671928405,-0.1095760911703109,-0.7792156934738159,0.0773057341575622,-0.6258324384689331,-0.025297213345766,-0.5203964710235596,-0.0582575276494026,0.3355436325073242,0.0532894134521484,-0.2036162763833999,-0.5566251873970032,0.2885313332080841,0.2149784713983535,0.423637181520462,-0.2098501324653625,-0.0619802810251712,-0.0213649831712245,0.4444200992584228,0.2942081391811371,-0.1771599352359771,0.1417105048894882,-10.402750015258787,-0.0077664330601692,-0.5414326190948486,-0.0669736638665199,-0.4270269870758056,0.1829641461372375,0.8268499970436096,0.1709399372339248,-0.2324569970369339,0.552730917930603,0.331491470336914,0.5395879745483398,0.5592255592346191,0.5407611131668091,-0.5489458441734314,-0.057997528463602,0.0845218151807785,0.1726946532726287,-0.513979434967041,-0.2652775943279266,0.0952647626399993,-0.3621502220630646,0.6749326586723328,0.2930800020694732,-0.1599786728620529,-0.6549948453903198,-0.3670540452003479,0.4938880801200866,-0.4274978637695312,0.1864371597766876,-0.5031628608703613,0.4682232141494751,-0.2186492532491684,0.1022763848304748,-0.6303516626358032,-0.1588874012231826,-0.071713201701641,-0.0084501523524522,0.0268280766904354,0.4023565351963043,-0.1264661848545074,0.6079275012016296,0.4686408638954162,-0.1834808886051178,0.3533813655376434,0.5853736996650696,0.2267607748508453,0.3187667429447174,0.5242153406143188,-0.1416100710630417,0.1227910071611404,-0.040171705186367,0.2680443227291107,-0.6839832663536072,0.419475108385086,0.257938802242279,0.6324306726455688,-0.7606148719787598,-0.3314964175224304,0.167871281504631,0.3142702877521515,-0.1882435232400894,0.9384612441062928,0.6297095417976379,-0.2359187304973602,0.5064928531646729,0.4082295298576355,0.1923223733901977,0.0555984489619731,-0.3947871625423431,0.4501593708992004,0.3644503653049469,-0.7323861122131348,0.3435741066932678,-0.5679139494895935,0.7753034830093384,0.0115990135818719,-0.0830778256058693,0.3380842804908752,-0.0936827212572097,0.2872688770294189,0.1856337189674377,0.1969535201787948,0.2477642148733139,-0.8873093128204346,0.3959076702594757,-0.5624526143074036,-0.2822060883045196,0.2594040334224701,-0.6390024423599243,0.1025163382291793,0.2662487030029297,-0.2828689515590668,0.4093946516513824,0.456691712141037,-0.3387525081634521,0.1220334097743034,0.2254482805728912,0.2622737288475036,0.0777414664626121,-0.70196676,-0.61307317,0.58496386,1.2874827,-0.75204384,-0.12738544,-0.97323537,0.5501385,1.2348315,-0.03868501,0.57936114,0.1005557,-1.3244076,1.9022582,-0.71596366,0.20093894,1.0016357,-0.76209253,0.31646168,-0.5297729,0.63522327,0.7618832,1.050714,-0.9200995,0.5251452,0.55091935,1.0340114,-0.15745372,-0.91959625,-0.5129115,-0.0049646515,-0.55630213,-0.78927004,-0.2229993,0.14395365,-1.1896884,-1.114674,1.2554634,0.13581167,-0.7241627,-0.7604572,0.2506562,-0.13920793,0.007640845,-0.18075861,-0.0059441533,1.4486152,-0.49013233,0.9732289,-0.70249844,-0.84115744,-0.67228657,0.02553204,1.0920157,0.64106053,-0.4124247,1.2497476,0.99788636,0.25599712,-0.48297513,0.34765875,1.1588255,-1.0064585,-0.25896847,0.45219135,0.7924182,-0.2048667,-0.23057635,-0.37248474,-0.29619706,-2.4791806,-0.7959794,0.0037769014,1.4658072,-1.2954699,0.87072325,0.751241,-0.8293114,0.2620586,0.22588404,0.16492656,0.089136094,-0.7771568,1.5403544,-0.6070721,-1.0048827,-0.73586625,-0.12640649,-0.99996156,-0.20967269,-0.48736042,-1.4317546,-1.3304846,-1.3220135,1.3312677,0.21008846,-1.0945807,-0.895828,-1.5131745,-0.0012477243,0.24631749,1.4146836,0.14029962,-0.21750024,-0.7689513,-0.2771672,-0.5653904,-0.81814396,-1.0922885,0.6086725,0.08812438,0.67278224,0.7631376,1.3224614,1.0560076,0.9790182,-1.4142404,-0.41219783,-0.51120704,0.2287285,1.5337133,0.73255706,-0.8396646,0.8984883,0.16553457,0.93259495,0.28177458,-1.082643,0.3293329,-0.091947,0.7793842,-0.15006208,1.868336,0.36399013,-0.8469671,-0.7587196,-0.17563272,-0.18468393,0.6567955,-1.2781672,-0.5840902,-0.23889664,-0.314458,-0.4223026,-0.014746078,-1.2399178,0.033232827,0.7900637,1.0536237,-0.1296781,-0.004936412,-0.08125595,-1.22486,0.5743788,0.66601753,0.14689043,0.07697132,0.23267953,-1.1875525,1.288048,0.42799774,1.0864038,-1.0673833,0.31009912,-0.30906084,0.90772027,-0.7610967,0.5711219,-0.59698176,-2.3165295,-0.66495156,0.15784751,0.43863901,-0.014468365,0.6092076,-0.2074114,0.00031326214,0.09191074,-1.1339014,-0.15078303,0.94629055,1.0379004,-0.16951802,1.0283862,-0.073631704,0.2002506,0.53131044,0.6412618,0.5790854,0.03425716,1.1094813,-0.59901035,0.63008237,0.8243113,0.9013942,2.3538496,0.5137956,-1.4444516,-1.3523799,0.8610909,-2.0571141,-0.5104616,0.8255067,-0.98785293,1.413446,-0.85144,-1.0559865,2.1715953,0.53806764,-0.20394117,-1.3996618,-1.1032312,0.81570107,0.48658767,-0.56834096,-0.011107544,-0.45507792,0.039139967,-0.30480167,-0.43077585,0.7574455,0.8101814,0.45281437,1.4679434,-0.8746753,0.40604067,0.39907086,0.2341796,0.10901639,0.60584664,-0.89408183,0.40820768,0.4876113,-0.31075343,-0.22087687,0.58520603,-0.67247885,0.68686074,-0.3255191,0.53600264,0.38969058,-0.36732605,0.038562007,-0.18109658,0.5650919,0.86279386,1.5689504,0.18592633,-1.3745818,0.00071797107,0.37867016,0.9506073,0.43117243,0.36789042,0.44089583,1.2230804,-1.0344518,0.30593878,-0.82410264,-0.31643686,-0.33734283,0.74515414,0.20353422,-0.01642082,0.61948866,-0.3260416,-0.34955946,0.04285682,0.177502,-0.77990365,-0.6068404,-0.5377567,-0.88868684,0.0065337354,0.045456722,0.6039189,-0.7185395,-1.2706425,-1.1182333,0.35117924,0.8615516,-1.5614325,-0.55241513,0.024703111,-0.6874328,0.6457386,-0.14793572,-0.042188738,0.37786698,0.775947,-1.3736272,0.9992522,0.14588158,0.74227357,1.512562,0.04030627,0.56052226,-0.7614019,0.461529,-0.7696421,0.54924554,1.0491664,-1.5952694,0.8986356,-0.42980424,-0.58056635,0.85419154,-1.1709794,-0.3186078,-0.9781034,0.36149347,-0.075177096,-1.4749223,2.0342364,-2.0789728,1.6070235,-1.7050828,-0.3314886,-0.43749815,-0.6451935,-0.9942946,0.64810187,0.39004204,0.22471923,0.65931016,0.43849754,0.19546206,0.37961176,0.18768567,0.6928752,-0.40649995,0.90032005,-0.72210634,-1.8577495,-0.026460469,0.67117906,-1.2424248,-1.4758157,-1.5191544,-0.797,0.4356703,-0.5209675,-0.18966722,0.80641556,0.103607416,0.33473724,-0.7925756,-0.37360233,0.37561986,-0.44408286,1.2510972,-0.29642436,1.2441524,-0.6212396,-0.47606802,0.72093225,-1.5478773,-0.3732013,-0.5246672,1.9509454,0.555171,0.37314603,0.49545276,0.016883131,-0.6713829,-0.5918103,1.0708426,0.015859617,1.5062205,0.3744419,-0.52176446,1.4168624,-0.21478552,0.5203653,-0.40002108,-0.33753315,1.841935,-0.04453667,-0.54274386,-0.48552194,-0.43668985,-0.27243808,-0.087972134,0.48254502,-0.041158438,-0.727709,0.3495369,0.46071455,-0.8730359,-0.72263515,-0.57625985,0.4820428,1.1499461,1.6474721,1.2868005,-0.27565378,-1.0242693,-1.896524,-0.0212259,1.2769481,0.12345392,0.25278413,-1.6771107,-0.08293872,0.44350356,0.42809346,-1.1324887,-1.7844957,1.507666,0.513903,0.6975717,1.6603985,-1.0286344,-1.6560258,-0.36942774,0.46222252,-0.1241267,-1.1867559,-0.5763934,0.5611789,-0.6208766,1.2839978,0.7258436,0.51647514,-0.30176672,-0.27823144,0.56883824,0.28155577,-0.79025906,-0.36238927,-0.08274785,0.57216275,-1.3571662,-0.70191944,0.59375113,-2.1334631,0.7078025,-0.63168377,-0.3537293,0.13480799,-0.62987524,-0.80685836,-0.1849513,0.060977474,-0.7891351,-0.61020863,0.20471565,-1.0408654,-1.8545609,0.8195733,1.3634849,-0.6900827,0.12746745,0.3243071,0.17145914,0.26236352,0.19445759,-0.3454833,0.86487323,-0.71845245,-0.33891267,-0.32236254,-1.4941838,-0.53333336,0.20251223,-1.1747357,-1.3231958,1.3748876,0.5860032,-1.3647904,-0.46977267,-0.13454014,-0.43770224,0.9828055,0.9690682,0.052899197,-0.35194275,-0.8762178,-0.29978147,-0.042725317,0.68872726,-0.15194732,-0.17241089,0.54367715,0.14305776,0.54358417,1.7713394,0.43793926,0.99903935,0.8105592,0.6692155,-0.37522918,0.951393,0.020290183,-0.29663134,0.69098556,-1.2183385,-0.4251684,1.3809348,-0.45150784,-0.8228986,0.14425758,0.63880897,-0.231923,0.11892453,0.3174375,1.2463068,1.5204843,0.9049711,1.7518809,-0.19933099,-0.7053561,-0.5797772,0.65473676,-1.116395,-0.86959475,-0.11236739,0.7366658,2.1042373,-0.25831234,0.17001149,0.50025356,-0.9793592,-0.91309154,0.4488262,0.26596665,-0.5486045,-0.61485547,0.48652807,-0.968597,0.42445529,-1.6920965,-0.21700794,0.5605751,1.2772372,-0.22559997,-0.06100166,0.26705116,0.53738743,-0.89291275,0.30507565,1.1094773,1.2501651,0.01129422,-0.89201707,0.5805592,-0.35951215,-1.4719195,-0.14728647,-0.9687211,-0.9899419,-0.12722427,-0.2245521,-0.3078522,-0.6094818,-0.3504143,1.8750507,-0.0013805575,-0.14097528,0.338262,-0.5663607,1.4456216,-0.48125607,-0.52044183,1.2722325,0.6840884,-1.473935,0.56559634,-1.2792299,0.7700476,-0.6010231,0.70094657,0.70521337,0.57995296,-0.15592021,1.4756933,-0.5619636,-0.21391307,-0.10084668,0.7684972,-0.5885041,0.20277011,-1.8363857,1.0004684,-1.5950614,-1.1981022,-0.022243934,0.16921492,-0.09782308,-0.005080852,-0.27625516,0.39742288,0.45399863,-0.54881686,0.9630288,1.7867709,-0.51409316,-0.90716213,0.6772815,0.5384884,-0.5651302,-0.24431828,2.4811473,0.44066963,0.9993571,-1.0226185,-0.68140465,0.63461614,-0.4245354,-0.8169842,0.12516968,-0.41768134,0.09753615,0.2557238,-0.54591477,0.67490244,-0.79507124,0.12812339,0.8628645,-0.5774764,0.031975027,0.43894336,-1.1306366,-1.47625,-0.92609394,0.28692865,0.7015079,-0.6321546,0.5745108,0.3751907,1.6079271,0.7559784,-0.35391247,-0.6367454,0.7168136,1.4342883,0.32544124,-0.65722406,-1.310712,0.4189083,0.985757,-0.7008485,0.984949,-0.006441007,-0.23024262,-1.5587467,1.1101918,0.16591293,-0.12586936,1.2206843,0.10258494,-0.05716504,0.72630525,-0.10329033,0.029816678,-0.08851543,-0.40881407,-0.15449312,0.10460484,-0.95505834,-0.055103198,-0.67249423,0.46385533,-0.54096556,0.55903506,-1.8941579,0.5948374,0.030551255,0.82518077,0.17043163,0.06725988,-0.8704059,-0.73173296,-0.72914803,1.532593,1.1522914,0.017734446,-1.2678735,-0.33714,1.0841101,0.08025248,-0.41708043,0.343619,0.33279836,-1.0203311,-0.78133374,-0.78338027,-0.21514922,0.16709307,0.43248332,-0.7173613,1.3111812,-1.7046385,0.6841891,-0.4099622,-1.1341759,0.23088625,0.25677636,-0.53288853,1.9166976,1.0064373,-0.0921667,0.12182203,0.8221591,0.79468226,-0.5592429,-0.1347256,-1.3741738,1.0117865,1.188188,0.40559876,-1.2384973,-0.10140603,0.5865703,-0.6983008,1.410191,-0.69179577,-0.5488301,-0.54016846,-0.7437525,-0.8962503,-0.57857573,-0.5720875,-0.1835739,-1.3802332,0.44549718,-0.6356321,-0.6560533,0.51009506,-0.8128533,0.26183933,0.21653533,1.1438257,0.60024387,0.50136036,0.40174472,-0.64679736,-0.34291878,-0.9574107,-0.3980245,0.5213558,-0.91566044,0.37916628,0.32046917,1.2229238,1.7947085,0.06232741,-0.91114247,0.79738086,-0.15329564,0.15450844,-0.06324491,-0.76529896,-0.518898,0.29982743,0.38882318,0.40245268,-1.4258982,-0.6660491,0.38361079,0.85713834,0.16172746,0.500038,0.16933666,0.46380764,2.10472,0.7163426,-0.160029,,,,,,,,,,,,,,,,,,,,,,,,,,,,,,,,,,,,,,,,,,,,,,,,,,,,,,,,,,,,,,,,,,,,,,,,,,,,,,,,,,,,,,,,,,,,,,,,,,,,,,,,,,,,,,,,,,,,,,,,,,,,,,,,,,,,,,,,,,,,,,,,,,,,,,,,,,,,,,,,,,,,,,,,,,,,,,,,,,,,,,,,,,,,,,,,,,,,,,,,,,,,,,,,,,,,,,,,,,,,,,,,,,,,,,,,,,,,,,,,,,,,,,,,,,,,,,,,,,,,,,,,,,,,,,,,,,,,,,,,,,,,,,,,,,,,,,,,,,,,,,,,,,,,,,,,,,,,,,,,,,,,,,,,,,,,,,,,,,,,,,,,,,,,,,,,,,,,,,,,,,,,,,,,,,,,,,,,,,,,,,,,,,,,,,,,,,,,,,,,,,,,,,,,,,,,,,,,,,,,,,,,,,,,,,,,,,,,,,,,,,,,,,,,,,,,,,,,,,,,,,,,,,,,,,,,,,,,,,,,,,,,,,,,,,,,,,,,,,,,,,,,,,,,,,,,,,,,,,,,,,,,,,,,,,,,,,,,,,,,,,,,,,,,,,,,,,,,,,,,,,,,,,,,,,,,,,,,,,,,,,,,,,,,,,,,,,,,,,,,,,,,,,,,,,,,,,,,,,,,,,,,,,,,,,,,,,,,,,,,,,,,,,,,,,,,,,,,,,,,,,,,,,,,,,,,,,,,,,,,,,,,,,,,,,,,,,,,,,,,,,,,,,,,,,,,,,,,,,,,,,,,,,,,,,,,,,,,,,,,,,,,,,,,,,,,,,,,,,,,,,,,,,,,,
オ,0.5296596884727478,0.2130906283855438,0.4559382796287536,-0.3788235783576965,0.0963736400008201,0.229296863079071,0.2386744916439056,0.2548413276672363,-0.0763473808765411,-0.5995948910713196,0.3987560868263244,-0.4263967275619507,0.4475667774677276,-0.2476707696914672,0.6969519257545471,-0.0656861960887909,0.0709809884428978,-0.1644545197486877,-0.0108748702332377,-0.3702743947505951,-0.7576481103897095,-0.413432627916336,0.3180697858333587,0.3614082336425781,0.053830225020647,-0.3144461810588836,0.024836154654622,0.22332763671875,-0.1629917174577713,0.0653100684285163,-0.163625493645668,-0.366718590259552,-0.2875009775161743,-0.143985703587532,-0.1412046998739242,0.7164433598518372,0.0447980128228664,-0.334321528673172,-0.048272281885147,-0.4448588788509369,0.2024504095315933,-0.0392537266016006,-0.0778143554925918,-0.4906745254993438,-0.4244580864906311,0.3569748103618622,0.1421144604682922,0.4508043527603149,0.3910716772079468,0.065802477300167,-0.2395339757204055,0.3987994194030761,0.2064034640789032,0.0377097837626934,0.5504782795906067,-0.1333968788385391,0.3774928748607635,-0.541711688041687,-0.0768055692315101,0.2613519728183746,-0.3717130422592163,-0.2485538125038147,0.521899402141571,-0.136066272854805,0.0811342075467109,0.026225758716464,-0.2150810807943344,-0.1482564061880111,0.0450063794851303,-0.7747994661331177,-0.2178253978490829,0.2925040125846863,0.3747594952583313,-0.3835846185684204,0.6918500065803528,-0.3065555095672607,0.2237822115421295,0.1153149232268333,0.2371601611375808,-0.2251027226448059,-0.3462476432323456,0.2766848802566528,0.2552945911884308,-0.7245570421218872,0.0226185377687215,0.0493616014719009,-0.4940282702445984,-0.9880563616752625,0.452703058719635,-0.3511286675930023,-0.0228992886841297,0.0741178765892982,0.2153235077857971,0.2377034276723861,0.0652189552783966,0.1718862056732177,0.1264184862375259,-0.2441621720790863,-0.2346249967813491,0.2505479454994201,0.0868691354990005,0.4093315303325653,0.32750204205513,-0.1709804832935333,-0.2634230852127075,0.0760699585080146,-0.1548914760351181,0.2174850106239318,0.2510367929935455,0.0809057801961898,-0.3745799660682678,-0.2978120148181915,-0.4654948711395263,0.2725546658039093,-0.0209189262241125,0.1435899883508682,-0.198187306523323,0.3388965129852295,-0.4349301159381866,0.6078699827194214,-0.2538466453552246,0.7915907502174377,-0.0356875881552696,0.3047783374786377,0.2150291949510574,0.5052955746650696,0.0175789315253496,-0.0272460542619228,-0.1284803003072738,-0.2572053372859955,0.0357783772051334,-0.0579200908541679,-0.6814077496528625,0.0921545028686523,-0.2537298202514648,0.9225340485572816,-0.0114336526021361,-0.0479016825556755,-0.136097177863121,-0.4668779373168945,-0.1524674445390701,-0.1324257403612136,0.2752945125102997,-0.4046907126903534,-0.1197020336985588,0.1626258939504623,-0.2094656676054,-0.4744023382663727,0.4888186752796173,0.3426395952701568,-0.391703337430954,0.8269580006599426,-0.7304170727729797,0.0575210861861705,-0.0262061338871717,0.3646568357944488,-0.7473659515380859,0.1510887295007705,0.0498598143458366,0.5594866871833801,0.0929848328232765,-0.4336896538734436,0.1997489929199218,0.3209051787853241,0.1022119894623756,0.4263670146465301,0.4947990477085113,0.234954759478569,0.1953546553850174,0.4709454476833343,0.0561673045158386,0.4962971210479736,0.0458567067980766,-0.2137681096792221,0.4985187947750091,0.2918106913566589,0.1293936520814895,0.2646268904209137,0.0680747330188751,-0.5479270219802856,-0.0365224033594131,-0.1630211323499679,-0.0103595312684774,-0.1495637893676757,0.4607514441013336,-0.16131691634655,-0.0502539128065109,0.1145083829760551,-0.2079464346170425,0.1704038232564926,0.0367571040987968,-0.262583464384079,0.3753058016300201,-0.6912090182304382,0.0999286249279975,-0.3194076120853424,-0.3274402320384979,-0.3803856372833252,-0.302856832742691,0.3924706578254699,0.0625739246606826,-0.0227741338312625,-0.1504396349191665,-0.1841774731874466,-0.8772600889205933,-0.3443240523338318,0.072902612388134,0.655198872089386,0.360122412443161,0.2266106456518173,0.0718065351247787,0.2478867173194885,0.4675061106681824,0.0748334527015686,0.1430813670158386,-0.0019422065233811,-0.2316767424345016,-0.1867131143808365,0.1263024359941482,-0.1210856661200523,0.4201357662677765,-0.0982303693890571,0.3487502336502075,-0.0542345009744167,-0.406590849161148,0.2436564266681671,0.0867293998599052,-0.3940061628818512,0.0503381453454494,0.7268115282058716,-0.2607754468917846,-0.6348714232444763,-0.4985277056694031,-0.0947990268468856,-0.6508302092552185,0.0662958398461341,-0.268383651971817,0.2855084538459778,-0.349700003862381,0.112674169242382,-0.1744929105043411,-0.4754193425178528,-0.1815786063671112,-0.2118682861328125,0.0328344888985157,0.1429506987333297,-0.0228110589087009,-0.1918207108974456,-0.51520836353302,-0.035258699208498,-0.3487142920494079,-0.4789979457855224,-0.0031026471406221,-0.5512425303459167,0.4469566941261291,0.2267684787511825,0.519576370716095,-0.0401957146823406,0.2230084687471389,-0.021178001537919,-0.0647084936499595,-0.8502422571182251,-0.1223883181810379,-0.082101322710514,-0.5005362629890442,-0.0289797261357307,0.0161732789129018,-0.4629672467708587,-0.3051377236843109,-0.4279847145080566,-0.0537696257233619,-0.4275308847427368,-0.4585559368133545,0.0507671535015106,-0.0609349831938743,0.121000550687313,-0.1441505849361419,0.4983959794044494,-0.4443674683570862,0.157625675201416,-0.6233783960342407,0.1977990418672561,-0.6939910650253296,-0.2582651376724243,0.0102615738287568,-0.2509933710098266,-0.385790079832077,0.1677277833223343,-0.4675479829311371,0.3769758343696594,0.3340494334697723,0.0589170567691326,-0.4295046031475067,-0.0234155897051095,-0.379841536283493,0.1281551122665405,0.2171487510204315,0.7272565960884094,0.2176287770271301,-0.0618875958025455,0.1726910173892974,0.4014920890331268,0.1911408603191375,0.1473643630743026,-0.1017887517809867,-0.2969529330730438,0.0840102732181549,0.055018100887537,0.6373216509819031,0.1061175316572189,-0.0175985414534807,1.0461182594299316,-0.3499410450458526,0.2470925748348236,0.49268639087677,0.2864406108856201,-1.7427469491958618,0.0124134626239538,-0.1290074437856674,0.0475340001285076,-0.2400045990943908,0.28074511885643,-0.0035546065773814,0.137170597910881,-0.459278792142868,-0.5403351783752441,0.9039117693901062,0.2878541350364685,-0.0093382988125085,-0.5122708082199097,0.3493413031101227,-0.2350283712148666,0.0298427008092403,-0.4780119359493255,0.2126775383949279,0.4782304167747497,-0.4107668399810791,0.0539882034063339,-0.1659918874502182,-0.537499725818634,-0.083966925740242,0.1677630394697189,0.1615692526102066,0.247225672006607,-0.5302152037620544,0.1380523741245269,0.3138780891895294,0.4008596837520599,0.7858495712280273,0.3039855659008026,-0.0616408102214336,0.0577767044305801,0.4450687170028686,0.1350419074296951,0.4254122972488403,-0.2856252193450928,0.1758316755294799,-0.0475820116698741,0.8534377217292786,0.0125897396355867,0.0911166295409202,-0.0015497871208935,0.1213041767477989,0.2295670956373214,-0.081953153014183,0.3548986315727234,0.1464321017265319,0.0478751249611377,0.1907066702842712,0.5322242379188538,0.5807309746742249,0.1449556350708007,-0.2838995158672333,-0.3661825656890869,0.0364569164812564,-0.321286529302597,-0.6244051456451416,-0.3386206030845642,-0.3438629508018493,-0.1222211271524429,-0.4495676457881927,0.2929139733314514,-0.0296255443245172,-0.5183850526809692,0.0549229495227336,-0.3556650280952453,-0.4252268970012665,0.3321499228477478,-0.0532559305429458,-0.7333111763000488,0.5861435532569885,0.2217282354831695,0.2881442606449127,-0.5338570475578308,-0.6530799865722656,-0.0423921756446361,-0.2733902633190155,-0.3039427995681762,0.1676573008298874,-0.3308295905590057,-0.0540301539003849,0.3473367393016815,-0.0784889757633209,-0.0932381302118301,-0.3437794744968414,-0.2950970530509949,-0.7089868783950806,0.1887605041265487,-0.0504166632890701,0.3232135474681854,0.0219684243202209,0.2221865206956863,0.2203065305948257,0.0448722839355468,-0.2711859345436096,0.0839256197214126,-0.3249978721141815,0.5804333090782166,0.3907267451286316,0.1664255708456039,0.581920862197876,0.4442465603351593,0.2811322212219238,0.5245891809463501,0.0202089324593544,0.0134099787101149,-0.610522449016571,-0.3011751174926758,0.7100160717964172,-0.0379120931029319,0.2432178258895874,-0.107879638671875,-0.0181926805526018,0.6090810298919678,-0.0324829034507274,-0.5741919279098511,0.0005142665468156,0.0738754346966743,-0.1841550320386886,0.262513518333435,0.6575903296470642,0.8228428959846497,-0.0232491437345743,0.0209028869867324,-0.140678659081459,-0.1875307261943817,0.3151618540287018,-0.1306444257497787,-0.1179750114679336,-0.2945268750190735,0.0095409927889704,0.2994397580623626,0.6596575975418091,0.2006724327802658,0.6231606602668762,0.3094731569290161,-0.3437167704105377,0.2674251198768616,0.435273140668869,0.4795292615890503,-0.2945265173912048,-0.2899815738201141,-0.3539811670780182,0.0258303135633468,-0.3896693289279938,-0.0662572011351585,0.6731356978416443,-0.1594995409250259,0.1768974959850311,0.0076765068806707,-0.6110824346542358,-0.6220504641532898,-0.3782775104045868,0.1608152389526367,-0.0992601439356803,0.1433831602334976,0.2025719732046127,-0.0135760903358459,-0.4930251836776733,0.1857774257659912,0.0561464726924896,0.2988999783992767,0.5034912824630737,-0.1536019593477249,-0.0901676565408706,0.0035907886922359,0.0382498726248741,0.0676893964409828,-0.1810710877180099,0.0458883009850978,-0.2628243565559387,-0.4944120943546295,0.0162131208926439,0.1840128451585769,0.2542142868041992,-0.1465330421924591,0.6534149646759033,0.1324674189090728,-0.5132039189338684,-0.565060019493103,-0.237240582704544,-0.2221661806106567,-0.0452727153897285,-0.4980322420597076,-0.0901912376284599,0.0443757846951484,0.3667648136615753,0.0876772403717041,0.2802462577819824,-0.3576146960258484,0.0792291760444641,0.2387515604496002,0.6340348720550537,-0.1300701349973678,0.2300144582986831,-0.1985842436552047,0.0217490531504154,0.0881654992699623,0.0755990594625473,0.0594925098121166,-0.1432090848684311,-0.536220908164978,-0.6978509426116943,-0.3783296048641205,-0.1789586842060089,-1.0786592960357666,0.5394381880760193,0.1386258453130722,0.2410538047552108,-0.4676302969455719,-0.4629960358142853,-0.147763043642044,0.3010770082473755,-0.115580216050148,0.4248737096786499,-0.2177674025297165,-0.5781479477882385,-0.0497000403702259,0.1251947283744812,-0.6601473689079285,0.9405031204223632,0.2545405626296997,-0.4916508197784424,-0.3954956829547882,0.387395292520523,0.1958344131708145,-0.2218459993600845,0.1072808057069778,-0.1325920820236206,-0.5393648147583008,0.1550326347351074,-0.3469339609146118,0.3210111856460571,-0.1543601602315902,-3.526743239490315e-05,-0.1246603056788444,0.5851903557777405,0.3443279862403869,0.2443006783723831,0.0775589197874069,-0.2279006391763687,-0.2089708745479583,-0.2480691522359848,0.3257020711898803,0.1407943069934845,0.3850536048412323,-0.1766823679208755,0.3162503838539123,0.5831259489059448,-0.8466090559959412,0.0867414474487304,0.7604172825813293,0.4110320210456848,0.444315493106842,-0.1525647640228271,0.03209038823843,-0.8170374035835266,0.1355699896812439,0.1418216824531555,-0.0172215569764375,0.4570207893848419,-0.0356507040560245,-0.1375111788511276,-0.4097650349140167,-0.0168074183166027,0.4003950655460357,0.1728287488222122,0.0364892520010471,0.4355419874191284,-0.1556229144334793,0.5133227705955505,0.3383309543132782,-0.2615169286727905,-0.3602937161922455,0.0543467439711093,0.4090258181095123,0.7752847075462341,0.1817598491907119,0.3601688146591186,-0.7150218486785889,-0.6305393576622009,0.3012827634811401,0.0831094086170196,0.3051785230636596,0.5014293193817139,-0.2748686373233795,-0.0627902820706367,0.6112644672393799,0.2978948354721069,-0.0707817524671554,-0.3294468224048614,-0.4165408909320831,-0.1707163900136947,-0.2366679608821869,-0.5008911490440369,0.2017518132925033,0.0845913216471672,-0.0467947907745838,0.2117699682712555,0.0154199143871665,0.0983888357877731,0.5822260975837708,0.0028719732072204,-0.305047333240509,0.2047902196645736,0.0614336542785167,-0.0901422724127769,0.0808300226926803,-0.2235193252563476,-0.2465935945510864,-0.0241717658936977,0.2415190041065216,-0.1573673337697982,0.2025086134672165,0.0340979881584644,0.1619161665439605,0.3305917084217071,-0.4448821544647217,-0.1901049017906189,-0.314644455909729,-0.3174638450145721,-0.1307286322116851,-0.6577920317649841,-0.3597747385501861,-0.0309588555246591,-0.0471150875091552,-0.1592544317245483,-0.05937360227108,-0.4678713381290436,-0.2325161099433899,-0.4492211043834686,0.2522855401039123,-0.1734455525875091,-0.8417651653289795,0.3823029398918152,0.2627186775207519,-0.1252967417240142,-1.1999207735061646,0.247536301612854,0.1704616248607635,0.2441152334213256,0.1721053123474121,0.704698920249939,-0.3422385454177856,-0.2607019543647766,0.0875810459256172,-0.2855316996574402,0.2547450661659241,-10.516351699829102,0.1059780791401863,-0.4225786030292511,-0.3998930752277374,-0.3504877388477325,0.3931498527526855,0.6256321668624878,0.5662823915481567,-0.1955859363079071,0.1214233934879303,-0.0340548641979694,0.0915949419140815,-0.0144770285114645,0.6837878823280334,-0.5207838416099548,-0.3065536618232727,-0.2305571138858795,-0.0215277168899774,-0.0403221026062965,-0.2391912043094635,0.1143146902322769,-0.284472644329071,0.5086359977722168,0.7366798520088196,0.5462241768836975,-0.4084236323833465,-0.2611879706382751,0.0024734144099056,-0.2027534991502761,0.5919749736785889,-0.6013648509979248,0.5325713157653809,0.0364352501928806,0.3010843992233276,-0.1525362879037857,0.2529691159725189,-0.4028312265872955,0.6683297157287598,-0.0390014834702014,0.4041423201560974,0.3153025507926941,0.4241274297237396,-0.025679500773549,-0.0304168835282325,0.1748992651700973,0.2391737103462219,0.469064712524414,0.0111696710810065,0.5418323874473572,-0.2422156333923339,-0.1271032989025116,0.1338433921337127,0.0682288780808448,-0.0943486765027046,0.4556112885475158,-0.0305458642542362,0.6394035816192627,-0.6745585203170776,-0.031642060726881,0.0643760710954666,0.3380284905433655,-0.0773757696151733,0.3833673596382141,0.444365918636322,0.30074143409729,0.4105566740036011,0.5217416882514954,0.3653739690780639,-0.9130431413650512,-0.2377991825342178,0.1625676453113556,0.471616268157959,-0.0950486809015274,0.3251329064369201,-0.2567318379878998,0.3133965134620666,0.3614666759967804,-0.2959363758563995,0.0550640672445297,-0.0280053783208131,0.2839506864547729,-0.3029759228229522,0.0833558365702629,0.2407184094190597,-0.621874213218689,0.0487202405929565,-0.0832330659031868,-0.04812478646636,0.259869247674942,-0.4461257457733154,0.2382365614175796,0.0838035121560096,-0.5344372987747192,0.5065318942070007,0.4480125904083252,0.0181824807077646,-0.121032990515232,0.2265196144580841,0.4854059219360351,-0.0247120037674903,-0.3162444,-0.6867774,0.84032387,1.9746319,-0.67104095,0.056598306,-1.4073673,0.2826948,0.47659183,-0.49944353,0.8160406,0.12037022,-1.4881765,1.9124212,-0.5708408,-0.2176976,1.3704287,-0.37576213,0.11915507,-0.47934708,1.1724824,0.21594383,1.2357711,-0.69299054,0.6194375,0.49596205,0.71186185,-0.57639813,-0.2717502,-0.13739051,-0.69140106,-0.39928082,-0.5979546,-1.0622586,0.08445954,-0.7757249,-0.9415615,1.5380167,0.7359836,-0.72193384,-0.6660952,-0.40024891,-0.7909379,-0.19971223,-0.92809063,0.18257618,1.8095999,-0.39473876,1.2294325,-0.8501217,-0.6449315,-0.52187157,0.4185412,0.59333354,0.52531826,-0.24369176,1.3967384,0.46551523,-0.13316146,-0.35571337,0.61807394,1.0096192,-1.0640264,0.6757324,0.76326245,1.4267663,-0.6180343,-0.14835533,-0.85521907,-0.42053214,-2.3380845,-0.35554639,-0.4007039,1.7475456,-1.1057276,0.82412404,0.52954125,-0.5705173,0.30811223,0.16587876,0.260677,-0.13642491,-0.33346394,1.8652443,-0.43733895,-0.17639033,-0.9053306,-0.10253749,-1.2881144,-0.3932109,0.43784758,-1.3137989,-2.0901592,-0.93387765,0.50378484,0.07340506,-1.0487251,-0.41570053,-1.6825308,0.6185262,0.43995848,0.7273615,-0.13743308,0.25646785,-1.2051333,0.35760856,-0.5401431,-0.90186304,-0.7402642,0.56562054,-0.017076157,0.29669103,0.34452358,1.5681304,1.1178759,1.532627,-0.23172022,-1.1330867,-0.6958944,-0.4027187,1.4346346,-0.10768937,-1.2061793,0.5125113,0.9380641,1.1716924,-0.36476946,-1.442799,1.1147043,-0.09845126,0.7685013,-0.6287163,1.7693471,1.2118989,-1.0600774,-0.26637948,-0.32502642,-0.09963151,0.24095666,-0.4430907,-0.1205852,-0.31571332,0.63095045,-0.7375464,0.021444023,-1.3579348,0.1310138,0.626172,1.1405979,0.55554533,-0.028193891,-0.29929566,-0.6925957,0.6310053,0.33748993,-0.85911113,0.19573312,0.056285944,-1.5455621,1.5018157,0.5552242,1.0822731,-1.4520448,-0.7317231,0.3182764,0.71367913,-0.53819853,0.13570975,-0.18246774,-2.1459105,-0.77139276,0.07062339,-0.30878115,-0.010386814,0.002281651,-0.54596156,0.849283,-0.06126368,-1.0502595,0.39103174,0.6207338,1.0878545,0.33563662,1.6853181,0.018598199,0.35812625,0.5591488,0.5236268,0.40005684,0.44561014,0.56043595,-0.73950315,1.192184,0.9106515,1.1823756,2.6467607,0.50173175,-1.767305,-1.3373238,1.2484899,-1.8355716,-0.2096454,1.210216,-0.043925673,2.0574815,-0.009691597,-0.96050507,1.7774988,0.22529264,-0.9437271,-1.97358,-0.94401455,0.32473674,0.39611766,-0.6777365,-0.5780149,-0.27729785,0.4551961,-0.76671094,-0.26926032,-0.053842645,0.010301332,0.9093077,1.3260971,-1.2906786,0.29044986,1.2434887,0.9151873,-0.38233232,0.4472467,-0.95909566,0.41336104,-0.025277099,-0.9294166,-0.15977006,0.69255763,-0.66615033,1.0398961,-0.20567621,0.7849799,0.42752382,-0.24447219,0.3140475,-0.7232707,0.9991824,0.59556156,2.1178677,0.2329938,-1.4267553,-0.3760817,0.4321003,0.7607272,0.45600715,-0.20211412,1.2167059,0.0958856,0.08815805,-0.0344317,-0.1028854,-0.5079974,0.32092908,1.5737257,-0.134457,1.226038,0.8783448,-0.6078343,-0.7611031,-0.14017922,-0.8209374,-1.3193563,-0.6151158,-0.59307057,-1.982295,0.381672,-0.10867578,-0.04860723,-1.0366484,-0.8169325,-1.2147607,-0.13912815,1.1593146,-0.9839306,-0.2563801,0.12650056,-0.5065507,0.34810552,-0.47635412,0.1801594,0.51837105,0.3309628,-1.2461451,1.0634408,-0.35853013,0.9691022,0.9248931,0.5759681,0.9177656,-0.06286237,0.851264,-0.9895057,0.63333964,0.95714444,-1.6483003,1.0953193,0.36468506,-0.5299329,0.37954828,-1.2564292,-0.3360016,-0.37724972,0.68112975,0.55466825,-1.6344892,1.9751593,-1.5843767,1.619104,-1.2070665,-0.067366816,-0.26273307,-0.7632847,-1.4889493,1.4726048,0.07643119,-0.051803734,0.6447759,-0.31241736,0.027127951,0.70221025,0.7190444,-0.047362845,0.020008126,0.7533879,-0.32554996,-1.4778177,0.3862065,1.1742007,-1.2619165,-2.1062138,-2.4409635,-0.56534815,0.8049359,-1.3726897,0.02586169,1.182592,0.30092493,0.6930575,-1.3868008,0.32057437,0.7298538,-0.6163715,1.3219196,0.29742825,0.8469324,-0.98532075,-0.8323173,1.0525969,-2.7221057,-0.9683471,-0.8187534,1.6351886,0.43331906,0.091615476,0.31782097,0.2566577,-1.0929699,-0.66629726,0.6093173,-0.5841028,1.1875052,0.2784303,-0.65367645,1.9834243,0.23880668,0.49160364,-0.65833616,-0.7176067,2.2693582,0.034454394,-0.055939067,-0.84602755,-0.6891653,-0.15846701,0.37975213,-0.1120604,-0.43227527,0.6108201,1.0424751,1.2864422,-1.5871812,-0.73990864,0.02449839,0.26313958,0.89576644,1.8791227,1.0264922,-0.1613282,-1.3164951,-2.2633896,0.6115623,0.46295667,-0.1435414,-0.44931915,-1.7999514,-0.24524075,-0.45848325,-0.8612506,-1.2548279,-1.7245308,1.477512,0.43109584,0.8787314,1.8903984,-1.1403662,-1.3827747,-0.37614998,1.1735579,0.04232425,-0.9225915,-0.8680939,1.302848,-0.80702716,1.3418427,0.84195924,0.24173431,-0.5335652,-0.24409348,1.2687367,0.32275227,-0.77361983,-0.8170411,0.28620678,1.2437855,-0.6605378,-0.6906908,0.40570822,-1.1166803,-0.027194193,-0.9163907,-0.55402976,-0.47616562,-0.15581146,-0.69413656,-0.25387934,-0.20415361,-0.7706248,-1.2429746,-0.22891639,-1.0098623,-1.9783529,1.1450448,1.2727468,-1.5623227,0.12893999,0.014406741,1.0276893,0.39890912,0.16189791,-0.4458026,0.77691025,-0.6982496,-0.4023701,-0.7594476,-1.0243962,-1.1200203,-0.4985865,-1.5611883,-1.7585605,0.9942662,1.0612369,-1.720253,-0.21402775,-0.13012548,-0.305213,0.8888054,0.8824112,0.6532977,0.30021822,-0.8940983,-0.44263992,-0.3549091,0.633712,0.3551638,-0.09776626,0.30539823,0.47052827,-0.17938174,1.4232641,0.5444102,0.10618464,0.7520976,0.36786032,-1.7081968,0.0568528,-0.5305571,-0.3195342,0.3424767,-2.1665583,-0.2921062,1.1287793,-0.5196015,-1.6457604,-0.20438202,0.13025747,0.37018695,0.66006094,0.67780226,1.4917054,1.4214892,0.5275917,1.7227064,-1.4430333,-1.0742946,0.01206554,0.25020778,-0.5760491,-1.2433722,0.66041684,0.3880268,2.729126,-0.0873288,0.8830796,0.769643,-0.851749,-1.1094218,0.9963412,0.3987633,-0.39880586,-0.799413,0.6597371,-0.4739339,-0.074333966,-1.6271029,-0.51571983,0.26026568,0.81809497,0.059414685,-0.11971549,-0.18549351,-0.023281818,-1.0764741,0.95982367,1.1632125,1.3785149,0.13242757,-1.0286518,-0.6386652,-0.61751866,-1.4200768,0.24703854,0.24325345,-0.99633247,-0.2767892,-0.029667,-0.1984924,-1.01134,0.4464251,0.99542075,-0.12706512,-0.26422843,0.09833329,0.029993197,1.8307976,-0.6743545,0.117016375,1.390272,0.954284,-1.642465,0.026584065,-0.44522485,-0.025962591,-0.106580384,0.7455204,0.022745574,0.48292696,-0.20018996,1.8835659,-0.11464667,-0.2488041,-0.1829,0.6518576,-0.2314112,0.23869796,-2.1960742,0.86194944,-1.0989095,-1.601405,-0.0035523076,1.2345074,-0.30514807,-0.72233516,-0.4018284,0.7515928,1.0385982,-0.63540536,1.114524,1.4790825,-0.36206746,-0.23759852,0.7494514,0.73827744,-1.008701,-0.09990879,3.164819,0.19234222,1.0925157,-1.3854017,-0.11802166,-0.30882248,-0.23719724,-0.61662894,-0.46569622,-0.94505423,-0.5885714,1.4887537,-0.63653946,0.5231386,-1.0681316,-0.57079154,0.75531787,-0.86962986,0.34234443,0.3376365,-0.83934635,-1.350737,-1.0259796,0.17097618,0.68360966,-0.22108676,0.107029825,0.004451245,1.553524,1.032845,-0.75221014,-0.4662353,0.10005159,0.8253031,0.41932604,-0.7582522,-0.485046,0.57934684,1.5729424,-1.155045,1.3971004,-0.092742346,-0.3471137,-1.3967544,1.7844334,0.3017919,-0.05080684,1.2991256,0.6326788,0.124765016,0.6304801,-0.8542078,-0.048783135,-0.6786208,0.025682053,0.17684288,0.114606954,-0.87897325,-0.31266,-1.1268519,0.066383965,0.46229568,0.9023157,-1.330917,0.7091709,-0.21482684,0.8365209,0.43867198,-0.21541043,-0.2927454,-0.2097549,-0.19596858,2.1807344,1.1173068,0.35267353,-1.8110342,-0.17002475,0.8602117,0.11748137,-0.9409602,0.4671732,-0.072849534,-1.7917852,-0.18697596,-1.3326392,-0.3665634,0.3386154,1.199604,-1.0710138,0.6697144,-1.4760538,1.0939306,-0.057131987,-0.5381885,0.8097809,0.36141393,-0.9662721,1.5824943,1.0066929,0.24604166,0.84877485,1.35395,1.3438181,0.21681507,-0.11962525,-1.2484035,0.8919874,1.2001888,0.28504825,-1.1294528,-0.33221313,0.20885175,-0.56095713,1.9832536,-0.05550493,-0.4250233,-0.6537367,-0.81317806,-1.4092507,-0.91565675,-1.1171974,-1.0743855,-1.4577557,-0.070898816,-0.5982058,-0.16072297,0.71244293,-0.5726065,0.15277639,0.443893,1.4234338,0.558677,1.135881,0.5189583,-0.64003015,-0.078864165,-0.9368718,-0.43145585,0.5659178,-1.0912641,0.0696251,-0.19877017,0.91817206,2.0187235,0.4575629,0.5786409,0.66562265,0.32572904,-0.225821,-0.4576713,-0.45881006,-0.740519,0.9115544,0.20287533,0.59249,-1.3572215,-0.30114308,-0.020048542,0.38352028,0.101397865,-0.14684123,0.4182172,0.753716,1.3280793,0.0180855,-1.0845094,,,,,,,,,,,,,,,,,,,,,,,,,,,,,,,,,,,,,,,,,,,,,,,,,,,,,,,,,,,,,,,,,,,,,,,,,,,,,,,,,,,,,,,,,,,,,,,,,,,,,,,,,,,,,,,,,,,,,,,,,,,,,,,,,,,,,,,,,,,,,,,,,,,,,,,,,,,,,,,,,,,,,,,,,,,,,,,,,,,,,,,,,,,,,,,,,,,,,,,,,,,,,,,,,,,,,,,,,,,,,,,,,,,,,,,,,,,,,,,,,,,,,,,,,,,,,,,,,,,,,,,,,,,,,,,,,,,,,,,,,,,,,,,,,,,,,,,,,,,,,,,,,,,,,,,,,,,,,,,,,,,,,,,,,,,,,,,,,,,,,,,,,,,,,,,,,,,,,,,,,,,,,,,,,,,,,,,,,,,,,,,,,,,,,,,,,,,,,,,,,,,,,,,,,,,,,,,,,,,,,,,,,,,,,,,,,,,,,,,,,,,,,,,,,,,,,,,,,,,,,,,,,,,,,,,,,,,,,,,,,,,,,,,,,,,,,,,,,,,,,,,,,,,,,,,,,,,,,,,,,,,,,,,,,,,,,,,,,,,,,,,,,,,,,,,,,,,,,,,,,,,,,,,,,,,,,,,,,,,,,,,,,,,,,,,,,,,,,,,,,,,,,,,,,,,,,,,,,,,,,,,,,,,,,,,,,,,,,,,,,,,,,,,,,,,,,,,,,,,,,,,,,,,,,,,,,,,,,,,,,,,,,,,,,,,,,,,,,,,,,,,,,,,,,,,,,,,,,,,,,,,,,,,,,,,,,,,,,,,,,,,,,,,,,,,,,,,,,,,,,,,,,,,,,
ジョ,1.0566139221191406,0.2061081081628799,0.5477696657180786,-0.2226503193378448,0.0261738914996385,-0.0696397274732589,0.2444445788860321,-0.3780046999454498,-0.5067874789237976,-0.6886159181594849,0.5312140583992004,0.0037319923285394,-0.5041622519493103,0.0979063957929611,0.1518615633249282,-0.4255739450454712,0.2293518483638763,0.0830564573407173,0.0682740211486816,-0.2001478523015976,-0.3750520348548889,-0.372025728225708,0.0777075290679931,0.0789113864302635,-0.1532049030065536,0.0223819334059953,0.0904012024402618,-0.1233276054263114,0.373088538646698,-0.3146783113479614,0.0029526206199079,-0.2748516201972961,-0.0344267338514328,-0.5807370543479919,0.2477921694517135,-0.2885501384735107,-0.478281557559967,-0.6141387820243835,-0.310790866613388,-0.2967827022075653,-0.1891028434038162,-0.1111410036683082,-0.4614251554012298,0.2083031684160232,-0.0928937494754791,0.4217214584350586,-0.1157033890485763,-0.1246737837791442,0.1582775563001632,0.4743148386478424,0.320362776517868,0.3798448443412781,0.4942143559455871,0.3267187178134918,0.0486466363072395,-0.1286234110593795,0.3179639875888824,-0.7211130261421204,0.1263963133096695,0.1199344620108604,-0.2259905785322189,-0.17110076546669,0.1677817851305008,-0.1208874732255935,-0.0601630359888076,-0.388727605342865,-0.0849031433463096,-0.1028656512498855,-0.0405691638588905,0.0296763442456722,0.4360783398151397,0.0725300461053848,-0.5793673992156982,0.1622373461723327,0.6329169273376465,-0.4821169376373291,0.4934282600879669,0.2016286849975586,0.8613685369491577,-0.4093315005302429,-0.2912063300609588,-0.011123358272016,0.2265163511037826,-0.5963373780250549,-0.018380457535386,0.5812450051307678,-0.8684737086296082,-1.1294255256652832,0.4955420792102813,0.0765547528862953,-0.2878167629241943,0.2034973502159118,0.3358151316642761,0.4933881163597107,0.5496612787246704,-0.1597459614276886,0.2734902799129486,-0.2082565128803253,-0.0602740533649921,0.637043833732605,-0.1481058895587921,-0.152361050248146,0.3725302219390869,-0.3275542557239532,-0.4153591692447662,0.3511945307254791,-0.121559128165245,-0.1323464065790176,-0.1691112518310547,0.3909039497375488,-0.0571804158389568,-0.5619035363197327,-1.128026247024536,-0.3719496130943298,-0.0106156850233674,-0.2681872844696045,0.2046359181404113,0.1052184775471687,-0.3799377083778381,0.8074924349784851,-0.0983094349503517,0.2727409303188324,-0.3305385708808899,-0.3178733587265014,0.0976992771029472,-0.0301992855966091,0.3544151186943054,-0.1490685790777206,0.3582050502300262,-0.0187778957188129,-0.8498404622077942,-0.2359449714422226,-0.6042893528938293,0.1433451175689697,-0.5278550982475281,1.05814790725708,-0.3558842539787292,0.0168813802301883,-0.2286340743303299,-0.0964071825146675,-0.3951833546161651,0.5541541576385498,0.2692818939685821,-0.3708394169807434,-0.1753479987382888,-0.1780785471200943,0.0562693886458873,-0.2383633106946945,0.3646900951862335,0.5288333892822266,-0.0919587612152099,1.027292251586914,-0.6270437836647034,0.1672718524932861,-0.2047057598829269,0.1212341785430908,-0.2506807148456573,-0.1119128987193107,-0.3200324773788452,-0.1695429235696792,0.3094810843467712,-0.6380071640014648,0.1734572649002075,1.1226441860198977,0.5291376709938049,0.0491383969783782,-0.1998133957386016,-0.3144166767597198,0.554625391960144,1.0007457733154297,0.8053805232048035,0.4513096809387207,0.3049848079681396,-0.4205313920974731,0.4684053957462311,0.0954853668808937,0.6571149230003357,0.4169849157333374,-0.1340553760528564,-0.283454030752182,0.0726395100355148,-0.1357751637697219,0.0064699514769017,-0.2365224808454513,0.0782303661108017,0.0428915657103061,0.5563435554504395,-0.1543598622083664,0.1086310595273971,0.1098285019397735,0.0593275167047977,-0.5101525187492371,0.3002470731735229,-0.0354069024324417,-0.0599292181432247,0.2479477375745773,-0.2197138518095016,0.4559330642223358,-0.1186056584119796,0.5799028277397156,-0.1299480497837066,0.0488214157521724,-0.213134303689003,-1.5589088201522827,-0.3255372643470764,0.4164125919342041,-0.1324284970760345,0.7641021609306335,-0.5395216345787048,0.0158995371311903,-0.1347597986459732,0.3265662789344787,0.6039569973945618,0.0715756639838218,0.5799582004547119,-0.1673047691583633,-0.4646933972835541,-0.5766448974609375,0.3500086665153503,-0.1541960090398788,0.6273173093795776,-0.0762044489383697,0.3842297196388244,0.1705351322889328,0.3167730569839477,0.3512418866157532,0.8160114884376526,0.1631494909524917,0.009306289255619,0.3298059403896332,-0.425309270620346,-0.1846144497394561,-0.764237642288208,-0.0816315859556198,-0.5441997051239014,-0.0079892054200172,-0.2051739245653152,0.1608588695526123,0.2923241555690765,0.1957628428936004,0.0966397896409034,0.0032210382632911,0.1890926361083984,-0.3969705402851105,-0.3254470229148865,0.5094966888427734,0.2178920805454254,0.1373869180679321,-0.2757430374622345,-0.0466017164289951,-0.6116726994514465,-0.3019294142723083,0.3098479807376861,-0.0827490463852882,0.8779399991035461,-0.0212716832756996,0.4217614531517029,0.3712787330150604,0.3716773390769958,-0.1804152876138687,-0.5927895307540894,-0.3660370111465454,-0.4591998159885406,-0.1446090191602707,0.1364106982946396,-0.4402589797973633,-0.1705787181854248,-0.4938312768936157,-0.7129639387130737,-0.3225684762001037,0.4389906525611877,0.0989587232470512,-0.0143562983721494,0.0281010773032903,-0.176291823387146,-0.306008905172348,-0.3832355141639709,0.8610587120056152,-0.1837407499551773,0.5782809853553772,-0.4028287827968597,0.2768940329551697,-0.7567984461784363,-0.3056084215641022,-0.0460267551243305,0.4390487670898437,-0.3759919106960296,-0.4161723852157593,-0.0787261873483657,0.0908611416816711,0.5620645880699158,-0.320008635520935,-0.379131019115448,0.631267786026001,-0.3750434815883636,0.1084250584244728,0.3081940412521362,0.0039960136637091,0.0657431259751319,-0.0225908644497394,0.4190898239612579,-0.3339307308197021,0.0566029176115989,-0.1876746118068695,0.3031221926212311,-0.1594155728816986,0.0377075336873531,0.2204950451850891,0.7585785984992981,-0.152324229478836,0.3652215301990509,1.0257033109664917,-0.4623698592185974,-0.4913785755634308,0.4128274917602539,0.6468801498413086,-1.6364612579345703,0.0170541834086179,0.3970701992511749,-0.0687111690640449,-0.0428234450519084,0.5005311965942383,0.5775072574615479,-0.1040359288454055,0.0474576242268085,-0.8723223209381104,0.9008795619010924,0.4689469337463379,-0.3061070442199707,0.0390031337738037,0.5780441761016846,-0.3911632001399994,0.0558751672506332,-0.3437883853912353,-0.4856714606285095,0.223047450184822,0.3012235760688782,-0.3009341657161712,-0.0630241632461547,-0.4570549726486206,0.0241763275116682,0.4693474173545837,-0.3194724917411804,-0.4090329706668854,-0.2646220922470093,-0.2745919525623321,0.3558277487754822,1.4124305248260498,0.1803358793258667,0.5560850501060486,-0.8822221755981445,-0.5154653787612915,0.0690961629152298,0.1294931173324585,0.2972506582736969,-0.3329381942749023,-0.0470469668507576,-0.3407192528247833,0.2019611299037933,-0.2346723228693008,0.0259370561689138,-0.1802187263965606,0.298130601644516,0.2460125386714935,-0.1600212156772613,-0.1539913564920425,1.0106383562088013,0.0438175462186336,0.0689385160803794,0.3782414495944977,0.4666286706924438,0.140975221991539,0.20088492333889,-0.5056443214416504,0.5043692588806152,-0.4550011157989502,0.351999819278717,0.0830046385526657,-0.0477621182799339,0.2579241991043091,-0.104890838265419,0.3426284790039062,0.1253739446401596,-0.2550958693027496,-0.2610968351364136,-0.4011864960193634,0.0226226523518562,0.1024093627929687,0.1208736076951026,-0.3826001584529876,0.3729188144207001,0.1861186772584915,0.6704917550086975,-0.2863160073757171,-0.718508243560791,0.6713156700134277,0.2760424315929413,0.6490195393562317,0.218595415353775,0.3915654420852661,-0.6320849657058716,-0.1681142747402191,-0.4712574779987335,-0.4370675086975097,-0.4940435290336609,-0.1900014728307724,-0.8262877464294434,-0.0872024446725845,0.0970938801765441,0.5734028816223145,0.1622218489646911,-0.219656303524971,-0.2661838233470917,0.1374936997890472,-0.6434488892555237,-1.2528855800628662,0.2331676632165908,0.5554697513580322,-0.0350361764430999,0.1231086030602455,0.2809253334999084,0.5566200017929077,-0.0432687886059284,-0.1973761022090912,0.1285979002714157,-0.0069501856341958,-0.3983710706233978,-0.5095797777175903,0.0909136086702346,-0.3703015744686126,-0.1871931105852127,-0.3848865032196045,0.2223900705575943,0.7849867939949036,0.1509006917476654,-0.9995540976524352,-0.1165225058794021,0.7786169648170471,-0.0765370279550552,0.5600988864898682,0.4113648533821106,1.0799413919448853,0.3577224910259247,0.0574176870286464,0.3767171502113342,0.1460463255643844,-0.0107540683820843,-0.3660964965820312,-0.2427961230278015,0.0934228375554084,0.2238704562187194,1.020932912826538,0.0462443381547927,0.1405824124813079,0.3403680324554443,-0.0955246239900589,-0.6044601202011108,0.2602272927761078,-0.2260103076696396,0.2545237243175506,-0.2733128666877746,0.2881810069084167,-0.0636020228266716,-0.8782670497894287,-0.5696367621421814,-0.205394759774208,0.1452526599168777,-0.1043943911790847,0.1817476600408554,-0.4189037978649139,-0.8223022222518921,-0.0580157712101936,-1.102636456489563,-0.1441380530595779,-0.0837745517492294,0.1257834434509277,0.0973727479577064,0.0134882656857371,-0.5764256119728088,0.0835040062665939,-0.4359941780567169,0.4232708215713501,0.3727304935455322,-0.4550361037254333,-0.2411946058273315,0.6447064280509949,0.4444960057735443,-0.1613173633813858,0.3757793009281158,0.6980041265487671,-0.0206660199910402,-0.6575907468795776,-0.6650026440620422,0.1300218105316162,0.5496324896812439,-0.5205052495002747,0.4383338987827301,0.1834499835968017,-0.6377468109130859,0.1153228282928466,-0.6149388551712036,-0.483625054359436,0.4460444152355194,-0.3957574367523193,-0.3286103904247284,-0.528312623500824,-0.1353781968355178,-0.0340224616229534,0.6531111001968384,-0.5027367472648621,-0.1900819391012191,0.4391688406467438,0.0433358810842037,0.0560479089617729,0.2553560733795166,-0.0600812546908855,-0.6901530027389526,-0.2300975918769836,0.5687543749809265,0.1230601221323013,0.5677212476730347,-0.602016270160675,-0.7938790917396545,-0.4930333197116852,-0.4641251266002655,-0.742774248123169,0.5704273581504822,0.2279031723737716,0.5277448892593384,-1.1010617017745972,0.3045161962509155,-0.4415763318538666,-0.1428609639406204,0.224620059132576,0.4522855579853058,-0.0416596978902816,-0.6321066617965698,-0.3785338997840881,-0.1012588590383529,-0.5309897065162659,0.1976260840892791,0.554463803768158,-1.1691291332244873,0.3402290344238281,0.8872796893119812,0.378423124551773,0.1121369004249572,-0.4711320102214813,-0.3841022253036499,0.2509441971778869,0.3324692249298095,0.2920675873756408,-0.1482469588518142,0.745602548122406,-0.3011537194252014,-0.0655635893344879,0.9738178849220276,0.3706132769584656,0.6789130568504333,0.0889538303017616,0.1403046548366546,0.2310503721237182,-0.9686654210090636,0.2270397990942001,-0.2863897979259491,0.1930752843618393,-0.3693106770515442,0.7584398984909058,0.6173455119132996,-0.3256116807460785,-0.1006857976317405,0.6807042360305786,0.0588103458285331,0.655668318271637,-0.3626004159450531,0.3059314787387848,-0.2152339816093444,0.3650051951408386,0.4816794991493225,-0.1460896581411361,-0.6812595725059509,-0.3094242811203003,0.038591731339693,-0.7347128987312317,-0.2075425386428833,0.6142566800117493,-0.3499315977096557,0.791633665561676,-0.4000273048877716,-0.1289055347442627,1.6565169095993042,-0.724829375743866,-0.2075648456811905,-0.3345092535018921,-0.2516857385635376,0.1086269840598106,0.1616531759500503,0.2522445023059845,0.3395744562149048,-0.017392436042428,-0.9878248572349548,0.1841320544481277,0.0778492093086242,-0.328554093837738,0.6227366328239441,-0.722170352935791,-0.7642505764961243,0.6464462876319885,0.1478803604841232,-0.2024148553609848,-0.1081273555755615,-1.0051050186157229,0.0297788884490728,0.1627057492733001,-0.5323598980903625,-0.0070076705887913,0.0978099629282951,0.2807737588882446,-0.3761116862297058,-0.0499865002930164,-0.0087247109040617,0.8803223967552185,-0.5123594403266907,-0.5176960825920105,0.0049891816452145,-0.1511417180299759,-0.3433923721313476,0.317162275314331,0.2520496547222137,-0.1966728866100311,-0.4827831387519836,0.0461198724806308,-0.0166893489658832,0.1081532537937164,-0.2482785582542419,0.2989997565746307,-0.2916483581066131,0.1304292976856231,-0.1375846266746521,-0.4849362373352051,0.6292511820793152,-0.0682835355401039,-0.6844152808189392,-0.3577904403209686,0.4788742661476135,0.1206419020891189,-0.2451196312904358,0.4967191517353058,-0.4331493079662323,-0.04820117354393,0.2187448292970657,0.3642936944961548,-0.449424684047699,-0.2918106615543365,0.1167807802557945,0.514710545539856,0.2622050940990448,-1.8473495244979856,0.0939759612083435,0.4511251747608185,-0.2519402205944061,0.1615699082612991,-0.0748082622885704,0.1911083757877349,-0.147559106349945,0.2869060039520263,-0.6906529068946838,0.4125027954578399,-9.866451263427734,-0.4738772511482239,-0.6070104837417603,-0.0817194804549217,-0.6053327322006226,-0.093855895102024,0.5527553558349609,0.4679617583751678,0.0739731267094612,-0.0161205567419528,-0.530902624130249,0.6622480750083923,0.4001837074756622,0.2871275842189789,-0.6870793104171753,-0.1559932678937912,-0.7749782800674438,-0.42094686627388,-0.5526952743530273,-0.3265601992607116,0.0587750263512134,0.1304756700992584,0.2738685309886932,0.2152975499629974,0.2449579685926437,-0.4155165553092956,0.5332508683204651,0.1591961532831192,0.1052495017647743,0.614543080329895,-0.7922978401184082,0.94278746843338,-0.4673015475273132,0.2609024047851562,-0.139833316206932,-0.1529679894447326,-0.3821516931056976,0.6621535420417786,-0.4301821589469909,1.0042591094970703,0.2792907059192657,0.5097688436508179,-0.1080077290534973,0.2018347680568695,0.2825525403022766,-0.2046478539705276,0.0946361497044563,0.2361679375171661,0.1250641047954559,0.1593522727489471,-0.2992273867130279,0.1726090162992477,0.0557743944227695,-0.1391969472169876,0.024932388216257,0.475098043680191,0.1387538164854049,-0.5360645651817322,0.2434888631105423,0.0872407257556915,0.2334403693675995,0.4403004944324493,0.5432884097099304,0.715287446975708,-0.0642455965280532,0.5748230218887329,-0.294950783252716,0.3198992013931274,-0.8170933127403259,-0.3333213329315185,0.1213061586022377,0.0692686289548873,-0.2152220159769058,0.4615814089775085,-0.0108864428475499,0.5448075532913208,0.4355773031711578,0.0210879500955343,1.0093684196472168,0.5293522477149963,0.780722975730896,0.1460287421941757,0.1812483966350555,0.1236094012856483,-0.5672558546066284,0.1457053571939468,0.3169363141059875,-0.199286550283432,0.3998110294342041,-0.713018536567688,0.8659877777099609,0.8352980613708496,-0.4295146465301513,0.1539351791143417,0.0408297851681709,-0.4639273583889007,-0.0694683566689491,0.2736561298370361,0.0732821300625801,-0.1182457730174064,-1.1325142,-0.75814736,0.67181635,1.3275491,-0.79958266,-0.3447615,-1.3995613,0.440423,1.219111,0.012514174,0.5208827,0.10531575,-1.2770163,2.3854392,-0.67101854,0.24621405,0.900315,-1.1093006,0.2328635,-0.29111248,0.16055593,0.30699468,0.76126415,-0.77643293,0.8149179,0.7744049,0.61149675,-0.91826487,-0.79464346,-0.60600704,0.03460364,-0.573089,-0.6332153,-0.22818717,0.36864102,-1.2858268,-1.5929594,1.1877029,0.17956579,-0.49171284,-1.0645864,0.9888634,-0.20189166,0.2298825,-0.7229429,-0.33970568,1.7397275,-0.36063144,0.62001497,-0.5724395,-0.83262,-0.2642753,0.44575316,0.9558913,0.38400897,-0.42820448,1.2662851,0.95215315,-0.24024317,-0.74139404,0.44999015,0.79461384,-1.1028678,-0.16315456,0.4552859,0.8157553,0.079471245,0.10488887,-0.44522774,-0.46321,-2.4454353,-1.1768881,-0.22086513,1.1877608,-1.3557357,0.86506474,-0.037852306,-0.49097538,0.24019936,0.29396683,0.28681052,0.1847571,-1.1580744,1.2668965,-0.8060768,-0.89997107,-0.4470382,-0.024004772,-1.2713008,0.13771975,0.10681514,-1.4530327,-1.222054,-1.2813431,1.4710486,0.047279,-0.5074215,-0.76625055,-1.2753751,-0.3470084,0.21257043,0.9070143,-0.077914104,-0.06657885,-1.0409122,-0.34934875,-0.7635522,-0.432018,-0.49513382,0.6715978,-0.0022250954,0.59316415,0.4814726,1.5874771,0.78602666,0.5892036,-1.163345,-0.39411786,-0.4850285,0.100884035,1.0420829,0.26448345,-1.0865117,0.5211709,0.025947072,1.2313588,0.616817,-0.6363154,0.3875491,-0.1432877,0.6076479,-0.6176512,1.6652802,0.57715964,-0.7835488,-0.3130024,-0.34839955,0.3686852,0.85353804,-0.84853065,-0.53164643,-0.056075916,-0.2370897,-0.18016909,0.39929843,-1.7023268,0.048737116,0.8326802,1.2766231,-0.23350753,-0.002991045,-0.26129046,-0.845266,0.61287564,0.98932356,0.18502344,0.12868834,0.38956565,-1.0002673,1.2175784,0.06875273,1.3120863,-0.8844502,0.34940872,-0.30065435,0.8653406,-0.7198764,0.6379028,-1.2242225,-2.1873505,-0.55550694,0.20351155,0.60811365,-0.0047202334,0.8570869,0.0576085,0.69491184,-0.042143404,-1.1529839,-0.21025637,0.9044357,1.0080085,0.022798005,1.1468779,-0.35299703,0.5787071,0.41586652,0.89121926,0.098626405,0.27074483,0.6705395,-0.4804797,0.81851226,1.0771204,1.0411308,2.457117,0.61441416,-1.5098796,-0.9702786,0.5826088,-1.97878,-0.50082636,0.810448,-0.8138344,1.0701846,-0.7844124,-1.1270946,2.0689514,0.8220571,0.23224638,-1.0097821,-0.9209517,1.0641519,0.6840736,-0.40407136,-0.09653209,-0.6317881,0.32541043,-0.55016947,-0.60365665,0.92999226,0.46915993,0.45493215,1.4734412,-1.2684331,0.42175564,0.22710326,0.37143818,0.37519324,0.5727311,-0.960775,0.557568,0.718185,-0.29177827,-0.46955708,0.35602704,-0.48290384,0.8907203,-0.43783608,0.29415312,0.08803744,-0.79935014,0.16169806,0.12946577,0.17156145,0.54418033,1.43435,0.26783955,-1.6387228,-0.14530756,0.116305545,1.1429607,0.26923552,0.42026323,0.8848146,1.1276554,-0.7275961,0.26881224,-0.7343706,-0.41956526,-0.42008555,0.49821457,0.19734748,0.11641325,0.3656592,-0.8375042,-0.39845318,-0.26244533,-0.064545095,-1.1385236,-0.85544306,-0.49789548,-1.046238,0.1801628,0.47128403,0.4042711,-1.1526576,-1.1227905,-0.8052157,0.21257356,0.6480741,-1.5168142,-0.21753791,0.12279552,-0.23620808,0.31311867,-0.24318275,-0.27826875,0.27384424,1.0251093,-1.315562,0.7275983,0.29760197,0.49656603,1.271551,0.1442945,1.1648004,-0.7442557,0.6235859,-0.98768747,0.8510885,0.976606,-1.5961738,1.077261,-0.34189576,-0.3063736,0.89824384,-1.139256,-0.34194365,-0.8934139,0.0499264,-0.18759607,-1.1661043,2.0985923,-2.2373059,1.2906494,-1.5830568,-0.6310576,-0.63859224,-0.7037513,-1.2318026,0.40969127,0.6113926,0.42211276,0.39029518,0.41770467,0.12017897,0.23041216,0.34635383,1.2048457,-0.47864443,0.62413335,-0.97543293,-1.0917991,0.1476261,0.380441,-1.216219,-1.347729,-1.2620593,-0.5062854,0.23073351,-0.64170647,-0.16186416,1.0722183,-0.27433008,0.556182,-0.81109273,-0.43390113,0.28495213,-0.5020744,1.399524,0.02254941,1.5312307,-1.066979,-0.36487943,0.29925948,-1.6427273,-0.2283599,-0.41001448,1.8050175,0.54339933,0.15467751,0.70735985,0.39037785,-0.4477483,-0.20989361,1.0622982,-0.25724548,1.7150573,0.4574411,-0.49421686,1.6037585,0.034271825,0.65131253,-0.49663705,-0.08326423,1.6035646,-0.15996824,-0.5638391,-0.021274012,-0.22965467,-0.24657924,0.048394687,0.29506987,0.28843218,-0.6106097,0.6730596,0.1781846,-1.4111555,-1.1620907,-0.6001257,0.8174657,0.91897583,1.8224599,1.1891118,-0.24195293,-1.0988289,-1.8310605,0.22763039,0.61693704,0.6161407,0.78220075,-1.2627815,0.5377139,0.6921543,0.35863572,-1.3208297,-1.7000211,1.6647469,0.2475548,0.41515315,1.4929137,-0.96222556,-1.6244681,-0.28000185,0.6719611,-0.15534382,-0.8170743,-0.51314706,0.5001962,-0.86619264,1.1365609,0.634987,0.5253775,-0.04064833,0.0034000678,0.33470148,0.1354419,-0.57479835,-0.5139889,0.072355315,0.3764884,-1.5360532,-0.64155793,0.6707767,-2.029565,1.0874597,-0.1001108,-0.45035514,0.29513487,-0.61815846,-0.5653133,-0.4408933,-0.23377663,-0.99936676,-0.79303163,0.4069747,-1.4155644,-1.5652033,1.3805072,1.2143006,-0.5621597,0.26628873,0.5915605,-0.15788573,0.801577,0.143925,-0.662234,0.6611154,0.091102436,-0.21050145,-0.54646415,-1.5553048,-0.74848485,0.45888567,-1.1669909,-1.0325885,0.9718267,0.8665068,-1.1962947,-0.85234433,-0.041203942,-0.696761,0.5905984,0.7526186,0.105190635,0.04713828,-0.73129135,-0.16647096,0.19685254,0.61077577,-0.1365815,-0.1661543,0.69726264,-0.5092125,0.15520775,1.8712244,0.05414462,0.88298845,1.317337,0.2823286,-0.14775506,0.7336019,-0.07808255,0.03352902,0.9071269,-0.99899876,-1.1744035,1.5822067,-0.30652618,-0.93014914,-0.044797845,0.47169593,-0.17241842,0.11136794,0.2877041,1.0450054,1.5080533,1.1950783,1.4578311,-0.2211439,-0.4029658,-0.67380923,0.67259324,-0.970919,-0.6383897,0.1264739,0.7777701,1.8352989,-0.83628917,0.11478852,0.6657478,-0.67905676,-1.1893946,-0.11443446,0.7907321,-0.44403583,-0.76279086,0.52702737,-1.0861697,0.30237022,-1.9753284,-0.41446316,0.33688056,0.6685502,-0.9279125,-0.063398145,0.5577336,0.4092767,-0.989249,0.19504598,1.2119429,1.53492,-0.07199249,-1.0390788,0.66250575,-0.3656693,-1.4114478,-0.43985954,-0.7297354,-0.35516158,-0.050014853,-0.24967554,-0.10986896,-0.62493896,-0.64872,1.53906,0.3187365,-0.1542446,0.08616651,-1.0145205,1.5876188,-0.35788795,-0.7398628,0.95877725,0.77335346,-1.7942667,0.64280784,-1.3277785,0.72988814,-0.9770272,0.3765117,1.0647151,0.7839485,-0.5863196,1.4266183,-0.44929108,-0.46642172,0.14191325,0.35422277,-0.4745351,0.6017467,-2.1238437,1.3678164,-1.2452996,-1.0270956,-0.05938166,0.4580687,-0.16768394,-0.17402667,-0.38472715,0.5171291,0.22309929,-0.8131161,0.8514905,2.0036108,-0.50826,-0.9564528,0.861423,0.3438147,-0.32089412,-0.07099443,2.2224135,0.4399257,0.745466,-1.1886289,-0.8562401,0.39796078,-0.6422815,-0.83683586,0.13505337,-0.115083575,-0.015950583,0.06292026,-0.3493523,0.6608221,-1.0292865,0.34120882,1.0357465,-0.6115099,-0.098831885,0.26618308,-0.5814452,-1.3312798,-1.2779951,0.67381924,0.472773,-0.39671516,0.2608469,0.5147254,1.5540258,0.952083,-0.30888975,-0.65602684,0.78955173,0.9690663,0.88049287,-0.696053,-1.1991874,0.4194796,1.4384859,-0.594054,0.44898045,-0.29710972,-0.61299694,-1.8139751,0.91919726,0.0873277,0.07614178,1.2525995,0.33753794,0.06967557,0.4960782,-0.2712223,-0.05389063,-0.3653389,-0.58180976,-0.045226768,0.38808846,-0.9460366,0.28224626,-0.8154441,-0.12505387,-0.24542977,0.57239246,-1.3496538,0.6588647,0.0072963648,0.7307225,0.31523454,-0.23496035,-0.8934046,-0.11397648,-0.60049087,1.5862914,0.73377174,0.095734105,-1.3078544,-0.40826002,1.0979738,0.2084686,-0.44238174,0.18450183,0.09264387,-0.805965,-0.28223538,-0.87643063,-0.47810787,0.4281763,0.6384486,-0.67266876,1.1857139,-1.7566662,0.9292282,-0.21170714,-1.2566484,0.3449017,0.25039262,-0.4854639,1.893203,1.3898709,0.14303738,-0.14843756,0.6236439,0.85613984,-0.42877993,-0.30965245,-1.6727929,0.8375348,0.9471868,0.41892335,-1.2090783,-0.1514072,0.4233605,-0.3798927,1.4010851,-0.4747413,-0.9207925,-0.89879405,-0.47506428,-0.9318343,-0.23420355,-0.6092093,-0.30464876,-1.5513905,0.48593718,-0.5708048,-0.39883348,0.89467806,-0.73949677,-0.09815618,0.19769254,1.3340831,0.85086846,0.34634224,0.61587614,-0.5117764,-0.18784098,-1.195975,-0.45297658,0.79368883,-1.0417227,0.48668644,0.6016699,0.98178387,1.8651018,0.07428878,-0.9776274,0.036664028,-0.10289401,0.4282134,0.019890323,-0.6950111,-0.18843353,0.2582988,0.24813423,0.45118108,-1.4462715,-0.15877536,0.07467205,0.5671841,0.30901328,0.77044284,-0.061766535,0.45977652,1.7390803,1.1419146,-0.2186277,,,,,,,,,,,,,,,,,,,,,,,,,,,,,,,,,,,,,,,,,,,,,,,,,,,,,,,,,,,,,,,,,,,,,,,,,,,,,,,,,,,,,,,,,,,,,,,,,,,,,,,,,,,,,,,,,,,,,,,,,,,,,,,,,,,,,,,,,,,,,,,,,,,,,,,,,,,,,,,,,,,,,,,,,,,,,,,,,,,,,,,,,,,,,,,,,,,,,,,,,,,,,,,,,,,,,,,,,,,,,,,,,,,,,,,,,,,,,,,,,,,,,,,,,,,,,,,,,,,,,,,,,,,,,,,,,,,,,,,,,,,,,,,,,,,,,,,,,,,,,,,,,,,,,,,,,,,,,,,,,,,,,,,,,,,,,,,,,,,,,,,,,,,,,,,,,,,,,,,,,,,,,,,,,,,,,,,,,,,,,,,,,,,,,,,,,,,,,,,,,,,,,,,,,,,,,,,,,,,,,,,,,,,,,,,,,,,,,,,,,,,,,,,,,,,,,,,,,,,,,,,,,,,,,,,,,,,,,,,,,,,,,,,,,,,,,,,,,,,,,,,,,,,,,,,,,,,,,,,,,,,,,,,,,,,,,,,,,,,,,,,,,,,,,,,,,,,,,,,,,,,,,,,,,,,,,,,,,,,,,,,,,,,,,,,,,,,,,,,,,,,,,,,,,,,,,,,,,,,,,,,,,,,,,,,,,,,,,,,,,,,,,,,,,,,,,,,,,,,,,,,,,,,,,,,,,,,,,,,,,,,,,,,,,,,,,,,,,,,,,,,,,,,,,,,,,,,,,,,,,,,,,,,,,,,,,,,,,,,,,,,,,,,,,,,,,,,,,,,,,,,,,,,,,
オ,0.5296596884727478,0.2130906283855438,0.4559382796287536,-0.3788235783576965,0.0963736400008201,0.229296863079071,0.2386744916439056,0.2548413276672363,-0.0763473808765411,-0.5995948910713196,0.3987560868263244,-0.4263967275619507,0.4475667774677276,-0.2476707696914672,0.6969519257545471,-0.0656861960887909,0.0709809884428978,-0.1644545197486877,-0.0108748702332377,-0.3702743947505951,-0.7576481103897095,-0.413432627916336,0.3180697858333587,0.3614082336425781,0.053830225020647,-0.3144461810588836,0.024836154654622,0.22332763671875,-0.1629917174577713,0.0653100684285163,-0.163625493645668,-0.366718590259552,-0.2875009775161743,-0.143985703587532,-0.1412046998739242,0.7164433598518372,0.0447980128228664,-0.334321528673172,-0.048272281885147,-0.4448588788509369,0.2024504095315933,-0.0392537266016006,-0.0778143554925918,-0.4906745254993438,-0.4244580864906311,0.3569748103618622,0.1421144604682922,0.4508043527603149,0.3910716772079468,0.065802477300167,-0.2395339757204055,0.3987994194030761,0.2064034640789032,0.0377097837626934,0.5504782795906067,-0.1333968788385391,0.3774928748607635,-0.541711688041687,-0.0768055692315101,0.2613519728183746,-0.3717130422592163,-0.2485538125038147,0.521899402141571,-0.136066272854805,0.0811342075467109,0.026225758716464,-0.2150810807943344,-0.1482564061880111,0.0450063794851303,-0.7747994661331177,-0.2178253978490829,0.2925040125846863,0.3747594952583313,-0.3835846185684204,0.6918500065803528,-0.3065555095672607,0.2237822115421295,0.1153149232268333,0.2371601611375808,-0.2251027226448059,-0.3462476432323456,0.2766848802566528,0.2552945911884308,-0.7245570421218872,0.0226185377687215,0.0493616014719009,-0.4940282702445984,-0.9880563616752625,0.452703058719635,-0.3511286675930023,-0.0228992886841297,0.0741178765892982,0.2153235077857971,0.2377034276723861,0.0652189552783966,0.1718862056732177,0.1264184862375259,-0.2441621720790863,-0.2346249967813491,0.2505479454994201,0.0868691354990005,0.4093315303325653,0.32750204205513,-0.1709804832935333,-0.2634230852127075,0.0760699585080146,-0.1548914760351181,0.2174850106239318,0.2510367929935455,0.0809057801961898,-0.3745799660682678,-0.2978120148181915,-0.4654948711395263,0.2725546658039093,-0.0209189262241125,0.1435899883508682,-0.198187306523323,0.3388965129852295,-0.4349301159381866,0.6078699827194214,-0.2538466453552246,0.7915907502174377,-0.0356875881552696,0.3047783374786377,0.2150291949510574,0.5052955746650696,0.0175789315253496,-0.0272460542619228,-0.1284803003072738,-0.2572053372859955,0.0357783772051334,-0.0579200908541679,-0.6814077496528625,0.0921545028686523,-0.2537298202514648,0.9225340485572816,-0.0114336526021361,-0.0479016825556755,-0.136097177863121,-0.4668779373168945,-0.1524674445390701,-0.1324257403612136,0.2752945125102997,-0.4046907126903534,-0.1197020336985588,0.1626258939504623,-0.2094656676054,-0.4744023382663727,0.4888186752796173,0.3426395952701568,-0.391703337430954,0.8269580006599426,-0.7304170727729797,0.0575210861861705,-0.0262061338871717,0.3646568357944488,-0.7473659515380859,0.1510887295007705,0.0498598143458366,0.5594866871833801,0.0929848328232765,-0.4336896538734436,0.1997489929199218,0.3209051787853241,0.1022119894623756,0.4263670146465301,0.4947990477085113,0.234954759478569,0.1953546553850174,0.4709454476833343,0.0561673045158386,0.4962971210479736,0.0458567067980766,-0.2137681096792221,0.4985187947750091,0.2918106913566589,0.1293936520814895,0.2646268904209137,0.0680747330188751,-0.5479270219802856,-0.0365224033594131,-0.1630211323499679,-0.0103595312684774,-0.1495637893676757,0.4607514441013336,-0.16131691634655,-0.0502539128065109,0.1145083829760551,-0.2079464346170425,0.1704038232564926,0.0367571040987968,-0.262583464384079,0.3753058016300201,-0.6912090182304382,0.0999286249279975,-0.3194076120853424,-0.3274402320384979,-0.3803856372833252,-0.302856832742691,0.3924706578254699,0.0625739246606826,-0.0227741338312625,-0.1504396349191665,-0.1841774731874466,-0.8772600889205933,-0.3443240523338318,0.072902612388134,0.655198872089386,0.360122412443161,0.2266106456518173,0.0718065351247787,0.2478867173194885,0.4675061106681824,0.0748334527015686,0.1430813670158386,-0.0019422065233811,-0.2316767424345016,-0.1867131143808365,0.1263024359941482,-0.1210856661200523,0.4201357662677765,-0.0982303693890571,0.3487502336502075,-0.0542345009744167,-0.406590849161148,0.2436564266681671,0.0867293998599052,-0.3940061628818512,0.0503381453454494,0.7268115282058716,-0.2607754468917846,-0.6348714232444763,-0.4985277056694031,-0.0947990268468856,-0.6508302092552185,0.0662958398461341,-0.268383651971817,0.2855084538459778,-0.349700003862381,0.112674169242382,-0.1744929105043411,-0.4754193425178528,-0.1815786063671112,-0.2118682861328125,0.0328344888985157,0.1429506987333297,-0.0228110589087009,-0.1918207108974456,-0.51520836353302,-0.035258699208498,-0.3487142920494079,-0.4789979457855224,-0.0031026471406221,-0.5512425303459167,0.4469566941261291,0.2267684787511825,0.519576370716095,-0.0401957146823406,0.2230084687471389,-0.021178001537919,-0.0647084936499595,-0.8502422571182251,-0.1223883181810379,-0.082101322710514,-0.5005362629890442,-0.0289797261357307,0.0161732789129018,-0.4629672467708587,-0.3051377236843109,-0.4279847145080566,-0.0537696257233619,-0.4275308847427368,-0.4585559368133545,0.0507671535015106,-0.0609349831938743,0.121000550687313,-0.1441505849361419,0.4983959794044494,-0.4443674683570862,0.157625675201416,-0.6233783960342407,0.1977990418672561,-0.6939910650253296,-0.2582651376724243,0.0102615738287568,-0.2509933710098266,-0.385790079832077,0.1677277833223343,-0.4675479829311371,0.3769758343696594,0.3340494334697723,0.0589170567691326,-0.4295046031475067,-0.0234155897051095,-0.379841536283493,0.1281551122665405,0.2171487510204315,0.7272565960884094,0.2176287770271301,-0.0618875958025455,0.1726910173892974,0.4014920890331268,0.1911408603191375,0.1473643630743026,-0.1017887517809867,-0.2969529330730438,0.0840102732181549,0.055018100887537,0.6373216509819031,0.1061175316572189,-0.0175985414534807,1.0461182594299316,-0.3499410450458526,0.2470925748348236,0.49268639087677,0.2864406108856201,-1.7427469491958618,0.0124134626239538,-0.1290074437856674,0.0475340001285076,-0.2400045990943908,0.28074511885643,-0.0035546065773814,0.137170597910881,-0.459278792142868,-0.5403351783752441,0.9039117693901062,0.2878541350364685,-0.0093382988125085,-0.5122708082199097,0.3493413031101227,-0.2350283712148666,0.0298427008092403,-0.4780119359493255,0.2126775383949279,0.4782304167747497,-0.4107668399810791,0.0539882034063339,-0.1659918874502182,-0.537499725818634,-0.083966925740242,0.1677630394697189,0.1615692526102066,0.247225672006607,-0.5302152037620544,0.1380523741245269,0.3138780891895294,0.4008596837520599,0.7858495712280273,0.3039855659008026,-0.0616408102214336,0.0577767044305801,0.4450687170028686,0.1350419074296951,0.4254122972488403,-0.2856252193450928,0.1758316755294799,-0.0475820116698741,0.8534377217292786,0.0125897396355867,0.0911166295409202,-0.0015497871208935,0.1213041767477989,0.2295670956373214,-0.081953153014183,0.3548986315727234,0.1464321017265319,0.0478751249611377,0.1907066702842712,0.5322242379188538,0.5807309746742249,0.1449556350708007,-0.2838995158672333,-0.3661825656890869,0.0364569164812564,-0.321286529302597,-0.6244051456451416,-0.3386206030845642,-0.3438629508018493,-0.1222211271524429,-0.4495676457881927,0.2929139733314514,-0.0296255443245172,-0.5183850526809692,0.0549229495227336,-0.3556650280952453,-0.4252268970012665,0.3321499228477478,-0.0532559305429458,-0.7333111763000488,0.5861435532569885,0.2217282354831695,0.2881442606449127,-0.5338570475578308,-0.6530799865722656,-0.0423921756446361,-0.2733902633190155,-0.3039427995681762,0.1676573008298874,-0.3308295905590057,-0.0540301539003849,0.3473367393016815,-0.0784889757633209,-0.0932381302118301,-0.3437794744968414,-0.2950970530509949,-0.7089868783950806,0.1887605041265487,-0.0504166632890701,0.3232135474681854,0.0219684243202209,0.2221865206956863,0.2203065305948257,0.0448722839355468,-0.2711859345436096,0.0839256197214126,-0.3249978721141815,0.5804333090782166,0.3907267451286316,0.1664255708456039,0.581920862197876,0.4442465603351593,0.2811322212219238,0.5245891809463501,0.0202089324593544,0.0134099787101149,-0.610522449016571,-0.3011751174926758,0.7100160717964172,-0.0379120931029319,0.2432178258895874,-0.107879638671875,-0.0181926805526018,0.6090810298919678,-0.0324829034507274,-0.5741919279098511,0.0005142665468156,0.0738754346966743,-0.1841550320386886,0.262513518333435,0.6575903296470642,0.8228428959846497,-0.0232491437345743,0.0209028869867324,-0.140678659081459,-0.1875307261943817,0.3151618540287018,-0.1306444257497787,-0.1179750114679336,-0.2945268750190735,0.0095409927889704,0.2994397580623626,0.6596575975418091,0.2006724327802658,0.6231606602668762,0.3094731569290161,-0.3437167704105377,0.2674251198768616,0.435273140668869,0.4795292615890503,-0.2945265173912048,-0.2899815738201141,-0.3539811670780182,0.0258303135633468,-0.3896693289279938,-0.0662572011351585,0.6731356978416443,-0.1594995409250259,0.1768974959850311,0.0076765068806707,-0.6110824346542358,-0.6220504641532898,-0.3782775104045868,0.1608152389526367,-0.0992601439356803,0.1433831602334976,0.2025719732046127,-0.0135760903358459,-0.4930251836776733,0.1857774257659912,0.0561464726924896,0.2988999783992767,0.5034912824630737,-0.1536019593477249,-0.0901676565408706,0.0035907886922359,0.0382498726248741,0.0676893964409828,-0.1810710877180099,0.0458883009850978,-0.2628243565559387,-0.4944120943546295,0.0162131208926439,0.1840128451585769,0.2542142868041992,-0.1465330421924591,0.6534149646759033,0.1324674189090728,-0.5132039189338684,-0.565060019493103,-0.237240582704544,-0.2221661806106567,-0.0452727153897285,-0.4980322420597076,-0.0901912376284599,0.0443757846951484,0.3667648136615753,0.0876772403717041,0.2802462577819824,-0.3576146960258484,0.0792291760444641,0.2387515604496002,0.6340348720550537,-0.1300701349973678,0.2300144582986831,-0.1985842436552047,0.0217490531504154,0.0881654992699623,0.0755990594625473,0.0594925098121166,-0.1432090848684311,-0.536220908164978,-0.6978509426116943,-0.3783296048641205,-0.1789586842060089,-1.0786592960357666,0.5394381880760193,0.1386258453130722,0.2410538047552108,-0.4676302969455719,-0.4629960358142853,-0.147763043642044,0.3010770082473755,-0.115580216050148,0.4248737096786499,-0.2177674025297165,-0.5781479477882385,-0.0497000403702259,0.1251947283744812,-0.6601473689079285,0.9405031204223632,0.2545405626296997,-0.4916508197784424,-0.3954956829547882,0.387395292520523,0.1958344131708145,-0.2218459993600845,0.1072808057069778,-0.1325920820236206,-0.5393648147583008,0.1550326347351074,-0.3469339609146118,0.3210111856460571,-0.1543601602315902,-3.526743239490315e-05,-0.1246603056788444,0.5851903557777405,0.3443279862403869,0.2443006783723831,0.0775589197874069,-0.2279006391763687,-0.2089708745479583,-0.2480691522359848,0.3257020711898803,0.1407943069934845,0.3850536048412323,-0.1766823679208755,0.3162503838539123,0.5831259489059448,-0.8466090559959412,0.0867414474487304,0.7604172825813293,0.4110320210456848,0.444315493106842,-0.1525647640228271,0.03209038823843,-0.8170374035835266,0.1355699896812439,0.1418216824531555,-0.0172215569764375,0.4570207893848419,-0.0356507040560245,-0.1375111788511276,-0.4097650349140167,-0.0168074183166027,0.4003950655460357,0.1728287488222122,0.0364892520010471,0.4355419874191284,-0.1556229144334793,0.5133227705955505,0.3383309543132782,-0.2615169286727905,-0.3602937161922455,0.0543467439711093,0.4090258181095123,0.7752847075462341,0.1817598491907119,0.3601688146591186,-0.7150218486785889,-0.6305393576622009,0.3012827634811401,0.0831094086170196,0.3051785230636596,0.5014293193817139,-0.2748686373233795,-0.0627902820706367,0.6112644672393799,0.2978948354721069,-0.0707817524671554,-0.3294468224048614,-0.4165408909320831,-0.1707163900136947,-0.2366679608821869,-0.5008911490440369,0.2017518132925033,0.0845913216471672,-0.0467947907745838,0.2117699682712555,0.0154199143871665,0.0983888357877731,0.5822260975837708,0.0028719732072204,-0.305047333240509,0.2047902196645736,0.0614336542785167,-0.0901422724127769,0.0808300226926803,-0.2235193252563476,-0.2465935945510864,-0.0241717658936977,0.2415190041065216,-0.1573673337697982,0.2025086134672165,0.0340979881584644,0.1619161665439605,0.3305917084217071,-0.4448821544647217,-0.1901049017906189,-0.314644455909729,-0.3174638450145721,-0.1307286322116851,-0.6577920317649841,-0.3597747385501861,-0.0309588555246591,-0.0471150875091552,-0.1592544317245483,-0.05937360227108,-0.4678713381290436,-0.2325161099433899,-0.4492211043834686,0.2522855401039123,-0.1734455525875091,-0.8417651653289795,0.3823029398918152,0.2627186775207519,-0.1252967417240142,-1.1999207735061646,0.247536301612854,0.1704616248607635,0.2441152334213256,0.1721053123474121,0.704698920249939,-0.3422385454177856,-0.2607019543647766,0.0875810459256172,-0.2855316996574402,0.2547450661659241,-10.516351699829102,0.1059780791401863,-0.4225786030292511,-0.3998930752277374,-0.3504877388477325,0.3931498527526855,0.6256321668624878,0.5662823915481567,-0.1955859363079071,0.1214233934879303,-0.0340548641979694,0.0915949419140815,-0.0144770285114645,0.6837878823280334,-0.5207838416099548,-0.3065536618232727,-0.2305571138858795,-0.0215277168899774,-0.0403221026062965,-0.2391912043094635,0.1143146902322769,-0.284472644329071,0.5086359977722168,0.7366798520088196,0.5462241768836975,-0.4084236323833465,-0.2611879706382751,0.0024734144099056,-0.2027534991502761,0.5919749736785889,-0.6013648509979248,0.5325713157653809,0.0364352501928806,0.3010843992233276,-0.1525362879037857,0.2529691159725189,-0.4028312265872955,0.6683297157287598,-0.0390014834702014,0.4041423201560974,0.3153025507926941,0.4241274297237396,-0.025679500773549,-0.0304168835282325,0.1748992651700973,0.2391737103462219,0.469064712524414,0.0111696710810065,0.5418323874473572,-0.2422156333923339,-0.1271032989025116,0.1338433921337127,0.0682288780808448,-0.0943486765027046,0.4556112885475158,-0.0305458642542362,0.6394035816192627,-0.6745585203170776,-0.031642060726881,0.0643760710954666,0.3380284905433655,-0.0773757696151733,0.3833673596382141,0.444365918636322,0.30074143409729,0.4105566740036011,0.5217416882514954,0.3653739690780639,-0.9130431413650512,-0.2377991825342178,0.1625676453113556,0.471616268157959,-0.0950486809015274,0.3251329064369201,-0.2567318379878998,0.3133965134620666,0.3614666759967804,-0.2959363758563995,0.0550640672445297,-0.0280053783208131,0.2839506864547729,-0.3029759228229522,0.0833558365702629,0.2407184094190597,-0.621874213218689,0.0487202405929565,-0.0832330659031868,-0.04812478646636,0.259869247674942,-0.4461257457733154,0.2382365614175796,0.0838035121560096,-0.5344372987747192,0.5065318942070007,0.4480125904083252,0.0181824807077646,-0.121032990515232,0.2265196144580841,0.4854059219360351,-0.0247120037674903,-0.82594836,-0.6871202,1.1313123,1.8059082,-0.6828729,0.5256953,-1.6149619,0.02360885,0.80777943,-0.18573341,0.63810205,0.116080254,-0.974378,1.6879168,-0.57830715,-0.36159864,1.2663586,-0.7759361,-0.06447884,-0.117047265,1.6373136,0.036651,0.94916785,-1.1882179,1.1848149,0.6521584,0.51366264,-0.89103913,0.12331492,-0.21618672,-0.4510123,-0.8169573,-1.4922678,-1.6760095,-0.3523559,-0.8942316,-1.2906961,1.1311342,0.2364168,-0.82951504,-0.89627355,0.14675322,-0.88369673,0.43015355,-0.91132367,0.07571733,1.8604949,-0.8203024,0.54654557,-0.5997896,-0.18050945,-0.3685723,0.022708379,1.6075613,1.0559036,-0.12382579,1.287607,0.6542573,-0.015516102,0.061046034,1.0933284,1.2547206,-0.80456907,-0.19308493,1.5243394,1.664907,-0.2604767,0.065262325,-0.83145076,-0.3023643,-2.4901896,-0.43170178,0.1628688,0.98306954,-1.2489982,1.0562372,-0.017055064,-0.32519305,0.67122555,-0.41494426,0.05800584,-0.41564238,-0.51676226,1.4592364,0.0014240679,-0.91229963,-0.29791957,-0.8489218,-1.1943161,-0.14676103,0.2880324,-1.3888463,-1.4464128,-1.676083,1.3901255,0.52956754,-0.28450963,-0.5470371,-1.2770728,-0.03681922,-0.0439716,0.6496489,-0.5579139,0.3472817,-1.3346772,-0.06896353,-0.5162139,-0.44613075,-0.48879492,0.625544,-0.90048647,0.5772282,0.21737714,2.3742328,0.5922373,1.3338184,-0.69155556,-0.47032288,-0.6111455,0.30483598,1.5983324,-0.14367783,-1.0788919,0.36574224,0.24136552,1.1008072,-0.17943908,-0.68931234,0.7769225,0.1522344,0.6334891,-1.1426939,1.1651449,0.529186,-0.605642,-0.19598353,-0.13479193,0.20570134,0.25483102,-1.1422613,-0.11600641,-0.05178614,-0.29134294,-0.46183854,-0.0894831,-1.0223043,0.42708454,0.53348,1.5374409,0.11223395,0.397361,-0.15836225,-0.2826828,0.5647995,0.81768167,-0.4824529,0.26245347,0.01421269,-0.9526614,1.0416925,0.25532365,1.4898087,-1.3800261,0.25312734,0.44620728,0.8965158,-0.8907178,0.76445884,-0.719319,-2.1095307,-0.54879856,-0.27124333,-0.14889094,-0.4035415,0.23952627,-0.96229994,0.5484574,-0.33711308,-2.2525082,0.54266775,0.46946648,0.8077713,-0.1402142,1.9949983,-0.36643618,0.20824192,0.43650678,0.24130045,0.042220626,0.37025765,0.7744639,-0.092783034,0.51897144,1.0103612,1.2977405,3.332703,-0.21369071,-1.934852,-1.828402,0.06370321,-1.4542923,-0.51772773,1.3157289,-0.2449592,1.17936,-0.42997667,-1.4356935,2.5011032,0.67803663,0.21140446,-1.676176,-1.1075033,0.3961811,0.54505616,-0.61473167,-0.43658778,-1.2182972,0.12045146,-0.595322,-0.6771948,0.53750956,0.3572755,0.7407451,0.57579297,-1.3340802,0.7062715,0.17600337,1.2318666,0.6109923,0.89069974,-0.72742605,0.13750325,0.397754,-0.6698873,-0.73249245,0.7257953,-0.35134435,0.7648081,-0.16658951,0.47222504,0.5256999,-0.3443464,-0.18861443,0.12719306,0.7672111,0.40185687,1.6178337,0.12104282,-1.7316463,-0.07815098,0.16335672,0.7978523,0.5017735,-0.038360357,0.68978214,0.06839313,-0.044420246,-0.5032197,-0.4814456,-0.6436311,0.39183688,1.5223217,-0.44563347,0.80775195,0.30593532,-0.6004996,-0.39728668,0.5201342,-0.56179607,-0.88182104,-1.0284424,-0.64601195,-1.5123466,0.20501538,-0.03627667,-0.25776893,-0.7696518,-1.053353,-0.4044352,0.3448903,0.9301017,-0.7746045,-0.40893078,0.23274282,-0.2696422,0.12776108,-0.25470912,0.102712415,0.46908066,-0.022054017,-1.3968935,-0.03402503,0.3186403,1.2323258,0.86665654,0.08292699,0.96616495,-0.6750468,0.9506402,-0.7229141,0.26722455,0.92097884,-2.0523977,0.87225413,0.19636843,-0.42110807,0.49268514,-0.92763835,-0.77091503,-1.4855545,-0.06943071,0.17942655,-0.98345625,2.308076,-1.4434888,1.6250042,-1.269275,0.024053171,-0.25889006,-0.444435,-1.7963667,0.78633463,0.068538904,0.49615353,0.39363804,-0.7970793,0.43932107,0.2612307,0.6810876,0.47002292,-0.47314948,0.8911853,-0.56443155,-1.5555804,0.7156922,0.904616,-1.7079911,-2.3618917,-1.5886844,-0.17088297,0.74910355,-0.89721787,-0.5221002,1.4379637,-0.090970755,0.22443072,-1.1510968,-0.7130369,0.42423865,-1.1173483,1.3923783,-0.45301822,1.0698929,-0.6781341,-0.334289,0.6841662,-2.027243,-1.2130075,-0.6498887,2.3654037,0.044878945,0.4101629,0.22492924,0.6132487,-0.5026543,-0.71405905,1.5077639,-0.100971356,1.8890991,0.32504988,0.039975792,1.6249168,-0.07226856,0.6836167,-0.7392146,-0.61259985,2.4330187,0.17319779,-0.9448228,-0.63182867,-0.6229888,-0.33589882,0.28479835,0.08444634,0.19296178,-0.5762651,0.75497437,1.1532364,-1.2540896,-0.7183648,-0.21321113,0.58520555,1.0514448,1.6101217,1.7468144,-0.30606297,-0.21361575,-2.712079,0.6695111,1.2458616,0.45967212,0.14965788,-1.8296708,0.008168757,0.2697528,-0.6391109,-0.9976282,-2.2113075,2.266646,1.1358992,-0.022492409,1.5825652,-0.86161053,-1.367456,-0.34332213,0.9605882,0.917813,-0.51942897,-0.51154286,0.97781503,-0.5047795,1.3279581,0.34172702,0.55426425,-0.040592045,-0.2527528,0.93607163,0.86155295,-1.2034628,-0.8764314,0.06938272,1.2722085,-1.9432054,-0.69558775,0.12450868,-1.7956196,1.4386067,-0.35877326,-0.41944495,-0.67106605,-0.14985442,-0.7684999,-0.853256,-0.2156301,-0.46470535,-0.8231472,0.76135397,-0.89609736,-1.2407012,1.3408346,1.3637204,-1.0719697,0.6032173,0.055317402,0.5729183,0.15880643,0.27686802,-0.8152521,-0.3022648,-0.69909495,-0.4659562,-0.46106935,-1.3132114,-0.96475947,0.09611425,-1.2821376,-1.3260491,1.0218203,1.3475568,-1.7136964,-0.71197283,-0.64428437,-0.53692603,1.0516909,0.8726026,1.2605817,0.55921113,-0.39687112,-0.046427302,-0.4636809,1.4302199,-0.212715,-0.1559332,-0.03184787,-0.22756276,0.26173332,1.5439353,-0.01599747,0.13307932,1.3085139,0.2701996,-0.8044184,0.31088784,-0.79435337,0.2095811,0.32241893,-1.8219653,-1.3781365,1.3278075,-0.4522071,-1.5021516,0.20272529,0.81210047,0.48525083,0.7180227,0.72899896,1.5315454,1.2759763,1.077486,1.9233725,-1.1520883,-0.76052964,-0.48100185,0.21904498,-0.53103083,-0.52831906,0.6491305,1.0799155,2.1412163,-0.43423092,0.5891103,0.86951685,-1.2658944,-1.1447972,0.59721327,0.23119524,0.13926443,-0.41013175,0.093639374,-0.2733606,-0.03234891,-2.1039925,-0.355465,0.6984645,0.6275866,-0.2955339,-0.07635415,0.5330389,0.36239994,-1.180802,-0.2954494,0.6646069,1.4334855,0.061534345,-1.0108404,0.27331835,-0.28855196,-1.9665089,-0.06618227,-0.20509517,-0.1206965,-0.052038357,0.36828518,0.35564134,-1.0988607,-0.11220813,0.8632891,0.029484168,0.037026837,-0.032859944,-0.9902993,1.720581,-0.7616958,-0.3816849,1.9859476,0.3206327,-1.6579161,-0.087186396,-0.9904121,-0.3410002,-0.8840423,0.55901766,0.3532017,0.18254095,0.27387545,1.2045789,0.7239828,0.13624674,-0.19387823,0.43011743,-0.16378218,0.3265478,-2.0502398,0.7356668,-1.0677418,-1.9121991,-0.19764341,1.0471044,-0.645853,-0.04632424,-0.8083724,0.53916395,0.71903193,-0.9413986,0.6143714,2.3549306,-0.2469333,0.13391578,1.0483603,0.814526,-0.751956,0.004811719,2.4384465,0.5253452,0.5968262,-1.6790617,-0.45246452,0.23024724,-0.11620356,-0.6941015,-0.87559485,-0.72999066,0.023527995,0.49156517,-0.10239069,0.47705773,-0.8926149,0.28504962,0.85103375,-1.223583,0.28587824,0.27792805,-0.22908418,-1.344214,-1.0682946,1.229786,1.1798441,0.007441789,0.342437,-0.2180338,1.170436,1.0927415,-0.0051900595,-0.5902517,0.4463071,1.0175982,0.9141524,-1.1765292,-1.3324022,0.6618254,1.9618816,-0.6352153,0.639574,-0.6788458,-0.53052217,-1.3702145,1.1768923,0.17166227,-0.25571826,1.8602589,0.48926073,-0.23782152,0.41003844,-0.93198633,-0.4629166,-0.23228529,0.024471201,-0.5220096,-1.0240307,-0.57821304,-0.20496574,-0.70225316,0.48349628,0.38564909,0.98236513,-1.082896,0.15976566,0.09676877,0.22359708,-0.1256187,-0.3530307,-1.1087652,-0.9768696,-0.4616061,1.5645694,1.0429254,0.32262725,-1.5704701,0.21391647,0.74977046,-0.38068175,-0.7664392,1.1847675,0.28877324,-1.6263676,-0.5921336,-1.1053509,-0.9734051,0.13714881,1.3928797,-0.4394642,0.40749937,-1.7347052,0.6041714,0.25817382,-0.71238077,1.396637,0.4465287,-0.15086049,1.7168412,1.585743,-0.09856882,-0.21945533,1.100379,0.50287175,-0.03813909,0.3703444,-1.025423,0.48349532,1.5368345,0.8344337,-0.65090626,-0.7389451,0.124311425,-0.34044388,1.3630651,-0.50037336,-0.4079539,-1.3154736,-0.34702504,-1.5800685,-0.44853073,-0.83558106,-0.4676087,-1.1552434,0.42409387,-1.009692,-0.14540464,0.28414053,-1.3379674,0.2277911,0.2817363,2.0047715,0.83046246,0.46779394,0.9186274,-0.73576015,-0.27409196,-0.9894074,-0.3914236,0.6871674,-1.3008991,0.021731704,0.20825906,0.8769151,2.522781,0.26589346,-0.11008969,0.56543505,-0.48930484,0.17944004,-0.21987572,-0.43133476,0.34670207,-0.34955266,0.093543425,0.41147608,-1.1540086,0.33091348,-0.17428355,0.22114351,0.17415535,1.095835,-0.4574297,0.7675762,1.1729416,0.98535967,-0.5533687,,,,,,,,,,,,,,,,,,,,,,,,,,,,,,,,,,,,,,,,,,,,,,,,,,,,,,,,,,,,,,,,,,,,,,,,,,,,,,,,,,,,,,,,,,,,,,,,,,,,,,,,,,,,,,,,,,,,,,,,,,,,,,,,,,,,,,,,,,,,,,,,,,,,,,,,,,,,,,,,,,,,,,,,,,,,,,,,,,,,,,,,,,,,,,,,,,,,,,,,,,,,,,,,,,,,,,,,,,,,,,,,,,,,,,,,,,,,,,,,,,,,,,,,,,,,,,,,,,,,,,,,,,,,,,,,,,,,,,,,,,,,,,,,,,,,,,,,,,,,,,,,,,,,,,,,,,,,,,,,,,,,,,,,,,,,,,,,,,,,,,,,,,,,,,,,,,,,,,,,,,,,,,,,,,,,,,,,,,,,,,,,,,,,,,,,,,,,,,,,,,,,,,,,,,,,,,,,,,,,,,,,,,,,,,,,,,,,,,,,,,,,,,,,,,,,,,,,,,,,,,,,,,,,,,,,,,,,,,,,,,,,,,,,,,,,,,,,,,,,,,,,,,,,,,,,,,,,,,,,,,,,,,,,,,,,,,,,,,,,,,,,,,,,,,,,,,,,,,,,,,,,,,,,,,,,,,,,,,,,,,,,,,,,,,,,,,,,,,,,,,,,,,,,,,,,,,,,,,,,,,,,,,,,,,,,,,,,,,,,,,,,,,,,,,,,,,,,,,,,,,,,,,,,,,,,,,,,,,,,,,,,,,,,,,,,,,,,,,,,,,,,,,,,,,,,,,,,,,,,,,,,,,,,,,,,,,,,,,,,,,,,,,,,,,,,,,,,,,,,,,,,,,,,,
ト,0.8996260166168213,0.3091306984424591,0.8128196001052856,-0.2528380453586578,-0.1021915450692176,0.498119443655014,0.1280118227005005,0.3840456306934356,-0.290893018245697,-0.49491748213768,0.3341619670391083,-0.803521990776062,0.1989378482103347,0.1809910237789154,0.1721638590097427,0.1530837565660476,-0.01554202940315,-0.4074300825595855,-0.0606828145682811,-0.570345938205719,-1.0546220541000366,-0.0369774103164672,-0.2991218566894531,0.2889216542243957,0.164684921503067,-0.317931592464447,-0.2962252497673034,-0.4271906316280365,0.4819767773151397,-0.1961931735277176,-0.4648936688899994,-0.0252728480845689,-0.4996964633464813,0.420471578836441,-0.5736588835716248,0.4704953730106354,-0.1890293210744857,-0.4815788865089416,-0.1681751310825348,-0.4406565129756927,0.1583725810050964,-0.3773936331272125,-0.0615124627947807,-0.0439044535160064,-0.2498262971639633,0.6917619109153748,0.0302302464842796,0.1576395183801651,0.2645204663276672,-0.2304853945970535,-0.4334127604961395,0.5702952146530151,0.2433650940656662,0.0413600355386734,0.1607748717069625,-0.3356172144412994,0.5277810096740723,-0.6633083820343018,-0.152849331498146,0.2852748930454254,-0.1861856877803802,-0.4667502641677856,0.5344983339309692,0.0556747764348983,-0.0427642874419689,0.2617135047912597,0.2389733344316482,-0.3032140135765075,0.5039264559745789,-0.4780051112174988,-0.3234815895557403,-0.0611474849283695,0.1538707166910171,-0.7275570034980774,0.4141207039356231,-0.1881037652492523,-0.1657401919364929,0.6868111491203308,0.4237031936645508,0.0694168955087661,-0.15147764980793,0.3234793245792389,0.2861833274364471,-0.4032003879547119,-0.1320907473564148,0.2482378929853439,-0.0742134675383567,-0.8614476323127747,0.4737623631954193,-0.5372330546379089,0.2122320532798767,0.528571367263794,0.1825357377529144,-0.1868368089199066,-0.1269278526306152,0.0509512424468994,0.1526120901107788,-0.1859646290540695,-0.184329092502594,0.4229695796966553,-0.2293413132429123,0.0226301215589046,0.5044824481010437,0.1653891503810882,0.0982902199029922,-0.0306381434202194,-0.3704431056976318,0.3076728582382202,-0.0213690157979726,-0.1750111877918243,-0.814728319644928,-0.1683972030878067,-0.6698461174964905,0.1157899871468544,0.6152269840240479,0.0175114721059799,-0.4292435050010681,0.5626465082168579,-0.1703510880470276,0.8910979628562927,0.2701065242290497,0.4711628258228302,0.5260424017906189,-0.1019001081585884,-0.1460152119398117,0.4655564129352569,0.111426368355751,0.1392479240894317,-0.1978039294481277,-0.4805182814598083,-0.1417904049158096,-0.3801599442958832,-0.4309259057044983,-0.1052948832511901,-0.1312112659215927,0.8661500215530396,-0.1172980070114135,-0.1050710901618003,-0.0886020734906196,-0.3388873040676117,-0.2612992823123932,-0.0580046474933624,-0.0454300120472908,-0.4789079427719116,0.3125255405902862,0.2268348336219787,-0.6365393996238708,-0.4465288519859314,0.0886500403285026,0.3683957159519195,-0.2486686557531356,0.9401832818984984,-0.5585260391235352,-0.3164741992950439,0.297910213470459,0.4510190784931183,-1.0740251541137695,0.0129828741773962,0.0004862471541855,0.411834180355072,0.3133655786514282,-0.4941574037075043,0.2592560052871704,0.3563391864299774,0.2305641621351242,0.103045143187046,0.6448560357093811,0.2651421129703522,-0.247644692659378,0.4879533648490906,0.4013620018959045,0.4365999102592468,0.3123576641082763,0.1468756049871444,-0.2140146046876907,0.5567857623100281,1.2289366722106934,-0.026782626286149,0.0012881067814305,-0.5752584338188171,0.1059619709849357,-0.0029120447579771,0.3110544085502624,-0.3856780230998993,0.4334426522254944,-0.1182776242494583,-0.2915705442428589,0.1608136445283889,-0.072502925992012,0.4139984846115112,0.0047096842899918,-0.430829793214798,0.3365592062473297,-0.4927613139152527,0.0282448381185531,-0.5528544187545776,-0.1863062977790832,-0.0200989916920661,-0.6821146011352539,0.3971534669399261,0.0563734620809555,0.0408522970974445,0.1567983478307724,-0.5989828109741211,-0.796501636505127,0.1134212240576744,0.027827488258481,0.4852899312973022,0.0698265060782432,0.4077881872653961,-0.019125685095787,0.1330146342515945,0.2972253561019897,-0.0215060953050851,0.1030815616250038,0.171573519706726,-0.1311210095882415,-0.284414678812027,0.5811503529548645,-0.2709708511829376,0.2741950154304504,-0.2463198006153106,0.1566730737686157,0.0616434067487716,-0.0260170232504606,0.3482306599617004,0.1172711625695228,-0.0490546934306621,-0.314342588186264,0.6526536345481873,-0.7907117009162903,-0.6642009019851685,-0.6164801120758057,-0.1173263266682624,-0.5155933499336243,-0.2548924088478088,-0.4165508449077606,0.0543952211737632,-0.5302118062973022,0.40133997797966,-0.0904225930571556,-0.4339526295661926,0.0731585398316383,-0.479508638381958,0.3593266606330871,0.1972244828939438,-0.1946451216936111,0.017105221748352,-0.269402801990509,0.0862214192748069,-0.198182612657547,-0.5656488537788391,-0.1888728588819503,-0.354779839515686,0.4441421329975128,0.3750664591789245,0.766671359539032,-0.3710583448410034,0.2083147019147873,-0.4456469118595123,0.0860977172851562,-0.8170363306999207,0.0769248455762863,0.3513203561306,-0.0356194153428077,-0.166098415851593,0.1119831353425979,-0.3100745975971222,-0.5340006351470947,-0.622278094291687,0.4798263013362884,-0.1230681911110878,-0.0381958819925785,0.1979717463254928,0.2617088854312897,0.1837843954563141,-0.5938850045204163,0.4249916672706604,-0.3400745689868927,0.1601413190364837,-0.2728180289268493,0.0994215533137321,-0.4922556281089782,-0.1917393207550048,-0.1536792814731598,-0.2748197317123413,-0.2930305898189544,0.0337580181658268,-0.1702262908220291,0.7822957634925842,0.2697502970695495,-0.1400968730449676,-0.5411432981491089,-0.0572116486728191,-0.5610448122024536,-0.1291662752628326,0.7431551218032837,0.3014249801635742,-0.452632337808609,-0.4046013057231903,0.4500130414962768,0.6757626533508301,0.135520339012146,0.2148144990205764,0.0892589092254638,-0.207424521446228,-0.0733067616820335,0.1040553078055381,0.3896326124668121,-0.3187504410743713,0.0655990913510322,1.1923129558563232,-0.1171466186642646,0.5989602208137512,0.9556357264518738,0.544395387172699,-1.6782699823379517,-0.3916419744491577,0.0014779843622818,0.1307417452335357,-0.1554650664329528,-0.1166988387703895,-0.0808823630213737,0.0940475463867187,-0.8276590704917908,-0.5042532682418823,1.090511441230774,0.1155750453472137,0.1315013766288757,-0.3727914988994598,0.3981382548809051,0.0329233407974243,0.0450891628861427,-0.6065407395362854,0.2720471322536468,0.7782520055770874,-0.4689254462718963,-0.0488193221390247,0.094886802136898,-0.3240226209163666,-0.1345252990722656,0.3212295770645141,-0.3163370490074157,0.2511508762836456,-0.834790050983429,-0.1968224793672561,0.0689413249492645,0.9339554309844972,1.2918037176132202,0.4057271778583526,-0.4614667892456054,-0.4832341372966766,-0.1834317445755005,0.1000155135989189,0.2590244710445404,-0.0870351344347,-0.1093441024422645,0.1271936893463134,0.4873737394809723,-0.0320596061646938,0.2221729010343551,-0.166737362742424,-0.1329420059919357,0.3178064525127411,-0.2758162021636963,0.5954948663711548,0.2119780331850052,0.1278131306171417,0.323974460363388,0.3315382599830627,0.766826868057251,0.609129011631012,0.1792228668928146,-0.5119333863258362,-0.0035511823371052,-0.9237940311431884,-0.5944127440452576,-0.2400341778993606,-0.0967190489172935,0.1302774548530578,-0.3996402621269226,-0.1698950976133346,-0.1951818466186523,-0.3738597929477691,-0.1108545884490013,-0.588168203830719,-0.2051149010658264,-0.0299755353480577,0.0370233356952667,-0.6169729828834534,0.8132262825965881,0.2277850657701492,0.7616967558860779,-0.616658091545105,-1.1370680332183838,-0.4573794305324554,-0.237596109509468,-0.4578257501125335,-0.3201003074645996,-0.1855138689279556,-0.2295157313346862,0.1111964955925941,-0.318417340517044,-0.6739270091056824,-0.2216023355722427,0.058868508785963,-0.6556429862976074,-0.378350019454956,-0.1487606316804886,0.7303617596626282,-0.0365097522735595,0.0632442235946655,0.2219742536544799,0.487446129322052,-0.8681427836418152,-0.3377704322338104,-0.1462146639823913,0.2023088634014129,0.0439344458281993,0.3587334752082824,0.2622006237506866,0.2861323356628418,0.4014990329742431,0.1970389485359192,0.1061320230364799,-0.1377430409193039,-0.5159696340560913,-0.5932892560958862,0.9534472823143004,-0.081591360270977,0.1399165987968444,0.1915999948978424,-0.0744230523705482,0.7734968662261963,-0.5617730617523193,-0.8592780232429504,0.4876095354557037,0.2977454662322998,-0.1380865424871444,0.4558654427528381,0.5775498151779175,0.4232170879840851,0.3908433020114898,0.0845097601413726,-0.2765150070190429,0.2230672836303711,0.201519027352333,0.1332793086767196,0.3520592153072357,0.0628231912851333,0.0176427587866783,0.6789966225624084,0.4158684909343719,0.0663650929927825,1.0772100687026978,0.5288994908332825,-0.3778293430805206,0.0120796980336308,0.4826789498329162,0.2990498542785644,-0.5171462297439575,0.3976214528083801,-0.3374395072460174,0.1875073760747909,-0.032633326947689,0.2225691825151443,0.5198246836662292,-0.1943885236978531,0.3462714850902557,-0.7454146146774292,-0.5752946138381958,-0.6530497670173645,-0.848182737827301,0.205743983387947,-0.462834894657135,-0.3372204601764679,0.3662903010845184,-0.250895082950592,-0.6353670358657837,0.7550002336502075,0.7012744545936584,0.0287930592894554,0.1100168973207473,0.2691152393817901,-0.0733719915151596,0.4137720167636871,-0.2698908746242523,-0.0663285478949546,0.0250661373138427,0.0347682535648345,-0.536447286605835,-0.7331361770629883,0.0786415487527847,0.2486796230077743,0.1830600798130035,-0.157535582780838,0.5040473341941833,-0.0335959494113922,-0.4722133576869964,-0.2453527748584747,-0.2878164649009704,-0.0298260450363159,-0.4148827791213989,-0.0274765025824308,0.0963166430592536,-0.1060289591550827,0.0353896617889404,0.4749165177345276,0.1501387953758239,-0.3997215926647186,-0.3326436579227447,0.800883948802948,0.4445643424987793,-0.1058531329035759,0.1445542126893997,-0.2014622837305069,-0.3957587480545044,-0.120203398168087,0.0163898188620805,-0.0712101235985755,-0.2096087038516998,-0.1268476098775863,-1.1557925939559937,-0.5636153221130371,0.0252002477645874,-0.7066406011581421,0.4370876252651214,-0.0116956550627946,0.7330087423324585,-0.3837392628192901,-0.0687164589762687,-0.1173766776919364,0.2671984434127807,-0.1687735170125961,0.2398446202278137,-0.6290227174758911,-0.8164359331130981,0.0999794974923133,0.0774521082639694,-0.6943603157997131,1.1157360076904297,0.703531801700592,-0.6906356811523438,0.6147692799568176,0.5530051589012146,0.3604829013347626,-0.1618944257497787,0.1612962782382965,-0.1407632082700729,-0.4543521106243133,0.1971175819635391,-0.3167899250984192,0.3723170459270477,0.3434690237045288,-0.2144945114850998,0.076069563627243,0.1802986413240432,0.5865650177001953,0.4358901977539062,0.1296750903129577,-0.4759871065616607,-0.192739650607109,-0.4091520607471466,0.2284842729568481,0.1778477728366851,0.2953329086303711,-0.887520968914032,0.295780211687088,0.4661567211151123,-0.9197500348091124,0.0638210177421569,0.7043699622154236,0.3571096658706665,0.6623934507369995,-0.0423906557261943,0.2605584263801574,-0.548196017742157,0.0680386200547218,0.2348044514656067,-0.133400872349739,0.0163578670471906,0.2674150764942169,0.0607450455427169,0.2238460034132003,0.4691660404205322,-0.376796543598175,0.2277629524469375,-0.2875585258007049,0.2124310880899429,-0.2101158052682876,0.4803756475448608,0.2481251657009124,-0.0825944244861602,-0.2186831980943679,0.341552585363388,0.77198725938797,0.7390316724777222,0.2732816040515899,0.91193825006485,-0.7184966206550598,-0.7051556706428528,-0.1747894287109375,0.3211914002895355,0.1363484412431717,0.4629741013050079,-0.2581116557121277,-0.1373345553874969,0.7522771954536438,0.6411548256874084,0.0041262367740273,-0.4813120663166046,-0.5005176067352295,0.3669726550579071,-0.5301382541656494,-0.0577765777707099,0.2198533713817596,0.3304245471954345,0.4320104718208313,0.7655171155929565,0.2924074530601501,-0.0945353731513023,0.8797865509986877,0.2127290368080139,-0.1420626491308212,0.1037622094154357,0.1581369638442993,0.004461791832,0.0895058512687683,0.3232583403587341,0.1360075771808624,-0.4351491332054138,0.8354864120483398,-0.3747408986091614,-0.1311335116624832,-0.6711912155151367,0.1263243556022644,0.4335865974426269,-0.3729515373706817,0.1452236771583557,-0.6109450459480286,-0.1696145385503769,-0.5450453758239746,-0.9752492308616638,-0.1897464990615844,-0.0556456297636032,0.0849890857934951,-0.0549978911876678,-0.1293467432260513,-0.6496821641921997,-0.7524209022521973,-0.0617382936179637,0.0236525237560272,-0.8504140973091125,-0.6978855133056641,0.4988569319248199,0.1435454785823822,-0.0441159158945083,-1.5019553899765017,0.6313759088516235,0.00969351362437,0.8324211239814758,-0.0872243046760559,0.5307509899139404,-0.2110508978366851,-0.2419714033603668,-0.1674674600362777,-0.3999531269073486,0.1122317761182785,-10.03463363647461,0.4555798470973968,-0.11639054864645,-0.6310561895370483,-0.1221621558070182,-0.0201925635337829,0.8681378960609436,0.752472460269928,-0.1830032020807266,0.1347827464342117,-0.097346507012844,0.0974884927272796,0.0456096269190311,0.1636317074298858,-0.2736517786979675,-0.3437954485416412,-0.4241583049297333,-0.3491268754005432,0.0531329363584518,0.1151241064071655,-0.6264861226081848,-0.4849890768527984,0.4312911033630371,0.1057759597897529,0.1457791030406952,-0.2705399096012115,-0.157117947936058,0.1829400360584259,-0.0397707968950271,0.4376445710659027,-0.8504396080970764,0.4655724465847015,-0.0845106989145279,0.1191367954015731,-0.2895234823226928,0.5758408904075623,0.0372167117893695,0.3853086829185486,0.031125096604228,0.0896248519420623,0.3678065240383148,0.1888299584388733,-0.236845850944519,0.0448492355644702,0.1814131587743759,-0.0544901490211486,0.5027063488960266,-0.0799727812409401,0.9434120059013368,-0.2761289179325104,-0.1612160950899124,-0.0811537206172943,0.1431497037410736,0.0287773385643959,0.4472229480743408,-0.0666476711630821,0.5208355784416199,-0.4717322289943695,0.2053517550230026,-0.0504164546728134,0.1736468374729156,0.3201076090335846,0.2754861712455749,1.0767241716384888,0.4562741219997406,0.2047084718942642,-0.0030156166758388,0.2278249710798263,-0.8441799283027649,0.3127299547195434,0.0576669164001941,0.6247402429580688,-0.249056190252304,0.3325887024402618,0.1887722313404083,0.4921607673168182,0.0451239123940467,-0.147628366947174,0.0978325605392456,-0.3591217398643493,0.4536371529102325,-0.7238763570785522,0.1801098436117172,0.621484100818634,-0.3106263279914856,0.2804722189903259,0.2936161458492279,-0.3379209637641907,0.0926949605345726,-0.7599039673805237,0.5068497657775879,-0.2925465404987335,-0.5442866086959839,0.2033270001411438,0.1205046698451042,0.0144687555730342,-0.2139573246240615,-0.0491808243095874,0.4830029010772705,-0.2587377727031708,-0.7270568,0.18174373,0.63726115,0.60397965,-1.0959698,-0.31267506,-1.4537168,0.84035593,0.56551045,0.69890565,0.04115756,-0.5599446,-1.2307067,2.190905,-0.48327973,0.3347496,1.207059,-1.5409164,1.0090693,0.58871394,0.11699508,0.0553903,0.70718086,-0.7351674,1.4527321,0.59551847,1.2419229,0.26835084,-0.4687881,-0.7912072,-0.39747074,-0.18160087,-1.6208365,-0.18427068,0.25423566,-1.096155,-1.3537375,1.397678,0.53327596,-0.5555434,-0.45168608,0.86399394,0.37339792,-0.15722847,-0.33294794,0.14604744,1.9565666,-0.46420866,1.0995317,-0.2768991,-1.3085637,-0.5082795,1.0485206,1.1723948,0.73120546,-0.83815724,1.6582627,0.8677734,0.19215988,-0.6888699,0.5663165,0.068407595,-0.6899923,-0.1570341,-0.22179984,0.7539813,-0.76754534,0.26919112,0.28732964,-0.03508264,-2.279284,-1.2980399,0.032513365,1.2868147,-1.9950688,0.6132132,-0.073781826,-0.89791024,0.47074234,-0.4642709,0.69084793,-0.35710472,-0.85941505,1.553758,-0.9233498,-1.2283676,-0.2349557,-0.86941063,-0.5337129,-0.06572601,-1.0875696,-2.0624223,-1.3503144,-1.3117588,1.5838963,0.2814126,-1.2542447,-1.3334473,-1.4418008,-0.08975598,0.206965,0.9548265,0.6228168,0.027977794,-1.1491157,-0.70794916,-0.6005158,-0.0011357376,-0.32445633,0.5559124,0.26211613,0.85175985,0.43186268,1.3274735,0.86951476,0.15309094,-1.3849282,0.01697566,-0.7181077,0.32936612,1.4851749,0.86408377,-0.97283757,0.6028795,0.1836163,0.8937326,0.4195312,-0.9811503,0.61541224,1.2364973,0.78237844,0.17936805,2.340442,0.49732488,-0.5228709,-0.5735393,0.42191815,0.049055357,1.1142803,-1.452458,-0.29161978,0.041861825,0.100116186,-0.08872641,0.7702426,-1.3922622,-0.067910284,0.69435644,1.7742999,0.22916095,-0.38809234,0.37688,-1.2531959,0.7802383,0.95596683,0.16718563,0.17157164,1.070284,-0.9619347,1.1935822,-0.99164736,1.1174434,-0.8828076,1.0347636,-0.21587035,0.5248906,-0.84170175,0.42638317,-1.1622813,-2.5016162,-0.8846917,0.12002615,0.27522033,-0.07764757,0.28479162,0.15857367,-0.29543307,0.4315933,-1.2527049,-0.7690279,0.7550148,0.540939,-0.10788597,1.5516737,0.20046395,0.27063423,0.79732966,0.6280749,0.10881335,0.30404815,1.1966732,-0.54568917,0.7535675,1.0825708,1.0037401,3.1817567,1.1220026,-0.9790696,-1.3358881,1.7721496,-2.3754094,-0.46449643,1.1640698,-1.800398,0.84994614,-1.1082345,-0.7316407,1.6034839,0.5310641,-0.27478278,-1.0140312,-1.2899123,1.2362962,0.48496932,-0.1906971,-0.0861841,-0.64741856,0.29800785,-0.5803078,-0.33800542,0.95326096,0.7381377,0.014107961,1.0362694,-0.80669427,0.8602256,0.6653641,-0.18880244,-0.0050148666,0.7526084,-1.0608923,0.21696882,0.35460278,0.1265263,-0.27940935,0.49956086,-0.58119214,0.68313384,-0.2709434,0.5772025,0.3478415,-0.3686523,0.365646,0.23812154,0.15465167,0.6689349,1.557348,0.560068,-1.84492,-0.51172847,-0.039653115,1.864966,-0.018287353,-0.06735402,0.12599185,0.9117671,-0.00094006956,0.0060027093,-0.55869573,-0.7175003,-0.46786222,0.44163623,0.8931069,0.028784633,0.5697118,-0.28063577,-0.80055356,-0.012161974,0.18273601,-0.30691585,-1.0908589,-0.6335967,-0.9236662,0.71339154,0.63582575,1.0660353,-0.47323567,-1.2341769,-0.05346836,1.3266329,0.9598549,-1.7262139,0.04268849,-0.643559,-0.71467555,0.111115426,0.6479809,0.032894135,0.13653368,0.47213253,-1.8149495,0.7143773,-0.59899646,0.7904263,1.3510439,0.56755847,1.4231702,-0.6928415,0.0314513,-0.11575452,0.5781269,0.36291283,-1.7792343,1.2002788,-0.88035464,-0.64360994,1.8595431,-1.1695622,-0.43589953,-1.2160944,0.07599467,0.0599871,-1.564651,1.8621299,-1.9466052,1.3176925,-1.7796841,-0.6831075,-1.0067229,-1.0823493,-1.2483649,-0.09156042,0.06955168,-0.18213528,0.86411643,0.19423312,0.3949842,0.034065716,-0.28714615,1.3349682,-0.40448993,0.056836076,-1.353917,-1.0524795,-0.19445184,0.88031113,-1.2617989,-1.1687609,-0.99343187,-0.45569608,-0.37530607,-0.057520702,-0.83117265,0.8856098,0.3218755,0.14593972,-0.84025323,-0.53522086,0.13739419,-0.25769094,0.75753486,-1.0606524,1.2127926,-1.3049943,-0.7947312,0.1510177,-0.9021553,-0.11889962,-0.5496652,1.6131752,0.528729,0.17165753,-0.006258525,0.47837198,0.10054056,-0.78323793,1.5355543,0.27037337,1.9199066,-0.018682241,-0.667194,1.3968225,-0.23179391,0.26870948,0.049687907,-0.0756724,1.4068704,-0.09147952,-0.54403406,0.089157045,-0.06460461,-0.4463895,0.19935909,0.26435006,0.23773189,0.20653343,0.33322883,1.0192661,-0.5070649,-1.4705644,-0.036274187,0.83561444,1.1385967,1.242791,1.3156193,-0.7383462,-0.8611998,-1.7830008,0.41373426,1.4991177,0.5927876,0.25692618,-1.3770093,0.22618848,0.8121221,0.85855955,-2.3300247,-1.9792026,1.4012961,0.38094342,0.49630103,1.6505562,-1.213647,-2.142023,-0.6611006,0.09082506,-0.9924668,-0.83636,-0.9402783,0.14370301,0.8586987,1.1078881,1.3320457,0.68453497,-0.41301724,-1.1752893,0.28360364,-0.059680417,-0.9296608,0.21129394,-0.06187848,0.3080134,-1.2405461,-0.4771227,0.4878727,-1.7922606,0.60572994,-0.24946007,-0.2809354,-0.7201396,0.032616526,-1.0649097,0.1402339,-0.11639517,-1.0444694,-0.4743207,1.177,-1.4298139,-1.5565674,0.6648318,0.71198124,-0.8154063,0.50342757,0.38747483,-0.022402734,1.2266183,-0.1370579,-0.45384794,-0.3706841,0.032291293,-0.048317492,-0.7218261,-1.1289876,-0.6096892,1.0483326,-1.1432035,-1.7540805,0.5669677,-0.036187608,-1.7095912,-1.1377667,-0.33286166,-0.08327664,0.63596386,0.762205,-0.47555852,-0.63837326,-1.3319428,-0.11231533,0.0069127306,-0.17171986,-0.21550702,0.50308007,0.24961278,-0.88151306,0.5697902,1.6014568,0.08425838,1.983715,2.1810555,0.011580445,-0.048764095,0.59031904,-0.4714114,0.35913736,0.6010303,-0.71538603,-0.52041,1.3294177,0.338571,-0.880413,-0.091043144,0.57100713,0.086771496,-0.3604113,0.15158506,0.48611316,1.3703192,1.0903065,1.4608462,-0.15061377,-0.52957875,-0.40918612,0.75592244,-1.4859337,-0.4120442,0.12478772,0.55048144,1.7938063,-0.36714613,0.3813666,0.54178804,-0.9408497,-1.3475058,0.6968826,0.19199744,-0.32428443,-0.6041349,0.5661246,-1.2963461,0.84883416,-1.9839237,-0.3921233,0.63424283,1.2924228,-1.0546719,0.018053725,0.87590015,0.46413943,-0.79207176,-0.049579084,0.8141651,2.061213,0.24142538,-0.06832179,0.35258576,-0.43551788,-1.4963506,-0.12348272,-1.0524343,-0.52165246,0.31214252,-0.48138744,-0.5169422,-0.2748836,-0.7384025,1.4414974,0.652827,-0.31116655,0.30038276,-1.4314231,1.189472,0.51180124,-0.91263014,1.4244535,0.9466659,-0.9704058,0.38079733,-1.278393,1.2676016,-0.68748677,1.1051896,0.98632884,0.25493023,-0.6861825,1.8569481,-0.32734537,-0.28677592,-0.47246447,0.6485981,-0.56134665,0.21788915,-1.4232926,1.3634076,-1.375392,-0.72296035,0.070115216,0.26360974,-0.10301705,-0.46711835,-0.31252933,0.26173452,0.22368033,-0.86850315,0.46437457,2.026476,-0.13843572,-1.537827,0.7527915,0.63030744,-0.09311093,-0.25213027,1.8666846,-0.3190108,0.1967935,-1.3290677,-1.1322463,0.70228857,0.0087075215,-1.6942587,-0.706319,0.08283479,-0.51831055,0.3498684,-0.54731923,0.7714406,-0.87228024,0.38776636,1.0384772,-0.54613537,-0.67020863,-0.16651866,-0.54157174,-0.6031343,-1.5217528,0.32414132,0.18259946,-1.1714263,0.3780304,0.85738164,1.2416738,0.48209175,-0.45223665,-0.78424406,0.7673647,0.58987045,0.88526064,-1.4592146,-1.0248373,0.23430793,0.8741027,0.027816763,0.19542143,0.5736484,-0.055208474,-1.6083766,1.0077791,0.13796543,-0.030343588,0.94363475,0.4356941,-0.14707844,1.0736676,0.03570475,-0.15782613,0.18333024,-0.45646128,-0.42604175,-0.12712371,-1.1684334,0.48644614,-0.17536083,0.23298426,-0.44843903,0.15872636,-2.3296995,0.7082399,-0.021790162,0.16149935,0.9362911,0.045865566,-1.3103688,-0.70276266,-0.039067164,1.6695718,0.6974552,-0.29956436,-1.1568466,-0.4865165,1.1571769,0.9465241,-0.06652446,-0.47058117,0.07718356,0.36619014,-0.15572515,-0.9042947,-0.32692426,0.05892442,0.0012222826,-1.290041,1.3411863,-1.7573686,0.6866301,0.092846245,-1.2228262,0.24931756,0.91337585,-0.54132277,2.7753937,1.4217386,-0.14923191,-0.26599562,0.46124214,0.5049252,-1.1643648,-0.0014756024,-1.3067238,0.7944448,1.6751236,0.43796724,-0.788681,-0.42740646,-0.08385941,-0.3692169,1.8436308,-0.14995289,-0.15618828,-0.45285124,-0.36634466,-0.9510615,-0.68534976,0.075539276,0.56550276,-1.4206234,0.80008006,-0.6736592,-1.3942511,0.35926303,-0.43761683,-0.017987764,-0.1282646,0.97805554,0.6395917,0.53119445,0.6950829,-0.6693353,-0.44342342,-1.460181,-0.5772189,0.5944046,-0.98122644,0.66375595,0.40121067,1.312859,1.3864119,0.22489679,-1.6513054,0.20083892,0.48426288,0.61602616,-0.95880866,-1.354261,-0.21853185,-0.0140505135,0.8052934,0.94735664,-1.7107115,-0.7084284,0.20832694,0.5308008,0.546417,0.6038179,0.23858246,0.6656171,1.9921877,0.957233,0.08194935,,,,,,,,,,,,,,,,,,,,,,,,,,,,,,,,,,,,,,,,,,,,,,,,,,,,,,,,,,,,,,,,,,,,,,,,,,,,,,,,,,,,,,,,,,,,,,,,,,,,,,,,,,,,,,,,,,,,,,,,,,,,,,,,,,,,,,,,,,,,,,,,,,,,,,,,,,,,,,,,,,,,,,,,,,,,,,,,,,,,,,,,,,,,,,,,,,,,,,,,,,,,,,,,,,,,,,,,,,,,,,,,,,,,,,,,,,,,,,,,,,,,,,,,,,,,,,,,,,,,,,,,,,,,,,,,,,,,,,,,,,,,,,,,,,,,,,,,,,,,,,,,,,,,,,,,,,,,,,,,,,,,,,,,,,,,,,,,,,,,,,,,,,,,,,,,,,,,,,,,,,,,,,,,,,,,,,,,,,,,,,,,,,,,,,,,,,,,,,,,,,,,,,,,,,,,,,,,,,,,,,,,,,,,,,,,,,,,,,,,,,,,,,,,,,,,,,,,,,,,,,,,,,,,,,,,,,,,,,,,,,,,,,,,,,,,,,,,,,,,,,,,,,,,,,,,,,,,,,,,,,,,,,,,,,,,,,,,,,,,,,,,,,,,,,,,,,,,,,,,,,,,,,,,,,,,,,,,,,,,,,,,,,,,,,,,,,,,,,,,,,,,,,,,,,,,,,,,,,,,,,,,,,,,,,,,,,,,,,,,,,,,,,,,,,,,,,,,,,,,,,,,,,,,,,,,,,,,,,,,,,,,,,,,,,,,,,,,,,,,,,,,,,,,,,,,,,,,,,,,,,,,,,,,,,,,,,,,,,,,,,,,,,,,,,,,,,,,,,,,,,,,,,,,,
キ,0.0089554153382778,0.1939436793327331,-0.2193934172391891,-0.892130434513092,0.2426500469446182,0.8090804815292358,-0.0006461688317358,0.2059105336666107,0.1103751063346862,-0.4960032403469085,0.9617363214492798,0.3438442349433899,-0.0860624685883522,-0.3222886323928833,0.7872731685638428,-0.2823822498321533,0.1623154133558273,-0.2046204507350921,0.1291653960943222,0.1357299089431762,-0.5593015551567078,-0.7716518044471741,0.0471532978117466,0.5986023545265198,0.3549172580242157,-0.5780556797981262,0.2487049698829651,0.2216878086328506,-0.1113149970769882,0.1567638367414474,0.0653873309493064,-0.5548986196517944,0.0657591000199318,-0.408096581697464,-0.1881638914346695,0.5684396624565125,0.1580043733119964,-0.0112947979941964,-0.0664695054292678,-0.2631846070289612,-0.1660615652799606,-0.1197155714035034,-0.1676841676235199,-0.3762255609035492,-0.2971188127994537,0.3927555680274963,-0.2499871701002121,0.5849437713623047,0.3317283689975738,0.3255312442779541,-0.3314432799816131,0.3086915910243988,0.5327470898628235,-0.1731323897838592,-0.1804702877998352,-0.5745936036109924,0.1863718330860138,-0.4887060821056366,-0.1509477794170379,0.3312007486820221,-0.3013313114643097,-0.2362928539514541,0.1911569684743881,0.1281263679265976,-0.3288263380527496,0.0834068581461906,0.3564080595970154,-0.0896729975938797,-0.3487680852413177,-0.3754557967185974,-0.5943626761436462,0.2977727949619293,-0.2029802352190017,-0.1202201098203659,0.7733710408210754,-0.691891074180603,-0.1582495272159576,0.1307856887578964,0.129266157746315,0.179776906967163,-0.261399894952774,0.3057650327682495,-0.0999675914645195,-0.373337835073471,0.1245990842580795,0.4375348389148712,-0.1949544101953506,-0.6727452278137207,0.1449243426322937,-0.0880607590079307,0.1117881163954734,0.2104975432157516,-0.0901843756437301,0.2620703876018524,-0.3076165318489074,-0.1190997660160064,0.1794024109840393,-0.2009548395872116,0.2896222472190857,0.5201216340065002,-0.0178588442504405,-0.1175526157021522,0.2643328905105591,-0.0321151241660118,-0.1858051568269729,0.037453293800354,-0.532194197177887,0.4019044041633606,-0.058816809207201,-0.4000467956066131,-0.4044370353221893,-0.1294841170310974,-0.3230060636997223,0.3377116918563843,-0.0151133490726351,0.4915045499801636,-0.358000785112381,0.0789115205407142,-0.5358489751815796,0.6664966344833374,0.2892233431339264,0.2272322177886963,-0.2350341975688934,-0.1883149743080139,-0.0374681949615478,0.4136695265769958,-0.5037018060684204,-0.1584736406803131,-0.287291556596756,-0.3900687098503113,-0.3347787857055664,0.0566991604864597,-0.514350950717926,0.179104745388031,-0.4272096455097198,0.2676720917224884,-0.0008892610785551,-0.119334876537323,-0.0342761911451816,-0.3698295056819916,0.6141608953475952,0.030637776479125,-0.320189356803894,0.2113173454999923,0.0461371541023254,0.398370087146759,-0.214113175868988,-0.6932808756828308,0.7195062637329102,0.367898166179657,-0.548111617565155,0.6063113808631897,-0.7249165773391724,-0.1172510087490081,-0.163594901561737,-0.0741870552301406,-0.3895092904567718,0.3956390619277954,-0.1362478584051132,0.522060751914978,-0.3884695470333099,-0.6509543657302856,-0.0905016064643859,0.4577580690383911,-0.0745252072811126,0.6840958595275879,0.1851225048303604,-0.0991550236940383,0.3364947438240051,0.637281060218811,-0.0453508161008358,0.5295713543891907,0.1634165644645691,-0.4523137509822845,0.0446202680468559,0.3800104558467865,0.284567654132843,0.1254987865686416,0.5073771476745605,-0.4641390740871429,0.2480779737234115,-0.3822896182537079,-0.100916102528572,-0.6630884408950806,0.3797591626644134,0.0846238806843757,-0.1318268775939941,-0.0738795399665832,0.4522085189819336,-0.0492566935718059,-0.4892923533916473,-0.2397583127021789,0.4089611172676086,-0.3739085793495178,-0.0003141923516523,-0.2210182696580886,0.1859475374221801,-0.6739915609359741,0.1745838820934295,0.220360517501831,0.3807322680950165,-0.0570086054503917,-0.1237288936972618,-0.4595778286457062,-1.1483312845230105,-0.1460831612348556,0.7014099359512329,0.83683842420578,0.0783072561025619,0.3080491125583648,0.0015377762028947,0.5985416173934937,0.5874409079551697,0.1812830716371536,0.190099686384201,0.0373004861176013,-0.1218758150935173,0.1014582216739654,0.5281689167022705,-0.4943133592605591,0.1747933626174926,-0.2836597561836242,0.0985108017921447,0.2787056565284729,-0.1977821886539459,0.2921814322471618,0.4311996400356293,-0.2281941324472427,-0.3467642962932586,0.7514057159423828,-0.8000134825706482,-0.3450879454612732,-0.009347915649414,0.2900696396827698,-0.9353619813919068,0.6392756700515747,-0.2492270022630691,0.1082829087972641,-0.4890226125717163,0.0359387397766113,0.1801340728998184,-0.3585279583930969,0.1104844063520431,-0.6221851706504822,0.1228515431284904,0.2161178290843963,-0.0165604911744594,-0.5918678045272827,-0.6227045655250549,0.0214903783053159,-0.5298854112625122,-0.3639200329780578,0.7639522552490234,-0.5795010924339294,0.7762306332588196,0.3476709425449371,0.4019074738025665,-0.4657380878925323,-0.1669498533010482,-0.2760277986526489,0.1193528324365615,-0.9021141529083252,-0.1912649720907211,-0.5950599312782288,-0.1172133013606071,0.1430878639221191,0.1233772411942482,-0.7688897848129272,-0.7354635000228882,-0.1789389699697494,0.2603660523891449,-0.0042166076600551,-0.3103835880756378,0.1659796237945556,-0.3101548552513122,0.0252922773361206,-0.1007624864578247,0.2142903953790664,-0.6002864241600037,0.0724116042256355,-0.8211646676063538,0.1793502122163772,-0.5730201601982117,0.2574987113475799,0.3910787403583526,-0.0462004169821739,-0.0876006931066513,-0.0975300371646881,-0.1016468480229377,0.3967403769493103,0.5249233841896057,-0.4801513254642486,-0.7723743319511414,-0.055671326816082,0.0136875221505761,-0.0571516752243042,0.3413433134555816,0.2657767832279205,0.0421169660985469,0.1710550040006637,0.6340242028236389,0.2799536287784576,0.4707091450691223,-0.4334757030010223,-0.0673077553510665,-0.7172948718070984,-0.4154280424118042,-0.4803426265716553,0.9947332739830016,-0.2261528223752975,0.2403616905212402,1.3021985292434692,-0.2751008570194244,0.0932967960834503,0.7321251034736633,0.0016831944230943,-1.4337382316589355,0.1742880642414093,0.3827532529830932,0.4132084548473358,0.0696791559457779,0.3024963438510895,0.2778406143188476,0.4463664591312408,-0.1168526858091354,-0.2425277829170227,0.3244265615940094,0.5899599194526672,0.0496654845774173,-0.617261528968811,0.8245378732681274,0.2255584001541137,0.2680265307426452,-0.7746888399124146,-0.2026408314704895,0.5430367588996887,-0.0010325968032702,-0.1048668175935745,0.4138762652873993,-0.2566787004470825,-0.103787787258625,0.1203577071428299,0.3506484925746918,0.0290042459964752,-0.7879344820976257,-0.0909556150436401,0.1300715804100036,0.8856472373008728,0.8778288960456848,0.6831426620483398,0.2792248725891113,0.0440075062215328,0.1303082406520843,0.5566778182983398,0.2512948215007782,-0.1223691180348396,0.0570113584399223,-0.4873378574848175,0.1637439429759979,0.0484549850225448,0.1156986951828002,-0.5891779661178589,0.4568356275558471,0.6302958130836487,0.0585559792816638,0.824226975440979,0.304629772901535,0.4024071097373962,0.0829458087682724,0.2384218275547027,0.6345834732055664,0.1956893354654312,-0.3380899727344513,-0.5317067503929138,0.2160411775112152,0.0493471249938011,-0.221853882074356,-0.02583465911448,0.5467850565910339,0.2580340802669525,-0.4190973341464996,0.1458680480718612,0.3836770057678222,-0.0616870708763599,-0.2065752744674682,-0.5558835864067078,-0.4770741462707519,-0.6676740050315857,-0.2172219902276992,-0.753665030002594,0.146900326013565,0.100456528365612,0.4139447808265686,0.0750255212187767,-0.5526785254478455,-0.1661145240068435,-0.3633378148078918,-0.4284783601760864,-0.0671730786561966,0.0191703774034976,-0.2370837777853012,-0.0520790964365005,-0.2882414162158966,-0.4228926301002502,-0.3670439422130584,-0.2755053639411926,-0.3149448931217193,0.4823648631572723,0.1293221712112426,0.5752208828926086,-0.1062190011143684,-0.0015399476978927,-0.2033703178167343,-0.0299327652901411,-0.4370419681072235,-0.1116801798343658,-0.971891462802887,0.686314582824707,-0.0880109816789627,-0.1899833083152771,0.1447987705469131,0.5745759606361389,0.6484565138816833,0.2478493899106979,-0.059849202632904,-0.2137864828109741,0.0503655113279819,-0.5760780572891235,0.5633659958839417,-0.1351030617952346,0.6263390183448792,-0.2805357575416565,0.755492091178894,0.3448373973369598,-0.170314535498619,-0.1546093225479126,0.1700873970985412,0.5626100301742554,0.159848153591156,0.0025721793062984,0.3212217688560486,0.8514876365661621,-0.2384626716375351,0.3629963397979736,-0.2154732197523117,0.5963175892829895,0.5760573148727417,-0.2388592660427093,0.2666859626770019,-0.4242483675479889,0.2194554805755615,0.3001822531223297,0.5287933945655823,0.1616058498620987,0.4735806286334991,0.451240062713623,0.2986082136631012,0.5375964045524597,0.315589427947998,0.0714832171797752,-0.0380567088723182,-0.0804987475275993,-0.941788375377655,-0.0109886368736624,-0.1580452769994735,0.0599218979477882,0.374786913394928,-0.5962842106819153,-0.0410428903996944,-0.0652371048927307,-0.7644864320755005,-0.7148693799972534,-0.7939397692680359,-0.1061565801501274,-0.2387058287858963,0.0846536979079246,0.6289856433868408,0.3573974072933197,-0.6010023355484009,0.7245087623596191,-0.2205299735069275,0.7521306276321411,0.7965068817138672,-0.2417720556259155,0.0319433659315109,-0.0606076717376709,0.5573583245277405,0.0681068524718284,-0.2149157524108886,0.3274743854999542,-0.3377166092395782,-0.8510096073150635,-0.2493732422590255,0.6903465390205383,-0.3536029160022735,-0.4530978500843048,0.6913907527923584,-0.2197850495576858,-0.4711142182350158,-0.9469786882400512,-0.1042305007576942,-0.3892042636871338,-0.0367775112390518,-0.9603989124298096,-0.1532881557941436,0.0610974542796611,0.0220168903470039,0.2253399640321731,-0.0660680904984474,-0.117988608777523,0.158000573515892,0.6731314659118652,0.4489672780036926,-0.2163829505443573,0.0028803029563277,-0.1595053076744079,-0.2227129936218261,0.1855341643095016,0.329947829246521,0.4378122091293335,0.048679169267416,-0.0843349769711494,-0.8436931371688843,-0.2033517360687255,-0.8151254653930664,-1.060943365097046,0.0296236779540777,0.0121984211727976,0.6580050587654114,0.0858059749007225,0.0645452514290809,0.081458568572998,0.3754222393035888,0.4356490969657898,-0.0541432574391365,-0.1782771646976471,-1.0699797868728638,0.5052244067192078,-0.329275369644165,-0.4732583463191986,0.7103375196456909,-0.0672724097967147,-0.0404047146439552,0.3415814340114593,0.1774719655513763,-0.0499029532074928,-0.0452777631580829,0.3679766952991485,-0.1262805014848709,-0.1787403225898742,-0.1120196059346199,0.0712124705314636,0.067470796406269,0.1305374056100845,-0.7875770330429077,-0.287869393825531,0.4497101604938507,0.5701536536216736,0.0278291925787925,-0.257629781961441,0.0555600970983505,-0.1156580448150634,-0.3250406086444855,0.0239700376987457,0.2131179720163345,0.3540386855602264,-0.6282370090484619,0.4354308843612671,0.5328080058097839,-0.6255291700363159,0.3726008534431457,0.6569305658340454,0.447987288236618,0.3464375734329223,-0.0826312601566314,0.5278232097625732,-1.231490135192871,0.4108918607234955,0.4572261571884155,0.1051392704248428,0.1898313760757446,0.0374056287109851,0.1297614872455597,-0.4985046684741974,-0.4484615325927734,0.1290663480758667,-0.0684365034103393,0.5380885004997253,0.3252914249897003,0.3040666878223419,0.5544211864471436,0.8911846876144409,-0.1463435441255569,-0.0443869233131408,0.2671656310558319,-0.2792579531669616,1.1192423105239868,-0.2323697656393051,0.2132555097341537,-0.160199224948883,-0.8986796736717224,0.329925924539566,0.3822031319141388,-0.0639000087976455,0.8322954177856445,-0.2789399623870849,-0.1830359846353531,0.6643446087837219,0.3514379560947418,0.4319140315055847,-0.4011268019676208,-0.9307833909988404,-0.1246536746621131,-0.1892444938421249,-0.0544877350330352,0.1913336217403412,0.0124964993447065,0.2765724956989288,0.2173954248428344,0.0075536523945629,0.2295721769332885,0.733206570148468,0.326696902513504,0.0463561899960041,0.255257099866867,0.0263036601245403,-0.5050647854804993,-0.1246143355965614,0.1126625090837478,-0.2684059739112854,-0.5112488269805908,0.3904279768466949,-0.1249579936265945,-0.2794017791748047,0.0773320272564888,-0.305027574300766,0.2228762209415435,0.0762445032596588,-0.3174924552440643,-1.082621932029724,0.0216517392545938,-0.1389867812395095,-0.6159332990646362,-0.1184799522161483,-0.2913204431533813,-0.0232399385422468,-0.3378078043460846,-1.0702210664749146,-0.5516250133514404,0.2236312925815582,-0.4136366248130798,0.2747859060764313,-0.4481717944145202,-1.1580616235733032,0.2553902268409729,0.4109495878219604,-0.0642045140266418,-0.9181769490242004,0.2613958418369293,0.088971771299839,0.3436866700649261,-0.1951122134923935,0.3497662842273712,-0.4540547430515289,0.1738097816705703,-0.2475224286317825,-0.0588273964822292,-0.1013713851571083,-10.15874481201172,0.0772986337542533,-0.3866763412952423,-0.0697727650403976,-0.3086727857589721,0.0560729019343853,0.5754695534706116,0.5313887000083923,-0.1754971593618393,0.1452340632677078,0.1499291509389877,0.1246160045266151,0.1824256926774978,0.2906182706356048,-0.5009133815765381,-0.1276926398277282,-0.6558630466461182,-0.1718283742666244,-0.0053171636536717,0.2111367434263229,0.0747468620538711,0.1512689143419265,0.3463532626628876,0.5563478469848633,0.2827402651309967,-0.4469149112701416,-0.2932372391223907,0.3206714689731598,-0.3959000706672668,0.4110264778137207,-0.5485899448394775,0.1108571588993072,0.0251112282276153,0.4571645259857178,-0.3254336416721344,0.172176718711853,-0.1573193222284317,0.2649368047714233,0.345934122800827,0.1981503814458847,0.2115772813558578,0.1912645548582077,0.2055511623620987,0.0596089661121368,0.144676461815834,0.0531624220311641,0.2105614095926284,0.379570722579956,0.4094756841659546,0.0219456944614648,0.2211800962686538,-0.4739434123039245,0.0143642779439687,-0.3641282021999359,0.5714985132217407,0.2930380702018738,0.5575454831123352,-0.4731172919273376,-0.1425304263830185,0.1286281943321228,-0.2561348974704742,0.146199345588684,0.461464375257492,0.3113602995872497,-0.1503019034862518,0.4367438852787018,0.3194290101528168,0.3930483758449554,-0.1811354905366897,-0.3683565855026245,-0.1541863828897476,0.6007781624794006,-0.046747762709856,0.0733655989170074,-0.3318231999874115,0.2229252904653549,-0.0728904232382774,0.0502280332148075,0.1799504607915878,-0.4044448733329773,0.0383785553276538,-0.4283250868320465,-0.5955882668495178,0.1081421226263046,-0.8514079451560974,-0.0016018233727663,0.0004268751363269,0.2681510746479034,0.0098897572606801,-0.6363226175308228,0.3738816082477569,-0.5472381114959717,-0.0418695993721485,0.4586743712425232,-0.2135823518037796,-0.1286458522081375,0.1427406966686248,0.8457289338111877,0.444111704826355,-0.1456223726272583,-0.53705657,-0.27020484,0.8679874,1.0289556,-0.9869958,-0.3079847,-1.3012347,0.3591388,1.6015867,0.15706986,0.627264,-0.20936444,-1.7418928,2.4088988,-0.82061523,0.25549376,0.70854133,-0.85006326,0.4158543,-0.38684362,0.8017941,0.38474083,0.578598,-1.0079976,1.1821296,1.193565,0.9309563,-0.5774766,-0.73075217,-1.0819762,-0.09281922,-0.6378239,-1.3782593,-0.047174674,0.02039714,-1.1897081,-1.5053397,1.2119526,0.14802806,-0.50624335,-0.7078323,1.0941397,-0.19032656,-0.13227493,-0.77065825,-0.4397019,2.1193507,-0.74288285,1.160325,-0.5348078,-1.0190288,-0.5513234,0.7325942,1.1675788,0.61680776,-0.6192561,1.3878543,1.1438171,-0.12127439,-0.5751195,0.2529437,0.4535585,-0.75748205,-0.4687746,0.071996495,0.5572884,-0.44133532,0.09391684,-0.023465835,-0.2469742,-2.4053302,-1.4091084,-0.30206934,1.3224924,-1.8635205,0.5647473,0.078152746,-1.2037809,0.382622,-0.15060093,0.35602227,-0.23236683,-1.1247361,1.4976273,-0.84863204,-1.4635537,-0.40408456,-0.41060135,-1.2919401,-0.5873577,-0.5971617,-1.8825812,-1.1194332,-1.3211987,2.0191367,0.30020377,-0.95452523,-1.0359503,-1.4103965,-0.271511,0.37827337,1.4267964,0.40125686,-0.49278963,-0.7558432,-0.10058982,-0.37686008,-0.52497286,-0.74105763,0.5369321,0.22583577,0.118858844,0.526324,1.5185419,0.96480995,0.8748753,-1.246557,-0.48189312,-0.22238104,0.44009203,1.3381934,0.73029363,-0.74812275,0.4039355,0.07756817,0.983426,0.0534556,-1.2601901,0.2525198,0.42767823,0.3776719,-0.1260392,2.301259,0.8201924,-0.828945,-0.73105854,-0.12650871,0.07731004,1.0969691,-1.3820648,-0.50261927,0.34414294,-0.23768677,-0.49718496,0.31626943,-0.99143547,0.09556452,0.86398035,1.5953841,0.010734128,-0.46111986,0.04084921,-1.581905,0.16932766,0.94480735,0.09151537,-0.13918146,0.3329711,-1.1609759,0.96779865,-0.44741413,1.4810011,-0.81470406,0.86261535,-0.041669525,0.8860103,-0.9651613,0.7578193,-1.0427622,-2.3642645,-0.71092826,0.076037005,0.2832452,0.114839464,0.22770074,-0.45436764,0.27508268,0.4882983,-1.3977877,-0.20069912,1.3678093,0.6801922,-0.030331679,1.508523,-0.22706278,0.16014388,0.43010557,0.5110093,1.021738,0.26847383,1.1272389,-0.57671636,0.8498735,0.99553204,0.66290724,2.8360758,0.730769,-1.3617724,-1.1827128,0.7440543,-2.2449844,-0.68184334,1.2390176,-1.5048249,0.81966364,-0.9773212,-0.7939714,1.9063985,0.6311112,-0.24731135,-1.3998024,-1.3125826,0.84289354,0.721582,-0.44950092,-0.13314718,-0.94445634,0.21288349,-0.68340486,-0.15437421,0.9818137,0.39960164,-0.05481357,1.2176812,-0.906358,0.53460145,0.23351683,-0.052959956,0.29634333,0.8797098,-0.9763234,0.71656686,0.6899535,0.32469714,-0.52448875,0.54871833,-0.24982333,0.5628382,-0.37013584,1.0232965,0.78795105,-0.23589918,0.21705705,-0.17096883,0.63411355,0.66691995,1.0605217,0.15826978,-1.7977529,-0.27235577,0.074004665,1.1721929,-0.32193804,0.59234726,0.14289561,1.2639427,-0.3851937,0.16017231,-0.34943578,-0.70755655,-0.1389689,0.48139107,0.61574334,-0.011700306,0.09777345,-0.7591895,-0.56236786,0.11633669,0.035351224,-0.7385701,-1.0801374,-0.6225342,-0.639008,0.2782956,0.52912945,0.38820755,-0.8591811,-0.8406748,-0.9996248,0.8105632,0.68140453,-1.8764199,-0.42369,-0.24255401,-0.8966303,0.3849154,0.41749358,0.010494764,0.095255814,0.4727647,-1.5435632,0.8986931,0.22553386,0.6155817,1.6539057,0.12102474,1.129044,-0.88112736,0.23648575,-0.29298627,0.4665861,0.8589479,-1.457198,1.0525656,-0.39763212,-0.3617666,1.2324725,-1.127892,-0.22265607,-1.186321,-0.22760889,-0.26559243,-1.1015922,2.1376219,-2.445783,1.4213767,-1.6142107,-0.45573437,-0.65106434,-0.46628222,-1.2061672,-0.103208624,0.7907121,-0.10593009,0.53838664,0.34028026,0.11229764,0.33261093,-0.124949455,1.3415166,-0.06858829,0.5698293,-0.7275069,-1.4720254,-0.17582797,0.72075814,-1.5009333,-1.2946848,-1.2544676,-0.39808947,0.2835137,-0.32895014,-0.47218657,0.5860753,-0.08622035,0.526889,-1.0190704,-0.52836776,0.038912933,-0.820944,1.1754929,-0.5051992,1.5754895,-1.0438952,-0.4532885,0.4815005,-1.4801507,-0.06696457,-0.115505725,1.7424567,0.44193026,0.69418275,0.4570711,0.43083107,-0.2977387,-0.7679689,1.4594646,0.25896513,2.102584,-0.20269792,-0.29598442,1.1195414,0.14829937,0.417148,-0.18361375,-0.06297176,1.3838577,-0.32379064,-0.3845804,-0.3844145,-0.07662733,-0.46209443,-0.24027883,0.592252,0.11284396,-0.020450644,0.6938793,0.7633599,-0.22953874,-1.3337023,-0.57023954,1.0342311,1.1374302,1.5447291,1.6351979,-0.41741514,-0.75828373,-1.8523549,0.5744591,1.3822837,0.59853166,0.5096781,-1.5680346,0.52427673,0.47664085,0.2470118,-1.7448037,-1.691441,1.7742532,0.5627361,0.5172834,1.4501307,-0.84952235,-1.2967976,-0.5936261,0.09772277,0.10762481,-1.1017709,-0.5583895,0.177257,-0.15178193,0.82432866,1.131091,0.49523988,-0.24324816,-0.72897154,0.35612246,0.51251394,-0.9773829,-0.18940213,-0.20423995,0.25726286,-1.7001406,-0.6486288,0.51737523,-2.1202414,0.96006626,-0.19223589,0.077942796,-0.21784824,-0.139784,-0.8478128,-0.2926541,0.18810558,-1.132398,-0.48087645,0.86119926,-1.5954516,-1.3401446,0.9108201,1.2563329,-0.7320721,0.64377147,0.3368624,-0.3920483,0.77844054,-0.058887824,-0.7584138,-0.1928233,-0.1921174,-0.20444709,-0.6017096,-1.7615409,-0.42752606,0.69497603,-0.9457493,-1.741216,0.9189769,0.6862271,-1.604605,-0.8566655,-0.10301551,-0.21761683,0.81725454,0.9395526,-0.18288551,-0.43879494,-0.5627594,0.04238644,0.41613734,0.45748526,-0.62693244,0.5487825,0.37694442,-0.5289398,0.49005365,1.6679335,0.23833969,1.421798,1.2635322,0.3090626,0.18286867,1.0566137,-0.3484595,0.016846208,0.5636478,-0.76606524,-1.0370373,1.1399407,-0.10538818,-0.73715276,-0.11500756,1.3046979,-0.16191986,-0.269628,0.05790562,0.97450817,1.254587,1.2310286,1.7552358,0.21060841,0.18211822,-0.57891494,0.6931794,-1.2452699,-0.63812953,-0.2934905,0.47766003,2.1176865,-0.32858983,0.07401369,0.9393334,-0.67334735,-1.0311998,-0.16227674,0.0407008,-0.37596992,-0.6714967,0.35286126,-1.5395871,0.4623095,-2.0190556,-0.34334013,0.917625,0.962507,-0.6370748,-0.089865394,0.8599959,0.18913785,-1.0568647,-0.13791609,0.7590196,1.9711806,-0.024131043,-0.57577276,0.81518656,-0.49097654,-1.5766084,-0.28719535,-1.0799619,-0.61114144,0.038151726,-0.25762123,-0.4803379,-0.6033572,-0.73330426,1.389341,-0.027642462,-0.39643463,0.5840345,-1.0130522,1.1979206,0.1316227,-0.42655447,1.18943,0.7756911,-1.4464796,0.82449126,-1.572252,1.3090141,-0.19284937,1.1009221,1.1677529,0.72646177,-0.94652313,1.323943,-0.47217613,-0.15007684,-0.49174786,0.31128785,-0.49672285,0.492327,-1.9517498,1.4172888,-1.3116784,-0.61213803,0.19946843,0.28337717,-0.26887882,0.20185974,-0.37610447,0.32872534,0.016250875,-0.9101268,0.73294353,1.8347056,-0.18241352,-1.0973518,0.7611242,0.6412898,-0.50202245,0.17971535,2.700289,0.19683059,0.68101764,-1.4787672,-0.7817008,0.7145768,-0.24218696,-1.0885558,-0.4855696,-0.24727122,0.039023384,0.1581319,-0.28616643,0.85817987,-0.7117607,0.6219188,0.85929686,-0.7351142,-0.027924316,0.21397263,-0.3513557,-0.97589236,-1.3042903,0.50998896,0.15546219,-0.88784915,0.3596393,0.77620304,1.7021165,0.7320802,0.09867433,-0.8246739,0.82821757,0.85829306,1.0949459,-1.16499,-1.4563068,0.2527869,1.1330314,-0.15859082,0.72062993,0.14184147,-0.24180862,-1.7307559,1.0809579,0.1067139,0.11773997,1.0081853,0.2210005,-0.18306664,0.57755333,0.035291955,0.3271273,-0.035126574,-0.4809103,0.06819538,-0.24533841,-1.0265702,0.278894,-0.4201454,-0.007659293,-0.027021341,0.22024962,-1.2857416,0.61482817,0.056679983,0.4201045,0.22177175,0.5359676,-1.5761464,-0.5864081,-0.36215407,1.7750411,1.2499746,-0.022013942,-0.8973961,-0.3965854,1.3402979,0.45369208,-0.45776013,0.2590117,0.30551556,-0.44897163,-0.5168771,-1.2917078,-0.3959518,0.61170495,0.12429716,-0.86980987,1.3965628,-2.1100366,0.62892884,-0.111555986,-1.4527578,-0.014127678,0.34907496,-0.51185054,2.3193316,1.1533223,-0.33686918,-0.33257765,0.5483561,0.9677154,-0.35396746,0.049510613,-0.98506707,0.9102275,1.5888304,0.7524379,-1.2462722,-0.18395787,0.40751502,-0.615916,1.0910306,-0.18765633,-0.60773927,-0.7977786,0.0077788564,-1.2263849,-0.6355359,-0.68712574,-0.12862742,-1.4080526,0.5901807,-0.48727906,-1.1167606,0.53537166,-0.671047,0.17045775,-0.1852634,0.93017155,-0.015935719,0.7140941,0.20802808,-0.610921,-0.11982127,-1.0946746,-0.34709418,0.53409696,-0.793601,0.8027884,0.41854835,1.2570349,1.6022601,0.062662855,-1.2811557,0.6528545,0.121953994,0.37799656,-0.43210855,-0.73326796,-0.089941666,0.3925634,0.21585995,0.9945522,-1.7428184,-0.4320502,-0.4623159,0.32491392,-0.3241858,0.41782367,0.31965482,0.28200284,1.6250366,1.2226511,0.1311262,,,,,,,,,,,,,,,,,,,,,,,,,,,,,,,,,,,,,,,,,,,,,,,,,,,,,,,,,,,,,,,,,,,,,,,,,,,,,,,,,,,,,,,,,,,,,,,,,,,,,,,,,,,,,,,,,,,,,,,,,,,,,,,,,,,,,,,,,,,,,,,,,,,,,,,,,,,,,,,,,,,,,,,,,,,,,,,,,,,,,,,,,,,,,,,,,,,,,,,,,,,,,,,,,,,,,,,,,,,,,,,,,,,,,,,,,,,,,,,,,,,,,,,,,,,,,,,,,,,,,,,,,,,,,,,,,,,,,,,,,,,,,,,,,,,,,,,,,,,,,,,,,,,,,,,,,,,,,,,,,,,,,,,,,,,,,,,,,,,,,,,,,,,,,,,,,,,,,,,,,,,,,,,,,,,,,,,,,,,,,,,,,,,,,,,,,,,,,,,,,,,,,,,,,,,,,,,,,,,,,,,,,,,,,,,,,,,,,,,,,,,,,,,,,,,,,,,,,,,,,,,,,,,,,,,,,,,,,,,,,,,,,,,,,,,,,,,,,,,,,,,,,,,,,,,,,,,,,,,,,,,,,,,,,,,,,,,,,,,,,,,,,,,,,,,,,,,,,,,,,,,,,,,,,,,,,,,,,,,,,,,,,,,,,,,,,,,,,,,,,,,,,,,,,,,,,,,,,,,,,,,,,,,,,,,,,,,,,,,,,,,,,,,,,,,,,,,,,,,,,,,,,,,,,,,,,,,,,,,,,,,,,,,,,,,,,,,,,,,,,,,,,,,,,,,,,,,,,,,,,,,,,,,,,,,,,,,,,,,,,,,,,,,,,,,,,,,,,,,,,,,,,,,,,
ネ,-0.0904624909162521,0.2914348542690277,0.9042829275131226,-0.5265315175056458,0.3029417991638183,0.6859896183013916,0.0658910945057869,0.644199013710022,-0.1463227272033691,-0.5398451685905457,0.5751404166221619,-0.5787258744239807,-0.1043607145547866,-0.1212496757507324,0.4423528015613556,-0.2366373240947723,0.1128721460700035,-0.129227265715599,0.0509248785674572,-0.8192031383514404,-1.004662036895752,-0.3251353502273559,-0.1077804490923881,0.318066269159317,0.1638715118169784,-0.3804258406162262,-0.3342246413230896,0.2382932305335998,0.016279499977827,-0.0378982834517955,-0.2233155965805053,-0.0167192164808511,0.0280671939253807,-0.1333400160074234,-0.2482261806726455,0.1374882012605667,0.3361428380012512,-0.1651189178228378,0.1008641719818115,-0.2568379342556,-0.0223948955535888,0.291657418012619,0.2876970469951629,-0.1480404734611511,-0.0636554807424545,0.8940709829330444,-0.0104083335027098,0.5541645884513855,0.5447234511375427,0.0492274388670921,-0.3076902329921722,0.3060892224311828,0.2014267742633819,0.2501636445522308,0.3285885751247406,-0.1710619479417801,0.5226285457611084,-0.7249751687049866,-0.349913626909256,0.2627546489238739,-0.5103700757026672,-0.4830107390880584,0.4546530246734619,0.4366473853588104,-0.2435269057750702,-0.4471869170665741,0.0996631607413292,-0.5927037596702576,0.0182454977184534,-0.9455112218856812,-0.1680867075920105,0.3946008086204529,0.2533335983753204,-0.4070121645927429,0.5962045788764954,-0.2494092434644699,-0.1738327443599701,0.2459849119186401,-0.035057321190834,-0.1090946868062019,0.2185200601816177,0.1934568434953689,0.1403253972530365,-0.2345869541168213,0.0491658858954906,0.0881952792406082,-0.3376710116863251,-0.4962426722049713,0.3559324443340301,-0.4258038103580475,-0.1925810277462005,0.1263825297355651,0.3926200568675995,-0.5402572751045227,0.0422997958958148,-0.2370509952306747,0.1698733568191528,-0.3930214345455169,-0.2394787967205047,0.074012853205204,-0.1467602401971817,-0.1839894652366638,0.392607569694519,0.136662095785141,-0.1053941845893859,0.2906131446361542,-0.4010188281536102,0.3196265697479248,-0.2316954731941223,0.1131918802857399,-0.4603136479854584,-0.4104042649269104,-0.0745987221598625,0.1970182657241821,-0.2103473842144012,0.4162154495716095,-0.1638394147157669,0.3708224296569824,-0.3478519916534424,0.2074092328548431,0.4670157730579376,0.3493570685386657,-0.2652909159660339,-0.0805102661252021,-0.2120340466499328,0.2750294804573059,-0.2003699243068695,0.0563736855983734,-0.3373311460018158,-0.4216986894607544,-0.0646777004003524,0.0301258750259876,-0.3001488149166107,-0.2139191776514053,-0.1317937225103378,1.1519120931625366,0.0189576260745525,-0.1841553002595901,-0.0866636559367179,-0.5577600002288818,-0.5187437534332275,0.4108311831951141,-0.0763097777962684,0.0487296879291534,0.1625753492116928,0.5497424006462097,-0.2403791844844818,-0.3443998992443084,-0.0110672041773796,0.4872322678565979,-0.3716241419315338,0.9817892909049988,-0.7860966920852661,0.2862178385257721,0.1123876199126243,0.1311323493719101,-0.6785119771957397,0.1746017187833786,0.0895658060908317,0.4822838008403778,0.4107579886913299,-0.2463894635438919,0.041016362607479,0.2820586264133453,-0.0689423084259033,0.0354495458304882,0.2548383176326751,0.2032129317522049,-0.0695834532380104,0.3426210880279541,0.1447527110576629,0.3174274861812591,0.1664595901966095,-0.1247897818684578,0.3890511095523834,0.1872013956308365,0.2098928838968277,0.1676358431577682,0.0529015399515628,-0.3450662195682525,0.1102545857429504,-0.4132079184055328,0.192251443862915,-0.4572228789329529,0.4041145145893097,-0.0247576087713241,-0.1048895567655563,0.2226686626672744,-0.4788624942302704,0.1660966426134109,-0.2253588289022445,-0.4399170875549316,0.1901737600564956,-0.531242847442627,0.2118552774190902,-0.5359876155853271,0.293876439332962,-0.4928672909736633,-0.2157508283853531,0.5712244510650635,-0.0512602813541889,0.377107173204422,-0.0945263877511024,-0.419214516878128,-0.5005181431770325,-0.2164317071437835,0.0042975191026926,0.3506579995155334,0.3519232869148254,0.3965585231781006,0.0283405594527721,0.8557401299476624,0.4130304753780365,-0.0299773924052715,0.0893852412700653,-0.0599222406744957,-0.3800110220909118,-0.7586547136306763,0.4944515526294708,-0.6636819839477539,0.1798807680606842,-0.3139596581459045,0.3653121292591095,0.0930416509509086,0.4320382475852966,0.4634808897972107,0.0689244493842125,-0.4078691005706787,-0.2407831847667694,0.0191179662942886,-0.5736492872238159,-0.8063799738883972,-0.4187020361423492,-0.0534186176955699,-0.7155433893203735,-0.1486134678125381,0.0815653577446937,0.2062425166368484,-0.5052817463874817,0.4491123557090759,0.5074562430381775,-0.2244113087654113,0.1605028212070465,-0.6096404790878296,-0.179380789399147,0.1548497080802917,0.3553395569324493,-0.2577355802059173,-0.2092109620571136,0.0395354554057121,-0.5288247466087341,-0.4166260957717895,0.5038336515426636,-0.5668504238128662,1.1367641687393188,0.4629729688167572,0.6138557195663452,-0.348984956741333,0.0871286168694496,-0.3185581862926483,-0.2358259856700897,-1.1552138328552246,-0.020163832232356,0.2705949544906616,0.1451490670442581,-0.2108276933431625,0.4108844399452209,-0.4290265738964081,-0.1406421810388565,-0.3781771063804626,0.760002076625824,-0.0134463468566536,0.1670171320438385,0.1854815185070037,-0.2596975266933441,0.2736896276473999,-0.2384300231933593,0.5487073659896851,-0.2559525966644287,0.1322875767946243,-0.6875477433204651,0.0826127007603645,-0.6871238946914673,0.1638538241386413,-0.1534013003110885,-0.1060012131929397,-0.3227623105049133,-0.0341239683330059,-0.4999503195285797,0.3267504274845123,0.560471773147583,-0.3977236449718475,-0.1827516108751297,-0.2466110587120056,-0.3423759341239929,0.159855917096138,0.3717649281024933,0.3668314218521118,-0.6804065108299255,0.0020917281508445,-0.0055588162504136,0.5194578170776367,0.1373953074216842,-0.124314896762371,-0.0733662471175193,-0.5359795093536377,-0.2632194459438324,-0.1965821236371994,0.0759749561548233,-0.3168580234050751,-0.1814859509468078,0.6680972576141357,-0.6269761919975281,0.4128217995166778,0.258027970790863,0.5630234479904175,-1.2905980348587036,-0.3667156994342804,0.3513939082622528,0.2589236199855804,-0.467196524143219,0.3139374554157257,-0.0362828560173511,0.2387593984603881,-0.2159920930862426,-0.2309617400169372,0.8402861952781677,0.2381415516138076,-0.1639311462640762,-0.6296332478523254,0.4339693486690521,0.2286807596683502,0.4888211190700531,-0.4458367526531219,0.1875439882278442,0.5855319499969482,-0.1419876515865326,0.0659430846571922,0.1006730794906616,-0.464237779378891,0.027066646143794,0.1697381287813186,0.4216361343860626,0.4660759270191192,-0.1675224304199218,-0.1035868525505065,0.2109532207250595,0.6986196637153625,0.9891156554222108,0.6033322811126709,-0.0764152333140373,-0.2534029185771942,0.0743955299258232,0.503931999206543,0.3383760154247284,-0.2288940250873565,-0.0642153024673461,-0.0277762711048126,0.6556435227394104,-0.0756156221032142,0.2792944610118866,0.2189347445964813,0.3679870069026947,0.0307341627776622,0.1585189998149871,-0.0174270942807197,0.3416876494884491,0.3031043410301208,0.0687781795859336,0.3628217577934265,0.9835038185119628,0.0668450370430946,-0.7607727646827698,-0.5690375566482544,-0.0279689449816942,-0.3985065817832947,-0.2829473614692688,-0.2528550624847412,-0.2385101318359375,0.0943529531359672,-0.0904832333326339,-0.1522963494062423,0.1562311947345733,-0.4078515768051147,0.0357277281582355,-0.1572018265724182,-0.7202507853507996,-0.2564665377140045,0.0272460915148258,-0.5985473394393921,1.1029949188232422,0.0500133857131004,0.4257314503192901,-0.3613067269325256,-0.3360375165939331,-0.1773878782987594,-0.8166588544845581,-0.2190120667219162,-0.0862146168947219,0.390553206205368,-0.3915800750255584,0.1926491111516952,-0.4274401366710663,-0.3580740690231323,-0.4613469839096069,-0.011969388462603,-0.4975057542324066,0.0080907978117465,0.3407109677791595,0.9393126964569092,0.2210823893547058,0.2714911103248596,0.3709895312786102,-0.0618120990693569,-0.7104451656341553,0.2790409922599792,-0.6456839442253113,0.2674353420734405,0.0038563082925975,-0.0072023011744022,0.3971083760261535,0.7229209542274475,0.4728432595729828,0.3393757343292236,0.4042707681655884,-0.2895070016384125,-0.5732150673866272,-0.4247560501098633,0.753117561340332,-0.2681972682476043,0.4873961508274078,-0.157304584980011,0.2379738241434097,0.5030801892280579,-0.2444040328264236,0.1038163900375366,0.2528286278247833,0.2065490931272506,-0.4532310962677002,0.0456806868314743,0.4231827855110168,0.6666966080665588,0.3670901358127594,-0.100858986377716,-0.201791450381279,-0.2484352588653564,0.5081061124801636,0.4235527515411377,-0.1823441535234451,0.0891690403223037,0.0900240018963813,0.7338998913764954,0.4763159453868866,0.1319311410188675,0.4949811100959778,0.451987087726593,0.2155277729034423,0.1767886281013488,0.2268822789192199,-0.0114835826680064,-0.2092504054307937,-0.0367237739264965,-0.43978351354599,-0.3437489569187164,-0.2563125193119049,0.0771972760558128,0.3571338653564453,0.1897206604480743,0.3621518909931183,-0.0480001270771026,-0.6339271664619446,-0.7820520401000977,-0.8222736716270447,0.1216430962085723,-0.5955580472946167,-0.0240201912820339,0.7102537751197815,0.1783839017152786,-0.2726053595542907,0.9348994493484496,0.149844154715538,0.0229564756155014,0.5006316900253296,-0.8065794110298157,-0.1471769511699676,0.2820498645305633,-0.1413670480251312,-0.1860545575618744,0.4983738362789154,0.0605515055358409,-0.4908679723739624,-0.9553271532058716,0.3362506330013275,-0.2580791711807251,0.1980268061161041,-0.4732087254524231,0.4310984313488006,0.333318680524826,-0.7752567529678345,-0.5724588632583618,-0.0805055797100067,-0.0292891673743724,0.221863716840744,-0.340204119682312,0.194220021367073,0.1863291263580322,0.2946448624134063,0.2539586424827575,0.9138773083686828,-0.2997905313968658,0.3082966804504394,0.4082290530204773,0.5579416751861572,-0.3353551030158996,0.210405096411705,0.1900667995214462,-0.2841611802577972,-0.0523403845727443,0.28673255443573,-0.3256092667579651,-0.0934688076376915,-0.0989334881305694,-0.6394514441490173,-0.3241853713989258,0.0162494890391826,-1.0587092638015747,0.7130382061004639,0.2653181552886963,0.5310068726539612,0.152613490819931,-0.1849259138107299,-0.2862891852855682,0.2436521053314209,0.0994746387004852,0.3667478263378143,-0.3276220262050628,-0.8641722202301025,0.5537452697753906,-0.4184079468250274,-0.8957991003990173,1.1917693614959717,0.6073634624481201,-0.4145885407924652,-0.1981982141733169,0.2631306648254394,-0.0671490654349327,0.1993575990200042,0.1975889503955841,-0.3912653625011444,-0.544865608215332,0.2524952888488769,0.0898089781403541,0.0308265350759029,-0.0424858815968036,-0.4880644679069519,-0.1832621544599533,0.444537878036499,0.3106210231781006,0.1766120046377182,0.0364897288382053,0.1008015796542167,-0.2940951585769653,-0.1284317374229431,0.4437766373157501,-0.1150968596339225,0.6022598147392273,-0.149721086025238,0.3519835472106933,0.7572748064994812,-0.7213563323020935,0.2956966161727905,0.4519300758838653,0.5448276400566101,0.4808900356292724,-0.0815318673849105,-0.13706836104393,-0.6857854127883911,0.1806217432022094,0.2869791090488434,0.0248027369379997,0.3681441843509674,-0.1221340596675872,0.0545647256076335,-0.3873177170753479,0.0090355053544044,-0.0145806828513741,0.2049410194158554,0.2514050602912903,0.274554580450058,-0.1196329444646835,0.1694527119398117,0.2071972638368606,-0.019986068829894,-0.4833220541477203,-0.2583203315734863,0.377114862203598,1.1269046068191528,0.0218795705586671,0.4283007085323334,-0.6482842564582825,-0.8988929986953735,0.3103123009204864,0.0084778107702732,0.1815921068191528,0.6792067289352417,-0.227202370762825,-0.3045380413532257,0.7449535131454468,-0.0776117295026779,0.0687526166439056,-0.507163941860199,-0.3711107969284057,-0.105400338768959,-0.2477559447288513,-0.6033014059066772,0.3400307893753052,0.1411968022584915,0.4541874527931213,0.2631691098213196,0.0541853792965412,-0.2669032514095306,1.004542589187622,0.2815003991127014,0.1840220242738723,0.1943087875843048,-0.0586784183979034,0.1669033765792846,0.0405731610953807,0.3238861262798309,-0.428726851940155,-0.5904447436332703,-0.0388059429824352,-0.556958794593811,-0.1690805256366729,-0.0343567542731761,0.2932038903236389,0.3987009227275848,-0.2092013657093048,-0.2017080634832382,-0.7808136343955994,-0.4765915274620056,-0.221159815788269,-0.6412548422813416,-0.1107942909002304,-0.3009142279624939,0.1593085676431656,-0.0705694630742073,-0.065823882818222,-0.8682823777198792,-0.3421393930912018,-0.0449051074683666,0.3797978162765503,-0.4994765520095825,-0.2799455523490906,0.4721048474311828,-0.0250942651182413,0.0997405499219894,-1.3209149837493896,0.1447140574455261,0.1039775982499122,0.1591875106096267,-0.2089003622531891,0.5778836607933044,-0.4944071769714355,0.3925453126430511,0.0591462142765522,-0.2144272178411483,-0.1758216023445129,-10.195903778076172,-0.1171791851520538,-0.3684019744396209,-0.4963542819023132,-0.2174567431211471,0.3311242759227752,0.4051301181316376,0.3149828612804413,-0.2290693521499633,0.0961148366332054,-0.2786165177822113,0.3794465661048889,0.4637976288795471,0.4897248148918152,-0.7993727922439575,-0.0723662227392196,-0.331849455833435,-0.0793876647949218,0.3460274636745453,0.462670087814331,-0.1913790702819824,-0.6157441139221191,0.5151804685592651,0.0852451026439666,0.465062141418457,-0.5881404876708984,-0.8459103107452393,-0.0557419843971729,-0.4899263679981231,0.1337936222553253,-1.0607634782791138,0.2661552429199219,0.1468967050313949,0.3587058484554291,-0.4050166606903076,-0.1763021498918533,-0.2400463074445724,0.1988032311201095,-0.3409290313720703,0.2023395001888275,0.131910815834999,0.2657855153083801,0.0239998511970043,0.1704800873994827,-0.0640340894460678,0.1500251442193985,0.1912308782339096,0.2482452690601349,0.8901605606079102,0.2119199782609939,0.2064417004585266,-0.0202858261764049,-0.0488318353891372,-0.0385941602289676,0.1255405247211456,-0.4787294864654541,0.4334735572338104,-0.4736551344394684,-0.0607443191111087,0.0104414001107215,0.3339530825614929,0.0251757781952619,0.8018687963485718,0.4740272164344787,0.6407812237739563,0.3210649192333221,0.3777634799480438,0.3084906339645386,-0.7059242129325867,-0.4060247838497162,0.0903865247964859,0.256279319524765,-0.3962750732898712,0.1333533227443695,0.0315283313393592,0.5156116485595703,0.4509681463241577,0.0336551629006862,0.1862815469503402,-0.0474302358925342,0.5402597188949585,-0.8166006803512573,0.3138451874256134,0.5013903379440308,-0.7229624390602112,-0.2820299565792084,-0.0545421354472637,0.2240045070648193,0.0701425150036811,-0.6010129451751709,0.1234044656157493,-0.4758801758289337,-0.5402576327323914,0.3047515451908111,0.8828150629997253,-0.2072817683219909,-0.5595740079879761,0.3291369974613189,0.0799122303724289,-0.0102398926392197,-1.2510761,0.035163492,0.47442472,0.9432986,-1.3417602,-0.8602277,-2.1249106,0.22531609,1.3427411,-0.49563682,0.47110415,0.54990375,-1.108179,2.059711,-0.106668286,0.03039676,0.8074991,-0.67704916,0.4849619,-0.11935806,0.567076,0.39659125,0.9785435,-1.0324318,0.72473276,1.0111123,0.51988256,-0.7586005,-0.7256925,-0.4927381,-0.18235432,-0.37792984,-1.2637173,-0.43793947,0.59115994,-1.0958065,-1.7294272,1.3291053,0.43550554,0.2535399,-0.60609925,0.7988943,0.043886364,0.08578567,-0.6067558,-0.04283042,1.3040782,-0.3871691,0.59654015,0.002125144,-0.88819396,0.31887773,1.0646781,0.7748905,-0.09959,-0.26508543,0.4082942,0.28302696,0.20850685,-0.24208623,0.82414955,1.3107413,-0.08758126,0.47759777,0.7737014,0.99232996,0.7949811,-0.26921996,0.12632754,-0.052452907,-2.6844568,-0.8458767,0.31459734,1.6405711,-1.4362769,0.80834246,-0.4142584,-0.72423476,0.4574027,0.6033526,0.45054197,-0.2842242,-0.86449814,1.1930065,-1.2202853,-0.48895258,-0.3165595,-0.5402126,-1.0181502,-0.17196377,0.3102584,-1.8264769,-1.4745746,-1.8071764,1.4862707,-0.5631232,-1.4340799,-1.053535,-0.93409324,0.04066685,0.16201046,1.334221,-0.10649127,0.493917,-1.1035218,-0.6365065,-0.63510895,-1.1535605,-0.4827482,0.09445917,0.34193736,1.0989327,0.35058856,1.4365746,0.8776232,0.4358289,-0.8311309,-1.2458112,-1.0864317,0.6551354,1.2479938,0.003324449,-0.88696194,0.9437929,0.24270977,0.92540634,0.46517438,-1.0461689,0.8852544,-0.10277705,0.54956436,0.24090466,1.6343386,0.8017487,-1.1216395,-0.25070214,-0.49808952,0.62175345,0.40448412,-0.77687335,-0.89894027,-0.48107088,-0.096052736,-0.23723307,0.07245506,-1.2000678,0.23571467,1.1557442,1.3844914,-0.042509526,-0.3487888,0.1265123,-0.60032123,0.30557406,0.63806176,-0.013684854,-0.5021126,0.19667915,-1.1312218,1.1430148,-0.19703107,0.34224626,-0.7318158,0.60378885,-0.10148192,0.6803225,-0.1565079,0.16639891,-0.76494193,-2.5668607,-0.36355317,0.29103616,0.29062572,-0.3813265,0.69070256,0.8594799,0.4216135,0.089951366,-0.62479746,-0.24392463,0.54878056,0.8260793,-0.07157931,1.6757014,0.21739912,0.35555267,0.6827175,0.4031669,0.09642947,0.16767138,0.62416047,-1.2523644,0.9133171,1.0580215,1.3089126,2.9296393,0.794711,-0.94651103,-1.3285928,1.109972,-2.6334383,-0.3536556,0.70755523,-1.183697,1.2252285,-1.3938938,-1.0996261,2.1267874,0.16115537,0.3718298,-1.5660256,-2.380543,0.99415416,0.94475186,-0.33827394,-0.1397408,-0.8255689,0.4298076,-0.5416173,-0.57069147,1.0928077,0.46685565,0.47070318,2.0205905,-0.6971411,0.88597643,0.11771042,-0.1675119,0.32065246,0.77421075,-0.64021826,0.0558794,0.50956595,-0.5651648,-1.0429236,0.06451488,-1.1837907,0.3035238,0.029805817,0.3046269,-0.24495804,-1.0094149,0.4652808,-0.058642,0.37584877,0.68294984,0.85911226,0.38651857,-1.7323701,0.12453717,0.1847227,0.6486261,-0.06688385,0.18309323,1.0134563,0.7006818,-0.6151915,0.41432783,-0.33665523,0.5478318,-0.50192845,0.6948794,0.4449912,0.57160175,0.32888547,-0.3189984,-0.78692234,0.17110354,0.73031706,0.22900559,0.02773423,-0.78819406,-1.5104172,0.598018,0.59634954,0.3492,-0.98914987,-0.7815807,-0.8792398,0.1251331,0.8808853,-1.7974691,-0.25480554,-0.015284941,-0.3062483,-0.018837959,-0.12055294,-0.3330827,0.70497507,0.6224362,-2.101983,0.9143231,0.5936556,0.7173302,1.499727,0.4772508,0.8034919,-0.5596787,0.41275835,-0.83088195,0.43828076,1.0774791,-2.052267,0.66254264,-0.0023303293,-0.07899487,0.8887354,-1.0744368,0.21611686,-1.1306276,0.533147,-0.19061512,-1.7550743,2.3308291,-1.4976511,1.6711595,-1.9996679,-0.5569284,-0.22052035,-1.0983914,-1.5022217,0.73132145,0.0496729,0.07357165,0.42529812,0.23910782,0.6327274,0.8548284,0.78983283,0.9197687,-0.15815791,0.5249216,-1.1578958,-1.3763947,-0.1601592,0.51969504,-0.76991224,-1.2080119,-1.1890017,-0.6773581,0.06385967,-0.65825915,0.635166,0.59514713,0.6068399,0.303905,-1.322057,-0.8155465,0.045727193,-0.61422515,1.6211679,-0.38969767,1.7970169,-1.2049611,-0.7893729,0.31328738,-1.6834,-0.37516958,-1.0504923,1.9747436,0.50426877,0.55416924,0.08117177,-0.07550764,-0.65819144,-0.4971483,0.62426883,-0.067175366,1.5590026,0.0045560785,-0.5880428,1.496395,-0.00781247,0.70394874,-0.2938609,0.052687973,1.5204362,-0.1456848,-0.608692,-0.18428132,-0.57231176,-0.5041433,0.55242896,0.15554614,0.16027936,0.28416163,0.0068301335,0.5648238,-1.0194545,-1.2163303,-1.1776757,0.8611306,1.5559938,2.312718,1.4057572,-0.08377789,-1.1774604,-1.4963715,0.058412425,1.4452972,0.11002812,0.71019995,-1.2451234,0.23996165,0.3774103,0.23282267,-1.210271,-1.6209275,1.3222051,-0.17271213,0.51831174,1.3581756,-0.37064177,-1.4515038,-0.6208369,0.46520352,-0.3650345,-0.39637282,-0.6920069,0.91688615,-0.7252377,0.82325613,0.70643777,1.0950716,-0.32385653,-0.30791396,1.1167165,0.16411743,-1.032602,-0.013401918,-0.7150171,0.31249863,-1.7787308,-0.48309344,0.82538193,-2.0736957,0.7380307,-0.7237074,-0.20686516,0.35821456,-0.32553136,-0.9736255,-0.86631453,0.09770953,-0.98846424,-0.35286236,1.0880287,-1.9606225,-1.8913853,0.59312797,1.1198989,-0.82413554,0.60926265,0.090966776,-0.6017778,0.33382624,-0.5505112,-0.6795808,0.7198146,-0.74563384,-0.53407675,-0.27384079,-0.87052083,-0.9684098,0.25951028,-1.3172257,-1.4330267,0.6276275,0.18328872,-1.523339,-0.6766061,0.32583797,-0.48272732,0.6883548,0.37527475,-0.07842788,-0.7036759,-0.9792148,-0.5414,0.36012095,0.39310724,0.23422638,-0.4633177,0.42944452,-0.12237765,0.37492904,2.1647289,-0.2078279,0.5369933,1.3011796,0.30443078,-0.4900687,0.55445683,-0.12717208,-0.0042863935,1.4865254,-1.0568961,-0.57357454,1.8455861,0.19867417,-0.7685735,-0.7945506,0.3960976,0.013937652,0.184345,0.37372392,0.54236543,1.7473587,0.46658358,1.7095828,0.046856903,0.023122959,-0.58831686,0.47676656,-0.7972278,-0.7153974,0.5705595,0.36842752,2.1515782,-0.37729275,0.45496482,0.41449243,-0.92807245,-0.7606727,1.2753696,0.48273867,-0.4685408,-0.6899845,0.2814662,-1.2515006,-0.38210675,-1.9868634,-0.46862265,0.291719,0.559713,-0.5087868,0.25876173,0.44451427,0.2533074,-1.2462718,1.2294171,1.0630924,1.1796756,0.3784608,-1.631469,0.30131128,-0.33243272,-1.1852546,-0.5359073,-0.7266532,-0.84101653,0.7224761,-0.62417054,-0.60675746,-0.52640766,-0.6449969,1.7435482,0.35097823,0.12397024,-0.21207604,-0.86181736,2.021132,-0.8053295,-0.6485878,1.8766729,0.89547026,-1.3489318,0.28603086,-0.95425737,0.24177021,-0.61312443,0.2461451,0.86128503,0.34698012,0.07032136,1.7207832,-0.38528317,0.0145762935,0.09864492,0.56263673,-0.4678975,0.88173294,-1.7482238,1.1531116,-1.6399233,-1.2577703,0.9907763,0.43940568,-0.28060567,0.38577196,-0.32885864,0.25752234,0.46657628,-1.4655793,0.78109133,1.9093614,-0.33055624,-0.9270778,1.0107319,0.6849488,-0.4451818,-0.09661792,1.9526656,0.8271736,1.2484256,-0.72052884,-0.80927813,-0.273979,-0.6091785,-1.1798496,-0.091053784,-0.52890617,-0.3878712,0.94894475,0.07062119,1.1566974,-0.6167095,0.70271945,0.5032654,-0.42525572,-0.68695414,0.03353045,-0.258442,-0.91402996,-1.2967021,0.1836811,0.5805646,-0.17362067,0.51169914,0.4164119,1.5741224,-0.32627678,-0.94551027,-0.28144854,0.3326153,0.7311703,1.6804973,-0.87342787,-1.2448711,0.52790946,0.8806859,-0.19946456,0.23544031,-0.5883908,-0.14326258,-1.9598414,0.90262216,0.31987894,-0.35255644,1.2411691,0.8549923,0.06763102,1.0249946,-0.2577498,-0.28534052,0.11833758,-0.7881769,-0.15659541,0.11339795,-0.6154362,-0.06531876,-0.13070226,0.46216178,-0.7151159,0.49800277,-1.2179885,0.4019686,-0.058395684,0.6578276,0.057830617,-0.2031576,-1.3108408,-0.5830172,-0.90301573,1.2150861,0.7388938,-0.059436932,-1.4330074,0.15192443,0.756811,0.2195245,0.08178802,0.13528366,0.6153695,-1.1870714,-0.50409806,-1.3299422,-0.05904028,0.6408992,0.8323082,-1.1819614,1.6800828,-1.5757143,0.7065355,0.004392069,-0.42756358,0.5097501,0.053552948,-0.484616,2.1967614,1.2587755,0.22298127,0.62612915,0.5393628,1.1209146,-0.48273405,-0.92120934,-1.6853926,0.8742027,1.3135163,0.12921761,-1.0493115,-0.530746,0.7954395,-0.581333,1.2924123,-0.6961919,-0.94619936,-0.53229105,0.020499486,0.2830704,-0.6448733,-0.569237,0.44404504,-0.78819436,0.66536397,-0.49251112,-0.68275815,-0.0077888733,-0.90886974,0.5396318,0.48244974,1.3926384,1.3386244,0.4587533,0.18297663,-0.514833,-0.530535,-1.0719674,-0.49608368,0.58874255,-1.1158595,0.21026668,-0.07042498,0.054082647,2.1937935,0.12479148,-0.96910375,0.14965172,-0.15859213,0.28897983,0.3891924,-1.0643528,-0.5724822,0.43254238,0.8325653,0.5707113,-0.63863194,-0.33614874,-0.10466063,0.47661978,0.15327135,-0.066068575,-0.40847492,0.6607784,1.3740638,0.7819596,-0.75655735,,,,,,,,,,,,,,,,,,,,,,,,,,,,,,,,,,,,,,,,,,,,,,,,,,,,,,,,,,,,,,,,,,,,,,,,,,,,,,,,,,,,,,,,,,,,,,,,,,,,,,,,,,,,,,,,,,,,,,,,,,,,,,,,,,,,,,,,,,,,,,,,,,,,,,,,,,,,,,,,,,,,,,,,,,,,,,,,,,,,,,,,,,,,,,,,,,,,,,,,,,,,,,,,,,,,,,,,,,,,,,,,,,,,,,,,,,,,,,,,,,,,,,,,,,,,,,,,,,,,,,,,,,,,,,,,,,,,,,,,,,,,,,,,,,,,,,,,,,,,,,,,,,,,,,,,,,,,,,,,,,,,,,,,,,,,,,,,,,,,,,,,,,,,,,,,,,,,,,,,,,,,,,,,,,,,,,,,,,,,,,,,,,,,,,,,,,,,,,,,,,,,,,,,,,,,,,,,,,,,,,,,,,,,,,,,,,,,,,,,,,,,,,,,,,,,,,,,,,,,,,,,,,,,,,,,,,,,,,,,,,,,,,,,,,,,,,,,,,,,,,,,,,,,,,,,,,,,,,,,,,,,,,,,,,,,,,,,,,,,,,,,,,,,,,,,,,,,,,,,,,,,,,,,,,,,,,,,,,,,,,,,,,,,,,,,,,,,,,,,,,,,,,,,,,,,,,,,,,,,,,,,,,,,,,,,,,,,,,,,,,,,,,,,,,,,,,,,,,,,,,,,,,,,,,,,,,,,,,,,,,,,,,,,,,,,,,,,,,,,,,,,,,,,,,,,,,,,,,,,,,,,,,,,,,,,,,,,,,,,,,,,,,,,,,,,,,,,,,,,,,,,,,,,,
ン,0.0031761368736624,-0.0607978403568267,0.0868006199598312,-0.661807656288147,0.0111189065501093,0.3265124261379242,0.1916644126176834,-0.4045667350292206,-0.4292081892490387,-0.4083045125007629,0.5463610291481018,0.2070582807064056,-0.3826923966407776,0.0625517517328262,0.7951143980026245,-0.442884236574173,0.3125962615013122,0.3438512980937958,-0.0523972958326339,0.0517843142151832,0.0978624746203422,-0.5571790337562561,-0.2747199833393097,0.0472691729664802,-0.0459600277245044,-0.3686332702636719,0.2244462519884109,-0.082312487065792,0.0983265489339828,-0.2376643419265747,0.1591430008411407,-0.4425821006298065,-0.0801399499177932,-0.2665002346038818,-0.0309830289334058,0.0108848055824637,-0.0690804943442344,0.2679064273834228,0.2063704431056976,0.1932753026485443,0.1479707956314087,0.0076370746828615,0.1948626637458801,-0.1712042689323425,-0.0528566688299179,0.1627152562141418,-0.0894470736384391,0.1004108041524887,0.591101348400116,-0.2889629006385803,0.1374229490756988,0.5501917600631714,0.4750784933567047,0.1716260015964508,-0.0601437613368034,0.3185002207756042,0.8224498629570007,-0.557417631149292,-0.1149771809577941,0.1276140511035919,-0.5706307291984558,0.2014473527669906,-0.3595708608627319,0.2332155704498291,-0.2315685451030731,0.1064353063702583,0.0359065234661102,-0.1417602002620697,-0.3781137466430664,-0.3540096879005432,-0.0274864323437213,0.402396023273468,-0.6046552658081055,-0.3359215855598449,0.5048612952232361,-0.1393412053585052,0.3976526856422424,-0.1794541180133819,0.0227434691041708,0.1814790219068527,-0.1187740936875343,0.2268717288970947,-0.0903581604361534,-0.6762161254882812,0.0569993667304515,0.0246051810681819,-0.2300129532814026,-0.5120596289634705,0.1248785406351089,-0.4493535459041595,-0.1133277118206024,-0.2073936313390731,0.3074301481246948,0.0145306037738919,-0.1841437220573425,0.1837277859449386,-0.0620439946651458,-0.2285856008529663,-0.0833185613155365,-0.0128377340734004,-0.4649055302143097,0.2861506342887878,0.1150683984160423,0.1076434478163719,0.0551507472991943,0.1075687184929847,-0.1809568107128143,0.3812497854232788,-0.139119878411293,0.4462940990924835,0.2862721383571625,-0.2635545432567596,-0.2679628133773803,0.0520831122994422,-0.1249072924256324,0.0026477477513253,0.0267717316746711,0.2469020783901214,0.0302001107484102,0.3710814416408539,-0.1098586171865463,0.4699374139308929,0.0058718807995319,-0.0616717003285884,-0.2280991375446319,-0.1406721770763397,0.0704468786716461,-0.3091879487037658,-0.0072021726518869,-0.3812822103500366,0.1617260724306106,-0.0414503291249275,-0.5856931209564209,0.2547442615032196,-0.1138062626123428,0.4811491072177887,0.130574569106102,0.0783994868397712,-0.391741931438446,-0.5688015818595886,-0.0319120548665523,-0.2438270598649978,0.3643069565296173,0.0948860645294189,-0.1718646436929702,0.2716177403926849,0.3198012709617615,0.1311369985342025,0.7376388907432556,0.5044369697570801,-0.2001553475856781,0.7393048405647278,-0.4966245889663696,-0.0050921100191771,0.2593344748020172,-0.1624211370944976,-0.4992667436599731,0.4151813089847564,-0.1086982414126396,0.6080097556114197,0.1552628129720688,-0.3181414604187011,0.2967957556247711,0.8420257568359375,0.1295166760683059,0.7175630331039429,0.3213450014591217,0.4221847653388977,0.605125904083252,0.5966471433639526,-0.1656567007303238,0.5463995337486267,0.3133746683597564,-0.3287399113178253,0.2963298261165619,0.005749715026468,0.0374555811285972,0.5076952576637268,0.1681631803512573,-0.9266054034233092,-0.1957228630781173,0.1941849142313003,0.052257839590311,-0.4191427528858185,0.7755953073501587,0.0066946446895599,0.5302921533584595,0.2605101466178894,-0.0696816518902778,-0.184170588850975,-0.0372766554355621,-0.0098567195236682,0.2622301578521728,-0.4053263068199157,-0.5704964995384216,-0.1914510577917099,0.0944606438279151,0.0508277006447315,-0.4833554029464721,0.4180681705474853,0.3133998513221741,-0.036971129477024,-0.2730249464511871,-0.8953977227210999,-0.8142644166946411,-0.2519980072975158,-0.1531452983617782,0.2973617613315582,0.0147576453164219,0.0984799936413765,-0.2799798250198364,-0.3443861305713653,0.3409165143966675,0.0603276640176773,0.2964895069599151,-0.0570669658482074,-0.9990729689598083,0.0238197539001703,0.0489080734550952,-0.0346764251589775,0.1864619255065918,0.0158124044537544,0.2862429022789001,-0.5115312337875366,-0.2338037192821502,0.1353099048137664,0.1608468294143676,-0.2106554061174392,0.1547987461090088,0.5374172329902649,-0.066332496702671,-0.1900498867034912,-0.8293370604515076,0.2218030542135238,-0.0450445711612701,0.4054462313652038,-0.6599977016448975,0.6992177963256836,0.018104126676917,-0.002429557731375,0.5482659935951233,0.3278791010379791,0.1139019280672073,0.2349071204662323,-0.3641423285007477,0.3448559641838074,0.1526006162166595,-0.4325889348983764,-0.6531708836555481,-0.5379634499549866,-0.927617609500885,-0.3598898649215698,-0.0856102630496025,0.1103380993008613,0.4773735404014587,0.0974730402231216,0.2282249182462692,-0.4778967201709747,0.1223301813006401,-0.3653758764266968,-0.3753630220890045,-0.4723738431930542,-0.2525172531604767,0.0311940945684909,-0.1930955797433853,-0.2202931046485901,0.0085229333490133,-0.555094838142395,-0.7384956479072571,0.1608379185199737,0.0788786187767982,-0.3683903217315674,-0.4114533364772796,0.0641935840249061,-0.1213461458683013,-0.3295978009700775,-0.011258372105658,0.254391461610794,-0.3797242045402527,-0.0208807196468114,-0.6492891907691956,0.6138627529144287,-0.6307557225227356,-0.3399337232112884,-0.1044942960143089,0.0166841223835945,-0.1446605622768402,-0.4678792357444763,-0.1896993815898895,0.7635605931282043,0.2990688681602478,-0.138578861951828,-0.3641351163387298,-0.4979437291622162,-0.5783031582832336,0.4369446933269501,0.4176512956619262,0.1074473783373832,0.0878961756825447,0.402312695980072,0.5334050059318542,0.1978185474872589,0.2844682931900024,-0.1847484111785888,-0.2366843223571777,-0.2725338637828827,-0.1306344270706176,0.0627033412456512,0.4482207596302032,-0.305838406085968,-0.122567318379879,0.9938422441482544,-0.4593415260314941,-0.3654066920280456,0.7318883538246155,-0.0670155808329582,-1.3997195959091189,0.2089877426624298,0.4641358256340027,0.339649885892868,-0.481524795293808,0.7123547792434692,0.1878018230199813,0.5769309997558594,-0.2344101518392563,-0.4898486137390136,0.5672318339347839,-0.1247627809643745,-0.4136821627616882,0.4254004061222076,0.1543496400117874,-0.5032008290290833,-0.0087127489969134,-0.4590893089771271,-0.2126435190439224,0.4482419192790985,-0.1862764656543731,-0.0274078119546175,0.0112516330555081,-0.4013431370258331,-0.24400494992733,0.3090179860591888,-0.0148792658001184,-0.5374107956886292,-0.5534104108810425,-0.2894331514835357,0.3393507897853851,1.0581037998199463,0.144974336028099,0.6220086216926575,-0.4687284231185913,0.4528188407421112,0.3884975910186767,0.1073685884475708,0.5571797490119934,0.2764184772968292,-0.2424703538417816,-0.2158079594373703,0.5627112984657288,0.415305495262146,0.106074534356594,-0.0443860217928886,0.1336534172296524,0.0635653510689735,0.1826259046792984,-0.1055840924382209,0.6502776145935059,-0.141808420419693,0.3536523282527923,0.5146189332008362,0.2330994606018066,-0.0900570750236511,0.0781622529029846,-0.4576899111270904,0.1094290018081665,-0.8406364917755127,0.5045748353004456,-0.0283449869602918,-0.0218085329979658,-0.0520893447101116,-0.1031492948532104,-0.4371600151062011,-0.017949478700757,-0.1399894803762436,0.2675392627716064,-0.5081573128700256,-0.5338950753211975,0.1077740564942359,-0.0689213573932647,-0.283149242401123,0.171120136976242,0.3129028677940368,0.4287918210029602,-0.5326884388923645,-0.4094868898391723,0.7733538150787354,0.0162159632891416,-0.0072541129775345,0.5614296197891235,0.1175485625863075,-0.0760221034288406,-0.211329385638237,-0.4428883790969848,-0.2046450078487396,-0.7780249118804932,-0.3564236462116241,-0.4528417289257049,0.2160809636116027,0.2362763434648513,0.3225845992565155,-0.1116638481616973,-0.0470034219324588,0.0703728720545768,0.1373246610164642,-0.0632245987653732,-0.65218186378479,0.2310350388288498,-0.1592269390821457,0.5896809101104736,0.8067646026611328,0.1587326377630233,-0.2732491493225097,-0.1715768128633499,0.2116468995809555,0.2313543707132339,0.1230284571647644,-0.6485904455184937,0.0193797163665294,0.5927419066429138,-0.0951088666915893,-0.2243158966302871,0.1123715043067932,0.3114649355411529,0.461230456829071,-0.276660680770874,-0.382485032081604,-0.0353952907025814,0.3318245410919189,-0.0521954633295536,0.3872840106487274,0.0941041409969329,1.028633952140808,0.2518595159053802,-0.0752753987908363,0.2339671552181244,-0.3081791698932647,-0.0724743828177452,-0.2201147973537445,0.2931573987007141,0.1904922127723693,0.0927618965506553,0.5092480778694153,0.1100455299019813,-0.3637725114822387,-0.2760427296161651,-0.0828023701906204,0.3296189904212951,0.1685519069433212,0.0973466262221336,0.2866364419460296,-0.5149614810943604,-0.0037491263356059,-0.3459472954273224,-0.4577270150184631,-0.1330947428941726,0.1084762662649154,0.6005651950836182,0.1605362296104431,0.5439375638961792,-0.5331707000732422,-0.3257345259189605,-0.3711455166339874,-0.4540835320949554,-0.1340912729501724,-0.2620345950126648,0.2089841961860656,0.1866414099931717,0.1436269432306289,-0.4567202031612396,-0.3661319315433502,-0.0883623957633972,0.3650775253772735,0.0215740874409675,-1.0030871629714966,-0.4105854034423828,0.6311589479446411,-0.1848551332950592,-0.3698974549770355,0.1036599949002265,0.236632689833641,0.1726095229387283,-0.2160039544105529,-0.0213409829884767,-0.168961226940155,0.3041289746761322,-0.0161232110112905,0.4921342730522156,-0.09644266217947,-0.2044597864151001,-0.332964688539505,0.0566480383276939,-0.2578245103359222,-0.3340344727039337,-0.572498619556427,-0.3068805336952209,-0.0457549095153808,0.1794564574956894,0.1167832538485527,0.4510316550731659,-0.2446545511484146,0.4985246956348419,0.031571552157402,0.1467853039503097,-0.0906953960657119,0.2868809998035431,-0.2875887453556061,-0.1965115219354629,-0.1932107657194137,0.5326632857322693,0.2681797444820404,0.3176998496055603,-0.2003336399793625,-0.5330439209938049,-0.1281498223543167,-0.2392009794712066,-0.519485592842102,0.5827149152755737,0.0900339633226394,0.5456182360649109,-0.1836076378822326,0.2240788340568542,-0.1907528638839721,-0.0015128852101042,-0.3930225670337677,-0.1054306253790855,-0.1078258082270622,-0.8340499997138977,-0.186623215675354,-0.3212255537509918,-0.4420482516288757,0.5200933218002319,0.2669086158275604,-0.6013787388801575,-0.3170128464698791,0.1425212919712066,-0.034273512661457,-0.4507310092449188,-0.0893237888813018,-0.5125720500946045,0.1827784180641174,0.487899512052536,0.4282651841640472,0.4144729077816009,-0.2689167261123657,-0.6819618940353394,0.1487437039613723,0.7066802978515625,0.1276256442070007,0.2586115002632141,0.1338995993137359,-0.0630201920866966,0.0068775373511016,-0.3611669242382049,0.5995979905128479,0.3284713923931122,0.6112343668937683,-0.1593673080205917,0.5796571373939514,0.5704997777938843,-0.2039690464735031,0.27096688747406,0.9044501185417176,0.39722540974617,0.6367554068565369,-0.0577708259224891,0.036823458969593,-0.5470572113990784,0.2953176200389862,-0.2784082591533661,0.2505327463150024,0.2955975830554962,-0.3873145580291748,-0.0106711722910404,-0.4470608234405517,0.0582158118486404,0.3540639281272888,-0.2572919130325317,0.0640492439270019,-0.1530279666185379,-0.5277718901634216,0.3817476332187652,-0.158414676785469,-0.0710591152310371,0.1840384602546692,-0.0350280739367008,0.4537293612957001,0.528607189655304,0.2899109721183777,-0.0413019880652427,0.2188134342432022,-0.6566449999809265,0.0871488004922866,-0.4678245782852173,0.2556524276733398,0.8074514269828796,0.1066321358084678,-0.7058013081550598,0.1147244274616241,0.7123931646347046,-0.3560422956943512,0.0612720251083374,-1.0915507078170776,-0.1837315112352371,-0.1110924184322357,0.1160295903682708,0.1151471585035324,-0.1754621565341949,0.4969201385974884,-0.3079700171947479,-0.1208853498101234,-0.2617020308971405,0.7547056078910828,0.0675808936357498,-0.2036011964082718,-0.0834806710481643,0.0529114045202732,-0.0520556680858135,0.2553771734237671,0.0519331432878971,-0.4064322412014007,0.1175331100821495,-0.0400002636015415,-0.2948659062385559,-0.0202174540609121,0.4066607654094696,0.1878072172403335,0.0256806910037994,0.2268457561731338,-0.0400772243738174,-0.8691291809082031,-0.2082367241382599,0.3324902355670929,-0.942822277545929,-0.0735208243131637,-0.1429763734340667,-0.1136432737112045,0.3548907041549682,-0.1476150751113891,-0.3494469225406647,0.015733528882265,-0.295113205909729,-0.0524454191327095,-0.1219716221094131,-0.5856705904006958,-0.0685122907161712,0.2011014968156814,-0.0997806042432785,-1.0749133825302124,0.1433800905942917,0.1807161569595337,0.3349646627902984,0.0505462624132633,0.51595139503479,0.2372927665710449,0.0397394374012947,0.4213206768035888,-0.229931965470314,0.179247185587883,-10.382081985473633,-0.4448930025100708,-0.3652932643890381,-0.183305487036705,-0.3692849576473236,0.4921149015426636,0.6921905279159546,0.3035148084163666,-0.2524159848690033,0.4128586649894714,-0.3018664121627807,0.2482895404100418,0.1434746235609054,0.9373087286949158,-0.4286087155342102,-0.1827657520771026,0.3007826209068298,0.082112118601799,0.0640494301915168,0.3107931613922119,-0.2130162268877029,-0.4070342779159546,0.6020965576171875,0.0759041309356689,-0.0683071687817573,-0.3665779531002044,-0.2489219903945922,0.2341049611568451,-0.1814572066068649,0.1103604510426521,-0.6091642379760742,0.5347440242767334,0.1003084331750869,0.3639244735240936,-0.7448790669441223,-0.2301767915487289,-0.0891357064247131,0.2333881556987762,0.3847591280937195,0.5595882534980774,-0.0836476907134056,0.6774351000785828,0.2649302184581756,-0.4228098094463348,0.853337287902832,-0.2344857007265091,0.3338377773761749,0.5192164182662964,0.2750162482261657,0.1354071348905563,-0.1363216787576675,-0.6438022255897522,0.0042162416502833,-0.4347541332244873,-0.1330995559692382,-0.1422829777002334,0.3304428160190582,-0.6977059245109558,0.0330822952091693,-0.1127327904105186,0.4786390364170074,-0.273013710975647,0.6636946201324463,-0.0587224513292312,-0.3250734508037567,-0.1605715006589889,0.0656867250800132,0.6946278810501099,-0.5975626111030579,-0.2920809686183929,0.5590290427207947,-0.2730327248573303,0.2166372835636139,0.4055890440940857,-0.4609197080135345,0.2656212449073791,-0.1926836967468261,-0.177279993891716,1.1196138858795166,0.0746123492717742,0.4504166543483734,-0.0480197295546531,-0.4257279634475708,0.1747554093599319,-1.0736651420593262,0.4939015209674835,-0.1731966435909271,0.1242589876055717,0.3955589532852173,-0.4195772707462311,0.582466721534729,0.0015246457187458,-0.3316822946071625,0.1182079017162323,0.481196790933609,0.0666705295443534,0.4595232307910919,0.0795234888792038,0.923289954662323,0.1367945075035095,-0.5835335,-0.7283523,1.0116376,2.0759826,-1.0943211,0.41816664,-1.563108,0.0032166801,0.8036405,0.17088553,0.24485794,0.3465916,-1.454317,1.8528893,-1.0987251,0.21705706,1.2525083,-0.5751013,0.07446369,-0.2193295,1.3015366,0.19236606,0.746158,-1.0787182,0.8015481,0.80096835,0.7610657,-0.50165564,-0.357126,-0.35393023,0.15720552,0.06070494,-0.7080293,-0.90390193,0.2526568,-1.2880827,-1.1109235,0.9307673,0.32445318,-0.83285254,-0.7791481,0.38269293,-0.6859455,-0.29690593,-0.88796496,-0.13048202,1.2771888,-0.6379999,0.6898005,-0.23826128,-0.16581967,-0.37980643,0.16337374,0.93392074,0.54457504,-0.47885358,1.1650871,1.4018881,-0.1759647,-0.7145455,0.7164855,1.4515293,-1.117343,-0.15867534,0.94631827,0.9621973,-0.6004362,-0.07824916,-0.40288338,-0.01439821,-2.3952696,-0.79781735,-0.53353477,1.0873833,-1.1697694,0.73881423,0.47702673,-0.19624558,0.30843,0.017967805,0.22122143,-0.64054096,-0.1399238,1.5271512,-0.0034648273,-0.52967227,-0.59832495,-0.48835525,-1.3091557,-0.34595183,-0.2767282,-1.7220947,-1.6214769,-1.8444006,1.1483085,-0.04155779,-0.55566865,-0.5902137,-1.2409102,0.04391639,0.014788162,0.6396797,-0.44821146,-0.30471656,-0.93246186,-0.37473464,-0.91409886,-0.9111948,-0.8305733,0.9851138,-0.4692968,0.2384357,0.81856537,1.94132,1.1570721,1.5114447,-0.9193225,-1.1357445,-0.6528326,0.28313503,1.5464311,-0.0740918,-0.6722241,0.52936697,0.16886517,0.806516,-0.27185452,-0.9530666,0.6266166,-0.4539875,0.8648852,-0.24128804,2.0434875,0.40560877,-0.70024306,-0.24659249,-0.63287014,-0.4619556,0.9216492,-0.6379908,-0.45802435,0.046127133,-0.26677704,-0.69820684,0.062324427,-1.6294423,0.15771519,0.94795465,1.2291346,0.1053786,-0.082961224,-0.29667056,-1.2919191,0.5026671,0.62362254,-0.33992985,0.314926,0.7480999,-1.3348576,1.3505437,0.4305321,1.2814811,-1.0879806,-0.25691527,0.13069868,0.82217515,-0.8260084,0.60570484,-1.0080299,-2.5513375,-0.6261453,0.09290995,-0.14030899,-0.10118571,0.39856887,-0.9165062,0.9092401,-0.24567088,-1.286043,0.16878517,0.9737208,1.0596565,0.0623931,0.89898336,0.45554572,0.32454056,0.52634925,0.7916056,0.8761107,0.07077775,1.0799713,-0.7405052,1.0873439,0.9853477,1.106897,2.4894795,0.12192866,-1.9634492,-1.097967,0.28195447,-1.9333348,-0.27995604,0.82503647,-0.2814452,1.0546901,-0.95572823,-0.92430544,1.7790661,0.6329658,-0.7536675,-1.4434795,-0.8734732,0.4182599,0.6922877,-0.9059471,-0.95432925,-0.819389,0.3016596,-0.5591877,-0.6922035,0.53316677,0.36374503,0.8799428,1.0268927,-1.0469393,0.8494759,0.47962096,0.9527408,-0.19468826,0.8762898,-0.82647383,0.16559878,0.4932577,-0.5067206,-0.011095732,0.59747976,-0.72442627,0.84175724,-0.1199284,1.2318084,0.27568612,-0.67938256,0.14266376,-0.22919029,0.39731726,1.0059423,1.4303617,0.072822444,-1.6447967,-0.20959353,0.4876213,0.7383891,0.022891156,-0.33225816,0.8631513,0.8791559,-0.7085825,0.1213001,-0.43867669,-0.11733411,-0.12249182,0.94670177,0.09038454,0.58278394,0.9120776,-1.0945839,-0.38051897,0.61766815,-0.14114685,-0.6673776,-0.61977214,-0.024794213,-1.0925491,0.17093627,-0.08860797,0.29821125,-0.5730344,-1.2340991,-1.0381098,-0.8117689,0.56047124,-1.1416397,-0.8622594,0.3759687,-0.4026515,0.76564234,-0.1788483,0.09854904,0.6599197,0.25403005,-0.76203203,0.81129384,-0.36637723,0.9421999,0.7224233,0.29754215,0.5838247,-0.9241795,0.70836174,-1.5754795,0.6364968,1.3892789,-1.4665475,1.1668708,0.040784836,-0.5742874,0.64930046,-1.6242976,-1.0454875,-0.7380948,0.26878378,-0.12479884,-1.7083266,2.331464,-1.8175018,1.2737015,-1.6030335,0.13467094,-0.35519746,-0.17692247,-1.9654641,1.1213129,0.029485956,0.12723532,0.6455985,0.01726501,0.15107867,0.773675,0.7024531,0.23748788,-0.16615877,0.8514322,-0.6126698,-1.7142695,0.30952927,0.803333,-0.94189095,-1.9916568,-1.9522827,-0.7394765,0.33968824,-1.183699,0.1698029,1.3648988,-0.14611316,1.0385695,-1.4022874,-0.1810955,0.15994126,-0.68062073,1.3615639,0.42254212,0.9292756,-0.59475875,-0.55286324,1.203695,-1.9995804,-0.93908846,-0.44417298,1.9045064,0.008850556,0.494264,0.85634005,0.1555767,-0.42307067,-0.53543645,1.4834168,-0.5358603,1.3264976,0.52146596,-0.72300494,1.0323702,0.3286171,0.33148304,-0.16884302,-0.50151896,1.7273111,-0.35721257,-0.6185435,-0.3076134,-0.37782162,-0.22174937,0.1687099,0.5390171,-0.23407061,-0.36980373,0.7181038,0.781822,-0.8448093,-0.5960948,-0.7173944,0.21928868,1.338676,1.2899171,1.8263861,-0.45028633,-0.5531755,-2.196872,0.35029358,0.79119503,-0.09686987,0.32939035,-1.7804055,-0.24052528,0.36442414,-0.2763277,-1.011675,-2.073289,1.4410855,0.4621794,0.9374551,1.6531863,-1.2997335,-0.8999059,-0.71097136,0.78772634,0.34562328,-0.8036655,-0.56657547,0.6409091,-0.9380617,1.2709978,0.6706397,0.1254032,-0.40955687,-0.29981342,0.82420725,0.51099914,-0.25376192,-0.2675261,0.17072746,1.2015363,-1.3226848,-0.8254913,0.3386235,-1.9422088,1.2501566,-0.37964472,-0.15600203,-0.10878642,-0.5635828,-0.42561972,-0.34172666,-0.3070361,-0.82453847,-0.7406266,-0.0359965,-1.2530491,-1.8595803,0.741778,1.4103104,-0.9244554,0.5257983,0.34748393,0.3390618,0.7657037,0.011499137,-0.11751175,0.49732018,-0.028815717,-0.11874011,-0.30000407,-0.99398726,-0.95370907,0.33423316,-0.9747629,-1.4703579,1.063185,0.6053324,-1.6831968,-0.6318418,0.23957531,-0.29058665,0.9619673,0.95655715,0.3584414,0.24106015,-0.3000657,-0.19081023,-0.32493395,1.3284401,-0.61887753,-0.41203395,0.9892105,-0.034453295,-0.19578752,1.7465683,0.15463483,0.7364273,1.35984,1.0724847,-1.1927185,0.60669315,-0.05118528,-0.08487272,0.28043592,-1.6946297,-0.3361379,1.0587153,-0.98396444,-0.9727626,-0.23292407,0.792412,-0.7892144,0.5068894,0.22497588,1.4503664,1.6029398,1.193921,2.196805,-0.6150355,-0.50627166,-0.5782715,0.9761317,-0.78268325,-0.55815274,0.08653981,0.5924902,2.2080889,-0.6581426,0.33490607,0.8243139,-0.93360686,-0.75600135,0.5278899,-0.04823658,0.10253424,-0.5165576,0.73321676,-1.418836,0.39718258,-1.7887402,-0.12519793,0.66065896,1.3439239,-0.50509346,-0.046171855,0.8959583,0.3736865,-0.5983026,-0.10314749,1.1781198,1.3980775,-1.1305566,-0.80965966,0.36627775,-1.0045986,-1.4470809,0.588704,-0.0036336482,-1.1064782,-0.5450454,0.2118821,-0.22094001,-0.86832535,-0.71759593,1.6078389,0.08324367,-0.17254315,0.22530435,-0.28835854,1.9260218,-0.97159135,-0.33427185,1.5110598,0.6466897,-0.91760206,0.23419085,-1.1778482,0.06493944,-0.36366218,0.5664848,0.42779312,0.54569066,-0.10786334,1.5810307,0.18761095,0.14765708,-0.4921325,0.957227,-0.37991276,0.27629524,-1.780587,0.8610823,-0.6607536,-1.1709144,-0.31025746,0.5493025,-0.5598073,-0.19302545,-0.013247281,0.41270998,0.95622265,-0.8799797,0.60965765,1.7459553,-0.15174901,-0.11426096,0.64115155,0.38146478,-0.5939984,-0.24266267,2.5905871,0.5313978,0.907918,-0.99622655,-0.72230244,0.69523704,-0.27327237,-0.6295961,-0.5154758,-0.39501375,0.05402924,0.6699295,-0.34648225,0.8869615,-0.7583034,0.036368698,0.9003446,-1.4292661,0.43190652,0.0786728,-0.7199612,-1.7884682,-0.7783044,1.0657408,0.7426478,-0.7457308,0.90105,-0.00814417,1.6227359,0.91041017,-0.15198526,-0.85161227,0.4684102,1.0100989,0.37287316,-0.7749131,-0.887377,0.861975,1.2766769,-0.8965347,0.908222,-0.38808987,0.25933686,-1.8785467,1.1093647,0.11125441,-0.2296168,1.369226,0.034833483,-0.21265468,0.3365597,-0.402924,0.001388941,0.11893369,-0.45886168,-0.31521785,-0.025611287,-0.7294522,-0.5823188,-0.92083865,0.093294024,-0.19526988,0.70219934,-1.2274574,0.666788,-0.10921058,0.6930797,-0.04735136,-0.30403018,-0.57578176,-0.25324312,-0.92882246,1.5316991,1.397464,-0.0380065,-1.1524738,0.09159458,1.1402488,-2.092123e-05,-0.65580106,0.8373084,0.18631557,-1.1808103,-0.43366104,-0.9110646,-0.56113416,0.70470124,0.5017363,-0.94187796,0.48546904,-1.7368541,0.6949429,0.15542316,-1.3446172,0.63207424,0.2728018,-1.0396754,2.0184786,0.85201097,0.46301842,0.14505252,1.3643456,1.185789,-0.03747227,0.029337395,-0.76025575,0.9626548,1.205279,0.12142452,-0.6889032,-0.20533387,0.53497374,-0.91802907,1.6016035,-0.6313132,0.04364094,-0.7709757,-0.1434796,-0.92496985,-0.48757765,-0.8853958,-0.37453642,-1.2707169,-0.059768423,-0.6244911,-0.9168987,0.5367375,-1.0318452,-0.3892138,0.13541715,1.7869091,0.2715186,0.40777618,0.69993937,-0.89434147,-0.58787274,-0.931018,-0.14795956,0.16782825,-0.9988723,0.0057778507,0.0709355,1.1116014,2.301748,0.33803892,0.17588055,0.7317991,-0.38689202,-0.56890506,0.14198017,-1.281698,-0.4072392,0.43536144,-0.024428912,0.12158284,-1.4967694,-0.50578845,-0.2235374,0.90483224,0.10747838,0.544638,0.14795528,0.5683674,1.524161,0.772851,-0.29026163,,,,,,,,,,,,,,,,,,,,,,,,,,,,,,,,,,,,,,,,,,,,,,,,,,,,,,,,,,,,,,,,,,,,,,,,,,,,,,,,,,,,,,,,,,,,,,,,,,,,,,,,,,,,,,,,,,,,,,,,,,,,,,,,,,,,,,,,,,,,,,,,,,,,,,,,,,,,,,,,,,,,,,,,,,,,,,,,,,,,,,,,,,,,,,,,,,,,,,,,,,,,,,,,,,,,,,,,,,,,,,,,,,,,,,,,,,,,,,,,,,,,,,,,,,,,,,,,,,,,,,,,,,,,,,,,,,,,,,,,,,,,,,,,,,,,,,,,,,,,,,,,,,,,,,,,,,,,,,,,,,,,,,,,,,,,,,,,,,,,,,,,,,,,,,,,,,,,,,,,,,,,,,,,,,,,,,,,,,,,,,,,,,,,,,,,,,,,,,,,,,,,,,,,,,,,,,,,,,,,,,,,,,,,,,,,,,,,,,,,,,,,,,,,,,,,,,,,,,,,,,,,,,,,,,,,,,,,,,,,,,,,,,,,,,,,,,,,,,,,,,,,,,,,,,,,,,,,,,,,,,,,,,,,,,,,,,,,,,,,,,,,,,,,,,,,,,,,,,,,,,,,,,,,,,,,,,,,,,,,,,,,,,,,,,,,,,,,,,,,,,,,,,,,,,,,,,,,,,,,,,,,,,,,,,,,,,,,,,,,,,,,,,,,,,,,,,,,,,,,,,,,,,,,,,,,,,,,,,,,,,,,,,,,,,,,,,,,,,,,,,,,,,,,,,,,,,,,,,,,,,,,,,,,,,,,,,,,,,,,,,,,,,,,,,,,,,,,,,,,,,,,,,,,,
ヒ,0.1551639288663864,0.4506290853023529,-0.01363614667207,-0.6370481848716736,0.4615746140480041,0.2639996409416199,-0.0758199542760849,0.1400951892137527,-0.5672416687011719,-0.4536508619785309,0.9669219255447388,0.2578133344650268,0.0437002889811992,-0.0305585283786058,0.6502804160118103,-0.1538078784942627,0.076464757323265,0.3039916455745697,0.2624402046203613,-0.3601556122303009,-0.2744719088077545,-1.2416704893112185,-0.0199216641485691,0.2230587601661682,0.0938585996627807,-0.0750812292098999,0.4507965445518493,0.1402094364166259,-0.0956296250224113,0.0028909591492265,0.0683367997407913,-0.7170385122299194,-0.1060455366969108,-0.2604305744171142,-0.205409899353981,0.50655198097229,-0.2688134312629699,0.0183443594723939,0.3605715632438659,-0.2463780343532562,0.0943169891834259,0.1758158951997757,0.1803629696369171,-0.712032675743103,-0.5488702058792114,0.2456328570842743,0.394925445318222,0.3637723922729492,0.0627575293183326,0.1141312941908836,-0.4363737106323242,0.2059674859046936,-0.0493296571075916,-0.1743544042110443,0.006553248502314,-0.3940860629081726,-0.2066861987113952,-0.297159731388092,-0.1702533960342407,-0.0682727321982383,-0.3287326991558075,0.0514913089573383,0.5227841138839722,-0.1426666975021362,-0.610588014125824,0.1486562937498092,-0.1979223489761352,-0.1560423076152801,-0.0512634515762329,-0.2419832646846771,-0.3740155398845672,0.2287186831235885,0.3287839293479919,-0.2566201984882355,0.6189438104629517,-0.0866599082946777,0.1362277865409851,-0.202879250049591,0.0439100787043571,-0.3750547766685486,-0.2605040967464447,0.477020263671875,0.0909885987639427,-0.2727606296539306,-0.1429039984941482,-0.0712911412119865,-0.4525351226329803,-0.4567330181598663,0.4612589180469513,-0.1946479082107544,-0.0238242112100124,0.0289498101919889,0.4362281858921051,0.2913758158683777,0.0421952418982982,0.5157997012138367,0.2683615386486053,-0.4036157131195068,-0.3878888487815857,0.2022004574537277,-0.1927543431520462,-0.3255326151847839,0.6532957553863525,0.0747601091861724,-0.2382178157567978,0.3407899141311645,-0.4753974378108978,0.4331378638744354,0.1886070519685745,-0.1850417852401733,-0.4214930236339569,-0.62468421459198,-0.4045696258544922,0.4463379085063934,-0.2081644088029861,0.0541237704455852,0.0279976855963468,0.2270314395427703,-0.607581615447998,0.3643158078193664,0.1141840890049934,0.2706145942211151,-0.6240183711051941,-0.15853251516819,-0.3572992086410522,-0.0468583181500434,0.0506937690079212,-0.4449667632579803,0.0683520063757896,-0.4220626354217529,-0.0689848810434341,-0.4346333742141723,-0.2900322377681732,-0.3256109654903412,-0.2641321122646332,0.8080708384513855,0.0963991284370422,-0.0051596430130302,-0.1326319277286529,-0.9510437250137328,-0.4260962009429931,0.2162968516349792,-0.0291372798383235,-0.4338919818401336,0.020120296627283,-0.0425894744694232,0.4651023149490356,-0.1427480280399322,0.4590663015842438,0.4949187636375427,-0.590072751045227,1.0625067949295044,-0.8029110431671143,-0.2842399477958679,-0.1895159929990768,0.5080698132514954,-0.6417995691299438,-0.1670119166374206,0.1234936565160751,0.4376185238361358,-0.0081946840509772,0.051650270819664,-0.0345338024199008,0.3243104219436645,-0.1118391528725624,0.5013188123703003,0.0706172659993171,-0.4249691367149353,0.0888606160879135,0.4558064341545105,0.4025118052959442,0.7786225080490112,0.0936259552836418,-0.5450785756111145,-0.0758634060621261,0.4750376343727112,0.2346851676702499,0.1204299330711364,0.3575238287448883,-0.4718982279300689,-0.0625396072864532,-0.4084468185901642,0.0151939578354358,-0.5143970847129822,0.0848657041788101,-0.5993847250938416,-0.1684137731790542,-0.4101534485816955,0.1577584445476532,0.2508314251899719,0.1990536451339721,-0.2801210880279541,0.0838920846581459,-0.4265199601650238,0.0967216342687606,-0.0044822753407061,-0.0443103499710559,-0.677568256855011,0.4325268566608429,0.2420121729373932,0.1419271230697631,0.2561053037643432,-0.1636112183332443,-0.5880338549613953,-0.7513834238052368,0.2444121837615966,0.2218668758869171,0.3722359538078308,-0.0576323680579662,0.0166755300015211,-0.4486375451087951,0.1026544645428657,0.5113428235054016,0.1722454279661178,0.2426017820835113,0.1142214238643646,-0.2054839581251144,-0.145319789648056,0.1273888498544693,-0.0753499716520309,0.4734819233417511,-0.294533759355545,0.3903192281723022,0.3167636394500732,-0.3261315822601318,-0.0870011001825332,0.1504799723625183,-0.3448344767093658,-0.2032735645771026,0.7681403756141663,-0.0945703983306884,-0.3772029280662536,-0.5680177211761475,0.0219685714691877,-0.7395026683807373,0.2867819368839264,-0.0755594000220298,0.5308506488800049,-0.1511099189519882,-0.0451962612569332,0.4406926035881042,0.2160435914993286,0.1351016163825988,-0.2546265721321106,-0.4471630752086639,-0.0711394399404525,-0.0925125852227211,0.112662523984909,-0.7487152814865112,-0.4306326508522033,-0.2312167286872863,0.0809345096349716,0.6158937215805054,-0.0397866182029247,0.5637722015380859,0.228426918387413,0.3079513907432556,0.0808858126401901,0.4061949253082275,-0.5819168090820312,-0.0170844141393899,-0.6823350191116333,0.0706702023744583,0.0049366592429578,0.0240170732140541,-0.1962190717458725,0.0075716129504144,-0.9283567667007446,-0.6517423987388611,-0.7023324966430664,0.0691634118556976,-0.2308564633131027,-0.5220823884010315,-0.0358589552342891,-0.1382291316986084,-0.0813654735684394,-0.2658712565898895,0.9066728949546814,-0.4704917669296264,0.0147815765812993,-0.8694491982460022,-0.0377383381128311,-0.4280239939689636,0.1345736980438232,0.2123394608497619,-0.139414370059967,-0.0891146063804626,-0.5124378800392151,-0.0894404947757721,0.2889519035816192,0.3881677687168121,-0.7848303318023682,-0.3554987013339996,0.4363750219345093,-0.1338460147380828,-0.1208686679601669,0.0097985407337546,0.0734140276908874,-0.2534174025058746,0.4317496418952942,0.1825443059206009,-0.3149542510509491,0.3559764325618744,-0.2545181512832641,0.25816410779953,-0.0805562511086463,0.0478713326156139,-0.3314650356769562,0.882379949092865,-0.5105294585227966,-0.1683922857046127,0.5338581204414368,-0.6264352798461914,0.0041701947338879,0.2998262047767639,0.1258674710988998,-1.5447466373443604,0.2514921426773071,0.3825699687004089,0.2853820621967315,0.0663605257868766,0.0761764869093895,0.4044224917888641,0.0664045587182045,0.1580988764762878,-0.6744645237922668,0.8377020359039307,0.5648170709609985,0.0366671569645404,-0.2535087168216705,0.622234582901001,-0.2583390474319458,0.2455523163080215,-0.4194328784942627,0.0735396891832351,0.5083774924278259,0.0592531189322471,-0.0839532986283302,-0.0070820059627294,0.1767411828041076,-0.3479365110397339,0.2596847414970398,-0.1261917948722839,0.0986007004976272,-0.7107913494110107,-0.0176534727215766,0.4050839245319366,0.6863741874694824,0.6635514497756958,-0.0580600500106811,-0.0835014209151268,-0.0663131922483444,0.527273416519165,0.1272830665111541,0.2565767467021942,-0.0587564744055271,0.2043832093477249,-0.4836817681789398,0.36578369140625,-0.3903399407863617,0.3079275488853454,-0.3579303324222564,0.2849977314472198,0.8619423508644104,-0.3330050706863403,0.461453914642334,0.4307321906089782,0.2073920369148254,0.0708928778767585,0.9447011351585388,0.8014667630195618,0.2853122651576996,-0.4481697380542755,-0.6782790422439575,0.1940154582262039,-0.2257252037525177,0.1718036383390426,-0.144169881939888,0.4633250832557678,0.1488864719867706,-0.3330743610858917,-0.078921303153038,0.0291775036603212,-0.132490187883377,-0.0980433747172355,-0.5415587425231934,-0.7658714056015015,-0.1086545139551162,-0.2478442043066024,-0.1320928484201431,0.2046696245670318,-0.0027242740616202,0.352538138628006,-0.0861778855323791,-0.8063405752182007,0.0193819366395473,-0.5207050442695618,0.0684253200888633,0.1308557689189911,0.3228591382503509,0.0499389544129371,0.3065854609012604,0.1449382454156875,-0.2469052821397781,-0.3119357526302337,-0.4584004580974579,-0.678742527961731,-0.1015153005719184,0.273720383644104,0.7859252095222473,-0.308444082736969,0.1588353961706161,0.0131683461368083,-0.0312738642096519,-0.7118157148361206,-0.2326661497354507,-0.8079601526260376,0.31133633852005,0.0257586054503917,0.218905821442604,0.155648872256279,0.5780073404312134,0.1453631371259689,0.215496614575386,0.0968502163887023,0.0464936643838882,0.0428659841418266,-0.2211536765098571,0.7866926789283752,-0.4566079974174499,0.5226107239723206,-0.0297211036086082,-0.0136367473751306,0.0840261355042457,-0.5349287390708923,-0.4864985346794128,0.1688639670610427,0.6869313716888428,-0.2170043289661407,0.0496401712298393,0.3654405772686004,1.0765975713729858,-0.5108519196510315,0.269177496433258,0.3112615942955017,-0.17133429646492,0.3510374724864959,0.2194955497980117,0.0901605710387229,-0.2180202901363372,0.0581805668771266,0.3326261341571808,0.257871001958847,0.1415131539106369,0.3245297074317932,0.0015025347238406,-0.2716504037380218,0.6049988269805908,0.2547251284122467,0.4773009419441223,-0.8952032327651978,0.0430978275835514,-0.5547069311141968,-0.5209277272224426,0.0011915358481928,0.2075236439704895,0.8722180724143982,0.0875146016478538,0.1984903216361999,-0.5996089577674866,-0.7445886135101318,-0.4348490834236145,-0.8675307035446167,-0.0803818255662918,-0.1169916987419128,0.3092200458049774,0.6056602001190186,0.6078056693077087,-0.3280372321605682,0.5314616560935974,-0.6247866153717041,0.5959320068359375,0.860277533531189,-0.2267018258571624,0.2744591236114502,0.4100825190544128,-0.3317743837833404,0.2444828301668167,-0.2524178326129913,0.3819825351238251,0.0101557420566678,-0.4985678493976593,-0.2720477879047394,0.2787221074104309,0.1070373356342315,-0.6736441850662231,0.5774563550949097,0.1267206072807312,-0.4294994175434112,-0.6080118417739868,-0.4017721116542816,0.0021702907979488,0.121820293366909,-0.8576255440711975,-0.2744193077087402,-0.1034798622131347,-0.0170258656144142,0.2800353467464447,0.4200932085514068,-0.4409108757972717,0.2417379170656204,0.3884917795658111,0.7064756751060486,-0.4150725305080414,0.0487671457231044,-0.1961350291967392,-0.13302843272686,0.0752157345414161,0.117836058139801,-0.4084993004798889,0.5618004202842712,-0.306004911661148,-0.7195473909378052,-0.361836701631546,-0.2829920053482055,-1.16535484790802,0.4835647940635681,-0.5599750280380249,0.4080492556095123,-0.8477668166160583,0.3952420055866241,-0.3729346990585327,-0.2062507718801498,0.1430326849222183,0.1133826747536659,-0.4964585602283478,-1.0426381826400757,-0.1837907135486602,-0.5248781442642212,-0.2205185890197754,0.5109828114509583,0.6301618218421936,-0.3601831495761871,0.0802402570843696,0.6938257217407227,0.2980091869831085,0.0184750016778707,0.0569400154054164,-0.2595379948616028,0.0216411333531141,0.1974187642335891,-0.0932305604219436,0.4165742099285126,0.1820403337478637,-0.0491071753203868,-0.0206615701317787,0.8652002215385437,0.5409029126167297,0.6718352437019348,-0.2066844254732132,0.3054647147655487,-0.1629034429788589,-0.1222085356712341,0.0069744517095386,-0.0101039828732609,0.544657826423645,-0.0769844427704811,0.4263932704925537,0.5536972284317017,-0.2789074182510376,0.0096166115254163,1.0772978067398071,-0.0493160225450992,0.7064254283905029,-0.1277188062667846,-0.1907592415809631,-1.0220482349395752,0.2685689926147461,0.149569422006607,-0.2484442591667175,0.0421154163777828,-0.3305385112762451,0.6136986613273621,-0.4454030692577362,-0.1952313780784607,0.158312976360321,-0.3326961994171142,0.4229760468006134,0.3969317972660064,0.3068210184574127,0.9081117510795592,0.2589408755302429,-0.3617842495441437,-0.4359055459499359,-0.5863341093063354,-0.0246839020401239,0.4677716493606567,0.2104497402906417,0.3839569389820099,-0.0581724382936954,-0.629828155040741,0.6223678588867188,0.0140578420832753,0.451951265335083,0.5435202121734619,-0.1823170483112335,0.1041467860341072,0.2170623540878296,0.1832512319087982,0.2387022674083709,-0.3811858594417572,-0.8378561735153198,-0.179612398147583,-0.065353937447071,-0.5495458841323853,0.0436767302453517,0.2653824985027313,0.3253761231899261,0.0364917144179344,-0.1467848420143127,-0.0723554193973541,0.6487961411476135,0.0818063244223594,-0.0054389904253184,0.3287208080291748,0.0617479085922241,0.0205965898931026,0.1345026344060897,-0.1017100289463996,-0.353233277797699,-0.3030010163784027,0.0554798878729343,-0.4527095258235931,-0.2389556765556335,-0.3906725645065307,-0.0562675483524799,0.1848201155662536,-0.1851905584335327,-0.686260998249054,-0.8891593813896179,0.3089494705200195,0.2316297143697738,-0.9766973853111268,-0.1346741318702697,-0.153746947646141,-0.1262493133544922,-0.1081550791859626,0.2327514886856079,-0.5198888182640076,0.0178478527814149,-0.5442913174629211,0.1388426572084427,-0.5254583954811096,-0.6475991606712341,0.3034259974956512,0.1549130380153656,-0.4784647226333618,-1.4052042961120603,0.7116935849189758,0.7003629207611084,0.5205879211425781,-0.1193124204874038,0.1623309701681137,-0.2878951132297516,-0.1524762362241745,-0.5409619212150574,-0.3284410536289215,0.0775396078824997,-10.163240432739258,0.0543361045420169,-0.946041226387024,0.0541164353489875,-0.2538313567638397,0.3980744779109955,0.7791574597358704,0.6333169937133789,-0.116882286965847,0.192258596420288,0.3340701460838318,0.4396194219589233,0.2559846639633178,0.516249418258667,-0.5809218883514404,0.1425436586141586,-0.1036959215998649,-0.6297397017478943,-0.2579349279403686,-0.1719603538513183,0.5175480842590332,0.2347171008586883,0.9968917369842528,0.3285820186138153,-0.0729481652379036,-0.1041453629732132,-0.1333189755678177,0.3411591947078705,0.1258501410484314,0.5160365104675293,-0.7681807279586792,0.5263305306434631,0.9602128267288208,0.3831358551979065,-0.1767399460077285,-0.0461997203528881,-0.1810252666473388,0.3001701533794403,0.255888819694519,0.3722301423549652,0.2266776263713836,0.8576859831809998,0.2290200144052505,-0.1377987563610077,-0.0832230150699615,0.4649208784103393,0.2738896608352661,0.429055780172348,0.7048214077949524,0.3225641250610351,0.641271710395813,-0.1899065971374511,0.3797788619995117,-0.2986117899417877,0.0897846966981887,0.0092191295698285,1.0575250387191772,-0.8122954368591309,-0.0169563796371221,0.3066757023334503,0.6404390335083008,-0.1873566508293151,1.0442854166030884,0.7848476767539978,0.3961774110794067,0.4613099992275238,0.4029954075813293,0.759478747844696,-0.6235030293464661,-0.438056081533432,0.2154419720172882,0.2960347533226013,0.0571728944778442,-0.0405136868357658,-0.2129049450159073,0.1255891472101211,0.0945852398872375,-0.0674786046147346,0.2398975640535354,0.2007848024368286,0.4945542514324188,-0.0101030971854925,-0.181055411696434,-0.0927843153476715,-0.6666327714920044,0.0802120566368103,-0.0718905627727508,0.1013098210096359,0.295345276594162,-0.3529881238937378,0.2771203815937042,-0.3841342031955719,-0.6349249482154846,0.3902927041053772,0.7234137058258057,-0.5658267736434937,-0.1969288885593414,0.1236242428421974,0.3028652667999267,-0.1958173066377639,-0.7629131,-0.32996225,0.5327834,0.620828,-1.0940092,-0.48938972,-1.4076773,0.98329026,1.3290141,0.79667425,0.13823919,-0.5391059,-1.0044667,2.3981192,-0.72300404,0.5078108,0.574032,-1.1635993,0.32578683,-0.06629498,0.46826252,0.47097477,0.40220627,-0.8858492,0.8863142,0.6500389,0.7191601,-0.3468771,-0.6509104,-0.80935,0.30234697,-0.12248746,-1.7647419,-0.35094336,0.43132204,-1.1029414,-1.5005394,1.1719519,-0.06716462,-0.42808887,-0.50367343,1.0021837,-0.028910551,-0.13446394,-0.7802361,-0.060829725,1.6158129,-0.5329829,1.0893444,-0.15027067,-0.87911826,-0.67146766,0.71196187,1.2762222,0.44812784,-0.6160308,1.7981309,0.8253034,-0.060529027,-0.26123062,0.52508605,0.57407457,-0.5685701,-0.6769307,0.18143035,0.33261013,-0.5562306,0.43484306,-0.0647847,0.3132034,-2.3723814,-1.6524737,-0.4742274,1.6238071,-1.9114062,0.4288221,-0.056346178,-1.0039474,0.101422675,-0.59498787,0.15434805,-0.22925138,-0.5543169,1.3091946,-0.73105586,-1.1517652,-0.45916322,-0.5880452,-1.087611,-0.6048875,-1.0285631,-1.4853998,-1.1724976,-1.2490234,1.7159555,0.12689307,-1.0557348,-1.6223961,-1.132813,0.25106576,0.15622136,1.5742198,0.5861172,-0.4150238,-0.8101448,-0.5301623,-0.86975044,-0.5500269,-0.6364426,0.5172893,0.02474843,0.34465963,0.30384207,1.4908831,0.57832444,0.7582156,-1.218364,-0.63875073,-0.46002164,0.69071907,1.3714136,0.8379212,-0.75151736,0.44008833,0.068259105,0.75597095,0.13729313,-1.2890949,0.2585818,0.30351764,0.68177825,0.26954672,2.3665764,0.59881294,-0.8042355,-0.54542035,0.23073809,0.27108926,1.0568401,-1.367317,-0.5633467,0.5643557,-0.432668,-0.45584935,0.24238302,-0.98250943,-0.10247035,0.9404106,1.7660859,-0.06205208,-0.49174532,0.40373254,-1.5035017,0.5938616,1.18394,-0.16082999,3.4987926e-05,0.4582703,-1.2156477,0.9318938,-0.7023096,1.4807818,-0.5454573,0.7915854,-0.30215997,0.74483234,-0.81269693,0.5026585,-1.1931721,-2.5058286,-0.69798744,-0.054215066,0.24149741,0.1217854,0.40382785,0.032226346,0.03305986,0.4836072,-1.3161119,-0.64976853,1.1337456,1.0194002,-0.20389935,1.3991268,-0.34026808,0.40299526,0.79642904,0.6567496,0.6416608,-0.17492998,1.4968092,-0.8756989,1.0882093,0.93851376,0.60911465,3.2684171,0.590487,-1.6927651,-1.268152,1.1356702,-2.2745256,-0.6354037,0.87154716,-1.462813,0.7837239,-1.2561392,-0.6942612,2.0316753,0.87962615,-0.06022963,-1.2369095,-1.4124218,1.1372421,0.96426004,-0.33762407,-0.29847774,-1.3191469,-0.14506105,-0.37909606,-0.38074094,1.320061,0.92464226,0.36073226,0.75251144,-1.1995099,0.7351316,0.09799069,0.040749643,-0.07380199,0.9641341,-0.62160724,0.5302614,0.5195235,0.27012953,-0.36042014,0.35586432,-0.55767477,0.45916677,-0.30516317,1.0488427,0.7492938,-0.5305169,0.2614719,0.32633904,0.31033343,0.72947836,0.8422858,-0.16676824,-1.9131453,-0.057020552,0.44372597,1.5751648,-0.12089416,0.34283668,-0.019662857,1.5839336,-0.58335125,-0.11670867,-0.40802464,-0.6605516,-0.1857884,0.43230104,0.52898425,-0.017999938,0.44297907,-0.57046735,-0.46626976,0.35536933,0.3200682,-0.404741,-1.1057447,-0.72876185,-0.79729474,0.1727695,0.8244836,0.8187229,-0.3501877,-1.2747136,-0.4009557,0.83740336,0.6435898,-1.46945,-0.034096174,-0.5652618,-0.6376253,0.08188597,0.61506706,-0.31359363,0.10434396,0.54434854,-1.193674,0.7569712,-0.2543458,0.50331944,1.4640977,0.027083712,1.0566833,-0.7405687,-0.15192041,-0.8378577,0.57683957,0.52021855,-1.9044393,1.2087696,-0.4977242,-0.7039736,1.4220384,-1.2606285,-0.7846309,-1.2089134,0.36445913,-0.35156655,-1.6467555,2.3886268,-2.4129121,1.4604359,-1.506053,-0.59485435,-0.739374,-0.4934911,-1.3806496,0.07379372,0.350773,-0.24588934,0.35978985,0.3983054,0.5348029,0.43202502,-0.12124223,1.2174906,0.0535458,0.18174632,-0.6869818,-1.2815657,-0.25804,0.50241226,-1.0749491,-1.3061273,-1.0804434,-0.7200758,0.33519778,-0.6147499,-0.61312187,0.95029193,-0.15777516,0.5974635,-0.85907507,-0.876566,-0.1030028,-0.850101,1.0007604,-0.43834165,1.4295647,-0.9204615,-0.44993836,0.27389327,-1.0181869,-0.008737794,-0.26914504,2.1273956,0.17515837,0.6768986,0.6122473,0.296891,-0.15220602,-0.694341,1.0404007,-0.112733945,2.1185257,0.249751,-0.44785175,1.4648534,0.28044575,0.49673572,-0.1938063,-0.12809603,1.3939807,-0.14062934,-0.5546485,-0.047692116,0.11691184,-0.28852874,0.16829078,0.6830092,0.23969166,0.19435985,0.59774935,0.74859995,-0.42005086,-1.1133864,-0.2739474,0.9106847,1.1191342,1.3846692,1.5275625,-0.40283468,-0.40093893,-1.6906731,0.14282924,1.0119237,0.43565395,0.34222716,-1.5423615,0.466499,0.631353,0.8595071,-1.5204254,-1.8174046,1.4157674,0.48154363,0.6342472,1.915139,-0.96107113,-1.6232196,-0.700513,-0.10561546,0.0067875385,-0.85351807,-1.1169565,0.2667174,0.21029504,0.75527996,1.2085727,0.5835458,-0.4076001,-0.8757461,0.16368148,-0.16016342,-0.71398354,0.32358345,-0.018986762,0.58001983,-1.6305691,-0.7116393,0.79896456,-2.07179,1.0595701,0.0048274803,-0.18801153,-0.15126453,-0.27636066,-1.1704667,0.09987182,0.20029207,-0.7985784,-0.19397287,1.1927501,-1.8593065,-1.1768581,0.7480973,0.97015756,-0.70147663,0.5529765,0.2080344,-0.097564094,0.9601351,-0.06764187,-0.5641101,0.11255003,-0.23521957,-0.017381966,-0.6452304,-1.299821,-0.54978645,0.58607453,-1.1908695,-1.5090314,0.7858869,0.36358443,-1.773508,-1.2255608,-0.017882314,-0.06056359,0.75541264,0.97958815,-0.19189547,-0.9831746,-0.68843144,-0.27534524,-0.0020811579,0.20108582,-0.35933545,0.2572293,0.47657105,-0.7422699,0.41854027,1.8483331,0.010320748,1.7753235,1.5622023,0.28235942,-0.10425272,0.9710309,-0.37150002,0.0073740482,0.9189464,-0.7319676,-0.67764777,1.0087198,-0.10105462,-0.7246675,-0.2686824,0.87778604,-0.5493888,-0.75885725,0.10756392,0.81373405,1.5051844,1.6643026,1.6504749,-0.13696261,0.0152716385,-0.8553828,0.9446154,-1.5582141,-0.45601267,-0.37046233,0.47449812,2.1560316,-0.5210272,0.27287537,0.6724707,-0.7655818,-1.3732237,0.012111766,0.317456,-0.13344082,-0.7179063,0.63419044,-1.3277159,0.2147846,-1.8986866,-0.6118594,0.6006012,0.99339753,-0.31585327,-0.23625731,0.4700347,0.2692499,-0.9330576,-0.3058266,0.9490698,1.7835747,-0.34657696,-0.57983243,0.3912621,-0.3177104,-1.2756097,0.041082036,-0.87837476,-0.96409404,0.0607181,-0.22419801,-0.49611756,-0.26113382,-0.97164905,1.2631041,0.20179264,-0.34817895,0.31027213,-0.83991784,1.093053,0.03801132,-0.7002819,1.543213,0.9150767,-1.1845094,0.8964576,-1.646122,1.3081453,-0.060859233,0.9980939,1.6217347,0.28626442,-0.7064514,1.5153633,-0.57045364,0.044183563,-0.29991513,0.2927781,-0.8108253,0.33109283,-2.0163667,1.3798934,-1.359195,-0.63304347,0.16733226,0.3665374,-0.5043386,0.109713696,-0.38685605,0.31772536,0.15980002,-0.90437186,0.837216,1.6016501,-0.035932373,-1.2369983,0.47493288,0.59955114,-0.25213856,-0.2764202,2.3755968,0.117960915,0.31259492,-1.1868056,-1.3687178,0.8504971,-0.32193848,-1.1114339,-0.55752677,-0.42668346,-0.09299246,-0.060302358,-0.32897124,1.311406,-0.6831328,0.7544443,0.5553368,-0.8795487,-0.18670726,0.06316896,-0.66796744,-0.8168988,-1.2306107,0.27945492,0.38955536,-0.8194199,0.640691,0.86783874,1.6513202,0.77363265,-0.0121907,-0.5843379,0.5983197,0.6386251,0.7651302,-0.900598,-1.2130501,0.6567429,0.9597007,-0.43338373,0.6033203,0.28479353,-0.5235693,-1.905305,0.9364795,-0.018016607,0.07075696,1.0644764,0.057530582,-0.21764895,0.7222293,0.017008841,-0.21094537,0.27024558,-0.4752805,-0.4289083,0.16673033,-0.83530664,0.039878104,-0.6764055,0.60356283,-0.50224096,0.36884436,-1.6594085,1.1132723,0.11218161,0.5364555,0.4979938,0.49409428,-1.3397862,-0.40266418,-0.26720425,1.6087275,1.1782032,-0.11349171,-0.2783682,-0.57894486,1.2043482,0.32878736,-0.15805757,0.024103966,0.05842043,-0.10048369,-0.13882668,-0.9819756,-0.3432422,0.4133606,0.055378016,-0.9405788,1.2549304,-1.9681041,0.76619,0.22233225,-1.3277112,0.24527788,0.348133,-0.35260656,2.3161964,1.1206652,-0.37862986,0.016356101,0.69246566,1.0743153,-0.58679706,-0.08999739,-0.76853997,0.827093,1.3392287,0.5107227,-1.0757258,0.13329968,0.4217777,-0.49421412,1.4184335,-0.10733463,-0.6061699,-1.1238937,0.07719941,-0.900948,-0.3371122,-0.42754886,0.3750438,-1.3430356,0.4950907,-0.791511,-1.4989225,0.6075534,-0.94263095,-0.048268456,-0.66001374,0.9290834,0.2624126,0.55219895,0.49049005,-0.3223948,-0.5667852,-1.2201003,-0.13116042,0.28599286,-0.63757503,0.53978765,0.5761288,1.1924223,1.94673,-0.032396384,-1.2890912,0.76115143,0.3032553,-0.016820196,-0.07451971,-1.0861286,-0.6090649,0.16780029,0.45897582,1.2253191,-1.7079315,-0.36790138,0.38473797,0.29785734,-0.18468817,0.4193273,0.097134955,0.5730459,1.9290649,1.2475655,0.21923324,,,,,,,,,,,,,,,,,,,,,,,,,,,,,,,,,,,,,,,,,,,,,,,,,,,,,,,,,,,,,,,,,,,,,,,,,,,,,,,,,,,,,,,,,,,,,,,,,,,,,,,,,,,,,,,,,,,,,,,,,,,,,,,,,,,,,,,,,,,,,,,,,,,,,,,,,,,,,,,,,,,,,,,,,,,,,,,,,,,,,,,,,,,,,,,,,,,,,,,,,,,,,,,,,,,,,,,,,,,,,,,,,,,,,,,,,,,,,,,,,,,,,,,,,,,,,,,,,,,,,,,,,,,,,,,,,,,,,,,,,,,,,,,,,,,,,,,,,,,,,,,,,,,,,,,,,,,,,,,,,,,,,,,,,,,,,,,,,,,,,,,,,,,,,,,,,,,,,,,,,,,,,,,,,,,,,,,,,,,,,,,,,,,,,,,,,,,,,,,,,,,,,,,,,,,,,,,,,,,,,,,,,,,,,,,,,,,,,,,,,,,,,,,,,,,,,,,,,,,,,,,,,,,,,,,,,,,,,,,,,,,,,,,,,,,,,,,,,,,,,,,,,,,,,,,,,,,,,,,,,,,,,,,,,,,,,,,,,,,,,,,,,,,,,,,,,,,,,,,,,,,,,,,,,,,,,,,,,,,,,,,,,,,,,,,,,,,,,,,,,,,,,,,,,,,,,,,,,,,,,,,,,,,,,,,,,,,,,,,,,,,,,,,,,,,,,,,,,,,,,,,,,,,,,,,,,,,,,,,,,,,,,,,,,,,,,,,,,,,,,,,,,,,,,,,,,,,,,,,,,,,,,,,,,,,,,,,,,,,,,,,,,,,,,,,,,,,,,,,,,,,,,,,,,
ン,0.0031761368736624,-0.0607978403568267,0.0868006199598312,-0.661807656288147,0.0111189065501093,0.3265124261379242,0.1916644126176834,-0.4045667350292206,-0.4292081892490387,-0.4083045125007629,0.5463610291481018,0.2070582807064056,-0.3826923966407776,0.0625517517328262,0.7951143980026245,-0.442884236574173,0.3125962615013122,0.3438512980937958,-0.0523972958326339,0.0517843142151832,0.0978624746203422,-0.5571790337562561,-0.2747199833393097,0.0472691729664802,-0.0459600277245044,-0.3686332702636719,0.2244462519884109,-0.082312487065792,0.0983265489339828,-0.2376643419265747,0.1591430008411407,-0.4425821006298065,-0.0801399499177932,-0.2665002346038818,-0.0309830289334058,0.0108848055824637,-0.0690804943442344,0.2679064273834228,0.2063704431056976,0.1932753026485443,0.1479707956314087,0.0076370746828615,0.1948626637458801,-0.1712042689323425,-0.0528566688299179,0.1627152562141418,-0.0894470736384391,0.1004108041524887,0.591101348400116,-0.2889629006385803,0.1374229490756988,0.5501917600631714,0.4750784933567047,0.1716260015964508,-0.0601437613368034,0.3185002207756042,0.8224498629570007,-0.557417631149292,-0.1149771809577941,0.1276140511035919,-0.5706307291984558,0.2014473527669906,-0.3595708608627319,0.2332155704498291,-0.2315685451030731,0.1064353063702583,0.0359065234661102,-0.1417602002620697,-0.3781137466430664,-0.3540096879005432,-0.0274864323437213,0.402396023273468,-0.6046552658081055,-0.3359215855598449,0.5048612952232361,-0.1393412053585052,0.3976526856422424,-0.1794541180133819,0.0227434691041708,0.1814790219068527,-0.1187740936875343,0.2268717288970947,-0.0903581604361534,-0.6762161254882812,0.0569993667304515,0.0246051810681819,-0.2300129532814026,-0.5120596289634705,0.1248785406351089,-0.4493535459041595,-0.1133277118206024,-0.2073936313390731,0.3074301481246948,0.0145306037738919,-0.1841437220573425,0.1837277859449386,-0.0620439946651458,-0.2285856008529663,-0.0833185613155365,-0.0128377340734004,-0.4649055302143097,0.2861506342887878,0.1150683984160423,0.1076434478163719,0.0551507472991943,0.1075687184929847,-0.1809568107128143,0.3812497854232788,-0.139119878411293,0.4462940990924835,0.2862721383571625,-0.2635545432567596,-0.2679628133773803,0.0520831122994422,-0.1249072924256324,0.0026477477513253,0.0267717316746711,0.2469020783901214,0.0302001107484102,0.3710814416408539,-0.1098586171865463,0.4699374139308929,0.0058718807995319,-0.0616717003285884,-0.2280991375446319,-0.1406721770763397,0.0704468786716461,-0.3091879487037658,-0.0072021726518869,-0.3812822103500366,0.1617260724306106,-0.0414503291249275,-0.5856931209564209,0.2547442615032196,-0.1138062626123428,0.4811491072177887,0.130574569106102,0.0783994868397712,-0.391741931438446,-0.5688015818595886,-0.0319120548665523,-0.2438270598649978,0.3643069565296173,0.0948860645294189,-0.1718646436929702,0.2716177403926849,0.3198012709617615,0.1311369985342025,0.7376388907432556,0.5044369697570801,-0.2001553475856781,0.7393048405647278,-0.4966245889663696,-0.0050921100191771,0.2593344748020172,-0.1624211370944976,-0.4992667436599731,0.4151813089847564,-0.1086982414126396,0.6080097556114197,0.1552628129720688,-0.3181414604187011,0.2967957556247711,0.8420257568359375,0.1295166760683059,0.7175630331039429,0.3213450014591217,0.4221847653388977,0.605125904083252,0.5966471433639526,-0.1656567007303238,0.5463995337486267,0.3133746683597564,-0.3287399113178253,0.2963298261165619,0.005749715026468,0.0374555811285972,0.5076952576637268,0.1681631803512573,-0.9266054034233092,-0.1957228630781173,0.1941849142313003,0.052257839590311,-0.4191427528858185,0.7755953073501587,0.0066946446895599,0.5302921533584595,0.2605101466178894,-0.0696816518902778,-0.184170588850975,-0.0372766554355621,-0.0098567195236682,0.2622301578521728,-0.4053263068199157,-0.5704964995384216,-0.1914510577917099,0.0944606438279151,0.0508277006447315,-0.4833554029464721,0.4180681705474853,0.3133998513221741,-0.036971129477024,-0.2730249464511871,-0.8953977227210999,-0.8142644166946411,-0.2519980072975158,-0.1531452983617782,0.2973617613315582,0.0147576453164219,0.0984799936413765,-0.2799798250198364,-0.3443861305713653,0.3409165143966675,0.0603276640176773,0.2964895069599151,-0.0570669658482074,-0.9990729689598083,0.0238197539001703,0.0489080734550952,-0.0346764251589775,0.1864619255065918,0.0158124044537544,0.2862429022789001,-0.5115312337875366,-0.2338037192821502,0.1353099048137664,0.1608468294143676,-0.2106554061174392,0.1547987461090088,0.5374172329902649,-0.066332496702671,-0.1900498867034912,-0.8293370604515076,0.2218030542135238,-0.0450445711612701,0.4054462313652038,-0.6599977016448975,0.6992177963256836,0.018104126676917,-0.002429557731375,0.5482659935951233,0.3278791010379791,0.1139019280672073,0.2349071204662323,-0.3641423285007477,0.3448559641838074,0.1526006162166595,-0.4325889348983764,-0.6531708836555481,-0.5379634499549866,-0.927617609500885,-0.3598898649215698,-0.0856102630496025,0.1103380993008613,0.4773735404014587,0.0974730402231216,0.2282249182462692,-0.4778967201709747,0.1223301813006401,-0.3653758764266968,-0.3753630220890045,-0.4723738431930542,-0.2525172531604767,0.0311940945684909,-0.1930955797433853,-0.2202931046485901,0.0085229333490133,-0.555094838142395,-0.7384956479072571,0.1608379185199737,0.0788786187767982,-0.3683903217315674,-0.4114533364772796,0.0641935840249061,-0.1213461458683013,-0.3295978009700775,-0.011258372105658,0.254391461610794,-0.3797242045402527,-0.0208807196468114,-0.6492891907691956,0.6138627529144287,-0.6307557225227356,-0.3399337232112884,-0.1044942960143089,0.0166841223835945,-0.1446605622768402,-0.4678792357444763,-0.1896993815898895,0.7635605931282043,0.2990688681602478,-0.138578861951828,-0.3641351163387298,-0.4979437291622162,-0.5783031582832336,0.4369446933269501,0.4176512956619262,0.1074473783373832,0.0878961756825447,0.402312695980072,0.5334050059318542,0.1978185474872589,0.2844682931900024,-0.1847484111785888,-0.2366843223571777,-0.2725338637828827,-0.1306344270706176,0.0627033412456512,0.4482207596302032,-0.305838406085968,-0.122567318379879,0.9938422441482544,-0.4593415260314941,-0.3654066920280456,0.7318883538246155,-0.0670155808329582,-1.3997195959091189,0.2089877426624298,0.4641358256340027,0.339649885892868,-0.481524795293808,0.7123547792434692,0.1878018230199813,0.5769309997558594,-0.2344101518392563,-0.4898486137390136,0.5672318339347839,-0.1247627809643745,-0.4136821627616882,0.4254004061222076,0.1543496400117874,-0.5032008290290833,-0.0087127489969134,-0.4590893089771271,-0.2126435190439224,0.4482419192790985,-0.1862764656543731,-0.0274078119546175,0.0112516330555081,-0.4013431370258331,-0.24400494992733,0.3090179860591888,-0.0148792658001184,-0.5374107956886292,-0.5534104108810425,-0.2894331514835357,0.3393507897853851,1.0581037998199463,0.144974336028099,0.6220086216926575,-0.4687284231185913,0.4528188407421112,0.3884975910186767,0.1073685884475708,0.5571797490119934,0.2764184772968292,-0.2424703538417816,-0.2158079594373703,0.5627112984657288,0.415305495262146,0.106074534356594,-0.0443860217928886,0.1336534172296524,0.0635653510689735,0.1826259046792984,-0.1055840924382209,0.6502776145935059,-0.141808420419693,0.3536523282527923,0.5146189332008362,0.2330994606018066,-0.0900570750236511,0.0781622529029846,-0.4576899111270904,0.1094290018081665,-0.8406364917755127,0.5045748353004456,-0.0283449869602918,-0.0218085329979658,-0.0520893447101116,-0.1031492948532104,-0.4371600151062011,-0.017949478700757,-0.1399894803762436,0.2675392627716064,-0.5081573128700256,-0.5338950753211975,0.1077740564942359,-0.0689213573932647,-0.283149242401123,0.171120136976242,0.3129028677940368,0.4287918210029602,-0.5326884388923645,-0.4094868898391723,0.7733538150787354,0.0162159632891416,-0.0072541129775345,0.5614296197891235,0.1175485625863075,-0.0760221034288406,-0.211329385638237,-0.4428883790969848,-0.2046450078487396,-0.7780249118804932,-0.3564236462116241,-0.4528417289257049,0.2160809636116027,0.2362763434648513,0.3225845992565155,-0.1116638481616973,-0.0470034219324588,0.0703728720545768,0.1373246610164642,-0.0632245987653732,-0.65218186378479,0.2310350388288498,-0.1592269390821457,0.5896809101104736,0.8067646026611328,0.1587326377630233,-0.2732491493225097,-0.1715768128633499,0.2116468995809555,0.2313543707132339,0.1230284571647644,-0.6485904455184937,0.0193797163665294,0.5927419066429138,-0.0951088666915893,-0.2243158966302871,0.1123715043067932,0.3114649355411529,0.461230456829071,-0.276660680770874,-0.382485032081604,-0.0353952907025814,0.3318245410919189,-0.0521954633295536,0.3872840106487274,0.0941041409969329,1.028633952140808,0.2518595159053802,-0.0752753987908363,0.2339671552181244,-0.3081791698932647,-0.0724743828177452,-0.2201147973537445,0.2931573987007141,0.1904922127723693,0.0927618965506553,0.5092480778694153,0.1100455299019813,-0.3637725114822387,-0.2760427296161651,-0.0828023701906204,0.3296189904212951,0.1685519069433212,0.0973466262221336,0.2866364419460296,-0.5149614810943604,-0.0037491263356059,-0.3459472954273224,-0.4577270150184631,-0.1330947428941726,0.1084762662649154,0.6005651950836182,0.1605362296104431,0.5439375638961792,-0.5331707000732422,-0.3257345259189605,-0.3711455166339874,-0.4540835320949554,-0.1340912729501724,-0.2620345950126648,0.2089841961860656,0.1866414099931717,0.1436269432306289,-0.4567202031612396,-0.3661319315433502,-0.0883623957633972,0.3650775253772735,0.0215740874409675,-1.0030871629714966,-0.4105854034423828,0.6311589479446411,-0.1848551332950592,-0.3698974549770355,0.1036599949002265,0.236632689833641,0.1726095229387283,-0.2160039544105529,-0.0213409829884767,-0.168961226940155,0.3041289746761322,-0.0161232110112905,0.4921342730522156,-0.09644266217947,-0.2044597864151001,-0.332964688539505,0.0566480383276939,-0.2578245103359222,-0.3340344727039337,-0.572498619556427,-0.3068805336952209,-0.0457549095153808,0.1794564574956894,0.1167832538485527,0.4510316550731659,-0.2446545511484146,0.4985246956348419,0.031571552157402,0.1467853039503097,-0.0906953960657119,0.2868809998035431,-0.2875887453556061,-0.1965115219354629,-0.1932107657194137,0.5326632857322693,0.2681797444820404,0.3176998496055603,-0.2003336399793625,-0.5330439209938049,-0.1281498223543167,-0.2392009794712066,-0.519485592842102,0.5827149152755737,0.0900339633226394,0.5456182360649109,-0.1836076378822326,0.2240788340568542,-0.1907528638839721,-0.0015128852101042,-0.3930225670337677,-0.1054306253790855,-0.1078258082270622,-0.8340499997138977,-0.186623215675354,-0.3212255537509918,-0.4420482516288757,0.5200933218002319,0.2669086158275604,-0.6013787388801575,-0.3170128464698791,0.1425212919712066,-0.034273512661457,-0.4507310092449188,-0.0893237888813018,-0.5125720500946045,0.1827784180641174,0.487899512052536,0.4282651841640472,0.4144729077816009,-0.2689167261123657,-0.6819618940353394,0.1487437039613723,0.7066802978515625,0.1276256442070007,0.2586115002632141,0.1338995993137359,-0.0630201920866966,0.0068775373511016,-0.3611669242382049,0.5995979905128479,0.3284713923931122,0.6112343668937683,-0.1593673080205917,0.5796571373939514,0.5704997777938843,-0.2039690464735031,0.27096688747406,0.9044501185417176,0.39722540974617,0.6367554068565369,-0.0577708259224891,0.036823458969593,-0.5470572113990784,0.2953176200389862,-0.2784082591533661,0.2505327463150024,0.2955975830554962,-0.3873145580291748,-0.0106711722910404,-0.4470608234405517,0.0582158118486404,0.3540639281272888,-0.2572919130325317,0.0640492439270019,-0.1530279666185379,-0.5277718901634216,0.3817476332187652,-0.158414676785469,-0.0710591152310371,0.1840384602546692,-0.0350280739367008,0.4537293612957001,0.528607189655304,0.2899109721183777,-0.0413019880652427,0.2188134342432022,-0.6566449999809265,0.0871488004922866,-0.4678245782852173,0.2556524276733398,0.8074514269828796,0.1066321358084678,-0.7058013081550598,0.1147244274616241,0.7123931646347046,-0.3560422956943512,0.0612720251083374,-1.0915507078170776,-0.1837315112352371,-0.1110924184322357,0.1160295903682708,0.1151471585035324,-0.1754621565341949,0.4969201385974884,-0.3079700171947479,-0.1208853498101234,-0.2617020308971405,0.7547056078910828,0.0675808936357498,-0.2036011964082718,-0.0834806710481643,0.0529114045202732,-0.0520556680858135,0.2553771734237671,0.0519331432878971,-0.4064322412014007,0.1175331100821495,-0.0400002636015415,-0.2948659062385559,-0.0202174540609121,0.4066607654094696,0.1878072172403335,0.0256806910037994,0.2268457561731338,-0.0400772243738174,-0.8691291809082031,-0.2082367241382599,0.3324902355670929,-0.942822277545929,-0.0735208243131637,-0.1429763734340667,-0.1136432737112045,0.3548907041549682,-0.1476150751113891,-0.3494469225406647,0.015733528882265,-0.295113205909729,-0.0524454191327095,-0.1219716221094131,-0.5856705904006958,-0.0685122907161712,0.2011014968156814,-0.0997806042432785,-1.0749133825302124,0.1433800905942917,0.1807161569595337,0.3349646627902984,0.0505462624132633,0.51595139503479,0.2372927665710449,0.0397394374012947,0.4213206768035888,-0.229931965470314,0.179247185587883,-10.382081985473633,-0.4448930025100708,-0.3652932643890381,-0.183305487036705,-0.3692849576473236,0.4921149015426636,0.6921905279159546,0.3035148084163666,-0.2524159848690033,0.4128586649894714,-0.3018664121627807,0.2482895404100418,0.1434746235609054,0.9373087286949158,-0.4286087155342102,-0.1827657520771026,0.3007826209068298,0.082112118601799,0.0640494301915168,0.3107931613922119,-0.2130162268877029,-0.4070342779159546,0.6020965576171875,0.0759041309356689,-0.0683071687817573,-0.3665779531002044,-0.2489219903945922,0.2341049611568451,-0.1814572066068649,0.1103604510426521,-0.6091642379760742,0.5347440242767334,0.1003084331750869,0.3639244735240936,-0.7448790669441223,-0.2301767915487289,-0.0891357064247131,0.2333881556987762,0.3847591280937195,0.5595882534980774,-0.0836476907134056,0.6774351000785828,0.2649302184581756,-0.4228098094463348,0.853337287902832,-0.2344857007265091,0.3338377773761749,0.5192164182662964,0.2750162482261657,0.1354071348905563,-0.1363216787576675,-0.6438022255897522,0.0042162416502833,-0.4347541332244873,-0.1330995559692382,-0.1422829777002334,0.3304428160190582,-0.6977059245109558,0.0330822952091693,-0.1127327904105186,0.4786390364170074,-0.273013710975647,0.6636946201324463,-0.0587224513292312,-0.3250734508037567,-0.1605715006589889,0.0656867250800132,0.6946278810501099,-0.5975626111030579,-0.2920809686183929,0.5590290427207947,-0.2730327248573303,0.2166372835636139,0.4055890440940857,-0.4609197080135345,0.2656212449073791,-0.1926836967468261,-0.177279993891716,1.1196138858795166,0.0746123492717742,0.4504166543483734,-0.0480197295546531,-0.4257279634475708,0.1747554093599319,-1.0736651420593262,0.4939015209674835,-0.1731966435909271,0.1242589876055717,0.3955589532852173,-0.4195772707462311,0.582466721534729,0.0015246457187458,-0.3316822946071625,0.1182079017162323,0.481196790933609,0.0666705295443534,0.4595232307910919,0.0795234888792038,0.923289954662323,0.1367945075035095,-1.0913167,-0.29513055,0.77677125,1.4828752,-1.1631681,-0.07067252,-1.3282061,0.67788905,1.0322955,-0.19442289,0.5577527,-0.042356133,-1.7139521,1.8432094,-1.0696207,0.39696574,1.2912328,-0.84553903,0.42241958,-0.2417164,0.7859861,-0.12772954,0.9460526,-1.171543,1.1135108,0.7950518,0.93792313,-0.47068325,-0.6130934,-0.22236829,0.20485334,-0.0970367,-0.95689535,-0.5662423,-0.06495684,-1.2428354,-1.0622298,1.1396133,0.60401267,-0.25730857,-0.77554744,1.0640625,-0.1647831,-0.45124722,-0.30885044,-0.3615558,1.6020292,-0.3815771,0.8238311,-0.19917266,-0.72593004,-0.1474105,0.41073272,1.0511116,0.39759472,-0.09100146,0.9866965,0.9056959,0.19733088,-0.47230542,0.40007207,0.99864674,-1.1142774,-0.1513365,0.9003027,0.76776546,0.036530614,-0.009989862,-0.11320416,-0.28945366,-2.0995119,-1.0695807,0.10263381,0.87515754,-1.2732958,0.5881463,0.5203772,-1.0838586,0.713113,0.46805242,0.23579955,0.12165699,-0.88271874,1.223268,-0.29299533,-0.55775326,-0.4531151,-0.3415948,-1.41373,-0.21357326,0.037002515,-1.7765455,-1.4293627,-1.68339,1.4099509,-0.09236741,-0.77544314,-0.43072978,-1.0452489,-0.17098755,-0.014016111,1.4225205,-0.0057657957,-0.3211869,-1.0137905,-0.31135213,-0.91398555,-0.49679205,-0.6332069,0.9327197,-0.14006957,0.69825524,0.47258472,1.589384,1.042298,1.3627849,-0.9242196,-1.1121867,-0.3263468,-0.011366268,1.9023018,0.06404654,-0.9908576,0.5899579,0.42162597,1.0591699,0.0954706,-0.95155674,0.6543384,-0.19730856,0.4592049,-0.15059245,2.1819017,0.9724104,-1.0873479,-0.31596854,-0.38676175,0.39165127,0.7490143,-0.7875118,-0.5761405,-0.2031468,-0.32238534,-0.26397425,0.39735496,-1.5888907,0.34487775,0.9337358,1.5747719,-0.100239635,-0.29698697,0.20102613,-1.4154134,0.67754674,0.9899884,-0.027079633,-0.07432083,0.5051726,-1.4016625,1.0556427,-0.07019297,1.1450981,-0.7560847,0.4032592,-0.3259445,0.92296654,-0.47427472,0.53860646,-0.8342436,-2.288278,-0.5853111,0.07876688,0.7960312,-0.28191411,0.71367145,-0.34290442,0.739736,-0.11736501,-0.7621507,0.0972543,0.575416,0.68072486,-0.030979196,1.3023763,-0.13324834,0.45813742,0.7486229,0.8384177,0.5211111,0.050714433,0.7677676,-0.25685176,1.0843244,1.0657545,1.3542308,2.8438168,0.42363954,-1.212944,-1.4757671,0.97164917,-1.8104504,-0.511972,0.8925252,-0.7490874,0.9577148,-0.8509868,-0.9148082,2.1522582,0.4161562,-0.44352555,-1.2986618,-1.4650373,0.6613425,0.4449114,-0.5598488,-0.34332696,-0.87388486,0.7094143,-0.3802729,-0.053989846,0.65347433,0.5294033,0.73893434,1.8021754,-1.1588,0.59919935,0.24273753,0.32691947,0.115994014,0.8912049,-1.1206511,0.55598575,0.5328125,-0.064002596,-0.31362748,0.7710107,-0.70280385,0.53719187,0.06264617,0.71405524,0.3810544,-0.89551467,0.3901641,-0.20794718,0.5370737,0.54742855,1.9695057,0.08121306,-1.2879684,-0.18630727,0.34689164,0.86942726,0.0017296871,-0.01366054,0.8000143,1.1081916,-0.39860007,0.27079007,-0.11210794,-0.37246752,-0.33959815,0.4992676,0.23433375,1.0757389,0.52051514,-0.7782788,-0.7377453,-0.17742275,-0.24284367,-1.222414,-0.820205,-0.4841969,-1.1665908,0.5610916,-0.07432734,0.30853236,-1.026093,-0.8089845,-0.91238314,0.25409028,0.4570047,-1.5606003,-0.72730905,-0.16109467,-0.48250547,0.97985727,-0.5596747,-0.010034184,0.5177166,0.38417235,-1.0730537,1.2868667,0.0023069282,0.81317043,1.2262106,0.5331072,0.9242787,-0.4728147,0.6879943,-1.2073026,0.7266824,0.7820091,-1.3947405,0.7413185,-0.058290135,-0.79157096,0.7425491,-1.5025531,-0.17197601,-0.70859456,0.45435396,-0.006994466,-1.4776922,2.083276,-1.7079111,1.2795826,-1.6474906,-0.2029233,-0.6416787,-0.7795909,-1.703117,0.9705095,0.53538454,0.022507368,0.3787551,0.068717435,0.106508605,0.37781382,0.2561865,0.6277893,-0.2277085,0.9007624,-1.023617,-1.4016787,-0.09290203,0.60630846,-1.1807842,-1.5197798,-1.5127829,-0.47223005,0.53704846,-0.6135939,0.19368117,0.78693485,-0.3548049,0.7848827,-1.1333357,-0.31059763,0.105193704,-0.3073705,1.3672303,-0.20112069,1.4028721,-0.94357485,-0.30964562,0.5111814,-1.8596144,-0.13497894,-0.49382636,1.7505842,0.5839793,0.20605464,0.79989195,0.7558887,-0.17348498,-0.37316933,0.8813006,-0.2985095,1.4818627,0.430208,-0.68810374,1.834252,0.04569417,0.32428285,-0.16928466,-0.30112472,1.6331979,-0.1620366,-0.7978894,-0.33155054,-0.3541741,-0.013760924,0.14464444,0.3355062,0.05149609,-0.16386575,0.46380806,0.7254397,-0.65904444,-0.92599314,-0.52971405,0.44180056,0.6475838,1.6189604,1.5097452,-0.25704637,-0.73459417,-2.0459359,0.3678141,0.857094,0.32426596,0.27081752,-1.6177136,0.1014841,0.39312315,-0.071972065,-1.0079951,-1.8401494,1.2732376,0.77270967,0.37475464,1.4294208,-0.6566241,-1.2325692,-0.67134285,0.39679942,-0.103340566,-0.8839195,-0.59487665,0.2818459,-0.9015217,1.4031829,0.52387995,0.49094057,-0.36436805,-0.2764543,0.6883221,0.39959237,-0.7206993,-0.43510255,-0.003822257,0.6867252,-1.6474849,-0.50446564,0.18009706,-2.0980294,0.4926238,-0.42041972,-0.45577726,-0.12982477,-0.8129089,-0.9688337,-0.2767583,-0.3029184,-0.54825145,-0.55909234,0.35317755,-1.4376612,-1.9880456,0.91032547,1.8100592,-1.0698781,0.6170365,0.55424815,0.47589365,0.44196334,-0.2534778,-0.09066773,0.106420375,-0.4711007,-0.3657303,-0.57833344,-1.2520808,-0.5907964,0.5546358,-1.0677999,-1.23566,1.0942972,0.6593061,-1.8952026,-0.47331873,0.07243619,-0.56155777,0.72182447,0.7872796,-0.42597452,0.013913418,-0.75135607,-0.41386923,0.24050991,0.75096536,-0.04078261,-0.41557583,1.0616368,-0.06531995,-0.0980627,1.1638136,0.23067033,0.9737196,1.4081202,0.3879787,-0.85663396,0.68515795,0.112160325,-0.39347604,0.6623215,-1.5451204,-0.54929787,1.6873888,-0.5959386,-0.22697665,0.26020113,0.110502265,-0.5185258,0.25426942,0.53516465,1.0672431,1.6461434,0.92845637,1.4582015,-0.32944345,-0.30856633,-0.37883627,0.64505666,-0.9142597,-1.3791603,-0.05376086,1.1471001,2.1629958,-0.7561123,0.17050606,0.50024134,-0.6036035,-0.94940233,0.4818128,0.3327715,-0.35021067,-0.49135637,0.45999584,-1.4851637,0.4775944,-1.967557,-0.23743832,0.5721171,1.0826428,-0.76363605,0.19262381,0.6221538,0.5687241,-1.0052054,0.27344516,1.141311,1.7702383,0.048108876,-0.8728215,0.54861057,-0.75998807,-1.6148692,0.28199652,-0.9673006,-1.167858,0.04719909,-0.26198578,-0.3533758,-0.4595748,-0.32363424,1.9583964,-0.13525145,-0.51373607,0.6642837,-1.0582312,1.7428265,-0.5370837,-0.24997275,1.0656413,0.84126,-1.3342172,0.268147,-1.3735806,0.4608362,-0.9885059,0.48495197,0.46919587,0.5968787,-1.1447595,1.4966906,-0.6911292,0.12309138,0.014263053,1.0023857,-0.5115105,0.2851144,-2.241484,0.9537323,-1.3451115,-0.8138473,-0.03759837,0.39004397,-0.41809845,-0.22041579,-0.112279676,0.03884795,-0.109609894,-0.816775,1.0644497,1.59609,-0.73671484,-0.9902873,0.78773075,0.34433985,-0.12677236,0.025315484,2.3926256,-0.07305768,0.8389545,-0.9570784,-0.40673336,0.44777945,-0.08717438,-0.8895025,0.050979096,-0.47793135,-0.1698314,0.42700514,0.26511022,1.117328,-0.8778925,0.102694035,0.7802864,-0.826024,-0.02854614,0.31856927,-0.31270993,-1.2882295,-0.98022014,0.63674515,0.6635005,-0.19390863,0.4588391,0.5971442,1.9585828,0.9566469,-0.67864734,-0.96419054,0.58788383,0.82897973,0.8040579,-0.7123063,-1.1372064,0.7451244,1.0352732,-0.7930675,0.6802409,-0.607135,-0.26146492,-1.9195341,0.75320166,0.33146653,-0.19376922,1.0364331,0.45124614,0.058256645,0.6852763,-0.19590251,0.14219661,-0.12428927,0.04975161,-0.429675,0.14123933,-0.81378156,-0.3127012,-0.28830504,0.14750116,-0.44504118,0.58062106,-1.3045789,0.3339354,0.25821337,0.679928,0.3686867,-0.7841905,-0.8193247,-0.41008028,-0.94909286,1.6428479,1.0560832,-0.46961197,-1.4105525,-0.31471416,0.7251094,0.30426663,-0.38562298,0.29512137,0.44997025,-0.77252513,-0.61326927,-1.4658917,-0.068621814,0.617781,0.6540492,-1.2045557,1.0705217,-1.6355367,0.83988076,-0.43628988,-1.2513365,-0.087812044,0.33793804,-0.71880484,2.1551907,1.18005,0.13540292,-0.21747415,0.4550053,0.7214506,-0.28342822,-0.23511986,-1.327423,0.95764905,1.0961343,0.30282873,-1.0684472,-0.2973091,0.37485543,-0.23746818,1.4847177,-0.92451996,-0.48147473,-0.9587011,-0.30370727,-0.76745206,-0.718066,-0.934089,0.112148225,-0.8414528,0.23348854,-0.7557435,-0.61481905,0.38198838,-1.3039726,-0.14706355,0.04507341,1.5956497,0.6432432,0.99341726,0.44809374,-0.61933887,-0.46124804,-1.1046456,-0.81343037,0.50853205,-1.1484457,0.1745976,0.115794666,0.84276885,1.8465872,-0.15491153,-0.6899328,0.5212615,-0.078837045,0.3756928,0.13033485,-1.083742,-0.48082614,0.2735535,0.34788397,0.19153364,-1.1878629,-0.2745632,-0.0731918,0.7927127,-0.110737614,0.35597906,-0.018728822,0.41010213,1.6625342,0.56410164,-0.516529,,,,,,,,,,,,,,,,,,,,,,,,,,,,,,,,,,,,,,,,,,,,,,,,,,,,,,,,,,,,,,,,,,,,,,,,,,,,,,,,,,,,,,,,,,,,,,,,,,,,,,,,,,,,,,,,,,,,,,,,,,,,,,,,,,,,,,,,,,,,,,,,,,,,,,,,,,,,,,,,,,,,,,,,,,,,,,,,,,,,,,,,,,,,,,,,,,,,,,,,,,,,,,,,,,,,,,,,,,,,,,,,,,,,,,,,,,,,,,,,,,,,,,,,,,,,,,,,,,,,,,,,,,,,,,,,,,,,,,,,,,,,,,,,,,,,,,,,,,,,,,,,,,,,,,,,,,,,,,,,,,,,,,,,,,,,,,,,,,,,,,,,,,,,,,,,,,,,,,,,,,,,,,,,,,,,,,,,,,,,,,,,,,,,,,,,,,,,,,,,,,,,,,,,,,,,,,,,,,,,,,,,,,,,,,,,,,,,,,,,,,,,,,,,,,,,,,,,,,,,,,,,,,,,,,,,,,,,,,,,,,,,,,,,,,,,,,,,,,,,,,,,,,,,,,,,,,,,,,,,,,,,,,,,,,,,,,,,,,,,,,,,,,,,,,,,,,,,,,,,,,,,,,,,,,,,,,,,,,,,,,,,,,,,,,,,,,,,,,,,,,,,,,,,,,,,,,,,,,,,,,,,,,,,,,,,,,,,,,,,,,,,,,,,,,,,,,,,,,,,,,,,,,,,,,,,,,,,,,,,,,,,,,,,,,,,,,,,,,,,,,,,,,,,,,,,,,,,,,,,,,,,,,,,,,,,,,,,,,,,,,,,,,,,,,,,,,,,,,,,,,,,,,,,,
ガ,0.4871029257774353,0.3112438321113586,0.6418967247009277,-0.2556582987308502,-0.2658005058765411,0.4899188876152038,0.4236130118370056,-0.1525091677904129,-0.7580079436302185,0.052619319409132,0.8789860010147095,0.0158182885497808,-0.6489512920379639,0.0048701292835175,0.1287331283092498,-0.0917625278234481,0.1066539287567138,-0.2342146933078766,-0.0232696756720542,-0.0129869543015956,-0.5899919271469116,-0.212751880288124,-0.2258172929286956,0.6775805354118347,0.0299185868352651,-0.1018071621656417,-0.2578838169574737,0.5048170685768127,0.1958919912576675,0.0571742504835128,0.1502678394317627,-0.0304121486842632,-0.1197897568345069,-0.1161973476409912,-0.4109673202037811,0.2948071956634521,-0.0572437159717083,0.05080571398139,0.3518440723419189,0.1749065667390823,-0.0335266627371311,-0.2326549142599105,-0.539196789264679,-0.1533224135637283,-0.1208617314696312,0.2532053589820862,-0.3155933320522308,0.1978977024555206,0.0416663512587547,0.3158732950687408,-0.4199742972850799,0.2476316392421722,0.5251737236976624,0.2763620615005493,0.0860089436173439,-0.1845084130764007,0.8094395995140076,-0.750835657119751,-0.0073943524621427,0.6532958149909973,-1.1295076608657837,0.2262719869613647,-0.2964073419570923,-0.045218925923109,-0.0816813260316848,-0.1675745993852615,-0.0904666557908058,-0.1344543546438217,0.622959554195404,-0.6758260130882263,0.1665610820055008,-0.3049917817115783,-0.4265114963054657,-0.4626910984516144,0.1613782197237014,-0.4636359214782715,0.0219851434230804,0.547964334487915,0.9302532076835632,0.3348749876022339,-0.5613253116607666,0.3776678740978241,-0.0695181712508201,-0.7276908755302429,-0.4357565343379974,-0.0048336805775761,-0.9616498947143556,-0.6335716843605042,0.6302002668380737,-0.2444955855607986,-0.3732101023197174,-0.7225612998008728,0.2581343352794647,0.1187081038951873,0.7053924202919006,-0.0253477916121482,-0.2438835054636001,0.027056761085987,-0.0336368195712566,0.2745828628540039,-0.7686008810997009,0.3541084825992584,0.7190836071968079,-0.0718512162566185,-0.2065120786428451,-0.0018187621608376,-0.1872269362211227,0.397638738155365,0.4309074580669403,0.5468270778656006,0.2219927012920379,-0.8018908500671387,-0.9759647250175476,-0.4734072685241699,0.2083161324262619,-0.0377684906125068,-0.1185806989669799,0.2885502278804779,-0.1798402369022369,0.6878290772438049,0.1897077858448028,0.6301215887069702,-0.2091690599918365,-0.722944438457489,-0.3673590719699859,0.4424038529396057,0.3752502202987671,-0.1676991283893585,-0.4459718763828277,-0.4431300461292267,-0.7770759463310242,-0.0673386603593826,-0.3171449303627014,-0.4294436872005462,-0.5217902660369873,0.8094475269317627,-0.2512924969196319,0.1075090393424034,-0.4025917053222656,-0.4018430411815643,-0.466763973236084,0.2779311835765838,0.0454577282071113,-0.654930830001831,-0.044775117188692,0.0182618666440248,-0.1461863368749618,-0.3534509539604187,0.3655516505241394,0.4585763216018677,0.038303080946207,1.1507761478424072,-0.7051618695259094,0.5010988116264343,0.1114377006888389,-0.1240318939089775,-0.637571394443512,-0.1164587289094924,0.103160485625267,0.0029246993362903,0.27631476521492,0.0490697436034679,0.3067949712276459,1.1473218202590942,0.2200698107481002,0.1146855354309082,-0.054234005510807,0.0093141850084066,0.2357895672321319,0.7931244969367981,0.9288544058799744,0.2657651007175445,0.7831446528434753,-0.5178368091583252,0.1429086625576019,0.3797582685947418,0.5708256363868713,0.0189598482102155,-0.2144011408090591,-0.2801067531108856,-0.052637368440628,-0.3254095315933227,0.2340656816959381,-0.5054588317871094,0.6047118902206421,0.2007045149803161,0.4485276341438293,-0.1534082591533661,-0.1056542620062828,-0.0211676489561796,0.0489759519696235,-0.536264181137085,0.2355049401521682,-0.5773724913597107,-0.3042028844356537,-0.2597787976264953,0.4161090850830078,0.4371704757213592,-0.1982328742742538,0.2009575814008712,0.11663219332695,-0.2995975613594055,-0.015353363007307,-0.852346658706665,-0.2523526549339294,-0.2512937188148498,0.0604821182787418,0.4706586599349975,0.1505519896745681,0.0846910700201988,-0.1784964650869369,-0.3232850730419159,-0.0210635960102081,-0.1855963766574859,0.6927430033683777,-0.6860296130180359,-0.752128541469574,-0.6004267334938049,-0.1781690865755081,0.176661878824234,0.5300585627555847,-0.294614315032959,0.0418475419282913,-0.3430668413639068,0.3032206296920776,0.3980767428874969,0.5035474300384521,-0.1453271657228469,-0.6162866353988647,0.1141750663518905,-0.4648641645908355,-0.6513643860816956,-0.5748369693756104,0.1390192955732345,-0.6865306496620178,-0.7188555002212524,-0.0162003524601459,0.2561909258365631,-0.1578685045242309,-0.0249113645404577,0.558117687702179,-0.4452366828918457,0.5371310710906982,-0.4229345023632049,-0.5338836908340454,0.3808674216270447,-0.4377933442592621,-0.0793895795941352,0.1639578640460968,-0.1228517219424247,-0.7344483137130737,-0.1510647386312484,0.0286140590906143,-0.0342519618570804,0.9116819500923156,0.6522166728973389,0.904354214668274,-0.3602615892887115,0.2949974238872528,-0.7336243987083435,-0.237593725323677,-0.5255631804466248,-0.2727871239185333,-0.0693399533629417,0.1877327859401703,-0.1907364726066589,-0.4590455889701843,-1.075838327407837,-1.0332036018371582,-0.4220397174358368,0.0344428680837154,-0.0979672968387603,-0.153228685259819,-0.2957656383514404,0.1623664200305938,0.5445863604545593,-0.5729798674583435,0.6523600816726685,-0.3408239483833313,0.9851572513580322,-0.481229156255722,0.4011480510234833,-0.7459119558334351,-0.2729512453079223,-0.0208285823464393,0.5046341419219971,-0.7048631310462952,-0.5099693536758423,-0.4516530632972717,0.5084946155548096,0.7076864242553711,-0.7811751365661621,0.0191884879022836,0.0766404271125793,-0.6479899883270264,0.3435512781143188,0.2791961431503296,-0.1827924847602844,0.1731383949518203,-0.0243612807244062,0.4026594758033752,-0.416874498128891,0.4068607985973358,-0.0795387327671051,0.0487347170710563,-0.3546027541160583,0.0398236811161041,0.3165858387947082,0.3399744033813476,-0.307458758354187,0.6749665141105652,0.4790500402450561,-0.4889535009860992,-0.0736426562070846,0.6046435236930847,0.4842948019504547,-1.687179446220398,0.1725722998380661,0.48698890209198,0.076337456703186,-0.4583398401737213,0.384485512971878,0.5825582146644592,0.5674645900726318,0.1395272761583328,-0.892349123954773,1.3817840814590454,0.1117706894874572,-0.5031810998916626,0.1963310539722442,0.2763651907444,-0.1240781471133232,0.0228829495608806,-0.6274163126945496,0.0666640177369117,0.5147969126701355,-0.1712956130504608,-0.0622882097959518,0.101601094007492,-0.3973147273063659,-0.0347880385816097,0.6591439843177795,-0.7945539951324463,-0.3309025764465332,-0.6230839490890503,-0.147895947098732,0.3651831746101379,1.676709771156311,0.1523522585630417,0.5257534980773926,-0.7202920317649841,-0.23840993642807,-0.4747266769409179,-0.0877086222171783,0.0577413626015186,-0.495049238204956,0.0359099134802818,-0.4449571967124939,0.2496489584445953,0.2661591172218323,0.1785660535097122,-0.12789286673069,0.2914387881755829,0.2759785652160644,-0.0963191762566566,-0.0027752553578466,0.6358041167259216,-0.079516053199768,0.3349685668945312,0.1781617254018783,0.7129798531532288,0.8594394326210022,0.129124030470848,-0.1741911768913269,0.2292324006557464,-0.9371184706687928,0.4224268198013305,0.5195561647415161,-0.388682097196579,0.4205546677112579,0.080777458846569,-0.0475782640278339,-0.0432050041854381,-0.5159657597541809,0.4319249391555786,-0.5302548408508301,-0.6946197748184204,-0.2556244134902954,0.3964457213878631,-0.0218339581042528,0.7941288948059082,0.6027892231941223,0.5558668375015259,-0.5528475046157837,-0.4494167864322662,0.4720392525196075,-0.0278069116175174,0.6454340219497681,-0.3102744221687317,0.4741364419460296,-0.1930988579988479,-0.0816230103373527,-0.3306300044059753,-1.1016929149627686,-1.1328061819076538,-0.3527359664440155,-0.8437162041664124,0.0883318409323692,0.0166179332882165,0.5260935425758362,-0.3568281829357147,0.3089243471622467,0.4339423179626465,0.0885413289070129,-0.1924438327550888,-0.8673501014709473,0.0152217717841267,0.0992809236049652,0.1531584709882736,0.1446982324123382,0.3812558352947235,0.4379046559333801,-0.2328591793775558,-0.5454654097557068,0.3187895715236664,0.2324008196592331,-0.2125420719385147,-0.7398461103439331,0.2901666462421417,-0.1754992604255676,-0.2768450379371643,-0.0700312927365303,0.2613284289836883,1.2252193689346311,-0.0009075250709429,-0.6644392013549805,-0.0606603696942329,0.2543105483055115,-0.1092960909008979,1.0831310749053955,0.547250509262085,0.4560775756835937,-0.2520927488803863,0.0764947459101677,-0.258932501077652,-0.1018154695630073,0.045557901263237,-0.1341677755117416,0.6166885495185852,0.1234696507453918,0.3937031030654907,1.0730894804000854,-0.0708035752177238,0.4182968139648437,0.1894800961017608,0.5416486859321594,-0.5783624053001404,0.4311995208263397,-0.6220143437385559,-0.3889636695384979,-0.4045604765415191,0.273272305727005,-0.6448376774787903,-0.4883438646793365,0.0748318880796432,-0.0559296607971191,0.3655585944652557,0.0947508066892623,0.3347433507442474,-0.4867055118083954,-0.7516680955886841,-0.6947751045227051,-0.8651110529899597,-0.1331499963998794,-0.7601132988929749,-0.0770404860377311,1.1819701194763184,0.1875740587711334,-0.6374523043632507,-0.2221080660820007,-0.2064822614192962,0.4502861499786377,0.0212032590061426,-0.0214349161833524,-0.4263295829296112,0.4196648895740509,-0.5261693000793457,-0.061623927205801,0.219854399561882,0.0290658865123987,-0.4521681368350982,-0.7936022877693176,-0.7372019290924072,0.0023609229829162,0.2143869698047638,-0.5866208672523499,0.4461150467395782,0.2373750954866409,-0.4823496043682098,0.2236660420894622,0.1765279769897461,-0.4172260761260986,-0.1361928582191467,-0.5139825344085693,-0.1692083179950714,-0.2422839701175689,0.0809249952435493,0.0438421554863452,0.5074209570884705,-0.4115377962589264,-0.2900601923465729,0.9956235885620116,0.0885742232203483,0.0695859119296073,0.5985785722732544,0.030906518921256,-0.5308222770690918,-0.0320099927484989,0.552023708820343,0.5252487063407898,0.5485820770263672,0.18540720641613,-0.7003619074821472,-0.5911814570426941,-0.0854389667510986,-0.7716334462165833,0.6794939637184143,0.1723127216100692,0.822359025478363,-0.8295876383781433,0.2449977248907089,-0.0635278820991516,0.4558557868003845,-0.147618755698204,0.5592444539070129,0.3894344270229339,-1.012048602104187,-0.7715059518814087,-0.3534023463726043,-0.4530357122421264,0.5879379510879517,0.5101774334907532,-0.6036399006843567,0.1739322692155838,0.7949813604354858,0.3542305529117584,-0.6280215978622437,-0.0455308780074119,-0.4542135298252105,0.0779537260532379,0.8994118571281433,0.025979246944189,0.364872545003891,0.6617834568023682,-0.8723545670509338,0.4205503463745117,0.0646677836775779,0.7142137885093689,0.1112603694200515,-0.01350640039891,-0.3336399495601654,0.1852497458457946,-0.9368104338645936,-0.4135599732398987,0.2353415787220001,0.0102262273430824,-0.4041323959827423,0.5863099098205566,0.687199056148529,-0.4467338919639587,-0.171096384525299,1.1963224411010742,0.6934413909912109,1.1727560758590698,0.0693421214818954,0.2632206082344055,-0.6312238574028015,0.5046777725219727,0.0999296307563781,0.1138162463903427,-0.4361141920089721,-0.0496457181870937,-0.0317858234047889,-0.5102942585945129,0.284287542104721,0.3047030568122864,-0.004713037982583,0.1997137814760208,-0.2329429686069488,-0.0444165877997875,1.1387462615966797,0.1279442459344864,0.0908200591802597,-0.1361284703016281,-0.083695076406002,0.7815958857536316,0.387852668762207,0.1136531084775924,0.2873326241970062,0.0116083063185215,-0.5783442258834839,0.1750727593898773,-0.3806222975254059,0.4018998146057129,0.5458876490592957,-0.6939646601676941,-0.8114388585090637,0.598314642906189,0.5786677598953247,0.2320148348808288,-0.0150028467178344,-0.6393182277679443,-0.1019391268491745,-0.0547196604311466,0.20533187687397,-0.0808889269828796,0.2012906223535537,0.2769282460212707,-0.1144013479351997,-0.4044199287891388,0.2067251056432724,0.3964733779430389,-0.0710416734218597,-0.6280693411827087,-0.1215648129582405,-0.1576318144798278,0.3057627081871032,0.1288700848817825,0.3105970919132232,0.0048235789872705,-0.2383773326873779,0.4694837927818298,-0.185609757900238,-0.3795554339885711,-0.2565902173519134,0.8335814476013184,0.2388144731521606,-0.005740042310208,0.2247727811336517,-0.4345863163471222,-0.0482878759503364,0.1456689685583114,-0.7986185550689697,-0.0886615663766861,0.3918721079826355,-0.3647620379924774,-0.286167711019516,0.3897396922111511,-0.6758683323860168,0.2997846305370331,0.1210987418889999,0.5831829905509949,-0.6072447896003723,-0.4771528244018554,0.4599668383598327,-0.0151549009606242,-0.2357513904571533,-1.4835104942321775,0.5753331184387207,0.1726105362176895,0.3982391953468323,0.0732976347208023,0.3291622996330261,0.2275152057409286,-0.297334611415863,0.3334373235702514,-0.3543940782546997,0.2686825692653656,-9.623371124267578,-0.3366906344890594,-0.2500040829181671,-0.3443638682365417,-0.3097512722015381,-0.1928163766860962,1.178856372833252,0.7910993099212646,-0.3517414033412933,0.1092985719442367,-0.5064831972122192,-0.5399105548858643,0.4728935062885284,-0.1594906747341156,0.0034422050230205,0.3760254681110382,-0.8666298389434814,-0.5093941688537598,-0.5065591931343079,0.2625578045845032,-0.1960121095180511,-0.0777080804109573,0.8864417672157288,0.0880405902862548,0.027871211990714,0.2879453897476196,0.4378581345081329,0.146378219127655,-0.0659997090697288,0.7545938491821289,-0.5527205467224121,0.4259957373142242,-0.0724203586578369,0.5263580679893494,-0.3624927699565887,0.1432782262563705,0.1114511638879776,-0.0039803097024559,-0.9822444915771484,0.7614712119102478,0.478391170501709,0.6143478155136108,0.1772196888923645,0.3317575454711914,-0.1949498057365417,-0.4198912978172302,-0.0906330421566963,0.2136856019496917,0.2229172438383102,-0.0746719539165496,0.0072870454750955,-0.5786659717559814,0.4518012106418609,-0.3779958188533783,0.45679771900177,-0.2503117322921753,0.6148054003715515,-0.480902761220932,0.6734774708747864,-0.0168807562440633,-0.0396499373018741,0.4694781899452209,0.6351075172424316,0.2969510555267334,-0.8252557516098022,0.5729717016220093,-0.2366446405649185,-0.1976436823606491,-0.6048322916030884,-0.4438560903072357,0.9195287227630616,-0.0117217293009161,0.3220738172531128,0.0544641278684139,0.4767098724842071,0.3851261436939239,-0.0530833415687084,0.2269264161586761,0.4393853843212127,0.1783817261457443,0.8094233870506287,-0.4462828040122986,-0.0675133988261222,0.1706312596797943,-0.7234871983528137,0.0018726208945736,0.520968496799469,-0.2995092868804931,0.1369046121835708,-0.6005504131317139,1.1353840827941897,0.5056543350219727,-0.8691042065620422,-0.042039431631565,0.3116087317466736,-0.0870124399662017,-0.0416175536811351,0.2896248400211334,0.3131852149963379,-0.1629267632961273,-1.0490919,-0.52253085,0.3154002,1.5378745,-0.7933849,-0.5456831,-1.6066569,0.465437,1.3748826,-0.65077496,0.44282046,0.09910528,-1.5129404,2.4283216,-0.6535323,0.03133933,1.0130773,-0.8847266,0.4865382,-0.09806281,0.48194265,0.30150485,0.6393695,-0.18844645,0.90588564,0.9686238,0.46898732,-0.74470556,-0.683813,-0.3332923,0.37242338,-0.47013155,-0.74158126,-0.632741,0.22035186,-1.2778903,-1.4226104,0.9371567,0.4024913,-0.027091535,-0.8243583,0.81969625,-0.06537,-0.1875633,-0.6155171,-0.35454804,1.7040678,-0.40977424,0.4166924,-0.35792464,-0.64120525,-0.03475183,0.4029061,1.348749,0.10616211,-0.24411608,0.16815555,0.57233095,0.10087521,-0.39144284,0.48427433,1.3081987,-0.73941,-0.055016577,0.68972546,1.0347677,0.5216875,-0.26518995,-0.06646023,-0.54052985,-2.2793775,-0.7555761,-0.05344945,1.1558139,-1.2502507,0.8999236,0.3469479,-0.99306905,0.40899262,0.4257359,0.22944771,0.16361172,-0.6639096,1.0862818,-0.4619074,-0.51856625,-0.5048656,-0.21279253,-1.4832503,-0.28071904,-0.19620368,-1.3761055,-1.5632883,-1.3397892,1.2174101,-0.14980538,-0.8743609,-0.80666476,-0.9988318,-0.0358061,-0.032241404,1.3268464,0.046621356,-0.024761604,-0.81916744,-0.45257416,-0.8892914,-0.5253765,-0.58689266,0.76768017,-0.21034357,0.38041726,0.781055,1.5219612,1.1286018,0.7207636,-1.0134792,-1.031904,-0.4358754,0.20467688,1.2953852,0.12685129,-1.0676013,0.65352786,0.24490534,1.2305902,0.49395847,-0.7850242,0.8340123,-0.28765824,0.7993807,-0.48685482,1.7017652,0.6328985,-1.1134527,-0.32417843,-0.9814333,0.38447094,0.64161044,-0.9178222,-0.77720726,-0.26982346,-0.3053627,-0.4807765,0.14812759,-1.3968755,0.255012,0.87466043,1.3041999,-0.19988127,-0.30971003,0.16088513,-0.96849877,0.61816394,1.2294075,-0.09327756,0.004407044,-0.18197043,-1.5391101,1.2100908,0.24406068,1.1255257,-0.41971582,0.4597022,0.0035418186,1.1187778,-0.6488854,0.7166516,-1.3780129,-2.180403,-0.6625246,0.25891158,0.38435918,0.051137526,0.56488496,0.15842982,0.45892888,0.110999696,-0.692649,0.057150725,0.5172331,1.2694408,0.049030952,1.5280048,0.14426143,0.33901435,0.8899469,0.7251735,0.30510187,0.055000376,0.8148647,-0.44596472,0.97596353,0.9010816,1.1570079,2.8289113,0.6523387,-1.6733036,-1.1783684,0.63999,-2.011066,-0.42396405,0.6940482,-0.82563347,1.3330764,-0.8027082,-1.1921946,2.1589217,0.8119564,-0.06610297,-1.3781499,-1.2339696,0.6723634,0.65975386,-0.506796,-0.44703874,-0.69957656,0.35492948,-0.6344127,-0.30685952,0.69020224,0.73121154,0.5131957,2.1895413,-0.97116363,0.75511634,0.28830904,0.8055374,0.27539048,0.5462273,-1.047469,0.37243158,0.82723004,-0.3494963,-0.7093285,0.22134797,-0.88057655,0.5145773,-0.4677594,0.16716276,0.22574975,-0.8868537,0.72117406,-0.05201224,0.25606075,0.7360611,1.6801094,0.21289077,-1.4382179,0.035572607,0.086594805,0.529261,0.12078905,-0.017438397,0.5873602,0.83513725,-0.76285034,0.4343756,-0.15988275,0.049897976,-0.02111469,0.15345621,-0.085966155,0.5731411,0.4748681,-0.38301653,-0.2535701,-0.0047830557,0.15707575,-1.1027381,-0.5492674,-0.8896018,-1.0517199,0.17168853,-0.10388114,0.29289788,-1.1102514,-0.8342659,-1.05256,-0.0063542044,0.5858142,-1.4256581,-0.59571075,0.0117920805,-0.5982799,0.95061123,-0.3423654,-0.37127513,0.63569015,0.7517205,-1.7215453,1.1721803,0.124936044,0.74894154,1.6665624,0.1242107,1.3738834,-0.18805675,0.34212422,-1.2831104,0.22152458,0.49884972,-1.4865466,0.77780885,-0.046784367,-0.6712442,0.6265402,-1.2589695,-0.2832987,-0.40268937,0.780207,-0.23778664,-1.3469738,1.8632396,-2.021598,1.1631072,-1.4875386,-0.50383294,-0.36716294,-0.788423,-1.2293066,0.97740394,0.7883354,0.17324731,0.29845676,0.38579422,-0.004814965,0.20476341,0.2597088,0.7288113,-0.15745687,0.96909064,-1.1806507,-1.4722126,0.014042865,0.54792744,-1.268219,-1.1947304,-1.5000954,-0.71586174,0.57074887,-0.6501698,0.09468291,1.1157309,-0.039778464,0.89962155,-1.2702662,-0.18544233,0.03266607,-0.7188911,1.329056,0.0037753072,1.7790575,-0.985866,-0.030728022,0.37602022,-1.624676,-0.28324944,-0.5410195,1.5284889,0.48883876,0.09298618,0.80915976,0.3440697,-0.52161556,-0.3665902,0.9487308,-0.19484805,1.8415133,0.64697427,-0.5481791,1.8953837,0.23049556,0.2957912,-0.23967764,-0.047880832,1.4613341,0.100425705,-0.48284695,-0.18785945,-0.32315162,-0.18817262,-0.0689228,0.3278985,0.26986212,-0.29044613,0.51256186,0.46529403,-0.7676911,-0.9641445,-0.7671562,0.83599156,0.73831326,1.9678165,1.3390313,-0.08713547,-0.8823892,-1.8735254,0.1487674,0.7486585,0.10156047,0.9242259,-1.2171923,0.35800955,0.2847799,0.25283432,-0.92756075,-1.9211311,1.3284765,0.7563768,0.3249494,1.5704254,-0.61299884,-1.7809098,-0.30973816,0.38921887,0.20077343,-0.7553315,-0.88700235,0.51271415,-0.9016028,0.96547383,0.67613614,0.54600686,-0.20022072,0.13059247,0.8203754,0.29565606,-0.95859164,-0.3545585,-0.1657505,0.60369056,-1.515211,-0.8508721,0.30277738,-1.8507918,0.70521677,-0.5870452,-0.2387981,0.18296497,-0.834569,-1.0208699,-0.526385,-0.27600983,-0.94998044,-0.77716744,0.51078767,-1.3489071,-1.4914494,1.1226827,1.4079206,-0.8475843,0.29662713,0.56946725,0.31972188,0.65110177,-0.06318975,-0.2026777,0.45655176,-0.46589634,-0.507214,-0.2582888,-1.1242678,-0.35322446,0.33379427,-1.2588793,-1.4425622,1.2864317,1.2093409,-1.8039668,-0.2117671,0.102923565,-1.1573633,0.9853916,0.7478202,-0.17080256,-0.3228853,-0.7742986,-0.35923067,0.3742778,0.7288402,0.112536475,-0.596976,0.78348213,0.005375858,0.024133554,1.5638851,0.2520775,1.0451773,1.0352665,0.34339926,-0.92899877,0.6082959,0.07554833,-0.1924092,1.1304615,-1.720124,-0.7862031,1.5668238,-0.813259,-0.7194136,0.17873518,0.5664785,-0.8383231,0.21486862,0.3340392,1.3329315,1.7287892,0.7815272,1.534669,-0.4567859,-0.2963988,-0.6991405,1.0194681,-1.1837445,-0.8952645,0.5165509,0.74452955,2.1847346,-0.43802452,0.29004732,0.40878037,-0.6488796,-0.9948393,0.3508431,0.36347935,-0.7709337,-0.7143827,0.17482911,-1.2069572,0.27690393,-1.6721051,-0.39476085,0.32552338,1.0189872,-0.5734542,-0.23715197,0.49682638,0.29844266,-0.8104107,0.2502786,0.82793397,1.4226913,-0.21168496,-1.1780173,0.31705436,-0.46703434,-1.6155164,0.31077957,-0.9302101,-0.5823689,0.1973653,-0.64322776,-0.20649193,-0.6488036,-0.1397394,1.8236204,0.2474417,-0.4529541,0.2681843,-1.1268007,1.6001499,-0.32437178,-0.11924093,1.0019319,0.6049548,-1.1839491,0.47298813,-1.0469753,0.22645967,-0.7078193,0.38282725,0.76066,0.69164896,-0.84676266,1.4127624,-0.66791284,-0.12804261,0.035084963,0.34512773,-0.52089167,0.30167437,-2.415723,1.2186619,-1.1697721,-0.861608,-0.1602683,0.36389592,-0.49230382,-0.33962506,-0.39190194,0.17830396,0.38694027,-1.1245688,1.04365,1.5237435,-0.79954857,-0.8225599,0.7021718,0.44449872,-0.06467774,0.23156472,2.6098218,0.29249042,0.9731019,-0.9778365,-0.75957984,0.36089224,-0.43485323,-0.9515114,-0.107059754,-0.08943106,-0.18705119,0.6202844,-0.075058155,1.2709053,-1.0028551,0.08507578,0.8526716,-0.59894127,-0.31872877,0.006377735,-0.61843294,-1.569518,-1.3634471,0.5915764,0.6827612,-0.13222836,-0.0050356067,0.5924147,1.9083078,0.5530702,-0.35355058,-0.8544134,0.98736155,0.84030753,0.898986,-0.60273904,-1.2418365,0.7902866,1.2663538,-0.77395403,0.49356875,-0.52737486,-0.3302103,-1.6142741,0.9079192,0.59037954,-0.056257807,1.4244747,0.38303062,0.14448468,0.60741,-0.30654386,0.12654541,-0.48394173,-0.29211834,-0.015410746,0.20553134,-0.7027272,0.0058969175,-0.7792369,0.29823446,-0.034900308,0.53390735,-1.270984,0.62752897,-0.06422224,0.75184786,0.2595937,-0.19077384,-1.1945053,-0.6842578,-1.2780464,1.6298056,1.1107001,0.18279405,-1.5082926,-0.36190197,1.0788925,0.52221936,-0.3612769,0.07354607,0.054473996,-1.0467697,-0.6320219,-1.276172,-0.3340313,0.675428,0.65695554,-1.0486276,1.1592319,-1.6806723,0.7766933,-0.41380256,-0.8237601,-0.21192002,0.33187085,-0.8982815,1.9242055,1.0754498,0.31329864,0.1867232,0.4761246,1.0503808,-0.17486675,-0.545125,-1.6694332,0.81227094,0.95249075,0.352597,-1.2089194,-0.24982765,0.5995384,-0.22596191,1.3894938,-0.7839955,-0.48064733,-0.7271661,-0.3504801,-0.60642034,-0.3303437,-0.9127169,-0.31900778,-1.0024048,0.38683623,-0.5615651,-0.60422987,0.5366057,-1.0135134,0.18619582,0.051844534,1.0416958,1.091591,0.70914364,0.4438758,-0.50650424,-0.22687162,-0.8574533,-0.6702773,0.8633183,-1.1404868,-0.20069289,0.1898532,0.639643,2.0433664,0.037648685,-0.79608524,0.29319283,0.052564673,0.3547788,0.6553895,-0.6596337,-0.57252425,0.6564878,0.4109588,0.23443258,-1.325681,-0.28753018,0.008104188,0.44375038,0.30015826,0.30812714,-0.17213464,0.35941195,1.6808112,0.6559892,-0.4291215,,,,,,,,,,,,,,,,,,,,,,,,,,,,,,,,,,,,,,,,,,,,,,,,,,,,,,,,,,,,,,,,,,,,,,,,,,,,,,,,,,,,,,,,,,,,,,,,,,,,,,,,,,,,,,,,,,,,,,,,,,,,,,,,,,,,,,,,,,,,,,,,,,,,,,,,,,,,,,,,,,,,,,,,,,,,,,,,,,,,,,,,,,,,,,,,,,,,,,,,,,,,,,,,,,,,,,,,,,,,,,,,,,,,,,,,,,,,,,,,,,,,,,,,,,,,,,,,,,,,,,,,,,,,,,,,,,,,,,,,,,,,,,,,,,,,,,,,,,,,,,,,,,,,,,,,,,,,,,,,,,,,,,,,,,,,,,,,,,,,,,,,,,,,,,,,,,,,,,,,,,,,,,,,,,,,,,,,,,,,,,,,,,,,,,,,,,,,,,,,,,,,,,,,,,,,,,,,,,,,,,,,,,,,,,,,,,,,,,,,,,,,,,,,,,,,,,,,,,,,,,,,,,,,,,,,,,,,,,,,,,,,,,,,,,,,,,,,,,,,,,,,,,,,,,,,,,,,,,,,,,,,,,,,,,,,,,,,,,,,,,,,,,,,,,,,,,,,,,,,,,,,,,,,,,,,,,,,,,,,,,,,,,,,,,,,,,,,,,,,,,,,,,,,,,,,,,,,,,,,,,,,,,,,,,,,,,,,,,,,,,,,,,,,,,,,,,,,,,,,,,,,,,,,,,,,,,,,,,,,,,,,,,,,,,,,,,,,,,,,,,,,,,,,,,,,,,,,,,,,,,,,,,,,,,,,,,,,,,,,,,,,,,,,,,,,,,,,,,,,,,,,,,,,,
ジュ,0.228910431265831,0.690866231918335,0.4108462035655975,-0.7343981862068176,0.3344362080097198,0.042133655399084,0.2057005912065506,-0.0864466577768325,-0.6103029847145081,-0.6953402161598206,0.4213611781597137,-0.6728901267051697,-0.0896325558423996,-0.0863403230905532,0.5737711191177368,-0.3178015351295471,0.2055816501379013,-0.0097486255690455,0.1990101337432861,-0.0610999278724193,-0.3050161600112915,-0.3611944615840912,0.2000122517347335,0.0007106131524778,0.3109740018844604,-0.2137016952037811,0.0448093004524707,0.4916011989116668,-0.5267088413238525,-0.4539091885089874,0.0267103519290685,-0.8799008727073669,0.1279272437095642,-0.3891873955726623,-0.1300444453954696,-0.2346036881208419,-0.1084579303860664,-0.3342206478118896,-0.6553786396980286,0.1596803963184356,-0.3781715035438537,0.2477061599493026,-0.1821468621492386,0.1434370279312133,-0.0459712222218513,0.3397893607616424,-0.1493466198444366,0.5122488737106323,0.2154691517353058,0.283029556274414,-0.0360371060669422,0.2430266141891479,0.4628711938858032,0.5521414875984192,-0.1372272372245788,0.1061832532286644,0.1692850738763809,-0.4138669669628143,-0.3426058292388916,-0.1688203513622284,-0.4099599123001098,-0.2666960954666137,-0.3534086942672729,0.5274261832237244,-0.1232644468545913,-0.1128294989466667,0.0682086646556854,-0.0333407260477542,-0.5504401922225952,-0.1261458694934845,0.4337158799171448,-0.2203129529953003,-0.2249068915843963,-0.040762785822153,1.2263764142990112,0.544065535068512,0.2406773865222931,0.1564820706844329,0.4198444187641144,0.1333969384431839,-0.2348762899637222,-0.1037420406937599,-0.1696006208658218,-0.2326461225748062,0.1577581167221069,0.3805088102817535,-0.8446588516235352,-1.010707974433899,0.0296400599181652,-0.0815448686480522,0.1884391754865646,0.4411427676677704,0.2372420728206634,0.0110195958986878,0.0083061410114169,-0.7481738328933716,0.4895649552345276,-0.0499731972813606,-0.0378229841589927,0.4301399290561676,0.2737307250499725,-0.2992833256721496,0.0040291603654623,0.3265280723571777,0.2116483449935913,-0.1340404897928238,-0.1436925083398819,0.028287524357438,0.3177439570426941,0.1240677013993263,-0.0801309868693351,-0.5297499299049377,-0.003565608523786,-0.3407724797725677,-0.2329324334859848,0.2007545977830886,0.3856203258037567,0.5012291073799133,0.4458506107330322,0.5574844479560852,0.103227362036705,0.5219669342041016,-0.359877347946167,-0.166299894452095,-0.1840430647134781,0.0391934439539909,0.3275502026081085,-0.5188211798667908,0.2206548303365707,-0.1583565175533294,-0.6989242434501648,0.1391267925500869,-0.2278980016708374,-0.006264513824135,0.0466415658593177,0.6417867541313171,-0.5462542772293091,0.395706295967102,-0.7867943644523621,-0.705500602722168,0.1489662081003189,0.8144470453262329,0.3738605976104736,-0.3155710399150848,0.0448670014739036,-0.4077087342739105,0.274791419506073,-0.2405288070440292,0.8290995955467224,0.1991624683141708,0.0966969728469848,0.6938613653182983,-0.4065597951412201,-0.0966104492545127,-0.2009922713041305,-0.0720821321010589,-0.4614064991474151,0.0653528720140457,0.1221398040652275,0.5082157254219055,0.18620465695858,-0.1548297554254531,0.7660773992538452,0.8512074947357178,0.429777055978775,0.3782649338245392,0.2441856414079666,-0.3835828602313995,0.3575246632099151,1.1705706119537354,0.14788319170475,0.2212367504835128,0.3323398530483246,-0.5586192011833191,0.6170464754104614,0.8263814449310303,0.6170492172241211,-0.0581496320664882,-0.0246115326881408,-0.2399894595146179,-0.3461651504039764,0.1942840218544006,-0.0334356911480426,-0.4216754734516144,0.2449875175952911,-0.4286119639873504,0.383525550365448,0.1351269036531448,0.4257452189922333,-0.0471138954162597,-0.5996330976486206,-0.08987607806921,0.1711759269237518,-0.7419763207435608,-0.4116313755512237,0.3950783610343933,-0.2117599248886108,-0.021194189786911,0.2811715006828308,0.2198344320058822,0.0319141708314418,-0.0743386596441268,-0.0849415957927703,-1.3538129329681396,-1.3588223457336426,0.0962225869297981,0.2606759667396545,0.4990705251693725,-0.3561562299728393,0.5563968420028687,-0.7452103495597839,0.0032045622356235,-0.0521375313401222,0.3673182725906372,0.2789210379123688,-0.0930695757269859,-0.1972902715206146,-0.1019667983055114,-0.1035802885890007,-0.1782270520925521,0.4678605198860168,-0.4973179399967193,0.5176511406898499,0.2770163714885711,-0.105789802968502,-0.4584635198116302,0.5794048309326172,-0.3357694745063782,0.1651815474033355,0.7621485590934753,-0.6063293814659119,-0.5433552861213684,-1.0692169666290283,0.3525063097476959,-0.6455877423286438,0.5231484770774841,-0.2235536277294159,0.581965446472168,-0.0966708585619926,0.4257703125476837,-0.3222652673721313,-0.140821561217308,0.1128458008170127,0.1585134267807006,-0.4366354048252105,0.5080850720405579,0.5930748581886292,-0.4855819046497345,-0.9071577191352844,0.0730542689561843,-0.0385536551475524,-0.6454703211784363,0.6453532576560974,0.1281992793083191,0.7200011014938354,0.1413030177354812,0.5045042037963867,-0.3595912158489227,-0.0551116205751895,-0.6123557090759277,-0.6349437236785889,-0.6647193431854248,0.1065433025360107,0.0041596516966819,-0.2184005677700042,-0.4308827221393585,-0.3717782497406006,-1.397289752960205,-0.833626925945282,-0.1574723124504089,0.2806458175182342,-0.280044287443161,-0.5576706528663635,-0.4539890587329864,-1.3249998092651367,0.0012661778600886,0.0638795420527458,0.2824043333530426,-0.5290891528129578,0.8175365328788757,-0.4453859031200409,0.6034528017044067,-0.9726802110671996,0.5431697368621826,-0.232683852314949,-0.103099949657917,-0.250532865524292,-0.8248329162597656,0.3501308560371399,0.4844526052474975,-0.1069002225995063,-0.9061048030853271,-0.1923601478338241,-0.2694183588027954,-0.1799709200859069,-0.5605446100234985,0.2597657740116119,-0.5520331263542175,-0.0183071326464414,0.861822247505188,0.4722870886325836,-0.1564352363348007,0.6952444911003113,-0.5636512637138367,-0.5329748392105103,-0.2299501150846481,-0.4180494546890259,0.0882711932063102,0.9252794981002808,-0.1644307076930999,-0.0221719220280647,1.2708122730255127,-0.7096418738365173,-0.3847790956497192,0.4306689500808716,0.4141383469104767,-1.342869997024536,0.0123042641207575,0.6035004258155823,-0.1582793742418289,0.0190095622092485,0.6458749175071716,0.1070352345705032,0.1001837849617004,-0.3635625839233398,-0.510945737361908,1.2034722566604614,0.4014782309532165,-0.5152978897094727,-0.0706355571746826,0.588721513748169,0.0663666650652885,-0.0655732154846191,-0.5371559262275696,-0.0368045717477798,0.6677743792533875,0.0534828267991542,0.1633201390504837,-0.0109931733459234,-0.1820192039012909,-0.2583865821361542,0.1838104128837585,-0.3946672081947326,0.5818995833396912,-0.8899402618408203,-0.2177089154720306,0.8377963900566101,1.5777097940444946,0.2799021303653717,0.7514257431030273,-0.118804395198822,0.1136304810643196,0.2626892626285553,0.3255771398544311,0.5987045764923096,0.2730983197689056,0.0627717822790145,-0.2728626132011413,0.7302817702293396,0.3610387742519378,-0.4393409788608551,0.2035268694162368,0.8782486915588379,0.6532103419303894,-0.2327423989772796,0.0630189180374145,0.463772565126419,0.1300869137048721,0.512984037399292,0.6771745085716248,0.590194821357727,0.0297076497226953,-0.2612727880477905,0.0977180227637291,0.4183694124221802,-0.4133648872375488,-0.4000032246112823,-0.0006857418338768,0.5574392676353455,-0.8032594323158264,-0.2167762666940689,0.3529379665851593,-0.0616114735603332,-0.3042365610599518,-0.8891275525093079,-0.8280056118965149,-1.097294807434082,0.0561961084604263,0.0003275788913015,-0.3899610340595245,-0.007430160883814,0.6915638446807861,0.1156672090291976,-0.5125858187675476,-0.1020844280719757,0.3440730273723602,0.0049594310112297,0.1522711366415023,0.0459505692124366,0.3389029800891876,-0.450544148683548,0.1200793236494064,-0.4352658987045288,-0.73557049036026,-0.6896858215332031,-0.2618712186813354,-0.3270609974861145,0.4586031436920166,-0.1585969924926757,0.3795259892940521,0.0585394129157066,0.5422005653381348,0.7889208793640137,-0.0897886753082275,-0.5351503491401672,-0.8888676166534424,-0.3812668025493622,0.2802452445030212,0.2773322165012359,-0.3265917003154754,0.1917489618062973,0.2025825977325439,0.0922436788678169,0.1275250017642974,0.3094110488891601,-0.1674567312002182,-0.1859932839870453,-0.2896522879600525,0.632816731929779,0.2764970958232879,0.2479645311832428,0.2107216417789459,-0.2082026600837707,0.5230749845504761,0.1211728081107139,-0.699028491973877,-0.4947448074817657,0.6545862555503845,-0.2073591351509094,0.5288752317428589,0.0367122292518615,1.390793800354004,-0.4603313505649566,0.4116976857185364,0.2225116640329361,0.0336804091930389,0.4887390434741974,-0.3171225488185882,-0.9062516689300536,-0.1713600158691406,0.0910863727331161,0.4057067930698395,-0.1913078278303146,-0.1554828137159347,-0.0247429404407739,0.567440390586853,-0.3188688158988952,0.0039806640706956,0.3582882583141327,0.1718844622373581,-0.8913642764091492,-0.423382431268692,-0.3476515710353851,-0.1687947809696197,-0.8585977554321289,0.1499986499547958,0.2967782318592071,-0.1965254545211792,0.0585209652781486,-0.6676886677742004,-0.4727737307548523,-0.3159000277519226,-0.4285055696964264,0.3091233074665069,0.1169149875640869,1.2095741033554075,0.1896093338727951,-0.4175920188426971,-0.0903236716985702,0.1264248937368393,-0.1465769112110138,-0.00537596270442,0.4338029026985168,-0.1066628843545913,-0.0589497499167919,0.1878169178962707,0.1761449575424194,0.5052555203437805,0.183344230055809,0.3089981079101562,-0.3673326373100281,0.1157563775777816,-0.1132702380418777,0.4083413183689117,0.2961657047271728,-0.4115714132785797,0.5963854193687439,-0.023887924849987,-0.3338413834571838,-0.4297562837600708,-0.764289915561676,-0.0763783752918243,0.4540209174156189,-0.6590477824211121,0.0270479563623666,-0.4967905282974243,0.0757178515195846,0.0290372725576162,1.1405298709869385,-0.8937441110610962,0.3665049374103546,0.1531974226236343,0.1923591345548629,-0.1041512936353683,0.1077659726142883,-0.5726434588432312,-0.3478180170059204,0.1913167983293533,0.6946266293525696,-0.1675412058830261,0.1762998700141906,0.1748490184545517,-0.7899402379989624,-0.2608323395252228,-0.6205682158470154,-1.218579888343811,0.4306906461715698,0.4788227081298828,0.7142618298530579,-0.2525169849395752,0.4387068748474121,-0.3936202228069305,0.33692666888237,0.3767958879470825,-0.0881031230092048,-0.0840350612998008,-0.8412336111068726,-0.2826196551322937,-0.5134237408638,-0.7309799790382385,-0.0409642122685909,1.1758482456207275,-0.6574045419692993,0.0432728268206119,-0.203215941786766,0.1529697477817535,-0.706861674785614,-0.6034600734710693,-0.0110141849145293,0.2313684374094009,0.4124390184879303,0.2600441575050354,0.7265693545341492,-0.0555236898362636,-0.2538198828697204,-0.6394938826560974,0.3283385038375854,0.6289875507354736,0.2918471395969391,-0.0658504515886306,0.0600721016526222,0.0723450258374214,-1.0089460611343384,0.2760242521762848,-0.2950787544250488,0.0411174818873405,0.1557383388280868,0.7150352597236633,0.764258623123169,-0.7475168108940125,-0.1761809885501861,0.8904850482940674,0.6225679516792297,0.4316768944263458,-0.2115077078342437,-0.3453941941261291,-0.6245279312133789,0.805631160736084,-0.1376589238643646,-0.1792944967746734,-0.4303911924362182,-0.0573394633829593,-0.1680178642272949,-0.0777184143662452,-0.5961272716522217,0.4936436414718628,0.218509554862976,0.3405283093452453,0.3315092623233795,-0.7270371913909912,0.1623608320951461,-0.0382511876523494,-0.3289279639720917,-0.8692096471786499,0.2403982132673263,0.2951289117336273,0.7458351850509644,0.7193408608436584,0.5511543154716492,-0.2423378825187683,-1.1791435480117798,-0.359309434890747,0.1425556689500808,0.0723103657364845,0.5055833458900452,-0.7838909029960632,-0.2333760857582092,0.2148704975843429,-0.6901962161064148,0.4415713846683502,0.0988029912114143,-0.9156314730644226,-0.0688508972525596,0.1100517213344574,-0.0853871032595634,-0.241202101111412,0.0277170874178409,0.127430260181427,-0.4829114079475403,0.1030662283301353,-0.2535048723220825,0.8685706853866577,0.2068042457103729,-0.0513015463948249,0.4624484479427337,-0.0366549044847488,-0.4135241508483886,-0.1019542217254638,-0.211107537150383,-0.6391926407814026,0.026296516880393,-0.1141495257616043,-0.0881492644548416,0.0023762716446071,-0.3507528007030487,0.4735597968101501,0.0334749110043048,0.5158333778381348,-0.4410777688026428,-0.840333878993988,-0.0471586249768734,0.3224512040615082,-0.3154100477695465,-0.0778864622116088,-0.0527919009327888,-0.4172938466072082,0.0424417853355407,0.1885193437337875,-0.2832313776016235,0.244455337524414,-0.011076221242547,0.4652265608310699,-0.6870548129081726,-0.294486403465271,0.2024918347597122,0.4277161657810211,-0.3568207919597626,-0.929097056388855,0.2881726026535034,0.5912810564041138,-0.1125893890857696,-0.0805350542068481,0.3353520333766937,0.0485147163271904,0.4913357198238373,0.310046523809433,-0.2362321764230728,0.78206467628479,-9.633971214294434,-0.4291082918643951,-0.622032105922699,-0.1106453686952591,-0.1309971809387207,-0.2836490571498871,0.7808292508125305,-0.4282541275024414,-0.3550347685813904,-0.2715818285942077,0.6578344106674194,0.5189192891120911,0.4442780017852783,0.5239726901054382,-0.6088813543319702,0.0686124116182327,-0.2072453498840332,0.2608295381069183,-0.4738257527351379,-0.5556185841560364,0.313815027475357,-0.620045006275177,0.4651289284229278,0.2686606049537658,-0.433148592710495,-0.5728712677955627,-0.4576044380664825,0.1346184164285659,-0.4864015877246856,0.5025060176849365,-0.5241411924362183,0.8789189457893372,-0.4108501076698303,0.2133660912513733,-0.4286626279354095,-0.1405409872531891,0.0532704181969165,0.2971842288970947,-0.2789247035980224,0.2187022864818573,0.3905003666877746,0.5737811923027039,0.4081760942935943,0.0640358626842498,0.6094369292259216,0.1590030640363693,0.7656266093254089,0.5931599736213684,-0.0103593515232205,-0.0988274589180946,0.0823414772748947,0.0326518453657627,0.0335768945515155,-0.005672700703144,0.1531953513622284,0.0013211227487772,0.6172919869422913,-0.1241498216986656,-0.0079345731064677,0.3018156886100769,0.3612869083881378,-0.2708107829093933,0.6424412727355957,0.8863001465797424,-0.2971158325672149,0.3804157078266144,0.3166958093643188,0.5826172828674316,-0.4495159089565277,-0.57723468542099,0.1390902549028396,-0.2409447729587555,-0.044008906930685,-0.4454102516174316,-0.6437625288963318,0.5307749509811401,0.3929304480552673,0.0726400092244148,0.9356923699378968,0.415362685918808,0.8689674139022827,0.1216783300042152,-0.1702966094017028,0.2881889343261719,-1.0639375448226929,0.4601030945777893,-0.3987075984477997,0.1851171553134918,0.6951726675033569,-0.6450418829917908,0.413251131772995,0.4040653109550476,-0.0969820767641067,0.5107684135437012,0.3549604415893554,-0.6924507021903992,0.3989652097225189,0.4316265881061554,0.3975213766098022,0.0337979942560195,-0.61806816,-0.67263275,1.0277649,0.99878544,-1.2966448,-0.6346245,-1.6045294,0.22948432,0.81348,0.2399976,0.3998916,-0.4135551,-1.3389562,2.3116975,-0.34317634,0.34470326,1.1672461,-1.0351499,0.33182988,-0.24804609,0.69677,0.571972,1.1253016,-1.280841,0.9809818,0.7709502,0.50280064,-0.4115133,-0.4587966,-0.93421847,0.40998855,-0.7626125,-1.5522755,-0.2175095,0.38659725,-1.2034949,-1.5307609,1.2319498,0.23676693,-0.57513005,-0.7766942,0.7016417,-0.0369147,0.07062175,-0.6026562,0.032400172,1.708059,-0.54201204,0.753826,-0.22452378,-0.8078351,-0.54389477,0.6047269,1.1316682,0.23652707,-0.37517378,1.0621233,0.95737475,-0.11513745,-0.6650423,0.39982674,0.86927086,-0.76946354,-0.10939156,0.22028317,0.71899754,-0.3654368,0.4938361,0.059171908,0.0031474659,-2.209759,-1.1505969,0.10383807,1.6688203,-1.4906156,0.14918889,-0.0034967759,-0.9691054,0.18159723,0.021920037,0.3372593,-0.11457944,-0.49344915,1.0570606,-0.46320185,-1.1160616,-0.6441832,-0.41101792,-1.3448582,-0.2877798,-0.5095741,-2.3260117,-1.2560617,-1.5175412,1.4841652,0.043583095,-0.97562104,-1.142818,-1.3816556,-0.53955156,0.1513741,1.3559911,-0.1171376,0.09398137,-1.1418245,-0.28093106,-0.65712386,-0.4253547,-0.71225107,0.18452954,-0.058212392,0.5554866,0.9736021,1.8833491,0.70569605,0.50235826,-1.2560948,-0.62107027,-0.67023027,0.661713,1.4934483,0.46709755,-0.9905637,0.46299863,0.17494532,0.9521257,-0.14640291,-0.9246565,0.40907884,0.20816295,0.6103927,-0.45648614,2.0240808,0.8046287,-0.99435246,-0.7082039,-0.13672851,0.081769004,0.97812307,-1.1683216,-0.31521323,0.05590119,-0.0759191,-0.5416339,0.44252202,-1.3490907,0.4033413,0.6060117,1.5828515,-0.16497122,-0.48425147,-0.29556462,-1.1746124,0.7364684,0.91060054,-0.45279533,-0.22276291,0.65597385,-0.9214653,0.9992218,-0.35820174,1.1539509,-1.0190164,0.5974998,-0.08949775,0.9685313,-0.4663407,0.6076911,-1.3931378,-2.6274562,-0.8221243,0.23915766,0.22035842,-0.21068506,0.75485927,-0.40059724,0.32369787,0.42449668,-1.424132,-0.012676691,0.83002675,0.69024354,-0.17533657,1.2685782,-0.022439549,0.6490447,0.52406704,0.37245062,0.739963,0.087286636,0.72846,-0.56341136,0.6215264,0.8921748,1.042813,2.681564,0.74825144,-1.3965026,-1.0908105,0.97148335,-2.1408093,-0.30450773,0.7266536,-1.069073,0.8048118,-1.0199158,-0.6813062,2.3815567,-0.19388638,-0.019968526,-1.0653733,-1.5959035,1.2351024,0.40172163,-0.6732879,0.0012451751,-0.79413116,0.2024075,-0.90354073,-0.70212597,1.0408565,0.7038273,0.80650514,1.2057228,-0.7562826,0.36807066,0.34253648,-0.09932918,0.19717257,0.99480015,-1.0878161,0.17093801,0.39319918,-0.07887576,-0.18672071,0.46323657,-0.7156776,0.8283888,-0.1295399,0.9823481,0.6418748,-0.434715,0.022901254,0.082090035,0.57767147,0.5495992,1.3887542,0.0881068,-2.0171993,-0.6468145,0.24398129,0.9964604,0.076737225,0.37078094,0.46524838,0.96014607,-0.6026209,0.07665547,-0.6503919,-0.45463246,-0.44972825,0.78791726,0.58126587,0.22971551,0.5857689,-0.7721798,-0.7286339,0.32142428,-0.064346075,-0.376036,-0.7788764,-0.65270615,-0.8366928,-0.041253243,0.37022808,0.61348766,-0.45415422,-1.3869603,-0.56177646,0.15634511,1.0312418,-1.4480839,-0.25133887,-0.11493582,-0.9910373,0.5522321,0.041610535,0.39299744,0.14142434,0.76509005,-1.1524488,0.4232109,-0.09170023,0.92878187,1.5658368,0.08952602,0.95176774,-0.6977075,0.88121367,-0.5296135,0.7967885,0.7328623,-1.3269235,0.78298014,-0.2876833,-0.39057142,1.0715744,-1.5712125,-0.036388133,-0.9838816,-0.22985938,0.06307269,-1.2936249,2.2583568,-2.0216625,1.7630103,-1.9882168,-0.30479956,-0.5329284,-0.22984521,-1.1233351,0.39593217,0.7174533,-0.045120396,0.5496441,0.7135209,0.12133841,0.24609113,0.2522981,0.7822944,-0.035743613,0.6141014,-0.8322287,-1.3057454,0.092771895,0.8148527,-1.3433067,-1.3392637,-1.1747472,-0.30714205,0.22844268,-0.50005484,0.0490771,0.9826748,-0.137405,0.25096658,-1.356301,-0.93715847,-0.4132745,-0.5504082,1.4513994,-0.306921,1.257055,-1.042274,-0.6231059,0.63508624,-1.5665319,-0.5797273,0.004435603,2.135823,0.6308242,0.50769067,0.36905822,0.8415398,-0.43259355,-0.20841323,0.95954376,0.19407882,1.8832511,0.17814782,-0.3643448,1.4566402,-0.025238412,0.74369854,-0.37166205,-0.06334538,1.989036,-0.2704056,-0.6658236,-0.29176238,-0.32533804,-0.32902095,0.048496064,0.64312136,0.17034908,-0.24600402,0.26036724,0.7759152,-0.5346395,-1.2193865,-0.7730814,0.8612424,0.96030366,1.7211285,1.4017326,-0.19190179,-0.63263625,-1.5419464,0.39883858,1.2491095,0.41152415,0.35326514,-1.5577955,0.51989794,0.2927116,0.6173547,-1.509631,-1.7311903,1.715741,0.04452778,0.28805166,1.5250428,-1.2330348,-1.5251619,-0.9524536,0.47488418,-0.20118043,-0.9088882,-0.7246202,0.3073129,-0.499161,0.94368213,0.41996977,1.1843812,-0.2553776,-0.38950163,0.70336056,0.09031044,-0.5889565,-0.26612005,-0.49120116,0.81789476,-1.5946932,-0.459825,0.8670767,-2.2120445,0.962223,-0.16577189,-0.27658263,0.029642522,-0.058582608,-0.9608895,-0.105660304,-0.09918755,-0.6833173,-0.428782,0.2951179,-1.3491727,-1.5269274,0.8686961,1.0263399,-0.99597347,0.21914765,0.505824,-0.14042164,0.6308809,-0.3535363,-0.54926866,0.038574267,-0.47202995,-0.15811737,-0.3741753,-1.6479756,-0.95668805,0.4360016,-0.9006406,-1.5902348,0.8222211,0.6248621,-1.4829874,-0.961504,-0.10216059,-0.9301042,0.20000987,0.9349598,0.12822044,-0.18103269,-0.63475215,0.18193784,0.059391428,0.37375003,-0.21153219,0.10012666,0.47624674,-0.51851577,0.17714119,1.8651811,0.21368405,1.2634203,1.7205297,0.40591118,-0.14747228,0.81461394,-0.46280286,-0.18936627,0.89295834,-0.92186505,-0.6709758,1.3013422,-0.17526208,-0.83619946,-0.110148385,0.8148286,-0.23722303,-0.63713807,0.49533066,1.0148101,1.3412198,1.2862056,1.8848473,-0.13743977,0.124152794,-0.5051455,0.715353,-0.93625265,-0.5716982,-0.07816895,0.6585578,2.242911,-0.41627714,0.11204374,0.93223673,-1.1321071,-1.2626848,0.35160056,0.5581447,-0.06438161,-0.66224957,0.421428,-1.5646923,0.23726177,-2.2010286,-0.38661852,0.37265688,0.86499596,-1.0389303,0.23752768,0.9155579,0.48680156,-1.2502583,0.032852195,1.15568,1.8175246,-0.2755089,-0.8642089,0.95108944,-0.49855515,-1.3604298,0.031049421,-0.9422746,-0.7191481,0.13990581,-0.303225,-0.33050832,-0.319904,-0.8577135,1.3829253,0.03716147,-0.07735344,0.109787405,-1.2434589,1.8317506,-0.31505436,-0.5411666,1.3151289,1.2031001,-1.1634041,0.5823763,-1.8255548,1.1106912,-0.41300386,1.0582117,0.6043715,0.44428185,-0.67982733,1.4834701,-0.39191622,0.17957982,-0.5104643,0.8759851,-0.41163382,0.52130556,-1.7873356,1.1908828,-1.210575,-0.84697247,0.42356724,0.5714059,-0.10748402,0.03905918,-0.3098618,0.4413082,0.55546457,-1.1182352,0.6490181,1.8789641,0.1307218,-0.9375144,0.8787012,0.2707588,-0.46240237,-0.20591976,2.4456325,0.4404213,0.7423255,-1.1559083,-0.66103697,0.44592047,-0.11625202,-1.2604172,-0.545435,-0.46730116,-0.040201098,0.3273438,0.22442888,0.64128363,-0.53120905,0.5194913,0.916458,-0.71236116,0.11114774,0.40829697,-0.69751245,-1.1497984,-1.2453963,0.38353878,0.29855174,-1.0744448,0.69651383,0.44318947,1.3204108,0.59900385,-0.52080685,-0.9844672,0.76679504,0.9708265,0.99954426,-1.2734449,-1.5486815,0.8284058,1.4301357,-0.29709652,0.67920214,-0.109752364,-0.20723736,-2.0067978,0.811951,0.43631664,-0.23711494,1.2066842,0.51469076,-0.35207632,0.68203735,0.12536742,0.3551807,0.0677467,-0.7791762,-0.06859702,0.3573672,-1.1085782,0.027721057,-0.36166158,0.02060261,-0.42634264,0.7965034,-1.4156154,0.37934226,0.18718402,0.3844981,0.45852402,0.07947139,-1.3550081,-0.68917686,-0.6633353,1.605423,1.2502562,-0.24946329,-1.0418246,-0.34757188,0.47840333,0.4808002,0.038166575,0.4090404,0.2613156,-0.9463154,-0.3854258,-1.2215865,-0.34049612,0.46029636,0.7266406,-1.1449925,1.421171,-1.8066729,0.44768763,0.1027955,-1.4219358,0.2547677,0.013490162,-0.52377266,1.9379205,1.3104805,0.010776929,-0.1886656,0.43887907,0.8680955,-0.690519,-0.23556082,-1.3431925,1.1250923,1.4203194,0.52982956,-1.0682375,0.016215328,0.2617835,-0.57580096,1.0889553,-0.9112749,-0.6262812,-0.44851193,-0.19093707,-0.9292284,-0.66564953,-0.867651,0.26852068,-1.1840537,0.31175277,-0.5835373,-0.83204603,0.939477,-0.5437383,-0.19019243,-0.2626645,1.0971558,0.6117889,0.7025834,0.69391394,-1.0166507,-0.164163,-0.9810805,-0.020679878,0.5305978,-1.2243707,0.74612814,0.30398822,0.7132434,1.7377936,0.48022184,-1.1958482,0.7118292,0.029221995,0.41788086,-0.61609167,-0.7929086,-0.07117753,0.31449983,0.5943981,0.43966174,-1.4071928,-0.33542165,-0.23207471,0.5857001,0.20083125,0.41335943,0.17644255,0.9023505,1.8169593,0.9063047,0.41762856,,,,,,,,,,,,,,,,,,,,,,,,,,,,,,,,,,,,,,,,,,,,,,,,,,,,,,,,,,,,,,,,,,,,,,,,,,,,,,,,,,,,,,,,,,,,,,,,,,,,,,,,,,,,,,,,,,,,,,,,,,,,,,,,,,,,,,,,,,,,,,,,,,,,,,,,,,,,,,,,,,,,,,,,,,,,,,,,,,,,,,,,,,,,,,,,,,,,,,,,,,,,,,,,,,,,,,,,,,,,,,,,,,,,,,,,,,,,,,,,,,,,,,,,,,,,,,,,,,,,,,,,,,,,,,,,,,,,,,,,,,,,,,,,,,,,,,,,,,,,,,,,,,,,,,,,,,,,,,,,,,,,,,,,,,,,,,,,,,,,,,,,,,,,,,,,,,,,,,,,,,,,,,,,,,,,,,,,,,,,,,,,,,,,,,,,,,,,,,,,,,,,,,,,,,,,,,,,,,,,,,,,,,,,,,,,,,,,,,,,,,,,,,,,,,,,,,,,,,,,,,,,,,,,,,,,,,,,,,,,,,,,,,,,,,,,,,,,,,,,,,,,,,,,,,,,,,,,,,,,,,,,,,,,,,,,,,,,,,,,,,,,,,,,,,,,,,,,,,,,,,,,,,,,,,,,,,,,,,,,,,,,,,,,,,,,,,,,,,,,,,,,,,,,,,,,,,,,,,,,,,,,,,,,,,,,,,,,,,,,,,,,,,,,,,,,,,,,,,,,,,,,,,,,,,,,,,,,,,,,,,,,,,,,,,,,,,,,,,,,,,,,,,,,,,,,,,,,,,,,,,,,,,,,,,,,,,,,,,,,,,,,,,,,,,,,,,,,,,,,,,,,,,,,,
ヨ,0.3761236071586609,0.5581277012825012,0.5023878812789917,-0.4190848767757416,-0.237189769744873,0.2639411091804504,0.6226903796195984,-0.0525488890707492,-0.068571001291275,-0.2778314054012298,0.6024829149246216,-0.3194392323493957,-0.5275475978851318,0.2913360893726349,0.2926835119724273,0.0338352844119071,-0.1415626108646392,-0.0733345225453376,0.0160451028496027,0.1535545438528061,-0.9619926810264589,-0.2220953851938247,-0.1306666880846023,0.4353823065757751,0.16891610622406,-0.4804035723209381,-0.1433467268943786,-0.014533556997776,0.1920612454414367,-0.3707551658153534,-0.3626042902469635,0.4016873836517334,-0.0406456999480724,-0.204421728849411,-0.3865948617458343,0.3591485619544983,-0.1687502712011337,-0.3544642329216003,0.5219178199768066,-0.40271857380867,-0.2105027884244918,-0.2694501280784607,0.0114207724109292,-0.1657165139913559,-0.2775138914585113,0.3814382553100586,0.2568603157997131,0.0267217047512531,0.0294598899781703,0.1081575751304626,-0.0893486589193344,0.1323278993368148,0.3010189235210418,-0.2282762825489044,0.1828676462173462,-0.1680459380149841,0.1248099207878112,-0.5580914616584778,-0.0005691056721843,0.0383068583905696,-0.2618790566921234,-0.4858444631099701,0.3480199575424194,0.0158204492181539,-0.0945382192730903,-0.1675466895103454,-0.0222960859537124,-0.1270031780004501,0.473280668258667,-0.5277357697486877,0.3167333602905273,-0.0449543073773384,-0.0210503730922937,-0.3742827773094177,0.4106357395648956,-0.3164999186992645,0.4657888114452362,0.13236865401268,0.4572530388832092,0.262281596660614,-0.0057403910905122,0.2063523232936859,0.2646770775318146,-0.4870591163635254,-0.1089207381010055,-0.0108710965141654,-0.3441817164421081,-0.597275972366333,0.4214101731777191,-0.0987535491585731,0.1559052467346191,-0.0197323281317949,0.4863318502902984,0.2908581793308258,0.1177781000733375,0.5400353670120239,0.2290735691785812,-0.2343284040689468,-0.2288100719451904,0.1192396059632301,0.2408913820981979,-0.1058815419673919,0.5547375082969666,-0.3066819310188293,-0.2475846111774444,0.2151973694562912,-0.7521737217903137,0.5418626666069031,0.1133144274353981,0.0563225857913494,-0.2412148267030716,-0.4831386804580688,-0.5511255860328674,-0.4615779221057892,0.4591332972049713,0.0416004620492458,-0.0021095946431159,0.4593912959098816,-0.4817355871200561,0.3500966727733612,0.2283358424901962,0.494771271944046,-0.4684691429138183,-0.3663259446620941,0.0489499866962432,0.5004726648330688,0.358897864818573,0.2288083285093307,-0.0426733642816543,-0.0414143875241279,-0.1161916851997375,-0.0162242725491523,-0.087548092007637,0.1478495597839355,0.0398390814661979,0.7089492082595825,0.3355925977230072,-0.0915078669786453,0.1064340621232986,-0.5675722360610962,-0.2371576428413391,-0.2612515687942505,0.3699445426464081,-0.3385297954082489,0.0881510898470878,0.1163989081978797,-0.0743121206760406,-0.4870465099811554,0.4609293043613434,0.0185444429516792,0.0216143410652875,1.004985213279724,-0.42026087641716,0.1939533948898315,0.1488787680864334,0.4483642578125,-0.9046306014060974,-0.0090470472350716,0.0988406389951706,-0.0487338900566101,0.2583885490894317,-0.4934423565864563,0.0756338089704513,0.7775411605834961,0.1257815659046173,0.3216015100479126,0.345175951719284,-0.2161674052476883,-0.0376197770237922,0.4849214553833008,0.3525926172733307,0.5578527450561523,0.3644562363624573,-0.3435335755348205,-0.3224125504493713,0.1981877386569976,0.4569176733493805,0.4310328066349029,0.0299483388662338,-0.1080267354846,0.2510737180709839,-0.0104500716552138,0.2854707241058349,-0.608836829662323,0.4830351769924164,-0.1759166419506073,0.3272300362586975,-0.1336514502763748,-0.2294946610927581,-0.1795815080404281,-0.2651117444038391,-0.3098511099815368,0.2140791863203048,-0.4298804104328155,-0.1873537451028823,-0.6797065734863281,0.3188259601593017,0.223419189453125,-0.7298231720924377,0.4962486624717712,0.5428958535194397,-0.1130151152610778,-0.1101062521338462,-0.9312567114830016,-1.0159671306610107,-0.5897842645645142,-0.0901478826999664,0.4389148354530334,0.3511314988136291,0.4694721102714538,-0.3295157253742218,-0.0504175759851932,0.5699762105941772,0.3248844146728515,0.1815303862094879,-0.0307547375559806,-0.3163550794124603,-0.2442601025104522,0.0384279862046241,-0.4497099816799164,0.0196308568120002,-0.0870598778128624,0.5205919742584229,0.1590271443128585,0.0209660157561302,0.6388189196586609,0.0454602763056755,-0.0732677802443504,-0.2996266484260559,0.6670637130737305,-0.5270677804946899,-0.8736523985862732,-0.3742557168006897,-0.1668827086687088,-0.3335505425930023,-0.0560181625187397,-0.2278944849967956,0.1087978556752204,-0.2488002479076385,0.260280579328537,-0.076645441353321,-0.3636312186717987,0.4100163280963897,-0.4444346725940704,0.0869618654251098,0.3297158479690552,-0.0811166688799858,0.2812588214874267,-0.1781292706727981,0.0437347777187824,-0.5392847061157227,-0.4325569570064544,-0.2052968591451645,-0.4575991928577423,0.5293582677841187,0.4048460125923157,0.3397455215454101,-0.315350741147995,0.1880669891834259,-0.3405375778675079,-0.3041928112506866,-0.4914471507072449,-0.4475565254688263,-0.2487741112709045,0.1103201285004615,0.1844082623720169,-0.2079163640737533,-0.5588880181312561,-0.5085828900337219,-0.8609366416931152,0.2731040120124817,-0.5348182916641235,0.2110779285430908,0.03212596103549,-0.0944452509284019,0.0986703559756279,-0.4730581045150757,0.2536759376525879,-0.3520472943782806,0.0244915708899498,-0.6169869303703308,0.2159323990345001,-0.5433611273765564,0.0374430380761623,0.1320859789848327,0.2094132155179977,-0.2320721298456192,-0.1456568241119384,-0.4621908664703369,0.6132236123085022,0.1895307749509811,-0.4675927460193634,-0.506873607635498,0.0359303317964077,-0.9368267059326172,0.1440406888723373,0.6216996908187866,-0.0154900439083576,0.5802783370018005,-0.1342161297798156,0.4401788115501404,0.4701883196830749,0.0584952980279922,-0.3239523470401764,-0.0286226049065589,-0.6569550037384033,0.1987784206867218,0.0028712325729429,0.4836247265338897,-0.2267333567142486,0.1052750572562217,0.806576132774353,-0.1655691266059875,0.1216228455305099,0.1517003029584884,0.5016454458236694,-2.010338306427002,0.0107708815485239,0.2655082046985626,0.2247659862041473,-0.1630571484565735,-0.1702334582805633,0.7002928256988525,0.488029271364212,-0.5387812256813049,-0.4934167265892029,0.8667480945587158,-0.2190043926239013,-0.103013165295124,-0.1376098990440368,0.3959889411926269,-0.1843910664319992,0.0194543413817882,-0.447420060634613,0.1148416623473167,0.3735930025577545,-0.1856247335672378,0.0652813836932182,0.1168286949396133,-0.3635412752628326,-0.1739668697118759,0.1070848181843757,-0.4033336341381073,-0.2593881487846374,-0.4577696025371551,-0.3283284604549408,0.1173820942640304,0.976281762123108,0.5805339217185974,0.4649163782596588,-0.7548166513442993,-0.3478610515594482,-0.0201463848352432,0.2722406685352325,0.1869398653507232,0.0035315942950546,-0.0366815216839313,-0.230995237827301,0.3321556448936462,-0.0099434368312358,0.3429545164108276,-0.6072664856910706,-0.3816192150115967,0.3585444986820221,-0.1754076778888702,0.0545424483716487,0.6291162371635437,0.2264150530099868,0.0340126380324363,0.5867146253585815,0.5884144306182861,0.290572315454483,0.0095954407006502,-0.4250201880931854,0.0195517111569643,-0.1328060626983642,0.0520020723342895,-0.3633708953857422,-0.1432031840085983,0.4932225942611694,0.09024578332901,0.1149082407355308,0.0075519173406064,-0.4179743230342865,0.247008815407753,-0.4932028353214264,-0.1338894218206405,-0.0846770480275154,0.3229777812957763,-0.4544311761856079,0.2871257066726684,0.161736786365509,0.4530143737792969,-0.6611164212226868,-0.3096636235713959,0.0822263807058334,0.0101828314363956,0.2347609102725982,0.0417708605527877,0.3137062788009643,-0.1476553529500961,-0.4279979467391968,-0.1957435309886932,-0.7584076523780823,-0.4392496347427368,-0.4049168825149536,-0.6980710625648499,-0.0459249876439571,-0.0224016346037387,0.3416465520858764,-0.3145398497581482,0.0957275331020355,-0.1539794355630874,0.1886112987995147,-0.3101312816143036,-0.4375801086425781,-0.0502686686813831,0.6750075817108154,0.3817387223243713,0.6721209287643433,0.188597947359085,0.0825444906949997,0.460392415523529,0.3004414737224579,-0.2067600339651107,-0.1605687141418457,-0.5301331877708435,-0.4520013630390167,0.6264333128929138,-0.0275243408977985,-0.054679300636053,-0.119618684053421,0.13250432908535,0.5790992975234985,-0.4772233068943023,-0.7479684352874756,0.3379632532596588,0.5313045978546143,-0.1839143931865692,0.2524302899837494,0.2331270426511764,0.4999594688415527,0.0002359804930165,-0.0578771047294139,-0.0865561738610267,0.3894130289554596,0.0513037517666816,-0.345640480518341,-0.0428915098309516,0.0773789659142494,0.6115530729293823,0.5112097859382629,0.0381627790629863,0.4906448125839233,0.2366556674242019,0.3920589387416839,-0.5822783708572388,0.209018737077713,0.302609771490097,0.193195566534996,-0.3532524108886719,0.139111116528511,-0.1902752965688705,-0.3026885092258453,-0.0397372916340827,-0.1416692584753036,0.6447283029556274,0.1371727138757705,0.2062423080205917,-0.3608681559562683,-0.7189966440200806,-0.2399959713220596,-0.4074289202690124,-0.3307540416717529,-0.0660566911101341,0.2719713747501373,0.4581282138824463,0.118239939212799,-0.8788576126098633,0.5593600273132324,-0.0837336555123329,0.1502098739147186,0.2557059526443481,-0.2491641193628311,-0.1685128808021545,-0.1336662918329239,-0.0361298359930515,-0.6078077554702759,0.4930944442749023,0.0243985932320356,-0.3069387972354889,-0.5307114124298096,0.1336443126201629,-0.0141461584717035,0.3704252541065216,-0.5822080373764038,0.5070162415504456,0.2096255272626876,-0.7917040586471558,-0.0010591053869575,-0.1394703239202499,-0.2039565593004226,-0.1180969253182411,-0.3700939118862152,0.1120869740843772,-0.0892886742949485,0.0798018351197242,0.7284332513809204,0.3424468040466308,-0.1046828925609588,-0.102917268872261,0.6312653422355652,0.4017090499401092,-0.2031125575304031,-0.2319646030664444,-0.2272583544254303,-0.4848710000514984,-0.3049039840698242,-0.164748728275299,0.0684426873922348,0.2040161490440368,-0.357604056596756,-0.4981513321399688,-0.6298779249191284,0.0293831303715705,-1.0444624423980713,0.6374733448028564,-0.3280293643474579,0.2963383793830871,-0.7227250933647156,0.0965472087264061,-0.2329290807247162,-0.0710023716092109,0.0846583545207977,0.3193370699882507,-0.1204009726643562,-0.8733419179916382,-0.0061788228340446,-0.0042666578665375,-0.6014828681945801,0.7321967482566833,0.182781234383583,-0.5028519630432129,0.1899725347757339,0.3957028687000274,0.4287494719028473,-0.0772369503974914,0.2773495614528656,-0.5080941915512085,0.1807525604963302,-0.0093154264613986,-0.2135239690542221,0.2326081693172454,0.096884861588478,-0.077802188694477,-0.1938802897930145,0.7509496808052063,0.4459448456764221,0.8106203675270081,0.4533785283565521,-0.3912650942802429,0.0229769963771104,-0.4290740191936493,0.1583955585956573,-0.0805262774229049,0.7788342237472534,-0.1059243977069854,0.7477768659591675,0.3190858066082001,-0.7063279151916504,0.3783222436904907,1.1531046628952026,-0.2439856976270675,0.5217062830924988,-0.121252067387104,0.0208300054073333,-0.6504965424537659,0.0728494897484779,0.2166302949190139,0.116782858967781,-0.1794222742319107,0.0741716921329498,-0.3508969247341156,-0.3323245644569397,0.1467341929674148,0.0333259142935276,-0.0514929741621017,0.2894505262374878,0.2815490365028381,-0.2590599656105041,0.900873601436615,0.7946252822875977,-0.2125592827796936,-0.0457698032259941,0.0650607794523239,0.516819179058075,0.563714325428009,-0.2679072022438049,0.3500625491142273,-0.2406273782253265,-0.7548664212226868,0.4071339964866638,0.2877748906612396,0.2268942296504974,0.8403952717781067,-0.4811427891254425,-0.055789116770029,0.7074418663978577,0.490463376045227,0.0003124889626633,-0.2580097019672394,-0.6500214338302612,0.2500659525394439,0.0473876260221004,-0.0966321006417274,0.3590207695960998,0.0491607338190078,0.293560653924942,-0.0483907721936702,-0.1418974250555038,0.1559731811285019,0.8096100687980652,-0.205154687166214,0.1158513277769088,0.0840430781245231,-0.0837096720933914,-0.0607960820198059,0.1385279148817062,0.2898886501789093,-0.0952045619487762,-0.4355098307132721,0.43740114569664,-0.3816998600959778,0.0732257142663002,-0.4902267456054687,0.4042629301548004,0.1201228871941566,-0.0157380364835262,0.2576694786548614,-0.3860392570495605,0.2527630925178528,-0.3585950136184692,-0.8541034460067749,0.2488639205694198,0.3437736928462982,0.3625906407833099,0.3062231242656708,0.0518469586968421,-0.4738022983074188,-0.5843587517738342,0.0599474310874938,0.3292888104915619,-0.2089623808860778,-0.6028973460197449,0.7598887085914612,-0.1350541561841964,-0.2292216122150421,-1.315617918968201,0.1235142722725868,0.3366289138793945,0.3151494264602661,-0.188331052660942,0.6845226883888245,0.0464595593512058,0.048291303217411,-0.1774201244115829,-0.445265382528305,0.1857555955648422,-10.341691970825195,-0.0117195779457688,-0.4323802292346954,-0.2784017026424408,-0.497852474451065,-0.1246446892619133,0.6701638102531433,0.6445551514625549,-0.0551097020506858,0.3895603716373443,0.009255782701075,0.1367779821157455,0.2642787098884582,0.1692161858081817,-0.0109164658933877,-0.1010560244321823,-0.3044008612632751,0.1381528675556183,-0.0639832019805908,-0.3097392618656158,-0.1038342416286468,-0.1027206555008888,0.4419789612293243,0.2276911735534668,0.1547942906618118,-0.5049324035644531,0.4353142380714416,0.5598000288009644,-0.1142355129122734,0.3214970529079437,-0.9949598908424376,0.1674412190914154,0.0273501276969909,0.1471401154994964,-0.2549222111701965,-0.1128465086221695,-0.1335199028253555,0.1118322759866714,-0.1574645489454269,0.604668915271759,0.2068646401166916,0.2896646559238434,0.1217118725180625,0.1612893044948578,0.2298452109098434,0.0882808193564415,0.0506726950407028,0.2461097836494445,0.4981678426265716,0.0187578909099102,-0.4539493322372436,0.1163975074887275,0.0867422148585319,-0.1764035671949386,0.1693393290042877,0.1073748990893364,0.5127979516983032,-0.889742374420166,-0.1658309698104858,0.0863249078392982,0.1350072771310806,0.1900462508201599,0.5003310441970825,0.5184159874916077,-0.2768354713916778,0.839332640171051,0.2057040482759475,0.2888502180576324,-1.0420101881027222,0.3466793000698089,0.134575605392456,0.5553558468818665,-0.1864755749702453,0.1635509878396988,-0.117836982011795,0.6282227039337158,0.0171266589313745,-0.1654938608407974,0.3351868689060211,0.0056188432499766,0.2740504145622253,-0.2293682247400283,0.1956679373979568,0.1185269653797149,-0.6136970520019531,0.1522912383079528,0.1671563684940338,-0.0796797424554824,0.2432388812303543,-0.7361330986022949,0.4661961495876312,-0.2530403137207031,-0.5528477430343628,0.6038634181022644,0.2626257240772247,-0.4659341871738434,-0.3366899490356445,0.018636018037796,0.2035904824733734,-0.3351907134056091,-1.4174868,-0.40330574,0.47694167,0.96256673,-1.0354341,-0.65304714,-1.2159933,0.844191,1.1668721,-0.36113364,0.23031023,0.21116851,-1.3898681,1.9934853,-0.88714063,0.26393595,0.9623816,-0.65953505,0.50815874,-0.6654402,1.1937232,0.8079831,0.7311622,-0.5634248,0.58618385,0.2854134,0.1736199,-0.89026594,-0.19472626,-0.22961856,0.23064429,-0.49888918,-0.8237671,-0.6674859,0.30999,-1.1031036,-0.81598914,1.0179093,0.4771294,-0.15558422,-0.6609959,0.7270113,-0.008737102,0.053340062,-0.8468771,-0.010331139,1.61551,-0.6288432,0.4512092,-0.5298252,-0.6590467,-0.66335845,0.892171,1.2710602,0.33012593,-0.05831731,0.9916667,0.73816574,0.08767467,-0.4959511,0.45714688,0.8645449,-0.6793146,0.023563908,0.9767262,0.84421545,-0.22279058,0.0087803155,-0.09093943,-0.7349328,-2.269269,-0.60175717,0.053359263,0.88524216,-0.8152406,0.8597093,0.38344836,-0.8995466,-0.21471033,0.6238611,0.19248174,0.4026328,-0.40381548,0.60424286,-1.0457602,-0.4426359,-0.44542414,0.4534661,-1.6586359,-0.034191735,0.042668752,-1.1459177,-1.566236,-1.0304861,1.1305705,-0.53143275,-0.9078849,-1.150381,-1.0094467,-0.23864758,-0.13818778,1.3876867,-0.24741513,-0.5902959,-1.2186122,-0.1146283,-1.0438435,-0.6124805,-0.86094564,0.48279527,-0.09618469,0.38252604,0.5669734,1.5071769,1.1830784,1.0002272,-0.6793442,-1.4971604,-0.09451121,0.15229496,1.7269368,-0.059220687,-1.1402279,0.38104963,-0.07616934,1.0889268,0.27975115,-1.1468282,0.5527725,-0.6739371,0.62792933,-0.69039166,1.8087488,0.7659689,-0.9084361,0.18951485,-0.56281376,0.61046386,0.7351698,-0.7978853,-0.71135366,0.24284661,-0.10028736,-0.63761246,-0.042085342,-1.2201864,0.45730668,1.1493142,1.0957842,-0.19219993,-0.47217065,0.11311872,-1.2868279,0.7037707,1.2203413,-0.14217645,0.033570707,0.0810315,-1.1888793,1.2137308,0.07578057,1.2682759,-1.0107653,0.18346412,-0.13938409,0.48998964,-0.79057515,0.8097041,-1.0425168,-2.299457,-0.38899362,-0.1884886,0.17399468,0.29841682,0.6006365,-0.1602028,0.57653016,0.24016517,-0.39436612,0.27253497,0.9093292,1.1679401,-0.04884047,1.1873405,0.18698478,0.8065151,0.64739054,0.6327782,0.46618032,-0.10943581,0.8115152,-0.90078676,0.8966037,0.7013686,0.9575183,2.5628135,0.4695474,-1.9760728,-1.9486344,0.38955525,-1.7798915,-0.38063553,0.5420519,-0.6021607,1.5525323,-0.6792227,-1.1367832,2.0629616,0.72839767,-0.629973,-0.96094096,-1.6659514,0.9819374,0.7685203,-0.53074485,-0.30731127,-1.1966648,-0.20004213,-0.8223089,-0.24181895,0.8516545,0.5659822,0.6719297,1.637703,-0.7232178,0.6439231,0.33688045,0.54162115,0.5848056,0.2607811,-0.5731023,0.5526886,0.5218944,-0.7964405,-0.80348146,0.43863037,-0.66436565,0.34879714,0.05662922,0.66068006,0.5143856,-0.8887182,0.4285931,0.21531765,0.57904357,0.65696996,1.4585456,0.2225654,-1.593334,-0.2787721,0.52621466,0.47285974,-0.044296477,-0.06756732,1.1249168,0.9586556,-0.859812,-0.043373067,-0.48488885,0.21142066,0.18480483,0.26882836,-0.22644667,0.4431035,0.5265355,-0.64969814,-0.61131895,0.24699691,-0.07458277,-1.0538576,-0.41168362,-0.89735925,-0.93456995,0.22054647,-0.013046674,0.47765225,-0.58592206,-1.0869796,-1.1610134,-0.040939912,0.32192445,-1.3983402,-0.45827445,0.3577367,-0.71749246,0.677644,-0.27057093,-0.4068903,1.0425129,0.8658947,-1.8262998,0.8242243,-0.06009396,0.38242924,1.3052691,0.4997363,0.8828232,-0.7436135,0.383954,-1.5224113,0.30215582,0.7560059,-1.7959533,0.7807176,0.06328413,-0.46678543,0.5040829,-1.420458,-0.7339027,-0.13111275,0.44693217,-0.60806173,-1.6244662,2.4059188,-1.8804467,1.1462991,-1.831677,-0.31038833,-0.33168903,-0.80549014,-1.1415405,0.9252513,0.28505594,0.55699986,0.13603479,0.38701397,-0.14141466,1.2785645,0.9419483,0.64950365,-0.21422064,1.2246374,-0.39109266,-1.7399795,-0.09441875,1.1264899,-0.950209,-2.2252982,-1.3823135,-0.35486335,0.96436876,-0.88130707,-0.5545893,1.1855552,-0.25748003,0.6438641,-1.1572151,-0.10625014,0.18128142,-0.90994525,0.9495644,0.16676733,1.9379604,-0.8571025,-0.13872093,0.92458725,-1.789794,-0.0717386,-0.5178266,1.9251454,0.66837823,0.55454993,0.80929863,0.3651728,-0.413324,-0.5225543,1.1442255,-0.5167285,2.0179074,0.5378571,-0.6587401,1.8152826,0.15373035,0.03599389,0.19068311,-0.10930951,1.5227062,0.016517445,-0.4035524,-0.068829596,-0.17515485,-0.37984243,-0.11384507,0.24326736,-0.301377,-0.34409967,0.4439114,0.61570525,-1.2708765,-0.8770838,-1.0642264,0.27599528,0.7523436,1.6246905,1.3748605,0.09651944,-0.45379746,-1.8294443,0.27001408,0.8596598,0.12274541,0.12310316,-1.7651882,-0.075487785,0.2625838,-0.15749133,-0.64493555,-1.7797616,1.5617106,0.51234865,0.84150517,1.521407,-0.45409453,-1.2522465,-0.33002633,0.7607751,-0.054692883,-0.64762914,-0.38915798,0.61779743,-1.0037457,1.148901,0.5167776,0.6271181,-0.30983597,-0.5279417,0.753189,0.57642037,-0.8627843,-0.4739595,-0.62901205,0.7242575,-1.4357898,-1.1143291,0.053787395,-2.1688492,0.93316567,-0.86620533,-0.06725623,0.3510006,-0.66019964,-1.0622547,-0.3905308,0.20277077,-1.3007731,-0.9883174,0.02194931,-1.5979452,-1.3695493,0.4080189,1.2606349,-1.4386317,0.44347122,0.8641436,0.054049794,0.77544177,-0.15961307,-0.42708147,0.9129343,-0.3658138,-0.3295963,-0.20501249,-1.5561923,-0.66070426,-0.027227893,-1.0570238,-1.957865,1.1666763,0.8648983,-1.8080038,-0.23999377,0.3797679,-0.66076934,1.0250452,1.028729,-0.5135822,-0.58778703,-0.53522885,-0.3677024,0.29547852,0.78756326,-0.3045316,-0.45782354,0.6448604,0.55001557,0.4268269,2.1903725,-0.499934,0.1428813,1.0862491,0.71064746,-1.1026137,0.95794284,0.13796672,-0.1592254,0.9729013,-1.1372445,-1.1891625,1.610429,-0.76890934,-0.84636986,0.119923055,0.18478657,-0.41110155,0.39052534,0.5887935,1.3441398,1.8060015,0.92788804,1.9985979,-0.2660007,-0.71463054,-0.1385631,0.89302003,-0.6044184,-1.01246,0.43433577,0.93420064,2.3537977,-0.35521954,0.007373899,0.63578236,-0.4227395,-0.9721611,0.21409838,0.39810488,-0.6163498,-0.5011649,0.32668322,-0.983962,0.08036187,-1.8049271,-0.4366842,0.67175514,1.298872,-0.7377556,0.09616776,0.15368947,0.26265186,-0.38922477,0.44521302,1.3254782,1.0819485,-0.3592835,-1.4341011,0.49853617,-0.78973484,-1.4414933,0.62971133,-0.2873858,-0.6442042,0.088538796,-0.28424406,-0.7268379,-0.8632464,0.079525866,1.7835758,-0.3103519,-0.31196895,-0.32496315,-0.71667266,1.0674376,-0.8095614,-0.14611287,1.2192779,1.1452477,-1.0352302,0.501059,-1.107958,0.6042152,-0.8417336,0.5113297,0.9468826,0.64176697,-0.53197867,1.6035705,-0.46947262,-0.21454608,0.22546226,0.1434985,-0.3110143,0.56825686,-1.9705218,0.8053658,-1.1202854,-1.4232407,0.015142389,0.31132466,-0.6892092,0.1564726,0.23547977,0.59703577,0.49031186,-1.1881031,1.3516084,1.5780814,-0.3436806,-0.7240745,0.5441112,0.47657597,-0.1093518,-0.10001856,2.6180704,0.11377725,1.2589828,-0.9703933,-0.96630025,0.52887046,-0.47595555,-0.8413061,-0.21496701,-0.65471447,-0.23714584,0.74400914,-0.30259356,1.2133292,-0.75745595,-0.20004462,1.1040882,-0.6535939,-0.310191,0.72339976,-0.5646503,-1.9461744,-1.5263742,0.6472589,0.89970076,-0.17291804,0.11255987,0.42472237,1.7702745,0.6848911,-0.015991688,-0.4987513,1.0232145,0.92303383,0.7737144,-0.78990436,-0.97371894,0.62454873,1.2901405,-0.58035135,0.48740792,-0.32987803,-0.23319665,-1.8841722,0.99546325,0.6284795,-0.57026,1.4458834,0.034824677,0.044782393,0.5226946,-0.12840252,0.05904662,0.078513555,-0.52888924,-0.26166397,0.7679055,-0.9789089,-0.3261664,-1.0645139,-0.029212654,-0.47905138,0.83985585,-0.9045851,0.27706552,-0.46972343,1.4572133,0.17132142,-0.0019867606,-0.7311326,-0.18996166,-0.9523792,1.814131,1.068057,-0.14838293,-1.3925203,-0.04110551,1.1496112,0.02839832,-0.3480882,0.28329483,0.05387324,-1.3639712,-0.35502696,-1.2459434,-0.14088883,0.8952478,0.36040273,-1.0703166,1.0952129,-1.56301,1.1230532,0.2263436,-1.1694154,-0.24639799,0.18089959,-0.49028373,1.516173,0.652231,0.15513584,0.2636066,0.3767397,0.75132424,-0.14509445,-0.71055806,-1.121939,0.7184768,1.3333465,0.4237606,-1.0835156,-0.14433005,0.49290234,-0.43884963,1.3581712,-0.6148859,-0.7088402,-0.6058923,-0.035345346,-0.7129972,0.10974896,-1.427086,-0.020379841,-1.2724502,-0.15172434,-0.885111,-0.63482356,0.58561134,-0.9133387,0.43253377,-0.11829568,1.0840268,1.1757294,0.39020965,0.9551761,-0.7506065,0.21870404,-0.9302263,-0.115085766,0.10933864,-0.8977504,-0.18391299,0.3205045,0.5417026,2.0054197,-0.189675,-0.8384095,0.3884883,0.0003991425,-0.1306062,0.92789567,-0.45054066,-0.57471097,0.56523037,0.40518367,0.3706027,-0.7815691,-0.4345656,-0.06815428,0.60338503,0.40363145,0.19255114,0.09051651,0.55355394,1.8137487,0.61988425,-0.37019965,,,,,,,,,,,,,,,,,,,,,,,,,,,,,,,,,,,,,,,,,,,,,,,,,,,,,,,,,,,,,,,,,,,,,,,,,,,,,,,,,,,,,,,,,,,,,,,,,,,,,,,,,,,,,,,,,,,,,,,,,,,,,,,,,,,,,,,,,,,,,,,,,,,,,,,,,,,,,,,,,,,,,,,,,,,,,,,,,,,,,,,,,,,,,,,,,,,,,,,,,,,,,,,,,,,,,,,,,,,,,,,,,,,,,,,,,,,,,,,,,,,,,,,,,,,,,,,,,,,,,,,,,,,,,,,,,,,,,,,,,,,,,,,,,,,,,,,,,,,,,,,,,,,,,,,,,,,,,,,,,,,,,,,,,,,,,,,,,,,,,,,,,,,,,,,,,,,,,,,,,,,,,,,,,,,,,,,,,,,,,,,,,,,,,,,,,,,,,,,,,,,,,,,,,,,,,,,,,,,,,,,,,,,,,,,,,,,,,,,,,,,,,,,,,,,,,,,,,,,,,,,,,,,,,,,,,,,,,,,,,,,,,,,,,,,,,,,,,,,,,,,,,,,,,,,,,,,,,,,,,,,,,,,,,,,,,,,,,,,,,,,,,,,,,,,,,,,,,,,,,,,,,,,,,,,,,,,,,,,,,,,,,,,,,,,,,,,,,,,,,,,,,,,,,,,,,,,,,,,,,,,,,,,,,,,,,,,,,,,,,,,,,,,,,,,,,,,,,,,,,,,,,,,,,,,,,,,,,,,,,,,,,,,,,,,,,,,,,,,,,,,,,,,,,,,,,,,,,,,,,,,,,,,,,,,,,,,,,,,,,,,,,,,,,,,,,,,,,,,,,,,,,,,,,
サ,0.0648852065205574,0.7035254240036011,0.4712594747543335,-0.5475382804870605,0.159046471118927,0.3983789384365082,0.3516373038291931,0.1230262815952301,-0.0236791316419839,-0.5605530738830566,0.6916403770446777,-0.182065725326538,-0.3695733845233917,-0.4816430211067199,0.5012007355690002,0.0213964376598596,0.060660071671009,-0.3494442403316498,0.0808935090899467,-0.4406334459781647,-0.8895779848098755,-0.5165688395500183,-0.2661830186843872,-0.1126970499753952,0.0520015619695186,-0.565481424331665,0.1075268164277076,0.0608377531170845,-0.2720945477485657,0.1094129383563995,-0.1461329460144043,-0.5175169706344604,0.0158073138445615,0.2165822833776474,-0.3974581360816955,0.142894834280014,0.3707327842712402,0.0952575802803039,-0.0872540697455406,-0.0089115975424647,-0.1786278784275055,-0.2461543679237365,-0.1566752046346664,-0.2897273600101471,-0.3175949454307556,0.5588154792785645,0.2791037857532501,0.211603581905365,0.3493315875530243,0.2054760158061981,-0.1156577318906784,0.5249888300895691,0.1536309123039245,-0.0692296996712684,0.2368091493844986,-0.1020296588540077,-0.0125966863706707,-0.3041947185993194,-0.315399706363678,0.3457387387752533,-0.7240349650382996,-0.2794842422008514,0.1947132796049118,0.0192494969815015,-0.2238133698701858,-0.0714084729552269,0.0090548070147633,-0.1172169893980026,0.0939084142446518,-0.7125075459480286,0.24566550552845,0.16375033557415,0.0041453535668551,-0.7423335909843445,0.8383400440216064,-0.4343532919883728,0.4013092517852783,-0.0771496891975402,0.2783533334732055,0.1198773011565208,-0.3972549736499786,0.5623978972434998,0.1228711530566215,-0.6203539371490479,-0.1695971637964248,0.2420136481523513,-0.3805654644966125,-0.6627863049507141,0.3452689945697784,-0.3598125874996185,0.0576520599424839,0.0200124494731426,0.1917700320482254,0.3702609241008758,-0.1341761350631714,-0.1516888439655304,0.4498142302036285,-0.5212644338607788,0.0130199361592531,0.3714965581893921,0.0015353302005678,-0.2446013838052749,0.1044385582208633,-0.1651811748743057,0.0410203039646148,0.1103887259960174,-0.2764322757720947,0.2558739483356476,0.0137467123568058,0.1843705028295517,-0.2210141867399215,-0.4207691252231598,-0.4753669500350952,0.0586740970611572,0.219318613409996,0.0520587302744388,-0.2344735264778137,0.5728998184204102,0.2102686911821365,0.103446215391159,0.0141941122710704,0.6295061111450195,-0.3811309039592743,-0.2468281537294387,0.059036124497652,0.4163442552089691,0.1493714302778244,-0.1430320143699646,-0.2417795658111572,-0.2608487606048584,-0.3128129541873932,-0.2840716540813446,-0.2446134686470031,0.1259421557188034,-0.289646714925766,0.4501760601997375,0.0504773594439029,-0.3529983162879944,0.1138990223407745,-0.6542359590530396,-0.1337671726942062,0.3232095837593078,0.3248696327209472,-0.207984060049057,-0.0904217213392257,0.2758062183856964,-0.1100581884384155,-0.1760434955358505,0.4691634178161621,0.3713214695453644,-0.3159648180007934,1.188944697380066,-0.0977653041481971,-0.2365292906761169,0.4285502135753631,0.1521444469690323,-0.4275278747081756,-0.1244289055466651,-0.3291798532009125,0.5476692914962769,0.1096686571836471,-0.5160374045372009,-0.1809324026107788,0.6723102927207947,0.1644700020551681,0.4191581904888153,0.514015793800354,0.0593434758484363,-0.3188272416591644,0.6711301803588867,0.6820576786994934,0.3044437170028686,0.0905157700181007,-0.4315429329872131,0.1521157920360565,0.3787359297275543,0.4825846254825592,0.281445562839508,0.0389888361096382,-0.3127680122852325,-0.1061535626649856,-0.3034140467643738,-0.0886566042900085,-0.5089245438575745,0.1785750687122345,-0.1682691723108291,-0.0445346795022487,0.3660987615585327,0.1186715513467788,-0.3542804419994354,0.0491569675505161,-0.7281267642974854,0.2736172378063202,-0.4562174379825592,-0.4035131633281708,-0.3320280611515045,-0.0910236090421676,-0.0160996541380882,-0.316254198551178,0.7653443813323975,0.2082264423370361,0.222663477063179,-0.4621096849441528,-0.503148078918457,-0.7040464282035828,-0.4177868366241455,0.1927558481693267,0.3255803883075714,0.2745088338851928,0.2982934117317199,-0.1401118338108062,0.7325036525726318,0.436888724565506,0.1040650904178619,0.663826584815979,0.111908346414566,-0.5294345021247864,-0.1585965454578399,0.1365384459495544,-0.2717105150222778,0.0168289095163345,-0.143857330083847,0.2231877744197845,0.2196982055902481,0.4914810061454773,0.1397870182991027,0.3447716832160949,-0.2917183935642242,0.0003477990394458,0.466008573770523,-0.6528882384300232,-0.5498502254486084,-0.6406992673873901,0.1279291063547134,-0.6494531631469727,-0.3092299103736877,-0.2264051735401153,0.5861459970474243,-0.3014874160289764,0.3050029277801513,-0.1716019362211227,0.0522212050855159,0.2629806697368622,-0.4791663289070129,-0.0400644652545452,0.3016579747200012,-0.3867668807506561,-0.0675783678889274,-0.5167735815048218,-0.2280135452747345,-0.7076441049575806,-0.6665599346160889,0.3558297455310821,-0.4612964391708374,0.8448110222816467,0.4263072907924652,0.3717327117919922,-0.2130816727876663,0.2136790454387664,-0.4395650625228882,-0.1379182338714599,-0.4234719574451446,-0.0356907024979591,-0.0357493087649345,0.0064392061904072,0.5184308886528015,0.1779772788286209,-0.7041186094284058,-0.8204681277275085,-0.7476833462715149,0.0028904560022056,-0.4270059168338775,-0.4488175809383392,-0.0126862684264779,-0.1405869871377945,0.2082284390926361,-0.32215017080307,0.7395684719085693,-0.5396336913108826,0.2316128015518188,-0.4953520894050598,0.5771022439002991,-0.40202397108078,0.0810956805944442,0.1583993881940841,0.5331422686576843,-0.6833771467208862,0.0398928970098495,-0.4100192487239837,0.6165415644645691,0.6220531463623047,-0.3406687676906585,-0.7225481867790222,0.0585577301681041,-0.3179209530353546,-0.0281351935118436,0.5417642593383789,0.181391179561615,-0.2234051078557968,0.5440122485160828,-0.0567818656563758,-0.0207478310912847,0.1077798977494239,-0.1515886783599853,-0.2793209552764892,-0.6692509055137634,0.041555069386959,-0.0770800858736038,0.4217200577259063,-0.2459312081336975,0.1563572287559509,0.6292005777359009,-0.5004769563674927,0.3277264535427093,0.6858276724815369,0.1780090034008026,-1.3446673154830933,-0.0347803831100463,0.970336377620697,0.0402741618454456,-0.0142233790829777,0.3643267154693603,0.2377026528120041,0.6112226843833923,-0.3202166557312011,-0.2539277970790863,0.8578062057495117,0.2869665920734405,-0.3538528382778168,-0.0495684295892715,0.4075995087623596,-0.2346916049718856,0.1206443160772323,-0.1432274580001831,-0.2500223815441131,0.4777505397796631,-0.2252148240804672,-0.04609190300107,0.1738491207361221,-0.6797765493392944,-0.4630770087242126,0.471773236989975,0.0156606994569301,-0.0488553382456302,-0.7318642735481262,-0.3651100993156433,0.3015706539154053,1.102678894996643,0.6135445833206177,0.5639049410820007,-0.2992725968360901,-0.5780555009841919,0.5964652299880981,0.0001506157714175,0.4029400944709778,-0.275426983833313,-0.5335673689842224,-0.1483619958162307,0.4492460191249847,-0.0620859935879707,-0.2083703130483627,0.1510203629732132,0.2353299409151077,0.2071498334407806,-0.261694073677063,0.2415539920330047,0.7686607837677002,0.0504842214286327,0.2833902537822723,0.3924749195575714,0.820503294467926,0.2193351536989212,0.1430072337388992,-0.1700319647789001,-0.107781633734703,-0.0464503653347492,0.7001138925552368,0.3850071430206299,0.0388053469359874,0.2073328346014022,0.1031020283699035,-0.0878358855843544,-0.3717678487300873,-0.1384674906730651,-0.0457870326936244,-0.6777955293655396,-0.686381995677948,-0.138799250125885,-0.0120216766372323,-0.7045502066612244,0.473073273897171,0.3419715464115143,0.4307880401611328,-0.5315377116203308,-0.1250596195459365,0.5039930939674377,-0.1763982623815536,-0.3417385518550873,-0.1693855822086334,0.3543617725372314,-0.5939717888832092,-0.2229674905538559,-0.2577818036079407,-0.357987642288208,-0.3167111873626709,-0.0947636142373085,-0.8816103339195251,0.2206939756870269,0.1561333090066909,0.556351900100708,-0.0249521769583225,0.1050672605633735,0.2073166817426681,-0.110191561281681,-0.0443511642515659,-0.0873317718505859,-0.1366418302059173,0.0270251370966434,0.4362976551055908,0.4538975059986114,0.4011185467243194,0.4229632318019867,-0.0197619330137968,-0.3554701805114746,-0.2132369726896286,0.2449856996536255,-0.4821258187294006,-0.5262017846107483,0.7479609251022339,-0.156482920050621,0.0460313037037849,-0.2654120028018951,-0.0534625314176082,0.803116500377655,-0.2670457363128662,-0.1756482869386673,-0.051705002784729,0.0671064257621765,0.0957477837800979,0.4147038161754608,0.3733814358711242,0.959229290485382,-0.0159511547535657,0.0813415795564651,-0.0627298504114151,-0.2355812638998031,0.4483131170272827,-0.4812310338020324,0.2091173082590103,-0.0879557281732559,0.2811487913131714,0.9076653718948364,0.3419735729694366,0.2447381913661956,0.1398565918207168,-0.1145596578717231,-0.2829235196113586,0.1402857899665832,0.8493282198905945,0.0695818588137626,-0.3929468989372253,-0.0177651233971118,-0.4741891920566559,0.1980562061071396,-0.0619919262826442,-0.0501796342432498,0.0437217652797699,-0.5344532132148743,0.4956914186477661,-0.4106553792953491,-0.4851008653640747,-0.739810585975647,-0.7049449682235718,0.2712744474411011,-0.1837588548660278,0.0518123544752597,0.4887271523475647,0.4544070661067962,-0.5846787691116333,0.3876837193965912,0.3218720555305481,0.3573938310146332,0.3553830087184906,-0.3799982964992523,-0.3474487960338592,0.4077852666378021,-0.0878432542085647,-0.2300858348608017,0.0811518728733062,-0.077950395643711,-0.3456917405128479,-0.3997458517551422,0.0990882962942123,0.0089356638491153,-0.0458664000034332,-0.0993360579013824,0.1967685520648956,0.0282615888863801,-0.4263617992401123,-0.2708835303783417,-0.3111379444599151,0.0178970415145158,-0.139445349574089,-0.5245065093040466,-0.2021433711051941,-0.1232845932245254,0.5057178735733032,0.4112260043621063,0.4578993320465088,-0.2590113878250122,0.2669944167137146,0.3359394073486328,0.5423370599746704,-0.3525971472263336,-0.0929851979017257,-0.2864218056201935,-0.5184913873672485,0.2444619089365005,0.5577283501625061,-0.0399972684681415,-0.0680266693234443,-0.5231679081916809,-0.683489978313446,-0.0734597668051719,-0.1042894050478935,-0.9446498155593872,0.3004504144191742,0.3428196012973785,0.5223770141601562,-0.5121788382530212,0.1714802533388137,-0.1728483885526657,0.4421372413635254,0.1618828326463699,0.2459248751401901,0.2218044847249984,-0.6905056238174438,-0.1066251844167709,-0.0904255658388137,-0.5260455012321472,0.7962231636047363,0.4665993452072143,-0.4816798567771911,0.3228500187397003,0.7024955749511719,0.176348477602005,-0.4628303349018097,0.1372342705726623,-0.4230745732784271,-0.2605915367603302,0.1086388006806373,0.4986057579517364,0.1531921178102493,0.1121822074055671,-0.2572976052761078,0.0310910213738679,0.6210033297538757,0.5431952476501465,0.2993086874485016,-0.011157751083374,-0.0905102044343948,-0.2918620109558105,-0.359261155128479,0.4765995442867279,0.3135992288589477,0.9275248050689696,-0.6948481202125549,0.8270947337150574,0.417987197637558,-0.3516790270805359,0.5475863218307495,0.8275810480117798,-0.1295352131128311,0.3588325381278991,-0.3821957409381866,0.064886063337326,-0.912461519241333,0.0441856309771537,-0.2212532311677932,-0.0143553661182522,-0.1201798990368843,-0.0609278529882431,0.004015864804387,-0.4199044704437256,0.2204073518514633,0.0230938773602247,0.0410899668931961,-0.019476206973195,0.3957511484622955,-0.475532591342926,0.7654542326927185,0.3582446873188019,-0.3600449860095978,-0.1573605239391327,0.1476099491119384,0.087788887321949,0.7888616323471069,-0.2477010488510131,0.4315614104270935,0.0922671258449554,-0.8847265839576721,0.1002267077565193,0.0895279422402381,-0.0947557389736175,0.6437154412269592,-0.3262166082859039,-0.3809820115566253,0.3472054898738861,0.9383267164230348,0.2875902056694031,-0.3568570613861084,-0.5209187269210815,-0.0570540651679039,-0.4023283720016479,-0.3859650492668152,0.0292511992156505,0.1276062428951263,0.4225535094738006,-0.1213698908686637,-0.0419671200215816,0.1576462239027023,0.403877705335617,0.1310643404722213,0.1157403141260147,0.042076501995325,0.0924983173608779,-0.273703396320343,0.1220830157399177,0.3158020973205566,-0.4917131662368774,-0.1744960844516754,0.7196577191352844,-0.1164612844586372,0.2353215664625167,0.0578406751155853,0.2041558921337127,0.1030446588993072,0.1119522377848625,-0.1834087073802948,-0.6722075939178467,-0.3497683405876159,0.4408051371574402,-0.8758087158203125,-0.1174071803689003,0.1080517321825027,0.3653841316699981,0.1020702868700027,-0.0060884314589202,-0.5854359865188599,-0.2722901105880737,-0.1771976202726364,0.3641877174377441,-0.4985266625881195,-0.6596727967262268,0.6454887986183167,-0.088888369500637,-0.4597136676311493,-1.2287819385528564,0.5890169739723206,0.0776873603463172,0.5915550589561462,0.1351224184036255,0.1538237184286117,0.1059198677539825,0.2237645983695984,0.0037742669228464,-0.2173176407814026,0.581588625907898,-10.289658546447754,-0.3003974854946136,-0.3242519795894623,-0.7455151677131653,-0.3652228415012359,0.2694185078144073,0.6051923632621765,0.1781440675258636,-0.4923450648784637,0.1491096913814544,-0.3996672034263611,0.0590169504284858,0.1558715552091598,0.1004372909665107,-0.3681308627128601,0.3068011403083801,-0.3219028413295746,-0.2939372062683105,-0.3147366940975189,0.0405683368444442,-0.4046725928783417,-0.3304223716259002,0.7073029279708862,0.1135795414447784,-0.0477767586708068,-0.3105928897857666,-0.0543449595570564,0.096657320857048,-0.3457956314086914,0.2954535782337188,-0.3798690140247345,0.5762261748313904,-0.1736059039831161,-0.1127649620175361,-0.4583718776702881,-0.1888875365257263,0.0478667467832565,-0.4949324131011963,-0.1944606155157089,0.5718844532966614,0.442748486995697,0.6001575589179993,0.0038139026146382,-0.124246634542942,0.2433841079473495,-0.0014174034586176,0.0019126454135403,0.0463049300014972,0.6046343445777893,-0.2788213491439819,0.4446240961551666,-0.2662782073020935,0.237011581659317,-0.186130553483963,0.263404369354248,0.2885286211967468,0.7916185259819031,-1.0048638582229614,-0.1511134207248687,0.2246227115392685,0.1177573800086975,0.110612116754055,1.0127406120300293,0.0812015458941459,-0.0826491713523864,0.3211994469165802,0.3936371207237243,0.1789993792772293,-0.4705178439617157,-0.6871199011802673,0.3974434733390808,0.4097597002983093,0.1838757097721099,0.1602386534214019,-0.3042787313461303,0.4773211181163788,-0.0504228137433528,0.317943125963211,0.172936737537384,0.0184958018362522,0.6552831530570984,-0.3927880823612213,-0.2618248164653778,0.1869706809520721,-0.8683280348777771,0.1728643476963043,-0.1377306431531906,-0.2829202115535736,0.312147855758667,-0.7298805117607117,0.3388964235782623,0.1424144953489303,-0.1129440441727638,0.3945612907409668,0.4246352910995483,-0.2910743355751037,-0.1674259603023529,0.4524502754211426,0.3383530974388122,-0.4104370474815368,-0.3733859,-0.49490812,0.8634722,0.72038865,-1.1427057,-0.81024826,-0.9060747,0.73282886,1.2225959,0.34578073,0.29074612,-0.40431106,-1.6816411,2.3795767,-0.7919682,0.16026756,0.9563895,-0.55105317,0.32942492,0.088684216,0.4181341,0.66707957,1.0278648,-0.7597528,0.92749983,0.7251824,0.90713125,-0.4092161,-0.62232697,-0.44793484,0.32407254,-0.25910294,-1.0761495,-0.6516547,0.2649612,-0.8938396,-1.63255,1.417824,-0.083412714,-0.3364738,-1.1304884,0.9413514,0.37212253,-0.20631653,-0.6397813,0.03136184,1.8068004,-0.52916354,0.63814276,-0.10162395,-0.97566706,-0.67446584,0.6806941,0.6132637,0.21149455,-0.42202443,1.3469352,0.8410382,0.07988637,-0.63598996,0.36084878,0.499031,-1.0174505,-0.25423372,0.16201708,0.83981746,-0.5340488,0.14285713,-0.37741292,-0.34951293,-2.3327687,-1.012836,0.23560742,1.3557942,-1.1400036,0.6393187,0.2572255,-1.2635446,0.2200551,0.14515263,0.3553066,-0.07873795,-0.9028696,1.3758894,-0.8376195,-0.9209279,-0.74681383,-0.5584302,-1.4926877,0.06738973,-0.41117945,-1.6738616,-1.3937247,-1.2774339,1.4667618,-0.27186766,-0.8968589,-0.9630259,-1.2998402,0.1297615,0.033069216,1.3144364,0.49933332,0.11232516,-1.0860581,-0.5489619,-0.46499807,-0.5100126,-0.49251693,0.557551,-0.059752423,0.49686825,0.44694802,1.46078,0.36321235,0.5721566,-0.8644364,-0.84403026,-0.5625034,0.53591865,1.494242,0.17688936,-1.0508403,0.9037682,-0.15158546,1.114224,0.23681825,-0.3739197,0.76537156,0.36609504,0.29545307,-0.7048255,1.8336478,0.8569484,-0.9086585,-0.5245445,-0.5591092,0.25013286,0.62230545,-1.3865952,-0.75569904,0.022347974,0.07182459,-0.45833543,0.24891315,-1.269542,-0.06307594,0.6600089,1.5549321,-0.43473995,-0.37742513,-0.2913823,-1.4444668,0.64357525,0.9332509,-0.030987792,-0.18664071,0.17463991,-1.6916537,0.6380787,-0.4446767,1.46061,-1.0491809,0.4966742,-0.6066706,0.7408916,-1.0262566,0.33421803,-1.0075346,-2.2866411,-0.71529806,0.50702304,1.2355255,0.121322915,0.63697046,-0.6743735,0.3417759,0.37039846,-0.84614056,-0.021107547,0.81625354,1.4281206,0.105339624,1.2598414,-0.07444128,0.4144995,0.7435807,0.5004774,0.15472819,0.19557682,0.9736006,-0.41169202,0.69508886,0.92897904,1.346803,2.4861374,0.8722534,-1.3402798,-1.7244215,1.0216676,-1.9739877,-0.68219405,0.96856666,-0.99533993,1.2734355,-1.2891557,-1.2181835,1.6710978,0.034932368,-0.15528092,-1.349863,-1.1441067,1.3551611,0.46053353,-0.16548418,0.028525315,-0.97617614,0.26621565,-0.6263764,-0.3639336,0.5064467,0.85016906,0.25033665,0.9022878,-1.3715787,0.44479564,0.42917633,0.11806466,0.55144066,0.61498547,-1.0672731,0.28525513,0.51618373,-0.42555344,-0.34755358,0.31183687,-0.4096715,0.6936492,-0.20574495,0.7623105,0.69238776,-0.9001748,0.0009189993,-0.38188165,0.08944583,0.76665646,1.6436366,0.03229481,-1.4277076,-0.3932675,0.48492676,0.9295677,0.5587935,0.7153055,0.3358294,0.99577355,-0.52382785,0.19951007,-0.45386705,-0.30280438,-0.2764547,0.57973933,0.42629358,0.05752188,0.25319818,-0.5325096,-0.9761703,-0.01547236,0.18035041,-1.1558031,-0.7729739,-0.71831363,-0.65968186,0.18712658,0.24216287,0.5842161,-0.4562827,-1.1912842,-0.76860976,0.1334195,1.0092297,-1.3018014,-0.31340557,0.6873002,-0.8046787,0.61032933,-0.24639419,-0.1819936,0.44791004,0.6520003,-1.3102665,0.95041114,0.112561956,0.5620959,1.365,0.07863399,1.2001289,-0.4757653,0.063682884,-0.7603845,0.95617384,1.0303195,-1.1218917,0.91828597,-0.43984386,-0.47333917,0.8367545,-1.0175816,-0.2364795,-0.97669363,-0.055485196,-0.18846503,-1.7507337,1.5675658,-1.9392741,1.7137803,-1.7172192,-0.8523415,-0.44476497,-0.4646722,-1.122694,0.46004692,0.6405993,0.1402246,0.19340318,0.5822963,0.034448914,0.43801552,0.24359408,1.0606365,0.06724195,0.68258506,-0.9147181,-1.1467695,0.17405082,0.7192756,-1.2124594,-1.4039545,-1.1444235,-0.04968968,0.23413491,-0.4622551,-0.41204137,0.9799375,-0.34411028,0.39372677,-1.2385985,-0.5280476,0.22040883,-1.0310365,1.0017935,-0.34262952,1.3952689,-1.2188237,-0.4682457,-0.2187242,-1.3922658,0.18561181,0.103934705,1.6924205,0.5954828,0.6454665,0.27960745,0.42243993,-0.32146257,-0.26850927,1.2459247,-0.0527287,2.1875916,0.0994823,-0.5221257,1.7792966,0.054575384,0.66033775,-0.28409776,0.16978022,1.8823696,-0.21692663,-0.43003064,-0.44816786,-0.048497822,-0.4755678,-0.22022736,0.7738701,0.4499176,-0.11253112,0.54667926,0.6674245,-0.55591846,-1.070757,-0.87842953,0.58290565,0.8012327,1.6282221,1.1139303,-0.025479805,-0.40486902,-1.7004954,0.5534312,0.99542826,0.50628763,0.3378522,-1.4575087,0.7281923,0.5703592,0.39443088,-1.7290032,-2.108323,1.6933959,0.5001865,0.109375454,1.1461536,-1.1655004,-1.6776056,-0.31310615,0.28701788,-0.30632767,-0.9811759,-0.57200056,0.28576693,-0.44001186,1.1296191,0.8134813,0.8904966,-0.017025962,-0.12798408,0.54022104,0.1499993,-0.53562844,-0.043209746,-0.2464228,0.6345804,-1.2560428,-0.4697948,0.8683118,-2.0754044,0.8711567,-0.08809888,-0.0973534,0.23778504,-0.27075973,-1.226119,-0.13096982,-0.12822598,-0.94917595,-0.52837336,0.30834728,-1.3192137,-1.6551037,0.70634264,1.3186263,-0.78401667,0.29897478,0.59213865,0.07139811,0.76174235,-0.022421576,-0.3646738,0.2825335,-0.44975102,-0.55536026,-0.38007593,-1.1108457,-0.41206533,0.63792855,-1.1244985,-1.3495069,1.0005858,0.7779767,-1.5326926,-0.7337611,-0.40913343,-0.3925811,0.508985,0.8461069,-0.091992155,-0.49161202,-0.7567322,-0.05300816,0.21332562,0.060044087,-0.27532926,-0.24556844,0.38848698,-0.48147544,0.16676389,1.4183061,0.20083794,1.0210589,1.1504908,0.015323579,-0.23637055,0.6255128,-0.23795035,-0.002184093,1.1878095,-1.2313654,-0.7982228,1.5611929,-0.38224712,-0.95649385,-0.39199364,0.48433572,0.053593643,-0.12514868,0.4911733,1.0885129,1.5533347,0.84624845,1.5901128,-0.3895664,-0.34014636,-0.28296065,0.36691543,-1.3935572,-0.713434,-0.16525038,0.47191328,1.8126185,-0.6431741,0.518158,0.95689696,-1.0946591,-0.95682156,0.2435202,0.53686714,-0.5677242,-0.86018467,0.35344547,-1.1455995,0.18656223,-2.0309496,-0.42440185,0.5702081,0.87552243,-0.8242841,0.051874097,0.44853923,0.23368534,-0.8751309,0.5359041,1.3274553,1.53902,-0.26548576,-0.44556394,0.14375201,-0.10491315,-1.364016,0.047818564,-1.012253,-0.5756032,0.004602086,-0.25893426,-0.4187257,-0.4898076,-0.6592299,1.3616719,0.124737345,-0.545402,0.062106475,-0.9914194,1.5633466,-0.34656543,-0.5292709,1.2471573,1.2753162,-1.3691512,0.75764835,-1.4831829,1.3608384,-0.7437133,0.8047237,0.94843006,0.35863304,-0.649866,1.4440172,-0.88999367,-0.16919738,-0.18545502,0.5421155,-0.33650893,0.122117765,-2.0046887,1.0661877,-1.2219033,-0.7447184,0.13158126,0.75577545,-0.5876342,0.5141567,-0.4511806,0.24979636,-0.049164202,-1.143292,1.0443697,1.8814651,0.12807904,-0.8859783,0.8429188,0.17237043,-0.4320243,-0.092648715,2.4892035,0.10439174,0.81338257,-0.8996111,-0.5599804,0.5970119,-0.10353174,-1.1712195,-0.36239207,-0.21361278,-0.032122314,0.43687582,-0.4193805,1.2627765,-0.5050188,0.09744071,1.0616804,-0.48080224,0.03496647,0.42129457,-0.5670116,-0.98543245,-1.3473529,0.20418458,0.47930312,-0.6691983,0.24355456,1.105014,1.6686859,0.96823066,-0.78717893,-0.51273906,0.9063366,0.8269403,0.6370167,-1.0635873,-1.3983632,0.681996,1.9044211,-0.53904593,0.7011361,-0.013912549,-0.17422466,-1.8631272,1.1781749,-0.045300093,-0.17194408,1.1758548,0.40112314,0.112004295,0.8426959,-0.102143325,0.6265001,-0.2105244,-0.86788934,0.024121419,0.17947888,-0.86615205,0.016796544,-0.9346928,0.5263211,-0.59423095,0.5096608,-1.0023755,0.7413308,0.06675452,0.6715659,0.3548861,0.24482876,-1.1170174,-0.7156682,-0.79748756,1.5123372,0.9479703,-0.21791092,-1.0995036,-0.8032291,0.98950815,0.59038264,-0.30590734,0.15859865,0.08563234,-0.5469775,0.07926885,-0.67545336,-0.39359036,0.48486397,0.37059385,-1.1187468,1.1858419,-1.8126885,1.0589058,0.18091595,-1.5866973,-0.34070164,0.22965477,-0.54062843,1.6369159,0.9223993,0.28755665,-0.172856,1.0555437,0.68369263,-0.6118116,-0.24898325,-0.9703648,1.0846756,1.1099988,0.6536249,-1.3518256,-0.20645463,0.87133944,-0.22586283,1.3184261,-0.6228359,-0.599153,-0.7051606,-0.4019177,-1.0817345,-0.49275836,-0.80758864,0.38168213,-1.2413902,0.17194033,-0.4536066,-0.9323245,0.9841597,-0.73046553,0.5607831,-0.3466583,1.1160648,1.0036674,0.77593225,0.28490523,-0.6793495,0.054315966,-0.92750216,-0.55753,0.59659076,-1.0550166,0.3958067,0.20908809,0.6117361,1.8682203,0.2398077,-1.0373269,0.5066603,0.3345383,-0.13937153,-0.35941315,-0.5863236,-0.41128737,0.19075985,0.5419915,0.46769905,-1.2947448,-0.5277735,0.15761024,0.5131178,0.08436761,0.3902421,0.12671989,0.8552419,1.5105042,0.74895924,-0.1834718,,,,,,,,,,,,,,,,,,,,,,,,,,,,,,,,,,,,,,,,,,,,,,,,,,,,,,,,,,,,,,,,,,,,,,,,,,,,,,,,,,,,,,,,,,,,,,,,,,,,,,,,,,,,,,,,,,,,,,,,,,,,,,,,,,,,,,,,,,,,,,,,,,,,,,,,,,,,,,,,,,,,,,,,,,,,,,,,,,,,,,,,,,,,,,,,,,,,,,,,,,,,,,,,,,,,,,,,,,,,,,,,,,,,,,,,,,,,,,,,,,,,,,,,,,,,,,,,,,,,,,,,,,,,,,,,,,,,,,,,,,,,,,,,,,,,,,,,,,,,,,,,,,,,,,,,,,,,,,,,,,,,,,,,,,,,,,,,,,,,,,,,,,,,,,,,,,,,,,,,,,,,,,,,,,,,,,,,,,,,,,,,,,,,,,,,,,,,,,,,,,,,,,,,,,,,,,,,,,,,,,,,,,,,,,,,,,,,,,,,,,,,,,,,,,,,,,,,,,,,,,,,,,,,,,,,,,,,,,,,,,,,,,,,,,,,,,,,,,,,,,,,,,,,,,,,,,,,,,,,,,,,,,,,,,,,,,,,,,,,,,,,,,,,,,,,,,,,,,,,,,,,,,,,,,,,,,,,,,,,,,,,,,,,,,,,,,,,,,,,,,,,,,,,,,,,,,,,,,,,,,,,,,,,,,,,,,,,,,,,,,,,,,,,,,,,,,,,,,,,,,,,,,,,,,,,,,,,,,,,,,,,,,,,,,,,,,,,,,,,,,,,,,,,,,,,,,,,,,,,,,,,,,,,,,,,,,,,,,,,,,,,,,,,,,,,,,,,,,,,,,,,,,,,,
レ,0.2117905616760254,0.3121479153633117,0.1562394052743911,-0.4629254937171936,0.390045017004013,0.6337048411369324,1.0881186723709106,-0.0056463740766048,-0.170766532421112,0.2530775070190429,0.6528356075286865,0.053628459572792,-0.7730659246444702,-0.2084768563508987,0.4089568257331848,-0.0193083435297012,0.1951612681150436,-0.4578574299812317,-0.0257242247462272,-0.4039571285247803,-0.5136355757713318,-0.4371971487998962,-0.2878850102424621,0.3597573935985565,0.1924660056829452,-0.4333652853965759,-0.1642439216375351,0.3598285317420959,-0.0201904531568288,-0.3537894785404205,-0.3706084787845611,-0.6533679962158203,-0.0840082913637161,0.4723851084709167,-0.1644032001495361,0.1478106081485748,-0.4614156186580658,-0.0633785501122474,0.2761993110179901,0.1682424694299698,-0.2041605561971664,-0.1320968568325042,-0.3423800766468048,0.1460325717926025,-0.2512882351875305,0.4133539497852325,0.3870049118995666,0.3073773384094238,0.2511691153049469,0.1017490625381469,-0.1659357547760009,0.5354239344596863,0.6021973490715027,0.214505910873413,0.6727899312973022,-0.0370636135339736,0.5682512521743774,-0.453531414270401,0.0494370274245739,0.5928423404693604,-0.8040894269943237,-0.2667853832244873,0.0847482085227966,0.0541311167180538,-0.1311788111925125,0.3645936846733093,-0.4003202021121979,0.2563729286193847,0.4196657538414001,-0.7329273223876953,-0.1027000322937965,-0.2460679113864898,-0.0022000323515385,-0.5061097741127014,0.6372314095497131,-0.4907719492912292,0.4082140028476715,-0.074129618704319,-0.114414557814598,0.2069182693958282,0.012067012488842,0.2968576550483703,-0.3160325288772583,-1.097111463546753,-0.2134551107883453,0.2338538616895675,-1.173737645149231,-1.1753193140029907,-0.0394072346389293,-0.3731411695480346,0.1852198988199234,-0.1904119402170181,0.435625821352005,-0.0377321727573871,0.5285615921020508,-0.0480665490031242,0.3765734732151031,0.1472355723381042,-0.1908144056797027,-0.0546784065663814,-0.1798648685216903,-0.0182770062237977,0.4567586183547973,0.1206191182136535,-0.0694888085126876,0.1795269399881363,0.1035706922411918,0.0889171138405799,0.2194969058036804,0.5488621592521667,-0.4589234292507171,-0.4545409679412842,-0.325635015964508,-0.2903561890125274,0.1370228826999664,-0.2432741969823837,-0.013943457044661,0.6212024688720703,-0.2832382917404175,0.495013028383255,-0.0310995671898126,0.2136048674583435,-0.0224200654774904,-0.4056636691093445,0.1096756383776664,0.183357760310173,0.3710129261016845,-0.2452258169651031,-0.4354148209095001,-0.6802359223365784,-0.7039884924888611,0.2010551840066909,-0.4142521321773529,-0.1985100358724594,-0.5413119196891785,0.4767827093601227,0.0654575526714325,0.1358018219470977,-0.2063749730587005,-0.3627025485038757,-0.8911032676696777,0.5506511330604553,0.438832014799118,-0.273552805185318,0.3570392429828644,0.1536500006914138,-0.1083672046661377,-0.3018442392349243,-0.2961812019348144,0.3656904101371765,-0.0461749397218227,1.0829944610595703,-0.8864209651947021,-0.0287730749696493,0.1134048253297805,0.1907553821802139,-0.8784778714179993,0.0868647620081901,0.1610970199108123,0.2160707116127014,0.1833815276622772,0.1909985095262527,0.4241929054260254,0.7586808204650879,0.1739982813596725,0.4192627072334289,0.1723813563585281,-0.0471206419169902,0.4602500796318054,0.9334534406661988,0.8026925325393677,0.5906803011894226,0.639782726764679,-0.2721291482448578,0.3720037043094635,0.4919886887073517,1.0868557691574097,-0.2087391912937164,-0.0418818779289722,-0.6689278483390808,-0.1778179258108139,0.0538549572229385,0.2513146698474884,-0.7792330384254456,0.4287604987621307,-0.1392896771430969,0.4771264791488647,-0.0090097831562161,-0.3297283053398132,0.2227344959974289,0.0094362776726484,-0.4763235747814178,0.2744381725788116,-0.607636034488678,-0.5660531520843506,-0.0383359305560588,-0.22992804646492,0.2989507615566253,-0.9946051239967346,0.3439550995826721,0.2811705470085144,0.3484592735767364,-0.254391998052597,-0.6050919890403748,-0.7902008295059204,-0.6910585761070251,-0.3287214934825897,0.5906696915626526,0.2161250859498977,0.4580504596233368,-0.2027396857738495,0.0301326997578144,0.1133935302495956,0.0562979727983474,0.6823331117630005,-0.2002899348735809,-0.2363249957561493,-0.3913510143756866,0.0205564927309751,-0.4403732419013977,0.3192100524902344,-0.3495998978614807,-0.009989277459681,-0.4206234812736511,0.0727967247366905,0.4092780649662018,0.0604039318859577,-0.725088894367218,-0.0453305095434188,0.1212045028805732,-0.50876384973526,-0.3219232559204101,-0.8828571438789368,-0.0466342270374298,-0.6770942211151123,-0.2274266928434372,-0.5287619233131409,0.2713801562786102,-0.1003837138414383,0.2023546248674392,0.2903120219707489,-0.2930779457092285,0.3587330877780914,-0.4666865468025207,-0.2536720335483551,0.074148453772068,-0.0106865931302309,-0.1501522213220596,0.0824689120054245,0.0169533267617225,-0.6542825102806091,-0.5562083721160889,0.2805315256118774,-0.5249534845352173,0.6291301846504211,0.9267294406890868,0.21297487616539,-0.3866842985153198,-0.1404792368412017,-0.288277268409729,-0.7538468241691589,-0.601349949836731,0.0103062717244029,0.3493134677410126,0.1735527068376541,-0.3601993322372436,-0.0170882865786552,-0.3899780213832855,-0.8496482372283936,-0.6786832213401794,0.1216450110077858,-0.5447189211845398,-0.3879033327102661,-0.3882520198822021,-0.0639475882053375,-0.3947062492370605,-0.511833131313324,0.7816256880760193,-0.2746819257736206,0.8129878640174866,-0.2570967078208923,0.5210279822349548,-0.5014829635620117,-0.3582293689250946,-0.158339262008667,0.2937005758285522,-0.5816053152084351,-0.6316881775856018,-0.5704381465911865,0.8124696612358093,0.2561964094638824,-0.440510630607605,0.1523504108190536,-0.1696689575910568,-0.0151950847357511,0.6570547223091125,0.4608457386493683,-0.1510151326656341,0.1986656337976455,-0.0571198500692844,0.8234789371490479,0.2076254040002823,0.2605276107788086,0.1412676274776458,-0.2337222248315811,-0.1798868328332901,-0.4096819758415222,0.2393898367881775,0.59272301197052,-0.6546981930732727,0.2645640671253204,0.6658354997634888,-0.7613349556922913,0.2999995052814483,0.6035934686660767,0.4401136934757232,-1.7423064708709717,-0.2082479149103164,0.4116913974285126,-0.2186864763498306,-0.4679799675941467,0.4473115801811218,0.4502532184123993,0.7448415160179138,-0.5643852353096008,-0.5384001135826111,1.0851515531539917,0.2082655280828476,-0.3983623087406158,-0.2841724455356598,-0.2714442312717438,0.1411837190389633,0.4094347953796386,-0.4377382099628448,0.1247440576553344,0.5907484889030457,-0.6012083888053894,-0.2039415091276168,-0.2876340746879577,-0.4809634089469909,-0.0262211672961711,0.7633470296859741,-0.075466550886631,0.5890293717384338,-0.2061975598335266,-0.1386841088533401,0.2512601613998413,1.264856457710266,0.5821037888526917,0.93707013130188,-0.4061785638332367,-0.6914047598838806,0.4056395590305328,0.2793618142604828,0.1423254907131195,-0.6553160548210144,-0.0359991714358329,-0.0283814463764429,0.2449005991220474,0.1190508976578712,-0.3288580775260925,0.28451868891716,0.5118301510810852,0.2192897796630859,-0.233976274728775,0.2867506146430969,1.069006085395813,-0.1219416260719299,0.2690666019916534,0.3371084332466125,0.4463232159614563,0.4316133856773376,-0.0512827150523662,-0.4483082592487335,0.29629847407341,-0.5646525621414185,0.4489177167415619,-0.1907517462968826,-0.2698413729667663,-0.0424539856612682,-0.1356954723596573,-0.408144474029541,-0.0640518814325332,-0.5696301460266113,0.3332100212574005,-0.5208150744438171,-0.619455873966217,-0.3639467358589172,0.2954423129558563,0.0026043504476547,0.6866918206214905,1.0783627033233645,0.3762382566928863,-0.8407120108604431,-0.507274329662323,0.2698727548122406,-0.7400119304656982,0.3487202227115631,0.2924391329288482,0.5262200832366943,-0.1461356431245803,-0.323804497718811,-0.6992824673652649,-0.4243197739124298,-1.0018885135650637,-0.0689015761017799,-0.480664849281311,-0.1328684985637664,-0.1876741498708725,0.7842838764190674,0.0377273298799991,0.1313119530677795,0.3743707239627838,0.2357375621795654,-0.6334706544876099,-0.6373453140258789,-0.5296012759208679,0.2665390372276306,0.4465913772583008,0.4130094349384308,0.0935427695512771,0.5246568918228149,0.3604332506656647,-0.0425687171518802,-0.011022157035768,-0.0592614971101284,-0.0506973788142204,-0.4688891470432281,0.3955124020576477,-0.3827786445617676,-0.1108361631631851,0.4715938866138458,-0.1808754056692123,1.0932482481002808,-0.0078852931037545,-0.2660831212997436,0.2142315953969955,0.0394428186118602,-0.339678555727005,0.9833305478096008,0.1910279095172882,0.6934505105018616,-0.1560267508029937,0.4660097658634186,-0.1687406152486801,-0.1363796442747116,0.2893185019493103,-0.5636420845985413,-0.1794018447399139,-0.0232059769332408,0.1538005173206329,1.2400097846984863,0.2166386842727661,0.0475354567170143,-0.2214215546846389,0.1919677853584289,-0.0871589183807373,0.5178384780883789,0.0164071805775165,0.0822151228785514,-0.3610912263393402,0.3841187357902527,-0.35410276055336,0.0314372777938842,0.0443949177861213,0.1305703073740005,0.2442099601030349,0.1803862005472183,0.513420045375824,-0.7066293954849243,-0.6802232265472412,-0.3787112832069397,-1.3109487295150757,-0.0961420834064483,-0.8008319735527039,0.4020715951919555,0.325710654258728,-0.0016069839475676,-0.692893385887146,0.7900252342224121,0.2716479897499084,0.206939697265625,-0.0380356349050998,-0.4027062058448791,-0.5269857048988342,0.1135526448488235,-0.2245398461818695,-0.2606668472290039,0.2763649523258209,-0.2637712061405182,-0.8331787586212158,-0.7691138982772827,-0.1423832923173904,-0.4964363873004913,0.264447420835495,-0.4332245886325836,0.3284108340740204,0.5426124334335327,-0.9385073781013488,0.071190021932125,-0.3312522768974304,0.0120897646993398,-0.0463244654238224,-0.559325635433197,0.1614034920930862,-0.2113488316535949,-0.1161987110972404,0.95692777633667,1.2726802825927734,-0.1538219898939132,0.0029803221113979,0.6464163661003113,0.4682768583297729,-0.1482464522123336,0.1678376644849777,-0.0586160384118557,-0.0777111425995826,-0.1361441016197204,0.4181005656719208,0.3951898515224457,0.4984116852283478,-0.1019718647003173,-0.9674118757247924,-0.3025701642036438,-0.0282127056270837,-0.7616608738899231,0.8480797410011292,0.1494771540164947,0.574199378490448,-0.5650086402893066,0.2550767958164215,-0.71798175573349,0.0653414502739906,-0.338440328836441,0.74214106798172,-0.1519326120615005,-1.04733407497406,-0.3789604306221008,-0.3384161293506622,-0.6560640335083008,1.1519591808319092,0.2975504696369171,-0.5317815542221069,0.2551583647727966,0.4731556475162506,0.587594211101532,-0.1619690656661987,-0.2609764635562897,-0.6079117059707642,-0.0017427069833502,0.5699704885482788,0.1860572397708892,0.1896099895238876,0.2328871637582779,-0.2601096034049988,-0.3143323361873626,0.9247277975082396,-0.1064913645386695,0.2154057919979095,0.0015762044349685,-0.1405285149812698,0.264834463596344,-0.3598867356777191,0.1251207739114761,-0.0151385283097624,0.3542501628398895,-0.390069842338562,0.8113157749176025,0.6534985303878784,-0.2982082664966583,0.1151459738612175,1.2175644636154177,0.2156867235898971,0.8101264238357544,-0.093058168888092,0.1702180951833725,-1.071484088897705,0.3220025599002838,-0.0250449869781732,-0.308299571275711,0.0345678962767124,0.3359158933162689,-0.0597240589559078,-0.0791508331894874,0.1835925281047821,-0.053082101047039,-0.0485626757144928,0.8922157883644104,0.0628977939486503,-0.5882019996643066,0.8489956259727478,0.2754040956497192,-0.5140018463134766,0.1326376944780349,0.0538741908967494,0.7396072745323181,0.7340333461761475,-0.0887859836220741,0.5723599195480347,-0.3434407114982605,-0.9113019704818726,0.3252838551998138,-0.3197488784790039,0.2648066878318786,0.6553521156311035,-0.8622150421142578,-0.280593603849411,0.5223824381828308,0.3255664408206939,-0.1454605609178543,-0.4469906985759735,-0.8115350604057312,0.1609253883361816,0.1230842843651771,-0.4953006207942962,0.0215020291507244,0.2967218458652496,0.9404445290565492,0.3575349748134613,-0.353697806596756,0.2374450266361236,0.5376483798027039,0.1128925904631614,-0.25223308801651,0.0698895826935768,0.0508544854819774,0.2926948368549347,-0.1915831416845321,1.0132564306259155,-0.1815376281738281,-0.3185296356678009,0.4014007151126861,-0.4614874422550201,-0.335044115781784,0.2220762223005294,0.3514877557754516,0.0488082766532897,-0.2461649477481842,0.2165629267692566,-0.3726502358913421,-0.1613164097070694,-0.0257273651659488,-0.8785126805305481,0.1489665508270263,-0.1107839569449424,-0.0734648555517196,0.2120403349399566,-0.1659501940011978,-0.5672335624694824,-0.3633099794387817,-0.148784264922142,0.2369097471237182,-1.0670300722122192,-0.3297955095767975,0.9113585352897644,-0.0460878871381282,-0.454724907875061,-1.180962085723877,0.6429499387741089,-0.1859851777553558,0.5636294484138489,0.0384793318808078,0.36334228515625,0.0295556746423244,0.2435443848371505,-0.0163167957216501,-0.4478264451026916,0.1281453818082809,-9.772605895996094,0.110378548502922,-0.2114382833242416,-0.7284467220306396,0.1296182870864868,-0.3700575828552246,0.7001084089279175,0.7799782156944275,-0.5736806988716125,0.0128816161304712,-0.2321074903011322,0.1512254625558853,0.4533787667751312,0.3117083609104156,-0.2548143267631531,-0.3484274744987488,-0.3227987289428711,-0.2580979168415069,-0.0072240582667291,-0.1067056730389595,0.0884802192449569,-0.6279972195625305,1.1601966619491575,-0.0601275265216827,-0.2139840424060821,0.0270081255584955,-0.6554216146469116,0.2716947495937347,0.2104493528604507,0.2712748348712921,-1.0500394105911257,0.6977638006210327,0.151515856385231,-0.1209724098443985,-0.076580174267292,0.0832716226577758,-0.1007737442851066,-0.1844314485788345,-0.9225881099700928,0.6244952082633972,-0.0883222818374633,0.5163093209266663,0.3374885320663452,0.0138079226016998,0.5462932586669922,-0.6015337705612183,-0.1600221395492553,0.1806127279996872,0.7666876912117004,-0.0352241285145282,-0.2134445756673813,-0.2163338810205459,0.1733295023441314,-0.1142399460077285,0.1532788574695587,-0.1431831866502761,0.3888608515262604,-0.5076041221618652,0.4852150380611419,0.052206628024578,0.5553498864173889,0.1538432836532592,0.2521722316741943,0.4677759110927582,-0.1824336647987365,0.6698675155639648,-0.0603947453200817,-0.019552357494831,-0.3212562501430511,0.0143888778984546,0.5347374677658081,0.4911537766456604,0.3025696575641632,0.1234117150306701,0.2065031677484512,0.4246428906917572,-0.1623638123273849,0.3432522714138031,0.1864597797393798,0.1211486309766769,0.506132185459137,-0.7597959637641907,0.1330552250146865,0.0247879140079021,-1.0006664991378784,0.411822110414505,-0.2997811436653137,-0.0139427538961172,0.2921960949897766,-0.4114124476909637,0.4698550701141357,-0.0569961778819561,-0.311755895614624,-0.0610242784023284,0.381321519613266,-0.0760421901941299,0.2164565622806549,0.293256402015686,0.102699339389801,-0.3387416005134582,-0.7020911,-0.8061597,1.2018563,1.3814605,-1.6101673,0.10482583,-1.7987694,0.83406866,1.1846637,0.5892736,0.34867722,0.4027837,-1.5918581,2.0724156,-0.95970803,0.28327495,1.3677188,-0.93925077,-0.6133295,0.39840397,0.72191685,-0.037560284,0.13960984,-1.2612517,1.4628582,0.9667479,0.54080194,-0.43464833,-0.487698,-0.82458484,0.48806524,-0.58884037,-1.464345,-0.5455451,0.23575965,-1.3992177,-1.9903008,1.332761,-0.17908135,-0.5164876,-0.7991605,0.569748,-0.23394552,0.047411762,-0.7282785,-0.18022104,1.4934008,-0.8082593,0.75331056,-0.33211392,-0.781335,-0.36377254,0.24731985,1.1209279,0.3337038,-0.58513457,1.369072,0.59051156,-0.27639833,-0.028618742,0.8619553,0.5918173,-0.7017922,-0.09504057,0.87987995,1.3740308,-0.3251359,0.17312914,0.14068234,0.5347944,-1.9126074,-1.1843832,0.30225238,1.3077517,-1.6347431,0.6537644,-0.3191712,-0.34994808,0.456522,-0.40057382,-0.080494,-0.78586996,-0.9918553,1.1118904,-0.11787313,-0.7878318,-0.9004256,-0.42472285,-1.466728,-0.3884344,-0.82341194,-1.769463,-0.6208805,-1.7938572,1.7672806,0.048750214,-0.5272788,-0.70101744,-1.1432316,-0.12029956,-0.4067215,0.8281587,0.023649592,-0.7619754,-0.7358896,-0.7094989,-0.8525942,-0.5913194,-0.7669126,0.88726175,0.49701357,1.0119694,0.4957688,1.7380167,1.2799973,1.2875721,-0.74335194,-0.326293,-0.567792,0.90176344,1.2852387,0.5208262,-0.42841625,0.25043243,0.33492407,0.86709243,-0.17789283,-0.8765475,0.3758456,0.23458123,0.5844577,-0.599646,1.8765446,0.42042565,-0.7497145,-0.2540442,0.17740485,-0.036828846,1.29911,-1.4222336,-0.36168298,0.53627,-0.46292347,-0.3136763,0.48404187,-1.0754018,-0.23649755,0.69569045,1.8216871,0.013579774,-0.4130469,0.50128865,-1.5635206,0.031346094,1.2039092,-0.5347055,0.17979357,0.34942478,-1.1747222,1.0074009,-0.6273829,1.428137,-0.8836524,0.49763554,0.2513314,1.3623788,-0.17585137,0.3707425,-0.5375172,-2.3253305,-0.4394042,0.072200626,0.14181392,-0.08109313,0.43981522,-0.4205866,0.7074336,0.5420897,-1.5339164,-0.44130388,1.0633215,0.8349749,-0.21872535,1.1147249,-0.039635412,0.6980611,1.0907017,0.7428099,0.3442962,0.052190732,1.1730623,-0.1083654,0.67195195,1.0078884,0.73908,3.2849517,0.31616384,-1.3461955,-1.8579155,0.8888098,-2.5535464,-0.41538566,0.856212,-1.0561429,0.29644692,-0.97279024,-0.8939484,2.3137875,0.49287075,-0.16405573,-1.7400253,-1.1195852,0.8129942,0.8090118,-0.7794428,0.6034156,-1.4344177,0.009204608,-0.0033133342,-0.0724013,0.83034784,1.3302767,0.33619863,0.31095785,-0.8874542,1.0402269,-0.2259955,-0.002313733,-0.15735821,0.96066797,-0.75776625,0.24195509,0.19596307,-0.17836967,-0.010517264,0.5249912,-0.30556446,0.729138,-0.25833493,0.6858691,0.6419544,-0.73040956,0.014247686,0.08360995,0.13738322,1.338941,1.2705458,0.2025168,-1.7514393,-0.31581783,0.35376334,0.8876604,0.00914219,0.20051523,0.12410475,0.7971532,-0.2831846,0.22270127,-0.31010562,-0.8519522,0.16174407,0.54456836,-0.037204884,0.54378355,0.45214933,-0.40268636,-0.31556693,0.6785891,0.39905372,-0.2324107,-1.3621547,-0.74503535,-0.82167035,0.45534784,0.6381863,0.3807601,-0.24285284,-1.2302849,-0.53452337,0.33878893,0.30916014,-2.1638083,-0.019831669,-0.27237648,-1.1215109,0.65699303,-0.2209357,-0.10433338,0.8191618,-0.09905795,-1.1533886,1.1590048,-0.07077634,1.1782525,1.1123118,0.25254187,0.82696074,-1.0758852,0.37818304,-0.609756,0.49547267,0.36929804,-1.7225931,0.76179945,-0.6589073,-1.0790889,0.99237764,-1.4702837,0.05939398,-1.5214889,0.17853695,-0.28711596,-1.5003219,2.1567912,-1.9907818,1.6151135,-2.2084475,-0.24140689,-0.2722741,-0.32669538,-1.2407862,0.54209465,0.25398254,0.15339787,0.38237658,0.35246032,0.6666752,0.92064714,0.015679097,0.7093636,-0.27847403,0.6355022,-1.1638103,-1.1983002,-0.16973066,0.25788283,-0.9821845,-1.565953,-0.87514734,-0.28687683,0.68819195,-0.8121746,-0.666897,0.5252337,-0.4354391,0.26709515,-1.239583,-0.4112503,-0.041846853,-0.88903856,1.6783737,-0.34106907,1.1014402,-0.81288004,-0.6755365,0.5883292,-0.9741014,-0.67933005,0.68317926,2.0651567,0.07960163,0.4877302,0.45441857,0.41459006,-0.35510382,-1.0935614,1.5429325,0.14620055,2.296793,0.33605343,-0.16419938,1.6009241,-0.23443511,0.71751314,0.3058891,0.18572772,1.8443699,-0.36884588,-0.73679864,-0.53400075,-0.4047188,-0.27372304,-0.19084008,0.3351943,0.045658685,-0.5045718,-0.015171563,0.78721523,0.39510953,-1.5158861,-0.67624825,1.0909379,1.4046576,0.9722538,1.8343236,-0.13371766,-0.3268577,-2.094516,0.5721299,1.1895897,0.58219665,0.17829129,-1.9604824,0.056634475,0.8860754,0.552536,-1.6078174,-1.653459,1.2921607,0.29565385,0.62222236,1.320736,-0.88269293,-1.7314758,-0.47465163,0.66756976,0.22254702,-0.9737528,-0.65027225,0.42560712,-0.57367647,0.9221746,0.29730612,0.8795646,-0.19219649,-0.69052047,0.79459256,0.06379975,-1.2621292,0.28902256,-0.2840263,0.3746496,-1.7565696,-0.8389548,0.078249834,-1.9471292,1.4922631,-0.27847528,-0.45003223,-0.81530076,-0.067239136,-0.5332114,-0.25943893,0.41589975,-0.8115204,-0.2548786,0.92497236,-1.9263601,-1.2741969,0.86330426,1.2252778,-0.31051642,0.45290527,0.51993364,0.6137843,0.36792588,-0.4549009,-0.7685455,-0.18210182,-0.117766045,-0.44635153,-0.17051321,-1.292547,0.02963518,0.63804644,-0.53490055,-1.6838335,1.1261564,1.0954449,-2.301116,-0.65436745,-0.48671708,0.0016489506,1.0213653,0.66237295,0.39683554,-0.26973042,-0.07603522,-0.133825,-0.09981338,0.62354857,-0.6956299,-0.32010335,0.50344765,-0.5793301,0.43556347,1.6481911,-0.07823087,1.2540147,1.3235501,0.5373967,-0.2003582,0.77461386,-0.6380807,-0.18015882,0.49463767,-1.2492934,-0.67208755,1.1495337,-0.48100242,-0.70686424,-0.091521814,0.7161196,-0.539336,0.28094143,0.8344924,2.1150925,1.5160108,0.7660476,1.7093242,-0.40770683,0.010056038,-0.756628,0.44340372,-1.3952454,-0.5733932,-0.3492735,0.72706646,1.9677017,-0.4189124,0.5523757,0.78536147,-1.4066083,-0.9301939,0.26149502,0.2000834,0.12860312,-0.6152178,-0.07504592,-1.2258613,0.056979347,-2.4070122,-0.14438954,0.6350114,0.93708515,-0.57901376,-0.2520947,1.1179165,0.042536248,-1.0456817,0.21884403,0.56564265,1.9543555,0.0047629476,-0.35308444,0.27103335,-0.99901974,-1.6847465,-0.56616044,-0.9939891,-0.31878632,0.18438277,0.048241477,-0.3009984,-1.2463268,-1.247825,1.2534771,0.6070881,-0.31302804,0.503297,-1.2020718,1.3771819,-0.57709515,-0.96928805,1.8815626,0.5440136,-1.3781908,0.44894677,-1.6638601,1.0636234,-0.27948558,0.88793945,1.6374958,0.18792574,-0.7643657,1.402292,-0.30640432,0.40282184,-0.8331844,0.45985085,-0.83096856,0.30468,-2.1918879,0.96718264,-1.1957686,-0.55668247,-0.19229874,0.5933926,-0.72959876,-0.3619278,-0.16301295,0.047189094,0.59832305,-1.5277562,0.6171527,1.6850166,-0.16122344,-0.74342394,0.7638556,-0.12594838,-0.22224896,-0.16668999,2.6396196,0.27859434,0.7535248,-1.2658451,-0.80094707,1.2172573,-0.5118488,-1.6053718,-0.557281,-0.0110295415,0.09730482,-0.19133708,-0.073688045,0.2675492,-0.17281054,0.11448376,0.9147326,-1.3530495,0.2372959,0.31971076,-0.18794915,-0.7298402,-0.98676443,1.019235,0.14354385,-0.5061989,0.91971874,0.57350963,1.8496937,1.2692297,-0.6400481,-0.5874212,0.3946684,0.509358,0.712028,-1.0556023,-1.2713549,0.85833853,1.1403174,-0.31676906,1.0104678,0.045852438,0.28582102,-2.0950751,1.266755,0.18200275,0.08388092,1.2076697,-0.4899004,-0.44467932,0.73373616,-0.2062293,0.36114067,-0.8322449,0.1391811,-0.1825062,-0.291213,-0.883331,-0.7034296,-0.39882013,0.6012452,0.45550394,0.32514054,-1.4212172,0.8010715,0.040987223,0.67131025,-0.20706503,0.17327116,-1.5755113,-0.9846638,-0.5854112,1.716308,0.8704688,0.6135942,-1.0442531,0.18636408,1.7534319,0.89800406,-0.47980127,-0.08047206,-0.11152103,-0.33580327,0.059939973,-0.88459855,-0.17719388,1.0841988,0.33063522,-1.0205518,1.1432412,-2.185354,0.61141366,-0.12807462,-1.8468657,0.13593057,0.041941702,0.094139256,2.2335746,1.7336686,0.009477282,-0.68918943,0.5328274,1.0146078,-0.79534274,0.5254628,-0.96743214,1.1805043,1.6778332,0.56335545,-1.5175006,-0.06276758,0.53877354,-0.012476238,1.1458205,-1.1575947,-0.36481488,-0.5807444,-0.134654,-1.3053788,-1.4777267,-0.4943191,0.070963934,-1.4193087,0.38901538,-1.2404407,-1.3875529,0.34501898,-0.92116416,0.3005256,-0.0985168,1.2841992,0.28947887,0.4092041,-0.19291887,-0.9256135,-0.31975853,-0.4853798,-0.96700823,0.15030876,-0.19944035,0.601503,0.12584522,0.7612325,2.0735676,0.640018,-0.6792501,0.6188691,0.061798096,0.1547763,0.16041791,-1.2062696,-0.024259323,0.6079512,0.39694223,0.74875736,-1.0903628,-0.35518223,-0.78823406,0.89796335,0.15960126,0.33898002,-0.14535451,0.4734489,1.364943,1.0572221,0.66435975,,,,,,,,,,,,,,,,,,,,,,,,,,,,,,,,,,,,,,,,,,,,,,,,,,,,,,,,,,,,,,,,,,,,,,,,,,,,,,,,,,,,,,,,,,,,,,,,,,,,,,,,,,,,,,,,,,,,,,,,,,,,,,,,,,,,,,,,,,,,,,,,,,,,,,,,,,,,,,,,,,,,,,,,,,,,,,,,,,,,,,,,,,,,,,,,,,,,,,,,,,,,,,,,,,,,,,,,,,,,,,,,,,,,,,,,,,,,,,,,,,,,,,,,,,,,,,,,,,,,,,,,,,,,,,,,,,,,,,,,,,,,,,,,,,,,,,,,,,,,,,,,,,,,,,,,,,,,,,,,,,,,,,,,,,,,,,,,,,,,,,,,,,,,,,,,,,,,,,,,,,,,,,,,,,,,,,,,,,,,,,,,,,,,,,,,,,,,,,,,,,,,,,,,,,,,,,,,,,,,,,,,,,,,,,,,,,,,,,,,,,,,,,,,,,,,,,,,,,,,,,,,,,,,,,,,,,,,,,,,,,,,,,,,,,,,,,,,,,,,,,,,,,,,,,,,,,,,,,,,,,,,,,,,,,,,,,,,,,,,,,,,,,,,,,,,,,,,,,,,,,,,,,,,,,,,,,,,,,,,,,,,,,,,,,,,,,,,,,,,,,,,,,,,,,,,,,,,,,,,,,,,,,,,,,,,,,,,,,,,,,,,,,,,,,,,,,,,,,,,,,,,,,,,,,,,,,,,,,,,,,,,,,,,,,,,,,,,,,,,,,,,,,,,,,,,,,,,,,,,,,,,,,,,,,,,,,,,,,,,,,,,,,,,,,,,,,,,,,,,,,,,,,,,,
ル,0.3267319798469543,0.504282534122467,0.3891793489456177,-0.644690990447998,0.2492967098951339,0.391729325056076,0.4885049760341644,0.0353201478719711,-0.295425534248352,-0.2600056529045105,0.4705418050289154,-0.4227430522441864,-0.4308756291866302,0.1589376181364059,0.3833131790161133,-0.1555226296186447,0.6771259307861328,-0.0070297834463417,-0.3241260945796966,-0.3549616932868957,-0.0278582032769918,-0.4655970633029938,-0.2775838077068329,0.5848970413208008,0.1186504065990448,-0.0684032440185546,-0.2162544131278991,0.0265272781252861,-0.2166880667209625,-0.4534425437450409,-0.5388060808181763,-0.4368718266487121,-0.2406570315361023,-0.0648179501295089,0.276409238576889,0.0543523505330085,-0.416244775056839,-0.1365386098623275,-0.1512780487537384,-0.1801581680774688,0.0069831199944019,-0.1989595890045166,-0.3204800486564636,0.0230019781738519,-0.4740468263626098,0.6393707394599915,-0.0073666828684508,0.4136851131916046,0.4353609383106231,-0.4213240146636963,-0.3094359338283539,0.289673388004303,0.3110057413578033,0.0382635742425918,0.4445213377475738,0.2003601044416427,0.6658976674079895,-0.4736901521682739,-0.2465175837278366,0.2811830639839172,-0.5472894310951233,-0.0253186244517564,0.5460535883903503,0.349573403596878,0.046179860830307,-0.2740751504898071,-0.2959727942943573,0.2039665430784225,-0.4295756816864013,-0.1771292686462402,-0.0226788148283958,0.1842251867055893,-0.1287569254636764,0.1752234548330307,1.0723930597305298,-0.0710352510213851,0.361193984746933,-0.1056608483195304,0.2930122315883636,-0.4511431157588959,-0.1169870719313621,0.2361347377300262,-0.1731827557086944,-0.7000932693481445,0.2416944503784179,0.4530516862869262,-0.184717372059822,-0.9327515363693236,0.1683125644922256,-0.2972277700901031,0.1019080281257629,0.1785274595022201,0.3188952505588531,-0.1510434448719024,0.2095098942518234,-0.5624170899391174,0.071826659142971,0.1156753599643707,-0.0019789640791714,0.1879253983497619,0.1076056584715843,0.0365924350917339,0.0773095712065696,-0.2180373072624206,-0.3064020574092865,-0.0419833473861217,-0.0543883815407753,0.0971352979540824,-0.1505163311958313,0.2135598510503769,-0.1776060312986374,-0.5533260703086853,-0.3114620149135589,0.1915563493967056,-0.1114105656743049,0.0397476218640804,0.1841901242733001,0.5035329461097717,-0.0344909764826297,0.6821163892745972,0.147258311510086,0.3250342309474945,0.0981586426496505,-0.3296723663806915,0.0727170556783676,-0.0620832107961177,0.1228261888027191,0.179835706949234,-0.2774180173873901,-0.074716679751873,-0.3984164297580719,0.2520693242549896,-0.2921371459960937,-0.3765508532524109,-0.6780340671539307,0.6243751645088196,-0.1838598102331161,-0.1403094679117202,-0.680529773235321,0.0007872059359215,-0.3262399137020111,0.4352965354919433,0.2223626375198364,-0.3203668892383575,0.3129109740257263,-0.0346749126911163,-0.3262746036052704,-0.4348961412906647,0.1461231559514999,0.3253750205039978,-0.1087788566946983,1.305041790008545,-0.8493898510932922,-0.0352116897702217,-0.0678188949823379,0.2587876915931701,-0.2110901474952697,-0.1314795911312103,0.2126944810152053,0.4045405387878418,0.4589438438415527,-0.4968355000019073,0.4671243727207184,0.762880802154541,0.1037597581744194,0.5101765394210815,0.4030967354774475,0.2913702428340912,0.3247058689594269,1.1106821298599243,0.4403388202190399,0.3149027824401855,-0.1746834516525268,-0.4148858189582824,0.2988938987255096,0.3918623030185699,0.2478193044662475,0.0748790353536605,0.3699105083942413,-0.6064022183418274,-0.1216680407524108,0.207931712269783,-0.2407763004302978,-0.215098425745964,-0.0199975483119487,-0.236678197979927,-0.2011442929506302,-0.4585068225860595,-0.4124470353126526,-0.0369753390550613,0.1035453081130981,-0.2105586528778076,0.2108959108591079,-0.5588843822479248,-0.153098851442337,-0.0092740580439567,-0.315667450428009,0.0164822563529014,-0.4316007494926452,0.1987726837396621,-0.1619186401367187,-0.0065610553137958,0.1626398861408233,-0.6173220276832581,-0.7654948830604553,-0.0158118456602096,0.4284592270851135,0.5024276971817017,0.3075867295265198,0.4950095415115356,-0.3036954998970032,-0.0054140617139637,0.0475791729986667,0.1158722341060638,0.1027875319123268,0.3564533293247223,-0.7489498853683472,-0.4544898569583893,0.0612788349390029,-0.3921308219432831,0.704927384853363,0.2117279767990112,0.478976309299469,0.0747089385986328,-0.3110966384410858,0.0881793275475502,-0.0790814012289047,-0.4825069606304168,0.0320451147854328,0.1151748076081276,-0.2791180312633514,-0.1340673714876175,-1.1665174961090088,-0.3765600025653839,-0.4259424209594726,0.187160313129425,0.1213842332363128,0.6426771879196167,-0.1291950792074203,0.5154077410697937,0.2109417021274566,-0.3010673522949219,0.3367121815681457,-0.0737029463052749,-0.0221858900040388,0.0571483336389064,0.1766414046287536,-0.0318243876099586,-0.0835957154631614,-0.0046967309899628,-0.4829332232475281,-0.2986761033535003,0.1204177588224411,-0.096907652914524,0.4430013298988342,0.4860514998435974,-0.0046140705235302,-0.1711658239364624,0.0125350384041666,-0.3149752020835876,-0.4689663350582123,-0.5819075107574463,0.0002409204025752,0.1060202419757843,0.0616700090467929,0.1227379739284515,0.2092468589544296,-0.7467853426933289,-0.3344900012016296,-0.5020788311958313,0.229773536324501,-0.1828431934118271,-0.1581522077322006,-0.013825655914843,-0.6248232126235962,0.0394642390310764,0.0344801805913448,0.2151777148246765,-0.5918433666229248,0.3020890057086944,-0.3633238077163696,0.1191168576478958,-0.4950653910636902,0.1323170363903045,-0.0689977928996086,-0.3021509051322937,-0.4408633112907409,-0.1590704917907714,-0.4249633848667145,0.2704673409461975,0.0207506604492664,-0.6475901007652283,0.1805578172206878,0.3039320707321167,-0.2253986448049545,0.1784315109252929,-0.0056885783560574,0.0843304693698883,-0.2874521613121032,0.1659282147884369,0.2623980939388275,0.2792764604091644,0.2436927407979965,-0.1092260181903839,-0.2078377902507782,-0.3585308790206909,-0.148477241396904,-0.1495766192674636,0.5844904780387878,-0.9987764954566956,-0.2214705944061279,1.2479735612869265,-0.7758281826972961,0.0665553957223892,0.0045615681447088,0.813340425491333,-1.761072278022766,-0.1873277574777603,0.0281074680387973,-0.0907032415270805,-0.3177246451377868,1.0065730810165403,0.1290562748908996,0.1617098152637481,-0.1409191340208053,-0.2126087248325348,0.5713610053062439,0.3174176514148712,-0.4547329843044281,-0.3359846770763397,-0.0021418263204395,-0.0830781087279319,0.3133994042873382,-0.8415486216545105,0.269359827041626,0.4748408794403076,-0.1113406345248222,-0.0563197769224643,0.1997775882482528,-0.322866290807724,-0.0741044133901596,0.1755832284688949,0.1077265068888664,0.2823744416236877,-0.4987630248069763,-0.188886821269989,0.4283036589622497,0.8307878375053406,0.7468206286430359,0.7617159485816956,-0.2234761118888855,0.0543698854744434,0.6194729804992676,0.3152368664741516,0.647981584072113,-0.3520143926143646,0.0005843696417286,-0.289363145828247,0.58577960729599,0.0854745060205459,-0.1188040375709533,0.4101342260837555,0.5229565501213074,0.293756753206253,-0.1009606942534446,0.0768756493926048,0.9074493050575256,0.3311062157154083,0.255146861076355,0.269178181886673,0.1543388813734054,0.2703054845333099,0.1075630933046341,-0.33624467253685,0.1270171701908111,-0.3424801230430603,-0.0244117584079504,-0.1972653269767761,-0.200936809182167,-0.2870866060256958,-0.6078546643257141,-0.0719562694430351,0.0895940661430358,-0.7981278896331787,-0.0107164662331342,-0.4852672815322876,-0.6455111503601074,-0.2486627846956253,-0.1731563359498977,-0.7422149181365967,0.1068806946277618,0.7675581574440002,0.3430756330490112,-0.4887702763080597,-0.2028398513793945,0.1150262802839279,-0.2654612064361572,-0.0778926163911819,-0.1300008594989776,0.1266610622406005,-0.2747055292129516,0.2506229281425476,-0.47366863489151,-0.454752117395401,-0.6353906989097595,-0.2739436328411102,-0.7019457817077637,-0.0465927496552467,0.0159214623272418,0.5708001255989075,-0.1236029043793678,-0.1026419326663017,-0.1213594824075698,-0.389390617609024,-0.2697679996490478,-0.3769181966781616,-0.5609708428382874,0.0775345340371131,0.4289674162864685,0.5754312872886658,0.496806800365448,0.513799250125885,0.1437530517578125,0.225522980093956,-0.2153615057468414,0.100604623556137,-0.2551022171974182,-0.5030132532119751,0.5300812125205994,-0.0444314815104007,0.3157464563846588,0.1196122169494628,-0.1533194631338119,0.6169959902763367,0.1200296878814697,-0.4377939999103546,0.0147731797769665,0.5540763139724731,-0.2375573366880417,0.3867173194885254,0.0738726258277893,0.9268486499786376,0.0752368420362472,0.4006178379058838,0.0721965283155441,-0.3297509551048279,0.2454726696014404,-0.0969294235110282,-0.3826265335083008,-0.0927560925483703,-0.0997589826583862,0.5404260754585266,0.5491176843643188,-0.0390110909938812,0.224794715642929,0.448674201965332,-0.3622162640094757,0.0187327340245246,0.1122161820530891,0.1531114131212234,-0.3659898638725281,-0.4390119314193725,-0.2144922763109207,0.1196262016892433,-0.8909561634063721,-0.209301546216011,0.2322250306606292,-0.0040029347874224,0.0986885353922844,0.0086712418124079,-0.4359364509582519,-0.3386326134204864,-0.8251433372497559,0.0996816083788871,0.1340792626142501,0.4725130200386047,0.3636029660701751,-0.51699298620224,-0.7288557291030884,0.5992422103881836,-0.3299131989479065,0.4728330671787262,-0.0762687996029853,-0.350804328918457,-0.6304427981376648,0.7653645277023315,0.0229078754782676,0.1178648471832275,0.3792878091335296,0.3151600360870361,-0.1227108538150787,-0.462264746427536,-0.1619949489831924,-0.2019966393709182,0.1037320494651794,-0.1361646801233291,0.4494776427745819,0.2585809230804443,-0.7056407332420349,-0.76743084192276,-0.2513591051101684,-0.2874118983745575,0.4968950152397156,-0.5697029232978821,0.339332640171051,-0.3406864404678345,0.3861749768257141,0.2856632769107818,0.5926978588104248,-0.1450183093547821,0.2671835124492645,0.6667153239250183,0.724128782749176,-0.1697767525911331,-0.0523705743253231,-0.1099754944443702,-0.0011484316783025,-0.1357564479112625,0.6046919226646423,-0.0798500701785087,-0.008443709462881,-0.1238091066479682,-0.8375066518783569,0.1677598059177398,-0.0895283818244934,-0.8037627935409546,0.7500090003013611,0.4310073852539062,0.0456083044409751,-0.3191115856170654,-0.0979274064302444,-0.8494911789894104,0.2522884905338287,0.2028941512107849,0.0811270251870155,0.0439445450901985,-0.6024342775344849,0.2184132933616638,-0.1976793259382248,-0.5514538288116455,0.3235717713832855,0.3739212155342102,-0.4451651573181152,-0.1253710091114044,0.28300940990448,0.3402640521526336,-0.2056640535593032,-0.0801890864968299,-0.3719019293785095,-0.0533611662685871,0.524002194404602,0.152753934264183,0.4569866955280304,0.708453893661499,0.0394307859241962,-0.0613542422652244,0.3606171011924743,0.4170361459255218,0.1632057428359985,-0.1810569763183593,0.1012683510780334,-0.1802436411380767,-0.6118770241737366,0.1879178583621978,0.2436230629682541,0.2829311788082123,-0.030719781294465,0.2523505389690399,0.7462795972824097,-0.4738180637359619,0.0379580743610858,0.4380264282226562,0.201602429151535,0.8641093969345093,-0.3401079177856445,0.0631332844495773,-0.5161869525909424,0.1041406393051147,0.0428745634853839,-0.1054497510194778,0.141892671585083,-0.0321596153080463,-0.3341409862041473,-0.5866129398345947,-0.038739513605833,0.4336657226085663,0.1068255230784416,0.8300034999847412,0.3175491988658905,-0.3696500957012176,0.6411426067352295,0.1251225620508194,-0.238680213689804,-0.1703198403120041,-0.1426229923963546,0.1360370367765426,0.5619893074035645,0.2192840129137039,0.6944481134414673,-0.5882658362388611,-1.0026215314865112,0.006992554757744,-0.2116232365369796,-0.1053381785750389,0.3487311005592346,-0.7125884890556335,-0.1822008639574051,0.3164593279361725,-0.210497498512268,-0.2970026731491089,-0.0677070468664169,-0.8756309151649475,0.1947965919971466,0.2422448992729187,-0.4073378443717956,-0.2278879433870315,-0.1371562778949737,0.3729032576084137,-0.023781668394804,-0.2348287552595138,0.0500561147928237,0.7955353260040283,-0.1886819303035736,-0.4642846584320068,0.1191840767860412,0.1427996754646301,0.130125030875206,0.100260429084301,0.0597211942076683,-0.683070719242096,-0.0700760334730148,-0.1741533726453781,-0.3724754750728607,-0.0252495259046554,0.2463886737823486,0.1751758754253387,0.267403244972229,-0.2065415829420089,-0.354124516248703,-0.25865039229393,-0.1415382027626037,0.1057116687297821,-0.5515578985214233,-0.0818513482809066,-0.1274208575487136,0.067889928817749,-0.0141771370545029,0.0427816957235336,-0.0644277855753898,-0.1679948568344116,-0.6305610537528992,0.1862228214740753,-0.9479663372039796,-0.2207952141761779,0.4355023503303528,0.0418233089148998,-0.1436243802309036,-0.944079041481018,0.3095574378967285,0.0753363743424415,0.4859519898891449,-0.0591470524668693,0.3895473480224609,-0.1722027957439422,0.4495869576931,0.2307757884263992,-0.4454110860824585,0.3099581003189087,-10.271347045898438,-0.2254373282194137,-0.6124522686004639,-0.3556426465511322,0.2084318399429321,0.1765032112598419,0.7559671998023987,0.0992186889052391,-0.4085058271884918,0.0534823797643184,0.339387983083725,0.7454551458358765,0.5641279816627502,0.799053966999054,-0.8186019659042358,-0.2134899646043777,-0.3583584725856781,-0.2594962418079376,-0.0355873592197895,-0.2031535506248474,0.2094049453735351,-0.4164888560771942,0.7312559485435486,0.6766772866249084,-0.4954853355884552,-0.2237013429403305,-0.497884452342987,0.329694926738739,0.0586513727903366,0.7140833139419556,-0.4454948008060455,0.6512873768806458,0.0133997332304716,0.4293562173843384,-0.0811167433857917,-0.09075728058815,-0.1363884508609771,0.5629774928092957,-0.3571276664733886,0.643925666809082,0.160020962357521,0.7590019106864929,-0.279123455286026,-0.3061985373497009,0.0805494040250778,0.4457494914531708,0.5086052417755127,0.4723740220069885,0.6940380930900574,0.2740190029144287,0.1002665534615516,-0.1793662011623382,-0.2128323167562484,0.0730151161551475,0.1171372979879379,0.1139796897768974,0.9575792551040648,0.0290617011487483,0.2050649374723434,0.3395489454269409,0.6473352313041687,-0.3669528067111969,0.3318167328834533,0.7136003375053406,-0.1391368061304092,0.0332276076078414,0.2186232954263687,0.4464263617992401,-0.3211424648761749,-0.1140047535300254,0.189930185675621,0.5199828743934631,-0.2167618423700332,0.2228578925132751,-0.6123327016830444,0.2954936325550079,0.0284136030822992,-0.1343257576227188,0.0520612411201,0.6001419425010681,0.446128636598587,-0.2191944718360901,-0.2631876468658447,0.2700689136981964,-0.6663702726364136,-0.1921061277389526,-0.1096558570861816,0.1401856690645218,0.4271815717220306,-0.6189101934432983,0.3425246775150299,0.1055577546358108,-0.4600609242916107,0.1795538067817688,0.6915600299835205,-0.3033600151538849,0.1349276304244995,0.1071744114160537,0.1366688162088394,0.0002114886592607,-1.2597371,-0.509863,0.7267731,0.7755694,-1.359812,-0.13400932,-1.6018481,1.1414901,1.4128715,0.22468887,0.7200835,0.20221782,-1.2727861,2.334331,-0.81137824,0.17690974,1.4217498,-1.0583353,0.13707966,-0.03829119,0.8177443,0.37176266,0.6286495,-1.2460657,0.85309774,0.66330254,0.822126,-0.5939362,-0.5300548,-0.2844308,0.27933943,-0.61260605,-1.1451408,-0.62310433,0.23195021,-0.76833636,-1.9759183,1.2047993,-0.15943284,-0.10619425,-1.2540154,0.9449305,0.031890493,-0.076015845,-0.8318099,-0.24593809,1.6647851,-0.6325918,0.95514786,-0.6499359,-1.0302682,-0.2856951,0.72010785,1.1325682,0.1709155,-0.4569202,0.67628163,0.92269254,-0.20965733,-0.3098865,0.47803226,0.7191107,-0.6770937,-0.11999747,0.56618536,0.84303355,-0.14052963,0.11464662,-0.037836302,-0.026832156,-1.8486241,-1.4361119,-0.2056894,1.2487768,-1.7570144,0.9080131,-0.08851732,-1.0222708,0.4683112,-0.15867613,0.5081871,-0.24719617,-0.9382477,1.3963807,-0.68925136,-0.631591,-0.6624497,-0.45241255,-1.2775937,-0.25712246,-0.6810249,-1.7663008,-1.0736312,-1.3666412,1.8532026,0.28696278,-0.7920958,-1.0016767,-1.5175748,-0.17975646,-0.05686093,1.3190718,0.47330487,-0.059629604,-0.9612253,-0.44657147,-0.6148975,-0.20919758,-0.147402,0.71527183,0.16321959,0.6832642,0.7891649,1.3925452,0.7458609,1.1078286,-0.98498684,-0.6681656,-0.5327342,0.9607261,1.7062421,0.20004733,-0.7795973,0.19281639,-0.30010188,1.0483072,0.24441487,-0.8615032,0.32335344,0.4868207,0.6054766,-0.38135004,1.7978749,0.47030142,-1.1286073,-0.7387601,-0.50555676,0.26834604,1.1849998,-1.0457164,-0.2886883,0.6569626,-0.36368024,-0.39888203,0.41630378,-0.96483105,-0.11812772,0.9704669,1.7649986,0.057841316,-0.2696584,0.54171324,-1.4389566,0.39318046,1.2217718,-0.20440112,-0.24073315,0.63773537,-0.9834152,0.99850106,-0.62623453,1.5709242,-0.6445841,0.63664144,-0.37080118,1.0838174,-0.7156875,0.700221,-1.1541824,-2.4151814,-0.53655744,0.1770632,0.4567863,-0.17386526,0.5798504,-0.43857664,0.2942133,0.30099648,-1.3980664,-0.2211873,1.0754895,0.75116515,-0.14479901,1.3964514,-0.118634544,0.6881647,1.0526483,0.7046601,0.46890008,-0.0019224153,1.350028,-0.42755523,0.688343,0.5578388,0.6924412,3.1508775,0.7140758,-1.3104109,-1.5951716,1.1827066,-2.3546574,-0.30744612,0.851294,-1.2803305,0.96627545,-1.0140315,-0.97991276,1.8576922,0.71421206,-0.1460141,-1.2864126,-1.1530623,0.92511815,0.701158,-0.6582168,0.47370306,-1.3889419,0.2517221,-0.77801543,-0.18107422,0.9663143,0.9856011,0.5401888,0.7811105,-1.288431,0.4827417,-0.14506476,-0.11082095,0.052579973,1.0708194,-0.83988845,0.53207517,0.5199719,0.19877096,-0.34086716,0.45749173,-0.074892364,0.59904414,-0.37852865,0.254234,0.7301685,-0.5857832,0.56761956,-0.072196774,0.11079635,0.7146733,1.2805963,0.14766942,-1.9263365,-0.50959396,0.21997307,1.1555439,-0.12784909,0.58369166,0.39141873,0.88416266,-0.5283573,-0.06860921,-0.32044238,-0.63066334,-0.26407373,0.3348209,0.3668095,0.05867258,0.21273077,-0.723974,-0.6091976,0.122141875,-0.016598562,-0.69603896,-1.1444346,-0.72286624,-0.8640797,0.38687292,0.5156537,0.46511734,-0.7401326,-1.0961889,-0.22918643,0.93012595,0.49107653,-1.8744475,-0.53010774,-0.17147313,-1.0218827,0.31129324,-0.21546821,-0.12307885,0.2725036,0.4766289,-1.5770553,0.98536617,-0.42271712,1.2909385,1.3199592,0.30417842,1.4735147,-0.56662536,0.3929446,-0.23563252,0.7310876,0.29115474,-1.5762054,0.57674223,-0.7409388,-0.42332968,1.004103,-1.4655132,-0.40130678,-1.3408736,0.21394297,-0.56597906,-1.3155558,1.840656,-2.0962846,1.5102446,-1.8240988,-0.44669977,-0.31659046,-0.9597097,-1.3308363,0.40729392,0.35746846,-0.08934069,0.22701502,0.2759806,0.3878736,0.38823494,0.2480517,1.6556737,-0.055808604,0.5843336,-0.8350055,-1.3186145,-0.43150127,0.27588573,-1.4126356,-0.940018,-1.1649386,-0.10867737,0.2745897,-0.743621,-0.83539206,0.596813,-0.420116,0.5483629,-1.3563445,-0.7641099,0.019791264,-1.1071322,1.3729486,-0.61130595,1.4957604,-1.053865,-0.32999516,0.63819677,-0.9335488,-0.44771707,0.07991258,2.0165732,0.4904366,0.31650794,0.35790408,0.60874474,-0.29834175,-0.82909954,1.709792,0.1264657,2.0238721,-0.09895339,-0.45761734,1.8045875,-0.39498556,1.001631,-0.04338214,0.02102789,1.3943982,-0.35914537,-0.387138,-0.3212473,-0.20326477,-0.2527595,0.046541154,0.55059165,0.29766554,-0.13667315,0.37099433,0.5995727,-0.025230736,-1.3116068,-0.4867267,0.85560274,1.0789247,1.248553,1.5794979,-0.04237659,-0.50709844,-1.676024,0.6290293,1.0796851,0.81682575,0.3087145,-1.7091761,0.71671057,0.2531764,0.11701785,-1.5891721,-1.8397574,1.6929388,1.0906957,0.34855616,1.3660594,-1.1223106,-1.5626738,-0.70934856,-0.07656324,-0.40432388,-0.61282605,-1.0121793,0.45010677,-0.16202968,0.78981006,0.79456306,1.0326228,-0.08648438,-0.63880503,0.4390053,0.11620927,-0.7926549,0.10045535,-0.40055907,0.40763086,-1.7377601,-0.29097688,0.5713794,-1.9628315,1.1746389,-0.33193877,0.24569546,-0.029489748,-0.33540693,-0.44649675,-0.2937898,0.083884515,-0.81525016,-0.1291866,0.6790887,-1.8702412,-1.577676,1.0187775,0.9479735,-0.65616214,0.3310207,0.35448515,0.062143378,0.7100121,-0.2711021,-0.5174404,-0.22062744,-0.061110787,-0.09207484,-0.7856397,-1.3273454,-0.15851337,0.4454713,-0.8285153,-1.3178048,0.9432821,0.63934565,-1.7320546,-0.93524826,-0.113524064,-0.42181265,0.7878804,0.744618,-0.03669811,-0.9597751,-0.6068602,-0.22264872,-0.024825161,0.28559414,-0.20183386,0.0069803298,0.5235861,-0.6018674,0.25154167,1.8453822,0.1263141,1.1412476,1.4888358,0.2557885,-0.1341316,0.66893303,-0.73983806,-0.18937606,0.47990116,-0.86841196,-0.70630234,1.5157729,-0.25893533,-0.8910163,0.29558748,0.5320329,-0.55753255,0.3062274,0.28711522,1.0506886,1.6534866,0.8895727,1.605223,-0.08985441,-0.12732686,-0.8415915,0.80051345,-1.5020775,-0.87069964,-0.2882303,0.7528097,2.346576,-0.60714215,0.34687984,1.4297843,-1.0825276,-1.2402072,0.3363497,0.34644455,0.169959,-0.7929055,0.27253306,-1.2892303,0.16599804,-2.3012218,-0.33482382,0.8590616,1.0463554,-0.4901842,0.055759795,1.0464808,0.25894666,-0.68002474,0.13099574,0.5115899,1.9744544,-0.012194041,-0.96092767,0.38890353,-0.48153317,-1.4715209,-0.119134456,-0.74162215,-0.73773944,0.06579363,-0.30254102,-0.04718673,-0.4465367,-0.52180815,1.5635408,0.14444932,-0.21241565,0.61433816,-1.9980931,1.2728548,0.041220758,-0.5480808,1.6753399,0.7972214,-1.380195,0.9560869,-1.6880416,1.3429513,-0.5034487,0.7171417,1.1962247,0.52660626,-0.8919664,1.6326169,-0.34398514,0.076037854,-0.2610761,0.4324202,-0.90304875,-0.2112515,-1.9556917,1.4087919,-1.6289245,-0.77437866,-0.05070423,0.7282331,-0.48063388,0.30654445,-0.96347547,0.2901838,0.26612937,-1.3425908,0.70753926,1.7918339,-0.30937836,-1.1829944,0.69286555,0.49006325,-0.19479497,0.047980964,2.2970421,0.1366411,0.697544,-1.1544659,-0.9654586,1.0999316,-0.5998899,-1.2818627,-0.32775617,-0.233944,0.08672982,-0.123287864,-0.44341314,0.39120457,-0.378406,0.631816,1.040269,-0.6999705,-0.43864682,0.15759791,-0.18710423,-0.89050335,-1.2714192,0.70883626,0.48839003,-0.35608912,0.7447005,0.71185267,1.7235918,0.87857276,-0.7483597,-0.6448196,0.9892539,0.6320601,0.9209705,-1.3517137,-1.6191986,0.5082385,1.0842162,-0.22730868,0.4362349,-0.17319024,-0.27144694,-1.8204856,0.82227254,0.045218322,-0.1981325,1.3984741,0.10503157,-0.26232067,1.000787,-0.20384666,0.28575334,-0.45601332,-0.33620465,-0.16210882,-0.12063727,-0.86024094,0.0022037427,-0.3688949,0.6561726,-0.13688074,0.3797404,-1.738988,0.8239849,0.37024793,0.097615905,0.20616403,0.10904043,-1.4821285,-0.64368576,-0.6070883,1.3379785,1.1520106,-0.029061437,-1.2887384,-0.43035483,1.4597263,0.3273035,-0.17897253,-0.12509249,0.20114698,-0.6265161,-0.16436625,-1.2921332,-0.29017177,0.6703037,0.44745418,-1.2329897,1.3326758,-1.7672801,0.7156479,-0.28828117,-1.130604,0.091324374,0.14571263,-0.26710546,2.329896,1.6875001,-0.09602141,-0.30090564,0.66454726,0.8386643,-0.84878546,-0.06826145,-1.122343,0.96414113,1.4976697,0.55646116,-1.390336,-0.2726472,0.6163468,-0.26980883,1.4856439,-0.69384533,-0.58162415,-0.6746449,-0.07127487,-0.82445496,-1.0032986,-0.5489905,0.27952403,-1.2549014,0.7667663,-0.6274628,-1.1587415,0.49148995,-0.8698642,0.36255965,-0.20181932,1.0716695,1.0434238,0.42920125,0.66831136,-0.6705975,-0.26381108,-0.96117234,-0.70664257,0.39074624,-0.633912,0.49426112,0.43437812,0.77657986,2.0501773,0.005763812,-1.2782593,0.63895756,0.109353215,0.81614155,0.052093234,-1.1497743,-0.1781279,0.053435702,0.48826632,0.7651944,-1.1855912,-0.42366,-0.27603012,0.3959549,0.13141316,0.31175336,0.13032041,0.8211756,1.468865,0.4780657,0.3298577,,,,,,,,,,,,,,,,,,,,,,,,,,,,,,,,,,,,,,,,,,,,,,,,,,,,,,,,,,,,,,,,,,,,,,,,,,,,,,,,,,,,,,,,,,,,,,,,,,,,,,,,,,,,,,,,,,,,,,,,,,,,,,,,,,,,,,,,,,,,,,,,,,,,,,,,,,,,,,,,,,,,,,,,,,,,,,,,,,,,,,,,,,,,,,,,,,,,,,,,,,,,,,,,,,,,,,,,,,,,,,,,,,,,,,,,,,,,,,,,,,,,,,,,,,,,,,,,,,,,,,,,,,,,,,,,,,,,,,,,,,,,,,,,,,,,,,,,,,,,,,,,,,,,,,,,,,,,,,,,,,,,,,,,,,,,,,,,,,,,,,,,,,,,,,,,,,,,,,,,,,,,,,,,,,,,,,,,,,,,,,,,,,,,,,,,,,,,,,,,,,,,,,,,,,,,,,,,,,,,,,,,,,,,,,,,,,,,,,,,,,,,,,,,,,,,,,,,,,,,,,,,,,,,,,,,,,,,,,,,,,,,,,,,,,,,,,,,,,,,,,,,,,,,,,,,,,,,,,,,,,,,,,,,,,,,,,,,,,,,,,,,,,,,,,,,,,,,,,,,,,,,,,,,,,,,,,,,,,,,,,,,,,,,,,,,,,,,,,,,,,,,,,,,,,,,,,,,,,,,,,,,,,,,,,,,,,,,,,,,,,,,,,,,,,,,,,,,,,,,,,,,,,,,,,,,,,,,,,,,,,,,,,,,,,,,,,,,,,,,,,,,,,,,,,,,,,,,,,,,,,,,,,,,,,,,,,,,,,,,,,,,,,,,,,,,,,,,,,,,,,,,,,,,,
